layers/wordclim/past/Iberia_lig_10_ascii/bio_4.asc
ncols         166
nrows         94
xllcorner     -9.4959440078468
yllcorner     36.000324005443
cellsize      0.083333337679505
NODATA_value  -9999
[rows 0 to 30 of 94, columns 0 to 68 of 166]
-9999 -9999 -9999 -9999 -9999 -9999 -9999 -9999 -9999 -9999 -9999 -9999 -9999 -9999 -9999 -9999 -9999 -9999 -9999 4427 -9999 4520.875 4501 -9999 -9999 -9999 -9999 -9999 -9999 -9999 -9999 -9999 -9999 -9999 -9999 -9999 -9999 -9999 -9999 -9999 -9999 -9999 -9999 -9999 -9999 -9999 -9999 -9999 -9999 -9999 -9999 -9999 -9999 -9999 -9999 -9999 -9999 -9999 -9999 -9999 -9999 -9999 -9999 -9999 -9999 -9999 -9999 -9999 -9999
-9999 -9999 -9999 -9999 -9999 -9999 -9999 -9999 -9999 -9999 -9999 -9999 -9999 -9999 -9999 -9999 -9999 4346.902 4492.069 4431.507 4518.97 4577.614 4614.435 4688.682 4699.208 4738.75 -9999 -9999 -9999 -9999 -9999 -9999 -9999 -9999 -9999 -9999 -9999 -9999 -9999 -9999 -9999 -9999 -9999 -9999 -9999 -9999 -9999 -9999 -9999 -9999 -9999 -9999 -9999 -9999 -9999 -9999 -9999 -9999 -9999 -9999 -9999 -9999 -9999 -9999 -9999 -9999 -9999 -9999 -9999
-9999 -9999 -9999 -9999 -9999 -9999 -9999 -9999 -9999 -9999 -9999 -9999 -9999 -9999 -9999 4227.533 4312.621 4381.631 4485.51 4507.06 4638.06 4711.51 4700.828 4829.23 4867.28 4860.887 4873.708 -9999 -9999 -9999 -9999 -9999 -9999 -9999 -9999 -9999 -9999 -9999 -9999 5043 -9999 5006 4984.444 4963.031 4965.058 -9999 -9999 -9999 -9999 -9999 -9999 -9999 -9999 -9999 -9999 -9999 -9999 -9999 -9999 -9999 -9999 -9999 -9999 -9999 -9999 -9999 -9999 -9999 -9999
-9999 -9999 -9999 -9999 -9999 -9999 -9999 -9999 -9999 -9999 -9999 -9999 -9999 -9999 4205.315 4253.284 4342.586 4429.57 4539.1 4659.41 4769.87 4819.57 4854.18 4973.99 4915.27 4923.98 4971.558 5020.443 5075.324 5070.036 5095.925 5126.81 5177.855 5148.675 5216.304 5184.015 5193.027 5221.472 5216.795 5165.866 5128.551 5087.071 5047.636 5033.8 5048.65 5039.52 5069.344 5131.833 5182.237 5169.196 5216.931 -9999 -9999 -9999 -9999 -9999 -9999 -9999 -9999 -9999 -9999 -9999 -9999 -9999 -9999 -9999 -9999 -9999 -9999
-9999 -9999 -9999 -9999 -9999 -9999 -9999 -9999 -9999 -9999 -9999 -9999 -9999 -9999 4231.34 4291.797 4437.222 4584.33 4676.78 4719.61 4835.63 4951.08 5040.12 5116.32 5094.81 5076.13 5079.71 5174.01 5161.48 5197.475 5304.58 5374.7 5404.98 5340.22 5493.99 5411.15 5360.06 5396.92 5493.03 5301.92 5218.596 5235.66 5203.44 5150.85 5141.19 5167.03 5281.58 5341.29 5266.01 5320.12 5383.6 5466.461 5384.731 5386.034 5402.54 5388.029 5384.842 -9999 -9999 -9999 -9999 -9999 -9999 -9999 5290.857 5256.5 5227.178 5182.274 5166.463
-9999 -9999 -9999 -9999 -9999 -9999 -9999 4057 -9999 -9999 -9999 -9999 4158.417 4174.645 4274.911 4378 4499.01 4639.01 4733.74 4833.58 4888.15 4968.72 5043.25 5158.57 5194.16 5253.46 5274.64 5267.4 5335.14 5460.52 5580.53 5563.08 5517 5589.97 5655.91 5554.42 5651.49 5729.73 5560.07 5428.81 5376.62 5280.05 5251.28 5272.56 5264.27 5303.55 5383.04 5421.11 5461.79 5483.56 5517.24 5458.27 5477.65 5588.99 5616.3 5665.92 5751.34 5633.213 5562.556 5486.123 5449.312 5428.359 5439.833 5443.253 5390.602 5335.76 5325.59 5302.61 5334.51
-9999 -9999 -9999 -9999 -9999 -9999 4038.778 4051.387 4106.203 4187.173 4209.662 4250.205 4272.94 4285.374 4354.77 4438.89 4581.1 4703.41 4838.06 4894.44 4953.11 5013.15 5099.55 5166.41 5251.13 5320.7 5379.58 5397.48 5551.22 5624.89 5665.53 5599.33 5680.27 5834.97 5850.77 5754.53 5693.53 5705.65 5793.73 5706.64 5718.58 5693.95 5594.18 5468.55 5470.99 5517.26 5622.3 5808.74 5868.13 5780.91 5932.62 5826.67 5747.25 5929.38 6034.82 5975.5 5875.85 5947.09 5781.97 5800.79 5689.86 5707.48 5653.18 5607.56 5629.4 5547.95 5526.9 5526.32 5649.11
-9999 -9999 -9999 3942 3970.143 4025.316 4093.89 4135.99 4185.35 4226.15 4325.21 4483.53 4511.9 4517.77 4507.91 4578.01 4700.64 4789.84 4884.56 4951.79 5033.33 5095.7 5176.9 5236.12 5317.52 5407.2 5500.16 5552.99 5641.33 5722.14 5735.13 5723.63 5885.51 5973.94 5924.55 5885.48 5920.33 6069.32 6044.51 6086.9 6122.56 5936.9 6217.62 5938.6 5724.63 5959.78 6046.31 5986.53 6071.01 6122.86 6321.64 6168.33 6154.62 6328.04 6540.31 6396.14 6479.29 6439.15 6070.88 6162.79 6059.97 5946.74 5890.68 5965.57 5872.45 5763.15 5826.83 5833.27 5853
-9999 -9999 -9999 3926.963 3996.839 4098.01 4154.43 4274.38 4364.54 4422.73 4541.41 4600.14 4636.03 4696 4701.83 4749.86 4809.03 4867.48 4951.41 5020.12 5111.4 5173.34 5256.39 5333.65 5431.88 5524.1 5623.54 5679.37 5803.79 5839.48 5898.74 5888.79 6002.31 6080.68 6067.49 6081.16 6193.68 6288.39 6225.28 6336.82 6292.19 6378.39 6269.49 6285.11 6135.93 6267.59 6306.21 6337.45 6469.26 6491.95 6457.09 6506.49 6530.59 6435.98 6562.71 6605.41 6540.13 6301.61 6145.55 6225.13 6466.56 6322.21 6252.82 6234.24 6216.23 6018.82 6181.01 6066.56 6123.93
-9999 -9999 3942.923 3983.794 4069.05 4186.89 4258.74 4358.31 4440.9 4534.7 4604.52 4689.9 4716.53 4781.78 4806.13 4815.34 4847.05 4929.94 5046.08 5110.51 5179.78 5274.69 5360.12 5454.2 5551.93 5639.49 5743.81 5833.6 5862.82 5937.28 5953.06 6013.33 6140.99 6209.32 6226.32 6303.08 6344.43 6435.09 6464.25 6510.17 6557.14 6579.84 6612.89 6527.8 6462.76 6648.83 6669.85 6646.92 6685.39 6709.52 6674 6691.62 6652.35 6614.82 6663.83 6669.69 6725.64 6675.33 6613.93 6525.31 6573.15 6672.94 6602.24 6475.57 6428.61 6401.01 6416.68 6383.06 6410.17
-9999 -9999 3932.625 3998.8 4138.202 4224.01 4310.97 4400.5 4469.04 4565.88 4657.32 4744.57 4835.2 4899 4893.62 4875.83 4902.82 4982.76 5082.47 5194.72 5266.55 5386.97 5476.31 5549.24 5639.8 5719.21 5841.45 5913.89 5989.56 6020.18 6091.09 6188.75 6236.59 6306.85 6373.53 6424.98 6485.42 6513.09 6563.71 6609.5 6640.76 6668.89 6705.12 6734.98 6748.28 6770.97 6781.63 6781.77 6793.61 6794.73 6737.77 6768.66 6749.09 6715.26 6700.8 6746.94 6799.55 6805.68 6775.35 6697.33 6648.09 6769.37 6720 6566.1 6534.85 6516.46 6507.05 6518.47 6521.22
-9999 -9999 3912.25 -9999 4108 4260.07 4330.44 4388.05 4500.89 4544.01 4607.97 4803.69 4952.79 4946.47 4959.29 4948.42 4974.97 5004.96 5115.13 5240.6 5365.62 5475.38 5569.58 5659.13 5738.77 5835.93 5932.98 6021.76 6072.04 6156.77 6242.78 6308.23 6360.93 6422.99 6474.33 6522.15 6577.34 6613.63 6657.16 6701.36 6728.28 6767.51 6802.42 6842.98 6857.89 6882.65 6893.6 6896.17 6897.54 6867.69 6845.99 6860.13 6816.99 6839.87 6805.02 6837.89 6834.17 6825.39 6814.62 6738.19 6694.68 6688.74 6676.46 6652.89 6656.9 6641.11 6672.94 6621 6635.58
-9999 -9999 -9999 -9999 4105.675 4170.156 4248.667 4324.473 4569.56 4585.92 4651.04 4742.25 4889.73 4944.08 4993.3 4999.18 5015.98 5089.61 5231.63 5334.07 5465.38 5576.02 5680.96 5776.5 5868.32 5946.35 6045.66 6123.94 6197.17 6278.35 6340.44 6382.2 6458.18 6531.63 6575.42 6630.71 6674.72 6702.85 6749.66 6786.68 6843.34 6891.54 6926.86 6968.33 6991.88 7013.06 7014.88 7007.45 7003.25 6972.3 6956.4 6935.84 6897.93 6905.58 6861.86 6883.93 6881.06 6841.54 6829.64 6821.73 6795.31 6759.42 6738.99 6738.63 6771.87 6733.4 6741.69 6790.13 6766.38
-9999 -9999 -9999 -9999 4072 4203.118 4376.065 4389.17 4505.86 4536.9 4684.04 4834.24 4926.8 5035.06 5068.07 5093.01 5149.19 5224.13 5359.67 5475.57 5578.44 5699.55 5788.54 5879.73 5980.74 6060.08 6131.15 6204.19 6276.29 6353.32 6436.25 6490.94 6586.67 6653.31 6705.3 6760.07 6786.55 6830.75 6875.02 6915.29 6955.98 6990.01 7045.54 7089.52 7123.52 7156.42 7156.98 7141.72 7129.95 7058.68 7068.72 7013.48 6995.54 6962.02 6954.28 6966.42 6949.36 6919.88 6890.01 6899.01 6850.51 6860.36 6850.02 6881.47 6894.49 6904.14 6906.63 6913.96 6906.39
-9999 -9999 -9999 -9999 -9999 4168.898 4310.138 4315.475 4441.222 4599.5 4708.79 4885.03 5018.92 5089.27 5150.64 5193.99 5272.54 5370.22 5472.85 5591.54 5703.58 5820.6 5897.56 6002.41 6101.69 6158.79 6217.02 6295.95 6358.8 6414.36 6526 6608.28 6689.48 6752.61 6828.91 6877.72 6906.04 6939.4 6973.29 7020.84 7066.81 7105.19 7158.95 7201.47 7249.51 7303.59 7297.53 7263.15 7210.27 7164.07 7147.13 7093.68 7098.14 7039.86 7051.01 7044.3 7014.52 7001.55 6965.22 6968.61 6942.84 6925.21 6934.17 6976.72 6990.6 7019.23 7025.12 7045.84 7075.3
-9999 -9999 -9999 -9999 -9999 4153.486 4180.684 4316.5 4434.807 4545.31 4732.84 4908.4 5050.23 5144.89 5217.14 5306.07 5389.69 5482.9 5578.71 5692.26 5810.08 5946.41 6038.17 6145.87 6208.77 6259.18 6322.4 6385.42 6431.45 6506.02 6604.8 6710.86 6771.35 6828.96 6926.48 6991.23 6981.12 7004.79 7040.87 7107.74 7159.12 7197.52 7251.97 7280.69 7344.12 7397.41 7393.42 7324.54 7282.33 7263.36 7224.6 7208.2 7180.74 7124.84 7126.17 7121.3 7086.66 7085.71 7062.03 7034.8 7045.12 7025.82 7019.17 7031.73 7064.69 7092.08 7134.66 7182.71 7190.67
-9999 -9999 -9999 -9999 -9999 4147 4263 4328.188 4456.837 4641.371 4714.88 4913.2 5097.21 5203.77 5289.52 5412.4 5520.54 5649.17 5763.55 5868.23 5980.65 6066.87 6172.8 6242.59 6277.43 6340.79 6404.05 6473.86 6516.9 6608.95 6679.39 6792.06 6856.9 6907.84 6916.87 6981.39 6992.17 7026.41 7135.76 7201.39 7243 7275.82 7323.74 7352.19 7406.6 7436.46 7431.18 7381.79 7363.53 7340.86 7311.41 7297.2 7258.95 7204.95 7207.6 7210.39 7175.41 7146.9 7130.09 7124.78 7119.53 7115.23 7124.77 7150.05 7175.77 7199.42 7245.8 7282.93 7301.82
-9999 -9999 -9999 -9999 -9999 -9999 4245 4363 4423.069 4634.691 4745.398 4931.47 5120.83 5247.94 5363.22 5513.97 5686.27 5823.75 5987.57 6138.21 6185.77 6091.05 6150.33 6249.54 6338.35 6364.96 6438.88 6554.43 6627.37 6646.43 6717.64 6826.16 6844.6 6895.07 6977.74 6952.76 6984.3 7081.67 7205.07 7274.66 7312.78 7354.4 7377.82 7409.45 7441.66 7471.94 7475.26 7445.9 7438.85 7413.43 7389.97 7369.8 7322.24 7291.83 7288.71 7280.09 7256.33 7225.8 7221.46 7208.89 7209.75 7209.09 7224.41 7236.4 7264.41 7307.97 7354.84 7384.51 7419.24
-9999 -9999 -9999 -9999 -9999 -9999 -9999 4360 4455.192 4650.576 4751.347 4972.6 5157.74 5291.87 5402.49 5570.02 5760.35 5925.39 6014.53 6230.36 6261.29 6185.85 6244.71 6227.72 6303.48 6374.65 6434.71 6589.97 6681 6704.44 6729.39 6779.58 6836.48 6897.97 6994.24 7090.27 7114.07 7127.49 7232.39 7326.96 7373.22 7410.17 7436.03 7468.02 7495.14 7505.65 7514.15 7488.42 7509.22 7498.3 7464.44 7429.67 7395.83 7379.62 7362.28 7344.99 7329.11 7310.17 7293.94 7296.04 7300.6 7305.6 7316.97 7338.48 7375.68 7425.71 7450.11 7482.23 7531.15
-9999 -9999 -9999 -9999 -9999 -9999 -9999 4260 4474.882 4620.198 4789.25 4952.54 5126.81 5331.12 5475.9 5635.14 5799.44 5952.66 6073.96 6138.1 6206.98 6252.15 6332.9 6290.71 6305.24 6370.57 6433.39 6567.3 6715.07 6730.05 6770.97 6782.51 6810.94 6888.52 6990.65 7044.06 7124.49 7227.53 7305.26 7379.47 7426.55 7458.93 7496.51 7522.29 7528.24 7549.04 7548.97 7535.03 7565.55 7549.57 7528.63 7495.03 7469.9 7457.09 7437.26 7418.36 7402.8 7394.63 7391.63 7382.32 7381.9 7402.66 7412 7442.1 7488.4 7501.54 7532.64 7577.47 7623.64
-9999 -9999 -9999 -9999 -9999 -9999 -9999 4397.576 4471.791 4731.68 4755.14 4942.05 5122.79 5350.45 5520.76 5660.61 5775.04 5824.8 5969.67 6060.9 6152.27 6293.99 6346.37 6383.17 6396.25 6437.74 6531.96 6648.35 6741.27 6756.24 6787.32 6808.9 6887.43 7024.31 7128.3 7178.8 7246.49 7307.63 7372.34 7424.32 7465.72 7503.96 7540.86 7562.4 7571.71 7589.95 7586.96 7598.38 7599.7 7582.56 7573.52 7558.86 7551.06 7536.36 7504.38 7500.54 7477.92 7470.3 7469.53 7453.49 7479.78 7504.21 7514.52 7541.76 7557.59 7592.98 7619 7657.77 7689.05
-9999 -9999 -9999 -9999 -9999 -9999 -9999 4516.667 4617.85 4669.67 4775.64 4950.41 5164.67 5349.54 5528.63 5590.58 5678.23 5788.63 5940.39 6096.06 6211.46 6319.49 6401.81 6427.1 6569.81 6566.3 6618.98 6714.63 6752.77 6806.09 6840.16 6889.13 6951.99 7098.62 7169.49 7234.52 7297.41 7353.31 7406.42 7461.02 7506.23 7544.2 7573.55 7596.58 7620.34 7626.76 7628.49 7640.2 7636.36 7638.6 7622.43 7619.18 7623.96 7602.54 7605.59 7584.06 7565.69 7554.23 7541.06 7536.07 7569.34 7580.12 7593.61 7623.6 7650.01 7674.65 7706.15 7743.97 7776.46
-9999 -9999 -9999 -9999 -9999 -9999 -9999 4481.033 4498.62 4660.57 4840.39 5120.33 5240.69 5402.17 5518.45 5638.82 5775.61 5915.53 6010.14 6034.03 6107.66 6256.07 6363.49 6499.64 6646.49 6658.1 6698.51 6788.25 6829.61 6879.09 6931.87 6986.04 7022.64 7133.92 7206.44 7265.98 7325.8 7379.76 7440.29 7492.17 7538.76 7576.75 7607.93 7623.88 7650.84 7671.99 7678.73 7682.53 7682.62 7680.08 7674.78 7682.45 7675.54 7674.12 7682.19 7672.23 7655.77 7657.4 7657.35 7634.39 7643.01 7662.01 7680 7711.03 7747.7 7784.89 7802.39 7829 7849.57
-9999 -9999 -9999 -9999 -9999 -9999 -9999 4411.788 4527.307 4758.14 4891.18 5130.68 5207.43 5377.29 5547.22 5697.1 5838.05 5880.6 5927.05 6023.56 6110.1 6221.47 6426.29 6533.84 6679.9 6700.03 6728.25 6829.14 6890.74 6922.17 6976.28 7044.82 7093.2 7153.51 7225.82 7291.87 7350.47 7415.99 7469.78 7521.07 7565.82 7604.6 7644.45 7675.8 7700.29 7708.1 7718.3 7715.95 7721.62 7725.39 7730.78 7732.96 7734.04 7739.36 7750.13 7755.81 7757.77 7755.21 7748.14 7731.88 7741.68 7748.25 7777.96 7804.37 7836.25 7855.57 7876.52 7901.24 7930.79
-9999 -9999 -9999 -9999 -9999 -9999 -9999 4424.628 4577.34 4784.33 4811.14 5019.39 5168.46 5356.75 5549.6 5674.66 5772.93 5850.03 5997.83 6061.22 6168.68 6270.54 6409.72 6564.48 6700.48 6736.39 6760.59 6872.96 6924.72 6975.32 7017.11 7066.41 7123.54 7182.15 7248.86 7324.95 7371.79 7451.86 7505.25 7556.84 7589.64 7644.65 7673.98 7692.96 7732.27 7750.66 7759.07 7760.74 7787.52 7791.12 7779.19 7788.7 7796.62 7825.03 7839.25 7834.81 7836.55 7836.16 7825.5 7818.83 7823.67 7839.85 7861.58 7883.9 7910.36 7932.76 7960.85 7979.53 8010.82
-9999 -9999 -9999 -9999 -9999 -9999 -9999 4430.44 4508.767 4651.204 4847.76 5043.07 5230.05 5357.25 5550 5699.62 5822.68 5966.24 6039.64 6113.64 6202.39 6359.03 6516.8 6636.85 6697.83 6734.57 6825.46 6912.95 6964.5 7013.73 7053.94 7092.27 7155.74 7212.81 7276.27 7354.13 7410.9 7486.15 7538.4 7583.65 7622.95 7677.92 7712.53 7739.21 7772.79 7789.74 7805.44 7817.41 7818.18 7821.75 7841.69 7856.37 7872.65 7889.96 7894.65 7913.12 7925.09 7918.65 7918.55 7906.91 7909.54 7921.6 7938.74 7966 7988.28 8011.83 8032.79 8064.98 8078.87
-9999 -9999 -9999 -9999 -9999 -9999 -9999 -9999 4493.947 4667.05 4834.31 4989.05 5104.63 5294.13 5491.3 5705.21 5850.2 5937.93 6033.55 6176.33 6333.27 6437.63 6567.86 6663.41 6664.44 6799.31 6873.75 6936.78 6988.91 7047.62 7093.53 7138.86 7196.3 7251.16 7314 7380.81 7444.9 7514.85 7565.67 7611.61 7662.51 7710.61 7750.16 7776.75 7799.04 7831.72 7843.46 7849.71 7857.95 7874.66 7890.18 7902.77 7914.88 7934.5 7958.29 7977.82 7996.17 7996.86 7997.97 7980.26 7985.94 7997.93 8015.83 8041.2 8058.43 8090.7 8102.95 8125.33 8144.65
-9999 -9999 -9999 -9999 -9999 -9999 -9999 -9999 4517 4648.59 4781.3 4955.07 5119.72 5356.84 5505.21 5678.04 5855.49 5998.33 6113.94 6236.74 6377.69 6428.64 6551.77 6594.37 6711.86 6833.02 6891.19 6934.91 7010.57 7085.11 7140.86 7184.9 7238.55 7286.01 7349.56 7411.35 7472.94 7542.12 7595.84 7646.35 7697.24 7751.2 7781.49 7807.85 7838.32 7855.64 7860.4 7873.76 7894.13 7911.27 7927.04 7938.03 7963.58 7980.12 8002.77 8022.4 8043.65 8052.48 8050.52 8043.87 8056.23 8069.34 8085.23 8111.9 8135.4 8157.27 8177.86 8194.81 8217.57
-9999 -9999 -9999 -9999 -9999 -9999 -9999 -9999 4485.938 4608.65 4794.7 4955.37 5156.33 5303.38 5487.8 5679.25 5861.44 6006.06 6111.69 6266.65 6334.99 6428.39 6532.09 6664.63 6785.63 6849.55 6918.4 6966.56 7042.58 7104.17 7143.78 7214.1 7273.43 7322.89 7382.43 7442.48 7498.53 7567.53 7623.48 7679.53 7724.43 7771.35 7810.77 7842.07 7866.59 7884.77 7888.67 7910.52 7920.7 7936.6 7950.26 7971.87 7995.33 8014.95 8050.86 8071.03 8084.09 8092.98 8102.11 8109.19 8121.59 8135.39 8145.52 8180.1 8199.64 8223.38 8244.21 8248.8 8238.22
-9999 -9999 -9999 -9999 -9999 -9999 -9999 -9999 4474.944 4585.212 4750.06 4926.69 5100.46 5293.8 5496.24 5653.94 5862.95 5997.36 6119.98 6272.22 6293.84 6501.73 6597.28 6691.32 6808.97 6868.59 6928.8 6993.16 7072.93 7121.72 7191.74 7247.35 7305.77 7363.96 7426.49 7478.44 7541.99 7598.11 7662.74 7711.44 7753.83 7801.31 7841.89 7864.45 7892.13 7896.62 7920.34 7932.6 7947.24 7959.33 7973.47 8000.63 8025.38 8059.28 8077.08 8091.33 8120.21 8139.07 8147.75 8176.47 8188.45 8202.98 8218.27 8254.62 8268.6 8293.13 8315.02 8307.27 8300.66
-9999 -9999 -9999 -9999 -9999 -9999 -9999 -9999 -9999 4574.532 4754.91 4937.21 5153.52 5360.97 5499.4 5632.26 5810.62 5934.99 6149.94 6257.56 6421.52 6570.21 6645.93 6744.21 6811.97 6880.37 6951.53 7028.23 7075.75 7138.74 7215.44 7272.56 7342.79 7395.42 7461.84 7510.65 7564.86 7628.63 7689.85 7737.54 7784.65 7824.73 7859.28 7887.35 7904.53 7919.12 7947.65 7946.85 7955.63 7969.76 7991 8018.08 8052.55 8071.66 8097.67 8131.07 8167.09 8172.61 8203.04 8218.8 8236.79 8261.93 8292.78 8316.45 8336.18 8362.62 8372.72 8379.31 8386.11
