layers/wordclim/past/Iberia_lig_10_ascii/bio_12.asc
ncols         166
nrows         94
xllcorner     -9.4959440078468
yllcorner     36.000324005443
cellsize      0.083333337679505
NODATA_value  -9999
[rows 32 to 63 of 94, columns 73 to 145 of 166]
646.29 674.26 625.59 634.31 610.18 588.43 576.62 555.06 550.79 580.5 587.05 585.96 591.68 596.62 602.55 596.84 572.07 552.16 541.35 524.94 533.42 535.8 518.89 478.93 493.49 501.32 519.88 518.82 495 479.32 464.74 470.96 487.73 454.26 430.88 437.7 439.58 442.13 448.88 467.21 462.47 475.91 493.92 495.04 520.78 545.15 575.27 544.7 530.52 548.45 601.36 651.88 606.18 590.85 587.1 584.5679 595.5849 590.775 590.3333 -9999 -9999 -9999 -9999 -9999 -9999 -9999 -9999 -9999 -9999 -9999 -9999 -9999 -9999
621.23 577.57 586.95 600.44 550.73 544.03 545.65 542.52 560.61 571.81 584.98 591.51 589.46 609.53 623.79 612.77 582.81 599.75 583 562.13 541.55 533.96 538.25 538.09 481.18 512.1 534.87 582.82 546.9 500.63 482 476.87 475.04 464.99 462.27 473.36 467.13 465.58 463.57 473.06 494.16 515.26 520.58 531.04 551.98 561.4 576.31 560.94 539.29 606.87 649.7 634.75 588.3239 583.2963 584.647 586.6667 -9999 -9999 -9999 -9999 -9999 -9999 -9999 -9999 -9999 -9999 -9999 -9999 -9999 -9999 -9999 -9999 -9999
586.57 550.98 547.88 541.72 532.26 516.32 527.26 538.22 560.04 577.91 579.16 577.05 582.06 583.46 597.74 611.25 611.89 597.88 574.73 556.32 548.47 542.01 516.74 513.47 511.49 484.37 523.72 582.08 591.32 549.11 520.82 496.2 467.35 475.03 487.94 505.03 494.85 485.85 478.98 494.93 529.95 540.22 542.55 566.2 569.7 595.55 561.68 585.39 609.74 622.03 632.05 621.42 580 -9999 -9999 -9999 -9999 -9999 -9999 -9999 -9999 -9999 -9999 -9999 -9999 -9999 -9999 -9999 -9999 -9999 -9999 -9999 -9999
529.14 537.78 526.24 509.63 515.78 532.3 554.75 563.18 558.18 562.03 569.64 579.01 585.37 560.63 581.1 581.86 603.73 567.88 570.79 576.97 564.69 554.76 531.92 522.9 498.46 484.05 520 540.18 564.21 533.48 538.28 524.27 510.55 509.93 529.55 520.38 520.57 510.28 500.65 542.79 569.44 566.09 568.89 590.85 626.13 628.69 573.49 587.44 642.4 611.1818 592.8043 -9999 -9999 -9999 -9999 -9999 -9999 -9999 -9999 -9999 -9999 -9999 -9999 -9999 -9999 -9999 -9999 -9999 -9999 -9999 -9999 -9999 -9999
539.03 531.41 512.4 493.7 511.33 546.26 553.8 554.51 540.03 542.35 573.14 574.77 560.79 567.49 577.82 572.39 576.42 579.07 578.48 568.04 583.99 584.6 557.14 513.91 492.33 506.39 573.35 584.14 575.22 575.35 583.81 572.57 588.04 597.96 580.71 571.18 557.15 517.28 538.9 547.76 588.13 586.78 622.42 655.97 703.56 629.11 579.78 586.52 600.02 585.338 588.125 -9999 -9999 -9999 -9999 -9999 -9999 -9999 -9999 -9999 -9999 -9999 -9999 -9999 -9999 -9999 -9999 -9999 -9999 -9999 -9999 -9999 -9999
525.75 524.5 497.97 503.65 546.08 545.39 548.01 565.93 530.78 511.67 517.8 533.77 564.7 612.01 625.05 631.02 607.03 608.09 621.13 609.12 618.99 598.63 597.05 535.34 496.41 528.15 592.07 571.62 574.5 594.16 612.45 611.89 593.69 605.75 592.12 581.69 551.87 554.47 562.75 595.89 636.64 650.47 691.49 661.95 646.22 597.23 587.68 585.64 578.7732 583.1828 587.8953 589.8696 -9999 -9999 -9999 -9999 -9999 -9999 -9999 -9999 -9999 -9999 -9999 -9999 -9999 -9999 -9999 -9999 -9999 -9999 -9999 -9999 -9999
517.66 514.27 490.93 524.52 534.22 530.48 556.35 565.51 522.83 537.42 559.62 582.71 584.72 600 621.7 636.93 638.97 634.95 636.01 648.16 676.24 630.49 626.35 584.58 526.25 500.58 570.5 563.14 546.69 562.22 609.47 612.04 630.69 645.96 641.08 660.2 603.74 586.94 578.22 606.98 644.96 644.16 633.51 605.23 584.43 586.18 595.83 614.9255 578.5961 582 586 -9999 -9999 -9999 -9999 -9999 -9999 -9999 -9999 -9999 -9999 -9999 -9999 -9999 -9999 -9999 -9999 -9999 -9999 -9999 -9999 -9999 -9999
513.21 500.77 522.73 536.14 516.67 538.72 554.81 543.56 514.15 545.71 548.79 554.96 544.98 555.59 578.38 608.96 633.55 688.76 677.96 693.38 714.34 676.02 643.21 611.88 548 497.89 529.09 558.03 525.21 572.74 669 625.97 651.68 685.24 699.46 732.09 654.18 629.99 610.79 623.81 648.94 625.11 606.53 577.89 577.23 575.44 579.32 583.7826 578.4167 579.75 -9999 -9999 -9999 -9999 -9999 -9999 -9999 -9999 -9999 -9999 -9999 -9999 -9999 -9999 -9999 -9999 -9999 -9999 -9999 -9999 -9999 -9999 -9999
515.69 530.02 540.72 528.67 530.2 547.55 540.07 517.74 510.9 519.34 507.23 517.56 523.58 563.24 580.18 616.4 645.12 671.95 699.99 696.91 719.07 698.27 648.79 599.01 557.28 511.83 516.59 542.53 522.9 622.69 654.97 668.49 706.83 774.32 767.09 738.12 722.01 661.83 649.6 645.57 640.06 592.64 575.73 574.65 573.64 561.78 561.5 -9999 -9999 -9999 -9999 -9999 -9999 -9999 -9999 -9999 -9999 -9999 -9999 -9999 -9999 -9999 -9999 -9999 -9999 -9999 -9999 -9999 -9999 -9999 -9999 -9999 -9999
532.5 542.33 537.55 519.88 530.7 524.02 500.91 513.46 505.3 541.58 552.74 525.07 550.48 553.89 569.58 584.72 640.12 657.49 687.37 706.67 710.21 671.23 621.4 607.47 591.86 532.75 501.85 488.63 534.99 616.16 625.36 656.15 707.88 795.54 790.58 743.1 698.05 643.53 595.61 601.48 588.23 574.69 558.26 579.92 570.75 561.1807 550 -9999 -9999 -9999 -9999 -9999 -9999 -9999 -9999 -9999 -9999 -9999 -9999 -9999 -9999 -9999 -9999 -9999 -9999 -9999 -9999 -9999 -9999 -9999 -9999 -9999 -9999
537.34 535.04 525.11 530.2 523.19 501.34 516.79 538.23 515.66 526.56 548.95 555.71 573.23 579.19 591.8 603.72 645.31 675.88 682.23 663.35 718.05 690.07 667.92 646.52 606.59 574.46 526.26 483.66 541.52 598.12 559.62 573.56 646.69 715.55 692.57 700.07 674.61 641.98 582.64 570.42 581.42 580.49 541.76 546.75 569.8415 559.1111 -9999 -9999 -9999 -9999 -9999 -9999 -9999 -9999 -9999 -9999 -9999 -9999 -9999 -9999 -9999 -9999 -9999 -9999 -9999 -9999 -9999 -9999 -9999 -9999 -9999 -9999 -9999
522.81 524.67 526.88 518.36 501.96 506.53 547.04 550.31 534.26 565.14 558.01 561.17 568.28 590.34 618.25 591.1 642.47 645.48 650.57 681.6 678.39 675.52 634.84 674.13 582.39 558.95 506.86 524.94 599.55 591.53 538.8 531.41 562.31 593.81 627.26 604.56 626.12 618.58 548.76 526.03 543.43 545.04 542.18 521.5921 524.5 -9999 -9999 -9999 -9999 -9999 -9999 -9999 -9999 -9999 -9999 -9999 -9999 -9999 -9999 -9999 -9999 -9999 -9999 -9999 -9999 -9999 -9999 -9999 -9999 -9999 -9999 -9999 -9999
534.78 527.53 511.01 496.49 504.23 522.84 553 559.13 554.01 570.32 578.1 581.1 600.99 602.01 600.23 602.58 638.08 653.33 659.51 644.18 639.38 618.61 621.44 630.55 575.81 499.54 513.82 585.73 709.66 689.35 589.46 539.52 538.09 539.21 543.07 567.31 565.53 558.85 538.98 517.7 535.14 543.83 523.3068 511 -9999 -9999 -9999 -9999 -9999 -9999 -9999 -9999 -9999 -9999 -9999 -9999 -9999 -9999 -9999 -9999 -9999 -9999 -9999 -9999 -9999 -9999 -9999 -9999 -9999 -9999 -9999 -9999 -9999
507.24 502.37 506.68 519.99 526.36 533.82 549.63 558.11 562.03 572.17 588.71 589.72 612.48 602.36 584.16 602.27 618.25 636.57 611.7 604.95 618.89 591.04 598.91 626.4 578.19 509.11 550.7 631.22 715.66 679.24 607.75 584.13 559.12 569.12 537.32 535.43 524.45 514.89 498.86 507.39 519.23 518.0298 522.2143 -9999 -9999 -9999 -9999 -9999 -9999 -9999 -9999 -9999 -9999 -9999 -9999 -9999 -9999 -9999 -9999 -9999 -9999 -9999 -9999 -9999 -9999 -9999 -9999 -9999 -9999 -9999 -9999 -9999 -9999
530.57 527.33 533.39 537.27 537.17 538.46 548.96 559.14 549.74 556.85 575.64 581.8 592.81 588.55 597.56 603.72 606.82 610.05 581.95 576.33 573.03 587.09 591.75 580.94 555.37 532.46 519.45 549.67 599.75 640.41 686.56 630.6 566.32 546.08 538.6 556.36 543.14 512.64 490.13 487.14 487.7526 492.3125 -9999 -9999 -9999 -9999 -9999 -9999 -9999 -9999 -9999 -9999 -9999 -9999 -9999 -9999 -9999 -9999 -9999 -9999 -9999 -9999 -9999 -9999 -9999 -9999 -9999 -9999 -9999 -9999 -9999 -9999 -9999
525.89 528.76 530.78 531.81 529.9 536.66 546.16 549.26 549.95 556.44 558.88 572.94 575.89 569.21 596.78 607.74 610.93 604.88 578.98 583.72 556.29 582.84 603.3 572.5 543.54 553.32 540.52 515.28 536.13 564.09 604.75 627.2 570.81 538.21 514.36 517.5 551.22 544.17 505.88 486.9495 489.2927 -9999 -9999 -9999 -9999 -9999 -9999 -9999 -9999 -9999 -9999 -9999 -9999 -9999 -9999 -9999 -9999 -9999 -9999 -9999 -9999 -9999 -9999 -9999 -9999 -9999 -9999 -9999 -9999 -9999 -9999 -9999 -9999
518.88 523.88 523.79 521.44 526.18 530.05 547.3 553.1 555.38 545.41 551.45 566.04 565.01 555 568.91 580.84 596.52 594.86 574.08 570.05 559.59 548.67 547.68 540.55 552.6 557.14 526.36 496.96 506.09 526.52 546.38 535.97 546.16 544.67 543.24 520.45 511.32 517 494.37 491.5682 -9999 -9999 -9999 -9999 -9999 -9999 -9999 -9999 -9999 -9999 -9999 -9999 -9999 -9999 -9999 -9999 -9999 -9999 -9999 -9999 -9999 -9999 -9999 -9999 -9999 -9999 -9999 -9999 -9999 -9999 -9999 -9999 607.875
520.15 517.76 518.59 519.1 523.75 526.52 538.12 541.99 551.61 541.98 551.66 566.02 560.1 543.03 547.14 570.95 580.05 578.4 571.98 559.35 542.28 522.88 518.94 532.67 570.28 535.82 531.01 519.42 499.58 481.36 488.45 490.6 488.79 494.62 515.63 545.49 522.65 504.21 494.8684 -9999 -9999 -9999 -9999 -9999 -9999 -9999 -9999 -9999 -9999 -9999 -9999 -9999 -9999 -9999 -9999 -9999 -9999 -9999 -9999 -9999 -9999 -9999 -9999 -9999 -9999 -9999 -9999 -9999 -9999 -9999 534.3333 627.7368 676.6
523.14 514.37 512.61 516.32 518.31 530.82 543.48 532.69 534.18 545.25 537.33 554.27 552.11 540.41 538.93 541.23 551.5 553.2 551.92 553.36 553.08 528.9 510.1 534.15 541.59 521 536.08 565.82 555.49 515.96 483.34 479.33 477.91 483.93 495.23 506.62 511.51 502.0745 499.4667 -9999 -9999 -9999 -9999 -9999 -9999 -9999 -9999 -9999 -9999 -9999 -9999 -9999 -9999 -9999 -9999 -9999 -9999 -9999 -9999 -9999 -9999 -9999 -9999 -9999 -9999 -9999 -9999 -9999 510 574.9259 620.5422 635.92 542.48
516.79 513.83 510.78 512.83 514.84 518.7 527.11 520.13 523.83 534.84 534.59 532.77 530.58 530.64 543.83 538.01 525.97 528.45 527.15 529.56 527.69 521.41 497.37 513.46 521.23 519.3 512.22 527.47 534.46 545.79 549.03 508.08 486.23 489.71 499.41 509.3 501.76 501.9348 -9999 -9999 -9999 -9999 -9999 -9999 -9999 -9999 -9999 -9999 -9999 -9999 -9999 -9999 -9999 -9999 -9999 -9999 -9999 -9999 -9999 -9999 -9999 -9999 -9999 -9999 -9999 -9999 -9999 -9999 531 521.7442 522.8846 545.9878 512.8108
514.97 511.89 514.4 520.31 513.91 511.17 514.42 513.12 513.12 515.29 514.9 520.89 518.08 528.33 536.04 518.32 515.53 516.09 516.89 510.88 511.52 500.95 478.22 494.19 501.67 494.8 491.89 504.09 529.11 540.54 545.59 520.26 498.14 497.95 502.95 507.52 506.98 506.8333 -9999 -9999 -9999 -9999 -9999 -9999 -9999 -9999 -9999 -9999 -9999 -9999 -9999 -9999 -9999 -9999 -9999 -9999 -9999 -9999 -9999 -9999 -9999 -9999 -9999 -9999 -9999 -9999 -9999 -9999 -9999 -9999 501.5385 506.5714 -9999
513.43 508.66 508.93 512.29 508.7 507.1 507.98 506.51 507.91 508.68 509.03 509.19 507.85 511.45 508.79 502.79 506.45 505.65 506.02 501.82 497.86 497.48 487.58 462.61 464.03 474.36 480.78 504.01 515.13 523.97 519.82 499.79 498.11 502.54 511.07 507.58 510.14 516.4706 -9999 -9999 -9999 -9999 -9999 -9999 -9999 -9999 -9999 -9999 -9999 -9999 -9999 -9999 -9999 -9999 -9999 -9999 -9999 -9999 -9999 -9999 -9999 -9999 -9999 -9999 -9999 -9999 -9999 -9999 -9999 -9999 -9999 -9999 -9999
512.3 508.22 507.9 508.25 507.07 507.21 506.29 507.3 508.18 509.04 506.4 507.35 505.51 503.58 502.37 500.64 494.64 493.34 491.92 488.36 489.44 487.73 491 494.64 489.65 481.22 481.26 488.43 505.56 521.62 508.37 520.02 528.06 505.21 509.87 508.58 513.21 522.7778 -9999 -9999 -9999 -9999 -9999 -9999 -9999 -9999 -9999 -9999 -9999 -9999 -9999 -9999 -9999 -9999 -9999 -9999 -9999 -9999 -9999 -9999 -9999 -9999 -9999 -9999 -9999 -9999 -9999 -9999 -9999 -9999 -9999 -9999 -9999
514.79 512.97 511.66 510.89 509.87 508.05 508.26 510.43 513.44 515.21 513.52 512.33 503.43 498.26 494.94 492.96 485.7 483.16 479.93 477.69 478.63 481.76 479.82 483.12 493.42 505.55 515.17 504.24 488.19 541.49 549.28 520.25 511.8 513.15 497.2 506.82 518.08 528.7576 541.0667 -9999 -9999 -9999 -9999 -9999 -9999 -9999 -9999 -9999 -9999 -9999 -9999 -9999 -9999 -9999 -9999 -9999 -9999 -9999 -9999 -9999 -9999 -9999 -9999 -9999 -9999 -9999 -9999 -9999 -9999 -9999 -9999 -9999 -9999
516.2 514.11 514.23 514.27 514.01 516.81 520 523.15 527.19 525.81 525.35 527.47 515.82 502.29 492.54 486.42 481.65 476.62 474.18 471.47 472.39 473.74 484.97 497.52 518.58 546.92 541.69 529.23 501.98 561.23 545.6 504.28 498.63 498.46 492.47 506.89 538.54 546.12 542.4667 -9999 -9999 -9999 -9999 -9999 -9999 -9999 -9999 -9999 -9999 -9999 -9999 -9999 -9999 -9999 -9999 -9999 -9999 -9999 521.0588 529.2963 523 -9999 -9999 -9999 -9999 -9999 -9999 -9999 -9999 -9999 -9999 -9999 -9999
518.2 520.95 523.49 524 527.68 535.57 548.67 550.13 549.76 548.9 542.73 547.7 538.45 516.69 494.86 483.79 477.33 472.62 469.54 468.79 477.18 498.3 513.01 537.02 560.51 580.86 559.2 538.78 517.76 563.39 549.38 524.39 505.2 494.93 496.75 510.83 554 569.77 556.3951 562 -9999 -9999 -9999 -9999 -9999 -9999 -9999 -9999 -9999 -9999 -9999 -9999 -9999 -9999 -9999 -9999 543.75 549.3929 532.31 531.8889 512.4667 -9999 -9999 -9999 -9999 -9999 -9999 -9999 -9999 -9999 -9999 -9999 -9999
526.11 531 540.3 544.13 552.24 555.08 547.39 555.2 559.88 565.38 568.2 571.68 556.54 527.23 501.23 485.96 476.38 470.27 468.88 475.84 505.48 528.15 534.14 555.9 557.2 542.6 538.24 535.82 548.69 583.87 559.01 533.25 515.73 505.8 512 524.35 560.02 582.72 564.25 572.0714 -9999 -9999 -9999 -9999 -9999 -9999 -9999 -9999 -9999 -9999 -9999 -9999 -9999 -9999 -9999 521.2941 527.963 532.75 515.9158 511.3214 -9999 -9999 -9999 -9999 -9999 -9999 -9999 -9999 -9999 -9999 -9999 -9999 -9999
532.8 537.02 544.34 549.54 552.18 563.8 563.61 557.38 563.03 563.38 564.57 569.02 562.34 536.36 513.43 492.8 481.73 472.2 477.53 487.59 500.84 516.23 527.19 534.85 533.74 531.67 530.12 523.03 530.37 554.01 545.17 521.17 533.78 530.69 515.05 529.99 562.79 586.42 592.41 589.22 603.6567 628.5625 647 -9999 -9999 -9999 -9999 -9999 -9999 -9999 -9999 -9999 -9999 -9999 -9999 541.2105 542.5637 509.3824 497.25 -9999 -9999 -9999 -9999 -9999 -9999 -9999 -9999 -9999 -9999 -9999 -9999 -9999 -9999
543.37 552.62 552.25 549.36 552.63 564.29 568.46 568.29 568.62 570.34 567.54 564.07 554.16 546.54 533.35 523.88 516.89 498.26 502.8 501.76 507.32 519.1 527.95 531.62 527.09 519.69 534.96 549.35 546.03 529.67 514.59 543.12 550.68 543.8 576.32 584.5 568.96 617.34 629.29 624.08 618.67 633.71 647.5258 639.8333 -9999 -9999 -9999 -9999 -9999 -9999 -9999 -9999 -9999 -9999 -9999 -9999 -9999 -9999 505.5 -9999 -9999 -9999 -9999 -9999 -9999 -9999 -9999 -9999 -9999 -9999 -9999 -9999 -9999
555.99 557.33 557.84 556.23 556.17 561.46 567.27 577.24 572.65 558.43 556.88 573.65 589.82 598.65 595.85 590.76 559.87 526.86 507.59 512.7 505.89 507.49 507.97 509.28 529.47 515.53 511.36 520.61 524.73 497.42 522.45 547.58 568.5 603.41 614.49 590.59 592.59 654.52 639.84 642.58 630.38 625.58 633.2169 642.9048 -9999 -9999 -9999 -9999 -9999 -9999 -9999 -9999 -9999 -9999 -9999 -9999 -9999 523.2759 519.1224 542.2667 -9999 -9999 -9999 -9999 -9999 -9999 -9999 -9999 -9999 -9999 -9999 -9999 -9999
564.82 571.36 578.43 568.93 564.38 562.51 575.91 561.46 557.35 527.51 562.65 613.61 639.86 600.78 603.87 581.21 549.17 518.2 500.49 484.73 481.79 483.63 484.97 491.61 507.91 520.33 511.66 497.12 501.04 494.68 495.41 535.32 583.67 579.85 632.44 634.91 637.09 639.86 643.45 580.04 595.2763 603.3158 601 -9999 -9999 -9999 -9999 -9999 -9999 -9999 -9999 -9999 -9999 -9999 -9999 -9999 -9999 533.875 -9999 544.7692 -9999 -9999 -9999 -9999 -9999 -9999 -9999 -9999 -9999 -9999 -9999 -9999 -9999
587.31 583.85 581.32 570.85 556.82 572.07 554.97 530.05 529.18 556.42 632.19 649.7 648.21 602.34 556.33 535.86 509.71 483.41 475.11 473.44 461.36 451.34 458.5 475.89 480.61 498.31 505.4 486.53 503.3 525.26 494.42 512.89 589.61 557.74 567.43 542.57 582.83 531.8 535.5222 546.3174 564.3846 -9999 -9999 -9999 -9999 -9999 -9999 -9999 -9999 -9999 -9999 -9999 -9999 -9999 -9999 -9999 -9999 -9999 -9999 -9999 -9999 -9999 -9999 -9999 -9999 -9999 -9999 -9999 -9999 -9999 -9999 -9999 -9999
