layers/wordclim/past/Iberia_lig_10_ascii/bio_06.asc
ncols         166
nrows         94
xllcorner     -9.4959440078468
yllcorner     36.000324005443
cellsize      0.083333337679505
NODATA_value  -9999
[rows 0 to 33 of 94, columns 76 to 151 of 166]
-9999 -9999 -9999 -9999 -9999 -9999 -9999 -9999 -9999 -9999 -9999 -9999 -9999 -9999 -9999 -9999 -9999 -9999 -9999 -9999 -9999 -9999 -9999 -9999 -9999 -9999 -9999 -9999 -9999 -9999 -9999 -9999 -9999 -9999 -9999 -9999 -9999 -9999 -9999 -9999 -9999 -9999 -9999 -9999 -9999 -9999 -9999 -9999 -9999 -9999 -9999 -9999 -9999 -9999 -9999 -9999 -9999 -9999 -9999 -9999 -9999 -9999 -9999 -9999 -9999 -9999 -9999 -9999 -9999 -9999 -9999 -9999 -9999 -9999 -9999 -9999
-9999 -9999 -9999 -9999 -9999 -9999 -9999 -9999 -9999 -9999 -9999 -9999 -9999 -9999 -9999 -9999 -9999 -9999 -9999 -9999 -9999 -9999 -9999 -9999 -9999 -9999 -9999 -9999 -9999 -9999 -9999 -9999 -9999 -9999 -9999 -9999 -9999 -9999 -9999 -9999 -9999 -9999 -9999 -9999 -9999 -9999 -9999 -9999 -9999 -9999 -9999 -9999 -9999 -9999 -9999 -9999 -9999 -9999 -9999 -9999 -9999 -9999 -9999 -9999 -9999 -9999 -9999 -9999 -9999 -9999 -9999 -9999 -9999 -9999 -9999 -9999
-9999 -9999 -9999 -9999 -9999 -9999 -9999 -9999 -9999 -9999 -9999 -9999 -9999 -9999 -9999 -9999 -9999 -9999 -9999 -9999 -9999 -9999 -9999 -9999 -9999 -9999 -9999 -9999 -9999 -9999 -9999 -9999 -9999 -9999 -9999 -9999 -9999 -9999 -9999 -9999 -9999 -9999 -9999 -9999 -9999 -9999 -9999 -9999 -9999 -9999 -9999 -9999 -9999 -9999 -9999 -9999 -9999 -9999 -9999 -9999 -9999 -9999 -9999 -9999 -9999 -9999 -9999 -9999 -9999 -9999 -9999 -9999 -9999 -9999 -9999 -9999
-9999 -9999 -9999 -9999 -9999 -9999 -9999 -9999 -9999 -9999 -9999 -9999 -9999 -9999 -9999 -9999 -9999 -9999 -9999 -9999 -9999 -9999 -9999 -9999 -9999 -9999 -9999 -9999 -9999 -9999 -9999 -9999 -9999 -9999 -9999 -9999 -9999 -9999 -9999 -9999 -9999 -9999 -9999 -9999 -9999 -9999 -9999 -9999 -9999 -9999 -9999 -9999 -9999 -9999 -9999 -9999 -9999 -9999 -9999 -9999 -9999 -9999 -9999 -9999 -9999 -9999 -9999 -9999 -9999 -9999 -9999 -9999 -9999 -9999 -9999 -9999
-9999 -9999 38.5 38.95 37.31034 43.5 -9999 -9999 -9999 -9999 -9999 -9999 -9999 -9999 -9999 -9999 -9999 -9999 -9999 -9999 -9999 -9999 -9999 -9999 -9999 -9999 -9999 -9999 -9999 -9999 -9999 -9999 -9999 -9999 -9999 -9999 -9999 -9999 -9999 -9999 -9999 -9999 -9999 -9999 -9999 -9999 -9999 -9999 -9999 -9999 -9999 -9999 -9999 -9999 -9999 -9999 -9999 -9999 -9999 -9999 -9999 -9999 -9999 -9999 -9999 -9999 -9999 -9999 -9999 -9999 -9999 -9999 -9999 -9999 -9999 -9999
39 40.23809 39.65517 38.44 33.78 36.69767 35.97436 37.21818 41.14286 -9999 -9999 -9999 -9999 -9999 39.66667 28.91429 33.24324 30 -9999 -9999 -9999 -9999 -9999 -9999 -9999 -9999 -9999 -9999 -9999 -9999 -9999 -9999 -9999 -9999 -9999 -9999 -9999 -9999 -9999 -9999 -9999 -9999 -9999 -9999 -9999 -9999 -9999 -9999 -9999 -9999 -9999 -9999 -9999 -9999 -9999 -9999 -9999 -9999 -9999 -9999 -9999 -9999 -9999 -9999 -9999 -9999 -9999 -9999 -9999 -9999 -9999 -9999 -9999 -9999 -9999 -9999
29.95 29.46939 39.67677 36.3 37.14 35.91 33.71 29.52 34.15152 33.12329 38.05 38.5082 39.47541 37.78571 36.66667 30.63 17.33 20.31081 11.78947 10.85366 -1.846154 -2 -9999 -9999 -9999 -9999 -9999 -9999 -9999 -9999 -9999 -9999 -9999 -9999 -9999 -9999 -9999 -9999 -9999 -9999 -9999 -9999 -9999 -9999 -9999 -9999 -9999 -9999 -9999 -9999 -9999 -9999 -9999 -9999 -9999 -9999 -9999 -9999 -9999 -9999 -9999 -9999 -9999 -9999 -9999 -9999 -9999 -9999 -9999 -9999 -9999 -9999 -9999 -9999 -9999 -9999
26.73 25.35 22.05 32.94 33.91 30.57 22.06 22.49 24.57 23.07 24.24 22.92 23.45 31.03 18.85 18.19 0.19 12.95 5.46 -4.37 -7.18 -10.19048 -9999 -9999 -9999 -9999 -9999 -9999 -9999 -9999 -9999 -9999 -9999 -9999 -9999 -9999 -9999 -9999 -9999 -9999 -9999 -9999 -9999 -9999 -9999 -9999 -9999 -9999 -9999 -9999 -9999 -9999 -9999 -9999 -9999 -9999 -9999 -9999 -9999 -9999 -9999 -9999 -9999 -9999 -9999 -9999 -9999 -9999 -9999 -9999 -9999 -9999 -9999 -9999 -9999 -9999
23.15 21.74 23.01 23.28 24.18 12.31 18.43 20.78 20.5 15.97 14.53 13.54 16.78 18.53 2.65 -5.65 -8.16 4.11 3.93 -0.79 -12.93151 -32 -19.46667 -9999 -9999 -9999 -9999 -9999 -9999 -9999 -9999 -9999 -9999 -9999 -9999 -9999 -9999 -9999 -9999 -9999 -9999 -9999 -9999 -9999 -9999 -9999 -9999 -9999 -9999 -9999 -9999 -9999 -9999 -9999 -9999 -9999 -9999 -9999 -9999 -9999 -9999 -9999 -9999 -9999 -9999 -9999 -9999 -9999 -9999 -9999 -9999 -9999 -9999 -9999 -9999 -9999
-2.15 16.97 17.37 1.18 -16.1 1.87 1.08 14.76 18 7.39 15.49 20.37 14.67 -1.09 -0.21 -16.02 -15.82 -16.41 -21.84 -31.13 -32.975 -36.14815 -38.16667 -40.55357 -40.25 -9999 -9999 -9999 -9999 -9999 -9999 -9999 -9999 -9999 -9999 -9999 -9999 -9999 -9999 -9999 -9999 -9999 -9999 -9999 -9999 -9999 -9999 -9999 -9999 -9999 -9999 -9999 -9999 -9999 -9999 -9999 -9999 -9999 -9999 -9999 -9999 -9999 -9999 -9999 -9999 -9999 -9999 -9999 -9999 -9999 -9999 -9999 -9999 -9999 -9999 -9999
-8.91 -4.65 -0.94 2.25 -4.14 3.65 3.9 -3.43 -7.13 -19.07 -6.35 0.74 -7.6 -20.12 -17.84 -12.36 -11.6 -13.39 -14.63 -23.45 -27.22 -33.22 -36.51 -38.45 -42.24 -49.12903 -52.95082 -57.44 -72 -94.2 -9999 -9999 -9999 -9999 -9999 -9999 -9999 -9999 -9999 -9999 -9999 -9999 -9999 -9999 -9999 -9999 -9999 -9999 -9999 -9999 -9999 -9999 -9999 -9999 -9999 -9999 -9999 -9999 -9999 -9999 -9999 -9999 -9999 -9999 -9999 -9999 -9999 -9999 -9999 -9999 -9999 -9999 -9999 -9999 -9999 -9999
-7.74 -9.08 -11.52 -9.04 0.87 5.83 5.28 3.33 0.43 -1.24 -12.99 -11.72 -13.32 -15.03 -27.06 -14.88 -5.83 -10.07 -15.37 -19.4 -25.4 -27.99 -32.95 -43.41 -36.42 -44.57 -46.47 -53.64 -71.76 -77.31579 -74 -9999 -9999 -9999 -116.25 -9999 -9999 -9999 -9999 -9999 -9999 -9999 -9999 -9999 -9999 -9999 -55.03333 -64.28571 -9999 -9999 -9999 -9999 -9999 -9999 -9999 -9999 -9999 -9999 -9999 -9999 -9999 -9999 -9999 -9999 -9999 -9999 -9999 -9999 -9999 -9999 -9999 -9999 -9999 -9999 -9999 -9999
-13.99 1.99 -5.87 0.6 0.06 -5.71 -7.86 -13.28 -12.94 -20.54 -23.69 -19.84 -18.57 -28.86 -24.03 -19.89 -7.74 -6.84 -9.38 -16.97 -17.5 -17.9 -25.98 -29.26 -31.38 -34.81 -35.65 -48.16 -58.92 -67.73 -85.50538 -82.13433 -91.32051 -83.98864 -100.3333 -108.0149 -115.8077 -9999 -9999 -9999 -9999 -9999 -9999 -9999 -9999 -65.45454 -54.19 -71 -89.84615 -93.69091 -77.75 -79.2 -9999 -9999 -9999 -9999 -9999 -9999 -9999 -9999 -9999 -9999 -9999 -9999 -9999 -9999 -9999 -9999 -9999 -9999 -9999 -9999 -9999 -9999 -9999 -9999
-14.76 3.79 5.09 3.67 -2.84 -4.43 -7.49 -16.82 -13.12 -12.67 -14.81 -16.28 -14.14 -8.45 -4.55 -9.88 -8.9 -16.22 -17.72 -23.24 -24.03 -19.38 -15.31 -23.69 -29.32 -34.09 -31.64 -37.22 -39.72 -43.1 -58.07 -66.87 -94.63 -83.37 -68.85 -98.49 -87.09782 -113.3256 -109.5532 -93.75439 -86.65278 -103.2963 -102.3333 -106.375 -105.975 -90.21053 -68.28571 -60.18 -72.34 -82.24 -87.59 -74.56097 -86.79365 -85.30303 -93.5625 -9999 -9999 -9999 -9999 -9999 -9999 -9999 -9999 -9999 -9999 -9999 -9999 -9999 -9999 -9999 -9999 -9999 -9999 -9999 -9999 -9999
-11.97 -7.02 -2.67 0.96 -8.32 -17.77 -20.88 -15.79 -15.4 -15.98 -14.01 -5.93 -7.17 -9.49 -5.1 -2.55 -4.24 -13.86 -17.65 -27.35 -27.07 -21.48 -15.57 -22.61 -28.31 -24.06 -23.99 -22.7 -31.6 -37.87 -40.34 -44.2 -56.88 -61.45 -53.51 -70.2 -61.35 -80.15 -88.6 -74.7 -63.36 -86.71 -86.76 -99.86 -74.58 -108.96 -99.98 -91.24 -93.19 -94.33 -80.82 -52.35 -69.24 -69.4 -91.09278 -99.22222 -9999 -9999 -9999 -9999 -9999 -9999 -9999 -9999 -9999 -9999 -9999 -9999 -9999 -9999 -9999 -9999 -9999 -9999 -9999 -9999
-12.45 -4.05 0.23 0.93 2.16 0.55 -1.74 -1.89 -4.49 -5.9 -4.51 -1.88 -3.31 -2.36 -2.75 -1 -2.68 -9.49 -14.16 -22.27 -17.74 -12.07 -13.09 -14.71 -23.91 -27.74 -34.86 -28.11 -25.12 -33.48 -33.52 -40.17 -37.74 -36.65 -50.21 -61.01 -52.49 -56.49 -52.02 -39.21 -48.46 -80.1 -74.57 -59.5 -76.69 -84.07 -73.43 -77 -84.6 -98.26 -93.53 -55.31 -43.1 -55.54 -76.73 -72.48 -9999 -9999 -9999 -9999 -9999 -9999 -9999 -9999 -9999 -9999 -9999 -9999 -9999 -9999 -9999 -9999 -9999 -9999 -9999 -9999
-12.55 -10.11 -6.17 -6.48 -3.79 -0.38 -2.8 -0.77 1.06 0.29 1.23 0.87 -2.02 -1.39 -1.67 -4.39 -2.84 -7.4 -6.73 -13.92 -15.76 -14.05 -22.98 -26.83 -30 -30.71 -37.48 -38.41 -30.57 -31.4 -30.52 -35.06 -32.56 -32.59 -43.71 -50.67 -53.15 -38.59 -37.67 -27.67 -42.34 -52.48 -51.87 -52.36 -62.32 -53.48 -45.43 -59.42 -84.11 -78.67 -75.42 -46.96 -52.31 -62.77 -63.93 -44.25532 -77.19355 -85.52381 -82.64211 -70.1236 -39.42593 -29.67647 -9999 -98 -96.9 -80.125 -9999 -9999 -9999 -9999 -24 6.7 13.10714 7.294117 12.24528 19.11539
-29.59 -29.63 -21.48 -17.51 -7.04 -9.58 -20.64 -11.98 -8.87 -6.66 -7.24 -4.19 -2.55 0.09 -0.97 -4.13 -1.67 -3.31 -4.24 -5.9 -7.7 -8.7 -13.83 -22.7 -25.78 -29.84 -33.97 -35.24 -29.72 -26.91 -34.36 -34.95 -35.83 -39.69 -40.16 -43.93 -47.4 -46.9 -34.63 -25.16 -24.3 -29.07 -37 -43.46 -51.36 -54.42 -43.7 -44.17 -46.77 -42.24 -46.99 -39.15 -62.3 -49.68 -31.33 -24.96 -37.05 -40.64 -35.41 -30.51 -30.73 -42.83562 -64.18182 -68.9375 -68.05 -48.47 -34.4353 -23.74286 -15.9 -3.363636 2.117021 15.74 24.71 26.94 27.43 26.1236
-45.39 -35.75 -45.73 -34.62 -19.47 -30.13 -36.8 -28.31 -29.9 -32.75 -24.53 -27.49 -13.24 -3.78 -0.62 -1.39 -1.99 -1.77 -5.53 -8.52 -8.47 -8.32 -10.7 -15.12 -18.5 -21.51 -23.18 -26.44 -20.88 -20.4 -26.09 -35.5 -43.23 -44.25 -45.84 -54.64 -47.73 -43.71 -35.7 -24.82 -20.98 -31.84 -27.44 -38.63 -31.42 -40.3 -31.38 -37.83 -45.24 -29.17 -27.06 -48.99 -52.29 -40.06 -18.9 -31.73 -49.09 -57.87 -57.15 -43.1 -44.73 -45.41 -38.16 -27.82 -32.39 -29.44 -12.46 -2.04 1.08 0.87 7.51 18.94 25.69 31.58 33.74 32.49438
-58.81 -56.07 -59.19 -43.62 -38.04 -41.96 -31.57 -38.88 -32.86 -41.8 -30.52 -27.71 -19.5 -12.28 -10.71 -2.64 0.2 0.09 -4.2 -4.29 -4.36 -7.84 -7.97 -9.35 -9.38 -13.35 -16.73 -18.97 -16.01 -14.04 -14.64 -15.41 -18.87 -22.33 -27.12 -25.64 -25.33 -31.02 -28.79 -28.78 -20.45 -26.19 -19.65 -24.08 -29.56 -31.82 -23.74 -33.26 -24.24 -16.77 -32.94 -50.53 -37.4 -21.05 -23.11 -41.39 -50.84 -50.49 -43.14 -36.37 -17.6 -24.82 -18.56 -11.63 -6.05 -10.82 -5.66 10.74 12.35 17.77 20.53 24.69 29.02 32.55 36.01052 37.07407
-42.93 -47.27 -40.37 -43.99 -54.58 -48.92 -43.86 -49.48 -53.64 -46.82 -39.05 -38.61 -31.32 -25.8 -23.93 -9.08 -3.8 -4.02 -1.99 -3.16 -7.2 -9.44 -5.36 -4.05 -4.25 -6.39 -9.39 -11.25 -10 -9.73 -11.87 -13.49 -12.66 -13.07 -16.69 -16.32 -15.84 -18.4 -17.46 -18.49 -14.95 -20.96 -20.64 -27.77 -27.28 -28.08 -20.65 -27.24 -13.58 -13.84 -15.71 -30.19 -31.57 -17.12 -24.98 -32.62 -35.75 -21.83 -25.34 -34.79 -5.98 -7.88 -6.06 -6.38 0.52 -10.15 -10.42 8.72 6.74 14.68 20.16 26.36 29.35 33.06 36.09 39.0597
-53.54 -58.05 -59.17 -66.22 -62.62 -63.36 -62.95 -61.63 -53.54 -45.09 -48.13 -42.25 -36.83 -24.65 -16.74 -13.24 -10.01 -4.13 -1.88 -1.38 -4.87 -11.66 -10.52 -2.08 -5.74 -12.16 -13.86 -11.59 -6.18 -8.01 -7.59 -10.3 -8.95 -9.52 -13.5 -13.57 -12.69 -13.81 -12.89 -11.43 -10.74 -23.84 -26.33 -26.8 -21.49 -23.91 -29.57 -30.6 -16.87 -30.03 -24.4 -20.11 -12.27 -3.65 -7.03 -9.34 -9.01 -9.88 -11.19 -2.87 7.38 3.44 3.22 0.37 5.27 10.71 1.56 -3.92 10.75 18.17 18.29 27.3 31.7 34.49 38.69 40.11224
-36.98 -39.35 -45.92 -56.4 -51.84 -59.59 -51.47 -51.24 -45.46 -51.01 -52.11 -45.65 -38.24 -28.29 -24 -21.38 -20.06 -9.18 -7.45 -3.64 0.08 -1.38 -1.99 -2.19 -5.86 -12.47 -19.17 -13.12 -3.06 -4.82 -9.35 -8.93 -5.99 -5.46 -8.96 -10.28 -9.45 -11.88 -8.93 -8.13 -8.64 -13.45 -17.25 -21.91 -21.08 -18.74 -23.3 -17.71 -14.09 -20.86 -8.02 -3.03 -2.32 -2.48 -5 -9.58 -2.84 4.82 5.54 5.38 12.34 9.23 10.69 6.09 9.89 15.62 11.5 8.83 11.37 22.3 26.65 30.4 27.19 31.63 38.26 40.79
-36.71 -39.98 -41.15 -41.18 -39.25 -38.41 -38 -39.65 -37.31 -38.31 -43.97 -46.16 -40.51 -36.31 -36.5 -30.08 -22.85 -17.8 -18.94 -12.52 -3.75 -1.72 0.55 -0.8 -9.82 -12.65 -12.37 -8.03 -0.62 -3.75 -9 -12.79 -7.23 -5.28 -3.56 -4.54 -6.44 -11.54 -7.28 -4.09 -6.97 -8.79 -10.92 -12.42 -12.75 -14.87 -15.25 -11.52 -5.99 -4.79 0.02 -0.88 3.06 3.69 -0.09 -2.57 -3.4 5.27 13.38 13.12 19.08 17.64 12.9 1.85 9.85 11.5 7.04 2.29 10.25 21.69 29.98 31.37 31.99 29.58 34.56 39.80822
-34.9 -35.6 -38.43 -39.4 -39.29 -39.99 -40.22 -36.22 -35.37 -37.31 -40.39 -42.25 -41.54 -41.18 -41.51 -59.5 -51 -27.3 -20.81 -14.2 -9.55 -5.7 -2.17 0.81 0.39 -2.23 -4.82 0.07 2.31 -2.83 -7.13 -13.85 -11.53 -6.66 -4.01 -2.06 -4.2 -5.21 -2.68 -2.12 -6.17 -4.56 -4.16 -5.28 -8.61 -7.08 -5.86 -1.28 1.12 2.23 3.42 4.78 3.87 3.95 4.87 5.02 1.19 2.3 11.58 22.38 24.9 23.01 13.99 6.98 8.88 5.5 -3.44 0.37 23.68 29.44 34.17 33.54 31.52 34.125 39.95 -9999
-30.53 -31.09 -34.22 -32.83 -35.68 -39.2 -38.07 -36.89 -35.84 -34.51 -36.05 -37.88 -38.22 -41.86 -47.7 -51.38 -55.81 -45.77 -32.03 -25.78 -15.06 -8.65 -5.5 -1.7 0.16 3.89 5.9 5.32 5.36 -2.93 -7.51 -11.51 -14.38 -13.23 -8.55 -2.87 -1.18 -1.09 0.23 0.68 -2.45 -1.11 -1.36 -6.38 -8.52 -4.6 -1.69 1.77 4.57 6.71 7.57 7.72 6.73 4.78 1.32 1.23 4.47 7.91 15.5 26.9 29.04 18.33 14.16 13.11 19.04 20.58 20.08 28.84 33.2 33.07 38.40816 37 36.58929 38 -9999 -9999
-28.81 -27.67 -29.9 -30.61 -31.85 -31.47 -33.67 -36.1 -35.95 -33.16 -34.26 -37.06 -38.06 -41.11 -43.27 -44.25 -39.8 -35.22 -25.59 -24.25 -19.59 -8.56 -4.01 -7.17 -8.97 -2.71 4.02 6.82 8.53 5.02 0.43 0.18 -2.56 -9.01 -12.25 -8.97 -7.13 -9.46 -4.38 -0.84 1.3 1.72 -1.59 -3.17 -2.68 -1.37 0.06 2.5 5.25 7.09 8.5 8.15 4.81 2.79 1.77 5.34 13.38 16.5 17.03 17.76 31.07 17.92 22.46 30.66 37.64 38.2 35.79 30.82 32.73737 34.67105 40.27273 43.2 -9999 -9999 -9999 -9999
-24.59 -25.36 -28.49 -28.1 -27.78 -30.69 -32.73 -34.21 -33.31 -36.6 -38.91 -37.6 -36.94 -40.96 -38.98 -38.57 -35.99 -36.15 -23.4 -17.09 -14.99 -6.78 -4.83 -8.71 -15.17 -7.7 -5.69 -3.18 2.47 5.86 8.39 6.39 3.3 0.1 -2.84 -5.53 -2.45 -2.46 -3.25 -1.27 -2.12 1.94 2.42 3.69 3.53 1 1 3.12 5.64 6.32 5.17 2.75 -0.95 -2.43 1.06 5.68 16.08 23.04 24.43 28.61 37.13 36.15 37.92 42.77 45.19 40.13 39.1383 39.95918 42.55556 -9999 -9999 -9999 -9999 -9999 -9999 -9999
-29.4 -28.99 -29.05 -28.67 -30.28 -30.88 -30.3 -30.47 -33.7 -38.19 -38.78 -32.75 -34.09 -35.18 -35.69 -32.44 -27.93 -29.65 -31.48 -15.91 -14.44 -8.88 -7.58 -11.74 -11.44 -10.82 -15.64 -11.72 -5.51 0.34 5.16 9.65 8.38 3.39 -0.73 -1.25 -0.36 -0.21 1.84 2.56 1.37 -0.79 8.54 6.13 2.99 1.16 -0.22 -0.52 0.49 2.97 1.38 3.78 7.42 4.43 5.95 4.38 10.22 20.91 32.97 38.17 39.8 43.93 44.94 44.02 47.2234 44.90909 47.4 -9999 -9999 -9999 -9999 -9999 -9999 -9999 -9999 -9999
-38.06 -39.61 -39.64 -35.23 -33.45 -36.89 -36.77 -35.78 -35.35 -36.16 -33.22 -28.3 -29.66 -31.99 -31.2 -31.63 -23.44 -24.11 -17.83 -28.37 -30.36 -29.71 -18.89 -14.7 -17.79 -15.61 -20.41 -12.12 -2.76 1.39 6.28 8.06 9.77 7.02 2.12 1.2 1.31 1.22 3.07 7.76 3.89 6.16 5.01 2.26 0.69 -1.28 -3.23 -3.98 -4.22 -5.11 -0.25 6.41 15.95 16.65 18.32 10.61 19.4 33 37.68 36.65 30.58 41.13 49.11 49.55319 51.26087 -9999 -9999 -9999 -9999 -9999 -9999 -9999 -9999 -9999 -9999 -9999
-45.49 -44.66 -41.33 -38.66 -37.76 -37.29 -38.42 -39.05 -39.81 -36.45 -29.82 -27.23 -25.71 -25.38 -24.48 -26.21 -24.75 -22.64 -21.39 -27.63 -34.67 -35.37 -31.5 -23.98 -24.36 -23.76 -21.61 -15.22 -7.05 -1.68 2.25 5.53 8.03 10.97 11.25 11.65 11.44 12.53 12.85 10.15 5.19 4.93 6.71 6.41 10.46 8.46 2.69 -6.14 -7.62 -9.93 -11.56 5.64 27.64 30.33 30.17 29.29 37.16 41.42 40.29 43.55 36.86735 43.60494 52.67647 53 -9999 -9999 -9999 -9999 -9999 -9999 -9999 -9999 -9999 -9999 -9999 -9999
-51.27 -44.98 -35.42 -36.25 -33.53 -32.63 -40.12 -40.77 -40.88 -36.88 -32.34 -30.35 -32.32 -35.31 -34.6 -31.27 -28.42 -34.11 -32.88 -29.44 -34.44 -35.85 -35.45 -35.65 -32.87 -28.04 -22.43 -16.61 -12.65 -7.12 -0.19 4.65 7.82 8.99 8.99 10.5 12.22 12.41 11.32 7.99 11.04 11.23 10.94 8.53 18.58 15.85 9.78 12.64 7.64 5.25 16.8 26.06 38.72 39.11 40.26 40.7347 46.58228 45.89394 48.88636 50.04348 44.33333 -9999 -9999 -9999 -9999 -9999 -9999 -9999 -9999 -9999 -9999 -9999 -9999 -9999 -9999 -9999
-43.66 -39.51 -36.27 -34.53 -30.97 -31.37 -38.42 -40.6 -40.96 -43.01 -45.13 -47.24 -47.33 -44.16 -41.79 -41.06 -39.05 -41.58 -42.77 -40.04 -31.76 -35.65 -37.08 -40.07 -38.79 -32.46 -26.48 -21.34 -20.74 -21.38 -9.98 -0.08 1.02 3.58 5.65 6.84 4.55 9.91 9.24 7.6 10.86 7.44 5.85 3.91 14.59 22.29 23.77 16.94 8.27 25.46 35.46 41.13 45.33333 45.18868 48.3 49.66667 -9999 -9999 -9999 -9999 -9999 -9999 -9999 -9999 -9999 -9999 -9999 -9999 -9999 -9999 -9999 -9999 -9999 -9999 -9999 -9999
-37.15 -27.93 -27.24 -28.57 -28.77 -33.42 -36.81 -40.34 -42.61 -43.37 -47.92 -51.31 -50.34 -46.44 -50.84 -49 -46.48 -43.86 -43.72 -44.89 -45.22 -34.21 -40.44 -43.48 -49.39 -42.25 -31.48 -25.51 -22.06 -18.09 -11.51 -7.51 -7.78 -2.82 1.41 5.65 6.58 4.31 2.41 5.41 7.03 5.69 8.37 9.92 18.74 28.58 18.86 11.61 20.09 36.57747 41.33333 45.17647 46.33333 -9999 -9999 -9999 -9999 -9999 -9999 -9999 -9999 -9999 -9999 -9999 -9999 -9999 -9999 -9999 -9999 -9999 -9999 -9999 -9999 -9999 -9999 -9999
