layers/wordclim/past/Iberia_lig_10_ascii/bio_16.asc
ncols         166
nrows         94
xllcorner     -9.4959440078468
yllcorner     36.000324005443
cellsize      0.083333337679505
NODATA_value  -9999
[rows 0 to 31 of 94, columns 73 to 145 of 166]
-9999 -9999 -9999 -9999 -9999 -9999 -9999 -9999 -9999 -9999 -9999 -9999 -9999 -9999 -9999 -9999 -9999 -9999 -9999 -9999 -9999 -9999 -9999 -9999 -9999 -9999 -9999 -9999 -9999 -9999 -9999 -9999 -9999 -9999 -9999 -9999 -9999 -9999 -9999 -9999 -9999 -9999 -9999 -9999 -9999 -9999 -9999 -9999 -9999 -9999 -9999 -9999 -9999 -9999 -9999 -9999 -9999 -9999 -9999 -9999 -9999 -9999 -9999 -9999 -9999 -9999 -9999 -9999 -9999 -9999 -9999 -9999 -9999
-9999 -9999 -9999 -9999 -9999 -9999 -9999 -9999 -9999 -9999 -9999 -9999 -9999 -9999 -9999 -9999 -9999 -9999 -9999 -9999 -9999 -9999 -9999 -9999 -9999 -9999 -9999 -9999 -9999 -9999 -9999 -9999 -9999 -9999 -9999 -9999 -9999 -9999 -9999 -9999 -9999 -9999 -9999 -9999 -9999 -9999 -9999 -9999 -9999 -9999 -9999 -9999 -9999 -9999 -9999 -9999 -9999 -9999 -9999 -9999 -9999 -9999 -9999 -9999 -9999 -9999 -9999 -9999 -9999 -9999 -9999 -9999 -9999
-9999 -9999 -9999 -9999 -9999 -9999 -9999 -9999 -9999 -9999 -9999 -9999 -9999 -9999 -9999 -9999 -9999 -9999 -9999 -9999 -9999 -9999 -9999 -9999 -9999 -9999 -9999 -9999 -9999 -9999 -9999 -9999 -9999 -9999 -9999 -9999 -9999 -9999 -9999 -9999 -9999 -9999 -9999 -9999 -9999 -9999 -9999 -9999 -9999 -9999 -9999 -9999 -9999 -9999 -9999 -9999 -9999 -9999 -9999 -9999 -9999 -9999 -9999 -9999 -9999 -9999 -9999 -9999 -9999 -9999 -9999 -9999 -9999
-9999 -9999 -9999 -9999 -9999 -9999 -9999 -9999 -9999 -9999 -9999 -9999 -9999 -9999 -9999 -9999 -9999 -9999 -9999 -9999 -9999 -9999 -9999 -9999 -9999 -9999 -9999 -9999 -9999 -9999 -9999 -9999 -9999 -9999 -9999 -9999 -9999 -9999 -9999 -9999 -9999 -9999 -9999 -9999 -9999 -9999 -9999 -9999 -9999 -9999 -9999 -9999 -9999 -9999 -9999 -9999 -9999 -9999 -9999 -9999 -9999 -9999 -9999 -9999 -9999 -9999 -9999 -9999 -9999 -9999 -9999 -9999 -9999
-9999 -9999 -9999 -9999 -9999 477.6667 477.3 477.069 474.6667 -9999 -9999 -9999 -9999 -9999 -9999 -9999 -9999 -9999 -9999 -9999 -9999 -9999 -9999 -9999 -9999 -9999 -9999 -9999 -9999 -9999 -9999 -9999 -9999 -9999 -9999 -9999 -9999 -9999 -9999 -9999 -9999 -9999 -9999 -9999 -9999 -9999 -9999 -9999 -9999 -9999 -9999 -9999 -9999 -9999 -9999 -9999 -9999 -9999 -9999 -9999 -9999 -9999 -9999 -9999 -9999 -9999 -9999 -9999 -9999 -9999 -9999 -9999 -9999
444.44 446.5281 448.5 453.2592 462.1429 469.0805 470.28 467.87 465.6628 464.0256 462.5454 459.3571 -9999 -9999 -9999 -9999 -9999 472.3333 492.6571 483.4054 483 -9999 -9999 -9999 -9999 -9999 -9999 -9999 -9999 -9999 -9999 -9999 -9999 -9999 -9999 -9999 -9999 -9999 -9999 -9999 -9999 -9999 -9999 -9999 -9999 -9999 -9999 -9999 -9999 -9999 -9999 -9999 -9999 -9999 -9999 -9999 -9999 -9999 -9999 -9999 -9999 -9999 -9999 -9999 -9999 -9999 -9999 -9999 -9999 -9999 -9999 -9999 -9999
425.51 428.75 432.42 440.06 443.7755 453.9697 453.46 451.69 447.37 448.07 449.38 451.2828 451.2603 452.1333 458.9344 463 470.7857 471.5938 478.43 483.71 479.9189 477.9474 468.1707 460.5385 454.2 -9999 -9999 -9999 -9999 -9999 -9999 -9999 -9999 -9999 -9999 -9999 -9999 -9999 -9999 -9999 -9999 -9999 -9999 -9999 -9999 -9999 -9999 -9999 -9999 -9999 -9999 -9999 -9999 -9999 -9999 -9999 -9999 -9999 -9999 -9999 -9999 -9999 -9999 -9999 -9999 -9999 -9999 -9999 -9999 -9999 -9999 -9999 -9999
405.7 408.32 414.3 419.61 421.65 422.18 430.03 429.02 426.15 424.01 426.69 428.93 432.5 437.52 447.54 453.07 457.8 462.55 467.01 463.34 465.37 462.33 456.4 448.86 446 -9999 -9999 -9999 -9999 -9999 -9999 -9999 -9999 -9999 -9999 -9999 -9999 -9999 -9999 -9999 -9999 -9999 -9999 -9999 -9999 -9999 -9999 -9999 -9999 -9999 -9999 -9999 -9999 -9999 -9999 -9999 -9999 -9999 -9999 -9999 -9999 -9999 -9999 -9999 -9999 -9999 -9999 -9999 -9999 -9999 -9999 -9999 -9999
382.62 390.6 392.62 396.83 398.82 401.62 401.19 401.05 397.55 399.95 401.41 403.73 407.32 413.61 419.63 425.27 433.15 437.32 436.51 438.58 444.06 444.94 439.53 434.0411 407 412.6667 -9999 -9999 -9999 -9999 -9999 -9999 -9999 -9999 -9999 -9999 -9999 -9999 -9999 -9999 -9999 -9999 -9999 -9999 -9999 -9999 -9999 -9999 -9999 -9999 -9999 -9999 -9999 -9999 -9999 -9999 -9999 -9999 -9999 -9999 -9999 -9999 -9999 -9999 -9999 -9999 -9999 -9999 -9999 -9999 -9999 -9999 -9999
362.8 365.74 366.83 370.92 374.95 375.39 370.89 374.17 372.26 371.88 373.94 377.37 380.52 386.14 392.28 399.77 406.35 411.98 410.72 415.75 419.02 416.6 408.38 403.4375 395.9259 394.869 385.4821 377.875 -9999 -9999 -9999 -9999 -9999 -9999 -9999 -9999 -9999 -9999 -9999 -9999 -9999 -9999 -9999 -9999 -9999 -9999 -9999 -9999 -9999 -9999 -9999 -9999 -9999 -9999 -9999 -9999 -9999 -9999 -9999 -9999 -9999 -9999 -9999 -9999 -9999 -9999 -9999 -9999 -9999 -9999 -9999 -9999 -9999
345.05 345.59 347.44 347.99 349.84 349.37 347.73 348.21 347.07 346.57 350.25 354.39 362.41 362.4 365.57 372.51 379.2 384.84 392.61 399.42 404.2 405.89 396.92 391.48 384.99 379.57 374 368.48 365.8495 362.1311 359.82 373.5345 403.2 -9999 -9999 -9999 -9999 -9999 -9999 -9999 -9999 -9999 -9999 -9999 -9999 -9999 -9999 -9999 -9999 -9999 -9999 -9999 -9999 -9999 -9999 -9999 -9999 -9999 -9999 -9999 -9999 -9999 -9999 -9999 -9999 -9999 -9999 -9999 -9999 -9999 -9999 -9999 -9999
326.61 328.54 329.96 328.85 329.45 329.76 329.15 324.3 321.46 320.38 320.97 323.79 326.87 338.49 343.66 350.85 357 365.17 370.96 381.17 387.1 387.04 383.06 375.35 370.36 364.63 359.07 350.87 349.75 345.78 347.74 364.95 368.5921 360.0667 -9999 -9999 -9999 429.75 -9999 -9999 -9999 -9999 -9999 -9999 -9999 -9999 -9999 -9999 -9999 321.3 337.2857 -9999 -9999 -9999 -9999 -9999 -9999 -9999 -9999 -9999 -9999 -9999 -9999 -9999 -9999 -9999 -9999 -9999 -9999 -9999 -9999 -9999 -9999
308.82 308.18 310.25 312.96 306.37 307.2 304.03 301.66 302.78 304.32 308.89 308.35 318.88 323.67 323.97 327.7 339.14 341.79 347.11 356.99 368.11 375.08 367.29 361.39 354.94 346.58 340.44 333.34 328.9 323.63 329.23 337.28 346.92 372.086 363.8358 378.0898 363.9204 395.2222 410.4627 427.1154 -9999 -9999 -9999 -9999 -9999 -9999 -9999 -9999 337.3636 319.96 351.18 386.3077 394.8182 365.425 368.6 -9999 -9999 -9999 -9999 -9999 -9999 -9999 -9999 -9999 -9999 -9999 -9999 -9999 -9999 -9999 -9999 -9999 -9999
294.36 293.73 297.76 295.23 286.62 284.31 282.07 281.26 279.5 280.1 289.48 284.35 284.93 289.77 296.36 300.09 302.26 310.62 323.1 331.6 338.68 345.93 343.05 338.97 333.54 325.94 321.53 316.59 312.83 305.07 303.82 300.47 300.26 318.34 329.98 378.03 355.59 328.53 386.12 364.5978 418.1163 412.2553 379.1579 366.0695 401.0741 400.7592 412.275 413.575 381.6316 343.5816 330.98 353.51 371.11 383.85 361.1219 384.9206 382.697 400.7188 -9999 -9999 -9999 -9999 -9999 -9999 -9999 -9999 -9999 -9999 -9999 -9999 -9999 -9999 -9999
274.61 275.06 274.66 275.94 272.79 268.72 263.61 267.49 274.93 277.91 267.93 266.04 267.6 265.48 256.34 266.07 278.8 284.47 294.37 304.84 315.25 319.3 318.64 317.26 312.45 305.57 302.4 299.25 289.64 282.38 274.73 278.29 280.86 279.9 281.81 300.38 306.61 291.73 323.36 308.49 346.62 363.14 337.72 317.53 364.69 366.76 397.82 349.39 420.89 402.26 385.51 390.37 394.1 370.31 322.68 351.08 352.38 395.8763 413.7778 -9999 -9999 -9999 -9999 -9999 -9999 -9999 -9999 -9999 -9999 -9999 -9999 -9999 -9999
264.77 263.23 262.43 261.38 255.85 250.45 246.22 240.87 236.2 232.15 225.99 224.14 224.31 222.31 223.94 236.61 247.66 259.05 268.04 278.33 288.84 294.65 297.64 295.05 288.51 284.27 279.74 279.62 275.95 276.99 265.3 256.64 262.77 257.76 264.14 257.07 252.5 277.03 297.85 282.99 293.09 284.78 261.15 283.15 349.42 340.36 315.83 351.01 366.75 348.72 357.23 373.08 400.47 392.28 324.89 305.42 326.96 366.09 356.6 -9999 -9999 -9999 -9999 -9999 -9999 -9999 -9999 -9999 -9999 -9999 -9999 -9999 -9999
253.03 253.92 250.16 247.74 245.11 238.52 235.61 229.51 220.48 216.7 206.79 195.45 189.59 189.54 201.2 215.23 226.71 237.12 248.08 255.74 264.15 267.33 272.65 272.83 269.28 270.81 269.91 267.98 263.17 266.29 263.51 248.98 246.1 239.76 243.42 236.78 234.91 255.5 269.62 276.23 247.84 248.02 229.09 264.36 289.87 293.72 298.53 320.5 308.79 300.55 324.3 369.54 361.37 355.61 309.09 319.89 336.7 339.21 306.9362 370.4516 391.381 387.7579 362.8652 305.463 289.8529 -9999 439.3333 439.1 408.5 -9999 -9999 -9999 -9999
253.05 251.43 246.3 253.03 252.56 241.36 234.52 219.18 217.47 230.35 211.37 200.86 191.43 192.93 193.84 201.18 209.94 219.37 229.19 235.44 241.17 244.49 246.72 248.27 246.95 246.95 250.31 248.21 248.04 248.5 246.57 235.72 227.48 235.26 233.14 232.93 239.42 239.4 248.21 257.36 258.99 235.25 217.2 220.18 236.6 259.69 277.86 298.3 307.71 294.09 297.97 303.38 297.61 305.38 293.11 334.52 313.75 282.04 269.59 294.56 303.1 295.09 288.17 291.33 314.726 367.2121 380 381.3 343.93 317.5412 298.5428 288.7 270.6818
248.95 259.87 262.73 266.03 251.33 267.17 248.41 224.24 238.58 248.16 231.37 233.43 237.05 220.2 227.49 203.81 199.02 205.24 212.33 218.81 222.94 227.14 230.01 230.24 229.62 228.19 227.65 226.88 225.92 222.96 222.75 211.62 206.32 209.44 224.01 237.17 239.78 244.44 266.4 253.19 246.8 233.43 211.23 206.88 238.63 233.27 264.53 255.28 279.89 265.38 282.3 298.03 270.81 267.23 307.79 315.1 295.42 254.99 284.4 315.85 334.44 335.34 309.02 318.09 324.87 310.85 293.4 307.26 305.85 274.24 266.46 266.74 268.44
258.17 266.23 281.33 279.27 274.82 280.78 253.06 243.67 249.37 229.44 242.06 229.66 244.67 223.25 218.16 204.23 196.5 200.94 200.26 203.7 206.74 210.72 211.37 211.75 213.29 211.35 208.68 205.67 205.34 204.31 202.55 193.7 187.78 184.01 180.58 181.22 184.38 193.96 192.33 196.36 212.99 211.54 216.16 200.8 220.13 208.79 225.51 245.07 256.55 241.64 269.37 251.11 235.3 276.09 308.21 288.11 257.12 264.8 300.41 319.66 319.26 307.95 298.97 268.55 282.9 274.42 267.66 264.44 272.54 271.59 258.76 258.78 251.59
228.23 237.95 241.59 243.48 251.54 240.38 245 262.02 252.2 242.54 252.37 258.94 245.36 230.42 229.38 216.16 207.14 206.76 193.76 193.51 195.14 196.29 197.41 199.8 200.54 195.92 192.48 190.05 188.38 186.91 183.51 178.04 174.75 172.68 169.6 165.55 162.8 165.18 168.72 171.56 179.96 181.25 187.52 183.78 203.29 206.93 230.42 234.04 241.69 228.03 251.49 217.37 223.45 233.33 270.52 276.48 249.49 269.37 284.08 292.77 270.04 277.06 296.46 250.85 257.03 257.44 261.29 257.95 274.17 279.31 268.8 274.18 264.29
219.48 220.37 230.75 256.17 264.04 266.02 277.82 269.69 271.05 269.54 265.28 249.99 234.59 239.04 228.01 217.21 197.08 188.35 187.9 187.03 184.33 184.95 185.32 186.63 189.78 187.08 179.73 179.52 181.61 180.98 173.33 166.97 165.62 162.51 160.47 157.03 154.8 156.37 160.27 162.19 167.52 168.65 169.41 171.16 206.37 217.81 223.93 213.69 225.32 244.8 251.88 222.25 258.96 252.21 246.8 233.03 219.23 232.83 242.87 247.2 251.82 254.87 243.76 227.97 237.99 241.71 250.03 250.07 251.14 264.54 276.53 272.57 266.27
226.83 215.73 219.12 223.49 226.46 236.43 254.07 244.28 257.58 242.86 239.76 228.69 237.48 238.36 226.21 212.39 195.61 189.86 187.83 186.73 177.67 177.79 176.34 173.76 173.02 171.56 169.51 169.42 172.44 175.78 166.32 157.98 157.01 157.6 154.95 150.49 149.29 150.8 152.86 154.34 160.71 159.89 161.01 164.24 176.48 189.66 206.9 209.32 206.51 226.43 216.51 212.53 236.87 210.55 204.94 209.44 216.39 228.6 242.56 236.34 226.38 226.37 228.04 216.2 225.1 226.76 238.66 240.66 241.67 256.17 269.39 273.44 265.85
217.42 217.97 217.2 219.39 222.75 223.71 223.15 218.39 216.18 214.53 214.92 209.69 210.04 217.43 219.33 209.5 201.6 200.57 191.63 181.64 176.28 177.59 173.05 166.63 163.75 161.56 160.38 163.21 164.47 160.71 155.94 150.54 150.69 152.3 154.02 147.08 145.63 144.81 146.3 149.86 158.88 154.44 151.83 157.76 163.26 170.88 177.27 180.99 191.41 197.85 196.18 189.93 193.84 189.69 198.59 196.63 202.06 216.95 227.65 235.11 223.1 210.16 212.3 206.62 212.02 222.28 244.72 240.52 245.59 258.98 273.09 272.07 270.27
207.72 208.2 212.07 213.61 213.23 215.68 215.95 214.78 214.39 213.62 205.64 202.81 204.3 206.81 206.32 203.73 202.9 202.03 232.8 217.59 178.82 171.73 166.31 162.07 157.8 154.94 152.22 149.93 148.99 148.74 146.16 144.32 145.77 147.37 153.7 149.71 144.14 143.23 143.4 146.41 149.47 147.48 147.91 155.52 154.57 155.33 158.31 166.97 166.79 169.77 169.4 172.75 178.09 183.17 187.57 196.49 202.58 208 214.02 225.66 226.86 216.55 206.45 206.79 211.76 225.3 240.33 246.01 258.02 283.81 284.6 267.55 268.87
203.55 204.37 204.85 206.26 204.93 206.64 203.91 206.32 209.75 205.9 203.43 199.52 195.81 195.27 195.11 193.68 197.46 205.67 209.71 216.46 198.07 177.22 169.98 159.08 153.13 150.23 147.05 143.97 139.52 139.07 140.05 140.09 142.28 144.82 149.69 154.18 153.31 148.26 143.73 144.05 145.15 144.45 144.74 149.25 148.41 149.72 158.5 164.57 158.05 159.34 161.98 166.41 171.08 178.35 186.34 195.89 205.21 216.45 222.66 222.15 221.46 217.08 208.6 209.76 223.16 232.52 239.85 240.79 248.17 258.57 262.2 266.58 268.73
201.89 201.4 200.14 202.94 199.63 199.21 198.8 198.86 195.73 196.39 198.93 195.94 189.61 188.15 189.63 188.98 191.54 192.84 191.69 184.23 176.57 164.54 162.5 156.6 148 144.5 144.79 144.54 138.31 136.19 136.88 136.76 137.34 138.61 138.28 140.42 147.98 153.02 149.86 149.63 154.44 149.43 146.45 145.38 145.06 149.71 152.66 152.39 151.36 155.95 160.75 166.67 174.17 181.82 190.89 203.12 212.59 220.12 221.23 216.1 217.95 221.64 225.01 215.01 230.62 231.28 229.48 231.13 239.07 250.72 262.29 267.2323 268.5526
203.51 201.04 198.57 196.55 195.68 197 194.18 191.87 192.41 192.81 193.36 189.59 190.87 191.35 186.9 183.37 187 182.08 177.81 174.28 176.82 158.29 151.3 148.77 143.32 140.69 141.61 145.43 139.22 138.77 138.27 136.19 136 134.44 135.12 136.89 138.99 142.33 146.86 146.04 147.42 149.66 148.84 150.92 148.19 147.37 145.81 146.67 152 158.32 163.78 171.55 181.48 192.08 203.67 216.53 225.26 226.23 225.37 219.26 218.3 221.24 221 218.18 221.51 223.79 224.07 230.02 241.21 250.1702 256.3265 258.7778 -9999
206.65 204.53 204.63 201.19 199.05 197.14 194.16 193.17 191.12 187.79 186.06 187.58 190.06 188.27 177.97 176.65 175.78 173.58 166.53 160.23 162.57 165.63 146.89 144.86 140.97 138.85 139.6 139.59 140.39 145.5 142.85 139.08 136.21 133.12 133.29 135.51 138.32 142.11 145.31 145.89 147.64 148.41 149.54 151.71 154.8 148.29 148.47 152.73 159.4 169.27 179.49 187.93 194.03 204.2 209.63 212.54 221.72 225.71 232.96 231.71 226.45 221.13 221.68 224.79 225.84 228.03 232.35 236.7872 239.697 243 -9999 -9999 -9999
207.57 210.78 212.07 210.75 211.56 209.51 201.19 195.97 197.4 194.73 191.16 187.64 184.94 178.76 170.67 169.45 169.6 165.46 162.83 152.52 152.56 147 159.26 163.1 161.89 146.82 141.12 145.64 144.3 152.42 143 135.31 134.5 132.81 134.01 135.42 138.07 142.86 145.85 147.62 150.26 151.85 151.44 155.57 155.76 156.75 161 167.66 176.31 187.13 196.12 203.74 213.2 214.21 214.56 210.18 215.64 219.86 231.8 228.53 223.71 225.29 230.81 239.39 236.71 239.4 242.4043 242.1739 -9999 -9999 -9999 -9999 -9999
225.25 223.95 223.69 220.33 217.43 211.32 205.09 200.39 196.98 195.78 193.51 191.86 184.04 173.16 167.97 163.83 160.27 156.01 155.56 152.67 149.32 147.29 156.72 167.96 169.91 164.19 153.81 156.09 156.33 154.54 146.83 138.41 135.12 134.37 134.83 136.7 138.34 141.6 143.35 146.24 148.62 151.75 155.48 161.06 163.36 164.37 168.5 169.56 177.22 190.44 208.33 217.34 226.85 235.86 222.81 210.55 213.04 217.14 222.77 222.47 225.2 230.77 233.65 242.551 243.9383 247.3382 249.8276 -9999 -9999 -9999 -9999 -9999 -9999
243.7 234.17 226.37 228.2 217.9 203.98 202.01 195.34 190.92 197.09 194.41 191.86 183.63 175.01 170.14 169.63 168.8 164.74 159.57 155.59 164.22 162.06 158.03 166.49 169.48 170.31 171.78 169.29 162.65 155.92 148.76 145.31 141.12 136.75 136.22 138.23 140.69 144.42 146.91 149.87 153.43 157.5 162.84 164.04 167.03 170.46 177.73 175.48 184.55 195.64 200.45 209.61 218.45 217.17 215.85 213.25 215.71 218.4 222.0204 222.2278 227.197 229.4091 233.3044 240.3333 -9999 -9999 -9999 -9999 -9999 -9999 -9999 -9999 -9999
