layers/wordclim/past/Iberia_lig_10_ascii/bio_11.asc
ncols         166
nrows         94
xllcorner     -9.4959440078468
yllcorner     36.000324005443
cellsize      0.083333337679505
NODATA_value  -9999
[rows 34 to 67 of 94, columns 77 to 153 of 166]
14.47 16.97 14.5 11.78 7.13 3.05 2.53 2.03 0.37 -0.53 -3.89 -7.03 -8.19 -7.3 -4.51 -2.49 -2.58 -2.8 0.73 -0.05 -0.49 4.48 -1.78 -9.35 -9.61 -1.81 5.19 12.79 23.11 24.54 24.83 23.63 30.62 37.98 45.55 45.61 39.76 42.18 47.69 46.11 51.22 49.78 70.13 67.57 65 68.12 66.08 69.56 81 -9999 -9999 -9999 -9999 -9999 -9999 -9999 -9999 -9999 -9999 -9999 -9999 -9999 -9999 -9999 -9999 -9999 -9999 -9999 -9999 -9999 -9999 -9999 -9999 -9999 -9999 -9999 -9999
17.93 13.97 9.21 7.14 7.83 6.2 4.14 1.35 -0.49 3.84 -0.68 -1.93 -6.99 -2.26 -3.9 -5.79 -5.37 -5.13 -2.17 -1.69 1.73 3.81 -1.55 -3.47 -6.01 0.83 2.23 7.37 13.34 16.57 15.54 21.21 25.46 32.94 41.23 33.66 31.07 37.9 43.45 42.48 37.49 44.29 76.79 77.2 59.47 76.12122 82.30434 -9999 -9999 -9999 -9999 -9999 -9999 -9999 -9999 -9999 -9999 -9999 -9999 -9999 -9999 -9999 -9999 -9999 -9999 -9999 -9999 -9999 -9999 -9999 -9999 -9999 -9999 -9999 -9999 -9999 -9999
19.06 11.65 9.78 9.55 11.75 10.51 4.11 2.85 4.94 2.85 0.13 -0.11 -2.3 -3.86 -5.02 -4.1 -8.13 -9.36 -5.86 0.28 3.62 0.52 -9.14 -9.61 -7.5 -5.58 -4.61 -0.28 -1.27 -0.02 5.62 11 18.02 33.26 32.36 35.07 28.7 34.59 29.75 25.97 18.45 50.9 83.2 84 81.65 87.02817 87.9375 -9999 -9999 -9999 -9999 -9999 -9999 -9999 -9999 -9999 -9999 -9999 -9999 -9999 -9999 -9999 -9999 -9999 -9999 -9999 -9999 -9999 -9999 -9999 -9999 -9999 -9999 -9999 -9999 -9999 -9999
12.85 12.45 11.89 7.95 14.13 17.19 15.41 11.88 5.03 -4.74 -7.61 -9.81 -6.83 -7.96 -11.38 -10.79 -13.43 -11.18 -11.75 -2.63 3.61 -2.18 -11.18 -7.58 -6.86 -8.23 -9.01 -6.89 -1.43 -0.79 4.68 10.35 21.33 25.16 27.6 23.9 18.6 19.92 14.33 27.61 37.64 66.79 81.58 86.77 89.74227 89.31183 88.87209 88.43478 -9999 -9999 -9999 -9999 -9999 -9999 -9999 -9999 -9999 -9999 -9999 -9999 -9999 -9999 -9999 -9999 -9999 -9999 -9999 -9999 -9999 -9999 -9999 -9999 -9999 -9999 -9999 -9999 -9999
15.71 16.09 10.6 8.58 16.72 12.79 7.99 3.11 1.9 -1.81 -6.65 -10.52 -11.44 -11.56 -12.97 -16.21 -21.28 -15.21 -15.31 -9.66 -0.75 3.33 -7.41 -5.52 -1.6 -2.36 -8.01 -6.68 -7.02 -7.08 -3.24 -3.28 10.94 18.77 25.6 22.86 18.2 23.26 31.83 47.65 64.98 74.5 78.15 74.85107 89.96154 90.10526 89.66666 -9999 -9999 -9999 -9999 -9999 -9999 -9999 -9999 -9999 -9999 -9999 -9999 -9999 -9999 -9999 -9999 -9999 -9999 -9999 -9999 -9999 -9999 -9999 -9999 -9999 -9999 -9999 -9999 -9999 -9999
20.22 15.53 11.68 13.86 19.74 12.34 11.41 9.6 11.21 8.69 3.06 -4.23 -9.64 -19.73 -18.84 -22.29 -25.75 -20.76 -16.72 -12.66 -3.24 5.11 -0.01 -4.05 2.88 -2.93 -15.76 -7.49 -9.28 -12.38 -11.94 -13.94 2.51 10.53 19.04 20.48 19.24 30.7 42.82 61.69 71.01 79.56 83.65 84.95652 90.16666 90 -9999 -9999 -9999 -9999 -9999 -9999 -9999 -9999 -9999 -9999 -9999 -9999 -9999 -9999 -9999 -9999 -9999 -9999 -9999 -9999 -9999 -9999 -9999 -9999 -9999 -9999 -9999 -9999 -9999 -9999 -9999
18.72 14.45 15.65 20.24 21.36 19.05 21.46 19.14 17.5 8.71 4.32 -3.95 -10.71 -16.42 -21.77 -22.12 -25.77 -23.15 -16.39 -9.61 -3.4 4.05 3.4 -0.25 4.56 -9.51 -12.89 -12.74 -16.38 -24.19 -20.93 -14.3 -8.48 5.4 11.58 16.87 23.48 42.68 55.88 64.16 72.64 83.31 87.2 -9999 -9999 -9999 -9999 -9999 -9999 -9999 -9999 -9999 -9999 -9999 -9999 -9999 -9999 -9999 -9999 -9999 -9999 -9999 -9999 -9999 -9999 -9999 -9999 -9999 -9999 -9999 -9999 -9999 -9999 -9999 -9999 -9999 -9999
19.44 20.61 25.54 22.34 23.95 15.42 12.9 18.71 13.65 12.7 8.98 4.73 -8.12 -12.57 -18.73 -22.7 -23.81 -18.63 -11.42 -9.8 -7.44 2.06 7.57 10.65 4.28 -7.35 -7.22 -9.75 -15.62 -26.13 -23.55 -13.87 -3.24 11.3 27.16 30.62 41.04 51.1 64.11 62.67 73.39 81.74699 89 -9999 -9999 -9999 -9999 -9999 -9999 -9999 -9999 -9999 -9999 -9999 -9999 -9999 -9999 -9999 -9999 -9999 -9999 -9999 -9999 -9999 -9999 -9999 -9999 -9999 -9999 -9999 -9999 -9999 -9999 -9999 -9999 -9999 -9999
22.63 27.41 23.38 18.13 22.57 19.93 15.1 14.07 10.7 9.39 6.24 2.87 -7.49 -14.79 -16.81 -14.24 -24.09 -20.32 -17.45 -14.66 -8.5 -3.04 5.29 14.06 4.98 -3.21 5.66 5.8 -4.22 -13.31 -6.72 -5.4 2.67 13.26 33.6 43.03 45.33 51.19 71.13 75.46 72.93903 80.44444 -9999 -9999 -9999 -9999 -9999 -9999 -9999 -9999 -9999 -9999 -9999 -9999 -9999 -9999 -9999 -9999 -9999 -9999 -9999 -9999 -9999 -9999 -9999 -9999 -9999 -9999 -9999 -9999 -9999 -9999 -9999 -9999 -9999 -9999 -9999
29.54 27.98 17.92 16.74 19.82 13.19 14.57 14.11 13.35 8.93 2.46 8.25 -5.31 -7.47 -9.69 -16.15 -16.61 -16.74 -10.75 -16.91 -2.67 1.43 11.85 8.56 -2.91 -0.19 12.08 16.78 13.42 10.32 7.31 15.56 15.7 21.64 47.08 60.62 60.12 65.1 71.67 83.42105 85.5 -9999 -9999 -9999 -9999 -9999 -9999 -9999 -9999 -9999 -9999 -9999 -9999 -9999 -9999 -9999 -9999 -9999 -9999 -9999 -9999 -9999 -9999 -9999 -9999 -9999 -9999 -9999 -9999 -9999 -9999 -9999 -9999 -9999 -9999 -9999 -9999
29.93 24.98 17.9 15.77 16.65 13.06 11.79 11.46 7.63 7.95 8.62 7.78 -2.6 -7.51 -10.21 -8.09 -8.56 -5.56 -6.71 -8.93 0.32 16.03 13.33 0.21 -18.16 -14.21 4.52 17.76 21.98 26.34 30.24 27.7 33.83 41.1 53.51 66.11 65.32 66.86 78.29546 86 -9999 -9999 -9999 -9999 -9999 -9999 -9999 -9999 -9999 -9999 -9999 -9999 -9999 -9999 -9999 -9999 -9999 -9999 -9999 -9999 -9999 -9999 -9999 -9999 -9999 -9999 -9999 -9999 -9999 -9999 -9999 -9999 -9999 -9999 -9999 -9999 -9999
25.1 23.11 19.12 16.86 16.16 14.11 10.88 10.63 6.13 9.49 14.02 10.29 4.01 -2.49 1.28 1.1 -3.2 1.47 -0.93 -6.34 2.09 16.94 8.17 -5.17 -17.01 -10.59 3.42 10.62 19.52 21.16 35.06 41.26 51.22 60.25 70.07 71.15 71.56 75.68657 78.28571 -9999 -9999 -9999 -9999 -9999 -9999 -9999 -9999 -9999 -9999 -9999 -9999 -9999 -9999 -9999 -9999 -9999 -9999 -9999 -9999 -9999 -9999 -9999 -9999 -9999 -9999 -9999 -9999 -9999 -9999 -9999 -9999 -9999 -9999 -9999 -9999 -9999 -9999
23.28 22.78 20.16 17.73 19.45 18.33 14.41 13.31 11.55 13.23 11.37 9.53 7.3 4.41 8.93 8.21 7.67 3.49 2.04 3.75 8.75 14.14 18.78 12.39 3.45 -2.48 -8.71 3.73 20.65 31.5 38.8 37.23 47.19 64.17 75.9 80.31 82.91753 84 -9999 -9999 -9999 -9999 -9999 -9999 -9999 -9999 -9999 -9999 -9999 -9999 -9999 -9999 -9999 -9999 -9999 -9999 -9999 -9999 -9999 -9999 -9999 -9999 -9999 -9999 -9999 -9999 -9999 -9999 -9999 -9999 -9999 -9999 -9999 80.5 83.81818 81.42857 -9999
25.57 23.84 21.56 20.43 20.05 18.85 18.59 15.43 15.42 17.02 10.91 7.95 6.19 6.18 10.51 8.18 12.91 6.1 1.29 7.34 13.37 11.69 16.29 23.87 19.74 14.89 8.62 6.98 23.09 37.15 51.79 55.93 48.06 55.89 74.28 84.20202 84.65854 -9999 -9999 -9999 -9999 -9999 -9999 -9999 -9999 -9999 -9999 -9999 -9999 -9999 -9999 -9999 -9999 -9999 -9999 -9999 -9999 -9999 -9999 -9999 -9999 -9999 -9999 -9999 -9999 -9999 -9999 -9999 -9999 -9999 75.05 64.48276 70 84.77319 86.9 82.9 -9999
26.66 25.49 21.59 19.9 19.6 21.54 20.2 17.12 17.77 19.9 16.76 13.88 9.48 9.06 12.29 12.06 13.27 14.77 14.46 16.26 13.59 13.31 21.78 32.39 31.58 27.94 25.67 33.04 33.63 38.64 44.22 59.15 68.45 70.28 82.38 85.59091 -9999 -9999 -9999 -9999 -9999 -9999 -9999 -9999 -9999 -9999 -9999 -9999 -9999 -9999 -9999 -9999 -9999 -9999 -9999 -9999 -9999 -9999 -9999 -9999 -9999 -9999 -9999 -9999 -9999 -9999 -9999 -9999 77.5 74.15493 53.11111 60.68 78.85 86.28 87.57407 88 86.75
27.75 26.73 24 23.33 20.7 22.65 20.79 17.64 19.11 22.39 21.14 15.48 12.9 12.83 13.11 15.03 18 22.15 23.08 19.88 11.72 20.03 22.69 28.21 37 47.42 49.06 53.47 60.44 63.93 61.06 53.52 68.05 79.92 85.80264 -9999 -9999 -9999 -9999 -9999 -9999 -9999 -9999 -9999 -9999 -9999 -9999 -9999 -9999 -9999 -9999 -9999 -9999 -9999 -9999 -9999 -9999 -9999 -9999 -9999 -9999 -9999 -9999 -9999 -9999 -9999 84.33334 70.97369 65.87778 65.55 71.93 79.78 84.1 85.08 85.53 86.14606 80.3913
29.72 26.4 23.56 25.61 24.89 22.22 24.05 20.14 20.62 22.79 22.85 21.79 18.86 17.83 17.48 16.74 16.3 21.95 26.81 20.99 19.94 26.18 23.94 17.94 22.45 38.18 54.87 62.35 69.74 73.66 75.5 76.6 78.13 84.53191 86.6 -9999 -9999 -9999 -9999 -9999 -9999 -9999 -9999 -9999 -9999 -9999 -9999 -9999 -9999 -9999 -9999 -9999 -9999 -9999 -9999 -9999 -9999 -9999 -9999 -9999 -9999 -9999 -9999 -9999 88 76.51852 70.44579 69.21 81.7 83.79 81.19 81.31 81.46 82.31 84.15 83.17 82.58
31.42 30.2 27.65 28.9 27.47 24.79 24.5 24.67 25.16 24.65 21.45 21.96 24.45 23.42 23.19 22.41 23.12 24.32 30.86 27.34 26.67 28.89 32.74 30.45 31.16 30.87 33.1 53.46 69.09 75.01 78.71 80.87 85.69 87.32609 -9999 -9999 -9999 -9999 -9999 -9999 -9999 -9999 -9999 -9999 -9999 -9999 -9999 -9999 -9999 -9999 -9999 -9999 -9999 -9999 -9999 -9999 -9999 -9999 -9999 -9999 -9999 -9999 -9999 -9999 84 84.55814 83.75641 80.20731 84.83784 86.86441 84.34 78.49 78.41 81.62 84.93 83.62 86.52222
32.22 32.81 31.39 31.11 30.71 29.55 28.66 27.41 27.69 24.83 22.62 26.08 26.57 26.41 26.38 27.44 27.62 30.67 37.2 33.84 33.18 37.34 40.3 38.91 34.47 34.34 36.53 50.94 66.52 74.48 80.46 84.34 87.28 88 -9999 -9999 -9999 -9999 -9999 -9999 -9999 -9999 -9999 -9999 -9999 -9999 -9999 -9999 -9999 -9999 -9999 -9999 -9999 -9999 -9999 -9999 -9999 -9999 -9999 -9999 -9999 -9999 -9999 -9999 -9999 -9999 86.92308 85.71429 -9999 85.5 82.65 82.57 83.44 85.42 84.34 81.95 87.5625
34.22 34.35 33.29 33.34 32.76 32.21 31.59 30.85 30.51 29 28.58 29.52 28.61 29.07 29.08 30 31.15 31.89 35.55 44.26 46 44.91 45.12 40.54 40.39 41.53 47.78 61.27 68.69 73.57 77.51 84.65 87.8 88.35294 -9999 -9999 -9999 -9999 -9999 -9999 -9999 -9999 -9999 -9999 -9999 -9999 -9999 -9999 -9999 -9999 -9999 -9999 -9999 -9999 -9999 -9999 -9999 -9999 -9999 -9999 -9999 -9999 -9999 -9999 -9999 -9999 -9999 -9999 -9999 84.33334 83.98214 85.875 87.93421 87.7 85.66 87.11765 89
35.26 35.01 34.49 33.99 33.33 32.47 32.03 31.81 31.5 31.24 30.77 30.79 31.82 31.76 32.24 33.08 33.4 34.66 35.14 35.53 39 43.7 45.97 47.02 45.24 44.52 53.13 54.03 57.16 73.53 78.06 84.56 88.31 89 -9999 -9999 -9999 -9999 -9999 -9999 -9999 -9999 -9999 -9999 -9999 -9999 -9999 -9999 -9999 -9999 -9999 -9999 -9999 -9999 -9999 -9999 -9999 -9999 -9999 -9999 -9999 -9999 -9999 -9999 -9999 -9999 -9999 -9999 -9999 -9999 -9999 -9999 89 88.37288 87.27273 -9999 -9999
35.4 35.14 34.76 33.57 32.56 31.24 30.86 30.42 31.75 32.66 33.06 32.75 33.6 33.99 34.89 35.98 36.38 36.3 38.36 38.99 38.02 36.84 36.21 43.02 52.49 39.4 39.8 54.39 63.87 70.29 83.15 86.08 87.77 88.83839 88.53333 -9999 -9999 -9999 -9999 -9999 -9999 -9999 -9999 -9999 -9999 -9999 -9999 -9999 -9999 -9999 -9999 -9999 -9999 -9999 -9999 -9999 -9999 -9999 -9999 -9999 -9999 -9999 -9999 -9999 -9999 -9999 -9999 -9999 -9999 -9999 -9999 -9999 90 -9999 -9999 -9999 -9999
35.3 34.03 32.27 31.15 29.57 28.96 28.4 27.04 29.23 31.93 33.69 34.23 34.63 35.34 36.06 37.5 38.1 38.65 37.43 35.62 31.75 27.08 30.51 36.7 48.19 33.9 41.82 61.16 69.07 75.61 84.61 86.03 80.74 83.87 89.86667 -9999 -9999 -9999 -9999 -9999 -9999 -9999 -9999 -9999 -9999 -9999 -9999 -9999 -9999 -9999 -9999 -9999 -9999 -9999 85.94118 84.07407 85.66666 -9999 -9999 -9999 -9999 -9999 -9999 -9999 -9999 -9999 -9999 -9999 -9999 -9999 -9999 91 88 -9999 -9999 -9999 -9999
32.72 30.39 26.6 25.33 24.6 24.09 24.71 23.22 24.57 28.77 33.11 35.17 36.13 36.78 37.46 37.71 36.61 32.47 30.58 26.26 22.7 20.06 27.6 34.96 44.11 33.98 41.2 54.07 66.71 76.31 82.04 84.03 74.41 74.54 87.09876 89.5 -9999 -9999 -9999 -9999 -9999 -9999 -9999 -9999 -9999 -9999 -9999 -9999 -9999 -9999 -9999 -9999 81.54166 79.9881 82.6 83.19192 87.93333 -9999 -9999 -9999 -9999 -9999 -9999 -9999 -9999 -9999 -9999 -9999 -9999 -9999 -9999 -9999 -9999 -9999 -9999 -9999 -9999
27.75 26.5 27.71 25.28 23.22 20.92 19.73 18.49 21.13 26.86 32.22 35.25 36.53 37.69 37.5 36.34 30.37 26.13 25.88 22.74 24.06 29.27 32.71 36.45 35.69 29.28 39.26 51.21 62.44 71.56 75.47 77.55 71.06 68.88 85.3 89.48214 -9999 -9999 -9999 -9999 -9999 -9999 -9999 -9999 -9999 -9999 -9999 -9999 -9999 -9999 -9999 86.88235 84.51852 82.57 85.32632 86.92857 -9999 -9999 -9999 -9999 -9999 -9999 -9999 -9999 -9999 -9999 -9999 -9999 -9999 -9999 -9999 -9999 -9999 -9999 -9999 -9999 -9999
29.71 26.47 25.5 25.93 23.34 22.16 21.06 19.77 20.52 25.24 29.38 33.6 35.5 37.59 36.14 34.31 32.48 30.16 28.46 28.17 30.1 32.49 35.14 39.91 40.86 37.56 43.41 54.74 55.87 61.25 72.61 74.1 68.96 66.56 72.42 84.65 88.37313 90.375 90.83334 -9999 -9999 -9999 -9999 -9999 -9999 -9999 -9999 -9999 -9999 -9999 -9999 83.31579 81.65455 86.60294 88.75 -9999 -9999 -9999 -9999 -9999 -9999 -9999 -9999 -9999 -9999 -9999 -9999 -9999 -9999 -9999 -9999 -9999 -9999 -9999 -9999 -9999 -9999
31 27.44 25.35 24.47 23.2 21.98 21.55 21.84 23.11 23.8 25.62 27.09 28.36 32.48 31.83 32.1 31.52 30.21 29.67 30.14 32.54 36.35 34.55 33.34 36.66 43.96 52.27 48.18 49.74 55.82 51.33 54.16 64.28 52.7 55.08 65.33 80.03 84.09 85.15464 88.54166 -9999 -9999 -9999 -9999 -9999 -9999 -9999 -9999 -9999 -9999 -9999 -9999 -9999 -9999 90 -9999 -9999 -9999 -9999 -9999 -9999 -9999 -9999 -9999 -9999 -9999 -9999 -9999 -9999 -9999 -9999 -9999 -9999 -9999 -9999 -9999 -9999
31.43 29.31 26.81 23.54 23.76 25.68 24.63 20.6 16.53 14.17 14.09 14.84 20.54 27.47 31.68 30.75 32.66 33.38 34.69 36.02 32.88 37.96 40.96 40.89 42.3 52.55 49.22 46.4 44.34 38.65 39.53 50.85 54.44 40.6 50.37 55.27 67.66 79.55 84.36144 84.42857 -9999 -9999 -9999 -9999 -9999 -9999 -9999 -9999 -9999 -9999 -9999 -9999 -9999 88.27586 89.02041 85.26667 -9999 -9999 -9999 -9999 -9999 -9999 -9999 -9999 -9999 -9999 -9999 -9999 -9999 -9999 -9999 -9999 -9999 -9999 -9999 -9999 -9999
31.32 30.51 26.08 28.41 28.2 33.56 24.66 13.79 8.01 14.76 13.56 17.67 23.72 30.23 34.18 37.75 39.19 39.92 41.13 40.84 38.48 37.24 41.44 47.35 48.7 53.48 56.21 49.08 39.97 44.19 34.76 37.6 40.74 45.02 48.17 77.33 78.8421 85.36842 91 -9999 -9999 -9999 -9999 -9999 -9999 -9999 -9999 -9999 -9999 -9999 -9999 -9999 -9999 87.125 -9999 85.38461 -9999 -9999 -9999 -9999 -9999 -9999 -9999 -9999 -9999 -9999 -9999 -9999 -9999 -9999 -9999 -9999 -9999 -9999 -9999 -9999 -9999
34.88 29.95 32.25 36.84 35.83 28.45 11.48 7.59 7.17 15.1 23.72 27.49 33.15 39.3 41.25 41.75 45.8 49.75 48.74 45.32 45.65 43 43.41 50.27 48.65 45.69 56.1 53.93 38.13 49.58 50.92 61.5 54.82 75.71 81.18889 85.66666 84 -9999 -9999 -9999 -9999 -9999 -9999 -9999 -9999 -9999 -9999 -9999 -9999 -9999 -9999 -9999 -9999 -9999 -9999 -9999 -9999 -9999 -9999 -9999 -9999 -9999 -9999 -9999 -9999 -9999 -9999 -9999 -9999 -9999 -9999 -9999 -9999 -9999 -9999 -9999 -9999
34.73 35.99 40.5 39.78 33.2 27.6 23.53 14.73 13.25 24.25 30.36 35.39 41.62 40.37 45.61 51.73 54.08 53.49 50.16 46.33 49.51 50.73 47.85 40.84 46.49 51.54 57.11 62.97 54.5 63.26 72.94 81 81.14865 86 -9999 -9999 -9999 -9999 -9999 -9999 -9999 -9999 -9999 -9999 -9999 -9999 -9999 -9999 -9999 -9999 -9999 -9999 -9999 -9999 -9999 -9999 -9999 -9999 -9999 -9999 -9999 -9999 -9999 -9999 -9999 -9999 -9999 -9999 -9999 -9999 -9999 -9999 -9999 -9999 -9999 -9999 -9999
41.48 43.08 47.54 43.81 37.23 33.86 20.49 13.32 22.63 38.23 43.21 41.12 41.55 47.66 53.54 52.21 55.51 57.33 57.11 58.85 55.3 52.66 55.03 50.57 51.85 48.86 59.04 70.5 73.78 77.17 84.67 87.98718 89.25 -9999 -9999 -9999 -9999 -9999 -9999 -9999 -9999 -9999 -9999 -9999 -9999 -9999 -9999 -9999 -9999 -9999 -9999 -9999 -9999 -9999 -9999 -9999 -9999 -9999 -9999 -9999 -9999 -9999 -9999 -9999 -9999 -9999 -9999 -9999 -9999 -9999 -9999 -9999 -9999 -9999 -9999 -9999 -9999
47.23 52.75 40.43 29.14 36.24 17.34 9.25 21.16 23 30.33 28.18 24.71 24.84 34.67 43.68 56.51 61.25 60.11 63.28 66.6 61.43 57.78 48.33 51.35 56.74 56.51 61.2 72.46 79.83 83.26 87.86842 -9999 -9999 -9999 -9999 -9999 -9999 -9999 -9999 -9999 -9999 -9999 -9999 -9999 -9999 -9999 -9999 -9999 -9999 -9999 -9999 -9999 -9999 -9999 -9999 -9999 -9999 -9999 -9999 -9999 -9999 -9999 -9999 -9999 -9999 -9999 -9999 -9999 -9999 -9999 -9999 -9999 -9999 -9999 -9999 -9999 -9999
50.92 42.3 36.5 30.2 29.4 10.63 12.14 20.3 7.45 22.54 16.69 16.54 17.79 28.35 49.12 57.06 61.32 61.83 63.55 62.02 69.18 66.8 62.03 67.02 71.93 73.15 80.8 85.38 86.87 88.13043 87.62069 -9999 -9999 -9999 -9999 -9999 -9999 -9999 -9999 -9999 -9999 -9999 -9999 -9999 -9999 -9999 -9999 -9999 -9999 -9999 -9999 -9999 -9999 -9999 -9999 -9999 -9999 -9999 -9999 -9999 -9999 -9999 -9999 -9999 -9999 -9999 -9999 -9999 -9999 -9999 -9999 -9999 -9999 -9999 -9999 -9999 -9999
