layers/wordclim/past/Iberia_lig_10_ascii/bio_4.asc
ncols         166
nrows         94
xllcorner     -9.4959440078468
yllcorner     36.000324005443
cellsize      0.083333337679505
NODATA_value  -9999
[rows 62 to 92 of 94, columns 0 to 68 of 166]
-9999 -9999 4670 4818.216 4917.883 5030.821 5118.83 5185.24 5263.13 5345.75 5436.13 5530.16 5616.02 5730.68 5822.8 5915.89 5998.12 6090.67 6152.15 6238.51 6343.79 6452.96 6559.58 6677.6 6788.13 6884.44 6982.81 7094.92 7217.07 7328.12 7427.12 7516.65 7593.8 7675.8 7760.46 7847.96 7937.44 8017.83 8098.2 8183.36 8260.65 8337.64 8430.4 8494.97 8535.59 8613.19 8668.21 8732.27 8768.64 8822.8 8855.75 8880.22 8927.87 8958.63 9003 9032.02 9064.61 9093.25 9119.61 9143.21 9163.51 9191.36 9204.56 9212.76 9218.25 9225.18 9220.97 9227.67 9256.76
-9999 -9999 -9999 4838.417 4910.68 5037.75 5138.858 5190.094 5248.187 5346.143 5444.07 5528.09 5614.74 5737.12 5825.03 5917.55 6004.08 6082.09 6146.67 6237.31 6341.4 6444.26 6555.76 6665.11 6781.27 6873.22 6958.04 7072.76 7181.47 7304.09 7399.61 7498.39 7595.34 7676.64 7768.98 7836.21 7926.45 8014.65 8078.53 8171.39 8233.81 8330.51 8406.6 8473.5 8522.96 8599.7 8664.95 8706.37 8762.43 8803.44 8843.16 8882.61 8916.37 8957.21 8992.15 9014.29 9046.74 9069.28 9101.67 9143.67 9165.19 9175.35 9196.99 9200.32 9195.13 9206.83 9222.85 9223.58 9233.07
-9999 -9999 -9999 4799.743 4910.148 5038.628 5125.25 5170.235 5238.35 5338.744 5419.72 5526.49 5603.84 5704.35 5803.96 5907.98 5979.92 6075.88 6160.19 6252.71 6349.32 6443.25 6559.31 6658.07 6758.84 6848.74 6931.01 7050.11 7152.39 7262.56 7368.55 7474.58 7570.41 7667.63 7750.64 7835.2 7897.5 8005.7 8066.78 8151.32 8217.69 8301.12 8378.44 8453.55 8512.91 8576.61 8632.55 8676.75 8729.16 8784.78 8818.01 8866.25 8903.02 8932.86 8983.54 9019.49 9044.17 9060.92 9085.05 9103.4 9138.6 9173.66 9183.88 9203.93 9208.91 9190.68 9190.55 9231.99 9268.17
-9999 -9999 -9999 -9999 -9999 -9999 -9999 -9999 5239.393 5324.194 5411.231 5497.51 5591.43 5702.71 5789.75 5909.23 5998.97 6085.64 6188.47 6285.9 6374.42 6463.22 6554 6638.7 6726.15 6814.71 6916.68 7018.28 7118.27 7226.4 7334.82 7441.67 7544.53 7602.29 7705.17 7788.39 7882.59 7969.25 8048.05 8132.22 8215.78 8274.05 8367.56 8407.61 8498.81 8546.31 8599.76 8654.08 8711.86 8750.42 8799.41 8852.03 8886.72 8920.23 8962.82 8997.99 9034.99 9045.96 9071.99 9092.06 9095.31 9143.49 9150.96 9169.99 9194.21 9202.13 9155.03 9219.87 9225.27
-9999 -9999 -9999 -9999 -9999 -9999 -9999 -9999 5245.367 5315.32 5419.63 5514.07 5584.56 5681.53 5768.62 5886.03 5995.07 6096.5 6205.81 6289.73 6394.79 6491.7 6568.57 6625.47 6708.26 6783.23 6897.34 6976.6 7081.32 7179.14 7293.61 7393.72 7468.89 7552.83 7659 7742.66 7849.22 7932.41 8027 8104.29 8190 8254.93 8329.53 8393.85 8446.18 8512.39 8557.6 8625.12 8673.85 8718.81 8756 8807.91 8860.04 8900.81 8928.78 8967.81 9001.87 9012.17 9046.97 9076.09 9091.75 9124.73 9151.2 9131.65 9170.47 9180.11 9135.05 9157.76 9180.75
-9999 -9999 -9999 -9999 -9999 -9999 -9999 -9999 5232 5306.91 5422.69 5499.61 5580.13 5679.29 5760.69 5865.4 5972.29 6079.19 6198.8 6316.21 6394.51 6478.99 6545.74 6606.63 6676.21 6763.14 6860.84 6948.65 7039.31 7130.77 7221.89 7339.05 7446.21 7562.51 7638.53 7733.94 7806.66 7901.04 7985.95 8065.38 8147.71 8219.09 8293.43 8350.32 8413.51 8460.56 8512.24 8568.65 8633.45 8683.96 8732.6 8763.72 8804.7 8848.77 8887.36 8920.14 8947.52 8979.79 9008.57 9031.03 9059.81 9072.21 9121.98 9085.26 9116.42 9118.86 9093.84 9143.99 9075.96
-9999 -9999 -9999 -9999 -9999 -9999 -9999 -9999 5167.096 5292.98 5443.55 5498.5 5567.8 5646.94 5759.48 5859.84 5971.6 6086.07 6206.76 6299.23 6370.29 6437.38 6488.7 6575.72 6655.54 6736.18 6806.65 6903.19 6989.82 7098.15 7193.27 7296.57 7406.02 7522.29 7605.02 7704.65 7795.71 7871.22 7954.61 8033.16 8103.62 8168.36 8246 8308.28 8378.47 8429.87 8466.52 8524.53 8568.03 8622.02 8674.17 8727.89 8771.44 8804.4 8838.12 8877.93 8890.74 8908.28 8947.13 8964.44 8920.32 8956.13 8991.72 8990.03 9016.44 9014.92 9049.9 9010.27 8997.26
-9999 -9999 -9999 -9999 -9999 -9999 -9999 5034.667 5120.165 5272.89 5386.44 5491.21 5551.1 5632.26 5742.24 5847.4 5977.92 6109.62 6213.42 6323.51 6363.82 6427.12 6458.1 6555.77 6635.01 6720.71 6786.95 6875.68 6989.21 7091.7 7192.83 7278.75 7349.06 7458.87 7573.84 7658.41 7752.94 7840.71 7919.67 7986.12 8057.68 8122.36 8180.87 8255.59 8325.23 8393.11 8435.45 8473.09 8509.46 8533.88 8605.14 8655.6 8721.81 8759.93 8788.72 8820.18 8839.62 8821.85 8847.41 8840.46 8816.09 8831.79 8835.51 8833.35 8844.43 8845.96 8863.45 8896.13 8917.51
-9999 -9999 -9999 -9999 -9999 -9999 -9999 4986.077 5092.193 5246.5 5332.84 5437.59 5515.8 5609.83 5711.66 5825.99 5959.56 6059.94 6175.81 6284.54 6339.65 6368.27 6431.32 6521.09 6592.86 6662.52 6741.99 6815.54 6918.11 7005.6 7116.03 7241.4 7334 7422.32 7506.05 7579.94 7667.29 7769.81 7863.9 7925.5 8014.05 8079.41 8133.1 8210.94 8276.14 8323.33 8388.63 8434.63 8470.59 8515.54 8531 8574.27 8647.36 8684.95 8708.67 8745.14 8767.27 8729.95 8697.02 8707.49 8697 8765.1 8767.61 8803.91 8864.63 8848.36 8847.63 8892.36 8859.55
-9999 -9999 -9999 -9999 -9999 -9999 -9999 -9999 5079.585 5194.47 5299.46 5395.57 5496.82 5588.4 5701.79 5824.21 5939 6029.88 6114.86 6202.81 6255.68 6323.13 6376.81 6457.52 6538.94 6611.2 6666.09 6769.26 6899.18 6994.64 7078.98 7189.46 7280.7 7378.49 7466.97 7549.78 7618.77 7690.29 7785.84 7880.66 7946.3 8021.41 8056.96 8152.46 8209.99 8265.84 8327.09 8357.75 8391.76 8399.85 8463.85 8473.43 8519.76 8555.43 8600.52 8613.81 8610.9 8617.89 8635.44 8656.44 8679.11 8725.18 8760.33 8751.9 8814.57 8833.16 8840.66 8913.18 8865.39
-9999 -9999 -9999 -9999 -9999 -9999 -9999 -9999 5032.509 5171.3 5267.88 5370.04 5465.7 5560.35 5688.61 5795.08 5905.11 5990.29 6058.62 6127.6 6194.94 6259.48 6317.28 6404.83 6473.35 6532.84 6619.21 6708.08 6815.12 6884.44 6976.25 7065.1 7144.66 7254.06 7360.32 7463.38 7565.24 7632.65 7706.54 7808.81 7888.3 7955.55 8001.93 8051.83 8133.3 8184.43 8235.21 8256.15 8269.98 8325.21 8312.35 8317.66 8361.94 8405.08 8461.65 8517.28 8526.28 8540.75 8572.55 8583.67 8604.89 8669.51 8654.84 8692.26 8744.9 8832.45 8912.97 8993.17 8926.36
-9999 -9999 -9999 -9999 -9999 -9999 -9999 -9999 4975.255 5111.677 5222.05 5357.01 5472.47 5554.45 5642.61 5746.39 5855.68 5941.5 6003.15 6075.02 6138.78 6194.95 6243.54 6333.17 6379.6 6456.02 6516.95 6603.57 6701.75 6762.26 6850.68 6947.9 7016.07 7163.4 7282.28 7387.04 7476.77 7577.05 7642.29 7727.63 7809.99 7887.45 7959 7971.38 8021.35 8070.63 8127.26 8138.55 8119.18 8143.06 8175.72 8215.28 8278.55 8330.65 8365.06 8428.26 8459.08 8449.13 8428.98 8480.29 8493.83 8565.84 8571.91 8632.79 8724.32 8793.41 8925.81 8997.95 8971.87
-9999 -9999 -9999 -9999 -9999 -9999 -9999 -9999 4929.5 5044.37 5163.1 5322.89 5445.58 5557.87 5620.48 5712.4 5803.19 5883.8 5969.75 6009.24 6057.68 6099.44 6157.61 6236.65 6278.91 6343.37 6445.66 6543.23 6627.36 6668.38 6738.18 6867.97 6944.86 7084.18 7190.42 7267.38 7397.77 7489.61 7583.75 7656.88 7746.97 7807.95 7870.31 7902.55 7909.46 7933.43 7969.39 7975.13 8015.66 8061.67 8091.68 8129.56 8146.82 8218.81 8264.72 8300.67 8311.52 8357.03 8354.29 8414.17 8477.45 8497.29 8569.05 8563.41 8647.51 8799.6 8845.7 8925.5 8956.67
-9999 -9999 -9999 -9999 -9999 -9999 -9999 -9999 4904.468 5024.92 5125.62 5257.24 5367.01 5486.28 5573.31 5666.51 5756.72 5829.65 5903.75 5961.12 6016.11 6062.07 6107.36 6139.4 6228.81 6308.82 6386.85 6461.11 6511.12 6584.32 6632.54 6732.47 6872.51 6974.61 7079.16 7175.09 7312.23 7397.18 7475.58 7562.59 7644.75 7722.07 7766.14 7805.2 7837.01 7865.51 7883.82 7914.18 7945.99 7983.59 7993.79 8038.65 8051.71 8051.91 8094.16 8115.86 8166.09 8206.35 8258.89 8368.63 8437.36 8536.72 8595.34 8540.46 8550.98 8695.47 8768.84 8862.29 8903.36
-9999 -9999 -9999 -9999 -9999 -9999 -9999 -9999 4849.593 4998.78 5137.72 5235.26 5331.63 5450.03 5554.93 5649.14 5710.66 5773.25 5856.56 5906.54 5957.18 6005.66 6057.28 6102.73 6110.41 6213.36 6280.34 6343.59 6402.38 6457.32 6530.91 6640.72 6741.59 6836.17 6942.34 7038.06 7163.28 7252.94 7348.4 7466.54 7576.88 7650.53 7712.22 7746.4 7776.55 7803.8 7800.56 7791.01 7819.46 7855.47 7877.78 7915.66 7925.74 7918.68 7950.57 7969.29 8020.81 8098.38 8150.41 8190.92 8289.89 8483.96 8484.56 8472.28 8559.71 8621.74 8742.22 8771.53 8820.02
-9999 -9999 -9999 -9999 -9999 -9999 -9999 4637.75 4776.448 4959.53 5113.5 5247.2 5310.98 5388.29 5485.72 5573.79 5678.02 5733.24 5786.9 5845.43 5902.26 5934.78 5950.89 5994.2 6020.344 6109.12 6158.23 6225.57 6292.42 6342.8 6405.93 6492.26 6589.45 6696.38 6802.82 6942.15 7064.3 7166.85 7257.35 7375.36 7503.45 7594.9 7641.47 7655.5 7680.21 7677.94 7663.59 7680.42 7682.27 7699.36 7727.06 7738.23 7768.03 7804.14 7839.27 7873.24 7887.68 7924.03 7975.23 8067.02 8196.35 8267.81 8432.95 8455.51 8543.25 8612.24 8669.3 8696.38 8718.54
-9999 -9999 -9999 -9999 -9999 -9999 -9999 4588.912 4716.29 4927.74 5096.58 5207.33 5259.43 5348.1 5397.82 5477.13 5585.44 5664.13 5765.84 5824.97 5841.46 5885.47 5894.68 5897.69 5918.202 5986.09 6048.71 6088.13 6157.8 6217.32 6277.953 6377.115 6484.18 6611.51 6721.88 6809.59 6933.8 7041.36 7139.61 7248.08 7359.74 7443.55 7508.14 7539.99 7534.35 7539.24 7539.83 7544.79 7571.37 7579.79 7593.3 7614.2 7635.28 7696.6 7742.45 7875.95 7817.32 7831.12 7864.3 7919.41 7959.31 8077.6 8167.74 8253.44 8394.97 8457.9 8541.37 8551.91 8529.09
-9999 -9999 -9999 -9999 -9999 -9999 -9999 4437.846 4662.03 4869.04 5030.51 5122.17 5184.98 5255.65 5306.74 5375.29 5465.89 5523.52 5629.03 5722.72 5749.49 5756.47 5775.11 5790.88 5806.837 5873.961 5949.475 6010.766 6080.692 6148.28 6185.927 6282.065 6387.38 6485.73 6586.38 6680.45 6774.59 6885.71 6994.19 7099.69 7185.74 7280.78 7336.38 7377.98 7402.74 7404.74 7413.05 7420.47 7440.05 7481.51 7475.01 7515.57 7556.29 7601.22 7626.75 7740.43 7723.69 7759.39 7769.75 7806.43 7885.89 8089.75 8062.11 8059.49 8195.14 8132.46 8197.44 8262.51 8284.75
-9999 -9999 -9999 -9999 -9999 -9999 4111.5 4305.677 4549.41 4835.1 5012.059 5079.17 5133.045 5182.977 5223.041 5274.814 5322.4 5394.06 5497.08 5553.9 5564.15 5579.05 5606.516 5684.846 -9999 -9999 -9999 -9999 -9999 -9999 -9999 6217.077 6311.076 6381.652 6459.84 6538.27 6630.32 6733.52 6846.45 6954.81 7041.28 7117.66 7172.56 7195.94 7239.66 7264.7 7276.06 7290.89 7327.44 7388.47 7403.99 7428.45 7520.98 7499.67 7512.38 7589.6 7563.87 7610.43 7643.28 7681.03 7833.19 7952.24 8021.24 8120.58 8199.61 8146.38 8215.95 8284.92 8343.08
-9999 -9999 -9999 -9999 -9999 -9999 3920.057 4128.74 4429.6 4638 -9999 -9999 -9999 -9999 5159.6 -9999 5238.333 5264.828 5288.674 5355.859 5412.986 5472.857 -9999 -9999 -9999 -9999 -9999 -9999 -9999 -9999 -9999 -9999 -9999 6332.75 6378.442 6424.826 6505.16 6597.42 6695.55 6801.23 6895.86 6956.4 7008.39 7046.49 7081.1 7107.51 7126.8 7179.49 7199.96 7255.18 7301.5 7377.04 7352.41 7417.03 7441.62 7427.91 7416.43 7419.45 7505.15 7547.32 7726.89 7833.82 7998.33 8204.66 8267.9 8177 8202.26 8296.65 8353.7
-9999 -9999 -9999 -9999 -9999 -9999 -9999 -9999 -9999 -9999 -9999 -9999 -9999 -9999 -9999 -9999 -9999 -9999 5225.333 5269.526 -9999 -9999 -9999 -9999 -9999 -9999 -9999 -9999 -9999 -9999 -9999 -9999 -9999 -9999 -9999 6352 6376.135 6463.07 6546.737 6644.616 6749.188 6821.19 6873.17 6921.3 6965.93 6965.61 6981.46 7041.3 7086.66 7111.74 7157.9 7285.72 7320.44 7384.18 7250.16 7232.03 7271.21 7388.17 7566.21 7638.29 7671.49 7787.14 7779.07 7843.44 7947.55 8141.75 8168.13 8157.11 8289.73
-9999 -9999 -9999 -9999 -9999 -9999 -9999 -9999 -9999 -9999 -9999 -9999 -9999 -9999 -9999 -9999 -9999 -9999 -9999 -9999 -9999 -9999 -9999 -9999 -9999 -9999 -9999 -9999 -9999 -9999 -9999 -9999 -9999 -9999 -9999 -9999 6300.25 6308.628 6399.119 6512.772 6617.17 6709.39 6770.21 6794.95 6816.45 6808 6812.35 6892.45 6950.4 7035.78 7107.77 7156.03 7277.25 7318.07 7251.85 7179.24 7140.26 6957.36 7140.29 7201.45 7313.86 7527.83 7381.4 7228.08 7362.38 7907.75 8060.04 8159.72 8223.6
-9999 -9999 -9999 -9999 -9999 -9999 -9999 -9999 -9999 -9999 -9999 -9999 -9999 -9999 -9999 -9999 -9999 -9999 -9999 -9999 -9999 -9999 -9999 -9999 -9999 -9999 -9999 -9999 -9999 -9999 -9999 -9999 -9999 -9999 -9999 -9999 -9999 6143.477 6262.063 6381.3 6488.72 6586.1 6640.07 6634.29 6649.87 6655.82 6670.76 6783.26 7044.85 7075.91 7024.04 7092.33 7136.47 7348.29 7193.11 7216.21 6819.39 6737.41 6903.4 6818.46 6924.12 7203.03 7270.53 7057.09 6954.13 7201.88 7338.73 7442.866 7764.361
-9999 -9999 -9999 -9999 -9999 -9999 -9999 -9999 -9999 -9999 -9999 -9999 -9999 -9999 -9999 -9999 -9999 -9999 -9999 -9999 -9999 -9999 -9999 -9999 -9999 -9999 -9999 -9999 -9999 -9999 -9999 -9999 -9999 -9999 -9999 -9999 5978.714 6004.086 6097.82 6244.58 6355.8 6428.25 6466.08 6448.5 6479.5 6515.97 6560.93 6574.54 6796.39 7135.94 7088.93 7022.72 7149.17 7430.61 7236.43 6725.31 6543.37 6482.93 6523.02 6480.22 6529.817 6702.25 6776.125 6795.1 6775.48 -9999 6933.308 6946.5 7133.25
-9999 -9999 -9999 -9999 -9999 -9999 -9999 -9999 -9999 -9999 -9999 -9999 -9999 -9999 -9999 -9999 -9999 -9999 -9999 -9999 -9999 -9999 -9999 -9999 -9999 -9999 -9999 -9999 -9999 -9999 -9999 -9999 -9999 -9999 -9999 -9999 -9999 5883.104 5961.778 6065.167 6170.28 6243.32 6266.19 6291.85 6347.53 6395.9 6363.92 6516.58 6625.36 6878.77 6772.04 6823.88 6998.07 7102.44 6805.46 6781.19 6671.03 6530.06 6731.51 6536.785 6378.077 -9999 -9999 -9999 -9999 -9999 -9999 -9999 -9999
-9999 -9999 -9999 -9999 -9999 -9999 -9999 -9999 -9999 -9999 -9999 -9999 -9999 -9999 -9999 -9999 -9999 -9999 -9999 -9999 -9999 -9999 -9999 -9999 -9999 -9999 -9999 -9999 -9999 -9999 -9999 -9999 -9999 -9999 -9999 -9999 -9999 -9999 5741.714 5939.151 6035.42 6117.57 6139.61 6133.35 6204.49 6248.42 6494.23 6414.91 6588.26 6438.33 6455.96 6663.95 6585.7 6416.63 6297.58 6470.567 6336.9 6211.112 6211.736 6243 -9999 -9999 -9999 -9999 -9999 -9999 -9999 -9999 -9999
-9999 -9999 -9999 -9999 -9999 -9999 -9999 -9999 -9999 -9999 -9999 -9999 -9999 -9999 -9999 -9999 -9999 -9999 -9999 -9999 -9999 -9999 -9999 -9999 -9999 -9999 -9999 -9999 -9999 -9999 -9999 -9999 -9999 -9999 -9999 -9999 -9999 -9999 5728 5834.761 5905.17 5953.99 5992.09 5973.72 5957.87 5975.85 6213.59 6214.27 6049.06 5968.07 6111.98 6311.52 5984.325 5943.208 5956.938 -9999 6034 6073.333 -9999 -9999 -9999 -9999 -9999 -9999 -9999 -9999 -9999 -9999 -9999
-9999 -9999 -9999 -9999 -9999 -9999 -9999 -9999 -9999 -9999 -9999 -9999 -9999 -9999 -9999 -9999 -9999 -9999 -9999 -9999 -9999 -9999 -9999 -9999 -9999 -9999 -9999 -9999 -9999 -9999 -9999 -9999 -9999 -9999 -9999 -9999 -9999 -9999 -9999 5754.5 5773.474 5810.84 5837.52 5818.86 5767.95 5787.87 5901.4 6086.69 5828.82 5751.88 5768.35 5743.872 -9999 -9999 -9999 -9999 -9999 -9999 -9999 -9999 -9999 -9999 -9999 -9999 -9999 -9999 -9999 -9999 -9999
-9999 -9999 -9999 -9999 -9999 -9999 -9999 -9999 -9999 -9999 -9999 -9999 -9999 -9999 -9999 -9999 -9999 -9999 -9999 -9999 -9999 -9999 -9999 -9999 -9999 -9999 -9999 -9999 -9999 -9999 -9999 -9999 -9999 -9999 -9999 -9999 -9999 -9999 -9999 -9999 5674.394 5666.082 5673.16 5630.58 5614.54 5766.9 5839.06 5877.73 5681.9 5627.97 5579.319 5643 -9999 -9999 -9999 -9999 -9999 -9999 -9999 -9999 -9999 -9999 -9999 -9999 -9999 -9999 -9999 -9999 -9999
-9999 -9999 -9999 -9999 -9999 -9999 -9999 -9999 -9999 -9999 -9999 -9999 -9999 -9999 -9999 -9999 -9999 -9999 -9999 -9999 -9999 -9999 -9999 -9999 -9999 -9999 -9999 -9999 -9999 -9999 -9999 -9999 -9999 -9999 -9999 -9999 -9999 -9999 -9999 -9999 -9999 5560.717 5585.092 5543.873 5514.65 5569.23 5858.85 5548.01 5473.052 5471.17 5495.818 -9999 -9999 -9999 -9999 -9999 -9999 -9999 -9999 -9999 -9999 -9999 -9999 -9999 -9999 -9999 -9999 -9999 -9999
-9999 -9999 -9999 -9999 -9999 -9999 -9999 -9999 -9999 -9999 -9999 -9999 -9999 -9999 -9999 -9999 -9999 -9999 -9999 -9999 -9999 -9999 -9999 -9999 -9999 -9999 -9999 -9999 -9999 -9999 -9999 -9999 -9999 -9999 -9999 -9999 -9999 -9999 -9999 -9999 -9999 -9999 -9999 5542 5510.264 5548.91 5720.45 5924.25 5419.485 5345 -9999 -9999 -9999 -9999 -9999 -9999 -9999 -9999 -9999 -9999 -9999 -9999 -9999 -9999 -9999 -9999 -9999 -9999 -9999
