layers/wordclim/past/Iberia_lig_10_ascii/bio_3.asc
ncols         166
nrows         94
xllcorner     -9.4959440078468
yllcorner     36.000324005443
cellsize      0.083333337679505
NODATA_value  -9999
[rows 0 to 36 of 94, columns 0 to 81 of 166]
-9999 -9999 -9999 -9999 -9999 -9999 -9999 -9999 -9999 -9999 -9999 -9999 -9999 -9999 -9999 -9999 -9999 -9999 -9999 37.25 -9999 37.125 37 -9999 -9999 -9999 -9999 -9999 -9999 -9999 -9999 -9999 -9999 -9999 -9999 -9999 -9999 -9999 -9999 -9999 -9999 -9999 -9999 -9999 -9999 -9999 -9999 -9999 -9999 -9999 -9999 -9999 -9999 -9999 -9999 -9999 -9999 -9999 -9999 -9999 -9999 -9999 -9999 -9999 -9999 -9999 -9999 -9999 -9999 -9999 -9999 -9999 -9999 -9999 -9999 -9999 -9999 -9999 -9999 -9999 -9999 -9999
-9999 -9999 -9999 -9999 -9999 -9999 -9999 -9999 -9999 -9999 -9999 -9999 -9999 -9999 -9999 -9999 -9999 37.34146 37.01389 37.10448 37.25758 37.29546 37.11594 37.01515 37.07547 37.25 -9999 -9999 -9999 -9999 -9999 -9999 -9999 -9999 -9999 -9999 -9999 -9999 -9999 -9999 -9999 -9999 -9999 -9999 -9999 -9999 -9999 -9999 -9999 -9999 -9999 -9999 -9999 -9999 -9999 -9999 -9999 -9999 -9999 -9999 -9999 -9999 -9999 -9999 -9999 -9999 -9999 -9999 -9999 -9999 -9999 -9999 -9999 -9999 -9999 -9999 -9999 -9999 -9999 -9999 -9999 -9999
-9999 -9999 -9999 -9999 -9999 -9999 -9999 -9999 -9999 -9999 -9999 -9999 -9999 -9999 -9999 37.13334 37.10606 37.14737 37.1 37.28 37.14 37.11 37.13131 36.99 37 37 36.91667 -9999 -9999 -9999 -9999 -9999 -9999 -9999 -9999 -9999 -9999 -9999 -9999 35.66667 -9999 35 34.11111 33.875 33.19231 -9999 -9999 -9999 -9999 -9999 -9999 -9999 -9999 -9999 -9999 -9999 -9999 -9999 -9999 -9999 -9999 -9999 -9999 -9999 -9999 -9999 -9999 -9999 -9999 -9999 -9999 -9999 -9999 -9999 -9999 -9999 -9999 -9999 -9999 -9999 -9999 -9999
-9999 -9999 -9999 -9999 -9999 -9999 -9999 -9999 -9999 -9999 -9999 -9999 -9999 -9999 37.27778 37.15789 37.26263 37.19 37.13 37.06 37 37.02 37.05 36.98 37 36.93 36.88421 36.74683 36.38028 36.07273 36.25 36.13095 36.13158 36.05195 36.06329 36.0303 36.0274 36.26389 36.39773 36.3299 36.05128 35.69048 35.07071 34.43 33.8 32.2987 31.5082 32.2 31.94915 31.36957 31.48276 -9999 -9999 -9999 -9999 -9999 -9999 -9999 -9999 -9999 -9999 -9999 -9999 -9999 -9999 -9999 -9999 -9999 -9999 -9999 27.75 27.66667 -9999 -9999 -9999 -9999 -9999 -9999 -9999 -9999 -9999 -9999
-9999 -9999 -9999 -9999 -9999 -9999 -9999 -9999 -9999 -9999 -9999 -9999 -9999 -9999 37.0566 37.21739 37.30303 37.03 36.99 37.07 37.01 36.91 36.77 36.71 36.99 36.78 36.64 36.47 36.05 36.05051 36.03 36.03 36.08 36.02 36.01 36.11 36.2 36.5 36.58 36.73 36.13131 36.63 36.82 35.86 34.7 34.1 34.11 33.71 32.3 32.27 31.93 31.85897 31.28205 31.11864 30.94 30.57143 30.10526 -9999 -9999 -9999 -9999 -9999 -9999 -9999 28.71428 28.33333 28 28 27.92683 27.90476 27.91667 27.67816 27.47826 -9999 -9999 -9999 -9999 -9999 27.83333 28.25 29.17241 29.5
-9999 -9999 -9999 -9999 -9999 -9999 -9999 36 -9999 -9999 -9999 -9999 37.02778 37.22581 37.01493 37.10417 37.2 37 36.98 36.99 37 36.98 36.93 36.78 36.85 36.48 36.18 36.03 36 35.99 35.94 35.96 36 35.93 35.94 36.02 36.08 36.15 36.53 36.53 36.62 36.43 36.19 36.58 35.71 35.18 34.66 34.09 33.46 32.87 32.26 31.58 31.41 31.53 31.41 31.3 31.2 30.74468 30.34568 30.0411 29.88312 29.42308 29.08333 29.01205 28.91837 28.37 28.17 28.04 28.125 27.99 28.02 27.82 27.71428 27.8 27.77528 27.37037 27.07407 27.09524 27.33333 28.14 29.11 29.76744
-9999 -9999 -9999 -9999 -9999 -9999 36 36 36.01351 36.03846 36.06757 36.3253 36.67 36.90909 37.02 37.04396 37.03 37 36.97 36.96 36.97 36.97 36.95 37 36.46 36.17 36 36 35.91 35.96 35.85 35.93 35.88 35.61 35.73 36 36.05 36.1 35.96 36.42 36.58 36.58 36.57 36.51 36.42 35.66 35.02 34.6 33.94 33.4 33.06 32.81 32.15 32.08 31.96 31.71 31.48 31.44 30.67 30.55 30.1 29.88 29.65 29.33 29.24 28.92 28.57 28.41 28.52 28.83 28.57 28.43 28.14 28.31 28.34 28.39 27.8 27.89796 27.18182 28.12 28.91 29.71
-9999 -9999 -9999 36 35.85714 35.89474 35.76712 35.66 35.77 35.74 35.81 35.82 36.01 36.25 36.66 36.95 36.78 37 36.98 36.98 36.96 36.95 36.91 36.61 36.19 36.02 36 35.92 35.78 35.65 35.49 35.6 35.21 35.1 35.49 35.71 35.87 35.28 35.48 35.33 35.37 36.01 34.77 35.9 36.09 35.3 34.84 34.34 33.94 33.78 32.98 32.84 32.74 32.17 31.71 31.77 31.66 31.56 31.11 31.02 30.78 30.43 30.02 29.96 29.61 29.14 29.22 29.02 28.87 29.5 29.74 29.12 28.58 28.51 28.64 28.36 28.07 28.34 28.76 28.41 29.08 29.89
-9999 -9999 -9999 36 35.86021 35.54 35.54 35.07 35.03 35.05 35.05 35.25 35.5 35.67 36.07 36.25 36.51 36.84 36.86 36.93 36.88 36.76 36.54 36.17 36.05 35.99 35.86 35.57 35.17 35.13 35.05 35.12 35 34.98 35.03 35.19 34.93 34.46 35.03 34.54 34.74 34.5 35.13 35.02 35.25 34.57 34.25 33.98 33.48 33.05 32.94 32.69 32.37 32.25 31.97 31.81 31.78 31.73 31.1 31.03 31.03 30.91 30.58 30.36 30.19 29.57 29.81 29.34 29.39 29.92 30.03 29.89 29.87 29.36 28.47 28.61 28.35 28.6 28.79 29.17 29.5 30.4
-9999 -9999 36.07692 35.83505 35.43 35.12 35.05 34.91 34.98 34.87 34.98 35.01 35.11 35.11 35.87 36.02 36.57 36.94 36.7 36.84 36.63 36.44 36.1 36 35.96 35.78 35.33 35.02 35.03 35 35 34.98 34.9 34.7 34.95 34.54 34.47 33.46 33.47 33.59 32.96 33.45 33.07 34.24 34.49 33.17 32.91 33.11 32.68 32.47 32.8 32.42 32.4 32.11 31.97 31.96 31.51 31.24 31.14 31.01 31 31 30.98 30.64 30.25 30.03 30.01 29.92 29.88 29.79 29.5 29.47 29.39 29.43 29.45 29.7 29.5 28.97 29.18 30.01 30.76 30.82
-9999 -9999 36 35.90588 35.15152 34.99 34.9 34.8 34.87 34.5 34.58 34.77 34.78 34.9 35.59 36.09 36.81 36.87 36.78 36.51 36.43 36.05 36 36 35.71 35.44 35 35 35 34.98 34.84 34.67 34.77 34.5 34.2 34.05 33.67 34.04 33.9 33.81 33.51 33.71 33.46 33.19 33.25 33.19 33.01 33.04 32.67 32.76 32.96 32.63 32.33 32.17 32.02 31.87 31.46 31.22 31.17 31.11 31 31 31 30.63 30.35 30.1 30.01 30 29.91 29.68 29.34 29 29.07 29.35 29.62 29.73 29.99 29.83 29.85 30.01 30.33 30.62
-9999 -9999 36 -9999 35.37931 34.96 34.78 34.49 34.61 34.36 34.66 34.58 34.18 34.87 35.38 36.05 36.49 37 36.92 36.55 36.16 36 35.99 35.73 35.33 35 35 34.95 34.84 34.53 34.42 34.03 33.79 33.69 33.9 33.87 33.85 33.77 33.2 33.34 33.04 32.95 33.29 33.62 33.02 33.26 33.2 33.04 32.83 32.97 32.88 32.52 32.48 32 32 31.94 31.79 31.62 31.28 31.11 31 31 31 30.58 30.39 30.06 30.02 29.95 29.9 29.54 29.54 29.37 29.15 29.47 29.63 29.89 29.79 29.94 30.06 30.13 30.06 30.49
-9999 -9999 -9999 -9999 35.275 35 34.69697 34.52747 34.28 34.17 34.35 34.66 34.56 34.97 35.28 36.13 36.77 36.86 36.54 36.39 35.99 35.72 35.53 35.17 35 34.93 34.7 34.63 34.16 34.08 34 33.63 33.85 33.96 34 34.03 33.84 33.31 33.09 33.1 33.32 33.62 33.87 33.72 33.69 33.22 33.58 33.23 33.01 33 33 32.91 32.55 32.01 32 32 31.88 31.89 31.48 31.07 31 31 30.82 30.33 30.31 30.12 30.01 30 29.89 29.85 29.96 29.6 29.64 29.29 29.23 29.35 29.91 29.68 30 30 30.22 30.87
-9999 -9999 -9999 -9999 35 35 34.55435 34.17 34.12 34.03 34.25 34.42 34.65 35.21 35.69 36.01 36.3 36.39 35.98 35.93 35.77 35.2 35.04 35.01 34.87 34.61 34.3 34.05 34 34 34 33.99 33.99 33.95 33.95 33.99 33.91 33.82 33.85 33.7 33.36 33.38 33.58 33.75 33.65 33.28 33.53 33.21 33 33 33 32.8 32.35 32.02 32 32 31.99 31.92 31.42 31.05 31 30.99 30.97 30.91 30.54 30.26 30 30 29.96 30 30 29.87 29.26 29.81 29.81 29.96 29.93 29.71 29.91 30 30.24 30.8
-9999 -9999 -9999 -9999 -9999 34.98305 34.61702 34.7 34 34.01 34.02 34.48 34.96 35.36 35.59 35.99 36.01 35.94 35.77 35.37 35.19 35 34.98 34.63 34.32 34.13 34.01 34 33.85 33.84 33.94 33.97 33.86 33.61 33.27 33.32 33.69 33.98 33.91 33.5 33.72 33.91 33.58 33.74 33.36 33.26 33.36 33.01 33 33 32.97 32.78 32.3 32.08 32.01 32 31.99 31.88 31.34 31.06 31 30.98 30.91 30.55 30.21 30.02 30 30 30 30 29.98 29.51 29.21 29.45 29.76 29.96 30 29.99 30.01 30 30.43 30.98
-9999 -9999 -9999 -9999 -9999 34.97143 34.89474 34.5 33.9759 33.83 34.02 34.52 35.04 35.48 35.45 35.69 35.79 35.48 35.14 35.04 35 34.71 34.52 34.02 34.01 34.02 34 34 33.8 33.72 33.85 33.77 33.38 33.23 33 33.01 33.3 33.29 33.19 33 33.36 33.51 33.19 33.56 33.36 33.14 33 33 33 32.98 32.91 32.73 32.2 32 32 32 32 31.82 31.28 31.02 31 31 30.7 30.22 30.01 30 30 30 29.99 29.98 29.9 29.78 29.93 29.91 29.94 30 30 30 30 30 30.03 30.37
-9999 -9999 -9999 -9999 -9999 35 34 34.1875 33.98913 33.95506 33.29 34.32 35.26 35.43 35.53 35.55 35.37 35.11 34.97 34.93 34.59 34.32 34.01 34 34 34 33.98 33.99 33.76 33.79 33.78 33.41 33.13 33.06 32.99 32.98 32.8 32.97 33.01 33.02 33.2 33.24 33.1 33.02 33 33 33 33 32.96 32.97 32.91 32.28 32.01 32 32 32 31.98 31.93 31.4 31.01 31 31 30.6 30.1 30 30 29.99 30 29.86 29.68 29.86 29.99 29.96 29.97 30 30 30 30 30 30.03 30.18 30.22
-9999 -9999 -9999 -9999 -9999 -9999 34.33333 34 34 34.04412 33.74194 34.56 35.34 35.35 35.26 35.09 34.85 34.82 34.4 33.96 33.86 34.02 33.89 33.99 33.99 33.95 33.83 34 33.99 33.58 33.33 33.16 32.91 32.8 32.86 32.33 32.26 32.67 32.98 33 33 33.03 33 33 33 33 33 32.96 32.98 32.84 32.33 32.05 32.01 32 32 32 31.91 31.61 31.25 31.01 31 30.93 30.2 30.01 30 30 30 29.93 29.59 29.13 29.5 29.94 30 30 30 30.01 30.07 30.24 30.23 30.24 30.07 30.58
-9999 -9999 -9999 -9999 -9999 -9999 -9999 34.53846 34.28205 34.37879 34.26389 34.87 35.46 35.41 35.04 35.05 34.8 34.55 34.43 33.78 34 34 33.97 33.8 33.26 33.31 32.95 33.67 33.63 33.19 32.88 32.69 32.38 32.52 32.55 32.84 32.86 32.41 32.67 32.97 33 33 33 33 33 33 33 33 32.7 32.5 32.08 32.02 32 32 32 31.97 31.81 31.49 31.37 31.01 31 30.9 30.47 30.07 30 30 29.93 29.52 29.2 29.17 29.68 29.93 30 30 30 30.01 30.02 30.05 30.43 30.82 30.6 30.97
-9999 -9999 -9999 -9999 -9999 -9999 -9999 35 34.73529 34.61538 34.77 35.08 35.12 35.48 35.39 35.22 35 34.88 34.5 34.16 34 34 34 33.34 32.89 32.58 32.28 32.89 33.44 32.97 32.59 32.09 31.44 31.63 31.95 32.11 32.28 32.56 32.69 32.98 33 33 33 33 32.99 33 32.68 32.64 32.07 32.03 32 32 32 32 32 31.91 31.74 31.39 31.04 31 31 30.9 30.4 30 30 30 29.8 29.54 29.02 29.04 29.44 29.75 30 30 30 30 30 30.16 30.16 30.66 30.86 30.99
-9999 -9999 -9999 -9999 -9999 -9999 -9999 35.45454 35.18681 35.45 35.1 35.33 35.47 35.75 35.88 35.47 34.83 34.51 34.5 34.06 33.97 34 33.91 33.37 33.03 32.58 32.71 32.95 33.07 32.54 32.16 31.65 31.79 32.66 32.84 32.83 32.78 32.82 32.97 33 32.98 32.94 32.9 32.88 32.63 32.75 32.27 32.04 32 32 32 32 32 32 32 31.81 31.26 31 31.01 31 31 30.92 30.4 30 30 29.98 29.65 29.44 29.42 29.45 29.31 29.72 29.88 29.95 30 30 30 30.03 30.27 30.53 30.49 30.86
-9999 -9999 -9999 -9999 -9999 -9999 -9999 35.98413 35.95 35.81 35.85 35.9 35.9 35.99 35.36 34.43 33.55 33.82 34.02 34.01 33.9 33.95 33.97 33.28 33.81 33.08 33.02 33.03 32.91 32.48 32.24 31.87 31.86 32.9 32.97 32.98 32.98 32.96 32.96 32.89 32.82 32.69 32.78 32.29 32.28 32.06 32 32 32 32 32 32 32 32 31.96 31.39 31.16 31.04 31 31 31 30.93 30.07 30 30 29.95 29.65 29.25 29.06 29.08 29.2 29.25 29.57 29.92 29.99 30 30 30.01 30.01 30 30.09 30.23
-9999 -9999 -9999 -9999 -9999 -9999 -9999 36.33333 36.23 36.11 36.14 36.05 36.02 35.74 34.11 34.72 34.62 34.76 34.28 33.31 32.98 33.21 33.44 33.66 33.99 33.6 33.2 33.35 33.1 32.89 32.9 32.68 32.17 32.96 32.99 32.96 32.83 32.81 32.64 32.71 32.44 32.27 32.07 32 32 32 32 32 32 32 32 32 32 31.59 31.3 31.41 31.45 31.05 31 31 30.99 30.51 30.07 30 30 29.96 29.7 29.05 29.1 29.03 29 29.1 29.49 29.81 29.9 29.98 30 30 30 30.12 30.54 30.48
-9999 -9999 -9999 -9999 -9999 -9999 -9999 36.90909 36.93182 36.67 36.76 36.2 36.51 36.28 35.73 35.65 35.24 33.88 32.59 32.56 32.21 32.39 33.61 33.73 34 33.76 33.05 33.45 33.22 32.9 32.87 33 32.99 33.01 32.97 33 32.91 32.56 32.17 32.04 32.05 32.1 32 32 32 32 32 32 32 32 32 31.94 31.63 31.3 31.42 31.16 31.01 31 31 30.97 30.54 30.14 30 30 30 30 29.35 29.22 29 29 29 29 29.2 29.68 29.81 30 30 30 30 30.11 30.51 30.98
-9999 -9999 -9999 -9999 -9999 -9999 -9999 37.34884 37.13 36.8 37.23 36.86 36.96 36.56 36.05 34.75 33.81 32.77 33.43 32.63 32.57 32.51 32.99 33.74 34.02 33.79 33.09 33.59 33.26 33.28 32.93 32.65 33 33 32.99 33 32.93 32.25 32.09 32.02 32 32 32 32 32 32 32 32 31.99 31.97 31.93 31.64 31.56 31.35 31.1 31.04 31 31 30.69 30.52 30.11 30.01 30 29.99 29.73 29.16 29.01 29 29 29 29 29 29 29.06 29.11 29.59 29.95 30 30 30 30.26 30.89
-9999 -9999 -9999 -9999 -9999 -9999 -9999 37.88 37.78889 37.81633 37.66 36.99 36.83 36.81 36.45 35.78 35.17 35.13 34.04 32.98 32.54 33.37 34.08 34.33 33.83 33.26 33.69 33.86 33.88 33.17 32.84 32.12 32.94 32.92 33 32.96 32.63 32.02 32 32 32 32 32 32 31.99 31.99 32 31.93 31.71 31.63 31.57 31.72 31.39 31.02 31 31 31 30.8 30.13 30.12 30 30 30 29.76 29.12 29 29 28.96 28.97 29 29 28.99 28.99 29 29 29.07 29.55 29.97 30 30 30.04 30.62
-9999 -9999 -9999 -9999 -9999 -9999 -9999 -9999 38.14474 37.99 37.98 37.77 37.74 37.34 37.05 36.35 35.85 34.06 33.51 33.73 34.42 34.25 34.63 34.59 33.12 33.82 34 34 33.9 33.3 32.81 32.57 32.44 32.88 32.96 32.67 32.14 32 32 32 32 31.99 31.98 31.96 31.56 31.36 31.6 31.55 31.34 31.66 31.36 31.09 31.03 31 31 31 30.97 30.26 30 30 29.97 29.92 29.43 29.12 29 29 29 28.96 28.74 28.69 28.6 28.76 28.83 28.98 29 29 29.03 29.54 29.94 30 30 30.06
-9999 -9999 -9999 -9999 -9999 -9999 -9999 -9999 38.41304 38.56 38.32 38.13 37.99 37.42 37.18 36.92 35.88 35.54 35.41 35.1 35.43 33.63 33.93 32.83 33.22 33.93 34 34 33.8 33.12 32.98 32.96 32.81 32.99 32.62 32.16 32 32 32 32 32 31.87 31.44 31.66 31.4 31.17 31.4 31.51 31.25 31.1 31.01 31 31 31 31 30.88 30.31 30 30 30 29.75 29.35 29 29 29 28.99 28.99 28.76 28.16 28.15 28.58 28.59 29 29 29 29 29 29.07 29.39 29.81 30 30
-9999 -9999 -9999 -9999 -9999 -9999 -9999 -9999 39 38.99 38.63 38.3 37.99 37.93 37.53 36.95 36.33 35.9 36.55 35.48 33.76 33.3 33.16 33.66 34.02 33.77 33.57 34 33.5 32.74 32 32.81 32.81 32.8 32.25 32.01 32 32 32 31.82 31.8 31.77 31.26 31.2 31.12 31.04 31.24 31.14 31.07 31.05 31 31 31 31 30.88 30.15 30 30 30 29.71 29.22 29 29 28.96 28.86 28.57 28.07 28.02 28.41 28.71 28.74 28.3 28.57 28.76 28.96 29 29 29 29.02 29.26 29.65 29.96
-9999 -9999 -9999 -9999 -9999 -9999 -9999 -9999 39.16667 39.18182 39 38.91 38.31 38.02 37.65 37.31 36.52 36.51 36.61 35.23 32.21 34.32 33.8 33.77 34.09 34.03 33.99 33.7 33.15 32.91 32.53 32.78 32.42 31.96 31.8 31.93 31.94 31.98 31.59 31.16 31.46 31.16 31.02 31.08 31.04 31.16 31.36 31.22 31.07 31 31 31 31 30.96 30.21 30.02 30 29.99 29.81 29.1 29 29 28.72 28.17 28.02 28.01 28 28 28.09 28.01 28 28 28.04 28.09 28.92 28.99 29 29 29 29.01 29.14 29.79
-9999 -9999 -9999 -9999 -9999 -9999 -9999 -9999 -9999 39.75949 39.2 39.03 38.29 37.82 37.62 37.5 37.07 36.99 35.41 34.14 35.25 35.69 34.36 34.7 33.59 33.89 33.04 32.83 33.04 32.97 32.7 32.63 32.07 31.59 31.73 31.85 31.81 31.43 31.12 31.19 31.04 31 31.01 31.02 31.05 31.62 31.68 31.31 31.05 31.01 31 31 31 30.83 30.38 30.03 30 29.92 29.16 29 28.99 28.49 28.11 28 28 28 28 27.99 28 28 28 28 28.25 28.68 28.93 29 29 29 29 29 29 29.62
-9999 -9999 -9999 -9999 -9999 -9999 -9999 -9999 -9999 39.98113 39.78 39.21 38.73 38.1 37.83 37.42 37.27 35.8 34.91 34.57 35.89 35.69 34.98 34.89 34.35 33.59 32.53 32.23 32.87 32.69 32.07 32.16 31.53 31.39 31.29 31.27 31 31 31 31.02 31 31 31 31.01 31.24 31.71 31.68 31.74 31.46 31.1 31.09 31 31 30.86 30.09 30 30 29.24 29 29 28.46 28 28 28 27.95 27.6 27.36 27.45 27.89 28 28 28.13 28.71 28.86 29 28.98 29 29 29 29 29 29.03
-9999 -9999 -9999 -9999 -9999 -9999 -9999 -9999 -9999 40 39.90322 39.36 38.98 38.39 37.88 37.65 37 36.46 36.29 35.37 35.73 35.29 34.7 34.26 33.84 33.47 33.32 33.02 33.01 32.11 31.73 31.73 31.6 31.19 31 31 31 30.99 31 31 31 31 31 31 31.56 31.7 31.68 31.86 31.66 31.61 31.08 31 30.91 30.11 30.01 29.99 29.62 29.01 29 28.8 28.03 28 27.99 27.86 27.22 27.05 27.01 27.05 27.56 28.04 28.21 28.58 28.42 28.11 28.53 28.44 28.51 28.52 28.64 28.69 28.85 29
-9999 -9999 -9999 -9999 -9999 -9999 -9999 -9999 -9999 -9999 39.91667 39.1 39 38.52 37.99 37.16 35.2 35.27 33.28 33.2 34.51 33.46 33.55 32.78 32.14 32.12 32.5 32.3 32.87 32.18 31.99 31.71 31.52 31.02 30.87 30.95 30.72 30.87 30.85 30.87 31 31 31 31 31.17 31.62 31.99 31.96 32 31.6 31.01 31 30.62 30.01 30 29.82 29.07 29 28.97 28.14 28 28 27.61 27.11 27 27 27.15 28.07 28.23 28.17 27.45 27.61 28.09 28.05 27.93 28 28.05 28 28 28.02 28.43 28.99
-9999 -9999 -9999 -9999 -9999 -9999 -9999 -9999 -9999 -9999 39.88372 39.11 38.67 38.02 37.66 37.05 35.97 33.94 32.69 32.68 32.26 31.87 32.5 32.91 31.61 30.78 31.41 32.15 32.13 31.42 31.19 31.26 30.9 30.5 30.25 30.54 30.18 30.12 30.32 30.42 30.63 30.92 31 31 31.01 31.32 31.73 32 31.97 31.26 31 30.9 30.05 30 29.99 29.29 29 29 28.72 28.01 28 27.69 27.1 27 26.99 27.07 28.2 28.52 27.76 27.23 27.04 27.15 27.54 27.48 27.31 27.55 27.64 27.74 27.86 28 28.01 28.65
-9999 -9999 -9999 -9999 -9999 -9999 -9999 -9999 -9999 39.9375 39.96939 39.17 38.67 37.55 35.6 35.13 35.06 35.58 35.06 34.28 32.86 32.09 31.73 31.72 31 30.36 30.9 31.82 31.55 30.8 30.18 30.39 30.47 30.04 30 30.01 30.05 30 30.07 30.06 30.15 30.7 31 31 31 31.02 31.11 31.41 31.62 31.04 31 30.63 30.07 30 29.63 29.04 29 28.86 28.33 28 28 27.41 27 27 27.08 27.47 28.66 27.48 27.85 27.63 27.12 26.95 26.96 27 27 27 27 27.07 27.8 28 28.04 28.28
-9999 -9999 -9999 -9999 -9999 -9999 -9999 -9999 -9999 40 39.93258 39.37 38.79 36.84 36.99 35.92 35.63 36.24 35.48 34.4 33.3 32.72 32.22 31.36 31.04 30.11 30.67 31.04 30.56 30.59 30.07 29.86 29.97 30.01 29.93 29.93 30 30 30 30 30 30.23 30.38 30.48 30.83 30.98 30.99 31 31 31 30.74 30.04 30 29.82 29.07 29 29 28.71 28.05 28 28 27.53 27.25 27.35 28.3 28.4 28.68 28.17 27.34 26.79 26.74 26.39 26.86 27 26.99 26.96 26.98 27.07 27.84 27.99 28 28
