layers/wordclim/past/Iberia_lig_10_ascii/bio_11.asc
ncols         166
nrows         94
xllcorner     -9.4959440078468
yllcorner     36.000324005443
cellsize      0.083333337679505
NODATA_value  -9999
[rows 34 to 67 of 94, columns 0 to 76 of 166]
-9999 -9999 -9999 -9999 -9999 -9999 -9999 -9999 -9999 -9999 84.76744 77.8 73.45 70.13 68.32 65.16 56.88 42.44 34.08 36.13 35.19 33.61 39.73 46.09 37.56 32.36 39.25 49.49 52.86 45.25 43.75 45.99 38 35.06 32.93 32.15 29.45 26.33 26.04 25.41 23.26 22.6 24.03 24.15 23.42 23.27 24.28 25.83 26.11 23.86 22.87 21.92 21.05 20.91 20.55 19.73 19.95 20.09 18.58 17.15 15.73 16.29 16.73 15.71 11.14 6.13 -10.4 -18.17 -4.17 5.86 9.77 11.31 6.36 6.4 12.36 12.29 13.09
-9999 -9999 -9999 -9999 -9999 -9999 -9999 -9999 -9999 88.375 86.55102 80.25 74.07 65.48 50.32 49.29 50.46 57.6 54.36 49.54 42.09 38.47 37.68 40.31 36.8 33.78 39.79 48.62 49.06 41.82 37.33 39.18 39.85 34.02 31.48 30.29 30 28.85 28.49 27.31 25.64 24.59 24.11 22.98 21.96 22.02 21.87 23.05 24.94 24.08 21.76 20.57 18.29 17.86 18.56 18.78 19.85 19.5 17.83 15 13.17 13.97 14.02 12.41 6.85 0.69 -19.17 -1.2 -7.55 -2.23 9.28 15.81 19.73 18.66 15.28 17.05 19.88
-9999 -9999 -9999 -9999 -9999 -9999 -9999 -9999 -9999 88.76667 88.06741 84.02 77.25 60.19 63.9 57.22 57.17 65.49 60.81 53.78 48.42 46.08 44.83 41.5 40.41 35.65 41.84 46.44 44.16 45.3 38.96 35.39 36.49 36.14 31.98 29.6 29.04 29.84 28.01 27.26 26.09 23.59 22.37 20.37 19.15 17.75 18.24 23.45 22.98 22.49 21.82 19.3 16.16 13.92 14.36 16.82 14.97 16.68 14.81 12.3 9.68 9.73 9.33 3.27 -11.76 -12.85 -20.74 -12.93 4.95 15.44 18.62 24.03 22.12 17.02 17.31 20.35 23.41
-9999 -9999 -9999 -9999 -9999 -9999 -9999 -9999 -9999 89.81081 89.01087 85.6 81.76 76.53 64.73 65.45 60.89 64.01 57.98 55.08 56.11 54.98 52.62 48.05 46.24 46.88 46.42 43.76 39.56 39.09 38.6 34.05 34.82 34.65 34.31 29.23 28.78 29.88 27.9 25.77 24.58 23.3 20.12 17.28 16.26 19.85 23.05 22.83 21.34 19.67 17.56 14.3 8.88 8.7 6.68 5.56 5.91 9.99 8.61 7.42 0.36 1.32 -2.14 -3.3 0.64 8.46 9.73 15.05 17.02 14.68 23.1 28.16 24.13 21.43 19.94 23.84 21.57
-9999 -9999 -9999 -9999 -9999 -9999 -9999 -9999 91 90.22973 88.34021 87.56 85.82 78.4 68.88 56.15 51.43 63.71 64.39 63.09 60.77 56.31 51.42 52.88 54.57 50.6 46.08 33.15 34.32 36.16 34.43 33.78 33.59 35.96 37.02 35.88 32.06 27.65 25.32 22.66 19.94 17.21 18.8 20.89 20.83 21.09 21.24 20.39 17.74 13.1 8.42 5.88 -0.38 -0.94 0.89 4.63 8.92 9.8 6.35 2.43 -1.23 -3.77 -2.12 -5.56 9.26 18.52 14.23 16.05 24.52 26.72 29.62 30.68 25.67 25.36 23.65 26.72 18.19
-9999 -9999 -9999 -9999 -9999 -9999 -9999 -9999 91.67742 90.64 88.49 88.72 87.6 82.42 68.42 53.93 71.4 70.7 69.7 65.04 64.02 61.17 60.1 53.52 35.28 29.05 33.06 32.2 33.3 34.44 35.17 31.53 33.93 36.92 36.36 36.21 33.76 23.85 17.68 9.39 16.64 18.45 24 24.68 20.57 18.86 20.76 17.24 12.36 11.1 9.72 1.8 -8.18 1.34 5.57 4.18 0.24 -0.22 3.14 10.82 7.45 12.8 12.19 9 18.31 21.61 26.04 27.9 30.48 27.91 29.96 30.48 28.34 29.14 29.12 21.08 16.74
-9999 -9999 -9999 -9999 -9999 -9999 -9999 -9999 92.67742 90.78 89.17 88.11 88.27 81.17 73.66 74.16 75.05 74.67 71.51 69.22 64.25 58.92 41.08 20.61 26.32 32.32 39.12 32.54 35.14 36.96 34.48 31.23 35.8 35.59 31.21 31.15 30.69 25.59 23.45 23.4 23.88 36.78 35.31 27.76 26.33 17.97 16.41 17.86 16.6 11.08 -1.71 -12.57 -13.76 -11.15 -13.36 -6.71 5.59 12.63 18.73 18.96 23.01 26.7 22.21 22.26 27.18 30.53 32.24 28.69 31.2 30.07 29.79 32.63 32.87 30.48 22.98 18.29 19.77
-9999 -9999 -9999 -9999 -9999 -9999 -9999 94 93 91.39 89.75 87.86 88.04 79.97 79.15 82.32 79.28 75.98 71.76 65.45 60.78 41.51 7.81 20.06 42.13 51.47 50.62 39.99 35.27 35.29 31.26 30.6 30.75 30.46 30.26 29.01 20.5 25.4 27.26 39.26 43.94 40.85 31.28 27.68 15.87 -4.67 -0.33 14.88 10.16 -5.51 -10.71 -11.26 -11.58 -2.81 -1.59 5.56 9.98 6.31 3.25 9.14 27.19 29.84 30.58 32.79 36.64 33.62 33.22 30.47 30.57 33.61 31.91 32.54 32.59 26.72 21.5 20.46 23.05
-9999 -9999 -9999 -9999 -9999 -9999 -9999 94.46667 92.8 91.2 89.5 89.65 89.06 81.16 80.29 83.25 78.73 75.28 71.47 62.95 56.06 45.06 20.04 23.76 53.92 57.22 52.09 47.66 40.07 31.81 28.34 23.49 27.55 29.16 25.17 31.81 35.02 40.89 42.85 45.7 49.7 42.24 36.68 29.12 -1.37 -15.66 1.67 5.82 -3.46 -13 -23.41 -17.96 -9.68 7.02 1.8 3.64 22.57 33.6 29.07 25.06 25.87 29.1 35.63 39.45 36.37 33.47 34.49 32.29 31.44 33.81 34.39 35.16 31.52 25.24 24.07 24.91 22.22
-9999 -9999 -9999 -9999 -9999 -9999 -9999 92.08219 92.71 93.99 93.3 92.97 90.92 84.4 82.77 79.7 77.74 71.6 58.76 46.08 40.05 53.38 57.21 58.37 58.42 55.86 56.19 53.46 48.53 43.78 48.96 50.02 33.38 43.83 48.5 50.87 51.8 46.39 51.05 52.79 52.84 52.32 33.7 9.46 21.92 6.72 -16.55 -15.31 -12.09 15.37 3.33 9.87 28.48 38.13 32.74 43.89 40.05 35.75 30.5 27.83 35.61 41.16 41.09 37.05 33.57 33.78 35.71 32.09 33.41 33.28 34.7 35.18 32.74 29.34 27.11 25.25 26.42
-9999 -9999 -9999 -9999 -9999 -9999 -9999 96.51428 95.625 94.34 93.86 93.02 86.96 84.69 84.55 72.31 62.76 57.46 55.74 49.34 52.18 60.11 56.71 53.92 55.08 58.09 61.77 59.87 56.94 57.92 59.21 56.96 53.44 56.37 60.21 58.05 54.13 51.7 54.84 54.76 53.7 47.29 32.56 31.42 18.32 31.08 33.09 34.8 41.07 51.28 50.96 50.24 47.51 43.68 42.29 39.76 30.72 26.73 38.73 42.44 43.39 41 37.96 35.07 34.8 36.65 34.97 34.83 35.64 32.68 36.8 36.01 31 26.1 26.68 30.02 32.71
-9999 -9999 -9999 -9999 -9999 -9999 -9999 96 94.17 94.43 94.66 86.48 82.17 82.33 65.39 55.14 60.17 64.41 62.49 63.74 65.51 54.6 59.4 53.18 62.76 66.02 63.87 63.5 59.4 55.99 56.01 61.67 62.62 64.75 63.4 60.06 59.19 59.49 61.03 60.17 55.8 50.49 46.97 44.05 43.77 52.21 53.84 56.62 55.82 54.94 53.82 51.41 49.39 47.9 45.49 41.1 42.09 45.22 45.45 44.3 43.05 41.08 38.14 37.18 38.01 39.05 36.7 38.76 36.33 37.41 38.66 36.24 34.6 33.38 33.77 31.53 27.29
-9999 -9999 -9999 -9999 -9999 -9999 97.23529 95.96 93.4 93.52 92.74 81.93 82.63 79.82 69.36 70.17 72.93 69.51 62.09 59.81 57.89 61.75 70.83 67.68 66.79 68.65 67.29 67.32 65.03 63.38 64.05 64.74 61.09 63.88 63.64 63.17 62.98 63.26 62.25 57.21 53.27 53.59 57.45 59.21 59.41 59.25 57.93 57.24 56.59 55.1 53.74 52.37 50.92 48.54 46.24 47.57 46.85 46.35 45.45 42.4 39.29 38.64 39.06 40.31 40.77 38.95 39.16 40.78 40.03 37.92 33.57 29.87 27.63 26.99 27.17 25.23 23.62
-9999 -9999 -9999 -9999 -9999 -9999 98.25397 98.2 93.28 91.18 91.1 84.86 85.07 79.94 78.84 78.78 72.93 65.71 60.83 53.94 64.71 72.65 74.49 71.17 69.15 70.27 74.57 72.75 70.77 66.36 66.2 66.2 65.82 63.77 64.19 62.92 60.98 60 56.13 51.8 54.4 56.94 60.4 60.89 59.95 58.93 57.6 53.99 55.38 54.42 52.16 48.94 50.24 48.88 49.65 47.03 42.01 43.14 44.41 45.51 44.07 42.3 41.75 42.45 40.11 38.87 39.91 39.83 38.47 37.05 33.46 30.45 28.99 28.63 27.29 25.96 25.58
-9999 -9999 -9999 -9999 -9999 98.35714 97.45918 97.49 94.86 90 85.74 85.65 87.89 82.29 82.93 81.24 79.21 74.56 66.54 63.99 73.25 76.05 74.59 72.1 74.96 78.02 75.66 74.31 70.13 70 68.53 66.97 66.6 66.81 65.96 62.94 60.45 57.42 58.61 60.1 59.32 59.93 57.6 57.06 56.18 58.14 54.39 51.73 54.14 51.98 50.61 49.32 51.59 47.89 47.24 45.07 40.36 40.17 40.48 39.14 39.36 42.77 39.09 34.76 33.61 31.92 31.32 32.96 34.26 34.23 34.78 33.71 31.51 30.47 28.64 27.93 28.42
-9999 -9999 -9999 -9999 -9999 97.26786 95.23 94.7 94.31 88.74 87.12 89.8 91.01 87.18 81.84 83.86 78.98 77.89 75.05 77.18 80.49 78.51 79.28 79.35 77.6 74.71 74.03 74.21 71.14 70.7 71.52 69.91 65.45 63.83 63.3 65.01 66.61 63.47 60.58 57.92 57.35 57.32 54.67 52.6 48.49 45.8 45.82 47.27 44.68 42.58 43.77 45.68 43.96 42.68 35.94 36.52 35.11 34.53 32.6 33.92 33.35 35.17 32.51 28.81 30.94 28.63 28.89 29.53 30.14 30.7 32.12 32.12 32.34 29.99 30.55 29.85 29.09
-9999 -9999 -9999 -9999 -9999 98.21951 97.88 93.37 88.88 80.47 86.71 89.43 91.47 92.04 86.56 86.05 81.37 77.75 77.57 81.25 83.26 83.48 83.18 79.51 77.4 76.63 76.49 72.78 73.45 72.51 69.92 67.58 64.95 62.88 60.57 62.18 63.24 63.52 62.13 60.52 59.09 58.82 56.41 54.26 51.66 48.37 44.69 40.64 38.83 31.8 36.72 34.9 39.74 40.51 28.63 28.02 25.5 26.15 24.84 25.91 25.98 30.8 29.84 26.22 25.34 26.58 26.21 26.93 28.99 29.28 31.34 30.88 31.12 30.32 32.42 31.73 30.71
-9999 -9999 -9999 -9999 101.3125 98.51515 96.6 84.52 79.83 81.38 83.11 94.28 94.94 94.56 89.82 87.16 86.02 84.75 84.44 83.43 84.85 81.58 80.59 77.91 78.41 76.06 74.42 70.65 69.63 71.41 72.36 69.5 67.03 65.95 63.49 62.12 61.35 63.95 61.84 61.36 61.24 58.87 56.49 53.36 50.74 47.09 46.05 43.39 29.84 28.44 25.69 34.58 34.07 38.58 36.03 29.41 27.07 25.95 16.86 26.17 18 20.52 20.96 22.02 21.52 21.86 24.12 28.86 30.05 30.33 30.99 31.12 31.71 32.49 33.05 32.86 31.72
-9999 -9999 -9999 101.4762 102.08 97.88 91.57 85.98 87.94 93.59 95.77 97.22 97.57 95.11 94.51 94.08 92.59 91.71 87.05 84.78 81.88 81.08 79.46 77.45 74.31 74.2 73.24 71.61 68.03 68.08 70.24 69.79 69.17 68.67 66.38 64.3 62.3 59.73 60.09 59.03 59.9 58.31 56.09 52.05 48.77 38.19 41.7 40.89 31.12 24.79 37.34 41.46 42.52 40.44 43.84 41.62 40.29 36.13 31 32.33 28.09 29.23 30.06 30.71 20.9 15.51 19.03 24.4 27.65 27.71 30.43 31.59 32.35 33.8 34.23 32.72 30.62
-9999 105.3333 102.0781 102.407 100.26 97.63 93.77 97.49 97.51 96.61 99.07 99.51 97.31 92.1 91.54 90.87 90.76 87.59 85.7 85.21 84.45 82.44 80.01 77.55 71.21 66.15 66.8 67.27 67.78 67.51 66.39 65.53 67.31 63.97 63.94 65.02 63.91 62.02 60.38 58.19 58.03 55.85 53.37 52.2 50.56 42.19 38.66 39.64 41.62 42.17 43.51 48.56 45.56 47.67 47.11 46.84 43.53 39.49 35.44 29.69 26.95 24.98 31.16 27.97 24.6 24.24 21.02 24.28 27.14 25.74 23.68 29.3 33.32 34.54 35.46 34.66 33.47
-9999 103.6923 100.21 99.56 99.03 98.18 97.82 99.9 99.24 99.19 101.16 100 95.45 93.64 91.67 90.1 89.59 89.65 88.63 86.92 87.15 85 83.12 80.5 75.73 64.88 64.03 70.17 73.01 70.44 69.21 69.9 69.36 65.84 65.8 63.59 61.35 62.87 60.14 56.59 56.13 55.25 53.2 54.9 57.14 53.86 55.74 53.2 52.52 47.08 47.54 51.62 50.34 50.23 41.84 44.15 43.35 38.66 38.58 36.06 35.02 37.46 37.51 33.16 26.3 26.34 28.75 27.51 24.31 25.3 21.31 30.24 34.93 35.71 36.09 35.9 35.75
-9999 101.8333 100.74 99.45 98.3 91.52 99 99.62 99.98 101.51 101.7 97.85 96.2 95.07 93.38 91.39 91.37 91.89 88.86 87.91 88.29 86.29 82.72 81.12 79.7 76.51 73.26 72.73 74.3 73.46 70.02 71.56 69.84 67.76 65.89 63.27 61.5 60.9 59.46 57.83 51.88 54.75 60.18 59.47 60.06 58.5 58.79 56.49 56.88 54.64 51.12 50.55 51.28 49.75 44.83 39.32 40.92 40.86 41.43 37.42 31.68 35.1 39.48 37.89 30.43 29.56 32.11 34.64 34.38 30.75 33.75 37 37.04 36.5 36.01 35.97 35.38
-9999 101.4531 100.73 98.43 94.29 97.76 101.27 100.63 102.71 102.9263 101.05 98.61 96.52 95.01 93.91 92.69 93.62 91.57 89.87 90.15 88.64 87.11 84.76 81.44 80.14 78.86 78.26 76.01 75.96 75.94 73.28 73.21 70.3 68.86 67.14 65.58 65.79 64.53 61.21 60.93 61.1 64.39 63.57 63.36 62.99 61.3 60.72 59.99 58.32 56.65 53.55 52.77 48.65 46.22 45.2 41.71 36.87 40.96 41.12 35.41 32.2 33.65 35.39 36.9 33.4 31.84 35.61 37.35 37.8 37.81 37.68 37.54 37.06 36.98 36.94 36.51 35.66
-9999 99.33 98.64 95.69 93.39 96.54 103.7021 104.3222 104.3563 102.75 100.39 98.89 97.01 96.86 96.39 94.78 93.74 92.17 90.9 89.57 88.66 87.32 85.56 84.16 82.02 80 78.98 78.63 76.09 75.22 76.1 74.06 73.1 71.88 70.17 69.38 68.47 67.93 65.3 62.67 63.52 66.07 65.42 64.88 63.81 62.52 60.98 56.74 54.33 57.17 54.59 51.98 52.23 48.94 46.49 43.21 39.45 37.84 40.18 41.38 40.72 33.57 34.91 39.28 34.87 37.85 37.86 37.75 38.32 38.23 37.99 37.96 37.9 37.41 36.38 35.49 34.35
-9999 95.30612 91.5 91.66 90.54 96.98969 104.6456 105.14 104.37 103.01 101.96 101.09 100.8 98.92 97.13 95.98 94.48 93.89 92.24 88.18 86.69 84.75 83.72 82.44 80.89 78.63 75.72 75.02 77.48 76.95 76.12 74.62 73.84 72.91 71.81 71.01 69.82 69.24 67.19 65.72 67.76 67.26 66.16 64.9 63.09 61.69 60.62 59.41 57.48 54.58 53.69 55.02 50.41 41.97 44.93 42.27 42.11 42.66 42.78 38.34 41.07 40.19 38.22 39.75 37 38.85 37.46 37.87 38.56 38.41 38.24 38.18 37.99 37.3 35.69 32.6 30.54
94.90323 92.5 90.14 92.41 99.43 103.1667 106.2222 105.93 104.45 103.15 101.16 99.96 98.83 97.06 97.28 95.28 93.18 91.95 90.67 88.27 86.64 84.5 79.69 77.87 78.15 78.06 73.63 74.1 77.91 78.21 75.87 74.03 72.94 73.27 72.54 71.9 70.09 68.42 68.46 68.47 66.73 65.37 64.67 61.63 60.43 59.02 57.58 59.28 56.97 55.25 53.1 53.5 53.79 48.02 49.76 46.87 43.96 41.87 37.93 36.83 40.66 40.99 37.04 37.74 40.18 39.67 39.25 39.12 37.68 37.21 37 33.61 35.35 37.48 35.84 33.39 31.17
92.39507 90.46 90.99 96.23 103.6596 107 106.9048 105.77 104.15 103.03 102.05 100.1 98.2 96.15 94.95 92.83 90.07 88.71 88.17 86 84.75 82.96 81.62 76.73 74.65 78.82 79.51 79.68 79.52 77.35 74.61 72.8 71.85 71.31 70.9 69.76 67.46 66.29 67.75 65.07 62.72 60.73 59.93 59.59 54.44 57.64 56.53 58.19 55.25 53.26 50.4 49.49 49.87 54.59 48.61 47.37 47.42 47.77 41.6 40.81 37.88 39.37 39.73 38 37.21 36.95 33.26 36.04 38.78 38.58 38.63 37.34 37.08 36.99 33.79 33.15 33.07
98.66 97.70422 99.04054 101.5065 105.2222 107.7917 106.8652 106.28 104.85 102.82 100.89 99.7 97.98 96.72 93.61 90 86.93 85.37 85.19 84.32 82.85 82.97 79.04 78.47 79.49 78.31 82.62 81.51 77.68 75.98 73.57 72.03 71.18 70.48 69.5 69.22 67.16 65.26 65.81 66.64 63.09 58.75 56.64 57.71 56.82 56.22 56.16 53.3 51.97 48 48.74 49.34 52.6 53.98 52.28 52.61 51.65 48.55 46.45 44.56 39.87 36.17 37.18 38.27 38.48 35.75 31.75 33.95 40.44 39.15 37.05 38.22 37.63 36.83 35.16 33.83 33.1
-9999 -9999 105.5 104.2027 106.4416 107.1667 106.19 105.74 105.19 103.92 102.19 100.49 98.18 94.27 90.74 88.66 85.85 83.82 83.75 85.42 84.8 84.8 83.75 81.67 81.71 83.24 82.22 81.29 76.79 73.22 70.19 69.06 69.41 68.41 67.63 67.48 65.63 64 63.6 64.43 61.36 58.69 55.28 54.08 56.82 52.89 52.44 48.56 50.17 52.28 53.63 54.03 53.69 52.83 47.66 51.67 48.75 44.21 44.29 42.14 40.38 37.48 36.76 37.77 36.61 36.75 39.22 40.67 35.63 40.82 36.9 37.53 37.26 37.32 34.31 31.18 31.61
-9999 -9999 -9999 104.6667 105.35 104.52 102.6061 105.4706 106.4176 105.1648 101.94 101.59 99.34 94.37 92.01 89.82 86.23 86.08 86.86 86.08 85.87 85.78 84.31 82.11 80.85 82.78 83.54 80.52 77.02 72.18 69.22 65.84 61.61 62.78 59.95 64.91 63.87 61.02 61.24 61.76 62.87 55.27 54.68 54.73 56.01 50.28 47.16 49.49 50.5 53.62 52.18 51.06 50.18 51.12 50.33 50.99 50.96 49.8 45.19 36.56 32.59 36.3 37.98 38.83 43.83 42.4 39.64 41.01 41.78 38.99 38.01 36.81 35.42 34.67 33.91 33.18 33.44
-9999 -9999 -9999 103.0571 101.9259 100.0714 98.83334 107.1765 106.825 105.6923 103.96 102.14 100.17 98.81 95.16 92.61 91.75 89.93 88.37 86.81 86.85 86.76 84.54 83.53 83.01 84.16 84.1 80.8 77.9 74.2 69.81 65.09 58.53 56.63 55.94 59.12 62.86 57.81 58.21 58.96 61.33 59.85 56.58 53.31 53.52 50.94 50.64 51.78 50.35 49.32 50.87 49.42 48.65 50.33 48.21 46.79 46.56 46.82 47.43 46.5 41.62 31.98 32.51 33.34 34.97 43.62 47.67 39.57 33.36 29.12 27.83 35.92 36.29 37.49 38.27 39.13 36.92
-9999 -9999 -9999 -9999 -9999 -9999 -9999 -9999 106.5357 105.051 103.9474 103.66 102.01 98.77 97.72 92.49 91.4 90.39 87.94 84.21 85.04 85.06 85.75 85.06 85.65 85.92 83.35 81.05 78.73 74.01 71.31 65.23 61.41 67.77 64.35 62.54 59.42 58.13 56.8 55.57 57.14 57.74 54.4 55.44 53.14 52.43 52.32 51.03 49.12 49.47 48.65 46.38 46.96 47.38 46.67 45.12 44.15 44.93 43.62 43.63 45.74 44.17 45.69 40.9 39.7 39.86 51.04 42.59 42.44 40.23 35.25 38.43 38.91 43.33 46.07 45.26 42.18
-9999 -9999 -9999 -9999 -9999 -9999 -9999 -9999 105.8 104.26 102 101.3 101.69 100.28 99.83 96.23 93.24 90.06 87.7 87.34 84.48 81.06 83.38 85.77 86.21 86.21 83.87 82.2 79.31 77.06 72.9 69.25 70.41 70.15 67.56 66 62.55 59.63 56.43 54.48 53.47 53.95 53.77 53.64 53.25 52.02 53.26 50.82 49.82 51.8 51.05 50.46 45.6 41.85 46.63 47.48 44.3 45.05 43.88 43.38 41.77 41.99 42.6 49.74 44.47 47.25 52.78 51.44 50.28 51.93 50.81 50.39 54.06 54.87 52.43 46.42 44.8
-9999 -9999 -9999 -9999 -9999 -9999 -9999 -9999 104.6 102.65 99.17 101.18 100.33 99.6 99.82 98.1 96.09 93.53 90.57 86.9 86.14 84.4 84.92 86.35 87.16 85.53 84.21 81.85 80.18 78.83 77.28 72.13 67.18 59.78 59.69 62.3 62.92 59.6 56.62 58.36 56.35 53.04 51.7 53.14 54.9 56.22 58.49 55.81 50.6 48.13 46.92 49.77 51.02 49.71 45.71 49.02 50.97 48.85 45.85 47.88 46.99 48.68 44.16 53.94 51.27 52.62 57.23 51.81 60.17 61.77 60.4 58.65 62.02 56.12 49.25 47.37 49.3
