layers/wordclim/past/Iberia_lig_10_ascii/bio_5.asc
ncols         166
nrows         94
xllcorner     -9.4959440078468
yllcorner     36.000324005443
cellsize      0.083333337679505
NODATA_value  -9999
[rows 32 to 63 of 94, columns 73 to 145 of 166]
308.27 304.55 313.63 312.69 317.21 321.96 324.53 328.67 329.27 323.74 322.45 322.28 320.37 317.85 314.71 313.38 315.08 315.55 314.27 313.66 308.43 304.39 304.16 308.92 302.54 299.09 295.21 295.43 301.7 307.62 314.16 314.4 312.3 325.71 337.34 338.33 340.74 343.21 344.76 342.41 348.57 348.26 346.9 350.22 345.47 342.32 338.15 347.71 351.14 348.1 337.1 323.83 331.04 329.82 325.45 321.2346 317.7736 320.35 322.5 -9999 -9999 -9999 -9999 -9999 -9999 -9999 -9999 -9999 -9999 -9999 -9999 -9999 -9999
314.85 322.89 321.51 319.8 328.84 330.44 330.32 331.15 328.49 326.71 323.65 321.54 321.01 316.04 311.98 311.73 313.83 307.69 307.18 307.14 306.84 304 300.06 296.74 302.78 294.82 291.07 285.74 291.16 300.69 307.36 311.17 315 321.7 326.33 325.69 331.4 335.8 340.76 341.9 339.38 337.1 340.42 341.35 338.68 340.68 340.54 346.93 351.93 339.06 327.82 329.12 335.2958 331.9259 326.5882 323.6667 -9999 -9999 -9999 -9999 -9999 -9999 -9999 -9999 -9999 -9999 -9999 -9999 -9999 -9999 -9999 -9999 -9999
322.67 329.63 330.24 331.31 333.07 336.11 335.01 333.43 329.59 326.5 325.87 325.47 323.52 321.52 317.04 312.59 310.09 309.37 309.89 309.04 306.24 302.94 302.26 298.48 295 296.51 291.31 285.73 285.05 291.46 297.8 305.77 317.01 318.14 317.71 315.99 322.61 329.61 336.36 335.73 329.36 330.7 335.31 332 335.61 332.52 347.89 343.67 339.25 338.86 333.3 332.58 338 -9999 -9999 -9999 -9999 -9999 -9999 -9999 -9999 -9999 -9999 -9999 -9999 -9999 -9999 -9999 -9999 -9999 -9999 -9999 -9999
336.77 333.94 335.3 338.31 337.57 334.94 331.38 330.23 331.64 330.91 329.04 326.29 324.12 327.39 321.93 319.33 312.72 315.33 311.33 306.99 304.85 302.18 301.31 298.4 297.18 296.24 292.7 291.29 289.17 294.56 295.73 300.55 306.38 309.1 306.87 312.06 315.72 322.41 329.84 321.73 318.43 324 328.25 325.44 319.45 323.82 348.71 347.07 331.71 340.6263 342.3044 -9999 -9999 -9999 -9999 -9999 -9999 -9999 -9999 -9999 -9999 -9999 -9999 -9999 -9999 -9999 -9999 -9999 -9999 -9999 -9999 -9999 -9999
336.83 337.28 339.87 342.26 339.35 334.16 333.56 334.28 336.62 336.01 330.32 329.38 331.02 328.17 324.23 322.42 319.03 315.63 312.48 310.47 304.38 300.56 300.11 301.16 300.09 295.98 289.49 288.17 288.9 289.72 290.19 293.67 292.33 292.98 297.35 301.54 306.89 320.91 319.23 321.1 314.16 318.46 312.94 307.47 298.86 326.47 350.32 348.94 344.21 345.5916 343.0625 -9999 -9999 -9999 -9999 -9999 -9999 -9999 -9999 -9999 -9999 -9999 -9999 -9999 -9999 -9999 -9999 -9999 -9999 -9999 -9999 -9999 -9999
343.66 341.79 343.84 342.3 336.51 337.04 336.83 334.28 340.51 343.9 342.54 338.99 332.28 322.56 318.6 315.19 316.56 313.5 308.23 306.28 301.49 300.96 297.9 301.73 303.37 297.62 290.01 291.38 290.78 288.76 287.29 288.31 292.24 292 296.26 300.68 309.88 312.01 313.39 309 303.01 303.16 296.6 307 314.95 337.38 346.45 347.85 347.2062 344.6667 341.7325 339.6087 -9999 -9999 -9999 -9999 -9999 -9999 -9999 -9999 -9999 -9999 -9999 -9999 -9999 -9999 -9999 -9999 -9999 -9999 -9999 -9999 -9999
350.36 347.48 348.98 342.41 340.85 341.87 338.15 337.2 344.65 341.55 337.65 333.4 332.06 327.75 321.8 316.69 313.88 312.06 308.87 303.85 296.97 299.99 297.5 299.56 303.76 304.86 295.3 295.31 297.18 295.42 289.61 289.55 288.13 287 289.37 288.26 300.03 305.54 310.22 306.99 301.77 304.91 310.91 322.72 335.21 340.73 341.55 336.5213 345.7115 343.7895 342 -9999 -9999 -9999 -9999 -9999 -9999 -9999 -9999 -9999 -9999 -9999 -9999 -9999 -9999 -9999 -9999 -9999 -9999 -9999 -9999 -9999 -9999
358.1 356.63 347.99 343.91 347.4 343.9 341.2 343.55 349.27 343.9 343.1 341.5 342.41 339.42 333.45 325.47 318.33 305.91 304.91 299.69 294.2 296.74 298.13 299.25 304.36 308.94 303.13 298.47 302.79 296.56 284.72 290.25 287.08 283.1 282.3 279.01 292.34 298.08 303.55 303.7 301.59 310.4 318.56 331.58 337.45 342.27 343.16 342.9565 344.0833 343 -9999 -9999 -9999 -9999 -9999 -9999 -9999 -9999 -9999 -9999 -9999 -9999 -9999 -9999 -9999 -9999 -9999 -9999 -9999 -9999 -9999 -9999 -9999
362.95 353.34 348.13 349.75 348.84 345.4 347.07 351.98 353.3 351.53 353.57 351.92 350.46 342.22 337.13 327.66 318.99 311.46 304.32 302.04 296.54 296.96 300.9 304.46 307.11 311.19 308.64 303.55 305.99 292.52 288.45 286.92 282.31 273.8 274.99 279.45 283.03 293.66 296.86 300.19 304.36 318.85 327.12 331.69 336.68 343.04 344.46 -9999 -9999 -9999 -9999 -9999 -9999 -9999 -9999 -9999 -9999 -9999 -9999 -9999 -9999 -9999 -9999 -9999 -9999 -9999 -9999 -9999 -9999 -9999 -9999 -9999 -9999
360.61 354.62 353.46 355.58 352.37 353.83 358.35 355.84 357.34 351.03 349.37 354.17 349.58 348.08 344.19 339.18 324.42 317.9 309.59 303.6 300.36 303.28 307.51 306.59 306.16 312.14 315.13 316.29 307.85 295.82 294.28 290.58 284.12 273.65 273.69 280.31 287.71 298.42 309.31 310.59 317.28 323.49 331.17 328.95 335.36 340.3976 344 -9999 -9999 -9999 -9999 -9999 -9999 -9999 -9999 -9999 -9999 -9999 -9999 -9999 -9999 -9999 -9999 -9999 -9999 -9999 -9999 -9999 -9999 -9999 -9999 -9999 -9999
361.58 359.73 360.3 357.64 358.29 362.18 358.53 354.6 359.12 357.26 353.24 352.43 349.92 348.48 344.76 340.18 327.29 317.32 313.22 313.9 301.73 303.3 303.73 304.05 307.2 309.61 314.81 320.74 310.53 301.63 306.29 304.33 294.42 285.32 289.02 287.79 292.94 300.01 313.66 318.64 319.29 322.12 334.42 336.48 333.8049 338.7778 -9999 -9999 -9999 -9999 -9999 -9999 -9999 -9999 -9999 -9999 -9999 -9999 -9999 -9999 -9999 -9999 -9999 -9999 -9999 -9999 -9999 -9999 -9999 -9999 -9999 -9999 -9999
367.48 365.14 363.33 364.16 366.55 364.79 356.67 355.93 358.81 353.39 355.23 355.32 354.57 350.38 343.03 348.18 331.86 327.76 323.38 314.27 311.64 309.04 312.52 304.16 314.69 315.4 321.84 317.03 305.03 305.18 313.08 314.22 309.4 305.02 300.95 305.05 303.21 306.16 322.23 329.02 327.82 330.26 333.17 341.1316 342.1 -9999 -9999 -9999 -9999 -9999 -9999 -9999 -9999 -9999 -9999 -9999 -9999 -9999 -9999 -9999 -9999 -9999 -9999 -9999 -9999 -9999 -9999 -9999 -9999 -9999 -9999 -9999 -9999
365.98 367.14 369.85 371.77 369.07 365.09 358.62 357.03 358.13 355.8 354.74 354.77 351.27 351.97 352.72 351.02 337.2 329.54 324.37 324.09 321.22 321.45 318 313.41 319.12 329.6 324.9 311.21 293.11 294.59 307.92 316.06 316.26 317.39 317.91 314.06 315.9 319.25 325.28 330.77 329.63 328.91 336.5909 341 -9999 -9999 -9999 -9999 -9999 -9999 -9999 -9999 -9999 -9999 -9999 -9999 -9999 -9999 -9999 -9999 -9999 -9999 -9999 -9999 -9999 -9999 -9999 -9999 -9999 -9999 -9999 -9999 -9999
375.32 375.3 372.95 369.08 367.46 365.17 361.63 360.16 360.03 358.45 355.6 355.94 352.07 355.38 359.27 354.97 345.78 336.26 337.75 334.81 328.09 329.43 324.58 316.98 321.9 331.34 322 308.37 295.56 298.56 307.89 311.29 315.32 313.92 321.26 323.04 325.97 329.41 333.6 332.16 332.25 334.1791 335.7857 -9999 -9999 -9999 -9999 -9999 -9999 -9999 -9999 -9999 -9999 -9999 -9999 -9999 -9999 -9999 -9999 -9999 -9999 -9999 -9999 -9999 -9999 -9999 -9999 -9999 -9999 -9999 -9999 -9999 -9999
370.98 370.75 368.95 368.04 367.48 366.52 364.63 362.66 364.32 363.27 360.63 359.83 358.13 359.22 357.33 355.02 351.03 345.72 347.15 343.69 339.94 333.32 329.29 327.79 328.84 330.25 331.12 323.86 314.49 306.53 299.1 306.83 317.07 320.84 323.02 320.59 323.68 330.75 335.34 335.3 337.5052 339.25 -9999 -9999 -9999 -9999 -9999 -9999 -9999 -9999 -9999 -9999 -9999 -9999 -9999 -9999 -9999 -9999 -9999 -9999 -9999 -9999 -9999 -9999 -9999 -9999 -9999 -9999 -9999 -9999 -9999 -9999 -9999
373.64 372.61 372.13 371.4 370.83 369.39 367.54 366.57 366.04 365.55 365.18 362.51 362.16 363.39 358.34 354.09 350.29 347.76 349.02 344.12 345.09 336.68 329.65 332.14 334.32 329.92 329.98 332.89 327.71 321.57 313.38 309.91 319.05 325.08 330.34 330.33 324.03 326.12 333.73 337.0303 337.6097 -9999 -9999 -9999 -9999 -9999 -9999 -9999 -9999 -9999 -9999 -9999 -9999 -9999 -9999 -9999 -9999 -9999 -9999 -9999 -9999 -9999 -9999 -9999 -9999 -9999 -9999 -9999 -9999 -9999 -9999 -9999 -9999
376.95 375.92 374.97 374.73 373.61 372.66 368.96 367.38 367.13 368.93 367.51 364.74 365.04 366.28 362.9 359.23 353.43 350.79 351.02 348.03 346.23 344.67 341.61 340.09 335.3 332.22 335.48 339.18 336.11 331.29 326.44 328.02 326.04 326.3 326.66 331.88 333.62 332.61 337.62 338.0682 -9999 -9999 -9999 -9999 -9999 -9999 -9999 -9999 -9999 -9999 -9999 -9999 -9999 -9999 -9999 -9999 -9999 -9999 -9999 -9999 -9999 -9999 -9999 -9999 -9999 -9999 -9999 -9999 -9999 -9999 -9999 -9999 319.5
378.72 378.93 377.67 376.72 376.18 374.94 372.17 371.26 369.41 370.51 368.51 366.23 366.69 368.3 366.21 360.48 356.69 354.69 352.86 351.7 351.36 351.27 348.72 343.54 334.57 338.13 337.31 337.48 340 343.35 341.21 340.05 340.74 339.54 334.88 329.44 333.53 336.91 339.8684 -9999 -9999 -9999 -9999 -9999 -9999 -9999 -9999 -9999 -9999 -9999 -9999 -9999 -9999 -9999 -9999 -9999 -9999 -9999 -9999 -9999 -9999 -9999 -9999 -9999 -9999 -9999 -9999 -9999 -9999 -9999 326 314.2632 309.5111
380.22 381.22 380.35 379.74 378.76 375.42 372.6 374.53 373.57 370.84 371.91 368.86 367.99 368.73 367.6 365.91 362.22 359.39 356.57 353.62 350.73 352.09 352.68 345.23 341.6 343.16 338.77 331.87 331.75 338.54 345.08 345.09 345.71 344.64 341.61 339.51 337.88 339.3723 340.0667 -9999 -9999 -9999 -9999 -9999 -9999 -9999 -9999 -9999 -9999 -9999 -9999 -9999 -9999 -9999 -9999 -9999 -9999 -9999 -9999 -9999 -9999 -9999 -9999 -9999 -9999 -9999 -9999 -9999 327 318.6667 313.6867 312.79 325.06
383.27 383.24 382.47 382.12 381.03 379.09 377.21 377.91 376.14 373.29 373.24 372.58 371.81 370.17 367.05 366.55 366.47 363.61 361.09 358.13 356.14 354.49 356.27 351.02 347 345.62 345.31 341.24 338.18 335.21 333.93 341.47 345.89 345.68 343.54 341.49 341.01 340.6956 -9999 -9999 -9999 -9999 -9999 -9999 -9999 -9999 -9999 -9999 -9999 -9999 -9999 -9999 -9999 -9999 -9999 -9999 -9999 -9999 -9999 -9999 -9999 -9999 -9999 -9999 -9999 -9999 -9999 -9999 324 325.6512 325.9872 323.5 328.0811
385.26 384.72 383.61 381.83 382.13 381.72 381 380.08 378.95 377.76 377.09 374.89 373.79 370.76 368.56 369.55 368.11 365.83 363.44 362.07 359.65 359.02 360.7 355.88 352.27 351.91 350.98 347.29 341.2 338.14 336.8 341.21 345.72 346.41 345.33 343.98 342.48 342 -9999 -9999 -9999 -9999 -9999 -9999 -9999 -9999 -9999 -9999 -9999 -9999 -9999 -9999 -9999 -9999 -9999 -9999 -9999 -9999 -9999 -9999 -9999 -9999 -9999 -9999 -9999 -9999 -9999 -9999 -9999 -9999 328.7692 328.2143 -9999
386.71 386.76 386.1 384.93 384.3 383.56 382.91 382.06 380.83 380 379.08 377.44 376.04 374.14 373.02 372.02 369.55 367.67 365.53 363.98 362.36 360.39 360.12 362.99 361.11 357.14 354.63 349.25 345.67 343.22 343.93 347.39 348 347.4 345.55 346.32 345.79 345.4706 -9999 -9999 -9999 -9999 -9999 -9999 -9999 -9999 -9999 -9999 -9999 -9999 -9999 -9999 -9999 -9999 -9999 -9999 -9999 -9999 -9999 -9999 -9999 -9999 -9999 -9999 -9999 -9999 -9999 -9999 -9999 -9999 -9999 -9999 -9999
388.32 387.88 387.48 387.06 386.05 384.86 384.06 382.74 381.49 380.61 379.64 378.15 376.81 375.52 374.47 372.72 371.57 369.66 368.02 366.43 364.27 362.62 360.47 358.25 357.27 356.97 355.9 353.77 349.37 345.81 347.96 345.12 343.7 348.97 347.99 348.79 348.59 347.7936 -9999 -9999 -9999 -9999 -9999 -9999 -9999 -9999 -9999 -9999 -9999 -9999 -9999 -9999 -9999 -9999 -9999 -9999 -9999 -9999 -9999 -9999 -9999 -9999 -9999 -9999 -9999 -9999 -9999 -9999 -9999 -9999 -9999 -9999 -9999
389.45 388.56 387.81 387.24 386.44 385.59 384.75 382.8 380.92 379.69 378.95 377.36 377.28 376.43 375.72 374.18 372.92 371.39 369.92 368.42 366.56 364.42 363.34 361 357.44 353.61 350.75 352.27 354.41 343.7 341.5 346.54 348.69 349.32 352.76 352.38 351.42 350.4546 350.5333 -9999 -9999 -9999 -9999 -9999 -9999 -9999 -9999 -9999 -9999 -9999 -9999 -9999 -9999 -9999 -9999 -9999 -9999 -9999 -9999 -9999 -9999 -9999 -9999 -9999 -9999 -9999 -9999 -9999 -9999 -9999 -9999 -9999 -9999
390.6 389.35 388.46 387.9 386.62 384.64 383.26 381.28 379.21 378.08 377.06 375.03 375.13 375.55 376.08 375.16 373.72 372.34 370.79 369.74 367.89 366.27 363.11 359.56 353.8 347.86 347.74 349.31 353.03 341.52 343.94 351.28 353 354.05 355.74 354.86 349.74 350.22 353.3667 -9999 -9999 -9999 -9999 -9999 -9999 -9999 -9999 -9999 -9999 -9999 -9999 -9999 -9999 -9999 -9999 -9999 -9999 -9999 325.1765 323.3704 324.3333 -9999 -9999 -9999 -9999 -9999 -9999 -9999 -9999 -9999 -9999 -9999 -9999
390.95 389.67 387.7 386.97 385.03 382.22 378.69 377.11 375.71 374.23 374.39 371.82 371.55 373.1 375.26 375.52 374.77 373.3 371.7 369.89 367.44 362.54 358.94 353.22 347.98 343.61 346.42 348.9 351.51 342.49 344.64 348.69 353.42 356.03 356.56 355.74 348.31 347.05 353.6543 355.5 -9999 -9999 -9999 -9999 -9999 -9999 -9999 -9999 -9999 -9999 -9999 -9999 -9999 -9999 -9999 -9999 323.4583 322.0476 323.35 322.5858 325.5333 -9999 -9999 -9999 -9999 -9999 -9999 -9999 -9999 -9999 -9999 -9999 -9999
391.02 389.39 385.95 383.99 381.67 379.42 379.05 377.13 374.74 371.91 369.74 367.96 368.9 371.72 374.21 374.8 374.55 373.92 371.78 369.29 363.2 358.39 355.64 350.44 349.33 350.78 350.81 350.08 346.99 340.17 344.19 348.27 352.38 354.86 354.68 354.15 347.96 345.64 354.47 356.7857 -9999 -9999 -9999 -9999 -9999 -9999 -9999 -9999 -9999 -9999 -9999 -9999 -9999 -9999 -9999 328.8824 326.0988 323.91 325.1895 325.4643 -9999 -9999 -9999 -9999 -9999 -9999 -9999 -9999 -9999 -9999 -9999 -9999 -9999
390.8 389.69 386.77 384.01 382.9 379.54 377.45 377.16 374.94 372.79 370.32 368.61 368.18 370.41 372.06 373.3 372.99 372.98 370.54 367.63 364.21 360.3 357.03 354.7 353.92 353.52 352.87 352.94 351.14 346.67 347.19 351.6 350.06 350.31 354.64 353.75 348.35 345.51 347.65 355.2 357.7314 358.5313 359.5 -9999 -9999 -9999 -9999 -9999 -9999 -9999 -9999 -9999 -9999 -9999 -9999 326.3158 324.3455 326.5441 327.5 -9999 -9999 -9999 -9999 -9999 -9999 -9999 -9999 -9999 -9999 -9999 -9999 -9999 -9999
390.35 387.53 386.75 385.4 383.06 380.02 377.17 375.37 374.17 372.31 370.62 369.39 369.51 369.12 369.14 368.62 367.82 368.99 366.83 365.45 363.36 360.19 357.94 356.26 356 356.36 352.28 349.17 349.11 351.38 353.37 348.52 347.34 348.12 343.16 342.45 346.95 337.9 336.92 342.63 352.72 354.33 354.6186 355.2083 -9999 -9999 -9999 -9999 -9999 -9999 -9999 -9999 -9999 -9999 -9999 -9999 -9999 -9999 328 -9999 -9999 -9999 -9999 -9999 -9999 -9999 -9999 -9999 -9999 -9999 -9999 -9999 -9999
390.27 388.08 386.79 385.22 383.07 380.67 378.23 374.44 373.49 374.36 372.79 368.3 363.71 360.63 359.81 358.92 361.84 365.24 366.72 364.29 364.02 362.73 361.9 360.79 356.47 357.53 357.08 354.95 353.52 357.42 352.61 348.38 344.32 338.02 336.47 341.02 341.34 330.57 334.61 336.4 343.81 350.71 353.5181 351.7619 -9999 -9999 -9999 -9999 -9999 -9999 -9999 -9999 -9999 -9999 -9999 -9999 -9999 327.2758 327.5102 324.8667 -9999 -9999 -9999 -9999 -9999 -9999 -9999 -9999 -9999 -9999 -9999 -9999 -9999
390.64 387.64 384.07 384.3 382.84 380.81 376.88 377.76 376.39 378.81 371.94 362.31 356.37 360.43 358.1 360.23 363.61 366.97 368.21 369.31 368.76 367.62 366.4 363.88 360.2 357.12 357.88 359.85 358.2 358.37 358.02 350.9 341.78 342.24 333.81 333 333 333.69 333.55 352.14 352.0658 354.9474 358 -9999 -9999 -9999 -9999 -9999 -9999 -9999 -9999 -9999 -9999 -9999 -9999 -9999 -9999 326.875 -9999 324.7692 -9999 -9999 -9999 -9999 -9999 -9999 -9999 -9999 -9999 -9999 -9999 -9999 -9999
387.57 386.95 385.08 384.42 384.69 380.15 380.57 382.57 381.01 374.69 360.76 356.41 355.41 360.45 365.62 366.9 369.1 371.93 371.85 370.83 371.96 373.05 370.81 366.85 365.31 361.61 359.73 362.13 358.13 353.65 358.7 354.5 340.96 346.24 344.53 348.98 342.95 353.8 355.5222 357.619 355.6154 -9999 -9999 -9999 -9999 -9999 -9999 -9999 -9999 -9999 -9999 -9999 -9999 -9999 -9999 -9999 -9999 -9999 -9999 -9999 -9999 -9999 -9999 -9999 -9999 -9999 -9999 -9999 -9999 -9999 -9999 -9999 -9999
