layers/wordclim/past/Iberia_lig_10_ascii/bio_10.asc
ncols         166
nrows         94
xllcorner     -9.4959440078468
yllcorner     36.000324005443
cellsize      0.083333337679505
NODATA_value  -9999
[rows 32 to 63 of 94, columns 0 to 72 of 166]
-9999 -9999 -9999 -9999 -9999 -9999 -9999 -9999 -9999 204 204.4839 208.13 209.9 210.38 212.16 217.02 217.18 216.91 220.45 218.69 228.44 226.88 227.67 230.3 228.94 232.55 234.97 236.43 243.98 233.54 231.37 235.61 234.94 231.33 226.19 226.61 226.64 226.16 225.55 226.49 228.58 230.03 228.77 229.01 229.15 229.09 228.8 227.83 228.45 229.96 232.26 232.65 233.4 234.07 235.03 236 234.64 235.5 233.68 235.8 236.64 235.55 234.92 235.91 235.23 231.67 227.68 226.24 224.23 217.95 205.56 195.63 198.8
-9999 -9999 -9999 -9999 -9999 -9999 -9999 -9999 -9999 -9999 204.5119 205.21 210.33 212.28 214.12 212.2 201.35 207.14 194.61 200.19 215.5 212.4 217.35 216.4 215.73 219.43 228.14 230.93 242.36 240.7 240.99 240.55 240.3 232.56 228.34 228.1 227.17 227.64 226.35 226.74 227.65 228.94 229.81 231.03 231.39 231.59 230.51 229.16 227.93 228.59 231.09 231.78 232.39 232.98 234.4 234.17 233.12 234.96 233.34 234.26 234.68 233.49 236.01 234.78 232.55 228.5 222.32 204.85 203.35 203.42 222.64 222.8 208.2
-9999 -9999 -9999 -9999 -9999 -9999 -9999 -9999 -9999 -9999 204.407 203.87 205.21 207.13 209.82 211.88 208.35 197.89 192.18 198.28 200.47 201.87 211.61 221.71 214.83 211.28 221.46 234.26 239.43 233.92 234.19 237.96 231.84 230.64 230 230.32 229.36 227.51 228.1 228.99 227.79 228.2 230.81 231.56 231.45 232.11 232.16 231.66 231.47 230.12 230.38 230.58 230.76 231.16 231.95 231.66 232.9 234.63 233.02 232.33 231.7 233.72 235.62 236.25 231.84 225.03 200.06 189.98 210.4 224.83 230.65 232.77 226.83
-9999 -9999 -9999 -9999 -9999 -9999 -9999 -9999 -9999 202.5 204.3878 204.88 205.19 203.52 194.38 197.57 202.45 213.27 213.99 212.98 208.23 207.48 209.37 215.35 213.98 213.08 222.33 234 236.25 230.68 227.92 231.51 234.28 229.88 228.73 229.12 230.48 230.48 231.7 231.58 230.97 230.71 231.57 230.73 230.43 230.52 229.8 230 231.44 231.35 229.99 229.84 228.34 228.74 230.31 231.68 233.11 233.6 232.37 229.61 228.82 231.4 232.78 232.6 226.11 216.92 187.95 214.91 205.98 214.41 230.84 239.33 244.27
-9999 -9999 -9999 -9999 -9999 -9999 -9999 -9999 -9999 201.1 204.5169 206.67 207.23 199.27 206.49 204.94 208.8 220.3 220.2 217.19 215.29 215.68 217.66 217.06 218.2 215.45 224.77 232 231.63 234.76 230.19 228.17 231.23 232.73 229.99 228.86 229.81 231.96 231.9 231.84 231.84 230.16 229.85 228.43 227.38 225.92 226.92 231.99 230.86 231.18 230.91 229.37 226.96 225.14 226.26 229.51 228.07 230.8 228.73 226.59 224.63 225.58 226.62 219.19 197.29 195.82 186.23 198.24 224.56 239.31 243.61 250.38 248.27
-9999 -9999 -9999 -9999 -9999 -9999 -9999 -9999 -9999 199.2973 204.4891 207.73 210.41 212.09 207.68 212.71 212.47 219.29 217.98 218.77 223.22 225.04 226.19 224.4 225 228.01 230.22 229.64 227.2 228.76 230.22 227.23 229.86 231.55 233.26 229.16 229.91 232.93 232.14 230.99 230.47 230.51 227.92 225.04 224.69 229.12 233.1 232.4 230.85 229.49 227.8 224.83 219.06 219.6 217.54 216.83 217.72 222.8 221.21 220.52 212.5 214.45 211 210.13 216.46 228.9 231.39 239.06 242.1 239.45 250 255.95 251.41
-9999 -9999 -9999 -9999 -9999 -9999 -9999 -9999 198.4 199.9865 204.3814 209.64 213.93 214.18 211.65 204.96 204.09 219.82 224.28 226.73 227.88 226.87 225.28 229.57 234.1 232.44 230.08 218.08 221.85 226.03 226.18 227.19 228.84 233.49 236.61 236.75 234.35 231.03 229.76 227.95 226.19 224.08 226.73 229.75 230.53 231.24 231.55 230.63 228.08 223.55 218.94 216.47 209.95 209.83 212.15 216.62 222.19 223.39 219.32 215.01 211.37 208.63 211.71 207.27 229.14 243.3 238.15 241.2 252.2 254.92 258.65 259.92 254.25
-9999 -9999 -9999 -9999 -9999 -9999 -9999 -9999 200.6129 202.18 206.2 211.73 216.7 218.4 212.05 202.95 223 226.7 229.73 229.13 231.34 232.22 234.34 230.37 212.51 208.41 215.84 217.36 220.83 224.18 227.63 225.32 229.93 235.02 236.26 237.61 236.6 227.2 221.7 213.1 222.88 225.96 232.87 234.87 230.59 229.56 231.98 228.65 223.67 222.65 221.57 213.01 202.21 213.44 218.42 217.19 212.74 212.27 216.6 227.06 223.56 231.54 232.22 228.56 242.24 247.62 253.65 256.28 259.66 257.32 260.41 261.44 258.04
-9999 -9999 -9999 -9999 -9999 -9999 -9999 -9999 203.0484 205.11 209.18 213.43 219.12 218.95 217.75 222.34 227.15 231.06 231.97 233.51 232.19 230.82 213.42 192.2 202.01 212.62 223.11 218.01 223.28 227.43 227.32 225.22 232.41 234.05 231.17 232.62 233.91 229.65 228.56 229.61 231.33 246.5 246.11 238.99 238.01 228.88 228.01 230.6 229.73 223.56 210 197.93 196.68 200.31 197.87 205.75 220.61 229.47 238.07 238.95 245.02 251.09 246.4 247.46 254.33 258.83 261.53 257.65 261.69 260.47 261.38 266.25 264.39
-9999 -9999 -9999 -9999 -9999 -9999 -9999 205 205.1978 208.01 212 215.7 221.43 219.99 223.79 230.17 231.87 233.04 232.87 230.6 229.34 211.2 174.58 191.66 221.55 234.92 236.55 227.01 224 226.21 223.66 224.91 226.98 229.02 230.44 230.95 222.69 229.74 233.2 247.56 253.57 251.5 242.69 239.52 226.73 204.25 210.22 228.05 223.42 206.26 200.8 200.4 200.44 210.77 212.45 221.34 227.22 223.45 219.88 227.38 251.5 256.01 258.14 261.57 266.55 263.47 263.58 260.75 260.93 265.87 264.91 266.49 265.87
-9999 -9999 -9999 -9999 -9999 -9999 -9999 205.3333 206.74 210.19 214.03 219.24 224.34 222.68 226.11 232.28 232.53 233.43 233.18 228.54 224.75 215.85 189.4 196.59 235.36 241.63 238.64 236.08 229.86 222.45 220.76 217.03 223.65 227.93 225.14 234.09 239.13 247.22 250.83 255.16 259.83 253.53 248.95 241.75 208.04 193.18 213.33 218.69 209.04 199 187.69 194.15 203.8 223.7 218.12 220.59 243.53 257.75 253.09 249.27 251.36 256.49 265.08 270.23 267.15 264.75 266.38 263.86 263.3 267.02 268.64 269.8 265.36
-9999 -9999 -9999 -9999 -9999 -9999 -9999 204.3836 208.51 214.02 218.37 223.4 227.47 226.89 229.48 230.47 232.54 230.19 220.9 210.41 207.28 225.84 233.38 238 241.03 240.66 243.91 243.04 239.74 236.56 244.59 247.23 230.62 244.33 250.84 254.97 257.6 253.64 259.95 262.67 264.12 264.53 246.01 220.15 235.36 219.22 193.5 196.02 200.42 231.85 219 226.86 248.74 260.54 254.96 268.42 265.06 261.49 256.58 254.23 264.14 271.26 272.23 268.72 265.96 266.33 269 265.21 267.03 267.4 269.22 269.85 267.16
-9999 -9999 -9999 -9999 -9999 -9999 -9999 209.3714 212.125 215.75 220.24 224.73 225.57 228.03 231.55 223.62 218.22 216.32 217.94 214.5 221.35 233.78 233.17 233.35 237.85 243.63 250.53 250.55 249.27 252.18 255.84 254.98 253.04 257.95 263.24 262.77 260.34 259.73 264.21 265.49 265.53 260.4 245.63 245.62 232.24 247.24 250.2 253.01 260.34 271.99 272.44 272.57 270.57 267.6 267 265.13 256.02 251.99 266.94 271.59 274.07 272.86 270.44 268.3 268.52 271.18 269.17 269.72 270.76 267.7 272.32 271.22 265.94
-9999 -9999 -9999 -9999 -9999 -9999 -9999 209.64 212.01 216.77 221.61 220.3 221.47 225.98 213.22 206.74 215.81 223.7 225.53 230.62 236.43 227.47 236.68 232.86 247.11 252.61 253.25 254.65 252.14 250.48 252.56 260.2 262.7 266.45 266.73 265.27 265.75 267.98 270.79 271.08 268.08 264.32 261.83 260.11 260.71 269.78 272.8 276.32 276.4 276.58 275.97 274.72 273.67 273.25 271.84 267.91 270.07 274.32 275.23 274.76 274.53 273.8 271.87 271.68 273.49 275.14 273 275.31 272.42 273.37 274.98 272.31 270.48
-9999 -9999 -9999 -9999 -9999 -9999 208.2941 210.04 212.35 216.95 220.88 216.91 221.99 223.63 217.38 222.19 228.75 228.91 224.81 226.5 227.93 235.71 249.31 249.98 252.12 255.99 256.82 258.87 258.16 258.57 261.08 263.48 261.52 266.06 267.55 268.87 270.02 271.99 272.68 269.06 266.27 268.27 272.9 276.01 277.12 277.79 277.65 277.87 278.22 277.68 276.92 276.88 276.3 274.93 273.55 275.78 276.12 276.54 276.11 274 271.89 272.22 274.11 276.68 277.93 276.56 277.05 278.55 277.45 274.94 270.04 266.08 263.65
-9999 -9999 -9999 -9999 -9999 -9999 208.7143 212.29 212.93 215.57 220.01 219.62 223.91 223.77 226.48 230.46 228.62 224.94 223.45 219.6 235.3 247.13 253.02 253.91 255.32 257.95 263.56 263.88 263.87 261.59 263.12 265.08 266.44 266.24 268.48 268.84 268.81 269.58 267.4 264.37 268.26 272.08 276.44 278.38 278.2 278.39 278.04 275.54 278.12 277.99 276.6 274.17 276.64 276.21 277.63 276.08 271.69 273.7 275.9 277.76 277.84 277.05 277.59 279.5 278.02 277.29 278.29 278.11 276.36 274.71 270.63 267.12 265.6
-9999 -9999 -9999 -9999 -9999 206.2857 207.9286 212.41 214.45 215.12 216.08 220.54 226.28 225.76 230.11 232.54 234.47 233.76 229.28 230.45 243.61 250 252.66 254.32 259.47 263.98 264.23 265.33 262.98 264.8 265.35 265.84 267.3 269.35 270.4 269.28 268.69 267.53 270.44 273.2 273.94 275.49 274.86 275.48 275.75 278.64 275.97 273.97 277.77 276.34 275.69 275.56 278.56 275.78 276.2 274.81 270.96 271.49 272.81 272.33 273.61 278.15 275.21 271.71 271.53 269.84 269.02 270.92 272.33 272.1 272.42 271.36 268.57
-9999 -9999 -9999 -9999 -9999 205.1607 206.84 210.72 214.8 214.75 217.75 224.03 229.01 229.88 229.17 234.77 234.1 236.65 237.53 243.43 249.82 251.36 255.98 259.29 260.62 260.67 262.23 264.54 263.65 265.14 268.12 268.45 266.27 266.51 268.31 271.58 275.11 274.02 272.81 271.6 272.74 273.96 272.92 271.71 268.9 267.15 268.07 270.56 269.42 267.97 269.62 272.95 271.76 271.33 265.17 267.2 266.56 266.83 265.2 267.57 267.86 270.77 268.46 265.43 268.56 265.81 266.44 267.38 268.44 268.49 269.89 269.74 269.78
-9999 -9999 -9999 -9999 -9999 205.7561 209.47 210.55 211.14 208.55 217.71 224.42 229.73 233.9 233.22 236.72 236.07 236.07 239.31 246.41 251.61 254.99 258.49 258.37 259.32 261.23 263.45 262.02 265.04 266.49 266.27 266.14 265.84 265.67 265.7 269.43 272.17 274.41 274.88 274.57 275.09 276.04 274.94 273.94 272.4 270.39 267.63 264.59 263.91 256.9 263 262.5 268.35 269.69 258.09 258.76 256.41 257.97 257.04 259.3 259.92 266.19 266.13 262.73 261.88 263.54 263.3 264.95 267.25 267.32 269.26 268.82 268.77
-9999 -9999 -9999 -9999 205.1563 206.5253 209.41 204.51 204.8 210.04 215.17 228.54 232.78 236.07 235.98 237.62 240.09 242.22 245.17 247.82 252.33 252.38 255.1 255.61 258.89 259.33 260.28 258.8 260.53 264.74 268.14 267.7 267.29 268.5 268.47 269.3 270.63 275.17 274.83 275.96 277.23 276.37 275.35 273.21 272.08 269.68 269.36 268.11 254.98 254.18 252 262.75 262.66 268.44 266.99 260.31 258.52 258.39 248.45 260.01 251.05 254.67 255.92 257.74 257.5 258.43 261.4 267.22 268.46 268.71 269.05 269.47 269.32
-9999 -9999 -9999 201.8095 205.41 206.86 206.55 206.6 211.96 220.45 226.16 231.35 235.27 236.8 240.04 243.3 245.43 247.82 246.99 248.39 248.99 250.97 252.64 253.24 252.57 255.45 257.54 258.77 257.61 260.67 265.67 267.7 269.21 270.79 271.2 271.48 271.39 271.08 273.12 274.1 276.28 276 275.33 272.38 270.78 260.84 265.59 266.23 256.9 250.8 265.31 270.55 272.41 271.17 275.53 273.77 273.57 270.34 265.27 267.44 263.44 264.95 266.88 267.99 257.21 251.16 255.6 262.07 265.95 266.05 268.7 270.07 270.4
-9999 195.4762 197.8125 202.3837 205.27 208.02 209.59 216.49 220.47 223.81 229.49 233.73 235.39 234.37 237.43 240.6 243.6 243.95 245.4 247.95 250.45 251.27 251.81 251.74 246.91 243.76 248.39 252.54 256.59 259.38 261.08 262.98 267.23 266.08 268.52 271.76 272.94 273.12 273.24 273.22 274.45 273.91 272.97 273.05 272.56 265.4 262.87 265.28 268.52 270.06 272.39 278.26 276.01 278.86 279.11 279.49 276.98 274.16 270.53 265.02 262.41 260.68 268.05 264.88 261.86 261.7 258.14 261.9 265.16 263.75 261.62 267.66 271.62
-9999 196.6154 198.02 202.07 206.35 210.11 214.26 219.96 223.22 227.11 231.82 234.72 234.46 236.14 237.45 239.64 242.21 245.45 247.6 249.35 252.27 252.93 254.1 254.13 251.04 241.64 244.15 255.02 261.73 262.08 263.75 267.29 269.04 267.63 270.13 270.38 270.27 273.76 272.88 271.57 272.6 273.46 272.67 275.87 279.28 277.16 280.09 279.35 279.79 275.2 276.47 281.5 281.3 281.78 274.37 277.28 277.09 273.54 273.86 271.82 271.38 274.56 274.97 270.65 263.6 264.14 266.58 265.36 262.02 263.44 259.34 268.56 272.75
-9999 199.9444 201.26 204.59 208.28 207.15 217.16 221.38 225.28 230.22 233.4 233.98 235.68 237.6 239.17 240.64 243.61 247.25 247.38 249.67 252.81 253.5 252.72 254.15 255.65 254.72 254.25 257.5 262.92 265.09 264.31 268.64 269.27 269.44 269.81 269.7 270.22 271.5 271.94 272.54 268.12 272.55 279.62 280.29 282.1 282.08 283.3 282.41 283.92 282.56 280.13 280.87 282.5 281.6 277.8 272.7 275.11 275.76 276.85 273.49 267.95 272.04 276.75 275.53 267.89 267.34 269.84 272.17 272.31 268.81 271.82 275.01 274.97
-9999 202.0313 204.67 206.73 208.04 214.41 221.06 223.85 228.94 232.6737 233.95 235.38 236.42 237.95 239.7 241.87 245.57 246.42 247.97 251.08 252.97 253.83 254.48 253.98 255.75 257.42 260.22 261.26 264.55 267.65 267.46 269.76 269.25 270.2 270.79 271.59 273.8 274.6 273.37 275.27 277.12 281.53 282.14 283.77 284.86 284.5 285.05 285.5 285.55 284.85 282.66 283.12 279.91 278.52 278.59 275.58 271.64 276.08 276.81 271.42 268.46 270.61 272.42 274.69 271.09 269.62 272.92 274.48 275.34 275.85 275.58 275.33 274.95
-9999 202.7 206.15 207.93 210.17 216.23 225.1489 228.6222 231.8506 233.47 234.51 236.09 237.42 239.93 242.05 243.66 245.59 246.82 248.4 250.09 252.23 253.52 254.85 256.77 257.31 258.33 261.06 264.13 264.82 267.12 270.41 270.72 271.54 272.54 273.02 274.45 275.81 277.38 276.89 276.45 279.06 282.87 284.15 285.12 285.6 285.73 285.65 282.41 281.8 285.49 283.98 282.42 283.37 280.89 279.8 277.36 274.61 273.29 275.87 277.22 277.08 270.37 271.99 276.81 272.66 275.16 275.15 274.96 275.35 275.95 276 275.74 275.17
-9999 202.8469 203.83 207.75 210.45 219.3505 228.3924 231.42 233.45 234.92 236.61 238.65 241.06 241.97 242.9 244.76 246.14 248.36 249.12 248.33 249.72 250.57 252.48 254.46 255.97 256.86 257.32 260.14 266.34 269.04 270.61 270.38 271.21 272.57 273.79 275.28 276.74 277.94 277.84 278.8 282.6 283.77 284.36 284.55 284.66 284.91 284.96 285.22 284.91 283.21 283.17 285.03 281.74 274.64 278.38 276.52 276.96 278.12 278.46 274.32 277.62 276.95 275.14 276.99 274.56 276.02 274.86 274.95 275.74 275.95 276.01 276.03 275.11
202.4516 203.11 204.85 210.99 221 226.1333 231.8765 233.45 235.09 236.05 236.8 238.48 239.88 240.66 243.21 244.22 244.88 246.16 247.32 247.98 249.27 250.13 248.08 249.44 252.9 256.05 254.7 258.94 266.44 269.98 270.46 269.41 269.89 272.02 273.92 275.36 276.46 276.8 278.83 280.8 281.5 281.72 282.81 281.48 282.07 282.22 282.24 285.05 283.97 283.42 282.68 283.82 285.07 280.62 283.13 281.15 278.74 277.31 273.68 273.01 277.25 277.92 273.89 275.11 277.39 276.71 276.36 276.38 275.03 275.03 274.77 271.65 272.74
201.1852 203.06 207.39 216.54 227.1808 230 234.4762 234.93 235.9 237 238.13 239.09 239.87 240.25 241.15 242.16 241.64 242.85 244.44 245.28 247.03 248.22 249.64 248.21 249.09 256.51 260.35 263.94 267.59 268.34 268.1 267.66 268.81 269.97 271.82 273.12 273.36 274.57 277.57 277.07 277.42 277.28 277.81 279.29 276 280.74 281.01 283.59 282.26 281.49 279.77 280.38 281.16 286.46 282.31 281.72 281.82 283.1 277.26 276.97 274.54 276.1 276.77 275.23 274.66 274.32 271.05 273.56 276.32 276.25 276.32 274.9 274.57
207.78 210.2676 215.4324 222.5455 229.1111 234.0417 235.1011 236.25 237.11 237.37 237.66 239.15 239.94 241.01 240.31 239.48 238.56 239.21 241.2 243.07 244.71 247.88 247.01 249.55 253.79 255.78 262.75 264.86 264.82 266.01 266 266.55 267.66 269.02 270.14 272.09 272.49 272.96 275.39 278.05 276.94 274.85 274.44 277.4 278 278.48 280.37 279.15 278.78 276.35 277.81 279.74 283.88 285.59 285.09 286.37 285.93 283.44 281.86 280.42 276.44 273.32 274.13 275.66 275.98 273.11 269.63 271.72 277.97 276.89 274.8 275.86 275.26
-9999 -9999 223.5 225.2703 229.7143 233.1429 234.67 235.98 237.77 238.67 239.16 240.11 240.12 238.96 237.68 238.3 237.49 237.87 239.41 243.69 246.14 249.37 251.3 252.23 255.63 259.86 261.72 263.94 262.9 262.06 261.64 263.05 265.42 266.56 268.03 269.95 270.56 271.08 272.65 275.71 274.43 273.99 272.96 273.37 277.43 275.06 276.26 274.15 276.77 280.13 282.61 283.55 284.66 284.48 280.2 285.16 283.08 279.02 279.86 278.08 276.83 274.44 273.79 274.97 274 274.31 276.62 278.19 273.69 278.21 274.61 275.03 274.94
-9999 -9999 -9999 226 228.34 230.84 231.4343 235.6824 238.5495 239.7692 239.04 240.98 241.25 239.22 239.16 239.32 237.98 239.92 242.53 244.17 247.14 250.08 251.61 252.42 254.36 259 262.48 262.33 261.98 259.98 259.75 258.91 257.08 260.75 260.12 266.98 268.33 268.02 269.7 272.59 275.58 270.2 271.61 273.63 276.26 272.23 270.76 274.48 276.89 281.01 280.91 280.67 280.53 282.49 282.62 283.95 284.81 284.2 280.22 272.25 268.83 272.64 274.93 275.87 280.93 279.49 277.05 278.58 279.53 276.63 275.87 274.63 272.88
