layers/wordclim/past/Iberia_lig_10_ascii/bio_15.asc
ncols         166
nrows         94
xllcorner     -9.4959440078468
yllcorner     36.000324005443
cellsize      0.083333337679505
NODATA_value  -9999
[rows 34 to 67 of 94, columns 77 to 153 of 166]
39.63 39.76 38.62 37.28 35.45 34.23 33.26 32.92 32.58 32.28 31.28 30.54 30.44 30.6 31.5 32.3 32.75 33.2 34.87 35.43 35.75 37.64 35.11 32.1 31.38 33.21 34.33 35.23 36.56 36.61 36.35 35.74 36.85 38.33 39.7 39.43 37.55 38.09 39.19 38.72 39.82 39.15 44.17 43.68 43.12 44.04 43.28 44.34 48 -9999 -9999 -9999 -9999 -9999 -9999 -9999 -9999 -9999 -9999 -9999 -9999 -9999 -9999 -9999 -9999 -9999 -9999 -9999 -9999 -9999 -9999 -9999 -9999 -9999 -9999 -9999 -9999
41.16 39.46 37.68 36.29 35.72 35.12 34.13 33.03 32.65 33.4 32.2 31.86 30.86 31.95 31.68 31.37 32.02 32.43 33.97 35.03 36.48 37.73 35.25 34.04 32.6 34.09 33.75 33.99 34.46 34.91 34.11 35.04 35.59 36.97 38.47 36.31 35.34 36.86 37.9 37.53 36.28 37.61 44.99 45.35 41.44 45.93939 48.13044 -9999 -9999 -9999 -9999 -9999 -9999 -9999 -9999 -9999 -9999 -9999 -9999 -9999 -9999 -9999 -9999 -9999 -9999 -9999 -9999 -9999 -9999 -9999 -9999 -9999 -9999 -9999 -9999 -9999 -9999
41.9 38.79 38.21 37.36 37.11 36.48 34.7 33.8 33.94 33.21 32.39 32.23 32.02 31.69 31.29 31.76 31.4 31.28 32.65 35.04 36.52 35.62 32.05 31.52 31.84 32.09 31.78 32.11 31.28 31.23 31.99 32.77 33.71 36.67 35.97 36.34 34.7 35.96 34.6 33.46 31.83 38.91 45.82 46.62 46.5 48.67606 49.1875 -9999 -9999 -9999 -9999 -9999 -9999 -9999 -9999 -9999 -9999 -9999 -9999 -9999 -9999 -9999 -9999 -9999 -9999 -9999 -9999 -9999 -9999 -9999 -9999 -9999 -9999 -9999 -9999 -9999 -9999
40.37 39.46 38.53 37.27 38.27 38.7 37.78 36.27 34.1 31.86 31.04 30.3 30.9 30.65 30.06 30.64 30.19 30.79 30.93 33.57 35.89 34.18 30.9 31.89 31.75 31.04 30.21 30.12 30.84 30.77 31.49 32.34 34.21 34.74 34.75 33.73 32.2 32.42 30.99 33.7 35.99 42.58 45.8 47.01 48.65979 49.44086 49.43023 49 -9999 -9999 -9999 -9999 -9999 -9999 -9999 -9999 -9999 -9999 -9999 -9999 -9999 -9999 -9999 -9999 -9999 -9999 -9999 -9999 -9999 -9999 -9999 -9999 -9999 -9999 -9999 -9999 -9999
41.78 40.99 38.55 37.3 39.33 37.8 36.08 34.52 33.9 32.77 31.54 30.46 29.97 29.77 29.59 29.12 28.38 29.68 29.64 31.12 33.89 35.11 31.81 31.87 32.63 31.85 29.98 29.99 29.35 29.15 29.47 29.04 31.5 32.96 33.9 33.14 31.9 33.03 34.67 38.1 42.08 44.4 45.11 44.29787 48.61538 49.55263 49.83333 -9999 -9999 -9999 -9999 -9999 -9999 -9999 -9999 -9999 -9999 -9999 -9999 -9999 -9999 -9999 -9999 -9999 -9999 -9999 -9999 -9999 -9999 -9999 -9999 -9999 -9999 -9999 -9999 -9999 -9999
43.47 41.22 39.44 39.41 40.29 37.54 36.91 36.22 36.03 35.07 33.44 31.67 30.31 28.47 28.69 27.99 27.29 28.14 28.84 29.99 32.7 34.92 33.48 31.94 33.12 31.36 27.87 29.33 28.55 27.88 27.52 26.82 29.65 31.04 32.37 32.41 31.91 34.3 36.77 40.95 43.33 45.35 46.46 46.73913 48.5 49 -9999 -9999 -9999 -9999 -9999 -9999 -9999 -9999 -9999 -9999 -9999 -9999 -9999 -9999 -9999 -9999 -9999 -9999 -9999 -9999 -9999 -9999 -9999 -9999 -9999 -9999 -9999 -9999 -9999 -9999 -9999
43.43 41.63 40.99 41.57 40.89 39.43 39.33 38.16 37.33 35 33.77 31.73 30.23 29.34 28.46 28.08 27.29 27.66 28.71 30.01 31.68 33.52 33.53 32.21 32.99 29.54 28.44 28.1 27.1 25.58 25.73 26.47 27.33 29.72 30.53 31.5 32.75 37.13 39.96 41.79 43.88 46.74 47.76 -9999 -9999 -9999 -9999 -9999 -9999 -9999 -9999 -9999 -9999 -9999 -9999 -9999 -9999 -9999 -9999 -9999 -9999 -9999 -9999 -9999 -9999 -9999 -9999 -9999 -9999 -9999 -9999 -9999 -9999 -9999 -9999 -9999 -9999
43.9 43.5 43.95 42.25 41.65 38.92 37.42 38.27 36.48 35.53 34.38 33.31 30.86 30.16 28.92 27.98 27.6 28.29 29.5 29.69 30.33 32.08 33.29 33.84 32.17 29.59 29.19 28.45 26.92 25.1 25.25 26.56 28.09 30.82 33.75 34.3 36.69 39.07 42.17 41.78 44.29 46.83133 49 -9999 -9999 -9999 -9999 -9999 -9999 -9999 -9999 -9999 -9999 -9999 -9999 -9999 -9999 -9999 -9999 -9999 -9999 -9999 -9999 -9999 -9999 -9999 -9999 -9999 -9999 -9999 -9999 -9999 -9999 -9999 -9999 -9999 -9999
44.61 45.33 43.34 41.09 41.73 40.29 38.39 37.63 36.27 35.13 34.05 33.01 30.92 29.53 29.06 29.29 27.61 27.98 28.37 28.73 29.73 30.6 32.22 33.84 31.67 29.66 31.12 30.72 28.64 26.97 27.9 27.81 29.04 31.13 35.21 37.29 37.7 39.17 44.17 45.25 44.52439 46.55556 -9999 -9999 -9999 -9999 -9999 -9999 -9999 -9999 -9999 -9999 -9999 -9999 -9999 -9999 -9999 -9999 -9999 -9999 -9999 -9999 -9999 -9999 -9999 -9999 -9999 -9999 -9999 -9999 -9999 -9999 -9999 -9999 -9999 -9999 -9999
46.18 45.13 41.79 40.96 41.1 39.06 38.38 37.7 36.85 35.27 33.75 34.18 31.72 30.65 29.91 28.74 28.44 28.48 29.33 28.18 30.39 31.08 33.02 32.19 29.75 29.79 31.66 32.25 31.41 30.8 30.1 31.43 31.41 32.54 38.31 41.87 41.52 42.76 44.57 48.13158 48.5 -9999 -9999 -9999 -9999 -9999 -9999 -9999 -9999 -9999 -9999 -9999 -9999 -9999 -9999 -9999 -9999 -9999 -9999 -9999 -9999 -9999 -9999 -9999 -9999 -9999 -9999 -9999 -9999 -9999 -9999 -9999 -9999 -9999 -9999 -9999 -9999
46.22 43.99 41.38 40.41 40.31 39.07 37.94 37.26 35.97 35.52 35.04 34.5 32.19 30.92 29.99 30.03 29.54 29.73 29.39 29.17 30.66 33.42 32.81 30.25 26.95 27.22 29.97 32.17 32.89 33.81 34.47 33.67 34.88 36.73 39.89 43.06 42.79 43.31 46.89773 49 -9999 -9999 -9999 -9999 -9999 -9999 -9999 -9999 -9999 -9999 -9999 -9999 -9999 -9999 -9999 -9999 -9999 -9999 -9999 -9999 -9999 -9999 -9999 -9999 -9999 -9999 -9999 -9999 -9999 -9999 -9999 -9999 -9999 -9999 -9999 -9999 -9999
44.76 43.65 41.77 40.92 39.87 38.97 37.83 37.28 35.98 36.11 36.25 35.13 33.65 31.89 31.99 31.56 30.45 30.7 30.02 29.22 30.39 33.12 31.49 29 26.94 27.78 29.73 30.73 32.25 32.57 35.49 36.72 39.17 41.8 44.93 45.23 45.22 46.46269 47.28571 -9999 -9999 -9999 -9999 -9999 -9999 -9999 -9999 -9999 -9999 -9999 -9999 -9999 -9999 -9999 -9999 -9999 -9999 -9999 -9999 -9999 -9999 -9999 -9999 -9999 -9999 -9999 -9999 -9999 -9999 -9999 -9999 -9999 -9999 -9999 -9999 -9999 -9999
44.32 43.63 42.46 41.33 40.99 40.09 38.67 37.59 36.99 36.86 35.8 35.19 34.34 33.3 33.46 32.82 32.19 31.12 30.59 30.68 31.52 32.28 33.01 31.64 29.95 28.96 27.58 29.47 32.4 34.47 36.31 35.87 38.38 43.26 47.23 48.61 49.53608 49.4375 -9999 -9999 -9999 -9999 -9999 -9999 -9999 -9999 -9999 -9999 -9999 -9999 -9999 -9999 -9999 -9999 -9999 -9999 -9999 -9999 -9999 -9999 -9999 -9999 -9999 -9999 -9999 -9999 -9999 -9999 -9999 -9999 -9999 -9999 -9999 52.66667 53.68182 53.28571 -9999
45.11 43.85 42.8 42.11 41.14 40.29 39.76 38.31 37.74 37.39 35.85 34.94 34.4 33.78 33.93 32.98 33.32 31.87 30.82 31.51 32.49 31.74 32.3 33.58 32.52 31.71 30.35 29.89 32.79 35.86 39.77 41.11 38.8 40.9 46.73 50.18182 49.92683 -9999 -9999 -9999 -9999 -9999 -9999 -9999 -9999 -9999 -9999 -9999 -9999 -9999 -9999 -9999 -9999 -9999 -9999 -9999 -9999 -9999 -9999 -9999 -9999 -9999 -9999 -9999 -9999 -9999 -9999 -9999 -9999 -9999 51.35 48.89655 50.20652 53.89691 55.075 54.2 -9999
45.51 44.36 43.04 42.3 41.27 41.2 40.19 38.84 38.3 38.21 36.98 35.91 34.98 34.39 34.36 33.93 33.72 33.59 33.03 33.07 32.53 32.29 33.59 35.75 35.1 34.04 33.49 35.19 35.17 36.3 37.74 42.49 45.38 46.18 50.21 50.86364 -9999 -9999 -9999 -9999 -9999 -9999 -9999 -9999 -9999 -9999 -9999 -9999 -9999 -9999 -9999 -9999 -9999 -9999 -9999 -9999 -9999 -9999 -9999 -9999 -9999 -9999 -9999 -9999 -9999 -9999 -9999 -9999 52.375 51.46479 46.26263 48.47 52.75 54.74 55.22222 56 55.5
46.02 45.2 43.68 43.06 41.98 41.71 40.65 39.29 38.95 39.16 38.33 36.46 35.63 35.1 34.76 34.71 34.94 35.2 34.8 33.87 32.13 33.72 33.87 34.95 36.65 39.12 39.68 40.87 43.06 44.22 43.19 41.16 45.88 50.04 52.03947 -9999 -9999 -9999 -9999 -9999 -9999 -9999 -9999 -9999 -9999 -9999 -9999 -9999 -9999 -9999 -9999 -9999 -9999 -9999 -9999 -9999 -9999 -9999 -9999 -9999 -9999 -9999 -9999 -9999 -9999 -9999 55 50.65789 49.15556 49.21 50.97 53.02 54.1 54.53 54.82 55.11236 54.09783
46.78 45.27 43.97 43.9 43.28 41.91 41.75 40.19 39.54 39.45 38.78 37.86 36.99 36.48 35.98 35.26 34.8 35.47 36.01 34.34 33.81 35.1 34.36 32.94 33.57 37.17 41.81 44.3 46.62 47.97 48.81 49.51 50.33 52.82979 53.13334 -9999 -9999 -9999 -9999 -9999 -9999 -9999 -9999 -9999 -9999 -9999 -9999 -9999 -9999 -9999 -9999 -9999 -9999 -9999 -9999 -9999 -9999 -9999 -9999 -9999 -9999 -9999 -9999 -9999 56 51.77778 50.3012 50.1 54.42 54.95 53.98 53.69 53.77 54.16 54.86 54.74 54.84
46.88 46.12 45.1 44.78 43.73 42.62 42.15 41.5 41.06 40.3 38.99 38.35 38.25 37.76 37.41 36.69 36.38 36.2 37.62 36.42 35.89 36.07 36.62 35.64 35.78 35.52 35.81 41.65 46.86 48.95 50.51 51.59 54.58 54.95652 -9999 -9999 -9999 -9999 -9999 -9999 -9999 -9999 -9999 -9999 -9999 -9999 -9999 -9999 -9999 -9999 -9999 -9999 -9999 -9999 -9999 -9999 -9999 -9999 -9999 -9999 -9999 -9999 -9999 -9999 54 54.88372 54.91026 54.03659 55.78378 56.22034 55.46 53.35 53.54 54.51 55.38 55.29 56
47.19 46.86 45.82 45.42 44.66 43.96 43.53 42.57 42.02 40.55 39.64 39.96 39.34 38.93 38.39 38.3 37.8 38.12 39.61 38.53 37.97 38.49 38.83 38.38 36.92 36.49 36.94 40.94 45.94 48.94 51.45 53.18 54.84 55.33333 -9999 -9999 -9999 -9999 -9999 -9999 -9999 -9999 -9999 -9999 -9999 -9999 -9999 -9999 -9999 -9999 -9999 -9999 -9999 -9999 -9999 -9999 -9999 -9999 -9999 -9999 -9999 -9999 -9999 -9999 -9999 -9999 56.61538 56 -9999 56 55.25 54.93 55.09 55.75 55.59 55.44 56.71875
47.5 46.89 46.4 45.61 45.09 44.88 44.09 43.49 42.64 42.06 41.47 41.37 40.27 40.2 39.42 39.35 39.08 38.87 39.34 41.77 41.72 41.14 40.53 39.12 38.86 38.95 40.62 44.45 46.9 48.95 50.62 53.41 54.97 54.88235 -9999 -9999 -9999 -9999 -9999 -9999 -9999 -9999 -9999 -9999 -9999 -9999 -9999 -9999 -9999 -9999 -9999 -9999 -9999 -9999 -9999 -9999 -9999 -9999 -9999 -9999 -9999 -9999 -9999 -9999 -9999 -9999 -9999 -9999 -9999 56 55.39286 55.82813 56.43421 56.78 56.51 57.05882 58
48 47.48 46.29 46 45.48 45.01 44.65 43.8 43.07 42.6 42.41 41.87 41.25 41.08 40.87 40.76 40.16 40 39.54 39.67 40.41 41.2 41.37 41.35 40.68 40.36 42.6 42.51 43.48 48.96 51.13 53.56 54.97 55.15873 -9999 -9999 -9999 -9999 -9999 -9999 -9999 -9999 -9999 -9999 -9999 -9999 -9999 -9999 -9999 -9999 -9999 -9999 -9999 -9999 -9999 -9999 -9999 -9999 -9999 -9999 -9999 -9999 -9999 -9999 -9999 -9999 -9999 -9999 -9999 -9999 -9999 -9999 57 57.32203 57.27273 -9999 -9999
48.29 48 46.79 46.43 45.64 45.03 44.42 43.72 43.74 43.23 43.12 42.49 42.56 42.28 41.99 41.85 41.45 40.8 40.66 41.11 40.49 39.75 39.25 40.8 43.21 39.09 38.73 43.18 46.24 48.33 53.07 54.12 54.86 55.34343 55.26667 -9999 -9999 -9999 -9999 -9999 -9999 -9999 -9999 -9999 -9999 -9999 -9999 -9999 -9999 -9999 -9999 -9999 -9999 -9999 -9999 -9999 -9999 -9999 -9999 -9999 -9999 -9999 -9999 -9999 -9999 -9999 -9999 -9999 -9999 -9999 -9999 -9999 57 -9999 -9999 -9999 -9999
48.51 48.06 46.96 46.01 45.15 44.81 43.9 43.31 43.19 43.54 43.47 43.91 43.16 43.14 43 42.53 42.15 42 41.07 40.31 39.16 37.63 37.95 39.41 42.48 38.14 39.96 45.83 48.75 50.64 53.73 54.4 52.26 53.57 55.5 -9999 -9999 -9999 -9999 -9999 -9999 -9999 -9999 -9999 -9999 -9999 -9999 -9999 -9999 -9999 -9999 -9999 -9999 -9999 55.29412 54.96296 55.33333 -9999 -9999 -9999 -9999 -9999 -9999 -9999 -9999 -9999 -9999 -9999 -9999 -9999 -9999 58 57.46154 -9999 -9999 -9999 -9999
48.32 47.26 45.98 45.23 44.7 43.9 43.51 42.64 42.47 42.94 43.67 43.95 43.86 43.79 43.53 43.4 42.89 41.26 40.25 38.75 37.48 36.35 37.78 39.34 41.44 38.33 40.08 43.64 47.8 51.16 53.25 53.46 50.37 50.51 55.2963 57 -9999 -9999 -9999 -9999 -9999 -9999 -9999 -9999 -9999 -9999 -9999 -9999 -9999 -9999 -9999 -9999 54.25 53.84524 54.73 55.19192 56.46667 -9999 -9999 -9999 -9999 -9999 -9999 -9999 -9999 -9999 -9999 -9999 -9999 -9999 -9999 -9999 -9999 -9999 -9999 -9999 -9999
47.47 46.85 46.44 45.41 44.63 43.68 42.75 42.23 42.3 43.01 44 44.52 44.8 44.11 44.02 43.8 41.6 40.06 39.62 38.28 38.29 39.24 39.48 39.98 39.5 37.52 39.78 43.09 46.42 49.33 50.7 51.73 49.41 48.88 55.1 57.23214 -9999 -9999 -9999 -9999 -9999 -9999 -9999 -9999 -9999 -9999 -9999 -9999 -9999 -9999 -9999 56 55.39506 54.95 56.10526 56.64286 -9999 -9999 -9999 -9999 -9999 -9999 -9999 -9999 -9999 -9999 -9999 -9999 -9999 -9999 -9999 -9999 -9999 -9999 -9999 -9999 -9999
47.64 46.29 45.95 45.71 44.58 44.21 43.4 42.8 42.45 43.15 43.7 44.44 44.51 44.54 44.19 43.31 42.15 41.17 40.51 40.03 40.12 40.41 40.5 41.49 41.17 39.75 41.21 44.64 44.85 46.27 49.68 50.16 48.81 48.26 50.87 55.98 57.80597 59.15625 60.33333 -9999 -9999 -9999 -9999 -9999 -9999 -9999 -9999 -9999 -9999 -9999 -9999 55.26316 54.83636 56.39706 57 -9999 -9999 -9999 -9999 -9999 -9999 -9999 -9999 -9999 -9999 -9999 -9999 -9999 -9999 -9999 -9999 -9999 -9999 -9999 -9999 -9999 -9999
48.19 46.98 46.12 45.06 44.87 44.04 43.36 43.01 42.99 42.84 43.04 43.13 43.03 43.82 43.11 42.86 42.33 41.56 40.85 40.6 41.04 41.67 40.69 39.87 40.42 42.03 43.98 42.65 43.1 44.69 43.32 44.11 47.59 44.1 45.15 48.89 54.94 56.86 57.87629 59.41667 -9999 -9999 -9999 -9999 -9999 -9999 -9999 -9999 -9999 -9999 -9999 -9999 -9999 -9999 57 -9999 -9999 -9999 -9999 -9999 -9999 -9999 -9999 -9999 -9999 -9999 -9999 -9999 -9999 -9999 -9999 -9999 -9999 -9999 -9999 -9999 -9999
48.58 47.55 46.67 45.25 45.2 45.06 44.48 42.89 41.72 40.61 40.23 40.05 40.97 42.39 43.33 42.79 43.16 42.93 42.75 42.5 41.25 42.29 42.57 42.27 42.66 45.1 43.73 42.58 41.54 39.63 39.9 43.65 44.76 40.79 43.78 45.59 50.05 55.03 57.3494 57.71429 -9999 -9999 -9999 -9999 -9999 -9999 -9999 -9999 -9999 -9999 -9999 -9999 -9999 57.55172 57.93877 57.4 -9999 -9999 -9999 -9999 -9999 -9999 -9999 -9999 -9999 -9999 -9999 -9999 -9999 -9999 -9999 -9999 -9999 -9999 -9999 -9999 -9999
48.52 48.07 46.6 46.63 46.17 46.76 44.54 41.71 40.07 40.87 40.3 40.75 41.71 43.2 44.25 44.86 45.16 44.89 44.78 44.18 43.1 42.19 42.88 44.31 44.65 45.52 46.26 43.75 40.53 41.61 39.14 39.93 40.87 42.44 43.48 53.19 54.07895 57.02632 59 -9999 -9999 -9999 -9999 -9999 -9999 -9999 -9999 -9999 -9999 -9999 -9999 -9999 -9999 57.625 -9999 57 -9999 -9999 -9999 -9999 -9999 -9999 -9999 -9999 -9999 -9999 -9999 -9999 -9999 -9999 -9999 -9999 -9999 -9999 -9999 -9999 -9999
49.28 47.84 47.87 48.3 47.79 45.82 41.97 40.71 40.15 41.28 42.87 43.56 44.67 46.02 46.23 46.03 46.86 47.68 47.06 45.77 45.36 44.07 43.84 45.39 44.51 43.27 46.24 45.37 40.56 43.75 44.01 47.17 45.12 51.68 53.72222 56.12698 56 -9999 -9999 -9999 -9999 -9999 -9999 -9999 -9999 -9999 -9999 -9999 -9999 -9999 -9999 -9999 -9999 -9999 -9999 -9999 -9999 -9999 -9999 -9999 -9999 -9999 -9999 -9999 -9999 -9999 -9999 -9999 -9999 -9999 -9999 -9999 -9999 -9999 -9999 -9999 -9999
49.55 49.23 49.51 49.06 47.22 45.72 44.41 42.11 41.57 43.6 44.73 45.61 46.89 46.38 47.79 48.89 49.52 49.32 47.77 46.04 46.65 46.57 45.4 42.77 44.09 45.56 47.08 48.73 45.58 48.26 51.09 53.56 53.47297 55.05556 -9999 -9999 -9999 -9999 -9999 -9999 -9999 -9999 -9999 -9999 -9999 -9999 -9999 -9999 -9999 -9999 -9999 -9999 -9999 -9999 -9999 -9999 -9999 -9999 -9999 -9999 -9999 -9999 -9999 -9999 -9999 -9999 -9999 -9999 -9999 -9999 -9999 -9999 -9999 -9999 -9999 -9999 -9999
50.86 50.67 50.89 49.79 48.16 47.2 44.12 42.41 43.84 46.85 47.76 46.95 46.63 48.2 49.63 48.97 49.84 50.48 50.11 50.34 48.93 47.69 48.04 46.07 46.27 45.15 48.15 51.83 52.49 52.91 55.06 55.9359 56.25 -9999 -9999 -9999 -9999 -9999 -9999 -9999 -9999 -9999 -9999 -9999 -9999 -9999 -9999 -9999 -9999 -9999 -9999 -9999 -9999 -9999 -9999 -9999 -9999 -9999 -9999 -9999 -9999 -9999 -9999 -9999 -9999 -9999 -9999 -9999 -9999 -9999 -9999 -9999 -9999 -9999 -9999 -9999 -9999
51.64 52.03 49.36 47.01 48.19 44 41.93 44 43.97 45.13 44.24 43.09 42.7 44.66 46.64 49.89 51.48 51.25 51.98 53.08 51.22 49.85 46.55 47.27 48.58 47.84 48.79 52.31 54.55 55.43 56.48684 -9999 -9999 -9999 -9999 -9999 -9999 -9999 -9999 -9999 -9999 -9999 -9999 -9999 -9999 -9999 -9999 -9999 -9999 -9999 -9999 -9999 -9999 -9999 -9999 -9999 -9999 -9999 -9999 -9999 -9999 -9999 -9999 -9999 -9999 -9999 -9999 -9999 -9999 -9999 -9999 -9999 -9999 -9999 -9999 -9999 -9999
52.48 50.64 49.2 47.61 46.99 42.76 42.6 43.88 40.65 43.2 41.49 41.13 40.87 42.98 47.7 50 51.04 51.38 52.05 51.73 54.29 53.39 51.43 52.63 53.93 54.01 55.92 56.78 57.18 57.3913 56.56897 -9999 -9999 -9999 -9999 -9999 -9999 -9999 -9999 -9999 -9999 -9999 -9999 -9999 -9999 -9999 -9999 -9999 -9999 -9999 -9999 -9999 -9999 -9999 -9999 -9999 -9999 -9999 -9999 -9999 -9999 -9999 -9999 -9999 -9999 -9999 -9999 -9999 -9999 -9999 -9999 -9999 -9999 -9999 -9999 -9999 -9999
