layers/wordclim/past/Iberia_lig_10_ascii/bio_13.asc
ncols         166
nrows         94
xllcorner     -9.4959440078468
yllcorner     36.000324005443
cellsize      0.083333337679505
NODATA_value  -9999
[rows 0 to 33 of 94, columns 75 to 149 of 166]
-9999 -9999 -9999 -9999 -9999 -9999 -9999 -9999 -9999 -9999 -9999 -9999 -9999 -9999 -9999 -9999 -9999 -9999 -9999 -9999 -9999 -9999 -9999 -9999 -9999 -9999 -9999 -9999 -9999 -9999 -9999 -9999 -9999 -9999 -9999 -9999 -9999 -9999 -9999 -9999 -9999 -9999 -9999 -9999 -9999 -9999 -9999 -9999 -9999 -9999 -9999 -9999 -9999 -9999 -9999 -9999 -9999 -9999 -9999 -9999 -9999 -9999 -9999 -9999 -9999 -9999 -9999 -9999 -9999 -9999 -9999 -9999 -9999 -9999 -9999
-9999 -9999 -9999 -9999 -9999 -9999 -9999 -9999 -9999 -9999 -9999 -9999 -9999 -9999 -9999 -9999 -9999 -9999 -9999 -9999 -9999 -9999 -9999 -9999 -9999 -9999 -9999 -9999 -9999 -9999 -9999 -9999 -9999 -9999 -9999 -9999 -9999 -9999 -9999 -9999 -9999 -9999 -9999 -9999 -9999 -9999 -9999 -9999 -9999 -9999 -9999 -9999 -9999 -9999 -9999 -9999 -9999 -9999 -9999 -9999 -9999 -9999 -9999 -9999 -9999 -9999 -9999 -9999 -9999 -9999 -9999 -9999 -9999 -9999 -9999
-9999 -9999 -9999 -9999 -9999 -9999 -9999 -9999 -9999 -9999 -9999 -9999 -9999 -9999 -9999 -9999 -9999 -9999 -9999 -9999 -9999 -9999 -9999 -9999 -9999 -9999 -9999 -9999 -9999 -9999 -9999 -9999 -9999 -9999 -9999 -9999 -9999 -9999 -9999 -9999 -9999 -9999 -9999 -9999 -9999 -9999 -9999 -9999 -9999 -9999 -9999 -9999 -9999 -9999 -9999 -9999 -9999 -9999 -9999 -9999 -9999 -9999 -9999 -9999 -9999 -9999 -9999 -9999 -9999 -9999 -9999 -9999 -9999 -9999 -9999
-9999 -9999 -9999 -9999 -9999 -9999 -9999 -9999 -9999 -9999 -9999 -9999 -9999 -9999 -9999 -9999 -9999 -9999 -9999 -9999 -9999 -9999 -9999 -9999 -9999 -9999 -9999 -9999 -9999 -9999 -9999 -9999 -9999 -9999 -9999 -9999 -9999 -9999 -9999 -9999 -9999 -9999 -9999 -9999 -9999 -9999 -9999 -9999 -9999 -9999 -9999 -9999 -9999 -9999 -9999 -9999 -9999 -9999 -9999 -9999 -9999 -9999 -9999 -9999 -9999 -9999 -9999 -9999 -9999 -9999 -9999 -9999 -9999 -9999 -9999
-9999 -9999 -9999 191.6667 191.3 189.7931 188.1667 -9999 -9999 -9999 -9999 -9999 -9999 -9999 -9999 -9999 -9999 -9999 -9999 -9999 -9999 -9999 -9999 -9999 -9999 -9999 -9999 -9999 -9999 -9999 -9999 -9999 -9999 -9999 -9999 -9999 -9999 -9999 -9999 -9999 -9999 -9999 -9999 -9999 -9999 -9999 -9999 -9999 -9999 -9999 -9999 -9999 -9999 -9999 -9999 -9999 -9999 -9999 -9999 -9999 -9999 -9999 -9999 -9999 -9999 -9999 -9999 -9999 -9999 -9999 -9999 -9999 -9999 -9999 -9999
177.5556 181.1481 186.0952 189.2299 189.18 186.47 184.1628 182.5769 180.6909 177.6429 -9999 -9999 -9999 -9999 -9999 177 185.2571 181.4865 182 -9999 -9999 -9999 -9999 -9999 -9999 -9999 -9999 -9999 -9999 -9999 -9999 -9999 -9999 -9999 -9999 -9999 -9999 -9999 -9999 -9999 -9999 -9999 -9999 -9999 -9999 -9999 -9999 -9999 -9999 -9999 -9999 -9999 -9999 -9999 -9999 -9999 -9999 -9999 -9999 -9999 -9999 -9999 -9999 -9999 -9999 -9999 -9999 -9999 -9999 -9999 -9999 -9999 -9999 -9999 -9999
170.45 175.19 177.8061 183.8788 182.61 180.84 177.23 176.01 174.98 174.1414 173.1233 172.3167 173.5082 174.0164 176.8095 177.0833 179.94 184.05 182.5 183.0263 179.7561 179 176.8 -9999 -9999 -9999 -9999 -9999 -9999 -9999 -9999 -9999 -9999 -9999 -9999 -9999 -9999 -9999 -9999 -9999 -9999 -9999 -9999 -9999 -9999 -9999 -9999 -9999 -9999 -9999 -9999 -9999 -9999 -9999 -9999 -9999 -9999 -9999 -9999 -9999 -9999 -9999 -9999 -9999 -9999 -9999 -9999 -9999 -9999 -9999 -9999 -9999 -9999 -9999 -9999
163.55 166.91 168.36 168.19 172.22 171.13 168.39 165.81 165.84 165.81 166.21 167.3 170.2 171.63 172.65 175.99 177.58 179.37 179 178.95 178.17 175.52 174.7619 -9999 -9999 -9999 -9999 -9999 -9999 -9999 -9999 -9999 -9999 -9999 -9999 -9999 -9999 -9999 -9999 -9999 -9999 -9999 -9999 -9999 -9999 -9999 -9999 -9999 -9999 -9999 -9999 -9999 -9999 -9999 -9999 -9999 -9999 -9999 -9999 -9999 -9999 -9999 -9999 -9999 -9999 -9999 -9999 -9999 -9999 -9999 -9999 -9999 -9999 -9999 -9999
154.9 157.35 158.36 159.64 158.99 158.76 155.93 156.15 156.12 156.16 156.67 158.57 160.96 162.28 165.23 169.13 169.69 171.59 172.9 173.61 171.84 170.8767 161 163.3333 -9999 -9999 -9999 -9999 -9999 -9999 -9999 -9999 -9999 -9999 -9999 -9999 -9999 -9999 -9999 -9999 -9999 -9999 -9999 -9999 -9999 -9999 -9999 -9999 -9999 -9999 -9999 -9999 -9999 -9999 -9999 -9999 -9999 -9999 -9999 -9999 -9999 -9999 -9999 -9999 -9999 -9999 -9999 -9999 -9999 -9999 -9999 -9999 -9999 -9999 -9999
143.43 145.17 148.03 148.43 145.42 146.26 145.6 144.73 145.15 145.95 146.61 148.02 150.16 152.92 157.04 160.18 161.54 163.98 166.01 165.29 161.44 159.7625 156.6481 155.6548 151.1429 147.875 -9999 -9999 -9999 -9999 -9999 -9999 -9999 -9999 -9999 -9999 -9999 -9999 -9999 -9999 -9999 -9999 -9999 -9999 -9999 -9999 -9999 -9999 -9999 -9999 -9999 -9999 -9999 -9999 -9999 -9999 -9999 -9999 -9999 -9999 -9999 -9999 -9999 -9999 -9999 -9999 -9999 -9999 -9999 -9999 -9999 -9999 -9999 -9999 -9999
135.69 135.84 136.81 137.28 136.22 135.96 135.5 135.03 136.17 137.82 141.22 140.56 141.44 144.91 148.33 151.44 155.09 158.32 161.21 162.65 158.65 156.06 152.86 150.12 146.91 144.28 142.4731 140.3607 138.12 142.431 152.8 -9999 -9999 -9999 -9999 -9999 -9999 -9999 -9999 -9999 -9999 -9999 -9999 -9999 -9999 -9999 -9999 -9999 -9999 -9999 -9999 -9999 -9999 -9999 -9999 -9999 -9999 -9999 -9999 -9999 -9999 -9999 -9999 -9999 -9999 -9999 -9999 -9999 -9999 -9999 -9999 -9999 -9999 -9999 -9999
128.75 128.47 128.86 129.2 128.82 126.56 125.5 124.57 124.23 125.26 126.62 131.71 133.91 137.05 139.94 144.24 147.26 152.05 155.79 156.64 154.59 150.37 147.86 144.84 141.24 137.8 136.27 134.01 133.58 138.92 139.9342 136.3333 -9999 -9999 -9999 160.25 -9999 -9999 -9999 -9999 -9999 -9999 -9999 -9999 -9999 -9999 -9999 120.1 127 -9999 -9999 -9999 -9999 -9999 -9999 -9999 -9999 -9999 -9999 -9999 -9999 -9999 -9999 -9999 -9999 -9999 -9999 -9999 -9999 -9999 -9999 -9999 -9999 -9999 -9999
121.16 122.49 119.95 120.29 118.99 117.66 118.2 118.69 120.07 120.06 124.92 126.63 126.78 128.68 133.94 135.3 138.23 143.15 149.74 154.03 149.73 146.29 142.85 138.54 135.2 131.09 128.46 125.57 126.52 128.48 131.44 140.2258 136.6567 141.3974 135.6023 147.1111 152.3731 158.0385 -9999 -9999 -9999 -9999 -9999 -9999 -9999 -9999 126.7273 119.48 131.91 145.0769 148.1636 138.275 139.5 -9999 -9999 -9999 -9999 -9999 -9999 -9999 -9999 -9999 -9999 -9999 -9999 -9999 -9999 -9999 -9999 -9999 -9999 -9999 -9999 -9999 -9999
116.22 115.8 112.12 111.14 110.29 109.78 108.88 109.05 112.73 110.49 110.59 112.16 115.15 117.13 118.05 122 128.75 133.7 137.39 141.35 139.34 136.89 134.55 130.99 128.1 124.51 121.9 118.18 117 114.34 113.36 119.62 123.63 141.23 132.2 121.36 142.81 134.3044 153.7442 151.4894 140.2982 135.625 148.6296 148.5185 152.625 153.15 142.3158 128.2551 124.02 133.09 140.06 144.44 136.3781 144.7937 143.9697 149.5313 -9999 -9999 -9999 -9999 -9999 -9999 -9999 -9999 -9999 -9999 -9999 -9999 -9999 -9999 -9999 -9999 -9999 -9999 -9999
107.46 108.27 106.76 104.81 103.04 104.36 107.25 108.48 104.28 103.21 103.8 102.59 98.27 102.93 108.89 111.32 116.45 122.75 128.15 130 128.8 128.02 125.92 122.57 120.16 117.53 112.72 109.3 105.44 105.58 105.45 104.37 104.85 111.77 113.03 106.61 118.73 112.51 127.91 135.02 125.21 117.59 135.98 136.65 147.39 130.4 155.46 149.55 143.93 145.83 147.32 139.34 121.62 132.96 133.47 147.7629 153.1111 -9999 -9999 -9999 -9999 -9999 -9999 -9999 -9999 -9999 -9999 -9999 -9999 -9999 -9999 -9999 -9999 -9999 -9999
102.47 102.13 99.82 97.4 95.93 93.5 91.06 89.54 87.02 85.69 85.56 84.45 84.64 90.56 95.74 100.93 105.79 111.2 117.05 119.7 120.78 120.02 116.27 113.83 111.25 110.04 107.39 106.81 101.32 96.89 97.91 95.51 97.75 94.28 91.48 101 109.75 103.89 108.42 105.71 96.07 104.92 130.21 127.22 117.51 131.17 137.23 130.78 133.85 139.55 149.15 146.41 122.39 114.67 123.75 137.93 135.28 -9999 -9999 -9999 -9999 -9999 -9999 -9999 -9999 -9999 -9999 -9999 -9999 -9999 -9999 -9999 -9999 -9999 -9999
97.7 96.81 95.85 93 91.92 89.31 84.99 83.73 79.49 74.16 71.19 70.55 75.36 81.87 87.27 92.36 97.94 101.8 106.55 107.87 110.68 110.76 108.44 108.07 106.89 105.35 102.21 102.3 100.3 93.65 91.25 88.32 89.14 85.81 84.82 94.09 100.19 102.96 91.85 92.43 84.84 98.72 108.17 109.44 111.34 120.29 115.7 111.68 121.63 138.63 135.71 134.03 115.95 120.34 127.87 128.88 116.2979 137.4839 142.9841 141.1368 133.6854 116.3519 111.1176 -9999 151 151 138.875 -9999 -9999 -9999 -9999 114.6667 102.8 101.125 103.8529
96.42 99.15 99.41 94.8 91.82 85.4 84.67 90.26 82.12 77.26 72.93 73.6 73.59 76.67 80.74 85.65 90.3 93.35 96.69 98.23 99.65 100.31 99.26 98.4 99.06 97.64 96.28 95.11 93.4 88.11 84.16 86.44 84.95 84.86 88.73 89.44 93.34 97.06 97.63 88.5 81.27 82.04 87.99 96.65 103.58 111.5 115.41 109.61 111 113.6 111.15 114.55 109.6 126.77 119.16 106.39 101.82 112.04 115.21 112.79 110.52 111.26 118.3562 129.8788 132.8375 132.54 121.69 114.4353 109 106.95 102.6364 103.5957 101.13 98.78 98.16
103.03 104.35 99.11 105.41 97.81 88.04 94.4 98.16 91.31 92.29 93.92 86.83 89.92 79.1 77.13 80.35 83.46 86.64 89.15 91.61 92.82 92.81 92.35 90.8 90.1 89.1 87.63 84.89 83.79 78.42 75.87 75.76 82.45 88.75 90.89 93.09 101.21 96.1 93.57 88.2 79.43 77.47 89.33 86.96 98.62 94.54 104.49 98.57 105.18 111.68 100.16 99.03 116.4 119.98 112.07 96 108.02 119.94 125.66 125.52 117.68 118.94 119.92 116.15 111 113.52 112.54 103.74 98.91 100.41 103.06 103.22 102.59 100.84 98.53
110.33 109.62 108.29 110.8 99.77 96.52 99.25 90.91 96.33 91.55 97.71 88.86 86.77 80.39 77.26 79.53 79.07 80.47 82.62 85.07 84.98 85.05 85.65 84.22 82.48 80.45 79.38 77.47 75.54 71.56 68.27 65.74 65.03 66.67 69.43 74.6 73.81 74.91 80.93 80.4 81.86 75.67 82.65 77.93 84.03 91.36 95.8 90.12 100.42 93.15 87.22 103.2 116.81 108.88 96.78 100.04 114.32 120.77 121.05 117.22 113.8 103.84 108.79 106.47 103.33 101.13 103.67 101.76 96.24 99.52 101.73 103.26 103.36 102.52 100.67
95.26 96.03 99.32 95.26 96.96 104.09 100.55 96.66 100.59 103.72 98.25 92.2 92.05 86.65 82.92 82.92 77.21 76.78 78.57 79.22 79.46 80.48 80.62 78.39 75.92 74.1 72.48 70.68 68 65.22 62.89 62.08 61.99 60.82 60.79 63.89 64.91 65.66 68.66 69.21 71.32 69.4 76.47 77.58 86.4 87.7 90.59 85.26 94.02 81.19 83.37 87 101.84 104.38 93.9 102.11 108.17 111.39 103.67 106.84 112.9 97.04 99.6 99.59 100.85 98.52 104.09 104.78 98.56 102.37 104.88 106.44 106.79 105.88 104.06
91.23 101.04 104.06 105.15 109.81 106.96 107.63 107.1 105.6 100.36 94.49 95.97 91.79 87.71 79.01 75.35 75.44 74.96 74.43 74.81 74.85 75.18 76.56 75.35 71.1 70.16 69.96 68.48 64.43 60.64 59.64 58.44 59.11 57.95 57.98 60.07 61.82 62.32 64.18 64.44 64.38 64.74 78.14 82.26 84.44 80.21 84.52 92.2 94.93 83.56 97.79 94.97 92.78 87.59 82.69 88.1 92.29 94.34 96.79 98.54 94.36 88.18 92.54 93.92 96.95 95.76 94.22 99.2 103.8 104.36 107.14 109.58 110.81 109.03 107.06
86.62 88.55 89.55 93.83 101.02 97.19 102.57 97.26 96.16 92.37 95.85 95.76 91.3 86.12 78.87 76.58 75.9 75.85 72.13 72.31 71.67 69.92 69.85 69.17 67.6 66.44 66.55 67.57 62.73 57.14 56.76 58.43 57.71 55.94 55.72 57.49 58.68 59.12 61.54 61.23 61.36 62.43 66.89 71.76 77.99 78.71 77.55 85.4 81.56 79.91 89.23 79.1 77.28 79.21 82.1 87 92.8 90.43 86.81 87.28 88.24 84.3 87.62 88.08 92.93 92.38 90.38 95.59 101.12 105.56 109.07 112.74 114.34 112.64 109.87
85.85 87.01 88.07 89.01 89.3 87.21 86.71 86.49 86.9 85.06 85.35 88.05 88.95 85.16 81.88 81.24 77.75 74.37 71.91 72.63 70.76 67.67 66.54 65.35 64.5 64.36 63.84 62.23 59.14 55.13 56.14 58.02 59.57 56.06 55.35 54.9 55.71 57.09 60.58 58.89 57.56 59.67 61.72 64.45 66.72 68.08 71.71 74.16 73.8 71.71 72.48 70.92 74.58 74.13 77.03 82.34 86.73 89.76 85.52 82.14 83.35 81.35 83.07 86.68 94.86 91.54 91.87 96.85 103.84 105.98 110.08 114.7 115.97 114.35 111.67
83.53 84.59 84.43 85.93 86.45 86 86.02 86.42 83.59 82.48 83.25 84.15 84 83.01 82.73 81.86 93.05 87.72 73.24 70.31 68.19 66.5 64.56 63.24 61.74 59.73 58.19 57.68 54.4 52.75 54.95 56.99 60.84 58.66 55.8 54.99 54.61 55.92 56.99 56.3 56.19 58.98 59.1 59.88 61.22 63.9 64.25 65.27 65.6 66.38 67.38 68.55 70.57 74.31 77.18 79.29 81.6 86.06 87.1 84.15 80.37 80.42 82.15 86.83 91.2 91.84 95.95 107.41 108.98 106.44 111.22 114.4 115.64 114.68 112.2604
80.2 81.16 81.22 82.19 81.48 82.72 84.17 83.48 82.85 81.1 79.7 79.87 79.52 79.02 80.61 83.33 84.97 87.4 80.57 72.39 69.6 65.63 62.81 61.54 60.24 58.62 54.8 51.9 51.19 50.87 54.67 56.97 59.57 61.38 60.11 57.63 55.14 54.78 55.22 54.97 55.18 56.9 57.21 58.16 61.11 63.18 62.53 63.34 63.75 64.57 65.35 67.25 70.11 74.01 77.6 81.46 83.9 83.94 84.07 83.2 80.04 80.38 84.86 87.64 89.44 89.27 92.41 98.17 102.44 107.74 111.47 113.6633 114.7011 114.25 112.6875
78.09 79.54 78.87 78.93 79.22 79.69 78.46 79.44 80.87 79.58 77.08 77 77.48 77.04 78.23 78.55 78.29 75.61 72.64 67.38 66.78 64.76 60.81 59.08 59.18 59.71 56.39 52.37 50.19 49.26 50.87 53.07 53.57 55.17 58.27 60.18 58.6 58.29 60.29 57.77 56.19 55.4 55.79 57.8 59.36 60.55 61.14 62.32 63.2 64.23 65.69 68.1 71.18 76.05 79.24 81.74 82.41 81.23 82.1 83.59 84.31 81.22 86.09 86.78 86.32 86.91 91.35 97.22 102.64 107.6162 111.3816 113.5 113 -9999 -9999
77.26 76.88 77.12 77.7 77.13 76.58 77.27 77.72 78.37 76.83 77.49 78.3 76.44 74.72 76.34 74.6 72.96 71.55 72.44 65.08 62.32 61.44 58.84 57.33 58.85 61.64 58.07 56.85 55.34 52.25 50.75 50.15 51.27 52.94 54.21 55.52 57.42 56.59 56.94 57.81 57.2 57.99 56.15 56.44 57.4 58.49 60.59 62.31 63.37 64.7 67.52 70.86 74.95 79.36 82.11 82.67 82.83 81.13 81.13 82.21 82.09 81.24 82.43 83.73 84.44 88.89 93.42 98.51064 103.2449 107.1111 -9999 -9999 -9999 -9999 -9999
79.69 78.69 78.24 77.64 76.63 77.06 76.72 75.47 75.18 76.02 77.1 76.8 72.76 71.9 71.73 71.25 68.61 65.99 67.18 68.53 60.85 60.29 58.19 57.52 59.35 59.33 59.23 61.54 59.61 56.61 53.57 51.71 50.43 51.19 53.6 55.24 56.18 56.34 56.72 56.26 56.37 57.3 58.71 55.11 56.58 59.02 61.35 63.94 66.4 68.86 70.99 74.17 76.39 77.58 80.56 81.95 83.99 83.75 82.94 81.39 82.36 84 85.58 86.3 88.4 92.79787 94.60606 98.4 -9999 -9999 -9999 -9999 -9999 -9999 -9999
82.75 82.45 83.13 82.57 79.14 78.09 79.21 78.08 76.99 75.94 74.98 72.71 69.63 68.95 69.08 68.08 67.27 62.69 63.11 60.64 66.55 67.99 67.64 62.27 60.27 61.87 61.12 63.88 59.82 55.4 53.57 51.79 51.53 51.21 52.88 54.74 55.87 56.58 57.27 56.84 55.33 57.5 57.33 58.13 59.65 62.14 64.81 68.08 70.83 73.38 76.62 76.95 77.56 76.59 78.41 79.67 83.16 82.69 82.63 84.28 86.13 88.27 89.92 93.82 95.89362 97.13043 -9999 -9999 -9999 -9999 -9999 -9999 -9999 -9999 -9999
87.53 86.05 85.23 83.11 80.57 79.57 78.87 78.24 77.69 77.44 74.54 70.19 68.35 66.62 65.13 64.06 64.3 63.23 61.76 61.34 65.41 69.75 70.58 68.53 64.68 65.31 65.27 64.47 61.39 57.69 55.45 53.99 53.17 52.72 52.09 52.19 52.52 53.4 53.94 54.71 55.92 58.74 59.81 60.36 62.18 62.97 65.21 68.87 74.94 78.1 81.04 83.77 79.72 77.16 78.09 79.93 82.23 83.73 85.79 87.81 89.9 91.83673 94.50617 99.52941 101.3793 -9999 -9999 -9999 -9999 -9999 -9999 -9999 -9999 -9999 -9999
88.5 89.04 85.14 79.84 79.29 77.11 76.12 78.77 77.78 77.25 74.4 70.79 69 69.09 68.75 67.86 66.26 64.92 68.16 67.08 65.64 68.83 70.07 70.38 70.83 70 67.53 64.94 62.17 60.67 58.59 55.78 54.19 53.46 53.71 53.85 53.98 54.43 55.64 57 58.69 59.54 60.72 61.96 64.68 64.93 67.66 71.35 73.77 76.27 79.16 79.91 79.43 79 79.83 81.58 83.88776 85.8481 88.21212 89.97727 92 93.33334 -9999 -9999 -9999 -9999 -9999 -9999 -9999 -9999 -9999 -9999 -9999 -9999 -9999
85.04 85.29 82.35 80.03 78.52 75.62 75.12 77.72 77.15 76.81 76.96 76.22 76.23 75.37 72.84 71.62 71.33 70.41 72.21 73.04 71.12 67.04 69.47 70.78 73.06 72.98 69.78 67.19 64.74 65.1 66.72 61.33 57.01 57.32 57.12 56.49 56.46 58.51 57.96 59.67 61.36 62.82 64.33 66.32 69.11 69.98 72.42 75.68 78.26 80.14 82.86 84.35 83.55 81.5679 81.37736 82.475 84 -9999 -9999 -9999 -9999 -9999 -9999 -9999 -9999 -9999 -9999 -9999 -9999 -9999 -9999 -9999 -9999 -9999 -9999
81.46 82.34 76.76 75.92 75.87 74.42 75.91 76.72 76.96 77.06 76.41 77.35 77.84 76.41 74.02 77 76.05 74.61 73.22 73.34 74.15 74.18 68.4 72.32 74.91 79.65 75.63 70 67.25 66.02 64.97 62.58 61.38 62.39 60.86 59.47 58.04 58.9 61.1 63.15 64.3 66.25 67.68 69.92 72.29 74.9 77.7 80.52 81.77 84.73 88.15493 87.51852 85.70588 84.66666 -9999 -9999 -9999 -9999 -9999 -9999 -9999 -9999 -9999 -9999 -9999 -9999 -9999 -9999 -9999 -9999 -9999 -9999 -9999 -9999 -9999
