layers/wordclim/past/Iberia_lig_10_ascii/bio_10.asc
ncols         166
nrows         94
xllcorner     -9.4959440078468
yllcorner     36.000324005443
cellsize      0.083333337679505
NODATA_value  -9999
[rows 0 to 31 of 94, columns 73 to 145 of 166]
-9999 -9999 -9999 -9999 -9999 -9999 -9999 -9999 -9999 -9999 -9999 -9999 -9999 -9999 -9999 -9999 -9999 -9999 -9999 -9999 -9999 -9999 -9999 -9999 -9999 -9999 -9999 -9999 -9999 -9999 -9999 -9999 -9999 -9999 -9999 -9999 -9999 -9999 -9999 -9999 -9999 -9999 -9999 -9999 -9999 -9999 -9999 -9999 -9999 -9999 -9999 -9999 -9999 -9999 -9999 -9999 -9999 -9999 -9999 -9999 -9999 -9999 -9999 -9999 -9999 -9999 -9999 -9999 -9999 -9999 -9999 -9999 -9999
-9999 -9999 -9999 -9999 -9999 -9999 -9999 -9999 -9999 -9999 -9999 -9999 -9999 -9999 -9999 -9999 -9999 -9999 -9999 -9999 -9999 -9999 -9999 -9999 -9999 -9999 -9999 -9999 -9999 -9999 -9999 -9999 -9999 -9999 -9999 -9999 -9999 -9999 -9999 -9999 -9999 -9999 -9999 -9999 -9999 -9999 -9999 -9999 -9999 -9999 -9999 -9999 -9999 -9999 -9999 -9999 -9999 -9999 -9999 -9999 -9999 -9999 -9999 -9999 -9999 -9999 -9999 -9999 -9999 -9999 -9999 -9999 -9999
-9999 -9999 -9999 -9999 -9999 -9999 -9999 -9999 -9999 -9999 -9999 -9999 -9999 -9999 -9999 -9999 -9999 -9999 -9999 -9999 -9999 -9999 -9999 -9999 -9999 -9999 -9999 -9999 -9999 -9999 -9999 -9999 -9999 -9999 -9999 -9999 -9999 -9999 -9999 -9999 -9999 -9999 -9999 -9999 -9999 -9999 -9999 -9999 -9999 -9999 -9999 -9999 -9999 -9999 -9999 -9999 -9999 -9999 -9999 -9999 -9999 -9999 -9999 -9999 -9999 -9999 -9999 -9999 -9999 -9999 -9999 -9999 -9999
-9999 -9999 -9999 -9999 -9999 -9999 -9999 -9999 -9999 -9999 -9999 -9999 -9999 -9999 -9999 -9999 -9999 -9999 -9999 -9999 -9999 -9999 -9999 -9999 -9999 -9999 -9999 -9999 -9999 -9999 -9999 -9999 -9999 -9999 -9999 -9999 -9999 -9999 -9999 -9999 -9999 -9999 -9999 -9999 -9999 -9999 -9999 -9999 -9999 -9999 -9999 -9999 -9999 -9999 -9999 -9999 -9999 -9999 -9999 -9999 -9999 -9999 -9999 -9999 -9999 -9999 -9999 -9999 -9999 -9999 -9999 -9999 -9999
-9999 -9999 -9999 -9999 -9999 212.3333 212.6 211.4483 216.5 -9999 -9999 -9999 -9999 -9999 -9999 -9999 -9999 -9999 -9999 -9999 -9999 -9999 -9999 -9999 -9999 -9999 -9999 -9999 -9999 -9999 -9999 -9999 -9999 -9999 -9999 -9999 -9999 -9999 -9999 -9999 -9999 -9999 -9999 -9999 -9999 -9999 -9999 -9999 -9999 -9999 -9999 -9999 -9999 -9999 -9999 -9999 -9999 -9999 -9999 -9999 -9999 -9999 -9999 -9999 -9999 -9999 -9999 -9999 -9999 -9999 -9999 -9999 -9999
209.13 209.0787 213.5556 215.4074 216.0476 215.2069 214.16 210.72 213.3023 213.6538 215.6182 219.2857 -9999 -9999 -9999 -9999 -9999 227 217.6857 224.4595 225 -9999 -9999 -9999 -9999 -9999 -9999 -9999 -9999 -9999 -9999 -9999 -9999 -9999 -9999 -9999 -9999 -9999 -9999 -9999 -9999 -9999 -9999 -9999 -9999 -9999 -9999 -9999 -9999 -9999 -9999 -9999 -9999 -9999 -9999 -9999 -9999 -9999 -9999 -9999 -9999 -9999 -9999 -9999 -9999 -9999 -9999 -9999 -9999 -9999 -9999 -9999 -9999
203.92 203.38 203.5 210.37 210.3367 217.596 214.95 215.73 215.72 214.35 211.86 215.596 215.5753 220.5 220.7213 222.7705 222.131 224.0833 221.3 213.75 219.3919 215.0263 218.2195 210.5 212.4 -9999 -9999 -9999 -9999 -9999 -9999 -9999 -9999 -9999 -9999 -9999 -9999 -9999 -9999 -9999 -9999 -9999 -9999 -9999 -9999 -9999 -9999 -9999 -9999 -9999 -9999 -9999 -9999 -9999 -9999 -9999 -9999 -9999 -9999 -9999 -9999 -9999 -9999 -9999 -9999 -9999 -9999 -9999 -9999 -9999 -9999 -9999 -9999
203.56 201.83 206.8 210.88 210.23 208.12 215.91 216.81 214.89 209.53 209.88 211.9 211.27 212.63 211.6 212.66 219.4 213.4 215.2 205.62 217.3 213.93 208.3 207.96 206.3333 -9999 -9999 -9999 -9999 -9999 -9999 -9999 -9999 -9999 -9999 -9999 -9999 -9999 -9999 -9999 -9999 -9999 -9999 -9999 -9999 -9999 -9999 -9999 -9999 -9999 -9999 -9999 -9999 -9999 -9999 -9999 -9999 -9999 -9999 -9999 -9999 -9999 -9999 -9999 -9999 -9999 -9999 -9999 -9999 -9999 -9999 -9999 -9999
194.9 207.52 207.35 211.55 210.86 212.03 212.44 213.41 205.91 210.65 212.55 212.79 210.28 209.84 209.95 213.04 215.48 206.84 203.14 203.29 214.57 216.95 215.42 205.9863 190 203.0667 -9999 -9999 -9999 -9999 -9999 -9999 -9999 -9999 -9999 -9999 -9999 -9999 -9999 -9999 -9999 -9999 -9999 -9999 -9999 -9999 -9999 -9999 -9999 -9999 -9999 -9999 -9999 -9999 -9999 -9999 -9999 -9999 -9999 -9999 -9999 -9999 -9999 -9999 -9999 -9999 -9999 -9999 -9999 -9999 -9999 -9999 -9999
194.69 197.32 194.33 196.86 210.94 211.71 200.89 188.71 202.55 202.48 212.28 215.23 208.79 214.82 218.75 215.62 205.91 209.37 199.13 201.47 202.74 199.24 191.34 190.5125 188.7778 186.631 184.5893 185.75 -9999 -9999 -9999 -9999 -9999 -9999 -9999 -9999 -9999 -9999 -9999 -9999 -9999 -9999 -9999 -9999 -9999 -9999 -9999 -9999 -9999 -9999 -9999 -9999 -9999 -9999 -9999 -9999 -9999 -9999 -9999 -9999 -9999 -9999 -9999 -9999 -9999 -9999 -9999 -9999 -9999 -9999 -9999 -9999 -9999
197.85 197.65 197.03 196.3 199.49 202.39 205.36 201.33 207.56 208.4 203.72 201.69 193.08 203.45 210.06 205.29 196.05 199.76 206.45 209.29 209.85 210.45 202.77 199.43 193.82 191.04 189.12 185.25 178.1505 174.6066 169.96 154.3621 129.8 -9999 -9999 -9999 -9999 -9999 -9999 -9999 -9999 -9999 -9999 -9999 -9999 -9999 -9999 -9999 -9999 -9999 -9999 -9999 -9999 -9999 -9999 -9999 -9999 -9999 -9999 -9999 -9999 -9999 -9999 -9999 -9999 -9999 -9999 -9999 -9999 -9999 -9999 -9999 -9999
200.34 197.69 195.69 200.67 199.95 198.89 201.56 209.48 213.59 214 213.3 211.87 211.32 203.04 204.93 204.61 204.14 194.95 208.23 218.97 217.65 214.21 210.65 204.67 202.37 197.38 186.37 193.99 184.66 182.67 175.03 155.47 149.6447 153.6667 -9999 -9999 -9999 105.875 -9999 -9999 -9999 -9999 -9999 -9999 -9999 -9999 -9999 -9999 -9999 178.5 166.8571 -9999 -9999 -9999 -9999 -9999 -9999 -9999 -9999 -9999 -9999 -9999 -9999 -9999 -9999 -9999 -9999 -9999 -9999 -9999 -9999 -9999 -9999
206.67 208.22 206.51 199.16 212.11 206.81 212.37 212.64 209.11 208.2 204.67 205.99 200.11 198.27 202.61 204.54 196.06 202.05 207.46 221.45 225.45 225.6 217.85 217.31 216.6 207.4 203.69 201.49 197.44 195.62 181.89 170.24 160.77 141.4946 145.4925 135.2308 143.4886 124.6566 114.9254 106.2308 -9999 -9999 -9999 -9999 -9999 -9999 -9999 -9999 165.5455 179.78 158.75 135.7179 130.9091 149.025 146.8 -9999 -9999 -9999 -9999 -9999 -9999 -9999 -9999 -9999 -9999 -9999 -9999 -9999 -9999 -9999 -9999 -9999 -9999
200.79 202.44 197.65 201.94 217.11 218.84 218.53 214.32 214.19 212.86 205.84 210.26 211.57 210.54 210.22 213.34 220.02 224.66 221.64 224.52 219.23 219.23 212.9 212.22 217.52 221.94 212.28 205.42 199.94 202.06 195.06 192.12 188.41 172.52 162.91 132.17 144.95 161.12 127.04 139.8696 109.2791 113.9574 132.0877 140.8333 121.4074 122.5185 117.15 117.275 135.6842 162.4898 172.44 157.17 144.92 137.57 152.7927 137.6984 139.0758 129.2188 -9999 -9999 -9999 -9999 -9999 -9999 -9999 -9999 -9999 -9999 -9999 -9999 -9999 -9999 -9999
211.21 210.32 209.39 207.88 212.35 216.47 220.42 213.76 206.55 204.87 210.64 212.01 212.44 215.51 224.25 224.23 223.17 228.62 232.23 232.47 224.87 221.32 209.71 210.62 217.39 223.58 215.11 208.39 212.9 212.46 213.17 202.16 194.89 192.04 187.75 174.67 169.9 178.4 160.55 169.67 148.22 138.62 155.13 168.9 141.26 141.47 125.77 154.8 114.23 124.6 134.74 132.14 130.93 146.23 180.03 158.81 158.04 132.0515 123 -9999 -9999 -9999 -9999 -9999 -9999 -9999 -9999 -9999 -9999 -9999 -9999 -9999 -9999
204.42 207.65 208.56 210.87 218.31 222.47 224.02 226.44 226.28 225.78 227.26 226.54 226.52 229.35 232.44 231.6 233.51 234.26 236.75 236.82 231.58 227.13 218.52 224.17 229.61 227.88 225.85 215.11 210.01 201.65 208.46 211.03 200.66 199.94 192.83 195.27 196.61 182.58 171.63 180.54 175.97 181.59 197.36 186.99 149.77 156.26 174.97 152.74 143.78 156.7 152.05 142.62 126.39 131.77 176.19 190.92 174.55 148.65 152.8 -9999 -9999 -9999 -9999 -9999 -9999 -9999 -9999 -9999 -9999 -9999 -9999 -9999 -9999
205.32 205.47 210.34 214.02 216.66 220.72 221.5 224.97 229.31 228.74 232.3 235.89 237.07 238.46 238.24 236.43 237.37 238 236.76 238.95 235.77 237.13 229.97 227.79 229.18 218.9 213.87 209.79 208.35 199.85 198.16 206.31 203.81 204.22 199.13 201.52 201.47 189.85 183.07 180.89 197.37 199.1 212.55 195.28 183.57 184.82 184.41 171.08 181.72 192.45 174.17 143.43 149.76 153.23 187.39 179.12 165.29 163.23 186.5319 146.3226 136.4762 139.2632 152.6966 186.2963 197.1176 -9999 118 119.3 135.875 -9999 -9999 -9999 -9999
198.29 200.71 205.66 201.29 202 210.38 215.08 225.89 224.59 215.2 225.02 229.53 233.22 233.64 236.8 238.74 241.55 241.33 239.21 242.18 241.91 241.34 239.68 237.55 236.54 230.88 220.14 215.79 210.37 204.94 202.86 208.28 210.31 201.25 200.13 199.08 194.92 194.48 190.82 187.85 188.87 203.61 216.58 218.66 213.53 204.21 196.28 185.87 180.91 194.96 193.87 189.79 195.2 188.8 197.93 166.65 181.09 203.21 210.43 193.97 188.45 193.54 198.34 196.57 180.4931 155.4848 149.6125 150.05 170.57 185.6824 197.6 206.25 223.0909
196.99 191.62 191.06 189.29 199.12 189.45 201.53 217.22 207.5 201.72 211.42 210.63 208.32 218.02 215.47 231.65 240.91 243.87 243.95 244.06 244.75 241.86 239.56 239.51 238.57 235.81 230.62 225.85 221.39 218.51 213.83 219.81 218.92 211.54 200.68 192.19 190.78 189.14 180.02 188.1 193.27 202.88 218.16 224.71 210.72 217.77 203.24 213.07 199.68 212.37 202.88 192.08 213 214.96 185.11 178.83 193 219.12 201.09 178.89 167.86 167.48 182.77 179.98 177.18 184.11 195.81 189.4 191.79 212.42 225.65 229 227.9
189.27 185.42 177.69 178.48 181.86 179.19 195.7 201.53 198 209.73 203 210.17 201.32 213.93 217.9 227.58 235.52 237.24 244.9 247.77 248.17 245.03 245.14 244.99 241.45 240.26 238.32 237.67 232.71 227.51 223.96 227.46 228.15 226.28 224.18 219 214.77 209.87 212.17 213.86 208.63 212.76 213.83 226.64 219.62 230.35 224.36 216.66 212.65 223.92 209.29 221.77 231.24 206.78 183.07 197.98 217.59 213.16 188.73 176.52 175.8 183.31 190.19 211.69 200.91 206.73 215.28 221.78 214.22 220.17 241.23 242.69 249.06
206.04 200.5 198.66 197.25 193.07 200.88 197.95 187.52 194.11 200.19 194.22 189.8 198.02 207.12 208.36 216.49 223.06 225.56 241.21 246.24 246.44 248.63 247.58 243.89 241.45 244.98 245.1 244.52 241.7 237.87 235.21 235.78 234.64 230.94 227.88 228.31 227.17 221.66 223.82 226.84 225.37 228.91 229.19 236.22 228.5 230.15 219.8 220.97 219.3 229.58 218.17 238.18 235.96 231.14 208.8 205.43 222.16 209.84 199.29 194.02 209.67 203.9 191.03 225.03 221.11 222.23 220.88 229.03 213.53 212.29 237.19 233.82 243.64
211.33 211.23 203.84 188.21 184.08 183.38 176.23 180.8 180.53 181.48 183.6 192.94 202.4 199.23 206.26 212.59 226.35 235.39 238.95 242.32 247.68 250.01 250.57 247.56 240.9 241.61 249.15 244.55 237.09 234.5 236.51 241.5 237.84 237.67 233.55 235.11 233.77 228.16 229.45 233.47 233.82 237.37 241.42 244.4 225.5 222.4 221.9 231.31 227.24 217.09 214.29 233.55 212.32 218.27 222.29 231.23 239.51 232.74 227.83 226.38 223.01 220.26 228.85 239.9 233.92 232.71 228.24 233.39 239.72 226.65 218.55 237.57 246.84
205.01 213.28 210.8 207.85 205.89 199.7 188.94 194.54 186.58 196.39 197.4 204.65 198.84 197.33 204.7 213.11 224.18 229.36 232.23 233.56 244.76 246.53 250.24 253.69 252.42 251.85 251.25 246.02 238.11 229.49 236.23 246.29 243.08 236.66 236.87 240.82 241.38 236.96 236.28 239.91 238.41 244.29 247.58 249.09 243.59 238.59 231.55 233.1 237.13 226.95 234.78 238.37 225.32 241.56 245.05 243.25 240.08 234.31 226.41 232.79 239.64 239.23 237.66 244.43 239.51 240.17 233.52 237.33 243.73 238.17 233.82 236.4 250.83
211.82 210.25 211.18 209.96 207.4 206.76 207.14 210.3 212 213.61 212.64 216.14 215.48 209.21 206.58 212.35 217.27 217.22 223.92 231.82 237.27 236.14 242.71 251.77 253.64 255.87 254.37 244.09 239.45 239.45 243.76 250.71 246.38 239.38 233.24 240.64 243.24 246.12 245.93 245.42 240.21 247.73 253.99 252.97 252.51 250.85 249.79 250.24 245.68 243.19 245.72 251 249.15 252.06 247.16 248.7 246.33 238.91 233.78 230.71 239.01 246.7 244.92 250.09 247.57 241.06 226.54 235.68 237.16 230.74 223.9 233.31 247.9
220.41 218.69 215.14 213.91 213.74 211.23 211.47 212.12 212.44 212.72 218.28 219.95 218.17 215.03 213.09 213.94 213.48 212.74 191.99 201.5 228.39 235.62 242.19 247.26 250.94 254.44 257.79 257.55 253.26 248.97 253.77 255.88 249.18 243.19 233.7 236.43 243.1 247.2 250.56 249.43 249.91 254.89 257.94 254.83 259.49 262.07 263.05 259.18 261.77 261.27 262.84 261.33 258.07 255.17 252.85 248.19 245.16 243.31 241.13 234.71 234.22 242.72 253.07 254.29 251.58 240.51 231.63 232.9 227.94 215.91 219.93 248.79 255.35
224.17 222.73 221.79 220.21 220 217.51 219.86 217.68 214.65 217.19 219.16 220.97 222.54 221.2 219.12 219.06 215.11 207.69 202.9 197.53 208.68 223.82 230.61 242.42 248.72 252.07 256.34 258.73 262.34 262.32 261.23 260.61 250.56 244.19 238.06 233.99 235.98 242.63 250.69 253.99 255.76 258.93 261.83 260.39 264.21 266.19 262.39 260.59 268.2 268.98 267.87 265.2 262.43 258.75 254.65 249.79 244.45 238.07 235.14 236.9 238.74 245.21 255.85 257.07 244.92 239.09 237.09 242.57 243.72 242.7 252.35 257.04 256.66
226.39 226.52 226.46 223.26 224.74 223.6 223.42 223.28 224.41 223.1 221.25 222.08 225.23 224.63 221.64 220.47 217.03 214.42 212.58 217.1 221.74 231.79 232.84 238.28 249.91 254.44 251.18 248.9 255.89 261.92 263.94 265.11 260.53 254.62 253.85 249.86 242.19 238.76 244.11 247.26 245.53 253.81 260.07 264.83 267.49 266.13 266.88 270.19 273.46 271.28 268.34 264.86 261.26 257.96 253.26 245.72 240.45 237 238.07 244.59 245.55 245.07 244.51 257.01 242.48 246.25 253.78 259.99 260.1 257.68 252.23 253.9697 256.2237
225.51 227.8 228.42 229.34 229.04 226.55 227.5 228.65 226.51 225.34 224.01 225.58 222.64 220.55 222.12 222.93 218.38 220.37 220.61 222.42 221.59 235.43 241.95 243.84 252.53 254.59 250.15 242.37 250.15 251.55 252.87 259.03 262.22 264.03 261.24 257.3 254.38 251.51 248.57 252.92 254.58 255.25 259.2 259.89 266.59 269.32 272.24 273.94 272.31 269.29 266.3 262.8 257.94 251.92 244.97 237.57 233.06 234.43 237.06 245.35 250.16 250.63 253.67 260.84 259.28 260.46 263.98 264.52 259.75 258.3298 259.7755 262.7778 -9999
223.51 225.21 223.76 225.16 226.73 227.24 228.08 227.4 227.35 228.73 228.72 226.17 222.05 221.6 228.12 226.74 225.74 225.27 228.26 232.5 229.71 227.29 243.89 245.25 250.87 252.19 247.54 247.13 246.83 240.52 244.02 249.96 256.46 261.07 264.98 263.6 258.23 254.05 253.97 255.37 257.03 260.79 262.79 262.95 262.02 273.42 272.31 270.08 267.18 261.93 256.51 252.85 250.47 244.47 243.39 243.89 238.46 237.49 234.17 237.84 246.57 256.47 260.42 261.12 264.65 265.08 263.13 263.883 262.303 264 -9999 -9999 -9999
224.25 220.47 217.92 217.55 216.39 217.22 222.82 224.99 222.24 222.69 224.41 225.98 225.38 228.44 233.65 232.28 229.94 230.7 229.99 238.73 237.37 242.91 230.56 228.1 228.2 239.79 244.31 240.39 241.8 235.53 243.91 253.33 257.52 262.08 263.24 265.18 262.21 257 256.32 256.74 257.93 260.88 266.87 264.22 267.52 267.34 264.71 262.01 257.63 251.44 246.93 242.95 237.84 239.93 243.5 249.53 247.21 246.59 238.27 244.69 255.15 258.51 256.79 250.79 260.09 266.67 265.4893 265.5652 -9999 -9999 -9999 -9999 -9999
209.39 209.74 208.72 210.16 211.98 216.33 219.96 221.65 222.87 222.24 222.4 222.04 225.74 232.82 235.45 237.19 237.72 238.46 236.42 237.74 239.31 240.11 232.03 223.68 222.16 225.92 233.76 232.36 232.51 234.02 240.61 248.56 253.9 257.9 260.67 263 266.28 266.52 267.1 267.46 268.96 269.63 267.84 263.47 263.75 265.96 265.05 268.79 264.88 255.41 240.69 235.77 230.32 225.43 240.53 255.67 255.35 253.7 251.64 257.12 260.18 258.69 261.14 254.949 260.3704 267.9118 267.6897 -9999 -9999 -9999 -9999 -9999 -9999
194.58 201.53 207.26 204.7 212.56 223.79 223.44 226.86 228.65 221.47 221.65 221.73 226.08 231.02 233.09 231.2 228.17 228.58 231.47 234.3 227.87 228.65 231.42 224.88 222.37 221.84 220.89 223.05 227.68 232.97 239.16 242.71 247.54 254.83 259.55 262.59 263.8 263.59 265.29 267.26 267.84 267.14 264.1 267.49 267.99 267.53 263.73 272.84 268.17 259.47 259.19 250.79 244.44 251.17 254.79 260.01 257.98 258.04 258.1327 262.8987 262.4394 264.9546 265.7826 260.6667 -9999 -9999 -9999 -9999 -9999 -9999 -9999 -9999 -9999
