layers/wordclim/past/Iberia_lig_10_ascii/bio_19.asc
ncols         166
nrows         94
xllcorner     -9.4959440078468
yllcorner     36.000324005443
cellsize      0.083333337679505
NODATA_value  -9999
[rows 0 to 31 of 94, columns 73 to 145 of 166]
-9999 -9999 -9999 -9999 -9999 -9999 -9999 -9999 -9999 -9999 -9999 -9999 -9999 -9999 -9999 -9999 -9999 -9999 -9999 -9999 -9999 -9999 -9999 -9999 -9999 -9999 -9999 -9999 -9999 -9999 -9999 -9999 -9999 -9999 -9999 -9999 -9999 -9999 -9999 -9999 -9999 -9999 -9999 -9999 -9999 -9999 -9999 -9999 -9999 -9999 -9999 -9999 -9999 -9999 -9999 -9999 -9999 -9999 -9999 -9999 -9999 -9999 -9999 -9999 -9999 -9999 -9999 -9999 -9999 -9999 -9999 -9999 -9999
-9999 -9999 -9999 -9999 -9999 -9999 -9999 -9999 -9999 -9999 -9999 -9999 -9999 -9999 -9999 -9999 -9999 -9999 -9999 -9999 -9999 -9999 -9999 -9999 -9999 -9999 -9999 -9999 -9999 -9999 -9999 -9999 -9999 -9999 -9999 -9999 -9999 -9999 -9999 -9999 -9999 -9999 -9999 -9999 -9999 -9999 -9999 -9999 -9999 -9999 -9999 -9999 -9999 -9999 -9999 -9999 -9999 -9999 -9999 -9999 -9999 -9999 -9999 -9999 -9999 -9999 -9999 -9999 -9999 -9999 -9999 -9999 -9999
-9999 -9999 -9999 -9999 -9999 -9999 -9999 -9999 -9999 -9999 -9999 -9999 -9999 -9999 -9999 -9999 -9999 -9999 -9999 -9999 -9999 -9999 -9999 -9999 -9999 -9999 -9999 -9999 -9999 -9999 -9999 -9999 -9999 -9999 -9999 -9999 -9999 -9999 -9999 -9999 -9999 -9999 -9999 -9999 -9999 -9999 -9999 -9999 -9999 -9999 -9999 -9999 -9999 -9999 -9999 -9999 -9999 -9999 -9999 -9999 -9999 -9999 -9999 -9999 -9999 -9999 -9999 -9999 -9999 -9999 -9999 -9999 -9999
-9999 -9999 -9999 -9999 -9999 -9999 -9999 -9999 -9999 -9999 -9999 -9999 -9999 -9999 -9999 -9999 -9999 -9999 -9999 -9999 -9999 -9999 -9999 -9999 -9999 -9999 -9999 -9999 -9999 -9999 -9999 -9999 -9999 -9999 -9999 -9999 -9999 -9999 -9999 -9999 -9999 -9999 -9999 -9999 -9999 -9999 -9999 -9999 -9999 -9999 -9999 -9999 -9999 -9999 -9999 -9999 -9999 -9999 -9999 -9999 -9999 -9999 -9999 -9999 -9999 -9999 -9999 -9999 -9999 -9999 -9999 -9999 -9999
-9999 -9999 -9999 -9999 -9999 444.6667 445.3 443.5862 441.5 -9999 -9999 -9999 -9999 -9999 -9999 -9999 -9999 -9999 -9999 -9999 -9999 -9999 -9999 -9999 -9999 -9999 -9999 -9999 -9999 -9999 -9999 -9999 -9999 -9999 -9999 -9999 -9999 -9999 -9999 -9999 -9999 -9999 -9999 -9999 -9999 -9999 -9999 -9999 -9999 -9999 -9999 -9999 -9999 -9999 -9999 -9999 -9999 -9999 -9999 -9999 -9999 -9999 -9999 -9999 -9999 -9999 -9999 -9999 -9999 -9999 -9999 -9999 -9999
376.18 386.4944 396.1296 409.4445 426.1429 438.5517 440.47 435.56 432.2093 429.1538 425.0182 418.5 -9999 -9999 -9999 -9999 -9999 412 433.4572 418.027 415 -9999 -9999 -9999 -9999 -9999 -9999 -9999 -9999 -9999 -9999 -9999 -9999 -9999 -9999 -9999 -9999 -9999 -9999 -9999 -9999 -9999 -9999 -9999 -9999 -9999 -9999 -9999 -9999 -9999 -9999 -9999 -9999 -9999 -9999 -9999 -9999 -9999 -9999 -9999 -9999 -9999 -9999 -9999 -9999 -9999 -9999 -9999 -9999 -9999 -9999 -9999 -9999
359.78 370.44 379.52 394.94 404.7755 425.2727 424.5 421.73 414.29 412.6 410.68 410.4243 408.9589 407.0667 410.7377 411.2787 417.3214 414.375 419.92 428.03 419.446 420.6579 407.9268 408 400.8 -9999 -9999 -9999 -9999 -9999 -9999 -9999 -9999 -9999 -9999 -9999 -9999 -9999 -9999 -9999 -9999 -9999 -9999 -9999 -9999 -9999 -9999 -9999 -9999 -9999 -9999 -9999 -9999 -9999 -9999 -9999 -9999 -9999 -9999 -9999 -9999 -9999 -9999 -9999 -9999 -9999 -9999 -9999 -9999 -9999 -9999 -9999 -9999
342.4 350.43 361.89 374.23 380.88 383.6 397.65 396.17 390.69 385.28 386.7 388.2 391.08 394.37 403.63 407.39 407.8 413.57 415.66 417.7 411.44 410.19 407.99 400.17 398.381 -9999 -9999 -9999 -9999 -9999 -9999 -9999 -9999 -9999 -9999 -9999 -9999 -9999 -9999 -9999 -9999 -9999 -9999 -9999 -9999 -9999 -9999 -9999 -9999 -9999 -9999 -9999 -9999 -9999 -9999 -9999 -9999 -9999 -9999 -9999 -9999 -9999 -9999 -9999 -9999 -9999 -9999 -9999 -9999 -9999 -9999 -9999 -9999
321.4 333.18 340.12 349.88 355.02 361.24 363.25 363.77 356.83 359.63 360.72 362.2 365.49 370.94 376.88 380.97 387.28 394.08 394.45 397.07 396.18 395.3 390.18 388.9315 367.5 370.7333 -9999 -9999 -9999 -9999 -9999 -9999 -9999 -9999 -9999 -9999 -9999 -9999 -9999 -9999 -9999 -9999 -9999 -9999 -9999 -9999 -9999 -9999 -9999 -9999 -9999 -9999 -9999 -9999 -9999 -9999 -9999 -9999 -9999 -9999 -9999 -9999 -9999 -9999 -9999 -9999 -9999 -9999 -9999 -9999 -9999 -9999 -9999
302.65 307.84 312.25 319.79 328.41 331.91 327.08 330.37 329.49 328.98 331.45 334.92 337.86 342.28 347.5 355.08 363.84 370.35 372.83 377.5 380.39 377.62 369.68 364.8125 357.8518 355.7024 345.9464 337.375 -9999 -9999 -9999 -9999 -9999 -9999 -9999 -9999 -9999 -9999 -9999 -9999 -9999 -9999 -9999 -9999 -9999 -9999 -9999 -9999 -9999 -9999 -9999 -9999 -9999 -9999 -9999 -9999 -9999 -9999 -9999 -9999 -9999 -9999 -9999 -9999 -9999 -9999 -9999 -9999 -9999 -9999 -9999 -9999 -9999
285.19 289.32 293.16 295.7 300.37 303.13 302.61 303.48 303.11 303.43 307.95 312.11 321.44 320.61 322.61 330.94 340.05 346.87 354.34 361.29 366.42 368.18 360.09 354.77 347.69 341.28 334.52 328.8 325.7097 321.0656 318 332.3276 363.4 -9999 -9999 -9999 -9999 -9999 -9999 -9999 -9999 -9999 -9999 -9999 -9999 -9999 -9999 -9999 -9999 -9999 -9999 -9999 -9999 -9999 -9999 -9999 -9999 -9999 -9999 -9999 -9999 -9999 -9999 -9999 -9999 -9999 -9999 -9999 -9999 -9999 -9999 -9999 -9999
268.1 272.98 276.85 277.27 280.72 282.63 283.05 278.65 276.59 275.74 276.75 279.72 283.49 296.92 301.71 309.72 317.86 328.24 332.94 342.72 350.17 351.34 347.57 339.29 333.14 326.62 321 311.39 309.51 304.8 306.58 324.26 328.0395 318.2 -9999 -9999 -9999 391.375 -9999 -9999 -9999 -9999 -9999 -9999 -9999 -9999 -9999 -9999 -9999 269.1333 283.8571 -9999 -9999 -9999 -9999 -9999 -9999 -9999 -9999 -9999 -9999 -9999 -9999 -9999 -9999 -9999 -9999 -9999 -9999 -9999 -9999 -9999 -9999
250.85 252.64 256.86 262.92 258.02 259.86 256.6 255.25 257.5 260.11 265.6 265.47 278.19 283.76 283.57 288.06 302.14 303.97 309.37 318.61 332.27 341.5 332.83 325.36 317.01 308.51 301.57 293.3 288.17 282.11 287.3 295.55 304.69 330.3656 320.5224 335.8077 320.3977 354.303 369.6418 386.3077 -9999 -9999 -9999 -9999 -9999 -9999 -9999 -9999 283.7273 265.6 296.35 333.7308 342.7818 309.475 313.1 -9999 -9999 -9999 -9999 -9999 -9999 -9999 -9999 -9999 -9999 -9999 -9999 -9999 -9999 -9999 -9999 -9999 -9999
238.24 239.43 246.15 246.3 237.45 235.97 234.39 234.85 233.35 234.51 245.84 240.23 240.35 245.42 253.65 258.09 259.77 268.22 283.42 293.53 303.58 312.06 308.16 302.91 296.27 286.82 281.81 276.59 271.93 262.78 261.36 256.81 255.42 273.28 285.17 336.41 312.12 282.61 342.6 318.5435 373.7675 366.3404 331.2982 317.0139 352.7408 352.5555 363.15 363.675 328.4211 287.6531 272.17 295.07 315.41 329.38 301.9512 330.0317 327.7727 347.8438 -9999 -9999 -9999 -9999 -9999 -9999 -9999 -9999 -9999 -9999 -9999 -9999 -9999 -9999 -9999
218.67 220.68 223.51 226.75 223.99 220 215.47 220.95 230.91 234.09 223 221.02 222.36 220.25 209.62 220.82 235.14 240.62 251.58 265.99 280.17 284.4 283.22 280.92 275.07 265.95 262.67 258.69 247.45 239.5 230.55 233.35 235.02 233.39 235.75 254.76 260.03 243.45 275.13 258.4 297.31 314.93 287.07 264.95 313.33 314.89 346.23 293.01 368.89 348.78 331.07 336.78 340.46 312.78 253.27 288.69 290.19 340.9897 360.5555 -9999 -9999 -9999 -9999 -9999 -9999 -9999 -9999 -9999 -9999 -9999 -9999 -9999 -9999
211.14 211.21 212.09 211.37 205.5 200.46 196.93 191.93 187.23 183.41 176.87 174.61 174.57 172.67 174.49 188.65 200.62 213.51 224.57 237.11 251.32 258.23 262.04 258.72 250.21 245.31 239.63 239.02 234.62 234.74 221.02 210.67 216.51 211.34 217.85 209.36 203.59 227.63 247.74 231.49 241.05 232.67 208.04 228.83 295.7 284.54 258.12 293.3 309.41 290.34 298.61 315.81 346.85 337.99 256.23 228.58 256.11 306.45 297.6 -9999 -9999 -9999 -9999 -9999 -9999 -9999 -9999 -9999 -9999 -9999 -9999 -9999 -9999
200.37 204.14 200.84 198.68 195.89 189.59 187.62 181.14 171.14 168.09 156.71 143.76 137.85 137.98 150.56 166.1 178.64 191.14 205.02 213.26 224.39 227.54 235.11 235.45 231.22 232.9 230.97 228.14 222.48 224.31 220.31 204.51 200.53 194.32 197.06 188.86 185.82 205.61 219.03 225.42 196.51 195.93 177.32 210.11 233.32 235.11 238.64 260.14 245.84 235.78 259.89 310.46 300.44 294.08 234.21 247.37 271.87 275.18 229.4468 310.0323 332.1429 327.5579 300.7753 233.7222 215.0294 -9999 381.6667 381.1 345.375 -9999 -9999 -9999 -9999
202.87 203.02 198.47 206.66 207.83 196.46 189.25 171.3 170.68 186.85 164.81 153.32 143.01 145.06 145.37 153.1 162.12 174.07 185.5 191.83 199.16 203.36 206.78 209.12 207.35 207.29 210.56 208.28 206.68 206.11 203.46 190.9 182.29 189.71 186.19 184.71 190.08 189.16 197.26 205.22 205.29 182.09 164.01 165.27 178.88 199.61 216.42 235.4 242.39 226.46 227.65 231.2 222.29 230.1 213.56 267.89 239.95 196 180.7 212.64 223.96 214.22 205.98 212.22 247.0685 301.697 315.8 316.68 277.02 251.0353 233.0286 225.2 209.3636
200.22 212.61 216.61 221.51 207.68 226.39 207.14 180.37 198.12 209.11 190.88 194.21 199.47 179.81 187.66 159.36 153.63 160.59 168.49 175.3 180.36 186.4 190.56 190.51 189.46 187.66 187.12 185.85 184 180.27 178.88 166.37 161.08 163.07 176.47 188.86 190.59 193.5 212.58 198.37 190.65 176.58 155.53 150.81 178.33 172.92 200.29 190.26 212.33 196.58 210.18 223.39 190.92 184.16 232.7 242.75 214.97 163.46 197.45 242.17 265.95 268.32 238.33 245.99 254.26 242.28 222.31 237.82 236.85 206.44 197.89 201.21 205.32
210.88 219.96 236.3 236.3 233.58 241.11 213.09 204.35 212.1 191.22 206.03 192.5 210 185.48 179.01 162.88 153.97 158.62 156.6 159.83 164.43 170.85 171.53 171.47 173.02 170.52 167.65 163.97 163.26 161.16 157.97 149.17 142.17 136.97 132.37 132.37 134.63 143.39 139.45 141.75 155.37 153.81 157.34 143.48 159.1 148.06 161.73 178.41 187.93 172.31 194.8 175.08 157.75 193.77 233.33 205.25 168.31 174.32 221.36 247.48 250.71 235.98 222.57 179.4 204.07 194.55 182.51 176.91 196.44 197.41 185.61 190.02 185.49
180.83 191.89 196.92 200.53 210.26 199.43 205.74 225.35 216.14 207.6 218.61 226.55 212.43 195.37 194.43 179.76 169.26 168 151.28 150.29 154.58 155.83 157.23 160 160.67 155.63 151.88 149.06 146.38 143.8 139.53 133.79 129 125.72 121.95 116.75 113.56 114.48 116.07 117.66 123.87 126.64 131.33 127.36 141.54 143.94 163.85 166.2 172.11 158.56 176.75 145.75 147.5 151.85 186.11 190.8 160.84 180.28 201.65 211.75 180.14 192.34 219.97 152.26 159.32 160.1 169.44 164.53 197.1 206.88 191.2 200.38 195.77
171.83 173.64 186.67 215.12 224.25 226.88 240.15 233.27 236.1 235.47 232.25 218.05 202.39 207.11 195.5 183.23 159.34 147.8 146.38 145.89 144.15 144.39 144.7 146.33 150.2 147.86 139.64 139.05 140.16 138.14 130.96 123.25 120.97 117.21 113.75 109.32 106.79 106.66 108.46 109.41 113.35 115.14 115.56 116.48 142.99 151.94 156.84 146.94 157.05 174.65 179.51 150.23 181.84 170.7 162.56 147.39 136 142.99 148.78 151.37 156.41 159.98 145.09 130.35 136.41 139.86 154.17 157.22 162.93 187 204.48 200.14 197.33
179.57 169.24 175.2 181.35 185.59 197.36 217.29 208.7 223.2 208.96 207.4 196.98 206 207.31 194.56 179.28 159.4 152.08 149.09 148.88 138.32 138.03 135.92 132.63 132.76 132.11 129.61 129 131.09 133.92 124.21 114.57 112.77 111.96 108.07 103.44 101.77 102.15 103.67 104.53 107.88 107.62 108.42 110.23 117.77 126.98 140.73 142.46 139.91 156.27 146.43 140.84 159.86 135.63 130.74 132.69 135.59 141.66 151.82 143.31 134.77 133.77 133.63 127.82 131.49 133.65 146.57 152.28 160.45 179.37 195.01 202.77 196
169.81 172.66 173.63 177 181.74 184.74 185.89 182.7 181.78 181.01 183.11 177.97 178.86 186.34 188.19 176.88 167.34 165.71 155.48 145.19 138.88 140.1 134.12 126.61 124.7 121.84 120.5 122.96 123.28 119.72 114.23 107.4 106.3 106.59 106.97 100.28 98.37 97.77 99.07 100.35 105 103.2 101.55 104.91 107.84 111.94 116.39 118.74 126.78 131.6 129.92 123.84 125.46 122.81 128.66 126.82 129.16 137.41 143.82 147.6 136.96 128.61 129.6 125.19 128.83 136.87 161.24 157.7 166.81 184.94 201.22 203.28 200.13
159.53 162.52 167.83 170.62 171.44 176.45 178.92 179.05 180.14 181.24 174.57 172.88 174.14 175.62 174.97 170.93 169.34 168.21 199.1 183.18 142.43 134 127.79 124.19 120.07 116.51 113.11 110.09 108.89 108.67 104.42 100.92 101.26 101.44 104.99 101.07 96.99 96.46 95.9 97.48 98.82 97.88 97.9 102.06 101.56 101.12 101.83 107.25 106.82 108.8 108.68 111.5 115.79 119.64 122.41 127.75 131.36 134.06 136.9 144.84 145.96 136.27 125.63 124.56 129.13 142.79 159.04 166.32 181.15 208.27 210.55 194.9 193.2
155.76 157.83 159.49 162.3 162.84 167.04 165.32 169.58 174.94 173.26 172.25 169.22 164.59 163.79 163.18 160.59 164.39 172 176.29 182.47 162.8 140.32 132.54 121.53 115.12 111.96 108.35 105.42 101.28 99.33 98.34 96.69 98.05 99.02 101.34 103.56 101.55 97.92 95.17 94.88 95.71 94.5 94.84 98.08 97.33 97.38 101.41 105.16 99.45 100.56 103.76 108.58 112.38 116.12 121.16 127.02 133.81 142.5 146.92 145.94 144.6 138.65 128.83 128.63 141.97 151.01 159.01 161.22 170.01 181.44 184.65 188 189.37
153.77 154.01 153.62 157.83 156.67 159.06 159.83 160.88 158.97 162.03 166.74 164.18 156.52 155.37 156.85 155.99 158.51 159.06 158.09 149.38 140.19 127.21 124.77 118.93 109.65 105.78 105.75 106.16 100.36 96.15 94.72 93.19 92.61 93.47 93.81 94.99 98.63 101.03 99.08 98.69 102.18 98.79 96.77 95.56 95.17 97.7 98.14 96.06 94.5 98.99 104.43 109.81 114.65 118.66 124.43 134.15 141.63 147.74 147.94 142.07 142.46 144.69 146.93 134.53 151.6 150.91 147.65 148.21 156.95 169.34 182.53 186.4141 187.0921
155.33 153 151.22 150.45 152.23 155 154 152.64 155.83 158.09 159.51 155.3 157.47 158.75 153.9 149.63 153.07 147.3 143.42 138.46 138.89 120.82 113.35 110.52 104.12 101.23 102.73 105.72 100.02 97.56 95.6 92.61 90.57 89.57 90.32 91.47 92.57 94.23 97 96.45 97.37 99.04 98.71 100.6 97.63 96.73 95.57 94.85 98.35 103.99 109.03 114.08 120.86 128.8 137.58 147.56 155.03 154.87 152.93 145.32 142.09 144.06 142.83 136.11 140.06 141.01 138.89 143.57 157.12 165.883 171.5102 172.5556 -9999
159.06 156.94 157.7 156.21 155.14 154.26 152.64 153.83 154.07 151.71 150.58 153.02 156.58 154.85 143.17 141.44 140.01 137.78 130.78 123.96 125.34 125.68 108.46 106.36 101.98 99.89 100.69 99.47 98.38 99.92 97.38 94.13 91.79 89.21 88.2 89.19 91.37 93.32 94.45 96.01 97.89 97.25 97.72 99.75 102.84 94.79 97.51 101.78 106.92 115.18 123.01 128.59 132.15 140.55 142.7 142.77 151.32 154.34 160.3 157.99 150.75 142.44 139.97 142.12 140.36 140.94 145.69 146.5532 152.5152 155 -9999 -9999 -9999
159.06 163.4 166.83 167.37 168.99 167.52 159.28 156.76 160.52 158.65 155.39 152.03 150.48 144.39 134.85 133.06 132.84 128.83 126.75 115.22 114.37 108.12 115 115.83 113.14 103.38 99.17 100.18 98.74 101.18 95.9 91.9 90.54 88.4 88.48 88.37 89.93 92.91 95.07 97.09 98.94 99.3 97.01 100.93 100.43 103.12 109.17 114.86 121.75 130.85 137.7 143.46 150.92 149.75 146.64 139.58 143.78 146.91 159.27 154.5 145.42 144.91 150.83 161.7 152.14 146.08 148.0745 146.2174 -9999 -9999 -9999 -9999 -9999
177.49 177.47 179.6 177.18 175 169.37 163.75 161.6 159.08 158.48 156.87 155.99 149.18 137.04 131.23 126.27 122.55 119.24 119.06 113.97 109.5 106.77 109.9 115.12 114.85 109.63 101.69 101.7 101.23 100.05 96.71 93.17 91.92 90.4 89.3 89.38 89.28 91.33 91.57 93.08 94.13 95.93 99.1 104.07 107.21 108.7 111.99 110.15 117.9 131.53 148.71 155.83 164.1 171.74 154.64 138.12 140.28 143.62 147.92 144.27 143.76 149.26 149.42 161.7143 156.5556 149.2647 149.7931 -9999 -9999 -9999 -9999 -9999 -9999
196.93 188.59 181.97 184.98 174.76 160.15 160.4 154.99 151.93 159.65 157.39 155.94 148.06 138.5 132.97 132.36 132.38 128.8 122.1 115.68 118.22 113.99 108.54 110.55 110.23 109.09 108.18 105.97 101.86 99.18 95.68 94.56 93.3 91.6 89.85 90.44 92.17 94.06 94.82 95.57 97.54 100.24 104.91 105.04 107.6 110.76 117.96 108.72 118.93 132.93 134.29 145.51 152.82 145.38 141.9 139.02 143.79 144.84 145.0918 141.1772 144.2879 143.5682 144.7826 154.6667 -9999 -9999 -9999 -9999 -9999 -9999 -9999 -9999 -9999
