layers/wordclim/past/Iberia_lig_10_ascii/bio_11.asc
ncols         166
nrows         94
xllcorner     -9.4959440078468
yllcorner     36.000324005443
cellsize      0.083333337679505
NODATA_value  -9999
[rows 0 to 33 of 94, columns 77 to 153 of 166]
-9999 -9999 -9999 -9999 -9999 -9999 -9999 -9999 -9999 -9999 -9999 -9999 -9999 -9999 -9999 -9999 -9999 -9999 -9999 -9999 -9999 -9999 -9999 -9999 -9999 -9999 -9999 -9999 -9999 -9999 -9999 -9999 -9999 -9999 -9999 -9999 -9999 -9999 -9999 -9999 -9999 -9999 -9999 -9999 -9999 -9999 -9999 -9999 -9999 -9999 -9999 -9999 -9999 -9999 -9999 -9999 -9999 -9999 -9999 -9999 -9999 -9999 -9999 -9999 -9999 -9999 -9999 -9999 -9999 -9999 -9999 -9999 -9999 -9999 -9999 -9999 -9999
-9999 -9999 -9999 -9999 -9999 -9999 -9999 -9999 -9999 -9999 -9999 -9999 -9999 -9999 -9999 -9999 -9999 -9999 -9999 -9999 -9999 -9999 -9999 -9999 -9999 -9999 -9999 -9999 -9999 -9999 -9999 -9999 -9999 -9999 -9999 -9999 -9999 -9999 -9999 -9999 -9999 -9999 -9999 -9999 -9999 -9999 -9999 -9999 -9999 -9999 -9999 -9999 -9999 -9999 -9999 -9999 -9999 -9999 -9999 -9999 -9999 -9999 -9999 -9999 -9999 -9999 -9999 -9999 -9999 -9999 -9999 -9999 -9999 -9999 -9999 -9999 -9999
-9999 -9999 -9999 -9999 -9999 -9999 -9999 -9999 -9999 -9999 -9999 -9999 -9999 -9999 -9999 -9999 -9999 -9999 -9999 -9999 -9999 -9999 -9999 -9999 -9999 -9999 -9999 -9999 -9999 -9999 -9999 -9999 -9999 -9999 -9999 -9999 -9999 -9999 -9999 -9999 -9999 -9999 -9999 -9999 -9999 -9999 -9999 -9999 -9999 -9999 -9999 -9999 -9999 -9999 -9999 -9999 -9999 -9999 -9999 -9999 -9999 -9999 -9999 -9999 -9999 -9999 -9999 -9999 -9999 -9999 -9999 -9999 -9999 -9999 -9999 -9999 -9999
-9999 -9999 -9999 -9999 -9999 -9999 -9999 -9999 -9999 -9999 -9999 -9999 -9999 -9999 -9999 -9999 -9999 -9999 -9999 -9999 -9999 -9999 -9999 -9999 -9999 -9999 -9999 -9999 -9999 -9999 -9999 -9999 -9999 -9999 -9999 -9999 -9999 -9999 -9999 -9999 -9999 -9999 -9999 -9999 -9999 -9999 -9999 -9999 -9999 -9999 -9999 -9999 -9999 -9999 -9999 -9999 -9999 -9999 -9999 -9999 -9999 -9999 -9999 -9999 -9999 -9999 -9999 -9999 -9999 -9999 -9999 -9999 -9999 -9999 -9999 -9999 -9999
-9999 70.5 70.65 69.37931 75.33334 -9999 -9999 -9999 -9999 -9999 -9999 -9999 -9999 -9999 -9999 -9999 -9999 -9999 -9999 -9999 -9999 -9999 -9999 -9999 -9999 -9999 -9999 -9999 -9999 -9999 -9999 -9999 -9999 -9999 -9999 -9999 -9999 -9999 -9999 -9999 -9999 -9999 -9999 -9999 -9999 -9999 -9999 -9999 -9999 -9999 -9999 -9999 -9999 -9999 -9999 -9999 -9999 -9999 -9999 -9999 -9999 -9999 -9999 -9999 -9999 -9999 -9999 -9999 -9999 -9999 -9999 -9999 -9999 -9999 -9999 -9999 -9999
72.57143 71.9885 70.85 66.41 69.36047 68.94872 70.81818 75 -9999 -9999 -9999 -9999 -9999 76 66.17142 70.54054 67 -9999 -9999 -9999 -9999 -9999 -9999 -9999 -9999 -9999 -9999 -9999 -9999 -9999 -9999 -9999 -9999 -9999 -9999 -9999 -9999 -9999 -9999 -9999 -9999 -9999 -9999 -9999 -9999 -9999 -9999 -9999 -9999 -9999 -9999 -9999 -9999 -9999 -9999 -9999 -9999 -9999 -9999 -9999 -9999 -9999 -9999 -9999 -9999 -9999 -9999 -9999 -9999 -9999 -9999 -9999 -9999 -9999 -9999 -9999 -9999
62.55102 72.18182 68.82 69.56 68.64 67.08 63.62 68.36364 68 73.36667 74.22951 75.91803 74.64286 73.82291 67.94 55.45 58.33784 50.39474 50.17073 38.03846 38.4 -9999 -9999 -9999 -9999 -9999 -9999 -9999 -9999 -9999 -9999 -9999 -9999 -9999 -9999 -9999 -9999 -9999 -9999 -9999 -9999 -9999 -9999 -9999 -9999 -9999 -9999 -9999 -9999 -9999 -9999 -9999 -9999 -9999 -9999 -9999 -9999 -9999 -9999 -9999 -9999 -9999 -9999 -9999 -9999 -9999 -9999 -9999 -9999 -9999 -9999 -9999 -9999 -9999 -9999 -9999 -9999
58.62 55.54 65.73 66.72 63.72 56.23 56.95 59.43 58.53 60.25 59.43 60.58 68.34 57.09 56.6 39.69 52.04 44.8 35.29 32.86 30.09524 -9999 -9999 -9999 -9999 -9999 -9999 -9999 -9999 -9999 -9999 -9999 -9999 -9999 -9999 -9999 -9999 -9999 -9999 -9999 -9999 -9999 -9999 -9999 -9999 -9999 -9999 -9999 -9999 -9999 -9999 -9999 -9999 -9999 -9999 -9999 -9999 -9999 -9999 -9999 -9999 -9999 -9999 -9999 -9999 -9999 -9999 -9999 -9999 -9999 -9999 -9999 -9999 -9999 -9999 -9999 -9999
55.04 56.28 56.62 57.51 46.66 52.72 55.26 55.52 51.79 50.93 50.6 53.99 56.18 41.31 33.42 31.42 43.56 43.82 39.43 27.53425 8.5 21.33333 -9999 -9999 -9999 -9999 -9999 -9999 -9999 -9999 -9999 -9999 -9999 -9999 -9999 -9999 -9999 -9999 -9999 -9999 -9999 -9999 -9999 -9999 -9999 -9999 -9999 -9999 -9999 -9999 -9999 -9999 -9999 -9999 -9999 -9999 -9999 -9999 -9999 -9999 -9999 -9999 -9999 -9999 -9999 -9999 -9999 -9999 -9999 -9999 -9999 -9999 -9999 -9999 -9999 -9999 -9999
50.66 51.08 36.05 20.12 37.03 36.71 49.72 53.16 43.64 51.62 56.88 51.82 37.07 38.44 23.62 24.22 23.88 18.91 9.69 7.675 4.814815 2.428571 -0.1785714 0.2916667 -9999 -9999 -9999 -9999 -9999 -9999 -9999 -9999 -9999 -9999 -9999 -9999 -9999 -9999 -9999 -9999 -9999 -9999 -9999 -9999 -9999 -9999 -9999 -9999 -9999 -9999 -9999 -9999 -9999 -9999 -9999 -9999 -9999 -9999 -9999 -9999 -9999 -9999 -9999 -9999 -9999 -9999 -9999 -9999 -9999 -9999 -9999 -9999 -9999 -9999 -9999 -9999 -9999
30.84 34.32 37.31 31.32 38.7 39.26 32.54 29.58 18.45 31.04 38.04 30.69 18.82 21.47 27.28 28.31 26.98 25.77 17.21 13.51 7.72 4.68 2.58 -1.59 -8.709678 -12.52459 -17.12 -31.65517 -53.6 -9999 -9999 -9999 -9999 -9999 -9999 -9999 -9999 -9999 -9999 -9999 -9999 -9999 -9999 -9999 -9999 -9999 -9999 -9999 -9999 -9999 -9999 -9999 -9999 -9999 -9999 -9999 -9999 -9999 -9999 -9999 -9999 -9999 -9999 -9999 -9999 -9999 -9999 -9999 -9999 -9999 -9999 -9999 -9999 -9999 -9999 -9999 -9999
26.87 24.71 27.34 36.48 41.09 40.83 39.11 36.63 35.29 24.76 26.26 25 23.77 12.33 24.54 33.75 30.21 25.24 21.28 15.4 13.04 8.22 -2.21 4.53 -4.29 -6.17 -13.45 -31.69 -37.18421 -33.93333 -9999 -9999 -9999 -76.625 -9999 -9999 -9999 -9999 -9999 -9999 -9999 -9999 -9999 -9999 -9999 -17.96667 -28 -9999 -9999 -9999 -9999 -9999 -9999 -9999 -9999 -9999 -9999 -9999 -9999 -9999 -9999 -9999 -9999 -9999 -9999 -9999 -9999 -9999 -9999 -9999 -9999 -9999 -9999 -9999 -9999 -9999 -9999
37.5 30.32 36.53 36.12 30.82 29.03 24.37 24.88 17.95 15.12 18.63 20.11 10.39 15.61 19.88 32.11 33.31 31.24 23.99 23.52 23.26 14.99 11.56 9.7 6.12 4.52 -8.28 -19.03 -27.66 -45.58065 -42.22388 -51.53846 -44.39773 -60.9798 -69.58209 -77.57692 -9999 -9999 -9999 -9999 -9999 -9999 -9999 -9999 -29.09091 -17.25 -35.28 -54.97436 -59.14545 -43.85 -45.6 -9999 -9999 -9999 -9999 -9999 -9999 -9999 -9999 -9999 -9999 -9999 -9999 -9999 -9999 -9999 -9999 -9999 -9999 -9999 -9999 -9999 -9999 -9999 -9999 -9999 -9999
39.12 40.5 39.45 33.43 32.02 29.42 21.14 24.74 25.5 23.71 22.71 25.17 30.87 34.49 29.73 31.04 24.31 23.27 17.49 16.81 21.62 25.81 17.24 11.59 6.66 8.9 2.82 0.07 -3.39 -18.33 -27.27 -55.05 -44.15 -29.48 -59.79 -48.86956 -75.13953 -71.89362 -56.2807 -49.06944 -66.11111 -65.59259 -70.725 -70.875 -54.76316 -32.29592 -24.22 -37.05 -47.39 -53.51 -40.73171 -53.5873 -52.09091 -60.5625 -9999 -9999 -9999 -9999 -9999 -9999 -9999 -9999 -9999 -9999 -9999 -9999 -9999 -9999 -9999 -9999 -9999 -9999 -9999 -9999 -9999 -9999 -9999
29.18 33.32 36.84 28.51 19.64 17.12 21.94 22.71 22.46 24.52 32.58 31.71 29.92 34.54 37.24 35.72 26.86 23.08 13.07 13.64 19.39 25.37 18.23 12.56 16.81 16.78 17.64 7.94 1.43 -1.17 -5.1 -17.85 -22.34 -14.32 -31.23 -23.14 -42.29 -50.91 -36.86 -25.57 -49.74 -49.93 -63.92 -38.68 -74.06 -65.08 -56.37 -58.56 -59.84 -46.6 -18.14 -35.7 -36.16 -58.2268 -66.55556 -9999 -9999 -9999 -9999 -9999 -9999 -9999 -9999 -9999 -9999 -9999 -9999 -9999 -9999 -9999 -9999 -9999 -9999 -9999 -9999 -9999 -9999
31.88 35.97 36.86 38.15 36.82 34.82 34.95 32.91 31.83 33.53 36.41 35.43 36.76 36.86 38.88 37.58 31.47 26.56 18.48 23.2 28.65 27.59 26.1 16.5 12.3 4.99 11.82 14.61 5.7 5.35 -1.49 0.88 2.33 -11.36 -22.2 -14.13 -18.57 -14.2 -0.73 -10.65 -43.01 -37.86 -22.39 -41.19 -48.91 -38.27 -42.1 -50.03 -63.98 -59.52 -21.58 -9.19 -22.23 -43.92 -40 -9999 -9999 -9999 -9999 -9999 -9999 -9999 -9999 -9999 -9999 -9999 -9999 -9999 -9999 -9999 -9999 -9999 -9999 -9999 -9999 -9999 -9999
26.29 30.17 30.15 32.88 35.86 33.95 35.93 37.74 37.4 38.51 38.74 36.77 37.83 38.01 35.78 37.8 33.84 34.35 26.81 24.94 26.73 17.41 13.31 9.97 9.25 2.24 1.11 9.03 7.49 8.07 3.39 5.96 5.97 -5.62 -12.5 -14.96 -0.19 0.42 11.23 -4.49 -15.06 -14.53 -15.15 -26.26 -17.63 -9.39 -24.12 -49.73 -44.4 -41.29 -12.89 -19 -29.95 -31.22 -11.44681 -45.16129 -53.33333 -50.38947 -38.20225 -8.685185 0.8529412 -9999 -67 -65.8 -49.4375 -9999 -9999 -9999 -9999 6.666667 41.6 49.10714 42.72059 48.69811 57.03846 -9999 -9999
8.25 16.07 19.99 29.89 27.5 17.58 25.76 28.9 31.32 31.28 34.46 36.4 39.34 38.67 36.02 38.72 37.64 36.76 35.1 32.95 32.15 26.8 17.33 13.82 9.59 5.5 4.02 9.34 11.94 3.83 3.12 2.22 -1.76 -2.03 -5.92 -9.44 -8.89 3.31 13.73 14.6 9.35 0.9 -5.95 -14.7 -18.75 -7.71 -8.51 -11.56 -7.02 -12.25 -4.71 -29.38 -16.84 1.51 7.97 -4.85 -8.72 -3.72 0.92 0.07 -12.50685 -33.81818 -38.4625 -37.7 -18.38 -4.435294 6.228571 14.35 28.72727 35.30851 51.28 61.92 65.24 65.93 64.8427 72.57143 75
2.86 -6.3 4.38 18.75 8.77 2.92 11.1 9.83 7.54 15.42 12.63 26.51 35.68 39.01 38.92 38.84 39.17 35.57 32.8 32.77 32.3 29.6 25.21 21.34 17.87 15.98 12.6 18.51 18.65 12.45 2.53 -5.35 -6.72 -8.36 -16.96 -10.05 -5.87 1.89 14.18 18.49 6.2 10.86 -1.21 6.34 -4.16 5.17 -1.83 -10.03 6.59 8.44 -14.85 -19.43 -7.41 14.28 0.47 -17.16 -25.98 -25.52 -11.93 -13.75 -15.43 -8.54 1.82 -2.78 0.2 17.78 29.49 33.2 33.2 41 54.25 62.31 69.73 72.58 71.49438 66.19355 70
-15.22 -18.18 -3.45 1.78 -2.03 8.08 1.55 7.31 -0.73 10.14 13.02 21.07 27.98 29.75 37.6 40.66 40.64 36.79 36.88 36.76 33.05 32.26 30.78 30.65 26.53 22.78 20.19 23.59 25.21 24.56 23.67 20.04 16.46 11.11 12.61 13.03 7.21 9.59 9.52 18.82 12.17 19.39 14.17 8.22 5.21 13.27 2.82 12.3 20.13 2.17 -16.43 -3.97 12.42 9.56 -9.42 -19.18 -18.93 -11.86 -5.45 13.19 5.14 10.74 18.37 24.6 19.24 25 43.14 45.22 51.77 55.11 60.19 65.41 70.03 74.47369 76.03704 70 -9999
-6.77 -0.1 -3.23 -12.88 -7.52 -2.79 -8.1 -12.06 -5.24 2.26 2.97 9.82 15.13 17.2 31.78 36.9 37.02 39.21 38.18 34.05 31.58 35.38 35.97 35.7 33.31 30.13 28.52 29.77 29.78 27.55 25.81 27.04 26.57 22.23 22.81 23.61 20.88 22.28 21.23 25.53 18.11 18.31 10.11 10.56 9.37 16.8 9.1 24.11 23.25 20.7 4.25 2.21 16.34 7.29 -0.72 -4.19 9.63 5.67 -4.06 25.08 22.36 24.25 23.94 31.5 19.74 19.24 40.44 38.55 47.61 53.84 61.29 65.06 69.93 73.82 77.38806 75.5 -9999
-16.87 -17.78 -24.38 -20.65 -21.36 -20.67 -19.14 -11.22 -3.11 -5.96 -0.16 5.02 16.58 24.56 27.94 31.12 36.88 39.27 39.91 36.56 29.64 30.57 38.37 34.14 27.61 25.65 28.05 33.34 31.25 31.78 29.09 30.94 30.47 26.15 26.16 27.67 26.4 27.84 29.64 30.57 14.85 11.69 11.06 17.35 14.34 7.33 5.67 20.43 5.32 10.91 14.95 22.62 30.95 26.34 23.19 23.26 21.47 19.89 28.49 39.11 34.32 34.06 31.1 36.45 42.3 32.02 25.93 42.32 50.86 51.27 61.55 66.92 70.8 76.02 78.03061 78.27586 -9999
0.96 -4.7 -14.6 -9.82 -17.27 -9.12 -8.49 -2.56 -8.09 -9.54 -3.28 3.79 13.31 17.73 20.35 21.55 32.31 34.15 37.9 41.34 40.02 39.19 38.77 33.84 26.92 19.87 26.07 35.82 33.87 29.56 30.39 33.92 34.67 31.13 29.95 31.46 28.88 32.11 33.38 33.15 27.28 22.52 16.94 17.75 20.44 14.2 19.93 23.54 15.07 28.6 33.07 33.03 31.98 28.26 22.88 29.54 36.98 37.45 36.95 43.88 40.21 41.73 36.73 40.93 46.99 42.42 39.59 42.65 54.58 59.66 64.15 61.06 66.77 74.73 78.14 78.4375 -9999
0.7 -0.34 -0.23 2.33 3.5 4.43 3.07 5.75 5.02 -0.54 -2.76 2.1 5.88 5.59 11.55 18.71 23.87 22.75 29.2 37.95 39.94 42.3 40.37 30.78 26.81 26.95 31.02 38.29 35.24 29.9 25.9 32.45 34.8 37.02 36.21 34.77 29.34 34.11 38.18 35.26 33.14 30.39 28.55 28.3 25.47 24.45 27.24 32.43 32.7 36.93 34.92 38.34 38.17 33.22 30.14 28.52 37.15 45.4 44.7 50.44 48.74 43.73 31.69 40.33 42 37.09 31.95 40.95 53.61 62.54 64.46 65.63 63.73 69.84 76.50685 80.83334 -9999
4.63 2.32 2.07 2.46 2.48 2.31 6.75 7.94 6.08 3.02 1.07 1.87 1.37 0.72 -17.06 -8.8 14.58 21.28 27.66 32.03 36.13 39.82 42.58 41.87 37.74 34.15 38.61 41.06 36.25 31.89 24.74 27.46 33.4 36.79 39.27 37.51 36.61 39.5 40.68 36.2 38.38 38.59 37.24 33.35 34.95 35.62 39.04 40.49 40.31 40.36 40.72 38.91 38.13 38.29 37.85 32.99 33.75 42.69 53.96 55.97 54.02 44.4 36.65 38.83 35.21 25.56 29.74 55.12 61.55 66.94 66.68 64.73 68.15625 75.425 -9999 -9999 -9999
8.87 6.37 7.99 5.82 3.04 4.63 6.04 7.64 8.88 7.4 5.28 5.13 1.64 -4.65 -8.92 -13.35 -3.72 9.58 15.81 26.68 32.93 36.34 40.21 42.21 44.46 43.93 43.34 43.86 36.01 31.5 27.31 24.32 25.79 31.78 38.46 40.92 41.16 43 43.89 40.75 42.26 41.87 36.37 33.87 38.46 40.83 43 44.27 45 44.86 43.77 41.59 38.54 34.45 33.39 36.24 39.46 46.58 58.13 60.11 48.88 44.16 42.98 49.14 50.94 50.48 60.08 65 65.14 71.33673 70.17242 70.125 72.3125 -9999 -9999 -9999 -9999
12.08 10.37 10.2 9.34 10.12 8.75 6.76 7.32 9.81 9.11 6.38 5.22 2.16 0.01 -1.5 2.52 6.78 16.03 17.27 22.25 33.07 37.56 34.17 31.97 37.51 42.24 44.81 47.1 44.05 39.68 39.84 37.38 30.71 27.68 32.04 34.23 31.91 38.09 42.29 45.03 45.72 42.14 40.29 41.12 42.7 43.17 44.19 44.86 45.28 45.5 43.85 39.22 36.34 34.7 37.53 45.26 47.76 48.02 48.53 62.21 48.19 52.78 61.12 68.51 69.42 66.99 61.89 64.13131 66.61842 73.22727 76.8 -9999 -9999 -9999 -9999 -9999 -9999
14.19 11.47 12.17 12.9 10.66 9.44 8.14 9.22 6.47 4.38 5.84 6.41 2.54 4.25 4.46 6.37 5.8 18.44 24.89 26.85 34.75 36.9 32.38 25.57 32.21 33.45 35.09 40.92 44.9 47.97 46.24 43.38 40.65 38.12 35.78 39.49 40.11 39.58 41.89 41.08 45.95 46.78 47.89 47.76 44.95 43.97 44.8 45.39 44.39 41.82 38 33.32 31.08 33.76 37.9 47.88 54.29 55.61 59.61 68.55 67.08 68.7 73.59 76.26 71.09 70.39362 71.57143 74.55556 -9999 -9999 -9999 -9999 -9999 -9999 -9999 -9999 -9999
10.73 10.95 11.5 10.63 10.17 11.03 11.21 8.89 4.73 4.29 10.18 8.94 8.01 7.56 10.52 14.58 12.2 10.37 25.88 27.2 32.28 33.52 29.15 28.93 28.86 23.79 27.09 32.9 39.36 44.85 49.79 49.04 44.4 40.47 40.47 41.87 42.67 45.66 46.58 45.41 43.25 53.83 51.05 47.27 44.65 42.09 40.31 39.78 40.44 37.41 38.81 41.67 37.78 38.36 36.26 41.47 52.03 63.89 69.13 70.8 75.05 75.72 74.44 78.18085 76.18182 78.8 -9999 -9999 -9999 -9999 -9999 -9999 -9999 -9999 -9999 -9999 -9999
0.61 0.88 5.45 7.52 4.7 5.1 6.26 7.35 6.54 9.41 14.08 12.97 10.87 11.59 11.22 19.46 18.44 24.08 13.01 11.09 11.68 22.11 26.03 22.79 24.12 19.32 26.91 35.97 40.51 46.03 48.37 50.76 48.53 43.62 43.33 43.73 44.35 46.96 52.59 48.73 51.28 49.98 46.54 44.1 41.1 37.84 35.87 34.41 31.57 35.37 41.32 50.02 49.76 50.59 42.24 50.6 64.16 68.57 67.34 60.73 71.65 80.07 80.31915 82.3913 -9999 -9999 -9999 -9999 -9999 -9999 -9999 -9999 -9999 -9999 -9999 -9999 -9999
-4.17 -0.65 2.07 3.31 3.95 3.3 3.11 2.86 5.94 12.4 14.95 16.41 16.93 18.15 16.5 17.97 19.96 20.77 13.75 6.49 5.8 9.43 16.49 15.46 16.15 18.06 23.91 31.67 37.41 42.05 45.61 48.77 52.62 53.37 54.38 55.08 56.8 57.67 55.17 49.98 49.89 52.12 51.34 55.42 52.15 44.4 33.24 30.48 26.93 23.72 40.46 61.43 63.08 62.13 60.67 68.26 72.35 71.1 74.53 67.29592 74.20988 83.94118 84.03448 -9999 -9999 -9999 -9999 -9999 -9999 -9999 -9999 -9999 -9999 -9999 -9999 -9999 -9999
-4.47 4.62 4.08 6.85 8.1 1.34 1.24 1.31 5.42 9.9 11.86 10.42 7.62 8.26 11.39 14.16 8.61 9.65 12.48 7.26 5.52 5.48 5.05 6.96 11.64 17 22.68 26.32 31.66 39.29 44.64 48.39 50.61 50.94 53.15 55.78 56.73 56.31 52.99 56.87 57.29 57.13 53.78 65 60.62 52.36 54.19 47.15 42.99 53.25 60.83 71.87 71.25 71.81 71.89796 77.58228 76.98485 80.22727 81.43478 75 -9999 -9999 -9999 -9999 -9999 -9999 -9999 -9999 -9999 -9999 -9999 -9999 -9999 -9999 -9999 -9999 -9999
0.21 3.72 5.58 8.91 9.24 3.06 1.44 1.2 -0.34 -2.35 -4.17 -4 -0.84 1.32 1.92 3.98 1.4 0.06 2.51 9.65 5.59 3.75 0.49 1.22 7.22 12.56 18.03 18.36 16.98 28.81 39.59 41.21 44 47.06 49.13 47.17 54.09 53.81 52.64 56.77 53.17 50.89 48.1 60.53 68.4 68.47 59.04 47.69 64.34 72.51 76.01 78.39507 77.09434 79.925 81 -9999 -9999 -9999 -9999 -9999 -9999 -9999 -9999 -9999 -9999 -9999 -9999 -9999 -9999 -9999 -9999 -9999 -9999 -9999 -9999 -9999 -9999
10.82 11.71 10.92 11.07 7.18 4.34 1.37 -0.26 -0.57 -4.85 -7.96 -6.92 -3.28 -7.47 -5.57 -3.05 -0.6 -0.9 -2.46 -3.1 6.86 0.47 -3.06 -9.41 -2.59 7.41 13.04 16.58 20.31 26.98 31.28 31.2 37 41.93 47.52 49.27 47.28 45.66 49.61 51.96 50.61 54.04 55.54 65.84 76.07 62.97 52.92 60.57 76.47887 79.07407 80.76471 81 -9999 -9999 -9999 -9999 -9999 -9999 -9999 -9999 -9999 -9999 -9999 -9999 -9999 -9999 -9999 -9999 -9999 -9999 -9999 -9999 -9999 -9999 -9999 -9999 -9999
