layers/wordclim/past/Iberia_lig_10_ascii/bio_10.asc
ncols         166
nrows         94
xllcorner     -9.4959440078468
yllcorner     36.000324005443
cellsize      0.083333337679505
NODATA_value  -9999
[rows 0 to 31 of 94, columns 0 to 72 of 166]
-9999 -9999 -9999 -9999 -9999 -9999 -9999 -9999 -9999 -9999 -9999 -9999 -9999 -9999 -9999 -9999 -9999 -9999 -9999 192.5833 -9999 197.875 202 -9999 -9999 -9999 -9999 -9999 -9999 -9999 -9999 -9999 -9999 -9999 -9999 -9999 -9999 -9999 -9999 -9999 -9999 -9999 -9999 -9999 -9999 -9999 -9999 -9999 -9999 -9999 -9999 -9999 -9999 -9999 -9999 -9999 -9999 -9999 -9999 -9999 -9999 -9999 -9999 -9999 -9999 -9999 -9999 -9999 -9999 -9999 -9999 -9999 -9999
-9999 -9999 -9999 -9999 -9999 -9999 -9999 -9999 -9999 -9999 -9999 -9999 -9999 -9999 -9999 -9999 -9999 192.1707 184.25 195.5821 196.2576 194.9091 198.2174 199.197 202.7547 204.875 -9999 -9999 -9999 -9999 -9999 -9999 -9999 -9999 -9999 -9999 -9999 -9999 -9999 -9999 -9999 -9999 -9999 -9999 -9999 -9999 -9999 -9999 -9999 -9999 -9999 -9999 -9999 -9999 -9999 -9999 -9999 -9999 -9999 -9999 -9999 -9999 -9999 -9999 -9999 -9999 -9999 -9999 -9999 -9999 -9999 -9999 -9999
-9999 -9999 -9999 -9999 -9999 -9999 -9999 -9999 -9999 -9999 -9999 -9999 -9999 -9999 -9999 197.0667 193.9242 192.7579 190 194.66 189.23 188.45 196.1818 190.43 192.16 198.8351 205.8333 -9999 -9999 -9999 -9999 -9999 -9999 -9999 -9999 -9999 -9999 -9999 -9999 209 -9999 209.5 208.7778 205.9531 206.6923 -9999 -9999 -9999 -9999 -9999 -9999 -9999 -9999 -9999 -9999 -9999 -9999 -9999 -9999 -9999 -9999 -9999 -9999 -9999 -9999 -9999 -9999 -9999 -9999 -9999 -9999 -9999 -9999
-9999 -9999 -9999 -9999 -9999 -9999 -9999 -9999 -9999 -9999 -9999 -9999 -9999 -9999 193.1111 195.4316 194.4242 193.38 191.39 186.18 182.93 184.71 188.58 183.35 197.18 203.05 204.2526 203.7215 204.5775 208.9636 207.8375 207.8571 205.6447 209.1039 203.6962 206.6667 205.4658 201.75 199.4659 201.433 202.7564 203.9881 205.4848 205.72 204.75 208.1948 208.377 205.3 205.4237 209.9565 208.5517 -9999 -9999 -9999 -9999 -9999 -9999 -9999 -9999 -9999 -9999 -9999 -9999 -9999 -9999 -9999 -9999 -9999 -9999 -9999 212.25 210.3333 -9999
-9999 -9999 -9999 -9999 -9999 -9999 -9999 -9999 -9999 -9999 -9999 -9999 -9999 -9999 194.3396 197.5072 191.7071 186.68 184.97 188.16 184.56 179.37 176.89 177.14 186.66 197.77 203.2 197.71 205.63 205.6465 198.58 195.68 194.6 202.24 190.46 197.09 200.43 196.22 189.59 198.77 204.6364 199.09 197.66 201.51 203.51 203.58 199.55 199.15 206.31 204.94 204.25 202.9615 209.6154 211.7797 211.3 214.3143 217.1579 -9999 -9999 -9999 -9999 -9999 -9999 -9999 215.5714 214.5 213.2444 213.5479 213.4146 213.2063 210.7813 212.931 212.1304
-9999 -9999 -9999 -9999 -9999 -9999 -9999 192 -9999 -9999 -9999 -9999 194.1111 196.5484 196.3881 197.7083 192.87 187.86 187.04 184.69 187.59 186.67 186.8 182.83 186.33 189.38 193.93 200.22 200.02 190.42 182.6 188.72 195.52 192.35 187.97 197.09 190.39 185.52 194.39 200.95 201.82 205.12 205.19 200.52 202.82 202.47 200.99 201.6 202.42 203.47 204.5 210.02 210.86 204.35 203.79 202.11 197.01 204.383 209.358 214.1918 215.3636 216.2692 214.5972 211.9398 212.7143 215.19 213.36 212.79 210.8958 212.91 208.99 210.01 212.869
-9999 -9999 -9999 -9999 -9999 -9999 192.5556 194.4125 193.527 192.2692 193.4865 193.6747 193.54 196.697 197.99 198.9341 194 189.33 183.65 186.11 189.4 191.03 191.97 194.34 192.17 193.73 193.6 199.97 188.49 185.09 187.31 197.81 193.21 181.81 182.99 193.49 197.77 196.64 191.38 195.4 193.22 193.63 197.13 201.06 200.47 200.93 198.85 193.69 193.02 197.82 191.88 197.92 202.73 193.89 186.85 189.98 196.87 192.43 202.85 201.19 207.89 205.63 207.24 208.84 206.27 210.3 210.11 209.39 203.13 198.23 200.44 202.66 208.45
-9999 -9999 -9999 193.5 193.3214 193.9211 191.7671 193.07 193.44 194.5 192.76 187.35 189.89 192.91 197.03 196.99 191.41 189.13 186.17 188.78 189.84 194.07 195.06 197.37 197.78 196.08 192.31 195.79 191.33 188.31 194.24 199.32 186.56 178.91 190.39 195.45 193.74 182.21 185.81 182.88 182.43 192.58 176.11 190.71 200.58 194.25 191.94 194.84 192.62 191.37 177.94 186.73 189.66 175.96 149.54 164.28 157.3 162.39 193.41 186.31 193.2 198.73 201.25 196.27 201.29 206.61 202.57 202.25 201.55 188.34 178.07 192.47 202.31
-9999 -9999 -9999 195.5556 193.9462 190.52 191.14 188.49 187.41 188.91 187.57 189.64 192.13 191.71 193.27 190.66 187.82 188.51 187.44 190.56 191.55 193.43 198.06 198.6 198.09 195.08 190.73 195.61 185.16 189.67 187.39 195.26 187.47 181.6 189.32 192.13 180.96 170.37 182.68 173.51 179.41 175.31 187.09 187.61 195.36 187.59 188.95 188.7 178.65 172.78 178.07 173.54 168.17 178.05 163.55 156.85 165.18 188.57 198.4 192.74 171.48 182.61 187.81 188.59 190.11 201.49 191.95 198.98 195.01 178.47 174.56 180.69 186.06
-9999 -9999 192.4615 193.0928 191.35 186.58 187.54 187.48 188 188.34 191.12 193.23 196.58 196.85 196 194.75 192.34 189.34 184.52 188.39 193.34 194.31 197.82 198.49 196.19 194.96 189.93 188.9 194.79 193.75 200.42 198.4 184.79 176.29 187.83 175.34 175.96 156.99 155.61 160.11 150.1 161.22 155.03 180.26 188.87 164.91 162.6 168.8 161.46 158.25 170.13 162.84 171.63 175.29 164.69 165.7 153.51 157.39 168.43 178.38 172.56 157.7 167.62 182.03 185.61 188.37 187.53 189.21 186.96 187.86 192.89 194.19 194.77
-9999 -9999 195.25 194.3647 188.2828 187.11 187.32 189.28 191.23 192.55 195.16 197.8 199.32 199.26 197.36 195.32 195.24 189.8 189.19 188.2 192.78 192.83 195.32 201.12 202.83 201.15 193.17 193.6 192.59 201.7 199.59 189.7 188.2 178.64 176.11 169.2 162.16 170.01 170.25 169.82 165.02 170.98 169.57 164.54 170.72 173.23 168.91 173.87 166.13 172.18 182.27 175.24 174.95 177.1 179.52 170.19 156.99 154.81 160.66 172.59 178.5 159.63 167.92 185.09 188.76 190.01 191 190.46 190.96 192.88 197.33 202.72 200.96
-9999 -9999 197.25 -9999 193.7069 186.84 189.24 193.23 193.07 198.25 201.85 199.61 199.53 202.5 201.45 200.03 201.3 198.58 196.23 194.21 192.42 196.92 200.89 204.25 206.29 203.58 199.13 192.32 199.28 200.27 189.22 176.03 165.49 166.23 176.14 173.97 176.24 170.5 159.36 165.37 160.81 160.99 171.46 181.02 168.47 179.5 181.84 183.96 177.15 185.65 187.21 179.18 184.24 178.01 182.67 172.3 171.21 171.17 172.61 183.39 187.48 187.01 186.9 189.73 189.66 191.88 189.44 195.31 194.08 198.02 195.16 198.55 203.69
-9999 -9999 -9999 -9999 196.35 195.1875 197.8788 200.5824 190.57 198.42 202.74 204.9 204.21 206.21 205.69 197.84 198.02 194.96 192.54 196.07 193.81 196.58 204.36 199.78 200.53 206.91 194.39 190.57 194.07 191.38 186.05 165.84 177.26 185.98 194.58 191.81 178.18 164.87 164.63 166.43 175.46 182.76 188.26 189.89 191.73 187.53 195.3 196.65 193.03 195.91 194.25 192.63 192.99 189.31 192.05 185.76 182.41 188.73 188.71 187.48 190.58 192.06 195.31 195.12 192.24 196.53 196.88 192.22 196 194.38 190.58 197.62 198.72
-9999 -9999 -9999 -9999 201 197.1765 188.5435 197.29 197.17 203.41 202.63 201.64 204.5 196.72 198.78 197.15 192.6 193.87 190.53 188.47 197.67 204.72 197.84 196.81 201.42 200.63 191.05 179.94 177.6 182.3 189.11 182.11 195.12 203.35 201.58 202.46 193.44 190.2 190.86 188.12 183.56 184.94 191.45 196.85 199.27 197.72 203.18 204.32 201.16 204.26 198.87 201.15 198.74 198.67 195.69 192.64 192.68 193.07 195.17 193.41 197.23 196.8 198.09 194.08 193.32 194.23 195.5 195.31 197.28 194.47 190.36 195.9 207.83
-9999 -9999 -9999 -9999 -9999 199.8983 194.766 203.1 204.6111 200.93 203.35 198.84 195.3 189.96 184.51 195.61 195.08 190.79 189.18 188.21 200.36 205.94 202.82 205.23 213.27 203.56 190.36 191.02 185.34 178.23 190.7 198.8 207.28 213.67 214.53 211.2 210.02 207.34 200.36 192.33 196.46 200.62 200.88 204.28 205.09 205.45 210.94 210.88 209.44 208.56 205.95 206.89 202.04 204.62 200.01 197.94 198.65 197.89 200.88 199.31 200.94 203.51 202.2 198.4 198.28 196.54 196.58 195.79 195.69 194.12 195.98 202.87 210.65
-9999 -9999 -9999 -9999 -9999 201.6857 202.1579 206 204.9036 205.04 202.75 199.18 195.42 192.45 186.41 188.84 192.63 189.38 187.83 194.07 199.51 207.78 208.54 217.33 216.84 211.29 202.46 198.75 186.85 185.51 193.48 208.59 216.17 220.31 218.55 213.16 198.3 189.77 187.35 190.94 200.5 205.14 206.12 210.15 211.01 211.82 214.41 215.07 214.88 213.09 211.59 208.14 206.96 209.31 205.32 202.9 204.63 203.16 203.67 204.56 204.12 206.39 206.81 206 205.56 204.95 202.75 198.19 198.76 198.67 202.81 204.84 201.99
-9999 -9999 -9999 -9999 -9999 203 203.25 204.3333 203.0978 198.7191 205.62 201.16 193.22 182.97 189.25 196.89 201.63 204.28 205.47 205.93 207.51 209.63 213.74 215.23 209.44 208.88 210.77 210.5 194.67 201.18 206.46 212.56 215.85 204.32 189.93 192.4 181.78 179.04 192.02 200.78 206.5 210.18 210.38 214.19 214.5 214.95 216.19 218.32 217.65 215.78 213.3 211.42 211.34 212.7 209.68 207.14 208.6 209.63 209.23 209.41 210.11 210.06 209.44 210.14 209.79 208.82 204.5 202.44 203.38 203.86 202.96 201.88 202.67
-9999 -9999 -9999 -9999 -9999 -9999 205 204.3333 205.1035 201.2059 204.3441 202.72 199.73 184.74 188.49 203.53 213.96 212.59 216.49 219.36 218.23 201.59 197.41 204.3 206.12 195.36 195.31 214.49 217.33 200.26 196.46 206.82 190.25 186.3 191.03 170.81 168.39 178.56 194.33 200.76 206.18 211.78 215.4 216.7 216.94 217.39 218.07 220.04 218.47 216.81 216.28 215 215.44 215.97 213.82 211.8 212.17 213.32 213.33 213.69 213.38 213.89 214.2 214.11 213.06 209.66 207.43 207.26 207.8 208 205.32 203.26 202.65
-9999 -9999 -9999 -9999 -9999 -9999 -9999 203.5385 203.1538 199.8636 205.8472 201.88 198.4 193.68 184.79 200.11 217.51 216.83 212.45 220.61 217.94 205.43 202.74 190.42 186.99 186.52 179.06 202.94 207.13 196.25 181.73 177.53 173.95 174.54 181.9 192.51 186.35 176.55 187.39 201.43 210.14 214 216.75 218.88 219.18 219.4 219.81 221.38 218.65 216.87 218.66 218.45 219.01 218.83 217.28 216.41 215.69 215.89 216.97 217.11 217.51 216.85 217.04 216.12 213.79 209.68 210.92 212.4 211.1 209.04 205.97 204.66 202.15
-9999 -9999 -9999 -9999 -9999 -9999 -9999 205 204.2059 203.6813 204.5 206.6 209.96 199.49 196.1 207.95 214.06 212.85 213.72 211.17 209.93 207.03 208.65 190.48 177.59 172.55 166.76 184.36 202.46 189.88 181.74 167.56 155.53 160.43 171.54 172.15 177.6 188.68 194.51 204.49 210.23 213.89 215.7 219.33 220.81 221.28 221.62 222.61 220.01 220.24 221.36 221.55 221.86 220.54 220.19 220.02 220.09 218.8 219.66 220.65 220.49 218.96 218.85 216.7 214.02 216.17 216.28 214.61 213.25 211.42 209.09 206.26 199.61
-9999 -9999 -9999 -9999 -9999 -9999 -9999 200.7273 203.9121 196.67 208.91 210.03 213.29 203.97 215.38 207.89 201.24 193.66 199 199.52 200.61 207.34 205.13 199.63 188.89 179.55 183.29 194.04 199.54 186.07 176.09 164.98 167.36 187.29 195.36 194.86 195.65 200.65 206.8 212.43 213.59 216.65 218.8 219.45 222.64 222.48 223.33 223.36 222.99 223.69 223.28 224 222.76 221.81 222.6 222.93 223.53 224.12 222.48 223.96 220.32 217.59 218.75 218.04 220.52 218.03 218.43 217.2 215.13 212.6 209.19 205.41 207.59
-9999 -9999 -9999 -9999 -9999 -9999 -9999 191.9524 193.52 203.13 208.67 211.07 209.85 212.5 194.71 179.12 171.65 180.8 191.34 199.96 204.18 206.71 207.91 201.26 212.79 198.07 195.74 199.86 194.11 188.52 181.92 176.68 175.54 197.74 202 203.55 206.07 208.19 211.85 215.08 217.65 220.12 221.54 221.78 222.84 224.18 225.28 224.8 224.66 223.96 225.76 224.99 224.08 224.4 225.2 225.6 225.98 226.97 226.11 226.02 222.47 223.2 224.65 222.38 219.89 218.66 219.43 219.34 218.51 217.34 214.99 212.38 208.69
-9999 -9999 -9999 -9999 -9999 -9999 -9999 195.0167 202.83 204.55 204.58 192.91 200.69 195.9 172.66 186.12 192.59 200.12 197.97 188.8 187.46 195.54 199.74 207.85 222.26 210.48 204.84 209.3 204.03 199.66 199.62 196.2 186.94 205.03 207.57 206.27 205.44 210.55 213.21 215.33 217.04 220.28 222.26 223.58 225.19 226.39 226.2 225.7 225.98 226.62 226.91 226.03 224.77 226.77 227.15 227.58 227 225.47 222.99 226.35 228.29 225.92 223.86 221.91 219.33 218.13 219.18 218.82 217.24 215.93 214.85 210.21 208.15
-9999 -9999 -9999 -9999 -9999 -9999 -9999 200.4545 200.4318 196.23 200.43 191.73 205.81 205.7 200.31 201.99 203.34 188.97 177.29 179.61 182.38 184.8 204.29 209.41 223.78 214.51 204.75 212.4 212.63 205.1 205.56 207.23 206.5 215 212.46 214.88 212.52 211.34 209.92 209.67 212.7 215.8 221.16 222.8 225.22 226.5 227.3 227.84 228.71 228.95 228.41 227.77 227.37 227.37 225.92 224.88 224.34 224.57 225.79 230.27 227.68 225.44 223.99 222.1 220.32 219.53 218.99 219.82 219.07 218.59 217.89 215.79 213.91
-9999 -9999 -9999 -9999 -9999 -9999 -9999 198.8605 196.03 193.11 207.04 205.23 209.66 208.26 202.85 187.16 180.52 173.08 189.89 185.11 189.53 191.42 199.37 211.47 226.01 217.18 206.64 216.93 216.76 217.2 210.6 204.14 212.54 220.34 213.73 218.73 216.98 214.01 216.27 218.57 216.73 217.11 221.55 225.6 227.07 227.25 228.87 228.93 228.68 227.91 229.41 229.36 227.11 225.25 224.82 224.89 225.58 228.38 231.9 230.39 227.38 226.99 225.69 224.7 223.76 223.16 224.39 223.74 222.96 223.39 222.62 222.12 221.29
-9999 -9999 -9999 -9999 -9999 -9999 -9999 197.76 199.9667 203.5306 202.81 203.3 201.75 207.6 204.97 201.29 200.21 204.65 195.71 188.77 189.87 200.41 212.73 221.94 220.05 209.74 217.05 224.35 227.33 219.96 210.42 200.48 213.42 214.9 218.67 221.93 216.08 215.08 216.55 219.49 221.47 221.73 222.99 225.64 227.72 228.92 229.96 230.65 229.9 229.34 228.89 226.91 226.08 226.52 226.17 226.46 228.67 233.31 230.89 229.75 229.01 228.64 227.09 225.93 225.47 224.56 229.03 230.24 229.1 227.45 227.44 226.32 224.9
-9999 -9999 -9999 -9999 -9999 -9999 -9999 -9999 201.6711 201.12 203.13 207.03 212.93 214.07 214.36 208.33 206.55 191.2 190.05 196.67 207.79 211.01 219.28 223.65 205.71 218.73 226.76 233.15 233.88 225.06 214.2 210.83 211.93 219.16 222.26 223.63 220.86 219.8 218.63 220.36 221 223.22 225.84 227.12 227.84 230.34 231.08 228.88 228.9 228.85 229.15 230.24 229.67 228.98 227.92 228.48 233.3 234.86 232.69 232.59 231.64 230.41 230.17 231.41 231.92 229 231 228.32 228.62 228.65 228.92 227.67 226.72
-9999 -9999 -9999 -9999 -9999 -9999 -9999 -9999 201.0652 201.52 205.92 208.26 210.72 207.15 212.04 213.41 204.06 206.4 210.17 211.7 218.68 205.35 209.63 201.8 209.41 225.51 234.21 237.38 233.82 226.43 221.59 222.5 222.56 228.66 228.03 227.22 222.92 220.31 222.78 224.23 225.05 223.79 225.98 227.54 229.2 232.28 232.76 230.99 231.17 231.86 232.61 232.82 233.3 231.86 232.99 235.14 236.36 236.45 235.98 230.7 230.45 229.19 227.94 228.85 229.98 229.69 227.28 225.72 226.82 226.19 222.98 223.76 221.88
-9999 -9999 -9999 -9999 -9999 -9999 -9999 -9999 202.7813 203.25 203.9 207.18 206.94 211.43 212.46 211.74 208.2 209.38 224.07 214.65 200.27 199.4 202.12 210.57 219.64 221.71 224.83 237.04 233.49 221.62 212.3 226.65 231.32 232.43 230.58 229.43 225.03 223.11 226.67 224.37 224.35 226.94 227.11 229.13 230.91 231.85 232.42 231.39 232.13 234.03 234.94 234.58 235.44 235.66 235.62 234.97 235.93 236.81 235.34 231.65 230.21 229.65 229.32 229.3 229.51 229.75 228.92 223.34 217.21 216.43 218.52 226.04 225.67
-9999 -9999 -9999 -9999 -9999 -9999 -9999 -9999 202.2778 203.1111 205.25 208.08 210.45 211.78 211.29 214.16 209.34 214.05 223.52 211.25 187.05 209.1 208.88 212.33 223.16 233.02 235.09 234.51 230.46 233.5 226.87 232.32 231.59 223.29 220.29 222.29 225.73 228.84 226.3 224.21 223.92 225 226.63 227.47 229.25 228.76 228.68 230.05 230.41 231.27 232.25 233.42 233.56 234.28 233.49 233.56 235.57 236.85 234.94 235.11 236.29 234.87 234.01 233.79 232.51 231.77 232.46 226.25 220.02 223.4 225.73 226.47 225.4
-9999 -9999 -9999 -9999 -9999 -9999 -9999 -9999 -9999 202.8228 203.3 206.18 205.41 205.11 210.1 215.58 217.46 223.26 209.71 200.24 216.9 222.67 214.85 225.83 218.85 231.55 223.16 224.2 237.34 238.24 234.84 237.88 230.25 222.69 224.81 229.05 232.75 228.4 226.6 225.94 225.2 225.08 224.77 224.89 225.06 224.89 226.49 227.8 230.24 232.71 230.73 232.67 234.12 234.74 235.9 236.65 236.75 236.27 236.64 237.01 236.93 236.73 235.77 234.43 233.27 233.13 231.87 230.26 226.37 229.19 227.2 221.51 213.86
-9999 -9999 -9999 -9999 -9999 -9999 -9999 -9999 -9999 203.0566 204.29 206.21 208.08 208.57 212.84 214.67 221.36 209.23 205.68 206.62 229.18 226.35 225.04 234.19 232.93 229.5 219.55 221.58 240.92 237.25 231.59 233.78 227.78 228.5 228.25 229.85 225.28 225.13 226.95 227.81 228.04 226.33 225.28 223.09 224.52 226.21 226.24 225.47 227.61 230.46 231.68 233.02 233.86 234.65 235.8 236.66 235.82 236.06 235.15 236.86 236.89 236.55 236.08 235.22 234.28 233.77 232.66 230.46 227.28 225.97 225.27 213.42 194.45
