layers/wordclim/past/Iberia_lig_10_ascii/bio_5.asc
ncols         166
nrows         94
xllcorner     -9.4959440078468
yllcorner     36.000324005443
cellsize      0.083333337679505
NODATA_value  -9999
[rows 32 to 63 of 94, columns 0 to 72 of 166]
-9999 -9999 -9999 -9999 -9999 -9999 -9999 -9999 -9999 260 262.3548 268.74 273.89 277.6 282.63 289.86 293.05 295 301.07 299.51 313.05 312.81 313.49 316.83 316.25 320.07 322.86 324.31 333.1 321.64 319.68 324.94 324.66 321.68 316.7 318.33 319.52 319.54 320.44 322.32 325.65 327.59 327.8 328.68 329.66 330.13 330.18 328.9 329.87 331.14 333.14 333.74 333.94 334.51 334.71 335.05 333.29 333.04 330.33 331.43 330.84 328.42 326.89 326.96 324.95 321.19 318.25 317.54 316.22 311.9 302.7 294.69 297.51
-9999 -9999 -9999 -9999 -9999 -9999 -9999 -9999 -9999 -9999 260.7143 265.11 273.03 278.32 283.57 284.45 273.76 282.82 267.22 275.82 297.59 293.72 300.53 298.71 298.21 302.89 314.54 317.31 330.73 329.52 329.95 329.87 330.16 322.16 318.96 319.46 319.83 321.15 321.23 322.45 324.63 326.82 328.78 330.98 332.09 333.08 331.97 330.63 329.29 330.05 332.17 332.78 333.47 333.15 334.17 333.61 331.54 332.47 329.92 329.48 328.73 326.49 327.42 324.56 321.54 318.12 313.75 300.45 300.06 300.86 316.86 317.32 306.14
-9999 -9999 -9999 -9999 -9999 -9999 -9999 -9999 -9999 -9999 258.1279 262.56 267.79 273.33 279.08 283.93 281.94 269.59 262.91 272.1 275.46 277.13 291.08 304.77 295.74 290.45 304.58 320.69 327.06 321.15 322.02 326.61 320.54 319.6 320.26 321.72 321.59 321.07 322.59 324.86 324.85 326.09 329.79 331.5 332.57 333.53 334.42 333.09 332.56 331.22 331.59 331.89 331.56 331.87 332.16 331.07 331.73 332.1 329.56 328.05 326.09 326.24 326.83 326 320.23 315.3 297.32 289.4 306.24 318.34 324 326.55 322.01
-9999 -9999 -9999 -9999 -9999 -9999 -9999 -9999 -9999 250.875 255.5204 261.71 266.7 269.47 261.19 266.77 274.3 288.92 291.48 291.07 285.18 283.65 286.55 294.83 292.81 291.53 303.95 319.61 322.77 316.21 313.58 318.72 322.71 318.79 318.33 320.25 322.59 323.89 326.38 327.47 328.04 328.7 330.65 330.81 331.54 332.2 331.76 331.61 332.94 332.57 331.57 331.08 329.59 329.75 330.51 331.58 332.12 331.43 329.65 325.89 323.51 324.83 324.76 322.8 317.09 310.79 288.15 309.87 303.58 311.01 324.93 332.63 337.6
-9999 -9999 -9999 -9999 -9999 -9999 -9999 -9999 -9999 247.3 253.6292 261.5 267.68 264.64 274.51 274.75 281.17 296.41 298.22 295.08 293.46 293.9 296.36 295.79 297.13 293.28 306.14 316.09 316.24 320.31 315.5 314.06 318.54 321.36 319.41 319.26 321.77 325.32 326.58 327.92 328.7 328.41 328.94 328.64 327.91 327.34 328.61 333.98 332.73 333.16 332.46 331.2 328.36 326.37 327.12 329.74 327.68 329.55 326.54 323.61 320.79 320.48 320.24 313.83 296.66 295.34 287.77 298.08 319.64 332.43 337.14 344.18 342.13
-9999 -9999 -9999 -9999 -9999 -9999 -9999 -9999 -9999 242.2973 252.2283 261.53 269.93 276.58 275.89 283.84 285.09 294.81 294.73 296.26 302.57 305.26 306.54 304.47 304.99 308.87 312.31 311.79 309.14 311.93 314.63 312.05 316.37 319.4 322.75 319.27 321.52 326.06 326.49 326.68 327.33 328.62 326.84 324.89 325.2 330.19 334.8 334.28 333.08 331.36 330.19 327.35 321.2 321.82 319.14 318.31 318.75 322.52 320.7 319.19 311.27 312.37 309.18 307.82 312.83 323.05 325.36 332.13 335.49 334.06 344.55 350.78 346.59
-9999 -9999 -9999 -9999 -9999 -9999 -9999 -9999 240 242.9324 252.7629 263.61 273.3 279.02 280.47 274.51 274.66 295.25 301.86 305.42 307.29 306.55 304.42 309.88 316.14 313.64 310.98 294.69 300.74 307.44 308.71 311.27 314.73 321.38 326.13 327.7 325.94 323.98 323.9 323.22 322.8 321.48 325.56 329.77 330.96 332.76 333.34 332.83 330.2 326.08 321.75 318.98 312.93 312.59 314.88 318.71 323.22 324.18 319.87 315.12 311.78 309 310.79 307.15 325.23 337 332.4 335.7 346.51 349.6 354.47 357.19 351.6
-9999 -9999 -9999 -9999 -9999 -9999 -9999 -9999 244.129 247.76 256.86 267.25 277.28 283.92 281.37 271.8 297.66 303.12 307.61 307.88 310.89 312.57 315.33 309.82 285.45 279.22 289.74 292.89 298.55 304.18 309.99 308.6 315.35 322.95 325.47 328.37 328.58 319.55 315.1 307.29 319.08 323.83 331.82 335.18 331.61 330.92 334.01 331.14 326.28 325.58 324.43 316.42 305.56 316.74 321.47 319.78 315.6 314.94 318.11 327.28 323.46 329.65 329.78 326.62 337.98 342.56 348.58 350.98 354.62 353.05 358.1 360.74 358.04
-9999 -9999 -9999 -9999 -9999 -9999 -9999 -9999 249.0161 253.86 262.73 271.95 282.13 286.76 288.84 295.66 302.63 308.24 310.2 312.99 311.67 310.07 286.42 256.69 269.84 284.42 299.39 293.03 301.39 308.02 309.07 308.33 317.97 321.65 319.57 322.63 325.46 322.43 322.4 325.01 328.13 345.03 345.82 339.23 339.34 330.42 330.31 333.1 332.8 326.65 313.65 301.78 300.87 304.5 302.31 310.11 323.71 331.47 339.02 339.2 344.16 349.37 344.58 344.81 351.05 355.29 357.45 353.57 357.72 357.22 359.58 367.09 367.42
-9999 -9999 -9999 -9999 -9999 -9999 -9999 252 253.2527 259.93 268.92 277.85 287.58 290.09 296.98 305.22 308.38 310.97 311.19 309.04 307.73 282.79 237.76 256.61 296.54 315.12 317.61 305.05 301.98 306.29 304.18 307.58 311.54 315.29 318.91 320.86 313.02 322.54 327.74 344.17 351.66 350.2 342.55 339.99 327.7 305.54 312.27 331.28 326.74 309.99 304.84 304.88 305.23 315.24 317.34 325.4 330.6 327.13 323.3 329.68 351.83 355.49 356.79 359.77 364.29 360.93 361.01 358.43 358.54 363.85 364.4 368.21 368.59
-9999 -9999 -9999 -9999 -9999 -9999 -9999 253 257.17 265.35 274.33 284.49 293.8 295.47 300.76 308.64 309.81 311.79 311.79 305.84 301.23 288.88 256.11 264.43 314.89 323.64 320.2 317.27 309.49 301.47 300.67 298.07 307.78 314.22 312.69 324.57 331.76 341.6 347.03 352.46 358.24 352.88 348.96 342.57 308.76 294.42 315.78 322 312.75 303.23 292.17 299.53 309.13 328.79 323.43 325.44 347.12 360 355.01 351.46 352.74 356.9 364.94 369.66 366.1 363.69 365.46 362.9 362.37 367.08 369.8 371.72 368.49
-9999 -9999 -9999 -9999 -9999 -9999 -9999 253.7123 261.06 270.91 280.03 289.86 299.22 301.91 305.58 307.57 310.19 307.54 295.98 281.94 277.92 302.33 312.04 318.16 322.31 322.14 326.91 326.38 322.6 319.53 330.65 334.99 316.59 333.81 342.71 348.24 352.29 348.88 356.78 360.65 362.91 364.12 346.34 320.42 337.33 321.29 296.39 299.25 304.86 336.34 324.13 332.18 353.51 364.78 358.77 371.65 368.3 364.34 359.79 357.05 365.8 372.61 373.06 369.41 366.65 367.19 369.41 365.71 368.09 369.03 371.35 372.85 371.41
-9999 -9999 -9999 -9999 -9999 -9999 -9999 259.9714 265.7386 274.23 283.34 292.65 299.37 303.81 308.23 298.63 292.27 289.85 292.24 287.44 296.45 312.62 311.69 311.96 318.17 325.92 335.1 335.89 334.95 339.33 344.62 344.54 343.21 349.82 356.96 357.17 355.69 355.91 361.44 363.87 365.02 360.31 346.26 347.23 334.48 350.04 353.59 357.13 364.59 375.88 376.48 376.59 375.03 372.05 371.55 369.65 360.76 357.06 370.37 374.44 376.75 375.17 372.43 370.57 370.75 372.87 370.98 371.94 373.14 370.58 375.66 375.62 370.95
-9999 -9999 -9999 -9999 -9999 -9999 -9999 260.6667 267.32 276.3 285.16 288.75 293.65 300.57 284.73 277.13 289.23 299.37 302.07 308.44 315.86 304.66 316.29 311.23 330.07 337.45 338.57 341.08 338.92 337.56 341 351.03 354.76 359.75 361.14 360.38 361.68 365.17 368.66 370.09 367.95 364.92 363.21 362.35 363.53 373.43 376.26 380.22 380.5 381 380.64 379.73 378.56 378.2 376.79 373.03 375.25 378.56 379.23 378.99 378.32 377.1 375.41 375.36 376.48 377.93 376.51 378.58 376.04 377.63 379.48 377.37 376.05
-9999 -9999 -9999 -9999 -9999 -9999 257.2353 261.25 268.52 276.91 284.82 284.77 293.22 296.65 289.81 296.8 305.68 305.9 301.23 303.31 305.2 315.26 332.31 333.19 336.19 341.59 343.28 346.37 346.55 347.63 351.42 355.29 353.95 359.84 362.46 364.68 366.85 369.64 371.18 368.66 366.62 369.59 374.67 378.41 380.04 381.12 381.61 381.98 382.85 382.58 382.4 382.17 381.68 380.89 379.38 381.34 381.69 381.69 381.44 379.55 377 377.27 379.16 380.99 381.82 381.1 381.55 382.84 382.26 380.67 376.38 373 371.55
-9999 -9999 -9999 -9999 -9999 -9999 257.0317 263.88 269.37 276.1 284.02 287.12 294.2 296.15 300.63 306.58 305.32 300.92 299.55 295.03 314.65 329.63 336.95 338.2 340.13 344.35 351.43 352.59 353.68 351.89 354.43 357.32 360.05 360.67 363.8 365.46 366.23 367.71 366.36 364.25 369.07 373.79 378.79 381.24 381.98 382.3 383.22 380.84 383.76 383.85 383.04 380.68 383.37 382.85 383.81 382.78 378.72 380.38 382.7 384.14 383.48 383.4 383.52 384.74 383.73 383.27 384.02 383.9 383.07 381.58 378 375.59 374.36
-9999 -9999 -9999 -9999 -9999 252 256.0408 264.6 270.73 275.57 279.91 287.43 295.73 297.63 304.26 308.28 311.93 311.61 306.76 308.7 324.94 333.02 336.86 339.14 345.54 351.82 352.9 354.69 353.07 356.15 357.51 358.88 361.6 364.64 366.69 366.37 366.73 366.11 369.82 373.85 375.35 377.72 377.94 379.06 380.21 383.52 381.48 380.43 384.04 383.34 383.12 383.04 386.1 383.47 383.94 382.66 378.94 379.85 381.17 380.44 381.62 385.62 382.73 379.48 379.8 378.17 377.37 379.55 380.81 380.6 381.28 380.61 378.17
-9999 -9999 -9999 -9999 -9999 250.7679 256.11 263.71 271.17 274.93 280.91 290.3 298.01 301.6 302.97 310.32 311.3 314.92 316.62 324.46 332.42 334.8 340.74 345.27 347.51 348.52 351.14 354.49 354.35 357.28 361.33 362.71 361.3 362.34 364.99 369.36 374.04 373.6 372.99 373.07 374.69 377.01 376.53 376.53 373.96 373.57 374.88 378.04 376.88 376.41 378.1 381.59 380.9 380.3 375.13 376.7 376.18 376.89 375.15 377.22 377.96 380.2 377.97 375.92 378.74 376.01 376.79 377.96 378.53 378.78 380.58 380.29 380.15
-9999 -9999 -9999 -9999 -9999 251.4268 258.6 263.85 268.02 269.37 281.01 290.52 298.48 305.03 306.86 312.09 313.24 314.35 318.76 327.99 334.51 339.11 343.68 344.74 346.4 349.57 353.2 352.43 356.95 359.56 360.17 360.94 361.33 362.31 363.19 367.92 371.89 374.61 375.8 376.5 377.88 379.57 379.2 379.46 378.51 377.54 375.21 373.04 372.76 366.72 372.71 372.84 378.44 380.1 369.35 369.93 368.21 369.71 368.83 371.13 371.9 377.46 377.48 375 374.03 375.55 375.95 377.12 378.87 379.28 381.45 380.59 380.56
-9999 -9999 -9999 -9999 247.4063 252.2424 258.94 259.26 262.97 271.05 278.6 294.27 301.19 306.9 309.56 312.92 317.37 320.92 325.41 329.53 335.55 336.49 340.39 341.88 346.5 347.94 350.3 349.59 352.48 358.54 363.51 363.88 364.2 366.29 367.21 368.64 370.71 376.21 376.57 378.56 380.83 380.81 380.44 379.85 378.97 377.47 377.93 377.18 365.1 364.79 362.85 373.98 374.06 380.06 378.77 372.36 371.35 371.21 361.9 373.23 364.71 368.09 369.69 371.76 371.34 372.18 375.43 380.31 381.22 382.02 382.41 382.39 382.26
-9999 -9999 -9999 240.381 247.31 253.26 257.43 261.73 269.74 280.87 289.17 297.17 303.68 307.79 313.48 318.48 322.71 326.94 327.52 330.35 332.15 335.22 338.09 339.78 339.63 343.88 347.69 350.29 350.29 354.9 361.71 364.9 367.29 369.96 371.03 372.05 372.55 373.02 375.76 377.34 380.73 381.46 381.32 379.46 378.54 369.62 375.02 376.05 367.79 362.09 376.72 382.14 383.89 383.44 387.35 385.78 386.3 383.26 378.71 381.21 377.51 378.94 381.1 382.32 372.22 366.87 371.54 377.04 380.43 381.02 383.14 383.72 384.25
-9999 226.1429 232.6719 241.1744 248.42 255.26 260.95 270.81 277.79 284.63 292.74 299.66 304.38 305.98 311.54 316.22 321.19 323.34 326.16 330.16 333.99 336.18 337.68 338.56 333.55 330.81 337.71 343.9 349.92 354.42 357.65 360.81 366.27 365.75 369.31 373.26 375.1 376.02 376.94 377.6 379.68 380.21 379.76 380.94 381.08 374.77 373.12 375.75 379.83 381.61 384.23 390.02 388.02 391.44 391.7 391.75 390.31 387.66 384.55 380.27 377.65 376.1 383.42 380.77 377.69 378 375.09 378.24 381.09 380.05 377.87 382.77 386.26
-9999 228.8462 234.78 243 251.18 258.56 266.4 274.91 281.43 288.35 295.83 301.35 304.24 308.04 311.99 315.91 320.27 325.16 328.91 331.86 336.54 338.47 340.78 342.05 339.24 329.19 333.57 347.94 357.17 358.87 361.94 366.69 369.24 368.65 371.87 372.69 373.13 377.52 377.32 376.63 378.75 380.42 380.34 384.27 388.25 386.8 390.25 390 391.17 387.26 388.65 393.7 393.51 394.73 388.1 390.67 391.41 388.23 388.52 387.39 386.93 389.83 390.64 387.12 380.74 381.32 384.16 382.72 379.24 380.66 376.79 384.37 387.88
-9999 237.2778 240.26 247.51 255.25 258.76 270.76 277.95 284.83 292.34 298.42 301.5 306.14 310.1 314.11 317.31 321.98 327.31 329.05 332.61 337.57 339.67 339.9 342.95 345.61 345.78 346.89 352.22 359.83 363.43 363.76 369.4 370.67 371.51 372.69 372.85 373.93 376.23 377.32 378.46 374.94 380.18 387.66 389.34 391.35 392.02 393.88 393.55 395.4 394.75 392.81 394.16 395.36 395.42 392.12 387.43 390.2 391.07 391.81 389.7 384.96 388.63 392.99 392.42 385.65 385.19 388.2 390.11 389.44 386.37 388.35 390.45 390.32
-9999 241.7813 246.49 252.53 258.44 267 276.49 282.35 289.78 295.8105 300.15 303.83 307.82 311.18 315.18 318.99 324.34 327.17 329.99 334.58 338.11 340.52 342.35 343.5 346.78 350.05 355.05 357.95 363.07 367.66 368.66 371.83 371.7 373.26 374.29 375.63 378.52 380.13 379.43 381.82 384.73 389.64 390.93 392.9 394.6 395.11 396 396.9 397.38 397.5 395.68 396.95 394.11 393.13 393.58 390.97 387.56 392.18 392.68 388.35 386.49 388.19 389.99 392.58 389.51 388.29 392.07 393.24 392.84 393.21 392.5 391.47 390.64
-9999 245.51 251.68 257.34 263.43 271.68 282.5 288.3111 294.3218 298.43 302.2 305.89 309.67 313.87 318.11 321.46 324.92 328.05 330.95 334.12 338.16 340.83 343.65 347.22 349.45 352.04 357.01 362.04 364.55 368.38 372.51 373.32 374.83 376.36 377.28 379.32 381.32 383.43 383.52 383.92 386.99 391.18 393.2 394.69 395.71 396.68 397.13 395.06 394.61 398.67 397.59 396.81 397.97 395.72 395.28 393.38 390.82 390.49 392.91 393.93 394.67 388.91 390.17 395.08 391.85 393.99 394.66 394.46 393.97 393.59 393.38 392.17 391.32
-9999 249.2347 253.65 261.13 266.95 277.3505 288.2405 293.05 297.87 301.34 305.65 309.32 314.08 316.65 319.63 323.08 326.02 329.97 332.38 333 336.14 338.41 341.85 345.73 348.86 351.3 353.6 358.45 366.65 370.97 373.72 373.8 375.06 376.96 378.46 380.44 382.62 384.37 384.92 386.82 390.97 392.5 394.07 394.78 395.59 396.48 397.12 397.83 398.06 397.01 397.45 399.34 397.21 390.67 394.44 393.43 393.72 394.97 395.67 392.18 395.32 395.33 393.72 395.32 393.99 395.35 394.71 395.1 394.9 393.8 393.75 392.93 391.57
250.4516 252.8 257.83 267.33 279.27 285.4167 293.6173 297.22 301.15 304.05 307.3 310.57 314.16 316.66 320.67 323.44 325.61 328.59 331.24 333.23 336.28 338.48 337.91 341.28 346.28 351.19 351.45 357.61 366.96 372.08 373.66 373.14 374.19 376.75 378.64 380.87 382.56 383.74 386.36 388.97 389.97 391.37 392.99 392.49 393.92 394.42 395.26 398.09 398.1 397.66 397.73 398.86 400.4 396.76 399 397.78 395.97 394.44 392.05 391.65 395.02 396.5 393.01 393.93 396.57 396.11 395.76 395.79 394.34 393.43 392.51 389.72 389.86
250.9877 255.66 263.27 275.88 288.0107 290 298.7619 300.73 303.68 306.51 309.89 312.35 315.19 317.36 319.96 322.45 323.35 326.02 329.05 331 334.7 337.23 340.39 340.68 342.88 352.19 357.9 362.95 367.81 370.25 370.82 371.41 373.21 374.85 377.15 379.33 379.96 381.56 385.52 385.79 386.75 387.63 388.73 391.21 388.62 393.63 394.66 397.55 396.62 396.47 395.45 396.43 397.06 402.48 398.72 398.42 399.26 399.77 395.19 395.53 393.18 394.75 395.93 394.5 393.8 394.11 391.17 392.69 395.06 394.29 393.66 392.18 391.42
258.44 263.8873 272.2703 283.2987 291.4222 298.5417 300.764 303.71 306.27 308.6 310.92 313.66 316.32 319.01 320.08 320.95 321.24 323.31 326.48 329.46 333.16 337.45 338.39 342.63 348.4 351.9 360.24 363.56 365.03 367.34 368.39 369.74 371.57 373.54 375.8 378.18 378.94 380.43 383.72 386.88 386.62 385.56 385.87 389.53 390.86 392.18 394.05 393.79 393.72 392.24 393.93 396.04 400 401.64 401.79 402.75 402.47 400.85 399.27 398.28 395.18 392.21 393.25 394.95 395 392.57 389.73 390.94 395.6 394.77 392.54 392.43 391.67
-9999 -9999 282 286.8513 293.039 298.881 301.61 304.97 307.88 310.6 313.02 315.48 317.66 318.36 318.87 321.03 321.35 322.97 325.37 330.91 335.3 339.73 343.59 346 350.46 356.02 359.16 362.37 363.06 363.07 363.67 366.19 368.99 370.98 373.39 375.84 377.06 378.73 381.15 384.81 384.69 384.85 384.97 385.73 390.66 389.01 390.74 389.01 392.41 395.8 398.52 399.58 400.9 400.91 397.44 402.02 400.1 396.77 397.79 396.12 395.26 393.37 392.64 393.68 393.14 393.06 394.96 396.01 391.65 394.96 392.24 391.73 390.76
-9999 -9999 -9999 288.625 292.73 297.53 299.7071 305.6353 309.2198 312.5824 313.91 317.25 319.46 319.68 321.22 323.17 323 326.28 329.72 332.59 337.33 341.47 344.83 346.75 349.92 355.11 359.59 360.7 361.7 360.72 361.46 361.24 360.27 364.82 365.11 372.64 375.09 375.48 378.06 382.1 385.58 381.66 383.55 386.25 389.62 386.18 385.72 390 392.59 397.04 397.07 397.52 397.43 399.7 399.73 400.77 401.79 401.18 397.86 390.97 387.73 391.48 393.43 393.9 398.09 397.1 394.56 395.39 396.21 393.23 392.09 391.15 389
