layers/wordclim/past/Iberia_lig_10_ascii/bio_1.asc
ncols         166
nrows         94
xllcorner     -9.4959440078468
yllcorner     36.000324005443
cellsize      0.083333337679505
NODATA_value  -9999
[rows 0 to 31 of 94, columns 73 to 145 of 166]
-9999 -9999 -9999 -9999 -9999 -9999 -9999 -9999 -9999 -9999 -9999 -9999 -9999 -9999 -9999 -9999 -9999 -9999 -9999 -9999 -9999 -9999 -9999 -9999 -9999 -9999 -9999 -9999 -9999 -9999 -9999 -9999 -9999 -9999 -9999 -9999 -9999 -9999 -9999 -9999 -9999 -9999 -9999 -9999 -9999 -9999 -9999 -9999 -9999 -9999 -9999 -9999 -9999 -9999 -9999 -9999 -9999 -9999 -9999 -9999 -9999 -9999 -9999 -9999 -9999 -9999 -9999 -9999 -9999 -9999 -9999 -9999 -9999
-9999 -9999 -9999 -9999 -9999 -9999 -9999 -9999 -9999 -9999 -9999 -9999 -9999 -9999 -9999 -9999 -9999 -9999 -9999 -9999 -9999 -9999 -9999 -9999 -9999 -9999 -9999 -9999 -9999 -9999 -9999 -9999 -9999 -9999 -9999 -9999 -9999 -9999 -9999 -9999 -9999 -9999 -9999 -9999 -9999 -9999 -9999 -9999 -9999 -9999 -9999 -9999 -9999 -9999 -9999 -9999 -9999 -9999 -9999 -9999 -9999 -9999 -9999 -9999 -9999 -9999 -9999 -9999 -9999 -9999 -9999 -9999 -9999
-9999 -9999 -9999 -9999 -9999 -9999 -9999 -9999 -9999 -9999 -9999 -9999 -9999 -9999 -9999 -9999 -9999 -9999 -9999 -9999 -9999 -9999 -9999 -9999 -9999 -9999 -9999 -9999 -9999 -9999 -9999 -9999 -9999 -9999 -9999 -9999 -9999 -9999 -9999 -9999 -9999 -9999 -9999 -9999 -9999 -9999 -9999 -9999 -9999 -9999 -9999 -9999 -9999 -9999 -9999 -9999 -9999 -9999 -9999 -9999 -9999 -9999 -9999 -9999 -9999 -9999 -9999 -9999 -9999 -9999 -9999 -9999 -9999
-9999 -9999 -9999 -9999 -9999 -9999 -9999 -9999 -9999 -9999 -9999 -9999 -9999 -9999 -9999 -9999 -9999 -9999 -9999 -9999 -9999 -9999 -9999 -9999 -9999 -9999 -9999 -9999 -9999 -9999 -9999 -9999 -9999 -9999 -9999 -9999 -9999 -9999 -9999 -9999 -9999 -9999 -9999 -9999 -9999 -9999 -9999 -9999 -9999 -9999 -9999 -9999 -9999 -9999 -9999 -9999 -9999 -9999 -9999 -9999 -9999 -9999 -9999 -9999 -9999 -9999 -9999 -9999 -9999 -9999 -9999 -9999 -9999
-9999 -9999 -9999 -9999 -9999 131 131.3 129.6207 135.3333 -9999 -9999 -9999 -9999 -9999 -9999 -9999 -9999 -9999 -9999 -9999 -9999 -9999 -9999 -9999 -9999 -9999 -9999 -9999 -9999 -9999 -9999 -9999 -9999 -9999 -9999 -9999 -9999 -9999 -9999 -9999 -9999 -9999 -9999 -9999 -9999 -9999 -9999 -9999 -9999 -9999 -9999 -9999 -9999 -9999 -9999 -9999 -9999 -9999 -9999 -9999 -9999 -9999 -9999 -9999 -9999 -9999 -9999 -9999 -9999 -9999 -9999 -9999 -9999
127.71 127.1011 132.0185 133.4444 134.381 133.5402 132.03 127.77 130.5 130.2821 131.9636 136.0714 -9999 -9999 -9999 -9999 -9999 140.3333 130.6286 136.7027 135 -9999 -9999 -9999 -9999 -9999 -9999 -9999 -9999 -9999 -9999 -9999 -9999 -9999 -9999 -9999 -9999 -9999 -9999 -9999 -9999 -9999 -9999 -9999 -9999 -9999 -9999 -9999 -9999 -9999 -9999 -9999 -9999 -9999 -9999 -9999 -9999 -9999 -9999 -9999 -9999 -9999 -9999 -9999 -9999 -9999 -9999 -9999 -9999 -9999 -9999 -9999 -9999
119.1 118.32 118.2 126.27 125.9898 134.7273 131.21 131.67 131.05 129.47 126.28 130.6667 130.4658 135.8333 136.2459 138.1148 137.0952 137.75 133.34 123.13 127.6351 121.2368 122.8293 112.6538 113.8 -9999 -9999 -9999 -9999 -9999 -9999 -9999 -9999 -9999 -9999 -9999 -9999 -9999 -9999 -9999 -9999 -9999 -9999 -9999 -9999 -9999 -9999 -9999 -9999 -9999 -9999 -9999 -9999 -9999 -9999 -9999 -9999 -9999 -9999 -9999 -9999 -9999 -9999 -9999 -9999 -9999 -9999 -9999 -9999 -9999 -9999 -9999 -9999
116.45 114.08 120.03 124.73 123.59 120.71 129.91 130.6 127.95 121.3 121.82 123.99 123.28 124.73 123.67 124.72 132.26 123.34 124.15 110.58 123.02 117.64 109.96 108.49 106.381 -9999 -9999 -9999 -9999 -9999 -9999 -9999 -9999 -9999 -9999 -9999 -9999 -9999 -9999 -9999 -9999 -9999 -9999 -9999 -9999 -9999 -9999 -9999 -9999 -9999 -9999 -9999 -9999 -9999 -9999 -9999 -9999 -9999 -9999 -9999 -9999 -9999 -9999 -9999 -9999 -9999 -9999 -9999 -9999 -9999 -9999 -9999 -9999
103.41 118.81 118.2 123.13 121.91 122.92 123.27 124.08 114.47 119.88 122.17 122.34 119.01 118.18 118.08 121.44 123.78 111.79 105.82 105 117.24 118.58 115.66 104.5753 86 99.6 -9999 -9999 -9999 -9999 -9999 -9999 -9999 -9999 -9999 -9999 -9999 -9999 -9999 -9999 -9999 -9999 -9999 -9999 -9999 -9999 -9999 -9999 -9999 -9999 -9999 -9999 -9999 -9999 -9999 -9999 -9999 -9999 -9999 -9999 -9999 -9999 -9999 -9999 -9999 -9999 -9999 -9999 -9999 -9999 -9999 -9999 -9999
100.44 103.56 99.73 102.67 119.39 119.88 106.3 91.61 107.51 107.27 119.03 122.18 113.83 121.16 125.81 121.72 108.99 111.58 98.61 100.11 100.63 96.3 87.39 85.975 83.5 81.11905 78.82143 79.5 -9999 -9999 -9999 -9999 -9999 -9999 -9999 -9999 -9999 -9999 -9999 -9999 -9999 -9999 -9999 -9999 -9999 -9999 -9999 -9999 -9999 -9999 -9999 -9999 -9999 -9999 -9999 -9999 -9999 -9999 -9999 -9999 -9999 -9999 -9999 -9999 -9999 -9999 -9999 -9999 -9999 -9999 -9999 -9999 -9999
102.05 101.45 100.51 99.17 102.8 106.09 109.07 103.77 110.69 111.43 105.55 102.88 92.53 104.38 111.51 105.29 94.3 97.61 104.04 106.13 105.88 105.68 97.08 93.51 87.59 84.6 82.45 78.07 70.74194 66.91803 62.18 46.43103 22 -9999 -9999 -9999 -9999 -9999 -9999 -9999 -9999 -9999 -9999 -9999 -9999 -9999 -9999 -9999 -9999 -9999 -9999 -9999 -9999 -9999 -9999 -9999 -9999 -9999 -9999 -9999 -9999 -9999 -9999 -9999 -9999 -9999 -9999 -9999 -9999 -9999 -9999 -9999 -9999
102.51 99.2 96.39 102.02 100.81 99.03 101.69 110.67 115.11 115.04 113.63 111.63 110.55 100.72 102.53 101.76 100.89 90.11 103.52 113.96 111.36 106.98 103.21 96.98 94.55 89.55 78.22 85.78 76.19 74.19 66.47 46.73 40.86842 44.53333 -9999 -9999 -9999 -2.875 -9999 -9999 -9999 -9999 -9999 -9999 -9999 -9999 -9999 -9999 -9999 64.63333 53.14286 -9999 -9999 -9999 -9999 -9999 -9999 -9999 -9999 -9999 -9999 -9999 -9999 -9999 -9999 -9999 -9999 -9999 -9999 -9999 -9999 -9999 -9999
107.72 109.01 106.84 97.81 112.53 105.83 111.93 111.82 107.16 105.71 101.32 102.36 95.54 93.15 97.27 98.93 89.5 95.35 100.41 114.14 116.94 116.06 108.15 107.59 107.07 98.09 94.31 92.03 88.12 86.43 72.51 60.98 51.42 32.04301 35.85075 25.5641 33.56818 15.14141 5.626866 -2.961539 -9999 -9999 -9999 -9999 -9999 -9999 -9999 -9999 51.90909 65.47 44.96 22.47436 17.69091 35.075 32.7 -9999 -9999 -9999 -9999 -9999 -9999 -9999 -9999 -9999 -9999 -9999 -9999 -9999 -9999 -9999 -9999 -9999 -9999
98.14 99.86 94.22 98.76 115.78 117.3 116.47 111.14 110.32 108.23 100.09 104.2 105.27 103.88 103.18 106.07 112.62 116.88 112.79 114.89 108.6 108.17 101.91 101.2 106.56 111.28 101.68 95.01 89.58 91.85 85.06 81.97 78.34 62.16 52.51 22.02 34.35 50.36 16.83 29.05435 -0.5116279 3.553191 21 29.02778 9.851851 10.74074 5.175 5.175 22.84211 48.45918 57.74 42.96 31.08 23.88 38.30488 23.63492 24.95455 15.40625 -9999 -9999 -9999 -9999 -9999 -9999 -9999 -9999 -9999 -9999 -9999 -9999 -9999 -9999 -9999
107.93 106.63 105.26 103.05 107.85 112.19 115.93 108 99.56 97.29 102.97 104.13 104.12 106.69 115.41 115.01 113.59 118.89 122.1 121.3 112.75 109.01 97.78 98.57 105.12 111.51 103.35 96.87 101.34 101.08 101.97 91.12 83.96 81.04 76.81 63.26 58.42 66.97 48.85 57.82 36.6 27.03 42.83 55.78 28.69 28.68 13.18 41.25 1.61 11.47 21.21 18.67 17.1 31.87 64.19 43.84 43.12 17.86598 8.777778 -9999 -9999 -9999 -9999 -9999 -9999 -9999 -9999 -9999 -9999 -9999 -9999 -9999 -9999
97.89 101.24 101.88 104.08 112.11 116.54 117.75 119.46 118.87 117.41 118.21 116.74 116.14 118.48 121.42 120.65 122.28 122.6 125.05 124.43 118.46 113.77 105.06 110.2 116 114.59 112.62 102.13 97.37 89.24 96.26 98.92 88.87 88.29 81.1 83.51 84.95 70.46 59.15 67.91 63.18 68.37 83.57 73.05 36.5 42.55 60.22 38.76 29.87 42.25 37.58 28.38 12.51 17.51 60.41 74.42 58.94 33.89 38.08 -9999 -9999 -9999 -9999 -9999 -9999 -9999 -9999 -9999 -9999 -9999 -9999 -9999 -9999
96.81 96.68 101.74 105.54 108.28 112.41 112.63 115.82 119.73 118.32 121.14 123.98 124.31 125.69 125.56 123.65 124.63 125.11 123.31 125.46 121.86 122.78 115.13 112.96 114.62 104.42 99.74 95.84 94.67 86.69 85.12 93.5 91.33 91.76 86.72 89.13 88.98 77.04 69.91 67.54 83.74 84.9 97.63 80.37 68.6 69.41 68.78 55.94 65.9 75.78 58.42 28.81 34.85 38.1 70.7 63.03 49.91 48.06 70.46809 31.74194 22.33333 25.2 38.46067 71.09259 81.58823 -9999 5 6.5 23.5625 -9999 -9999 -9999 -9999
87.36 89.89 94.96 90.2 90.66 99.17 103.58 114.5 112.63 102.33 111.74 115.79 119.07 119.08 122.47 124.54 127.43 127 124.46 127.31 126.58 126.04 124.22 122.06 121.12 115.36 104.81 100.73 95.69 90.76 88.93 94.55 96.8 87.91 86.85 85.83 81.46 81.17 77.18 73.78 74.56 88.5 100.83 102.42 96.89 87.34 79.7 69.6 64.8 77.82 76.78 72.93 78.05 71.74 80.27 50.84 64.83 86.07 93.17 77.64 72.57 77.71 82.54 81.04 65.87671 41.60606 36.35 36.88 57.6 72.6 84.65714 93.6 110.1818
84.44 78.77 78.26 76.11 85.97 75.97 87.92 103.7 93.27 87.15 96.59 95.52 93.05 102.45 99.7 115.37 125.07 128.25 128.18 128.28 128.7 125.36 122.69 122.75 121.94 119.29 114.34 109.78 105.61 103.01 98.81 104.86 104.44 97.31 86.63 78.1 76.71 75.02 65.76 73.42 78.24 87.23 101.52 107.24 93.41 99.59 85.68 94.85 82.18 93.64 84.85 74.67 94.49 96.3 68.09 62.23 75.94 101.06 84.21 63.12 52.65 52.51 67.54 65.1 62.63 69.77 81.21 75.41 78.24 98.48 111.98 115.7 115
75.15 71.21 63.27 63.97 66.98 64.07 80.39 86.2 82.41 93.77 86.77 93.62 84.72 97.09 100.81 110.09 117.96 119.99 127.97 130.99 131.17 127.57 127.57 127.45 123.76 122.72 120.79 120.15 115.56 110.88 107.74 111.21 112.43 111.01 109.59 104.88 100.74 95.58 97.63 98.67 92.88 96.17 96.71 108.37 101.18 110.74 104.88 97.5 93.72 103.98 90.64 102.12 111.16 88.54 66.1 80.33 99.27 95.38 72.35 60.77 60.18 67.78 74.7 95.88 85.76 91.63 100.22 106.99 100.17 106.46 127.41 129.35 136
90.94 85.08 83.03 81.29 77.07 84.65 81.43 70.88 77.21 82.69 76.89 72.62 80.47 89.17 90.18 98.23 104.49 106.94 122.73 127.9 128.04 130.3 129.2 125.25 122.68 126.38 126.67 126.01 123.48 119.8 117.54 118.74 117.93 114.77 112.34 113.25 112.39 107.13 108.71 110.72 108.55 111.2 110.72 116.79 108.81 109.93 100.18 100.97 99.18 108.6 98.38 116.95 115.21 111.25 90.43 87.41 103.67 92.26 82.42 77.57 92.98 87.64 75.9 109.07 105.66 107.17 106.19 114.36 99.95 99 123.6 120.78 130.78
95.06 94.7 86.95 71.18 66.81 65.87 58.68 63.04 62.59 63.5 65.35 74.41 83.55 80.5 87.16 93.33 106.75 115.61 119.29 122.75 128.54 130.97 131.44 127.98 121.09 122.02 129.65 125.11 117.97 115.5 117.64 123.04 119.93 120.16 116.69 118.44 117.6 112.36 113.19 116.03 115.67 118.31 121.6 123.71 105.41 102.11 101.55 109.79 106.02 96.8 94.33 112.43 92.99 98.93 103.19 111.85 120.52 114.59 110.08 109.16 106.45 103.96 112.9 124.34 118.6 117.73 113.72 119.19 125.71 113.27 105.76 124.66 134.32
87.27 95.32 92.57 89.57 87.27 81.03 70.11 75.66 67.64 76.9 77.81 84.59 78.93 77.45 84.46 92.69 103.61 108.63 111.61 113.1 124.51 126.28 130.08 133.63 132.04 131.36 130.87 125.82 118.1 109.91 116.55 126.57 123.88 118.47 118.91 122.74 123.35 119.33 118.5 121.22 119.11 123.92 126.39 127.06 121.39 116.26 109.53 110.81 114.44 105.63 112.81 116.56 104.87 120.66 124.84 123.61 121.4 116.22 108.89 115.76 123.42 123.17 121.88 129.02 124.49 125.63 119.41 123.54 130.2 124.81 121.01 124.13 138.47
92.96 91.07 91.88 90.42 87.62 86.74 87.06 89.95 91.32 92.63 91.39 94.67 94.01 87.93 85.44 91.14 95.64 95.75 102.7 110.66 116.18 114.93 121.63 130.79 132.62 134.93 133.21 122.82 118.32 118.33 122.6 129.75 126 119.7 114.61 121.6 124.21 126.8 126.41 125.52 120.07 126.56 132 130.07 128.81 126.8 125.28 125.35 121.46 119.59 122.36 127.95 127.09 130.66 126.85 129.3 127.82 121.13 116.62 113.88 122.79 131.2 129.69 135.45 133.03 127.14 113.01 122.2 123.88 118.06 111.72 121.54 136.23
100.49 98.57 94.75 93.18 93 90.18 90.05 90.57 90.64 90.84 96.23 97.6 95.82 92.66 90.77 91.84 91.35 90.77 70.77 80.1 106.41 113.63 120.39 125.25 129.23 132.99 135.86 135.08 130.77 126.71 131.27 133.68 127.8 122.44 113.98 116.88 123.33 127 130.09 128.66 128.49 132.76 135.03 131.22 134.96 136.65 136.63 132.84 135.03 135.29 137.82 137.57 135.62 133.97 132.87 129.15 127.09 126.11 124.41 118.34 118.44 127.51 138.74 140.56 138.1 127.02 118.22 119.96 115.49 103.89 108.32 137.35 144.56
103.19 101.46 100.28 98.44 98.15 95.5 97.41 95.05 91.93 94.11 95.91 97.68 99.22 97.96 95.91 95.85 92.18 85.09 80.61 75.54 86.44 101.5 108.36 119.98 126.29 129.65 133.78 135.86 138.66 138.32 137.27 137.27 128.17 122.69 117.46 113.86 115.45 121.88 129.51 132.61 133.68 136.32 138.46 136.23 139.23 140.23 135.76 133.68 140.31 142.03 142.32 141.38 140.22 138.02 135.25 131.37 126.94 121.01 118.74 121.09 123.68 130.75 142.35 144.12 131.55 126.03 124.31 130.55 132.1 131.29 141.74 147.07 146.99
104.36 104.13 103.99 100.59 102.03 100.33 100.11 99.57 100.54 99.19 97.04 98.02 101.25 100.4 97.49 96.51 93.23 90.96 89.29 93.81 98.67 108.76 110.07 115.48 126.91 131.39 128.12 125.69 131.73 137.05 139.2 141.08 137.11 132.08 131.51 128.25 120.95 117.65 122.48 125.32 123.28 130.9 136.55 140.35 142.2 140.06 139.78 142.26 145.12 144.17 143.02 141.2 139.56 137.81 134.17 127.8 123.37 120.44 122.43 129.86 131.61 131.34 131.3 145.04 129.73 134.19 142.48 149.75 150.28 148.08 142.49 144.697 147.3158
102.41 104.36 104.97 105.82 105.14 102.35 103.09 103.99 101.72 100.64 99.25 100.79 97.85 95.73 97.37 98.37 94.03 96.08 96.45 98.56 97.86 111.74 118.4 120.51 129.02 130.98 126.37 118.82 126.05 127.24 128.73 134.7 138.25 140.66 138.46 135.12 132.03 129.14 126.59 130.68 131.9 131.99 135.3 135.46 141.49 143.65 146.03 147.13 145.23 142.99 141.73 140.17 136.93 132.28 126.51 120.12 116.42 118.46 121.95 131.47 137.41 138.15 141.79 150.09 148.36 149.76 154.17 156.25 151.05 150.1064 151.449 154.6667 -9999
99.26 100.81 99.27 100.51 101.56 102.03 102.73 101.86 101.76 102.91 103.19 100.76 96.44 96.15 102.87 101.64 100.7 100.19 103.5 108.07 105.26 103.16 119.98 121.27 126.68 128 123.41 122.99 122.67 116.85 120.13 125.92 132.27 137.64 141.99 140.88 135.81 131.6 131.41 132.88 134.1 137.44 138.9 138.52 137.23 148.7 146.99 144.26 141.41 137.34 133.7 131.49 130.58 125.82 125.98 127.69 122.67 122.48 119.53 124.05 134.15 145.57 150.32 151.49 155.35 155.82 154.23 156.9255 155.0909 157.4 -9999 -9999 -9999
98.9 95.16 92.56 91.95 90.51 91.29 96.6 98.79 96.01 96.51 98.11 99.47 98.94 102.22 107.64 106.37 104.15 105.12 104.75 113.6 112.5 118.15 106.48 104.23 104.65 115.73 120 116.3 117.79 111.74 119.9 129.2 133.51 138.55 140.24 142.37 139.67 134.53 133.82 134.25 135.09 137.96 143.83 140.44 143.52 142.92 139.97 137.72 134.03 129.16 125.98 123.17 119.06 122.19 127.2 134.99 133.6 133.65 124.68 132.45 144.99 148.94 147.37 140.59 151.03 159.03 158.6596 160.1304 -9999 -9999 -9999 -9999 -9999
83.92 83.98 82.81 83.99 85.42 89.7 93.07 94.56 95.75 94.97 95.08 95 98.64 105.76 108.72 110.73 111.26 112.49 110.68 112.25 114.37 115.36 107.57 99.59 98.38 102.26 109.85 108.57 108.93 110.37 116.63 124.5 129.89 134.09 137.25 140.07 143.59 143.88 144.57 145.14 146.75 147.58 145.29 140.36 140.44 142.74 141.99 146.16 142.84 134.06 120.99 117.01 112.25 108.12 124.88 143.91 144.65 143.27 141.38 148.21 151.88 150.35 153.25 146.1225 152.5926 161.75 162 -9999 -9999 -9999 -9999 -9999 -9999
69.05 75.59 80.73 78.01 85.34 96.16 95.57 98.99 100.69 93.47 93.55 93.74 98.26 103.23 105.73 104.05 101.17 102.05 105.45 108.47 102.37 103.39 106.52 100.52 98.33 98.13 97.35 99.37 104.12 109.25 115.25 118.66 123.69 130.95 135.85 139.2 140.79 140.92 142.7 144.94 145.65 145.15 141.8 145.39 145.81 145.47 142.05 152.45 148.21 139.74 140.79 133.02 127.79 136.79 142.91 151.67 150.24 150.66 150.5918 156.1772 155.4545 158.4091 159.4783 153.3333 -9999 -9999 -9999 -9999 -9999 -9999 -9999 -9999 -9999
