layers/wordclim/past/Iberia_lig_10_ascii/bio_1.asc
ncols         166
nrows         94
xllcorner     -9.4959440078468
yllcorner     36.000324005443
cellsize      0.083333337679505
NODATA_value  -9999
[rows 32 to 63 of 94, columns 0 to 72 of 166]
-9999 -9999 -9999 -9999 -9999 -9999 -9999 -9999 -9999 140.75 139.3118 140.49 139.53 136.83 135.6 138.43 135.58 132.33 133.94 129.81 137.81 133.71 132.98 134.14 130.93 133.3 134.61 134.84 141.88 129.19 125.75 129.05 127.48 122.21 116 115.59 114.72 112.97 111.71 111.95 113.43 114.04 112.45 112.04 111.75 111.39 110.94 109.86 110.2 111.7 113.52 113.3 113.77 113.81 114.3 114.89 113.03 113.43 111.14 112.71 113 111.34 110.31 110.73 109.23 105.34 101.23 99.63 97.63 91.68 79.92 70.1 72.78
-9999 -9999 -9999 -9999 -9999 -9999 -9999 -9999 -9999 -9999 140.1429 137.54 140.72 139.62 138.61 132.77 117.76 121.54 106.02 109.65 123.58 118.19 121.7 119.13 116.89 119.44 126.86 128.29 139.44 136.53 135.7 133.82 132.57 122.93 117.62 116.68 114.69 113.96 112.09 111.65 112.12 112.34 112.8 113.38 113.37 113.06 112.17 110.82 109.5 110.09 111.84 112.24 112.39 112.19 113.07 112.52 111 112.21 110.02 110.38 110.43 108.88 110.53 108.58 105.51 101.34 95.66 79.34 77.64 77.56 95.26 95.13 80.86
-9999 -9999 -9999 -9999 -9999 -9999 -9999 -9999 -9999 -9999 141.2907 136.82 134.62 133.43 133.35 132.16 125.49 111.45 103.46 107.65 108.03 107.57 115.74 124.29 115.96 110.85 119.77 131.57 135.95 128.72 127.77 130.77 123.01 120.6 118.98 118.46 116.29 113.49 113.38 113.49 111.67 111.17 113.16 113.3 112.97 112.94 113.2 113.21 113 111.19 110.71 110.28 109.82 109.94 110.18 109.63 110.53 111.12 109.43 108.15 107.11 108.42 109.36 109.12 104.13 97.49 74.77 65.03 83.75 96.85 102 103.99 98.03
-9999 -9999 -9999 -9999 -9999 -9999 -9999 -9999 -9999 143 142.7143 139.01 135.14 128.82 115.04 115.7 118.65 127.93 126.22 122.64 115.88 113.16 113.22 117.76 114.85 112.37 120.36 130.88 132.12 125.04 120.92 123.49 125.09 119.45 117.33 116.78 116.93 116.09 116.44 115.69 114.27 113.37 113.43 112.23 111.36 111.28 110.41 110.81 112.25 111.56 109.76 108.99 106.81 106.75 108.02 108.91 110.11 110.19 108.3 105.37 103.81 105.56 106.25 105.18 98.39 89.84 63.13 87.59 79.18 86.5 101.68 109.75 114.49
-9999 -9999 -9999 -9999 -9999 -9999 -9999 -9999 -9999 143 144.0112 142.4 138.07 123.49 129.03 124.03 125.69 135.84 132.95 127.17 122.8 121.38 121.45 119.18 118.92 114.49 122.49 128.56 126.81 128.75 122.84 119.53 121.57 121.86 117.91 115.97 115.89 117.29 116.07 115.47 114.65 112.27 111.32 109.3 107.81 106.13 106.71 111.91 110.85 110.49 109.86 107.69 104.81 102.57 103.3 106.4 104.69 106.87 104.59 102.23 99.55 99.94 100.14 92.47 72.02 70.47 61.03 71.78 95.8 109.44 113.48 119.76 117.65
-9999 -9999 -9999 -9999 -9999 -9999 -9999 -9999 -9999 143.1081 144.6956 143.85 142.32 139.61 130.14 132.72 129.52 134.38 129.93 128.41 131.04 130.92 130.09 126.46 125.4 127.03 127.62 125.67 121.91 122.2 122.53 118.12 119.58 120.23 120.72 115.65 115.55 117.47 116.03 113.91 112.75 112.08 108.73 105.54 104.54 108.6 112.16 111.44 109.8 107.99 105.93 102.55 96.5 96.44 94.35 93.17 93.87 98.84 97.24 96.1 87.7 89 85.01 83.66 89.16 100.16 102.2 109.16 111.87 108.93 119.08 124.83 120.24
-9999 -9999 -9999 -9999 -9999 -9999 -9999 -9999 143.8 143.7973 144.2577 145.93 146.5 141.72 134.45 123.2 119.59 134.39 136.63 136.83 135.79 132.52 128.76 131.46 134.42 131.11 127.2 113.78 116.12 119.09 117.93 117.86 118.16 121.77 123.71 122.9 119.27 114.99 113 110.51 107.84 105.03 107.04 109.6 109.78 110.16 110.26 108.93 105.96 101.09 96.07 93.35 86.44 85.98 88.27 92.34 97.79 98.77 94.74 90.1 85.96 82.74 85.15 80.67 100.6 113.3 108.18 110.71 121.16 123.56 127 128.13 122.3
-9999 -9999 -9999 -9999 -9999 -9999 -9999 -9999 144.6452 144.84 145.13 147.29 148.66 146.03 134.08 120.64 140.49 141.66 142.32 138.94 139.06 137.77 137.87 131.97 112.41 106.82 112.69 112.68 114.84 116.86 118.88 115.56 118.75 122.83 122.88 123.26 121.03 110.74 104.44 95.26 104.05 106.37 112.84 114.15 109.5 107.75 109.84 106.04 100.66 99.14 97.95 89.19 78.04 88.9 93.86 92.24 87.68 87.16 91.13 100.79 97.1 104.03 103.77 100.04 112.47 117.13 122.59 125.01 128.22 125.36 127.98 128.67 125.55
-9999 -9999 -9999 -9999 -9999 -9999 -9999 -9999 146 145.86 146.63 147.45 149.85 145.32 139.74 141.93 144.46 145.94 144.3 143.31 139.37 135.74 116.28 93.57 101.83 110.5 119.43 112.99 116.78 119.66 118.14 115.22 120.81 121.43 117.2 117.76 117.84 112.73 110.82 111.2 112.05 126.76 125.62 117.78 116.15 106.67 105.21 107.1 105.82 99.43 85.55 73.29 71.81 75.07 72.5 80.08 94.46 102.88 110.67 111.16 116.43 121.5 116.77 117.28 123.49 127.62 129.86 125.9 129.34 128.09 128.31 132.2 131.12
-9999 -9999 -9999 -9999 -9999 -9999 -9999 148 146.9231 147.21 147.96 148.14 150.66 144.77 145.73 150.23 149.02 147.47 144.52 139.46 135.83 115.45 77.35 92.72 120.36 132.08 132.25 121.4 116.99 117.9 114.19 114.26 115.02 115.8 116.26 115.5 106.41 112.46 115.17 128.86 134.12 131.25 121.54 117.63 104.45 81.41 87.05 104.17 98.89 81.55 75.68 75.11 74.82 84.87 86.34 94.68 100.16 95.99 92.14 99.34 121.79 125.62 127.2 130 134.46 131.34 131.31 128.41 128.55 132.66 131.03 131.98 131.63
-9999 -9999 -9999 -9999 -9999 -9999 -9999 147.9667 147.19 147.81 148.26 150.5 152.41 146.51 147.25 151.55 148.87 146.99 144.25 136.66 130.61 119.61 91.76 97.14 133.65 138.24 133.75 129.87 122.29 113.93 110.94 106.08 111.37 114.36 110.42 118.31 122.4 129.6 132.51 135.99 140.17 132.8 127.33 119.34 85.18 69.86 89.26 94.05 84.05 73.59 61.98 68.04 77.47 96.85 91.03 93.11 115.04 128.4 123.38 119.26 120.87 125.24 133.06 137.71 134.4 131.5 132.92 130.47 129.77 132.94 134.12 134.87 130.65
-9999 -9999 -9999 -9999 -9999 -9999 -9999 145.7534 147.84 150.92 152.38 154.12 154.55 149.95 150.04 148.4 148.02 142.99 130.65 117.79 112.62 129.09 134.74 137.34 138.7 136.81 138.5 136.3 131.77 127.39 133.97 135.71 117.94 130.26 136.02 139.19 140.87 135.49 141.19 143.4 143.96 143.54 123.93 97.28 111.86 95.02 69.14 70.93 74.85 105.61 92.32 99.83 121.27 132.67 126.59 139.55 135.58 131.35 125.78 122.95 132.39 138.85 139.27 135.36 132.09 132.31 134.78 130.89 132.41 132.6 134.17 134.76 132.03
-9999 -9999 -9999 -9999 -9999 -9999 -9999 150.4 151.0682 151.75 153.32 154.58 151.03 150.44 151.83 140.5 132.12 127.74 127.18 121.51 126.33 136.66 134.03 132.25 135.01 139.35 144.69 143.37 140.88 142.65 145.04 143.17 140.07 143.98 148.6 146.92 143.26 141.39 145.22 145.7 145 138.7 122.85 122.13 108 122.45 124.92 127.3 134.38 145.51 145.48 145.26 142.61 138.97 137.59 135.23 125.58 121.1 135.36 139.73 141.42 139.46 136.43 133.8 133.68 136.04 133.95 134.15 135.16 132.14 136.62 135.51 130.2
-9999 -9999 -9999 -9999 -9999 -9999 -9999 150.1333 149.86 152.06 154.14 148.45 146.11 148.03 131.6 122.11 129.3 135.12 134.65 137.59 141.16 130.06 137.1 131.34 143.54 147.86 147.06 147.14 143.54 140.7 141.46 148.2 149.91 152.79 151.98 149.02 148.62 149.8 151.81 151.29 147.17 142.26 138.8 136.14 136.21 145.5 147.7 150.87 150.59 149.81 148.96 146.77 144.97 144.02 141.8 137.42 138.99 142.66 143.19 142.24 141.15 139.61 136.99 136.21 137.5 139.08 136.7 138.99 136.17 137.28 138.9 136.05 134.37
-9999 -9999 -9999 -9999 -9999 -9999 150.1176 150.12 149.34 151.28 152.35 143.94 146.56 145.34 135.72 138.32 142.8 140.45 133.86 133.11 132.5 138.02 149.65 147.82 147.91 150.8 150.54 151.29 149.44 148.52 150.07 151.35 148.15 151.91 152.28 152.27 152.71 153.82 153.27 148.42 144.66 145.83 150.18 152.56 152.8 153.1 152.14 151.85 151.46 150.48 149.23 148.1 147.1 144.9 142.91 144.8 144.39 144.25 143.61 140.5 137.66 137.48 138.54 140.39 141.21 139.36 139.8 141.52 140.58 138.24 133.2 129.31 126.84
-9999 -9999 -9999 -9999 -9999 -9999 150.7778 152.27 149.46 149.2 150.87 146.89 148.61 145.26 145.53 147.25 142.52 136.23 132.28 126.26 139.72 149.76 153.36 151.48 150.53 152.61 157.72 156.71 155.46 151.74 152.18 152.85 153.16 151.74 152.86 152.14 150.79 150.52 147.03 142.79 146.11 149.3 153.36 154.5 153.72 153.18 152.07 148.62 150.65 150.16 147.82 144.85 146.8 145.72 146.59 144.17 139.17 140.81 142.49 144.1 143.07 141.63 141.42 142.74 140.7 139.58 140.45 140.5 139.06 137.26 133.4 129.99 128.15
-9999 -9999 -9999 -9999 -9999 149.5714 149.7041 151.75 150.93 148.12 145.69 147.57 151.25 147.32 149.45 149.41 148.91 145.37 138.27 137.14 148.51 152.97 153.08 152.12 155.96 159.96 158.55 158.17 154.39 155.08 154.42 153.43 153.78 154.8 154.7 152.15 150.36 147.78 149.74 151.75 151.51 152.54 150.61 150.8 150.18 152.71 149.12 146.3 149.74 147.75 146.6 145.79 148.33 144.72 144.3 142.35 137.77 137.9 138.87 137.76 138.27 142.37 138.65 134.53 133.74 131.89 131.04 132.98 134.41 134.37 134.94 133.65 130.87
-9999 -9999 -9999 -9999 -9999 148.2321 147.81 149.12 150.6 147.01 147.14 151.56 154.3 152.12 148.28 152 148.44 148.6 147.07 150.94 155.64 154.87 157.27 158.87 158.05 156.18 156.53 157.57 155.2 155.57 157.33 156.25 152.54 151.45 151.92 154.48 156.86 154.23 151.86 149.71 149.52 150.26 148.06 146.26 142.23 139.77 140.3 142.12 140.1 138.08 139.58 142.29 140.5 139.45 132.39 133.78 132.61 132.31 130.42 132.14 131.81 134.26 131.5 128.2 130.77 127.89 128.25 129.09 129.93 130.49 131.73 131.67 131.9
-9999 -9999 -9999 -9999 -9999 148.9146 150.44 148.17 145.49 139.02 146.79 151.46 154.79 156.68 152.83 154.02 150.7 148.13 149.4 154.63 157.95 159.46 160.68 158.3 157.2 157.49 158.47 155.46 157.23 157.25 155.34 153.82 151.9 150.48 149.02 151.79 153.55 154.38 153.55 152.52 151.67 151.93 149.93 148.21 145.69 142.8 139.19 135.33 133.97 126.41 132.08 130.72 136.28 137.28 124.75 124.83 122.12 123.17 121.85 123.54 123.56 129.35 128.93 125.13 124.12 125.62 125.25 126.44 128.8 129.03 131.16 130.71 130.7
-9999 -9999 -9999 -9999 150.5 149.4343 149.5 139.95 137.11 140.29 143.42 155.92 158.11 159.01 156.03 154.99 155.25 155.09 156.09 156.5 159.14 156.89 157.43 155.87 157.57 156.18 155.62 152.51 152.6 155.64 157.79 155.74 153.91 153.62 152.03 151.6 151.63 154.81 153.21 153.61 154.1 152.03 150.19 147.34 145.03 141.62 140.62 138.66 124.48 123.1 120.46 130.73 130.19 135.58 133.34 126.23 124.01 123.25 113.09 123.97 114.57 117.77 118.87 120.21 119.78 120.51 123.14 128.47 129.78 130.34 130.91 131.12 131.12
-9999 -9999 -9999 149.0714 151.02 149.23 145.26 141.59 145.07 152.18 155.91 159.05 160.68 159.62 160.69 161.67 161.56 161.77 158.46 157.48 155.89 155.99 155.55 154.37 151.91 153.08 153.49 153.03 150.27 151.73 155.22 156.05 156.1 156.35 155.1 153.91 152.57 150.43 151.38 151.28 152.86 151.68 149.84 146.02 143.23 132.23 136.27 136.16 126.06 119.38 133.53 138.3 139.78 137.79 141.79 139.59 138.82 135 129.4 131.01 126.45 127.82 129.34 130.26 119.22 113.05 117.28 123.53 127.35 127.44 130.37 131.64 132.02
-9999 148.5238 147.7031 149.9651 149.87 149.61 147.89 153.05 154.56 155.4 159.24 161.44 160.68 156.72 157.66 158.51 159.55 157.39 156.73 157.48 157.97 156.88 155.47 153.7 147.19 142.49 145.06 147.37 149.65 150.74 150.78 151.16 154.12 151.33 152.39 154.35 154.28 152.85 151.58 150.52 150.89 149.26 147.16 146.35 145.12 136.6 133.27 135.15 137.8 138.57 140.4 145.93 143.3 145.7 145.26 145.26 142.08 138.48 134.37 128.4 125.29 123.34 130.49 127.12 123.74 123.47 119.6 123.33 126.67 124.95 122.83 129.09 133.01
-9999 148.3077 146.74 148.09 149.72 150.7 152.25 155.88 156.69 158.43 161.32 161.96 159.07 158.35 157.61 157.58 158.14 159.31 159.53 159.11 160.44 159.23 158.49 156.63 151.9 140.89 141.4 150.34 155.28 153.98 153.81 155.76 156.28 153.32 154.37 153.02 151.39 153.77 151.38 148.63 148.94 148.72 147.03 149.29 152.08 148.98 151.3 149.78 149.42 143.96 144.64 149.4 148.5 148.52 140 142.72 142.09 137.72 137.76 135.29 134.38 137.41 137.57 132.91 125.32 125.78 128.31 127.06 123.42 124.53 120.48 129.94 134.33
-9999 148.7778 148.62 149.4 150.18 145.47 154.18 156.19 157.99 160.97 162.46 160.22 159.93 159.84 159.36 158.73 159.82 161.57 159.49 159.83 161.47 160.21 157.42 156.95 156.68 154.25 151.9 153.19 156.74 157.28 154.65 157.67 156.83 155.48 154.32 152.46 151.59 151.74 150.7 149.97 144.43 147.96 154.42 154.17 155.26 154.06 154.66 153.04 153.84 151.81 148.56 148.47 149.57 148.4 143.52 137.67 139.63 140 140.74 136.72 130.79 134.73 139.44 137.85 129.91 129.17 131.86 134.41 134.22 130.35 133.58 136.91 136.64
-9999 149.5313 150.25 149.74 147.62 152.28 157.22 157.86 161.22 162.9474 162.01 161.18 160.28 159.88 159.81 159.98 162.02 160.94 160.45 161.8 161.78 160.77 159.68 157.12 157.17 157.09 157.96 157.18 158.71 160.07 158.32 159.26 157.15 156.74 155.62 155.01 155.85 155.36 152.55 153.3 154.05 157.99 157.71 158.05 158.49 156.99 156.66 156.41 155.64 154.07 151.33 150.9 146.87 144.79 144.01 140.55 135.72 140.2 140.53 134.58 131.53 133.25 135.08 137.02 133.15 131.64 135.28 137.22 137.68 137.86 137.6 137.34 136.83
-9999 148.9 149.88 148.74 148.2 152.44 160.3298 162.0778 163.2644 163.01 161.76 161.63 160.94 161.76 162.2 161.83 161.99 161.48 161.23 160.95 161.5 161 160.4 160.23 159.15 158.27 159.05 160.27 159.09 159.55 161.56 160.32 160.04 159.57 158.7 158.65 158.55 158.69 156.7 154.89 156.49 159.74 159.69 159.69 159.14 158.39 157.22 153.13 151.49 154.74 152.43 150.12 150.54 147.47 145.33 142.24 138.7 137.21 139.66 140.82 140.44 133.11 134.58 139.41 134.82 137.76 138.03 137.88 138.11 138.17 138.02 137.76 137.16
-9999 146.7449 144.92 146.44 146.44 154.0412 162.1899 163.82 164.05 163.68 163.49 163.94 164.74 163.9 162.9 162.93 162.76 163.11 162.38 159.44 159.01 158.09 158.21 158.29 157.93 156.93 155.22 156.33 160.79 161.53 161.86 160.82 160.69 160.51 160.09 160.13 159.93 159.91 158.42 157.89 160.64 160.85 160.41 159.41 158.26 157.62 156.77 156.04 154.88 152.36 151.54 153.09 148.72 140.42 143.83 141.46 141.55 142.22 142.21 137.67 140.88 140.04 137.94 139.78 136.95 138.77 137.55 137.87 138.46 138.45 138.05 138.01 137.19
146.6452 145.55 144.66 148.25 156.33 160.35 164.5926 164.79 164.63 164.07 163.09 163.03 162.99 162.12 163.11 162.23 161.3 161.02 160.63 159.31 158.89 157.8 153.76 153.25 154.89 156.24 153 155.33 161.26 162.89 161.82 160.08 159.62 160.64 160.67 160.75 160.09 159.07 159.58 160.71 159.78 158.92 158.78 156.24 155.66 154.93 153.8 156.09 154.26 152.8 151.06 151.7 152.46 147.01 149.07 146.44 143.53 141.5 137.39 136.34 140.41 140.98 136.57 137.81 140.14 139.41 139.3 139.11 137.33 137.17 136.82 133.33 134.86
144.3086 144.15 146.24 152.84 161.1915 164 166 165.25 164.79 164.28 164.21 163.26 162.51 161.22 160.73 159.74 157.87 157.48 157.66 156.65 156.83 156.09 155.83 152.1 151.13 157.06 159.3 161.02 162.84 161.75 159.72 158.59 158.57 158.46 158.87 158.57 157.16 156.83 158.97 156.83 155.57 154.21 153.78 154.19 149.46 153.42 152.72 154.89 152.36 150.57 148.09 147.84 148.25 153.58 148.17 147.21 147.12 147.75 141.32 140.6 137.57 139.16 139.51 137.98 137.12 136.84 133.18 135.73 138.52 138.45 138.64 137.02 136.69
150.84 151.3239 154.1216 158.1429 162.6667 166.0417 165.9775 166.29 165.65 164.35 163.31 162.91 162.34 161.74 159.55 156.89 154.54 153.77 154.4 154.77 154.7 155.96 152.97 153.86 156.6 156.51 162.17 162.53 160.39 159.84 158.17 157.52 157.5 157.53 157.43 157.75 156.58 155.5 156.89 158.49 155.46 151.95 150.41 152.25 152.07 151.45 152.14 149.89 148.91 145.26 146.32 147.57 151.31 152.74 151.55 152.46 151.62 148.42 146.41 144.52 139.83 136.06 137.01 138.2 138.56 135.59 131.6 133.75 140.33 139.15 136.99 137.94 137.21
-9999 -9999 160.5 160.7568 163.6623 165.2738 165.39 165.63 165.98 165.46 164.5 163.71 162.41 159.35 156.61 155.6 153.33 152.32 152.75 155.75 156.49 157.85 157.99 157.07 158.73 161.38 161.71 161.91 159.03 156.41 154.24 154.21 155.37 155.39 155.24 155.75 154.87 153.98 154.38 156.17 153.57 151.62 149 148.39 151.72 147.97 148.1 144.98 147.01 149.58 151.42 152.03 152.24 151.6 146.5 151.15 148.5 143.79 144.15 142 140.35 137.44 136.69 137.66 136.54 136.69 139.29 140.78 135.53 140.55 136.75 137.25 136.97
-9999 -9999 -9999 161.125 162.37 163 161.8384 165.1059 167.0989 166.7033 164.36 164.64 163.45 159.41 158.11 156.74 153.79 154.59 156.09 156.32 157.66 158.91 158.54 157.48 157.71 160.7 162.85 160.77 158.78 154.96 152.88 150.23 146.76 149.24 147.1 152.93 152.99 150.89 151.55 153.15 155.06 147.92 148.28 148.94 150.82 145.36 142.69 145.89 147.29 150.98 150.16 149.29 148.46 149.64 149.16 150.2 150.61 149.62 145.03 136.09 132.03 135.88 137.75 138.84 143.98 142.45 139.68 141.07 141.94 138.7 137.82 136.47 134.82
