layers/wordclim/past/Iberia_lig_10_ascii/bio_06.asc
ncols         166
nrows         94
xllcorner     -9.4959440078468
yllcorner     36.000324005443
cellsize      0.083333337679505
NODATA_value  -9999
[rows 34 to 67 of 94, columns 76 to 151 of 166]
-24.86 -23.72 -21.56 -24.63 -27.88 -33.32 -38.11 -39.22 -40.35 -42.31 -43.44 -46.99 -50.34 -51.52 -50.45 -47.64 -45.63 -45.43 -45.54 -41.91 -42.06 -41.9 -36.3 -42.21 -49.3 -49.4 -41.02 -33.39 -25.7 -15.65 -13.79 -13.24 -14.73 -8.46 -2.05 4.5 3.93 -1.7 -0.16 4.04 2.54 6.6 5.13 21.45 20.19 19.33 22.96 23.02 27.74 40 -9999 -9999 -9999 -9999 -9999 -9999 -9999 -9999 -9999 -9999 -9999 -9999 -9999 -9999 -9999 -9999 -9999 -9999 -9999 -9999 -9999 -9999 -9999 -9999 -9999 -9999
-17.07 -19.85 -24.52 -30.23 -32.97 -32.49 -34.71 -37.4 -40.71 -42.73 -38.71 -44.17 -45.61 -50.74 -45.64 -47.05 -49.03 -48.35 -47.81 -44.59 -43.65 -39.97 -36.76 -41.47 -43.02 -45.29 -37.86 -36.29 -31.12 -24.95 -21.68 -22.1 -16.83 -13.13 -6.41 0.91 -6.56 -9.39 -3.32 1.15 0.05 -4.41 0.88 26.33 27.54 15.22 30.0202 36.86956 -9999 -9999 -9999 -9999 -9999 -9999 -9999 -9999 -9999 -9999 -9999 -9999 -9999 -9999 -9999 -9999 -9999 -9999 -9999 -9999 -9999 -9999 -9999 -9999 -9999 -9999 -9999 -9999
-12.75 -18.3 -27 -29.67 -30.39 -28.42 -30.21 -37.8 -39.2 -37.43 -40.07 -43.35 -43.64 -45.82 -47.57 -48.43 -47.4 -51.31 -51.97 -48.1 -41.54 -38.08 -40.07 -48.78 -49.17 -46.4 -44.48 -43.04 -38.47 -39.36 -38.09 -31.78 -26.33 -20.05 -5.79 -7.18 -5.09 -11.36 -5.77 -10.35 -13.93 -20.82 6.53 31.97 33.57 33.09 39.42253 42.25 -9999 -9999 -9999 -9999 -9999 -9999 -9999 -9999 -9999 -9999 -9999 -9999 -9999 -9999 -9999 -9999 -9999 -9999 -9999 -9999 -9999 -9999 -9999 -9999 -9999 -9999 -9999 -9999
-14.35 -25.18 -26.01 -27.66 -32.23 -25.97 -23.5 -25.75 -30.12 -37.8 -48.12 -51.43 -53.66 -50.58 -51.79 -54.94 -53.82 -56.26 -53.56 -53.99 -44.13 -37.32 -42.66 -50.8 -46.42 -45.33 -46.68 -47.36 -45.1 -39.35 -38.66 -32.91 -26.87 -16.6 -13.3 -11.44 -15.26 -20.53 -18.86 -24.08 -12.12 -3.49 20.61 32.03 36.98 41.02062 42.29032 43.65116 44.6087 -9999 -9999 -9999 -9999 -9999 -9999 -9999 -9999 -9999 -9999 -9999 -9999 -9999 -9999 -9999 -9999 -9999 -9999 -9999 -9999 -9999 -9999 -9999 -9999 -9999 -9999 -9999
-19.57 -22.78 -22.56 -28.83 -31.68 -23.77 -28.41 -34.06 -39.67 -41.19 -45.56 -50.49 -54.26 -55.35 -55.45 -56.63 -59.37 -64.03 -57.75 -57.46 -51.08 -41.21 -36.28 -46.96 -44.06 -39.66 -40.23 -46.1 -44.15 -44.65 -45.1 -41.32 -40.56 -26.41 -19.32 -13.18 -16.12 -20.78 -16 -7.96 6.02 20.51 27.94 30.79 28.44681 42.19231 43.65789 44.16667 -9999 -9999 -9999 -9999 -9999 -9999 -9999 -9999 -9999 -9999 -9999 -9999 -9999 -9999 -9999 -9999 -9999 -9999 -9999 -9999 -9999 -9999 -9999 -9999 -9999 -9999 -9999 -9999
-22.01 -18.29 -24.22 -29.04 -26.96 -21.03 -29.13 -30.7 -32.88 -31.78 -35 -41.08 -48.44 -53.96 -63.68 -62.59 -65.57 -68.76 -63.41 -58.9 -54.15 -43.63 -33.99 -38.99 -42.04 -34.13 -40.55 -54.27 -45.22 -47.14 -50.49 -50.06 -51.67 -34.75 -26.95 -19.13 -18.3 -19.61 -8.9 2.44 18.86 26.67 33.61 37.07 38.04348 43.41667 45 -9999 -9999 -9999 -9999 -9999 -9999 -9999 -9999 -9999 -9999 -9999 -9999 -9999 -9999 -9999 -9999 -9999 -9999 -9999 -9999 -9999 -9999 -9999 -9999 -9999 -9999 -9999 -9999 -9999
-19.1 -20.85 -25.61 -25.01 -20.73 -20.44 -23.1 -20.86 -23.63 -25.71 -35.48 -40.2 -48.66 -55.27 -60.46 -65.33 -65.32 -68.66 -65.7 -58.37 -50.85 -43.81 -34.81 -34.97 -38.14 -32.12 -47.41 -50.95 -50.84 -54.81 -63.05 -59.48 -52.19 -45.86 -31.94 -26.14 -21.33 -15.4 2.76 15 22.17 29.18 38.45 41.8 -9999 -9999 -9999 -9999 -9999 -9999 -9999 -9999 -9999 -9999 -9999 -9999 -9999 -9999 -9999 -9999 -9999 -9999 -9999 -9999 -9999 -9999 -9999 -9999 -9999 -9999 -9999 -9999 -9999 -9999 -9999 -9999
-15.83 -20.34 -19.92 -15.02 -19.05 -18.24 -27.54 -30.57 -24.7 -30.29 -31.69 -36.07 -40.6 -52.93 -56.96 -62.56 -66.03 -66.7 -61.09 -53.42 -51.2 -47.86 -36.98 -29.93 -25.99 -32.5 -45.12 -44.69 -47.37 -53.75 -64.94 -62.29 -52.12 -40.72 -26.23 -10.77 -7.47 2.41 11.37 23.34 22.06 31.11 38.38554 44 -9999 -9999 -9999 -9999 -9999 -9999 -9999 -9999 -9999 -9999 -9999 -9999 -9999 -9999 -9999 -9999 -9999 -9999 -9999 -9999 -9999 -9999 -9999 -9999 -9999 -9999 -9999 -9999 -9999 -9999 -9999 -9999
-17.55 -17.34 -12.86 -17.94 -24.04 -20.19 -23.41 -28.9 -30.68 -34.46 -35.94 -39.26 -42.93 -52.59 -59.24 -60.59 -57.94 -67.17 -62.95 -59.61 -56.09 -49.22 -42.62 -32.75 -22.64 -31.91 -40.31 -30.65 -30.67 -41.75 -51.72 -44.79 -43.41 -35 -24.26 -4.19 5.09 7.01 12.12 31.14 34.75 31.95122 38 -9999 -9999 -9999 -9999 -9999 -9999 -9999 -9999 -9999 -9999 -9999 -9999 -9999 -9999 -9999 -9999 -9999 -9999 -9999 -9999 -9999 -9999 -9999 -9999 -9999 -9999 -9999 -9999 -9999 -9999 -9999 -9999 -9999
-13.6 -10.67 -12.99 -24.14 -26.11 -23.45 -30.68 -29.7 -30.74 -32.5 -37.77 -43.78 -38.35 -50.76 -52.44 -54.15 -59.83 -59.83 -59.45 -52.79 -58.81 -43.03 -38.05 -26.14 -28.91 -41.15 -37.32 -24.32 -19.81 -23.16 -26.74 -30.25 -22.09 -21.86 -15.8 9.88 23.28 22.36 26.55 32.63 43.43421 45.1 -9999 -9999 -9999 -9999 -9999 -9999 -9999 -9999 -9999 -9999 -9999 -9999 -9999 -9999 -9999 -9999 -9999 -9999 -9999 -9999 -9999 -9999 -9999 -9999 -9999 -9999 -9999 -9999 -9999 -9999 -9999 -9999 -9999 -9999
-7.44 -10.89 -16.71 -24.72 -26.95 -26.85 -31.14 -33.35 -34.06 -39.01 -39.22 -38.85 -39.16 -48.41 -52.62 -54.75 -52.17 -52.06 -48.32 -48.64 -50.26 -39.93 -22.84 -25 -38.43 -57.94 -52.81 -32.49 -19.05 -14.81 -10.27 -6.69 -9.71 -3.62 4.67 17 29.46 28.21 29.2 40.28409 47 -9999 -9999 -9999 -9999 -9999 -9999 -9999 -9999 -9999 -9999 -9999 -9999 -9999 -9999 -9999 -9999 -9999 -9999 -9999 -9999 -9999 -9999 -9999 -9999 -9999 -9999 -9999 -9999 -9999 -9999 -9999 -9999 -9999 -9999 -9999
-13.64 -16.49 -19.42 -23.85 -26.47 -27.6 -30.41 -34.47 -35.3 -40.36 -38.02 -33.85 -37.69 -42.6 -48.23 -43.97 -43.53 -46.82 -41.49 -43.12 -48.01 -38.39 -22.37 -30.8 -44.66 -56.91 -49.53 -33.95 -26.49 -17.79 -16.08 -1.5 4.56 14.28 24.25 34.77 35.56 35.47 39.22388 41.14286 -9999 -9999 -9999 -9999 -9999 -9999 -9999 -9999 -9999 -9999 -9999 -9999 -9999 -9999 -9999 -9999 -9999 -9999 -9999 -9999 -9999 -9999 -9999 -9999 -9999 -9999 -9999 -9999 -9999 -9999 -9999 -9999 -9999 -9999 -9999 -9999
-18.23 -18.99 -20.15 -23.53 -25.97 -24.91 -26.33 -30.71 -32.68 -35.23 -34.36 -36.37 -38.27 -39.51 -41.32 -36.34 -36.09 -35.87 -39.32 -40.23 -37.82 -31.82 -25.65 -20.3 -26.4 -35.31 -41.44 -47.27 -34.04 -16.42 -5.72 1.84 0.11 10.27 28.27 41.39 46.11 48.54639 49 -9999 -9999 -9999 -9999 -9999 -9999 -9999 -9999 -9999 -9999 -9999 -9999 -9999 -9999 -9999 -9999 -9999 -9999 -9999 -9999 -9999 -9999 -9999 -9999 -9999 -9999 -9999 -9999 -9999 -9999 -9999 -9999 -9999 -9999 -9999 43 46.54546
-16.36 -16.92 -19.78 -22.36 -23.6 -24.65 -25.92 -26.91 -30.33 -30.95 -29.61 -36.24 -39.32 -40.77 -39.5 -34.58 -36.35 -30.84 -36.84 -41.11 -34.15 -27.18 -28.26 -23.29 -15.29 -18.82 -23.64 -29.43 -31.1 -14.39 0.11 15.04 19.3 11.22 19.17 39.12 49.43435 50.31707 -9999 -9999 -9999 -9999 -9999 -9999 -9999 -9999 -9999 -9999 -9999 -9999 -9999 -9999 -9999 -9999 -9999 -9999 -9999 -9999 -9999 -9999 -9999 -9999 -9999 -9999 -9999 -9999 -9999 -9999 -9999 -9999 -9999 37.9 27.81034 32.94565 46.74227 48.775
-14.39 -16.25 -17.68 -22.24 -24.29 -25.14 -23.74 -25.39 -28.27 -28.35 -26.6 -29.88 -32.81 -37.25 -36.91 -32.54 -32.24 -30.19 -27.98 -27.72 -25.34 -27.31 -27.38 -18.38 -6.96 -7.32 -10.73 -12.33 -4.59 -3.99 1.24 6.97 22.74 32.39 34.3 47.44 50.40909 -9999 -9999 -9999 -9999 -9999 -9999 -9999 -9999 -9999 -9999 -9999 -9999 -9999 -9999 -9999 -9999 -9999 -9999 -9999 -9999 -9999 -9999 -9999 -9999 -9999 -9999 -9999 -9999 -9999 -9999 -9999 -9999 40.125 36.97183 17.0303 24.17 40.83 48.1 49.42593
-13.23 -15.06 -16.7 -20.14 -21.47 -24.18 -22.67 -24.78 -27.74 -27.05 -24.11 -25.19 -30.65 -33.56 -33.26 -31.63 -29.19 -25.53 -20.92 -19.39 -22.11 -29.56 -20.92 -17.93 -11.69 -2.28 8.69 11 16.07 23.39 27.25 24.08 16.42 31.68 44 50.47368 -9999 -9999 -9999 -9999 -9999 -9999 -9999 -9999 -9999 -9999 -9999 -9999 -9999 -9999 -9999 -9999 -9999 -9999 -9999 -9999 -9999 -9999 -9999 -9999 -9999 -9999 -9999 -9999 -9999 -9999 -9999 46.33333 33.86842 29.04445 28.48 34.41 41.78 45.45 46.61 47.18
-11.44 -12.85 -17.31 -20.96 -18.83 -20.02 -23.43 -21.81 -25.39 -25.54 -23.69 -23.66 -24.58 -27.15 -27.52 -27.07 -27.24 -27.01 -21.18 -15.81 -21.38 -21.92 -15.13 -16.95 -22.58 -17.69 -1.36 16.27 24.77 32.49 36.87 39.16 40.32 41.92 48.43617 50.33333 -9999 -9999 -9999 -9999 -9999 -9999 -9999 -9999 -9999 -9999 -9999 -9999 -9999 -9999 -9999 -9999 -9999 -9999 -9999 -9999 -9999 -9999 -9999 -9999 -9999 -9999 -9999 -9999 -9999 51 39.2963 33.36145 31.92 43.82 45.35 42.81 43.24 43.13 44.11 45.92
-10.42 -11.09 -12.77 -16 -15.44 -17.56 -20.9 -21.14 -21.01 -20.97 -21.51 -24.54 -24.16 -21.5 -22.54 -21.65 -21.86 -20.88 -19.03 -11.87 -14.99 -15.31 -12.73 -8.43 -10.31 -8.93 -9.07 -6.6 15.21 31.4 37.71 42.17 44.47 49.37 50.80435 -9999 -9999 -9999 -9999 -9999 -9999 -9999 -9999 -9999 -9999 -9999 -9999 -9999 -9999 -9999 -9999 -9999 -9999 -9999 -9999 -9999 -9999 -9999 -9999 -9999 -9999 -9999 -9999 -9999 -9999 47 47.34884 46.03846 42.5122 46.75676 48.05085 45.61 40.31 40.32 43.51 47.1
-11.88 -10.46 -10.28 -11.85 -12.62 -13.81 -15.59 -16.21 -18.03 -17.97 -21.08 -23.52 -19.49 -18.9 -19.49 -18.34 -16.79 -16.22 -12.89 -5.59 -8.52 -8.81 -4.2 -0.72 -1.81 -6.17 -6.11 -3.65 11.91 28.37 36.68 42.98 47.47 50.44 51 -9999 -9999 -9999 -9999 -9999 -9999 -9999 -9999 -9999 -9999 -9999 -9999 -9999 -9999 -9999 -9999 -9999 -9999 -9999 -9999 -9999 -9999 -9999 -9999 -9999 -9999 -9999 -9999 -9999 -9999 -9999 -9999 49.23077 48.07143 -9999 46.94444 44.02 44.04 45.18 47.13 46.45
-9.32 -8.76 -8.9 -9.95 -10.44 -11.35 -12.33 -12.83 -13.96 -15.06 -16.77 -16.93 -15.78 -16.41 -15.99 -15.43 -14.34 -12.59 -11.72 -7.66 1.72 3.89 3.14 3.86 -0.72 -0.63 0.71 7.19 21.94 29.86 35.2 39.23 46.72 50.22 50.23529 -9999 -9999 -9999 -9999 -9999 -9999 -9999 -9999 -9999 -9999 -9999 -9999 -9999 -9999 -9999 -9999 -9999 -9999 -9999 -9999 -9999 -9999 -9999 -9999 -9999 -9999 -9999 -9999 -9999 -9999 -9999 -9999 -9999 -9999 -9999 45.66667 45.625 47.1875 49.64474 49.43 47.89
-7.34 -7.69 -8.17 -9.12 -9.91 -10.75 -11.76 -12.01 -12.39 -13.08 -13.66 -13.95 -13.69 -12.48 -12.73 -11.87 -10.91 -10.31 -8.83 -8.23 -7.62 -3.86 1.26 4.27 5.43 3.66 3.24 12.18 13.9 17.17 34.17 39.08 45.48 48.9 48.87302 -9999 -9999 -9999 -9999 -9999 -9999 -9999 -9999 -9999 -9999 -9999 -9999 -9999 -9999 -9999 -9999 -9999 -9999 -9999 -9999 -9999 -9999 -9999 -9999 -9999 -9999 -9999 -9999 -9999 -9999 -9999 -9999 -9999 -9999 -9999 -9999 -9999 -9999 51 50.27119 49.45454
-7.36 -7.73 -7.97 -8.92 -10.21 -11.51 -12.85 -13.24 -13.76 -12.49 -12.09 -11.6 -11.31 -10.38 -10.14 -9.1 -7.92 -7.35 -6.8 -4.81 -4.08 -5.06 -5.89 -6.2 0.94 10.73 -2.76 -2.21 13.75 23.62 29.92 43.35 46.04 47.58 47.58586 46.86666 -9999 -9999 -9999 -9999 -9999 -9999 -9999 -9999 -9999 -9999 -9999 -9999 -9999 -9999 -9999 -9999 -9999 -9999 -9999 -9999 -9999 -9999 -9999 -9999 -9999 -9999 -9999 -9999 -9999 -9999 -9999 -9999 -9999 -9999 -9999 -9999 -9999 52 -9999 -9999
-7.17 -7.88 -9.18 -11.28 -12.82 -14.45 -15.06 -15.72 -17.24 -15.23 -12.9 -10.93 -9.66 -9.26 -8.81 -8.2 -6.49 -5.87 -4.75 -6 -7.89 -11.45 -15.92 -12.48 -5.95 5.97 -8.45 -0.48 19.76 28.24 34.83 43.56 44.75 39.38 41.76 47.03333 -9999 -9999 -9999 -9999 -9999 -9999 -9999 -9999 -9999 -9999 -9999 -9999 -9999 -9999 -9999 -9999 -9999 -9999 -9999 45.29412 43.59259 45 -9999 -9999 -9999 -9999 -9999 -9999 -9999 -9999 -9999 -9999 -9999 -9999 -9999 -9999 53 50.15385 -9999 -9999
-8.79 -10.44 -13.01 -17.39 -18.71 -19.39 -20.01 -19.53 -21.67 -20.24 -16.13 -11.08 -8.58 -7.85 -7.38 -7.04 -6.42 -7.26 -11.45 -13.15 -17.51 -20.56 -22.91 -15.51 -8.1 1.21 -8.87 -1.46 12.04 24.86 34.49 40.35 41.85 31.98 31.93 43.69136 45.5 -9999 -9999 -9999 -9999 -9999 -9999 -9999 -9999 -9999 -9999 -9999 -9999 -9999 -9999 -9999 -9999 41 39.47619 42.28 42.87879 47.2 -9999 -9999 -9999 -9999 -9999 -9999 -9999 -9999 -9999 -9999 -9999 -9999 -9999 -9999 -9999 -9999 -9999 -9999
-12.73 -15.51 -17.16 -16.27 -18.82 -20.8 -22.99 -24.36 -25.58 -23.5 -18 -12.01 -8.78 -7.48 -6.82 -6.93 -8.11 -13.88 -17.96 -17.97 -21.08 -19.47 -14.05 -10.74 -7.07 -7.56 -13.99 -3.67 8.88 19.92 28.95 32.83 34.65 27.82 25.5 41.13 44.46429 -9999 -9999 -9999 -9999 -9999 -9999 -9999 -9999 -9999 -9999 -9999 -9999 -9999 -9999 -9999 45.82353 43.81482 42.31 45.07368 46.82143 -9999 -9999 -9999 -9999 -9999 -9999 -9999 -9999 -9999 -9999 -9999 -9999 -9999 -9999 -9999 -9999 -9999 -9999 -9999
-12.13 -13.56 -17.33 -18.52 -18.12 -20.57 -21.92 -23.25 -24.32 -23.85 -19.3 -14.7 -10.68 -8.59 -6.81 -8.33 -10.2 -12.14 -14.36 -15.94 -16.12 -13.89 -11.48 -8.59 -3.74 -2.98 -6.17 0.02 11.91 13.25 18.31 29.24 30.58 25.28 22.64 28 39.19 41.86567 43.59375 43.16667 -9999 -9999 -9999 -9999 -9999 -9999 -9999 -9999 -9999 -9999 -9999 -9999 42.42105 41.38182 46.41177 48.25 -9999 -9999 -9999 -9999 -9999 -9999 -9999 -9999 -9999 -9999 -9999 -9999 -9999 -9999 -9999 -9999 -9999 -9999 -9999 -9999
-10 -11.92 -16.08 -18.51 -19.51 -20.76 -22.02 -22.6 -22.67 -21.33 -20.57 -18.59 -17.14 -15.97 -12.01 -12.92 -12.6 -13.13 -14.44 -15.02 -14.61 -12 -8.07 -9.75 -10.51 -7.21 -0.31 8.39 4.82 6.61 12.64 8.08 10.59 20.45 9.33 11.33 20.57 33.85 37.49 38.3299 41.875 -9999 -9999 -9999 -9999 -9999 -9999 -9999 -9999 -9999 -9999 -9999 -9999 -9999 -9999 50 -9999 -9999 -9999 -9999 -9999 -9999 -9999 -9999 -9999 -9999 -9999 -9999 -9999 -9999 -9999 -9999 -9999 -9999 -9999 -9999
-9.73 -11.14 -13.82 -16.75 -20.08 -20.11 -17.94 -18.87 -23.1 -26.94 -29.41 -29.41 -28.81 -23.51 -17.2 -12.8 -14.1 -12.22 -11.23 -9.88 -8.58 -11.87 -6.56 -3.67 -3.6 -2.07 8.14 5.57 2.88 0.91 -4.61 -3.63 7.04 10.53 -2.32 6.65 11.09 22.28 33.7 37.83133 38.14286 -9999 -9999 -9999 -9999 -9999 -9999 -9999 -9999 -9999 -9999 -9999 -9999 -9999 48.96552 49.53061 46.46667 -9999 -9999 -9999 -9999 -9999 -9999 -9999 -9999 -9999 -9999 -9999 -9999 -9999 -9999 -9999 -9999 -9999 -9999 -9999
-10.89 -11.35 -12.44 -17.05 -14.86 -15.2 -9.49 -18.4 -29.66 -35.54 -28.77 -29.93 -26.01 -20.56 -14.3 -10.24 -6.64 -5.16 -4.47 -3.62 -3.92 -6.12 -7.38 -3.51 2.18 3.66 8.94 12.08 5.27 -3.57 0.46 -8.43 -5.51 -2.72 1.53 4.39 31.56 32.69737 39.36842 45 -9999 -9999 -9999 -9999 -9999 -9999 -9999 -9999 -9999 -9999 -9999 -9999 -9999 -9999 48 -9999 46.53846 -9999 -9999 -9999 -9999 -9999 -9999 -9999 -9999 -9999 -9999 -9999 -9999 -9999 -9999 -9999 -9999 -9999 -9999 -9999
-8.72 -7.42 -13.08 -10.63 -5.96 -7.16 -14.88 -31.58 -35.78 -36.3 -28.25 -19.99 -16.42 -10.94 -4.74 -2.8 -2.41 1.41 5.12 4.16 0.42 0.54 -1.97 -1.75 4.97 3.98 1.45 11.59 9.63 -5.35 5.56 6.73 16.96 10.83 30.39 35.54445 39.63492 38 -9999 -9999 -9999 -9999 -9999 -9999 -9999 -9999 -9999 -9999 -9999 -9999 -9999 -9999 -9999 -9999 -9999 -9999 -9999 -9999 -9999 -9999 -9999 -9999 -9999 -9999 -9999 -9999 -9999 -9999 -9999 -9999 -9999 -9999 -9999 -9999 -9999 -9999
-4.31 -6.56 -5.8 -1.65 -2.38 -9.65 -15.77 -19.8 -28.82 -30.31 -19.3 -13.32 -8.55 -2.29 -3.59 1.58 7.42 9.51 8.78 5.23 1.26 4.14 5.36 2.62 -3.77 2 7.03 12.4 18.09 10.26 18.65 27.73 35.69 35.94595 40.66667 -9999 -9999 -9999 -9999 -9999 -9999 -9999 -9999 -9999 -9999 -9999 -9999 -9999 -9999 -9999 -9999 -9999 -9999 -9999 -9999 -9999 -9999 -9999 -9999 -9999 -9999 -9999 -9999 -9999 -9999 -9999 -9999 -9999 -9999 -9999 -9999 -9999 -9999 -9999 -9999 -9999
1.82 0.95 2.37 6.87 2.63 -4.61 -8.78 -23.07 -30.17 -20.74 -5.27 -0.31 -2.7 -2.38 3.75 9.56 7.92 10.8 12.25 11.68 13.25 9.53 7.24 9.92 5.69 6.95 4.34 14.14 25.15 28.6 31.85 39.58 42.6282 44 -9999 -9999 -9999 -9999 -9999 -9999 -9999 -9999 -9999 -9999 -9999 -9999 -9999 -9999 -9999 -9999 -9999 -9999 -9999 -9999 -9999 -9999 -9999 -9999 -9999 -9999 -9999 -9999 -9999 -9999 -9999 -9999 -9999 -9999 -9999 -9999 -9999 -9999 -9999 -9999 -9999 -9999
4.54 7.29 12.96 -0.66 -12.74 -4.98 -24.88 -33.34 -21.32 -19.74 -12.87 -15.4 -19.16 -18.91 -9.36 -0.46 12.31 16.47 15.05 18.24 21.38 16.27 12.72 3.75 6.43 11.62 11.6 16.09 27.08 34.39 37.94 42.81579 -9999 -9999 -9999 -9999 -9999 -9999 -9999 -9999 -9999 -9999 -9999 -9999 -9999 -9999 -9999 -9999 -9999 -9999 -9999 -9999 -9999 -9999 -9999 -9999 -9999 -9999 -9999 -9999 -9999 -9999 -9999 -9999 -9999 -9999 -9999 -9999 -9999 -9999 -9999 -9999 -9999 -9999 -9999 -9999
9.91 11.3 1.94 -4.7 -11.4 -12.08 -31.44 -30.14 -21.72 -34.83 -20.15 -25.99 -25.87 -24.84 -14.71 5.54 13.43 17.37 17.64 19.29 17.25 24 21.28 16.4 21.01 25.99 27.37 35.05 39.77 41.53 43.06522 42.72414 -9999 -9999 -9999 -9999 -9999 -9999 -9999 -9999 -9999 -9999 -9999 -9999 -9999 -9999 -9999 -9999 -9999 -9999 -9999 -9999 -9999 -9999 -9999 -9999 -9999 -9999 -9999 -9999 -9999 -9999 -9999 -9999 -9999 -9999 -9999 -9999 -9999 -9999 -9999 -9999 -9999 -9999 -9999 -9999
