layers/wordclim/past/Iberia_lig_10_ascii/bio_15.asc
ncols         166
nrows         94
xllcorner     -9.4959440078468
yllcorner     36.000324005443
cellsize      0.083333337679505
NODATA_value  -9999
[rows 0 to 33 of 94, columns 0 to 76 of 166]
-9999 -9999 -9999 -9999 -9999 -9999 -9999 -9999 -9999 -9999 -9999 -9999 -9999 -9999 -9999 -9999 -9999 -9999 -9999 43.08333 -9999 42.8125 43 -9999 -9999 -9999 -9999 -9999 -9999 -9999 -9999 -9999 -9999 -9999 -9999 -9999 -9999 -9999 -9999 -9999 -9999 -9999 -9999 -9999 -9999 -9999 -9999 -9999 -9999 -9999 -9999 -9999 -9999 -9999 -9999 -9999 -9999 -9999 -9999 -9999 -9999 -9999 -9999 -9999 -9999 -9999 -9999 -9999 -9999 -9999 -9999 -9999 -9999 -9999 -9999 -9999 -9999
-9999 -9999 -9999 -9999 -9999 -9999 -9999 -9999 -9999 -9999 -9999 -9999 -9999 -9999 -9999 -9999 -9999 43.87805 42.59722 43.79105 43.28788 42.73864 42.8116 42.71212 42.86792 42.9375 -9999 -9999 -9999 -9999 -9999 -9999 -9999 -9999 -9999 -9999 -9999 -9999 -9999 -9999 -9999 -9999 -9999 -9999 -9999 -9999 -9999 -9999 -9999 -9999 -9999 -9999 -9999 -9999 -9999 -9999 -9999 -9999 -9999 -9999 -9999 -9999 -9999 -9999 -9999 -9999 -9999 -9999 -9999 -9999 -9999 -9999 -9999 -9999 -9999 -9999 -9999
-9999 -9999 -9999 -9999 -9999 -9999 -9999 -9999 -9999 -9999 -9999 -9999 -9999 -9999 -9999 45.46667 44.60606 44.08421 43.55 43.79 42.74 42.3 42.9697 41.89 41.79 42.18557 42.83333 -9999 -9999 -9999 -9999 -9999 -9999 -9999 -9999 -9999 -9999 -9999 -9999 37.66667 -9999 37 37 36.39063 36.46154 -9999 -9999 -9999 -9999 -9999 -9999 -9999 -9999 -9999 -9999 -9999 -9999 -9999 -9999 -9999 -9999 -9999 -9999 -9999 -9999 -9999 -9999 -9999 -9999 -9999 -9999 -9999 -9999 -9999 -9999 -9999 -9999
-9999 -9999 -9999 -9999 -9999 -9999 -9999 -9999 -9999 -9999 -9999 -9999 -9999 -9999 45.59259 45.45263 44.91919 44.47 43.94 43.22 42.36 42.22 42.34 41.46 42.64 42.88 42.69474 42.41772 42.08451 42.01818 41.5875 40.98809 40.35526 40.18182 39 39.0303 38.36986 37.47222 36.61364 36.53608 36.5641 36.39286 36.31313 36.34 36.19 36.84415 36.91803 36.23333 36.1017 36.69565 36.96552 -9999 -9999 -9999 -9999 -9999 -9999 -9999 -9999 -9999 -9999 -9999 -9999 -9999 -9999 -9999 -9999 -9999 -9999 -9999 37.25 37 -9999 -9999 -9999 -9999 -9999
-9999 -9999 -9999 -9999 -9999 -9999 -9999 -9999 -9999 -9999 -9999 -9999 -9999 -9999 45.79245 45.97102 45.14141 44.16 43.81 43.75 43.09 42.24 41.73 41.44 41.84 42.61 42.89 41.95 42.49 42.0101 40.56 39.78 39.25 39.57 37.76 37.97 38 37.04 35.81 36.4 36.85859 35.82 35.16 35.61 35.96 35.99 35.32 35.37 36.55 36.27 36.3 36.19231 37.16667 37.45763 37.42 38.08571 38.94737 -9999 -9999 -9999 -9999 -9999 -9999 -9999 38.57143 38.56667 38.31111 38.72603 38.65854 37.88889 37.20833 37.08046 36.69565 -9999 -9999 -9999 -9999
-9999 -9999 -9999 -9999 -9999 -9999 -9999 48 -9999 -9999 -9999 -9999 46.88889 46.93548 46.40298 46.16667 45.49 44.7 44.2 43.82 43.7 43.23 43.06 42.39 42.44 42.26 42.4 42.69 42.22 40.82 39.46 39.59 39.81 39.04 38.18 38.42 37.33 36.54 36.7 36.96 36.63 36.74 36.45 35.52 35.84 35.8 35.75 35.92 36.19 36.39 36.56 37.32 37.34 36.34 36.32 36.14 35.44 36.40425 37.19753 38.0411 38.23376 38.53846 38.30556 37.6988 37.83673 38.54 38.08 38.12 37.73958 37.7 36.47 36.26 36.59524 35.72 35.41573 36.22222 36.48148
-9999 -9999 -9999 -9999 -9999 -9999 49.11111 49.0625 48.45946 47.94231 47.60811 47.26506 46.89 46.9798 46.83 46.67033 45.84 45.12 44.47 44.39 44.23 44.06 43.98 43.93 43.45 43.27 42.85 43.2 41.59 40.9 40.36 40.88 40.09 38.58 38.25 38.51 38.41 37.91 37.05 36.87 36.29 36.09 35.97 36.04 35.85 36.15 35.96 35.52 35.55 36.09 35.27 35.84 36.36 35.05 34.04 34.64 35.5 34.65 36.18 35.79 36.71 36.31 36.74 36.83 36.33 37.18 36.98 36.96 35.48 33.99 34.23 34.42 35.42 34.18 33.79 33.55 34.99
-9999 -9999 -9999 50.5 50.57143 50.28947 49.30137 49.1 48.77 48.37 47.86 46.92 46.82 46.7 46.95 46.69 46 45.64 45.22 45.1 44.92 44.88 44.73 44.6 44.4 43.9 43.23 43.18 42.39 41.62 41.61 41.62 39.98 38.93 39.58 39.54 38.79 37.45 37.39 36.8 36.43 36.63 35.45 36.02 36.54 36.28 36.24 36.12 36.05 35.87 34.11 34.99 35.08 33.08 29.68 31.45 30.42 30.61 34.64 33.38 34.06 34.9 35.39 34.2 35.03 36.04 35.23 35 34.62 31.67 29.59 31.97 33.73 33.57 32.89 33.75 34.46
-9999 -9999 -9999 51.44444 50.92473 49.93 49.74 48.74 48.1 48.05 47.51 47.42 47.36 46.92 46.92 46.42 46.08 46.01 45.75 45.81 45.48 45.12 45.21 45.05 44.86 44.12 43.62 43.61 42.1 42.26 41.53 41.92 40.64 39.72 40.09 39.91 38.43 37.18 37.86 36.86 36.8 36.34 37.01 36.95 37.3 36.54 36.74 36.45 35.16 34.2 34.68 33.64 32.6 33.6 31.33 30.4 31.3 34.06 35.37 34.32 30.85 32.16 32.94 32.77 32.81 34.71 32.78 34.01 32.98 29.8 28.74 29.53 30.15 31.27 33.55 33.16 33.84
-9999 -9999 52.15385 51.71134 50.93 49.65 49.34 48.89 48.63 48.29 48.31 48.14 48.09 47.85 47.64 47.26 46.97 46.48 45.96 46.02 46.09 45.94 45.89 45.56 45.05 44.66 43.97 43.5 43.6 43.23 43.37 42.83 40.99 39.82 40.5 38.95 38.66 36.47 36.1 36.18 34.86 35.58 34.72 37.13 37.88 34.84 34.23 34.69 33.32 32.59 33.99 32.57 33.3 33.53 31.67 31.58 29.93 30.23 31.19 32.14 31.09 28.88 29.94 31.58 31.82 31.99 31.77 31.8 31.23 31.12 31.49 31.34 31.27 30.72 30.95 30.01 30.18
-9999 -9999 52.91667 52.42353 50.87879 50.15 49.77 49.48 49.39 49.17 49.06 48.97 48.89 48.36 48.03 47.94 47.64 47.05 46.75 46.4 46.55 46.1 46.02 46.25 46.09 45.72 44.64 44.51 44.01 44.56 44.03 42.58 42.18 40.74 40.13 39.01 37.91 38.3 38.01 37.7 36.87 37.16 36.83 35.84 36.39 36.34 35.5 35.99 34.4 34.9 36.25 34.69 34.16 34.24 34.14 32.49 30.51 29.98 30.18 31.38 31.95 29.07 29.87 32.01 32.14 32.14 32.01 31.9 31.69 31.72 32.06 32.72 32.09 31.04 30.48 30.03 29.45
-9999 -9999 53.25 -9999 51.94828 50.49 50.41 50.48 50.09 50.14 50.15 49.59 49.26 49.14 48.95 48.71 48.67 48.3 47.81 47.36 46.99 46.96 47.1 47.12 46.98 46.42 45.72 44.96 45.47 45.14 43.57 41.8 40.32 39.93 40.62 39.98 39.9 38.81 37.18 37.57 36.78 36.39 37.45 38.71 36.51 37.98 38.12 38.2 36.72 37.7 37.41 35.53 35.83 34.55 34.88 33 32.37 32.16 31.91 33.07 33.37 32.88 32.67 32.8 32.52 32.42 31.69 32.57 32.07 32.54 31.6 31.69 32.33 31.25 30.34 29.54 29.83
-9999 -9999 -9999 -9999 52.4 51.875 51.81818 51.75824 50.39 50.8 50.87 50.71 50.39 50.16 49.97 49.21 49.06 48.69 48 47.98 47.66 47.43 47.83 47.17 46.86 47.21 45.85 45.37 45.5 44.79 43.81 41.09 42.11 42.82 43.46 42.78 40.61 38.68 38.13 38.09 38.94 39.91 40.67 40.84 41.15 40.07 41.31 41.33 40.17 40.03 39.13 38.28 37.62 36.52 36.62 35.15 34.11 34.69 34.38 33.76 33.85 33.71 34.04 33.83 33.09 33.34 33.08 32.18 32.41 31.83 30.96 31.39 31.34 32.23 31.77 31.15 29.3
-9999 -9999 -9999 -9999 53 52.41177 51.20652 51.66 51.46 51.81 51.59 51.14 51.03 50.2 50 49.79 49.09 48.99 48.36 47.92 48.31 48.58 47.68 47.22 47.42 47.06 45.98 44.66 44.19 44.36 44.68 43.45 44.94 45.85 45.18 45.01 43.35 42.55 42.22 41.58 40.72 40.82 41.69 42.81 43.45 42.9 43.81 43.58 42.37 42.16 40.45 40.31 39.14 38.5 37.43 36.51 35.92 35.56 35.74 34.74 35.01 34.53 34.56 33.8 33.35 32.95 32.68 32.55 32.61 31.92 30.91 31.09 32.59 31.21 30.82 29.66 29.68
-9999 -9999 -9999 -9999 -9999 52.88136 52.15957 52.525 52.33333 52.05 52.09 51.61 51.01 50.23 49.56 50.14 49.86 49.15 48.73 48.21 48.94 49.16 48.46 48.37 48.94 47.86 46.46 46.37 45.51 44.46 45.46 46.22 47.18 47.98 48.13 47.19 46.56 45.81 44.43 42.73 43.3 43.97 43.98 44.91 45.12 45.49 46.31 45.76 44.85 43.76 42.24 41.78 40.28 39.85 38.38 37.56 37.14 36.58 36.79 35.98 35.68 35.94 35.44 34.36 34.03 33.34 33.07 32.69 32.4 31.97 31.77 32.27 33.05 32.83 32.12 31.16 30.41
-9999 -9999 -9999 -9999 -9999 53 52.94737 53 52.86747 52.91 52.83 52.5 51.82 51.08 50.22 50.03 50.07 49.4 49.18 49.28 49.39 49.57 49.22 49.79 49.69 49.06 48.07 47.54 46.16 45.81 46.37 48.01 48.91 49.38 49.31 48.06 45.27 43.49 42.82 43.01 44.59 45.56 45.78 46.63 46.98 47.61 47.68 46.87 45.91 44.58 43.54 42.4 41.27 40.95 39.35 38.6 38.43 37.52 37.32 36.97 36.32 36.47 36.24 35.82 35.17 34.81 33.98 32.98 33.15 32.68 32.9 32.69 31.67 31.76 31.65 31.06 30.95
-9999 -9999 -9999 -9999 -9999 53 53 53 53.04348 53.03371 53.17 53.17 52.22 50.63 50.84 51.18 51.27 51.02 50.81 50.53 50.49 49.96 50.08 50 49.42 49.33 49.36 49.1 47.45 48.01 48.46 48.98 49.43 47.71 45.22 45.19 43.05 42.28 44.09 45.31 46.2 46.89 47 47.53 47.83 48.31 48.21 47.56 46.7 45.6 44.22 42.95 42.29 41.74 40.36 39.45 39.22 38.81 38.29 37.78 37.7 37.26 37.05 36.58 36.12 35.62 34.43 33.84 34.03 33.7 33.31 32.68 32.08 32.09 31.39 31.35 31.32
-9999 -9999 -9999 -9999 -9999 -9999 53 53 53.10345 53.80882 53.86021 54.09 53.48 51.28 51.09 52.03 52.4 51.99 52.02 52.02 51.5 49.75 49.24 49.64 49.6 48.73 48.38 50.02 50.24 48.42 47.69 48.68 46.21 45.44 45.79 42.4 41.41 42.66 44.86 45.78 46.7 47.58 48.25 48.38 48.52 48.66 48.72 48.07 47.03 46.09 45 43.94 43.35 42.57 41.48 40.44 40.21 39.67 39.21 39.05 38.24 38.17 37.89 37.47 36.89 35.9 35.14 34.77 34.61 34.27 33.76 33.06 32.16 30.76 30.86 30.94 29.68
-9999 -9999 -9999 -9999 -9999 -9999 -9999 53.46154 53.60257 54.12121 54.69444 55.03 53.85 52.52 51.12 52.02 52.82 52.48 51.9 52.22 51.66 50.38 50.04 49.06 48.6 48.39 47.46 49.54 49.81 48.56 46.34 45.41 44.49 44.12 44.84 46.15 44.57 42.64 44.04 46.43 47.75 48.48 48.92 49.12 49.12 49.16 49.03 48.4 47.46 46.44 45.87 45.07 44.22 43.33 42.22 41.65 41.1 40.42 40.24 39.86 39.28 38.84 38.48 38.09 37.29 36.06 35.94 35.62 34.85 34.47 33.85 33.22 32.21 30.55 29.49 29.08 28.19
-9999 -9999 -9999 -9999 -9999 -9999 -9999 54 54.14706 54.7033 55.76 54.89 54.75 53.41 52.57 52.86 52.86 52.53 52.1 51.78 51.3 50.95 50.9 49.46 48.21 47.53 46.61 48.16 49.9 48.31 46.93 44.68 42.6 42.74 43.73 43.29 43.67 45 45.68 47.33 48.18 48.73 48.91 49.47 49.74 49.6 49.41 48.76 47.7 47.09 46.63 45.82 44.84 43.78 42.88 42.36 42.13 41.46 41.02 40.79 40.28 39.39 39.09 38.3 37.41 37.46 37.05 36.04 35.31 35.01 34.47 33.34 31.66 29.52 28.74 27.56 27.06
-9999 -9999 -9999 -9999 -9999 -9999 -9999 54.24242 54.3956 55.26 55.02 55.13 54.76 53.76 53.94 53 52.18 51.39 51.39 51.18 51.06 51.11 50.9 50.43 49.52 48.67 48.76 49.58 49.97 48.17 46.52 44.69 44.59 47.12 47.88 47.47 47.06 47.53 48.29 49 48.92 49.26 49.65 49.72 49.91 49.74 49.62 49.12 48.34 47.87 47.37 46.18 45.01 44.19 43.61 43.01 42.6 42.58 41.68 41.76 40.7 39.37 38.99 38.69 38.8 37.83 37.65 36.58 36.13 35.21 34.55 33.19 32.91 32.24 30.85 30.24 29.48
-9999 -9999 -9999 -9999 -9999 -9999 -9999 54.34921 54.84 55.17 55 54.96 54.69 54.32 52.79 51.28 50.37 50.87 51.29 51.58 51.56 51.52 51.53 50.99 51.56 50.49 50.3 50.6 49.85 48.9 47.72 46.68 46.09 48.92 49.32 49.24 49.29 49.07 49.53 50.02 50.11 50.11 50.49 50.54 50.44 50.37 50.16 49.64 48.94 48.12 47.75 46.41 45.52 45.15 44.32 43.69 43.4 43.12 42.54 42.52 41.36 40.52 40.32 39.41 38.8 38.28 37.92 37.18 36.56 36.17 35.41 34.46 33.33 33.16 32.65 30.97 28.4
-9999 -9999 -9999 -9999 -9999 -9999 -9999 54.83333 55 54.99 55 54.22 54.31 53.43 51.23 51.98 52.05 52.2 51.94 51.3 50.94 51.26 51.41 51.7 52.47 51.71 51.4 51.75 51.24 50.56 50.43 49.69 48 50.5 50.46 49.77 49.26 49.71 49.8 50.1 50.31 50.62 50.93 51.39 51.43 51.17 50.94 50.43 49.64 48.94 48.4 47.22 46.31 45.83 45.35 44.19 43.94 43.41 42.4 42.93 42.56 41.63 40.63 39.82 38.9 38.3 38.01 37.79 36.84 36.18 35.42 34.39 33.51 32.51 33.18 32.31 31.31
-9999 -9999 -9999 -9999 -9999 -9999 -9999 55.12121 55.125 54.84 54.93 54.07 54.64 54.09 53.27 53.15 52.9 51.95 51.11 51.15 51.11 51.2 52.03 52.09 52.86 52.3 51.72 52.22 52.41 51.43 51.49 51.73 51.39 52.3 51.33 51.23 50.62 49.98 49.41 49.17 49.82 50.24 51.18 51.49 51.67 51.3 51.57 51.14 50.28 49.4 48.6 47.69 46.79 46.11 45.32 44.12 43.36 42.93 42.76 43.37 42.62 41.45 40.71 39.99 39.35 38.73 38.12 38.21 37.69 36.94 36.1 35.37 34.77 33.93 32.95 32.57 31.91
-9999 -9999 -9999 -9999 -9999 -9999 -9999 55.58139 55.23 54.69 55.24 54.85 54.8 54.3 53.58 52.5 51.97 51.35 52.28 51.78 51.93 51.83 52.22 52.67 53.08 52.76 52.24 52.9 52.89 52.68 52.28 51.56 52.69 52.92 51.68 51.87 51.56 50.64 50.6 50.85 50.53 50.46 51.51 52.43 52.54 52.08 51.82 51.44 50.58 49.35 48.96 48.32 46.81 45.74 44.34 43.87 43.54 43.96 44.24 43.51 42.29 42.01 41.18 40.56 39.66 39.24 39.7 39.3 38.5 37.74 37.45 36.57 36.11 35.61 34.49 33.36 32.65
-9999 -9999 -9999 -9999 -9999 -9999 -9999 55.6 55.75555 55.77551 55.26 54.96 54.47 54.47 54 53.5 53.3 53.29 52.81 52.35 52.31 52.76 53.1 53.51 53.36 52.95 53.23 53.63 53.68 53.18 52.37 51.09 52.61 52.34 52.35 52.4 51.42 50.88 50.82 51.13 51.81 51.9 51.99 52.52 52.96 52.94 52.35 52.08 51.39 50.06 49.48 47.58 46.78 45.67 45 44.23 43.89 45 43.94 43.06 43.03 42.19 41.44 40.74 40.23 39.67 40.13 40.35 39.64 39.02 38.56 37.69 36.76 36.39 35.61 34.71 33.89
-9999 -9999 -9999 -9999 -9999 -9999 -9999 -9999 55.94737 55.69 55.23 55.07 55.1 54.98 54.81 54.15 53.88 53.14 52.98 53.11 53.62 53.56 53.93 53.93 53.1 53.71 53.93 54.11 54.11 53.71 52.78 52.29 52.29 52.89 52.69 52.68 52.13 51.73 51.17 51.54 51.76 52.32 52.55 53.19 53.64 53.75 53.41 51.97 51.34 50.1 49.09 48.64 47.23 46.07 45.49 44.69 44.67 44.66 43.94 43.49 43.61 43.03 41.98 41.78 41.65 40.51 40.61 39.83 39.7 39.51 39.19 38.21 37.36 36.93 36.5 36 34.83
-9999 -9999 -9999 -9999 -9999 -9999 -9999 -9999 55.80435 55.54 55.61 55.44 55.14 54.83 54.79 54.7 54.1 54.09 54.12 54.17 54.31 53.88 53.91 53.55 53.77 54.26 54.57 54.53 54.2 53.75 53.25 53.28 53.23 53.64 53.28 52.98 52.28 51.79 51.97 52.13 52.68 52.74 53.21 53.75 54.59 54.81 54.26 52.73 51.78 50.5 49.84 48.85 47.93 46.64 46.22 46.25 45.46 45.16 44.79 43.23 42.74 42.72 41.8 41.21 41.38 40.8 40.12 39.25 39.43 39.05 37.98 37.69 36.45 36.85 36.85 36.83 36.52
-9999 -9999 -9999 -9999 -9999 -9999 -9999 -9999 56 55.79 55.61 55.55 55.16 55.23 54.99 54.97 54.74 54.56 54.97 54.86 54.37 54.31 54.41 54.64 54.8 54.66 54.61 54.89 54.4 53.69 52.79 53.67 53.8 53.88 53.59 53.28 52.74 52.42 52.96 52.37 52.65 53.45 53.66 54.33 54.88 54.78 54.01 52.83 52.01 51 49.98 48.82 48.4 47.88 47.06 46.1 45.19 45.04 44.69 43.75 43.04 42.91 42.09 41.49 41.06 41.06 40.29 38.74 37.46 37.13 37.26 38.27 37.44 36.47 36.56 35.78 35.83
-9999 -9999 -9999 -9999 -9999 -9999 -9999 -9999 55.83333 55.74747 55.84 55.84 55.76 55.5 55.17 55.14 55 54.99 55.18 55.04 54.08 55.22 55.11 55.24 55.44 55.47 55.33 54.92 54.46 54.51 53.86 54.09 53.97 53.21 52.56 52.51 52.81 53.18 52.7 52.39 52.48 53.13 53.38 53.69 54.16 53.55 52.6 51.95 51.15 50.42 49.27 48.7 48.1 47.23 46.52 45.9 45.63 45.29 44.87 44.63 44.13 43.67 43.33 42.51 42.15 41.48 40.98 39.54 38.01 38.27 38.41 38.39 37.52 36.8 35.78 34.73 33.98
-9999 -9999 -9999 -9999 -9999 -9999 -9999 -9999 -9999 55.64557 55.7 55.97 55.63 55.21 55.36 55.53 55.18 55.39 55.27 55.14 55.79 56.25 55.87 56.1 55.61 55.77 55.11 54.94 55.2 55.17 54.7 54.64 53.92 53.17 52.98 53.07 53.51 52.98 52.93 52.54 52.85 52.95 53.17 53.09 53.15 52.58 51.96 51.1 50.6 50.07 48.59 48.09 47.96 47.33 46.94 46.41 46 45.57 44.97 45.12 44.52 43.99 43.63 42.99 42.28 41.86 40.96 40.52 39.41 39.55 38.79 37.47 35.84 34.65 34.12 33.51 33.07
-9999 -9999 -9999 -9999 -9999 -9999 -9999 -9999 -9999 55.71698 56.03 56.29 56.06 55.66 55.68 55.6 55.76 55.49 55.54 55.5 56.08 56.51 56.36 56.27 56.24 55.92 55.16 55.04 55.57 55.22 54.64 54.55 53.93 53.76 53.59 53.31 52.74 52.51 52.94 53.02 53.06 53.21 53.36 52.73 52.98 53.21 51.92 50.33 49.41 48.86 48.2 47.9 48.01 47.53 47 46.8 46.38 46.07 45.17 45.05 44.66 43.93 43.74 43.12 42.36 41.57 41.33 40.81 39.92 39.25 38.64 36.21 33.16 32.53 33.24 33.7 32.66
-9999 -9999 -9999 -9999 -9999 -9999 -9999 -9999 -9999 56 56.77419 57.01 56.68 56.11 55.88 55.91 55.77 55.88 56 55.94 56.26 56.57 56.52 56.57 56.39 56.05 55.81 55.68 55.7 55.06 54.76 54.74 54.52 54.08 53.26 53.05 53 52.82 52.8 52.68 53.32 53.8 54.12 54.25 54.94 54.57 52.95 50.75 49.35 48.63 48.36 48 47.93 47.63 47.52 47.29 46.74 46.7 45.78 45.33 44.98 44.51 43.9 43.24 42.51 41.85 40.95 40.19 39.5 38.25 35.61 33.59 33.79 35.37 34.12 35.5 34.7
-9999 -9999 -9999 -9999 -9999 -9999 -9999 -9999 -9999 -9999 56.97619 56.9 56.92 56.54 56.15 55.72 55.56 55.96 55.87 56.04 56.55 56.47 56.74 56.42 56.23 56.04 55.94 55.7 55.77 55.59 55.42 54.93 54.83 54.2 53.59 53.38 53 52.91 52.67 52.42 52.88 53.38 53.96 54.51 55.35 55.41 52.87 49.71 48 47.48 47.53 47.22 47.12 46.99 47.4 47.25 46.92 46.91 45.94 45.83 45.18 44.18 44.17 43.15 41.74 40.92 40.31 37.12 36.51 36.29 39.04 38.65 35.44 36.78 38.37 37.6 36.37
