layers/wordclim/past/Iberia_lig_10_ascii/bio_1.asc
ncols         166
nrows         94
xllcorner     -9.4959440078468
yllcorner     36.000324005443
cellsize      0.083333337679505
NODATA_value  -9999
[rows 0 to 31 of 94, columns 0 to 72 of 166]
-9999 -9999 -9999 -9999 -9999 -9999 -9999 -9999 -9999 -9999 -9999 -9999 -9999 -9999 -9999 -9999 -9999 -9999 -9999 129.8333 -9999 133.5625 138 -9999 -9999 -9999 -9999 -9999 -9999 -9999 -9999 -9999 -9999 -9999 -9999 -9999 -9999 -9999 -9999 -9999 -9999 -9999 -9999 -9999 -9999 -9999 -9999 -9999 -9999 -9999 -9999 -9999 -9999 -9999 -9999 -9999 -9999 -9999 -9999 -9999 -9999 -9999 -9999 -9999 -9999 -9999 -9999 -9999 -9999 -9999 -9999 -9999 -9999
-9999 -9999 -9999 -9999 -9999 -9999 -9999 -9999 -9999 -9999 -9999 -9999 -9999 -9999 -9999 -9999 -9999 130.8049 120.4722 132.8209 132.0909 129.8523 132.5942 132.4242 135.7547 137.25 -9999 -9999 -9999 -9999 -9999 -9999 -9999 -9999 -9999 -9999 -9999 -9999 -9999 -9999 -9999 -9999 -9999 -9999 -9999 -9999 -9999 -9999 -9999 -9999 -9999 -9999 -9999 -9999 -9999 -9999 -9999 -9999 -9999 -9999 -9999 -9999 -9999 -9999 -9999 -9999 -9999 -9999 -9999 -9999 -9999 -9999 -9999
-9999 -9999 -9999 -9999 -9999 -9999 -9999 -9999 -9999 -9999 -9999 -9999 -9999 -9999 -9999 137.7333 133.1515 130.7579 126.33 130.77 123.16 121.16 129.303 121.17 122.4 129.2577 136.2917 -9999 -9999 -9999 -9999 -9999 -9999 -9999 -9999 -9999 -9999 -9999 -9999 135.6667 -9999 137 135.7778 133.5625 133.9808 -9999 -9999 -9999 -9999 -9999 -9999 -9999 -9999 -9999 -9999 -9999 -9999 -9999 -9999 -9999 -9999 -9999 -9999 -9999 -9999 -9999 -9999 -9999 -9999 -9999 -9999 -9999 -9999
-9999 -9999 -9999 -9999 -9999 -9999 -9999 -9999 -9999 -9999 -9999 -9999 -9999 -9999 134 135.6842 133.1616 130.56 126.79 119.65 114.63 115.67 119.04 111.69 126.8 132.61 133.0316 131.7342 131.8592 136.3091 134.7125 134.1548 131.2105 135.0649 128.4177 131.8636 130.411 126.1806 123.9091 126.4948 128.2436 129.9762 131.8586 132.19 130.8 134.2208 133.8525 129.8333 129.1017 133.7826 131.6552 -9999 -9999 -9999 -9999 -9999 -9999 -9999 -9999 -9999 -9999 -9999 -9999 -9999 -9999 -9999 -9999 -9999 -9999 -9999 135.25 132.6667 -9999
-9999 -9999 -9999 -9999 -9999 -9999 -9999 -9999 -9999 -9999 -9999 -9999 -9999 -9999 134.8491 137.2029 128.9394 121.37 118.01 120.66 115.22 108.23 104.27 103.34 113.38 124.97 130.37 123.49 131.62 131.0909 122.12 118.13 116.64 125.3 110.86 118.92 123.05 117.98 109.93 121.92 128.899 123.01 121.85 126.39 128.31 127.76 122.2 120.75 128.85 126.6 125.02 122.5256 130.359 132.339 131.74 135.0571 137.9474 -9999 -9999 -9999 -9999 -9999 -9999 -9999 137.1429 136.6 135.6444 136.8082 137.0732 135.8095 132.6667 134.6437 133.4783
-9999 -9999 -9999 -9999 -9999 -9999 -9999 136 -9999 -9999 -9999 -9999 136 138.129 136.3433 135.8333 129.08 121.67 119.33 115.4 117.48 115.33 114.33 108.45 111.6 113.66 118.05 124.67 123.37 111.66 101.8 108.22 115.88 111.42 106.07 116.84 108.5 102.31 113.75 122.21 123.8 128.44 128.81 123.85 125.94 124.89 122.21 122.04 122.21 122.9 123.47 129.8 130.24 121.99 121.02 118.51 112.1 121.0638 127.1358 133.1918 134.9091 136.0897 134.1667 131.3494 132.8775 136.23 134.38 134.14 131.8646 134 128.74 129.49 132.4286
-9999 -9999 -9999 -9999 -9999 -9999 136.5185 138.25 136.3243 133.5769 134.6216 133.9398 133.5 136.5657 136.62 136.2198 128.94 122.19 114.44 115.92 118.27 119.13 118.75 120.21 116.69 117.05 116.05 122.34 108.4 103.76 105.35 117.07 111.09 97.12 98.06 110.2 115.33 114.07 107.27 112.65 110.05 110.68 115.73 121.47 120.71 120.4 116.6 108.52 106.99 113.04 104.79 112.21 118.18 106.43 97.63 101.43 110.01 104.37 117.4 115.4 123.71 121.11 123.66 125.74 122.76 128.09 128.14 127.4 119.35 112.83 115.49 118.14 125.07
-9999 -9999 -9999 139.5 138.5 138 134.8493 135.5 134.96 135.36 131.99 123.93 126.05 128.91 133.31 132.13 124.36 120.55 116.2 117.69 117.55 120.97 120.68 122.29 121.37 118.22 113.03 115.77 109.88 105.58 111.41 116.71 101.17 92 104.59 110.25 107.97 93.87 97.84 94.18 93.1 106.16 84.91 104.11 117.12 107.13 103.48 107.08 103.65 101.34 84.72 95.87 99.01 82.34 52.2 69.36 60.89 66.63 103.62 94.91 103.39 110.68 113.93 107.84 114.16 121.12 116.33 115.74 114.74 97.92 85.19 102.89 115.08
-9999 -9999 -9999 141.2593 138.7419 133.47 133.27 128.54 126.08 126.64 123.27 124.47 126.34 125.02 126.42 122.93 118.93 118.7 116.46 118.57 118.14 118.96 122.59 122.02 120.1 115.48 109.66 113.61 100.94 105.17 101.93 110.17 100.42 93.18 101.31 103.89 90.73 78.34 92.05 80.72 87.39 81.92 95.45 95.67 105.67 95.73 96.53 95.66 83.42 76.99 82.9 77.46 71.45 82.8 66.03 58.6 67.97 95.29 107.49 100.55 75.22 88.73 94.99 96.2 98.03 112.34 100.3 109.12 104.24 83.91 78.79 86.19 92.66
-9999 -9999 138.0769 137.9485 134.9 128.09 127.97 126.15 125.39 124.23 125.89 126.75 129.78 128.85 127.45 125.98 122.86 118.66 112.07 114.81 118.88 118.46 120.85 120.08 116.2 113.79 106.98 104.46 110.02 107.89 114.52 111.58 95.57 85.76 97.36 83.33 83.2 62.3 60.37 64.26 53.22 64.28 57.37 84.53 94.34 66.77 64.05 70.68 62.46 58.81 71.45 63.7 72.97 77.33 65.66 66.58 53.26 57.85 69.98 81.4 74.75 58.16 69.33 85.81 90.28 93.32 92.33 94.57 91.94 92.91 98.82 100.28 100.88
-9999 -9999 141.0417 139.1294 130.6768 128.02 127 127.26 128.25 128.06 129.21 130.45 130.73 129.49 127.4 125.49 124.95 118.3 116.17 113.36 117.05 115.2 116.41 121.28 121.67 118.74 108.89 108.17 105.82 114.72 111.65 99.98 97.69 86.78 82.98 75.11 66.8 74.55 73.91 72.73 67.27 73.09 70.87 65.17 71.34 73.51 68.81 73.85 65.67 71.7 82.77 75.08 75 77.55 80.18 69.94 55.62 53.28 59.59 72.89 79.66 58.59 67.81 87.5 91.74 93.2 94.38 93.84 94.42 96.35 101.95 108.28 105.81
-9999 -9999 143.375 -9999 136.4828 127.23 128.47 131.43 129.67 134.08 136.73 131.35 129 131.99 130.6 129.14 130.08 126.91 122.74 118.91 115.26 118.12 120.83 122.94 123.98 119.58 113.72 105.33 111.58 111.28 98.59 83.95 72.34 72.09 81.5 78.52 79.93 73.53 61.29 66.69 61.49 61.15 71.39 80.65 67.33 78.35 80.49 82.56 75.31 84.52 86.16 77.68 83.42 76.54 81.84 70.62 69.61 69.48 71.16 83.27 88.08 87.66 87.72 90.93 90.81 93.35 90.34 97.23 95.93 100.54 96.98 100.94 106.92
-9999 -9999 -9999 -9999 139.225 136.8906 138.3636 139.8791 125.86 133.57 136.88 137.73 134.68 135.8 134.46 126.13 126.08 121.96 117.26 119.39 115.1 116.32 122.78 116.62 116.2 121.51 107.14 101.92 104.43 100.24 93.8 72.19 83 90.82 99.14 95.37 80.52 66.36 65.2 66.45 74.93 81.83 86.95 87.95 89.39 84.69 92.6 93.88 90.07 93.4 91.96 90.23 91.04 87.16 90.54 83.77 80.2 87.2 87.38 86.13 89.68 91.75 95.47 95.27 91.84 96.74 96.96 91.6 95.91 93.92 89.47 97.46 98.58
-9999 -9999 -9999 -9999 144 138.5294 126.8478 135.52 133.43 139.34 136.18 132.99 134.41 124.79 126.15 124.01 118.65 118.86 113.38 109.58 117.43 122.84 114.44 111.99 115.31 113.26 102.14 89.57 85.9 89.65 95.43 87.4 99.51 107.1 104.54 104.53 94.71 90.62 90.58 87.1 81.64 82.58 88.48 93.39 95.17 93.02 98.59 99.8 96.53 100.72 94.79 97.75 95.45 95.88 92.9 89.46 89.7 90.41 93.03 90.93 95.57 94.94 96.53 91.98 91.05 91.82 93.05 92.87 95.09 91.71 87.07 93.12 106.57
-9999 -9999 -9999 -9999 -9999 141.7627 134.2766 142.5 142.0833 135.73 136.58 129.23 123.59 116.94 110.42 121.09 119.57 113.48 110.33 107.6 118.26 122.47 118.03 118.9 125.73 114.87 100.09 99.66 92.81 84.47 95.78 103 110.62 116.45 116.03 112 110.25 106.77 98.88 89.7 93.37 97 96.61 99.33 99.34 98.72 104.52 104.71 103.87 103.48 100.97 102.56 97.47 100.8 95.7 93.45 94.68 94.08 97.79 95.97 97.95 100.82 99.35 94.94 94.6 92.48 92.44 91.37 90.97 89.01 91.03 98.91 107.49
-9999 -9999 -9999 -9999 -9999 143.7143 143.6842 145.1667 142.5542 140.85 135.49 129.34 123.28 118.83 111.48 112.64 115.27 110.33 107.32 112.04 115.86 122.44 121.88 129.32 127.94 121.38 111.1 106.25 93.23 90.67 97.5 111.62 118.6 122.18 118.71 112.33 96.75 87.47 84.24 86.88 96.02 100.34 100.59 104.09 103.95 103.9 106.61 108.23 108.29 106.64 105.52 102.01 101.18 104.05 99.82 97.37 99.79 98.22 99.08 100.33 99.55 102.18 102.84 101.92 101 100.01 97.09 91.85 92.34 92.24 96.61 98.88 95.47
-9999 -9999 -9999 -9999 -9999 145 143 143.3542 140.1956 132.8876 138.77 131.31 120.36 108.25 113.35 119.4 122.7 123.39 123.05 121.86 121.76 122.7 125.37 125.81 119.07 117.62 118.46 117.15 99.98 105.41 109.79 114.51 117.08 104.09 88.87 90.54 79.27 75.77 87.74 95.76 101.02 104.31 103.65 107.2 106.76 106.7 107.93 110.43 109.98 108.22 105.81 103.89 104.33 106.48 103.24 100.54 102.37 103.89 103.62 103.79 104.65 104.84 104 104.36 103.67 102.45 97.38 94.67 95.66 95.83 94.72 93.4 94.12
-9999 -9999 -9999 -9999 -9999 -9999 146 142.5 142.6552 135.5441 137.1075 132.78 126.88 109.61 111.64 124.93 133.35 129.61 131.42 131.9 129.88 113.99 108.57 114.24 114.6 103.06 101.68 120.06 121.98 103.81 98.71 107.97 90.36 85.41 89.23 68.32 65.31 74.47 88.89 94.59 99.58 104.68 108.01 108.94 108.55 108.56 109.09 111.36 109.48 108.15 107.68 106.53 107.73 108.63 106.25 104.23 104.79 106.35 106.48 106.96 106.7 107.21 107.32 107.06 105.67 101.65 98.83 98.34 98.71 98.34 95.31 93.07 92.21
-9999 -9999 -9999 -9999 -9999 -9999 -9999 142.1538 140.3077 134.0303 138.7361 131.47 125.04 118.2 107.23 120.64 136.02 132.67 126.72 132.02 128.7 116.51 112.68 100.07 95.1 93.56 84.85 107.5 110.38 98.64 83.11 78.11 73.29 73.05 79.2 88.65 81.88 71.58 81.27 94.33 102.78 105.94 108.46 110.09 109.95 109.91 110.32 112.1 108.68 106.75 109.01 109.32 110.39 110.01 108.76 107.88 107.28 107.71 109.09 109.02 109.45 108.76 108.74 107.52 104.7 99.76 100.99 102.23 100.29 97.68 94.3 92.86 89.86
-9999 -9999 -9999 -9999 -9999 -9999 -9999 146 141.4706 138.5275 136.76 136.6 137.62 123.73 118.08 128.03 131.86 128.31 127.18 123.49 121.07 117.13 117.45 99.06 85.41 79.12 72.06 88.35 104.92 91.58 82.38 67.58 54.67 58.4 68.26 68.06 72.51 82.66 87.45 96.57 101.9 105.29 106.43 109.9 111.24 111.15 111.37 112.37 109.38 109.69 110.9 111.56 111.88 110.53 110.46 110.39 110.54 109.36 110.27 111.43 111.32 109.43 109.11 106.49 103.17 105.38 105.18 102.89 101.09 98.77 96.09 93.05 85.9
-9999 -9999 -9999 -9999 -9999 -9999 -9999 139.1212 141.1319 129.77 142.02 140.4 141.16 128.26 137.73 127.66 118.9 109.93 113.36 112.31 112.01 116.88 113.61 107.12 95.63 85.28 87.8 97.03 101.32 87.05 76.2 64.34 65.69 84.22 90.65 89.46 89.54 93.85 99.19 104.09 104.64 107.35 108.88 109.21 112.25 111.55 112.5 112.25 111.78 112.72 112.16 112.82 111.55 110.63 111.84 112.15 113.04 113.71 111.95 113.64 109.51 106.35 107.37 106.35 108.84 105.68 105.79 104.27 101.78 98.63 94.8 90.59 92.82
-9999 -9999 -9999 -9999 -9999 -9999 -9999 128.3175 128.5 137.35 141.6 141.5 136.93 137.17 115.86 98.49 89.22 97 105.69 112.26 114.99 115.55 115.69 108.12 118.18 102.65 99.34 102.13 95.63 88.71 81.35 75.11 73 93.72 96.99 97.74 99.39 100.72 103.74 106.21 108.39 110.03 111.22 110.91 111.38 112.64 113.73 112.97 112.85 112.06 113.84 112.98 111.93 112.55 112.95 113.62 114.37 115.2 114.52 114.54 110.23 110.9 112.08 109.44 106.52 104.98 105.54 104.85 103.54 102.15 99.41 96.54 92.64
-9999 -9999 -9999 -9999 -9999 -9999 -9999 132.25 139.91 139.12 136.63 120.35 126.58 119.12 93.07 105.11 109.83 115.54 111.59 101.39 98.73 104.84 107.61 113.97 126.87 114.2 107.55 110.8 104.66 99.11 98.27 93.72 83.74 100.7 102.19 99.97 98.25 102.68 104.51 106.07 107.12 109.53 111.18 112.25 113.45 114.39 114.09 113.38 113.43 113.87 114.16 113.24 111.88 113.83 113.94 114.23 113.87 112.08 109.5 113.3 115.03 112.47 110.13 107.69 104.41 102.8 103.62 103.01 101.08 99.4 97.9 93.15 90.73
-9999 -9999 -9999 -9999 -9999 -9999 -9999 138.7879 137 129.25 131.59 119.12 132.45 129.76 121.58 121 120.23 104.29 91.23 91.93 93.36 94.04 111.53 115.11 128.08 117.82 106.94 113.35 112.58 104.11 103.65 104.35 102.89 110.68 106.9 108.37 105.1 102.8 100.58 99.54 101.96 104.6 109.54 110.71 112.82 114.13 114.76 115.1 115.52 115.74 114.98 114.12 113.7 113.44 111.37 110.2 109.48 109.78 110.94 115.79 113 110.53 108.69 106.18 104 103.1 102.16 102.84 101.71 100.9 100.1 97.49 95.18
-9999 -9999 -9999 -9999 -9999 -9999 -9999 136.9767 131.91 125.76 139.66 134.7 137.09 132.72 124.28 105.73 97.17 88.23 103.32 97.1 99.9 100.28 106.42 116.87 130.1 120 108.45 117.41 116.37 115.88 108.27 100.76 108.64 115.69 107.76 111.77 109.52 104.99 106.64 108.24 105.54 105.29 109.47 113.45 114.02 113.97 115.35 115.33 114.62 113.61 115.38 115.08 112.21 109.52 109.02 109.08 109.68 112.65 116.21 114.71 111.5 110.72 108.91 107.71 106.41 105.55 106.34 105.58 104.25 104.5 103.58 102.76 101.42
-9999 -9999 -9999 -9999 -9999 -9999 -9999 135.96 136.9 138.398 134.88 132.42 128.06 132.08 126.39 120.27 117.21 119.56 108.94 100.26 99.76 108.39 119.04 126.75 123.67 112.14 118.42 124.57 126.82 118.07 107.35 96.29 108.73 109.48 112.62 114.61 107.85 105.51 106.32 108.5 110.23 109.57 110.32 112.62 114.31 115.09 115.61 116.27 115.34 114.46 113.74 111.53 110.22 110.21 109.76 109.7 111.84 116.6 113.92 112.68 111.78 111.35 109.34 107.7 107.03 105.66 110.12 110.92 109.5 107.62 107.37 105.88 104.33
-9999 -9999 -9999 -9999 -9999 -9999 -9999 -9999 138.8947 135.86 135.44 137.11 141.39 139.79 137.19 127.57 123.42 105.78 103.05 107.73 116.96 118.42 125.19 128.1 109.09 120.63 127.85 133.42 133.2 122.85 110.81 106.33 106.58 113.42 115.57 115.94 112.08 109.91 107.87 109.07 109 110.55 112.62 113.72 113.94 115.67 116.26 113.74 113.75 113.19 113.18 113.98 113.05 112.12 110.82 110.99 115.64 117.08 114.54 114.59 113.43 111.83 111.12 112.19 112.65 108.9 110.87 107.84 107.96 107.65 107.76 106.13 104.96
-9999 -9999 -9999 -9999 -9999 -9999 -9999 -9999 138.2174 136.67 139.11 139.05 139.01 131.78 134.66 133.29 120.74 121.03 123.08 122.71 127.71 112.65 115.19 106.11 112.25 127.3 135.36 137.76 132.77 123.73 117.69 117.88 117.03 122.57 121.08 119.16 113.61 109.97 111.74 112.16 112.53 110.34 112.2 113.65 114.7 117.6 117.64 115.48 115.37 115.7 116.09 116.07 116.29 114.47 115.18 117.38 117.97 117.79 117.21 111.7 111.2 109.42 107.89 108.22 109.17 108.6 105.81 103.74 104.6 103.98 100.45 101.01 99.05
-9999 -9999 -9999 -9999 -9999 -9999 -9999 -9999 140.6875 139.09 137.06 137.88 134.62 137.01 135.25 131.61 125.05 124.05 137.77 125.41 108.91 106.37 107.53 114.35 122.01 122.99 125.01 136.78 131.95 118.43 107.78 121.75 125.57 125.97 123.13 120.77 115.33 112.54 115.29 111.94 111.26 113.16 112.86 114.53 116.02 116.64 116.8 115.35 115.93 117.34 117.96 117.31 117.66 117.73 117.07 116.07 116.75 117.39 115.56 111.62 109.87 108.95 108.34 107.64 107.73 107.64 106.43 100.48 94.32 93.06 95.02 102.22 101.75
-9999 -9999 -9999 -9999 -9999 -9999 -9999 -9999 140.6111 139.3838 139.08 139.41 139.29 137.61 134 134.52 126.19 129.11 137.14 121.76 95.6 115.61 113.68 116 125.34 134.79 135.76 133.86 128.26 130.45 122.36 127.33 125.33 115.89 111.57 112.7 115.54 118.06 114.03 111.12 110.19 110.6 111.64 112.24 113.51 112.93 112.3 113.53 113.55 114.08 114.68 115.63 115.42 115.38 114.38 114.22 115.79 116.68 114.32 114.06 115.11 113.28 112.18 111.28 109.73 108.45 108.93 102.62 96.04 99.04 101.11 101.72 100.31
-9999 -9999 -9999 -9999 -9999 -9999 -9999 -9999 -9999 139.481 137.2 137.4 133.37 129.83 132.73 136.39 135.47 139.7 122.14 110.31 125.18 129.05 119.33 129.3 120.72 132.83 122.73 122.58 135.27 135.13 130.35 132.64 123.31 114.69 115.61 119.23 122.4 117.01 113.76 112.49 111.11 110.31 109.35 108.94 108.77 108.22 109.31 110.79 113.06 115.17 112.76 114.37 115.08 115.56 116.28 116.71 116.11 115.45 115.43 115.18 114.85 114.25 112.84 110.94 109.27 108.84 107.35 105.71 101.31 103.87 101.82 96 88.4
-9999 -9999 -9999 -9999 -9999 -9999 -9999 -9999 -9999 139.9434 138.77 137.7 136.87 134.29 136.29 135.61 140.34 123.92 117.68 116.88 138.59 133.02 129.92 138.41 135.58 130.49 118.65 119.46 138.91 133.69 126.45 127.55 120.36 120.03 118.66 119.55 114.06 112.63 113.69 114 113.59 111.04 109.28 106.7 107.56 108.96 108.6 108.11 109.79 112.31 113.38 113.95 114.92 115.16 115.59 115.83 114.75 114.63 113.17 114.47 113.96 113.08 112.25 110.86 109.37 108.46 107.12 104.68 101.27 99.96 99.24 87.66 69.25
