layers/wordclim/past/Iberia_lig_10_ascii/bio_19.asc
ncols         166
nrows         94
xllcorner     -9.4959440078468
yllcorner     36.000324005443
cellsize      0.083333337679505
NODATA_value  -9999
[rows 32 to 63 of 94, columns 0 to 72 of 166]
-9999 -9999 -9999 -9999 -9999 -9999 -9999 -9999 -9999 505.25 494.0968 483.91 489.27 506.13 513.77 499.17 513.58 527.37 516.2 525.64 484.78 495.55 483.46 463.19 460.7 430.99 406.15 385.69 344.62 366.22 356.69 328.21 314.93 307.84 302.69 283.48 266.36 252.36 237.6 219.71 201.86 186.63 175.99 164.13 153.99 147.35 143.58 141.87 140.17 137.5 134.43 133.92 132.98 132.97 131.51 131.19 132.12 131.73 134.32 135.65 136.57 139.56 143.41 146.73 150.19 155.27 159.81 161.29 164.56 170.9 183 196.26 193.73
-9999 -9999 -9999 -9999 -9999 -9999 -9999 -9999 -9999 -9999 483.0119 493.83 480.09 488.49 495.9 526.97 596.4 578.13 638.95 616.63 551.98 562.62 534.55 526.83 516.89 487.07 438.15 412.38 355.42 346.86 331.31 318.98 304.63 309.41 302.76 284.49 270.18 253.75 240.1 224.27 207.45 192.7 179.51 166.43 155.28 147.25 145.48 144.39 143.22 140.45 136.54 134.28 133.94 133.77 131.14 130.93 130.59 130.1 131.72 133.15 135.31 138.6 142.41 148.71 154.3 159.58 164.57 182.49 185.94 186.76 168.52 168.03 183.38
-9999 -9999 -9999 -9999 -9999 -9999 -9999 -9999 -9999 -9999 474.4419 496.4 510.18 519.62 521.86 529.11 560.81 621.18 649.31 627.33 615.55 605.62 559.39 509.07 523.44 521.8 467.17 404.21 369.7 374.26 357.64 330.24 331.68 318.53 303.06 285.18 271.46 258.52 241.77 224.78 212.41 199.83 183.84 171.25 161.32 154.97 153.65 147.41 142.85 141.57 139.08 136.71 135.78 134.12 132.1 130.62 129.9 129.59 129.11 130.43 133.35 136.5 141.62 147.71 155.78 161.65 185.81 203.79 180.71 168.31 164.24 162.3 167.25
-9999 -9999 -9999 -9999 -9999 -9999 -9999 -9999 -9999 463 464.5816 483.15 505.85 542.84 611.11 608.38 595.09 548.95 555.21 565.03 585.09 585.64 571.88 537.07 529.93 519.52 468.07 409.01 385.91 389.35 382 353.04 329.26 324.59 311.13 293.3 274.26 258.39 240.72 225.33 213.38 201.45 188.85 179.1 170.55 164.85 161.42 154.86 147.77 144.16 142.02 139.65 138.74 135.91 132.32 129.75 128.34 127.53 127 128.36 131.02 134.91 140.45 147.53 156.09 165.69 203.76 174.7 184.37 178.65 167.64 160.87 155.16
-9999 -9999 -9999 -9999 -9999 -9999 -9999 -9999 -9999 457.6667 454.1461 464.33 489.29 568.77 542.56 568.7 559.63 509.26 521.25 542.98 555.06 551.07 538.05 531.59 515.55 513.53 461.91 419.86 407.05 380.83 379.07 367.83 342.1 322.36 313.51 299.36 280.63 260.33 245.99 231.82 218.34 208.52 197.8 189.66 182.35 177.83 170.11 157.76 153.18 148.72 145.98 143.18 141.8 140.16 135.91 130.78 129.4 126.65 124.53 125.01 128.91 134.32 141.24 153.45 183.53 188.32 207.06 194.5 172.41 164.72 163.46 157.6 156.57
-9999 -9999 -9999 -9999 -9999 -9999 -9999 -9999 -9999 450.7027 447.4348 455.56 467.69 486.5 537.17 525.58 540.61 516.06 534.75 536.74 516.54 507.45 499.11 501.02 489.24 465.19 443.93 432.76 426.51 405.38 383.92 375.57 351.28 330.39 310.1 304.08 285.7 263.9 251.44 240.48 227.61 215.17 208.53 202.8 194.87 179.72 168.06 162.23 157.86 155.18 153.09 151.15 153.86 149.02 147.75 143.74 137.99 128.72 125.13 125.04 141.78 143.29 156 164.09 163.95 158.97 162.89 163.37 164.53 167.72 163.85 158.81 158.35
-9999 -9999 -9999 -9999 -9999 -9999 -9999 -9999 442.4 444.473 447.2577 445.69 449.33 476.26 516.01 572.05 588.91 515.41 501.35 495.55 493.34 500.08 505.07 479.35 451.9 450.43 447 478.97 448.91 418.45 401.8 381.22 360.03 330.16 306.26 290.61 281.19 274.21 263.07 252.89 242.77 235.49 218.19 203.22 192.06 182.74 174.92 169.34 167.01 167.86 169.53 167.72 172.88 168.78 160.8 148.42 135.63 129.81 130.22 136.77 146.08 155.99 155.82 167.73 156.47 154.7 161.75 165.06 165.25 165.74 164.26 161.95 161.48
-9999 -9999 -9999 -9999 -9999 -9999 -9999 -9999 438.2903 440.55 444.91 440.48 440.47 456.83 517.76 582.51 487.03 480.06 473.92 485.03 477.13 474.71 463.76 478.37 553.73 555.85 505.94 485.21 456.58 428.59 402.33 391.95 361.89 331.5 312.45 293.57 281.58 289.26 288.17 295.35 256.49 238.56 215.61 201.54 198.24 192.36 180.96 178.86 179.18 174.96 171.04 179.05 196.28 170.36 155.37 152.74 155.18 151.68 143.4 131.04 133.03 134.2 139.8 150 150.51 154.98 158.87 164.24 166.95 169.94 168.88 167.08 165.8
-9999 -9999 -9999 -9999 -9999 -9999 -9999 -9999 433.5968 437.72 439.84 441.84 436.01 462.12 490.92 481.79 468.74 459.48 464.56 463.69 475.03 483.85 570.34 672.46 606.47 540.65 481.13 486.51 451.83 422.06 407.67 396.45 358.92 338.39 331.59 312.58 293.86 289.81 278.33 263.96 247.32 208.24 199.52 200.99 193.47 199.79 193.6 183.33 177.14 180.37 202.6 218.6 214.27 200.94 200.22 181.26 154.18 139.68 133.19 132.09 132.52 135.45 139.82 144.65 148.78 153.04 158.15 167.18 170.18 171.72 172.3 169.87 168.02
-9999 -9999 -9999 -9999 -9999 -9999 -9999 421 428.8242 432.33 435.46 440.93 435.09 466.69 464.85 444.45 447.84 452.55 462.5 481.21 491.35 584.54 740.62 676.07 517.27 449.82 431.32 456.44 454.37 430.58 423.64 402.44 379.87 357.91 338.47 322.4 328.25 297.1 274.47 232.18 211.14 205.43 210.14 206.24 219.68 261.34 237.42 193.38 193.51 220.92 225.88 218.97 211.63 183.96 176.01 159.16 153.15 157.53 158.62 145.87 135.42 137.91 140.8 143.56 146.14 153.22 158.37 166.98 172.5 169.47 171.58 170.35 167.27
-9999 -9999 -9999 -9999 -9999 -9999 -9999 418.4667 425.18 429.56 434.34 431.43 429.64 460.51 458.1 438.32 448.72 454.3 463.11 494.32 515.9 561.75 673.02 643.96 459.84 425.31 427.86 425.45 436.38 447.73 437.7 432.75 394.83 366.19 358.69 319.93 291.27 260.56 241.47 223.85 205.8 206.78 205.75 209.12 268.95 298.18 236.6 217.37 231.29 245.82 266.59 242.69 216.34 176.56 179.97 177.41 148.09 134.72 136.91 137.43 138.76 140.02 140.37 141.57 147.77 154.91 158.02 164.72 169.02 168.27 167.71 165.75 167.01
-9999 -9999 -9999 -9999 -9999 -9999 -9999 423.0411 420.6 414 414.96 414.85 420.24 444.63 444.82 451.89 451.05 471.82 525.41 581.67 600.65 513.68 477.83 455.59 437.77 432.41 409.97 402.7 403.23 401.43 361.02 339.08 376.92 322.68 290.99 269.7 251.75 250.65 228.23 214.15 203.18 194.53 218.85 259.2 220.68 242.28 291.92 276.64 261.31 192.73 211.24 189.15 155.5 142.79 146.92 136.79 136.21 136.91 138.76 140.15 138.06 137.4 139.49 143.92 149.9 154.03 156.14 163.09 165.83 167.52 165.55 163.73 163.99
-9999 -9999 -9999 -9999 -9999 -9999 -9999 401.4857 404.3864 408.41 408.55 410.52 433.22 439.71 434.66 483.3 519.25 538.5 538.24 559.97 531.87 477.03 480.56 478.17 454.09 422.96 386.35 377.25 371.36 350.31 327.31 317.59 311.39 286.78 261.87 253.26 248.99 241.29 223.44 212.78 204.23 205.32 225.18 216.45 232.24 199.6 188.48 179.62 165.81 150.27 147.01 144.47 142.86 143.23 142.07 141.28 144.27 147.05 139.56 137.87 137.09 138.83 142.56 146.24 149.24 151.32 155.91 159.14 161.45 165.88 161.45 161.84 165.3
-9999 -9999 -9999 -9999 -9999 -9999 -9999 397.6133 405.55 403.15 401 431.46 447.58 444.09 515.49 558.18 527.32 500.96 501.24 482.87 461.55 504.95 466.26 481.27 418.09 388.17 377.95 364.2 363.47 358.3 340.42 304.12 285.32 265.1 255.41 250.56 239.68 226.9 213.68 205.65 203.59 203.48 200.73 197.28 190.28 172.08 165.13 158.51 154.15 150.71 147.95 146.76 145.58 143.87 143.09 143.88 141.28 139.6 139.16 139.55 139.71 141.81 144.78 146.39 146.92 148.5 153.53 153.77 158.49 158.99 157.35 160.07 160.75
-9999 -9999 -9999 -9999 -9999 -9999 385.7647 392.01 402.41 400.78 403.48 444.65 440.07 449.86 492.04 482.9 463.34 473.03 500.73 500.08 497.19 467.57 409.96 409.64 399.44 376.92 365.23 349.36 342.57 331.72 312.93 295.25 291.21 269.21 256.22 244.74 232.49 220.67 212.63 212.57 210.52 200.7 187.62 178.62 172.85 167.51 164.39 160.84 157.25 154.01 152.18 150.62 148.26 146.54 145.88 143.69 142.67 141.59 141.63 143.07 144.38 145.57 145.79 145.65 145.62 148.99 150.67 150.59 153 156.52 161.41 164.45 165.93
-9999 -9999 -9999 -9999 -9999 -9999 377.1429 378.66 395.67 404.64 405.23 427.27 425.02 443.43 444.96 439.4 459.76 487.36 502.51 524.9 462.7 413.63 391.91 393.07 388.94 369.68 336.73 328.85 321.3 320.97 306.81 291.68 278.15 269.88 255.7 246.23 237.77 228.39 226.3 225.3 210.5 197.69 185.79 178.96 175.19 170.77 167.77 167.11 161.42 158.02 157.56 157.19 152.9 150.64 148.16 148.33 149.29 146.84 145.18 144.45 144.57 145.42 145.88 145.76 147.82 149.88 150.79 151.88 154.03 156.81 160.75 162.8 163.77
-9999 -9999 -9999 -9999 -9999 368.7857 374.3776 374.85 385.86 404.01 420.72 418.61 408.2 428.56 422.52 425.08 427.93 442.43 471.4 472.87 421 397.84 391.62 388.93 364.61 338.28 332.31 322.62 324.23 310.01 299.63 289.07 275.75 261.96 251.1 246.62 240.26 236.09 223.31 211.63 204.05 195 192.06 187.19 182.63 174.57 174.2 173.15 166.35 164.59 162.57 160.55 155.8 155.7 154.6 154.28 155.14 152.83 151.6 151.8 150.35 147.31 149.96 153.96 154.33 156.8 158.84 158.56 158.8 159.66 159.39 159.1 160.92
-9999 -9999 -9999 -9999 -9999 368.3214 376.5 379.53 381.62 403.38 409.17 397.59 390.66 403.85 422.24 408.61 424.08 423.42 428.55 409.75 387.06 386.65 371.32 357.69 352.99 350.97 339.26 323.9 320.71 307.22 289.66 279.93 278.47 269.98 258.17 242.3 227.13 223.48 219.78 216.6 209.56 202.05 200.02 197.08 196.94 194.26 188.95 182.59 181 178.67 173.85 167.82 166.96 164.76 168.49 165.01 163.69 162.22 162.6 159.76 158.64 155.98 158.46 161.33 158.68 161.55 162.38 162.97 162.48 162.72 162 161.3 161
-9999 -9999 -9999 -9999 -9999 359.5854 361.68 378.73 397.33 430.8 406.18 393.9 384.09 380.36 397.89 394.61 409.14 420.14 413.84 389.73 373.04 363.1 353.14 357.36 355.09 343.83 329.58 330.07 311.47 299.76 294.06 285.94 279.85 272.5 264.75 247.96 233.77 223.38 217.55 213.34 208.58 201.72 199.94 197.61 196.25 194.89 195.52 196.15 193.37 198.41 186.58 185.6 176.01 171.28 181.59 178.72 179.75 175.81 175.24 172.13 171.38 164.7 164.02 166.83 167.35 166.16 167.22 166.35 164.1 164.19 162.91 163.41 162.37
-9999 -9999 -9999 -9999 340.9063 352.5757 361.06 408.59 427.72 422.51 415.96 372.2 367.24 366.6 380.32 385.83 385.65 385.73 380.15 376.49 363.42 369.51 363.36 364.82 350.67 347.06 338.38 338.28 325.77 303.2 284.69 278.31 272.48 262.94 256.06 247.82 238.14 223.29 219.15 212.68 206.51 203.9 202.3 202.38 201.54 201.21 198.52 196.81 212.79 209.32 209.09 191.27 188.13 178.22 178.21 183.92 183.61 180.96 190.45 177.32 186.32 180.28 178.12 176.12 176.2 174.14 171.08 165.96 164.42 164.01 163.79 163.57 162.22
-9999 -9999 -9999 332.381 335.17 351.22 376.21 399.7 393.59 372.9 363.78 356.99 354.42 360.49 358.28 354.79 355.45 353.16 365.13 367.25 372.24 369.09 366.97 366.89 371.56 356.92 345.34 335.25 332.24 313.75 289.97 275.45 264.47 254.39 248.15 242.53 236.37 232.64 223.64 218.18 210.64 207.34 206.52 208.51 208.44 220.34 209.48 205.3 216.75 222.33 197.51 188.25 183.58 182.64 175.69 175.47 173.88 174.7 178.37 175.15 177.75 174.03 171.37 169.95 180.39 185.75 180.21 173.57 168.78 168.31 164.99 163.53 162.21
-9999 307.381 322.4375 327.2209 339.3 350.16 366.1 354.97 356.48 359.1 350.31 346.43 351.61 367.22 364.47 361.89 357.56 364.5 366.05 361.59 358.23 359.33 362.01 365.49 388.13 398.37 375.63 353.83 331.82 314.9 302 287.79 268.58 266.61 254.45 240.94 232.68 228.55 224.81 222.49 217.41 214.85 214.29 211.54 209.6 218.3 219.92 213.46 205.69 200.19 194.42 185.99 186.66 180.99 178.32 175.81 176.61 177.39 178.63 182.52 184 183.92 174.93 176.7 178.89 177.16 180.91 176.34 171.94 172.69 174.47 167.65 162.51
-9999 314 330.36 337.62 342.93 348.5 350.99 346.34 349.89 348.11 341.66 341.84 353.89 357.9 360.65 361.19 357.32 351.79 349.09 348.98 342.09 344.43 343.86 347.43 362.49 397.31 384.11 337.9 307.09 300.28 289.2 271.15 260.13 259.43 248.1 243.86 240.58 229.07 228.24 228.9 223.9 219.25 218.51 211.24 203.87 204.77 198.47 197.88 195.51 199.22 195.73 188.09 186.35 183.58 189.71 185.33 183.49 184.25 180.92 181.43 180.43 174.75 171.88 174.44 180.91 178.17 173.87 174.3 177.59 175.59 180.16 169.31 163.38
-9999 328.3889 332.93 340.28 347.63 373.83 348.6 347.84 345.99 338.83 337.53 346.02 348.62 349.33 350.62 351.15 345.34 338.32 343.47 340.44 331.91 333.52 340.76 338.21 333.77 337.54 337.61 321.46 297.13 284.25 282.03 261.48 255.66 252.2 248.25 246.54 241.44 235.45 232.15 229.01 236.97 224.97 210.63 208.19 203.87 202.1 198.65 198.86 195.89 195.86 196.82 194.5 191.22 190.56 192.65 196.33 191.63 188.67 185.27 186.42 189.34 181.79 174.85 173.67 179.76 177.62 172.63 168.85 168.6 172.14 168.37 164.33 163.21
-9999 337.5938 339.82 349.96 365.94 355.45 343.36 345.41 337.76 334.2737 338.3 341.4 344.31 345.59 344.85 342.06 332.7 335.08 334.42 326.74 324.15 324.22 325.5 330.98 324.59 318.2 306.09 299.93 284.85 270.11 265.97 253.26 251.22 246.42 243.69 239.95 232.35 229.91 232.02 227.41 222.15 211.67 209.52 206.36 203.88 203.28 201.68 200.21 199.38 198.75 199.68 198.19 200.81 200.72 198.08 199.46 202.53 195.13 191.24 194.55 195.08 190.38 184.73 179.3 179.96 178.34 171.99 168.41 167.55 166.08 165.96 166.39 166.08
-9999 350.95 354.03 365.19 373.46 363.51 339.4787 336.1778 333.4368 334.67 338.48 338.65 340.13 336.21 332.13 331.25 327.32 327 325.42 323.36 318.94 317.48 315.35 310.99 309.12 306.4 295.74 283.43 278.6 267.22 250.74 244.98 239.42 236.28 235.09 231.9 228.26 225.16 226.14 226.93 221.27 213.02 211.37 209.89 208.68 207.01 206.4 210.04 210.63 204.48 204.96 205.58 202.92 204.4 203.74 204.76 205.9 204.63 198.5 194.89 192.45 196.48 190.94 182.67 183.68 176.71 172.21 170.32 169.59 169.17 169.25 169.16 168.03
-9999 370.4796 383.58 385.47 388.73 366.866 339.7468 334.51 333.66 334.09 333.41 329.96 325.13 325.67 325.77 323.45 320.87 316.34 315.56 321.42 319.66 319.72 315.85 310.56 306.72 304.01 302.75 290.88 267.3 255.23 244.37 239.23 234.9 232.47 231.4 228.96 225.95 224.23 225.46 225 217.86 215.84 214.81 214.86 215.13 213.97 213.56 213.36 213.16 214.1 212.22 208.67 212.26 220.35 212.6 212.48 209.86 206.81 203.17 204.58 198.1 195.63 193.85 188.74 187.37 181.4 177.46 174.71 174.16 173.09 172.67 172.09 171.14
379.0968 386.01 395.65 390.33 367.99 353.95 337.8889 335.5 334.12 333.01 333.12 330.51 327.94 328.33 322.17 321.35 320.15 317.24 314.38 315.2 313.26 313.98 323.45 320.56 309.74 299.57 304.14 288.85 261.9 248.13 241.27 238.68 234.69 230.83 229.97 228.94 228.34 229.05 226.58 223.43 223.49 222.89 222.06 225.16 224.84 224.43 224.13 219.29 220.68 221.3 220.92 217.99 215.05 219.28 213.77 214.73 215.61 214.95 215.31 212.99 205.96 202.14 201.86 196.8 190.48 187.27 183.48 181.32 181.74 179.81 178.73 181.69 178.54
388.9876 397.75 399.92 385.49 361.4787 347 335.8095 335.16 333.69 331.87 329.22 328.54 327.15 327.32 324.62 323.9 325.33 322.83 317.14 316.17 312.67 311.87 308.91 317.43 316.42 291.87 279.18 266.9 254.46 249.53 245.99 243.35 239.46 237.93 236.36 235.52 236.81 236.37 231.1 234.48 235.6 236.44 236.22 233.92 240.8 232.45 231.86 227.81 230.57 231.56 232.11 230.54 228.49 220.19 223.34 221.59 219.09 215.92 219.3 216.68 216.36 210.97 205.69 204.05 201.55 197.9 198.14 192.26 187.43 185.4 183.75 183.35 181.03
373.88 379.493 378.0405 372.1818 359.2667 341.1667 338.2472 333.1 331.46 330.84 330.23 327.21 325.21 322.95 325.17 328.02 330.05 327.26 320.38 314.89 312.16 305.89 312.3 306.23 293.36 288.67 267.01 260.06 259.99 254.5 252.14 249.06 245.08 242.74 242.19 239.96 241.32 243.08 239.33 235.61 240.29 245.31 247.05 243.04 242.55 242.35 239.43 241.95 242.28 246.03 242.25 239.23 232.93 229.23 227.97 224.36 222.84 223.5 221.99 220.31 221.84 222.55 217.14 211.76 207.75 207.25 208.22 203.07 193.09 191.38 191.19 187.7 186.25
-9999 -9999 356.5 361.3649 351.1818 343.4524 338.94 333.84 328.81 326.12 324.94 322.99 322.17 326.54 329.48 327.61 328.57 326.56 319.45 306.49 300.59 294.61 291.57 291.48 283.22 271.97 266.43 260.43 262.91 263.83 264.73 260.43 253.94 252.01 250.81 247.87 248.58 250.16 248.4 244.4 249.32 251.46 255.8 256.14 249.38 254.27 252.67 256.94 252.75 247.57 243.08 240.93 239.36 238.7 242.53 234.61 234.95 237.08 232.91 231.44 229.64 229.05 225.67 220.8 218.68 215.01 207.77 203.27 205.9 196.71 198.02 195.01 192.26
-9999 -9999 -9999 355.5417 351.22 347.47 347.0202 333.3647 323.8352 320.4835 322.72 317.9 316.6 323.3 322.39 321.07 323.74 316.09 306 301.05 294.58 288.7 286.75 287.15 282.75 271.16 261.54 262.56 263.16 268.89 270.13 274.14 281.01 271.4 275.17 258.26 256.73 261.64 259.55 255.33 250.91 264.1 262.82 261.1 257.59 266.13 268.84 262.68 259.45 253.15 253.02 253.1 252.67 249.52 247.51 243.94 241.52 240.08 241.47 247.17 247.45 239.32 233.31 228.44 219.27 217.13 215.56 210.89 206.86 206.52 203.66 201.7 199.81
