layers/wordclim/past/Iberia_lig_10_ascii/bio_08.asc
ncols         166
nrows         94
xllcorner     -9.4959440078468
yllcorner     36.000324005443
cellsize      0.083333337679505
NODATA_value  -9999
[rows 34 to 67 of 94, columns 0 to 75 of 166]
-9999 -9999 -9999 -9999 -9999 -9999 -9999 -9999 -9999 -9999 92.72093 85.7 81.42 78.05 75.85 72.86 64.55 49.97 41.54 43.71 42.83 41.26 47.18 53.6 45.15 39.98 46.93 56.93 60.13 52.68 51.24 53.39 45.24 42.41 40.34 39.33 36.78 45.22 55.11 54.33 51.85 50.9 52.04 51.9 51.01 50.54 50.67 50.58 49.99 47.88 47.34 46.7 46.22 45.98 46.22 45.63 46.37 46.79 45.13 43.87 42.36 43.28 43.89 43.32 37.84 31.33 10.22 0.91 18.14 30.1 34.64 36.2 30.23 30.43 37.15 37.15
-9999 -9999 -9999 -9999 -9999 -9999 -9999 -9999 -9999 96.4375 94.63265 88.45 82.09 73.35 57.87 56.89 58.09 65.28 61.84 56.95 49.71 46.1 45.13 47.87 44.43 41.38 47.59 56.23 56.4 49.23 44.82 46.59 47.16 41.32 38.81 37.38 37.15 40.05 57.56 56.32 54.14 52.62 52.03 50.54 49.25 48.84 47.68 47.7 49.04 47.81 45.81 44.88 42.65 42.89 43.67 44.6 45.61 45.44 43.75 40.95 38.98 40.45 40.38 38.87 31.92 23.88 -0.92 21.25 13.4 19.88 33.63 41.1 45.37 44.07 40.43 42.08
-9999 -9999 -9999 -9999 -9999 -9999 -9999 -9999 -9999 97.06667 96.53933 92.41 85.32 67.91 71.53 64.86 64.85 72.9 68.19 61.12 55.9 53.48 52.34 49.19 48.22 43.32 49.53 53.85 51.58 52.66 46.55 42.54 43.76 43.43 39.25 36.85 36.04 37.43 53.42 55.8 54.19 51.33 50.12 47.55 45.62 43.44 43.78 48.55 46.86 46.24 45.82 43.31 40.63 38.53 38.91 41.87 39.85 41.92 39.89 37.71 34.77 34.69 34.36 26.7 7.42 5.67 -3.58 6.06 28.27 40.6 44.22 50.23 47.9 41.94 42.29 45.42
-9999 -9999 -9999 -9999 -9999 -9999 -9999 -9999 -9999 98.18919 97.42391 93.86 89.88 84.53 72.44 73.13 68.68 71.5 65.19 62.35 63.43 62.15 60.08 55.77 53.93 54.58 53.95 51.12 47.17 46.65 46.09 41.29 42.08 42 41.41 36.35 35.78 36.93 41.12 53.82 52.17 51.17 47.22 43.7 42.09 45.72 48.64 47.53 45.6 43.63 41.59 38.23 32.5 32.32 30.09 28.99 29.54 34.22 32.81 31.61 23.36 24.23 19.76 18.06 22.9 32.74 34.3 40.56 42.5 39.54 49 54.28 49.68 46.52 44.84 49.11
-9999 -9999 -9999 -9999 -9999 -9999 -9999 -9999 99.8 98.72973 96.79382 95.79 93.88 86.31 76.59 63.73 58.94 71.02 71.72 70.25 67.87 63.61 58.98 60.47 62.13 58.2 53.55 40.84 42.08 43.91 41.8 41.01 40.78 43.18 44.44 43.03 39.03 34.53 32.4 43.06 47.25 43.43 45.49 47.25 47.02 46.81 46.47 44.96 41.82 36.79 31.89 29.27 22.74 21.85 23.86 27.81 32.77 33.67 29.96 25.6 21.11 17.34 19.47 14.97 33.12 44.62 39.53 41.45 51.12 53.25 56.33 57.16 51.17 50.37 48.33 51.68
-9999 -9999 -9999 -9999 -9999 -9999 -9999 -9999 99.93549 99.12 96.83 96.78 95.59 90.31 76.09 61.31 78.73 78 77.09 72.25 71.07 68.5 67.45 61.02 42.96 36.82 40.69 39.82 40.88 41.86 42.64 39.18 41.36 44.13 43.6 43.23 40.41 30.73 24.34 16.17 37.91 45.18 50.82 51.46 46.36 44.16 45.8 41.93 36.5 34.82 33.38 24.84 14.15 24.24 28.88 27.06 22.72 22.18 25.9 34.73 31.05 37.12 36.54 32.64 44.02 47.95 52.89 54.91 57.82 54.53 56.7 57.15 53.56 54.04 54.03 45.54
-9999 -9999 -9999 -9999 -9999 -9999 -9999 -9999 100.7742 98.97 97.49 95.84 96.17 89 81.16 81.39 82.35 82.01 78.86 76.31 71.27 66.63 48.48 28.16 34.03 39.97 46.71 40 42.46 44.23 42.23 38.78 43.19 42.81 38.26 38.04 37.55 32.44 30.37 35.97 43.7 64.75 62.82 54.78 52.57 43.13 41.28 42.74 40.99 34.78 21.27 9.43 7.85 10.56 8.13 15.18 28.81 36.65 43.57 43.94 48.56 52.89 48.24 48.4 54.05 57.66 59.58 55.38 58.35 56.67 56.67 60.27 58.44 55.23 47.38 42.15
-9999 -9999 -9999 -9999 -9999 -9999 -9999 103 101.1099 99.38 97.72 95.63 95.84 87.35 86.46 89.42 86.43 83.27 78.94 72.64 68.02 48.9 14.8 27.43 49.65 58.68 58.06 47.4 42.69 42.82 38.94 37.97 37.88 37.75 37.49 36.11 27.34 32.2 34.62 60.29 72.33 68.84 58.74 54.45 41.22 13.71 21.56 39.62 34.23 17.28 11.67 10.78 10.17 19.64 20.83 28.62 33.65 29.34 25.6 32.11 53.18 56.54 57.62 60.13 64.26 60.92 60.47 57.4 57.52 61.03 58.74 59.4 59.04 51.71 45.85 44.69
-9999 -9999 -9999 -9999 -9999 -9999 -9999 102.5 100.66 99.09 97.22 97.25 96.51 88.49 87.43 90.29 85.77 82.4 78.48 70.16 63.3 52.37 27.27 31.02 61.12 64.22 59.33 55.05 47.45 39.43 35.96 30.79 34.76 36.46 32.26 38.76 41.96 47.86 49.67 61.29 77.71 70.37 64.26 55.83 15.04 -2.56 24.69 29.45 17.91 7.79 -4.61 3.52 12.38 30.51 24.78 26.54 47.42 59.81 54.84 50.37 51.65 55.57 62.89 67.21 63.48 60.54 61.79 59.23 58.31 60.98 61.69 62.42 57.83 50.17 48.51 49.64
-9999 -9999 -9999 -9999 -9999 -9999 -9999 100.2055 100.5 101.71 101.06 100.4 98.06 91.57 89.8 86.75 84.83 78.86 65.91 53.31 47.51 60.52 64.27 65.49 65.52 63.03 63.44 60.97 55.76 51.17 56.33 57.14 40.52 50.94 55.52 57.95 58.93 53.2 58 74.13 81.89 80.63 55.59 24.28 45.87 27.17 -3.97 0.39 5.63 39.63 25.7 33.58 53.75 64.52 58.36 70.68 66.54 61.96 56.51 53.62 62.45 68.56 68.46 64.12 60.65 61 63.02 58.9 60.28 60.26 61.46 61.74 59 54.77 52.24 50
-9999 -9999 -9999 -9999 -9999 -9999 -9999 104.5429 103.3977 102.15 101.43 100.33 94.02 91.67 91.51 79.43 70 64.75 62.9 56.64 59.55 67.13 63.76 61.13 62.22 65.14 69.15 67.07 64 64.97 66.5 64.04 60.54 63.48 67.35 65.28 61.06 58.54 62.47 77.52 82.73 73.75 53.1 55.85 38.43 56.58 59.2 61.31 67.68 78.16 77.91 77.11 74.17 70.26 68.78 66.27 56.36 51.93 65.39 69.5 70.68 68.47 65.1 62.35 61.98 63.91 61.82 61.9 62.6 59.22 63.35 62.34 56.99 51.37 51.67 54.9
-9999 -9999 -9999 -9999 -9999 -9999 -9999 104.0133 101.9 101.99 101.93 93.64 89.25 89.46 72.54 62.44 67.46 71.59 69.61 70.85 72.56 61.61 66.47 60.43 69.57 72.59 71.19 70.55 66.37 63.11 63.23 68.79 69.72 71.83 70.47 67.06 66.02 66.41 75.63 88.76 83.53 78.26 74.84 71.6 71.23 79.7 81.68 84.33 83.56 82.16 80.95 78.33 76.38 75.09 72.7 67.88 68.98 72.3 72.78 71.4 69.98 68.16 65.24 64.21 65.01 66.35 63.99 66.19 62.96 64.05 65.53 62.81 60.92 59.18 59.44 56.87
-9999 -9999 -9999 -9999 -9999 -9999 105.0588 104.01 101.08 101.06 100.04 89.17 89.92 87.1 76.47 77.27 80.12 76.62 69.21 66.87 65.05 68.73 77.7 74.62 73.39 75.35 74.51 74.31 72.04 70.42 71.09 71.82 68.2 70.96 70.75 70.17 69.72 70.28 75.66 77.01 80.31 82.15 86.01 87.74 87.57 87.46 86.13 85.05 84.05 82.6 81.04 79.73 78.33 75.68 73.31 74.87 74.15 73.51 72.71 69.57 66.22 65.58 66.13 67.67 68.19 66.41 66.75 68.15 67.22 64.7 59.59 55.62 53.01 52.14 52.19 50.18
-9999 -9999 -9999 -9999 -9999 -9999 106.1111 106.05 101.14 98.65 98.4 92.16 92.24 87.1 85.86 85.92 80.21 72.92 67.94 61.13 71.83 79.49 81.43 77.98 75.58 76.98 81.43 79.72 77.72 73.5 73.28 73.32 72.85 70.79 71.22 69.93 67.99 67.02 63.36 58.55 78.58 85.71 88.93 89.66 88.15 87.54 85.75 81.52 82.82 82.09 79.31 76.17 77.54 75.95 76.77 74.13 68.6 69.88 71.17 72.59 71.18 69.3 68.82 69.87 67.62 66.09 66.93 66.9 65.31 63.64 59.59 56.07 54.38 53.94 52.5 50.91
-9999 -9999 -9999 -9999 -9999 106.4286 105.1429 105.41 102.53 97.54 93.07 93.06 95.12 89.51 89.97 88.34 86.4 81.73 73.58 71.12 80.25 82.95 81.52 79.03 81.76 84.89 82.48 81.28 77.19 76.93 75.58 74.15 73.65 73.81 73.04 69.92 67.44 64.51 65.65 67.75 75.61 88.63 86.17 85.85 84.61 86.72 82.38 79.04 81.9 79.46 77.96 76.82 79.01 74.94 74.24 71.92 66.82 66.75 67.26 65.95 65.9 69.57 65.75 61.49 60.52 58.57 57.62 59.31 60.59 60.63 60.98 59.6 57.07 55.84 53.92 53.18
-9999 -9999 -9999 -9999 -9999 105.3929 103.18 102.6 102.03 96.32 94.54 97.14 98.4 94.35 88.96 91.05 86.21 84.96 82.03 84.26 87.51 85.36 86.27 86.4 84.48 81.46 81.01 81.18 78.16 77.64 78.59 77.02 72.4 70.86 70.41 72.18 73.78 70.63 67.61 64.89 64.65 78.92 82.68 81.12 76.66 73.38 73.31 74.6 72.13 69.6 70.68 73.07 70.99 69.46 62.14 63.02 61.49 61.04 58.73 60.11 59.57 61.63 58.79 55.15 57.54 54.57 54.79 55.4 55.95 56.49 57.6 57.51 57.86 55.69 55.92 55.11
-9999 -9999 -9999 -9999 -9999 106.2439 105.72 101.33 96.58 87.99 94.15 97.12 99.01 99.19 93.65 93.38 88.56 84.88 84.59 88.31 90.23 90.48 90.26 86.71 84.37 83.58 83.5 79.82 80.39 79.53 76.98 74.65 71.87 69.88 67.79 69.47 70.48 70.79 69.27 67.63 68.66 84.71 85.47 82.91 79.96 76.12 72.14 67.83 66 58.14 63.08 61.52 66.63 67.28 54.4 54.12 51.11 51.83 50.2 51.46 51.55 56.94 56.19 52.16 50.89 52.31 52 52.78 54.9 55.13 57.09 56.43 56.31 55.84 57.68 57.39
-9999 -9999 -9999 -9999 109.3438 106.5657 104.41 92.26 87.57 89.1 90.72 101.72 102.45 101.72 97.07 94.58 93.28 91.85 91.41 90.63 91.91 88.59 87.68 85.15 85.46 83.08 81.5 77.78 76.8 78.44 79.52 76.66 74.06 73.02 70.84 69.33 68.67 71.18 69.11 68.92 73.9 81.39 85.44 82.15 79.07 74.79 73.5 70.96 56.54 54.78 51.74 61.34 60.49 65.47 62.74 55.34 52.84 51.76 41.62 51.79 42.72 45.51 46.28 47.28 46.62 47.01 49.41 54.72 55.87 56.3 56.34 56.84 56.99 58.25 58.7 58.36
-9999 -9999 -9999 109.9048 110.12 105.89 99.49 93.64 95.55 101.21 103.35 104.85 105.22 102.47 101.87 101.61 99.92 98.81 94.09 92.16 89.31 88.13 86.68 84.67 81.71 81.4 80.42 78.82 75.2 75.34 77.37 77.01 76.18 75.72 73.79 71.77 69.8 66.96 67.2 66.31 72.2 81.95 84.79 80.7 77.22 63.26 69.04 68.47 57.54 48.81 64.53 68.71 69.81 67.57 70.92 68.27 67.39 63.09 57.28 58.59 54.03 55.11 56.42 57.12 46.02 39.77 44.03 49.89 53.36 53.44 56.05 57.41 57.86 59.49 59.74 58.32
-9999 113.5714 110.6875 110.8256 108.27 105.69 101.64 105.32 105.19 104.23 106.55 107.24 105.04 99.62 98.82 98.29 98.09 94.85 92.87 92.62 91.91 89.66 87.32 84.95 78.68 73.62 74.23 74.75 75.19 74.76 73.49 72.75 74.36 71.09 71.3 72.28 71.33 69.15 67.51 65.47 66.93 68.99 78.56 81.09 79.08 66.7 64.12 66.39 69.4 69.94 71.46 76.27 73.3 75.49 74.65 74.28 70.79 66.51 62.02 55.81 52.87 50.69 57.53 54.1 50.48 49.89 46.14 49.71 52.7 50.9 48.48 54.75 58.99 60.49 61.14 60.56
-9999 112.1538 108.55 107.7 107.06 106.03 105.64 107.68 106.91 106.95 108.42 107.55 103.24 101.22 98.81 97.6 97.06 96.88 95.91 94.41 94.67 92.44 90.43 87.83 83.26 72.51 71.51 77.63 80.29 77.75 76.3 77.04 76.53 72.97 73.12 71.11 68.76 69.94 67.21 63.88 63.47 65.86 71.41 82.36 86.11 82.14 84.13 82 81.22 75.33 75.56 79.94 78.73 78.25 69.05 71.56 70.72 65.7 65.5 62.88 61.9 64.44 64.35 59.75 51.94 52.05 54.71 53.5 49.84 50.64 46.45 55.97 60.6 61.73 62.35 61.75
-9999 110.3889 109.21 107.74 106.47 99.3 106.71 107.25 107.58 109.18 109.05 105.65 104.03 102.64 100.65 99.02 98.81 99.44 96.09 95.34 95.77 93.79 90.06 88.57 87.3 83.91 80.67 79.98 81.57 80.64 77.04 78.77 77.22 74.96 73.09 70.52 68.81 68.1 66.58 65.2 59.68 69.27 88.41 89.03 89.36 87.68 87.61 85.4 85.84 83.12 79.68 78.92 79.53 77.77 72.59 66.37 68.38 68.25 68.67 64.54 58.36 61.93 66.54 65.01 56.59 55.6 58.43 60.87 60.49 56.6 59.78 62.94 63.15 62.74 62.28 61.75
-9999 109.9063 109.18 106.78 102.26 105.31 108.94 108.27 110.27 110.6947 108.39 106.34 104.22 102.51 101.15 100.29 101.26 99 97.2 97.53 96.28 94.6 92.25 88.97 87.82 86.41 85.64 83.32 83.11 83.07 80.24 83.79 82.48 82.03 76.08 74.23 73.78 72.42 68.36 69.77 72.09 93.41 93.73 93.06 92.82 90.68 90.15 89.19 87.83 85.75 82.58 81.4 76.88 74.35 73.17 69.51 64.46 68.59 68.49 62.3 59 60.43 62.17 64.21 59.69 58.15 62.09 63.95 63.95 64.46 64.13 63.63 63.3 63.09 62.51 62.05
-9999 107.62 106.91 103.78 101.33 104.28 111.3085 111.9111 111.8046 110.3 107.72 106.43 104.74 104.44 103.77 102.18 101.36 99.81 98.22 97.19 96.33 95.12 93.26 91.88 89.49 87.49 86.51 86.01 83.29 83.5 102.29 105.79 104.93 102.74 97.62 99.13 96.26 96.94 86.36 77.36 86.9 96.63 95.84 94.94 93.81 92.57 90.71 85.84 83.8 86.48 83.7 80.86 80.85 77.48 74.87 71.32 67.48 65.71 67.7 68.68 68.12 60.45 61.82 66.6 61.72 64.36 64.96 64.71 64.94 65 64.7 64.23 64.04 63.91 62.46 61.14
-9999 103.8163 100.1 99.85 98.21 104.6907 112.2405 112.95 111.93 110.39 109.07 108.64 108.58 106.59 104.49 103.26 102.15 101.62 99.62 95.95 94.35 92.48 91.39 90.17 88.44 86.32 83.21 82.56 87.53 105.71 108.75 106.74 105.74 104.6 103.56 102.55 101.62 100.35 97.98 95.37 98.72 97.94 96.87 95.09 92.93 91.86 90.37 88.78 87.24 84.39 83.07 84.15 79.35 70.46 73.68 70.7 70.39 70.89 70.54 65.56 68.7 67.74 65.36 66.96 64.13 65.58 64.53 64.94 65.2 65.25 64.93 64.86 64.39 63.95 61.67 58.51
103.6129 101.04 98.4 100.33 106.86 110.45 113.6914 113.41 111.78 110.34 108.34 107.45 106.62 104.67 104.57 102.69 100.97 99.68 98.13 95.82 94.3 92.33 87.31 85.55 85.78 85.79 81.27 81.77 92.05 111.11 108.34 106.01 104.86 104.95 104.22 103.51 100.88 99.43 99.46 99.67 98.27 96.33 95.59 91.16 90.66 89 87.55 89.36 86.77 84.92 82.87 82.69 83.22 77.24 79.12 75.95 72.61 70.36 66.02 64.46 68.22 68.82 64.28 65.23 67.59 66.72 66.34 66.19 64.66 64.33 63.83 60.48 62.18 64.31 62.59 59.67
100.8272 98.81 99.28 103.88 110.9043 114 114.2857 113.02 111.35 110.25 109.43 107.5 106 103.94 102.29 100.38 97.79 96.4 95.69 93.49 92.54 90.83 89.39 84.53 82.48 86.48 87.08 90.18 109.26 110.18 107.07 104.84 104.08 103.17 102.44 101.53 99.35 97.4 98.96 93.98 90.54 89.07 86.21 87.94 74.93 87.24 86.58 88.38 85.33 82.9 80.12 78.73 76.94 84.19 78.2 77.11 76.77 76.93 70.27 69.04 65.53 67.14 67.71 65.81 64.94 64.49 60.7 63.29 66.27 65.93 66.01 64.59 64.38 64.01 60.79 59.93
106.86 106.0141 107 108.7922 112.1333 114.9167 114.0112 113.49 112.14 110.06 108.49 107.01 105.8 104.58 101.09 97.7 94.68 92.99 92.81 91.89 90.86 90.92 86.85 86.18 87.42 86.02 90.34 98.16 100.36 108.39 105.76 104.31 103.42 102.57 101.53 100.87 99.02 96.53 97.13 98.03 92.35 80.17 73.66 79.87 79.48 74.66 77.88 72.15 70.77 66.08 69.66 75.34 81.79 83.83 82.17 82.78 81.78 78.12 75.58 73.42 68.32 64.19 65.17 66.55 66.48 63.37 59.33 61.39 68.16 66.84 64.8 65.57 65.07 64.52 62.67 60.87
-9999 -9999 113.5 111.527 113.4416 114.1786 113.24 112.94 112.77 111.32 109.73 107.75 105.98 101.99 98.17 96.55 93.73 91.57 91.54 93.13 92.84 92.81 91.68 89.48 89.63 90.91 92.29 97.78 94.51 94.82 85.92 92.01 99.89 99.13 97.59 98.59 91.75 82.12 81.22 87.71 78.26 67.42 62.72 61.42 66.93 60.14 61.32 56.33 58.01 70.18 83.18 82.97 84.1 82.88 74.62 81.49 76.1 66.12 69.87 69.98 69.39 66.19 65.13 66.06 64.62 64.77 67.24 68.73 63.46 68.72 64.79 65.33 64.99 65.23 62.31 61.3
-9999 -9999 -9999 111.8333 112.46 112.04 109.8283 112.7882 113.6923 112.6484 109.47 108.98 107.16 102.15 99.71 97.66 94.14 93.96 94.84 93.81 94.02 93.86 92.33 90.12 89 90.57 91.22 92.93 94.46 82.98 80.61 73.39 70.95 76.41 67.55 85.41 81.31 68.63 68.64 72.89 80.71 62.76 62.08 62.38 63.92 57.89 54.74 57.35 58 65.7 64.07 62.74 62.73 70.86 71.85 69.19 70.44 70.47 58.44 44 44.94 58.23 63.2 62.17 72.44 70.91 68.05 69.6 70.38 67.25 66.49 64.83 64.26 66.14 61.9 62.37
-9999 -9999 -9999 110.4286 109.2593 107.5429 106.3333 114.4118 114.1 113.1154 111.68 109.74 107.94 106.73 102.78 100.41 99.51 97.97 96.37 94.73 94.92 94.94 92.59 91.54 91.16 92.01 94.74 92.89 91.85 88.17 78.22 72.85 66.33 64.48 63.86 68.92 75.96 65.59 65.82 66.69 69.98 68.06 64.22 61.18 61.44 58.57 58.29 59.49 58.21 56.84 58.51 57.04 56.3 58.11 55.4 54.3 54.29 54.3 54.72 53.69 48.89 40.11 43 44.11 47.71 66.32 76.25 69.6 66.69 64.76 64.33 72.96 71.64 73.44 68.75 67.78
-9999 -9999 -9999 -9999 -9999 -9999 -9999 -9999 114.2679 112.6633 111.7053 111.41 109.51 106.73 105.56 100.45 99.23 98.5 95.97 92.4 93.14 93.46 93.9 93.11 93.65 93.96 91.35 91.56 95.65 84.4 80.54 73.35 69.21 86.07 77.29 71.68 66.98 65.83 64.65 63.37 65 65.22 61.7 63.08 60.93 60.33 59.9 58.39 57.05 57.44 56.41 53.87 54.33 55.1 54.22 52.42 51.7 52.52 51.28 50.83 53.14 51.67 53.14 48.43 47.23 48.77 74.49 78.03 76.94 77.16 73.35 76.4 75.29 77.29 75.55 75.64
-9999 -9999 -9999 -9999 -9999 -9999 -9999 -9999 113.4667 111.92 109.52 109.05 109.35 108.23 107.79 104.15 101.22 98.26 95.82 95.46 92.7 89.36 91.61 94.02 94.15 94.29 92.38 95.4 94.08 95.19 82.17 78.85 89.62 93.3 85.96 81.34 70.53 67.53 64.32 62.44 61.53 61.72 61.12 61.25 60.98 59.89 61 58.21 57.47 59.74 59.01 58.45 53.58 49.59 54.59 55.24 51.91 52.4 51.24 51.09 49.43 49.51 50.12 57.42 52.3 55.21 68.69 83.73 86.7 89.97 89.35 87.12 85.36 84.52 84.16 79.77
-9999 -9999 -9999 -9999 -9999 -9999 -9999 -9999 112 110.32 106.67 109.23 108.09 107.58 107.84 106.1 104.09 101.63 98.65 95.25 94.41 92.73 93.34 94.66 95.27 93.65 92.64 90.21 95.95 100.8 102.58 90.78 77.32 68.34 67.65 71.11 71.28 67.59 64.61 66.38 64.25 60.99 59.57 60.8 62.65 64.07 66.41 63.65 58.51 56.03 54.57 57.5 58.96 57.68 53.8 57.13 58.91 56.49 53.31 55.47 54.85 56.3 51.63 61.36 58.95 60.47 73.33 83.67 82.37 88.52 95.91 94.32 92.16 89.55 85.85 82.32
