layers/wordclim/past/Iberia_lig_10_ascii/bio_12.asc
ncols         166
nrows         94
xllcorner     -9.4959440078468
yllcorner     36.000324005443
cellsize      0.083333337679505
NODATA_value  -9999
[rows 32 to 63 of 94, columns 0 to 72 of 166]
-9999 -9999 -9999 -9999 -9999 -9999 -9999 -9999 -9999 1272 1266.054 1246.74 1254.04 1284.88 1295.52 1257.19 1283.69 1309.27 1279.35 1298.44 1197.1 1216.47 1186.3 1138.05 1130.82 1064.56 1008.89 962.64 868.32 920.33 901.1 837.15 809.42 798.81 795.2 757.07 723.29 696.44 668.37 633.3 595.3 563.61 545.42 523.11 503.65 491.24 484 482.94 478.02 470.29 463.55 464.46 464.22 465.89 464.77 465.41 473.02 474.77 485.54 486.11 490.52 502.67 515.2 523.27 535.24 554 572.05 578.42 588.22 613.37 665.08 717.01 705.61
-9999 -9999 -9999 -9999 -9999 -9999 -9999 -9999 -9999 -9999 1238.952 1266.98 1229.59 1243.48 1254.49 1318.62 1472.37 1423.85 1562.52 1506.15 1349.16 1371.83 1304.76 1287.5 1263.54 1194.66 1081.93 1023.9 893.25 875.28 841.73 816.2 785.86 803.81 795.3 760.55 733.64 700.74 676.45 647.14 612.66 582.11 553.34 527.08 505.14 490.26 486.92 486.53 487.33 481.77 472.31 469.51 470.09 470.96 467.11 470.29 475.52 474.6 483.64 487.58 495.22 508.66 514.21 532.12 552.64 572.19 593.16 666.9 678.15 679.41 600.64 599.02 662.92
-9999 -9999 -9999 -9999 -9999 -9999 -9999 -9999 -9999 -9999 1209.942 1265.03 1293.8 1310.62 1310.6 1320.47 1386.9 1523.25 1586.83 1529.62 1499.71 1474.98 1363.43 1243.34 1278.23 1278.24 1150.36 1005.37 927.35 940.14 903.72 843.42 852.91 828 797.85 761.73 736.79 714.55 681.98 647.9 625.74 600.63 564.67 538.94 520.24 506.5 501.18 489.18 481.1 482.83 480.76 478.94 479.43 478.28 476.12 477.83 475.26 474.63 480.46 489.33 500.32 506.97 516.07 530.47 560.67 585.58 683.04 744.75 652.57 596.89 575.85 567.19 589.58
-9999 -9999 -9999 -9999 -9999 -9999 -9999 -9999 -9999 1170.813 1178.908 1226.65 1276.62 1356.93 1509.33 1499.03 1462.23 1351.2 1360.02 1379.53 1425.79 1426.14 1392.02 1309.38 1294.32 1272.21 1152.89 1016.01 963.46 975.5 963.71 900.73 848.71 844.91 819.08 783.13 743.61 713.08 677.16 647.72 626.37 602.77 576.61 559.46 543.54 529.97 522.41 509.26 493.26 489.73 490.95 489.23 493.47 490.08 483.81 478.53 473.37 474.17 479.02 491.4 503.79 511.11 522.33 540.73 572.89 609.22 748.41 630.88 669.31 640.08 581.76 551.13 530.39
-9999 -9999 -9999 -9999 -9999 -9999 -9999 -9999 -9999 1154.033 1148.382 1175.46 1233.72 1411.14 1347.47 1402.57 1378.1 1257.57 1281.32 1329.28 1354.93 1343.64 1311.89 1296.23 1259.69 1256.66 1137.66 1040.9 1013.95 956.05 957.3 937.3 880.73 838.33 824.25 798.82 761.54 718.42 690.63 661.91 636.34 620.04 599.47 586.99 575.25 568.74 551.57 517.21 510.42 503.11 498.81 500.26 505.63 508.93 499.93 484.91 488.15 480.73 484.11 492.59 508.01 520.19 536.55 578.39 684.22 697.83 760.51 708.42 608.55 560.15 547.19 523.49 525.18
-9999 -9999 -9999 -9999 -9999 -9999 -9999 -9999 -9999 1133.027 1128.011 1149.18 1177.91 1218.2 1331.74 1301.17 1331.72 1271.22 1310.59 1312.5 1263.38 1240.69 1220.52 1224.64 1198.09 1143.39 1095.92 1072.25 1060.89 1015.05 968.86 957.81 904.28 858.78 816.62 810.91 775.03 726.43 702.78 683.59 660.04 635.85 628.77 623.53 609.61 570.63 540.34 530.56 525.54 523.63 524.58 529.68 549.05 539.79 543.55 540.46 529.57 502.84 501.93 505.3 558.31 560.86 598.15 619.14 606.41 573.63 576.28 561.32 555.76 566.23 536.15 514.75 522.61
-9999 -9999 -9999 -9999 -9999 -9999 -9999 -9999 1105.6 1111.878 1121.381 1119.17 1126.74 1189.29 1278.73 1405.04 1441.49 1267.93 1231.46 1215.21 1207.98 1221.71 1232.47 1174.47 1110.98 1108.6 1103.57 1182.49 1115.41 1047.83 1013.92 970.74 925.92 859.55 806.85 776.41 762.59 753.75 734.41 717.65 702.32 692.7 653.31 617.35 595.57 576.4 560.59 552.63 554.78 566.82 580.75 583.79 610.56 604.52 584.55 553.34 517.66 506.38 519.14 543.5 572.05 600.9 597.59 631.92 567.18 536.15 559.36 559.25 536 532.07 522.32 514 524
-9999 -9999 -9999 -9999 -9999 -9999 -9999 -9999 1091.935 1098.13 1110.1 1099.65 1098.87 1136.57 1276.84 1426.12 1202.38 1183.04 1165.94 1189.42 1169.28 1161.3 1135.3 1169.6 1348.21 1356.03 1243.01 1198.16 1134.53 1072.79 1014.3 997.27 929.99 862.36 824 785.97 763.54 793.73 802.59 835.24 739.45 699.07 640.73 609.07 611.49 602.87 576.39 579.35 591.49 586.08 581.03 617.39 679.9 603.99 564.38 565.15 581.83 576.7 552.69 509.9 523.38 512.34 525.55 554.09 529.73 529.06 524.3 526.58 525.2 536.48 529.61 523.38 524.73
-9999 -9999 -9999 -9999 -9999 -9999 -9999 -9999 1075.742 1087.37 1093.16 1098.02 1083.46 1143.95 1209.44 1185.86 1154.96 1131.5 1141.17 1138 1163.03 1182.44 1385.25 1625.91 1470.63 1319.02 1183.15 1199.73 1121.81 1055.72 1027.11 1009.15 924.5 881.27 873.05 832.73 795.17 795.56 774.8 745.94 711.65 607.37 590.66 605.22 593.22 622.91 612.32 586.78 578.04 598.54 676.87 737.82 733.23 699.44 704.79 652.29 567.61 520.17 492.56 491.9 484.28 481.38 499.8 509.17 504.83 504.87 508.48 529.93 528.53 534.55 534.98 522.74 518.45
-9999 -9999 -9999 -9999 -9999 -9999 -9999 1040 1060.033 1069.82 1078.28 1091.41 1076.63 1149.9 1143.81 1094.96 1102.03 1111.62 1133.51 1176.06 1198.83 1418.35 1807.24 1637.34 1261.25 1105.52 1065.91 1127.84 1126.85 1075.45 1066.01 1023.01 975.77 929.76 889.43 857.98 886.54 814.38 764.04 656.46 605.02 597.1 620.17 617.43 669.42 803.4 740.66 615.23 627.61 722.33 746.77 734.26 722.57 644.48 626.02 575.96 554.18 573.56 584.7 545.15 480.74 478.41 482.76 482.65 479.19 497.48 506.71 526.22 534.92 522.53 529.32 524.85 519.11
-9999 -9999 -9999 -9999 -9999 -9999 -9999 1031.067 1047.61 1058.59 1071.75 1064.5 1058.66 1130.95 1125.57 1077.95 1100.99 1112.99 1131.58 1202.87 1252.95 1362.32 1639.9 1565.33 1126.95 1047.26 1056.31 1054.15 1084.42 1118.48 1101.97 1099.63 1013.99 950.51 941.76 850.57 787.01 714.01 670.04 627.89 586.28 597.98 603.94 623.32 811.9 907.71 736.27 687.38 740.07 793.57 863.94 801.49 729.27 608.24 628.5 620.29 518.37 465.74 480.41 490.2 489.38 484.04 471.51 466.01 483.3 499.94 503.98 520.07 528.11 520.33 517.54 511.57 521.09
-9999 -9999 -9999 -9999 -9999 -9999 -9999 1038.233 1032.38 1016.51 1020.06 1019.58 1033.12 1091.26 1090.99 1105.92 1102.37 1149.64 1274.17 1407.16 1453.34 1247.68 1164 1112.93 1072.48 1062.21 1013.86 1000.4 1006.63 1008.28 915.76 868.08 969.87 841.57 768.88 721.4 683.35 686.57 632.52 601.2 578.29 561.14 639.66 767.3 663.16 739.16 897.64 862.69 826.42 621.46 688.15 626.84 518.6 473.99 493.61 451.96 457.62 466.36 480.05 488.31 469.13 456.85 460.5 476.1 493.17 498.86 498.78 517.19 517.33 519.22 513.23 509.73 514.58
-9999 -9999 -9999 -9999 -9999 -9999 -9999 982.3428 988.7841 998.46 1000.6 1005.85 1060.15 1075.73 1063.12 1177.1 1259.44 1302.81 1301.75 1353.86 1288.85 1160.51 1168.75 1164.36 1109.7 1039.18 957.73 940.65 931.2 884.58 833.61 815.58 807.07 752.78 695.75 679.51 675.76 661.78 620.04 597.05 580.79 591.53 655.97 637.99 694.51 604.65 578.37 557.27 517.72 469.63 463.77 459.64 460.03 465.17 465.75 468.64 492.34 506.26 466.18 457.09 453.7 460.15 471.79 483.82 489.81 489.17 500.55 504.31 505.81 518.43 503.04 505.48 521.38
-9999 -9999 -9999 -9999 -9999 -9999 -9999 968.24 987.28 982.72 978.57 1052.03 1090.85 1081.88 1249.62 1349.76 1275.32 1211.48 1211.37 1170.35 1121.7 1224.42 1134.25 1171.68 1024.6 957.13 937.41 907.99 909.72 902.82 865.55 783.29 743.72 698.4 678.5 671.77 651.27 623.52 593.47 577.65 578.37 584.42 582.78 579.62 565.5 515.17 496.95 478.48 471.59 465.83 462.12 463.1 462.57 460.86 462.39 471.31 464.81 456.1 454.85 456.94 459.84 467.12 476.06 480.5 480.05 480.82 493.19 489.23 501.19 498.96 493.68 502.12 505.56
-9999 -9999 -9999 -9999 -9999 -9999 935.5883 951.55 976.31 973.5 980.29 1079.26 1067.76 1090.31 1189.82 1167.14 1120.6 1143.33 1208.67 1208.98 1204.36 1134.98 1001.24 1001.99 980.08 929.51 906.5 872.4 859.96 838.02 797.77 761.37 758.33 707.61 680.77 657.86 633.53 607.94 592.05 596.52 596.77 575.31 542.75 520.86 508.72 498.48 492.07 484.26 476.86 471.58 469.23 467.85 466.09 466.27 468.28 460.9 460.12 459.06 459.96 467.8 476 478.82 477.28 474.29 473.91 481.78 482.91 480.58 485.66 493.93 511.14 523.81 530.16
-9999 -9999 -9999 -9999 -9999 -9999 913.4286 915.69 956.89 977.29 977.94 1032.57 1027.68 1071.63 1075.25 1062.07 1109.63 1174.42 1211.37 1267.17 1119.95 1007.09 958.02 962.02 953.95 911.87 838.6 823.19 808.56 812.6 782.9 750.56 724.96 710.48 680.98 661.91 646.8 628.13 628.02 631.25 596.35 566.25 536.74 520.6 513.03 504.28 499.15 501.77 487.18 480.88 483.21 486.85 476.86 474.27 468.8 473.38 482.96 476.23 469.89 466.04 468.67 472.86 475 471.3 478.54 484.07 483.35 484.91 491.21 497.35 510.48 520.82 524.56
-9999 -9999 -9999 -9999 -9999 890.0714 903.5612 903.49 928.85 971.53 1011.29 1007.7 983.74 1032.93 1018.66 1024.2 1030.96 1065.47 1135.92 1142.05 1020.68 967.22 954.37 949.88 895.22 837.44 827.49 807.47 815.36 785.72 765.34 745.93 720.41 692.26 669.86 663.63 652.55 646.6 617.8 591.46 576.82 556.56 552.41 541.64 532.68 513.39 517.46 518.8 500.26 499.21 497.08 494.55 481.84 487.29 485.64 488.47 496.92 493.22 489.27 491.53 489.19 477.21 488.4 500.96 503.11 510.66 515.46 511.43 508.9 509.24 506.47 507.5 516.34
-9999 -9999 -9999 -9999 -9999 885.1071 904.54 911.37 915.75 968.1 981.31 954.1 938.29 969.58 1013.52 981.95 1019.67 1019.45 1033.3 990.7 937.79 937.93 904.09 875.38 867.56 866.63 842.91 810.16 807.73 779.56 742.21 725.15 728.63 712.7 687.79 652.12 619.05 614.93 609.15 604.84 590.12 573.47 571.94 568.62 574.24 573.42 561.91 545.86 545.3 544.47 532.03 515.65 516.21 514.67 533.26 523.2 522.71 520.31 524.52 516.73 516.47 508.81 516.97 525.42 516.88 527.32 527.6 526.34 524.11 522.67 517.42 516.11 514.45
-9999 -9999 -9999 -9999 -9999 860.6464 865.33 906.12 951.13 1031.49 971 941.64 918.74 910.38 952.97 945.87 981.04 1008.28 996.08 940.9 903.31 881.94 860.2 872.41 870.9 848.8 819.19 825.22 785.54 762.12 753.73 740.75 732.07 719.23 705.63 668.03 637.14 615.17 603.76 595.08 585.74 572.14 571.31 569.17 570.26 571.52 577.62 584.8 580.99 604.31 571.05 570.29 541.52 531.58 573.08 567.05 573.9 565.21 565.97 557.13 555.92 532.76 531.62 541.63 544.64 539.48 541.82 537.81 529.53 528.39 521.83 523.17 521.03
-9999 -9999 -9999 -9999 813.7188 841.2323 860.29 974.79 1019.97 1005.99 991.34 885.78 875.2 875.08 907.6 921.34 921.78 924.37 915.25 908.68 879.48 895.24 882.65 888.33 858.88 854.89 840.13 844.51 819.31 770.2 731.32 723.47 714.6 695.53 684.17 668.21 648.9 614.94 608.22 594.2 580.89 578.87 577.66 581.51 582.44 586.42 582.19 581.76 636.46 632.36 636.71 584.31 577.52 549.62 552.69 576.37 579.47 576.01 612.87 566.87 601.6 583.79 576.88 569.55 569.23 564.29 553.65 533.56 528.33 526.6 524.76 523.32 522.4
-9999 -9999 -9999 791.119 796.69 834 892.27 948.82 932.58 881.93 861.43 845.97 840.11 856.37 852.29 844.97 848.36 846.64 877.77 884.3 898.14 892.47 889.48 892.25 906.29 877.23 854.78 836.38 834.64 795.42 743.38 716.03 695.25 674.15 663.21 653.46 644.44 640.34 621.56 609.89 593.26 587.28 586.52 595.71 599.46 640.41 612.62 604.22 643.28 665.92 591.84 565.73 554.77 555.56 535.42 538.27 536.85 544.89 560.03 550.18 562.68 553.7 545.29 539.5 579.51 601.67 582.01 556.52 540.61 539.52 527.92 522.92 520.97
-9999 734.381 767.5625 775.9767 802.17 827.2 863.82 836.18 839.26 845.51 825.11 816.26 830.35 869.58 865.63 860.95 852.19 871.36 877.25 869.36 863.91 868.97 876.93 887.73 943.67 972.58 924.82 878.97 833.13 798.11 772.6 745.39 704.1 704.32 679.22 650.48 635.75 629.64 623.28 619.43 609.35 606.23 606.91 602.33 600.58 631.43 639.03 622.9 602.61 590.51 575.43 549.48 554.33 540.13 535.64 530.41 537 543.88 552.17 569.52 577.72 580.76 549.68 558.42 567.77 565.05 577.47 560.9 546.5 551.59 560.06 535.07 518.98
-9999 747.3077 783.17 797.22 806.89 819.2 823.79 810.97 818.85 815.12 800.71 802.27 832.36 844.02 854 857.1 851.36 840.89 836.52 838.57 823.65 831.8 833.25 846.55 885.09 971.73 945.4 841.85 774.14 762.63 741.74 704.65 682.86 687.12 662.84 656.73 653.73 627.84 629.1 633.57 624.51 616.65 617.4 598.78 578.91 584.6 568.61 569.58 564.97 580.3 571.23 549.12 547.28 542.4 567.87 554.5 550.88 558.44 551.34 555.97 554.73 538.66 532.64 542.98 567.11 560.14 546.73 549.21 563.32 557.19 574.69 536 517.69
-9999 777 785.91 798.61 813.29 877.1 813.48 810.81 806.51 790.78 788.74 810.09 817.78 821.05 826.69 831.59 821.53 807.76 821.58 815.86 797.84 804.69 826.87 825.65 820.09 832.15 836.03 803.23 751.28 725.97 726.8 682.61 672.11 667.24 660.79 660.55 653.03 641.83 637.07 632.25 656.99 627.89 589.42 584.85 574.04 572.49 564.77 567.55 560.13 563.41 570.3 566.12 557.6 557.77 569.69 585.61 571.48 563.52 554.71 562.94 578.31 556.95 534.87 532.87 555.71 552.85 538.07 525.18 524.52 539.66 526.7 512.21 512.79
-9999 794.8438 797.97 818.21 853.55 826.4 797.54 801.96 783.36 776.0842 787.54 796.51 805.43 810.75 811.23 808.27 789.12 797.85 799.73 784.65 780.64 784.48 790.24 806.74 797.46 787.32 763.65 754.21 724.09 693.17 688.08 662.31 661.77 653.23 649.32 642.67 627.74 624.09 632.21 621.89 611.19 586.71 583.17 575.91 570.25 571.99 568.67 566.69 566.25 567.83 573.95 571.43 581.6 585 580.94 588.1 600.65 577.56 568.74 583.78 588.98 575.98 561.72 544.91 551.46 550.11 530.35 519.44 516.87 514.68 514.36 515.32 516.07
-9999 824.49 827.82 850.64 867.71 841.31 783 776.2444 770.5287 775.19 785.48 787.27 792.28 784.84 778.22 778.54 774.78 778.97 778.16 776.28 769.22 768.46 766.45 760.42 761.16 759.47 739.56 715.76 709.1 686.57 652 643.24 632.58 627.8 626.86 620.9 614.59 608.94 614.13 618.75 605.41 585.8 582.64 580.65 579.94 578.56 579.71 592.55 594.94 577.63 583.18 587.84 582.03 588.01 589.88 596 603.16 602.54 586.93 576.64 571.18 589.91 575.79 548.93 556.1 536.38 525.7 521.55 519.25 519.17 519.58 520.01 519.52
-9999 867.9286 895.45 894.95 900.63 845.0103 780.5316 768.95 768.34 770.64 770.13 763.9 754.81 758.73 761.51 759.14 756.72 751.69 754.2 772.38 771.65 774.69 767.84 760.14 755.8 753.5 755.76 733.21 682.45 658.13 637.01 628.23 619.7 616.75 617.05 611.32 606.75 603.88 609.21 609.65 590.99 587.8 588.74 591.69 594.07 593.22 593.85 594.18 595.44 602.03 600.21 590.57 603.56 631.14 611.7 615.3 609.31 601 593.48 602.88 583.28 577.9 576.25 561.39 561.52 545.57 537.69 531.67 528.35 528.04 530.15 528.6 527.41
889.0968 902.09 920.71 902.69 843.85 810.6334 773.9012 767.8 765.51 765.46 768.3 763.71 759.96 763.52 751.71 752.59 753.79 753.29 752.29 757.13 755.69 760.76 787.75 784.77 763.65 743.39 758.9 726.8 666.85 638.54 628.73 626.07 619.92 612.88 611.13 610.64 610.81 613.89 609.14 602.81 605.11 607.85 606.99 616.93 617.13 617.94 619.55 607.5 613.02 615.62 617.88 611.13 604.79 621.58 608.31 613.21 617.94 619.21 626.25 622.36 599.72 589.17 594.76 581.54 564.09 557.35 549.04 542.82 545.53 543.6 544.72 556.29 546.33
915.6543 929.24 927.21 885.09 823.5638 792 766.2381 765.75 762.69 760.69 756.69 757.27 756.96 760.17 756.59 758.21 765.91 765.11 756.73 759.23 754.69 756.99 754.19 777.78 778.29 723.52 697.32 672.4 647.41 641.47 639.03 635.3 628.86 628.05 625.72 626.48 632.92 632.92 619.29 630.62 636.07 640.88 642.07 637.16 658.05 636.26 636.53 625.62 634.42 640.03 645.23 642.91 637.71 613.56 628.6 625.82 620.86 613.11 628.11 622.92 625.84 610.76 598.39 596.19 591.18 583.72 589.58 572.12 557.23 553.66 551.12 554.03 550.3
874.08 880.7606 871.1081 850.2857 817 775.0833 769.5505 758.58 754.88 755.56 758.04 753.31 750.61 747.63 756.37 767.94 777.16 775.63 763.88 756.19 753.26 741.66 760.66 749.79 722.5 715.58 666.71 653.99 658.99 652.03 651.45 646.72 640.06 637.52 638.18 634.59 641.28 648.46 639.58 630.39 645.3 661.73 667.74 657.23 656.56 656.63 650.7 659.78 662.81 676.05 667.61 659.61 641.54 632.1 631.29 622.92 621.11 626.56 626.02 625.09 633.84 639.54 626.68 612.54 603.48 606.54 614.59 599.12 566.94 566.45 570.4 562.02 558.66
-9999 -9999 816.5 823.6757 798.1169 779.75 770.12 759.27 748.62 742.15 743.42 741.26 741.7 756.09 767.18 766.41 772.41 771.81 760.92 733.66 724.82 714.51 710.32 713.44 696.49 673.46 664.16 655.06 665.65 673.97 680.74 673.06 659.02 656.47 656.08 651.49 657.26 664.03 660.73 649.99 663.68 671.62 684.46 686.35 669.32 685.44 683.66 697.2 686.35 672.69 662.76 657.82 654.08 652.3 667.76 645.69 649.56 659.75 650.98 650.46 647.9 651.24 646.56 635.18 630.74 621.22 601.49 589.55 603.09 576.59 585.85 577.49 571.95
-9999 -9999 -9999 810.25 798.33 788.52 788.3839 756.3412 734.8461 728.6374 736.79 727.89 727.97 747.01 747.84 748.21 758.38 744.84 727.06 719.84 707.57 697.3 696.63 700.89 694.59 671.27 652.48 659.25 664.79 683.14 690.82 704.12 723.93 702.67 713.98 674.88 673.74 688.8 685.3 675.18 664.31 701.61 699.18 695.9 687.06 713.27 723.77 708.07 700.44 682.28 685.09 686.94 686.75 678.96 675.55 666.02 660.14 657.87 667.24 691.34 697.64 675.16 659.8 647.48 620.08 616.45 617.35 605.48 595.15 600.15 595.3 592.84 592.35
