layers/wordclim/past/Iberia_lig_10_ascii/bio_5.asc
ncols         166
nrows         94
xllcorner     -9.4959440078468
yllcorner     36.000324005443
cellsize      0.083333337679505
NODATA_value  -9999
[rows 0 to 31 of 94, columns 73 to 145 of 166]
-9999 -9999 -9999 -9999 -9999 -9999 -9999 -9999 -9999 -9999 -9999 -9999 -9999 -9999 -9999 -9999 -9999 -9999 -9999 -9999 -9999 -9999 -9999 -9999 -9999 -9999 -9999 -9999 -9999 -9999 -9999 -9999 -9999 -9999 -9999 -9999 -9999 -9999 -9999 -9999 -9999 -9999 -9999 -9999 -9999 -9999 -9999 -9999 -9999 -9999 -9999 -9999 -9999 -9999 -9999 -9999 -9999 -9999 -9999 -9999 -9999 -9999 -9999 -9999 -9999 -9999 -9999 -9999 -9999 -9999 -9999 -9999 -9999
-9999 -9999 -9999 -9999 -9999 -9999 -9999 -9999 -9999 -9999 -9999 -9999 -9999 -9999 -9999 -9999 -9999 -9999 -9999 -9999 -9999 -9999 -9999 -9999 -9999 -9999 -9999 -9999 -9999 -9999 -9999 -9999 -9999 -9999 -9999 -9999 -9999 -9999 -9999 -9999 -9999 -9999 -9999 -9999 -9999 -9999 -9999 -9999 -9999 -9999 -9999 -9999 -9999 -9999 -9999 -9999 -9999 -9999 -9999 -9999 -9999 -9999 -9999 -9999 -9999 -9999 -9999 -9999 -9999 -9999 -9999 -9999 -9999
-9999 -9999 -9999 -9999 -9999 -9999 -9999 -9999 -9999 -9999 -9999 -9999 -9999 -9999 -9999 -9999 -9999 -9999 -9999 -9999 -9999 -9999 -9999 -9999 -9999 -9999 -9999 -9999 -9999 -9999 -9999 -9999 -9999 -9999 -9999 -9999 -9999 -9999 -9999 -9999 -9999 -9999 -9999 -9999 -9999 -9999 -9999 -9999 -9999 -9999 -9999 -9999 -9999 -9999 -9999 -9999 -9999 -9999 -9999 -9999 -9999 -9999 -9999 -9999 -9999 -9999 -9999 -9999 -9999 -9999 -9999 -9999 -9999
-9999 -9999 -9999 -9999 -9999 -9999 -9999 -9999 -9999 -9999 -9999 -9999 -9999 -9999 -9999 -9999 -9999 -9999 -9999 -9999 -9999 -9999 -9999 -9999 -9999 -9999 -9999 -9999 -9999 -9999 -9999 -9999 -9999 -9999 -9999 -9999 -9999 -9999 -9999 -9999 -9999 -9999 -9999 -9999 -9999 -9999 -9999 -9999 -9999 -9999 -9999 -9999 -9999 -9999 -9999 -9999 -9999 -9999 -9999 -9999 -9999 -9999 -9999 -9999 -9999 -9999 -9999 -9999 -9999 -9999 -9999 -9999 -9999
-9999 -9999 -9999 -9999 -9999 251.3333 252.6 253.3793 257 -9999 -9999 -9999 -9999 -9999 -9999 -9999 -9999 -9999 -9999 -9999 -9999 -9999 -9999 -9999 -9999 -9999 -9999 -9999 -9999 -9999 -9999 -9999 -9999 -9999 -9999 -9999 -9999 -9999 -9999 -9999 -9999 -9999 -9999 -9999 -9999 -9999 -9999 -9999 -9999 -9999 -9999 -9999 -9999 -9999 -9999 -9999 -9999 -9999 -9999 -9999 -9999 -9999 -9999 -9999 -9999 -9999 -9999 -9999 -9999 -9999 -9999 -9999 -9999
251.79 251.8315 254.5556 256.2963 256.381 255 254.91 254.04 256.6744 258.0385 261.2364 265.4286 -9999 -9999 -9999 -9999 -9999 278.3333 271.4857 277.1892 279 -9999 -9999 -9999 -9999 -9999 -9999 -9999 -9999 -9999 -9999 -9999 -9999 -9999 -9999 -9999 -9999 -9999 -9999 -9999 -9999 -9999 -9999 -9999 -9999 -9999 -9999 -9999 -9999 -9999 -9999 -9999 -9999 -9999 -9999 -9999 -9999 -9999 -9999 -9999 -9999 -9999 -9999 -9999 -9999 -9999 -9999 -9999 -9999 -9999 -9999 -9999 -9999
252.02 252.03 252.08 255.27 255.2143 258.5555 257.61 259.09 260.8 261.48 261.43 264.6263 266.0274 270.95 271.9836 274.3115 274.5238 276.8854 276 272.22 277.1351 275.7895 279.4146 275.7692 277.8 -9999 -9999 -9999 -9999 -9999 -9999 -9999 -9999 -9999 -9999 -9999 -9999 -9999 -9999 -9999 -9999 -9999 -9999 -9999 -9999 -9999 -9999 -9999 -9999 -9999 -9999 -9999 -9999 -9999 -9999 -9999 -9999 -9999 -9999 -9999 -9999 -9999 -9999 -9999 -9999 -9999 -9999 -9999 -9999 -9999 -9999 -9999 -9999
255.55 254.56 256.61 258.48 258.55 258.1 262.08 263.47 263.77 262.2 263.54 265.94 266.84 268.62 268.31 269.92 275.54 272.94 275.11 270.43 279.38 278.13 275.41 275.82 274.9048 -9999 -9999 -9999 -9999 -9999 -9999 -9999 -9999 -9999 -9999 -9999 -9999 -9999 -9999 -9999 -9999 -9999 -9999 -9999 -9999 -9999 -9999 -9999 -9999 -9999 -9999 -9999 -9999 -9999 -9999 -9999 -9999 -9999 -9999 -9999 -9999 -9999 -9999 -9999 -9999 -9999 -9999 -9999 -9999 -9999 -9999 -9999 -9999
254.85 260.74 260.89 263.1 262.82 263.59 264.41 265.75 263.34 266.89 268.99 270.23 269.55 270.33 271.62 274.52 276.93 272.52 271.18 272.42 281.26 284.15 283.79 276.5891 264.5 276.2 -9999 -9999 -9999 -9999 -9999 -9999 -9999 -9999 -9999 -9999 -9999 -9999 -9999 -9999 -9999 -9999 -9999 -9999 -9999 -9999 -9999 -9999 -9999 -9999 -9999 -9999 -9999 -9999 -9999 -9999 -9999 -9999 -9999 -9999 -9999 -9999 -9999 -9999 -9999 -9999 -9999 -9999 -9999 -9999 -9999 -9999 -9999
258.59 259.83 258.25 259.16 266.81 267.97 263.34 256.74 265.59 266.4 272.84 275.56 273.04 277.58 280.89 279.62 274.04 278.36 271.35 274.02 276.03 273.13 265.99 265.775 264.1852 261.869 260.2679 261.5 -9999 -9999 -9999 -9999 -9999 -9999 -9999 -9999 -9999 -9999 -9999 -9999 -9999 -9999 -9999 -9999 -9999 -9999 -9999 -9999 -9999 -9999 -9999 -9999 -9999 -9999 -9999 -9999 -9999 -9999 -9999 -9999 -9999 -9999 -9999 -9999 -9999 -9999 -9999 -9999 -9999 -9999 -9999 -9999 -9999
263.65 263.63 263.58 263.54 265.31 267.33 269.53 267.86 272.45 274.12 272.01 271.22 265.42 273.52 279.57 277.22 270.08 273.67 280.53 284.01 285.18 286.48 279.52 276.24 270.84 268.12 265.9 261.81 254.1505 250.7213 245.42 228.7759 202.2 -9999 -9999 -9999 -9999 -9999 -9999 -9999 -9999 -9999 -9999 -9999 -9999 -9999 -9999 -9999 -9999 -9999 -9999 -9999 -9999 -9999 -9999 -9999 -9999 -9999 -9999 -9999 -9999 -9999 -9999 -9999 -9999 -9999 -9999 -9999 -9999 -9999 -9999 -9999 -9999
269.1 267.31 266.11 269.26 268.95 269.11 271.2 276.87 280.08 281.09 281.76 282.03 282.73 277.14 279.11 279.25 279.8 272.17 284.76 295.41 295.71 292.86 289.41 283.55 281.06 275.87 264.48 271.88 262.25 259.86 251.61 230.43 223.7105 228.4 -9999 -9999 -9999 173.75 -9999 -9999 -9999 -9999 -9999 -9999 -9999 -9999 -9999 -9999 -9999 255.8 243.5714 -9999 -9999 -9999 -9999 -9999 -9999 -9999 -9999 -9999 -9999 -9999 -9999 -9999 -9999 -9999 -9999 -9999 -9999 -9999 -9999 -9999 -9999
275.83 276.82 275.99 272.04 280.15 277.61 281.4 282.42 281.22 281.54 279.65 281.52 277.23 276.41 280.81 282.77 275.49 281.16 287.06 300.53 305.6 306.8 298.92 297.99 297.18 287.93 283.46 281.27 276.75 274.7 260.21 247.02 236.71 214.7849 219.403 207.2692 216.1705 194.899 183.1194 173.5769 -9999 -9999 -9999 -9999 -9999 -9999 -9999 -9999 241.1818 257.38 233.82 207.641 202.6909 223.2 220.6 -9999 -9999 -9999 -9999 -9999 -9999 -9999 -9999 -9999 -9999 -9999 -9999 -9999 -9999 -9999 -9999 -9999 -9999
276.16 277.15 273.98 276.86 286.73 288.46 289.32 287.66 288.31 288.22 283.9 288.04 290.02 289.55 289.75 292.76 299.48 304.24 302.21 305.5 301.56 302.03 295.3 294.81 299.75 303.51 293.95 286.49 280.5 282.66 274.86 271.75 267.33 249.71 239.05 204.1 218.45 236.22 197.4 211.9022 176.4884 182.4681 202.5789 212.4167 190 191.4259 185.7 186.3 207 238.0102 249.49 231.96 218.46 210.48 227.3537 210.5556 212.7576 202.3438 -9999 -9999 -9999 -9999 -9999 -9999 -9999 -9999 -9999 -9999 -9999 -9999 -9999 -9999 -9999
285.73 285.27 285.11 284.53 287.76 290.84 294.03 290.3 286.33 285.75 291.01 292.63 293.4 296.61 304.53 305.17 304.65 309.81 313.65 314.69 308.72 305.69 294.11 294.51 300.97 306.92 297.75 290.63 294.94 293.94 294.82 283.01 275.22 272.21 266.99 252.49 246.89 256.17 236.21 246.13 221.42 210.71 229.27 245.38 213.3 213.35 196.05 229.26 183.16 195.25 206.84 203.86 202.71 220.2 257.79 233.98 233.32 205.3814 195.2222 -9999 -9999 -9999 -9999 -9999 -9999 -9999 -9999 -9999 -9999 -9999 -9999 -9999 -9999
284.95 287.18 287.77 289.45 294.9 298.26 300.34 302.72 303.6 304.27 306.58 307.36 308.35 310.88 313.63 313.64 315.78 316.79 319.11 319.86 316.56 312.79 304.12 309.41 314.18 312.1 309.94 298.77 293.02 284.18 291.01 293.24 282.36 280.94 273.23 275.86 276.92 261.61 249 258.92 254.03 260.17 277.99 266.51 223.41 230.83 252.66 226.88 216.42 231.89 226.38 215.78 197.77 203.96 253.39 269.58 251.26 223.24 227.96 -9999 -9999 -9999 -9999 -9999 -9999 -9999 -9999 -9999 -9999 -9999 -9999 -9999 -9999
287.94 288.28 292.04 295.06 297.33 300.58 301.82 304.98 309.08 309.87 313.64 317.26 319.15 320.63 321 320.02 320.84 321.84 321.67 323.7 321.57 322.8 316.22 313.92 314.89 304.66 298.95 294 292.42 282.96 280.78 289.54 286.48 286.61 281.04 283.13 283.4 270.41 262.36 260.06 278.64 280.2 295.6 276.14 262.39 263.97 263.61 247.88 260.1 272.65 251.48 216.5 223.75 227.91 265.66 256.46 240.86 238.58 263.9362 221 210.4127 213.4 227.764 263.0741 274.2941 -9999 191 191.8 209.5 -9999 -9999 -9999 -9999
285.37 287.31 291.25 288.01 288.93 296.08 300.35 308.95 308.64 301.95 310.63 315.17 319 319.51 322.15 323.91 326.39 326.52 325 327.38 327.71 327.37 325.9 324.08 323.15 317.18 306.29 301.6 295.17 289.14 286.89 292.17 294.12 283.93 282.3 281.14 276.6 275.94 271.87 268.48 269.41 286.47 301.07 303.3 297.05 286.86 277.6 265.28 259.31 275.65 273.99 269.04 275.01 267.65 277.34 242.5 258.26 282.04 289.09 271.29 265.3 270.56 275.29 273.06 255.9452 229.4242 223.4125 223.83 245.2 260.7059 272.0286 280.55 297.3182
286.06 281.33 280.9 279.69 288.6 280.11 291.12 304.84 297.58 293.05 301.88 301.57 299.58 308.61 306.25 320.23 327.58 329.96 330.43 330.75 331.03 328.87 326.93 326.83 325.74 323.09 317.97 312.65 307.79 304.58 299.09 305.31 304.37 295.61 283.48 274.26 272.4 270.32 260.3 268.98 274.48 286.11 303.36 310.59 294.49 302.98 285.87 297.01 281.23 295.82 284.51 271.51 294.96 296.69 263.11 255.73 271.05 298.8 279.02 254.96 242.86 242.4 258.32 255.16 252.05 259.31 270.99 264.2 266.32 286.39 299.39 302.44 300.89
281.14 277.58 270.22 270.86 274.14 271.9 288.12 293.77 291.27 302.47 296.76 303.74 295.22 306.88 310.02 318.39 325.14 326.43 332.29 334.77 335.27 332.67 332.61 332.69 329.68 328.27 325.85 325.44 320.15 314.44 310.68 313.91 314.45 312.22 310.3 304.42 299.59 294.67 297.28 298.82 292.61 297.74 298.86 313.4 305.58 318.05 310.9 301.45 296.41 309.48 291.98 305.43 315.36 287.26 260.44 276.67 297.44 292.14 265.59 252.26 251.1 258.79 265.81 287.6 276.31 281.92 289.7 295.46 287.96 293.46 313.65 314.44 319.75
297.37 292.68 291.48 290.62 286.91 294.22 291.85 282.18 289.44 295.51 289.65 284.85 293.42 302.01 303.15 310.19 315.53 317.39 330.89 334.62 334.74 336.53 335.87 332.41 329.91 333.5 333.73 332.68 329.82 326.31 323.28 323.75 322.43 318.51 314.86 315.04 314.21 308.15 310.65 313.68 312.29 316.86 317.03 325.1 316.45 318.33 305.94 306.71 304.06 316.27 302.31 324.12 320.53 314.44 288.48 283.96 301.63 288.28 276.38 270.4 286.24 279.81 266.27 300 295.59 296.06 294.36 301.83 286.83 285.08 308.26 304.78 313.7
303.45 303.54 297.32 282.89 279.3 278.7 271.71 276.55 275.99 277.31 279.7 289.88 299.57 295.68 302.25 307.68 319.81 326.92 329.47 332.26 337.02 338.51 338.8 336.22 329.94 330.65 337.99 333.63 326.15 322.96 324.85 330.49 326.69 326.21 321.23 323.05 322.04 315.66 317.08 321.77 322.5 326.67 331.35 334.71 313.6 309.39 308.58 319.32 313.75 301.36 297.82 319.08 293.81 299.58 303.24 311.65 319.26 311.17 305.16 302.81 298.79 295.4 303.26 313.53 307.15 305.64 300.96 305.53 310.64 297.7 289.73 307.44 315.86
298.91 306.33 304.82 302.87 301.44 296.18 285.52 292.16 284.24 294.73 295.95 303.66 296.94 294.9 301.95 309.02 318.37 322.46 324.58 325.2 334.73 336.2 339.4 342.75 341.5 341.15 341.15 336.43 327.61 317.68 325.54 336.3 332.52 325.38 325.72 329.7 329.98 325.26 325 329.48 328.01 334.45 338.36 340.41 335.32 329.15 320.11 321.57 325.77 312.67 321.43 324.76 308.25 325.42 327.65 323.95 319.48 312.42 303.27 308.77 314.8 313.4 311.21 316.91 311.79 312.11 304.95 307.73 313.36 307.69 303.63 305.35 318.09
306.03 304.87 306.04 305.45 303.92 304.36 305.45 308.99 311.41 313.67 313.41 317.23 316 308.48 304.72 309.44 313.08 311.77 317.18 323.89 328.68 326.81 332.68 340.99 343.34 345.95 344.65 334 329.15 329.31 333.99 341.18 336.26 328.72 322.02 329.68 332.41 335.41 335.88 335.47 330.06 338.41 345.73 345.38 345.59 344 342.52 342.47 336.24 332.07 333.77 338.81 335.23 336.34 329.55 329.19 325.28 316.54 310.07 306.01 313.27 319.64 317 321.07 317.99 311.63 297.65 305.59 306.59 300.11 293.12 301.56 314.9
313.67 312.83 310.55 310.06 310.54 309.04 310.09 311.69 313.17 314.17 320.57 322.47 319.88 315.65 312.22 311.48 309.76 308 285.36 293.69 319.67 326.05 332.43 337.19 340.97 344.67 348.2 348.48 344.48 340.02 345.08 347.4 340.09 333.09 322.2 324.81 332.21 337.18 340.69 339.75 340.54 345.96 349.86 347.85 353.52 356.86 358.19 353.97 356.18 354.19 353.83 349.73 343.97 338.78 334.24 327.79 323.1 319.77 316.27 308.74 307.2 314.2 323.06 323.82 320.79 310.32 301.68 302.33 296.95 285.37 288.99 315.2 320.61
317.87 316.95 316.42 315.94 316.72 315.61 318.43 317.38 315.73 319.11 321.86 323.73 324.11 321.47 318.24 316.89 311.83 302.86 296.72 289.75 300.22 314.31 320.36 331.87 338.39 342.26 346.85 349.71 353.62 354.31 353.5 352.75 341.36 333.96 326.82 322.34 324.42 331.77 340.7 344.48 346.61 350.17 353.68 353.89 358.59 361.57 358.24 356.25 364.83 363.56 359.31 353.39 347.73 341.28 334.85 327.9 320.89 313.16 309.14 309.73 310.78 315.83 324.69 325.23 313.79 307.74 305.3 310.29 310.91 309.64 318.17 321.88 321.35
319.72 320.34 321.12 319.3 321.27 320.81 321.9 322.76 324.52 324.24 323.12 324.03 326.2 324.63 320.59 317.97 313.38 309.78 306.64 309.35 312.7 321.58 322.34 327.58 339.44 344.02 340.72 338.59 346.92 354.15 356.49 356.88 351.48 344.81 343.93 339.92 331.08 327.14 333.07 336.65 335.01 344.31 352.04 357.79 361.39 361.12 362.79 367.04 370.72 366.06 359.38 352.24 345.42 339.45 332.02 322.76 316.09 311.27 311.11 315.95 316.02 314.64 313.26 323.78 310.14 313.44 320.07 325.84 325.26 322.36 317.15 318.697 320.6184
319.76 321.9 323.04 324.66 325.05 323.79 325.31 326.92 325.94 325.88 325.45 326.66 323.28 320.52 320.96 320.4 314.91 315.05 313.66 314.19 312.2 325 330.69 332.36 341.1 343.39 338.89 330.28 339.25 340.94 342.55 349.3 352.58 354.27 351.18 347.14 343.67 340.32 337.5 342.56 344.29 345.6 350.66 352.16 359.46 363.26 366.79 368.94 367.42 361.9 355.62 348.9 340.64 331.71 322.58 313.79 308.15 307.87 309.01 314.99 318.24 317.86 320.17 326.32 324.69 325.52 328.18 328.61 323.9 322.8617 324.0204 326.7778 -9999
318.04 320.06 319.71 321.48 323.09 324.12 325.95 326.24 326.68 328.28 328.64 326.68 322.69 321.38 325.91 323.25 321.07 319.29 320.83 323.3 319.15 315.55 331.72 332.81 338.59 339.9 334.6 334.15 333.82 326.87 331.2 338.28 345.36 350.1 354.01 352.31 346.8 342.27 342.26 344.13 346.18 351.04 353.5 354.06 353.44 365.4 364.95 362.77 358.89 350.82 342.59 336.11 331.37 322.81 319.26 317.72 311.08 308.92 305 307.19 313.99 321.94 325.23 325.5 328.1 328.39 326.77 327.6064 326.0303 328.2 -9999 -9999 -9999
318.95 316.12 314.6 314.89 314.77 316.27 321.56 323.79 322.38 323.23 324.88 325.89 324.49 326.71 330.27 327.98 324.5 323.54 321.48 328.53 326.08 330.85 317.24 313.74 312.7 324.77 329.58 325.35 327.11 319.74 329.75 340.55 345.08 349.91 351.07 352.78 349.6 344.48 343.9 344.8 346.31 350.35 356.6 353.97 357.55 357.61 354.93 351.59 344.97 336.51 329.59 323.38 315.92 316.22 317.18 320.88 317.07 315.1 307.52 311.8 319.6 321.93 320.3 315.13 323.26 329.18 328.2872 328.9565 -9999 -9999 -9999 -9999 -9999
306.16 307.34 307.28 308.8 310.86 315.41 319.27 321.39 322.58 322.01 322.34 321.99 324.92 330.15 331.39 331.78 330.93 330.72 327.38 327.18 327.43 326.94 317.38 307.74 305.31 308.58 316.37 314.49 314.74 316.43 324.16 333.5 339.49 343.83 346.98 349.65 352.76 353.37 354.25 355.07 356.79 357.84 356.3 351.86 352.19 353.96 352.16 355.29 350.29 338.39 320.9 313.94 306.86 300.79 313.4 322.81 320.69 318.25 315.94 319.3 321.49 320.68 323.03 317.9082 322.9012 329.6471 329.5517 -9999 -9999 -9999 -9999 -9999 -9999
294.08 300.66 305.88 304.2 311.73 321.8 321.98 325.32 327.53 321.62 321.75 321.5 324.66 328.35 329.45 326.72 322.49 321.19 322.24 323.11 315.49 314.63 315.66 307.42 303.48 302 300.56 302.52 307.55 313.91 321.22 325.76 331.55 339.79 344.77 347.95 349.28 349.3 350.98 353.35 354.15 353.66 350.81 354.39 354.18 353.09 348.49 356.62 350.95 340.5 338.09 327.64 319.29 322.76 322.66 322.14 318.7 318.17 318.449 322.5316 322.5303 325.3636 326.6956 322 -9999 -9999 -9999 -9999 -9999 -9999 -9999 -9999 -9999
