layers/wordclim/past/Iberia_lig_10_ascii/bio_18.asc
ncols         166
nrows         94
xllcorner     -9.4959440078468
yllcorner     36.000324005443
cellsize      0.083333337679505
NODATA_value  -9999
[rows 34 to 67 of 94, columns 77 to 153 of 166]
62.4 60.04 64.02 68.35 75.55 81.57 84.4 86.06 88.93 91.14 96.88 102.6 105.58 105.47 102.6 101.04 101.83 102.82 99.45 101.4 103.18 97.82 106.26 117.98 119.52 108.49 98.9 89.96 78.48 77.66 78.63 81.81 75.85 69.66 64.71 66.83 74.67 73.63 70.76 74.18 71.27 75.75 62.99 65.83 68.97 68.05 72.5 71.48 65 -9999 -9999 -9999 -9999 -9999 -9999 -9999 -9999 -9999 -9999 -9999 -9999 -9999 -9999 -9999 -9999 -9999 -9999 -9999 -9999 -9999 -9999 -9999 -9999 -9999 -9999 -9999 -9999
57.16 62.81 69.58 72.74 73.48 76.64 80.88 85.46 88.56 84.74 91.84 94.88 103.05 97.93 101.67 105.7 104.82 105.55 103.09 103.98 101.17 98.89 105.92 109.43 113.76 105.25 104.18 98.39 91.37 87.75 90.78 85.52 82.57 75.97 69.99 79.7 84.74 79.57 76.83 79.97 86.57 83.5 63.53 63.59 74.27 65.52525 63.6087 -9999 -9999 -9999 -9999 -9999 -9999 -9999 -9999 -9999 -9999 -9999 -9999 -9999 -9999 -9999 -9999 -9999 -9999 -9999 -9999 -9999 -9999 -9999 -9999 -9999 -9999 -9999 -9999 -9999 -9999
55.27 64.79 68.04 69.65 68.1 70.54 79.4 82.11 81.1 85.3 90.64 92.22 96 99.43 102.34 102.53 108.71 111.57 107.98 101.07 98.47 102.56 116.52 118.61 116.43 114.58 114.18 109.43 111.88 111.04 104.71 99.13 92.25 76.44 79.71 79.16 87.92 83.75 91.03 97.9 108.25 81.28 63.23 63.15 64.6 61.92958 61.375 -9999 -9999 -9999 -9999 -9999 -9999 -9999 -9999 -9999 -9999 -9999 -9999 -9999 -9999 -9999 -9999 -9999 -9999 -9999 -9999 -9999 -9999 -9999 -9999 -9999 -9999 -9999 -9999 -9999 -9999
61.32 63.03 65.29 70.6 64.38 61.95 65.11 70.55 80.53 94.25 100.08 104.69 102.08 105.03 110.59 109.92 114.91 113.43 115.73 104.87 97.4 105.2 118.94 114.98 115.45 118.06 120.78 119.19 113.14 113.06 107.3 101.66 89.59 86.29 85.42 91.83 100.22 100.47 109.13 97.34 88.2 68.88 63.91 63.04 60.27835 60.24731 60.61628 60.91304 -9999 -9999 -9999 -9999 -9999 -9999 -9999 -9999 -9999 -9999 -9999 -9999 -9999 -9999 -9999 -9999 -9999 -9999 -9999 -9999 -9999 -9999 -9999 -9999 -9999 -9999 -9999 -9999 -9999
56.72 57.77 65.45 69.01 60.92 66.46 73.44 81.02 83.72 89.61 97.51 104.21 107.51 109.39 112.3 117.57 125.88 118.83 120.23 113.81 102.63 98.19 113.52 112.15 108.13 109.77 118.73 118.18 120.73 121.98 118.62 120.72 103.44 95.27 89.7 94.52 101.84 97.23 90.58 78.22 67.1 64.11 64.34 67.89362 59.44231 59.05263 59.83333 -9999 -9999 -9999 -9999 -9999 -9999 -9999 -9999 -9999 -9999 -9999 -9999 -9999 -9999 -9999 -9999 -9999 -9999 -9999 -9999 -9999 -9999 -9999 -9999 -9999 -9999 -9999 -9999 -9999 -9999
50.76 57.3 62.74 61.89 57.22 66.84 69.53 72.8 72.8 77.63 85.7 95.72 104.52 119.79 119.54 125.64 132.41 126.76 122.59 117.89 105.46 95.71 103.8 110.21 102.3 110.72 129.86 119.79 123.94 129.12 130.45 135.86 114.79 105.69 97.57 98 101.68 90.59 81.59 69.01 64.79 61.35 60.63 61.13044 58.58333 58 -9999 -9999 -9999 -9999 -9999 -9999 -9999 -9999 -9999 -9999 -9999 -9999 -9999 -9999 -9999 -9999 -9999 -9999 -9999 -9999 -9999 -9999 -9999 -9999 -9999 -9999 -9999 -9999 -9999 -9999 -9999
51.17 57.18 57.48 54.21 54.86 59 58.43 62.75 66.16 77.65 84.25 96.14 105.86 113.96 122.5 124.58 131.56 129.51 121.61 113.61 105.94 97.6 99.43 105.24 100.32 120.1 126 127.5 134.41 146.61 143.6 135.66 129.57 112.18 106.37 102.21 97.12 78.68 70.15 66.32 62.78 57.31 56.64 -9999 -9999 -9999 -9999 -9999 -9999 -9999 -9999 -9999 -9999 -9999 -9999 -9999 -9999 -9999 -9999 -9999 -9999 -9999 -9999 -9999 -9999 -9999 -9999 -9999 -9999 -9999 -9999 -9999 -9999 -9999 -9999 -9999 -9999
49.65 50.07 47.17 51.79 52.02 62.34 67.1 62.58 70.28 73.44 79.44 85.93 102.45 109.01 118.38 125.04 127.99 122.29 114.07 113.09 110.97 99.83 94.25 91.82 101.43 117.08 118.2 123.4 133.37 150.05 147.51 135.13 122.32 105.07 88.7 86.73 78.91 71.09 63.11 66.24 60.9 56.20482 53 -9999 -9999 -9999 -9999 -9999 -9999 -9999 -9999 -9999 -9999 -9999 -9999 -9999 -9999 -9999 -9999 -9999 -9999 -9999 -9999 -9999 -9999 -9999 -9999 -9999 -9999 -9999 -9999 -9999 -9999 -9999 -9999 -9999 -9999
46.98 43.73 49.08 55.76 52.93 57.27 64.24 67.51 73.15 76.93 82.39 88.2 101.6 111.83 115.57 113.9 128.66 124.65 121.74 118.86 111.61 106.18 96.91 87.41 100.18 111.44 101.95 103.52 118.26 131.15 124.05 123.88 115.29 102.96 82.41 74.95 74.72 70.79 56.41 55.37 59.46341 55.66667 -9999 -9999 -9999 -9999 -9999 -9999 -9999 -9999 -9999 -9999 -9999 -9999 -9999 -9999 -9999 -9999 -9999 -9999 -9999 -9999 -9999 -9999 -9999 -9999 -9999 -9999 -9999 -9999 -9999 -9999 -9999 -9999 -9999 -9999 -9999
42.28 44.76 54.61 57.08 55.41 64.09 64.67 66.87 70.13 77.29 86.66 82.08 98.24 102.27 106.66 116.55 118.35 119.83 113.16 122.58 104.2 100.13 88.66 94.04 110 107.48 93.9 89.89 95.82 100.83 106.47 97.98 100.04 94.17 69.81 59.55 61.92 58.83 55.34 47.94737 47.4 -9999 -9999 -9999 -9999 -9999 -9999 -9999 -9999 -9999 -9999 -9999 -9999 -9999 -9999 -9999 -9999 -9999 -9999 -9999 -9999 -9999 -9999 -9999 -9999 -9999 -9999 -9999 -9999 -9999 -9999 -9999 -9999 -9999 -9999 -9999 -9999
41.92 47.51 56 59.19 59.19 64.06 67.4 69.63 76.13 77.83 79.58 81.87 94.56 101.9 106.7 105.72 107.73 105.57 108.06 111.25 100.53 83.21 87.64 104.83 130.76 125.79 103.14 88.83 85.84 82.38 80.13 84.65 80.32 74.38 64.54 55.47 57.85 56.94 48.98864 45 -9999 -9999 -9999 -9999 -9999 -9999 -9999 -9999 -9999 -9999 -9999 -9999 -9999 -9999 -9999 -9999 -9999 -9999 -9999 -9999 -9999 -9999 -9999 -9999 -9999 -9999 -9999 -9999 -9999 -9999 -9999 -9999 -9999 -9999 -9999 -9999 -9999
46.03 49.15 54.36 58.08 60.71 64.26 68.96 70.38 77.19 75.82 73.28 79.03 86.77 95.65 92.65 94.33 100.7 96.67 100.86 108.53 98.75 82.34 93.67 112.19 130.16 121.56 104.65 97.4 88.66 88.35 74.91 70.86 63.65 57.28 49.62 50.21 51.44 49.04478 48.28571 -9999 -9999 -9999 -9999 -9999 -9999 -9999 -9999 -9999 -9999 -9999 -9999 -9999 -9999 -9999 -9999 -9999 -9999 -9999 -9999 -9999 -9999 -9999 -9999 -9999 -9999 -9999 -9999 -9999 -9999 -9999 -9999 -9999 -9999 -9999 -9999 -9999 -9999
47.27 49.35 53.29 57.15 56.73 59.84 65.61 68.65 72.26 72.19 75.83 78.64 82.25 86.81 83.21 85.24 87.31 93.44 96.7 95.69 90.76 85.91 82.1 90.2 102.26 110.81 120.58 106.39 87.82 78.38 71.97 74.71 66.67 53.53 44.41 41.83 40.52577 40.6875 -9999 -9999 -9999 -9999 -9999 -9999 -9999 -9999 -9999 -9999 -9999 -9999 -9999 -9999 -9999 -9999 -9999 -9999 -9999 -9999 -9999 -9999 -9999 -9999 -9999 -9999 -9999 -9999 -9999 -9999 -9999 -9999 -9999 -9999 -9999 41.66667 39.36364 41.42857 -9999
45.22 48.21 51.64 53.89 56.03 58.97 61.09 66.1 68.1 68.27 76.16 80.29 83.12 84.45 80.78 84.92 81.02 90.07 97.08 91.12 84.83 88.1 84.78 77.88 83.47 89.55 98.3 102.39 85.45 72.62 60.6 58.19 66.51 61.12 46.74 38.93939 39.04878 -9999 -9999 -9999 -9999 -9999 -9999 -9999 -9999 -9999 -9999 -9999 -9999 -9999 -9999 -9999 -9999 -9999 -9999 -9999 -9999 -9999 -9999 -9999 -9999 -9999 -9999 -9999 -9999 -9999 -9999 -9999 -9999 -9999 41.6 51.75862 48.42391 37.35052 35.1 38.1 -9999
44.02 46.29 51.02 53.93 56.28 55.76 58.74 63.64 65.13 64.71 69.71 74.22 79.63 81.36 78.95 80.45 80.18 79.44 81.3 80.8 84.34 86.16 78.25 68.98 71.23 76.29 79.49 73.38 74.34 71.12 67.24 54.97 48.89 48.68 40.14 38.13636 -9999 -9999 -9999 -9999 -9999 -9999 -9999 -9999 -9999 -9999 -9999 -9999 -9999 -9999 -9999 -9999 -9999 -9999 -9999 -9999 -9999 -9999 -9999 -9999 -9999 -9999 -9999 -9999 -9999 -9999 -9999 -9999 37.375 40.77465 60.95959 53.53 38.9 33.72 32.98148 33 34
43.02 44.71 48.56 50.98 54.75 54.36 57.91 62.63 63.25 61.49 64.42 71.89 75.61 77.38 78.1 77 74.91 71.97 72.08 76.63 86.56 78.02 76.86 72.79 65.82 57.82 57.51 54.94 50.66 48.96 52.92 59.82 48.82 40.68 37 -9999 -9999 -9999 -9999 -9999 -9999 -9999 -9999 -9999 -9999 -9999 -9999 -9999 -9999 -9999 -9999 -9999 -9999 -9999 -9999 -9999 -9999 -9999 -9999 -9999 -9999 -9999 -9999 -9999 -9999 -9999 29.33333 41.44737 47.01111 47.5 41.58 35.89 34.05 33.69 33.58 33.37078 37.33696
40.88 44.95 48.94 48.22 50.16 54.19 54.24 59.5 61.19 60.6 61.99 64.66 68.72 70.82 72.88 75.21 76.45 71.74 68.17 75.48 77.89 72.01 75.73 83.24 79.59 65.78 52.67 47.42 43.31 41.94 41.53 41.55 40.8 36.79787 36.26667 -9999 -9999 -9999 -9999 -9999 -9999 -9999 -9999 -9999 -9999 -9999 -9999 -9999 -9999 -9999 -9999 -9999 -9999 -9999 -9999 -9999 -9999 -9999 -9999 -9999 -9999 -9999 -9999 -9999 27 36.11111 41.59036 42.48 30.06 28.63 31.53 33.01 33.59 33.4 32.71 33.55 34.21
40.48 42.29 45.14 45.12 47.68 51.76 53.28 54.57 56.02 57.95 62.88 63.76 63.12 64.8 66.21 68.52 69.27 68.81 63.28 68.12 70.31 69.67 66.56 70.16 70.98 72.96 72.2 55.29 43.6 40.55 39.3 38.87 35.47 34.54348 -9999 -9999 -9999 -9999 -9999 -9999 -9999 -9999 -9999 -9999 -9999 -9999 -9999 -9999 -9999 -9999 -9999 -9999 -9999 -9999 -9999 -9999 -9999 -9999 -9999 -9999 -9999 -9999 -9999 -9999 31 28.39535 28.08974 30.23171 26.16216 24.9661 26.99 33.27 33.93 31.64 30.4 31.7 30.21111
39.88 40.32 42.38 43.78 45.24 47.36 48.74 51.51 52.81 56.97 60.53 58.85 60.1 61.83 62.99 62.68 64.13 62.6 57.17 61.28 63.09 60.69 59.12 61.23 67.07 68.9 68.53 57.59 46.01 41.32 38.44 36.59 35.17 34 -9999 -9999 -9999 -9999 -9999 -9999 -9999 -9999 -9999 -9999 -9999 -9999 -9999 -9999 -9999 -9999 -9999 -9999 -9999 -9999 -9999 -9999 -9999 -9999 -9999 -9999 -9999 -9999 -9999 -9999 -9999 -9999 23.92308 24.57143 -9999 24.61111 26.84 28.54 28.86 28.19 29.73 31.45 28.0625
38.49 39.57 40.69 41.69 43.85 45.13 47.27 48.66 50.46 53.15 54.42 54.82 57.33 58.78 60.18 60.25 60.1 60.66 58.75 51.17 50.86 53.21 54.19 59.73 60.71 61.46 57.63 48.1 44.01 41.48 39.81 35.94 34.91 35 -9999 -9999 -9999 -9999 -9999 -9999 -9999 -9999 -9999 -9999 -9999 -9999 -9999 -9999 -9999 -9999 -9999 -9999 -9999 -9999 -9999 -9999 -9999 -9999 -9999 -9999 -9999 -9999 -9999 -9999 -9999 -9999 -9999 -9999 -9999 24.66667 26.03572 25.95313 25.19737 25.6 27.15 26.72059 26
37.07 38.5 40.44 41.61 43.34 44.77 45.46 47.9 49.37 51.24 53 54.38 54.72 55.98 56.71 57.13 58.01 57.46 58.29 58.58 56.61 53.72 52.84 53.53 56.41 58.35 52.15 53.16 52.34 41.1 38.7 35.08 33.92 34.46032 -9999 -9999 -9999 -9999 -9999 -9999 -9999 -9999 -9999 -9999 -9999 -9999 -9999 -9999 -9999 -9999 -9999 -9999 -9999 -9999 -9999 -9999 -9999 -9999 -9999 -9999 -9999 -9999 -9999 -9999 -9999 -9999 -9999 -9999 -9999 -9999 -9999 -9999 24 24.20339 25 -9999 -9999
37 37.71 39.87 41.52 43.87 45.75 47.15 48.74 48.83 49.26 50.43 51.92 52.59 53.69 54.4 54.78 55.34 56.24 55.33 55 56.31 58.93 60.9 56.19 49.46 62.95 63.5 51.75 45.71 42.55 34.44 33.74 33.09 33.50505 34.33333 -9999 -9999 -9999 -9999 -9999 -9999 -9999 -9999 -9999 -9999 -9999 -9999 -9999 -9999 -9999 -9999 -9999 -9999 -9999 -9999 -9999 -9999 -9999 -9999 -9999 -9999 -9999 -9999 -9999 -9999 -9999 -9999 -9999 -9999 -9999 -9999 -9999 22 -9999 -9999 -9999 -9999
36.98 38.28 41.04 43.17 45.82 47.29 49.14 51.38 50.95 49.96 49.63 49.99 51.1 51.86 52.73 52.91 53.65 53.86 56.52 58.7 62.81 68.53 66.3 61.25 51.99 66.97 61.04 45.82 40.51 37.29 32.55 32.75 37.89 36.74 33.06667 -9999 -9999 -9999 -9999 -9999 -9999 -9999 -9999 -9999 -9999 -9999 -9999 -9999 -9999 -9999 -9999 -9999 -9999 -9999 27.05882 27.77778 26.33333 -9999 -9999 -9999 -9999 -9999 -9999 -9999 -9999 -9999 -9999 -9999 -9999 -9999 -9999 21 23 -9999 -9999 -9999 -9999
37.9 40.72 45.13 47.33 49 50.73 51.59 54.77 54.84 52.65 49.99 49.24 49.97 50.33 51.27 51.94 54.01 58.84 61.94 66.67 71.43 75.78 69.34 62.64 55.48 66.7 61.14 51.21 42.18 35.88 33.06 33.63 41.67 42.95 34.45679 32 -9999 -9999 -9999 -9999 -9999 -9999 -9999 -9999 -9999 -9999 -9999 -9999 -9999 -9999 -9999 -9999 29.16667 30.40476 28.11 27.40404 24 -9999 -9999 -9999 -9999 -9999 -9999 -9999 -9999 -9999 -9999 -9999 -9999 -9999 -9999 -9999 -9999 -9999 -9999 -9999 -9999
41.54 43.48 43.72 47 49.65 52.92 55.67 58.31 57.38 53.57 50.14 49.04 49.2 49.84 51.24 52.95 59.16 64.05 65.08 69.41 69.02 65.04 63.25 61.08 62.81 70.62 62.27 53.07 45.48 39.85 37.96 37.06 43.12 46.14 34.82 32.05357 -9999 -9999 -9999 -9999 -9999 -9999 -9999 -9999 -9999 -9999 -9999 -9999 -9999 -9999 -9999 25.94118 26.81482 27.5 25.09474 23.78572 -9999 -9999 -9999 -9999 -9999 -9999 -9999 -9999 -9999 -9999 -9999 -9999 -9999 -9999 -9999 -9999 -9999 -9999 -9999 -9999 -9999
41.19 45.27 46.37 47.07 49.86 52.09 53.97 56.98 57.42 54.23 51.69 49.68 49.46 49.17 51.73 54.3 57.22 59.92 61.5 62.83 62.11 60.91 59.82 56.66 57.23 62.03 57.71 48.75 49.65 46.66 39.52 39.78 44.79 47.2 43.15 35.33 33.89552 34 34.33333 -9999 -9999 -9999 -9999 -9999 -9999 -9999 -9999 -9999 -9999 -9999 -9999 27.36842 27.74545 24.10294 23 -9999 -9999 -9999 -9999 -9999 -9999 -9999 -9999 -9999 -9999 -9999 -9999 -9999 -9999 -9999 -9999 -9999 -9999 -9999 -9999 -9999 -9999
40.02 44.07 46.38 48.99 50.42 52.96 54.55 55.67 55.56 56.02 55.28 55.16 55.39 52.93 54.82 55.21 56.54 58.61 60.42 60.89 59.19 56.62 59.37 62.01 60.19 54.93 49.21 54.15 53.72 49.71 55.56 54.82 46.75 56.81 55.7 48.58 39.04 37.4 37.18557 34.5 -9999 -9999 -9999 -9999 -9999 -9999 -9999 -9999 -9999 -9999 -9999 -9999 -9999 -9999 21 -9999 -9999 -9999 -9999 -9999 -9999 -9999 -9999 -9999 -9999 -9999 -9999 -9999 -9999 -9999 -9999 -9999 -9999 -9999 -9999 -9999 -9999
39.24 42.14 45.04 48.76 49.59 49.43 51.2 56.44 61.64 65.43 66.76 67.37 62.74 57.35 54.28 55.84 54.59 54.82 54.49 54.28 58.26 54.25 52.8 53.92 53.72 45.71 50.37 54.8 58.2 64.9 65.04 55.4 53.13 66.97 59.28 56 46.91 38.73 36.14458 36.71429 -9999 -9999 -9999 -9999 -9999 -9999 -9999 -9999 -9999 -9999 -9999 -9999 -9999 21.65517 21.18367 22.26667 -9999 -9999 -9999 -9999 -9999 -9999 -9999 -9999 -9999 -9999 -9999 -9999 -9999 -9999 -9999 -9999 -9999 -9999 -9999 -9999 -9999
39.27 40.73 45.26 44.66 45.78 42.24 50.84 62.51 69.66 64.2 66.81 63.89 59.36 54.05 51.19 48.55 47.79 47.9 47.84 49.33 52.51 54.74 51.88 47.64 47.27 44.27 42.93 50.83 61.28 58.18 68.63 66.81 64.56 62.55 60.08 37.68 38.05263 33.81579 30 -9999 -9999 -9999 -9999 -9999 -9999 -9999 -9999 -9999 -9999 -9999 -9999 -9999 -9999 21.75 -9999 22.30769 -9999 -9999 -9999 -9999 -9999 -9999 -9999 -9999 -9999 -9999 -9999 -9999 -9999 -9999 -9999 -9999 -9999 -9999 -9999 -9999 -9999
37.15 41.83 40.89 38.26 39.76 46.74 62.96 68.5 70.05 63.01 55.77 53.02 48.92 44.58 43.9 44.29 41.84 39.28 40.69 44.54 45.03 48.42 49.35 44.26 47.34 51.56 43 45.56 61.27 51.76 52.04 44.24 51.14 35.93 32.91111 30.4127 32.23077 -9999 -9999 -9999 -9999 -9999 -9999 -9999 -9999 -9999 -9999 -9999 -9999 -9999 -9999 -9999 -9999 -9999 -9999 -9999 -9999 -9999 -9999 -9999 -9999 -9999 -9999 -9999 -9999 -9999 -9999 -9999 -9999 -9999 -9999 -9999 -9999 -9999 -9999 -9999 -9999
37.05 37.15 34.91 35.99 41.71 47.53 52.03 61.58 64.11 53.73 48.88 45.56 41.05 42.83 39.29 35.15 33.91 34.98 38.62 43.01 41.25 41.11 44.68 52.87 48.28 44.48 40.63 37.08 45.76 39.37 33 28.49 29.52703 27.38889 -9999 -9999 -9999 -9999 -9999 -9999 -9999 -9999 -9999 -9999 -9999 -9999 -9999 -9999 -9999 -9999 -9999 -9999 -9999 -9999 -9999 -9999 -9999 -9999 -9999 -9999 -9999 -9999 -9999 -9999 -9999 -9999 -9999 -9999 -9999 -9999 -9999 -9999 -9999 -9999 -9999 -9999 -9999
32.69 32.49 30.58 33.65 38.84 42.25 54.53 61.79 53.89 41.22 38.07 40.51 41.2 36.95 33.22 34.63 32.63 31.48 32.11 31.36 35.25 38.39 37.33 42.54 42.19 45.83 37.71 29.96 28.88 28.45 25.02 24.1282 23.5 -9999 -9999 -9999 -9999 -9999 -9999 -9999 -9999 -9999 -9999 -9999 -9999 -9999 -9999 -9999 -9999 -9999 -9999 -9999 -9999 -9999 -9999 -9999 -9999 -9999 -9999 -9999 -9999 -9999 -9999 -9999 -9999 -9999 -9999 -9999 -9999 -9999 -9999 -9999 -9999 -9999 -9999 -9999 -9999
30.72 28.02 36.23 44.62 39.52 56.35 65.07 55.17 54.23 48.11 51.08 55.22 56.07 48.02 40.95 31.42 28.21 29.41 27.69 25.44 29.58 33.23 42.18 39.84 36.28 37.81 35.5 28.1 24.55 23.44 22.21053 -9999 -9999 -9999 -9999 -9999 -9999 -9999 -9999 -9999 -9999 -9999 -9999 -9999 -9999 -9999 -9999 -9999 -9999 -9999 -9999 -9999 -9999 -9999 -9999 -9999 -9999 -9999 -9999 -9999 -9999 -9999 -9999 -9999 -9999 -9999 -9999 -9999 -9999 -9999 -9999 -9999 -9999 -9999 -9999 -9999 -9999
28.21 33.58 37.88 43.42 44.98 62.33 62.78 55.65 69.5 55.6 62.68 63.56 63.5 54.16 36.75 31.12 28.38 28.38 27.33 28.82 23.66 25.54 29.62 26.71 23.79 24.19 20.82 19.57 19.89 20.32609 21.81034 -9999 -9999 -9999 -9999 -9999 -9999 -9999 -9999 -9999 -9999 -9999 -9999 -9999 -9999 -9999 -9999 -9999 -9999 -9999 -9999 -9999 -9999 -9999 -9999 -9999 -9999 -9999 -9999 -9999 -9999 -9999 -9999 -9999 -9999 -9999 -9999 -9999 -9999 -9999 -9999 -9999 -9999 -9999 -9999 -9999 -9999
