layers/wordclim/past/Iberia_lig_10_ascii/bio_16.asc
ncols         166
nrows         94
xllcorner     -9.4959440078468
yllcorner     36.000324005443
cellsize      0.083333337679505
NODATA_value  -9999
[rows 32 to 63 of 94, columns 0 to 72 of 166]
-9999 -9999 -9999 -9999 -9999 -9999 -9999 -9999 -9999 538.5 543.3226 537.81 539.09 549.56 552.59 535.65 544.54 553.48 539.8 545.98 503.9 511.51 499.5 480.05 477.26 449.37 425.79 407.02 368.76 389.6 381.13 354.24 342.02 336.26 332.86 315.61 300.6 289.18 279.72 267.26 254.19 243.18 236.59 227.78 220.42 214.19 208.28 203.38 198.67 194.3 190.54 189.12 188.08 187.83 186.42 186.51 188.24 187.89 190.29 190.98 192.35 195.69 199.69 202.01 204.82 210.02 214.75 215.74 217.89 222.87 232.99 244.44 241.46
-9999 -9999 -9999 -9999 -9999 -9999 -9999 -9999 -9999 -9999 533.3095 546.22 529.81 533.77 536.54 560.49 621.22 600.96 656.73 632.55 567.4 576.75 549.21 542.4 532.4 503.48 456.51 432.61 379.11 371.49 357.02 345.25 332.4 338.61 334.03 317.88 304.93 290.5 282.13 271.62 259.62 249.17 239.08 229.42 221.46 215.27 209.42 203.17 199.88 196.05 191.33 189.57 189.16 188.84 186.79 187.51 188.68 187.81 189.39 190.69 192.87 196.54 199.15 204.25 209.06 214.43 219.95 236.88 239.06 238.61 220.76 219.03 231.79
-9999 -9999 -9999 -9999 -9999 -9999 -9999 -9999 -9999 -9999 520.8372 543.8 555.08 560.17 558.93 561.86 587.74 642.14 667.61 643.8 631.33 621.64 575.18 524.86 539.29 538.7 485.36 425.29 392.99 397.66 382.19 357.12 360.19 348.66 335.08 318.46 305.99 295.21 283.32 271.49 263.69 254.67 242.25 233.04 225.99 219.3 211.91 201.39 195.17 195.08 193.48 191.65 191.11 190.38 188.58 188.57 187.67 187.39 188.59 190.96 194.1 195.79 199.16 203.57 211.4 217.6 240.82 256.35 233.32 221.25 217.38 214.9 217.95
-9999 -9999 -9999 -9999 -9999 -9999 -9999 -9999 -9999 503.4375 507.551 528.18 548.13 578.54 638.76 633.96 618.44 572.75 575.89 583.48 602.44 602.27 587.71 553.13 546.56 537.12 487.14 430.49 408.55 412.85 407.39 380.3 358.19 355.23 343.05 326.35 308.94 294.82 281.04 270.97 262.84 254.42 245.33 238.35 231.28 224 216.94 207.5 199.08 196.91 196.31 194.33 195.19 193.69 190.97 188.73 186.54 187.22 187.56 190.75 194.51 196.58 199.61 205.58 213.93 222.98 257.54 228.89 236.84 230.86 220.2 213.88 208.85
-9999 -9999 -9999 -9999 -9999 -9999 -9999 -9999 -9999 496.8 495.1236 506.43 529.58 600.24 573.48 595.38 584.85 535.14 544.33 563.73 573.64 568.19 554.85 548.49 533.1 531.76 481.7 441.35 429.99 405.62 405.09 395.37 371.37 352.89 345.17 332.8 315.66 296.68 284.8 274.42 265.12 259.44 251.73 245.85 239.44 234.24 225.62 210.51 205.78 201.76 199.01 198 199.02 199.39 195.65 190.01 190.32 188.19 188.14 190.14 194.16 197.58 202.98 214.1 241.63 244.48 260.6 247.25 225.42 217.65 216.08 211.42 210.28
-9999 -9999 -9999 -9999 -9999 -9999 -9999 -9999 -9999 488.4324 486.3587 494.61 505.6 521.28 566.59 553.71 566.18 540.97 557.37 557.41 536.2 526.53 517.78 519.43 508.21 485.2 464.88 454.85 449.8 430.13 410.31 403.44 380.37 360.6 342.07 337.63 320.83 300.61 289.39 281.3 272.44 263.47 259.99 256.41 248.99 234.12 221.6 215.42 211.58 209.16 208.04 207.87 212.81 208.61 208.29 206 201.88 193.57 192.14 192.59 207.49 208.07 218.61 224.91 222.21 215.3 217.31 216.54 217.11 219.9 216.58 213.01 212.6
-9999 -9999 -9999 -9999 -9999 -9999 -9999 -9999 478.8 480.9865 483.7835 481.65 483.84 508.47 544.55 596.25 611.46 540 524.57 517.46 514.22 519.88 524.16 499.16 472.51 471.49 468.72 500.96 472.4 443.55 428.41 408.83 389.03 360.68 338.38 324.6 317.03 311.1 300.93 292.45 285.29 280.92 266.65 253.12 243.57 235.31 227.94 222.86 220.76 223.02 226.29 225.59 232.17 229.02 221.44 210.13 198.68 194.91 197.03 203.08 211.18 219.66 218.59 228.04 214.18 208.46 214.39 217 215.6 216.92 216.97 215.61 216.06
-9999 -9999 -9999 -9999 -9999 -9999 -9999 -9999 473.4839 475.48 478.49 473.22 472.34 486.85 544.11 605.51 512.79 504.39 497.38 506.98 498.61 495.62 484.62 498.57 573.24 575.9 527.21 507.63 480.56 453.93 428.57 419.51 391.12 362.68 345.53 328.04 316.72 325.84 326.29 334.9 297.34 282.06 261.4 249.57 247.6 242.82 232.35 231.35 232.92 229.72 226.42 236.03 253.5 228.68 215.54 214.34 218.15 215.3 207.01 194.32 198.07 196.85 200.86 209.32 206.32 207.84 208.9 212.63 214.95 219.22 219.69 219.77 220.07
-9999 -9999 -9999 -9999 -9999 -9999 -9999 -9999 467.1129 470.05 470.99 471.83 465.25 489.14 515.96 506.34 492.92 483.28 487.47 485.96 496.28 504.33 589.51 691.72 626.09 561.3 503.26 509.43 475.86 447.08 434.11 424.74 389.34 370.34 364.92 346.52 328.9 326.27 315.92 302.62 287.44 250.78 244.06 247.37 241.3 248.9 243.75 233.45 228.12 233.09 255.73 272.88 269.49 258.04 258.43 241.07 215.08 200.35 191.98 191.12 190.38 191.12 196.12 199.95 200.87 203.48 206.53 213.69 216.54 219.75 221.3 219.9 220.66
-9999 -9999 -9999 -9999 -9999 -9999 -9999 454 460.967 463.25 464.8 468.44 461.58 490.61 487.85 468.33 471.18 475.35 484.61 502.3 511.47 603.71 762.14 696.13 538.04 472.35 454.65 479.56 478.2 455.83 450.88 431.57 410.46 389.82 371.04 356.23 363.53 333.33 311.55 269.96 250.73 246.97 253.37 250.93 265.25 306.19 283.36 242.02 243.75 271.45 277.33 271.6 266.08 241.38 235 218.78 211.21 215.85 218.33 205.86 190.34 190.79 192.91 193.88 195.35 201.79 205.96 212.75 217.63 216.27 219.21 219.17 218.04
-9999 -9999 -9999 -9999 -9999 -9999 -9999 450.9667 456.51 459.12 461.83 457.21 453.33 481.8 479.88 460.72 470.68 475.86 484.21 514.07 535.07 581.27 694.23 664.74 481.94 448.3 450.91 449.17 460.84 473.92 465.59 461.95 425.14 397.46 391.34 353.75 326.12 296.08 277.34 259.57 243.85 246.9 247.79 252.83 311.83 341 282.5 265.38 279.5 293.65 313.12 291.95 268.08 230.69 235.53 232.04 202.45 187.92 191.64 193.24 192.76 192.32 190.35 189.83 195.52 201.63 204.27 210.42 214.2 213.88 214.03 213.49 216.08
-9999 -9999 -9999 -9999 -9999 -9999 -9999 454.9178 451.32 443.25 441.84 439.4 442.33 465.03 465.58 472.48 471.89 492 544.25 600.4 619.93 533.82 498.89 477.37 459.77 454.77 433.57 427.24 429.27 428.74 389.78 368.55 407.09 354.23 323.7 303.33 286.21 285.47 263.41 250.34 241.2 234.55 259.51 300.31 263.51 285.52 334.86 320.83 307.09 241.5 260.25 240.02 206.31 192.83 197.37 185.58 186.28 188.32 191.75 193.48 189.21 186.08 187.45 191.45 196.81 200.3 202.04 208.4 209.23 211.3 210.93 210.6 211.96
-9999 -9999 -9999 -9999 -9999 -9999 -9999 433.6286 434.8296 436.34 434.39 434.42 453.88 459.94 454.89 503.24 538.29 557.22 556.83 578.6 551.71 497.72 501.1 498.89 475.71 445.78 410.75 403.16 398.44 378.19 356.12 347.41 342.14 318.72 294.82 286.85 283.16 276.38 259.02 248.91 241.94 244.13 264.44 256.41 273.18 242.83 233.5 226.09 212.54 197.58 194.97 192.97 191.39 190.79 190.13 190.46 195.17 198.75 188.56 186.67 185.63 186.91 189.8 192.81 195.4 196.93 201.27 203 204.54 208.82 205.56 206.83 210.54
-9999 -9999 -9999 -9999 -9999 -9999 -9999 428.9867 435.05 430.92 426.95 454.41 468.9 464.35 535.13 577.42 546.18 519.64 519.81 502.46 481.69 524.43 486.65 502.08 440.52 412.08 402.99 390.61 390.18 385.86 369.25 334.39 316.77 297.39 288.05 284.13 274.2 261.95 249.17 242.17 241.07 241.22 239.51 237.59 231.96 215.41 209.27 203 199.86 197.04 195.11 193.91 192.45 191.17 190.36 191.82 189.18 186.61 186.35 186.57 186.32 188.28 190.26 191.76 192.37 193.65 197.27 196.8 201.56 201.76 200.9 203.5 203.96
-9999 -9999 -9999 -9999 -9999 -9999 419 423.8 432.01 428.54 429.21 467.18 461.54 470.12 511.56 501.96 482.3 491.91 519.15 518.88 516.33 487.45 431.7 431.86 422.38 400.89 390.62 375.8 369.96 360.14 342.55 325.88 322.31 300.93 289.29 278.79 267.1 255.77 248.22 248.16 246.28 238.2 227.34 219.85 215.05 210.46 207.58 204.81 201.4 198.65 197.08 195.65 194.11 193.39 193.36 190.21 188.8 188.21 187.41 188.9 190.15 190.7 190 189.14 189.36 191.69 192.94 193.13 195.96 198.65 203.26 206.51 207.36
-9999 -9999 -9999 -9999 -9999 -9999 411.2381 411.12 425.68 432.08 430.43 450.3 447.33 464.31 465.09 459.16 478.46 505.31 520.88 543.69 482.32 434.81 414.14 415.35 411.33 393.91 363.04 356.14 349.36 349.79 336.31 321.72 309.02 302.3 289.2 280.47 272.57 263.34 261.22 260.59 246.35 235.35 225.51 219.77 216.46 212.26 209.76 209.58 204.66 201.61 201.08 201.28 197.8 195.82 193.8 194.2 194.94 192.1 190.18 188.77 188.8 189.57 190.07 188.57 189.36 190.57 191.7 192.96 195.71 197.6 201.31 202.91 203.89
-9999 -9999 -9999 -9999 -9999 405 409.1122 407.39 415.55 431.17 445.59 442.68 431.58 450.09 443.2 444.69 446.98 461.09 490.46 492.15 441.44 418.98 412.98 410.72 388.08 364.09 358.88 350.09 351.95 338.41 328.88 319.25 307.31 295.01 284.88 280.71 274.45 270.6 258.14 246.66 239.59 231.77 229.7 225.46 221.88 214.95 215.33 214.8 208.58 206.82 205.5 203.99 199.81 199.71 198.55 198.61 199.07 196.57 195.1 195.21 193.88 190.78 193.38 195.49 194.63 197.1 199.13 198.48 198.25 198.5 197.97 198.04 200.14
-9999 -9999 -9999 -9999 -9999 404.4286 410.59 411.54 411.64 430.88 434.9 422.93 414.56 425.81 442.66 428.96 443.46 443.05 448.34 429.8 407.85 407.58 393.35 380.69 377.2 376.15 365.08 350.52 348.04 335.67 319.31 310.49 310.74 302.74 291.3 275.83 261.27 258.06 254.74 251.81 244.72 236.81 235.2 233.7 234.83 233.31 228.82 222.84 221.57 220 215.84 210.43 209.55 207.62 211.71 207.82 206.65 203.92 204.47 201.93 201.17 198.34 200.01 201.58 198.18 201.12 201.56 201.49 201.33 200.3 198.78 198.11 197.83
-9999 -9999 -9999 -9999 -9999 396.1951 396.49 411.04 427.19 457.62 432.01 418.84 408.15 403.49 419.35 415.61 428.9 439.52 433.32 410.1 394.31 385.15 375.78 380.09 378.78 368.33 355.27 356.47 339.17 328.52 323.63 316.68 311.41 304.8 297.87 281.76 268.08 258.16 252.36 247.82 242.98 236.53 235.9 234.61 234.11 233.05 234.05 235.32 233.03 238.11 227.4 226.31 217.31 212.58 222.89 220.15 220.96 216.67 216.03 212.91 211.77 204.41 203.31 205.99 205.83 204.02 204.77 204.12 201.37 200.28 198.5 198.4 197.96
-9999 -9999 -9999 -9999 380.3438 390.0101 396.31 439.9 456.17 448.97 441.82 398.27 392.3 390.46 402.3 406.45 405.72 406.33 400.88 397.36 384.83 390.6 384.66 386.5 374.33 371.41 363.76 364.34 352.75 331.34 313.89 309.23 304.28 295.53 289.51 281.75 272.26 257.46 253.35 247 240.88 239.21 238.24 238.65 238.06 237.95 236 235.03 250.5 246.97 247.04 230.5 227.35 218.04 217.85 223.45 223.39 220.65 229.58 216.14 224.52 217.99 215.72 213.11 212.11 210.25 207.5 202.35 199.8 198.98 197.89 197.2 196.76
-9999 -9999 -9999 374.6905 375.47 388.57 410.3 430.86 423 401.25 391.77 383.72 379.6 383.93 380.84 376.9 377.21 375.33 386.16 387.75 392.31 389.39 387.82 388.63 394.2 380.6 369.83 360.64 358.5 341.49 319.41 306.75 296.68 287.14 281.16 275.83 270.11 266.76 258.02 252.58 245.55 242.29 241.37 243.51 243.98 255.31 245.82 242.29 252.8 257.73 233.86 225.35 221.41 220.41 214.09 213.97 212.76 213.03 215.42 211.99 214.02 210.22 207.33 205.02 214.59 219.63 214.28 206.96 202.36 201.24 198.23 196.3 195.33
-9999 354.381 367.3594 369.9419 379.22 387.39 400.58 387.75 387.18 387.79 378.26 372.87 376.6 390.16 386.59 383.27 378.67 385.13 386.14 381.85 378.72 379.99 382.8 386.82 409.22 419.64 398.57 378.48 358.17 342.68 331.26 318.4 300.05 298.6 287.25 274.36 266.57 262.65 258.84 256.28 251.75 249.16 248.5 246.36 245.07 253.14 254.36 248.38 241.17 236.01 230.07 222.03 222.33 217.2 214.98 213.04 213.78 213.95 214 217.42 218.69 217.91 208.83 210.4 211.86 209.91 212.22 207.5 203.16 203.45 205.38 198.82 194.19
-9999 360.2308 375.42 380.39 383.02 385.91 385.88 378.7 379.87 376.81 369.69 368.4 378.62 380.92 382.23 381.69 377.85 372.78 369.87 369.56 362.82 364.88 364.47 369.04 384.26 418.72 406.84 362.93 333.91 327.95 318.41 302.1 292 291.87 281.2 277.13 273.75 262.3 261.6 262.15 258.12 253.38 252.57 245.6 238.89 239.43 233.78 233.56 231.56 234.27 230.06 223.04 221.66 218.93 224.3 219.89 218.14 218.09 214.35 214.66 213.2 207.64 204.96 206.91 211.96 208.12 204 204.48 207.53 204.29 208.3 198.26 192.3
-9999 374.4445 378.34 382.94 387.02 409.33 382.53 379.56 375.93 367.8 365.18 371.64 372.55 372.03 372.3 371.84 366.34 359.32 363.56 360.36 352.43 354.07 361.39 360.16 356.57 360.55 361.08 346.56 324.05 312.55 311.65 292.96 287.6 284.41 280.67 279.11 274.33 268.55 265.3 262.2 270.48 258.54 244.42 242.31 238.71 237.1 234.07 234.18 231.05 230.11 230.64 228.58 225.3 224.2 225.92 229.05 223.94 220.11 215.77 216.89 220.09 213.35 206.36 204.5 208.65 206.47 201.88 198 197.29 199.65 196.17 191.53 190.31
-9999 383.2656 384.33 391.41 404.03 391.18 377 376.7 367.14 362.4316 365.06 366.74 368.23 368.16 366.27 362.37 353.21 355.28 354.44 347.12 344.64 344.79 346.07 352.15 347 341.74 331 325.97 312.42 298.83 295.61 284.37 282.97 278.72 276.24 272.85 265.37 262.69 264.55 259.64 254.44 245.52 243.62 241.18 238.86 238.13 236.12 234.95 233.82 232.39 232.81 231.05 232.83 232.6 229.67 230.03 232.09 224.18 220.28 223.12 223.37 218.48 213.28 206.97 207.51 205.63 199.52 196.02 194.9 193.03 192.21 192 191.33
-9999 396.76 398.26 406.08 410.68 397.69 371.8085 366.5889 362.0919 362.46 364.86 363.46 363.25 358.11 353.39 351.65 347.8 347.35 345.2 342.82 338.39 337.45 335.87 332.91 332.19 330.12 320.63 309.57 305.7 295.65 281.03 277.53 273.06 270.03 268.39 264.75 260.75 257.73 258.36 259.08 253.58 246.12 244.8 243.32 242.13 240.75 240.3 243.1 242.58 236.58 236.58 236.87 234.38 234.45 232.84 233.25 233.7 231.72 225.7 221.82 219.15 222.54 216.47 207.72 208.44 202.22 198.33 196.69 195.26 193.3 192.74 192.7 191.81
-9999 416.1735 426.62 424.62 424.03 399.6495 371.1266 364.19 361.55 360.9 358.82 354.42 348.46 347.82 346.87 343.61 340.65 336.07 335.01 340.28 338.72 339.01 335.76 331.51 328.92 327.29 326.96 316.62 295.04 284.81 276.49 273.41 270.26 267.62 266.06 263.14 260.01 257.8 258.05 257.01 250.67 248.16 247.12 247.13 247.31 245.77 244.63 244 243.8 244.65 242.71 238.84 240.72 247.16 239.81 239.54 236 232.07 228.29 229.33 223.09 219.76 216.66 211.25 209.98 204.52 201.08 198.81 196.5 195.16 195.09 194.82 194.29
425.2581 431.79 438.86 428.49 401.84 385.9167 367.6173 363.78 361.05 359.07 358.25 354.24 350.47 349.29 342.4 340.71 339.12 336.35 333.1 333.38 331.55 332.5 342.06 340.31 331.71 322.91 328.1 314.13 289.19 277.99 273.94 273.14 271.09 267.34 265.63 263.76 262.18 262.06 259.44 256.32 255.95 254.88 253.72 255.74 254.94 254.06 253.46 249.1 249.97 249.54 247.99 245.19 242.6 245.79 240.32 239.83 239.31 238.38 238.1 235.36 227.61 223.51 222.03 217.29 211.43 208.1 204.24 200.94 200.65 199.23 198.81 201.43 198.5
433.6543 442.22 442.13 421.25 392.3617 379 364.619 363 359.76 357 353.46 351.4 348.91 347.98 344.26 342.35 342.55 340.19 334.38 333.21 330.33 330.17 327.84 336.61 337.11 314.7 303.58 292.96 282.28 279.37 277.1 275.87 273.6 272.66 270.83 269.52 269.82 268.76 263.85 266.03 266.38 266.17 265.71 263.35 269.2 261.22 260 255.58 256.84 257.1 257 255.28 252.86 245.13 247.15 244.51 241.71 238.27 239.78 236.2 235.38 229.6 224.14 221.9 219.1 215.56 215.06 208.55 203.88 201.87 200.78 200.94 198.82
417 421.8592 418.1757 406.4805 390.2 370.7083 366.4832 359.9 356.92 355.27 354.08 349.85 346.51 342.93 343.67 345.29 346.24 343.59 336.58 331.14 328.57 323.25 330.2 325.46 314.41 311.71 291.94 286.04 286.68 282.67 281.62 279.56 276.86 275.52 275.17 272.86 273.29 274.3 270.66 267.07 270.57 274.54 275.72 271.35 270.04 269.07 265.62 267.52 267.46 270.17 265.48 261.91 255.81 251.93 249.32 245.5 243.55 243.17 240.41 238.28 238.59 237.77 232.09 226.94 223.16 221.93 221.43 215.88 206.96 205.5 205.52 202.75 200.04
-9999 -9999 393 394.473 382.4546 372.9405 366.92 360.48 353.99 349.85 348.15 345.07 343.06 345.91 347.51 344.5 344.14 341.43 334.5 322.14 317.23 312.39 310.33 310.99 303.89 294.81 290.77 285.99 289.28 291.15 292.49 288.94 283.47 281.91 281.24 278.72 279.03 280.19 278.22 274.1 278.09 279.61 283.43 283.26 276.22 280.52 278.23 281.51 276.45 270.65 265.66 263.18 260.71 258.51 260.72 253.16 252.17 253.32 248.63 246.12 243.03 241.75 238.24 233.29 230.24 225.86 218.17 214.32 216.64 208.46 209.55 205.63 203.01
-9999 -9999 -9999 387.75 382.03 376.37 373.9697 359.1412 348.6154 344.0549 345.68 339.86 337.22 342.09 339.9 337.74 339.3 331.32 321.83 316.93 311.18 306.25 305.26 306.47 303.4 293.61 285.97 287.73 288.94 295.01 296.9 301.36 308.36 299.5 303.23 287.33 286.13 290.54 288.28 283.97 279.29 291.84 290.05 287.71 283.58 291.12 293.27 286.59 282.78 275.7 274.51 273.01 271.31 267.49 264.81 260.45 256.79 254.3 254.86 259.24 258.72 249.79 243.14 237.66 228.55 225.43 223.5 219.18 215.11 214.71 211.76 209.35 208.38
