layers/wordclim/past/Iberia_lig_10_ascii/bio_02.asc
ncols         166
nrows         94
xllcorner     -9.4959440078468
yllcorner     36.000324005443
cellsize      0.083333337679505
NODATA_value  -9999
[rows 33 to 65 of 94, columns 75 to 149 of 166]
101.15 102.28 101.67 102.29 103.37 104.36 105.82 106.84 107.44 108 108 107.99 107.47 107 106.25 105.32 104.24 102.93 101.5 100.07 98.59 97.18 95.54 94.46 94.02 93.51 92.98 92.74 92.9 93.11 93.4 93.9 94.51 94.63 95.4 95.97 96.63 97.11 97.11 97.18 97.71 98 97.41 97.53 96.83 96.61 95.21 92.33 89.46 86.89 83.33803 79.59259 75.17647 73.33334 -9999 -9999 -9999 -9999 -9999 -9999 -9999 -9999 -9999 -9999 -9999 -9999 -9999 -9999 -9999 -9999 -9999 -9999 -9999 -9999 -9999
99.49 99.92 100.42 100.84 102.31 103.72 105.37 106.75 107.32 107.95 108 107.93 107.54 106.98 106.08 105.29 104.25 102.79 101.37 99.84 98.05 96.46 94.91 93.32 93.24 93.21 92.76 92.03 91.8 92.08 92.93 93.07 92.92 92.83 93.56 94.49 95.29 95.25 94.66 95.2 95.84 95.33 95.58 94.86 96.6 94.78 92.74 91.05 88.49 86.26 84 -9999 -9999 -9999 -9999 -9999 -9999 -9999 -9999 -9999 -9999 -9999 -9999 -9999 -9999 -9999 -9999 -9999 -9999 -9999 -9999 -9999 -9999 -9999 -9999
98.11 97.9 99.31 101.24 103.25 104.57 105.29 106.3 107.09 107.9 108 107.76 107.64 107.06 106.25 105.36 104.33 102.88 101.47 99.94 98.09 96.44 94.29 92.64 92.72 92.36 92.06 91.55 91.08 91.08 91.43 91.54 91.32 91.71 92.07 92.71 93.42 92.75 92.35 93.28 93.7 93.11 91.88 92.27 95.51 94.28 90.89 89.9697 88.19566 -9999 -9999 -9999 -9999 -9999 -9999 -9999 -9999 -9999 -9999 -9999 -9999 -9999 -9999 -9999 -9999 -9999 -9999 -9999 -9999 -9999 -9999 -9999 -9999 -9999 -9999
97.08 96.72 98.86 101.88 103.32 104.37 104.9 105.87 107.35 107.89 107.76 107.84 107.72 107.12 106.57 105.63 104.56 103.29 101.92 100.45 98.68 96.36 94.3 93.24 93.59 92.9 92.07 91.42 91.02 90.78 90.27 90.14 90.05 90.13 90.51 91.79 91.69 91.87 91.04 91.5 90.72 89.65 88.14 91.4 94.49 93.08 91.11 89.11268 86.6875 -9999 -9999 -9999 -9999 -9999 -9999 -9999 -9999 -9999 -9999 -9999 -9999 -9999 -9999 -9999 -9999 -9999 -9999 -9999 -9999 -9999 -9999 -9999 -9999 -9999 -9999
96.08 97.24 101.01 102.04 103.18 104.81 104.71 105.21 106.41 107.45 108.29 108.76 108.23 107.77 106.97 106.11 104.99 103.6 102.29 100.71 99.26 96.95 94.69 94.16 93.89 92.58 91.83 91.36 91.01 90.61 90.01 90 89.55 89.36 90.04 90.25 90.43 89.87 89.13 89.02 88.1 88.92 89.45 91.77 92.39 91.39 89.74227 87.64516 85.39535 83.86957 -9999 -9999 -9999 -9999 -9999 -9999 -9999 -9999 -9999 -9999 -9999 -9999 -9999 -9999 -9999 -9999 -9999 -9999 -9999 -9999 -9999 -9999 -9999 -9999 -9999
96.68 99.3 100.78 101.67 103.95 105.26 104.99 106.55 107.93 108.84 108.97 109 108.72 108.22 107.46 106.53 105.41 104.01 102.61 101.35 99.89 98.01 95.62 93.68 93.82 92.77 91.69 91.03 91 90.35 90.08 89.97 89.36 88.97 88.96 89.09 89.45 89.11 88.35 88.56 88.67 89.61 90.51 90.62 90.24 89.09574 88.36539 86.97369 85.5 -9999 -9999 -9999 -9999 -9999 -9999 -9999 -9999 -9999 -9999 -9999 -9999 -9999 -9999 -9999 -9999 -9999 -9999 -9999 -9999 -9999 -9999 -9999 -9999 -9999 -9999
99.84 101.02 100.9 102.98 104.74 105.21 105.3 107.31 108.32 108.91 109.21 109.56 109.75 109.2 108.14 106.37 105.43 104.08 102.63 101.6 100.25 98.6 96.42 94.13 93.33 92.77 91.27 91.28 91.79 90.63 90.16 89.97 89.28 88.95 88.75 88.33 88.43 88.41 87.94 88.3 88.22 89.11 89.37 89.2 88.7 88.6087 87 86.75 -9999 -9999 -9999 -9999 -9999 -9999 -9999 -9999 -9999 -9999 -9999 -9999 -9999 -9999 -9999 -9999 -9999 -9999 -9999 -9999 -9999 -9999 -9999 -9999 -9999 -9999 -9999
101.8 101.9 102.72 104.29 105 105.25 106.15 107.5 107.93 109 109.77 110.66 110.67 109.98 108.74 107.26 105.76 104.6 103.19 102.14 100.85 99.04 97.05 94.73 93.45 92.88 91.34 91.98 91.67 91.01 90.82 90.14 89.58 88.99 88.69 88.01 87.93 87.97 87.87 87.9 87.66 87.57 87.7 87.5 87.26 -9999 -9999 -9999 -9999 -9999 -9999 -9999 -9999 -9999 -9999 -9999 -9999 -9999 -9999 -9999 -9999 -9999 -9999 -9999 -9999 -9999 -9999 -9999 -9999 -9999 -9999 -9999 -9999 -9999 -9999
102.98 103.06 103.95 104.64 104.66 106.01 106.8 109.07 110.24 110.2 111.32 111.6 111.91 111.49 109.66 108.37 106.79 105.11 103.82 102.68 101.35 99.8 98.08 95.74 93.48 91.89 91.94 92.48 91.64 91.01 90.97 90.5 89.92 89.17 88.67 88.01 87.62 87.29 87.08 86.94 86.47 86.26 86.31 86.18073 87 -9999 -9999 -9999 -9999 -9999 -9999 -9999 -9999 -9999 -9999 -9999 -9999 -9999 -9999 -9999 -9999 -9999 -9999 -9999 -9999 -9999 -9999 -9999 -9999 -9999 -9999 -9999 -9999 -9999 -9999
103.86 104.47 105.01 105.02 106.32 107.85 108.25 109.7 111.12 111.99 112.92 113.34 113.37 112.87 110.75 108.74 107.49 106.57 104.42 103.46 102.05 100.58 98.88 97.06 94.59 92.45 92.37 92.64 91.16 90.33 90.54 90.66 89.77 89.07 88.6 87.96 86.98 86.5 86.17 85.88 84.96 84.72 84.95122 85.33334 -9999 -9999 -9999 -9999 -9999 -9999 -9999 -9999 -9999 -9999 -9999 -9999 -9999 -9999 -9999 -9999 -9999 -9999 -9999 -9999 -9999 -9999 -9999 -9999 -9999 -9999 -9999 -9999 -9999 -9999 -9999
104.91 105.35 105.48 106.15 108.26 109.27 109.93 111.49 112.27 113.01 113.92 114.72 114.39 114.72 111.89 110.61 109.05 106.97 105.79 104.19 102.85 101.47 99.57 97.69 95.27 94.04 94.07 92.98 91.19 90.25 89.93 89.78 89.59 88.7 88.16 87.7 85.93 84.66 84.61 84.26 83.73 83.53947 83.8 -9999 -9999 -9999 -9999 -9999 -9999 -9999 -9999 -9999 -9999 -9999 -9999 -9999 -9999 -9999 -9999 -9999 -9999 -9999 -9999 -9999 -9999 -9999 -9999 -9999 -9999 -9999 -9999 -9999 -9999 -9999 -9999
105.61 105.95 106.7 107.83 109.42 110.51 111.13 112.29 113.23 114.21 114.98 115.82 116.21 116.08 113.31 111.21 109.63 108.46 106.86 105.46 103.52 101.91 100.04 97.61 96.22 95.72 95.7 94.59 92.42 90.88 89.95 89.09 88.5 88.34 87.39 86.39 84.88 83.35 83.29 83.42 82.45454 83 -9999 -9999 -9999 -9999 -9999 -9999 -9999 -9999 -9999 -9999 -9999 -9999 -9999 -9999 -9999 -9999 -9999 -9999 -9999 -9999 -9999 -9999 -9999 -9999 -9999 -9999 -9999 -9999 -9999 -9999 -9999 -9999 -9999
106.65 107.52 108.38 109.12 110.33 111.25 112.15 113.05 114.18 114.93 115.57 116.57 117.15 117.27 115.07 112.65 111.58 109.83 107.7 106.15 104.33 102.55 100.67 98.23 97.32 96.79 96.26 95.04 93.22 91.98 90.71 90.04 88.15 87.3 85.83 84.09 82.36 81.77 81.64 81.65672 81.71429 -9999 -9999 -9999 -9999 -9999 -9999 -9999 -9999 -9999 -9999 -9999 -9999 -9999 -9999 -9999 -9999 -9999 -9999 -9999 -9999 -9999 -9999 -9999 -9999 -9999 -9999 -9999 -9999 -9999 -9999 -9999 -9999 -9999 -9999
108.3 109.01 109.61 110.13 111.14 111.92 112.41 113.27 114.37 115.34 116.28 116.93 117.04 116.9 115.68 113.75 112.25 110.5 108.5 106.66 105 103.1 101.21 99.23 97.55 96.48 95.91 95.4 94.74 92.92 91.15 89.79 88.19 87.73 86.16 83.43 81.06 79.72 79.12371 80 -9999 -9999 -9999 -9999 -9999 -9999 -9999 -9999 -9999 -9999 -9999 -9999 -9999 -9999 -9999 -9999 -9999 -9999 -9999 -9999 -9999 -9999 -9999 -9999 -9999 -9999 -9999 -9999 -9999 -9999 -9999 -9999 -9999 -9999 -9999
109.35 109.91 110.28 110.93 111.8 112.25 112.96 113.81 114.57 115.73 115.98 116.15 116.94 116.25 115.25 113.85 112.4 110.84 108.95 107.2 105.61 103.71 101.8 100.32 98.51 96.77 95.68 95 94.42 93.48 91.67 89.68 87.38 86.02 86.23 84.73 81.4 79.71717 79 -9999 -9999 -9999 -9999 -9999 -9999 -9999 -9999 -9999 -9999 -9999 -9999 -9999 -9999 -9999 -9999 -9999 -9999 -9999 -9999 -9999 -9999 -9999 -9999 -9999 -9999 -9999 -9999 -9999 -9999 -9999 -9999 -9999 81.55 80.36207 80.65218
110.09 110.59 111.05 111.31 112.23 112.9 113.9 114.06 114.82 115.75 115.89 115.81 116 115.8 114.97 113.73 112.24 110.63 109.2 107.42 105.75 104.16 102.49 100.99 99.17 97.04 95.82 94.95 94 92.41 91.46 90.18 88.84 86.02 83.97 82.9 80.77 80.04546 -9999 -9999 -9999 -9999 -9999 -9999 -9999 -9999 -9999 -9999 -9999 -9999 -9999 -9999 -9999 -9999 -9999 -9999 -9999 -9999 -9999 -9999 -9999 -9999 -9999 -9999 -9999 -9999 -9999 -9999 -9999 -9999 82.375 82.02817 79.83839 80.44 81.82
110.97 111.23 111.92 112.07 112.8 113.41 113.99 114.26 115.06 115.86 115.82 115.15 115.13 115.07 114.61 113.62 112.43 110.87 109.21 107.47 105.83 104.57 103.36 101.46 99.87 98.28 96.33 94.19 92.89 91.19 89.34 87.81 87.29 87.42 84.59 82.25 81.0921 -9999 -9999 -9999 -9999 -9999 -9999 -9999 -9999 -9999 -9999 -9999 -9999 -9999 -9999 -9999 -9999 -9999 -9999 -9999 -9999 -9999 -9999 -9999 -9999 -9999 -9999 -9999 -9999 -9999 -9999 -9999 82.66666 81.86842 81.53333 81.7 82.33 82.91 82.96
111.68 111.93 112.07 112.9 113.62 113.91 114.02 114.91 115 115.42 115.42 115.07 114.97 114.72 114.14 113.25 112.14 110.95 109.59 107.84 106.05 105.19 103.76 102.07 100.66 99.7 98.17 95.88 93.14 91.15 89.02 87.22 85.81 84.61 83.66 82.23404 82 -9999 -9999 -9999 -9999 -9999 -9999 -9999 -9999 -9999 -9999 -9999 -9999 -9999 -9999 -9999 -9999 -9999 -9999 -9999 -9999 -9999 -9999 -9999 -9999 -9999 -9999 -9999 -9999 -9999 82 82.11111 81.80723 82 84.01 84.6 84.13 83.81 83.17
112.29 112.53 112.8 112.99 113.54 113.98 114.22 114.98 114.96 115 115.03 115 115 114.43 113.46 112.73 111.63 110.61 109.56 108.22 106.43 105.44 104 102.58 101.12 99.85 98.49 97.35 96.1 93.01 89.96 87.98 86.19 84.66 83.16 82.69566 -9999 -9999 -9999 -9999 -9999 -9999 -9999 -9999 -9999 -9999 -9999 -9999 -9999 -9999 -9999 -9999 -9999 -9999 -9999 -9999 -9999 -9999 -9999 -9999 -9999 -9999 -9999 -9999 -9999 -9999 82 82.51163 83.15385 83.57317 84.70271 85.10169 84.78 83.87 83.18
113.09 113.46 113.35 113.03 113.69 113.99 114.13 114.25 114.4 114.94 114.85 114.99 114.78 113.91 113.12 112.46 111.67 110.52 109.59 108.14 106.36 105.46 104.24 102.67 101.33 100.08 99.12 98.06 96.79 94.28 91.32 89.12 87.1 85.24 83.94 83.66666 -9999 -9999 -9999 -9999 -9999 -9999 -9999 -9999 -9999 -9999 -9999 -9999 -9999 -9999 -9999 -9999 -9999 -9999 -9999 -9999 -9999 -9999 -9999 -9999 -9999 -9999 -9999 -9999 -9999 -9999 -9999 -9999 83.92308 83.92857 -9999 84.94444 84.36 84 83.5
113.7 113.99 113.92 113.66 113.99 114 114 114 114.05 114.3 114.07 114.21 114.01 113.68 113.05 112.35 111.66 110.61 109.62 108.51 107.11 105.15 103.92 102.71 101.7 100.96 99.61 98.39 96.85 94.22 92.33 90.49 88.9 86.98 85.84 85.88235 -9999 -9999 -9999 -9999 -9999 -9999 -9999 -9999 -9999 -9999 -9999 -9999 -9999 -9999 -9999 -9999 -9999 -9999 -9999 -9999 -9999 -9999 -9999 -9999 -9999 -9999 -9999 -9999 -9999 -9999 -9999 -9999 -9999 -9999 -9999 84.33334 84 84 83.42105
114.07 114.03 114 114 114 114 114 114.02 114.04 114.06 114 114 113.98 113.3 112.94 112.08 111.3 110.37 109.7 108.61 107.66 106.4 105.08 103.68 102.41 101.22 100.29 99.23 97.33 96.07 94.93 92.12 90.42 88.94 87.96 87.77778 -9999 -9999 -9999 -9999 -9999 -9999 -9999 -9999 -9999 -9999 -9999 -9999 -9999 -9999 -9999 -9999 -9999 -9999 -9999 -9999 -9999 -9999 -9999 -9999 -9999 -9999 -9999 -9999 -9999 -9999 -9999 -9999 -9999 -9999 -9999 -9999 -9999 -9999 83
114.93 114.59 114.2 114.02 114.08 114.13 114.36 114.57 114.2 114.3 114 113.92 113.68 113.05 112.6 111.93 111.14 110.31 109.7 108.89 107.8 106.82 105.87 104.9 103.91 102.32 100.65 100.55 99.45 97.21 95.43 94.1 91.71 90.68 89.87 89.57576 89.8 -9999 -9999 -9999 -9999 -9999 -9999 -9999 -9999 -9999 -9999 -9999 -9999 -9999 -9999 -9999 -9999 -9999 -9999 -9999 -9999 -9999 -9999 -9999 -9999 -9999 -9999 -9999 -9999 -9999 -9999 -9999 -9999 -9999 -9999 -9999 -9999 -9999 82
115.01 115 114.88 114.56 114.81 114.79 114.88 115 114.77 114.85 114.23 114.01 113.53 112.97 112.3 112 111.19 110.7 109.95 109.07 108.38 107.51 106.78 105.92 104.93 103.62 101.94 101.72 100.35 97.93 96.3 94.85 93.32 92.47 92.25 91.92 91.6 -9999 -9999 -9999 -9999 -9999 -9999 -9999 -9999 -9999 -9999 -9999 -9999 -9999 -9999 -9999 -9999 -9999 -9999 -9999 78 78.03704 78 -9999 -9999 -9999 -9999 -9999 -9999 -9999 -9999 -9999 -9999 -9999 -9999 -9999 -9999 82 82
115.56 115.24 115.03 115.05 115.39 115.29 115.18 115.01 114.99 114.94 114.78 114.06 113.26 112.97 112.3 112 111.59 110.96 110.29 109.85 109.12 108.23 107.51 106.47 105.68 104.53 103.29 102.6 101.29 99.67 98.07 96.22 95.05 94.34 94.49 93.97 93.45679 94 -9999 -9999 -9999 -9999 -9999 -9999 -9999 -9999 -9999 -9999 -9999 -9999 -9999 -9999 -9999 -9999 78.41666 78.33334 77.93 77.79798 77.93333 -9999 -9999 -9999 -9999 -9999 -9999 -9999 -9999 -9999 -9999 -9999 -9999 -9999 -9999 -9999 -9999
116 115.98 115.79 115.47 115.43 115.28 115.22 115.18 115.01 115 114.71 114.02 113.26 113 112.49 112.02 111.61 111.02 110.99 110.24 109.47 108.76 107.98 107.16 106.2 105.27 104.37 103.37 102.23 100.79 99.62 98.13 97.1 96.23 96.08 95.72 94.93 95.10714 -9999 -9999 -9999 -9999 -9999 -9999 -9999 -9999 -9999 -9999 -9999 -9999 -9999 -9999 -9999 78.47059 78.1358 77.84 77.35789 77.10714 -9999 -9999 -9999 -9999 -9999 -9999 -9999 -9999 -9999 -9999 -9999 -9999 -9999 -9999 -9999 -9999 -9999
115.98 115.68 115.24 115.64 115.9 115.22 115.07 115.03 115 114.97 114.61 113.97 113.35 113 112.59 112.05 112 111.51 111 110.47 109.9 109.32 108.69 107.73 106.69 105.82 105.03 104.18 102.96 101.78 100.76 99.84 98.7 97.76 97.26 96.83 96.26 96.45 96.76119 97.53125 97.66666 -9999 -9999 -9999 -9999 -9999 -9999 -9999 -9999 -9999 -9999 -9999 -9999 78.57895 78.09091 77.05882 77 -9999 -9999 -9999 -9999 -9999 -9999 -9999 -9999 -9999 -9999 -9999 -9999 -9999 -9999 -9999 -9999 -9999 -9999
115.75 115.39 115.02 115.26 115.58 115.3 115.01 115.05 115 114.81 114.31 113.96 113.57 113.03 113 112.52 112.09 111.93 111.2 110.96 110.16 109.9 108.99 108.16 107.22 106.42 105.5 104.78 103.75 102.82 101.76 100.75 100.13 99.15 98.39 97.46 96.82 96.69 97.17 97.46 96.97938 96.33334 -9999 -9999 -9999 -9999 -9999 -9999 -9999 -9999 -9999 -9999 -9999 -9999 -9999 -9999 77 -9999 -9999 -9999 -9999 -9999 -9999 -9999 -9999 -9999 -9999 -9999 -9999 -9999 -9999 -9999 -9999 -9999 -9999
115.08 115 115 115.07 115.19 115.16 115 114.67 114.55 114.62 114.12 113.99 113.6 113.08 113 112.52 112.01 111.99 111.36 111 110.65 110.01 109.31 108.7 108.02 107.09 106.39 105.47 104.36 103.64 102.42 101.42 100.54 99.72 99.02 97.65 97.08 96.76 96.63 96.86 96.73494 96 -9999 -9999 -9999 -9999 -9999 -9999 -9999 -9999 -9999 -9999 -9999 -9999 -9999 76.96552 76.91837 76.93333 -9999 -9999 -9999 -9999 -9999 -9999 -9999 -9999 -9999 -9999 -9999 -9999 -9999 -9999 -9999 -9999 -9999
115.15 114.99 114.78 114.68 114.88 114.46 114.31 113.67 114.23 114.66 114.11 113.85 113.28 113.01 112.92 112.24 111.99 111.78 111.21 111 110.92 110.2 109.76 109.06 108.45 107.89 107.28 106.14 105.22 104.17 102.84 102.09 100.88 99.87 98.99 98.31 97.39 97.89 97.02631 96.94736 97 -9999 -9999 -9999 -9999 -9999 -9999 -9999 -9999 -9999 -9999 -9999 -9999 -9999 -9999 77 -9999 76.84615 -9999 -9999 -9999 -9999 -9999 -9999 -9999 -9999 -9999 -9999 -9999 -9999 -9999 -9999 -9999 -9999 -9999
114.73 114.34 113.89 114.43 113.84 113.08 113.1 113.69 114.51 114.34 113.96 113.65 113.06 112.86 112.31 111.8 111.5 111.28 111.04 111 111 110.68 110.09 109.59 109.03 108.7 107.6 106.46 106.02 104.78 103.16 102.71 101.72 100.81 99.73 99.06 98.16666 97.55556 97.07692 -9999 -9999 -9999 -9999 -9999 -9999 -9999 -9999 -9999 -9999 -9999 -9999 -9999 -9999 -9999 -9999 -9999 -9999 -9999 -9999 -9999 -9999 -9999 -9999 -9999 -9999 -9999 -9999 -9999 -9999 -9999 -9999 -9999 -9999 -9999 -9999
113.44 113.41 113.35 113.12 112.38 112.37 113.1 113.29 113.32 113.72 113.4 112.93 112.46 112.07 111.57 111.48 111.16 110.94 110.98 111 111 110.89 110.71 110.28 109.61 108.36 107.78 107.34 106.57 105.54 104.17 103.28 101.89 100.64 99.70271 98.72222 -9999 -9999 -9999 -9999 -9999 -9999 -9999 -9999 -9999 -9999 -9999 -9999 -9999 -9999 -9999 -9999 -9999 -9999 -9999 -9999 -9999 -9999 -9999 -9999 -9999 -9999 -9999 -9999 -9999 -9999 -9999 -9999 -9999 -9999 -9999 -9999 -9999 -9999 -9999
111.75 112.1 111.8 111.43 110.62 111.15 111.86 112.19 113.21 113.44 112.74 111.44 110.87 111.08 110.99 110.69 110.38 110.85 110.98 111 111.02 111.13 110.97 110.6 110.37 109.27 108.51 107.51 107.1 106.28 104.65 103.22 101.2 100.0128 99.5 -9999 -9999 -9999 -9999 -9999 -9999 -9999 -9999 -9999 -9999 -9999 -9999 -9999 -9999 -9999 -9999 -9999 -9999 -9999 -9999 -9999 -9999 -9999 -9999 -9999 -9999 -9999 -9999 -9999 -9999 -9999 -9999 -9999 -9999 -9999 -9999 -9999 -9999 -9999 -9999
