layers/wordclim/past/Iberia_lig_10_ascii/bio_12.asc
ncols         166
nrows         94
xllcorner     -9.4959440078468
yllcorner     36.000324005443
cellsize      0.083333337679505
NODATA_value  -9999
[rows 0 to 31 of 94, columns 0 to 72 of 166]
-9999 -9999 -9999 -9999 -9999 -9999 -9999 -9999 -9999 -9999 -9999 -9999 -9999 -9999 -9999 -9999 -9999 -9999 -9999 1111.583 -9999 1057.938 1020 -9999 -9999 -9999 -9999 -9999 -9999 -9999 -9999 -9999 -9999 -9999 -9999 -9999 -9999 -9999 -9999 -9999 -9999 -9999 -9999 -9999 -9999 -9999 -9999 -9999 -9999 -9999 -9999 -9999 -9999 -9999 -9999 -9999 -9999 -9999 -9999 -9999 -9999 -9999 -9999 -9999 -9999 -9999 -9999 -9999 -9999 -9999 -9999 -9999 -9999
-9999 -9999 -9999 -9999 -9999 -9999 -9999 -9999 -9999 -9999 -9999 -9999 -9999 -9999 -9999 -9999 -9999 1122.537 1200.903 1087.104 1083.061 1090.511 1058.087 1047.182 1013.189 992.4375 -9999 -9999 -9999 -9999 -9999 -9999 -9999 -9999 -9999 -9999 -9999 -9999 -9999 -9999 -9999 -9999 -9999 -9999 -9999 -9999 -9999 -9999 -9999 -9999 -9999 -9999 -9999 -9999 -9999 -9999 -9999 -9999 -9999 -9999 -9999 -9999 -9999 -9999 -9999 -9999 -9999 -9999 -9999 -9999 -9999 -9999 -9999
-9999 -9999 -9999 -9999 -9999 -9999 -9999 -9999 -9999 -9999 -9999 -9999 -9999 -9999 -9999 1076.2 1112.788 1126.4 1154.72 1105.94 1158.05 1159.39 1080.919 1127.96 1104.65 1042.557 983.9167 -9999 -9999 -9999 -9999 -9999 -9999 -9999 -9999 -9999 -9999 -9999 -9999 909.3333 -9999 905.5 910.8889 927.7656 924.0961 -9999 -9999 -9999 -9999 -9999 -9999 -9999 -9999 -9999 -9999 -9999 -9999 -9999 -9999 -9999 -9999 -9999 -9999 -9999 -9999 -9999 -9999 -9999 -9999 -9999 -9999 -9999 -9999
-9999 -9999 -9999 -9999 -9999 -9999 -9999 -9999 -9999 -9999 -9999 -9999 -9999 -9999 1119.111 1101.358 1119.111 1134.12 1155.32 1204 1231.11 1204.45 1158.79 1197.02 1068.19 1012.17 997.4 991.8101 978.6761 939.8 939.6125 935.6786 943.1579 914.8182 945.5569 921.8939 927.1096 947.6805 959.8523 948.0928 940.3846 934.5595 925.5051 923.9 930.98 905.6883 902.5246 920.3666 921.7458 896.913 905.0345 -9999 -9999 -9999 -9999 -9999 -9999 -9999 -9999 -9999 -9999 -9999 -9999 -9999 -9999 -9999 -9999 -9999 -9999 -9999 1179.5 1195.333 -9999
-9999 -9999 -9999 -9999 -9999 -9999 -9999 -9999 -9999 -9999 -9999 -9999 -9999 -9999 1120.17 1098.667 1171.798 1231.41 1243.42 1201.76 1229.89 1267.08 1275.59 1260.44 1162.15 1060.96 1007.79 1037.42 970.4 960.5757 1002.58 1016.08 1013.78 955.95 1026.82 975.68 949.93 972.84 1008.8 953.45 921.1414 954.8 964.72 942.67 928.24 924.21 940.76 940.53 902.82 910.06 913.8 921.9487 896.3205 887.339 895.3 888.2857 883.5789 -9999 -9999 -9999 -9999 -9999 -9999 -9999 1020.714 1043.4 1078.689 1100.164 1123.171 1137.905 1164.427 1168.115 1182.913
-9999 -9999 -9999 -9999 -9999 -9999 -9999 1142 -9999 -9999 -9999 -9999 1138.639 1111.29 1125.06 1124.75 1184.46 1241.81 1243.18 1255.53 1217.03 1212.3 1197.57 1218.79 1169.61 1133.29 1082.56 1020.03 1011.8 1071.72 1121.16 1064.31 1003.25 1016.67 1035.35 966.36 1002.63 1026.55 967.24 928.82 924.91 907.33 908.27 935.23 919.69 917.59 919.38 912.66 905.95 899.18 894.82 873.07 873.58 904.04 910.97 924.85 953.43 931.5106 921.8271 915.3835 925.1948 937.6025 959.2778 988.7952 1010.276 1021.73 1050.85 1074.15 1096.99 1109.62 1134.98 1147.01 1149.464
-9999 -9999 -9999 -9999 -9999 -9999 1126.333 1119.262 1149.459 1192.519 1185.216 1190.048 1188.36 1148.343 1141 1140.297 1204.95 1253.26 1298.51 1260.28 1215.74 1183.76 1161.72 1124.07 1127.55 1103.26 1087.79 1025.06 1098.93 1109.8 1082.21 992.83 1013.06 1082.45 1061.78 978.98 946.86 946.14 970.34 943.47 952.45 949.66 932.47 912.76 913.01 905.23 907.4 923.79 922.76 900.38 925.63 900.69 884.6 926.06 964.53 959.3 928.87 955.5 922.89 939.23 929.57 950.11 959.65 970.79 996.48 1003.63 1022.99 1044.59 1072.68 1094.27 1107.11 1119.06 1124.48
-9999 -9999 -9999 1067 1080.929 1105.816 1153.205 1163.69 1182.83 1192.14 1239.49 1335.25 1313.25 1271.71 1210.25 1210.75 1272.07 1284.24 1293.9 1253.35 1225.6 1168.65 1145.52 1106.95 1087.6 1087.53 1100.25 1058.8 1076 1082.89 1026.83 976.95 1055.65 1096.82 1000.38 956.84 957.59 1024.52 991.8 1000.23 993.04 933.74 1027.68 936.47 885.72 903.99 908.02 896.47 901.39 903.9 974.92 933.4 917.6 995.15 1171.37 1079.61 1121.16 1090.71 933.98 970.12 948.82 940.31 945.42 971.39 972.64 977.1 1000.47 1015.97 1032.88 1066.9 1109.35 1088.32 1087.72
-9999 -9999 -9999 1043.778 1080.409 1153.67 1180.23 1256.89 1308.35 1321.51 1374.91 1371.55 1353.18 1361.65 1327.79 1338.76 1346.99 1318.36 1304.18 1254.07 1225.87 1187.85 1129.92 1104.86 1091.96 1100.17 1115.98 1062.76 1127.12 1072.91 1074.87 1001.94 1043.18 1069.11 998.12 967.83 1032.89 1099.93 998.21 1049.19 1002.79 1018.34 935.16 925.74 881.84 919.43 903.86 901.79 952.96 993.53 955.85 980.67 1019.06 960.38 1049.61 1098.2 1043.72 917.24 884.45 912.98 1019.72 971.08 959.56 964.23 966.65 951.82 983.98 979.21 1002.68 1058.06 1078.84 1070.96 1064.73
-9999 -9999 1050.692 1064.371 1119.49 1227.03 1258.37 1309.1 1345.46 1382.48 1384.33 1390.76 1356.64 1361.16 1355.75 1338.93 1334.84 1335.59 1350.76 1293.48 1224.23 1194.63 1141.5 1116.29 1116.72 1106.27 1127.26 1117.61 1050.67 1040.29 975.25 973.72 1057.1 1104.54 1002.51 1083.09 1062.1 1200.07 1196.44 1144.3 1215.92 1110.76 1154.26 957.32 891.44 1048.93 1062.33 1010.37 1056.31 1076.29 985.42 1035.17 974.02 950.05 1020.13 1013.43 1102.49 1087.74 1012.64 955.74 987.88 1084.52 1026.92 956.8 950.02 947.75 957.94 960.13 979.58 986.21 983.22 991.15 1001.79
-9999 -9999 1028.708 1056.318 1181 1246.54 1294.34 1323.63 1345.13 1374.1 1385.06 1386.5 1390.56 1397.14 1391.72 1373.28 1335.23 1350.65 1326.73 1310.84 1242.42 1221.86 1175.5 1101.98 1068.93 1061.14 1104.97 1080.04 1068.86 981.58 978.82 1033.93 1028 1083.32 1086.24 1123.34 1165.37 1082.83 1067.95 1055.05 1081.69 1020.84 1023.38 1054.08 995.41 966.12 994.79 951.4 1004.7 956.36 886.08 931.74 932.75 920.34 903.84 965.86 1061.11 1079.54 1036.06 959.2 928.4 1050.31 1001.14 914.68 905.48 908.05 911.29 919.32 927 932.44 931.3 931.44 946.12
-9999 -9999 1019.625 -9999 1142.31 1282.75 1304.35 1304.49 1360.25 1333.76 1321.08 1409.76 1450.96 1393.01 1378.91 1354.27 1298.52 1287.02 1280.54 1270.54 1258.4 1195.37 1135.58 1084.08 1045.35 1048.25 1061.89 1092.65 1017.98 991.24 1053.49 1139.34 1205.19 1179.62 1078.19 1079.53 1047.5 1074 1150.74 1082.94 1108.25 1093.06 994.08 912.38 1000.97 908.96 885.28 866.83 911.28 848.04 838.2 888.08 856.89 894.76 865.43 932.61 940.32 942.02 937.14 876.86 859 865.83 870.9 864.26 870.04 867.13 884.9 871.14 881.42 880.16 898.63 898.77 896.24
-9999 -9999 -9999 -9999 1143.5 1189.359 1214.773 1239.824 1436.52 1372.05 1352.11 1346.6 1389.22 1355.61 1342.74 1395.21 1349.82 1338.87 1329.91 1266.68 1258.66 1206.45 1113.73 1130.48 1100.04 1025.11 1102.93 1108.72 1058.36 1058.77 1076.97 1223.84 1104.75 1015.72 929.28 932.69 1021.59 1112.27 1100.87 1066.27 979.22 908.8 855.94 835.69 815.76 837.14 779.29 767.82 786.41 767.67 775.97 786.76 786.7 810.37 793.17 828.17 853.39 819.44 821.72 833.15 819.96 817.22 807.15 813.82 832.26 819.94 827.16 848.83 839.17 852.51 870.73 859.62 863.95
-9999 -9999 -9999 -9999 1118 1230.941 1386.902 1324.54 1381.68 1333.24 1390.84 1436.48 1414.77 1487.46 1446.73 1421.71 1416.58 1367.4 1364.17 1347.36 1236.88 1144.85 1179.86 1164.85 1099.39 1081.16 1132.97 1199.42 1194.3 1130.89 1053.9 1086.12 961.84 881.2 873.74 851.43 898.91 908.16 883.92 886.43 908.04 882.82 823.06 775.65 752.6 754.67 715.89 707.1 721.32 703.11 733.05 723.3 737.52 739.73 755.7 774.19 776.35 777.12 769.45 780.31 766.61 774.64 772.1 792.7 799.89 799.08 798.87 804.67 800.47 815.74 839.21 826.22 798.17
-9999 -9999 -9999 -9999 -9999 1220.678 1334.957 1264.375 1311.583 1418.2 1427.79 1508.44 1543.06 1559.2 1558.06 1447.53 1410.96 1410.16 1389.1 1361.8 1226.03 1142.64 1146.69 1101.92 1010.54 1064.13 1144.94 1113.63 1134.84 1166.46 1042.56 955.16 872.54 808.84 783.12 786.32 777.93 780.03 807.77 847.85 804.81 764.53 749.57 717.72 704.69 693.86 657.22 656.64 661.65 666.75 681.29 678.72 703.29 692.1 717.38 730.88 728 733.68 722.86 732.35 728.88 723.25 730.35 749.74 754.64 764.6 766.89 773.23 775.79 785.81 784 767.6 752.54
-9999 -9999 -9999 -9999 -9999 1223.8 1237.526 1267.167 1340.566 1390.65 1470.6 1536.56 1560.12 1554.09 1559.05 1509.1 1444.86 1433.98 1411.39 1325.21 1245.07 1138.44 1108.06 1006.04 987.41 1007.06 1052.07 1056.6 1125.27 1109.84 1022.81 885.38 812.56 765.68 755.9 769.52 851.38 896.91 895.51 852.25 770.14 726.32 708.42 672.82 658.3 644.09 627.22 622.69 624.05 633.65 639.94 656.44 663.76 655.89 676.72 690.11 683.11 691.84 691.4 689.29 694.91 688.99 689.77 695.71 702.31 707.56 717.14 737.1 735.42 737.43 724.97 725.59 745.92
-9999 -9999 -9999 -9999 -9999 1244 1304.25 1329.042 1408.152 1525.202 1468.99 1545.06 1597.06 1619.09 1551.53 1457.2 1377.98 1315.55 1264.25 1227.05 1179.98 1132.09 1068.49 1030.74 1056.69 1035.01 995.92 971.26 1066.07 992.38 929.48 858.92 814.12 871.98 958.14 914.76 976.2 974.73 855.27 774.63 722.35 686.6 673.3 641.83 629.67 618.02 606.83 596.4 599 607.81 618.08 628.42 630.26 626.47 641.96 655.42 649.8 646.92 651.8 654.29 652.16 654.99 660.09 661.49 666.95 671.89 688.34 697.97 693.22 691.49 696.06 707.74 714.07
-9999 -9999 -9999 -9999 -9999 -9999 1298.333 1366.333 1389.621 1535.265 1520.011 1562.06 1573.19 1620.55 1560.24 1410.79 1261.51 1243.64 1162.59 1102.1 1086.64 1217.68 1221.87 1132.74 1092.57 1151.65 1125.52 946.04 901.07 1003.34 1007.17 905.68 1007.68 1011.69 948.97 1092.03 1084.15 978.03 831.65 767.26 715.05 669.13 637.02 619.11 607.62 597.61 588.04 577.58 583.89 589.85 593.06 600.62 599.95 599.89 610.61 620.69 620.84 617.43 620.89 621.43 623.3 623.17 626.49 629.74 636.9 649.46 658.14 658.41 656.15 652.01 660.44 678.66 693.38
-9999 -9999 -9999 -9999 -9999 -9999 -9999 1404.769 1453.91 1563.47 1520.194 1596.57 1588.64 1569.11 1597.18 1439.21 1226.63 1205.45 1217.76 1102.82 1104.2 1196.92 1189.45 1262.37 1261.62 1233.71 1268.37 1040.78 980.38 1032.94 1124.39 1131.41 1140.99 1106.11 1016.66 908.57 930.55 991.26 881.42 759.61 684.41 648.35 621.47 601.63 589.61 580.18 572.02 561.48 571.22 578.45 572.57 573.93 574.7 578.53 583.85 588.98 592.8 593.01 590.34 592.12 593.38 598.39 601.91 607.35 617.28 633.67 629.18 624.23 628.75 633.78 647.87 660.1 683.96
-9999 -9999 -9999 -9999 -9999 -9999 -9999 1328.667 1445.882 1519.429 1575.86 1512.61 1465.15 1528.84 1516.29 1367.76 1271.36 1257.11 1217.43 1214.24 1195.61 1194.92 1149.26 1272.44 1348.96 1360.5 1379.93 1199.51 1022.92 1088.84 1129.12 1221.46 1303.42 1233.4 1108.56 1076.6 1005.78 889.34 824.15 734.53 679.83 642.12 619.92 590.86 572.11 561.93 554.46 547.67 555.76 554.53 551.99 551.46 554.15 560.28 562.4 564.75 565.5 570.12 568.5 565.07 568.05 576.85 581.81 592.9 603.9 596.91 598.31 605.01 609.05 615 626.13 645.04 691.22
-9999 -9999 -9999 -9999 -9999 -9999 -9999 1446.909 1443.44 1616.76 1449.41 1454.05 1395.38 1473.57 1317.96 1365.36 1399.66 1446.55 1368.6 1335.62 1294.76 1205.11 1194.51 1210.81 1267.2 1313.27 1249.76 1130.96 1054.36 1132.12 1185.68 1251.04 1201.06 1002.53 911.38 888.29 856.88 796.28 733.8 679.94 655.11 622.13 597.09 580.94 555.36 548.63 539.22 535.61 534.62 531.74 534 533.95 539.8 546.22 544.19 545.46 544.48 541.62 544.73 540.01 557.4 572.19 572.9 578.11 570.85 581.74 582.02 586.09 593.34 605.13 622.57 647.4 641.98
-9999 -9999 -9999 -9999 -9999 -9999 -9999 1567.095 1596.44 1496.05 1424.07 1411.4 1425.84 1376.11 1528.6 1623.66 1652.36 1557.89 1447.01 1342.49 1275.08 1225.77 1184.22 1210.57 1082.79 1173.85 1159.57 1095.33 1105.44 1122.25 1144.06 1157.79 1135.73 923.02 862.37 824.52 781.44 743.07 697.81 658.2 625.56 598.4 575.97 560.94 545.88 532.09 522.15 521.65 519.25 522.58 517.9 520.66 526.71 527.49 529.21 529.03 529.02 525.35 525.24 523.99 541.74 543.8 543.86 555.6 565.4 571.44 571.72 573.85 577.77 583.82 594.72 609.01 632.86
-9999 -9999 -9999 -9999 -9999 -9999 -9999 1511.717 1424.68 1438.65 1473.66 1613.28 1519.57 1544.97 1697.26 1577.45 1497.84 1406.59 1401.2 1448.11 1429 1334.47 1269.35 1172.77 1021.08 1087 1099.42 1032.19 1038.89 1040.89 1006.32 1001.66 1042.68 871.12 825.69 807.43 787.97 726.95 687.05 653.64 625.13 590.16 563.93 544.28 527.82 515.16 510.22 508.79 506.33 504.38 504.32 509.51 516.28 513.58 516.44 518.71 521.37 527.57 533.29 520.87 518.91 530.01 540.87 552.68 564.34 571.38 568.82 571.28 579.63 587.49 594.73 617.19 632.88
-9999 -9999 -9999 -9999 -9999 -9999 -9999 1409.182 1438.864 1541.02 1512.21 1606.72 1442.66 1436.95 1470.52 1441.62 1407.92 1509.39 1580.1 1536.51 1484.76 1436.75 1249.42 1176.54 1025.35 1069.66 1115.74 1022.12 985.66 1008.55 970.34 923.43 895.19 807.89 797.54 756.1 743.49 725.52 709.17 687.64 646.43 607.92 562.61 541.32 520.82 505.98 496.26 491.35 487.68 488.11 492.07 497.47 501.95 506.93 517.67 523.59 527.94 528.82 524.16 510.03 520.64 530.51 539.05 550.18 559.17 562.44 565.58 565.18 570.31 576.54 581.43 591.9 604.25
-9999 -9999 -9999 -9999 -9999 -9999 -9999 1414.279 1485.78 1543.27 1383.1 1426.3 1377.82 1393.81 1446.01 1578.41 1613.76 1648.25 1493.32 1506.83 1442.62 1399.8 1308.01 1177.81 1023.98 1065.61 1114.96 1001.63 967.52 930.71 943.74 957.21 861.01 783.46 795.49 737.53 716.94 710.14 670.02 633.61 620.87 598.09 554.5 519.91 504.21 493.73 482.24 479.11 480.65 484.58 482.24 486.37 498.32 510.89 517.82 522.23 524.53 517.99 507.82 511.06 521.04 524.93 532.9 539.71 546.46 550.53 546.22 550.71 556.56 557.72 562.69 565.42 572.67
-9999 -9999 -9999 -9999 -9999 -9999 -9999 1416.24 1402.167 1383.878 1422.59 1440.41 1465.47 1395.05 1426.76 1454.53 1447.03 1395.27 1459.22 1494.36 1459.32 1348.76 1217.43 1108.35 1091.63 1143.75 1050.75 961.28 906.14 925.24 957.4 999.3 867.56 826.3 769.48 723.14 726.46 706.87 669.07 628.98 591.8 569.46 542.64 513.81 492.14 478.75 470.18 466.3 469.33 472.25 477.94 490.82 499.22 503.22 510.79 516.56 515.71 506.47 513.36 514.12 517.26 520.43 528.29 537.53 539.85 545.75 532.16 530.03 535.33 542.51 544.45 550.81 558.02
-9999 -9999 -9999 -9999 -9999 -9999 -9999 -9999 1361.816 1400.41 1401.37 1369.86 1301.81 1302.23 1308.6 1387.98 1400.7 1530.3 1522.63 1448.46 1334.33 1281.68 1182.77 1114.6 1229.65 1092.31 991.72 908.53 871.41 902.1 942.46 934.28 890.07 807.63 756.11 717.19 703.38 681.32 659.87 622.16 594.15 560.43 526.21 500.45 482.52 465.48 458.43 466.42 467.53 471.54 474.4 475.02 483.23 492.07 501.75 508.01 500.29 501.47 508.07 506.73 509.96 516.49 520.66 517.99 518.27 532.71 527.16 540.22 539.92 541.1 541.19 547.48 552.52
-9999 -9999 -9999 -9999 -9999 -9999 -9999 -9999 1359.696 1377.51 1340.75 1332.39 1321.63 1387.12 1334.05 1327.99 1433.33 1406.08 1354.1 1326.2 1250.2 1345.68 1288.49 1317.05 1223.53 1056 946.89 889 886.28 907.31 906.1 863.17 829.09 758.63 729.63 704.35 698.33 684.1 640.41 606.46 576.36 558.77 524.41 495.79 470.53 449.55 447.3 455.41 457.29 458.1 458.72 463.92 469.04 479.75 483.68 483.56 487.82 492.04 494.06 511.28 513.89 521.52 528.49 527.51 528.32 532.79 544.22 553.4 551.2 553.39 568.85 566.85 574.27
-9999 -9999 -9999 -9999 -9999 -9999 -9999 -9999 1320.031 1335.95 1354.49 1335.07 1362.11 1318.24 1321.83 1345.71 1396.32 1383.02 1214.02 1317.67 1430.97 1415.85 1366.47 1269.75 1163.14 1106.51 1044.25 909.12 904.01 956.72 987.51 847.41 785.82 746.64 725.15 701.82 693.68 672.66 624.48 608.48 582.45 545.6 520.46 490.17 463.94 451.03 447.18 452.77 451.79 449.85 449.91 457.54 460.85 465.03 471.35 480.55 482.81 485.15 493.74 507.33 515.04 521.64 525.24 529.1 532.31 535.15 542.05 565.95 593.88 599.08 591.79 561.5 563.11
-9999 -9999 -9999 -9999 -9999 -9999 -9999 -9999 1316.389 1321.586 1318.67 1306.07 1296.12 1303.33 1332.36 1311.03 1388.15 1338.34 1230.79 1365.83 1551.29 1361.76 1336.56 1274.14 1150.87 1020.48 969.22 942.54 941.37 885.5 897.25 822.31 796.24 811.14 797.39 751.1 698.41 651 635.72 616.26 590.73 559.34 528.01 502.61 479.52 471.82 466.56 458.5 458.62 458.13 458.61 459.37 463.62 467.44 474.6 480.32 480.04 480.79 490.6 495.16 496.22 504.34 510.97 517.76 526.98 535.1 535.3 559.96 586.85 575.58 567.46 563.67 568.38
-9999 -9999 -9999 -9999 -9999 -9999 -9999 -9999 -9999 1312.696 1329.1 1316.22 1352.5 1383.43 1339.78 1286.98 1286.99 1222.51 1392.02 1478.73 1322.49 1269.01 1308.21 1177.12 1201.97 1048.9 1087.32 1041.8 901.78 861.63 853.86 798.4 814.9 827.74 782.88 723.02 671.13 661.32 642.21 615.55 590.52 566.38 545.21 523.96 506.89 496.33 482.16 471.68 461.94 454.81 464.27 461.37 461.88 464.02 464.74 468.61 473.33 479.01 483.11 488.26 491.86 499.08 508.39 519.11 529.28 536.27 544.23 551.58 568.24 559.22 566.83 588.81 625.18
-9999 -9999 -9999 -9999 -9999 -9999 -9999 -9999 -9999 1297.226 1294.08 1294.23 1297.63 1323.24 1293.9 1294.82 1229.82 1396.9 1447.01 1424.34 1189.01 1231.55 1219.97 1094.38 1078.89 1076 1131.27 1077.75 884.62 880.22 888.9 838.24 842.65 804.63 771.33 727.31 719.98 690.14 649.09 614.28 586.73 569.35 551.5 542.14 518.58 497.25 489.55 487.45 477.66 467.81 463.11 462.28 460.38 461.2 463.64 466.01 472.96 476.04 485.82 486.85 491.43 499.87 508.7 519.72 531.26 540.2 547.65 557.98 571.99 577.78 578.87 629.87 725.17
