layers/wordclim/past/Iberia_lig_10_ascii/bio_14.asc
ncols         166
nrows         94
xllcorner     -9.4959440078468
yllcorner     36.000324005443
cellsize      0.083333337679505
NODATA_value  -9999
[rows 0 to 36 of 94, columns 0 to 82 of 166]
-9999 -9999 -9999 -9999 -9999 -9999 -9999 -9999 -9999 -9999 -9999 -9999 -9999 -9999 -9999 -9999 -9999 -9999 -9999 30.08333 -9999 29.5 28 -9999 -9999 -9999 -9999 -9999 -9999 -9999 -9999 -9999 -9999 -9999 -9999 -9999 -9999 -9999 -9999 -9999 -9999 -9999 -9999 -9999 -9999 -9999 -9999 -9999 -9999 -9999 -9999 -9999 -9999 -9999 -9999 -9999 -9999 -9999 -9999 -9999 -9999 -9999 -9999 -9999 -9999 -9999 -9999 -9999 -9999 -9999 -9999 -9999 -9999 -9999 -9999 -9999 -9999 -9999 -9999 -9999 -9999 -9999 -9999
-9999 -9999 -9999 -9999 -9999 -9999 -9999 -9999 -9999 -9999 -9999 -9999 -9999 -9999 -9999 -9999 -9999 29.09756 33.06944 28.52239 29.66667 30.53409 29.46377 29.56061 28.45283 27.6875 -9999 -9999 -9999 -9999 -9999 -9999 -9999 -9999 -9999 -9999 -9999 -9999 -9999 -9999 -9999 -9999 -9999 -9999 -9999 -9999 -9999 -9999 -9999 -9999 -9999 -9999 -9999 -9999 -9999 -9999 -9999 -9999 -9999 -9999 -9999 -9999 -9999 -9999 -9999 -9999 -9999 -9999 -9999 -9999 -9999 -9999 -9999 -9999 -9999 -9999 -9999 -9999 -9999 -9999 -9999 -9999 -9999
-9999 -9999 -9999 -9999 -9999 -9999 -9999 -9999 -9999 -9999 -9999 -9999 -9999 -9999 -9999 26.06667 27.86364 28.89474 30.51 28.74 32.19 33.01 30.10101 32.76 32.26 29.93814 27.54167 -9999 -9999 -9999 -9999 -9999 -9999 -9999 -9999 -9999 -9999 -9999 -9999 34.33333 -9999 35.5 36.33333 38.01563 38 -9999 -9999 -9999 -9999 -9999 -9999 -9999 -9999 -9999 -9999 -9999 -9999 -9999 -9999 -9999 -9999 -9999 -9999 -9999 -9999 -9999 -9999 -9999 -9999 -9999 -9999 -9999 -9999 -9999 -9999 -9999 -9999 -9999 -9999 -9999 -9999 -9999 -9999
-9999 -9999 -9999 -9999 -9999 -9999 -9999 -9999 -9999 -9999 -9999 -9999 -9999 -9999 26.85185 26.48421 27.57576 28.53 29.89 32.49 34.55 34.35 32.99 35.31 30.11 28.02 27.85263 28.16456 28.19718 27.63636 28.675 29.28572 30.5 29.71428 32.31646 31.80303 33 35.26389 36.98864 37.18557 37.44872 37.96429 37.75758 38.11 39.02 37.36364 37.37705 38.88334 38.8983 37 37.58621 -9999 -9999 -9999 -9999 -9999 -9999 -9999 -9999 -9999 -9999 -9999 -9999 -9999 -9999 -9999 -9999 -9999 -9999 -9999 39.75 40.66667 -9999 -9999 -9999 -9999 -9999 -9999 -9999 -9999 -9999 -9999 -9999
-9999 -9999 -9999 -9999 -9999 -9999 -9999 -9999 -9999 -9999 -9999 -9999 -9999 -9999 26.45283 25.68116 29 31.94 32.94 31.63 33.55 36.35 37.41 37.35 33.69 29.65 27.88 29.92 27.49 28.17172 31.5 32.96 33.63 31.55 36.34 34.69 34.17 36.64 39.81 37.69 36.38384 39.72 41.35 40.29 39.5 39.52 41.21 41.26 38.07 38.64 38.6 39.1282 36.75641 35.81356 36.08 34.65714 33 -9999 -9999 -9999 -9999 -9999 -9999 -9999 35.42857 36.4 37.55556 37.30137 37.73171 38.14286 39.66667 39.25287 39.21739 -9999 -9999 -9999 -9999 -9999 42.66667 43.5 45.41379 44.16667 -9999
-9999 -9999 -9999 -9999 -9999 -9999 -9999 25 -9999 -9999 -9999 -9999 25.36111 24.90322 25.68657 26.08333 28.86 31.59 32.16 33.17 32.12 33.28 33.18 34.8 33.32 32.3 30.65 28.55 28.84 32.63 36.43 34.6 32.51 34.17 36.18 33.66 36.66 39.09 37.18 35.95 36.8 36.47 37.43 40.31 39.53 39.77 40.22 39.77 39.14 38.53 37.99 35.88 35.67 37.96 38.21 38.42 39.52 37.18085 35.69136 34.17808 33.98701 33.94872 34.04167 35.48193 35.77551 35.39 36.61 36.47 37.41667 37.42 39.16 39.26 37.71429 39.59 40.23595 39.05556 39.07407 38.80952 40.43678 42.04 44.75 45.10465 45.82051
-9999 -9999 -9999 -9999 -9999 -9999 24 23.7 24.74324 26.15385 25.87838 26.12048 26.51 25.81818 25.76 26 28.91 31.3 33.56 32.47 31.14 31.28 30.98 29.93 30.65 30.26 30.19 28.06 32.2 33.59 33.9 30.5 32.42 36.9 36.84 33.85 33.23 34.33 36.79 36.58 38.29 39.19 39.23 38.89 39.56 39.3 39.82 40.93 40.97 39.34 41.17 39.2 37.51 40.44 42.85 41.52 38.59 40.19 36.92 37.59 35.75 36.6 35.54 35.5 36.77 35.86 36.52 36.27 38.64 40.64 40.56 40.31 38.02 40.13 40.98 41.68 40 39.91837 38.16162 40.41 41.55 43.01 44.13
-9999 -9999 -9999 21.5 22 22.71053 24.49315 24.75 25.36 25.59 27.33 31.07 30.49 29.86 27.73 28.07 30.83 31.76 32.6 31.41 30.76 29.85 29.48 28.45 28.26 28.78 30.03 28.85 30.33 31.47 30.55 29.06 33.75 36.85 33.13 32.05 33.15 37.67 37.25 38.76 39.53 37.77 42.83 39.81 37.75 39.31 39.81 39.14 39.73 40.07 44.13 41.48 40.53 45.2 55.27 49.59 51.73 50.02 38.94 41.53 39.37 37.48 36.3 38.14 37.02 35.84 37.41 37.07 37.78 42.28 46.46 42.06 38.63 38.84 40.01 39.14 38.37 38.69 40.39 38.74 39.71 41.69 43.84
-9999 -9999 -9999 20.33333 21.60215 24.14 24.86 27.57 29.31 29.67 31.64 31.54 30.96 32.41 31.4 32.22 32.89 32.23 32.13 30.6 29.98 29.66 28.18 27.71 27.62 28.54 29.82 28.21 31.83 30.21 31.96 29.54 32.46 34.77 32.35 31.98 36.32 40.67 36.91 40.47 39.4 40.97 38.13 38.49 37.11 39.37 39.11 39.35 42.33 44.45 42.87 44.37 46.44 43.18 48.45 50.84 47.4 39.18 36.09 38.06 45.76 41.59 39.42 39.3 39.13 36.06 39.36 36.64 38.35 44.4 46.22 44.54 42.3 40.09 36.81 37.57 36.77 37 37.59 38.37 39.2 42.79 41.61
-9999 -9999 20.15385 20.6701 22.48 26.05 27.02 28.53 29.75 30.96 31.01 31.3 30.12 31.45 31.48 31.26 31.47 31.89 32.98 31.28 29.08 29.09 27.76 27.29 27.89 27.95 29.47 29.79 27.59 27.89 26.53 27.39 32.4 35.74 31.81 36.89 37.02 44.75 45.66 44.25 48.61 44.58 47.47 39.22 36.94 44.91 46.11 44.14 46.83 48.23 44.12 46.9 43.94 42.82 46.78 46 50.82 49.8 45.5 41.85 44.03 49.95 45.5 40.3 39.32 38.82 39.38 38.18 39.44 39.53 38.44 38.49 38 38.7 38.48 40.14 40.03 35.38 36.07 40.51 45.49 42 42.05
-9999 -9999 18.75 19.72941 23.86869 25.89 27.29 28.09 28.7 29.68 30 30.15 30.42 31.74 31.83 31.55 30.6 31.59 31.16 31.01 28.86 29.17 28.29 25.97 25.14 25.35 27.71 27.28 27.52 24.46 25.69 29.38 30.11 33.88 35.17 38.13 41.29 38.54 38.95 39.46 41.71 39.87 40.89 43.04 41.23 40.64 42.5 40.96 43.98 42.14 38.84 41.34 41.58 41.03 40.23 43.21 48.27 49.5 47.2 42.61 40.58 48.08 44.21 37.91 36.95 36.83 36.87 36.34 36.58 36.46 35.53 34.42 34.54 36.05 36.82 37.74 38.65 37.62 37.4 37.23 39.47 38.36 38.25
-9999 -9999 18.125 -9999 21.67241 26.08 26.65 26.56 28.26 27.28 26.79 29.94 31.49 30.7 30.48 30.02 28.46 28.43 28.57 28.55 28.61 27.35 25.96 24.52 23.49 24.02 25.1 27 24.5 24.09 28.27 33.73 38 37.89 34.08 35.29 34.88 37.37 42.11 40.1 42.26 42.56 38.99 36.07 40.84 37.44 36.9 36.51 39.08 36.4 36.14 38.72 37.3 39.44 37.95 41.28 41.42 41.59 41.31 37.53 36.21 36.36 35.82 35.04 35.37 34.92 36.09 33.57 34.24 33.44 34.89 34.37 32.35 33.81 35.36 36.7 35.8 35.88 37.07 36.95 35.04 34.41 34.5
-9999 -9999 -9999 -9999 20.6 22.10938 22.68182 23.16483 29.76 27.48 26.79 26.71 28.36 28.36 28.23 30.36 29.23 29.25 29.35 27.53 27.68 26.85 24.43 25.35 24.67 22.38 25.95 26.81 25.4 26.2 28.52 36.87 32.29 29.13 25.92 27.39 33.01 38.53 39.12 38.62 35.61 33.45 32.03 32.04 31.96 33.61 31.54 31.42 32.63 32.01 32.57 33.19 33.24 34.64 33.66 35.26 36.26 34.12 34.22 34.9 33.96 33.45 31.7 32.05 33.3 32.18 32.4 33.41 32.35 33.25 34.85 33.12 32.63 30.53 30.66 31.88 34.98 30.62 32.69 31.59 32.22 34.14 34.83
-9999 -9999 -9999 -9999 19 21.94118 27.08696 24.95 26.75 25.08 27.03 28.63 28.21 31.72 30.67 30.2 30.39 29.16 29.4 29.27 25.95 23.89 25.82 25.65 23.74 23.59 26.27 29.87 30.42 28.58 26.67 29.68 24.75 21.74 22.44 22.47 26.26 27.97 28.14 29.53 31.63 31.52 29.89 28.68 28.43 29.29 28.06 28.09 29.13 28.35 30.03 29.44 30.23 30.37 31.32 31.92 31.61 31.57 30.94 31.68 30.49 30.89 29.68 31.2 31.77 31.67 31.53 31.31 30.6 31.78 33.57 32.29 28.69 30.97 31.06 33.31 32.65 27.88 27.36 28.05 30.02 30.65 31.72
-9999 -9999 -9999 -9999 -9999 20.62712 24.23404 22.025 23.36111 26.66 27.06 29.67 31.24 32.86 33.24 29.92 29.12 29.45 29.14 28.74 24.66 22.95 23.71 22.53 19.83 22.07 25.76 25.37 27.05 29.34 25.4 22.71 19.82 17.55 17.01 18.49 19.38 20.91 23.79 27.07 26.19 25.37 25.75 25.31 25.59 25.89 24.73 25.01 25.47 25.88 26.73 26.6 28.06 27.35 28.94 29.22 28.54 28.8 27.99 28.6 28.26 27.71 27.4 28.77 29.02 29.83 29.99 30.07 29.87 30.59 30.43 28.83 26.84 26.44 27.2 28.13 29.27 28.37 26.72 26.03 28.86 32.01 33.35
-9999 -9999 -9999 -9999 -9999 19.68571 20.26316 21 22.9759 24.6 27.11 29.16 30.64 31.36 31.92 30.73 28.98 29.07 28.7 26.38 24.2 21.93 21.57 18.66 18.29 19.24 21.36 22.22 25.78 25.94 23.77 18.94 16.56 15.16 15.44 17.26 22.69 26.21 27.47 26.61 23.8 22.85 23.01 22.35 22.69 22.94 22.59 22.56 22.82 23.48 23.97 25.02 25.47 24.95 26.25 26.69 25.56 26.13 26.06 25.85 26.23 25.73 25.11 25.18 25.62 26.03 26.99 28.53 27.64 27.91 26.87 26.8 28.31 27.22 26.85 27.25 27.15 25.39 23.89 23.56 23.19 23.59 24.12
-9999 -9999 -9999 -9999 -9999 19 20.75 21.27083 23.73913 27.33708 25.76 27.97 30.53 32.2 30.35 27.79 25.72 24.27 23.16 22.35 21.25 20.96 19.47 18.59 19.64 19.36 18.56 18.19 22.41 20.38 19.3 17.24 16.1 19.61 24.78 23.93 28.04 29.27 24.96 22.37 20.95 20.28 20.74 20.11 20.49 20.8 20.71 20.5 20.84 21.55 22.36 23.05 23.18 22.9 23.85 24.57 23.38 23.15 23.38 23.46 23.43 23.58 23.53 23.05 23.4 23.93 25.39 26.23 25.21 25.16 25.66 26.53 26.93 26.18 26.52 25.66 25.03 24.76 23.8 23.07 22.44 21.35 21.91
-9999 -9999 -9999 -9999 -9999 -9999 19 21.83333 22.2069 25.69118 25.58064 26.78 28.38 30.76 29.32 25.03 21.19 21.1 19.23 18 17.67 22.55 23.27 20.72 19.91 22.47 22.18 16.49 15.47 20.04 21.8 18.7 24.12 25.41 23.79 31.52 32.42 28.75 23.27 21.45 20.11 18.92 18.3 18.31 18.6 18.87 19.03 18.79 19.48 20.2 20.52 21.04 20.96 21 21.72 22.34 21.43 21.11 21.19 21.22 21.53 21.49 21.56 21.04 21.59 22.69 23.63 23.88 23.35 22.9 23.77 25.11 26.02 28.3 27.32 26.22 28.56 28.97 26.64 24.76 21.22 22.1 26.07
-9999 -9999 -9999 -9999 -9999 -9999 -9999 20.61539 22.21795 25.33333 23.69444 26.37 27.36 27.59 29.04 24.65 19.06 18.82 19.54 16.84 17.15 20.69 20.98 23.86 24.7 24.44 26.85 19.02 17.57 20.45 25.99 27.56 29.22 28.93 26.19 22.59 24.82 28.7 24.87 20.44 18.05 17.29 16.77 16.72 16.98 17.29 17.46 17.36 18.36 19.07 18.79 19.05 19.12 19.35 19.81 20.17 19.72 19.5 19.26 19.38 19.54 19.95 20.15 19.81 20.55 22.07 21.86 21.66 22.16 21.99 23.07 24.05 25.72 28.37 30.63 31.32 32.73 29.51 33.94 29.72 23.56 27.82 30.62
-9999 -9999 -9999 -9999 -9999 -9999 -9999 17.33333 19.97059 22.20879 23.49 22.95 22.27 24.82 25.08 21.27 18.98 18.98 18.25 18.36 18.63 19.48 18.6 23.22 26.85 28.29 30.23 24.01 18.47 21.88 25.5 30.56 35.5 33.68 29.51 29.32 27.38 23.46 21.67 18.71 17.21 16.42 16.23 15.61 15.46 15.66 15.88 15.95 17 17.16 17.22 17.36 17.5 18.07 18.3 18.38 18.07 17.85 17.76 17.64 17.84 18.53 18.87 19.26 19.85 19.46 19.73 20.47 20.98 21.02 21.64 23.1 26.23 31.12 33.11 36.29 36.5 35.88 37.74 31.67 29.39 30.77 26.75
-9999 -9999 -9999 -9999 -9999 -9999 -9999 18.36364 18.5055 23.19 18.92 20.1 19.06 21.87 18.09 19.93 21.4 22.93 21 20.51 20.36 18.54 18.72 19.88 22.69 25.21 23.94 20.47 18.6 22.82 26.87 30.83 30.02 23.02 20.34 20.48 20.29 18.73 17.01 15.61 15.43 14.84 14.54 14.62 14.15 14.46 14.46 14.88 15.26 15.37 15.78 16 16.49 16.9 16.85 16.99 16.83 15.81 16.23 15.95 17.18 18.23 18.34 18.72 17.5 18.49 18.61 19.16 19.91 20.85 21.45 23.24 22.92 24.04 26.75 27.54 28.27 30.58 28.28 30.04 34.81 32.14 30.05
-9999 -9999 -9999 -9999 -9999 -9999 -9999 20.80952 21.25 18.3 17.17 17.44 18.48 17.7 22.87 26.54 28.35 25.37 22.08 19.47 18.74 17.97 17.18 18.65 15.48 19.13 19.48 18.22 19.59 21.68 24.24 26.07 26.42 19.03 17.62 17.23 16.53 15.9 14.9 14.14 13.6 13.17 12.99 13.14 13.1 13.06 13.12 13.54 13.92 14.49 14.45 14.9 15.45 15.5 15.68 15.74 15.67 14.81 14.71 14.71 16.03 16.2 16.29 17.22 17.58 17.76 17.82 18.27 18.76 19.43 19.74 20.55 22.28 21.96 22.56 25.68 31.64 33.9 34.74 38.36 36.97 37.69 37.13
-9999 -9999 -9999 -9999 -9999 -9999 -9999 17.43333 14.69 15.45 17.37 22.31 19.94 21.31 27.62 23.51 21.49 19.16 19.34 21.6 22.37 19.92 18.53 16.31 12.68 15.25 16.39 15.15 16.34 18.11 18.29 19.23 21.85 16.52 15.79 16.01 16.14 14.64 14.02 13.36 13.16 12.35 12 11.8 11.71 11.71 12.06 12.52 12.77 13.16 13.39 13.94 14.59 14.45 14.71 14.98 15.05 15.16 15.13 14.36 14.29 15.15 15.96 16.97 17.83 17.72 17.74 17.99 18.84 19.64 20.04 21.05 22.16 23.79 21.46 22.91 24.3 24.83 27.75 32.69 30.92 34.66 31.45
-9999 -9999 -9999 -9999 -9999 -9999 -9999 12.93939 13.76136 17.75 17.26 21.14 16.55 16.9 18.61 18.03 17.51 21.23 24.13 23.75 22.94 22.14 16.6 15.21 11.72 13.59 15.88 13.93 13.71 16.42 16.32 15.82 15.84 13.61 14.08 13.31 13.76 14 14.34 14.48 13.59 12.81 11.52 11.23 10.9 11 10.9 11.28 11.46 11.93 12.35 13.02 13.46 13.84 14.53 14.96 15.28 15.53 14.63 13.39 14.11 15.1 15.72 16.66 17.41 17.39 17.37 17.54 17.98 18.5 19.06 19.64 20.1 21.25 22.3 22.47 23.4 24.54 24.74 25.05 24.62 24.56 24.62
-9999 -9999 -9999 -9999 -9999 -9999 -9999 11.7907 14.49 17.34 12.54 14.46 13.72 14.78 16.66 21.12 22.83 24.78 19.6 21.57 20.05 19.37 17.17 14.05 10.68 12.46 14.83 12.42 12.52 13.18 14.71 16.08 14.06 11.95 13.37 12.09 12.2 12.9 12.15 11.5 11.91 11.87 10.64 9.86 9.68 9.84 9.9 10.26 10.87 11.52 11.67 12.11 13.15 13.94 14.35 14.81 14.89 14.43 13.47 13.31 14.16 14.51 15.29 15.67 16.31 16.8 15.91 16.21 16.79 17.13 17.58 17.98 18.07 18.32 19.23 20.84 21.8 22.31 23.32 23.27 23.62 24.04 24.45
-9999 -9999 -9999 -9999 -9999 -9999 -9999 11.44 11.12222 11.10204 13.02 13.98 15.39 13.87 15.07 16.2 16.44 15.16 17.54 19.92 19.34 16.44 13.3 11.11 11.56 13.64 11.91 10.22 10.11 12.12 14.22 16.6 13.35 12.87 11.79 10.98 11.98 12.25 11.62 10.87 10.19 10.17 9.76 9.06 8.82 8.88 9.02 9.35 10.14 10.79 11.23 12.37 12.96 13.39 13.88 13.99 13.91 13.21 13.92 13.55 13.62 14.1 14.71 15.3 15.77 16.29 15.17 14.43 15.1 15.74 16.03 16.66 17.37 17.16 17.77 18.57 19.47 19.93 21.25 20.65 21.22 22.77 22.47
-9999 -9999 -9999 -9999 -9999 -9999 -9999 -9999 9.710526 11.24 11.83 11.51 10.49 10.85 11.33 13.35 13.87 17.8 18.8 17.09 14.13 13.3 11.24 10.2 14.09 11.12 9.38 8.13 8.74 10.61 12.9 13.68 13.27 11.48 10.64 10.25 10.61 10.67 10.78 10.21 9.9 9.38 8.61 8.16 8 7.86 8.25 9.14 9.86 10.4 10.95 11.24 11.93 12.55 12.99 13.61 12.74 12.91 13.39 13.5 12.99 13.49 14.03 13.86 14.17 15.21 14.88 15.2 15.04 15.38 15.48 16.16 16.8 17.1 16.59 16.82 18.19 18.1 18.97 19.44 19.68 19.16 19.97
-9999 -9999 -9999 -9999 -9999 -9999 -9999 -9999 10 10.81 10.24 10.45 10.59 12.34 11.43 11.27 13.84 13.41 13.17 12.74 11.04 14.08 12.94 14.76 12.75 9.19 7.48 7.13 8.58 10.01 10.91 10.6 10.55 9.18 9.11 9.15 9.94 10.26 9.57 9.08 8.74 8.86 8.17 7.7 7.27 6.94 7.45 8.48 8.92 9.66 10.02 10.37 10.93 11.66 11.83 11.81 12 12.05 12.41 13.69 13.65 13.78 14.06 14.69 14.56 14.92 15.73 16.39 15.64 15.86 17.03 17.17 17.86 17.23 16.68 16.07 16.1 16.64 17.78 17.95 17.93 18.89 19
-9999 -9999 -9999 -9999 -9999 -9999 -9999 -9999 9.21875 9.86 10.52 10.39 11.27 10.58 10.65 11.12 12.13 12.52 9.42 11.49 14.92 14.97 14.22 12.05 10.02 9.59 8.97 7.29 8.27 10.51 12.49 9.41 8.57 8.23 8.41 8.53 9.12 9.4 8.56 8.97 8.76 7.98 7.78 7.33 7.16 7.29 7.7 8.53 8.75 9.05 9.27 9.97 10.16 10.83 11.03 11.75 12 12 12.38 13.55 13.95 13.83 14 14.14 14.59 14.81 15.24 16.96 18.74 18.56 18.11 16.26 16.7 17.6 17.41 18.04 17.21 17.12 17.32 17.47 18.04 18.36 18.34
-9999 -9999 -9999 -9999 -9999 -9999 -9999 -9999 9.833333 9.929293 10.06 9.92 9.92 9.99 10.53 9.99 11.51 11.2 9.04 11.77 17.8 12.19 12.17 11.22 8.9 6.99 6.72 7.76 8.5 8 9.19 8.05 8.25 9.6 10.14 9.67 8.75 8.05 8.55 9 8.81 8.31 8.53 8.72 8.31 8.78 9.35 9.65 9.81 9.79 9.84 9.92 10.59 10.97 11.29 11.7 11.58 11.87 12.32 12.42 12.65 13.18 12.9 13.29 13.72 14.22 14.32 16.07 18.04 17.23 16.03 16.11 16.68 17.27 18.63 19.72 20.18 20.28 20.21 18.8 18.41 19.64 19.76
-9999 -9999 -9999 -9999 -9999 -9999 -9999 -9999 -9999 9.987342 10.47 10.33 11.05 11.43 10.49 9.26 9.74 8.69 11.82 13.99 10.07 8.67 10.37 8 9.44 6.97 9.03 9.29 7.08 6.91 7.4 6.94 8.18 9.39 9.03 8.12 7.45 7.99 8.22 8.16 8.21 8.95 9.37 9.51 9.57 9.93 10.24 10.28 10.31 10.24 10.48 10.01 10.35 10.83 10.97 11 11.01 11.5 12.05 12 12.07 13 13.13 13.07 13.62 14 14.5 15.17 16.34 15.82 16.27 17.31 19.86 21.6 21.8 22.41 22.38 22.17 20.62 19.41 19.24 19.14 19.9
-9999 -9999 -9999 -9999 -9999 -9999 -9999 -9999 -9999 9.943397 10.15 10.22 10.11 10.27 9.45 9.48 8.77 11.56 12.33 12.2 7.25 7.69 7.98 6.3 6.48 7.15 9.77 9.57 6.28 6.84 7.79 7.32 8.34 8.22 8.18 7.81 8.58 8.73 8.06 8.03 8.59 9.11 9.52 10.15 9.99 10 10.52 11.14 11.27 11.06 11.07 10.71 10.09 10.52 10.94 11 11 11.07 11.97 12 12.04 12.92 13.02 13.62 13.33 14 14.28 15.01 15.98 16.45 16.82 20.18 25.91 26.04 24.04 22.65 23.95 21.82 18.49 18.72 17.32 17.1 19.73
-9999 -9999 -9999 -9999 -9999 -9999 -9999 -9999 -9999 10 10.02151 9.61 9.34 9.54 9.42 9.2 9.45 9.58 8.81 9.21 7.2 7.47 7.35 6.89 7 6.7 6.94 6.78 5.56 7.26 7.56 6.88 7 7.52 8.26 8.03 8.09 8.11 8.15 8.75 8.99 8.74 9 9.01 9.18 9.82 10.31 11.05 11.35 11.26 11.08 11.2 11.24 11.18 11 11 11.12 11.07 11.82 12 12 12.7 13.36 13.79 14.02 14.34 15.55 15.97 16.62 18.4 22.1 25.59 24.91 20.61 22.63 19.79 20.66 19.43 18.21 17.92 16.82 16.43 18.45
-9999 -9999 -9999 -9999 -9999 -9999 -9999 -9999 -9999 -9999 9.428572 9.84 8.82 8.71 9.07 10.16 12.65 11.36 14.12 12.77 9.52 10.08 9.05 9.2 9.18 9.17 7.84 7.42 5.7 5.94 5.87 6 5.96 7.15 7.85 7.88 8 8 8.53 9.1 9 8.95 8.96 9.02 9.03 9.58 10.42 11.34 11.96 12 11.74 11.85 11.98 11.94 11.31 11 11.08 11.01 11.88 12 12.24 13.07 13.01 13.84 14.89 15.7 16.58 21.25 22.01 22.15 17.17 17.3 21.81 19.24 16.05 16.72 17.92 15.15 15.01 15.5 15.7 17.2 18.07
-9999 -9999 -9999 -9999 -9999 -9999 -9999 -9999 -9999 -9999 8.569767 9.48 9.7 9.81 10.15 9.99 10.8 13.31 14.51 12.83 12.25 11.88 9.83 7.86 9.27 10.72 8.79 6.81 5.96 6.77 6.72 6.16 7 7.39 7.4 7.35 7.66 8.23 8.94 8.94 9.02 9.08 9 9 9.21 9.87 10.64 11.28 12 12 12 12 12 12 11.99 11.45 11 11 11.51 12.14 12.57 12.88 12.92 13.31 15.05 16.56 22.43 25.41 19.8 16.29 14.91 14.56 16.33 16.41 14.5 14.13 13.63 13.34 12.76 13.81 14.8 16.64 18.16
-9999 -9999 -9999 -9999 -9999 -9999 -9999 -9999 -9999 8 7.938776 8.67 9.23 11 13.38 12.96 11.78 9.7 9.45 9.56 10.41 10.53 10.02 8.84 9.71 10.13 8.53 6.74 6.22 7.09 7.48 6.86 6.62 7.31 7.64 7.61 7.41 8.19 8.13 8.23 8.79 8.99 9 9.41 10 10.37 11.06 11.72 11.47 11.89 11.99 12 12.11 12.07 12 12 11.58 10.97 11.12 12.12 12.79 12.84 13.1 13.85 15.64 17.87 26.03 18.65 20.61 18.72 14.72 12.68 11.69 11.95 12.97 12.64 11.76 11.95 13.26 14.97 15.87 16.04 16.66
-9999 -9999 -9999 -9999 -9999 -9999 -9999 -9999 -9999 7.2 7.011236 7.62 9.04 11.88 10.53 11.04 10.36 8.17 8.18 8.76 9.02 8.78 8.44 8.49 9.04 9.52 7.96 6.84 6.82 6.39 7.01 7.34 6.92 6.74 7.2 7.58 8.01 8.13 8 8.21 8.67 9.08 9.41 10.01 10.55 11.12 11.55 11.1 11.51 11.52 11.66 11.96 12.34 12.82 12.58 12.11 12.38 11.78 11.55 12.14 12.99 13.32 13.88 16.03 21.84 22.59 26.2 23.28 16.6 12.51 11.48 9.99 10.38 11.91 11.91 11.24 10.61 11.94 14 14.41 14.61 14.19 14.78
