layers/wordclim/past/Iberia_lig_10_ascii/bio_4.asc
ncols         166
nrows         94
xllcorner     -9.4959440078468
yllcorner     36.000324005443
cellsize      0.083333337679505
NODATA_value  -9999
[rows 31 to 61 of 94, columns 69 to 137 of 166]
8451.1 8453.4 8399.65 8313.27 8333.78 8391.3 8448.17 8448.44 8504.74 8565.98 8581.05 8601.3 8615.31 8602.25 8614.69 8609.26 8615.58 8630.16 8631.84 8619.43 8603.9 8591.87 8588.28 8586.79 8556.24 8546.68 8539.62 8499.92 8475.06 8453.77 8440.11 8441.03 8439.98 8450.31 8472.01 8473.6 8457.83 8449.37 8431.09 8411.39 8388.7 8371.24 8363.96 8351.1 8346.79 8342.92 8356.99 8350.44 8356.06 8344.45 8316.01 8244.14 8220.55 8181.41 8091.11 8024.28 7935.99 7794.2 7626.22 7386.49 7332.06 7312.68 7315.479 7271.152 7276.318 7255.477 7240.174 7293.333 -9999
8434.15 8364.18 8325.01 8376.81 8467.49 8460.94 8537.37 8541.8 8573.72 8616.46 8638.63 8661.82 8667.72 8646.68 8657.09 8654.07 8649.57 8645.75 8633.33 8620.55 8626.77 8624.17 8618.21 8602.07 8576.23 8554.32 8533.7 8523.61 8492.27 8467.95 8453.87 8443.12 8454.9 8453.2 8461.48 8448.56 8418.74 8424.58 8414.93 8395.2 8378.86 8357.13 8336.62 8334.61 8317.87 8306.25 8306.69 8281.99 8272.3 8257.46 8228.28 8165.47 8065.45 8003.95 7971.94 7934.58 7726.91 7529.68 7361.22 7232.371 7188.358 7177.65 7191.833 -9999 -9999 -9999 -9999 -9999 -9999
8354.98 8519.52 8543.17 8472.38 8551.5 8625.78 8626.91 8620.26 8676.94 8698.33 8700.68 8713.26 8710.8 8712.13 8704.32 8696.19 8697.34 8673.54 8656.67 8651.99 8661.19 8636.71 8624.77 8610.71 8603.5 8583.83 8557.37 8528.41 8509.52 8481.67 8467.05 8453.36 8455.21 8456.36 8466.44 8456.44 8438.89 8413.1 8406.65 8383.38 8360.41 8339.47 8313.16 8294.14 8286.17 8263.89 8248.3 8221.11 8195.29 8169.54 8134.18 8050.33 7929.18 7936.96 7911.72 7778.09 7564.409 7438.296 7289.294 7221.333 -9999 -9999 -9999 -9999 -9999 -9999 -9999 -9999 -9999
8552.66 8620.36 8648.43 8631.71 8649.07 8715.02 8717.48 8726.76 8747.21 8772.47 8773.2 8766.09 8751.47 8743.76 8741.2 8742.57 8745.88 8733.73 8715.34 8695.2 8687.37 8682.42 8677.79 8660 8638.93 8616.39 8583.8 8550.42 8517.45 8485.75 8488.99 8482.48 8472.63 8473.85 8461.38 8456.09 8451.89 8430.79 8394.52 8375.11 8345.22 8313.63 8283.94 8264.97 8252.87 8209.67 8189.51 8167.4 8132.87 8096.63 7999.54 7959.2 7909.5 7827.54 7749.71 7669.04 7537.5 -9999 -9999 -9999 -9999 -9999 -9999 -9999 -9999 -9999 -9999 -9999 -9999
8505.59 8657.64 8723.11 8759.88 8776.13 8776.49 8791.99 8816.33 8823.31 8811.66 8789.42 8783.63 8795.16 8792.52 8786.9 8788.79 8787.48 8793.34 8772.97 8757.82 8736.66 8735.48 8716.58 8694.84 8676.74 8657.1 8627.13 8602.76 8553.79 8515.6 8533.1 8525.33 8511.52 8501.77 8486.33 8472.52 8458.85 8434.77 8400.64 8370.5 8343.17 8304.47 8259.78 8246.97 8232.67 8185.26 8146.52 8117.81 8091.57 8035.73 7889.43 7842.48 7870.58 7713.071 7605.804 -9999 -9999 -9999 -9999 -9999 -9999 -9999 -9999 -9999 -9999 -9999 -9999 -9999 -9999
8723.98 8768.82 8816.03 8826.1 8818.89 8831.6 8859.32 8878.38 8867.71 8840.48 8833.69 8838.42 8846.54 8849.99 8832.58 8836.74 8846.89 8842.01 8813.5 8798.63 8786.31 8774.94 8760.32 8739.34 8709.56 8686.13 8658.73 8630.24 8587.85 8574.64 8583.78 8569.72 8555.01 8529.14 8506.9 8493.75 8472.37 8444.65 8409.84 8374.57 8335.9 8284.86 8252.88 8213.93 8200.96 8156.3 8136.76 8100.54 8076.09 7960.63 7791.22 7734.98 7683.74 7582.901 7500.5 -9999 -9999 -9999 -9999 -9999 -9999 -9999 -9999 -9999 -9999 -9999 -9999 -9999 -9999
8768.26 8840.49 8874.95 8873.82 8881.59 8890.18 8915.02 8920.94 8884.36 8882.34 8876.3 8878.16 8907.04 8912.29 8908.85 8889.41 8870.93 8855.25 8829.85 8812.19 8812.99 8803.55 8785.15 8767.59 8742.87 8727.11 8709.19 8682.95 8655.26 8649.14 8629.11 8617.44 8592.44 8561.46 8535.27 8516.97 8489.83 8455.25 8414.16 8379.83 8337.41 8286.09 8246.63 8217.04 8192.18 8149.54 8130.81 8059.54 8009.06 7856.2 7739.46 7658.99 7577.732 7514.796 7453.814 7400.174 -9999 -9999 -9999 -9999 -9999 -9999 -9999 -9999 -9999 -9999 -9999 -9999 -9999
8872.4 8910.16 8932.6 8925.44 8936.38 8940.59 8962.6 8950.63 8943.44 8939.55 8919.95 8924.16 8942.58 8932.65 8923.31 8919.4 8910.11 8894.95 8870.2 8851.45 8841.69 8837.24 8821.88 8802.27 8777.52 8770.04 8752.43 8736.08 8720.26 8706.45 8685.13 8670.03 8643.19 8612.15 8573.52 8547.04 8503.23 8463.51 8433.35 8398 8347.73 8293.08 8235.32 8213.2 8189.48 8124.86 8065.84 7971.34 7848.28 7763.14 7703.84 7675.798 7537.077 7478.79 7440.667 -9999 -9999 -9999 -9999 -9999 -9999 -9999 -9999 -9999 -9999 -9999 -9999 -9999 -9999
8913.06 8962.42 8995.46 8974 8973.26 8991.83 8990.62 8990.96 8997.72 8975.22 8965.04 8973.06 8985.73 8981.2 8972.76 8967.5 8957.32 8942.47 8927.63 8907.38 8896.25 8863.57 8855 8831.93 8806.03 8802.18 8790.31 8778.58 8770.69 8762.64 8746.03 8711.46 8694.54 8649.34 8592.84 8563.4 8529 8488.38 8449.75 8406.14 8352.66 8304.47 8238.07 8189.61 8164.95 8094.18 7999.42 7856.4 7765.35 7682.84 7615.4 7590.13 7484.667 7461 -9999 -9999 -9999 -9999 -9999 -9999 -9999 -9999 -9999 -9999 -9999 -9999 -9999 -9999 -9999
8949.97 8993.8 9083.25 9044.14 9024.52 9018.23 9014.9 9020.58 9021.19 9009.16 9021.46 9028.72 9027.58 9020 9013.94 9008.94 8995.23 8981.93 8968.69 8945.4 8926.63 8909.77 8888.48 8870.83 8848.56 8836.56 8833.02 8826.19 8818.35 8816.03 8802.55 8760.96 8737.22 8666.66 8624.57 8584.7 8542.9 8504.38 8459.87 8418.47 8364.82 8306.81 8255.58 8201.57 8140.47 8005.04 7891.6 7796.27 7708.92 7605.32 7555.66 -9999 -9999 -9999 -9999 -9999 -9999 -9999 -9999 -9999 -9999 -9999 -9999 -9999 -9999 -9999 -9999 -9999 -9999
9013.33 9052.41 9108.3 9098.04 9052.04 9051.51 9057.03 9068.57 9062.24 9066.57 9069.85 9068.92 9057.31 9051.07 9049.21 9043.2 9029.67 9016.99 9000.08 8995.55 8966.82 8947.65 8932.87 8909.75 8891.71 8885.68 8880.09 8864.5 8849.91 8858.52 8856.02 8849.4 8770.56 8692.91 8649.48 8609.07 8562.4 8525.89 8482.57 8424.99 8369.7 8283.16 8177.04 8131.07 8032.94 7915.84 7796.47 7768.5 7662.52 7576.422 7525 -9999 -9999 -9999 -9999 -9999 -9999 -9999 -9999 -9999 -9999 -9999 -9999 -9999 -9999 -9999 -9999 -9999 -9999
9065.42 9103.18 9127.77 9119.02 9094.19 9093.37 9100.76 9099.89 9100.34 9098.93 9091.45 9084.45 9089.35 9085.98 9080.17 9074.4 9063.91 9047 9038.32 9031.81 9003.04 8972.31 8961.28 8957.97 8918.11 8908.41 8893.08 8880.85 8871.6 8861.27 8862.12 8867.59 8793.91 8728.39 8682.39 8618.36 8578.11 8538.08 8481.89 8432.72 8359.81 8280.36 8124.05 8023.11 7979.74 7876.92 7701.01 7645.48 7641.208 7573.556 -9999 -9999 -9999 -9999 -9999 -9999 -9999 -9999 -9999 -9999 -9999 -9999 -9999 -9999 -9999 -9999 -9999 -9999 -9999
9106.65 9128.57 9144.03 9146.52 9132.72 9135.18 9143.85 9141.68 9127.24 9125.6 9124.27 9113.87 9115.27 9107.12 9110.81 9105.89 9093.63 9081.55 9067.13 9062.35 9042.33 9024.82 9009.7 8984.89 8967.65 8945.38 8938.43 8900.37 8905.27 8883.9 8860.08 8842.64 8786.58 8740.61 8679.18 8605.83 8549.84 8503.22 8452.52 8373.56 8306.92 8226.86 8000.75 7834.59 7817.75 7733.59 7658.68 7558.684 7528.2 -9999 -9999 -9999 -9999 -9999 -9999 -9999 -9999 -9999 -9999 -9999 -9999 -9999 -9999 -9999 -9999 -9999 -9999 -9999 -9999
9143.63 9166.58 9170.07 9169.1 9152.03 9168.14 9169.56 9158.99 9154.88 9162.43 9141.58 9134.76 9134.77 9144.41 9132.87 9130.98 9119.56 9107.69 9114.53 9095.9 9072.22 9050.93 9034.04 9017.39 9007.2 8985.29 8966.76 8940.5 8925.17 8878.67 8856.82 8820.37 8770.6 8733.1 8685.6 8594.36 8509.76 8413.22 8324.64 8289.64 8187.1 8074.16 7906.92 7732.43 7722.23 7672.36 7571.648 7502.5 -9999 -9999 -9999 -9999 -9999 -9999 -9999 -9999 -9999 -9999 -9999 -9999 -9999 -9999 -9999 -9999 -9999 -9999 -9999 -9999 -9999
9184.6 9194.05 9196.55 9201.71 9201.06 9196.78 9191.39 9183.64 9187.99 9177 9173.3 9165.31 9169.68 9165.28 9164.08 9158.39 9150.25 9140.79 9121.66 9100.13 9088.24 9074.12 9058.25 9041.03 9024.36 9004.15 8988.3 8959.77 8935.93 8868.72 8867.49 8829.26 8780.64 8743.03 8688.02 8611.78 8510.82 8429.53 8270 8159.47 7995.91 7843.93 7687.4 7633.8 7630.92 7580.791 7552.214 -9999 -9999 -9999 -9999 -9999 -9999 -9999 -9999 -9999 -9999 -9999 -9999 -9999 -9999 -9999 -9999 -9999 -9999 -9999 -9999 -9999 -9999
9219.64 9218.94 9217.05 9214.36 9214.73 9218.92 9207.06 9207.31 9198.61 9198.5 9195.03 9190.93 9190.63 9190 9189.6 9173.64 9162.02 9141.98 9134.15 9129.77 9116.25 9105.07 9072.23 9060.67 9032.47 9016.82 8995.55 8971.56 8935.63 8879.4 8815.74 8812.65 8789.78 8743.47 8704.1 8634.12 8497.75 8330.7 8203.61 8184.65 8022.65 7768.75 7572.01 7473.18 7468.381 7496.563 -9999 -9999 -9999 -9999 -9999 -9999 -9999 -9999 -9999 -9999 -9999 -9999 -9999 -9999 -9999 -9999 -9999 -9999 -9999 -9999 -9999 -9999 -9999
9254.18 9246.28 9235.4 9238.12 9227.48 9235.45 9237.98 9234.99 9219.53 9216.89 9215.83 9214.23 9206.11 9211.5 9196.02 9189.32 9167.94 9166.14 9168.72 9157.98 9134.38 9111.82 9080.09 9067.3 9027.86 9025.96 9007.4 8970.54 8918.02 8884.57 8818.97 8742.48 8723.57 8700.3 8659.92 8614.87 8466.86 8281.21 8041.76 7941.63 7993.09 7846.35 7566.32 7410.596 7418.708 -9999 -9999 -9999 -9999 -9999 -9999 -9999 -9999 -9999 -9999 -9999 -9999 -9999 -9999 -9999 -9999 -9999 -9999 -9999 -9999 -9999 -9999 -9999 -9999
9264.93 9264.09 9268.2 9256.04 9248.92 9251.55 9252.61 9231.33 9238.06 9236.45 9236.36 9226.33 9217.64 9221.35 9210.69 9204.41 9183.77 9172.92 9167.64 9159.38 9148.04 9127 9095.02 9065.58 9037.71 9005.6 8977.99 8942.3 8916.03 8870.36 8791.25 8661.9 8620.93 8601.02 8555.14 8427.09 8360.87 8252.05 8129.98 7881.43 7701.02 7635.78 7449.58 7399.159 -9999 -9999 -9999 -9999 -9999 -9999 -9999 -9999 -9999 -9999 -9999 -9999 -9999 -9999 -9999 -9999 -9999 -9999 -9999 -9999 -9999 -9999 -9999 -9999 -9999
9271.19 9279.25 9271.84 9262.22 9268.36 9271.27 9254.45 9251.01 9261.45 9249.53 9248.41 9226.96 9236.36 9232.52 9215.48 9209.66 9194.59 9181.28 9170.1 9169.69 9150.66 9129.35 9103.83 9070.1 9032.74 8979.82 8943.7 8926.91 8921.51 8844.06 8780.18 8687.19 8556.44 8393.37 8317.39 8190.58 8037.47 7928.91 7900.61 7945.23 7687.06 7493.23 7412.645 -9999 -9999 -9999 -9999 -9999 -9999 -9999 -9999 -9999 -9999 -9999 -9999 -9999 -9999 -9999 -9999 -9999 -9999 -9999 -9999 -9999 -9999 -9999 -9999 -9999 -9999
9274.83 9281.44 9282.4 9278.3 9271.73 9268.79 9264.08 9267.57 9257.4 9262.4 9244.14 9242.93 9242.18 9236.77 9216.83 9227.21 9205.34 9186.16 9169.13 9157.64 9143.05 9127.99 9095.51 9074.01 9047.01 8989.81 8925.59 8919.61 8882.4 8797.55 8765.93 8757.44 8680.82 8481.14 8241.82 8072.13 7910.37 7795.96 7695.12 7609.75 7534.36 7417.883 7396.133 -9999 -9999 -9999 -9999 -9999 -9999 -9999 -9999 -9999 -9999 -9999 -9999 -9999 -9999 -9999 -9999 -9999 -9999 -9999 -9999 -9999 -9999 -9999 -9999 -9999 -9999
9290.05 9290.69 9288.73 9281.57 9281.49 9283.17 9272.67 9275.22 9256.19 9262.06 9253.04 9249.84 9236.55 9230.8 9235.57 9224.52 9193.71 9182.22 9179.35 9165.31 9131.88 9114.26 9077.6 9046.88 9013.79 8974.44 8898.76 8881.46 8841.76 8771.07 8697.22 8661.49 8599.71 8544.08 8473.16 8175.27 7912.1 7766.74 7646.16 7539.17 7411.12 7364.957 -9999 -9999 -9999 -9999 -9999 -9999 -9999 -9999 -9999 -9999 -9999 -9999 -9999 -9999 -9999 -9999 -9999 -9999 -9999 -9999 -9999 -9999 -9999 -9999 -9999 -9999 -9999
9289.89 9289.57 9296.05 9291.7 9280.38 9270.9 9280.77 9281.12 9264.46 9257.44 9250.51 9244.51 9224.51 9228.25 9237.93 9214.74 9185.95 9187.38 9195.49 9156.55 9127.31 9098.35 9053.51 9014.79 8980.9 8924.08 8843.5 8823.66 8779.83 8703.69 8625.39 8585.08 8568.58 8510.39 8429.58 8212.58 7948.94 7778.65 7630.74 7498.92 7395.33 7369.667 -9999 -9999 -9999 -9999 -9999 -9999 -9999 -9999 -9999 -9999 -9999 -9999 -9999 -9999 -9999 -9999 -9999 -9999 -9999 -9999 -9999 -9999 -9999 -9999 -9999 -9999 -9999
9282.06 9290.33 9293.44 9292.52 9280.49 9279.22 9275.86 9269.27 9259.07 9252.61 9254.48 9229.02 9215.75 9218.36 9220.65 9204.09 9184.38 9180.69 9174.91 9140.37 9114.02 9071.79 9031.99 8993.64 8955.65 8916.29 8850.29 8736.55 8671.29 8629.04 8579.14 8567.63 8511.79 8439.29 8304.6 8094.83 7925.22 7808.78 7679.23 7523.07 7431.74 7417.882 -9999 -9999 -9999 -9999 -9999 -9999 -9999 -9999 -9999 -9999 -9999 -9999 -9999 -9999 -9999 -9999 -9999 -9999 -9999 -9999 -9999 -9999 -9999 -9999 -9999 -9999 -9999
9286.06 9291.28 9288.18 9278.1 9265.8 9274.96 9274.64 9269.94 9256.45 9243.51 9249.27 9233.44 9210.7 9212.87 9217.04 9200.49 9175.53 9162.49 9159.61 9130.79 9086.3 9053.18 9021.65 8984.11 8940.9 8893.44 8853.02 8808.39 8735.85 8632.75 8570.11 8499.37 8456.75 8403.09 8255.23 8189.4 8082.05 7815.48 7696.79 7558.75 7473.96 7441.778 -9999 -9999 -9999 -9999 -9999 -9999 -9999 -9999 -9999 -9999 -9999 -9999 -9999 -9999 -9999 -9999 -9999 -9999 -9999 -9999 -9999 -9999 -9999 -9999 -9999 -9999 -9999
9277.22 9276.26 9274.84 9273.1 9272.19 9270.47 9269.91 9279.11 9265.1 9243.02 9246.4 9238.19 9216.4 9212.35 9220.12 9205.74 9173.41 9151.34 9132.69 9113.82 9078.11 9049.11 9009.34 8969.62 8925.22 8884.81 8829.16 8775.86 8740.25 8697.37 8658.38 8536.36 8377.36 8444.55 8396.47 8184.9 8014.12 7874.56 7661.52 7585.92 7524.2 7471.172 7468.733 -9999 -9999 -9999 -9999 -9999 -9999 -9999 -9999 -9999 -9999 -9999 -9999 -9999 -9999 -9999 -9999 -9999 -9999 -9999 -9999 -9999 -9999 -9999 -9999 -9999 -9999
9258.56 9262.91 9265.92 9268.8 9266.88 9267.29 9262.45 9265.26 9264.74 9250.53 9249.06 9241.23 9225.84 9222.91 9224.71 9217.16 9176.65 9148.97 9121.61 9098.22 9069.09 9034.16 8996.86 8954.63 8913.04 8864.66 8830.09 8805.1 8789.25 8773.14 8701.44 8594.23 8426.64 8500.18 8375.86 8115.43 7969.99 7834.75 7676.41 7614.36 7635.2 7560.85 7479.567 -9999 -9999 -9999 -9999 -9999 -9999 -9999 -9999 -9999 -9999 -9999 -9999 -9999 -9999 -9999 -9999 -9999 -9999 -9999 7124.706 7115.037 7098.667 -9999 -9999 -9999 -9999
9242.6 9265.56 9257.59 9254.64 9260.28 9257.77 9255.39 9273.15 9263.17 9265.15 9263.34 9264.14 9247.49 9244.27 9232.39 9217.31 9191.6 9149.62 9122.4 9077.28 9046.93 9011.2 8982.38 8949.46 8918.59 8910.33 8874.89 8861.11 8852.3 8817.94 8712.93 8604.5 8467.73 8501.87 8388.1 8202.44 8009.33 7851.49 7732.96 7666.13 7727.8 7689.69 7540.444 7515 -9999 -9999 -9999 -9999 -9999 -9999 -9999 -9999 -9999 -9999 -9999 -9999 -9999 -9999 -9999 -9999 7199.042 7191.845 7158.11 7127.273 7085.467 -9999 -9999 -9999 -9999
9237.9 9261.33 9262.5 9247.02 9261.79 9261.26 9261.13 9273.09 9288.1 9278.5 9249.02 9259.53 9256.22 9246.27 9237.18 9225.48 9203.39 9153.22 9114.19 9064.02 9020.11 8980.71 8967.13 8942.66 8944.67 8934.83 8900.19 8874.68 8832.13 8753.99 8674.73 8587.55 8542.01 8540.98 8411.59 8240.14 8068.69 7916.43 7824.8 7761.96 7778.49 7772.76 7583.77 7532.143 -9999 -9999 -9999 -9999 -9999 -9999 -9999 -9999 -9999 -9999 -9999 -9999 -9999 -9999 -9999 7180.647 7182.321 7185.01 7140.989 7113.5 -9999 -9999 -9999 -9999 -9999
9244.01 9258.3 9272.15 9250.02 9255.93 9261.61 9261.74 9260.47 9282.86 9277.34 9263.71 9243.2 9251.58 9236.02 9221.41 9211.54 9195.91 9154.21 9111.9 9062.27 9013.45 8967.82 8957.03 8943.32 8913.91 8889.94 8866.18 8830.58 8772.47 8722.07 8652.65 8563.01 8496.64 8477.99 8372.62 8207.83 8150.64 8039.15 7873.04 7809.84 7820.29 7806.68 7724.15 7597.83 7567.896 7532.313 7533.667 -9999 -9999 -9999 -9999 -9999 -9999 -9999 -9999 -9999 -9999 -9999 -9999 7197.105 7202.236 7165.588 7137.75 -9999 -9999 -9999 -9999 -9999 -9999
9239.36 9241.81 9245.13 9247.04 9246.23 9270.84 9261.3 9258.64 9262.09 9271.82 9258.59 9234.02 9232.58 9229.24 9210.35 9187.77 9167.67 9151.5 9116.94 9086.16 9043.5 8992.76 8968.82 8947.54 8910.37 8882.82 8848.07 8809.63 8745.75 8677.47 8650.57 8614.02 8533.78 8422.1 8284.74 8279.36 8217.42 8106.27 8100.24 8014.49 7876.94 7952.08 7888.88 7764.46 7646 7579.53 7562.495 7513.5 -9999 -9999 -9999 -9999 -9999 -9999 -9999 -9999 -9999 -9999 -9999 -9999 -9999 -9999 7105 -9999 -9999 -9999 -9999 -9999 -9999
9241.41 9252.19 9250.95 9247.88 9239.06 9252.02 9258.51 9251.25 9245.48 9242.51 9234.78 9229.36 9203.12 9190.79 9186.73 9180.25 9176.29 9168.75 9154.43 9128.23 9073.49 9005.64 8959.46 8933.71 8896.39 8851.58 8807.86 8763.07 8741.52 8667.17 8598.6 8553.91 8485.99 8346.05 8314.13 8300.13 8267.59 8275.33 8213.17 8052.65 7972.9 8067.92 7936.14 7856.15 7730.15 7601.55 7550.277 7531.619 -9999 -9999 -9999 -9999 -9999 -9999 -9999 -9999 -9999 -9999 -9999 -9999 -9999 7109.793 7099.347 7101.067 -9999 -9999 -9999 -9999 -9999
