layers/wordclim/past/Iberia_lig_10_ascii/bio_02.asc
ncols         166
nrows         94
xllcorner     -9.4959440078468
yllcorner     36.000324005443
cellsize      0.083333337679505
NODATA_value  -9999
[rows 0 to 32 of 94, columns 0 to 74 of 166]
-9999 -9999 -9999 -9999 -9999 -9999 -9999 -9999 -9999 -9999 -9999 -9999 -9999 -9999 -9999 -9999 -9999 -9999 -9999 74.08334 -9999 74.9375 74 -9999 -9999 -9999 -9999 -9999 -9999 -9999 -9999 -9999 -9999 -9999 -9999 -9999 -9999 -9999 -9999 -9999 -9999 -9999 -9999 -9999 -9999 -9999 -9999 -9999 -9999 -9999 -9999 -9999 -9999 -9999 -9999 -9999 -9999 -9999 -9999 -9999 -9999 -9999 -9999 -9999 -9999 -9999 -9999 -9999 -9999 -9999 -9999 -9999 -9999 -9999 -9999
-9999 -9999 -9999 -9999 -9999 -9999 -9999 -9999 -9999 -9999 -9999 -9999 -9999 -9999 -9999 -9999 -9999 73.04878 75.01389 73.92538 74.98485 75.94318 76.33334 77.31818 77.35849 77.9375 -9999 -9999 -9999 -9999 -9999 -9999 -9999 -9999 -9999 -9999 -9999 -9999 -9999 -9999 -9999 -9999 -9999 -9999 -9999 -9999 -9999 -9999 -9999 -9999 -9999 -9999 -9999 -9999 -9999 -9999 -9999 -9999 -9999 -9999 -9999 -9999 -9999 -9999 -9999 -9999 -9999 -9999 -9999 -9999 -9999 -9999 -9999 -9999 -9999
-9999 -9999 -9999 -9999 -9999 -9999 -9999 -9999 -9999 -9999 -9999 -9999 -9999 -9999 -9999 71 72.43939 73.42105 74.96 75.28 77.05 78.15 77.92929 79.65 80.15 79.83505 79.41666 -9999 -9999 -9999 -9999 -9999 -9999 -9999 -9999 -9999 -9999 -9999 -9999 80.66666 -9999 78 76.22222 75.21875 73.34615 -9999 -9999 -9999 -9999 -9999 -9999 -9999 -9999 -9999 -9999 -9999 -9999 -9999 -9999 -9999 -9999 -9999 -9999 -9999 -9999 -9999 -9999 -9999 -9999 -9999 -9999 -9999 -9999 -9999 -9999
-9999 -9999 -9999 -9999 -9999 -9999 -9999 -9999 -9999 -9999 -9999 -9999 -9999 -9999 70.92593 71.42105 73.04041 74.33 75.92 77.81 79.15 79.77 80.26 81.59 80.74 80.48 80.93684 81.72152 82.35211 81.89091 82.525 82.85714 83.96053 83.19481 84.68355 84.04546 84.43835 85.52778 86.01136 84.93814 83.97436 82.35714 80.0202 77.99 76.76 72.58442 70.7377 73.45 73.84746 71.65218 72.65517 -9999 -9999 -9999 -9999 -9999 -9999 -9999 -9999 -9999 -9999 -9999 -9999 -9999 -9999 -9999 -9999 -9999 -9999 -9999 57.75 58.33333 -9999 -9999 -9999
-9999 -9999 -9999 -9999 -9999 -9999 -9999 -9999 -9999 -9999 -9999 -9999 -9999 -9999 71.03773 71.89855 74.59596 76.71 78.13 78.63 80.1 81.56 82.47 83.25 83.38 82.58 82.51 84 83.36 83.95959 85.83 86.96 87.78 86.56 89.45 88.66 87.9 89.5 91.55 88.76 85.87878 88.04 88.06 84.48 81.44 79.82 81.73 81.56 76.12 76.93 76.96 78.03846 74.64103 73.71186 73.62 71.97143 70.89474 -9999 -9999 -9999 -9999 -9999 -9999 -9999 62.85714 61.8 60.44444 58.9863 58.2439 58.39682 58.98958 58.64368 59 -9999 -9999
-9999 -9999 -9999 -9999 -9999 -9999 -9999 66 -9999 -9999 -9999 -9999 69.66666 70.12904 71.68657 73.41666 75.66 77.66 79.03 80.28 80.93 81.99 82.7 83.89 84.44 85.04 85.21 85.02 85.9 87.82 89.21 89.37 89.04 90.15 91.72 90.86 92.52 94.15 92.5 90.48 90.24 88.06 87.13 89.18 86.33 85.12 85.28 84.08 82.76 81.56 80.46 77.25 76.68 79.17 78.89 78.88 80.07 76.60638 73.93827 71.16438 69.64935 68.32051 67.54166 66.84338 65.08163 63.01 62.29 61.14 61.40625 60.38 61.71 61.36 60.75 61.79 62.1236
-9999 -9999 -9999 -9999 -9999 -9999 65.37037 65.575 66.56757 68.19231 68.98649 70.16868 71.02 71.25253 72.59 74.03297 76.72 78.88 80.6 81.35 81.95 82.67 83.38 84.01 85.07 85.89 86.71 86.6 88.46 89.83 90.32 89.81 90.91 93.04 93.84 93.58 93.39 93.83 95.19 95.02 95.73 95.88 94.62 92.4 92.11 90.61 90.85 92.39 91.77 88.45 90.2 86.94 83.74 86.68 87.56 85.41 82.86 83.29 78.52 78.18 74.46 74.01 72.18 70.38 70.14 67.29 66.15 65.5 67.44 69.34 67.85 66.81 64.41 66.34 66.68
-9999 -9999 -9999 63 63.60714 64.63158 65.75343 66.24 67.18 68.16 70.13 73.3 74.2 74.54 74.73 76.25 78.66 80.35 81.55 82.38 83.01 83.37 84.25 84.86 85.88 86.86 88.07 88.46 89.72 90.76 91.17 91.29 93.18 94.2 94.77 94.86 95.89 96.92 97.52 98.13 98.79 98.36 98.88 98.38 95.57 97.28 97.36 94.8 94.89 94.87 96 92.73 91.97 93.41 94.09 92.03 92.46 91.45 84.49 85.61 82.63 79.5 77.32 78.27 75.04 71.71 72.31 71.52 71.04 76.53 79.88 74.15 69.69 69.1 69.95
-9999 -9999 -9999 62.88889 63.8172 65.44 66.27 67.73 69.45 70.6 72.91 74.36 75.4 76.93 77.91 79.3 80.6 81.6 82.46 83.22 84.03 84.74 85.26 86.09 87.11 88.19 89.29 89.83 91.14 91.9 92.67 92.82 94.2 95.39 96.01 96.7 97.55 97.68 99.09 99.32 99.81 100.33 101.15 101.14 99.86 99.8 99.7 99.22 99.42 98.32 97.91 97.59 96.69 95.21 95.62 95.12 94.12 89.92 85.83 86.58 90.42 87.2 84.77 83.59 82.23 76.68 79.72 76.06 76.84 82.42 83.62 81.43 79.57 75.94 70.4
-9999 -9999 62.84615 63.19588 64.42 66.28 67.24 68.21 69.77 71.55 72.97 74.92 75.83 77.52 78.99 80.14 81.46 82.58 83.59 84.31 85.09 85.92 86.48 87.32 88.49 89.32 90.27 91.01 91.91 92.78 93.22 94.14 95.39 96.06 97.29 97.27 98.29 97.11 97.55 98.69 97.66 99.8 99.14 102.15 102.57 100.81 100.2 100.64 99.96 99.35 100.02 98.85 98.78 98.11 97.31 96.73 95.96 94.5 93.57 92.03 92.26 92.65 91.16 88.14 86.22 84.71 84.19 82.81 82.87 81.99 79.92 79.34 78.94 79.08 78.11
-9999 -9999 62.5 63.01176 64.95959 66.21 67.27 68.08 69.31 70.98 72.68 74.66 76.64 78.64 80.35 81.41 82.28 83.43 84.23 85.24 86.05 86.97 87.71 88.47 89.19 90.06 90.97 91.89 92.93 93.57 94.54 95.58 96.35 96.77 97.37 97.73 97.84 99.66 100.26 100.86 100.81 102.17 102.19 101.58 102.71 103.18 102.5 103.12 101.64 101.91 102.08 101.27 100.56 99.65 98.82 98.14 97.16 96.49 96.17 95.1 93.72 94.18 93.13 89.67 87.99 86.71 85.69 85.15 84.13 82.96 80.92 78.57 79.28 80.61 81.13
-9999 -9999 62.125 -9999 64.0862 66.15 66.56 66.93 68.88 69.23 70.37 74.61 77.78 78.36 80.32 81.55 82.38 83.82 84.88 85.96 86.86 87.79 88.57 89.37 90.19 90.87 91.97 92.83 93.81 94.69 95.56 95.6 95.39 96.18 98.17 98.97 100.03 100.31 99.2 100.86 100.67 101.1 103.13 105.17 103.28 105.14 105.41 105.35 104.07 104.61 104.07 102.86 102.05 101.12 100.54 99.56 98.95 98.12 97.36 95.82 94.45 93.47 92.51 90.97 90.18 88.71 88.51 85.98 85.67 83.75 84.21 83.01 81.28 82.83 83.86
-9999 -9999 -9999 -9999 63.2 63.98438 64.28788 64.7033 69.36 68.88 69.98 71.76 75.03 76.86 79.24 82.44 83.61 84.84 85.86 86.94 87.73 88.48 89.44 90.48 91.19 91.83 92.68 93.58 94.49 95.41 96.14 94.91 97.06 98.76 100.33 101.52 101 99.96 100.4 101.57 103.59 105.23 106.63 107.48 108.05 107.42 108.5 108.14 107.34 106.74 105.73 104.65 103.59 102.69 101.78 101.24 100.22 99.16 98.3 97.37 96.07 94.75 93.14 92.1 91.75 89.77 88.73 89.16 87.59 87.47 88.2 85.95 85.69 83.22 83.01
-9999 -9999 -9999 -9999 62 63.17647 66.06522 65.01 66.7 66.52 69.4 72.74 74.68 79.35 81.38 83.14 84.6 85.51 86.47 87.17 88.36 89.47 90.24 91.1 92 92.77 93.17 92.92 93.67 95.27 97.02 97.12 99.21 100.4 101.61 102.52 102.94 103.47 104.7 105.33 105.42 106.28 108.04 109.24 109.88 110.17 110.68 110.11 109.32 108.16 107.3 106.12 105.19 104.14 103.45 102.72 101.74 100.9 99.57 98.88 97.3 96.28 95.01 94.58 93.76 92.82 91.59 90.85 89.76 90 90.62 88.86 85.63 87.84 87.66
-9999 -9999 -9999 -9999 -9999 62.0339 63.87234 63.1 63.83333 66.55 67.9 73.19 77.54 80.64 82.07 83.71 85.21 85.94 86.76 87.41 89.27 90.45 91.24 92.04 92.91 93.65 93.63 94.45 94.8 95.1 97.52 98.97 100.32 101.22 102.12 103.25 104.18 105.26 105.97 106.51 107.6 108.79 109.73 110.71 111.52 112.44 112.47 111.6 110.64 109.42 108.47 107.23 106.7 105.45 104.96 104.23 103.17 102.35 100.95 100.2 98.87 97.29 96.35 95.93 95.07 94.5 93.63 92.94 92.41 92.12 91.33 89.37 87.3 87.39 88.06
-9999 -9999 -9999 -9999 -9999 61.25714 61.47368 62 62.73494 63.71 67.44 72.73 77.72 80.85 82.46 83.89 85.58 86.13 86.87 88.5 89.97 91.17 92.17 92.97 93.8 94.98 95.24 95.66 95.37 96.18 98.05 100.1 101.09 101.78 102.89 103.93 104.48 104.45 105.23 106.63 108.54 109.74 110.56 111.8 112.74 113.4 113.3 112.16 111.09 110.25 109.45 108.9 108.01 106.75 106.23 105.55 104.51 103.73 102.61 101.39 100.63 99.04 97.79 96.78 95.78 94.85 94.33 94.43 93.69 93.24 91.97 91.27 92.01 91.74 91.34
-9999 -9999 -9999 -9999 -9999 61 61 61.8125 62.98913 66.2809 65.17 71.78 78.9 81.3 83.11 85.12 86.95 88.26 89.51 90.36 91.13 92.04 92.91 93.87 94.56 95.25 96.02 97.16 96.57 98.16 99.31 101.15 101.89 102.26 101.77 102.97 102.56 103.21 106.44 108.05 109.31 110.24 111.42 112.01 112.85 113.36 113.31 112.33 111.62 111.19 110.74 109.95 108.88 107.84 107.22 106.81 105.72 104.75 103.96 103.09 101.93 100.68 99.4 98.03 97.03 96.14 95.87 95.5 94.71 94 93.8 93.83 93.86 93.55 94.01
-9999 -9999 -9999 -9999 -9999 -9999 61 62 62.55172 66.02941 67.13979 72.75 78.77 81.77 83.38 86.47 88.19 89.83 90.92 91.67 92.56 91.68 91.27 93.29 94.55 94.29 95.04 98.12 99.12 98.22 98.73 100.84 99.87 100.4 101.95 99.84 100.32 103.31 106.79 108.45 109.77 110.78 111.6 112.01 112.89 113.05 113 112.56 112.4 112.05 111.24 110.59 109.66 108.75 108.44 107.87 107.27 106.42 105.61 104.48 103.38 102.03 100.67 99.54 98.61 97.95 97.32 96.57 95.71 95.02 95.06 95.49 95.85 96.75 96.71
-9999 -9999 -9999 -9999 -9999 -9999 -9999 63.15385 64.3718 67.78788 69.20834 75.23 80.25 83 83.21 87.38 89.54 91.27 92.14 93.19 94.08 92.9 93.14 91.36 91.5 92.58 92.21 97.31 99.01 98.48 96.9 97.36 97.53 98.69 100.9 103.6 103.81 102.92 105.71 108.61 110.02 111 111.95 112.06 112.84 113 113 113 112.97 112.7 111.55 110.92 110.38 109.83 109.5 109.13 108.58 107.84 107.1 106.09 104.88 103.67 102.31 101.2 100.26 99.66 98.55 97.28 96.7 96.56 96.79 96.93 97.49 98.35 99.15
-9999 -9999 -9999 -9999 -9999 -9999 -9999 63.33333 66.47059 68.39561 72 75.92 80.09 84.15 86.51 89.84 91.94 92.89 93.71 93.74 93.87 93.65 94.81 91.24 89.53 89.65 89.75 94.09 98.85 97.49 96.87 95.41 94.1 95.82 98.87 100.2 102.17 104.88 106.79 108.96 110.2 111.1 111.92 112 112.68 113 113 112.99 113 112.45 111.98 111.61 111.11 110.82 110.46 110.1 109.58 109.12 108.49 107.42 106.36 105.21 103.8 102.63 101.64 100.08 99.07 98.53 97.94 97.73 97.87 98.1 99.06 99.99 100.49
-9999 -9999 -9999 -9999 -9999 -9999 -9999 67.24242 67.91209 72.99 73.17 77.43 81.44 86 90.47 91.08 90.13 88.52 90.62 91.13 91.91 94.38 94.29 93.31 91.78 90.58 92.68 96.16 98.48 96.54 95.44 94.41 95.9 101.1 103.63 104.37 105.3 106.79 108.34 109.56 110.3 111.04 111.84 112.1 112.4 112.92 112.92 112.96 112.63 112.3 112.16 112.01 111.79 111.67 111.09 110.89 110.39 109.99 109.76 109.16 108.26 106.86 105.12 103.61 102.07 101.36 100.16 99.4 99.02 98.98 99.06 99.43 99.26 99.9 100.7
-9999 -9999 -9999 -9999 -9999 -9999 -9999 70.73016 72.46 73.31 75.58 79.29 83.52 87.84 87.62 83.69 81.97 84.55 88.28 91.5 93.09 94.57 95.59 93.89 97.72 94.89 95.42 97.67 97.22 96.78 96.46 96.54 97.26 103.05 104.75 105.85 106.76 107.75 108.68 109.72 110.43 111.15 111.81 112.04 112.34 112.45 112.49 112.71 112.88 112.85 112.26 112.18 112.06 111.99 111.92 111.39 111.16 110.95 110.92 110.65 109.25 107.55 105.64 104.34 103.23 102.19 101.15 100.18 99.63 99.19 99.31 99.51 100.16 100.35 100.89
-9999 -9999 -9999 -9999 -9999 -9999 -9999 71.65 72.12 74.94 78.52 82.64 85.44 86.93 81.65 86.17 88.71 91.55 90.74 86.74 86.58 90.33 92.7 96.11 100.48 98.34 97.99 99.95 99.59 99.37 100.57 100.64 99.53 104.64 105.92 106.2 106.63 108 108.88 109.75 110.28 111.02 111.44 111.99 112 112 112.2 112.77 112.98 112.94 112.81 112.58 112.2 112.01 112.04 112 111.92 111.95 111.31 110.73 109.44 107.88 106.44 105.08 104.09 102.9 101.82 100.96 100.65 100.44 100.2 100.63 101.08 101.74 101.49
-9999 -9999 -9999 -9999 -9999 -9999 -9999 72.18182 74.42046 78.04 80.93 83.46 86.7 89.54 90.06 91.98 92.94 87.48 83.06 83.93 84.32 86.45 94.56 96.94 101.58 99.91 97.89 100.85 101.81 100.76 101.94 103.25 104.15 106.57 106.83 107.47 107.72 108.01 108.51 108.91 109.86 110.62 111.31 111.66 111.97 112.01 112.13 112.91 112.78 112.59 112.6 112.54 112.46 112.22 112.5 112.42 112.04 111.88 111.08 110.31 109.26 107.97 106.54 105.36 104.25 103.13 102.18 101.46 100.98 100.51 100.27 100.79 101.2 101.86 102.61
-9999 -9999 -9999 -9999 -9999 -9999 -9999 74.2093 76.46 79.23 81.39 84.6 87.65 90.1 91.24 87.3 84.86 82.26 87.82 85.16 86.65 88.09 92.52 98.11 102.96 101.13 98.57 102.25 102.79 103.55 102.94 102.22 105.45 107.09 106.88 107.85 108.02 108.16 108.93 109.5 109.95 110.32 110.95 111.25 111.88 112 112.34 112.38 112.52 112.91 112.83 112.61 112.56 112.87 112.73 112.1 111.97 111.39 110.58 109.7 108.74 107.55 106.32 105.27 104.05 102.98 101.91 101.2 100.91 100.46 100.33 100.36 101 101.3 102.11
-9999 -9999 -9999 -9999 -9999 -9999 -9999 75.48 77.31111 79.87755 83.16 86.06 88.52 91.11 92.61 92.63 92.61 94.82 90.93 87.41 87.39 92.98 99.17 102.43 101.73 99.1 101.84 104.07 105.01 104.27 102.71 100.58 105.08 106.03 107.13 107.91 107.82 107.92 108.51 109.28 109.94 110.02 110.76 111.04 111.52 111.99 112 112.01 112.19 112.51 112.57 112.72 112.68 112.56 112.05 112.03 111.73 110.81 110.01 109.19 108.16 106.95 105.83 104.77 103.56 102.58 101.4 100.86 100.23 100.22 100.02 100.21 100.9 101.27 102.04
-9999 -9999 -9999 -9999 -9999 -9999 -9999 -9999 78.57895 81.48 84.41 86.95 89.29 92.25 94.7 95.66 96.06 89.74 88.78 91.93 97.51 98.9 102.37 103.7 97.26 102.38 104.57 105.81 105.89 104.97 103.12 102.84 103.93 106.02 107.08 107.67 107.84 108.02 108.33 108.96 109.42 110.01 110.85 110.96 111.06 111.19 111.78 112.02 112.15 112.67 112.37 112.15 112.12 112.01 111.99 111.7 111.1 110.23 109.37 108.25 107.26 106.16 104.99 103.85 102.55 101.97 101.14 100.95 100.51 100.08 100.01 100.2 100.59 101.11 101.75
-9999 -9999 -9999 -9999 -9999 -9999 -9999 -9999 80.15218 82.67 85.2 87.85 90.52 93.16 95.34 97.31 95.67 97.33 98.67 99.36 102.68 96.48 99 95.36 98.98 104.62 106.05 106.33 106.13 104.87 104.29 104.96 105.46 106.45 107.04 107.3 107.17 107.64 108.29 108.92 109.46 109.96 110.25 110.71 110.91 110.94 111.51 112 112.15 112.07 112.01 112.01 112 111.84 111.49 110.91 110.29 109.37 108.47 107.65 106.41 105.22 104.03 103.08 102.19 101.4 101 100.76 100.16 100.07 100.45 100.57 101.05 101.39 101.82
-9999 -9999 -9999 -9999 -9999 -9999 -9999 -9999 81.25 83.51 86.44 89.09 91.61 94.05 95.97 97.92 97.92 99.07 103.4 101.61 95.03 94.62 95.73 99.92 103.53 103.62 103.9 106.56 105.68 103.07 100.8 105.01 105.81 106.5 106.55 106.82 106.98 107.3 108.2 108.67 109.08 109.88 110.02 110.35 110.56 111 111.48 111.97 112 112.01 112 111.97 111.89 111.18 110.88 110.14 109.68 108.83 107.85 106.65 105.32 104.23 103.24 102.13 101.26 100.75 100.09 100.02 100.41 100.71 100.75 100.3 100.68 101.38 101.86
-9999 -9999 -9999 -9999 -9999 -9999 -9999 -9999 82.11111 84.21212 87.16 89.96 92.38 94.67 96.57 98.72 98.76 101.11 103.83 100.92 88.13 100.66 99.59 100.93 104.59 106.6 106.44 105.79 104.48 104.85 103.78 105.23 105 104.38 104.09 105.19 106.17 107.22 107.59 107.95 108.79 109.29 109.97 110.29 110.97 111.19 111.97 112 112.02 112 112 111.9 111.39 110.96 110.2 109.78 108.91 108 106.91 105.63 104.55 103.28 102.12 101.11 100.4 99.64 99.19 99.29 99.88 99.6 99.6 99.96 100.46 101.07 102.06
-9999 -9999 -9999 -9999 -9999 -9999 -9999 -9999 -9999 85.16456 88.29 90.98 92.75 94.61 96.84 99.06 100.8 102.68 99.32 95.4 103.89 108.02 102.92 106.57 102.6 105.7 102.32 102.48 104.99 105.04 104.57 105.22 104.25 103.12 104.09 105.25 106.28 106.51 107 107.75 108.16 108.99 109.73 110.29 110.94 111.62 112 112.02 112.03 112 111.92 111.25 111.01 110.49 109.81 109.02 108.19 107.08 106.05 104.83 103.59 102.35 101.19 100.22 99.43 98.69 98.2 98.19 98.54 98.44 99.03 100 101.22 102.03 102.8
-9999 -9999 -9999 -9999 -9999 -9999 -9999 -9999 -9999 86.03773 89.03 91.67 93.55 95.21 97.35 98.86 101.14 98.49 97.8 97.94 106.75 107.89 106.02 107.17 106.05 104.12 100.22 100.26 104.61 104.11 102.58 103.48 102.55 103.14 103.63 104.48 104.42 105.32 106.24 107.24 108 108.83 109.5 110.05 111 111.78 112.03 112.07 112 112 111.61 111.02 110.77 110.01 109.32 108.32 107.25 106.23 105.08 103.8 102.48 101.32 100.23 99.22 98.36 97.61 97.36 97.45 97.89 98.13 98.71 100.29 102.28 102.85 103.13
-9999 -9999 -9999 -9999 -9999 -9999 -9999 -9999 -9999 86.75 89.25806 91.5 93.52 95.31 97.1 98.9 100.25 100.99 102.52 101.15 105.51 105.34 104.43 104.46 104.1 104.11 103.98 103.58 104.96 102.03 101.71 102.85 102.84 102.56 102 102.87 103.71 104.37 105.34 106.36 107.62 108.77 109.55 110.61 111.6 112.05 112.67 112.36 112.06 111.99 111.16 110.89 110.08 109.55 108.62 107.52 106.63 105.51 104.1 102.86 101.6 100.3 99.08 98.25 97.13 96.71 96.88 97.05 97.57 98.63 100.48 101.67 101.82 101.61 102.56
