layers/wordclim/past/Iberia_lig_10_ascii/bio_18.asc
ncols         166
nrows         94
xllcorner     -9.4959440078468
yllcorner     36.000324005443
cellsize      0.083333337679505
NODATA_value  -9999
[rows 0 to 33 of 94, columns 77 to 153 of 166]
-9999 -9999 -9999 -9999 -9999 -9999 -9999 -9999 -9999 -9999 -9999 -9999 -9999 -9999 -9999 -9999 -9999 -9999 -9999 -9999 -9999 -9999 -9999 -9999 -9999 -9999 -9999 -9999 -9999 -9999 -9999 -9999 -9999 -9999 -9999 -9999 -9999 -9999 -9999 -9999 -9999 -9999 -9999 -9999 -9999 -9999 -9999 -9999 -9999 -9999 -9999 -9999 -9999 -9999 -9999 -9999 -9999 -9999 -9999 -9999 -9999 -9999 -9999 -9999 -9999 -9999 -9999 -9999 -9999 -9999 -9999 -9999 -9999 -9999 -9999 -9999 -9999
-9999 -9999 -9999 -9999 -9999 -9999 -9999 -9999 -9999 -9999 -9999 -9999 -9999 -9999 -9999 -9999 -9999 -9999 -9999 -9999 -9999 -9999 -9999 -9999 -9999 -9999 -9999 -9999 -9999 -9999 -9999 -9999 -9999 -9999 -9999 -9999 -9999 -9999 -9999 -9999 -9999 -9999 -9999 -9999 -9999 -9999 -9999 -9999 -9999 -9999 -9999 -9999 -9999 -9999 -9999 -9999 -9999 -9999 -9999 -9999 -9999 -9999 -9999 -9999 -9999 -9999 -9999 -9999 -9999 -9999 -9999 -9999 -9999 -9999 -9999 -9999 -9999
-9999 -9999 -9999 -9999 -9999 -9999 -9999 -9999 -9999 -9999 -9999 -9999 -9999 -9999 -9999 -9999 -9999 -9999 -9999 -9999 -9999 -9999 -9999 -9999 -9999 -9999 -9999 -9999 -9999 -9999 -9999 -9999 -9999 -9999 -9999 -9999 -9999 -9999 -9999 -9999 -9999 -9999 -9999 -9999 -9999 -9999 -9999 -9999 -9999 -9999 -9999 -9999 -9999 -9999 -9999 -9999 -9999 -9999 -9999 -9999 -9999 -9999 -9999 -9999 -9999 -9999 -9999 -9999 -9999 -9999 -9999 -9999 -9999 -9999 -9999 -9999 -9999
-9999 -9999 -9999 -9999 -9999 -9999 -9999 -9999 -9999 -9999 -9999 -9999 -9999 -9999 -9999 -9999 -9999 -9999 -9999 -9999 -9999 -9999 -9999 -9999 -9999 -9999 -9999 -9999 -9999 -9999 -9999 -9999 -9999 -9999 -9999 -9999 -9999 -9999 -9999 -9999 -9999 -9999 -9999 -9999 -9999 -9999 -9999 -9999 -9999 -9999 -9999 -9999 -9999 -9999 -9999 -9999 -9999 -9999 -9999 -9999 -9999 -9999 -9999 -9999 -9999 -9999 -9999 -9999 -9999 -9999 -9999 -9999 -9999 -9999 -9999 -9999 -9999
-9999 183.8333 185.85 191.6207 187.8333 -9999 -9999 -9999 -9999 -9999 -9999 -9999 -9999 -9999 -9999 -9999 -9999 -9999 -9999 -9999 -9999 -9999 -9999 -9999 -9999 -9999 -9999 -9999 -9999 -9999 -9999 -9999 -9999 -9999 -9999 -9999 -9999 -9999 -9999 -9999 -9999 -9999 -9999 -9999 -9999 -9999 -9999 -9999 -9999 -9999 -9999 -9999 -9999 -9999 -9999 -9999 -9999 -9999 -9999 -9999 -9999 -9999 -9999 -9999 -9999 -9999 -9999 -9999 -9999 -9999 -9999 -9999 -9999 -9999 -9999 -9999 -9999
170.8571 176.2759 181.26 188.97 190.093 193.5769 195.4182 192.8571 -9999 -9999 -9999 -9999 -9999 214.6667 233.5143 225.4054 227 -9999 -9999 -9999 -9999 -9999 -9999 -9999 -9999 -9999 -9999 -9999 -9999 -9999 -9999 -9999 -9999 -9999 -9999 -9999 -9999 -9999 -9999 -9999 -9999 -9999 -9999 -9999 -9999 -9999 -9999 -9999 -9999 -9999 -9999 -9999 -9999 -9999 -9999 -9999 -9999 -9999 -9999 -9999 -9999 -9999 -9999 -9999 -9999 -9999 -9999 -9999 -9999 -9999 -9999 -9999 -9999 -9999 -9999 -9999 -9999
172.0714 168.7273 175.28 178.64 182.74 187.89 195.12 195.5556 200.0411 200.1167 205.918 208.3443 215.0119 216.6146 224.16 231.65 228.4865 230.1053 225.2439 225.5769 222.2 -9999 -9999 -9999 -9999 -9999 -9999 -9999 -9999 -9999 -9999 -9999 -9999 -9999 -9999 -9999 -9999 -9999 -9999 -9999 -9999 -9999 -9999 -9999 -9999 -9999 -9999 -9999 -9999 -9999 -9999 -9999 -9999 -9999 -9999 -9999 -9999 -9999 -9999 -9999 -9999 -9999 -9999 -9999 -9999 -9999 -9999 -9999 -9999 -9999 -9999 -9999 -9999 -9999 -9999 -9999 -9999
166.68 171.82 168.58 171.41 177.09 185.05 189.54 192.12 197.56 201.34 209.08 212.76 212.04 219.66 221.95 225.67 221.02 221.43 222.46 220.51 220.7143 -9999 -9999 -9999 -9999 -9999 -9999 -9999 -9999 -9999 -9999 -9999 -9999 -9999 -9999 -9999 -9999 -9999 -9999 -9999 -9999 -9999 -9999 -9999 -9999 -9999 -9999 -9999 -9999 -9999 -9999 -9999 -9999 -9999 -9999 -9999 -9999 -9999 -9999 -9999 -9999 -9999 -9999 -9999 -9999 -9999 -9999 -9999 -9999 -9999 -9999 -9999 -9999 -9999 -9999 -9999 -9999
159.77 161.89 164.81 167.39 177.4 176.37 179.28 183.1 189.4 194.5 199.17 200.75 203.59 211.8 214.93 215.47 210.31 209.05 208.7 213.2192 214.5 206.2 -9999 -9999 -9999 -9999 -9999 -9999 -9999 -9999 -9999 -9999 -9999 -9999 -9999 -9999 -9999 -9999 -9999 -9999 -9999 -9999 -9999 -9999 -9999 -9999 -9999 -9999 -9999 -9999 -9999 -9999 -9999 -9999 -9999 -9999 -9999 -9999 -9999 -9999 -9999 -9999 -9999 -9999 -9999 -9999 -9999 -9999 -9999 -9999 -9999 -9999 -9999 -9999 -9999 -9999 -9999
152.84 155.27 167.39 181.66 172.62 175.07 170.78 171.94 180.27 180.54 181.98 188.22 198.57 198.72 205.98 206.06 205.24 207.5 212.32 211.9375 210.4444 213.0833 211.6786 207.5417 -9999 -9999 -9999 -9999 -9999 -9999 -9999 -9999 -9999 -9999 -9999 -9999 -9999 -9999 -9999 -9999 -9999 -9999 -9999 -9999 -9999 -9999 -9999 -9999 -9999 -9999 -9999 -9999 -9999 -9999 -9999 -9999 -9999 -9999 -9999 -9999 -9999 -9999 -9999 -9999 -9999 -9999 -9999 -9999 -9999 -9999 -9999 -9999 -9999 -9999 -9999 -9999 -9999
155.75 155.98 156.15 162.83 160.35 161.92 168.84 173.89 184.13 179.36 177.85 184.2 193.85 194.11 192.33 191.96 191.51 191.76 196.24 197.61 200.34 201.59 202.3 203.64 210.4409 213.3443 217.6 240.569 277.2 -9999 -9999 -9999 -9999 -9999 -9999 -9999 -9999 -9999 -9999 -9999 -9999 -9999 -9999 -9999 -9999 -9999 -9999 -9999 -9999 -9999 -9999 -9999 -9999 -9999 -9999 -9999 -9999 -9999 -9999 -9999 -9999 -9999 -9999 -9999 -9999 -9999 -9999 -9999 -9999 -9999 -9999 -9999 -9999 -9999 -9999 -9999 -9999
149.01 152.75 153.07 147.84 146.38 147.98 151.39 155.91 159.17 170.51 172.39 176.01 179.13 189.72 181.37 174.97 176.58 179.46 181.9 185.17 185.52 188.79 198.45 187.28 196.71 197.91 207.08 235.4 244.1447 237.5333 -9999 -9999 -9999 315.375 -9999 -9999 -9999 -9999 -9999 -9999 -9999 -9999 -9999 -9999 -9999 246.5333 262 -9999 -9999 -9999 -9999 -9999 -9999 -9999 -9999 -9999 -9999 -9999 -9999 -9999 -9999 -9999 -9999 -9999 -9999 -9999 -9999 -9999 -9999 -9999 -9999 -9999 -9999 -9999 -9999 -9999 -9999
131.35 137.86 135.13 137.2 143.16 146.52 152.68 154.07 163.34 167.43 166.02 167.24 177.64 174.54 171.63 162.74 161.51 162.01 167.62 166.13 165.15 171.46 173.13 172.7 174.63 174.64 191.32 208.35 223.05 254.2151 247.8955 265.2564 254.0909 284.798 300.4776 315.3846 -9999 -9999 -9999 -9999 -9999 -9999 -9999 -9999 258.9091 244.69 270.08 294.4615 300.1636 280.95 282.3 -9999 -9999 -9999 -9999 -9999 -9999 -9999 -9999 -9999 -9999 -9999 -9999 -9999 -9999 -9999 -9999 -9999 -9999 -9999 -9999 -9999 -9999 -9999 -9999 -9999 -9999
121.43 120.84 123.1 129.12 131.39 135.1 144.54 142.27 143.49 146.95 150.17 150.43 146.54 144.99 150.34 150.49 157.01 157.78 162.45 161.86 155.68 150 156.51 161.51 165.28 159.91 166.79 169.75 173.95 200.01 215.93 267.12 248.99 223.21 280.17 262.8804 308.8837 304.4043 279.7719 270.6389 299.4074 300.0741 309.275 310.325 287.9737 262.6939 255.46 271.42 284 291.45 276.2927 291.1746 288.8182 298.4688 -9999 -9999 -9999 -9999 -9999 -9999 -9999 -9999 -9999 -9999 -9999 -9999 -9999 -9999 -9999 -9999 -9999 -9999 -9999 -9999 -9999 -9999 -9999
120.75 117.34 115.45 124.28 134.21 138.76 133.61 133.79 135.82 134.81 126.77 130.55 135.32 131.95 131.5 134.34 143.19 147.21 156.03 154.92 147.77 140.17 146.13 151.68 144.25 140.53 137.16 149.42 157.95 161.85 168.69 192.34 202.6 188.87 223.87 211.04 248.79 265.81 244.23 228.98 271.07 273.21 297.68 262.75 313.87 301.95 291.04 294.66 297.16 281.5 250.57 268.9 268.65 293.4639 302.8889 -9999 -9999 -9999 -9999 -9999 -9999 -9999 -9999 -9999 -9999 -9999 -9999 -9999 -9999 -9999 -9999 -9999 -9999 -9999 -9999 -9999 -9999
110.29 107.56 106.7 106.01 107.34 108.97 108.44 109.94 111.66 110.94 110.2 114.38 115.93 118.99 119.22 121.43 128.39 133.12 140.47 134.51 128.35 127.84 127.33 136.91 140.33 147.77 136.47 130.45 143.73 143.37 155.03 150.07 148.46 176.89 201.16 187.99 200.68 195.6 173.77 197.46 256.47 251.34 233.58 262.61 275.01 263.75 270.02 281.23 299.46 293.8 251.63 238.47 251.63 274.36 268.32 -9999 -9999 -9999 -9999 -9999 -9999 -9999 -9999 -9999 -9999 -9999 -9999 -9999 -9999 -9999 -9999 -9999 -9999 -9999 -9999 -9999 -9999
107.15 105.01 104.55 102.3 99.3 101.26 97.97 94.12 92.89 93.04 97.7 102.29 104.87 107.85 112.21 112.12 116.33 115.5 122.85 123.88 121.24 129.62 133.49 136.67 136.25 145.26 145.21 130.4 131.75 130.48 137.56 133.22 133.67 158.35 175.39 183.41 157.65 161.26 144.56 180.56 204.82 210.68 218.28 238.67 232.37 228.28 245.78 276.67 272.5 268.59 239.19 246.3 256.77 257.68 236.234 271.1613 280.6984 276.5579 261.5955 229.6852 219.7941 -9999 288.3333 286.3 262.6875 -9999 -9999 -9999 -9999 189.6667 135.8 113.2321 122.0735 107.7358 88.69231 -9999 -9999
119.37 112.47 108.75 97.96 100.7 113.6 103.01 98.69 94.4 95.45 93.83 95.26 95.52 98.65 103.45 102.92 104.39 104.55 106.26 107.93 106.99 110.58 120.41 123.64 127.45 132.71 133.86 122.29 117.77 131.35 131.33 133.6 142.72 144.63 155.97 166.6 170.03 148.73 133.69 138.45 155.46 179.53 198.78 218.14 228.43 221.18 225.71 231.38 228.86 233.29 225.78 253.54 240.26 218.8 209.36 227.02 230.71 225.33 220.49 220.14 229.2329 247 252.075 250.6 227.04 212.3294 201.8286 193.25 177.6818 159.1383 119.07 88.77 79.61 76.68 77.53933 63 57
120.95 135.84 122.87 105.31 118.52 127.97 117.65 120.47 124.94 112.72 118.02 99.73 91.9 91.3 93.4 95.16 95.27 98.7 101.02 100.23 99.38 99.76 103.34 106.35 108.51 109.64 113.04 101.98 100.44 108.08 126.17 142.72 146.7 152.62 173.83 161.85 157.63 145.77 126.89 125.23 157.06 153.5 184.87 178.77 204.29 195 210.59 224.85 204.46 202.59 233.7 239.19 225.95 196.72 219.22 237.57 245.86 243.5 229.08 230.54 230.29 222.17 213.54 214.13 210.65 198.86 188.63 179.17 173.76 155.55 119.91 95 76.66 69.86 70.13483 76.6129 67.65714
141.77 148.3 128.48 122.73 128.57 115.01 125.89 117.89 131.32 116.22 112.18 101.58 94.32 94.42 87.93 86.27 87.01 90.63 90.63 90.31 91.75 91.17 90.79 89.29 91.78 94.78 95.87 89.53 85.47 83.43 82.56 86.18 91.17 103.58 103.2 106.66 123.68 124.13 130.41 118.47 138.18 129.31 147.47 167.51 181.72 171.13 197.04 182.25 169.56 206.99 231.45 218.46 194.42 201.52 226.18 236.12 234.33 226.92 220.58 204.09 210.74 207.08 203.46 199.63 200.62 196.5 176.86 168.4 145.28 129.46 110.82 94.18 82.56 71.50526 67.25926 73 -9999
124.26 116.92 123.11 139.41 132.12 125.89 134.5 142.09 133.27 123.03 123.08 113.13 106.03 104.37 87.86 83.24 83.84 82.69 83.69 86.25 87.57 83.29 81.43 78.75 79.09 80.59 80.18 77.16 75.83 75.26 74.32 71.84 70.76 75.71 79.83 83.29 92.86 95.02 102.85 101.16 120.26 126.12 151.05 156.3 166.04 155.18 178.54 147.74 155.78 166.66 201.35 207.36 184.71 202.41 212.07 217.73 203.97 207.88 216.46 190.31 196.32 197.57 199.31 196.26 199.29 197.58 190.02 190.07 165.1 140.1 113.85 100.71 87.78 77.17 68.01492 70 -9999
135.3 138.4 150.48 145.87 148.6 148.78 147.41 136.33 125.54 131.24 123.62 116.52 100.22 90.22 86.75 84.3 79.01 77.56 76.81 78.61 84.34 82.68 74.2 75.88 80.63 81.73 76.53 70.02 70.36 67.61 68.09 65.12 64.46 68.1 71.88 74.85 81.12 82.89 85.1 88.52 121.89 134.73 142.88 134.59 147.93 168.05 175.23 150.13 185.64 181.37 177.41 166.17 152.77 166.85 177.18 180.93 185.82 189.02 180.5 166.97 180.55 186.23 191.65 190.77 188.62 193.76 192.87 183.57 161.83 149.86 116.39 99.93 89.06 75.5 69.2551 67.48276 -9999
104.22 114.25 131.27 125.63 138.41 128.1 128.07 120.35 128.83 132.08 123.73 114.13 100.91 94.91 91.54 90.62 79.26 77.27 73.11 69.58 70.1 69.74 68.53 71.47 77.38 83.79 74.64 64.65 65 67.2 65.54 61.76 60.63 63.93 66.71 68.83 75.26 75.17 77.89 82 93.22 107.26 124.67 128.2 128.34 149.53 141.74 139.49 163.2 138.6 134.06 139.45 146.76 158.8 173.24 166.88 157.18 158.51 163.1 153.82 166.98 170.23 181.35 181.36 177.22 186.39 188.38 182.39 147.11 125.1 108.82 115.08 98.74 79.54 71.4 69.58334 -9999
101.76 104.17 105.76 104.48 104.63 105.18 108.62 105.52 107.13 115.42 119.75 113.23 107.22 107.78 99.78 90.7 84.68 85.67 77.27 68.42 66.12 63.21 62.66 70.74 74.45 72.22 66.24 60.03 61.18 64.65 68.07 61.53 59.97 59.63 61.08 64.9 73.57 71.39 70.81 77.13 82.3 89.66 96.6 100.93 112.3 120.28 119.62 114.48 119.46 115.7 125.6 124.52 130.31 144.72 155.51 162.98 151.21 137.68 143.32 135.84 145.06 159.72 178.83 173.5 174.57 182.56 183.21 177.32 150.54 114.97 106.11 102.72 106.04 90.05 74.91781 67.25 -9999
93.71 98.21 99.78 101.12 102.95 104.86 100.37 100.35 103.37 107.69 109.98 108.72 109.9 111.56 140.82 128.92 93.59 84.59 76.51 70.47 66 61.22 57.55 57.21 59.92 61.9 58.2 55.78 58.37 61.52 68.81 65.16 60.49 59.28 58.52 61.72 65.02 64.17 65.92 73.38 72.79 74.98 78.86 86.85 87.91 91.45 90.62 94.46 100.51 105.68 110.31 119.43 126.16 130.24 136.03 149.14 151.54 138.68 120.98 120.9 129.44 151.68 165.2 166.04 171.78 177.33 175.96 148.48 126.09 104.97 103.52 105.96 95.625 79.175 -9999 -9999 -9999
86.62 90.49 89.57 93.31 98.92 98.32 98.45 97.73 96.87 99.06 101.18 101.36 106.61 116.76 123.68 131.94 116.69 96.58 88.3 74.83 67.16 61.61 56.89 54.09 51.35 51.38 53.18 53.02 57.59 60.92 65.94 69.04 68.33 63.71 59.03 59.11 60.8 60 61.43 66.35 66.04 68.49 77.22 82.9 78.46 79.84 81.56 85.88 90.2 95.28 101.77 110.51 120.82 132.99 139.29 138.29 136.18 126.12 109.62 110.12 133.09 145.3 150.31 145.45 145.42 147.3 131.42 118.56 115.35 97.43877 97.85058 94.89286 88.8125 -9999 -9999 -9999 -9999
80.59 83.77 84.99 86.69 86.67 90.02 94.31 94.93 91.62 93.08 97.57 99.48 103.49 106.75 109.55 104.29 97.62 85.56 84.27 78.04 65.45 59.99 61.6 62.99 55.96 51.63 50.92 49.67 51.38 54.77 54.38 56.45 63.77 68.05 64.73 64.75 69.76 64.58 62.36 61.05 61.32 66.59 70 69.87 70.06 74.51 78.11 83.45 88.4 92.3 99.19 111.45 121.49 128.89 127.77 117.99 117.27 118.63 120.58 104.12 129.3 126.9 118.99 109.98 109.66 114.51 125.06 118.3939 111.4211 94.04546 85.2 -9999 -9999 -9999 -9999 -9999 -9999
75.64 79.91 80.62 80.57 84.19 86.56 89.27 88.3 92.74 96.57 95.61 95.63 101.75 99.33 98.64 95.9 97.39 80.79 73.65 71.4 61.83 59.59 63.41 70.21 61.47 60.53 59.23 53.78 50.85 49.23 50.55 52.2 54.89 58.03 61.57 59.97 61.39 63.06 62.56 65.16 61.04 61.23 61.02 62.19 67.41 73.19 77.11 81.67 88.34 96.8 107.42 120.35 128.75 127.83 123.72 111.32 104.4 105.43 102.28 95.72 99.63 100.83 95.88 92.69 102.44 104.234 101.898 94.11111 -9999 -9999 -9999 -9999 -9999 -9999 -9999 -9999 -9999
77.43 78.44 79.21 81.56 82.87 81.86 82.01 86.08 92.49 94.26 87.38 89.86 92.07 93.32 89.69 83.84 86.82 89.82 70.89 69.31 63.18 61.65 65.84 65.9 65.28 70.68 67.3 60.89 55.57 52.19 49.14 50.01 54.17 57.54 58.37 58.86 59.59 58.28 58.86 61.57 64.83 55.65 59.43 64.19 70.2 78.21 85.04 90.66 94.26 103.25 104.45 104.05 114.04 116.91 122.67 117.72 105.03 93.35 90.75 92.04 89.73 90.28 92.87 89.48936 92.06061 87 -9999 -9999 -9999 -9999 -9999 -9999 -9999 -9999 -9999 -9999 -9999
88.09 88.67 83.75 82.47 86.88 87.85 87.12 86.59 88.04 85.29 80.2 82.8 86.52 86.02 86.63 77.33 79.03 72.25 85.63 87.77 87.04 73.86 69.15 72.42 70.66 77.22 67.98 58.18 55.05 51.4 50.27 49.36 52.13 56.52 58.33 59.45 60.32 58.53 55.61 60.08 58.26 60.96 66.32 71.06 78.7 87.76 93.97 99.88 108.06 105.73 99.68 89.89 94.58 97.03 111.15 102.18 89.83 88.19 91.79 100.33 92.44 86.88 87.5 84.6087 -9999 -9999 -9999 -9999 -9999 -9999 -9999 -9999 -9999 -9999 -9999 -9999 -9999
92.47 88.18 85.42 85.3 85.45 88.21 89.3 90.95 87.48 80.06 77.6 76.64 76.97 75.8 78.9 77.89 76.44 75.75 84.28 93.18 94.78 89.94 80.58 81.25 80.96 79.31 72.12 63.49 58.62 55.32 52.43 51.25 49.82 50.04 50.62 51.71 51.87 51.25 54.61 60.09 61.2 60.84 63.45 60.01 66.85 80 99.26 106.82 115.75 123.85 101.62 79.54 80.17 83.75 88.52 83.63 83.09 86.55 85.85 93.32653 90.55556 85.98529 85.62069 -9999 -9999 -9999 -9999 -9999 -9999 -9999 -9999 -9999 -9999 -9999 -9999 -9999 -9999
91.16 79.8 81.5 78.71 78.33 88.19 89.46 91.05 87.2 82.45 80.62 83.39 86.79 86.66 83.87 81.28 89.36 88.87 85.27 92.77 95.31 95.86 96.63 93.64 87.58 81.24 73.99 70.22 65.62 59.03 54.28 52.29 52.23 52.56 52.59 52.28 53.27 54.43 58.86 56.75 57 58.25 63.58 53.14 60.9 72.92 74.35 84.35 93.13 85.14 79.51 71.77 73.32 75.39 78.38776 76.22785 79.25758 78.63636 79.6087 86 -9999 -9999 -9999 -9999 -9999 -9999 -9999 -9999 -9999 -9999 -9999 -9999 -9999 -9999 -9999 -9999 -9999
83.04 79.16 78.21 75.07 75.63 84.24 87.75 89.65 93.2 96.61 100.19 100.3 97 94.84 94.53 93.05 97.91 100.61 97.89 89.4 95.42 98.48 102.71 101.96 94.31 88.14 81.13 81.21 84.32 71.23 60.81 60.55 58.85 56.98 57.18 60.81 57.18 58.3 61.29 59.36 63.94 68.1 73.32 62.24 58.39 61.54 71.8 84.98 74.13 72.44 71.32 67.81481 69.0566 68.775 69.83334 -9999 -9999 -9999 -9999 -9999 -9999 -9999 -9999 -9999 -9999 -9999 -9999 -9999 -9999 -9999 -9999 -9999 -9999 -9999 -9999 -9999 -9999
67.88 67.74 69.87 71.02 77.02 81.45 86.14 89.91 91.68 98.68 103.86 103.74 99.38 105.99 104.88 102.6 100.16 100.31 103.51 105.8 93.97 103.25 108 117.7 108.39 95.19 87.46 84.11 81.2 74.9 70.93 72.47 67.99 64.19 60.81 61.25 64.74 67.64 66.31 66.33 69.17 68.4 69.16 62.35 57.35 69.24 80.19 76.58 69.19718 70.37037 69.64706 67.66666 -9999 -9999 -9999 -9999 -9999 -9999 -9999 -9999 -9999 -9999 -9999 -9999 -9999 -9999 -9999 -9999 -9999 -9999 -9999 -9999 -9999 -9999 -9999 -9999 -9999
