layers/wordclim/past/Iberia_lig_10_ascii/bio_1.asc
ncols         166
nrows         94
xllcorner     -9.4959440078468
yllcorner     36.000324005443
cellsize      0.083333337679505
NODATA_value  -9999
[rows 32 to 63 of 94, columns 73 to 145 of 166]
84.02 78.94 88.02 86.26 91.14 95.41 97.69 101.81 102.15 95.52 93.93 93.75 92.3 90.53 88.81 88.82 92.33 94.97 95.73 97.84 94.9 93.24 95.71 103.39 98.88 96.62 92.73 93.32 99.49 104.67 110.03 109.97 107.89 119.77 130.43 131.42 134.07 136.49 138.03 135.78 141.92 141.5 139.99 143.69 139.88 137.51 134.56 145.94 152.71 152.44 143.26 131.81 146.45 152.92 154.98 156.1481 154.3774 157.225 158.5 -9999 -9999 -9999 -9999 -9999 -9999 -9999 -9999 -9999 -9999 -9999 -9999 -9999 -9999
89.89 98.98 96.59 93.32 103.44 104.67 104.01 104.48 100.1 97.52 94.28 92.53 92.45 87.95 84.59 85.74 89.86 85.37 87.38 90.13 92.73 92.81 90.93 89.94 100.28 93.28 89.1 81.91 88.89 99.21 104.94 108.25 111.49 117.5 121.59 121.08 126.46 130.9 135.86 136.88 134.59 132.44 135.87 137.64 135.91 138.69 139.72 148.47 157.33 145.24 135.56 142.08 156.169 158.1852 158.4706 158 -9999 -9999 -9999 -9999 -9999 -9999 -9999 -9999 -9999 -9999 -9999 -9999 -9999 -9999 -9999 -9999 -9999
98.27 105.64 105.64 106.62 108.33 111.43 108.52 105.78 100.57 96.44 95.69 95.36 93.81 92.73 89.27 85.88 84.67 85.9 88.88 91.1 91.2 90.86 94.48 93.45 92.71 97.72 90.62 81.89 81.17 89.4 96.35 103.96 114.26 115.09 114.82 113.04 119.48 126.27 133.25 132.8 126.56 128.04 132.84 130.8 135.27 133.22 150.73 148.14 145.67 148.05 145.85 149.06 160 -9999 -9999 -9999 -9999 -9999 -9999 -9999 -9999 -9999 -9999 -9999 -9999 -9999 -9999 -9999 -9999 -9999 -9999 -9999 -9999
113.18 109.58 111.47 114.8 112.52 108.09 102.79 100.65 101.6 100.3 98.05 95.33 93.47 97.98 92.83 91.59 86.2 91.68 89.85 87.6 88.31 88.46 91.59 91.82 95.31 97.29 91.25 88.57 85.41 92.22 93.21 98.03 103.89 106.68 104.85 110.23 113.93 120.72 128.35 120.32 117.32 123.44 128.1 126.62 121.35 126.81 154.59 154.69 139.57 153.7879 159.4348 -9999 -9999 -9999 -9999 -9999 -9999 -9999 -9999 -9999 -9999 -9999 -9999 -9999 -9999 -9999 -9999 -9999 -9999 -9999 -9999 -9999 -9999
111.72 112.18 115.42 118.87 113.93 105.69 103.65 103.6 106.3 105.31 98.2 96.99 99.51 97.39 94.17 94.08 91.98 90.16 89 89.59 85.35 83.89 87.44 94.08 97.46 93.82 83.02 81.99 83.98 85.28 85.92 89.94 88.53 89.27 94.43 99.55 105.95 120.51 119.09 121.09 114.42 119.43 114.4 110.2 102.15 131.82 159.09 159.7 157.5 162.6761 163.1875 -9999 -9999 -9999 -9999 -9999 -9999 -9999 -9999 -9999 -9999 -9999 -9999 -9999 -9999 -9999 -9999 -9999 -9999 -9999 -9999 -9999 -9999
117.04 115.38 119.71 117.34 107.22 106.9 106.29 102.24 109.29 112.82 110.99 107.03 99.65 89.13 85.79 83.58 87.11 85.72 82.03 82.82 79.89 82.19 81.43 91.09 97.57 91.23 80.82 84.53 84.83 82.68 81.31 83.02 88.15 88.34 93.39 98.68 109.14 112.28 114.01 109.72 103.95 104.59 98.63 111.12 120.11 145.59 157.36 161.52 164.3711 164.0215 163.9186 163.4348 -9999 -9999 -9999 -9999 -9999 -9999 -9999 -9999 -9999 -9999 -9999 -9999 -9999 -9999 -9999 -9999 -9999 -9999 -9999 -9999 -9999
121.69 119.72 123.18 113.75 111.02 111.6 105.43 103.23 112.28 108.11 102.95 97.79 96.64 92.68 87.52 83.48 82.37 82.1 80.5 77.13 71.43 77.85 77.58 83.7 93.11 97.25 85.23 86.65 90.47 88.9 82.58 83.78 82.6 81.9 85.33 84.68 98.53 105.71 111.65 108.6 103.21 107.58 115.31 129.61 144.43 151.95 154.4 151.117 164.6923 164.5263 164 -9999 -9999 -9999 -9999 -9999 -9999 -9999 -9999 -9999 -9999 -9999 -9999 -9999 -9999 -9999 -9999 -9999 -9999 -9999 -9999 -9999 -9999
126.06 126.13 117.38 112.53 116.47 110.94 106.59 109.24 115.85 107.98 107.05 105.28 107.01 104.08 97.94 90.52 84.49 73.18 74.06 70.47 66.49 71.88 76.05 80.5 90.37 99.14 93.12 88.48 95.32 88.4 74.23 82.42 80.05 76.45 76.37 73.45 89.65 97.12 105.09 105.83 103.99 114.68 125.37 141.88 149.57 156.38 159.52 160.3913 164.75 164.25 -9999 -9999 -9999 -9999 -9999 -9999 -9999 -9999 -9999 -9999 -9999 -9999 -9999 -9999 -9999 -9999 -9999 -9999 -9999 -9999 -9999 -9999 -9999
128.05 119.74 114.36 116.02 114.8 110.06 111.61 116.89 118.09 115.6 118.08 115.59 113.74 104.28 99.8 90.8 83.54 77.17 71.24 70.86 66.72 69.49 76.59 83.86 90.03 97.9 96.86 92.47 96.9 81.42 77.48 77.08 72.57 63.93 66.92 73.38 78.46 91.91 97.43 102.17 107.95 125.96 137.34 144.07 151.06 160.01 163.26 -9999 -9999 -9999 -9999 -9999 -9999 -9999 -9999 -9999 -9999 -9999 -9999 -9999 -9999 -9999 -9999 -9999 -9999 -9999 -9999 -9999 -9999 -9999 -9999 -9999 -9999
124.34 118.34 117.11 120.19 116.12 117.19 122.75 119.41 120.96 111.96 109.23 115.58 109.88 108.84 104.81 100.21 86.48 81.47 74.75 70.48 69.05 74.47 82.2 83.66 85.91 95.74 101.29 104.09 96.48 83.76 83.46 80.27 73.62 62.01 64.24 73.7 83.77 97.6 112.64 115.55 124.63 133.33 144.58 142.69 151.72 158.9879 165 -9999 -9999 -9999 -9999 -9999 -9999 -9999 -9999 -9999 -9999 -9999 -9999 -9999 -9999 -9999 -9999 -9999 -9999 -9999 -9999 -9999 -9999 -9999 -9999 -9999 -9999
123.09 121.35 122.59 119.41 120.01 125.08 120.61 114.93 119.82 117.03 111.76 110.56 107 105.53 102.22 98.58 87.33 79.21 76.96 79.63 68.77 72.71 75.7 78.52 84.78 90.11 98.65 107.67 97.25 88.31 96.74 96.24 85.3 75.32 81.47 82.1 89.58 99.57 118.75 126.9 128.54 133.27 151.24 154.58 151.6707 157.7778 -9999 -9999 -9999 -9999 -9999 -9999 -9999 -9999 -9999 -9999 -9999 -9999 -9999 -9999 -9999 -9999 -9999 -9999 -9999 -9999 -9999 -9999 -9999 -9999 -9999 -9999 -9999
127.87 125.52 123.19 124.22 127.77 125.85 114.97 113.56 117.06 109.81 111.38 111.08 109.91 105.26 98.18 104.4 89.83 87.45 84.87 77.59 76.91 76.56 82.93 75.81 90.83 94.6 105.24 101.54 88.92 91.31 103.18 107.29 103.13 99.25 95.49 103.11 102.52 107.67 131.1 143.04 142.04 146.14 151.77 162.4737 164.1 -9999 -9999 -9999 -9999 -9999 -9999 -9999 -9999 -9999 -9999 -9999 -9999 -9999 -9999 -9999 -9999 -9999 -9999 -9999 -9999 -9999 -9999 -9999 -9999 -9999 -9999 -9999 -9999
124.63 125.28 128.54 131.46 128.27 122.93 115 112.68 113.65 109.94 108.46 108.18 104.09 104.51 105.2 104.14 92.82 87.42 84.35 86.34 85.78 88.66 87.35 84.67 93.94 109.77 106.48 92.48 72.84 76.62 95.32 108.04 111.61 115.04 117.84 114.69 119.8 126.13 136.77 147.74 146.57 147.61 158.2386 165 -9999 -9999 -9999 -9999 -9999 -9999 -9999 -9999 -9999 -9999 -9999 -9999 -9999 -9999 -9999 -9999 -9999 -9999 -9999 -9999 -9999 -9999 -9999 -9999 -9999 -9999 -9999 -9999 -9999
132.84 132.97 130.44 125.76 123.38 120.92 116.48 114.02 113.07 111.07 107.68 107.48 102.71 106.06 110.73 106.71 99.73 92.68 96.53 95.95 91.33 95.86 93.16 87.15 95.73 110.47 101.06 86.7 73.9 80.18 94.05 100.63 108.82 109.71 122.42 127.49 135.71 143.32 151.91 152.46 152.57 156.597 158.4286 -9999 -9999 -9999 -9999 -9999 -9999 -9999 -9999 -9999 -9999 -9999 -9999 -9999 -9999 -9999 -9999 -9999 -9999 -9999 -9999 -9999 -9999 -9999 -9999 -9999 -9999 -9999 -9999 -9999 -9999
126.02 125.93 123.71 122.04 121.63 120.66 117.65 114.92 117.06 115.75 111.74 110.42 108.37 109.91 107.9 106.05 103.55 100.21 104.65 103.72 102.69 98.14 96.27 97.57 102.26 107.45 111.7 104.72 95.15 88.45 81.37 93.64 109.95 119.17 125.34 123.49 132.15 146.81 157.11 160.74 163.3093 164.9375 -9999 -9999 -9999 -9999 -9999 -9999 -9999 -9999 -9999 -9999 -9999 -9999 -9999 -9999 -9999 -9999 -9999 -9999 -9999 -9999 -9999 -9999 -9999 -9999 -9999 -9999 -9999 -9999 -9999 -9999 -9999
127.61 126.24 124.81 124.34 124.05 121.89 119.36 118.37 117.84 116.59 116.06 112.7 112.65 114.23 107.96 104.53 102.31 101.85 106.27 103.39 107.91 100.74 95.42 101.34 107.12 104.96 109 115.91 111.43 106.02 98.86 96.62 111.88 124.55 137.03 140.26 132.83 139.3 155.29 164.0707 164.7073 -9999 -9999 -9999 -9999 -9999 -9999 -9999 -9999 -9999 -9999 -9999 -9999 -9999 -9999 -9999 -9999 -9999 -9999 -9999 -9999 -9999 -9999 -9999 -9999 -9999 -9999 -9999 -9999 -9999 -9999 -9999 -9999
129.74 127.97 127.15 127.25 125.4 124.2 119.83 117.98 117.28 119.6 118.06 114.8 115.15 117.07 113.85 110.68 105.87 104.89 108.09 107.41 108.36 109.67 108.84 110.22 107.15 106.38 114.28 123.98 122.6 118.64 115.62 121.74 121.65 125.59 130.17 142.95 150.68 152.06 162.6 165.3636 -9999 -9999 -9999 -9999 -9999 -9999 -9999 -9999 -9999 -9999 -9999 -9999 -9999 -9999 -9999 -9999 -9999 -9999 -9999 -9999 -9999 -9999 -9999 -9999 -9999 -9999 -9999 -9999 -9999 -9999 -9999 -9999 153.625
129.62 129.8 128.92 128.1 126.84 125.59 122.53 121.47 118.5 120.57 118.53 115.21 116.46 119.72 118.4 112.3 109.35 108.85 108.86 110.41 113.12 116.92 117.36 113.76 105.1 112.89 115.07 119.83 127.54 136.57 137.24 140.52 146.02 148.16 144.96 137.78 150.23 160.37 165.7237 -9999 -9999 -9999 -9999 -9999 -9999 -9999 -9999 -9999 -9999 -9999 -9999 -9999 -9999 -9999 -9999 -9999 -9999 -9999 -9999 -9999 -9999 -9999 -9999 -9999 -9999 -9999 -9999 -9999 -9999 -9999 161 147.6316 142.1889
129.82 131.64 131.07 129.99 128.72 125.26 121.74 124.06 123.12 120.2 121.74 117.74 117.76 120.02 120.14 118.89 115.54 114.15 113.35 112.21 111.44 116.73 120.87 114.77 113.43 118.85 116.1 109.75 113.8 127.75 142.47 148.3 154.13 156.84 157.72 157.97 158.76 164.2872 166.0667 -9999 -9999 -9999 -9999 -9999 -9999 -9999 -9999 -9999 -9999 -9999 -9999 -9999 -9999 -9999 -9999 -9999 -9999 -9999 -9999 -9999 -9999 -9999 -9999 -9999 -9999 -9999 -9999 -9999 165 153.4074 147.241 145.78 158.76
132.23 132.57 132.18 131.19 130.57 129.11 126.33 127.58 125.85 122.75 122.45 122.51 122.65 122.2 118.67 119.08 121.08 119.69 118.97 117.83 118.11 119.03 124.93 121 119.96 121.33 124.39 121.93 122.01 121.12 122.5 140.4 153.45 158.08 160.64 161.59 165.21 166.6087 -9999 -9999 -9999 -9999 -9999 -9999 -9999 -9999 -9999 -9999 -9999 -9999 -9999 -9999 -9999 -9999 -9999 -9999 -9999 -9999 -9999 -9999 -9999 -9999 -9999 -9999 -9999 -9999 -9999 -9999 161 161.5814 160.8077 157.4024 161.973
133.36 133.67 132.32 130.27 131.56 131.61 130.33 129.86 128.97 127.92 127.23 125.41 125.45 122.34 119.76 123.23 123.22 122.62 122.05 123.02 122.56 124.95 130.87 127.2 126.22 129.57 131.86 129.94 125.08 124.32 125.74 138.13 151.45 157.67 162.06 164.7 166.62 167 -9999 -9999 -9999 -9999 -9999 -9999 -9999 -9999 -9999 -9999 -9999 -9999 -9999 -9999 -9999 -9999 -9999 -9999 -9999 -9999 -9999 -9999 -9999 -9999 -9999 -9999 -9999 -9999 -9999 -9999 -9999 -9999 164.3077 162.9286 -9999
134.24 134.9 134.3 133.06 133.43 133.33 132.31 131.85 130.86 130.25 129.74 128.96 128.11 126.25 125.92 126.65 125.35 124.97 124.64 125.35 125.95 126.11 129.19 136.97 138.27 136.65 136.25 131.45 130.66 130.99 136.19 147.54 153.61 157.18 159.79 165.53 168.06 168.5882 -9999 -9999 -9999 -9999 -9999 -9999 -9999 -9999 -9999 -9999 -9999 -9999 -9999 -9999 -9999 -9999 -9999 -9999 -9999 -9999 -9999 -9999 -9999 -9999 -9999 -9999 -9999 -9999 -9999 -9999 -9999 -9999 -9999 -9999 -9999
135.26 135.83 135.65 135.22 134.86 134.14 133.53 132.56 131.54 130.56 130.1 129.81 128.99 128.32 127.89 127.39 128.08 127.74 127.85 128.24 128.14 128.97 128.89 128.57 131.31 135.38 137.13 137.54 135.05 133.78 141.09 141.19 143.3 157.41 160.92 166.13 169 169.3333 -9999 -9999 -9999 -9999 -9999 -9999 -9999 -9999 -9999 -9999 -9999 -9999 -9999 -9999 -9999 -9999 -9999 -9999 -9999 -9999 -9999 -9999 -9999 -9999 -9999 -9999 -9999 -9999 -9999 -9999 -9999 -9999 -9999 -9999 -9999
136.04 135.57 135.16 135 135 134.41 133.48 132.05 130.79 129.25 128.92 128.28 129.49 129.71 129.73 129.41 130 130 130.4 130.9 131.08 130.87 132.23 131.98 130.67 129.09 127.87 133.78 142.01 129.02 128.72 141.83 149.87 154.85 166.08 168.27 169.64 170.0404 169.8 -9999 -9999 -9999 -9999 -9999 -9999 -9999 -9999 -9999 -9999 -9999 -9999 -9999 -9999 -9999 -9999 -9999 -9999 -9999 -9999 -9999 -9999 -9999 -9999 -9999 -9999 -9999 -9999 -9999 -9999 -9999 -9999 -9999 -9999
136.43 136.41 135.83 135.01 134.78 133.16 130.97 129.33 127.66 126.94 126.32 124.91 126.79 128.78 130.06 131 130.95 131.25 131.45 132.33 132.53 132.9 131.14 128.97 124.68 119.51 122.38 127.94 138.16 124.03 130.96 148 154.92 160.29 167.83 168.66 163.76 166.11 171.6667 -9999 -9999 -9999 -9999 -9999 -9999 -9999 -9999 -9999 -9999 -9999 -9999 -9999 -9999 -9999 -9999 -9999 -9999 -9999 164.4706 162.8148 164 -9999 -9999 -9999 -9999 -9999 -9999 -9999 -9999 -9999 -9999 -9999 -9999
137.03 136.02 134.77 133.72 131.88 129.38 125.03 123.54 122.72 122 122.52 120.33 121.83 125.7 129.86 131.92 132.17 132.64 132.66 132.52 131.14 126.74 124.53 119.74 115.93 112.8 119.58 126.25 134.43 124.13 130.48 141.79 152.98 161.12 166.12 167.48 158.35 158.24 169.8642 173 -9999 -9999 -9999 -9999 -9999 -9999 -9999 -9999 -9999 -9999 -9999 -9999 -9999 -9999 -9999 -9999 160.6667 158.9405 161.6 161.8687 166.0667 -9999 -9999 -9999 -9999 -9999 -9999 -9999 -9999 -9999 -9999 -9999 -9999
136.98 135.16 131.69 129.59 126.9 125.31 125.95 123.46 121.23 118.78 117.1 115.64 118.16 123.71 128.89 131.63 132.52 133 132.57 130.97 124.84 120.5 119.98 116.21 117.29 121.93 124.73 127.65 126.51 119.56 128.71 139.46 149.33 157.14 160.43 161.93 155.6 153.41 168.92 173.0357 -9999 -9999 -9999 -9999 -9999 -9999 -9999 -9999 -9999 -9999 -9999 -9999 -9999 -9999 -9999 166.5882 163.9506 161.92 164.4105 165.6786 -9999 -9999 -9999 -9999 -9999 -9999 -9999 -9999 -9999 -9999 -9999 -9999 -9999
137.23 135.35 132.4 130.15 128.78 124.92 123.77 123.94 121.39 120.07 118.49 116.88 117.5 122 126.09 129.66 131.38 132.72 131.15 129.08 126.71 124.04 122.27 121.49 123.05 124.99 127.11 131.06 131.31 127.69 132.6 142.91 143.56 148.04 158.05 159.17 153.99 151.47 156.97 168.85 172.4179 174.6875 175 -9999 -9999 -9999 -9999 -9999 -9999 -9999 -9999 -9999 -9999 -9999 -9999 162.6842 161.2545 166.1176 168 -9999 -9999 -9999 -9999 -9999 -9999 -9999 -9999 -9999 -9999 -9999 -9999 -9999 -9999
136.63 133.25 132.23 131.86 129.87 125.93 123.47 122.26 121.01 119.85 119 118.84 120.05 120.42 122.25 123.29 124.19 127.77 126.51 126.68 125.89 123.95 123.05 123.35 125.3 128.51 126.38 124.92 127.51 133.92 140.94 136.67 137.94 143.19 138.31 140.6 150.11 138.85 140.59 150.13 164.5 168.48 169.567 172.7917 -9999 -9999 -9999 -9999 -9999 -9999 -9999 -9999 -9999 -9999 -9999 -9999 -9999 -9999 169 -9999 -9999 -9999 -9999 -9999 -9999 -9999 -9999 -9999 -9999 -9999 -9999 -9999 -9999
136.5 134.7 132.97 131.89 130.25 127.66 124.89 121.36 121.51 123.24 122.23 117.41 113.17 110.39 110.32 110.75 116.25 122.7 126.66 125.15 126.83 127.32 128.22 129.07 125.69 130.47 132.64 132.09 132.92 142.27 138.43 135.31 132.87 126.87 127.38 137.37 140.65 127.18 136.22 140.45 152.2 163.9 168.7229 168.5238 -9999 -9999 -9999 -9999 -9999 -9999 -9999 -9999 -9999 -9999 -9999 -9999 -9999 167.5172 168.1633 164.4667 -9999 -9999 -9999 -9999 -9999 -9999 -9999 -9999 -9999 -9999 -9999 -9999 -9999
137.09 133.82 130.3 130.86 130.14 128.89 124.15 126.16 125.77 130.96 121.98 110.4 104.33 110.95 109.63 113.57 119.3 125.34 129.01 132.34 133.67 133.95 134.67 133.9 131.31 129.68 133.14 138.26 139.18 142.9 145.28 138.04 128.73 132.25 122.7 125.15 127.65 131.42 134.08 161.89 163.0789 169.5 175 -9999 -9999 -9999 -9999 -9999 -9999 -9999 -9999 -9999 -9999 -9999 -9999 -9999 -9999 166.25 -9999 164.4615 -9999 -9999 -9999 -9999 -9999 -9999 -9999 -9999 -9999 -9999 -9999 -9999 -9999
133.92 133.11 131.95 132.24 133.67 128.11 130.3 134.66 133.39 125.69 108.41 104.06 103.53 111.35 119.78 123.35 128.46 134.18 135.86 136.1 139.74 143.22 142.06 138.37 138.17 135.33 135.08 141.17 139.18 135.58 145.22 142.7 127.12 137.26 138.19 147.87 141.26 160.62 165.6 169.873 168.3077 -9999 -9999 -9999 -9999 -9999 -9999 -9999 -9999 -9999 -9999 -9999 -9999 -9999 -9999 -9999 -9999 -9999 -9999 -9999 -9999 -9999 -9999 -9999 -9999 -9999 -9999 -9999 -9999 -9999 -9999 -9999 -9999
