layers/wordclim/past/Iberia_lig_10_ascii/bio_02.asc
ncols         166
nrows         94
xllcorner     -9.4959440078468
yllcorner     36.000324005443
cellsize      0.083333337679505
NODATA_value  -9999
[rows 33 to 65 of 94, columns 0 to 74 of 166]
-9999 -9999 -9999 -9999 -9999 -9999 -9999 -9999 -9999 -9999 88.19048 90.74 92.94 94.81 96.85 97.42 93.58 96.48 90.05 92.39 100.44 97.82 99.66 97.67 96.59 97.59 100.62 100.78 103.64 102.77 102.78 102.73 102.9 101.49 101.2 101.99 102.74 103.72 104.62 105.55 106.82 108.03 109.44 110.48 111.55 112.6 113 112.73 112.1 111.67 111.02 110.4 109.63 108.92 108.01 106.89 105.86 104.66 103.34 102.09 100.88 99.45 98.27 96.9 95.84 95.97 96.91 99.21 99.64 100.08 98.41 98.89 101.36 100.89 100.19
-9999 -9999 -9999 -9999 -9999 -9999 -9999 -9999 -9999 -9999 86.18604 89.5 92.02 93.93 95.92 97.22 96.18 90.86 87.58 89.82 90.34 89.96 94.51 98.86 94.2 91.31 95.69 100.4 101.58 99.63 99.76 100.97 99.58 99.68 100.38 101.38 101.92 102.79 103.86 105.18 106.08 107.4 109 110.08 111.31 112.32 113.09 112.89 112.18 111.26 110.85 110.03 109.05 108.3 107.43 106.27 105.11 104.02 102.73 101.59 100.08 98.63 97.42 96.2 95.03 96.02 99.63 100.58 98.77 97.58 97.34 97.75 99.13 99.44 98.91
-9999 -9999 -9999 -9999 -9999 -9999 -9999 -9999 -9999 81.625 84.18367 88.15 91.37 92.63 89.41 90.59 92.9 97.38 97.73 96.5 93.06 91.4 91.16 93.36 91.47 89.81 93.87 98.68 99 96.81 95.94 97.56 98.89 98.35 98.83 99.9 101.07 102.24 103.57 104.66 105.75 107.03 108.38 109.34 110.37 111.38 111.88 111.7 111.62 111 110.3 109.49 108.64 107.72 106.6 105.67 104.74 103.53 102.26 100.95 99.59 98.36 97.14 95.84 96.03 97.46 100.86 98.1 99.59 99.02 97.55 97.08 97 97.36 98.03
-9999 -9999 -9999 -9999 -9999 -9999 -9999 -9999 -9999 79.73333 82.52809 86.77 90.84 90.66 93.54 92.91 94.72 99.23 99.13 96.91 95.1 94.03 93.77 92.11 91.52 88.8 92.98 96.04 95.46 96.58 95.08 94.74 96.51 97.66 97.83 98.44 99.81 101.49 102.75 104 105.09 106.26 107.18 107.99 108.82 109.41 110.09 110.95 110.71 110.27 109.7 108.72 107.78 106.79 105.96 105.25 104.12 103.01 101.91 100.55 99.53 98.45 97.56 97.72 100.25 100.4 101.35 100.35 97.57 96.31 96.47 96.34 96.86 97.71 97.62
-9999 -9999 -9999 -9999 -9999 -9999 -9999 -9999 -9999 76.83784 81.46739 86.15 90.52 93.54 93.64 95.95 95.34 98.19 97.04 96.33 97.43 97.1 96.32 94.12 93.07 93.34 93.79 92.97 91.51 92.36 93.4 92.75 94.51 95.94 97.26 97.39 98.69 100.7 101.84 102.83 103.99 105.22 105.85 106.5 107.36 108.75 109.83 110.08 109.71 109.18 108.54 107.59 106.36 105.89 105.1 104.31 103.62 102.71 101.51 100.43 100.27 99.55 99.55 99.17 98.27 96.78 96.61 95.99 96 96.58 96.23 96.69 97.34 97.55 97.64
-9999 -9999 -9999 -9999 -9999 -9999 -9999 -9999 75.6 77.02702 81.85567 86.48 90.79 94.13 94.9 91.96 90.8 97.78 98.7 98.69 98.06 96.19 94.04 94.84 95.9 93.85 91.81 84.8 86.92 89.31 89.89 91.28 92.65 95.17 97 98.1 98.72 99.36 100.38 101.26 102.19 102.96 104.83 106.3 107.13 108.09 108.64 108.85 108.3 107.53 106.64 106.04 105.16 104.73 104.53 104.16 103.48 102.62 101.84 100.97 100.61 100.52 99.88 100.22 97.84 96.05 96.38 96.18 95.52 95.75 96.25 97.51 98.42 98.63 98.22
-9999 -9999 -9999 -9999 -9999 -9999 -9999 -9999 77.16129 79.21 83.66 87.98 92.1 95.35 94.88 90.25 99.02 99.72 99.88 98.59 98.27 97.35 96.94 93.44 82.56 78.47 81.87 82.51 84.69 86.83 89.08 89.14 91.72 94.37 95.75 97.39 98.21 97.64 97.81 97.67 100.52 102.4 104.5 106 106.12 106.79 107.72 107.45 106.88 106.62 106.32 105.12 104.04 104.79 104.81 104.09 103.25 102.94 101.89 101.04 100.31 99.33 98.89 98.77 97.31 96.6 96.04 95.77 95.11 95.79 96.39 98.32 100.65 100.88 99.76
-9999 -9999 -9999 -9999 -9999 -9999 -9999 -9999 79.01613 81.93 86.06 90.55 94.15 96.95 97.56 98.98 100.36 100.65 100.01 99.33 97.52 95.25 84.55 72.25 75.19 79.37 84.64 81.47 84.57 87.06 87.64 87.92 91.36 93.02 93.47 95.25 96.73 97.33 98.28 99.62 101.03 104.34 105.32 105.53 106.33 105.77 106.21 106.78 106.81 106.12 104.61 103.46 103.41 103.71 103.61 103.69 103.55 102.98 102.26 101.56 100.74 99.99 99.22 98.5 97.67 97.09 96.41 95.98 95.49 95.7 96.73 98.51 102.19 102.28 101.44
-9999 -9999 -9999 -9999 -9999 -9999 -9999 80 80.63736 84.34 88.68 93.26 96.79 98.66 100.44 101.69 101.78 101.01 99.58 97.13 94.89 83.72 69.84 72.31 84.41 90.59 90.8 85.34 83.75 85.58 85.28 86.86 88.7 90.61 92.57 93.93 93.71 96.51 98.41 101.62 103.62 104.19 104.2 104.77 103.85 101.7 102.93 105.73 105.56 103.73 103.33 103.64 103.64 104.43 104.39 104.31 103.95 103.44 102.86 102.25 101.44 100.63 99.96 99.29 98.54 97.97 97.18 96.83 96.55 96.47 97.36 99.25 101.43 102.56 102.66
-9999 -9999 -9999 -9999 -9999 -9999 -9999 79.8 82.2 86.34 91.04 95.49 99.33 100.6 101.54 102.66 101.86 100.67 98.92 94.85 91.27 84.93 74.39 75.09 90.56 92.84 90.64 89.01 85.82 83.43 83.74 84 87.25 89.67 90.59 94.16 96.47 99.09 100.82 102.27 103.72 103.78 104.2 104.16 100.87 99.7 102.92 104.24 103.48 102.82 102.18 103.04 103.84 105.16 104.62 104.24 104.52 104.16 103.59 102.81 102.09 101.34 100.79 100.13 99.46 98.77 98.39 98.12 97.87 97.89 98.74 100.02 101.85 103.11 103.67
-9999 -9999 -9999 -9999 -9999 -9999 -9999 80.20548 83.49 87.32 91.81 96.23 100.78 102.53 102.85 101.95 101.12 98.08 91.83 84.86 81.8 88.98 91.19 91.95 92.38 91.33 92.17 91.4 89.75 88.55 92.19 93.82 89.29 94.07 96.72 98.46 99.82 99.85 101.72 102.74 103.61 104.27 103.15 101.01 103.65 102.46 100.45 101.14 102.24 105.51 104.71 105.48 106.63 106.81 106 105.84 105.38 104.84 104.14 103.48 102.88 102.18 101.66 101.1 100.53 100.04 99.61 99.49 99.47 99.75 100.19 101.14 102.37 103.67 104.47
-9999 -9999 -9999 -9999 -9999 -9999 -9999 81.08572 83.90909 87.9 92.24 96.57 100.87 102.37 102.82 97.32 93.12 90.43 89.54 86.1 87.66 91.93 90.07 89.01 89.93 91.83 94.12 93.97 93.24 94.46 95.94 95.93 95.75 97.61 99.53 99.82 100.01 100.58 101.78 102.73 103.27 103.53 102.62 103.64 102.9 104.97 105.63 106.11 106.73 107.1 107.12 107.04 107 107 106.6 106.13 105.8 105.25 104.87 104.14 103.68 103.02 102.67 102.18 101.73 101.14 100.99 100.88 100.95 101.28 101.65 102.42 103.64 104.82 105.2
-9999 -9999 -9999 -9999 -9999 -9999 -9999 80.65334 84.15 87.94 91.92 95.17 97.7 99.86 92.4 87.9 91.02 93.18 92.34 92.97 94.01 88.23 90.68 88.02 93.1 94.94 94.52 95.02 94.07 93.24 94.32 97.34 98.48 99.78 100.09 100.13 100.71 101.71 102.61 102.98 103.27 103.53 104.26 104.63 105.2 106.12 106.73 107 107 107 107.21 107.13 107.13 107 107 106.81 106.16 105.95 105.4 104.95 104.48 104.12 103.66 103.21 102.65 102.51 102.45 102.32 102.44 102.67 103.04 103.56 104.41 105.29 105.78
-9999 -9999 -9999 -9999 -9999 -9999 77.64706 80.06 83.8 87.56 91.29 93.03 96.06 96.82 93.23 94.58 96.31 94.73 91.25 90.41 89.48 91.11 95.42 94.6 94.34 95.54 95.49 96.34 96.09 96.03 97.16 98.21 97.89 99.47 100.21 100.76 101.43 102.03 102.54 102.64 102.82 103.83 104.98 105.59 106 106.12 106.64 107 107.15 107.4 107.38 107.77 107.53 107.4 107.24 107 106.84 106.37 106.13 105.96 105.62 105.18 104.79 104.27 104.02 103.79 103.58 103.56 103.87 104.29 104.7 105.43 106.35 106.99 107.56
-9999 -9999 -9999 -9999 -9999 -9999 76.5873 79.59 83.22 86.81 90.04 92.31 94.85 95.27 95.86 96.87 95.02 91.92 90 87 91.89 95.36 96.31 95.51 94.98 95.72 98.02 98.17 98.09 97.07 97.83 98.78 99.37 99.47 100.36 100.75 100.98 101.51 101.55 101.6 102.93 104.16 105 105.73 106.01 106.14 106.95 107.24 107.54 107.73 107.96 107.97 107.98 108 107.83 107.87 107.68 107.24 107.12 106.8 106.47 106.04 105.89 105.52 105.38 105.27 105.2 105.19 105.52 105.56 106.08 106.9 107.67 108.11 108.79
-9999 -9999 -9999 -9999 -9999 73.57143 75.57143 79.22 82.53 85.76 88.31 91.06 93.6 94.31 95.76 96.07 96.15 94.81 91.61 90.81 94.75 95.98 95.68 95.27 96.74 98.38 98.26 98.68 97.82 98.36 98.86 99.19 99.77 100.48 100.9 100.9 100.86 101.08 101.95 102.96 103.55 104.51 104.93 105.66 105.93 106.52 106.97 107.51 107.96 108 108 108.08 108.06 108.22 108.44 108.41 108.26 108.27 108.24 108.07 107.62 107.38 107.37 107.34 107.01 107.22 107.38 107.32 107.26 107.34 107.6 108.06 108.65 109.17 109.77
-9999 -9999 -9999 -9999 -9999 72.60714 75.29 78.71 81.81 84.78 87.42 90.23 92.63 93.84 94.12 95.45 94.87 94.94 94.27 95.33 96.66 96.14 96.78 97.54 97.43 96.93 97.56 98.69 98.19 98.85 100.21 100.44 99.94 100.09 100.54 101.51 102.29 102.14 102.33 102.82 103.48 104.32 104.87 105.39 105.85 106.2 106.88 107.74 107.91 108.02 108.25 108.69 108.89 108.95 109.09 109.06 109.17 109.29 109.29 109.14 108.92 108.88 108.94 108.99 108.86 109.14 109.21 109.11 108.97 109.2 109.36 109.57 109.81 110.46 110.5
-9999 -9999 -9999 -9999 -9999 71.82927 74.67 78.28 81.03 83.34 86.52 89.12 91.49 93.24 93.97 94.9 94.69 93.99 94.29 95.8 96.85 97.35 97.7 97.19 97.1 97.49 98.54 98.14 99.51 100.06 100.26 100.32 100.3 100.42 100.36 101.27 101.85 102.34 102.8 103.23 103.96 104.82 105.17 105.89 106.24 106.89 107.28 107.72 107.89 108.05 108.81 108.91 109.22 109.6 109.56 109.94 110.02 110.15 110.12 110.42 110.18 110.33 110.31 110.57 110.69 110.79 110.86 110.64 110.63 110.78 110.82 111.07 111.24 111.57 111.41
-9999 -9999 -9999 -9999 68.15625 71.19192 74.45 77.96 80.43 82.95 85.33 88.61 90.79 92.54 93.57 94.25 94.98 95.36 95.72 95.9 96.73 96.31 96.35 96.04 97.31 97.1 97.74 97.55 98.34 100.4 102.03 102.02 101.9 102.03 101.95 101.71 101.85 102.71 103.06 103.77 104.65 105.09 105.78 106.05 106.83 107.23 107.94 108.09 107.95 108.47 108.64 109.38 109.8 110.31 110.35 110.68 110.87 111.08 110.72 111.44 111.26 111.31 111.62 111.96 112.23 112.33 112.34 112.18 112.22 112.22 112.33 112.33 112.29 112.31 112.34
-9999 -9999 -9999 64.28571 67.32 71.16 74.64 78.1 80.54 83.25 85.91 88.23 90.34 91.89 93.45 94.5 95.51 96.2 95.89 95.78 95.51 95.9 95.57 95.45 94.75 95.92 97.29 98.46 98.36 100.08 102.45 103.26 103.56 103.76 103.67 103.23 102.8 102.72 103.27 103.98 105.03 105.77 106.09 106.64 107.14 107.13 108.18 108.7 108.67 108.79 109.76 110.16 110.71 110.97 111.04 111.6 111.86 111.97 112.13 112.54 112.66 112.67 113.09 113.38 113.4 113.39 113.62 113.68 113.63 113.67 113.8 113.47 113.35 113.03 113.03
-9999 56.71429 60.51563 63.89535 67.84 71.45 74.99 77.97 80.73 83.28 85.82 87.97 89.83 91.22 92.7 93.71 94.79 95.06 95.29 95.57 96 96.05 95.61 95.29 92.81 91.4 94.19 96.76 99.18 101 102.34 103.1 104.36 103.74 104.21 104.46 104.31 104.29 104.4 104.9 105.59 106.17 106.66 107.24 107.99 108 108.58 109.07 109.8 110.31 110.7 110.94 111.2 111.61 111.85 112.1 112.42 112.62 112.92 113.56 113.67 113.8 114.31 114.64 114.84 114.99 115.02 115.17 115.06 115.13 115.16 114.77 114.28 113.98 113.83
-9999 58.23077 61.69 65.32 68.87 72.22 75.49 78.46 81.01 83.6 85.9 87.9 89.61 91.06 92.34 93.33 94.17 95.23 95.9 96.27 96.9 97.3 97.26 97.19 95.44 91.91 93.66 99.38 103.19 104 105.07 106.26 106.51 105.68 105.97 105.53 105.03 105.7 105.54 105.88 106.47 106.99 107.34 108.33 109.03 109.42 110.05 110.25 110.9 111.05 111.3 111.66 111.95 112.32 112.7 112.85 113.23 113.46 113.83 114.26 114.82 114.91 115.3 115.8 116.17 116.37 116.65 116.6 116.3 116.35 116.13 115.59 115.01 114.9 114.29
-9999 62.27778 63.74 67.02 70.38 74.02 76.42 79.28 81.72 84.04 86.24 88.11 89.75 91.23 92.55 93.44 94.43 95.66 95.99 96.56 97.56 97.98 97.56 98.39 99.14 99.07 99.66 102.5 105.79 107.24 107.25 108.55 108.19 107.67 107.35 106.86 106.58 106.76 106.84 107.14 107.07 107.92 108.82 109.45 109.91 110.32 110.86 111.12 111.42 111.8 112 112.38 112.6 113.07 113.58 113.84 113.92 114.24 114.44 115.05 115.7 115.85 116.28 116.91 117.43 117.57 117.9 117.84 117.6 117.06 116.69 115.99 115.69 115.18 115
-9999 64.28125 66.27 69.46 72.72 75.26 77.76 80.39 82.58 84.77895 86.79 88.49 90.12 91.37 92.78 93.78 94.81 95.57 96.37 97.34 98.01 98.76 99.07 99.42 100.68 102.14 104.48 106.38 108.86 110.33 110.45 110.73 109.93 109.36 108.96 108.64 108.67 108.56 108.25 108.58 109.13 109.69 109.91 110.48 110.86 111.11 111.64 112.01 112.15 112.34 112.85 113.08 113.44 113.93 114.22 114.59 114.96 115.05 115.17 115.9 116.55 116.91 117.29 117.86 118.62 118.89 119.35 119.27 118.52 117.81 117.08 116.79 116.02 115.75 115.19
-9999 66.6 69.12 72.13 74.92 77.31 79.25532 81.54444 83.67816 85.58 87.47 89.05 90.61 91.81 93.29 94.29 95.1 96.05 96.8 97.43 98.47 99.33 100.21 101.54 102.6 104.1 106.28 108.98 111.04 112.51 112.62 112.33 111.81 111.27 110.59 110.37 110.2 110.17 109.94 109.89 110.32 110.75 110.97 111.34 111.85 111.99 112.45 112.91 112.93 113.14 113.49 113.95 114.08 114.49 114.97 115.11 115.61 115.94 115.9 116.28 116.83 117.56 117.99 118.37 119.43 119.96 120.5 120.35 119.59 118.38 117.7 117 116.45 116.02 115.88
-9999 69.61224 72.3 74.98 77.28 79.35052 81.20253 83.12 84.96 86.65 88.32 89.87 91.33 92.48 93.78 94.78 95.74 96.56 97.41 97.71 98.5 99.39 100.58 101.9 103.46 104.97 106.19 108.81 112.1 113.44 113.5 113.13 112.87 112.24 111.72 111.4 111.29 111.22 111.12 111.13 111.47 111.78 111.98 112.16 112.66 112.89 113.2 113.76 113.89 114.05 114.2 114.71 115.05 115.13 115.62 115.96 116.02 116.05 116.53 116.96 117.16 117.83 118.25 118.71 119.89 120.23 121.09 121.05 119.92 118.64 117.96 117.09 116.52 116.2 116
70.80645 72.27 74.77 77.51 79.45 80.93333 82.91358 84.65 86.24 87.74 89.34 90.71 92.01 93.06 94.45 95.31 96.13 96.82 97.54 98.08 99.1 100.03 100.43 101.52 103.64 105.71 106.28 109.01 112.11 113.35 113.94 113.73 113.1 113 112.48 112.02 111.98 111.96 112.04 112.28 112.28 112.44 112.81 112.94 113.41 113.84 114.05 114.37 114.69 114.97 115.24 115.41 115.8 115.93 115.98 116.23 116.56 116.86 117.14 117.41 117.71 118.11 118.84 119 119.46 120 120.25 120.28 119.85 118.65 118.02 117.69 116.71 116.02 116.04
72.45679 74.67 77.18 80.02 81.94681 81 85.04762 86.18 87.67 88.87 90.38 91.6 92.83 93.81 94.98 95.81 96.23 96.86 97.59 98.23 99.48 100.5 101.84 102.36 103.7 106.6 108.62 110.31 111.89 113.02 113.42 113.21 113.2 113 112.97 112.5 112.32 112.52 112.85 112.93 112.96 113.03 113.28 113.62 113.93 114.62 114.94 115.13 115.4 115.86 116.02 116.11 116.28 116.38 116.5 116.75 116.96 116.97 117.36 117.99 117.99 118.08 118.68 118.9 119.18 119.88 119.78 119.62 118.92 118.27 117.65 116.99 116.4 116 116
73.9 76.09859 78.68919 81.83117 83.51111 85.08334 86.25843 87.42 88.83 90 91.45 92.71 93.91 94.76 95.83 96.36 96.73 96.99 97.65 98.42 99.69 101.23 102.3 103.78 105.66 107.04 109.42 110.43 111.44 112.52 112.85 113 113.06 113 113.01 112.97 112.98 113.01 113.12 113.63 113.77 113.86 113.99 114.56 114.75 115.41 115.79 116.05 116.17 116.31 116.82 116.87 116.98 116.98 117.09 116.9 117 117.08 117.2 117.72 117.99 118.12 118.27 118.29 118.52 118.97 118.98 118.86 117.96 117.64 117.18 116.54 116.06 115.92 115.53
-9999 -9999 81 82.95946 84.51948 86.2381 87.36 88.54 89.84 91.01 92.39 93.65 94.94 95.77 96.73 97.34 97.84 97.92 98.24 99.47 101 102.56 104.04 105.31 106.73 108.08 109.47 110.26 111.01 111.45 111.89 112.31 112.65 112.9 112.98 112.99 113 113.19 113.83 114.11 114.14 114.49 114.77 115.05 115.71 115.96 116.33 116.67 117.03 117.09 117.24 117.46 117.48 117.49 117.91 117.37 117.36 117.6 117.74 117.88 118 118 117.99 117.94 117.98 118.01 117.92 117.45 117.44 116.52 116.47 116.08 115.87 115.17 115.17
-9999 -9999 -9999 83.95834 85.18 86.97 88.36364 89.31765 90.52747 91.86813 93.35 94.54 95.83 96.9 97.95 98.7 99.19 99.68 100.21 101.02 102.5 103.95 105.12 106.24 107.41 108.56 109.44 110.04 110.82 110.94 111.27 111.3 111.06 111.95 111.97 112.88 113 113.3 114.01 114.42 114.99 114.97 115.29 115.86 116.41 116.52 116.8 117.24 117.7 118 117.93 118 118.01 118.02 118.02 117.95 117.57 117.53 117.54 117.88 117.94 117.86 117.5 117.27 116.83 116.83 116.79 116.41 115.94 116.02 115.61 115.34 115.27 115.07 114.99
-9999 -9999 -9999 84.48572 85.75309 87.37143 88.41666 90.23529 91.15 92.66666 94.05 95.33 96.81 97.94 99.31 100.29 101.39 102 102.55 103.37 104.54 105.56 106.39 107.37 108.2 108.98 109.43 110 110.37 110.93 110.94 110.87 110.58 110.77 111.46 112.32 113.14 113.04 113.96 114.77 115.3 115.93 116.24 116.66 117.05 117.23 117.7 118.03 118.03 118.21 118.56 118.46 118.65 118.62 118.39 118.05 118 117.89 117.32 117.17 117.23 117.47 117.41 117.05 116.75 115.74 114.9 115.64 116.12 116.24 115.92 114.69 114.65 114.3 113.69
-9999 -9999 -9999 -9999 -9999 -9999 -9999 -9999 92.01786 93.35714 94.71579 96.12 97.61 99.04 100.47 101.76 103.02 104.07 104.7 105.41 106.48 107.32 107.83 108.28 108.92 109.03 109.22 109.85 109.95 110.1 110.61 110.78 110.75 111.88 111.99 112.75 112.98 113.54 113.93 114.97 115.55 116.22 116.59 117.23 117.81 118.04 118.48 118.76 118.85 118.83 119 118.98 119 119 118.96 118.55 118.08 118 117.65 117.05 116.98 116.27 115.73 115.79 115.56 115.34 113.23 114.22 113.9 113.9 114.43 113.58 113.33 112.56 111.79
