layers/wordclim/past/Iberia_lig_10_ascii/bio_16.asc
ncols         166
nrows         94
xllcorner     -9.4959440078468
yllcorner     36.000324005443
cellsize      0.083333337679505
NODATA_value  -9999
[rows 0 to 31 of 94, columns 0 to 72 of 166]
-9999 -9999 -9999 -9999 -9999 -9999 -9999 -9999 -9999 -9999 -9999 -9999 -9999 -9999 -9999 -9999 -9999 -9999 -9999 440.6667 -9999 420.8125 408 -9999 -9999 -9999 -9999 -9999 -9999 -9999 -9999 -9999 -9999 -9999 -9999 -9999 -9999 -9999 -9999 -9999 -9999 -9999 -9999 -9999 -9999 -9999 -9999 -9999 -9999 -9999 -9999 -9999 -9999 -9999 -9999 -9999 -9999 -9999 -9999 -9999 -9999 -9999 -9999 -9999 -9999 -9999 -9999 -9999 -9999 -9999 -9999 -9999 -9999
-9999 -9999 -9999 -9999 -9999 -9999 -9999 -9999 -9999 -9999 -9999 -9999 -9999 -9999 -9999 -9999 -9999 445.7317 470.9583 433.4776 430.894 432.1477 421.4348 417.1818 405.6981 398.4375 -9999 -9999 -9999 -9999 -9999 -9999 -9999 -9999 -9999 -9999 -9999 -9999 -9999 -9999 -9999 -9999 -9999 -9999 -9999 -9999 -9999 -9999 -9999 -9999 -9999 -9999 -9999 -9999 -9999 -9999 -9999 -9999 -9999 -9999 -9999 -9999 -9999 -9999 -9999 -9999 -9999 -9999 -9999 -9999 -9999 -9999 -9999
-9999 -9999 -9999 -9999 -9999 -9999 -9999 -9999 -9999 -9999 -9999 -9999 -9999 -9999 -9999 432.2 443.394 447.3263 456.33 439.87 455.93 455.5 429.303 443.66 435.41 414.3402 394.9167 -9999 -9999 -9999 -9999 -9999 -9999 -9999 -9999 -9999 -9999 -9999 -9999 357 -9999 354 354.5555 359.3594 358.5385 -9999 -9999 -9999 -9999 -9999 -9999 -9999 -9999 -9999 -9999 -9999 -9999 -9999 -9999 -9999 -9999 -9999 -9999 -9999 -9999 -9999 -9999 -9999 -9999 -9999 -9999 -9999 -9999
-9999 -9999 -9999 -9999 -9999 -9999 -9999 -9999 -9999 -9999 -9999 -9999 -9999 -9999 448.2963 441.0842 446.0606 450.48 457.12 472.51 480.11 470.62 455.23 466.43 423.84 404.74 399.179 396.9747 391.5493 377.6545 376.8125 374.5476 375.9605 365.4026 373.7468 365.106 365.6028 370.3611 372.4318 367.7629 364.4359 361.4762 358.2222 357.56 359.5 352.3247 351.7213 356.6667 357.1187 350.8044 353.7586 -9999 -9999 -9999 -9999 -9999 -9999 -9999 -9999 -9999 -9999 -9999 -9999 -9999 -9999 -9999 -9999 -9999 -9999 -9999 455.75 459.3333 -9999
-9999 -9999 -9999 -9999 -9999 -9999 -9999 -9999 -9999 -9999 -9999 -9999 -9999 -9999 449.4151 441.4783 465.5757 484.52 488.09 473.42 481.55 492.42 494.17 488.41 455.04 420.95 402.76 411.7 389.28 384.7172 396.75 400.08 398.51 378.69 399.97 382.39 373.19 379.23 389.07 369.39 358.4041 366.81 367.46 360.57 356.63 355.71 360.33 361.2 351.53 353.74 355.93 358.8974 352.4359 350.1864 353.26 352.7429 352.3684 -9999 -9999 -9999 -9999 -9999 -9999 -9999 403.5714 411.6667 423.9556 432.5891 440.9512 443.3016 449.3229 449.1379 451.2609
-9999 -9999 -9999 -9999 -9999 -9999 -9999 471 -9999 -9999 -9999 -9999 460.6389 449.2258 452.3731 451.2708 470.89 489.68 489.12 492.01 478.02 475.22 469.5 475.9 459.15 445.78 428.2 407.05 403.61 421.99 436.06 416.51 396.12 399.49 404.2 380.08 390.83 397.81 376.37 361.98 358.94 352.12 350.94 357.16 352.79 352.5 353.46 352.5 351.47 349.93 349.23 343.77 344.18 352.6 355.54 359.97 367.59 362.6596 362.1358 362.5616 366.9481 372.4872 379.3472 388.4819 397.0204 403.09 411.89 420.29 426.8125 431.17 434.81 437.41 438.0357
-9999 -9999 -9999 -9999 -9999 -9999 467.2222 463.8375 473.9054 488.3462 482.946 482.6988 480.1 463.8586 459.14 457.8352 479.19 494.87 509.76 495.65 479.3 467.66 459.58 446.49 446.73 437.41 430.91 409.62 433.05 435.43 424.61 393.94 399.7 421.6 413.87 384.91 372.82 371.77 379.33 368.33 369.91 367.52 359.63 351.15 350.8 349.16 350.53 356.82 357.25 350.38 357.39 349.66 345.14 356.69 367.24 366.75 358.73 365.3 358.91 363.79 363.3 368.88 373.9 378.23 385.9 390.86 397.13 404.32 408.62 409.96 414.74 419.01 423.5
-9999 -9999 -9999 449.5 454.7143 463.4474 479.5616 482.18 488 489.79 505.15 538.42 528.17 510.42 485.82 483.71 504.46 507.51 509.54 494.42 483.84 463.21 454.58 441.02 433.92 433.05 436.05 421.3 426.13 427.4 407.56 389.75 414.56 427.51 395.46 379.75 378.29 399.31 387.98 389.63 386.11 363.99 394.89 362.84 344.48 352.19 354.06 348.94 350.91 351.51 371.74 358.64 353.86 374.65 421.05 395.27 405.56 396.03 356.9 365.3 360.11 359.96 363.18 368.5 371.62 376.46 381.49 386.06 390.16 389.51 394.64 397.08 402.89
-9999 -9999 -9999 442.4445 455.8387 482.83 491.76 518.82 536.38 539.45 556.81 553.11 544.12 544.8 529.76 531.57 533.12 520.88 514.29 495.65 484.92 470.67 450.01 440.78 435.87 437.43 442.01 422.94 443.07 424.63 423.82 398.83 411.1 418.78 395.09 384.22 403.83 424.03 390.84 406.99 390.19 394.75 367.2 363.59 347.35 359.52 354.58 352.52 367.26 377.73 365.95 371.48 380.71 363.33 385.73 397.59 382.5 348.79 340.97 347.31 371.69 360.07 358.43 359.26 359.86 361.85 365.59 368.04 371.55 377.24 379.3 379.19 379.08
-9999 -9999 447.5385 451.9897 472.64 512.33 522.96 540.41 552.34 563.98 562.47 562.07 547.25 546.18 542.05 533.24 529.84 528.75 533.26 510.89 485.96 474.65 455.25 445.49 444.55 440 446.08 441.77 418.44 414.45 391.64 390.33 416.3 430.36 397.12 421.81 414.44 455.6 453.36 437.26 456.78 424.1 435.26 375.03 353.25 399.7 401.78 384.74 396.27 400.61 373.58 385.47 366.56 358.24 376.15 373.15 396.42 391.15 369.31 353.94 360.87 384.09 368.4 350.63 349.2 349.05 351.46 351.41 355.04 356.89 357.2 358.64 361.04
-9999 -9999 442.0833 451.8118 499.0101 522.95 539.62 548.74 555.09 563.8 565.56 562.89 561.5 560.75 556.52 547.63 531.2 535.62 525.47 518.21 492.94 484.44 467.4 441.28 429.08 425.63 439.04 430.32 425.31 395.56 393.73 411.16 408.49 424.66 425.03 435.57 447.5 420.71 415.11 410.54 417.37 397.31 396.93 404.39 385.48 375.33 381.83 367.97 381.17 366.14 344.83 355.73 354 349.36 343.53 358.83 383.19 386.24 372.46 351.23 342.53 372.18 357.82 336.32 333.76 334.49 334.64 335.97 337.71 339.57 340.17 341.99 344.1
-9999 -9999 438.75 -9999 486 539.05 546.5 544.41 563.5 551.57 544.13 573.9 585.89 561.09 553.41 542.21 519.24 513.42 509.46 504.63 499.28 476.73 455.33 436.77 422.21 422.27 425.89 435.45 409.93 399.67 419.38 445.72 465.15 455.68 422.84 422.08 411.17 418 439.67 418.69 424.79 418.39 387.71 362.53 387.1 358.46 350.47 343.73 354.63 334.83 329.93 341.87 331.13 340.52 331.25 347.88 347.87 347.06 343.99 326.89 321.57 321.65 322 320 321.04 319.7 322.84 320.62 322.22 322.61 325.51 325.55 326.43
-9999 -9999 -9999 -9999 488.475 505.4375 514.4394 522.3846 595.54 568.9 558.88 553.89 566.39 550.34 542.56 560.33 540.67 535.14 529.84 504.86 500.74 481.18 448.35 452.6 440.5 414.55 439.8 441.04 423.74 422.32 427.17 472.28 433.94 404.78 375.73 376.25 403.48 429.93 424.4 413.25 386.05 364.18 346.98 340.06 333.14 337.63 319.1 314.59 318.3 310.06 310.7 312.15 309.95 314.99 309.12 316.66 321.67 311.18 310.71 312.49 307.81 306.22 303.35 304.74 308.3 304.55 305.7 309.7 306.81 308.68 311.78 309.66 309.81
-9999 -9999 -9999 -9999 479 524.7059 582.9348 557.78 578.24 557.77 577.32 591.61 579.3 603.08 584.49 572.61 568.16 547.3 544.77 537.06 493.96 460.73 471.24 464.33 440.72 433.08 450.5 473.05 469.55 446.21 419.51 429.09 388.74 361.95 358.38 350.28 364.99 367.04 358.55 358.78 364.46 356.03 336.82 321.75 314.02 313.27 299.87 295.4 298.2 290.24 297.33 292.68 294.75 293.47 296.2 299.87 298.91 297.86 294.9 295.65 291.18 292.24 290.7 294.96 295.72 294.25 293.5 294.3 291.98 294.28 298.71 294.93 290.08
-9999 -9999 -9999 -9999 -9999 521.8813 565.3192 536.125 552.7222 593.6 594.98 622.5 630.94 633.24 630.04 584.81 567.99 565.52 556.08 544.17 490.94 460.7 460.06 443.27 411.19 428.29 456.71 444.8 450.86 460.18 416.64 387.13 359.61 337.85 328.76 329.06 325.86 326.44 334.94 346.69 332.44 319.23 313.78 303.4 298.88 295.06 281.69 279.91 279.96 279.14 281.22 278.62 283.84 277.92 283.61 285.9 283.2 283.49 279.02 279.91 277.95 276.1 276.94 280.08 280.47 281.83 281.17 281.51 280.95 282.18 281.01 276.63 273.68
-9999 -9999 -9999 -9999 -9999 523.6286 528.7368 538.6667 566.3976 585.2 614.97 637.77 641.61 634.63 633.02 610.96 583.42 577.13 567.37 532.36 499.57 459.64 446.73 410.7 403.35 409.2 424.27 425.52 448.72 442.14 410.5 363.79 339.47 323.29 320.06 323.89 349.8 363.73 362.77 348.05 321.59 307.3 301.12 288.68 283.6 278.95 271.88 268.09 266.71 267.39 267.17 270.36 270.23 265.59 269.86 272.22 268.52 268.98 267.62 265.78 266.19 264.06 262.93 263.07 263.91 264.39 264.79 268.5 267.28 266.18 262.19 261.29 264.95
-9999 -9999 -9999 -9999 -9999 532 556 565.1667 595.913 642.0562 616.77 644.7 659.29 661.14 632.5 592.74 558.93 532.34 511.3 495.32 477.28 457.52 433.32 418.91 427.46 420.21 405.5 395.5 429.08 402.07 379.8 355.25 339.94 358.82 385.78 370.99 389.1 388.05 350.11 323.44 305.64 293.38 288.73 277.07 273.07 268.99 263.97 258.48 257.39 258.11 258.45 259.41 258.32 255.09 257.72 260.1 256.55 253.74 253.78 253.28 251.96 251.59 252.11 251.33 251.81 252.14 253.86 255.17 253.46 251.34 250.7 252.93 253.45
-9999 -9999 -9999 -9999 -9999 -9999 553.6667 580.3333 589.2414 649.1912 640.3441 655.54 654.48 664.31 636.83 575.59 516.22 506.86 475.29 451.27 443.39 490.68 492.72 458.2 443.18 466.34 455.94 387.3 370.72 408.09 407.88 371.31 403.23 403.72 381.89 425.41 421.48 387.59 341.42 320.27 302.55 287.05 275.85 268.78 264.3 260.38 256.42 250.71 250.78 250.6 249.25 249.62 247.8 246.06 247.28 248.04 246.49 243.72 243.31 242.8 241.5 240.77 241.16 240.66 241.34 243.04 243.47 242.22 240.52 237 237.23 242.15 245.04
-9999 -9999 -9999 -9999 -9999 -9999 -9999 597.8461 617.3846 661.9243 643.9583 672.92 662.25 646.99 652.91 588.16 504.81 493.68 495.12 451.1 448.7 483.67 481.21 510.97 510.45 499.48 510.34 425.1 401.73 420.71 450.63 449.84 449.14 434.68 403.33 368.3 373.9 391.06 356.15 317.1 291.89 279.54 269.81 262.22 257.11 253.36 249.79 244.05 245.4 245.9 241.97 240.26 238.67 238.18 237.26 236.99 236.88 234.85 232.91 232.34 230.71 231.24 231.68 232.23 233.1 236.07 233.78 230.91 229.98 228.95 231.32 234.69 240.21
-9999 -9999 -9999 -9999 -9999 -9999 -9999 566.6667 614.8235 646.2198 670.99 638.47 615.18 633.83 623.82 562.58 522.29 513.47 495.13 492.6 484.86 485.35 467.26 516.16 544.64 547.01 552.05 485.87 419.93 442.53 454 481.98 505.17 478.23 433.72 421.07 397.11 359.48 338.14 308.69 289.63 276.37 268.22 257.67 250.09 245.84 241.85 237.47 238.59 236.52 234.02 231.68 230.81 230.7 229.02 228.05 227.07 226.54 224.3 222.05 221.72 223.02 223.91 225.64 226.82 224.87 224.05 223.59 222.53 222.87 224.48 229.06 239.99
-9999 -9999 -9999 -9999 -9999 -9999 -9999 615.8182 614.4945 686.31 615.02 614.73 586.17 612.36 546.82 562.96 573.48 590.9 557.92 543.83 527.25 491.01 487.09 494.22 515 531.99 507.28 462.67 433.2 459.19 474.47 493.75 473.38 403 369.7 361.34 350.19 329.31 308.23 289.5 280.31 267.94 258.91 252.64 242.47 239.1 234.67 232.04 229.92 227.63 227.05 224.55 224.22 224.54 222.04 220.76 219.1 216.86 215.41 213.14 216.77 219.28 218.94 219.37 216.82 218.95 218.22 216.94 217.54 219.43 222.65 228.15 225.58
-9999 -9999 -9999 -9999 -9999 -9999 -9999 664.1111 677.23 635.16 603.04 595.67 597.82 573.74 630.8 665.72 673.9 636.19 591.35 548.34 520.67 501.28 485.08 495.97 444.58 481.22 476.23 451.84 454.32 458.05 462.36 463.64 452.74 376.59 353.05 339.27 324.51 310.82 295.12 281.25 269.03 258.38 250.14 244.55 238.2 232.1 227.39 225.94 223.27 222.77 219.69 218.53 218.7 217.64 216.58 214.83 213.23 210.15 208.12 206.49 210.72 210.19 209.53 212.06 213.8 214.92 213.76 212.55 212.59 213.32 214.89 217.13 222.55
-9999 -9999 -9999 -9999 -9999 -9999 -9999 640.9833 604.92 609.18 622.42 675.31 635.21 641.85 696.33 648.55 615.04 577.01 574.48 592.73 584.35 546.67 521.16 482.22 421.49 448.9 455.12 429.24 431.21 430.73 416.5 411.88 422.75 359.96 340.35 331.58 324.68 303.59 289.93 278.18 267.8 254.96 245.51 238.19 231.43 225.53 222.72 221 218.25 215.94 214.37 214.38 214.66 212.88 212.42 210.93 209.91 210.21 210.12 205.63 204.4 206.09 208.1 210.68 212.96 213.84 212.04 211.96 212.75 213.68 213.91 218.64 222
-9999 -9999 -9999 -9999 -9999 -9999 -9999 597.5455 609.3636 650.49 637.14 672.02 603.88 599.07 609.16 595.91 580.36 619.42 647.05 629.03 608.09 588.65 514.33 485.19 424.34 443.49 462.41 426.02 412.2 420.1 405.05 386.49 373.31 337.94 330.57 313.37 308.9 302.45 296.6 288.89 274.79 260.66 244.23 235.92 227.68 220.86 216.8 213.56 210.5 208.81 209.03 209.27 208.89 209.2 211.04 210.35 210.49 209.63 207.1 202.27 203.71 205.06 206.71 209.24 211.12 210.79 211.09 210.49 210.45 211.14 210.86 212.17 214.77
-9999 -9999 -9999 -9999 -9999 -9999 -9999 597.9535 626.92 648.17 581.93 598.48 577.31 582.03 601.2 651.73 664.19 676.14 614.95 619.61 593.41 575.66 538.9 486.69 424.51 442.93 463.65 418.86 405.89 390.99 396.1 399.61 363.02 329.2 330.58 306.73 299.24 296.66 282.18 269.63 264.96 256.18 240.3 227.48 220.94 215.41 209.95 207.69 206.88 206.3 204.51 204.74 206.49 208.69 208.72 208.37 207.9 206.08 202.99 201.92 202.91 203.46 204.66 205.91 207.04 206.82 206.13 206.8 207.04 205.97 206.57 206.13 207.27
-9999 -9999 -9999 -9999 -9999 -9999 -9999 597.2 590.1778 582.2755 597.62 604.24 613.02 583.21 594.46 603.71 599.29 577.24 602.23 615.81 601.49 556.48 503.41 459.69 453.48 475.97 438.88 403.06 381.42 389.82 402.24 415.15 365.03 346.11 320.98 301.01 301.66 294.96 281.39 267.33 254.23 245.79 234.89 223.42 214.72 208.72 204.51 202.17 202.03 201.45 202.09 204.48 205.13 204.3 205.24 205.72 204.75 202.93 203.45 201.43 201.75 201.98 202.79 204.94 204.7 205.65 202.26 201.88 201.95 202.52 202.42 202.89 203.64
-9999 -9999 -9999 -9999 -9999 -9999 -9999 -9999 572.5658 588.37 588.15 575.11 547.39 546.75 548.24 578.71 582.13 633.19 628.92 598.19 551.56 529.97 490.11 463.36 511.01 456.13 415.99 382.67 367.51 380.69 396.43 391.2 372.74 339.25 316.18 298.85 293.26 285.62 277.35 263.91 253.67 241.15 227.75 217.98 210.78 203.59 200.07 201.55 200.66 199.96 199.59 198.6 198.91 199.9 201.74 202.38 199.14 199.44 200.33 199.06 199.75 201.11 201.15 199.62 199.53 202.82 200.93 203.79 202.64 202.2 201.92 202.77 202.28
-9999 -9999 -9999 -9999 -9999 -9999 -9999 -9999 571.0217 578.4 563.93 560.76 556.07 582.17 559.78 556.16 596.89 584.95 562.02 549.98 518.68 558 534.68 547.12 509.39 441.48 397.79 374.94 374.01 382.7 381.57 363.85 349.42 320.2 306.72 294.62 290.44 285.67 270.52 258.34 247.81 240.87 227.46 216.25 206.34 198 195.72 197.04 196.58 194.98 193.62 193.84 193.98 195.57 195.97 195.72 195.78 196.06 196.56 199.61 199.6 201.33 202.76 201.47 201.78 202.8 205.03 206.5 205.55 205.28 208.47 207.58 207.54
-9999 -9999 -9999 -9999 -9999 -9999 -9999 -9999 554.5313 561.25 570.05 562.54 574.2 556.24 556.9 565.59 584.16 577.02 507.38 548.39 594.72 589 568.87 529.16 485.53 462.78 438.12 383.36 381.58 402.58 413.33 357.56 332.07 315.38 305.39 294.08 289.24 282.25 265.54 259.43 249.73 236.17 226.01 214.33 203.65 198.16 195.11 195.48 193.56 191.02 189.46 190.27 190.69 190.85 191.99 193.9 193.1 193.41 195.5 198.35 199.96 201.42 201.38 202.34 202.56 203.98 204.5 209.33 215.85 216.25 214.24 206.5 205.1
-9999 -9999 -9999 -9999 -9999 -9999 -9999 -9999 552.8889 554.9394 555.4 551.85 548.8 551.71 562.68 553.3 582.63 560.6 516.35 569.8 645.25 567.38 557.61 531.77 481.48 428.58 408.23 397.18 396.75 374.04 378.05 347.53 336.33 341.26 333.44 312.89 291 274.15 268.91 261.72 252.4 241.27 229.23 218.86 209.3 204.79 200.52 195.88 194.46 192.71 190.84 190.03 190.76 190.31 191.54 191.93 190.97 191.19 193.88 195.21 194.82 196.63 198.84 200.01 202.49 204.09 202.9 208.48 214.62 211.45 209.06 207.36 207.47
-9999 -9999 -9999 -9999 -9999 -9999 -9999 -9999 -9999 550.0886 560.4 558.39 573.63 585.89 567.65 545.14 543.39 516.19 582.84 617.17 552.56 529.72 546.8 492.97 503.54 440.9 456.82 438.42 381.59 365.35 361.6 338.07 343.62 346.88 327.25 301.83 281.04 277.47 271.04 261.16 252.8 243.73 235.44 226.35 218.77 213.01 205.71 199.74 194.59 190.63 191.22 189.61 188.77 187.85 186.91 187.79 189.07 190.08 191.33 193.13 192.83 195.16 197.88 200.7 203.25 204.96 206.31 207.36 211.19 208.67 209.25 213.64 221.3
-9999 -9999 -9999 -9999 -9999 -9999 -9999 -9999 -9999 544.434 549.29 553.98 554.77 563.45 550.13 549.18 521.95 587.77 606.55 596.11 499.55 515.64 511.24 460.42 454.68 453.26 475.8 453.92 375.26 373.26 375.94 354.69 355.01 337.99 323.27 303.69 298.56 286.9 273.1 260.49 250.64 244.61 238.08 233.21 223.79 214.67 208.86 204.81 198.78 193.62 190.38 188.95 187.92 186.67 186 186.24 188.66 188.37 191.02 191.31 192.54 195.15 198.11 201.2 204.12 206.17 208.24 210.3 213.32 213.76 212.41 223.62 245.75
