layers/wordclim/past/Iberia_lig_10_ascii/bio_11.asc
ncols         166
nrows         94
xllcorner     -9.4959440078468
yllcorner     36.000324005443
cellsize      0.083333337679505
NODATA_value  -9999
[rows 0 to 33 of 94, columns 0 to 76 of 166]
-9999 -9999 -9999 -9999 -9999 -9999 -9999 -9999 -9999 -9999 -9999 -9999 -9999 -9999 -9999 -9999 -9999 -9999 -9999 80 -9999 82.625 87 -9999 -9999 -9999 -9999 -9999 -9999 -9999 -9999 -9999 -9999 -9999 -9999 -9999 -9999 -9999 -9999 -9999 -9999 -9999 -9999 -9999 -9999 -9999 -9999 -9999 -9999 -9999 -9999 -9999 -9999 -9999 -9999 -9999 -9999 -9999 -9999 -9999 -9999 -9999 -9999 -9999 -9999 -9999 -9999 -9999 -9999 -9999 -9999 -9999 -9999 -9999 -9999 -9999 -9999
-9999 -9999 -9999 -9999 -9999 -9999 -9999 -9999 -9999 -9999 -9999 -9999 -9999 -9999 -9999 -9999 -9999 81.68293 70.41666 82.82089 81.16666 78.43182 80.43478 79.45454 82.67924 83.4375 -9999 -9999 -9999 -9999 -9999 -9999 -9999 -9999 -9999 -9999 -9999 -9999 -9999 -9999 -9999 -9999 -9999 -9999 -9999 -9999 -9999 -9999 -9999 -9999 -9999 -9999 -9999 -9999 -9999 -9999 -9999 -9999 -9999 -9999 -9999 -9999 -9999 -9999 -9999 -9999 -9999 -9999 -9999 -9999 -9999 -9999 -9999 -9999 -9999 -9999 -9999
-9999 -9999 -9999 -9999 -9999 -9999 -9999 -9999 -9999 -9999 -9999 -9999 -9999 -9999 -9999 89.26667 84.27273 81.33685 76.12 80.03 71.45 68.61 76.31313 67.25 67.97 74.39175 80.66666 -9999 -9999 -9999 -9999 -9999 -9999 -9999 -9999 -9999 -9999 -9999 -9999 79 -9999 81 80.44444 78.46875 78.73077 -9999 -9999 -9999 -9999 -9999 -9999 -9999 -9999 -9999 -9999 -9999 -9999 -9999 -9999 -9999 -9999 -9999 -9999 -9999 -9999 -9999 -9999 -9999 -9999 -9999 -9999 -9999 -9999 -9999 -9999 -9999 -9999
-9999 -9999 -9999 -9999 -9999 -9999 -9999 -9999 -9999 -9999 -9999 -9999 -9999 -9999 86.11111 87.06316 83.94949 80.59 76.05 67.82 61.75 62 64.96 56.77 71.56 76.88 76.54737 74.92405 74.26761 78.61818 76.825 76.08334 72.53947 76.80519 69.51899 73.39394 71.9863 67.63889 65.70454 68.85567 71.17949 73.29762 75.76768 76.48 74.95 78.36364 77.85246 72.98333 71.54237 76.06522 73.31035 -9999 -9999 -9999 -9999 -9999 -9999 -9999 -9999 -9999 -9999 -9999 -9999 -9999 -9999 -9999 -9999 -9999 -9999 -9999 77.5 74 -9999 -9999 -9999 -9999 -9999
-9999 -9999 -9999 -9999 -9999 -9999 -9999 -9999 -9999 -9999 -9999 -9999 -9999 -9999 86.58491 88.10145 78.88889 70.35 66.42 68.21 61.57 53.64 48.91 46.89 56.69 67.66 72.79 65.2 73.21 72.14141 62.31 57.61 55.9 64.95 49.28 58.06 62.68 57.54 48.64 62.77 70.53535 64.72 64.38 69.46 71.46 70.66 63.65 61.55 70.34 67.28 64.91 61.46154 70.01282 71.91525 70.9 74.31429 77.1579 -9999 -9999 -9999 -9999 -9999 -9999 -9999 77.85714 77.86667 77.37778 78.94521 79.31707 77.63492 73.94791 75.55173 74.04348 -9999 -9999 -9999 -9999
-9999 -9999 -9999 -9999 -9999 -9999 -9999 89 -9999 -9999 -9999 -9999 88.38889 90.19355 87.37313 85.83334 78.34 70.11 67.02 62.02 63.41 60.19 58.33 51.48 53.87 55.04 58.8 65.07 63.12 50.47 39.57 45.74 53.75 48.51 42.47 54.15 45.05 38.19 51.43 61.31 63.57 69.42 70.47 65.51 67.44 66.06 62.51 61.75 61.15 61.57 61.63 68.56 68.7 59.3 58.04 55.09 47.96 58.08511 64.7037 71.31507 73.55844 75.02564 73.09722 70.38554 72.43877 76.3 74.74 74.83 72.35416 74.62 68.34 68.93 71.64286 66.35 65.4382 70.5 71.55556
-9999 -9999 -9999 -9999 -9999 -9999 90.22222 91.6 89.20271 85.82692 86.5946 85.63856 84.92 87.48485 86.76 85.49451 77.43 69.94 61.24 61.88 63.33 63.34 61.96 62.58 57.92 57.54 55.89 61.5 46.19 40.91 41.83 53.73 47.05 31.68 32.37 45.34 51.11 49.79 42.16 48.35 45.87 47.07 53.34 60.47 59.79 58.94 53.87 43.53 41.19 48.14 38.16 46.77 53.58 40.18 30.46 35.04 44.34 38.17 52.48 50.48 59.95 57.3 60.42 62.93 59.83 65.89 66.32 65.79 56.57 48.98 51.87 54.9 62.34 55.39 54.37 54.37 62.97
-9999 -9999 -9999 93.5 92.78571 91.5 87.94521 88.05 87.24 86.99 82.89 73.79 75.46 78 82.03 80.3 71.97 67.53 62.13 62.81 61.74 64.22 62.88 63.44 61.74 57.52 51.56 53.33 46.41 41.35 46.83 51.99 34.95 25.25 37.7 43.74 41.12 25.81 29.97 25.85 24.44 39.38 15.47 37.42 53.05 40.11 35.32 39.88 35.29 32.44 14.18 26.97 29.96 12.1 -18.98 -0.85 -9.73 -3.74 35.91 26.66 36.01 44.28 48.19 41.57 48.77 56.73 51.26 50.71 49.57 30.53 16.81 36.14 49.73 51.02 48.29 54.86 59.97
-9999 -9999 -9999 96.03704 92.69892 86.56 85.74 80.03 76.74 76.77 72.4 72.97 74.38 72.49 73.77 70.22 65.84 64.89 61.74 62.95 61.36 61.59 63.73 62.02 59.06 53.64 46.66 49.68 36.08 39.71 35.84 43.65 32.8 24.98 32.89 35.15 21.11 8.22 21.92 9.89 16.67 10.42 24.74 24.82 36.42 25.07 25.43 24.25 10.99 4.62 10.68 4.97 -0.75 11.19 -6.11 -13.62 -3.69 24.97 38.7 31.2 4.48 18.92 25.7 26.98 29.01 45.09 31.69 41.52 36.33 14.13 8.66 16.7 23.38 35.15 52.07 51.16 56.41
-9999 -9999 92.61539 92.3299 88.16 80.63 79.66 76.87 75.45 73.37 74.16 74.02 76.53 75.14 73.74 72.42 69.24 64.21 56.64 58.51 61.35 59.74 60.67 58.84 53.92 50.57 42.7 39.21 44.06 41.13 46.97 43.32 26.7 16.31 27.08 12.82 12.13 -8.66 -11 -7.83 -18.82 -8.55 -15.41 11.13 21.19 -7.15 -9.83 -3.29 -11.47 -15.17 -2.74 -10.25 -0.71 3.79 -7.73 -6.66 -19.66 -14.56 -2.41 9.47 2.63 -14.32 -2.77 14.48 19.16 22.47 21.33 24.02 21.12 22.17 28.69 30.29 30.67 30.07 33.52 29.25 32.56
-9999 -9999 95.54166 92.94118 83.34344 80.11 77.99 77.42 77.7 76.5 76.57 76.87 76.11 74.45 72.86 71.65 70.89 63.44 60.31 56.15 58.56 55.27 55.33 58.68 58.19 54.48 43.34 41.7 38.5 46.47 42.48 30.22 27.46 16.11 11.61 3.69 -4.94 1.88 0.53 -1.07 -6.55 -1.5 -4.04 -9.93 -4.2 -2.36 -6.91 -2.17 -9.78 -4.15 7.07 -0.33 -0.04 2.84 5.71 -4.29 -18.35 -20.57 -14.15 -0.49 6.43 -14.65 -5.34 15.16 19.43 20.98 22.28 21.56 22.14 24.09 30.23 37.13 34.41 30.17 29.53 28.6 26.84
-9999 -9999 97.625 -9999 89.12069 78.87 79.09 81.47 78.5 82.24 83.97 77.06 73.17 76.2 75.12 74.16 74.58 71.44 66.05 60.88 55.83 56.95 58.38 59.13 59.15 53.67 46.68 37.71 42.92 41.45 28.31 13.72 1.97 0.9 9.12 5.65 6.23 -0.43 -12.39 -7.94 -13.15 -13.95 -4.8 3.32 -9.31 0.68 2.53 4.57 -2.12 6.93 9.07 0.96 7.09 0.51 6.22 -4.81 -5.68 -5.31 -3.48 8.86 14 13.74 14.08 17.21 17.14 19.69 16.61 23.67 22.27 27.09 23.59 27.77 34.17 29.17 25.57 22.5 28.24
-9999 -9999 -9999 -9999 91.75 88.92188 89.36364 89.91209 74.15 81.17 83.58 83.36 79 79.51 78.1 70.79 70.54 65.78 59.59 60.37 54.54 54.18 58.96 51.85 50.04 53.9 39.05 33.13 34.42 29.51 22.69 1.75 10.75 17.14 24.3 20.05 5.53 -8.11 -9.72 -9.14 -1.91 3.85 8.17 8.54 9.53 4.89 12.35 13.67 10.37 13.98 13.04 11.9 13.29 9.72 13.64 7.19 3.94 11.12 11.56 10.5 14.24 16.78 20.44 20.43 16.62 21.76 22.03 16.35 20.69 18.74 14.29 22.59 23.64 33.1 34.41 31.93 22.34
-9999 -9999 -9999 -9999 97 89.88235 77.08696 84.98 81.79 86.93 82.46 77.84 78.19 68.35 69.62 67.44 61.74 61.02 54.19 49.1 55.27 58.79 49.63 46.06 47.75 44.72 33.42 20.46 16.09 18.63 22.99 14.56 24.64 30.71 27.62 27 17.36 13.03 12.37 8.6 2.92 3.3 8.09 12.15 13.22 10.83 16.03 17.49 14.79 19.84 14.29 17.92 16.44 17.22 14.72 11.38 11.88 13.29 16.28 14.39 19.45 18.8 20.22 15.68 14.46 15.17 16.3 16.11 18.16 14.88 10.13 16.16 29.97 21.26 22.98 17.17 21.67
-9999 -9999 -9999 -9999 -9999 93.33898 84.51064 92.275 90.47222 82.86 82.44 73.75 67.21 60.16 53.39 63.2 60.98 53.99 49.77 45.61 54.52 56.85 51.47 50.9 56.13 45.1 30.31 28.77 21.55 12.97 22.13 27.64 33.73 38.28 36.9 32.56 30.51 26.88 19 9.79 12.5 15.3 14.22 16.15 15.48 14.4 19.72 20.45 20.59 21.19 19.15 21.73 16.89 21.12 16.16 14.46 16.13 16 20.08 18.36 20.62 23.42 22.06 17.4 16.86 14.5 14.42 13.17 12.57 10.74 12.79 20.52 29.28 29.72 28.24 26.79 24.48
-9999 -9999 -9999 -9999 -9999 95.45715 94.8421 94.66666 90.73494 88.01 80.98 73.49 66.27 61.09 53.44 53.39 54.94 49.4 45.42 48.47 50.65 55.27 53.28 58.94 56.98 50.05 39.42 33.92 20.94 17.64 22.75 34.52 40.13 42.78 38.41 31.35 16.94 8.03 4.58 6.18 13.93 17.28 16.67 19.86 18.8 18.05 20.49 23.13 24.18 22.94 22.57 19.75 19.42 23.24 19.27 17.31 20.1 18.89 20.15 21.8 21.01 23.84 24.26 23.36 22.01 20.81 17.49 12.17 12.46 12.25 16.75 19.05 15.73 18.18 21.42 21.86 23.89
-9999 -9999 -9999 -9999 -9999 96 93.75 92.8125 88.22826 79.38202 84.13 74.94 62.79 50.37 54 58.26 60.2 59.33 57.71 55.28 53.88 53.63 54.81 54.44 47.74 45.34 45.28 43.07 26.26 30.23 33.46 36.14 37.6 24.88 10.52 11.25 0.66 -3 6.53 13.22 17.64 20.23 18.92 21.97 20.71 20.15 21.54 24.66 24.85 23.55 22.05 20.59 21.77 24.5 21.59 19.28 21.78 23.72 23.83 24.21 25.18 25.18 24.36 24.37 23.38 21.9 16.41 13.63 14.21 14.27 13.38 12.29 12.79 15.37 15.32 20.13 23.83
-9999 -9999 -9999 -9999 -9999 -9999 95.66666 91.83334 90.86207 81.75 81.93549 75.82 68.23 50.83 51.29 61.99 67.59 62.73 62.66 61.42 59.05 45.08 39.32 43.4 42.57 31.25 29.09 44.71 45.53 28.18 22.52 29.81 12.95 7.64 10.15 -8.98 -12.23 -4.78 6.95 11.49 15.5 19.83 22.59 22.94 22.21 21.83 22.3 24.72 23.63 22.83 22.93 22.21 24.2 25.7 23.8 22.12 23.14 25.29 25.54 26.3 26.15 26.66 26.52 26.26 24.3 19.96 16.68 15.71 15.58 14.7 12.4 10.58 9.79 5.31 7.78 12.64 8.02
-9999 -9999 -9999 -9999 -9999 -9999 -9999 91.15385 88.15385 79.92424 83.22222 73.92 65.81 57.89 46.63 57.12 69.03 64.19 57.72 60.24 56.78 46.36 42 30.23 24.8 22.4 13.43 32.5 34.07 22.61 7.94 2.46 -2.67 -3.75 0.79 8.44 1.8 -7.96 -0.31 10.71 18.02 20.56 22.2 23.36 23.01 22.87 23.19 25.45 22.24 20.71 23.38 24.26 25.98 26.19 25.41 24.94 24.73 25.74 27.46 27.64 28.03 27.18 27.01 25.56 22.14 16.91 17.44 18.21 15.73 12.96 10.34 9.39 6.57 1.59 -3.6 -4.18 -6.23
-9999 -9999 -9999 -9999 -9999 -9999 -9999 95 88.85294 84.37363 80.86 78.74 77.55 62.29 55.45 62.66 64.39 59.5 57.15 52.98 50.13 45.96 45.36 28.74 15.76 9.04 1.58 15.05 28.54 15.93 6.75 -7.27 -19.5 -17 -9.23 -10.07 -6.86 1.1 4.62 12.38 16.65 19.43 19.92 22.87 23.97 23.86 24.08 25.28 22.27 22.91 24.54 25.88 26.61 25.83 26.13 26.62 27.22 26.49 27.68 29.13 29.01 27.08 26.52 23.53 19.54 21.4 20.69 17.9 15.6 13.38 10.95 8.44 2.05 -7.7 -11.39 -18.7 -17.98
-9999 -9999 -9999 -9999 -9999 -9999 -9999 87.48485 88.62637 74.89 86.07 82.28 80.77 66.04 72.58 61.96 52.63 44.13 45.49 43.6 42.25 45.16 41.35 35.05 24.06 14.03 15.11 22.1 24.94 11.45 0.86 -10.49 -10.18 5.38 10.22 8.41 7.45 10.74 14.96 18.95 18.89 20.87 21.83 21.95 25 24.12 24.84 24.56 24.28 25.57 25.4 26.5 25.54 25.08 26.69 27.25 28.73 29.74 28.61 30.78 26.5 23.15 23.9 22.42 24.34 20.83 20.57 18.62 15.99 12.75 9.11 5.37 7.27 5.65 0.56 -1.3 -2.81
-9999 -9999 -9999 -9999 -9999 -9999 -9999 76.19048 74.79 82.86 85.43 83.1 76.37 74.1 52.61 36.19 26.71 32.45 38.73 43.09 44.11 43.56 42.46 35.24 42.79 28.5 24.67 26.07 19.4 12.48 5.13 -1.26 -4.04 13.52 15.6 15.42 16.28 16.82 18.9 20.72 21.99 22.92 23.84 23.54 24.06 24.97 26.08 25.04 24.96 24.53 26.63 25.98 25.04 26.09 26.52 27.73 29.04 30.36 30.27 30.81 26.31 26.74 27.56 24.5 21.33 19.65 19.59 18.56 16.9 15.21 12.74 10.07 6.52 8.81 8.33 1.45 -12.7
-9999 -9999 -9999 -9999 -9999 -9999 -9999 80.16666 87.14 84.51 80 61.31 65.62 56.95 31.92 41.52 44.27 47.68 43.28 34.02 30.68 34.36 35.55 39.74 49.85 37.98 31.39 33.26 26.91 21.22 19.77 14.86 5.18 19.48 20.01 17.32 14.88 18.41 19.56 20.1 20.57 22.54 23.74 24.66 25.32 26.05 25.95 25.29 25.48 26.16 26.4 25.44 24.49 26.33 26.67 27.45 27.67 26.16 24.09 28.27 29.94 27.19 24.69 21.79 18.27 16.37 17 15.94 14 12.43 10.8 6.59 4.31 1.13 8.32 5.81 3.03
-9999 -9999 -9999 -9999 -9999 -9999 -9999 87.27273 84.11364 74.15 74.72 59.95 71.52 67.01 57.42 55.1 52.78 37.83 25.5 25.32 25.53 24.85 38.39 40.4 50.43 40.75 30.46 35.13 33.63 25.43 24.26 23.93 22.03 28.56 24.26 24.82 21.16 18.36 15.53 13.82 15.65 17.74 21.94 22.78 24.42 25.44 26.18 26.83 27.39 27.4 26.56 25.97 25.62 25.52 23.78 22.63 22.26 22.58 24.33 29.36 26.72 24.29 22.13 19.49 17.16 16.04 15.08 15.24 13.99 13.07 12.48 9.95 7.81 5.72 3.91 4.58 3.31
-9999 -9999 -9999 -9999 -9999 -9999 -9999 85.39535 78.74 70.57 83.15 75.81 76.32 70.03 59.75 41.45 32.62 23.53 35.7 29.52 30.9 29.88 33.9 41.58 52.1 42.33 31.32 38.2 36.71 35.78 28.12 20.63 27.07 33.02 24.89 27.85 25.05 19.94 20.81 21.65 19.1 18.14 21.76 25.36 25.63 25.35 26.73 26.58 25.71 24.83 26.43 26.38 23.99 21.27 20.54 20.95 21.5 24.22 28.04 26.98 24.13 23.52 21.72 20.2 18.84 17.62 18.15 17.25 15.66 15.72 14.87 14.29 12.89 12.01 9.92 6.47 4.96
-9999 -9999 -9999 -9999 -9999 -9999 -9999 84.4 84.52222 84.17347 78.13 73.45 67.05 69.37 61.67 54.34 50.16 50.62 40.21 31.64 30.17 36.14 44.02 49.82 46.16 35.07 39.67 44.47 46.09 37.31 27.08 16.34 27.08 27.15 29.15 30.39 23.08 20.25 20.38 21.82 23.06 21.89 22.37 24.33 25.67 26.14 26.57 27.01 26.36 25.57 24.93 22.52 21.03 20.9 20.52 20.28 22.18 26.9 24.78 24.04 23.31 23.03 21.23 19.26 18.53 17.01 20.93 21.31 19.97 18.18 17.74 16.43 14.88 13.78 12.1 11.02 9.17
-9999 -9999 -9999 -9999 -9999 -9999 -9999 -9999 86.67105 81.53 78.86 78.58 81.15 77.25 72.49 60.9 55.43 38.4 34.86 37.52 44.03 44.32 49.04 50.64 33.05 42.1 47.91 52.52 51.87 41.55 29.64 25.11 24.73 30.35 31.6 31.29 26.75 24.33 21.87 22.36 21.81 22.69 24.17 24.86 25.22 26.43 26.84 24.48 24.61 23.99 23.84 24.43 23.57 22.37 20.85 20.88 24.95 26.41 24.41 24.9 24.06 22.73 22.23 22.63 22.96 19.35 21.23 18.2 17.97 17.82 17.71 15.95 14.72 14.21 14.02 13.77 10.72
-9999 -9999 -9999 -9999 -9999 -9999 -9999 -9999 85.43478 82.41 82.97 80.71 78.66 68.87 69.55 66.3 52.87 51.45 52.11 50.4 53.35 39.18 40.07 31.25 35.43 47.88 54.81 56.54 51.17 41.98 35.63 35.27 33.91 38.78 36.36 33.95 28.14 24.16 25.14 25.26 24.84 22.3 23.8 24.72 25.52 28.02 28.32 26.31 26.1 26.27 26.53 26.3 26.23 24.38 24.71 26.43 26.81 26.75 26.41 21.72 21.46 19.77 18.23 18.55 19.19 18.48 15.98 14.18 14.5 13.88 10.72 11.15 9.12 12.21 13.76 14.29 14.79
-9999 -9999 -9999 -9999 -9999 -9999 -9999 -9999 87.78125 85.04 80.76 79.59 73.9 74.33 70.42 64.76 56.69 54.21 65.56 52.46 36.71 33.43 33.23 37.88 43.48 43.74 44.96 55.36 50.08 36.78 26.54 38.78 41.61 41.42 38.17 35.38 29.75 26.28 28.29 24.7 23.74 25.04 24.39 25.54 26.76 27.17 27.53 26 26.42 27.8 28.17 27.36 27.55 27.4 26.31 25.08 25.62 26.14 24.69 21.16 19.57 18.9 18.13 17.33 17.29 17.08 15.9 10.67 5.37 4.29 5.73 11.78 11.13 8.76 10.02 8.75 9.77
-9999 -9999 -9999 -9999 -9999 -9999 -9999 -9999 87.77778 85.48485 83.06 81.13 78.77 74.73 69.02 67.77 57.75 58.75 64.78 48.98 25.1 40.79 38.05 38.91 46.3 54.42 54.64 52.26 46.28 47.92 39.59 43.56 41.19 31.64 27.07 27.56 29.62 31.21 27.01 23.93 22.71 22.45 23.25 23.37 24.62 24.03 23.32 24.39 24.32 24.79 25.46 25.95 25.24 25.03 23.83 23.47 24.73 25.38 23.42 22.89 23.77 22.12 20.91 20.03 18.64 17.35 17.52 12.07 6.55 8.87 10.57 10.77 9.54 8.32 5.15 2.92 2.05
-9999 -9999 -9999 -9999 -9999 -9999 -9999 -9999 -9999 85.53165 81.12 78.89 72.43 66.65 67.68 69.53 66.82 69.22 50.59 38.77 50.37 52.24 42.53 50.67 42.07 52.54 42.46 41.43 52.91 52.15 46.69 48.34 39.07 30.19 30.51 33.46 35.95 30.19 26.69 24.97 23.07 22 21.09 20.52 20.26 19.78 20.69 21.92 24.07 26.2 23.88 24.94 25.12 25.29 25.91 25.28 24.63 24.27 23.92 23.74 23.19 22.51 21.07 19.14 17.66 17.02 15.56 14.06 10.5 12.46 10.6 5.71 -0.77 -4.64 -4.71 -6.08 -5.07
-9999 -9999 -9999 -9999 -9999 -9999 -9999 -9999 -9999 85.64151 82.6 78.93 75.99 71.03 71.31 68.84 71.64 53.88 46.37 44.68 63.03 55.98 52.15 59.62 55.86 50.3 38.64 38.32 56.44 50.72 42.98 43.29 36.07 35.08 33.25 33.42 27.84 25.84 26.39 26.29 25.34 22.6 20.95 18.45 19.1 20.3 20.24 20.08 21.63 23.98 24.59 24.76 25.01 25.14 25.33 24.89 23.74 23.34 22.03 22.94 22.09 21.06 19.93 18.24 17.26 15.95 14.81 12.84 9.99 9 8.45 -1.28 -16.87 -17.21 -12.1 -7.99 -10.52
-9999 -9999 -9999 -9999 -9999 -9999 -9999 -9999 -9999 85.75 82.45161 81.57 78.53 73.49 70.5 71.69 66.65 61.65 61.76 56.85 62.47 56.96 55.56 55.5 51.19 52.65 53.27 52.91 59.12 46.16 41.88 44.33 42.57 37.01 30.68 29.68 28.22 25.91 24.66 24.13 25.37 25.14 23.4 22.97 22.66 22.52 22.48 21.97 22.55 24.01 25.1 24.49 24.5 23.96 24.32 24.14 22.37 22.46 19.96 20.96 20.9 19.19 17.86 17.89 16.4 12.89 9.67 8.59 6.92 2.13 -7.45 -15.76 -14.05 -4.99 -9.61 -2.02 -3.74
-9999 -9999 -9999 -9999 -9999 -9999 -9999 -9999 -9999 -9999 83.28571 78.24 79.73 76.6 73.67 65.96 49.67 51.42 36.1 37.95 48.79 42.76 44.8 41.49 38.44 39.98 45.81 46.45 56.5 52.96 51.57 48.96 47.46 37.42 32.08 30.34 28.06 26.99 24.95 23.93 23.84 23.54 23.91 24.14 23.96 23.82 23.41 23.12 22.15 22.85 23.78 23.62 23.28 22.79 23.14 22.06 20.43 21.21 19.06 18.94 18.72 16.79 17.74 15.51 12.63 9.23 4.98 -7.06 -8.8 -8.92 4.74 4.35 -7.46 -0.19 7.04 4.75 1.85
