layers/wordclim/past/Iberia_lig_10_ascii/bio_3.asc
ncols         166
nrows         94
xllcorner     -9.4959440078468
yllcorner     36.000324005443
cellsize      0.083333337679505
NODATA_value  -9999
[rows 37 to 73 of 94, columns 0 to 81 of 166]
-9999 -9999 -9999 -9999 -9999 -9999 -9999 -9999 -9999 40 39.95652 39.45 38.98 38.44 37 36.8 35.81 35.93 34.93 34.25 33.95 33.45 32.74 31.8 31.24 31.07 30.82 30.33 29.72 29.6 29.62 29.1 29.36 29.57 29.52 29.33 29.56 29.9 29.99 30 30 30 30 30.06 30.15 30.7 30.92 30.9 30.69 30.25 30 30 29.67 29.11 29 29 29 28.7 28 28 28 27.97 27.83 27.57 27.47 26.91 26.91 26.54 26.25 26.54 26.22 26.39 26.94 26.95 27 26.56 26.81 27.3 27.82 27.91 28 28
-9999 -9999 -9999 -9999 -9999 -9999 -9999 -9999 40 40 39.89691 39.7 39.31 38.65 37.37 35.54 34.49 35.84 35.37 34.84 34.13 33.14 32.22 31.95 31.79 31.14 30.27 28.44 28.7 28.96 28.75 28.99 29.01 29.16 29.31 29.44 29.52 29.29 29.24 29.41 29.72 29.64 29.95 30 30 30.07 30.01 30.02 30 29.99 29.79 29.61 29.06 29 29 29 28.65 28.14 28 28 28 27.98 27.71 27.9 27.12 26.05 26.36 26.29 26 26 26 26.16 26.9 27 26.98 26.43 26.88 27.14 27.37 27.97 28 28
-9999 -9999 -9999 -9999 -9999 -9999 -9999 -9999 40.12903 40 39.98 39.94 39.48 38.89 37.2 35.08 36.73 36.18 35.67 34.79 34.13 33.28 32.79 31.57 28.73 27.51 28.03 27.91 28.02 28.32 28.44 28.16 28.84 28.99 29.03 29.08 29.16 29 28.96 28.68 29.05 29.3 29.8 30 30 30 30 29.99 29.97 29.72 29.66 29.02 28.85 28.96 28.97 28.91 28.29 28.06 28 27.93 27.83 27.21 27.07 27.22 26.79 26.31 26 26 26 26 26 26.27 26.99 27 26.99 26.98 27 27 27.43 27.99 27.99 28
-9999 -9999 -9999 -9999 -9999 -9999 -9999 -9999 40.03226 40.09 40 40 39.72 38.79 37.68 37.29 36.95 36.37 35.64 34.82 33.83 32.76 29.91 26.71 27.09 27.71 28.51 27.55 28.01 28.14 28.09 28 28.57 28.69 28.54 28.95 28.98 28.83 28.93 28.97 29.17 29.82 29.89 29.99 29.96 29.78 29.7 29.78 29.6 29.37 28.97 28.71 28.84 28.86 28.7 28.39 28.06 28 28 27.87 27.21 27 27 26.79 26.28 26 26 26 26 26 26 26.09 26.97 27 27 27 27 27.21 27.82 27.92 27.93 28
-9999 -9999 -9999 -9999 -9999 -9999 -9999 41 40.05495 40.03 40.01 40 39.91 38.81 38.2 37.99 37.24 36.3 35.37 34.22 33.12 30.09 26.39 26.75 29.08 30.06 29.76 28.32 27.77 27.92 27.6 27.76 28.01 28.01 28.1 28.35 28.15 28.57 28.73 29.23 29.66 29.57 29.33 29.44 29.13 28.66 28.72 29.04 29.03 28.78 28.69 28.96 28.76 28.81 28.47 28.33 28.01 28 28 27.95 27.17 27 27 26.81 26.09 26 26 26 26 26 26 26.01 26.7 27 27 27 27.04 27.25 27.65 27.64 28 28
-9999 -9999 -9999 -9999 -9999 -9999 -9999 40.2 40.01 40.02 40 40 39.98 38.97 38.38 38.01 37.1 36.02 35.18 33.52 32.19 30.28 27.47 27.23 30.3 30.43 29.67 29.05 28.02 27.42 27.11 27.01 27.56 27.92 27.76 28.32 28.66 28.89 29.04 29.12 29.51 29.08 29.3 29 28.55 28.21 28.74 28.89 28.68 28.49 28.33 28.34 28.45 28.65 28.26 28.01 28 28 27.9 27.38 27.05 27 27 26.98 26.36 26 26 26 26 26 26 26.02 26.77 27 27 27.01 27.07 27.54 27.75 27.96 28 28
-9999 -9999 -9999 -9999 -9999 -9999 -9999 39.84932 39.96 39.97 40 40 39.96 39.09 38.62 37.56 36.8 35.41 33.32 31.14 29.9 31.1 31.2 30.8 30.53 29.96 29.9 29.46 28.74 28.31 28.71 28.96 27.9 28.57 28.89 28.95 29.02 28.99 29 29.02 29.08 29.23 28.91 28.54 28.88 28.6 28.17 28.2 28.32 28.86 28.64 28.73 28.98 28.84 28.24 28 28 28 27.99 27.48 27.04 27 27 26.99 26.65 26.11 26 26 26 26 26 26.23 26.82 27 27 27 27.17 27.44 27.83 28 28 28.03
-9999 -9999 -9999 -9999 -9999 -9999 -9999 39.97143 39.92046 39.68 39.83 39.81 39.31 38.83 38.47 36.35 34.57 33.45 32.68 31.32 31.12 31.59 30.79 30.17 29.92 29.93 30 29.93 29.46 29.37 29.66 29.23 28.94 29.2 29.22 29.02 29 29 29 29 29 28.99 28.75 28.8 28.7 28.94 28.91 28.91 28.97 29 29 29 29 28.61 28.16 28 28 28 27.98 27.54 27.07 27 27 26.99 26.91 26.38 26.31 26.09 26.08 26.07 26.14 26.56 26.97 27 27 27 27.15 27.75 28 28 28 28.14
-9999 -9999 -9999 -9999 -9999 -9999 -9999 39.52 39.3 39.31 39.28 38.73 38.4 38.15 35.69 33.89 34.02 34.04 33.21 32.87 32.47 30.77 30.77 29.88 30.49 30.53 30.02 30 29.55 29.01 29.12 29.56 29.56 29.84 29.21 29.02 29.01 29 29 29 29 29 29 28.98 28.98 29 29 29 29 29 29 28.97 28.67 28.12 28 28 28 28 28 27.68 27.04 27 27 27 26.91 26.81 26.54 26.44 26.45 26.65 26.89 27 27 27 27.02 27.16 27.79 28 28 28 28 28.19
-9999 -9999 -9999 -9999 -9999 -9999 39 39.09 38.97 38.99 38.93 38.03 37.97 37.49 35.87 35.55 35.31 34.43 32.96 32.22 31.49 31.33 31.84 31.11 30.67 30.52 30.19 30.16 29.96 29.68 29.93 29.55 29.19 29.45 29.25 29.21 29.11 29.01 29 29 29 29 29 29 29 29 29 29 29 29 28.97 28.82 28.62 28.25 28 28 28 28 28 27.91 27.47 27.04 27 27 27 26.99 26.97 26.95 27 26.99 27 27 27 27.1 27.44 27.86 27.97 28 28 28 28.02 28.22
-9999 -9999 -9999 -9999 -9999 -9999 38.95238 38.96 38.56 38.48 38.42 37.93 37.85 36.98 36.51 36.07 35.02 33.62 32.7 31.36 31.94 32.09 31.98 31.11 30.7 30.46 30.87 30.76 30.27 29.95 29.93 29.74 29.62 29.19 29.32 29 29 28.98 28.94 28.76 28.97 29 29 29 29 29 29 29 29 28.99 28.97 28.94 28.64 28.19 28 28 28 28 28 27.95 27.59 27.09 27 27 27 27 27 27 27 27 27 27.01 27.26 27.58 27.84 28 28 28 28 28 28 28.08
-9999 -9999 -9999 -9999 -9999 38.85714 38.45918 38.62 38.14 38 37.68 37.63 37.63 36.88 36.39 35.99 35.23 34.43 33.05 32.18 32.65 32.28 31.79 31.12 31.21 31.26 30.98 30.97 30.12 30.01 30.01 29.83 29.68 29.51 29.38 29.01 28.96 28.9 28.95 28.99 28.98 29 28.99 29 29 29 29 28.96 29 29 28.92 28.52 28.13 28.16 28.01 28 28 28 28 28 27.89 27.68 27.4 27.21 27 27.02 27.03 27 27 27.02 27.06 27.23 27.63 27.96 28 28 28 28 28 28 28.07 28.86
-9999 -9999 -9999 -9999 -9999 38.07143 38.03 38.01 37.92 37.67 37.35 37.37 37.35 36.88 36.05 35.76 34.97 34.48 33.77 33.17 33.16 32.55 32.2 31.92 31.39 30.97 30.84 30.8 30.25 30.06 30.12 30.02 29.89 29.18 29.04 29.05 29.01 29 29 28.93 28.91 28.97 28.87 28.91 28.93 28.69 28.81 28.79 28.88 28.63 28.59 28.47 28.3 28.06 28.04 28 28 28 28 28 28 27.97 27.91 27.82 27.71 27.87 27.81 27.67 27.53 27.73 27.8 27.94 27.98 28 28 28 28 28 28 28 28.37 28.42
-9999 -9999 -9999 -9999 -9999 37.93903 37.95 37.76 37.35 36.86 37.01 37.02 37.01 36.87 36.03 35.64 34.98 34.17 33.81 33.53 33.38 32.94 32.51 32.01 31.43 31.12 31.04 30.73 30.78 30.36 30.09 30 29.91 29.35 29 29.02 29 29 28.99 29 28.95 28.99 28.98 28.93 28.89 28.87 28.8 28.72 28.52 28.23 28.58 28.05 28.22 28.35 28.07 28 28 28 28 28 28 28 28 28 28 28 27.99 28 28 28 28 28 28 28 28 28 28 28 28.02 28.16 28.61 28.56
-9999 -9999 -9999 -9999 37.6875 37.59596 37.6 36.88 36.46 36.54 36.58 37 36.96 36.76 36.01 35.59 35.05 34.61 34.24 33.77 33.37 32.87 32.05 31.83 31.82 31.14 31 30.68 30.38 30.58 30.69 30.06 30 29.89 29.44 29.02 29 29 29 29 28.99 29 29 28.82 28.92 28.79 28.93 28.63 28.22 28.15 28.05 28.37 28.4 28.32 28.1 28.03 28.01 28 28 28 28 28 28 28 28 28 28 28 28 28 28 28 28 28 28 28 28 28 28 28.25 28.64 28.62
-9999 -9999 -9999 37.19048 37.34 37.34 37.01 36.83 36.84 36.99 37 37 36.88 36.33 36.09 35.92 35.28 34.98 34.3 33.74 33.09 32.92 32.05 31.72 31.11 31.12 31.01 30.9 30.6 30.66 30.85 30.69 30.14 30 29.96 29.19 29 29 29 28.97 28.99 29 29 28.88 28.76 28.4 28.83 28.72 28.37 28.29 28.57 28.44 28.72 28.36 28.21 28.6 28.23 28.02 28.05 28.01 28 28 28.02 28 28.01 28 28 28 28.01 28 28.01 28.01 28 28 28.02 28.01 28.04 28.22 28.03 28.57 28.92 28.91
-9999 37 37.01563 37.08139 37.09 37.04 37.01 37.03 37.02 36.99 37 37 36.59 36 35.96 35.5 35.03 34.76 34.2 33.86 33.19 33 32.13 31.89 30.93 30.34 30.57 30.76 30.95 30.81 30.71 30.46 30.53 30 29.99 29.72 29.31 29 29 29 29 29 28.98 29 28.94 28.83 28.85 28.71 28.76 28.94 28.87 28.94 28.75 28.71 28.88 29 28.66 28.42 28.09 28.54 28.39 28.29 28.42 28.54 28.57 28.35 28.34 28.38 28.37 28.2 28.29 28.39 28.16 28.02 28.04 28.03 28.12 28.73 28.64 28.95 29 29
-9999 37 36.91 36.91 37 36.97 36.99 37 36.99 36.98 36.99 36.77 36.16 36 35.76 35.25 35 34.9 34.43 34 33.79 33.25 32.83 32.19 31.57 30.54 30.48 31.31 31.67 31.46 31.09 31.03 30.97 30.46 30.22 29.99 29.81 29.49 29.01 29 29 29 29 28.99 29 29 29 29 29 29 28.99 29 28.99 29 28.99 29 28.96 28.71 28.82 28.75 28.84 28.91 28.94 28.8 28.94 28.99 29 29 28.96 28.97 28.98 28.71 28.66 28.81 28.29 28.07 28.09 28.29 28.79 28.76 29 29
-9999 37 36.93 36.97 36.9 36.64 36.96 36.98 36.93 36.98 36.94 36.44 36.01 35.98 35.85 35.24 35 35 34.48 34.04 34 33.64 32.98 32.89 32.59 32.1 31.76 31.9 32.07 32.07 31.79 31.71 31.2 31 30.56 30.03 29.99 29.79 29.37 29.2 29.01 29.02 29.01 29 29.01 29 29 29 29 29 29 29 29 29 29 29 28.99 29 29 29 29 29 29 29 29 29 29 29 29 29 29 28.99 28.88 28.85 29 28.93 28.59 28.32 28.45 28.55 28.92 29
-9999 36.98438 37 36.98 36.52 36.9 36.94 36.94 36.97 36.92632 36.72 36.33 36.04 35.98 35.98 35.39 35.04 35 34.78 34.26 34 34 33.35 32.99 32.96 32.92 32.88 32.81 32.89 32.86 32.33 32.05 31.7 31.09 30.97 30.55 30.09 30.01 29.9 29.92 29.57 29.62 29.15 29.29 29.1 29.01 29 29 29 29 29 29 29 29 29 29 29 29 29 29 29 29 29 29 29 29 29.01 29 29 29 29 29 29 28.86 28.92 29 29 28.92 28.75 28.81 28.79 28.95
-9999 36.99 36.97 36.9 36.59 36.79 36.94681 37 37 36.75 36.49 36.23 36 36 35.99 35.69 35.07 35 34.98 34.34 34 34 33.87 33.31 33.04 33 33 33.02 33.08 33.01 32.94 32.35 32.01 31.88 31.11 31 30.89 30.32 30.06 30 29.98 29.94 29.94 29.75 29.85 29.36 29.27 29.02 29.01 29 29 29 29 29 29 29 29 29 29 29 29 29 29 29 29 29.16 29.48 29.34 29.23 29 29 29 29 29 28.94 28.99 28.99 28.98 28.99 28.85 28.95 29
-9999 36.9898 36.97 36.79 36.58 36.75258 36.97468 37 36.94 36.85 36.44 36.32 36.01 36 36 35.89 35.44 35.02 34.96 34.52 34 34 33.99 33.69 33.19 33.12 33 33.02 33.27 33.08 33 32.89 32.25 32 31.71 31.32 31 30.99 30.64 30.06 30 30 30 30 29.99 29.82 29.44 29.63 29.19 29.06 29.11 29.02 29 29 29 29 29 29 29 29 29 29 29 29 29.02 29.27 29.98 29.88 29.22 29 29 29 29 29 29 29 28.99 28.83 28.73 29 28.98 29
37.09678 37.02 36.96 36.96 36.9 36.98333 37 37 36.97 36.94 36.71 36.27 36.07 36 36 35.87 35.5 35.09 34.98 34.78 34.13 34.02 33.9 33.44 33.37 33.41 33.15 33.08 33.4 33 33 33 32.26 32 32 31.81 31.06 31 31 30.83 30.21 30 30 30 30 29.96 29.99 29.98 29.75 29.83 29.35 29.3 29.07 29 29 29.01 29 29 29 29 29 29 29 29 29.28 29.43 29.34 29.43 29.11 29 29 29 29 29 29 29 28.99 28.76 28.73 28.99 29 29
37.48148 37.21 37.12 37.03 36.97872 37 37 37 37 36.97 36.88 36.38 36.26 36.08 36 35.94 35.34 35 35 34.88 34.26 34.06 34 33.7 33.47 33.86 33.89 33.71 33.42 33.09 33 33 32.42 32 32 31.65 31.17 31 31 30.95 30.6 30 30 30 30 30 30 30 30 29.97 29.92 29.32 29.36 29.3 29.03 29 29 29 29 29 29 29 29 29 29.1 29.55 29.23 29.27 29.02 29 29 29 29 29 28.97 28.9 28.95 28.95 28.74 28.96 29 29
37.86 37.84507 37.56757 37.44156 37.35556 37 37 37 37 37 36.92 36.85 36.7 36.16 36 36 35.58 35 35 34.91 34.41 34.37 34.16 33.98 33.94 33.95 34 34 33.38 33.16 33 33 32.77 32.02 32 31.99 31.85 31 31 31 30.83 30.52 30.02 30 30 30 30 30 30 29.98 30 29.89 29.98 29.98 29.63 29.2 29 29.01 29 29 29 29 29 29 29 29.03 29.01 29 29 29 29 29 29 29 28.99 28.92 29 29 28.97 29 29 29
-9999 -9999 38 37.85135 37.84415 37.60714 37.17 37.08 37.05 37 36.98 37 36.9 36.24 36.1 36 35.9 35.21 35.02 35 34.99 34.98 34.87 34.38 34.05 34 34 34 33.39 33 33 33 32.87 32.11 32 32 31.96 31.27 31.02 31 30.97 30.89 30.43 30.08 30.35 30 30 30 30 30 30 30 30 30 29.97 29.52 29.2 29.15 29 29 29 29 29 29 29 29 29 29 29 29 29 29 29 28.99 28.97 28.99 28.99 28.84 29 28.98 28.97 28.98
-9999 -9999 -9999 38 37.95 37.74 37.59596 37.38824 37.45055 37.14286 37.02 37 37 36.77 36.39 36.11 36.01 35.83 35.56 35.18 35.05 35 35 34.74 34.43 34.22 34 34 33.83 33.06 33 32.88 32.15 32.1 32 31.99 31.88 31.35 31.09 31.01 31 30.98 30.82 30.8 30.76 30.43 30.08 30.06 30 30 30 30 30 30 30 29.98 29.57 29.44 29.04 29 29 29 29 29 29 29 29 29 29 29 29 29 29 29 29 28.99 28.88 28.73 28.85 28.91 28.83 28.95
-9999 -9999 -9999 38.08571 37.97531 37.78571 37.625 37.88235 37.7 37.5 37.49 37.05 37.07 37 36.98 36.65 36.4 36.07 36 35.99 35.64 35.34 35.01 34.98 34.94 34.59 34.11 34 33.91 33.41 33 32.95 32.35 32.05 31.99 31.95 31.98 31.2 31.22 31.21 31 31 31 31 31 30.77 30.7 30.32 30.03 30.03 30 30 30 30 30 30 30 29.83 29.32 29.1 29 29 29 29 29 29 29 29 29 29 28.98 28.87 28.86 28.89 28.82 28.71 28.72 28.75 28.7 28.77 28.94 29
-9999 -9999 -9999 -9999 -9999 -9999 -9999 -9999 38 37.7653 37.73684 37.58 37.17 37.02 37.02 36.99 36.99 36.74 36.16 36 36 35.96 35.52 35.03 35 34.75 34.12 34.02 33.97 33.3 33 32.95 32.61 32.59 32.03 32 32 31.75 31.59 31.43 31.06 31.08 31 31 31 31 31 30.95 30.75 30.25 30 30 30 30 30 30 30 30 29.65 29.06 29 29 29 29 29 29 28.82 28.78 28.68 28.62 28.69 28.37 28.42 28.38 28.32 28.45 28.47 28.33 28.57 28.64 28.77 28.88
-9999 -9999 -9999 -9999 -9999 -9999 -9999 -9999 38 37.94 37.94 37.58 37.64 37.35 37.29 37.09 37.01 36.98 36.82 36.39 36.07 36 35.76 35.17 35 34.94 34.07 34.04 33.99 33.61 33.03 33 32.97 32.86 32.18 32.01 32 32 31.97 31.77 31.56 31.15 31 31.01 31 31 31 31 30.98 30.78 30.43 30.16 30.02 30 30 30 30 30 29.65 29.16 29.09 29.02 29 29 29 28.77 28.41 28.09 28.04 28.07 28.05 28.03 28.01 28.01 28 28.14 28.22 28.31 28.07 28.68 28.97 28.9
-9999 -9999 -9999 -9999 -9999 -9999 -9999 -9999 38 38 37.97 37.97 37.92 37.67 37.84 37.54 37.4 37.18 37.07 36.97 36.77 36.38 36.04 35.76 35.02 35 34.58 34 34 33.74 33.12 33 32.96 32.39 32.19 32.01 32 32 32 31.98 31.96 31.6 31.34 31.4 31.07 31.26 31.11 31 31 30.99 30.59 30.63 30.21 30.02 30 30 30 30 29.87 29.37 29.06 29 29 28.99 28.97 28.5 28 28.01 28 28 28 28 28 28 28.01 28.03 28.03 28.12 28.37 28.48 28.78 28.88
-9999 -9999 -9999 -9999 -9999 -9999 -9999 -9999 38.46154 38.07 38 37.99 38 37.97 37.96 37.94 37.88 37.77 37.6 37.13 37 36.81 36.16 35.93 35.24 35 34.72 34.02 34 33.75 33.05 33 33 32.58 32.39 32 32 32 32 32 32 32 31.92 31.64 31.36 31.47 31.63 31.23 31.28 31.09 30.98 30.75 30.42 30.07 30.02 30 30 30 29.93 29.62 29.11 29 29 28.99 28.64 28.12 28 28 28 28 28 28 28 28 28 28 28.02 28.11 28.32 28.95 28.68 28.95
-9999 -9999 -9999 -9999 -9999 -9999 -9999 39 38.7033 38.16 38.04 38 38 38 38 38 37.99 37.97 37.99 37.79 37.1 36.97 36.47 35.89 35.08 34.99 34.62 34.03 33.96 33.41 33.05 33 32.99 32.85 32.16 32.11 32.01 32 32 32 32 32 32 32 31.86 31.57 31.85 31.91 31.84 31.75 31.11 31 30.93 30.81 30.48 30.02 30 30 30 29.74 29.11 29 29 28.96 28.62 28.04 28 28 28 28 28 28 28 28 28 28 28 28.08 28.73 28.76 28.9 28.98
-9999 -9999 -9999 -9999 -9999 -9999 -9999 38.96154 38.87097 38.48 38.25 38.01 38 38 38 38 38 38 37.98 37.97 37.16 36.95 36.23 35.99 35.26 34.98 34.64 34 33.99 33.62 33.02 33 33 32.92 32.66 32.47 32.15 32.1 32 32.1 32.04 32 32.16 32 32 32 31.88 31.97 31.86 31.84 31.78 31.09 31 31 30.9 30.44 30.01 30 30 29.94 29.3 29 29 28.98 28.26 28 28 28 28 28 28 28 28 28 28 28 28 28.05 28.55 28.84 28.99 28.99
-9999 -9999 -9999 -9999 -9999 -9999 -9999 -9999 38.96227 38.83 38.49 38.13 38.04 38.02 38 38 38 38 37.95 37.59 37.08 36.89 36.14 36 35.35 35 34.54 34.01 33.87 33.22 33.01 33 33 32.9 32.78 32.52 32.23 32.49 32.48 32.29 32.55 32.49 32.78 32.24 32.22 32.06 32 32.01 32 32 31.92 31.78 31.17 31 31 30.91 30.34 30 30 29.99 29.49 29.01 29 28.92 28.38 28.02 27.99 27.89 27.96 27.77 27.84 27.99 28 28.04 28 28 28.02 28.5 28.99 29 29 28.97
-9999 -9999 -9999 -9999 -9999 -9999 -9999 -9999 39 38.92 38.74 38.32 38.14 38.01 38 38 38 38 37.87 37.3 37 36.83 36.02 35.96 35.24 34.99 34.29 34 33.79 33.17 33 33 32.99 32.93 32.82 32.87 32.55 32.78 32.87 32.84 32.93 32.94 33 32.94 33 32.88 32.57 32.35 32.21 32 32 31.93 31.6 31.07 31 31 30.66 30.12 30 29.99 29.72 29.05 29 28.93 28.43 28 28 27.81 27.71 27.74 28.1 28.43 28.59 28.48 28.08 28.05 28.04 28.81 29 29 28.83 28.93
-9999 -9999 -9999 -9999 -9999 -9999 -9999 -9999 39.02128 39 38.94 38.5 38.11 38 38.02 37.99 38 37.97 37.59 37.18 37 36.76 36.01 35.83 35.1 34.95 34.22 33.99 33.55 33.04 32.98 32.95 32.77 32.86 32.72 32.7 32.73 32.75 32.95 32.99 33 33 33 33.02 33.01 33 32.95 32.89 32.94 32.49 32.02 32 31.94 31.43 31.01 31 30.95 30.19 30 30 29.91 29.23 29 29 28.84 28.12 28.26 28.65 28.13 28.26 28.44 28.95 29.02 28.82 28.76 28.8 28.58 28.31 28.75 28.98 28.87 28.75
