layers/wordclim/past/Iberia_lig_10_ascii/bio_06.asc
ncols         166
nrows         94
xllcorner     -9.4959440078468
yllcorner     36.000324005443
cellsize      0.083333337679505
NODATA_value  -9999
[rows 34 to 67 of 94, columns 0 to 75 of 166]
-9999 -9999 -9999 -9999 -9999 -9999 -9999 -9999 -9999 -9999 43.88372 36.58 32.42 29.41 27.67 25.18 18.34 6.21 -0.72 1.34 0.15 -0.88 4.34 9.35 2.63 -1.63 4.06 12.6 15.59 9.07 7.14 8.95 1.65 -1.76 -4.36 -5.54 -8.3 -12.3 -13.34 -14.05 -16.23 -18.29 -17.19 -17.65 -18.4 -18.95 -18.67 -16.21 -15.26 -17.97 -19.11 -19.95 -21.22 -22.2 -22.41 -23.69 -23.16 -22.44 -23.85 -24.85 -25.38 -24.67 -23.9 -24.03 -27.84 -32.88 -50.41 -58.6 -43.52 -32.48 -27.93 -26.54 -31.67 -31.61 -24.98 -25.22
-9999 -9999 -9999 -9999 -9999 -9999 -9999 -9999 -9999 49 46.45918 39.52 33.23 25.82 13.43 12.65 13.15 19.23 16.76 12.92 6.63 3.88 3.4 5.31 2.63 0.31 5.28 12.6 12.83 6.63 1.91 3.4 3.88 -2.24 -5.24 -6.48 -7.09 -9.5 -10.18 -11.48 -13.58 -15.8 -16.55 -18.04 -19.28 -19.55 -20.37 -18.67 -16.45 -17.52 -19.5 -20.68 -23.27 -24.16 -23.91 -23.59 -22.59 -23.13 -24.23 -26.39 -28.06 -26.57 -25.76 -26.79 -32.15 -38.75 -59.59 -40.37 -47.12 -41.25 -28.41 -21.72 -16.99 -18.24 -21.81 -20
-9999 -9999 -9999 -9999 -9999 -9999 -9999 -9999 -9999 50.03333 48.5955 43.83 36.57 21.79 24.94 19.45 19.11 25.97 22.51 16.9 12.49 10.8 10.16 7.21 6.53 2.81 7.72 11.35 9.4 10.17 4.04 0.64 1.56 0.39 -4.04 -6.73 -7.54 -8.06 -9.88 -11.03 -12.74 -16.15 -17.64 -19.87 -21.24 -22.25 -22.71 -17.67 -18.21 -18.47 -19.28 -21.63 -24.8 -27.55 -27.26 -24.95 -26.58 -25.2 -26.83 -29.08 -31.47 -30.93 -30.54 -36.59 -52.11 -53.22 -61.19 -52.89 -33.47 -22.26 -18.79 -12.6 -14.42 -19.96 -19.46 -15.94
-9999 -9999 -9999 -9999 -9999 -9999 -9999 -9999 -9999 51.83784 49.94565 45.67 41.06 35.91 25.91 26.38 22.71 25.26 20.73 18.49 19.5 18.83 17.14 13.4 12.21 12.92 12.23 9.73 6.35 5.54 4.52 0.2 0.54 -0.54 -1.01 -6.3 -7.43 -7.31 -9.44 -12 -13.8 -15.73 -19.53 -22.05 -23.21 -20.07 -17.81 -18.1 -19.58 -21.14 -22.84 -25.88 -32.04 -32.77 -35.05 -36.12 -35.66 -31.51 -32.92 -34.08 -40.96 -39.79 -42.72 -43.58 -39.09 -30.48 -28.79 -23.01 -20.53 -22.68 -13.74 -8.19 -12.14 -14.98 -16.39 -11.56
-9999 -9999 -9999 -9999 -9999 -9999 -9999 -9999 54 52.31081 49.50515 47.77 45.2 37.83 29.43 19.31 15.09 25.53 26.5 25.66 23.98 20.6 16.82 17.95 19.72 16.73 12.56 1.77 2.8 3.88 1.43 0.5 0 1.34 1.98 0.3 -3.74 -8.84 -11.7 -14.65 -17.38 -21.02 -20.16 -18.53 -18.48 -18.5 -19.18 -20.28 -22.79 -26.73 -31.51 -34.27 -41.06 -42.19 -40.36 -36.89 -32.51 -31.54 -34.95 -38.99 -42.35 -44.8 -42.83 -46.24 -30.24 -20.44 -24.3 -21.77 -12.43 -10.07 -6.88 -5.64 -10.78 -11.28 -13.17 -9.56
-9999 -9999 -9999 -9999 -9999 -9999 -9999 -9999 54.48387 52.37 49.61 48.57 46.64 41.61 29.37 17.89 31.78 31.68 31.26 27.7 27.16 25.03 24.12 19.07 4.13 -0.35 2.76 1.76 2.44 3.09 2.81 -0.73 1.02 2.67 1.64 1.13 -1.57 -12 -18.55 -26.83 -20.11 -19.28 -14.5 -14.06 -18.4 -20.08 -19.55 -22.7 -27.31 -28.77 -29.84 -38.1 -48.49 -39.74 -35.52 -37.03 -40.98 -41.38 -38.03 -30.28 -33.28 -27.9 -27.99 -30.97 -20.94 -17.14 -12.42 -9.83 -6.46 -8.57 -6.29 -6.03 -8.94 -8.27 -7.97 -16.62
-9999 -9999 -9999 -9999 -9999 -9999 -9999 -9999 54.69355 52.37 49.92 47.61 47.1 40.36 33.7 34.14 35.04 35.45 33.08 31.62 27.86 23.78 9.09 -8.85 -2.93 3.05 8.12 2.64 4.58 5.53 2.91 -0.4 3.11 1.99 -2.62 -3.09 -3.94 -9.97 -12.54 -12.83 -12.71 -1.22 -2.91 -10.4 -11.99 -20.55 -23.03 -21.73 -23.13 -28.65 -41.15 -52.3 -53.92 -51.98 -54.21 -47.83 -35.44 -28.4 -22.26 -21.79 -17.47 -13.41 -17.5 -17.33 -12.06 -8.11 -5.98 -9.56 -6.1 -6.23 -6.3 -4.46 -5.02 -7.23 -15 -20.45
-9999 -9999 -9999 -9999 -9999 -9999 -9999 57 55.07692 52.64 50.09 47.12 46.77 39.16 38.23 41.1 38.97 36.79 33.76 29.03 25.59 9.63 -21.26 -9.4 11.29 18.38 17.75 9.25 5.23 4.6 0.22 -0.78 -1.17 -2.25 -3.05 -4.54 -13.29 -9.66 -8.41 2.71 6.6 3.09 -6.4 -10.24 -22 -42.51 -38.83 -24.33 -28.75 -44.59 -49.93 -50.64 -51.53 -43.41 -42.4 -35.26 -30.84 -34.4 -37.68 -31.98 -13.16 -10.1 -8.86 -6.29 -2.25 -5.38 -5.22 -7.72 -7.52 -3.09 -4.58 -5.1 -5.35 -11.71 -17.26 -18.53
-9999 -9999 -9999 -9999 -9999 -9999 -9999 56.8 54.73 52.32 49.4 48.43 47.4 40.11 39.4 42.11 38.84 36.69 33.97 27.48 22.04 13.25 -9.41 -5.92 20.72 23.26 19.31 15.89 9.28 1.83 -2.08 -7.08 -3.84 -3.14 -7.64 -2.03 0.55 5.27 6.59 8.93 12.18 4.86 -0.76 -8.5 -38.79 -52.98 -36.63 -32.86 -42.04 -51.77 -62.48 -57.25 -49.25 -33.36 -38.58 -36.94 -17.95 -6.69 -11.42 -15.45 -14.36 -10.63 -3.63 0.41 -2.95 -5.39 -4.13 -6.52 -6.96 -3.62 -2.73 -2.72 -6.83 -13.44 -15.08 -14.18
-9999 -9999 -9999 -9999 -9999 -9999 -9999 54.38356 54 54.75 53.32 51.93 49.13 42.8 41.77 39.45 38.64 34.25 24.48 13.9 9.03 20.65 24.02 25.18 24.66 22.67 23.21 21.02 16.2 12.02 16.15 16.69 1.5 9.8 13.56 15.43 16.04 10.31 14.09 15.44 15.57 14.58 -3.48 -27.6 -15.36 -30.56 -54.88 -53.69 -50.57 -23.55 -35.73 -29.38 -10.77 -1.7 -7.41 3.79 -0.04 -4.41 -9.89 -12.67 -4.49 1.35 1.53 -2 -5.3 -5.26 -3.14 -6.56 -5.05 -4.71 -3.21 -3.26 -6.13 -9.93 -12.06 -14.44
-9999 -9999 -9999 -9999 -9999 -9999 -9999 58.57143 57.09091 54.78 53.49 52.22 45.83 43.51 43.71 34.26 27.42 23.56 22.52 17.08 19.84 26.49 24.04 21.78 22.45 24.75 27.98 26.43 23.09 23.69 24.84 22.73 18.79 20.94 24.02 21.89 17.92 15.05 17.73 17.59 16.53 10.24 -4.47 -5.88 -18.58 -6.53 -5.29 -3.58 2.33 12.5 12.28 11.4 8.49 3.93 2.21 -0.39 -9.55 -13.64 -1.34 2.46 3.83 1.69 -1.45 -4.17 -4.3 -2.41 -4.15 -4.09 -3.01 -5.8 -1.68 -2.66 -8.39 -13.69 -13.27 -10.19
-9999 -9999 -9999 -9999 -9999 -9999 -9999 58.76 55.96 55.32 54.36 46.49 42.66 42.63 29.55 21.58 26 29.75 28.67 29.63 31.2 22.55 26.69 21.32 28.84 31.22 29.96 29.1 25.36 22.52 22.44 26.56 26.59 28.13 27.02 23.99 22.17 22.21 23.64 22.8 18.52 13.32 9.14 6.47 6.01 13.72 15.64 17.89 17.21 16.4 15.33 12.79 10.53 8.15 5.6 0.98 2.31 5.28 5.38 4.23 2.82 1.18 -1.38 -2.19 -1.16 0 -2.37 -0.09 -2.73 -1.51 -0.09 -2.66 -4.63 -6.65 -6.4 -9.05
-9999 -9999 -9999 -9999 -9999 -9999 61 59.23 55.71 54.95 53.3 43.19 43.27 41.5 33.41 34.42 36.9 34.37 28.79 26.94 25.59 28.72 36.41 33.3 32.35 33.84 33.01 32.36 30.15 28.71 29.23 28.96 25.41 27.64 27.31 26.56 25.47 25.75 25 20.18 16.39 15.77 19.13 20.79 20.69 20.83 19.69 18.63 18 16.83 15.33 13.73 12.14 9.14 6.39 7.88 7.16 6.67 5.81 2.46 -0.72 -1.25 -0.39 1.05 1.42 -0.3 0.06 1.78 0.88 -1.32 -5.98 -9.7 -12.12 -13.59 -14.02 -16.29
-9999 -9999 -9999 -9999 -9999 -9999 62.55556 61.71 56.31 53.44 52.63 46.56 46.32 41.84 41.55 42.05 37.63 32 28.35 22.19 31.59 38.05 39.94 36.34 34.67 35.62 39.41 36.9 35.15 31.47 31.12 30.03 29.42 27.61 27.98 26.22 24.06 23.12 19.43 15.1 17.12 18.66 21.91 22.33 21.42 20.84 19.37 15.6 16.88 16.27 13.69 10.16 11.35 9.7 9.81 7.03 1.91 2.99 4.14 5.29 3.91 2.24 1.78 2.68 0.48 -0.61 0.4 0.16 -1.17 -2.75 -6.51 -9.78 -11.39 -12.01 -14.18 -15.86
-9999 -9999 -9999 -9999 -9999 63.78571 62.19388 61.59 58.2 52.98 48.51 48.18 49.7 44.7 45.19 44.81 43.5 39.97 33.58 31.3 39.01 41.37 40.2 37.68 39.8 42.34 40.22 38.5 34.63 34.4 32.91 30.68 30.08 30.14 29.5 26.01 23.6 20.83 21.85 22.98 21.25 21.75 19.51 18.84 18.17 20.05 16.29 13.14 15.87 13.73 12.08 10.47 12.68 9.02 7.29 4.78 -0.14 -0.55 -0.1 -1.24 -0.99 2.55 -1.22 -5.5 -6.33 -8.24 -9.18 -7.59 -6.18 -6.23 -5.74 -6.78 -9.37 -10.41 -12.3 -13.83
-9999 -9999 -9999 -9999 -9999 63.01786 60.77 59.37 58.46 52.54 50.52 52.62 53.38 49.77 45.07 47.25 43.96 43.36 41.07 42.58 45.51 43.82 44.4 43.95 42.3 39.97 38.91 38.36 35.58 34.99 35.08 33.05 29 27.45 27.09 27.59 29.11 26.3 23.61 20.95 19.39 19.49 17.01 14.8 10.71 8.21 8.17 8.91 6.5 4.07 5.01 6.82 4.94 3.68 -3.98 -3.81 -5.42 -5.98 -8.03 -6.62 -7.56 -5.8 -8.64 -12.04 -9.69 -12.41 -12.28 -11.67 -10.87 -10.54 -9.19 -9.21 -9.06 -11.08 -11.03 -12.04
-9999 -9999 -9999 -9999 -9999 64.45122 63.58 58.79 53.93 45.5 50.86 53.21 54.83 54.54 49.88 49.79 46.06 43.81 43.59 46.53 48.18 48.35 47.84 44.52 42.55 41.83 40.97 37.37 37.56 36.41 33.43 30.99 28.6 26.66 24.45 25.37 26.1 26.37 25.09 22.93 21.08 20.86 18.48 16.11 13.46 10.66 7.01 2.39 0.57 -6.94 -2.25 -4.08 0.68 1.19 -11.06 -12.53 -15.34 -14.8 -16.16 -15.35 -15.64 -10.63 -11.3 -15.21 -16.31 -15.3 -15.72 -14.66 -12.57 -12.36 -10.42 -11.18 -10.7 -11.5 -9.72 -10.14
-9999 -9999 -9999 -9999 68.5 65.26263 63.02 50.77 45.91 46.99 48.25 58.03 58.43 57.59 53.53 51.42 50.51 49.67 49.66 48.79 49.96 47.1 46.09 43.64 43.76 41.74 39.32 35.75 34.54 35.38 35.1 32.27 29.89 28.97 26.63 24.84 24.25 26.69 24.97 23.57 23.07 20.8 18.33 15.07 12.62 9.41 8.03 4.88 -8.53 -10.34 -13.31 -4.48 -5.26 -0.93 -3.64 -10.81 -13.96 -15.27 -24.22 -15.12 -23.7 -21.47 -20.98 -20.02 -20.6 -20.31 -18.17 -13.38 -12.2 -11.99 -11.16 -10.96 -10.85 -9.64 -9.12 -9.61
-9999 -9999 -9999 70.02381 69.62 65.14 58.43 52.46 53.82 58.69 60.34 61.59 61.33 58.69 58.34 58.05 56.76 55.85 51.99 50.33 48.08 47.24 45.62 43.64 41.07 40.83 38.62 36.4 33.11 32.54 32.9 32.27 31.37 30.81 28.77 26.63 25.07 22.81 23.02 21.23 21.75 20.15 17.69 13.74 10.89 0.76 3.56 2.3 -7.46 -13.97 -1.74 2.36 3.11 0.72 4.3 1.59 -0.53 -4.88 -10.28 -9.38 -14.04 -13.02 -12.07 -11.68 -21.56 -26.89 -23.57 -18.53 -15.14 -15.07 -12.28 -10.75 -10.2 -8.59 -8.25 -9.57
-9999 75.47619 71.54688 71.16279 68.18 65.11 60.8 63.74 63.21 61.89 63.72 64.22 61.74 56.85 56.18 55.75 55.58 52.87 51.18 50.78 50.11 48.54 46.25 44.07 39.14 35.02 33.91 33.23 32.66 31.56 29.43 28.21 29.39 26.3 26.23 26.7 25.94 24.23 22.7 20.39 19.66 17.57 15.06 14.02 12.3 4.34 0.62 1.18 2.82 2.99 4.39 9.24 5.87 8.13 7.33 6.55 3.11 -1.56 -6.14 -12.3 -15.55 -17.48 -11.46 -14.74 -18.23 -18.89 -22.14 -19.13 -16.19 -17.65 -19.57 -13.56 -9.59 -8.44 -7.37 -8.09
-9999 73.69231 69.69 68.34 67.32 65.58 64.88 66.19 65 64.64 65.85 64.61 60.41 58.46 56.64 55.55 55.11 54.85 53.95 52.63 52.75 50.74 48.46 46.06 42.53 33.53 31.65 34.99 35.92 33.26 31 31.09 30.57 27.51 27.29 25.1 23.41 24.61 22.16 18.73 17.52 16.73 14.67 16.1 18.04 15.13 16.5 14.38 13.39 7.79 8.28 12.01 10.93 10.6 1.57 3.83 2.91 -2.09 -3.14 -6.14 -7.57 -4.84 -5.24 -9.91 -17.23 -17.22 -15.05 -16.36 -19.67 -18.67 -21.84 -13.04 -8.45 -7.32 -6.89 -7.1
-9999 71.61111 69.85 68.17 66.59 59.18 65.93 65.96 65.93 67.11 66.81 63.23 61.19 59.96 58.41 56.82 56.88 57.09 54.3 53.54 53.88 51.93 48.17 46.46 44.84 41.9 38.04 36.09 36.07 34.64 30.93 31.74 30.46 28.6 26.99 24.05 22.9 22.29 20.9 19.38 13.29 15.75 20.92 20.27 20.69 19.06 19.02 17.24 17.84 15.18 11.4 10.85 11.83 9.79 4.53 -1.34 0.07 -0.02 0.33 -4.85 -11.07 -7.79 -3.68 -5.57 -13.53 -14.35 -12.25 -9.78 -10.06 -13.28 -10 -6.78 -6.5 -6.92 -6.99 -7.05
-9999 70.32813 69.76 66.82 62.18 65.06 68.09 66.87 68.57 68.33685 66.28 64.14 61.82 60.02 58.94 58.14 59.08 56.98 55.22 55.33 54.02 52.22 49.43 46.24 44.72 42.8 40.7 37.44 36.2 35.61 32.64 32.23 30.05 29.17 27.7 25.81 26.09 25.05 22.16 22.07 21.2 24.41 23.61 23.3 23.03 21.34 20.98 20.16 18.93 16.81 13.64 13.12 8.7 5.75 4.89 1.17 -4.12 0 -0.1 -6.52 -10.27 -9.54 -8.1 -6.78 -10.82 -12.76 -9.32 -7.58 -6.84 -6.5 -5.95 -6.17 -6.72 -6.23 -6.11 -6.86
-9999 68.09 66.94 63.84 61.2 63.81 70.39362 70.27778 70 68.14 65.77 64.38 62.38 61.85 61.4 60.02 59.22 57.58 56.07 54.79 53.89 52.26 50.08 47.88 45.52 42.88 40.76 38.77 35.48 33.9 34.65 32.39 31.75 31.01 29.91 28.91 28.02 27.68 25.44 23.31 23.71 25.27 24.8 24.55 23.74 22.66 20.99 16.58 14.71 17.2 14.56 11.99 11.53 8.22 6.01 2.54 -1.6 -3.24 -1.45 -0.56 -1.31 -9.03 -8.77 -4.42 -9.51 -7.09 -7.37 -7.31 -6.37 -6.09 -6.17 -5.94 -5.97 -6.22 -6.72 -7.8
-9999 63.62245 59.99 59.46 58.09 63.87629 70.82278 71.07 69.97 68.13 67.18 66.18 65.73 63.87 62.15 61.09 59.9 59.05 57.23 53.72 51.96 49.84 48.31 46.1 44.2 41.34 37.99 35.43 36.26 35.17 34.4 32.53 32.17 31.67 30.81 30.15 28.93 28.36 26.6 25.48 27.61 26.57 25.46 24.02 22.43 21.39 19.98 18.71 17.25 14.57 13.7 14.53 9.47 1.19 4.3 1.41 0.97 1.43 0.95 -3.67 -1.13 -2.27 -4.68 -3.58 -7.34 -6.12 -7.76 -7.43 -6.46 -6.02 -5.69 -5.49 -5.96 -5.97 -7.34 -10.71
62.70968 60.51 57.83 59.76 66.22 69.43333 72.16049 71.47 69.76 68.18 66.28 64.95 63.85 62.06 62.28 60.52 58.8 57.37 55.79 53.55 51.83 49.49 44.6 42 41.56 40.48 36.06 34.56 36.73 36.26 33.91 31.85 31 31.76 31.34 31.2 29.28 27.4 27.45 27.92 26.67 25.28 23.89 20.64 19.59 18.25 16.67 18.7 16.52 14.88 13.08 13.26 12.92 7.35 9.19 5.85 2.76 0.56 -3.96 -5.18 -1.56 -1.37 -5.91 -5.22 -3.14 -4.51 -5.45 -5.73 -7.08 -6.75 -6.76 -10.35 -8.18 -5.38 -7.17 -9.88
60.23457 58.09 58.44 62.9 69.96809 73 72.28571 71.14 69.21 68.13 66.78 64.84 63.2 61.16 60.07 58.21 55.86 54.49 53.52 51.3 50.02 47.98 46.06 40.78 38.17 40.84 40.45 39.35 38.41 35.78 32.97 31.32 30.14 29.75 29.7 28.94 27 25.28 26.57 24.2 22.52 20.68 19.58 18.96 13.74 16.51 15.62 17.31 14.47 12.62 10.09 9.39 9.34 13.79 7.85 6.31 6.02 6.55 -0.14 -1.19 -4.04 -2.87 -2.66 -4.45 -5.82 -6.22 -9.85 -7.66 -5.11 -5.14 -4.83 -5.97 -6.09 -5.93 -9.23 -9.86
65.52 64.78873 65.66216 67.53247 70.71111 73 72.11236 71.33 69.84 67.77 65.46 64.26 62.96 61.48 58.61 55.54 52.75 51.29 50.81 49.75 48.28 47.7 43.55 41.77 42.11 40.13 42.98 41.5 36.8 34.92 32.54 31.14 30.08 29.19 28.39 28.18 26.66 24.78 24.66 25.22 22.01 18.33 16.27 17.28 16.39 15.18 15.19 12.4 11 7.51 8.06 8.79 11.87 13.28 11.45 11.53 10.43 7.26 4.99 2.76 -1.91 -5.77 -4.96 -4.05 -3.93 -6.9 -10.97 -8.79 -1.95 -3.16 -5.61 -4.75 -5.27 -5.68 -7.45 -8.83
-9999 -9999 71.5 69.74324 71.50649 72.21429 71.01 70.49 70.03 68.3 66.51 64.95 62.71 58.83 55.44 53.9 51.33 49.71 49.41 50.49 49.59 48.95 47.32 44.32 43.75 44.35 42.77 41.44 36.52 32.58 29.67 28.71 28.99 27.49 26.64 26.49 24.98 23.46 22.99 23.12 20.01 17.63 14.66 13.47 16.01 12.14 11.96 8.16 9.46 11.6 12.77 13.12 13.23 12.31 7 10.85 7.32 2.58 2.99 0.84 -1.16 -4.26 -5.14 -4.23 -5.5 -5.29 -2.61 -1 -6.09 -0.84 -4.65 -4.02 -4.54 -4.65 -7.99 -11.47
-9999 -9999 -9999 69.91666 70.46 69.61 67.32323 69.92941 70.78022 69.34066 66.22 65.43 63.25 58.45 56.42 54.42 51.09 51 51.66 50.43 50.1 49.27 47.32 44.47 42.8 43.85 44.07 40.77 37.3 32.06 29.13 25.92 22.11 22.99 19.72 24.01 23.37 20.62 20.51 20.99 21.42 14.15 13.73 13.76 15.02 9.45 6.73 9.18 9.63 12.63 11.12 10.03 9.22 10.28 9.43 10.19 10.16 8.66 3.58 -5.16 -9.07 -5.22 -3.45 -2.51 2.74 1.06 -1.56 0.11 1.01 -2.31 -3.01 -4.22 -5.88 -6.58 -7.46 -8.78
-9999 -9999 -9999 68.45715 67.12346 65.04285 63.79167 71.17647 70.825 69.73077 67.7 65.65 63.87 62.42 58.79 56.27 55.31 53.66 52.08 50.29 50.05 49.52 46.87 45.44 44.32 44.87 44.54 41.2 38.12 34.3 29.91 25.52 19.54 17.62 16.75 18.83 22.25 17.5 17.74 18.49 20.35 18.36 15.14 12.22 12.45 9.87 9.66 10.74 9.35 8.16 9.48 7.95 7.34 9.2 7.19 6.14 6.04 6.27 7.07 5.44 0.43 -9.49 -8.85 -7.93 -6.14 2.87 7.45 -0.81 -7.4 -12.02 -13.3 -4.48 -4.28 -3.26 -2.38 -1.7
-9999 -9999 -9999 -9999 -9999 -9999 -9999 -9999 70.375 68.53061 67.17895 67.05 64.71 61.8 60.85 55.59 54.34 53.19 50.73 47.05 47.44 47.31 47.36 46.21 46.5 46.04 43.75 41.54 38.9 34.34 31.51 25.81 22.1 27.56 24.46 22.42 18.75 17.68 16.44 15.06 16.38 16.78 13.43 14.2 11.93 11.08 10.79 9.34 7.99 8.42 7.24 4.55 5.11 5.96 5.59 4.26 3.74 4.56 3.49 3.4 5.18 3.71 5.34 0.5 -0.49 -0.26 11.72 2.83 2.75 0.64 -4.83 -1.44 -1 3.69 6.49 5.25
-9999 -9999 -9999 -9999 -9999 -9999 -9999 -9999 68.96667 67.41 65.2 63.94 64.27 62.86 62.14 58.41 55.33 51.86 49.51 48.69 45.94 42.59 44.54 46.57 46.59 46.29 43.92 42.7 39.81 37.23 33.05 29.62 30.34 29.71 27.16 25.81 22.36 18.94 15.98 14.13 12.8 12.92 12.7 12.75 11.87 10.46 11.48 8.95 8.18 10.49 9.91 9.06 3.82 0.05 5.25 6.31 3.26 4.06 3.26 3.14 1.54 2.18 3.08 10.45 5.12 8.45 14.38 13.06 12.04 13.82 12.56 11.92 15.7 16.56 13.72 6.97
-9999 -9999 -9999 -9999 -9999 -9999 -9999 -9999 67.6 65.56 61.89 63.9 62.44 61.64 61.73 59.45 57.2 54.29 51.13 47.5 46.47 44.97 45.39 46.43 46.96 45.32 44.12 42.31 41.03 39.45 37.43 32.21 27.48 20.59 20.11 22.23 22.8 19.36 15.9 17.3 15.23 11.92 10.6 11.81 13.28 14.49 16.7 13.91 8.94 6.59 5.43 8.22 9.66 7.85 3.85 7.67 9.98 8.15 5.43 8.08 7.59 9.6 5.38 15.97 13.51 14.87 19.82 13.97 23.04 24.76 23.42 21.44 24.48 18.28 10.81 8.34
