layers/wordclim/past/Iberia_lig_10_ascii/bio_12.asc
ncols         166
nrows         94
xllcorner     -9.4959440078468
yllcorner     36.000324005443
cellsize      0.083333337679505
NODATA_value  -9999
[rows 0 to 31 of 94, columns 73 to 145 of 166]
-9999 -9999 -9999 -9999 -9999 -9999 -9999 -9999 -9999 -9999 -9999 -9999 -9999 -9999 -9999 -9999 -9999 -9999 -9999 -9999 -9999 -9999 -9999 -9999 -9999 -9999 -9999 -9999 -9999 -9999 -9999 -9999 -9999 -9999 -9999 -9999 -9999 -9999 -9999 -9999 -9999 -9999 -9999 -9999 -9999 -9999 -9999 -9999 -9999 -9999 -9999 -9999 -9999 -9999 -9999 -9999 -9999 -9999 -9999 -9999 -9999 -9999 -9999 -9999 -9999 -9999 -9999 -9999 -9999 -9999 -9999 -9999 -9999
-9999 -9999 -9999 -9999 -9999 -9999 -9999 -9999 -9999 -9999 -9999 -9999 -9999 -9999 -9999 -9999 -9999 -9999 -9999 -9999 -9999 -9999 -9999 -9999 -9999 -9999 -9999 -9999 -9999 -9999 -9999 -9999 -9999 -9999 -9999 -9999 -9999 -9999 -9999 -9999 -9999 -9999 -9999 -9999 -9999 -9999 -9999 -9999 -9999 -9999 -9999 -9999 -9999 -9999 -9999 -9999 -9999 -9999 -9999 -9999 -9999 -9999 -9999 -9999 -9999 -9999 -9999 -9999 -9999 -9999 -9999 -9999 -9999
-9999 -9999 -9999 -9999 -9999 -9999 -9999 -9999 -9999 -9999 -9999 -9999 -9999 -9999 -9999 -9999 -9999 -9999 -9999 -9999 -9999 -9999 -9999 -9999 -9999 -9999 -9999 -9999 -9999 -9999 -9999 -9999 -9999 -9999 -9999 -9999 -9999 -9999 -9999 -9999 -9999 -9999 -9999 -9999 -9999 -9999 -9999 -9999 -9999 -9999 -9999 -9999 -9999 -9999 -9999 -9999 -9999 -9999 -9999 -9999 -9999 -9999 -9999 -9999 -9999 -9999 -9999 -9999 -9999 -9999 -9999 -9999 -9999
-9999 -9999 -9999 -9999 -9999 -9999 -9999 -9999 -9999 -9999 -9999 -9999 -9999 -9999 -9999 -9999 -9999 -9999 -9999 -9999 -9999 -9999 -9999 -9999 -9999 -9999 -9999 -9999 -9999 -9999 -9999 -9999 -9999 -9999 -9999 -9999 -9999 -9999 -9999 -9999 -9999 -9999 -9999 -9999 -9999 -9999 -9999 -9999 -9999 -9999 -9999 -9999 -9999 -9999 -9999 -9999 -9999 -9999 -9999 -9999 -9999 -9999 -9999 -9999 -9999 -9999 -9999 -9999 -9999 -9999 -9999 -9999 -9999
-9999 -9999 -9999 -9999 -9999 1308.333 1313.55 1325.414 1313.167 -9999 -9999 -9999 -9999 -9999 -9999 -9999 -9999 -9999 -9999 -9999 -9999 -9999 -9999 -9999 -9999 -9999 -9999 -9999 -9999 -9999 -9999 -9999 -9999 -9999 -9999 -9999 -9999 -9999 -9999 -9999 -9999 -9999 -9999 -9999 -9999 -9999 -9999 -9999 -9999 -9999 -9999 -9999 -9999 -9999 -9999 -9999 -9999 -9999 -9999 -9999 -9999 -9999 -9999 -9999 -9999 -9999 -9999 -9999 -9999 -9999 -9999 -9999 -9999
1180.86 1197.067 1200.722 1218.444 1247.714 1277.782 1291.92 1304.29 1303.674 1309.744 1310.455 1298.714 -9999 -9999 -9999 -9999 -9999 1343.333 1422.629 1370.243 1364 -9999 -9999 -9999 -9999 -9999 -9999 -9999 -9999 -9999 -9999 -9999 -9999 -9999 -9999 -9999 -9999 -9999 -9999 -9999 -9999 -9999 -9999 -9999 -9999 -9999 -9999 -9999 -9999 -9999 -9999 -9999 -9999 -9999 -9999 -9999 -9999 -9999 -9999 -9999 -9999 -9999 -9999 -9999 -9999 -9999 -9999 -9999 -9999 -9999 -9999 -9999 -9999
1147.96 1166.57 1184.28 1197.1 1215.255 1234.98 1248.45 1252.98 1253.39 1267.38 1285.55 1292.172 1303.288 1302.033 1327.771 1337.721 1363.417 1356.094 1378.86 1403.12 1372.541 1374.211 1332.268 1331.308 1309 -9999 -9999 -9999 -9999 -9999 -9999 -9999 -9999 -9999 -9999 -9999 -9999 -9999 -9999 -9999 -9999 -9999 -9999 -9999 -9999 -9999 -9999 -9999 -9999 -9999 -9999 -9999 -9999 -9999 -9999 -9999 -9999 -9999 -9999 -9999 -9999 -9999 -9999 -9999 -9999 -9999 -9999 -9999 -9999 -9999 -9999 -9999 -9999
1101.66 1119.51 1132.1 1146.05 1161.19 1175.86 1187.36 1192.43 1199.49 1213.89 1230.37 1242.8 1262.87 1279.94 1320.43 1339.54 1340.39 1360.6 1365.51 1365.31 1340.58 1333.71 1327.63 1306.22 1301.952 -9999 -9999 -9999 -9999 -9999 -9999 -9999 -9999 -9999 -9999 -9999 -9999 -9999 -9999 -9999 -9999 -9999 -9999 -9999 -9999 -9999 -9999 -9999 -9999 -9999 -9999 -9999 -9999 -9999 -9999 -9999 -9999 -9999 -9999 -9999 -9999 -9999 -9999 -9999 -9999 -9999 -9999 -9999 -9999 -9999 -9999 -9999 -9999
1063.65 1063.25 1077.18 1087.57 1100.87 1113.58 1122.5 1128.35 1142.26 1147.19 1157.94 1173.13 1196.13 1220.65 1242.25 1256.49 1274.92 1296.73 1298.11 1300.19 1286.12 1278.17 1264.63 1269.74 1233.5 1219.533 -9999 -9999 -9999 -9999 -9999 -9999 -9999 -9999 -9999 -9999 -9999 -9999 -9999 -9999 -9999 -9999 -9999 -9999 -9999 -9999 -9999 -9999 -9999 -9999 -9999 -9999 -9999 -9999 -9999 -9999 -9999 -9999 -9999 -9999 -9999 -9999 -9999 -9999 -9999 -9999 -9999 -9999 -9999 -9999 -9999 -9999 -9999
1014.19 1021.92 1037.94 1050.6 1038.84 1047.47 1067.22 1104.43 1081.72 1088.85 1085.25 1096.46 1122.76 1135.15 1149.1 1178.07 1211.21 1220.14 1231.84 1238.38 1240.36 1238.57 1234.44 1223.45 1207.222 1209.405 1190.125 1167.833 -9999 -9999 -9999 -9999 -9999 -9999 -9999 -9999 -9999 -9999 -9999 -9999 -9999 -9999 -9999 -9999 -9999 -9999 -9999 -9999 -9999 -9999 -9999 -9999 -9999 -9999 -9999 -9999 -9999 -9999 -9999 -9999 -9999 -9999 -9999 -9999 -9999 -9999 -9999 -9999 -9999 -9999 -9999 -9999 -9999
961.96 971.81 982.69 991.9 996.66 998.81 997.56 1013.56 1005.96 1010.66 1034.95 1054.22 1094.12 1084.97 1086.76 1113.46 1147.43 1158.05 1165.92 1176.67 1183.58 1184.23 1178.23 1171.35 1166.12 1158.26 1149.35 1144.07 1154.226 1153.312 1160.18 1235.638 1372.2 -9999 -9999 -9999 -9999 -9999 -9999 -9999 -9999 -9999 -9999 -9999 -9999 -9999 -9999 -9999 -9999 -9999 -9999 -9999 -9999 -9999 -9999 -9999 -9999 -9999 -9999 -9999 -9999 -9999 -9999 -9999 -9999 -9999 -9999 -9999 -9999 -9999 -9999 -9999 -9999
910.29 928.17 940.71 934.66 945.3 955.1 955.04 934.38 925.1 928.63 938.73 954.62 969.48 1018.32 1031.32 1052.8 1073.19 1111.32 1101.1 1103.91 1117.88 1123.47 1121.52 1115.96 1106.92 1103.26 1116.23 1076.7 1096.13 1091.37 1116.34 1210.31 1236.645 1206.333 -9999 -9999 -9999 1513 -9999 -9999 -9999 -9999 -9999 -9999 -9999 -9999 -9999 -9999 -9999 1137.067 1197.571 -9999 -9999 -9999 -9999 -9999 -9999 -9999 -9999 -9999 -9999 -9999 -9999 -9999 -9999 -9999 -9999 -9999 -9999 -9999 -9999 -9999 -9999
853.21 856.23 869.14 897.36 862.55 879.81 866.52 867.99 883.73 895.33 920.07 921.89 964.54 984.37 980.61 990.21 1036.37 1032.58 1035 1030.82 1048.22 1062.71 1061.34 1047.17 1031.52 1031.93 1025.46 1013.06 1010.05 1000.75 1048.52 1101.71 1151.45 1265.979 1236.881 1303.256 1251.25 1379.515 1442.507 1506.115 -9999 -9999 -9999 -9999 -9999 -9999 -9999 -9999 1194.182 1129.38 1242.29 1369.013 1400.691 1295.025 1306.5 -9999 -9999 -9999 -9999 -9999 -9999 -9999 -9999 -9999 -9999 -9999 -9999 -9999 -9999 -9999 -9999 -9999 -9999
826.72 828.09 853.63 846.6 802.03 798.01 798.58 812.13 813.23 821.85 864.74 848.79 852.05 870.47 891.2 897.59 891.71 903.74 940.92 956.83 986.6 1001.91 1007.34 998.64 973.87 945.47 954.29 958.49 961.18 935.86 950.07 950.55 959.37 1048.04 1105.52 1309.92 1226.38 1119.07 1350.92 1270.935 1474.628 1451.787 1333.333 1286.944 1416.333 1416.741 1457.775 1462.725 1348.211 1212.847 1166.2 1245.64 1313.93 1359.65 1273.683 1362.952 1353.667 1416.219 -9999 -9999 -9999 -9999 -9999 -9999 -9999 -9999 -9999 -9999 -9999 -9999 -9999 -9999 -9999
757.15 765.61 774.63 786.39 775.93 761.62 746.77 775.45 815.03 829.81 797.77 794.58 801.24 794.71 758.05 785.19 821.43 825.23 842.66 870.14 912.16 928.75 950.57 945.39 919.4 887.92 897.78 905.83 872.24 853.25 831.73 865.78 890.66 897.45 916.6 1002.91 1035.57 978.93 1110.18 1054.32 1205.86 1274.47 1177.91 1104.51 1282.91 1290.72 1402.85 1228.2 1484.01 1419.56 1361.86 1381.02 1395.33 1307.4 1119.11 1232.46 1236.71 1395.876 1456.556 -9999 -9999 -9999 -9999 -9999 -9999 -9999 -9999 -9999 -9999 -9999 -9999 -9999 -9999
744.98 741.71 744.9 741.99 719.07 703.15 693.96 681.41 674.81 668.9 653.83 654.33 658.55 653.41 656.77 691.6 717.23 746.9 765.29 790.93 828.92 852.19 877 858.51 831.66 823.97 816.07 838.61 840.95 861.07 814.9 786.85 828.62 819.17 856.48 834.23 823.31 927.62 1014.85 959.62 1003.58 977.61 887.21 974.23 1221.99 1190.33 1102.28 1230.43 1287.88 1226 1256.19 1314.98 1416.65 1387.42 1129.7 1043.15 1132.68 1287.47 1258.28 -9999 -9999 -9999 -9999 -9999 -9999 -9999 -9999 -9999 -9999 -9999 -9999 -9999 -9999
713.46 722.43 710.9 702.57 694.55 676.49 671.16 652.99 626.8 623.2 593.03 560.34 546.88 550.3 584.37 623.94 652.68 681.08 713.97 728 755.17 760.4 789.36 793.72 782.81 807.6 814.82 818.78 810.87 837.32 833.44 775.88 774.63 761.53 784.4 763.01 761.46 850.46 910.82 940.22 834.11 840.01 769.78 905.42 999.35 1014.77 1035.18 1117.61 1076.4 1047.59 1132.3 1299.74 1269.54 1249.74 1061.19 1103.86 1180.25 1190.65 1048.681 1296.484 1362.508 1345.421 1260.169 1053.741 993.2059 -9999 1488.667 1483.6 1366.063 -9999 -9999 -9999 -9999
729.68 726.12 709.56 740.15 743.25 704.61 682.37 625.12 629 686.32 620.07 587.25 558.78 565.77 564.38 582.85 601.41 628.52 659.09 669.51 684.89 694.23 703.93 712.19 709.52 720.49 749.95 754.98 764.93 778.31 778 735.01 711.9 756.79 753.14 757.15 788.47 793.86 832.59 870.4 877.8 789.95 724.22 735.8 796.99 884.6 954.58 1030.98 1065.98 1017.98 1028.4 1046.06 1020.17 1046.14 992.37 1168.04 1081.42 940.55 889.93 998.23 1032.72 1001.9 974.91 989.58 1087.329 1242.939 1282.662 1282.61 1155.09 1071.776 1013.943 981.5 919.7727
723.25 766.49 780.39 799.31 747.44 813.8 747.34 657.26 718.89 760.02 700.65 710.45 729.72 667.14 693.04 602.04 574.81 586.43 606.04 622.82 632.91 650.25 662.61 662.12 660.7 662.27 671.19 678.02 682.84 681.78 689.89 647.88 637.12 661.09 725.97 784.71 798.82 818.08 898.6 849.92 827.17 776.48 696.41 682.17 800.05 780.89 898.36 865.6 960.14 907.35 965.75 1020.84 908.3 887.71 1056.44 1090.22 1002.28 829.71 952.05 1089.31 1159.08 1160.94 1067.94 1088.2 1107.95 1067.71 1006.97 1046.23 1038.65 946.98 911.05 905.79 907.53
764.4 797.16 856.33 857.05 844.18 870.39 771.57 740.47 766.76 697.04 747.05 702.81 764.27 683.7 663.39 610.81 578.52 587.82 572.45 576.54 585.58 603.4 606.09 606.49 614.82 611.82 608.8 601.47 608.7 615.7 616.56 588.78 570.57 561.81 555.93 566.39 584.31 626.75 620.78 633.8 693.97 690.87 709.22 655.16 725.44 683.83 747.29 821.96 867.75 812.26 911.18 837.7 773.3 922.97 1058.1 969.93 841.77 869.78 1023.72 1100.82 1106.51 1060.91 1020.27 892.56 962.35 933.94 899.33 880.18 928.36 924.49 869.35 868.44 824.68
655.98 695.94 713.35 727.53 761.48 722.15 746.62 818.04 783.33 751.34 791.45 821.22 772.58 717.33 714.74 665.82 631.19 625.34 561.11 551.92 559.05 559.72 565.82 577.62 583.41 565.9 557.61 551.16 550.42 552.66 548.36 533.42 525.67 524.03 519.54 507.24 501.86 517.55 530.2 539.87 570.39 578.48 602.03 588.19 656.65 671.76 761.55 775.74 806.3 755.21 840.12 711.8 729.35 758.61 899.25 920.76 811.62 889.54 956.47 990.26 894.97 931.41 1011.95 810.48 836.54 839.44 864.12 846.77 931.19 952.77 905.47 927.83 881.94
624.92 631.31 677.58 780.16 814.69 824.67 875.62 850.54 859.03 857.31 846.99 793.45 737.19 757.79 717.52 678.24 599.45 558.3 549.56 544 529.84 527.94 528.28 536.94 557.11 550.39 520.18 525.95 541.67 543.55 522.71 498.35 498.81 489.55 489 477.46 474.32 485.41 497.8 505.48 524.91 530.74 533.66 540.44 664.84 708.12 732.61 694.03 740.03 816.43 841.14 728.94 865.08 832.32 806.73 752.14 704.9 747.43 780.45 795.9 816.64 830.84 783.78 726.5 759.89 774.53 817.62 822.75 833.36 900.23 942.96 920.48 883.21
655.39 617.54 635.72 657.26 673.65 715.5 789.14 757.84 812.53 760.27 756.43 717.06 752.49 760.95 716.65 665.56 600.81 575.81 563.99 561.07 518.27 514.77 504.46 493.56 495.42 493.78 489.29 497.44 517.42 541.08 506.71 470.25 470.76 478.54 471.37 457.61 454.63 464.38 474.87 480.58 501.01 498.29 503.58 514.53 554.19 600.64 664.04 673.79 666.53 743.75 706.32 690.53 778.17 679.65 661.34 676.78 699.16 737.23 786.78 760.42 727.4 727.45 733.24 701.93 728.85 737.4 785.39 798.27 811.9 872.38 914.86 924.99 857.97
618.64 629.85 630.85 642.41 661.79 670.79 672.92 661.58 657.7 655.38 665.14 647.1 651.33 684.73 696.65 660.8 630.55 629.03 592.09 552.62 529.6 535.42 510.03 478.93 470.65 460.86 459.6 484.84 496.88 488.32 469.3 446.99 451.78 464.04 475.44 450.76 445.23 443.65 451.84 463.82 492.34 480.91 474.14 492.94 508.74 532.26 554.78 568.24 607.94 634.29 630.14 607.9 622.84 611.48 644.07 640.38 659.49 707.16 743.29 766.99 725.13 682.68 693.57 669.61 691.82 732.01 819.8 800.85 823.49 879.78 921.09 918.38 873.92
578.71 589.64 610.76 621.62 625.62 642.32 646.88 648.34 652.42 655.87 631.06 625.2 634.24 647.47 651.57 641.51 640.84 642.44 766.76 709.13 555.06 522.03 494.69 476.21 460.64 446.34 434.92 430.91 436.92 444.44 432.33 425.97 437.25 448.16 473 460.39 442.9 440.47 440.42 451.3 461.32 455.9 458.37 481.28 477.23 479.24 487.73 515.72 515.98 528.76 529.07 544.7 567.84 588.9 606.5 638.4 661.9 678.96 698.52 740.78 747.63 704.65 649.64 647.03 670.62 735.83 794 812.32 855.73 930.69 934.57 857.29 821.29
563.3 571.98 579.78 590.31 592.97 607.28 599.76 615.1 636.04 628.46 623.49 614.37 603.04 605.58 610.87 606.62 625 662.95 685.53 715.23 644.53 559.56 527.41 478.77 453.44 439.06 423.74 413.92 402.36 404.18 410.96 411.86 428.94 441.74 459.04 472.42 469.58 454.37 440.43 440.15 445.03 442.07 444.56 459.82 457.04 460.33 485.87 504.67 482.2 488.9 502.56 523.92 543.71 565.99 592.57 625.67 663 707.02 730.15 727.09 721.1 691.42 639.5 639.58 708.64 747.87 773.21 768.89 789.71 821.52 806.59 796.75 796.27
555.99 557 558.36 575 569.25 578.5 580.97 585.12 580.9 591.02 605.76 600.99 579.35 579.82 592.22 594.65 607.33 616.04 619.84 591.63 561.03 511.88 505.01 480.9 439.22 422.87 428.39 433.36 410.97 399.62 400.08 397.77 404.74 416.03 418.23 428.14 453.33 469.98 461.36 461.1 478.38 460.61 451.22 445.79 445.26 459.76 466.47 460.94 457.12 477.04 499.83 525.36 548.83 569.34 599.35 647.45 684.7 713.26 713.43 683.84 685.07 695.16 703.17 645.04 726.33 719.5 697.54 683.86 703.93 742.69 792.81 793.5151 784.4079
561.81 553.97 550.38 547.06 551.54 564.88 561.74 556.96 569.24 577.57 584.01 574.13 587.07 595.76 583.38 574.86 594.08 576.87 568.68 554.54 558.79 489.45 461.17 451.55 421.92 413.95 425.71 448.03 422.34 419.61 417.35 404.7 399.42 396.39 402.58 411.94 422.58 435.39 451.23 447.32 451.87 459.64 457.67 466.5 452.06 450.12 446.32 447.26 464.04 489.34 512.25 535.94 566.7 603.78 647.06 696.03 729.17 728.48 719 681.51 664.05 671.48 663.46 634.4 650.15 653.64 639.46 644.28 692.98 718.2128 729.7347 721.1111 -9999
573.78 568.01 573.81 567.09 563.63 562.72 559.75 563.85 564.77 557.06 554.23 566.45 586.25 585.13 546.76 549.15 550.71 547.8 525.37 500.79 510.19 517.98 446.32 439.76 421.19 415.96 426.81 426.71 427.02 445.49 437.31 423 410.33 400.12 394.95 401.79 417.34 433.2 441.27 443.91 449.39 447.52 450.42 460.59 475 439.3 450.46 470.17 494.54 530.64 564.97 590.86 608.31 645.88 656.44 658.31 697.21 710.53 736.63 724.28 687.51 646.9 636.66 643.4 634.09 636.39 650.89 647.4255 663.9091 662.4 -9999 -9999 -9999
573.93 591.84 604.93 608.78 616.35 613.68 586.26 574.86 588.67 585.57 575.94 567.29 566.82 547.69 517.89 519.95 526.69 516.44 512.75 470.46 472.31 448.19 489.61 497.86 491.19 446.54 430.72 441.21 438.08 460.58 436.18 412.43 406.04 397.63 398.42 399.83 412.4 430.73 440.34 446.86 454.29 453.83 444.69 464.21 460.85 470.5 493.34 517.54 550.01 589.67 619.74 646.13 679.77 674.31 659.1 626.97 646.8 659.7 715.38 690.27 648 644.53 665.85 707.67 668.63 644.85 650.5106 641.2174 -9999 -9999 -9999 -9999 -9999
647.62 646.37 652.83 647.03 639.85 618.63 601.07 592.98 585.75 588.92 586.62 586.81 564.37 524.48 507.13 495 487.93 477.63 482.39 471.45 459.12 452 476.11 506.6 510.15 490.43 458.74 462.95 464.71 462.44 444.82 424.42 414.37 409.05 406.49 407.75 407.46 413.88 417.08 424.23 428.59 435.47 450.6 475.22 484.4 486.4 500.24 492.66 524.68 582.29 658.43 690.12 725.87 758.85 682.93 603.23 609.36 625.57 646.75 631.44 630.9 650.82 650.07 694.9081 676.6173 651.7206 654.7931 -9999 -9999 -9999 -9999 -9999 -9999
722.92 687.96 661.61 677.28 639.48 585.32 587.45 569.44 559.44 593.37 590.47 588.41 562.64 533.66 518.35 522.49 530.15 520.35 500.39 482.43 503.47 492.78 475.18 495.1 500.94 501.41 504.12 496.72 478.9 463.84 447.1 440.8 432.06 419.56 412.17 412.38 418.12 424.98 428.53 432.85 441.64 453.26 474.19 472.13 480.13 490.98 518.96 483.99 523.45 577.91 586.66 629.66 662.91 634.45 615.05 588.65 600.54 608.84 619.2449 607.5949 623.0151 621.3409 627.2609 663 -9999 -9999 -9999 -9999 -9999 -9999 -9999 -9999 -9999
