layers/wordclim/past/Iberia_lig_10_ascii/bio_06.asc
ncols         166
nrows         94
xllcorner     -9.4959440078468
yllcorner     36.000324005443
cellsize      0.083333337679505
NODATA_value  -9999
[rows 0 to 33 of 94, columns 0 to 75 of 166]
-9999 -9999 -9999 -9999 -9999 -9999 -9999 -9999 -9999 -9999 -9999 -9999 -9999 -9999 -9999 -9999 -9999 -9999 -9999 45.58333 -9999 48.625 53 -9999 -9999 -9999 -9999 -9999 -9999 -9999 -9999 -9999 -9999 -9999 -9999 -9999 -9999 -9999 -9999 -9999 -9999 -9999 -9999 -9999 -9999 -9999 -9999 -9999 -9999 -9999 -9999 -9999 -9999 -9999 -9999 -9999 -9999 -9999 -9999 -9999 -9999 -9999 -9999 -9999 -9999 -9999 -9999 -9999 -9999 -9999 -9999 -9999 -9999 -9999 -9999 -9999
-9999 -9999 -9999 -9999 -9999 -9999 -9999 -9999 -9999 -9999 -9999 -9999 -9999 -9999 -9999 -9999 -9999 48.09756 36.11111 48.29851 47.04546 44.22727 46.04348 44.69697 47.79245 49.0625 -9999 -9999 -9999 -9999 -9999 -9999 -9999 -9999 -9999 -9999 -9999 -9999 -9999 -9999 -9999 -9999 -9999 -9999 -9999 -9999 -9999 -9999 -9999 -9999 -9999 -9999 -9999 -9999 -9999 -9999 -9999 -9999 -9999 -9999 -9999 -9999 -9999 -9999 -9999 -9999 -9999 -9999 -9999 -9999 -9999 -9999 -9999 -9999 -9999 -9999
-9999 -9999 -9999 -9999 -9999 -9999 -9999 -9999 -9999 -9999 -9999 -9999 -9999 -9999 -9999 55.73333 50.45454 47.57895 41.72 45.65 37.03 34.37 41.46465 32.26 32.95 39.27835 45.375 -9999 -9999 -9999 -9999 -9999 -9999 -9999 -9999 -9999 -9999 -9999 -9999 41 -9999 41 41.66667 39.48438 39.94231 -9999 -9999 -9999 -9999 -9999 -9999 -9999 -9999 -9999 -9999 -9999 -9999 -9999 -9999 -9999 -9999 -9999 -9999 -9999 -9999 -9999 -9999 -9999 -9999 -9999 -9999 -9999 -9999 -9999 -9999 -9999
-9999 -9999 -9999 -9999 -9999 -9999 -9999 -9999 -9999 -9999 -9999 -9999 -9999 -9999 52.40741 53.25263 50.10101 46.78 41.37 33.31 27.32 27.44 29.82 21.38 36.38 41.48 41.18947 39 37.77465 42.01818 40.25 39.47619 35.44737 39.63636 32.26582 35.80303 33.78082 29.16667 26.92045 29.91753 31.32051 33.64286 36.24242 37 35.06 38.28571 37.85246 32.83333 31.38983 36.3913 33.68966 -9999 -9999 -9999 -9999 -9999 -9999 -9999 -9999 -9999 -9999 -9999 -9999 -9999 -9999 -9999 -9999 -9999 -9999 -9999 45.25 42 -9999 -9999 -9999 -9999
-9999 -9999 -9999 -9999 -9999 -9999 -9999 -9999 -9999 -9999 -9999 -9999 -9999 -9999 52.81132 54.36232 44.95959 36.12 31.48 33.55 26.59 18.17 13.24 11.36 20.63 31.91 36.85 28.23 35.93 35.04041 24.87 20.1 18.34 27.3 11.63 19.75 24.28 18.83 9.47 22.99 30.87879 24.78 23.9 28.68 30.55 29.92 22.72 20.61 29.86 26.69 24.2 20.29487 29.26923 31.45763 30.64 34.48571 37.73684 -9999 -9999 -9999 -9999 -9999 -9999 -9999 42.28571 42.86666 42.84444 44.87671 45.5122 44.07936 40.8125 42.52874 41 -9999 -9999 -9999
-9999 -9999 -9999 -9999 -9999 -9999 -9999 57 -9999 -9999 -9999 -9999 54.88889 56.67742 53.49254 51.91667 44.27 35.29 31.94 26.62 27.49 24.48 22.22 15.14 17.42 18.58 21.73 27.32 25.3 12.63 1.97 8.16 15.83 10.59 4.28 15.39 6.24 -0.84 11.86 21.62 23.59 29.25 29.74 24.04 26.34 24.81 21.16 20.38 19.64 19.74 19.88 27.21 27.53 17.82 16.67 14 6.99 17.69149 25 32.49315 35.37663 37.41026 35.83333 33.49398 36.39796 41.16 39.93 40.54 38.19792 40.91 34.69 35.44 38.60714 33.28 32.42697 37.77778
-9999 -9999 -9999 -9999 -9999 -9999 58.55556 60.1125 57.41892 53.15385 53.05405 52.16867 51.34 53.9697 52.9 51.64835 42.7 33.88 25.12 25.89 27.19 26.88 25.11 25.73 21.14 20 17.29 23.3 8.29 2.79 3.74 15.34 8.8 -6.44 -6.22 6.1 11.83 10.49 2.41 8.42 5.66 6.11 11.83 18.9 18.1 17.24 11.88 0.79 -1.67 5.42 -4.63 4.21 11.32 -2.57 -12 -6.96 2.87 -3.1 12.2 10.39 20.81 18.39 22.16 25.39 22.84 29.83 30.78 30.66 21.39 13.84 17.25 20.53 28.75 21.77 20.85 20.82
-9999 -9999 -9999 64.5 62.85714 60.86842 56.47945 56.5 55.27 54.3 49.31 39.59 41.22 43.64 47.72 45.58 35.71 30.69 25.23 25.95 24.96 27.25 25.86 26.29 24.06 18.93 12.76 14.82 7.98 3.03 8.05 13.04 -3.62 -12.95 -1.58 4.13 1.75 -13.61 -9.92 -14.12 -15.83 -1.82 -25.64 -4.35 11 -2.22 -7.84 -3.22 -7.88 -10.88 -28.87 -16.19 -13.14 -30.79 -61.28 -43.07 -51.72 -45.67 -5.56 -14.77 -4.93 4.26 8.8 2.35 10.68 19.71 14.66 14.62 13.91 -5.75 -19.96 0.78 15.57 17.22 14.42 21.36
-9999 -9999 -9999 66.51852 62.75269 55.62 54.31 48.28 44.46 43.41 38.3 38.5 39.4 36.61 37.47 33.16 28.36 27.25 24.09 25.04 23.74 23.85 26.07 24.17 20.52 14.61 7.85 11.03 -2 1.08 -2.6 4.52 -6.1 -13.6 -6.59 -4.19 -17.78 -31.12 -17.91 -29.88 -23.75 -30.47 -16.77 -16.84 -5.87 -17.71 -17.69 -18.98 -32.19 -38.52 -32.59 -38.25 -43.93 -31.94 -49.06 -56.34 -46.66 -17.97 -4 -11.23 -37.69 -22.82 -15.28 -13.3 -10.52 7.14 -6.39 4.58 -0.37 -23.22 -28.69 -19.98 -12.47 0.09 18.28 17.56
-9999 -9999 63.46154 62.79382 58.19 49.38 48.34 45.19 43.11 40 40.14 39.21 41.11 38.57 36.46 34.5 30.93 26.28 18.71 20.32 22.96 21.2 22.5 20.32 14.84 11.48 4.09 0.66 4.83 1.85 7.36 3.11 -12.25 -22.03 -12.14 -25.58 -26.84 -48.12 -50.39 -47.34 -59.17 -49.45 -56.39 -30.49 -21.43 -49.55 -52.47 -46.19 -54.39 -58.05 -46.04 -53.49 -44.59 -40.41 -51.8 -50.74 -63.39 -58.08 -45.89 -33.78 -40.12 -56.68 -44.88 -27.1 -21.65 -17.63 -18.07 -14.92 -17.25 -15.55 -8.17 -6.11 -4.93 -5.2 -1.38 -5.88
-9999 -9999 66.75 63.91765 53.20202 49.29 46.96 46.16 45.93 43.47 42.88 42.09 39.85 36.75 34.45 32.71 32.2 25 21.69 17.66 19.5 16.26 16.18 19.61 18.73 14.85 4.44 2.7 -0.64 6.38 2.18 -9.19 -11.73 -22.58 -26.62 -34.61 -44.18 -37.51 -38.86 -41.01 -47.33 -42.5 -45.27 -51.33 -46.57 -45.18 -49.75 -45.26 -52.94 -47.55 -37.2 -44.9 -44.98 -42.07 -39.22 -48.8 -62.26 -64.34 -57.92 -44.32 -37.04 -57.6 -47.91 -26.87 -21.81 -19.55 -17.56 -17.51 -16.39 -13.68 -6.78 0.97 -1.66 -5.97 -6.55 -7.4
-9999 -9999 69.125 -9999 59.27586 48.34 48.83 50.96 47.37 50.47 51.89 42.64 36.04 38.97 36.78 35.27 35.89 32.3 26.81 21.5 16.53 17.71 18.8 19.39 19.3 14 7.35 -1.2 3.08 1.24 -10.76 -24 -35.53 -36.84 -28.96 -32.9 -33.12 -39.63 -51.77 -48.26 -53.78 -54.85 -46.1 -38.91 -51.89 -42.31 -40.72 -38.81 -45.62 -37.54 -36.04 -44.1 -38.28 -44.77 -39.36 -49.74 -50.25 -49.85 -48.04 -35.5 -30.09 -29.79 -28.8 -25.16 -24.52 -21.12 -23.57 -15.45 -16.51 -10.64 -13.85 -9.13 -2.13 -7.02 -10.63 -13.91
-9999 -9999 -9999 -9999 62.5 59.46875 60.21212 60.87912 43.36 50.24 52.23 51.63 44.74 44.14 41.1 32 31.59 26.58 20.29 20.49 14.98 14.52 18.84 12.07 10.43 13.98 0.19 -5.6 -5.17 -9.7 -15.93 -35.13 -27.05 -21.34 -15.2 -19.2 -33.54 -47.4 -49.26 -49.75 -42.86 -37.35 -33.56 -34.19 -33.43 -38.26 -31.2 -30.37 -34.27 -31.26 -32.4 -33.78 -32.61 -36.25 -32.41 -38.66 -41.72 -34.34 -33.73 -34.48 -30.25 -27.4 -23.14 -22.63 -25.15 -19.21 -18.01 -22.96 -17.97 -19.28 -23.47 -14.5 -13.06 -2.95 -1.41 -3.89
-9999 -9999 -9999 -9999 68 61.70588 47.77174 56.43 52.43 57.53 52.07 45.95 44.88 31.87 31.68 28.85 23.23 22.02 15.28 10.38 15.48 18.42 10.02 6.64 8.29 5.2 -4.97 -16.52 -20.53 -18.79 -15.74 -22.94 -14.61 -9.9 -13.19 -13.75 -22.22 -26.45 -27.57 -32.11 -38.16 -38.08 -33.94 -30.74 -29.88 -32.61 -27.86 -26.64 -30.56 -25.95 -31.59 -28.14 -30.06 -29.3 -32.04 -34.99 -34.37 -33.11 -29.91 -31.35 -26 -26.02 -23.91 -27.39 -27.46 -25.87 -23.87 -23.22 -20.24 -23.2 -27.45 -20.79 -5.97 -15.07 -13.42 -19.4
-9999 -9999 -9999 -9999 -9999 65.79661 56.44681 65.1 62.47222 53.98 53.39 42.1 32.66 24.06 16.89 25.11 22.35 15.57 11.34 7.45 14.62 16.32 11.45 10.87 15.5 5.32 -7.9 -9.69 -16.37 -23.77 -16.19 -11.83 -6.96 -3.85 -5.51 -9.3 -10.66 -13.53 -21.25 -31.02 -28.67 -25.96 -28.19 -26.68 -27.71 -29.35 -24.14 -24.2 -25 -25.07 -27.27 -25.11 -29.93 -26.1 -31.02 -32.79 -31.09 -31.14 -27.1 -28.39 -25.46 -22.47 -22.78 -26.39 -25.78 -27.01 -25.88 -26.24 -25.91 -26.93 -24.41 -16.16 -6.74 -6.11 -7.66 -9.35
-9999 -9999 -9999 -9999 -9999 68.42857 68.1579 68.5 63.87952 60.86 52.93 42.79 32.59 25.63 17.19 16.64 17.18 11.67 7.74 9.88 11.14 14.63 12.94 17.83 15.86 9.43 -0.09 -5.06 -16.62 -19.75 -15.71 -5.91 -1.75 0.26 -4.37 -10.35 -22.55 -31.37 -35.85 -34.77 -27.23 -24.12 -25.82 -23.21 -24.52 -25.63 -23.72 -22.65 -22.36 -23.68 -24.36 -27.26 -27.86 -24.67 -28.67 -30.69 -28.07 -29.1 -27.83 -25.83 -25.89 -22.92 -21.68 -21.77 -21.66 -21.58 -23.26 -27.17 -25.92 -25.34 -20.49 -17.9 -20.9 -18.42 -15.06 -14.54
-9999 -9999 -9999 -9999 -9999 70 68 67.25 61.75 51.86517 57.57 45.26 29.09 15.61 18.12 21.32 21.92 20.15 17.89 15.28 13.55 12.96 13.96 13.45 7.46 5.57 5.32 2.92 -11.81 -8.68 -6.23 -4.97 -4.09 -15.3 -28.36 -27.88 -38.44 -42.66 -34.07 -27.64 -23.58 -21.5 -23.99 -21.92 -22.77 -23.58 -22.87 -21.78 -22.08 -23.23 -24.97 -26.73 -26.29 -23.95 -26.97 -29.3 -27.25 -25.43 -25.41 -24.82 -23.93 -23.37 -22.99 -21.92 -21.35 -21.41 -24.92 -26.17 -24.43 -23.27 -23.59 -24.25 -23.59 -21.06 -21.46 -16.38
-9999 -9999 -9999 -9999 -9999 -9999 70.33334 66 65.20689 55.05882 55 46.4 35.66 16.39 16.01 24.84 28.8 22.9 21.8 19.91 17.26 6 1.27 4.14 3.34 -6.36 -8.7 4.71 5.29 -10.21 -15.81 -10.26 -25.71 -30.71 -28.87 -47.89 -51.39 -44.44 -33.66 -29.5 -25.78 -22.39 -21.17 -21.05 -21.97 -22.07 -22.38 -21.47 -22.96 -24 -24.41 -25.59 -24.25 -23.35 -25.38 -27.35 -26.83 -25.53 -25.42 -24.47 -24.14 -23.15 -22.23 -21.28 -21.31 -23.97 -25.35 -24.84 -23.72 -23.48 -25.02 -26.66 -27.22 -32.17 -29.44 -24.44
-9999 -9999 -9999 -9999 -9999 -9999 -9999 65.38461 62.14103 52.69697 55.79167 43.67 33 23.69 12.15 20.28 30.1 24.06 17.61 18.38 15.22 7.06 3.43 -6.28 -11.15 -13.7 -22.32 -5.65 -4.82 -15.16 -28.53 -34.96 -40.29 -41.46 -37.73 -30.86 -37.64 -47.64 -40.89 -30.41 -23.79 -21.75 -21.41 -20.74 -21.71 -22 -22.44 -21.55 -24.59 -26.22 -23.98 -23.64 -23.05 -23.34 -24.34 -25.53 -26.79 -26.23 -24.66 -24.47 -23.9 -23.82 -22.65 -22.47 -23.75 -26.98 -25.02 -22.83 -23.84 -25.14 -27.5 -28.57 -31.53 -37.05 -42.88 -43.27
-9999 -9999 -9999 -9999 -9999 -9999 -9999 69 61.85294 57.03297 52.22 48.42 45.42 28.04 19.88 25.32 25.43 19.79 17.06 13.12 10.45 7.02 6.11 -7.37 -19.02 -25.94 -33.22 -20.74 -9.55 -21.06 -29.83 -44.4 -56.89 -54.47 -47.78 -49.01 -46.14 -38.69 -36.2 -29.02 -24.94 -23.02 -23.51 -21.36 -20.74 -21.27 -22.1 -21.53 -24.35 -24.1 -23.25 -22.91 -22.94 -23.76 -24 -24.98 -25.08 -26.47 -25.7 -24.17 -24.08 -24.59 -23.72 -24.74 -26.52 -23.38 -22.56 -23.65 -24.19 -25.24 -27.19 -29.79 -36.88 -47.62 -51.44 -59.25
-9999 -9999 -9999 -9999 -9999 -9999 -9999 60 60.87912 45.48 56.58 51.18 47.99 31.33 35.81 24.54 15.59 8.14 8.44 6.62 5.06 6.87 3.46 -1.76 -11.83 -21.09 -20.32 -14.55 -12.89 -25.24 -35.57 -47.64 -47.5 -32.66 -28.95 -31.03 -32.03 -29.6 -26.37 -22.59 -23.03 -21.99 -21.68 -21.94 -19.77 -21.22 -21.28 -22.06 -22.73 -22.29 -22.75 -22.38 -23.41 -24.4 -24.09 -24.63 -24.27 -24.23 -25.59 -24.28 -27.2 -28.6 -26.4 -26.02 -22.86 -24.36 -23.2 -23.61 -24.51 -26.9 -30.1 -33.78 -31.28 -32.95 -38.64 -40.99
-9999 -9999 -9999 -9999 -9999 -9999 -9999 46.84127 45.44 52.88 54.54 51.1 42.62 38.74 17.18 2.31 -6.45 -1.17 3.68 6.47 6.66 5.86 4.8 -1.28 4.07 -8.06 -11.63 -11.16 -17.54 -24.22 -31.73 -38.77 -41.48 -24.84 -23.98 -24.19 -23.82 -24.04 -22.5 -21.28 -20.52 -20.12 -20.16 -20.85 -21.01 -20.51 -20.51 -22.05 -22.54 -23.21 -22.07 -22.69 -23.65 -23.4 -24.15 -24.02 -24 -24.01 -24.9 -25.01 -27.61 -25.77 -23.62 -24.56 -25.67 -25.78 -24.28 -23.86 -24.26 -24.73 -26.55 -28.84 -32.44 -29.86 -30.38 -38.09
-9999 -9999 -9999 -9999 -9999 -9999 -9999 50.5 57.3 53.75 47.98 27.99 31.36 22.02 -1.49 6.89 8.82 11.21 7.35 -0.34 -3.42 -1.13 -0.13 2.41 10.07 0.07 -5.74 -4.77 -10.68 -16.35 -18.3 -23.43 -32.6 -19.8 -20.27 -22.79 -25.15 -22.65 -22.31 -21.87 -21.4 -20.58 -20.47 -20.24 -19.7 -19.21 -20.68 -21.83 -22.02 -21.74 -21.62 -22.74 -23.77 -23.4 -24 -24.01 -24.73 -27.12 -29.42 -26.36 -24.27 -25.19 -25.86 -26.66 -28.11 -28.61 -26.48 -26.33 -27.27 -28.18 -29.05 -33.21 -35.13 -38.4 -30.63 -33.53
-9999 -9999 -9999 -9999 -9999 -9999 -9999 57.0303 53.18182 42.08 41.56 26.35 36.44 30.81 21.14 18.61 15.8 2.83 -8.11 -8.35 -8.01 -9.56 2.18 3.07 10.85 2.6 -6.57 -2.93 -4.66 -12.58 -14.3 -15.35 -17.31 -11.79 -16.71 -16.23 -19.8 -22.79 -26.04 -27.64 -26.19 -25.19 -22.02 -21.61 -20.32 -19.64 -20.04 -20.03 -19.87 -19.81 -20.95 -22.09 -22.71 -23.98 -26 -27.55 -28.62 -29.17 -28.36 -24.01 -26.05 -26.83 -27.29 -28.23 -28.89 -28.74 -28.63 -27.16 -27.52 -27.68 -27.51 -29.62 -31.47 -33.71 -35.82 -35.2
-9999 -9999 -9999 -9999 -9999 -9999 -9999 54.18605 46.87 37.81 49.53 41.18 40.37 33.33 23.17 6.63 -1.24 -9.93 0.75 -4.55 -3.29 -5.01 -1.86 4.09 12.31 4.01 -5.73 -0.11 -1.87 -3.11 -10.9 -18.25 -13 -7.52 -16.08 -13.36 -16.16 -21.27 -20.96 -20.37 -22.92 -24.7 -22.28 -19.25 -19.16 -19.59 -19.42 -19.8 -20.84 -22.22 -21.04 -21.43 -23.96 -27.34 -28.3 -28.11 -28.3 -26.25 -23.58 -24.57 -26.73 -26.42 -26.96 -27.29 -27.21 -27.22 -25.37 -25.25 -25.62 -25.14 -25.36 -25.37 -26.61 -27.34 -29.33 -32.99
-9999 -9999 -9999 -9999 -9999 -9999 -9999 52.32 51.53333 50.40816 43.62 38.13 30.93 32.23 24.67 17.55 13.57 13.36 4.34 -2.9 -4.27 0.17 6.39 10.92 7.41 -2.26 1.86 5.69 6.92 -1.51 -11.93 -21.93 -12.85 -13.48 -12.03 -10.78 -17.93 -20.94 -21.28 -20.28 -19.47 -21.48 -21.67 -19.98 -18.83 -18.8 -19.39 -19.22 -20.29 -21.44 -22.23 -24.34 -25.94 -26.8 -27.45 -28.11 -26.47 -22.46 -25.01 -25.62 -26.11 -25.74 -26.41 -27.19 -26.61 -27.3 -22.68 -21.58 -21.76 -22.82 -22.82 -23.76 -24.79 -25.44 -26.87 -28.23
-9999 -9999 -9999 -9999 -9999 -9999 -9999 -9999 52.53947 46.76 43.39 42.23 43.62 38.98 33.75 22.95 17.71 2.7 -0.44 1.87 6.98 6.64 10.59 11.65 -4.01 4.08 9.1 13.19 12.54 2.49 -9.22 -13.96 -14.85 -9.98 -9.36 -9.71 -14.23 -17.66 -20.3 -19.77 -20.38 -20.61 -19.63 -19.06 -19.32 -18.12 -18.77 -21.46 -21.78 -22.38 -22.45 -22.03 -23.16 -25.21 -26.52 -26.39 -22.64 -21.6 -23.88 -23.4 -24.18 -24.94 -24.87 -23.42 -22.05 -24.44 -22.1 -24.12 -23.48 -22.86 -22.63 -23.85 -24.56 -25 -25 -25.39
-9999 -9999 -9999 -9999 -9999 -9999 -9999 -9999 49.69565 46.11 46.43 43.49 40.32 30.64 30.91 27.33 15.47 13.51 13.94 12.38 14.43 2.02 2.75 -4.98 -1.93 9.11 15.29 17.14 11.73 3.05 -3.48 -4.13 -5.79 -1.5 -4.41 -6.85 -12.68 -17.82 -16.86 -16.87 -17.48 -20.9 -20.06 -19.2 -18.54 -16.37 -17.34 -19.55 -19.81 -19.54 -19.26 -19.68 -20.07 -22.55 -22.18 -20.36 -20.13 -20.42 -20.97 -25.4 -25.37 -26.41 -27.44 -26.23 -24.75 -24.74 -26.62 -27.33 -26.3 -26.54 -29.23 -28.31 -30.1 -27.01 -25.39 -24.97
-9999 -9999 -9999 -9999 -9999 -9999 -9999 -9999 50.90625 47.49 42.64 40.75 35.23 35.12 31.2 25.58 18.3 15.55 25.37 13.87 0.05 -3.04 -3.09 0.5 5.01 5.45 6.51 15.61 10.84 -1.27 -11.67 -0.67 2.04 1.68 -2.32 -5.18 -10.94 -15.14 -13.35 -17.24 -18.47 -18.09 -19.37 -18.2 -17.22 -17.11 -17.88 -19.41 -18.83 -17.45 -16.99 -17.89 -18.14 -19.05 -19.88 -21.01 -20.57 -20.04 -21.61 -24.9 -25.7 -26.31 -26.38 -26.43 -25.59 -25.38 -25.92 -30.38 -35.4 -36.31 -34.45 -27.56 -27.7 -30.24 -28.8 -30.25
-9999 -9999 -9999 -9999 -9999 -9999 -9999 -9999 50.16667 47.13131 43.94 41.08 38.36 34.65 29.47 27.84 19.09 19.45 24.84 10.84 -9.92 3.1 0.88 1.38 7.66 15.08 15.38 12.99 7.7 9.22 0.6 4.37 2.09 -7.76 -12.81 -12.49 -10.59 -9.8 -14.46 -17.98 -19.38 -20.24 -20.35 -20.19 -19.24 -20.13 -21.47 -20.41 -20.48 -20.08 -19.48 -18.78 -19.75 -20.48 -21.64 -22.14 -20.88 -20.24 -21.97 -22.36 -21.25 -22.56 -23.12 -23.6 -23.94 -24.53 -23.97 -28.51 -33.73 -31 -28.99 -28.32 -29.43 -30.62 -34.15 -37.01
-9999 -9999 -9999 -9999 -9999 -9999 -9999 -9999 -9999 46.26582 40.9 38.07 31.88 26.67 27.21 29 26.73 28.74 12.46 2.17 11.41 12.47 4.63 11.36 3.94 13.69 4.62 3.4 14.16 13.42 7.68 9.3 0.22 -8.46 -9.16 -6.29 -4.05 -10.58 -14.34 -16.32 -18.45 -20.53 -21.67 -22.3 -22.73 -22.95 -23.02 -22.06 -20.04 -18.1 -20.39 -19.11 -19.3 -19.47 -18.99 -19.27 -20.06 -20.61 -20.96 -20.88 -21.02 -21.42 -22.45 -23.8 -24.07 -24.05 -24.81 -25.66 -29.02 -26.66 -28.45 -33.36 -40.2 -44.36 -44.64 -46.17
-9999 -9999 -9999 -9999 -9999 -9999 -9999 -9999 -9999 45.54717 41.36 37.27 34.28 30.01 30.04 27.68 30.4 15.28 8.63 7.24 22.71 16.06 13.06 19.72 16.72 12.04 1.58 1.06 17.64 12.41 4.78 5.07 -1.96 -3.45 -5.77 -5.82 -11.55 -14.28 -14.22 -14.59 -15.97 -19.67 -21.52 -23.65 -23.19 -22.27 -23.01 -23.14 -21.75 -19.57 -18.85 -18.72 -18.48 -19.16 -19.18 -19.39 -20.51 -20.79 -22.3 -21.07 -21.58 -22.05 -22.68 -23.5 -24.01 -24.28 -24.77 -26.32 -28.97 -30.07 -30.59 -40.71 -57.23 -57.62 -52.24 -48.14
-9999 -9999 -9999 -9999 -9999 -9999 -9999 -9999 -9999 44.5 40.64516 39.25 36.49 32.04 29.34 30.21 26.1 21.9 22.03 18.01 22.46 17.73 16.71 16.63 12.91 14.3 14.92 14.75 20.45 8.77 4.21 6.47 4.69 -1.26 -7.77 -8.93 -10.58 -13.72 -15.4 -16.11 -15.62 -16.62 -18.72 -19.45 -20.04 -20.28 -21 -21.21 -20.35 -19.01 -17.8 -18.22 -18.87 -20.04 -19.92 -19.56 -21.59 -21.47 -23.4 -22.26 -22.12 -23.01 -23.79 -23.19 -24.09 -26.8 -29.64 -30.61 -32.12 -37.09 -47.28 -56.06 -54.04 -44.49 -49.45 -41.54
-9999 -9999 -9999 -9999 -9999 -9999 -9999 -9999 -9999 -9999 41.71429 36.53 37.69 34.91 32.09 25.6 12.13 13.55 0.69 2.35 11.02 6.06 7.96 4.87 2.45 3.97 8.96 9.5 18.51 15.13 13.68 11.21 9.61 -0.24 -5.82 -7.73 -10.08 -12.2 -14.89 -16.07 -16.43 -17.51 -17.96 -17.95 -18.49 -18.84 -19.64 -19.5 -20 -19.49 -18.36 -18.6 -19.79 -20.87 -20.31 -21.21 -23.02 -22.03 -23.75 -23.52 -23.46 -24.69 -23.43 -24.38 -26.85 -29.89 -34.3 -47.22 -48.82 -48.8 -33.79 -34.19 -46.93 -39.09 -31.14 -33.66
