layers/wordclim/past/Iberia_lig_10_ascii/bio_02.asc
ncols         166
nrows         94
xllcorner     -9.4959440078468
yllcorner     36.000324005443
cellsize      0.083333337679505
NODATA_value  -9999
[rows 0 to 32 of 94, columns 75 to 149 of 166]
-9999 -9999 -9999 -9999 -9999 -9999 -9999 -9999 -9999 -9999 -9999 -9999 -9999 -9999 -9999 -9999 -9999 -9999 -9999 -9999 -9999 -9999 -9999 -9999 -9999 -9999 -9999 -9999 -9999 -9999 -9999 -9999 -9999 -9999 -9999 -9999 -9999 -9999 -9999 -9999 -9999 -9999 -9999 -9999 -9999 -9999 -9999 -9999 -9999 -9999 -9999 -9999 -9999 -9999 -9999 -9999 -9999 -9999 -9999 -9999 -9999 -9999 -9999 -9999 -9999 -9999 -9999 -9999 -9999 -9999 -9999 -9999 -9999 -9999 -9999
-9999 -9999 -9999 -9999 -9999 -9999 -9999 -9999 -9999 -9999 -9999 -9999 -9999 -9999 -9999 -9999 -9999 -9999 -9999 -9999 -9999 -9999 -9999 -9999 -9999 -9999 -9999 -9999 -9999 -9999 -9999 -9999 -9999 -9999 -9999 -9999 -9999 -9999 -9999 -9999 -9999 -9999 -9999 -9999 -9999 -9999 -9999 -9999 -9999 -9999 -9999 -9999 -9999 -9999 -9999 -9999 -9999 -9999 -9999 -9999 -9999 -9999 -9999 -9999 -9999 -9999 -9999 -9999 -9999 -9999 -9999 -9999 -9999 -9999 -9999
-9999 -9999 -9999 -9999 -9999 -9999 -9999 -9999 -9999 -9999 -9999 -9999 -9999 -9999 -9999 -9999 -9999 -9999 -9999 -9999 -9999 -9999 -9999 -9999 -9999 -9999 -9999 -9999 -9999 -9999 -9999 -9999 -9999 -9999 -9999 -9999 -9999 -9999 -9999 -9999 -9999 -9999 -9999 -9999 -9999 -9999 -9999 -9999 -9999 -9999 -9999 -9999 -9999 -9999 -9999 -9999 -9999 -9999 -9999 -9999 -9999 -9999 -9999 -9999 -9999 -9999 -9999 -9999 -9999 -9999 -9999 -9999 -9999 -9999 -9999
-9999 -9999 -9999 -9999 -9999 -9999 -9999 -9999 -9999 -9999 -9999 -9999 -9999 -9999 -9999 -9999 -9999 -9999 -9999 -9999 -9999 -9999 -9999 -9999 -9999 -9999 -9999 -9999 -9999 -9999 -9999 -9999 -9999 -9999 -9999 -9999 -9999 -9999 -9999 -9999 -9999 -9999 -9999 -9999 -9999 -9999 -9999 -9999 -9999 -9999 -9999 -9999 -9999 -9999 -9999 -9999 -9999 -9999 -9999 -9999 -9999 -9999 -9999 -9999 -9999 -9999 -9999 -9999 -9999 -9999 -9999 -9999 -9999 -9999 -9999
-9999 -9999 -9999 60.33333 61.5 64.03448 63.83333 -9999 -9999 -9999 -9999 -9999 -9999 -9999 -9999 -9999 -9999 -9999 -9999 -9999 -9999 -9999 -9999 -9999 -9999 -9999 -9999 -9999 -9999 -9999 -9999 -9999 -9999 -9999 -9999 -9999 -9999 -9999 -9999 -9999 -9999 -9999 -9999 -9999 -9999 -9999 -9999 -9999 -9999 -9999 -9999 -9999 -9999 -9999 -9999 -9999 -9999 -9999 -9999 -9999 -9999 -9999 -9999 -9999 -9999 -9999 -9999 -9999 -9999 -9999 -9999 -9999 -9999 -9999 -9999
60.62963 60.40741 59.71429 60.05747 61.88 65.22 66.43023 68.46154 70.27273 71.14286 -9999 -9999 -9999 -9999 -9999 79 81.37143 80.43243 81 -9999 -9999 -9999 -9999 -9999 -9999 -9999 -9999 -9999 -9999 -9999 -9999 -9999 -9999 -9999 -9999 -9999 -9999 -9999 -9999 -9999 -9999 -9999 -9999 -9999 -9999 -9999 -9999 -9999 -9999 -9999 -9999 -9999 -9999 -9999 -9999 -9999 -9999 -9999 -9999 -9999 -9999 -9999 -9999 -9999 -9999 -9999 -9999 -9999 -9999 -9999 -9999 -9999 -9999 -9999 -9999
66.84 63.87 64.2347 60.80808 63.46 65.31 67.81 70.26 73.25 73.78788 75.72603 76.55 77.81967 78.7541 79.71429 80.47916 82.09 84.74 84.5 86.55264 87.31707 90.61539 91.2 -9999 -9999 -9999 -9999 -9999 -9999 -9999 -9999 -9999 -9999 -9999 -9999 -9999 -9999 -9999 -9999 -9999 -9999 -9999 -9999 -9999 -9999 -9999 -9999 -9999 -9999 -9999 -9999 -9999 -9999 -9999 -9999 -9999 -9999 -9999 -9999 -9999 -9999 -9999 -9999 -9999 -9999 -9999 -9999 -9999 -9999 -9999 -9999 -9999 -9999 -9999 -9999
67.85 66.23 67.17 69.08 66.28 67.87 70.83 74.84 76.36 77.49 79.22 80.38 82.03 82.99 82.51 85.5 86.08 89.22 87.4 89.23 91.32 92.13 92.7619 -9999 -9999 -9999 -9999 -9999 -9999 -9999 -9999 -9999 -9999 -9999 -9999 -9999 -9999 -9999 -9999 -9999 -9999 -9999 -9999 -9999 -9999 -9999 -9999 -9999 -9999 -9999 -9999 -9999 -9999 -9999 -9999 -9999 -9999 -9999 -9999 -9999 -9999 -9999 -9999 -9999 -9999 -9999 -9999 -9999 -9999 -9999 -9999 -9999 -9999 -9999 -9999
70.81 69.16 70.17 70.48 71.49 72.65 77.52 77.45 78.39 80.01 82.29 83.84 85.21 85.62 86.18 89.55 91.09 91.86 90.78 91.28 92.22 93.84931 95 95.73333 -9999 -9999 -9999 -9999 -9999 -9999 -9999 -9999 -9999 -9999 -9999 -9999 -9999 -9999 -9999 -9999 -9999 -9999 -9999 -9999 -9999 -9999 -9999 -9999 -9999 -9999 -9999 -9999 -9999 -9999 -9999 -9999 -9999 -9999 -9999 -9999 -9999 -9999 -9999 -9999 -9999 -9999 -9999 -9999 -9999 -9999 -9999 -9999 -9999 -9999 -9999
79.65 78.65 73.6 74.41 80.14 85.07 82.25 83.69 81.72 82.27 85.73 85.45 85.63 87.41 90.29 91.61 93.72 94.41 94.94 95.27 95.2 95.45 95.64815 95.09524 95.41071 95.75 -9999 -9999 -9999 -9999 -9999 -9999 -9999 -9999 -9999 -9999 -9999 -9999 -9999 -9999 -9999 -9999 -9999 -9999 -9999 -9999 -9999 -9999 -9999 -9999 -9999 -9999 -9999 -9999 -9999 -9999 -9999 -9999 -9999 -9999 -9999 -9999 -9999 -9999 -9999 -9999 -9999 -9999 -9999 -9999 -9999 -9999 -9999 -9999 -9999
81.76 82.7 81.97 81.69 81.78 84.19 83.59 84.73 87.31 88.98 91.34 90.55 90.83 92.67 93.85 94.52 95.26 95.97 96.66 97.16 97.25 97.22 96.95 96.67 96.4 95.82 94.47312 93.72131 92.5 88.36207 82.2 -9999 -9999 -9999 -9999 -9999 -9999 -9999 -9999 -9999 -9999 -9999 -9999 -9999 -9999 -9999 -9999 -9999 -9999 -9999 -9999 -9999 -9999 -9999 -9999 -9999 -9999 -9999 -9999 -9999 -9999 -9999 -9999 -9999 -9999 -9999 -9999 -9999 -9999 -9999 -9999 -9999 -9999 -9999 -9999
84.94 83.71 84.49 85.88 86 84.7 84.96 86.3 88.06 89.9 91.23 93.39 93.88 94.66 95.42 96.05 96.9 97.52 98.52 98.94 99.07 98.84 98.54 97.88 96.48 97.53 95.84 95.39 93.46 88.8 86.60526 87.26667 -9999 -9999 -9999 71.25 -9999 -9999 -9999 -9999 -9999 -9999 -9999 -9999 -9999 -9999 -9999 85.66666 81.71429 -9999 -9999 -9999 -9999 -9999 -9999 -9999 -9999 -9999 -9999 -9999 -9999 -9999 -9999 -9999 -9999 -9999 -9999 -9999 -9999 -9999 -9999 -9999 -9999 -9999 -9999
83.91 86.91 83.65 86.43 85.7 87.07 89.48 90.88 92.65 93.62 95.08 95.98 96.47 96.93 97.7 98.17 98.82 99.36 100.33 101.12 100.88 100.76 100.54 99.71 99.15 98.93 98.38 97.79 95.13 92.13 89.35 84.01075 84.26865 80.76923 82.31818 76.22222 72.50746 69.69231 -9999 -9999 -9999 -9999 -9999 -9999 -9999 -9999 82 85.86 78.99 71.71795 70.10909 74.35 73.5 -9999 -9999 -9999 -9999 -9999 -9999 -9999 -9999 -9999 -9999 -9999 -9999 -9999 -9999 -9999 -9999 -9999 -9999 -9999 -9999 -9999 -9999
89.27 88.71 85.03 85.66 87.09 89.65 91.14 92.71 95.02 95.46 96.28 97.03 98.02 98.5 98.86 99.26 100.26 100.82 101.49 101.9 101.46 101.42 101.52 101.2 100.53 99.64 98.74 98.75 97.53 96.91 95.79 91.68 88.81 79.85 82.72 86.79 76.01 79.27174 69.44186 70.25532 74.7193 76.90278 70.07407 70.03704 67.95 67.85 72.44736 80.36735 82.67 77.51 73.65 71.3 74.82927 70.74603 70.87878 68.6875 -9999 -9999 -9999 -9999 -9999 -9999 -9999 -9999 -9999 -9999 -9999 -9999 -9999 -9999 -9999 -9999 -9999 -9999 -9999
88.88 90.12 89.7 89.48 89.53 92.41 95.09 96.38 96.63 97.55 98.31 99.03 99.11 99.81 100.48 100.63 100.79 101.67 102.9 102.92 102.01 101.84 102.08 101.91 100.98 100.13 100.35 100.1 99.96 98.27 96.66 96.05 94.77 91.04 89.34 91.3 85.95 88.01 80.94 77.26 81.77 85.58 76.38 75.89 70.84 78.78 66.92 69.27 71.8 70.62 69.88 73.3 81.29 75.41 74.93 69 66.77778 -9999 -9999 -9999 -9999 -9999 -9999 -9999 -9999 -9999 -9999 -9999 -9999 -9999 -9999 -9999 -9999 -9999 -9999
91.85 91.92 90.67 90.62 91.48 92.26 93.78 95.33 96.68 98.24 99.42 100.02 100.23 100.85 101.02 101.48 101.52 102.31 103.39 103.69 103.26 103.33 102.98 102.43 102.02 101.23 100.33 98.79 99.38 99.72 97.69 97.35 95.64 96.01 95.93 92.17 88.87 90.77 89.28 90.13 94.19 90.7 78.88 80.23 85.41 78.02 74.65 77.89 76.11 73.24 68.52 69.63 79.89 82.71 78.19 72.1 72.56 -9999 -9999 -9999 -9999 -9999 -9999 -9999 -9999 -9999 -9999 -9999 -9999 -9999 -9999 -9999 -9999 -9999 -9999
93.54 93.49 93.67 93.69 94.79 95.28 95.65 97.3 98.17 99.09 100.13 100.44 100.96 101.71 101.97 102.25 102.99 103.11 103.87 103.71 103.93 103.66 103.17 102.36 101.56 100.69 100.16 98.63 98.01 98.96 98.08 97.77 96.64 96.9 96.73 93.93 91.7 90.47 94.63 94.72 98.04 92.75 88.65 88.63 87.99 83.13 85.39 87.81 81.97 73.21 74.29 74.54 82.24 79.49 75.65 74.88 79.10638 70.80645 68.79365 69.11579 70.96629 75.75926 77 -9999 65 65 67 -9999 -9999 -9999 -9999 74.33334 78.6 79.57143 79.01471
96.55 97.81 98.38 97.92 98.18 97.33 98.8 101.2 101.34 101.68 102.26 102.89 102.86 102.86 102.52 102.87 103.64 103.3 103.48 103.52 103.61 103.7 103.43 103 102.14 101.54 100.53 99.28 98.52 98.92 98.7 96.77 96.35 95.86 94.86 94.6 93.47 92.41 92.26 95.76 98.86 99.04 97.31 94.16 91.23 87.25 84.9 88.26 87.27 85.27 85.84 83.22 84.5 76.33 78.83 82.65 82.96 79.18 77.51 77.8 77.8 76.89 74.08219 69.75758 68.8125 68.85 71.3 73.05882 74.11429 74.65 76 76.80851 78.53 79.84 80.34
99.35 99.98 99.88 101.01 101.31 100.72 102.74 103.75 104.05 104.86 105.16 105.32 105.42 104.9 103.84 103.44 103.65 103.62 103.73 103.97 103.99 104.05 103.89 103.27 102.92 102.24 101.52 100.83 99.67 100.05 99.52 98.05 95.9 94.19 93.87 93.07 90.44 92.12 93.02 95.26 98.96 100.38 96.45 97.88 93.11 95.1 90.31 93.08 89.51 85.57 90.01 89.25 81.17 78.76 81.07 85.11 80.88 76.12 73.84 73.25 74.9 73.82 72.93 73.41 74.47 73.59 73.47 75.15 75.7 75.55 75.47 76.01 77.1 78.03 79.3
100.75 101.09 101.59 101.94 102.87 103.38 104.49 105.26 105.92 106.49 106.5 106.84 106.64 106.23 105.57 105.35 104.23 103.6 103.92 103.98 104.03 104 103.95 103.31 103.01 102.95 102.19 101.55 100.72 100.72 100.44 99.89 99.46 98.55 97.86 96.97 97.34 97.71 96.47 97.54 97.66 100.8 98.75 101.22 98.99 96 93.98 96.22 90.93 93.11 94.3 86.95 80.28 82.68 85.33 83.53 78.19 75.41 74.72 75.34 75.52 77.53 75.57 75.61 75.8 75.79 74.9 74.78 75.27 75.01 75.24 75.34 75.89 76.56 77.79
101.32 102.21 102.86 103.43 104.23 104.46 105.59 106.5 106.48 106.03 107.25 107.65 107.69 107.6 107.06 106.73 105.2 104.47 104.43 104.12 104 104 103.97 103.39 103.01 103 102.76 102.05 101.63 101.2 100.98 100.31 99.82 99.51 99.21 98.37 99.24 100.14 100.19 101.51 101.58 103.1 101.03 101.12 97.57 97.04 95.64 97.69 93.07 97.03 95.04 92.36 85.83 83.77 85.58 82.36 79.42 77.64 79.3 77.59 75.1 77.89 76.76 75.87 75.29 75.19 74 73.65 74.05 73.73 73.65 73.69 74.23 74.78 76.15
102.1 102.85 103.14 103.57 103.5 104.38 104.7 105.33 105.98 107.58 108.79 108.26 108.7 108.12 107.54 106.56 105.81 105.24 104.37 104.01 103.95 103.93 104 103.89 103.22 103 102.28 101.65 101.6 101.7 100.98 100.92 100.23 100.26 100.03 99.26 100.07 101.29 101.9 103.16 104.34 105.19 100.11 98.78 97.99 100 97.77 93.75 91.7 95.76 88.72 88.79 88.22 88.5 87.92 85.4 83.19 81.58 80.09 78.65 78.38 77.89 76.54 75.63 75.04 74.72 74.03 73.31 72.92 72.78 72.5 72.2 72.44 73.58 74.8
102.41 103.47 104.4 105.26 105.14 106.57 106.33 108.29 108.78 110.24 109.2 108.63 109 108.8 108.07 107.36 106.91 106.27 105.06 104.49 104 103.41 103.28 103.15 103 102.99 101.92 100.93 101.29 101.98 101.3 100.38 100.47 100.98 101.03 100.63 101.11 102 102.39 104.16 105.31 106.03 105.05 103.59 100.87 100.56 100.86 96.43 97.38 96.84 91.57 93.71 92.3 89.95 87.65 85 82.48 81.68 80.64 79.3 78.07 77.09 76.02 75.05 74.36 73.85 73.16 72.6 72.1 71.82 71.14 70.71 71.01 71.66 73.07
103.07 103.85 104.94 105.99 106.9 107.98 109.42 110.52 111.44 112.34 112.07 111.03 109.87 109.46 108.85 107.99 107.06 106.27 105.47 105.01 104.36 103.95 103.4 103.12 103.04 102.65 101.84 101.71 101.64 101.96 101.35 100.46 99.45 100.63 100.99 101.79 102.38 102.88 102.46 104.59 106.28 106.85 107.14 107.07 106.55 106.17 103.66 101.44 100.43 99.72 97.14 95.32 92.17 90.16 87.89 84.9 82.62 80.68 79.66 78.78 77.47 76.42 75.37 74.4 73.68 73.05 72.43 72.01 71.71 71.3 70.39 69.78 69.83 70.98 71.96
103.18 104.13 105.16 106.43 107.57 108.62 110.06 111.12 112.6 113.35 112.89 111.89 110.84 109.78 108.81 107.82 104.59 104.34 105.33 104.64 104.02 103.69 103.03 103 103 102.97 102.51 102 102.11 102.13 101.62 100.7 99.21 99.71 100.91 101.79 102.79 103.34 104.02 105.64 106.73 106.92 108.5 109.61 110.12 109.11 108.87 107.14 104.92 102 98.41 95.1 92.09 88.99 86.73 84.46 82.4 80.18 78.58 77.63 76.73 75.47 74.59 73.71 72.98 72.26 71.96 71.36 70.94 70.13 69.67 69.7 69.97 70.36 71.52084
102.82 104.01 105.21 106.41 107.33 108.66 110.14 111.34 112.51 113.01 112.61 111.94 111.02 110 109.05 107.4 106 104.22 104.39 104.28 103.67 103.29 102.99 102.84 102.32 102.41 102.58 102.65 102.32 102.07 101.26 100.66 99.67 99.03 99.66 100.75 102.49 103.6 104.6 106.03 107.03 107.8 109.16 110.16 110.28 109.78 111.57 109.29 105.78 102.05 98.32 94.62 91.23 88.13 85.44 82.96 81.03 79.49 78.01 76.71 75.42 74.68 73.84 72.93 72.31 71.63 71.07 70.5 70.08 69.82 69.5 69.9898 69.93104 70.39286 71.375
102.54 103.9 104.55 105.75 107.04 108.34 109.48 110.68 111.78 112.14 111.9 111.29 110.64 109.76 108.81 107.73 106.44 105.47 104.6 103.93 103.07 102.77 102.48 102.03 101.8 101.35 101.66 102.09 102.2 102 101.59 101.05 101.03 100.87 100.15 99.92 101.11 102.1 102.38 104.52 106.4 107.71 109.02 109.92 110.82 111.97 112.4 109.62 105.41 101.1 97.13 93.29 89.75 86.53 84.07 82.04 80.27 78.64 77.05 75.69 74.58 73.73 73 72.23 71.47 71 70.37 69.98 69.73 69.46465 69.42105 69.86364 70 -9999 -9999
102.32 103.08 104.05 105.38 106.34 107.34 108.82 110.01 110.76 111.11 111.1 110.97 110.07 109.32 108.4 107.53 106.52 105.39 104.14 103.46 102.81 102.11 101.92 101.49 101.17 100.34 100.66 100.51 100.39 101 101.16 101.13 101.06 101.02 101.05 101.01 101.19 102.53 103.35 104.03 105.49 106.42 107.86 109.16 110.07 110.61 110.06 107.36 103.43 99.32 95.12 91.16 87.66 84.85 82.69 80.85 79.29 77.54 75.76 74.68 73.64 73.06 72.05 71.27 70.86 70.6 69.98 69.89362 69.85714 70 -9999 -9999 -9999 -9999 -9999
102.8 103.33 104.11 105.04 105.99 107.22 108.12 108.96 109.67 110.31 110.56 110.17 109.16 108.4 107.75 106.91 105.82 104.76 103.8 102.78 102.13 101.68 101.2 100.95 100.23 99.74 99.42 98.68 98.79 99.32 99.85 100.4 100.9 101 100.94 100.98 101.35 102.08 102.89 104.07 105.12 105.82 106.14 107.73 108.08 107.95 106.41 103.14 99.24 95.63 92.28 88.75 86.01 83.76 81.71 79.91 78.36 76.82 74.97 73.47 72.69 72.14 71.4 70.69 70.19 70.18085 70.0303 70 -9999 -9999 -9999 -9999 -9999 -9999 -9999
103.03 103.89 104.77 105.76 106.18 107.04 108.3 108.92 109.4 109.44 109.42 109.02 108.07 107.56 106.9 105.96 105.21 104.02 103.16 102.24 101.29 100.36 99.44 99.43 99.21 98.33 98.1 97.17 97.91 98.86 99.15 99.78 99.94 100.3 100.46 100.45 101 101.49 102.18 103.16 104.33 104.64 105.38 105.83 105.22 103.98 101.66 98.28 95.28 92.2 88.97 86.89 84.46 82.04 79.82 77.89 77.16 75.4 73.07 72.29 71.81 71.5 70.78 70.62 70.03191 70.17391 -9999 -9999 -9999 -9999 -9999 -9999 -9999 -9999 -9999
103.51 104.13 104.8 105.46 106.16 106.95 107.67 108.2 108.69 108.99 108.89 108.06 107.41 106.81 105.95 105.11 104.58 103.62 102.77 101.88 100.65 99.36 98.35 97.81 97.59 96.95 96.41 96.17 96.8 97.35 97.88 98.26 98.8 99.15 99.74 100.44 100.97 101.6 102.2 102.84 103.24 103.11 103.51 103.55 102.92 102.7 100.96 97.28 92.29 89.31 86.63 84.27 83.22 78.82 76.34 75.13 74.09 72.57 71.68 71.42 70.99 70.7653 70.33334 70.39706 70 -9999 -9999 -9999 -9999 -9999 -9999 -9999 -9999 -9999 -9999
103.41 104.23 104.65 104.57 105.45 105.81 106.38 107.82 108.22 108.63 108.39 107.91 107.23 106.92 106.16 105.35 104.21 103.14 102.11 100.9 99.7 98.4 97.33 96.37 95.62 95.31 94.99 95.28 95.76 96.05 96.5 97.28 97.87 98.42 98.72 99.12 99.72 100.4 100.84 101.43 101.52 102.15 102.26 101.91 100.67 100.47 98.77 95.86 93.34 90.03 86.69 83.72 79.75 74.63 72.76 71.97 71.45918 70.96203 70.89394 71 70.86957 70.33334 -9999 -9999 -9999 -9999 -9999 -9999 -9999 -9999 -9999 -9999 -9999 -9999 -9999
102.53 103.35 103.53 104.1 104.67 105.06 105.9 107.26 107.87 108.04 108.1 108.04 107.65 107.01 106.21 105.33 104.34 102.99 101.75 100.38 98.93 97.64 96.47 95.39 94.59 94.01 93.81 93.86 94.27 94.14 93.87 95.23 96.46 96.65 97.24 97.7 98.14 98.35 99.28 99.75 99.81 100.37 99.95 99.13 97.75 98.23 96.66 94.38 91.53 88.18 84.84 80.38 75.9 72.24691 70.45283 70.125 70 -9999 -9999 -9999 -9999 -9999 -9999 -9999 -9999 -9999 -9999 -9999 -9999 -9999 -9999 -9999 -9999 -9999 -9999
