layers/wordclim/past/Iberia_lig_10_ascii/bio_7.asc
ncols         166
nrows         94
xllcorner     -9.4959440078468
yllcorner     36.000324005443
cellsize      0.083333337679505
NODATA_value  -9999
[rows 0 to 31 of 94, columns 73 to 145 of 166]
-9999 -9999 -9999 -9999 -9999 -9999 -9999 -9999 -9999 -9999 -9999 -9999 -9999 -9999 -9999 -9999 -9999 -9999 -9999 -9999 -9999 -9999 -9999 -9999 -9999 -9999 -9999 -9999 -9999 -9999 -9999 -9999 -9999 -9999 -9999 -9999 -9999 -9999 -9999 -9999 -9999 -9999 -9999 -9999 -9999 -9999 -9999 -9999 -9999 -9999 -9999 -9999 -9999 -9999 -9999 -9999 -9999 -9999 -9999 -9999 -9999 -9999 -9999 -9999 -9999 -9999 -9999 -9999 -9999 -9999 -9999 -9999 -9999
-9999 -9999 -9999 -9999 -9999 -9999 -9999 -9999 -9999 -9999 -9999 -9999 -9999 -9999 -9999 -9999 -9999 -9999 -9999 -9999 -9999 -9999 -9999 -9999 -9999 -9999 -9999 -9999 -9999 -9999 -9999 -9999 -9999 -9999 -9999 -9999 -9999 -9999 -9999 -9999 -9999 -9999 -9999 -9999 -9999 -9999 -9999 -9999 -9999 -9999 -9999 -9999 -9999 -9999 -9999 -9999 -9999 -9999 -9999 -9999 -9999 -9999 -9999 -9999 -9999 -9999 -9999 -9999 -9999 -9999 -9999 -9999 -9999
-9999 -9999 -9999 -9999 -9999 -9999 -9999 -9999 -9999 -9999 -9999 -9999 -9999 -9999 -9999 -9999 -9999 -9999 -9999 -9999 -9999 -9999 -9999 -9999 -9999 -9999 -9999 -9999 -9999 -9999 -9999 -9999 -9999 -9999 -9999 -9999 -9999 -9999 -9999 -9999 -9999 -9999 -9999 -9999 -9999 -9999 -9999 -9999 -9999 -9999 -9999 -9999 -9999 -9999 -9999 -9999 -9999 -9999 -9999 -9999 -9999 -9999 -9999 -9999 -9999 -9999 -9999 -9999 -9999 -9999 -9999 -9999 -9999
-9999 -9999 -9999 -9999 -9999 -9999 -9999 -9999 -9999 -9999 -9999 -9999 -9999 -9999 -9999 -9999 -9999 -9999 -9999 -9999 -9999 -9999 -9999 -9999 -9999 -9999 -9999 -9999 -9999 -9999 -9999 -9999 -9999 -9999 -9999 -9999 -9999 -9999 -9999 -9999 -9999 -9999 -9999 -9999 -9999 -9999 -9999 -9999 -9999 -9999 -9999 -9999 -9999 -9999 -9999 -9999 -9999 -9999 -9999 -9999 -9999 -9999 -9999 -9999 -9999 -9999 -9999 -9999 -9999 -9999 -9999 -9999 -9999
-9999 -9999 -9999 -9999 -9999 212.8333 213.65 216.069 213.5 -9999 -9999 -9999 -9999 -9999 -9999 -9999 -9999 -9999 -9999 -9999 -9999 -9999 -9999 -9999 -9999 -9999 -9999 -9999 -9999 -9999 -9999 -9999 -9999 -9999 -9999 -9999 -9999 -9999 -9999 -9999 -9999 -9999 -9999 -9999 -9999 -9999 -9999 -9999 -9999 -9999 -9999 -9999 -9999 -9999 -9999 -9999 -9999 -9999 -9999 -9999 -9999 -9999 -9999 -9999 -9999 -9999 -9999 -9999 -9999 -9999 -9999 -9999 -9999
218.51 219.4045 216.7778 217.2963 216.1429 215.3448 216.47 220.26 219.9767 222.0641 224.0182 224.2857 -9999 -9999 -9999 -9999 -9999 238.6667 242.5714 243.946 249 -9999 -9999 -9999 -9999 -9999 -9999 -9999 -9999 -9999 -9999 -9999 -9999 -9999 -9999 -9999 -9999 -9999 -9999 -9999 -9999 -9999 -9999 -9999 -9999 -9999 -9999 -9999 -9999 -9999 -9999 -9999 -9999 -9999 -9999 -9999 -9999 -9999 -9999 -9999 -9999 -9999 -9999 -9999 -9999 -9999 -9999 -9999 -9999 -9999 -9999 -9999 -9999
230.25 231.18 231.26 225.32 225.7449 218.8788 221.31 221.95 224.89 227.77 231.91 230.4747 232.9041 232.9 233.4754 234.8361 236.7381 240.2188 245.37 254.89 256.8243 264 268.561 277.6154 279.8 -9999 -9999 -9999 -9999 -9999 -9999 -9999 -9999 -9999 -9999 -9999 -9999 -9999 -9999 -9999 -9999 -9999 -9999 -9999 -9999 -9999 -9999 -9999 -9999 -9999 -9999 -9999 -9999 -9999 -9999 -9999 -9999 -9999 -9999 -9999 -9999 -9999 -9999 -9999 -9999 -9999 -9999 -9999 -9999 -9999 -9999 -9999 -9999
238.33 240.14 235.25 231.75 233.2 236.05 229.14 229.56 233.2 240.14 241.05 241.37 243.77 244.38 245.39 246.47 244.51 254.09 256.92 270.24 266.43 272.67 279.78 283 285.0952 -9999 -9999 -9999 -9999 -9999 -9999 -9999 -9999 -9999 -9999 -9999 -9999 -9999 -9999 -9999 -9999 -9999 -9999 -9999 -9999 -9999 -9999 -9999 -9999 -9999 -9999 -9999 -9999 -9999 -9999 -9999 -9999 -9999 -9999 -9999 -9999 -9999 -9999 -9999 -9999 -9999 -9999 -9999 -9999 -9999 -9999 -9999 -9999
254.76 242.46 243.33 239.95 241.08 240.58 241.13 241.57 251.03 248.46 248.21 249.73 253.58 255.8 258.08 257.74 258.4 269.87 276.83 280.58 277.15 280.22 284.58 289.5205 296.5 295.6667 -9999 -9999 -9999 -9999 -9999 -9999 -9999 -9999 -9999 -9999 -9999 -9999 -9999 -9999 -9999 -9999 -9999 -9999 -9999 -9999 -9999 -9999 -9999 -9999 -9999 -9999 -9999 -9999 -9999 -9999 -9999 -9999 -9999 -9999 -9999 -9999 -9999 -9999 -9999 -9999 -9999 -9999 -9999 -9999 -9999 -9999 -9999
263.79 261.21 264.13 261.31 249.84 250.6 262.16 272.84 263.72 265.32 258.08 257.56 265.65 262.09 260.52 264.95 275.13 278.57 287.37 289.84 292.44 294.97 297.12 298.75 300.3333 300.0357 300.8214 301.75 -9999 -9999 -9999 -9999 -9999 -9999 -9999 -9999 -9999 -9999 -9999 -9999 -9999 -9999 -9999 -9999 -9999 -9999 -9999 -9999 -9999 -9999 -9999 -9999 -9999 -9999 -9999 -9999 -9999 -9999 -9999 -9999 -9999 -9999 -9999 -9999 -9999 -9999 -9999 -9999 -9999 -9999 -9999 -9999 -9999
269.62 270.18 270.98 272.45 269.96 268.27 267.28 272 268.8 270.22 275.44 278.35 284.49 279.87 278.83 284.82 290.2 291.51 292.89 295.61 298.57 301.11 302.97 303.46 304.06 304.63 304.35 304.05 303.2796 303.6721 302.86 300.7758 296.4 -9999 -9999 -9999 -9999 -9999 -9999 -9999 -9999 -9999 -9999 -9999 -9999 -9999 -9999 -9999 -9999 -9999 -9999 -9999 -9999 -9999 -9999 -9999 -9999 -9999 -9999 -9999 -9999 -9999 -9999 -9999 -9999 -9999 -9999 -9999 -9999 -9999 -9999 -9999 -9999
276.12 277.94 280.02 277 278.03 280.63 280.24 276 274.25 275.81 278.43 281.6 283.97 290.13 290.83 292.57 294.83 299.23 299.64 301.24 305.78 308.23 308.81 308.95 309.05 308.82 307.89 308.3 306.82 306.33 305.25 302.19 301.0263 302.4 -9999 -9999 -9999 290 -9999 -9999 -9999 -9999 -9999 -9999 -9999 -9999 -9999 -9999 -9999 310.8333 307.8571 -9999 -9999 -9999 -9999 -9999 -9999 -9999 -9999 -9999 -9999 -9999 -9999 -9999 -9999 -9999 -9999 -9999 -9999 -9999 -9999 -9999 -9999
278.78 278.23 279.88 286.03 278.16 283.48 280.8 282.36 286.93 289.4 292.93 294.46 297.77 300.1 300.65 301.34 304.35 305.19 306.95 308.27 312.44 316.18 315.89 315.49 315.08 313.91 312.72 312.65 311.56 310.35 308.37 305.94 304.44 300.2903 301.5373 298.5898 300.1591 295.2323 291.1343 289.3846 -9999 -9999 -9999 -9999 -9999 -9999 -9999 -9999 306.6364 311.57 304.82 297.4872 296.3818 300.95 299.8 -9999 -9999 -9999 -9999 -9999 -9999 -9999 -9999 -9999 -9999 -9999 -9999 -9999 -9999 -9999 -9999 -9999 -9999
291.23 290.57 293.38 291.62 282.94 283.37 285.65 290.5 292.74 295.71 300.72 301.16 302.69 304.36 306.03 306.9 307.93 308.79 312.09 314.4 317.78 319.75 318.54 318.84 319.13 318.82 317.64 315.81 314.59 314.3 312.08 311.47 310.43 307.78 305.92 298.73 301.82 305.07 295.89 299 289.814 292.0213 296.3333 299.0695 293.2963 293.7592 292.075 292.275 297.2105 306.2959 309.67 304.3 300.7 298.07 301.9146 297.3492 298.0606 295.9063 -9999 -9999 -9999 -9999 -9999 -9999 -9999 -9999 -9999 -9999 -9999 -9999 -9999 -9999 -9999
291.84 292.93 294.46 296.5 294.78 293.51 293.07 298.62 304.1 306.63 306.8 308.03 309.38 310.62 310.46 312.34 314.14 314.91 316.2 318.93 322.58 323.34 321.46 321.58 322.45 322.49 320.36 318.94 319 317.93 317.52 314.61 313.09 312.55 311.19 309.37 308.34 309.68 306.41 307.48 301.57 299.31 303.97 308.74 300.01 300.11 295.91 303.84 292.12 295.23 298.08 297.05 297.04 301.02 310.14 303.22 302.72 296.4742 294.4445 -9999 -9999 -9999 -9999 -9999 -9999 -9999 -9999 -9999 -9999 -9999 -9999 -9999 -9999
303.37 302.24 302.31 301.9 298.95 298.03 299.41 300.56 303.05 306.01 308.47 311.85 314.25 315.39 315.51 316.95 318.14 319.54 320.11 322.54 326.05 326.95 326.39 327.15 326.25 325.19 324.65 322.68 320.76 319.04 319.12 318.36 315.84 314.46 313.4 313.6 313.57 311.82 310.01 311.41 310.52 312.19 317.2 314.97 303.51 305.4 312.16 303.57 300.49 305.32 303.38 300.38 296.03 297.49 308.7 312.68 306.8 299.97 300.44 -9999 -9999 -9999 -9999 -9999 -9999 -9999 -9999 -9999 -9999 -9999 -9999 -9999 -9999
309 309.74 308.42 307.61 307.44 306.75 308.3 308.77 309.46 312.67 314.41 316.2 318.86 319.4 320.13 322.04 322.23 323.51 326.06 326.54 328.97 329.53 330.14 329.68 328.94 327.64 325.78 324 323.13 320.44 319.19 320.11 317.88 317.13 316.1 315.69 315.99 314.12 313.03 313.21 317.23 317.87 323.27 318.48 314.87 315.84 315.97 310.2 313.58 318.08 310.9 300.61 302.42 303.33 312.62 308.77 303.63 302.51 308.1915 298.1935 295.9365 296.0421 297.8876 302.5 303.9706 -9999 289 288.7 289.625 -9999 -9999 -9999 -9999
317.54 316.75 315.69 317.6 318.56 317.56 317.86 315.99 318.22 322.59 322.61 324.04 325.66 326.75 326.34 326.46 326.3 327.49 329.13 329.05 331.02 331.61 331.8 331.78 331.85 331.01 328.99 327.38 325.01 323.11 322.13 321.89 321.03 318.29 317.25 316.97 316.29 316.1 315.8 315.88 316.31 321.1 326.23 327.6 326.12 323.86 321.06 316.64 313.73 319.35 318.16 315.81 317.25 314.64 316.49 304.8 307.94 313.37 314.05 308.34 305.94 305.97 305.8 303.79 298.7808 293.606 292.35 291.88 293.67 295.1412 295.7714 296.45 300.6818
323.11 324.21 324.17 325.08 324.35 325.84 325.74 324.31 327.71 329.85 330.19 331.47 332.33 333.14 333.74 333.47 331.36 330.58 331.82 332.74 332.8 334.4 335.45 335.3 334.06 333.79 333.09 331.15 329.3 327.76 325.53 326.19 324.77 321.7 318.98 317.49 316.65 316.16 314.94 316.71 318.19 321.81 328.18 331.57 326.33 330.42 324.5 328.43 321.53 327.2 322.34 316.75 324.13 323.75 312.1 308.02 311.11 317.7 310.75 304.05 300.73 299.55 301.42 299.89 297.46 297.47 298.81 296.59 295.76 298.85 301.43 301.36 300.02
328.76 329.02 329.47 329.67 330.21 331.09 331.74 331.81 333.23 334.04 335.64 336.6 337.02 337.4 337.73 337.89 337.42 337.14 334.93 334.57 335.18 336.87 336.9 337.05 337.52 336.24 335.2 334.82 333.5 331.17 329.65 329.92 328.49 326.86 325.71 323.29 321.92 321.79 322.92 324.15 323.63 326.53 327.64 333.85 331.77 337.7 334.98 331.01 328.23 333.22 325.24 329.67 332.13 320.2 310.97 314.07 318.49 315.25 306.98 303.1 301.59 301.93 302.18 305.2 301.13 300.48 301.33 301.51 298.78 299.12 302.91 302.09 301.98
330.32 331.32 332.47 333.55 334.18 334.59 335.84 336.76 338.36 339.37 339.13 338.49 340.24 341.06 341.76 341.51 341.33 341.32 339.97 338.42 338.76 338.52 339.03 339.61 339.35 338.86 337.78 336.93 336.21 335.7 334.53 333.75 332.16 330.38 328.35 327.7 327.28 324.84 326.97 329.52 330.69 334.32 335.52 340.05 337.41 338.97 333.71 333.99 332.14 336.92 329.55 337.7 334.37 330.15 318.67 315.53 318.75 313.26 309 306.15 308.07 305.15 301.06 305.98 303.47 302.12 300.74 301.31 296.98 295.5 299.54 298.04 299.02
333.31 333.92 335.41 336.43 337.35 337.87 337.93 339.17 339.35 340.26 341.33 343.42 344.66 343.81 344.5 344.51 344.46 343.66 342.71 342.27 341.15 340.39 340.18 341.09 341.6 341.17 340.07 339.37 338.31 336.82 336.44 336.67 334.7 333.8 331.53 332 331.56 329.16 330.65 334.46 336.31 339.56 342.78 345.45 337.44 335.72 335.38 340.81 337.66 330.93 328.42 335.95 323.84 323.98 323.35 323.92 322.91 318.2 314.5 311.82 308.67 306.59 306.13 306.15 303.71 302.42 300.59 300.26 299.93 296.14 293.65 296.69 297.69
337.31 336.96 338.35 339.85 340.79 342.1 341.92 344 343.83 346.2 347.19 349.12 347.95 347.01 347.6 347.26 346.66 346.46 345.96 345.26 343.91 343.65 343.04 342.67 342.88 343.14 343.34 342.29 340.08 336.85 338.66 339.36 337.34 334.73 334.65 335.69 335.44 334.22 335.28 338.93 339.89 343.38 346.49 349.05 348.77 346.4 342.02 342.65 344.51 335.97 339.14 338.85 329.11 333.44 330.68 326.27 321.96 317.42 312.85 311.61 309.98 307.86 305.83 304.57 302.56 301.42 298.86 297.84 297.74 296.19 294.8 293.98 295.79
339.74 340.69 341.24 342.16 343.9 345.51 346.63 348.24 349.82 351.67 353.06 354.54 354.31 352.45 350.88 349.95 349.39 348.27 347.26 346.74 346.48 345.75 345.2 344.74 345.06 345.4 345.45 343.82 341.8 341.68 342.02 341.8 340.01 337.72 334.81 336.91 337.69 338.97 340.42 341.91 341.6 345.69 349.82 352.35 354.38 354.92 354.94 355.22 351.11 347.32 345.29 344.8 340.02 336.32 330.43 326.13 321.59 316.63 312.64 309.41 308 306.26 303.88 301.99 300.35 298.73 295.8 295.74 295.09 293.07 290.83 291.31 293.21
341.01 342.16 343.54 344.96 346.14 347.47 349.49 350.98 353.16 354.39 356.79 357.84 357.19 356.04 354.47 353.02 350.94 349.51 344.86 344.69 346.97 346.86 346.63 346.74 346.67 346.84 347.39 348.09 346.71 344.84 345.01 345.09 342.92 340.22 336.05 336.34 338.87 341.19 342.75 343.95 345.75 348.64 351.98 354.02 358.08 361.02 363.47 362.58 363.26 360.05 355.11 348.61 341.74 335.36 329.46 323.92 319.15 314.9 311.25 307.55 304.9 302.62 300.68 298.92 297.78 296.33 294.7 293.45 291.45 288.81 288.62 291.52 291.17
343.31 343.82 344.65 346.47 347.81 349.83 351.26 353.06 354.93 357.18 358.75 359.57 358.62 357.52 356.12 355.11 353.69 350.56 348.1 345.56 345.99 346.34 346.14 346.93 347.04 347.76 348.55 349.55 349.73 348.41 348.18 347.39 344.29 341.47 338.33 336.72 337.65 340.32 343.57 345.66 347.7 349.94 353 356.34 359.7 362.93 364.62 364.77 369.43 365.25 357.54 348.82 341.02 333.71 327.13 321.17 316.11 311.84 307.91 305.26 302.87 300.33 297.79 296.19 295.46 293.58 292.19 291.25 290.33 289.56 289.33 288.68 288.28
344.72 345.34 346.51 348.11 348.94 350.71 352.51 354.61 355.99 357.91 359.22 359.98 359.36 358.89 357.65 356.03 354.49 353.05 350.89 349.15 347.92 347.17 346.59 347.17 348 348.03 347.89 347.56 349.63 350.13 349.67 348.35 346.46 344.38 343.75 342.48 340.09 339.39 342.04 343.78 344.47 348.69 352.88 356.49 359.67 362.71 365.96 369.72 372.09 366 356.88 346.99 338.33 330.95 323.87 317.95 313.3 309.5 305.77 302.57 299.52 297.61 295.5 292.71 292.22 290.98 289.41 288.2 287.06 286.57 286.33 285.9596 285.9474
346.77 347.29 348.01 349.25 350.41 352.28 353.41 354.7 356.63 358.61 359.66 359.97 359.88 359.43 358.56 357.34 355.87 354.03 352.23 350.18 348.35 348.4 347.78 347.35 347.88 348.22 347.6 345.45 346.95 346.63 345.73 346.83 346.72 345.88 344.79 343.84 343.57 343.16 343.03 345.01 346.75 348.85 351.93 354.28 357.52 360.84 363.1 365.41 366.42 360.9 352.5 343.26 334.32 326.54 319.83 314.74 310.58 306.81 303.33 298.91 295.2 293.43 291.56 289.19 288.54 287.6 285.41 283.42 283.77 283.7234 284.0612 284.2222 -9999
348.28 348.86 349.96 350.88 352.08 353.17 354.62 356.52 357.56 358.58 359.11 360.38 360.88 360.16 358.66 357.34 356.25 354.98 353.27 351.23 348.8 347.03 347.63 347.25 347.47 347.48 346.34 345.59 344.64 342.51 342.92 343.79 345.02 344.94 344.36 343.93 343.41 343 343.51 344.49 346.39 349.2 350.94 352.69 354.23 356.86 358.82 359.78 357.73 351.04 343.11 335.62 328.4 321.43 315.48 310.3 306.65 302.97 300.62 296.97 293.08 288.97 287.06 285.7 284.17 283.45 282.75 280.383 281.1212 280.8 -9999 -9999 -9999
349.57 350.27 351.61 352.95 354.38 355.91 356.79 357.24 359.27 360 360.66 361.24 360.65 359.93 358.57 357.64 356.49 354.74 353.11 351.97 350.19 348.68 345.61 344.1 342.41 343.66 344.28 343.14 342.72 340.15 341.87 343.31 343.69 343.63 343.01 343.01 342.58 342.36 342.7 343.49 345.09 347.28 348.84 350.08 351.39 352.6 352.67 350.9 346.25 339.74 333.57 327.6 321.03 316.47 310.77 304.93 300.42 296.78 296.91 292.4 286.6 284.25 283.65 284.55 282.13 280.07 278.734 277.6956 -9999 -9999 -9999 -9999 -9999
350.52 351.98 353.45 354.29 355.52 356.74 357.93 359.15 359.87 360.43 361.39 361.8 361.37 359.97 358.62 357.49 356.31 355.2 353.59 351.93 350.07 348.33 345.01 342.41 340.68 340.08 340.35 338.85 338.5 338.04 339.38 340.55 341.17 341.58 341.45 341.62 341.79 342.12 342.6 343.63 344.26 344.99 346.15 346.67 347.26 347.25 345.75 344.83 341.83 335.7 327.04 321.56 316.79 312.35 307.76 295.17 290.36 288.08 286.65 282.14 280.07 280.39 279.48 281.0408 279.2963 276.9706 276.5517 -9999 -9999 -9999 -9999 -9999 -9999
351.7 352.9 354.02 355.47 356.71 357.22 358.23 358.85 360.16 361.74 362.52 362.38 361.54 360.69 359.8 359.04 357.8 355.79 353.51 351.53 349.6 347.51 345.1 341.86 339.33 337.45 336.21 335.39 335.59 336.34 337.83 338.41 338.67 339.98 340.12 340.13 340.29 340.31 340.48 341.13 341.74 342.34 342.82 343.35 342.95 342.15 339.96 338.04 335.1 330.72 325.45 320 314.04 305.96 296.6 283.42 279.59 277.91 277.7143 275.9494 276.6364 276.4773 276.6522 277.6667 -9999 -9999 -9999 -9999 -9999 -9999 -9999 -9999 -9999
