layers/wordclim/past/Iberia_lig_10_ascii/bio_14.asc
ncols         166
nrows         94
xllcorner     -9.4959440078468
yllcorner     36.000324005443
cellsize      0.083333337679505
NODATA_value  -9999
[rows 37 to 73 of 94, columns 0 to 82 of 166]
-9999 -9999 -9999 -9999 -9999 -9999 -9999 -9999 -9999 7 6.98913 7.43 8.34 8.74 10.1 9.27 9.42 8.31 8.57 8.33 7.49 7.13 6.86 7.63 7.89 7.42 6.98 7.09 7.35 7.2 6.89 7.62 7.07 6.88 6.75 7.49 8.39 8 8.14 8.67 8.89 9.02 9.82 10.71 11.2 10.7 10.36 10.83 11.05 11.59 11.99 12.52 13.68 13.64 14.16 14.32 14.08 13.09 13.16 12.73 15.16 15.23 16.87 17.8 16.82 14.56 14.44 13 12.51 13.11 10.07 8.47 9.44 10.19 10.75 9.8 10.6 13.47 13.74 14.09 14.94 12.94 12.25
-9999 -9999 -9999 -9999 -9999 -9999 -9999 -9999 6 6.310811 6.948453 7.35 7.39 8.26 9.22 10.67 10.98 8.13 7.37 6.99 6.74 6.88 7.01 7.17 6.52 6.7 6.94 8.66 8.08 7.53 7.6 7.5 7.19 6.5 6.12 7 7.71 8.18 8.74 9.15 9.67 10.38 10.16 9.8 10.03 10.11 10.34 10.73 11.47 12.44 13.44 14.03 15.54 15.67 15.2 14.29 12.88 12.6 13.64 14.76 15.41 16.65 16.34 17.98 13.82 11.41 12.74 12.36 10.38 9.78 8.86 7.8 8.51 8.62 9.2 8.66 11.09 12.05 12.22 14.15 15.05 12.58 13.47
-9999 -9999 -9999 -9999 -9999 -9999 -9999 -9999 6 6.21 7.08 7.02 6.99 7.4 9.11 10.97 7.55 6.99 6.59 6.7 6.22 6.02 6.1 7.05 9.89 10.28 8.95 8.69 8.11 7.66 7.28 7.75 6.94 6.33 6.42 7.14 7.36 9.04 10.26 12.27 10.42 10.09 9.03 8.85 9.93 10.39 10.21 11.02 12.13 12.47 12.79 14.69 17.57 15.05 13.81 14 15.16 15.25 14.39 12.53 13.22 11.57 11.87 13.09 11.04 10.45 9.66 9.26 8.81 9.14 8.46 8 7.92 7.32 7.44 9.72 11.1 10.36 12.04 13.41 13.03 11.62 13.98
-9999 -9999 -9999 -9999 -9999 -9999 -9999 -9999 6.177419 6.93 7 7 6.71 7.48 8.24 7.59 6.85 6.29 6.1 5.85 5.99 6.19 9.67 13.5 11.39 9.49 7.87 8.46 7.81 7.18 7.2 7.63 6.59 6.39 7.59 7.91 7.82 8.72 9 9.11 8.97 6.52 6.77 8.09 8.52 10.36 10.8 10.46 10.97 12.23 15.57 18.49 18.91 18.07 18.71 17.03 13.71 11.79 10.52 10.59 9.91 9.31 9.6 9.56 8.82 8.35 8.05 8.99 8.42 8.6 8.24 7.12 7.03 7.38 8.85 10.07 9.96 10.45 11.9 11.85 10.75 10.82 11.67
-9999 -9999 -9999 -9999 -9999 -9999 -9999 6 6 6.35 6.79 7 6.66 7.62 7.29 6.3 6.09 5.94 5.98 6.3 6.41 9.49 17.7 13.63 8.19 6.44 6.01 7.27 7.6 7.33 7.75 7.6 7.41 7.33 8 8.07 9.69 8.79 8.18 6.05 5.26 5.74 7.28 7.96 10.47 15.95 14.44 10.71 11.92 15.92 17.44 17.55 17.71 15.12 14.87 13.17 12.3 13.45 14.2 12.61 8.87 8.51 8.47 7.67 6.87 7.51 7.77 8.32 8.29 7.46 7.51 6.92 6.77 8.27 9.74 9.68 8.71 9.8 9.79 8.87 9.93 9.8 12.34
-9999 -9999 -9999 -9999 -9999 -9999 -9999 5.766667 6 6 6.49 6.4 6.36 7.34 7.01 6.01 6.02 5.89 5.91 6.55 7.07 9.08 14.5 12.97 6.42 5.37 5.74 6.05 6.89 7.96 8.25 8.95 7.96 7.96 8.89 7.65 6.93 5.87 5.4 4.87 4.35 5.39 6.3 7.64 14.73 19.05 13.63 12.67 15.25 17.91 21.21 19.38 17.09 12.69 14.02 13.96 9.64 7.25 8.2 8.88 8.76 8.34 7.48 6.88 7.07 7.15 7.07 7.77 7.85 7.11 6.81 6.36 6.97 8.4 8.79 8.74 9.51 9.02 7.9 9.14 10.73 9.78 10.74
-9999 -9999 -9999 -9999 -9999 -9999 -9999 5.506849 5.66 5.29 5.42 5.41 5.69 6.58 6.4 6.39 6.01 6.29 7.64 9.04 9.71 7.84 6.73 6.1 5.64 5.58 5.17 5.25 5.55 5.93 4.93 4.61 7.04 5.95 5.05 4.59 4.27 4.95 4.07 3.96 3.98 4 6.87 11.62 9.02 12.38 18.66 18.22 17.64 10.59 13.62 11.9 7.84 6.15 7.31 5.37 5.85 6.54 7.48 8.07 6.92 6.2 6.24 7.01 7.87 7.44 6.59 7.2 7.04 7.01 6.56 6.41 6.66 7.26 7.81 8.45 8.39 7.86 8.22 10.37 10.83 10.24 12.31
-9999 -9999 -9999 -9999 -9999 -9999 -9999 4.285714 4.454545 4.96 4.91 5.06 6.15 6.23 5.83 7.09 7.77 8.09 7.85 8.36 7.98 6.75 6.81 6.75 6.1 5.26 4.3 4.12 4.3 4.05 3.5 3.55 4.13 4.13 3.49 3.72 4 4.1 3.71 3.61 3.7 4.48 6.88 6.89 9.35 7.11 6.73 6.49 5.46 3.93 4.15 4.17 4.43 4.94 5.26 5.62 7.08 7.95 5.93 5.42 5.44 5.94 6.55 7.02 7.25 7.04 7.12 6.49 6.21 6.66 5.7 5.8 6.76 7.79 7.65 7.13 6.75 7.46 8.84 10.94 11.4 11.01 12.05
-9999 -9999 -9999 -9999 -9999 -9999 -9999 4.013333 4.28 4.35 4.24 5.63 6.21 5.99 7.96 9.11 7.95 6.81 6.63 5.97 6.2 7.47 6.33 6.84 5.11 4.13 4 3.97 4 4.23 3.91 2.93 3.25 3.01 3 3.23 3.34 3.19 3 3 3.2 3.8 4.27 4.72 4.73 3.6 3.41 3.03 3.01 3.03 3.14 3.8 4.04 4.11 4.36 5.09 5.01 4.76 4.91 5 5.06 5.85 6.09 6.6 6.64 6.39 6.85 6.03 5.81 5.53 5.21 5.6 5.76 5.97 6.01 6.63 7.54 8.36 9.01 10.25 11.07 11.65 12.22
-9999 -9999 -9999 -9999 -9999 -9999 3 3.63 3.97 3.99 4.14 5.71 5.55 5.76 6.97 6.54 5.86 5.93 6.56 6.7 7.25 6.31 4.6 4.73 4.4 3.87 3.77 3.34 3.27 3.25 2.99 2.66 3.68 3.03 3 3 2.9 2.65 2.68 3.04 3.26 3.19 2.88 2.38 2.67 2.95 3 3 3 3 3 3.01 3.64 4 4.16 4.12 4.16 4.23 4.44 4.88 5.52 5.83 5.92 5.78 5.87 6.18 6.11 5.89 5.7 5.18 5.78 6.58 6.98 6.99 7.02 7.67 8.06 8.39 8.87 9.72 10.63 10.38 11.08
-9999 -9999 -9999 -9999 -9999 -9999 2.952381 2.95 3.49 3.93 3.99 4.84 4.7 5.3 5.32 4.96 5.48 6.2 6.56 7.83 6.19 4.72 4 4.04 4 3.73 2.99 2.98 2.79 2.99 2.65 2.26 3.03 3.06 3 3 3 2.89 3.16 3.46 3.08 2.81 2.3 2.01 2.06 2.26 2.82 3 3 3 3.04 3.57 3.35 3.76 3.48 3.93 4.76 4.61 4.12 4.03 4.48 4.83 5.09 5.13 5.61 5.81 5.64 5.59 5.77 5.7 5.51 5.9 6.25 6.51 6.88 7.06 7.39 7.72 8.32 9.17 9.59 10.12 10.69
-9999 -9999 -9999 -9999 -9999 2 2.183673 2.23 2.78 3.55 4.21 4.1 3.79 4.58 4.31 4.33 4.32 4.66 5.53 6.47 4.9 4.02 3.97 3.95 3.38 2.84 2.93 2.48 2.91 2.39 2.22 2.44 2.88 2.79 2.72 2.93 2.85 2.96 2.71 2.47 2.49 2.08 2.47 2.49 2.51 2.17 2.8 3.07 3 3.08 3.15 3.17 3 3.44 3.62 4 4.5 4.71 4.64 4.8 4.89 4.43 5.11 5.81 6 6.33 6.51 6.13 5.98 5.99 5.72 5.14 5.64 5.86 6.15 6.47 6.7 7.08 7.69 8.77 9.42 9.94 9.66
-9999 -9999 -9999 -9999 -9999 2 2.05 2.19 2.43 3.3 3.49 3.14 3.01 3.4 4.05 3.66 4.11 4.05 4.37 4.56 3.88 3.89 3.5 3.11 2.97 3.02 2.97 2.51 2.64 2.29 1.98 2.28 3 3 2.99 2.42 2 2 2.28 2.68 2.57 2.37 2.84 2.99 3.39 3.74 3.66 3.4 3.71 4 3.81 3.66 3.83 4.08 4.99 4.76 4.97 4.96 5.33 5.28 5.46 5.05 5.78 6.1 6.01 6.45 6.47 6.1 6.02 6.18 6.01 5.68 5.08 5.56 5.65 6.01 6.09 6.76 7.08 7.98 8.47 9.4 9.22
-9999 -9999 -9999 -9999 -9999 1.439024 1.47 2.05 2.8 4.05 3.22 2.78 2.56 2.44 3.03 2.89 3.46 3.85 4.19 3.94 3.41 3.17 2.91 2.94 2.97 2.86 2.64 2.79 2.27 2.01 2 2.38 3 3 2.98 2.76 2.04 2 2 2.08 2.13 2 2.23 2.7 2.94 3.17 3.6 4.15 4.4 5.42 4.62 4.82 4.04 4.05 5.79 5.79 6.24 6.12 6.46 6.26 6.36 5.51 5.7 6.2 6.45 6.22 6.27 6.14 5.99 6.02 5.95 6 5.53 5.2 5 5.13 5.77 6 6.94 7.92 7.62 8.09 9.03
-9999 -9999 -9999 -9999 0.375 0.969697 1.21 3.13 3.84 3.46 3.38 1.94 1.92 1.99 2.34 2.6 2.62 2.66 3.35 3.44 3.06 3.08 3.01 3 2.95 2.96 2.94 3.07 2.97 2.04 1.98 2.36 3 2.74 2.92 2.59 2.19 2 2 2 2 2 2.08 2.71 3 3.08 3.22 3.55 5.5 5.77 6.16 4.79 4.74 4.08 4.36 5.43 5.77 5.93 7.62 5.98 7.53 7.01 6.88 6.72 6.86 6.78 6.4 5.44 5.28 5.23 5.15 5.38 5.67 4.75 4.75 4.98 5.03 5.47 6.13 6.77 6.83 7.35 8.32
-9999 -9999 -9999 0.0952381 0.12 0.78 1.41 2.51 2.24 1.47 1.1 1.07 1.14 1.46 1.52 1.47 1.69 1.7 3.01 2.97 3.16 3 3 3.1 3.52 3.18 3.03 3.03 3.03 2.54 2.02 2.21 2.76 2.15 2.01 2 2 2.08 2.12 2 2 2 2 2.69 3.04 4.23 3.75 3.76 5.18 6.23 4.14 3.56 3.44 3.67 3.2 3.53 3.66 4.01 4.82 4.54 5.27 5.08 4.79 4.68 6.51 7.7 6.91 5.87 5.29 5.43 5.03 5 5.01 4.84 4.05 4.74 5.06 5 5.19 5.85 6.02 6.4 6.95
-9999 0 0 0 0.03 0.4 0.95 0.66 0.78 0.98 0.84 0.82 1.08 1.78 1.89 1.87 1.66 2.24 3 3 3 3 3 3.15 4.06 4.42 3.93 3.48 3 2.73 2.46 2.36 2.92 3 2.52 2.13 2 2.02 2 2 2 2.03 2.22 2.54 2.65 3.61 4.02 3.83 3.51 3.43 3.15 2.44 2.8 2.56 2.59 2.71 3.02 3.45 3.94 4.67 5.15 5.46 4.36 4.85 5.37 5.45 6.12 5.56 5 5.41 6.05 5.14 4.97 4.96 4.22 4.04 4.38 4.61 5 5.01 5.52 6 6.12
-9999 0 0 0 0.08 0.06 0.14 0.06 0.34 0.27 0.08 0.14 0.91 1.04 1.5 1.77 1.86 2.07 2.65 2.82 2.4 2.66 2.76 2.94 3.41 4.58 4.29 3.15 2.21 2.12 2 1.96 2.36 2.66 2.16 2.09 2.27 2 2 2.01 2.01 2.11 2.23 2.24 2 2.17 2 2.02 2.07 2.62 2.55 2.08 2.12 2.1 3.16 2.8 2.97 3.27 3.16 3.48 3.57 3.18 3.07 3.63 4.74 4.62 4.19 4.51 5.28 5.24 6.22 4.77 4.19 4.18 3.61 3.96 4 4 4.52 5 5 5.75 6
-9999 0 0 0 0.07 0.92 0 0 0 0 0 0.39 0.77 0.96 1 1.08 1.1 1.56 2.27 2.45 2.04 2.23 2.9 2.94 3 3 3.05 2.64 2.05 2.02 2.04 1.44 1.98 2.2 2.09 2.13 2.25 2.07 2.08 2.03 2.76 2.25 1.7 1.87 1.39 1.74 1.65 1.85 1.77 2.02 2.13 2.12 2.08 2.03 2.57 3.3 2.93 2.91 2.83 3.29 3.89 3.29 2.91 2.93 3.76 3.91 3.36 3.14 3.21 4.09 3.73 3.25 3.97 4 3.35 3.57 4 4 4.06 4.95 5 5.72 6
-9999 0 0 0.07 0.4 0.07 0 0 0 0 0.02 0.04 0.44 0.93 0.99 1 1 1.66 2.08 2 2 2 2.2 2.67 2.54 2.36 2.01 2.03 1.99 1.6 1.52 1.11 1.55 2 2.03 2.01 2 2 2.02 1.97 1.94 1.05 1.13 1 1 1.08 1.02 1.05 1.11 1.59 1.9 1.9 2.15 2.34 2.32 2.86 3.35 2.84 2.74 3.39 3.56 3.39 3.02 2.52 3.11 3.18 2.39 2.11 2.33 2.78 3 3 3.39 3.95 3.03 3.03 3.91 4 4.28 5.02 5.5 6.18 6.34
-9999 0.02 0 0.13 0.37 0.13 0 0 0 0 0 0 0.07 0.34 0.39 0.61 0.92 1.67 2 2 2 2 2 2 2.05 2 2 2 1.98 1.65 1 1 1.06 1.94 2 1.98 1.69 1.25 1.6 1.85 1.38 1 1 1 1 1 1 1.44 1.72 1.28 1.77 1.92 1.84 2.04 2.1 2.49 2.87 3.07 2.81 2.53 2.51 3.22 2.93 2.2 2.49 2.06 2 2 2 2.08 2.95 3 2.99 3.1 3.01 3.23 3.98 4.21 4.95 6.1 6.59 6.95 7.33
-9999 0.2346939 0.58 0.44 0.69 0.1340206 0 0 0 0 0 0 0 0 0.04 0.3 0.57 1.34 1.94 2 2 2.12 2.08 2 2 2 2.07 2.05 1.48 1.04 1 1 1 1.5 1.97 1.4 1.03 1.03 1.1 1.09 1 1 1 1 1 1 1 1.03 1.25 1.74 1.61 1.41 1.97 2.74 2.26 2.41 2.49 2.29 2.05 2.8 2.24 2.22 2.47 2.21 2.2 2.01 2 2 2 2 2.75 3 2.44 2.57 3.02 3.84 4.35 5.19 5.76 5.75 6.54 7.23 7.99
0.8387097 0.6 0.52 0.55 0.1 0.01666667 0 0 0 0 0 0 0 0 0 0.13 0.63 1.64 2 2 2 2.04 2.64 2.62 2.11 2 2.43 1.99 1.15 1 1 1 1 1.03 1.2 1.17 1.11 1.14 1 1 1 1 1.01 1.13 1.06 1.04 1.15 1 1.21 1.56 1.83 1.67 1.37 1.97 1.83 2.1 2.22 2.36 2.77 2.89 2.12 2 2.43 2.22 2.01 2 2.01 2.01 2.07 2.29 2.95 2.96 2.49 2.4 3.11 3.58 4.34 4.66 5.89 5.99 6.18 7 7.79
1.320988 0.97 0.44 0.3 0 0 0 0 0 0 0 0 0 0 0.04 0.39 0.98 1.53 2 2.02 2.08 2.21 2.14 2.62 2.65 1.9 1.53 1.18 1 1 1 1 1 1 1.04 1.65 1.88 1.37 1.05 1.24 1.28 1.35 1.51 1.31 1.84 1.18 1.48 1.05 1.55 1.88 2 2.02 1.84 1.18 1.87 1.91 1.9 1.93 2.35 2.33 2.66 2.27 2.06 2.19 2.29 2.15 2.78 2.49 2.15 2.01 2.01 2.18 2.25 2.62 3.16 3.88 4 4.5 5.57 6.01 6.87 7 7.75
0.8 0.2112676 0 0 0 0 0 0 0 0 0 0 0 0 0.04 0.8 1.01 1.52 2.32 2.28 2.24 2.07 2.39 2.28 1.91 1.77 1 1 1 1 1 1 1 1 1 1.05 1.86 1.96 1.14 1 1.21 1.72 1.95 1.56 1.61 1.51 1.45 1.82 1.76 2.21 2.04 1.89 1.48 1.27 1.45 1.23 1.31 1.83 2.03 2.1 2.4 2.88 2.6 2.37 2.2 2.62 3.33 2.96 1.6 1.47 2.06 2.08 2.19 2.76 3.05 3.79 4 4.42 5.24 5.85 6.93 6.91 6.93
-9999 -9999 0 0 0 0 0 0 0 0 0 0 0 0 0.22 0.67 1.02 1.25 2.36 2 2 1.95 1.89 1.88 1.31 1 1 1 1 1.12 1.08 1.03 1 1 1 0.8 1.37 2 1.79 1.28 1.49 1.77 2 2 1.54 2 1.95 2.17 2.06 1.79 1.41 1.27 1.26 1.25 2 1.38 1.75 2.29 2.1 2.15 2.32 2.93 2.93 2.65 2.79 2.77 2.13 1.55 2.15 1.5 2.11 2.29 2.48 2.91 3.4 4.22 4.09 4.67 4.9 6.16 5.93 6.12 5.11
-9999 -9999 -9999 0 0 0 0.01010101 0 0 0 0 0 0 0 0 0.21 0.62 0.73 1.61 1.93 1.58 1.16 1.17 1.05 1.14 1 0.9 1 1 1.06 1.08 1.27 1.71 1.3 1.4 0.96 0.95 1.46 1.98 1.66 1.14 1.96 2 1.96 1.64 2.11 2.2 2.04 1.99 1.34 1.68 1.94 1.98 1.8 1.92 1.52 1.55 1.75 2.14 3.09 3.61 3.12 2.82 2.67 1.93 1.62 1.66 1.69 1.5 2.06 2.22 2.77 3.12 3.28 3.78 4 4.02 4.11 5.18 4.86 4.24 4.51 6.36
-9999 -9999 -9999 0 0 0.1142857 0.1666667 0 0 0 0 0 0 0 0 0 0 0 0.4 1 1 1 1 1 0.96 0.66 0.19 0.74 1 1.01 1.02 1.21 1.92 1.9 1.86 1.27 0.99 1 1.31 1.91 1.35 1.5 1.69 1.91 1.99 2.01 2.01 2 1.98 2.03 1.96 2 2 1.94 2 2 2 2 2 2.04 2.51 3.89 3.71 3.05 2.56 1.48 1.02 2.12 3.02 3.95 4.31 3.04 3.09 3.09 3.16 3.17 3.66 4.14 4.19 3.51 3.74 5.11 6.65
-9999 -9999 -9999 -9999 -9999 -9999 -9999 -9999 0 0 0 0 0 0 0 0 0 0 0.02 0.91 1 0.99 0.81 0.72 0.19 0 0.01 0.24 0.48 0.92 0.97 1.17 1.43 0.72 0.96 1 1.03 1 1 1.12 1.65 1.83 2 1.89 2 2 2 2 2 2 2 2.02 2 2 2 2.02 2.04 2.02 2.29 2.38 1.84 1.6 1.29 2.02 2.12 2.22 0.91 2.01 2.07 2.42 3.35 2.95 3.03 2.38 2.16 2.45 2.94 3.04 2.99 2.5 3.2 4.49 5.23
-9999 -9999 -9999 -9999 -9999 -9999 -9999 -9999 0 0 0 0 0 0 0 0 0 0 0 0.28 0.98 1 0.61 0.14 0 0 0 0 0.02 0.05 0.64 0.84 0.52 0.31 0.49 0.52 0.85 1 1 1 1.02 1.3 1.8 2 2 2 1.72 2 2.02 1.66 1.6 1.63 2.16 2.57 2.12 2.04 2.26 2.03 2.14 1.83 1.92 1.92 1.84 1.08 1.71 1.35 0.92 1.19 1.37 1.24 1.41 1.48 1.07 1.09 1.46 2.32 2.63 2.43 1.83 3.73 5.68 4.02 8.41
-9999 -9999 -9999 -9999 -9999 -9999 -9999 -9999 0 0 0 0 0 0 0 0 0 0 0 0.01 0.23 0.42 0.35 0.01 0 0 0 0 0 0 0 0.4 0.7 1.26 1 0.84 0.66 1 1 0.86 0.79 0.93 1.08 1.24 1.21 1.23 1.02 1.31 1.83 1.99 2.02 1.69 1.53 1.74 2.03 1.54 1.04 0.95 1.43 1.2 1.41 1.34 1.94 0.91 1.21 1.1 0.72 1.47 0.54 0.34 0.64 0.86 0.39 1.22 2.06 2.39 2.19 1.88 2.91 3.67 5.03 5.42 10.18
-9999 -9999 -9999 -9999 -9999 -9999 -9999 -9999 0 0 0 0 0 0 0 0 0 0 0 0 0 0 0 0 0 0 0 0 0 0 0.03 0.25 0.63 0.94 0.99 1.17 1.15 1.03 1.14 1.08 0.35 0.08 0.46 0.97 0.68 0.47 0.28 0.42 0.48 0.71 0.77 1.11 1.34 0.89 0.31 0.61 0.51 0.38 0.73 0.68 0.09 0.22 0.44 0.4 0.53 0.56 0.66 0.17 0.1 0.08 0.82 0.07 0.38 1.09 1.13 1.02 1.35 1.78 2.91 8.42 4.09 9.37 12.61
-9999 -9999 -9999 -9999 -9999 -9999 -9999 0 0 0 0 0 0 0 0 0 0 0 0 0 0 0 0 0 0 0 0 0 0.02 0.39 0.62 0.46 0.17 0.72 1.22 1.19 1.12 1.75 1.5 0.89 0.53 0.08 0 0.06 0.45 0.84 0.53 0.25 0.01 0 0.07 0.07 0.54 0.77 0.62 0.54 0.61 0.12 0.03 0 0 0 0 0 0 0 0 0 0.02 0.18 0.22 0.81 1.9 2.35 1.83 0.9 0.31 1.11 5.51 6.58 7.85 15.21 13.66
-9999 -9999 -9999 -9999 -9999 -9999 -9999 0 0 0 0 0 0 0 0 0 0 0 0 0 0 0 0 0 0 0 0.01 0 0 0 0.11 0.66 0.6 0.65 0.65 0.2 0.05 0.41 0.55 0.01 0.28 0.57 0.02 0.24 0.38 0.15 0.81 0.63 0.13 0.02 0 0 0.01 0.02 0.02 0.1 0.27 0 0 0 0 0 0 0 0.02 0.06 0 0.1 0.01 0.08 0.14 0.56 0.65 0.1 0.11 0.02 0.22 1.02 3.93 7.63 13.21 16.35 12.36
-9999 -9999 -9999 -9999 -9999 -9999 -9999 -9999 0 0 0 0 0 0 0 0 0 0 0 0 0 0 0 0 0 0 0 0 0.03 0.13 0.14 0.56 0.54 0.82 0.74 0.59 0.38 0.04 0.07 0 0 0 0 0 0.02 0.03 0.15 0.06 0 0 0 0 0 0 0 0 0 0 0 0 0 0 0 0.05 0.13 0.22 0.33 0.79 0.46 0.73 0.54 0.34 0.17 0.64 0.26 0.03 0.72 3.44 9.81 10.58 13.49 11.07 6.87
-9999 -9999 -9999 -9999 -9999 -9999 -9999 -9999 0 0 0 0 0 0 0 0 0 0 0 0 0 0 0 0 0 0 0 0 0.05 0 0 0 0.01 0 0 0.01 0 0 0 0 0 0 0 0 0 0 0 0 0 0 0 0 0 0 0 0 0 0 0 0 0 0.14 0 0.11 0.27 0.93 1.36 1.99 0.92 0.17 1.88 3.38 4.08 3.29 1.08 0.83 0.65 4.6 10.88 6.39 5.25 5.1 4.52
-9999 -9999 -9999 -9999 -9999 -9999 -9999 -9999 0 0 0 0 0 0 0 0 0 0 0 0 0 0 0 0 0 0 0 0 0 0 0 0 0 0 0 0 0 0 0 0 0 0 0 0 0 0 0 0 0 0 0 0 0 0 0 0 0 0 0 0 0 0.03 0.07 0.36 0.9 1.25 2.31 3.1 1.83 2.1 2.54 5.37 9.55 3.75 3.57 2.87 2.07 1.36 3.21 3.72 3.23 3.22 2.75
