layers/wordclim/past/Iberia_lig_10_ascii/bio_15.asc
ncols         166
nrows         94
xllcorner     -9.4959440078468
yllcorner     36.000324005443
cellsize      0.083333337679505
NODATA_value  -9999
[rows 0 to 33 of 94, columns 77 to 153 of 166]
-9999 -9999 -9999 -9999 -9999 -9999 -9999 -9999 -9999 -9999 -9999 -9999 -9999 -9999 -9999 -9999 -9999 -9999 -9999 -9999 -9999 -9999 -9999 -9999 -9999 -9999 -9999 -9999 -9999 -9999 -9999 -9999 -9999 -9999 -9999 -9999 -9999 -9999 -9999 -9999 -9999 -9999 -9999 -9999 -9999 -9999 -9999 -9999 -9999 -9999 -9999 -9999 -9999 -9999 -9999 -9999 -9999 -9999 -9999 -9999 -9999 -9999 -9999 -9999 -9999 -9999 -9999 -9999 -9999 -9999 -9999 -9999 -9999 -9999 -9999 -9999 -9999
-9999 -9999 -9999 -9999 -9999 -9999 -9999 -9999 -9999 -9999 -9999 -9999 -9999 -9999 -9999 -9999 -9999 -9999 -9999 -9999 -9999 -9999 -9999 -9999 -9999 -9999 -9999 -9999 -9999 -9999 -9999 -9999 -9999 -9999 -9999 -9999 -9999 -9999 -9999 -9999 -9999 -9999 -9999 -9999 -9999 -9999 -9999 -9999 -9999 -9999 -9999 -9999 -9999 -9999 -9999 -9999 -9999 -9999 -9999 -9999 -9999 -9999 -9999 -9999 -9999 -9999 -9999 -9999 -9999 -9999 -9999 -9999 -9999 -9999 -9999 -9999 -9999
-9999 -9999 -9999 -9999 -9999 -9999 -9999 -9999 -9999 -9999 -9999 -9999 -9999 -9999 -9999 -9999 -9999 -9999 -9999 -9999 -9999 -9999 -9999 -9999 -9999 -9999 -9999 -9999 -9999 -9999 -9999 -9999 -9999 -9999 -9999 -9999 -9999 -9999 -9999 -9999 -9999 -9999 -9999 -9999 -9999 -9999 -9999 -9999 -9999 -9999 -9999 -9999 -9999 -9999 -9999 -9999 -9999 -9999 -9999 -9999 -9999 -9999 -9999 -9999 -9999 -9999 -9999 -9999 -9999 -9999 -9999 -9999 -9999 -9999 -9999 -9999 -9999
-9999 -9999 -9999 -9999 -9999 -9999 -9999 -9999 -9999 -9999 -9999 -9999 -9999 -9999 -9999 -9999 -9999 -9999 -9999 -9999 -9999 -9999 -9999 -9999 -9999 -9999 -9999 -9999 -9999 -9999 -9999 -9999 -9999 -9999 -9999 -9999 -9999 -9999 -9999 -9999 -9999 -9999 -9999 -9999 -9999 -9999 -9999 -9999 -9999 -9999 -9999 -9999 -9999 -9999 -9999 -9999 -9999 -9999 -9999 -9999 -9999 -9999 -9999 -9999 -9999 -9999 -9999 -9999 -9999 -9999 -9999 -9999 -9999 -9999 -9999 -9999 -9999
-9999 35.33333 35.2 33.89655 34.33333 -9999 -9999 -9999 -9999 -9999 -9999 -9999 -9999 -9999 -9999 -9999 -9999 -9999 -9999 -9999 -9999 -9999 -9999 -9999 -9999 -9999 -9999 -9999 -9999 -9999 -9999 -9999 -9999 -9999 -9999 -9999 -9999 -9999 -9999 -9999 -9999 -9999 -9999 -9999 -9999 -9999 -9999 -9999 -9999 -9999 -9999 -9999 -9999 -9999 -9999 -9999 -9999 -9999 -9999 -9999 -9999 -9999 -9999 -9999 -9999 -9999 -9999 -9999 -9999 -9999 -9999 -9999 -9999 -9999 -9999 -9999 -9999
36.80952 36.41379 35.5 33.59 32.97675 32.14103 31.58182 31.42857 -9999 -9999 -9999 -9999 -9999 29.33333 28.08571 28.97297 29 -9999 -9999 -9999 -9999 -9999 -9999 -9999 -9999 -9999 -9999 -9999 -9999 -9999 -9999 -9999 -9999 -9999 -9999 -9999 -9999 -9999 -9999 -9999 -9999 -9999 -9999 -9999 -9999 -9999 -9999 -9999 -9999 -9999 -9999 -9999 -9999 -9999 -9999 -9999 -9999 -9999 -9999 -9999 -9999 -9999 -9999 -9999 -9999 -9999 -9999 -9999 -9999 -9999 -9999 -9999 -9999 -9999 -9999 -9999 -9999
34.86735 36.64647 35.2 34.27 32.93 31.82 30.48 30.46465 29.64384 29.65 29.16393 29.21312 28.85714 28.8125 28.34 27.79 28.31081 27.97368 28.46342 27.61539 27.8 -9999 -9999 -9999 -9999 -9999 -9999 -9999 -9999 -9999 -9999 -9999 -9999 -9999 -9999 -9999 -9999 -9999 -9999 -9999 -9999 -9999 -9999 -9999 -9999 -9999 -9999 -9999 -9999 -9999 -9999 -9999 -9999 -9999 -9999 -9999 -9999 -9999 -9999 -9999 -9999 -9999 -9999 -9999 -9999 -9999 -9999 -9999 -9999 -9999 -9999 -9999 -9999 -9999 -9999 -9999 -9999
34.09 33.04 34.47 33.69 32.14 30.42 29.56 29.23 28.59 28.42 27.88 27.73 28.24 27.72 27.76 27.15 28.2 28.07 27.56 27.35 27.19048 -9999 -9999 -9999 -9999 -9999 -9999 -9999 -9999 -9999 -9999 -9999 -9999 -9999 -9999 -9999 -9999 -9999 -9999 -9999 -9999 -9999 -9999 -9999 -9999 -9999 -9999 -9999 -9999 -9999 -9999 -9999 -9999 -9999 -9999 -9999 -9999 -9999 -9999 -9999 -9999 -9999 -9999 -9999 -9999 -9999 -9999 -9999 -9999 -9999 -9999 -9999 -9999 -9999 -9999 -9999 -9999
33.4 33.27 32.51 31.97 29.64 29.92 29.37 28.78 28 27.6 27.46 27.61 27.87 27.18 26.8 26.95 28.24 28.68 28.45 27.35616 25 26.73333 -9999 -9999 -9999 -9999 -9999 -9999 -9999 -9999 -9999 -9999 -9999 -9999 -9999 -9999 -9999 -9999 -9999 -9999 -9999 -9999 -9999 -9999 -9999 -9999 -9999 -9999 -9999 -9999 -9999 -9999 -9999 -9999 -9999 -9999 -9999 -9999 -9999 -9999 -9999 -9999 -9999 -9999 -9999 -9999 -9999 -9999 -9999 -9999 -9999 -9999 -9999 -9999 -9999 -9999 -9999
32.65 32.19 29.25 26.99 28.38 27.8 28.65 28.63 27.45 27.74 28.04 27.75 26.89 27.39 26.37 26.88 27.34 26.82 25.36 25.1625 24.74074 24.30952 23.60714 23.41667 -9999 -9999 -9999 -9999 -9999 -9999 -9999 -9999 -9999 -9999 -9999 -9999 -9999 -9999 -9999 -9999 -9999 -9999 -9999 -9999 -9999 -9999 -9999 -9999 -9999 -9999 -9999 -9999 -9999 -9999 -9999 -9999 -9999 -9999 -9999 -9999 -9999 -9999 -9999 -9999 -9999 -9999 -9999 -9999 -9999 -9999 -9999 -9999 -9999 -9999 -9999 -9999 -9999
29.8 29.66 29.4 28.18 28.64 28.17 27.2 26.65 25.66 26.34 26.89 26.6 25.74 26.29 27.32 27.97 28.45 28.74 27.25 26.51 25.41 24.74 24.12 23.43 22.25806 21.67213 20.84 19.17241 17.4 -9999 -9999 -9999 -9999 -9999 -9999 -9999 -9999 -9999 -9999 -9999 -9999 -9999 -9999 -9999 -9999 -9999 -9999 -9999 -9999 -9999 -9999 -9999 -9999 -9999 -9999 -9999 -9999 -9999 -9999 -9999 -9999 -9999 -9999 -9999 -9999 -9999 -9999 -9999 -9999 -9999 -9999 -9999 -9999 -9999 -9999 -9999 -9999
29.3 28.58 28.52 29.02 29.01 28.66 27.96 27.3 26.95 26.1 26.22 26.34 26.5 25.54 27.48 29.57 29.93 29.58 28.72 27.34 26.79 25.71 23.64 24.49 22.97 22.46 21.35 19.27 18.67105 18.73333 -9999 -9999 -9999 16 -9999 -9999 -9999 -9999 -9999 -9999 -9999 -9999 -9999 -9999 -9999 16.83333 16.14286 -9999 -9999 -9999 -9999 -9999 -9999 -9999 -9999 -9999 -9999 -9999 -9999 -9999 -9999 -9999 -9999 -9999 -9999 -9999 -9999 -9999 -9999 -9999 -9999 -9999 -9999 -9999 -9999 -9999 -9999
30.94 29.63 29.99 29.21 28.19 27.5 26.79 26.51 25.87 25.43 25.92 26.09 25.44 26.32 27.33 30.01 31.51 32.13 30.14 29.74 29.16 27.2 26.21 25.53 24.57 24.16 22.14 20.65 19.7 18.01075 18.23881 17.46154 17.63636 16.76768 16.26866 15.92308 -9999 -9999 -9999 -9999 -9999 -9999 -9999 -9999 16.54545 17.12 16.19 15.46154 15.27273 15.6 15.6 -9999 -9999 -9999 -9999 -9999 -9999 -9999 -9999 -9999 -9999 -9999 -9999 -9999 -9999 -9999 -9999 -9999 -9999 -9999 -9999 -9999 -9999 -9999 -9999 -9999 -9999
31.56 31.42 30.7 29.25 28.61 27.85 26.83 26.87 26.86 26.5 26.57 26.96 27.91 29.07 29.41 30.32 29.76 30.36 29.03 28.58 29.18 29.42 27.62 26.04 24.96 25.05 23.85 23.04 22.51 20.48 19.58 17.31 17.73 18.79 16.72 17.17391 15.97674 15.97872 16.4386 16.65278 15.88889 15.7037 15.35 15.35 15.71053 16.47959 16.78 16.23 15.71 15.39 15.82927 15.31746 15.31818 15.15625 -9999 -9999 -9999 -9999 -9999 -9999 -9999 -9999 -9999 -9999 -9999 -9999 -9999 -9999 -9999 -9999 -9999 -9999 -9999 -9999 -9999 -9999 -9999
30.48 30.79 30.87 29.23 27.66 26.97 27.34 27.21 27.1 27.11 27.85 28.07 28.29 29.45 30.65 31.14 30.57 30.1 28.01 28.06 28.93 29.62 27.95 26.56 26.73 26.61 26.52 24.63 23.52 22.83 22.04 20.55 19.81 20.54 18.65 19.25 17.69 16.91 17.72 18.19 16.59 16.52 15.81 16.66 15.32 15.48 15.68 15.47 15.34 15.81 16.98 16.15 16.12 15.41237 15 -9999 -9999 -9999 -9999 -9999 -9999 -9999 -9999 -9999 -9999 -9999 -9999 -9999 -9999 -9999 -9999 -9999 -9999 -9999 -9999 -9999 -9999
31.49 31.79 31.62 31.29 30.63 29.99 29.84 29.49 29.16 29.11 29.17 29.27 29.88 30.15 30.97 31.56 31.31 30.82 29.43 30.3 30.76 30.19 29.66 27.62 26.47 25.11 26.02 26.33 24.57 24.16 23.01 23.35 23.43 21.39 19.85 20.57 19.78 19.87 21.25 19.84 17.21 17.3 18.03 16.8 16.26 16.58 16.32 15.94 15.31 15.44 16.99 17.92 17.07 15.97 16.08 -9999 -9999 -9999 -9999 -9999 -9999 -9999 -9999 -9999 -9999 -9999 -9999 -9999 -9999 -9999 -9999 -9999 -9999 -9999 -9999 -9999 -9999
31.38 31.39 31.21 31.34 31.4 30.77 31.21 31.84 31.7 31.32 30.65 30.56 30.82 30.86 30.92 31.7 31.7 32.02 31.04 30.67 30.48 28.75 27.73 26.9 26.29 25.01 24.72 25.94 25.32 25.21 24.39 24.77 24.68 22.56 21.29 20.89 22.48 22.15 23.33 20.88 19.58 19.28 18.75 17.72 17.94 18.34 17.36 16.15 16.33 16.34 17.94 17.51 16.58 16.54 18.38298 16.06452 15.87302 16.08421 16.58427 18.2963 18.94118 -9999 17 17 17.3125 -9999 -9999 -9999 -9999 21.66667 28.2 31.80357 30.64706 33.07547 37.15385 -9999 -9999
29.22 29.76 30.11 31.71 30.82 28.91 30.21 30.55 31.15 30.93 31.41 31.42 31.87 31.8 31.42 32.12 32.44 32.56 32.39 31.99 31.89 30.76 28.8 28 27.09 26.07 25.51 26.73 26.94 25.28 25.07 24.93 24.23 23.78 22.75 21.88 21.69 23.38 24.6 24.19 22.81 21.05 19.89 18.97 18.44 18.89 18.6 18.28 18.59 18.39 19.01 17 17.82 20.3 21.49 19.4 18.9 19.23 19.59 19.39 18.17808 17.45455 17.6625 17.81 18.71 19.49412 20.31429 21.2 23.18182 25.29787 30.99 36.55 38.83 39.74 39.7191 43.66667 45.25
28.97 27.22 28.15 30.29 28.46 27.31 28.12 27.51 27.02 28.56 28.34 30.61 32.12 32.63 32.57 32.72 33.18 32.69 32.24 32.4 32.41 31.84 30.84 29.9 29.24 28.55 27.76 29.02 29.09 27.77 26.01 24.33 23.87 23.35 21.8 22.69 22.92 23.87 25.63 25.74 22.81 23.09 21.03 21.43 19.93 20.51 19.66 18.86 20.42 20.78 18.33 17.86 19.31 22.93 20.2 18.13 17.51 17.49 18.45 18.77 18.63 18.87 19.71 19.57 19.84 21.1 22.53 23.47 23.92 26.22 31.21 35.84 40.11 41.73 42.10112 40.24731 42.6
26.99 26.27 27.47 27.99 27.23 28.25 27.08 27.82 26.31 27.97 28.86 30.23 31.47 31.73 33.28 33.84 34.06 33.45 33.27 33.37 33.05 32.94 32.48 32.28 31.5 30.53 30.11 30.71 31.29 31.6 31.82 31.21 30.58 29.06 28.91 28.57 26.59 26.38 25.66 26.68 24.8 25.61 23.97 22.52 21.6 22.33 20.78 21.99 23.15 20.59 18.66 20.02 22.81 22.31 19.33 18.28 18.04 18.71 19.64 22.21 20.67 20.99 21.92 22.64 21.56 22.15 24.59 25.4 27.75 30.02 32.99 36.56 39.16 41.90526 43 41.5 -9999
28.36 29.05 27.97 26.31 26.81 27.23 26.29 25.52 26.13 27.13 27.09 28.44 29.61 30.13 33.28 34.09 34.05 34.42 34.25 33.81 33.36 33.94 33.7 33.96 33.49 32.93 32.47 32.85 33.04 33.31 33.35 34.09 34.59 33.97 33.34 32.58 30.85 30.43 29.18 29.42 27.12 26.41 24.03 23.67 22.98 23.97 22.21 25.03 24.56 24.04 21.18 20.75 23.57 21.92 20.91 20.3 22.11 21.31 20.05 25.13 24.19 24.06 23.33 23.98 21.89 21.78 24.11 23.97 26.23 29.09 33.01 35.49 38.26 40.73 43.16418 42.5 -9999
27.39 26.97 25.76 25.9 25.59 25.47 25.34 26.01 26.88 26.2 26.86 27.86 30.22 32.4 33.44 33.83 34.81 35.38 35.6 35.15 34.05 34.07 35.13 34.35 33.03 32.42 32.99 34.14 34.02 34.64 34.68 35.53 35.97 35.49 34.9 34.2 32.91 32.65 32.33 31.69 27.22 25.78 24.89 25.87 24.64 23.13 22.65 24.93 21.96 22.58 23.44 24.94 26.54 25.93 25.36 25.35 24.73 24.47 26.28 27.9 26.95 26.55 25.09 24.66 24.54 23.02 22.46 24.65 26.82 28.15 33.14 36.18 38.33 41.52 43.2347 43.62069 -9999
30.62 29.21 27.41 27.48 26.31 27.1 26.82 27.41 26.63 26 26.89 28.14 30.01 31.36 32.3 32.49 34.95 35.52 36.45 37.08 36.9 36.79 36.64 35.53 33.97 32.51 33.69 35.19 35 34.73 35.29 36.42 37.01 36.35 35.9 35.38 34.13 34.37 34 33.25 31.25 29.2 27.08 26.65 26.82 24.86 25.65 26.15 24.2 26.95 27.65 27.37 27.21 26.56 25.37 26.69 27.93 28.06 27.79 28.17 27.5 27.07 25.9 25.35 24.94 24.1 23.81 24.47 28.52 31.75 35.06 33.75 36.74 41.07 43.21 43.64583 -9999
30.88 30.42 30.08 29.63 29.4 29.31 28.46 28.88 28.75 27.75 27.21 28.15 29.21 29.1 30.55 32.5 33.62 33.78 35.71 37.54 37.88 38.49 38.55 36.13 35.03 34.87 35.59 36.41 36.28 35.72 35.24 36.79 37.25 37.54 37.15 36.75 34.7 35.36 35.44 34.22 33.45 32.05 31.08 30.43 29 28.2 28.44 29.55 29.02 29.59 28.63 28.95 28.8 27.66 26.94 26.42 28.11 29.22 28.65 29.1 28.23 27.15 24.76 25.21 24.65 23.53 23.21 24.41 28.11 33.96 36.05 36.5 35.67 39.14 42.78082 44.58333 -9999
32.02 31.21 30.73 30.1 29.65 29.28 29.56 29.2 29.02 28.74 28.39 28.74 28.93 28.59 25.72 27.46 32.06 34.09 36.11 37.07 38.11 39.33 40.34 40.06 38.62 37.21 37.33 37.59 37.21 36.89 35.5 36.26 37.37 37.95 38.32 37.8 37.05 37.43 37.21 35.43 35.79 35.41 34.77 33.17 33.15 32.83 33.45 32.93 31.79 31.06 30.75 29.91 29.3 29.03 28.75 27.53 27.31 28.68 30.38 30.48 29.29 27.07 25.46 25.01 24.16 23.54 23.96 27.73 31.76 36.26 36.86 36.23 38.36458 42.025 -9999 -9999 -9999
33.38 32.24 32.17 31.42 30.2 30.15 29.89 29.75 29.97 29.84 29.73 29.87 29.23 28.1 27.41 26.82 28.8 31.98 33.57 36.42 38.21 39.74 41.11 41.79 41.12 39.32 38.45 38.44 37.66 37.19 36.35 35.83 35.89 37.16 38.49 38.71 38.51 39.04 38.81 37.43 37.71 37.29 35.38 34.34 35.67 35.87 35.55 34.71 34.11 33.14 32.24 31.38 30.19 28.73 28.07 28.11 28.31 29.5 31.52 31.48 28.4 27.18 26.5 26.78 26.79 26.75 29.53 32.35 33.85 38.4898 38.62069 39.08929 40.5 -9999 -9999 -9999 -9999
34.61 33.4 32.86 32.52 32.23 31.45 30.63 30.39 30.94 31.03 30.42 30.21 29.75 29.37 29.34 30.53 32.04 34.16 34.64 36.04 38.82 40.27 39.85 39.17 40.32 39.79 39.15 39.8 39.67 38.71 38.86 38.62 37.05 36.38 37.22 37.58 36.62 38 38.66 39.29 39.26 38.19 37.5 37.89 38.38 37.39 36.47 35.5 34.7 34.16 33.01 31.28 29.9 28.84 28.85 30.17 30.36 30.24 29.96 32.48 28.74 29.12 30.26 31.96 32.22 31.81 30.58 32.78788 35.05263 39.63636 41.8 -9999 -9999 -9999 -9999 -9999 -9999
35.57 34.37 33.87 33.7 32.63 32.07 31.66 31.78 31.03 30.58 30.84 30.81 30.15 30.82 31.14 32.03 32.25 35.25 36.93 37.72 40.02 40.62 39.46 37.38 38.82 38.35 38.13 39.09 40.19 40.5 40.42 40.23 39.71 39.02 38.46 39.14 39.03 38.61 38.86 38.48 39.6 40 40.46 40.26 38.95 37.62 36.95 36.12 34.91 33.34 31.78 29.82 28.6 28.74 29.29 31.15 32.32 32.28 32.8 34.61 33.62 33.41 35.08 36.21 34.12 34.45745 35.87755 38.33333 -9999 -9999 -9999 -9999 -9999 -9999 -9999 -9999 -9999
35.45 34.99 34.33 33.7 33.03 32.91 33.14 32.37 31.22 31.04 32.45 32.07 32 32.14 32.92 34.34 34.14 34.05 37.74 38.34 39.85 39.96 38.98 38.89 38.53 36.99 37.2 38.38 39.15 39.99 41.03 41.07 40.28 39.55 39.84 39.84 39.66 40.28 40.38 39.93 39.25 42.31 41.3 39.96 38.48 36.73 35.39 34.52 34.12 32.51 32.56 32.63 30.86 30.35 29.57 30.27 32.4 34.75 35.7 35.54 36.43 36.55 35.96 37.78724 37.09091 39.2 -9999 -9999 -9999 -9999 -9999 -9999 -9999 -9999 -9999 -9999 -9999
33.63 33.26 33.79 33.75 32.6 32.27 32.19 32.29 31.98 32.6 33.77 33.58 33.29 33.67 33.93 35.75 35.91 37.53 35.26 35.46 35.61 37.78 38.54 37.67 37.81 36.35 37.61 39.04 39.73 40.5 40.99 41.77 41.41 40.29 39.91 39.79 39.66 40.69 41.9 40.64 41.67 41.09 39.51 38.54 36.82 35.03 34.22 33.25 31.89 32.44 33.87 35.8 34.71 34.21 31.58 33.12 35.61 36.16 35.41 33.83 36.2 39.06 39.21276 40.21739 -9999 -9999 -9999 -9999 -9999 -9999 -9999 -9999 -9999 -9999 -9999 -9999 -9999
33.1 33.61 33.7 33.42 33.12 32.36 32.13 31.77 32.16 33.68 34.36 34.98 35.17 35.9 35.65 36.09 36.76 37.28 36.07 34.64 34.66 35.74 37.04 36.9 36.72 36.54 37.09 38.31 38.99 39.61 40.86 41.61 42.47 42.34 42.64 42.76 43.21 43.83 42.83 41.31 41.28 41.6 41.2 42.64 40.76 37.57 33.7 32.52 30.93 29.62 33.8 39.44 38.89 37.65 36.34 37.33 37.53 36.88 37.62 35.86735 37.64198 40.77941 41.31034 -9999 -9999 -9999 -9999 -9999 -9999 -9999 -9999 -9999 -9999 -9999 -9999 -9999 -9999
33.43 35.1 34.42 34.71 34.52 32.58 32.26 31.95 32.44 33.31 33.8 33.76 33.33 33.61 34.77 35.68 34.73 35.11 36.33 35.26 35.16 35.43 35.27 35.54 36.17 36.55 37.31 37.78 38.3 39.58 40.79 41.38 41.48 41.88 42.08 42.74 42.72 42.97 42.04 42.9 43.01 42.95 41.8 45.93 43.65 40.22 40.4 37.69 35.9 38.45 40.29 43.37 42.49 41.17 39.70408 39.87342 38.90909 39.54546 39.95652 38.33333 -9999 -9999 -9999 -9999 -9999 -9999 -9999 -9999 -9999 -9999 -9999 -9999 -9999 -9999 -9999 -9999 -9999
35.17 35.39 35.27 35.45 35.24 33.37 32.48 32.16 31.56 31.06 30.79 30.93 31.48 32.26 32.98 33.86 33.47 33.44 34.22 36.33 35.94 35.68 34.86 34.77 35.56 35.82 36.58 36.26 35.53 37.64 39.59 39.61 40.2 41.06 41.22 40.45 41.9 41.92 41.44 42.35 41.04 40.19 39.37 43.4 45.62 45.17 41.7 37.97 42.39 44.16 44.88 46.17284 45.13208 44.4 43 -9999 -9999 -9999 -9999 -9999 -9999 -9999 -9999 -9999 -9999 -9999 -9999 -9999 -9999 -9999 -9999 -9999 -9999 -9999 -9999 -9999 -9999
38.12 37.9 37.28 36.67 35.09 34.14 33.01 32.23 31.91 30.81 30.27 30.46 31.18 30.54 31.13 32.21 33.15 33.75 33.83 33.74 36.86 35.57 34.43 31.71 33.2 35.22 36.01 36.06 36.32 37.13 37.55 37.06 38.46 39.55 40.56 40.79 40 39.43 40.16 40.59 40.01 40.71 41.12 44.21 47.12 42.93 39.54 41.6 45.88733 45.92593 45.94118 46.33333 -9999 -9999 -9999 -9999 -9999 -9999 -9999 -9999 -9999 -9999 -9999 -9999 -9999 -9999 -9999 -9999 -9999 -9999 -9999 -9999 -9999 -9999 -9999 -9999 -9999
