layers/wordclim/past/Iberia_lig_10_ascii/bio_10.asc
ncols         166
nrows         94
xllcorner     -9.4959440078468
yllcorner     36.000324005443
cellsize      0.083333337679505
NODATA_value  -9999
[rows 32 to 63 of 94, columns 73 to 145 of 166]
210.86 205.9 215.7 214.06 219.06 223.74 226.21 230.42 230.94 224.24 222.76 222.49 220.72 218.96 216.98 216.63 220.05 222.28 222.7 224.33 220.95 219.01 220.96 227.97 223.06 220.62 216.8 217.23 223.5 228.69 233.96 233.92 231.59 243.41 253.75 254.51 256.91 258.97 260.27 258.02 263.96 263.37 261.83 265.15 261.33 258.75 255.4 265.69 270.84 269.72 260.23 248.57 260 263.53 263.16 262.5555 260.1698 262.75 264.3333 -9999 -9999 -9999 -9999 -9999 -9999 -9999 -9999 -9999 -9999 -9999 -9999 -9999 -9999
217.88 227.43 225.16 221.86 232.42 233.76 233.16 233.78 229.69 227.11 223.79 221.86 221.39 216.8 213.35 214.29 218.51 213.49 214.98 217.29 219.51 218.99 216.69 215.32 224.81 217.47 213.57 206.66 213.49 223.54 229.36 232.56 235.67 241.22 245.21 244.35 249.23 253.28 257.83 258.82 256.52 253.93 257.11 258.54 256.46 258.92 259.36 266.94 273.81 261.99 252.14 256.64 267.3098 267.5926 265.6471 264.3333 -9999 -9999 -9999 -9999 -9999 -9999 -9999 -9999 -9999 -9999 -9999 -9999 -9999 -9999 -9999 -9999 -9999
227.26 235.25 235.27 236.25 238.08 241.43 238.63 235.88 230.73 226.59 225.74 225.35 223.8 222.57 218.71 215.06 213.9 214.81 217.31 218.98 218.6 217.66 220.52 219.02 217.58 221.86 215.34 207.28 206.53 214.48 221.11 228.48 238.53 239.2 238.64 236.52 242.47 248.62 255.12 254.49 248.14 249.25 253.69 251.33 255.15 252.67 268.6 265.53 262.29 263.46 260.18 262.08 271 -9999 -9999 -9999 -9999 -9999 -9999 -9999 -9999 -9999 -9999 -9999 -9999 -9999 -9999 -9999 -9999 -9999 -9999 -9999 -9999
243.34 239.95 241.9 245.29 243.35 238.97 233.36 231.48 232.4 230.99 228.65 225.86 224.02 228.47 223.3 221.72 216.09 221.1 218.94 216.46 216.63 216.29 218.69 218.4 220.73 221.87 216.66 214.28 211.28 217.76 218.71 223.2 228.7 231.19 229.13 233.91 237.19 243.27 250.11 242.08 239.02 244.36 248.46 246.63 241.02 245.69 271.12 270.43 255.87 267.6364 271.4131 -9999 -9999 -9999 -9999 -9999 -9999 -9999 -9999 -9999 -9999 -9999 -9999 -9999 -9999 -9999 -9999 -9999 -9999 -9999 -9999 -9999 -9999
242.6 243.1 246.59 250.19 245.59 237.04 235 235.09 237.62 236.61 229.46 228.35 230.95 228.65 225.19 224.67 222.33 220.26 218.93 219 214.41 212.63 215.49 221.08 223.35 219.99 210.12 208.97 210.69 211.7 212.15 215.89 214.38 214.66 219.23 223.76 229.35 243.13 241.1 242.57 235.89 240.15 235.03 230.35 222.15 249.66 274.24 273.9 271.15 274.5493 274.125 -9999 -9999 -9999 -9999 -9999 -9999 -9999 -9999 -9999 -9999 -9999 -9999 -9999 -9999 -9999 -9999 -9999 -9999 -9999 -9999 -9999 -9999
248.5 247.25 251.68 249.41 239.16 238.87 238.26 234.37 241.52 244.87 243.07 238.95 231.43 221.05 217.5 215.1 218.3 216.68 212.83 213.13 209.87 211.84 210.67 219.51 225.03 218.96 208.95 212.16 212.21 210 208.31 209.73 214.47 214.12 218.49 223.06 232.81 235.15 236.28 231.55 225.55 225.65 219.61 230.7 238.96 261.9 271.92 274.85 276.3711 275.1398 273.814 272.8261 -9999 -9999 -9999 -9999 -9999 -9999 -9999 -9999 -9999 -9999 -9999 -9999 -9999 -9999 -9999 -9999 -9999 -9999 -9999 -9999 -9999
253.68 252.16 255.61 246.49 243.78 244.23 238.07 236.15 244.93 240.73 235.64 230.43 229.13 225.17 219.77 215.48 214.15 213.8 211.92 208.24 202.61 208.45 207.93 213.36 222.18 225.87 214.11 215.41 218.69 216.86 210.3 211.03 209.3 207.99 210.93 209.84 222.61 228.98 233.89 230.51 225.01 228.34 235.06 247.88 260.73 266.94 268.63 264.8723 275.9615 275.0263 274 -9999 -9999 -9999 -9999 -9999 -9999 -9999 -9999 -9999 -9999 -9999 -9999 -9999 -9999 -9999 -9999 -9999 -9999 -9999 -9999 -9999 -9999
258.47 258.92 250.59 245.99 249.84 244.27 240.16 242.63 249.15 241.41 240.3 238.6 240.04 236.9 230.64 223.1 217.21 205.94 206.53 202.58 198.22 203.38 207.29 211.22 220.63 229.03 222.89 217.92 224.45 217.18 202.55 210.13 207.41 203.27 202.55 199.22 214.21 220.97 227.62 227.59 225.47 234.86 244 258.32 264.57 270.22 272.22 272.7826 275.5833 275 -9999 -9999 -9999 -9999 -9999 -9999 -9999 -9999 -9999 -9999 -9999 -9999 -9999 -9999 -9999 -9999 -9999 -9999 -9999 -9999 -9999 -9999 -9999
261.19 253.17 248.19 249.76 248.64 244.07 245.69 250.76 251.88 249.39 251.72 249.34 247.14 237.77 233.09 224.09 216.79 210.49 204.4 203.74 199.28 201.72 208.55 215.45 221.36 228.89 227.72 222.87 226.89 210.83 206.33 205.3 200.43 191.46 193.61 199.22 203.51 215.81 220.64 224.39 229.13 244.78 254.32 259.59 265.35 272.59 275.18 -9999 -9999 -9999 -9999 -9999 -9999 -9999 -9999 -9999 -9999 -9999 -9999 -9999 -9999 -9999 -9999 -9999 -9999 -9999 -9999 -9999 -9999 -9999 -9999 -9999 -9999
258.22 252.63 251.44 254.48 250.72 251.86 257.2 253.75 255.2 246.36 243.87 249.65 244.08 242.74 238.61 234.2 220.39 215.4 208.69 203.93 202.25 207.45 214.76 216.03 217.94 227.66 233.24 235.95 227.3 213.72 212.76 208.99 201.72 189.9 191.48 199.68 208.92 221.23 234.25 236.42 244.01 250.85 260.13 257.95 265.41 271.1566 276 -9999 -9999 -9999 -9999 -9999 -9999 -9999 -9999 -9999 -9999 -9999 -9999 -9999 -9999 -9999 -9999 -9999 -9999 -9999 -9999 -9999 -9999 -9999 -9999 -9999 -9999
257.91 256.19 257.31 254.44 254.97 259.84 255.57 249.94 254.65 251.8 246.73 245.53 241.92 240.25 236.89 233.09 221.79 213.65 211.29 213.65 202.64 206.22 208.88 211.36 217.36 222.39 230.89 239.73 228.57 218.79 226.33 224.91 213.45 203.24 208.43 208.29 214.47 223.02 239.43 246.06 247.05 250.19 265.22 267.77 264.9024 270 -9999 -9999 -9999 -9999 -9999 -9999 -9999 -9999 -9999 -9999 -9999 -9999 -9999 -9999 -9999 -9999 -9999 -9999 -9999 -9999 -9999 -9999 -9999 -9999 -9999 -9999 -9999
263 260.73 258.82 260.02 263.08 261.08 250.59 249.04 252.37 245.34 246.87 246.5 245.3 240.67 233.55 239.35 224.97 222.51 219.79 212.41 211.36 210.62 216.82 209.19 223.89 227.39 237.38 233.57 220.49 222.04 232.87 235.63 230.76 226.25 221.93 228.02 226.4 230.19 249.8 259.19 257.97 260.69 265.15 274.1842 275.3 -9999 -9999 -9999 -9999 -9999 -9999 -9999 -9999 -9999 -9999 -9999 -9999 -9999 -9999 -9999 -9999 -9999 -9999 -9999 -9999 -9999 -9999 -9999 -9999 -9999 -9999 -9999 -9999
260.21 261.2 264.39 267.21 264.07 258.94 250.89 248.61 249.48 246.2 244.47 244.3 240.09 240.25 241.01 239.89 228.44 222.82 219.56 221.38 220.53 223.15 221.67 218.63 227.43 242.17 238.7 224.49 204.53 207.7 225.32 236.35 238.3 240.37 241.79 238.2 241.7 246.05 254.13 262.21 260.96 261.32 270.1818 276 -9999 -9999 -9999 -9999 -9999 -9999 -9999 -9999 -9999 -9999 -9999 -9999 -9999 -9999 -9999 -9999 -9999 -9999 -9999 -9999 -9999 -9999 -9999 -9999 -9999 -9999 -9999 -9999 -9999
269 269.15 266.6 262.07 259.85 257.31 252.98 250.54 249.81 247.9 244.32 244.11 239.45 242.5 246.66 242.42 235.56 228.45 231.92 231.18 226.4 230.55 227.79 221.36 229.49 242.81 233.63 219.15 205.82 211.29 224.16 229.41 235.79 235.43 245.47 248.78 254.5 259.67 265.63 265.3 265.47 268.5224 270 -9999 -9999 -9999 -9999 -9999 -9999 -9999 -9999 -9999 -9999 -9999 -9999 -9999 -9999 -9999 -9999 -9999 -9999 -9999 -9999 -9999 -9999 -9999 -9999 -9999 -9999 -9999 -9999 -9999 -9999
262.85 262.84 260.51 258.83 258.22 257.35 254.64 252 253.92 252.73 248.68 247.11 245.11 246.36 244.3 242.38 239.65 236.38 240.13 238.94 237.6 233.03 230.92 231.81 235.94 240.05 243.31 236.56 226.76 219.51 212.12 222.89 236.81 243.43 247.41 245.34 251.39 262.02 268.88 270.97 273.4742 275.0625 -9999 -9999 -9999 -9999 -9999 -9999 -9999 -9999 -9999 -9999 -9999 -9999 -9999 -9999 -9999 -9999 -9999 -9999 -9999 -9999 -9999 -9999 -9999 -9999 -9999 -9999 -9999 -9999 -9999 -9999 -9999
264.8 263.54 262.26 261.57 261.1 258.97 256.69 255.56 254.96 253.77 253.15 249.72 249.31 250.87 244.94 241.36 238.93 238.19 241.96 238.98 242.79 235.77 230.46 235.5 240.34 237.95 240.76 246.38 241.74 236.15 228.56 225.6 238.32 247.96 256.57 258.05 251.62 255.71 267.12 273.4243 274.0488 -9999 -9999 -9999 -9999 -9999 -9999 -9999 -9999 -9999 -9999 -9999 -9999 -9999 -9999 -9999 -9999 -9999 -9999 -9999 -9999 -9999 -9999 -9999 -9999 -9999 -9999 -9999 -9999 -9999 -9999 -9999 -9999
267.3 265.55 264.55 264.31 262.83 261.6 257.32 255.37 254.77 256.93 255.3 251.9 252.08 253.79 250.54 247.33 242.53 241.46 244.01 242.95 243.48 244.16 243.04 243.83 240.54 239.08 245.63 253.04 251.15 246.86 243.36 247.45 246.32 248.68 251.14 259.97 264.81 265.08 272.58 274.7046 -9999 -9999 -9999 -9999 -9999 -9999 -9999 -9999 -9999 -9999 -9999 -9999 -9999 -9999 -9999 -9999 -9999 -9999 -9999 -9999 -9999 -9999 -9999 -9999 -9999 -9999 -9999 -9999 -9999 -9999 -9999 -9999 255.5
267.48 267.9 266.6 265.66 264.72 263.36 260.15 258.92 256.2 258.27 256 252.67 253.52 256.54 254.92 249.23 246.1 245.18 244.88 245.89 248.14 251.05 250.87 247.12 238.65 245.18 246.18 249.43 255.07 261.52 261.07 262.28 265.42 266 262.35 255.91 264.26 271.04 275.0921 -9999 -9999 -9999 -9999 -9999 -9999 -9999 -9999 -9999 -9999 -9999 -9999 -9999 -9999 -9999 -9999 -9999 -9999 -9999 -9999 -9999 -9999 -9999 -9999 -9999 -9999 -9999 -9999 -9999 -9999 -9999 262.3333 250.0789 245.0111
267.67 269.55 268.9 267.94 266.67 263.07 259.54 261.69 260.76 257.81 259.24 255.43 255.22 256.99 256.84 255.37 252.07 250.42 249.17 247.83 246.87 251.04 254.1 248.19 246.25 250.27 247.04 240.84 243.6 254.24 265.09 268.21 271.39 272.39 271.81 270.7 270.36 274.0425 275.3333 -9999 -9999 -9999 -9999 -9999 -9999 -9999 -9999 -9999 -9999 -9999 -9999 -9999 -9999 -9999 -9999 -9999 -9999 -9999 -9999 -9999 -9999 -9999 -9999 -9999 -9999 -9999 -9999 -9999 266 255.6667 250.0482 248.5 260.27
270.25 270.74 270.22 269.28 268.38 266.86 264.06 265.11 263.31 260.28 260.07 260.23 259.86 259.03 255.73 255.64 257.32 255.7 254.64 252.91 252.75 253.01 257.65 253.65 251.88 252.31 254.2 251.22 250.35 248.7 249.01 262.01 271 273.19 273.93 273.38 274.77 275.3913 -9999 -9999 -9999 -9999 -9999 -9999 -9999 -9999 -9999 -9999 -9999 -9999 -9999 -9999 -9999 -9999 -9999 -9999 -9999 -9999 -9999 -9999 -9999 -9999 -9999 -9999 -9999 -9999 -9999 -9999 262 263.0465 262.359 259.2561 263.2703
271.55 271.65 270.53 268.33 269.38 269.38 268.02 267.22 266.21 265.24 264.82 262.87 262.5 259.43 257.19 259.67 259.37 258.32 257.2 257.5 256.57 258.26 262.77 258.79 257.14 259.43 260.37 258.05 252.96 251.46 251.47 260.48 269.63 273.18 275.22 275.69 276.1 276.3333 -9999 -9999 -9999 -9999 -9999 -9999 -9999 -9999 -9999 -9999 -9999 -9999 -9999 -9999 -9999 -9999 -9999 -9999 -9999 -9999 -9999 -9999 -9999 -9999 -9999 -9999 -9999 -9999 -9999 -9999 -9999 -9999 265.3077 264.2143 -9999
272.44 273.17 272.54 271.03 271.41 271.09 270.09 269.17 268.07 267.51 267.22 266.34 265.1 263.35 262.71 262.85 261.28 260.41 259.41 259.48 259.62 259.2 261.19 267.06 267.34 265.26 264.13 259.19 257.6 256.83 259.88 267.91 271.36 273.22 273.64 277.02 278.12 278.3529 -9999 -9999 -9999 -9999 -9999 -9999 -9999 -9999 -9999 -9999 -9999 -9999 -9999 -9999 -9999 -9999 -9999 -9999 -9999 -9999 -9999 -9999 -9999 -9999 -9999 -9999 -9999 -9999 -9999 -9999 -9999 -9999 -9999 -9999 -9999
273.27 273.98 273.7 273.19 272.48 271.97 271.13 269.79 268.64 267.82 267.76 267.05 265.99 265.02 264.46 263.73 263.71 262.86 262.51 262.34 261.59 261.74 260.91 260.11 261.6 264.08 264.81 264.11 261.08 259.03 264.03 263.1 263.57 273.46 275.05 278.24 279.68 279.5079 -9999 -9999 -9999 -9999 -9999 -9999 -9999 -9999 -9999 -9999 -9999 -9999 -9999 -9999 -9999 -9999 -9999 -9999 -9999 -9999 -9999 -9999 -9999 -9999 -9999 -9999 -9999 -9999 -9999 -9999 -9999 -9999 -9999 -9999 -9999
274.2 273.59 273.37 273 272.87 272.11 271.22 269.47 268.04 266.72 266.32 265.56 266.3 266.2 266.01 265.48 265.32 264.98 264.79 264.61 264.27 263.49 263.98 262.91 260.97 258.79 257.14 261.03 266.62 254.88 253.95 263.67 269.05 271.85 279.68 280.56 280.93 280.7273 280.5333 -9999 -9999 -9999 -9999 -9999 -9999 -9999 -9999 -9999 -9999 -9999 -9999 -9999 -9999 -9999 -9999 -9999 -9999 -9999 -9999 -9999 -9999 -9999 -9999 -9999 -9999 -9999 -9999 -9999 -9999 -9999 -9999 -9999 -9999
274.74 274.57 273.96 273.05 272.62 271.03 269.02 267.26 265.48 264.76 263.99 262.65 263.6 265.4 266.32 266.66 266.06 265.96 265.7 265.8 265.52 265.33 263.04 260.34 255.94 250.76 252.39 256 263.64 250.99 255.92 268.85 273.34 276.55 281.59 281.54 276.8 278.07 282 -9999 -9999 -9999 -9999 -9999 -9999 -9999 -9999 -9999 -9999 -9999 -9999 -9999 -9999 -9999 -9999 -9999 -9999 -9999 267.4706 265.4074 266.3333 -9999 -9999 -9999 -9999 -9999 -9999 -9999 -9999 -9999 -9999 -9999 -9999
275.09 273.98 272.74 271.92 270.07 267.46 263.19 261.97 260.92 260.29 260.58 258.37 259.19 262.32 266.08 267.26 267.01 267 266.66 265.93 264.23 259.79 257 252.33 248.42 244.84 249.81 254.62 260.62 251.09 255.6 263.83 271.98 277.56 280.8 281.01 272.93 272.2 281.2963 283 -9999 -9999 -9999 -9999 -9999 -9999 -9999 -9999 -9999 -9999 -9999 -9999 -9999 -9999 -9999 -9999 265.1667 263.1429 265.03 264.7778 268.2 -9999 -9999 -9999 -9999 -9999 -9999 -9999 -9999 -9999 -9999 -9999 -9999
275.07 273.39 270.02 268.14 265.58 263.77 263.99 261.88 259.78 257.18 255.48 253.93 255.9 260.64 264.91 266.84 267 267 266.5 264.55 258.43 254.26 252.99 249 249.37 252.73 254.3 255.83 253.95 247.25 254.19 262.12 269.21 274.58 276.41 276.99 270.91 268.73 280.97 284.125 -9999 -9999 -9999 -9999 -9999 -9999 -9999 -9999 -9999 -9999 -9999 -9999 -9999 -9999 -9999 270.4706 267.8766 266.02 267.5579 268.2857 -9999 -9999 -9999 -9999 -9999 -9999 -9999 -9999 -9999 -9999 -9999 -9999 -9999
275.16 273.56 270.77 268.46 267.45 263.65 262.25 262.2 259.95 258.29 256.69 254.8 255.14 259.11 262.46 264.9 265.97 266.71 264.96 262.57 259.86 257.05 254.69 253.39 254.21 255.28 256.3 258.72 257.97 254.21 257.41 264.93 264.8 267.48 274.84 274.94 269.92 267.22 271.33 281.15 284.0448 285.7813 286.1667 -9999 -9999 -9999 -9999 -9999 -9999 -9999 -9999 -9999 -9999 -9999 -9999 266.8947 265.4727 269.5735 271 -9999 -9999 -9999 -9999 -9999 -9999 -9999 -9999 -9999 -9999 -9999 -9999 -9999 -9999
274.44 271.5 270.42 269.92 268.37 264.62 262.19 260.49 259.23 257.97 256.96 256.41 257.25 257.41 258.66 259.01 259.23 262.11 260.59 260.37 258.91 256.9 255.32 254.92 255.9 258.17 255.64 253.42 254.76 259.31 264.26 260.02 260.29 263.62 258.85 259.69 266.83 256.94 257.72 265.16 277.64 280.27 280.9897 283.5417 -9999 -9999 -9999 -9999 -9999 -9999 -9999 -9999 -9999 -9999 -9999 -9999 -9999 -9999 271.5 -9999 -9999 -9999 -9999 -9999 -9999 -9999 -9999 -9999 -9999 -9999 -9999 -9999 -9999
274.44 272.71 271.12 269.91 268.44 265.97 263.11 259.45 258.87 260.82 259.67 254.93 250.66 247.96 247.53 247.77 252.1 257.51 260.48 258.63 259.76 259.64 259.77 259.97 256.23 259.7 260.84 259.6 259.4 266.39 262.11 258.92 256.03 250.28 249.63 257.22 259.05 247.26 254.07 256.96 266.73 276.04 279.8072 279.619 -9999 -9999 -9999 -9999 -9999 -9999 -9999 -9999 -9999 -9999 -9999 -9999 -9999 270.1724 270.5714 266.9333 -9999 -9999 -9999 -9999 -9999 -9999 -9999 -9999 -9999 -9999 -9999 -9999 -9999
274.95 271.94 268.72 268.85 268.03 266.57 262.19 263.69 263.15 267.54 259.18 248.15 242.29 248.1 246.65 249.81 254.64 259.67 262.34 264.79 265.37 265.22 265.2 264.01 261.1 258.86 261.05 264.61 264.51 266.74 267.97 261.26 252.52 254.74 245.64 246.95 248.31 250.76 252.12 275.26 275.9868 280.7895 285 -9999 -9999 -9999 -9999 -9999 -9999 -9999 -9999 -9999 -9999 -9999 -9999 -9999 -9999 269.125 -9999 266.5385 -9999 -9999 -9999 -9999 -9999 -9999 -9999 -9999 -9999 -9999 -9999 -9999 -9999
271.97 271.29 269.98 270.14 271 265.88 267.38 271.05 269.65 262.42 246.24 242.1 241.44 248.3 255.54 258.25 262.41 266.94 267.95 267.71 270.38 272.95 271.33 267.71 266.79 263.61 262.64 267.07 264.26 260.48 268.01 265.11 251.14 258.77 258.56 265.77 259.63 274.96 278.4556 281.8413 280.3846 -9999 -9999 -9999 -9999 -9999 -9999 -9999 -9999 -9999 -9999 -9999 -9999 -9999 -9999 -9999 -9999 -9999 -9999 -9999 -9999 -9999 -9999 -9999 -9999 -9999 -9999 -9999 -9999 -9999 -9999 -9999 -9999
