layers/wordclim/past/Iberia_lig_10_ascii/bio_4.asc
ncols         166
nrows         94
xllcorner     -9.4959440078468
yllcorner     36.000324005443
cellsize      0.083333337679505
NODATA_value  -9999
[rows 31 to 61 of 94, columns 0 to 68 of 166]
-9999 -9999 -9999 -9999 -9999 -9999 -9999 -9999 -9999 4568.358 4727.1 4927.92 5110.15 5311.36 5461.01 5629.82 5761.1 6006.55 6166.2 6267.29 6390.9 6559.48 6654.68 6712.33 6808.93 6885.28 6966.31 7041.68 7075.83 7160.85 7243.31 7307.33 7370.87 7426.15 7489.3 7549.48 7603.64 7666.87 7716.48 7763.34 7809.76 7853.1 7887.29 7908.9 7939.75 7956.64 7958.22 7952.38 7963.81 7981.54 7996.48 8035.34 8052.14 8091.06 8120.42 8165.62 8183.55 8203.79 8233.23 8251.67 8289.34 8320.96 8351.44 8384.97 8404.39 8427.06 8436.61 8444.28 8448.99
-9999 -9999 -9999 -9999 -9999 -9999 -9999 -9999 -9999 4588 4717.236 4879.42 5065.3 5273.69 5457.82 5601.29 5797.96 5981.93 6116.83 6245.19 6380.58 6536.42 6623.92 6721.38 6835.38 6906.72 6974.15 7047.26 7094.24 7198.83 7274.9 7338.44 7384.62 7465.25 7519.9 7581.23 7636.17 7697.74 7737.64 7794.75 7835.25 7893.84 7923.45 7952.61 7970.6 7984.86 7979.56 7970.37 7971.96 7973.59 8011.47 8048.64 8077.23 8118.35 8143.15 8183.1 8203.08 8233.41 8260.1 8296.35 8334.1 8367.9 8395.38 8432.91 8462.72 8475.14 8465.93 8470.36 8472.08
-9999 -9999 -9999 -9999 -9999 -9999 -9999 -9999 -9999 -9999 4676.667 4885.96 5022.88 5222.04 5409.49 5640.27 5871.61 6018.55 6150.16 6283.01 6426.24 6541.68 6647.18 6737.9 6829.2 6912.55 7013.94 7080.97 7126.76 7208 7267.03 7352.46 7403.14 7495.49 7553.81 7608.61 7662.64 7728.52 7771.35 7820.41 7859.79 7920.97 7951.35 7984.41 8007.71 8032.26 8012.69 7979.82 7965.94 7974.29 8025.56 8053.64 8098.55 8135.28 8168.81 8200.95 8223.18 8264.3 8284.73 8326.04 8357.45 8387.74 8443.96 8483.16 8523.4 8514.36 8470.33 8329.71 8341.49
-9999 -9999 -9999 -9999 -9999 -9999 -9999 -9999 -9999 -9999 4598.012 4852.42 5076.02 5282.75 5457.66 5652.66 5850.03 6024.77 6144.75 6284.45 6399.65 6506.61 6633.61 6760.83 6834.65 6894.69 7009.92 7094.13 7163.97 7244.57 7312.37 7368.33 7447.98 7514.67 7579.72 7633.67 7687.67 7752.1 7796.51 7851.01 7895.03 7941.11 7982.83 8016.42 8039.65 8066.28 8043.65 7978.47 7955.14 7992.52 8042.69 8089.1 8124.86 8150.71 8183.8 8213.78 8247.27 8296.13 8306.81 8335.87 8367.73 8422.14 8481.51 8540.29 8562.02 8521.92 8293.6 8243.86 8422.9
-9999 -9999 -9999 -9999 -9999 -9999 -9999 -9999 -9999 4371.25 4513.827 4781.67 5045.24 5327.79 5592.99 5748.3 5885.72 6002.56 6162.36 6311.75 6419.51 6527.04 6632.03 6752.24 6833.39 6911.88 7017.54 7118.51 7191.29 7263.09 7328.11 7397.03 7471.82 7540.96 7596.92 7658.27 7720.75 7774.53 7831.68 7878.83 7926.34 7960.06 8010.56 8033.57 8058.83 8062.66 8052.52 8022.1 8009.67 8041.97 8079.98 8117.56 8147.75 8176.22 8210.71 8248.84 8268.56 8300.35 8325.82 8333.02 8374.68 8429.75 8489.47 8544.41 8535.54 8458.31 8220.19 8474.31 8407.07
-9999 -9999 -9999 -9999 -9999 -9999 -9999 -9999 -9999 4296.133 4449.888 4692.84 4991.69 5383.31 5504.89 5711.93 5856.68 5965.46 6143.63 6306.62 6437.65 6545.9 6661.69 6770.04 6848.54 6929.37 7037.7 7135.83 7210.53 7282.79 7351.33 7421.63 7494.29 7565.07 7623.68 7676.99 7740.65 7792.71 7859.03 7896.26 7945.72 7983.47 8018.3 8048.74 8059.81 8067.93 8081.67 8079.69 8074.26 8097.9 8118.57 8161.42 8186.48 8203.08 8232.75 8258.4 8278.83 8313.6 8315.89 8328.41 8358.13 8400.78 8454.54 8439.97 8268.22 8266.43 8231.77 8354.85 8593.21
-9999 -9999 -9999 -9999 -9999 -9999 -9999 -9999 -9999 4180.541 4404.196 4666.79 4932.3 5211.28 5518.42 5678.86 5850.26 5989.21 6176.63 6316.69 6438.08 6556.86 6680.52 6791.22 6877.29 6967.5 7067.98 7150.47 7218.75 7297.69 7372.12 7442.45 7512.47 7582.63 7659.51 7706.92 7762.01 7827.18 7879.55 7925.58 7962.84 8010.44 8044.35 8054.45 8080.95 8102.95 8132.83 8128.02 8132.39 8148.94 8175.95 8198.17 8196.6 8218.89 8228.15 8241.63 8255.04 8286.85 8281.41 8301.93 8299.12 8343.7 8365.75 8389.32 8464.38 8603.59 8644.55 8717.3 8758.29
-9999 -9999 -9999 -9999 -9999 -9999 -9999 -9999 4100.4 4191.473 4427.381 4661.33 4906.65 5220.93 5505.91 5759.79 5920.28 6021.5 6165.13 6307.48 6437.12 6572.13 6694.35 6802.35 6903.6 6991.15 7080.69 7126.92 7219.23 7307.22 7388.4 7458.36 7528.83 7609.56 7681.28 7737.87 7797.77 7852.4 7900.18 7941.13 7983.23 8015.59 8057.16 8093.54 8123.17 8148.71 8162.2 8164.74 8179.93 8192.73 8203.28 8214.17 8213.2 8240.77 8253.63 8275.63 8309.77 8323.54 8307.07 8313.88 8335.34 8348.36 8399.45 8384.26 8591.31 8739.05 8720.72 8763.56 8845.16
-9999 -9999 -9999 -9999 -9999 -9999 -9999 -9999 4168.709 4266.89 4497.78 4706.95 4945.64 5216.47 5546.19 5785.59 5845.75 6010.86 6159.06 6322.39 6446.13 6587.96 6705.7 6815.11 6851.76 6930.53 7048.94 7142.13 7232.11 7317.83 7416.63 7472.6 7554.79 7633.73 7705.28 7765.41 7831.66 7861.2 7902.19 7909.58 7994.66 8042.31 8092.27 8140.75 8151.47 8173.84 8200.39 8215.07 8221.15 8238.38 8255.24 8251.77 8239.7 8291.84 8312.2 8323.54 8313.84 8317.85 8350.03 8435.58 8442.51 8527.87 8582.56 8580.9 8711.47 8787.01 8839.99 8866.74 8897.19
-9999 -9999 -9999 -9999 -9999 -9999 -9999 -9999 4235.048 4375.99 4592.59 4805.81 5018.17 5298.18 5557.96 5716.16 5861.28 6020.92 6177.75 6328.92 6474.23 6619.08 6679.1 6694 6820.33 6967.38 7097.62 7161.1 7262.23 7352.83 7430.34 7490.77 7579.57 7655.26 7723.42 7785.02 7845.98 7891.84 7937.09 7985.87 8035 8103.68 8149.84 8176.38 8205.65 8196.34 8225.26 8262.95 8286.59 8279.75 8275.73 8256.49 8261.22 8296.98 8295.98 8333.08 8400.64 8454.42 8536.3 8563.24 8630.72 8715.61 8714.94 8755.56 8822.2 8870.11 8899.49 8902.4 8949.11
-9999 -9999 -9999 -9999 -9999 -9999 -9999 4228 4303.736 4473.47 4690.16 4908.89 5120.48 5398.2 5578 5696.71 5877.78 6053.01 6210.44 6374.8 6510.99 6587.38 6568 6709.93 6937.85 7074.37 7167.65 7214.79 7285.95 7367.04 7435.02 7510.14 7586.89 7666.3 7738.94 7805.74 7833.51 7908.49 7970.28 8045.34 8092.41 8136.62 8182.74 8206.44 8198.51 8163.63 8212.73 8293.79 8312.06 8289.09 8290.77 8296.7 8319.76 8359.36 8377.81 8434.74 8480.98 8490.1 8486.18 8535.46 8713.93 8774.15 8826.57 8870.29 8913.79 8927.52 8951.49 8956.51 8958.41
-9999 -9999 -9999 -9999 -9999 -9999 -9999 4265.9 4384.67 4572.58 4792.88 4989.03 5207.37 5465 5630.24 5748.47 5931.98 6099.88 6245.78 6403.28 6531.92 6629.09 6637.93 6759.6 7008.86 7116.9 7200.18 7268.8 7325.83 7368.05 7442.68 7502.71 7592.2 7685.76 7738.63 7826.14 7892.92 7965.6 8027.63 8083.4 8113.84 8166.44 8209.75 8238.76 8171.79 8174.4 8260.02 8308.14 8312.14 8308.29 8297.12 8334.48 8374.74 8459.5 8458.96 8489.86 8603.72 8694.63 8702.42 8718.09 8759.78 8828.01 8894.39 8937.38 8963.18 8987.7 9009.94 9005.96 9017.52
-9999 -9999 -9999 -9999 -9999 -9999 -9999 4325.165 4461.89 4618.31 4814.3 5026.14 5265.7 5507.43 5668.79 5823.4 5978.02 6132.8 6295.24 6404.26 6515.07 6684.48 6816.63 6945.18 7056.5 7139.91 7242.41 7310.81 7380.72 7442.67 7539.45 7604.25 7635.6 7741.19 7809.57 7868.86 7930.37 8000.78 8059.27 8100.78 8147.21 8195.75 8225.69 8206.37 8286.86 8283.99 8235.98 8284.87 8328.19 8436.32 8429.6 8467.48 8554.13 8616.35 8626.68 8699.24 8722.45 8755.69 8775.43 8796.39 8865.91 8920.12 8963.61 8992 9025.29 9043.06 9065.3 9063.21 9083.68
-9999 -9999 -9999 -9999 -9999 -9999 -9999 4351.771 4490.159 4681.28 4877.24 5088.41 5360.39 5548.32 5685.71 5869.33 6044.29 6186.03 6313.62 6437.3 6573.8 6727.88 6839.49 6954.32 7074.25 7175.85 7279.11 7351.79 7424.01 7495.81 7569.29 7635.63 7702.49 7768.76 7821.35 7887.09 7957.57 8028.71 8079.29 8127.32 8176.87 8232.22 8261.73 8303.81 8319.71 8384.64 8420.13 8463.27 8495.49 8535.53 8561.14 8606.47 8641.08 8674.58 8714.98 8741.29 8753.52 8764.4 8846.42 8884.28 8932.86 8976.08 9015.53 9051.58 9079.79 9109.82 9111.58 9131.77 9146.91
-9999 -9999 -9999 -9999 -9999 -9999 -9999 4389.76 4557.41 4730.44 4911.98 5188.58 5403.22 5571.32 5763.29 5925.83 6063.44 6199.29 6338.23 6482.55 6623.76 6725.85 6876.84 6973.43 7139.13 7219.6 7309.74 7375.36 7448.72 7516.07 7584.4 7649.17 7711.08 7771.11 7829.31 7909.37 7973.17 8039.38 8089.33 8137.66 8198.74 8263.39 8311.95 8360.77 8397.63 8419.97 8464.22 8502.24 8525.88 8566.39 8596.89 8644 8682.18 8726.14 8763.91 8792.17 8833.25 8872.94 8900.99 8932.1 8975.55 9019.01 9068.33 9107.71 9148.47 9168.22 9180.95 9190.3 9186.71
-9999 -9999 -9999 -9999 -9999 -9999 4302.176 4411.96 4607.88 4776.85 4962.29 5249.6 5416.47 5586.99 5770.63 5922.69 6058.67 6200.45 6340.79 6490.59 6618.45 6763.47 6913.92 7063.91 7178.38 7247.58 7322.06 7389.84 7457.47 7531.42 7595.78 7661.72 7735.63 7796.99 7861.91 7929.27 7987.2 8047.35 8113.7 8177 8238.47 8295.71 8320.95 8370.21 8412.32 8437.66 8490.94 8532.82 8567.66 8606.62 8638.79 8679.71 8718.77 8764.96 8809.27 8833.27 8876.14 8915.74 8944.63 8979.89 9020.44 9065.76 9120.9 9167.23 9204.52 9227.32 9234.47 9232.75 9224.89
-9999 -9999 -9999 -9999 -9999 -9999 4285.381 4421.72 4638.2 4833.37 5007.17 5246.49 5406.13 5599.72 5746.98 5901.71 6065.27 6211.03 6347.54 6479.46 6636.26 6769.82 6914.88 7082.5 7212.76 7265.4 7294.94 7372.6 7449.91 7537.09 7599.57 7667.97 7738.57 7812.59 7879.13 7947.2 8020.71 8086.35 8162.55 8221.66 8272.32 8314.85 8348.06 8395.8 8439.32 8470.4 8528.85 8572.95 8612.42 8650.16 8683.21 8725.33 8763.89 8805.19 8835.4 8873 8910.55 8950.01 8983.17 9008.98 9063.76 9110.76 9150.19 9192.15 9234.48 9264.83 9261.06 9258.51 9254.84
-9999 -9999 -9999 -9999 -9999 4198.571 4296.877 4457.69 4652.98 4872.33 5083.28 5252.49 5391.87 5587.9 5731.68 5890.85 6044.68 6198.96 6351.02 6496.88 6625.43 6753.35 6915.15 7070.69 7145.42 7189.87 7291.57 7370.49 7453.69 7527.03 7595.47 7676.65 7745.82 7816.51 7889.36 7967.68 8041.23 8117.09 8179.69 8231.26 8296.41 8329.08 8393.7 8436.13 8482.53 8523.25 8575.97 8609.96 8649.39 8682.3 8717.26 8759.97 8789.53 8832.74 8874.6 8911.09 8950.71 8982.44 9020.94 9050.76 9100.43 9134.43 9175.7 9207.49 9244.89 9252.69 9252.16 9261.87 9267.77
-9999 -9999 -9999 -9999 -9999 4206.036 4346.61 4517.08 4688.91 4910.55 5093.05 5233.24 5378.68 5563.56 5747.68 5876.93 6046.1 6186.16 6332.66 6471.84 6580.26 6719.47 6857.17 6974.42 7092.35 7207.14 7289.54 7358.07 7443.27 7519.4 7589.21 7667.01 7757.85 7833.99 7916.45 7975.61 8041.45 8126.29 8202.61 8265.9 8329.58 8366.42 8432.53 8477.65 8530.44 8578.34 8614.76 8651.71 8701.46 8740.06 8759.04 8801.35 8835.2 8866.43 8905.96 8952.22 8982.27 9014.59 9034.89 9080.46 9118.23 9152.2 9173.89 9207.07 9242.96 9235.36 9250.61 9271.71 9282.19
-9999 -9999 -9999 -9999 -9999 4197.28 4350.07 4567.25 4774.54 5020.61 5119.98 5255.44 5385.81 5532.03 5719.02 5868.49 6034.72 6181.87 6310.43 6435.81 6549.14 6665.44 6800.59 6942.81 7057.41 7157.52 7243.56 7334.17 7414.07 7499.28 7592 7676.75 7762.52 7845.11 7931.66 8005.55 8070.14 8145.71 8220.28 8277.04 8345.95 8387.66 8447.2 8498.76 8545.55 8603.84 8644.76 8688.05 8733.34 8753.32 8790.16 8834.88 8869.6 8892.68 8924.95 8967.9 8983.73 9018.25 9042.67 9089.41 9114.57 9156.35 9191.55 9207.67 9215.55 9230.06 9245.84 9273.06 9277.63
-9999 -9999 -9999 -9999 4063.625 4214.636 4402.79 4701.91 4909.82 5043.25 5174.09 5232.98 5372.9 5521 5702.1 5862.45 6004.45 6136.7 6266.87 6408.25 6521.29 6659.28 6792.16 6914 7013.33 7120.14 7219.15 7306.23 7403.46 7484.69 7569.92 7663.38 7748.04 7831.1 7922.73 8010.76 8089.46 8160.46 8236.41 8296.54 8349.93 8407.33 8464.23 8514.11 8574.91 8627.63 8662.55 8717.7 8752.1 8781.53 8804.31 8864.19 8885.98 8920.99 8972.8 8982.07 9008.02 9046.33 9039.62 9104.1 9092.54 9131.84 9162.88 9189.34 9204.41 9225.17 9254.62 9283.36 9283.79
-9999 -9999 -9999 3920.572 4048.51 4263.44 4503.23 4734.1 4864.31 4966.42 5094.21 5231.82 5366.33 5528.02 5669.37 5806.91 5951.76 6081.49 6236.32 6381.44 6517.44 6634.51 6756.62 6863.28 6960.03 7064.09 7172.4 7271.38 7369.81 7467.34 7564.54 7651.4 7736.62 7813.1 7911.71 8006.98 8085.49 8181.89 8247.03 8312.28 8366.38 8417.53 8479.32 8535.15 8604.48 8646.39 8691.87 8741.21 8776.82 8793.95 8847.64 8886.74 8917.07 8950.38 8990.24 9018.47 9048.1 9084.61 9106.87 9142.3 9160.39 9184.16 9211.85 9229.21 9215.31 9212.93 9237.76 9265.83 9287.3
-9999 3544.714 3748.375 3917.453 4119.75 4325.1 4540.14 4660.12 4815.29 4981.3 5099.74 5236.76 5390.97 5571.21 5704.39 5845.42 5967.18 6107.57 6238.39 6358.24 6484.51 6597.2 6717.26 6817.86 6891.93 6979.82 7104.38 7223.63 7341.66 7443.61 7548.84 7649.69 7735.14 7827.3 7911.15 7994.39 8082.44 8173.82 8250.29 8317.94 8375.47 8437.58 8498.94 8558.69 8606.26 8658.88 8706.71 8747.46 8798.37 8836.01 8868.96 8898.49 8931.44 8958.63 8998.49 9026.75 9059.11 9113.91 9141.1 9154.94 9164.17 9181.26 9214.73 9218.4 9235.62 9249.49 9251.97 9266.56 9279.73
-9999 3637.615 3839.41 4029.22 4209.83 4395.11 4565.61 4700.77 4858.22 5006.99 5121.79 5269.79 5436.9 5581.49 5715.54 5855.2 5976.37 6090.68 6211.12 6343.61 6449.75 6560.07 6678.21 6785.53 6867.81 6950.34 7065.81 7201.05 7324.46 7428.21 7536.2 7631.44 7718.95 7813.31 7899.86 7994.59 8080.7 8164.44 8242.29 8316.57 8382.43 8443.39 8501.34 8551.58 8600.21 8651.58 8691.39 8751.69 8798.34 8839.92 8871.42 8902.09 8939.15 8968.1 9024.71 9045.56 9073.77 9126.41 9142.43 9159.54 9177.19 9210 9225.14 9230.05 9244.47 9261.09 9267.51 9271.7 9273.72
-9999 3847.5 3944.44 4125.45 4315.08 4556.58 4639.84 4777.59 4918.62 5041.56 5165.93 5329.05 5458.67 5591.19 5716.9 5850.4 5964.29 6068.71 6201.25 6325.45 6426.98 6534.35 6651.41 6762.45 6863.85 6960.14 7066.59 7191.04 7310.19 7415.07 7521.81 7616.17 7704.52 7795.31 7880.79 7990.77 8072.92 8156.79 8232.1 8306.81 8379.57 8434.47 8479.9 8541.48 8594.55 8650.87 8691.15 8741.25 8779.85 8831.39 8872.8 8924.18 8952.37 8979.85 9031.77 9064.53 9092.95 9120.37 9136.43 9165.5 9182.07 9210.18 9212.15 9225.79 9238.7 9250.17 9252.59 9248.4 9259.66
-9999 3947.141 4074.89 4260.28 4477.98 4596.85 4713.09 4849.88 4962.14 5086.4 5224.91 5360.63 5488.04 5615.12 5726.88 5850.21 5950.33 6068.57 6185.38 6297.88 6417.09 6514.72 6630.76 6742.53 6848.98 6954.47 7071.79 7188.84 7301.49 7407.33 7508.25 7595.3 7688.1 7774.92 7869.02 7965.65 8046.09 8130.63 8213.36 8286.06 8355.41 8399.22 8454.62 8525.33 8575.95 8637.41 8680.12 8724.78 8784.89 8834.35 8872.35 8922.09 8965.25 8998.15 9037.78 9074.09 9109.43 9125.32 9147.9 9171.04 9184.87 9210.43 9209.87 9227.91 9240.12 9249.84 9233.56 9230.36 9238.36
-9999 4066.41 4227.49 4418.53 4600.21 4723.02 4784.596 4896.489 5021.609 5146.25 5282.88 5398.23 5513.42 5619.55 5723.04 5843.83 5952.31 6065.47 6171.48 6287.67 6395.45 6496.93 6609.63 6729.59 6836.09 6942.18 7067.98 7183.77 7297.95 7407.83 7498.27 7590.99 7664.35 7751.45 7841.86 7929.19 8019.01 8101.91 8183.18 8268.74 8330.6 8381.79 8455.74 8510.58 8563.93 8632.5 8687.35 8743.28 8799.49 8829.57 8880.59 8925.56 8957.07 8987.08 9037.29 9079.59 9113.98 9138.97 9154.64 9162.66 9177.93 9205.61 9209.91 9220.65 9235.79 9216.21 9219.4 9222.45 9220.32
-9999 4227.684 4416.22 4580.14 4740.86 4834.423 4885.886 4977.86 5094.65 5205.35 5316.76 5414.85 5514.41 5617.53 5735.06 5848.21 5950.24 6053.03 6153.37 6282.25 6387.12 6495.36 6600.09 6718.09 6828.22 6938.72 7061.78 7177.76 7296.46 7412.97 7509.19 7563.31 7626.81 7716.47 7804.45 7898.62 7992.02 8075.36 8152.59 8238.88 8295.58 8368.02 8433.82 8491.32 8568.32 8629.65 8685.43 8736.37 8793.86 8837.23 8881.2 8905.75 8962.32 9021.32 9041.83 9084.12 9106.01 9133.39 9156.02 9172.77 9183.73 9191.76 9202.98 9213.85 9225.82 9209.56 9215.6 9215.63 9226.74
4238.613 4353.39 4527.6 4690.77 4810.3 4870.117 4964.815 5048.7 5163.38 5258.72 5365.6 5459.74 5554.05 5655.99 5750.64 5860.57 5957.41 6064.05 6155.09 6269.12 6375.5 6488.04 6600.02 6724.16 6826.8 6931.87 7050.15 7174.83 7287.3 7400.86 7516.22 7562.98 7615.62 7694.72 7788.36 7872.83 7974.53 8063.94 8139.95 8207.83 8290.63 8361.42 8428.62 8506.48 8576.19 8633.26 8698.49 8728.63 8783.48 8827.4 8885.88 8921.24 8953.2 9006.93 9035.76 9073.8 9100.57 9129.95 9157.96 9174.71 9187.52 9191.05 9204.24 9213.91 9211.71 9211.34 9209.92 9219.65 9230.28
4299.914 4445.98 4599.77 4778.08 4907.404 4863 5064.429 5121.77 5221.81 5305.32 5386.2 5490.29 5584.61 5686.14 5779.14 5884.49 5971.23 6072.62 6157.97 6265.22 6372.58 6481.09 6582.27 6717.25 6825.33 6922.86 7030.62 7147.8 7270.13 7378.08 7478.31 7547.16 7617.6 7693.71 7785.43 7873.51 7967.47 8057.78 8129.35 8208.24 8296.23 8370.58 8431.85 8504.58 8583.31 8632.42 8692.53 8725.04 8784.45 8836.36 8884.6 8938.54 8956.53 8972.16 9044.14 9072.03 9082.6 9109.82 9139.4 9159.9 9185.49 9191.59 9202.23 9208.75 9217.09 9222.36 9243.91 9237.38 9232
4315.88 4447.986 4608.743 4817.662 4942.133 5027.333 5098.427 5160.19 5248.66 5338.76 5426.05 5520.9 5605.06 5700.75 5797.32 5901.78 5987.86 6078.97 6159.78 6254.92 6362.63 6468.95 6585.78 6702.02 6801.35 6918.25 7000.95 7116.53 7244.34 7352.59 7446.96 7526.39 7604.69 7678.44 7773.61 7859.18 7942.13 8036.7 8115.9 8183.87 8270.63 8358.73 8428.11 8500.72 8558.85 8612.12 8676.32 8747.98 8789.47 8844.13 8876.5 8915.8 8948.4 8962.82 9007.18 9039.58 9060.82 9093.6 9120.43 9141.82 9175.12 9205.68 9207.69 9214.05 9218.74 9227.84 9251.89 9248.36 9223.76
