layers/wordclim/past/Iberia_lig_10_ascii/bio_5.asc
ncols         166
nrows         94
xllcorner     -9.4959440078468
yllcorner     36.000324005443
cellsize      0.083333337679505
NODATA_value  -9999
[rows 0 to 31 of 94, columns 0 to 72 of 166]
-9999 -9999 -9999 -9999 -9999 -9999 -9999 -9999 -9999 -9999 -9999 -9999 -9999 -9999 -9999 -9999 -9999 -9999 -9999 241.4167 -9999 247 250 -9999 -9999 -9999 -9999 -9999 -9999 -9999 -9999 -9999 -9999 -9999 -9999 -9999 -9999 -9999 -9999 -9999 -9999 -9999 -9999 -9999 -9999 -9999 -9999 -9999 -9999 -9999 -9999 -9999 -9999 -9999 -9999 -9999 -9999 -9999 -9999 -9999 -9999 -9999 -9999 -9999 -9999 -9999 -9999 -9999 -9999 -9999 -9999 -9999 -9999
-9999 -9999 -9999 -9999 -9999 -9999 -9999 -9999 -9999 -9999 -9999 -9999 -9999 -9999 -9999 -9999 -9999 240.8781 235.9028 244.1791 245.3939 244.9091 248.3768 250.0758 253.3585 255.5625 -9999 -9999 -9999 -9999 -9999 -9999 -9999 -9999 -9999 -9999 -9999 -9999 -9999 -9999 -9999 -9999 -9999 -9999 -9999 -9999 -9999 -9999 -9999 -9999 -9999 -9999 -9999 -9999 -9999 -9999 -9999 -9999 -9999 -9999 -9999 -9999 -9999 -9999 -9999 -9999 -9999 -9999 -9999 -9999 -9999 -9999 -9999
-9999 -9999 -9999 -9999 -9999 -9999 -9999 -9999 -9999 -9999 -9999 -9999 -9999 -9999 -9999 243.5333 242.1364 242.0105 240.75 244.74 241.35 241.3 247.7273 244.37 246.17 251.9381 258.8333 -9999 -9999 -9999 -9999 -9999 -9999 -9999 -9999 -9999 -9999 -9999 -9999 264.3333 -9999 263 261.3333 258.3125 257.5577 -9999 -9999 -9999 -9999 -9999 -9999 -9999 -9999 -9999 -9999 -9999 -9999 -9999 -9999 -9999 -9999 -9999 -9999 -9999 -9999 -9999 -9999 -9999 -9999 -9999 -9999 -9999 -9999
-9999 -9999 -9999 -9999 -9999 -9999 -9999 -9999 -9999 -9999 -9999 -9999 -9999 -9999 239.8889 242.2211 243.2121 243.43 242.79 239.88 237.91 239.62 243.12 239.56 251.21 256.77 258.6842 259.1013 260.7747 264.9273 264.275 264.8214 263.9211 266.4026 262.9114 265.5757 264.3836 261.9305 260.4204 260.9485 261.3077 261.3452 261.2424 259.99 258.64 259.5454 258.6721 257.7 258.9322 261.6304 261.1379 -9999 -9999 -9999 -9999 -9999 -9999 -9999 -9999 -9999 -9999 -9999 -9999 -9999 -9999 -9999 -9999 -9999 -9999 -9999 249.75 248.6667 -9999
-9999 -9999 -9999 -9999 -9999 -9999 -9999 -9999 -9999 -9999 -9999 -9999 -9999 -9999 241.3774 244.3913 242.2323 240.42 239.75 242.5 240.29 236.74 235.12 235.58 244.13 254.04 259.26 255.65 262.99 263.7778 258.72 257.64 257.36 263.16 255.6 260.69 262.92 260.8 256.43 261.87 265.2323 261.5 259.85 261.2 261.4 260.46 258.78 259.16 262 261.43 261.21 261.5641 264.641 265.8813 265.26 266.5428 268.6316 -9999 -9999 -9999 -9999 -9999 -9999 -9999 258.7143 256.8 254.0889 252.6027 251.6585 251.6349 249.6979 251.2529 251.1304
-9999 -9999 -9999 -9999 -9999 -9999 -9999 238 -9999 -9999 -9999 -9999 240.6111 242.4516 243.8209 246.2708 244.32 242.13 242.52 241.18 243.59 243.49 243.97 241.19 244.82 248.57 253.15 259.09 260.36 253.38 247.67 253.83 259.75 258.02 255.69 262.92 258.73 255.89 262.09 266.3 266.52 267.63 267.04 264.47 264.52 263.88 263.76 263.72 263.86 264.34 265.38 267.8 267.83 264.11 263.54 262.42 258.96 262.2766 264.2469 265.9315 265.8571 265.5256 263.375 260.2771 258.8673 258.98 256.15 254.45 253.0313 253.78 251.69 252.45 254.369
-9999 -9999 -9999 -9999 -9999 -9999 238.1481 239.825 240.0811 240.25 241.6892 242.6385 242.73 244.697 246.62 248.4396 246.8 244.34 241.03 243.45 246.16 247.99 249.14 251.74 251.03 253.56 254.32 260.72 252.49 250.58 253.56 263.04 259.78 251.95 253.65 262.66 266.65 266.15 262.89 266.18 264.65 264.82 267.03 268.19 267.73 268.11 267.13 264.59 264.38 266.48 263.02 265.58 267.43 262.49 257.25 257.85 261.76 258.06 263.49 262 264.45 262.1 261.56 261.04 258.42 259.32 258.25 256.8 253.11 250.46 250.87 251.67 254.31
-9999 -9999 -9999 237.5 237.7857 239.1316 238.3288 239.93 241.16 242.65 242.87 241.99 244.86 246.58 249.09 249.88 247.02 245.56 243.66 246.48 247.69 251.35 252.78 255.55 257.17 257.03 254.77 258.87 256.44 254.76 261.31 266.2 256.53 251.14 261.7 266.67 266.22 257.35 261.32 259.48 259.8 267.74 254.91 266.23 272.48 269.44 268.07 268.99 268.1 267.1 256.85 262.14 264.32 253.53 230.26 241.68 235.95 239.94 261.44 256.02 259.36 261.44 261.94 258.49 259.93 261.22 258.23 256.93 255.75 249.38 243.17 250.74 255.15
-9999 -9999 -9999 238.7778 238.6774 237.38 238.75 238.35 239.35 241.6 242.81 245.81 249.11 249.68 250.52 248.51 246.05 246.38 245.55 248.38 249.99 252.14 256.39 257.93 258.88 257.67 254.87 260.55 252.36 257.62 256.98 264.36 259.15 255.11 262.7 266.26 257.42 248.69 260.96 253.39 259.23 256.59 267.07 268.27 273.45 267.47 269.42 269.3 261.12 255.02 259.91 255.84 250.21 257.59 245.26 238.86 245.48 262.53 267.56 263.23 247.93 255.47 257.73 257.36 257.28 262.02 256.63 259.44 256.81 247.13 244.42 247.66 250.46
-9999 -9999 235.6154 237.4227 237.3 235.18 237.14 238.55 240.76 243.01 246.64 250.38 253.71 255.43 254.68 253.26 250.57 247.94 244.14 247.22 252.28 253.72 257.62 259.14 258.83 259.09 255.68 256.1 262.38 262.97 269.65 268.99 258.53 251.66 263.47 252.86 254.39 237.23 236.55 241.95 232.66 244.6 239.03 264.06 271.98 250.26 248.09 253.98 247.09 244.15 255.6 247.99 255.73 258.97 248.74 248.91 236.93 239.34 248.81 256.45 251.48 238.33 245.97 256.39 258.14 259.04 257.88 258.11 255.87 255.74 258.3 258.86 258.98
-9999 -9999 238 237.7412 235.1717 235.69 237.28 240.01 243.09 246.21 250.26 254.38 257.73 259.09 257.51 254.82 253.58 248.84 248.41 247.86 252.31 253.5 256.68 262.94 266.27 265.73 260.23 261.84 261.79 271.47 270.63 263.33 262.95 255.11 254.09 248.36 242.49 251.65 252.5 253.6 249.28 256.32 255.65 250.51 257.68 260.84 256.28 261.64 253.96 259.59 268.83 262.02 261.41 262.59 263.93 254.98 242.41 239.64 244.64 254.46 258.79 242.31 249.09 261.6 263.21 263.03 263 262.23 262 262.48 264.31 266.76 265.45
-9999 -9999 239 -9999 238.0862 235.24 238.37 242.16 244.18 249.09 252.72 255.91 259.73 260.78 260.74 258.67 258.64 256.28 254.55 253.55 252.87 258.25 263.14 267.31 270.76 269.24 267.1 261.96 269.58 271.68 262.67 251.67 242.32 244.46 255.63 254.38 257.85 253.15 242.83 250.05 245.99 247.36 259.01 269.54 257.06 268.85 271.58 274.15 266.55 274.76 276.08 268.04 271.73 265.37 269.38 259.4 257.57 256.71 257.28 266.13 268.7 267.4 266.46 267.56 266.96 267.84 265.51 268.51 266.96 268.5 266.23 268.11 270.88
-9999 -9999 -9999 -9999 239.4 239.6094 243.0152 245.5824 242.47 248.44 252.78 255.89 259.07 261.05 262.03 256.87 256.29 253.78 252.31 256.22 255.01 259.61 267.64 264.83 267.03 273.96 264.01 261.41 266.5 264.75 261.18 242.41 255.14 265.31 274.79 273.54 261.09 248.55 249.5 252.24 263.05 271.53 278.03 280.86 283.06 279.18 287.81 288.63 284.61 287.12 284.96 282.33 281.91 278.06 279.69 273.48 269.59 274.68 273.89 271.84 273.42 273.87 275.66 274.9 271.7 273.8 273.05 269.39 271.6 270.07 267.32 271.01 271.42
-9999 -9999 -9999 -9999 242 240.0588 236.3478 242.95 244.64 249.46 251.41 254.03 257.87 254.79 257.21 256.44 252.51 253.75 251.44 250.48 260.06 268.43 262.82 263.61 269.19 269.66 261.76 251.85 251.21 257 265.41 259.68 274.1 283.19 282.8 285.18 277.41 275.68 277.65 276.25 272.76 275.14 283.24 289.71 292.57 292.25 297.72 298.18 295.01 296.8 290.87 292.34 289.49 288.42 285.07 281.93 281.11 280.62 281.33 279.24 281.72 280.52 280.42 276.54 275.27 275.33 275.82 274.93 275.59 273.08 269.69 273.14 280.61
-9999 -9999 -9999 -9999 -9999 241.1017 238.6915 245.15 247.3889 246.94 250.19 251.33 252.18 248.86 244.46 254.94 255.38 251.94 250.97 251.1 264.16 271.17 268.98 273.09 281.28 274.01 262.08 264.21 259.78 253.9 268.02 277.2 286.99 293.9 296.29 294.61 294.76 293.42 288.15 281.99 287.04 292.57 294.33 298.39 300.67 301.91 307.21 306.66 304.48 302.43 299.64 299.39 294.43 295.76 291.26 288.43 288.23 286.93 288.9 286.79 287.12 287.88 286.23 282.83 282.02 279.89 279.22 277.97 277.43 275.88 276.94 281.07 285.64
-9999 -9999 -9999 -9999 -9999 241.9429 242.4737 246 246.3615 247.13 248.68 250.47 250.98 250.49 246.24 248.91 253.76 251.15 250.75 257.86 264.86 274.13 276.13 285.69 286.2 282.88 275.14 272.97 262.24 262.47 271.7 288.02 296.3 301.27 301.48 297.72 285.28 277.4 276.52 281.29 292.14 298.42 300.29 305.55 307.63 309.5 312.17 311.47 310.21 308.37 306.08 302.31 300.76 301.73 297.41 294.61 295.75 293.88 293.39 293.34 292.12 293.3 292.79 291.31 289.94 288.88 286.72 282.83 282.77 282.11 284.45 285.38 283.2
-9999 -9999 -9999 -9999 -9999 243 243.5 245.4167 245.1956 244.3034 250.41 251.24 249.38 242.05 248.82 257.75 263.96 267.43 270.39 271.46 274.25 277.17 282.67 285.31 280.69 281.37 284.08 285.74 271.1 279.24 285.31 293.19 297.4 287.74 274.46 278.53 268.82 267.15 282.33 292.17 299.4 303.85 305.37 310.09 311.37 313.12 314.23 314.77 314.19 311.91 309.14 307.19 306.24 306.26 303.24 300.8 301.11 301.08 300.3 299.92 299.57 298.54 297.25 296.94 296.17 294.84 290.82 288.67 289.06 289.04 287.57 286.19 286.41
-9999 -9999 -9999 -9999 -9999 -9999 245 245.5 246.9655 246.6618 251.2903 254.06 255.49 243.87 248.87 266.64 278.48 278.15 283.03 285.85 286.46 270.26 266.91 275.26 278.38 268.55 269.77 290.9 294.83 278.99 276.3 288.31 272.38 270.11 276.25 256.38 254.85 267.48 285.34 293.34 300.02 306.05 310.85 312.81 314.39 315.35 316.04 317.67 315.87 314.18 313.36 311.47 311.08 311.13 308.94 306.4 305.96 306.81 306.05 305.36 304.39 304.16 303.52 302.54 301 297.69 295.69 295.47 295.57 295.04 291.61 289.61 288.96
-9999 -9999 -9999 -9999 -9999 -9999 -9999 246.3077 246.7821 247.0303 255.1389 256.04 256.53 254.44 245.65 265.2 284.25 284.73 281.01 289.53 288.2 275.78 274.08 261.1 258.86 259.49 253.15 280.07 286.02 275.98 261.98 258.77 256.03 258.08 267.59 280.03 274.87 265.77 278.65 294.64 304.18 309.23 312.5 315.26 316.72 317.28 318.38 319.55 316.94 315.61 316.18 315.62 316.01 314.97 313.27 312.3 311.28 310.84 310.99 310.54 310.26 308.69 307.81 306.35 304.05 300.2 300.57 301.37 300.01 298.04 294.85 293.2 290.59
-9999 -9999 -9999 -9999 -9999 -9999 -9999 247.6667 250 251.8352 256.27 261.73 269.7 262.36 260.79 276.28 283.96 283.55 284.56 282.12 281.49 278.86 281.61 262.1 248.94 244.79 240.21 260.71 281.93 269.73 262.49 248.29 236.88 243.05 256.69 258.53 266.07 279.3 286.92 298.12 305.12 309.82 312.31 316.44 318.36 319.5 320.02 321.01 319.33 318.98 319.52 319.75 319.08 317.69 317.45 316.99 316.42 315.22 315.54 315.66 314.61 312.53 311.64 308.98 305.85 306.9 306.55 305.13 303.97 301.81 298.92 296.28 290.34
-9999 -9999 -9999 -9999 -9999 -9999 -9999 246.9697 250.7802 248.78 261.65 266.71 274.41 269.33 285.43 278.21 270.24 261.3 267.89 269.47 271.29 280.67 278.42 273.02 261.97 252.79 258.48 271.96 279.45 266.11 256.42 245.9 249.86 273.18 282.86 283.76 286.12 292.56 300.14 306.46 309.07 312.56 315.72 316.82 320.48 320.77 321.8 322.44 322.05 322.42 322.38 322.35 321.17 320.42 320.82 320.6 321.17 321.34 319.68 320.44 316.74 313.46 312.97 311.39 312.78 310.26 310.01 308.46 306.43 303.98 300.92 297.1 298.71
-9999 -9999 -9999 -9999 -9999 -9999 -9999 241.3333 244.56 255.41 263.22 269.42 272.8 279.9 261.62 242.26 233.94 245.65 259 270.89 276.5 280.63 282.51 275.65 290.16 274.46 272.85 279.21 273.95 269.16 263.06 259.06 258.98 284.96 290.49 293.89 297.34 300.89 305.27 309.91 313.1 316 318.26 319.33 321.05 322.49 324.35 323.8 323.98 323.81 324.7 324.36 323.56 323.71 323.96 324.29 324.58 324.99 324.37 324.31 319.77 319.13 319.29 316.61 313.68 311.79 311.81 311.41 310.3 308.88 306.5 304.22 301.07
-9999 -9999 -9999 -9999 -9999 -9999 -9999 244.8167 253 257.99 261.72 254.22 265.3 261.87 234.45 251.66 261.04 271.31 268.42 256.35 255.28 266.58 273.23 284.25 301.97 289.53 284.27 290.55 285.77 282.03 283.61 280.92 272.16 293.28 297.19 296.98 297.1 303.62 307.21 310.34 313.04 316.72 319.27 321.47 323.05 325.17 325.08 325.1 325.87 326.02 326.7 326.11 324.88 326.68 327.02 326.76 326.38 325.22 322.47 324.9 325.79 322.83 319.81 316.95 313.95 312.39 312.7 311.75 309.76 308.47 307.57 303.62 301.67
-9999 -9999 -9999 -9999 -9999 -9999 -9999 250.1515 252.5909 252.46 259.41 253.88 271.22 273.98 269.62 273.02 275.87 256.96 242.39 245.27 249.04 253.4 280 287.02 305.11 295.3 284.82 294.54 296.27 288.63 290.84 293.56 294.56 304.43 302.99 306.03 305.1 304.57 304.42 304.82 309.27 312.93 319.03 320.79 323.8 325.43 326.46 327.67 328.09 328.75 328.4 327.76 328.01 327.81 326.32 325.71 324.96 324.69 325.43 328.96 325.72 322.56 320.33 317.91 315.53 313.81 312.83 313.45 312.29 311.43 310.81 308.85 307.53
-9999 -9999 -9999 -9999 -9999 -9999 -9999 249.7209 249.84 250.05 265.24 267.57 275 276.67 272.97 254.21 246.38 237.3 259.21 252.01 258.45 261.79 273.87 290.52 309.03 299.26 287.79 300.45 301.61 302.84 296.69 290.68 301.34 310.51 304.58 310.46 309.94 307.68 310.94 314.03 313.1 314.53 319.51 323.81 325.54 326.15 328.48 328.44 328.76 328.37 329.56 330 328.05 326.31 326.33 326.08 326.47 328.84 331.17 329.06 325.69 324.61 321.97 320.14 318.56 317.42 318.08 317.02 315.61 315.96 315.51 315.17 314.19
-9999 -9999 -9999 -9999 -9999 -9999 -9999 249.12 253.5556 259.6327 262.24 266.71 267.76 276.36 275.74 272.93 272.48 279.09 267.87 258.13 259.74 275.17 292.73 304.78 302.67 291.29 300.95 309.75 313.52 306.64 296.58 286.45 302.31 305.23 310.04 314.19 309.04 308.95 311.26 314.92 318.1 319.08 320.86 324.24 326.21 328.19 329.17 330.27 329.98 329.71 329.82 328.08 327.28 328.08 327.53 327.8 329.93 333.28 330.21 328.63 327.17 325.65 323.34 321.6 320.29 318.62 321.88 322.54 321.53 319.88 319.8 318.91 318.03
-9999 -9999 -9999 -9999 -9999 -9999 -9999 -9999 255.5921 257.97 262.97 270 277.81 282.55 285.72 282.24 281.52 262.07 260.65 270.45 286.09 290.88 302.2 308.08 285.81 303.14 312.59 320.1 320.86 312.44 301.3 298.29 300.85 309.6 313.93 315.96 314.05 313.69 313.61 316.11 317.95 320.32 324.01 325.46 327.04 329.24 330.55 328.95 329.33 329.79 329.82 331.07 330.86 330 329.46 329.85 333.88 334.78 332.11 331.03 329.05 327.06 325.96 325.89 325.54 322.46 324.02 321.07 321.1 321.09 321.58 320.4 319.73
-9999 -9999 -9999 -9999 -9999 -9999 -9999 -9999 255.6304 258.29 265.38 270.77 276.14 276.63 283.61 287.86 278.52 283.34 288.41 291.38 301.08 283.9 290.55 280.57 291.36 311.84 321.47 324.8 321.66 314.16 309.91 311.38 312.54 319.34 319.95 319.67 316.12 314.41 317.73 320 321.63 321.1 324.06 326.3 328.14 331.26 332.36 331.01 331.68 332.26 333.4 333.74 333.83 333.08 333.81 335.4 336.4 335.83 334.58 329.15 327.93 325.52 323.33 323.46 323.7 322.82 320.06 318.68 319.79 319.02 316.1 317.23 316.18
-9999 -9999 -9999 -9999 -9999 -9999 -9999 -9999 256.9688 259.3 263.89 269.79 273.1 280.33 284.05 286.43 284.33 287.54 305.12 296.43 277.44 277.06 281.21 293.46 305.69 307.97 311.61 324.92 321.94 309.06 298.73 316.03 321.37 323.47 322.25 321.96 318.23 317.56 321.58 320.39 321.15 324.46 325.16 328.02 329.87 331.53 332.33 331.84 332.64 334.64 335.52 335.01 335.85 336.16 335.54 335.07 335.52 335.7 333.9 329.36 326.83 325.47 324.45 323.28 322.63 322.61 321.69 316.2 310.96 310.35 312.65 319.35 319.38
-9999 -9999 -9999 -9999 -9999 -9999 -9999 -9999 256.7778 258.9192 264.83 270.15 275.98 280.22 282.96 288.65 285.86 293.24 305.15 292.79 259.34 291.82 291.49 296.5 310.28 321.39 323.42 322.82 318.69 322.09 315.16 322.43 321.43 313.86 311.16 314.39 319.21 323 321.33 320 320.88 322.46 325.14 326.44 328.7 328.93 329.42 330.74 331.25 332.25 333.02 334.39 334.25 334.69 333.84 333.39 334.99 335.64 332.7 331.89 332.24 329.9 327.82 326.75 325.32 323.85 323.99 318.66 313.52 316.41 318.57 319.68 319.38
-9999 -9999 -9999 -9999 -9999 -9999 -9999 -9999 -9999 258.7342 262.99 268.35 271.32 273.99 281.64 289.69 294.48 302.2 289.05 277.82 301.52 311.4 300.41 314.35 305.1 319.83 309.51 311.48 325.78 327.29 323.89 327.7 320.44 312.8 315.94 321.16 326.28 322.63 321.53 321.88 322.01 323.1 323.23 324.36 324.97 325.77 327.13 328.77 331.42 333.6 332.21 333.31 334.73 335.1 335.73 336.24 335.67 334.36 334.03 333.33 332.02 330.89 329.09 326.73 324.78 324.28 323.18 321.86 318.43 321.19 320.14 315.82 309.59
-9999 -9999 -9999 -9999 -9999 -9999 -9999 -9999 -9999 258.8868 263.2 268.01 273.38 276.53 283.91 288.31 297.46 286.49 284.4 285.83 314.9 314.73 312.52 322.39 321.11 317.16 305.06 307.48 329.4 325.89 319.96 322.98 317.39 318.75 319.25 322.18 318.25 319.16 321.84 323.84 324.96 324.38 323.89 322.78 324.64 327.18 327.16 327.04 328.71 331.81 332.51 333.74 334.62 334.91 335.8 335.93 334.4 334.14 332.11 332.44 331.57 330.13 328.49 326.91 325.42 324.14 323.04 321.35 319.26 318.51 318.41 308.95 293.51
