layers/wordclim/past/Iberia_lig_10_ascii/bio_08.asc
ncols         166
nrows         94
xllcorner     -9.4959440078468
yllcorner     36.000324005443
cellsize      0.083333337679505
NODATA_value  -9999
[rows 34 to 67 of 94, columns 76 to 151 of 166]
38.07 39.66 42.27 39.51 36.85 32.03 28.37 27.53 27.3 25.63 27.12 56.16 73.27 72.65 94.38 135.49 139.18 139.56 139.44 143.56 142.85 142.09 147.62 139.25 128.62 127.33 136.29 143.35 150.97 161.38 161.84 160.42 158.56 128.41 100.86 107.38 106.99 101.31 103.01 107.08 105.56 109.8 105.69 123.99 112.79 106.58 105.16 105.83 118.44 140.5 -9999 -9999 -9999 -9999 -9999 -9999 -9999 -9999 -9999 -9999 -9999 -9999 -9999 -9999 -9999 -9999 -9999 -9999 -9999 -9999 -9999 -9999 -9999 -9999 -9999 -9999
45.34 43 38.65 33.59 31.63 32.63 31.39 29.17 26.42 24.86 30.78 60.15 78.78 74.08 84.74 134.96 135.6 136.61 137.13 140.6 141.09 145.14 147.29 140.03 136.43 132.28 139.46 139.98 144.51 150.25 152.72 150.43 155.33 136.82 103.21 103.07 95.62 92.99 98.92 103.06 102.12 86.64 96.62 126.73 123.93 87.53 127.4949 137.0652 -9999 -9999 -9999 -9999 -9999 -9999 -9999 -9999 -9999 -9999 -9999 -9999 -9999 -9999 -9999 -9999 -9999 -9999 -9999 -9999 -9999 -9999 -9999 -9999 -9999 -9999 -9999 -9999
48.78 43.97 35.82 33.87 33.9 36.51 35.7 29.06 27.95 30.42 35.25 62.98 78.62 79.93 78.63 107.27 137.77 133.14 131.8 136.16 143.63 147.27 143.05 130.4 128.82 130.82 131.51 131.46 135.47 133.51 133.52 138.61 142.92 137.37 97.16 94.53 96.75 90.33 95.3 90.66 73.24 50.16 100.41 131.26 132.97 131.5 138.8169 141.3125 -9999 -9999 -9999 -9999 -9999 -9999 -9999 -9999 -9999 -9999 -9999 -9999 -9999 -9999 -9999 -9999 -9999 -9999 -9999 -9999 -9999 -9999 -9999 -9999 -9999 -9999 -9999 -9999
46.48 36.8 36.57 36.08 32.17 39.05 42.57 40.79 37.13 31.36 62.54 73.41 71.17 75.22 73.67 70.46 109.65 127.18 129.83 128.94 140.1 147.25 140.07 127.8 131.7 131.68 128.52 126.19 127.74 132.75 132.41 137.19 138.11 123.36 98 90.15 86.75 81.54 78.59 60.86 74.94 86.97 120.49 130.9 135.56 139.8351 141.086 142.4186 143.8261 -9999 -9999 -9999 -9999 -9999 -9999 -9999 -9999 -9999 -9999 -9999 -9999 -9999 -9999 -9999 -9999 -9999 -9999 -9999 -9999 -9999 -9999 -9999 -9999 -9999 -9999 -9999
42.51 40.04 40.58 34.66 32.7 41.55 37.77 32.6 27.83 33.28 62.64 74.58 70.83 69.73 69.43 68.04 66.52 84.67 123.2 124.79 131.49 141.87 146.3 132.41 133.87 137.57 135.46 127.67 128.39 126.5 125.11 128.31 126.89 139.25 110.67 88.12 85.49 79.84 84.78 91.6 106.26 119.94 126.85 129.6 127.3404 140.7308 142.1053 142.1667 -9999 -9999 -9999 -9999 -9999 -9999 -9999 -9999 -9999 -9999 -9999 -9999 -9999 -9999 -9999 -9999 -9999 -9999 -9999 -9999 -9999 -9999 -9999 -9999 -9999 -9999 -9999 -9999
40.78 44.91 39.62 35.59 38.11 44.78 37.19 36.27 34.67 37.79 48.47 73.43 77.9 71.64 59.17 60.45 56.43 51.95 92.4 122.76 127.8 138.79 148.05 141.06 135.51 142.47 134.5 118.33 126.65 123.58 119.03 118.35 110.33 128.19 99.98 82.76 83.26 81.62 92.5 102.74 118.13 125.46 132.04 135.66 136.6087 142 142 -9999 -9999 -9999 -9999 -9999 -9999 -9999 -9999 -9999 -9999 -9999 -9999 -9999 -9999 -9999 -9999 -9999 -9999 -9999 -9999 -9999 -9999 -9999 -9999 -9999 -9999 -9999 -9999 -9999
43.9 42.83 38.17 39.89 45.29 46.62 44.3 46.94 44.46 42.74 54.2 78.12 78.32 70.58 63.52 57.02 56.49 52.12 60.57 111.99 131.41 138.05 146.39 144.8 139.71 143.74 126.46 121.67 120.57 114.96 92.67 84.89 98.3 75.65 77.33 76.01 79.72 85.38 103.89 114.82 121.22 128.07 136.95 140.26 -9999 -9999 -9999 -9999 -9999 -9999 -9999 -9999 -9999 -9999 -9999 -9999 -9999 -9999 -9999 -9999 -9999 -9999 -9999 -9999 -9999 -9999 -9999 -9999 -9999 -9999 -9999 -9999 -9999 -9999 -9999 -9999
47.55 43.9 45.07 50.69 47.31 49.08 40.27 37.89 43.96 38.75 57.57 93.6 88.53 73.28 68.05 60.72 55.89 54.44 60.43 98.72 131.09 132.73 143.84 149.17 151.73 143.13 128.8 127.88 123.85 114.88 79.2 64.09 69.81 68.65 76.76 90.21 93.43 102.44 111.67 122.66 121.04 129.68 137.0843 142 -9999 -9999 -9999 -9999 -9999 -9999 -9999 -9999 -9999 -9999 -9999 -9999 -9999 -9999 -9999 -9999 -9999 -9999 -9999 -9999 -9999 -9999 -9999 -9999 -9999 -9999 -9999 -9999 -9999 -9999 -9999 -9999
46.6 47.29 52.47 48.09 42.72 47.7 44.8 39.84 39.01 42.32 89.82 90.47 86.53 74.17 65.44 63.05 65.88 53.87 58.19 62.02 84.89 129.86 137.3 146.09 155.05 143.59 133.49 141.91 140.81 127.83 108.84 113.89 89.25 76.84 78.07 96.63 105.2 106.91 112.25 130.06 133.5 130.7195 136.7778 -9999 -9999 -9999 -9999 -9999 -9999 -9999 -9999 -9999 -9999 -9999 -9999 -9999 -9999 -9999 -9999 -9999 -9999 -9999 -9999 -9999 -9999 -9999 -9999 -9999 -9999 -9999 -9999 -9999 -9999 -9999 -9999 -9999
51.02 54.74 53.01 42.2 41.09 44.4 37.67 39.45 39.21 46.69 88.72 85.76 92.57 76.62 74.06 71.25 63.23 62.28 61.91 68.87 60.83 127.14 141.83 152.69 148.35 134.39 136.16 148.28 150.67 134.74 127.33 103.94 82.87 81.68 86.15 109.39 121.9 121.03 125.66 131.56 142.2632 143.7 -9999 -9999 -9999 -9999 -9999 -9999 -9999 -9999 -9999 -9999 -9999 -9999 -9999 -9999 -9999 -9999 -9999 -9999 -9999 -9999 -9999 -9999 -9999 -9999 -9999 -9999 -9999 -9999 -9999 -9999 -9999 -9999 -9999 -9999
58.14 55.18 49.9 42.19 40.06 40.99 37.55 36.21 36.75 76.78 92.47 93.14 92.14 79.8 73.73 70.32 72.72 71.9 74.96 73.38 70.35 104.03 145.7 152.49 133.37 74.75 82.3 133.05 125.62 91.42 91.89 94.46 91.81 97.59 104.4 115.83 127.48 126.26 128.48 139.1023 145 -9999 -9999 -9999 -9999 -9999 -9999 -9999 -9999 -9999 -9999 -9999 -9999 -9999 -9999 -9999 -9999 -9999 -9999 -9999 -9999 -9999 -9999 -9999 -9999 -9999 -9999 -9999 -9999 -9999 -9999 -9999 -9999 -9999 -9999 -9999
52.52 50.03 47.66 43.33 41.08 40.35 38.55 35.24 48.42 87.65 93.79 99.11 94.68 87.07 79.05 83.41 82.72 77.57 82.42 79.42 72.53 81.74 99.47 120.44 94.28 66.79 80.47 98.58 87.32 86.17 85.28 99.7 105.29 114.29 122.77 132.41 133.46 133.62 138.2388 140 -9999 -9999 -9999 -9999 -9999 -9999 -9999 -9999 -9999 -9999 -9999 -9999 -9999 -9999 -9999 -9999 -9999 -9999 -9999 -9999 -9999 -9999 -9999 -9999 -9999 -9999 -9999 -9999 -9999 -9999 -9999 -9999 -9999 -9999 -9999 -9999
48.43 48.36 47.22 44.48 41.76 44 42.79 39.11 45.87 87.29 97.76 95.68 93.7 90.88 87.25 91.97 90.74 89.7 84.57 82.32 83.65 88.77 92.64 89.06 92.12 80.8 72.22 64.38 76.69 85.47 96.05 102.72 101.72 111.21 127.07 138.64 143.1 145.732 147.9375 -9999 -9999 -9999 -9999 -9999 -9999 -9999 -9999 -9999 -9999 -9999 -9999 -9999 -9999 -9999 -9999 -9999 -9999 -9999 -9999 -9999 -9999 -9999 -9999 -9999 -9999 -9999 -9999 -9999 -9999 -9999 -9999 -9999 -9999 -9999 115.0833 118.8636
50.55 50.43 48.31 46.11 45.1 44.67 43.49 43.28 43.07 69.79 92.26 95.42 91.74 89.3 88.77 93.47 90.29 95 86.95 81.18 87.47 93.43 90.87 87.61 79.07 82.62 82.84 78.95 67.82 65.18 94.86 115.57 119.52 112.32 119.76 137.23 147.1919 147.6829 -9999 -9999 -9999 -9999 -9999 -9999 -9999 -9999 -9999 -9999 -9999 -9999 -9999 -9999 -9999 -9999 -9999 -9999 -9999 -9999 -9999 -9999 -9999 -9999 -9999 -9999 -9999 -9999 -9999 -9999 -9999 -9999 -9999 109.6 98.93104 104.4348 119.4948 122.075
53.52 51.59 50.44 46.32 44.51 44.11 46.27 44.82 42.47 56.5 69.69 101.4 98.12 92.9 91.77 95.23 94.44 95.42 96.59 95.74 96.82 93.28 92.25 86.84 62.85 66.35 58.51 59.8 59.78 59.79 78.18 86.78 105.09 131.25 133.77 145.05 148.5227 -9999 -9999 -9999 -9999 -9999 -9999 -9999 -9999 -9999 -9999 -9999 -9999 -9999 -9999 -9999 -9999 -9999 -9999 -9999 -9999 -9999 -9999 -9999 -9999 -9999 -9999 -9999 -9999 -9999 -9999 -9999 -9999 112 108.9437 87.41414 95.27 113.67 121.3 122.9074
54.07 52.9 52.13 48.79 47.95 45.05 47.13 45.37 55.16 63.18 55.16 89.88 99.64 96.63 95.86 95.85 97.43 100.42 94.03 96.23 100.51 90.88 90.6 66.37 58.07 64.33 73.27 74.69 78.92 85.98 89.23 86.75 79.62 101.98 114.41 119.1053 -9999 -9999 -9999 -9999 -9999 -9999 -9999 -9999 -9999 -9999 -9999 -9999 -9999 -9999 -9999 -9999 -9999 -9999 -9999 -9999 -9999 -9999 -9999 -9999 -9999 -9999 -9999 -9999 -9999 -9999 -9999 119 105.6316 100.4333 100.28 106.96 115.15 119.45 120.36 121.04
55.98 54.83 51.47 48.16 50.54 49.76 46.66 48.72 51.86 52.28 65.73 73.8 99.77 103.24 101.48 100.63 99.2 98.15 90.75 78.79 98.06 96.85 61.32 63.02 67.59 54.39 66.39 80.68 87.82 95.2 98.89 100.91 102.29 103.89 110.6702 112.6667 -9999 -9999 -9999 -9999 -9999 -9999 -9999 -9999 -9999 -9999 -9999 -9999 -9999 -9999 -9999 -9999 -9999 -9999 -9999 -9999 -9999 -9999 -9999 -9999 -9999 -9999 -9999 -9999 -9999 123 111 105.012 103.96 117 119.1 116.77 117.27 117.28 117.94 119.62
57.09 56.98 55.31 52.97 54.23 52.74 49.48 49.12 49.45 50 51.2 86.61 104.58 101.27 106.28 105.43 105.48 105.1 95.36 63.66 75.24 59.28 55.44 58.17 59.47 59.33 57.44 59.41 79.55 94.74 100.72 104.48 106.71 111.47 113.5435 -9999 -9999 -9999 -9999 -9999 -9999 -9999 -9999 -9999 -9999 -9999 -9999 -9999 -9999 -9999 -9999 -9999 -9999 -9999 -9999 -9999 -9999 -9999 -9999 -9999 -9999 -9999 -9999 -9999 -9999 119 119.5814 118.7179 115.3049 120.1622 122.661 120.25 114.32 114.22 117.61 120.86
56.4 57.73 58.01 57.17 56.69 55.92 54.91 54.05 52.54 52.92 57.97 96.75 72.33 87.28 103.86 107.19 93.25 97.76 61.72 62.83 68.81 58.93 63.17 66.15 64.93 60.8 60.89 63.1 77.14 92.85 100.49 106.12 110.34 113.33 114 -9999 -9999 -9999 -9999 -9999 -9999 -9999 -9999 -9999 -9999 -9999 -9999 -9999 -9999 -9999 -9999 -9999 -9999 -9999 -9999 -9999 -9999 -9999 -9999 -9999 -9999 -9999 -9999 -9999 -9999 -9999 -9999 122.1538 120.9286 -9999 121.2778 118.63 118.54 119.48 121.46 120.52
59.13 59.59 59.65 59.19 59.05 57.94 57.33 56.78 56.28 55.84 58.5 56.91 54.99 62.81 69.72 78.1 60.68 59.2 57.67 61.11 69.76 71.96 71.03 70.99 66.57 66.7 68.03 74.54 87.47 95.28 99.99 103.85 111.06 114.86 115.7647 -9999 -9999 -9999 -9999 -9999 -9999 -9999 -9999 -9999 -9999 -9999 -9999 -9999 -9999 -9999 -9999 -9999 -9999 -9999 -9999 -9999 -9999 -9999 -9999 -9999 -9999 -9999 -9999 -9999 -9999 -9999 -9999 -9999 -9999 -9999 120 120.3393 121.9063 124.1184 124.01 122.03
61.28 61.13 60.99 60.43 59.64 58.76 57.9 57.31 57.15 56.93 56.38 56.19 56.02 57.15 58.13 57.89 58.75 59.3 60.61 61.12 61.28 64.61 69.79 72.09 73.18 71.73 71.06 79.87 80.72 84 100.33 105.09 111.76 115.56 117.0476 -9999 -9999 -9999 -9999 -9999 -9999 -9999 -9999 -9999 -9999 -9999 -9999 -9999 -9999 -9999 -9999 -9999 -9999 -9999 -9999 -9999 -9999 -9999 -9999 -9999 -9999 -9999 -9999 -9999 -9999 -9999 -9999 -9999 -9999 -9999 -9999 -9999 -9999 126 124.9153 124
61.25 61.7 61.65 60.75 59.03 58.11 56.91 56.26 55.72 57.45 57.96 58.38 58.42 59.32 59.37 60.18 61.3 62.09 62.52 64.52 64.97 63.92 63.13 62.66 69.61 79.3 66.44 66.86 81.69 91.16 97.62 110.63 114.11 116.37 117.9495 117.8 -9999 -9999 -9999 -9999 -9999 -9999 -9999 -9999 -9999 -9999 -9999 -9999 -9999 -9999 -9999 -9999 -9999 -9999 -9999 -9999 -9999 -9999 -9999 -9999 -9999 -9999 -9999 -9999 -9999 -9999 -9999 -9999 -9999 -9999 -9999 -9999 -9999 127 -9999 -9999
61.92 61.58 60.48 58.29 56.34 55.12 54.76 53.87 64.48 56.75 58.29 58.9 60.06 60.26 60.83 61.54 63.06 63.6 64.82 63.73 61.86 57.9 55.87 56.97 63.53 75.41 61.39 69.37 88.46 96.89 103.55 112.47 114.6 110.04 113.43 119.6 -9999 -9999 -9999 -9999 -9999 -9999 -9999 -9999 -9999 -9999 -9999 -9999 -9999 -9999 -9999 -9999 -9999 -9999 -9999 121.3529 119.963 121.3333 -9999 -9999 -9999 -9999 -9999 -9999 -9999 -9999 -9999 -9999 -9999 -9999 -9999 -9999 126 124.0769 -9999 -9999
60.27 58.83 56.62 55.77 52.55 51.86 60.86 72.3 105.96 98.39 76.31 59.47 61 61.94 62.79 63.54 63.39 62.52 59.12 56.87 57.13 49.9 48.89 59.58 62.07 71.53 61.48 69.02 81.89 94.72 104.46 110.91 113.24 104.26 104.75 117.8642 121 -9999 -9999 -9999 -9999 -9999 -9999 -9999 -9999 -9999 -9999 -9999 -9999 -9999 -9999 -9999 -9999 116.625 115.4524 118.58 119.1111 123.7333 -9999 -9999 -9999 -9999 -9999 -9999 -9999 -9999 -9999 -9999 -9999 -9999 -9999 -9999 -9999 -9999 -9999 -9999
56.42 53.94 52.59 53.58 52.74 66.47 99.73 102.58 101.14 103.95 103.42 65.48 60.99 62.4 63.76 63.72 62.36 65.47 66.32 59.16 70.14 57.24 55.99 59.73 63.79 63.28 56.82 67.23 79.39 90.66 100.08 104.56 107.3 101.34 99.48 117.01 121.9643 -9999 -9999 -9999 -9999 -9999 -9999 -9999 -9999 -9999 -9999 -9999 -9999 -9999 -9999 -9999 122.9412 120.3827 118.44 121.8526 123.2857 -9999 -9999 -9999 -9999 -9999 -9999 -9999 -9999 -9999 -9999 -9999 -9999 -9999 -9999 -9999 -9999 -9999 -9999 -9999
59.12 56.04 52.5 68.3 70.82 102.69 102.45 103.74 102.1 102.71 102.61 81.07 63.5 62.76 63.61 62.45 61.14 58.94 59.36 54.87 54.48 56.94 59.52 62.53 67.4 68.55 65.32 71.44 83.05 84.48 90.44 102.03 104.18 99.61 97.39 104.09 117.64 121.7463 125.0938 126 -9999 -9999 -9999 -9999 -9999 -9999 -9999 -9999 -9999 -9999 -9999 -9999 119.2105 117.6 122.9706 125 -9999 -9999 -9999 -9999 -9999 -9999 -9999 -9999 -9999 -9999 -9999 -9999 -9999 -9999 -9999 -9999 -9999 -9999 -9999 -9999
59.29 57.63 61.02 90.13 106.8 105.97 104.74 104.17 103.95 104.77 104.09 104.9 100.34 99.82 73.44 69.27 61.11 62.62 57.9 56.27 56.63 59.57 63.54 62.03 60.95 64.43 72.07 80.25 76.51 78.58 85.18 80.75 84.22 95.21 83.71 86.29 97.46 113.5 118.74 120.3814 124.0417 -9999 -9999 -9999 -9999 -9999 -9999 -9999 -9999 -9999 -9999 -9999 -9999 -9999 -9999 126 -9999 -9999 -9999 -9999 -9999 -9999 -9999 -9999 -9999 -9999 -9999 -9999 -9999 -9999 -9999 -9999 -9999 -9999 -9999 -9999
59.69 58.32 65.44 98.23 105.75 104.02 97.58 100.44 102.08 97.26 94.22 94.12 94.51 100.87 98.17 65.12 81.05 66.56 60.13 61.45 62.84 60.37 65.57 68.56 68.68 70.42 81.06 77.64 74.96 73.24 67.5 68.9 80.78 84.89 71.03 81.55 86.97 100.19 113.75 119.3253 119.619 -9999 -9999 -9999 -9999 -9999 -9999 -9999 -9999 -9999 -9999 -9999 -9999 -9999 124.6207 125.1633 121.5333 -9999 -9999 -9999 -9999 -9999 -9999 -9999 -9999 -9999 -9999 -9999 -9999 -9999 -9999 -9999 -9999 -9999 -9999 -9999
59.18 59.18 74.88 103.73 85.12 93.11 67.76 94.08 93.81 87.39 94.56 92.24 97.75 102.56 77.16 62.58 65.27 66.95 67.23 68.45 68.25 65.94 64.98 69.26 75.27 77.03 81.79 84.89 78 68.98 73.47 64.15 67.51 70.96 75.65 79.18 110.17 112.0789 119.6579 126 -9999 -9999 -9999 -9999 -9999 -9999 -9999 -9999 -9999 -9999 -9999 -9999 -9999 -9999 123.25 -9999 121.2308 -9999 -9999 -9999 -9999 -9999 -9999 -9999 -9999 -9999 -9999 -9999 -9999 -9999 -9999 -9999 -9999 -9999 -9999 -9999
75.56 69.94 93.11 81.21 64.18 66.92 84.21 91.31 86.85 86.23 94.24 99.09 96.19 80.3 66.7 71.09 70.59 73.04 77.22 76.31 72.98 73.54 70.97 71.38 78.46 76.99 74.16 84.87 83.1 67.27 79.13 80.82 92 85.71 107.41 113.3556 118.7778 117.6154 -9999 -9999 -9999 -9999 -9999 -9999 -9999 -9999 -9999 -9999 -9999 -9999 -9999 -9999 -9999 -9999 -9999 -9999 -9999 -9999 -9999 -9999 -9999 -9999 -9999 -9999 -9999 -9999 -9999 -9999 -9999 -9999 -9999 -9999 -9999 -9999 -9999 -9999
78.41 78.94 67.56 67.89 67.23 75.03 90.43 92.5 94.19 91.4 98.25 94.45 74.67 69.34 68.11 73.07 79.01 81.78 81.46 78.14 74.27 77.54 79 76.24 69.12 75.06 80.48 86.26 92.39 84.06 93.19 103.22 111.7 112.473 117.6667 -9999 -9999 -9999 -9999 -9999 -9999 -9999 -9999 -9999 -9999 -9999 -9999 -9999 -9999 -9999 -9999 -9999 -9999 -9999 -9999 -9999 -9999 -9999 -9999 -9999 -9999 -9999 -9999 -9999 -9999 -9999 -9999 -9999 -9999 -9999 -9999 -9999 -9999 -9999 -9999 -9999
72.94 69.59 71.24 75.52 74.69 82.08 83.35 91.88 90.02 92.11 80.93 70.65 71.7 74.76 75.3 81.06 80.18 83.41 85.32 85.1 87.05 83.65 81.22 83.69 79.24 80.41 77.86 88.41 100 103.72 107.14 115.1 118.7308 120.5 -9999 -9999 -9999 -9999 -9999 -9999 -9999 -9999 -9999 -9999 -9999 -9999 -9999 -9999 -9999 -9999 -9999 -9999 -9999 -9999 -9999 -9999 -9999 -9999 -9999 -9999 -9999 -9999 -9999 -9999 -9999 -9999 -9999 -9999 -9999 -9999 -9999 -9999 -9999 -9999 -9999 -9999
75.95 77.09 81.23 81.21 100.01 80.14 91.93 86.92 83.21 87.08 87.69 91.88 97.52 91.98 77.51 74.1 84.54 89.27 88.27 91.6 95.35 90.08 86.52 77.03 80.13 85.74 85.7 90.63 102.01 109.75 113.73 118.1447 -9999 -9999 -9999 -9999 -9999 -9999 -9999 -9999 -9999 -9999 -9999 -9999 -9999 -9999 -9999 -9999 -9999 -9999 -9999 -9999 -9999 -9999 -9999 -9999 -9999 -9999 -9999 -9999 -9999 -9999 -9999 -9999 -9999 -9999 -9999 -9999 -9999 -9999 -9999 -9999 -9999 -9999 -9999 -9999
80.52 80.02 72.88 70.53 80.99 85.08 88.38 85.9 91.75 84.16 98.05 93.82 93.75 94.5 85.77 77.66 84.61 89.32 90.23 92.16 90.64 98.18 95.79 91.03 96.23 101.48 102.76 110.44 115.22 116.79 118.6304 117.8103 -9999 -9999 -9999 -9999 -9999 -9999 -9999 -9999 -9999 -9999 -9999 -9999 -9999 -9999 -9999 -9999 -9999 -9999 -9999 -9999 -9999 -9999 -9999 -9999 -9999 -9999 -9999 -9999 -9999 -9999 -9999 -9999 -9999 -9999 -9999 -9999 -9999 -9999 -9999 -9999 -9999 -9999 -9999 -9999
