layers/wordclim/past/Iberia_lig_10_ascii/bio_16.asc
ncols         166
nrows         94
xllcorner     -9.4959440078468
yllcorner     36.000324005443
cellsize      0.083333337679505
NODATA_value  -9999
[rows 32 to 63 of 94, columns 73 to 145 of 166]
226.29 231.08 218.8 219.19 211.98 205.2 200.09 192.74 189.32 194.69 193.65 190.83 190.31 189.23 189.05 186.84 178.91 174.21 173.07 170.28 175 177.77 173.83 162.86 169.45 172.57 178.52 177.92 169.15 162.32 156.27 157.67 162.07 148.21 140.25 142.74 145.15 148.65 151.96 157.57 159.56 164.19 169.07 171.88 178 184.19 192.56 191.53 193.42 200.03 209.88 219.42 217.67 219.67 219.25 217.1481 218.4528 218.275 219.5 -9999 -9999 -9999 -9999 -9999 -9999 -9999 -9999 -9999 -9999 -9999 -9999 -9999 -9999
221.65 210.5 211.11 212.45 199.63 196.27 194.19 190.78 192.12 192.86 193.27 192.08 189.69 192.2 194.58 191.2 182.86 189.15 186.14 182.2 178.62 178.98 181.74 182.71 166.93 177.62 184.64 197.41 186.3 170.96 163.51 160.34 157.58 151.53 148.95 151.69 150.91 153.85 156.47 160.94 167.41 172.86 176.79 181.57 187.24 192.33 198.57 200.96 202.99 216.04 223.64 224.89 223.5775 223 221.7059 221.6667 -9999 -9999 -9999 -9999 -9999 -9999 -9999 -9999 -9999 -9999 -9999 -9999 -9999 -9999 -9999 -9999 -9999
216.01 206.53 204.43 201.22 196.46 190.51 190.71 190.57 192.46 194.44 192.08 189.01 188.47 186.8 187.99 191.99 192.88 189.77 184.55 181.01 180.92 181.52 176.12 177.01 177.87 170.92 182.71 198.44 200.27 187.09 176.72 166.85 154.28 154.92 157.82 162.78 158.17 159.02 161.11 166.89 175.48 179.65 183.54 190.11 194.03 202.19 203.9 210.99 218.39 225.76 229.37 229.28 226 -9999 -9999 -9999 -9999 -9999 -9999 -9999 -9999 -9999 -9999 -9999 -9999 -9999 -9999 -9999 -9999 -9999 -9999 -9999 -9999
206.38 205.74 201.25 195.6 194.3 194.5 197.31 196.62 192.59 191.31 190.26 189.78 189.36 181.66 184.43 184.6 192 181.3 183.94 187.53 186.05 185.36 180.83 180.56 175 171.89 181.87 186.9 192.94 182.95 182.7 176.64 169.77 167.56 172.16 167.11 165.81 165.13 166.88 176.59 183.68 186.43 190.49 196.8 206.04 210.96 212.49 218.36 226.62 229.1919 231.2174 -9999 -9999 -9999 -9999 -9999 -9999 -9999 -9999 -9999 -9999 -9999 -9999 -9999 -9999 -9999 -9999 -9999 -9999 -9999 -9999 -9999 -9999
210.17 206.52 199.94 193.55 194.42 198.78 197.86 195.63 189.2 187.28 191.39 189.23 183.96 183.37 184.56 182.75 184.52 185.49 185.93 185.02 192.52 194.87 188.49 177.47 172.52 177.46 195.8 198.36 195.59 194.95 196.01 191.13 194.69 195.65 188.8 183.15 176.94 168.17 175.07 178.98 188.81 192.46 201.49 210.17 222.36 215.74 219.08 223.22 227.88 228.9437 231.75 -9999 -9999 -9999 -9999 -9999 -9999 -9999 -9999 -9999 -9999 -9999 -9999 -9999 -9999 -9999 -9999 -9999 -9999 -9999 -9999 -9999 -9999
210.77 207.37 198.47 196.78 202.51 199.37 197.31 198.83 188.16 181.2 180.19 180.98 185.37 194.91 199.14 201.85 194.96 195.46 199.86 197.51 202.38 198.4 199.76 183.25 172.59 182.71 200.08 194.36 195.11 200.1 204.01 202.42 195.44 197.61 191.5 186.01 175.47 176.44 180.58 189.25 199.63 205.52 216.01 213.56 214.41 215.31 221.65 224.79 225.7835 228.9247 232.2907 233.0435 -9999 -9999 -9999 -9999 -9999 -9999 -9999 -9999 -9999 -9999 -9999 -9999 -9999 -9999 -9999 -9999 -9999 -9999 -9999 -9999 -9999
212.67 207.98 198.89 202.08 200.94 197 199.56 199.18 187.61 187.12 189.57 192.22 190.22 193.03 199.79 205.28 205.86 204.43 205.11 209.05 218.28 206.57 207.04 196.52 180.91 174.54 194.45 191.57 186.06 189.66 202.02 201.56 205.31 208.8 205.45 209.14 189.61 184.35 184.74 192.92 202.84 206.48 207.8 206.81 210.63 217.21 223.09 227.9681 225.8077 228.8421 231.1667 -9999 -9999 -9999 -9999 -9999 -9999 -9999 -9999 -9999 -9999 -9999 -9999 -9999 -9999 -9999 -9999 -9999 -9999 -9999 -9999 -9999 -9999
215.49 207.95 207.08 205.53 198.55 200.11 200.2 195.55 186.12 189.12 187.57 186.89 182.03 182.71 187.51 197.36 205.15 222.02 218.79 223.5 229.72 218.79 211.08 203.64 186.5 172.5 182.29 189.73 178.78 191.65 217.7 204.28 210.61 219.46 221.65 228.97 203.87 195.01 192.5 197.81 205.48 205.2 205.41 206.31 212.34 217.24 221.62 224.087 226.6667 227.5 -9999 -9999 -9999 -9999 -9999 -9999 -9999 -9999 -9999 -9999 -9999 -9999 -9999 -9999 -9999 -9999 -9999 -9999 -9999 -9999 -9999 -9999 -9999
216.91 214.06 211.15 204.81 202.23 202.88 198 190.87 185.75 184.28 179.38 179.45 178.3 185.37 188.64 200.25 209.67 218.29 226.64 226.13 232.37 225.81 211.52 198.7 187.67 174.69 176.69 184.12 176.86 205.27 213.9 216.36 225.82 243.33 239.59 229.49 222.76 203.54 201.21 203.57 206.22 201.43 203.68 208.26 213.62 216.14 218.12 -9999 -9999 -9999 -9999 -9999 -9999 -9999 -9999 -9999 -9999 -9999 -9999 -9999 -9999 -9999 -9999 -9999 -9999 -9999 -9999 -9999 -9999 -9999 -9999 -9999 -9999
218.11 215.71 210.69 203.65 202.81 198.75 190.6 190.25 184.88 189.87 189.66 181.69 184.65 182.72 186.13 191.52 209.48 214.93 223.81 229.55 230.33 218.15 202.83 199.85 196.14 178.99 170.18 166.18 179.3 202.45 204.38 211.76 225.2 248.61 245.8 229.89 214.86 200.09 194.09 198.34 200.39 201.17 203.51 211.02 214.41 216.1807 216 -9999 -9999 -9999 -9999 -9999 -9999 -9999 -9999 -9999 -9999 -9999 -9999 -9999 -9999 -9999 -9999 -9999 -9999 -9999 -9999 -9999 -9999 -9999 -9999 -9999 -9999
217.23 213.42 207.7 205.18 201.2 193.93 194.29 195.04 187.61 187.34 189.25 188.6 190.05 190.05 194.7 199.04 211.79 221.01 222.66 216.7 233.28 224.41 217.07 210.65 199.45 190.4 176.34 162.37 179.49 195.29 182.48 185.04 205.59 224.38 215.69 216.34 206.98 200.1 194.15 196.36 201.66 204.15 202.96 208.29 215.0976 215.4444 -9999 -9999 -9999 -9999 -9999 -9999 -9999 -9999 -9999 -9999 -9999 -9999 -9999 -9999 -9999 -9999 -9999 -9999 -9999 -9999 -9999 -9999 -9999 -9999 -9999 -9999 -9999
211.99 209.67 207.05 202.36 195.87 194.37 199.92 197.41 191.54 195.71 191.59 190.25 189.4 194.56 204.36 196.02 212.24 212.21 213.44 222.7 221.79 220.69 207.6 219.12 191.13 184.09 167.4 173.37 195.22 191.48 173.3 168.49 177.03 185.46 194.9 189.38 197.53 198.25 191.75 192.38 198.04 201.4 204.69 205.0789 207.1 -9999 -9999 -9999 -9999 -9999 -9999 -9999 -9999 -9999 -9999 -9999 -9999 -9999 -9999 -9999 -9999 -9999 -9999 -9999 -9999 -9999 -9999 -9999 -9999 -9999 -9999 -9999 -9999
211.49 208.49 202.17 196.62 195.67 197.13 200.54 199.13 195.5 196.79 196.04 194.58 198.36 199.19 199.62 201.06 211.83 216.43 217.6 212.21 210.42 203.08 202.98 205.57 188.03 163.06 167.65 190.28 226.78 219.07 187.32 169.34 169.56 173.5 177.58 184.5 188.27 191.42 192.96 193.03 199.06 203.09 203.1591 203 -9999 -9999 -9999 -9999 -9999 -9999 -9999 -9999 -9999 -9999 -9999 -9999 -9999 -9999 -9999 -9999 -9999 -9999 -9999 -9999 -9999 -9999 -9999 -9999 -9999 -9999 -9999 -9999 -9999
203.18 200.67 199.61 200.8 199.35 198.71 199.54 198.92 196.82 196.72 198.45 196.53 202.9 200.22 195.2 201.72 206.64 212.07 203.59 200.34 204.2 194.32 195.88 204.17 187.9 164.2 177.88 202.75 228.06 216.12 191.94 182.61 175.11 180.71 178.99 182.9 185.92 188.65 189.49 193.53 198.21 200.0896 203.7857 -9999 -9999 -9999 -9999 -9999 -9999 -9999 -9999 -9999 -9999 -9999 -9999 -9999 -9999 -9999 -9999 -9999 -9999 -9999 -9999 -9999 -9999 -9999 -9999 -9999 -9999 -9999 -9999 -9999 -9999
207.16 204.75 203.93 203 200.48 198.47 198.76 198.9 193.67 193.37 195.71 194.23 196.66 195.63 199.56 202.25 202.97 203.94 194.38 191.41 189.21 193.23 193.83 189.73 180.69 172.08 166.52 175.38 191.2 203.43 216.7 196.96 178.6 179.2 182.1 188.21 191.03 191.4 190.42 192.04 194.433 196.5 -9999 -9999 -9999 -9999 -9999 -9999 -9999 -9999 -9999 -9999 -9999 -9999 -9999 -9999 -9999 -9999 -9999 -9999 -9999 -9999 -9999 -9999 -9999 -9999 -9999 -9999 -9999 -9999 -9999 -9999 -9999
203.78 202.85 201.56 200.48 197.81 197.35 197.27 196.31 193.44 193.27 191.99 192.45 191.76 188.98 199.09 203.33 204.43 202.35 193.38 194.31 183.9 192.33 198.37 187.12 176.82 178.91 173.46 164.41 169.65 177.8 189.56 196.02 182.67 180.59 182.34 187.42 194.98 197.81 195.64 194.6061 195.2683 -9999 -9999 -9999 -9999 -9999 -9999 -9999 -9999 -9999 -9999 -9999 -9999 -9999 -9999 -9999 -9999 -9999 -9999 -9999 -9999 -9999 -9999 -9999 -9999 -9999 -9999 -9999 -9999 -9999 -9999 -9999 -9999
200.5 200.66 198.82 196.76 195.69 194.44 196.94 196.85 194.42 190.55 189.78 190.94 189.13 185.62 189.76 194.33 200.09 199.15 191.83 190.07 185.13 180.59 179.63 175.96 179.28 179.71 168.37 163 164.95 169.66 176.18 177.91 181.9 184.43 188.46 191.46 194.79 198.06 197.37 197.6818 -9999 -9999 -9999 -9999 -9999 -9999 -9999 -9999 -9999 -9999 -9999 -9999 -9999 -9999 -9999 -9999 -9999 -9999 -9999 -9999 -9999 -9999 -9999 -9999 -9999 -9999 -9999 -9999 -9999 -9999 -9999 -9999 241.625
199.08 198.12 196.44 194.77 194.56 193.12 194.3 193.67 193.33 189.16 189.2 190.81 187.96 182.46 182.95 191.17 194.38 193.34 191.03 186.27 179.23 171.66 169.08 172.58 184.53 172.42 170.04 169.22 167.29 167.72 172.39 176.94 180.7 184.97 191.42 198.37 200.14 201.35 201.7237 -9999 -9999 -9999 -9999 -9999 -9999 -9999 -9999 -9999 -9999 -9999 -9999 -9999 -9999 -9999 -9999 -9999 -9999 -9999 -9999 -9999 -9999 -9999 -9999 -9999 -9999 -9999 -9999 -9999 -9999 -9999 215.3333 247.1053 264.3
198.33 195.65 192.84 192.43 192.19 193.38 194.75 190.86 189.17 189.16 186.16 188.49 186.23 181.79 180.4 180.69 184.35 184.81 184.2 184.05 183.01 173.45 167.4 172.98 174.16 168.97 173.46 180.73 178.12 174.73 175.46 180.18 184.09 189.4 196.24 202.33 205.31 206.5745 206.1333 -9999 -9999 -9999 -9999 -9999 -9999 -9999 -9999 -9999 -9999 -9999 -9999 -9999 -9999 -9999 -9999 -9999 -9999 -9999 -9999 -9999 -9999 -9999 -9999 -9999 -9999 -9999 -9999 -9999 207 228.1111 243.9759 250.02 218.27
194.99 193.81 190.92 190.41 190.2 190.02 190.4 187.34 185.98 186.57 185.46 183.89 181.48 179.83 182.04 179.8 175.46 175.81 175.31 175.65 174.01 170.77 164.9 167.92 170 170.56 170.38 174.03 177.39 181.32 185.23 185.05 188.05 194.16 201.85 208.61 210.08 210.9348 -9999 -9999 -9999 -9999 -9999 -9999 -9999 -9999 -9999 -9999 -9999 -9999 -9999 -9999 -9999 -9999 -9999 -9999 -9999 -9999 -9999 -9999 -9999 -9999 -9999 -9999 -9999 -9999 -9999 -9999 213 210.907 211.2179 219.7927 208.1081
193.54 191.91 190.75 191.34 189.47 187.5 186.82 184.39 183.2 182 181.07 181.24 178.6 179.34 180.27 174.78 173 172.37 171.97 169.63 169.05 167.06 162.5 166.05 168.31 168.42 168.8 172.32 178.84 182.86 187.21 188.29 191.59 197.93 205.74 211.86 214.92 215.1667 -9999 -9999 -9999 -9999 -9999 -9999 -9999 -9999 -9999 -9999 -9999 -9999 -9999 -9999 -9999 -9999 -9999 -9999 -9999 -9999 -9999 -9999 -9999 -9999 -9999 -9999 -9999 -9999 -9999 -9999 -9999 -9999 205.1538 206.6429 -9999
191.91 189.76 188.77 188.81 186.99 186.05 184.18 182 181.78 179.84 178.68 178.02 176.14 175.07 173.41 171.18 170.8 169.74 169.23 167.68 166.47 167 164.91 161.79 163.62 166.66 168.61 174.11 179.04 183.1 186.4 188.18 194.01 200.36 208.11 213.14 217.49 220.7059 -9999 -9999 -9999 -9999 -9999 -9999 -9999 -9999 -9999 -9999 -9999 -9999 -9999 -9999 -9999 -9999 -9999 -9999 -9999 -9999 -9999 -9999 -9999 -9999 -9999 -9999 -9999 -9999 -9999 -9999 -9999 -9999 -9999 -9999 -9999
190.71 188.68 187.59 186.56 186 185.61 182.68 182 180.99 179.55 178.37 177.67 175.09 172.87 171.74 170.84 168.36 167.17 166.99 164.99 165.49 165.79 166.34 168.26 168.81 168.8 169.99 173.66 179.34 184.79 186.48 191.51 197.86 201.97 208.76 214.37 219.69 223.9206 -9999 -9999 -9999 -9999 -9999 -9999 -9999 -9999 -9999 -9999 -9999 -9999 -9999 -9999 -9999 -9999 -9999 -9999 -9999 -9999 -9999 -9999 -9999 -9999 -9999 -9999 -9999 -9999 -9999 -9999 -9999 -9999 -9999 -9999 -9999
190 189.07 187.78 187 186.1 185.06 182.91 182.09 181.97 181.04 179.54 178.09 174.39 171.8 170.3 169.58 166.65 165.35 164.03 163.07 163.63 164.71 164.91 166.84 170.1 173.76 176.34 177.4 178.17 189.15 192.32 193.08 197.77 203.48 207.49 214.29 221.22 227.6566 233.4 -9999 -9999 -9999 -9999 -9999 -9999 -9999 -9999 -9999 -9999 -9999 -9999 -9999 -9999 -9999 -9999 -9999 -9999 -9999 -9999 -9999 -9999 -9999 -9999 -9999 -9999 -9999 -9999 -9999 -9999 -9999 -9999 -9999 -9999
190.14 189 188.65 187 185.99 186.1 184.87 184.81 184.88 183.52 181.97 180.51 176.68 172.65 169.78 167.9 165 163.53 162.8 162.19 162.78 163.49 166.49 169.88 175.16 182.34 182.04 182.32 180.92 193.26 192.87 191.94 196.99 201.99 206.49 214.66 224.9 231.53 235.4333 -9999 -9999 -9999 -9999 -9999 -9999 -9999 -9999 -9999 -9999 -9999 -9999 -9999 -9999 -9999 -9999 -9999 -9999 -9999 218.0588 220.8148 218.6667 -9999 -9999 -9999 -9999 -9999 -9999 -9999 -9999 -9999 -9999 -9999 -9999
190.54 190.64 190.76 188.94 189.09 190.1 191.13 190.92 190.12 188.61 185.64 186.45 183.14 176.1 170.55 167.42 164.08 162.24 161.59 161.64 164.03 168.85 172.79 178.07 184.29 189.59 186.52 184.85 184.01 193.87 194.36 194.93 197.73 201.06 206.88 214.84 227.23 234.75 241.0988 247.5 -9999 -9999 -9999 -9999 -9999 -9999 -9999 -9999 -9999 -9999 -9999 -9999 -9999 -9999 -9999 -9999 226.4167 227.6429 222.04 222.202 216.6 -9999 -9999 -9999 -9999 -9999 -9999 -9999 -9999 -9999 -9999 -9999 -9999
192.65 192.79 193.84 193.35 194.81 194.58 191.02 191.62 192.05 193.24 194.49 195.7 190.16 179.84 171.84 167.62 163.59 162.11 161.28 163.14 169.95 175.84 177.46 183.1 184.47 182.47 183.04 185.13 189.97 198.36 196.5 196.47 198.69 201.41 207.99 216.23 227.69 236.2 244.43 253.2679 -9999 -9999 -9999 -9999 -9999 -9999 -9999 -9999 -9999 -9999 -9999 -9999 -9999 -9999 -9999 221.2353 222.321 222.97 217.5789 216.3571 -9999 -9999 -9999 -9999 -9999 -9999 -9999 -9999 -9999 -9999 -9999 -9999 -9999
193.69 193.28 194.27 194.23 194.19 195.68 194.5 191.96 192.85 192.58 193.2 194.44 191.92 182.98 175.2 168.89 165.34 162.85 164.13 166.18 168.9 173.06 176.4 179.09 180.13 181.26 182.27 182.99 186.47 193.14 194.66 194.48 201.03 204.03 206.84 215.71 227.06 235.64 245.62 257.49 269.2388 283.5625 294.8333 -9999 -9999 -9999 -9999 -9999 -9999 -9999 -9999 -9999 -9999 -9999 -9999 228.1579 227.8727 215.7353 212 -9999 -9999 -9999 -9999 -9999 -9999 -9999 -9999 -9999 -9999 -9999 -9999 -9999 -9999
195.41 196.94 196.23 194.02 194.03 195.6 195.93 195.07 195.13 195.26 193.94 192.05 188.47 186.06 181.51 178.1 175.34 169.62 170.58 169.96 170.85 174.21 177.01 178.84 179.03 179.35 183.79 188.45 190.09 189.04 189.2 198.31 203.41 204.97 215.27 222.04 226.06 237.05 245.38 254.34 268.77 280.02 289.1134 289.9167 -9999 -9999 -9999 -9999 -9999 -9999 -9999 -9999 -9999 -9999 -9999 -9999 -9999 -9999 217 -9999 -9999 -9999 -9999 -9999 -9999 -9999 -9999 -9999 -9999 -9999 -9999 -9999 -9999
198 198.06 197.71 195.88 194.71 195.27 195.6 198.61 196.64 191.68 190.96 195.84 200.75 203.65 202.25 200.08 189.39 177.64 172.13 172.72 171.07 172.27 173.36 174.35 179.76 178.65 178.67 183.21 186.05 182.77 190.61 199.01 205.8 215.03 221.39 222.52 227.75 241.34 245.45 252.31 260.81 271.55 281.4337 287.1905 -9999 -9999 -9999 -9999 -9999 -9999 -9999 -9999 -9999 -9999 -9999 -9999 -9999 225.3448 223.8775 232.4 -9999 -9999 -9999 -9999 -9999 -9999 -9999 -9999 -9999 -9999 -9999 -9999 -9999
200.09 200.96 202.45 198.86 196.72 194.98 198.48 193.87 191.81 182.59 193.05 209.71 217.94 204.07 204.68 196.43 185.54 175.52 170.92 166.31 166.33 167.69 168.9 170.78 175.61 179.56 179.03 178.18 180.93 181.78 184.76 196.19 208.2 210.73 225.07 229.91 233.79 239.1 245.23 246.36 255.5658 266.4211 272 -9999 -9999 -9999 -9999 -9999 -9999 -9999 -9999 -9999 -9999 -9999 -9999 -9999 -9999 230.25 -9999 233.9231 -9999 -9999 -9999 -9999 -9999 -9999 -9999 -9999 -9999 -9999 -9999 -9999 -9999
205.84 204.23 202.91 198.47 193.98 197.56 192.04 185.4 184.38 191.61 216.33 221.84 220.91 205.42 189.25 181.82 174.19 167.76 165.33 164.49 162.56 161.48 163.69 167.77 169.76 174.94 177.88 175.41 181.28 188.14 183.94 190.24 209.61 206.17 211.9 211.06 223.47 219.29 226.8667 238.0159 245.4615 -9999 -9999 -9999 -9999 -9999 -9999 -9999 -9999 -9999 -9999 -9999 -9999 -9999 -9999 -9999 -9999 -9999 -9999 -9999 -9999 -9999 -9999 -9999 -9999 -9999 -9999 -9999 -9999 -9999 -9999 -9999 -9999
