layers/wordclim/past/Iberia_lig_10_ascii/bio_13.asc
ncols         166
nrows         94
xllcorner     -9.4959440078468
yllcorner     36.000324005443
cellsize      0.083333337679505
NODATA_value  -9999
[rows 34 to 67 of 94, columns 75 to 149 of 166]
78.07 77.03 75.01 73.21 74.02 74.09 75.63 77.08 76.54 75.54 75.68 75.2 75.22 76.3 77.15 76.69 75.09 74.02 74.03 74.25 72.36 72.39 72.32 69.58 73.81 79.48 80.2 75.55 71.95 68.32 63.67 63.83 64.78 66.54 64.37 62.01 59.61 61 64.8 65.61 66.83 68.95 70.6 73.57 76.69 79.25 82 85.19 87.08 88.46 90 -9999 -9999 -9999 -9999 -9999 -9999 -9999 -9999 -9999 -9999 -9999 -9999 -9999 -9999 -9999 -9999 -9999 -9999 -9999 -9999 -9999 -9999 -9999 -9999
76.06 74.06 73.85 74.72 76.56 76.52 75.27 75.52 75.87 75.61 75.8 73.05 73.5 73.33 76.42 73.43 74.66 76.07 75.78 75.68 73.9 73.64 71.04 69.57 73.29 75.15 77.38 73.74 73.68 71.52 68.99 68.22 69.86 68.07 67.23 64.79 61.97 66.53 69.01 68.25 69.29 71.24 74.29 76.91 81.38 83.9 84.18 89.14141 91.93478 -9999 -9999 -9999 -9999 -9999 -9999 -9999 -9999 -9999 -9999 -9999 -9999 -9999 -9999 -9999 -9999 -9999 -9999 -9999 -9999 -9999 -9999 -9999 -9999 -9999 -9999
74.88 72.59 73.76 76.2 76.55 76.04 73.7 73.65 76.19 75.25 73.38 73.49 73.42 72.32 73.33 74.5 75.3 75.01 77.66 78.45 76.24 72.24 70.31 71.67 78.26 79.19 78.19 77.87 78.06 76.17 77.48 77.88 75.61 73.68 71.25 65.15 66.14 66.43 70.38 69.95 73.14 76.23 80.66 79.83 85.11 87 88.84 90.77465 92.75 -9999 -9999 -9999 -9999 -9999 -9999 -9999 -9999 -9999 -9999 -9999 -9999 -9999 -9999 -9999 -9999 -9999 -9999 -9999 -9999 -9999 -9999 -9999 -9999 -9999 -9999
73.62 73.56 77.5 76.25 75.84 77.23 73.13 71.02 71.27 71.83 73.73 77.36 77.68 78.23 76.4 77.32 79.54 79.19 80.96 79.51 79.92 74.01 70.15 73.87 79.68 77.43 77.57 79.26 80.62 80.11 77.56 78.33 76.16 74.17 69.69 68.98 68.4 71.47 75.22 76.09 79.73 77.84 77.92 81.25 85.87 87.98 89.07217 91.21506 92.87209 93 -9999 -9999 -9999 -9999 -9999 -9999 -9999 -9999 -9999 -9999 -9999 -9999 -9999 -9999 -9999 -9999 -9999 -9999 -9999 -9999 -9999 -9999 -9999 -9999 -9999
73.33 75.85 76.47 75.04 76.69 77.07 72.78 73.42 75.04 76.41 75.41 76.21 77.4 78.62 79.48 79.72 80.75 82.86 86.34 82.35 82.43 78.61 72.77 70.27 77.26 76.03 73.98 75.28 79.75 79.52 80.89 82.2 80.84 81.97 74.98 72.14 69.36 71.89 75.31 75.45 75.26 76.06 79.34 83.05 85.96 87.69149 89.34615 91.18421 92.33334 -9999 -9999 -9999 -9999 -9999 -9999 -9999 -9999 -9999 -9999 -9999 -9999 -9999 -9999 -9999 -9999 -9999 -9999 -9999 -9999 -9999 -9999 -9999 -9999 -9999 -9999
77.2 77.47 75.05 76.33 76.81 75.38 72.33 74.11 73.98 74.15 72.08 72.36 73.8 75.71 78.58 85.24 84.81 87.04 89.6 86.23 83.46 80.7 74.39 69.13 72.76 74.9 70.89 75.7 85.17 80.3 82.46 85.4 86.13 88.7 79.82 76.43 72.39 72.96 75.22 74.62 75.22 77.45 80.61 83.71 86.1 87.43478 89.83334 90.5 -9999 -9999 -9999 -9999 -9999 -9999 -9999 -9999 -9999 -9999 -9999 -9999 -9999 -9999 -9999 -9999 -9999 -9999 -9999 -9999 -9999 -9999 -9999 -9999 -9999 -9999 -9999
79.38 77 76.62 77.59 75.62 73.2 72.24 71.98 70.36 70.9 70.58 73.07 73.94 76.41 79.41 83.14 86.64 86.97 89.56 87.93 83.31 78.74 74.65 69.8 70.5 72.95 69.79 80 83.04 83.84 87.26 93.46 92.15 88.6 86.17 79.02 75.97 74.62 74.63 73.88 75.8 78.43 81.19 83.68 85.34 -9999 -9999 -9999 -9999 -9999 -9999 -9999 -9999 -9999 -9999 -9999 -9999 -9999 -9999 -9999 -9999 -9999 -9999 -9999 -9999 -9999 -9999 -9999 -9999 -9999 -9999 -9999 -9999 -9999 -9999
79.61 76.54 76.85 75.78 72.48 72.96 71.85 74.47 74.57 71.69 73.27 72.31 73.08 73.75 78.34 80.99 84.78 87.38 88.22 84.72 79.93 78.88 77.42 71.12 67.74 66.08 70.2 78.43 79.1 81.68 86.47 94.71 93.75 88.35 82.89 75.86 70.6 71.74 73.49 74.46 76.61 79.22 81.64 83.61446 85 -9999 -9999 -9999 -9999 -9999 -9999 -9999 -9999 -9999 -9999 -9999 -9999 -9999 -9999 -9999 -9999 -9999 -9999 -9999 -9999 -9999 -9999 -9999 -9999 -9999 -9999 -9999 -9999 -9999 -9999
78.41 77.46 76.25 73.72 74.24 75.21 72.95 73.43 74.37 74.5 75.58 74.83 75.08 75.32 78.59 82.39 83.61 82.14 88.4 86 84.04 82.18 78.16 74.62 69.37 64.18 70.17 75.55 70.84 71.74 79.19 85.86 82.75 82.91 79.23 74.66 70.59 72.27 74.56 75.73 77.08 79.39 81.85366 83 -9999 -9999 -9999 -9999 -9999 -9999 -9999 -9999 -9999 -9999 -9999 -9999 -9999 -9999 -9999 -9999 -9999 -9999 -9999 -9999 -9999 -9999 -9999 -9999 -9999 -9999 -9999 -9999 -9999 -9999 -9999
78.57 76.71 74.26 74.12 77.11 76.3 74.67 77.07 75.26 75.04 75.31 76.21 77.43 74.78 78.38 78.38 79.45 83.34 83.56 83.62 79.65 83.98 74.47 71.98 65.67 67.86 75.73 73.8 67.13 65.34 68.3 71.29 74.23 70.9 73.07 72.48 71.12 72.81 74.97 75.94 77.77 78.92105 80.1 -9999 -9999 -9999 -9999 -9999 -9999 -9999 -9999 -9999 -9999 -9999 -9999 -9999 -9999 -9999 -9999 -9999 -9999 -9999 -9999 -9999 -9999 -9999 -9999 -9999 -9999 -9999 -9999 -9999 -9999 -9999 -9999
77 74.89 74.35 75.48 77.71 77.12 76.38 77.47 77.18 76.73 78.1 77.64 76.42 75.96 77.47 79.11 79.79 78.5 78.49 76.56 77.11 78.49 72.64 63.33 65.09 73.51 86.3 83.23 71.73 64.83 63.66 64.04 65.02 67.02 68.92 70.79 72.58 73.8 75.83 76.83 77.65909 78 -9999 -9999 -9999 -9999 -9999 -9999 -9999 -9999 -9999 -9999 -9999 -9999 -9999 -9999 -9999 -9999 -9999 -9999 -9999 -9999 -9999 -9999 -9999 -9999 -9999 -9999 -9999 -9999 -9999 -9999 -9999 -9999 -9999
76.33 77.07 76.27 76.47 77.47 77.28 76.92 77.32 78.19 77.36 78.97 77.73 75.11 75.97 75.9 76.76 73.93 73.19 75.39 72.44 73.61 77 71.66 63.04 68.31 77.13 85.64 81.24 72.49 69 64.94 66.35 66.26 68.18 70.45 72.31 73.34 74.67 76.12 76.23881 77.71429 -9999 -9999 -9999 -9999 -9999 -9999 -9999 -9999 -9999 -9999 -9999 -9999 -9999 -9999 -9999 -9999 -9999 -9999 -9999 -9999 -9999 -9999 -9999 -9999 -9999 -9999 -9999 -9999 -9999 -9999 -9999 -9999 -9999 -9999
78.46 78.31 77.12 76.76 77.3 77.49 75.66 75.81 76.99 76.5 77.14 76.36 76 75.62 74.83 73.56 69.97 69.12 68.89 71.12 71.83 70.82 67.76 64.72 62.61 66.23 72.05 76.08 80.21 73.11 65.44 66.76 68.13 70.05 72.31 74.4 74.93 75.04 75.54639 75.4375 -9999 -9999 -9999 -9999 -9999 -9999 -9999 -9999 -9999 -9999 -9999 -9999 -9999 -9999 -9999 -9999 -9999 -9999 -9999 -9999 -9999 -9999 -9999 -9999 -9999 -9999 -9999 -9999 -9999 -9999 -9999 -9999 -9999 -9999 -9999
77.97 77.68 76.69 76.43 76.76 76.59 75.5 75.63 75.51 75.74 75.31 74.24 75.7 75.35 74.71 73.14 69.26 69.56 66.19 69.71 72.2 68.59 65.18 66.27 64.54 61.27 63.39 66.21 70.14 72.08 67.3 68.2 70.66 73.08 74.5 76.51 77.56 77.13131 76.07317 -9999 -9999 -9999 -9999 -9999 -9999 -9999 -9999 -9999 -9999 -9999 -9999 -9999 -9999 -9999 -9999 -9999 -9999 -9999 -9999 -9999 -9999 -9999 -9999 -9999 -9999 -9999 -9999 -9999 -9999 -9999 -9999 -9999 104.85 111.8793 112.7391
77.27 76.63 76.65 75.68 76.73 76.9 75.96 74.53 74.68 75.02 74.04 72.64 73.04 72.62 73.11 71.99 68.74 68.22 67.3 66.26 66.23 65.39 66.55 66.92 63.31 60.42 61.46 63.05 65.46 66.43 68.29 69.84 71.94 75.61 78.45 79.73 80.31 79.70454 -9999 -9999 -9999 -9999 -9999 -9999 -9999 -9999 -9999 -9999 -9999 -9999 -9999 -9999 -9999 -9999 -9999 -9999 -9999 -9999 -9999 -9999 -9999 -9999 -9999 -9999 -9999 -9999 -9999 -9999 -9999 -9999 96.75 100.7042 113.7879 111.98 107.91
76.68 76.18 76.29 75.12 75.77 75.79 75.58 73.97 74.34 74.72 73.2 71.2 70.98 71.4 71.38 70.44 69.48 68.23 66.6 64.61 64.1 65.32 69.2 65.48 64.5 63.35 62.79 64.32 66.56 69.23 72.59 74.64 76.38 77.28 80.95 83.3 83.3421 -9999 -9999 -9999 -9999 -9999 -9999 -9999 -9999 -9999 -9999 -9999 -9999 -9999 -9999 -9999 -9999 -9999 -9999 -9999 -9999 -9999 -9999 -9999 -9999 -9999 -9999 -9999 -9999 -9999 -9999 -9999 88.33334 96.89474 101.8111 103.44 102.11 101.03 103.13
76 76 75.72 75.63 76.09 74.7 74.13 74.14 72.87 73.65 72.2 70.65 69.9 68.68 68.73 68.7 68.71 68.87 68.84 66.23 64.15 66.5 66.93 64.63 66.05 69.05 67.66 66.13 68.7 72.05 75.5 78.32 81.57 84.12 85.73 86.54256 85.6 -9999 -9999 -9999 -9999 -9999 -9999 -9999 -9999 -9999 -9999 -9999 -9999 -9999 -9999 -9999 -9999 -9999 -9999 -9999 -9999 -9999 -9999 -9999 -9999 -9999 -9999 -9999 -9999 -9999 84 90.11111 95.06024 97.04 88.42 88.83 93.83 97.43 101.25
75.52 75.12 75 74.59 74.46 73.47 73.18 73.01 72.49 71.79 70.2 69.54 69.92 68.58 67.11 67.35 67.38 67.71 67.49 66.97 64.38 66.02 66.64 66.11 64.82 65.92 66.53 67.95 68.78 72.41 76.57 80.41 84.56 87.95 90.07 89.45652 -9999 -9999 -9999 -9999 -9999 -9999 -9999 -9999 -9999 -9999 -9999 -9999 -9999 -9999 -9999 -9999 -9999 -9999 -9999 -9999 -9999 -9999 -9999 -9999 -9999 -9999 -9999 -9999 -9999 -9999 86 84.83721 84.74359 87.65854 84.62162 85.05085 89.75 97.28 100.72
75.81 75.87 74.9 73.79 73.15 72.7 72.33 71.14 70.62 70.5 69.04 69.29 69.9 68.05 68.05 68.33 68.47 67.85 67.81 66.42 63.87 65.21 65.58 64.12 63.35 64.17 66.46 68.05 69.94 73.01 77.1 81.58 86 89.84 91.73 91.33334 -9999 -9999 -9999 -9999 -9999 -9999 -9999 -9999 -9999 -9999 -9999 -9999 -9999 -9999 -9999 -9999 -9999 -9999 -9999 -9999 -9999 -9999 -9999 -9999 -9999 -9999 -9999 -9999 -9999 -9999 -9999 -9999 82.30769 82.57143 -9999 86.72222 90.33 93.82 96.93
75.41 75.08 74.24 73.76 72.56 72 71.8 70.23 69.65 69.02 68.42 68.76 68.77 68.26 68.78 68.7 68.69 67.98 67.59 67.34 65.92 62.61 62.1 62.78 63.17 65.09 66.65 68.79 71.39 74.43 78.03 81.79 85.58 89.11 90.74 90.82353 -9999 -9999 -9999 -9999 -9999 -9999 -9999 -9999 -9999 -9999 -9999 -9999 -9999 -9999 -9999 -9999 -9999 -9999 -9999 -9999 -9999 -9999 -9999 -9999 -9999 -9999 -9999 -9999 -9999 -9999 -9999 -9999 -9999 -9999 -9999 88 89.94643 92.01563 94.43421
75.55 74.56 74 73.91 72.02 72 71.4 70.27 69.37 69 68.92 68.98 69 68.98 68.58 68.65 68.39 68 67.94 67.55 67.4 67.14 66.02 64.56 64.59 65.56 67.36 69.78 72.11 73.9 76.88 81.73 85 88.03 89.62 89.80952 -9999 -9999 -9999 -9999 -9999 -9999 -9999 -9999 -9999 -9999 -9999 -9999 -9999 -9999 -9999 -9999 -9999 -9999 -9999 -9999 -9999 -9999 -9999 -9999 -9999 -9999 -9999 -9999 -9999 -9999 -9999 -9999 -9999 -9999 -9999 -9999 -9999 -9999 95
75.78 75 74.29 74 72.52 72.09 71.97 70.96 70.26 70.26 69.6 69.26 69.04 69 68.77 68.75 68.53 68.06 67.96 67.86 67.07 66.89 67.57 68.25 68.64 67.55 67.83 70.61 71.62 74.29 77.61 81.03 84.4 86.78 88.11 89.11111 90 -9999 -9999 -9999 -9999 -9999 -9999 -9999 -9999 -9999 -9999 -9999 -9999 -9999 -9999 -9999 -9999 -9999 -9999 -9999 -9999 -9999 -9999 -9999 -9999 -9999 -9999 -9999 -9999 -9999 -9999 -9999 -9999 -9999 -9999 -9999 -9999 -9999 94
76.65 75.13 74.85 74.52 73.7 73.35 73.03 72.36 72.32 72.92 71.9 70.85 70.1 69.85 69.74 69.26 69.1 68.72 68.46 68.12 68.69 69.52 71.3 73.64 72.5 70.22 68.3 72.78 72.17 74.65 77.78 80.65 83.23 85.48 86.94 88.36 89 -9999 -9999 -9999 -9999 -9999 -9999 -9999 -9999 -9999 -9999 -9999 -9999 -9999 -9999 -9999 -9999 -9999 -9999 -9999 82.52941 83.2963 82.66666 -9999 -9999 -9999 -9999 -9999 -9999 -9999 -9999 -9999 -9999 -9999 -9999 -9999 -9999 93 94.53846
77.5 76.35 76.13 76.34 76.21 75.72 75.5 75.56 75.22 76.08 75.33 73.32 71.17 70.23 70.16 70.26 70.37 70.33 70.82 72.6 73.62 75.73 77.47 78.87 75.71 72.5 69.23 73.52 72.87 74.28 77.19 79.9 82.26 83.9 85.93 87.51 88.93827 89 -9999 -9999 -9999 -9999 -9999 -9999 -9999 -9999 -9999 -9999 -9999 -9999 -9999 -9999 -9999 -9999 83.79166 84.30952 83.09 83.13131 81.66666 -9999 -9999 -9999 -9999 -9999 -9999 -9999 -9999 -9999 -9999 -9999 -9999 -9999 -9999 -9999 -9999
79.28 78.25 78.46 78.22 76.38 76.59 77.49 78.52 79.28 80.12 78.76 76.02 73.5 72.29 71.98 71.72 71.94 72.56 75.15 76.87 76.95 78.61 77.98 75.56 74.22 72.88 73.36 76.5 73.2 74.21 76.58 79.04 81.11 82.83 85 86.73 88.5 92 -9999 -9999 -9999 -9999 -9999 -9999 -9999 -9999 -9999 -9999 -9999 -9999 -9999 -9999 -9999 81.41177 82.03704 82.46 81.2 81.07143 -9999 -9999 -9999 -9999 -9999 -9999 -9999 -9999 -9999 -9999 -9999 -9999 -9999 -9999 -9999 -9999 -9999
79.77 78.82 78.4 78.91 78.55 77.97 78.95 79.41 79.98 80.81 80.34 77.92 75.75 74.01 73.26 72.49 73.43 74.23 75.18 76.25 76.88 77.09 76.25 75.15 74.02 72.13 71.94 73.59 72.5 73.87 76.23 78.31 79.64 81.84 84.07 86.01 87.97 93.97 101.0299 110.25 116.6667 -9999 -9999 -9999 -9999 -9999 -9999 -9999 -9999 -9999 -9999 -9999 -9999 82.63158 82.85455 80.01471 79 -9999 -9999 -9999 -9999 -9999 -9999 -9999 -9999 -9999 -9999 -9999 -9999 -9999 -9999 -9999 -9999 -9999 -9999
80.84 78.98 78.73 79.23 79.49 79.73 80.12 80.49 80.69 80.57 79.83 79.5 78.52 77.88 77.49 75.67 76.21 75.98 76.28 77.03 77.4 77.12 76.03 74.37 75.19 75.87 74.52 71.45 71.4 74.07 76.05 77.25 79.45 81.5 83.18 85.27 87.04 90.15 99.57 107.04 112.268 113.375 -9999 -9999 -9999 -9999 -9999 -9999 -9999 -9999 -9999 -9999 -9999 -9999 -9999 -9999 79 -9999 -9999 -9999 -9999 -9999 -9999 -9999 -9999 -9999 -9999 -9999 -9999 -9999 -9999 -9999 -9999 -9999 -9999
81.67 80.06 79.45 79.36 79.69 81.09 80.77 79.46 79.84 81.99 84.17 85.48 85.38 85.1 82.13 78.84 76.76 77.36 76.48 76.13 75.59 75.09 76.61 74.17 73 73.08 72.67 68.91 71.4 74.15 75.83 77.86 79.76 80.94 82.75 85.44 86.56 88.48 93.78 101.63 108.0723 110.8571 -9999 -9999 -9999 -9999 -9999 -9999 -9999 -9999 -9999 -9999 -9999 -9999 -9999 80 79.7347 81.6 -9999 -9999 -9999 -9999 -9999 -9999 -9999 -9999 -9999 -9999 -9999 -9999 -9999 -9999 -9999 -9999 -9999
83.73 81.4 80.48 79.64 80.89 79.46 79.27 76.21 80.73 86.7 89.87 85.95 86.54 84.3 81.2 78.04 76.2 74.48 73.76 73.49 73.15 73.36 74.53 75.2 73.38 70.78 70.24 69.04 70.09 73.04 76.2 76.96 80.56 81.64 83.18 84.93 85.94 88.38 93.43421 100.3421 105 -9999 -9999 -9999 -9999 -9999 -9999 -9999 -9999 -9999 -9999 -9999 -9999 -9999 -9999 80.75 -9999 82.07692 -9999 -9999 -9999 -9999 -9999 -9999 -9999 -9999 -9999 -9999 -9999 -9999 -9999 -9999 -9999 -9999 -9999
84.27 81.88 80.07 80.79 78.55 75.76 76.03 79.72 88.76 91.02 91.02 86.41 81.72 79.68 76.96 73.91 73.05 72.94 71.16 69.46 70.05 71.82 71.75 73.06 73.1 69.86 70.73 72.3 69.41 71.1 76.86 76.28 77.64 78.33 81.09 80.57 80.98889 85.71429 89.69231 -9999 -9999 -9999 -9999 -9999 -9999 -9999 -9999 -9999 -9999 -9999 -9999 -9999 -9999 -9999 -9999 -9999 -9999 -9999 -9999 -9999 -9999 -9999 -9999 -9999 -9999 -9999 -9999 -9999 -9999 -9999 -9999 -9999 -9999 -9999 -9999
83.36 81.85 81.19 79.5 76.09 75.15 78.05 80.91 82.92 87.71 88.45 81.94 78.59 76.11 73.02 73.76 71.35 68.6 67.6 67.96 69.82 71.75 70.42 69.92 71.33 74.89 72.15 69.63 68.17 69 72.56 73.02 73.6 74.3 76.36487 77.61111 -9999 -9999 -9999 -9999 -9999 -9999 -9999 -9999 -9999 -9999 -9999 -9999 -9999 -9999 -9999 -9999 -9999 -9999 -9999 -9999 -9999 -9999 -9999 -9999 -9999 -9999 -9999 -9999 -9999 -9999 -9999 -9999 -9999 -9999 -9999 -9999 -9999 -9999 -9999
82.42 81.06 79.87 78.04 74.44 74.5 76.61 78.14 85.33 89.18 83.65 75.04 72.4 73.57 73.42 70.48 67.83 68.61 67.27 66.67 67 66.42 68.22 69.45 68.35 70.4 69.83 71.1 67.43 66.91 68.32 69.75 70.19 71.64103 72.75 -9999 -9999 -9999 -9999 -9999 -9999 -9999 -9999 -9999 -9999 -9999 -9999 -9999 -9999 -9999 -9999 -9999 -9999 -9999 -9999 -9999 -9999 -9999 -9999 -9999 -9999 -9999 -9999 -9999 -9999 -9999 -9999 -9999 -9999 -9999 -9999 -9999 -9999 -9999 -9999
83.08 81.37 78.96 75.63 77.83 82.05 77.58 88.01 92.61 85.41 84.15 79.77 80.88 82.81 82.76 77.4 72.95 66.74 64.82 65.66 64.49 63.22 65.72 67.5 71.85 70.29 67.59 67.47 66.44 65.77 66.28 67.45 68.28947 -9999 -9999 -9999 -9999 -9999 -9999 -9999 -9999 -9999 -9999 -9999 -9999 -9999 -9999 -9999 -9999 -9999 -9999 -9999 -9999 -9999 -9999 -9999 -9999 -9999 -9999 -9999 -9999 -9999 -9999 -9999 -9999 -9999 -9999 -9999 -9999 -9999 -9999 -9999 -9999 -9999 -9999
83.68 80.8 78.73 79.97 80.14 82.37 82.16 92.55 91.6 86.29 93.9 84.8 88.23 88.12 87.38 81.37 70.43 66.82 64.91 64.93 64.51 65.47 62.59 63.78 65.84 63.41 60.7 61.43 61.45 62.42 63.96 65.45652 67.15517 -9999 -9999 -9999 -9999 -9999 -9999 -9999 -9999 -9999 -9999 -9999 -9999 -9999 -9999 -9999 -9999 -9999 -9999 -9999 -9999 -9999 -9999 -9999 -9999 -9999 -9999 -9999 -9999 -9999 -9999 -9999 -9999 -9999 -9999 -9999 -9999 -9999 -9999 -9999 -9999 -9999 -9999
