layers/wordclim/past/Iberia_lig_10_ascii/bio_7.asc
ncols         166
nrows         94
xllcorner     -9.4959440078468
yllcorner     36.000324005443
cellsize      0.083333337679505
NODATA_value  -9999
[rows 0 to 31 of 94, columns 0 to 72 of 166]
-9999 -9999 -9999 -9999 -9999 -9999 -9999 -9999 -9999 -9999 -9999 -9999 -9999 -9999 -9999 -9999 -9999 -9999 -9999 195.8333 -9999 198.375 197 -9999 -9999 -9999 -9999 -9999 -9999 -9999 -9999 -9999 -9999 -9999 -9999 -9999 -9999 -9999 -9999 -9999 -9999 -9999 -9999 -9999 -9999 -9999 -9999 -9999 -9999 -9999 -9999 -9999 -9999 -9999 -9999 -9999 -9999 -9999 -9999 -9999 -9999 -9999 -9999 -9999 -9999 -9999 -9999 -9999 -9999 -9999 -9999 -9999 -9999
-9999 -9999 -9999 -9999 -9999 -9999 -9999 -9999 -9999 -9999 -9999 -9999 -9999 -9999 -9999 -9999 -9999 192.7805 199.7917 195.8806 198.3485 200.6818 202.3333 205.3788 205.566 206.5 -9999 -9999 -9999 -9999 -9999 -9999 -9999 -9999 -9999 -9999 -9999 -9999 -9999 -9999 -9999 -9999 -9999 -9999 -9999 -9999 -9999 -9999 -9999 -9999 -9999 -9999 -9999 -9999 -9999 -9999 -9999 -9999 -9999 -9999 -9999 -9999 -9999 -9999 -9999 -9999 -9999 -9999 -9999 -9999 -9999 -9999 -9999
-9999 -9999 -9999 -9999 -9999 -9999 -9999 -9999 -9999 -9999 -9999 -9999 -9999 -9999 -9999 187.8 191.6818 194.4316 199.03 199.09 204.32 206.93 206.2626 212.11 213.22 212.6598 213.4583 -9999 -9999 -9999 -9999 -9999 -9999 -9999 -9999 -9999 -9999 -9999 -9999 223.3333 -9999 222 219.6667 218.8281 217.6154 -9999 -9999 -9999 -9999 -9999 -9999 -9999 -9999 -9999 -9999 -9999 -9999 -9999 -9999 -9999 -9999 -9999 -9999 -9999 -9999 -9999 -9999 -9999 -9999 -9999 -9999 -9999 -9999
-9999 -9999 -9999 -9999 -9999 -9999 -9999 -9999 -9999 -9999 -9999 -9999 -9999 -9999 187.4815 188.9684 193.1111 196.65 201.42 206.57 210.59 212.18 213.3 218.18 214.83 215.29 217.4947 220.1013 223 222.9091 224.025 225.3452 228.4737 226.7662 230.6456 229.7727 230.6027 232.7639 233.5 231.0309 229.9872 227.7024 225 222.99 223.58 221.2597 220.8197 224.8667 227.5424 225.2391 227.4483 -9999 -9999 -9999 -9999 -9999 -9999 -9999 -9999 -9999 -9999 -9999 -9999 -9999 -9999 -9999 -9999 -9999 -9999 -9999 204.5 206.6667 -9999
-9999 -9999 -9999 -9999 -9999 -9999 -9999 -9999 -9999 -9999 -9999 -9999 -9999 -9999 188.566 190.029 197.2727 204.3 208.27 208.95 213.7 218.57 221.88 224.22 223.5 222.13 222.41 227.42 227.06 228.7374 233.85 237.54 239.02 235.86 243.97 240.94 238.64 241.97 246.96 238.88 234.3535 236.72 235.95 232.52 230.85 230.54 236.06 238.55 232.14 234.74 237.01 241.2692 235.3718 234.4237 234.62 232.0571 230.8947 -9999 -9999 -9999 -9999 -9999 -9999 -9999 216.4286 213.9333 211.2444 207.726 206.1463 207.5556 208.8854 208.7241 210.1304
-9999 -9999 -9999 -9999 -9999 -9999 -9999 181 -9999 -9999 -9999 -9999 185.7222 185.7742 190.3284 194.3542 200.05 206.84 210.58 214.56 216.1 219.01 221.75 226.05 227.4 229.99 231.42 231.77 235.06 240.75 245.7 245.67 243.92 247.43 251.41 247.53 252.49 256.73 250.23 244.68 242.93 238.38 237.3 240.43 238.18 239.07 242.6 243.34 244.22 244.6 245.5 240.59 240.3 246.29 246.87 248.42 251.97 244.5851 239.2469 233.4384 230.4805 228.1154 227.5417 226.7831 222.4694 217.82 216.22 213.91 214.8333 212.87 217 217.01 215.7619
-9999 -9999 -9999 -9999 -9999 -9999 179.5926 179.7125 182.6622 187.0962 188.6351 190.4699 191.39 190.7273 193.72 196.7912 204.1 210.46 215.91 217.56 218.97 221.11 224.03 226.01 229.89 233.56 237.03 237.42 244.2 247.79 249.82 247.7 250.98 258.39 259.87 256.56 254.82 255.66 260.48 257.76 258.99 258.71 255.2 249.29 249.63 250.87 255.25 263.8 266.05 261.06 267.65 261.37 256.11 265.06 269.25 264.81 258.89 261.16 251.29 251.61 243.64 243.71 239.4 235.65 235.58 229.49 227.47 226.14 231.72 236.62 233.62 231.14 225.56
-9999 -9999 -9999 173 174.9286 178.2632 181.8493 183.43 185.89 188.35 193.56 202.4 203.64 202.94 201.37 204.3 211.31 214.87 218.43 220.53 222.73 224.1 226.92 229.26 233.11 238.1 242.01 244.05 248.46 251.73 253.26 253.16 260.15 264.09 263.28 262.54 264.47 270.96 271.24 273.6 275.63 269.56 280.55 270.58 261.48 271.66 275.91 272.21 275.98 277.98 285.72 278.33 277.46 284.32 291.54 284.75 287.67 285.61 267 270.79 264.29 257.18 253.14 256.14 249.25 241.51 243.57 242.31 241.84 255.13 263.13 249.96 239.58
-9999 -9999 -9999 172.2593 175.9247 181.76 184.44 190.07 194.89 198.19 204.51 207.31 209.71 213.07 213.05 215.35 217.69 219.13 221.46 223.34 226.25 228.29 230.32 233.76 238.36 243.06 247.02 249.52 254.36 256.54 259.58 259.84 265.25 268.71 269.29 270.45 275.2 279.81 278.87 283.27 282.98 287.06 283.84 285.11 279.32 285.18 287.11 288.28 293.31 293.54 292.5 294.09 294.14 289.53 294.32 295.2 292.14 280.5 271.56 274.46 285.62 278.29 273.01 270.66 267.8 254.88 263.02 254.86 257.18 270.35 273.11 267.64 262.93
-9999 -9999 172.1538 174.6289 179.11 185.8 188.8 193.36 197.65 203.01 206.5 211.17 212.6 216.86 218.22 218.76 219.64 221.66 225.43 226.9 229.32 232.52 235.12 238.82 243.99 247.61 251.59 255.44 257.55 261.12 262.29 265.88 270.78 273.69 275.61 278.44 281.23 285.35 286.94 289.29 291.83 294.05 295.42 294.55 293.41 299.81 300.56 300.17 301.48 302.2 301.64 301.48 300.32 299.38 300.54 299.65 300.32 297.42 294.7 290.23 291.6 295.01 290.85 283.49 279.79 276.67 275.95 273.03 273.12 271.29 266.47 264.97 263.91
-9999 -9999 171.25 173.8235 181.9697 186.4 190.32 193.85 197.16 202.74 207.38 212.29 217.88 222.34 223.06 222.11 221.38 223.84 226.72 230.2 232.81 237.24 240.5 243.33 247.54 250.88 255.79 259.14 262.43 265.09 268.45 272.52 274.68 277.69 280.71 282.97 286.67 289.16 291.36 294.61 296.61 298.82 300.92 301.84 304.25 306.02 306.03 306.9 306.9 307.14 306.03 306.92 306.39 304.66 303.15 303.78 304.67 303.98 302.56 298.78 295.83 299.91 297 288.47 285.02 282.58 280.56 279.74 278.39 276.16 271.09 265.79 267.11
-9999 -9999 169.875 -9999 178.8103 186.9 189.54 191.2 196.81 198.62 200.83 213.27 223.69 221.81 223.96 223.4 222.75 223.98 227.74 232.05 236.34 240.54 244.34 247.92 251.46 255.24 259.75 263.16 266.5 270.44 273.43 275.67 277.85 281.3 284.59 287.28 290.97 292.78 294.6 298.31 299.77 302.21 305.11 308.45 308.95 311.16 312.3 312.96 312.17 312.3 312.12 312.14 310.01 310.14 308.74 309.14 307.82 306.56 305.32 301.63 298.79 297.19 295.26 292.72 291.48 288.96 289.08 283.96 283.47 279.14 280.08 277.24 273.01
-9999 -9999 -9999 -9999 176.9 180.1406 182.803 184.7033 199.11 198.2 200.55 204.26 214.33 216.91 220.93 224.87 224.7 227.2 232.02 235.73 240.03 245.09 248.8 252.76 256.6 259.98 263.82 267.01 271.67 274.45 277.11 277.54 282.19 286.65 289.99 292.74 294.63 295.95 298.76 301.99 305.91 308.88 311.59 315.05 316.49 317.44 319.01 319 318.88 318.38 317.36 316.11 314.52 314.31 312.1 312.14 311.31 309.02 307.62 306.32 303.67 301.27 298.8 297.53 296.85 293.01 291.06 292.35 289.57 289.35 290.79 285.51 284.48
-9999 -9999 -9999 -9999 174 178.3529 188.5761 186.52 192.21 191.93 199.34 208.08 212.99 222.92 225.53 227.59 229.28 231.73 236.16 240.1 244.58 250.01 252.8 256.97 260.9 264.46 266.73 268.37 271.74 275.79 281.15 282.62 288.71 293.09 295.99 298.93 299.63 302.13 305.22 308.36 310.92 313.22 317.18 320.45 322.45 324.86 325.58 324.82 325.57 322.75 322.46 320.48 319.55 317.72 317.11 316.92 315.48 313.73 311.24 310.59 307.72 306.54 304.33 303.93 302.73 301.2 299.69 298.15 295.83 296.28 297.14 293.93 286.58
-9999 -9999 -9999 -9999 -9999 175.3051 182.2447 180.05 184.9167 192.96 196.8 209.23 219.52 224.8 227.57 229.83 233.03 236.37 239.63 243.65 249.54 254.85 257.53 262.22 265.78 268.69 269.98 273.9 276.15 277.67 284.21 289.03 293.95 297.75 301.8 303.91 305.42 306.95 309.4 313.01 315.71 318.53 322.52 325.07 328.38 331.26 331.35 330.86 329.48 327.5 326.91 324.5 324.36 321.86 322.28 321.22 319.32 318.07 316 315.18 312.58 310.35 309.01 309.22 307.8 306.9 305.1 304.21 303.34 302.81 301.35 297.23 292.38
-9999 -9999 -9999 -9999 -9999 173.5143 174.3158 177.5 182.4819 186.27 195.75 207.68 218.39 224.86 229.05 232.27 236.58 239.48 243.01 247.98 253.72 259.5 263.19 267.86 270.34 273.45 275.23 278.03 278.86 282.22 287.41 293.93 298.05 301.01 305.85 308.07 307.83 308.77 312.37 316.06 319.37 322.54 326.11 328.76 332.15 335.13 335.89 334.12 332.57 332.05 330.44 329.57 328.62 326.4 326.08 325.3 323.82 322.98 321.22 319.17 318.01 316.22 314.47 313.08 311.6 310.46 309.98 310 308.69 307.45 304.94 303.28 304.1
-9999 -9999 -9999 -9999 -9999 173 175.5 178.1667 183.4456 192.4382 192.84 205.98 220.29 226.44 230.7 236.43 242.04 247.28 252.5 256.18 260.7 264.21 268.71 271.86 273.23 275.8 278.76 282.82 282.91 287.92 291.54 298.16 301.49 303.04 302.82 306.41 307.26 309.81 316.4 319.81 322.98 325.35 329.36 332.01 334.14 336.7 337.1 336.55 336.27 335.14 334.11 333.92 332.53 330.21 330.21 330.1 328.36 326.51 325.71 324.74 323.5 321.91 320.24 318.86 317.52 316.25 315.74 314.84 313.49 312.31 311.16 310.44 310
-9999 -9999 -9999 -9999 -9999 -9999 174.6667 179.5 181.7586 191.6029 196.2903 207.66 219.83 227.48 232.86 241.8 249.68 255.25 261.23 265.94 269.2 264.26 265.64 271.12 275.04 274.91 278.47 286.19 289.54 289.2 292.11 298.57 298.09 300.82 305.12 304.27 306.24 311.92 319 322.84 325.8 328.44 332.02 333.86 336.36 337.42 338.42 339.14 338.83 338.18 337.77 337.06 335.33 334.48 334.32 333.75 332.79 332.34 331.47 329.83 328.53 327.31 325.75 323.82 322.31 321.66 321.04 320.31 319.29 318.52 316.63 316.27 316.18
-9999 -9999 -9999 -9999 -9999 -9999 -9999 180.9231 184.641 194.3333 199.3472 212.37 223.53 230.75 233.5 244.92 254.15 260.67 263.4 271.15 272.98 268.72 270.65 267.38 270.01 273.19 275.47 285.72 290.84 291.14 290.51 293.73 296.32 299.54 305.32 310.89 312.51 313.41 319.54 325.05 327.97 330.98 333.91 336 338.43 339.28 340.82 341.1 341.53 341.83 340.16 339.26 339.06 338.31 337.61 337.83 338.07 337.07 335.65 335.01 334.16 332.51 330.46 328.82 327.8 327.18 325.59 324.2 323.85 323.18 322.35 321.77 322.12
-9999 -9999 -9999 -9999 -9999 -9999 -9999 178.6667 188.1471 194.8022 204.05 213.31 224.28 234.32 240.91 250.96 258.53 263.76 267.5 269 271.04 271.84 275.5 269.47 267.96 270.73 273.43 281.45 291.48 290.79 292.32 292.69 293.77 297.52 304.47 307.54 312.21 317.99 323.12 327.14 330.06 332.84 335.82 337.8 339.1 340.77 342.12 342.54 343.68 343.08 342.77 342.66 342.02 341.45 341.45 341.97 341.5 341.69 341.24 339.83 338.69 337.12 335.36 333.72 332.37 330.28 329.11 328.78 328.16 327.05 326.11 326.07 327.22
-9999 -9999 -9999 -9999 -9999 -9999 -9999 186.9697 189.9011 203.3 205.07 215.53 226.42 238 249.62 253.67 254.65 253.16 259.45 262.85 266.23 273.8 274.96 274.78 273.8 273.88 278.8 286.51 292.34 291.35 291.99 293.54 297.36 305.84 311.81 314.79 318.15 322.16 326.51 329.05 332.1 334.55 337.4 338.76 340.25 341.99 343.08 344.5 344.78 344.71 345.13 344.73 344.58 344.82 344.91 345.23 345.44 345.57 345.27 344.72 343.94 342.06 339.37 337.41 335.64 334.62 333.21 332.07 330.94 330.88 331.02 330.88 329.99
-9999 -9999 -9999 -9999 -9999 -9999 -9999 194.4921 199.12 202.53 208.68 218.32 230.18 241.16 244.44 239.95 240.39 246.82 255.32 264.42 269.84 274.77 277.71 276.93 286.09 282.52 284.48 290.37 291.49 293.38 294.79 297.83 300.46 309.8 314.47 318.08 321.16 324.93 327.77 331.19 333.62 336.12 338.42 340.18 342.06 343 344.86 345.85 346.52 347.02 346.77 347.05 347.21 347.11 348.11 348.31 348.58 349 349.27 349.32 347.38 344.9 342.91 341.17 339.35 337.57 336.09 335.27 334.56 333.61 333.05 333.06 333.51
-9999 -9999 -9999 -9999 -9999 -9999 -9999 194.3167 195.7 204.24 213.74 226.23 233.94 239.85 235.94 244.77 252.22 260.1 261.07 256.69 258.7 267.71 273.36 281.84 291.9 289.46 290.01 295.32 296.45 298.38 301.91 304.35 304.76 313.08 317.46 319.77 322.25 326.27 329.52 332.21 334.44 337.3 339.74 341.71 342.75 344.38 345.76 346.93 347.89 347.76 348.32 348.85 348.65 350.08 351.02 350.77 351.11 352.34 351.89 351.26 350.06 348.02 345.67 343.61 342.06 341 339.18 338.08 337.03 336.65 336.62 336.83 336.8
-9999 -9999 -9999 -9999 -9999 -9999 -9999 193.1212 199.4091 210.38 217.85 227.53 234.78 243.17 248.48 254.41 260.07 254.13 250.5 253.62 257.05 262.96 277.82 283.95 294.26 292.7 291.39 297.47 300.93 301.21 305.14 308.91 311.87 316.22 319.7 322.26 324.9 327.36 330.46 332.46 335.46 338.12 341.05 342.4 344.12 345.07 346.5 347.7 347.96 348.56 349.35 349.85 350.72 351.79 352.32 353.26 353.58 353.86 353.79 352.97 351.77 349.39 347.62 346.14 344.42 342.55 341.46 340.61 339.81 339.11 338.32 338.47 339
-9999 -9999 -9999 -9999 -9999 -9999 -9999 195.5349 202.97 212.24 215.71 226.39 234.63 243.34 249.8 247.58 247.62 247.23 258.46 256.56 261.74 266.8 275.73 286.43 296.72 295.25 293.52 300.56 303.48 305.95 307.59 308.93 314.34 318.03 320.66 323.82 326.1 328.95 331.9 334.4 336.02 339.23 341.79 343.06 344.7 345.74 347.9 348.24 349.6 350.59 350.6 351.43 352.01 353.65 354.63 354.19 354.77 355.09 354.75 353.63 352.42 351.03 348.93 347.43 345.77 344.64 343.45 342.27 341.23 341.1 340.87 340.54 340.8
-9999 -9999 -9999 -9999 -9999 -9999 -9999 196.8 202.0222 209.2245 218.62 228.58 236.83 244.13 251.07 255.38 258.91 265.73 263.53 261.03 264.01 275 286.34 293.86 295.26 293.55 299.09 304.06 306.6 308.15 308.51 308.38 315.16 318.71 322.07 324.97 326.97 329.89 332.54 335.2 337.57 340.56 342.53 344.22 345.04 346.99 348.56 349.49 350.27 351.15 352.05 352.42 353.22 354.88 354.98 355.91 356.4 355.74 355.22 354.25 353.28 351.39 349.75 348.79 346.9 345.92 344.56 344.12 343.29 342.7 342.62 342.67 342.82
-9999 -9999 -9999 -9999 -9999 -9999 -9999 -9999 203.0526 211.21 219.58 227.77 234.19 243.57 251.97 259.29 263.81 259.37 261.09 268.58 279.11 284.24 291.61 296.43 289.82 299.06 303.49 306.91 308.32 309.95 310.52 312.25 315.7 319.58 323.29 325.67 328.28 331.35 333.91 335.88 338.33 340.93 343.64 344.52 346.36 347.36 349.32 350.41 351.11 352.17 352.27 353.1 354.02 355.21 355.98 356.24 356.52 356.38 355.99 354.43 353.23 352 350.83 349.31 347.59 346.9 346.12 345.19 344.58 343.95 344.21 344.25 344.29
-9999 -9999 -9999 -9999 -9999 -9999 -9999 -9999 205.9348 212.18 218.95 227.28 235.82 245.99 252.7 260.53 263.05 269.83 274.47 279 286.65 281.88 287.8 285.55 293.29 302.73 306.18 307.66 309.93 311.11 313.39 315.51 318.33 320.84 324.36 326.52 328.8 332.23 334.59 336.87 339.11 342 344.12 345.5 346.68 347.63 349.7 350.56 351.49 351.8 352.66 353.42 353.9 355.63 355.99 355.76 356.53 356.25 355.55 354.55 353.3 351.93 350.77 349.69 348.45 347.56 346.68 346.01 346.09 345.56 345.33 345.54 346.28
-9999 -9999 -9999 -9999 -9999 -9999 -9999 -9999 206.0625 211.81 221.25 229.04 237.87 245.21 252.85 260.85 266.03 271.99 279.75 282.56 277.39 280.1 284.3 292.96 300.68 302.52 305.1 309.31 311.1 310.33 310.4 316.7 319.33 321.79 324.57 327.14 329.17 332.7 334.93 337.63 339.62 342.55 344.53 346.22 347.09 348.64 350.21 351.25 351.47 352.09 352.51 352.9 353.99 355.21 355.42 356.08 356.09 355.74 355.51 354.26 352.53 351.78 350.83 349.71 348.22 347.99 347.61 346.58 346.36 346.66 347.1 346.91 347.08
-9999 -9999 -9999 -9999 -9999 -9999 -9999 -9999 206.6111 211.7879 220.89 229.07 237.62 245.57 253.49 260.81 266.77 273.79 280.31 281.95 269.26 288.72 290.61 295.12 302.62 306.31 308.04 309.83 310.99 312.87 314.56 318.06 319.34 321.62 323.97 326.88 329.8 332.8 335.79 337.98 340.26 342.7 345.49 346.63 347.94 349.06 350.89 351.15 351.73 352.33 352.5 353.17 354 355.17 355.48 355.53 355.87 355.88 354.67 354.25 353.49 352.46 350.94 350.35 349.26 348.38 347.96 347.17 347.25 347.41 347.56 348 348.81
-9999 -9999 -9999 -9999 -9999 -9999 -9999 -9999 -9999 212.4684 222.09 230.28 239.44 247.32 254.43 260.69 267.75 273.46 276.59 275.65 290.11 298.93 295.78 302.99 301.16 306.14 304.89 308.08 311.62 313.87 316.21 318.4 320.22 321.26 325.1 327.45 330.33 333.21 335.87 338.2 340.46 343.63 344.9 346.66 347.7 348.72 350.15 350.83 351.46 351.7 352.6 352.42 354.03 354.57 354.72 355.51 355.73 354.97 354.99 354.21 353.04 352.31 351.54 350.53 348.85 348.33 347.99 347.52 347.45 347.85 348.59 349.18 349.79
-9999 -9999 -9999 -9999 -9999 -9999 -9999 -9999 -9999 213.3396 221.84 230.74 239.1 246.52 253.87 260.63 267.06 271.21 275.77 278.59 292.19 298.67 299.46 302.67 304.39 305.12 303.48 306.42 311.76 313.48 315.18 317.91 319.35 322.2 325.02 328 329.8 333.44 336.06 338.43 340.93 344.05 345.41 346.43 347.83 349.45 350.17 350.18 350.46 351.38 351.36 352.46 353.1 354.07 354.98 355.32 354.91 354.93 354.41 353.51 353.15 352.18 351.17 350.41 349.43 348.42 347.81 347.67 348.23 348.58 349 349.66 350.74
