layers/wordclim/past/Iberia_lig_10_ascii/bio_3.asc
ncols         166
nrows         94
xllcorner     -9.4959440078468
yllcorner     36.000324005443
cellsize      0.083333337679505
NODATA_value  -9999
[rows 0 to 36 of 94, columns 82 to 163 of 166]
-9999 -9999 -9999 -9999 -9999 -9999 -9999 -9999 -9999 -9999 -9999 -9999 -9999 -9999 -9999 -9999 -9999 -9999 -9999 -9999 -9999 -9999 -9999 -9999 -9999 -9999 -9999 -9999 -9999 -9999 -9999 -9999 -9999 -9999 -9999 -9999 -9999 -9999 -9999 -9999 -9999 -9999 -9999 -9999 -9999 -9999 -9999 -9999 -9999 -9999 -9999 -9999 -9999 -9999 -9999 -9999 -9999 -9999 -9999 -9999 -9999 -9999 -9999 -9999 -9999 -9999 -9999 -9999 -9999 -9999 -9999 -9999 -9999 -9999 -9999 -9999 -9999 -9999 -9999 -9999 -9999 -9999
-9999 -9999 -9999 -9999 -9999 -9999 -9999 -9999 -9999 -9999 -9999 -9999 -9999 -9999 -9999 -9999 -9999 -9999 -9999 -9999 -9999 -9999 -9999 -9999 -9999 -9999 -9999 -9999 -9999 -9999 -9999 -9999 -9999 -9999 -9999 -9999 -9999 -9999 -9999 -9999 -9999 -9999 -9999 -9999 -9999 -9999 -9999 -9999 -9999 -9999 -9999 -9999 -9999 -9999 -9999 -9999 -9999 -9999 -9999 -9999 -9999 -9999 -9999 -9999 -9999 -9999 -9999 -9999 -9999 -9999 -9999 -9999 -9999 -9999 -9999 -9999 -9999 -9999 -9999 -9999 -9999 -9999
-9999 -9999 -9999 -9999 -9999 -9999 -9999 -9999 -9999 -9999 -9999 -9999 -9999 -9999 -9999 -9999 -9999 -9999 -9999 -9999 -9999 -9999 -9999 -9999 -9999 -9999 -9999 -9999 -9999 -9999 -9999 -9999 -9999 -9999 -9999 -9999 -9999 -9999 -9999 -9999 -9999 -9999 -9999 -9999 -9999 -9999 -9999 -9999 -9999 -9999 -9999 -9999 -9999 -9999 -9999 -9999 -9999 -9999 -9999 -9999 -9999 -9999 -9999 -9999 -9999 -9999 -9999 -9999 -9999 -9999 -9999 -9999 -9999 -9999 -9999 -9999 -9999 -9999 -9999 -9999 -9999 -9999
-9999 -9999 -9999 -9999 -9999 -9999 -9999 -9999 -9999 -9999 -9999 -9999 -9999 -9999 -9999 -9999 -9999 -9999 -9999 -9999 -9999 -9999 -9999 -9999 -9999 -9999 -9999 -9999 -9999 -9999 -9999 -9999 -9999 -9999 -9999 -9999 -9999 -9999 -9999 -9999 -9999 -9999 -9999 -9999 -9999 -9999 -9999 -9999 -9999 -9999 -9999 -9999 -9999 -9999 -9999 -9999 -9999 -9999 -9999 -9999 -9999 -9999 -9999 -9999 -9999 -9999 -9999 -9999 -9999 -9999 -9999 -9999 -9999 -9999 -9999 -9999 -9999 -9999 -9999 -9999 -9999 -9999
-9999 -9999 -9999 -9999 -9999 -9999 -9999 -9999 -9999 -9999 -9999 -9999 -9999 -9999 -9999 -9999 -9999 -9999 -9999 -9999 -9999 -9999 -9999 -9999 -9999 -9999 -9999 -9999 -9999 -9999 -9999 -9999 -9999 -9999 -9999 -9999 -9999 -9999 -9999 -9999 -9999 -9999 -9999 -9999 -9999 -9999 -9999 -9999 -9999 -9999 -9999 -9999 -9999 -9999 -9999 -9999 -9999 -9999 -9999 -9999 -9999 -9999 -9999 -9999 -9999 -9999 -9999 -9999 -9999 -9999 -9999 -9999 -9999 -9999 -9999 -9999 -9999 -9999 -9999 -9999 -9999 -9999
30.26923 30.98182 31.21428 -9999 -9999 -9999 -9999 -9999 32.66667 33 32.40541 32 -9999 -9999 -9999 -9999 -9999 -9999 -9999 -9999 -9999 -9999 -9999 -9999 -9999 -9999 -9999 -9999 -9999 -9999 -9999 -9999 -9999 -9999 -9999 -9999 -9999 -9999 -9999 -9999 -9999 -9999 -9999 -9999 -9999 -9999 -9999 -9999 -9999 -9999 -9999 -9999 -9999 -9999 -9999 -9999 -9999 -9999 -9999 -9999 -9999 -9999 -9999 -9999 -9999 -9999 -9999 -9999 -9999 -9999 -9999 -9999 -9999 -9999 -9999 -9999 -9999 -9999 -9999 -9999 -9999 -9999
30.4 31.03 31.58586 32.0137 32.31667 32.83607 33.04918 33.28571 33.03125 33.01 32.85 32.39189 32.07895 31.97561 32 32 -9999 -9999 -9999 -9999 -9999 -9999 -9999 -9999 -9999 -9999 -9999 -9999 -9999 -9999 -9999 -9999 -9999 -9999 -9999 -9999 -9999 -9999 -9999 -9999 -9999 -9999 -9999 -9999 -9999 -9999 -9999 -9999 -9999 -9999 -9999 -9999 -9999 -9999 -9999 -9999 -9999 -9999 -9999 -9999 -9999 -9999 -9999 -9999 -9999 -9999 -9999 -9999 -9999 -9999 -9999 -9999 -9999 -9999 -9999 -9999 -9999 -9999 -9999 -9999 -9999 -9999
30.67 31.04 31.65 31.98 32.35 32.95 33.15 33.27 33.09 33 32.53 32.14 32.01 32 32 32 -9999 -9999 -9999 -9999 -9999 -9999 -9999 -9999 -9999 -9999 -9999 -9999 -9999 -9999 -9999 -9999 -9999 -9999 -9999 -9999 -9999 -9999 -9999 -9999 -9999 -9999 -9999 -9999 -9999 -9999 -9999 -9999 -9999 -9999 -9999 -9999 -9999 -9999 -9999 -9999 -9999 -9999 -9999 -9999 -9999 -9999 -9999 -9999 -9999 -9999 -9999 -9999 -9999 -9999 -9999 -9999 -9999 -9999 -9999 -9999 -9999 -9999 -9999 -9999 -9999 -9999
30.59 31.03 31.6 32 32.12 32.5 32.81 32.89 32.71 32.39 32.06 32.04 32 31.99 31.9726 31.5 32 -9999 -9999 -9999 -9999 -9999 -9999 -9999 -9999 -9999 -9999 -9999 -9999 -9999 -9999 -9999 -9999 -9999 -9999 -9999 -9999 -9999 -9999 -9999 -9999 -9999 -9999 -9999 -9999 -9999 -9999 -9999 -9999 -9999 -9999 -9999 -9999 -9999 -9999 -9999 -9999 -9999 -9999 -9999 -9999 -9999 -9999 -9999 -9999 -9999 -9999 -9999 -9999 -9999 -9999 -9999 -9999 -9999 -9999 -9999 -9999 -9999 -9999 -9999 -9999 -9999
31 31.02 31.4 31.96 32.01 32.19 32.65 32.41 32.29 32 32.01 32 31.88 31.53 31.575 31.35185 31.26191 31.125 31.16667 -9999 -9999 -9999 -9999 -9999 -9999 -9999 -9999 -9999 -9999 -9999 -9999 -9999 -9999 -9999 -9999 -9999 -9999 -9999 -9999 -9999 -9999 -9999 -9999 -9999 -9999 -9999 -9999 -9999 -9999 -9999 -9999 -9999 -9999 -9999 -9999 -9999 -9999 -9999 -9999 -9999 -9999 -9999 -9999 -9999 -9999 -9999 -9999 -9999 -9999 -9999 -9999 -9999 -9999 -9999 -9999 -9999 -9999 -9999 -9999 -9999 -9999 -9999
30.95 31.03 31.51 31.75 31.89 32.01 32.01 31.76 31.9 32 32 32 32 31.85 31.75 31.41 31.13 31.18 30.94 30.67742 30.42623 30.04 28.91379 27.2 -9999 -9999 -9999 -9999 -9999 -9999 -9999 -9999 -9999 -9999 -9999 -9999 -9999 -9999 -9999 -9999 -9999 -9999 -9999 -9999 -9999 -9999 -9999 -9999 -9999 -9999 -9999 -9999 -9999 -9999 -9999 -9999 -9999 -9999 -9999 -9999 -9999 -9999 -9999 -9999 -9999 -9999 -9999 -9999 -9999 -9999 -9999 -9999 -9999 -9999 -9999 -9999 -9999 -9999 -9999 -9999 -9999 -9999
30.99 31 31.41 31.85 31.8 31.89 31.96 31.89 31.59 31.94 32 31.94 31.81 31.79 31.53 31.32 31.15 30.8 31.06 30.85 30.68 30.12 28.93 28.19737 28.46667 -9999 -9999 -9999 24 -9999 -9999 -9999 -9999 -9999 -9999 -9999 -9999 -9999 -9999 -9999 27.03333 26 -9999 -9999 -9999 -9999 -9999 -9999 -9999 -9999 -9999 -9999 -9999 -9999 -9999 -9999 -9999 -9999 -9999 -9999 -9999 -9999 -9999 -9999 -9999 -9999 -9999 -9999 -9999 -9999 -9999 -9999 -9999 -9999 -9999 -9999 -9999 -9999 -9999 -9999 -9999 -9999
31 31.01 31.03 31.38 31.51 31.83 31.94 31.73 31.79 31.94 31.98 31.78 31.36 31.24 31.29 31.2 31.01 31.02 31.02 31.01 30.93 30.29 29.62 28.82 27.48387 27.43284 26.51282 26.875 25.34344 24.40298 23.53846 -9999 -9999 -9999 -9999 -9999 -9999 -9999 -9999 26.18182 27.02 25.33 23.5641 23.18182 24.125 23.9 -9999 -9999 -9999 -9999 -9999 -9999 -9999 -9999 -9999 -9999 -9999 -9999 -9999 -9999 -9999 -9999 -9999 -9999 -9999 -9999 -9999 -9999 -9999 -9999 -9999 -9999 -9999 -9999 -9999 -9999 -9999 -9999 -9999 -9999 -9999 -9999
30.99 31 31.01 31.1 31.3 31.69 31.86 31.76 31.85 31.84 31.71 31.35 31.17 31.11 31.07 31.05 31 31 30.94 30.86 30.83 30.76 30.6 30.37 29.29 28.5 26.24 26.81 27.91 25.18 25.98913 23.48837 23.57447 24.66667 25.20833 23.44444 23.31482 22.825 22.75 23.89474 25.66327 26.2 24.96 23.94 23.38 24.23171 23.30159 23.30303 22.71875 -9999 -9999 -9999 -9999 -9999 -9999 -9999 -9999 -9999 -9999 -9999 -9999 -9999 -9999 -9999 -9999 -9999 -9999 -9999 -9999 -9999 -9999 -9999 -9999 -9999 -9999 -9999 -9999 -9999 -9999 -9999 -9999 -9999
31 31 31.01 31.06 31.17 31.29 31.41 31.44 31.32 31.16 31.16 31.12 31.05 31.01 31 31 31 30.94 30.84 30.94 30.95 30.99 30.77 30.38 30.18 29.94 28.94 28.5 28.9 27.58 28.17 26.34 25.27 26.37 27.18 25.03 24.76 23.41 25.39 22.41 22.9 23.58 23.27 23.07 23.82 25.7 24.35 24.25 22.82474 22.22222 -9999 -9999 -9999 -9999 -9999 -9999 -9999 -9999 -9999 -9999 -9999 -9999 -9999 -9999 -9999 -9999 -9999 -9999 -9999 -9999 -9999 -9999 -9999 -9999 -9999 -9999 -9999 -9999 -9999 -9999 -9999 -9999
30.9 30.98 31 31 31.01 31.01 31.09 31.05 31.01 31 31 31 31.01 31 31 31 31 31 31 30.92 30.38 30.78 30.91 30.58 30.54 30 29.92 29.91 29.04 28.16 28.64 28.25 28.39 29.24 28.26 25.39 25.77 26.83 25.16 24.31 25.01 24.55 23.86 22.58 22.95 25.37 25.98 24.99 23.57 23.6 -9999 -9999 -9999 -9999 -9999 -9999 -9999 -9999 -9999 -9999 -9999 -9999 -9999 -9999 -9999 -9999 -9999 -9999 -9999 -9999 -9999 -9999 -9999 -9999 -9999 -9999 -9999 -9999 -9999 -9999 -9999 -9999
30.73 30.88 31 31 31 31 31 31 31 31 31 31 31 31 31 31 30.97 30.78 30.57 30.5 30.18 30.1 30.37 30.22 30.28 29.99 30.05 30.02 29.39 28.79 28.3 29.32 29.29 29.85 28.67 27.62 27.56 27.33 26.34 26.76 27.12 25.81 23.87 24.07 24.08 25.78 25.28 24.48 24.26 25.12766 23.32258 22.79365 22.90526 23.32584 24.57407 24.91176 -9999 22 22 22.6875 -9999 -9999 -9999 -9999 25 25.1 25.89286 25.89706 25.98113 26.61539 -9999 -9999 -9999 -9999 -9999 -9999 -9999 -9999 -9999 -9999 -9999 -9999
31 31 30.98 31 31 31 31 31 31 31 31 31 30.99 30.98 30.98 31 30.99 30.66 30.54 30.25 30.02 29.96 30.15 30.22 29.86 29.9 29.75 29.5 29.44 29.09 28.72 28.7 29.42 29.86 29.78 29.37 28.48 27.94 27.03 26.49 27.12 26.9 26.47 26.52 25.96 26.19 24.55 25.12 25.83 25.83 25.2 24.87 24.91 24.92 24.79 24.28767 23.24242 23.0875 23.11 23.71 24.28235 24.8 24.85 25 25 25.04 25.82 26 26.4 26.79775 27 27.25 -9999 -9999 -9999 -9999 -9999 -9999 -9999 -9999 -9999 -9999
31 31 31 31 31 31 31 31 31 30.97 30.91 30.93 30.8 30.54 30.53 30.78 30.41 30.12 30.21 30.11 30.01 30 30.02 29.98 29.93 29.58 29.15 29.11 28.89 28.28 28.61 28.8 29.01 29.75 29.87 29.08 29.07 28.21 28.53 27.59 27.91 27.23 26.51 27.28 27.06 25.48 25.06 25.62 26.32 25.57 24.56 24.12 23.94 24.43 24.12 24.12 24.23 24.54 24.47 24.5 24.93 24.84 24.81 24.91 25 25 25.27 25.96 26.31 26.8764 26.87097 27.05714 -9999 -9999 -9999 -9999 -9999 -9999 -9999 -9999 -9999 -9999
31 31 31 31 31 31 31 31 30.99 30.8 30.31 30.66 30.21 30.04 30 30 30.04 30 30 30.01 30 30 30 30 30 30 30 30 29.75 29.84 29.72 29.4 29.38 29.26 29.79 29.28 29.57 28.98 28.53 28.18 28.33 27.45 27.66 27.9 26.63 25.32 25.87 26.41 25.97 24.94 24.36 24.27 24.48 24.5 24.92 24.69 24.94 24.96 24.93 24.81 24.66 24.19 24.19 24.51 24.47 24.93 25.04 25.77 26.06316 26.62963 27 -9999 -9999 -9999 -9999 -9999 -9999 -9999 -9999 -9999 -9999 -9999
30.97 30.97 30.93 30.97 30.97 31 31 31 30.83 30.29 30.03 30.08 30.01 30 30 30 30 30 30 30 30 30 30 30 30 30 30 30 30 30 30 30 29.99 29.94 29.98 29.57 29.37 28.82 28.64 28.35 28.54 27.79 28.07 27.9 27.55 26.44 26.03 26.4 25.75 25.22 24.75 25.23 24.85 24.5 24.98 25 24.92 24.65 24.36 24.4 24.4 24.05 24.07 24.03 24.03 24.3 24.85 25.25 26.01 26.32836 27 -9999 -9999 -9999 -9999 -9999 -9999 -9999 -9999 -9999 -9999 -9999
30.49 30.51 30.81 31 30.97 31 30.99 30.94 30.5 30.09 30 30 30 30 30 30 30 30 30 29.98 29.93 29.83 29.99 29.94 29.98 29.98 30 29.99 29.94 30 30 30 30 30 30 29.21 28.97 28.86 28.94 28.48 27.85 27.37 27.92 26.93 26.89 26.79 26.86 26.92 26.18 25.99 25.87 25.39 25.01 25 25 25 24.62 24.51 24.35 24.01 24.07 24.17 24.06 23.97 23.91 23.95 24.59 25.06 25.9 26.32653 26.93103 -9999 -9999 -9999 -9999 -9999 -9999 -9999 -9999 -9999 -9999 -9999
30.79 30.79 30.95 30.95 30.93 30.98 30.96 30.89 30.5 30.22 30.2 30 30 30 29.98 29.86 29.77 29.5 29.86 29.49 29.36 29.37 29.92 29.62 29.56 29.66 29.71 29.77 29.83 29.91 29.81 29.92 29.99 30 30 29.9 29.28 28.95 28.93 28.75 28.19 28.18 28.09 27.32 27.77 27.34 27.01 26.85 26.04 26 25.93 25.51 25 25 25 24.92 24.24 24.19 24.08 24 24 24 23.96 23.43 23.03 23.5 24.05 24.84 25.64 26.38 27 -9999 -9999 -9999 -9999 -9999 -9999 -9999 -9999 -9999 -9999 -9999
31 31 31 31 30.97 30.96 30.95 30.89 30.68 30.09 30.01 30 30 29.99 29.94 29.53 29.14 29.04 29.12 29.06 29.02 29.01 29.11 29.15 29 29 29.11 29.18 29.68 29.8 29.93 29.55 29.94 30 29.97 30 29.92 29.59 29.3 28.94 28.74 28.53 28.5 27.99 27.99 27.31 27.01 26.98 26.15 26 25.6 25.09 25.01 25 25 24.96 24.43 24.42 24.02 24 24 24 23.97 23.38 23 23.1 23.99 24.86 25.28 26.21918 27 -9999 -9999 -9999 -9999 -9999 -9999 -9999 -9999 -9999 -9999 -9999
30.99 31 31 31 30.99 30.97 30.81 30.6 30.15 29.82 29.74 30 29.74 29.48 29.26 29 29 29 29 29 29 29 29.02 29 29 29 29 29 29.09 29.56 29.63 29.69 30 30 29.96 29.99 30 30 29.83 29.52 29.06 29 28.91 28.11 28 27.41 27 26.84 26.16 26 25.61 25.03 25 25 25 24.61 24.35 24.05 24 24.07 24.14 23.97 23.52 23.46 23.43 23.85 24 24.79167 25.175 -9999 -9999 -9999 -9999 -9999 -9999 -9999 -9999 -9999 -9999 -9999 -9999 -9999
30.99 31 31 31 30.98 30.95 30.24 30.04 30 30 29.74 29.87 29.87 29.36 29 29 29 29 29 29 29 29 29 29 29 29 29 29 29.02 29.15 29.49 29.72 30 30 29.99 30 30 30 29.82 29.93 29.32 29 28.92 28.11 28 27.3 27 26.56 26 25.97 25.53 25.02 25 25 24.92 24.55 24.19 24.18 24 24 24.01 23.99 23.96 23.72 23.96939 23.89655 24.10714 25 -9999 -9999 -9999 -9999 -9999 -9999 -9999 -9999 -9999 -9999 -9999 -9999 -9999 -9999
30.49 30.75 30.97 30.93 30.54 30.52 30 30 30 30 30 29.65 29.22 29.05 29 29 29 28.99 28.91 28.81 28.9 28.98 29 29 29 29 29 29 29 29 29 29 29.54 29.95 29.98 30 30 30 30 30 29.41 29.01 28.73 28.06 27.84 27.12 26.86 26.15 26 25.95 25.37 25.03 25 25 24.93 24.6 24.21 24.01 24 24.01 24 23.99 24 24 24 24 -9999 -9999 -9999 -9999 -9999 -9999 -9999 -9999 -9999 -9999 -9999 -9999 -9999 -9999 -9999 -9999
30.03 30.09 30.21 30.12 30.08 30.02 30 30 30 30 29.88 29.24 29 29 29 28.99 28.75 28.88 28.6 28.68 28.47 28.59 28.79 28.85 29 29 29 29 29 29 29 29 29.18 29.51 29.58 29.79 30 30 30 29.64 29.09 28.96 28.28 27.99 27.37 26.98 26.34 26 26 25.83 25.38 25 25 24.98 24.99 24.6 24.13 24.24 24.42 24 24.02128 24 24 -9999 -9999 -9999 -9999 -9999 -9999 -9999 -9999 -9999 -9999 -9999 -9999 -9999 -9999 -9999 -9999 -9999 -9999 -9999
30 30 30 30 30 30 30 29.91 29.87 29.4 29.13 29.01 29 29 29 28.99 28.83 28.33 28.05 28.03 28.06 28.03 28.05 28.18 28.59 28.99 29 29 29 29 29 29 29.14 29.47 29.64 29.43 29.95 29.84 29.59 29.12 28.94 28.34 28 27.64 27.03 26.9 26.54 26.02 25.99 25.88 25.2 25 25 25 25 24.89 24.62 24.24 24.62766 24.42424 24.6 -9999 -9999 -9999 -9999 -9999 -9999 -9999 -9999 -9999 -9999 -9999 -9999 -9999 -9999 -9999 -9999 -9999 -9999 -9999 -9999 -9999
30 30 30 30 29.96 29.91 29.56 29.41 29.1 29.12 29 29 29 28.99 28.87 28.66 28.19 28.03 28 28 28 28 28 28.12 28.73 28.92 29 29 29 29 29 29 29 29.28 29.3 29.53 29.63 29.21 29.02 28.96 28.31 28.02 27.75 27.15 26.9 26.91 26.22 26 25.99 25.52 25.15 25 25 25 24.93 24.82 24.81 24.80851 25 -9999 -9999 -9999 -9999 -9999 -9999 -9999 -9999 -9999 -9999 -9999 -9999 -9999 -9999 -9999 -9999 -9999 -9999 -9999 -9999 -9999 -9999 -9999
29.73 29.77 29.99 29.86 29.85 29.41 29.01 29 29 29 29 29 28.97 28.85 28.66 28.24 28.05 28 28 28 28 28 28 28 28.05 28.44 28.56 28.88 29 29 29 29 29.05 29.04 29.01 29.08 29.26 29.15 29.06 29 28.49 27.8 27.29 26.96 26.52 26.67 26.09 25.97 25.69 25.23 25 25 25 25 24.95918 24.91358 25 25 -9999 -9999 -9999 -9999 -9999 -9999 -9999 -9999 -9999 -9999 -9999 -9999 -9999 -9999 -9999 -9999 -9999 -9999 -9999 -9999 -9999 -9999 -9999 -9999
29.06 29.21 29.63 29.45 29.39 29.08 29 29 29 29 28.97 28.95 28.73 28.12 28.01 28 28 28 28 27.97 28 28 28 28 28 28.03 28.39 28.66 28.86 28.92 29 29 29 29 29 29.16 29.18 29.07 29.03 28.97 28.6 28.04 27.72 26.98 26.99 26.39 25.95 25.55 25.19 25.04082 25.01266 25 25 25 25 -9999 -9999 -9999 -9999 -9999 -9999 -9999 -9999 -9999 -9999 -9999 -9999 -9999 -9999 -9999 -9999 -9999 -9999 -9999 -9999 -9999 -9999 -9999 -9999 -9999 -9999 -9999
29 29 29.03 29.08 29.02 29 29 29 29 29 28.94 28.77 28.28 28.01 28.01 28 28 27.94 27.9 27.71 27.81 27.73 27.76 27.83 27.96 28 28 28.04 28.17 28.48 28.73 28.99 29 29 29 29 29 28.94 28.99 29 28.76 27.99 27.4 27.06 26.89 26.07 25.80247 25.15094 25.125 25 -9999 -9999 -9999 -9999 -9999 -9999 -9999 -9999 -9999 -9999 -9999 -9999 -9999 -9999 -9999 -9999 -9999 -9999 -9999 -9999 -9999 -9999 -9999 -9999 -9999 -9999 -9999 -9999 -9999 -9999 -9999 -9999
29 29 29 29 29 29 29 29 29 29 28.84 28.31 28.03 28 28 28 27.91 27.87 27.2 27.12 27.49 27.35 27.3 27.66 27.89 27.94 27.98 28 28 28.04 28.39 28.41 28.63 28.95 28.97 28.98 28.99 28.89 28.96 29 28.25 27.94 27.8 27.30986 27 26.11765 26 -9999 -9999 -9999 -9999 -9999 -9999 -9999 -9999 -9999 -9999 -9999 -9999 -9999 -9999 -9999 -9999 -9999 -9999 -9999 -9999 -9999 -9999 -9999 -9999 -9999 -9999 -9999 -9999 -9999 -9999 -9999 -9999 -9999 -9999 -9999
29 29 29 29 29 29 29 29 29 28.94 28.52 28.03 28 28 28 27.94 27.7 27.44 27.11 27 27 27 27.1 27.36 27.72 27.65 27.76 27.99 28 28 28 28 28.03 28.37 28.4 28.56 28.52 29 28.79 28.58 28.19 27.97 27.88 28 -9999 -9999 -9999 -9999 -9999 -9999 -9999 -9999 -9999 -9999 -9999 -9999 -9999 -9999 -9999 -9999 -9999 -9999 -9999 -9999 -9999 -9999 -9999 -9999 -9999 -9999 -9999 -9999 -9999 -9999 -9999 -9999 -9999 -9999 -9999 -9999 -9999 -9999
28.59 28.97 29 29 29 29 29 29 29 28.81 28.23 28 28 28 27.92 27.42 27.09 27 27 27 27 27 27 27 27.04 27 27.14 27.5 27.91 27.99 27.95 27.75 28 28 27.96 27.8 28.12 28.97 28.94 28.1 28.48485 28.08696 -9999 -9999 -9999 -9999 -9999 -9999 -9999 -9999 -9999 -9999 -9999 -9999 -9999 -9999 -9999 -9999 -9999 -9999 -9999 -9999 -9999 -9999 -9999 -9999 -9999 -9999 -9999 -9999 -9999 -9999 -9999 -9999 -9999 -9999 -9999 -9999 -9999 -9999 -9999 -9999
28.26 28.77 28.98 28.98 29 29 28.99 28.99 28.85 28.44 28.08 28 28 28 27.79 27.15 27 27 27 27 27 27 26.98 26.98 26.98 26.97 27 27.02 27.69 27.57 27.92 27.56 27.88 27.62 27.36 27.12 28.11 29 28.98 28.9 28.76056 28.125 -9999 -9999 -9999 -9999 -9999 -9999 -9999 -9999 -9999 -9999 -9999 -9999 -9999 -9999 -9999 -9999 -9999 -9999 -9999 -9999 -9999 -9999 -9999 -9999 -9999 -9999 -9999 -9999 -9999 -9999 -9999 -9999 -9999 -9999 -9999 -9999 -9999 -9999 -9999 -9999
