layers/wordclim/past/Iberia_lig_10_ascii/bio_18.asc
ncols         166
nrows         94
xllcorner     -9.4959440078468
yllcorner     36.000324005443
cellsize      0.083333337679505
NODATA_value  -9999
[rows 0 to 33 of 94, columns 0 to 76 of 166]
-9999 -9999 -9999 -9999 -9999 -9999 -9999 -9999 -9999 -9999 -9999 -9999 -9999 -9999 -9999 -9999 -9999 -9999 -9999 123.5833 -9999 119.25 114 -9999 -9999 -9999 -9999 -9999 -9999 -9999 -9999 -9999 -9999 -9999 -9999 -9999 -9999 -9999 -9999 -9999 -9999 -9999 -9999 -9999 -9999 -9999 -9999 -9999 -9999 -9999 -9999 -9999 -9999 -9999 -9999 -9999 -9999 -9999 -9999 -9999 -9999 -9999 -9999 -9999 -9999 -9999 -9999 -9999 -9999 -9999 -9999 -9999 -9999 -9999 -9999 -9999 -9999
-9999 -9999 -9999 -9999 -9999 -9999 -9999 -9999 -9999 -9999 -9999 -9999 -9999 -9999 -9999 -9999 -9999 121.4146 134.1944 118.6119 119.8636 122.4205 118.7826 118.6212 114.7358 112.3125 -9999 -9999 -9999 -9999 -9999 -9999 -9999 -9999 -9999 -9999 -9999 -9999 -9999 -9999 -9999 -9999 -9999 -9999 -9999 -9999 -9999 -9999 -9999 -9999 -9999 -9999 -9999 -9999 -9999 -9999 -9999 -9999 -9999 -9999 -9999 -9999 -9999 -9999 -9999 -9999 -9999 -9999 -9999 -9999 -9999 -9999 -9999 -9999 -9999 -9999 -9999
-9999 -9999 -9999 -9999 -9999 -9999 -9999 -9999 -9999 -9999 -9999 -9999 -9999 -9999 -9999 110.4667 117.0909 120.4526 125.54 119.43 128.9 130.71 120.6566 129.45 127.59 119.567 111.4167 -9999 -9999 -9999 -9999 -9999 -9999 -9999 -9999 -9999 -9999 -9999 -9999 127.6667 -9999 132.5 134.7778 139.5 139.6923 -9999 -9999 -9999 -9999 -9999 -9999 -9999 -9999 -9999 -9999 -9999 -9999 -9999 -9999 -9999 -9999 -9999 -9999 -9999 -9999 -9999 -9999 -9999 -9999 -9999 -9999 -9999 -9999 -9999 -9999 -9999 -9999
-9999 -9999 -9999 -9999 -9999 -9999 -9999 -9999 -9999 -9999 -9999 -9999 -9999 -9999 114.2407 112.3579 115.6162 118.39 122.75 131.21 137.05 135.29 130.32 137.98 120.28 113.22 112.5474 113.519 113.4507 109.8 112.225 113.7857 117.75 115.7273 124.0127 121.9848 125.3699 132.0556 137.2045 137.2062 137.8077 139.0357 138.3232 139.31 142.24 137.3247 137.623 142.65 143.322 137.8478 139.9655 -9999 -9999 -9999 -9999 -9999 -9999 -9999 -9999 -9999 -9999 -9999 -9999 -9999 -9999 -9999 -9999 -9999 -9999 -9999 168.5 171.3333 -9999 -9999 -9999 -9999 -9999
-9999 -9999 -9999 -9999 -9999 -9999 -9999 -9999 -9999 -9999 -9999 -9999 -9999 -9999 112.6604 109.5507 120.1515 129.5 132.41 127.96 133.49 141.23 144.75 144.74 132.21 118.93 112.7 119.37 110.95 111.9697 121.68 126.6 129.31 122.15 137.39 131.45 129.25 136.59 146.29 138.72 134.101 143.92 148.6 145.18 143.09 143.32 148.63 149.31 140.21 142.5 142.98 144.8846 138.3205 135.2034 136.6 133.4 130.7368 -9999 -9999 -9999 -9999 -9999 -9999 -9999 148.1429 150.8667 155.9333 158.1233 160.8293 162.6349 167.3229 166.4598 168.0435 -9999 -9999 -9999 -9999
-9999 -9999 -9999 -9999 -9999 -9999 -9999 112 -9999 -9999 -9999 -9999 110.6111 107.6452 109.8955 110.6875 119.44 128.24 129.8 132.98 128.96 130.68 130.32 135.68 130.47 127.03 121.69 114.56 115.69 127.76 139.01 133.14 126.03 131.13 137.22 128.56 137.69 145.05 137.9 133.31 135.46 133.83 136.44 144.89 142.64 143.43 145.18 144.27 142.95 141.53 140.46 134.73 134.56 141.87 142.53 144.68 150.05 143.617 139.7407 136.3562 136.6234 137.7821 140.7778 146.0843 148.2551 147.57 152.12 154.49 158.3646 158.98 164.43 165.16 162.7619 168.94 171.2472 167.6852 168.5926
-9999 -9999 -9999 -9999 -9999 -9999 109.7778 108.025 110.8919 115.2885 114.5405 114.7711 114.93 110.5354 109.87 110.1648 119.41 127 134.58 130.82 126.17 124.13 122.81 119.24 121.75 120.15 119.96 112.69 126.51 131.25 130.92 119.55 125.97 140.33 139.83 129.53 126.82 129.88 137.24 135.82 140.52 142.64 141.97 140.47 142.48 141.91 143.68 147.84 148.31 143.77 149.77 144.24 139.75 149.25 156.68 153.79 146.61 152.02 142.91 145.69 141.11 144.72 144.26 144.9 149.53 147.84 149.98 152.16 159.24 165.05 165.58 165.84 162.23 168.52 171.51 173.58 169.9
-9999 -9999 -9999 103.5 104.5357 106.1579 111.4384 111.56 113.07 113.69 118.87 130.71 127.82 123.36 115.96 116.75 125.64 128.62 131.32 127.26 125.03 119.58 118.03 114.51 113.66 115.55 119.71 115.76 121.14 125.29 119.85 114.64 129.97 139.81 127.52 123.66 127 141.27 139.18 143.53 145.42 138.56 155.57 144.13 137.08 142.2 144.11 142.27 144.32 145.75 159.2 151.32 148.66 163.98 196.68 179.1 187.28 181.84 148.3 156.44 150.62 146.31 144.99 150.89 148.64 146.16 150.38 151.84 154.59 166.83 178.92 167.97 161.41 162.83 166.74 164.96 163.74
-9999 -9999 -9999 99.55556 103.4301 111.2 112.86 121.48 126.76 127.1 132.91 131.83 129.25 131.32 127.71 130.3 132.62 130.25 129.76 124.58 122.33 119.52 113.61 112.03 112.04 115.08 119.54 114.4 127.02 121.53 125.09 116.62 126.01 133.31 125.14 123.32 136.93 150.54 137.79 149.2 145.07 150.21 139.86 140.58 135.54 143.1 142.01 143.03 153.06 160.55 155.38 160.69 167.76 157.48 174.84 183.51 173.13 147.62 139 145.52 169.09 157.45 152.71 152.81 152.77 145.11 153.76 148.45 153.89 170.77 176.39 172.25 168.25 163.56 156.04 158.45 156.99
-9999 -9999 99.46154 101 106.7 118 120.65 125.2 127.98 131.19 130.36 130.5 126.01 127.64 127.64 126.78 127.63 129.28 133.23 127.09 119.45 117.87 112.7 111.08 113.05 113.57 118.95 120.69 113.35 114.38 107.59 110.09 126.15 136.75 123.68 139.7 139.57 164.65 167.01 161.87 175.95 162.04 171.37 143.06 135.04 162.06 166.07 159.5 168.64 173.41 159.6 169.24 159.53 155.99 169.44 168.39 184.07 181.08 167.64 156.37 163.34 182.74 170.34 154.59 152.1 150.72 152.41 150.48 154.51 155.25 152.73 153.75 154.56 157.15 157.56 162.68 162.96
-9999 -9999 95.25 98.35294 111.5758 117.54 121.5 123.6 124.49 126.65 126.78 126.37 126.57 128.3 128.47 127.76 124.61 128.45 127.04 126.67 119.23 118.85 114.73 106.72 103.97 105.05 113.96 112.69 113.53 103.07 105.74 117.08 119.17 131.26 134.94 144.09 153.84 144.21 145.04 146.01 153.16 146.36 149.35 156.51 149.73 147.47 153.63 148.32 158.56 152.14 141.32 150.01 151.09 149.65 147.46 158.83 176.07 179.58 172.38 158.17 152.05 176.61 166.07 146.76 143.97 144.02 144.01 143.91 144.81 144.94 143.07 140.77 143.34 147.93 150.73 153.85 156.62
-9999 -9999 92.875 -9999 103.8448 118.12 118.65 117.1 122.02 117.92 115.85 125.46 129.94 124.62 123.97 122.52 117.29 117.38 118.15 118.39 118.77 112.81 107.02 101.97 98.58 101.46 105.42 112.16 103.67 102.23 114.77 131.52 145.2 144.4 131.54 134.99 133.18 140.77 155.98 148.64 155.57 156.1 143.33 133.05 148.95 136.87 134.92 133.54 142.24 133.19 132.41 141.59 137.11 144.59 139.83 152.23 153.83 153.86 152.94 141.2 137.34 138.43 138.67 136.66 137.81 136.74 140.39 134.6 136.37 134.71 139.35 138.33 135.12 139.8 144.84 149.08 146.92
-9999 -9999 -9999 -9999 100.175 104.6094 105.0909 105.5824 126.74 117.96 114.89 114.13 119.35 117.21 116.81 124.53 120.76 121.09 121.78 115.46 116.24 111.81 101.99 105.54 104.02 96.12 108.91 111.91 107.08 109.78 115.89 142.36 126.79 116.14 105.61 109.6 127.2 144.92 146.34 144.03 133.43 125.49 120.14 119.52 118.74 124.1 116.76 116.37 120.78 118.7 120.92 123.44 124.02 128.82 126.2 132.83 137.4 130.58 130.47 132.85 130.04 128.92 125.58 126.5 130.33 126.95 127.68 132 128.41 131.54 136.46 132.37 132.76 128.29 129.3 133.28 142.52
-9999 -9999 -9999 -9999 94 103.0588 120.163 111.4 116.37 109.64 115.43 120.4 118.18 128.94 125.53 124.7 126.36 121.95 123.27 123.04 110.78 101.54 107.81 107.96 101.59 101.13 110.58 122.8 124.59 117.94 109.96 118.62 102.31 92.65 94.63 94.26 105.6 110.44 110.19 113.99 120.36 119.47 113.29 108.51 107.19 109.7 105.23 105.2 108.99 106.7 112.79 111.28 114.37 115.09 118.7 122.13 122.48 122.7 120.38 122.7 119.35 120.57 118.91 123.52 124.98 124.56 123.97 124.36 122.29 125.47 131.11 127.64 119.21 126.99 127.82 135.09 133.77
-9999 -9999 -9999 -9999 -9999 98.94915 110.4681 101.725 104.6667 115.02 115.27 124.43 129.87 134.66 137.03 124.36 121.98 123.97 123.34 122.17 106.85 98.92 101.45 97.78 88.02 96.29 109.29 107.67 113.35 120.8 105.78 95.94 86.35 79.26 77.79 81.77 83.88 87.87 96.06 106.08 102.47 99.05 99.8 97.49 97.88 98.44 94.35 95.4 97.26 98.96 102.22 102.14 107.36 105.6 111.16 113.53 112.84 114.08 111.7 113.05 112.09 110.36 111.25 115.5 116.09 118.19 118.42 119.36 119.32 120.8 120.19 116.13 111.57 112.64 115.44 118.51 122.53
-9999 -9999 -9999 -9999 -9999 96.14286 97.1579 98 103.747 107.98 115.8 123.35 128.42 130.6 133.7 129.38 123.12 123.65 122.6 113.87 105.99 96.04 94.72 83.99 82.85 86.61 94.18 97.1 109.18 109.58 100.4 83.33 75.39 70.95 72.09 77.41 93.94 104.8 108.15 104.77 94.98 91.06 91.2 88.3 88.7 88.85 87.58 87.84 88.97 91.5 93.51 97.4 99.37 98.16 102.71 105.25 103.58 105.73 105.77 104.89 105.79 104.18 103.58 104.3 105.23 106.2 108.58 113.12 111.8 111.76 108.21 108.58 113.67 113.1 112.73 114.38 114.81
-9999 -9999 -9999 -9999 -9999 94 98.5 99.70834 106.6304 117.8764 111.24 119.83 129.28 136.42 129.47 120.26 112.77 107.45 103.02 99.87 95.86 92.99 87.14 84.22 88.51 87.71 84.61 83.18 97.97 90.45 84.88 77.34 73.43 84.94 101.54 98.32 111.65 115.16 99.92 90.78 85.69 82.91 83.81 81.21 81.97 82.43 82.29 81.7 83.1 85.55 88.56 91.19 92.04 91.65 95.27 98.18 96.82 96.45 97.48 97.93 97.14 97.48 98.06 97.56 98.22 99.32 103.16 105.16 103.26 102.6 103.46 106.47 108.52 108.19 110.51 108.6 107.5
-9999 -9999 -9999 -9999 -9999 -9999 94 101.3333 102.3448 113.1765 112.1398 117.01 122.01 132.84 127.93 112.23 98.2 97.45 89.82 84.4 83.94 100.15 102.5 93.03 89.67 98.79 97.77 77.31 73.66 89.55 93.49 81.89 100.19 104.2 98.26 124.23 126.86 113.84 94.47 87.92 83.09 78.65 76.1 75.82 76.44 77.05 77.42 76.78 79.04 81.38 82.84 85.01 85.17 85.67 88.5 91.01 90.71 90.28 91 91.31 91.89 91.15 91.46 91.1 92.37 95.42 97.46 97.55 96.47 95.46 97.67 101.61 105.28 113.59 112.69 109.77 117.52
-9999 -9999 -9999 -9999 -9999 -9999 -9999 99.07692 103.6538 113.3485 107.625 116.63 120.81 123.08 128.96 113.47 92.68 91.41 93.39 82.81 83.51 94.71 95.33 105.63 107.95 106.66 114.76 85.95 80.45 90.39 107.8 112.79 118.29 116.64 106.54 93.68 100.92 113.96 100.47 84.89 76.43 73.58 71.72 71.1 71.66 72.3 72.75 72.45 75.85 78.24 77.81 78.7 79.2 80.5 82.41 84.24 84.85 85.21 84.9 85.63 86.22 86.52 86.65 86.9 89.15 93.08 91.87 90.88 91.92 92.78 96.09 98.88 104.12 113.21 122.55 125.94 130.97
-9999 -9999 -9999 -9999 -9999 -9999 -9999 90.33334 98.20588 104.5934 108.29 106.34 104.58 115.36 117.09 103.81 95.5 94.51 91.58 91.51 90.61 91.77 87.91 104.4 116.91 121.55 127.81 104.73 83.47 95.44 105.43 123.37 140.55 133.74 118.42 117.65 110.37 96.22 89.66 79.16 74.18 71.27 70.64 68.35 67.57 67.9 68.32 68.55 71.72 72.48 72.78 73.41 74.38 76.42 77.56 78.56 78.92 80.28 80.69 80.48 81.23 83.05 82.73 84.56 86.7 85.06 85.28 87.04 88.29 89.51 92 96.52 106.23 122.45 129.82 142.53 143.75
-9999 -9999 -9999 -9999 -9999 -9999 -9999 95.06061 94.65934 110.62 95.45 97.97 95.69 107.41 95.49 101.6 105.74 111.04 103.87 101.19 98.36 89.9 89.99 93.37 102.94 111.44 105.77 92.23 84.64 98.99 111.14 125.04 121.55 95.26 85.15 85.46 84.76 79.42 73.78 69.47 69.18 67.03 65.95 66.05 64.27 65.04 64.7 65.37 66.6 67.06 68.42 69.12 71.06 72.89 72.97 73.8 74.21 73.65 75.81 75.56 79.37 82.23 81.69 81.86 79.32 81.91 81.72 83.17 85.08 87.95 91.4 97.22 96.24 99.33 108.32 112.47 116.24
-9999 -9999 -9999 -9999 -9999 -9999 -9999 105.127 106.3 95.8 90.75 91.37 95.98 94.64 113.07 125.28 131.99 121.26 109.18 98.93 93.48 89.28 85.78 90.23 77.54 90.01 90.29 84.54 88.71 94.64 102.09 108.23 108.99 80.89 75.51 73.69 71.33 69.93 66.71 64.16 62.28 61.22 60.48 61.07 61.2 60.88 60.95 62.21 62.77 64.26 64.02 65.63 67.59 68.07 68.86 69.57 70.01 69.81 71.12 71.85 75.81 75.84 75.35 77.29 78.66 79.49 79.3 80.11 81.34 83.18 85.45 88.71 94.4 93.17 94.58 105.18 127.15
-9999 -9999 -9999 -9999 -9999 -9999 -9999 95.26667 85.4 87.74 92.79 111.3 103.35 108.87 130.63 117.1 109.77 100.97 101.08 107.7 107.93 98.23 92.12 82.86 68.14 76.76 79.94 74.14 77.41 80.99 79.84 82.79 92.57 71.16 68.23 69.81 71.12 66 63.76 61.92 60.93 58.87 57.55 56.72 56.45 56.24 57.05 58.45 59.36 59.57 59.95 61.73 63.68 63.43 64.47 65.43 66.62 68.64 70.93 69.33 68.87 71.41 73.8 76.06 78.09 78.85 78.24 78.79 81.37 83.45 85.1 90.04 93.83 99.12 91.44 95.5 100.52
-9999 -9999 -9999 -9999 -9999 -9999 -9999 80.72727 83.84091 96.56 94.32 108.69 92.63 94.6 101.46 99.57 97.46 109.67 119.29 116.05 111.42 107.66 86.63 80.26 65.92 71.94 79.16 70.5 68.4 74.73 72.75 69.53 68.84 60.08 62.67 60.6 62.64 63.98 65.44 65.92 63.13 60.45 56.32 55.49 54.32 54.15 54.06 54.7 55.23 56.29 57.3 58.63 60 61.18 63.61 65.49 66.91 67.92 67.28 64.5 67.36 70.03 71.88 74.56 76.48 76.37 76.62 76.76 78.14 79.44 80.91 83.57 86.45 90.3 93.76 94.37 96.98
-9999 -9999 -9999 -9999 -9999 -9999 -9999 77.37209 85.96 95.23 77.95 85.55 83.64 88.28 95.63 111.36 117.21 123.55 104.92 108.8 102.58 99.19 90.26 77.39 63.39 68.93 76.44 65.85 64.33 63.17 67.25 71.87 62.12 55.66 60.74 56.52 57.44 60.19 58.12 56.35 58.01 57.9 54.13 51.13 50.89 51.3 51.12 51.85 53.51 55.31 55.43 56.32 58.74 61.46 62.72 63.84 64.31 63.26 61.38 62.93 66.26 67.58 69.66 71.18 72.65 73.93 71.74 72.74 74.37 74.81 76.08 77.39 79.11 80.69 83.85 89.27 92.53
-9999 -9999 -9999 -9999 -9999 -9999 -9999 76.04 74.01111 73.54082 80.51 85.02 90.67 85.39 90.42 94.72 95.3 90.37 98.02 104.11 101.22 89.93 77.3 67.58 67.88 74.71 66.65 59.23 55.94 60.43 66.75 75.67 61.89 59.72 55.95 53.32 57.44 58.68 56.89 54.71 52.47 52.45 51.47 49.41 48.37 48.24 48.42 49.27 50.93 52.74 54.16 57.3 58.93 59.12 60.43 61.17 60.55 57.99 61.09 62.65 63.94 65.29 67.5 69.63 70.54 72.29 68.63 67.01 68.52 70.44 71.08 73.14 75.33 76.51 79 81.66 84.81
-9999 -9999 -9999 -9999 -9999 -9999 -9999 -9999 69.35526 75.28 77.9 76.55 72.05 73.8 75.75 84.26 86.47 101.31 102.47 95.32 83.77 79.65 70.75 65.55 79.44 66.58 58.47 52.32 51.15 56.17 63.49 65.91 63.38 56.13 53.13 51.63 53.31 53.8 54.62 52.69 51.97 50.2 48.1 46.72 46.14 45.63 46.24 48.98 50.25 51.9 53 53.52 55.39 56.91 57.96 59.01 56.16 56.14 59.02 59.94 60.99 63.11 64.68 64.41 65.01 68.29 66.98 69.24 68.43 69.01 69.33 71.5 73.38 74.66 74.9 76.06 80.63
-9999 -9999 -9999 -9999 -9999 -9999 -9999 -9999 71.69566 74.3 71.78 72.55 72.93 80.38 76.5 76.45 86.97 84.78 81.16 79.2 72.4 83.94 78.95 84.43 75.87 60.69 52.34 49.11 51.14 55.63 58.24 55.94 54.73 49.55 49.09 48.95 51.56 53.12 50.68 49.36 48.35 49.01 46.96 45.5 44.16 42.7 43.85 46.47 47.52 48.87 49.53 50.71 51.84 53.97 54.31 53.22 53.58 54.2 55.49 60.68 61.97 63.71 65.09 66.5 66.48 67.3 69.92 71.95 70.88 71.02 74.67 74.75 76.95 74.89 73.53 73.26 73.64
-9999 -9999 -9999 -9999 -9999 -9999 -9999 -9999 69.28125 71 73.59 72.71 76.32 73.24 74.1 76.48 81.24 80.86 66.41 75.53 88.44 87.99 84.23 75.39 66.55 63.41 59.78 49.7 51.79 59.62 66.02 53.04 49.12 47.38 47.57 47.61 49.73 50.67 47.56 49.01 48.62 46.07 45.59 43.94 43.02 42.88 43.73 45.88 46.44 47.02 47.22 48.84 49.49 50.67 51.52 53.64 53.15 53.61 55.77 59.69 61.79 63.1 64.56 65.37 66.35 66.89 68.31 74.02 80.23 81.02 78.8 71.98 73.31 76.29 75.8 78.27 77.33
-9999 -9999 -9999 -9999 -9999 -9999 -9999 -9999 70.16666 71 71.12 70.64 70.31 71.17 73.98 72.12 78.83 75.25 65.98 78.07 100.33 79.02 77.97 73.19 62.77 53.08 50.68 51.7 54.03 51.11 54.58 49.28 49.02 53.38 54.95 52.58 49.26 46.53 48.04 49.04 48.76 47.17 46.46 46.03 45 45.77 47.01 47.05 48.02 48.43 48.9 48.98 50.33 51.26 52.66 53.9 53.39 53.39 55.56 56.83 57.19 59.25 60.18 61.98 63.63 65.17 65.38 71.11 77.57 74.93 72.52 71.85 73.33 75.15 80.13 84 85.93
-9999 -9999 -9999 -9999 -9999 -9999 -9999 -9999 -9999 71.26582 72.86 71.83 75.13 77.72 74 69.15 69.67 64.42 78.95 87.91 72.22 66.66 72.55 61.58 66.18 54.28 60.79 59.36 48.7 46.86 48.24 45.38 49.52 53.75 51.78 48.15 45.01 47 47.74 47.7 47.49 48.01 48.3 48.38 48.37 49.21 49.07 49.1 48.34 47.74 50.16 49.54 50.07 50.86 50.99 51.42 52.07 53.7 54.47 55.15 56.16 58.13 59.57 61.49 63.29 64.07 66.22 67.76 71.71 69.58 71.55 76.77 85.29 90.77 91.28 93.45 93.3
-9999 -9999 -9999 -9999 -9999 -9999 -9999 -9999 -9999 71.13207 70.87 70.52 70.49 72.27 69.39 69.42 64.5 78.22 82.36 81.43 60 62.73 63.2 54.29 54.35 56.41 64.37 61.67 46.37 47.63 50.64 47.85 50.85 49.62 48.7 46.86 49.35 49.6 47.11 46.16 46.39 47.6 48.28 50.08 49.37 48.35 49.51 51.14 50.87 49.88 50 50.14 49.63 50.42 50.84 51.18 52.1 52.93 55.57 55.38 56.14 57.98 59.1 60.86 62.56 63.82 65.01 67.28 70.47 71.7 72.56 84.9 106.35 106.79 99 93.94 98.72
-9999 -9999 -9999 -9999 -9999 -9999 -9999 -9999 -9999 69.5 68.76344 66.77 66.9 68.84 69.25 66.47 68.25 69.81 66.98 69.07 60.12 61.85 60.45 57.52 58.13 55 52.64 50.54 44.18 50.52 50.79 46.97 46.55 47.93 50.12 48.96 48.3 48.29 47.98 47.64 46.12 44.77 45.48 45.22 45.1 45.86 46.81 48.83 49.52 49.19 48.4 49.37 50.08 50.21 50.07 50.42 52 52.24 55.06 55.63 56.11 57.71 59.53 60.37 62.27 65.34 69.26 70.53 72.37 78.47 91.26 103.48 101.31 87.83 95.02 84.32 87.34
-9999 -9999 -9999 -9999 -9999 -9999 -9999 -9999 -9999 -9999 66.40476 68.31 64.7 65.33 66.22 71.18 83.9 79.01 91.64 86.28 71.98 74.46 69.3 69.71 69.36 65.61 57.92 54.77 45.59 45.72 44.51 44.21 43.24 47.55 49.44 48.77 48.55 47.82 48.03 48.33 47.01 46.04 45.13 44.38 44.16 44.69 46.4 48.72 50.78 51.01 50.03 50.5 51 51.33 50.59 51.29 53.01 52.71 55.39 55.97 57.16 59.85 59.09 61.62 65.6 69.09 73.31 89.63 91.97 92.29 74.03 74.34 90.21 80.89 71.06 74.22 78.37
