layers/wordclim/past/Iberia_lig_10_ascii/bio_7.asc
ncols         166
nrows         94
xllcorner     -9.4959440078468
yllcorner     36.000324005443
cellsize      0.083333337679505
NODATA_value  -9999
[rows 32 to 63 of 94, columns 73 to 145 of 166]
352.76 354 355.17 356.35 356.72 358.23 359.06 359.64 360.64 362.16 363.05 363.24 363.38 362.98 361.95 360.71 359.24 357.34 355.33 352.71 350.01 347.16 344.2 340.68 338.19 336.17 335.28 334.22 334.16 334.1 335.5 335.14 333.68 335.69 337.42 337.31 337.16 337.56 337.92 337.86 338.66 339.02 339.3 339.36 338.03 336.47 334.24 333.12 328.85 324.33 320.16 315.56 305.58 294.36 284.32 275.9012 272.5849 272.05 272.8333 -9999 -9999 -9999 -9999 -9999 -9999 -9999 -9999 -9999 -9999 -9999 -9999 -9999 -9999
353.94 354.03 355.17 356.95 356.77 357.68 358.89 359.92 361.91 363.52 363.99 364.15 364.38 363.96 363.29 362.07 360.27 358.53 356.18 353.62 350.7 347.72 344.95 341.96 336.99 335.26 334.55 335.13 333.41 332.17 332.87 333.23 333.09 333.21 333.84 333.47 334.22 334.39 335.11 335.32 335.07 334.69 335.01 334.32 332.99 332.31 330.62 328.19 323.35 320.2 316.21 309.03 298.7183 290.5926 281.4118 277.3333 -9999 -9999 -9999 -9999 -9999 -9999 -9999 -9999 -9999 -9999 -9999 -9999 -9999 -9999 -9999 -9999 -9999
354.28 354.61 355.46 356.17 356.79 357.67 359.64 361.31 362.91 364.61 365.09 365.82 365.83 364.96 364.03 362.93 361.61 359.82 357.53 354.67 351.67 348.48 344.17 340.54 336.9 332.81 333.52 335.03 334.45 332.48 331.19 331.47 332.66 331.93 330.95 330.72 331.07 331.66 331.86 331.8 331.06 330.86 331.27 329.46 329.01 327.39 326.44 323.48 319.92 315.9 310.28 304.84 298 -9999 -9999 -9999 -9999 -9999 -9999 -9999 -9999 -9999 -9999 -9999 -9999 -9999 -9999 -9999 -9999 -9999 -9999 -9999 -9999
355.01 355.75 355.3 355.38 357.42 359.46 361.61 363.2 364.13 365.62 366.44 367 366.85 366.1 366.1 364.94 363.46 360.97 358.38 356.02 353.2 349.99 345.9 342.05 337.15 333 334.17 334.31 334.46 332.42 332.02 331.67 331.33 330.78 328.97 328.89 328.85 328.82 328.93 328.29 327.82 327.32 327.1 325.39 323.86 322.94 322.38 319.53 316.49 310.606 305.4348 -9999 -9999 -9999 -9999 -9999 -9999 -9999 -9999 -9999 -9999 -9999 -9999 -9999 -9999 -9999 -9999 -9999 -9999 -9999 -9999 -9999 -9999
356.79 356.74 355.81 355.01 357.65 361.16 363.23 364.67 365.04 366.22 368.12 368.58 368.45 368.24 367.58 366.06 364.85 363.2 360.91 357.87 355.69 352.53 348.21 342.7 338.17 336.05 338.27 337.34 335.3 334.2 333.23 332.14 331.69 331.07 329.13 327.87 326.94 326.7 326.41 326.19 325.52 324.23 323.29 321.4 319.68 319.94 318.35 315.37 311.12 306.169 300.8125 -9999 -9999 -9999 -9999 -9999 -9999 -9999 -9999 -9999 -9999 -9999 -9999 -9999 -9999 -9999 -9999 -9999 -9999 -9999 -9999 -9999 -9999
358.64 358.18 355.4 356.65 361.69 363.05 364.49 366.51 366.48 367.4 368.29 369.11 370.08 370.68 370.03 368.85 367.14 365.29 363.17 360.1 357.75 354.52 351.89 345.86 340.69 340.28 340.81 337.8 336.11 335.44 334.65 333.41 331.59 330.66 329.17 327.55 326.48 325.31 324.83 324.26 323.54 322.02 320.68 319.12 318.44 316.77 314.42 310.87 306.1856 302.3763 298.0814 295 -9999 -9999 -9999 -9999 -9999 -9999 -9999 -9999 -9999 -9999 -9999 -9999 -9999 -9999 -9999 -9999 -9999 -9999 -9999 -9999 -9999
361.64 360.65 358.54 361.98 363.63 364.43 366.98 368.88 368.42 369.96 371.71 373.07 373.25 373.31 372.29 370.95 369.23 367.51 365.5 363.22 361 357.74 354.96 350.64 344.97 341.14 342.26 339.37 336.84 335.65 335.71 333.7 332.78 332.1 330.69 328.82 326.44 324.86 323.4 323.11 322.55 320.91 318.87 316.7 314.7 312.79 310.76 308.0745 303.5192 300.1316 297.8333 -9999 -9999 -9999 -9999 -9999 -9999 -9999 -9999 -9999 -9999 -9999 -9999 -9999 -9999 -9999 -9999 -9999 -9999 -9999 -9999 -9999 -9999
366.37 364.6 364.61 365.92 365.69 368.12 370.24 370.51 370.3 373.03 373.8 374.38 374.19 374.42 374.53 373.91 372.29 369.59 367.5 365.26 362.96 360.15 357.03 353.4 347.99 342.93 342.12 340.51 336.92 337.11 338.99 335.47 334.22 333.59 332.36 330.68 327.09 325.03 322.68 322 321.2 319.3 316.12 312.72 310.78 308.66 306.09 304.9131 300.6667 298 -9999 -9999 -9999 -9999 -9999 -9999 -9999 -9999 -9999 -9999 -9999 -9999 -9999 -9999 -9999 -9999 -9999 -9999 -9999 -9999 -9999 -9999 -9999
370.18 368.34 368.58 368.85 369.69 371.01 372.08 372.71 373.74 374.63 374.43 375.55 376.17 377.7 377.33 376.32 374.26 371.92 369.65 367.36 365.2 362.66 359.27 355.31 350.92 346 343.61 341.69 338.11 339.93 339.4 337.76 337.12 336.85 334.47 331.64 328.89 325.6 323 321.52 319.76 316.09 312.12 309.52 307.5 304.59 302.66 -9999 -9999 -9999 -9999 -9999 -9999 -9999 -9999 -9999 -9999 -9999 -9999 -9999 -9999 -9999 -9999 -9999 -9999 -9999 -9999 -9999 -9999 -9999 -9999 -9999 -9999
372.32 371.88 371.99 371.41 372.71 373.75 373.37 374.89 375.58 378.57 379.94 378.87 379.87 379.77 380.26 379.78 377.35 374.86 372.15 369.63 367.06 364.37 360.93 357.79 354.02 349.12 345.06 342.28 340.35 340.94 338.97 337.95 337.87 338.59 335.98 332.43 328.43 324.65 320.08 318.06 314.87 312.12 307.83 306.89 304.25 302.0121 300 -9999 -9999 -9999 -9999 -9999 -9999 -9999 -9999 -9999 -9999 -9999 -9999 -9999 -9999 -9999 -9999 -9999 -9999 -9999 -9999 -9999 -9999 -9999 -9999 -9999 -9999
375.02 374.81 374.48 375.19 375.63 375.04 376.47 378.64 379.31 380.67 382.14 383.11 384.38 384.42 384.02 383.11 379.88 376.56 373.81 371.84 368.9 366.25 363.34 360.14 356.42 352.23 347.56 343.38 342.44 341.94 336.94 335 336.17 337.04 333.81 331.2 327.94 324.27 317.85 313.55 312.28 310 303.28 301.73 301.8537 300.7778 -9999 -9999 -9999 -9999 -9999 -9999 -9999 -9999 -9999 -9999 -9999 -9999 -9999 -9999 -9999 -9999 -9999 -9999 -9999 -9999 -9999 -9999 -9999 -9999 -9999 -9999 -9999
377.41 377.2 377.77 377.76 377.22 377.78 380.81 382.04 382.26 384.07 384.93 386.06 387.07 388.15 386.81 386.53 382.62 380.2 377.53 374.1 371.47 368.49 365.31 362.97 357.72 353.45 347.98 345.94 346.18 342.5 337.4 334.03 332.56 331.76 331.2 327.14 325.07 321.96 312.35 305.74 305.46 303.71 300.54 297.6974 297 -9999 -9999 -9999 -9999 -9999 -9999 -9999 -9999 -9999 -9999 -9999 -9999 -9999 -9999 -9999 -9999 -9999 -9999 -9999 -9999 -9999 -9999 -9999 -9999 -9999 -9999 -9999 -9999
379.67 380.41 380.04 379.21 379.96 381.8 383.34 383.98 384.98 386.94 388.09 388.83 390.28 391.19 391.57 390.18 385.61 382.16 379.12 376.26 373.28 369.77 366.64 363.67 359.05 352.44 349.9 349.64 351.05 347.4 340.41 335.11 331.07 327.66 324.6 323.77 319.52 314.58 308.28 301.31 301.42 299.71 296.3068 294 -9999 -9999 -9999 -9999 -9999 -9999 -9999 -9999 -9999 -9999 -9999 -9999 -9999 -9999 -9999 -9999 -9999 -9999 -9999 -9999 -9999 -9999 -9999 -9999 -9999 -9999 -9999 -9999 -9999
381.97 381.7 382 382.72 383.95 384.59 385.48 386.63 387.63 388.86 390.07 391.24 392.43 393.4 393.12 392.66 388.38 384.49 381.72 378.34 374.91 370.92 367.7 364.99 360.29 353.71 352.8 353.03 352.47 348.09 341.84 337.78 333.11 330 322.76 318.48 311.69 305.16 298.83 296.6 296.78 294.9552 294.6429 -9999 -9999 -9999 -9999 -9999 -9999 -9999 -9999 -9999 -9999 -9999 -9999 -9999 -9999 -9999 -9999 -9999 -9999 -9999 -9999 -9999 -9999 -9999 -9999 -9999 -9999 -9999 -9999 -9999 -9999
384.57 384.77 385.24 386.27 386.47 386.67 388.16 388.63 389.23 389.6 391.34 392.51 393.36 393.58 393.7 393.29 390.54 387.04 383.49 379.78 375.81 372.64 369.52 365.61 360.66 355.9 351.42 350.26 349.8 347.97 346.37 340.87 333.49 326.56 321.18 320.48 313.41 302.48 293.95 289.19 288.9588 290.25 -9999 -9999 -9999 -9999 -9999 -9999 -9999 -9999 -9999 -9999 -9999 -9999 -9999 -9999 -9999 -9999 -9999 -9999 -9999 -9999 -9999 -9999 -9999 -9999 -9999 -9999 -9999 -9999 -9999 -9999 -9999
385.65 386.79 387.99 387.76 387.75 389.17 389.9 390.17 390.69 391.47 392.09 392.84 393.11 393 394.58 393.41 391.06 387.26 383.6 380.47 375.93 373.52 370.76 366.29 361.5 358.18 353.27 348.18 346.53 345.21 342.81 341.01 333.44 324.97 315.3 311.03 312.81 306.95 294.61 287.5959 287.2927 -9999 -9999 -9999 -9999 -9999 -9999 -9999 -9999 -9999 -9999 -9999 -9999 -9999 -9999 -9999 -9999 -9999 -9999 -9999 -9999 -9999 -9999 -9999 -9999 -9999 -9999 -9999 -9999 -9999 -9999 -9999 -9999
387.36 388.22 388.8 389.12 389.86 390.34 391.2 391.67 392.27 392.67 392.9 393.01 393.39 392.88 392.78 392.04 390.68 387.7 383.56 380.27 376.42 372.65 369.33 365.43 362.61 359.6 353.86 346.14 343.43 342.02 338.77 332.61 330.03 325.06 319.69 309.14 301.23 298.31 290.18 287.6591 -9999 -9999 -9999 -9999 -9999 -9999 -9999 -9999 -9999 -9999 -9999 -9999 -9999 -9999 -9999 -9999 -9999 -9999 -9999 -9999 -9999 -9999 -9999 -9999 -9999 -9999 -9999 -9999 -9999 -9999 -9999 -9999 279.375
389.8 389.96 389.71 389.95 391.24 391.64 392.31 392.73 393.59 393.18 393.29 393.97 393.74 392.41 391.4 391.13 390.25 387.95 384.49 380.89 376.89 372.19 368.11 365.65 364.13 359.05 355.24 349.17 342.28 334.66 330.21 323.98 317.35 312.29 310.8 313.02 301.85 292.91 289.3947 -9999 -9999 -9999 -9999 -9999 -9999 -9999 -9999 -9999 -9999 -9999 -9999 -9999 -9999 -9999 -9999 -9999 -9999 -9999 -9999 -9999 -9999 -9999 -9999 -9999 -9999 -9999 -9999 -9999 -9999 -9999 279.6667 280.3947 280.4667
391.72 390.94 390.49 391.18 391.61 392.73 393.56 393.36 393.59 394.27 393.72 394.25 393.53 392.42 391.26 390.49 389.37 386.91 383.64 380.86 377.74 373.27 368.49 366.61 363.52 358.29 355.72 354.45 349.44 339.9 328.81 320.32 313.22 307.77 302.45 299.19 295.96 290.9362 289.7333 -9999 -9999 -9999 -9999 -9999 -9999 -9999 -9999 -9999 -9999 -9999 -9999 -9999 -9999 -9999 -9999 -9999 -9999 -9999 -9999 -9999 -9999 -9999 -9999 -9999 -9999 -9999 -9999 -9999 276 279.3704 280.3253 280.87 281.24
392.91 392.36 392.08 392.54 392.12 391.86 393.21 393.35 393.7 394.19 394.38 393.59 392.78 391.68 391.59 390.71 387.97 386.15 382.74 379.99 377.02 373.52 368.14 366.01 362.31 358.35 353.74 351.55 347.11 344.28 340.53 326.26 314.49 307.97 301.37 297.02 291.64 289.8913 -9999 -9999 -9999 -9999 -9999 -9999 -9999 -9999 -9999 -9999 -9999 -9999 -9999 -9999 -9999 -9999 -9999 -9999 -9999 -9999 -9999 -9999 -9999 -9999 -9999 -9999 -9999 -9999 -9999 -9999 277 278.3023 279.9487 280.9878 281.3243
393.85 392.97 393.18 393.71 392.59 392 392.85 392.7 392.76 393.35 393.3 392.92 391.76 391.84 392.08 389.04 387.01 385.32 381.78 378.86 375.87 371.91 366.29 364.4 361.08 356.11 351.7 349.1 347.37 344.25 340.45 329.3 317.35 309.73 302.35 296.51 292.04 291 -9999 -9999 -9999 -9999 -9999 -9999 -9999 -9999 -9999 -9999 -9999 -9999 -9999 -9999 -9999 -9999 -9999 -9999 -9999 -9999 -9999 -9999 -9999 -9999 -9999 -9999 -9999 -9999 -9999 -9999 -9999 -9999 279.5385 280.1429 -9999
395.15 394.13 394.19 394.25 393.06 392.46 392.86 392.5 392.18 392.33 391.91 391.4 391.1 390.91 389.95 387.8 385.96 383.66 380.96 378.32 374.95 372.11 367.78 361.27 357.22 354 350.77 349.97 346.3 342.51 336.74 325.45 318.14 312.2 306.32 299.6 295.57 295.2353 -9999 -9999 -9999 -9999 -9999 -9999 -9999 -9999 -9999 -9999 -9999 -9999 -9999 -9999 -9999 -9999 -9999 -9999 -9999 -9999 -9999 -9999 -9999 -9999 -9999 -9999 -9999 -9999 -9999 -9999 -9999 -9999 -9999 -9999 -9999
395.64 394.77 394.58 394.4 393.74 393.03 393.18 392.65 392.24 392.37 391.65 390.54 389.89 389.18 388.42 386.41 384.05 382.39 379.89 377.34 374.58 371.45 368.7 365.87 361.13 355.71 351.63 348.34 345.71 342.57 335.78 331.22 326.53 314.8 308.91 303.31 299.69 298.9206 -9999 -9999 -9999 -9999 -9999 -9999 -9999 -9999 -9999 -9999 -9999 -9999 -9999 -9999 -9999 -9999 -9999 -9999 -9999 -9999 -9999 -9999 -9999 -9999 -9999 -9999 -9999 -9999 -9999 -9999 -9999 -9999 -9999 -9999 -9999
396.37 395.55 394.86 394.6 394.17 393.56 393.67 393.01 392.43 392.54 392.19 391.12 389.77 388.52 387.32 385.49 383.3 381.53 379.02 376.34 373.91 371.22 368.15 365.08 362.5 359.5 356.95 351.33 343.68 346.46 343.71 332.79 325.07 319.4 309.41 306.34 303.84 302.8687 303.6667 -9999 -9999 -9999 -9999 -9999 -9999 -9999 -9999 -9999 -9999 -9999 -9999 -9999 -9999 -9999 -9999 -9999 -9999 -9999 -9999 -9999 -9999 -9999 -9999 -9999 -9999 -9999 -9999 -9999 -9999 -9999 -9999 -9999 -9999
396.83 395.46 395.32 395.07 394.5 393.82 394.54 394.1 393.66 393.14 392.78 392.27 390.36 388.45 387.01 384.82 382.98 381.15 378.99 376.23 373.76 371.02 369.11 367.45 365.25 363.78 360.22 355.26 347.06 349.97 344.42 331.52 324.76 319.22 312.18 310.11 310.36 308.46 306.3333 -9999 -9999 -9999 -9999 -9999 -9999 -9999 -9999 -9999 -9999 -9999 -9999 -9999 -9999 -9999 -9999 -9999 -9999 -9999 279.8824 279.7778 279.3333 -9999 -9999 -9999 -9999 -9999 -9999 -9999 -9999 -9999 -9999 -9999 -9999
397.17 396.39 395.5 395.76 395.47 395.23 396.08 395.82 395.1 394.24 393.92 393.49 391.79 389.23 386.34 384.1 382.62 380.68 378.74 376.31 374.7 373.99 372.09 370.73 368.54 366.52 361.93 357 350.3 351.36 346.1 336.65 328.56 321.54 316.21 313.89 316.33 315.12 309.963 310 -9999 -9999 -9999 -9999 -9999 -9999 -9999 -9999 -9999 -9999 -9999 -9999 -9999 -9999 -9999 -9999 282.4583 282.5714 281.07 279.7071 278.3333 -9999 -9999 -9999 -9999 -9999 -9999 -9999 -9999 -9999 -9999 -9999 -9999
396.99 396.73 396.66 396.72 397.18 396.58 395.32 395.95 395.54 394.9 394.1 393.54 392.4 389.72 386.22 383.58 382.03 380.74 378.71 377.4 377.08 376.35 373.61 371.52 368.8 364.83 361.55 357.15 354.55 354.16 347.86 339.39 332.46 325.91 321.85 319.5 320.14 320.14 313.34 312.3214 -9999 -9999 -9999 -9999 -9999 -9999 -9999 -9999 -9999 -9999 -9999 -9999 -9999 -9999 -9999 283.0588 282.2839 281.6 280.1158 278.6429 -9999 -9999 -9999 -9999 -9999 -9999 -9999 -9999 -9999 -9999 -9999 -9999 -9999
396.18 396.86 396.65 396.14 396.46 396.87 395.97 395.28 395.51 394.71 393.57 392.93 392.03 389.71 386.76 383.98 381.58 379.79 378.87 377.83 376.35 374.66 372.97 370.82 367.81 365 361.46 356.68 354.12 352.84 347.17 339.69 336.81 332 325.4 323.17 323.07 322.87 319.65 316.01 315.8657 314.9375 316.3333 -9999 -9999 -9999 -9999 -9999 -9999 -9999 -9999 -9999 -9999 -9999 -9999 283.8947 282.9636 280.1324 279.25 -9999 -9999 -9999 -9999 -9999 -9999 -9999 -9999 -9999 -9999 -9999 -9999 -9999 -9999
396.28 396.76 396.61 395.4 394.98 396.1 395.68 394.88 394.93 394.33 393.22 392.06 390.84 389.69 387.73 385.76 383.79 381 379.75 378.05 376.49 374.63 372.96 370.87 368 364.43 362.03 359.68 356.32 351.69 344.98 343.7 340.73 335.48 335.08 331.86 326.5 328.57 325.59 322.06 318.87 316.84 316.2887 313.3333 -9999 -9999 -9999 -9999 -9999 -9999 -9999 -9999 -9999 -9999 -9999 -9999 -9999 -9999 278 -9999 -9999 -9999 -9999 -9999 -9999 -9999 -9999 -9999 -9999 -9999 -9999 -9999 -9999
395.95 395.53 395.62 394.95 394.21 394.49 394.98 394.52 393.6 392.3 391.66 391.4 390.65 390.04 389.22 387.73 385.35 382.44 379.52 378.39 376.24 373.96 371.78 369.37 368.34 364.09 360.75 358.55 355.59 349.28 347.04 345.5 343.41 342.63 340.1 333.98 330.81 332.89 327.96 325.31 321.53 317.01 315.6867 313.619 -9999 -9999 -9999 -9999 -9999 -9999 -9999 -9999 -9999 -9999 -9999 -9999 -9999 278.3103 277.9796 278.4 -9999 -9999 -9999 -9999 -9999 -9999 -9999 -9999 -9999 -9999 -9999 -9999 -9999
395.29 395.63 395.54 395.19 394.19 393.25 393.93 392.62 391.59 388.3 390.34 391.97 391.91 389.2 388.03 386.24 384.17 381.27 378.45 375.95 373.92 372.09 370.02 367.8 366.32 364.5 361.39 357.67 354.54 349.43 345.94 345.63 345.35 341.78 342.24 338.51 335.72 332.16 329.16 320.58 319.3684 315.5789 313 -9999 -9999 -9999 -9999 -9999 -9999 -9999 -9999 -9999 -9999 -9999 -9999 -9999 -9999 278.875 -9999 278.2308 -9999 -9999 -9999 -9999 -9999 -9999 -9999 -9999 -9999 -9999 -9999 -9999 -9999
394.15 394.41 393.86 393.14 392.11 393.23 391.2 388.53 388.17 389.57 392.34 392.19 391.71 388.7 385.61 383.32 380.04 376.67 374.65 373.24 370.55 367.93 366.65 366.43 364.77 363.58 361.48 357.16 354.15 352.2 347.11 344.87 346.31 340.68 337.8 332.02 332.12 323.41 319.9778 317.9841 317.6154 -9999 -9999 -9999 -9999 -9999 -9999 -9999 -9999 -9999 -9999 -9999 -9999 -9999 -9999 -9999 -9999 -9999 -9999 -9999 -9999 -9999 -9999 -9999 -9999 -9999 -9999 -9999 -9999 -9999 -9999 -9999 -9999
