layers/wordclim/past/Iberia_lig_10_ascii/bio_08.asc
ncols         166
nrows         94
xllcorner     -9.4959440078468
yllcorner     36.000324005443
cellsize      0.083333337679505
NODATA_value  -9999
[rows 0 to 33 of 94, columns 0 to 75 of 166]
-9999 -9999 -9999 -9999 -9999 -9999 -9999 -9999 -9999 -9999 -9999 -9999 -9999 -9999 -9999 -9999 -9999 -9999 -9999 103.6667 -9999 106.5 111 -9999 -9999 -9999 -9999 -9999 -9999 -9999 -9999 -9999 -9999 -9999 -9999 -9999 -9999 -9999 -9999 -9999 -9999 -9999 -9999 -9999 -9999 -9999 -9999 -9999 -9999 -9999 -9999 -9999 -9999 -9999 -9999 -9999 -9999 -9999 -9999 -9999 -9999 -9999 -9999 -9999 -9999 -9999 -9999 -9999 -9999 -9999 -9999 -9999 -9999 -9999 -9999 -9999
-9999 -9999 -9999 -9999 -9999 -9999 -9999 -9999 -9999 -9999 -9999 -9999 -9999 -9999 -9999 -9999 -9999 105.4146 93.86111 106.6418 104.8182 102.0455 104.2464 103.303 106.4151 107.3125 -9999 -9999 -9999 -9999 -9999 -9999 -9999 -9999 -9999 -9999 -9999 -9999 -9999 -9999 -9999 -9999 -9999 -9999 -9999 -9999 -9999 -9999 -9999 -9999 -9999 -9999 -9999 -9999 -9999 -9999 -9999 -9999 -9999 -9999 -9999 -9999 -9999 -9999 -9999 -9999 -9999 -9999 -9999 -9999 -9999 -9999 -9999 -9999 -9999 -9999
-9999 -9999 -9999 -9999 -9999 -9999 -9999 -9999 -9999 -9999 -9999 -9999 -9999 -9999 -9999 113.6667 108.3485 105.1579 99.56 103.53 94.88 91.82 99.89899 90.77 91.66 98.60825 105.0833 -9999 -9999 -9999 -9999 -9999 -9999 -9999 -9999 -9999 -9999 -9999 -9999 104.6667 -9999 106 105.4444 103.625 104.2115 -9999 -9999 -9999 -9999 -9999 -9999 -9999 -9999 -9999 -9999 -9999 -9999 -9999 -9999 -9999 -9999 -9999 -9999 -9999 -9999 -9999 -9999 -9999 -9999 -9999 -9999 -9999 -9999 -9999 -9999 -9999
-9999 -9999 -9999 -9999 -9999 -9999 -9999 -9999 -9999 -9999 -9999 -9999 -9999 -9999 107.9074 111.2842 107.9495 104.51 99.39 91.15 84.96 85.44 88.37 79.98 95.41 101.02 100.8737 99.22785 98.92958 103.3273 101.5 100.7262 97.5 101.8961 94.70886 98.62122 97.23288 92.94444 91.02273 94.24742 96.41026 98.58334 100.9495 101.7 100.46 103.8961 103.2787 98.91666 97.94915 102.5435 100.3448 -9999 -9999 -9999 -9999 -9999 -9999 -9999 -9999 -9999 -9999 -9999 -9999 -9999 -9999 -9999 -9999 -9999 -9999 -9999 102 99 -9999 -9999 -9999 -9999
-9999 -9999 -9999 -9999 -9999 -9999 -9999 -9999 -9999 -9999 -9999 -9999 -9999 -9999 107.4906 112.6232 102.6263 93.02 88.31 91.44 84.85 76.82 72.07 70.62 80.37 91.97 97.25 89.46 97.76 97.08081 87.24 82.76 81.17 90.23 74.89 83.64 88.23 83.18 74.56 88.34 96.06061 90.5 89.82 95.11 97.17 96.37 90.04 88.28 96.99 94.36 92.43 89.53846 97.74359 99.74577 99.12 102.5714 104.8947 -9999 -9999 -9999 -9999 -9999 -9999 -9999 104.4286 103.7667 102.9556 103.9726 104.2927 102.4603 98.89584 100.5862 99.08696 -9999 -9999 -9999
-9999 -9999 -9999 -9999 -9999 -9999 -9999 98 -9999 -9999 -9999 -9999 96.33334 98.64516 107.7463 110.4167 101.72 90.58 87.96 84.89 86.28 83.26 81.52 74.78 77.43 79.08 83.15 89.43 87.71 75.22 64.73 71.29 79.25 74.24 68.46 80.05 71.07 64.55 77.45 87.2 89.6 95.18 96.1 91.45 93.54 92.22 89.17 88.87 88.91 89.53 89.85 96.64 96.85 87.92 86.85 84.12 76.9 86.73404 93.22222 99.71233 101.3766 102.641 100.5139 97.59036 99.18367 102.85 100.85 100.72 97.86459 99.86 93.91 94.29 96.91666 91.74 90.79775 95.59259
-9999 -9999 -9999 -9999 -9999 -9999 98.92593 100.4 97.93243 94.25 94.78378 93.57832 92.61 95.82829 103.75 109.3077 99.33 91.43 77.93 84.44 86.14 86.21 85.08 85.95 81.85 81.5 79.8 86.11 71.1 65.94 67.2 79.36 72.81 57.85 58.72 71.44 77.1 76.1 68.98 75.28 72.86 74.06 80.22 87.03 86.5 85.94 81.5 72.27 70.33 77.32 67.78 76.21 82.65 69.9 60.3 64.72 73.93 67.82 81.97 79.74 88.64 85.88 88.63 90.83 87.67 93.26 93.27 92.2 83.01 75.53 78.12 80.76 88.13 81.27 80.07 79.64
-9999 -9999 -9999 102.5 101.6786 100.4474 96.64384 96.76 95.77 95.66 90.9 81.2 82.65 85.02 91.28 94.67 81.87 78.73 75.71 85.09 84.41 87.27 86.18 86.98 85.57 81.59 75.64 77.91 71.39 66.69 72.39 77.56 61.08 51.51 64.08 70.09 67.74 53.13 57.35 53.61 52.42 67.21 44.22 65.53 80.52 68.87 64.74 69.07 65.14 62.63 44.56 57.09 60.46 42.57 10.68 29.18 20.04 26.18 66.11 56.77 65.97 73.89 77.42 70.61 77.36 84.65 79.06 78.2 76.92 57.86 43.81 62.76 75.96 77.27 74.27 80.44
-9999 -9999 -9999 105 101.5376 95.33 94.28 88.55 84.96 84.75 80.01 80.29 81.31 78.91 79.83 75.36 70.66 69.76 70.39 83.14 84.1 84.14 86.94 85.75 82.98 77.64 70.83 74.59 61.17 65.07 61.61 69.53 59.14 51.45 59.53 62.13 48.62 36.05 49.87 38.26 45.32 39.53 53.78 54.13 65.46 54.91 55.51 54.7 41.65 35.23 41.53 35.8 29.75 42.01 24.28 16.48 26.64 56.23 69.73 62.08 34.47 49.18 55.74 56.73 58.46 73.86 60.33 69.62 64.07 41.6 35.75 43.34 50.07 61.54 77.95 76.95
-9999 -9999 101.6154 101.1753 97.04 89.03 88.07 85.26 83.61 81.06 81.69 81.28 83.58 81.76 79.47 77.46 73.57 68.31 60.51 73.85 83.76 82.53 84.05 82.39 77.9 74.63 67.36 64.14 69.2 66.59 73 69.46 52.88 43.25 54.15 40.31 39.91 19.36 17.44 20.79 9.98 20.4 13.7 40.98 51.35 22.98 20.29 27.19 18.89 15.21 28.12 20.37 30.31 35.24 23.05 24.01 10.28 15.39 28.15 40.29 33.23 15.51 27.2 44.47 49.06 52.11 50.69 52.7 49.59 50.13 56.24 57.46 57.67 56.74 59.77 55.25
-9999 -9999 104.5 101.7882 92.06061 88.4 86.41 85.69 85.7 84.09 84.01 84.21 83.25 80.96 78.41 75.95 77.78 72.1 71.03 69.3 80.99 78.27 78.67 82.74 82.34 78.67 68.25 66.94 63.91 72.33 68.53 56.55 53.96 43.05 39.02 31.25 22.97 30.08 29.23 27.9 22.55 28.11 25.84 20.11 26.23 28.38 23.92 28.98 21.03 27.17 38.87 31.15 31.32 34.51 37.44 26.77 11.87 9.49 16.18 30.31 37.56 15.11 24.38 45.34 49.69 50.99 51.81 50.84 50.99 52.53 58.21 64.9 61.87 57.07 56.08 54.85
-9999 -9999 106.625 -9999 97.77586 87.09 87.43 89.53 86.24 89.96 91.52 84.26 80.21 82.51 80.41 79.22 92.49 91.96 85.88 81.93 77.12 80.25 81.79 83.33 83.54 78.48 71.92 62.98 68.68 67.6 54.69 39.86 28.75 28.13 36.61 33.46 34.34 28.13 16.32 21.22 16.13 15.58 25.25 34.06 21.27 32.03 34.14 36.47 29.52 39.03 41.24 32.93 39.21 32.42 38.21 26.7 25.93 25.93 27.66 40.85 45.8 45.33 45.02 48.29 47.71 49.97 46.26 53.2 51.45 55.83 51.63 55.51 61.56 56.32 52.31 49.07
-9999 -9999 -9999 -9999 100.15 97.1875 97.72727 98.13187 81.77 88.57 90.95 90.5 85.83 85.82 83.51 74.59 80.72 74.29 68.01 79.14 71.6 77.12 82.8 75.65 74.86 79.55 62.72 58.29 59.85 55.9 49.19 25.81 37.94 44.71 52.11 48.18 34.01 20.4 19.14 20.2 27.91 34.12 39.07 39.98 41.33 36.75 44.93 46.46 43.01 47 46.01 44.81 46.26 42.62 46.76 39.98 36.43 44.06 44.33 43.13 46.8 48.97 52.54 51.99 47.81 52.8 52.36 46.01 49.99 47.2 41.88 50.22 51.08 60.46 61.43 58.84
-9999 -9999 -9999 -9999 105 98.29412 85.01087 92.9 89.26 94.32 89.49 84.74 84.81 73.85 74.22 71.37 65.21 65.8 57.58 52.83 72.06 82.73 69.18 65.96 72.83 69.95 51.06 31.46 25.46 39.04 49.1 41.8 52.36 58.76 55.94 55.67 46.37 42.25 42.04 38.43 33.18 33.99 39.45 43.92 45.6 43.56 49.28 50.84 48.11 53.14 47.78 51.77 49.93 50.87 48.18 45.18 45.75 46.74 49.76 47.62 52.55 51.49 53.05 47.54 45.98 46.05 46.63 45.96 47.48 43.37 38.17 44.09 58.08 48.73 50.21 44.11
-9999 -9999 -9999 -9999 -9999 101.7119 92.65958 100.175 98 90.01 89.4 80.2 73.11 65.52 58.25 67.42 64.54 57.74 53.74 51.64 74.52 81.36 76.6 75.94 82.45 67.54 40.42 43.43 35.67 23.38 46.49 55.5 61.9 66.75 65.45 61.32 59.81 56.53 48.88 39.96 43.29 46.6 45.97 48.66 48.63 47.72 53.5 54.5 54.78 55.12 53.22 55.76 50.87 55.17 50.44 48.46 50.32 50.08 54.32 52.34 54.42 57.21 55.19 49.81 48.75 45.78 45.04 43.21 41.84 39.23 40.88 48.56 57.48 57.64 55.91 54.06
-9999 -9999 -9999 -9999 -9999 103.6857 103 102.5 98.31326 95.17 87.88 79.77 72.13 66.49 58.47 58.32 59.63 54.05 50.1 53.89 61.63 76.93 79.29 85.64 83.8 76.37 55.04 50.69 31.58 30.29 44.74 62.66 68.77 71.43 67.05 60.63 46.51 37.48 34.47 36.51 44.79 48.96 49.12 52.57 51.88 51.71 54.79 57.3 58.33 57.35 57 53.98 53.86 57.86 53.92 52.09 55.01 53.78 55.13 56.62 55.56 58.17 58.36 56.8 55.02 52.87 48.77 42.17 41.95 41.12 45.2 47.17 43.32 45.54 48.74 49.09
-9999 -9999 -9999 -9999 -9999 104 101 100.5833 95.70652 86.46067 91.12 81.36 68.73 55.93 59.27 64.73 70.16 79.34 76.56 75.37 71.11 70.32 80.65 80.86 66.72 63.83 64.79 64.37 38.31 48.2 56.71 64.8 66.41 53.68 39.41 40.57 29.8 26.37 36.73 43.9 48.83 51.92 51.09 54.5 53.97 54 55.56 59.06 59.17 57.85 56.19 55.12 56.36 59.55 56.81 54.53 57.28 59.47 59.66 59.92 60.75 60.49 59.11 58.68 56.95 54.62 48.07 44.24 44 43.46 41.75 39.96 40.28 43.02 42.78 47.57
-9999 -9999 -9999 -9999 -9999 -9999 103.3333 99.33334 98.48276 89.02941 89 82.39 74.48 56.61 56.96 73.67 93.62 89.05 89.99 89.15 85.81 53.01 48.99 55 54.52 36.87 34.97 60.59 69.93 40.84 35.7 50.85 31.14 31.07 38.8 17.56 16.31 24.29 37.23 42.15 46.53 51.25 54.56 55.63 55.24 55.07 55.95 59.17 57.7 57.03 57.45 56.91 59.16 60.85 59.1 57.75 59.3 61.72 62.28 62.95 62.59 62.87 62.24 60.93 58.27 52.94 48.54 46.83 45.84 44.47 41.08 38.5 37.45 32.39 34.66 39.55
-9999 -9999 -9999 -9999 -9999 -9999 -9999 98.84615 95.8718 87.43939 90.43056 80.67 72.3 64.08 52.51 70.49 94.34 91.75 79.23 88.58 84.49 52.18 47.44 35.9 30.55 28.32 19.62 40.28 41.82 28.82 14.13 9.08 6.37 10.83 28.84 37.77 31.1 21.24 29.58 41.24 48.93 51.78 54.47 56.16 56.02 56.04 56.63 59.26 55.82 54.84 57.77 59.16 60.99 61.45 60.92 61.01 61.33 62.55 64.77 65.13 65.34 63.97 63.08 60.67 56.5 49.89 49.96 49.9 46.58 42.76 38.91 37.31 34.24 28.99 23.14 22.4
-9999 -9999 -9999 -9999 -9999 -9999 -9999 103 96.47059 92.02198 88.15 85.78 84.52 68.88 64.41 78.39 86.94 82.18 81.09 64.65 57.24 51.55 50.9 34.57 21.78 15.37 8 21.16 34.53 22.11 13.13 -0.47 -12.5 -9.04 7 14.75 21.56 30.77 34.7 42.85 47.67 50.6 51.82 55.14 56.75 56.81 57.34 58.86 55.88 56.79 58.8 60.37 61.44 60.84 61.7 62.71 64.21 63.97 65.69 67.41 67.11 64.28 62.87 58.9 54.15 55.23 53.56 49.81 46.69 43.29 39.95 36.69 29.63 19.19 15.08 7.36
-9999 -9999 -9999 -9999 -9999 -9999 -9999 95.24242 96.27473 82.25 93.35 89.43 87.82 73.96 97.27 79.5 65.25 50.13 51.88 49.75 48.2 50.99 47.35 41.07 30.21 20.34 21.38 28.47 31.15 17.84 7.53 -3.52 -3.23 12.61 37.28 37.59 37.12 40.61 45.2 49.61 50.09 52.36 53.75 53.97 57.39 56.53 58.01 57.77 57.81 58.95 59.15 60.44 59.96 59.72 62.48 63.78 65.84 67.75 67.27 69.9 64.7 60.24 60.21 57.9 59.42 54.56 53.51 50.52 46.68 42.53 38.06 33.59 35.33 33.35 27.58 25.15
-9999 -9999 -9999 -9999 -9999 -9999 -9999 83.65079 82.45 90.14 92.61 90.42 83.44 81.48 60.22 42.8 33.18 39.08 45.19 49.32 50.35 49.81 48.69 41.6 49.08 34.81 31.13 32.51 26.01 19.02 11.82 5.53 3.04 20.22 36.15 45.07 45.96 46.81 49.27 51.37 53.24 54.62 55.54 55.34 56.07 57.34 58.66 57.97 58.1 57.6 59.91 59.58 59.12 60.62 61.98 63.61 65.78 68.24 69.03 70.33 64.71 64.32 64.35 60.13 55.87 53.03 52.35 50.36 48 45.42 41.95 38.63 34.66 36.75 35.85 28.17
-9999 -9999 -9999 -9999 -9999 -9999 -9999 87.68333 94.45 91.71 87.14 68.43 72.82 63.91 38.76 48.24 50.89 54.51 49.92 40.63 37.4 41.16 42.17 46.15 56.31 44.53 37.97 39.79 33.57 27.88 26.43 21.73 12.09 26.39 27.73 45.95 44.68 48.52 49.62 50.66 51.37 53.64 55.23 56.34 57.45 58.4 58.35 57.68 57.85 58.7 59.47 58.81 57.87 60.54 61.46 62.59 63.45 62.96 61.34 66.64 68.22 64.51 60.87 56.99 52.41 49.19 49.3 47.43 44.46 42.2 40.15 34.99 32.15 28.27 35.68 32.69
-9999 -9999 -9999 -9999 -9999 -9999 -9999 94.48485 91.39773 81.16 81.74 67.03 78.63 74.04 64.51 62.03 59.74 44.82 32.55 32.18 32.75 31.92 45.15 46.96 57.12 47.45 37.09 41.74 40.35 32.11 31.12 30.98 28.96 35.67 31.47 47.33 50.9 48.25 45.7 44.1 46.02 48.36 53.14 54.22 56.17 57.31 57.99 58.36 59.28 59.58 59.13 58.55 58.52 58.69 57.13 56.49 56.82 58 60.61 66.37 63.46 60.3 57.59 53.92 50.52 48.46 46.91 46.49 44.28 42.65 41.48 38.43 35.48 33.08 30.86 31.29
-9999 -9999 -9999 -9999 -9999 -9999 -9999 92.46512 85.8 77.54 90.13 82.93 83.32 77.1 66.91 48.48 39.67 30.61 42.74 36.8 38.19 37.34 41 48.33 59.03 49.23 38.12 45.18 43.6 42.62 35.11 27.67 34.13 40.17 32.07 49.47 54.99 50.03 51.13 51.99 49.15 48.62 52.49 56.58 56.71 56.24 57.98 58.07 57.4 56.4 58.4 58.2 55.71 53.14 53.14 53.55 54.74 58.34 63.01 62.3 59.33 58.46 55.96 53.93 51.69 49.84 49.89 48.33 46.2 45.78 44.2 43 40.93 39.63 37.32 33.39
-9999 -9999 -9999 -9999 -9999 -9999 -9999 91.28 91.25555 90.94898 85.1 80.51 74.24 76.52 68.95 61.48 57.31 57.7 47.44 39.14 37.67 43.51 50.95 56.72 53.28 42.07 46.6 51.51 53 44.23 34.08 23.33 34.11 34.3 36.37 50.58 53.04 50.19 50.52 52.12 53.5 52.44 52.79 54.84 56.2 56.9 57.55 58.19 57.28 56.53 55.8 53.39 52.22 52.44 52.05 51.96 54.21 59.61 58.11 57.8 57.46 56.86 54.27 52.2 50.71 48.97 52.66 52.6 50.58 47.96 47.14 45.18 43.33 41.36 39.4 38.1
-9999 -9999 -9999 -9999 -9999 -9999 -9999 -9999 93.07895 88.19 85.8 85.52 88.11 84.38 79.6 68.17 62.58 45.72 42.27 44.93 51.32 51.56 56.08 57.7 40.4 49.08 54.81 59.47 58.85 48.46 36.9 32.28 31.8 37.52 38.95 46.34 56.68 54.5 51.94 52.61 51.94 52.97 54.54 55.23 55.39 57.1 57.39 55.01 54.84 54.23 54.24 54.97 54.15 52.96 51.47 51.4 55.95 58.24 56.71 57.66 56.94 55.31 54.58 55.37 55.18 50.94 52.08 48.35 48.03 47.18 46.75 44.47 42.98 41.92 41.46 40.86
-9999 -9999 -9999 -9999 -9999 -9999 -9999 -9999 91.8913 88.92 89.88 87.6 85.66 76.08 77.08 73.83 60.07 58.78 59.49 57.45 60.53 46.37 47.2 38.54 42.64 54.83 61.78 63.65 58.17 49.02 42.9 42.63 41.27 45.88 43.78 44.25 57.39 54.33 55.25 55.21 54.91 52.3 53.77 54.8 55.77 58.52 58.54 56.19 55.81 56.05 56.32 56.19 56.3 54.33 54.75 56.8 57.44 57.76 58.02 52.84 52.72 51.23 49.72 49.8 50.42 49.29 45.76 43.24 43.69 42.53 38.53 38.56 36.14 39.41 41.1 41.33
-9999 -9999 -9999 -9999 -9999 -9999 -9999 -9999 94.25 91.62 87.78 86.46 81.05 81.65 77.91 72.16 63.89 61.48 72.71 59.5 44.07 40.74 40.63 45.21 50.67 50.9 52.04 62.46 57.12 44.04 33.93 46.16 48.94 48.63 45.56 43.38 54.74 56.16 58.35 54.65 53.26 54.89 54.12 55.38 56.53 56.97 56.95 55.11 55.84 57.03 57.55 56.63 56.81 56.88 55.76 54.62 55.5 56.57 55.17 51.42 49.97 49.37 48.93 47.89 47.56 46.95 45.4 39.08 32.5 30.94 32.4 38.93 38.04 35.51 36.72 34.83
-9999 -9999 -9999 -9999 -9999 -9999 -9999 -9999 94.27778 92.22222 90.07 88.1 85.86 81.95 76.42 74.92 64.9 66.23 72.03 56.2 32.64 48.18 45.41 46.19 53.57 61.57 61.9 59.44 53.57 55.14 47.08 50.97 48.45 38.89 34.27 34.84 49.3 61.32 56.96 53.26 52.02 51.85 52.44 52.87 53.44 52.65 52.02 53.01 52.84 52.99 53.53 54.28 53.92 53.76 52.4 52.31 53.77 54.98 52.98 52.87 54.14 52.39 51.2 50.13 48.35 46.65 46.68 40.21 33.49 35.91 37.48 37.54 35.95 34.36 30.61 27.71
-9999 -9999 -9999 -9999 -9999 -9999 -9999 -9999 -9999 92.35443 88.05 86.01 79.5 73.85 75.03 76.79 74.25 76.76 58.04 46.16 57.73 59.4 49.82 57.85 49.48 59.84 49.68 48.66 60.22 59.43 54.17 55.69 46.32 37.5 37.87 42.06 60.77 60.08 56.52 54.43 52.41 51.13 49.78 48.89 48.51 47.66 48.34 49.24 51.4 53.7 51.03 52.29 52.96 53.38 54.04 54.22 53.44 53.21 53 53.04 52.95 52.36 50.49 48.6 46.68 45.86 44.08 42.13 37.53 39.63 37.33 31.27 23.88 19.35 19.29 18
-9999 -9999 -9999 -9999 -9999 -9999 -9999 -9999 -9999 92.60378 89.7 86.39 83.21 78.62 78.91 75.94 79.15 61.41 53.78 51.92 70.36 63.32 59.45 66.72 63.21 57.79 45.84 45.92 63.73 57.93 50.31 50.8 43.28 42.5 40.54 40.63 39.45 55.24 56.07 55.57 54.52 51.63 49.47 46.46 46.78 47.92 47.27 46.31 47.93 50.22 51.31 51.76 52.31 52.26 52.94 52.84 51.68 51.69 50.2 51.54 51.2 50.06 48.81 47.28 45.68 44.46 42.94 40.36 36.43 34.93 34 22.91 5.49 4.92 10.75 15.26
-9999 -9999 -9999 -9999 -9999 -9999 -9999 -9999 -9999 93 90.13979 89.33 86.27 81.44 78.11 79.03 74.2 69.28 69.18 64.11 70.02 64.34 62.86 62.89 58.7 59.99 60.52 60.14 66.22 53.3 49.39 51.73 49.84 44.29 37.79 36.87 35.7 53.15 53.85 53.46 54.03 54.23 51.91 51.24 50.7 49.88 49.03 47.72 47.97 49.46 50.88 50.57 50.66 50.56 51.07 51.16 49.64 50.13 47.72 49.09 49.24 47.24 46.03 46.28 44.63 40.42 36.13 34.46 32.17 26.54 15.29 5.79 7.92 18.25 13.18 21.62
-9999 -9999 -9999 -9999 -9999 -9999 -9999 -9999 -9999 -9999 91.11905 86.26 87.67 84.53 81.3 73.45 57.35 59.07 43.7 45.43 56.44 50.33 52.27 49.14 45.98 47.28 53.13 53.88 63.71 60.14 59.01 56.26 54.7 44.57 39.25 37.86 35.3 51.89 53.93 52.85 52.66 52.21 52.3 52.29 51.77 50.94 49.61 48.29 47.12 47.61 48.8 49.06 48.84 48.65 49.36 48.48 47.3 48.42 46.23 46.34 46.13 44.24 45.6 43.38 39.89 35.67 30.16 14.91 12.94 12.71 28.95 28.61 14.92 23.1 31.42 29.06
