layers/wordclim/past/Iberia_lig_10_ascii/bio_19.asc
ncols         166
nrows         94
xllcorner     -9.4959440078468
yllcorner     36.000324005443
cellsize      0.083333337679505
NODATA_value  -9999
[rows 32 to 63 of 94, columns 73 to 145 of 166]
178.94 185.46 172.7 174.03 166.83 161.17 157.44 150.54 148.92 156.29 156.54 155.6 155.23 153.88 153.28 150.36 142.52 135.38 130.66 124.36 123.56 122.48 117.33 105.68 106.87 106.93 110.05 108.57 103.58 100.26 97.32 98.37 102.06 96.39 92.67 94.61 95.81 97.28 99 102.54 102.36 106.32 111.25 112.39 119.01 125.82 133.59 126.67 121.32 124.98 141.07 153.63 138.53 131.85 134.1 140.716 146.4906 143.675 141.1667 -9999 -9999 -9999 -9999 -9999 -9999 -9999 -9999 -9999 -9999 -9999 -9999 -9999 -9999
173.21 162.01 163.63 166.16 152.21 149.72 149.34 146.93 150.97 153.54 155.95 156.3 154.18 157.34 158.95 154.48 144.92 146.48 139.7 132.14 124.31 120.9 119.97 117.69 102.26 107.53 112.46 123.81 114.21 103.05 99.59 98.23 98.58 97.82 98.53 100.46 100.41 101.19 102.04 104.24 109.3 115.74 118.11 121.59 127.26 130.49 135.29 131.66 123.1 145.64 156.63 149.74 130.4366 128.2593 134.0588 138.3333 -9999 -9999 -9999 -9999 -9999 -9999 -9999 -9999 -9999 -9999 -9999 -9999 -9999 -9999 -9999 -9999 -9999
166.03 155.92 154 151.58 147.8 142.83 144.8 145.91 150.62 155.06 154.21 152.04 151.97 150.68 152.44 153.96 152.12 145.52 137.23 130.13 125.73 121.64 113.11 110.19 107.27 99.2 108.64 122.39 123.74 113.27 107.11 102.04 97.15 99.75 102.83 106.37 105.42 105.09 105.28 109.14 117.05 121.42 123.33 129.81 132.3 138.65 130.79 138.34 146 151.11 150.53 144.64 128 -9999 -9999 -9999 -9999 -9999 -9999 -9999 -9999 -9999 -9999 -9999 -9999 -9999 -9999 -9999 -9999 -9999 -9999 -9999 -9999
153.39 153.21 148.66 143.4 143.73 147.13 151.98 153.15 151.28 151.45 152.1 152.38 152.52 145.08 147.92 146.25 149.76 138.05 136.05 135.77 130.46 124.62 116.03 111.23 102.62 97.8 106.45 110.78 115.89 108.54 110 107.45 105.41 106.17 111.33 110.41 111.09 110.3 109.87 119.9 126.72 127.02 129.22 135.61 145.09 146.5 129.96 135.68 156.51 144.3535 134.4565 -9999 -9999 -9999 -9999 -9999 -9999 -9999 -9999 -9999 -9999 -9999 -9999 -9999 -9999 -9999 -9999 -9999 -9999 -9999 -9999 -9999 -9999
157.85 153.07 146.05 139.04 142.8 150.84 151.91 151.71 146.64 146.52 153.47 152.19 147.26 147.33 147.43 143.91 142.91 141.01 138.26 133.22 134.8 131.8 122.23 109.11 101.79 103.45 119.62 121.36 117.98 118.1 120.8 119.1 122 125.52 122.42 121.42 118.85 112.63 118.93 122.19 131.79 132.22 141.24 150.17 162.32 147.76 121 118.27 138.95 133.6338 134.8125 -9999 -9999 -9999 -9999 -9999 -9999 -9999 -9999 -9999 -9999 -9999 -9999 -9999 -9999 -9999 -9999 -9999 -9999 -9999 -9999 -9999 -9999
156.52 153.92 143.22 142.57 153.59 151.16 151.03 155.34 144.69 139.17 139.81 142.67 149.2 159.2 160.29 158.9 150.53 148.62 148.83 143.36 143.66 135.53 132.57 114.7 103.25 109.15 124.79 118.01 117.77 122.44 127.52 127.76 123.09 127.12 124.94 123.62 118.63 120.63 124.17 132.7 143.1 147.13 157.72 153.25 152.28 142.14 132.73 120.22 126.5979 134.5806 136.1163 137.3913 -9999 -9999 -9999 -9999 -9999 -9999 -9999 -9999 -9999 -9999 -9999 -9999 -9999 -9999 -9999 -9999 -9999 -9999 -9999 -9999 -9999
157.56 153.23 142.58 149.74 151.5 149.09 154.83 155.84 143.46 146.35 151.15 155.94 154.35 156.49 159.88 160.8 159.58 156.23 153.44 153.56 158.57 144.01 140.83 127.54 110.41 101.98 118.35 115.72 111.29 114.97 127.34 127.94 132.79 137.16 136.62 142.41 130.24 127.5 127.64 135.26 145.17 146.3 146.06 142.63 139.46 140.22 141.92 146.8723 134.3846 135.8684 137 -9999 -9999 -9999 -9999 -9999 -9999 -9999 -9999 -9999 -9999 -9999 -9999 -9999 -9999 -9999 -9999 -9999 -9999 -9999 -9999 -9999 -9999
160.13 152.69 153.76 154.87 148.3 152.93 155.49 151.41 142.96 149.59 149.59 149.64 145.12 145.9 149.94 155.39 158.91 170.06 164.88 166.01 169.23 157.22 145.5 134.76 115.93 101.65 107.22 114.58 106.05 117.98 143.38 131.96 139.21 148.05 152.35 161.42 142.73 137.88 135.17 139.53 146.7 143.46 141.73 137.13 137.73 137.56 138.23 138.5652 137 137.75 -9999 -9999 -9999 -9999 -9999 -9999 -9999 -9999 -9999 -9999 -9999 -9999 -9999 -9999 -9999 -9999 -9999 -9999 -9999 -9999 -9999 -9999 -9999
163.06 161.32 160.23 154.75 153.65 156.2 152.49 145.52 143.18 144.63 140.39 141.69 141.21 148.96 151.69 158.28 162.03 166.23 170.93 167.09 171.01 163.67 148.12 132.23 118.99 105.47 104.68 110.92 105.61 131.42 139.52 143.22 154.03 172.82 171.1 163.94 160.76 146.79 144.86 145.36 145.88 138.65 136.19 137.2 137.69 135.21 134.96 -9999 -9999 -9999 -9999 -9999 -9999 -9999 -9999 -9999 -9999 -9999 -9999 -9999 -9999 -9999 -9999 -9999 -9999 -9999 -9999 -9999 -9999 -9999 -9999 -9999 -9999
166.65 165.15 162.18 155.13 155.37 151.73 143.86 145.76 143.4 151.65 152.86 144.56 149.46 148.7 150.98 152.5 161.74 163.1 167.93 170.83 169.23 156.96 141.57 135.08 129.09 112.22 102.52 97.43 108.7 130.11 132.06 140.67 155.35 179.29 177.71 165.9 155.52 144.06 134.78 138.09 137.38 136.59 134.1 139.38 138.23 136.6145 133 -9999 -9999 -9999 -9999 -9999 -9999 -9999 -9999 -9999 -9999 -9999 -9999 -9999 -9999 -9999 -9999 -9999 -9999 -9999 -9999 -9999 -9999 -9999 -9999 -9999 -9999
167.61 164.65 160.42 158.66 155.02 147.78 149.69 153.73 147.01 148.62 152.63 153.11 156.79 156.44 157.55 158.24 164.58 168.62 168.13 161 171.52 162.33 154.42 146.17 134.1 123.98 109.88 97.67 111.79 126.58 116.36 120.66 140.16 158.7 152.98 155.6 150.46 144.43 133.84 133.39 137.46 139.63 132.92 133.92 139.5854 136.8889 -9999 -9999 -9999 -9999 -9999 -9999 -9999 -9999 -9999 -9999 -9999 -9999 -9999 -9999 -9999 -9999 -9999 -9999 -9999 -9999 -9999 -9999 -9999 -9999 -9999 -9999 -9999
164.21 162.86 161.19 156.57 150.13 149.73 158.94 158.14 153.16 159.63 155.9 155.91 156.96 160.7 165.05 157.34 165.14 163.21 161.72 166.5 162.64 159.22 146.17 154.71 128.79 121.11 107.24 109.37 127.98 126.35 113.9 112.94 120.95 129.27 137.89 133.67 140.66 141.18 129.07 126.39 131.4 133.77 134.41 129.9342 131.1 -9999 -9999 -9999 -9999 -9999 -9999 -9999 -9999 -9999 -9999 -9999 -9999 -9999 -9999 -9999 -9999 -9999 -9999 -9999 -9999 -9999 -9999 -9999 -9999 -9999 -9999 -9999 -9999
166.85 162.99 157.33 151.47 151.33 154.87 160.99 160.84 158.88 161.91 163.01 162.52 166.13 165.02 162.74 161.69 166.01 165.44 164.34 158.07 153.83 146.01 144.79 145.06 128.35 108.75 110.47 126.48 158.65 153.82 128.07 116.26 117.42 119.56 122.09 127.9 129.82 130.69 129.32 126.56 131.54 135.13 131.9318 129 -9999 -9999 -9999 -9999 -9999 -9999 -9999 -9999 -9999 -9999 -9999 -9999 -9999 -9999 -9999 -9999 -9999 -9999 -9999 -9999 -9999 -9999 -9999 -9999 -9999 -9999 -9999 -9999 -9999
160.03 156.86 156.51 158.27 157.71 158.16 160.83 161.35 161.11 162.93 166.2 165.17 169.64 166.43 160.7 163.63 163.21 162.88 154.34 149.88 150.25 140.98 140.26 145.25 130.72 113.46 121.15 140.19 161.45 151.99 133.97 128.09 123.34 127.24 123.78 125.07 125.27 125.53 124.46 126.7 130.27 131.194 132.2857 -9999 -9999 -9999 -9999 -9999 -9999 -9999 -9999 -9999 -9999 -9999 -9999 -9999 -9999 -9999 -9999 -9999 -9999 -9999 -9999 -9999 -9999 -9999 -9999 -9999 -9999 -9999 -9999 -9999 -9999
165.36 162.75 163.48 163.31 161.33 159.73 160.87 162.06 158.9 159.47 162.94 163.26 165 163.4 164.4 164.01 161.85 158.69 148.5 144.47 141.24 141.04 139.71 135.17 126.71 119.92 116.86 122.38 133.03 143.33 154.94 140.93 126.61 125.21 126.51 130.84 130.52 127.56 125.56 125.97 126.7835 128 -9999 -9999 -9999 -9999 -9999 -9999 -9999 -9999 -9999 -9999 -9999 -9999 -9999 -9999 -9999 -9999 -9999 -9999 -9999 -9999 -9999 -9999 -9999 -9999 -9999 -9999 -9999 -9999 -9999 -9999 -9999
163.3 163.21 162.8 161.82 159.79 159.58 161.38 161.19 159.47 159.53 159 161.2 161.03 158.47 163.6 163.84 162.19 158.12 148.97 147.66 138.5 141.1 143.41 134.17 125.82 126.68 123.22 117.08 120.68 127.02 136.92 142.51 130.46 125.99 124.56 127.01 134.11 135.15 130.6 128.7071 129.3171 -9999 -9999 -9999 -9999 -9999 -9999 -9999 -9999 -9999 -9999 -9999 -9999 -9999 -9999 -9999 -9999 -9999 -9999 -9999 -9999 -9999 -9999 -9999 -9999 -9999 -9999 -9999 -9999 -9999 -9999 -9999 -9999
161.66 161.72 160.89 159.05 159.32 158.73 162.06 162.56 161.43 157.63 158.01 160.33 158.38 154.39 156.13 156.61 158.31 156 148.16 144.77 140.02 134.92 131.98 128.47 130.18 129.36 121.69 115.76 117.32 121.22 126.66 126.28 128.56 129.75 131.21 129.99 130.11 133.24 131.5 132.0227 -9999 -9999 -9999 -9999 -9999 -9999 -9999 -9999 -9999 -9999 -9999 -9999 -9999 -9999 -9999 -9999 -9999 -9999 -9999 -9999 -9999 -9999 -9999 -9999 -9999 -9999 -9999 -9999 -9999 -9999 -9999 -9999 184.375
161.69 160.42 159.19 158.4 159.11 158.09 159.74 159.76 160.5 156.78 158.56 160.56 157.32 151.3 150.37 153.69 154.62 151.97 147.72 142.36 136.32 129.84 127.18 129.03 136.08 126.3 124.2 122.01 118.59 116.39 119.09 120.87 121.91 125.01 130.3 136.78 134.96 134.3 134.0395 -9999 -9999 -9999 -9999 -9999 -9999 -9999 -9999 -9999 -9999 -9999 -9999 -9999 -9999 -9999 -9999 -9999 -9999 -9999 -9999 -9999 -9999 -9999 -9999 -9999 -9999 -9999 -9999 -9999 -9999 -9999 160.6667 190.4737 206.6222
162.53 159.58 158.85 159.21 158.03 159.21 161.03 157.19 156.81 158.34 154.71 157.43 154.9 150.63 148.91 147.41 147.66 145.81 143.08 140.89 139.17 132.64 126.29 130.19 130.67 125.09 127.32 133.53 131.47 123.99 120.12 121.31 123.02 125.88 130.17 134.92 137.49 137.0426 136.4667 -9999 -9999 -9999 -9999 -9999 -9999 -9999 -9999 -9999 -9999 -9999 -9999 -9999 -9999 -9999 -9999 -9999 -9999 -9999 -9999 -9999 -9999 -9999 -9999 -9999 -9999 -9999 -9999 -9999 154 173.6667 188.2771 194 165.59
160.42 159.8 158.45 157.61 157.02 156.75 157.31 154.62 154.35 155.49 154.04 151.96 149.35 148.49 150.17 146.57 141.47 140.29 137.91 136.04 133.86 131.32 124.13 126.52 127.23 125.82 124.38 128 129.61 131.22 132.68 127.29 126.25 129.24 133.95 138.22 138.55 139.5 -9999 -9999 -9999 -9999 -9999 -9999 -9999 -9999 -9999 -9999 -9999 -9999 -9999 -9999 -9999 -9999 -9999 -9999 -9999 -9999 -9999 -9999 -9999 -9999 -9999 -9999 -9999 -9999 -9999 -9999 160 158.3488 159.5513 167.439 157.1622
160.56 159.48 159.22 159.98 157.31 155.56 154.98 153.86 152.19 150.28 148.94 149.28 146.7 147.65 147.96 141.52 138.48 137.02 136.08 132.35 130.78 127.1 120.67 123.29 124.28 122.67 121.97 124.8 130.07 132.27 134.02 130.99 130.28 132.69 136.56 140.11 141.78 142.1667 -9999 -9999 -9999 -9999 -9999 -9999 -9999 -9999 -9999 -9999 -9999 -9999 -9999 -9999 -9999 -9999 -9999 -9999 -9999 -9999 -9999 -9999 -9999 -9999 -9999 -9999 -9999 -9999 -9999 -9999 -9999 -9999 154.6923 156.7143 -9999
160.66 158.99 157.94 158.08 156.61 154.8 153.56 152.24 150.8 149.5 147.69 146.31 143.87 142.97 140.85 137.58 136.43 134.81 133.32 130.28 128.19 127.24 123.72 118.16 118.27 119.97 120.99 125.76 128.74 130.63 131.51 130.67 132.57 134.96 139.3 141.65 144.22 147.2941 -9999 -9999 -9999 -9999 -9999 -9999 -9999 -9999 -9999 -9999 -9999 -9999 -9999 -9999 -9999 -9999 -9999 -9999 -9999 -9999 -9999 -9999 -9999 -9999 -9999 -9999 -9999 -9999 -9999 -9999 -9999 -9999 -9999 -9999 -9999
160.86 159.43 158.74 157.59 156.44 155.01 153.02 152.57 151.21 150.16 147.73 146.22 143.63 141.11 138.96 137.07 133.45 131.63 129.77 127.2 126.32 125.64 126.12 126.14 124.51 122.28 122.06 123.96 128.08 132.34 131.29 135.37 138.9 137.39 140.88 143.55 147.23 151.4603 -9999 -9999 -9999 -9999 -9999 -9999 -9999 -9999 -9999 -9999 -9999 -9999 -9999 -9999 -9999 -9999 -9999 -9999 -9999 -9999 -9999 -9999 -9999 -9999 -9999 -9999 -9999 -9999 -9999 -9999 -9999 -9999 -9999 -9999 -9999
163.34 162.83 160.98 158.82 157.29 156.26 154.29 154.09 153.52 151.75 149.48 147.59 143.98 140.83 138.25 135.78 131.2 129.05 126.98 124.93 124.69 124.85 123.86 123.68 126.26 128.64 130.05 128.53 126.24 137.25 139.96 136.42 137.23 139.53 140.18 145.37 151 155.7071 161.2 -9999 -9999 -9999 -9999 -9999 -9999 -9999 -9999 -9999 -9999 -9999 -9999 -9999 -9999 -9999 -9999 -9999 -9999 -9999 -9999 -9999 -9999 -9999 -9999 -9999 -9999 -9999 -9999 -9999 -9999 -9999 -9999 -9999 -9999
164.78 163.96 162.86 161.15 160.06 159.5 158.59 157.89 157.04 154.68 152.75 152.26 147.54 141.83 137.61 134.32 131 128.27 126.12 124.37 123.44 123.41 125.1 127.3 132.03 139.05 137.48 134.99 129.6 142.31 140.13 134.02 135.56 138.07 140.63 146.76 156.7 161.49 164.5667 -9999 -9999 -9999 -9999 -9999 -9999 -9999 -9999 -9999 -9999 -9999 -9999 -9999 -9999 -9999 -9999 -9999 -9999 -9999 160.7647 163.7778 162.6667 -9999 -9999 -9999 -9999 -9999 -9999 -9999 -9999 -9999 -9999 -9999 -9999
166.86 166.74 166.72 165.45 165 165.68 166.88 165.29 163.66 161.76 158.34 157.85 153.53 145.51 138.17 134.04 130.43 127.64 125.68 123.73 124.55 128.99 131.76 137.22 142.72 147.49 141.85 137.67 133.85 144.12 141.68 138.7 137.77 138.14 141.7 148.28 160.2 166.78 170.6049 176.5 -9999 -9999 -9999 -9999 -9999 -9999 -9999 -9999 -9999 -9999 -9999 -9999 -9999 -9999 -9999 -9999 168.5833 169.9881 165.14 165.899 160.9333 -9999 -9999 -9999 -9999 -9999 -9999 -9999 -9999 -9999 -9999 -9999 -9999
170.26 170.8 172.44 171.53 172.26 171.76 168.06 168.36 168.05 167.04 165.33 164.32 158.42 148.65 140.47 135.28 130.86 127.37 125.14 125.55 132.31 137.29 138.3 142.74 142.72 139.44 137.9 137.66 141.39 150.28 145.75 141.58 139.77 139.87 144.4 150.96 161.72 169.72 174.75 182.5179 -9999 -9999 -9999 -9999 -9999 -9999 -9999 -9999 -9999 -9999 -9999 -9999 -9999 -9999 -9999 163.7059 165.2469 166.48 161.9579 161.1786 -9999 -9999 -9999 -9999 -9999 -9999 -9999 -9999 -9999 -9999 -9999 -9999 -9999
173.58 173.47 174.32 173.62 173.03 174.79 173.11 169.51 169.41 167.59 165.93 164.96 161.36 152.19 144.59 137.98 132.81 128.63 128.42 129.58 132.31 135.85 137.88 138.57 138.29 137.77 136.88 136.12 138.91 144.95 143.66 139.99 144.06 144.69 144.63 151.45 162.31 171.07 178.8 187.46 197.5224 212.375 222.3333 -9999 -9999 -9999 -9999 -9999 -9999 -9999 -9999 -9999 -9999 -9999 -9999 171.6842 171.4909 160.6324 157 -9999 -9999 -9999 -9999 -9999 -9999 -9999 -9999 -9999 -9999 -9999 -9999 -9999 -9999
177.71 179.34 178.25 175.22 174.67 176.24 175.36 173.12 171.82 170.4 167.7 165.05 160.44 155.54 150.4 146.52 142.6 136.48 136.32 134.56 135.06 137.55 138.93 138.94 137.79 136.29 139.6 143.36 143.47 140.11 137.28 144.88 148.27 148.44 157.74 162.35 163.33 175.64 182.18 188.02 198.48 209.92 218.1237 218.625 -9999 -9999 -9999 -9999 -9999 -9999 -9999 -9999 -9999 -9999 -9999 -9999 -9999 -9999 165.5 -9999 -9999 -9999 -9999 -9999 -9999 -9999 -9999 -9999 -9999 -9999 -9999 -9999 -9999
183.82 182.72 181.34 178.56 177.14 176.7 176.56 177.15 174.17 168.46 165.76 168.31 170.47 170.52 168.09 164.91 154.66 144.54 138.44 138.61 135.98 135.81 135.49 135.47 140.37 136.7 135.06 137.64 139.44 133.29 139.5 146.4 153.24 162.64 167.17 164.63 167.63 182.56 183.62 188.92 194.37 203.27 211.7831 216.619 -9999 -9999 -9999 -9999 -9999 -9999 -9999 -9999 -9999 -9999 -9999 -9999 -9999 173.2414 172.4286 181.9333 -9999 -9999 -9999 -9999 -9999 -9999 -9999 -9999 -9999 -9999 -9999 -9999 -9999
188.12 188.27 188.65 183.44 180.81 179.06 180.19 174.15 171.26 161.65 168.24 179.58 184.71 172.49 171.6 164.09 152.97 143.67 138.16 133.31 131.95 132.14 131.63 132.58 136.2 139.12 136.55 133.08 134.24 133.13 134.01 144.88 157.59 157.81 171.91 174.9 177.59 180.34 184.5 180.43 188.8684 199.2895 205 -9999 -9999 -9999 -9999 -9999 -9999 -9999 -9999 -9999 -9999 -9999 -9999 -9999 -9999 178.375 -9999 183.1538 -9999 -9999 -9999 -9999 -9999 -9999 -9999 -9999 -9999 -9999 -9999 -9999 -9999
196.13 193.76 191.55 186.57 181.02 182.76 175.64 167.11 165.36 170.39 187.83 190.43 187.97 173.9 160.65 153.91 145.34 137.7 134.56 132.65 129.05 126.14 126.83 130.19 131.27 134.88 136.21 132.33 136.35 140.99 134.18 139.82 159.68 153.02 156.89 153.23 165.61 157.76 164.1222 173.2381 181 -9999 -9999 -9999 -9999 -9999 -9999 -9999 -9999 -9999 -9999 -9999 -9999 -9999 -9999 -9999 -9999 -9999 -9999 -9999 -9999 -9999 -9999 -9999 -9999 -9999 -9999 -9999 -9999 -9999 -9999 -9999 -9999
