layers/wordclim/past/Iberia_lig_10_ascii/bio_13.asc
ncols         166
nrows         94
xllcorner     -9.4959440078468
yllcorner     36.000324005443
cellsize      0.083333337679505
NODATA_value  -9999
[rows 0 to 33 of 94, columns 0 to 74 of 166]
-9999 -9999 -9999 -9999 -9999 -9999 -9999 -9999 -9999 -9999 -9999 -9999 -9999 -9999 -9999 -9999 -9999 -9999 -9999 172.9167 -9999 163.6875 158 -9999 -9999 -9999 -9999 -9999 -9999 -9999 -9999 -9999 -9999 -9999 -9999 -9999 -9999 -9999 -9999 -9999 -9999 -9999 -9999 -9999 -9999 -9999 -9999 -9999 -9999 -9999 -9999 -9999 -9999 -9999 -9999 -9999 -9999 -9999 -9999 -9999 -9999 -9999 -9999 -9999 -9999 -9999 -9999 -9999 -9999 -9999 -9999 -9999 -9999 -9999 -9999
-9999 -9999 -9999 -9999 -9999 -9999 -9999 -9999 -9999 -9999 -9999 -9999 -9999 -9999 -9999 -9999 -9999 175.5122 186.2083 170.194 168.7879 168.7614 164.0145 161.8636 156.8491 153.5625 -9999 -9999 -9999 -9999 -9999 -9999 -9999 -9999 -9999 -9999 -9999 -9999 -9999 -9999 -9999 -9999 -9999 -9999 -9999 -9999 -9999 -9999 -9999 -9999 -9999 -9999 -9999 -9999 -9999 -9999 -9999 -9999 -9999 -9999 -9999 -9999 -9999 -9999 -9999 -9999 -9999 -9999 -9999 -9999 -9999 -9999 -9999 -9999 -9999
-9999 -9999 -9999 -9999 -9999 -9999 -9999 -9999 -9999 -9999 -9999 -9999 -9999 -9999 -9999 170.6 175.3636 176.8737 180.69 173.6 180.22 179.68 167.9495 173.61 169.74 160.5979 152.3333 -9999 -9999 -9999 -9999 -9999 -9999 -9999 -9999 -9999 -9999 -9999 -9999 125.6667 -9999 122 122.1111 123.5625 123.3077 -9999 -9999 -9999 -9999 -9999 -9999 -9999 -9999 -9999 -9999 -9999 -9999 -9999 -9999 -9999 -9999 -9999 -9999 -9999 -9999 -9999 -9999 -9999 -9999 -9999 -9999 -9999 -9999 -9999 -9999
-9999 -9999 -9999 -9999 -9999 -9999 -9999 -9999 -9999 -9999 -9999 -9999 -9999 -9999 178.2593 175.1368 177.0707 179.13 181.94 188.47 191.47 187.18 180.34 184.1 165.83 157.32 154.4947 153.0633 150.1549 143.3636 142.2125 140.6429 140.4079 135.0909 137.2658 132.9394 132.0959 132.6944 131.9773 129.0825 126.7692 124.9524 123.8485 123.7 124.53 121.4026 120.8689 122.7667 122.8305 120.913 122.5172 -9999 -9999 -9999 -9999 -9999 -9999 -9999 -9999 -9999 -9999 -9999 -9999 -9999 -9999 -9999 -9999 -9999 -9999 -9999 174.25 176.3333 -9999 -9999 -9999
-9999 -9999 -9999 -9999 -9999 -9999 -9999 -9999 -9999 -9999 -9999 -9999 -9999 -9999 178.8113 175.8261 186.4848 194.39 195.78 189.43 192.72 196.88 197.26 194.3 179.67 164.92 156.84 160 150.15 147.2727 151.24 151.91 150.36 141.24 148.61 140.13 135.38 136.58 139.3 129.46 124.4242 127.14 128.27 125.82 123.98 123.38 124.91 124.62 121.1 121.89 123.68 125.5513 123.2692 123.1356 125 125.4571 125.3684 -9999 -9999 -9999 -9999 -9999 -9999 -9999 149.4286 152.6667 157.9333 162.1233 166.0488 168 171.6667 172.9081 174.8696 -9999 -9999
-9999 -9999 -9999 -9999 -9999 -9999 -9999 188 -9999 -9999 -9999 -9999 183.3333 178.8065 181.0298 180.9583 189.73 197.97 197.43 198.28 192.21 190.75 187.98 190.12 182.6 176.09 168.16 158.76 156.69 163.52 168.19 159.25 150 150.61 151.54 139.94 143.79 146.09 135.17 127.48 124.97 121.67 121.57 124.97 123.23 122.81 122.88 121.74 121.08 121 121.37 119.89 120.99 124.54 126.36 128.93 132.5 130.7766 130.9259 131.1781 133.0519 135.7821 139.25 143.0361 146.9082 149.77 153.75 157.89 161.4063 163.62 166.67 168.9 169.7381 173.5 175.7191
-9999 -9999 -9999 -9999 -9999 -9999 186.5185 185.1875 189.4189 195.4615 193.6216 193.2892 192.12 185.7879 184.72 184.6813 194.25 201.13 207.11 200.89 193.46 188.21 184.43 178.55 178.22 173.61 170.01 160.53 169.63 170.01 164.7 150.83 152.54 161.11 157.06 143.32 137.02 135.55 138.12 131.53 131.28 129.53 125.96 122.85 122.29 121.2 121.24 124.7 125.71 122.96 126.82 123.8 122.36 127.84 132.88 132.91 129.67 132.81 130.23 132.65 132.23 135.41 137.86 139.58 143.27 146.01 148.75 152.32 155.03 156.21 159.02 161.72 164.25 166.02 168.53
-9999 -9999 -9999 178.5 180.6786 184.6053 191.6301 192.92 195.63 196.49 203.5 217.72 213.59 206.37 196.89 196.96 205.95 207.48 208.26 202.02 196.96 187.59 183.53 177.37 173.9 172.99 173.24 166.31 167.75 167.6 158.72 150.15 159.57 164.28 150.01 142.32 140.64 149.43 143.86 144.16 141.94 130.35 145.49 128.89 119.49 124.08 125.72 122.98 124.67 125.84 135.7 129.44 127.69 137.42 157.72 146.89 151.9 147.62 130.61 134.74 132.62 132.76 134.48 136.99 138.48 140.9 143.3 145.56 148.13 148.77 151.28 153.07 156.35 158.39 160.23
-9999 -9999 -9999 175.5556 181.4516 192.89 197.17 208.84 216.55 218.17 226.09 225.16 221.91 222.63 216.7 218.15 218.94 214.27 211.45 203.61 198.78 192.08 182.69 178.34 175.79 175.88 176.99 168.05 175.52 167.35 166.36 155.38 159.33 161.93 151.5 146.19 153.6 161.69 146.82 153.84 145.26 147.39 134.26 132.39 123.63 129.83 128.01 127.34 134.79 139.57 134.52 137.02 141.29 133.85 143.8 149.16 142.98 128.12 124.64 128.19 139.12 133.96 133.49 134.12 134.68 135.67 137.98 139.07 141.49 144.41 145.36 146.06 146.82 148.78 153.4
-9999 -9999 177.9231 179.9072 188.8 205.44 210.6 218.47 224.03 229.38 229.35 230.02 224.39 224.56 223.49 220.31 219.04 218.4 219.41 210.53 200.03 194.89 185.8 181.1 180.16 177.71 179.56 176.99 166.5 164.23 154.28 153.17 162.77 167.68 153.47 163.01 159.28 175.49 174.21 167.37 174.97 161 165.6 139.53 129.11 150.06 151.26 143.99 148.8 150.81 139.51 144.23 136.42 133.33 140.83 139.51 149.4 147.03 138.06 131.89 135.26 144.8 138.74 131.9 131.13 131.52 133.09 133.36 135.43 136.78 137.02 138.52 140.1 140.74 142.48
-9999 -9999 175.75 180.2471 199.9091 210.15 217.75 222.52 225.89 230.24 231.71 231.71 231.74 232.2 231.08 228.18 221.43 222.41 217.89 214.38 203.94 199.82 192.2 180.4 174.7 172.73 177.5 173.35 170.24 157.39 155.94 162.35 160.56 165.81 165.42 169.24 173.62 161.98 159.37 157.26 159.77 150.89 150.62 153.79 145.76 141.35 144.09 138.36 143.33 137.03 128.06 132.63 131.98 130.16 127.75 133.98 144.33 146.13 140.36 131.71 128.37 140.64 135.28 126.65 125.56 126.12 127.01 127.77 128.81 130.05 130.76 131.96 133.26 133.76 134.55
-9999 -9999 174.25 -9999 194.7759 217.53 221.45 221.37 230.37 225.98 223.5 237.76 243.72 234.18 231.72 227.85 218.83 215.72 213.27 210.5 207.4 197.48 188.03 179.44 172.43 171.81 172.64 175.81 164.95 159.69 166.93 176.55 183.51 179.03 165.48 164.66 159.88 161.91 169.96 161.45 163.77 160.66 148.03 137.53 147.45 135.07 131.68 128.8 133.16 124.67 122.85 128.14 123.21 127.37 123.59 130.28 130.69 130.69 129.22 122.16 120.27 120.68 120.95 120.49 121.03 120.78 122.62 121.83 122.54 123.49 125.2 125.42 126.39 126.95 127.85
-9999 -9999 -9999 -9999 195.5 203.0625 207.5303 211.956 245.32 234.13 230.72 229.99 236.89 231.06 228.81 236.34 228.55 225.55 221.73 211.47 208.8 200.25 186.11 187.01 180.93 169.62 178.91 178.83 171.34 169.78 170.85 187.26 172.2 160.31 147.88 147.5 157.65 167.66 164.67 160.02 148.87 139.69 132.13 129.14 126.28 127.65 119.74 117.89 119.39 115.7 116.13 116.82 115.43 117.61 115.32 118.63 120.67 116.5 116.25 116.84 115.44 114.92 113.51 114.44 116.38 114.9 115.87 117.95 116.91 118.44 120.09 119.29 120.01 120.37 120.07
-9999 -9999 -9999 -9999 191 210.2941 236.6196 226.72 237.28 229.22 239.58 247.84 244.24 254.56 247.82 242.78 239.96 231.22 228.09 222.95 206.83 192.76 195.88 192.26 182.25 177.93 183.52 190.48 188.64 179.83 168.68 171.63 155.61 144.64 142.17 138.33 143.47 143.74 139.59 139.18 141.19 137.57 129.1 122.85 119.59 119.07 113.13 111.39 112.7 108.75 111.65 109.64 110.21 109.43 110.9 112.41 111.67 111.35 110.26 110.55 109.07 109.75 108.92 111.1 112.1 111.39 111.4 112.24 111.62 112.93 115.18 113.85 112.64 114.74 114.39
-9999 -9999 -9999 -9999 -9999 207.5254 227.9362 215.775 224.8611 245.83 248.55 263.16 267.96 267.59 263.54 248.64 241.16 237.75 232.19 225.48 206.18 193.13 191.95 184.33 170.55 176.16 185.32 180.21 181.58 184.6 167.98 156.13 144.94 135.93 131.91 130.97 129.04 128.7 131.51 135.31 129.4 123.83 121.06 116.43 114.5 113.07 107.05 106.13 105.95 105.07 105.68 104.47 106.65 104.04 106.49 107.51 105.94 106.13 104.78 104.96 104.23 103.77 104.06 105.84 106.37 106.99 106.91 107.73 107.66 108.38 108.46 107.27 106.39 107.11 107.32
-9999 -9999 -9999 -9999 -9999 206.8857 209.4737 214.8333 229.3012 240.44 258.23 272.09 274.46 270.08 265.84 256.77 246.2 241.12 235.3 222.23 209.04 192.52 186.71 171.27 167.57 169.38 173.81 173.34 180.82 178.08 166.22 147.67 137.67 130.84 129.33 129.84 139.24 143.94 143.1 136.5 125.74 119.76 116.93 111.46 109.49 107.64 104.19 102.19 101.46 101.51 100.88 102.32 102.45 99.99 101.67 102.68 100.8 101.17 100.81 99.96 100.06 99.41 99.31 99.46 100.09 100.57 100.92 102.93 102.67 102.29 101.39 101.68 102.95 103.18 102.84
-9999 -9999 -9999 -9999 -9999 208 219.75 224.2083 241.7826 268.3371 257.58 275.9 282.58 276.06 266.71 252.35 239.07 227.52 217.59 210.12 200.87 191.61 181.49 174.9 177.24 173.06 166.3 162.16 173.79 163.62 154.84 144.89 138.27 145.15 154.71 148.29 154.29 153.44 138.84 127.92 120.52 115.47 113.46 108 106.26 104.55 102.11 99.28 98.71 98.83 98.57 99.01 98.47 96.72 97.53 98.45 97.08 95.8 95.86 95.66 94.78 95.1 95.57 95.01 95.53 96.11 96.89 97.65 97.32 96.36 97.03 98.43 98.45 98.61 99.55
-9999 -9999 -9999 -9999 -9999 -9999 215.3333 229.5 235.1379 270.8235 269.5376 283.1 284.52 278.32 266.83 247.11 222.04 217.33 203.07 192.3 188.05 202.62 200.6 188.08 181.75 188.32 183.62 158.9 152.38 164.95 164.74 150.92 162.1 162.01 153.91 169.21 166.94 154.01 136.51 127.92 120.31 114.01 109.21 105.83 103.67 101.96 100.13 97.12 97.09 97.04 95.94 95.73 94.87 93.82 93.82 94.3 93.67 91.98 91.82 91.67 90.92 91.04 91.4 91.01 91.57 92.92 93.13 92.79 92.57 91.65 92.31 94.57 95.51 98.86 98.6
-9999 -9999 -9999 -9999 -9999 -9999 -9999 233.4615 246.4487 276.2121 271.6111 293.16 286.72 275.19 270.49 249.04 215.66 210.78 210.31 191.69 189.7 199.48 196.05 203.84 202.27 197.66 200.21 171.25 163.07 169.25 179.14 178.74 177.85 173.14 162.31 149 149.98 155.7 142.49 127.43 116.89 111.66 107.52 104.03 101.41 99.68 98.1 95.23 95.68 95.7 93.73 92.49 91.76 91.37 90.6 90.57 90.44 89.03 88.15 88.09 87.39 87.56 87.99 88.2 88.86 90.53 89.69 88.68 89.1 89.16 90.11 91.7 93.96 97.43 101.95
-9999 -9999 -9999 -9999 -9999 -9999 -9999 216.3333 242.7353 265.1868 287.33 272.46 265.27 270.88 263.05 238.73 221.72 217.25 208.98 205.76 200.81 198.52 190.21 203.87 211.54 211.5 212.5 190.48 168.16 175.8 179.6 188.78 195.84 187.03 172.47 168.03 158.6 144.2 135.94 124.57 116.49 110.91 107.49 103.07 99.31 97.63 96.03 93.74 93.78 92.71 91.46 89.87 89.36 89.46 88.23 87.63 87.09 86.42 85.3 84.65 84.34 84.69 85.3 86.26 86.8 86.35 86.28 86.2 86.56 87.07 87.59 89.54 94.21 100.95 104.34
-9999 -9999 -9999 -9999 -9999 -9999 -9999 240.4242 241.6923 287.21 252.03 258.07 246.91 259.15 232.55 235.82 236.22 238.93 226.19 219.39 211.76 198.35 194.69 195.14 200.73 205.41 196.96 182.03 171.5 180.14 185.37 191.64 184.8 161.57 150.44 146.94 142.09 133.59 125.35 117.93 113.64 108.34 104.66 102.13 97.53 95.9 93.89 92.49 90.98 89.89 89.5 87.77 87.72 87.75 86.28 85.36 84.5 83.29 82.49 81.45 82.88 83.55 83.72 84.43 83.14 84.28 84.33 83.87 84.61 85.79 86.75 89.24 88.78 89.52 93.45
-9999 -9999 -9999 -9999 -9999 -9999 -9999 265.1111 274.97 256.29 242.92 244.34 248.67 240.73 258.72 262.75 260.33 248.06 233.19 218.12 207.28 199.1 192.06 193.62 176.07 187.29 185.2 176.98 177.18 178.41 180.31 180.95 177.54 152.31 144.63 139.34 133.39 127.35 121.08 115.43 110.42 105.58 102.17 99.75 96.7 93.79 91.7 90.89 88.99 88.57 87.3 86.5 86.23 85.56 84.79 83.54 82.75 81.62 80.08 79.2 80.92 80.4 80.6 81.85 82.3 82.84 82.92 82.55 82.68 83.37 83.89 85.13 87.51 86.2 86.52
-9999 -9999 -9999 -9999 -9999 -9999 -9999 250.6 233.56 239.28 250.85 276.78 261.23 261.63 269.87 256.01 243.32 229.13 225.5 228.4 223.82 210.41 200.83 186.49 165.99 174.63 176.39 167.84 168.38 168.33 164.07 163.18 167.17 146.19 140.08 137.17 134.1 125.39 119.75 114.85 110.54 104.74 100.78 97.62 94.57 91.54 90.15 89.26 87.38 86.35 85.66 85.24 84.7 83.94 83.53 82.25 82.05 81.89 81.12 79.07 78.5 79.14 80.08 81.24 82.06 82.41 82.27 82.41 82.56 83.38 83.83 85.67 87.26 89.17 84.78
-9999 -9999 -9999 -9999 -9999 -9999 -9999 225.9697 233.6364 257.61 255.01 270.65 244.12 242.58 243.64 238 230.15 237.92 243.24 236.01 228.16 220.62 195.65 184.96 164.46 170.39 176.9 165.08 160.71 163.53 159.16 153.76 150.21 138.36 136.14 130.45 128.35 125.05 122.06 118.76 113.24 107.18 100.53 97.11 93.65 90.16 88.42 86.96 85.38 84.21 84.07 83.8 82.99 82.95 83.58 82.94 82.9 82.26 80.81 78.41 78.89 79.52 79.77 80.86 81.57 81.44 81.97 81.76 81.52 82.01 82.39 82.74 84.12 85.47 85.82
-9999 -9999 -9999 -9999 -9999 -9999 -9999 224.093 240.14 251.91 224.93 235.63 228.86 231.22 237.13 250.01 250.63 250.78 230.55 230.07 220.45 213.6 200.64 182.67 161.9 167.75 175.08 160.81 157.14 152.39 154.84 156.84 145.62 134.45 135.36 127.69 124.73 123.14 116.97 111.86 109.86 105.98 99.44 94.3 91.63 88.87 86.53 85.39 84.58 83.65 82.65 82.51 82.46 83.1 83.33 82.78 82.32 81.6 80.08 78.94 79.3 79.27 79.36 79.81 80.45 80.11 79.91 80.35 80.17 80.21 80.65 80.26 80.8 81.34 81.66
-9999 -9999 -9999 -9999 -9999 -9999 -9999 222.6 219.6444 218.7857 229.96 235.53 240.1 228.37 231.01 231.96 227.85 218.2 223.21 225.75 219.73 203.87 185.5 170.93 168.49 175.97 164.29 153.52 147.2 150.25 155.42 160.7 145.11 139.45 131.41 125.25 125.6 122.63 116.73 111.21 106.07 102.5 97.83 93.4 90.03 87.11 84.93 83.62 83.24 82.13 82.21 82.74 82.4 82.01 82.29 82.22 81.54 81.11 80.95 79.45 79.3 79.23 78.82 79.61 79.86 79.93 78.47 78.35 78.31 78.71 78.86 78.9 79.23 79.72 80
-9999 -9999 -9999 -9999 -9999 -9999 -9999 -9999 211.5263 221.19 224.29 220.96 210.91 211.34 211.57 220.48 219.14 232.13 228.22 216.28 199.14 191.17 177.53 168.88 184.48 166.45 154.39 144.87 141.1 145.84 152.16 151.59 146.63 136.32 128.89 124.05 122.36 119.37 115.46 110.26 106.28 101.44 95.6 91.71 88.82 85.51 83.44 83.47 82.75 81.56 81.03 80.59 80.49 80.46 81.04 81.23 79.66 79.81 80.14 78.85 78.85 79.12 78.51 77.91 78 78.89 77.95 78.92 78.83 78.39 78.49 78.84 78.61 78.83 78.76
-9999 -9999 -9999 -9999 -9999 -9999 -9999 -9999 213.0652 217.68 213.36 213.65 212.77 222.06 213.13 209.83 220.03 213.43 203.13 197.11 184.98 197.42 188.65 193.8 180.85 159.18 146.88 140.9 141.61 145.23 145.83 141.23 137.7 128.89 124.88 121.76 121.16 119.23 112.91 108.05 103.83 101.14 95.48 91.01 87.19 83.6 81.75 81.8 81.12 79.8 78.99 78.92 78.59 78.58 78.74 78.61 77.99 78.44 78.54 78.99 78.71 79.22 79.51 78.8 78.87 78.98 79.52 80.11 80.18 79.54 80.9 80.71 80.78 79.38 78.52
-9999 -9999 -9999 -9999 -9999 -9999 -9999 -9999 208.375 211.3 216.01 214.18 218.29 211.22 209.78 210.15 212.77 207.7 183.98 192.73 206.89 204.21 197.49 183.9 169.64 163.49 157.27 141.82 142.33 150.32 155.04 138.05 130.81 126.32 123.6 120.59 120.01 117.53 110.87 108.24 104.57 99.39 95.07 90.39 86.29 83.82 81.58 81.2 80.14 78.67 77.51 77.6 77.39 76.86 77.08 77.97 77.38 77.19 77.92 78.46 78.53 78.98 79.1 78.99 79.1 79.58 79.24 81.48 84.1 83.79 83.11 80.23 79.6 80.39 79.7
-9999 -9999 -9999 -9999 -9999 -9999 -9999 -9999 208.9444 210.4444 211.23 210.34 208.69 208.33 209.6 204.18 209.43 200.01 183.79 196.08 222.21 195.03 191.38 182.67 166.2 151.28 146.69 144.62 145.7 140.08 141.99 133.49 131.17 134.13 132.59 126.59 120.13 114.13 112.08 108.99 105.47 101.26 96.39 91.99 88.26 86.14 83.73 81.54 80.5 79.25 77.8 77.34 77.34 76.58 76.88 77.23 76.64 76.23 77.06 77.3 76.5 77.44 78.14 77.78 78.64 79.26 78.82 80.99 83.45 81.86 80.8 80.52 80.48 80.42 82
-9999 -9999 -9999 -9999 -9999 -9999 -9999 -9999 -9999 210.3544 214.22 212.81 215.98 217.4 209.49 200.07 196.34 185.65 201.45 210.92 190.05 184.4 189.32 170 172.48 153.58 159.9 155.63 139.95 136.1 135.55 129.63 132.76 135.25 129.94 122.21 115.92 115.13 112.78 108.61 105.54 102.08 98.71 94.78 91.74 89.28 85.66 82.66 80.31 78.39 77.61 76.93 76.6 75.78 75.39 75.61 75.81 75.76 76.06 76.54 76.04 76.82 77.66 78.19 78.79 79.57 79.9 80.21 81.8 80.57 80.74 82.85 85.98 87.28 87.08
-9999 -9999 -9999 -9999 -9999 -9999 -9999 -9999 -9999 209.7359 211.29 211.48 209.82 209.67 203.03 199.57 188.99 203.87 207.36 204.5 172.44 179.26 177.56 159.81 157.78 156.5 164.36 159.24 137.46 137.83 139.46 133.92 135.58 131.67 128.12 122.33 121.94 118.51 113.55 108.46 104.77 102.51 99.79 97.15 93.41 89.57 86.44 83.93 81.16 78.91 76.96 76.22 76 75.57 75 75 75.66 75.04 75.91 76.01 76.04 76.69 77.68 78.39 79.14 80.05 80.61 80.91 82.15 82.61 81.9 86.66 95.5 94.47 91
-9999 -9999 -9999 -9999 -9999 -9999 -9999 -9999 -9999 207.5 208.8172 205.74 204.09 204.48 202.21 194.58 193.7 193.04 186.93 189.27 174.75 178.01 173.95 166.36 164.29 155.24 148.92 144.81 134.99 142.12 140.42 133.18 130.66 130.32 130.77 125.81 122.03 119.04 115.64 110.56 105.74 101.71 99.19 95.22 92.17 89.35 86.23 82.98 80.51 78.54 76.51 76 76 75.76 74.61 74.67 75.15 74.63 75.5 76 75.9 76.78 78.15 78.76 79.5 81.48 83.16 82.94 83.73 86.01 90.13 94.75 93.65 87.44 89.57
-9999 -9999 -9999 -9999 -9999 -9999 -9999 -9999 -9999 -9999 203.9048 206.76 199.85 198.48 196.56 199.96 215.17 207.26 227.07 219.52 196.97 201.37 191.35 188.35 184.27 172.98 157.13 151.59 137.46 136.31 132.9 130.03 127.19 130.34 130.16 125.77 122.78 118.97 116.18 112.04 107.53 103.73 100.07 95.88 92.67 89.96 86.93 82.62 80.39 78.79 76.85 76 76 75.86 74.19 74.58 75.06 74.44 75.03 75.65 76.22 77 77.86 79.84 81.19 83.08 85.17 91.2 92.04 92.18 84.65 84.09 89.61 85.42 80.84
