layers/wordclim/past/Iberia_lig_10_ascii/bio_18.asc
ncols         166
nrows         94
xllcorner     -9.4959440078468
yllcorner     36.000324005443
cellsize      0.083333337679505
NODATA_value  -9999
[rows 34 to 67 of 94, columns 0 to 76 of 166]
-9999 -9999 -9999 -9999 -9999 -9999 -9999 -9999 -9999 -9999 63.63953 67.92 69.76 70.72 70.68 71.02 76.01 87.94 93.68 87.45 84.99 83.1 74.38 65.32 69.95 72.62 63.02 52.69 47.76 50.61 49.34 45.94 48.97 49.35 48.9 47.7 47.86 48.5 48.47 47.39 47.5 47.38 45.04 44.41 44.95 45.25 46.48 48.12 49.39 50.27 50.98 51.54 51.97 52.15 52.36 53.38 53 53 54.67 56.94 58.96 59.51 59.75 61.11 66.45 71.71 92.88 104.51 84.61 71.4 66.19 64.4 70.72 70.8 63.5 63.67 63.16
-9999 -9999 -9999 -9999 -9999 -9999 -9999 -9999 -9999 61 60.97959 64.71 68.3 74.96 87.21 85.71 81.61 72.18 72.17 73.48 77.43 78.41 76.37 70.46 71.18 71.15 62.57 53.06 50.12 53.09 54.01 50.43 47.92 50.07 50.29 49.32 47.6 47.84 46.66 46.1 46.41 46.15 45.28 46.25 46.87 47.17 48.51 49.62 49.05 50.05 51.53 52.02 53.5 53.82 53.54 53.46 52.9 52.97 54.51 57.91 60.36 60.34 61.31 63.79 70.05 76.93 105.1 79.51 87.75 80.69 65.71 57.82 53.55 54.56 58.25 56.95 54.48
-9999 -9999 -9999 -9999 -9999 -9999 -9999 -9999 -9999 58.86666 58.21348 60.59 65.57 79.32 73.83 77.54 75.17 65.02 66.22 69.58 71.93 71.51 69.59 69.07 68 69.15 60.83 54.49 53.76 50.58 52.79 53.41 50.26 48.48 49.72 49.99 49.19 47.29 47.07 46.54 46.46 47.19 47.43 48.65 49.65 51.43 51.42 48.79 49.67 50.25 50.92 52.48 54.7 56.64 56.41 54.58 56.21 54.88 56.39 58.97 62.06 63.28 64.73 72.47 92.79 95.14 106.71 95.49 71.46 57.91 53.77 47.87 49.27 54.62 54.42 51.81 49.57
-9999 -9999 -9999 -9999 -9999 -9999 -9999 -9999 -9999 57.02703 56.79348 58.8 61.62 64.35 72.46 69.37 71.22 66.15 68.53 68.75 65.31 63.64 62.4 63.67 62.91 59.81 57.12 56.55 57.11 55.12 53.12 54.62 51.62 49.52 48.04 50.29 50.14 47.02 47.55 48.06 47.85 47.7 49.7 51.95 52.91 49.77 47.82 48.69 50 51.68 53.23 55.76 60.69 60.93 63.1 64.18 63.78 60.17 61.47 62.26 70.97 70.98 76.45 79.23 75.2 66.56 65.39 59.29 56.2 58.23 48.32 42.59 46.02 48.57 50.29 46.56 49.79
-9999 -9999 -9999 -9999 -9999 -9999 -9999 -9999 54 54.54054 56.2165 56.79 57.36 62.4 68.58 77.21 79.49 65.98 63.39 62.08 61.36 62.41 63.31 60.24 56.15 56.75 57.38 65.01 61.05 57.38 56.46 54.97 52.87 48.89 46.38 46.44 47.76 49.35 49.93 50.79 52.06 53.6 51.49 49.28 49.11 48.69 48.83 50.05 52.42 56.23 60.38 62.89 68.96 69.55 67.84 64.64 59.95 59.27 63.36 67.85 72 76.3 75.2 80.56 64.58 54.8 59.33 57.35 48.92 45.97 42.07 39.47 42.99 43.13 45.06 42.74 52.67
-9999 -9999 -9999 -9999 -9999 -9999 -9999 -9999 52.77419 53.4 55.4 55.03 54.97 58.03 68.11 78.73 62.21 60.79 59.38 60.47 58.94 58.18 56.91 59.77 73.85 75.31 67.86 65.82 62.1 58.88 55.93 56.76 52.5 48.63 47.47 46.73 46.85 52.73 56.77 63.89 55.32 53.07 48.03 46.49 49.73 50.87 49.56 52.17 56.16 57.42 58.71 66.19 77.18 67.41 63.02 64.43 68.73 69.38 66.45 59.21 62.35 57.63 58.68 62.77 54.18 51.33 47.6 45.87 43.18 44.39 41.54 39.47 39.83 38.85 39.33 47.76 53.26
-9999 -9999 -9999 -9999 -9999 -9999 -9999 -9999 51.67742 53.58 54.45 55.12 54.27 58.89 63.35 61.03 58.86 56.95 57.37 56.91 58.17 59.58 74.9 93.55 82.48 72.13 63.11 65.61 60.83 57.23 56.56 57.18 51.49 49.85 51.85 50.43 49.11 51.93 52.29 51.86 50.78 40.34 40.68 45.02 45.98 52.64 53.52 52.01 53.18 57.98 70.91 81.6 82.86 79.9 82.3 75.96 63.48 56.45 51.38 51.6 48.81 46.06 49.2 49.38 45.85 43.39 41.91 44.97 42.26 42.27 41.07 37.33 36.37 38.1 44.63 50 49.27
-9999 -9999 -9999 -9999 -9999 -9999 -9999 49 50.35165 51.77 53.4 55.26 54.12 59.82 59.23 55.57 55.35 55.45 56.31 58.74 60.24 76.51 111.76 94.55 66.57 56.13 54.1 59.73 60.93 58.58 59.52 57.91 55.86 54.06 53.09 52.3 58.06 53.14 50.47 40.76 36.87 38 43.36 45.38 54.87 75.46 69.28 54.4 58.34 73.84 79.43 79.69 80 70.06 68.68 61.94 58.59 62.83 65.93 60.04 44.92 43.06 42.73 40.98 38.12 40.46 40.76 42.92 42.55 38.76 38.93 37.11 36.69 42 46.79 47.38 44.87
-9999 -9999 -9999 -9999 -9999 -9999 -9999 47.7 49.43 50.68 52.79 53.04 53.05 59.06 58.64 54.53 55.45 55.55 56.13 60.4 63.69 71.81 96.38 89.83 56.86 51.74 53.18 53.98 57.4 61.85 62.17 64.31 58.82 55.65 57.6 50.99 47.44 42.24 39.47 36.59 33.86 37.25 40.08 44.69 72.04 87.61 66.8 62.43 72.08 81.79 93.86 87.18 78.45 61.55 66.5 65.92 48.75 39.11 42.78 45.64 45.11 43.01 39.03 36.3 38.44 39.79 39.23 40.87 41.12 38.27 36.63 34.96 37.11 42.65 44.12 44.21 47.38
-9999 -9999 -9999 -9999 -9999 -9999 -9999 47.39726 47.61 46.9 47.92 48.87 51.45 56.56 56.09 56.45 55.29 57.71 65.61 74.41 77.81 63.85 58.02 54.64 52.23 52.17 49.69 49.59 50.96 52.46 46.5 43.9 54.63 45.56 41.03 38.73 36.72 38.6 34.61 33.02 32.09 31.97 43.09 61.54 50.44 62.9 86.77 84.46 81.7 54.39 65.99 58.93 43.09 36.2 40.66 32.86 35.11 37.66 40.9 42.79 37.81 34.57 34.75 37.52 40.02 39.71 37.82 39.85 38.4 37.7 35.79 35.18 36.59 39.29 41.36 43.79 43.93
-9999 -9999 -9999 -9999 -9999 -9999 -9999 42.31429 43.27273 44.86 46.16 48.03 53.55 54.88 53.61 60.52 65.29 67.65 67.27 70.53 66.31 57.75 58.27 58.14 54.67 50.04 44.9 44.53 45.03 42.47 39.56 39.25 40.23 37.92 34.47 34.46 35.7 35.55 32.73 31.67 31.52 34.22 43.69 43.17 52.68 42.76 40.86 39.42 34.94 28.57 28.88 28.93 30.19 32.16 33.3 34.7 40.59 44.05 35.74 33.79 32.78 34.01 36.21 38.19 38.59 37.14 37.77 36.74 35.82 37.37 33.93 34.38 37.98 42.01 41.72 39.95 38.73
-9999 -9999 -9999 -9999 -9999 -9999 -9999 40.18667 42.45 43.44 43.97 50.82 54.41 53.94 64.78 71.32 65.95 60.92 60.58 57.54 54.82 61.9 55.74 58.65 48.6 44.15 43.49 41.67 42.5 43.15 41.76 36.62 35.57 33.24 32.6 32.97 32.59 31.18 29.49 29.01 30.03 32.1 33.48 34.65 34.24 28.99 27.8 26.06 26.01 26.07 26.58 28.01 28.62 29.26 30.64 33.21 32.59 30.92 31.16 32.25 33.01 34.59 35.63 35.56 35.23 34.55 36.01 34.06 34.96 33.84 32.38 34.08 35.21 36.23 36.47 38.76 42.93
-9999 -9999 -9999 -9999 -9999 -9999 36.64706 38.92 41.6 42.13 43.29 51.65 51.28 52.99 59.74 57.98 54.64 55.9 60.03 59.99 60.33 55.38 46.28 46.54 45.36 42.06 40.77 38.94 38.66 37.93 36.21 35.14 37.1 33.6 32.43 31.57 30.59 29.19 28.81 30.05 31.27 30.04 27.71 25.86 25.83 25.97 25.99 25.47 25.05 25.29 26.24 27.02 27.64 28.37 29.62 29.06 29.45 29.81 30.53 32.57 34.67 35.06 34.66 33.92 33.81 34.55 33.98 32.87 32.75 33.01 35.78 38.68 40.69 40.91 41.29 43.95 45.71
-9999 -9999 -9999 -9999 -9999 -9999 34.84127 35.27 39.19 41.31 42.17 47.07 47.08 50.51 50.96 49.91 53.04 57.35 59.82 64.26 54.1 46.41 43.29 43.63 43.45 40.61 36.01 35.48 34.94 36.41 35.28 33.38 33.95 33.7 32.26 31.54 31.22 30.6 31.57 33.07 30.33 28.25 25.95 25.05 25.06 25.15 25.73 26.68 25.64 25.48 26.76 28.21 27.34 27.76 27.51 29.15 31.95 31.41 30.16 29.74 31 32.17 32.89 32.26 33.76 34.76 33.81 33.24 33.56 34.07 35.5 37.64 39.03 39.98 41.25 42.64 44.22
-9999 -9999 -9999 -9999 -9999 31.28572 32.59184 33.18 35.9 39.94 43.68 43.78 42.51 46.63 45.79 46.25 46.83 49.22 54.14 55.35 47 43.29 42.55 42.58 38.98 35.3 35.14 33.98 35.63 34.49 33.59 33.17 33.53 32.21 31.08 31.58 31.4 31.85 29.96 28.25 27.8 26.4 27.01 26.69 26.43 25.01 26.46 27.53 25.84 26.56 27.09 27.45 26.3 27.93 28.37 29.59 32.15 32.68 32.4 33.22 33.34 31.38 34.08 36.96 37.71 38.66 38.81 37.42 36.51 36.18 35.25 35.01 36.87 37.98 39.9 40.93 41.66
-9999 -9999 -9999 -9999 -9999 30.10714 31.99 32.99 33.93 38.51 40.12 38.7 38.2 40.83 44.54 42.49 45.34 45.38 46.67 44.47 40.87 41.15 38.91 37.25 37.11 37.46 36.15 34.38 35.6 34.11 32.27 32.6 33.98 33.5 32.39 30.06 27.78 28.21 28.45 29.01 28.36 27.36 28.29 28.72 30.32 31.16 30.71 29.45 30.32 31.18 30.45 28.96 29.89 30.62 34.51 33.66 34.45 35.02 36.29 35.5 36.09 35.25 37.45 39.33 38.61 40.47 40.38 39.54 38.69 38.75 37.71 37.2 36.59 37.78 38.12 39.8 40.71
-9999 -9999 -9999 -9999 -9999 27.43902 28.16 31.52 35.81 42.7 38.45 36.79 35.7 35.63 39.3 39.07 42 44.14 43.87 40.63 38.29 36.96 35.62 36.71 37.06 35.94 34.46 36.21 33.86 33.09 33.65 33.72 34.09 33.75 33.45 31.2 29.03 28.02 27.53 27.37 27.19 26.53 26.83 27.39 28.41 29.38 30.96 32.82 33.45 37.72 34.13 34.92 31.57 31.25 38.6 38.48 40.44 40.02 41.09 40.37 40.66 37.42 38.09 40.31 41.41 40.82 41.27 40.52 39.32 39.59 38.73 38.63 37.85 38.2 37.35 37.89 39.82
-9999 -9999 -9999 -9999 22.6875 25.17172 26.95 36.69 40.69 39.75 39.37 31.78 31.64 32.22 35.27 36.67 37.17 37.65 38.19 38.15 36.22 37.56 36.95 37.71 35.9 36.42 36.6 37.92 37.29 34.2 32.49 32.77 33.16 32.12 31.96 30.97 29.69 27.74 27.64 26.76 26.19 26.36 26.54 27.72 28.62 29.69 29.87 30.65 38.67 39.42 41.03 34.93 34.77 31.68 32.94 37.48 38.9 39.44 46.4 39.64 46.01 43.99 43.57 43.1 43.69 43.45 41.84 38.45 38.02 38.09 37.95 38.37 38.69 37.57 37.27 37.73 38.84
-9999 -9999 -9999 19.90476 20.63 23.96 28.49 33.75 32.88 29.5 28.43 28.11 28.32 30.25 30.71 30.6 31.72 31.9 35.14 35.74 37.14 37.04 37.11 37.76 39.24 38.46 38 37.92 38.57 36.25 33.26 32.33 31.87 30.14 29.77 29.38 29.04 28.99 28.11 27.35 26.41 26.32 26.44 28.1 29.31 34.64 32.06 31.85 37.55 41.64 32.81 30.08 29.37 30.34 28.11 29.29 29.86 32.06 35.38 34.44 37.48 36.84 36.14 35.78 43.14 47.77 44.8 40.97 38.59 39.09 37.51 37.18 37.49 36.82 36.5 38.24 40.18
-9999 16.52381 17.9375 18.46512 20.31 22.5 25.57 24.2 25.09 26.32 25.28 25.32 27.07 30.95 31.6 31.62 31.41 33.55 34.93 34.93 35.01 35.43 35.95 37.34 42.27 45.24 43.07 40.68 38.61 36.64 35.41 34.1 32.6 32.87 30.92 29.06 28.24 28.15 27.77 27.57 26.99 26.98 27.27 27.52 27.94 32 33.42 32.38 30.6 29.98 28.76 25.65 27.03 25.8 26.17 26.18 27.7 29.4 31.9 35.4 37.45 38.88 34.69 37.01 39.24 39.62 42.43 40.16 38.14 39.76 41.97 38.25 36.11 36.03 35.39 36.35 38.03
-9999 17.07692 18.67 19.47 20.05 21.08 21.81 21.48 22.84 23.16 22.9 23.64 26.65 28.09 29.94 31.04 31.46 31.4 32.12 33.13 31.9 33.1 33.74 35.91 39.34 45.75 44.51 38.36 34.45 34.13 33.25 31.45 30.47 31.4 29.31 29.25 29.38 27.74 27.71 28.01 27.4 27.18 27.35 26.35 24.71 25.55 24.28 24.64 24.36 26.75 26.22 23.8 24.07 24.06 28.35 27 27.35 29.46 29.24 30.76 31.48 29.96 29.98 32.55 37.3 37.14 35.71 36.86 39.8 39.57 43.05 37.14 34.83 34.65 34.29 34.97 36.55
-9999 18.11111 18.29 18.73 19.76 25.09 20.51 21.07 21.52 21.21 21.86 23.99 25.42 26.42 27.32 28.33 28.39 28.67 30.43 30.93 30.04 31.06 35.02 35.82 36.01 36.83 37.57 35.97 33.39 32.07 32.56 29.29 29.27 29.26 28.8 29.08 28.64 28.06 27.8 27.43 29.83 27.28 23.68 23.63 22.41 22.85 22.2 23.03 22.62 23.62 24.76 24.61 23.96 24.08 26.53 29.42 28.02 27.88 27.53 29.73 32.9 30.58 27.97 29.09 33.68 34.28 32.66 31.32 31.81 35.11 33.51 31.44 33.27 34 33.71 34.57 36.07
-9999 18.70313 18.37 19.4 22.02 20.45 19.49 20.31 19.64 19.48421 21.01 22.49 24.21 25.78 26.48 27.06 26.42 28.27 29.29 28.9 29.44 31.3 32.6 34.46 34.27 34.14 32.93 33.05 31.7 29.91 29.86 28.03 28.33 28.14 27.77 27.31 26.26 25.8 26.45 25.52 24.77 22.29 22.09 21.33 21.09 21.68 21.86 21.59 21.51 22.64 23.87 23.85 25.33 26.33 26.57 28.31 30.77 28.32 28.03 30.92 32.43 31.33 30.13 28.54 31.08 31.92 29.64 28.93 29.24 29.78 30.2 30.81 31.69 33.61 33.03 33.66 35.24
-9999 19.64 19.34 20.71 22.41 20.95 18.09575 18.21111 18.36782 19.24 20.43 21.2 22.64 23.17 23.58 24.5 25.2 26.85 28 29.12 30.19 30.91 31.22 31.25 31.81 32.07 31.45 30.75 30.8 29.79 27.83 27.17 26.3 26.31 26.31 25.71 24.83 23.94 24.36 24.67 23.23 21.61 21.04 21.49 21.77 21.42 21.45 23.1 23.67 21.76 23.2 23.8 23.48 24.64 25.4 27.03 28.84 29.72 28.61 27.91 27.97 31.85 31 28.24 30.29 28.59 27.82 27.83 28.1 29.21 30.04 30.26 30.96 31.52 33.03 34.07 36.08
-9999 21.61225 23.21 23.11 24.23 20.83505 17.41772 17.53 18.06 18.82 19.59 19.98 20.29 21.23 22.09 22.93 23.61 24.84 26.91 29.82 30.75 31.32 31.38 31.36 31.46 31.76 32.51 31.93 29.29 28.25 27.46 26.25 24.77 24.51 24.67 23.46 22.76 22.43 23 22.85 20.68 20.34 21.43 22 21.83 21.68 21.76 21.73 22.14 23.63 23.62 22.81 24.94 28.68 26.9 27.98 27.91 27.49 27 29.79 27.89 28.26 29.3 28.39 29.7 28.71 28.99 29 29.09 29.73 31.69 31.85 31.6 32.07 34 36.76 38.73
23.54839 23.14 23.86 23.35 19.99 18.75 17 17.2 17.96 18.66 19.42 19.98 20.46 21.34 21.46 22.37 23.83 26.2 27.89 28.87 29.45 30.53 32.87 33.1 31.99 31.21 33.14 31.42 28.09 26.87 27 25.73 24.4 23.63 23.25 22.68 22.57 22.69 22.2 21.7 21.91 22.71 22.74 23.57 23.23 23.18 23.17 22.28 22.73 23.52 24.38 23.69 22.76 25.27 24.28 25.48 26.7 27.56 29.53 30.06 27.54 27.32 29.65 28.97 27.84 28.18 28.32 28.63 29.59 30.07 31.96 33.91 32.89 32.2 34.59 36.86 39.52
31.55556 27.85 26.34 22.66 18.96808 18 17 17.05 17.92 18.19 18.81 19.6 20.27 21.16 21.79 23.31 25.81 27.58 28.35 29.03 29.37 30.13 30.49 32.79 33.02 29.9 28.5 27.22 25.97 26.1 26.66 25.5 24.64 24.42 24.03 24.4 25.02 24.42 22.7 23.74 24.71 24.9 24.87 24.21 26.08 23.48 23.54 22.49 23.49 24.54 25.08 25.13 24.56 21.81 24.47 24.66 24.72 24.41 27.32 27.57 29.02 27.97 27.76 28.63 29.26 29.16 31.5 30.37 29.1 29.18 29.61 31.11 31.77 32.36 35.13 36.8 37.98
31.8 28.38028 27.27027 23.06494 21.15556 17 16.93258 17 17.28 18.12 18.85 19.21 19.89 20.49 22.28 25.32 27.19 28.42 29.23 29.36 29.5 29.07 30.89 30.41 28.91 28.79 25.64 25.26 25.88 25.97 26.38 26.02 25.41 24.9 24.27 23.83 24.87 25.61 23.66 23.13 24.45 25.75 26.02 24.77 24.56 24.23 23.64 24.59 24.77 26.39 25.59 24.81 22.93 21.98 22.44 21.83 22.31 23.86 24.69 25.53 27.65 29.74 29.17 28.5 28.58 30.09 32.76 31.61 27.68 28.12 30.24 30.16 31.11 32.43 34.13 35.96 37.74
-9999 -9999 25.5 25.59459 19.14286 17.59524 17.07 17.03 17 17.41 17.98 18.48 19.3 21.9 24.24 25.46 26.93 27.93 29.09 27.89 27.73 27.35 27.24 27.58 26.45 25.21 25.09 25.26 26.35 27.23 27.85 27.18 25.76 25.19 24.81 23.89 24.75 26.05 25.81 24.14 25.13 25.53 26.2 26.18 24.37 25.88 25.58 26.78 25.73 24.07 22.96 22.43 22.25 22.39 25.16 22.78 24.09 26.33 26.1 27.03 27.73 29.81 30.26 29.82 30.46 30.49 28.74 27.91 30.92 28.36 30.98 31.39 31.86 32.58 34.94 37.97 38.11
-9999 -9999 -9999 21.75 20.64 18.12 18.56566 17.12941 16.5055 16.87912 17.89 17.98 19.56 22.06 22.84 23.83 25.66 25.76 26.41 26.9 26.08 25.15 25.45 25.9 25.88 25.12 24.32 25.26 25.62 26.86 27.28 28.28 29.41 27.63 28.19 24.99 24.85 26.66 26.73 25.47 23.92 26.91 26.41 26.1 25 27.39 28.28 27.04 26.07 23.49 24.22 24.86 24.96 24.34 24.53 23.57 23.49 23.9 25.94 30.37 32.55 30.46 29.36 28.96 26.23 26.83 28.21 27.91 27.48 29.72 30.5 32.11 33.48 34.52 35.8 36.85 37.43
-9999 -9999 -9999 28.71428 21.83951 20.17143 20.125 16.52941 16.55 16.96154 17.14 18.26 19.03 19.37 20.59 21.38 21.55 22.08 23.06 24.09 23.61 23.22 23.92 24.62 24.68 23.25 22.21 23.81 24.82 25.25 26.1 27.68 30.22 30.29 29.62 27.24 25.67 27.1 26.99 27 25.49 25.7 26.12 27.1 26.46 27.39 26.97 25.84 25.96 26.11 24.93 25.36 25.26 24.55 24.99 25.01 24.81 24.73 24.41 24.77 27.38 33 32.62 31.72 30.68 26.17 24.16 28.8 32.61 36.06 37.39 32.29 32.6 32.59 32.79 32.85 35.08
-9999 -9999 -9999 -9999 -9999 -9999 -9999 -9999 17 17.02041 17.35789 17.61 18.08 18.88 19.2 20.73 21.04 21.26 22.08 24.2 23.45 23.59 23.26 23.08 21.88 21.11 21.47 22.07 23.02 24.57 24.78 26.59 27.93 24.23 25.37 26.7 27.71 27.56 27.26 27.12 26.81 26.31 26.95 26 26.05 26.06 25.63 25.96 26.26 25.92 25.76 26.15 25.61 25.18 25.06 25.39 25.67 25.44 26.39 26.71 25.29 25.69 24.79 27.78 28.41 28.64 23.11 27.75 28.02 29.44 33.02 31.47 31.97 29.47 28.58 29.51 31.91
-9999 -9999 -9999 -9999 -9999 -9999 -9999 -9999 16.96667 17.35 17.91 17.95 17.8 17.99 18.02 19.04 19.85 20.8 21.3 21.63 23.76 24.77 23.21 21.46 20.86 20.37 20.71 20.69 21.03 21.64 23.5 24.64 23.84 23.39 24.53 24.69 25.93 26.76 27.02 27.02 27.14 26.71 26.74 26.63 26.11 26.34 25.23 26.27 26.43 24.62 24.68 24.76 27.01 28.61 26.22 25.56 26.82 26.07 26.79 26.62 27.36 27.3 26.94 23.78 26.61 25.42 23.53 24.52 25.28 24.95 25.78 26.25 24.7 24.61 26.32 29.95 31.56
-9999 -9999 -9999 -9999 -9999 -9999 -9999 -9999 17.88 18.26 18.84 17.32 17.7 17.8 17.54 17.73 18.28 19.03 20.19 21.67 21.93 22.14 21.38 20.4 19.78 19.82 19.72 20.06 20.42 20.77 21.03 23.01 24.68 28.08 27.87 26.04 25.13 26.39 26.79 25.65 25.78 27.17 27.27 26.51 25.56 24.97 23.62 24.37 26.39 26.79 26.99 25.21 24.19 24.66 26.29 24.27 22.86 23.54 25.21 24.33 25.16 24.84 27.33 22.97 24.33 23.75 22.02 24.77 21.19 20.77 21.37 22.54 21.06 24.01 27.69 29.2 28.73
