layers/wordclim/past/Iberia_lig_10_ascii/bio_19.asc
ncols         166
nrows         94
xllcorner     -9.4959440078468
yllcorner     36.000324005443
cellsize      0.083333337679505
NODATA_value  -9999
[rows 0 to 31 of 94, columns 0 to 72 of 166]
-9999 -9999 -9999 -9999 -9999 -9999 -9999 -9999 -9999 -9999 -9999 -9999 -9999 -9999 -9999 -9999 -9999 -9999 -9999 375.5 -9999 352.125 338 -9999 -9999 -9999 -9999 -9999 -9999 -9999 -9999 -9999 -9999 -9999 -9999 -9999 -9999 -9999 -9999 -9999 -9999 -9999 -9999 -9999 -9999 -9999 -9999 -9999 -9999 -9999 -9999 -9999 -9999 -9999 -9999 -9999 -9999 -9999 -9999 -9999 -9999 -9999 -9999 -9999 -9999 -9999 -9999 -9999 -9999 -9999 -9999 -9999 -9999
-9999 -9999 -9999 -9999 -9999 -9999 -9999 -9999 -9999 -9999 -9999 -9999 -9999 -9999 -9999 -9999 -9999 383.2927 409.9028 368.0298 365.1515 365.6136 352.1159 346.1667 332.5472 324.3125 -9999 -9999 -9999 -9999 -9999 -9999 -9999 -9999 -9999 -9999 -9999 -9999 -9999 -9999 -9999 -9999 -9999 -9999 -9999 -9999 -9999 -9999 -9999 -9999 -9999 -9999 -9999 -9999 -9999 -9999 -9999 -9999 -9999 -9999 -9999 -9999 -9999 -9999 -9999 -9999 -9999 -9999 -9999 -9999 -9999 -9999 -9999
-9999 -9999 -9999 -9999 -9999 -9999 -9999 -9999 -9999 -9999 -9999 -9999 -9999 -9999 -9999 372.1333 384 386.9053 395.34 376.33 393.97 392.65 361.6869 376.62 366.37 342.7938 321.1667 -9999 -9999 -9999 -9999 -9999 -9999 -9999 -9999 -9999 -9999 -9999 -9999 256 -9999 246 246.5556 249.3594 247.6154 -9999 -9999 -9999 -9999 -9999 -9999 -9999 -9999 -9999 -9999 -9999 -9999 -9999 -9999 -9999 -9999 -9999 -9999 -9999 -9999 -9999 -9999 -9999 -9999 -9999 -9999 -9999 -9999
-9999 -9999 -9999 -9999 -9999 -9999 -9999 -9999 -9999 -9999 -9999 -9999 -9999 -9999 390.537 383.2526 388.0909 392.24 397.83 413.98 422.59 411.28 392.76 403.88 355.38 333.57 326.4211 321.7089 314.6338 297.9636 295.4375 291.5833 290.6974 277.6883 284.4051 273.1364 271.0822 273.375 272.6818 265.1959 259.141 252.7381 248.6364 246.37 246.69 239.8961 238.377 242.5167 243.983 238.4565 241.2759 -9999 -9999 -9999 -9999 -9999 -9999 -9999 -9999 -9999 -9999 -9999 -9999 -9999 -9999 -9999 -9999 -9999 -9999 -9999 364.25 370.6667 -9999
-9999 -9999 -9999 -9999 -9999 -9999 -9999 -9999 -9999 -9999 -9999 -9999 -9999 -9999 391.8679 384.0724 409.5252 429.54 431.97 415.33 424.65 436.18 437.33 429.55 391.51 353.25 332.25 339.99 313.76 307.3839 319.16 321.7 316.79 293.14 313.72 291.87 279.83 282.66 290.59 266.26 253.101 257.84 256.01 247.76 243.28 241.98 246.61 247.31 238.67 240.52 243.3 246.3974 240.3077 239.4576 242.68 242.5429 242.5263 -9999 -9999 -9999 -9999 -9999 -9999 -9999 296 303.9667 316.1555 324.8904 334.5854 344.3651 357.1146 363.9655 373.8261
-9999 -9999 -9999 -9999 -9999 -9999 -9999 399 -9999 -9999 -9999 -9999 402.4722 392.4839 396.6119 395.4375 416.33 436.1 434.58 437.17 422.18 418.65 411.56 417.21 397.65 382.6 362.05 336.75 330.99 349.85 364.46 341.26 315.95 317.24 320.23 290.94 301.17 305.82 278.72 260.48 254.34 245.26 241.37 244.44 239.61 238.84 239.36 238.8 237.86 236.9 236.91 232.04 233.95 243.23 245.88 251.41 261.12 255.8192 255.5309 255.3562 259.5454 264.3333 272.3472 282.3976 290.9898 297.03 307.28 317.05 327.0208 335.2 346.93 355.92 362.2738
-9999 -9999 -9999 -9999 -9999 -9999 391.963 390.7625 403.3513 421.4423 419.473 421.8434 421.75 407.2525 403.95 402.8681 425.66 442.25 457.65 441.82 424.23 410.72 401.11 385.12 384.71 374.55 366.61 341.53 365.92 367.2 354.06 318.51 322.89 344.69 333.76 298.82 283.61 279.24 284.23 268.97 268 263.02 252.35 240.47 238.38 236.41 237.97 246.37 246.89 239.2 248.34 240.31 236.52 250.61 263.61 262.55 253.33 262.47 254.72 260.59 258.78 266.21 270.46 275.87 284.96 290.21 297.97 307.15 317.97 325.89 333.56 341.96 350.79
-9999 -9999 -9999 366.5 372.6071 383.8947 402.5891 408.08 417 422.39 441.41 478.08 470.01 454.21 431.4 430.88 452.9 456.54 459.15 442.57 431.02 407.73 397.64 381.46 372.54 371.76 374.48 357.13 360.86 360.66 337.53 316.23 341.97 353.55 314.99 295.18 291.94 313.74 297.66 297.58 291.53 263.28 300 258.12 234.79 243.54 245.53 240.76 243.01 243.79 269.32 253.81 248.85 275.55 334.73 303.63 317.01 306.71 257.23 268.77 262.96 262.01 265.57 273.75 276.38 280.61 288.72 295.87 304.26 313.09 324.49 325.45 333.45
-9999 -9999 -9999 357.7037 373.1183 402.72 414.49 445.54 466.94 473.99 494.98 493.78 487.12 490 477.37 480.79 483.33 471.81 465.54 445.49 433.8 417.87 394.34 383.74 377.36 379.57 384.01 361.76 383.01 360.45 359.06 329.6 341.6 347.72 318.76 304.52 324.96 346.05 304.9 321.28 299.66 304.08 269.22 263.21 241.75 255.61 249.16 248.03 266.88 280.24 265.31 273.06 286.2 265.48 295.01 310.93 292.84 251.62 242.02 251.65 284.79 269.84 268.01 270.4 272.15 270.91 280.57 283.05 291.99 306.02 312 313.05 314.83
-9999 -9999 359.5385 365.6392 389.03 432.98 446.65 467.91 483.77 499.66 500.87 503.31 490.51 491.9 490.35 482.96 480.68 480.44 485.56 463.19 435.64 423.42 401.49 390.71 389.78 384.64 391.39 385.97 358.79 352.55 326.52 323.6 350.79 364.41 324.18 350.02 339.74 384.95 380.5 358.97 380.78 341.33 353.91 280.33 252.52 308.41 311.75 291.76 306.41 311.81 278.96 293.93 272.52 264.01 286.71 283.97 313.05 307.94 282.54 264.56 274.59 304.51 287.74 267.42 266.27 266.69 270.84 273.86 280.92 285.02 286.94 291.85 297.75
-9999 -9999 353.3333 364.3177 415.4445 443.34 463.83 476.42 486.87 499.49 504.43 504.57 505.86 508.16 506.32 499.04 483.43 488.96 479.35 473.01 445.3 436.4 417.67 388.15 374.96 370.82 386.32 375.91 369.59 334.89 331.62 349.5 344.59 360.42 358.11 368.07 379.44 346.92 338.53 330.8 336.93 312.62 310.85 319.19 296.02 282.95 291.24 274.43 290.63 272.51 247.15 261.58 260.66 255.74 249.78 269.17 300.15 306.25 291.12 266.01 256.34 294.17 279.79 254.33 252.2 254.26 256.89 260.84 264.42 268.1 270.93 274.62 280.76
-9999 -9999 350.875 -9999 402.8448 461.12 471.73 472.75 496.95 487.24 482.6 517.16 532.63 510 504.44 494.87 472.16 466.88 464.09 460.07 454.35 428.97 405.15 384.6 369.1 368.72 373.18 384.02 354.7 343.01 363.4 390.79 410.3 397.83 359.48 356.29 341.63 346.84 369.59 343.61 349.46 340.77 303.51 272.24 300.46 265.75 255.54 247.21 260.81 237.54 233.01 249.47 237.44 248.87 238.67 259.58 262.34 262.79 260.45 241.3 235.7 238.27 240.23 238.93 241.31 241.65 248.08 246.31 249.66 251.77 258.21 260.65 264.11
-9999 -9999 -9999 -9999 406.325 425.8281 438.394 450.5934 532.43 506.52 498.95 496.49 513.07 499.33 493.58 514.41 495.23 490.77 487.18 461.71 458.15 436.76 399.65 406.5 393.7 363.53 392.67 394.37 374.3 372.68 376.22 423.33 379.43 345.51 312.14 309.9 336.06 363.26 355.23 340.34 307.77 279.76 258.16 248.31 238.97 244.16 221.97 215.9 220.66 212.59 214.64 217.89 216.49 223.31 216.91 227.63 235.49 224.37 224.77 228 224.6 224.24 221.18 223.7 229.83 227.18 231.02 237.91 236.62 241.64 247.09 246.94 249.92
-9999 -9999 -9999 -9999 398 447.9412 513.413 488.64 513.83 494.77 519.34 538.12 528.51 556.92 539.46 528.8 525.72 505.72 504.38 496.91 452.34 414.87 429.03 423.44 397.5 389.57 408.28 431.06 427.63 402.93 372.44 379.98 334.09 303.05 297.46 286.3 298 296.98 284.4 282.07 286.34 274.21 249.47 230.44 220.06 218.8 203.08 198.45 201.74 193.8 203.19 198.99 202.31 201.89 206.61 212.05 211.74 211.58 209.27 212.19 209.08 211.62 211 217.04 219.69 220.26 221.15 223.95 224.02 228.94 236.8 234.88 230.87
-9999 -9999 -9999 -9999 -9999 446.1526 495.6277 466.075 487.5278 535 539.56 573.92 586.7 591.21 589.13 543.34 527.26 526.54 517.61 505.76 450.94 416.76 418.93 401.26 364.63 385.97 416.42 403.15 409.62 418.9 372.35 338.42 306.18 281.2 270.02 267.94 261.26 257.28 262.55 272.32 253.91 236.59 227.53 213.02 206.32 200.8 185.97 184.32 184.81 184.47 187.98 186.1 192.96 188.46 196.14 200.3 198.14 198.91 195.68 198.33 197.92 196.74 199.09 204.86 206.65 209.99 210.69 213.42 214.91 218.62 220.26 218.05 216.45
-9999 -9999 -9999 -9999 -9999 450.2 456.3684 470.3333 502.8795 526.32 563.61 593.44 600.55 594.72 593.93 571.8 544.74 539.4 529.72 494.54 461.46 417.57 405.54 364.77 358.11 367.26 384.99 385.97 410.16 402.69 369.01 317.29 288.19 269.65 265.25 266.76 289.39 299.63 295.12 276.23 244.75 226.23 216.62 201.04 193.59 186.55 178.5 175.19 174.36 176.59 176.67 180.85 182.46 178.65 184.91 188.56 185.69 187.7 186.86 186.4 188.14 186.75 187.38 189.09 191.7 193.97 196.32 201.99 202.25 203.77 202.63 204.4 210.15
-9999 -9999 -9999 -9999 -9999 461 488.5 499.7083 536.3696 592 566.36 602.57 621.22 623.31 594.59 553.73 519.99 492.73 471.39 456.6 437.67 418.24 392.67 378.17 389.98 381.67 366.05 356.56 392.58 363.43 338.42 311.56 293.33 311.35 336.4 317.38 332.67 328.09 284.8 253.2 231.5 215.69 207.86 193.96 187.08 180.41 174.42 169.15 168.68 170.43 171.95 173.86 173.12 171.18 175.42 178.75 176.7 175.09 176.05 176.79 175.7 176.78 178.46 178.85 181.29 183.23 187.28 189.94 189.02 189.32 192.58 197.26 199.46
-9999 -9999 -9999 -9999 -9999 -9999 486 516.3333 527.6207 602.6912 595.4409 617.64 619.02 628.73 600.38 536.55 470.88 463.47 430.02 406.12 401.2 456.97 458.48 423.38 408.37 432.39 422.06 350.87 332.54 370.59 370.02 331.28 363.65 361.32 336.38 378.28 370.91 332.35 280.19 253.8 231.64 212.52 198.34 189.25 182.37 176.23 170.62 165.06 165.93 166.46 165.84 166.88 165.81 165.08 166.92 169.17 168.71 166.48 167.58 167.84 167.84 167.8 168.65 169.97 172.21 176.07 178.14 178.1 178.62 178.18 182.01 188.34 192.36
-9999 -9999 -9999 -9999 -9999 -9999 -9999 538 561.7949 619.5455 603.3195 641.39 629.49 611.95 619.5 550.2 457.22 448.92 455.41 407.71 410.3 450.87 448.64 478.97 478.08 467.04 477.2 392.36 368.52 387.1 415.18 413.69 411.67 395.97 361.75 322.02 323.75 339.04 298.69 254.07 223.86 207.66 195.46 185.33 177.86 172.33 167.48 161.67 163.44 164.28 161.03 159.95 159.65 160.48 160.47 160.9 161.49 160.43 159.49 159.83 159.58 160.84 162.17 163.81 166.36 171.12 169.96 168.69 170.76 172.86 177.79 182.24 189
-9999 -9999 -9999 -9999 -9999 -9999 -9999 505.6667 563.9706 603.8132 639.85 603.24 577.76 599.5 589.16 520.9 477.24 472.42 456.46 457.96 452.09 453.77 435.96 485.52 513.52 515.69 519.69 454.45 388.78 410.35 420.44 446.32 466.83 439.33 394.17 378.47 350.72 307.76 281.61 247.48 224.08 207.1 196.11 183.21 173.68 168.29 164 160.02 160.03 157.95 156 154.5 155.37 156.61 155.94 155.54 154.56 155.09 153.54 152.39 152.56 154.6 157.15 160.36 162.78 161.24 161.58 163.62 165.28 167.7 171.33 177.38 191.22
-9999 -9999 -9999 -9999 -9999 -9999 -9999 570.3333 568.3846 657.21 575.27 578.23 545.84 575.83 499.75 520.34 536.36 559.44 526.47 513.79 497.69 461.15 457.82 465.55 486.47 503.1 478.05 433.65 403.7 427.83 441.63 457.95 436.76 368.29 334.07 321.31 305.13 279.57 253.78 230.8 217.55 202.53 190.11 181.33 169.76 164.86 160.39 157.37 155.13 152.63 151.84 151.02 152.41 153.6 151.92 151.14 150.66 148.84 147.77 145.49 149.6 153.34 154.27 156.38 154.4 157.54 158.25 158.88 161.07 164.91 169.58 177.37 177.06
-9999 -9999 -9999 -9999 -9999 -9999 -9999 629.6349 647.09 600.88 564.76 558.16 561.47 534.06 598.03 636.98 645.31 607.99 563.47 519.83 492.37 473.3 457.38 469.48 417.32 454.2 448.87 423.83 425.53 428.57 431.29 430.68 418.42 345.18 320.77 303.53 283.43 264.12 243.67 225.31 210 196.26 184.99 176.35 167.88 160.81 155.86 153.92 151.16 150.96 148.72 148.86 149.64 149.17 149.27 148.49 148.03 145.87 143.76 141.54 145.73 146.48 147.15 150.48 152.85 155.04 156.07 156.38 157.5 159.04 162.12 167.18 173.99
-9999 -9999 -9999 -9999 -9999 -9999 -9999 608.1334 569.27 574.8 591.1 649.06 605.2 611.83 668.64 620.3 585.98 547.93 547.25 567.5 559.24 521.15 495.71 456.67 393.9 422.8 429.21 402.75 404.69 404.18 389.29 383.48 391.69 331.67 312.04 300.04 287.36 260.65 241.24 225.04 210.91 194.3 181.9 172 163.18 156.23 152.4 150.13 147.5 146.01 146.36 147.22 148.02 146.95 147.21 147.12 147.36 147.83 147.51 142.42 141.91 144.28 146.61 149.62 152.54 155.15 155.23 156.02 157.96 160.44 163.14 169.23 173.6
-9999 -9999 -9999 -9999 -9999 -9999 -9999 565.7273 579.6932 624.04 611.23 646.71 573.02 567.13 578.05 565.04 550.25 593.54 622.51 604.2 583.57 564.18 490.82 461.45 398.41 418.92 438.07 401.13 387.49 394.91 379.33 360.59 347.53 313.72 304.8 284.3 273.8 261.14 249.3 236.91 218.56 200.78 181.35 170.82 161.72 153.67 148.42 145.19 142.61 142.19 143.29 144.29 144.98 146.39 149.52 150.11 150.69 149.91 147.25 142.43 144.28 146.07 147.49 149.74 152.12 153.37 154.95 154.77 155.76 157.69 159.83 162.62 166.17
-9999 -9999 -9999 -9999 -9999 -9999 -9999 571.907 602.33 624.19 555.29 570.88 546.67 550.49 571.2 626.47 639.84 651.7 591.15 596.63 570.85 554.02 517.39 464.58 400.06 419.74 440.94 395.77 382.31 366.63 371.07 373.72 338.28 305.19 305.26 278.69 265.42 256.85 237.51 219.54 209.84 197.35 178.61 164.12 156.55 150.23 144.64 141.89 141.08 141.6 140.53 141.68 144.48 148.31 151.34 151.77 152.06 149.75 145.98 145.09 146.08 145.93 146.76 148.24 150.71 150.8 150.11 151.24 152.45 153.75 155.17 155.58 157.62
-9999 -9999 -9999 -9999 -9999 -9999 -9999 574.64 570.2444 560.5204 573.53 578.38 585.65 553.05 564.99 576.14 572.54 551.36 579.63 594.19 581.1 536.81 482.95 438.12 431.69 455.37 417.64 380.03 356.91 365.47 377.69 389.27 341.24 322.26 295.79 273.18 268.95 256.45 237.56 218.38 200.64 187.85 174.36 161.86 152.06 145.2 140.55 138.25 138.86 138.3 139.59 142.87 144.93 147.14 149.83 151.81 152.78 150.73 149.89 147.23 146.21 145.92 146.16 148.64 149.43 150.56 147.42 147.17 148.27 150.07 150.5 151.74 153.57
-9999 -9999 -9999 -9999 -9999 -9999 -9999 -9999 554.2763 568.14 565.07 548.77 516.74 514.91 516.4 550.26 555.86 611.36 608.23 578.61 532.7 511.46 471.1 443.4 491.9 436.22 394.27 358.69 342.71 356.73 372.7 367.38 348.75 314.65 290.09 270.66 261.13 248.2 234.38 216.01 201.39 185.38 169.32 157.07 148.24 140.28 136.51 138.29 138.06 138.06 138.34 138.44 141.03 144.07 147.52 150.19 149.65 149.97 149.67 146.67 145.54 145.64 145.43 144.88 145.03 147.91 146.23 149.71 150.54 150.09 150.03 151.28 152.51
-9999 -9999 -9999 -9999 -9999 -9999 -9999 -9999 551.913 557.88 539.73 532.71 525.91 552.41 528.63 526.1 572.47 562.11 540.35 530.03 499.46 540.41 517.78 529.01 491.91 422.29 375.56 350.84 350.21 359.47 358.7 340.41 325.11 294.07 279.35 265.82 259.06 248.61 227.36 210.21 194.84 184.76 168.85 155.29 143.61 134.82 132.5 134.42 134.46 133.77 133.81 135.85 137.61 140.03 142.05 143.37 144.67 146.42 145.74 146.86 146.12 147.09 148.32 146.9 147.14 148.12 150.67 153.17 153.5 153.57 157.36 157.3 158.99
-9999 -9999 -9999 -9999 -9999 -9999 -9999 -9999 534.625 539.54 544.61 533.7 543.21 523.41 524.81 535.94 559.15 554.78 482.3 529.7 577.84 572.52 552.63 513.81 469.98 445.67 419.07 360.65 358.7 380.75 390.88 333.73 306.31 287.92 276.46 264.43 257.41 244.32 221.72 210.58 196.94 180.36 167.25 153.48 141.82 135.3 132.41 133.13 132.41 131.18 130.96 134 135.03 136.39 138.21 141.05 142.14 142.41 143.5 144.91 145.18 146.8 147.6 148 148.61 149.14 150.85 156.66 163.57 164.46 163.09 156.6 156.44
-9999 -9999 -9999 -9999 -9999 -9999 -9999 -9999 532.2222 532.798 528.73 519.99 513.64 516.19 529.5 521.72 557.94 537.55 491.9 552.16 627.66 553.32 543.63 518.17 466.53 410.09 387.98 375.73 375.55 351.15 354.73 321.98 309.41 313.7 304.77 282.79 258.52 236.34 225.34 212.96 199.73 184.78 169.75 157.15 146.6 142.21 138.45 134.75 133.75 133.07 133.09 133.86 134.89 135.51 137.51 139.85 139.67 139.13 140.55 140.92 140.74 142.9 144.76 145.42 147.63 150.16 150.37 155.86 162 159.1 157.8 157.55 158.32
-9999 -9999 -9999 -9999 -9999 -9999 -9999 -9999 -9999 528.3418 530.11 520.93 535.99 550.77 533.19 511.97 513.99 487.11 562.78 600.84 537.59 518.1 534.79 479.92 489.55 423.34 439.12 419.47 358.94 341.2 337.04 311.59 316.83 319.25 298.26 271.09 247.43 239.54 227.93 213.48 199.85 186.65 174.95 163.69 155.44 149.93 143.24 138.64 135.05 132.45 134.15 133.71 133.54 133.46 133.89 135.44 136.53 137.18 137.72 138.6 139.08 140.79 143.02 145.52 148.07 151.2 152.76 154.72 158.63 156.59 158.24 163.65 172.41
-9999 -9999 -9999 -9999 -9999 -9999 -9999 -9999 -9999 520.4717 511.91 507.75 509.54 523.09 512.53 515.28 488.76 564.74 588.36 578.72 480.68 502.43 497.95 443.74 437.87 435.49 458.14 435.03 351.57 349.33 351.28 328.6 328.33 310.14 293.69 272.35 265.22 249.7 231 213.59 198.94 187.92 177.14 169.67 159.01 149.67 145 142.56 138.96 136.36 134.09 133.34 132.09 131.79 132.32 133.04 134.36 134.22 136.1 137.44 138.36 140.09 142.47 145.45 149.07 152.18 154.25 156.44 159.9 162.24 162.17 174.39 198.16
