layers/wordclim/past/Iberia_lig_10_ascii/bio_08.asc
ncols         166
nrows         94
xllcorner     -9.4959440078468
yllcorner     36.000324005443
cellsize      0.083333337679505
NODATA_value  -9999
[rows 0 to 33 of 94, columns 76 to 151 of 166]
-9999 -9999 -9999 -9999 -9999 -9999 -9999 -9999 -9999 -9999 -9999 -9999 -9999 -9999 -9999 -9999 -9999 -9999 -9999 -9999 -9999 -9999 -9999 -9999 -9999 -9999 -9999 -9999 -9999 -9999 -9999 -9999 -9999 -9999 -9999 -9999 -9999 -9999 -9999 -9999 -9999 -9999 -9999 -9999 -9999 -9999 -9999 -9999 -9999 -9999 -9999 -9999 -9999 -9999 -9999 -9999 -9999 -9999 -9999 -9999 -9999 -9999 -9999 -9999 -9999 -9999 -9999 -9999 -9999 -9999 -9999 -9999 -9999 -9999 -9999 -9999
-9999 -9999 -9999 -9999 -9999 -9999 -9999 -9999 -9999 -9999 -9999 -9999 -9999 -9999 -9999 -9999 -9999 -9999 -9999 -9999 -9999 -9999 -9999 -9999 -9999 -9999 -9999 -9999 -9999 -9999 -9999 -9999 -9999 -9999 -9999 -9999 -9999 -9999 -9999 -9999 -9999 -9999 -9999 -9999 -9999 -9999 -9999 -9999 -9999 -9999 -9999 -9999 -9999 -9999 -9999 -9999 -9999 -9999 -9999 -9999 -9999 -9999 -9999 -9999 -9999 -9999 -9999 -9999 -9999 -9999 -9999 -9999 -9999 -9999 -9999 -9999
-9999 -9999 -9999 -9999 -9999 -9999 -9999 -9999 -9999 -9999 -9999 -9999 -9999 -9999 -9999 -9999 -9999 -9999 -9999 -9999 -9999 -9999 -9999 -9999 -9999 -9999 -9999 -9999 -9999 -9999 -9999 -9999 -9999 -9999 -9999 -9999 -9999 -9999 -9999 -9999 -9999 -9999 -9999 -9999 -9999 -9999 -9999 -9999 -9999 -9999 -9999 -9999 -9999 -9999 -9999 -9999 -9999 -9999 -9999 -9999 -9999 -9999 -9999 -9999 -9999 -9999 -9999 -9999 -9999 -9999 -9999 -9999 -9999 -9999 -9999 -9999
-9999 -9999 -9999 -9999 -9999 -9999 -9999 -9999 -9999 -9999 -9999 -9999 -9999 -9999 -9999 -9999 -9999 -9999 -9999 -9999 -9999 -9999 -9999 -9999 -9999 -9999 -9999 -9999 -9999 -9999 -9999 -9999 -9999 -9999 -9999 -9999 -9999 -9999 -9999 -9999 -9999 -9999 -9999 -9999 -9999 -9999 -9999 -9999 -9999 -9999 -9999 -9999 -9999 -9999 -9999 -9999 -9999 -9999 -9999 -9999 -9999 -9999 -9999 -9999 -9999 -9999 -9999 -9999 -9999 -9999 -9999 -9999 -9999 -9999 -9999 -9999
-9999 -9999 94.16666 93.75 91.27586 96.33334 -9999 -9999 -9999 -9999 -9999 -9999 -9999 -9999 -9999 -9999 -9999 -9999 -9999 -9999 -9999 -9999 -9999 -9999 -9999 -9999 -9999 -9999 -9999 -9999 -9999 -9999 -9999 -9999 -9999 -9999 -9999 -9999 -9999 -9999 -9999 -9999 -9999 -9999 -9999 -9999 -9999 -9999 -9999 -9999 -9999 -9999 -9999 -9999 -9999 -9999 -9999 -9999 -9999 -9999 -9999 -9999 -9999 -9999 -9999 -9999 -9999 -9999 -9999 -9999 -9999 -9999 -9999 -9999 -9999 -9999
96.62963 97.52381 96.50574 93.94 88.45 90.74419 90.14103 91.67273 95.64286 -9999 -9999 -9999 -9999 -9999 97.33334 87.54285 93.02702 91 -9999 -9999 -9999 -9999 -9999 -9999 -9999 -9999 -9999 -9999 -9999 -9999 -9999 -9999 -9999 -9999 -9999 -9999 -9999 -9999 -9999 -9999 -9999 -9999 -9999 -9999 -9999 -9999 -9999 -9999 -9999 -9999 -9999 -9999 -9999 -9999 -9999 -9999 -9999 -9999 -9999 -9999 -9999 -9999 -9999 -9999 -9999 -9999 -9999 -9999 -9999 -9999 -9999 -9999 -9999 -9999 -9999 -9999
88.11 87.46939 96.62626 91.96 91.49 90.22 88.26 84.85 89.31313 88.91781 94.08334 94.50819 95.93443 94.77381 94.71875 89.64 78.18 82.02702 74.68421 75.12195 63.73077 64.4 -9999 -9999 -9999 -9999 -9999 -9999 -9999 -9999 -9999 -9999 -9999 -9999 -9999 -9999 -9999 -9999 -9999 -9999 -9999 -9999 -9999 -9999 -9999 -9999 -9999 -9999 -9999 -9999 -9999 -9999 -9999 -9999 -9999 -9999 -9999 -9999 -9999 -9999 -9999 -9999 -9999 -9999 -9999 -9999 -9999 -9999 -9999 -9999 -9999 -9999 -9999 -9999 -9999 -9999
85.25 83.46 79.88 89.17 89.35 86.03 78.7 78.85 81.05 80.03 81.34 80.16 81.33 88.82 78.87 79 63.76 76.03 69.58 60.91 58.78 56.42857 -9999 -9999 -9999 -9999 -9999 -9999 -9999 -9999 -9999 -9999 -9999 -9999 -9999 -9999 -9999 -9999 -9999 -9999 -9999 -9999 -9999 -9999 -9999 -9999 -9999 -9999 -9999 -9999 -9999 -9999 -9999 -9999 -9999 -9999 -9999 -9999 -9999 -9999 -9999 -9999 -9999 -9999 -9999 -9999 -9999 -9999 -9999 -9999 -9999 -9999 -9999 -9999 -9999 -9999
81.97 80.21 80.89 80.66 81.01 70.33 75.62 77.8 77.9 74.07 72.94 72.72 76.1 78.19 64.87 57.97 56.43 68.41 69.05 65.43 53.72603 34.5 47.73333 -9999 -9999 -9999 -9999 -9999 -9999 -9999 -9999 -9999 -9999 -9999 -9999 -9999 -9999 -9999 -9999 -9999 -9999 -9999 -9999 -9999 -9999 -9999 -9999 -9999 -9999 -9999 -9999 -9999 -9999 -9999 -9999 -9999 -9999 -9999 -9999 -9999 -9999 -9999 -9999 -9999 -9999 -9999 -9999 -9999 -9999 -9999 -9999 -9999 -9999 -9999 -9999 -9999
58.18 75.91 75.92 60.94 45.04 61.48 60.96 73.16 76.07 66.88 74.34 79.23 74.59 60.83 62.83 48.99 49.85 49.68 45.12 36.09 34.4 31.44444 29.10714 26.53572 26.75 -9999 -9999 -9999 -9999 -9999 -9999 -9999 -9999 -9999 -9999 -9999 -9999 -9999 -9999 -9999 -9999 -9999 -9999 -9999 -9999 -9999 -9999 -9999 -9999 -9999 -9999 -9999 -9999 -9999 -9999 -9999 -9999 -9999 -9999 -9999 -9999 -9999 -9999 -9999 -9999 -9999 -9999 -9999 -9999 -9999 -9999 -9999 -9999 -9999 -9999 -9999
52.99 56.56 59.71 62.41 56.44 63.34 63.63 57.18 54.12 43.3 55.41 62.39 55.43 44.05 46.96 52.96 54.54 53.65 52.99 44.21 40.56 34.61 31.57 29.36 25.04 17.89247 14.06557 9.48 -5.206897 -27.6 -9999 -9999 -9999 -9999 -9999 -9999 -9999 -9999 -9999 -9999 -9999 -9999 -9999 -9999 -9999 -9999 -9999 -9999 -9999 -9999 -9999 -9999 -9999 -9999 -9999 -9999 -9999 -9999 -9999 -9999 -9999 -9999 -9999 -9999 -9999 -9999 -9999 -9999 -9999 -9999 -9999 -9999 -9999 -9999 -9999 -9999
54.7 52.97 50.71 53.17 62.12 66.47 65.98 64.18 61.72 60.29 49.99 51.62 50.51 49.44 38.38 50.88 60.61 57.51 52.91 49.21 42.92 40.29 35.34 24.74 31.61 22.4 20.39 13.24 -5.07 -10.76316 -7.8 -9999 -9999 -9999 -47.625 -9999 -9999 -9999 -9999 -9999 -9999 -9999 -9999 -9999 -9999 -9999 35.9 38.28571 -9999 -9999 -9999 -9999 -9999 -9999 -9999 -9999 -9999 -9999 -9999 -9999 -9999 -9999 -9999 -9999 -9999 -9999 -9999 -9999 -9999 -9999 -9999 -9999 -9999 -9999 -9999 -9999
48.94 63.91 56.45 62.55 61.92 56.68 54.69 50.04 50.76 43.58 41.02 44.8 46.13 36.52 41.94 46.51 59.65 61.63 60.15 52.51 51.64 51.12 42.66 39.01 36.65 32.86 31.26 18.22 7.37 -1.47 -19.39785 -15.97015 -25.24359 -18.02273 -32.0202 -41.59702 -43.88462 -9999 -9999 -9999 -9999 -9999 -9999 -9999 -9999 33.09091 37.37 37.88 3.064103 -3.672727 27.425 21.1 -9999 -9999 -9999 -9999 -9999 -9999 -9999 -9999 -9999 -9999 -9999 -9999 -9999 -9999 -9999 -9999 -9999 -9999 -9999 -9999 -9999 -9999 -9999 -9999
48.36 65.91 67.02 65.7 59.57 58.26 55.77 47.36 51.19 51.84 50.22 49.27 51.89 57.93 61.75 57.39 58.91 52.62 51.93 45.78 44.85 49.81 54.19 44.96 38.66 33.53 35.67 29.18 26.43 22.87 7.84 -0.98 -28.45 -16.57 -3.09 -30.47 -21.67391 -28.83721 -27.3617 -16.33333 -13.55556 -12.74074 -10.42593 -15.725 -15.725 3.763158 30.09184 64.15 45.54 18.78 5.24 35.10976 -5.666667 -8.181818 -29.59375 -9999 -9999 -9999 -9999 -9999 -9999 -9999 -9999 -9999 -9999 -9999 -9999 -9999 -9999 -9999 -9999 -9999 -9999 -9999 -9999 -9999
51.3 55.94 60.12 63.6 54.99 46.21 43.58 48.8 49.55 49.34 51.49 59.6 59.09 57.43 62.39 65.39 64.23 55.39 51.46 41.15 41.52 47.63 53.58 46.06 39.86 44.03 43.8 44.62 34.16 27.5 24.81 20.95 8.26 3.75 11.35 -4.98 2.98 -12.67 1.12 1.95 8.14 7.77 7.03 -7.35 24.62 -20.23 -9.49 1.42 -0.22 -3.94 24.74 93.79 45.09 38.62 -27.35052 -42.55556 -9999 -9999 -9999 -9999 -9999 -9999 -9999 -9999 -9999 -9999 -9999 -9999 -9999 -9999 -9999 -9999 -9999 -9999 -9999 -9999
51.16 59.06 63.33 63.93 65.18 64 62.04 62.24 60.12 59.18 61.24 64.2 63.24 64.86 65.03 67.14 66.37 60.03 55.34 46.88 51.61 57.09 55.75 53.89 44 39.46 32.01 38.69 40.91 31.61 31.13 24.42 26.5 27.6 14.34 3.81 12.1 8.88 17.99 26.76 29.88 12.61 24.15 41.42 21.49 11.25 26.56 28.47 15.73 -10.65 -7.25 82.5 109.02 80.73 12.05 16.4 -9999 -9999 -9999 -9999 -9999 -9999 -9999 -9999 -9999 -9999 -9999 -9999 -9999 -9999 -9999 -9999 -9999 -9999 -9999 -9999
51.17 53.64 57.6 57.27 60.12 63.6 61.56 63.71 65.84 65.76 67.04 66.87 65.13 66.04 66.41 64.31 66.21 62.65 63.36 55.69 53.66 55.02 45.31 41.01 37.47 36.5 29.27 27.83 35.37 33.53 33.78 29.18 31.48 31.18 20.01 13.81 30.86 35.12 39 43.14 67.08 55.85 56.71 55.84 40.83 51.85 79.67 63.22 12.35 27.58 32.17 100.09 84.62 57.55 48.91 95.25532 -17 -28.01587 -23.92632 0.5280899 77.44444 110.5294 -9999 -43.33333 -42.3 -26.0625 -9999 -9999 -9999 -9999 32.66667 70.3 78.21429 71.55882 77.98113 93.76923
34.63 34.85 43.11 47.07 57.46 55.15 44.74 53.35 56.97 59.65 59.75 62.7 64.83 67.57 67.11 64.51 67.22 66.46 65.75 64.12 61.39 60.39 55.12 45.11 41.24 36.89 32.37 30.51 35.86 38.04 29.69 28.88 27.92 24.69 33.2 39.83 55.42 63.03 67.38 86.06 94.37 88.1 77.08 68.01 56.33 50.46 92.68 115.88 108.72 113.62 100.13 113.2 61.79 91.46 123.06 131.15 103.59 90.86 103.69 114.47 101.52 39.78082 -10.12121 -12.0125 -9.46 6.97 20.45882 34.57143 42.4 61.40909 63.52128 84.5 107.07 117.98 125.04 120.4157
20.18 29.35 19.72 30.73 45.78 35.53 29.41 37.95 36.74 34.52 43.09 40.33 54.92 64.39 67.52 67.32 67.46 67.56 64.06 61.3 61.34 60.62 58.06 53.21 48.94 45.1 42.77 39.26 45.09 44.77 38.25 28.4 21.77 34.45 53.18 52.92 61.48 66.84 76.93 93.33 99.69 83.93 90.87 74.65 84.88 70.12 104.45 120.81 111.93 135.38 137 96.39 87.16 107.39 140.28 120.66 71.43 41.56 27.41 63.46 50.6 41.47 45.06 75.33 49.52 48.02 91.13 93.51 91.36 71.3 70.22 97.34 124.63 138.38 140.6 135.2921
7.92 10.68 7.29 22.61 27.95 24.32 34.75 27.93 34.33 25.94 37.34 40.46 49.04 56.46 58.35 66.11 69.4 69.28 65.66 65.43 65.1 61.66 60.88 59.07 58.25 53.94 49.57 46.9 50.2 51.58 50.45 49.03 45.17 43.76 78.83 89.04 90.03 83.47 87.06 87.76 100.85 92.6 103.43 96.51 87.59 83.05 107.78 131.35 144.38 154.19 127.76 90.08 115.32 138.29 133.37 89.39 55.88 43.31 67.27 76.44 127.09 94.73 120.05 132.97 140.6 120.95 119.79 114.04 111.62 108.21 106.78 128.17 134.95 138.72 142.1789 143.0741
23.45 19.24 26.17 22.9 12.79 18.5 23.48 18.11 14 21.15 29.05 29.84 37.23 42.99 45.34 60.66 65.8 65.87 67.77 66.56 62.36 59.95 63.62 63.7 62.74 60.57 57.43 55.41 56.62 55.91 53.09 51.22 52.38 52.7 88.89 101.29 103.53 101.15 103.98 103.6 110.39 101.09 102.29 90.89 91.42 89.16 105.33 139.68 159.16 158.73 153.48 129.12 125.06 142.87 128.94 101.89 91.94 128.47 113.66 72.44 144.43 140.61 141.75 140.21 148.82 110.9 93.34 109.73 102.5 99.15 106.22 130.94 134.89 138.62 141.38 144.6269
13.04 8.64 7.51 0.72 4.83 4.23 4.81 6.48 14.69 23.1 20.2 26.42 32.23 44.77 52.98 56.31 59.64 65.29 67.56 67.96 64.65 58 58.8 65.95 61.45 54.78 52.65 54.83 60 56.96 57.46 54.66 56.38 58.11 99.57 105.97 109.26 109.06 111.97 115.66 118.11 97.08 93.03 92.07 101.42 96.64 97.21 120.51 145.79 128.69 139.08 143.28 152.53 161.33 153.87 148.36 146.78 143.03 139.57 148.97 161.1 154.29 152.9 147.78 153.09 160.13 128.63 90.56 107.78 106.29 94.49 123.63 135.49 139.57 143.8 144.6939
29.58 26.99 21.07 10.67 15.81 8.17 16.55 17.45 23.76 18.28 16.78 23.49 31.06 41.05 45.67 48.35 49.82 60.87 62.54 66.3 69.37 67.9 67.36 66.61 61.67 54.43 46.97 53.19 62.54 59.97 55.38 55.87 59.53 60.13 84.24 111.75 114.78 112.76 118.03 120.87 121.58 115.23 109.14 101.1 102.37 106.22 98.61 128.34 145.02 143.52 156.82 157.49 160.07 161.35 155.39 146.45 153.48 160.08 157.24 158.37 164.74 160.43 161.42 153.44 159.44 166.77 129.24 104.4 107.51 119.21 121.23 123.74 115.1 134.34 142.65 144.58
29.65 26.8 25.78 25.98 28.46 29.58 30.65 29.41 32.32 31.66 25.91 23.76 28.82 33.05 33.23 39.42 46.98 52.2 51.02 57.47 66.06 67.62 69.95 68.39 58.32 53.89 54.08 57.85 64.38 61.21 59.1 72.76 66.48 71.76 65.34 108.42 117.9 113.5 120.95 126.82 124.8 123.54 121.03 119.28 119 114.09 111.48 114.03 127.93 126.71 124.15 143.04 132.13 138.78 149.65 147.54 150.21 141.66 125.49 135.21 127.33 148.88 163.03 123.65 151.24 149.06 117.27 98.33 107.75 116.58 121.15 114.2 132.93 131.23 137.78 142.9452
31.67 31.24 28.19 27.93 28.37 28.36 28.39 33.12 34.55 32.79 29.57 27.97 28.99 28.69 28.03 16.85 30.66 42.6 49.27 55.71 60.06 63.98 67.32 70.14 69.13 64.86 61.05 64.75 67.36 62.89 63.6 96.38 104.61 96.29 92.37 113.75 118.52 117.13 118.5 123.51 125.71 130.05 132.19 132.15 127.75 129.91 129.67 131.65 130.48 127.49 124.73 121.63 115.93 113.17 111.77 112.44 116.87 117.34 115.59 122.71 124.89 122.89 119.91 103.95 111.37 102.32 84.79 89.6 124.59 132.05 138.64 136.75 132.23 134.4792 143.575 -9999
35.96 35.24 32.59 34.32 31.95 28.87 30.98 32.29 34.18 35.44 34.05 32.21 32.08 28.71 22.29 20.5 48.96 61.12 39.68 49.37 54.9 60.78 63.97 67.83 69.33 71.49 70.7 69.7 70.24 62.28 72.01 100.39 105.18 107.56 111.09 111.8 109.43 113 114.9 123.62 130.13 134.56 135.84 130.84 128.52 135.82 137.14 136.36 134.26 128.29 120.67 117 113.21 109.79 105.3 102.71 104.95 107.74 115.09 126.97 128.9 116.89 111.68 110.3 116.82 118.58 118.16 128.89 134.63 135.04 141.6939 140.3563 140 139 -9999 -9999
37.26 38.49 36.73 36.34 35.74 36.42 35.02 32.77 33.74 36.6 35.96 33.29 32.44 29.55 27.28 27.33 44.93 53.09 44.03 54.13 53.66 61.06 65.2 61.75 65.38 74.73 68.95 71.28 73.56 70.36 67.66 74.31 105.42 111.61 109.74 114.93 115.43 115.96 124.21 125.29 126.3 133.26 135.16 135.02 137.96 140.93 139.17 136.61 131.12 120.92 118.51 115.61 110.06 106.18 103.53 106 113.95 116.25 116.15 116.51 130.38 115.52 120.04 128.62 135.97 136.8 135.23 130.32 132.8182 135.8289 142.6136 146 -9999 -9999 -9999 -9999
41.54 40.8 37.8 38.63 39.2 36.73 35.64 34.31 35.95 33.08 30.88 32.52 33.58 29.75 31.64 33.08 69.31 88.07 56.43 54.08 54.79 62.79 64.41 60.96 101.42 89.38 89.06 79.16 67.35 71.25 73.68 72.51 73.75 80.36 110.92 111.92 111.29 110.93 115.07 116.15 124.17 121.64 127.01 135.08 141.85 139.94 136.84 130.27 119.96 117.01 113.24 108.3 102.68 99.46 102.02 105.97 116.17 122.65 123.62 127.48 135.83 134.28 136.04 140.54 143.04 138.4 137.8085 139.3469 142.6667 -9999 -9999 -9999 -9999 -9999 -9999 -9999
35.95 36.83 37.07 37.64 36.46 36.29 37.51 37.69 35.34 31.09 30.76 37.26 36.09 35.18 34.91 42.65 45.77 96.93 117.57 72.26 82.59 68.3 61.34 94.79 107.62 111.17 117.97 107.55 93.35 71.98 75.49 75.37 74.34 71.12 106.37 108.72 106.95 108.21 111.46 112.98 113.48 115.94 123.19 122 126.7 130.87 124.84 115.6 111.14 111.3 107.28 108.28 110.75 106.31 106.63 104.16 109.26 119.78 131.78 136.7 138.05 141.93 142.47 141.25 144.2447 142.5758 145.2 -9999 -9999 -9999 -9999 -9999 -9999 -9999 -9999 -9999
27.16 25.38 26.15 31.02 32.89 30.24 30.56 32.27 33.5 32.92 36.13 41.41 40.34 38.3 41.47 67.27 49.84 81.77 62.4 148.84 145.18 152.59 147.14 160.17 164.54 159.14 159.02 130.51 98.45 70.16 74.57 73.74 76.02 82.18 104.47 107.78 108.28 108.75 112.11 117.58 114.39 117.85 117.66 115.15 114.1 111.21 107.2 105.08 103.27 100.24 104.11 109.99 118.72 117.97 118.64 110.2 118.36 131.35 135.66 134.32 127.67 138.35 146.36 146.1277 147.9565 -9999 -9999 -9999 -9999 -9999 -9999 -9999 -9999 -9999 -9999 -9999
19.06 20.08 24.14 26.83 28.39 29.25 28.71 28.84 28.52 32.17 39.02 41.88 43.99 44.67 45.95 61.57 97.61 110.12 122.91 156.25 147.77 146.46 150.52 158.31 156.74 156.94 158.38 163.61 129.85 94.57 68.34 70.99 76.23 106.27 117.12 118.06 118.5 119.78 121.03 118.83 114.14 114.55 116.99 117.07 121.58 119.17 111.81 99.63 95.73 93.47 90.36 107.88 128.66 130.14 129.34 127.86 135.11 139.06 137.79 140.66 133.7653 140.5556 149.7353 150 -9999 -9999 -9999 -9999 -9999 -9999 -9999 -9999 -9999 -9999 -9999 -9999
12.64 19.33 29.48 28.88 32.12 33.73 26.88 26.84 27.03 31.5 36.16 38.65 37.27 45.31 101.86 135.45 139.92 150.97 152.34 155.6 149.25 146.95 146.5 145.55 147.32 152.14 157.22 163.27 166.21 141.21 90.51 72.62 88.76 114.68 114.69 116.31 118.21 118.74 118.42 115.23 118.62 119.21 119.45 116.57 127.57 121.11 113.61 119.15 113.09 109.08 119.24 126.89 137.53 136.86 137.77 137.9592 143.6456 143.2121 146.1136 147.2174 141 -9999 -9999 -9999 -9999 -9999 -9999 -9999 -9999 -9999 -9999 -9999 -9999 -9999 -9999 -9999
19.9 24.39 28.13 30.34 34.21 34.56 28.2 26.72 26.57 25.29 24.18 35.32 54.68 77.08 117.45 143.61 146.12 143.18 141.53 144.5 152.85 148.13 145.54 141.02 141.11 147.64 152.61 157.74 157.36 154.11 145.06 95.36 107.26 108.08 110.37 111.74 109.39 114.97 115.04 113.34 116.97 113.71 112.09 108.5 118.03 126.3 129.23 114.98 89.23 127.85 136.01 140.09 139.3951 130.4528 145.175 146.3333 -9999 -9999 -9999 -9999 -9999 -9999 -9999 -9999 -9999 -9999 -9999 -9999 -9999 -9999 -9999 -9999 -9999 -9999 -9999 -9999
26.04 35.64 36.52 35.8 36 32.07 29.72 26.4 24.83 24.98 26.19 62.54 73.88 78.64 87.36 134.1 138 141.18 141.42 139.46 138.5 149.95 142.28 137.2 128.5 136.05 147.11 152.78 155.61 158.55 154.31 130.12 126.61 106.67 104.97 109.83 110.58 108.49 106.68 109.41 111.32 110.2 113.13 111.46 120.02 132.36 103.32 79.06 105.24 137.5916 141.2963 143.6471 144 -9999 -9999 -9999 -9999 -9999 -9999 -9999 -9999 -9999 -9999 -9999 -9999 -9999 -9999 -9999 -9999 -9999 -9999 -9999 -9999 -9999 -9999 -9999
