layers/wordclim/past/Iberia_lig_10_ascii/bio_7.asc
ncols         166
nrows         94
xllcorner     -9.4959440078468
yllcorner     36.000324005443
cellsize      0.083333337679505
NODATA_value  -9999
[rows 32 to 63 of 94, columns 0 to 72 of 166]
-9999 -9999 -9999 -9999 -9999 -9999 -9999 -9999 -9999 215.5 221.7097 229.49 237.4 245.56 253.29 259.65 266.95 273.1 279.04 281.5 290.59 295.08 296.78 300.2 303.34 305.77 307.94 309.56 312.65 312.87 315.47 318.47 319.97 322.94 324.47 327.26 330.1 333.26 335.84 338.43 341.27 344.21 346.52 348.13 349.7 350.41 351.18 350.11 350.22 350.15 350.94 351.96 352.81 354.55 354.63 354.61 354.88 354.51 353.73 353.69 352.96 351.43 350.68 350.15 349.04 347.99 347.89 348.15 348.34 348.99 349.98 350.75 351.55
-9999 -9999 -9999 -9999 -9999 -9999 -9999 -9999 -9999 -9999 219 228.58 235.34 243.41 251.48 258.85 261.63 269.27 266.53 273.47 286.57 287.66 292.57 293.84 295.76 298.92 305.58 307.81 312.22 314.39 316.27 318.66 320.55 322.4 324.78 327.19 329.91 333.35 336.12 338.52 341.06 344.33 346.74 348.93 350.58 351.92 351.61 350.13 349.29 349.54 350.53 351.38 353.26 354.02 354.48 354.82 354.56 354.5 353.67 353 352.19 351.18 350.85 348.94 348.39 348.01 348.05 347.67 348.88 349.66 350.65 351.51 353.07
-9999 -9999 -9999 -9999 -9999 -9999 -9999 -9999 -9999 -9999 214.2442 225.98 235.37 243.92 251.41 258.75 263.6 263.38 263.63 270.76 275.31 278.01 286.74 295.42 293.11 292.08 300.52 308.09 311.47 312.08 314.88 317.66 318.89 321.36 324.62 327.26 329.89 333.37 335.93 338.91 341.08 344.38 346.98 349.15 350.97 352.48 353.09 349.3 347.82 349.19 350.7 351.84 352.78 354.07 354.57 354.76 354.89 354.54 353.41 352.9 351.47 350.91 350.73 350.03 348.07 348.18 347.73 348 349.76 350.82 351.93 353.09 353.68
-9999 -9999 -9999 -9999 -9999 -9999 -9999 -9999 -9999 201.875 209.0612 222.19 233.47 243.65 247.76 254.12 261.15 269.69 274.72 278.15 278.55 279.77 283.15 289.52 290.18 291.22 298.67 307.01 309.94 309.58 311.67 315.32 318.83 321.03 323.57 326.73 329.68 333.39 336.56 338.95 341.62 344.5 347.2 348.85 350.82 351.75 352.13 350.28 349.39 350.09 351.07 351.76 352.86 353.91 354.42 355.17 354.71 354.56 353.88 352.28 351.57 351.4 350.52 349.59 349.24 349.54 347.74 350.24 350.7 352.26 353.34 354.35 354.59
-9999 -9999 -9999 -9999 -9999 -9999 -9999 -9999 -9999 197.2667 205.0337 217.67 231.11 242.85 249.57 255.3 262.06 270.44 275.71 278.18 280.97 283.1 286.2 288.58 290.6 290.47 298.42 304.74 306.84 310.14 311.46 313.42 316.98 320.97 323.45 325.99 329.31 333.38 336.46 338.95 341.44 344.56 346.58 348.51 349.15 349.59 351.32 351.65 350.94 351.63 351.74 352.83 353.16 353.92 354.38 354.69 354.26 354.75 353.37 352.69 352.26 351.41 350.78 350.42 348.77 348.56 348.96 350.97 353.11 354.69 355.93 356.78 356.55
-9999 -9999 -9999 -9999 -9999 -9999 -9999 -9999 -9999 190.4595 202.2826 215.86 228.87 240.67 249.98 257.46 262.38 269.55 274 277.77 283.07 286.43 289.4 291.07 292.78 295.95 300.08 302.06 302.79 306.39 310.11 311.85 315.83 319.94 323.76 325.57 328.95 333.37 335.93 338.68 341.13 344.35 346.37 346.94 348.41 350.26 352.61 352.38 352.66 352.5 353.03 353.23 353.24 354.59 354.19 354.43 354.41 354.03 353.62 353.27 352.23 352.16 351.9 351.4 351.92 353.53 354.15 355.14 356.02 356.74 358.29 358.97 358.73
-9999 -9999 -9999 -9999 -9999 -9999 -9999 -9999 186 190.6216 203.2577 215.84 228.1 241.19 251.04 255.2 259.57 269.72 275.36 279.76 283.31 285.95 287.6 291.93 296.42 296.91 298.42 292.92 297.94 303.56 307.28 310.77 314.73 320.04 324.15 327.4 329.68 332.82 335.6 337.87 340.18 342.5 345.72 348.3 349.44 351.26 352.52 353.11 352.99 352.81 353.26 353.25 353.99 354.78 355.24 355.6 355.73 355.72 354.82 354.11 354.13 353.8 353.62 353.39 355.47 357.44 356.7 357.47 358.94 359.67 361.35 362.83 362.38
-9999 -9999 -9999 -9999 -9999 -9999 -9999 -9999 189.6452 195.39 207.25 218.68 230.64 242.31 252 253.91 265.88 271.44 276.35 280.18 283.73 287.54 291.21 290.75 281.32 279.57 286.98 291.13 296.11 301.09 307.18 309.33 314.33 320.28 323.83 327.24 330.15 331.55 333.65 334.12 339.19 343.11 346.32 349.24 350.01 351 353.56 353.84 353.59 354.35 354.27 354.52 354.05 356.48 356.99 356.81 356.58 356.32 356.14 357.56 356.74 357.55 357.77 357.59 358.92 359.7 361 360.81 361.08 361.62 364.39 366.77 366.98
-9999 -9999 -9999 -9999 -9999 -9999 -9999 -9999 194.3226 201.49 212.81 224.34 235.03 246.4 255.14 261.52 267.59 272.79 277.12 281.37 283.81 286.29 277.33 265.54 272.77 281.37 291.27 290.39 296.81 302.49 306.16 308.73 314.86 319.66 322.19 325.72 329.4 332.4 334.94 337.84 340.84 346.25 348.73 349.63 351.33 350.97 353.34 354.83 355.93 355.3 354.8 354.08 354.79 356.48 356.52 357.94 359.15 359.87 361.28 360.99 361.63 362.78 362.08 362.14 363.11 363.4 363.43 363.13 363.82 363.45 365.88 371.55 372.44
-9999 -9999 -9999 -9999 -9999 -9999 -9999 195 198.1758 207.29 218.83 230.73 240.81 250.93 258.75 264.12 269.41 274.18 277.43 280.01 282.14 273.16 259.02 266.01 285.25 296.74 299.86 295.8 296.75 301.69 303.96 308.36 312.71 317.54 321.96 325.4 326.31 332.2 336.15 341.46 345.06 347.11 348.95 350.23 349.7 348.05 351.1 355.61 355.49 354.58 354.77 355.52 356.76 358.65 359.74 360.66 361.44 361.53 360.98 361.66 364.99 365.59 365.65 366.06 366.54 366.31 366.23 366.15 366.06 366.94 368.98 373.31 373.94
-9999 -9999 -9999 -9999 -9999 -9999 -9999 196.2 202.44 213.03 224.93 236.06 246.4 255.36 261.36 266.53 270.97 275.1 277.82 278.36 279.19 275.63 265.52 270.35 294.17 300.38 300.89 301.38 300.21 299.64 302.75 305.15 311.62 317.36 320.33 326.6 331.21 336.33 340.44 343.53 346.06 348.02 349.72 351.07 347.55 347.4 352.41 354.86 354.79 355 354.65 356.78 358.38 362.15 362.01 362.38 365.07 366.69 366.43 366.91 367.1 367.53 368.57 369.25 369.05 369.08 369.59 369.42 369.33 370.7 372.53 374.44 375.32
-9999 -9999 -9999 -9999 -9999 -9999 -9999 199.3288 207.06 216.16 226.71 237.93 250.09 259.11 263.81 268.12 271.55 273.29 271.5 268.04 268.89 281.68 288.02 292.98 297.65 299.47 303.7 305.36 306.4 307.51 314.5 318.3 315.09 324.01 329.15 332.81 336.25 338.57 342.69 345.21 347.34 349.54 349.82 348.02 352.69 351.85 351.27 352.94 355.43 359.89 359.86 361.56 364.28 366.48 366.18 367.86 368.34 368.75 369.68 369.72 370.29 371.26 371.53 371.41 371.95 372.45 372.55 372.27 373.14 373.74 374.56 376.11 377.54
-9999 -9999 -9999 -9999 -9999 -9999 -9999 201.4 208.6477 219.45 229.85 240.43 253.54 260.3 264.52 264.37 264.85 266.29 269.72 270.36 276.61 286.13 287.65 290.18 295.72 301.17 307.12 309.46 311.86 315.64 319.78 321.81 324.42 328.88 332.94 335.28 337.77 340.86 343.71 346.28 348.49 350.07 350.73 353.11 353.06 356.57 358.88 360.71 362.26 363.38 364.2 365.19 366.54 368.12 369.34 370.04 370.31 370.7 371.71 371.98 372.92 373.48 373.88 374.74 375.05 375.28 375.13 376.03 376.15 376.38 377.34 378.28 379.34
-9999 -9999 -9999 -9999 -9999 -9999 -9999 201.9067 211.36 220.98 230.8 242.26 250.99 257.94 255.18 255.55 263.23 269.62 273.4 278.81 284.66 282.11 289.6 289.91 301.23 306.23 308.61 311.98 313.56 315.04 318.56 324.47 328.17 331.62 334.12 336.39 339.51 342.96 345.02 347.29 349.43 351.6 354.07 355.88 357.52 359.71 360.62 362.33 363.29 364.6 365.31 366.94 368.03 370.05 371.19 372.05 372.94 373.28 373.85 374.76 375.5 375.92 376.79 377.55 377.64 377.93 378.88 378.67 378.77 379.14 379.57 380.03 380.68
-9999 -9999 -9999 -9999 -9999 -9999 196.2353 202.02 212.81 221.96 231.52 241.58 249.95 255.15 256.4 262.38 268.78 271.53 272.44 276.37 279.61 286.54 295.9 299.89 303.84 307.75 310.27 314.01 316.4 318.92 322.19 326.33 328.54 332.2 335.15 338.12 341.38 343.89 346.18 348.48 350.23 353.82 355.54 357.62 359.35 360.29 361.92 363.35 364.85 365.75 367.07 368.44 369.54 371.75 372.99 373.46 374.53 375.02 375.63 377.09 377.72 378.52 379.55 379.94 380.4 381.4 381.49 381.06 381.38 381.99 382.36 382.7 383.67
-9999 -9999 -9999 -9999 -9999 -9999 194.4762 202.17 213.06 222.66 231.39 240.56 247.88 254.31 259.08 264.53 267.69 268.92 271.2 272.84 283.06 291.58 297.01 301.86 305.46 308.73 312.02 315.69 318.53 320.42 323.31 327.29 330.63 333.06 335.82 339.24 342.17 344.59 346.93 349.15 351.95 355.13 356.88 358.91 360.56 361.46 363.85 365.24 366.88 367.58 369.35 370.52 372.02 373.15 374 375.75 376.81 377.39 378.56 378.85 379.57 381.16 381.74 382.06 383.25 383.88 383.62 383.74 384.24 384.33 384.51 385.37 385.75
-9999 -9999 -9999 -9999 -9999 188.2143 193.8469 203.01 212.53 222.59 231.4 239.25 246.03 252.93 259.07 263.47 268.43 271.64 273.18 277.4 285.93 291.65 296.66 301.46 305.74 309.48 312.68 316.19 318.44 321.75 324.6 328.2 331.52 334.5 337.19 340.36 343.13 345.28 347.97 350.87 354.1 355.97 358.43 360.22 362.04 363.47 365.19 367.29 368.17 369.61 371.04 372.57 373.42 374.45 376.65 377.88 379.08 380.4 381.27 381.68 382.61 383.07 383.95 384.98 386.13 386.41 386.55 387.14 386.99 386.83 387.02 387.39 387.54
-9999 -9999 -9999 -9999 -9999 187.75 195.34 204.34 212.71 222.39 230.39 237.68 244.63 251.83 257.9 263.07 267.34 271.56 275.55 281.88 286.91 290.98 296.34 301.32 305.21 308.55 312.23 316.13 318.77 322.29 326.25 329.66 332.3 334.89 337.9 341.77 344.93 347.3 349.38 352.12 355.3 357.52 359.52 361.73 363.25 365.36 366.71 369.13 370.38 372.34 373.09 374.77 375.96 376.62 379.11 380.51 381.6 382.87 383.18 383.84 385.52 386 386.61 387.96 388.43 388.42 389.07 389.63 389.4 389.32 389.77 389.5 389.21
-9999 -9999 -9999 -9999 -9999 186.9756 195.02 205.06 214.09 223.87 230.15 237.31 243.65 250.49 256.98 262.3 267.18 270.54 275.17 281.46 286.33 290.76 295.84 300.22 303.85 307.74 312.23 315.06 319.39 323.15 326.74 329.95 332.73 335.65 338.74 342.55 345.79 348.24 350.71 353.57 356.8 358.71 360.72 363.35 365.05 366.88 368.2 370.65 372.19 373.66 374.96 376.92 377.76 378.91 380.41 382.46 383.55 384.51 384.99 386.48 387.54 388.09 388.78 390.21 390.34 390.85 391.67 391.78 391.44 391.64 391.87 391.77 391.26
-9999 -9999 -9999 -9999 178.9063 186.9798 195.92 208.49 217.06 224.06 230.35 236.24 242.76 249.31 256.03 261.5 266.86 271.25 275.75 280.74 285.59 289.39 294.3 298.24 302.74 306.2 310.98 313.84 317.94 323.16 328.41 331.61 334.31 337.32 340.58 343.8 346.46 349.52 351.6 354.99 357.76 360.01 362.11 364.78 366.35 368.06 369.9 372.3 373.63 375.13 376.16 378.46 379.32 380.99 382.41 383.17 385.31 386.48 386.12 388.35 388.41 389.56 390.67 391.78 391.94 392.49 393.6 393.69 393.42 394.01 393.57 393.35 393.11
-9999 -9999 -9999 170.3571 177.69 188.12 199 209.27 215.92 222.18 228.83 235.58 242.35 249.1 255.14 260.43 265.95 271.09 275.53 280.02 284.07 287.98 292.47 296.14 298.56 303.05 309.07 313.89 317.18 322.36 328.81 332.63 335.92 339.15 342.26 345.42 347.48 350.21 352.74 356.11 358.98 361.31 363.63 365.72 367.65 368.86 371.46 373.75 375.25 376.06 378.46 379.78 380.78 382.72 383.05 384.19 386.83 388.14 388.99 390.59 391.55 391.96 393.17 394 393.78 393.76 395.11 395.57 395.57 396.09 395.42 394.47 394.45
-9999 150.6667 161.125 170.0116 180.24 190.15 200.15 207.07 214.58 222.74 229.02 235.44 242.64 249.13 255.36 260.47 265.61 270.47 274.98 279.38 283.88 287.64 291.43 294.49 294.41 295.79 303.8 310.67 317.26 322.86 328.22 332.6 336.88 339.45 343.08 346.56 349.16 351.79 354.24 357.21 360.02 362.64 364.7 366.92 368.78 370.43 372.5 374.57 377.01 378.62 379.84 380.78 382.15 383.31 384.37 385.2 387.2 389.22 390.69 392.57 393.2 393.58 394.88 395.51 395.92 396.89 397.23 397.37 397.28 397.7 397.44 396.33 395.85
-9999 155.1538 165.09 174.66 183.86 192.98 201.52 208.72 216.43 223.71 229.98 236.74 243.83 249.58 255.35 260.36 265.16 270.31 274.96 279.23 283.79 287.73 292.32 295.99 296.71 295.66 301.92 312.95 321.25 325.61 330.94 335.6 338.67 341.14 344.58 347.59 349.72 352.91 355.16 357.9 361.23 363.69 365.67 368.17 370.21 371.67 373.75 375.62 377.78 379.47 380.37 381.69 382.58 384.13 386.53 386.84 388.5 390.32 391.66 393.53 394.5 394.67 395.88 397.03 397.97 398.54 399.21 399.08 398.91 399.33 398.63 397.41 396.33
-9999 165.6667 170.41 179.34 188.66 199.58 204.83 211.99 218.9 225.23 231.61 238.27 244.95 250.14 255.7 260.49 265.1 270.22 274.75 279.07 283.69 287.74 291.73 296.49 300.77 303.88 308.85 316.13 323.76 328.79 332.83 337.66 340.21 342.91 345.7 348.8 351.03 353.94 356.42 359.08 361.65 364.43 366.74 369.07 370.66 372.96 374.86 376.31 377.56 379.57 381.41 383.31 383.53 385.63 387.59 388.77 390.13 391.09 391.48 394.55 396.03 396.42 396.67 397.99 399.18 399.54 400.45 399.89 399.5 399.65 398.35 397.23 396.82
-9999 171.4531 176.73 185.71 196.26 201.94 208.4 215.48 221.21 227.4737 233.87 239.69 246 251.16 256.24 260.85 265.26 270.19 274.77 279.25 284.09 288.3 292.92 297.26 302.06 307.25 314.35 320.51 326.87 332.05 336.02 339.6 341.65 344.09 346.59 349.82 352.43 355.08 357.27 359.75 363.53 365.23 367.32 369.6 371.57 373.77 375.02 376.74 378.45 380.69 382.04 383.83 385.41 387.38 388.69 389.8 391.68 392.18 392.78 394.87 396.76 397.73 398.09 399.36 400.33 401.05 401.39 400.82 399.68 399.71 398.45 397.64 397.36
-9999 177.42 184.74 193.5 202.23 207.87 212.1064 218.0333 224.3218 230.29 236.43 241.51 247.29 252.02 256.71 261.44 265.7 270.47 274.88 279.33 284.27 288.57 293.57 299.34 303.93 309.16 316.25 323.27 329.07 334.48 337.86 340.93 343.08 345.35 347.37 350.41 353.3 355.75 358.08 360.61 363.28 365.91 368.4 370.14 371.97 374.02 376.14 378.48 379.9 381.47 383.03 384.82 386.44 387.5 389.27 390.84 392.42 393.73 394.36 394.49 395.98 397.94 398.94 399.5 401.36 401.08 402.03 401.77 400.34 399.68 399.55 398.11 397.29
-9999 185.6122 193.66 201.67 208.86 213.4742 217.4177 221.98 227.9 233.21 238.47 243.14 248.35 252.78 257.48 261.99 266.12 270.92 275.15 279.28 284.18 288.57 293.54 299.63 304.66 309.96 315.61 323.02 330.39 335.8 339.32 341.27 342.89 345.29 347.65 350.29 353.69 356.01 358.32 361.34 363.36 365.93 368.61 370.76 373.16 375.09 377.14 379.12 380.81 382.44 383.75 384.81 387.74 389.48 390.14 392.02 392.75 393.54 394.72 395.85 396.45 397.6 398.4 398.9 401.33 401.47 402.47 402.53 401.36 399.82 399.44 398.42 397.53
187.7419 192.29 200 207.57 213.05 215.9833 221.4568 225.75 231.39 235.87 241.02 245.62 250.31 254.6 258.39 262.92 266.81 271.22 275.45 279.68 284.45 288.99 293.31 299.28 304.72 310.71 315.39 323.05 330.23 335.82 339.75 341.29 343.19 344.99 347.3 349.67 353.28 356.34 358.91 361.05 363.3 366.09 369.1 371.85 374.33 376.17 378.59 379.39 381.58 382.78 384.65 385.6 387.48 389.41 389.81 391.93 393.21 393.88 396.01 396.83 396.58 397.87 398.92 399.15 399.71 400.62 401.21 401.52 401.42 400.18 399.27 400.07 398.04
190.7531 197.57 204.83 212.98 218.0426 217 226.4762 229.59 234.47 238.38 243.11 247.51 251.99 256.2 259.89 264.24 267.49 271.53 275.53 279.7 284.68 289.25 294.33 299.9 304.71 311.35 317.45 323.6 329.4 334.47 337.85 340.09 343.07 345.1 347.45 350.39 352.96 356.28 358.95 361.59 364.23 366.95 369.15 372.25 374.88 377.12 379.04 380.24 382.15 383.85 385.36 387.04 387.72 388.69 390.87 392.11 393.24 393.22 395.33 396.72 397.22 397.62 398.59 398.95 399.62 400.33 401.02 400.35 400.17 399.43 398.49 398.15 397.51
192.92 199.0986 206.6081 215.7662 220.7111 225.5417 228.6517 232.38 236.43 240.83 245.46 249.4 253.36 257.53 261.47 265.41 268.49 272.02 275.67 279.71 284.88 289.75 294.84 300.86 306.29 311.77 317.26 322.06 328.23 332.42 335.85 338.6 341.49 344.35 347.41 350 352.28 355.65 359.06 361.66 364.61 367.23 369.6 372.25 374.47 377 378.86 381.39 382.72 384.73 385.87 387.25 388.13 388.36 390.34 391.22 392.04 393.59 394.28 395.52 397.09 397.98 398.21 399 398.93 399.47 400.7 399.73 397.55 397.93 398.15 397.18 396.94
-9999 -9999 210.5 217.1081 221.5325 226.6667 230.6 234.48 237.85 242.3 246.51 250.53 254.95 259.53 263.43 267.13 270.02 273.26 275.96 280.42 285.71 290.78 296.27 301.68 306.71 311.67 316.39 320.93 326.54 330.49 334 337.48 340 343.49 346.75 349.35 352.08 355.27 358.16 361.69 364.68 367.22 370.31 372.26 374.65 376.87 378.78 380.85 382.95 384.2 385.75 386.46 387.67 388.6 390.44 391.17 392.78 394.19 394.8 395.28 396.42 397.63 397.78 397.91 398.64 398.35 397.57 397.01 397.74 395.8 396.89 395.75 395.3
-9999 -9999 -9999 218.7083 222.27 227.92 232.3838 235.7059 238.4396 243.2418 247.69 251.82 256.21 261.23 264.8 268.75 271.91 275.28 278.06 282.16 287.23 292.2 297.51 302.28 307.12 311.26 315.52 319.93 324.4 328.66 332.33 335.32 338.16 341.83 345.39 348.63 351.72 354.86 357.55 361.11 364.16 367.51 369.82 372.49 374.6 376.73 378.99 380.82 382.96 384.41 385.95 387.49 388.21 389.42 390.3 390.58 391.63 392.52 394.28 396.13 396.8 396.7 396.88 396.41 395.35 396.04 396.12 395.28 395.2 395.54 395.1 395.37 394.88
