layers/wordclim/past/Iberia_lig_10_ascii/bio_14.asc
ncols         166
nrows         94
xllcorner     -9.4959440078468
yllcorner     36.000324005443
cellsize      0.083333337679505
NODATA_value  -9999
[rows 0 to 36 of 94, columns 83 to 165 of 166]
-9999 -9999 -9999 -9999 -9999 -9999 -9999 -9999 -9999 -9999 -9999 -9999 -9999 -9999 -9999 -9999 -9999 -9999 -9999 -9999 -9999 -9999 -9999 -9999 -9999 -9999 -9999 -9999 -9999 -9999 -9999 -9999 -9999 -9999 -9999 -9999 -9999 -9999 -9999 -9999 -9999 -9999 -9999 -9999 -9999 -9999 -9999 -9999 -9999 -9999 -9999 -9999 -9999 -9999 -9999 -9999 -9999 -9999 -9999 -9999 -9999 -9999 -9999 -9999 -9999 -9999 -9999 -9999 -9999 -9999 -9999 -9999 -9999 -9999 -9999 -9999 -9999 -9999 -9999 -9999 -9999 -9999 -9999
-9999 -9999 -9999 -9999 -9999 -9999 -9999 -9999 -9999 -9999 -9999 -9999 -9999 -9999 -9999 -9999 -9999 -9999 -9999 -9999 -9999 -9999 -9999 -9999 -9999 -9999 -9999 -9999 -9999 -9999 -9999 -9999 -9999 -9999 -9999 -9999 -9999 -9999 -9999 -9999 -9999 -9999 -9999 -9999 -9999 -9999 -9999 -9999 -9999 -9999 -9999 -9999 -9999 -9999 -9999 -9999 -9999 -9999 -9999 -9999 -9999 -9999 -9999 -9999 -9999 -9999 -9999 -9999 -9999 -9999 -9999 -9999 -9999 -9999 -9999 -9999 -9999 -9999 -9999 -9999 -9999 -9999 -9999
-9999 -9999 -9999 -9999 -9999 -9999 -9999 -9999 -9999 -9999 -9999 -9999 -9999 -9999 -9999 -9999 -9999 -9999 -9999 -9999 -9999 -9999 -9999 -9999 -9999 -9999 -9999 -9999 -9999 -9999 -9999 -9999 -9999 -9999 -9999 -9999 -9999 -9999 -9999 -9999 -9999 -9999 -9999 -9999 -9999 -9999 -9999 -9999 -9999 -9999 -9999 -9999 -9999 -9999 -9999 -9999 -9999 -9999 -9999 -9999 -9999 -9999 -9999 -9999 -9999 -9999 -9999 -9999 -9999 -9999 -9999 -9999 -9999 -9999 -9999 -9999 -9999 -9999 -9999 -9999 -9999 -9999 -9999
-9999 -9999 -9999 -9999 -9999 -9999 -9999 -9999 -9999 -9999 -9999 -9999 -9999 -9999 -9999 -9999 -9999 -9999 -9999 -9999 -9999 -9999 -9999 -9999 -9999 -9999 -9999 -9999 -9999 -9999 -9999 -9999 -9999 -9999 -9999 -9999 -9999 -9999 -9999 -9999 -9999 -9999 -9999 -9999 -9999 -9999 -9999 -9999 -9999 -9999 -9999 -9999 -9999 -9999 -9999 -9999 -9999 -9999 -9999 -9999 -9999 -9999 -9999 -9999 -9999 -9999 -9999 -9999 -9999 -9999 -9999 -9999 -9999 -9999 -9999 -9999 -9999 -9999 -9999 -9999 -9999 -9999 -9999
-9999 -9999 -9999 -9999 -9999 -9999 -9999 -9999 -9999 -9999 -9999 -9999 -9999 -9999 -9999 -9999 -9999 -9999 -9999 -9999 -9999 -9999 -9999 -9999 -9999 -9999 -9999 -9999 -9999 -9999 -9999 -9999 -9999 -9999 -9999 -9999 -9999 -9999 -9999 -9999 -9999 -9999 -9999 -9999 -9999 -9999 -9999 -9999 -9999 -9999 -9999 -9999 -9999 -9999 -9999 -9999 -9999 -9999 -9999 -9999 -9999 -9999 -9999 -9999 -9999 -9999 -9999 -9999 -9999 -9999 -9999 -9999 -9999 -9999 -9999 -9999 -9999 -9999 -9999 -9999 -9999 -9999 -9999
46.21818 45.78571 -9999 -9999 -9999 -9999 -9999 52 58.02857 55.64865 56 -9999 -9999 -9999 -9999 -9999 -9999 -9999 -9999 -9999 -9999 -9999 -9999 -9999 -9999 -9999 -9999 -9999 -9999 -9999 -9999 -9999 -9999 -9999 -9999 -9999 -9999 -9999 -9999 -9999 -9999 -9999 -9999 -9999 -9999 -9999 -9999 -9999 -9999 -9999 -9999 -9999 -9999 -9999 -9999 -9999 -9999 -9999 -9999 -9999 -9999 -9999 -9999 -9999 -9999 -9999 -9999 -9999 -9999 -9999 -9999 -9999 -9999 -9999 -9999 -9999 -9999 -9999 -9999 -9999 -9999 -9999 -9999
46.55 46.91919 48.41096 48.36666 50.31147 50.63934 52.44048 52.90625 55.25 58.06 56.82433 57.63158 55.97561 56.19231 55.2 -9999 -9999 -9999 -9999 -9999 -9999 -9999 -9999 -9999 -9999 -9999 -9999 -9999 -9999 -9999 -9999 -9999 -9999 -9999 -9999 -9999 -9999 -9999 -9999 -9999 -9999 -9999 -9999 -9999 -9999 -9999 -9999 -9999 -9999 -9999 -9999 -9999 -9999 -9999 -9999 -9999 -9999 -9999 -9999 -9999 -9999 -9999 -9999 -9999 -9999 -9999 -9999 -9999 -9999 -9999 -9999 -9999 -9999 -9999 -9999 -9999 -9999 -9999 -9999 -9999 -9999 -9999 -9999
45.29 46.34 48.12 49.3 51.96 52.47 51.91 54.41 55 56.71 54.86 55.22 55.61 54.89 55 -9999 -9999 -9999 -9999 -9999 -9999 -9999 -9999 -9999 -9999 -9999 -9999 -9999 -9999 -9999 -9999 -9999 -9999 -9999 -9999 -9999 -9999 -9999 -9999 -9999 -9999 -9999 -9999 -9999 -9999 -9999 -9999 -9999 -9999 -9999 -9999 -9999 -9999 -9999 -9999 -9999 -9999 -9999 -9999 -9999 -9999 -9999 -9999 -9999 -9999 -9999 -9999 -9999 -9999 -9999 -9999 -9999 -9999 -9999 -9999 -9999 -9999 -9999 -9999 -9999 -9999 -9999 -9999
42.36 43.82 46.07 47.88 49.35 49.08 49.75 52.5 53.49 53.8 51.96 51.6 51.39 53.0137 54 51.06667 -9999 -9999 -9999 -9999 -9999 -9999 -9999 -9999 -9999 -9999 -9999 -9999 -9999 -9999 -9999 -9999 -9999 -9999 -9999 -9999 -9999 -9999 -9999 -9999 -9999 -9999 -9999 -9999 -9999 -9999 -9999 -9999 -9999 -9999 -9999 -9999 -9999 -9999 -9999 -9999 -9999 -9999 -9999 -9999 -9999 -9999 -9999 -9999 -9999 -9999 -9999 -9999 -9999 -9999 -9999 -9999 -9999 -9999 -9999 -9999 -9999 -9999 -9999 -9999 -9999 -9999 -9999
40.22 40.73 43.92 43.81 44.05 45.44 48.74 48.71 51.06 51.08 51.15 51.82 53.41 53.175 52.96296 53.71429 53.39286 52.45833 -9999 -9999 -9999 -9999 -9999 -9999 -9999 -9999 -9999 -9999 -9999 -9999 -9999 -9999 -9999 -9999 -9999 -9999 -9999 -9999 -9999 -9999 -9999 -9999 -9999 -9999 -9999 -9999 -9999 -9999 -9999 -9999 -9999 -9999 -9999 -9999 -9999 -9999 -9999 -9999 -9999 -9999 -9999 -9999 -9999 -9999 -9999 -9999 -9999 -9999 -9999 -9999 -9999 -9999 -9999 -9999 -9999 -9999 -9999 -9999 -9999 -9999 -9999 -9999 -9999
40.64 42.35 46 44.09 43.45 45 47.85 47.74 46.92 46.82 46.91 46.92 48.36 48.78 49.85 50.23 50.4 51.32 53.50537 54.36066 55.92 63.10345 74.8 -9999 -9999 -9999 -9999 -9999 -9999 -9999 -9999 -9999 -9999 -9999 -9999 -9999 -9999 -9999 -9999 -9999 -9999 -9999 -9999 -9999 -9999 -9999 -9999 -9999 -9999 -9999 -9999 -9999 -9999 -9999 -9999 -9999 -9999 -9999 -9999 -9999 -9999 -9999 -9999 -9999 -9999 -9999 -9999 -9999 -9999 -9999 -9999 -9999 -9999 -9999 -9999 -9999 -9999 -9999 -9999 -9999 -9999 -9999 -9999
35.41 36.79 38.02 41.72 42.19 42.92 43.29 46.65 43.74 41.68 42.32 43.17 43.88 45.08 45.27 46.27 49.33 46.15 49.2 49.56 52.63 61.43 64.19736 62.26667 -9999 -9999 -9999 87.375 -9999 -9999 -9999 -9999 -9999 -9999 -9999 -9999 -9999 -9999 -9999 64.7 69.42857 -9999 -9999 -9999 -9999 -9999 -9999 -9999 -9999 -9999 -9999 -9999 -9999 -9999 -9999 -9999 -9999 -9999 -9999 -9999 -9999 -9999 -9999 -9999 -9999 -9999 -9999 -9999 -9999 -9999 -9999 -9999 -9999 -9999 -9999 -9999 -9999 -9999 -9999 -9999 -9999 -9999 -9999
36.35 36.65 39.65 41.14 40.51 40.7 43.21 42.03 41.13 38.11 37.56 37.8 39.55 39.23 38.98 40.95 41.49 41.68 42.42 42.46 47.77 52.96 57.63 67.51613 65.50746 71.19231 67.48864 77.50505 82.61194 87.46154 -9999 -9999 -9999 -9999 -9999 -9999 -9999 -9999 68.63636 63.87 72.32 81.01282 83.2 76.7 77.4 -9999 -9999 -9999 -9999 -9999 -9999 -9999 -9999 -9999 -9999 -9999 -9999 -9999 -9999 -9999 -9999 -9999 -9999 -9999 -9999 -9999 -9999 -9999 -9999 -9999 -9999 -9999 -9999 -9999 -9999 -9999 -9999 -9999 -9999 -9999 -9999 -9999 -9999
34.14 33.25 33.55 34.77 35.72 35.69 34.07 32.98 34.66 34.54 36.43 36.66 38.29 38.17 36.23 34.37 36.6 38.15 39.56 38.14 40.28 41.08 42.56 50.42 55.53 71.82 65.84 57.8 75.83 70.05434 85.30232 84.04256 75.75439 72.63889 82.14815 82.44444 85.6 86.1 78.57895 69.64286 67.03 72.71 77.15 80.22 75.15854 80.47619 79.89394 83.40625 -9999 -9999 -9999 -9999 -9999 -9999 -9999 -9999 -9999 -9999 -9999 -9999 -9999 -9999 -9999 -9999 -9999 -9999 -9999 -9999 -9999 -9999 -9999 -9999 -9999 -9999 -9999 -9999 -9999 -9999 -9999 -9999 -9999 -9999 -9999
31.18 30.85 31.39 31.04 28.68 29.72 31.11 29.71 29.04 29.71 32.31 33.43 36.65 36.24 33.9 31.58 33.64 35.32 33.06 32.45 31.45 35.05 37.81 38.88 40.96 48.34 51.28 47.27 57.72 53.71 65.54 71.09 64.13 59.02 72.5 73.36 81.53 69.67 87.48 83.27 79.58 80.92 81.79 76.5 65.22 72.17 72.64 81.72165 85 -9999 -9999 -9999 -9999 -9999 -9999 -9999 -9999 -9999 -9999 -9999 -9999 -9999 -9999 -9999 -9999 -9999 -9999 -9999 -9999 -9999 -9999 -9999 -9999 -9999 -9999 -9999 -9999 -9999 -9999 -9999 -9999 -9999 -9999
23.8 23.67 24.18 23.9 23.71 25.03 25.6 26.29 25.74 25.93 27.91 29.32 31.8 30.06 28.1 28.03 28 30.93 31.99 34.56 31.29 29.62 33.6 33.44 36.92 35.6 35.19 43.66 50.62 46.66 50.34 48.78 42.41 49.21 67.79 65.98 59.71 69.44 73.79 69.8 72.15 76.1 82.57 80.89 65.46 59.3 65.53 74.8 72.84 -9999 -9999 -9999 -9999 -9999 -9999 -9999 -9999 -9999 -9999 -9999 -9999 -9999 -9999 -9999 -9999 -9999 -9999 -9999 -9999 -9999 -9999 -9999 -9999 -9999 -9999 -9999 -9999 -9999 -9999 -9999 -9999 -9999 -9999
20.84 19.29 18.62 18.8 20.09 21.67 22.42 23.09 24.16 23.68 24.4 24.22 26.43 26.84 26.09 28.82 30.03 30.89 30.89 33.66 33.82 29.65 30.13 29.69 31.88 30.57 30.86 38.07 42.88 45.27 37.56 38.52 33.75 44.16 51.28 52.77 54.64 61.19 58.67 56.83 63.46 74.59 72.97 71.88 59.93 62.85 68.12 68.59 58.74468 74.09677 78.19048 77.02105 72.01124 59.40741 55.29412 -9999 81.66666 81.6 74.0625 -9999 -9999 -9999 -9999 50.66667 34.5 28.35714 30.58824 27.20755 21.69231 -9999 -9999 -9999 -9999 -9999 -9999 -9999 -9999 -9999 -9999 -9999 -9999 -9999 -9999
22.62 21.22 19.43 19.59 19.25 19.5 19.65 20.39 21.64 21.32 21.55 21.18 21.52 21.96 21.97 23.22 26.1 27 28.38 29.98 30.31 27.4 26.07 29.9 30.14 30.66 33.26 33.98 37.08 40.19 41 34.95 30.51 31.69 36.34 43.09 48.44 54.36 57.46 54.47 56.07 58.05 56.84 58.31 54.41 66.57 61.25 49.82 45.5 54.28 57.17 55.09 52.81 53.46 60.49315 67.69697 69.675 69.92 62.4 57.49412 53.8 50.7 46.13636 41.09575 30.05 21.72 19.13 18.57 18.47191 14.04762 12 -9999 -9999 -9999 -9999 -9999 -9999 -9999 -9999 -9999 -9999 -9999 -9999
27.32 28.1 29.44 25.19 26.5 20.83 18.37 18.22 18.7 19.09 19.22 20.11 20.45 19.74 19.65 20.04 21.11 22.06 22.9 23.17 24.25 21.39 21.1 23.37 28.66 33.23 34.35 35.97 42.22 38.85 37.36 33.94 28.48 27.83 36.46 35.51 44.16 42.14 49.46 46.41 51.3 55.76 48.4 46.28 58.87 61.44 54.62 40.19 50.55 61.34 65.53 65.1 59.58 59.33 60.22 58.62 54.61 56.82 55.7 49.82 45.3 44.9 45.05 39.92 30.13 23.24 18.38 16.48 16.1236 17.47312 14.97143 -9999 -9999 -9999 -9999 -9999 -9999 -9999 -9999 -9999 -9999 -9999 -9999
29.98 27.6 31.58 26.82 24.93 21.41 19.13 19.06 17.04 16.68 16.86 17.76 17.72 17.56 17.9 17.47 17.45 17.22 18.06 18.98 19.41 17.75 16.75 16.53 16.33 17.28 18.81 22.11 21.94 23.1 27.71 27.82 29.35 25.93 31.18 28.68 33.38 38.93 42.68 39.62 47.03 42.81 38.54 48.89 58.26 51.94 41.5 43.66 55.78 60.82 61.43 58.73 54.94 44.47 50.74 48.96 44.59 41.84 47.22 45.69 40.26 40.65 36.93 32.89 27.76 22.93 19.84 16.70526 15.11111 16.5 -9999 -9999 -9999 -9999 -9999 -9999 -9999 -9999 -9999 -9999 -9999 -9999 -9999
32.86 35.02 32.22 28.96 28.78 25.17 22.59 21.91 17.01 15.98 16.01 15.52 15.73 16.54 16.9 15.7 15.14 14.55 14.56 14.92 15.07 14.29 13.94 14.1 14.04 13.34 13.19 14.47 15.56 16.48 18.91 19.84 21.76 21.23 26.23 27.59 34.05 35.56 38.08 35.07 41.6 33.24 35.15 37.02 47.23 48.93 39.78 45.67 49.79 52.47 45.13 48.28 53.97 36.36 38.29 38.15 40.37 37.65 46.72 48.48 40.76 43.12 40.89 35.57 28.37 24.58 21.39 18.04 15.10448 15 -9999 -9999 -9999 -9999 -9999 -9999 -9999 -9999 -9999 -9999 -9999 -9999 -9999
36.47 33.26 29.85 31.43 28.95 26.63 21.29 17.83 16.87 16.03 14.46 14.07 13.72 14.39 15.97 15.47 13.18 13.95 15.58 15.93 14.54 12.62 12.59 11.95 12.13 11.53 11.45 12.36 13.4 14.09 15.61 16.36 16.9 17.73 26.54 29.7 31.64 29.56 32.92 38.47 40.75 33.84 44 42.62 40.61 35.84 32.15 33.75 35.28 35.84 37.47 38.68 34.15 30.01 31.57 32.2 35.67 35.75 35.91 42.5 47.63 42.94 40.55 37.83 28.94 24.63 21.6 17.47 15.14286 14.27586 -9999 -9999 -9999 -9999 -9999 -9999 -9999 -9999 -9999 -9999 -9999 -9999 -9999
30.79 28.26 30.8 31.62 28.91 25.89 21.77 19.95 18.41 17.76 14.34 13.85 12.78 11.78 11.85 11.76 11.58 12.6 14.37 16.49 14.22 11.56 11.77 12.47 11.89 10.88 10.74 11.45 12.19 12.58 14.19 14.22 14.78 15.87 19.07 22.55 26.99 28.03 28.01 33.46 31.6 30.9 37.27 30.75 29.52 30.65 31.74 33.26 36.14 33.13 30.57 30.53 30.66 29.34 30.24 30.76 33.67 34.85 35.99 39.47 43.01 44.17 37.11 31.38 26.89 28.62 23.84 18.08 15.12 14.35417 -9999 -9999 -9999 -9999 -9999 -9999 -9999 -9999 -9999 -9999 -9999 -9999 -9999
25.46 24 24.03 26.56 27.73 25.62 23.89 23.88 21.31 18.25 16.02 16.09 13.91 11.31 10.71 9.83 9.94 12.27 13.42 13.11 11.83 10.3 10.77 11.76 12.59 11.07 10.6 10.43 11.03 11.94 14.14 13.65 13.45 14.99 16.46 18.31 20.09 21.32 23.96 25.85 25.59 24.19 25.15 24.27 26.67 26.34 27.95 31.55 33.62 34.61 31.42 29.53 29.76 29.14 30.03 31.7 37.98 36.93 38.99 42.98 46.44 45.03 37.96 28.42 26.23 24.99 25.13 20.29 15.79452 13.91667 -9999 -9999 -9999 -9999 -9999 -9999 -9999 -9999 -9999 -9999 -9999 -9999 -9999
22.99 22.84 23.31 24.06 24.71 24.46 24.66 24.93 33.61 29.79 19.08 16.42 13.68 11.74 10.6 9.29 8.4 8.41 9.3 10.32 9.57 9.12 10.06 10.85 12.7 11.9 10.53 10.02 10.12 10.94 11.69 11.63 11.96 13.84 13.87 14.35 15.34 17.48 17.77 18.45 18.22 18.81 19.94 21.24 22.3 24.57 26.29 27.76 29.5 33.07 33.88 31.09 28.6 29.01 30.77 33.78 37.95 40.03 42.56 45.81 45.06 37.35 31.19 25.46 25.12 25.35 22.0625 17.275 -9999 -9999 -9999 -9999 -9999 -9999 -9999 -9999 -9999 -9999 -9999 -9999 -9999 -9999 -9999
22.38 22.04 21.57 21.98 22.2 22.06 23.55 26.39 28.29 30.59 25.95 20.03 17.49 13.47 11.05 9.57 8.18 7.28 7 7.49 8.25 8.19 9.68 10.56 11.86 12.78 12.46 11.15 10.03 9.83 10.22 10.41 10.66 11.85 11.9 12.51 14.69 16.16 15.1 15.17 15.51 16.3 16.98 18.13 19.6 21.75 24.43 28.07 30.29 30.74 30.93 29.05 25.97 26.9 32.86 35.59 37.33 36.86 37.06 37.36 32.95 29.17 27.84 23.2449 23.09195 21.91072 20.0625 -9999 -9999 -9999 -9999 -9999 -9999 -9999 -9999 -9999 -9999 -9999 -9999 -9999 -9999 -9999 -9999
21.17 21.14 20.12 20.52 21.62 21.71 22.45 23.3 23.95 22.29 20.35 16.75 16.2 14.38 10.86 9.48 10 10.27 8.4 7.57 7.67 7.23 7.85 8.69 8.71 9.35 11.11 12.17 11.33 11.19 12.34 11.18 10.51 10.21 10.42 11.73 12.66 12.79 12.81 13.52 14.15 14.95 15.74 16.55 18.17 21.39 24.47 27.13 27.49 25.44 25.86 26.64 27.85 24.63 31.27 31.1 29.86 27.56 27.27 28.28 30.73 28.65656 27.01316 22.13636 19.2 -9999 -9999 -9999 -9999 -9999 -9999 -9999 -9999 -9999 -9999 -9999 -9999 -9999 -9999 -9999 -9999 -9999 -9999
19.58 19.3 20.5 21.43 20.94 20.76 22.33 21.15 20.66 19.88 20.26 15.3 13.12 12.44 9.91 9.23 10.32 12.41 10.54 10.41 10.11 8.74 7.93 7.38 7.47 7.91 8.6 9.45 10.34 9.77 9.91 10.44 10.13 10.74 9.98 9.95 9.95 10.44 11.59 12.5 13.27 13.88 15.12 17.18 20.18 24 26.58 26.54 25.9 23.12 21.94 22.72 22.47 21.51 23.35 24.64 23.68 22.29 24.77 24.98936 24.18367 21.77778 -9999 -9999 -9999 -9999 -9999 -9999 -9999 -9999 -9999 -9999 -9999 -9999 -9999 -9999 -9999 -9999 -9999 -9999 -9999 -9999 -9999
17.89 18.71 20.3 20.69 18.47 18.97 19.42 19.6 18.45 16.6 17.15 17.8 12.29 11.86 10.25 9.82 10.94 11.13 11.35 12.95 12.17 10.79 9.39 8.39 7.61 7.76 8.6 9.48 9.67 9.47 9.4 9.11 9.12 9.71 10.58 8.28 9.12 10.5 11.74 13.32 14.9 16.04 16.68 18.88 19.27 19.18 22.12 23.26 25.4 24.44 21.59 19.34 19.19 20.07 20.36 21.15 21.96 20.64894 21.57576 19.8 -9999 -9999 -9999 -9999 -9999 -9999 -9999 -9999 -9999 -9999 -9999 -9999 -9999 -9999 -9999 -9999 -9999 -9999 -9999 -9999 -9999 -9999 -9999
19.69 19.17 19.06 17.98 16.26 16.82 17.71 17.47 17.68 14.82 15.19 13.15 16.6 17.11 16.82 13.13 11.85 12.93 12.61 14.39 12.14 9.96 9.1 8.13 7.94 7.57 8.11 9.23 9.68 9.76 9.77 9.46 8.59 9.65 9.13 9.59 10.66 11.76 13.19 15.04 16.5 17.94 20.11 19.3 17.81 14.97 16.58 17.64 21.9 20.09 17.74 17.84 19.35 21.75 20.06 18.41 18.76596 18.26087 -9999 -9999 -9999 -9999 -9999 -9999 -9999 -9999 -9999 -9999 -9999 -9999 -9999 -9999 -9999 -9999 -9999 -9999 -9999 -9999 -9999 -9999 -9999 -9999 -9999
19.95 20.39 19.35 16.74 15.47 14.93 14.9 14.61 15.38 14.89 14.31 14.05 16.47 19.2 19.35 17.7 14.91 15.33 15.23 14.8 13 10.97 9.86 8.93 8.33 7.85 7.32 7.44 7.34 7.46 7.3 7.27 7.9 9.22 9.36 9.09 9.46 8.7 9.9 12.61 17.61 19.62 22.04 24.35 17.85 12.11 12.65 14.04 15.73 15.66 16.38 17.53 17.36 19.2449 18.34568 16.44118 16.7931 -9999 -9999 -9999 -9999 -9999 -9999 -9999 -9999 -9999 -9999 -9999 -9999 -9999 -9999 -9999 -9999 -9999 -9999 -9999 -9999 -9999 -9999 -9999 -9999 -9999 -9999
19.91 20.17 18.89 17.53 16.86 17.16 17.88 17.6 16.69 15.72 17.86 17.62 16.71 18.8 19.53 19.76 19.96 19.22 17.26 15.39 13.52 12.61 11.32 9.65 8.66 8.1 7.85 7.97 7.67 7.42 7.36 7.64 8.46 7.77 7.86 7.91 9.01 6.69 7.97 10.31 10.53 12.91 15.25 12.89 11.59 10.2 10.99 12.2 13.72449 14.39241 15.5 15.38636 15.34783 17 -9999 -9999 -9999 -9999 -9999 -9999 -9999 -9999 -9999 -9999 -9999 -9999 -9999 -9999 -9999 -9999 -9999 -9999 -9999 -9999 -9999 -9999 -9999 -9999 -9999 -9999 -9999 -9999 -9999
19.28 19.65 20.47 21.26 22.2 22.42 21.37 20.3 19.7 18.95 20.21 20.96 20.19 17.64 19.26 20.08 21.66 21.63 19.45 17.82 16.14 15.97 16.63 12.99 10.19 9.9 9.35 9.01 8.73 9.42 8.15 8.34 8.77 8.05 8.98 9.62 10.56 7.79 6.81 7.25 9.29 12.88 9.81 9.33 9.52 9.481482 10.4717 11.075 11.83333 -9999 -9999 -9999 -9999 -9999 -9999 -9999 -9999 -9999 -9999 -9999 -9999 -9999 -9999 -9999 -9999 -9999 -9999 -9999 -9999 -9999 -9999 -9999 -9999 -9999 -9999 -9999 -9999 -9999 -9999 -9999 -9999 -9999 -9999
18.78 19.59 19.92 21.75 23.31 23.1 21.79 23.66 23.18 22.25 20.93 20.9 21.63 22.25 18.71 21.29 22.94 25.99 23.43 19.7 17.88 16.92 16.08 14.49 13.41 13.62 12.14 11.09 9.83 9.75 10.24 10.81 10.04 9.71 10.17 9.48 9.29 7.48 6.39 8.66 11.33 10.63 8.845071 9.259259 9.588235 9.666667 -9999 -9999 -9999 -9999 -9999 -9999 -9999 -9999 -9999 -9999 -9999 -9999 -9999 -9999 -9999 -9999 -9999 -9999 -9999 -9999 -9999 -9999 -9999 -9999 -9999 -9999 -9999 -9999 -9999 -9999 -9999 -9999 -9999 -9999 -9999 -9999 -9999
18.76 18.73 19.07 19.65 21.15 22.63 23.28 23.13 22.26 21.75 21.94 22.24 20.86 20.98 21.22 19.65 22.38 25.94 26.39 23.34 20.98 18.5 15.37 15.27 15.45 16.11 14.3 12.63 11.02 11.24 12.99 12.71 11.49 12.12 11 11.89 7.92 8.49 9.1 8.35 9.59 9.6 8 -9999 -9999 -9999 -9999 -9999 -9999 -9999 -9999 -9999 -9999 -9999 -9999 -9999 -9999 -9999 -9999 -9999 -9999 -9999 -9999 -9999 -9999 -9999 -9999 -9999 -9999 -9999 -9999 -9999 -9999 -9999 -9999 -9999 -9999 -9999 -9999 -9999 -9999 -9999 -9999
17.62 18.87 19.65 18.13 19.64 20.2 22.46 20.83 21.69 22.81 22.82 22.99 22.09 22.24 21.2 20.28 22.48 23.43 24.65 22.44 22.24 20.67 18.76 17.96 18.7 17.07 16.15 14.3 12.4 14.68 15.67 14.13 12.89 13.37 15.19 13.86 7.62 7.46 10.17 7.89899 7.934783 -9999 -9999 -9999 -9999 -9999 -9999 -9999 -9999 -9999 -9999 -9999 -9999 -9999 -9999 -9999 -9999 -9999 -9999 -9999 -9999 -9999 -9999 -9999 -9999 -9999 -9999 -9999 -9999 -9999 -9999 -9999 -9999 -9999 -9999 -9999 -9999 -9999 -9999 -9999 -9999 -9999 -9999
17.18 17.94 17.46 18.43 19.75 19.78 20.42 21.09 21.77 21.85 23.69 24.49 23.45 21.46 20.53 22.05 26.22 26.83 26 25.54 25.3 23.77 24.31 24.32 22.48 20.85 18.84 14.47 15.05 14.57 16.57 15.31 16.96 18.6 21.55 12.99 7.04 6.85 7.35 6.957747 7 -9999 -9999 -9999 -9999 -9999 -9999 -9999 -9999 -9999 -9999 -9999 -9999 -9999 -9999 -9999 -9999 -9999 -9999 -9999 -9999 -9999 -9999 -9999 -9999 -9999 -9999 -9999 -9999 -9999 -9999 -9999 -9999 -9999 -9999 -9999 -9999 -9999 -9999 -9999 -9999 -9999 -9999
