layers/wordclim/past/Iberia_lig_10_ascii/bio_13.asc
ncols         166
nrows         94
xllcorner     -9.4959440078468
yllcorner     36.000324005443
cellsize      0.083333337679505
NODATA_value  -9999
[rows 34 to 67 of 94, columns 0 to 74 of 166]
-9999 -9999 -9999 -9999 -9999 -9999 -9999 -9999 -9999 -9999 197.8837 203.97 205.07 204.2 201.35 199.33 204.31 222.1 231.75 224.54 220.61 217.35 200.72 181.98 186.81 185.9 165.96 149.11 141.17 143.58 140.06 133.07 135.19 132.93 129.93 125.39 122.51 120.2 116.34 111.84 108.84 105.6 101.1 97.3 94.39 91.85 88.37 81.68 78.31 78.34 77.63 76.55 76.4 76.21 75.17 75 74.98 74.59 74.44 75.31 76.43 76.59 77.86 79.69 82.12 84.2 93.16 98.74 89.81 84.88 83.03 81.55 83.33 82.89 78.62
-9999 -9999 -9999 -9999 -9999 -9999 -9999 -9999 -9999 190.9375 192.051 197.36 201.38 207.39 221.76 219.22 213.12 197.57 197.78 202.18 210.08 210.52 205.42 192.32 189.51 185.44 166.99 150.38 145.3 147.76 147.17 139.67 134.25 134.6 132.11 127.6 122.92 119.43 115.31 111.55 108.29 105.34 102.03 99.13 96.12 93.29 89.87 84.42 80.11 79.15 78.82 77.53 77.88 77.28 75.76 75.03 74.24 74.3 74.01 75.02 76.23 76.63 78.1 80.31 83.12 86.16 99.37 88.27 91.21 88.67 83.97 80.44 78.55 78.12 77.72
-9999 -9999 -9999 -9999 -9999 -9999 -9999 -9999 -9999 187.5667 186.2697 189.08 194.78 211.51 202.8 207.5 203.44 186.43 186.84 194.01 199.22 197.45 192.74 190.4 184.33 183.37 165.11 153.56 151.16 145.26 146.35 144.08 138.06 133.56 132.38 129.33 124.67 119.61 116.43 112.8 109.07 106.99 104.19 101.63 98.58 96.11 92.33 85.7 82.91 81.07 79.99 78.94 79.27 79.4 77.91 75.59 75.68 74.79 74.08 74.71 76.07 77.24 78.98 83.36 93.77 94.37 100.54 95.69 86.18 82.47 81.52 78.74 78.52 79.38 77.67
-9999 -9999 -9999 -9999 -9999 -9999 -9999 -9999 -9999 183.4054 182.163 184.18 186.67 189.74 200.09 194.93 197.47 187.64 190.51 191.37 184.21 181.01 177.73 178.69 174.86 167.22 159.73 157.37 156.94 152.28 147.67 146.29 140.56 135.74 131.14 130.62 125.96 120.4 117.58 114.99 111.28 108.13 106.67 104.96 101.47 95.81 90.78 87.47 85.07 83.82 83.19 82.53 84.32 83.03 82.88 81.45 79.84 76.71 75.6 75.54 81.26 81.34 84.83 87.15 86.2 82.88 83.72 83 82.45 83.25 81.16 78.97 78.88 78.67 77.63
-9999 -9999 -9999 -9999 -9999 -9999 -9999 -9999 178.6 179.8108 180.3608 179.13 179.27 185.32 193.54 206.03 211.43 187.15 181.54 177.98 176.06 178.37 180.32 171.79 162.5 162.49 161.21 171.16 163.6 156.27 152.99 147.68 142.91 135.58 129.76 126.13 124.15 123.14 120.76 118.58 115.6 113.96 108.77 103.75 99.44 96.08 92.93 90.35 88.65 89.08 90.09 89.38 91.7 90.41 87.58 82.89 78.7 77.19 77.5 79.61 82.74 85.76 84.82 88.32 82.78 80.12 82.46 83.14 81.54 81.19 80.6 79.88 79.67 78.47 77.31
-9999 -9999 -9999 -9999 -9999 -9999 -9999 -9999 176.1613 177.08 177.79 175.72 175.07 178.6 192.57 209.71 181.75 178.09 174.79 175.49 171.82 170.3 166.62 171.86 198.69 199.29 180.86 173.15 166.1 159.49 153.11 150.95 143.39 135.67 131.46 126.9 123.73 127.46 128.31 131.41 119.44 114.16 106.77 102.42 100.7 98.63 94.46 93.5 93.17 91.74 90.53 93.67 99.62 90.37 85.45 84.31 85.66 84.73 81.58 76.63 77.9 77.39 78.14 81.16 79.78 79.92 79.94 80.94 81.22 81.94 81.61 81.31 80.68 78.99 76.74
-9999 -9999 -9999 -9999 -9999 -9999 -9999 -9999 172.9516 174.48 174.58 174.65 172.39 178.65 184.87 181.09 176.33 172.58 172.34 170.41 171.57 173.13 205.99 245.6 219.42 193.76 173.13 173.88 165.03 157.73 154.88 152.47 142.62 137.84 137.08 132.32 127.19 127.25 124.72 120.97 115.68 102.98 100.46 101.5 98.48 100.71 98.52 94.52 91.84 93.37 101.45 107.32 105.55 101.26 101.31 94.38 84.52 79.31 76.48 75.63 75.21 75.32 76.53 77.58 77.98 78.38 78.8 81.38 81.97 82.41 82.63 81.25 80.74 79.44 79.52
-9999 -9999 -9999 -9999 -9999 -9999 -9999 167 170 171.44 171.81 173.03 170.9 178.63 177.07 170.59 170.42 170.48 171.72 174.77 176.45 211.58 271.64 246.99 185.4 163.99 158.51 165.77 166.05 160.51 159.84 154.5 148.97 143.67 138.9 135.23 137.55 128.92 122.89 110.04 103 101.47 103.77 102.77 106.99 120.6 112.78 97.96 97.69 107.42 109.37 107.05 104.35 95.23 92.74 86.39 83.51 85.21 86.04 80.96 75.31 75.36 75.64 75.68 76.02 78.04 78.54 81.02 82.64 81.58 82.06 81.37 80.47 80.55 80.52
-9999 -9999 -9999 -9999 -9999 -9999 -9999 165.5 167.79 169.31 170.16 169.08 168.08 175.8 174.39 168.21 170.02 170.61 171.72 178.95 185.53 202.24 245.32 234.22 168.01 157.68 157.82 157.76 161.61 165.82 164.22 163.67 153.44 146.05 145.05 134.39 125.91 117.15 111.81 106.5 100.69 101.56 101.76 103.35 122.73 131.93 112.36 106.11 110.37 115.34 122.26 114.61 105.23 91.56 93.21 91.91 80.74 75.37 76.56 76.45 76.28 76.06 75.35 74.51 76.34 78.27 78.35 80.27 81.72 81.1 80.48 79.88 80.62 80.78 79.96
-9999 -9999 -9999 -9999 -9999 -9999 -9999 165.7808 165.36 163.46 163.3 163.03 164.39 170.68 170.11 171.19 170.11 174.92 188.72 208.57 216.78 184.01 172.42 166.48 161.39 160.01 153.63 152.13 153 153.33 142.8 136.68 148.39 133.33 124.76 119.06 113.58 113.76 107.18 103.15 99.62 96.91 105.5 119.17 106.28 113.56 130.08 125.44 120.03 96.6 103.12 95.86 83.23 78.28 79.96 75.5 75.16 75.73 76.75 76.83 74.99 74.19 74.65 75.37 76.98 78.01 77.94 79.89 80.43 80.82 79.74 79.35 79.71 79.35 78.91
-9999 -9999 -9999 -9999 -9999 -9999 -9999 158.4286 159.4091 160.34 160.29 160.92 167.17 168.59 166.7 179.62 187.96 192.99 192.68 200 191.11 172.98 173.85 173.59 166.62 158.13 148.01 145.9 144.67 139.24 133.41 130.94 129.52 122.96 116.15 114.11 112.7 110.76 105.61 102.67 99.92 100.43 107.21 104.56 109.82 98.72 95.24 92.38 86.96 81.15 80.08 79.18 78.18 78.01 77.62 77.58 78.46 79.59 75.9 74.75 74.09 74.71 75.8 76.19 76.8 77.16 78.24 78.45 78.93 80.46 78.25 78.48 79.79 80.22 78.95
-9999 -9999 -9999 -9999 -9999 -9999 -9999 156.1333 158.75 157.7 157.2 166.05 170.36 169.03 187.37 199.4 190.41 181.63 181.22 175.62 169.46 181.23 170.51 175.34 157.47 149.61 146.35 142.83 142.92 141.91 137.42 127.24 122.21 116.84 114.35 113.29 109.87 106.27 102.55 100.4 99.69 99.53 98.89 98.03 95.62 89.07 86.72 84.22 82.47 81.13 80.32 79.9 79.02 78.1 77.83 78.31 76.75 75.58 75.31 75.36 74.76 75.3 76.13 76.3 75.91 76.21 77.43 76.58 78.15 78.21 77.1 77.77 78.04 77.6 76.23
-9999 -9999 -9999 -9999 -9999 -9999 151.6471 153.71 156.91 156.13 157.15 168.95 167.46 169.89 180.87 177.94 172.36 174.42 181.38 179.82 179.06 171.17 155.89 155.86 153.18 147.05 143.38 139.22 137.73 135.1 130.14 125.05 124.01 117.93 114.55 111.67 107.88 104.48 102.33 102.59 101.79 98.6 94.46 91.62 89.58 87.33 86.17 85.02 83.57 82.1 81.44 80.8 79.84 79.05 78.89 77.98 76.88 76.36 76.14 76.65 76.45 76.5 76.31 75.7 75.2 76.09 76.44 75.67 76.41 77.45 78.65 79.44 79.97 79.83 78.29
-9999 -9999 -9999 -9999 -9999 -9999 148.3968 149.22 154.05 156.66 156.91 163.45 162.82 167.76 168.01 166.19 171.26 178.18 181.99 187.75 170.31 157.44 151.56 151.88 150.77 145.5 135.98 134.06 132.28 132.57 128.76 124.2 120.39 118.43 114.59 112.21 109.53 106.86 106.56 106.66 101.91 97.62 93.82 91.75 90.24 88.28 87.37 87.26 85.12 83.42 83.12 83.03 81.39 80.14 79.28 79.27 79.44 78.19 77.51 76.83 76.23 76.37 76.39 75.99 75.77 76.2 76.38 76.13 76.68 77.38 78.55 78.73 79.1 79.02 78.1
-9999 -9999 -9999 -9999 -9999 145 147.1122 147.24 150.29 155.92 160.98 160.57 157.8 163.43 161.53 161.99 162.58 166.41 173.73 173.52 159.61 153.26 151.77 151.19 144.6 137.26 135.34 132.88 133.59 129.7 127.03 123.85 120.13 116.44 113.56 112.56 110.22 109.22 105.48 102.11 99.79 96.74 96.01 94.33 92.75 89.62 89.64 89.35 86.78 85.51 84.85 84.2 82.32 81.78 81.23 81.11 81.34 80.2 79.57 79.46 78.44 76.97 77.8 78.82 78.1 78.82 79.35 78.63 77.96 78.11 78.04 77.46 77.96 78.03 77.7
-9999 -9999 -9999 -9999 -9999 144.4464 147.07 147.9 148.87 155.65 157.44 154.25 152.52 156.21 161.28 157.45 161.65 161.45 162.28 156.72 150.45 150.49 146.35 142.93 141.96 141.29 137.76 133.55 132.94 129.42 124.65 121.59 121.4 119.18 115.86 111.31 106.41 105.43 104.6 103.91 101.5 98.64 98.17 97.46 97.54 96.31 94.65 92.38 91.76 90.49 88.85 86.75 86.25 84.86 86.2 84.99 84.39 83.08 83.16 82.14 81.5 80 80.58 81.49 79.77 80.54 80.5 80.16 79.33 79.29 78.92 77.87 77.49 78.02 77.33
-9999 -9999 -9999 -9999 -9999 141.2073 142.07 147.68 153.74 163.93 156.51 152.94 150.41 149.51 154.51 153.65 157.61 160.57 158.16 151.44 146.87 144.24 141.69 143.14 142.75 139.53 135.38 135.95 130.85 127.73 126.4 123.75 122.01 120.15 118.19 113.42 108.79 105.71 104.04 102.81 101.22 98.67 98.27 97.61 97.23 96.15 96.41 96.79 96.05 97.2 93.22 92.71 89.33 87.09 90.77 89.69 89.84 87.81 87.65 86.39 85.71 82.55 82.3 83.35 82.98 81.89 81.94 81.54 79.88 79.84 79 78.41 77.94 78 76.83
-9999 -9999 -9999 -9999 134.9375 139.0404 142.2 157.31 163.2 161.53 159.6 146.8 145.59 145.62 149.53 151.01 150.99 150.91 148.89 148.04 144.47 146.38 144.84 145.59 141.86 140.73 138.52 138.96 135.57 129.08 123.83 121.73 120.22 117.71 115.96 113.74 110.36 105.75 104.57 102.73 100.69 99.5 99.16 99.16 98.8 98.07 97.3 96.79 102.22 100.46 100.39 94.52 93.51 89.51 89.28 91.15 91.08 89.58 92.78 87.88 90.78 87.93 87.08 86.16 85.63 84.46 83.33 81.35 79.99 79.57 79.09 78.62 77.95 77.1 76.98
-9999 -9999 -9999 131.8095 133.27 139.06 147.35 155.03 153.24 147.02 144.47 142.58 141.82 143.77 143.25 142.31 142.63 141.6 144.79 145.51 147.12 146.57 146.37 146.83 148.73 144.15 140.85 138.21 137.84 132.66 125.89 121.24 118.2 115.36 113.65 112.15 109.95 108.93 106.28 104.69 102.18 100.65 100.36 101.02 101.11 104.46 100.95 99.6 103.25 104.51 96.23 93.14 91.58 90.78 88.13 88.05 87.42 87.13 88 86.8 87.65 85.58 84.36 83.53 86.96 88.19 86.13 83.6 81.32 80.86 79.6 78.83 77.82 76.95 76.41
-9999 123.7619 128.8438 130.907 135.49 139.69 145.15 141.8 142.44 143.36 140.71 139.58 141.15 145.87 145.34 144.52 143.16 144.59 145.16 144.11 143.42 144.09 145.29 146.79 154.06 156.99 150.49 144.33 138.02 133.29 129.75 125.14 119.63 119.28 115.87 111.99 109.05 107.91 106.78 106.05 104.27 103.05 102.95 102.17 101.61 103.73 104.18 102.03 99.49 97.24 95.17 92.12 92.23 89.89 88.74 87.95 88.12 87.86 87.94 89.29 89.59 88.76 85.24 85.83 86.39 85.01 85.97 84.19 82.12 82.04 82.67 80.08 77.49 76.88 76.05
-9999 127 133.45 136.28 138.32 140.62 141.44 139.95 141.07 140.58 138.71 138.67 142.28 143.34 144.27 144.45 142.78 141.14 140.47 140.66 138.83 139.75 139.96 141.6 146.59 157.03 153.51 139.89 130.69 128.98 125.82 120.07 117.17 117.31 114.19 113.09 111.53 108.05 107.81 108.15 106.49 104.62 104.44 102.02 99.56 99.2 97.13 97.02 96.18 96.79 95.31 92.69 92.1 90.82 92.36 90.69 90 90.05 88.56 88.58 87.97 85.43 84.13 84.86 86.84 84.99 83.35 83.39 84.12 82.76 84.06 80.19 77.58 76.9 76.09
-9999 136 137.14 139.5 141.7 150.26 141.92 141.49 140.84 138.39 137.92 140.31 140.93 141.06 141.44 141.47 139.38 137.28 138.83 138.09 135.88 136.73 139.39 139.11 137.78 139.18 139.55 134.98 127.83 124.31 123.91 117.43 115.93 115.15 114.07 113.7 111.73 109.98 109.17 108.33 110.7 106.36 101.68 100.98 99.61 98.47 97.31 97.24 96.15 95.69 95.65 94.89 93.66 93.05 93.17 94.35 92.69 91.34 89.39 89.75 90.83 87.93 84.96 84.23 86.25 84.84 82.83 81.37 80.87 81.33 79.9 78.33 77.31 77 76.93
-9999 142.0625 142.28 145.28 150 146.09 141.7 141.87 139.09 137.6526 138.7 139.47 140.12 140.34 139.71 138.4 135.69 136.41 136.33 134.23 133.73 134.06 134.79 136.84 134.73 133.24 129.94 128.45 124.2 119.97 118.89 114.92 114.72 113.6 112.96 111.95 108.99 108.21 108.84 107.4 105.69 101.88 101.25 100.44 99.65 98.89 97.95 97.53 97.3 96.8 96.66 95.94 96.69 96.51 94.99 95.32 96.06 93.3 91.34 92.31 92.35 90.28 87.87 86.04 86.17 84.99 82.3 81 80.45 79.09 79 79 78.33 77.27 77
-9999 149.82 150.5 153.35 154.76 150.26 141.5 139.8445 138.5977 138.65 139.43 139.17 139.21 137.43 135.71 135.31 134.31 134.22 133.72 133.15 131.99 131.95 131.74 130.61 130.04 129.65 126.68 123.2 122.13 119 114.1 112.65 111.48 110.74 110.41 109.43 107.64 106.77 107.08 107.37 105.54 102.31 101.68 101.16 100.75 99.86 99.63 100.85 100.94 98.61 98.21 98.33 97.45 97.78 96.66 96.88 97.08 96.57 93.71 92.2 91.15 92.24 89.71 86.76 86.89 84.12 82.19 81.45 81.05 80.02 79.74 79.63 78.72 77.99 77.79
-9999 160.2347 163.82 162.78 161.59 152.7938 142.8481 140.41 139.48 139.03 138.33 136.74 134.62 134.26 134.08 133.16 132.29 131.03 130.81 132.62 132.34 132.74 131.87 130.1 129.18 128.83 128.9 125.64 118.63 115.27 111.87 110.89 110.24 109.71 109.44 108.6 107.07 106.59 106.91 106.68 104.26 103.02 102.72 102.78 102.92 102.04 101.59 101.49 101.46 101.78 100.64 99.37 100.32 102.83 99.54 99.4 98.38 97.02 95.01 95.29 93.01 91.95 90.4 88.43 87.78 85.4 83.64 82.59 82.26 81.16 80.81 80.46 79.77 78.82 78.8
166.4194 169.34 171.54 166.51 155.85 149.3833 142.8395 141.34 140.21 139.1 138.45 136.89 135.75 135.41 133.19 132.71 132.12 131.28 130.49 130.72 130.28 130.8 133.85 133.06 130.21 127.55 129.38 124.93 116.82 112.77 110.53 110.77 110.41 109.28 109.1 108.43 107.71 107.91 107.14 106.17 106.17 105.39 105.08 106.04 105.88 105.37 104.98 103.42 103.85 103.89 103.03 102.16 101.27 102.53 100.01 99.96 100.02 99.61 99.01 97.93 95.34 93.8 92.87 91.01 88.71 87.18 85.2 84.32 84.34 83.15 82.63 83.38 81.96 79.75 79.58
169.4691 174.52 174.85 165.23 153.0745 148 142.4762 141.47 140.14 138.89 137.42 136.69 135.86 135.47 134.29 133.68 133.66 132.62 131.06 130.88 130.1 130.19 129.11 132.07 132.16 125.01 121.52 118.09 114.58 113.29 112.08 112.01 111.36 111.14 110.79 110.39 110.37 110.29 108.56 109.57 109.9 109.5 109.43 108.77 110.98 108.01 107.51 106.05 106.87 107.14 106.64 106.11 105.25 102.51 102.92 102.15 101.16 99.95 100.18 98.88 98.57 96.63 94.11 93.15 92.04 90.46 89.89 87.77 85.98 84.53 83.61 83.57 82.63 80.98 81.37
164.62 167.3944 165.8243 159.8312 152.4 145.1667 143.7416 141.23 139.97 139.08 138.28 136.78 135.6 134.39 134.61 134.98 135.23 134.01 131.8 130.34 129.74 127.74 129.99 128.69 125.22 124.17 117.9 116.12 116.3 114.59 114.01 113.63 112.92 112.48 112.48 111.54 111.58 112.1 110.96 109.86 111.24 112.32 112.92 111.55 111.4 111.06 109.72 110.58 110.72 111.77 109.83 108.6 106.64 105.36 104.36 102.84 102.17 102.24 101.09 100.07 100.26 100.11 97.52 95.46 93.95 93.43 92.97 90.98 87.51 86.29 85.89 84.66 83.87 82.43 82.09
-9999 -9999 155.5 155.4189 150.5974 146.7619 144.61 142.07 139.53 137.93 136.89 135.77 135.03 135.83 136.27 135.23 134.98 133.88 131.37 127.53 125.9 124.45 123.98 124.25 122.15 119.04 117.71 116.22 117.38 117.43 118.03 117.02 115.36 115.02 114.85 113.66 113.67 114.3 113.79 112.53 113.92 114.04 115.44 115.66 113.54 114.9 113.98 115.22 113.84 112.24 110.22 109.38 108.75 108.33 108.85 106 105.86 106.33 104.42 103.4 102.52 102.06 100.24 98.25 97.27 95.59 92.4 90.84 91.55 87.94 87.88 86.7 85.56 83.61 83.54
-9999 -9999 -9999 153.125 150.77 148.35 147.4343 142.0235 138.1978 136.4725 136.64 134.54 133.6 135.1 134.31 133.55 133.96 131.34 127.74 125.75 124.1 122.86 122.65 123.15 122.22 119.05 116.38 116.94 117.18 118.81 119.59 121.16 123.58 120.89 122.22 116.64 116.03 117.59 117.01 115.79 114.32 118.05 117.67 117.12 116.02 118.41 118.91 117.08 116.08 114.09 113.39 113.11 112.87 111.8 110.64 109.02 107.93 107.11 106.88 108.01 107.99 105.19 102.39 100.3 97.22 96.22 94.84 93.1 91.46 90.74 89.45 88.73 87.9 86.03 85.14
-9999 -9999 -9999 152.7714 152.642 151.5714 150.3333 139.1176 137.175 135.4872 134.5 133.46 132.44 131.04 131.43 130.83 128.84 127.21 125.85 125.04 123.28 121.87 122.2 121.59 120.32 117.8 116.1 116.95 116.67 117.66 119.87 122.47 127.21 127.55 126.71 122.05 118.13 121.18 120.46 119.21 116.95 116.9 118.47 119.96 119.49 120.25 119.27 118.35 118.54 118.62 116.66 116.55 116.28 114.89 114.23 113.19 112.14 110.84 108.86 107.31 107.46 109.34 106.83 104.84 102.89 98.41 94.61 95.95 96.7 96.35 95.16 90.74 88.94 86.63 84.97
-9999 -9999 -9999 -9999 -9999 -9999 -9999 -9999 136.1429 135.6633 133.9053 131.78 130.69 130.36 128.5 129.84 128.16 126.56 126.39 127.24 124.83 123.21 121.31 120.33 118.41 116.56 116.96 116.51 116.46 118.64 119.3 123.12 125.41 118.87 120.48 120.4 122.13 122.44 122.85 123.12 121.21 120.1 121.86 120.8 121.81 121.48 120.73 121.18 121.6 121.15 120.27 120.48 119.71 118.73 117.6 116.59 115.65 114.23 112.79 110.91 108.83 107.67 104.9 104.87 103.68 102.03 95.92 97.36 95.91 94.47 94.44 91.74 89.72 86.03 83.63
-9999 -9999 -9999 -9999 -9999 -9999 -9999 -9999 135 134.6 134.14 132.16 129.53 128.13 126.16 126.76 126.78 127.15 126.78 125.25 125.72 126.77 123.23 119.97 118.26 116.67 116.57 115.74 116.55 116.97 118.95 120.67 118.88 118.18 118.85 118.92 121.1 122.84 124.57 125.51 125.3 124.33 124.2 124.12 124.09 123.98 122.7 123.78 124.01 122.71 121.92 121.46 122.74 123.38 120.34 118.67 118.44 116.95 115.32 113.58 112.58 111.02 108.42 104.37 104.53 101.94 97.77 96.78 95.49 92.48 91.02 89.47 86.12 83.54 82.7
-9999 -9999 -9999 -9999 -9999 -9999 -9999 -9999 134.64 134.94 135.36 131.44 130.09 128.37 126.19 125.47 124.9 124.98 125.06 125.78 124.82 124.47 122.58 120.19 117.94 117.41 115.99 116.47 116.56 116.31 116.32 119.57 122.48 127.53 126.13 123.03 122.18 124.32 126.24 124.44 124.97 126.73 127.44 126.47 125.3 124.05 122.41 123.76 126.19 127.01 126.31 124.68 123.71 123.55 123.38 120.96 119.29 118.57 117.35 114.83 113.43 111.35 110.26 105.5 104.82 102.52 98.57 99.05 94.25 91.04 89.49 88.29 84.77 84.5 85.09
