layers/wordclim/past/Iberia_lig_10_ascii/bio_15.asc
ncols         166
nrows         94
xllcorner     -9.4959440078468
yllcorner     36.000324005443
cellsize      0.083333337679505
NODATA_value  -9999
[rows 34 to 67 of 94, columns 0 to 76 of 166]
-9999 -9999 -9999 -9999 -9999 -9999 -9999 -9999 -9999 -9999 56.98837 56.55 56.26 55.99 55.91 55.92 55.95 55.82 55.87 56.22 56.39 56.59 56.83 56.86 56.38 56 55.97 55.9 55.79 55.29 55.09 55.1 54.4 54 53.7 53.4 53.02 52.74 52.46 52.46 52.44 52.62 53.71 54.25 54.55 54.22 51.6 48.58 47.26 47.21 46.96 46.63 46.79 47.04 46.95 46.92 47.07 47 46.43 45.91 45.27 44.39 44.1 43.58 41.96 40.77 36.93 35.11 37.8 39.94 40.97 41.24 39.37 39.28 40.35 39.99 39.91
-9999 -9999 -9999 -9999 -9999 -9999 -9999 -9999 -9999 57 56.9898 56.81 56.26 55.84 55.58 55.84 56 56.06 56.42 56.82 56.94 56.93 56.96 56.97 56.5 56.07 56.01 55.98 55.85 55.35 55.02 54.77 54.61 53.95 53.6 53.15 53.12 52.71 52.82 52.77 52.42 52.66 53.13 52.82 52.63 51.96 50.18 48.24 47.35 47.12 46.76 46.38 46.49 46.72 46.56 46.9 46.94 47.26 46.74 46.34 45.46 44.65 44.04 43.39 41.58 39.89 35.13 38.88 37.16 38.19 41.24 43.05 44.05 43.44 41.88 42.03 42.33
-9999 -9999 -9999 -9999 -9999 -9999 -9999 -9999 -9999 57 57.02247 56.97 56.31 55.81 55.93 56.04 56.03 56.23 56.48 56.87 56.94 57 56.96 56.99 56.77 56.41 56.18 56.01 55.99 55.76 55.18 54.75 54.52 54.24 53.78 53.15 52.79 52.76 52.66 52.54 52.36 52.16 52.07 51.55 50.9 49.71 49.02 48.64 47.8 47.24 46.89 46.47 46.35 46.17 46.48 46.68 46.61 47.24 47.27 46.85 45.67 44.72 43.69 41.75 37.71 36.74 35.05 36.57 40.45 43.62 44.66 46.19 45.57 43.33 43.27 43.61 44.15
-9999 -9999 -9999 -9999 -9999 -9999 -9999 -9999 -9999 57 57.01087 56.84 56.49 56.22 56.02 56.05 56.16 56.39 56.8 56.86 56.96 57 57 57 56.92 56.69 56.4 56.09 56 55.68 55.3 54.7 54.35 54.23 54 53.2 52.59 52.93 52.55 52.16 51.81 51.8 51.1 50.29 49.45 49.88 49.62 48.75 47.92 47.19 46.87 46.1 45.37 45.42 45.08 44.86 45.41 46.62 46.72 46.72 43.79 43.4 41.56 40.57 40.8 42.09 42.14 43.58 44 43.44 46.53 48.53 47.05 45.75 44.64 45.5 44.12
-9999 -9999 -9999 -9999 -9999 -9999 -9999 -9999 57.6 57.37838 57.19588 56.95 56.82 56.36 56.05 56.11 56.47 56.6 56.73 56.97 57 57 57.04 56.99 56.96 56.84 56.59 56.15 55.97 55.73 55.2 54.77 54.45 54.23 54.22 53.79 53.22 52.6 52.1 51.68 50.91 50.43 50.54 50.52 50.1 49.87 49.33 48.6 47.42 46.49 45.52 44.92 43.8 43.63 43.96 44.78 46.33 47 46.15 44.85 43.42 42.05 41.8 40.19 43.15 44.78 43.44 44 46.58 47.45 49.1 50.09 48.45 47.97 46.77 47.09 43.34
-9999 -9999 -9999 -9999 -9999 -9999 -9999 -9999 57.70968 57.51 57.11 57.01 57.02 56.77 56.26 56.36 56.56 56.81 56.91 57 57 57.11 57.07 57.06 57.11 57.01 56.76 56.23 56.02 55.73 55.36 54.9 54.77 54.61 54.26 53.83 53.38 51.96 51 49.59 50.32 50.42 51.09 51.17 49.73 49.16 49 47.98 46.71 46.27 46.08 44.48 42.47 44.16 45.16 44.89 44.13 44.05 44.71 46.35 45.8 46.41 45.33 43.84 45.32 45.69 46.65 47.43 48.58 48.33 49.39 50.34 50.03 50.07 49.14 45.49 43.01
-9999 -9999 -9999 -9999 -9999 -9999 -9999 -9999 57.87097 57.55 57.15 57 57.05 56.67 56.5 56.81 56.94 56.93 57.02 57.02 57.06 57.21 57.42 57.92 57.52 57.02 56.94 56.62 56.16 55.96 55.56 54.99 55.01 54.57 53.82 53.35 52.99 52.24 51.75 51.65 51.22 52.99 52.75 51.35 50.6 48.73 48.2 48.06 47.36 46.35 44.27 42.09 41.43 41.92 41.27 42.63 45.2 46.71 47.8 47.62 48.2 48.29 47.05 46.88 47.41 48.26 48.44 47.64 49.02 49 49.62 50.92 51.62 50.37 47.11 44.56 44.4
-9999 -9999 -9999 -9999 -9999 -9999 -9999 58 58 57.76 57.15 56.99 57.02 56.65 56.63 56.9 56.97 57.03 57.08 57.25 57.34 57.7 56.99 57.78 57.46 57.13 57.01 56.8 56.38 56.03 55.7 55.12 54.85 54.33 53.86 53.3 52.13 52.28 52.21 53.75 54.04 53.54 52 51.22 48.81 45.32 45.65 47.81 46.58 43.71 42.73 42.27 41.87 43.61 43.93 45.43 46.14 45.09 44.61 45.58 48.67 48.83 48.53 48.99 49.72 48.94 48.7 48.32 48.87 50.31 50.32 50.75 50.96 48.46 46.12 45.52 45.73
-9999 -9999 -9999 -9999 -9999 -9999 -9999 58.2 58 57.98 57.27 57.04 57.03 56.62 56.75 56.98 57 57.09 57.31 57.55 57.72 57.86 57.34 57.61 57.46 57.37 57.07 56.97 56.53 56.04 55.61 54.96 54.65 54.24 53.56 53.86 53.55 54.07 54.31 54.7 55.26 54.13 53.16 51.73 46.48 44.18 46.08 46.5 44.71 42.92 41.07 41.48 42.52 45.61 44.49 44.68 48.64 50.8 49.79 48.79 48.45 48.91 49.82 50.32 49.56 49.23 49.38 48.99 49.17 50.1 50.66 51.27 50.42 47.91 47.13 46.52 44.75
-9999 -9999 -9999 -9999 -9999 -9999 -9999 58.61644 58.35 58.39 57.95 57.52 57.12 56.8 56.95 57.01 57.17 57.46 57.61 57.94 57.98 57.87 57.92 57.92 57.84 57.58 57.28 57.06 56.9 56.45 56.57 56.25 55 55.32 55.51 55.5 55.42 54.84 55.52 55.86 55.74 55.51 52.64 48.63 50.27 47.47 43.79 43.64 43.93 47.88 45.78 46.63 50.03 51.98 50.67 52.57 52 51 50.09 49.14 50.35 51.32 51.13 49.84 48.69 49.29 49.79 49.2 49.53 49.87 50.62 50.82 50.31 48.96 47.86 46.52 45.87
-9999 -9999 -9999 -9999 -9999 -9999 -9999 59.14286 59.05682 58.77 58.28 57.89 57.06 56.98 57.15 57.2 57.53 57.81 57.95 57.99 58 57.95 57.96 57.98 57.94 57.8 57.81 57.51 57.13 57.13 57.12 56.88 56.36 56.29 56.68 56.46 55.73 55.64 56.09 56.24 56.01 54.93 52.5 52.3 49.89 51.83 52.17 52.45 53.39 55.4 55.07 55.21 54.3 53.17 52.7 52.31 50.26 49.15 51.54 52.16 52.5 51.65 50.52 49.36 49.36 49.9 49.66 49.92 50.31 50 51.06 50.75 49.23 47.75 47.52 47.66 47.87
-9999 -9999 -9999 -9999 -9999 -9999 -9999 59.85333 59.46 59.01 58.76 57.94 57.55 57.54 57.52 57.7 57.85 57.96 58 58.03 58 58 58.01 58 58.03 58.02 57.96 57.96 57.71 57.33 57 57.17 57.1 57.14 57.27 56.87 56.69 56.75 57.03 57.28 56.55 55.58 55 54.53 54.35 55.77 56.14 56.75 56.71 56.53 56.24 55.85 54.83 54.25 53.8 52.75 52.78 53.08 53.09 52.36 51.81 51.5 50.62 50.37 50.46 50.92 50.41 50.77 50.42 50.89 51.36 50.6 50.2 49.45 48.95 48.01 46.15
-9999 -9999 -9999 -9999 -9999 -9999 60.64706 60.25 59.72 59.42 59.21 58.15 58.17 58.05 57.95 58.01 58.03 58.06 58.04 58.02 58 58.04 58.27 58.11 58.13 58.33 58.17 58.13 58.06 57.9 57.91 57.65 56.87 57.27 57.29 57.29 57.17 57.42 57.44 56.71 56.2 56.24 57.11 57.32 57.56 57.19 56.82 57.16 57.42 56.59 56.41 55.7 55.3 54.84 54.37 54.15 54.1 53.63 53.18 52.42 51.2 50.94 50.91 51.12 51.01 50.48 50.71 51.11 51.02 50.82 49.89 48.71 47.73 47.41 47.27 46.23 45.59
-9999 -9999 -9999 -9999 -9999 -9999 61.11111 60.96 60.27 59.91 59.73 58.99 58.88 58.61 58.4 58.55 58.32 58.33 58.26 58.03 58.3 58.56 58.72 58.53 58.36 58.5 58.86 58.72 58.58 58.16 58.05 58.09 57.4 57.32 57.38 57.27 57.15 57.09 56.58 55.93 56.58 56.94 57.6 57.84 57.92 57.55 57.28 56.67 56.93 56.63 55.77 55.25 55.58 55.13 55.06 54.26 52.86 52.91 53.22 53.18 52.78 52.07 51.84 52.1 50.99 50.22 50.78 50.9 50.5 50.27 49.8 49.1 48.62 47.74 47.24 46.16 45.72
-9999 -9999 -9999 -9999 -9999 62.14286 61.86735 61.56 61.08 60.32 59.79 59.78 59.65 59.2 59.09 59.07 59.01 58.97 58.77 58.41 58.75 58.93 58.89 58.91 59.06 59.22 59.05 59.03 58.59 58.43 58.38 58.07 57.65 57.64 57.69 57.52 57.15 56.93 57.28 57.56 57.45 57.72 57.47 57.41 57.28 57.61 56.88 56.4 56.81 56.16 55.76 55.61 56.22 54.91 54.62 54.13 52.92 52.44 52.43 51.93 51.79 52.53 51.35 50.2 49.56 49.32 49.34 49.46 49.47 49.5 49.7 49.74 49.01 48.24 47.71 46.84 46.72
-9999 -9999 -9999 -9999 -9999 62.625 62.15 61.9 61.62 60.76 60.51 60.58 60.4 60.02 59.61 59.75 59.21 59.18 59.18 59.11 59.42 59.26 59.43 59.3 59.23 59.04 59.02 58.96 58.59 58.64 58.68 58.14 57.59 57.52 57.58 57.9 58.2 58.01 57.82 57.62 57.47 57.48 56.99 56.67 56.12 55.5 55.45 55.5 55.05 54.42 54.69 54.93 54.45 53.9 52.39 52.6 52.23 51.55 51.05 51.33 50.92 50.85 50.06 49.46 49.55 48.73 48.62 48.73 48.81 48.66 48.82 48.8 49.05 48.27 48.05 47.19 46.89
-9999 -9999 -9999 -9999 -9999 63.39024 63.16 62.42 61.62 60.57 60.97 61.05 61.07 60.9 60.36 60.26 59.93 59.69 59.53 59.6 59.8 59.85 59.95 59.59 59.47 59.26 59.23 58.87 58.96 58.78 58.34 58.04 57.7 57.65 57.51 57.89 58.1 58.25 58.33 58.1 58.08 57.91 57.65 57.42 56.92 56.13 55.32 54.67 54.23 52.67 53.39 53.05 53.94 53.69 51.29 51.18 50.35 50.26 49.77 49.91 49.54 50.15 49.69 49.2 48.7 48.74 48.4 48.58 48.59 48.36 48.52 48.13 48.39 48.35 48.74 48.07 47.04
-9999 -9999 -9999 -9999 65 64.21212 63.72 62.08 61.4 61.4 61.35 62.27 62.06 61.79 61.31 60.91 60.62 60.44 60.15 59.94 60.07 59.95 59.88 59.6 59.78 59.34 59.1 58.68 58.47 58.71 58.63 58.28 57.97 58.04 57.84 57.96 58.2 58.34 58.48 58.52 58.42 58.13 58.08 57.24 56.9 56 55.88 55.41 52.97 52.25 51.66 53.24 53.06 53.77 53.11 51.5 51.05 50.52 48.51 50.13 48.32 48.44 48.58 48.54 48.14 48.02 48.52 49.18 49.14 49.14 48.99 48.69 48.06 48.47 48.94 48.13 47.7
-9999 -9999 -9999 65.95238 65.74 64.77 63.88 62.78 62.83 63.35 63.27 63.19 62.98 62.35 62.19 62.06 61.86 61.45 60.69 60.49 60.13 59.96 59.92 59.8 59.44 59.22 58.97 58.67 58.29 58.41 58.74 58.56 58.22 58.53 58.41 58.34 58.47 58.31 58.34 58.49 58.44 58.28 58.07 57.37 56.71 54.81 55.31 55.26 53.37 51.96 54.15 54.78 54.91 54.29 54.8 54.32 53.98 52.97 51.6 51.75 50.72 50.5 50.96 50.6 48.48 47 47.76 48.63 48.94 48.7 49.11 49.04 48.81 48.76 48.92 47.84 47.1
-9999 67.33334 66.90625 66.73256 66.19 65.49 64.76 64.92 64.46 64.01 64.18 63.89 63.52 62.36 62.11 62.01 61.89 61.33 60.92 60.7 60.54 60.32 60.09 59.93 59.33 58.79 58.68 58.52 58.43 58.36 58.45 58.26 58.23 57.95 58.37 58.71 58.48 58.57 58.56 58.46 58.46 58.2 57.83 57.6 57.32 55.75 55.13 55.29 55.63 55.49 55.57 56.64 55.86 56.1 55.81 55.67 55.08 54.19 52.91 51.67 50.89 50.13 51.26 50.56 49.83 49.32 48.51 49.08 49.26 48.69 47.94 48.82 49.04 49.02 49 48.48 47.79
-9999 67.38461 67.09 66.94 66.69 66.27 65.92 65.79 65.29 65.07 65.13 64.8 63.85 63.32 62.75 62.18 62 61.79 61.47 61.15 61.19 60.85 60.55 60.09 59.52 58.68 58.63 58.82 59.04 58.82 58.83 58.82 58.79 58.41 58.86 58.78 58.3 58.47 58.75 58.47 58.53 58.15 58.01 58.23 58.57 58 58.17 58.04 58.22 56.67 56.67 57.39 57.18 57.07 55.1 55.41 55.17 54.09 53.93 53.33 52.8 53.21 52.98 52.2 50.49 50.1 50.33 49.99 48.97 48.72 47.62 49.11 49.6 49.54 49.5 49.19 48.38
-9999 67.72222 67.72 67.52 67.21 65.71 66.41 66.15 65.88 65.66 65.46 64.68 64.08 63.75 63.33 62.85 62.6 62.34 61.87 61.69 61.7 61.51 60.42 60.03 59.78 59.49 59.23 59.12 59.26 59.3 58.91 59.48 59.12 59.08 58.99 58.83 58.55 58.69 58.63 58.63 57.99 58.4 59.4 59.34 59.5 59.08 59.41 58.87 58.88 58.18 57.36 57.25 57.31 56.95 55.84 54.74 55.06 54.81 54.6 53.67 52.49 53.08 53.7 53.16 51.64 51.27 51.67 51.83 51.52 50.3 50.93 51.36 50.43 49.72 50.06 49.73 49
-9999 68.28125 68.21 67.9 67.11 67.19 67.18 66.7 66.66 66.64211 65.74 65.18 64.65 64.01 63.65 63.15 63.06 62.64 62.11 62.11 61.88 61.29 60.95 60.43 59.92 59.85 59.93 59.56 59.54 59.83 59.53 59.8 59.47 59.47 59.48 59.57 59.48 59.44 59.18 59.3 59.57 60.16 59.99 60.29 60.53 59.77 59.52 59.53 59.44 58.72 58.04 57.72 56.96 56.48 56.02 55.27 54.23 54.87 54.67 53.53 52.7 52.8 53 53.55 52.71 52.11 52.58 52.64 52.28 52.07 51.89 51.52 50.87 49.81 50.95 50.59 49.55
-9999 68.72 68.85 68.23 67.54 67.43 67.81915 67.3 67.03448 66.84 66.02 65.73 65.22 64.74 64.47 64.01 63.51 62.87 62.51 62.03 61.64 61.32 61.09 60.9 60.54 60.29 60.07 59.9 59.82 59.83 59.94 60.24 60.17 60.34 60.17 60.13 60.16 60.28 59.95 59.76 60.2 60.69 60.8 60.14 59.97 59.87 59.75 59.03 58.73 59.15 58.28 57.86 58.04 57.39 56.51 55.82 55.11 54.57 54.65 54.62 54.49 53.04 52.9 53.71 52.92 53.22 53.55 53.05 52.88 52.02 51.75 51.64 51.16 50.87 50.47 50.01 49.01
-9999 69.16327 68.7 68.35 67.57 67.8866 68.17722 67.69 67.26 67.01 66.64 66.39 66.02 65.41 64.94 64.52 63.91 63.43 62.73 61.89 61.61 61.13 61.13 60.86 60.71 60.36 59.93 59.78 60.15 60.45 60.31 60.66 60.96 60.83 60.64 60.95 60.96 61.21 60.53 60.41 61.08 61.24 60.64 60.47 60.28 60.03 59.73 59.61 59.25 58.68 58.4 58.6 57.61 56.2 56.28 55.89 55.73 55.6 55.35 54.34 54.68 54.39 53.64 53.75 53.16 53.25 53.14 53.2 52.7 52.25 51.3 51.43 51.43 50.97 50.18 49.32 48.31
69.32258 69.85 69.51 68.89 68.84 68.7 68.45679 68.15 67.63 67.37 66.87 66.49 66.01 65.41 65.23 64.7 63.97 63.18 62.5 61.99 61.6 61.3 60.58 60.37 60.68 60.42 60.09 60.05 60.6 60.87 60.4 60.87 61.07 61.32 61.65 61.18 61.02 60.88 60.89 61.02 60.87 60.28 60.31 59.82 59.78 59.53 59.36 59.69 59.41 59.02 58.26 58.37 58.59 57.63 57.55 57.01 56.32 55.94 54.86 54.56 55.08 55.05 53.72 53.78 53.9 53.5 53.18 53.27 52.78 52.44 51.64 50.93 51.11 50.95 50.08 49.47 48.42
68.64198 69.74 70.11 69.41 69.02128 69 68.57143 68.48 67.95 67.67 67.11 66.59 66.07 65.58 65.16 64.57 63.5 62.96 62.39 61.85 61.63 61.35 61 60.43 60.44 60.94 61.13 61.31 61.57 61.05 60.72 60.93 61.06 61 61.06 60.82 60.43 60.44 60.91 60.47 60.12 59.73 59.61 59.72 59.02 59.76 59.56 59.59 59.23 58.69 58.24 58.1 58.16 59.06 57.73 57.55 57.3 57.13 55.81 55.54 54.9 55.04 54.75 54.07 53.83 53.35 52.52 52.75 53.02 52.77 52.75 52.15 51.77 51.18 50.6 49.82 48.94
69.26 70.14085 70.48649 69.54546 69.17778 69.33334 69.06741 68.47 68.38 67.71 67.25 66.86 66.34 65.97 65.18 64.11 63.21 62.66 62.16 61.82 61.62 61.61 61.09 61.07 61.21 61.23 62 62.01 61.59 61.03 60.72 60.71 60.95 60.92 61.01 61.18 60.5 60.17 60.64 60.67 60.23 59.57 59.44 59.78 59.66 59.68 59.66 59.32 59.22 58.56 58.62 58.53 59.01 59.23 58.75 58.75 58.43 57.73 57.15 56.63 55.7 54.76 54.51 54.47 54.17 53.64 52.54 52.65 53.82 53.32 52.58 52.5 52.07 51.42 50.75 50.02 49.45
-9999 -9999 70 69.60811 69.51948 69.17857 68.92 68.84 68.41 68.14 67.71 67.23 66.81 65.74 64.8 64.11 63.31 62.8 62.22 62.1 62.18 61.98 61.98 61.63 61.93 62.21 62.18 62 61.47 60.99 60.58 60.67 60.91 60.9 60.97 61.08 60.58 60.27 60.24 60.77 60.37 59.89 59.67 59.58 60.06 59.36 59.43 58.93 59.07 59.55 59.72 59.7 59.52 59.36 58.24 58.84 58.17 57.19 57.01 56.45 55.98 55.07 54.62 54.59 54.03 53.85 53.95 54.13 53.04 53.64 52.64 52.25 52.02 51.59 50.47 49.44 49.11
-9999 -9999 -9999 69.41666 69.49 69.14 68.81818 68.94118 69.06593 68.39561 67.96 67.58 66.9 65.91 65.27 64.82 63.98 63.76 63 62.6 62.65 62.72 62.53 62.19 62.23 62.29 62.51 62.17 61.65 61.12 60.65 60.33 60.02 60.38 60.18 60.89 60.87 60.26 60.11 60.44 60.81 59.79 59.77 59.82 60.13 59.18 58.87 59.09 59.34 59.94 59.55 59.08 58.92 59.07 58.73 58.86 58.73 58.35 57.43 55.73 54.99 55.41 55.3 55.21 55.76 55.47 54.75 54.52 54.46 53.39 52.99 52.31 51.64 51.19 50.65 49.93 49.41
-9999 -9999 -9999 68.85714 68.95061 68.65714 68.41666 69.29412 68.9 68.53846 68.34 67.7 67.32 66.96 66.33 65.87 65.39 64.66 64.14 63.65 63.67 63.49 63.03 62.77 62.61 63.03 63.34 62.8 61.92 61.71 61.34 60.71 60.13 59.93 60.07 60.42 60.77 60.24 60.29 60.23 60.54 60.34 60.05 59.64 59.86 59.41 59.37 59.61 59.6 59.44 59.5 59.36 59.34 59.33 59.03 58.71 58.6 58.47 58.19 57.91 56.83 55.02 54.79 54.84 55.05 56.1 56.39 54.69 53.29 52.05 51.42 52.62 52.26 51.86 51.57 51.33 50.3
-9999 -9999 -9999 -9999 -9999 -9999 -9999 -9999 68.51786 68.87755 68.52631 68.29 67.76 67.34 66.8 66.17 65.5 65.31 64.57 63.79 63.96 63.68 63.64 63.48 63.67 63.76 63.43 63.08 62.86 62.1 61.96 61.22 60.85 61.71 61.3 60.66 60.3 60.27 60.49 60.36 60.32 60.31 60.04 60.26 60.21 60.17 60.13 59.9 59.75 59.8 59.66 59.28 59.54 59.46 59.42 58.96 58.61 58.51 58.07 57.65 57.85 57.59 57.53 56.55 56.02 55.77 57.06 55.47 55.05 54.37 53.09 53.2 52.66 53 52.94 52.47 51.35
-9999 -9999 -9999 -9999 -9999 -9999 -9999 -9999 69 68.67 68.23 68.13 67.82 67.67 67.52 66.79 66.14 65.59 65.13 64.82 63.89 63.46 63.88 64.09 64.15 64.14 63.78 63.76 63.56 63.26 62.51 61.83 62 62.01 61.56 61.46 61.04 60.7 60.7 60.67 60.48 60.45 60.43 60.35 60.5 60.34 60.56 60.13 60.08 60.25 60.29 60.18 59.44 58.88 59.33 59.35 58.81 58.78 58.29 58.11 57.59 57.45 57.22 58.06 56.98 57.1 57.45 56.81 56.32 56.02 55.54 55.02 55.13 54.78 53.88 52.49 51.65
-9999 -9999 -9999 -9999 -9999 -9999 -9999 -9999 69.08 68.83 68.18 68.66 68.32 67.99 67.99 67.58 66.82 66.61 65.7 65.07 64.63 64.48 64.6 64.73 64.8 64.46 64.28 63.94 63.76 63.51 63.32 62.53 61.9 61.02 60.87 61.34 61.46 61.09 60.94 61.16 61.13 60.64 60.57 60.76 60.81 60.85 61.29 61.05 60.39 60.16 60.01 60.4 60.64 60.35 59.63 60.07 60.38 60.09 59.12 59.1 58.7 58.7 57.49 58.73 58.1 58.11 58.24 57.23 58.13 57.89 57.3 56.56 56.46 55.31 53.87 52.96 52.73
