layers/lidar/clipped_vars/clip_slp.asc
NCOLS 14 
NROWS 24 
XLLCORNER 587714 
YLLCORNER 4631503 
CELLSIZE 10 
NODATA_value -9999 
10.663536071777299 10.0380859375 7.80196189880371 6.95526075363159 6.07707595825195 5.30183887481689 4.01058912277222 5.50022888183594 8.32010364532471 4.06804800033569 -9999 -9999 -9999 -9999
11.8635263442993 14.3885231018066 9.03753471374512 7.77195405960083 8.02426719665527 6.15532684326172 5.028733253479 5.71115779876709 10.3683166503906 4.47145414352417 3.94435405731201 -9999 -9999 -9999
16.0401172637939 14.994309425354 11.7586421966553 7.53207111358643 7.3729100227356 6.46758317947388 5.66070175170898 6.25985383987427 11.7608976364136 8.9447603225708 7.43994426727295 12.3118305206299 -9999 -9999
15.0572519302368 12.5748863220215 15.742654800415 8.01504421234131 6.62235403060913 9.49725151062012 11.6391286849976 12.4704656600952 15.2905511856079 15.2625064849854 14.1754388809204 17.8856945037842 -9999 -9999
12.1416463851929 16.5268077850342 13.253999710083 11.594521522522 7.51065111160278 11.0804233551025 11.3059673309326 14.9304666519165 16.0745277404785 15.1271648406982 13.7456750869751 29.6177864074707 34.6582908630371 -9999
14.7171316146851 16.8404140472412 12.4853343963623 12.7266225814819 9.73366737365723 12.3547258377075 10.1014089584351 14.7535734176636 18.2964611053467 19.7696113586426 24.9976139068604 28.5245494842529 41.7027473449707 40.7742195129395
19.8966121673584 16.8877372741699 15.1048851013184 14.1222867965698 13.8439159393311 10.9724807739258 12.4997835159302 13.3225507736206 15.7929973602295 24.2608032226562 27.0913124084473 31.4973773956299 43.3380126953125 22.2632064819336
20.2751159667969 17.8275623321533 14.5980663299561 10.3407316207886 22.3879089355469 12.3998050689697 11.9758148193359 11.2949514389038 15.18004322052 17.5477867126465 25.3484153747559 38.431526184082 30.9162445068359 11.7080698013306
20.8601093292236 15.2485857009888 15.1523370742798 14.2194166183472 18.4270401000977 20.6199607849121 10.5543012619019 14.5589456558228 16.8547115325928 14.3961133956909 23.4304389953613 30.995698928833 22.4794025421143 8.64286327362061
17.8089122772217 12.080340385437 12.3248996734619 15.1582193374634 17.570426940918 21.963773727417 23.8659152984619 13.0217685699463 16.9211044311523 17.0261726379395 22.618522644043 28.4343547821045 13.7247858047485 5.30061912536621
14.8016309738159 11.221531867981 13.8159866333008 16.3958797454834 14.5720739364624 16.0354499816895 27.4473648071289 12.8110790252686 16.6691112518311 21.4174156188965 21.4002418518066 29.7504634857178 12.0192823410034 9.66171360015869
10.8207912445068 9.4008617401123 16.1504192352295 16.9580154418945 17.0541305541992 19.2496700286865 26.5023288726807 14.0439920425415 22.0411911010742 26.6781692504883 21.2380447387695 28.4296169281006 9.53170394897461 13.6543874740601
10.5064926147461 11.597466468811 19.7331619262695 18.7098426818848 20.5856246948242 17.8621082305908 29.6339588165283 18.3470439910889 23.2998962402344 24.6503295898438 23.012321472168 20.2044162750244 5.53405380249023 12.9778060913086
13.8668432235718 15.1969938278198 19.2861270904541 23.9767551422119 22.5729389190674 28.7216339111328 26.4790287017822 20.1795387268066 27.379732131958 24.1992855072021 21.5162124633789 13.0573167800903 4.74545097351074 14.7440977096558
19.3266754150391 22.1848907470703 25.0200443267822 26.7415962219238 27.0000305175781 31.5288429260254 27.4691753387451 27.0087432861328 25.2637557983398 26.5131893157959 11.369701385498 6.56063413619995 5.24623203277588 20.2270927429199
29.576135635376 26.1276397705078 28.2451915740967 30.8610134124756 34.4306526184082 28.8545513153076 24.4415493011475 28.1095123291016 27.4695281982422 18.3694534301758 6.98037099838257 11.8763093948364 10.0601749420166 22.5509243011475
33.4651222229004 28.2220058441162 29.7938842773438 33.2360916137695 21.3236827850342 24.5952033996582 26.1881713867188 19.1985454559326 19.4094181060791 5.30212306976318 4.50989723205566 16.1466331481934 19.0851783752441 26.3484878540039
37.1490859985352 30.0813236236572 28.3073959350586 28.6548557281494 28.0788631439209 29.6117839813232 21.703462600708 22.5777645111084 4.11412477493286 4.20301103591919 9.15430641174316 17.3128547668457 24.0487842559814 30.3267669677734
35.8493766784668 30.3272266387939 24.5252799987793 35.0633430480957 36.8354988098145 17.8583850860596 22.1930675506592 10.8574867248535 4.21777009963989 11.0472774505615 15.8991956710815 27.6177024841309 29.7462978363037 27.6707515716553
30.5378246307373 27.0517730712891 30.4317188262939 41.6994438171387 34.1694068908691 24.748477935791 7.11599493026733 7.2885308265686 10.0605478286743 19.8939743041992 26.4209156036377 28.1398830413818 25.7038841247559 24.4995746612549
28.33323097229 27.4809093475342 32.1623458862305 38.8941841125488 29.2026271820068 9.8270788192749 9.51931571960449 10.7926340103149 13.191951751709 28.2371635437012 32.2734184265137 18.7690925598145 22.6918754577637 20.7278137207031
27.0919914245605 27.7419242858887 35.9099311828613 30.5551452636719 37.2990989685059 12.0277633666992 12.8036289215088 12.7734336853027 23.9647808074951 26.9404354095459 14.0010328292847 18.3715305328369 18.7972049713135 18.9424686431885
-9999 28.3466758728027 34.4997024536133 41.1734008789062 28.7533893585205 9.8792142868042 3.93833303451538 18.8186588287354 26.8963222503662 23.7528495788574 13.0288248062134 15.9067363739014 17.6726551055908 20.2094326019287
-9999 -9999 42.379077911377 45.348747253418 24.5358295440674 4.66531419754028 11.2849817276001 25.9428405761719 25.0402431488037 14.9249486923218 13.7158508300781 12.5046043395996 20.0806427001953 18.2854709625244
