layers/lidar/clipped_vars/clip_mds.asc
NCOLS 14 
NROWS 24 
XLLCORNER 587714 
YLLCORNER 4631503 
CELLSIZE 10 
NODATA_value -9999 
1123.689941406250000 1122.10998535156 1124.01000976562 1120.27001953125 1119.56005859375 1119.06994628906 1118.98999023438 1119.27001953125 1121.96997070312 1120.7099609375 -9999 -9999 -9999 -9999
1124.15002441406 1121.32995605469 1123.21997070312 1119.47998046875 1118.55004882812 1118.11999511719 1118.01000976562 1118.53002929688 1122.05004882812 1120.03002929688 1120 -9999 -9999 -9999
1124.18005371094 1121.23999023438 1121.81005859375 1120.06994628906 1117.58996582031 1117.13000488281 1118.52001953125 1119.58996582031 1120.41003417969 1119.11999511719 1119.0400390625 1118.72998046875 -9999 -9999
1124.09997558594 1121.57995605469 1120.71997070312 1119.10998535156 1119.17004394531 1121.35998535156 1120.93005371094 1117.5 1117.67004394531 1116.78002929688 1117.41003417969 1116.27001953125 -9999 -9999
1123.06005859375 1120.97998046875 1118.61999511719 1117.7900390625 1120.7099609375 1120.06994628906 1115.09997558594 1114.72998046875 1114.15002441406 1115.08996582031 1115.69995117188 1113.02001953125 1108.75 -9999
1123.44995117188 1121.16003417969 1118.30004882812 1115.77001953125 1116.56005859375 1117.67004394531 1114.2099609375 1113.81994628906 1111.43005371094 1112.31005859375 1112.5 1109.16003417969 1104.13000488281 1097.88000488281
1124.80004882812 1121.77001953125 1118.52001953125 1115.96997070312 1116.93994140625 1117.21997070312 1113.5 1109.72998046875 1109.21997070312 1109.43994140625 1107.63000488281 1104.83996582031 1099.22998046875 1100.18005371094
1125.2099609375 1121.48999023438 1118.46997070312 1116.65002441406 1114.2099609375 1113.55004882812 1112.82995605469 1108.4599609375 1106.73999023438 1109.06005859375 1104.52001953125 1101.73999023438 1102.30004882812 1096.94995117188
1124.76000976562 1121.68005371094 1119.68994140625 1116.97998046875 1114.39001464844 1111.08996582031 1114.0400390625 1109.96997070312 1104.92004394531 1104.34997558594 1101.21997070312 1096.97998046875 1095.46997070312 1091.21997070312
1124.91003417969 1122.23999023438 1120.51000976562 1118.18994140625 1115.71997070312 1112.67004394531 1110.15002441406 1107.23999023438 1104.66003417969 1101.96997070312 1097.84997558594 1093.38000488281 1090.76000976562 1090.68994140625
1125.32995605469 1123.08996582031 1121.4599609375 1118.96997070312 1116.33996582031 1113.7099609375 1109.97998046875 1106.7099609375 1103.31005859375 1100.11999511719 1096.28002929688 1093.30004882812 1090.32995605469 1089.59997558594
1125.58996582031 1124.08996582031 1121.98999023438 1119.23999023438 1116.43005371094 1113.11999511719 1109.71997070312 1106.07995605469 1102.84997558594 1098.41003417969 1094.67004394531 1092.52001953125 1090.81994628906 1089.43994140625
1125.59997558594 1123.77001953125 1121.25 1118.34997558594 1114.7900390625 1111.85998535156 1108.23999023438 1103.92004394531 1100.88000488281 1096.7099609375 1092.52001953125 1097.02001953125 1089.81005859375 1089.05004882812
1124.98999023438 1122.77001953125 1119.89001464844 1116.38000488281 1113.34997558594 1110.08996582031 1106.06005859375 1101.73999023438 1098.43005371094 1094.68994140625 1098.90002441406 1102.86999511719 1088.88000488281 1089.02001953125
1124.43994140625 1120.97998046875 1117.5 1113.51000976562 1109.90002441406 1106.61999511719 1102.81005859375 1099.51000976562 1095.89001464844 1091.68994140625 1094.85998535156 1099.73999023438 1088.90002441406 1089.13000488281
1122.77001953125 1118.51000976562 1114.32995605469 1110.18994140625 1106.25 1103.15002441406 1098.69995117188 1095.13000488281 1094.33996582031 1090.88000488281 1089.65002441406 1087.83996582031 1088.27001953125 1091.01000976562
1121.7900390625 1115.77001953125 1111.27001953125 1108.18994140625 1103.83996582031 1099.66003417969 1094.66003417969 1091.85998535156 1089.13000488281 1090.63000488281 1088.96997070312 1088.77001953125 1088.5400390625 1090.94995117188
1121.02001953125 1113.65002441406 1109.40002441406 1105.7900390625 1099.78002929688 1094.5 1091.59997558594 1089.38000488281 1087.05004882812 1090.67004394531 1090.96997070312 1086.06005859375 1091.26000976562 1093.43005371094
1118.11999511719 1112.06005859375 1108.22998046875 1102.10998535156 1096.21997070312 1090.96997070312 1089.03002929688 1088.81994628906 1086.90002441406 1087.57995605469 1087.34997558594 1086.39001464844 1091.28002929688 1096.05004882812
1115.43005371094 1110.32995605469 1105.7099609375 1099.2099609375 1092.42004394531 1088.9599609375 1085.92004394531 1086.09997558594 1089.61999511719 1087.2099609375 1089.85998535156 1091.52001953125 1093.91003417969 1098.26000976562
1113.89001464844 1109.18005371094 1103.86999511719 1096.48999023438 1092.2099609375 1089.7099609375 1084.68994140625 1087.69995117188 1094.30004882812 1087.07995605469 1093.93994140625 1093.2900390625 1096.26000976562 1100.02001953125
1112.14001464844 1108.33996582031 1102.01000976562 1094.77001953125 1093.31994628906 1085.01000976562 1084.56005859375 1083.81994628906 1090.02001953125 1091.18994140625 1092.73999023438 1094.67004394531 1097.81994628906 1101.03002929688
-9999 1107.22998046875 1101.63000488281 1093.39001464844 1086.51000976562 1083.61999511719 1083.57995605469 1086.52001953125 1092.63000488281 1091.7900390625 1094.05004882812 1095.61999511719 1098.34997558594 1101.88000488281
-9999 -9999 1101.08996582031 1093.06994628906 1084.80004882812 1083.01000976562 1084.65002441406 1087.22998046875 1091.81005859375 1093.67004394531 1095.63000488281 1096.89001464844 1099.35998535156 1102.76000976562
