layers/lidar/clipped_vars/clip_rug.asc
NCOLS 14 
NROWS 24 
XLLCORNER 587714 
YLLCORNER 4631503 
CELLSIZE 10 
NODATA_value -9999 
0.504078030586243 0.470573008060455 0.359059989452362 0.305703997612 0.270114988088608 0.241953000426292 0.185081005096436 0.248364999890327 0.380495011806488 0.209735006093979 -9999 -9999 -9999 -9999
0.534519016742706 0.64845597743988 0.406866014003754 0.345824003219604 0.352342009544373 0.269012987613678 0.230913996696472 0.255347013473511 0.475432008504868 0.215620994567871 0.190920993685722 -9999 -9999 -9999
0.73056697845459 0.676864981651306 0.53685200214386 0.336959004402161 0.322299987077713 0.282108008861542 0.25858598947525 0.292279988527298 0.538856983184814 0.413399010896683 0.344244986772537 0.571838974952698 -9999 -9999
0.672600984573364 0.562788009643555 0.718730986118317 0.358938992023468 0.290751993656158 0.419254988431931 0.515560984611511 0.561999022960663 0.713419020175934 0.700756967067719 0.652747988700867 0.827898979187012 -9999 -9999
0.560913980007172 0.740498006343842 0.60615998506546 0.551156997680664 0.337696999311447 0.498207986354828 0.519179999828339 0.684507012367249 0.721405029296875 0.698777973651886 0.672888994216919 1.48231399059296 1.76798903942108 -9999
0.673362970352173 0.758246004581451 0.557672023773193 0.580287992954254 0.454658001661301 0.548287987709045 0.454858988523483 0.665766000747681 0.830475032329559 0.925624012947083 1.17585396766663 1.4090039730072 2.31729006767273 2.18573093414307
0.919019997119904 0.763348996639252 0.709317982196808 0.643213987350464 0.634324014186859 0.490292012691498 0.551374018192291 0.600544989109039 0.731669008731842 1.1314309835434 1.28964996337891 1.67799401283264 2.45335507392883 1.0633829832077
0.939327001571655 0.818880021572113 0.66687399148941 0.47716298699379 1.07058799266815 0.568574011325836 0.539344012737274 0.511721014976501 0.695388972759247 0.782778024673462 1.18564903736115 2.04345893859863 1.50033295154572 0.529175996780396
0.969848990440369 0.690887987613678 0.689028978347778 0.63170999288559 0.848342001438141 0.979700982570648 0.480571001768112 0.648301005363464 0.760747015476227 0.652454018592834 1.12147200107574 1.51028001308441 1.06294894218445 0.39028400182724
0.814149022102356 0.537042021751404 0.566865980625153 0.684826016426086 0.81214702129364 1.02722501754761 1.14585900306702 0.59450900554657 0.759455978870392 0.766618013381958 1.08081102371216 1.36035001277924 0.6407870054245 0.254642009735107
0.66540002822876 0.51045298576355 0.627205014228821 0.724291026592255 0.646894991397858 0.7117760181427 1.32012498378754 0.59110701084137 0.748993992805481 0.999243974685669 1.0122389793396 1.44066596031189 0.549830973148346 0.440764993429184
0.49092099070549 0.435476005077362 0.746797025203705 0.760604023933411 0.761932015419006 0.865629017353058 1.31789004802704 0.683122992515564 1.0203150510788 1.25761795043945 0.989546000957489 1.3746839761734 0.445634990930557 0.605104982852936
0.484382003545761 0.526742994785309 0.912613987922668 0.844677984714508 0.938331007957458 0.846463978290558 1.4369250535965 0.852241992950439 1.07462501525879 1.14356100559235 1.09028196334839 0.920135021209717 0.251762002706528 0.57380998134613
0.618937015533447 0.68927800655365 0.893450021743774 1.11032295227051 1.05321598052979 1.3841940164566 1.26132702827454 0.929059982299805 1.29425299167633 1.12319898605347 1.00620305538177 0.591215014457703 0.215417996048927 0.661979019641876
0.868927001953125 1.03862905502319 1.17640602588654 1.25941503047943 1.31737101078033 1.55850899219513 1.38274204730988 1.28340601921082 1.16734504699707 1.25610995292664 0.523509979248047 0.289831012487411 0.251222014427185 0.921760022640228
1.43072605133057 1.22797405719757 1.36951804161072 1.53318500518799 1.76648902893066 1.41041195392609 1.1771559715271 1.31827902793884 1.34534895420074 0.959465026855469 0.331674993038177 0.55613499879837 0.461111009120941 1.03095698356628
1.66701102256775 1.35032296180725 1.46309900283813 1.67533302307129 1.00336396694183 1.14404797554016 1.21564602851868 1.0113400220871 0.991679012775421 0.260300993919373 0.219502002000809 0.765347003936768 0.932464003562927 1.25269401073456
1.92665302753448 1.47074198722839 1.34490704536438 1.36966800689697 1.37612104415894 1.49370896816254 1.10012304782867 1.23369801044464 0.198310002684593 0.211061000823975 0.423543989658356 0.838546991348267 1.15438401699066 1.45305705070496
1.81606197357178 1.46239805221558 1.17140603065491 1.74988996982574 1.90194797515869 0.933658003807068 1.15812397003174 0.514640986919403 0.203538000583649 0.53168398141861 0.756133019924164 1.41210997104645 1.44341194629669 1.30195701122284
1.49962294101715 1.37581503391266 1.47165501117706 2.21570611000061 1.72783303260803 1.34052205085754 0.372949987649918 0.333748996257782 0.477739006280899 0.96341198682785 1.36960303783417 1.37446105480194 1.20152795314789 1.1276570558548
1.33502697944641 1.31405794620514 1.55556297302246 2.03198099136353 1.50192296504974 0.449941992759705 0.450080990791321 0.481528997421265 0.597757995128632 1.65773606300354 1.70287597179413 0.874382019042969 1.03692400455475 0.936080992221832
1.29552900791168 1.32301998138428 1.81867003440857 1.55133497714996 2.24141192436218 0.547105014324188 0.621020972728729 0.580583989620209 1.1258670091629 1.363765001297 0.630771994590759 0.825659990310669 0.845254004001617 0.853457987308502
-9999 1.35771596431732 1.80160701274872 2.31212592124939 1.65954005718231 0.458669006824493 0.187875002622604 0.864108979701996 1.25608396530151 1.10069501399994 0.588873982429504 0.713189005851746 0.803457021713257 0.914985001087189
-9999 -9999 2.405916929245 2.56486892700195 1.44031095504761 0.212534993886948 0.524729013442993 1.24735605716705 1.19178700447083 0.676132023334503 0.613770008087158 0.565375983715057 0.916459023952484 0.827081024646759
