layers/lidar/clipped_vars/clip_mdt.asc
NCOLS 14 
NROWS 24 
XLLCORNER 587714 
YLLCORNER 4631503 
CELLSIZE 10 
NODATA_value -9999 
1123.400024414059999 1121.93994140625 1121.15002441406 1120.27001953125 1119.56005859375 1119.06994628906 1118.98999023438 1119.06994628906 1119.93005371094 1120.44995117188 -9999 -9999 -9999 -9999
1123.60998535156 1121.17004394531 1120.13000488281 1119.47998046875 1118.55004882812 1118.11999511719 1118.01000976562 1118.22998046875 1119.35998535156 1119.97998046875 1120 -9999 -9999 -9999
1123.68005371094 1120.81005859375 1118.69995117188 1118.43994140625 1117.57995605469 1117.07995605469 1117.22998046875 1117.28002929688 1118.31994628906 1118.97998046875 1119.0400390625 1118.57995605469 -9999 -9999
1123.21997070312 1120.68994140625 1118.16003417969 1117.25 1116.72998046875 1115.83996582031 1115.82995605469 1115.77001953125 1116.14001464844 1116.77001953125 1117.23999023438 1116.18994140625 -9999 -9999
1122.91003417969 1120.41003417969 1118.09997558594 1116.25 1115.85998535156 1114.4599609375 1113.81005859375 1113.5 1113.63000488281 1114.90002441406 1115.58996582031 1112.9599609375 1108.64001464844 -9999
1123.22998046875 1120.43994140625 1117.9599609375 1115.67004394531 1114.89001464844 1113.60998535156 1112.30004882812 1110.98999023438 1110.7900390625 1112.06994628906 1112.06005859375 1108.96997070312 1103.66003417969 1096.13000488281
1124.18005371094 1120.98999023438 1118.23999023438 1115.89001464844 1113.5 1112.64001464844 1110.89001464844 1109.08996582031 1108.05004882812 1107.80004882812 1107.23999023438 1104.55004882812 1097.47998046875 1091.72998046875
1124.58996582031 1121.18005371094 1118.22998046875 1116.44995117188 1113.75 1111.46997070312 1109.92004394531 1108.07995605469 1105.98999023438 1104.27001953125 1102.77001953125 1099.2900390625 1093.18005371094 1089.80004882812
1124.57995605469 1121.60998535156 1119.27001953125 1116.89001464844 1114.25 1110.69995117188 1109 1107.38000488281 1104.88000488281 1102.4599609375 1099.81994628906 1095.06994628906 1090.78002929688 1089.25
1124.63000488281 1122.18994140625 1120.31005859375 1118.02001953125 1115.58996582031 1112.43994140625 1108.84997558594 1105.96997070312 1103.4599609375 1100.93994140625 1097.73999023438 1092.7900390625 1089.2900390625 1089.22998046875
1125.21997070312 1123.06994628906 1121.40002441406 1118.80004882812 1116.17004394531 1113.48999023438 1109.82995605469 1105.84997558594 1103.26000976562 1099.97998046875 1096.2099609375 1092.17004394531 1088.19995117188 1088.59997558594
1125.55004882812 1124.06005859375 1121.93005371094 1119.0400390625 1116.17004394531 1113.03002929688 1109.68005371094 1105.56005859375 1102.60998535156 1098.30004882812 1094.06005859375 1090.91003417969 1087.18005371094 1088.63000488281
1125.43005371094 1123.69995117188 1121.16003417969 1118.11999511719 1114.75 1111.68005371094 1107.76000976562 1103.7900390625 1100.83996582031 1096.67004394531 1092.18005371094 1089.16003417969 1087.57995605469 1088.73999023438
1124.81994628906 1122.68994140625 1119.7900390625 1116.40002441406 1112.92004394531 1109.5400390625 1105.43994140625 1101.65002441406 1098.22998046875 1094.5400390625 1090.58996582031 1087.86999511719 1087.14001464844 1088.60998535156
1124.13000488281 1120.82995605469 1117.44995117188 1113.40002441406 1109.73999023438 1105.40002441406 1102.43005371094 1098.92004394531 1095.34997558594 1091.57995605469 1088.63000488281 1087.69995117188 1086.97998046875 1088.76000976562
1122.56005859375 1118.25 1114.15002441406 1109.9599609375 1105.18994140625 1100.98999023438 1097.93994140625 1094.77001953125 1091.7099609375 1088.61999511719 1087.77001953125 1087.14001464844 1086.43994140625 1089.41003417969
1121.48999023438 1115.5400390625 1111.13000488281 1105.66003417969 1101.71997070312 1098.0400390625 1094.65002441406 1091.7099609375 1088.0400390625 1087.11999511719 1086.94995117188 1086.05004882812 1087.93994140625 1090.91003417969
1120.5 1113.5 1108.51000976562 1103.41003417969 1099.15002441406 1094.30004882812 1091.30004882812 1088.44995117188 1086.88000488281 1086.91003417969 1086.5400390625 1084.86999511719 1088.68994140625 1093.32995605469
1117.86999511719 1111.83996582031 1107.32995605469 1101.7900390625 1095.0400390625 1090.73999023438 1088.56005859375 1086.90002441406 1086.66003417969 1086.72998046875 1085.30004882812 1086.03002929688 1090.88000488281 1095.88000488281
1115.2900390625 1110.10998535156 1105.02001953125 1098.80004882812 1091.27001953125 1087.41003417969 1085.40002441406 1085.56994628906 1086.23999023438 1085.03002929688 1085.52001953125 1090.2900390625 1093.7900390625 1098.19995117188
1113.35998535156 1108.44995117188 1103.03002929688 1095.90002441406 1089.08996582031 1085.32995605469 1084.67004394531 1084.5400390625 1084.35998535156 1084.66003417969 1089.73999023438 1092.96997070312 1096.11999511719 1099.94995117188
1111.90002441406 1107.32995605469 1101.01000976562 1093.82995605469 1087.31994628906 1083.69995117188 1083.05004882812 1082.44995117188 1084.72998046875 1089.72998046875 1091.97998046875 1094.58996582031 1097.69995117188 1100.9599609375
-9999 1106.76000976562 1101.06005859375 1092.27001953125 1084.44995117188 1082.30004882812 1081.9599609375 1083.0400390625 1086.84997558594 1090.92004394531 1093.58996582031 1095.56005859375 1098.30004882812 1101.75
-9999 -9999 1099.65002441406 1090.88000488281 1082.78002929688 1081.57995605469 1082.06005859375 1085.16003417969 1089.59997558594 1092.53002929688 1094.98999023438 1096.76000976562 1099.18005371094 1102.69995117188
