layers/lidar/agregated_varsslp.asc
NCOLS 20 
NROWS 27 
XLLCORNER 587674 
YLLCORNER 4631483 
CELLSIZE 10 
NODATA_value -9999 
4.814304000437260 7.93523499190807 14.2411999976635 16.5477140045166 8.96546999156475 8.13824398040772 8.34615300059319 7.06645201683044 6.39627299308777 5.99323799848557 4.56501801252365 5.20212700605392 6.53886500269175 3.87693899512291 4.62191899567843 5.2984430000186 6.21779101192951 6.6811030292511 11.4596210324764 26.6063428878784
3.44925900936127 10.0798309779167 13.0071700191498 13.7885599350929 10.6635359954834 10.0380860006809 7.80196200072765 6.95526099205017 6.07707602024078 5.30183899283409 4.01058900713921 5.5002290058136 8.32010399103165 4.06804799288511 4.59846701353788 4.66287400990725 5.19912099123001 8.37548000514507 24.4267579030991 27.4386786324637
2.80448300153017 7.90137299895287 15.573088965416 11.8236040449142 11.8635259962082 14.388523068428 9.03753496646881 7.7719539642334 8.02426699638367 6.15532700538635 5.0287330198288 5.71115800142288 10.3683169800043 4.47145400047302 3.94435399830341 5.19332100749016 5.92242601156235 18.3831669700146 39.5373691558838 41.5818415778024
3.37619698643684 8.30240001320839 12.8801930439472 11.0528309822083 16.0401169395447 14.9943089675903 11.7586420536041 7.53207097530365 7.3729100227356 6.46758299827576 5.66070199012756 6.25985399723053 11.7608979701996 8.94475998401642 7.43994403123856 12.3118309593201 18.2003579986095 38.2848741340637 43.9563130187988 41.2105785097395
6.5799840170145 8.31319699525833 11.0717470049858 13.8370000123978 15.0572520256042 12.574885969162 15.7426550626755 8.0150439953804 6.62235397577286 9.49725196361542 11.6391289997101 12.470466003418 15.2905509567261 15.2625060129166 14.1754390001297 17.885694975853 32.3250859832764 44.4741228485107 40.952133808136 30.7350828715733
4.62932601571083 6.79504801273346 8.91832100391388 17.695149102211 12.1416460323334 16.5268069696426 13.2539999961853 11.5945219683647 7.51065097332001 11.0804229998589 11.3059669971466 14.930467042923 16.0745269966125 15.1271650004387 13.7456750500202 29.6177869272232 34.6582911872864 44.3118619537354 31.168913192749 19.2395485435213
3.65969098985195 5.4965430238843 11.5847820663452 15.4036520171165 14.7171320009232 16.8404140472412 12.4853340005875 12.72662296772 9.73366698145866 12.3547260117531 10.101408970356 14.7535730171204 18.296462020874 19.7696119832993 24.9976139879227 28.5245499897003 41.702746963501 40.7742200279236 15.8996490466595 6.55793859958649
3.47661797694862 3.81299599856138 11.3069129896164 12.6684089946747 19.8966130447388 16.8877369403839 15.1048849320412 14.1222870063782 13.8439159965515 10.9724810326099 12.499783987999 13.3225509929657 15.7929971408844 24.2608040237427 27.0913121318817 31.4973781394959 43.3380118942261 22.2632070446014 9.19516994476318 6.05559715032578
2.85107400238514 4.92483100891113 7.3084620064497 10.5319699668884 20.2751159381866 17.8275629520416 14.5980659532547 10.3407320028543 22.3879089283943 12.3998050165176 11.9758150053024 11.2949509620667 15.1800430393219 17.5477868843079 25.3484148979187 38.4315280723572 30.9162449264526 11.7080699963868 8.87350301742554 3.05091713688203
2.02802899837494 5.02091798990965 5.96314298793674 11.9256039810181 20.8601099872589 15.2485859966278 15.1523370575905 14.2194170188904 18.427040014267 20.6199599933624 10.5543010425568 14.5589459753037 16.8547110652924 14.3961129617691 23.4304389810562 30.9956981086731 22.4794030416012 8.64286300182343 6.87456700444222 4.40888716152736
2.25524099424481 3.39751998841763 5.94837699592113 15.8354239654541 17.8089119815826 12.0803399896622 12.3248999977112 15.158218960762 17.5704270267487 21.9637739467621 23.8659159636498 13.0217689847946 16.92110496521 17.0261730098724 22.6185229492188 28.4343549537659 13.7247859716415 5.30061899602413 10.9719239878654 3.85276285409927
2.74817601561546 5.02602299451828 6.34818899214268 13.7204920363426 14.8016310167313 11.2215320110321 13.8159870171547 16.3958800220489 14.5720740032196 16.0354500007629 27.4473639392853 12.8110789752007 16.669112033844 21.4174160194397 21.4002409076691 29.7504629039764 12.0192820119858 9.66171399593353 14.3066480255127 4.98979141967637
3.73499798029661 5.15510699510574 8.19574100375175 9.14724696874618 10.8207910013199 9.40086201906204 16.1504189777374 16.9580149459839 17.0541300201416 19.249670009613 26.5023289394379 14.0439919513464 22.041191072464 26.6781690597534 21.2380449676514 28.4296169948578 9.53170403182506 13.6543870162964 12.9598220404983 9.91560574940273
2.99452800005674 4.5192829978466 7.8088330078125 9.41914296865463 10.5064929884672 11.5974660348892 19.7331628608704 18.709841966629 20.5856239509583 17.8621089792252 29.6339580917358 18.3470430469513 23.2998970794678 24.6503299713135 23.0123220825195 20.2044159317017 5.53405398011208 12.9778060245514 18.6135320234299 10.2021770886012
3.52726899504662 3.20456898391247 5.23396796584129 13.0664419424534 13.8668430185318 15.1969939756393 19.2861280250549 23.9767558479309 22.5729380226135 28.721634016037 26.479028968811 20.1795390224457 27.3797319984436 24.1992860031128 21.5162129592896 13.0573169744015 4.74545100092888 14.7440979838371 24.3596019649506 8.59480716500964
3.77766099452972 2.87226599819958 3.48834500715137 14.2566449642181 19.3266749858856 22.1848900222778 25.0200440216064 26.7415969371796 27.0000309658051 31.5288420009613 27.4691761302948 27.0087439346313 25.2637549591064 26.5131899642944 11.3697010493279 6.56063400506973 5.24623200714588 20.2270929908752 25.5320360183716 11.2121000000409
4.71596300244331 3.55340700119734 4.03885999023914 14.6408659297228 29.57613489151 26.1276389694214 28.2451910400391 30.8610140609741 34.4306520462036 28.854551076889 24.4415500926971 28.1095129966736 27.4695279598236 18.3694540280104 6.98037099957466 11.8763090157509 10.0601750099659 22.5509239196777 26.2462279891968 18.6901128768921
6.03312098026276 5.39221299409866 7.26539499998093 15.6563919830322 33.4651219558716 28.222006111145 29.793883895874 33.2360898780823 21.3236830663681 24.5952030086517 26.188172044754 19.198545974493 19.4094180029631 5.30212300419807 4.50989701032639 16.1466330051422 19.085177989006 26.3484879684448 29.6032529449463 18.2035771097456
6.95130602359772 8.77296198129654 7.2521089720726 14.1530420589447 37.1490842628479 30.081324005127 28.3073958778381 28.654854888916 28.0788631057739 29.6117840957642 21.7034629750252 22.5777649784088 4.11412498772144 4.20301102519035 9.15430600911379 17.3128539931774 24.0487839186192 30.3267670822144 28.3506929397583 13.8255986349923
9.8513120508194 8.15365400791168 8.26804896950722 23.1724529695511 35.8493768692017 30.3272260475159 24.5252799034119 35.0633422088623 36.8355000114441 17.8583849442005 22.1930680024624 10.8574870115519 4.21777000278234 11.0472770065069 15.8991960078478 27.6177031683922 29.7462969875336 27.670751991272 25.5666560935974 13.6806628499712
9.38438403606415 10.4180679607391 18.2198890209198 28.2399229240417 30.5378250217438 27.0517740237713 30.4317189216614 41.6994441795349 34.169405040741 24.7484779405594 7.11599500060082 7.28853101849556 10.0605480051041 19.8939749920368 26.4209159946442 28.1398839235306 25.7038839435577 24.4995749282837 22.028230009079 8.00030850512641
11.467022049427 11.155788974762 17.8289540195465 22.1175060081482 28.33323097229 27.4809089183807 32.1623469543457 38.894184923172 29.2026269388199 9.8270790040493 9.51931601643562 10.7926339650154 13.1919519746304 28.237164067626 32.2734180450439 18.7690920162201 22.6918749427795 20.7278139591217 17.748461971283 9.81683422497341
10.2595239552483 12.6337680053711 15.292900056839 17.9357949900627 27.0919918394089 27.7419239807129 35.9099318504334 30.5551461553574 37.2990979838371 12.0277630615234 12.8036289477348 12.7734340137243 23.9647800374031 26.9404359531403 14.0010329627991 18.371530008316 18.7972040367126 18.9424690628052 18.2300940322876 10.4802957057953
11.0680279779434 10.7138490200043 12.1566999959946 20.9155640125275 20.004058098793 28.3466759300232 34.4997009658813 41.1734009933472 28.7533890104294 9.87921402454376 3.938332997486 18.8186589455605 26.896321849823 23.7528489875793 13.0288250207901 15.9067359399796 17.6726560306549 20.2094320297241 18.8610529708862 5.9392828481538
16.2799959874153 13.1865230083466 11.8973859667778 15.1924649906158 22.2749759960175 27.9992660427094 42.3790797615051 45.3487470054626 24.535829167366 4.66531399250031 11.2849819791317 25.9428411197662 25.0402429866791 14.9249490976334 13.7158509922028 12.5046039676666 20.0806429576874 18.2854710674286 16.6899119949341 4.70484142133168
8.87931503176689 8.93397501468658 12.1200459241867 17.4522660636902 23.6460649871826 37.0876870346069 38.3087020492554 42.3479458999634 11.852349023819 5.06493596732616 26.1855380368233 19.3441529512405 25.540076084137 15.0402439785004 14.1101070356369 11.8438369846344 19.4607260513306 15.7362170314789 13.0213639783859 4.05360712494169
10.5503087446094 8.96425505876541 9.67927623987198 17.5656588554382 30.4460850596428 35.2571189165115 39.5604161500931 39.2618237018585 6.58613124266267 5.11766874790192 27.6245510905981 26.1509887218475 20.8298837304115 15.2971787445247 11.9829999625683 12.2964874982834 13.0225812852383 15.8979186892509 13.1908375263214 5.31106791325978
