layers/lidar/agregated_varsmdt.asc
NCOLS 20 
NROWS 27 
XLLCORNER 587674 
YLLCORNER 4631483 
CELLSIZE 10 
NODATA_value -9999 
1131.000000000000000 1129.97 1128.96 1125.88 1123.51 1122.59 1122.16 1121.07 1120.43 1119.77 1119.5 1119.84 1120.77 1121 1121 1120.82 1120.38 1119.61 1119.06 1116.57142857143
1131 1129.85 1128.14 1125.73 1123.4 1121.94 1121.15 1120.27 1119.56 1119.07 1118.99 1119.07 1119.93 1120.45 1120.23 1119.97 1119.48 1118.91 1116.77 1113.18571428571
1130.9 1129.85 1127.73 1125.36 1123.61 1121.17 1120.13 1119.48 1118.55 1118.12 1118.01 1118.23 1119.36 1119.98 1120 1119.35 1118.82 1117.75 1112.67 1107.77142857143
1130.6 1129.63 1127.76 1125.73 1123.68 1120.81 1118.7 1118.44 1117.58 1117.08 1117.23 1117.28 1118.32 1118.98 1119.04 1118.58 1117.49 1113.86 1106.52 1100.62857142857
1130.56 1129.29 1127.65 1125.43 1123.22 1120.69 1118.16 1117.25 1116.73 1115.84 1115.83 1115.77 1116.14 1116.77 1117.24 1116.19 1113.18 1107.59 1100.24 1095.98571428571
1130.02 1129.2 1127.91 1125.68 1122.91 1120.41 1118.1 1116.25 1115.86 1114.46 1113.81 1113.5 1113.63 1114.9 1115.59 1112.96 1108.64 1101.69 1094.98 1091.87142857143
1130 1129.49 1128.18 1125.82 1123.23 1120.44 1117.96 1115.67 1114.89 1113.61 1112.3 1110.99 1110.79 1112.07 1112.06 1108.97 1103.66 1096.13 1091.62 1091.05714285714
1130.14 1129.88 1128.49 1126.66 1124.18 1120.99 1118.24 1115.89 1113.5 1112.64 1110.89 1109.09 1108.05 1107.8 1107.24 1104.55 1097.48 1091.73 1090.56 1090.84285714286
1130.56 1129.86 1128.75 1127.45 1124.59 1121.18 1118.23 1116.45 1113.75 1111.47 1109.92 1108.08 1105.99 1104.27 1102.77 1099.29 1093.18 1089.8 1090.43 1091
1130.57 1129.99 1129.14 1127.66 1124.58 1121.61 1119.27 1116.89 1114.25 1110.7 1109 1107.38 1104.88 1102.46 1099.82 1095.07 1090.78 1089.25 1090.38 1091.08571428571
1130.4 1130.01 1129.43 1127.93 1124.63 1122.19 1120.31 1118.02 1115.59 1112.44 1108.85 1105.97 1103.46 1100.94 1097.74 1092.79 1089.29 1089.23 1090.39 1091.84285714286
1130.02 1130 1129.37 1127.78 1125.22 1123.07 1121.4 1118.8 1116.17 1113.49 1109.83 1105.85 1103.26 1099.98 1096.21 1092.17 1088.2 1088.6 1090.52 1092
1130 1129.8 1128.66 1127.56 1125.55 1124.06 1121.93 1119.04 1116.17 1113.03 1109.68 1105.56 1102.61 1098.3 1094.06 1090.91 1087.18 1088.63 1091.03 1092.51428571429
1129.48 1129.09 1128.51 1127.14 1125.43 1123.7 1121.16 1118.12 1114.75 1111.68 1107.76 1103.79 1100.84 1096.67 1092.18 1089.16 1087.58 1088.74 1091.54 1093.87142857143
1129 1129 1128.74 1127.11 1124.82 1122.69 1119.79 1116.4 1112.92 1109.54 1105.44 1101.65 1098.23 1094.54 1090.59 1087.87 1087.14 1088.61 1092.24 1095
1128.57 1128.66 1128.5 1127.21 1124.13 1120.83 1117.45 1113.4 1109.74 1105.4 1102.43 1098.92 1095.35 1091.58 1088.63 1087.7 1086.98 1088.76 1093.04 1096
1127.95 1128 1128 1127.19 1122.56 1118.25 1114.15 1109.96 1105.19 1100.99 1097.94 1094.77 1091.71 1088.62 1087.77 1087.14 1086.44 1089.41 1093.71 1097.15714285714
1127.07 1127.75 1127.33 1126.14 1121.49 1115.54 1111.13 1105.66 1101.72 1098.04 1094.65 1091.71 1088.04 1087.12 1086.95 1086.05 1087.94 1090.91 1095.81 1099.5
1126.12 1126.49 1126.34 1125.2 1120.5 1113.5 1108.51 1103.41 1099.15 1094.3 1091.3 1088.45 1086.88 1086.91 1086.54 1084.87 1088.69 1093.33 1098.13 1101.4
1124.79 1125.14 1125.15 1123.9 1117.87 1111.84 1107.33 1101.79 1095.04 1090.74 1088.56 1086.9 1086.66 1086.73 1085.3 1086.03 1090.88 1095.88 1100.21 1103.14285714286
1123.25 1123.56 1123.06 1120.3 1115.29 1110.11 1105.02 1098.8 1091.27 1087.41 1085.4 1085.57 1086.24 1085.03 1085.52 1090.29 1093.79 1098.2 1102.02 1104.2
1121.48 1121.75 1120.42 1117.6 1113.36 1108.45 1103.03 1095.9 1089.09 1085.33 1084.67 1084.54 1084.36 1084.66 1089.74 1092.97 1096.12 1099.95 1103.18 1105.2
1119.72 1119.89 1118.79 1116.12 1111.9 1107.33 1101.01 1093.83 1087.32 1083.7 1083.05 1082.45 1084.73 1089.73 1091.98 1094.59 1097.7 1100.96 1104.16 1106.31428571429
1117.99 1117.89 1117.2 1114.85 1110.94 1106.76 1101.06 1092.27 1084.45 1082.3 1081.96 1083.04 1086.85 1090.92 1093.59 1095.56 1098.3 1101.75 1105.29 1107.04285714286
1115.95 1115.7 1115.34 1113.47 1110.45 1105.75 1099.65 1090.88 1082.78 1081.58 1082.06 1085.16 1089.6 1092.53 1094.99 1096.76 1099.18 1102.7 1105.71 1107.45714285714
1113.62 1113.86 1113.79 1111.93 1109.08 1103.25 1095.29 1087.54 1081.3 1080.95 1082.69 1086.86 1090.82 1093.76 1096.19 1097.86 1100.08 1103.4 1105.91 1107.11428571429
1112.2625 1112.5125 1112.3 1110.4375 1106.9 1100.6375 1092.7625 1085.3625 1081.0375 1080.525 1082.625 1087.9375 1092.3875 1094.8125 1097.55 1099.2375 1100.575 1103.1625 1105.65 1106.96428571429
