layers/lidar/agregated_varsrug.asc
NCOLS 20 
NROWS 27 
XLLCORNER 587674 
YLLCORNER 4631483 
CELLSIZE 10 
NODATA_value -9999 
0.215557000711560 0.35272200031206 0.643187001794577 0.737015002369881 0.407560998350382 0.372310000061989 0.374081999957561 0.301651999652386 0.280426001250744 0.266085999533534 0.197164000421762 0.223911000564694 0.308300001733005 0.202020999677479 0.239580000862479 0.245883999653161 0.28675000064075 0.30320100016892 0.560431000851095 1.2041542836598
0.163665999397635 0.445797997787595 0.58462299913168 0.631955001205206 0.504078001603484 0.470572998300195 0.359060000702739 0.305704000145197 0.270115000456572 0.241952999532223 0.185081000775099 0.24836500056088 0.380495001226664 0.209735000617802 0.235170000828803 0.23047799937427 0.242063000127673 0.406761000826955 1.17513200610876 1.27438286457743
0.135285000056028 0.350251000002027 0.704808003008366 0.547149001955986 0.534518999308348 0.648455998003483 0.406865999251604 0.345824000686407 0.352342000603676 0.269012999981642 0.230913999825716 0.255346999764442 0.475431999415159 0.215620999634266 0.190921000987291 0.24835199996829 0.280642999634147 0.869812002182007 2.05949601173401 2.23241000175476
0.15374700024724 0.385027999728918 0.589388996958733 0.507512997984886 0.730567004084587 0.676865001916885 0.536852000057697 0.336959000080824 0.322300001680851 0.282107999771833 0.258585999682546 0.292280001491308 0.538857000768185 0.41339900046587 0.344244999960065 0.57183900102973 0.860103000700474 2.01979700386524 2.39698998808861 2.15626286779131
0.308973999582231 0.384804000034928 0.51830700032413 0.633703000545502 0.672601002156734 0.562787999212742 0.718731004297733 0.358938999027014 0.290752000808716 0.419254999011755 0.515561000704765 0.561999000310898 0.713419001400471 0.700756994783878 0.652748001515865 0.827898996770382 1.58043000221252 2.43541399478912 2.1840060043335 1.44997142893927
0.209866999648511 0.313378999605775 0.402629998475313 0.838455999791622 0.56091400206089 0.740497998893261 0.606159997582436 0.55115700006485 0.337696998566389 0.498208000957966 0.519180002808571 0.684507003128529 0.721405000686645 0.698778002113104 0.672889002561569 1.48231400221586 1.76798899829388 2.4694939994812 1.55206999719143 0.90353285617062
0.173437999300659 0.265614999979734 0.528129000663757 0.738931001126766 0.673362997174263 0.758246002793312 0.557671998143196 0.5802879999578 0.454658000171185 0.548287999629974 0.454858999401331 0.665766000449657 0.830475002527237 0.925624003112316 1.17585399866104 1.40900399804115 2.31728999793529 2.1857309949398 0.800902001783252 0.287132856036936
0.167593000968918 0.1827339993231 0.512171998023987 0.564827998578548 0.919020001888275 0.763349002599716 0.709318000152707 0.643214002549648 0.634323999881744 0.490292000323534 0.551374000608921 0.600545000731945 0.731668998003006 1.13143100321293 1.28964999616146 1.67799400210381 2.45335499644279 1.06338299632072 0.435212000384927 0.272141428611108
0.150894998740405 0.230349999219179 0.338530999347568 0.472836998403072 0.939326999783516 0.818879998326302 0.666874000430107 0.477162999883294 1.07058799982071 0.56857399970293 0.539343999624252 0.511720996797085 0.695388999283314 0.782777997553349 1.18564899981022 2.04345899939537 1.50033299803734 0.529175999611616 0.389747998416424 0.14543571402984
0.108709999807179 0.24283799931407 0.282870000526309 0.544219000041485 0.969848998188973 0.690888000428677 0.689028997421265 0.631709998846054 0.848342000544071 0.979701002538204 0.480570998191834 0.648300999999046 0.760746999382973 0.652454001158476 1.12147199600935 1.51028000473976 1.06294900000095 0.390283998996019 0.30501999899745 0.195938572074686
0.132063000388443 0.182504999935627 0.285046000853181 0.726116998791695 0.814148998856544 0.537042001485825 0.566865998506546 0.684825998991728 0.812147001922131 1.02722500085831 1.14585900336504 0.594508998990059 0.759456001520157 0.766617996692658 1.08081099867821 1.36034999847412 0.640786999613047 0.254641999900341 0.495778999626637 0.173658571285861
0.168630999848247 0.25536599971354 0.324447000622749 0.614687999039888 0.665399999916554 0.510452998429537 0.627204996645451 0.72429100215435 0.646894999146462 0.711775997877121 1.32012500226498 0.591107002496719 0.74899400472641 0.999243996143341 1.01223899900913 1.44066599965096 0.549830996841192 0.440764999240637 0.631859999597073 0.256707142612764
0.179913000836968 0.259458000138402 0.387440999746323 0.421697002053261 0.490921001136303 0.43547600120306 0.746796999126673 0.760604000687599 0.761932000815868 0.865629002451897 1.31788999944925 0.683123002499342 1.02031499862671 1.25761800646782 0.989546004533768 1.37468400359154 0.445635001212358 0.60510499894619 0.601673000305891 0.431327143098627
0.150022000521421 0.228454999774694 0.370473999530077 0.442704000473022 0.484381998479366 0.526742998361588 0.91261399358511 0.844677998125553 0.938331000208855 0.846464000940323 1.43692500114441 0.85224200129509 1.07462499976158 1.14356100320816 1.09028199583292 0.920134998261929 0.251761999726295 0.573809998631477 0.8592989975214 0.440948572541986
0.177529999874532 0.17163399964571 0.269506000243127 0.592688000798225 0.618937003016472 0.68927799731493 0.893449998795986 1.11032299697399 1.05321599960327 1.38419400006533 1.26132699549198 0.929059996902943 1.29425300359726 1.12319899857044 1.00620299845934 0.591215001195669 0.215418000109494 0.661979000419378 1.15319499790668 0.391129997798375
0.18064299993217 0.155235000103712 0.188456000648439 0.643096000105143 0.868926998972893 1.03862900197506 1.17640600383282 1.25941500425339 1.31737100064754 1.5585089969635 1.38274200290442 1.28340600192547 1.16734499573708 1.25611000359058 0.523510002084076 0.289830999411643 0.251221999973059 0.921760000884533 1.21001900076866 0.511028574407101
0.218050000593066 0.18830599989742 0.211044000387192 0.685999000370502 1.43072600364685 1.22797399997711 1.36951800405979 1.53318500101566 1.76648899614811 1.4104120016098 1.17715599954128 1.31827899754047 1.34534900903702 0.959465004056692 0.331675000712276 0.556135001368821 0.461111000701785 1.03095700263977 1.22757700204849 0.812110002126012
0.274572999626398 0.26795400030911 0.338198001235724 0.717790997624397 1.66701100349426 1.35032300233841 1.46309900760651 1.67533300280571 1.0033639985323 1.14404800236225 1.21564599573612 1.011339995116 0.991679007261992 0.260300999544561 0.219502000212669 0.765347000211477 0.932463999539614 1.25269399762154 1.42374000310898 0.805182854618345
0.313416999429464 0.409745999127626 0.347549000233412 0.656047999560833 1.92665299057961 1.47074199795723 1.34490699768066 1.36966800332069 1.37612099409103 1.49370900094509 1.10012299820781 1.23369800239801 0.198310000225902 0.211060999669135 0.423543999642134 0.838547000288963 1.1543839995563 1.45305699825287 1.33699999988079 0.599621429187911
0.441427001208067 0.385337999761105 0.395824998170137 1.16628199890256 1.81606199860573 1.46239799499512 1.17140599370003 1.7498900026083 1.90194800257683 0.933657998740673 1.15812399104238 0.51464099958539 0.20353800073266 0.531683998554945 0.756132998168468 1.4121099935472 1.44341199696064 1.30195700109005 1.18985399782658 0.596420001132148
0.418954999148846 0.481012998521328 0.830825999975204 1.3568399977684 1.49962299764156 1.37581499680877 1.47165499269962 2.21570600390434 1.72783299803734 1.3405220041424 0.372949999310076 0.333748999834061 0.477738999649882 0.963412001430988 1.36960300475359 1.37446100234985 1.20152800023556 1.12765700757504 1.00415699541569 0.366999999114445
0.515720999538898 0.497963995635509 0.814469999074936 1.02070500135422 1.33502700030804 1.31405800521374 1.55556300282478 2.03198100447655 1.50192300140858 0.449942001625895 0.450080999284983 0.481529000550509 0.597758001387119 1.65773600459099 1.70287600278854 0.874381995499134 1.03692400217056 0.936080998182297 0.789322999715805 0.414822858146259
0.480338999778032 0.581515002548695 0.687370001673698 0.826162996292114 1.29552900344133 1.32302000015974 1.81866999387741 1.55133500218391 2.24141199111938 0.547104999125004 0.621021001935005 0.580584000200033 1.12586699739099 1.36376498937607 0.630771999359131 0.825660002827644 0.845253996253014 0.853457997441292 0.820305999517441 0.454127142046179
0.501872000694275 0.47810600027442 0.542728999257088 0.950602001547813 0.933444002568722 1.35771600306034 1.80160699725151 2.31212599396706 1.65954000726342 0.458668998405337 0.187875000014901 0.86410899952054 1.25608399868011 1.10069500029087 0.588874001353979 0.713188998699188 0.803457002043724 0.914985000491142 0.851072999835014 0.265922857182367
0.738089003488421 0.600871000215411 0.532908002585173 0.686888999938965 1.03013000130653 1.34935399889946 2.4059169960022 2.56486899614334 1.44031099960208 0.212534999214113 0.524729001075029 1.24735599994659 1.19178699433804 0.676132001429796 0.613770000636578 0.565376001298428 0.916458998322487 0.827081000804901 0.745972997546196 0.213854284903833
0.427296000570059 0.406581999957562 0.552688001692295 0.779259999394417 1.12901900410652 1.87582799911499 2.06280600070953 2.34732600331306 0.570869997441769 0.227726999297738 1.35494700059295 0.900780999660492 1.1967380040884 0.665787003040314 0.624347999989986 0.528750997930765 0.916031001806259 0.709814001023769 0.576159000992775 0.177925714052149
0.465105001302436 0.404448749218136 0.429037501290441 0.776274997368455 1.46294625103474 1.77669875025749 2.04479124769568 2.05426750555635 0.303361249994487 0.220525000058115 1.29023624882102 1.17907124757767 0.929042496904731 0.688951254636049 0.526177501678467 0.544316248781979 0.577912503108382 0.708052499592304 0.566600002348423 0.216110713779926
