layers/lidar/agregated_varsmda.asc
NCOLS 20 
NROWS 27 
XLLCORNER 587674 
YLLCORNER 4631483 
CELLSIZE 10 
NODATA_value -9999 
0.200000000000000 0.19 1.12 0.49 0.01 0.04 0.2 0 0 0 0 2.08 1.35 0.67 0.14 0.06 0.26 0.2 0.04 0.2
0.05 0.28 0.21 0.89 0.19 0.12 2.89 0 0 0 0 0.2 2 0.29 0.02 0.01 0.01 0.1 0.15 0.128571428571429
0.19 0.27 0.16 0.01 0.58 0.11 3.11 0 0 0 0 0.29 2.63 0.08 0 0.02 0 0.38 0.19 0.471428571428571
0 0.14 0.15 0.07 0.55 0.44 3.01 1.6 0 0.1 1.3 2.28 2.18 0.06 0 0.1 0.18 0.52 0.64 2.04285714285714
0.02 0 0 0.04 0.79 0.84 2.51 1.93 2.56 5.6 5.07 1.7 1.46 0.02 0.03 0.04 0.1 0.32 1.55 6.24285714285714
0.01 0 0.03 0.09 0.07 0.51 0.45 1.52 4.88 5.64 1.27 1.29 0.52 0.14 0.06 0.07 0.03 0.21 3.9 8.52857142857143
0 0 0.08 0.07 0.18 0.7 0.35 0.03 1.59 4 1.95 2.86 0.61 0.21 0.47 0.08 0.39 1.82 2.67 3.57142857142857
0 0 0.07 0.35 0.45 0.7 0.27 0.07 3.51 4.58 2.66 0.64 1.17 1.67 0.32 0.25 1.83 8.37 2.86 1.31428571428571
0.11 0 0.25 0.5 0.51 0.17 0.17 0.12 0.35 2.07 2.89 0.34 0.78 4.8 1.71 2.39 9.1 7.18 0.44 0.557142857142857
0 0.01 0.5 0.11 0.18 0.09 0.36 0.05 0.1 0.32 5.15 2.59 0.08 1.94 1.43 1.84 4.67 1.93 0.06 1.84285714285714
0 0.01 0.09 0.32 0.23 0.02 0.11 0.14 0.01 0.11 1.34 1.29 1.17 1.04 0.09 0.59 1.45 1.21 0.25 2.08571428571429
0 0.01 0.03 0.13 0.18 0 0.02 0.1 0.08 0.08 0.08 0.78 0 0.08 0.03 1.18 2.18 1.01 0.47 2.1
0 0 0 0 0 0 0 0.15 0.2 0 0.05 0.54 0.14 0.06 0.52 1.64 3.52 0.84 0.33 1.85714285714286
0 0 0 0 0.13 0 0.05 0.12 0 0.13 0.44 0.13 0 0 0.31 7.96 2.19 0.26 0.23 1.12857142857143
0 0 0.09 0.12 0.15 0.04 0.03 0 0.34 0.55 0.54 0.05 0.16 0.04 8.36 15.01 1.65 0.44 0.1 1.15714285714286
0 0 0.01 0.02 0.21 0.06 0 0.02 0.07 1.18 0.36 0.59 0.46 0.04 6.28 12.01 2.09 0.26 0.27 1.32857142857143
0 0 0.01 0.06 0.1 0.12 0.12 0.15 1.04 2.21 0.73 0.4 2.59 2.22 1.88 0.64 1.94 1.56 0.61 0.714285714285714
0 0.13 0 0.09 0.2 0.09 0.08 2.51 2.15 1.68 0 0.1 1.15 3.5 2.06 2.78 0.58 0.01 0 0.842857142857143
0 0.06 0 0.03 0.46 0.14 0.92 2.41 0.57 0.17 0.31 0.85 0.23 4 4.48 1.29 2.54 0.02 0 1.11428571428571
0.01 0 0 0.49 0.15 0.14 0.92 0.27 1.13 0.21 0.46 2.01 0.42 0.9 2.05 0.44 0.32 0.08 0 1.14285714285714
0 0 0.04 0.12 0.08 0.12 0.62 0.37 1.16 1.55 0.51 0.52 3.42 2.18 4.33 1.22 0.06 0.01 0.01 0.942857142857143
0 0 0.05 0.28 0.43 0.73 0.82 0.55 3.1 4.27 0 3.16 9.9 2.27 4.28 0.29 0.1 0.06 0.07 0.957142857142857
0.03 0.04 0.14 0.29 0.14 0.98 0.95 0.9 5.93 1.33 1.49 1.39 5.35 1.47 0.64 0.1 0.05 0.02 0.05 0.585714285714286
0 0.37 0.13 0.18 0.03 0.38 0.61 1.1 2.08 1.42 1.81 3.41 5.74 0.83 0.41 0.01 0.02 0.07 0 0.557142857142857
0.11 0.15 0.06 0.06 0.09 0.2 1.41 2.29 1.98 1.36 2.64 2.04 2.15 1.05 0.72 0.04 0.1 0.04 0.02 0.757142857142857
0 0.03 0.18 0.2 0 0.26 0.28 2.69 2.62 2.83 2.63 2.58 2.52 1.16 1.95 0.7 0.11 0 0 0.985714285714286
0.1625 0.1375 0.25 0.2625 0 0.0625 0.425 0.5625 1.3875 5.2375 5.25 2.9 2.05 1.975 1.75 0.075 0.05 0.15 0.025 1.17857142857143
