layers/lidar/agregated_varsasp.asc
NCOLS 20 
NROWS 27 
XLLCORNER 587674 
YLLCORNER 4631483 
CELLSIZE 10 
NODATA_value -9999 
1.967953994683920 2.06903699845076 1.99843499660492 1.53849199801683 1.70596700549126 2.31512499511242 2.64866201043129 2.39493200778961 2.56057600021362 2.50938199877739 3.23662198781967 3.76154799938202 3.79472500737756 3.32983799022739 3.02940099366009 2.34515300408006 2.58035699896514 2.39130999684334 2.75418299794197 2.16020143202373
2.38131701052189 1.49795000195503 1.82333000898361 1.92274000197649 1.6242859941721 2.05145299553871 2.90788099884987 2.2827560031414 2.54800600290298 2.6786279964447 3.34484798669815 3.6278909945488 3.93785700321198 3.31867700755596 2.85326201193035 2.38897398710251 2.45800500035286 2.49569499611855 2.36945399880409 2.23720000471388
1.97633599646389 1.69823900341988 1.55368500232697 1.26887699507177 1.36097200661898 1.85025400996208 3.09111401438713 2.3537630033493 2.56736799001694 2.91597001075745 3.27316999197006 3.45809899568558 4.06545499682426 3.20047500371933 2.95593101263046 2.16182800531387 2.38069699764252 2.44933899044991 2.26968599796295 2.57963142735617
1.76306700348854 1.78173299513757 1.52983900129795 1.57813799798489 1.70582500100136 1.59976299762726 2.69237100481987 2.64337899923325 2.38325600385666 3.04623599767685 3.38312500953674 3.18027500629425 3.94026900291443 3.30633900880814 3.26614300251007 2.77995500743389 2.50483600616455 2.29480301141739 2.30253399133682 2.33216713156019
1.83876000896096 1.7925220066309 1.45534699710086 1.71035600304604 1.70376299619675 1.81385800361633 1.75689699172974 2.99199900150299 2.37366000056267 2.83281500101089 3.23086498737335 3.14217998743057 3.36687600135803 3.4349950003624 3.02117999792099 2.58837099432945 2.510403008461 2.26223000764847 2.37759699344635 2.39353999069759
1.50479199826717 1.35014199525118 1.4654730001092 1.43664899587631 1.6894920027256 1.60662599682808 1.91920000433922 2.70956799864769 2.41301600694656 2.29218700289726 2.96865800261497 3.06317399740219 3.37785300254822 3.77466401338577 2.96052300095558 2.42746499896049 2.27292800307274 2.17296100616455 2.28420499563217 2.31043856654848
1.24735799707472 1.29522799789906 1.32030700206757 1.51416499912739 1.28953900396824 1.4897119987011 1.37611600339413 1.78528500139713 2.83800101041794 2.08289000511169 2.45024900078774 2.59510300636292 3.42431099891663 3.53552499294281 2.65014299631119 2.3458279979229 2.18564898490906 2.29025300264359 2.64313400149345 2.01269572121756
1.46710099801421 1.52118900030851 1.42228100061417 0.868780999928713 1.2739380043745 1.39617599964142 1.61739899635315 1.19414200365543 2.41838500380516 2.23999499440193 2.2093449985981 2.25935399532318 3.01020400524139 3.0867370057106 2.82934499740601 2.31203701257706 2.25027799963951 2.44510700106621 2.95798500880599 4.68059571592936
1.5589019985497 1.4363010007143 1.38696999907494 1.39532599747181 1.56371799707413 1.53107300400734 1.45698700539768 1.66219000801444 1.56361599385738 2.7515750014782 1.95281799197197 1.96956100583076 2.02141699433327 2.6839980173111 2.70412299871445 2.40989000201225 2.05637900710106 2.85422000050545 4.8733279800415 4.66342286254678
1.79425000899471 1.44463401183486 1.27906099975109 1.5553810018301 1.57327100098133 1.32548799932003 1.03923100203276 1.08778100073338 1.27978599727154 1.62834299564362 2.49119100689888 1.93502700448036 2.07920199632645 2.15688799977303 2.11053799629211 2.15686201334 2.01400300145149 4.1051100024581 4.54758400440216 4.81472143786294
2.40935298427939 1.96349400937557 1.39777200390119 1.4836200016737 1.45455300092697 1.24037199914455 1.00055099755526 1.25298200249672 1.22073199808598 1.04108100354671 1.25482400208712 2.11058099031448 1.88278898715973 1.90180000782013 1.9802349960804 1.70489099740982 2.69718799948692 3.79493000805378 4.59345601797104 5.36984288351876
2.74497099459171 2.25901899695396 2.38547700405121 1.65714198946953 1.39379600286484 1.27346299842 1.15272099912167 1.31070900082588 1.3779220020771 1.5294990003109 1.53801499605179 1.4669160041213 1.53159900307655 1.94418100953102 2.21497700691223 1.74442600369453 2.76826401591301 4.02948000669479 4.84936699390411 5.16795285088675
2.6469320166111 2.35091700673103 2.04869200348854 1.85597900152206 1.46157199680805 1.12922699794173 1.57790600145236 1.70083699941635 1.86645799875259 1.9022560107708 1.79174499988556 2.26850800156593 1.97326299667358 1.91782799601555 2.29880500197411 2.00176399707794 3.46456601813436 4.93710500240326 4.9329970009625 5.37548287936619
3.05819499492645 2.15554999828339 1.48222999751568 1.79864699959755 1.77668200135231 2.12080600619316 1.96846000790596 1.99169200658798 1.95803500294685 1.95600800156593 1.97283898949623 2.38341300606728 2.0399100112915 1.91255500197411 2.1282629942894 2.04309300541878 3.77446900054812 4.61447801589966 4.78847801685333 5.54948428017753
3.19876500368118 2.66375700592995 1.90628899402916 1.41008799850941 1.85512300252914 2.12530800104141 2.02763400435448 2.11592000126839 2.21986199498177 2.30874600052834 2.16746500849724 2.3066030049324 2.18813699245453 2.24022200465202 2.05322699189186 1.71623900417238 3.75275600060821 4.64264999389648 4.85127000808716 5.43416288899524
3.30325499773026 2.99244200475514 2.59328099370003 1.6409980070591 1.86667600274086 2.21356600522995 2.23376800060272 2.25004999160767 2.35033100485802 2.36701099872589 2.54368899583817 2.39607799768448 2.2811789894104 2.16043400526047 2.42221900343895 1.75875000357628 3.17644202053547 4.82737998962402 4.94576400279999 5.0882557030235
3.52707000494003 3.4268139976263 2.79445400357246 1.85883400142193 1.92669999837875 2.17614000320435 2.29354900479317 2.26339399337769 2.42337800741196 2.32561200857162 2.49085700035095 2.45881199836731 2.50117401123047 2.68659498810768 2.72118200361729 2.36228798747063 4.24984099388123 4.92102499961853 4.92086398601532 5.31060285568237
3.61594999790192 3.36609999656677 2.61401100516319 2.1030980014801 1.5722809946537 2.05388499498367 2.13954800963402 2.2125069963932 2.20297501206398 2.3002389895916 2.24415601015091 2.31623699426651 2.50751599431038 2.61486999690533 3.03948900103569 2.83079999791458 4.96418901637197 5.14290203094482 5.18233001708984 5.5214214188712
3.55198799133301 3.32974299907684 2.68083700418472 2.00652401208878 1.93725999236107 1.91496100187302 1.88367499828339 1.80413500189781 2.33721599936485 2.42715199351311 2.67556598186493 2.04451099395752 2.50506100177765 3.82707500562072 1.49321099698544 3.18957300037146 4.74810700312257 5.18538099765778 5.11667600631714 5.5615485736302
3.4051890039444 3.24911698937416 2.95781699538231 2.32716798901558 1.92348099470139 1.88803900122643 1.88458099365234 1.83970100402832 2.14130899786949 2.46707100510597 2.55818100690842 3.07791799634695 2.25966400302947 3.42769400440156 3.14853799499571 4.7742639824003 5.31348700046539 5.22300301074982 5.11116399765015 5.55456712586539
3.44400599956512 3.28221000432968 2.67676599502563 2.306356985569 1.89646900653839 1.86649800240993 2.03432200551033 2.08409900188446 2.15316799402237 2.55107499837875 3.08593900918961 3.58945300579071 2.98060199230909 2.6545409989357 5.03271999597549 5.45878901958466 5.27418497562408 5.16945098876953 5.11353000640869 5.27715000361204
3.36388200044632 3.02912099838257 2.36010399580002 2.14830100536346 1.93442099809647 1.89283500313759 1.91378099679947 1.75785700201988 1.68489500045776 2.42727999567986 2.66037700533867 3.42653399705887 2.49973600519821 4.85855201900005 5.32163597106934 5.36736498832703 5.26726500034332 5.06482100009918 4.98851200580597 5.36714287485395
3.22631000518799 3.1480170083046 2.14230299711227 1.88237500071526 1.80164799809456 1.68047199964523 1.78661599755287 1.92216899514198 1.96008699938655 2.82771400213242 2.66936099410057 3.30916599139571 5.0398810005188 4.75501599785872 5.33887103557587 5.02652099609375 5.00764502048492 4.97238701343536 5.07241199016571 5.45019286019461
3.0617839884758 3.13722800970078 2.51820200204849 1.99012299895287 1.66477100372314 1.67419400453568 1.34177199721336 1.74296800255775 2.42969800710678 2.21653599824756 4.17362398833036 5.15156098201871 5.30915200233459 5.06503701686859 5.44459000946954 5.14401500701904 4.88602001667023 4.92708498954773 4.93598100185394 5.35425144604274
3.09915699958801 3.17818299531937 2.57661399126053 1.96932398915291 1.83843200564384 1.94122199296951 2.14106799840927 1.86062799930573 2.4214949965477 2.92738900303841 4.48114802516997 5.09735900640488 5.08430300474167 5.15631899923086 5.27767299175262 5.36761203289032 4.99576097965241 5.020625 4.82109498500824 4.77549283163888
3.57731999218464 3.13460200071335 2.84511100411415 2.24362299919128 1.92829200148582 1.9317640042305 1.90826900839806 1.82950700283051 2.06901800513267 3.19684699416161 4.40001700282097 5.30597599983215 5.13596097946167 5.29484199047089 5.32597101211548 5.37836601257324 4.90826100349426 4.81759000301361 4.68698501110077 4.2105785710471
3.38639875799417 3.14473499655724 2.68117499053478 2.06594749689102 2.13084748238325 1.89734750241041 1.85352000147104 1.81203374937177 2.13451749585802 1.75789499878883 4.84428875148296 4.86948874592781 4.79065623879433 4.82535376343876 5.32872999310493 5.2917574942112 5.21647375696339 4.54829496145248 4.48077750205994 3.71980178356171
