layers/lidar/clipped_varsclip_mda.asc
NCOLS 14 
NROWS 24 
XLLCORNER 587714 
YLLCORNER 4631503 
CELLSIZE 10 
NODATA_value -9999 
0.189999997615814 0.119999997317791 2.89000010490417 0 0 0 0 0.200000002980232 2 0.28999999165535 -9999 -9999 -9999 -9999
0.579999983310699 0.109999999403954 3.10999989509583 0 0 0 0 0.28999999165535 2.63000011444092 0.0799999982118607 0 -9999 -9999 -9999
0.550000011920929 0.439999997615814 3.00999999046326 1.60000002384186 0 0.100000001490116 1.29999995231628 2.27999997138977 2.1800000667572 0.0599999986588955 0 0.100000001490116 -9999 -9999
0.790000021457672 0.839999973773956 2.50999999046326 1.92999994754791 2.55999994277954 5.59999990463257 5.07000017166138 1.70000004768372 1.46000003814697 0.0199999995529652 0.0299999993294477 0.0399999991059303 -9999 -9999
0.0700000002980232 0.509999990463257 0.449999988079071 1.51999998092651 4.88000011444092 5.6399998664856 1.26999998092651 1.28999996185303 0.519999980926514 0.140000000596046 0.0599999986588955 0.0700000002980232 0.0299999993294477 -9999
0.180000007152557 0.699999988079071 0.349999994039536 0.0299999993294477 1.5900000333786 4 1.95000004768372 2.85999989509583 0.610000014305115 0.209999993443489 0.469999998807907 0.0799999982118607 0.389999985694885 1.82000005245209
0.449999988079071 0.699999988079071 0.270000010728836 0.0700000002980232 3.50999999046326 4.57999992370605 2.66000008583069 0.639999985694885 1.16999995708466 1.66999995708466 0.319999992847443 0.25 1.83000004291534 8.36999988555908
0.509999990463257 0.170000001788139 0.170000001788139 0.119999997317791 0.349999994039536 2.0699999332428 2.89000010490417 0.340000003576279 0.779999971389771 4.80000019073486 1.71000003814697 2.39000010490417 9.10000038146973 7.17999982833862
0.180000007152557 0.0900000035762787 0.360000014305115 0.0500000007450581 0.100000001490116 0.319999992847443 5.15000009536743 2.58999991416931 0.0799999982118607 1.94000005722046 1.42999994754791 1.8400000333786 4.67000007629395 1.92999994754791
0.230000004172325 0.0199999995529652 0.109999999403954 0.140000000596046 0.00999999977648258 0.109999999403954 1.3400000333786 1.28999996185303 1.16999995708466 1.03999996185303 0.0900000035762787 0.589999973773956 1.45000004768372 1.21000003814697
0.180000007152557 0 0.0199999995529652 0.100000001490116 0.0799999982118607 0.0799999982118607 0.0799999982118607 0.779999971389771 0 0.0799999982118607 0.0299999993294477 1.17999994754791 2.1800000667572 1.00999999046326
0 0 0 0.150000005960464 0.200000002980232 0 0.0500000007450581 0.540000021457672 0.140000000596046 0.0599999986588955 0.519999980926514 1.63999998569489 3.51999998092651 0.839999973773956
0.129999995231628 0 0.0500000007450581 0.119999997317791 0 0.129999995231628 0.439999997615814 0.129999995231628 0 0 0.310000002384186 7.96000003814697 2.19000005722046 0.259999990463257
0.150000005960464 0.0399999991059303 0.0299999993294477 0 0.340000003576279 0.550000011920929 0.540000021457672 0.0500000007450581 0.159999996423721 0.0399999991059303 8.35999965667725 15.0100002288818 1.64999997615814 0.439999997615814
0.209999993443489 0.0599999986588955 0 0.0199999995529652 0.0700000002980232 1.17999994754791 0.360000014305115 0.589999973773956 0.46000000834465 0.0399999991059303 6.28000020980835 12.0100002288818 2.08999991416931 0.259999990463257
0.100000001490116 0.119999997317791 0.119999997317791 0.150000005960464 1.03999996185303 2.21000003814697 0.730000019073486 0.400000005960464 2.58999991416931 2.22000002861023 1.87999999523163 0.639999985694885 1.94000005722046 1.55999994277954
0.200000002980232 0.0900000035762787 0.0799999982118607 2.50999999046326 2.15000009536743 1.67999994754791 0 0.100000001490116 1.14999997615814 3.5 2.05999994277954 2.77999997138977 0.579999983310699 0.00999999977648258
0.46000000834465 0.140000000596046 0.920000016689301 2.41000008583069 0.569999992847443 0.170000001788139 0.310000002384186 0.850000023841858 0.230000004172325 4 4.48000001907349 1.28999996185303 2.53999996185303 0.0199999995529652
0.150000005960464 0.140000000596046 0.920000016689301 0.270000010728836 1.12999999523163 0.209999993443489 0.46000000834465 2.00999999046326 0.419999986886978 0.899999976158142 2.04999995231628 0.439999997615814 0.319999992847443 0.0799999982118607
0.0799999982118607 0.119999997317791 0.620000004768372 0.370000004768372 1.1599999666214 1.54999995231628 0.509999990463257 0.519999980926514 3.42000007629395 2.1800000667572 4.32999992370605 1.22000002861023 0.0599999986588955 0.00999999977648258
0.430000007152557 0.730000019073486 0.819999992847443 0.550000011920929 3.09999990463257 4.26999998092651 0 3.16000008583069 9.89999961853027 2.26999998092651 4.28000020980835 0.28999999165535 0.100000001490116 0.0599999986588955
0.140000000596046 0.980000019073486 0.949999988079071 0.899999976158142 5.92999982833862 1.33000004291534 1.49000000953674 1.38999998569489 5.34999990463257 1.47000002861023 0.639999985694885 0.100000001490116 0.0500000007450581 0.0199999995529652
-9999 0.379999995231628 0.610000014305115 1.10000002384186 2.07999992370605 1.41999995708466 1.80999994277954 3.41000008583069 5.73999977111816 0.829999983310699 0.409999996423721 0.00999999977648258 0.0199999995529652 0.0700000002980232
-9999 -9999 1.4099999666214 2.28999996185303 1.98000001907349 1.36000001430511 2.64000010490417 2.03999996185303 2.15000009536743 1.04999995231628 0.720000028610229 0.0399999991059303 0.100000001490116 0.0399999991059303
