layers/lidar/clipped_varsclip_asp.asc
NCOLS 14 
NROWS 24 
XLLCORNER 587714 
YLLCORNER 4631503 
CELLSIZE 10 
NODATA_value -9999 
1.624285936355590 2.05145311355591 2.90788102149963 2.28275609016418 2.54800605773926 2.67862796783447 3.34484791755676 3.62789106369019 3.93785691261292 3.31867694854736 -9999 -9999 -9999 -9999
1.36097204685211 1.85025405883789 3.09111404418945 2.35376310348511 2.5673680305481 2.91597008705139 3.27316999435425 3.45809888839722 4.06545495986938 3.20047497749329 2.95593094825745 -9999 -9999 -9999
1.70582497119904 1.59976303577423 2.69237089157104 2.6433789730072 2.38325595855713 3.04623603820801 3.3831250667572 3.18027496337891 3.94026899337769 3.30633902549744 3.26614308357239 2.77995491027832 -9999 -9999
1.70376300811768 1.81385803222656 1.75689697265625 2.99199891090393 2.37366008758545 2.83281493186951 3.23086500167847 3.1421799659729 3.36687588691711 3.43499493598938 3.02117991447449 2.58837103843689 -9999 -9999
1.68949198722839 1.60662603378296 1.91920006275177 2.70956802368164 2.41301608085632 2.29218697547913 2.96865797042847 3.06317400932312 3.37785291671753 3.7746639251709 2.96052289009094 2.42746496200562 2.27292799949646 -9999
1.28953897953033 1.48971199989319 1.37611603736877 1.78528499603271 2.83800101280212 2.08289003372192 2.4502489566803 2.5951030254364 3.42431092262268 3.53552508354187 2.65014290809631 2.34582805633545 2.18564891815186 2.29025292396545
1.27393805980682 1.39617598056793 1.61739897727966 1.1941419839859 2.41838502883911 2.23999500274658 2.20934510231018 2.25935387611389 3.01020407676697 3.08673691749573 2.82934498786926 2.31203699111938 2.25027799606323 2.44510698318481
1.56371796131134 1.53107297420502 1.45698702335358 1.66218996047974 1.56361603736877 2.75157499313354 1.95281803607941 1.96956098079681 2.02141690254211 2.68399810791016 2.70412302017212 2.40988993644714 2.05637907981873 2.85421991348267
1.57327103614807 1.32548797130585 1.03923094272614 1.08778095245361 1.27978599071503 1.62834298610687 2.49119091033936 1.93502700328827 2.0792019367218 2.15688800811768 2.11053800582886 2.15686202049255 2.01400303840637 4.10511016845703
1.45455300807953 1.24037194252014 1.0005509853363 1.25298202037811 1.22073197364807 1.04108095169067 1.25482404232025 2.1105809211731 1.88278901576996 1.90180003643036 1.98023498058319 1.70489096641541 2.69718790054321 3.79492998123169
1.39379596710205 1.27346301078796 1.15272104740143 1.31070899963379 1.37792205810547 1.52949905395508 1.53801500797272 1.46691596508026 1.5315990447998 1.94418096542358 2.21497702598572 1.74442601203918 2.76826405525208 4.02947998046875
1.46157205104828 1.12922704219818 1.5779060125351 1.70083701610565 1.86645793914795 1.90225601196289 1.79174494743347 2.2685079574585 1.97326302528381 1.91782796382904 2.29880499839783 2.00176405906677 3.46456599235535 4.93710517883301
1.7766820192337 2.12080597877502 1.96845996379852 1.99169194698334 1.95803499221802 1.9560079574585 1.97283899784088 2.38341307640076 2.03991007804871 1.91255497932434 2.12826299667358 2.04309296607971 3.77446889877319 4.61447811126709
1.8551230430603 2.1253080368042 2.02763390541077 2.1159200668335 2.21986198425293 2.30874609947205 2.16746497154236 2.3066029548645 2.18813705444336 2.24022197723389 2.05322694778442 1.7162389755249 3.75275611877441 4.64265012741089
1.86667597293854 2.21356606483459 2.23376798629761 2.25005006790161 2.35033106803894 2.36701107025146 2.54368901252747 2.39607810974121 2.28117895126343 2.16043400764465 2.42221903800964 1.75874996185303 3.17644190788269 4.82738018035889
1.92669999599457 2.17614006996155 2.29354906082153 2.26339387893677 2.42337799072266 2.32561206817627 2.49085688591003 2.45881199836731 2.5011739730835 2.68659496307373 2.72118210792542 2.36228799819946 4.24984121322632 4.92102479934692
1.57228100299835 2.05388498306274 2.1395480632782 2.21250700950623 2.20297503471375 2.30023908615112 2.24415612220764 2.31623697280884 2.5075159072876 2.61487007141113 3.03948903083801 2.83080005645752 4.96418905258179 5.14290189743042
1.93726003170013 1.91496098041534 1.8836749792099 1.80413496494293 2.33721590042114 2.42715191841125 2.67556595802307 2.04451107978821 2.50506091117859 3.82707500457764 1.49321103096008 3.18957304954529 4.74810695648193 5.18538093566895
1.92348098754883 1.88803899288177 1.88458096981049 1.83970105648041 2.14130902290344 2.46707105636597 2.55818104743958 3.07791805267334 2.2596640586853 3.42769408226013 3.14853811264038 4.77426385879517 5.31348705291748 5.22300291061401
1.89646899700165 1.86649799346924 2.03432202339172 2.08409905433655 2.15316796302795 2.55107498168945 3.08593893051147 3.58945298194885 2.98060202598572 2.654541015625 5.03272008895874 5.45878887176514 5.27418518066406 5.1694507598877
1.93442094326019 1.89283502101898 1.91378104686737 1.757856965065 1.68489503860474 2.42727994918823 2.66037702560425 3.42653393745422 2.49973607063293 4.85855197906494 5.32163619995117 5.36736488342285 5.26726484298706 5.06482076644897
1.80164802074432 1.68047201633453 1.78661596775055 1.92216897010803 1.96008694171906 2.82771396636963 2.66936087608337 3.30916595458984 5.03988122940063 4.75501585006714 5.33887100219727 5.0265212059021 5.00764513015747 4.97238683700562
-9999 1.67419397830963 1.34177196025848 1.74296796321869 2.42969799041748 2.21653604507446 4.17362403869629 5.15156078338623 5.30915212631226 5.0650372505188 5.44459009170532 5.14401483535767 4.88602018356323 4.92708492279053
-9999 -9999 2.14106798171997 1.86062800884247 2.42149496078491 2.92738890647888 4.48114824295044 5.09735918045044 5.08430290222168 5.15631914138794 5.27767276763916 5.3676118850708 4.99576091766357 5.02062511444092
