layers/wordclim/future/Iberia_wcB2a_10_hadcm3_2020/bio_16.asc
ncols         166
nrows         93
xllcorner     -9.4959440078468
yllcorner     36.000324005443
cellsize      0.083333337679505
NODATA_value  -9999
[rows 33 to 65 of 93, columns 73 to 145 of 166]
163.24 154.08 152.89 149.71 145.51 140.06 140.7 141.58 145.9 151.24 152.03 151.58 153.75 154.11 158.63 162.2 162.03 157.51 150.11 143.91 142.47 142.63 139 140.01 140.9 134.86 145.17 157.64 159.48 148.37 139.78 132.12 121.59 122.44 125.92 131.13 132.2 133.94 137.11 141.89 150.4 155.19 158.63 165.76 170.5 180.73 181.31 190.21 199.34 208.73 211.78 209.48 -9999 -9999 -9999 -9999 -9999 -9999 -9999 -9999 -9999 -9999 -9999 -9999 -9999 -9999 -9999 -9999 -9999 -9999 -9999 -9999 -9999
152.59 152.62 149.24 143.82 142.79 144.73 147.63 147.03 144.83 147.16 149.98 153.67 156.01 147.99 154.22 154.77 160.96 149.4 150.02 150.74 147.52 145.43 142.78 142.45 137.58 135 144.22 148.53 153.03 145.17 144.94 139.93 134.08 132.22 136.75 135.43 138.18 140.88 142.59 151.63 159.7 162.43 166.89 173.97 185.79 191.78 190.67 197.33 210.61 209.3434 -9999 -9999 -9999 -9999 -9999 -9999 -9999 -9999 -9999 -9999 -9999 -9999 -9999 -9999 -9999 -9999 -9999 -9999 -9999 -9999 -9999 -9999 -9999
156.61 154.03 148.07 141.93 143.22 149.56 148.45 145.87 141.13 141.98 151.38 153.1 148.55 151.02 154.42 153.12 154.25 154.3 153.35 149.42 153.91 154.2 148.21 139.41 134.63 139.85 155.39 157.99 155.85 155.18 155.58 151.39 155.08 156.01 150.65 147.31 146.63 143.64 150.54 155.23 164.81 169.51 178.31 190.57 205.36 195.51 196.37 200.78 206.57 206.1408 -9999 -9999 -9999 -9999 -9999 -9999 -9999 -9999 -9999 -9999 -9999 -9999 -9999 -9999 -9999 -9999 -9999 -9999 -9999 -9999 -9999 -9999 -9999
157.63 155.3 146.59 145.06 152.31 150.11 147.95 149.45 140.73 135.62 135.67 140.26 150.76 166.26 170.47 171.46 164.68 163.49 167.08 163.04 165.05 158.55 158.55 143.39 134.47 144.46 159.66 154.44 154.62 159.12 162.23 160.95 155.8 157.55 152.9 150.73 148.33 151.92 156.57 165.35 176.01 183.4 196.47 195.06 195.86 194.62 199.69 203.54 203.268 208.8602 212.407 214 -9999 -9999 -9999 -9999 -9999 -9999 -9999 -9999 -9999 -9999 -9999 -9999 -9999 -9999 -9999 -9999 -9999 -9999 -9999 -9999 -9999
158.97 155.5 146.84 151.05 150.73 147.1 150.44 149.62 139.68 143.25 149.02 156.8 157.87 162.96 169.65 174.53 174.84 172.45 172.37 175.17 183.39 168.69 167.09 155.16 141.54 136.25 153.39 151.45 146.64 150.62 161.47 161.09 163.68 167.32 164.45 168.47 159.2 158.77 160.85 168.93 181.13 185.13 187.74 187.47 189.38 196.1 202.05 209.0957 -9999 -9999 -9999 -9999 -9999 -9999 -9999 -9999 -9999 -9999 -9999 -9999 -9999 -9999 -9999 -9999 -9999 -9999 -9999 -9999 -9999 -9999 -9999 -9999 -9999
162.4 155.04 155.26 155.45 147.94 150.25 151.12 146.41 138.56 145.24 146.08 149.04 145.89 150.13 157.43 167.15 174.17 190.06 186.64 190.28 195.53 182.43 172.15 162.06 145.58 133.27 142.28 149.81 140.84 152.24 175.73 164.26 169.66 177.74 178.79 188.32 171.23 169.2 169.02 175.89 183.95 184.09 185.64 186.31 190.97 196.21 200.61 -9999 -9999 -9999 -9999 -9999 -9999 -9999 -9999 -9999 -9999 -9999 -9999 -9999 -9999 -9999 -9999 -9999 -9999 -9999 -9999 -9999 -9999 -9999 -9999 -9999 -9999
163.49 161.72 160.7 154.67 152.1 152.97 148.83 142.17 138.62 138.77 133.81 136.13 140.15 153.38 159.38 170.45 178.62 186.4 193.42 191.54 197.59 190.79 174.4 158.41 146.81 135.98 137.62 144.37 138.63 163.89 171.89 174.15 184.1 202.15 198.71 191.24 189.76 177.82 178.38 182.08 184.47 180.95 183.66 188.02 192.4 195.14 197.58 -9999 -9999 -9999 -9999 -9999 -9999 -9999 -9999 -9999 -9999 -9999 -9999 -9999 -9999 -9999 -9999 -9999 -9999 -9999 -9999 -9999 -9999 -9999 -9999 -9999 -9999
164.21 163.82 160.47 153.64 152.81 148.55 141.25 141.66 137.77 145.26 149.16 139.66 149.14 150.36 156.07 161.03 178.72 182.88 191.07 195.76 195.74 183.08 166.89 162.29 156.85 139.77 131.95 127.9 140.6 160.86 162.39 170.31 183.87 208 206.18 194.21 184.99 176.02 171.81 176.34 177.97 181.19 183.51 189.49 193.53 195.506 -9999 -9999 -9999 -9999 -9999 -9999 -9999 -9999 -9999 -9999 -9999 -9999 -9999 -9999 -9999 -9999 -9999 -9999 -9999 -9999 -9999 -9999 -9999 -9999 -9999 -9999 -9999
164.34 161.91 156.94 154.98 151.59 143.76 144.9 147.26 140.26 140.94 148.63 151.06 157.69 160.24 164.53 168.32 180.5 189.15 190.17 183.74 199.46 190.01 182.03 174.19 161.13 150.14 137.27 125.05 140.58 154.93 144.49 146.94 165.61 184.55 180.49 184.7 181.04 177.05 172.15 174.4 180.13 184.43 182.94 186.44 195.4024 -9999 -9999 -9999 -9999 -9999 -9999 -9999 -9999 -9999 -9999 -9999 -9999 -9999 -9999 -9999 -9999 -9999 -9999 -9999 -9999 -9999 -9999 -9999 -9999 -9999 -9999 -9999 -9999
159.44 158.15 156.16 152.38 145.88 144.31 151.13 150.02 144.48 152.41 152.06 153.69 157.02 165.71 174.47 166.19 180.66 180.92 181.02 189.37 187.98 185.91 172.88 183.03 153.77 145.55 130.35 135.61 155.74 153.16 137.98 138.79 146.95 156.83 167.09 165.93 174.2 176.55 169.75 170.86 177.36 182.4 185.38 185.6579 -9999 -9999 -9999 -9999 -9999 -9999 -9999 -9999 -9999 -9999 -9999 -9999 -9999 -9999 -9999 -9999 -9999 -9999 -9999 -9999 -9999 -9999 -9999 -9999 -9999 -9999 -9999 -9999 -9999
159.64 157.42 151.52 145.87 145.67 147.26 152.21 152.26 149.59 155.3 159.01 160.83 168.51 170.57 170.28 171.32 180.04 183.71 184.45 178.76 176.12 168.95 168.41 170.16 152.17 127.06 130.39 151.74 188.46 181.26 150.87 142.27 145.4 149.89 154.96 162.5 165.72 169.63 171.32 172.89 179.51 184.12 183.5 -9999 -9999 -9999 -9999 -9999 -9999 -9999 -9999 -9999 -9999 -9999 -9999 -9999 -9999 -9999 -9999 -9999 -9999 -9999 -9999 -9999 -9999 -9999 -9999 -9999 -9999 -9999 -9999 -9999 -9999
150.82 148.69 148.57 150.14 149.73 150.11 151.61 151.79 151.75 155.43 162.67 164.43 172.87 170.2 164.67 171.6 175.22 179.41 170.73 167.79 170.32 160.57 161.41 169.06 152.76 129.69 141.27 165.17 189.16 177.28 156.5 152.44 151.29 157.33 156.9 160.9 164.9 167.55 169.33 174.35 178.69 181.0149 -9999 -9999 -9999 -9999 -9999 -9999 -9999 -9999 -9999 -9999 -9999 -9999 -9999 -9999 -9999 -9999 -9999 -9999 -9999 -9999 -9999 -9999 -9999 -9999 -9999 -9999 -9999 -9999 -9999 -9999 -9999
156.24 154.57 154.83 153.98 151.8 150.39 150.76 151.6 148.03 150.62 157.97 161.78 166.43 165.62 168.73 171.32 171.03 172.12 161.99 159.33 156.49 159.71 159.45 154.45 145.55 136.57 131.42 138.85 153.66 165.28 178.34 164.11 155.55 157.04 160.44 166.22 170.32 170.65 171.39 173.05 175.0825 -9999 -9999 -9999 -9999 -9999 -9999 -9999 -9999 -9999 -9999 -9999 -9999 -9999 -9999 -9999 -9999 -9999 -9999 -9999 -9999 -9999 -9999 -9999 -9999 -9999 -9999 -9999 -9999 -9999 -9999 -9999 -9999
152.37 152.3 151.93 150.57 148.92 149.35 149.27 148.77 148.61 151.39 152.96 159.32 160.31 158.22 168.28 172.3 172.44 170.07 159.95 161.04 150.92 158.09 162.95 151.59 141.36 142.84 138.03 132.66 138.44 146.37 158.03 166.86 158.84 158.64 161.28 166.92 174.6 178.99 176.96 176.7778 -9999 -9999 -9999 -9999 -9999 -9999 -9999 -9999 -9999 -9999 -9999 -9999 -9999 -9999 -9999 -9999 -9999 -9999 -9999 -9999 -9999 -9999 -9999 -9999 -9999 -9999 -9999 -9999 -9999 -9999 -9999 -9999 -9999
148.5 149.26 148.72 147.06 146.94 146.44 149.23 149.83 151.02 147.66 150.89 156.2 156.43 153.38 157.76 162.44 167.11 165.56 157.74 155.65 150.45 146.79 145.25 140.84 143.86 144.31 133.94 131.54 135.9 142.99 149.66 152.99 158.22 162.2 166.57 170.64 174.15 179.97 179.36 -9999 -9999 -9999 -9999 -9999 -9999 -9999 -9999 -9999 -9999 -9999 -9999 -9999 -9999 -9999 -9999 -9999 -9999 -9999 -9999 -9999 -9999 -9999 -9999 -9999 -9999 -9999 -9999 -9999 -9999 -9999 -9999 -9999 -9999
148.08 147.51 147.48 146.68 146.59 146.1 147.32 147.02 150.15 147.06 151.04 155.77 154.63 149.01 150.19 158.61 161.2 159.73 157.03 151.71 144.29 136.87 134.7 138.15 149.6 137.64 136.03 136.63 137.3 139.85 144.98 150.85 156.13 161.93 169.53 177.06 181.14 183.29 184.7237 -9999 -9999 -9999 -9999 -9999 -9999 -9999 -9999 -9999 -9999 -9999 -9999 -9999 -9999 -9999 -9999 -9999 -9999 -9999 -9999 -9999 -9999 -9999 -9999 -9999 -9999 -9999 -9999 -9999 -9999 -9999 -9999 -9999 -9999
147.37 144.85 144.56 144.43 144.19 146.61 148.64 144.55 144.14 148.95 145.97 152.16 152.1 147.88 146.83 147.7 150.72 151.09 149.86 149.4 147.63 139.12 131.76 138.56 139.61 134.89 139.37 148.28 149 146.15 148.72 153.58 158.45 165.41 174.26 181.06 186.83 188.5745 -9999 -9999 -9999 -9999 -9999 -9999 -9999 -9999 -9999 -9999 -9999 -9999 -9999 -9999 -9999 -9999 -9999 -9999 -9999 -9999 -9999 -9999 -9999 -9999 -9999 -9999 -9999 -9999 -9999 -9999 -9999 -9999 -9999 -9999 -9999
144.09 143.48 142.88 142.41 142.2 142.62 143.43 141.08 141.46 145.01 144.71 144.98 144.7 144.27 148.54 146.28 141.3 141.79 141.32 141.4 139.1 136.07 129.36 133.16 135.66 136.47 136.88 142.49 147.88 153.59 158.75 158.39 163.2 171.16 180.39 188.83 192.23 -9999 -9999 -9999 -9999 -9999 -9999 -9999 -9999 -9999 -9999 -9999 -9999 -9999 -9999 -9999 -9999 -9999 -9999 -9999 -9999 -9999 -9999 -9999 -9999 -9999 -9999 -9999 -9999 -9999 -9999 -9999 -9999 -9999 -9999 -9999 -9999
142.86 142.17 142.53 143.43 141.47 140.11 140.02 138.98 138.37 139.15 138.96 140.8 140.27 144.31 146.78 139.56 138.19 137.47 136.98 133.27 132.77 130.56 126.7 131.06 133.44 133.8 135.75 142.53 149.82 155.87 160.77 163.4 167.98 176.77 184.74 193.82 198.16 -9999 -9999 -9999 -9999 -9999 -9999 -9999 -9999 -9999 -9999 -9999 -9999 -9999 -9999 -9999 -9999 -9999 -9999 -9999 -9999 -9999 -9999 -9999 -9999 -9999 -9999 -9999 -9999 -9999 -9999 -9999 -9999 -9999 -9999 -9999 -9999
142.89 141.19 141.39 141.75 139.22 138.29 137.74 137 136.8 136.88 135.88 135.53 135.69 138.04 136.97 134.49 134.99 133.69 132.89 130.84 129.45 130.96 129.81 126.8 128.62 132.3 137.1 144.74 149.96 156.61 160.51 163.82 170.76 179.66 190.1 196.33 202.76 -9999 -9999 -9999 -9999 -9999 -9999 -9999 -9999 -9999 -9999 -9999 -9999 -9999 -9999 -9999 -9999 -9999 -9999 -9999 -9999 -9999 -9999 -9999 -9999 -9999 -9999 -9999 -9999 -9999 -9999 -9999 -9999 -9999 -9999 -9999 -9999
141.62 140.31 140.04 139.12 139 139 137.04 137 136.52 136.36 135.47 135.09 134.17 133.79 134.18 132.68 130.11 129.4 128.18 127.51 129.28 129.53 131.4 134.17 135.39 135.95 138.91 144.25 150.8 158.74 161.6 169.02 176.76 182.13 191.12 198.28 205.65 213.2381 -9999 -9999 -9999 -9999 -9999 -9999 -9999 -9999 -9999 -9999 -9999 -9999 -9999 -9999 -9999 -9999 -9999 -9999 -9999 -9999 -9999 -9999 -9999 -9999 -9999 -9999 -9999 -9999 -9999 -9999 -9999 -9999 -9999 -9999 -9999
142 141.94 141.1 141 140.29 140 138.96 138.2 138.34 138.9 138.21 137.4 134.04 131.94 129.52 129.6 127.57 126.35 125.59 125.77 126.63 129.05 130.01 132.98 137.59 141.91 147.77 148.82 150.44 163.69 170.17 170.4 176.87 184.49 191.16 199.79 208.74 218.9495 -9999 -9999 -9999 -9999 -9999 -9999 -9999 -9999 -9999 -9999 -9999 -9999 -9999 -9999 -9999 -9999 -9999 -9999 -9999 -9999 -9999 -9999 -9999 -9999 -9999 -9999 -9999 -9999 -9999 -9999 -9999 -9999 -9999 -9999 -9999
143.27 143 142.7 141.26 140.89 141.13 141.91 142.42 143.4 143.01 142.47 143.06 138.43 133.63 129.83 127.8 125.67 124.89 124.8 124.56 126.42 128.44 132.73 137.19 143.94 152.61 155.11 155.52 154.73 169.52 171.18 169.88 176.65 184.29 190.47 201.69 214.57 224.52 -9999 -9999 -9999 -9999 -9999 -9999 -9999 -9999 -9999 -9999 -9999 -9999 -9999 -9999 -9999 -9999 -9999 -9999 -9999 -9999 -9999 -9999 -9999 -9999 -9999 -9999 -9999 -9999 -9999 -9999 -9999 -9999 -9999 -9999 -9999
144.25 144.59 145.14 144.89 145.09 146.63 151.31 151.43 151.04 150.57 147.86 149.47 145.78 138.4 131.74 128.52 126.42 125.21 124.59 125.4 129.18 135.06 139.65 147.55 155.04 162.03 160.37 158.43 158.31 172.13 173.71 174.93 177.73 184.49 191.78 202.84 218.38 228.86 238.1111 -9999 -9999 -9999 -9999 -9999 -9999 -9999 -9999 -9999 -9999 -9999 -9999 -9999 -9999 -9999 -9999 -9999 -9999 -9999 -9999 -9999 -9999 -9999 -9999 -9999 -9999 -9999 -9999 -9999 -9999 -9999 -9999 -9999 -9999
147.65 148.48 150.93 151.73 154.36 153.81 151.21 153.21 154.79 156.52 157.85 158.86 152.09 141.77 133.2 129.28 126.58 125.11 124.28 127.73 136.94 144.1 146.84 153.92 155.74 155.47 157.56 160.14 166.31 177.87 175.98 177.44 179.4 185.7 194.63 204.96 219.77 231.73 241.98 254.1071 -9999 -9999 -9999 -9999 -9999 -9999 -9999 -9999 -9999 -9999 -9999 -9999 -9999 -9999 -9999 -9999 -9999 -9999 -9999 -9999 -9999 -9999 -9999 -9999 -9999 -9999 -9999 -9999 -9999 -9999 -9999 -9999 -9999
151.19 151.81 152.44 153.51 154.1 157.19 156.42 154.65 155.88 154.97 156.14 157.24 154.46 145.18 138.19 132.06 129.14 126.35 127.61 130.95 136.39 141.62 145.97 149.95 151.62 154.45 156.43 158.48 163.92 173.18 176.3 175.57 183.52 189.65 193.85 205.32 219.09 232.22 244.69 260.83 275.0746 -9999 -9999 -9999 -9999 -9999 -9999 -9999 -9999 -9999 -9999 -9999 -9999 -9999 -9999 -9999 -9999 -9999 -9999 -9999 -9999 -9999 -9999 -9999 -9999 -9999 -9999 -9999 -9999 -9999 -9999 -9999 -9999
155.85 157.89 156.74 154.6 154.37 158.27 158.7 156.78 156.23 156.33 155.7 154.39 150.97 147.95 144.43 141.71 139.72 134.81 136.72 137.03 139.42 144.01 147.33 149.86 151.88 153.35 159 166.11 168.79 168.16 170.31 180.57 187.74 192.05 204.77 212.88 218.91 234.73 245.56 256.54 275.29 293.39 304.3608 -9999 -9999 -9999 -9999 -9999 -9999 -9999 -9999 -9999 -9999 -9999 -9999 -9999 -9999 -9999 -9999 -9999 -9999 -9999 -9999 -9999 -9999 -9999 -9999 -9999 -9999 -9999 -9999 -9999 -9999
160.59 160.55 159.85 158.3 157.19 158.53 159.1 160.92 158.43 153.79 153.12 157.72 162.53 165.09 163.72 161.3 152.64 143.77 139.44 141.89 141 142.24 143.81 145.87 153.79 152.85 155.62 160.92 164.99 161.65 171.92 182.16 191.96 205.19 212.71 214.87 223.03 240.46 246.12 255.12 267.13 284.03 296.1566 -9999 -9999 -9999 -9999 -9999 -9999 -9999 -9999 -9999 -9999 -9999 -9999 -9999 -9999 -9999 -9999 -9999 -9999 -9999 -9999 -9999 -9999 -9999 -9999 -9999 -9999 -9999 -9999 -9999 -9999
165.14 165.91 167.58 163.18 160.69 159.4 162.46 156.57 154.77 146.24 155.58 170.69 178.84 166.35 166.8 158.93 150.49 142.42 139.55 136.28 136.25 137.68 140.07 143.03 149.69 154.84 156.36 155.57 159.29 162.67 165.95 180.15 196.62 200.38 217.99 223.67 231.63 238.45 246.86 250.82 261.5395 -9999 -9999 -9999 -9999 -9999 -9999 -9999 -9999 -9999 -9999 -9999 -9999 -9999 -9999 -9999 -9999 -9999 -9999 -9999 -9999 -9999 -9999 -9999 -9999 -9999 -9999 -9999 -9999 -9999 -9999 -9999 -9999
174.99 172.02 169.16 164.8 158.98 163.11 156.37 147.88 148.07 155.15 176.81 182.59 181.46 166.72 153.71 148.11 141.41 134.83 134.14 134.01 131.77 130.49 135.17 140.37 144.25 150.73 155.9 153.28 160.43 170.12 165.33 174.1 199.36 195.91 203.5 202.8 219.66 216.18 226.5222 241.9682 -9999 -9999 -9999 -9999 -9999 -9999 -9999 -9999 -9999 -9999 -9999 -9999 -9999 -9999 -9999 -9999 -9999 -9999 -9999 -9999 -9999 -9999 -9999 -9999 -9999 -9999 -9999 -9999 -9999 -9999 -9999 -9999 -9999
174.38 169.95 164.86 163.87 162.25 157.23 149 147.15 153.55 158.19 161.94 172.86 174.2 156.69 148.15 141.36 134.44 136.72 131.98 127.29 126.68 128.82 135.31 141.73 141.55 144.92 152.3 165.1 163.54 164.07 163.85 163.84 180.79 178.48 176.86 178.63 191.8243 -9999 -9999 -9999 -9999 -9999 -9999 -9999 -9999 -9999 -9999 -9999 -9999 -9999 -9999 -9999 -9999 -9999 -9999 -9999 -9999 -9999 -9999 -9999 -9999 -9999 -9999 -9999 -9999 -9999 -9999 -9999 -9999 -9999 -9999 -9999 -9999
172.95 165.05 161.33 160.86 157.1 151.76 144.38 145.7 151.22 153.59 169.28 176.97 162 142.11 135.57 137.42 137.11 131.99 127.15 129.28 127.24 128.27 130.47 131.4 137.75 144.67 145.69 154.87 157.91 167.35 161.61 154.33 157.23 160.92 158.84 166.141 -9999 -9999 -9999 -9999 -9999 -9999 -9999 -9999 -9999 -9999 -9999 -9999 -9999 -9999 -9999 -9999 -9999 -9999 -9999 -9999 -9999 -9999 -9999 -9999 -9999 -9999 -9999 -9999 -9999 -9999 -9999 -9999 -9999 -9999 -9999 -9999 -9999
163.92 161.76 164.35 161.93 154.51 145.04 155.74 166.17 154.73 177.44 187.68 169.39 165.87 154.44 156.24 159.81 159.5 148.22 138.34 127.26 124.22 128.04 127.05 126.26 133.12 140.88 154.82 155.06 154.35 159.33 159.21 150.9 149.1 152.22 154.3026 -9999 -9999 -9999 -9999 -9999 -9999 -9999 -9999 -9999 -9999 -9999 -9999 -9999 -9999 -9999 -9999 -9999 -9999 -9999 -9999 -9999 -9999 -9999 -9999 -9999 -9999 -9999 -9999 -9999 -9999 -9999 -9999 -9999 -9999 -9999 -9999 -9999 -9999
