layers/wordclim/future/Iberia_wcB2a_10_hadcm3_2020/bio_04.asc
ncols         166
nrows         93
xllcorner     -9.4959440078468
yllcorner     36.000324005443
cellsize      0.083333337679505
NODATA_value  -9999
[rows 0 to 30 of 93, columns 70 to 139 of 166]
-9999 -9999 -9999 -9999 -9999 -9999 -9999 -9999 -9999 -9999 -9999 -9999 -9999 -9999 -9999 -9999 -9999 -9999 -9999 -9999 -9999 -9999 -9999 -9999 -9999 -9999 -9999 -9999 -9999 -9999 -9999 -9999 -9999 -9999 -9999 -9999 -9999 -9999 -9999 -9999 -9999 -9999 -9999 -9999 -9999 -9999 -9999 -9999 -9999 -9999 -9999 -9999 -9999 -9999 -9999 -9999 -9999 -9999 -9999 -9999 -9999 -9999 -9999 -9999 -9999 -9999 -9999 -9999 -9999 -9999
-9999 -9999 -9999 -9999 -9999 -9999 -9999 -9999 -9999 -9999 -9999 -9999 -9999 -9999 -9999 -9999 -9999 -9999 -9999 -9999 -9999 -9999 -9999 -9999 -9999 -9999 -9999 -9999 -9999 -9999 -9999 -9999 -9999 -9999 -9999 -9999 -9999 -9999 -9999 -9999 -9999 -9999 -9999 -9999 -9999 -9999 -9999 -9999 -9999 -9999 -9999 -9999 -9999 -9999 -9999 -9999 -9999 -9999 -9999 -9999 -9999 -9999 -9999 -9999 -9999 -9999 -9999 -9999 -9999 -9999
-9999 -9999 -9999 -9999 -9999 -9999 -9999 -9999 -9999 -9999 -9999 -9999 -9999 -9999 -9999 -9999 -9999 -9999 -9999 -9999 -9999 -9999 -9999 -9999 -9999 -9999 -9999 -9999 -9999 -9999 -9999 -9999 -9999 -9999 -9999 -9999 -9999 -9999 -9999 -9999 -9999 -9999 -9999 -9999 -9999 -9999 -9999 -9999 -9999 -9999 -9999 -9999 -9999 -9999 -9999 -9999 -9999 -9999 -9999 -9999 -9999 -9999 -9999 -9999 -9999 -9999 -9999 -9999 -9999 -9999
3889.479 3899.805 3930.739 -9999 -9999 -9999 -9999 -9999 -9999 -9999 -9999 -9999 -9999 -9999 -9999 -9999 -9999 -9999 -9999 -9999 -9999 -9999 -9999 -9999 -9999 -9999 -9999 -9999 -9999 -9999 -9999 -9999 -9999 -9999 -9999 -9999 -9999 -9999 -9999 -9999 -9999 -9999 -9999 -9999 -9999 -9999 -9999 -9999 -9999 -9999 -9999 -9999 -9999 -9999 -9999 -9999 -9999 -9999 -9999 -9999 -9999 -9999 -9999 -9999 -9999 -9999 -9999 -9999 -9999 -9999
4029.49 4046.21 4054.81 4113.72 4145.213 4115.871 -9999 -9999 4127.701 4167.86 4225.57 4224.232 4235.859 4244.073 -9999 -9999 -9999 -9999 -9999 -9999 -9999 -9999 -9999 -9999 -9999 -9999 -9999 -9999 -9999 -9999 -9999 -9999 -9999 -9999 -9999 -9999 -9999 -9999 -9999 -9999 -9999 -9999 -9999 -9999 -9999 -9999 -9999 -9999 -9999 -9999 -9999 -9999 -9999 -9999 -9999 -9999 -9999 -9999 -9999 -9999 -9999 -9999 -9999 -9999 -9999 -9999 -9999 -9999 -9999 -9999
4329.66 4302.76 4233.03 4331.3 4353.85 4364.17 4284.64 4306.949 4212.323 4276.78 4296.61 4328.15 4350.53 4389.43 4356.222 4361.493 4335.033 4316.738 4324.082 4341.417 4420.875 4512.41 4690.41 4766.959 -9999 -9999 -9999 -9999 -9999 -9999 -9999 -9999 -9999 -9999 -9999 -9999 -9999 -9999 -9999 -9999 -9999 -9999 -9999 -9999 -9999 -9999 -9999 -9999 -9999 -9999 -9999 -9999 -9999 -9999 -9999 -9999 -9999 -9999 -9999 -9999 -9999 -9999 -9999 -9999 -9999 -9999 -9999 -9999 -9999 -9999
4839.4 4637.49 4489.43 4477.55 4526.59 4464.36 4420.92 4450.83 4496.94 4418.4 4435.45 4485.52 4567.99 4570.36 4556.27 4562.44 4563.29 4542.88 4530.51 4487.22 4653.84 4720.91 4979.33 4932.98 5060.66 5197.83 5259.04 -9999 -9999 -9999 -9999 -9999 -9999 -9999 -9999 -9999 -9999 -9999 -9999 -9999 -9999 -9999 -9999 -9999 -9999 -9999 -9999 -9999 -9999 -9999 -9999 -9999 -9999 -9999 -9999 -9999 -9999 -9999 -9999 -9999 -9999 -9999 -9999 -9999 -9999 -9999 -9999 -9999 -9999 -9999
5032.27 4953.73 4905.55 4778.64 4594.74 4617.45 4582.61 4607.85 4608.34 4626.83 4642.59 4765.31 4725.01 4706.9 4715.06 4750.86 4771.71 4792.58 4778.34 4793.23 5000.13 5126.28 5207.25 5168.01 5232.9 5314.86 5404.055 -9999 -9999 -9999 -9999 -9999 -9999 -9999 -9999 -9999 -9999 -9999 -9999 -9999 -9999 -9999 -9999 -9999 -9999 -9999 -9999 -9999 -9999 -9999 -9999 -9999 -9999 -9999 -9999 -9999 -9999 -9999 -9999 -9999 -9999 -9999 -9999 -9999 -9999 -9999 -9999 -9999 -9999 -9999
4945.47 4940.78 4942.99 4952.87 4922.76 4984.34 4955.09 4783.47 4796.29 4976.38 5125.52 4989.37 5023.22 4913.97 4889.15 4996.65 4923.88 4887.74 4963.43 5129.52 5193.8 5362.17 5422.35 5457.06 5504.98 5529.39 5551.538 -9999 5579.179 5606.232 -9999 -9999 -9999 -9999 -9999 -9999 -9999 -9999 -9999 -9999 -9999 -9999 -9999 -9999 -9999 -9999 -9999 -9999 -9999 -9999 -9999 -9999 -9999 -9999 -9999 -9999 -9999 -9999 -9999 -9999 -9999 -9999 -9999 -9999 -9999 -9999 -9999 -9999 -9999 -9999
5026.66 4958.57 5006.47 5057.2 5078.41 5098.04 5139.83 5116.33 5098.12 5100.74 5173.57 5122 5153.38 5223.13 5255.63 5349.45 5272.17 5263.27 5345.99 5447.24 5485.66 5503.37 5553.16 5614.46 5652.67 5678.05 5697.61 5687.87 5686.39 5684.58 5669.29 5672.344 5671.738 5668.44 5649.448 -9999 -9999 -9999 -9999 -9999 -9999 -9999 -9999 -9999 -9999 -9999 -9999 -9999 -9999 -9999 -9999 -9999 -9999 -9999 -9999 -9999 -9999 -9999 -9999 -9999 -9999 -9999 -9999 -9999 -9999 -9999 -9999 -9999 -9999 -9999
5200.85 5170.67 5123.47 5196.76 5235.98 5286.64 5253.16 5270.49 5310.35 5313.81 5264.77 5252.27 5292.22 5320.07 5371.76 5402.64 5488.3 5498.5 5518.86 5548.51 5621.45 5663.23 5723 5788.77 5828.04 5831.13 5811.03 5794.39 5783.58 5751.1 5769.73 5750.49 5733.95 5712.69 5689.65 5689.066 -9999 -9999 -9999 -9999 -9999 -9999 -9999 -9999 -9999 -9999 -9999 -9999 -9999 -9999 -9999 -9999 -9999 -9999 -9999 -9999 -9999 -9999 -9999 -9999 -9999 -9999 -9999 -9999 -9999 -9999 -9999 -9999 -9999 -9999
5410.81 5347.72 5354.3 5279.32 5288.03 5320.58 5416.76 5314.75 5411.23 5384.14 5407.5 5470.67 5501.43 5544.19 5577.71 5609.3 5655.92 5687.26 5700.91 5736.7 5765.05 5807.51 5863.6 5959.77 6027.8 5989.7 5975.23 5960.25 5919.67 5894.98 5867.97 5854.73 5838.38 5794.97 5771.17 5754.66 5717.419 5730.731 5712 5734.75 5672.828 5636.328 -9999 -9999 -9999 -9999 -9999 -9999 -9999 -9999 -9999 -9999 6006.25 5931.59 5853.91 5845.327 -9999 -9999 -9999 -9999 -9999 -9999 -9999 -9999 -9999 -9999 -9999 -9999 -9999 -9999
5547.86 5529.98 5431.11 5513.23 5509.02 5553.56 5536.25 5430.45 5447.69 5493.54 5575.47 5619.11 5668.15 5725.93 5743.95 5770.25 5801.27 5821.22 5828.53 5865.14 5904.28 5960.08 6009.86 6062.75 6096.83 6063.03 6051.64 6078.63 6073.95 6015.23 5959.03 5928.64 5914.28 5880.77 5865.83 5845.91 5816.36 5803.79 5740.47 5771.73 5811.03 5715.03 5765.576 -9999 -9999 -9999 5803 -9999 5771.907 -9999 -9999 -9999 5966.225 6014.72 5956.46 5902.55 5890.45 5951.39 5900.556 5900.106 -9999 -9999 -9999 -9999 -9999 -9999 -9999 -9999 -9999 -9999
5648.2 5601.74 5546.08 5558.02 5593.87 5623.49 5652.22 5648.29 5644.78 5649.17 5726.21 5786.44 5825.32 5855.24 5884.88 5913.29 5946.12 5963.74 6011.16 6033.41 6051.7 6080.26 6144.94 6202.24 6204.97 6135.18 6135.41 6161.71 6156.26 6100.44 6042.32 6042.15 6013.07 5987.58 5937.5 5908.41 5883.35 5879.2 5868.2 5861.58 5870.73 5842.58 5873.31 5833.11 5817.3 5882.16 5945.57 5855.46 5867.66 5834.81 5936.65 5816.29 5844.56 5898.05 5883.62 5888.64 5951.8 6099.35 6005.6 6000.46 5904.845 -9999 -9999 -9999 -9999 -9999 -9999 -9999 -9999 -9999
5761.99 5750.75 5769.35 5769.76 5772.38 5795.05 5791.72 5761.18 5756.39 5779.94 5822.73 5873.81 5933.42 5991.28 6052.71 6091.81 6120.66 6116.8 6139.04 6147.57 6165.45 6180.9 6217.98 6267.51 6285.45 6267.47 6283.92 6278.03 6251.09 6216.39 6148.19 6109.61 6052.95 6037.68 6030.32 5990.04 5964.7 5942.45 5931.69 5913.86 5905.55 5917 5943.06 5944.7 5980.7 6048.3 6038.24 5921.14 5943.13 6039.66 5957.28 5931.91 6000.13 5985.07 5958.32 5900.89 5921.29 6105.67 6173.9 6081.24 5979.62 -9999 -9999 -9999 -9999 -9999 -9999 -9999 -9999 -9999
5892.47 5903.75 5904.16 5904.46 5904.66 5902.73 5896.2 5906.81 5925.42 5956.3 5977.29 6005.65 6064.61 6110.97 6178.61 6233.47 6243.66 6242.07 6262.42 6259.93 6284.51 6311.54 6324.7 6357.32 6359.9 6357.64 6340.45 6330.06 6274.13 6225.9 6182.38 6156.4 6102.36 6071.9 6070.27 6040.93 6016.59 5995.82 5978.81 5985.62 5982.99 5979.17 5989.42 6036.48 6075.03 6168.53 6123.54 6084.93 6110.59 6118.16 6066.01 6134.27 6201.81 6107.32 5969.97 6006.97 6017.61 6179.93 6142.62 6064.91 6055.1 -9999 -9999 5950.08 5943.589 5975.989 6074.037 6110.412 -9999 -9999
6013.92 6019.75 6019.28 6017.71 6034.41 6031.27 6035.41 6047.95 6066.58 6088.36 6105.38 6144.79 6175.79 6230.16 6287.57 6325.09 6356.95 6371.8 6378.23 6370.47 6382.69 6407.24 6400.77 6414.15 6426.58 6430.49 6419.44 6409.62 6387.91 6327.47 6286.87 6224.42 6166.01 6142.79 6122.18 6103.01 6056.7 6031.95 6016.53 6012.25 6027.15 6029.31 6038.44 6070.42 6134.39 6234.72 6292.78 6288.81 6255.9 6236.98 6190.1 6164.43 6254.94 6243.31 6229.88 6266.95 6230.45 6287.04 6104.11 6154.15 6276.21 6302.45 6198.7 6147.89 6150.66 6144.11 6123.42 6034.877 -9999 5920.4
6118.66 6114.25 6110.85 6106.28 6093.84 6099.75 6108.88 6137.48 6129.98 6173.77 6213.95 6220.25 6228.41 6284.16 6301.63 6313.37 6380.68 6383.65 6452.25 6468.06 6460.28 6478 6495.51 6492.56 6508.23 6513.07 6497.12 6479.44 6470.1 6435.02 6383.01 6335.53 6283.58 6233.65 6223.95 6187.42 6119.9 6081.88 6063.47 6065.16 6069.05 6051.72 6091.23 6117.62 6172.11 6283.9 6362.86 6307.46 6391.91 6312.29 6409 6314.41 6416.67 6347.57 6271.81 6414.19 6424.71 6210.93 6166.51 6237.14 6376.77 6244.39 6120.67 6069.46 6063.12 6103.12 6068.36 6038.7 6039.45 6063.83
6196.68 6202.12 6189.88 6164.31 6165.29 6151.41 6166.37 6175.48 6198.12 6244.42 6282.49 6281.39 6345.11 6328.66 6386.49 6363.57 6428.22 6462.68 6525.69 6565.03 6570.18 6561.76 6541.57 6543.37 6553.77 6560.91 6560.47 6557.83 6536.08 6511.2 6482.28 6445.04 6380.53 6329.07 6302.94 6260.2 6217.13 6179.25 6124.04 6092.27 6103.37 6119.88 6163.87 6189.81 6251.97 6300.66 6433.98 6414.63 6532.32 6518.34 6468.18 6440.82 6550.19 6419.7 6522.27 6588.3 6382.55 6217.15 6294.29 6398.23 6357.08 6207.11 6134.37 6107.05 6124.96 6143.88 6220.36 6142.64 6140.21 6147.92
6272.73 6264.55 6285.15 6287.74 6273.53 6292.09 6295.79 6294.99 6322.28 6328.59 6306.45 6343.24 6388.65 6368.72 6365.22 6417.32 6468.59 6488.17 6543.7 6581.14 6593.37 6632.76 6613.8 6611.69 6604.05 6607.41 6610.35 6607.29 6600.48 6578.92 6552.78 6515.72 6476.67 6439.58 6407.15 6358.54 6301.18 6232.71 6219.05 6182.58 6131.31 6181.17 6267.76 6318.49 6395.2 6454.38 6552.87 6518.9 6575.57 6510.95 6542.13 6542.06 6641.93 6514.7 6685.09 6643.68 6588.14 6403.51 6352.5 6438.73 6339.85 6261.66 6218.22 6268.02 6218.79 6134.73 6262.33 6225.7 6200.42 6166.3
6352.23 6358.33 6358.21 6369.82 6383.9 6372.53 6332.76 6332.91 6337.32 6324.38 6343.83 6360.33 6374.42 6402 6440.06 6495.7 6483.82 6526.92 6559.17 6639.25 6683.26 6692.19 6685.06 6679.82 6667.11 6658.42 6663.31 6655.74 6647.44 6644.84 6625.78 6577.74 6542.4 6512.63 6487.25 6435.49 6396.15 6333.74 6314.78 6289.82 6236.92 6278.06 6367.45 6419.08 6506.01 6585.98 6659.49 6552.56 6550.7 6565.02 6683.42 6653.89 6561.24 6533.13 6684.75 6481.38 6512.17 6512.9 6532.74 6537.18 6462.04 6411.42 6361.73 6318.33 6288.94 6281.11 6276.58 6245.01 6222.72 6184.43
6413.02 6415.94 6416.63 6420.2 6448.2 6470.09 6459.47 6473.77 6457.13 6432.78 6462.21 6452.37 6497.56 6509.94 6541.23 6517.38 6511.9 6566.3 6626.43 6687.46 6716.61 6728.07 6728.98 6748.28 6743.42 6725.48 6712.18 6709.11 6717.68 6717.7 6696.54 6651.13 6570.95 6575.64 6579.55 6518.1 6447.47 6414.91 6405.12 6402.53 6373.73 6395.61 6462.59 6508.87 6606.66 6685.32 6740.25 6766.17 6753.29 6702.37 6737.08 6789.07 6672.52 6746.33 6760.48 6599.85 6695.86 6660.89 6597.05 6538.76 6470.08 6402.73 6380.94 6347.48 6325.88 6301.78 6271.18 6228.02 6212.32 6176.37
6463.48 6471.76 6494.02 6488.41 6509.13 6518.15 6537.37 6525.68 6540.65 6537.39 6578.24 6583.18 6606.83 6610.53 6633.46 6641.13 6620.9 6614.06 6650.06 6679.09 6678.76 6720.81 6753.05 6770.33 6766.81 6776.66 6768.78 6767.62 6766.44 6768.24 6734.29 6699.13 6680.42 6689.46 6685.24 6615.6 6533.95 6454.55 6473.41 6486.45 6500.16 6502.06 6549.76 6562.58 6661.31 6757.31 6839.93 6892.72 6928.53 6960.5 6994.11 6931.28 6892.4 6880.97 6879.07 6817.04 6758.28 6666.93 6609.33 6537.89 6478.49 6422.16 6369.17 6358.92 6318.17 6285.94 6235.64 6218.98 6194.13 6140.35
6539.1 6557.27 6576.96 6576.26 6591.28 6581.23 6593 6600.85 6604.23 6624.89 6625.27 6650.64 6647.6 6679.88 6687.25 6690.6 6688.92 6691.15 6701.89 6698.83 6716.54 6609.05 6646.59 6774.57 6802.66 6806.67 6820.14 6803.35 6806.94 6815.6 6824.4 6818.75 6795.15 6806.95 6773.72 6691.75 6617.99 6517.19 6500.83 6525.68 6560.42 6586.51 6614.41 6663.94 6735.93 6822.88 6871.88 6967.15 7049.88 7123.88 7143.92 7176.21 7143.52 7076.67 6989.37 6870.84 6771.19 6678.06 6596.02 6519.73 6454.45 6407.96 6359.61 6319.31 6288.61 6234.77 6198.72 6186.15 6162.31 6134.95
6597.72 6628.37 6632.9 6646.84 6639.04 6672.12 6660.98 6683.44 6679.15 6703.54 6703.47 6696.98 6701.2 6728.96 6738.42 6748.25 6759.83 6765.98 6761.9 6743.76 6719.87 6697.27 6655 6706.2 6776.42 6801.17 6836.12 6842.31 6853.43 6854.45 6875.63 6906.88 6917.02 6876.61 6826.44 6747.4 6666.43 6607.02 6560.7 6560.4 6592.07 6639.2 6677.58 6720.27 6770.29 6858.69 6923.32 7010.57 7106.18 7171.67 7193.19 7315.8 7250.03 7123.65 6995.01 6878.14 6759.8 6657.28 6565.77 6483.23 6422.91 6367.72 6330.73 6291.83 6246.64 6179.13 6147.17 6167.63 6140.96 6111.72
6654.12 6663.51 6678.36 6693.19 6705.46 6722.98 6734.46 6753.14 6749.82 6756.41 6761.39 6777.85 6770.49 6784.13 6785.32 6823.88 6826.26 6807.2 6809.66 6790.4 6777.24 6766.88 6774.23 6791.44 6833.36 6826.29 6841.8 6876.79 6879.82 6885.03 6875.56 6913.02 6958.12 6930.23 6873.71 6825.6 6767.91 6726.13 6673.46 6628.23 6613.58 6642.42 6671.18 6684.61 6777.86 6854.66 6931.15 7021.73 7107.85 7200.09 7295.31 7359.14 7272.31 7111.27 6960.18 6828.01 6701.22 6595.98 6509.75 6432.46 6382.87 6332.84 6278.19 6228.91 6200.94 6164.09 6105.6 6126.78 6084.2 6039.18
6695.89 6717.5 6723.35 6748.72 6771.27 6794.74 6809.65 6813.9 6813.13 6815.74 6832.2 6824.33 6836.21 6836.69 6850.91 6839.11 6834.57 6839.35 6842.39 6818.88 6831.01 6841.41 6830.65 6816.9 6871.2 6888.27 6879.86 6897.44 6898.72 6891.98 6853.77 6898.06 6891.95 6884.89 6887.98 6841.65 6805.82 6761.08 6722.23 6711.31 6692.5 6689.27 6709.85 6745.86 6789.76 6848.21 6907.7 6980.8 7069.83 7130.62 7205.58 7242.39 7171.53 7032.56 6887.57 6752.43 6628.73 6525.91 6448.57 6384.86 6335.35 6290.44 6231.32 6172.26 6137.97 6102.21 6035.72 6027.72 6010.11 5934.51
6725.11 6769.05 6787.98 6787.67 6811.28 6806.57 6834.36 6842.56 6851.19 6860.83 6871.79 6875.78 6883.66 6877.25 6882.33 6866.36 6872.48 6889.87 6888.4 6880.4 6872.04 6882.34 6880.65 6859.2 6841.2 6902.55 6897.42 6904.24 6908.73 6891.05 6893.9 6880.37 6831.36 6835.84 6835.12 6827.87 6797.91 6773.72 6741.78 6735.5 6726.69 6726.23 6728.92 6750.46 6780.9 6818.06 6867.82 6917.09 6972.2 7038.47 7089.29 7072.83 6983.09 6860.14 6744.8 6645.09 6547.58 6463.65 6397.4 6344.02 6292.78 6263.71 6209.2 6137.65 6045.31 5994.92 5976.27 5935.12 5919.05 5888.49
6807.59 6826.79 6826.04 6830.42 6829.93 6815.37 6835.65 6828.86 6852.75 6885 6895.86 6896.84 6892.76 6905.99 6909.62 6909.52 6928.73 6936.37 6930.72 6912.82 6911.69 6907.67 6917.23 6896.65 6900.92 6869.96 6852.61 6832.82 6873.79 6882.07 6850.98 6854.38 6806.07 6827.15 6846.17 6829.07 6793.9 6777.64 6752.48 6727.9 6715.28 6720.36 6724.9 6736.29 6760.04 6780.36 6820.43 6852.09 6890.89 6929.78 6932.66 6881.47 6789.41 6708.56 6616.34 6542.88 6476.52 6390.53 6304.74 6231.88 6175.97 6189.92 6116.37 6002.81 5958.38 5959.25 5999.26 5916.96 5805.19 5754.84
6856.73 6831.91 6800.47 6783.54 6801.56 6815.07 6832.54 6856.28 6882.75 6903.14 6922.82 6918.12 6926.98 6935.56 6923.64 6941.92 6958.9 6969.2 6959.59 6960.89 6959.12 6931.09 6935.49 6926.01 6916.98 6886.59 6848.19 6816.05 6809.72 6828.77 6808.25 6799.66 6800.12 6819.14 6823.21 6817.36 6798.1 6773.71 6748.03 6714.96 6694.62 6684.05 6683.19 6688.44 6694.74 6719.65 6766.85 6782.61 6786.9 6788.83 6791.78 6768.85 6703.33 6603.1 6521.71 6457.42 6407.93 6328.95 6111.25 6048.36 6021.62 6008.03 5922.37 5881.75 5893.53 5859.11 5908.082 5835.494 5719.235 -9999
6888.9 6827.23 6710.21 6716.63 6785.78 6829.82 6834.58 6889.46 6946.57 6960.48 6969.16 6984.76 6961.61 6963.82 6956.47 6971.8 6981.08 6983.75 6963.9 6947.85 6945.11 6938.25 6930.91 6896.95 6892.74 6883.09 6840.19 6796.42 6782.06 6771.06 6773.42 6787.73 6787.28 6805.78 6803.36 6795.2 6780.73 6752.64 6728.55 6697.73 6672.3 6656.43 6645.31 6656.56 6661.78 6670.31 6673.02 6686.33 6685.19 6664.62 6614.69 6609.52 6585.88 6505.2 6456.04 6383.7 6260.11 6109.16 5897.49 5858.56 5836.13 5839.418 5781.835 5796.651 -9999 -9999 -9999 -9999 -9999 -9999
