layers/wordclim/future/Iberia_wcB2a_10_hadcm3_2020/bio_08.asc
ncols         166
nrows         93
xllcorner     -9.4959440078468
yllcorner     36.000324005443
cellsize      0.083333337679505
NODATA_value  -9999
[rows 33 to 65 of 93, columns 0 to 73 of 166]
-9999 -9999 -9999 -9999 -9999 -9999 -9999 -9999 -9999 -9999 107.907 101.17 93.35 88.07 87.3 89.18 84.49 69.73 60.98 64.1 63.9 62.77 70.25 78.05 69.4 64.22 72.56 83.78 87.97 80.61 79.49 82.1 74.27 71.86 70.11 68.72 63.6 59.17 58.72 58.42 56.6 56.1 67.79 88.5 88.05 88.57 88.78 84.49 79.45 86.41 87.47 86.98 86.71 86.94 87.04 86.94 87.86 88.73 87.08 85.98 84.91 86.04 87.01 86.52 81.24 75.18 47.29 33.85 57.11 74.67 79.25 81.2 75.3 72.75
-9999 -9999 -9999 -9999 -9999 -9999 -9999 -9999 -9999 -9999 107.7755 103.3 92.53 83.87 74.08 75.02 77.82 86.39 83.51 79.03 71.7 68.22 67.97 71.71 68.35 65.77 72.95 83.19 84.06 76.86 72.37 74.76 76.31 70.8 68.72 68.04 63.67 61.72 61.56 60.76 59 58.28 58.33 62.96 77.26 83.21 85.32 72.45 69.72 76.09 86.2 85.73 83.66 84.13 85.29 86.19 87.7 87.69 86.06 85.54 81.89 83.72 83.81 82.83 76.17 68.74 33.59 65.46 51.32 62.35 78.91 86.64 91.27 89.82
-9999 -9999 -9999 -9999 -9999 -9999 -9999 -9999 -9999 -9999 105.0225 101.92 94.76 81.2 85.6 81.3 84.95 94.59 90.46 83.6 78.55 76.38 75.94 73.11 72.31 67.78 75.07 80.85 78.93 80.7 74.43 70.89 72.78 72.86 69.29 67.36 64.75 62.87 61.39 60.76 59.45 57.45 56.72 54.98 53.67 52.27 53.18 59.92 61.73 71.24 82.43 84.29 81.82 79.89 80.76 83.84 83.7 85.81 101.49 101.15 90.74 86.65 78.64 72.27 61.71 56.98 53.45 46.42 71.03 86 89.94 96.27 94.02 88.01
-9999 -9999 -9999 -9999 -9999 -9999 -9999 -9999 -9999 106.7027 106.337 103.2 99.29 94.51 85.73 90.12 87 93.09 87.43 84.83 86.86 85.81 84.56 80.16 78.98 80.03 80.12 77.74 73.97 74.04 74.18 69.54 70.82 71.16 72.02 66.82 65.55 63.61 61.38 59.28 57.97 57.43 54.72 52 50.83 54.63 58.01 57.38 55.97 54.54 57.95 79.33 73.78 74.05 73.4 76.33 93.14 98.77 103.17 101.96 91.95 92.01 77.66 71.29 73.27 77.76 79.5 86.09 88.15 85.49 95.29 100.72 96.18 92.99
-9999 -9999 -9999 -9999 -9999 -9999 -9999 -9999 -9999 107.2297 105.5876 105.08 103.52 96.58 88.82 82.39 78.57 92.89 94.25 93.45 91.58 87.31 83.26 85.26 87.8 84.02 79.8 66.32 68.32 70.95 69.4 69.09 69.38 72.92 74.59 73.63 69.92 61.84 58.86 56.3 53.85 51.53 53.47 55.53 55.61 56.26 56.29 55.37 52.56 48.22 43.9 45.17 46.59 57.05 66.18 82.63 100.49 102.67 100.05 94.74 89.78 85.38 86.29 77.41 80.8 89.89 85.01 87.07 97.21 99.59 102.71 103.78 98 97.33
-9999 -9999 -9999 -9999 -9999 -9999 -9999 -9999 -9999 107.71 105.97 105.99 105.36 100.67 88.85 79.1 93.73 99.34 99.91 95.39 94.84 92.63 92.3 85.91 66.46 60.53 65.69 65.28 67.11 68.75 70.26 66.75 70.02 73.86 73.66 74.09 71.85 59.99 51.61 43.15 50.87 53.13 58.59 59.78 55.61 53.88 55.92 52.72 47.85 46.47 45.45 37.86 33.7 59.07 76.07 80.7 88.83 91.57 94.96 97.49 102.23 95.06 83.7 79.93 89.51 93.61 98.96 101.06 104.24 101.28 103.63 104.14 100.83 101.18
-9999 -9999 -9999 -9999 -9999 -9999 -9999 -9999 109.6774 107.87 106.65 105.47 106.25 99.69 92.87 93.38 95.35 96.97 101.26 99.93 95.01 90.51 71.05 48.84 56.33 64.11 72.07 65.56 68.83 71.43 69.51 66.52 71.7 72.38 68.12 68.56 68.65 62.83 57.63 57.61 58.22 71.49 70.14 63.24 61.78 53.2 51.9 53.65 52.6 46.84 34.66 24.01 22.85 26.3 24.79 57.89 85.72 98.34 97.83 100.3 99.94 98.24 93.82 93.98 100.03 103.62 105.86 102.06 102.76 103.77 103.97 107.5 105.97 103.03
-9999 -9999 -9999 -9999 -9999 -9999 -9999 -9999 110 108.59 107.19 105.48 106.15 98.57 97.88 101.03 98.72 97.29 100.06 95.72 91.21 70.58 33.88 48.04 74.08 84.79 84.42 73.53 68.95 69.69 65.74 65.63 66.02 66.84 67.1 66.22 57.61 63.24 62.47 74.24 78.84 75.78 66.38 63.1 51.26 31 35.67 50.83 46.23 31 25.92 25.61 25.42 34.55 48.78 90.16 91.49 86.07 88.27 99.36 102.22 102.3 103.43 106.15 110.24 107.28 107.32 104.42 87.95 108.55 106.55 107.24 106.83 99.53
-9999 -9999 -9999 -9999 -9999 -9999 -9999 -9999 109.8 108.53 106.77 107.2 107.5 99.56 99.14 102.19 98.29 95.58 96.78 92.57 85.97 74.33 47.28 52.09 86.69 90.52 85.75 81.51 74.01 65.75 62.7 57.83 62.52 65.39 61.45 68.94 73.01 79.75 82.02 83.24 84.83 77.34 72.16 64.59 34.07 20.6 37.63 41.97 33.22 23.86 13.59 19.15 27.87 45.04 47.11 64.68 97.23 108.09 105.64 100.98 99.26 101.52 109.1 113.47 110.03 107.72 108.7 106.37 105.7 108.81 109.63 110.3 105.89 98.3
-9999 -9999 -9999 -9999 -9999 -9999 -9999 109.3288 109.93 111.36 110.74 110.6 109.41 103.05 101.71 98.73 97.69 94.37 86.59 73.97 68.19 83.56 88.26 90.82 91.51 88.98 90.07 87.7 83.16 78.43 85.06 86.41 68.91 80.92 86.29 89.25 90.79 85.56 90.35 92.32 90.49 88.57 69.24 44.77 57.89 42.66 20.2 21.5 24.82 52.67 40.64 47.32 66.48 85.47 90.3 115.87 112 108.76 105.13 100.62 108.41 114.66 114.83 111.06 107.81 108.08 110.28 106.41 107.9 108.38 109.72 110.01 107.44 103.36
-9999 -9999 -9999 -9999 -9999 -9999 -9999 -9999 112.8977 111.82 111.5 110.78 105.41 103.36 103.38 93.56 86.96 83.56 83.05 77.44 81.46 90.8 87.44 85.68 87.66 91.08 96.17 94.44 91.9 93.57 95.82 93.49 90.27 94.04 98.8 97.01 93.07 91.23 94.97 95.24 93.43 86.83 68.42 67.47 54.4 67.34 69.73 71.97 78.75 89.5 89.17 88.74 86 89.54 93.1 99.92 106.16 109.71 111.19 115.53 116.8 115.27 111.97 109.46 109.22 111.44 109.49 109.46 110.5 107.68 111.96 110.71 105.62 100.2
-9999 -9999 -9999 -9999 -9999 -9999 -9999 113.0933 111.39 111.93 112.22 104.57 100.81 101.15 87.29 79.59 83.96 88.39 88.97 89.44 92.24 84.3 90.18 84.6 95.64 99.23 98.03 98.05 94.36 91.3 92.1 98.72 100.21 102.84 102.15 98.99 98.19 99.09 101.42 100.71 94.22 88.56 84.41 81.47 80.27 88.82 91.15 94.24 94.34 93.57 92.14 89.86 88.39 87.23 85.09 88.94 101.43 118.18 118.98 117.6 116.61 115.19 112.52 111.54 112.69 114.23 111.87 114.04 111.39 112.66 114.14 111.48 109.88 108.38
-9999 -9999 -9999 -9999 -9999 -9999 -9999 117.95 110.66 110.89 110.34 100.14 101.44 98.65 88.77 89.58 93.09 90.06 86.06 87.47 85.81 88.87 93.34 95.35 94.69 96.77 99.7 102.2 100.24 99.18 100.58 101.66 98.41 101.8 102.18 102.08 102.36 103.09 102.31 97.67 93.93 94.34 95.41 96.34 98.18 96.74 95.8 95.21 94.63 93.85 92.26 91.21 90.38 88.34 86.18 93.91 97.97 116.63 119.18 116.15 113.18 112.84 113.79 115.54 116.15 114.4 114.9 116.43 115.58 113.51 108.54 104.58 102.34 101.81
-9999 -9999 -9999 -9999 -9999 -9999 122.5556 122.3 110.95 108.7 108.83 103.24 103.78 98.97 97.89 98.28 92.86 87.53 83.91 80.26 87.8 94.41 96.52 93.92 92.23 93.61 98.73 100.15 105.44 101.9 102.02 102.61 103.1 101.6 102.41 101.55 99.94 99.56 96.17 91.96 95.24 98.1 101.57 101.05 97.95 96.84 95.61 92 93.6 93.14 90.75 88.02 89.85 88.18 89.48 87.18 82.66 103.94 115.73 119.46 118.31 117 116.66 117.7 115.37 114.41 115.57 115.59 113.8 112.54 108.51 105.24 103.83 103.61
-9999 -9999 -9999 -9999 -9999 -9999 121.5918 121.85 118.86 107.77 103.43 104.12 106.63 101.3 102.09 100.8 99.12 94.73 87.49 85.85 94.65 97.66 96.65 94.96 98.02 101.88 103.37 105.56 101.78 102.09 101.11 100.11 102.14 103.7 104.19 101.2 99.4 97.02 98.69 100.63 100.09 100.77 96.99 96.79 94.66 96.26 93.2 90.11 92.87 90.91 89.64 88.88 90.97 87.2 86.71 84.9 80.36 80.29 82.32 82.55 113.06 117.53 113.74 108.73 108.57 106.87 104.46 108.01 109.18 109.78 110.17 109.07 106.69 105.8
-9999 -9999 -9999 -9999 -9999 121.3214 119.42 119.15 118.54 106.77 105.4 108.2 109.97 106.29 101.1 103.51 98.97 98.1 95.78 98.42 101.94 100.06 101.61 102.16 100.79 98.29 100.82 105.43 102.79 102.72 104.24 103.07 99.26 98.06 98.63 101.91 103.86 102.75 100.53 98.17 97.86 98.42 95.68 93.12 89 85.26 84.88 86.23 83.73 81.35 82.55 85.08 83.58 82.23 75.31 76.6 75.86 75.36 73.33 74.88 74.94 84.86 105.78 92.9 104.61 91.1 99.65 103.49 104.95 105.28 107.13 107.32 107.8 105.73
-9999 -9999 -9999 -9999 -9999 122.0854 122.03 117.81 112.39 97.99 104.98 108.15 110.73 110.98 105.86 105.76 101.51 98 98.45 102.46 104.67 105.18 105.63 102.4 100.56 100.64 105.09 103.37 105.2 104.89 102.6 100.86 98.66 97.04 96.28 100.17 102.18 102.53 102.16 101.13 99.94 100.21 97.99 95.54 92.8 90.74 84.49 80.63 77.91 70.56 75.47 73.98 79.41 80.32 68.15 68.09 65.56 66.71 65.55 67.4 67.96 71.77 73.95 69.17 71.74 73.55 71.88 86.26 101.58 103.46 106.73 106.17 106.33 106.07
-9999 -9999 -9999 -9999 -9999 122.6263 120.84 109.02 104.43 105.19 102.83 118.15 115.28 113.53 109.3 107.26 106.21 105.12 105.36 104.71 106.23 103.46 103.04 100.9 101.77 101.99 105.46 102.44 101.94 103.82 105.23 103.12 100.91 100.28 98.45 97.43 99.26 103.49 101.87 101.85 102.09 100.41 97.82 94.57 91.84 89.05 85.27 83.44 69.2 67.39 64.75 74.12 73.48 78.46 76.2 69.37 67.41 66.56 57.41 67.02 58.45 61.19 62.19 63.76 62.86 63.23 66.07 94.46 103.65 105.14 106.1 106.89 107.36 108.72
-9999 -9999 -9999 125.4048 125.71 121.82 115.91 110.45 112.37 118.62 121.32 123 122.75 116.7 117.02 114.05 112.6 112.12 108.06 106.19 103.76 103.05 101.85 100.39 97.51 105.06 104.62 103.54 100.31 100.73 103.1 103.43 103.04 102.95 101.4 99.77 99.11 98.67 99.81 99.59 100.81 99.7 97.37 94.04 90.05 79.23 82.22 80.74 71.19 64.93 76.78 81.22 82.34 80.42 84.09 81.92 81.07 76.97 71.91 73.31 69.71 70.28 71.51 72.18 63.59 59.25 60.64 70.49 86.09 92.29 106.14 107.42 107.99 109.56
-9999 -9999 125.9375 126.2442 124.15 121.61 117.96 122.03 122.33 121.79 124.55 125.31 123.09 112.04 112.51 111.04 111.2 108.26 106.87 106.65 106.3 104.36 103.16 107.66 95.65 92.6 98.21 99.43 100.15 100.16 99.47 99.09 101.27 97.98 98.65 100.24 99.87 99.3 98.7 97.58 96.33 95.18 94.87 91.81 90.67 83.47 80.39 79.36 82.16 82.16 83.66 88.37 85.53 87.93 87.54 87.34 83.75 80.02 76.1 70.74 67.98 66.22 72.47 69.3 66.25 66 62.7 69.89 73.54 82.16 84.47 102.08 109 110.54
-9999 -9999 123.83 123.34 122.95 122.09 122.1 124.29 124.06 124.53 126.41 125.55 121.28 119.76 118.19 113.49 110.33 111.34 111.02 115.01 116.11 113.94 112.72 110.85 105.97 95.46 95.69 102.28 105.28 103.19 102.31 103.6 103.29 100.13 100.71 99.27 97.44 99.01 96.58 93.49 93.26 92.91 91.33 93.1 96.06 92.98 94.93 92.98 92.61 87.03 87.34 91.71 90.94 90.62 82.11 84.61 83.79 79.5 79.52 77.33 76.42 79.04 79.02 74.56 67.82 68.21 75.16 72.11 69.77 70.04 76.04 99.52 110.87 112.11
-9999 -9999 124.58 123.66 122.27 115.58 123.25 123.9 124.92 126.85 127.05 123.66 122.16 121.25 120.08 118.35 118.69 119.54 117.05 116.69 117.47 115.45 112.54 111.55 110.5 107.48 104.83 104.72 106.46 106.23 103.09 105.45 104.25 102.26 101.03 98.75 97.75 97.18 95.85 94.79 89.04 92.31 98.41 97.84 99.01 97.67 97.96 96.2 96.69 94.31 90.92 90.88 91.87 90.06 85.05 79.83 81.55 81.69 82.42 78.68 72.9 76.44 81.02 79.66 71.92 73.08 92.91 104.45 107.21 95.69 103.77 113.7 113.39 112.87
-9999 125.0156 124.55 122.5 118.05 121.72 125.26 125.03 127.7 128.2211 126.3 124.66 122.58 121.66 120.48 119.72 121.2 119.12 118.11 118.74 117.85 116.64 114.86 112.02 110.95 109.75 109.67 107.96 108.15 108.7 106.35 106.89 104.43 103.72 102.03 101.13 101.67 100.7 97.65 97.8 98.3 102.37 101.91 101.9 101.96 100.34 100 99.27 98.16 96.67 93.68 93.24 89.2 86.76 86.08 82.34 77.61 81.91 82.31 76.36 73.15 74.99 76.83 78.49 74.86 73.53 91.54 107.13 113.8 114.33 114.47 114.28 113.7 113.36
-9999 123.05 122.52 119.64 117.26 120.46 127.5213 128.6889 129.1609 128.06 125.76 124.94 123.24 123.41 123.08 121.84 121.34 119.92 119.18 118.35 118.31 117.08 115.61 114.69 112.61 110.72 110.38 110.68 108.34 108.05 109.14 107.82 107.07 106.36 104.85 104.47 104.41 103.98 101.84 99.77 101 104.03 103.74 103.53 102.77 101.65 100.32 95.84 94.16 97.17 94.67 92.31 92.63 89.5 87.34 84.22 80.73 79.29 81.19 82.16 81.94 74.82 76.48 81.16 76.63 79.59 93.32 98.3 104.32 104.8 113.18 112.61 112.58 112.28
-9999 119.0918 115.71 115.57 114.26 120.8454 128.5696 129.81 129.34 128.35 127.13 127.07 126.94 125.47 123.76 122.95 122.17 121.86 120.47 117.34 116.12 114.49 113.89 113.11 111.66 109.53 106.99 107.31 110.01 109.91 109.33 108.27 107.88 107.14 106.22 106.12 105.92 105.46 103.52 102.72 105.26 105.15 104.48 103.1 101.67 100.85 99.74 98.79 97.35 94.69 93.94 95.32 90.87 82.57 85.8 83.47 83.41 83.93 83.89 79.62 82.59 81.78 79.84 81.36 78.79 80.55 80.64 94.2 94.44 97.86 107.86 111.09 111.39 111.36
-9999 116.55 114.04 116.24 122.9 126.6333 130.4444 130.26 129.35 128.31 126.34 126.11 125.03 123.55 123.85 122.2 120.88 119.84 119.09 117.3 116.23 114.38 109.86 108.5 108.93 108.95 105.3 106.45 110.59 111.18 109.03 107.76 107.11 107.42 107.26 107.06 105.95 104.66 104.83 105.52 104.41 103.18 102.73 99.95 99.14 98.21 96.66 99.02 96.8 95.33 93.51 93.88 94.37 88.83 90.77 88.19 85.15 83.31 79.21 78.45 81.91 82.68 78.53 79.65 81.91 81.64 81.31 82.19 84.57 88.84 95.84 89.43 103.83 110.14
116.0988 114.31 115.12 119.77 126.9681 -9999 -9999 130.32 129.2 128.14 127.4 125.84 124.47 122.7 121.49 119.83 117.45 116.67 116.31 114.93 114.38 112.91 111.81 107.45 105.66 109.95 111.09 111.62 112.37 110.47 107.92 106.54 106.08 105.44 105.29 104.79 103.22 102.34 104.08 101.72 100.22 98.57 97.9 98.2 93.19 96.49 95.67 98 95.08 93.2 90.72 90.17 90.42 95.57 89.97 88.79 88.43 89.22 83.13 82.23 79.37 80.88 81.56 80.1 79.33 78.88 78.7 100.7 102.98 94.17 100.61 92.74 92.94 94.72
122.34 121.507 122.6892 124.7403 128.1778 131.5833 130.764 131.21 129.85 127.98 126.5 125.46 124.39 123.22 120.23 117.02 114.63 113.19 113.45 113.26 112.63 112.95 109.23 109.19 110.64 109.64 114.08 113.26 110.4 109.03 107.1 105.85 105.12 104.63 103.89 104.27 102.73 101.17 102.7 103.74 100.22 96.79 94.82 96.05 95.45 94.73 95.51 93.07 91.86 88.15 88.96 89.95 93.31 94.62 93.24 93.96 92.96 90.12 87.94 86.29 81.49 77.79 78.84 80.15 80.84 78.43 74.8 82.23 97.12 106.08 107.29 110.3 109.76 106.05
-9999 -9999 -9999 127.4865 129.4545 130.8929 130.24 130.41 130.19 129.16 127.65 126.38 124.42 120.7 117.29 115.68 113.7 111.97 112.02 114.42 114.49 114.77 114.29 112.09 112.88 114.4 113.67 112.83 109.4 106.28 103.43 102.97 103.58 102.76 102.53 102.61 101.12 99.92 100.27 101.4 98.5 96.11 93.31 92.34 95.26 91.58 91.69 88.29 90.03 92.32 93.78 94.23 94.33 93.54 88.27 92.85 89.91 85.24 86.05 83.91 82.26 79.42 78.8 79.98 78.96 79.71 82.34 84.23 86.85 111.02 104.54 107.6 107.32 109.2
-9999 -9999 -9999 -9999 128.54 128.5 126.7374 129.8353 131.4396 130.5165 126.98 127.44 125.23 120.86 118.77 117.12 114.13 114.11 115.35 115.09 115.57 115.69 114.78 112.67 112.27 113.91 115.02 112.07 109.47 105.14 102.39 99.32 95.55 97.4 94.9 100 99.46 96.67 97.51 98.7 99.82 92.44 92.62 93.02 94.92 89.03 86.22 89.18 90.07 93.7 92.55 91.51 90.74 91.73 91.25 92.19 92.27 91.44 86.99 78.32 74.49 77.85 79.8 81.85 86.6 85.73 84.14 85.59 87.14 89.96 100.28 102.95 106.51 105.82
-9999 -9999 -9999 -9999 126 124.2143 -9999 131.7647 -9999 130.6282 129.75 127.84 126.1 125.35 121.96 120.1 119.46 118.05 116.91 115.71 116.46 116.77 114.86 114.18 114.1 115.27 115.45 112.83 110.02 107.19 102.96 98.72 92.46 91.29 90.94 94.43 98.28 93.54 94.37 95.82 98.35 97.07 94.51 91.59 92.17 89.56 89.59 90.98 90.19 89.31 91.11 89.7 89.03 90.89 89.05 88.01 88.19 88.53 89.39 88.44 83.56 73.99 74.4 75.42 77.57 88.5 92.41 85.59 78.81 74.03 73.34 93.29 95.96 106.27
-9999 -9999 -9999 -9999 -9999 -9999 -9999 -9999 131.5536 130.1122 129.7053 129.35 127.87 125.37 124.87 120.04 119.19 118.47 116.68 113.21 114.54 115.08 116.19 115.34 116.59 116.92 114.97 113.06 110.75 106.84 104.47 98.82 95.69 102.13 99.19 97.66 94.66 93.75 93.27 92.14 94.2 94.77 91.83 93.48 91.77 91.14 91.52 90.26 89.05 89.45 88.67 86.51 87.08 87.87 87.54 86.14 85.62 86.46 85.49 85.37 87.44 86.4 88.03 83.07 82.46 84.35 95.83 88.09 89.14 86.39 81.15 84.75 86.07 89.04
-9999 -9999 -9999 -9999 -9999 -9999 -9999 -9999 -9999 129.56 127.47 127.01 127.58 127.01 126.99 123.69 121.12 117.96 116.34 116.31 114.06 110.92 113.53 116.58 116.95 117.56 115.56 114.13 111.37 109.42 105.93 102.69 104.45 104.47 102.09 101.06 97.86 95.2 92.46 90.97 90.39 90.98 90.95 91.42 91.46 90.84 92.2 89.73 89.18 91.68 91.02 90.53 86.1 82.34 87.52 88.46 85.31 86.05 85.15 85.18 83.47 84.03 84.75 92.2 87.57 91.89 97.82 97.48 96.89 97.86 95.64 95.14 98.1 99.14
