layers/wordclim/future/Iberia_wcB2a_10_hadcm3_2020/bio_15.asc
ncols         166
nrows         93
xllcorner     -9.4959440078468
yllcorner     36.000324005443
cellsize      0.083333337679505
NODATA_value  -9999
[rows 34 to 67 of 93, columns 0 to 76 of 166]
-9999 -9999 -9999 -9999 -9999 -9999 -9999 -9999 -9999 -9999 55.36735 55.7 56.2 57.33 59.36 59.84 60.36 60.47 61.31 62.08 62.86 63 63 63 62.68 62.49 61.99 60.98 60.28 59.69 58.66 57.7 56.38 55.23 54.1 52.93 51.54 50.49 49.01 47.62 46.21 44.82 43.88 42.32 41.24 40.31 39.06 36.99 35.78 34.81 34.42 34.08 33.97 33.87 33.53 34.51 34.31 35.04 34.56 34.79 34.5 34.64 34.77 35.05 34.74 34.22 32.51 34.05 33.36 33.97 35.93 37.09 38.01 37.58 36.36 36.45 36.45
-9999 -9999 -9999 -9999 -9999 -9999 -9999 -9999 -9999 -9999 56 55.88 56.15 58.19 58.17 59.34 59.67 59.66 60.59 61.6 62.49 62.87 62.89 62.99 62.74 62.41 62.06 61.03 60.39 59.64 58.94 58.06 56.6 55.66 54.56 53.27 52.03 50.88 49.52 48.18 46.8 45.51 44.27 42.86 41.72 40.48 39.08 37.89 36.8 35.56 35.09 34.68 34.53 34.57 34.57 34.32 35.02 34.95 35.04 34.97 34.45 34.45 34.43 34.05 33.17 33.06 32.77 33.34 35.58 37.61 38.52 39.95 39.54 38.06 37.99 38.15 38.22
-9999 -9999 -9999 -9999 -9999 -9999 -9999 -9999 -9999 56 56.04348 56.08 56.17 56.87 58.31 58.66 59.68 59.82 60.8 61.57 61.5 61.88 62.19 62.41 62.4 61.8 61.45 61.17 60.61 59.85 59.12 58.19 57.05 56.01 54.89 53.61 52.37 51.52 49.99 48.66 47.21 46.17 44.77 43.37 42.23 41.42 40.38 39.13 37.92 36.49 36.3 35.73 35.27 35.2 34.93 34.69 34.83 35.37 35.46 35.64 34.43 34.46 34 33.93 34.42 35.37 35.71 37.31 37.98 37.88 40.11 41.59 40.67 40.24 39.35 39.73 38.71
-9999 -9999 -9999 -9999 -9999 -9999 -9999 -9999 -9999 56.28378 56.05155 56.43 56.64 57.06 58.2 59.78 60.71 60.01 60.27 60.81 61.25 61.75 62.25 62.01 61.66 61.86 61.43 61.68 60.79 59.97 59.26 58.19 57.32 56.41 55.03 53.98 53.18 52.03 50.55 49.14 47.66 46.51 45.37 44.28 43.09 42.21 41.11 39.84 38.66 37.62 37.07 36.55 36.16 35.75 35.67 35.35 35.71 35.75 35.53 35.05 34.75 34.45 34.38 34.19 35.59 37.01 36.8 37.84 40.25 41.19 42.38 43.13 42.56 42.09 40.92 41.29 38.17
-9999 -9999 -9999 -9999 -9999 -9999 -9999 -9999 -9999 56.66 56.48 56.51 56.61 56.96 58.5 60.24 59.06 59.46 59.8 60.52 60.85 61.12 61.31 61.95 62.78 62.64 61.95 61.39 60.98 60.49 59.48 58.34 57.77 56.79 55.73 54.5 53.5 52.2 50.7 49.4 48.31 47.32 46.42 45.28 43.98 43 41.96 40.66 39.41 38.76 37.89 37.54 36.95 36.29 36.45 36.02 35.66 35.29 35.44 35.91 35.59 35.7 35.66 35.54 36.89 37.75 39.17 40.89 42.02 42.19 43.74 44.59 44.52 43.99 42.7 39.78 38.52
-9999 -9999 -9999 -9999 -9999 -9999 -9999 -9999 56.96774 56.8 56.84 56.95 56.98 57.33 58.27 58.53 58.72 59.11 59.73 60.23 60.96 61.3 62.83 63.97 63.34 62.65 61.82 61.53 60.85 60.24 59.53 58.68 57.84 56.91 56 55 53.99 52.7 51.51 50.58 49.42 48.72 47.72 46.34 45.11 43.64 42.83 41.93 40.67 39.75 39.08 38.39 37.92 37.13 36.63 36.32 36.31 36.88 36.9 36.97 37.23 37.72 37.06 37.22 38.71 39.83 41.02 40.94 42.71 43.42 44.22 45.92 46.67 44.87 41.69 39.74 39.31
-9999 -9999 -9999 -9999 -9999 -9999 -9999 -9999 57.38462 57.17 57.08 57.11 57.08 57.6 57.91 58.21 58.86 59.29 59.79 60.58 61.11 62.78 63.43 63.85 62.53 61.39 61.16 61.08 60.92 60.23 59.73 58.82 57.91 57.13 56.15 55.19 54.04 53.12 52.19 51.81 50.93 49.93 48.34 46.94 45.37 44.1 43.18 42.66 41.49 40.47 39.85 39.22 38.38 37.98 37.61 37.32 37.48 37.05 36.83 36.81 38.09 38.54 38.75 39.34 40.39 40.43 41.47 41.56 42.94 44.26 44.65 45.64 45.79 43.71 41.97 40.88 40.58
-9999 -9999 -9999 -9999 -9999 -9999 -9999 -9999 57.8 57.42 57.37 57.52 57.38 57.88 58.08 58.21 58.97 59.61 59.95 60.87 61.66 62.65 63.34 63.2 61.45 60.99 61.1 60.91 60.98 60.24 60.01 59.27 58.15 57.54 56.44 55.76 54.84 54.07 53.38 52.6 52.02 50.81 49.5 48.05 45.86 44.65 44.01 43.25 42.32 41.56 41 39.89 39.5 39.43 38.67 38.61 39.97 40.33 39.44 38.71 38.65 38.97 39.88 40.78 40.64 40.62 41.53 42.24 42.95 43.94 44.74 45.42 44.5 42.71 42.07 41.56 40.39
-9999 -9999 -9999 -9999 -9999 -9999 -9999 58.46575 58.13 58 57.93 57.91 57.74 58.02 58.28 58.83 59.29 60.01 61.27 62.51 62.93 61.89 61.52 61.32 61.12 61.33 60.87 60.71 60.39 59.99 59.27 59.01 58.46 57.69 56.97 56.38 55.58 54.78 54.39 53.63 52.85 52.05 50.08 47.84 47.71 46.15 44.63 43.79 43.37 43.44 42.24 41.6 42.27 42.91 41.88 42.43 42.16 41.22 40.2 39.54 40.69 41.7 41.46 40.98 40.53 40.37 41.8 42.01 42.77 43.73 44.28 44.36 44.1 43.09 42.42 41.53 40.85
-9999 -9999 -9999 -9999 -9999 -9999 -9999 -9999 58.89773 58.37 58.27 58.03 58.25 58.34 58.63 59.86 60.74 61.31 61.49 62.16 61.96 61.38 61.54 61.64 61.34 60.97 60.17 60.03 60.01 59.64 58.82 58.59 58.36 57.65 57.29 56.81 55.94 55.34 54.89 54.6 53.67 52.44 50.92 50.12 48.42 48.4 47.9 47.39 47.03 47.49 46.52 45.88 45.63 44.61 43.68 43.07 41.68 41.03 42.37 42.71 42.86 42.28 41.38 41.34 40.92 41.38 41.83 42.18 43.03 42.99 44.37 44.54 43.27 42.05 41.87 41.93 41.78
-9999 -9999 -9999 -9999 -9999 -9999 -9999 59.56 59.39 58.99 58.83 58.93 59.05 59.22 60.3 61.28 61.1 60.95 61.18 61.19 61.02 61.91 61.29 61.62 60.79 60.23 60.04 59.86 59.87 59.7 59.22 58.68 58.13 58.05 57.58 57.2 56.49 56.29 55.71 55.31 54.83 53.86 52.69 51.82 51.17 51.03 50.32 49.94 49.61 49.24 48.54 47.72 46.81 45.83 45.09 44.2 43.73 43.81 43.66 43.83 43.65 42.79 42.22 42.19 41.92 42.34 42.18 42.93 42.99 43.74 44.46 44.05 43.63 43.45 42.99 42.03 40.92
-9999 -9999 -9999 -9999 -9999 -9999 -9999 60.11 59.88 59.74 59.55 59.75 59.51 59.8 60.8 60.65 60.57 60.81 61.29 61.66 61.62 61.46 60.77 60.9 60.53 60.1 60.02 59.62 59.5 59.06 58.81 58.54 58.38 57.92 57.32 57.59 57.09 56.55 56.32 55.9 55.27 54.89 54.04 53.5 52.8 52.35 51.26 50.93 50.39 50.02 49.28 48.51 47.5 46.75 46.06 45.76 45.25 44.73 44.33 43.87 43.14 43.01 42.67 43.21 42.72 42.69 43.01 43.21 43.54 43.62 43.42 42.51 42.05 42.72 41.92 41.3 40.45
-9999 -9999 -9999 -9999 -9999 -9999 61.07936 60.94 60.64 60.43 60.22 60.05 60.1 60.32 60.52 60.72 61.12 61.24 61.53 61.88 61.33 60.85 60.61 60.66 60.22 60.06 59.73 59.54 59.45 58.9 58.78 58.6 58.23 57.85 57.21 57.45 57.71 57.11 56.78 56.15 56.05 55.31 54.85 54.6 54.54 53.58 52.85 52.03 51.73 51.15 50.35 49.1 49.03 48.53 47.35 46.64 45.77 45.78 45.43 45.09 44.64 44.13 43.81 43.86 43.47 43.24 43.18 43.48 43.41 43.47 43.28 43.05 42.44 42.34 41.93 41.36 40.86
-9999 -9999 -9999 -9999 -9999 -9999 61.92857 61.77 61.42 61.08 60.87 60.92 60.88 60.89 60.78 60.77 60.89 61.15 61.36 61.42 60.99 60.82 60.67 60.55 60.16 59.84 59.48 59.55 59.35 58.9 58.81 58.59 58.4 57.96 57.62 57.66 57.58 57.8 57.43 57.26 56.78 56.27 55.92 55.34 54.99 54.32 53.42 52.65 52.29 51.7 50.79 50.27 49.76 49.02 48.41 47.72 46.73 46.22 45.8 45.15 44.93 44.88 44.4 43.69 43.28 43.18 43.15 43.29 43.52 43.64 43.7 43.88 43.28 42.87 42.56 41.89 41.72
-9999 -9999 -9999 -9999 -9999 62.83929 62.48 62.19 62.07 61.78 61.53 61.31 61.1 61.11 61.32 61.16 61.16 61.23 61.22 60.74 60.72 60.67 60.51 60.14 60.13 59.98 59.79 59.58 59.48 59.02 58.78 58.62 58.66 58.48 58.03 58.02 57.69 57.71 57.58 57.82 57.42 57.1 56.34 55.68 54.68 54.13 53.47 53.11 52.14 51.5 51.19 50.85 49.94 49.18 48.09 47.73 46.97 46.43 45.74 45.66 44.8 44.94 44.58 44.29 44.15 43.55 43.37 43.72 43.57 43.5 43.7 43.84 43.71 42.99 42.87 42.59 42
-9999 -9999 -9999 -9999 -9999 63.65854 63.41 62.96 62.63 62.06 62.09 61.81 61.67 61.87 61.6 61.48 61.52 61.26 61.16 60.86 60.77 60.66 60.35 60.42 60.26 60.14 59.77 59.71 59.33 59.03 58.99 58.96 58.79 58.54 58.58 58.55 58.36 58.54 58.38 58.12 58.28 57.75 57.55 56.78 55.84 54.91 54.17 53.11 52.64 51.61 51.34 50.74 50.62 49.87 48.49 47.93 46.9 46.52 46.12 45.57 45.55 45.39 44.82 44.92 44.41 44.13 43.75 44.15 44.25 44.04 43.91 44 43.82 42.91 43.07 42.31 42
-9999 -9999 -9999 -9999 -9999 64.24242 64.02 63.2 62.77 62.81 62.63 62.49 62.07 62.24 62.11 61.84 61.6 61.32 61.12 61.09 61.01 60.64 60.46 60.51 60.19 60.04 59.95 59.65 59.29 59.39 59.08 58.71 58.83 58.54 58.48 58.77 59 58.94 59.01 58.61 58.07 58.14 58.25 57.15 56.5 55.72 55.41 54.69 52.75 52.04 51.28 51.57 51.04 50.88 50.15 48.94 48.5 47.82 46.38 46.86 45.84 45.45 45.33 45.19 44.68 44.51 44.5 44.67 44.63 44.47 44.03 44 43.63 43.5 43.91 42.95 42.08
-9999 -9999 -9999 65.5 65.45 65.06 64.61 63.74 63.76 63.82 63.43 62.92 62.64 62.3 62.25 62.06 61.74 61.38 61.38 61.26 61.18 60.85 60.8 60.64 60.41 60.22 60.01 59.73 59.42 59.32 59 58.62 58.49 58.59 58.61 59 59.14 59.49 59.54 59.41 58.68 58.66 58.35 57.52 57.12 55.63 55.48 55.07 53.76 52.74 53.37 53.28 53.11 52.2 52.25 51.52 50.86 49.92 48.83 48.39 47.69 47.54 46.8 46.71 45.48 44.65 44.63 44.89 44.96 44.71 44.52 44.33 44.16 44.18 44.05 42.79 42.76
-9999 -9999 66.60938 66.44186 66.17 65.77 65.55 65.23 64.78 64.41 63.95 63.51 63.15 62.68 62.55 62.5 62.17 61.95 61.59 61.43 61.31 61.05 60.91 60.57 60.9 60.94 60.4 60.08 59.3 59.12 59.21 59.05 58.78 58.74 59.21 59.23 59.47 59.54 59.91 59.64 59.34 59.27 58.71 58.37 57.67 56.57 56.3 55.96 55.59 55.22 54.99 55.33 54.48 54.49 53.5 53.13 52.35 51.33 50.19 49.59 48.56 47.85 47.99 47.15 46.41 46.05 45.61 45.29 45.51 45.17 44.65 44.76 44.54 44.64 44.04 43.94 43.65
-9999 -9999 66.9 66.92 66.58 66.51 66.39 65.89 65.31 65.02 64.84 64.31 63.26 63.28 63.08 62.63 62.38 62.2 61.78 61.45 61.4 61.1 60.8 60.67 60.67 60.84 60.58 59.85 59.4 59.12 59.01 58.84 58.95 58.76 59.18 59.36 59.38 59.63 59.89 59.58 59.62 59.62 59.08 58.88 58.73 58.36 58.18 57.95 57.93 56.65 56.57 56.72 56.2 55.69 53.96 53.88 53.39 52.34 51.88 51.1 50.57 49.81 49.77 48.53 47.37 46.9 46.7 46.29 45.85 45.69 45.17 45.32 45.56 45.07 44.97 44.26 43.56
-9999 -9999 67.74 67.7 67.58 66.84 66.95 66.14 65.9 65.7 65.14 64.53 63.82 63.4 63.51 63.43 62.93 62.47 62.3 61.81 61.63 61.33 60.71 60.62 60.28 60.29 60.15 59.75 59.28 59.03 58.8 59.02 58.94 59 59.27 59.49 59.69 59.7 59.92 60.1 59.5 59.69 59.76 59.82 59.42 59.03 59.12 58.86 58.73 58.03 58.08 57.41 57.08 56.54 55.48 54.32 54.1 53.64 53.39 52.61 51.17 50.96 51.37 50.24 48.74 48.06 47.67 47.51 47.23 46.95 46.95 47.02 46.08 45.99 45.93 45.11 44.35
-9999 68.78125 68.61 68.85 68.28 67.92 67.33 66.77 66.52 65.87369 65.65 65.1 64.38 63.71 63.56 63.46 62.86 62.43 62.2 61.84 61.85 61.39 61.15 60.91 60.54 60.23 59.84 59.44 59.04 59.13 58.89 58.51 58.89 59.02 59.27 59.55 59.78 60.02 59.94 60.51 60.36 60.59 60.23 60.1 60.6 59.91 59.65 59.45 59.38 58.97 58.69 58.28 57.88 57.25 56.47 55.64 54.66 54.91 54.21 53.08 52.28 51.78 51.4 51.26 49.75 49.15 49.12 49.2 48.88 48.29 48.07 47.86 47.48 46.15 46.18 46.33 45.1
-9999 70.06 70.31 69.98 69.21 68.7 68.24468 68 67.60919 66.35 66.04 65.55 64.83 64.44 63.96 63.61 63.18 62.64 62.14 62.02 61.49 61.33 61.01 60.58 60.57 60.26 59.82 59.35 59.06 58.94 58.83 58.53 58.81 59.07 59.17 59.58 59.96 60.49 60.62 60.56 60.5 60.87 61.58 60.47 60.47 60.37 60.64 60.38 59.97 60.05 59.47 58.78 58.64 57.98 57.98 56.89 56.2 55.58 55.18 54.81 54.44 52.83 52.35 52.39 51.19 50.88 50.32 50.1 50.02 49.38 48.3 47.72 47.55 46.84 46.41 46.25 45.13
-9999 71.69388 71.46 71.01 69.99 69.29897 69.30379 68.37 67.7 66.71 66.4 65.61 65.26 64.85 64.37 63.97 63.47 62.97 62.4 62.04 61.63 61.43 61.14 60.69 60.68 60.38 59.82 59.48 59.19 59.1 58.53 58.76 59.59 59.76 59.75 60.32 60.37 60.84 60.89 61.1 61.29 61.43 61.56 61.42 61.42 61.27 61.21 60.97 60.95 60.44 60.18 60.09 59.5 58.21 58.35 57.53 57.81 57.48 57.02 55.48 55.74 54.9 54.07 53.27 52.59 51.89 51.18 50.64 50.68 50.24 49.3 49.13 48.86 48.22 46.89 46.34 45.42
-9999 73.37 73.07 71.92 70.9 69.83334 69.02469 68.77 67.96 67.11 66.74 66.12 65.58 65.19 64.42 64.36 63.55 63.01 62.3 61.82 61.65 61.45 61.19 60.8 60.64 60.39 59.96 59.85 59.46 58.95 58.79 59.36 59.72 59.61 60.14 60.75 61.2 61.29 61.56 61.62 61.8 61.84 61.9 61.66 61.79 61.91 61.64 61.79 61.48 61.25 60.99 60.71 60.65 59.97 59.78 59.26 58.51 58.18 57.26 56.68 56.82 56.24 54.97 54.41 53.82 53.25 52.55 51.67 51.38 50.8 49.98 49.13 49.23 48.95 47.65 46.9 46.27
71.8642 73.9 74.2 72.4 70.75532 -9999 -9999 68.95 68.11 67.43 67.11 66.25 65.73 65.29 64.64 64.35 63.61 62.89 62.37 62.22 62.24 61.91 61.65 61.06 60.84 60.51 60.32 60.21 60.26 59.83 59.65 59.89 59.86 60.2 60.5 61.3 61.33 61.47 61.98 62.01 62.36 62.39 62.43 62.26 62.24 62.49 62.46 62.48 62.37 61.75 61.62 61.49 61.2 61.27 60.74 60.37 59.86 59.44 58.59 58.5 57.15 57.06 56.53 55.7 54.58 54.02 52.95 52.79 52.51 52.32 51.28 50.55 49.91 49.46 48.58 47.82 47
72.26 73.53521 73.5 71.75325 70.48889 69.79166 69.60674 68.67 68.67 67.82 67.26 66.5 65.82 65.61 64.95 64.21 63.65 63 62.53 62.05 62.19 61.79 61.47 61.38 61 61.06 60.85 60.55 60.49 60.44 60.53 60.52 60.52 60.68 61.13 61.46 61.61 61.56 62.5 62.75 62.9 62.79 62.78 63.15 62.95 62.94 63.01 62.84 62.73 62.38 62.37 62.47 62.38 62.44 61.88 61.8 61.44 60.71 60.17 59.46 58.75 57.42 57.15 56.94 56.22 54.97 53.79 53.64 53.95 52.83 52.14 51.64 51.12 50.09 49.23 48.39 47.76
-9999 -9999 -9999 70.87838 70.45454 70.10714 69.53 69.33 68.65 68.23 67.69 67.17 66.45 65.79 65.15 64.37 63.77 63.22 62.5 62.54 62.41 61.99 61.4 61.5 61.47 61.36 61.24 60.78 61.35 61.17 61.15 61.04 61.4 61.62 61.97 62 62.07 62.38 62.61 63.09 63.35 63.43 63.37 63.59 63.57 63.48 63.46 63.29 63.05 63.43 63.6 63.74 63.69 63.45 62.64 62.69 62.34 61.42 61.1 60.25 59.65 58.83 57.97 57.58 57 56.35 56.09 55.71 54.38 54.29 53.24 52.86 51.99 51.22 50 48.92 48.05
-9999 -9999 -9999 -9999 70.34 70.13 69.60606 69.57647 69.07692 68.35165 67.76 67.61 67.01 65.97 65.41 64.83 64.43 63.65 63.01 62.51 62.26 62.25 62.28 62.07 61.81 61.81 61.79 61.7 61.84 61.65 62.06 61.96 62.23 62.31 62.5 62.6 62.89 62.89 63.03 63.4 63.93 63.93 64.13 64.27 64.19 64.02 63.7 63.95 64.22 64.95 64.44 64.02 63.96 63.98 63.77 63.6 63.34 62.61 62.05 60.07 59.24 59.27 59.17 58.66 58.91 58.08 57.18 56.54 56.09 54.93 54.27 53.27 52.43 51.67 50.5 49.63 49.1
-9999 -9999 -9999 -9999 70.19753 69.74286 -9999 69.58823 -9999 68.79487 68.68 68.35 67.46 66.72 65.88 65.45 65.29 64.44 64.05 63.48 63.53 63.13 62.88 62.86 62.8 62.75 62.96 62.48 62.15 62.29 62.55 62.71 62.75 63.07 63 63.34 63.23 63.78 63.77 63.82 64.54 64.48 64.77 64.62 64.85 64.77 64.71 64.93 65.01 64.92 65.04 64.87 64.78 64.76 64.53 64.25 63.88 63.45 62.99 62.61 61.61 59.41 59.22 58.82 58.62 59.2 59.19 57.5 55.95 54.75 53.88 54.19 53.15 52.52 51.87 51 49.78
-9999 -9999 -9999 -9999 -9999 -9999 -9999 -9999 69.73214 69.13265 68.81052 68.22 68.02 66.94 66.71 66.03 65.16 65.03 64.27 64.02 63.65 63.75 63.72 63.74 63.67 63.47 63.69 63.29 63.27 63.01 63.48 63.4 63.74 63.73 64 63.83 64.14 64.15 64.45 64.92 65.02 65.23 65.32 65.33 65.49 65.52 65.69 65.54 65.59 65.88 65.6 65.35 65.35 65.51 65.31 64.99 64.52 64.27 63.56 63.14 62.95 62.14 61.92 60.78 60.23 59.75 60.53 58.88 58.3 57.19 55.7 55.53 54.64 54.3 53.53 52.54 51.14
-9999 -9999 -9999 -9999 -9999 -9999 -9999 -9999 -9999 69.4 68.98 68.36 68.36 67.84 67.4 66.8 66.42 66.05 65.39 65.03 64.36 64.25 64.22 64.7 64.37 64.31 64.32 64.23 64.16 64.22 64.11 64.27 64.39 64.48 64.61 64.6 64.82 64.79 65.22 65.33 65.61 65.78 65.85 65.93 66.12 66.22 66.36 66.44 66.29 66.65 66.65 66.39 65.89 65.38 65.95 65.72 65.21 65.13 64.29 63.74 63.08 62.37 62.06 62.73 61.65 61.71 61.87 61.22 60.46 59.91 58.85 57.85 57.01 56.37 54.73 53.45 52.2
-9999 -9999 -9999 -9999 -9999 -9999 -9999 -9999 -9999 69.52 68.86 69.27 68.78 68.27 68.24 67.63 66.91 66.75 66.49 65.5 65.56 65.18 65.22 65.19 65.1 65.19 65.06 64.79 65.13 65.39 65.04 65.13 65 65.01 65.24 65.52 65.69 65.66 65.75 65.94 66.31 66.49 66.28 66.67 66.94 67.19 67.51 67.38 67.16 66.98 66.73 67.12 67.22 67.01 66.51 66.71 66.65 66.18 65.29 65.23 64.39 64.24 63.17 64.12 63.29 63.46 63.24 62.05 62.23 61.45 60.66 59.27 58.24 56.85 55.75 54.07 53.25
-9999 -9999 -9999 -9999 -9999 -9999 -9999 -9999 70.26923 69.88 69.31 69.4 69.24 69.1 68.51 68.54 67.53 67.38 66.76 67.08 66.97 66.55 66.37 65.81 65.65 65.69 65.81 66 65.89 66.02 65.97 65.86 65.68 65.79 66.09 66.28 66.27 66.36 66.65 66.27 67.11 67.17 67.23 67.15 67.4 67.57 68.13 68.53 68.44 68.33 68.2 67.66 67.39 67.78 68.02 67.86 67.77 67.86 67.15 66.85 67.16 66.58 65.94 65.55 65.04 64.42 64.5 63.65 63.23 62.61 61.31 60.64 59.27 57.77 56.62 55.52 54.01
