layers/wordclim/future/Iberia_wcB2a_10_hadcm3_2020/bio_09.asc
ncols         166
nrows         93
xllcorner     -9.4959440078468
yllcorner     36.000324005443
cellsize      0.083333337679505
NODATA_value  -9999
[rows 33 to 65 of 93, columns 73 to 145 of 166]
214.16 222.83 222.9 223.77 225.86 228.82 226.15 223.34 218.33 214.24 212.44 211.17 209.6 208.11 204.39 200.68 199.18 199.91 202.76 204.23 203.78 202.85 205.57 86.87 46.02 47.93 40.9 111.13 124.82 56.14 48.8 54.8 73.24 132.33 221.92 222.74 230.61 236.97 243.47 242.94 236.41 237.53 242.14 240.22 244.3 241.84 257.54 254.68 251.53 252.94 249.8 251.78 -9999 -9999 -9999 -9999 -9999 -9999 -9999 -9999 -9999 -9999 -9999 -9999 -9999 -9999 -9999 -9999 -9999 -9999 -9999 -9999 -9999
230.7 227.67 229.68 232.94 230.82 226.41 220.94 218.84 220.03 218.39 215.79 211.72 209.34 213.84 208.36 206.4 201.18 206.14 203.74 201.4 201.44 200.92 203.06 114.43 46.9 47.36 41.43 39.24 53.91 46.12 44.18 49.01 55.01 66.09 163.77 215.65 225.38 231.58 238.43 230.43 227.67 232.92 237.15 235.68 230.13 234.72 260.1 259.49 245.07 257.202 -9999 -9999 -9999 -9999 -9999 -9999 -9999 -9999 -9999 -9999 -9999 -9999 -9999 -9999 -9999 -9999 -9999 -9999 -9999 -9999 -9999 -9999 -9999
230.36 230.78 234.52 237.81 232.95 224.67 222.56 222.6 225.65 224.42 216.24 214.2 216.11 213.28 210.21 209.4 207.01 204.95 203.44 203.51 198.83 197.25 199.85 97.25 47.27 51.94 122.3 124.53 66.76 95.69 115.46 100.18 121.49 120.56 197.36 208.51 217.5 231.37 229.6 231.15 224.29 228.71 223.79 219.32 211.03 238.47 263.36 263.04 260.32 263.9014 -9999 -9999 -9999 -9999 -9999 -9999 -9999 -9999 -9999 -9999 -9999 -9999 -9999 -9999 -9999 -9999 -9999 -9999 -9999 -9999 -9999 -9999 -9999
236.16 234.63 239.35 236.96 226.42 226.37 225.82 221.71 228.96 232.46 230.35 225.65 217.02 205.65 201.92 199.21 202.43 200.82 197.13 197.54 194.23 196.09 194.9 176.05 52.23 79.95 176.56 78.39 83.67 104.22 179.99 146.36 137.63 161.56 186.39 211.02 220.83 223.28 224.45 220.14 214.13 214.52 208.27 219.68 227.87 250.87 260.89 263.92 265.5464 264.6344 263.5233 262.6956 -9999 -9999 -9999 -9999 -9999 -9999 -9999 -9999 -9999 -9999 -9999 -9999 -9999 -9999 -9999 -9999 -9999 -9999 -9999 -9999 -9999
241.41 239.37 243.03 234.16 231.27 231.82 225.7 223.3 232.29 228.14 222.86 216.27 213.91 209.43 204.07 199.56 198.15 197.76 195.96 192.45 186.76 192.57 191.96 197.38 123.13 43.95 127.88 67.05 32.24 45.07 142.63 177.44 183.31 189.56 189.58 196.9 210.57 217 222.2 218.77 213.67 217.24 223.51 236.38 249.65 255.91 257.65 254.1596 -9999 -9999 -9999 -9999 -9999 -9999 -9999 -9999 -9999 -9999 -9999 -9999 -9999 -9999 -9999 -9999 -9999 -9999 -9999 -9999 -9999 -9999 -9999 -9999 -9999
246.02 246.17 237.86 233.45 237.33 231.62 227.34 229.86 236.32 228.52 226.86 225.09 226.32 222.01 214.74 206.9 200.97 189.86 190.45 186.69 182.35 187.27 190.93 194.8 148.82 39.22 36.02 45.57 36.89 81.88 187.7 195.12 192.55 189.13 188.63 185.65 201.93 208.71 215.83 215.77 213.67 223.31 232.6 246.88 253.69 259.37 261.27 -9999 -9999 -9999 -9999 -9999 -9999 -9999 -9999 -9999 -9999 -9999 -9999 -9999 -9999 -9999 -9999 -9999 -9999 -9999 -9999 -9999 -9999 -9999 -9999 -9999 -9999
248.41 240.78 235.47 237.1 236.3 231.59 232.93 237.85 239.07 236.4 238.65 235.89 233.75 222.56 216.67 207.71 200.21 194.01 188.01 187.25 183.07 185.24 191.81 198.48 190.61 48.81 37.55 34.04 38.44 137.2 191.2 190.06 185.62 176.89 179.55 185.64 190.84 203.78 208.55 212.45 217.36 233.26 242.94 248.37 254.17 261.79 264.18 -9999 -9999 -9999 -9999 -9999 -9999 -9999 -9999 -9999 -9999 -9999 -9999 -9999 -9999 -9999 -9999 -9999 -9999 -9999 -9999 -9999 -9999 -9999 -9999 -9999 -9999
245.69 240.13 239.02 241.82 237.92 238.98 244.26 240.77 241.96 233.21 230.5 236.23 229.73 227.61 222.04 217.14 203.41 198.39 191.64 187.16 185.49 190.55 197.8 199.11 199.56 106.05 41.79 44.69 46.85 160.03 188.57 188.69 186.83 175.41 177.3 186.23 196.13 208.92 222.3 224.53 232.08 239.3 248.59 246.76 254.25 260.0241 -9999 -9999 -9999 -9999 -9999 -9999 -9999 -9999 -9999 -9999 -9999 -9999 -9999 -9999 -9999 -9999 -9999 -9999 -9999 -9999 -9999 -9999 -9999 -9999 -9999 -9999 -9999
245.22 243.77 244.94 241.65 242.06 247.09 242.56 236.81 241.38 238.37 233.13 231.9 227.42 224.91 219.78 215.8 204.63 196.74 194.26 196.35 185.74 189.25 192.03 194.53 200.63 203.89 96.99 48.33 77 178.52 77.46 145.8 199.05 188.67 194.54 195.1 202.13 210.85 227.26 234.2 235.22 238.46 253.76 256.44 253.7073 -9999 -9999 -9999 -9999 -9999 -9999 -9999 -9999 -9999 -9999 -9999 -9999 -9999 -9999 -9999 -9999 -9999 -9999 -9999 -9999 -9999 -9999 -9999 -9999 -9999 -9999 -9999 -9999
250.47 248.3 246.08 247.13 250.23 248.19 237.55 235.94 239.21 231.97 233.48 232.68 231.12 224.71 215.94 221.55 207.23 204.71 201.92 194.81 194.04 193.27 199.08 192.06 206.69 206.81 103.64 91.4 164.06 183.51 106.82 188.05 218.01 213.43 208.84 215.41 213.94 217.94 237.82 247.11 245.94 249.08 253.72 262.8026 -9999 -9999 -9999 -9999 -9999 -9999 -9999 -9999 -9999 -9999 -9999 -9999 -9999 -9999 -9999 -9999 -9999 -9999 -9999 -9999 -9999 -9999 -9999 -9999 -9999 -9999 -9999 -9999 -9999
247.96 248.59 252.05 254.48 251.2 245.66 237.81 235.61 236.67 232.81 230.35 228.98 223.2 222.45 222.87 221.56 210.6 205.08 201.97 203.59 202.67 205.41 203.86 201.14 210.14 225.96 210.87 201.19 188.41 191.64 209.26 222.9 225.2 227.67 228.95 225.54 228.93 233.46 241.88 250.18 248.96 249.89 258.625 -9999 -9999 -9999 -9999 -9999 -9999 -9999 -9999 -9999 -9999 -9999 -9999 -9999 -9999 -9999 -9999 -9999 -9999 -9999 -9999 -9999 -9999 -9999 -9999 -9999 -9999 -9999 -9999 -9999 -9999
256.56 256.83 254.25 249.56 246.88 244.05 239.98 237.7 236.73 234.31 229.88 228.43 221.79 224.45 228.66 224.53 217.55 210.53 213.94 213 208.33 212.36 209.72 203.76 211.72 226.77 217.01 202.32 189.77 195.23 209.49 215.98 222.64 222.38 232.42 235.72 241.5 246.87 253.16 253.3 253.47 256.6866 -9999 -9999 -9999 -9999 -9999 -9999 -9999 -9999 -9999 -9999 -9999 -9999 -9999 -9999 -9999 -9999 -9999 -9999 -9999 -9999 -9999 -9999 -9999 -9999 -9999 -9999 -9999 -9999 -9999 -9999 -9999
250.37 250.15 247.64 246.05 245.53 244.26 241.51 238.6 240.32 238.79 234.36 232.51 228.29 228.95 226.33 224.06 221.35 217.91 221.56 220.52 219.16 214.7 212.65 213.76 218.26 223.47 228.46 221.83 210.65 203.75 196.42 208.62 223.52 230.14 234.34 232.11 238.37 249.18 256.52 258.6 261.0619 -9999 -9999 -9999 -9999 -9999 -9999 -9999 -9999 -9999 -9999 -9999 -9999 -9999 -9999 -9999 -9999 -9999 -9999 -9999 -9999 -9999 -9999 -9999 -9999 -9999 -9999 -9999 -9999 -9999 -9999 -9999 -9999
252.32 250.9 249.51 248.82 248.18 246.21 243.53 242.3 241.29 239.67 238.81 234.76 234.07 232.82 226.27 222.78 220.34 219.62 223.29 220.34 224.07 217.34 212.22 217.5 222.8 220.7 225.19 232.38 227.65 222.13 214.53 211.48 224.81 234.55 243.55 244.92 238.38 242.7 254.49 260.7677 -9999 -9999 -9999 -9999 -9999 -9999 -9999 -9999 -9999 -9999 -9999 -9999 -9999 -9999 -9999 -9999 -9999 -9999 -9999 -9999 -9999 -9999 -9999 -9999 -9999 -9999 -9999 -9999 -9999 -9999 -9999 -9999 -9999
255 252.99 251.82 251.57 250.15 248.57 244.15 242.24 241.15 242.86 241.33 235.83 234.77 236.37 231.7 228.7 223.81 222.72 225.23 224.39 225 225.99 225.34 227.18 222.85 222.51 230.77 238.71 236.68 232.63 229.42 233.65 232.78 235.02 237.95 246.62 251.47 251.91 259.64 -9999 -9999 -9999 -9999 -9999 -9999 -9999 -9999 -9999 -9999 -9999 -9999 -9999 -9999 -9999 -9999 -9999 -9999 -9999 -9999 -9999 -9999 -9999 -9999 -9999 -9999 -9999 -9999 -9999 -9999 -9999 -9999 -9999 -9999
255.22 255.1 253.8 252.95 251.67 250.27 247.02 245.62 242.81 244.49 242.19 236.59 236.08 239.96 236.64 230.08 227.16 226.28 226.03 227.08 229.25 233.11 234.02 230.13 221.09 229.39 231.64 235.02 240.62 247.25 246.93 248.5 251.52 252.2 248.57 242.6 251.15 257.86 261.8289 -9999 -9999 -9999 -9999 -9999 -9999 -9999 -9999 -9999 -9999 -9999 -9999 -9999 -9999 -9999 -9999 -9999 -9999 -9999 -9999 -9999 -9999 -9999 -9999 -9999 -9999 -9999 -9999 -9999 -9999 -9999 -9999 -9999 -9999
255.53 257 256.19 255.01 253.71 249.97 246.46 248.34 247.37 244.14 245.05 239.56 237.51 238.2 237.91 236.47 233.06 231.46 230.18 228.83 227.86 232.68 237.37 231.68 230.85 235.15 232.22 225.78 229.03 239.89 250.56 254.18 257.42 258.47 258.04 257.4 257.09 260.9468 -9999 -9999 -9999 -9999 -9999 -9999 -9999 -9999 -9999 -9999 -9999 -9999 -9999 -9999 -9999 -9999 -9999 -9999 -9999 -9999 -9999 -9999 -9999 -9999 -9999 -9999 -9999 -9999 -9999 -9999 -9999 -9999 -9999 -9999 -9999
258.14 258.34 257.62 256.36 255.52 253.74 250.95 251.87 250.01 246.72 244.99 243.45 242.34 240.32 236.77 236.92 238.31 236.57 235.66 234.25 233.98 234.67 241.56 237.7 237.01 237.28 239.16 236.38 235.75 234.24 234.6 247.89 256.97 259.14 260.13 259.31 261.35 -9999 -9999 -9999 -9999 -9999 -9999 -9999 -9999 -9999 -9999 -9999 -9999 -9999 -9999 -9999 -9999 -9999 -9999 -9999 -9999 -9999 -9999 -9999 -9999 -9999 -9999 -9999 -9999 -9999 -9999 -9999 -9999 -9999 -9999 -9999 -9999
259.19 259.5 257.93 255.75 256.41 256.38 254.89 254.07 253.21 251.62 250.71 247.54 245.54 241.15 238.46 240.85 240.37 239.52 238.67 238.97 238.24 240.88 247.69 243.11 242.17 244.31 245.3 243.29 238.28 236.79 237.14 246.32 255.63 259 261.28 262.09 262.59 -9999 -9999 -9999 -9999 -9999 -9999 -9999 -9999 -9999 -9999 -9999 -9999 -9999 -9999 -9999 -9999 -9999 -9999 -9999 -9999 -9999 -9999 -9999 -9999 -9999 -9999 -9999 -9999 -9999 -9999 -9999 -9999 -9999 -9999 -9999 -9999
260.86 261.37 259.96 258.35 259.02 258.35 257.04 256.57 255.49 254.03 252.46 251.81 249.26 244.98 243.89 243.97 242.4 241.86 241.1 241.33 241.59 241.41 245.68 251.92 252.23 250.1 249.48 244.51 243.02 242.3 245.72 253.66 257.15 258.83 259.7 263.24 264.52 -9999 -9999 -9999 -9999 -9999 -9999 -9999 -9999 -9999 -9999 -9999 -9999 -9999 -9999 -9999 -9999 -9999 -9999 -9999 -9999 -9999 -9999 -9999 -9999 -9999 -9999 -9999 -9999 -9999 -9999 -9999 -9999 -9999 -9999 -9999 -9999
261.43 261.7 261.4 260.68 259.96 259.16 257.9 256.78 255.6 254.27 252.98 249.77 248.45 246.87 246.12 245.1 245.14 244.42 244.15 244.2 243.41 243.62 243.64 244.84 246.69 249.41 249.96 249.5 246.66 244.75 249.51 248.75 249.32 259.16 261.13 264.26 265.7 265.8889 -9999 -9999 -9999 -9999 -9999 -9999 -9999 -9999 -9999 -9999 -9999 -9999 -9999 -9999 -9999 -9999 -9999 -9999 -9999 -9999 -9999 -9999 -9999 -9999 -9999 -9999 -9999 -9999 -9999 -9999 -9999 -9999 -9999 -9999 -9999
262.64 261.81 261.06 260.98 260.44 260.01 258.46 256.77 254.85 253.14 250.81 248.08 248.78 248.24 248.24 247.33 247.08 246.79 246.82 246.61 246.07 245.7 248.17 248.1 246.12 243.92 242.45 246.5 252.39 240.46 239.6 248.89 254.34 257.55 265.23 266.28 266.71 266.697 -9999 -9999 -9999 -9999 -9999 -9999 -9999 -9999 -9999 -9999 -9999 -9999 -9999 -9999 -9999 -9999 -9999 -9999 -9999 -9999 -9999 -9999 -9999 -9999 -9999 -9999 -9999 -9999 -9999 -9999 -9999 -9999 -9999 -9999 -9999
263.01 262.73 262 261.3 260.6 258.7 256.58 254.48 252.31 250.92 247.95 245.26 246.6 248.01 248.84 249.05 248.64 248.39 247.96 248.6 248.09 248.05 246.32 245.3 241.12 235.57 237.51 241.59 248.9 236.31 241.35 254.25 258.76 262.11 267.44 267.38 262.74 263.88 -9999 -9999 -9999 -9999 -9999 -9999 -9999 -9999 -9999 -9999 -9999 -9999 -9999 -9999 -9999 -9999 -9999 -9999 -9999 -9999 -9999 -9999 -9999 -9999 -9999 -9999 -9999 -9999 -9999 -9999 -9999 -9999 -9999 -9999 -9999
263.38 262.07 260.9 259.85 258.08 255.27 251.05 249.22 247.78 245.33 244.3 241.49 242.21 245.23 248.68 250 249.92 249.59 249.38 248.81 247.07 242.8 240.18 235.77 231.86 228.91 234.94 240.15 246.08 236.53 241.16 249.36 257.56 262.95 266.28 266.89 258.8 258.22 267.1358 -9999 -9999 -9999 -9999 -9999 -9999 -9999 -9999 -9999 -9999 -9999 -9999 -9999 -9999 -9999 -9999 -9999 -9999 -9999 -9999 -9999 -9999 -9999 -9999 -9999 -9999 -9999 -9999 -9999 -9999 -9999 -9999 -9999 -9999
263.5 261.65 258.63 256.39 253.57 251.92 252.04 249.21 246.65 242.18 239.19 237.4 239.26 243.81 248.1 249.87 250.14 250.55 249.61 247.74 241.96 237.38 236.42 232.75 233.79 237.97 239.53 240.94 239.23 232.72 239.51 247.59 254.35 260.06 261.91 262.56 256.75 254.47 266.83 269.6607 -9999 -9999 -9999 -9999 -9999 -9999 -9999 -9999 -9999 -9999 -9999 -9999 -9999 -9999 -9999 -9999 -9999 -9999 -9999 -9999 -9999 -9999 -9999 -9999 -9999 -9999 -9999 -9999 -9999 -9999 -9999 -9999 -9999
263.66 261.83 259.48 257.12 255.49 251.71 250.03 250.19 247.48 244.32 241.74 238.89 238.89 242.7 245.96 248.79 249.61 250.58 248.61 246.23 243.84 241.11 238.86 237.54 239.61 240.81 241.78 244.38 243.73 239.86 242.99 250.57 250.18 253.03 260.3 260.41 255.64 253.12 256.79 266.72 269.5522 -9999 -9999 -9999 -9999 -9999 -9999 -9999 -9999 -9999 -9999 -9999 -9999 -9999 -9999 -9999 -9999 -9999 -9999 -9999 -9999 -9999 -9999 -9999 -9999 -9999 -9999 -9999 -9999 -9999 -9999 -9999 -9999
263.39 260.43 259.36 258.8 256.6 252.61 250.06 249.04 247.41 243.35 242.87 241.41 241.67 241.74 243.14 243.78 243.84 246.47 245.06 244.76 243.79 241.29 239.86 239.87 241.54 243.83 241.06 239.05 240.53 244.94 250.25 245.34 245.69 249.24 244.41 245.38 252.59 242.45 243.3 250.53 262.79 265.8 266.5258 -9999 -9999 -9999 -9999 -9999 -9999 -9999 -9999 -9999 -9999 -9999 -9999 -9999 -9999 -9999 -9999 -9999 -9999 -9999 -9999 -9999 -9999 -9999 -9999 -9999 -9999 -9999 -9999 -9999 -9999
263.47 261.61 259.93 258.79 257.1 254.4 251.51 247.96 247.35 247.75 246.79 240.62 235.75 233.11 232.57 232.64 237.13 242.31 245.38 243.38 244.55 244.33 245.22 245.6 241.92 245.36 246.69 245.28 245.19 252.08 248.07 244.49 241.66 235.93 235.11 242.67 244.45 232.32 239.38 242.41 251.72 261.57 264.8554 -9999 -9999 -9999 -9999 -9999 -9999 -9999 -9999 -9999 -9999 -9999 -9999 -9999 -9999 -9999 -9999 -9999 -9999 -9999 -9999 -9999 -9999 -9999 -9999 -9999 -9999 -9999 -9999 -9999 -9999
264.39 261.4 257.79 257.83 256.73 255.45 251.12 252.32 251.49 255.66 246.08 233.66 227.92 233.8 232.19 235.36 239.95 244.82 247.52 249.82 250.95 251.11 251.06 250.01 246.86 244.72 247.1 250.46 250.33 252.98 253.8 246.9 238.18 240.19 231.17 232.27 233.43 235.83 237.41 260.39 261.1842 -9999 -9999 -9999 -9999 -9999 -9999 -9999 -9999 -9999 -9999 -9999 -9999 -9999 -9999 -9999 -9999 -9999 -9999 -9999 -9999 -9999 -9999 -9999 -9999 -9999 -9999 -9999 -9999 -9999 -9999 -9999 -9999
261.72 261.01 259.37 259.29 260.02 254.88 256.51 259.69 258.08 250.73 233.16 228.54 227.71 234.73 241.77 244.59 248.41 253.5 254.52 254.27 257.04 259.45 257.7 253.82 253.11 249.68 248.71 253.07 250.31 246.66 253.95 250.65 236.59 244.18 244.04 251.09 244.65 260.15 263.8445 266.8413 -9999 -9999 -9999 -9999 -9999 -9999 -9999 -9999 -9999 -9999 -9999 -9999 -9999 -9999 -9999 -9999 -9999 -9999 -9999 -9999 -9999 -9999 -9999 -9999 -9999 -9999 -9999 -9999 -9999 -9999 -9999 -9999 -9999
264.33 264.53 264.5 261.98 259.63 260.07 263.12 261.99 255.5 249.62 245.03 235.92 233.65 243.25 247.86 251.37 256.22 254.88 258.51 262.5 263.79 262.53 258.7 254.71 256.2 256.58 252.84 245.2 248.69 251.63 254.72 257.83 249.79 255.11 260.98 265.71 265.2703 -9999 -9999 -9999 -9999 -9999 -9999 -9999 -9999 -9999 -9999 -9999 -9999 -9999 -9999 -9999 -9999 -9999 -9999 -9999 -9999 -9999 -9999 -9999 -9999 -9999 -9999 -9999 -9999 -9999 -9999 -9999 -9999 -9999 -9999 -9999 -9999
269.54 271.19 269.55 266.31 265.31 265.91 268.83 264.88 258.61 254.74 241.66 234.78 242.56 255.56 258.93 256.65 256.14 260.48 264.67 262.68 264.55 265.44 264.48 264.82 260.94 257.93 258.82 253.7 253.35 249.29 256.38 263.82 264.85 265.69 269.7 270.4102 -9999 -9999 -9999 -9999 -9999 -9999 -9999 -9999 -9999 -9999 -9999 -9999 -9999 -9999 -9999 -9999 -9999 -9999 -9999 -9999 -9999 -9999 -9999 -9999 -9999 -9999 -9999 -9999 -9999 -9999 -9999 -9999 -9999 -9999 -9999 -9999 -9999
278.7 276.15 270.53 268.36 269.58 273.31 262.41 252.02 257.37 239.34 231.02 241.69 242.53 248.58 245.93 241.99 241.49 249.34 256.06 266.05 268.92 267.31 269.42 271.4 266.05 261.88 252.98 254.19 257.41 255.84 257.97 265.13 269.3 270.05 272.0526 -9999 -9999 -9999 -9999 -9999 -9999 -9999 -9999 -9999 -9999 -9999 -9999 -9999 -9999 -9999 -9999 -9999 -9999 -9999 -9999 -9999 -9999 -9999 -9999 -9999 -9999 -9999 -9999 -9999 -9999 -9999 -9999 -9999 -9999 -9999 -9999 -9999 -9999
