layers/wordclim/future/Iberia_wcB2a_10_hadcm3_2020/bio_04.asc
ncols         166
nrows         93
xllcorner     -9.4959440078468
yllcorner     36.000324005443
cellsize      0.083333337679505
NODATA_value  -9999
[rows 31 to 61 of 93, columns 0 to 69 of 166]
-9999 -9999 -9999 -9999 -9999 -9999 -9999 -9999 -9999 -9999 3834.376 3969.28 4140.81 4339.64 4508.66 4654.7 4828.49 5000.85 5122.07 5239.91 5357.92 5506.76 5574.75 5666.73 5758.58 5817.62 5876.58 5939.34 5965.87 6048.89 6104.87 6142.01 6186.61 6243.5 6283.36 6331.03 6373 6424.73 6442.93 6487.84 6519.49 6550.34 6561.62 6600 6599.51 6591.54 6574.11 6542.99 6526.97 6521.68 6542.51 6570.97 6581.37 6620.46 6634.87 6662.25 6678.9 6712.94 6726.13 6759.06 6797.26 6820.61 6845.78 6884.19 6903.6 6909.1 6899.92 6890.19 6891.48 6844.82
-9999 -9999 -9999 -9999 -9999 -9999 -9999 -9999 -9999 -9999 3789.69 3966 4106.07 4288.57 4457.17 4685.16 4889.69 5015.16 5133.79 5269.32 5395.55 5509.98 5597.29 5663.21 5742.33 5810.88 5911.79 5957.28 5997.89 6058.47 6091.61 6169.39 6200.47 6267.13 6312.45 6348.99 6406.85 6437.68 6469.15 6506.73 6537.69 6561.7 6600.46 6612.75 6633.87 6630.26 6582.75 6537 6501.59 6500.53 6544.03 6557.53 6591.26 6624.51 6648.05 6664.68 6704.58 6729.32 6736.91 6784.05 6809.46 6837.72 6884.54 6918.42 6942.91 6929.01 6884.47 6725.09 6737.81 6755.33
-9999 -9999 -9999 -9999 -9999 -9999 -9999 -9999 -9999 -9999 3712.86 3929.76 4151.79 4338.57 4505.72 4694.37 4873.93 5017.61 5136.46 5256.46 5359.86 5460.18 5579.3 5679.88 5735.4 5785.39 5892.94 5972.9 6021.2 6092.53 6137.43 6177.49 6240.64 6282.16 6323.54 6369.04 6408.26 6442.43 6495.23 6530.1 6553.61 6584.91 6616.89 6638.52 6640.54 6641.42 6609.86 6523.8 6477.21 6508.1 6547.38 6584.53 6604.17 6626.41 6644.14 6680.78 6709.57 6749.1 6757.42 6777.18 6799.96 6850.9 6913.09 6965.64 6980.62 6925.79 6674.73 6609.61 6810.53 6951.88
-9999 -9999 -9999 -9999 -9999 -9999 -9999 -9999 -9999 -9999 3619.898 3858.45 4118.03 4377.64 4628.53 4786.72 4898.59 4990.78 5152.37 5278.06 5383.52 5467.03 5566.97 5663.27 5732.66 5805.27 5896.44 5985.82 6041.13 6100.81 6151.95 6198.47 6264.94 6298.82 6333.71 6392.28 6427.08 6470.82 6515.29 6548.35 6575.24 6608.11 6633.07 6640.45 6643.31 6641.73 6608.17 6553.78 6527.54 6552.47 6565.46 6605.77 6608.99 6636.88 6676.22 6695.15 6719.4 6738.83 6750.03 6758.19 6790.47 6841.16 6905.66 6943.44 6927.25 6834.04 6577.92 6849.76 6775.13 6870.03
-9999 -9999 -9999 -9999 -9999 -9999 -9999 -9999 -9999 -9999 3555.393 3779.37 4061.2 4427.33 4547.33 4736.67 4866.95 4957.17 5138.47 5267.45 5395.5 5492.52 5584.74 5667.33 5744.16 5809.58 5916 5994.85 6046.14 6109.7 6166.27 6216.16 6278.5 6335.07 6353.59 6405.1 6449.06 6483.85 6548.45 6559.03 6607.99 6611.43 6636.51 6647.51 6644.56 6629.43 6614.89 6599.78 6583.03 6595.58 6608.45 6627.34 6646.39 6655.76 6673.03 6703.18 6703.15 6731.13 6729.9 6726.18 6757.55 6812.96 6851.14 6822.04 6619.63 6612.86 6592.74 6713.85 6959.71 7102.49
-9999 -9999 -9999 -9999 -9999 -9999 -9999 -9999 -9999 3303.108 3502.717 3751.89 4003.51 4255.64 4555.66 4707.24 4855.55 4976.12 5157.69 5284.18 5384.76 5505.51 5596.86 5687.06 5762.08 5849.82 5934.8 6001.51 6050.64 6112.91 6172.18 6223.38 6293.04 6338.44 6385.6 6417.36 6465.58 6508.33 6544.52 6588.89 6603.29 6630.04 6643.62 6639.75 6642.08 6662.77 6662.04 6655.28 6644.37 6626.47 6639.52 6660.64 6651.85 6665.63 6661.04 6663.23 6669.72 6707.74 6682.39 6697.72 6688.85 6723.95 6725.65 6745.79 6819.01 6969.48 7004 7075.8 7125.06 7119.26
-9999 -9999 -9999 -9999 -9999 -9999 -9999 -9999 -9999 3306.662 3525.144 3746.28 3975.67 4263.12 4539.81 4772.08 4918.27 5003.91 5132.31 5266.4 5385.42 5513.18 5604.44 5702.74 5787.89 5858.1 5943.03 5967.47 6034 6114.51 6182.29 6233.19 6299.63 6349.7 6405.33 6452.17 6496.75 6539.19 6560.96 6589.22 6609.58 6614.83 6648.16 6675.06 6690.09 6682.41 6688.81 6675.62 6669.33 6665.18 6664.58 6666.53 6666.51 6659.45 6675.18 6694.6 6713.73 6733.07 6708.44 6697.7 6707.02 6708.14 6748.2 6734.27 6956.12 7096.21 7074.51 7119.16 7188.77 7212.08
-9999 -9999 -9999 -9999 -9999 -9999 -9999 -9999 -9999 3378.72 3579.5 3795.45 4009.68 4256.7 4575.03 4788.2 4849.41 4992.06 5126.28 5277.6 5397.06 5514.57 5615.06 5704.41 5728.99 5788.49 5897.93 5976.39 6035.83 6121.47 6200.19 6248.98 6307.64 6379.21 6433.46 6460.01 6514.44 6543.5 6550.19 6548.85 6600.13 6638.82 6689.98 6712.42 6700.36 6706.25 6716.84 6715.64 6701.62 6699.98 6701.23 6690.02 6667.71 6706.73 6722.12 6724.06 6712.27 6721.07 6737.12 6816.75 6805.55 6889.36 6923.27 6939.13 7072.96 7133.47 7185.01 7206.5 7224.32 7238.8
-9999 -9999 -9999 -9999 -9999 -9999 -9999 -9999 3341.839 3481.25 3667.76 3885.47 4076.31 4326.1 4582.61 4728.58 4861.77 4997.03 5142.2 5282.2 5417.86 5537.56 5579.31 5570.49 5695.86 5816.66 5932.83 5980.65 6067.45 6150.22 6207.39 6259.56 6335.16 6389.11 6439.21 6479.91 6525.8 6555.84 6599.68 6599.16 6646.43 6704.9 6730.68 6738.19 6744.75 6723.72 6736.91 6750.88 6754.49 6746.98 6701.44 6686.68 6685.08 6696.37 6694.96 6732.6 6785.52 6848.68 6915.41 6936.73 6998.91 7071.15 7065.28 7108.78 7160.97 7203.32 7243.8 7229.61 7255.78 7265.45
-9999 -9999 -9999 -9999 -9999 -9999 -9999 -9999 3407.176 3567.95 3760.43 3985.59 4168.29 4418.41 4597.42 4720.33 4872.27 5022.69 5171.13 5317.27 5452.41 5497.3 5452.08 5578.49 5802.63 5924.41 5998.18 6030.36 6091.53 6157.44 6209.26 6265.3 6332.25 6395.85 6444.17 6488.27 6507.39 6564.23 6619.13 6666.28 6693.59 6730.54 6763.31 6764.18 6737.13 6667.72 6708.65 6780.54 6776.17 6723.29 6708.05 6714.58 6723.87 6753.38 6776.63 6817.29 6854.66 6863.21 6849.72 6892.97 7066.62 7136.47 7173.1 7212.75 7252.58 7259.4 7267.96 7261.84 7264.23 7318.56
-9999 -9999 -9999 -9999 -9999 -9999 -9999 -9999 3474.79 3661.79 3862.59 4059.43 4243.59 4491.11 4640.32 4763.51 4919.3 5065.94 5208.62 5345.36 5464.33 5536.6 5522 5625.37 5875.32 5952.61 6024 6088.54 6126.43 6147.64 6197.69 6250.83 6328.2 6395.46 6444.28 6504.69 6560.32 6625.14 6658.14 6694.74 6712.93 6750.43 6781.24 6791.31 6699.48 6670.83 6744.71 6776.98 6751.43 6730.77 6714.75 6733.83 6775.13 6851.59 6836.5 6870.96 6973.65 7059.75 7061.06 7075.46 7133.76 7179.99 7237.03 7289.37 7298.47 7299.81 7330.88 7320.11 7324.79 7368
-9999 -9999 -9999 -9999 -9999 -9999 -9999 3405.575 3544.55 3692.85 3889.88 4080.83 4302.24 4521.42 4671.92 4828.22 4953.3 5091.44 5250.3 5333.36 5431.4 5591.78 5711.87 5811.44 5914.02 5971.62 6058.69 6126.3 6182.02 6223.96 6283.68 6352.62 6378.15 6446.43 6503.34 6557.88 6597.85 6640.34 6684.75 6708.13 6731.34 6781.56 6777.25 6742.3 6810.19 6784.5 6714.29 6734.22 6764.6 6867.35 6836.77 6879.95 6970.24 7012.72 7005.65 7075.92 7094.01 7119.61 7136.66 7149.5 7217.45 7278.25 7309.8 7329.81 7339.16 7350.93 7375.4 7372.31 7381.66 7396.98
-9999 -9999 -9999 -9999 -9999 -9999 -9999 -9999 3567.614 3743.21 3943.48 4133.44 4393 4564.12 4692.5 4859.8 5010.05 5141.16 5263.85 5361.22 5489.41 5630.01 5729.81 5808.89 5912.88 6015.52 6086.98 6159.25 6226.38 6273.85 6308.06 6375.64 6438.27 6479.03 6504.86 6559.96 6621.35 6660.74 6695.88 6721.29 6757.85 6799.7 6814.32 6834.36 6827.08 6886.39 6902.33 6921.11 6953.34 6963.88 6995.38 7023.26 7036.54 7067.06 7089.76 7121.92 7128.22 7113.66 7206.6 7242.32 7276.41 7319.38 7352.04 7375.88 7400.32 7414.45 7410.53 7432.93 7434.66 7435.45
-9999 -9999 -9999 -9999 -9999 -9999 -9999 3463.693 3634.15 3786.72 3967.59 4217.55 4429.61 4585.69 4763.64 4904.25 5028.84 5163.11 5279.61 5403.02 5532.02 5624.74 5768.52 5826.69 5963.66 6058.86 6119.18 6173 6237.77 6280.9 6322.15 6390.24 6439.91 6461.77 6520.13 6568.83 6629.72 6667.15 6696.94 6728.72 6779.41 6828.16 6859.83 6881.66 6897.59 6934.02 6940.95 6961.72 6979.54 7007.74 7035.73 7057.43 7082.05 7117.02 7142.74 7171.95 7193.17 7225.67 7257.34 7294.39 7332.55 7362.28 7386.93 7419.28 7457.84 7486.56 7485.83 7480.11 7467.84 7468.11
-9999 -9999 -9999 -9999 -9999 -9999 -9999 3478.53 3674.62 3829.54 4012.73 4272.23 4438.13 4595.08 4764.75 4903.02 5018.05 5170.75 5282.79 5411.25 5525.44 5654.37 5801.21 5908.75 6002.58 6076.37 6138.74 6183.4 6240.55 6293.34 6342.99 6391.07 6454.49 6485.74 6538.86 6590.64 6635.07 6679.53 6719.31 6757.51 6811.91 6858.04 6867.17 6885.44 6914.78 6934.61 6966.97 6998.34 7018.78 7031.73 7061.79 7083.81 7106.77 7156.84 7183.79 7198.13 7231.13 7255.26 7291.74 7331.29 7352.2 7391.58 7423.68 7471.21 7510.45 7524.17 7529.67 7525.54 7508.57 7486.2
-9999 -9999 -9999 -9999 -9999 -9999 3371.905 3488.13 3705.22 3883.13 4051.4 4259.92 4419.84 4602.69 4745.17 4879.23 5025.34 5176.47 5289.79 5385.48 5541.64 5666.83 5800.99 5927.77 6034.37 6087.24 6106.77 6172.32 6222.53 6287.95 6350.87 6402.02 6444.07 6513.65 6547.39 6598.88 6653.02 6712.79 6751.72 6793.1 6837.85 6867.54 6877.57 6904.47 6934.73 6968.57 7000.87 7029.78 7062.74 7075.76 7100.99 7133.75 7160.47 7196.89 7201.01 7233.76 7262.34 7292.31 7329.13 7354.34 7378.65 7416.43 7461.1 7501.9 7540.41 7551.25 7558.84 7548.59 7535.89 7519.64
-9999 -9999 -9999 -9999 -9999 -9999 3378.479 3522.89 3710.94 3918.83 4116.91 4265.97 4402.58 4594.09 4720.61 4866.61 5001.57 5152.07 5291.61 5406.14 5529.86 5652.33 5802.07 5916.23 5980.73 6010.45 6098.93 6155.39 6228.1 6274.9 6345.59 6416.13 6445.99 6496.64 6561.61 6620.45 6680.28 6730.22 6769.05 6806.26 6860.58 6873.77 6912.38 6948.29 6974.7 6990.95 7030.08 7057.09 7076.36 7116.07 7137.34 7159.41 7187.7 7223.79 7251.81 7266.54 7296.15 7336.79 7366.21 7384.42 7410.09 7444.65 7487.23 7522.07 7542.08 7538.24 7548.74 7547.06 7543.9 7523.92
-9999 -9999 -9999 -9999 -9999 3294.339 3423.17 3577.1 3744.67 3953.65 4115.75 4241.44 4377.8 4566.37 4730.83 4846.62 4999.76 5136.07 5268.14 5382.91 5485.64 5616.95 5723.08 5823.77 5936.09 6031.01 6091.16 6155.64 6214.36 6271.79 6328.43 6400.86 6457.38 6513.65 6576.03 6632.49 6673.11 6743.79 6782.15 6840.31 6878.86 6910.42 6944.7 6978.93 7026.99 7040.25 7070.26 7085.76 7118.09 7162.38 7174.47 7197.77 7227.64 7255.83 7271.26 7295.08 7321.88 7342.35 7362.99 7390.87 7429.21 7472.56 7492.73 7503.77 7530.85 7521.57 7538.2 7541.54 7541.34 7542.24
-9999 -9999 -9999 -9999 -9999 3290.293 3427.88 3624.1 3820.51 4053.99 4142.44 4263.28 4377.04 4527.62 4703.32 4833.89 4984.16 5128.08 5236.94 5352.69 5448.19 5561.56 5661.21 5793.43 5909.45 5979.83 6038.85 6133.2 6186.7 6254.51 6329.29 6399.06 6465.5 6525.57 6587.13 6660.51 6707.72 6742.64 6797.28 6846.4 6892.42 6930.84 6965.22 6996.57 7039.52 7062.96 7090.27 7111.84 7158.78 7173.21 7198.97 7227.85 7255.47 7269.78 7283.29 7311.11 7340.37 7345.6 7361.85 7398.85 7424.6 7464.92 7490.41 7495.89 7492.92 7528.76 7520.9 7531.73 7537.7 7535.52
-9999 -9999 -9999 -9999 -9999 3302.485 3474.69 3747.57 3949.83 4058.66 4193.01 4235.5 4368.34 4505.67 4681.71 4823.31 4950.72 5076.43 5192.26 5318.39 5421.05 5547.82 5655.92 5757.74 5857.73 5950.18 6019.11 6098.23 6173.72 6243.22 6314.54 6387.46 6452.29 6515.34 6581.49 6658.49 6725.86 6758.32 6819.47 6867.49 6907.88 6940.13 6971.52 7023.14 7065.26 7083.85 7105.28 7148.92 7169.64 7191.4 7198.08 7249 7280.53 7291.27 7336.59 7341.36 7354.57 7374.02 7357.21 7419.8 7400.83 7440.81 7464.36 7476.69 7481.38 7501.4 7525.16 7540.96 7546.08 7547.03
-9999 -9999 -9999 2998.381 3132.57 3342.11 3571.9 3778.48 3907.34 3979.21 4109.31 4230.83 4361.8 4514.28 4654.06 4768.57 4901.59 5018.93 5165.65 5291.59 5408.18 5513.84 5624.65 5712.57 5809.76 5887.61 5971.19 6064.99 6138.49 6228.77 6299.92 6372.69 6444.88 6501.73 6569.93 6658.11 6724.57 6776.89 6824.25 6882.45 6919.25 6952.41 6999.22 7038.43 7087.7 7103.75 7134.15 7170.58 7187.79 7202.59 7244.71 7281 7307.98 7327.93 7346.59 7378.37 7395.81 7415.73 7430.13 7449.33 7474.64 7489.49 7507.69 7516.58 7503.83 7482.02 7500.62 7522.01 7540.26 7533.44
-9999 -9999 2838.25 2992.884 3198.24 3400.26 3600.67 3705.85 3857.15 3990.87 4114.55 4236.05 4376.97 4547.21 4672.45 4804.38 4912.68 5038.21 5158.48 5260.92 5373.47 5483.49 5583.75 5662.94 5735.07 5803.9 5905.11 6018.78 6112.18 6204.49 6283.27 6371.22 6449.49 6521.42 6577.53 6651.6 6710.71 6773.61 6830.77 6890.05 6931.78 6973.28 7014.11 7063.02 7078.93 7126.7 7144.9 7190.02 7221.59 7244.03 7261.25 7307.72 7329.49 7347.82 7362.38 7390.44 7413.83 7445.52 7471.59 7467.11 7471.97 7480.65 7517.05 7521.56 7525.5 7526.19 7518.36 7525.87 7537.64 7541.76
-9999 -9999 2915.76 3094.65 3284.03 3462.99 3624.6 3740.21 3891.59 4010.3 4135.81 4274.15 4422.82 4556.42 4679.68 4818.89 4924.58 5019.92 5126.02 5237.94 5329.3 5447.29 5543.33 5629.35 5708.2 5778.84 5873.2 6000.25 6098.07 6189 6273.35 6357.21 6430.4 6494.96 6558.57 6639.27 6704.08 6765.3 6827.11 6895.02 6943.69 6979.74 7026.34 7062.18 7069.81 7106.99 7143.54 7187.45 7217.15 7256.73 7270.36 7314.69 7335.94 7363.89 7396.3 7405.77 7435.51 7468.14 7474.92 7487.49 7490.94 7506.08 7521.42 7531.86 7528.54 7528.96 7532.65 7536.15 7529.49 7522.32
-9999 -9999 3016.94 3189.95 3382.11 3608.9 3693.69 3813.59 3936.22 4042.12 4169.03 4322.78 4439.39 4565.75 4679.8 4803.17 4909.49 5010.71 5109.29 5217.87 5314.48 5424.61 5511.51 5608.21 5703.17 5789.47 5871.65 5986.65 6087.64 6175.15 6261.76 6342.12 6417.26 6485.39 6552.27 6633.91 6703.26 6759.23 6820.42 6889.2 6941.9 6978.83 7012.85 7046.4 7066.64 7116.53 7149.15 7177.3 7204.9 7257.71 7289.62 7322.77 7348.73 7379.86 7408.96 7422.8 7452.53 7474.55 7480.93 7497.72 7504.66 7526.91 7516.34 7533.85 7542.09 7538.51 7530.43 7538.85 7529.25 7516.69
-9999 3021.672 3141.83 3313.78 3540.33 3648.35 3764.57 3879.43 3968.24 4089.084 4226.2 4351.47 4471.75 4569.63 4690.75 4802.99 4893.58 5002.08 5095.55 5194.31 5303.93 5400.2 5491.94 5586.79 5687.12 5789.32 5882.08 5984.7 6080.26 6164.56 6251.11 6327.47 6389.32 6463.33 6535.29 6607.18 6680.96 6737.04 6815.66 6876.44 6917.42 6939.52 6997.12 7032.59 7052.25 7099.7 7141.53 7180.37 7215.71 7263.14 7296.71 7330.92 7364.68 7390.67 7419.77 7449.28 7466.1 7478.95 7491.02 7512.66 7516.3 7533.34 7532.27 7536.6 7543.59 7538.69 7527.05 7527.02 7518.93 7514.91
-9999 3135.64 3293.11 3464.27 3659.18 3766.96 3821.191 3924.689 4025.437 4141.29 4270.48 4385.34 4498.7 4573.35 4685.73 4788.5 4895.03 4993.43 5076.59 5185.05 5278.24 5379.21 5475.62 5574.87 5680.72 5783.08 5885.94 5979.96 6077.67 6165.05 6243.36 6322.54 6373.25 6438.11 6510.59 6589.02 6644.24 6714.68 6795.06 6855.23 6892.38 6929.75 6992.92 7017.33 7054.61 7113.33 7160.86 7211.98 7243.45 7255.34 7312.16 7348.98 7350.81 7392.16 7419.9 7446.31 7469.4 7476.16 7516.23 7521.02 7533.28 7543.47 7540.65 7525 7537.69 7515.86 7517.42 7512.41 7511.28 7507.91
-9999 3292.428 3469.64 3618.72 3786.56 3874.969 3912.443 3993.93 4091.53 4194.31 4295.53 4395.94 4487.92 4577.24 4693.68 4789.55 4887.68 4973.61 5059.16 5178.33 5273.18 5372.44 5457.92 5569.42 5674.33 5781.13 5872.74 5975.53 6082.58 6178.94 6259.8 6291.77 6335.26 6409.24 6494.2 6568.62 6619.31 6688.22 6775.61 6825.1 6873.44 6926.55 6972.87 7020.52 7072.28 7114.3 7162.3 7201.99 7235.62 7279.62 7308.9 7341.38 7373.66 7420.78 7435.85 7464.67 7481.7 7488.72 7503.35 7524.85 7532.64 7538.73 7539.17 7524.48 7531.17 7526.96 7520.13 7516.87 7521.09 7525.3
-9999 3415.47 3577.39 3722.26 3851.97 3910.6 3984.753 4068.81 4156.58 4247.32 4343.5 4435 4525.83 4611.41 4706.16 4804.08 4892.15 4979.72 5058.59 5169.5 5256.99 5358.25 5461.23 5572.96 5678.87 5765.65 5859.74 5973.66 6075.76 6173.14 6253.62 6282.66 6327.22 6392.22 6466.43 6540.96 6618.62 6691.93 6762.06 6815.33 6879.59 6920.4 6975.35 7041.45 7079.92 7136.6 7178.05 7198.79 7240.17 7291.09 7327.64 7350.96 7371.32 7415.67 7444.7 7467.58 7490.08 7495.1 7516.64 7532.55 7535.81 7550.66 7548.4 7545.56 7539.23 7539.82 7528.38 7527.06 7526.71 7528.7
3349.346 3501.35 3641.41 3815.89 3944.319 -9999 -9999 4129.84 4204.5 4298.23 4364.34 4466.44 4550.5 4638.56 4726.11 4825.34 4911.04 4989.69 5062.46 5167.03 5256.08 5349.92 5444.96 5570.61 5668.09 5749.23 5850.85 5957.59 6062.48 6145.12 6219.02 6282.04 6341.51 6389.83 6478.11 6546.71 6633.96 6689.48 6746.99 6820.98 6884.02 6944.02 6994.84 7037.52 7099.38 7147.69 7188.06 7196.02 7253.46 7302.12 7341.34 7366.45 7382.55 7403.36 7447.11 7471.87 7484 7488.74 7529.11 7538.13 7536.09 7557.65 7553.43 7549.49 7551.59 7561.1 7566.46 7542.21 7528.87 7533.14
3355.6 3500.324 3650.838 3851.597 3979.333 4041.375 4101.629 4154.63 4227.29 4327.43 4404.76 4487.25 4550.36 4650.55 4747.36 4842.5 4922.8 4990.13 5065.07 5150.7 5246.89 5341.44 5449.77 5553.08 5647.97 5741.65 5825.9 5925.06 6037.5 6116.28 6193.35 6283.3 6335.28 6387.27 6482.9 6538.31 6621.09 6681.86 6748.39 6798.5 6868.37 6927.47 6995.31 7053.79 7094.03 7149.49 7184 7231.7 7267 7313.46 7340.1 7370.13 7396.36 7407.33 7443.94 7451.11 7480.66 7493.61 7520.75 7535.09 7559.04 7558.43 7557.92 7567.49 7564.11 7574.37 7581.69 7570.72 7537.26 7551.38
-9999 -9999 -9999 3849.297 3953.13 4037.607 4119.69 4182.94 4245.45 4328.62 4410.22 4490.6 4560.83 4673.16 4770.03 4858.15 4932.9 5006.17 5061.43 5127.77 5226.32 5336.16 5423.25 5534.38 5631.36 5714.53 5811.36 5910.37 6010.61 6092.79 6186.58 6255.9 6325.08 6390.75 6458.18 6547.99 6615.14 6680 6743.82 6794.82 6864.81 6923.5 7006.07 7057.25 7075.54 7159.12 7193.93 7237.56 7261.67 7310.53 7340.46 7355.73 7385.22 7417.54 7453.06 7477.33 7502.42 7525.59 7525.71 7538.82 7562.76 7572.68 7577.66 7579.02 7586.36 7580.44 7563.69 7554.47 7580.76 7553.52
