layers/wordclim/future/Iberia_wcB2a_10_hadcm3_2020/bio_19.asc
ncols         166
nrows         93
xllcorner     -9.4959440078468
yllcorner     36.000324005443
cellsize      0.083333337679505
NODATA_value  -9999
[rows 32 to 63 of 93, columns 0 to 73 of 166]
-9999 -9999 -9999 -9999 -9999 -9999 -9999 -9999 -9999 -9999 442.5952 453.13 439.05 448.15 457.37 490.53 561.16 544.58 605.9 586.56 520.49 531.51 502.76 494.87 487.15 458.26 408.6 382.59 323.61 315.91 300.04 288.15 274.3 279.37 273.84 255.54 240.45 222.75 209.1 194.83 177.34 161.64 147.25 134.22 123.48 116.45 115.56 113.92 112.22 110.05 105.24 104.28 103.39 102.81 101.19 101.38 101.52 101.23 103.72 105.15 108.6 113.08 116.84 123.69 130.62 136.7 143.76 163.73 167.34 168.83 149.49 150.09 166.01 154.37
-9999 -9999 -9999 -9999 -9999 -9999 -9999 -9999 -9999 -9999 433.1977 455.13 468.87 481.44 483.85 491.14 523.13 585.51 615.72 596.66 585.35 574.77 529.52 477.58 491.66 492.11 436.67 374.81 339.53 344.2 325.95 298.57 301.74 289.84 273.98 254.92 240.66 228.43 212.34 194.5 181.98 168.96 151.31 138.89 130.28 123.57 122.36 116.18 112.1 110.91 109.23 106.4 104.78 103.12 101.93 100.62 99.61 99.7 100.27 102.51 106.41 110.33 115.8 122.71 132.18 138.93 165.76 185.45 161.56 148.28 144.56 143.23 148.08 146.64
-9999 -9999 -9999 -9999 -9999 -9999 -9999 -9999 -9999 -9999 421.2755 442.13 465.24 503.14 573.99 570.99 558.57 513.68 520 530.74 551.9 554.53 539.76 505.61 498.25 489.74 438.66 377.97 354.26 359.21 351.79 324.02 299.33 294.94 280.82 263.12 243.26 228.44 210.82 194.73 183.36 170.35 156.76 147.77 140.23 133.59 129.43 123.64 116.9 113.63 110.96 108.71 107.74 104.91 102.32 99.65 96.4 96.74 97 98.81 102.32 107.67 114.46 122.53 132.49 144.13 184.83 153.3 165.42 158.8 147.38 140.42 134.49 132.6
-9999 -9999 -9999 -9999 -9999 -9999 -9999 -9999 -9999 -9999 411.8202 422.39 448.24 528.79 502.54 530.05 520.9 471.63 485.47 509.44 522.04 518.05 504.61 498.1 484.68 482.82 432.31 388.25 374.87 349.3 348.47 338.7 311.61 292.08 283.73 269.65 249.74 229.89 215.45 200.23 186.91 177.47 167.26 159.02 152.18 146.56 139.06 126.44 121.93 116.66 113.21 111.76 111 109.5 106.27 99.53 98.4 95.67 94.5 95.08 100.04 105.98 114.95 128.8 162.34 167.95 188.33 175.25 152.13 143.92 141.53 136.19 135.62 137.43
-9999 -9999 -9999 -9999 -9999 -9999 -9999 -9999 -9999 406.7027 404.0544 412.56 424.62 444.92 497.95 486.51 501.68 478.6 498.53 500.82 480.41 471.57 466.4 468.43 457.76 433.22 411.58 400.89 394.29 374.23 353.46 346.42 321.61 299.54 279.17 273.39 255.66 234.69 220.74 208.86 195.92 185.02 178.22 172.77 165.17 148.73 136.82 131.69 127.5 123.18 121.19 119.96 122.88 118.49 117.33 114.3 108.35 98.24 95.38 95.44 113.76 115.77 130.59 139.51 139.24 134.95 140.14 140.98 143.18 146.63 141.91 137.37 137.58 135.57
-9999 -9999 -9999 -9999 -9999 -9999 -9999 -9999 -9999 400.6622 403.9072 404.03 407.07 434.34 474.7 531.52 552.16 477.63 464.56 458.66 458.09 464.87 470.15 444.59 417.94 418.41 415.58 448.8 417.86 386.02 371.61 350.49 328.82 299.26 275.65 260.9 251.73 243.68 232.07 221.81 211.92 205.9 187.39 171.56 160.96 151.61 143.87 137.98 135.58 136.57 138.43 137.26 143.78 138.86 130.61 118.99 105.3 99.33 100.12 108.37 118.47 129.75 130.5 143.82 130.22 129.5 137.79 142.18 142.52 143.65 142.26 140.33 140.97 135.82
-9999 -9999 -9999 -9999 -9999 -9999 -9999 -9999 -9999 397.22 401.09 397.16 397.04 413.31 477.63 543.65 448.89 441.21 434.8 447.53 440.03 437.62 427.8 445.72 522.86 525.1 474.74 453.5 425.54 399.79 371.34 361.38 331.46 299.88 281.18 262.8 250.9 259.35 259 266.53 227.74 209.55 184.5 169.44 167.23 161.39 149.7 147.5 149.16 144.45 140.03 150.04 168.65 140.63 124.24 123.51 126.33 122.25 113.68 101.81 104.45 105.55 112.4 122.98 123.28 129.53 134.14 140.59 143.16 147.01 147.13 145.54 144.93 139.13
-9999 -9999 -9999 -9999 -9999 -9999 -9999 -9999 387.2258 391.76 396.49 398.56 394.83 420.27 448.98 439.51 428.12 420.05 424.8 426.12 438.04 447.78 535.14 641.36 574.2 509.25 450.57 456.35 420.3 390.56 376.89 365.76 327.11 306.73 300.7 282.08 263.43 259.89 247.81 234.57 217.95 176.31 166.86 169 162.14 168.78 162.38 150.58 145.29 149.92 174.35 192.06 188.2 173.5 173.91 154.23 124.7 108.48 102.49 102.34 102.63 106.4 111.29 116.68 121.58 127.19 133.56 143.13 146.19 149.64 150.3 147.2 145.71 141.41
-9999 -9999 -9999 -9999 -9999 -9999 -9999 -9999 381.8242 386.22 392.04 397.73 391.58 423.23 420.91 402.83 408.52 413.38 422.93 443.4 453.83 547.69 708.37 646.78 484.12 415.1 397.71 423.32 423.38 399.48 393.55 372.03 349.82 328.07 306.56 291.25 297.86 266.37 243.3 200.4 178.82 173.66 178.61 174.47 189.51 234.25 208.26 161.14 163.13 193.32 198.53 191.46 184.99 156.27 147.46 129.61 123.03 127.82 129.86 117.06 105.75 107.82 111.29 114.68 117.63 126.57 132.24 142.84 149.5 147.13 149 147.35 144.65 144.65
-9999 -9999 -9999 -9999 -9999 -9999 -9999 -9999 378.18 383.16 389.67 386.57 385.19 417.54 415.01 395.15 407.65 414.94 423.29 454.71 478.18 526.04 641.61 611.98 423.93 389.38 392.5 391.94 405.16 416.87 407.9 403.6 363.78 335.02 327.82 288.94 260.42 228.11 208.75 190.41 172.09 173.9 173.36 177.43 241.42 272.23 207.44 186.93 203.6 219.91 241.43 215.83 189.17 146.87 151.34 148.42 117.15 102.92 106.13 107.86 108.81 110.02 110.64 112.57 119.36 125.91 130.49 139.87 145.62 144.72 144.71 142.75 144.11 145.61
-9999 -9999 -9999 -9999 -9999 -9999 -9999 375.0137 372.6 367.43 369.46 370 375.56 399.98 400.35 409.77 408.84 431.23 485.24 544.21 563.67 475.62 440.92 419.23 402.02 395.93 373.98 369.05 370.2 368.94 326.84 305.34 346.98 290.85 257.9 235.9 218.93 218.31 194.18 179.18 168.82 160.53 186.37 228.79 188.72 212.9 266.34 251.04 236.14 162.06 181.77 158.54 124.01 110.52 114.12 102.43 103.58 105.46 108.32 109.79 108.06 107.4 109.54 115.52 120.91 125.03 128.87 137.23 140.01 143.03 142.08 140.32 140.3 141.03
-9999 -9999 -9999 -9999 -9999 -9999 -9999 -9999 356.0114 360.96 362.52 364.54 387.71 395.32 391.37 440.97 476.57 497.36 497.69 520.55 492.37 439.81 444.48 441.48 416.75 386.14 350.34 342.24 336.98 315.29 291.74 283.07 278.34 252.72 227.38 218.22 214.1 207.93 189.49 178.74 170.46 171.71 192.95 183.39 200.67 166.65 155.65 146.91 132.01 116.27 113.01 110.37 110.51 110.17 108.76 108.14 112.6 116.11 107.21 106.55 106.75 108.8 112.98 117.08 120.24 122.54 128.2 132.62 134.63 140.6 136.86 136.89 140.31 142.94
-9999 -9999 -9999 -9999 -9999 -9999 -9999 348.6667 356.55 354.91 353.68 386.73 403.04 399.28 469.81 515.34 484.45 457.9 459.94 444.14 422.15 467.46 427.91 444.34 380.13 351.27 341.89 329.02 327.83 322.16 303.81 269.68 251.09 230.86 219.89 215.56 206.28 193.03 179.65 170.08 169.05 168.93 165.98 162.4 156.08 137.46 129.96 122.59 118.87 116.32 113.89 113.61 112.33 110.87 110.09 111.85 109.63 107.22 107.16 107.74 108.74 110.76 114.14 116.81 117.92 119.52 125.07 126.77 131.51 132.67 131.62 134.42 134.72 134.67
-9999 -9999 -9999 -9999 -9999 -9999 -9999 341.01 353.59 353.78 356.87 398.52 393.84 404.49 446.55 438.91 420.2 431.16 458.52 458.43 457.51 429.27 371.99 371.77 362.58 339.44 328.82 311.98 305.68 295.7 276.88 260.41 256.93 233.92 220.04 208.32 197.6 186.5 177.68 177.3 175.15 166.18 152.62 143.54 137.38 133.06 128.64 124.84 122.46 119.17 117.02 116.77 114.76 113.69 113.88 111.41 110.38 109.59 109.63 111.68 113.82 114.57 114.79 115.06 115.93 119.61 121.55 123.49 126.1 129.89 135.16 139.28 140.93 140.44
-9999 -9999 -9999 -9999 -9999 -9999 326.9841 329.48 346.44 355.32 355.49 379.92 377.7 398.08 402.18 396.43 416.55 443.75 460.21 483.63 422.11 374.71 353.92 354.69 350.03 331.52 299.55 291.54 284.26 284.84 270.09 255.44 242.06 233.48 219.65 210.56 202.81 193.61 191.81 190.74 175.91 163.07 150.79 143.89 139.83 135.77 132.77 131.93 125.89 122.72 122.62 122.19 119.24 117.74 115.25 115.26 116.98 115.84 114.12 112.48 113.38 114.42 115.29 115.05 117.62 119.88 120.79 123.82 126.62 129.95 134.4 137.58 138.76 138.22
-9999 -9999 -9999 -9999 -9999 -9999 324.1429 324.73 335.32 354.12 371.32 370.84 361.56 382.33 376.97 379.03 382.91 399.69 429.17 432.6 381.37 357.78 351.71 349.98 325.85 298.68 294.24 285.42 286.59 271.95 262.04 253.69 240.45 226.02 214.81 211.35 205.26 200.98 187.46 175.66 168.08 159.78 156.57 150.66 147.05 139.06 139.7 139.06 131.09 129.37 128.85 126.41 121.16 122.17 120.26 120.43 121.97 120.43 120.35 120.32 119.36 116.95 119.58 123.15 124.63 127.43 129.72 129.8 130.88 131.7 131.77 133.75 135.71 135.78
-9999 -9999 -9999 -9999 -9999 315.7679 324.4 329.12 332.13 353.57 360.41 348.87 342.52 355.09 376.23 363.47 379.05 379.51 385.3 366.1 344.12 346.78 330.99 317.57 314.13 313.39 301.71 285.96 283.57 269.87 252.65 243.47 242.98 233.62 222.11 205.34 190.96 187.48 184.55 181.12 173.4 166.07 163.76 160.99 162.37 160.99 155.2 147.37 146.06 145.43 140.32 134.34 133.58 132.33 136.46 132.62 131.48 129.84 130.27 127.9 127.51 124.82 127.95 131.6 129.4 133.46 133.54 133.72 134.81 135.76 135 134.69 134.12 135.14
-9999 -9999 -9999 -9999 -9999 308.2439 310.79 328.37 347.75 381.51 355.85 343.21 335.53 333.05 351.66 349.66 363.9 374.46 369.9 346.75 330.83 320.73 311.75 315.69 313.33 306.33 292.48 293.11 274.33 263.01 257.96 250.18 243.61 236.5 229.59 211.95 198.24 188.26 181.71 176.63 171.87 165.89 163.94 162.61 161.3 160.47 161.64 162.34 159.54 167.15 154.32 153.2 142.75 138.55 150.13 146.76 148.4 145.59 145.03 141.53 140.82 134.79 134.32 138.73 139.89 138.29 139.35 138.07 137.14 137.21 135.25 136 135.37 135.57
-9999 -9999 -9999 -9999 -9999 300.9899 310.27 357.48 375.79 370.62 366.67 322.87 318.09 319 333.82 338.93 339.59 340.92 336.09 333.38 320.88 326.96 320.15 323.63 309.41 307.67 301.05 301.34 288.64 266.77 248.27 242.22 236.48 227.54 221.1 212.75 202.91 187.21 183.15 176.63 170.54 168.46 167.29 168.05 166.83 167.21 164.89 163.03 180.17 177.94 177.73 158.95 156.1 146.18 145.75 152.54 152.03 150.4 161.12 145.97 157.08 152.23 149.84 147.46 148.32 146.89 143.59 137.3 136.19 136.15 135.8 135.96 135.22 133.4
-9999 -9999 -9999 278.9048 282.78 299.26 323.71 346.76 342.95 322.21 312.91 306.9 304.24 310.66 310.73 308.19 308.58 308.1 320.46 322.3 329.23 327.06 324.97 325.87 330.64 317.64 305.95 297.64 295.06 277.38 253.55 239.33 228.2 218.18 212.01 206.55 201.17 197.5 188.87 183.15 175.17 171.95 170.67 174.51 174.45 187.99 176.55 172.63 184.23 191.04 164.96 155.19 150.99 150.46 143.44 143.47 141.88 143.08 147.38 143.69 146.51 145.02 141.68 139.36 151.11 159.22 153.21 145.49 140.46 140.85 137.99 136.73 135.63 132.61
-9999 -9999 268.2969 272.7442 285.27 297.79 314.51 303.36 304.85 307.76 299.16 295.26 301.3 319.26 317.11 314.89 310.48 318.09 320.7 318.03 314.44 316.63 319.62 322.95 349.25 360.8 337.35 316.26 294.14 277.82 264.5 252.41 232.16 230.97 219.05 205.06 197.32 192.67 189.54 186.74 181.06 178.86 180.3 178.52 176.31 186.41 187.72 180.96 172.56 167.58 162.17 152.64 152.68 147.8 145.69 144.07 144.57 145.82 147.88 152.27 153.49 153.58 145.3 147.33 149.7 148.4 152.35 146.98 142.52 143.99 147.18 139.94 135.51 133.66
-9999 -9999 276.03 283.47 289.91 296.44 298.54 294.62 297.56 295.96 291.66 291.81 303.14 308.66 311.74 312.41 311.11 306.1 303.53 305.37 298.48 300.48 301.68 305.41 322.14 359.93 346.24 299.03 268.67 262.32 250.65 233.52 222.3 222.91 211.08 207.54 205.5 193.16 192.24 193.88 188.67 184.42 184.65 177.2 169.07 170.72 163.69 163.88 162.52 166.48 163.25 154.98 153.12 151.02 158.1 152.77 151.17 152.93 150.23 150.95 149.49 143.44 141.88 144.82 151.6 149.06 144.2 145.37 149.27 147.24 151.7 139.06 134.64 132.64
-9999 -9999 278.95 286.04 293.05 320.76 295.61 294.84 294.99 287.98 286.28 295.27 297.36 299.03 302.43 303.97 298.88 292.75 297.67 295.47 288.86 290.52 297.87 296.55 293.46 298.13 298.96 282.22 258.73 245.27 243.16 223.58 217.68 214.79 210.37 209.5 205.1 199.09 196.03 193.51 201.93 189.92 175.88 173.99 169.03 167.93 164.63 165.42 161.21 161.54 164.99 162.4 158.4 158.09 161.22 165.66 160.84 157.27 153.5 155.66 159.22 151.71 145.22 143.75 150.37 148.89 143.13 137.89 137.16 142.95 138.52 133.66 132.86 132.69
-9999 281.8906 283.98 295.31 311.49 302.55 291.36 293.18 285.53 282.3158 286.48 289.5 294.28 296.47 295.82 294.96 285.7 288.06 289.35 282.74 281.06 280.9 281.76 289.02 284.35 277.83 266.08 259.61 245.12 230.72 226.61 214.34 214.16 209.03 206.26 202.99 196 192.97 194.95 190.59 185.77 177.13 175.36 172.28 169.73 169.51 167.98 166.32 165.5 165.2 167.52 165.31 167.86 169.44 168.22 169.54 172.81 164.08 160.61 164.4 165.06 159.46 154.3 149.78 150.98 149.65 141.84 137.41 136.61 136.08 135.9 135.84 135.71 134.78
-9999 296.93 300.05 311.27 320.05 309.97 285.8192 282.9889 281.4368 282.65 286.69 287.55 288.59 286.82 283.15 282.3 281.2 280.87 279.83 278.49 273.29 273.51 271.38 267.36 268.24 265.16 254.85 242.72 238.94 227.8 211.14 205.52 201.41 199.08 197.57 194.14 191.28 188.16 189.51 190.27 184.52 178.84 176.89 175.07 173.87 173.17 173.77 177.93 178.19 172.02 172.9 173.58 170.94 172.37 173.22 174.94 177 175.64 169.25 164.3 161.56 166.3 161.06 151.69 153.51 147.11 142.58 139.78 138.58 138.62 138.31 138.16 137.52 136.86
-9999 315.949 329.69 330.95 333.71 312.0206 286.6456 281.42 281.28 282.1 280.9 278.42 273.96 275.67 277.63 274.82 272.12 268.52 267.7 276.73 274.68 274.79 271.58 266.71 264.79 262.7 261.52 250.55 226.85 214.52 204.72 199.58 195.98 193.47 192.4 190.66 188.1 187.27 189.18 188.41 180.52 179.89 179.81 179.87 180.19 180.95 180.53 180.15 180.17 182.46 181.35 177.3 181.21 189.79 183.3 183.17 180.65 177.83 174.34 175.98 168.81 165.5 163.99 157.93 156.4 151.33 147.61 144.48 143.61 143.25 142.87 142.13 141.43 140.48
-9999 331.92 341 335.17 313.19 299.7333 284.1234 282.51 281.28 280.39 281.88 278.62 277.42 278.51 272.16 272.03 270.66 269.8 267.17 268.7 267.48 268.05 280.28 277.95 268.77 258.6 262.98 247.77 220.82 206.75 200.5 198.56 196.69 192.81 191.62 190.84 190.84 191.36 189.58 186.26 187.37 189.06 187.94 191.04 190.21 190.96 191.17 186.81 188.48 188.88 189.22 186.48 184.28 189.18 184.67 185.35 186.65 186.05 187.21 185.64 177.44 172.71 173.4 167.54 160.33 156.54 153.63 151.3 151.58 150.59 149.9 153.47 149.89 144.74
335.0494 345.26 347 331.49 306.4149 -9999 -9999 282.71 281.96 279.94 277.03 276.64 275.28 277.41 274.62 273.46 276.12 273.27 268.99 269.17 266.91 266.88 265.71 275.4 274.21 250.42 236.96 224.7 213.25 209.31 206.18 203.23 201.63 199.97 198.26 198.45 200.72 200.4 194.75 198.14 199.23 202.56 202.15 200.77 208.93 200.33 199.99 195.77 198.57 199.61 201.35 200.15 197.7 188.93 194.06 193.87 191.18 187.34 191.43 188.25 187.92 182.45 178.52 176.08 171.99 168.13 169.06 162.58 157.18 156.35 154.28 154.07 152.35 149.71
319.72 325.7606 324.054 318.3377 304.6889 286.9583 285.2022 281.12 279.46 279.76 278.48 276.02 273.66 272.15 275.23 278 281.03 277.94 271.81 268.5 265.65 260.98 267.7 264.26 250.93 246.78 224.34 217.58 218.38 213.8 212.79 209.63 207.08 205.47 205.04 203.22 205.24 207.5 203.4 199.61 205.48 212.75 214.56 210.62 209.83 209.82 208.3 211.86 212.27 216.18 212.58 209.52 202.44 198.39 198.59 195.51 193.82 195.58 194.58 192.97 194.43 194.68 189.74 184 179.06 179.6 181.12 174.54 163.07 161.92 161.91 157.75 156.13 154.35
-9999 -9999 -9999 305.4054 296.6364 289.9286 286.21 281.73 276.43 272.68 272.02 270.99 271.14 276.45 278.78 277.6 278.07 277.03 269.66 258.9 254.37 250.13 246.55 248.06 239.57 228.91 223.88 217.45 222.03 224.06 225.96 221.65 216.4 214.2 213.69 211.13 212.95 215.35 213.59 209.21 216.06 218.81 223.95 225.08 217.65 223.36 223.5 227.98 223.76 217.68 214.29 212.05 210.08 209 213.35 206.62 206.86 209.3 205.38 204.03 202.89 202.09 199.23 194.44 191.57 187.09 179.52 174.01 178.07 168.24 169.53 165.8 162.76 159.12
-9999 -9999 -9999 -9999 295.74 293.03 292.9899 279.3177 270.2088 267.4835 269.69 265.34 263.59 271.35 271.09 271.15 273.72 266.72 256.14 252.49 247.65 242.12 241.32 243 239.76 228.09 218.3 219.08 221.91 229.37 231.46 235.94 244.68 235.25 239.91 222.82 221.39 227.15 224.88 221.09 217.95 232.79 231.87 229.76 226.56 236.91 241.46 234.81 231.43 224.82 226.08 226.04 225.35 221.49 220.38 217.3 214.27 212.19 214.26 220.85 221.58 212.7 207.42 201.88 191.65 189.32 188.57 182.47 177.42 177.36 174.25 171.85 171.08 167.83
-9999 -9999 -9999 -9999 301.1975 300.7429 -9999 270.5294 -9999 263.7564 261.85 261.02 258.96 256.09 260.16 259.29 254.95 251.82 250.89 249.38 243.25 237.13 238.86 236.71 232.16 222.47 217.23 219.16 221.62 224.48 231.89 240.79 257.78 258.44 255.57 242.23 229.16 239.93 237.16 233.36 227.45 229.43 235.37 240.19 238.29 243.06 243.59 239.54 241.17 241.08 236.84 237.45 237.67 233.73 233.84 232.45 229.48 225.69 221.3 218.59 220.33 228 222.82 217.42 211.32 197.85 188.45 193.75 196.87 198.21 195.26 180.05 174.8 169.1
