layers/wordclim/future/Iberia_wcB2a_10_hadcm3_2020/bio_19.asc
ncols         166
nrows         93
xllcorner     -9.4959440078468
yllcorner     36.000324005443
cellsize      0.083333337679505
NODATA_value  -9999
[rows 0 to 31 of 93, columns 0 to 73 of 166]
-9999 -9999 -9999 -9999 -9999 -9999 -9999 -9999 -9999 -9999 -9999 -9999 -9999 -9999 -9999 -9999 -9999 355.3415 382.9028 339.7015 337.197 338.8977 325.7971 319.6515 -9999 -9999 -9999 -9999 -9999 -9999 -9999 -9999 -9999 -9999 -9999 -9999 -9999 -9999 -9999 -9999 -9999 -9999 -9999 -9999 -9999 -9999 -9999 -9999 -9999 -9999 -9999 -9999 -9999 -9999 -9999 -9999 -9999 -9999 -9999 -9999 -9999 -9999 -9999 -9999 -9999 -9999 -9999 -9999 -9999 -9999 -9999 -9999 -9999 -9999
-9999 -9999 -9999 -9999 -9999 -9999 -9999 -9999 -9999 -9999 -9999 -9999 -9999 -9999 -9999 -9999 354.9394 358.4421 368.22 348.53 365.78 366.02 335.5959 350.14 340.79 316.0928 -9999 -9999 -9999 -9999 -9999 -9999 -9999 -9999 -9999 -9999 -9999 -9999 -9999 -9999 -9999 -9999 -9999 228.3594 227.4231 -9999 -9999 -9999 -9999 -9999 -9999 -9999 -9999 -9999 -9999 -9999 -9999 -9999 -9999 -9999 -9999 -9999 -9999 -9999 -9999 -9999 -9999 -9999 -9999 -9999 -9999 -9999 -9999 -9999
-9999 -9999 -9999 -9999 -9999 -9999 -9999 -9999 -9999 -9999 -9999 -9999 -9999 -9999 360 352.9474 358.8182 363.77 370.7 388.28 395.13 383.46 366.69 379.31 329.46 306.86 299.5052 295.7089 290.0704 273.9455 271.8 267.4048 267.1053 255.3247 261.7215 250.1667 248.8904 251.6389 251.5227 244.5979 238.359 232.131 228.4444 225.94 226.44 219.7403 218.9672 223.7 225.1017 -9999 -9999 -9999 -9999 -9999 -9999 -9999 -9999 -9999 -9999 -9999 -9999 -9999 -9999 -9999 -9999 -9999 -9999 -9999 -9999 -9999 -9999 -9999 -9999 -9999
-9999 -9999 -9999 -9999 -9999 -9999 -9999 -9999 -9999 -9999 -9999 -9999 -9999 -9999 -9999 -9999 380.3839 401.27 404.9 389.57 398.21 410.27 411.94 404.88 366.67 327.98 306.31 314.91 288.83 283.0808 294.94 298.02 292.98 268.8 292.91 270.42 256.55 260.94 270.01 244.85 232.0909 237.3 236.11 228.3 222.48 221.59 228.35 229.37 219.04 222.17 226.07 229.3974 223.4103 223.2542 227.76 -9999 -9999 -9999 -9999 -9999 -9999 -9999 -9999 -9999 -9999 -9999 -9999 318.4521 -9999 339.8413 351.3646 358.4943 369.5652 -9999
-9999 -9999 -9999 -9999 -9999 -9999 -9999 -9999 -9999 -9999 -9999 -9999 -9999 -9999 367.2239 365.2083 388.25 408.5 408.15 410.37 395.64 391.95 384.9 393.22 373.36 356.66 336.43 311.39 306.06 326.47 341 316.59 292.77 294.36 297.89 268.46 278.19 284.87 258.16 238.88 232.49 223.68 220.17 223.91 219.67 218.93 220.57 218.98 219.21 218.8 219.39 214.22 216.02 226.45 230.14 236.86 247.73 242.5319 241.642 241.9041 247.3247 253.2051 261.1667 273.0121 282.051 287.86 299.66 310.13 322.5625 330.56 341.45 350.65 357.2262 372.67
-9999 -9999 -9999 -9999 -9999 -9999 359.963 358.7625 370.6487 -9999 388.3784 391.6867 391.86 378.3131 375.3 -9999 396.35 414.86 431.15 415.84 398.94 383.75 374.11 358.9 359.7 348.39 340.82 316.86 341.74 342.9 330.29 294.51 299.19 322.48 311.32 276.48 260.92 256.71 261.58 248.61 247.79 242.24 231.78 219.84 217.79 216.54 218.85 227.6 228.72 221.94 231.62 223.22 219.52 234.74 248.08 247.74 239.43 249.47 240.53 246.94 247.2 254.3 259.42 265.63 276.4 282.1 291.39 300.31 312.15 321.27 329.44 337.13 347.38 358.25
-9999 -9999 -9999 -9999 -9999 -9999 369.5891 375.39 384.61 389.65 408.85 446.36 438.59 423.34 401.91 401.71 425.75 428.39 432.45 416 403.82 381.73 371.64 355.91 347.63 345.03 348.57 331.41 337 336.96 312.96 291.99 318.43 331.37 293.18 272.79 269.15 292.11 276.37 276.82 272.34 243.11 280.19 238.99 215.22 224.55 225.83 221.55 224.09 225.84 254.35 238.46 232.5 260.55 322.84 290.65 305.49 295.38 243.22 255.42 249.97 251.38 255.11 263.3 268.09 272.7 280.88 288.95 298.01 306.38 318.32 320.31 328.47 339.05
-9999 -9999 -9999 -9999 337.2151 367.75 379.58 413.32 434.76 441.2 463.33 463.74 455.56 458.96 446.02 452.43 455.15 443.09 438.39 418.55 406.25 390.6 368.34 357.86 351.75 354.27 359.02 336.93 359.63 337.02 334.79 304.57 319.04 325.94 296.67 281.87 303.25 325.18 284.13 301.95 280.2 284.64 247.98 243.15 222.02 237.22 230.37 229.09 250.17 263.26 248.75 258.69 271.41 249.73 281.51 299.31 279.59 237.01 228.17 238.26 273.63 259.49 256.55 259.16 262.09 262.05 272.49 275.63 284.3 298.87 305.54 306.39 308.87 316.93
-9999 -9999 -9999 329.8454 353.51 398.4 412.48 435.8 451.64 467.46 468.97 472.31 460.5 461.75 459.39 454.33 452.38 452.2 457.54 435.86 408.58 395.79 375.37 364.71 363.95 358.51 366.66 361.25 334.04 329.64 302.23 299.19 327.75 342.69 302.26 328.28 318.96 366.26 361.8 341.58 363.87 322.75 335.77 260.28 233.59 292 296.02 275.03 291.15 296.93 263.09 279.92 257.1 248.16 272.49 271.06 301.31 295.49 270.46 252.74 263.47 294.71 277.23 255.92 255.2 257.03 261.8 265 273.14 277.36 279.59 284.85 291.74 296.67
-9999 -9999 -9999 327.2941 379.8384 408.67 429.79 443.61 455.6 467.24 472.43 473.75 476.06 478.02 475.56 468.77 456.12 462.16 450.87 443.84 418.28 409.23 390.09 362 348.09 344.26 361.2 351.68 345.8 309.84 307.56 325.84 320.87 338.18 337.68 347.54 359.23 327.86 318.43 310.94 317.65 293.75 291.99 300.73 277.34 266.14 274.16 257.37 274.64 255.87 229.85 245.26 244.67 240.53 234.48 254.53 287.28 294.38 279.59 255.01 244.01 284.27 269.72 241.82 240.4 243.68 246.44 250.79 254.8 259.53 263.21 267.48 273.06 278.18
-9999 -9999 -9999 -9999 366.4828 425.86 436.9 439.26 463.67 455.8 451.24 487.64 502.49 479.41 473.65 464.37 442.14 439.76 436.78 432.36 428.66 402.88 377.17 356.11 341.43 342 346.69 357.83 329.02 318.14 339.89 369.52 389.81 377.49 338.06 336.22 320.14 326.05 351.45 324.71 330.59 322.39 285.18 251.74 281.33 246.89 237.27 228.65 243.67 219.72 214.87 231.52 219.75 232.56 222.58 245.33 248.37 248.73 247.04 227.21 222.67 225.56 226.89 226.38 229.46 229.3 236.24 234.45 239.14 242.84 249.12 252.02 255.92 260.57
-9999 -9999 -9999 -9999 368.4 388.7031 401.3636 414.0769 496.98 473.9 468.01 466.11 483.4 469.73 462.59 484.24 465.54 463.02 459.46 434.08 431.03 410.83 372.85 379.17 366.25 337.19 367.87 369.6 349.89 346.98 351.6 401.93 357.82 322.92 288.74 286.54 315.46 343.73 336.29 320.89 287.39 259.22 236.79 227.24 217.55 222.96 201.83 195.33 200.79 193.88 195.36 198.13 198.35 205.82 198.8 212.17 220.15 208.5 210.11 213.15 210.09 209.66 207.82 211.18 216.81 214.82 218.81 225.04 224.63 231.08 238.52 238.73 241.51 242.58
-9999 -9999 -9999 -9999 -9999 -9999 478.4239 452.42 478.24 459.09 486.95 506.97 496.93 526.14 511.69 500.5 498.23 475.81 476.38 469.46 424.8 386.96 402.87 396.23 369.66 363.86 383.96 407.42 403.23 378.94 348.34 357.02 310.77 279.67 273.72 262.19 275.19 275.44 263.09 260.61 263.84 252.37 228.18 208.4 198.24 196.59 181.18 176.94 181.27 173.71 183.25 178.57 182.53 182.77 188.14 195.08 195.28 195.07 193.33 197.36 193.3 195.44 195.95 203.65 206.85 207.65 208.18 211.13 211.94 218.19 226.01 224.63 222.01 229.84
-9999 -9999 -9999 -9999 -9999 408.2881 460.0851 -9999 -9999 499.54 504.12 542.3 556.56 561.3 559.3 514.35 498.23 498.33 489.17 479.69 424.48 389.85 393.15 374.48 334.9 358.05 392.05 378.46 384.27 393.89 347.74 313.74 280.86 254.05 244.41 243.12 236.48 233.27 239.84 249.58 230.8 211.96 204.48 191.21 184 178.52 163.88 162.19 163.1 163.59 166.36 165.1 172.23 168.46 177.84 180.7 180.51 181.75 178.19 182.2 180.36 179.74 182.85 189.28 192.13 195.9 197.95 200.65 202.92 208.03 207.78 205.88 205.66 208.49
-9999 -9999 -9999 -9999 -9999 -9999 -9999 434.5 468.3012 492.18 530.02 561.15 570.23 564.9 564.27 543.68 515.4 510.04 499.98 467.66 435.11 390.07 377.3 336.41 329.56 339.08 358.94 361.28 385.89 378.16 343.73 292.33 262.58 242.71 238.26 242.6 266.27 277.55 272.95 254.61 221.4 202.23 192.5 178.47 169.64 162.55 155.21 152.23 151.32 153.42 154.74 159.82 161.39 158.18 165.44 169.11 166.64 168.84 168.62 168.81 170.93 168.47 170.02 172.58 175.26 178.68 183.02 189.5 190.12 191.49 189.74 190.84 198.43 199.59
-9999 -9999 -9999 -9999 -9999 -9999 -9999 464.1458 502.3913 558.9213 532.2 569.1 592.13 593.74 564.92 523.3 489.38 462.29 440.88 425.8 409.97 390.09 363.94 348.97 362.75 354.23 338.7 329.24 367.66 337.68 311.91 285.26 266.87 285.98 312.04 293.05 311.42 307.72 261.98 229.9 207.14 190.97 183.25 169.19 163.48 156.61 150.67 146.15 145.21 146.46 149.91 151.31 151.11 149.49 154.49 158.75 157.11 156.42 156.1 156.78 157.64 158.78 161.5 161.63 163.94 166.34 172.15 175.74 175.22 176.57 178.94 184.04 187.77 187.86
-9999 -9999 -9999 -9999 -9999 -9999 -9999 -9999 -9999 569.3383 561.6559 584.59 589.8 600.49 572.47 506.73 439.22 432.28 398.93 374.76 370.55 428.07 431.51 395.85 381.84 406.71 395.61 323.71 306.99 346.22 345.49 305.74 339.03 338.54 313.02 356.74 349.9 311.52 256.44 229.96 207.27 187.61 173.42 163.89 157.37 152.3 146.74 140.96 141.98 142.46 142.54 144.14 143 143.4 145.92 148.62 148.15 145.98 147.23 147.32 148.14 148.77 150.64 152.09 154.21 158.09 161 162.17 162.78 163.3 168.17 175.28 180.01 191.92
-9999 -9999 -9999 -9999 -9999 -9999 -9999 -9999 527.9359 586.4091 -9999 608.76 600.08 583.34 590.98 520.56 426.79 418.58 426.03 377.48 379.33 422.88 421.03 454.44 453.54 442.95 452.96 366.25 342.27 363.22 392.47 390.36 388.71 372.53 339.23 298.1 300.75 317.8 276.66 229.65 199.64 182.93 170.38 159.93 152.86 147.3 142.03 136.8 138.44 140.28 137.24 136.95 135.28 136.69 138.48 139.42 140.49 139.87 138.9 138.19 139.28 140.84 142.68 144.99 148.36 152.95 152.1 152.5 153.77 157.3 162.79 167.69 177.51 188.6
-9999 -9999 -9999 -9999 -9999 -9999 -9999 -9999 -9999 568.8571 607.44 570.18 544.29 570.14 559.33 490.68 446.37 442.36 427.06 428.06 421.88 425.41 407.79 459.46 489.97 492.69 496.83 429.95 362.63 386.04 397.35 423.59 446.94 418.53 373.15 357.69 328.65 285.04 257.69 222.45 198.79 181.64 170.86 156.46 148.68 143.2 137.98 134.1 134.81 133.19 131.15 130.36 131.41 132.61 132.79 132.7 133.18 133.62 132.54 131.39 131.56 134.54 136.26 139.89 143.73 143.08 144.76 146.72 148.28 151.32 156.29 162.44 177.97 200.17
-9999 -9999 -9999 -9999 -9999 -9999 -9999 -9999 532.1539 623.52 540.11 543.49 511.99 545.14 467.94 489.7 506.67 531.53 497.75 484.81 468.53 433.15 429.86 438.54 459.87 478.3 453.8 408.29 377.98 403.31 419.89 436.73 415.13 344.77 309.59 297.23 280.66 254.48 228.65 204.02 191.89 176.49 164.04 155.15 144.4 138.99 132.96 130.67 129.15 127.13 126.83 126.21 129.41 130.54 128.52 128.14 127.15 125.54 126.42 123.46 128.86 132.27 132.94 135.44 134.39 139.54 140.08 141.82 143.64 147.92 153.92 161.95 161.67 166.91
-9999 -9999 -9999 -9999 -9999 -9999 -9999 592.3333 612.09 566.33 529.87 523.29 526.11 502.36 568.46 608.32 617.56 581.32 534.66 491.15 463.34 445.5 428.86 442.11 388.28 427.71 423.68 397.89 401.82 404.12 407.47 408.47 395.98 320.86 295.67 276.48 257.79 239.14 218.32 198.61 182.43 169.39 158.02 149.4 141.44 134.29 128.86 126.76 125.15 124.88 122.57 123.32 125.97 124.82 126.34 125.22 124.03 121.97 120.78 119.08 123.37 124.99 125.15 129.4 132.65 136.55 136.89 138.09 139.86 141.88 145.6 150.39 158.41 157.63
-9999 -9999 -9999 -9999 -9999 -9999 -9999 570.7667 533.59 539.92 556.61 614.8 570.2 579.84 640.26 591.41 556.94 518.92 518.08 539.42 531.33 494.44 468.04 427.92 364.08 394.11 403.28 377.11 379.16 378.47 363.15 359.13 368.07 306.91 285.6 273.43 261.24 234.8 215.63 197.82 182.87 167.24 154.72 144 135.71 129.16 124.82 122.13 120.66 119.03 119.44 120.63 123.45 122.89 122.27 123.26 123.36 123.83 124.36 119.4 118.12 121.75 125.15 128.34 133.03 135.75 135.5 137.46 139.96 143.44 145.03 152.29 158.85 165.49
-9999 -9999 -9999 -9999 -9999 -9999 -9999 528.5455 544.4318 589.55 576.37 612.12 537.82 534.41 546.1 535.07 519.47 565.57 595.23 576.45 556.01 538.3 462.3 432.44 368.53 389.51 413.6 375.16 360.59 368.89 352.77 334.55 321.97 287.06 278.54 257.14 247.17 235.54 223.42 209.99 190.66 173.82 154.35 143.28 132.98 125.86 120.25 117.19 115.18 114.52 116.29 118.46 119.98 121.48 124.53 126.76 127.64 125.91 123.85 118.93 120.28 122.98 125.31 130.03 131.82 133.37 134.95 135.93 137.76 139.91 141.89 145.79 149.99 154.41
-9999 -9999 -9999 -9999 -9999 -9999 -9999 -9999 567.48 588.9 520.03 535.72 513.58 517.48 538.73 595.08 610.41 625.09 562.98 568.52 542.87 527.36 489.74 435.47 370.27 390.14 416.15 369.09 355.13 339.66 344.21 347.98 311.27 278.41 279.07 251.41 238.37 230.81 209.58 190.88 181.74 170.28 151.55 135.62 127.55 122 115.89 113.4 113.06 113.6 113.14 115.14 119.34 123.07 125.35 127.54 128.71 125.74 122.17 121.11 122.08 123.11 124.46 127.15 128.47 130.22 129.99 131.61 133.95 134.8 136.85 139.16 140.59 142.41
-9999 -9999 -9999 -9999 -9999 -9999 -9999 -9999 534.7 524.6021 538.52 543.63 553.2 520.1 531.73 543.57 541.95 521.99 551.26 566.06 552.25 509.67 454.15 408.06 402.51 426.62 389.47 352.81 328.67 338.33 351.23 364.07 313.27 295.25 269.18 245.64 241.98 229.34 209.42 189.38 171.82 159.98 146.81 132.87 122.66 115.99 111.55 109.15 109.2 110.03 112.8 116.54 119.59 121.28 123.83 126.8 128.32 126.28 124.85 123.22 122.21 122.92 125.06 126.77 127.48 129.34 126.44 126.51 127.91 131.07 131.5 133.73 136.6 137.96
-9999 -9999 -9999 -9999 -9999 -9999 -9999 -9999 516.9868 530.81 528.12 511.88 481.62 479.21 480.18 516.9 524.07 582.87 580.53 549.81 502.59 483.19 441.92 413.62 463.71 407.48 364.25 329.89 313.42 328.95 347.09 340.76 321.22 286.68 262.52 242.82 234.47 219.43 205.98 186.96 172.33 156.41 140.3 128.07 117.84 110.68 107.51 108.58 108.06 108.95 110.7 111.3 114.92 118.07 121.52 124.35 125.29 125.01 123.67 121.73 122.14 123.62 123.61 122.24 122.94 127.37 125.23 128.22 128.94 130.32 130.7 132.92 135.54 136.88
-9999 -9999 -9999 -9999 -9999 -9999 -9999 -9999 -9999 520.1 502.12 497.32 489.83 516.6 492.7 490.28 539.25 530.69 510.75 500.01 470.05 512.36 489.76 501.32 463.1 392.91 345.16 320.97 320.96 331.65 331.82 311.87 296.34 264.6 251.01 237.61 231.37 219.83 198.37 181.11 165.42 154.67 138.76 125.16 113.53 105 102.65 104.42 104.46 105.44 105.27 107.55 110.24 113.71 116.05 117.37 119.2 120.43 119.74 121.52 122.12 123.97 125.3 124.83 125.93 127.4 129.44 131.29 132.63 133.75 138.25 138.52 141.45 138.39
-9999 -9999 -9999 -9999 -9999 -9999 -9999 -9999 -9999 501.53 508.6 497.49 506.96 487.12 488.51 500.89 525.33 522.74 449.27 499.35 550.53 544.97 525.05 485.16 441.08 416.93 391.08 330.56 329.28 353.71 364.97 305.25 277.28 258.25 246.75 236.03 228.4 215.12 192.35 181.44 166.93 149.57 136.79 122.21 110.86 104.67 101.89 103.13 103.41 102.65 101.94 104.79 106.51 108.25 111.25 114.84 115.06 115.6 117.5 119.33 122.1 122.94 123.8 125.04 127.02 127.96 130.05 135.57 144.81 147.24 145.06 137.65 138.01 141.63
-9999 -9999 -9999 -9999 -9999 -9999 -9999 -9999 -9999 496.3636 491.3 482.91 476.75 479.53 494.27 486.33 522.98 504.63 458.78 522.35 599.4 523.34 514.78 490.5 437.69 380.5 359.05 346.05 346.63 320.44 326.91 293.21 280.34 284.88 277.37 254.73 229.53 206.17 195.35 184.69 169.05 154.2 139.19 126.29 115.56 110.38 107.39 104.4 104.75 103.57 103.74 104.91 106.14 106.75 109.78 112 111.48 111.92 114.55 115.12 116.21 118.17 120.77 122.37 125.63 127.51 128.41 134.54 143.67 140.27 138.27 138.53 139.77 141.5
-9999 -9999 -9999 -9999 -9999 -9999 -9999 -9999 -9999 489.038 490.92 481.58 497.68 513.93 497.72 475.71 477.67 452.74 532.45 572.04 507.44 486.87 503.23 448.75 461.03 394.1 411.58 390.73 328.63 310.05 306.53 282.23 288.14 290.88 270.11 242.27 217.1 208.59 198.19 183.55 168.9 156.11 144.94 133.37 123.85 117.93 111.85 108.64 104.47 101.83 104.97 104.55 104.41 105.09 105.54 106.44 107.8 110.18 110.94 112.93 114.02 116.79 119.02 123.09 125.71 128.2 130.29 132.93 137.26 135.16 139.68 144.69 155.25 161.81
-9999 -9999 -9999 -9999 -9999 -9999 -9999 -9999 -9999 480.6793 472.01 467.86 471.65 485.71 474.54 477.18 450.54 529.4 558.5 549.21 448.56 470.29 466.95 411.63 405.81 404.81 432.07 407.25 321.01 318.5 321.46 298.02 298.51 282.06 265.17 243.82 235.9 220.28 200.13 182.31 167.42 157.47 147.24 139.62 127.11 118.17 114.44 112.56 108.74 105.15 104.04 103.8 102.08 103.09 103.38 104.04 105.41 107.22 108.98 110.3 112.2 115.6 118.37 122.59 126.12 129.18 131.6 135.44 138.98 141.09 143.18 156.69 183.22 183.28
-9999 -9999 -9999 -9999 -9999 -9999 -9999 -9999 -9999 -9999 454.0323 444.85 450.83 467.56 475.39 460.77 476.97 492.9 482.19 492.72 451.91 464.6 452.2 431.44 428.79 401.62 376.24 355 313.54 335.97 327.63 298.19 283.9 278.03 273.52 256 237.49 222.42 206.6 188.79 171.54 155.63 144.29 131.79 122.99 116.79 112.83 112.14 109.3 106.5 104.12 102.92 103.1 102.99 102.47 102.19 103.27 104 106.54 107.65 110.24 114.46 118.4 122.41 126.93 132.67 137.93 141.34 144.25 151.37 165.53 180.27 177.55 161.4
