layers/wordclim/future/Iberia_wcB2a_10_hadcm3_2020/bio_01.asc
ncols         166
nrows         93
xllcorner     -9.4959440078468
yllcorner     36.000324005443
cellsize      0.083333337679505
NODATA_value  -9999
[rows 0 to 32 of 93, columns 0 to 72 of 166]
-9999 -9999 -9999 -9999 -9999 -9999 -9999 -9999 -9999 -9999 -9999 -9999 -9999 -9999 -9999 -9999 -9999 137.5122 127.3333 139.9104 139.197 137.0341 139.9855 139.6667 -9999 -9999 -9999 -9999 -9999 -9999 -9999 -9999 -9999 -9999 -9999 -9999 -9999 -9999 -9999 -9999 -9999 -9999 -9999 -9999 -9999 -9999 -9999 -9999 -9999 -9999 -9999 -9999 -9999 -9999 -9999 -9999 -9999 -9999 -9999 -9999 -9999 -9999 -9999 -9999 -9999 -9999 -9999 -9999 -9999 -9999 -9999 -9999 -9999
-9999 -9999 -9999 -9999 -9999 -9999 -9999 -9999 -9999 -9999 -9999 -9999 -9999 -9999 -9999 -9999 139.9697 137.6842 133.34 137.96 130.42 128.46 136.6566 128.7 129.98 136.8969 -9999 -9999 -9999 -9999 -9999 -9999 -9999 -9999 -9999 -9999 -9999 -9999 -9999 -9999 -9999 -9999 -9999 142.5625 142.8654 -9999 -9999 -9999 -9999 -9999 -9999 -9999 -9999 -9999 -9999 -9999 -9999 -9999 -9999 -9999 -9999 -9999 -9999 -9999 -9999 -9999 -9999 -9999 -9999 -9999 -9999 -9999 -9999
-9999 -9999 -9999 -9999 -9999 -9999 -9999 -9999 -9999 -9999 -9999 -9999 -9999 -9999 140.9074 142.6632 140.1919 137.59 133.89 126.9 122.06 123.28 126.77 119.47 134.63 140.53 140.8842 139.7215 139.8592 144.4545 143.075 142.619 139.7105 143.6364 137.0633 140.5152 139.3425 134.9167 132.7273 135.4845 137.3205 139.0714 141.2121 141.64 140.16 143.6883 143.4262 139.4833 138.7288 -9999 -9999 -9999 -9999 -9999 -9999 -9999 -9999 -9999 -9999 -9999 -9999 -9999 -9999 -9999 -9999 -9999 -9999 -9999 -9999 -9999 -9999 -9999 -9999
-9999 -9999 -9999 -9999 -9999 -9999 -9999 -9999 -9999 -9999 -9999 -9999 -9999 -9999 -9999 -9999 136.101 128.45 125.27 128.16 122.73 115.82 112.1 111.22 121.3 132.96 138.43 131.84 140.07 139.596 130.82 126.8 125.33 133.96 119.69 127.81 132.13 127.19 119.29 131.57 138.3939 132.6 131.57 136.15 138.17 137.77 132.18 130.71 138.83 136.64 135.23 132.6667 140.359 142.5763 141.98 -9999 -9999 -9999 -9999 -9999 -9999 -9999 -9999 -9999 -9999 -9999 -9999 147.3151 -9999 146.6825 143.5625 145.4138 144.2609
-9999 -9999 -9999 -9999 -9999 -9999 -9999 -9999 -9999 -9999 -9999 -9999 -9999 -9999 143.5821 143.1875 136.36 129.09 126.88 122.92 125.12 123.22 122.1 116.46 119.82 121.99 126.43 133.03 131.86 120.34 110.59 117.09 124.77 120.42 115.27 126.17 118.03 111.84 123.52 132.15 133.6 138.38 138.88 133.93 136.13 135.04 132.38 132.25 132.69 133.41 133.95 140.31 140.71 132.59 131.62 129.17 122.9 131.9574 138.0741 144.1781 145.8182 147 145.0972 142.4096 143.9796 147.35 145.39 145.26 142.9271 145.01 139.6 140.39 143.4762
-9999 -9999 -9999 -9999 -9999 -9999 142.8148 144.7625 143 -9999 141.3243 140.759 140.42 143.7273 143.96 -9999 136.38 129.77 121.98 123.64 126.01 127.07 126.79 128.56 125.23 125.6 124.69 131.09 117.27 112.79 114.37 126.15 120.46 106.51 107.66 119.96 125.06 123.91 117.29 122.66 120.32 121.04 126.13 131.92 131.41 131.15 127.41 119.47 117.83 123.91 115.65 123.26 129.23 117.36 108.59 112.59 121.19 115.58 128.72 126.78 135.14 132.55 135.05 137.31 134.27 139.53 139.67 138.94 130.82 124.35 126.98 129.56 136.71
-9999 -9999 -9999 -9999 -9999 -9999 141.3151 141.93 141.71 142.14 138.81 130.84 133.21 136.25 140.68 139.46 131.95 128.16 124.05 125.51 125.51 129.28 128.86 130.76 130.04 126.93 121.81 124.69 118.88 114.7 120.76 126.21 110.85 101.79 114.45 120.07 118.06 104.3 108.04 104.67 103.84 116.89 95.86 115.03 128.13 118.14 114.48 118.37 114.99 112.65 96.13 107.28 110.48 93.95 63.98 81.19 72.8 78.4 115.28 106.72 115.18 122.47 125.82 119.72 126.09 133.05 128.26 127.7 126.72 109.93 97.3 114.88 127.24
-9999 -9999 -9999 -9999 145.0645 139.9 139.69 135.14 132.81 133.43 130.28 131.61 133.53 132.32 133.84 130.45 126.66 126.61 124.47 126.64 126.39 127.4 130.98 130.8 128.89 124.52 118.77 122.77 110.34 114.62 111.66 120.06 110.44 103.28 111.5 114.14 101.25 88.99 102.57 91.62 98.45 93.17 106.73 107.1 117.06 107.4 108.23 107.34 95.19 88.87 94.78 89.39 83.47 94.91 78.21 70.8 80.3 107.47 119.71 112.73 87.62 101.22 107.29 108.43 110.29 124.63 112.53 121.4 116.54 96.31 91.27 98.78 105.29
-9999 -9999 -9999 144.3918 141.23 134.58 134.6 132.77 132.27 131.32 133.02 133.95 137.18 136.31 135.15 133.77 130.65 126.5 120.19 123.18 127.32 126.98 129.61 129 125.31 122.9 116.24 113.83 119.6 117.68 124.59 121.71 105.76 96.23 107.83 93.94 93.96 73.35 71.63 75.75 65.02 76.19 69.25 96.26 106.15 78.8 76.08 82.84 74.77 71.07 83.84 76.08 85.62 89.99 78.4 79.32 66.1 70.71 82.84 94.33 87.71 71.35 82.44 98.69 103.12 106.22 105.35 107.49 104.9 105.85 111.72 113.19 113.82
-9999 -9999 -9999 145.5177 137.101 134.58 133.49 134.14 135.12 135.21 136.29 137.88 138.18 137.14 135.14 133.29 132.88 126.35 124.52 121.78 125.57 123.9 125.42 130.49 130.8 127.99 118.37 117.97 115.7 124.77 121.78 110.3 108.16 97.43 93.86 86.26 78.17 86.05 85.69 84.55 79.21 85.11 82.9 77.36 83.67 85.95 81.39 86.49 78.45 84.57 95.59 87.96 87.95 90.59 93.19 83.04 68.8 66.4 72.72 86.05 92.82 71.93 81.06 100.84 105.03 106.49 107.72 107.22 107.83 109.76 115.29 121.83 119.53
-9999 -9999 -9999 -9999 143.0172 133.72 135.24 138.34 136.62 141.3 143.9 138.85 136.64 139.65 138.39 137.07 138.23 135.23 131.26 127.62 124.17 127.06 129.88 132.19 133.3 129.13 123.62 115.23 121.64 121.67 109.25 94.53 83.26 83.34 92.8 89.94 91.5 85.27 73.2 78.77 73.75 73.54 84.01 93.21 80.13 91.18 93.47 95.64 88.37 97.6 99.32 90.87 96.7 90.04 95.39 84.3 83.35 83.3 84.89 96.83 101.6 101.44 101.5 104.63 104.59 107.17 104.21 111.1 109.78 114.47 110.92 114.88 120.96
-9999 -9999 -9999 -9999 145.75 143.6094 145.2273 146.7473 133.05 140.8 144.22 145.09 142.4 143.59 142.4 134.23 134.29 130.39 125.92 128.15 123.96 125.44 132.03 126.08 125.78 131.36 117.04 111.95 114.82 110.85 104.58 83.17 94.23 102.21 110.71 107.01 92.43 78.47 77.64 79.2 87.61 94.59 99.91 100.95 102.39 97.76 105.9 107.05 103.63 107.1 105.73 104.04 104.9 100.94 104.46 97.86 94.27 101.28 101.46 100.13 103.86 105.94 109.65 109.41 106.06 110.97 111.17 105.85 110.18 108.23 103.9 111.98 113.17
-9999 -9999 -9999 -9999 -9999 -9999 133.8261 142.5 140.61 146.59 143.52 140.5 142.18 132.67 134.27 132.28 127.03 127.48 122.09 118.58 126.55 132.13 123.95 121.56 125.21 123.15 112.46 100.08 96.67 100.52 106.44 98.68 110.96 118.66 116.33 116.45 106.91 103.08 103.2 100.01 94.64 95.63 101.68 106.88 108.68 106.63 112.23 113.63 110.5 114.71 108.82 111.81 109.63 110.11 107.14 103.84 103.98 104.87 107.63 105.6 110.22 109.63 111.25 106.74 105.88 106.69 107.94 107.71 109.94 106.58 101.99 108.1 121.51
-9999 -9999 -9999 -9999 -9999 148.661 141.2872 -9999 -9999 143.2 144.08 137.05 131.48 124.9 118.65 129.37 128.08 122.26 119.22 116.66 127.48 131.97 127.59 128.66 135.69 125.16 110.56 110.45 103.73 95.67 107.01 114.47 122.32 128.19 128.07 124.34 122.78 119.43 111.86 102.89 106.58 110.33 110.23 113.08 113.2 112.7 118.6 118.84 118.01 117.96 115.35 117.09 111.97 115.38 110.42 108.17 109.53 109.02 112.64 110.87 112.96 115.9 114.44 110.01 109.71 107.71 107.69 106.64 106.33 104.64 106.64 114.2 123.08
-9999 -9999 -9999 -9999 -9999 -9999 -9999 152.5 149.9277 148.24 143.17 137.18 131.29 127.04 119.78 121.03 123.96 119.08 116.29 121.29 125.2 132.14 131.58 139.25 138.19 132.03 121.93 117.22 104.37 102.12 109.1 123.39 130.52 134.19 131.17 124.9 109.72 100.66 97.74 100.3 109.64 113.94 114.53 118.37 118.37 118.54 121.04 122.78 122.99 121.28 120.25 116.85 116.07 118.97 114.77 112.57 114.88 113.53 114.27 115.74 114.89 117.57 118.15 117.35 116.62 115.48 112.8 107.55 108.11 107.95 112.45 114.73 111.33
-9999 -9999 -9999 -9999 -9999 -9999 -9999 150.7917 147.5 140.3258 146.54 139.34 128.38 116.45 121.72 128.17 131.59 132.28 132.22 131.28 131.25 132.34 135.35 136.3 129.58 128.44 129.31 128.23 111.38 117.03 121.57 126.44 129.24 116.63 101.74 103.6 92.58 89.24 101.27 109.53 114.97 118.44 118 121.61 121.26 121.21 122.74 125.39 125.11 123.47 121.15 119.45 119.77 121.83 118.69 116.28 118.27 119.72 119.65 119.89 120.72 120.92 120.3 120.39 119.96 118.57 113.52 111.03 111.99 112.11 111 109.84 110.53
-9999 -9999 -9999 -9999 -9999 -9999 -9999 -9999 -9999 143.1471 144.8387 140.79 134.98 117.83 120.12 133.84 142.26 138.74 140.75 141.56 139.65 123.85 118.8 124.76 125.31 113.82 112.8 131.42 133.55 115.67 110.73 120.2 102.86 98.23 102.25 81.78 78.77 88.16 102.84 108.82 113.95 118.99 122.64 123.57 123.56 123.7 124.36 126.63 125.11 123.97 123.49 122.2 123.59 124.45 122.26 120.24 120.81 122.67 122.77 123.36 123.1 123.78 123.81 123.55 122.45 118.32 115.53 115.16 115.44 115.17 112.16 109.9 109.1
-9999 -9999 -9999 -9999 -9999 -9999 -9999 -9999 147.7949 141.6515 -9999 139.52 133.18 126.57 115.93 129.54 145.07 141.92 136.13 141.69 138.58 126.63 123.18 110.65 106.02 104.64 96.26 119.19 122.16 110.71 95.4 90.73 86.24 86.1 92.53 102.19 95.65 85.67 95.68 108.73 117.17 120.78 123.61 125.15 125.33 125.43 125.93 127.93 124.66 122.83 125.15 125.51 126.62 126.3 125.2 124.49 123.81 124.38 125.91 125.73 126.17 125.49 125.66 124.51 121.73 116.81 118.06 119.37 117.47 114.8 111.7 110.39 107.36
-9999 -9999 -9999 -9999 -9999 -9999 -9999 -9999 -9999 146.3187 144.75 144.74 145.96 132.32 126.82 137.09 141.09 137.66 136.8 133.3 131.15 127.49 128.09 110.02 96.42 90.56 83.77 100.35 116.93 103.96 94.98 80.85 68.02 71.93 81.91 82.06 86.66 97.16 102.04 111.32 116.74 120.41 121.77 125.35 126.83 127.02 127.43 128.61 125.55 126.07 127.32 128.18 128.42 127.24 127.16 127.27 127.45 126.33 127.29 128.54 128.4 126.74 126.37 123.74 120.43 122.85 122.72 120.48 118.72 116.46 113.87 110.92 103.85
-9999 -9999 -9999 -9999 -9999 -9999 -9999 -9999 148.7473 137.63 150 148.66 149.6 136.89 146.53 136.78 128.25 119.52 122.97 122.27 122.22 127.57 124.3 118.14 106.78 96.75 99.62 109.07 113.65 99.72 89.13 77.71 79.25 97.72 104.55 103.71 103.89 108.44 113.92 119.2 119.84 122.85 124.55 125.21 128.45 127.89 129.02 128.85 128.56 129.24 128.94 129.69 128.67 127.74 129.09 129.53 130.34 131.15 129.66 131.26 127.08 124.11 125.06 124 126.58 123.49 123.71 122.17 119.74 116.59 112.83 108.64 111.07
-9999 -9999 -9999 -9999 -9999 -9999 -9999 135.9048 136.21 145.25 149.71 149.82 145.5 145.92 124.74 107.77 98.82 106.64 115.53 122.4 125.37 126.45 126.55 119.2 129.61 114.42 111.3 114.32 108.05 101.45 94.47 88.65 86.66 107.55 111.19 112.18 114.11 115.52 118.85 121.71 124.08 125.74 127.17 127.36 128.14 129.35 130.69 129.74 129.77 129.19 130.97 130.22 129.24 129.97 130.4 131.23 132.2 133.01 132.39 132.49 128.29 128.94 130.14 127.49 124.68 123.18 123.81 123.1 121.74 120.38 117.83 115.05 111.25
-9999 -9999 -9999 -9999 -9999 -9999 -9999 139.8667 147.69 147.03 144.82 128.73 135.2 128.03 102.15 114.48 119.33 125.24 121.61 111.67 109.29 115.6 118.7 125.13 138.42 126.07 119.77 123.23 117.3 112.05 111.61 107.35 97.7 114.73 116.68 114.66 113.02 117.87 119.83 121.67 123.06 125.71 127.63 128.89 130.27 131.38 131.16 130.48 130.78 131.44 131.91 130.99 129.68 131.62 131.84 132.16 132 130.39 127.86 131.59 133.39 130.82 128.51 126.08 123 121.36 122.42 121.71 119.78 118.11 116.75 112.07 109.77
-9999 -9999 -9999 -9999 -9999 -9999 -9999 146.5758 144.9545 137.26 139.93 127.55 141.29 138.63 130.78 130.5 129.82 114.07 101.4 102.28 103.97 105.09 122.73 126.42 139.84 129.84 119.32 125.99 125.43 117.3 117.18 118.01 116.91 124.98 121.59 123.15 120.19 118.24 116.51 115.52 118.26 121.09 126.11 127.65 129.95 131.18 132.07 132.62 133.27 133.69 132.93 132.06 131.81 131.63 129.89 128.69 128.23 128.23 129.61 134.33 131.56 129.29 127.42 125.17 123 122.03 121.22 121.83 120.76 119.99 119.33 116.76 114.84
-9999 -9999 -9999 -9999 -9999 -9999 -9999 -9999 139.86 133.87 148.03 143.27 145.78 141.72 133.59 115.33 107.03 98.21 113.59 107.63 110.76 111.43 117.7 128.34 142.04 132.23 120.92 130.13 129.43 129.29 121.84 114.77 122.86 130.19 122.55 126.79 124.78 120.53 122.71 124.44 122.06 121.86 126.4 130.6 131.46 131.49 133.16 133.23 132.67 131.82 133.44 133.37 130.79 128.38 127.98 128 128.49 131.21 134.92 133.53 130.4 129.79 128.03 126.93 125.69 124.67 125.83 124.94 123.62 123.92 123.21 122.78 121.31
-9999 -9999 -9999 -9999 -9999 -9999 -9999 -9999 144.9889 146.5918 143.26 141.15 136.91 141.11 135.93 129.96 127.13 129.8 119.25 110.88 110.79 119.55 130.37 138.58 135.78 124.46 131.05 137.54 140.18 131.68 121.31 110.61 123.19 124.1 127.6 130.02 123.5 121.34 122.46 124.77 126.93 126.43 127.42 130.14 131.99 132.66 133.55 134.42 133.53 132.88 132.26 129.96 128.99 129.15 128.81 128.9 130.96 135.7 133 131.84 131.08 130.7 128.77 127.18 126.54 125.35 129.81 130.65 129.49 127.73 127.51 126.02 124.47
-9999 -9999 -9999 -9999 -9999 -9999 -9999 -9999 147.1316 144.19 143.96 145.86 150.3 148.99 146.63 137.33 133.34 116.14 113.55 118.59 128.05 129.76 136.82 140.05 121.43 133.12 140.68 146.53 146.66 136.77 124.97 120.79 121.27 128.12 130.83 131.6 127.89 126.19 124.2 125.76 125.84 127.68 130.06 131.31 131.85 133.55 134.46 132.22 132.22 131.86 132.05 132.99 132.13 131.19 129.9 130.05 134.97 136.45 133.95 134.21 133.14 131.42 130.92 132.08 132.37 128.86 130.94 127.92 128.22 128.09 128.15 126.35 125.15
-9999 -9999 -9999 -9999 -9999 -9999 -9999 -9999 -9999 145.09 147.87 147.87 148.07 141.15 144.43 143.11 130.81 131.37 133.8 133.64 138.86 124.07 127.08 118.32 124.63 139.97 148.3 150.97 146.56 137.72 131.94 132.5 131.77 137.75 136.48 134.97 129.5 126.25 128.25 129.02 129.59 127.77 129.94 131.64 132.85 135.88 135.95 134.22 134.1 134.67 135.37 135.27 135.6 133.83 134.49 136.82 137.56 137.59 137.15 131.49 131.2 129.56 128.02 128.51 129.41 128.92 126.08 124.49 125.32 124.65 121.13 121.75 119.84
-9999 -9999 -9999 -9999 -9999 -9999 -9999 -9999 -9999 147.51 145.84 146.77 143.64 146.47 145.02 141.46 135.37 134.68 148.67 136.5 120.14 118.11 119.59 126.64 134.5 135.81 137.92 150.25 145.78 132.63 122.21 136.39 140.59 141.18 138.91 136.62 131.51 128.9 132.17 128.96 128.78 130.88 130.7 132.59 134.32 134.91 135.52 134.05 134.98 136.51 137.32 136.74 137.31 137.34 136.9 136.03 136.78 137.65 135.8 131.79 130.21 129.16 128.77 128.16 128.27 128.25 127.17 121.39 115.26 114.22 116.16 123.27 122.93
-9999 -9999 -9999 -9999 -9999 -9999 -9999 -9999 -9999 148.0404 147.85 148.28 148.41 147.2 143.83 144.5 136.64 139.84 148.06 132.97 107.07 127.52 125.97 128.39 137.89 147.71 148.85 147.33 142.32 144.67 136.81 142.25 140.39 131.3 127.42 128.82 131.96 134.81 130.94 128.42 127.87 128.43 129.62 130.56 131.98 131.38 131.36 132.67 132.82 133.48 134.41 135.34 135.29 135.5 134.42 134.42 135.95 137.01 134.9 134.62 135.62 133.89 132.81 132.08 130.55 129.32 129.96 123.71 117.35 120.22 122.34 122.99 121.77
-9999 -9999 -9999 -9999 -9999 -9999 -9999 -9999 -9999 148.2278 146.03 146.39 142.57 139.66 142.55 146.48 146.06 150.65 133.19 121.6 136.83 141.05 131.57 141.83 133.55 145.8 136.09 136.29 149.56 149.47 144.86 147.59 138.67 130.23 131.61 135.44 138.94 133.7 130.96 129.99 128.93 128.31 127.57 127.43 127.45 127.09 128.43 130 132.48 134.91 132.55 134.34 135.02 135.76 136.99 136.93 136.75 136.19 135.97 135.91 135.65 135.08 133.73 131.98 130.39 129.94 128.41 126.83 122.71 125.23 123.14 117.41 110.05
-9999 -9999 -9999 -9999 -9999 -9999 -9999 -9999 -9999 148.5849 147.69 146.8 146.27 144.07 146.14 145.86 150.89 134.93 128.72 128.24 150.31 145.16 142.28 151.06 148.47 143.7 132.18 133.39 153.25 148.22 141.36 142.88 135.82 135.81 135.05 135.92 130.77 129.76 131.02 131.62 131.5 129.13 127.63 125.41 126.42 128.16 128.05 127.39 129.55 132.24 133.35 134.08 135.01 135.45 136.25 136.58 135.5 135.5 134.13 135.37 134.92 134.09 133.41 132.06 130.72 129.68 128.55 126.33 123.04 121.79 120.91 109.56 91.37
-9999 -9999 -9999 -9999 -9999 -9999 -9999 -9999 -9999 -9999 148.3118 149.64 149.11 146.52 145.6 148.73 146.27 143.44 145.04 141.29 149.65 145.93 145.49 146.84 143.95 146.59 148.24 149.14 156.17 143.9 140.83 144.21 142.96 138.27 132.41 132.04 131.57 130.23 129.49 129.71 131.37 132.25 130.73 130.82 130.72 130.75 130.32 129.56 130.11 131.74 133.64 133.85 134.2 134.33 135.03 135.75 133.99 134.43 132.21 133.79 134.21 132.53 131.64 132.34 130.92 127 123.07 121.54 119.5 113.78 102.05 92.46 95.14
-9999 -9999 -9999 -9999 -9999 -9999 -9999 -9999 -9999 -9999 149.0833 146.79 150.44 149.39 148.66 143.16 128.49 132.67 117.32 121.34 135.56 130.48 134.32 131.92 130.17 132.95 140.7 142.5 153.99 151.39 150.96 149.17 148.33 139.1 134.27 133.5 131.76 131.63 129.91 129.54 130.38 130.81 131.64 132.23 132.68 132.62 131.67 130.83 129.61 130.32 132.51 132.92 132.86 133.04 133.99 133.44 132.07 133.61 131.38 132.06 131.85 130.23 132.13 130.3 127.36 123.24 117.65 101.48 99.8 99.87 117.64 117.43 103.42
