layers/wordclim/future/Iberia_wcB2a_10_hadcm3_2020/bio_11.asc
ncols         166
nrows         93
xllcorner     -9.4959440078468
yllcorner     36.000324005443
cellsize      0.083333337679505
NODATA_value  -9999
[rows 0 to 33 of 93, columns 0 to 75 of 166]
-9999 -9999 -9999 -9999 -9999 -9999 -9999 -9999 -9999 -9999 -9999 -9999 -9999 -9999 -9999 -9999 -9999 95.63415 84.63889 97.29851 95.92424 93.10227 95.47826 94.66666 -9999 -9999 -9999 -9999 -9999 -9999 -9999 -9999 -9999 -9999 -9999 -9999 -9999 -9999 -9999 -9999 -9999 -9999 -9999 -9999 -9999 -9999 -9999 -9999 -9999 -9999 -9999 -9999 -9999 -9999 -9999 -9999 -9999 -9999 -9999 -9999 -9999 -9999 -9999 -9999 -9999 -9999 -9999 -9999 -9999 -9999 -9999 -9999 -9999 -9999 -9999 -9999
-9999 -9999 -9999 -9999 -9999 -9999 -9999 -9999 -9999 -9999 -9999 -9999 -9999 -9999 -9999 -9999 98.21212 95.55789 90.46 94.67 86.11 83.61 91.47475 82.32 83.35 90.03093 -9999 -9999 -9999 -9999 -9999 -9999 -9999 -9999 -9999 -9999 -9999 -9999 -9999 -9999 -9999 -9999 -9999 97.46875 97.73077 -9999 -9999 -9999 -9999 -9999 -9999 -9999 -9999 -9999 -9999 -9999 -9999 -9999 -9999 -9999 -9999 -9999 -9999 -9999 -9999 -9999 -9999 -9999 -9999 -9999 -9999 -9999 -9999 -9999 -9999 -9999
-9999 -9999 -9999 -9999 -9999 -9999 -9999 -9999 -9999 -9999 -9999 -9999 -9999 -9999 100.1667 101.2421 98.10101 94.95 90.53 82.54 76.62 77.26 80.2 72.08 87.45 92.91 92.73684 91.20253 90.84507 95.29091 93.7125 92.95238 89.69736 94.1039 87.36709 91.18182 90.0685 85.81944 84.03409 87.47423 89.83334 92.10714 94.83839 95.72 94.28 97.57143 97.08197 92.6 91.28814 -9999 -9999 -9999 -9999 -9999 -9999 -9999 -9999 -9999 -9999 -9999 -9999 -9999 -9999 -9999 -9999 -9999 -9999 -9999 -9999 -9999 -9999 -9999 -9999 -9999 -9999 -9999
-9999 -9999 -9999 -9999 -9999 -9999 -9999 -9999 -9999 -9999 -9999 -9999 -9999 -9999 -9999 -9999 93.18182 84.86 80.64 82.98 76.7 68.82 64.2 62.64 72.43 84.07 89.08 81.45 89.72 88.92929 79.32 75.04 73.45 82.64 67.22 76.21 81.12 75.95 67.31 81.77 89.72727 84.13 83.6 88.92 90.99 90.56 83.75 81.62 90.36 87.45 85.34 81.88461 90.61539 92.66102 91.84 -9999 -9999 -9999 -9999 -9999 -9999 -9999 -9999 -9999 -9999 -9999 -9999 100.2055 -9999 99.01588 95.58334 97.36781 95.91304 -9999 -9999 -9999
-9999 -9999 -9999 -9999 -9999 -9999 -9999 -9999 -9999 -9999 -9999 -9999 -9999 -9999 101.7015 100.3125 92.94 84.57 81.55 76.75 78.45 75.71 73.85 67.34 69.99 71.55 75.32 81.6 80.01 67.67 56.92 63.48 71.37 66.57 60.69 72.75 63.79 56.82 70.38 80.84 83.06 88.86 90.16 85.36 87.62 86.11 82.67 82.14 82.02 82.46 82.5 89.39 89.62 80.31 79.07 76.26 69.14 79.2234 85.98766 92.84931 94.93507 96.47436 94.58334 91.96385 93.97959 98.01 96.27 96.46 93.84375 95.99 89.86 90.58 93.5119 88.27 87.21349 92.2037
-9999 -9999 -9999 -9999 -9999 -9999 102.8148 104.4375 102.2297 -9999 99.86487 98.98795 98.73 101.8485 101.26 -9999 92 84.44 75.64 76.92 78.63 78.97 77.81 78.74 74.32 73.85 72 78.33 63.27 58.22 59.34 71.54 65.08 50.03 50.98 64.16 69.89 68.65 61.37 67.81 65.68 66.96 73.55 81.06 80.45 79.73 74.66 64.53 62.27 69.28 59.33 67.87 74.72 61.37 51.77 56.54 65.87 59.79 74.33 72.27 81.81 79.11 82.22 84.73 81.64 87.78 88.13 87.52 78.58 71.04 73.98 76.97 84.61 77.51 76.49 76.42
-9999 -9999 -9999 -9999 -9999 -9999 100.6712 100.99 100.23 100.22 96.3 87.5 89.48 92.38 96.51 94.84 86.46 82.2 77.24 78.41 77.53 80.21 78.89 79.61 77.78 74.15 68.19 70.46 63.89 58.91 64.46 69.83 53.48 43.96 56.43 62.37 60.09 45.37 49.52 45.98 44.71 59.97 36.46 58.27 73.81 61.01 56.41 61.12 56.67 53.9 35.88 48.47 51.63 34.02 3.29 21.27 12.64 18.58 57.86 48.61 58.04 66.28 70.19 63.57 70.91 79.06 73.54 73.19 72.1 53.03 39.35 58.51 72.13 73.67 70.85 77.24
-9999 -9999 -9999 -9999 105.2581 99.28 98.36 93.06 89.77 89.9 86.04 86.92 88.43 86.89 88.12 84.67 80.64 79.94 77.48 78.72 77.28 77.16 79.78 78.69 75.98 70.57 63.81 67.09 53.77 57.39 53.86 61.99 51.45 43.79 51.76 54.26 40.99 28.49 42.13 30.34 37.59 31.57 45.92 46.14 57.74 46.74 47.15 46.08 33.03 26.9 32.93 27.45 21.73 33.94 16.87 9.33 19.21 47.83 61.24 53.81 27.44 41.74 48.49 49.91 51.76 67.8 54.33 64.15 58.97 37.02 31.49 39.48 46.18 58.01 74.99 74.19
-9999 -9999 -9999 104.5979 100.82 93.07 92.45 89.87 88.6 86.87 88.04 88.02 90.76 89.54 88.44 87.04 83.87 79.55 72.37 74.24 77.44 75.96 77.4 75.66 70.89 67.47 59.99 56.68 61.98 58.95 65.39 61.82 45.43 35.45 46.52 32.74 32.33 11.84 9.92 13.45 2.68 13.04 6.41 32.88 42.97 15.15 12.37 18.99 11.06 7.47 19.99 12.78 22.24 26.81 15.52 16.58 3.54 8.73 20.94 32.8 25.96 9.59 20.97 37.69 42.53 45.85 44.71 47.3 44.46 45.38 51.76 53.25 53.86 53.35 56.87 52.53
-9999 -9999 -9999 105.2588 95.92929 92.75 90.8 90.66 90.99 90.28 90.52 90.89 90.46 88.99 87.41 85.93 86.09 79.14 75.99 72.06 74.68 71.64 71.89 75.65 74.94 71.64 61.09 59.52 56.31 64.55 61.12 49.11 46.6 35.66 31.73 24.15 15.74 22.7 21.95 20.48 15.08 20.28 18.01 12.29 18.31 20.16 15.78 20.56 13.15 19.02 30.15 22.88 23.12 26.12 28.98 19.17 5.34 3.07 9.47 23.19 30.2 9.02 18.33 38.62 43.03 44.69 45.76 45.34 46.06 48.12 54.13 61.04 58.34 54.15 53.43 52.37
-9999 -9999 -9999 -9999 101.6724 91.39 92.28 94.71 92.06 96.08 97.97 91.13 87.71 90.75 89.57 89.22 90.08 87.16 82.02 76.92 71.99 73.62 75.05 76.13 76.51 71.29 64.59 55.57 61.01 60.04 47.5 33.05 21.83 21.27 29.53 26.16 27.14 20.91 9.15 13.65 8.68 8.12 17.5 25.88 13.61 23.68 25.79 27.98 21.38 30.43 32.6 24.67 30.87 24.62 29.99 19.16 18.61 18.94 20.55 32.58 38.05 37.68 38.1 41.16 41.18 43.8 40.75 47.77 46.38 51.33 47.82 52.03 58.38 53.6 49.99 46.88
-9999 -9999 -9999 -9999 104.125 101.5313 102.6212 103.3077 88.01 95.16 97.58 97.56 93.43 94.05 92.95 85.92 86.07 81.55 75.59 76.41 70.82 70.76 75.74 69.1 67.56 71.8 57.01 51.21 53.17 48.57 41.81 21.56 30.92 37.37 44.64 40.81 26.77 13.34 12.09 13.13 20.31 26.49 31.01 31.59 32.64 28.41 35.75 36.93 33.86 37.85 36.97 35.72 37.2 33.84 37.81 31.61 28.51 35.76 36.13 35.21 38.94 41.4 44.77 44.9 41.24 46.27 46.52 40.79 44.91 43.17 38.67 47.01 48.07 57.67 58.77 56.48
-9999 -9999 -9999 -9999 -9999 -9999 90.42391 98.69 95.59 100.93 96.47 92.07 92.67 83.18 84.6 82.76 77.46 77.02 70.19 65.34 71.8 75.56 66.94 63.47 65.57 62.65 51.75 39.44 35.59 38 42.35 34.72 44.91 50.94 48.19 47.92 38.84 34.93 34.41 31.01 25.63 26.12 31.14 35.38 36.67 34.46 39.45 41.06 38.55 43.61 38.5 42.08 40.54 41.74 39.04 36.14 36.78 37.96 41.02 39.04 44.03 43.5 45.18 40.63 39.61 40.37 41.36 40.99 43.13 39.79 35.31 41.23 54.93 46.17 48.05 42.5
-9999 -9999 -9999 -9999 -9999 106.3898 98.10638 -9999 -9999 96.86 96.58 88.24 81.84 75.07 68.5 78.56 76.97 69.99 65.78 62.12 71.36 73.84 68.85 68.64 74.01 63.46 49 47.8 40.82 32.67 42.02 47.76 54.01 58.86 58 53.66 52.05 48.68 41.21 32.7 35.48 38.32 37.56 39.51 38.99 38.09 43.7 44.63 44.78 45.3 43.47 45.82 41.58 45.57 41.02 39.28 40.96 40.8 44.74 43.28 45.47 48.31 46.95 42.42 41.98 39.62 39.64 38.41 37.95 36.44 38.43 46.01 55.14 55.68 54.04 52.63
-9999 -9999 -9999 -9999 -9999 -9999 -9999 108.5 104.7349 102.01 95.48 87.93 81.1 76.33 68.75 69.13 70.94 65.4 61.56 65.41 67.69 72.34 70.89 76.73 75.19 68.47 58.19 52.98 40.49 37.61 42.93 54.81 60.85 63.77 59.43 52.96 39.05 30.62 27.28 29.25 36.92 40.3 40.27 43.79 42.76 42.01 44.64 47.33 48.38 47.55 47.36 44.47 44.27 48.01 44.11 42.37 45.31 44.43 45.47 47.17 46.16 48.96 49.5 48.62 47.5 46.3 43.24 38.08 38.37 38.06 42.47 44.58 41.56 44.07 47.25 47.66
-9999 -9999 -9999 -9999 -9999 -9999 -9999 106.6458 102.2283 93.66292 98.55 89.68 77.65 65.51 69.62 74.24 76.2 75.34 74.39 72.31 71.08 71.1 72.74 72.62 66.07 64.15 64.26 62.17 46 50.33 53.58 56.97 58.62 46.16 32.5 33.53 23.19 19.57 29.56 36.3 40.82 43.8 42.85 45.93 44.81 44.26 45.72 49.14 49.04 48.54 47.02 45.74 46.93 49.86 47.02 45.27 47.78 49.72 49.85 50.35 51.29 51.36 50.66 50.64 49.66 48.04 42.53 39.74 40.39 40.41 39.58 38.54 39.19 41.84 41.79 46.71
-9999 -9999 -9999 -9999 -9999 -9999 -9999 -9999 -9999 96.07353 96.45161 90.55 83.18 66.15 67.06 77.98 83.59 79.38 79.46 78.43 76.29 62.75 57.46 61.64 61.15 50.09 48.26 63.96 65.52 48.53 43.35 50.78 34.35 29.68 32.39 13.64 10.39 17.93 30.36 34.99 39.32 43.57 46.46 47.13 46.42 46.45 47.11 49.68 48.63 48.31 48.43 47.81 49.91 51.35 49.77 48.12 49.2 51.46 51.85 52.72 52.68 53.04 52.76 52.48 50.86 46.5 43.33 42.54 42.4 41.4 39.12 37 36.5 32.13 34.49 39.42
-9999 -9999 -9999 -9999 -9999 -9999 -9999 -9999 102.2436 94.4697 -9999 88.69 80.96 73.4 62.47 73.12 85.12 80.71 74.57 77.49 74.2 64.25 60.33 48.63 43.56 41.37 33.04 52.37 54.22 43.2 29.07 23.95 19.39 18.53 23.43 30.98 24.48 15.41 23.42 34.44 41.7 44.59 46.79 47.9 47.7 47.75 48.42 50.72 47.8 46.6 49.41 50.44 52.2 52.43 51.66 51.49 51.49 52.27 54.06 54.38 54.64 53.84 53.8 52.26 49.12 43.95 44.6 45.3 42.92 40.07 37.55 36.83 34.28 29.51 24.44 23.91
-9999 -9999 -9999 -9999 -9999 -9999 -9999 -9999 -9999 98.9011 95.48 93.68 92.69 77.97 71.28 78.95 80.81 76.22 74.14 70.44 67.73 64.19 63.67 47.31 34.78 28.54 21.88 35.46 49.05 36.81 28.24 14.82 2.68 5.38 13.51 12.89 16.41 24.99 28.63 36.38 40.62 43.51 44.53 47.87 48.98 49.16 49.77 51.11 48.31 49.06 50.79 52.06 52.97 52.27 52.56 53.46 53.99 53.37 54.75 56.11 55.88 54.05 53.42 50.54 46.89 48.69 48.15 45.38 43.21 41.05 38.73 36.12 30.2 20.46 17 9.82
-9999 -9999 -9999 -9999 -9999 -9999 -9999 -9999 102.9341 89.53 100.88 97.28 96.08 81.75 88.57 78.05 69.18 60.94 62.72 61.18 60.16 63.79 59.91 53.69 43.03 33.73 35.3 42.56 45.61 32.75 22.51 11.62 12.15 27.83 33.12 31.59 30.98 34.7 38.94 42.96 42.94 45.53 47.09 47.29 50.36 49.56 50.79 50.59 50.49 51.7 51.59 52.74 52.1 51.68 53.48 54.49 55.95 56.97 56.04 58.05 54.02 50.54 51.42 49.83 51.78 48.39 48.14 46.21 43.62 40.44 36.88 33.36 35.36 33.99 29.19 27.28
-9999 -9999 -9999 -9999 -9999 -9999 -9999 90.49207 89.41 97.31 100.33 98.34 91.75 89.96 68.76 52.6 43.44 49.47 56.2 60.92 62.02 62.09 61.19 54 62.14 48.28 44.69 46.42 40.42 33.88 27.11 20.95 18.56 36.15 38.38 38.83 40.03 40.63 42.9 44.94 46.79 48.04 49.02 49.07 49.53 50.44 52.03 51.04 51.37 50.89 52.73 52.4 51.74 53.16 54.03 55.22 56.39 57.99 57.93 58.66 54.28 54.66 55.32 52.49 49.32 47.65 47.21 46.46 44.79 43.32 40.89 38.32 34.95 37.33 36.89 30.31
-9999 -9999 -9999 -9999 -9999 -9999 -9999 94.55 101.55 99.24 95.04 76.93 81.33 72.94 47.94 58.01 61.08 64.83 60.98 51.85 48.81 52.85 54.25 58.72 69.35 57.98 51.65 53.97 48.05 42.71 41.52 36.99 27.95 42.2 43.19 40.78 38.59 42.39 43.68 45.03 45.9 47.91 49.17 50.13 51.3 52.74 52.24 51.52 51.95 52.78 53.3 52.72 51.76 53.87 54.21 55.05 55.24 53.96 51.98 56.32 57.89 55.26 52.8 50.18 46.81 44.93 45.56 44.39 42.49 40.62 39.27 35.04 33.13 30.11 37.12 34.82
-9999 -9999 -9999 -9999 -9999 -9999 -9999 101.7879 98.77273 88.93 89.9 75.69 87.54 83.02 73.82 72 69.74 55.13 43.39 43.22 43.92 43.59 57.35 59.53 70.42 60.82 50.92 56.11 54.86 46.99 46.1 46.38 44.82 51.45 47.46 48.36 44.97 42.55 40.43 39.14 41.15 43.26 47.6 48.62 50.65 52.02 52.92 53.77 54.33 54.71 54.05 53.52 53.29 53.23 51.88 51.01 50.76 50.7 52.52 57.44 54.86 52.54 50.55 48.09 45.93 44.55 43.83 43.88 42.7 41.91 41.38 38.82 36.99 35.33 33.46 33.98
-9999 -9999 -9999 -9999 -9999 -9999 -9999 -9999 93.56 85.57 98.63 91.69 92.31 85.99 76.48 58.33 49.74 41.25 53.59 47.67 49.38 48.75 52.84 60.8 72.1 62.76 51.99 59.37 58.22 57.27 50.15 43.34 49.9 56 48.53 51.72 49.03 44.49 45.83 46.88 44.36 43.66 47.6 51.51 51.87 52.28 53.82 53.78 53.15 52.25 54.13 53.85 51.58 49.42 49.14 49.48 50.05 52.72 56.52 55.33 52.69 52.13 50.43 49 47.46 46.32 47.16 46.23 44.68 44.88 44.21 43.47 42.19 41.41 39.77 36.47
-9999 -9999 -9999 -9999 -9999 -9999 -9999 -9999 99.5 99.36735 94.05 89.49 83.05 85.55 78.44 71.32 67.48 68.41 58 50 48.97 55.11 63.03 69.47 66.39 55.48 60.45 65.75 67.6 59.17 49.3 39.25 49.86 50.11 52.94 54.29 47.65 45.19 45.43 46.87 48.33 47.41 48.51 50.77 52.29 53.04 54.11 54.43 53.65 53.05 52.31 50.27 49.01 49.38 49.16 48.97 50.7 55.37 53.45 52.88 52.11 51.79 50.12 48.28 47.98 46.45 50.32 50.55 49.48 47.74 47.39 45.89 44.49 43.45 42.1 40.97
-9999 -9999 -9999 -9999 -9999 -9999 -9999 -9999 101.6711 96.9 94.8 94.59 97.36 93.79 89.03 77.89 72.9 56.15 52.71 56.17 62.87 63.34 68.32 70.7 53.49 62.8 68.76 73.73 73.5 63.73 52.25 47.83 47.78 53.66 55.44 55.52 51.33 49.2 46.82 47.57 47.58 48.77 50.83 51.64 51.95 53.51 54.34 52.29 52.12 51.72 51.92 52.83 52 51 49.71 49.54 54.04 55.49 53.58 54.34 53.31 51.89 51.26 52.06 52.33 48.92 50.83 47.72 47.79 47.62 47.64 45.89 44.69 44.3 44.32 43.89
-9999 -9999 -9999 -9999 -9999 -9999 -9999 -9999 -9999 97.81 98.95 96.93 94.99 85.61 86.8 83.82 70.3 69.26 70.37 69.1 72.24 58.26 59.89 51.5 55.95 68.62 75.76 78.03 73.24 64.17 58.21 58.15 57.29 62.35 60.6 58.44 52.83 49.13 50.46 51 50.72 48.53 50.22 51.6 52.71 55.28 55.81 54 53.95 54.5 54.83 54.65 55 53.1 53.53 55.88 56.17 56.07 55.85 51.16 51.04 49.44 48.05 48.23 49 48.38 45.75 44.06 44.76 44.14 41.03 41.27 39.46 42.52 44.38 44.77
-9999 -9999 -9999 -9999 -9999 -9999 -9999 -9999 -9999 100.66 97.01 95.76 90.27 91.05 87.78 82.24 74.35 72.11 84.21 71.26 55.67 52.91 53.1 58.24 64.03 64.48 65.79 77.22 72.25 59.37 49.43 61.9 65.12 65.41 62.62 59.9 54.62 51.56 54.03 50.56 49.94 51.28 50.86 52.55 53.99 54.62 55.24 53.88 54.59 56.33 56.98 56.11 56.56 56.58 55.69 54.71 55.3 55.94 54.34 51.04 49.54 48.6 47.91 47.7 47.29 47.27 46.12 41.07 35.9 35.12 36.37 42.39 41.98 39.72 41.04 39.79
-9999 -9999 -9999 -9999 -9999 -9999 -9999 -9999 -9999 101.4545 99.33 97.52 95.36 91.8 86.4 85.41 75.52 77.02 83.55 67.73 44.6 60.54 58.07 59.38 67.06 75.25 75.92 74.15 68.82 70.42 62.55 67.04 64.96 55.86 51.5 52.04 54.82 56.96 52.83 49.94 48.91 49.06 49.99 50.61 51.98 51.57 51.42 52.75 52.91 53.5 54.43 55.11 54.73 54.72 53.49 52.99 54.46 55.19 53.26 52.98 53.79 52.21 51.36 50.26 48.85 47.46 47.77 42.59 37.28 39.53 41.13 41.65 40.56 39.35 36.32 34.11
-9999 -9999 -9999 -9999 -9999 -9999 -9999 -9999 -9999 101.6582 97.33 95.38 89.09 83.84 85.04 87.32 84.74 87.67 69.46 57.81 69.9 71.98 62.72 71.08 62.8 73.71 63.92 63.47 75.42 75.01 69.88 71.95 63.14 54.87 55.07 58.32 61.29 55.69 52.56 51.18 49.91 48.93 48.15 47.97 48.06 47.78 48.89 50.32 52.69 54.92 52.99 54.39 54.76 55.04 55.76 55.53 54.88 54.31 54 53.94 53.59 52.81 51.41 49.6 48.36 47.83 46.33 44.85 41.38 43.42 41.55 36.95 30.86 27.02 26.94 25.76
-9999 -9999 -9999 -9999 -9999 -9999 -9999 -9999 -9999 101.8113 98.98 95.4 92.91 88.46 88.78 86.68 89.82 72.48 65.13 63.79 82.87 75.9 72.53 80.04 76.84 71.79 60.24 60.64 79.26 73.58 66.43 67.15 60.23 59.79 58.18 58.49 53.19 51.73 52.53 52.64 51.9 49.69 48.16 46.29 46.91 48.28 48.54 48.5 50.49 53.11 54.05 54.32 54.98 54.93 55.18 55.01 54.11 53.68 52.2 53.45 52.33 51.8 50.85 49.3 48.16 46.91 45.9 43.93 41.15 40.31 39.47 30.24 15.12 14.81 19.99 24.04
-9999 -9999 -9999 -9999 -9999 -9999 -9999 -9999 -9999 -9999 98.88172 98.23 95.87 91.28 88.26 89.67 85.09 80.54 80.79 76.09 82.38 77.12 76.01 76.14 72.24 74.34 75.19 75.16 81.8 69.19 65.45 68.5 66.84 61.93 55.8 54.91 53.86 52.04 50.86 50.83 51.82 52.61 51.17 50.77 50.68 50.78 50.96 50.43 51.34 52.86 54.43 54.21 54.25 53.94 54.09 54.56 52.74 52.84 50.41 51.65 51.48 49.87 48.88 48.91 47.48 44.07 40.85 39.81 38.15 33.87 24.52 16.36 18.28 27.34 22.85 30.3
-9999 -9999 -9999 -9999 -9999 -9999 -9999 -9999 -9999 -9999 99.64286 95.24 97.09 94.4 91.43 83.95 68.44 70.57 55.52 57.53 68.79 62.79 65.4 62.45 60.01 61.54 67.87 68.92 79.38 76.21 75.48 72.95 71.74 62.5 57.27 55.99 53.86 53.18 51.41 50.54 50.94 51.35 51.51 52.13 51.97 52.31 52.23 51.97 51.46 52.13 53.57 53.57 53.52 52.9 53.52 52.61 50.99 52.05 49.79 49.9 49.48 47.68 48.84 46.91 44.08 40.76 36.71 24.75 22.93 22.81 36.65 36.44 25.03 32.35 39.53 37.55
-9999 -9999 -9999 -9999 -9999 -9999 -9999 -9999 -9999 -9999 101.407 94.8 90.59 87.86 86.24 83.32 75.66 61.55 53.45 55.97 55.33 53.85 60.5 67.22 59.31 54.22 61.59 71.92 75.88 68.59 67.59 70.21 62.73 60.34 58.42 57.66 55.61 52.97 52.66 52.4 50.61 50.24 51.69 52.14 52.03 52.15 53.26 55 55.39 53.2 52.67 52.04 51.58 51.21 51.32 50.38 50.79 51.09 49.39 48.13 46.91 47.45 47.99 47.17 42.89 38.03 21.84 14.03 27.88 37.89 41.82 43.55 38.93 39.07 45.09 45.16
