layers/wordclim/future/Iberia_wcB2a_10_hadcm3_2020/bio_01.asc
ncols         166
nrows         93
xllcorner     -9.4959440078468
yllcorner     36.000324005443
cellsize      0.083333337679505
NODATA_value  -9999
[rows 0 to 32 of 93, columns 73 to 145 of 166]
-9999 -9999 -9999 -9999 -9999 -9999 -9999 -9999 -9999 -9999 -9999 -9999 -9999 -9999 -9999 -9999 -9999 -9999 -9999 -9999 -9999 -9999 -9999 -9999 -9999 -9999 -9999 -9999 -9999 -9999 -9999 -9999 -9999 -9999 -9999 -9999 -9999 -9999 -9999 -9999 -9999 -9999 -9999 -9999 -9999 -9999 -9999 -9999 -9999 -9999 -9999 -9999 -9999 -9999 -9999 -9999 -9999 -9999 -9999 -9999 -9999 -9999 -9999 -9999 -9999 -9999 -9999 -9999 -9999 -9999 -9999 -9999 -9999
-9999 -9999 -9999 -9999 -9999 -9999 -9999 -9999 -9999 -9999 -9999 -9999 -9999 -9999 -9999 -9999 -9999 -9999 -9999 -9999 -9999 -9999 -9999 -9999 -9999 -9999 -9999 -9999 -9999 -9999 -9999 -9999 -9999 -9999 -9999 -9999 -9999 -9999 -9999 -9999 -9999 -9999 -9999 -9999 -9999 -9999 -9999 -9999 -9999 -9999 -9999 -9999 -9999 -9999 -9999 -9999 -9999 -9999 -9999 -9999 -9999 -9999 -9999 -9999 -9999 -9999 -9999 -9999 -9999 -9999 -9999 -9999 -9999
-9999 -9999 -9999 -9999 -9999 -9999 -9999 -9999 -9999 -9999 -9999 -9999 -9999 -9999 -9999 -9999 -9999 -9999 -9999 -9999 -9999 -9999 -9999 -9999 -9999 -9999 -9999 -9999 -9999 -9999 -9999 -9999 -9999 -9999 -9999 -9999 -9999 -9999 -9999 -9999 -9999 -9999 -9999 -9999 -9999 -9999 -9999 -9999 -9999 -9999 -9999 -9999 -9999 -9999 -9999 -9999 -9999 -9999 -9999 -9999 -9999 -9999 -9999 -9999 -9999 -9999 -9999 -9999 -9999 -9999 -9999 -9999 -9999
-9999 -9999 -9999 -9999 -9999 -9999 -9999 -9999 -9999 -9999 -9999 -9999 -9999 -9999 -9999 -9999 -9999 -9999 -9999 -9999 -9999 -9999 -9999 -9999 -9999 -9999 -9999 -9999 -9999 -9999 -9999 -9999 -9999 -9999 -9999 -9999 -9999 -9999 -9999 -9999 -9999 -9999 -9999 -9999 -9999 -9999 -9999 -9999 -9999 -9999 -9999 -9999 -9999 -9999 -9999 -9999 -9999 -9999 -9999 -9999 -9999 -9999 -9999 -9999 -9999 -9999 -9999 -9999 -9999 -9999 -9999 -9999 -9999
138.78 138.1573 143.0926 -9999 -9999 144.5517 143.28 138.95 141.7326 141.5513 143.4545 -9999 -9999 -9999 -9999 -9999 -9999 -9999 -9999 -9999 -9999 -9999 -9999 -9999 -9999 -9999 -9999 -9999 -9999 -9999 -9999 -9999 -9999 -9999 -9999 -9999 -9999 -9999 -9999 -9999 -9999 -9999 -9999 -9999 -9999 -9999 -9999 -9999 -9999 -9999 -9999 -9999 -9999 -9999 -9999 -9999 -9999 -9999 -9999 -9999 -9999 -9999 -9999 -9999 -9999 -9999 -9999 -9999 -9999 -9999 -9999 -9999 -9999
130.69 129.82 129.73 137.73 137.5306 146.2828 142.89 143.32 142.61 141.11 138.12 142.4848 142.3014 147.5333 148.1967 150.0984 149.1786 149.9479 145.57 135.31 140.1351 -9999 -9999 -9999 -9999 -9999 -9999 -9999 -9999 -9999 -9999 -9999 -9999 -9999 -9999 -9999 -9999 -9999 -9999 -9999 -9999 -9999 -9999 -9999 -9999 -9999 -9999 -9999 -9999 -9999 -9999 -9999 -9999 -9999 -9999 -9999 -9999 -9999 -9999 -9999 -9999 -9999 -9999 -9999 -9999 -9999 -9999 -9999 -9999 -9999 -9999 -9999 -9999
128.63 126.26 132.18 136.81 135.7 132.83 142.03 142.74 140.27 133.65 134.21 136.49 135.75 137.31 136.18 137.42 145.05 136.09 137.02 123.56 136.11 130.88 123.23 121.9 -9999 -9999 -9999 -9999 -9999 -9999 -9999 -9999 -9999 -9999 -9999 -9999 -9999 -9999 -9999 -9999 -9999 -9999 -9999 -9999 -9999 -9999 -9999 -9999 -9999 -9999 -9999 -9999 -9999 -9999 -9999 -9999 -9999 -9999 -9999 -9999 -9999 -9999 -9999 -9999 -9999 -9999 -9999 -9999 -9999 -9999 -9999 -9999 -9999
115.92 131.34 130.84 135.79 134.6 135.73 136.03 136.95 127.34 132.82 135.12 135.26 132.06 131.27 131.21 134.6 137.17 125.15 119.17 118.37 130.73 132.22 129.31 118.3973 -9999 -9999 -9999 -9999 -9999 -9999 -9999 -9999 -9999 -9999 -9999 -9999 -9999 -9999 -9999 -9999 -9999 -9999 -9999 -9999 -9999 -9999 -9999 -9999 -9999 -9999 -9999 -9999 -9999 -9999 -9999 -9999 -9999 -9999 -9999 -9999 -9999 -9999 -9999 -9999 -9999 -9999 -9999 -9999 -9999 -9999 -9999 -9999 -9999
113.37 116.6 112.82 115.88 132.51 133.02 119.56 104.79 120.78 120.67 132.54 135.67 127.37 134.61 139.43 135.36 122.79 125.3 112.46 114.11 114.66 110.47 101.69 100.4625 -9999 95.96429 93.80357 -9999 -9999 -9999 -9999 -9999 -9999 -9999 -9999 -9999 -9999 -9999 -9999 -9999 -9999 -9999 -9999 -9999 -9999 -9999 -9999 -9999 -9999 -9999 -9999 -9999 -9999 -9999 -9999 -9999 -9999 -9999 -9999 -9999 -9999 -9999 -9999 -9999 -9999 -9999 -9999 -9999 -9999 -9999 -9999 -9999 -9999
115.65 115.11 114.11 112.8 116.5 119.76 122.79 117.45 124.51 125.41 119.51 116.87 106.66 118.52 125.58 119.43 108.68 111.93 118.52 120.68 120.5 120.3 111.99 108.61 102.75 99.74 97.85 93.46 86.36559 82.63934 78.02 62.39655 -9999 -9999 -9999 -9999 -9999 -9999 -9999 -9999 -9999 -9999 -9999 -9999 -9999 -9999 -9999 -9999 -9999 -9999 -9999 -9999 -9999 -9999 -9999 -9999 -9999 -9999 -9999 -9999 -9999 -9999 -9999 -9999 -9999 -9999 -9999 -9999 -9999 -9999 -9999 -9999 -9999
116.69 113.44 110.63 116.32 115.04 113.3 116.1 125.04 129.61 129.6 128.31 126.34 125.34 115.33 117.32 116.54 115.61 105.06 118.49 128.99 126.47 122.36 118.58 112.36 110.16 105.2 94.05 101.72 92.35 90.38 82.74 63.23 57.35526 -9999 -9999 -9999 -9999 -9999 -9999 -9999 -9999 -9999 -9999 -9999 -9999 -9999 -9999 -9999 -9999 -9999 -9999 -9999 -9999 -9999 -9999 -9999 -9999 -9999 -9999 -9999 -9999 -9999 -9999 -9999 -9999 -9999 -9999 -9999 -9999 -9999 -9999 -9999 -9999
122.26 123.57 121.33 112.57 127.04 120.55 126.71 126.75 122.2 120.79 116.44 117.61 110.77 108.43 112.67 114.36 105.01 110.89 116.12 129.92 132.78 131.94 124.17 123.72 123.35 114.46 110.66 108.45 104.65 103.05 89.38 77.9 68.37 49.12903 52.97015 42.8718 50.88636 32.70707 23.28358 -9999 -9999 -9999 -9999 -9999 -9999 -9999 -9999 -9999 -9999 83.67 63.43 41.0641 36.36364 -9999 -9999 -9999 -9999 -9999 -9999 -9999 -9999 -9999 -9999 -9999 -9999 -9999 -9999 -9999 -9999 -9999 -9999 -9999 -9999
113.14 114.88 109.37 113.87 131.03 132.53 131.84 126.57 125.75 123.84 115.83 120.06 120.98 119.75 119.12 122.04 128.65 132.97 128.91 131.04 124.89 124.63 118.48 117.88 123.12 127.78 118.2 111.85 106.57 108.87 102.18 99.28 95.61 79.51 69.84 39.59 51.93 68.07 34.7 46.95652 -9999 -9999 -9999 47.18056 -9999 29.25926 -9999 -9999 -9999 67.07143 76.37 61.64 49.84 42.57 57.02439 42.4127 43.69697 -9999 -9999 -9999 -9999 -9999 -9999 -9999 -9999 -9999 -9999 -9999 -9999 -9999 -9999 -9999 -9999
123.57 122.21 120.94 118.72 123.61 128 131.9 123.89 115.55 113.34 119.06 120.3 120.48 123.14 131.77 131.6 130.14 135.45 138.74 137.94 129.5 125.86 114.82 115.56 122.17 128.53 120.63 114.14 118.73 118.5 119.27 108.69 101.61 98.68 94.56 81.09 76.29 84.95 66.87 75.85 54.78 45.42 61.26 74.16 47.31 47.38 31.94 59.96 20.59 30.32 40.14 37.59 36.03 50.68 82.82 62.61 61.81 36.71134 -9999 -9999 -9999 -9999 -9999 -9999 -9999 -9999 -9999 -9999 -9999 -9999 -9999 -9999 -9999
113.86 117.3 118.1 120.29 128.4 132.75 133.98 135.93 135.19 133.96 134.9 133.42 132.96 135.29 138.35 137.77 139.48 139.79 142.41 141.89 135.8 131.14 122.56 127.77 133.61 132.3 130.24 119.89 115.21 107.12 114.16 116.92 106.95 106.33 99.08 101.61 102.96 88.62 77.32 86.17 81.56 86.71 101.93 91.5 55.24 61.35 79.01 57.59 48.9 61.22 56.73 47.51 31.59 36.53 79.29 93.26 77.85 52.88 -9999 -9999 -9999 -9999 -9999 -9999 -9999 -9999 -9999 -9999 -9999 -9999 -9999 -9999 -9999
113.24 113.26 118.22 122.18 124.93 129.22 129.58 132.88 136.79 135.46 138.37 141.36 141.88 143.28 143.22 141.31 142.35 142.89 141.33 143.44 139.8 140.9 133.1 130.98 132.68 122.68 117.86 114.08 112.91 105 103.48 111.77 109.58 109.92 104.96 107.64 107.67 95.81 88.68 86.35 102.43 103.49 116.26 98.97 87.37 88.26 87.69 74.92 84.93 94.82 77.56 48.1 54.01 57.14 89.36 82.01 69.11 67.19 -9999 -9999 41.38095 44.08421 57.30337 89.62963 100.0882 -9999 -9999 -9999 -9999 -9999 -9999 -9999 -9999
104.19 106.87 112.06 107.47 107.92 116.6 121.06 131.99 130.17 120.06 129.52 133.67 136.87 136.95 140.54 142.68 145.62 145.39 142.96 145.78 144.92 144.26 142.7 140.54 139.69 134.13 123.38 119.42 114.29 109.47 107.61 113.24 115.57 106.42 105.73 104.71 100.35 99.93 96.09 92.67 93.51 107.4 119.67 121.2 115.77 106.41 98.79 88.75 84.03 96.9 95.87 92.17 97.35 90.96 99.38 70.09 84.16 105.34 112.25 96.73 91.5 96.54 101.23 99.78 84.56165 -9999 54.875 55.3 75.76 90.65882 -9999 -9999 -9999
102.13 96.47 95.96 93.89 103.76 93.93 105.87 121.66 111.3 105.38 114.83 113.86 111.55 120.85 118.18 133.9 143.66 146.92 146.9 147.06 147.47 144.28 141.69 141.68 140.9 138.21 133.19 128.78 124.68 122.07 117.95 123.98 123.51 116.32 105.65 97.23 95.88 94.17 85.04 92.83 97.6 106.39 120.72 126.44 112.69 118.88 104.93 114.08 101.47 112.8 104.08 94.04 113.86 115.66 87.5 81.56 95.28 120.24 103.37 82.25 71.62 71.6 86.55 83.83 81.17 88.21 99.61 93.68 96.41 116.36 129.62 133.11 132.32
93.16 89.4 81.52 82.19 85.41 82.58 98.74 104.62 101.06 112.53 105.51 112.41 103.67 116.04 119.72 129.12 137.1 139.12 147.17 150.26 150.36 146.8 147.05 146.95 143.05 141.91 140.13 139.67 134.89 130.14 126.99 130.48 131.76 130.43 128.76 124.17 120.06 114.98 117.07 118.07 112.34 115.4 116.01 127.88 120.76 130.22 124.34 117.01 113.31 123.28 109.91 121.41 130.48 108 85.51 99.77 118.52 114.7 91.71 80.02 79.42 86.75 93.74 114.72 104.41 110.18 118.56 125.12 118.08 124.28 145.06 146.74 153.37
109.36 103.79 101.64 100.05 95.88 103.42 100.24 89.8 96.22 101.94 96.17 91.94 99.91 108.58 109.61 117.79 124.17 126.74 142.5 147.86 147.99 150.17 149.09 145.05 142.55 146.2 146.45 145.83 143.29 139.65 137.33 138.5 137.75 134.59 131.95 132.94 131.97 126.7 128.39 130.37 128.21 130.74 130.38 136.57 128.45 129.56 119.93 120.7 119.04 128.23 117.89 136.28 134.43 130.63 109.93 106.81 123 111.78 101.77 96.92 112.07 106.66 94.85 127.9 124.27 125.72 124.6 132.54 117.93 116.78 141.38 138.41 148.13
113.9 113.48 105.98 90.31 86 85.16 78.23 82.59 82.22 83.09 85.15 94.06 103.29 100.44 107.17 113.49 126.92 135.68 139.38 143 148.86 151.08 151.61 148.25 141.23 142.09 149.69 145.29 138.16 135.67 137.68 143.18 139.92 140.14 136.67 138.3 137.54 132.32 133.11 135.93 135.48 138.27 141.53 143.58 125.48 122.04 121.44 129.77 125.97 116.7 114.2 131.98 112.75 118.62 122.91 131.42 140.01 133.88 129.32 128.29 125.56 122.89 131.83 143.01 137.18 136.53 132.17 137.43 143.77 131.04 123.45 142.2 151.7
106.54 114.46 111.95 108.9 106.67 100.53 89.79 95.42 87.57 96.94 97.96 104.81 99.2 97.89 105.09 113.3 124.14 129.26 132.31 133.71 145.19 146.97 150.6 154.25 152.8 152.11 151.48 146.19 138.37 130.21 136.81 146.81 144.3 138.87 139.12 142.98 143.52 139.43 138.67 141.24 139.41 144.2 146.65 147.26 141.52 136.27 129.55 130.9 134.47 125.69 132.59 136.33 124.57 140.26 144.44 143.19 140.87 135.74 128.37 134.92 142.49 142.18 140.79 147.84 143.26 144.37 137.94 141.72 148.33 142.65 138.78 141.74 155.93
112.46 110.84 111.7 110.2 107.54 106.75 107.21 110.17 111.78 113 111.98 115.3 114.88 108.86 106.33 112.03 116.58 116.8 123.8 131.78 137.08 135.82 142.59 151.59 153.55 155.84 154.15 143.67 139.03 139.18 143.28 150.25 146.51 140.17 135.04 142.18 144.77 147.43 146.71 145.68 140.38 146.93 152.34 150.53 149.1 147.04 145.59 145.53 141.63 139.7 142.44 147.84 146.83 150.5 146.6 148.97 147.52 140.87 136.13 133.2 142.22 150.36 148.76 154.46 151.88 145.76 131.53 140.57 142.15 136 129.64 139.09 153.8
120.45 118.62 114.83 113.42 113.15 110.68 110.48 111.22 111.39 111.55 117.28 118.71 116.94 113.8 111.99 112.97 112.87 112.23 92.15 101.54 127.68 134.79 141.66 146.54 150.33 154.02 157.02 156.22 151.88 147.71 152.08 154.53 148.48 143.29 134.75 137.43 143.74 147.61 150.63 149.12 149.16 153.25 155.53 151.78 155.33 157.14 157.13 153.26 155.28 155.54 158.02 157.63 155.74 153.96 152.79 149.11 146.92 145.66 144.03 137.86 137.71 146.79 157.99 159.6 156.95 145.65 136.8 138.39 133.64 121.97 126.14 155.04 161.91
123.5 121.73 120.45 118.83 118.62 115.99 118.21 115.92 113.12 115.47 117.1 119.24 120.52 119.3 117.61 117.54 113.77 106.84 102.33 97.28 108.24 123.01 129.81 141.49 147.94 151.29 154.97 156.96 159.91 159.5 158.36 158.3 149.22 143.71 138.53 134.89 136.35 142.67 150.35 153.28 154.44 157.05 159.04 156.98 159.87 160.91 156.4 154.35 160.9 162.56 162.64 161.6 160.45 158.27 155.37 151.32 146.73 140.58 138.33 140.61 143.09 150.15 161.58 162.98 150.34 144.66 142.91 148.99 150.25 149.3 159.56 164.82 164.49
124.82 124.65 124.56 121.5 123.02 121.41 121.13 120.68 121.67 120.71 118.57 119.66 122.88 122.25 119.39 118.44 115.2 113.04 111.33 115.91 120.82 130.64 131.83 137.19 148.69 153.07 149.57 147.32 153.31 158.41 160.57 162.44 158.67 153.44 152.78 149.57 142.09 138.64 143.59 146.32 144.42 151.85 157.43 161.14 163.09 160.77 160.51 162.96 165.78 164.93 163.55 161.66 159.81 158.2 154.45 147.87 143.18 140.11 142.15 149.35 151.11 150.6 150.48 164.07 148.61 152.93 161.28 168.43 168.67 166.07 160.39 162.404 164.7632
123.3 125.45 126.31 127.08 126.4 123.63 124.42 125.66 123.24 122.2 120.92 122.71 119.91 117.84 119.47 120.46 116.22 118.56 118.72 120.76 120.2 133.89 140.46 142.54 150.94 152.89 148.21 140.47 147.86 149.03 150.32 156.29 160 162.23 159.99 156.52 153.49 150.37 147.77 152.04 153.06 153.14 156.34 156.49 162.57 164.51 166.78 167.76 165.86 163.69 162.26 160.6 157.3 152.59 146.69 140.3 136.48 138.47 141.76 151.05 157.03 157.47 160.98 169 167.17 168.46 172.85 174.75 169.37 168.2553 -9999 -9999 -9999
120.6 122.15 120.69 122.08 123.21 123.69 124.42 123.59 123.63 124.94 125.23 122.93 118.73 118.5 125.05 123.9 122.96 122.75 125.96 130.44 127.68 125.68 142.25 143.45 148.82 150.1 145.51 145.02 144.72 138.92 141.93 147.77 154.05 159.08 163.65 162.39 157.23 153.03 152.85 154.48 155.51 158.59 160.08 159.65 158.22 169.73 167.94 164.98 162.16 157.99 154.32 152.06 151.19 146.19 146.36 147.93 142.76 142.55 139.41 143.74 153.9 165.24 169.72 170.63 174.23 174.54 172.88 175.383 -9999 -9999 -9999 -9999 -9999
120.56 116.9 114.26 113.76 112.28 113.07 118.37 120.85 118.22 118.63 120.3 121.78 121.3 124.81 129.93 128.82 126.65 127.52 127.35 136.33 134.93 140.71 128.9 126.67 127.05 138.27 142.3 138.56 139.86 133.81 141.96 151.09 155.39 160.26 161.9 164.02 161.26 156.08 155.66 155.92 156.54 159.42 165.29 161.81 164.77 164.14 161.11 158.78 154.92 150 146.72 143.92 139.74 142.74 147.52 155.38 153.79 153.61 144.64 152.31 164.82 168.62 166.7 159.95 170.23 177.95 177.383 -9999 -9999 -9999 -9999 -9999 -9999
105.79 105.89 104.79 105.96 107.64 111.91 115.22 116.9 118.1 117.32 117.66 117.29 121.38 128.56 131.56 133.38 134.03 135.33 133.52 134.96 137 138.07 130.29 122.3 121.19 124.83 132.3 130.96 131.28 132.71 138.89 146.74 151.97 156.21 159.37 161.97 165.31 165.7 166.39 167.04 168.51 169.2 166.88 161.83 161.88 163.98 163.14 167.35 163.9 155.09 141.81 137.73 132.97 128.7 145.26 164.32 164.93 163.45 161.58 168.09 171.46 169.91 172.78 165.3878 171.7778 180.8088 -9999 -9999 -9999 -9999 -9999 -9999 -9999
91.19 97.84 102.92 100.32 107.62 118.51 118.09 121.55 123.37 116.17 116.28 116.56 121.2 126.2 128.81 127.03 124.1 125.03 128.49 131.37 125.33 126.38 129.36 123.27 121.05 120.87 120.18 122.05 126.66 131.82 137.64 141.07 145.99 153.15 158.09 161.31 162.82 162.88 164.65 166.91 167.62 166.72 163.38 166.88 167.3 167.05 163.41 173.7 169.34 160.67 161.63 153.73 148.52 157.33 163.43 171.97 170.58 170.8 170.7857 176.1266 175.1667 -9999 -9999 -9999 -9999 -9999 -9999 -9999 -9999 -9999 -9999 -9999 -9999
106.39 101.45 110.53 108.89 113.83 118.02 120.34 124.54 125.02 118.47 116.75 116.83 115.37 113.73 111.98 112.02 115.58 118.12 119.02 120.99 117.97 116.24 118.76 126.13 121.82 119.56 115.57 116.15 122.15 127.29 132.42 132.42 130.26 142.07 152.79 153.62 156.23 158.58 160.14 157.78 163.79 163.4 161.71 165.38 161.63 159.09 156.03 167.24 173.96 173.55 164.23 152.6 167.23 173.57 175.74 176.716 -9999 -9999 -9999 -9999 -9999 -9999 -9999 -9999 -9999 -9999 -9999 -9999 -9999 -9999 -9999 -9999 -9999
112.5 121.59 119.25 116.15 126.34 127.62 126.94 127.37 123.1 120.6 117.21 115.65 115.54 111.18 107.85 109.16 113.38 108.87 110.81 113.54 115.96 115.88 114.08 113.06 123.19 116.29 112.1 104.88 111.88 122.1 127.68 130.92 134.01 140.15 144.11 143.4 148.72 153.18 158.15 159.07 156.57 154.27 157.66 159.35 157.52 160.36 161.3 169.95 178.8 166.5 156.74 163.19 177.1268 -9999 -9999 -9999 -9999 -9999 -9999 -9999 -9999 -9999 -9999 -9999 -9999 -9999 -9999 -9999 -9999 -9999 -9999 -9999 -9999
