layers/wordclim/future/Iberia_wcB2a_10_hadcm3_2020/bio_12.asc
ncols         166
nrows         93
xllcorner     -9.4959440078468
yllcorner     36.000324005443
cellsize      0.083333337679505
NODATA_value  -9999
[rows 33 to 65 of 93, columns 0 to 72 of 166]
-9999 -9999 -9999 -9999 -9999 -9999 -9999 -9999 -9999 -9999 1061.709 1114.22 1143.41 1167.79 1169.02 1182.7 1252.72 1394.06 1460.91 1410.67 1383.68 1358.89 1251.68 1133.41 1167.84 1168.05 1040.94 899.2 821.96 834.86 797.04 737.51 748.26 724.89 694.35 656.15 630.32 607.14 574.69 540.47 517.94 491 452.16 426.77 410.17 397.9 393.24 380.26 373.72 375.45 375.01 372.4 371.35 370.7 367.85 371.43 370.11 370.85 377.23 386.03 397.04 405.53 416.17 432.37 461.82 486.89 581.37 643.06 554.55 501.86 484.01 477.37 498.28
-9999 -9999 -9999 -9999 -9999 -9999 -9999 -9999 -9999 -9999 1028.643 1076.69 1128.53 1211.48 1370.98 1362.9 1328.45 1223.01 1235.97 1258.23 1305.06 1309.74 1274.51 1196.92 1181.71 1160.05 1043.54 907.98 856.62 869.21 858.12 795.11 743.08 739.63 713.45 677.02 637.26 605.63 569.68 541.04 517.98 493.15 464.79 448.86 433.75 421.53 414.3 401.96 385.81 382.95 384.02 382.29 385.91 381.35 376.31 371.09 366.15 369 374.68 384.92 395.99 405.37 420.17 440.09 472.13 509.71 644.59 531.27 572.04 544.27 490.1 460.88 441.32
-9999 -9999 -9999 -9999 -9999 -9999 -9999 -9999 -9999 -9999 1000.101 1027.33 1085.94 1266.12 1204.17 1263.33 1240.72 1126.23 1154.67 1205.42 1231.47 1221.55 1192.52 1180.78 1147.7 1144.93 1027.84 930.11 903.8 847.19 848.72 830.55 775.11 733.32 719.25 693.37 653.8 611.14 582.54 553.83 528.23 511.07 491.2 477.93 465.47 457.66 441.35 409.95 403.1 394.16 390.02 391.95 396.98 399.94 393.48 377.58 379.59 372.64 378.12 385.39 400.14 414.12 432.54 475.18 580.64 594.75 657.56 607.39 512.62 468.75 456.9 433.97 436.9
-9999 -9999 -9999 -9999 -9999 -9999 -9999 -9999 -9999 982.8919 979.2065 999.88 1028.54 1071.95 1189.21 1161.11 1193.01 1139.07 1181.37 1184.37 1138.71 1117.31 1102.12 1109.07 1084.75 1030.41 983.16 959.24 949.13 905.97 860.41 849.4 796.98 753.74 711.04 704.89 668.75 621.37 595.88 576.03 550.91 527.56 519.5 513.34 499.32 461.08 430.84 421.4 416.7 413.69 414.01 419.13 438.59 431.18 435.48 432.18 421.05 393.58 393.12 396.28 450.09 453.85 491.88 512.41 501.45 472.88 478.53 464.89 462.91 473.96 446.46 427.03 435.59
-9999 -9999 -9999 -9999 -9999 -9999 -9999 -9999 -9999 963.6486 975.0721 972.82 980.37 1042.71 1133.01 1261.66 1304.29 1133.86 1101.55 1086.98 1083.33 1099.66 1112.57 1055.59 994.51 993.51 990.8 1068.49 1003.78 935.71 904.36 862.21 816.07 751.93 702.64 672.56 656.94 644.98 625.59 608.88 592.61 584.06 543.43 506.99 486.02 467.23 451.4 442.63 442.96 454.03 469.43 474.46 501.2 494.09 473.95 443.54 408.66 397.34 407.74 433.46 462.88 492.69 491.39 525.44 462.88 436.52 461.62 463.31 443.95 442.08 433.35 427.62 438
-9999 -9999 -9999 -9999 -9999 -9999 -9999 -9999 -9999 951.8 962.98 953.12 954.61 992.05 1133.88 1284.14 1063.43 1045.91 1033.64 1060.84 1043.02 1037.31 1015.53 1053.51 1231.71 1239.65 1126.84 1085.14 1021.63 962.11 903.78 888.84 821.21 753.58 715.62 678.81 656.19 685.99 693.97 725.54 632.46 591.59 531.8 499.11 501.61 493.34 466.25 468.73 481.75 476.45 471.56 508.78 570.72 493.8 452.75 454.31 470.72 465.89 441.96 401.78 414.41 405.54 419.69 448.67 426.97 428.9 427.48 432.73 432.2 443.44 440.07 436.58 438.24
-9999 -9999 -9999 -9999 -9999 -9999 -9999 -9999 926.2903 939.22 948.16 952.13 941.97 1001.19 1065.75 1043.64 1016.78 995.7 1006.6 1007.45 1034.74 1056.72 1259.77 1501.44 1348.97 1203.28 1069.81 1089.39 1010.81 944.45 918.2 899.26 814.79 771.98 763.65 722.58 686.15 686.77 666.44 638.35 603.76 499.27 481.62 495.32 483.78 512.39 500.91 474.93 468.22 489.33 567.61 628.11 622.89 589.31 595.38 542.51 457.48 409.77 385.06 384.89 377.98 376.11 394.45 405.68 403.97 406.23 412.46 436.24 435.3 444.05 445.58 434.72 430.04
-9999 -9999 -9999 -9999 -9999 -9999 -9999 -9999 909.8022 920.62 933.96 945.54 932.47 1005 998.95 954.02 965.32 976.7 1000.3 1045.21 1069.32 1289.48 1677.33 1514.23 1139.72 986.15 949.71 1014.11 1015.08 964.22 955.95 913.49 867.9 821.12 778.65 747.99 775.17 703.37 654.13 547.76 497.45 489.51 511.5 509.28 561.35 694 629.95 503.92 516.73 613.39 636.72 623.36 611.81 534.38 515.7 466.1 444.64 462.86 474.98 436.79 375.59 372.68 378.47 381.12 379.89 399.18 409.74 431.68 442.65 433.75 439.32 434.71 429.02
-9999 -9999 -9999 -9999 -9999 -9999 -9999 -9999 898.33 908.43 925.19 918.54 914.21 986.87 981.06 934.62 961.59 976.15 997.06 1069.76 1123.3 1234.57 1511.61 1440.49 1004.04 926.18 938 939.46 972.8 1006.73 989.53 989.71 904.26 839.3 830.79 741.53 678.77 606.37 562.47 520.86 479.13 491.15 496.87 515.96 703.46 797.94 626.24 576.4 629.99 684.14 752.54 688.96 617.63 496.78 516.86 509.49 410.13 359.4 374.71 384.39 383.11 379.68 369.42 365.9 383.3 399.62 405.61 424.64 435.14 430.16 428.11 422.76 431.61
-9999 -9999 -9999 -9999 -9999 -9999 -9999 888.3561 882.98 868.63 875.32 874.24 887.59 943.14 944.44 963.73 962.46 1012.55 1137.53 1272.23 1322.69 1117.89 1037.54 988.97 950.51 940.62 894.26 884.75 892.48 895.33 802 756.35 861.04 732.83 659.4 611.37 576.46 580.03 523.8 492.09 468.84 452.76 531.61 658.23 554.26 629.39 787.14 751.29 717.21 511.55 576.82 515.41 410.36 366.76 384.16 342.54 350.31 359.33 374.35 382.07 365.51 355.53 359.2 375.26 391.27 398.37 400.73 421.37 423.84 427.94 424.18 420.88 424.69
-9999 -9999 -9999 -9999 -9999 -9999 -9999 -9999 838.2841 850.65 855.5 860.66 913.12 929.52 918.42 1033.26 1115.43 1162.02 1163.48 1218.91 1156.11 1031.9 1044.12 1039.41 984.84 917.96 840.62 823.76 814.3 767.53 720.32 704.77 696.32 641.27 584.31 568.3 565.91 553.22 511.55 488.1 471.71 482.48 547.77 528.66 584.91 495.27 468.28 448.73 410.72 363.83 357.38 353.07 353.88 358.2 358.79 361.47 384.82 398.07 358.73 351.56 350.43 358.29 370.33 382.09 387.92 388.81 402.64 408.77 410.93 425.58 412.08 414.36 429.62
-9999 -9999 -9999 -9999 -9999 -9999 -9999 819.3734 837.14 835.64 832.16 906.07 943.53 933.54 1100.39 1204.66 1132.01 1069.44 1072.65 1038.62 989.36 1092.96 1004.58 1044.31 900.21 837.91 819.26 792.14 793.39 786.23 748.77 670.87 632.11 587.05 568.12 561.71 543.21 514.39 485.01 466.88 469.37 474.95 473.68 469.82 456.31 406.53 390.12 372.04 365.22 360.08 355.07 356.92 355.99 354.39 356.91 366.5 360.02 350.82 351.1 351.78 355.36 362.72 373.11 379.39 379.45 380.12 392.85 394.1 406.15 405.56 401.22 409.92 413.4
-9999 -9999 -9999 -9999 -9999 -9999 -9999 800.43 827.14 827.61 834.24 931.44 920 943.08 1041.1 1022.95 978.28 1002.83 1068.26 1070.32 1069.71 1003.89 873.19 875.78 857.97 808.25 786.09 752.51 743.09 724.25 684.03 647.99 645.9 596.65 569.59 545.03 523.34 498.79 482.42 487.08 486.92 466.43 434.41 412.55 400.64 392.08 386.02 377.99 371.81 366.11 362.96 362.31 359.83 360.42 363.87 356.25 356.37 355.53 355.42 363.79 371.17 373.35 372.68 371.13 372.49 382.18 384.17 384.45 389.84 400.52 417.16 431.14 438.97
-9999 -9999 -9999 -9999 -9999 -9999 764.5079 767.66 807.96 829.35 829.37 885.87 879.34 924.56 932.41 919.76 966.11 1032.38 1072.08 1127.89 984.4 876.42 831.26 834.68 828.99 789.13 718.41 705.58 691.32 699.31 668.4 638.72 611.92 597.34 569.49 550.45 535.13 518.91 519.32 522.13 487.27 457.4 429.08 412.71 404.55 397.26 392.8 395.22 381.48 375.4 376.9 379.61 371 369.68 363.28 367.86 377.6 372.74 366.91 362.1 364.25 368.34 370.85 370.09 378.51 383.94 383.69 387.58 393.6 401.34 415.47 428.24 432.94
-9999 -9999 -9999 -9999 -9999 -9999 755.1531 755.07 780.27 823.67 862.83 859.8 837.43 887.6 874.06 879.55 887.24 925.91 996.99 1004.3 887.37 836.36 825.37 823.23 770.98 714 707.99 688.93 696.55 668.03 649.25 632.96 607.26 578.75 557.62 553.49 544.06 537.63 508.35 482.7 467.9 449.58 445.43 434.3 426.07 406.65 411.14 412.99 393.28 392.71 390.81 387.25 375.46 380.21 378.83 381.62 390.39 387.85 385.05 385.84 384.47 374.62 385.17 397.87 401.79 408.27 413.72 409.69 408.36 409.59 409.39 413.9 423.34
-9999 -9999 -9999 -9999 -9999 733.9464 753.28 762.89 768.11 819.5 834.24 806.77 792.26 823.23 869.33 839.37 877.29 878.79 893.54 853.36 804.11 807.7 775.18 748.27 743.03 744.12 721.92 689.15 688.04 662.49 625.68 609.56 613.47 598.45 575.74 539.64 509.1 505.6 501.19 495.33 482.53 465.95 464.01 460.43 467.58 468.04 455.53 437.79 436.41 437.74 425.23 409.43 409.18 409.17 427.18 417.09 416.43 414.53 417.45 410.96 410.62 402.45 411.88 421.2 413.53 424.79 423.76 423.2 422.76 423.09 419.1 420.63 419.47
-9999 -9999 -9999 -9999 -9999 712.9146 717.49 758.83 803.11 882.64 821.84 792.05 774.25 767.35 809.81 805.93 841.03 866.89 856.94 804.65 770.2 749.24 731.12 743.71 741.4 725.76 698.35 704.64 666.25 644.72 636.99 623.7 616.06 605.99 593.89 556.75 528.29 508.44 496.55 488.15 477.9 464.86 462.97 460.92 462.27 463.58 469.43 476.5 473.41 497.98 464.43 464.31 435.9 426.27 466.76 460.35 466.53 459.88 460.97 451.13 448.77 427.2 426.96 438.71 443.11 436.76 439.11 435.66 428.34 429.44 422.36 423.99 424.21
-9999 -9999 -9999 -9999 -9999 695.2121 714.21 827.15 870.1 855.07 843.54 742.63 732.61 732.64 766.16 780.48 783.54 786.96 778.49 773.5 745.13 762.68 750.59 758.19 729.49 727.81 717.22 723.02 699.97 652.07 614.14 606.83 598.42 582.62 573.45 558.98 541.03 506.59 500.67 486.75 473.86 470.37 468.19 474.37 474.49 478.74 475.58 474.7 527.21 525.4 529.11 476.94 470.7 444.3 446.08 469.43 472.21 470.69 507.42 461 495.56 478.97 472.12 465.65 468.05 463.42 452.6 431.94 427.99 427.22 425.64 424.34 425.4
-9999 -9999 -9999 645.5238 651.96 687.73 745.84 800.62 786.6 737.67 716.56 703.61 698.13 713.96 713.04 708.05 710.76 710.97 741.43 747.37 762.59 760.16 758.07 761.98 776.3 750.03 727.88 712.66 714.14 677.66 626.74 599.82 579.37 560.68 551.78 543.46 536.31 531.57 514.36 502.54 485.37 478.66 478.48 488.51 491.86 533.24 505.54 496.89 534.08 557.66 484.6 459.6 448.83 449.82 431.26 433.45 431.09 439.45 454.56 444.87 457.04 450.98 441.66 435.4 475.11 499.36 480.65 455.35 439.44 439.67 429.46 425.1 423.39
-9999 -9999 622.1719 629.9302 656.05 682.3 719.84 693.76 696.25 702.26 683.35 675.3 688.86 730.18 726.25 721.44 712.99 732.53 739.88 734.15 728.72 736.18 744.37 756.85 814.04 842.98 796.13 753.75 711.46 678.59 653.16 629.73 588.35 592 566.8 538.69 525.23 519.99 514.4 509.87 499.96 496.48 500.77 496.78 494.14 525.12 531.58 514.64 495.36 485.36 471.62 443.48 447.99 434.26 430.39 427.1 432.15 438.24 449.58 465.55 472.06 475.8 447.12 455.91 465 462.3 475.68 458.72 444.18 450.63 460.68 436.21 422.18
-9999 -9999 638.52 652.67 664.03 678.47 681.37 669.81 676.69 673.37 660.01 663.2 692.76 704.84 712.67 715.55 713.26 702.98 701.45 707.88 692.24 699.71 704.04 714.78 753.65 841.95 816.78 715.49 650.75 643.48 622.07 586.57 565.3 572.2 548.66 544.3 542.79 517.9 520.29 526.2 515.6 507.16 509.03 491.78 472.21 478.59 462.02 464.63 459.75 475.64 467.72 445.09 441.92 437.32 463.2 447.73 446.14 455.72 450.06 453 451.01 434.35 430.44 441.99 465.88 459.95 445.81 449.77 463.54 457.74 474.26 434.87 418.85
-9999 -9999 643.78 656.8 671.6 734.09 672.07 670.13 667.92 652.1 647.94 669.51 677.86 681.56 687.69 693.31 685.01 671.66 685.73 683.76 667.25 675.59 696.12 694.34 690.89 703.96 709.51 678.39 629.45 604 605.19 562.73 553.35 550.55 545.34 547.59 541.46 530.78 526.33 522.36 547.63 518.77 481.75 477.53 468.07 467.4 460.43 462.99 453.49 456.69 464.75 462.01 452.29 452.33 464.99 481.49 467.58 461.43 451.75 460.47 475.11 454.52 432.54 431.24 456.06 453.53 437.34 423.77 423.21 441.41 428.12 414.14 414.81
-9999 653.8125 655.34 677.74 712.44 687.5 658.72 663 644.84 637.2105 647.13 656 667.43 673.86 674.65 672.8 654.28 662.8 665.4 652.55 650.99 653.13 658.29 677.21 669.11 658.38 638.11 628.82 599.39 569.7 564.93 541.96 544.49 536.8 533.98 529.09 516.72 512.55 520.44 511.66 503.08 479.62 475.68 469.71 463.97 466.59 463.51 460.78 460.52 462.31 468.83 465.41 474.91 480.24 477.06 485.07 497.59 473.24 466.64 481.23 486.44 471.62 457.9 443.79 450.92 450.52 429.34 417.15 415.59 415.68 417.09 417.01 418
-9999 686.36 689.33 711.42 728.36 702.63 643.7341 636.6778 630.9425 635.81 644.92 648.39 654 648.99 644.55 643.45 642.7 644.9 643.91 643.26 636.06 637.11 636.13 631.08 633.69 631.59 612.53 589.01 584.03 562.37 529.72 522.56 514.61 511.45 512.79 507.61 501.94 497.35 503.5 508.59 496.46 480.52 476.15 472.28 470.77 471.77 473.44 486.98 489.35 473.05 478.77 482.8 478.04 484.7 487.19 493.16 500.11 499.43 482.69 472.41 466.68 485.7 471.77 444.46 452.73 434.17 423.62 418.56 416.84 418.5 420.48 421.94 421.41
-9999 731.8674 759.34 757.25 760.06 704.8041 641.4937 630.12 630.75 632.89 632.41 628.22 619.08 624.28 628.3 624.03 621.58 615.5 618.47 638.63 638.12 641.77 636.88 631.1 627.44 625.6 628.01 606.56 557.01 534.03 515.26 508.03 502.33 499.65 500.25 496.45 493.7 491.74 499.79 500.03 481.74 480.06 480.87 483.25 485.54 485.72 487.59 487.64 489.37 497.88 496.53 486.92 500.35 528.01 508.68 511.53 505.29 497.8 489.71 498.29 479.42 473.75 473.34 457.1 456.26 442.18 435.12 428.88 426.74 427.53 429.57 429.73 429.62
-9999 768.63 786.55 765.89 705.53 672.2833 634.7037 630.32 629.68 629.87 632.76 627.22 625.1 627.87 616.19 617.97 618.13 619.13 616.36 621.59 621.73 626.63 656.32 655.11 636.01 616.43 631.95 601.24 542.58 516.06 507.7 505.7 502.7 496.58 494.43 494.47 497.26 501.23 497.7 491.27 494.18 498.76 499.07 508.61 508.14 509.3 511.13 499.71 507.12 511.01 514.36 507.21 501.28 517.95 505.58 510.04 515.83 515.19 523.36 519.75 496.78 485.55 493.33 478.71 460.2 452.36 445.31 441.14 444.83 443.74 445.41 457.46 449.03
781.3333 797.78 794.98 748.65 685.0425 -9999 -9999 630.18 628.99 625.64 620.73 621.87 619.98 625.28 622.28 621.62 630.38 627.75 619.69 623.59 618.65 623.14 622.3 647.91 649.15 596.59 571.96 548.08 524.68 519.62 517.23 514.8 512.04 511.79 509.4 510.57 519.69 520.17 507.28 518.05 522.21 529.35 530.96 528.9 550.71 529.39 530.09 519.38 528.61 534.91 541.68 539.54 533.13 510.64 526.17 525.81 519.53 512.23 526.41 519.7 522.5 507.81 497.99 495.2 488.61 480.49 487.78 470.62 455.35 453.23 450.86 454.86 452.27
740.66 747.6197 735.3108 712.7532 677.9111 636.875 632.5168 624.6 621.25 622.24 622.72 618.73 615.62 613.41 621.15 631.14 641.94 638.48 627.13 620.68 616.86 608.66 627.83 621.5 594.47 589.5 541.84 530.66 535.44 528.82 529.36 525.55 523.85 522.04 523.7 520.15 526.69 534.18 524.55 516 533.1 552.15 558.56 549.35 549.95 549.68 546.5 556.27 558.9 572.05 564 557.66 538.51 529.38 530.91 523.39 520.66 527.31 526.71 524.75 532.31 538.3 525.85 512.33 502.45 506.46 515.27 498.57 466.71 467.4 470.8 461.81 459.93
-9999 -9999 -9999 686.2703 660.4156 641.1071 634 624.27 613.29 606.36 606.85 605.13 607.38 620.39 629.63 630.41 634.73 635.69 622.24 598.75 591.02 584.35 580.25 584.27 569.44 547.39 540.04 530.31 542.7 551.52 559.17 552.61 541.44 539.05 540.17 538.06 544.01 550.46 546.78 536.78 554.66 563.36 577.12 580.63 562.79 578.74 579.34 592.66 583.28 569.03 560.22 555.23 550.8 550.87 565.96 546.02 549.2 559.19 551.25 550.79 549.34 550.64 545.9 534.86 530.15 521.61 501.98 489.37 504.67 478.78 486.71 478.48 473.08
-9999 -9999 -9999 -9999 659.72 650.09 651.3131 620.1765 598.7912 594.5165 601.38 591.25 589.61 609.23 611.02 612.72 622.67 610.28 592.23 585.85 576.3 565.97 567.89 573.49 568.01 545.33 526.39 533.89 541.45 561.37 568.89 583.31 605.35 586.49 599.2 561.7 560.6 576.05 572.29 563.37 555.17 593.58 591.6 588.26 579.98 608.03 620.58 604.32 596.41 578.42 583.28 584.58 584.13 576.51 575.25 568.5 562.14 558.65 567.37 593.22 599.6 576.2 560.91 548.23 521.89 518.75 521.38 506.61 495.34 501.5 496.81 493.95 494.28
-9999 -9999 -9999 -9999 673.9012 673.0428 -9999 598.647 -9999 583.7949 580.57 580.03 577.89 573.78 585.64 586.81 578.42 575.85 575.73 574.48 561.56 551.75 558.9 557.26 549.27 531.77 520.89 530.69 538.73 550.09 568.66 592.34 633.8 638.48 634.77 605.03 576.15 602.53 598.4 590.25 575.1 581.18 594.77 608.72 605.19 618.81 619.63 610.43 614.3 616.23 606.04 608.12 608.69 599.89 602.95 600.84 595.77 588.26 577.9 574.89 584.23 612.7 601.18 588.09 574.11 533.98 510.7 532.08 546.48 556.84 554.06 511.37 500.73
-9999 -9999 -9999 -9999 -9999 -9999 -9999 -9999 582.3571 580.5919 574.8737 564.36 564 567.4 561.56 581.07 573.77 567.41 569.84 582.67 567.66 557.99 544.8 540.21 529.86 517.92 523.99 527.51 535.2 555.14 562.63 594.97 616.94 567.36 584.23 591.34 608.93 611.83 615.28 619.58 607.36 604.38 619.41 612.88 621.93 622.8 624.27 628.81 634.86 632 632.85 638.73 633.1 629.09 626.8 626.42 622.46 613.76 610.3 603.25 589.12 585.26 570.95 580.22 574.87 565.95 515.36 538.21 530.57 529.27 539.4 516.28 504.9
-9999 -9999 -9999 -9999 -9999 -9999 -9999 -9999 -9999 579.62 580.44 571.92 557 550.91 543.66 552.14 556.27 562.95 564.29 558.32 566.91 579.12 554.02 532.68 523.81 515.09 519.28 522.83 531.88 539.55 557 573.55 563.83 559.44 571.54 577.47 597.98 613.03 628.94 636.58 639.62 636.87 635.89 636.47 638.51 641.76 634.97 646.14 648.4 637.62 638.83 639.3 656.89 667.95 644.66 636.45 640.45 631.64 627.86 621.35 620.5 612.58 601.07 566.5 577.33 556.77 527.22 524.4 517.74 500.78 493.71 483 458.7
