layers/wordclim/future/Iberia_wcB2a_10_hadcm3_2020/bio_05.asc
ncols         166
nrows         93
xllcorner     -9.4959440078468
yllcorner     36.000324005443
cellsize      0.083333337679505
NODATA_value  -9999
[rows 0 to 32 of 93, columns 73 to 145 of 166]
-9999 -9999 -9999 -9999 -9999 -9999 -9999 -9999 -9999 -9999 -9999 -9999 -9999 -9999 -9999 -9999 -9999 -9999 -9999 -9999 -9999 -9999 -9999 -9999 -9999 -9999 -9999 -9999 -9999 -9999 -9999 -9999 -9999 -9999 -9999 -9999 -9999 -9999 -9999 -9999 -9999 -9999 -9999 -9999 -9999 -9999 -9999 -9999 -9999 -9999 -9999 -9999 -9999 -9999 -9999 -9999 -9999 -9999 -9999 -9999 -9999 -9999 -9999 -9999 -9999 -9999 -9999 -9999 -9999 -9999 -9999 -9999 -9999
-9999 -9999 -9999 -9999 -9999 -9999 -9999 -9999 -9999 -9999 -9999 -9999 -9999 -9999 -9999 -9999 -9999 -9999 -9999 -9999 -9999 -9999 -9999 -9999 -9999 -9999 -9999 -9999 -9999 -9999 -9999 -9999 -9999 -9999 -9999 -9999 -9999 -9999 -9999 -9999 -9999 -9999 -9999 -9999 -9999 -9999 -9999 -9999 -9999 -9999 -9999 -9999 -9999 -9999 -9999 -9999 -9999 -9999 -9999 -9999 -9999 -9999 -9999 -9999 -9999 -9999 -9999 -9999 -9999 -9999 -9999 -9999 -9999
-9999 -9999 -9999 -9999 -9999 -9999 -9999 -9999 -9999 -9999 -9999 -9999 -9999 -9999 -9999 -9999 -9999 -9999 -9999 -9999 -9999 -9999 -9999 -9999 -9999 -9999 -9999 -9999 -9999 -9999 -9999 -9999 -9999 -9999 -9999 -9999 -9999 -9999 -9999 -9999 -9999 -9999 -9999 -9999 -9999 -9999 -9999 -9999 -9999 -9999 -9999 -9999 -9999 -9999 -9999 -9999 -9999 -9999 -9999 -9999 -9999 -9999 -9999 -9999 -9999 -9999 -9999 -9999 -9999 -9999 -9999 -9999 -9999
-9999 -9999 -9999 -9999 -9999 -9999 -9999 -9999 -9999 -9999 -9999 -9999 -9999 -9999 -9999 -9999 -9999 -9999 -9999 -9999 -9999 -9999 -9999 -9999 -9999 -9999 -9999 -9999 -9999 -9999 -9999 -9999 -9999 -9999 -9999 -9999 -9999 -9999 -9999 -9999 -9999 -9999 -9999 -9999 -9999 -9999 -9999 -9999 -9999 -9999 -9999 -9999 -9999 -9999 -9999 -9999 -9999 -9999 -9999 -9999 -9999 -9999 -9999 -9999 -9999 -9999 -9999 -9999 -9999 -9999 -9999 -9999 -9999
234.97 235.0899 237.8704 -9999 -9999 238.6552 240.96 241.03 244.6163 246.3205 249.0727 -9999 -9999 -9999 -9999 -9999 -9999 -9999 -9999 -9999 -9999 -9999 -9999 -9999 -9999 -9999 -9999 -9999 -9999 -9999 -9999 -9999 -9999 -9999 -9999 -9999 -9999 -9999 -9999 -9999 -9999 -9999 -9999 -9999 -9999 -9999 -9999 -9999 -9999 -9999 -9999 -9999 -9999 -9999 -9999 -9999 -9999 -9999 -9999 -9999 -9999 -9999 -9999 -9999 -9999 -9999 -9999 -9999 -9999 -9999 -9999 -9999 -9999
234.94 234.73 234.8 238.39 238.7143 242.2626 243.91 246.76 248.7 249.26 250.03 253.8687 255.1507 259.65 261.6066 263.6557 263.2381 265.5 263.33 258.15 262.7433 -9999 -9999 -9999 -9999 -9999 -9999 -9999 -9999 -9999 -9999 -9999 -9999 -9999 -9999 -9999 -9999 -9999 -9999 -9999 -9999 -9999 -9999 -9999 -9999 -9999 -9999 -9999 -9999 -9999 -9999 -9999 -9999 -9999 -9999 -9999 -9999 -9999 -9999 -9999 -9999 -9999 -9999 -9999 -9999 -9999 -9999 -9999 -9999 -9999 -9999 -9999 -9999
237.01 237.18 239.73 241.91 242.13 241.83 247.84 250.41 251.23 249.11 251.69 254.12 254.9 257.65 257.75 259.16 265.41 261.22 262.65 257.06 264.87 262.61 259.69 259.07 -9999 -9999 -9999 -9999 -9999 -9999 -9999 -9999 -9999 -9999 -9999 -9999 -9999 -9999 -9999 -9999 -9999 -9999 -9999 -9999 -9999 -9999 -9999 -9999 -9999 -9999 -9999 -9999 -9999 -9999 -9999 -9999 -9999 -9999 -9999 -9999 -9999 -9999 -9999 -9999 -9999 -9999 -9999 -9999 -9999 -9999 -9999 -9999 -9999
236.13 242.58 243.56 245.96 246.12 247.53 249.95 251.93 248.74 253.88 256.5 257.88 257.12 258.71 259.68 262.51 265.86 259.85 256.82 258.23 266.83 269.49 267.99 260.3014 -9999 -9999 -9999 -9999 -9999 -9999 -9999 -9999 -9999 -9999 -9999 -9999 -9999 -9999 -9999 -9999 -9999 -9999 -9999 -9999 -9999 -9999 -9999 -9999 -9999 -9999 -9999 -9999 -9999 -9999 -9999 -9999 -9999 -9999 -9999 -9999 -9999 -9999 -9999 -9999 -9999 -9999 -9999 -9999 -9999 -9999 -9999 -9999 -9999
239.71 241.12 240.43 241.82 250.09 251.35 247.09 239.67 249.92 251.98 259.67 262.58 260.02 265.31 269.21 268.38 260.93 264.75 257.33 259.52 260.55 258 249.84 249.675 -9999 244.2738 243.25 -9999 -9999 -9999 -9999 -9999 -9999 -9999 -9999 -9999 -9999 -9999 -9999 -9999 -9999 -9999 -9999 -9999 -9999 -9999 -9999 -9999 -9999 -9999 -9999 -9999 -9999 -9999 -9999 -9999 -9999 -9999 -9999 -9999 -9999 -9999 -9999 -9999 -9999 -9999 -9999 -9999 -9999 -9999 -9999 -9999 -9999
245.56 245.26 244.94 245.74 247.74 250.06 253.45 251.75 256.61 259.16 256.68 255.94 250.41 259.49 266.65 263.5 255.25 259.78 266.48 269.48 271.25 271.74 263.7 260.98 254.62 252.01 249.27 244.32 237.172 232.5574 226.98 209.6724 -9999 -9999 -9999 -9999 -9999 -9999 -9999 -9999 -9999 -9999 -9999 -9999 -9999 -9999 -9999 -9999 -9999 -9999 -9999 -9999 -9999 -9999 -9999 -9999 -9999 -9999 -9999 -9999 -9999 -9999 -9999 -9999 -9999 -9999 -9999 -9999 -9999 -9999 -9999 -9999 -9999
251.1 249.31 249.11 252.27 251.74 252.58 254.66 260.42 264.22 266.34 266.72 267.77 268.22 262.04 264.99 265.23 265.22 257.37 270.58 282.3 281.44 278.14 275.07 268.23 265.14 260.2 247.77 255.19 245.51 242.65 233.62 211.97 204.8026 -9999 -9999 -9999 -9999 -9999 -9999 -9999 -9999 -9999 -9999 -9999 -9999 -9999 -9999 -9999 -9999 -9999 -9999 -9999 -9999 -9999 -9999 -9999 -9999 -9999 -9999 -9999 -9999 -9999 -9999 -9999 -9999 -9999 -9999 -9999 -9999 -9999 -9999 -9999 -9999
258.79 259.51 259.37 255.13 263.15 261.61 265.42 266.4 265.74 265.85 263.86 266.66 262.3 261.1 266.13 267.92 260.92 266.71 272.54 286.9 291.85 292.54 284.75 283.29 281.66 272.5 267.68 264.51 260.79 258.12 242.67 229.87 218.48 196.4624 200.2239 187.6282 197.3068 174.5253 162.2985 -9999 -9999 -9999 -9999 -9999 -9999 -9999 -9999 -9999 -9999 237.65 213.83 186.6154 180.9636 -9999 -9999 -9999 -9999 -9999 -9999 -9999 -9999 -9999 -9999 -9999 -9999 -9999 -9999 -9999 -9999 -9999 -9999 -9999 -9999
259.19 260.15 257.98 260.86 270.52 272.94 273.49 272.66 273.31 273.22 269.7 273.49 275.11 275.55 275.75 278.56 285.27 290.37 288.94 292.07 287.31 288.46 281.23 279.9 285.32 288.8 278.35 270.63 264.78 266.34 258.28 255.26 250.59 231.95 221.21 185.2 199.09 218.06 177.33 192.5326 -9999 -9999 -9999 192.2361 -9999 170.6111 -9999 -9999 -9999 218.5918 229.77 212.59 198.08 189.27 207.439 190.0476 191.4848 -9999 -9999 -9999 -9999 -9999 -9999 -9999 -9999 -9999 -9999 -9999 -9999 -9999 -9999 -9999 -9999
269.71 269 269.53 268.64 271.76 275.84 279.03 276.12 271.81 270.9 277.01 278.63 280.36 283.23 290.75 292.17 291.65 296.61 300.12 300.86 295.71 292.44 280.17 280.51 286.77 292.04 282.85 275.13 279.3 278.27 278.45 267.45 259.01 255.24 250.97 235.18 229.05 239.33 217.92 227.95 203.13 190.92 210.03 226.75 193.3 194.08 175.21 210.34 162.78 174.13 186.91 183.7 182.84 200.15 238.43 214.82 213.86 184.3711 -9999 -9999 -9999 -9999 -9999 -9999 -9999 -9999 -9999 -9999 -9999 -9999 -9999 -9999 -9999
269.02 271.18 272.77 274.45 280.68 283.72 285.49 288.72 289.6 291.26 293.32 293.74 295.4 297.88 300.62 301.36 303.05 303.79 306.11 307.59 303.74 299.81 291.04 295.74 300.19 298.06 295.25 283.77 278.11 268.54 275.11 277.2 266.31 265.16 256.55 259.88 260.82 244.13 231.91 241.62 235.99 242.96 260.65 249.08 204.41 211.79 234.32 207.66 197.83 212.48 206.89 196.86 177.81 183.63 235.02 251.43 232.53 203.96 -9999 -9999 -9999 -9999 -9999 -9999 -9999 -9999 -9999 -9999 -9999 -9999 -9999 -9999 -9999
272.93 273.03 277.46 280.16 283.33 286.58 287.81 291.73 295.5 296.96 300.64 305.26 307.05 308.16 309.14 308.02 308.84 310.57 309.92 311.7 309.56 310.4 303.29 300.92 301.65 290.78 284.95 279.77 277.52 268.09 265.59 273.81 270.73 271.05 264.89 267.12 267.6 253.95 245.43 243.11 261.9 263.15 278.86 258.63 244.36 246.36 245.46 230.3 242.36 254.11 233.55 197.52 205.5 208.92 247.33 238.9 222.85 220.3 -9999 -9999 191.0635 193.8842 208.4157 244.5741 255.9706 -9999 -9999 -9999 -9999 -9999 -9999 -9999 -9999
270.46 272.31 277.25 273.99 274.68 282.5 286.44 295.95 295.64 289.9 298.27 303.45 307.01 307.51 311.11 312.53 314.58 315.52 314 316.08 315.88 315.37 313.85 311.52 310.16 304.18 292.86 287.63 281.17 274.75 271.98 276.69 278.27 267.53 266.98 265.22 260.18 260.39 255.67 251.53 253.21 269.48 283.87 286.8 280.41 269.01 260.43 247.74 242.34 258.04 256.32 252.16 257.8 249.5 260.24 224.52 240.51 265.7 272.92 254.4 247.99 252.98 257.79 255.59 237.8904 -9999 204.3875 203.65 225.33 241.1412 -9999 -9999 -9999
272.04 267.05 266.28 265.76 274.6 267.11 278.09 292.52 284.9 281.08 289.88 290.57 288.38 298.04 295.31 309.23 317.56 319.62 319.63 319.75 320.02 317.5 315.03 314.83 313.64 310.39 304.97 299.63 294.23 290.58 284.13 289.99 288.55 280.08 267.63 258.42 256.57 254.21 242.87 252.78 258.37 268.95 286.95 293.75 277.44 285.98 268.58 280.67 264.51 278.17 267.67 254.57 277.99 280.35 245.55 238.01 254.5 282.81 262.56 237.64 225.18 225.55 241.66 237.4 233.85 241.16 253.05 246.09 247.49 268.81 281.49 284.67 282.26
266.23 263.58 256.22 257.83 260.82 259.25 275.17 281.77 279.27 291.35 285.28 292.9 284.22 296.88 299.92 307.91 315.25 316.43 322.28 324.42 324.43 321.67 321.59 321.26 317.73 316.27 313.71 312.66 307.15 300.43 296.1 298.91 299.45 297.12 294.55 289.05 284.25 279.5 281.86 283.02 276.54 281.41 282.26 297.44 288.92 300.45 294.22 284.76 279.62 292.72 275.08 288.55 299.34 271.11 243.19 260.3 281.32 275.97 249.7 235.88 234.52 242.27 249.37 271.85 259.95 264.77 273.14 279.58 270.66 276.43 296.85 298.15 303.39
283.35 279.37 277.83 277.67 273.91 282.22 279.75 270.73 277.66 284.51 278.65 274.82 283.09 291.31 293.17 300.19 306.47 307.97 321.03 324.62 324.73 326.18 325.02 321.41 318.89 322.05 321.77 319.68 316.72 312.56 309.28 309.75 308.07 303.54 299.09 300.2 298.86 292.88 294.9 298.63 296.72 300.11 301.11 308.54 299.12 301.55 289.22 289.9 288.18 299.3 285.34 307.98 304.48 298.42 273.29 268.49 286.11 273.11 260.8 254.41 270.77 264.01 250.15 285.25 280.78 281.69 278.57 286.57 270.43 267.85 293.05 288.4 297.1
289.52 289.54 284.32 269.8 266.88 265.95 259.72 264.55 264.98 266.06 269.09 278.95 289.57 285.68 293.04 298.08 309.86 317.92 320.45 322.88 327.18 328.51 328.8 325.92 319.11 319.65 325.99 321.28 313.23 309.96 311.84 315.99 311.69 311.21 306.22 307.4 306.05 300.07 302.1 305.48 305.57 310.3 314.55 317.62 296.9 292.52 291.59 303.04 297.54 284.72 281.57 302.82 277.68 284.64 288.29 296.83 305.52 297.5 291.34 288.82 284.73 280.93 289.33 300 293.29 291.69 286.74 290.44 296.39 281.89 273.51 291.45 299.82
285.86 292.97 292.1 289.89 289.44 284.18 274.3 280.61 273.33 283.73 285.95 293.55 287.48 285.06 291.95 300.02 309.26 313.95 315.67 316.2 325.73 326.9 329.6 331.75 330.5 329.98 329.42 324.43 315.61 304.56 311.81 322.3 318.52 311.35 311.04 313.7 313.98 309.43 308.72 312.48 311.43 317.76 321.44 322.65 317.77 311.61 302.75 305.06 309.01 297.28 305.19 308.36 293.08 310.24 312.75 309.35 305.95 298.78 289.57 295.29 301.49 301.03 298.66 303.49 298.2 298.5 291.59 293.7 299.82 292.76 288.38 289.92 303.4
292.08 291.87 293.04 293.3 291.4 292.5 293.45 297.99 300.34 303.28 302.66 307.24 306 299.45 295.38 300.73 304.09 302.77 308.14 314.49 318.85 316.81 322.68 330.83 332.7 334.96 333.65 321.99 316.72 316.36 320.99 328.18 322.13 313.91 307.02 314.68 317.41 320.2 318.92 318.5 313.3 321.52 328.73 327.96 327.72 326.06 325.09 324.98 319 316.17 317.79 322.39 319.87 321.36 314.71 315.8 311.96 303.33 296.72 292.41 301.05 307.58 305.07 308.47 305.38 298.83 284.14 291.59 292.5 285.3 278.19 286.31 299.79
300.6 300.4 297.76 298.06 298.54 297.01 298.75 300.01 302.19 303.17 310.57 312.22 310.28 305.72 303.22 302.48 300.56 299.42 276.42 284.69 310.67 316.82 322.76 327.2 329.97 333.66 336.87 336.64 332.48 327.02 332.07 334 326.14 319.09 307.2 309.81 317 321.27 324.69 323.75 324.54 328.96 332.99 330.14 335.53 338.86 340.23 336.03 338.22 337.33 337.31 333.91 329.56 324.46 320.3 314.89 310.35 307.01 303.72 296.05 294.68 303.11 312.28 311.71 308.64 297.77 287.49 288.53 283.52 270.28 272.92 300.81 306.42
304.9 303.95 304.42 303.69 305.11 303.67 307.43 306.38 304.55 308.58 310.98 313.73 314.11 312.36 308.79 307.06 302.83 293.86 287.66 280.33 290.4 304.31 310.36 321.84 328.01 331.42 334.85 337.71 341.62 342.06 340.71 338.75 327.36 319.96 312.82 307.98 308.45 315.77 324.7 328.48 330.61 334.17 337.63 335.95 340.59 343.57 340.24 338.25 347.13 346.18 342.62 337.47 333.45 327.53 321.54 315.84 309 301.12 297.1 297.86 298.85 303.91 313.08 313.48 301.57 295.75 292.42 297.33 296.98 295.7 303.9 308.68 307.3
306.61 307.85 308.25 307.3 309.27 309.71 310.45 310.94 313.52 313.24 313.06 313.65 316.46 314.64 310.59 308.95 304.09 300.13 296.67 299.35 302.7 311.43 311.8 316.66 328.44 333.02 329.71 327.29 334.17 341.15 343.49 343.88 338.48 330.68 329.24 324.92 316.08 312.14 317.07 320.65 319.01 328.31 335.67 340.79 344.39 343.12 344.79 349.04 352.78 348.56 342.87 336.43 331.61 326.05 319.11 309.97 304.26 299.36 299.49 304.55 304.6 303.31 302.01 312.92 298.89 300.99 307.46 312.73 311.45 309.21 303.26 304.101 306.1842
306.77 308.9 311.02 312.32 313.34 311.8 313.31 315.9 314.63 315.21 314.48 316.66 313.28 310.3 311.38 310.49 304.91 305.05 304.59 304.78 302.43 315 320.69 321.36 330 331.93 327.02 318.28 327.25 327.94 329.55 336.16 338.98 340.29 336.18 332.14 328.67 325.32 322.5 326.56 328.29 329.4 333.82 335.16 342.46 346.27 349.79 350.99 349.44 344.83 339.39 333.5 327.05 318.67 309.83 301.04 296.32 296.35 297.9 304.58 308.23 307.77 309.95 315.81 312.79 313.37 315.8 314.89 310.49 308.4149 -9999 -9999 -9999
304.9 307.52 306.79 309.48 311.09 311.92 314.38 314.32 315.68 317.28 317.49 316.16 311.82 311.38 315.91 313.2 310.72 309.57 310.85 313.3 309.15 305.48 321.34 322.08 326.6 327.9 322.6 322.15 321.77 314.52 317.47 324.29 331.36 336.1 340.01 337.31 331.8 327.27 327.26 329.13 330.18 334.04 336.5 337.06 336.44 348.4 347.95 345.77 341.29 334.67 327.31 321.44 317.17 310.2 307.46 306.4 299.95 297.88 294.58 296.98 304.16 312.32 314.38 314.68 316.93 316.92 313.63 313.5745 -9999 -9999 -9999 -9999 -9999
305.96 303.12 301.55 302.49 301.97 304.27 309.56 312.72 310.95 311.43 313.88 314.89 313.46 316.38 319.59 317.01 313.5 313.54 311.41 318.15 315.36 319.87 306.24 302.74 301.7 312.7 317.22 312.67 314.14 306.74 315.75 326.55 331.08 335.91 337.07 337.78 334.6 329.48 328.82 329.41 330.71 333.35 339.6 336.97 340.55 340.61 337.93 334.65 328.6 320.79 315.54 310.04 303.11 303.69 306.37 310.76 307.08 305.22 296.83 301.49 309.97 312.41 310.64 304.87 312.59 316.47 314.8404 -9999 -9999 -9999 -9999 -9999 -9999
293.01 293.76 294.33 295.8 298.85 303.13 306.61 309.41 310.58 311 311.07 310.36 313.97 319.15 320.39 320.69 319.51 319.97 316.39 316.18 316.43 315.94 306.18 296.27 293.55 295.6 303.37 301.49 301.74 303.43 311.16 319.5 325.49 329.78 332.75 335.24 337.16 337.55 338.25 339.07 340.79 340.84 339.3 334.86 335.19 337.2 335.85 339.62 334.88 323.57 307.64 301.08 294.24 288.04 301.71 314.26 312.48 309.98 307.5 311.31 313.46 311.96 313.78 307.9184 311.5679 317.8235 -9999 -9999 -9999 -9999 -9999 -9999 -9999
280.08 287.66 292.81 291.74 298.86 308.8 309.98 313.18 315 309.73 309.75 309.5 313.57 316.93 317.7 314.73 310.49 310.19 311.18 311.77 303.86 302.72 303.66 295.42 290.48 289 287.56 289.51 294.4 300.58 307.7 311.07 316.69 324.79 329.77 332.95 333.28 333.3 334.98 337.35 338.15 337.66 333.81 337.39 337.69 337.1 332.62 341.46 336.22 326.26 324.39 314.5 307.55 312.04 313.13 314.74 311.72 311.1 310.8265 314.6076 313.8788 -9999 -9999 -9999 -9999 -9999 -9999 -9999 -9999 -9999 -9999 -9999 -9999
295.13 290.96 299.67 299.69 304.19 308.63 311.79 315.67 316.27 311.7 310.1 309.56 308.38 305.85 302.71 301.24 302.63 302.8 302.29 301.66 296.43 292.39 292.15 295.74 289.15 285.5 281.44 281.47 287.7 293.62 299.16 299.4 297.3 310.71 322.34 323.33 324.74 327.21 328.76 326.41 332.57 331.26 329.9 333.42 329.47 326.47 322.3 331.98 336.87 334.42 323.94 310.97 319.73 321.36 318.55 315.4938 -9999 -9999 -9999 -9999 -9999 -9999 -9999 -9999 -9999 -9999 -9999 -9999 -9999 -9999 -9999 -9999 -9999
300.86 308.89 308.45 306.33 314.95 317.44 317.32 317.97 315.91 313.77 310.65 308.54 308.89 303.56 299.16 298.73 300.83 294.69 294.15 293.89 293.34 290.28 286.1 282.74 288.78 280.82 277.07 271.74 277.16 286.69 292.36 296.17 300 306.7 311.33 309.69 315.4 319.8 324.76 325.9 323.38 320.1 323.42 324.96 322.69 324.68 325.02 331.66 337.26 324.77 314.92 317.5 325.493 -9999 -9999 -9999 -9999 -9999 -9999 -9999 -9999 -9999 -9999 -9999 -9999 -9999 -9999 -9999 -9999 -9999 -9999 -9999 -9999
