layers/wordclim/future/Iberia_wcB2a_10_hadcm3_2020/bio_01.asc
ncols         166
nrows         93
xllcorner     -9.4959440078468
yllcorner     36.000324005443
cellsize      0.083333337679505
NODATA_value  -9999
[rows 33 to 65 of 93, columns 0 to 72 of 166]
-9999 -9999 -9999 -9999 -9999 -9999 -9999 -9999 -9999 -9999 150.3721 146.11 144.3 143.16 143.42 142.69 136.42 122.54 114.92 119.45 120.1 119.82 128.47 137.28 129.28 124.5 133.82 145.72 150.46 143.75 143.18 146.26 139.07 136.85 135.56 135.46 133.67 131.23 131.23 131.7 130.01 129.73 131.81 132.35 132.21 132.51 133.06 133.35 133.3 131.59 131.42 131.1 130.68 131.05 131.4 130.9 131.81 132.66 131.05 129.86 128.78 129.98 131.27 131.16 126.18 119.71 97.19 87.45 106.17 119.35 124.6 126.66 120.73
-9999 -9999 -9999 -9999 -9999 -9999 -9999 -9999 -9999 -9999 151.8061 148.33 144.9 138.71 125.16 126.36 129.66 139.15 137.63 134.46 128.14 125.42 126.1 130.87 128.39 126.23 134.48 145.39 146.85 140.22 136.39 139.21 141.2 135.92 134.05 134.01 134.35 133.96 134.4 134.04 132.5 132.15 132.34 131.47 131.03 130.94 130.31 131.06 132.84 132.21 130.62 129.98 127.83 128.24 129.45 130.43 131.8 131.69 130.04 127.24 125.72 127.65 128.42 127.39 120.8 112.22 85.75 110.07 101.71 109.2 124.4 132.52 137.45
-9999 -9999 -9999 -9999 -9999 -9999 -9999 -9999 -9999 -9999 153.1236 151.86 147.93 133.49 139.33 134.75 136.72 147.03 144.49 139.03 135.15 133.93 134.25 132.39 132.37 128.31 136.67 143.26 141.68 144.08 138.35 135.47 137.76 138.43 134.75 133.34 133.46 135.11 134.44 133.82 133.29 131.21 130.76 129.03 127.64 126.16 126.96 132.39 131.39 131.28 130.85 128.77 126.05 124.17 124.82 128.17 126.44 128.76 126.68 124.32 121.93 122.42 122.52 115.15 94.85 93.28 83.91 94.6 118.68 132.35 136.37 142.77 140.8
-9999 -9999 -9999 -9999 -9999 -9999 -9999 -9999 -9999 152 154.087 153.43 152.16 149.65 140.42 143.46 140.7 145.62 141.66 140.42 143.4 143.61 143.17 139.72 139.13 140.93 141.97 140.26 136.91 137.52 138.22 134.12 136.05 136.92 137.89 132.91 133.24 135.42 134.2 132.56 131.39 131.22 128.11 125.27 124.44 128.74 132.59 132.04 130.57 128.79 126.99 123.88 117.82 117.94 116.12 115.18 115.83 121.03 119.52 118.68 110.26 111.58 107.55 106.43 112 123 124.97 132.09 134.59 131.9 142.27 147.98 143.47
-9999 -9999 -9999 -9999 -9999 -9999 -9999 -9999 -9999 152.7027 153.5773 155.44 156.27 151.83 144.83 133.83 130.78 145.77 148.43 148.85 148.12 145.2 141.94 144.76 148.2 145.07 141.76 128.5 131.3 134.54 133.74 133.88 134.64 138.71 140.85 140.31 137.03 133.16 131.34 129.12 126.81 124.47 126.66 129.49 129.84 130.32 130.73 129.73 126.81 122.21 117.29 114.66 108.08 107.76 110.27 114.35 119.84 121.18 117.25 112.79 108.66 105.63 108.03 103.6 123.58 136.18 131.24 133.76 144.25 146.73 150.19 151.5 145.75
-9999 -9999 -9999 -9999 -9999 -9999 -9999 -9999 -9999 153.86 154.4 157.01 158.36 156.16 144.52 131.51 151.68 153.22 154.02 150.96 151.51 150.6 151 145.46 126.25 120.98 127.21 127.58 130.13 132.48 134.83 131.63 135.43 139.9 140.19 140.8 138.97 129 122.88 114.09 123.08 126 132.64 134.08 129.67 128.08 130.4 126.87 121.66 120.33 119.35 110.65 99.96 110.94 115.84 114.37 110.04 109.78 113.79 123.55 120.01 126.97 126.81 123.24 135.66 140.22 145.74 148.11 151.3 148.59 151.52 152.24 149.24
-9999 -9999 -9999 -9999 -9999 -9999 -9999 -9999 154.8226 154.99 155.9 157.09 159.74 155.54 150.34 152.82 155.67 157.58 156 155.48 151.98 148.59 129.5 107.16 115.79 124.84 133.97 128.08 132.15 135.4 134.22 131.39 137.51 138.49 134.67 135.49 135.85 131.11 129.46 130.06 131.26 146.17 145.29 137.83 136.48 127.18 126.03 128.07 126.88 120.79 107.22 95.2 94.02 97.18 94.9 102.55 117.01 125.59 133.28 133.96 139.41 144.39 139.97 140.5 146.66 150.74 153.2 149.33 152.78 151.64 151.97 155.79 154.77
-9999 -9999 -9999 -9999 -9999 -9999 -9999 -9999 155.8352 156.33 157.21 157.81 160.61 154.95 156.36 161.09 160.3 159.07 156.4 151.59 148.6 128.35 90.76 106.27 134.36 146.4 146.89 136.48 132.52 133.83 130.42 130.65 131.83 133.08 133.88 133.25 124.55 130.91 133.82 147.82 153.39 150.82 141.36 137.66 124.89 102.23 108.05 125.34 120.26 103.09 97.53 97.27 97.02 107.26 108.69 117.25 122.81 118.77 115.06 122.23 144.91 148.94 150.32 153.29 157.76 154.75 154.8 151.91 152.19 156.5 154.65 155.7 155.58
-9999 -9999 -9999 -9999 -9999 -9999 -9999 -9999 156.14 157 157.6 160.15 162.43 156.71 157.89 162.52 160.2 158.69 156.18 148.87 143.41 132.54 105.07 110.84 147.8 152.74 148.59 145.03 137.83 129.82 127.11 122.7 128.1 131.53 128.09 136.24 140.58 148.19 151.3 155.09 159.7 152.56 147.26 139.56 105.84 90.79 110.36 115.44 105.63 95.36 84.04 90.27 99.83 119.24 113.65 115.75 137.79 151.29 146.42 142.19 144.05 148.42 156.44 161.24 157.84 155.17 156.68 154.37 153.79 156.99 158.08 158.87 154.65
-9999 -9999 -9999 -9999 -9999 -9999 -9999 154.5342 156.78 160.28 161.8 163.78 164.6 160.27 160.67 159.28 159.45 154.66 142.61 130.06 125.32 142.15 147.93 151.12 153.01 151.41 153.34 151.44 147.33 143.33 150.37 152.43 135.1 147.62 153.72 157.2 159 154.21 160.2 162.62 163.56 163.49 143.92 117.56 132.52 115.99 90.46 92.45 96.57 127.48 114.42 122 143.59 155.19 149.2 162.17 158.39 154.41 149.04 146.28 155.64 162.32 162.8 159.15 155.83 156.26 158.63 154.96 156.38 156.68 158.28 158.85 156.18
-9999 -9999 -9999 -9999 -9999 -9999 -9999 -9999 160.0114 161.01 162.73 164.29 161.23 160.82 162.44 151.57 143.55 139.47 139.23 133.87 139.09 149.69 147.3 146.12 149.28 153.82 159.57 158.6 156.65 158.72 161.53 159.8 157.19 161.51 166.39 165.1 161.66 160.18 164.28 165.03 164.59 158.59 143.09 142.51 128.76 143.35 146.08 148.71 156 167.43 167.49 167.47 164.91 161.6 160.42 158.19 148.78 144.37 158.51 163.1 164.84 163.16 160.02 157.63 157.52 159.76 157.96 158.21 159.36 156.28 160.76 159.65 154.45
-9999 -9999 -9999 -9999 -9999 -9999 -9999 158.7333 158.82 161.28 163.69 158.25 156.34 158.41 142.29 133.21 140.7 146.87 146.71 149.89 153.9 143.21 150.56 145.3 157.88 162.6 161.97 162.24 159.32 156.88 157.95 165.08 167.05 170.17 169.98 167.13 167.05 168.5 170.93 170.88 166.93 162.25 159.16 156.79 156.85 166.51 169.06 172.43 172.19 171.87 171.25 169.08 167.53 166.59 164.64 160.44 162.09 165.71 166.3 165.58 164.67 163.24 160.91 160.14 161.46 163.07 160.77 163.17 160.35 161.5 163.09 160.52 158.84
-9999 -9999 -9999 -9999 -9999 -9999 -9999 158.77 158.29 160.63 161.85 153.7 156.81 155.68 146.41 149.44 154.31 152.18 145.88 145.61 145.36 151.16 163.17 161.74 162.2 165.47 165.54 166.72 165.25 164.72 166.54 168.15 165.43 169.52 170.25 170.67 171.26 172.67 172.43 168.1 164.48 165.95 170.38 173.15 173.7 174.04 173.82 173.52 173.13 172.5 171.45 170.77 169.69 167.72 166.04 167.83 167.47 167.4 167.06 164.19 161.26 161.28 162.5 164.33 165.19 163.52 164.03 165.78 164.97 162.59 157.7 153.7 151.35
-9999 -9999 -9999 -9999 -9999 -9999 159.254 160.8 158.52 158.51 160.44 156.67 158.91 155.73 156.26 158.33 154 148.05 144.4 138.76 152.69 162.93 166.94 165.52 164.83 167.28 172.84 172.12 171.36 167.84 168.68 169.7 170.34 169.47 170.97 170.4 169.48 169.51 166.27 162.25 166.03 169.49 173.64 175.27 174.7 174.56 173.74 170.34 172.56 172.3 170.18 167.52 169.47 168.54 169.68 167.36 162.38 164.26 166.02 167.8 166.68 165.55 165.44 166.7 164.76 163.73 164.85 164.78 163.24 161.68 157.65 154.35 152.85
-9999 -9999 -9999 -9999 -9999 -9999 158.1633 160.35 159.83 157.45 155.28 157.31 161.51 157.91 160.34 160.61 160.33 157.25 150.44 149.86 161.47 166.16 166.75 166.31 170.35 174.63 173.56 173.74 170.34 171.21 170.95 170.45 171.36 172.56 172.83 170.6 169.08 166.81 169.15 171.37 171.45 172.93 171.12 171.57 171.21 174.1 170.73 168.19 171.75 170.09 169.14 168.26 171.02 167.66 167.29 165.44 161.19 161.38 162.5 161.52 162.15 166.37 162.7 158.72 158.07 156.38 155.57 157.19 158.61 158.87 159.25 158.41 155.72
-9999 -9999 -9999 -9999 -9999 156.4821 156.31 157.81 159.65 156.24 156.87 161.33 164.51 162.63 159.09 163.12 159.87 160.41 159.27 163.67 168.64 168.02 170.93 172.91 172.61 171 171.55 173.23 171.14 171.69 173.85 173.35 170.03 169.23 170.03 172.96 175.65 173.47 171.33 169.45 169.59 170.73 168.51 166.93 163.45 161.33 162.02 164.02 162.3 160.37 161.99 164.72 163.39 162.5 155.48 157.1 156.18 155.95 154.23 156.22 155.78 158.25 155.6 152.5 155.3 152.48 152.97 153.76 154.53 155.1 156.41 156.4 156.73
-9999 -9999 -9999 -9999 -9999 157.1829 158.89 156.89 154.63 148.41 156.45 161.31 165.12 167.12 163.77 165.2 162.17 159.98 161.55 167.45 170.95 172.73 174.4 172.45 171.6 172.33 173.66 171.07 173.25 173.52 171.91 170.9 169.5 168.24 167.31 170.29 172.46 173.53 173.13 172.35 171.75 172.5 170.47 168.99 166.92 164.47 161.07 157.4 156.37 148.88 154.59 153.43 159.34 160.36 147.89 148.16 145.65 146.76 145.75 147.61 147.61 153.56 153.48 149.77 148.74 150.34 150.04 151.21 153.47 153.66 155.76 155.15 155.58
-9999 -9999 -9999 -9999 -9999 157.7475 158.01 148.71 146.21 149.59 153.07 165.84 168.34 169.37 166.88 166.2 166.73 166.92 168.45 169.17 172.12 170.24 171.13 169.97 172.03 171.02 170.78 168.2 168.58 172.04 174.51 173.08 171.49 171.47 170.24 170.14 170.37 174.11 173.02 173.55 174.2 172.59 170.75 168.28 166.35 163.4 162.47 160.95 146.93 145.53 143.01 153.6 153.26 158.67 156.72 149.73 147.54 146.95 137.11 148.08 138.84 142.08 143.28 144.68 144.29 144.99 147.73 153.26 154.64 154.78 155.6 156.06 156.11
-9999 -9999 -9999 156.9286 158.85 157.43 153.83 150.38 154.1 161.45 165.69 168.96 170.87 170.07 171.56 172.91 173.1 173.65 170.82 170.26 168.88 169.17 169.25 168.52 166.39 168.01 168.73 168.69 166.34 168.14 171.88 173.29 173.76 174.25 173.37 172.69 171.38 169.61 171.04 171.3 173.01 172 170.54 167.13 164.6 154.05 158.15 158.51 148.53 142.06 156.24 161.29 162.84 161.06 165.32 163.21 162.46 158.47 153.42 155.03 150.63 152.34 153.8 154.68 143.94 137.74 142.08 148.25 152.24 152.35 155.25 156.62 157.06
-9999 -9999 155.375 157.6977 157.75 157.79 156.29 161.74 163.62 164.65 168.96 171.33 170.8 167.18 168.61 169.68 171.19 169.33 169.3 170.22 170.89 170.15 169.21 167.83 161.73 157.47 160.35 163.08 165.71 167.06 167.65 168.44 171.66 169.12 170.62 173.19 173.3 172.09 171.42 170.52 171.03 169.8 167.89 167.47 166.47 158.53 155.27 157.5 160.36 161.37 163.2 169.05 166.41 169.15 168.95 168.94 165.81 162.43 158.48 152.48 149.54 147.84 154.88 151.81 148.52 148.19 144.46 148.05 151.46 149.8 147.73 153.94 158.07
-9999 -9999 154.27 155.86 157.64 158.86 160.82 164.52 165.75 167.7 171.06 171.87 169.18 168.86 168.49 168.73 169.67 171.15 172 171.92 173.33 172.49 172.03 170.71 166.46 155.81 156.68 166.12 171.31 170.41 170.58 173.15 173.92 171.19 172.56 171.85 170.53 173.01 171.21 168.54 169.12 169.1 167.82 170.5 173.54 170.79 173.36 172 171.91 166.6 167.53 172.45 171.93 172.08 163.41 166.36 165.92 161.76 161.8 159.35 158.6 161.69 162.03 157.47 150.07 150.5 153.04 151.96 148.33 149.48 145.53 155.01 159.32
-9999 -9999 156.14 157.11 158.08 153.57 162.7 164.79 167.01 170.41 171.8 170.13 170.02 170.2 170.13 169.8 171.28 173.32 171.82 172.6 174.43 173.46 171.23 171.2 171.26 169.02 167.16 168.91 172.8 173.69 171.4 175.03 174.58 173.33 172.59 171.18 170.79 171 170.47 170.01 164.58 168.6 175.37 175.42 176.78 176.12 176.8 175.23 176.37 174.55 171.5 171.69 172.94 171.75 166.9 161.31 163.54 163.88 164.73 160.96 155.08 159.39 164.02 162.69 154.66 154.03 156.64 159.46 159.17 155.38 158.62 161.97 161.72
-9999 156.9219 157.87 157.55 155.51 160.4 165.61 166.6 170.28 172.2105 171.61 171.17 170.51 170.34 170.54 171.15 173.58 172.64 172.7 174.46 174.71 174.05 173.35 171.32 171.75 171.9 173.27 172.89 174.74 176.61 175.16 176.56 174.87 174.63 173.77 173.73 175.03 174.61 172.3 173.17 174.25 178.56 178.79 179.43 179.92 178.9 178.83 178.73 178.03 176.8 174.26 174.04 170.27 168.12 167.72 164.35 159.66 164.2 164.68 158.85 155.71 157.81 159.67 161.77 157.95 156.47 160.26 162.33 162.8 163.01 162.74 162.39 161.98
-9999 156.2 157.39 156.45 156.12 160.63 168.6489 170.7556 172.3678 172.4 171.32 171.65 171.1 172.28 173.07 173.02 173.6 173.11 173.45 173.54 174.44 174.16 174.01 174.36 173.62 172.97 174.16 175.98 175.2 176.12 178.37 177.71 177.71 177.54 176.88 177.2 177.49 177.99 176.52 174.92 176.69 180.22 180.83 180.86 180.76 180.38 179.48 175.46 173.85 177.39 175.46 173.34 173.76 170.99 169.03 166.23 162.69 161.38 163.92 165.08 164.92 157.63 159.24 164.19 159.79 162.59 163.07 162.95 163.48 163.5 163.07 162.84 162.84
-9999 154.1429 152.58 154.17 154.37 162.2577 170.6962 172.59 173.06 172.99 172.94 173.78 175.06 174.23 173.73 174.08 174.25 174.96 174.58 171.97 171.98 171.33 171.87 172.43 172.5 171.71 170.25 171.97 176.96 178.16 178.82 177.96 178.04 178.26 178.31 178.74 178.97 179.42 178.29 177.75 181.04 181.63 181.48 180.67 179.77 179.56 178.89 178.4 177.28 175.14 174.49 176.22 172.09 163.93 167.59 165.44 165.59 166.39 166.53 162.09 165.31 164.66 162.69 164.39 161.82 163.62 162.6 162.96 163.74 163.58 163.28 163.16 162.99
-9999 152.99 152.3 155.91 164.2 168.5333 173.1358 173.58 173.56 173.36 172.58 172.85 173.13 172.52 173.81 173.32 172.8 172.74 172.76 171.82 171.8 170.94 167.33 167.41 169.48 170.97 168.08 170.93 177.35 179.36 178.43 177.2 177.18 178.56 178.72 179.2 178.91 178.43 179.38 180.77 180 179.38 179.77 177.62 177.3 176.9 175.94 178.5 176.59 175.61 174.08 174.96 175.72 170.49 173 170.31 167.41 165.6 161.49 160.73 164.81 165.64 161.2 162.54 164.95 164.39 164.29 164.25 162.71 162.55 162.15 158.67 160.32
151.5062 151.63 153.98 160.53 169.2128 -9999 -9999 174.11 173.93 173.61 173.67 172.97 172.65 171.73 171.47 170.85 169.36 169.2 169.69 169.18 169.68 169.31 169.52 166.38 165.64 171.73 174.43 176.61 178.91 177.98 176.48 175.75 176.03 176.25 176.95 176.9 176.15 175.93 178.46 176.73 175.89 174.8 174.74 175.52 171 175.35 174.77 177.18 174.84 173.29 171.02 170.84 171.49 177.25 171.79 170.84 170.97 171.71 165.5 164.76 162.02 163.83 164.37 162.87 162.03 161.83 158.23 160.82 163.61 163.72 163.88 162.42 162.28
158.12 158.8873 161.7973 165.9481 170.6444 174.25 174.3933 175.15 174.65 173.78 172.73 172.67 172.46 172.28 170.18 167.92 165.96 165.44 166.57 167.22 167.45 169.08 166.66 167.99 170.91 171.12 177.35 178.18 176.38 176.11 174.91 174.7 174.94 175.21 175.51 176.15 175.56 174.68 176.48 178.45 175.73 172.59 171.42 173.59 173.41 173.34 174.23 172.27 171.38 168.18 169.17 170.57 174.52 176.23 175 176.03 175.52 172.43 170.53 168.68 164.31 160.57 161.68 162.96 163.3 160.48 156.59 158.85 165.48 164.36 162.39 163.37 162.75
-9999 -9999 -9999 168.554 171.6234 173.4524 173.83 174.44 174.98 174.9 174.02 173.53 172.56 169.62 167.15 166.6 164.87 164.08 164.87 168.2 169.31 171.08 171.59 171.07 173.01 176.09 176.78 177.44 174.9 172.65 170.86 171.28 172.91 173 173.39 174.34 173.67 173.01 174.04 176.14 173.72 172.13 169.93 169.53 172.97 169.79 170.29 167.16 169.45 172.39 174.34 175.12 175.55 175.15 170.1 174.96 172.3 167.77 168.34 166.4 165.1 162.27 161.36 162.27 161.34 161.59 164.31 165.86 160.63 165.78 161.87 162.49 162.25
-9999 -9999 -9999 -9999 170.3 171.11 170.3434 173.8471 176 175.9451 173.63 174.33 173.5 169.83 168.69 167.69 165.3 166.16 168.23 168.62 170.4 172.01 172.27 171.34 172.04 175.32 177.76 176.19 174.44 171.18 169.39 167.07 164.24 166.93 165.15 171.43 171.76 169.81 171.03 173.12 175.06 168.46 169.17 170.03 172.12 166.98 164.58 168 169.68 173.69 172.92 172.39 171.81 173.19 172.87 174.05 174.33 173.59 169.13 160.39 156.64 160.59 162.5 163.5 168.84 167.4 164.68 166.23 167.1 163.99 162.89 161.9 160.09
-9999 -9999 -9999 -9999 166.7778 166.3571 -9999 175.2941 -9999 176.1667 175.51 174.84 174.25 174.2 171.65 170.46 170.75 170.13 169.84 169.55 171.41 172.99 172.19 172.69 173.83 176.55 177.9 176.31 174.66 172.69 169.52 166.16 160.62 160.06 160.48 165.32 170.28 166.48 167.86 169.92 173.5 172.68 170.6 168.29 169.37 167.38 168.12 169.96 169.35 169 171.27 170.2 169.73 172.11 170.44 169.52 169.86 170.49 171.44 170.6 165.72 155.83 156.67 157.76 159.55 168.42 172.63 164.56 158.38 153.77 152.43 161.12 161.3
-9999 -9999 -9999 -9999 -9999 -9999 -9999 -9999 175.5536 175.1531 175.1684 176.24 175.64 173.97 174.31 170.36 170.4 170.65 169.52 167.18 169.59 171.23 173.25 174.15 176.17 178.13 176.92 176.29 175.1 171.97 170.63 165.91 163.47 171.16 169.13 168.52 166.3 166.34 166.22 166.03 168.92 170.18 167.91 170.12 168.88 168.86 169.57 168.9 168.03 168.83 168.67 166.74 167.49 168.58 168.73 167.53 167.14 168.11 167.39 167.26 169.42 168.41 170.16 165.33 164.29 164.55 176.03 167.49 167.33 165.15 160.16 163.26 163.59
-9999 -9999 -9999 -9999 -9999 -9999 -9999 -9999 -9999 174.05 173.08 173.57 175.24 175.39 176.16 173.83 172.26 170.3 169.26 170.39 169.04 167 170.95 174.76 176.36 178.04 177.25 176.97 175.39 174.64 171.83 169.68 172.11 173.09 171.89 171.59 169.29 167.43 165.51 164.74 164.52 166.08 166.76 167.69 168.16 168.04 170.17 168.2 168.19 170.96 170.91 170.68 166.18 162.77 168.36 169.67 166.56 167.52 166.89 166.87 165.1 165.81 166.75 174.02 169.08 172.18 177.54 176.19 175.12 176.65 175.63 174.81 178.18
