layers/wordclim/future/Iberia_wcB2a_10_hadcm3_2020/bio_11.asc
ncols         166
nrows         93
xllcorner     -9.4959440078468
yllcorner     36.000324005443
cellsize      0.083333337679505
NODATA_value  -9999
[rows 34 to 67 of 93, columns 76 to 151 of 166]
52.78 50.65 46.93 42.24 40.41 41.18 39.75 37.87 35.23 33.39 37.5 32.46 31.19 26.36 31.28 29.47 27.55 28.32 28.75 31.3 31.6 34.95 37 31.76 29.79 27.21 33.96 35.21 40.08 46.04 49.18 47.93 53.5 57.73 65.26 73.75 66.16 63.46 70.03 75.27 74.07 68.99 75.59 107.84 108.2 90.61 107.2929 -9999 -9999 -9999 -9999 -9999 -9999 -9999 -9999 -9999 -9999 -9999 -9999 -9999 -9999 -9999 -9999 -9999 -9999 -9999 -9999 -9999 -9999 -9999 -9999 -9999 -9999 -9999 -9999 -9999
56.38 52.06 44.85 43.01 42.92 45.03 43.97 37.94 36.74 38.9 36.76 33.64 33.43 31.32 29.68 28.77 29.45 25.56 24.47 27.6 33.81 37 34.16 24.39 23.67 25.93 27.45 28.44 32.8 32 33.05 38.48 43.75 50.36 65.76 65.02 67.48 61.21 66.59 61.74 57.85 50.21 82.52 114.1 114.93 112.77 118.3239 -9999 -9999 -9999 -9999 -9999 -9999 -9999 -9999 -9999 -9999 -9999 -9999 -9999 -9999 -9999 -9999 -9999 -9999 -9999 -9999 -9999 -9999 -9999 -9999 -9999 -9999 -9999 -9999 -9999
55 46.1 45.83 45.21 41.37 47.64 50.73 49.15 45.6 38.83 29.14 26.07 23.98 26.91 25.66 22.56 23.18 20.57 22.79 22.24 31.34 37.43 31.74 22.4 26.08 26.6 25.3 24.37 26.66 31.92 32.51 37.79 43.13 53.97 57.81 60.28 56.6 51.05 52.02 46.37 59.72 69.66 98.77 112.97 117.67 121.1753 120.7634 119.9535 119.7391 -9999 -9999 -9999 -9999 -9999 -9999 -9999 -9999 -9999 -9999 -9999 -9999 -9999 -9999 -9999 -9999 -9999 -9999 -9999 -9999 -9999 -9999 -9999 -9999 -9999 -9999 -9999
51.75 49.2 49.8 44.52 42.28 50.37 46.47 41.87 37.04 35.94 32.38 27.42 23.58 22.53 22.35 21.06 17.94 12.77 18.96 18.89 24.46 33.47 37.44 26.66 28.14 31.91 31.15 25.78 27.27 26.72 26.6 30.23 29.91 43.81 51.54 58.2 55.59 50.8 55.63 64.01 79.8 97.1 106.55 110 106.3723 -9999 -9999 -9999 -9999 -9999 -9999 -9999 -9999 -9999 -9999 -9999 -9999 -9999 -9999 -9999 -9999 -9999 -9999 -9999 -9999 -9999 -9999 -9999 -9999 -9999 -9999 -9999 -9999 -9999 -9999 -9999
50.72 53.99 49.34 45.65 47.67 53.42 46.38 45.46 43.68 45.27 42.51 37.14 29.77 24.35 14.22 15.03 11.79 8.26 13.21 17.43 21.7 31.18 39.22 34.3 30.09 36.89 30.88 18.06 26.21 24.5 21.55 21.89 19.48 35.68 43.6 51.86 53 51.79 63.57 75.34 93.82 103.25 111.68 115.66 -9999 -9999 -9999 -9999 -9999 -9999 -9999 -9999 -9999 -9999 -9999 -9999 -9999 -9999 -9999 -9999 -9999 -9999 -9999 -9999 -9999 -9999 -9999 -9999 -9999 -9999 -9999 -9999 -9999 -9999 -9999 -9999
53.52 52.56 48.56 49.64 54.27 55.3 53.21 55.33 53.13 51.21 42.65 38.41 30.28 23.59 17.88 12.59 12.15 8.59 11.11 17.82 24.78 30.82 38.37 37.55 34.04 38.44 24.69 21.33 21.15 17.33 9.67 12.91 19.53 24.7 38.63 44.73 49.63 56.01 75.55 88.69 96.66 104.86 115.49 119.38 -9999 -9999 -9999 -9999 -9999 -9999 -9999 -9999 -9999 -9999 -9999 -9999 -9999 -9999 -9999 -9999 -9999 -9999 -9999 -9999 -9999 -9999 -9999 -9999 -9999 -9999 -9999 -9999 -9999 -9999 -9999 -9999
57.12 53.66 54.8 59.54 56.48 57.83 49.78 47.51 52.82 47.79 46.81 43.22 38.97 26.2 21.83 15.81 11.91 10.73 15.89 23.02 24.7 26.92 36.29 41.79 44.69 38.27 26.95 27.38 24.57 18.57 7.93 10.32 19.95 30.28 44.56 60.36 63.91 74.27 83.96 97.11 95.49 105.9 114.0964 -9999 -9999 -9999 -9999 -9999 -9999 -9999 -9999 -9999 -9999 -9999 -9999 -9999 -9999 -9999 -9999 -9999 -9999 -9999 -9999 -9999 -9999 -9999 -9999 -9999 -9999 -9999 -9999 -9999 -9999 -9999 -9999 -9999
56.41 57.06 61.53 57.48 52.36 56.61 54.24 49.31 48.36 45.19 43.93 40.92 37.35 27.06 19.74 17.88 20.44 10.69 14.27 17.16 19.87 25.96 31.36 39.64 48.33 39.26 31.54 40 39.9 30.09 20.93 27.29 28.56 36.21 46.53 67.06 76.45 78.8 84.16 104 108.39 105.6829 -9999 -9999 -9999 -9999 -9999 -9999 -9999 -9999 -9999 -9999 -9999 -9999 -9999 -9999 -9999 -9999 -9999 -9999 -9999 -9999 -9999 -9999 -9999 -9999 -9999 -9999 -9999 -9999 -9999 -9999 -9999 -9999 -9999 -9999
60.73 64.11 62.46 52.18 51.12 53.88 47.52 49.11 48.71 47.64 43.42 37.19 42.82 29.55 27.42 25.25 18.79 18.38 18.14 24.13 17.55 32.03 36 46.12 42.88 31.66 34.23 46.41 50.85 47.63 44.33 41.25 49.41 49.47 55.1 80.51 94.02 93.58 98.21 104.73 116.4474 -9999 -9999 -9999 -9999 -9999 -9999 -9999 -9999 -9999 -9999 -9999 -9999 -9999 -9999 -9999 -9999 -9999 -9999 -9999 -9999 -9999 -9999 -9999 -9999 -9999 -9999 -9999 -9999 -9999 -9999 -9999 -9999 -9999 -9999 -9999
67.39 64.62 59.51 52.32 50.48 50.94 47.74 46.36 46.19 42.5 42.77 43.51 42.61 32.4 27.43 24.83 26.97 26.55 29.49 28.36 25.96 34.98 50.39 47.61 35.02 16.71 20.77 39.26 51.93 56.08 60.45 64.05 61.27 67.56 74.81 87.21 99.39 98.61 100.01 111.5568 -9999 -9999 -9999 -9999 -9999 -9999 -9999 -9999 -9999 -9999 -9999 -9999 -9999 -9999 -9999 -9999 -9999 -9999 -9999 -9999 -9999 -9999 -9999 -9999 -9999 -9999 -9999 -9999 -9999 -9999 -9999 -9999 -9999 -9999 -9999 -9999
62.19 59.95 57.54 53.72 51.03 50.58 48.76 45.79 45.73 41.21 44.45 48.91 45.17 38.96 32.58 36.29 36.13 31.9 36.36 34.07 28.62 36.99 51.53 42.84 29.61 18.04 24.5 38.32 45.42 53.65 55.36 69.42 75.36 85 93.94 103.97 104.91 105.1 109.1194 -9999 -9999 -9999 -9999 -9999 -9999 -9999 -9999 -9999 -9999 -9999 -9999 -9999 -9999 -9999 -9999 -9999 -9999 -9999 -9999 -9999 -9999 -9999 -9999 -9999 -9999 -9999 -9999 -9999 -9999 -9999 -9999 -9999 -9999 -9999 -9999 -9999
58.6 58.43 57.38 54.34 52.21 53.96 53.09 49.5 48.35 46.54 48.04 46.44 44.79 42.55 39.68 44.33 43.61 42.97 38.88 37.31 38.83 43.59 48.93 53.61 46.98 38.64 32.61 26.34 38.75 55.45 65.72 73.01 71.39 81.31 97.97 109.9 114.29 116.7835 -9999 -9999 -9999 -9999 -9999 -9999 -9999 -9999 -9999 -9999 -9999 -9999 -9999 -9999 -9999 -9999 -9999 -9999 -9999 -9999 -9999 -9999 -9999 -9999 -9999 -9999 -9999 -9999 -9999 -9999 -9999 -9999 -9999 -9999 -9999 -9999 -9999 -9999
60.75 60.66 58.34 56.16 54.9 54.73 53.61 53.48 50.53 50.83 52.31 46.62 43.5 41.7 41.56 45.84 43.39 47.93 41.48 36.76 42.6 48.52 46.7 51.25 58.73 54.71 49.95 43.64 41.98 57.85 71.7 86.1 90.1 82.38 89.98 108.37 118.202 -9999 -9999 -9999 -9999 -9999 -9999 -9999 -9999 -9999 -9999 -9999 -9999 -9999 -9999 -9999 -9999 -9999 -9999 -9999 -9999 -9999 -9999 -9999 -9999 -9999 -9999 -9999 -9999 -9999 -9999 -9999 -9999 -9999 -9999 -9999 -9999 -9999 -9999 -9999
63.51 61.76 60.4 56.41 54.62 54.28 56.42 55.41 52.43 53.27 55.04 52.14 49.4 45.09 44.84 47.7 47.52 48.85 50.24 49.79 51.45 48.76 48.6 56.66 67.39 66.7 63.16 60.82 67.92 68.47 73.35 78.82 93.56 102.65 104.53 116.82 -9999 -9999 -9999 -9999 -9999 -9999 -9999 -9999 -9999 -9999 -9999 -9999 -9999 -9999 -9999 -9999 -9999 -9999 -9999 -9999 -9999 -9999 -9999 -9999 -9999 -9999 -9999 -9999 -9999 -9999 -9999 -9999 -9999 -9999 -9999 -9999 -9999 -9999 -9999 -9999
64.24 63.18 61.94 58.73 57.76 55.49 57.7 55.95 53.18 54.39 57.52 56.48 51.21 48.61 48.69 48.5 50.37 53.28 57.32 58.22 54.96 47.15 55.22 57.78 63.35 72.23 82.75 84.15 88.59 95.41 98.62 95.61 88.27 102.6 113.98 120.3421 -9999 -9999 -9999 -9999 -9999 -9999 -9999 -9999 -9999 -9999 -9999 -9999 -9999 -9999 -9999 -9999 -9999 -9999 -9999 -9999 -9999 -9999 -9999 -9999 -9999 -9999 -9999 -9999 -9999 -9999 -9999 -9999 -9999 -9999 -9999 -9999 -9999 -9999 -9999 -9999
65.97 65.27 61.69 58.43 60.44 59.81 57.41 59.14 55.63 55.88 58.01 58.3 57.42 54.69 53.7 53.04 52.23 52 57.35 62.13 56.06 55.16 61.33 59.12 53.44 57.97 73.48 89.97 97.45 104.83 108.66 110.29 111.49 112.82 119.1489 -9999 -9999 -9999 -9999 -9999 -9999 -9999 -9999 -9999 -9999 -9999 -9999 -9999 -9999 -9999 -9999 -9999 -9999 -9999 -9999 -9999 -9999 -9999 -9999 -9999 -9999 -9999 -9999 -9999 -9999 -9999 -9999 -9999 -9999 -9999 -9999 -9999 -9999 -9999 -9999 -9999
67.43 66.8 65.4 63.19 63.89 62.48 59.99 59.76 60.21 60.56 60.26 57.23 57.67 60.43 59.05 58.8 57.79 58.61 59.86 66.33 62.7 61.87 64.11 68 66.08 66.97 66.63 68.55 88.7 104.19 110.04 113.79 115.86 120.5 -9999 -9999 -9999 -9999 -9999 -9999 -9999 -9999 -9999 -9999 -9999 -9999 -9999 -9999 -9999 -9999 -9999 -9999 -9999 -9999 -9999 -9999 -9999 -9999 -9999 -9999 -9999 -9999 -9999 -9999 -9999 -9999 -9999 -9999 -9999 -9999 -9999 -9999 -9999 -9999 -9999 -9999
66.06 67.57 68.02 66.81 66.11 65.71 64.95 64.4 63.11 63.53 60.83 58.62 62.08 62.57 61.97 61.87 63.13 63.13 66.29 72.71 69.36 68.73 72.95 76.06 74.67 70.31 70.25 72.24 86.35 101.9 109.62 115.66 119.44 122.32 -9999 -9999 -9999 -9999 -9999 -9999 -9999 -9999 -9999 -9999 -9999 -9999 -9999 -9999 -9999 -9999 -9999 -9999 -9999 -9999 -9999 -9999 -9999 -9999 -9999 -9999 -9999 -9999 -9999 -9999 -9999 -9999 -9999 -9999 -9999 -9999 -9999 -9999 -9999 -9999 -9999 -9999
68.96 70.02 70.04 68.54 68.36 67.73 67.24 66.91 66.75 66.47 65 64.58 65.52 64.54 64.55 64.69 65.66 66.85 67.37 71.11 79.87 81.57 80.64 81.06 76.51 76.38 77.53 83.62 96.82 104.38 109.13 112.94 120.05 123.35 -9999 -9999 -9999 -9999 -9999 -9999 -9999 -9999 -9999 -9999 -9999 -9999 -9999 -9999 -9999 -9999 -9999 -9999 -9999 -9999 -9999 -9999 -9999 -9999 -9999 -9999 -9999 -9999 -9999 -9999 -9999 -9999 -9999 -9999 -9999 -9999 -9999 -9999 -9999 -9999 -9999 -9999
71.13 71.18 70.99 70.12 69.03 68.65 67.59 67.35 67.59 67.23 66.5 66.3 66.52 67.58 67.44 68.14 68.98 69.46 70.61 71.11 71.25 74.43 79.32 82.04 83.11 81.3 80.52 89.12 89.93 92.85 109.3 113.66 119.79 123.64 124.0635 -9999 -9999 -9999 -9999 -9999 -9999 -9999 -9999 -9999 -9999 -9999 -9999 -9999 -9999 -9999 -9999 -9999 -9999 -9999 -9999 -9999 -9999 -9999 -9999 -9999 -9999 -9999 -9999 -9999 -9999 -9999 -9999 -9999 -9999 -9999 -9999 -9999 -9999 -9999 -9999 -9999
71.11 71.19 71.12 70.26 68.88 67.86 66.53 66.26 66.26 67.74 68.18 68.45 68.64 69.65 69.99 70.89 71.98 72.57 72.9 74.73 74.95 73.88 73.15 72.3 79.24 88.71 75.45 75.8 90.43 99.84 106.01 118.96 121.88 123.63 124.0404 -9999 -9999 -9999 -9999 -9999 -9999 -9999 -9999 -9999 -9999 -9999 -9999 -9999 -9999 -9999 -9999 -9999 -9999 -9999 -9999 -9999 -9999 -9999 -9999 -9999 -9999 -9999 -9999 -9999 -9999 -9999 -9999 -9999 -9999 -9999 -9999 -9999 -9999 -9999 -9999 -9999
71.47 71.04 69.94 68.17 67.05 65.07 64.65 63.98 62.8 65.17 67.55 69.26 70.2 70.78 71.74 72.06 73.5 74.14 74.81 73.8 71.73 67.79 63.37 66.66 72.98 84.73 70.19 77.95 97.16 105.22 111.69 120.45 121.79 116.53 119.35 -9999 -9999 -9999 -9999 -9999 -9999 -9999 -9999 -9999 -9999 -9999 -9999 -9999 -9999 -9999 -9999 -9999 -9999 -9999 -9999 -9999 -9999 -9999 -9999 -9999 -9999 -9999 -9999 -9999 -9999 -9999 -9999 -9999 -9999 -9999 -9999 -9999 -9999 -9999 -9999 -9999
69.88 68.57 66.35 62.59 61.33 60.52 60.09 60.76 59.05 60.27 64.6 69.08 71.19 72.26 73.47 73.8 74 72.83 68.67 66.67 62.65 59.24 56.58 63.86 71.13 80.63 70.3 77.47 90.22 102.97 112.5 118.47 119.95 110.17 110.58 122.9877 -9999 -9999 -9999 -9999 -9999 -9999 -9999 -9999 -9999 -9999 -9999 -9999 -9999 -9999 -9999 -9999 -9999 -9999 -9999 -9999 -9999 -9999 -9999 -9999 -9999 -9999 -9999 -9999 -9999 -9999 -9999 -9999 -9999 -9999 -9999 -9999 -9999 -9999 -9999 -9999
66.14 63.53 62.26 63.69 61.28 59.22 57.1 55.83 54.56 57.19 62.8 68.4 71.27 72.72 74.11 74.03 72.66 66.84 62.82 62.55 59.08 60.71 65.93 69.32 72.81 72.3 65.62 76.18 87.78 98.65 107.95 111.7 113.69 107.03 105.01 121.41 125.3393 -9999 -9999 -9999 -9999 -9999 -9999 -9999 -9999 -9999 -9999 -9999 -9999 -9999 -9999 -9999 -9999 -9999 -9999 -9999 -9999 -9999 -9999 -9999 -9999 -9999 -9999 -9999 -9999 -9999 -9999 -9999 -9999 -9999 -9999 -9999 -9999 -9999 -9999 -9999
66.82 65.46 61.86 61.47 62.05 59.56 58.47 57.37 55.9 56.63 61.44 65.83 69.76 71.71 74 72.66 70.88 69.01 66.64 65.09 64.54 66.84 69.35 71.97 76.34 77.4 74.09 79.83 91.56 92.54 98.08 108.94 110.45 105.19 102.73 108.57 120.81 124.5075 -9999 -9999 -9999 -9999 -9999 -9999 -9999 -9999 -9999 -9999 -9999 -9999 -9999 -9999 -9999 -9999 -9999 -9999 -9999 -9999 -9999 -9999 -9999 -9999 -9999 -9999 -9999 -9999 -9999 -9999 -9999 -9999 -9999 -9999 -9999 -9999 -9999 -9999
68.58 66.83 62.87 61.32 60.85 59.59 58.3 58.03 58.02 59.34 59.99 62.07 63.58 64.97 68.86 68.05 68.56 68.07 66.54 66 66.72 69.21 72.98 71.39 69.99 73.49 80.73 88.65 84.79 86.57 92.78 87.96 90.42 101.05 89.41 91.37 101.43 116.34 120.03 121.0515 -9999 -9999 -9999 -9999 -9999 -9999 -9999 -9999 -9999 -9999 -9999 -9999 -9999 -9999 -9999 -9999 -9999 -9999 -9999 -9999 -9999 -9999 -9999 -9999 -9999 -9999 -9999 -9999 -9999 -9999 -9999 -9999 -9999 -9999 -9999 -9999
68.54 67.28 64.83 62.37 59.75 60.31 61.95 61.28 57.11 53.29 50.95 50.91 51.49 57.24 63.79 68.11 66.99 69 69.9 71.34 72.63 69.57 74.92 77.81 77.81 79.32 89.45 85.95 83.1 81.16 75.48 76.33 87.16 90.83 77.32 86.83 91.77 103.92 115.71 120.4819 -9999 -9999 -9999 -9999 -9999 -9999 -9999 -9999 -9999 -9999 -9999 -9999 -9999 -9999 -9999 -9999 -9999 -9999 -9999 -9999 -9999 -9999 -9999 -9999 -9999 -9999 -9999 -9999 -9999 -9999 -9999 -9999 -9999 -9999 -9999 -9999
67.4 67.32 66.49 61.66 64.32 64.49 69.87 61.33 50.47 44.97 51.68 50.58 54.53 60.6 66.62 70.72 74.37 76.29 77.24 78.09 77.73 75.45 74.18 78.42 84.34 85.74 90.43 93.2 85.97 76.86 80.97 71.58 74.34 77.09 81.65 84.79 114.1 115.5526 -9999 -9999 -9999 -9999 -9999 -9999 -9999 -9999 -9999 -9999 -9999 -9999 -9999 -9999 -9999 -9999 -9999 -9999 -9999 -9999 -9999 -9999 -9999 -9999 -9999 -9999 -9999 -9999 -9999 -9999 -9999 -9999 -9999 -9999 -9999 -9999 -9999 -9999
69.17 70.88 65.92 68.54 73.06 72.26 64.88 48.32 44.34 44.24 52.11 60.68 64.44 70.08 76.3 78.33 79.02 83.03 86.89 86.11 82.42 82.64 80.17 80.64 87.38 85.55 82.56 93.1 91.12 75.18 86.39 87.85 98.41 91.8 112.67 117.9444 122.5714 -9999 -9999 -9999 -9999 -9999 -9999 -9999 -9999 -9999 -9999 -9999 -9999 -9999 -9999 -9999 -9999 -9999 -9999 -9999 -9999 -9999 -9999 -9999 -9999 -9999 -9999 -9999 -9999 -9999 -9999 -9999 -9999 -9999 -9999 -9999 -9999 -9999 -9999 -9999
72.49 70.67 71.98 76.48 75.98 69.58 64.01 60.13 51.54 50.17 61.22 67.42 72.27 78.55 77.45 82.76 88.89 91.27 90.88 87.55 83.52 86.66 88.25 85.46 78.14 83.44 88.94 94.26 100.3 92.08 100.65 109.99 117.95 118.2162 -9999 -9999 -9999 -9999 -9999 -9999 -9999 -9999 -9999 -9999 -9999 -9999 -9999 -9999 -9999 -9999 -9999 -9999 -9999 -9999 -9999 -9999 -9999 -9999 -9999 -9999 -9999 -9999 -9999 -9999 -9999 -9999 -9999 -9999 -9999 -9999 -9999 -9999 -9999 -9999 -9999 -9999
77.78 77.43 79.12 83.57 79.92 73.68 70.24 57.11 50.36 59.89 75.22 80.21 78.32 78.59 84.78 90.86 89.66 92.92 94.63 94.34 96.24 92.75 90.26 92.64 88.01 89.15 86.27 96.58 108.04 111.39 114.36 122 125.2308 -9999 -9999 -9999 -9999 -9999 -9999 -9999 -9999 -9999 -9999 -9999 -9999 -9999 -9999 -9999 -9999 -9999 -9999 -9999 -9999 -9999 -9999 -9999 -9999 -9999 -9999 -9999 -9999 -9999 -9999 -9999 -9999 -9999 -9999 -9999 -9999 -9999 -9999 -9999 -9999 -9999 -9999 -9999
80.68 83.09 88.67 76.44 65.26 72.97 53.84 45.96 57.75 59.92 67.38 64.99 61.84 62.22 72.09 81.17 93.9 98.58 97.9 100.96 104.45 99.09 95.47 85.94 88.93 94.33 94.02 98.82 110.04 117.31 120.9 125.0658 -9999 -9999 -9999 -9999 -9999 -9999 -9999 -9999 -9999 -9999 -9999 -9999 -9999 -9999 -9999 -9999 -9999 -9999 -9999 -9999 -9999 -9999 -9999 -9999 -9999 -9999 -9999 -9999 -9999 -9999 -9999 -9999 -9999 -9999 -9999 -9999 -9999 -9999 -9999 -9999 -9999 -9999 -9999 -9999
85.13 86.67 78.24 72.37 66.29 65.9 47.4 48.9 57.06 44.58 59.44 53.71 53.75 55.13 65.84 86.44 94.44 99.06 99.69 101.46 99.86 107.12 104.7 99.88 104.88 109.78 110.97 118.45 123.16 124.21 125.9022 124.8621 -9999 -9999 -9999 -9999 -9999 -9999 -9999 -9999 -9999 -9999 -9999 -9999 -9999 -9999 -9999 -9999 -9999 -9999 -9999 -9999 -9999 -9999 -9999 -9999 -9999 -9999 -9999 -9999 -9999 -9999 -9999 -9999 -9999 -9999 -9999 -9999 -9999 -9999 -9999 -9999 -9999 -9999 -9999 -9999
87.21 82.58 76.35 51.33 71.89 50.45 40.53 42.41 43.2 45.09 46.74 49.35 46.8 61.08 61.21 77.72 91.21 94.47 95.27 94.74 90.79 101.22 111.99 111.3 112.45 114.83 118.39 121.97 124.79 125.11 -9999 -9999 -9999 -9999 -9999 -9999 -9999 -9999 -9999 -9999 -9999 -9999 -9999 -9999 -9999 -9999 -9999 -9999 -9999 -9999 -9999 -9999 -9999 -9999 -9999 -9999 -9999 -9999 -9999 -9999 -9999 -9999 -9999 -9999 -9999 -9999 -9999 -9999 -9999 -9999 -9999 -9999 -9999 -9999 -9999 -9999
