layers/wordclim/future/Iberia_wcB2a_10_hadcm3_2020/bio_04.asc
ncols         166
nrows         93
xllcorner     -9.4959440078468
yllcorner     36.000324005443
cellsize      0.083333337679505
NODATA_value  -9999
[rows 62 to 92 of 93, columns 0 to 69 of 166]
-9999 -9999 -9999 -9999 3939.91 4043.82 4139.232 4182.635 4224.583 4320.571 4421.89 4490.1 4564.67 4679.66 4767 4856.55 4936.94 4989.44 5055.31 5123.94 5226.96 5326.83 5417.81 5522.49 5620.9 5706.27 5775.23 5885.41 5996.51 6074.79 6159.82 6244.44 6338.75 6393.93 6467.79 6541.36 6611.29 6684.53 6736.01 6804.33 6843.11 6942.78 7001.97 7039.81 7079.3 7153.15 7199.53 7226.05 7272.36 7297.45 7330.26 7362.14 7397.05 7418.49 7438.21 7458.37 7474.31 7500.71 7527.12 7540.23 7563.2 7575.95 7577.02 7573.61 7573.46 7574.86 7571.02 7571.24 7576.84 7583.42
-9999 -9999 -9999 -9999 3914.827 4043.572 -9999 4153.235 -9999 4311.513 4388.32 4487.21 4554.06 4642.16 4745.83 4844.75 4912.42 4985.41 5064.84 5152.5 5234.87 5329.64 5409.66 5513.38 5600.06 5681.18 5749.55 5862.29 5960.25 6042.3 6135.7 6229.05 6322.8 6391.73 6458.1 6549.83 6592.3 6689.94 6737.41 6797.13 6844.04 6910.38 6975.18 7033.29 7079.03 7133.86 7181.84 7212.61 7253.92 7306.32 7329.2 7352.97 7388.69 7415.75 7441.38 7467.31 7486.26 7500.88 7518.09 7528.13 7550.82 7575.14 7599.48 7598.51 7602.51 7576.22 7548.83 7582.15 7616.43 7613.1
-9999 -9999 -9999 -9999 -9999 -9999 -9999 -9999 4205.768 4294.092 4378.884 4456.39 4540.43 4640.97 4724.78 4836.81 4926.05 5003.08 5077.29 5183.5 5260.29 5339.07 5404.5 5502.7 5567.48 5660.24 5740.47 5841.25 5928.58 6009.28 6109.13 6204.54 6290.43 6339.1 6432.81 6516.02 6583.31 6668.85 6711.9 6785.13 6848.1 6900.74 6979.96 7015.06 7067.39 7121.98 7162.23 7199.93 7253.06 7281.17 7326.43 7356.19 7380.72 7412.38 7424.63 7460.78 7493 7504.16 7501.42 7525.64 7534.89 7554.76 7553.44 7583.94 7594.39 7593.55 7550.01 7588.98 7585.29 7584.6
-9999 -9999 -9999 -9999 -9999 -9999 -9999 -9999 -9999 4271.25 4380.91 4465.9 4532.8 4613.53 4700.6 4809.91 4923.69 5016 5097.98 5189.04 5276.86 5363.35 5421.28 5489.72 5555.54 5633.19 5733.09 5803.02 5888.27 5991.2 6076.2 6154.64 6229 6301.18 6401.14 6478.87 6546.32 6637.32 6704.58 6772.02 6839.64 6894.35 6961.77 6998.12 7050.19 7097.95 7141.28 7187.36 7230.69 7265.49 7302.33 7336.47 7357.81 7393.42 7415.75 7450.86 7478.38 7506.48 7509 7518 7538.99 7557.25 7564.7 7540.3 7580.54 7574.83 7542.31 7553.47 7561.73 7532.15
-9999 -9999 -9999 -9999 -9999 -9999 -9999 -9999 -9999 4263.29 4387.5 4450.62 4530.43 4615.03 4690 4787.02 4904.05 4998.51 5095.3 5207.65 5280.34 5355.9 5404.53 5474.85 5528.81 5618.57 5694.09 5786.74 5860.46 5931.95 6018.59 6112.25 6208.38 6315.15 6397.75 6452.29 6523.64 6604.35 6681.6 6742.11 6816.94 6859.79 6940.03 6971.73 7024.12 7070.15 7110.58 7162.94 7217.6 7246.31 7277.26 7319.14 7330.88 7369.76 7403.17 7412.57 7437.03 7467.18 7471.16 7490.1 7497.9 7511.25 7547.94 7509.33 7538.85 7540.62 7511 7552.91 7477.48 7440.62
-9999 -9999 -9999 -9999 -9999 -9999 -9999 -9999 4121.885 4240.27 4390.82 4450.07 4514.72 4587.21 4691.14 4776.19 4899.08 4990.6 5105 5194.08 5268.67 5320.54 5349.64 5446.74 5519.43 5588.7 5643.6 5745.34 5818.86 5903.67 5999.04 6083.94 6184.6 6285.12 6364.24 6436.48 6517.65 6579.47 6663.14 6722.44 6776.41 6838.7 6897.88 6958.48 7002.97 7053.95 7079.02 7123.27 7153.8 7203.88 7241.89 7280.57 7303.16 7330.08 7356.38 7381.3 7391.83 7404.07 7428.47 7431.81 7381.01 7407.98 7431.6 7423.28 7445.65 7455.26 7471.55 7428.03 7419.25 7395.93
-9999 -9999 -9999 -9999 -9999 -9999 -9999 -9999 4074.055 4211.02 4342.84 4433.95 4495.69 4577.26 4667.77 4758.72 4899.26 5012.57 5107.51 5209.88 5249.22 5311.02 5326.4 5417.39 5502.3 5579.77 5631.53 5716.61 5809.94 5905.43 5992.11 6068.7 6126.01 6244.46 6347.79 6402.45 6482.64 6557.91 6631.88 6692.18 6748.54 6805.81 6852.7 6903.81 6974.62 7015.15 7061.7 7087.18 7112.64 7129.57 7168.2 7213.94 7266.33 7304.86 7320.41 7346.35 7364.76 7334.24 7348.98 7342.97 7286.13 7301.2 7297.03 7281.57 7279.9 7293.66 7296.31 7307.4 7351.82 7373.02
-9999 -9999 -9999 -9999 -9999 -9999 -9999 3955.923 4050.645 4186.35 4280.73 4361.84 4448.51 4542.76 4635.49 4742.09 4862.45 4966.58 5076.22 5175.13 5227.6 5257.15 5298.7 5378.34 5462.64 5529.93 5583.04 5653.58 5743.72 5828.87 5918.75 6041.66 6107.59 6206.45 6278.88 6337.86 6409.72 6506.22 6583.45 6633.36 6712.16 6781.39 6808.77 6884.02 6934.17 6971.24 7019.48 7056.89 7078.77 7113.11 7111.63 7146.05 7211.09 7234.26 7255.43 7279 7282.91 7263.93 7211.31 7219.64 7191.72 7249.66 7238.57 7266.17 7316.66 7301.08 7305.78 7324.51 7287.29 7307.48
-9999 -9999 -9999 -9999 -9999 -9999 -9999 -9999 4031.415 4136.42 4242.66 4324.05 4408.99 4515.73 4625.23 4744.71 4841.13 4932.38 5005.48 5087.64 5145.37 5221.33 5240.92 5322.05 5405.82 5475.56 5527.83 5612.72 5728.48 5823.8 5891.09 5998.33 6071.93 6160.16 6252.14 6316.21 6367.73 6438.85 6515.61 6600.66 6665.34 6732.2 6752.68 6831.62 6883.84 6929.81 6972.54 6997.76 7027.25 7019.02 7058.93 7065.93 7091.74 7125.34 7155.27 7169.4 7153.25 7154.57 7181.6 7187.65 7184.87 7229.6 7243.41 7221.08 7288.65 7295.43 7297.19 7370.32 7316.01 7358.95
-9999 -9999 -9999 -9999 -9999 -9999 -9999 -9999 3977.473 4109.49 4207.35 4295.65 4383.89 4487.89 4607.23 4719.92 4812.89 4883.31 4950.88 5019.55 5075.14 5156.46 5177.68 5272.41 5336.77 5404.62 5468.59 5555.36 5648.68 5725.64 5792.2 5886.82 5950.91 6058.79 6140.94 6236.61 6319.89 6396.49 6457.05 6539.67 6624.55 6686.74 6699.98 6747.57 6820.19 6855.15 6892.96 6916.01 6924.15 6946.71 6942.85 6934 6960.43 6992.39 7045.14 7090.27 7081.26 7094.34 7112.62 7120.31 7126.46 7186.52 7152.42 7177.92 7218.83 7312.74 7380.85 7449.3 7390.86 7375.99
-9999 -9999 -9999 -9999 -9999 -9999 -9999 -9999 3925.66 4049.183 4155.67 4280.01 4387.31 4461.86 4562.62 4660.55 4776.43 4831.64 4889.36 4966.4 5017.82 5099.55 5121.33 5205.82 5235.97 5317.13 5371.48 5454.98 5548.18 5622.48 5678.44 5772.35 5840.39 5961.78 6062.68 6167.41 6247.74 6336.27 6408.01 6481.1 6559.19 6632.53 6672.66 6673.55 6724.32 6758.23 6806.29 6814.17 6782.46 6789.52 6814.62 6850.39 6883.23 6929.39 6959.73 7001.98 7027.44 7003.69 6973.91 7015.09 7032.8 7081.61 7088.53 7130.75 7210.44 7276.79 7403 7467.57 7429.32 7446.49
-9999 -9999 -9999 -9999 -9999 -9999 -9999 -9999 3868 3978.14 4097.14 4238.03 4358.65 4458.92 4533.45 4627.17 4720.41 4783.42 4850.34 4896.67 4945.97 4989.8 5026.25 5105.02 5140.88 5212.93 5316.52 5397.91 5473.87 5523.98 5581.04 5705.35 5775.09 5895.63 5982.14 6062.58 6178.9 6259.96 6347.42 6418.52 6508.84 6559.87 6606.91 6612.98 6633.23 6641.87 6663.81 6682.42 6697.17 6717.46 6744.43 6762.91 6775.6 6830.08 6859.36 6892.26 6893.02 6929.38 6914.04 6968.25 7029.68 7024.24 7087.95 7071.92 7146.17 7293.15 7327.19 7405.29 7418.01 7439.1
-9999 -9999 -9999 -9999 -9999 -9999 -9999 -9999 3843.298 3952.55 4058.04 4172.7 4280.49 4391.32 4481.44 4578.25 4671.96 4733.03 4788.58 4838.1 4892.01 4948.26 4976.34 5018.9 5097.05 5182.41 5253.59 5319.2 5372.24 5432.29 5491.37 5579.29 5703.21 5793.98 5884.69 5978.22 6099.48 6178.38 6247.48 6334.55 6418.88 6469.38 6510.95 6536.55 6560.53 6595.63 6602.85 6630.38 6645.15 6656.36 6656.49 6697.27 6686.64 6683.37 6709.32 6717.96 6767.27 6789.36 6832.39 6921.57 6982.95 7083.29 7128.04 7064.57 7060.82 7189.25 7266.24 7351.18 7384.29 7406.8
-9999 -9999 -9999 -9999 -9999 -9999 -9999 -9999 3785.815 3916.74 4062.3 4155.19 4241.17 4357.23 4452.71 4550.61 4623.71 4676.18 4743.53 4790.46 4835.1 4890.78 4929.47 4973.84 4980.65 5085.33 5148.86 5220.29 5268.27 5316.86 5368.31 5501.24 5580.54 5659.95 5752.58 5841.25 5971.18 6041.21 6139.49 6246.23 6354.7 6423.55 6475.25 6486.3 6518.43 6539.86 6528.78 6510.97 6540.11 6547.94 6553.02 6576.95 6587.99 6569.77 6582.53 6578.39 6636.09 6693.47 6722.19 6757.6 6842.21 7028.66 7027.38 7001.3 7078.97 7129.04 7239.66 7269.05 7307.36 7336.56
-9999 -9999 -9999 -9999 -9999 -9999 -9999 -9999 3713.644 3880.21 4025.77 4159.08 4216.41 4295.7 4384.2 4481.47 4571.25 4632.31 4672.02 4726.4 4776.57 4814.28 4822.68 4864.35 4895.789 4974.91 5029.83 5090.68 5169.71 5216.5 5252.1 5355.31 5444.09 5516.63 5632.85 5756.94 5870.54 5962.85 6050.71 6173.67 6288.12 6374.25 6405.15 6419.22 6434.87 6413.9 6407.28 6404.59 6409.94 6405.31 6413.17 6413.36 6434.82 6457.23 6473.22 6486.82 6504.82 6535.5 6562.46 6635.89 6751.35 6829.94 6974.84 7005.18 7063.92 7119.98 7173.12 7198.15 7208.64 7229.39
-9999 -9999 -9999 -9999 -9999 -9999 -9999 3529.882 3649.85 3848.91 4007.59 4116.63 4157.38 4246.58 4301.5 4375.66 4475.34 4556.42 4653.94 4701.92 4719.11 4762.23 4770.08 4775.06 4791.262 4857.87 4925.69 4968.32 5030.69 5100.24 -9999 5226.896 5343.25 5445.69 5543.02 5645.35 5752.69 5844.74 5942.47 6055.12 6148.73 6233.6 6288.1 6315.96 6294.84 6289.76 6290.03 6286.95 6294.33 6296.22 6293.88 6302.5 6315.1 6348.85 6377.3 6498.54 6428.81 6444.35 6459.4 6491.91 6531.18 6639.7 6726.33 6797.59 6926.3 6965.68 7044.98 7056.05 7020.38 7062.55
-9999 -9999 -9999 -9999 -9999 -9999 -9999 3383.123 3595.34 3795.72 3932.57 4024.43 4089.67 4138.97 4210.71 4271.8 4352.73 4409.72 4509.94 4610.04 4616.71 4632.12 4650.06 4667.48 4682.372 4751.779 4829.966 4893.83 4947.487 5029.46 5062.585 5139.87 5249.82 5337.09 5419.81 5511.49 5601.88 5709.62 5804.77 5911.12 5985.53 6069.7 6129.13 6160.15 6171.63 6173.03 6156.58 6169.9 6188.23 6196.66 6187.71 6205.63 6228.22 6264.21 6279.6 6364.83 6335.47 6360.6 6378.19 6391.01 6460.49 6660.16 6622.63 6607.39 6728.36 6651.3 6700.82 6748.23 6767.5 6872.4
-9999 -9999 -9999 -9999 -9999 -9999 -9999 3240.625 3486.7 3760.47 -9999 3979.962 4034.101 4062.753 4112.919 4169.278 4212.34 4281.79 4370.52 4432.36 4443.7 4453.98 4494.672 -9999 -9999 -9999 -9999 -9999 -9999 -9999 -9999 -9999 5175.491 5235.065 5298.99 5375.5 5465.79 5565.73 5665.92 5761.88 5850.93 5919.59 5979.95 5993.07 6012.57 6035.52 6037.72 6041.87 6072.39 6117.94 6115.34 6132.67 6205.9 6175.28 6185.15 6237.22 6194.94 6214.42 6247.18 6282.69 6411.74 6519.79 6593.45 6668.53 6746.84 6676.23 6725.03 6789.18 6836.73 6882.35
-9999 -9999 -9999 -9999 -9999 -9999 2873.189 -9999 -9999 -9999 -9999 -9999 -9999 -9999 -9999 -9999 -9999 4154.741 4160.098 4247 4291.957 -9999 -9999 -9999 -9999 -9999 -9999 -9999 -9999 -9999 -9999 -9999 -9999 -9999 -9999 5261 5339.83 5435.13 5523.66 5607.65 5707.058 5760.7 5816.21 5846.03 5868.57 5888.05 5900.41 5925.01 5941.31 5998.02 6018.31 6082.01 6048.62 6111.05 6115.67 6075.78 6048.58 6047.17 6108.12 6149.2 6320.45 6421.75 6572.57 6768.64 6815.68 6717.93 6726.61 6805.42 6874.91 6883.58
-9999 -9999 -9999 -9999 -9999 -9999 -9999 -9999 -9999 -9999 -9999 -9999 -9999 -9999 -9999 -9999 -9999 -9999 -9999 -9999 -9999 -9999 -9999 -9999 -9999 -9999 -9999 -9999 -9999 -9999 -9999 -9999 -9999 -9999 -9999 -9999 5212.541 5290.9 5390.313 5476.768 5569.26 5633.17 5678.71 5732.66 5762.81 5751.37 5760.63 5802.98 5830.14 5837.46 5873.18 5990.97 6012.9 6056.2 5928.95 5887.64 5910.54 6011.02 6179.22 6239.92 6267.43 6372.41 6357.93 6406.21 6510.36 6695.59 6708.14 6683.63 6802.98 6882.11
-9999 -9999 -9999 -9999 -9999 -9999 -9999 -9999 -9999 -9999 -9999 -9999 -9999 -9999 -9999 -9999 -9999 -9999 -9999 -9999 -9999 -9999 -9999 -9999 -9999 -9999 -9999 -9999 -9999 -9999 -9999 -9999 -9999 -9999 -9999 -9999 -9999 5142.539 5222.452 5339.315 5434.44 5517.56 5581.77 5604.82 5618.91 5611.33 5589.47 5669.3 5699.71 5767.84 5819.31 5855.45 5970.39 6000.34 5921.62 5849.02 5789.71 5615.02 5775.03 5810.3 5915.34 6117 5957.75 5815.13 5927.81 6463.23 6607.09 6700.51 6753.25 6719.35
-9999 -9999 -9999 -9999 -9999 -9999 -9999 -9999 -9999 -9999 -9999 -9999 -9999 -9999 -9999 -9999 -9999 -9999 -9999 -9999 -9999 -9999 -9999 -9999 -9999 -9999 -9999 -9999 -9999 -9999 -9999 -9999 -9999 -9999 -9999 -9999 -9999 -9999 5084.427 5204.46 5317.02 5403.13 5442.59 5447.04 5452.64 5451.35 5465.37 5546.29 5798.33 5810.01 5752.15 5795.16 5833.36 6030.96 5861.99 5868.14 5476.22 5389.61 5546.6 5442.64 5535.05 5799.92 5854.36 5646.5 5543.55 5761.92 5892.68 5991.948 6300.66 6008.99
-9999 -9999 -9999 -9999 -9999 -9999 -9999 -9999 -9999 -9999 -9999 -9999 -9999 -9999 -9999 -9999 -9999 -9999 -9999 -9999 -9999 -9999 -9999 -9999 -9999 -9999 -9999 -9999 -9999 -9999 -9999 -9999 -9999 -9999 -9999 -9999 -9999 4823.709 4919.11 5069.22 5183.52 5254.46 5276.8 5256.15 5273.99 5305.51 5350.55 5358.06 5563.43 5878.49 5807.37 5733.42 5843.23 6109.36 5902.55 5404.71 5217.74 5139.97 5178.33 5137.76 5159.439 -9999 -9999 -9999 -9999 -9999 -9999 -9999 -9999 -9999
-9999 -9999 -9999 -9999 -9999 -9999 -9999 -9999 -9999 -9999 -9999 -9999 -9999 -9999 -9999 -9999 -9999 -9999 -9999 -9999 -9999 -9999 -9999 -9999 -9999 -9999 -9999 -9999 -9999 -9999 -9999 -9999 -9999 -9999 -9999 -9999 -9999 -9999 4789.762 4898.281 4998.14 5067.88 5091.19 5099.51 5136 5176.39 5148.21 5284.42 5383.17 5624.97 5519.05 5551.3 5701.92 5798.25 5507.5 5456.7 5334.72 5192.87 5371.05 5184.667 -9999 -9999 -9999 -9999 -9999 -9999 -9999 -9999 -9999 -9999
-9999 -9999 -9999 -9999 -9999 -9999 -9999 -9999 -9999 -9999 -9999 -9999 -9999 -9999 -9999 -9999 -9999 -9999 -9999 -9999 -9999 -9999 -9999 -9999 -9999 -9999 -9999 -9999 -9999 -9999 -9999 -9999 -9999 -9999 -9999 -9999 -9999 -9999 -9999 4773.623 4863.27 4940.9 4963.2 4954.63 4995.22 5017.75 5253.19 5176.51 5338.69 5192.6 5187.64 5388.99 5300.76 5114.32 5000.07 5150.156 5015.28 4884.796 4883.491 -9999 -9999 -9999 -9999 -9999 -9999 -9999 -9999 -9999 -9999 -9999
-9999 -9999 -9999 -9999 -9999 -9999 -9999 -9999 -9999 -9999 -9999 -9999 -9999 -9999 -9999 -9999 -9999 -9999 -9999 -9999 -9999 -9999 -9999 -9999 -9999 -9999 -9999 -9999 -9999 -9999 -9999 -9999 -9999 -9999 -9999 -9999 -9999 -9999 -9999 4663.702 4733.22 4775.18 4800.03 4787.09 4761.46 4758.37 4981.39 4981.87 4801.44 4711.62 4853.93 5017.01 4703.843 -9999 -9999 -9999 -9999 -9999 -9999 -9999 -9999 -9999 -9999 -9999 -9999 -9999 -9999 -9999 -9999 -9999
-9999 -9999 -9999 -9999 -9999 -9999 -9999 -9999 -9999 -9999 -9999 -9999 -9999 -9999 -9999 -9999 -9999 -9999 -9999 -9999 -9999 -9999 -9999 -9999 -9999 -9999 -9999 -9999 -9999 -9999 -9999 -9999 -9999 -9999 -9999 -9999 -9999 -9999 -9999 -9999 4591.61 4628.95 4653.37 4613 4557.89 4572.95 4669.69 4843.67 4585.69 4497.65 4510.59 -9999 -9999 -9999 -9999 -9999 -9999 -9999 -9999 -9999 -9999 -9999 -9999 -9999 -9999 -9999 -9999 -9999 -9999 -9999
-9999 -9999 -9999 -9999 -9999 -9999 -9999 -9999 -9999 -9999 -9999 -9999 -9999 -9999 -9999 -9999 -9999 -9999 -9999 -9999 -9999 -9999 -9999 -9999 -9999 -9999 -9999 -9999 -9999 -9999 -9999 -9999 -9999 -9999 -9999 -9999 -9999 -9999 -9999 -9999 -9999 4466.939 4481.4 4422.66 4400.36 4543.68 4614.59 4630.76 4427.14 4356.66 4317.514 -9999 -9999 -9999 -9999 -9999 -9999 -9999 -9999 -9999 -9999 -9999 -9999 -9999 -9999 -9999 -9999 -9999 -9999 -9999
-9999 -9999 -9999 -9999 -9999 -9999 -9999 -9999 -9999 -9999 -9999 -9999 -9999 -9999 -9999 -9999 -9999 -9999 -9999 -9999 -9999 -9999 -9999 -9999 -9999 -9999 -9999 -9999 -9999 -9999 -9999 -9999 -9999 -9999 -9999 -9999 -9999 -9999 -9999 -9999 -9999 4343.739 4376.96 4322.021 4283.71 4333.49 4614.36 4301.98 4226.708 4205.761 -9999 -9999 -9999 -9999 -9999 -9999 -9999 -9999 -9999 -9999 -9999 -9999 -9999 -9999 -9999 -9999 -9999 -9999 -9999 -9999
-9999 -9999 -9999 -9999 -9999 -9999 -9999 -9999 -9999 -9999 -9999 -9999 -9999 -9999 -9999 -9999 -9999 -9999 -9999 -9999 -9999 -9999 -9999 -9999 -9999 -9999 -9999 -9999 -9999 -9999 -9999 -9999 -9999 -9999 -9999 -9999 -9999 -9999 -9999 -9999 -9999 -9999 -9999 -9999 4282.288 4293.13 4450.66 4666.31 4168.324 -9999 -9999 -9999 -9999 -9999 -9999 -9999 -9999 -9999 -9999 -9999 -9999 -9999 -9999 -9999 -9999 -9999 -9999 -9999 -9999 -9999
-9999 -9999 -9999 -9999 -9999 -9999 -9999 -9999 -9999 -9999 -9999 -9999 -9999 -9999 -9999 -9999 -9999 -9999 -9999 -9999 -9999 -9999 -9999 -9999 -9999 -9999 -9999 -9999 -9999 -9999 -9999 -9999 -9999 -9999 -9999 -9999 -9999 -9999 -9999 -9999 -9999 -9999 -9999 -9999 -9999 -9999 4215.193 4430.786 -9999 -9999 -9999 -9999 -9999 -9999 -9999 -9999 -9999 -9999 -9999 -9999 -9999 -9999 -9999 -9999 -9999 -9999 -9999 -9999 -9999 -9999
