layers/wordclim/future/Iberia_wcB2a_10_hadcm3_2020/bio_03.asc
ncols         166
nrows         93
xllcorner     -9.4959440078468
yllcorner     36.000324005443
cellsize      0.083333337679505
NODATA_value  -9999
[rows 37 to 73 of 93, columns 0 to 81 of 166]
-9999 -9999 -9999 -9999 -9999 -9999 -9999 -9999 -9999 45.2973 44.97938 44.47 44.06 43.1 41.73 39.88 38.97 40.3 40.16 39.74 38.99 38.14 37.29 37.2 36.91 36.34 35.71 33.88 34.33 34.54 34.54 34.91 34.95 35.01 35.1 35.75 35.71 35.84 36 36 36.04 36.37 36.78 36.97 37 37 37 37 37.04 37 36.91 36.71 36.16 36.02 36 36 36 35.62 35.08 35.45 35.4 35.41 35.34 35.66 34.53 34 34.17 34 33.76 33.48 33.27 33.6 34 34 34 34.01 34.57 34.92 34.96 35.44 35.88 35.63
-9999 -9999 -9999 -9999 -9999 -9999 -9999 -9999 -9999 45.02 44.76 44.31 44.1 43.38 41.42 39.24 41.16 40.9 40.29 39.67 39.01 38.26 37.88 36.87 34.12 33.04 33.49 33.26 33.69 34.05 34.22 34.05 34.69 35 35 35.22 35.21 35.01 35.11 35.4 35.97 36.02 36.04 36.54 36.91 36.97 37 36.99 36.87 36.83 36.59 36.1 36 36 36 36 35.82 35.63 35.52 35 35 34.91 34.8 34.66 34.05 34 33.65 33.34 33.12 33.05 33.2 33.55 34.16 34.36 34.04 34.5 34.91 34.82 35.01 35.21 35.57 35.58
-9999 -9999 -9999 -9999 -9999 -9999 -9999 -9999 45.12903 44.87 44.39 44.08 43.97 43.06 42.02 41.56 41.24 41.01 40.15 39.61 38.74 37.8 35.1 32.22 32.56 33.06 33.72 33.07 33.59 33.9 33.98 33.95 34.19 34.58 34.41 34.92 35 34.95 35.06 35.38 35.68 36 36.02 36.04 36.39 36.32 36.55 36.33 36.5 36.34 35.98 35.9 35.99 35.99 36 35.96 35.65 35.2 35.01 34.96 34.57 34.13 34.12 34.03 34 33.75 33.61 33.57 33.13 33.13 33 33.17 34.19 34.8 34.48 34.91 34.84 34.9 35.08 35.4 35.38 35.89
-9999 -9999 -9999 -9999 -9999 -9999 -9999 -9999 44.81319 44.42 44.2 43.95 43.95 42.77 42.38 42.13 41.48 40.83 40.08 38.96 37.94 35.23 31.99 32.08 34.39 35.37 35.03 33.74 33.23 33.37 33.25 33.62 33.75 34 34.03 34.23 34.35 34.76 35.15 35.62 35.99 35.92 35.84 35.99 35.81 35.59 35.63 36 35.98 35.81 35.79 35.73 35.89 36 35.81 35.8 35.54 35.21 35.28 35.08 34.29 34.02 34 34 33.96 33.85 33.53 33.57 33.58 33 33 33.31 33.98 34.4 34.99 35 34.96 35 35 35 35.45 35.9
-9999 -9999 -9999 -9999 -9999 -9999 -9999 -9999 44.59 44.05 44.03 43.98 43.86 42.73 42.29 42.01 41.1 40.54 39.71 38.3 37.01 35.35 32.87 32.73 35.38 35.59 34.88 34.37 33.58 32.93 32.96 32.95 33.38 33.73 33.83 34.37 34.67 34.92 35.28 35.56 35.88 35.87 35.8 35.79 35.24 35.07 35.5 35.79 35.62 35.46 35.16 35.27 35.46 35.68 35.52 35.25 35.1 35 35 34.58 34.23 34 34 34 33.94 33.84 33.42 33.52 33.25 33.1 33.1 33.56 33.96 34.37 34.94 34.98 35 35 35 35.44 35.96 35.97
-9999 -9999 -9999 -9999 -9999 -9999 -9999 44.19178 44.13 44.14 43.99 43.93 43.75 42.72 42.11 41.61 40.84 39.79 37.89 36.02 34.78 36 36.19 35.88 35.69 35.23 35.02 34.77 34.3 33.89 34.41 34.62 33.61 34.35 34.84 34.93 35.03 34.98 35.27 35.66 35.63 35.91 35.48 35 35.36 35.26 34.98 35.07 35.2 35.8 35.62 35.6 35.51 35.1 35.05 35 35 35 34.96 34.56 34.03 34 34 33.99 33.89 33.87 33.7 33.69 33.43 33.49 33.5 33.76 34.01 34.51 34.89 34.99 35 35 35.02 35.76 36 36
-9999 -9999 -9999 -9999 -9999 -9999 -9999 -9999 43.96591 43.92 43.79 43.38 42.98 42.57 42 40.46 38.86 37.8 37.33 36.14 36.07 36.51 35.89 35.16 35 35.06 35.44 35.02 34.98 34.91 35 34.98 34.77 34.88 35.29 35.07 35 35.01 35.14 35.06 35.42 35.02 35.04 35.24 35.07 35.29 35.26 35.6 35.31 35.32 35.8 35.79 35.13 35.01 35 35 35 34.99 34.78 34.41 34.03 34 34 34 33.85 33.86 33.81 33.81 33.74 33.96 33.99 34 34.06 34.79 35 35 35 35 35.21 35.94 36 36
-9999 -9999 -9999 -9999 -9999 -9999 -9999 43.81333 43.65 43.59 43.44 42.56 42.08 41.87 39.5 38.02 38.3 38.26 37.73 37.51 37.33 35.72 35.67 34.91 35.64 35.81 35.37 35.09 34.94 34.55 34.72 35.05 35.07 35.37 35 35.05 35.01 35.01 35.02 35.03 35.03 35.01 35.05 35.01 35 35.11 35.09 35.3 35.29 35.64 35.07 35.01 35 35 35 35 35 35 34.73 34.27 34.04 34 34 34 33.98 33.67 33.88 33.89 33.98 34 34 34.02 34.2 34.9 34.99 35 35 35.02 35.81 36 36 36.01
-9999 -9999 -9999 -9999 -9999 -9999 -9999 43.26 43.12 43.1 42.93 41.69 41.73 41.23 39.75 39.64 39.59 38.61 37.49 36.91 36.31 36.21 36.65 36.04 35.8 35.65 35.38 35.49 35.09 35.03 35.01 35.06 34.99 35.16 35 35 35.09 35 35 35 35 35 35.18 35.28 35.04 35.03 35.02 35 35.16 35.05 35 35 35 35 35 35 35 34.95 34.8 34.14 34 34 34 34 33.9 33.96 34 33.98 34 34 34.03 34.25 34.88 35 35 35 35.05 35.6 35.99 36 36 36.05
-9999 -9999 -9999 -9999 -9999 -9999 43.01587 43 42.78 42.65 42.41 41.79 41.42 40.86 40.46 40.14 39.21 37.9 37.2 36.16 36.78 37.03 36.81 36.11 35.91 35.51 36.07 35.99 35.79 35.14 35.1 35.05 35.12 35.07 35 35 35 34.98 34.95 34.97 34.99 35 35 35.1 35 35 35 35 35 35 35 35 35 35 35 35 34.98 34.84 34.6 34.32 34.04 34.01 34 34 34 34 34 34 34 34 34.44 34.95 35 35 35 35 35.16 35.58 36 36 36.01 36.2
-9999 -9999 -9999 -9999 -9999 -9999 42.78571 42.78 42.48 42 41.57 41.3 41.22 40.83 40.48 40.13 39.63 38.72 37.57 36.95 37.42 37.23 36.51 36.21 36.18 36.4 36.09 36 35.79 35.57 35.31 35.13 35.19 35.16 35.07 35 34.85 34.74 34.93 34.99 34.94 35 34.99 35 35 35 35 35 35 35 35 35 35 35 35 35 35 34.72 34.64 34.47 34.19 34.04 34 34 34 34 34.01 34.01 34 34.06 34.4 34.95 35 35 35.01 35.24 35.72 35.97 36 36 36.07 36.2
-9999 -9999 -9999 -9999 -9999 42.10714 42.1 42.04 41.98 41.66 41.24 41.44 41.44 40.92 40.12 40.07 39.34 38.93 38.22 38.03 38.03 37.47 37.1 36.9 36.48 36.02 35.91 35.96 35.88 35.67 35.79 35.46 35.01 35 35 35 35 35 34.95 34.84 34.73 34.82 34.99 35 35 35 35 35 35 35 35 35 35 35 35 34.99 34.96 34.74 34.85 34.55 34.45 34.43 34.21 34.16 34.13 34.43 34.43 34.69 34.7 34.84 34.98 35 35 35 35.03 35.42 35.87 36 36 36 36 36.7
-9999 -9999 -9999 -9999 -9999 41.90244 41.94 41.83 41.3 40.75 40.94 41.06 41.04 40.77 40.16 40.07 39.36 38.82 38.45 38.34 38.23 37.84 37.49 36.93 36.36 36.22 36.18 35.86 36.07 35.99 35.71 35.38 35 35 34.99 35 34.98 34.98 34.99 34.87 34.67 34.85 35 34.97 35 35 35 35 35 34.98 35 35 35 35 35 34.99 35 35 35 35 34.98 34.89 34.82 34.98 34.83 34.95 34.97 34.95 35 35 35 35 35 35.03 35.65 35.97 36 36 36 36 36.14 36.58
-9999 -9999 -9999 -9999 -9999 41.61616 41.57 40.74 40.36 40.31 40.4 41.03 41.01 40.98 40.21 40.01 39.62 39.21 39.02 38.71 38.36 37.83 37.11 36.89 36.86 36.39 36.04 35.79 35.96 36 36 35.98 35.23 35.13 35 35 34.9 34.86 34.87 34.64 34.87 34.91 34.98 34.98 35 35 35 35 34.76 34.98 34.96 35 35 35 35 34.96 34.99 35 35 35 35 35 35 35 35 35 35 35 35 35 35 35 35.02 35.22 35.49 35.87 36 36 36 36.1 36.19 36.64
-9999 -9999 -9999 41.73809 41.81 41.52 40.94 40.61 40.67 40.92 41.04 41.04 41.01 40.86 40.46 40.21 40 39.81 39.18 38.61 38.04 37.65 37.08 36.79 36.17 36.34 36.05 35.97 35.98 35.97 35.99 36 35.92 35.72 35.23 35.01 34.99 34.38 34.41 34.39 34.7 34.82 34.94 34.98 34.95 34.91 34.99 34.89 34.87 34.94 34.98 34.99 35 35 35 35 35 35 35 35 35 35 35 35 35 35 35.02 35.04 35.05 35.03 35.02 35.36 35.8 35.59 35.78 36 36 36 36 36 36.13 36.5
-9999 -9999 41.4375 41.51163 41.34 41.16 40.98 41.03 41.08 40.99 41.01 41.02 40.94 40.33 40.09 40 39.75 39.4 39.01 38.9 38.21 37.93 37.24 37.03 36.16 35.63 35.79 36 36 36.12 35.99 35.94 35.98 35.54 35.28 35.02 35 34.95 34.54 34.76 34.82 34.84 34.92 34.88 34.93 34.95 35 34.87 34.98 35 35 35 35 35 35 35 35 35 35 35 35 35 35.01 35 35.04 35.22 35.34 35.67 35.41 35.88 35.9 35.88 35.95 36 36 36 36 36 36 36 36 36.07
-9999 -9999 41.2 41.17 41.08 40.99 41.04 41.11 40.98 40.99 41 40.96 40.66 40.15 40.02 39.93 39.86 39.57 39.08 39 38.74 38.16 37.9 37.64 36.77 35.85 35.67 36.51 36.91 36.84 36.82 36.38 36.16 35.95 35.87 35.15 35 35 34.97 34.93 34.88 34.98 34.98 35 35 35 35 35 35 35 35 35 35 35 35 35 35 35 35 35 35 35 35 35.07 35.42 35.71 35.74 35.95 36 36 36 35.98 36 36 36 36 36 36 36 36 36 36.81
-9999 -9999 41.09 40.99 40.86 40.64 40.98 41 40.94 40.99 41 40.82 40.53 40.17 40.05 40.01 39.99 39.92 39.07 39 38.93 38.34 38 37.99 37.59 37.1 36.92 36.98 37.45 37.4 37.01 36.97 36.66 36.1 35.99 35.46 35.2 35.07 35 35 34.91 34.94 35 35 35 35 35 35 35 35 35 35 35 35 35 35 35 35 35 35 35 35.05 35.27 35.6 35.69 35.9 36 36 36 36 36 36 36 36 36 36 36 36 36 36 36.08 36.68
-9999 41.20313 41.13 40.89 40.42 40.84 40.9 40.92 40.98 40.94737 40.96 40.71 40.55 40.11 40.01 40.03 40.02 39.97 39.4 39.15 39 38.54 38.19 38.05 37.98 37.88 37.94 37.97 37.97 37.99 37.54 37.01 36.96 36.59 36.13 36 35.94 35.55 35.13 35.01 35 35.01 35 35 35 35 35 35 35 35 35 35 35 35 35 35 35 35 35 35 35.09 35.41 35.68 35.72 35.95 36 36 36 36 36 36 36 36 36 36 36 36 36 36 36 36.56 36.58
-9999 41.25 40.87 40.76 40.28 40.58 40.97872 40.97778 41 40.96 40.81 40.66 40.52 40.23 40.08 40.18 40.01 39.98 39.87 39.23 39 38.93 38.86 38.64 38.02 38 38 38.12 38.08 38.04 37.99 37.59 37 36.99 36.66 36 36 36 35.6 35.06 35.1 35.24 35.02 35 35 35 35 35 35 35 35 35 35 35 35 35 35 35 35 35.01 35.05 35.35 35.9 35.97 36 36 36 36.01 36 36 36 36 36 36 36 36 36 36 36 36 36.17 36.96
-9999 41.11224 40.78 40.45 40.16 40.35052 40.82278 41 40.99 40.89 40.96 40.89 40.85 40.73 40.35 40.3 40.06 40 39.97 39.37 39 38.83 38.78 38.67 38.11 38 38.02 38.04 38.21 38 38 37.8 37.17 37 36.94 36.26 36.01 36 35.87 35.87 35.87 35.56 35.42 35.01 35 35.02 35 35 35 35 35 35 35 35 35 35 35 35 35 35 35.04 35.31 35.68 35.99 36 36 36 36.01 36.03 36 36 36 36 36 36 36 36 36 36 36 36.18 36.99
-9999 41.08 40.88 40.54 40.49 40.78333 40.93827 41 40.9 40.88 40.99 40.95 40.63 40.74 40.66 40.53 40.25 39.99 39.98 39.55 39.02 39.01 38.56 38.31 38.11 38.18 38.03 38.02 38.04 38 37.97 37.28 37.76 37.05 37 36.11 36.13 36 36 35.99 35.9 35.96 35.73 35.17 35.11 35.03 35 35 35 35 35 35 35 35 35 35 35 35 35 35.03 35 35.37 35.6 36 36 36 36 36 36 36 36 36 36 36 36 36 36 36 36 36 36.09 37
41.40741 41.31 41.09 40.77 40.74468 -9999 -9999 40.97 40.94 41 40.98 40.98 40.73 40.58 40.71 40.36 40.01 39.97 39.95 39.5 39.09 39 38.98 38.59 38.08 38.58 38.37 38.15 38.1 38 38 37.59 37.02 37.17 36.96 36.7 36 36 36 35.97 35.96 35.8 35.37 35.34 35.03 35.11 35.12 35.06 35.08 35 35 35 35 35 35 35 35 35 35 35.18 35.17 35.24 35.44 35.85 36 36 36 36 36 36 36 36 36 36 36 36 36 36 36 36 36.19 36.53
41.9 41.80282 41.32433 40.94805 40.88889 41 41 41 41 41 41 41 40.99 40.91 40.77 40.52 40.02 39.98 39.91 39.44 39.26 39.11 38.96 38.8 38.91 38.67 38.73 38.32 38.04 38.01 37.91 37.6 37.37 37 36.97 36.83 36.22 36.06 36 36 36 35.89 35.61 35.47 35.31 35.29 35.2 35.2 35.01 35 35 35 35 35 35 35 35 35 35 35.02 35.06 35.08 35.65 35.28 35.57 35.68 35.9 36 36 36 35.99 35.91 35.96 35.99 36 36 36 36 36 36 36.05 36.2
-9999 -9999 -9999 41.09459 41.03896 41.09524 41.04 41.17 41.01 41 41.03 41.1 41 41 40.82 40.66 40.04 40.01 40 39.65 39.9 39.54 39.31 39.01 39 38.98 38.8 38.56 38 37.96 37.6 37.2 37.09 37 36.99 36.68 36.28 36.01 36 36 35.99 36 35.36 35.38 35.83 35.3 35.27 35.36 35.14 35.01 35 35 35 35 35 35 35 35 35 35.06 35 35.09 35.04 35.17 35.24 35.28 35.57 35.76 35.74 35.83 35.76 35.69 35.89 35.79 35.88 36 36 36 36 36 36 36.01
-9999 -9999 -9999 -9999 41.36 41.43 41.09091 41.41177 41.30769 41.2967 41.3 41.21 41.07 41.01 41 40.82 40.39 40.18 40.06 40 40 39.95 39.58 39.12 39 39 38.99 38.52 38 38 37.76 37.13 37 36.89 36.7 36.31 36.42 36 36 36 36 35.94 35.89 35.97 35.75 35.48 35.33 35.58 35.27 35.06 35 35.03 35 35 35 35 35 35 35 35 35 35 35 35 35.01 35.08 35.11 35.11 35.11 35.18 35.28 35.47 35.56 35.3 35.19 35.97 36 36 36 36 36 36.01
-9999 -9999 -9999 -9999 41.91358 41.34286 -9999 42 -9999 41.8718 41.62 41.56 41.64 41.45 41.26 41.02 41.01 40.96 40.51 40.3 40.05 40 39.9 39.6 39.07 39 38.97 38.61 38 38 37.61 37 37 36.62 36.27 36.17 36.68 36 36 36 36 36 36 35.99 35.98 35.89 35.83 35.81 35.68 35.02 35.09 35.29 35 35 35 35 35 35 35 35 35 35 35 35 35 35 35 35 35 35 35.01 35.12 35.2 35.13 35.02 35.45 36 36 36 36 36 36
-9999 -9999 -9999 -9999 -9999 -9999 -9999 -9999 42 42 41.96842 41.96 41.92 41.72 41.79 41.13 41.06 41 40.99 40.63 40.1 40 40 39.77 39.82 39 38.93 38.64 38.03 37.99 37.9 37.11 37 37 36.89 36.66 36.06 36 36 36 36 36 36 36 36 36 35.98 35.92 35.87 35.38 35.09 35.39 35.21 35 35 35 35 35 35 35 35 35 35 35 35 35 35 35 34.98 35 35 35 35.01 35 35.03 35.17 35.7 35.99 36 36 36 36
-9999 -9999 -9999 -9999 -9999 -9999 -9999 -9999 -9999 42 42 41.96 42 42 42 41.9 41.47 41.21 41.12 41 40.7 40.05 40 40 39.86 39.06 39 38.69 38.03 37.99 37.89 37.33 37.01 37 36.97 36.9 36.47 36.02 36 36 36 36 36 36 36 36 36 36 35.99 35.39 35.77 35.98 35.55 35.06 35 35 35 35 35 35 35 35 35 35 34.97 34.7 34.82 34.82 34.62 34.66 34.94 35 35 35 35 35.01 35.16 35.61 35.73 36 36 36
-9999 -9999 -9999 -9999 -9999 -9999 -9999 -9999 -9999 42.09 42 42 42 42 42.02 42 41.96 41.86 41.76 41.2 40.94 40.53 40.24 40.02 39.88 39.02 39 38.62 38 38 37.86 37.21 37.03 36.97 36.8 36.68 36.58 36.01 36 36.02 36.01 36 36 36 36 36 36 36 36 36 35.91 35.81 35.53 35.54 35.04 35 35 35 35 35 35 35 34.98 34.72 34.58 34.24 34.01 34.09 34.01 34.11 34.18 34.46 34.9 35 35 35.01 35.01 35.16 35.62 35.97 36 36
-9999 -9999 -9999 -9999 -9999 -9999 -9999 -9999 42.98077 42.53 42.07 42 42.06 42.23 42.06 42.02 42 42 41.97 41.83 41.12 41 40.85 40.01 39.83 39.03 39 38.45 38.09 37.97 37.56 37.24 37 36.96 36.88 36.15 36.25 36.11 36 36.04 36 36.01 36.12 36 36 36 36.03 36 36 36 36 35.99 35.69 35.55 35.22 35.04 35.02 35 35 35 35 34.97 34.8 34.28 34.09 34.07 34.01 34 34 34 34 34.11 34.77 34.89 35 35 35.01 35.02 35.48 35.97 36 36
-9999 -9999 -9999 -9999 -9999 -9999 -9999 -9999 43.01099 42.66 42.72 42.31 42.19 42.3 42.18 42.06 42 42 42 42 41.66 41.01 40.86 40.02 39.93 39.04 38.96 38.48 38.01 37.64 37.05 37.13 37 36.99 36.64 36.47 36.39 36.08 36.01 36.03 36.11 36.28 36.85 36.52 36.01 36 36 36.2 36 36 36.01 36 36 35.88 35.5 35.25 35.03 35 35 35 35 34.78 34.89 34.64 34.24 34 34 34 34 34 34 34 34.19 34.56 34.9 35 35 35.03 35.48 35.76 35.96 36
-9999 -9999 -9999 -9999 -9999 -9999 -9999 43.23077 43.06452 42.86 42.94 42.86 42.59 42.74 42.52 42.27 42.04 42.02 42 42 41.69 41.01 40.92 40.02 39.91 39 38.97 38.46 38 37.85 37.17 37 37 36.93 36.78 36.72 36.78 36.49 36.05 36.76 36.36 36.14 36.89 36.6 36.07 36.34 36.05 36 36.42 36.04 36.1 36.04 36 36 35.92 35.47 35.05 35 35 35 35 34.99 34.75 34.3 34.01 34 34 33.97 34 33.98 34 34 34.07 34.19 34.78 35 35 35.01 35.28 35.73 36 35.99
-9999 -9999 -9999 -9999 -9999 -9999 -9999 -9999 43.26415 43.06 43 42.95 42.92 42.81 42.37 42.32 42.07 42 42 41.95 41.71 41 40.74 40.01 39.73 39.05 38.91 38.1 38 37.42 37.05 37 37 36.92 36.72 36.29 36.77 36.8 36.87 36.65 36.9 36.97 37 36.97 36.85 36.81 36.27 36.72 36.87 36.92 36.54 36.29 36.01 36 36 35.9 35.3 35.03 35 35 35 34.9 34.42 34.17 34 34 33.97 33.49 33.82 33.82 33.8 34 34.01 34.31 34.67 34.99 35 35.15 35.9 35.97 36 35.99
-9999 -9999 -9999 -9999 -9999 -9999 -9999 -9999 43.56364 43.1 43.03 42.99 42.99 42.92 42.34 42.18 42.04 42 42 41.81 41.5 40.99 40.75 40 39.73 39.01 38.66 38.11 37.91 37.2 37.02 37 37 36.95 36.7 36.77 36.72 36.97 36.77 36.98 36.84 37 37 37.01 37 37 37 37 37 37 36.99 36.9 36.32 36.05 36 35.91 35.82 35.19 35.02 35 35 34.94 34.34 34.02 34 33.97 33.55 33.4 33.22 33.29 34 34.45 34.66 34.86 35 35 35 35.3 35.94 35.77 35.79 35.9
-9999 -9999 -9999 -9999 -9999 -9999 -9999 -9999 43.97872 43.25806 43.13 43 42.96 42.87 42.39 42.39 42 42 42 41.87 41.24 40.94 40.39 40 39.8 38.99 38.5 38.01 37.65 37.13 37 36.97 36.79 36.91 36.65 36.38 36.88 36.73 36.96 36.99 37 37 37.01 37.36 37.22 37.38 37.42 37.2 37.13 37 37 37 36.82 36.05 36 36 35.67 35.35 35 35 35 34.9 34.59 34.03 34 34 33.95 34.24 33.78 33.84 34.26 34.96 35.16 34.96 35.04 35 35 35 35.27 35.35 35.34 35.36
-9999 -9999 -9999 -9999 -9999 -9999 -9999 -9999 44 43.56 43.18 42.98 42.92 42.72 42.37 42.11 42 41.99 41.99 41.7 41.03 40.88 40.33 40.02 39.44 38.98 38.32 37.94 37.69 37 36.9 36.53 36.8 36.44 36.26 36.53 36.57 36.88 36.89 37 37 37.07 37.17 37.76 37.91 37.95 37.9 38 37.77 37.38 37 37 36.89 36.6 36.09 36 35.96 35.51 35.28 35 35 35 34.48 34.25 34.05 34.24 34.13 34.53 34.93 34.8 34.48 34.91 35.02 35 35 35 35 35 35.2 35.13 35 35
