layers/wordclim/future/Iberia_wcB2a_10_hadcm3_2020/bio_16.asc
ncols         166
nrows         93
xllcorner     -9.4959440078468
yllcorner     36.000324005443
cellsize      0.083333337679505
NODATA_value  -9999
[rows 33 to 65 of 93, columns 0 to 72 of 166]
-9999 -9999 -9999 -9999 -9999 -9999 -9999 -9999 -9999 -9999 434.8488 457.23 469.41 481.45 484.32 494.63 538.77 616.48 653 636.81 627.77 618.5 571.1 517.03 529.62 527.17 468.04 399.13 359.56 362 340.99 310.27 309.3 294.8 276.47 255.83 241.41 231.77 217.8 203.1 192.53 181.4 165.22 155.68 149.47 144.2 136.91 126.9 121.5 121.45 121.81 120.65 120.11 119.38 118.41 118.57 118.03 119.79 121.59 124.31 128.63 131.74 135.59 141.9 150.8 157.65 183.53 202.23 177.84 164.54 160.72 159.59 163.79
-9999 -9999 -9999 -9999 -9999 -9999 -9999 -9999 -9999 -9999 421.7449 443.2 465.28 503.48 587.8 588.96 578.44 532.47 546.52 564.35 591.51 594.69 580.39 544.17 535.47 524.59 468.27 402.07 375.14 377.94 367.9 335.93 308.17 301.61 284.82 264.64 244.94 231.83 216.02 202.99 193.44 182.22 169.69 162.19 155.44 149.25 142.79 134.76 126.71 124.2 124.46 123.33 124.19 122.69 120.97 119.21 117.54 119.43 120.56 124.09 128.49 131.63 136.68 143.74 153.27 164.06 202.69 170.91 182.12 175.09 164.15 158.01 153.71
-9999 -9999 -9999 -9999 -9999 -9999 -9999 -9999 -9999 -9999 411.8202 422.39 448.24 532.51 505.74 539.57 532.99 481.46 503.58 535.18 553.75 552.41 540.91 534.66 518.73 515.7 460.97 411.72 395.89 366.41 363.38 351.33 322.15 300.08 288.41 272.39 252.14 233.68 221.32 208.8 197.29 189.08 180.27 173.04 166.32 161.26 152.73 137.75 133.23 129.01 127.08 127.16 128.38 128.74 126.62 121.47 122.33 120.22 121.6 123.99 128.45 133.11 140.06 152.33 183.27 187.53 206.9 192.57 168.96 160.94 159.09 155.15 155.33
-9999 -9999 -9999 -9999 -9999 -9999 -9999 -9999 -9999 406.7027 404.0544 412.56 424.62 444.92 499.92 488.68 511.05 488.88 516.45 523.99 504.83 498.31 493.79 497.84 486.81 460.11 436.68 423.73 415.43 392.69 369.32 360.19 332.3 308.12 285.66 277.93 259.27 238.31 226.54 217.03 205.87 196.14 190.25 185.51 178.41 162.48 149.23 143.47 139.4 136.27 136.26 136.83 142.15 139.25 139.57 138.51 134.97 126.67 127.3 128.75 144.91 145.99 157.08 163.75 161.52 155.63 159.04 158.52 159.83 163.48 159.64 156.85 157.83
-9999 -9999 -9999 -9999 -9999 -9999 -9999 -9999 -9999 400.6622 403.9072 404.03 407.07 434.34 475.49 541.99 568.47 486.4 475.75 473.95 476.17 487.45 496.13 469.8 441.5 441.58 438.58 473.61 439.73 405.54 387.82 364.24 340.85 309.14 282.84 266.8 256.15 248.21 237.93 230.43 222.04 216.88 199.19 184.13 173.47 164.78 156.81 151.36 149.57 151.84 155.69 155.43 163.41 159.62 152.46 141.99 131.89 129.25 133.13 140.84 149.55 158.03 157.45 167.8 152.52 148.31 155.98 158.92 158.08 159.92 159.99 159.82 162.52
-9999 -9999 -9999 -9999 -9999 -9999 -9999 -9999 -9999 397.22 401.09 397.16 397.04 413.31 478.34 554.86 449.84 443.19 441.23 458.83 454.27 454.85 446.7 467.32 553.11 555.86 501.44 478.68 446.71 418.59 388.08 376.73 343.41 310.02 289.91 270.35 257.18 264.22 264.51 274.16 237.23 219.92 195.31 181.05 180.41 174.68 162.55 160.91 163.56 160.65 157.02 168.53 188.42 160.69 146.04 146.32 151.57 151.05 143.65 131.16 134.97 131.97 137.14 146.67 144.19 147.39 149.76 154.63 157.16 161.73 163.7 165.17 166.06
-9999 -9999 -9999 -9999 -9999 -9999 -9999 -9999 387.2258 391.76 396.49 398.56 394.83 420.27 449.17 439.57 428.19 420.23 427.45 432.67 449.67 462.93 563.97 681.54 607.59 536.85 473.33 479.68 441.07 409.28 393.16 381.13 339.99 318.22 311.29 289.57 270.2 265.63 254.88 242.76 227.21 185.55 176.8 179.89 174.53 182.23 176.24 164.68 159.79 166.51 191.87 210.94 207.79 193.82 194.55 175.94 148.14 133.84 126.39 126.95 125.47 126.13 131.85 137.06 139.47 142.68 147.4 155.68 158.46 164.04 166.3 165.5 166.4
-9999 -9999 -9999 -9999 -9999 -9999 -9999 -9999 381.8242 386.22 392.04 397.73 391.58 423.23 420.91 402.83 408.52 413.4 425.45 450.55 465.54 575.8 757.59 685.65 506.71 432.25 414.51 442.9 441.92 416.47 410.03 387.32 362.68 339.4 317.11 300.35 306.8 273.52 250.77 208.35 186.97 182.5 188.65 184.99 202.29 247.93 222.55 175.31 178.35 210.67 216.67 210.35 204.22 176.1 168.17 151.43 145.27 151.12 154.95 142.99 125.6 125.77 129.41 131.61 133.35 140.87 146.41 154.4 161.44 161.41 164.38 164.52 163.9
-9999 -9999 -9999 -9999 -9999 -9999 -9999 -9999 378.18 383.16 389.67 386.57 385.19 417.54 415.01 395.15 407.65 414.94 424.77 462.18 492.59 548.22 680.11 646.88 439.23 401.61 406.65 407.06 422.12 434.95 424.56 419.88 378.13 347.82 339.36 298.9 269.53 236.47 216.87 198.16 180.66 183.3 183.35 189.32 254.62 285.89 222.09 201.99 220.17 237.11 258.93 234.16 207.74 165.1 170.31 167.64 136.18 121.12 125.17 127.58 127.62 128.32 127.21 127.83 134.52 140.63 144.3 152.63 158.22 158.88 160 159.4 161.77
-9999 -9999 -9999 -9999 -9999 -9999 -9999 375.0137 372.6 367.43 369.46 370 375.56 399.98 400.35 409.77 408.84 433.33 494 562.58 587.71 488.9 452.14 428.61 411.38 406.95 384.69 380.3 382.79 382.66 338.54 316.67 360.04 301.82 268.09 245.62 228.02 227.69 202.59 187.97 177.25 169.45 197.52 241.68 201.32 226.71 280.14 265.41 251.79 177.31 198.01 175.16 139.07 124.33 129.28 116.19 118.29 120.34 124.68 127.18 124.65 123.07 124.51 130.41 135.81 139.3 142.69 150.47 153.01 156.5 156.84 156.25 158.07
-9999 -9999 -9999 -9999 -9999 -9999 -9999 -9999 356.0114 360.96 362.52 364.54 387.71 395.32 391.37 443.47 480.34 503.23 505.43 535.21 505.26 446.41 453.73 452.48 426.89 394.03 356.65 349.5 345.65 323.06 299.43 291.85 287.86 261.97 235.49 227.07 223.74 217.66 198.4 187.65 179.35 181.24 203.99 194.85 213.26 178.82 168.05 160.28 145.01 128.25 125.08 122.45 122.88 122.92 121.94 121.84 127.89 132.48 121.14 121.06 121.08 123.28 127.58 131.64 134.4 136.15 141.58 144.98 147.75 153.79 151.5 152.83 156.73
-9999 -9999 -9999 -9999 -9999 -9999 -9999 348.6667 356.55 354.91 353.68 386.73 403.04 399.28 471.56 520.61 487.94 459.48 462.72 446.5 423.44 475.39 433.14 452.39 383.45 354.78 346.44 333.71 334.17 330.15 312.19 276.41 258.34 238.23 228.48 224.33 215.65 202.7 189.09 179.92 179.51 179.7 176.97 173.85 167.61 148.45 141.73 134.18 130.58 127.93 125.59 125.58 124.15 122.95 122.33 124.57 122.44 119.17 120.35 121.21 122.35 124.59 128.04 130.39 131.37 132.68 138.06 139.8 144.79 146.44 146.19 149.47 150.4
-9999 -9999 -9999 -9999 -9999 -9999 -9999 341.17 353.59 353.78 356.87 398.52 393.84 404.49 446.65 438.93 420.2 431.27 460.4 461.1 460.84 431.32 371.99 371.99 362.74 339.53 329.7 313.6 307.96 299.4 281.47 265.62 264.25 241.33 228.56 217.65 207.62 195.87 188.2 188.65 186.98 177.27 163.25 154 147.73 144.48 140.09 136.3 133.83 130.62 128.54 128.28 126.3 125.45 125.6 122.8 123.15 122.3 121.88 124.51 127.08 127.7 127.41 127.55 128.55 132.95 134.94 136.01 139.09 143.05 148.73 153.53 155.33
-9999 -9999 -9999 -9999 -9999 -9999 329.0794 329.98 346.44 355.32 355.49 379.92 377.7 398.08 402.18 396.43 416.55 444.46 461.46 487.12 422.34 374.73 353.92 354.69 350.03 331.52 299.55 291.59 284.88 286.64 273.11 260.06 247.7 240.61 227.13 219.69 213.29 204.67 203.32 203.04 187.95 174.54 161.56 154.44 151.23 147.22 144.09 143.75 138.01 134.96 135.04 134.74 130.72 128.94 126.4 127.53 129.55 128.05 126.19 124.4 125.61 126.57 127.54 127.92 130.27 132.56 133.7 135.61 138.34 142.45 147.06 150.9 152.49
-9999 -9999 -9999 -9999 -9999 -9999 327.8878 326.62 335.92 354.12 371.32 370.84 361.56 382.33 376.97 379.03 382.91 399.69 429.18 432.7 381.37 357.78 351.71 349.98 325.85 298.68 294.24 285.94 287.76 274.23 266.29 257.87 245.71 232.57 222.68 220.71 216.21 213.25 200.32 187.75 180.53 171.75 169.08 163.26 159.55 151.33 151.21 150.58 142.57 141.14 140.82 138.49 133.08 134.24 133.16 133.41 135.19 133.46 132.02 131.78 130.9 129.42 132.16 135.58 136.9 139.32 141.23 141.08 141.42 142.23 143.65 145.97 148.14
-9999 -9999 -9999 -9999 -9999 322.4643 329.36 332.13 333.21 353.57 360.41 348.87 342.52 355.09 376.23 363.47 379.05 379.51 385.3 366.1 344.12 346.78 330.99 317.57 314.13 313.39 301.75 286.52 284.9 273.32 257.3 248.94 249.31 241.75 231.05 215.12 201.33 199.14 197.29 194.38 186.96 179.03 176.68 173.86 175.32 173.9 167.9 160.04 158.65 158.8 153.04 146.46 145 144.93 149.26 145.23 144.06 142.42 142.63 140.96 140.24 137.11 140.08 142.91 140.51 144.17 144.17 144.22 144.66 145.48 144.78 146.9 146.83
-9999 -9999 -9999 -9999 -9999 315.7561 316.55 332.66 349.57 381.51 355.85 343.21 335.53 333.05 351.66 349.66 363.9 374.46 369.9 346.75 330.83 320.73 311.75 315.69 313.33 306.33 292.53 294.49 277.03 266.77 262.64 255.88 251.08 244.8 238.74 222.32 209.88 200.56 195.19 190.98 186 179.4 177.57 176.02 174.59 173.54 174.32 175.09 173.28 181.1 167.97 166.77 155.72 151.29 164.43 160.77 161.4 158.2 158 153.88 152.84 145.89 145.01 149.35 150.26 148.09 149.01 148.78 146.78 146.98 145.5 145.99 146.96
-9999 -9999 -9999 -9999 -9999 310.2525 317.48 361.93 377.87 371.17 366.73 323.14 318.09 319 333.82 338.93 339.59 340.92 336.09 333.38 320.88 326.96 320.15 323.63 309.41 307.68 302.41 303.33 291.94 271.61 254.44 249.2 244.28 236.13 230.55 223.75 215.14 200.36 197.67 190.56 183.88 182.08 180.22 181.16 179.99 180.14 178.18 176.27 194.05 191.88 191.85 172 168.97 159.11 158.35 165.69 165.52 163.7 174.95 158.97 169.6 163.93 160.92 157.89 159.13 157.16 153.39 146.9 145.74 145.67 144.9 144.59 145.76
-9999 -9999 -9999 293.619 295.86 309.63 332.68 352.99 346.47 325.16 314.89 308.75 304.75 310.66 310.73 308.19 308.58 308.1 320.46 322.3 329.23 327.06 324.97 325.87 330.64 318.4 307.86 299.91 299.29 283.12 260.77 247.63 237.42 229.22 223.68 217.83 213.18 211.32 203.76 198.17 189.37 185.88 184.57 187.6 187.83 201.64 189.86 185.65 197.71 204.84 177.58 168.23 163.46 162.64 155.59 155.46 153.63 154.89 159.14 154.89 157.78 156.48 152.81 150.02 162.04 169.07 162.95 154.31 149.18 149.35 146.23 144.5 144.15
-9999 -9999 287.6875 289.907 299.64 308.58 324.09 311.68 311.24 312.58 303.26 297.87 302.71 319.26 317.11 314.89 310.48 318.09 320.7 318.03 314.44 316.63 319.62 323.15 349.25 360.84 338.17 319.61 299.49 284.61 272.61 261.6 242.54 241.96 230.85 217.48 210.21 205.95 203.05 200.41 195.49 193.22 194.19 191.64 189.25 199.72 200.96 193.79 185.05 180.75 174.93 164.57 164.81 159.49 157.08 155.13 155.5 156.61 159.36 163.82 164.85 164.52 155.34 157.43 159.71 157.9 161.93 155.82 150.78 152.51 155.65 147.62 143.39
-9999 -9999 295.58 300.61 304.46 309.74 309.74 303.7 304.87 302.42 295.69 294.44 304.64 309.94 312.11 312.41 311.11 306.1 303.53 305.55 298.79 300.88 302.46 306.34 322.98 360.44 348.96 304.22 275.07 270.9 260.38 244.47 234.17 235.35 224.19 221.06 218.25 207.3 206.6 208.13 202.9 198.55 198.68 191 182.65 184.11 176.8 177.78 175.16 178.82 175.36 166.65 164.56 162.17 169.87 163.71 162.33 163.9 160.78 161.2 159.45 152.73 150.69 153.41 160.46 158.24 152.74 153.87 157.76 155.6 160.17 147.67 142.65
-9999 -9999 299.74 304.05 309.82 334.15 307.55 304.56 302.93 294.46 291.33 298.66 300.74 301.32 302.94 304.73 299.51 293.19 298.52 296.41 289.38 292.07 299.5 298.78 297.54 302.71 303.28 289.32 267.65 255.57 254.32 235.62 229.93 227.61 224.7 224.07 219.99 214.19 211.18 208.85 217.28 204.7 189.67 187.62 183.41 182.01 178.37 178.97 174.4 174.35 176.63 174.64 170.04 169.37 172.52 176.7 171.36 167.89 163.17 165.1 168.87 161.34 153.48 151.42 158.7 156.78 150.3 145.5 144.94 151.3 147.23 142.69 142.08
-9999 305.2969 305.54 315.39 328.29 316.24 303.01 302.72 294.56 290.3895 292.88 295.46 297.84 298.95 298.46 296.97 287.59 290.26 290.38 284.12 283.58 283.79 284.98 292.44 288.76 283.37 273.99 268.65 255.35 241.84 238.44 226.52 227.91 223.3 220.82 217.89 211.84 208.36 210.5 205.79 201.21 192.07 189.85 186.66 183.82 183.35 181.39 179.45 179.29 178.65 180.66 178.1 180.25 180.4 178.81 180.74 183.74 174.16 170.5 173.94 174.34 168.17 162.62 157.55 158.46 156.79 148.74 144.2 143.41 143.09 144 144 143.93
-9999 320.55 322.44 330.55 336.24 323.79 298.0532 294.4 291.7471 291.72 293.09 293.71 293.39 290.69 287.41 285.7 284.1 283.3 281.99 281.64 276.71 276.48 275.9 272.69 274.32 273.12 263.72 252.23 249.15 239.23 224.98 220.31 216.88 213.94 213.68 210.26 206.67 204.49 205.73 206.42 200.48 194.24 191.49 189.3 187.73 187.75 187.94 191.87 191.75 185.03 185.61 185.8 183.69 184.63 185.15 185.52 187.12 185.33 178.39 173.38 169.85 174.65 168.73 158.54 160.47 153.28 148.33 145.61 144.39 144.26 144.13 144.63 144.35
-9999 341.8469 352.99 350.87 349.96 325.9278 300.0253 293.55 291.54 290.93 289.29 285.88 280.29 281.82 281.85 278.43 276.16 272.24 272.15 279.59 277.74 279.15 276.85 273.92 272.63 270.98 270.64 260.54 238.59 228.63 219.16 214.92 213.03 210.83 209.78 207.98 205.66 203.63 206.41 205.45 197.47 196.6 196.19 195.98 195.94 195.28 195.1 194.15 193.66 196.14 194.6 190.1 193.92 202.3 194.85 194.34 191.91 187.53 183.59 184.8 177.12 173.21 171.34 164.43 162.47 157.52 153.45 150.21 149.22 148.86 148.49 148.07 147.88
-9999 359.46 365.86 355.18 329.24 314.0667 296.7037 294.68 292.21 290.86 291.02 286.57 284.47 284.29 277.39 277.3 275.26 273.91 271.1 272.38 272.53 273.5 285.89 284.58 276.71 267.05 272.74 259.67 233.89 221.35 217.07 215.49 214.03 210.34 209.18 208.45 209.37 209.72 207.81 204.26 204.22 205.64 205.27 207.91 206.8 207.03 206.85 201.32 202.74 203.76 203.54 199.93 196.61 201.47 196.31 196.39 197.76 196.49 197.23 193.88 185.83 180.18 180.84 173.75 165.92 161.8 158.62 156.07 156.41 155.46 155.15 158.77 155.54
362.0247 372.18 371.65 350.03 321.3617 -9999 -9999 294.93 293.76 290.46 286 285.4 282.91 283.98 281.24 279.15 280.87 277.53 273.21 274.21 271.99 272.84 272.35 282.78 282.63 259.3 248.36 237.73 227.98 224.96 222.67 220.61 218.76 218.32 216.71 216.97 220.13 219.59 213.49 217.08 217.93 220.86 220.19 218.38 226.12 217.14 216.42 211.69 213.96 215.44 216.64 214.74 211.14 201.84 206.85 205.32 201.74 197.53 201.05 197.36 196.44 190.58 185.13 182.11 177.64 173.41 174.07 167.36 161.13 160.28 158.54 159.55 158.02
346.84 351.8028 347.4054 336.5065 320.6889 301.5833 299.191 293.9 290.92 289.89 288.4 284.89 281.51 279.92 281.48 283.24 286.22 282.48 276.81 272.98 271.24 267.39 274.95 271.8 259.69 257.84 236.74 232.04 233.68 229.95 229.78 226.88 225.89 223.9 224.38 222.59 224.53 226.84 222.49 218.52 225.1 231.89 233.36 229.78 228.66 227.88 225.4 228.44 228.33 232.33 228.11 223.96 216.14 211.84 211.26 207.31 204.88 206.11 204.32 201.89 202.78 202.67 197.35 191.04 185.26 184.51 185.92 179.02 167.29 166.32 167.05 163.53 162.33
-9999 -9999 -9999 325.4595 313.8961 304.881 300.12 295.51 288.99 284 283.16 280.07 280.03 283.91 285.48 284.35 283.84 282.35 274.35 264.55 261.01 256.92 254.52 257.05 250.53 240.98 237.38 232.01 238.4 241.25 244.04 239.86 235.92 234.15 233.77 232.18 233.61 236.03 233.8 229.11 236.66 239.29 243.58 245.19 236.91 242.21 242.37 246.27 240.45 233.85 229.74 226.9 224.23 222.68 226.65 218.87 218.37 220.88 215.84 213.66 210.88 209.31 205.98 201.02 197.52 192.73 184.52 178.67 182.17 172.3 173.99 170.71 168.12
-9999 -9999 -9999 -9999 313.56 309 308.5353 294.0941 283.989 280.0549 280.95 275.59 273.76 279.94 279.63 278.02 280.69 273.07 263.27 259.81 254.95 250.27 251.17 253.47 250.82 241.45 233.06 235.62 239.35 246.76 249.82 255.35 265.01 256.03 261.04 244.6 243.1 248.91 246.61 242.58 239.72 254.66 253.25 251.56 246.51 256.63 261.35 253.79 249.77 242.56 242.18 241.42 239.99 235.64 233.64 229.83 226.08 223.53 225.02 231.5 231.72 221.43 214.3 207.77 197.42 194.64 193.76 187.06 181.64 181.82 179.19 177.04 176.81
-9999 -9999 -9999 -9999 319.7284 318.8429 -9999 285.5294 -9999 277.0898 274.04 273.02 269.89 266.37 269.49 268.66 263.61 259.84 258.67 257.03 251.33 246.35 248.81 248.8 245.58 237.82 232.47 236.09 239.39 243.9 251.81 261.42 279.31 280.93 278.34 265.02 251.85 263.29 260.58 256.08 250.68 252.14 257.76 262.92 260.33 264.73 263.82 259.3 260.19 260.12 254.64 254.44 252.84 248.62 247.89 245.48 241.67 237.1 232.05 228.49 229.71 237.42 231.36 224.99 217.93 202.65 193.15 198.7 201.74 203.4 200.78 184.99 179.96
-9999 -9999 -9999 -9999 -9999 -9999 -9999 -9999 277.9464 276.3776 273.3474 266.36 265.32 264.81 261.36 267.77 262.28 258.89 258.14 262.88 254.73 250.91 245.53 243.66 239.47 233.28 235.77 236.38 240.38 247.65 251.64 264.37 274.53 252.07 259.36 261.35 268.8 269.15 270.41 271.77 266.46 265.91 271.08 267.51 270.58 269.78 269.88 270.57 272.09 270.08 268.97 269.99 266.46 263.87 260.98 258.86 255.42 250.29 247.43 242.64 235.18 231.59 224.13 225.41 221.42 216.37 197.72 203.63 199.98 197.28 198.64 189.11 183.62
-9999 -9999 -9999 -9999 -9999 -9999 -9999 -9999 -9999 277.33 275.95 270.8 263.51 259.95 255.28 257.59 258.21 259.79 258.28 254.86 257.44 262.08 251.57 242.58 237.91 234.01 235.05 236.54 240.17 243.65 250.94 257.63 253.74 250.93 256.42 257.83 266.49 272.23 279.35 281.98 283.37 282.19 280.97 280.61 280.69 280.77 277.39 281.84 281.49 276.47 275.34 273.72 279.42 282.39 271.6 266.42 266.09 261 257.98 252.99 250.25 244.6 238.08 224.06 224.99 216.44 204.8 202.17 198.34 190.66 185.93 180.15 170.13
