layers/wordclim/future/Iberia_wcB2a_10_hadcm3_2020/bio_19.asc
ncols         166
nrows         93
xllcorner     -9.4959440078468
yllcorner     36.000324005443
cellsize      0.083333337679505
NODATA_value  -9999
[rows 32 to 63 of 93, columns 74 to 147 of 166]
143.07 144.88 147.96 133.97 131.26 131.07 129.91 133.35 135.9 139.13 140.26 138.36 142.62 144.8 139.4 129.43 132.46 124.56 116.05 107.33 102.95 102.02 99.77 82.52 88.44 93.45 106.03 95.07 83.41 79.72 79.22 79.33 77.98 77.05 80.21 79.15 79.23 80.22 83.23 89.19 94.97 97.15 101.12 107.88 111.34 116.5 112.63 102.32 124.43 136.57 129.47 108.493 -9999 -9999 -9999 -9999 -9999 -9999 -9999 -9999 -9999 -9999 -9999 -9999 -9999 -9999 -9999 -9999 -9999 -9999 -9999 -9999 -9999 -9999
136.47 134.46 131.67 128.1 122.84 125.18 127.89 132.63 136.98 136.51 136.04 135.92 134.66 136.82 138.31 136.28 130.25 120.64 113.28 108.43 103.64 93.76 90.55 88 79.21 88.39 103.94 105.36 93.66 87.12 82.4 76.66 78.16 81.6 86.06 85.35 84.09 84.27 88.34 96.97 101.39 103.34 109.81 113.03 119.47 111.79 118.55 125.68 130.72 130.66 124.3 -9999 -9999 -9999 -9999 -9999 -9999 -9999 -9999 -9999 -9999 -9999 -9999 -9999 -9999 -9999 -9999 -9999 -9999 -9999 -9999 -9999 -9999 -9999
133.09 128.36 122.45 123.3 127.54 132.95 134.36 132.39 132.06 133.22 135.33 136.44 127.34 131.42 129.81 133.65 120.65 118.85 117.82 112.06 106.94 96.82 91.43 82.74 76.95 85.8 90.63 96.89 88.63 90 87.27 84.95 84.29 89.79 88.7 90.2 89.25 88.51 98.89 106.33 107.04 109.55 116.63 125.37 127.96 107.02 112.42 136.58 123.5354 -9999 -9999 -9999 -9999 -9999 -9999 -9999 -9999 -9999 -9999 -9999 -9999 -9999 -9999 -9999 -9999 -9999 -9999 -9999 -9999 -9999 -9999 -9999 -9999 -9999
131.96 125.09 117.98 122.19 131.65 132.76 131.9 127.46 127.33 134.41 133.87 128.51 128.52 129.55 126.4 125.24 123.37 120.48 114.96 116.7 114.31 103.05 87.85 79.62 82.21 99.98 101.52 98.85 99.13 101.16 98.62 102.58 105.6 101.81 99.83 97.99 90.81 97.01 100.67 110.68 112.56 121.65 131.26 143.79 126.98 99.68 100.92 110.67 113.4648 -9999 -9999 -9999 -9999 -9999 -9999 -9999 -9999 -9999 -9999 -9999 -9999 -9999 -9999 -9999 -9999 -9999 -9999 -9999 -9999 -9999 -9999 -9999 -9999 -9999
132 121.12 120.71 133.05 131.93 131.11 135.79 125.03 119.8 120.3 122.64 129.82 141.39 143.2 142.87 133.31 130.58 131.6 125.79 126.1 117.91 114.77 92.92 80.35 87.74 104.61 97.23 97.5 103.08 107.99 107.78 103.57 108.01 103.6 102.15 96.82 98.93 102.52 111.82 123.11 127.16 138.45 133.89 130.89 120.66 101.28 96.65 93.26804 111.8387 116.0698 115.3913 -9999 -9999 -9999 -9999 -9999 -9999 -9999 -9999 -9999 -9999 -9999 -9999 -9999 -9999 -9999 -9999 -9999 -9999 -9999 -9999 -9999 -9999 -9999
130.75 120.39 128.25 130.32 127.78 134.09 135.65 123.1 127.49 132.32 136.03 135.33 138.15 142.18 144.3 142.19 138.17 135.71 136.69 142.69 126.44 123.11 106.96 87.94 79.53 97.49 94.71 88.88 93.4 106.77 107.78 112.97 118.48 117.01 122.3 108.43 106.32 106.61 114.54 125.24 126.74 125.96 121 117.44 117.97 113.79 116.9043 -9999 -9999 -9999 -9999 -9999 -9999 -9999 -9999 -9999 -9999 -9999 -9999 -9999 -9999 -9999 -9999 -9999 -9999 -9999 -9999 -9999 -9999 -9999 -9999 -9999 -9999 -9999
129.85 131.9 133.88 126.18 131.17 134.48 130.2 121.77 130.01 129.75 129.99 125.08 126.23 130.54 137.32 141.49 153.9 148.31 150.55 153.45 139.18 127.36 116.17 93.77 78.26 85.28 92.58 82.79 96.26 124.19 111.42 118.75 128.38 132.99 141.96 122.13 117.43 114.74 119.57 125.94 122.97 120.19 115.07 115.48 115.56 115.21 -9999 -9999 -9999 -9999 -9999 -9999 -9999 -9999 -9999 -9999 -9999 -9999 -9999 -9999 -9999 -9999 -9999 -9999 -9999 -9999 -9999 -9999 -9999 -9999 -9999 -9999 -9999 -9999
139.04 139.31 133.06 131.52 134.29 131.32 124.44 121.65 123.26 118.74 120.31 119.77 129.66 132.3 139.7 144.86 149.61 154.65 151.45 154.5 146.14 129.51 111.95 96.25 81.73 81.49 87.91 82.08 110.76 119.82 123.02 134.4 154.63 152.44 143.89 140.59 126.11 124.72 125.64 125.45 115.58 114.16 115.21 115.71 112.87 112.98 -9999 -9999 -9999 -9999 -9999 -9999 -9999 -9999 -9999 -9999 -9999 -9999 -9999 -9999 -9999 -9999 -9999 -9999 -9999 -9999 -9999 -9999 -9999 -9999 -9999 -9999 -9999 -9999
143.1 139.62 132.54 133.12 129.53 122.31 124.39 121.17 130.5 132.39 123.45 129.47 127.68 130.08 132.14 143.98 146.04 150.61 153.72 152.16 138.51 121.89 114.97 107.84 87.56 77.35 72.15 85.22 108.92 112.04 120.27 134.89 160.9 159.12 145.99 134.8 122.52 113.64 116.25 114.18 113.29 111.49 117.39 116.31 114.7952 -9999 -9999 -9999 -9999 -9999 -9999 -9999 -9999 -9999 -9999 -9999 -9999 -9999 -9999 -9999 -9999 -9999 -9999 -9999 -9999 -9999 -9999 -9999 -9999 -9999 -9999 -9999 -9999 -9999
142.03 136.66 135.46 132.41 124.73 127.44 132.01 125.02 126.85 132.72 133.04 136.35 135.71 137.19 138.1 146.01 150.05 149.14 141.92 154.81 144.39 135.66 127.13 112.78 100.45 84.77 71.84 87.63 104.01 93.55 97.46 118.06 138.38 132.25 135.24 129.79 122.62 111.43 111 113.56 115.54 108.63 111.06 117.6463 -9999 -9999 -9999 -9999 -9999 -9999 -9999 -9999 -9999 -9999 -9999 -9999 -9999 -9999 -9999 -9999 -9999 -9999 -9999 -9999 -9999 -9999 -9999 -9999 -9999 -9999 -9999 -9999 -9999 -9999
139.22 137.3 133.59 127.14 126.36 135.88 135.94 130.53 138.69 136.02 135.67 136.25 141.46 146.07 136.65 145.12 143.06 141.39 146.76 143.57 140.31 126.13 135.51 106.63 97.16 81.96 85.32 105.08 103.08 88.64 87.95 96.89 106.29 115.38 111.36 118.85 118.62 105.49 102.39 106.9 109.75 110.41 106.1579 -9999 -9999 -9999 -9999 -9999 -9999 -9999 -9999 -9999 -9999 -9999 -9999 -9999 -9999 -9999 -9999 -9999 -9999 -9999 -9999 -9999 -9999 -9999 -9999 -9999 -9999 -9999 -9999 -9999 -9999 -9999
139.89 133.68 127.72 127.97 131 137.83 138.96 136.92 140.38 142.07 141.74 146.4 145.16 142.53 141.18 145.11 145.38 144.19 137.34 133.36 124.7 122.45 123.23 105.71 84.57 85.41 103.55 138.68 132.81 103.34 91.4 92.52 95.07 97.21 104.07 105.98 107.05 105.65 102.6 106.86 111.04 107.7727 -9999 -9999 -9999 -9999 -9999 -9999 -9999 -9999 -9999 -9999 -9999 -9999 -9999 -9999 -9999 -9999 -9999 -9999 -9999 -9999 -9999 -9999 -9999 -9999 -9999 -9999 -9999 -9999 -9999 -9999 -9999 -9999
131.97 131.97 133.91 134.09 135.16 137.9 139.2 139.11 140.48 144.29 143.98 148.64 145.36 138.88 142.01 141.7 142.2 133.19 128.3 128.77 117.91 117.01 122.77 107.4 88.76 96.47 117.58 141.02 130.4 110.25 104.18 99.26 103.3 98.09 99.98 100.39 100.7 99.07 102.53 105.72 106.5224 -9999 -9999 -9999 -9999 -9999 -9999 -9999 -9999 -9999 -9999 -9999 -9999 -9999 -9999 -9999 -9999 -9999 -9999 -9999 -9999 -9999 -9999 -9999 -9999 -9999 -9999 -9999 -9999 -9999 -9999 -9999 -9999 -9999
138.56 138.87 138.31 137.2 136.21 137.71 139.39 135.96 136.5 140.3 142.14 144.1 141.77 143.08 142 139.46 136.72 126.71 121.53 117.27 118.14 116.51 111.41 102.55 95.48 90.04 96.32 109.33 120.68 133.9 118.24 103.12 100.71 100.64 106.05 106.16 102.8 99.59 100.48 100.9897 -9999 -9999 -9999 -9999 -9999 -9999 -9999 -9999 -9999 -9999 -9999 -9999 -9999 -9999 -9999 -9999 -9999 -9999 -9999 -9999 -9999 -9999 -9999 -9999 -9999 -9999 -9999 -9999 -9999 -9999 -9999 -9999 -9999 -9999
138.3 137.8 136.82 135.27 135.58 136.94 136.7 136.1 136.53 136.12 139.54 138.81 135.54 141.92 141.71 139.82 135.31 125.55 123.55 113.42 117.85 120.4 110.38 101.3 102.11 97.07 90.27 94.24 101.29 112.62 118.21 105.97 101.46 98.69 102.05 110.15 110.3 105.11 102.7071 -9999 -9999 -9999 -9999 -9999 -9999 -9999 -9999 -9999 -9999 -9999 -9999 -9999 -9999 -9999 -9999 -9999 -9999 -9999 -9999 -9999 -9999 -9999 -9999 -9999 -9999 -9999 -9999 -9999 -9999 -9999 -9999 -9999 -9999 -9999
136.32 135.89 134.05 134.53 134.08 137.26 137.74 137.47 133.64 134.16 136.77 135.33 131.27 133.37 133.57 135.23 132.25 123.95 120.02 114.56 109.59 107.25 103.45 104.95 105.03 95.71 88.59 90.56 95.22 100.62 99.44 103.16 105.08 106.17 105.11 105.11 108.36 105.7 -9999 -9999 -9999 -9999 -9999 -9999 -9999 -9999 -9999 -9999 -9999 -9999 -9999 -9999 -9999 -9999 -9999 -9999 -9999 -9999 -9999 -9999 -9999 -9999 -9999 -9999 -9999 -9999 -9999 -9999 -9999 -9999 -9999 -9999 -9999 -9999
134.62 134.19 133.22 133.3 133.07 134.76 134.76 136.19 132.43 133.62 135.93 133.31 126.94 125.38 130.12 130.52 127.31 123.16 117.2 110.45 103.71 100.84 102.52 110.47 101.23 98.34 94.97 91.6 89.13 92.09 93.87 95.69 99.64 104.35 111.88 109.86 109.09 108.9342 -9999 -9999 -9999 -9999 -9999 -9999 -9999 -9999 -9999 -9999 -9999 -9999 -9999 -9999 -9999 -9999 -9999 -9999 -9999 -9999 -9999 -9999 -9999 -9999 -9999 -9999 -9999 -9999 -9999 -9999 -9999 -9999 -9999 -9999 -9999 -9999
132.75 132.58 132.78 131.92 134.44 136.92 132.3 131.66 133.63 129.72 132.86 131.03 126.48 122.55 121.01 122.18 120.31 117.76 115.87 113.68 105.83 99.79 104.17 104.67 99.03 99.94 107.07 104.56 97.21 93.16 94.32 96.67 100.78 104.08 107.92 111.24 111.4681 -9999 -9999 -9999 -9999 -9999 -9999 -9999 -9999 -9999 -9999 -9999 -9999 -9999 -9999 -9999 -9999 -9999 -9999 -9999 -9999 -9999 -9999 -9999 -9999 -9999 -9999 -9999 -9999 -9999 -9999 -9999 -9999 -9999 -9999 -9999 -9999 -9999
132.08 131.41 130.61 130.03 130.62 131.7 128.7 128.6 130.49 129.04 126.89 124.24 121.37 123.8 119.46 114.39 113.01 110.78 109.59 106.88 104.29 97.3 100.09 100.93 98.67 95.82 99.64 101.83 105.07 107.05 100.97 100.51 103.84 107.56 111.22 112.51 -9999 -9999 -9999 -9999 -9999 -9999 -9999 -9999 -9999 -9999 -9999 -9999 -9999 -9999 -9999 -9999 -9999 -9999 -9999 -9999 -9999 -9999 -9999 -9999 -9999 -9999 -9999 -9999 -9999 -9999 -9999 -9999 -9999 -9999 -9999 -9999 -9999 -9999
131.48 132 133.07 130.23 128.53 128.18 126.98 125.21 124.53 123.12 122.94 119.15 120.67 120.76 113.53 110.72 108.83 107.33 104.35 103.08 99.3 93.33 96.46 97.11 93.13 92.97 96.03 102.05 105.24 107.74 104.77 103.94 106.53 109.56 113.48 116.17 -9999 -9999 -9999 -9999 -9999 -9999 -9999 -9999 -9999 -9999 -9999 -9999 -9999 -9999 -9999 -9999 -9999 -9999 -9999 -9999 -9999 -9999 -9999 -9999 -9999 -9999 -9999 -9999 -9999 -9999 -9999 -9999 -9999 -9999 -9999 -9999 -9999 -9999
131.99 131.55 131.56 128.91 127.04 126.56 124.92 122.8 121.03 118.63 116.93 115.39 114.97 112.85 109.63 108.82 106.28 104.43 102.2 100.19 99.19 95.93 89.85 89.27 90.2 92.22 97.39 100.66 103.54 104.27 102.73 105.67 108.93 113.26 115.89 119.49 -9999 -9999 -9999 -9999 -9999 -9999 -9999 -9999 -9999 -9999 -9999 -9999 -9999 -9999 -9999 -9999 -9999 -9999 -9999 -9999 -9999 -9999 -9999 -9999 -9999 -9999 -9999 -9999 -9999 -9999 -9999 -9999 -9999 -9999 -9999 -9999 -9999 -9999
131.21 130.39 129.15 128.44 127.1 125.04 124.13 121.46 120.91 118.73 116.22 114.12 112.52 110.39 108.13 104.53 102.63 100.77 98.91 98.1 96.67 97.23 97.07 94.63 92.71 93.47 95.59 100.09 104.83 104.06 108.37 111.93 110.04 114.35 118.37 122.6 128.0794 -9999 -9999 -9999 -9999 -9999 -9999 -9999 -9999 -9999 -9999 -9999 -9999 -9999 -9999 -9999 -9999 -9999 -9999 -9999 -9999 -9999 -9999 -9999 -9999 -9999 -9999 -9999 -9999 -9999 -9999 -9999 -9999 -9999 -9999 -9999 -9999 -9999
131.99 131.88 130.76 129.29 128.1 126.07 125.18 124.43 122.38 120.48 118.58 114.83 110.97 108.26 106.1 102.22 100.05 97.98 96.33 94.85 94.95 93.26 93.94 96.21 98.78 101.79 100.07 97.34 109.99 112.66 109.47 109.85 112.54 114.01 119.29 125.67 132.7677 -9999 -9999 -9999 -9999 -9999 -9999 -9999 -9999 -9999 -9999 -9999 -9999 -9999 -9999 -9999 -9999 -9999 -9999 -9999 -9999 -9999 -9999 -9999 -9999 -9999 -9999 -9999 -9999 -9999 -9999 -9999 -9999 -9999 -9999 -9999 -9999 -9999
133.96 132.91 131.21 129.87 129.37 129.52 128.89 128.05 126.19 124.4 122.44 117.75 112.08 107.61 103.83 100.92 98.37 96.2 94.74 94 93 95.38 97.37 102.67 109.77 108.78 106.39 101.19 114.74 113.17 107.07 108.17 110.75 113.67 120.62 131.97 137.6 -9999 -9999 -9999 -9999 -9999 -9999 -9999 -9999 -9999 -9999 -9999 -9999 -9999 -9999 -9999 -9999 -9999 -9999 -9999 -9999 -9999 -9999 -9999 -9999 -9999 -9999 -9999 -9999 -9999 -9999 -9999 -9999 -9999 -9999 -9999 -9999 -9999
136.62 136.23 135.46 134.81 135.61 137.91 136.89 135.02 132.77 129.38 128.86 124.58 116.58 108.35 103.74 99.77 96.64 94.7 92.94 94.35 99.21 102.48 107.87 113.57 118.55 113.49 109.15 105.07 116.49 115.15 112.11 108.83 110.8 114.72 122.53 135.68 142.87 148.5185 -9999 -9999 -9999 -9999 -9999 -9999 -9999 -9999 -9999 -9999 -9999 -9999 -9999 -9999 -9999 -9999 -9999 -9999 -9999 -9999 -9999 -9999 -9999 -9999 -9999 -9999 -9999 -9999 -9999 -9999 -9999 -9999 -9999 -9999 -9999 -9999
140.62 142.58 142.66 143.58 142.97 138.61 138.53 138.37 138.18 137.34 136.33 129.58 119.66 110 104.28 99.91 96.37 94.14 94.14 101.98 107.76 108.05 113.81 113.88 110.44 109.82 109.07 112.72 122.14 117.42 113.54 111.04 112.68 118.16 125.65 137.59 146.02 151.9 159.8036 -9999 -9999 -9999 -9999 -9999 -9999 -9999 -9999 -9999 -9999 -9999 -9999 -9999 -9999 -9999 -9999 -9999 -9999 -9999 -9999 -9999 -9999 -9999 -9999 -9999 -9999 -9999 -9999 -9999 -9999 -9999 -9999 -9999 -9999 -9999
144.09 145.11 145.28 143.92 145.78 144.29 139.87 139.53 137.96 136.99 136.12 132.54 123.17 114.68 107.36 102.61 97.13 96.73 97.64 101.05 103.86 106.78 109.28 109.13 108.69 108.59 107.38 109.97 116.55 115.74 110.65 115.18 117.81 118.49 126.04 137.05 147.17 155.79 165.89 177.1343 -9999 -9999 -9999 -9999 -9999 -9999 -9999 -9999 -9999 -9999 -9999 -9999 -9999 -9999 -9999 -9999 -9999 -9999 -9999 -9999 -9999 -9999 -9999 -9999 -9999 -9999 -9999 -9999 -9999 -9999 -9999 -9999 -9999 -9999
151.22 149.62 146.75 146.16 147.19 146.91 144.46 142.59 141.04 138.72 135.61 130.8 126.6 121.18 116.86 112.25 105.15 104.52 102.23 103.19 106.36 108.22 109.04 108.34 106.7 110.65 114.15 114.48 111.81 107.57 116.02 119.77 121.23 131.78 136.41 137.53 151.2 158.59 165.22 178.48 193.38 201.2165 -9999 -9999 -9999 -9999 -9999 -9999 -9999 -9999 -9999 -9999 -9999 -9999 -9999 -9999 -9999 -9999 -9999 -9999 -9999 -9999 -9999 -9999 -9999 -9999 -9999 -9999 -9999 -9999 -9999 -9999 -9999 -9999
153.5 151.94 149.68 148.14 147.63 147.76 148.31 144.62 138.58 136.34 139.18 141.65 142.55 139.75 136.52 125.93 114.02 106.44 106.99 104.37 104.13 103.88 104.27 109.4 106.21 106.06 108.8 110.69 104.01 109.97 117.52 124.62 135.37 140.27 137.48 141.87 158.9 158.91 165.46 172.66 184.34 193.3976 -9999 -9999 -9999 -9999 -9999 -9999 -9999 -9999 -9999 -9999 -9999 -9999 -9999 -9999 -9999 -9999 -9999 -9999 -9999 -9999 -9999 -9999 -9999 -9999 -9999 -9999 -9999 -9999 -9999 -9999 -9999 -9999
159.27 159.14 154.88 151.67 149.1 151.2 144.8 141.64 131.35 139.28 151.48 157.04 144.16 142.73 133.5 122.65 112.06 106.14 101.18 99.7 99.44 99.47 101.2 105.22 108.39 106.85 103.94 105.32 102.64 103.36 115.36 129.32 130.59 145.35 147.61 151.64 156.19 160.51 157.82 167 -9999 -9999 -9999 -9999 -9999 -9999 -9999 -9999 -9999 -9999 -9999 -9999 -9999 -9999 -9999 -9999 -9999 -9999 -9999 -9999 -9999 -9999 -9999 -9999 -9999 -9999 -9999 -9999 -9999 -9999 -9999 -9999 -9999 -9999
164.49 161.71 157.21 151.2 153.81 146.52 137.38 135.15 140.86 159.99 162.87 159.43 144.63 129.87 122.31 113.2 104.58 101.44 99.76 96.09 93.14 94.44 98.6 99.97 104.26 106.34 101.82 105.52 110.7 103.35 109.73 131.77 125.42 129.2 125.33 139.17 130.71 138.5556 149.5397 -9999 -9999 -9999 -9999 -9999 -9999 -9999 -9999 -9999 -9999 -9999 -9999 -9999 -9999 -9999 -9999 -9999 -9999 -9999 -9999 -9999 -9999 -9999 -9999 -9999 -9999 -9999 -9999 -9999 -9999 -9999 -9999 -9999 -9999 -9999
163.67 158.41 156.8 154.62 149 139.11 135.86 139.9 143.67 145.6 154.38 153.8 134.75 124.01 114.94 106.22 105.78 99.65 93.68 91.53 91.97 95.53 99.92 97.87 98.07 103.07 112.25 107.69 104.9 102.19 99.66 113.4 108.47 103.48 102.23 111.9054 -9999 -9999 -9999 -9999 -9999 -9999 -9999 -9999 -9999 -9999 -9999 -9999 -9999 -9999 -9999 -9999 -9999 -9999 -9999 -9999 -9999 -9999 -9999 -9999 -9999 -9999 -9999 -9999 -9999 -9999 -9999 -9999 -9999 -9999 -9999 -9999 -9999 -9999
