layers/wordclim/future/Iberia_wcB2a_10_hadcm3_2020/bio_02.asc
ncols         166
nrows         93
xllcorner     -9.4959440078468
yllcorner     36.000324005443
cellsize      0.083333337679505
NODATA_value  -9999
[rows 33 to 65 of 93, columns 0 to 73 of 166]
-9999 -9999 -9999 -9999 -9999 -9999 -9999 -9999 -9999 -9999 85.65116 88.87 91.69 94.14 96.5 97.75 97.24 92.24 89.32 91.77 92.67 92.28 97.66 102.41 98.03 95.51 100.18 105.07 106.78 105.19 105.49 106.83 105.89 106.59 107.67 108.79 109.62 110.82 112.25 113.84 115.16 116.54 118.27 119.54 121.22 122.63 123.77 123.12 122.82 122.05 121.96 121.17 120.47 119.91 119.06 117.82 117.09 116.15 114.62 113.49 112.02 110.67 109.52 108.49 107.2 108.22 111.75 112.66 111.09 110.06 109.91 110.27 111.3 111.68
-9999 -9999 -9999 -9999 -9999 -9999 -9999 -9999 -9999 -9999 83.47959 87.54 91.2 92.86 90.02 91.37 93.79 98.73 99.38 98.52 95.38 93.78 94.35 96.94 95.39 94.03 98.59 103.59 104.38 102.36 101.92 103.85 105.35 105.28 106.05 107.26 108.73 110.29 112.02 113.47 114.81 116.53 117.79 118.89 120.63 121.89 122.34 122.58 122.37 121.81 121.18 120.8 119.96 119.35 118.5 117.68 116.74 115.59 114.28 113.17 111.7 110.42 109.13 108.23 108.48 109.74 113.12 110.53 112.01 111.47 110.29 109.86 109.59 109.85
-9999 -9999 -9999 -9999 -9999 -9999 -9999 -9999 -9999 -9999 81.76405 86.26 90.55 90.91 94.05 93.48 95.7 100.66 100.98 99.02 97.43 96.94 96.89 95.79 95.45 92.98 97.69 101.09 100.78 102.33 101.1 101.19 103.22 104.9 105.13 106.15 107.91 109.62 111.39 112.77 114.29 115.54 116.95 118.02 119.3 119.81 120.54 121.97 121.56 121.34 120.98 120.24 119.47 118.75 117.98 117.3 116.06 115.12 114.34 113.04 112.04 110.72 109.96 110.33 112.57 112.86 113.81 112.91 110.3 109.22 109.4 109.23 109.62 110.38
-9999 -9999 -9999 -9999 -9999 -9999 -9999 -9999 -9999 75.83784 80.71739 85.69 90.34 93.81 94.28 96.48 96.4 99.47 98.83 98.7 99.75 99.92 99.64 97.75 96.92 97.68 98.41 98.1 97.07 98.04 99.42 99.24 101.37 103.14 104.85 104.97 106.82 108.89 110.35 111.89 113.23 115.02 115.85 116.51 117.7 119.52 120.68 120.94 120.85 120.56 120.08 119.28 118.27 117.86 117.25 116.54 115.86 115.1 114.02 112.96 112.68 112.02 111.94 111.92 111.14 109.59 109.47 109.03 108.95 109.84 109.55 109.8 110.54 110.8
-9999 -9999 -9999 -9999 -9999 -9999 -9999 -9999 -9999 76.0946 81.09278 85.99 90.58 94.47 95.59 92.71 91.87 99.16 100.34 101.04 100.43 99.09 97.46 98.45 99.74 98.17 96.62 89.67 92.57 95.03 96.17 97.85 99.57 102.29 104.45 106.13 106.9 107.8 109.28 110.43 111.87 112.53 114.71 116.48 117.83 118.79 119.52 119.91 119.73 119.09 118.38 117.91 116.97 116.68 116.46 116.42 115.97 115.28 114.08 113.67 113.41 113.33 112.8 113.05 110.63 109.13 109.6 109.34 108.86 109.01 109.44 110.65 111.68 111.79
-9999 -9999 -9999 -9999 -9999 -9999 -9999 -9999 -9999 78.16 82.88 87.52 91.92 95.58 95.62 90.95 100.02 101.23 101.44 101.1 100.76 100.28 100.41 97.25 86.43 82.99 86.5 87.54 90.06 92.71 95.37 95.85 98.75 101.64 103.47 105.34 106.52 106.22 106.75 107.15 110.37 112.33 114.63 116.26 116.91 117.8 118.72 118.51 118.29 118.15 118.07 117.25 115.93 116.75 116.83 116.37 115.69 115.29 114.77 114.11 113.32 112.55 111.96 111.91 110.68 109.94 109.51 108.97 108.87 109.03 110.06 111.81 113.99 114.25
-9999 -9999 -9999 -9999 -9999 -9999 -9999 -9999 77.66129 80.93 85.3 90.02 94 97.21 98.13 99.77 101.24 102.36 101.74 101.72 100.1 98.23 88.01 76.16 79.24 83.8 89.13 86.58 90.03 92.97 94.09 94.64 98.54 100.36 101.05 103.41 105.03 106.04 107.5 109 110.95 114.35 115.62 116.04 117.07 116.72 117.23 118.15 118.42 117.97 116.43 115.13 115.25 115.68 115.63 115.93 116.12 115.76 115.2 114.65 114.08 113.44 112.59 111.88 111.21 110.53 110.09 109.61 109.13 109.29 110.21 112 115.52 115.87
-9999 -9999 -9999 -9999 -9999 -9999 -9999 -9999 79.18681 83.24 87.94 92.72 96.74 98.79 100.87 102.62 102.74 102.72 101.49 99.24 97.38 86.73 73.08 76.08 88.44 95.07 95.45 90.32 89.28 91.48 91.84 93.69 95.75 97.96 100.11 102.06 102.31 105.12 107.68 111.36 113.51 114.34 114.61 115.51 114.87 112.39 114.09 117.25 117.11 115.47 115 115.21 115.57 116.57 116.6 116.82 116.74 116.27 115.86 115.22 115.01 114.27 113.47 112.86 112.32 111.53 110.96 110.49 110.25 110.28 111.15 113.01 115.11 116.05
-9999 -9999 -9999 -9999 -9999 -9999 -9999 -9999 80.87 85.21 90.31 95.05 99.19 100.78 101.98 103.59 102.88 102.3 100.96 97.13 93.86 87.91 77.63 78.96 94.65 97.08 95.33 94.06 91.33 89.45 90.16 90.97 94.4 97.04 98.5 102.37 105.07 108.09 110.13 111.85 113.73 114.05 114.54 115.07 111.63 110.94 114.21 115.57 115.13 114.38 113.57 114.63 115.92 117.47 117.09 116.99 117.49 117.31 116.81 116.15 115.47 114.91 114.4 113.88 113.07 112.55 111.92 111.55 111.54 111.86 112.55 113.86 115.52 116.71
-9999 -9999 -9999 -9999 -9999 -9999 -9999 78.76712 82.08 86.11 91.02 95.66 100.69 102.56 103.16 102.79 102.5 99.8 93.87 87.06 84.34 91.98 94.51 95.81 96.52 95.8 96.95 96.56 95.37 94.46 98.58 100.58 96.54 101.32 104.57 106.9 108.47 108.59 111.18 112.59 113.62 114.74 113.55 111.49 114.67 113.7 111.52 112.67 113.83 117.53 116.72 117.79 118.96 119.04 118.77 118.79 118.43 117.96 117.6 116.96 116.26 115.72 115.2 114.7 114.2 113.64 113.29 113.37 113.18 113.44 114 115.07 116.28 117.54
-9999 -9999 -9999 -9999 -9999 -9999 -9999 -9999 82.39773 86.71 91.45 95.99 100.75 102.5 103.13 98.22 94.49 92.01 91.68 88.29 90.23 95 93.43 92.52 94.01 96.27 99 99.16 98.86 100.47 102.24 102.6 102.86 105.16 107.61 108.34 108.52 109.55 111.16 112.45 113.5 113.81 113.19 114.4 114.1 116.15 117.15 118.06 118.8 119.2 120 119.95 119.6 119.66 119.16 119 118.77 118.48 118.07 117.71 117.03 116.77 116.18 115.7 115.23 115.08 114.85 114.71 114.77 115.21 115.6 116.36 117.43 118.75
-9999 -9999 -9999 -9999 -9999 -9999 -9999 79.02666 82.71 86.78 90.92 94.51 97.34 99.91 92.69 88.69 92.35 94.63 94.26 95.17 96.45 91.26 94.09 91.55 97.15 99.39 99.47 100.15 99.49 99.24 100.8 104.09 105.56 107.46 108.07 108.47 109.45 110.71 111.94 112.92 113.39 113.8 114.76 115.57 116.38 117.69 118.08 119 119.27 119.98 119.99 120 120 120 119.88 119.72 119.19 119.06 118.83 118.38 118.13 117.78 117.3 116.84 116.54 116.36 116.45 116.25 116.41 116.62 117.17 117.83 118.6 119.37
-9999 -9999 -9999 -9999 -9999 -9999 -9999 78.36 82.37 86.34 90.32 92.25 95.72 96.97 93.57 95.32 97.45 96.21 93.11 92.59 91.82 93.93 98.8 98.08 98.37 99.87 100.54 101.53 101.49 102.09 103.73 104.79 105.05 107.12 108.13 109.15 110.09 110.94 111.99 112.41 112.82 114.06 115.5 116.67 117.27 117.9 118.33 119 119.54 120 120 120.01 120.24 120.11 120.08 120 119.81 119.71 119.72 119.57 119.16 118.96 118.57 118.11 117.71 117.75 117.76 117.69 117.84 118.17 119.09 119.88 120.62 120.97
-9999 -9999 -9999 -9999 -9999 -9999 74.5873 77.76 81.7 85.46 89.04 91.31 94.27 95.35 96.16 97.68 96.15 93.33 91.86 89.02 94.25 98.13 99.52 98.96 98.98 100.1 103.04 103.28 103.52 103.16 104.29 105.53 106.44 107.19 108.23 108.92 109.41 110.42 110.97 111.58 112.9 114.33 115.7 116.89 117.12 117.97 118.74 119.01 120 119.99 120.12 120.74 120.92 120.98 120.9 120.8 120.87 120.61 120.66 120.4 120.12 119.97 119.52 119.16 119.25 119.27 119.41 119.29 119.47 120.06 120.59 121.27 121.71 122.1
-9999 -9999 -9999 -9999 -9999 -9999 73.69388 77.29 81.03 84.45 87.3 90.05 93.07 94.37 95.99 96.88 97.26 96.07 93.48 92.82 97.03 98.79 98.73 98.96 100.64 102.66 103.13 103.64 103.18 104.43 105.16 105.79 106.91 107.83 108.75 109.02 109.46 109.89 111.47 112.56 113.46 114.65 115.44 116.76 117.23 118.07 118.97 119.37 120 120.4 120.77 121.01 121.19 121.43 121.45 121.53 121.58 121.44 121.52 121.51 121.34 121.08 120.9 121.13 120.88 121.11 121.26 121.25 121.23 121.64 121.93 122.24 122.69 123.31
-9999 -9999 -9999 -9999 -9999 70.23214 73.09 76.72 80.25 83.44 86.3 89.42 92.13 93.92 94.4 96.1 95.75 96.22 95.96 97.28 99.05 98.91 99.87 101.14 101.31 101.22 102.19 103.54 103.8 104.87 106.31 107.06 106.97 107.21 108.42 109.73 110.64 111.1 111.63 112.2 113.18 114.61 115.36 116.32 117.02 117.98 118.82 119.49 120 120.55 120.99 121.57 122 122.19 122.11 122.35 122.32 122.3 122.55 122.45 122.47 122.47 122.69 122.77 122.74 122.98 122.96 123.15 123.1 123.23 123.45 123.53 123.94 124.49
-9999 -9999 -9999 -9999 -9999 69.29269 72.5 76.36 79.32 82.07 85.43 88.19 90.89 93.05 94.18 95.46 95.52 95.08 95.92 97.89 99.14 99.9 100.7 100.67 100.72 101.78 102.96 102.78 104.94 105.94 106.27 106.84 107.23 107.72 108.13 109.49 110.31 111.34 112.04 112.71 113.56 114.91 115.93 116.72 117.43 118.47 118.93 119.8 120.26 120.49 121.32 121.91 122.29 122.57 122.57 122.94 123 123.12 123.3 123.57 123.8 123.86 124.03 124.26 124.4 124.61 124.5 124.54 124.7 124.93 124.89 125.11 125.35 125.7
-9999 -9999 -9999 -9999 -9999 68.69697 72.24 75.99 78.77 81.35 84.2 87.78 90.28 92.35 93.68 94.68 95.6 96.33 97.25 97.99 99.07 98.85 99.29 99.54 100.87 101.61 102.1 102.04 103.61 106.28 107.96 108.08 108.48 109.27 109.55 109.79 110.18 111.5 112.1 112.99 114.17 115.12 116.02 116.92 117.96 118.84 119.45 120.14 120.05 120.76 121.04 122.3 122.76 123.02 123.44 123.56 123.85 124.09 124.06 124.63 124.5 125.11 125.4 125.66 125.76 125.81 126.11 126.07 126.33 126.13 126.33 126.45 126.54 126.62
-9999 -9999 -9999 61.64286 64.48 68.43 72.49 76.09 78.82 81.81 84.9 87.3 89.84 91.6 93.59 94.99 96.09 97.11 97.28 97.77 97.71 98.1 98.64 98.66 98.21 100.22 101.47 102.87 103.64 105.84 108.33 109.21 110.24 110.79 111.03 111.19 111.17 111.15 112.1 113.1 114.5 115.58 116.5 117.21 118.19 118.68 119.83 120.39 120.67 120.89 122.3 122.9 123.21 123.7 124.01 124.52 124.8 125.11 125.37 125.49 125.96 126.15 126.48 126.99 127.09 126.91 127.35 127.53 127.69 127.68 127.59 127.66 127.8 127.55
-9999 -9999 57.28125 61.02325 64.9 68.82 72.6 76.01 79.02 81.78 84.75 87.05 89.4 90.85 92.51 94 95.25 95.9 96.71 97.49 98.08 98.69 98.41 98.33 96.03 95.2 98.27 101.21 104.22 106.66 107.95 108.97 110.94 110.76 111.43 112.22 112.34 112.56 113.04 113.78 115.1 115.92 116.83 117.78 118.69 119.42 120.18 120.75 121.62 122.38 122.95 123.55 123.93 124.28 124.84 125.07 125.34 125.64 126.2 126.25 126.83 127.23 127.78 127.98 128.21 128.63 128.58 129.1 129.04 129.3 129.04 129.02 128.62 128.28
-9999 -9999 58.47 62.31 66.07 69.56 73.12 76.4 79.25 82.05 84.82 86.96 89.13 90.62 91.93 93.48 94.75 96.03 97.05 97.79 99.04 99.53 100.05 100.12 98.67 95.74 97.73 103.75 108.18 109.44 110.77 112.16 112.84 112.51 113.09 112.94 113.08 114.01 114.07 114.66 115.76 116.69 117.46 118.66 119.78 120.66 121.31 121.82 122.64 123.09 123.41 124.01 124.27 124.94 125.42 125.67 126.11 126.52 126.95 127.2 127.84 128.1 128.61 129.09 129.63 129.96 130.22 130.31 130.26 130.26 130 129.77 129.06 128.88
-9999 -9999 60.5 63.99 67.4 71.43 74.01 77.22 79.71 82.54 85.19 87.11 89.13 90.76 92.11 93.54 94.91 96.34 97.04 98.08 99.37 100.14 100.08 101.23 102.25 102.62 103.68 106.81 110.68 112.51 112.76 114.28 114.62 114.37 114.12 114.04 114.34 114.87 115.22 115.66 116.13 117.59 118.7 119.54 120.35 121.31 121.75 122.42 122.97 123.73 123.99 124.35 124.92 125.33 125.9 126.5 126.78 127.14 127.48 128.02 128.58 129.02 129.27 130.14 130.66 131.11 131.44 131.51 131.46 130.83 130.69 129.99 129.71 129.42
-9999 60.90625 63.07 66.43 69.71 72.61 75.32 78.27 80.58 83.11579 85.68 87.43 89.36 90.99 92.21 93.78 95.16 96.23 97.33 98.67 99.73 100.56 101.51 102.06 103.74 105.52 108.44 110.5 113.41 115.48 115.77 116.14 115.87 115.92 115.74 115.73 116.31 116.35 116.42 117.26 117.96 118.86 119.54 120.35 121.02 121.89 122.41 123.1 123.4 124.07 124.55 125 125.23 125.98 126.42 126.94 127.41 127.99 128.03 128.79 129.23 129.95 130.31 131.02 131.86 132.47 132.54 132.41 132.05 131.51 131.02 130.52 130.16 130
-9999 63.25 65.87 69.08 71.86 74.67 76.82979 79.44444 81.66666 83.96 86.12 87.97 89.79 91.36 92.67 94.14 95.35 96.54 97.65 98.92 99.91 101.14 102.44 104.22 105.49 107.42 110.13 112.99 115.48 117.37 117.83 117.58 117.5 117.3 117.35 117.22 117.43 117.71 117.76 118.14 118.8 119.85 120.37 120.89 121.82 122.5 123.01 123.6 124.04 124.87 124.9 125.34 125.91 126.16 126.82 127.03 127.94 128.07 128.69 128.93 129.4 130.36 130.92 131.32 132.46 133.17 133.83 133.65 132.92 132.03 131.23 130.97 130.55 130.22
-9999 66.2551 69.1 71.79 74.3 76.65979 78.64557 81.03 82.98 84.83 86.88 88.72 90.42 91.95 93.18 94.57 95.71 96.9 98.17 98.93 99.87 101.1 102.48 104.58 106.17 108.11 109.56 112.61 116.2 117.97 118.9 118.01 118.17 118.07 118.24 117.99 118.12 118.69 118.64 119.03 119.82 120.43 120.92 121.81 122.31 123.02 123.55 124.02 124.73 124.96 125.09 125.93 126.12 126.79 127.07 127.83 128.03 128.3 129.01 129.2 129.79 130.38 131.01 131.54 132.82 133.35 134.41 134.27 133.36 132.39 131.45 130.96 130.52 130.46
-9999 68.93 71.64 74.21 76.51 78.05 80.32098 82.43 84.18 85.9 87.78 89.42 91 92.42 93.7 95.11 96.09 97.01 98.23 99.35 100.53 101.56 102.17 103.93 106.24 108.53 109.54 112.65 116.08 117.86 118.37 118 118.82 118.97 118.47 118.08 118.94 118.99 119.24 119.85 120.27 120.95 121.78 122.26 122.75 123.2 123.92 124.56 125.03 125.43 125.7 126.07 126.7 127.2 127.45 127.92 128.39 128.98 129.15 129.4 130 130.56 131.12 131.99 132.21 132.82 133.24 133.57 133.08 132.26 131.48 131.02 130.55 130.05
68.88889 71.4 73.86 76.55 78.95744 -9999 -9999 84.04 85.42 87.11 88.72 90.3 91.7 92.98 94.27 95.27 96.16 96.92 98.06 99.31 100.67 101.81 103.66 104.6 106.04 109.24 111.55 113.79 115.86 117.2 117.78 117.99 118.04 118.56 118.21 118.72 118.98 119.14 119.88 120.05 120.76 121.12 122.02 122.36 123.05 123.75 124.44 124.97 125.42 125.77 126.19 126.96 126.99 127.34 127.86 128 128.35 128.93 129.25 129.81 130 130.57 131.01 131.56 131.94 132.29 132.79 132.5 132.15 131.42 130.95 130.4 130.18 129.98
70.28 72.83099 75.20271 78.38961 80.48889 82.16666 83.80899 85.14 86.59 88.09 89.54 91.05 92.45 93.88 95.02 95.78 96.23 96.9 98.1 99.17 100.73 102.52 103.98 105.67 107.83 109.54 111.94 113.78 115.11 116.43 116.83 117.6 117.96 118.02 118.29 118.83 119 119.72 120 120.71 121.07 121.83 121.97 122.97 123.69 124.29 124.91 125.26 125.87 126.03 126.8 127.04 127.26 127.59 128.01 128.03 128.08 128.85 129.02 129.2 129.79 130.15 130.85 130.98 131.17 131.45 131.81 131.74 130.88 130.55 130.37 129.92 129.44 129.08
-9999 -9999 -9999 79.48649 81.45454 83.33334 84.76 86.28 87.54 89.01 90.38 91.97 93.34 94.55 95.67 96.67 97.07 97.51 98.44 99.84 101.82 103.63 105.73 106.79 108.76 110.29 111.8 113.37 114.36 115.07 115.64 116.47 117.2 117.81 117.95 118.45 118.98 119.64 119.98 120.82 121.52 121.98 122.26 123.3 124.08 124.32 124.98 125.76 126.09 126.93 127 127.13 127.69 127.83 128 128.26 128.46 128.92 129 129.14 129.29 129.82 129.9 129.98 130.3 130.21 130.24 130.05 130.19 129.42 129.51 129.33 129.03 128.79
-9999 -9999 -9999 -9999 82.06 84.05 85.59596 86.94118 88.24176 89.81319 91.28 92.8 94.19 95.49 96.85 97.81 98.48 99.21 100.38 101.18 103.21 104.89 106.54 107.7 108.96 110.47 111.71 112.93 113.86 114.21 114.85 115.2 115.52 116.42 116.66 117.9 118.95 119.05 120 120.96 121.87 121.76 122.89 123.71 124.08 124.5 125.17 126.04 126.73 127 127 127.46 128 128 128 128 128 128.05 128.5 128.96 128.99 129.02 128.95 128.94 128.69 128.87 128.98 128.76 128.5 128.63 128.45 128.51 128.53 128.3
-9999 -9999 -9999 -9999 82.4321 84.18571 -9999 87.64706 -9999 90.58974 91.76 93.6 95.12 96.61 97.99 99.27 100.42 101.47 102.53 103.52 105.07 106.19 107.46 108.59 109.6 110.31 111.49 112.46 113.15 113.94 114.14 114.73 114.51 114.95 115.73 117.13 118.73 118.81 119.73 120.93 121.73 122.43 123.13 123.96 124.23 125.01 125.79 126.25 126.74 127 127.09 127.67 128 128 128 128 128 127.99 128 128.05 128.25 128.68 128.5 128.52 128.21 127.49 126.56 127.7 128.26 128.5 128.56 127.91 127.58 127.05
-9999 -9999 -9999 -9999 -9999 -9999 -9999 -9999 89.73214 91.12245 92.47369 94.08 95.79 97.56 99.07 100.61 101.93 103.33 104.56 105.43 106.71 107.49 108.64 109.42 109.98 110.41 111.05 111.94 112.52 113 113.77 113.94 114.25 115.78 116.07 117.06 117.98 118.59 119.62 120.47 121.46 122.6 123.13 124.02 124.9 125.13 125.95 126.09 126.98 127 127.09 127.98 128 128 128 128 128 127.73 127.91 127.94 127.3 127.1 126.79 127.04 126.83 126.72 124.98 126.07 125.85 126.05 126.91 126.37 126.08 125.42
-9999 -9999 -9999 -9999 -9999 -9999 -9999 -9999 -9999 91.59 93.25 94.82 96.59 98.21 99.95 101.74 103.3 105.17 106.74 107.89 108.56 108.76 109.77 109.98 110.01 110 110.97 111.09 111.52 112.19 112.93 113.68 114.05 115.01 115.81 116.9 117.57 118.28 119.43 120.06 121.11 122.4 123.01 124.08 124.96 125.23 126.05 126.5 126.9 127.03 127.74 127.99 127.67 127.16 127.78 127.58 127.3 127.1 127.28 127.06 126.98 126.78 126.27 124.96 125.14 124.5 123.41 123.43 123.05 122.92 123.21 123.28 122.41 122.12
