layers/wordclim/future/Iberia_wcB2a_10_hadcm3_2020/bio_05.asc
ncols         166
nrows         93
xllcorner     -9.4959440078468
yllcorner     36.000324005443
cellsize      0.083333337679505
NODATA_value  -9999
[rows 33 to 65 of 93, columns 0 to 72 of 166]
-9999 -9999 -9999 -9999 -9999 -9999 -9999 -9999 -9999 -9999 246.7209 250.76 255.66 261.26 266.45 270.21 268.15 255.46 249.84 257.58 261.03 262.13 276.33 289.68 280.75 275 289.58 305.88 311.88 306.15 306.46 311.59 304.64 304.33 305.26 306.12 306.55 305.19 307.38 308.87 309.41 310.09 314.19 315.5 316.87 317.53 318.74 317.09 317.03 315.22 316.31 315.92 316.53 316.2 316.16 315.96 315.92 317.1 314.45 312.31 311.09 311.22 311.36 311.03 305.23 301.19 282.66 274.4 292.24 304.19 309.35 312.56 308.01
-9999 -9999 -9999 -9999 -9999 -9999 -9999 -9999 -9999 -9999 244.398 249.96 255.06 257.88 249.62 254 260.96 274.27 277.16 276.17 270.46 268.58 271.57 280.42 277.81 276.75 288.78 304.61 307.2 301.18 298.65 303.35 307.71 303.05 303.21 305.27 307.14 308.89 310.62 312.38 312.1 313.44 314.65 315.4 315.54 316.74 315.76 316.22 316.94 317.36 315.63 316.05 313.87 314.75 315.3 315.68 317.12 316.18 313.74 310.89 308.36 310.04 309.76 307.79 302.64 295.83 273.15 295.81 289.01 296.03 310.93 318.57 323.05
-9999 -9999 -9999 -9999 -9999 -9999 -9999 -9999 -9999 -9999 242.6404 249.96 256.26 253.61 262.98 262.44 268.01 282.1 283.9 280.37 278.49 279.56 281.36 281.07 282.01 278.28 291.62 301.07 301.31 304.95 300.5 299.28 303.35 306.36 303.82 304.22 306.86 310.02 311.58 312.3 313.67 312.55 313.8 313.68 312.7 312.35 313.39 318.01 317.59 317.24 317.43 315.48 313.36 311.12 311.18 314.74 312.27 314.56 311.54 308.24 305.83 305.48 305.08 299.04 281.66 280.34 273.38 283.16 304.64 318.41 322.68 329.24 327.13
-9999 -9999 -9999 -9999 -9999 -9999 -9999 -9999 -9999 231.5676 241.4348 250.51 258.72 264.84 264.85 271.91 272.12 281.09 280.99 282.16 287.6 290.64 291.51 289.5 290.56 293.87 297.46 296.49 294.14 297.18 299.45 297.05 301.75 304.33 307.79 303.83 306.52 311.26 311.32 311.69 311.86 313.62 312.12 309.85 310.34 315.12 319.92 319.23 317.25 316.36 314.54 312.35 305.92 306.85 304.13 302.76 303.75 307.51 305.11 304.19 296.27 296.97 294.21 292.82 297.71 308.32 310.36 317.13 321.23 319.21 329.55 335.78 332.28
-9999 -9999 -9999 -9999 -9999 -9999 -9999 -9999 -9999 232.6757 242.2784 253.07 262.48 268.13 269.84 263.21 262.34 282.22 287.49 291.25 292.45 291.66 290.12 294.88 301.41 298.46 295.98 280.04 285.62 292.45 294.15 296.21 299.77 306.91 311.11 312.82 311.64 308.98 309.2 308.13 307.85 306.15 310.56 315.23 315.96 318.08 318.34 318.15 315.2 310.56 306.75 303.77 297.98 297.58 299.24 303.71 308.16 309.44 304.87 300.08 296.13 294 295.79 291.79 310.28 322 317.33 321.08 331.51 334.6 339.32 342.46 336.6
-9999 -9999 -9999 -9999 -9999 -9999 -9999 -9999 -9999 238.38 247.15 257.55 267.11 273.71 271.32 260.99 285.78 290.46 294 293.95 296.15 297.57 300.75 294.78 270.47 264.73 274.72 277.95 284.1 289.16 295.08 294.19 300.34 308.08 311.14 313.37 313.81 305.36 300.1 292.74 304.06 308.95 317.64 320.19 317.26 315.92 319.6 316.14 311.94 310.58 309.27 301.48 290.56 302.1 306.47 304.68 300.81 299.94 303.01 312.47 308.46 314.62 314.16 311.62 322.98 327.31 333.69 335.98 339.61 337.58 342.13 345.74 343
-9999 -9999 -9999 -9999 -9999 -9999 -9999 -9999 239.0484 245.28 253.77 263.2 272.75 277.45 278.45 285.6 291.47 295.92 296.96 299.17 297.36 295.1 271.6 242.39 254.84 269.65 285.12 278.03 286.62 293.74 294.07 293.56 303.71 306.65 304.83 308.42 310.46 307.78 308.31 310.05 313.68 330.03 331.08 325.17 324.43 316.28 315.35 318.96 317.85 312.59 298.8 286.78 286.33 289.5 287.21 295.26 308.71 316.32 324.14 324.2 329.06 334.58 329.58 329.8 335.57 340.3 342.45 338.45 341.96 341.22 344.58 351.82 351.55
-9999 -9999 -9999 -9999 -9999 -9999 -9999 -9999 244.0879 251.89 260.5 269.63 279.08 281.49 287.42 295.61 297.88 299 298.48 294.96 293.52 267.96 222.76 242.06 281.48 300.13 303.06 289.97 286.99 291.7 290.06 292.58 296.92 301.16 303.91 306.24 298.92 307.56 313.21 330.15 336.75 335.91 328.55 325.43 313.7 290.79 298.26 316.49 312.74 295.29 289.84 290.48 290.23 300.18 302.53 310.4 315.45 312.23 308.3 314.53 336.95 340.49 341.76 344.09 349.29 345.93 345.74 342.5 342.54 348.84 348.86 352.21 352.59
-9999 -9999 -9999 -9999 -9999 -9999 -9999 -9999 248.58 257.39 266.3 276.48 285.76 287.15 291.82 299.58 299.95 300.13 299.15 292 287.17 274 241.11 249.64 300.59 308.64 305.38 302.91 294.49 286.58 286.24 284.05 292.85 299.74 298.64 309.62 317.26 327.56 332.1 338.06 344.24 338.08 334.83 328.59 294.42 280.42 301.32 308 298.33 288.23 277.95 284.55 295.11 314.06 308.43 311.29 332.22 345 339.86 336.56 337.74 341.84 349.16 354.66 351.1 348.26 349.47 346.9 347.28 351.32 353.8 355.72 352.23
-9999 -9999 -9999 -9999 -9999 -9999 -9999 245.5479 252.66 261.91 272.03 281.85 291.22 293.77 297.07 297.68 300.41 296.08 283.19 267.94 263.62 287.89 297.03 303.18 307.78 307.06 311.91 311.76 308.42 304.53 315.93 320.72 302.59 318.99 328.36 334.24 337.43 334.52 342.78 345.82 348.66 350.12 331.74 306.4 323.45 307.19 282.43 285.13 289.9 322.29 309.25 318.18 338.96 349.78 344.7 356.79 353.3 349.21 344.89 342.05 350.74 356.8 358.06 354.41 351.1 351.19 353.41 350.56 352.22 353.03 355.35 356.44 354.42
-9999 -9999 -9999 -9999 -9999 -9999 -9999 -9999 257.1136 265.22 275.34 284.65 291.37 295.73 299.76 288.2 281.64 278.08 279.15 273.38 281.62 298.01 296.47 296.96 303.41 311.62 320.1 321.02 320.53 325.3 329.65 329.97 329.08 335.82 342.28 342.95 341.69 341.17 347.21 349.87 350.34 346.21 332.28 332.83 320.48 335.42 339.59 342.43 350.59 361.27 362.48 362.29 360.03 358.04 356.82 354.65 346.69 342.21 355.37 359.39 360.96 360.17 357.43 355.02 354.75 356.87 355.83 356.04 357.14 354.58 359.13 358.62 353.95
-9999 -9999 -9999 -9999 -9999 -9999 -9999 252.4533 258.53 267.3 276.16 280.73 285.65 292.38 275.01 265.75 278.42 287.96 289.23 294.65 301.27 289.82 301.87 296.23 315.12 322.94 323.48 326.08 324.25 323.32 326 336.21 340.36 345.73 347.19 345.85 347.6 351.18 354.08 356.02 353.97 350.42 349.2 348.49 349.39 359.44 362.01 366.22 366.27 367 366.57 364.81 364.56 363.73 361.79 359.03 360.54 363.56 364.23 363.31 363.32 362.1 359.97 359.36 360.48 362.81 360.61 362.58 360.04 361.1 362.48 360.37 358.95
-9999 -9999 -9999 -9999 -9999 -9999 -9999 253.03 259.52 267.91 275.82 276.74 285.22 288.02 280.15 286.27 294.23 294.45 288.09 289.38 290.36 300.26 317.72 318.04 321.19 326.88 328.99 331.37 331.67 333.16 337.35 340.29 339.3 345.62 348.46 350.88 352.49 355.64 357.28 354.24 352.62 355.72 360.39 364.41 366.46 367.12 367.86 367.98 369.08 368.58 367.81 368.17 367.51 365.91 365.38 366.92 366.69 366.69 365.99 364.55 362 362.02 363.17 364.99 366.76 365.28 365.55 366.84 365.85 363.67 359.38 355.93 353.7
-9999 -9999 -9999 -9999 -9999 -9999 249.0159 255.27 260.37 267.1 275.02 278.02 286.08 287.15 291.06 296.08 293.55 289.07 286.36 280.5 299.7 314.63 322.2 322.89 325.13 329.47 336.97 337.53 338.68 337.23 340.16 343.32 345.18 346.2 349.75 351.46 351.61 353.53 352.36 350.54 354.87 359.79 365.16 367.21 368.03 369.1 369.22 366.56 369.76 369.72 369.05 366.68 368.65 368.85 369.72 367.82 363.72 365.25 367.73 369.14 368.43 367.5 367.52 368.74 368.13 367.27 368.02 367.69 366.08 364.58 361 357.86 356.36
-9999 -9999 -9999 -9999 -9999 -9999 247.8265 255.62 261.72 266.57 270.91 278.12 287.34 288.47 294.31 297.57 300.06 298.7 293.54 294.25 309.81 318.02 321.97 323.68 330.5 336.82 338.26 340.45 338.07 341.31 343.06 344.82 347.6 349.97 352.42 352.37 352.88 351.69 355.8 359.89 361.86 363.7 364.01 365.73 366.21 369.92 367.48 366.71 370.04 369.74 369.12 368.79 372.1 369.47 369.34 367.66 363.94 365.16 366.17 365.44 366.07 369.62 366.73 364.24 363.8 362.17 361.35 362.72 363.81 363.6 363.85 362.61 360.17
-9999 -9999 -9999 -9999 -9999 242.5357 247.36 254.67 262.13 265.81 271.86 280.79 288.15 291.93 292.39 299.17 298.76 301.71 303.38 309.92 317 319.77 325.74 330.69 332.34 333.52 336.37 340.12 339.35 342.3 346.73 348.48 347.3 347.5 350.55 355.32 360.04 359.97 358.79 359.07 360.97 363.8 362.53 362.91 359.95 359.64 361.78 364.04 362.82 362.43 364.1 366.91 366.9 366.23 360.15 361.7 362.02 361.89 360.15 362.15 361.99 364.2 362.97 360.16 362.74 360.01 360.4 360.96 361.53 361.72 362.64 362.29 362.15
-9999 -9999 -9999 -9999 -9999 242.7683 249.6 254.63 258.99 260.08 271.71 280.41 288 295.03 295.98 300.44 300.61 300.64 304.32 313.24 319 323.97 328.68 330.03 331.12 334.57 338.32 337.94 341.83 344.56 345.43 346.59 347.33 348.34 348.62 353.73 357.89 360.83 361.44 362.5 363.97 366.16 365.2 365.58 365.3 363.54 361.81 359.04 359.41 352.72 358.64 358.86 364.44 365.68 354.35 354.93 353.67 354.71 353.83 355.69 355.9 361.46 362.31 359 358.03 359.55 359.13 360.12 361.87 361.83 363.45 362.59 362.44
-9999 -9999 -9999 -9999 -9999 243.2828 249.94 249.93 253.9 261.4 268.91 283.88 290.34 295.38 298.16 300.9 304.29 307.03 310.62 314.72 319.89 321.26 325.39 327.08 331.11 332.94 335.31 334.99 337.28 343.54 348.69 349.42 350.11 352.29 352.51 354.34 356.71 362.31 363.07 364.51 366.83 367.24 366.4 365.85 365.57 363.47 364.3 363.18 351.5 350.79 348.56 359.98 360.06 365.38 363.77 358.36 356.55 356.21 346.9 357.51 348.71 353.09 354.23 355.76 355.34 356.05 358.43 363.31 364.22 364.23 364.41 364.39 363.81
-9999 -9999 -9999 231.0714 237.42 243.26 248.41 252.41 260.39 271.02 279.14 286.36 292.35 295.82 301.52 305.97 309.15 312.38 312.42 315.35 316.44 319.92 323.09 324.9 324.17 328.82 332.69 335.62 335 339.9 346.81 350.39 353.14 355.96 356.26 357.66 358.55 359.03 362.19 363.21 366.73 367.8 367.18 365.46 365.01 355.62 361.26 362.05 354.03 348.09 362.27 368.14 369.89 368.59 372.35 371.78 371.34 368.26 363.71 365.33 361.51 363.94 365.45 366.32 356.22 350.54 354.54 360.04 363.4 363.04 365.14 365.72 365.55
-9999 -9999 223.0625 231.2558 238.37 245.2 250.86 261.35 268.22 274.39 282.32 288.7 292.5 293.82 298.24 303.36 307.49 308.44 310.97 314.21 318.17 320.78 322.68 322.66 318.05 315.71 322.71 329.2 334.62 339.42 342.75 346.21 352.07 351.75 354.51 358.86 361.1 362.02 363.34 363.4 365.68 366.51 365.56 366.94 367.49 360.77 359.32 361.75 366.03 367.61 369.73 376.02 374.02 376.54 376.7 377.75 375.31 372.66 369.55 364.34 361.65 361.1 367.72 364.77 361.69 361.6 358.09 361.24 363.99 362.05 359.87 364.77 367.46
-9999 -9999 224.73 232.93 240.96 248.37 255.92 264.26 271.45 277.91 284.85 289.86 291.96 295.39 298.22 302.47 306.1 309.9 313.61 315.87 320.64 323.07 325.78 326.05 323.7 314.09 318.57 333.24 341.87 343.87 346.96 352.09 355.04 353.65 357.07 358.29 359.13 363.52 362.72 362.51 364.75 366.72 366.2 370.27 374.75 372.8 376.49 376 377.43 373.26 374.23 379.7 379.51 379.92 373.1 375.67 376.47 373.23 373.52 371.51 370.93 373.83 374.99 371.12 364.74 364.92 367.16 365.72 362.14 362.66 358.79 366.37 369.08
-9999 -9999 230.12 237.42 244.72 248.32 259.91 266.94 273.53 281.52 286.87 289.85 293.43 297.03 300.08 302.65 307.44 311.81 313.68 316.61 321.67 324.21 324.9 326.95 330.01 330.68 331.89 337.52 344.53 348.43 348.84 354.86 356.52 356.51 357.93 358.5 359.93 362.28 362.8 364.4 360.94 366.61 373.61 375.34 376.94 378.02 380.28 379.55 380.82 380.75 378.55 379.16 381.36 380.79 377.12 372.43 375.45 376.07 376.81 374.02 368.96 372.63 376.5 376.42 369.65 368.97 371.2 373.11 372.43 368.42 370.35 372.45 371.61
-9999 231.3125 236.28 242.22 247.51 256.48 265.38 271.09 278.11 284.9368 288.44 291.84 294.8 297.76 300.98 304.01 308.67 311.3 314.5 318.58 322.14 325.02 327.35 327.5 331.22 334.95 340.05 342.25 347.77 352.66 353.76 357.33 356.61 358.26 359.61 361.37 364.52 365.29 365.03 367.82 370.79 375.21 376.93 379.04 380.41 381.11 381.62 382.9 383.08 383.5 381.66 382 380.11 378.8 378.58 375.97 372.11 377.18 377.68 372.97 370.49 372.19 373.79 376.58 373.51 372.27 375.13 376.24 375.84 375.49 374.5 373.47 372.15
-9999 234.69 241.13 246.45 252.3 260.77 270.9893 276.9111 282.1839 286.16 290.13 293.53 296.42 300.15 303.43 305.94 309.01 312.11 314.45 318.12 322.16 325.33 327.65 331.22 333.95 336.95 342.01 346.4 349.33 353.38 357.7 357.94 359.83 361.39 362.73 365.19 366.32 368.74 369.29 369.92 372.24 376.97 379.2 380.07 381.7 382.78 383.06 381.09 380.57 383.76 383.59 382.26 382.97 381.7 380.4 378.38 375.73 374.53 377.91 378.87 378.76 372.91 374.17 378.28 374.85 377.99 378.06 377.46 376.97 376.23 375.38 374.17 373.16
-9999 238.0714 242.65 249.63 255.42 266.2577 276.557 281.58 285.5 288.8 292.16 296.67 300.39 302.56 304.73 307.25 309.99 313.97 315.88 317 320.14 323 325.85 329.8 333.38 336.3 337.6 342.89 351.53 355.97 359.03 358.54 360.06 362.12 364.08 365.44 367.67 369.88 370.89 371.84 376.47 378.49 379.15 380.5 381.59 381.94 383.12 383.21 384.06 382.54 382.45 385.25 382.25 375.67 380.04 378.43 378.72 379.46 379.67 377.18 379.87 379.33 377.72 379.02 376.99 378.35 378.59 378.12 377.9 376.78 375.87 374.93 373.57
-9999 241.15 246.35 255.57 267.87 274.35 281.9012 285.47 288.54 291.32 293.62 296.53 300.29 302.11 305.5 307.25 309.51 312.59 314.74 317.23 320.35 322.08 321.91 325.38 330.89 335.19 335.53 342.16 351.95 357.1 358.11 358.05 359.19 362.11 363.45 365.87 367.84 369.5 371.36 374.22 375.78 376.37 378.41 378.47 379.04 380.3 380.28 383.95 383.12 383.62 382.86 383.86 385.93 381.76 383.98 383 380.97 379.4 376.2 375.65 379.99 380.69 377.01 377.93 379.88 379.11 378.76 379.27 377.34 376.43 375.18 371.72 371.86
239.4198 243.76 251.04 263.74 276.9468 -9999 -9999 288.66 291.12 293.45 296.1 298.03 301.09 302.52 304.56 306.03 307.25 310.02 312.55 315 318.8 320.89 324.39 324.88 327.59 336.19 342.1 347.64 352.81 354.41 355.46 356.41 358.32 359.43 362.14 364.39 365.51 366.55 370.59 371.39 371.75 372.8 374.55 376.21 374.18 378.63 380.1 382.55 382.09 381.47 381.16 381.43 382.04 387.69 383.72 383.29 383.31 384.77 380 379.56 377.18 379.59 379.97 378.5 377.72 377.2 374.17 375.67 377.25 377.29 376.66 374.51 373.42
246.92 252.2113 260.2703 271.6364 280.7111 287.125 288.764 291.53 293.43 295.06 296.83 299 301.01 303.99 304.41 304.35 305.14 306.31 309.98 313.46 316.3 321.18 322.39 326.92 332.24 335.9 344.59 348.41 349.03 351.7 353.24 354.74 355.92 358.39 360.8 363.53 363.81 365.43 369.14 371.82 371.67 371.16 370.87 374.83 376.82 377.31 379.97 378.87 379.68 377.4 378.93 381.47 385 386.52 386.89 387.75 387.17 384.86 384.27 382.92 379.18 376.21 376.93 378.96 379 376.34 372.76 373.94 378.45 376.85 375.54 375.37 373.83
-9999 -9999 -9999 275.3784 282 286.9881 289.81 292.35 294.89 297.07 298.84 300.73 302.12 302.03 302.98 304.28 305.25 305.97 308.96 314.91 318.5 323.56 327.59 329.42 334.43 340.02 343.68 346.37 347.11 347.65 348.67 350.29 353.62 355.98 358.54 360.52 362.06 363.97 365.97 369.81 370.12 369.83 370.09 371.57 375.68 374.71 375.74 374.71 377.41 381.63 383.56 384.57 386.15 385.91 382.22 387.05 385.1 381.37 381.79 381.12 379.79 377.37 376.64 377.26 377.14 377.06 378.63 379.02 374.65 377.73 374.27 374.73 373.63
-9999 -9999 -9999 -9999 281.16 285.43 287.6667 292.5412 296.1758 298.5275 299.52 302.23 303.83 303.25 305.24 306.39 306.9 309.28 313.33 315.59 320.63 325.41 328.83 330.3 333.92 339.26 343.31 344.7 345.98 345.56 345.46 345.62 345.2 349.84 349.61 357.62 360.19 360.14 363.06 367.39 370.48 366.7 369.2 371.25 375.09 371.18 371.1 375 378.03 382.04 381.74 382.53 382.37 384.9 384.73 385.49 385.82 386.18 382.41 374.97 372.73 376 377.43 377.9 381.64 381.1 378.56 379.03 379.22 376.23 374.81 373.18 371
-9999 -9999 -9999 -9999 277.037 281.2571 -9999 294 -9999 299.2308 301.19 303.16 304.96 307.24 307.68 309.97 312.16 314.51 317.02 318.59 323.16 327.52 328.78 332 335.55 338.93 342.73 343.88 345.17 344.97 344.69 344 339.98 341.84 344.89 351.64 357.46 356.63 359.93 363.47 368.52 369.44 369.61 369.81 371.49 371.9 373.4 376.75 376.61 377.9 380.31 379.92 380.73 382.9 381.67 382.15 382.33 382.54 384.14 383.37 379.13 370.73 372.42 372.92 374.19 380.4 382.84 377.55 372.59 368.41 366.6 372.36 371.6
-9999 -9999 -9999 -9999 -9999 -9999 -9999 -9999 296.8571 298.5 301.2421 304.36 306.42 308.13 310.65 311.17 313.69 317 317.97 318.81 323.59 326.54 330.61 333.6 336.31 339.9 341.24 343.02 343.4 343.14 344.42 341.69 341.74 351 350.74 352.65 353.45 356.09 357.03 359.64 363.55 367 367.22 370.12 371.08 372.33 374.46 374.61 375.58 377.07 378.25 376.93 378 380.1 380.07 379.06 379.94 380.58 379.47 380.49 381.66 380.74 381.66 378.44 377.38 377.25 384.41 378.13 378.53 376.41 372.04 373.48 372.73
-9999 -9999 -9999 -9999 -9999 -9999 -9999 -9999 -9999 297.83 300.02 303.05 306.48 309.22 312.81 313.9 316.4 318.59 320.05 323.72 325.01 324.55 329.66 334.2 336.16 339.25 340.81 341.4 342.29 343.83 342.96 343.68 347.94 350.29 351.89 354.47 354.18 355.12 355.96 356.91 359.21 362.83 365 367.66 369.51 371.14 373.63 373.96 374.48 378.84 379.11 379.29 376.58 373.53 379.4 380.61 378.14 379.66 378.81 378.68 377.08 378.19 378.73 383.54 379.76 382.37 384.87 383.66 382.32 383.27 381.92 380.35 381.05
