layers/wordclim/future/Iberia_wcB2a_10_hadcm3_2020/bio_10.asc
ncols         166
nrows         93
xllcorner     -9.4959440078468
yllcorner     36.000324005443
cellsize      0.083333337679505
NODATA_value  -9999
[rows 33 to 65 of 93, columns 73 to 145 of 166]
214.66 222.87 222.9 223.77 225.86 228.82 226.15 223.34 218.33 214.32 213.57 213.03 211.55 210.3 206.55 202.94 201.47 202.29 205.08 206.76 206.19 205.44 208.16 206.6 205.28 209.42 202.99 195.14 194.37 201.94 209.01 216.32 226.39 227.17 226.74 224.34 230.61 236.97 243.47 242.94 236.41 237.53 242.14 240.22 244.3 241.84 257.54 254.68 251.54 252.98 250.03 252.2 -9999 -9999 -9999 -9999 -9999 -9999 -9999 -9999 -9999 -9999 -9999 -9999 -9999 -9999 -9999 -9999 -9999 -9999 -9999 -9999 -9999
230.7 227.67 229.68 232.94 230.82 226.41 220.94 218.84 220.05 218.49 216.43 213.53 211.35 216.07 210.7 208.97 203.52 208.79 206.33 203.96 204.07 203.7 205.82 205.59 207.95 209.13 204.24 202.18 198.97 205.4 206.1 210.8 216.38 218.96 216.74 222.06 225.38 231.58 238.43 230.43 227.67 232.92 237.15 235.68 230.13 234.72 260.1 259.5 245.12 257.4748 -9999 -9999 -9999 -9999 -9999 -9999 -9999 -9999 -9999 -9999 -9999 -9999 -9999 -9999 -9999 -9999 -9999 -9999 -9999 -9999 -9999 -9999 -9999
230.36 230.78 234.52 237.81 232.95 224.67 222.56 222.6 225.65 224.48 217.35 215.91 218.14 215.78 212.63 212.09 209.62 207.76 206.18 206.22 201.7 200.03 202.84 208.4 210.95 207.28 197.51 196.47 198.19 199.25 199.61 203.7 202.02 202.16 207.2 211.78 217.5 231.37 229.6 231.15 224.29 228.71 223.79 219.32 211.03 238.47 263.37 263.1 260.53 264.4507 -9999 -9999 -9999 -9999 -9999 -9999 -9999 -9999 -9999 -9999 -9999 -9999 -9999 -9999 -9999 -9999 -9999 -9999 -9999 -9999 -9999 -9999 -9999
236.16 234.63 239.35 236.96 226.42 226.37 225.82 221.71 228.96 232.46 230.4 226.11 218.98 208.16 204.57 202.05 205.5 203.96 200.2 200.62 197.43 199.16 197.96 206.8 212.32 206.39 196.3 199.92 199.97 197.6 195.96 197.36 201.91 201.48 206.32 211.12 220.83 223.28 224.45 220.14 214.13 214.52 208.27 219.68 227.87 250.87 260.93 264.06 265.9381 265.3548 264.2442 263.6522 -9999 -9999 -9999 -9999 -9999 -9999 -9999 -9999 -9999 -9999 -9999 -9999 -9999 -9999 -9999 -9999 -9999 -9999 -9999 -9999 -9999
241.41 239.37 243.03 234.16 231.27 231.82 225.7 223.3 232.29 228.17 223.18 217.91 216.51 212.3 207.02 202.67 201.42 200.82 199 195.48 189.68 195.62 195.06 200.41 209.2 213.21 201.49 202.74 206.04 204.26 197.54 198.53 196.94 195.97 198.9 197.6 210.57 217 222.2 218.77 213.67 217.24 223.51 236.39 249.65 256.13 257.86 254.5 -9999 -9999 -9999 -9999 -9999 -9999 -9999 -9999 -9999 -9999 -9999 -9999 -9999 -9999 -9999 -9999 -9999 -9999 -9999 -9999 -9999 -9999 -9999 -9999 -9999
246.02 246.17 237.86 233.45 237.33 231.62 227.34 229.86 236.32 228.52 227.39 225.69 227.07 223.93 217.68 210.24 204.13 192.71 193.42 189.58 185.17 190.23 194.14 198.19 207.67 216 210.07 205.13 211.73 204.28 190.09 197.85 194.7 190.95 190.39 187.01 202.09 208.71 215.83 215.77 213.67 223.31 232.6 246.88 253.69 259.42 261.75 -9999 -9999 -9999 -9999 -9999 -9999 -9999 -9999 -9999 -9999 -9999 -9999 -9999 -9999 -9999 -9999 -9999 -9999 -9999 -9999 -9999 -9999 -9999 -9999 -9999 -9999
248.41 240.78 235.47 237.1 236.3 231.59 232.93 237.85 239.07 236.4 238.65 235.92 234.01 224.74 219.96 211.06 203.55 197.23 191.06 190.32 186.04 188.41 195.03 201.94 208.06 216 214.54 209.84 214.18 198.14 193.4 192.41 187.76 178.78 181.18 187.14 191.42 203.82 208.55 212.45 217.36 233.26 242.94 248.37 254.31 262.06 264.68 -9999 -9999 -9999 -9999 -9999 -9999 -9999 -9999 -9999 -9999 -9999 -9999 -9999 -9999 -9999 -9999 -9999 -9999 -9999 -9999 -9999 -9999 -9999 -9999 -9999 -9999
245.69 240.13 239.02 241.82 237.92 238.98 244.26 240.77 241.96 233.21 230.5 236.26 230.62 229.36 225.34 220.85 206.89 201.75 194.8 190.31 188.67 193.83 201.31 202.46 204.53 214.43 219.95 222.66 214.07 200.68 199.67 195.9 189.06 177.22 178.84 187.4 196.42 208.95 222.3 224.53 232.08 239.3 248.64 246.85 254.37 260.4096 -9999 -9999 -9999 -9999 -9999 -9999 -9999 -9999 -9999 -9999 -9999 -9999 -9999 -9999 -9999 -9999 -9999 -9999 -9999 -9999 -9999 -9999 -9999 -9999 -9999 -9999 -9999
245.22 243.77 244.94 241.65 242.06 247.09 242.56 236.81 241.38 238.37 233.13 232.22 228.5 226.8 223.31 219.57 208.18 200.04 197.64 199.98 188.81 192.67 195.21 197.9 204.01 209.12 217.37 226 215.15 205.35 213.06 211.99 200.66 190.22 195.55 195.82 202.18 210.85 227.26 234.2 235.22 238.53 253.99 256.67 254.061 -9999 -9999 -9999 -9999 -9999 -9999 -9999 -9999 -9999 -9999 -9999 -9999 -9999 -9999 -9999 -9999 -9999 -9999 -9999 -9999 -9999 -9999 -9999 -9999 -9999 -9999 -9999 -9999
250.47 248.3 246.08 247.13 250.23 248.19 237.55 235.94 239.21 231.97 233.48 232.95 231.8 227.08 219.92 225.45 210.96 208.44 205.82 198.38 197.48 196.58 202.65 195.32 210.29 213.69 224.03 220.09 206.71 208.46 219.36 222.49 218.01 213.47 209 215.41 213.99 217.94 237.82 247.17 246.04 249.18 254 262.9211 -9999 -9999 -9999 -9999 -9999 -9999 -9999 -9999 -9999 -9999 -9999 -9999 -9999 -9999 -9999 -9999 -9999 -9999 -9999 -9999 -9999 -9999 -9999 -9999 -9999 -9999 -9999 -9999 -9999
247.96 248.59 252.05 254.48 251.2 245.66 237.81 235.61 236.67 232.93 231.11 230.7 226.46 226.45 226.89 225.63 214.66 208.86 205.58 207.29 206.33 209.04 207.34 204.62 213.6 228.32 224.93 211.04 190.78 194.16 211.89 222.9 225.2 227.67 228.95 225.54 228.93 233.46 241.91 250.59 249.44 250.1 259.0227 -9999 -9999 -9999 -9999 -9999 -9999 -9999 -9999 -9999 -9999 -9999 -9999 -9999 -9999 -9999 -9999 -9999 -9999 -9999 -9999 -9999 -9999 -9999 -9999 -9999 -9999 -9999 -9999 -9999 -9999
256.56 256.83 254.25 249.56 246.88 244.05 239.98 237.7 236.73 234.31 230.49 230.14 225.49 228.38 232.52 228.47 221.56 214.37 217.78 217.04 212.07 216.17 213.28 207.25 215.36 228.63 219.74 205.23 192.03 197.66 210.42 216.14 222.64 222.38 232.42 235.72 241.53 247.07 253.74 254.11 254.2 257.1194 -9999 -9999 -9999 -9999 -9999 -9999 -9999 -9999 -9999 -9999 -9999 -9999 -9999 -9999 -9999 -9999 -9999 -9999 -9999 -9999 -9999 -9999 -9999 -9999 -9999 -9999 -9999 -9999 -9999 -9999 -9999
250.37 250.15 247.64 246.05 245.53 244.26 241.51 238.6 240.32 238.79 234.97 233.31 231.07 232.47 230.33 228.25 225.41 221.97 225.61 224.61 223.16 218.46 215.99 217.48 221.64 225.8 229.28 222.53 212.75 205.76 198.54 209.33 223.52 230.14 234.34 232.11 238.4 249.54 257.48 259.97 262.1959 -9999 -9999 -9999 -9999 -9999 -9999 -9999 -9999 -9999 -9999 -9999 -9999 -9999 -9999 -9999 -9999 -9999 -9999 -9999 -9999 -9999 -9999 -9999 -9999 -9999 -9999 -9999 -9999 -9999 -9999 -9999 -9999
252.32 250.9 249.51 248.82 248.18 246.21 243.53 242.3 241.29 239.67 239.01 235.85 235.58 236.85 230.57 226.76 224.33 223.61 227.33 224.16 228 221 215.66 221.03 226.04 223.36 226.54 232.38 227.74 222.15 214.82 211.82 224.81 234.55 243.55 245.03 238.53 243.09 255.74 262.5959 -9999 -9999 -9999 -9999 -9999 -9999 -9999 -9999 -9999 -9999 -9999 -9999 -9999 -9999 -9999 -9999 -9999 -9999 -9999 -9999 -9999 -9999 -9999 -9999 -9999 -9999 -9999 -9999 -9999 -9999 -9999 -9999 -9999
255 252.99 251.82 251.57 250.15 248.57 244.15 242.24 241.15 242.86 241.37 237.94 237.92 239.16 235.72 232.78 227.77 226.69 229.19 228.1 228.69 229.56 228.46 229.21 225.94 224.45 231.04 238.71 236.68 232.63 229.42 233.65 232.78 235.02 237.95 246.92 252.4 253.03 261.35 -9999 -9999 -9999 -9999 -9999 -9999 -9999 -9999 -9999 -9999 -9999 -9999 -9999 -9999 -9999 -9999 -9999 -9999 -9999 -9999 -9999 -9999 -9999 -9999 -9999 -9999 -9999 -9999 -9999 -9999 -9999 -9999 -9999 -9999
255.22 255.1 253.8 252.95 251.67 250.27 247.02 245.62 242.81 244.49 242.23 238.83 239.39 242.06 240.27 234.27 231.12 230.25 229.9 230.79 232.97 236.05 236.01 232.23 223.97 230.35 231.64 235.05 240.62 247.25 246.93 248.5 251.52 252.3 248.92 242.82 251.86 259.43 263.3553 -9999 -9999 -9999 -9999 -9999 -9999 -9999 -9999 -9999 -9999 -9999 -9999 -9999 -9999 -9999 -9999 -9999 -9999 -9999 -9999 -9999 -9999 -9999 -9999 -9999 -9999 -9999 -9999 -9999 -9999 -9999 -9999 -9999 -9999
255.53 257 256.19 255.01 253.71 249.97 246.46 248.34 247.37 244.22 245.45 241.31 240.98 242.53 242.03 240.44 237.07 235.37 234.04 232.44 231.43 235.79 239.02 233.06 231.39 235.36 232.34 226.22 229.03 239.89 250.56 254.18 257.56 258.92 258.81 258.47 258.61 262.4362 -9999 -9999 -9999 -9999 -9999 -9999 -9999 -9999 -9999 -9999 -9999 -9999 -9999 -9999 -9999 -9999 -9999 -9999 -9999 -9999 -9999 -9999 -9999 -9999 -9999 -9999 -9999 -9999 -9999 -9999 -9999 -9999 -9999 -9999 -9999
258.14 258.34 257.62 256.36 255.52 253.74 250.95 251.87 250.01 246.76 246.04 245.86 245.39 244.51 240.9 240.64 242.27 240.39 239.2 237.78 237.71 238.08 242.58 238.62 237.01 237.33 239.16 236.38 235.75 234.24 234.6 247.91 257.02 259.78 261.25 260.99 263.31 -9999 -9999 -9999 -9999 -9999 -9999 -9999 -9999 -9999 -9999 -9999 -9999 -9999 -9999 -9999 -9999 -9999 -9999 -9999 -9999 -9999 -9999 -9999 -9999 -9999 -9999 -9999 -9999 -9999 -9999 -9999 -9999 -9999 -9999 -9999 -9999
259.19 259.5 257.93 255.75 256.41 256.38 254.89 254.07 253.21 251.62 250.76 248.77 248.48 245.25 242.6 244.72 244.23 243.14 242.15 242.5 241.54 243.34 247.72 243.49 242.17 244.31 245.3 243.29 238.28 236.79 237.14 246.32 255.77 259.64 262.41 263.68 264.47 -9999 -9999 -9999 -9999 -9999 -9999 -9999 -9999 -9999 -9999 -9999 -9999 -9999 -9999 -9999 -9999 -9999 -9999 -9999 -9999 -9999 -9999 -9999 -9999 -9999 -9999 -9999 -9999 -9999 -9999 -9999 -9999 -9999 -9999 -9999 -9999
260.86 261.37 259.96 258.35 259.02 258.35 257.04 256.57 255.49 254.03 253.28 251.85 251.1 248.97 247.72 247.83 246.14 245.39 244.41 244.52 244.62 243.98 246.01 251.92 252.23 250.1 249.48 244.51 243.02 242.3 245.72 253.7 257.42 259.54 260.9 264.83 266.4 -9999 -9999 -9999 -9999 -9999 -9999 -9999 -9999 -9999 -9999 -9999 -9999 -9999 -9999 -9999 -9999 -9999 -9999 -9999 -9999 -9999 -9999 -9999 -9999 -9999 -9999 -9999 -9999 -9999 -9999 -9999 -9999 -9999 -9999 -9999 -9999
261.43 261.7 261.4 260.68 259.96 259.16 257.9 256.78 255.6 254.27 253.75 252.78 251.96 250.75 249.73 248.77 248.89 247.89 247.45 247.29 246.48 246.25 245.8 245.08 246.69 249.41 249.96 249.5 246.66 244.75 249.51 248.75 249.39 259.9 262.3 265.8 267.49 267.8413 -9999 -9999 -9999 -9999 -9999 -9999 -9999 -9999 -9999 -9999 -9999 -9999 -9999 -9999 -9999 -9999 -9999 -9999 -9999 -9999 -9999 -9999 -9999 -9999 -9999 -9999 -9999 -9999 -9999 -9999 -9999 -9999 -9999 -9999 -9999
262.64 261.81 261.06 260.98 260.44 260.01 258.46 256.77 254.85 253.14 252.75 251.76 252.31 252.11 251.35 250.5 250.69 250.27 249.9 249.61 248.93 248.49 249.13 248.1 246.12 243.92 242.45 246.5 252.39 240.46 239.6 249.02 254.86 258.28 266.7 268.08 268.8 268.7475 -9999 -9999 -9999 -9999 -9999 -9999 -9999 -9999 -9999 -9999 -9999 -9999 -9999 -9999 -9999 -9999 -9999 -9999 -9999 -9999 -9999 -9999 -9999 -9999 -9999 -9999 -9999 -9999 -9999 -9999 -9999 -9999 -9999 -9999 -9999
263.01 262.73 262 261.3 260.6 258.7 256.58 254.48 252.31 251.68 250.67 248.9 250.19 251.52 252.23 252.25 251.8 251.39 250.78 251.43 250.62 250.4 248.23 245.47 241.27 236.02 237.58 241.59 248.9 236.31 241.35 254.4 259.42 263.08 268.68 268.89 264.47 265.74 -9999 -9999 -9999 -9999 -9999 -9999 -9999 -9999 -9999 -9999 -9999 -9999 -9999 -9999 -9999 -9999 -9999 -9999 -9999 -9999 -9999 -9999 -9999 -9999 -9999 -9999 -9999 -9999 -9999 -9999 -9999 -9999 -9999 -9999 -9999
263.38 262.07 260.9 259.85 258.08 255.27 251.05 249.22 248.03 247.27 247.26 244.99 245.3 248.32 251.74 253 252.92 252.59 252.03 251.53 249.53 245.03 242.4 237.67 233.5 230.23 235.15 240.15 246.08 236.53 241.16 249.55 258.03 264.04 267.72 268.22 260.22 259.75 269.037 -9999 -9999 -9999 -9999 -9999 -9999 -9999 -9999 -9999 -9999 -9999 -9999 -9999 -9999 -9999 -9999 -9999 -9999 -9999 -9999 -9999 -9999 -9999 -9999 -9999 -9999 -9999 -9999 -9999 -9999 -9999 -9999 -9999 -9999
263.5 261.65 258.63 256.39 253.57 251.92 252.04 249.21 246.94 244.21 242.3 240.48 242.35 246.78 251.14 252.55 252.92 253 252.5 250.24 244.19 239.45 238.44 234.32 234.8 238.02 239.54 240.94 239.23 232.72 239.58 247.74 255 261.01 263.33 264.16 258.11 256.11 268.67 271.7321 -9999 -9999 -9999 -9999 -9999 -9999 -9999 -9999 -9999 -9999 -9999 -9999 -9999 -9999 -9999 -9999 -9999 -9999 -9999 -9999 -9999 -9999 -9999 -9999 -9999 -9999 -9999 -9999 -9999 -9999 -9999 -9999 -9999
263.66 261.83 259.48 257.12 255.49 251.71 250.03 250.19 247.48 245.39 243.41 241.51 241.69 245.28 248.57 251.08 252.04 252.72 251.1 248.48 245.8 242.91 240.66 239.27 239.8 240.81 241.78 244.38 243.73 239.86 243.11 250.84 250.63 254.02 261.67 261.84 257.12 254.69 258.6 268.65 271.597 -9999 -9999 -9999 -9999 -9999 -9999 -9999 -9999 -9999 -9999 -9999 -9999 -9999 -9999 -9999 -9999 -9999 -9999 -9999 -9999 -9999 -9999 -9999 -9999 -9999 -9999 -9999 -9999 -9999 -9999 -9999 -9999
263.39 260.43 259.36 258.8 256.6 252.61 250.06 249.04 247.41 245.57 244.24 243.57 244.1 244.06 245.42 245.85 245.9 248.5 246.89 246.71 245.28 242.79 241.39 240.7 241.57 243.83 241.06 239.05 240.53 245.01 250.39 245.9 246.32 250.09 245.57 246.5 254.01 244.04 244.98 252.68 264.87 267.92 268.6495 -9999 -9999 -9999 -9999 -9999 -9999 -9999 -9999 -9999 -9999 -9999 -9999 -9999 -9999 -9999 -9999 -9999 -9999 -9999 -9999 -9999 -9999 -9999 -9999 -9999 -9999 -9999 -9999 -9999 -9999
263.47 261.61 259.93 258.79 257.1 254.4 251.51 247.96 247.37 248.47 247.06 242.5 237.97 235.18 234.56 234.3 238.86 243.9 246.76 245.08 246.1 245.93 245.71 245.65 241.93 245.36 246.69 245.28 245.19 252.37 248.31 244.93 242.34 236.79 236.17 244.05 246.06 234.1 241.37 244.64 254.2 263.7 267.4458 -9999 -9999 -9999 -9999 -9999 -9999 -9999 -9999 -9999 -9999 -9999 -9999 -9999 -9999 -9999 -9999 -9999 -9999 -9999 -9999 -9999 -9999 -9999 -9999 -9999 -9999 -9999 -9999 -9999 -9999
264.39 261.4 257.79 257.83 256.73 255.45 251.12 252.32 251.49 255.66 246.8 235.72 229.85 235.78 233.91 236.87 241.57 246.39 248.75 251.33 251.81 251.72 251.23 250.01 246.86 244.72 247.1 250.62 250.47 253.13 254.45 247.4 238.95 241.49 232.48 233.8 235.08 237.61 239.53 262.9 263.3816 -9999 -9999 -9999 -9999 -9999 -9999 -9999 -9999 -9999 -9999 -9999 -9999 -9999 -9999 -9999 -9999 -9999 -9999 -9999 -9999 -9999 -9999 -9999 -9999 -9999 -9999 -9999 -9999 -9999 -9999 -9999 -9999
261.72 261.01 259.37 259.29 260.02 254.88 256.51 259.69 258.08 250.86 234.57 229.93 229.45 236.28 243.39 245.63 249.67 254.22 254.96 254.52 257.12 259.45 257.7 253.82 253.11 249.68 248.78 253.17 250.86 247.09 254.59 251.31 237.73 245.65 245.73 252.87 246.66 262.52 266.1 269.5079 -9999 -9999 -9999 -9999 -9999 -9999 -9999 -9999 -9999 -9999 -9999 -9999 -9999 -9999 -9999 -9999 -9999 -9999 -9999 -9999 -9999 -9999 -9999 -9999 -9999 -9999 -9999 -9999 -9999 -9999 -9999 -9999 -9999
264.33 264.53 264.5 261.98 259.63 260.07 263.12 261.99 255.5 249.75 245.35 236.88 234.75 244.19 248.66 251.9 256.38 254.99 258.56 262.5 263.79 262.53 258.7 254.71 256.2 256.6 252.97 245.59 249.2 252.42 255.55 258.87 251.14 256.81 263 267.88 267.4595 -9999 -9999 -9999 -9999 -9999 -9999 -9999 -9999 -9999 -9999 -9999 -9999 -9999 -9999 -9999 -9999 -9999 -9999 -9999 -9999 -9999 -9999 -9999 -9999 -9999 -9999 -9999 -9999 -9999 -9999 -9999 -9999 -9999 -9999 -9999 -9999
269.54 271.19 269.55 266.31 265.31 265.91 268.83 264.88 258.61 254.78 242.07 235.43 243.08 255.67 258.93 256.65 256.16 260.48 264.67 262.68 264.55 265.44 264.48 264.82 260.94 257.99 258.93 254.01 253.9 250.37 257.63 265.02 266.38 267.54 271.87 272.8718 -9999 -9999 -9999 -9999 -9999 -9999 -9999 -9999 -9999 -9999 -9999 -9999 -9999 -9999 -9999 -9999 -9999 -9999 -9999 -9999 -9999 -9999 -9999 -9999 -9999 -9999 -9999 -9999 -9999 -9999 -9999 -9999 -9999 -9999 -9999 -9999 -9999
278.7 276.15 270.53 268.36 269.58 273.31 262.41 252.02 257.37 239.47 231.46 242.09 242.92 248.71 246.13 242.44 241.71 249.38 256.06 266.05 268.96 267.34 269.42 271.45 266.11 262.23 253.26 254.77 258.19 256.87 259.41 266.51 270.89 272.07 274.5132 -9999 -9999 -9999 -9999 -9999 -9999 -9999 -9999 -9999 -9999 -9999 -9999 -9999 -9999 -9999 -9999 -9999 -9999 -9999 -9999 -9999 -9999 -9999 -9999 -9999 -9999 -9999 -9999 -9999 -9999 -9999 -9999 -9999 -9999 -9999 -9999 -9999 -9999
