layers/wordclim/future/Iberia_wcB2a_10_hadcm3_2020/bio_06.asc
ncols         166
nrows         93
xllcorner     -9.4959440078468
yllcorner     36.000324005443
cellsize      0.083333337679505
NODATA_value  -9999
[rows 0 to 34 of 93, columns 78 to 155 of 166]
-9999 -9999 -9999 -9999 -9999 -9999 -9999 -9999 -9999 -9999 -9999 -9999 -9999 -9999 -9999 -9999 -9999 -9999 -9999 -9999 -9999 -9999 -9999 -9999 -9999 -9999 -9999 -9999 -9999 -9999 -9999 -9999 -9999 -9999 -9999 -9999 -9999 -9999 -9999 -9999 -9999 -9999 -9999 -9999 -9999 -9999 -9999 -9999 -9999 -9999 -9999 -9999 -9999 -9999 -9999 -9999 -9999 -9999 -9999 -9999 -9999 -9999 -9999 -9999 -9999 -9999 -9999 -9999 -9999 -9999 -9999 -9999 -9999 -9999 -9999 -9999 -9999 -9999
-9999 -9999 -9999 -9999 -9999 -9999 -9999 -9999 -9999 -9999 -9999 -9999 -9999 -9999 -9999 -9999 -9999 -9999 -9999 -9999 -9999 -9999 -9999 -9999 -9999 -9999 -9999 -9999 -9999 -9999 -9999 -9999 -9999 -9999 -9999 -9999 -9999 -9999 -9999 -9999 -9999 -9999 -9999 -9999 -9999 -9999 -9999 -9999 -9999 -9999 -9999 -9999 -9999 -9999 -9999 -9999 -9999 -9999 -9999 -9999 -9999 -9999 -9999 -9999 -9999 -9999 -9999 -9999 -9999 -9999 -9999 -9999 -9999 -9999 -9999 -9999 -9999 -9999
-9999 -9999 -9999 -9999 -9999 -9999 -9999 -9999 -9999 -9999 -9999 -9999 -9999 -9999 -9999 -9999 -9999 -9999 -9999 -9999 -9999 -9999 -9999 -9999 -9999 -9999 -9999 -9999 -9999 -9999 -9999 -9999 -9999 -9999 -9999 -9999 -9999 -9999 -9999 -9999 -9999 -9999 -9999 -9999 -9999 -9999 -9999 -9999 -9999 -9999 -9999 -9999 -9999 -9999 -9999 -9999 -9999 -9999 -9999 -9999 -9999 -9999 -9999 -9999 -9999 -9999 -9999 -9999 -9999 -9999 -9999 -9999 -9999 -9999 -9999 -9999 -9999 -9999
-9999 -9999 -9999 -9999 -9999 -9999 -9999 -9999 -9999 -9999 -9999 -9999 -9999 -9999 -9999 -9999 -9999 -9999 -9999 -9999 -9999 -9999 -9999 -9999 -9999 -9999 -9999 -9999 -9999 -9999 -9999 -9999 -9999 -9999 -9999 -9999 -9999 -9999 -9999 -9999 -9999 -9999 -9999 -9999 -9999 -9999 -9999 -9999 -9999 -9999 -9999 -9999 -9999 -9999 -9999 -9999 -9999 -9999 -9999 -9999 -9999 -9999 -9999 -9999 -9999 -9999 -9999 -9999 -9999 -9999 -9999 -9999 -9999 -9999 -9999 -9999 -9999 -9999
63.89655 63.23 58.26 61.2093 60.52564 61.83636 -9999 -9999 -9999 -9999 -9999 -9999 -9999 -9999 -9999 -9999 -9999 -9999 -9999 -9999 -9999 -9999 -9999 -9999 -9999 -9999 -9999 -9999 -9999 -9999 -9999 -9999 -9999 -9999 -9999 -9999 -9999 -9999 -9999 -9999 -9999 -9999 -9999 -9999 -9999 -9999 -9999 -9999 -9999 -9999 -9999 -9999 -9999 -9999 -9999 -9999 -9999 -9999 -9999 -9999 -9999 -9999 -9999 -9999 -9999 -9999 -9999 -9999 -9999 -9999 -9999 -9999 -9999 -9999 -9999 -9999 -9999 -9999
63.70707 60.52 61.41 60.14 58.01 53.79 58.34343 57.42466 62.2 62.7541 63.55738 61.65476 59.9375 53.18 39.52 41.78378 -9999 -9999 -9999 -9999 -9999 -9999 -9999 -9999 -9999 -9999 -9999 -9999 -9999 -9999 -9999 -9999 -9999 -9999 -9999 -9999 -9999 -9999 -9999 -9999 -9999 -9999 -9999 -9999 -9999 -9999 -9999 -9999 -9999 -9999 -9999 -9999 -9999 -9999 -9999 -9999 -9999 -9999 -9999 -9999 -9999 -9999 -9999 -9999 -9999 -9999 -9999 -9999 -9999 -9999 -9999 -9999 -9999 -9999 -9999 -9999 -9999 -9999
45.5 56.59 57.8 54.25 45.67 46.02 48.26 46.73 47.92 46.76 47.28 54.67 42.41 41.39 23.08 35.17 27.87 17.53 14.77 -9999 -9999 -9999 -9999 -9999 -9999 -9999 -9999 -9999 -9999 -9999 -9999 -9999 -9999 -9999 -9999 -9999 -9999 -9999 -9999 -9999 -9999 -9999 -9999 -9999 -9999 -9999 -9999 -9999 -9999 -9999 -9999 -9999 -9999 -9999 -9999 -9999 -9999 -9999 -9999 -9999 -9999 -9999 -9999 -9999 -9999 -9999 -9999 -9999 -9999 -9999 -9999 -9999 -9999 -9999 -9999 -9999 -9999 -9999
47.06 47.35 48.05 36.13 42.42 44.69 44.37 39.85 38.45 37.55 40.68 42.46 26.38 17.84 15.25 27.06 26.55 21.47 9.397261 -9999 -9999 -9999 -9999 -9999 -9999 -9999 -9999 -9999 -9999 -9999 -9999 -9999 -9999 -9999 -9999 -9999 -9999 -9999 -9999 -9999 -9999 -9999 -9999 -9999 -9999 -9999 -9999 -9999 -9999 -9999 -9999 -9999 -9999 -9999 -9999 -9999 -9999 -9999 -9999 -9999 -9999 -9999 -9999 -9999 -9999 -9999 -9999 -9999 -9999 -9999 -9999 -9999 -9999 -9999 -9999 -9999 -9999 -9999
40.77 24.49 7.73 25.07 24.13 37.89 41.1 30.48 38.69 43.7 38.12 22.36 22.83 7.37 7.32 6.48 1.71 -7.35 -9.35 -9999 -14.84524 -17.58928 -9999 -9999 -9999 -9999 -9999 -9999 -9999 -9999 -9999 -9999 -9999 -9999 -9999 -9999 -9999 -9999 -9999 -9999 -9999 -9999 -9999 -9999 -9999 -9999 -9999 -9999 -9999 -9999 -9999 -9999 -9999 -9999 -9999 -9999 -9999 -9999 -9999 -9999 -9999 -9999 -9999 -9999 -9999 -9999 -9999 -9999 -9999 -9999 -9999 -9999 -9999 -9999 -9999 -9999 -9999 -9999
21.89 24.98 18.31 25.91 26.23 18.91 15.6 3.89 16.37 22.95 14.89 3.08 5.24 10.26 10.68 8.92 7.26 -0.62 -4.24 -9.99 -12.98 -15.19 -19.36 -25.88172 -29.29508 -33.42 -46.03448 -9999 -9999 -9999 -9999 -9999 -9999 -9999 -9999 -9999 -9999 -9999 -9999 -9999 -9999 -9999 -9999 -9999 -9999 -9999 -9999 -9999 -9999 -9999 -9999 -9999 -9999 -9999 -9999 -9999 -9999 -9999 -9999 -9999 -9999 -9999 -9999 -9999 -9999 -9999 -9999 -9999 -9999 -9999 -9999 -9999 -9999 -9999 -9999 -9999 -9999 -9999
11.79 14.38 23.73 28.22 27.48 25.18 22.06 20.09 9.17 10.35 10.05 8.34 -3.29 8.25 16.55 12.39 7.28 3.53 -2.18 -4.45 -9.06 -18.86 -12.81 -21 -22.8 -29.32 -44.96 -49.72368 -9999 -9999 -9999 -9999 -9999 -9999 -9999 -9999 -9999 -9999 -9999 -9999 -9999 -9999 -9999 -9999 -9999 -9999 -9999 -9999 -9999 -9999 -9999 -9999 -9999 -9999 -9999 -9999 -9999 -9999 -9999 -9999 -9999 -9999 -9999 -9999 -9999 -9999 -9999 -9999 -9999 -9999 -9999 -9999 -9999 -9999 -9999 -9999 -9999 -9999
16.68 22.95 23.3 17.41 15.25 10.2 10.25 3.26 0.11 3.24 4.34 -5.44 -0.83 2.99 14.33 14.8 12.16 5.35 4.48 4.21 -3.1 -6.39 -8.34 -11.84 -13.38 -24.95 -34.23 -41.69 -56.83871 -53.85075 -61.55128 -55.31818 -70.50505 -77.43284 -9999 -9999 -9999 -9999 -9999 -9999 -9999 -9999 -9999 -9999 -29.59 -44.08 -60.32051 -63.94545 -9999 -9999 -9999 -9999 -9999 -9999 -9999 -9999 -9999 -9999 -9999 -9999 -9999 -9999 -9999 -9999 -9999 -9999 -9999 -9999 -9999 -9999 -9999 -9999 -9999 -9999 -9999 -9999 -9999 -9999
27.85 26.39 19.8 18.08 14.86 6.05 9.35 9.59 7.82 6.4 8.53 13.64 16.75 11.69 12.51 5.49 4.12 -1.1 -1.57 2.72 6.05 -1.32 -6.64 -11.25 -9.48 -15.29 -17.75 -20.81 -33.79 -41.27 -64.84 -55.19 -42.68 -68.14 -58.44565 -9999 -9999 -9999 -57.75 -9999 -71.81481 -9999 -9999 -9999 -41.90816 -34.73 -45.23 -53.62 -58.79 -47.67073 -58.63492 -57.21212 -9999 -9999 -9999 -9999 -9999 -9999 -9999 -9999 -9999 -9999 -9999 -9999 -9999 -9999 -9999 -9999 -9999 -9999 -9999 -9999 -9999 -9999 -9999 -9999 -9999 -9999
19.91 23.18 14.1 4.88 2.09 6.18 6.64 6.13 7.56 15.07 14.09 12.05 16.39 18.97 16.78 7.24 3.66 -5.07 -4.57 0.52 5.58 -0.86 -6.25 -2.57 -2.48 -1.4 -10.37 -16.39 -18.88 -22.35 -33.12 -36.68 -30 -43.87 -37.02 -52.83 -59.73 -47.91 -38.13 -57.8 -57.9 -70.4 -47.65 -78.4 -69.83 -61.96 -63.68 -64.57 -52.85 -28.36 -42.89 -43.12 -62.37114 -9999 -9999 -9999 -9999 -9999 -9999 -9999 -9999 -9999 -9999 -9999 -9999 -9999 -9999 -9999 -9999 -9999 -9999 -9999 -9999 -9999 -9999 -9999 -9999 -9999
22.08 22.52 23.63 21.42 19.1 18.38 15.9 14.3 15.62 18.46 18.19 19.36 19.27 21.29 19.5 12.52 7.62 0.56 4.71 9.58 7.35 5.97 -2.24 -6 -12.81 -6.69 -4.08 -12.57 -13.06 -19.04 -17.09 -15.96 -27.43 -36.38 -29.56 -33.2 -29.31 -17.9 -25.69 -52.4 -47.38 -34.48 -49.72 -55.78 -46.36 -49.51 -56.23 -68.02 -63.99 -30.99 -20.1 -30.85 -49.51 -9999 -9999 -9999 -9999 -9999 -9999 -9999 -9999 -9999 -9999 -9999 -9999 -9999 -9999 -9999 -9999 -9999 -9999 -9999 -9999 -9999 -9999 -9999 -9999 -9999
15.44 14.86 17.2 20.1 17.53 20.02 21.34 20.48 21.46 21.52 18.94 19.84 20.03 17.41 19.14 14.8 15.28 7.98 6.31 7.65 -0.73 -4.35 -7.29 -8.02 -14.69 -15.56 -8.39 -10.89 -10.33 -14.74 -12.35 -12.47 -22.49 -28.18 -29.98 -17.51 -16.87 -7.49 -20.51 -28.85 -28.27 -28.44 -37.25 -29.78 -22.38 -34.37 -55.63 -50.82 -47.85 -23.41 -28.25 -37.27 -38.12 -9999 -9999 -57.30159 -54.49474 -43.41573 -16.74074 -8.147058 -9999 -9999 -9999 -9999 -9999 -9999 -9999 -9999 -9999 -9999 32.10714 26.33824 31.26415 -9999 -9999 -9999 -9999 -9999
0.97 4.25 14.63 11.99 1.8 9.15 11.83 13.73 13.09 16.18 18.13 21.26 20.4 17.25 20.07 18.98 17.7 16.08 13.82 12.9 7.75 -0.64 -3.63 -7.53 -11.48 -12.78 -7.72 -5.68 -12.96 -13.54 -14.27 -18.91 -19.4 -22.55 -25.42 -24.93 -14.36 -5.28 -4.4 -8.69 -15.56 -20.84 -27.68 -30.6 -21.05 -21.29 -23.25 -19.01 -23.05 -16.22 -37.03 -25.81 -9.58 -3.98 -14.4 -17.41 -12.74 -8.24 -8.71 -19.90411 -9999 -42.975 -42.2 -24.44 -12.05882 -9999 -9999 -9999 21.18085 34.74 43.71 45.94 46.43 45.1236 -9999 -9999 -9999 -9999
-20.95 -10.57 2.95 -7.15 -13.31 -5.78 -7.24 -9.94 -2.54 -5.36 7.81 16.89 20.26 20.19 19.9 20 16.22 13.76 13.86 13.08 10.56 6.41 3.12 0.3 -1.41 -4.48 0.59 0.31 -5.13 -14.04 -21.03 -22.27 -23.58 -30.85 -24.76 -21.07 -15.49 -4.92 -1.38 -11.4 -7.16 -16.75 -10.23 -18.51 -10.19 -15.66 -22.02 -7.59 -5.52 -24.61 -28.13 -17.38 1.38 -9.7 -24.83 -32.6 -31.87 -19.42 -20.92 -22.19 -15.66 -6.55 -10.43 -7.89 6.96 17 20.21 19.93 26.51 37.94 44.69 50.58 52.74 51.49438 46.77419 -9999 -9999 -9999
-32.96 -18.91 -14.35 -18.42 -8.84 -15.78 -10.4 -18.72 -8.26 -5.62 2.06 8.82 10.5 18.63 21.79 21.43 17.87 18.34 18.29 14.38 13.28 11.79 11.7 7.8 4.47 2.26 5.01 6.14 5.36 4.59 1.4 -1.66 -6.32 -4.74 -4.6 -9.6 -7.81 -7.79 0 -6.24 -0.06 -3.89 -8.47 -10.62 -3.45 -11.79 -3.43 3.37 -10.68 -25.96 -14.78 -0.61 -2.36 -18.18 -26.43 -26.04 -19.33 -13.5 2.9 -3.77 1.23 7.61 13.01 8.52 13.6 29.74 31.35 36.77 39.53 43.69 48.02 51.55 55.01052 -9999 -9999 -9999 -9999 -9999
-15.48 -19.14 -29.18 -24.26 -20.21 -25.68 -29.54 -23.61 -16.56 -16.16 -9.15 -2.84 -0.94 13.2 18.67 18.9 21.22 19.22 15 12.69 16.52 16.98 16.75 14.61 11.61 9.75 10.97 10.29 8.13 6.51 7.34 6.93 3.31 3.72 4.16 1.76 2.73 1.82 5.1 -0.52 -0.11 -6.22 -5.51 -7.14 -0.67 -6.32 6.05 5.9 4.49 -8.07 -9.24 2.85 -4.08 -10.69 -13.13 -0.82 -3.85 -12.06 13.38 11.29 12.96 12.67 19.52 9.34 9.03 27.72 25.74 33.68 39.16 45.36 48.35 52.06 55.09 58.0597 -9999 -9999 -9999 -9999
-33.27 -39.96 -36.62 -37.61 -37.23 -36.19 -29.31 -22.12 -23.94 -18.71 -13.47 -1.96 5.67 9.12 12.69 18.67 21.25 21.84 18.49 11.68 11.8 19.51 15.27 8.94 7.34 9.43 14.48 11.99 12.41 9.7 11.05 10.48 6.5 6.43 7.31 6.19 7.11 8.57 9.26 -3.1 -5.23 -5.36 -0.11 -2.16 -7.55 -9.24 3.16 -8.12 -3.11 0.75 7.68 15.53 12.13 9.83 10.42 9.66 8.38 16.41 26.38 22.44 22.22 19.37 24.27 29.71 20.57 15.09 29.75 37.17 37.29 46.3 50.7 53.49 57.69 59.11224 -9999 -9999 -9999 -9999
-21.11 -30.92 -27.14 -34.2 -27.16 -27.01 -21.96 -26.06 -27.58 -22.05 -14.98 -5.38 -0.99 1.73 3 13.72 15.67 19.83 23.94 22.56 21.95 21.41 15.54 8.71 2.09 7.89 17.16 15.18 10.65 11.07 14.01 14.54 11.04 9.72 10.55 8.12 11.07 11.87 11.36 6.55 3.05 -0.88 0.22 2.65 -1.6 3.34 5.71 -0.11 11.39 16.16 16.99 16.73 14.02 9.5 16.19 23.82 24.55 24.38 31.34 28.23 29.69 25.09 28.89 34.62 30.5 27.83 30.37 41.3 45.65 49.4 46.19 50.63 57.26 59.79 59.66667 -9999 -9999 -9999
-16.95 -17.36 -15.49 -15.16 -15.02 -16.86 -13.98 -14.84 -19.99 -21.96 -17.35 -13.46 -13.18 -6.86 0.31 5.22 4.59 10.91 20.15 22.39 25.24 23.57 13.63 8.85 8.67 12.66 19.38 16.25 11 7.21 12.77 14.72 16.44 15.46 13.56 8.46 12.72 15.91 13.03 11.21 9.11 7.85 7.74 6.13 6.11 8.91 14.4 14.52 19.27 18.3 22.16 22.81 18.92 16.45 15.63 24.27 32.38 32.12 38.08 36.64 31.9 20.85 28.85 30.5 26.04 21.29 29.25 40.69 48.98 50.37 50.99 48.58 53.56 58.80822 -9999 -9999 -9999 -9999
-14.54 -15.53 -15.99 -16.68 -17.33 -12.83 -12.19 -14.08 -16.85 -18.55 -17.36 -17.68 -18.3 -34.44 -26.3 -3.73 2.94 9.13 13.94 18.44 22.53 25.81 25.6 21.03 16.07 20.22 22.31 17.17 12.87 6.15 8.47 13.34 15.99 17.94 15.8 14.79 17.32 17.88 13.83 15.44 15.84 14.79 11.93 13.71 15.06 19.13 20.24 21.39 22.53 23.93 23 23.05 23.95 24.02 20.2 21.35 30.58 41.38 43.9 42.01 32.99 25.98 27.88 24.53 16.01 19.73 42.68 48.44 53.17 52.54 50.52 53.125 -9999 -9999 -9999 -9999 -9999 -9999
-10.5 -9.48 -12.39 -16.05 -14.09 -13.6 -12.52 -11.3 -12.67 -14.72 -14.6 -17.73 -23.58 -27.46 -31.06 -21.7 -8.49 -1.9 8.59 15.02 18.87 23.55 26.05 28.37 26.53 25.33 25.36 17.07 12.49 8.53 5.73 6.84 11.45 17.13 18.82 18.91 20.23 20.68 17.55 18.89 18.65 13.71 12.04 16.26 19.59 22.59 23.7 25.77 26.59 26.87 25.85 23.97 20.48 20.34 23.47 26.91 34.5 45.9 48.04 37.33 33.16 32.11 38.04 39.58 39.09 47.84 52.2 52.07 57.40816 56 55.58929 -9999 -9999 -9999 -9999 -9999 -9999 -9999
-6.21 -7.38 -8.65 -8.79 -9.89 -12.81 -12.45 -9.91 -10.85 -13.57 -14.46 -17.17 -19.03 -20.48 -16.15 -11.49 -2.1 -0.69 4.39 15.24 20.3 17.17 15.19 21.23 25.8 26.82 28.53 25.02 20.43 20.18 17.44 10.99 7.75 11.03 12.87 10.54 15.62 19.16 21.3 21.72 18.41 16.95 18.08 19.91 21.35 23.65 24.46 26.2 27.65 27.22 23.96 22.06 21.13 24.47 32.38 35.5 36.03 36.81 50.08 36.92 41.46 49.66 56.64 57.2 54.79 49.82 51.73737 53.67105 -9999 -9999 -9999 -9999 -9999 -9999 -9999 -9999 -9999 -9999
-4.79 -4.9 -4.73 -7.79 -8.89 -10.75 -9.9 -12.99 -15.15 -13.93 -13.06 -16.6 -14.76 -14.66 -12.52 -12.55 0.06 6.31 8.56 16.95 19.39 14.92 8.23 15.17 16.67 16.98 22.47 25.86 28.39 26.39 23.3 20.1 17.16 14.47 17.55 17.54 16.75 18.73 17.88 21.95 22.42 23.72 23.83 21.95 22.07 23.15 25.09 25.46 24.39 22 18.61 17.11 20.6 24.83 35.08 42.04 43.43 47.61 56.13 55.15 56.92 61.77 64.19 59.13 58.1383 -9999 -9999 -9999 -9999 -9999 -9999 -9999 -9999 -9999 -9999 -9999 -9999 -9999
-5.2 -5.36 -6.88 -7.77 -6.35 -7.02 -9.8 -14.32 -15 -8.8 -10.08 -11.06 -11.47 -8.3 -3.87 -6.33 -8.02 7.41 8.86 14.33 15.82 11.54 11.48 11.84 6.97 9.04 14.51 20.34 25.16 29.65 28.38 23.39 19.27 18.75 19.64 19.79 21.84 22.56 21.37 19.25 28.54 26.19 23.36 21.83 19.63 19.52 20.38 22.15 20.67 23 26.75 23.77 25.25 23.74 29.31 39.91 51.97 57.17 58.8 62.93 63.94 63.02 66.2234 -9999 -9999 -9999 -9999 -9999 -9999 -9999 -9999 -9999 -9999 -9999 -9999 -9999 -9999 -9999
-15.28 -11.21 -9.81 -13.18 -12.44 -11.8 -10.92 -12.11 -9.4 -4.43 -5.89 -8.06 -7.19 -7.6 0.8 -0.17 5.13 -5.35 -6.98 -6.11 4.16 8.1 5.36 6.98 1.52 8.85 17.28 21.39 26.28 28.06 29.77 27.02 22.12 21.2 21.31 21.22 23.07 27.76 23.89 26.19 25.1 22.28 20.82 18.25 16.45 15.99 15.88 14.67 19.24 25.8 34.97 35.71 37.39 29.89 38.45 52 56.68 55.65 49.58 60.13 68.11 68.55319 -9999 -9999 -9999 -9999 -9999 -9999 -9999 -9999 -9999 -9999 -9999 -9999 -9999 -9999 -9999 -9999
-16.58 -14.35 -13.86 -13.44 -14.9 -14.51 -15.08 -12.23 -5.82 -3.43 -1.97 -1.56 -0.6 -2.24 -0.65 1.29 2.19 -4.63 -11.75 -12.14 -8.17 -1.1 -1.55 -0.6 0.35 6 13.26 18.32 22.25 25.53 28.03 30.97 31.25 31.65 31.44 32.53 32.85 30.15 25.19 24.93 26.88 26.43 29.48 27.53 22.24 14.05 12.97 10.63 8.73 25.12 46.65 49.33 49.17 48.3 56.16 60.42 59.29 62.55 55.86735 62.60494 71.67647 -9999 -9999 -9999 -9999 -9999 -9999 -9999 -9999 -9999 -9999 -9999 -9999 -9999 -9999 -9999 -9999 -9999
-10.82 -12.07 -9.73 -8.77 -16.26 -15.86 -16.15 -12.47 -8.23 -6.41 -8.21 -11 -10.33 -7.38 -4.54 -10.06 -8.76 -5.89 -11.49 -12.87 -12.46 -12.65 -10.03 -5.84 -0.57 4.73 8.18 12.95 19.81 24.65 27.82 28.99 28.99 30.5 32.22 32.41 31.32 27.99 31.04 31.23 30.97 28.6 37.59 34.87 28.93 32.05 27.25 25.09 35.92 45.06 57.72 58.11 59.26 59.7347 65.58228 64.89394 -9999 -9999 -9999 -9999 -9999 -9999 -9999 -9999 -9999 -9999 -9999 -9999 -9999 -9999 -9999 -9999 -9999 -9999 -9999 -9999 -9999 -9999
-11.35 -10.07 -7.1 -7.4 -14.22 -16.54 -16.09 -18.16 -20.29 -22.19 -22.32 -19.49 -16.93 -16.25 -14.59 -17.38 -18.48 -15.86 -8.98 -12.79 -14.19 -17.11 -16.69 -10.13 -4.53 0.6 1.16 -0.19 10.19 19.92 21.02 23.58 25.65 26.84 24.55 29.91 29.24 27.6 30.86 27.45 25.92 23.02 33.6 41.3 42.78 36.11 27.95 44.65 54.47 60.13 64.33334 -9999 -9999 -9999 -9999 -9999 -9999 -9999 -9999 -9999 -9999 -9999 -9999 -9999 -9999 -9999 -9999 -9999 -9999 -9999 -9999 -9999 -9999 -9999 -9999 -9999 -9999 -9999
-2.79 -4.11 -4.63 -9.33 -12.6 -16.24 -18.28 -19.1 -22.76 -25.96 -25.16 -21.76 -25.79 -23.91 -21.38 -19.34 -19.34 -20.48 -21.27 -11.7 -17.39 -21.28 -26.04 -19.26 -9.43 -3.4 -0.04 3.18 8.93 12.7 12.31 17.19 21.41 25.65 26.58 24.33 22.42 25.41 27.03 25.73 27.42 29.07 37.75 47.58 37.94 30.92 39.32 55.57747 -9999 -9999 -9999 -9999 -9999 -9999 -9999 -9999 -9999 -9999 -9999 -9999 -9999 -9999 -9999 -9999 -9999 -9999 -9999 -9999 -9999 -9999 -9999 -9999 -9999 -9999 -9999 -9999 -9999 -9999
2.9 -0.23 -3.52 -9.03 -13.39 -15.18 -15.85 -18.02 -19.43 -22.85 -24.99 -26.19 -25.44 -22.78 -20.58 -20.64 -20.94 -17.44 -19.35 -19.64 -14.76 -19.99 -25.83 -25.65 -17.88 -10.8 -3.22 5.85 7.15 7.28 6.06 11.83 18 24.51 23.98 18.58 19.88 24.09 22.62 25.64 24.49 40.46 39.21 38.37 41.96 42.12 46.86 -9999 -9999 -9999 -9999 -9999 -9999 -9999 -9999 -9999 -9999 -9999 -9999 -9999 -9999 -9999 -9999 -9999 -9999 -9999 -9999 -9999 -9999 -9999 -9999 -9999 -9999 -9999 -9999 -9999 -9999 -9999
0.05 -5.45 -8.08 -8.08 -10.11 -13.06 -16.1 -18.55 -14.73 -19.61 -20.97 -25.93 -21.33 -23.14 -24.7 -23.98 -23.82 -20.78 -20.5 -17.21 -15.15 -19.06 -19.9 -21.75 -14.75 -12.73 -7.55 -2.03 0.94 0.04 4.51 7.91 14.03 21.01 14.08 11.69 16.85 21.23 19.3 15.49 20.68 45.36 46.54 34.29 49.0202 -9999 -9999 -9999 -9999 -9999 -9999 -9999 -9999 -9999 -9999 -9999 -9999 -9999 -9999 -9999 -9999 -9999 -9999 -9999 -9999 -9999 -9999 -9999 -9999 -9999 -9999 -9999 -9999 -9999 -9999 -9999 -9999 -9999
