layers/wordclim/future/Iberia_wcB2a_10_hadcm3_2020/bio_10.asc
ncols         166
nrows         93
xllcorner     -9.4959440078468
yllcorner     36.000324005443
cellsize      0.083333337679505
NODATA_value  -9999
[rows 0 to 32 of 93, columns 73 to 145 of 166]
-9999 -9999 -9999 -9999 -9999 -9999 -9999 -9999 -9999 -9999 -9999 -9999 -9999 -9999 -9999 -9999 -9999 -9999 -9999 -9999 -9999 -9999 -9999 -9999 -9999 -9999 -9999 -9999 -9999 -9999 -9999 -9999 -9999 -9999 -9999 -9999 -9999 -9999 -9999 -9999 -9999 -9999 -9999 -9999 -9999 -9999 -9999 -9999 -9999 -9999 -9999 -9999 -9999 -9999 -9999 -9999 -9999 -9999 -9999 -9999 -9999 -9999 -9999 -9999 -9999 -9999 -9999 -9999 -9999 -9999 -9999 -9999 -9999
-9999 -9999 -9999 -9999 -9999 -9999 -9999 -9999 -9999 -9999 -9999 -9999 -9999 -9999 -9999 -9999 -9999 -9999 -9999 -9999 -9999 -9999 -9999 -9999 -9999 -9999 -9999 -9999 -9999 -9999 -9999 -9999 -9999 -9999 -9999 -9999 -9999 -9999 -9999 -9999 -9999 -9999 -9999 -9999 -9999 -9999 -9999 -9999 -9999 -9999 -9999 -9999 -9999 -9999 -9999 -9999 -9999 -9999 -9999 -9999 -9999 -9999 -9999 -9999 -9999 -9999 -9999 -9999 -9999 -9999 -9999 -9999 -9999
-9999 -9999 -9999 -9999 -9999 -9999 -9999 -9999 -9999 -9999 -9999 -9999 -9999 -9999 -9999 -9999 -9999 -9999 -9999 -9999 -9999 -9999 -9999 -9999 -9999 -9999 -9999 -9999 -9999 -9999 -9999 -9999 -9999 -9999 -9999 -9999 -9999 -9999 -9999 -9999 -9999 -9999 -9999 -9999 -9999 -9999 -9999 -9999 -9999 -9999 -9999 -9999 -9999 -9999 -9999 -9999 -9999 -9999 -9999 -9999 -9999 -9999 -9999 -9999 -9999 -9999 -9999 -9999 -9999 -9999 -9999 -9999 -9999
-9999 -9999 -9999 -9999 -9999 -9999 -9999 -9999 -9999 -9999 -9999 -9999 -9999 -9999 -9999 -9999 -9999 -9999 -9999 -9999 -9999 -9999 -9999 -9999 -9999 -9999 -9999 -9999 -9999 -9999 -9999 -9999 -9999 -9999 -9999 -9999 -9999 -9999 -9999 -9999 -9999 -9999 -9999 -9999 -9999 -9999 -9999 -9999 -9999 -9999 -9999 -9999 -9999 -9999 -9999 -9999 -9999 -9999 -9999 -9999 -9999 -9999 -9999 -9999 -9999 -9999 -9999 -9999 -9999 -9999 -9999 -9999 -9999
192.97 192.7865 197.0926 -9999 -9999 198.4942 197.71 194.32 196.8256 196.859 198.7818 -9999 -9999 -9999 -9999 -9999 -9999 -9999 -9999 -9999 -9999 -9999 -9999 -9999 -9999 -9999 -9999 -9999 -9999 -9999 -9999 -9999 -9999 -9999 -9999 -9999 -9999 -9999 -9999 -9999 -9999 -9999 -9999 -9999 -9999 -9999 -9999 -9999 -9999 -9999 -9999 -9999 -9999 -9999 -9999 -9999 -9999 -9999 -9999 -9999 -9999 -9999 -9999 -9999 -9999 -9999 -9999 -9999 -9999 -9999 -9999 -9999 -9999
187.84 187.32 187.23 193.98 194.0714 201.4141 198.85 199.5 199.18 198.12 195.65 199.2323 199.0822 203.7167 204.0984 206.1475 205.5714 207.3229 204.32 196.54 202.2568 -9999 -9999 -9999 -9999 -9999 -9999 -9999 -9999 -9999 -9999 -9999 -9999 -9999 -9999 -9999 -9999 -9999 -9999 -9999 -9999 -9999 -9999 -9999 -9999 -9999 -9999 -9999 -9999 -9999 -9999 -9999 -9999 -9999 -9999 -9999 -9999 -9999 -9999 -9999 -9999 -9999 -9999 -9999 -9999 -9999 -9999 -9999 -9999 -9999 -9999 -9999 -9999
187.65 185.93 190.83 194.7 194.13 191.87 199.72 200.8 198.91 193.3 194.08 195.96 195.35 196.99 195.53 196.53 203.51 196.89 198.65 188.75 200.43 196.79 190.92 190.32 -9999 -9999 -9999 -9999 -9999 -9999 -9999 -9999 -9999 -9999 -9999 -9999 -9999 -9999 -9999 -9999 -9999 -9999 -9999 -9999 -9999 -9999 -9999 -9999 -9999 -9999 -9999 -9999 -9999 -9999 -9999 -9999 -9999 -9999 -9999 -9999 -9999 -9999 -9999 -9999 -9999 -9999 -9999 -9999 -9999 -9999 -9999 -9999 -9999
179.32 191.88 191.61 195.9 195.02 196.17 196.79 197.85 190.03 194.76 196.73 197 194.33 193.85 193.84 196.99 199.82 190.67 186.45 186.83 198.36 200.59 198.63 189.0411 -9999 -9999 -9999 -9999 -9999 -9999 -9999 -9999 -9999 -9999 -9999 -9999 -9999 -9999 -9999 -9999 -9999 -9999 -9999 -9999 -9999 -9999 -9999 -9999 -9999 -9999 -9999 -9999 -9999 -9999 -9999 -9999 -9999 -9999 -9999 -9999 -9999 -9999 -9999 -9999 -9999 -9999 -9999 -9999 -9999 -9999 -9999 -9999 -9999
179.14 181.79 178.86 181.42 195.34 195.96 185.33 172.96 186.56 186.91 196.99 199.73 193.08 199.24 203.4 200.32 190.28 193.42 183.13 185.35 186.33 182.9 174.62 173.7 -9999 169.619 167.5893 -9999 -9999 -9999 -9999 -9999 -9999 -9999 -9999 -9999 -9999 -9999 -9999 -9999 -9999 -9999 -9999 -9999 -9999 -9999 -9999 -9999 -9999 -9999 -9999 -9999 -9999 -9999 -9999 -9999 -9999 -9999 -9999 -9999 -9999 -9999 -9999 -9999 -9999 -9999 -9999 -9999 -9999 -9999 -9999 -9999 -9999
182.55 182.35 181.63 181.03 184.05 186.9 189.98 185.78 191.88 193.08 188.28 186.08 177.56 188.05 194.77 189.76 180.54 184.3 190.87 193.42 194.09 194.34 186.66 183.53 177.54 174.76 172.62 168.2 161.3548 157.7541 153.08 137.7759 -9999 -9999 -9999 -9999 -9999 -9999 -9999 -9999 -9999 -9999 -9999 -9999 -9999 -9999 -9999 -9999 -9999 -9999 -9999 -9999 -9999 -9999 -9999 -9999 -9999 -9999 -9999 -9999 -9999 -9999 -9999 -9999 -9999 -9999 -9999 -9999 -9999 -9999 -9999 -9999 -9999
185.43 182.67 180.84 185.83 184.83 183.65 186.29 194.11 198.39 199.02 198.04 196.76 196.23 187.59 189.66 189.29 188.82 179.68 193.08 203.85 202.34 198.61 195.16 188.78 186.29 181.31 169.91 177.42 168.09 165.9 158.16 139.14 133.4342 -9999 -9999 -9999 -9999 -9999 -9999 -9999 -9999 -9999 -9999 -9999 -9999 -9999 -9999 -9999 -9999 -9999 -9999 -9999 -9999 -9999 -9999 -9999 -9999 -9999 -9999 -9999 -9999 -9999 -9999 -9999 -9999 -9999 -9999 -9999 -9999 -9999 -9999 -9999 -9999
191.75 193.08 191.38 184.28 196.96 191.91 197.42 197.72 194.17 193.19 189.51 190.96 184.94 183.33 187.87 189.67 181.05 186.98 192.62 206.72 210.65 210.58 202.41 201.69 201.15 191.95 187.85 185.22 181.45 179.71 165.82 154.27 144.95 126.0215 129.9851 119.7564 127.875 109.4646 99.92538 -9999 -9999 -9999 -9999 -9999 -9999 -9999 -9999 -9999 -9999 163.33 142.93 120.6667 115.9273 -9999 -9999 -9999 -9999 -9999 -9999 -9999 -9999 -9999 -9999 -9999 -9999 -9999 -9999 -9999 -9999 -9999 -9999 -9999 -9999
186.13 187.81 183.08 187.19 202.23 203.92 203.68 199.87 199.68 198.22 191.34 195.47 196.82 195.92 195.59 198.52 205.44 210.01 206.91 209.58 204.38 204.33 198.01 197.14 202.78 206.96 196.9 189.98 184.38 186.35 179.12 176.29 172.41 156.52 147.14 117.24 129.34 145.35 112.26 124.6522 -9999 -9999 -9999 125.4722 -9999 107.9259 -9999 -9999 -9999 146.9286 156.67 141.73 129.75 122.66 137.4024 122.8889 124.197 -9999 -9999 -9999 -9999 -9999 -9999 -9999 -9999 -9999 -9999 -9999 -9999 -9999 -9999 -9999 -9999
196.54 195.6 194.86 193.14 197.87 201.96 205.55 199.13 192 190.26 195.91 197.6 198.1 201.08 209.47 210.18 209.12 214.37 217.95 217.97 210.38 207.19 195.52 196.23 202.65 208.6 200.11 193.06 197.53 196.81 197.25 186.44 179.05 175.89 171.83 158.72 153.93 162.59 144.76 153.76 133.07 123.81 139.84 153.13 126.25 126.6 111.4 139.84 100.33 110.21 120.36 117.86 116.48 131.55 164.48 143.83 143.15 117.701 -9999 -9999 -9999 -9999 -9999 -9999 -9999 -9999 -9999 -9999 -9999 -9999 -9999 -9999 -9999
190.1 193.44 194.45 196.48 203.98 208.1 209.56 211.8 211.72 211.34 212.98 212.29 212.19 214.75 217.61 217.82 219.67 220.03 222.85 222.81 217.48 213.28 204.61 209.74 215.49 213.63 211.18 200.24 195.01 186.42 193.02 195.59 185.45 184.37 177.13 179.54 180.69 166.58 155.85 164.84 160.22 165.83 181.56 171.22 134.86 141.11 159.4 137.8 129.21 142.01 137.52 128.49 112.51 117.48 161.1 175.64 159.6 134.38 -9999 -9999 -9999 -9999 -9999 -9999 -9999 -9999 -9999 -9999 -9999 -9999 -9999 -9999 -9999
191.25 191.26 195.92 199.57 202.42 206.77 207.5 210.93 214.92 214.4 217.72 221.21 222.57 224.13 224.17 222.51 223.54 224.64 223.43 225.65 222.65 223.63 216.08 213.85 215.23 204.76 199.48 194.96 193.58 185.23 183.27 191.07 188.66 188.69 183.56 185.91 186.43 174.56 167.62 165.57 181.91 183.41 196.99 179.73 168.22 169.4 168.95 155.79 166.55 177.04 159.27 129.16 135.56 138.69 172.05 164.57 151.19 149.37 -9999 -9999 123.4127 125.8211 139.1798 171.8889 182.4706 -9999 -9999 -9999 -9999 -9999 -9999 -9999 -9999
184.15 187 191.94 187.6 188.13 196.57 201.09 211.76 210.56 201.47 211.01 215.54 218.99 219.63 223.24 225.43 228.11 228.12 226.06 228.82 228.22 228.02 226.48 224.18 223.09 217.26 206.18 201.63 195.79 190.26 188.03 193.36 195.31 186.06 185.12 183.9 179.69 179.38 175.61 172.35 173.61 188.04 201.36 203.63 198.35 188.86 181.53 171.2 166.21 179.96 178.92 175.38 180.86 174.2 183.28 152.56 166.88 189.05 196.19 179.92 174.39 179.28 183.8 182.22 166.5479 -9999 136.2375 136.57 156.83 171.6941 -9999 -9999 -9999
183.39 177.83 177.67 175.72 185.33 176.01 187.99 203.4 193.78 188.2 197.97 197.23 195.19 204.63 202.15 218 227.72 230.8 231.14 231.49 231.46 228.76 226.15 226.14 225.15 222.2 216.94 212.06 207.48 204.2 199.54 205.43 204.56 196.71 185.82 177.31 176.05 174.5 165.39 173.58 178.65 187.8 203.26 209.83 195.78 203.05 188.35 198.58 185.37 197.69 188.51 177.8 198.87 200.85 170.76 164.56 178.86 204.98 187.01 165.11 154.22 154.11 169.26 166.32 163.52 170.51 181.66 175.29 177.74 197.78 211.02 214.22 212.98
175.48 172.03 164.29 165.3 168.44 166.06 182.26 188.31 184.93 196.68 189.83 196.95 188.58 201.09 204.93 214.7 222.92 224.72 232.4 235.14 235.3 232.1 232.43 232.48 228.5 226.92 224.72 223.81 218.71 213.48 209.73 212.7 213.55 211.75 209.76 204.53 200.25 195.52 197.77 199.36 194.12 197.92 199.17 212.3 205.17 215.81 210 202.38 198.5 209.76 195.25 207.6 217.31 192.93 169.14 183.9 203.64 199.4 175.63 163.38 162.44 169.93 176.95 198.3 187.34 192.94 201.22 207.58 199.98 205.91 227 227.92 234.21
192.58 186.98 185.74 184.13 180.17 187.79 184.86 174.6 181.14 187.17 181.34 177.34 185.39 194.44 195.66 203.98 210.46 213.2 228.85 233.98 234.13 236.08 234.89 230.99 228.82 232.31 232.21 231.03 227.7 223.74 221.16 221.88 220.68 217 213.81 214.41 213.11 207.56 209.73 212.83 211.3 214.78 215.34 222.37 214.14 215.9 205.78 206.83 205.38 215.59 204.19 224.18 221.96 217.61 195.25 191.69 208.65 196.6 186.08 180.85 196.29 190.52 177.96 211.77 207.98 208.89 207.46 215.41 199.98 198.47 223.14 219.76 228.99
197.95 197.83 190.61 175.19 171.11 170.36 163.46 168 167.84 168.96 171.26 180.17 190 186.95 193.81 200.28 214.01 223.01 226.76 230.02 235.65 237.88 238.07 234.87 227.97 228.67 236.17 231.5 223.74 220.85 222.71 227.7 224.2 224.09 219.73 221.1 220.28 214.45 215.71 219.58 219.8 223.71 227.82 230.74 211.95 208.58 208.21 217.79 213.76 203.64 201.01 220.26 199.09 205.35 209.55 217.76 226.34 219.51 214.61 213.11 209.99 207.26 215.8 226.84 220.81 219.76 215.14 220.22 226.07 212.88 205.07 223.53 232.58
191.51 199.48 197.43 194.73 192.77 186.76 176.26 181.98 174.47 184.11 185.13 192.2 186.44 185.04 192.51 201 212.09 217.26 220.24 221.6 233.02 234.77 237.98 241.43 239.88 239.46 239.08 233.43 225.15 216.26 222.65 232.68 229.7 223.6 223.51 226.97 227.44 223.39 222.84 226.05 224.92 230.78 234.35 235.4 230.27 225.19 218.07 219.74 223.85 214 221.61 225.32 212.32 228.56 232.24 230.37 227.52 221.58 213.64 219.99 226.72 226.46 225.33 231.59 226.41 227.45 220.84 224.22 230.71 224.46 220.32 222.87 236.98
198.26 197.26 198.08 196.93 194.25 193.84 194.27 197.7 199.23 200.9 199.77 203.26 203.05 196.91 194.32 200.13 204.8 204.87 211.98 219.89 225.3 223.95 230.85 239.55 241.49 243.91 242.17 231.32 226.37 226.19 230.74 237.68 233.3 226 220.03 227.52 230.12 232.81 232.12 232.02 226.92 234.42 240.68 240.04 239.32 237.74 236.75 237.24 232.63 230.39 232.88 237.93 236.22 239.14 234.55 236.11 233.88 226.86 221.76 218.29 227.02 234.46 232.75 237.58 234.93 228.71 214.26 222.88 224.18 217.47 210.87 219.87 234.31
206.98 205.59 201.86 200.71 200.54 198.29 198.44 199.1 199.98 200.19 206.07 207.52 205.87 202.62 200.84 201.87 201.36 201.05 180.28 189.62 216.41 223.66 230.19 235.23 238.57 242.38 245.51 244.91 240.7 236.33 241.18 243.05 236.18 230.09 220.52 223.01 229.84 233.85 237.39 236.25 236.84 241.76 245.05 241.98 246.29 249.1 250.16 246.55 248.97 248.7 250.21 249.08 245.78 242.68 240.45 236.06 233.18 231.35 229.21 222.8 222.08 230.68 241.07 242.28 239.6 228.39 219.31 220.36 215.54 203.36 207.11 235.51 241.85
210.95 209.28 208.79 207.01 207.02 204.38 207.03 205.01 202.3 204.69 206.52 208.72 210.19 208.97 207.06 206.76 203.11 195.99 191.11 185.59 196.73 211.88 218.76 230.52 236.67 240.25 244.36 246.79 249.77 249.72 248.46 247.61 237.56 231.29 225.96 221.72 223.15 229.82 237.88 241.37 242.95 246.04 249.02 247.72 251.68 253.82 250.16 248.5 256.18 256.88 255.75 253.04 250.67 247.1 242.93 238 232.63 226.21 223.33 225.14 227.03 233.38 243.77 245.01 232.94 227.06 225.02 230.46 231.36 230.05 239.64 244.14 243.61
213.36 213.4 213.38 210.46 212.19 210.78 210.58 210.55 211.61 210.54 208.8 209.87 213.69 212.81 209.57 208.63 205.11 202.64 200.61 205.25 210.06 220.11 221.03 226.32 237.92 242.41 239.26 236.94 243.45 249.47 251.3 252.45 248.14 242.39 241.38 237.72 229.76 226.11 231.35 234.59 232.85 241.33 247.74 252.16 255 253.75 254.59 258.04 261.66 259.7 256.41 252.74 249.55 246.3 241.44 234.14 228.85 225.24 226.53 232.85 234.11 233.31 232.69 245.41 230.69 234.34 241.98 247.96 247.92 245.38 239.83 241.2626 243.1974
212.43 214.88 216.02 217.06 216.41 213.83 214.85 216.23 213.79 212.93 211.75 213.62 210.83 208.65 210.19 210.9 206.42 208.72 208.87 210.55 209.84 223.68 230.09 231.85 240.32 242.18 237.79 230.07 238.11 239.32 240.68 246.71 249.7 251.9 248.84 245.16 241.92 238.89 236.23 240.64 242.18 242.75 246.81 247.63 254.41 257.11 260.18 261.92 260.41 257.38 254.5 250.97 246.06 239.99 233.17 226.14 221.8 222.91 225.89 234.17 239.2 239.38 242.43 249.38 247.64 248.57 252.14 252.6 247.81 246.234 -9999 -9999 -9999
210.52 212.47 210.97 212.84 213.98 214.55 215.49 215.15 214.95 216.47 216.46 214.42 209.86 209.84 216.2 215.02 213.91 213.42 216.53 220.61 217.71 215.34 232.05 233.25 238.47 239.94 235.44 235.03 234.64 228.42 231.48 237.42 243.9 248.7 252.74 251.13 246.04 241.93 242.09 243.74 244.83 248.17 250.28 250.53 249.69 261.53 260.7 258.2 255.13 250.03 244.7 241.21 239.06 233.14 232.08 232.97 227.47 226.57 223.41 226.89 235.79 245.68 249.63 250.34 253.45 253.57 251.51 251.9894 -9999 -9999 -9999 -9999 -9999
211.4 207.83 205.06 205 203.42 204.7 210.05 212.63 210.16 210.58 212.42 213.99 213.36 216.65 221.77 220.45 218.01 218.74 218.28 226.81 225.13 230.79 218.74 216.28 216.43 227.74 232.06 228.13 229.67 223.15 231.46 240.89 244.91 249.52 251.5 253.26 250.01 244.88 244.74 245.2 246.14 248.96 255.15 252.19 255.55 255.36 252.96 250.5 245.97 239.96 235.61 231.93 226.95 229.07 232.5 239.01 236.62 235.9 227.63 234.08 244.9 247.86 246.22 240.36 249.47 255.27 254.1064 -9999 -9999 -9999 -9999 -9999 -9999
196.75 197.09 196.36 197.66 199.4 203.92 207.36 209.41 210.53 209.61 210.23 209.73 213.75 220.81 223.58 225.29 225.71 226.75 224.45 225.96 227.64 228.41 220.4 212.11 210.53 214.15 221.67 220.11 220.36 221.99 228.7 236.6 241.88 245.57 248.69 251.12 254.08 254.23 254.88 255.44 257 258.11 256.19 251.75 251.85 254.16 253.38 257.54 253.66 244.13 229.7 224.81 219.46 214.71 229.64 245.53 245.4 243.59 241.7 247.15 250.06 248.73 250.94 244.5918 249.8519 257.0588 -9999 -9999 -9999 -9999 -9999 -9999 -9999
181.94 189.4 194.77 192.4 200.13 211.35 211.24 214.55 216.5 209.2 209.52 209.57 214.07 219.12 221.29 219.07 216.23 216.9 219.91 222.48 216.21 216.86 219.35 212.78 210.13 209.66 208.89 211.03 215.75 220.94 227.2 230.75 235.65 242.83 247.39 250.35 251.46 251.36 252.98 255.09 256.4 255.52 252.19 255.78 256.38 256.11 252.2 261.69 257.22 248.41 248.06 239.69 233.66 240.68 244.75 250.61 248.64 248.51 248.5612 253.1646 252.4091 -9999 -9999 -9999 -9999 -9999 -9999 -9999 -9999 -9999 -9999 -9999 -9999
198.59 193.49 203.14 201.57 206.9 211.26 213.98 218.26 218.79 212.07 210.59 210.13 208.62 207.06 204.89 204.77 208.11 210.08 210.72 212.36 209.02 206.87 208.98 215.81 211.08 208.67 204.59 205.04 211.12 216.38 222.03 221.88 219.54 231.49 241.84 242.47 244.95 246.97 248.48 246.16 252.01 251.59 249.91 253.46 249.98 247.64 244.36 254.51 259.93 258.73 249.33 237.49 249.66 253.92 254.16 253.7778 -9999 -9999 -9999 -9999 -9999 -9999 -9999 -9999 -9999 -9999 -9999 -9999 -9999 -9999 -9999 -9999 -9999
205.43 214.96 212.65 209.58 220.38 221.66 221.13 221.34 217.18 214.62 210.94 209.29 209.69 204.8 201.19 202.03 206.25 201.4 202.84 205.11 207.26 206.8 204.29 202.87 212.43 205.35 201.34 194.43 201.47 211.23 216.98 220.17 223.3 229.44 233.17 232.25 237.24 241.82 246.14 247.12 244.58 242.1 245.52 246.93 245.13 247.84 248.46 255.85 263.19 251.35 241.63 246.33 257.5493 -9999 -9999 -9999 -9999 -9999 -9999 -9999 -9999 -9999 -9999 -9999 -9999 -9999 -9999 -9999 -9999 -9999 -9999 -9999 -9999
