layers/wordclim/future/Iberia_wcB2a_10_hadcm3_2020/bio_10.asc
ncols         166
nrows         93
xllcorner     -9.4959440078468
yllcorner     36.000324005443
cellsize      0.083333337679505
NODATA_value  -9999
[rows 33 to 65 of 93, columns 0 to 72 of 166]
-9999 -9999 -9999 -9999 -9999 -9999 -9999 -9999 -9999 -9999 196.1163 195.05 196.47 198.26 200.72 202.72 199.14 187.98 182.47 188.29 190.33 191.48 201.49 211.04 204.43 200.62 210.97 223.62 228.7 223.24 223.48 227.02 220.85 219.6 218.65 219.16 218.08 216.22 216.72 217.74 216.43 216.55 218.97 219.64 219.79 220.05 220.23 219.9 219.4 218 218.39 218.58 218.67 219.08 219.6 219.65 220.8 222.16 220.67 219.82 219.29 221.05 223.22 223.78 219.43 212.39 187.55 177.31 198.03 212.53 218.13 220.47 214.28
-9999 -9999 -9999 -9999 -9999 -9999 -9999 -9999 -9999 -9999 195.8571 195.99 196.43 194.51 185.23 188.46 193.18 203.35 204.28 202.98 198.25 196.96 199.19 205.19 203.36 202.7 211.71 223.35 225.77 220.26 217.06 220.82 223.56 218.96 217.56 218.29 219.14 219.17 220.37 220.44 219.37 219.51 219.57 219.29 218.67 218.76 217.96 218.23 219.6 219.44 218.02 218 216.14 216.91 218.32 219.65 221.18 221.21 219.88 217.34 216.34 219.05 220.59 220.03 213.8 204.38 175.38 202.66 193.47 201.81 218.31 226.89 232.05
-9999 -9999 -9999 -9999 -9999 -9999 -9999 -9999 -9999 -9999 195.9663 197.79 198.36 190.31 197.46 195.63 199.43 210.38 210.38 207.1 205.15 205.44 207.38 206.84 207.7 204.84 214.3 221.71 221.09 224.12 219.64 217.45 220.72 221.89 218.69 218.03 218.75 220.79 220.95 220.68 220.78 218.81 218.78 217.13 215.9 214.58 215.14 220.1 219.44 219.38 219.06 217.29 215.08 213.22 214.1 217.44 215.93 218.6 216.42 214.02 212.21 213.6 214.38 206.99 184.85 183.31 174.21 186.02 212.17 227.18 231.42 237.78 235.95
-9999 -9999 -9999 -9999 -9999 -9999 -9999 -9999 -9999 190.6487 195.663 198.79 201.45 202.86 198.68 203.43 203.18 209.4 208.05 208.73 212.93 214.93 216.08 214.07 214.42 217.61 219.68 218.92 216.71 218.1 219.69 216.64 219.26 220.55 222.25 217.88 218.9 221.74 221.04 220.06 219.13 219.2 216.88 213.87 212.96 217.48 221.32 220.79 219.29 217.43 216.02 213.15 207.2 207.7 205.75 204.7 205.5 210.91 209.23 208.53 200.56 202.32 198.59 197.83 204.15 216.66 219.15 226.58 229.74 227.1 237.62 243.7 239.34
-9999 -9999 -9999 -9999 -9999 -9999 -9999 -9999 -9999 191.3243 195.5464 200.6 204.92 205.03 202.59 195.58 194.72 210.18 214.18 216.65 217.48 216.65 215.11 219.21 223.61 221.86 219.74 207.67 211.07 215.5 215.66 216.66 218.15 222.75 225.53 225.86 223.22 220.16 218.66 216.88 215.03 212.55 215.59 218.4 218.99 219.92 220.2 219.15 216.36 211.54 206.97 204.57 198.28 197.73 200.25 204.7 210.13 211.61 207.58 203.23 199.52 196.56 199.43 195.02 216.96 230.73 225.99 229.12 239.78 242.34 246.23 247.73 242.02
-9999 -9999 -9999 -9999 -9999 -9999 -9999 -9999 -9999 193.75 197.3 202.78 207.6 209.07 202.94 193.69 213.62 217.07 219.57 219.06 221.1 221.95 224.03 219.96 202.09 197.9 205.24 206.99 210.04 213.7 217.25 214.69 219.13 224.27 225.54 226.54 225.54 216.54 210.66 202.15 211.52 214.71 221.88 223.76 219.34 217.95 220.33 217.2 211.99 210.72 209.64 201.22 190.57 201.66 206.67 205.21 200.82 200.8 204.87 215.17 211.62 219.37 219.79 216.89 230.33 235.34 241.39 243.84 247.31 244.76 248.24 249.2 245.58
-9999 -9999 -9999 -9999 -9999 -9999 -9999 -9999 194.5806 196.6 200.31 204.58 210.14 209.67 208.6 213.19 217.58 221.34 221.87 223.34 222.1 220.62 203.12 181.78 191.74 202.08 212.47 207.6 212.68 216.96 216.63 215.05 221.63 223.42 220.3 221.87 222.87 218.72 217.73 218.29 220.28 235.21 234.81 227.86 226.59 217.57 216.77 218.95 217.88 212.03 198.1 186.37 185.25 188.39 186.3 194.08 208.76 217.78 226.09 226.9 233.12 239.01 234.58 235.73 242.31 246.75 249.51 245.46 249.09 248.14 249.17 253.82 251.73
-9999 -9999 -9999 -9999 -9999 -9999 -9999 -9999 196.8022 199.62 203.21 207.02 212.5 210.88 214.69 221.03 222.41 223.27 222.84 220.37 219.34 200.92 164.35 181.2 211.21 224.38 226.13 216.48 213.46 215.89 213.08 214.26 216.43 218.34 219.72 219.93 212 218.86 222.33 236.5 242.33 240.35 231.64 228.26 215.72 192.8 199.03 216.78 211.83 194.68 189 188.93 188.66 198.98 200.78 209.58 215.4 211.73 207.93 215.43 239.59 244.12 246.16 249.65 254.55 251.37 251.43 248.64 248.64 253.57 252.55 253.69 253.56
-9999 -9999 -9999 -9999 -9999 -9999 -9999 -9999 198.45 201.88 205.31 210.64 215.65 213.86 217.02 223.24 223.15 223.56 223.34 218.21 214.8 205.49 179.09 186.24 225.02 231.03 228.09 225.72 219.15 211.93 210.13 206.58 212.89 217.2 214.34 223.21 228.17 236.29 239.93 244.01 248.71 242.26 237.96 230.61 196.87 181.84 201.87 207.33 197.58 187.43 176.09 182.45 192.28 212.16 206.42 209.17 231.77 245.85 241.2 237.24 239.87 244.73 253.21 258.52 255.2 252.57 254.38 251.86 251.31 254.98 256.71 257.71 253.05
-9999 -9999 -9999 -9999 -9999 -9999 -9999 195.8219 200.18 205.53 209.83 214.6 218.85 218.05 220.41 221.36 223.08 220.37 211.13 200.31 197.25 215.53 223.03 227.46 230.81 230.05 233.26 232.6 229.35 225.85 233.78 236.77 220.4 233.53 239.95 244.18 246.64 242.48 248.91 251.62 252.82 253.78 234.81 208.98 224.32 207.91 182.22 184.71 188.93 220.42 207.4 215.3 237.44 249.11 243.23 256.77 253.36 249.8 244.77 242.37 252.39 259.56 260.3 257.08 254.01 254.49 256.87 253.47 254.93 255.34 257.24 257.72 254.94
-9999 -9999 -9999 -9999 -9999 -9999 -9999 -9999 203.7386 207.25 211.91 216.11 217.12 219.3 222.56 214.51 209.02 206.96 208.29 204.45 211.17 223.33 222.69 222.85 227.41 233.25 239.81 239.87 239.1 241.83 244.94 244.19 242.73 247.28 252.48 252 249.53 248.67 253.26 254.41 254.37 249.43 234.66 234.26 221.05 235.7 238.74 241.41 249.12 260.27 260.97 261.37 259.05 256.2 255.33 253.75 244.59 240.21 255.13 260.05 262.25 261.07 258.66 256.45 256.55 259.05 257.15 257.7 258.64 255.7 260.22 258.98 253.56
-9999 -9999 -9999 -9999 -9999 -9999 -9999 201.0933 203.88 208.37 213.31 211.84 213.19 217.45 204.61 197.89 206.74 214.48 215.81 220.59 226.08 217.27 226.59 222.27 236.57 242.35 242.6 243.82 241.67 240.1 241.87 249.47 252.24 255.81 255.92 254.11 255.03 256.96 259.94 260.09 257.18 253.24 250.8 248.95 249.26 258.83 261.34 265.11 265.05 265.28 265.22 263.3 262.24 261.84 260.32 256.69 258.51 262.48 263.52 263.31 262.82 261.86 259.92 259.81 261.46 263.32 261.25 263.37 260.23 261.27 262.92 260.03 258.37
-9999 -9999 -9999 -9999 -9999 -9999 -9999 201.44 204.16 208.56 212.33 208.53 214.04 215.11 208.74 213.27 219.69 219.78 215.29 216.64 218 225.4 239.09 239.38 241.27 245.53 246.49 248.17 247.53 248 250.31 252.66 250.98 255.31 256.86 257.95 259.48 261.24 261.69 258.01 255.31 257.42 262.03 264.84 265.7 266.55 266.72 266.7 266.91 266.42 265.76 265.13 264.55 263.67 262.19 264.11 264.43 264.85 264.79 262.47 260.03 260.47 262.09 264.62 266.08 264.65 265.14 266.56 265.46 262.82 257.91 253.9 251.25
-9999 -9999 -9999 -9999 -9999 -9999 200.6825 203.83 204.75 207.41 211.69 211.47 215.83 215.44 218.12 221.78 219.67 216.17 214.27 209.98 225.6 237.01 242.89 243.34 244.4 247.56 252.96 253.47 253.31 250.81 252.63 254.34 255.83 255.88 257.56 258.13 257.93 258.69 256.28 252.99 257.32 260.98 265.22 267.31 267.11 267.46 267.02 264.32 266.88 266.91 265.54 263.08 265.42 264.9 266.01 264.42 260.21 262.07 264.5 266.4 265.66 265.06 265.74 267.68 266.39 265.63 266.54 266.12 264.29 262.46 258.42 254.82 252.98
-9999 -9999 -9999 -9999 -9999 -9999 199.8775 204.01 206.24 207.1 208 212.5 218.2 217.52 221.59 223.94 225.41 224.62 220.28 221.19 233.91 239.93 242.65 243.98 248.98 253.42 253.78 254.69 252.49 254.25 254.6 255.39 256.71 258.69 259.83 258.63 258.01 256.59 259.47 262.1 262.99 264.51 263.29 264.25 264.57 267.59 264.55 262.73 266.5 265.38 264.66 264.34 267.19 264.63 264.95 263.28 259.25 260.12 261.6 260.82 261.72 266.24 263.71 260.28 259.93 258.17 257.58 259.15 260.3 260.02 260.13 259.09 256.2
-9999 -9999 -9999 -9999 -9999 197.1786 198.96 202.53 206.77 206.71 209.69 215.67 220.84 221.77 220.82 226.18 225.17 227.69 228.52 234.11 240.14 241.31 245.57 248.99 250.41 250.26 251.56 254.26 253.04 254.45 257.31 257.91 255.64 255.5 257.31 261.04 264.2 263.31 261.75 261.04 261.51 263.09 261.52 260.39 257.86 255.99 257.21 259.11 257.96 256.97 258.51 261.64 260.75 260.27 253.86 255.6 255.02 255.06 253.73 256.09 256.19 259.26 257.04 254.21 257.19 254.17 254.9 255.65 256.22 256.72 257.88 257.52 257.78
-9999 -9999 -9999 -9999 -9999 197.8902 201.6 202.4 203.2 200.84 209.84 216.13 221.57 225.38 224.84 228.14 227.18 227.44 230.5 237.29 241.97 245.04 247.98 248.2 249 250.68 252.71 251.86 254.71 256.14 255.43 255.53 255.02 254.91 254.66 259.11 261.74 263.4 263.66 263.82 263.89 264.95 263.6 262.82 261.53 259.47 256.49 253.16 253.14 245.99 251.83 251.23 257.32 258.58 246.65 247.19 245.35 246.44 245.79 247.86 248.39 254.66 254.87 251.26 250.29 252.29 251.85 253.23 255.44 255.42 257.38 256.8 256.73
-9999 -9999 -9999 -9999 -9999 198.697 201.6 196.59 197.22 202.13 207.36 220.23 224.57 227.47 227.64 229.07 231.26 233.27 236.27 238.76 242.96 243.04 245.19 245.4 248.56 249.1 249.71 248.48 249.98 254.39 257.67 257.43 256.97 257.77 257.62 258.89 260.07 264.09 263.94 265.31 266.54 265.37 264.25 262.6 261.24 258.74 258.26 257.29 244.06 243.15 240.7 251.67 251.72 257.12 255.82 249.14 247.43 246.98 237.3 248.72 239.7 243.31 244.83 246.35 246.08 247.03 249.96 255.36 256.61 256.76 257.05 257.47 257.15
-9999 -9999 -9999 193.4286 197.58 198.94 198.92 198.78 204.23 212.39 218.28 223.16 226.91 228.31 231.73 234.77 236.6 238.84 238.21 239.43 239.93 241.81 243.27 243.71 242.96 245.55 247.05 248.45 247.13 250.29 255 257.42 258.91 260.3 260.54 261.21 260.86 260.22 262.25 263.36 265.37 264.94 264.32 261.61 259.96 249.99 254.49 255.46 245.94 239.81 253.97 259.53 261.46 260.12 264.32 262.57 262.32 258.77 254.1 255.91 252.16 253.86 255.47 256.42 246.06 239.76 244.07 250.3 254.26 254.2 256.84 258.07 258.12
-9999 -9999 189.5469 194.1163 197.55 200.15 201.85 208.7 212.69 215.85 221.7 225.64 227.2 226.31 229.16 232.3 235.09 235.31 236.87 239.19 241.42 242.17 242.71 242.41 237.82 234.67 238.47 242.42 246.12 249.03 250.5 252.67 256.96 255.47 257.87 261.34 262.31 262.73 262.66 262.58 263.46 263.05 261.95 262.34 261.49 254.64 251.85 254.67 257.6 259.06 261.08 267.46 265.25 267.96 267.98 268.29 265.7 262.77 259.4 253.66 250.92 249.3 256.77 253.84 250.68 250.39 246.83 250.33 253.66 251.94 249.94 255.68 259.57
-9999 -9999 189.64 193.88 198.48 202.34 206.67 212.02 215.35 219.11 224.16 226.82 226.47 227.97 229.4 231.77 234 236.9 238.99 240.49 243.16 243.77 244.88 244.63 241.92 232.79 234.68 244.8 251.28 251.77 253.15 257 258.68 257.01 259.43 259.85 259.54 263.26 262.01 260.8 262.01 262.67 261.87 265.12 268.14 266.24 269.18 268.75 268.81 264.24 265.26 270.69 270.45 270.98 263.25 266.17 266.18 262.5 262.81 260.64 259.89 263.02 263.74 259.46 252.14 252.53 255.26 254.08 250.55 251.49 247.64 256.79 260.93
-9999 -9999 193.14 196.68 200.57 199.58 209.69 213.62 217.48 222.25 225.62 226.08 227.8 229.54 231.12 232.48 235.46 238.79 238.68 240.83 243.9 244.51 243.66 244.76 246.17 244.93 244.17 247.23 252.46 254.66 253.83 258.53 259.01 258.93 259.26 259.14 259.87 260.9 261.16 261.95 257.41 261.76 269 269.51 271.07 271.36 272.44 271.47 273.12 271.84 269.53 269.88 271.71 270.93 266.86 261.71 264.05 264.77 265.79 262.45 257.05 261.09 265.46 264.64 256.82 256.22 258.58 261.05 260.69 257.11 260.12 263.19 263.11
-9999 194.0156 196.74 198.9 200.51 206.87 213.7 216.45 221.25 224.9053 226.32 227.62 228.79 229.89 231.77 233.87 237.48 238.08 239.25 242.29 244.1 244.79 245.35 244.71 246.3 247.39 249.86 250.87 254.22 257.14 257.18 259.68 258.69 259.56 260.02 261.17 263.61 263.91 262.89 264.78 266.22 270.71 271.89 272.97 274.04 273.67 274.47 274.8 274.84 274.23 272.15 272.28 269.24 267.72 267.66 264.78 260.62 265.3 266.13 260.51 257.55 259.75 261.57 263.81 260.11 258.58 261.94 263.95 264.22 264.56 264.12 264.15 263.42
-9999 195.12 198.51 200.28 202.87 208.99 217.5319 221.2 224.1724 225.99 226.57 228.66 229.9 231.93 234.37 235.59 237.58 238.54 239.72 241.55 243.55 244.56 245.61 247.05 247.71 248.21 250.69 253.68 254.58 256.67 260 260.43 261.06 261.94 262.22 264.03 264.94 266.65 266.65 265.98 268.17 272.17 274.06 274.47 274.78 275.04 275.1 271.89 271.01 274.45 273.4 271.86 272.43 270.55 269.05 266.64 263.69 262.29 265.52 266.61 266.66 259.74 261.35 265.92 261.73 264.18 264.38 264.23 265.02 264.74 264.1 264.16 263.95
-9999 195.3775 196.49 200.4 203.28 212.3299 221.0127 224.24 225.94 227.56 228.77 231.25 233.68 234.1 235.3 236.65 238.25 239.88 240.58 240.25 241.21 241.93 243.29 245.12 246.55 246.84 246.5 249.89 255.98 258.66 260.49 260.13 260.74 262 263.24 265.08 265.95 267.49 267.71 268.17 272.06 273.27 273.81 274.15 273.88 274.25 274.61 274.6 274.01 272.6 272.5 275.06 271.14 264.02 267.89 266.15 266.46 267.28 267.63 263.78 266.99 266.34 264.52 265.88 263.61 265.15 264.12 264.15 265.15 265.1 265.02 264.85 264.06
-9999 195.93 197.92 203.8 214.01 219.1333 224.6296 226.51 227.62 228.85 229.07 230.92 232.47 233.1 235.63 236.2 236.93 238.12 239 239.75 240.89 241.32 239.18 240.64 243.55 245.86 244.19 248.7 256.25 259.8 259.82 259.14 259.5 261.69 263.48 264.94 265.77 266.69 268.62 270.55 271.01 270.86 272.32 271.22 271.36 271.93 272 274.74 273.53 273.13 272.43 273.45 274.52 270.13 272.91 270.72 268.32 266.67 263.21 262.41 266.6 267.58 263.3 264.55 266.62 266.2 265.83 265.73 264.18 264.13 263.87 260.8 261.72
194.037 196.28 200.71 210.09 220.617 -9999 -9999 228.05 228.94 229.82 230.67 231.59 232.59 232.79 233.71 234.31 234.09 234.87 236.3 237.26 238.74 239.51 240.7 239.63 239.85 246.37 250.06 253.66 257.43 257.94 257.56 257.58 258.59 259.36 261.53 262.65 263.24 263.93 267.37 266.59 267.02 266.9 267.78 269.08 265.67 270.57 270.82 273.17 271.73 270.92 269.52 269.76 270.67 276.25 271.83 271.42 271.59 272.4 267.16 266.72 263.84 266.01 266.41 264.86 264.07 263.99 260.62 262.75 265.39 265.47 265.78 264.13 263.86
200.84 203.5775 208.7973 216.2208 222.7778 227.3333 227.9438 229.62 229.98 230.45 230.66 231.7 232.21 233.64 232.76 231.84 231.14 231.43 233.5 234.99 236.47 239.35 238.06 240.65 244.37 245.59 252.46 254.53 254.43 255.42 255.41 256.57 257.35 258.35 259.99 261.79 262.38 262.46 265.37 268.06 266.3 264.46 264.38 267.3 267.87 268.38 270.13 268.67 268.61 266.15 267.75 269.59 273.77 275.49 275.02 276.13 275.76 273.18 271.78 270.45 266.59 262.75 263.8 265.12 265.53 263.15 259.33 261.25 267.21 266.54 264.68 265.32 264.3
-9999 -9999 -9999 218.9054 223.4805 226.6905 227.85 229.51 230.69 231.63 231.98 232.63 232.57 231.51 230.3 230.85 230.2 230.35 231.7 235.61 238.04 240.8 242.45 243.23 246.17 249.85 251.55 253.44 252.61 251.67 251.31 252.63 255.21 256.35 257.63 260.01 260.15 260.96 262.94 265.46 264.36 263.65 263.03 263.34 266.99 265.03 266.13 263.83 266.55 270.43 272.48 273.31 274.48 274.53 270.01 275.25 273.11 269.07 269.79 268.19 267.19 264.32 264.11 265.1 264.02 264.19 266.57 267.67 263.21 267.81 264.49 264.71 264.2
-9999 -9999 -9999 -9999 222.16 224.62 224.8384 229.0824 231.5275 232.7363 231.89 233.51 233.56 231.78 231.8 232.05 230.76 232.13 234.73 236.01 239.09 241.69 242.98 243.4 245.18 248.92 251.88 251.78 251.91 249.86 249.41 248.33 246.91 250.35 249.82 256.98 258.16 257.69 259.88 262.72 265.16 260.3 262.17 263.59 266.01 262.24 260.67 264.28 267.03 271.17 270.85 270.59 270.89 272.59 272.51 273.97 274.48 274.32 270.41 262.11 259.03 262.9 265.1 265.99 271.03 269.56 266.94 268.59 269.4 266.46 265.4 264.15 262.3
-9999 -9999 -9999 -9999 218.5679 219.9 -9999 230.1176 -9999 232.7308 233.42 234.08 234.25 235.4 234.11 234.67 235.61 235.95 236.58 237.25 239.88 242.57 242.88 244.61 246.53 249.72 251.65 251.45 251.35 250.94 249.01 246.95 243.14 243.67 245.13 251.04 256.44 254.38 256.4 259.49 263.44 263.89 262.76 261.65 263.37 262.2 263.49 266.11 266.05 266.69 269.11 268.4 268.75 271.41 270.43 270.02 270.75 271.29 272.57 271.9 267.47 258.29 259.83 260.57 262.39 270.63 274.47 267.11 261.54 257.07 255.64 263.67 263.59
-9999 -9999 -9999 -9999 -9999 -9999 -9999 -9999 231.1964 231.6939 232.9789 234.68 235.4 235.24 236.53 234.2 235.34 236.74 236.54 235.56 238.7 241.11 243.81 245.8 248.06 250.72 250.54 251.14 251.08 249.29 249.7 246.32 245.32 253.5 252.7 253.57 252.38 253.95 254.47 255.38 259.07 261 260.23 262.72 262.76 263.5 264.66 264.58 264.85 265.78 266.47 265.13 266.37 268.21 268.05 267.68 267.99 269.13 268.37 268.54 271.03 270.29 271.96 267.66 266.94 267.3 277.58 270.02 269.74 267.79 262.99 265.73 265.81
-9999 -9999 -9999 -9999 -9999 -9999 -9999 -9999 -9999 230.59 230.99 232.49 235.03 236.24 237.91 237.26 237.14 236.64 236.72 238.72 238.45 237.49 241.7 246.16 248.04 250.44 250.83 251.21 250.78 251.49 250.05 249.18 252.56 254.57 254.74 255.9 254.78 254.09 253.3 253.71 254.55 256.91 258.76 260.2 261.3 262.26 264.77 263.51 264.43 267.56 268.18 268.65 264.78 261.77 267.42 269.51 267.13 268.53 267.85 267.94 266.68 267.7 268.85 275.56 271.45 274.23 279.04 277.94 277.24 278.16 277.32 276.06 278.5
