layers/wordclim/future/Iberia_wcB2a_10_hadcm3_2020/bio_12.asc
ncols         166
nrows         93
xllcorner     -9.4959440078468
yllcorner     36.000324005443
cellsize      0.083333337679505
NODATA_value  -9999
[rows 0 to 32 of 93, columns 0 to 72 of 166]
-9999 -9999 -9999 -9999 -9999 -9999 -9999 -9999 -9999 -9999 -9999 -9999 -9999 -9999 -9999 -9999 -9999 1011.39 1089.917 977.806 973.5757 981.9205 950.029 939.6364 -9999 -9999 -9999 -9999 -9999 -9999 -9999 -9999 -9999 -9999 -9999 -9999 -9999 -9999 -9999 -9999 -9999 -9999 -9999 -9999 -9999 -9999 -9999 -9999 -9999 -9999 -9999 -9999 -9999 -9999 -9999 -9999 -9999 -9999 -9999 -9999 -9999 -9999 -9999 -9999 -9999 -9999 -9999 -9999 -9999 -9999 -9999 -9999 -9999
-9999 -9999 -9999 -9999 -9999 -9999 -9999 -9999 -9999 -9999 -9999 -9999 -9999 -9999 -9999 -9999 1003.985 1016.347 1044.23 995.18 1048.1 1049.65 972.697 1018.21 997.39 934.866 -9999 -9999 -9999 -9999 -9999 -9999 -9999 -9999 -9999 -9999 -9999 -9999 -9999 -9999 -9999 -9999 -9999 822.3438 817.2885 -9999 -9999 -9999 -9999 -9999 -9999 -9999 -9999 -9999 -9999 -9999 -9999 -9999 -9999 -9999 -9999 -9999 -9999 -9999 -9999 -9999 -9999 -9999 -9999 -9999 -9999 -9999 -9999
-9999 -9999 -9999 -9999 -9999 -9999 -9999 -9999 -9999 -9999 -9999 -9999 -9999 -9999 1008.093 990.6105 1009.242 1023.9 1046.84 1096.22 1120.33 1093.18 1050.14 1087.64 961.03 906.01 890.6 884.2532 873.6479 835.2364 835.325 832.131 838.5 810.7792 839.6582 817.5757 821.8904 841.125 854.1136 842.3196 834.8975 828.381 820.2525 816.27 821.9 798.3506 796.082 813.5 814.9153 -9999 -9999 -9999 -9999 -9999 -9999 -9999 -9999 -9999 -9999 -9999 -9999 -9999 -9999 -9999 -9999 -9999 -9999 -9999 -9999 -9999 -9999 -9999 -9999
-9999 -9999 -9999 -9999 -9999 -9999 -9999 -9999 -9999 -9999 -9999 -9999 -9999 -9999 -9999 -9999 1062.04 1121.18 1134.21 1094.58 1120.64 1155.61 1165.5 1150.71 1053.31 954.91 900.37 929.12 864.07 855.8485 895.41 909.51 905.51 847.79 917.23 869.22 843.11 864.49 898.06 845.24 813.5859 845.31 854.57 833.92 819.16 815.75 832.72 833.53 795.08 803.43 805.93 814.5385 790.6795 783.339 792.88 -9999 -9999 -9999 -9999 -9999 -9999 -9999 -9999 -9999 -9999 -9999 -9999 1001.521 -9999 1039.81 1062.573 1066 1080.957
-9999 -9999 -9999 -9999 -9999 -9999 -9999 -9999 -9999 -9999 -9999 -9999 -9999 -9999 1015.881 1015.229 1075.46 1132.12 1135.48 1147.18 1108.79 1102.97 1087.24 1110.94 1062.73 1023.93 974.87 914.12 904.49 963.14 1009.72 952.24 893.66 906.3 924.55 856.88 891.49 915.04 857.84 820.72 816.03 798.77 800.26 827.4 810.1 807.8 810.72 804.86 798.71 792.53 787.93 766.84 769.49 799.08 805.64 820.32 847.69 827.8405 820.4321 815.3425 825.0909 837.0128 859.6805 891.0361 911.0408 922.12 951.34 975.61 999.2708 1011.04 1032.89 1044.99 1047.298
-9999 -9999 -9999 -9999 -9999 -9999 1020.407 1013.138 1040.176 -9999 1076.716 1082.494 1079.98 1040.889 1034.28 -9999 1096.04 1144.38 1189.83 1153.86 1108.79 1073.82 1051.49 1016.05 1019.62 994.5 980.79 919.58 990.66 997.66 970.87 884.59 903.37 971.1 948.6 867.87 835.93 836.71 859.2 834.93 843.46 839.1 821 802.12 803.7 795.67 798.05 814.51 814.13 791.05 815.68 792 777.42 816.95 854.23 849.57 823.32 851.5 820.76 837.11 828.98 847.06 858.92 870.7 896.69 904.83 925.06 944.87 974.7 996.91 1008.69 1017.65 1024.62
-9999 -9999 -9999 -9999 -9999 -9999 1045.74 1054.06 1073.1 1081.06 1127.57 1224.19 1203.04 1160.08 1103.39 1103.02 1166.63 1177.2 1188.61 1146.71 1116.77 1061.58 1038.56 999.95 981.73 979.53 992.55 951.65 968.58 974.1 918.07 867.68 943.05 984.07 890.93 847.67 846.81 912.17 880.19 888.09 880.03 822.54 913.65 826.23 776.87 792.65 794.46 784.24 790.49 791.36 862.1 821.65 804.85 881.55 1055.82 967.16 1009.66 978.45 827.96 864.03 844.71 839.66 845.21 870.9 874.07 878.67 901.4 917.26 934.08 965.93 1004.89 985.99 987.09
-9999 -9999 -9999 -9999 972.5806 1046.24 1072.74 1149.26 1199.66 1212.25 1266.14 1264.6 1243.73 1253.65 1218.64 1233.06 1240.79 1211.57 1198.54 1147.9 1117.81 1080.94 1024.78 998.48 985.92 994.5 1010.22 956.11 1017 964.31 963.42 891.76 933.27 959.21 890.81 859.76 921.76 984.89 885.42 935.73 890.62 905.04 821.21 812.29 770.27 806.23 790.45 787.13 838.85 878.56 841.4 868.94 904.08 845.96 936.14 986.46 933.32 810.59 780.8 810 913.08 866.94 854.11 859.16 864.01 852.04 883.57 881.61 903.34 956.8 976.71 967.1 962.79
-9999 -9999 -9999 956.1855 1012.13 1117.48 1148.62 1200.67 1237.64 1272.91 1275.49 1282.85 1250.97 1255.19 1248.66 1233.73 1230.49 1230.08 1243.04 1185.24 1117.2 1086.92 1036.79 1011.05 1010.4 999.67 1020.14 1008.46 944.35 934.12 868.01 864.69 947.89 992.39 891.4 970.03 950.56 1084.46 1081.41 1029.43 1097.94 993.04 1035.42 842.44 778.09 932.29 946.64 896.22 940.34 961.17 872.3 921.06 860.23 836.46 907.66 903.9 992.05 974.84 902.43 849.87 881.8 974.12 919.79 852.74 846.98 845.18 855.83 860.55 878.4 885.51 884.12 892.82 904.87
-9999 -9999 -9999 947.9412 1073.293 1138.69 1186.48 1216.51 1239.58 1267.96 1278.38 1281.95 1286.1 1290.87 1283.6 1266.53 1230.63 1246.33 1219.92 1203.34 1137.27 1114.45 1068.45 997.01 963.21 954.86 998.59 973.5 961.32 875.53 870.25 924.32 917.21 970.76 975.95 1009.04 1049.35 969.54 953.22 939.71 966.09 906.31 909.24 939.05 879.98 852.75 880.88 838.4 890.62 842.43 773.76 818.84 820.48 810.07 793.83 855.63 948.6 968.32 927.24 853.92 823.94 941.37 895.23 811.97 804.65 808.95 812.62 822.21 829.58 834.99 834.61 836.01 848.11
-9999 -9999 -9999 -9999 1034.897 1173.61 1197.03 1199.24 1253.76 1230.29 1217.67 1306.9 1349.97 1289.87 1275.17 1249.36 1193.49 1184.53 1177.05 1165.11 1153.95 1091.45 1029.42 978.78 940.66 942.08 955.18 982.79 910.37 882.87 945.39 1029.4 1092.09 1065.77 966.08 967.07 932.11 958.14 1034.49 967.63 992.24 978.86 881.54 798.4 884.85 794.63 772.06 753.38 798.1 736.47 726.41 775.08 746.13 783.36 757.07 823.76 832.61 834.13 830.05 772.54 758.34 765.55 769.62 763.5 769.5 767.39 785.05 773.87 784.09 784.32 801.24 801.68 800.91
-9999 -9999 -9999 -9999 1035.675 1081.391 1107.394 1130.824 1326.25 1266.72 1249.65 1244.18 1288.34 1253.63 1237.64 1290.01 1245.13 1234.94 1227.56 1164.1 1155.91 1104.46 1010.86 1025.23 994.96 921.87 995.11 1001.29 951.44 949.09 968.14 1110.28 993.2 904.75 820.31 820.44 908.73 996.91 984.47 950.69 864.82 795.39 742.4 722.22 702.3 722.48 666.76 654.52 674.1 657.75 666.36 676.81 678.34 702.22 685.77 724.26 747.63 715.73 719.75 730.98 720.03 717.2 708.72 715.64 733.67 722.54 729.54 749.12 743.22 755.93 775.74 766.23 768.64
-9999 -9999 -9999 -9999 -9999 -9999 1275.761 1215.36 1272.86 1227.7 1288.18 1334.59 1312.98 1380.08 1344.52 1318.87 1313.93 1260.86 1258.67 1242.91 1134.46 1043.15 1076.59 1060.6 994.38 977.09 1027.25 1090.71 1083.17 1022.22 945.51 976.95 854.26 775.12 766.68 742.35 786.95 796.33 772.92 774.89 792.88 768.32 709.62 662.02 639.49 640.18 602.4 595.1 611.91 595.74 625.57 616.31 630.2 632.57 649.01 669.01 673.13 673.59 668.82 680.7 666.38 673.96 672.6 695.11 703.01 702.66 701.08 707.99 705.98 721.25 743.93 730.7 707.13
-9999 -9999 -9999 -9999 -9999 1111.847 1226.085 -9999 -9999 1310.28 1320.3 1403.28 1436.85 1450.5 1448.68 1344.32 1307.96 1303.58 1281.36 1258.55 1125.79 1042.16 1045.95 999.85 904.01 956.18 1037.33 1004.92 1024.48 1055.98 933.02 847 767.09 701.65 676.45 680.49 670.68 672.82 699.79 736.36 693.47 649.46 636.6 605.45 590.85 580.92 547.03 548.85 555.04 560.83 571.82 570.09 595.17 585.97 613.94 624.93 625.18 630.87 620.3 633.19 629.3 624.67 632.41 651.58 658.8 669.04 672.19 677.37 680.56 690.45 689.19 674.5 662.02
-9999 -9999 -9999 -9999 -9999 -9999 -9999 1162.5 1235.964 1284.84 1363.4 1429.88 1453.76 1446.62 1450.5 1403.23 1339.45 1327.11 1302.91 1222.58 1143.05 1035.68 1002.84 901.44 882.68 902.25 946.39 950.77 1017.45 1000.87 914.52 780.2 709.15 660.97 648.89 664.22 743.03 786.2 783.96 740.84 657.29 613.4 594.21 562.07 547.05 533.36 516.93 514.26 515.39 524.41 532.38 550.09 557.95 551.18 572.65 586.84 580.98 589.33 590.2 589.83 597.55 592.34 594.62 601.6 606.56 614.19 625.17 645.1 643.75 644.01 632.83 631.82 653.26
-9999 -9999 -9999 -9999 -9999 -9999 -9999 1221.708 1300.304 1415.281 1363.16 1436.1 1486.17 1506.59 1441.88 1350.8 1273.33 1212.77 1159.89 1121.84 1079.96 1030.04 965.75 926.51 952.36 929.99 890.6 865.63 959.73 886.71 824.12 754.24 708.89 762.65 845.59 803.03 864.56 862.74 743.89 664.03 611.78 576.17 562.69 532.7 522.01 508.37 496.52 488.93 490.87 498.77 511.51 520.71 523.24 521.46 537.53 550.95 549.3 548.77 552 554.18 556.15 559.45 566.02 567.13 571.99 577.22 593.86 604.79 599.15 599.19 603.17 613.92 621.5
-9999 -9999 -9999 -9999 -9999 -9999 -9999 -9999 -9999 1421.382 1409.194 1448.98 1462.86 1509.26 1452.6 1303.61 1156.46 1138.79 1059.94 999.59 984.64 1113.52 1116.94 1028.34 990.49 1046.25 1017.71 843.53 800.07 898.3 899.88 799.12 896.77 901.89 838.49 978.69 970.87 867.08 720.37 657.62 605.78 560.09 528.58 511.53 500.97 490.38 481.31 470.37 476.07 481.32 486 494.47 494.44 497.88 507.65 517.62 519.23 517.95 521.06 521.81 525.5 527.15 531.53 535.56 540.84 553.15 561.37 563.26 563.12 559.92 567.84 586.23 601.16
-9999 -9999 -9999 -9999 -9999 -9999 -9999 -9999 1340.064 1445.485 -9999 1479.7 1474.1 1456.66 1485.05 1331.71 1124.43 1103.19 1115.2 999.77 999.45 1093.14 1083.91 1156.96 1154.98 1128.24 1159.05 935.99 876.95 928.25 1016.42 1020.29 1029.65 993.1 907.3 800.27 820.68 880.76 771.87 650.02 576.69 541.95 515.81 494.28 481.24 471.71 464.36 455.17 464.29 472.48 467.51 468.14 467.76 474.65 483.1 488.37 493.1 494.13 492.46 493.55 495.61 501.09 505.43 510.89 522.39 538.86 535.58 532.63 534.59 542.29 555.46 567.88 594.08
-9999 -9999 -9999 -9999 -9999 -9999 -9999 -9999 -9999 1401.253 1456.98 1396.74 1351.57 1418.45 1406.43 1263.04 1168.03 1154.32 1114.43 1109.73 1091.39 1091.48 1046.04 1166.39 1240.55 1252.09 1269.87 1090.84 918.6 983.25 1021.37 1109.8 1192.02 1120.44 998.11 967.63 895.04 779.53 714.35 625.68 572.11 534.29 512.85 481.67 465.1 456.24 447.8 441.78 450.62 450.06 447.07 446.11 449.7 457.02 461.3 464.35 465.91 472.07 471.3 469.11 471.89 480.81 486.13 497.76 510.01 505.33 507.74 513.88 517.21 522.29 535.01 553.36 598.09
-9999 -9999 -9999 -9999 -9999 -9999 -9999 -9999 1325.363 1493.51 1334.34 1336.36 1281.61 1362.31 1210.82 1258.57 1292.66 1338.88 1261.73 1229.64 1189.99 1104.17 1089.51 1106.39 1159.46 1203.84 1142.88 1024.56 949.15 1023.94 1075.94 1140.62 1090.64 894.24 804.66 780.73 748.97 688.01 626.79 571.11 548.62 513.6 489.39 473.17 449.06 441 431.81 429.71 430.43 429.13 432.4 431.67 439.67 445.63 443.41 445.44 444.7 443.31 450.02 445.17 463.1 475.62 476.56 482.96 477.91 490.49 491 496.88 502.26 512.44 529.87 553.23 548.84
-9999 -9999 -9999 -9999 -9999 -9999 -9999 1441.635 1472.28 1377.36 1307.45 1295.33 1308.73 1265.67 1417.22 1509.51 1537.78 1447.49 1337.57 1237.35 1171.55 1124.96 1082.32 1108.24 978.53 1068.12 1053.69 989.04 1001.19 1014.33 1034.17 1048.33 1025.02 815.64 756.25 717.11 674.94 637.68 592.31 552.52 519.49 491.56 469.05 454.74 439.59 427.5 417.15 416.54 415.95 418.95 414.16 418.88 427.33 427.45 430.34 431.27 429.36 427.4 430.2 429.43 445.28 447.73 448.33 460.06 471.93 479.72 479.41 481.72 487.7 492.43 503.08 518.22 539.96
-9999 -9999 -9999 -9999 -9999 -9999 -9999 1385.933 1304.95 1319.91 1352.19 1487.14 1399.42 1428.89 1581.26 1461.53 1384.91 1298.34 1292.07 1338.88 1318.67 1229.48 1163.82 1068.34 918.83 982.5 995.51 929.49 935.34 934.24 900.42 895.29 934.25 766.83 720.37 700.16 680.9 621.61 582.27 548.79 518.67 483.84 459.77 440.04 424.77 412.04 404.71 401.89 401.55 401.13 402.55 408.87 416.03 415.17 417.03 420.26 424.33 429.14 437.15 426.49 423.05 435.51 445.48 456.22 469.43 477.85 476.53 481.15 488.15 495.94 502.44 525.71 541.35
-9999 -9999 -9999 -9999 -9999 -9999 -9999 1287.545 1317.682 1415.58 1387.36 1479.91 1321.49 1319.84 1355.63 1331.24 1298.07 1397.13 1468.39 1423.87 1372.62 1330.21 1143.94 1071.53 922.94 966.13 1013.48 919.23 882.83 903.58 864.66 817.68 789.84 703.81 692.16 649.67 636.62 619.03 602.34 580.71 539.85 502.79 458.67 437.02 415.52 401.31 391.36 386.95 383.27 384.58 389.99 398.07 401.85 406.93 419.22 427.83 431.62 431.03 429.34 415.72 425.25 435.26 444.05 455.9 464.59 469.65 474.14 474.08 479.52 484.17 487.32 500.8 513.87
-9999 -9999 -9999 -9999 -9999 -9999 -9999 -9999 1362.44 1416.9 1260.53 1304.28 1259.75 1277.3 1331.16 1463.34 1498.79 1534.28 1382.6 1395.03 1331.84 1293.28 1201.81 1072.65 921.51 961.98 1013.81 901.14 865.64 827.41 837.85 850.22 754.21 679.21 688.88 631.39 610.43 603.72 564.64 528.12 514.99 493.3 451.41 416.73 401.01 391.24 379.95 376.51 377.69 379.91 380.91 385.96 398.56 411.34 418.02 424.42 429.26 421.81 412.62 415.98 426.14 431.62 439.56 446.04 450.9 456.83 454.12 458.08 465.06 466.2 471.43 476.33 481.94
-9999 -9999 -9999 -9999 -9999 -9999 -9999 -9999 1279.422 1260.092 1297.54 1316.54 1343.42 1274.04 1307.16 1337.14 1332.74 1284.07 1348.02 1382.13 1347.96 1242.78 1113.96 1005.47 989.2 1039.68 948.47 859.46 804.05 821.67 851.56 892.07 759.74 721.29 664.46 617.06 619.52 600.75 563.32 523.53 486.24 464.94 438.91 409.78 388.88 376.14 367.58 364.58 366.67 370.28 376.58 388.27 398.71 403.22 410.35 417.65 417.87 412.09 417.34 419.84 422.5 426.07 434.14 443.05 445.18 451.82 440.37 439.61 442.99 451.39 453.48 460.73 467.86
-9999 -9999 -9999 -9999 -9999 -9999 -9999 -9999 1236.75 1272.95 1273.43 1243.77 1177.94 1178.2 1187.35 1270.96 1285.56 1416.82 1409.92 1337.76 1225.29 1175.52 1079.33 1012.9 1124.99 988.75 889.57 806.79 769.16 799.81 837.74 826.86 782.18 701.78 651.66 612.8 599.54 575.28 554.33 516.24 488.6 455.7 422.54 397.57 378.15 362.44 356.63 363.31 363.35 368.07 371.47 374.01 383.06 392.08 402.4 409.21 404.77 405.56 410.4 410.35 415.67 422.12 426.58 424.53 426.6 440.93 434.44 446.4 447.29 449.55 450.84 457.85 464.33
-9999 -9999 -9999 -9999 -9999 -9999 -9999 -9999 -9999 1250.41 1213.53 1206.44 1194.46 1260.34 1209.18 1206.78 1316.49 1294.38 1244.8 1217.7 1144.86 1238.07 1182.97 1210.79 1118.82 953.63 843.96 785.89 783.77 804.45 803.36 758.3 722.97 654.79 626.85 601.26 594.44 577.84 534.29 500.5 471.65 453.61 419.32 391.95 366.72 347.15 345.49 352.65 353.28 355.39 357.39 363.19 367.8 378.7 383.86 385.68 389.73 394.99 395.75 412.69 418.02 426.2 432.81 434.79 435.59 439.89 449.57 459.12 459.24 462.72 477.85 476.47 485.18
-9999 -9999 -9999 -9999 -9999 -9999 -9999 -9999 -9999 1207.12 1224.64 1204.68 1232.03 1190.58 1195.73 1224.08 1279.63 1269.39 1103.9 1210.95 1323.33 1308.45 1262.05 1165.79 1059.99 1004.19 942.43 806.97 801.36 853.8 883.85 745.52 682.5 643.56 621.22 598.38 589.39 566.22 520.38 503.64 476.69 439.47 415.69 386.21 360.26 347.83 344.3 349.85 349.5 348.47 347.69 356.23 359.01 363.51 371.39 381.48 383.79 386.61 394.08 406.98 416.96 423.05 430.04 434.47 439.39 441.91 448.2 471.57 500.91 507.57 499.9 471.06 473.5
-9999 -9999 -9999 -9999 -9999 -9999 -9999 -9999 -9999 1192.263 1185.68 1173.15 1165.44 1172.64 1204.69 1186.35 1269.82 1224.05 1118.71 1257.25 1438.57 1255.36 1232.58 1171.13 1049.59 918.9 867.86 838.75 838.28 780.08 793.1 719.72 692.7 707.07 693.7 647.13 594.06 545.6 530.14 512.15 483.59 452.64 421.75 397.14 374.01 365.39 360.96 353.38 355.09 354.4 355.3 356.66 361.45 364.45 373.45 379.45 379.59 379.73 390.86 394.69 396.7 406.01 415.65 422.74 433.18 440.04 442.09 465.28 493.47 481.74 474.84 473.45 479.11
-9999 -9999 -9999 -9999 -9999 -9999 -9999 -9999 -9999 1176.089 1188.14 1174.47 1214.45 1249.62 1210.04 1160.3 1164.25 1103.4 1278.81 1366.61 1214.77 1165.25 1200.88 1073.91 1100.11 947.91 985.11 937.19 798.82 758.13 749.87 695.39 711.66 721.8 678.21 619.17 566.93 554.9 537.02 510.24 483.65 459.46 437.38 415.34 400.08 390.16 375.61 365.83 356.06 349.55 358.89 358.17 358.76 360.81 362.26 365.73 371.32 376.36 381.06 387.25 393.68 402.92 411.34 424.22 434.68 441.6 449.41 457.1 472.36 463.94 473.88 497.64 532.48
-9999 -9999 -9999 -9999 -9999 -9999 -9999 -9999 -9999 1158.641 1150.68 1149.15 1155.48 1185.04 1157.53 1160.51 1099.62 1273.3 1332.73 1311.71 1078.73 1124.78 1114.2 991.09 974.41 973.14 1030.06 974.86 781.07 776.97 784.91 733.36 738.01 700.77 669.18 624 614.88 586.23 543.57 508.82 478.53 463.44 445.28 433.5 409.42 389.97 382.24 379.76 368.17 358.62 356.5 357.71 356.49 359.49 360.6 362.86 367.42 372.91 382.56 385.4 393.05 403.32 411.38 423.99 436.4 445.37 452.59 463.5 475.64 481.51 485.73 536.27 629.22
-9999 -9999 -9999 -9999 -9999 -9999 -9999 -9999 -9999 -9999 1118.624 1099.36 1109.71 1144.06 1158.42 1121.61 1154.48 1186.49 1159.12 1180.55 1083.78 1109.41 1079.79 1033.71 1023.67 959.08 904.32 856.59 764.08 815.27 797.66 734.1 704.54 693.63 690.8 654.81 618.19 590.86 560.34 525.64 489.27 456.44 436.9 412.81 395.98 383.4 375.85 375.39 369.07 362.73 357.1 358.63 360.32 362.78 360.93 360.64 367.11 371.59 382.44 385.08 392.12 404.91 417.28 426.89 440.75 459.13 476.82 484.34 492.62 518.5 570.73 620.46 610.22
-9999 -9999 -9999 -9999 -9999 -9999 -9999 -9999 -9999 -9999 1089.012 1115.2 1080.82 1099.01 1113.93 1182.22 1340.85 1300.66 1439.93 1389.27 1235.84 1258.81 1193.44 1177.51 1154.78 1088.12 976.04 917.31 787.71 770.13 736.51 711.25 681.87 698.96 692.63 656.06 627.76 593.85 568.39 539.37 503.4 472.95 443.37 416.78 395.56 381.4 379.13 377.82 378.73 374.35 364.69 364.51 364.48 364.75 361.45 364.6 369.3 369.85 381.51 385.92 394.86 408.96 415.79 434.48 454.74 475.66 497.9 568.39 579.09 581.66 506.72 507.74 568.99
