layers/wordclim/future/Iberia_wcB2a_10_hadcm3_2020/bio_18.asc
ncols         166
nrows         93
xllcorner     -9.4959440078468
yllcorner     36.000324005443
cellsize      0.083333337679505
NODATA_value  -9999
[rows 35 to 69 of 93, columns 0 to 76 of 166]
-9999 -9999 -9999 -9999 -9999 -9999 -9999 -9999 -9999 -9999 75.83146 77.54 80.25 87.65 82.67 83.42 81.04 71.83 70.98 73.57 74.57 73.51 71.65 70.96 69.16 70.15 61.59 55.5 54.87 52 53.9 54.42 51.89 50.47 51.5 51.41 50.18 47.29 47.07 46.54 46.46 46.92 46.41 47.61 48.1 49.43 49.42 46.79 47.67 48.25 48.92 49.57 51.36 52.42 52.25 51.12 51.85 51.05 52.86 54.86 57.06 58.28 59.16 65.25 81.36 83.31 92.76 83.51 64.4 53.95 50.7 45.5 46.65 50.84 50.8 48.2 46.5
-9999 -9999 -9999 -9999 -9999 -9999 -9999 -9999 -9999 74.54054 73.07609 74.22 75.23 76.39 80.61 77.43 77.1 72.55 72.87 72.18 68.7 66.93 65.92 65.71 64.43 61.5 59.05 57.55 58.11 56.12 54.3 55.64 52.98 51.41 50.02 51.7 50.75 47.02 47.55 48.06 47.85 47.44 48.76 50.12 50.7 48.07 45.82 46.69 48 49.68 50.21 52.23 56.09 56.12 57.9 58.41 58.05 55.15 56.43 57.06 64.51 63.99 68.72 70.4 67.11 60.12 59.26 53.66 51.73 53.64 46.4 41.75 44.4 46.23 47.55 44.32 46.73
-9999 -9999 -9999 -9999 -9999 -9999 -9999 -9999 -9999 71.58108 72.17525 71.25 70.92 73.61 76.16 81.49 81.96 71.67 67.01 65.33 64.44 65.3 66.04 62.19 58.23 58.29 59.19 65.35 61.94 58.38 57.47 56.02 53.9 50.67 48.38 47.67 47.59 48.44 49.15 49.99 51.09 52.27 50.1 48.35 48.02 46.69 46.83 48.05 49.43 52.79 56.27 58.25 62.86 63.39 61.59 58.96 55.21 54.66 57.39 61.39 64.82 68.6 67.77 71.6 58.56 50.39 54.12 52.17 45.38 43.74 41.16 39.6 41.99 42.16 43.61 41.22 49.5
-9999 -9999 -9999 -9999 -9999 -9999 -9999 -9999 -9999 69.29 69.75 68.82 68.21 69.28 75.48 81.43 68.82 65.38 63.18 63.74 62.12 61.39 59.81 61.75 73.99 75.27 68.4 66.78 62.1 58.94 56.43 57.44 53.5 49.63 48.22 47.22 46.98 51.73 55.64 61.61 54.14 51.6 47.28 45.99 48.43 48.61 46.69 49.09 52.87 53.83 55.03 60.83 70.13 61.65 57.51 58.94 62.53 63.02 60.21 54.17 56.68 53.45 53.97 57.19 50.07 47.69 44.91 42.89 41.11 42.07 40.14 38.75 39.56 39.32 39.77 46.2 49.99
-9999 -9999 -9999 -9999 -9999 -9999 -9999 -9999 67.48387 68.18 68.25 67.28 66.07 68.93 70.85 68.53 65.51 62.77 61.68 60.39 61.23 62.51 75.19 92.09 81.92 72.35 64.02 66.54 61.83 57.5 56.99 57.61 52.49 50.76 52.1 50.43 48.36 51.03 51.63 50.99 49.58 40.2 40.22 43.8 44.71 49.45 49.61 48.06 49.19 53.59 64.81 73.42 74.4 71.95 74.09 68.69 58.27 51.86 47.84 47.66 45.45 43.16 46.28 46.67 43.56 41.41 39.91 42.97 40.26 40.5 39.81 36.33 35.51 37.77 43.13 48.19 47.96
-9999 -9999 -9999 -9999 -9999 -9999 -9999 -9999 64.48351 65.32 65.93 65.82 64.29 68.15 67.06 63.04 62.22 61.03 60.81 62.73 63.8 77.56 107.97 93 67.21 57.7 55.78 60.95 61.93 59.63 59.58 58.16 56.67 54.71 53.09 52.22 56.77 52.26 49.12 40.31 36.75 37.73 42.36 44.1 51.63 69.01 63.42 50.24 53.95 67.08 71.13 71.18 71.42 63.3 62.31 56.98 53.86 57.04 59.69 54.81 42.57 40.61 40.31 39.31 37.24 38.95 38.99 40.92 40.55 37.76 37.93 36.11 35.71 40.03 43.86 45.59 44.33
-9999 -9999 -9999 -9999 -9999 -9999 -9999 -9999 62.57 63.05 64.2 62.67 62.42 65.71 64.42 61.04 61.24 60.91 60.64 63.95 66.45 73.04 94.19 88.38 58.43 53.37 54.18 55 58.29 62.51 61.65 63.11 58.57 54.7 56.11 50.31 46.54 41.74 39.2 36.51 33.86 37 39.48 43.53 66.38 79.48 61.43 57.51 65.35 73.39 83.22 77.68 70.35 56.06 60.06 59.35 45.22 37.61 40.89 43.27 42.58 40.63 37.39 35.23 37.26 38.64 38.15 39.1 39.27 37.3 36.11 35.14 37.04 41.55 42.45 42.24 45.03
-9999 -9999 -9999 -9999 -9999 -9999 -9999 60.15068 60 58.89 59.08 57.83 59.68 62.29 61.07 61.42 60.04 61.52 67.24 74.21 77.13 65.94 60.71 57.41 55.02 54.16 51.04 51.13 52.35 53.75 48.26 44.74 54.58 45.52 41.18 38.6 36.67 38.51 34.61 33.02 32.1 31.97 42.01 57.69 48.02 58.06 77.95 76 73.42 50.45 60.16 54.25 40.92 35.05 38.3 31.62 33.48 35.74 39.12 40.86 36.22 33.51 33.75 36.22 38.05 38.26 36.84 38.82 37.95 37.64 35.95 35.67 36.59 39.23 40.7 42.29 42.91
-9999 -9999 -9999 -9999 -9999 -9999 -9999 -9999 55.28409 56.89 56.73 57.2 59.75 60.19 58.65 63.63 66.85 67.91 67.18 70.3 68.51 60.39 60.92 60.55 57.23 52.94 48.51 47.99 47.17 44.5 41.64 41.32 41.12 38.29 34.98 34.46 35.7 35.55 32.73 31.68 31.72 34.03 42.35 41.62 49.79 41.29 39.48 38.27 34.45 29.33 29.72 29.77 29.76 31.34 32.4 33.64 38.35 41.01 33.9 31.9 31.36 32.96 35.21 36.76 37.2 36.5 37.08 36.83 35.92 37.37 34.46 34.8 38.04 41.39 41.17 39.73 38.72
-9999 -9999 -9999 -9999 -9999 -9999 -9999 53 53.71 54.26 54.03 58.39 60.05 58.6 66.63 71.54 66.57 62.77 62.2 60.02 57.83 64.09 58.51 60.9 52.12 48.15 47.49 45.67 45.61 45.76 43.59 38.59 36.82 34.22 33.6 32.97 32.59 31.18 29.49 29.01 30.03 32.08 33.41 34.3 33.92 29.34 28.44 27.04 27.01 27.07 26.58 28.01 28.58 29.15 30.28 32.29 31.84 30.19 30.25 30.55 31.03 32.65 34.35 35.4 35.23 34.39 35.42 34.33 35.38 34.43 33.23 34.6 35.53 36.23 36.58 38.72 42.17
-9999 -9999 -9999 -9999 -9999 -9999 -9999 50.36 52.13 52.11 52.5 58.13 57.15 58.01 61.88 60.76 57.59 58.8 61.32 61.23 61.04 57.74 49.31 49.55 48.36 45.77 44.73 42.94 42.39 41.68 38.94 36.89 37.52 35.48 34.43 31.57 30.69 29.54 29.13 30.05 31.27 30.04 28.16 26.71 26.79 26.97 26.99 26.47 26 26 26.31 27.02 27.64 28.37 29.46 28.94 29.29 29.58 30.09 31.69 33.25 33.59 33.65 32.94 33.31 34.13 33.85 32.99 33.05 33.79 35.95 38.68 40.69 40.91 41.29 42.96 44.67
-9999 -9999 -9999 -9999 -9999 -9999 46.23809 46.28 48.68 49.93 50.16 54.22 52.91 55.43 55.39 53.82 55.86 59.47 60.86 63.94 55.99 49.5 46.88 46.97 46.76 44.57 40.01 39.48 38.94 40.2 37.8 36.28 35.78 35.5 34.26 32.54 31.22 30.74 31.55 33.07 30.34 28.65 26.76 26.05 25.06 25.26 25.85 26.77 26 26 26.78 28.21 27.36 27.76 27.58 29.15 31.19 30.8 30.04 29.71 30.52 31.45 32.04 31.7 33.13 33.71 33.3 33.22 33.68 34.11 35.75 37.64 39.03 39.98 41.25 42.64 44.17
-9999 -9999 -9999 -9999 -9999 -9999 43.2449 43.4 45.49 48.87 50.88 50.4 48.86 51.45 50.5 50.99 51.25 53.08 56.55 56.9 50.68 46.82 46.15 46.14 42.86 39.3 39.14 37.98 39.42 37.55 36.48 36.12 35.31 34.2 33.08 32.65 32.64 31.9 30.28 28.79 28.31 27.32 27.01 26.69 26.46 25.31 26.53 27.55 26.2 26.88 27.21 27.56 26.86 27.96 28.36 29.51 31.65 31.97 31.76 32.44 32.65 30.95 32.7 34.81 35.59 36.04 36.62 35.49 34.96 34.76 34.56 35.09 36.87 38.12 39.9 40.93 41.66
-9999 -9999 -9999 -9999 -9999 40.71429 42.03 42.97 43.36 46.56 47.71 46.22 45.94 46.74 49.3 47.69 49.73 49.68 50.42 48.92 46 45.86 43.06 41.22 41.11 41.46 40.16 38.17 38.66 37.11 35.11 34.61 34.98 34.52 33.95 31.63 29.78 30.21 30.17 29.33 28.79 27.99 28.29 28.72 30.32 31.1 30.7 29.45 30.32 30.92 30.22 28.96 29.83 30.49 33.55 32.88 33.48 34.06 35.08 34.47 35.09 34.24 35.69 36.38 35.61 37.45 37.38 36.66 36.07 36.4 35.66 35.68 36.07 38.04 38.47 39.82 40.71
-9999 -9999 -9999 -9999 -9999 38.68293 39 41.65 44.54 50.02 46.07 44.63 43.47 42.08 44.88 44.51 46.74 48.5 47.98 45.56 43.64 42.01 40.64 40.84 41.05 39.94 38.31 39.16 36.86 35.79 35.68 35.34 35.09 34.75 34.59 32.35 30.99 30.02 29.53 29.29 28.06 27.53 26.83 27.39 28.41 29.38 30.96 32.77 32.98 36.37 33.36 34.06 31.53 31.2 37.04 36.86 38.63 38.19 39.08 38.34 38.53 36.03 36.56 37.31 38.32 37.82 38.27 37.52 36.38 36.76 35.81 36 36.12 38.01 37.5 38.23 39.83
-9999 -9999 -9999 -9999 -9999 36.35353 37.53 45.35 48.39 46.85 46.39 40.02 40.19 39.29 41.24 42.5 42.83 43.73 43.53 43.25 41.64 43.68 42.97 43.36 39.94 40.47 39.7 40.64 39.58 36.21 34.55 34.41 34.16 33.56 33.86 32.37 31.5 29.74 29.64 28.76 28.19 27.36 26.54 27.72 28.62 29.69 29.84 30.55 37.07 37.66 39.01 34.03 33.91 31.6 32.58 36.36 37.39 37.73 43.78 37.9 43.08 41.38 40.77 40.18 40.74 40.19 38.78 36.08 35.74 35.86 35.8 35.99 36.69 36.48 36.75 37.59 38.81
-9999 -9999 -9999 31.76191 32.2 34.75 38.13 42.58 41.32 38.29 37.28 36.99 37.4 37.84 38.15 37.99 38.65 38.75 40.57 40.92 42.13 43.08 43.34 43.67 45.21 43.11 41.06 39.92 40.52 38.22 35.24 34.2 33.48 32.1 31.77 31.38 30.99 30.8 29.91 29.35 28.41 27.32 27.44 29.1 29.3 33.87 31.79 31.64 36.24 39.53 32.24 30 29.3 30.15 28.11 29.29 29.86 32.01 34.39 33.79 35.95 35.62 35 34.58 40.43 43.99 41.64 38.33 36.33 36.69 35.48 35.18 35.49 34.98 35.48 37.24 39.38
-9999 -9999 30.01563 30.17442 31.25 32.98 35.23 34.33 34.62 35.16 35.05 34.87 36.04 39.11 38.51 38.56 37.98 39.52 39.96 40.28 40.22 41.56 42.13 43.51 47.21 49.14 46.6 43.61 40.61 38.64 36.88 35.74 33.6 33.86 31.7 30.74 30.24 30.1 29.77 29.57 28.99 27.98 28.27 28.52 28.91 32.6 32.86 31.57 30.13 29.8 28.76 25.67 27.04 25.94 26.2 26.26 27.7 29.4 31.77 34.49 36.17 37.27 34.09 35.92 37.77 37.89 39.86 38.21 36.14 37.46 39.24 36.49 35.11 35.01 35.07 35.76 37.02
-9999 -9999 30.31 30.53 31.15 31.45 31.6 32.03 32.82 32.92 32.57 33.1 35.25 36.27 36.73 37.48 37.67 37.35 37.38 39.2 38.07 39.31 39.92 40.96 43.64 48.9 47.61 41.01 36.45 36.13 35.25 33.43 31.5 32.4 30.63 30.88 30.8 29.74 29.71 30 29.39 28.18 28.33 27.34 25.71 26.52 25.28 25.64 24.4 26.75 26.22 24.27 24.43 24.49 28.35 27 27.35 29.45 29.2 30.56 31.21 29.96 29.98 32.24 36.35 36.19 35.05 36.23 38.05 37.5 40.43 35.95 33.73 33.55 33.85 34.97 35.82
-9999 -9999 29.71 29.83 30.57 34.38 30.91 31.23 31.4 31.03 31.44 32.9 33.92 34.53 34.11 34.7 35.17 35.01 35.6 37 36.14 37.07 39.61 39.93 40.11 40.91 41.3 38.63 35.39 34.07 34.52 31.29 30.59 30.55 30.33 30.73 30.12 29.93 29.69 29.4 31.05 28.36 25 24.77 24.02 24.11 23.55 24.03 23.51 24.22 24.26 24.13 23.56 23.73 26.28 29.24 28 27.88 27.53 29.62 32.47 30.48 27.97 29.09 33.32 33.88 32.5 31.3 31.8 34.32 33.09 31.44 33.27 33 33.36 34.57 35.65
-9999 29.70313 29.33 29.8 31.73 30.44 29.48 30.18 29.47 29.11579 30.23 31.28 32.52 33.67 33.32 33.42 33.88 34.66 35.03 35.02 35.19 35.71 36.6 38.38 38.24 37.79 35.67 35.05 33.7 31.91 31.86 30.3 30.33 29.71 29.65 29.24 28.26 27.8 28.38 27.43 26.77 24.24 23.96 23.33 23 23.09 22.96 22.54 22.4 23.05 24.01 23.97 24.33 25.33 25.57 27.31 29.76 27.4 27.28 30.32 31.8 30.89 29.91 28.5 31.08 31.92 29.64 28.93 29.24 29.78 30.2 30.81 31.69 33.66 33 33.66 35.19
-9999 29.94 29.4 30.36 31.71 30.49 27.48936 27.24444 27.1954 28.9 29.29 30.03 30.86 31.29 32.22 31.69 32.35 33.2 33.88 34.25 34.32 34.73 35 35.99 36.18 35.03 33.81 32.75 32.8 31.79 30 30 29.24 28.34 28.31 27.71 26.83 25.94 26.36 26.67 25.23 23.61 23.02 23.02 22.81 22.42 22.45 23.7 24 22.48 23.43 23.88 23.64 24.66 24.4 26.03 27.74 28.58 27.41 26.71 26.68 30.55 29.69 26.94 29.12 27.56 27.01 27.16 27.64 28.91 29.95 30.26 30.97 32.17 34.02 34.07 36.08
-9999 30.97959 32.47 31.84 32.73 29.97938 26.4557 26.02 27.73 28.62 28.77 29.52 29.69 30.1 30.68 30.2 30.8 31.03 31.84 33.39 34.14 34.94 35.01 35.94 36 35.31 35.53 33.93 31.29 30.25 29.46 28.54 27.77 27.01 26.67 25.46 24.76 24.43 25 24.85 22.68 22.23 22.65 23 22.83 22.58 22.56 22.41 22.5 23.4 23.44 22.74 24.21 27.76 25.96 26.98 25.91 25.49 25 27.79 25.89 26.26 27.3 26.65 27.73 26.71 26.99 27 27.09 27.73 29.7 30 30.52 31.68 33.86 36.17 38.14
-9999 32.46 32.76 31.8 28.65 27.73333 26 26 27.06 28 28.98 29.02 29.39 29.99 29.94 29.45 30.45 31.12 31.37 32.03 32.81 33.72 35.87 36.7 36.11 35.22 36.5 33.42 30.27 28.87 29 28.25 27.4 26.59 25.39 24.68 24.5 24.45 23.83 23.18 23.07 23.05 22.9 23.52 23.17 23.14 23.02 22.28 22.53 22.96 23.55 23.1 22.81 24.6 23.68 24.55 25.7 25.56 27.53 28.06 25.54 25.32 27.65 26.99 25.93 26.18 26.32 26.63 27.59 28.07 30 32.54 31.89 31.2 33.51 35.48 37.28
35.5679 33.91 32.38 30.15 27.93617 -9999 -9999 26.62 26.93 27 27.51 28.47 28.93 29.45 29.82 29.53 30.84 31.12 31.18 31.95 32.29 32.99 33.48 36.33 36.57 33.64 30.95 29.73 28.06 28.1 28.67 28.09 27.47 27 26.14 25.54 26.02 25.42 23.7 24.41 24.45 24.55 24.35 23.9 25.24 23.3 23.06 22.44 22.94 23.66 24.08 24.13 24.04 22.4 23.76 23.83 23.93 23.56 26.32 25.57 27.02 25.97 25.76 26.63 27.26 27.16 29.5 28.37 27.1 27.33 28.44 30.11 30.77 31.36 34.04 35.39 35.98
32.86 30.88732 29.2027 29.1039 27.97778 26.375 26 26 26.08 26.55 27.22 27.72 28.15 28.57 29.38 30.78 30.93 31.52 31.72 31.65 31.99 32.35 33.74 34.18 33.11 32.54 28.74 28 28.04 28 28.05 28 27.41 26.9 26.27 25.42 25.87 26.61 24.38 23.16 24.24 25.01 25.07 24.2 23.95 23.72 23.19 23.79 24.04 25.35 24.59 23.97 22.49 21.71 22.53 22.37 22.82 23.34 23.84 24.53 25.65 27.74 27.17 26.5 26.58 28.09 30.76 29.63 26.15 27.63 29.24 29.16 30.11 31.43 33.13 34.77 35.85
-9999 -9999 -9999 28.94595 27.64935 26.83333 26.11 25.97 25.93 25.9 25.97 26.36 27.11 28.54 29.52 30.4 30.46 31.03 31.19 30.28 30.28 31.18 31.25 31.74 30.88 29.86 27.93 27.72 28.04 28.63 29.03 28.65 27.73 26.19 26.21 25.77 26.26 26.8 25.84 24.14 24.61 24.76 25.2 25.18 23.83 24.88 24.63 25.7 24.71 23.21 22.37 21.88 21.62 21.69 23.69 22.58 23.12 24.75 24.32 25.23 25.87 26.91 27.41 27.01 27.69 27.81 26.56 26.49 29.55 27.38 29.31 29.69 30.24 31.98 33.69 35.85 35.83
-9999 -9999 -9999 -9999 27.89 27.4 27.46465 25.57647 25 24.97802 25.61 25.12 25.25 27.47 28.23 28.75 29.13 29.65 29.77 29.92 29.72 29.11 29.49 30.05 30.26 29.4 26.45 27.34 27.58 28.33 28.62 29.35 30.41 28.62 28.79 26.48 26.48 27.06 26.74 25.47 23.78 25.81 25.19 24.78 23.85 25.71 26.45 25.18 24.17 22.15 22.54 22.92 22.98 22.54 22.61 22.75 22.84 23.08 24.42 28.31 30.33 28.41 26.88 26.54 24.34 25.22 26.8 26.65 26.37 28.25 28.86 30.11 32.27 33.05 33.9 34.59 34.83
-9999 -9999 -9999 -9999 29.04938 28.87143 -9999 24.70588 -9999 24.08974 23.9 24.17 24.23 24.41 26.33 26.91 26 26.89 27.28 27.44 27.25 27.3 28.11 28.48 28.44 27.19 24.8 26.98 26.82 27.23 27.95 28.68 31.16 31.14 30.55 27.97 26.5 27.04 26.94 26.37 24.26 24.2 24.43 25.16 24.46 25.39 24.97 23.84 23.98 24.11 22.97 23.36 23.26 22.61 22.99 23.01 23 23 23.03 23.27 25.47 30.84 30.64 29.33 28.79 25.01 23.3 27.44 30.89 33.82 34.92 31.18 31.52 31.52 31.55 31.81 33.81
-9999 -9999 -9999 -9999 -9999 -9999 -9999 -9999 24 23.76531 24.02105 23.91 23.91 24.76 24.77 26.11 26.47 25.84 26.49 27.7 27.06 27.19 26.75 26.64 26.11 25.84 25.14 24.58 25.02 26.57 26.04 27.59 28.95 25.68 26.37 26.63 27.13 27 26.26 26.01 24.89 24.46 24.95 24.11 24.05 24.06 23.63 23.96 24.26 23.92 23.76 24.15 23.61 23.18 23 23.26 23.47 23.23 24.15 24.37 23.38 24.93 24.25 26.82 26.46 26.82 21.91 26.07 26.34 27.74 31.12 29.64 30.2 27.92 27.11 28.01 30.35
-9999 -9999 -9999 -9999 -9999 -9999 -9999 -9999 -9999 24.67 24.01 23.91 23.46 23.42 23.58 24.37 24.83 24.75 25.45 25.46 26.66 27.56 26.58 25.46 25.3 25.18 25.7 23.97 23.07 23.64 25.26 25.62 24.8 24.27 24.66 24.66 25.93 26.02 26.02 26.07 25.31 25.18 24.94 24.63 24.11 24.32 23.35 23.96 23.97 22.39 22.42 22.34 24.19 25.62 23.22 22.73 23.97 23.31 24.35 24.58 25.36 26.3 25.94 22.76 25.29 22.94 21.19 21.85 22.44 22.07 22.78 23.25 22.68 22.67 23.89 26.96 28.51
-9999 -9999 -9999 -9999 -9999 -9999 -9999 -9999 -9999 24.73 24.53 22.56 22.89 22.72 22.4 22.72 23.39 23.06 23.66 24.61 24.97 25.4 25.17 24.73 24.58 24.9 25.23 25.03 23.15 22.01 22.03 23.92 25.39 27.58 27.02 25.44 24.88 26 26 25.56 24.7 25.53 25.54 24.6 23.5 22.75 21.6 22.06 23.56 23.83 24 22.55 21.93 22.25 23.5 22.28 21.72 22.41 23.67 22.88 23.76 23.23 25.39 21.3 22.41 20.93 19.55 21.86 19.2 19.13 19.16 20.45 19.96 22.23 24.83 26.59 26.25
-9999 -9999 -9999 -9999 -9999 -9999 -9999 -9999 22.34615 23.92 25 23.08 22.01 21.62 21.89 21.13 21.17 22.21 22.65 22.34 22.34 22.17 22.1 23.17 24.34 24.77 24.94 24.6 23.25 21.51 22.33 23.14 24.88 26.24 26.14 27.2 26.77 26.49 27.14 26.65 23.72 22.66 23.74 25.2 24.1 23.19 21.74 20.86 20.56 21.17 21.48 22.88 23.38 22.37 20.79 21.04 20.48 19.73 20.78 20.2 17.83 18.36 19.06 18.71 19.35 19.26 18.54 17.78 17.64 17.54 19.05 17.63 19.15 21.62 21.91 22.65 25.07
-9999 -9999 -9999 -9999 -9999 -9999 -9999 -9999 21.84615 23.65 24.03 22.81 21.55 21.05 20.28 20.52 21.06 22.63 21.35 21.99 21.43 21.79 21.02 22.62 24.18 25.12 25.12 25.29 25.63 26.66 25.39 24.01 22.41 25.2 27.03 26.71 26.74 29.42 28.57 26.13 24.35 22.15 21.3 22.08 23.63 24.55 23.21 21.3 19.4 18.36 19.55 20.15 21.56 22.1 21.38 20.63 20.36 17.26 17.44 16.95 16.3 16.47 16.27 16.44 16.85 17.09 16.17 16.15 16.46 16.9 16.96 18.94 23.3 25.64 25.52 23.95 22.23
-9999 -9999 -9999 -9999 -9999 -9999 -9999 22.03846 21.76344 23.09 21.75 21.12 20.98 20.05 20 20 20.61 20.94 20.07 20.82 20.94 20.55 20.91 21.7 22.6 24.17 24.25 24.17 25.11 23.47 23.61 25.15 24.55 24.47 24.58 22.75 21.92 23.79 24.67 22.31 23.44 24.2 20.72 22.34 23.26 22.12 23.74 23.01 20.82 19.78 18.11 18.07 20.12 19.28 18.44 19.03 18.39 15.76 14.4 14.92 14.24 16.64 16.05 16.85 17.53 17.17 17.07 16.2 16 16.02 16.23 17.65 19.35 19.31 19.73 19.97 21.49
