layers/wordclim/future/Iberia_wcB2a_10_hadcm3_2020/bio_06.asc
ncols         166
nrows         93
xllcorner     -9.4959440078468
yllcorner     36.000324005443
cellsize      0.083333337679505
NODATA_value  -9999
[rows 35 to 69 of 93, columns 0 to 77 of 166]
-9999 -9999 -9999 -9999 -9999 -9999 -9999 -9999 -9999 -9999 62.62922 57.83 50.58 36.08 39.07 33.67 33.69 40.04 36.61 31.56 27.86 26.15 25.61 23.66 22.92 19.42 24.12 27.8 25.98 26.64 21.57 18.29 18.94 18.28 15.3 12.93 11.87 12.26 10.3 9.12 7.46 5.02 3.85 2.05 0.32 -0.76 -0.76 2.75 2.03 1.4 0.63 -1.15 -3.75 -5.95 -5.49 -2.95 -3.77 -2.11 -4.01 -6.16 -8.1 -7.23 -6.53 -11.93 -26.59 -27.28 -34.79 -26.74 -7.92 2.71 5.76 11.09 9.26 5.55 5.55 8.23 11.06 5.86
-9999 -9999 -9999 -9999 -9999 -9999 -9999 -9999 -9999 65.89189 63.94565 59.67 55.06 49.91 39.97 40.38 37.11 39.34 34.95 33.06 34.29 33.52 32.34 29.35 28.19 28.79 28.54 26.58 23.28 22.68 22.13 17.99 18.17 17.69 16.97 12.06 12.11 12.89 10.66 8.17 6.19 5.19 2.29 -0.28 -1.69 1 3.04 2.44 1.03 -0.47 -2.4 -5.6 -11.04 -11.21 -13.09 -14.36 -14.18 -10.31 -10.77 -11.61 -17.44 -16.12 -18.43 -18.77 -14.03 -5.09 -3.35 2.18 4.46 2.29 10.25 15.21 11.38 8.62 8.15 12.48 9.72 0.07
-9999 -9999 -9999 -9999 -9999 -9999 -9999 -9999 -9999 66.52702 63.52577 61.77 59.2 51.83 43.44 33.5 29.95 39.6 40.51 39.85 38.26 35.31 32.23 33.63 35.13 32.39 29.23 19.54 20.22 21.33 19.44 18.5 17.67 19.38 19.96 18.5 14.68 10.18 8.62 5.62 3.32 0.5 1.53 2.65 2.22 2.29 1.83 0.74 -1.65 -6.02 -10.83 -13.7 -19.59 -20.02 -18.43 -15.4 -11.13 -10.35 -13.68 -16.21 -19.04 -20.61 -18.56 -21.34 -5.35 4.73 1.12 3.53 12.07 14.03 16.61 17.46 12.78 12.57 10.92 15.32 6.01 2.73
-9999 -9999 -9999 -9999 -9999 -9999 -9999 -9999 -9999 66.41 63.61 62.57 60.64 55.61 43.37 32.19 45.82 45.69 45.26 41.84 41.34 39.74 39.31 34.7 21.15 17.15 20.55 19.65 20.08 20.41 20.8 17.4 18.66 20.74 19.77 19.15 16.54 7.35 1.7 -6.24 0.91 1.97 6.08 6.23 2.31 0.52 1.69 -1.57 -6.21 -7.82 -9.41 -17.17 -26.56 -17.65 -13.98 -15.54 -19.38 -19.75 -16.48 -8.69 -10.58 -4.55 -4.22 -6.54 3.5 7.23 12.53 15.1 18.15 15.63 17.12 17.15 15.1 15.76 15.96 8.26 4.34 7.07
-9999 -9999 -9999 -9999 -9999 -9999 -9999 -9999 68.70968 66.37 63.92 61.61 61.1 54.36 47.7 48.14 49.04 49.45 47.08 45.63 41.98 38.85 25.3 9.52 14.98 20.32 25.48 20.51 22.09 22.96 20.89 17.64 20.78 20.09 15.82 15.16 14.21 9.44 6.78 6.51 6.52 17.49 15.53 9.35 7.38 -0.33 -1.57 -0.72 -1.84 -7.46 -19.69 -30.3 -31.67 -29.24 -31.33 -25.33 -13.75 -7.09 -1.05 -0.61 3.98 9.04 5.61 6.46 12.03 16.06 18.77 15.97 19.06 17.91 16.91 18.7 18.85 16.59 9.38 4.64 5.75 3.99
-9999 -9999 -9999 -9999 -9999 -9999 -9999 -9999 69.07692 66.64 64.09 61.12 60.77 53.16 52.23 55.1 52.97 50.79 47.76 43.16 40.04 25.72 -2.43 9.03 27.78 34.86 34.38 26.55 22.61 22.29 18.48 17.41 16.69 16.2 15.52 13.74 5.74 9.63 10.64 21.11 24.73 21.52 12.18 8.26 -2.4 -21.01 -16.74 -3 -7.85 -22.86 -27.97 -28.83 -29.5 -21.22 -20.61 -13.72 -9.4 -12.86 -15.78 -9.92 8.02 11.35 12.79 16.66 20.93 18.95 19.37 17.58 18.47 20.89 18.62 18.52 18.59 12.73 7.29 5.99 8.33 4.61
-9999 -9999 -9999 -9999 -9999 -9999 -9999 -9999 68.83 66.32 63.4 62.43 61.4 54.11 53.4 56.11 52.84 50.69 47.97 41.84 37.12 29.07 8.22 12.18 37.06 39.55 36 32.73 26.73 19.74 16.49 11.47 14.21 15.43 11.16 16.35 18.66 23.48 24.98 27.24 30.22 23.16 17.61 10.29 -18.21 -31.97 -15.84 -11.32 -20.31 -29.54 -39.63 -34.97 -27.33 -11.75 -16.87 -15.23 2.72 13.51 9.17 5.39 6.59 10.29 17.49 22 20.4 18.29 20.03 18.67 18.41 20.44 20.6 20.81 17.11 10.72 9.19 10 6.84 6.64
-9999 -9999 -9999 -9999 -9999 -9999 -9999 69.38356 68.95 69.16 67.32 65.93 63.13 56.8 55.77 53.45 52.64 48.33 38.68 29.29 25.24 36.07 39.37 40.6 41.06 39.11 39.66 37.6 33.52 29.59 33.71 34.07 19.64 28.07 31.72 33.32 33.94 28.72 32.79 33.67 33.73 32.68 15.16 -7.47 3.71 -10.8 -32.97 -32.08 -29.26 -3.06 -14.8 -8.9 8.52 17.84 12.53 23.35 19.52 15.45 10.41 7.95 15.95 22.03 22.59 19.2 16.48 18.08 20.63 17.68 19.1 19.2 20.11 20.24 17.79 14.27 12 9.54 10.38 13.34
-9999 -9999 -9999 -9999 -9999 -9999 -9999 -9999 72.09091 69.78 68.2 66.3 59.83 57.51 57.71 48.44 41.64 37.83 36.88 32.36 35.28 41.78 39.44 37.69 38.94 41.22 44.56 42.8 40.44 41.14 42.31 39.94 36.74 39.09 42.03 40.08 36.21 33.7 36.23 35.7 34.61 28.28 14.21 12.86 0.52 11.62 13.38 14.7 20.47 30.13 29.39 29.36 26.67 23.22 21.65 18.93 10.26 6.69 18.44 22.43 23.74 21.82 19.11 16.78 16.98 19.22 18.77 19.2 20.3 17.65 21.26 20.29 15.63 10.43 11.1 13.96 16.28 12.92
-9999 -9999 -9999 -9999 -9999 -9999 -9999 73.76 70.96 70.32 69.36 61.36 56.82 56.63 43.57 35.84 40.29 43.86 42.79 44.3 46.23 37.86 42.15 37.57 45.25 47.77 46.52 46.08 42.75 39.95 39.81 44.17 44.7 46.44 44.86 41.98 40.65 40.92 41.71 40.95 36.67 31.34 27.63 24.77 23.91 31.59 33.05 35.48 34.83 33.76 32.28 29.57 28.75 27.41 25.24 20.55 21.76 24.88 25.09 24.05 22.95 21.29 19.03 18.24 19.38 20.69 18.82 22.23 20.03 21.11 22.44 20.08 18.51 17.16 17.2 14.78 10.26 7.77
-9999 -9999 -9999 -9999 -9999 -9999 -9999 74.23 70.71 69.95 68.3 58.19 58.21 55.74 47.42 48.43 50.9 48.4 43.04 41.87 40.92 44.13 51.56 49.38 48.75 50.24 49.52 49.51 47.43 46.2 46.59 46.84 43.58 45.76 45.38 44.68 44.25 44.42 43.07 38.21 34.33 34.34 37.78 39.14 38.8 38.54 37.05 36.22 35.59 33.95 32.15 30.82 29.49 28.14 25.7 27.07 26.26 25.81 24.96 21.87 18.93 18.48 19.38 20.94 21.47 20.12 20.72 22.56 21.98 20.96 16.76 13.11 11.01 10.31 10.06 7.8 6.09 5.43
-9999 -9999 -9999 -9999 -9999 -9999 77.55556 76.71 71.31 68.44 67.63 61.56 61.32 56.81 55.83 56.05 51.66 46.14 42.59 37.72 46.87 53.3 55.09 52.64 51.12 52.03 55.47 54.07 52.27 48.75 48.36 48.05 47.58 45.69 45.74 44.37 42.6 41.74 37.83 33.3 35.49 37.46 40.47 40.7 39.57 38.43 36.67 33.09 34.34 33.18 30.58 27.42 28.86 27.15 28.7 25.88 21.15 22.25 23.55 24.77 23.6 22.06 21.65 22.45 20.29 19.31 20.44 20.66 19.54 18.37 16.09 13.02 11.49 10.9 9.57 8.32 7.44 7.14
-9999 -9999 -9999 -9999 -9999 -9999 77.19388 76.59 73.2 67.98 63.51 63.18 64.7 59.7 60.15 59.02 57.51 54.02 47.88 46.5 54.11 56.58 55.63 54.06 56 58.49 56.66 55.49 52.02 51.72 50.21 48.77 48.26 48.2 47.36 44.39 42.28 39.44 40.12 41.19 40.18 40.39 37.96 37.11 36.13 37.48 33.52 30.74 33.19 30.63 29.21 27.85 29.7 25.91 25.08 23.96 19.4 19.03 19.51 18.26 18.49 22.05 18.31 14.31 13.47 11.93 11.43 13.15 14.72 14.85 15.47 15.61 13.28 12.29 10.48 9.59 9.71 7.78
-9999 -9999 -9999 -9999 -9999 78.01786 75.77 74.37 73.46 67.54 65.52 67.62 68.38 64.77 60.07 62.18 58.14 57.43 55.46 57.67 60.55 59.09 60.04 60.23 58.6 56.42 55.77 55.6 52.93 52.17 52.64 50.94 47.28 45.59 44.93 46.35 47.65 44.78 41.84 39.24 38.39 38.2 35.49 32.83 28.66 25.72 25.45 26.49 23.88 21.36 22.39 24.12 22.09 20.75 13.97 14.62 14.1 13.42 11.51 12.89 12.28 14.1 11.49 8.46 10.6 8.34 8.56 9.36 10.12 10.84 12.2 12.22 12.46 11.53 11.72 10.84 9.83 8.55
-9999 -9999 -9999 -9999 -9999 79.45122 78.58 73.79 68.93 60.5 65.86 68.21 69.83 69.54 64.88 64.79 60.91 58 58.05 61.5 63.21 63.43 63.62 60.8 58.9 58.28 57.84 54.71 54.76 53.65 51.09 49.02 46.51 44.42 42.54 43.97 44.82 44.74 43.35 41.68 39.99 39.52 36.77 34.27 31.61 28.13 24.22 20.21 18.02 11.22 15.38 13.44 17.92 18.54 7.02 6.45 4.17 5.67 4.5 5.26 5.03 9.13 8.6 5.42 4.59 5.72 5.45 6.4 8.46 8.87 10.78 10.65 11.02 10.16 12.05 12.28 11.26 10.35
-9999 -9999 -9999 -9999 -9999 80.26263 78.02 65.77 60.91 61.99 63.25 73.03 73.43 72.59 68.53 66.42 65.51 64.4 64.28 63.88 65.07 62.55 62.05 60.05 60.14 58.13 56.55 53.2 51.76 52.58 52.91 50.5 47.99 46.68 44.82 43.67 43.11 44.99 43.09 42.47 41.82 39.49 36.62 33.36 30.54 26.7 25.27 22.67 9.62 8.09 5.23 13.14 12.46 16.46 13.82 7.58 5.43 5.36 -2.9 5.09 -2.41 -0.14 0.63 1.49 1.01 1.54 3.43 7.64 8.83 9.26 9.94 10.62 10.62 11.81 12.35 12.17 11.47 11.52
-9999 -9999 -9999 85.02381 84.62 80.14 73.43 67.46 68.82 73.69 75.34 76.59 76.33 73.69 73.34 73.05 71.76 70.85 67.08 65.48 63.32 62.63 61.59 60.31 57.87 57.34 56 53.9 50.44 49.71 50.83 50.02 49.12 48.45 46.79 45.12 43.3 40.98 41.19 40.14 40.44 38.56 36.08 32 28.49 18.05 20.92 20 10.81 4.6 15.7 19.59 20.48 18.07 21.13 18.78 17.86 13.66 9.22 10.39 6.34 7.4 8.36 8.69 0.15 -4.57 -1.28 3.22 6.13 6.41 9.03 10.48 11.15 12.74 13.12 11.9 9.58 10.95
-9999 -9999 86.54688 86.16279 83.18 80.11 75.8 78.74 78.21 76.89 78.72 79.22 76.74 71.85 71.18 70.75 70.58 67.87 66.58 66.25 65.6 63.98 62.44 60.67 56.1 52.04 51.43 50.81 49.95 48.7 47.05 45.97 46.96 43.93 43.95 44.85 44.13 42.46 40.78 38.87 38.2 35.92 33.45 31.72 29.94 21.79 17.99 18.9 20.65 20.45 21.62 26.35 23.18 24.9 24.28 23.9 20.54 16.53 12.44 7.9 5.45 3.56 8.76 5.86 3.17 2.82 0.3 2.82 5.05 4.04 2.7 8.01 11.81 13.21 13.98 13.51 12.23 13.06
-9999 -9999 84.69 83.34 82.32 80.58 79.88 81.19 80 79.64 80.85 79.61 75.41 73.46 71.64 70.55 70.11 69.85 69.24 67.98 67.86 66.13 64.7 62.66 59.33 50.63 49 52.35 52.84 50.16 48.35 48.54 47.89 44.71 44.74 43.16 41.27 42.51 39.84 36.68 35.92 35.04 32.64 34.05 35.73 32.29 33.79 31.68 30.51 25.02 25.37 29.18 27.65 27.32 19.11 21.07 20.06 15.56 15.24 13.77 12.56 14.71 14.62 10.49 4.13 4.21 6.02 4.87 2.39 3.31 0.55 8.37 12.47 13.73 14.21 14.35 14.13 13.98
-9999 -9999 84.85 83.17 81.59 74.18 80.93 80.96 80.93 82.11 81.81 78.23 76.19 74.96 73.41 71.82 71.88 72.09 69.68 68.91 68.88 67.03 64.3 62.93 61.25 58.41 55.16 53.19 52.88 51.25 47.96 48.86 47.35 45.49 44.06 41.82 40.66 39.97 38.48 37.15 31.4 33.96 38.88 37.84 38.15 36.64 36.41 34.22 34.55 32.21 28.45 27.66 28.44 26.87 21.97 16.02 17.38 17.4 17.84 14.92 8.95 12.19 16.25 14.79 7.33 6.81 8.87 11.16 11.01 8.25 11.25 14.27 14.21 14.08 14.04 14 13.98 13.84
-9999 85.32813 84.76 81.82 77.18 80.06 83.09 81.87 83.57 83.33685 81.28 79.14 76.82 75.02 73.94 73.14 74.08 71.98 70.54 70.43 69.26 67.52 65.65 62.6 61.09 59 57.35 54.45 52.81 51.87 49.07 48.97 46.55 45.59 44.17 43.3 43.38 42.35 39.39 39.32 39.43 42.21 41.21 41.05 40.81 38.72 37.91 37.1 35.95 33.83 30.59 29.68 25.7 23.23 22.05 18.31 13.44 17.36 17.58 12.45 9.11 10.71 12.15 13.52 9.62 8.32 11.58 13.29 14.13 14.74 14.7 14.8 14.67 14.86 14.99 14.75 13.99 13.48
-9999 83.09 81.94 78.84 76.2 78.81 85.39362 85.27778 85 83.14 80.77 79.38 77.38 76.85 76.4 75.02 74.22 72.58 71.26 69.95 69.29 67.76 65.82 64.17 61.61 58.81 57.09 55.29 51.8 50.1 50.27 48.8 48.04 47.29 45.96 45.48 44.96 44.49 42.5 40.19 40.94 43.22 42.75 42.06 40.92 39.62 38.14 33.72 31.63 33.87 31.16 28.73 28.87 25.43 22.92 19.63 16.08 14.43 16.49 18.07 17.3 10.37 11.61 15.71 11.1 13.6 13.34 13.44 14.28 14.92 15.04 15.05 15.16 15.01 14.39 13.63 12.85 11.21
-9999 78.62245 74.99 74.46 73.09 78.87629 85.82278 86.07 84.97 83.13 82.18 81.18 80.73 78.87 77.15 76.09 74.9 74.05 72.32 69 67.21 65.36 63.83 62.35 60.2 57.35 53.73 51.91 52.33 50.74 49.66 48.48 47.87 47.25 46.56 46.45 45.94 45.4 43.43 42.41 44.34 43.83 42.71 41.14 39.63 38.68 37.38 35.91 34.16 31.23 30.29 31.49 26.83 18.53 21.21 18.7 18.51 18.95 18.71 14.93 17.57 16.67 14.62 16.05 13.05 14.54 13.02 13.27 14.78 15.1 15.24 15.42 15.12 15.01 13.85 10.89 8.9 6.26
-9999 75.51 72.83 74.76 81.22 84.43333 87.16049 86.47 84.76 83.18 81.28 79.95 78.85 77.06 77.28 75.52 73.8 72.37 70.89 68.65 67.22 65.01 60.27 58.14 57.36 56.13 51.55 50.74 52.47 51.64 48.86 47.1 46.72 47.27 46.75 46.3 45.35 44.08 43.94 44.2 42.83 41.4 40.78 37.96 37.08 35.61 33.87 35.45 33.19 31.53 29.56 29.71 29.99 24.31 26 23.19 20.17 18.04 13.98 13.71 16.98 17.57 13.38 14.35 16.21 15.37 15.31 15.17 14.03 14.15 14.04 10.91 12.85 15.42 14.03 11.81 9.84 8.25
75.28395 73.09 73.44 77.9 84.96809 -9999 -9999 86.14 84.21 83.13 81.78 79.84 78.2 76.16 75.07 73.21 70.86 69.49 68.76 66.55 65.46 63.28 61.3 56.67 54.04 56.3 55.67 54.75 53.88 50.88 47.87 46.09 45.65 45.34 44.99 44.13 42.24 41.41 42.8 40.35 38.66 36.83 35.85 35.75 30.85 33.58 32.47 34.15 31.28 29.12 26.31 25.52 25.6 30.36 24.84 23.7 23.44 23.84 17.77 17.71 14.65 15.87 16.38 14.87 13.82 13.28 10.04 12.52 15.41 15.73 16.17 15.04 15.1 15.17 12.16 11.76 11.61 9.82
81.18 79.78873 80.66216 82.53247 85.71111 88 87.11236 86.33 84.84 82.77 80.46 79.26 77.96 76.48 73.61 70.54 67.75 66.29 65.93 65.02 63.64 62.86 58.69 57.5 57.66 55.59 57.99 56.16 52.36 49.88 47.19 45.72 45 44.56 43.59 43.38 41.73 40.09 40.82 41.71 38.33 34.61 32.46 33.33 32.5 31.53 31.86 29.22 27.77 23.9 24.42 25.1 28.2 29.34 27.94 28.71 27.68 24.51 22.54 21.74 16.98 13.15 13.96 15.2 15.43 12.79 9.1 11.31 17.95 17.06 15.2 16.42 16.09 15.61 13.77 12.18 11.54 10.39
-9999 -9999 -9999 84.74324 86.50649 87.21429 86.01 85.49 85.03 83.3 81.51 79.95 77.71 73.83 70.44 68.9 66.33 64.71 64.48 65.75 64.88 64.14 62.35 59.67 59.12 59.43 57.59 55.81 51.47 47.79 44.68 43.22 43.34 42.53 41.78 41.61 40.04 38.51 38.45 39.29 36.23 33.71 30.57 29.44 32.01 28.15 27.85 24.22 25.56 27.57 28.81 29.09 29.02 28.17 23.14 27.4 24.72 20.26 21.46 19.54 17.94 15.23 14.24 15.05 14.1 14.31 16.95 18.62 13.68 18.91 15.2 15.93 15.8 16.38 13.44 9.98 10.48 10.31
-9999 -9999 -9999 -9999 85.46 84.61 82.32323 84.92941 85.78022 84.34066 81.22 80.43 78.25 73.45 71.42 69.42 66.09 66 66.67 65.71 65.23 64.33 62.41 59.5 58 58.75 58.79 55.36 51.58 46.84 43.87 40.58 36.66 37.49 34.96 39.06 38.45 35.65 35.64 36.29 37.25 30.15 29.62 29.76 30.95 25.38 22.56 24.66 25.49 28.68 27.51 26.39 25.41 26.37 25.75 26.48 26.63 26.66 22.28 14.02 10.42 13.81 15.6 16.66 21.75 20.4 17.99 19.62 20.46 17.49 16.94 15.8 14.15 13.52 13.04 12.33 12.58 13.94
-9999 -9999 -9999 -9999 82.12346 80.04285 -9999 86.17647 -9999 84.73077 82.7 80.65 78.87 77.42 73.79 71.27 70.31 68.66 67.08 65.39 65.08 64.59 61.87 60.44 59.38 59.9 59.16 55.7 52.19 48.58 44.31 39.98 33.89 32 31.36 33.97 37.18 32.53 32.7 33.31 35.35 33.94 31.14 28.15 28.13 25.44 25.27 26.5 25.26 24.34 25.99 24.49 23.74 25.43 23.47 22.47 23.43 23.7 24.42 23.66 19.13 10.07 10.73 11.7 13.47 22.23 26.68 18.76 12.41 8.29 7.22 15.52 15.98 16.91 17.7 18.35 16.08 13.91
-9999 -9999 -9999 -9999 -9999 -9999 -9999 -9999 85.375 83.53061 82.17895 82.05 79.71 76.8 75.85 70.59 69.34 68.19 65.73 62.05 62.48 62.31 62.36 61.21 61.5 61.12 58.32 56.06 53.06 48.41 45.74 40.07 36.47 41.78 38.55 36.71 33.69 32.64 31.24 29.8 31.26 31.75 28.53 29.39 27.31 26.76 26.82 25.4 24.05 24.38 23.55 21.38 21.91 22.49 23.1 21.64 21.04 21.78 20.75 20.91 23.18 22.39 24.06 19.59 18.76 19.02 30.85 22.2 22.21 20.15 15.19 18.48 18.91 23.44 26.12 25.15 21.69 21.17
-9999 -9999 -9999 -9999 -9999 -9999 -9999 -9999 -9999 82.41 80.2 78.94 79.27 77.86 77.14 73.41 70.33 66.86 64.51 63.69 60.94 57.59 59.54 61.57 61.59 61.29 58.83 57.11 54.07 51.28 47.09 43.66 44.56 43.99 41.33 39.84 36.52 33.69 30.56 28.55 27.57 27.94 27.35 27.12 26.79 26.18 27.26 24.81 24.08 26.17 25.49 24.94 21.65 18.15 22.98 23.89 20.92 21.5 20.82 21.04 19.69 20.07 21.12 29.01 24.13 27.31 33.27 31.93 31.09 32.92 31.73 31.13 34.86 35.77 33.03 26.56 24.6 27.15
-9999 -9999 -9999 -9999 -9999 -9999 -9999 -9999 -9999 80.56 76.89 78.9 77.44 76.64 76.73 74.45 72.2 69.29 66.13 62.5 61.47 59.97 60.39 61.43 61.96 60.32 59.12 56.68 55.06 53.48 51.43 46.24 41.56 34.62 34.17 36.34 36.8 33.4 30.14 31.99 30.02 26.82 25.19 26.35 28.3 29.5 31.72 29.08 24.35 23.11 22.06 24.72 26.3 25.27 21.9 25.33 27.42 25.39 22.97 25.48 25.09 27.11 23.16 33.29 31.26 33.03 38.23 32.86 41.6 43.33 42.25 40.36 43.22 37.6 30.21 27.94 29.58 31.02
-9999 -9999 -9999 -9999 -9999 -9999 -9999 -9999 84.34615 78.48 71.61 76.19 77.28 77.84 75.52 74.31 71.52 68.63 65.13 64.26 64.22 64.48 65.06 63.1 61.04 60.49 59.94 58.5 55.86 52.9 50.17 46.87 41.43 36.5 35.04 30.52 30.04 30.67 27.11 27.67 32.65 33.94 29.98 24.54 26.13 28.34 31.65 33.09 33.06 30.06 28.24 23.99 22.13 24.55 29.79 28.46 30.53 33.22 30.47 32.41 40.97 39.87 38.55 41.38 40.9 42.53 41.78 46.54 47.85 48.49 44.36 48.85 45.99 39.92 40.07 38.37 32.16 26.73
-9999 -9999 -9999 -9999 -9999 -9999 -9999 -9999 83.86813 77.33 73.7 74.02 76.39 76.61 75.36 73.28 69.82 65.04 63.39 61.23 62.97 62.73 64.9 62.07 59.95 57.39 57.87 56.6 51.52 47.05 43.02 43.6 45.67 38.04 31.89 30.98 29.79 23.38 24.13 28.2 30.07 34.66 37.2 33.7 28.29 24.32 26.73 31.33 35.7 38.79 34.41 32.98 26.64 25.38 27.43 29.74 30.45 39.74 40.26 42.61 47.73 48.3 49.37 51.48 52.41 53.33 53.39 53.19 52.19 50.69 50.59 44.97 34.84 29.2 29.16 33.95 39.27 32.84
-9999 -9999 -9999 -9999 -9999 -9999 -9999 84.76923 83.03226 76.54 76.53 77.16 77.15 77.1 75.25 72.81 69.04 67.06 64.32 61.36 61.68 64.84 64.24 61.64 60.25 58.68 57.76 58.35 55.3 53.22 48.9 41.04 39.57 37.8 36.21 39.94 40.72 35.06 32.03 36.53 32.58 29.5 37.76 31.98 28.3 30.81 24.8 25.92 31.16 33.82 38.47 38.41 32.49 33.93 36.03 34.42 35.96 44.18 49.83 49.94 52.52 49.39 51.31 50.72 49.16 51.92 53.42 52.43 54.69 53.84 52.65 48.37 44.64 45.5 44.42 44.07 40.43 33.44
