layers/wordclim/future/Iberia_wcB2a_10_hadcm3_2020/bio_18.asc
ncols         166
nrows         93
xllcorner     -9.4959440078468
yllcorner     36.000324005443
cellsize      0.083333337679505
NODATA_value  -9999
[rows 0 to 34 of 93, columns 77 to 153 of 166]
-9999 -9999 -9999 -9999 -9999 -9999 -9999 -9999 -9999 -9999 -9999 -9999 -9999 -9999 -9999 -9999 -9999 -9999 -9999 -9999 -9999 -9999 -9999 -9999 -9999 -9999 -9999 -9999 -9999 -9999 -9999 -9999 -9999 -9999 -9999 -9999 -9999 -9999 -9999 -9999 -9999 -9999 -9999 -9999 -9999 -9999 -9999 -9999 -9999 -9999 -9999 -9999 -9999 -9999 -9999 -9999 -9999 -9999 -9999 -9999 -9999 -9999 -9999 -9999 -9999 -9999 -9999 -9999 -9999 -9999 -9999 -9999 -9999 -9999 -9999 -9999 -9999
-9999 -9999 -9999 -9999 -9999 -9999 -9999 -9999 -9999 -9999 -9999 -9999 -9999 -9999 -9999 -9999 -9999 -9999 -9999 -9999 -9999 -9999 -9999 -9999 -9999 -9999 -9999 -9999 -9999 -9999 -9999 -9999 -9999 -9999 -9999 -9999 -9999 -9999 -9999 -9999 -9999 -9999 -9999 -9999 -9999 -9999 -9999 -9999 -9999 -9999 -9999 -9999 -9999 -9999 -9999 -9999 -9999 -9999 -9999 -9999 -9999 -9999 -9999 -9999 -9999 -9999 -9999 -9999 -9999 -9999 -9999 -9999 -9999 -9999 -9999 -9999 -9999
-9999 -9999 -9999 -9999 -9999 -9999 -9999 -9999 -9999 -9999 -9999 -9999 -9999 -9999 -9999 -9999 -9999 -9999 -9999 -9999 -9999 -9999 -9999 -9999 -9999 -9999 -9999 -9999 -9999 -9999 -9999 -9999 -9999 -9999 -9999 -9999 -9999 -9999 -9999 -9999 -9999 -9999 -9999 -9999 -9999 -9999 -9999 -9999 -9999 -9999 -9999 -9999 -9999 -9999 -9999 -9999 -9999 -9999 -9999 -9999 -9999 -9999 -9999 -9999 -9999 -9999 -9999 -9999 -9999 -9999 -9999 -9999 -9999 -9999 -9999 -9999 -9999
-9999 -9999 -9999 -9999 -9999 -9999 -9999 -9999 -9999 -9999 -9999 -9999 -9999 -9999 -9999 -9999 -9999 -9999 -9999 -9999 -9999 -9999 -9999 -9999 -9999 -9999 -9999 -9999 -9999 -9999 -9999 -9999 -9999 -9999 -9999 -9999 -9999 -9999 -9999 -9999 -9999 -9999 -9999 -9999 -9999 -9999 -9999 -9999 -9999 -9999 -9999 -9999 -9999 -9999 -9999 -9999 -9999 -9999 -9999 -9999 -9999 -9999 -9999 -9999 -9999 -9999 -9999 -9999 -9999 -9999 -9999 -9999 -9999 -9999 -9999 -9999 -9999
-9999 194.954 199.08 201.87 202.5233 204.641 204.8182 -9999 -9999 -9999 -9999 -9999 -9999 -9999 -9999 -9999 -9999 -9999 -9999 -9999 -9999 -9999 -9999 -9999 -9999 -9999 -9999 -9999 -9999 -9999 -9999 -9999 -9999 -9999 -9999 -9999 -9999 -9999 -9999 -9999 -9999 -9999 -9999 -9999 -9999 -9999 -9999 -9999 -9999 -9999 -9999 -9999 -9999 -9999 -9999 -9999 -9999 -9999 -9999 -9999 -9999 -9999 -9999 -9999 -9999 -9999 -9999 -9999 -9999 -9999 -9999 -9999 -9999 -9999 -9999 -9999 -9999
187.0408 187.8081 190.56 191.82 193.13 196.13 199.17 201.6869 204.3562 204.1 208.7541 210.9344 216.5476 216.9375 221.99 225.01 223 -9999 -9999 -9999 -9999 -9999 -9999 -9999 -9999 -9999 -9999 -9999 -9999 -9999 -9999 -9999 -9999 -9999 -9999 -9999 -9999 -9999 -9999 -9999 -9999 -9999 -9999 -9999 -9999 -9999 -9999 -9999 -9999 -9999 -9999 -9999 -9999 -9999 -9999 -9999 -9999 -9999 -9999 -9999 -9999 -9999 -9999 -9999 -9999 -9999 -9999 -9999 -9999 -9999 -9999 -9999 -9999 -9999 -9999 -9999 -9999
177.69 180.46 181.3 182.17 184.69 188.58 190.94 192.75 195.26 198.05 204.3 206.97 208.28 211.03 213.01 211.98 211.64 210.91 208.28 206.62 -9999 -9999 -9999 -9999 -9999 -9999 -9999 -9999 -9999 -9999 -9999 -9999 -9999 -9999 -9999 -9999 -9999 -9999 -9999 -9999 -9999 -9999 -9999 -9999 -9999 -9999 -9999 -9999 -9999 -9999 -9999 -9999 -9999 -9999 -9999 -9999 -9999 -9999 -9999 -9999 -9999 -9999 -9999 -9999 -9999 -9999 -9999 -9999 -9999 -9999 -9999 -9999 -9999 -9999 -9999 -9999 -9999
168.45 169.99 171.79 172.33 176.12 176.82 178.14 181.82 184.74 187.69 191.03 192.73 195.07 196.71 197.49 196.94 196.79 196.53 194.96 195.5753 -9999 -9999 -9999 -9999 -9999 -9999 -9999 -9999 -9999 -9999 -9999 -9999 -9999 -9999 -9999 -9999 -9999 -9999 -9999 -9999 -9999 -9999 -9999 -9999 -9999 -9999 -9999 -9999 -9999 -9999 -9999 -9999 -9999 -9999 -9999 -9999 -9999 -9999 -9999 -9999 -9999 -9999 -9999 -9999 -9999 -9999 -9999 -9999 -9999 -9999 -9999 -9999 -9999 -9999 -9999 -9999 -9999
158.06 159.4 165.16 171.59 167.16 168.95 167.15 168.78 172.28 173.55 174.46 178.17 184.15 182.61 185.3 185.08 185.13 186.45 188.35 188.2375 -9999 189.2143 187.6429 -9999 -9999 -9999 -9999 -9999 -9999 -9999 -9999 -9999 -9999 -9999 -9999 -9999 -9999 -9999 -9999 -9999 -9999 -9999 -9999 -9999 -9999 -9999 -9999 -9999 -9999 -9999 -9999 -9999 -9999 -9999 -9999 -9999 -9999 -9999 -9999 -9999 -9999 -9999 -9999 -9999 -9999 -9999 -9999 -9999 -9999 -9999 -9999 -9999 -9999 -9999 -9999 -9999 -9999
152.14 152.8 152.53 155.6 154.29 155.51 158.99 162.81 168.69 166.01 164.47 168.07 174.15 173.55 172.14 171.38 171.76 171.63 173.88 174.96 176.42 177.47 178.16 179.39 184.0215 185.918 188.38 204.6035 -9999 -9999 -9999 -9999 -9999 -9999 -9999 -9999 -9999 -9999 -9999 -9999 -9999 -9999 -9999 -9999 -9999 -9999 -9999 -9999 -9999 -9999 -9999 -9999 -9999 -9999 -9999 -9999 -9999 -9999 -9999 -9999 -9999 -9999 -9999 -9999 -9999 -9999 -9999 -9999 -9999 -9999 -9999 -9999 -9999 -9999 -9999 -9999 -9999
144.31 145.48 146.53 143.09 142.06 143.08 144.42 146.47 147.7 155.03 155.58 157.95 160.66 167.12 160.94 156.18 157.38 159.27 160.34 163.37 164.19 166.08 173.02 166.23 173.1 174.06 180.33 199.48 205.6974 -9999 -9999 -9999 -9999 -9999 -9999 -9999 -9999 -9999 -9999 -9999 -9999 -9999 -9999 -9999 -9999 -9999 -9999 -9999 -9999 -9999 -9999 -9999 -9999 -9999 -9999 -9999 -9999 -9999 -9999 -9999 -9999 -9999 -9999 -9999 -9999 -9999 -9999 -9999 -9999 -9999 -9999 -9999 -9999 -9999 -9999 -9999 -9999
130.3 133.27 131.58 131.71 134.61 136.18 140.67 140.72 146.69 149.49 146.99 147.38 155.35 152.24 150.01 143.41 142.03 142.42 146.18 146.43 146.73 150.69 153.14 154.04 155.22 155.9 167.57 178.85 189.84 211.6559 206.8209 219.5641 211.8295 234.798 245.1194 -9999 -9999 -9999 -9999 -9999 -9999 -9999 -9999 -9999 -9999 209.75 226.73 243.1923 249.1273 -9999 -9999 -9999 -9999 -9999 -9999 -9999 -9999 -9999 -9999 -9999 -9999 -9999 -9999 -9999 -9999 -9999 -9999 -9999 -9999 -9999 -9999 -9999 -9999 -9999 -9999 -9999 -9999
119.65 119.39 120.24 123.4 124.16 125.28 131.04 128.66 128.49 131.01 132.39 132.22 129.62 128.48 132.22 131.61 135.91 136.9 140.82 141.29 138.17 135.2 139.07 143.25 146.63 143.5 149.19 151.33 154.98 172 183.87 220.59 206.84 189.5 229.33 217.1956 -9999 -9999 -9999 224.4444 -9999 246.0185 -9999 -9999 -9999 221.6122 218.04 229.14 236.7 242.55 233.2439 243.3651 243.1212 -9999 -9999 -9999 -9999 -9999 -9999 -9999 -9999 -9999 -9999 -9999 -9999 -9999 -9999 -9999 -9999 -9999 -9999 -9999 -9999 -9999 -9999 -9999 -9999
115.22 113.46 112 116.78 122.45 125.05 121.08 120.4 120.9 119.29 112.64 115.27 118.65 116.53 116.84 117.74 122.7 125.71 134.67 134.03 129.38 125.12 129.96 134.2 130.28 128.09 124.95 134.13 140.61 143.5 148.51 166.44 174.25 164.8 189.1 180.62 207.81 220.31 205.68 195.98 224.88 226.34 243.76 219.99 257.94 248.14 241.06 245.1 246.74 235.31 215.58 228.86 229.48 246.732 -9999 -9999 -9999 -9999 -9999 -9999 -9999 -9999 -9999 -9999 -9999 -9999 -9999 -9999 -9999 -9999 -9999 -9999 -9999 -9999 -9999 -9999 -9999
104.51 102.71 102.19 101.77 101.26 101.09 99.54 100.15 100.02 98.42 98.18 100.73 103.1 105.24 105.93 107.57 111.36 114.81 120.66 117.36 114.37 115.08 115.69 122.55 124.96 131.56 124.24 120.21 129.42 128.76 138.35 134.26 133.35 155.07 173.98 164.75 174.64 171.56 155.87 173.38 215.44 211.26 200.84 219.69 229.83 222.1 227.27 235.44 248.91 244.56 216.87 208.99 217.18 232.68 -9999 -9999 -9999 -9999 -9999 -9999 -9999 -9999 -9999 -9999 -9999 -9999 -9999 -9999 -9999 -9999 -9999 -9999 -9999 -9999 -9999 -9999 -9999
100.13 98.36 98.43 96.69 93.67 93.99 90.41 86.06 84.67 83.98 87.38 90.93 93.43 95.47 98.35 99.05 101.62 102.04 106.86 108.37 107.88 114.11 117.54 120.27 121.02 127.87 128.26 117.55 119.48 118.3 123.85 120.52 121.55 141.95 155.1 161 141.65 144.79 133.14 160.68 177.83 184.7 190.92 205.86 202.49 199.94 211.45 232.31 230.04 226.83 208.45 213.95 220.17 221.33 -9999 -9999 240.0318 237.5789 227.5393 204.4259 198.3529 -9999 -9999 -9999 -9999 -9999 -9999 -9999 -9999 -9999 -9999 120.0714 131.0882 121.9245 -9999 -9999 -9999
106.67 101.38 98.93 91.8 93.25 101.48 92.45 87.97 84.61 84.51 83.65 84.5 85.46 87.49 90.3 90.41 92.05 92.81 94.24 95.88 96.63 99.97 107.28 109.73 113.55 117.28 118.68 111.04 107.67 118.02 118.54 120.97 128.84 131.25 140.12 148.58 151.33 135.91 124.6 128.63 142.62 161.99 176.47 191.15 198.3 194.26 199.68 204.13 202.74 204.95 200.53 218.52 211.17 197.14 190.58 201.53 205.34 202.42 198.61 199.35 204.9589 -9999 223.375 222.39 205.11 193.8118 -9999 -9999 -9999 152.883 124.01 101.54 96.11 99.52 103.4831 -9999 -9999
106.25 117.46 107.77 95.18 104.77 111.28 102.49 104.26 107.59 97.95 101.34 86.75 80.5 81.06 83.05 83.81 85.31 87.47 89.63 88.67 88.75 90.54 93.75 96.74 99.46 100.06 103.1 95.01 94.26 100.85 115.23 127.9 131.6 136.28 152.26 144.58 141.87 133.55 119.64 118.12 143.36 141.45 166.21 162.02 182.01 175.43 188.01 199.08 184.13 182.89 207.46 210.73 201.09 181.31 197.32 210.47 215.29 215.69 205.37 206.28 206.96 199.64 193.87 194.88 192.5 184 177.13 169.34 163.46 149.68 123.64 103.23 92.06 90.25 96.67416 103.3656 -9999
120.16 124.76 110.12 106.26 110.96 100.69 108.66 102.24 112.12 99.56 96.34 87.58 81.51 81.35 78.08 77.84 78.29 80.22 80.58 81.2 83.25 83.13 84.12 83.95 86.01 88.27 89.4 85.53 83.01 82.24 81.92 84.82 88.88 98.29 98.7 102.47 116.16 117.55 121.88 113.04 128.8 122.03 137.79 154.4 164.64 157.06 177.74 166.21 157.62 187.67 204.05 195.94 177.9 184.08 203.14 209.56 209.38 204.14 200.25 188.34 192.22 189.07 188.5 186.14 185.54 182.48 169.05 161.81 142.68 130.66 117.09 103.22 98.34 95.68421 -9999 -9999 -9999
106.8 101.31 105.75 117.39 112.3 108.25 114.84 120.13 112.47 104.29 103.52 96.41 90.31 88.23 77.01 75.08 74.72 74.18 74.97 76.56 78.11 75.92 75.63 75.95 76 78.11 78.57 76.2 75.34 75.79 75.21 73.44 73.19 76.85 81.27 84.21 91.91 95.17 100.89 99.44 115.08 120.39 139.8 145.17 152.08 144.55 163.46 140.12 146.73 156 182.23 187.12 170.34 185.17 191.15 196.18 187.24 191.02 196.4 176.64 181.64 183.51 184.92 182.47 184.39 182.66 179.29 176.73 158.98 138.64 119.98 109.71 104.03 103.62 98.40298 -9999 -9999
113.4 116.15 124.9 121.61 123.61 123.73 122.51 115.16 107.29 110.71 104.66 97.77 84.9 77.73 75.71 74.13 70.88 70.33 69.79 71.18 74.74 74.42 69.37 72.08 77.11 78.2 74.9 70.17 70.36 69.4 69.92 68.92 69.06 72.08 74.84 77.84 82.8 84.87 87.16 90.42 117.19 127.08 133.39 128.19 137.79 154.14 161.23 141.86 169.85 166.84 164.45 155.35 145.16 156.57 165.29 169.12 173.61 176.83 169.86 160.09 170.38 174.93 179.22 179.34 177.37 180.93 180.03 174.11 156.67 146.83 119.98 111.99 109 104.47 100.4898 -9999 -9999
91.71 99.12 110.8 106.51 115.09 108.5 108.52 103.25 109.11 111.03 103.7 96.34 85.85 81.81 79.81 78.15 70.24 69.54 67.73 65.25 65.83 65.81 65.83 67.98 73.74 79.98 73 65.62 65.98 67.81 67.31 64.94 65.51 68.26 71.14 73.22 78.1 79.46 81.45 84.79 94.57 105.73 119.18 123.41 123.42 139.16 133.94 132.16 151.61 133.67 130.36 135.07 140.89 150.88 163.01 157.7 150.17 152.16 157.15 148.91 159.21 162.54 171.97 172.03 168.72 176.71 177.57 172.32 144.32 126.52 112.98 127.02 117.34 108.86 103.15 101.7917 -9999
89.31 91.11 92.37 91.12 91.02 91.07 93.78 91.13 92.63 98.32 101.16 95.84 91.89 92.65 85.45 78.18 74 75.74 69.55 63.12 61.67 60.42 60.76 67.96 71.42 70.2 66.45 62.1 63.59 66.85 69.45 64.43 63.78 64.74 66.33 69.38 76.93 75.33 74.98 80.19 85 91.62 97.42 101.47 110.54 116.88 117.55 113.43 117.2 115.23 122.9 122.61 127.95 140.07 148.29 154.27 145.85 135.63 139.88 133.73 141.6 153.51 168.77 165 165.66 172.03 173.15 168.86 147.37 118.13 111.09 108.45 123.35 116.83 106.274 -9999 -9999
82.78 86.25 87.86 88.54 89.72 90.86 87.46 86.32 89.46 92.51 94.63 94.1 94.51 95.86 115.17 106.95 81.48 75.15 69.59 64.38 62.4 59.17 56.07 56.22 60.46 62.71 59.97 59.16 61.61 64.41 69.76 67.76 63.66 64.02 64.7 67.66 70.39 70.58 71.2 77.5 77.71 79.54 82.89 90.35 92.15 94.94 94.93 97.79 102.5 107.71 111.69 118.73 124.37 128.1 133.36 144.35 145.94 134.58 122.21 122.11 129 146.67 158.35 159.66 163.47 169.6 169.04 144.74 127.6 112.11 108.29 119 121.0104 -9999 -9999 -9999 -9999
76.22 80.18 79.48 82.39 87.06 86.07 85.89 84.27 83.53 85.42 87.98 88.47 92.68 99.73 104.57 110.13 99.64 85.28 79.25 69.42 62.14 60.52 54.67 53.05 53.73 55.57 56.17 56.11 60.97 63.86 67.8 70.95 70.83 67.47 64.85 65.01 66.8 68 69.26 72.79 73.24 74.49 81.84 87.47 83.46 85.15 87.49 92.09 94.65 99.01 104.73 111.77 120.47 130.8 135.99 134.63 133.9 125.91 112.58 113.79 133.15 142.72 147.24 143.43 143.17 144.66 131.68 120.77 118.49 102.1225 105.3103 113.1071 -9999 -9999 -9999 -9999 -9999
71.7 73.92 75.3 77.15 77.45 79.32 83.05 82.15 80.77 81.22 84.83 86.04 89.8 92.5 94.44 90.32 86.25 77.25 76.43 71.74 62.2 58.85 61.28 62.58 58.25 55.68 54.89 54.1 56.06 59.06 59.57 62.17 67.45 71.35 68.81 68.91 73.36 71.07 69.81 69 69.91 74.03 76.81 77.2 77.68 81.68 85.2 88.71 93.59 96.49 102.55 112.89 120.6 126.44 126.9 118.92 118.24 119.77 122.92 108.87 131.14 127.76 120.89 113.35 112.7 116.93 129.8 124.2424 116.9737 -9999 -9999 -9999 -9999 -9999 -9999 -9999 -9999
68.09 71.24 71.36 71.88 75.03 76.87 79.18 78.56 81.69 84.08 83.4 83.34 87.76 86.32 86.63 85.58 86.17 73.94 68.48 67.53 60.72 59.02 62.24 67.88 62.33 61.53 60.51 57.06 56.36 54.75 56.37 58.57 60.87 63.81 67.35 66.05 67.16 69.65 69.55 72 69.19 69.62 69.19 71.8 75.49 80.51 84.24 88.13 93.18 100.38 109.05 118.98 126.12 126.22 122.5 112.6 107.2 108.29 108.32 102.01 105.22 105.17 101.43 98.85 106.66 108.2766 -9999 -9999 -9999 -9999 -9999 -9999 -9999 -9999 -9999 -9999 -9999
69.47 70.18 70.24 72.11 72.96 73.34 74.56 77.21 81.34 82.67 77.27 79.09 80.67 81.34 79.06 75.87 78.87 81.03 66.77 66.14 61.83 60.65 64.27 64.45 64.74 69.23 66.77 62.97 59.17 56.36 54.61 55.68 59.59 63 64.79 64.99 65.22 65.19 65.71 68.59 71.84 64.35 68.16 72.45 77.78 83.78 89.96 94.64 97.02 104.59 107.12 106.59 114.54 118.04 127.16 120.76 111.71 100.5 100.29 98.72 98.05 97.61 100.26 96.18085 -9999 -9999 -9999 -9999 -9999 -9999 -9999 -9999 -9999 -9999 -9999 -9999 -9999
77.84 77.83 74.06 73.35 76.59 76.85 77.25 77.02 78.3 76.06 72.09 73.69 76.58 76.4 77.13 70.33 71.66 67.54 78.09 80.5 79.91 70.36 66.8 69.71 68.69 74.25 67.73 60.51 58.98 56.09 55.22 55.31 57.66 61.97 63.47 64.98 65.37 65.04 62.84 66.81 66.14 68.4 72.81 77.46 84.04 90.9 96.5 101.69 108.6 106.73 103.92 98.7 110.29 108.35 123.94 118.91 114.59 107.84 109.61 111.18 100.48 95.45 98.98936 -9999 -9999 -9999 -9999 -9999 -9999 -9999 -9999 -9999 -9999 -9999 -9999 -9999 -9999
81.17 78.07 75.96 75.99 76.27 77.44 77.84 79.37 77.72 72.43 70.34 69.84 69.91 69.72 71.91 71.13 70.06 69.39 76.57 84.05 85.93 82.49 76.19 77.37 77.37 75.7 70.56 64.74 61.01 59.31 57.43 56.52 55.55 56.53 57.55 58.58 58.79 59.1 62.45 67.64 68.53 68.38 70.84 68.72 74.16 84.9 101.12 107.41 114.74 121.06 107.48 104.39 107.5 107.66 113.51 113.77 114.11 116.05 116.63 121.3775 102.7531 96.91177 -9999 -9999 -9999 -9999 -9999 -9999 -9999 -9999 -9999 -9999 -9999 -9999 -9999 -9999 -9999
80.84 71.23 72.63 71.17 70.47 77.58 78.57 79.26 77.03 73.97 72.62 75.01 77.85 77.4 75.93 73.99 79.95 79.57 77.49 83.39 86.57 87.14 88 86.64 82.31 77.33 72.05 70.39 66.65 61.94 59.5 57.29 58.17 59.31 59.3 59.13 59.94 61.58 65.73 64.47 65.33 66.59 71.29 63.32 69.91 79.4 80.93 89.53 99.33 102.07 104 105.24 107.14 108.47 110.3367 109.9494 111.7879 -9999 -9999 -9999 -9999 -9999 -9999 -9999 -9999 -9999 -9999 -9999 -9999 -9999 -9999 -9999 -9999 -9999 -9999 -9999 -9999
74.42 70.76 70.02 67.79 68.61 75.25 77.46 78.91 81.48 84.2 87.1 88.63 85.63 84.83 84.63 83.72 86.89 89.24 88.15 81.53 86.55 89.14 93.34 93.02 86.72 82.73 77.77 78.19 80.91 71.03 64.3 64.25 63.57 62.91 62.86 66.26 63.16 64.83 67.26 66.51 70.3 74.06 78.76 70.65 67.98 70.48 79.6 94.68 96.98 103.8 104.64 105.6173 -9999 -9999 -9999 -9999 -9999 -9999 -9999 -9999 -9999 -9999 -9999 -9999 -9999 -9999 -9999 -9999 -9999 -9999 -9999 -9999 -9999 -9999 -9999 -9999 -9999
62.66 62.59 63.8 64.38 69.2 72.38 76.89 79.19 80.76 86.03 90.58 90.74 87.45 93.3 92.37 91.07 89.47 90.83 93.29 94.26 85.48 92.56 97.01 105.33 98.57 88.56 83.36 80.63 77.91 74.19 71.42 72.62 69.13 67.74 65.31 66.17 69.35 72.8 71.64 71.94 74.83 74.64 75.22 70.46 66.99 76.31 85.07 91.23 101.0282 -9999 -9999 -9999 -9999 -9999 -9999 -9999 -9999 -9999 -9999 -9999 -9999 -9999 -9999 -9999 -9999 -9999 -9999 -9999 -9999 -9999 -9999 -9999 -9999 -9999 -9999 -9999 -9999
57.2 55.93 59.22 62.7 68.19 72.51 74.7 76.62 78.87 81.09 85.52 90.03 92.05 92.46 90.89 89.89 90.83 91.9 89.72 91.62 93.15 89.32 96.94 105.63 106.93 98.74 91.94 85.64 76.91 76.7 77.72 80.72 76.31 72.05 67.67 70.17 76.24 76.63 74.64 78.49 76.45 80.04 70.15 73.12 76.03 79.44 94.16 99.92 -9999 -9999 -9999 -9999 -9999 -9999 -9999 -9999 -9999 -9999 -9999 -9999 -9999 -9999 -9999 -9999 -9999 -9999 -9999 -9999 -9999 -9999 -9999 -9999 -9999 -9999 -9999 -9999 -9999
53.58 58.06 62.93 65.74 66.85 69.39 72.27 75.96 79.18 76.08 82.02 84.55 90.76 86.97 89.64 92.9 93.53 94.44 93.05 93.98 91.13 90.35 96.63 99.4 102.79 97.21 97.06 92.17 86.91 84.85 87.81 83.56 81.69 77.12 72.69 80.57 84.55 81.46 79.57 82.42 88.33 86.48 70.86 71.74 84.49 91.69697 -9999 -9999 -9999 -9999 -9999 -9999 -9999 -9999 -9999 -9999 -9999 -9999 -9999 -9999 -9999 -9999 -9999 -9999 -9999 -9999 -9999 -9999 -9999 -9999 -9999 -9999 -9999 -9999 -9999 -9999 -9999
