layers/wordclim/future/Iberia_wcB2a_10_hadcm3_2020/bio_14.asc
ncols         166
nrows         93
xllcorner     -9.4959440078468
yllcorner     36.000324005443
cellsize      0.083333337679505
NODATA_value  -9999
[rows 0 to 36 of 93, columns 0 to 84 of 166]
-9999 -9999 -9999 -9999 -9999 -9999 -9999 -9999 -9999 -9999 -9999 -9999 -9999 -9999 -9999 -9999 -9999 34.09756 38.06944 32.52239 32.71212 33.53409 32.46377 32.56061 -9999 -9999 -9999 -9999 -9999 -9999 -9999 -9999 -9999 -9999 -9999 -9999 -9999 -9999 -9999 -9999 -9999 -9999 -9999 -9999 -9999 -9999 -9999 -9999 -9999 -9999 -9999 -9999 -9999 -9999 -9999 -9999 -9999 -9999 -9999 -9999 -9999 -9999 -9999 -9999 -9999 -9999 -9999 -9999 -9999 -9999 -9999 -9999 -9999 -9999 -9999 -9999 -9999 -9999 -9999 -9999 -9999 -9999 -9999 -9999 -9999
-9999 -9999 -9999 -9999 -9999 -9999 -9999 -9999 -9999 -9999 -9999 -9999 -9999 -9999 -9999 -9999 32.86364 33.89474 34.51 32.74 35.47 36.01 33.10101 35.76 35.26 32.39175 -9999 -9999 -9999 -9999 -9999 -9999 -9999 -9999 -9999 -9999 -9999 -9999 -9999 -9999 -9999 -9999 -9999 37.95313 37 -9999 -9999 -9999 -9999 -9999 -9999 -9999 -9999 -9999 -9999 -9999 -9999 -9999 -9999 -9999 -9999 -9999 -9999 -9999 -9999 -9999 -9999 -9999 -9999 -9999 -9999 -9999 -9999 -9999 -9999 -9999 -9999 -9999 -9999 -9999 -9999 -9999 -9999 -9999 -9999
-9999 -9999 -9999 -9999 -9999 -9999 -9999 -9999 -9999 -9999 -9999 -9999 -9999 -9999 31.85185 31.48421 32.57576 32.53 33.89 36.49 38.05 37.35 35.99 38.31 32.64 30.9 30.70526 30.16456 30.19718 29.05455 29.675 30.28572 31.5 30.71428 32.58228 31.95455 33 35.26389 36.82954 36.95876 37.21795 36.97619 36.75758 37.11 38.02 36.36364 36.37705 37.88334 37.88136 -9999 -9999 -9999 -9999 -9999 -9999 -9999 -9999 -9999 -9999 -9999 -9999 -9999 -9999 -9999 -9999 -9999 -9999 -9999 -9999 -9999 -9999 -9999 -9999 -9999 -9999 -9999 -9999 -9999 -9999 -9999 -9999 -9999 -9999 -9999 -9999
-9999 -9999 -9999 -9999 -9999 -9999 -9999 -9999 -9999 -9999 -9999 -9999 -9999 -9999 -9999 -9999 34 35.94 36.94 35.63 37.26 39.35 40.41 39.35 35.73 32.21 29.88 31.92 29.49 29.66667 32.5 33.89 33.73 31.89 36.34 34.69 34.16 36.58 39.27 36.72 35.63636 38.8 40.35 39.06 38.47 38.37 39.67 39.32 36.56 36.86 36.99 36.96154 34.75641 33.81356 34.08 -9999 -9999 -9999 -9999 -9999 -9999 -9999 -9999 -9999 -9999 -9999 -9999 37.09589 -9999 38.14286 39.47917 39.16092 39.6087 -9999 -9999 -9999 -9999 -9999 -9999 -9999 -9999 -9999 -9999 -9999 -9999
-9999 -9999 -9999 -9999 -9999 -9999 -9999 -9999 -9999 -9999 -9999 -9999 -9999 -9999 30.68657 31.08333 32.86 35.59 36.16 37.17 36 36.28 35.18 36.8 35.32 34.3 32.65 30.55 30.84 34.2 37.02 34.74 32.84 34.27 36.07 33.66 36.54 38.09 36.32 35.24 35.8 35.47 36.43 39.01 37.53 37.77 38.22 37.77 37.13 36.53 35.91 33.94 33.74 35.58 35.8 36.29 37.77 35.76596 34.11111 32.90411 32.79221 32.83333 33.41667 34.48193 34.77551 34.38 35.41 35.94 36.6875 36.49 38.16 38.26 37.66667 39.58 40.13483 39.05556 -9999 -9999 40.49425 41.95 44.37 44.66279 45.79487 46.38182 -9999
-9999 -9999 -9999 -9999 -9999 -9999 30 29.7 30.74324 -9999 31.87838 32.12048 32.22 30.81818 30.76 -9999 32.91 35.3 37.56 36.47 35.14 33.32 32.98 32.23 32.65 32.26 32.19 30.06 34.18 34.45 33.98 31.02 32.37 36.66 36.64 33.53 32.99 33.79 35.78 35.58 37.23 38.15 37.38 37.12 37.74 37.3 37.82 38.76 38.75 36.67 38.28 36.53 35.14 37.75 39.38 38.53 36.57 37.96 35.2 35.75 33.63 34.55 34.4 34.34 35.5 34.64 35.23 35.28 37.41 39.14 39.04 38.94 37.76 39.57 40.28 40.8 39.66 40.29592 38.85859 40.51 41.55 42.47 44.11 46.24 46.45454
-9999 -9999 -9999 -9999 -9999 -9999 30.49315 30.75 31.36 31.59 33.33 37.07 36.34 34.86 32.73 32.07 34.83 35.76 36.6 35.41 33.77 32.22 31.96 30.45 30.26 30.78 32.03 30.85 31.62 32.57 31 29.13 33.75 36.61 32.87 31.94 32.9 36.56 36.13 37.57 37.78 36.21 40.73 37.7 35.75 37.31 36.95 36.54 37.04 37.34 40.53 38.19 37.43 41.44 50.16 45.18 47.52 45.98 36.39 38.65 36.76 35.11 34.68 36.21 35.23 34.27 35.61 36.13 36.68 40.51 43.62 39.98 37.74 37.95 38.96 38.23 37.71 38.75 40.23 38.73 39.68 41.38 43.97 45.18 45.41
-9999 -9999 -9999 -9999 27.60215 30.14 30.86 33.57 35.31 35.67 37.64 37.54 36.91 37.41 35.4 36.22 36.89 36.23 36.13 34.6 32.98 32.37 30.18 29.71 29.62 30.54 31.82 29.98 32.9 31.54 32.11 29.71 32.13 34.26 32.07 31.34 35.29 39.23 35.48 38.63 37.75 38.57 36.08 36.43 34.89 36.86 36.58 36.26 38.97 40.76 39.46 40.76 42.04 39.22 43.82 46.31 43.72 36.26 33.68 35.33 41.79 38.51 37.27 36.71 36.52 33.87 36.78 35.3 36.76 41.8 43.44 42.09 40.5 38.62 35.78 36.55 35.95 36.9 37.42 38.14 38.83 41.62 41.35 42.07 43.29
-9999 -9999 -9999 26.6701 28.48 32.05 33.02 34.53 35.75 36.96 37.01 37.3 36.12 36.45 35.48 35.26 35.47 35.89 36.98 34.28 32.26 31.45 29.76 29.29 29.89 29.95 31.02 31.23 29.48 28.93 27.06 27.39 32.11 35.11 31.2 35.82 35.57 42.53 43.39 41.57 45.53 41.86 43.99 36.67 34.7 41.12 42.2 40.5 42.83 43.65 40.02 42.43 39.81 38.42 41.77 41.65 46.18 45.27 41.1 38.05 39.92 45.11 41.94 37.65 36.75 35.88 36.27 36.14 37.18 37.33 36.32 36.57 36.9 37.54 36.76 38.16 38.27 35.2 35.74 39.34 43.35 40.66 41.5 39.98 40.44
-9999 -9999 -9999 25.72941 29.87879 31.89 33.29 34.09 34.7 35.68 36 36.15 36.42 35.74 35.83 35.55 34.6 35.59 34.17 34.03 32.13 31.57 30.29 27.97 27.14 27.35 29.59 29.22 28.59 26.02 26.04 29.33 29.65 33.07 34.24 36.56 39.42 36.53 36.84 37.31 38.87 37.32 38.15 39.57 37.94 37.5 38.63 37.32 39.88 38.28 35.13 37.17 37.44 36.79 35.8 38.8 43.45 44.44 42.58 38.59 36.56 42.91 40.38 35.2 34.42 34.28 34.09 34.52 34.52 34.41 33.48 32.43 33.54 34.97 35.49 36.21 37.08 36.44 36.52 36.14 38.08 37.18 37.79 39.8 41.08
-9999 -9999 -9999 -9999 27.68966 32.08 32.65 32.56 34.26 33.28 32.79 35.94 37.49 34.7 34.48 34.02 32.46 32.43 32.1 32.05 31.61 29.75 27.96 26.52 25.49 26.02 27.1 28.08 26.08 25.19 28.56 32.92 36.82 36.36 32.92 33.99 33.17 35.45 39.24 37.38 39.39 39.13 36.02 33.49 37.17 34.26 33.75 33.19 35.32 33.02 32.83 34.47 33.32 35.14 33.85 37.15 37.25 37.39 37.15 34.11 32.98 33.27 32.88 32.25 32.37 32.1 33.11 31.74 32.32 31.75 32.57 32.21 31.18 32.55 33.91 34.92 34.22 35.1 35.65 35.45 33.95 33.41 34.12 35.24 36.33
-9999 -9999 -9999 -9999 26.6 28.10938 28.68182 29.16483 35.76 33.48 32.79 32.71 34.32 32.36 32.23 34.36 33.23 32.49 32.61 31.46 30.68 29.25 26.43 27.35 26.67 24.38 27.28 27.9 26.4 27.22 28.61 35.84 31.32 28.51 25.63 26.47 31.54 36.03 36.61 35.73 33.14 31.3 29.67 29.72 29.57 30.51 28.78 28.64 29.49 28.9 29.5 30.02 29.63 30.76 29.86 31.71 32.91 30.78 30.82 31.41 30.61 30.43 29.7 29.96 30.49 29.65 29.83 31.27 30.48 31.33 32.8 31.19 31.07 29.48 29.66 30.6 33.12 30.32 32.15 31.32 31.26 32.78 33.65 35.14 35.5
-9999 -9999 -9999 -9999 -9999 -9999 33.08696 30.95 32.75 31.08 33.03 34.63 33.06 35.72 34.67 34.2 34.39 32.34 32.47 32.27 28.95 26.29 27.82 27.65 25.74 25.39 27.49 30.74 31.32 29.21 26.91 29.02 24.56 21.62 22.29 22.25 25.19 26.73 26.6 27.7 29.3 29.1 27.77 26.57 26.39 27.11 25.69 25.73 26.43 25.35 27.03 26.44 27.19 27.34 27.53 28.42 28.63 28.59 28.06 28.41 27.47 27.76 27.61 28.82 29.36 29.13 29.08 29.13 28.81 29.77 31.46 30.28 27.86 30.04 29.67 31.48 30.86 27.36 27.36 28.02 29.71 30.16 30.5 32.92 32.26
-9999 -9999 -9999 -9999 -9999 26.62712 30.23404 -9999 -9999 32.66 33.06 35.67 35.95 36.86 37.24 33.92 33.12 32.56 32.3 31.74 27.66 25.28 25.71 24.53 21.83 23.97 26.78 26.54 27.77 29.9 25.5 22.68 19.75 17.56 17.01 18.45 19.35 20.4 22.77 25.07 24.53 23.37 23.75 23.35 23.59 23.89 22.73 22.95 23.31 23.65 23.73 23.6 25.06 24.35 25.88 25.73 25.7 25.81 25.34 25.71 25.48 24.72 25.29 26.6 26.85 27.56 27.59 28.03 28.26 28.59 28.29 27.01 26 26.03 26.27 27.13 27.97 27.29 26.57 25.97 28.25 30.65 31.69 30.47 30.25
-9999 -9999 -9999 -9999 -9999 -9999 -9999 27 28.9759 30.6 33.11 35.16 35.15 35.36 35.92 34.73 32.31 32.32 31.7 29.38 27.2 24.18 23.57 20.66 20.29 21.24 22.85 23.68 26.58 26.79 23.96 19.21 16.87 15.16 15.44 17.19 21.88 24.86 25.67 24.91 22.28 21.62 21.28 20.92 21.12 20.94 20.59 20.56 20.82 21.32 21.78 22.24 22.47 21.95 23.25 24 23.54 23.73 23.75 23.58 23.81 23.63 23.65 23.78 23.62 24.03 24.91 26.13 26.04 26.27 25.63 25.69 26.34 26.15 25.85 26.25 26.15 24.53 23.64 23.56 23.32 23.85 24.18 24.08 24.59
-9999 -9999 -9999 -9999 -9999 -9999 -9999 27.27083 29.73913 33.33708 31.76 33.97 34.81 36.2 34.35 31.79 29.72 28.25 26.2 25.4 24.25 23.12 21.47 20.59 21.64 21.14 20.4 19.78 23.57 21.5 20.01 17.38 16.56 19.38 23.69 22.92 26.19 27.24 23.58 21.23 19.95 19.28 19.74 18.84 19.02 19.18 18.71 18.5 18.84 19.55 20.35 20.77 20.81 20.72 20.88 21.73 21.38 21.15 21.38 21.38 21.31 21.42 21.7 21.77 21.97 22.22 23.39 23.85 23.78 23.8 24.25 24.56 25.01 24.79 25.52 24.66 24.03 23.76 23.1 23.2 22.89 22.05 22.33 21.67 20.71
-9999 -9999 -9999 -9999 -9999 -9999 -9999 -9999 -9999 31.69118 31.58064 31.75 32.41 34.76 33.32 29.02 25.19 24.34 23.02 21.22 20.72 24.56 25.24 22.6 21.91 23.77 23.21 18.37 17.26 21.23 21.82 18.87 23.36 24.57 22.86 29.12 29.94 26.4 21.88 20.38 19.11 17.92 17.3 17.31 17.57 17.72 17.82 17.08 17.48 18.2 18.52 19.04 18.96 19 19.57 19.35 19.39 19.11 19.19 19.22 19.53 19.49 19.73 20.04 20.57 21.12 21.73 21.91 21.96 21.9 22.48 23.32 24.02 25.98 25.79 25.03 26.85 26.84 25.11 24.21 21.93 22.54 25.36 22.64 21.65
-9999 -9999 -9999 -9999 -9999 -9999 -9999 -9999 28.21795 31.33333 -9999 31.05 31.36 31.59 33.04 28.53 23.06 22.76 23.33 20.02 19.94 22.69 22.81 25.6 25.7 25.52 27.53 20.46 18.87 21.4 25.43 26.45 27.91 27.28 24.84 21.49 23.15 26.44 22.99 19.3 17.05 16.29 15.77 15.72 15.98 16.29 16.46 16.36 16.42 17.07 16.79 17.05 17.12 17.35 17.7 17.85 17.99 18 17.35 17.41 17.54 17.95 18.15 18.66 19.55 20.25 20.26 20.18 20.47 20.99 22.07 22.78 23.82 25.7 27.91 28.65 29.63 27.29 30.63 27.29 23.31 26.5 28.62 26.09 26.72
-9999 -9999 -9999 -9999 -9999 -9999 -9999 -9999 -9999 28.20879 29.49 27.25 26.27 28.82 29.08 25.27 22.98 22.9 22.24 21.36 21.21 21.48 20.6 24.93 27.86 28.95 30.65 24.7 19.68 22.56 24.66 29.02 33 31.42 27.43 27.26 25.34 21.86 20.35 17.55 16.21 15.42 15.23 14.61 14.46 14.66 14.88 14.95 15.76 15.83 15.35 15.36 15.5 16.07 16.3 16.38 16.5 16.66 16.74 16.58 16.69 16.53 16.87 17.76 18.85 18.46 18.71 19.39 19.76 19.72 20.64 21.76 24.01 27.72 29.33 32.4 32.26 31.76 33.19 28.64 27.27 28.69 25.16 27.63 25.82
-9999 -9999 -9999 -9999 -9999 -9999 -9999 -9999 24.5055 29.19 24.8 24.11 23.06 25.87 22.09 23.93 24.86 25.97 24 23.51 22.69 20.54 20.72 21.75 24.11 26.09 24.66 21.47 19.55 23.18 25.84 28.94 28.24 21.77 19.5 19.41 19.22 17.65 15.97 14.66 14.43 13.87 13.54 13.62 13.15 13.46 13.46 13.88 14.26 14.37 14.76 14.83 14.49 14.9 14.85 14.99 14.94 14.79 15.23 14.95 15.82 16.25 16.53 17.04 16.55 17.49 17.61 18.16 18.8 19.16 20.45 21.9 21.67 22.16 24.19 25.19 26.06 27.79 26.09 26.88 30.44 28.99 27.63 29.73 31.42
-9999 -9999 -9999 -9999 -9999 -9999 -9999 26.80952 27.25 24.3 22.56 21.44 22.48 21.7 26.82 30.4 31.35 28.38 25.08 22.46 20.81 19.97 19.18 20.64 17.4 20.53 20.49 19.35 20.57 21.87 23.55 24.73 24.75 18.5 17.07 16.86 15.62 15.14 14.09 13.2 13.01 12.18 12.03 12.34 12.19 12.24 12.12 12.54 12.92 13.49 13.45 13.86 14 14 13.68 13.74 13.67 13.54 13.71 13.71 14.72 14.82 15 15.38 16.23 16.76 16.82 17.27 17.76 18 18.62 19.51 20.87 20.74 21.1 23.42 27.99 29.77 30.44 33.13 32.09 32.66 32.7 31.95 29.64
-9999 -9999 -9999 -9999 -9999 -9999 -9999 23.43333 20.69 21.29 22.38 26.31 23.94 25.31 31.21 27.5 24.87 22.91 22.34 24.35 24.37 21.91 20.51 18.31 14.68 17.12 17.94 16.46 17.55 18.43 18.17 18.73 20.82 15.95 15.52 15.31 15.37 14.08 13.93 13.03 12.19 12 12 11.8 11.68 11 11.07 11.52 11.77 12.16 12.39 12.86 13 13 13 13 13.05 13.48 14.13 13.36 13.29 14.15 14.47 15.06 16.01 16.65 16.69 16.99 17.8 18.08 18.32 19.91 20.75 21.87 19.46 20.85 22.06 22.96 25.22 28.94 27.26 29.97 27.67 27.66 26.05
-9999 -9999 -9999 -9999 -9999 -9999 -9999 18.93939 19.76136 23.01 21.26 25.14 20.55 20.9 22.61 22.03 21.33 24.28 27.13 26.17 24.94 23.89 18.6 17.21 13.72 15.56 17.57 15.56 14.95 16.49 16.3 15.2 14.81 13.2 13.39 13.11 13.58 13.77 13.68 13.78 12.68 12.28 11.47 11.21 10.88 11 10.04 10.29 10.46 10.93 11.35 12.02 12.46 12.75 12.53 12.96 13.28 13.54 13.47 12.39 13.1 13.68 14.07 14.55 15.17 15.63 16.02 16.34 16.87 16.99 17.22 18.02 18.78 19.56 20.31 20.46 21.22 22.27 22.61 22.76 22.43 22.39 22.39 23.15 22.53
-9999 -9999 -9999 -9999 -9999 -9999 -9999 -9999 20.06 22.34 16.54 18.46 17.72 18.78 20.66 25.12 26.04 27.78 22.61 23.65 22.04 21.37 19.17 16.04 12.68 14.46 16.19 14.38 13.9 13.52 14.75 15.25 13.06 11.83 12.27 11.66 12.11 12.9 12.15 11.5 11.79 11.72 10.64 9.86 9.68 9.81 9.9 10 10.04 10.52 10.67 11.11 11.88 12.01 12.35 12.81 12.89 12.43 11.92 12.26 12.9 13.3 13.73 13.46 13.86 14.27 14.33 14.9 15.48 15.76 16.35 16.8 16.78 17.37 18.1 19.16 19.79 20.23 21.14 21.5 21.7 21.98 22.34 21.21 20.83
-9999 -9999 -9999 -9999 -9999 -9999 -9999 -9999 16.15556 16.10204 17.02 17.98 19.39 17.87 19.07 20.15 20.26 18.78 20.45 21.92 21.34 18.44 15.3 13.11 13.56 15.64 13.91 12.1 11.59 12.77 14.09 15.62 12.67 12.33 10.98 10.52 11.68 12.22 11.62 10.87 10.19 10.17 9.76 9.06 8.82 8.88 9.02 9.35 9.98 10 10.23 11.37 11.94 11.85 11.99 11.99 11.81 11.16 11.55 12.05 12.31 12.45 12.93 13 13.06 13.54 13.06 13.13 13.62 14.3 14.66 15.42 15.91 16.19 16.77 17.54 17.98 18.26 19.25 19.06 20.19 21.11 20.98 20.53 20.38
-9999 -9999 -9999 -9999 -9999 -9999 -9999 -9999 14.71053 16.24 15.83 15.51 14.49 14.85 15.33 17.35 17.87 20.99 21.03 19.11 16.15 15.3 13.24 12.2 16.09 13.12 11.38 10.13 9.88 11.51 12.96 13.19 12.63 11.3 10.55 9.98 10.42 10.63 10.78 10.21 9.9 9.38 8.61 8.16 8 7.86 8.25 9.14 9.01 9.4 9.95 10.24 10.79 11.06 11.26 11.44 10.62 10.39 11.04 11.01 11.42 11.81 12.15 12.26 12.28 12.75 12.13 12.99 13.18 13.51 13.94 14.68 15.27 15.66 15.6 15.92 17.18 16.93 17.66 17.99 18.29 18.39 18.96 19.93 19.77
-9999 -9999 -9999 -9999 -9999 -9999 -9999 -9999 -9999 15.81 14.24 14.45 14.59 16.34 15.43 15.27 17.84 17.14 15.69 15.29 13.46 16.1 14.94 16.75 14.75 11.19 9.48 8.9 9.58 10.9 11.5 11.01 10.52 9.81 9.28 9.35 9.77 10.22 9.57 9.08 8.76 8.86 8.17 7.7 7.31 6.94 7.45 8.46 8.88 9 9.03 9.37 9.91 10.1 10.1 9.92 10 10 10.02 10.98 11.45 11.79 12.01 12.26 12.58 12.05 12.63 13.08 13.27 13.74 14.9 15.25 15.94 15.07 15.11 15.21 15.37 15.86 16.75 16.94 16.93 17.74 18.18 18.78 18.48
-9999 -9999 -9999 -9999 -9999 -9999 -9999 -9999 -9999 14.86 14.52 14.39 15.27 14.58 14.65 15.12 16.13 15.81 12.41 14.15 16.99 16.97 16.22 14.05 12.02 11.59 10.92 8.67 9.27 11.27 12.66 10.12 9.39 9.17 8.91 8.97 9.18 9.39 8.62 8.97 8.76 7.98 7.79 7.28 6.74 6.76 7.28 8.41 8.73 9 9 9 9.16 9 9.09 9.69 9.45 9.62 10.14 10.64 10.99 11.37 11.84 12 12.06 12 12.15 13.41 15.29 15.93 15.59 14.22 14.88 15.14 15.18 16.02 16.07 16.21 16.51 16.44 17 17.18 17.35 17.46 18.24
-9999 -9999 -9999 -9999 -9999 -9999 -9999 -9999 -9999 14.92929 14.06 13.92 13.92 13.99 14.53 13.99 15.31 14.2 12.04 14.21 19.8 14.22 14.17 13.22 10.9 9 8.66 8.8 9.5 8.94 9.99 9.05 8.99 9.65 10.13 9.63 8.81 8.22 8.62 9 8.81 8.29 7.98 7.73 7.31 7.78 8.35 8.67 9 9 9 9.03 9.59 9 9.35 9.6 9.3 9.06 9.87 10.31 10.09 10.25 10.42 11.08 11.31 11.71 11.89 12.76 14.34 13.87 13.75 13.95 14.71 14.97 16.03 17.32 17.8 18.19 18.45 17.51 17.37 17.87 18.05 18.11 18.01
-9999 -9999 -9999 -9999 -9999 -9999 -9999 -9999 -9999 14.98734 14.47 14.33 15.05 15.43 14.49 13.26 12.99 11.69 14.45 16.11 12.7 11.2 12.37 10.08 11.44 9.08 10.59 10.29 8.08 7.91 8.4 7.94 9.11 9.48 9.25 8.71 7.94 8.15 8.23 8.16 8.14 8.17 8.37 8.51 8.57 8.9 8.93 8.99 9 9 9.05 9 9.35 9 9 9 9 9.1 9.13 9.81 10 10 10.02 10.86 11.02 11.07 11.95 12.08 12.63 12.18 13.08 14.91 17.05 18.53 18.54 19.27 19.43 19.12 18.47 17.77 17.91 17.96 18 18.14 18.41
-9999 -9999 -9999 -9999 -9999 -9999 -9999 -9999 -9999 14.9434 14.15 14.22 14.11 14.27 13.45 13.16 11.77 14.56 14.89 14.64 10.23 10.51 10.42 8.93 8.75 9.33 10.91 10.57 7.28 7.83 8.74 8.31 9.13 8.64 8.78 8.02 8.58 8.73 8.06 8 7.8 8.11 8.52 9.15 8.98 9 9 9.14 9.31 9.1 9.07 9 9.02 9.52 9 9 9 9.02 9.67 9.6 9.99 10 10 10.14 10.93 11 11.41 11.97 12.43 12.85 13.36 16.69 21.79 22.08 20.46 19.41 20.56 19.06 16.49 16.88 16.45 16.31 17.99 18.1 18.31
-9999 -9999 -9999 -9999 -9999 -9999 -9999 -9999 -9999 -9999 14.02151 13.61 13.34 13.54 13.38 12.33 12.45 12.58 11.76 11.91 9.99 10.14 9.91 9.48 9.12 8.68 8.08 7.78 6.56 8.24 8.55 7.88 7.84 8.49 8.99 8.03 8.09 8.11 8.14 8.04 7.99 7.74 8 8.01 8.18 8.82 9 9.05 9.35 9.18 9.05 9.19 9.36 9.99 10 9 9.18 9.1 9.82 9.94 10 10.07 10.19 10.02 10.46 11.34 12.03 12.23 12.94 14.81 18.17 20.87 20.5 17.73 19.5 17.22 18.12 17.16 16.22 16.11 15.53 15.81 17.3 17.83 18.08
-9999 -9999 -9999 -9999 -9999 -9999 -9999 -9999 -9999 -9999 13.42857 13.84 12.82 12.71 12.53 13.16 15.57 14.35 16.37 14.89 11.95 12.22 11.23 11.25 11.18 10.42 8.84 8.42 6.74 6.94 6.87 7 6.96 8.15 8.84 8 8 8 8.03 8.1 8 7.95 7.96 8.02 8.03 8.58 9 9.05 9.53 9.69 9.35 9.64 9.98 10 10 10 10 9.65 10 10 10.12 10.38 10.04 10.38 11.04 12.04 13.28 17.13 17.84 18.09 13.91 14.21 17.95 15.99 14.11 15.03 15.98 14.02 13.98 14.47 14.57 15.79 16.5 17.56 18.09
-9999 -9999 -9999 -9999 -9999 -9999 -9999 -9999 -9999 -9999 12.56977 13.48 13.7 13.6 13.16 12.99 13.76 16.11 16.82 14.86 14.25 13.88 11.87 9.86 11.07 11.72 9.79 7.81 6.98 7.77 7.72 7.16 8 8.39 8 8 8 8 7.95 7.94 8.02 8.08 8 8 8.21 8.82 9 9 9.01 9.14 9.76 10 10 10 10 10 10 10 10 10.16 10.56 10.5 10.14 10.25 11.19 12.71 17.86 20.55 16.12 13.17 12.3 12.22 13.69 13.85 12.24 12.48 12.68 12.4 12.05 13.12 13.98 15.42 16.99 17.06 17.33
-9999 -9999 -9999 -9999 -9999 -9999 -9999 -9999 -9999 -9999 11.93878 12.67 13.19 14.15 16.38 15.96 14.78 12.7 12.45 12.45 12.43 12.53 12.02 10.84 11.06 11.13 9.53 7.74 7.22 8.09 8.47 7.86 7.62 8.31 8 8 8 7.31 7.13 7.23 7.79 7.99 8 8.41 8.97 9 9.07 9.11 9 9.09 9.87 10 10 10 10 10 10 9.96 10 10.3 10.79 10.83 11.01 11.2 12.5 14.17 20.43 14.97 17.12 15.69 12.49 10.97 10.01 10.46 11.48 11.25 10.89 11.61 12.7 14.06 14.91 15.14 15.69 16.52 17.1
-9999 -9999 -9999 -9999 -9999 -9999 -9999 -9999 -9999 -9999 11.01124 11.62 12.4 14.88 13.53 14.04 13.36 11.17 11.18 11.64 11.31 10.78 10.48 10.37 10.06 10.52 8.96 7.84 7.82 7.39 8.01 8.34 7.92 7.74 7.98 8 8 7.13 7 7.21 7.67 8.08 8.39 8.97 9 9.12 9.55 9.08 9.09 9.34 9.65 9.92 10 10.13 10.06 10 10.02 9.95 10.03 10.26 10.99 11.32 11.65 13.1 17.46 18 20.61 18.43 13.54 10.96 10.11 8.81 9.19 10.63 10.6 10.04 9.57 10.97 13.3 13.78 13.94 13.87 14.27 16.1 16.95
-9999 -9999 -9999 -9999 -9999 -9999 -9999 -9999 -9999 12 10.98913 11.01 11.34 11.74 13.1 12.27 12.42 11.31 11.57 11.33 10.4 9.82 9.73 9.23 8.97 8.42 7.98 8.09 8.35 8.2 7.89 8.62 8.07 7.88 7.73 8 8 7 7.14 7.67 7.89 8.02 8.78 9.04 9.24 9 8.36 8.83 9.05 9.59 9.88 10.01 10.68 10.61 11.1 11.22 11.05 10.2 10.38 10.61 12.57 12.38 13.72 14.43 13.76 12.05 12.04 10.86 10.42 11.06 9.27 8.39 8.99 9.19 9.68 8.74 9.58 12.07 12.73 13.2 13.93 12.87 12.36 13.06 14.36
