layers/wordclim/future/Iberia_wcB2a_10_hadcm3_2020/bio_07.asc
ncols         166
nrows         93
xllcorner     -9.4959440078468
yllcorner     36.000324005443
cellsize      0.083333337679505
NODATA_value  -9999
[rows 0 to 32 of 93, columns 73 to 145 of 166]
-9999 -9999 -9999 -9999 -9999 -9999 -9999 -9999 -9999 -9999 -9999 -9999 -9999 -9999 -9999 -9999 -9999 -9999 -9999 -9999 -9999 -9999 -9999 -9999 -9999 -9999 -9999 -9999 -9999 -9999 -9999 -9999 -9999 -9999 -9999 -9999 -9999 -9999 -9999 -9999 -9999 -9999 -9999 -9999 -9999 -9999 -9999 -9999 -9999 -9999 -9999 -9999 -9999 -9999 -9999 -9999 -9999 -9999 -9999 -9999 -9999 -9999 -9999 -9999 -9999 -9999 -9999 -9999 -9999 -9999 -9999 -9999 -9999
-9999 -9999 -9999 -9999 -9999 -9999 -9999 -9999 -9999 -9999 -9999 -9999 -9999 -9999 -9999 -9999 -9999 -9999 -9999 -9999 -9999 -9999 -9999 -9999 -9999 -9999 -9999 -9999 -9999 -9999 -9999 -9999 -9999 -9999 -9999 -9999 -9999 -9999 -9999 -9999 -9999 -9999 -9999 -9999 -9999 -9999 -9999 -9999 -9999 -9999 -9999 -9999 -9999 -9999 -9999 -9999 -9999 -9999 -9999 -9999 -9999 -9999 -9999 -9999 -9999 -9999 -9999 -9999 -9999 -9999 -9999 -9999 -9999
-9999 -9999 -9999 -9999 -9999 -9999 -9999 -9999 -9999 -9999 -9999 -9999 -9999 -9999 -9999 -9999 -9999 -9999 -9999 -9999 -9999 -9999 -9999 -9999 -9999 -9999 -9999 -9999 -9999 -9999 -9999 -9999 -9999 -9999 -9999 -9999 -9999 -9999 -9999 -9999 -9999 -9999 -9999 -9999 -9999 -9999 -9999 -9999 -9999 -9999 -9999 -9999 -9999 -9999 -9999 -9999 -9999 -9999 -9999 -9999 -9999 -9999 -9999 -9999 -9999 -9999 -9999 -9999 -9999 -9999 -9999 -9999 -9999
-9999 -9999 -9999 -9999 -9999 -9999 -9999 -9999 -9999 -9999 -9999 -9999 -9999 -9999 -9999 -9999 -9999 -9999 -9999 -9999 -9999 -9999 -9999 -9999 -9999 -9999 -9999 -9999 -9999 -9999 -9999 -9999 -9999 -9999 -9999 -9999 -9999 -9999 -9999 -9999 -9999 -9999 -9999 -9999 -9999 -9999 -9999 -9999 -9999 -9999 -9999 -9999 -9999 -9999 -9999 -9999 -9999 -9999 -9999 -9999 -9999 -9999 -9999 -9999 -9999 -9999 -9999 -9999 -9999 -9999 -9999 -9999 -9999
177.66 178.5955 176.1111 -9999 -9999 174.7586 177.73 182.77 183.407 185.7949 187.2364 -9999 -9999 -9999 -9999 -9999 -9999 -9999 -9999 -9999 -9999 -9999 -9999 -9999 -9999 -9999 -9999 -9999 -9999 -9999 -9999 -9999 -9999 -9999 -9999 -9999 -9999 -9999 -9999 -9999 -9999 -9999 -9999 -9999 -9999 -9999 -9999 -9999 -9999 -9999 -9999 -9999 -9999 -9999 -9999 -9999 -9999 -9999 -9999 -9999 -9999 -9999 -9999 -9999 -9999 -9999 -9999 -9999 -9999 -9999 -9999 -9999 -9999
189.39 190.13 190.22 184.56 185.3878 178.5556 183.39 185.35 188.56 191.25 196.24 195.5253 197.726 197.45 198.8525 200.0984 201.5833 205.5625 210.15 218.63 220.9595 -9999 -9999 -9999 -9999 -9999 -9999 -9999 -9999 -9999 -9999 -9999 -9999 -9999 -9999 -9999 -9999 -9999 -9999 -9999 -9999 -9999 -9999 -9999 -9999 -9999 -9999 -9999 -9999 -9999 -9999 -9999 -9999 -9999 -9999 -9999 -9999 -9999 -9999 -9999 -9999 -9999 -9999 -9999 -9999 -9999 -9999 -9999 -9999 -9999 -9999 -9999 -9999
196.5 199.43 195.03 191.78 193.36 196.33 191.25 192.61 196.98 203.44 205.67 205.86 208.17 209.73 210.99 211.88 210.74 218.81 221.26 233.98 229.7 234.74 242.16 244.3 -9999 -9999 -9999 -9999 -9999 -9999 -9999 -9999 -9999 -9999 -9999 -9999 -9999 -9999 -9999 -9999 -9999 -9999 -9999 -9999 -9999 -9999 -9999 -9999 -9999 -9999 -9999 -9999 -9999 -9999 -9999 -9999 -9999 -9999 -9999 -9999 -9999 -9999 -9999 -9999 -9999 -9999 -9999 -9999 -9999 -9999 -9999 -9999 -9999
212.21 200.5 202.14 198.84 200.53 200.47 202.6 203.88 212.61 211.46 211.81 213.51 217.27 220.26 222.13 221.83 223.4 233.47 238.98 242.98 239.77 242.94 246.52 250.9041 -9999 -9999 -9999 -9999 -9999 -9999 -9999 -9999 -9999 -9999 -9999 -9999 -9999 -9999 -9999 -9999 -9999 -9999 -9999 -9999 -9999 -9999 -9999 -9999 -9999 -9999 -9999 -9999 -9999 -9999 -9999 -9999 -9999 -9999 -9999 -9999 -9999 -9999 -9999 -9999 -9999 -9999 -9999 -9999 -9999 -9999 -9999 -9999 -9999
221.45 219.01 222.7 220.33 209.75 210.58 222.6 231.94 224.85 227.85 221.78 221.48 229.54 226.62 225.51 230.26 238.57 241.92 249.96 252.2 254.07 256.29 257.19 259.025 -9999 259.119 260.8393 -9999 -9999 -9999 -9999 -9999 -9999 -9999 -9999 -9999 -9999 -9999 -9999 -9999 -9999 -9999 -9999 -9999 -9999 -9999 -9999 -9999 -9999 -9999 -9999 -9999 -9999 -9999 -9999 -9999 -9999 -9999 -9999 -9999 -9999 -9999 -9999 -9999 -9999 -9999 -9999 -9999 -9999 -9999 -9999 -9999 -9999
227.39 227.84 228.45 231.2 229.13 228.17 228.47 233.44 230.7 232.93 237.77 240.34 246.52 243.12 243.7 248.61 252.17 254.54 256.22 258.8 262.33 264.48 264.32 265.22 264.61 264.99 264.46 263.68 263.0538 261.8524 260.4 255.7069 -9999 -9999 -9999 -9999 -9999 -9999 -9999 -9999 -9999 -9999 -9999 -9999 -9999 -9999 -9999 -9999 -9999 -9999 -9999 -9999 -9999 -9999 -9999 -9999 -9999 -9999 -9999 -9999 -9999 -9999 -9999 -9999 -9999 -9999 -9999 -9999 -9999 -9999 -9999 -9999 -9999
234.46 236.13 239.19 236.48 237.37 240.79 240.28 236.69 236 238.86 241.54 245.71 248.13 252.87 254.64 255.18 256.88 260.66 262.33 265.75 269.05 270.86 271.54 270.41 269.59 269.26 266.63 268 266.51 265.45 262.94 256.93 254.5263 -9999 -9999 -9999 -9999 -9999 -9999 -9999 -9999 -9999 -9999 -9999 -9999 -9999 -9999 -9999 -9999 -9999 -9999 -9999 -9999 -9999 -9999 -9999 -9999 -9999 -9999 -9999 -9999 -9999 -9999 -9999 -9999 -9999 -9999 -9999 -9999 -9999 -9999 -9999 -9999
238.4 237.87 240.16 245.81 238.39 244.93 242.47 243.1 248.33 250.6 253.66 256.41 259.04 260.99 262.89 263.58 266.36 267.54 269.55 272.57 277.05 280.38 279.4 278.81 277.45 275.6 274.07 272.85 272.63 271.5 267.62 264.1 260.17 253.3011 254.0746 249.1795 252.625 245.0303 239.7313 -9999 -9999 -9999 -9999 -9999 -9999 -9999 -9999 -9999 -9999 267.24 257.91 246.9359 244.9091 -9999 -9999 -9999 -9999 -9999 -9999 -9999 -9999 -9999 -9999 -9999 -9999 -9999 -9999 -9999 -9999 -9999 -9999 -9999 -9999
251.03 249.52 253.09 251.56 243.41 245.09 247.1 252.86 255.23 258.36 263.65 264.14 265.52 267.73 269.35 270.03 271.63 273.62 277.25 279.56 281.82 284.34 282.33 281.47 282.6 282.75 279.67 277.27 276.03 275.82 273.57 273.01 271.4 265.74 262.48 250.04 254.28 260.74 245.47 250.9783 -9999 -9999 -9999 249.9861 -9999 242.4259 -9999 -9999 -9999 260.5 264.5 257.82 251.7 248.06 255.1098 248.6825 248.697 -9999 -9999 -9999 -9999 -9999 -9999 -9999 -9999 -9999 -9999 -9999 -9999 -9999 -9999 -9999 -9999
252.31 253.39 255.58 257.35 255.87 255.93 255.85 262.02 266.93 268.81 270.83 271.99 274.23 275.67 275.68 278.08 279.6 280.22 281.15 284.08 288.47 288.78 285.24 285.08 286.25 286.46 283.71 281.38 281.87 280.75 279.85 277.82 275.4 274.12 273.32 268.3 265.73 269.33 261.79 264.97 255.96 250.65 257.94 264.88 251.1 251.98 245.61 257.99 241.18 243.96 248.87 247.38 247.41 253 266.79 257.71 256.98 246.7423 -9999 -9999 -9999 -9999 -9999 -9999 -9999 -9999 -9999 -9999 -9999 -9999 -9999 -9999 -9999
263.56 263.07 264.58 264.28 262.54 261.64 262.97 265.09 268.18 272.16 274.94 277.84 281.1 282.26 282.16 283.17 283.69 284.52 284.82 288.09 291.22 292.19 290.48 291.03 290.61 290.71 289.28 286.01 284.11 281.35 281.8 281.28 278.88 278.22 275.59 276.97 276.78 271.56 268.29 271.18 269.19 272.27 278.55 274.77 256.81 259.17 268.8 257.38 253.61 258.84 256.4 253.09 245.83 247.62 266.01 271.53 263.38 253.47 -9999 -9999 -9999 -9999 -9999 -9999 -9999 -9999 -9999 -9999 -9999 -9999 -9999 -9999 -9999
270.16 270.54 270.85 270.33 271.46 271.14 272.95 274.53 275.4 279.43 280.62 283.92 286.57 286.7 287.62 289.08 289 290.54 292.51 292.56 294.76 295.12 295.31 294.61 294 291.51 289.3 287.06 285.54 282.78 281.15 282.2 281.62 281.38 279.63 279.47 280.07 276.44 273.61 273.09 279.41 280.02 286.35 279.14 273.21 274.63 273.9 267.55 272.14 276.49 267.92 253.15 256.32 256.77 270.74 267.15 260.12 258.42 -9999 -9999 248.3651 248.379 251.8315 261.3148 264.1176 -9999 -9999 -9999 -9999 -9999 -9999 -9999 -9999
278.28 277.89 278.35 280.03 280.84 281.53 282.19 281.32 283.65 288.1 289.12 291.62 293.28 294.42 294.93 294.4 293.32 295.12 296.75 296.01 296.9 297.67 297.77 297.7 297.26 296.43 293.5 291.26 288.7 286.23 284.76 284.41 283.95 280.49 280.52 279.49 279.09 279.79 278.22 276.95 278.14 283.84 289.15 291.2 289.1 284.57 281.27 275.42 272.94 279.09 277.61 275.41 276.81 272.55 276.46 261.55 266.32 275.28 276.9 268.8 265.4 265.72 266.03 264.3 257.7945 -9999 247.3625 245.85 249.77 253.2 -9999 -9999 -9999
284.11 284.83 284.72 286.74 286.73 288.06 288.66 289.57 292.05 294.39 295.66 297.81 298.32 300.58 300.67 301.42 300.67 299.36 299.44 299.85 300.02 301.28 301.27 300.97 300.56 299.83 298.56 296.51 293.93 291.99 288.61 289.4 288.24 285.21 281.67 279.45 278.84 277.79 273.72 277.54 279.44 284.44 291.87 295.13 288.84 293.14 285.33 290.9 283.02 288.36 283.33 276.59 285.58 285.87 270.16 266.14 271.88 281.43 272.26 262.47 257.78 257.42 261.08 258.32 256.04 256.82 259.6 256.52 255.38 261.85 264.49 264.46 262.33
288.6 289.76 290.03 290.16 290.66 292.21 294.08 296.12 297.69 300.19 301.06 303.3 302.94 305.14 305.54 305.85 306.43 305.93 303.65 302.63 303 303.8 303.25 302.97 303.35 302.99 301.92 300.96 299.35 295.96 293.84 293.9 293.31 291.76 289.96 287.65 285.91 285.82 286.6 287.62 286.14 289.22 290.05 297.44 295.16 300.51 298.11 293.23 290.24 296.17 286.87 291.98 295.97 281.79 269.15 275.08 281.93 278.33 267.88 262.31 260.56 261.6 262.87 268.95 263.72 263.54 265.53 266.57 262.14 262.83 267.11 266.8 266.62
291.93 292.67 293.35 295.28 295.8 297.7 298.89 299.91 301.92 304.72 304.33 304.36 306.7 307.87 309.33 309.34 309.31 308.91 307.83 305.95 305.83 304.96 305.8 306.41 306.2 305.53 304.79 302.93 302.11 300.95 299.53 298.78 297.78 295.41 292.58 292.86 291.93 289.57 291.18 294.47 294.96 297.38 299.29 303.44 299.64 301.66 295.44 295.41 295.32 299.97 291.66 301.93 298.58 293.93 281.36 277.73 283.26 277.19 271.49 267.54 271.59 267.86 262.21 271.87 269.49 268.73 265.9 267.05 261.09 258.82 265.33 262.66 263.42
294.32 295.18 297.32 297.52 298.81 299.22 299.68 301.17 302.59 303.29 305.28 308.26 311.69 309.62 311.75 311.55 311.82 312.25 311.33 310.19 308.51 307.26 306.96 307.43 307.43 307.85 306.48 306.01 304.29 302.62 302.41 301.51 299.7 298.8 296.52 296.35 295.57 293.57 295.67 298.17 299.38 303.19 305.98 308.36 300 297.75 296.95 303.15 299.7 292.27 290.81 299.66 285.8 287.75 287.54 289.15 289.99 285.37 281.51 278.4 275.07 272.55 272.92 273.62 270.85 269.47 267.37 266.17 266.68 261.32 258.42 261.7 262.65
299 298.86 300.92 302.16 304.42 305.29 305.22 307.75 307.53 310.89 312.96 315.51 313.54 312.64 314 315 314.64 314.94 313.94 313.2 312.01 311.23 309.77 307.81 307.94 308.03 308.01 308.89 306.9 302.47 303.92 305.14 303.34 300.7 299.97 299.69 299.44 298.39 299 301.93 303.31 306.69 309.57 311.29 311.22 308.56 303.63 304.84 306.36 298.88 301.85 302.65 293.19 298.85 296.59 292.36 289.22 284.76 280.07 279.1 277.67 276.48 274.28 272.15 269.97 268.81 266.5 264.81 265.2 262.26 260.55 259.55 262.1
300.88 302.83 303.55 305.7 306.81 309.45 310.81 313.48 315.5 318.3 319.52 321.22 320.84 319.44 317.34 318.08 317.55 315.95 315 314.18 313.63 312.22 311.77 310.68 310.31 309.72 310.08 308.36 307.87 307.69 308.33 308.8 305.88 302.91 299.81 301.91 302.69 303.76 303.46 304.94 304.84 308.8 312.82 314.93 316.51 316.95 317.24 317.24 312.87 310.06 308.88 307.99 305.35 302.09 296.41 293.64 289.15 284.41 280.27 276.78 276.78 275.2 272.95 270.39 268.74 266.93 263.29 262.74 262 259.26 256.9 257.06 259.1
303.23 305.01 306.37 308.74 309.97 311.55 314.28 316 318.87 320.5 323.4 324.41 324.36 322.57 321.77 319.84 318.24 317.72 310.86 310.99 314.4 313.88 313.63 313.26 311.53 311.13 311.06 311.04 311.45 310.95 311.85 311.69 308.97 306.22 301.05 301.34 303.66 305.28 306.75 307.95 309.75 311.64 315.11 316.31 320.09 323.02 325.44 324.1 324.51 322.27 318.18 313.67 308.17 301.93 296.37 291.89 287.3 283.06 279.7 275.85 273.33 272.53 270.9 267.81 266.63 264.78 261.51 260.65 258.99 254.27 253.19 258.13 257.98
305.67 306.49 308.47 310.01 312.36 314.17 316.91 318.77 320.6 322.67 324.58 326.25 325.41 325.03 323.51 321.66 320.56 317.44 315.12 311.39 312.1 312.8 312.26 313.25 312.99 312.55 311.3 311.66 313.25 315.53 315.38 313.39 310.29 307.47 304.29 302.25 301.61 304.32 307.57 309.66 311.7 313.94 316.95 318.4 321.7 324.92 326.53 326.21 330.87 326.59 320.03 313.77 307.68 300.94 294.67 289.99 285.03 280.64 276.76 274.39 271.94 269.41 267.18 265.44 264.24 262.59 260.31 259.29 257.4 256.61 256.06 256.48 255.23
307.1 308.77 309.49 312.08 313.17 315.92 317.83 319.59 322.31 323.13 325.87 326.1 326.37 325.49 324.16 323.41 321.26 319.16 317.15 315.5 314.19 313.53 312.49 312.27 313.2 312.72 312.54 312.1 312.94 315.35 316.67 315.35 313.46 310.25 309.06 307.48 305.09 304.39 306.04 307.78 308.47 312.69 316.51 319.49 322.67 324.71 327.84 330.96 332.87 327.21 319.22 311.97 305.41 298.4 291.89 286.01 282.2 278.23 275.02 272.17 269.1 267.28 265.2 262.84 261.97 259.53 257.8 256.09 254.25 254.42 253.44 252.3636 252.5132
309.23 309.91 311.79 312.75 314.89 316.59 318.21 320.63 322.42 324.1 325.23 326.56 326.27 325.45 325.31 323.55 321.51 319.81 319.25 317.3 314.98 314.94 314.38 312.8 313.05 312.54 312.1 310.05 312.08 311.27 312.57 313.69 313.12 311.9 309.79 308.84 308.57 308.16 308.03 309.01 310.75 312.65 315.09 317.28 320.51 323.85 326.07 327.16 327.49 322.76 316.24 308.41 301.59 294.28 287.83 282.43 279.21 275.75 273.07 269.5 266.19 264.34 262.34 259.68 257.64 256.45 254.03 250.7 251.36 250.2766 -9999 -9999 -9999
310.12 311.57 312.64 314.68 316.04 317.12 319.74 321.2 323.45 323.63 324.51 325.96 326.14 326.38 324.71 323.28 321.78 321.04 319.15 317.17 315.48 313.5 313.93 313.22 312.27 312.08 311.06 310.67 309.93 307.55 308.43 309.78 311.02 310.94 310.36 308.93 308.41 308 308.51 309.49 310.39 312.2 313.94 315.69 317.19 319.86 321.76 322.41 319.46 315.04 307.79 301.06 295.02 289.53 284.46 279.65 276.18 272.63 270.84 267.67 264.25 260.35 257.21 255.88 254 252.98 250.61 247.3511 -9999 -9999 -9999 -9999 -9999
311.56 312.39 313.55 315.74 317.12 319.55 320.77 322.53 324.13 323.87 325.68 325.81 325.57 325.78 324.02 322.9 321.56 320.73 319.01 317.35 315.53 314.74 311.59 309.72 307.81 308.54 309.12 307.31 307.16 305.22 306.9 309.27 309.69 309.63 309.01 308.01 307.58 307.36 307.62 308.1 309.49 310.28 311.84 313.08 314.36 315.51 315.65 313.83 310.35 304.34 299.55 294.16 288.44 284.45 280.57 275.79 271.37 267.83 266.94 263.04 257.97 255.73 254.99 255.29 252.46 248.36 246.2872 -9999 -9999 -9999 -9999 -9999 -9999
311.62 312.83 315.14 316.04 318.43 319.71 320.96 323.27 324.02 325.9 325.58 325.44 326.2 324.97 323.82 322.66 321.07 320.57 318.63 316.83 315.14 313.75 310.81 308.02 305.69 303.77 304.47 303.04 302.34 303.08 305.16 306.24 307.17 307.53 307.22 307.21 306.19 306.3 306.6 307.63 308.26 307.99 309.15 309.67 310.26 310.32 309.42 310.14 307.35 301.33 293.59 288.11 283.61 279.31 276.59 267.61 263.15 260.81 259.2 255.15 253.04 252.67 251.23 252.051 248.963 246.1471 -9999 -9999 -9999 -9999 -9999 -9999 -9999
311.28 314 315.38 317.18 318.61 319.62 322.05 322.91 323.77 325.99 325.61 325.65 326.04 325.16 324.11 322.94 321.49 320.52 318.56 316.31 313.92 311.48 309.55 306.91 303.35 301.46 300.21 299.54 300.24 301.15 302.97 302.89 303.74 304.98 305.12 305.13 304.29 304.31 304.48 305.13 305.74 306.34 305.82 306.35 306.46 306.13 304.02 303.87 301.35 297.33 292.34 287.25 282.46 276.12 268.07 257.02 253.61 251.84 251.0918 249.0253 248.9848 -9999 -9999 -9999 -9999 -9999 -9999 -9999 -9999 -9999 -9999 -9999 -9999
313.49 314.26 315.65 317.93 318.61 319.98 321.86 322.77 323.67 325.92 326.64 325.65 326.54 326.14 324.9 323.56 322.12 319.73 318.54 316.25 313.81 310.87 308.01 304.72 301.94 299.69 298.55 298.16 297.83 298.15 298.56 298.24 297.49 300.52 302.42 302.31 301.16 301.56 301.92 301.86 302.66 302.02 302.3 302.56 302.02 300.55 299.28 298.38 295.57 291.64 287.83 283.02 275.08 266.89 258.42 251.1605 -9999 -9999 -9999 -9999 -9999 -9999 -9999 -9999 -9999 -9999 -9999 -9999 -9999 -9999 -9999 -9999 -9999
313.99 314.52 316.75 318.22 318.14 320.23 321.43 322.6 325.24 326.37 326.89 326.82 327.99 326.32 325.12 323.89 322.59 320.48 318.06 315.27 312.68 309.62 306.58 304.01 300.48 298.21 298.35 297.78 296.42 296.12 295.76 296.21 296.82 297.77 298.63 297.38 298.21 298.39 299.11 299.32 299.05 297.68 298.01 297.93 296.96 297.26 295.95 293.91 289.68 286.83 284 278.18 269.9155 -9999 -9999 -9999 -9999 -9999 -9999 -9999 -9999 -9999 -9999 -9999 -9999 -9999 -9999 -9999 -9999 -9999 -9999 -9999 -9999
