layers/wordclim/future/Iberia_wcB2a_10_hadcm3_2020/bio_02.asc
ncols         166
nrows         93
xllcorner     -9.4959440078468
yllcorner     36.000324005443
cellsize      0.083333337679505
NODATA_value  -9999
[rows 0 to 32 of 93, columns 0 to 73 of 166]
-9999 -9999 -9999 -9999 -9999 -9999 -9999 -9999 -9999 -9999 -9999 -9999 -9999 -9999 -9999 -9999 -9999 71.53658 73.91666 72.82089 74.33334 75.20454 75.68116 76.69697 -9999 -9999 -9999 -9999 -9999 -9999 -9999 -9999 -9999 -9999 -9999 -9999 -9999 -9999 -9999 -9999 -9999 -9999 -9999 -9999 -9999 -9999 -9999 -9999 -9999 -9999 -9999 -9999 -9999 -9999 -9999 -9999 -9999 -9999 -9999 -9999 -9999 -9999 -9999 -9999 -9999 -9999 -9999 -9999 -9999 -9999 -9999 -9999 -9999 -9999
-9999 -9999 -9999 -9999 -9999 -9999 -9999 -9999 -9999 -9999 -9999 -9999 -9999 -9999 -9999 -9999 70.95454 72.2 74.02 74.41 76.36 77.53 77.17171 79.15 79.85 79.6701 -9999 -9999 -9999 -9999 -9999 -9999 -9999 -9999 -9999 -9999 -9999 -9999 -9999 -9999 -9999 -9999 -9999 76.98438 75.17308 -9999 -9999 -9999 -9999 -9999 -9999 -9999 -9999 -9999 -9999 -9999 -9999 -9999 -9999 -9999 -9999 -9999 -9999 -9999 -9999 -9999 -9999 -9999 -9999 -9999 -9999 -9999 -9999 -9999
-9999 -9999 -9999 -9999 -9999 -9999 -9999 -9999 -9999 -9999 -9999 -9999 -9999 -9999 69.11111 69.86316 71.60606 73.31 74.86 77 78.25 79.12 79.69 81.42 80.64 80.57 81.03158 82.1519 82.80282 82.85455 83.575 83.82143 84.88158 84.36364 85.96203 85.5 85.79452 87.11111 87.75 86.68041 85.78205 84.42857 82.19192 80.3 79.05 74.72727 73 75.76667 76.33898 -9999 -9999 -9999 -9999 -9999 -9999 -9999 -9999 -9999 -9999 -9999 -9999 -9999 -9999 -9999 -9999 -9999 -9999 -9999 -9999 -9999 -9999 -9999 -9999 -9999
-9999 -9999 -9999 -9999 -9999 -9999 -9999 -9999 -9999 -9999 -9999 -9999 -9999 -9999 -9999 -9999 73.39394 75.65 77.13 77.89 79.43 81.08 82.25 83.24 83.27 82.71 82.92 84.91 84.25 84.95959 86.87 87.93 88.89 87.91 91.1 90.2 89.59 91.33 93.67 90.77 87.89899 90.2 90.3 86.83 83.76 82.39 84.57 84.39 79.04 80.03 80.24 81.29487 77.76923 76.89831 76.86 -9999 -9999 -9999 -9999 -9999 -9999 -9999 -9999 -9999 -9999 -9999 -9999 62.10959 -9999 61.39682 61.9375 61.75862 62 -9999
-9999 -9999 -9999 -9999 -9999 -9999 -9999 -9999 -9999 -9999 -9999 -9999 -9999 -9999 70.19403 72.04166 74.34 76.7 78.15 79.59 80.35 81.71 82.67 83.8 84.66 85.56 86.03 85.91 86.77 88.82 90.32 90.58 90.42 91.86 93.34 92.56 94.44 96.15 94.6 92.7 92.55 90.65 89.77 91.89 89.25 88.16 88.47 87.08 85.88 84.72 83.76 80.41 79.82 82.54 82.22 82.07 83.18 79.89362 77.2963 74.53425 73.02597 71.58974 71.08334 70.61446 68.77551 66.65 65.73 64.76 64.6875 63.43 64.79 64.47 63.89286 64.87
-9999 -9999 -9999 -9999 -9999 -9999 62.37037 63.3625 64.5946 -9999 66.93243 68.18073 68.98 69.65656 71.06 -9999 75.64 77.87 79.67 80.65 81.61 82.55 83.51 84.3 85.78 86.5 87.26 87.29 89.38 90.88 91.6 91.19 92.7 94.7 95.67 95.57 95.52 96.27 97.95 97.7 98.6 98.81 97.49 95.15 94.8 93.65 94.09 95.62 95.05 91.88 93.76 90.74 87.48 90.42 91.29 88.82 86.31 86.73 82.38 82.15 78.38 78.02 76.06 74.21 73.77 71.05 69.88 69.02 71.21 73.13 71.71 70.48 67.94 69.77
-9999 -9999 -9999 -9999 -9999 -9999 63.16438 63.99 65.22 66.28 68.29 71.31 72.45 73.01 73.26 75.17 77.68 79.32 80.66 81.62 82.73 83.62 84.53 85.36 86.32 87.39 88.56 89.33 90.77 92.18 92.64 92.91 95.25 96.17 97.11 97.3 98.49 99.79 100.4 100.6 101.53 100.99 101.64 101.35 98.87 100.65 100.78 98.37 98.92 98.98 100.1 96.76 95.92 97.37 97.61 95.7 96.03 95.17 88.6 89.71 86.79 83.69 81.48 82.28 79.13 75.73 76.43 75.67 75.38 80.7 83.91 78.1 73.62 72.89
-9999 -9999 -9999 -9999 60.78495 62.27 63.61 65.53 67.44 68.78 70.99 72.47 74.07 75.67 76.51 78.18 79.69 80.75 81.86 82.85 84.06 84.77 85.47 86.46 87.39 88.9 90.13 91 92.63 93.3 94.38 94.88 96.28 97.49 98.58 99.23 100.2 100.3 101.68 102.03 102.85 103.45 104.27 104.44 103.46 103.34 103.46 103.14 103.43 102.51 102.15 101.88 100.97 99.58 99.8 99 98.1 94.25 90.32 91.01 94.58 91.51 89.08 88 86.64 81.21 84.22 80.45 81.06 86.56 87.81 85.47 83.67 79.96
-9999 -9999 -9999 60.14433 61.44 63.47 64.6 66.1 68 69.61 71.31 73.24 74.58 76.3 77.77 79.14 80.49 81.87 83.12 84.11 84.78 86 86.58 87.73 89.03 90.14 91.42 92.57 93.48 94.62 95.12 96.15 97.75 98.52 99.9 99.86 100.89 99.81 100.39 101.32 100.49 102.88 102.36 105.76 106.52 104.48 104.15 104.68 103.8 103.22 104.18 103.05 103.28 102.63 101.63 101.1 100.01 98.66 97.89 96.53 96.8 97 95.75 92.86 90.88 89.4 89.01 87.51 87.53 86.91 84.58 83.82 83.49 83.67
-9999 -9999 -9999 60.01176 62.06061 63.44 64.83 66.15 67.32 69.25 71.01 73.26 75.36 77.49 79.05 80.52 81.43 82.81 83.95 84.98 85.91 86.8 87.85 88.87 89.88 91.27 92.54 93.77 94.61 95.48 96.58 97.78 98.71 99.01 100.04 100.34 100.41 102.37 103.29 104.03 103.92 105.58 105.91 105.34 106.53 107.2 106.44 107.1 105.89 106.48 106.74 105.81 105.06 104.47 103.83 102.97 101.87 101.25 100.92 100.05 98.89 99.1 98.12 95.04 93.28 91.94 90.86 90.35 89.42 88.32 86.04 83.64 84.48 85.65
-9999 -9999 -9999 -9999 61.17241 63.47 64.34 64.88 66.87 67.45 68.86 73.05 76.46 77.18 79.01 80.79 81.78 83.3 84.66 85.82 86.85 87.73 88.83 89.94 91.07 92.46 93.58 94.4 95.83 97.11 97.8 97.73 97.58 98.56 100.9 101.54 103.02 103.3 102.45 104.42 104.25 104.41 107.01 109.26 107.37 109.49 110.1 110.14 108.92 109.35 108.88 107.78 107.21 106.4 105.88 104.66 104.14 103.37 102.65 101.19 99.75 98.87 97.71 96.23 95.4 93.78 93.58 91.28 91.02 89.3 89.72 88.24 86.4 87.79
-9999 -9999 -9999 -9999 60.475 61.51563 62.04546 62.58242 67.47 67.08 68.45 70.33 73.86 75.8 78.18 81.72 82.97 84.61 85.73 86.86 87.74 88.86 90 91.27 92.46 93.34 94.08 95.41 96.72 97.65 98.35 96.88 99.65 101.64 103.55 104.59 104.15 103.36 103.68 105.05 107.54 109.6 111.16 111.98 112.63 112.15 113.44 113.11 112.41 111.9 110.91 110.16 109.12 108.31 107.29 106.75 105.86 104.84 103.98 102.98 101.74 100.41 98.82 97.81 97.27 95.35 94.31 94.8 93.29 93.22 94.13 91.71 91.44 89.03
-9999 -9999 -9999 -9999 -9999 -9999 63.84783 62.94 64.73 64.76 67.83 71.42 73.65 78.23 80.44 82.4 84.14 85.43 86.35 87.15 88.72 89.93 91.12 92.05 93.38 94.36 94.97 94.89 95.57 97.2 99.18 99.79 102.09 103.77 104.96 106.22 106.55 107.1 108.68 109.42 109.86 111 112.46 113.84 114.73 114.92 115.77 115.54 114.78 113.74 113.1 112.05 111.07 110.12 109.42 108.59 107.71 106.72 105.52 104.76 103.16 102.08 100.88 100.57 99.75 98.84 97.76 97.03 95.87 96.07 96.74 95.34 91.77 93.94
-9999 -9999 -9999 -9999 -9999 59.62712 61.85106 -9999 -9999 64.92 66.54 71.87 76.46 79.6 81.21 83.25 84.81 86.02 86.69 87.54 89.66 91.23 92.15 93.36 94.41 95.48 95.3 96.44 96.72 97.3 99.86 101.81 103.48 104.52 105.81 107.01 108.33 109.38 110.46 110.79 112.09 113.54 114.62 115.81 116.88 117.73 118.02 117.21 116.23 115.45 114.46 113.28 112.86 111.63 111.22 110.43 109.49 108.65 107.34 106.49 105.3 103.64 102.72 102.36 101.3 100.92 99.96 99.41 98.84 98.53 97.82 95.87 93.83 93.95
-9999 -9999 -9999 -9999 -9999 -9999 -9999 60 60.89157 62.1 66.04 71.55 76.6 79.85 81.66 83.43 85.6 86.23 86.95 88.75 90.53 92.02 93.35 94.53 95.62 96.4 97.01 97.64 97.62 98.46 100.76 103.33 104.43 105.37 106.61 108.15 108.67 108.67 109.44 111.1 113.4 114.8 116.15 117.04 118.13 119.09 118.96 118.11 117.28 116.55 115.85 115.37 114.44 113.34 112.82 112.24 111.17 110.51 109.56 108.34 107.09 105.75 104.48 103.44 102.54 101.56 101.27 101.1 100.33 99.68 98.78 98.03 98.6 98.43
-9999 -9999 -9999 -9999 -9999 -9999 -9999 59.875 61.05435 64.66292 63.9 70.69 77.7 80.17 82.52 84.93 87 88.27 89.67 90.89 91.86 92.98 94.5 95.57 96.14 96.85 98.02 99.55 99.02 100.83 102.42 104.36 105.55 105.97 105.63 107.01 106.7 107.55 110.81 113.07 114.58 115.76 116.78 117.89 118.81 119.41 119.16 118.35 118.06 117.68 117.13 116.62 115.8 114.75 114.38 113.69 112.87 111.86 110.93 109.86 108.81 107.67 106.54 105.5 104.45 103.32 103.15 102.61 101.93 101.25 101.09 101.24 101.17 101.03
-9999 -9999 -9999 -9999 -9999 -9999 -9999 -9999 -9999 64.67647 65.7957 71.67 77.59 80.74 82.64 86.32 88.14 90 91.17 92.13 93.34 92.92 92.7 94.93 96.3 96.06 97.42 100.7 101.85 101.23 101.96 104.28 103.33 104.06 105.94 103.94 104.65 107.79 111.5 113.4 115.09 116.46 117.25 117.98 118.94 119.27 119.51 119.06 119.12 118.93 118.13 117.65 116.94 116.2 115.71 115.38 114.49 113.82 112.9 111.87 110.73 109.42 108.38 107.1 106.03 105.41 104.89 104.05 103.14 102.86 102.88 103.09 103.35 104.31
-9999 -9999 -9999 -9999 -9999 -9999 -9999 -9999 62.5641 66.33334 -9999 74.07 79.07 81.8 83.12 87.45 89.57 91.59 92.58 94.07 94.88 94.24 94.54 92.95 93.33 94.54 94.6 99.92 101.92 101.68 100.16 100.65 101.18 102.42 104.96 108.17 108.42 107.54 110.55 113.85 115.75 116.68 117.65 118.25 118.98 120 120 119.87 119.86 119.48 118.84 118.5 117.75 117.31 116.81 116.48 115.98 115.15 114.4 113.52 112.52 111.39 110.1 108.94 107.96 107.49 106.22 105.23 104.73 104.62 104.73 104.8 105.2 106.27
-9999 -9999 -9999 -9999 -9999 -9999 -9999 -9999 -9999 67.02198 70.84 74.73 79.06 83.41 86.28 89.74 92.29 93.39 94.22 94.52 94.97 95.07 96.45 92.98 91.41 91.8 91.97 96.85 101.81 100.6 100.22 98.71 97.52 99.61 103.2 104.48 106.67 110.07 112.04 114.35 115.95 116.98 118.03 118.99 119.6 119.8 120 120.01 120.05 119.97 119.39 119.02 118.63 118.33 118.15 117.8 117.41 116.92 116.52 115.63 114.46 113.32 111.97 110.86 109.89 108.37 107.12 106.67 106.01 105.78 105.79 106.25 107.16 108.02
-9999 -9999 -9999 -9999 -9999 -9999 -9999 -9999 66.37363 71.79 72.07 76.17 80.33 85.56 90.23 91.07 90.45 89.05 91.18 91.98 93.08 95.72 95.86 95.31 93.7 93.01 95.22 99.11 101.55 99.77 99.04 97.87 99.76 105.15 107.99 109.24 110.26 112.18 114.01 115.36 116.36 117.53 118.12 118.99 119.37 119.97 119.98 120.02 120.2 120.03 120.03 120 119.85 119.58 119.1 118.81 118.59 118.36 118.01 117.42 116.47 115.27 113.62 112.16 110.55 109.71 108.66 107.83 107.52 107.36 107.74 107.88 107.93 108.3
-9999 -9999 -9999 -9999 -9999 -9999 -9999 69.11111 70.93 72.15 74.58 77.98 82.68 87.38 87.3 83.92 82.4 85.12 88.84 92.58 94.65 96.03 97.27 95.88 100.35 97.64 98.35 100.56 100.44 100.38 100.2 100.26 101.25 107.52 109.54 110.83 112.18 113.56 114.45 115.82 116.97 117.61 118.43 118.99 119.59 120 120.02 120.04 120.8 120.99 120.77 120.7 120.71 120.22 120.02 119.97 119.68 119.4 119.17 118.86 117.79 116.1 114.51 113.21 112.12 110.85 109.76 109.08 108.49 108.03 108.19 108.43 108.94 109.17
-9999 -9999 -9999 -9999 -9999 -9999 -9999 69.83334 70.76 73.74 77.36 81.54 84.9 86.67 81.59 86.37 89.09 92.29 91.46 87.95 88 91.8 94.54 98.31 103.42 101.18 100.86 103.14 103.15 103.17 104.52 104.79 103.93 109.41 110.79 111.56 112.32 113.67 114.88 115.95 116.9 117.37 118.46 119 119.51 120 120.34 120.94 120.99 121 121.01 121 121 121 120.9 120.55 120.29 120.32 120.19 119.58 118.45 116.83 115.44 114.16 113.08 112.07 110.96 110.32 109.81 109.56 109.44 109.68 109.93 110.73
-9999 -9999 -9999 -9999 -9999 -9999 -9999 70.54546 73.20454 76.84 79.57 82.36 86.16 89.19 90.08 92.08 93.37 88.25 84.12 85.12 85.74 88.11 96.71 99.64 104.39 102.89 101.04 104.26 105.41 104.74 105.91 107.87 109.06 111.75 112.09 113.27 113.41 113.72 114.65 115.38 116.28 117.63 118.27 119.02 119.88 120 120.15 121 121 121.03 121.07 121.31 121.75 121.01 121.17 121.05 121 120.85 120.02 119.39 118.35 117.18 115.62 114.57 113.62 112.54 111.77 111.03 110.41 110.05 110 110.13 110.95 111.19
-9999 -9999 -9999 -9999 -9999 -9999 -9999 -9999 75.22 77.98 80.13 83.83 87.1 89.95 91.08 87.53 85.32 83.02 88.99 86.48 88.2 90.06 94.63 100.95 105.63 104.07 101.94 105.69 106.7 107.55 107.26 106.91 110.59 112.4 112.52 113.78 113.84 114.11 115.3 116.13 116.89 117.61 118.53 119.02 119.95 120.02 120.06 120.94 121.03 121.38 121.42 121.88 121.86 121.99 121.95 121.76 121.36 120.94 120.05 119.1 118.39 117.09 115.76 114.57 113.48 112.49 111.72 110.98 110.54 110.01 110 110.06 110.78 111.04
-9999 -9999 -9999 -9999 -9999 -9999 -9999 -9999 75.94444 78.67347 82.13 85.45 88.15 90.89 92.62 92.99 93.1 95.74 92.15 88.94 89.21 95.19 101.69 105.15 104.47 102.21 105.39 107.68 109.02 108.28 107.19 105.44 110.18 111.5 112.97 113.85 113.88 114.23 115.13 116 117.12 117.95 118.32 119.27 119.45 119.98 120.29 120.98 121.02 121.57 121.81 122 122 122 121.75 121.38 121.16 120.59 119.97 119.23 118.11 116.9 115.79 114.67 113.38 112.79 111.55 110.93 110.75 110.11 110.01 110.74 110.98 111.62
-9999 -9999 -9999 -9999 -9999 -9999 -9999 -9999 77.47369 80.33 83.34 86.34 89.04 92.08 94.66 96.1 96.64 90.75 89.94 93.78 99.41 101.18 104.98 106.44 100.08 105.68 108.27 109.41 109.89 109.2 107.87 108.06 109.38 111.63 113.11 113.6 114.06 114.63 115.03 116.05 117.02 117.68 118.59 119.01 119.43 119.99 120.35 120.99 121.04 121.57 122 121.99 121.93 121.98 121.62 121.11 120.76 120.15 119.5 118.41 117.45 116.55 115.27 114.24 113.1 112.36 111.61 111.04 110.9 110.63 110.68 110.98 111.25 111.83
-9999 -9999 -9999 -9999 -9999 -9999 -9999 -9999 -9999 81.53 84.31 87.07 90.28 92.88 95.51 97.43 96.36 98.33 99.97 101.2 104.53 99.01 101.45 97.91 101.98 107.97 109.92 110.14 110.21 109.31 109.17 110.45 110.84 112.45 112.98 113.71 113.87 114.1 115.4 116.31 117.27 117.42 118.54 119 119.31 119.77 120.26 121 121.14 121.61 122 122 121.99 121.75 121.36 120.95 120.13 119.66 118.83 117.72 116.87 115.85 114.92 113.7 112.84 111.91 111.64 111.07 110.88 110.93 110.97 111.11 111.91 111.98
-9999 -9999 -9999 -9999 -9999 -9999 -9999 -9999 -9999 82.26 85.51 88.41 91.35 93.92 96.15 98.12 98.67 99.89 104.95 103.53 96.95 96.78 98.06 102.72 106.8 107.06 107.81 110.75 110.03 107.78 105.88 110.34 111.56 112.35 112.8 113.3 113.75 114.19 115.7 116 116.83 117.82 118.57 119 119.35 120.04 120.72 121.01 121.63 122 122 121.97 121.62 121.04 120.99 120.33 119.77 119.02 118.2 117.14 116.19 115.11 114.09 113.03 112 111.25 110.97 111 111.13 111.11 111.22 111.01 111.37 112.09
-9999 -9999 -9999 -9999 -9999 -9999 -9999 -9999 -9999 82.94949 86.21 89.26 92 94.6 96.69 98.99 99.53 102.01 105.58 102.9 90.05 102.79 102.07 103.93 107.76 110.38 110.43 110.09 109.16 109.76 108.96 110.61 110.79 110.42 110.45 111.73 113.01 114.6 114.99 115.87 116.67 117.72 118.58 119.19 119.98 120.41 121.15 121.53 122 122 122 121.7 121.55 121 120.76 120.04 119.38 118.67 117.63 116.57 115.63 114.27 113.43 112.5 111.62 110.86 110.43 110.49 110.77 110.69 110.61 111.01 111.38 112.18
-9999 -9999 -9999 -9999 -9999 -9999 -9999 -9999 -9999 84.08861 87.42 90.4 92.51 94.57 96.85 99.65 101.64 103.88 101.24 97.38 105.7 110.1 105.4 109.74 105.91 109.6 106.52 106.79 109.96 110.14 110.04 110.71 110.13 109.2 110.47 111.9 113.45 114.03 114.67 115.6 116.56 117.49 118.48 119.16 120.07 120.9 121.53 122 122 122 121.99 122 121.08 121 120.4 119.62 119.18 118.1 117.18 116.03 114.86 113.76 112.69 111.71 110.94 110.28 109.99 109.82 110.01 109.98 110.37 111.34 112.35 113.26
-9999 -9999 -9999 -9999 -9999 -9999 -9999 -9999 -9999 84.9434 88 91.06 93.28 95.25 97.35 99.47 101.72 99.85 99.71 99.87 108.84 110.17 108.82 110.39 109.74 108.07 104.38 104.63 109.59 109.47 107.81 109.08 108.53 109.4 110.33 111.46 111.86 112.85 114.04 115.5 116.67 117.3 118.39 119.19 120.2 121.4 121.96 122 122.08 122.01 121.99 121.58 121.01 120.73 120.12 119.23 118.47 117.51 116.31 115.22 114.07 112.91 111.74 110.78 110.02 109.49 109.19 109.06 109.7 110.01 110.21 111.92 113.54 114.1
-9999 -9999 -9999 -9999 -9999 -9999 -9999 -9999 -9999 -9999 88.32258 91 93.08 95.44 97.53 99.5 101.05 102.41 104.41 103.27 107.64 107.69 107.4 107.78 107.73 108.12 107.93 107.97 109.87 107.65 107.18 108.64 109.04 109.14 108.9 110.17 110.98 112.07 113.34 114.77 116.25 117.62 118.51 120.03 120.95 121.89 122.62 122.57 122.8 122.47 121.99 121.67 120.96 120.27 119.7 118.96 117.96 116.83 115.64 114.54 113.42 112.09 110.79 109.79 108.96 108.65 108.98 109.09 109.69 110.5 112.16 113.36 113.47 113.36
-9999 -9999 -9999 -9999 -9999 -9999 -9999 -9999 -9999 -9999 87.40476 90.08 92.7 95.02 97.33 98.02 94.43 97.9 91.79 94.42 102.59 100.3 102.63 101.13 100.44 101.56 104.85 105.15 108.84 108.4 108.29 108.7 109.09 108.27 108.3 109.28 110.2 111.6 112.81 114.22 115.65 117.06 118.47 120.04 121.53 122.42 123.01 123.07 122.67 122.38 121.99 121.37 120.92 120.07 119.31 118.43 117.47 116.25 114.89 113.94 112.64 111.19 110.14 108.75 108.06 108.01 109.04 111.34 111.83 112.28 110.56 111.14 113.29 112.77
