layers/wordclim/future/Iberia_wcB2a_10_hadcm3_2020/bio_12.asc
ncols         166
nrows         93
xllcorner     -9.4959440078468
yllcorner     36.000324005443
cellsize      0.083333337679505
NODATA_value  -9999
[rows 0 to 32 of 93, columns 73 to 145 of 166]
-9999 -9999 -9999 -9999 -9999 -9999 -9999 -9999 -9999 -9999 -9999 -9999 -9999 -9999 -9999 -9999 -9999 -9999 -9999 -9999 -9999 -9999 -9999 -9999 -9999 -9999 -9999 -9999 -9999 -9999 -9999 -9999 -9999 -9999 -9999 -9999 -9999 -9999 -9999 -9999 -9999 -9999 -9999 -9999 -9999 -9999 -9999 -9999 -9999 -9999 -9999 -9999 -9999 -9999 -9999 -9999 -9999 -9999 -9999 -9999 -9999 -9999 -9999 -9999 -9999 -9999 -9999 -9999 -9999 -9999 -9999 -9999 -9999
-9999 -9999 -9999 -9999 -9999 -9999 -9999 -9999 -9999 -9999 -9999 -9999 -9999 -9999 -9999 -9999 -9999 -9999 -9999 -9999 -9999 -9999 -9999 -9999 -9999 -9999 -9999 -9999 -9999 -9999 -9999 -9999 -9999 -9999 -9999 -9999 -9999 -9999 -9999 -9999 -9999 -9999 -9999 -9999 -9999 -9999 -9999 -9999 -9999 -9999 -9999 -9999 -9999 -9999 -9999 -9999 -9999 -9999 -9999 -9999 -9999 -9999 -9999 -9999 -9999 -9999 -9999 -9999 -9999 -9999 -9999 -9999 -9999
-9999 -9999 -9999 -9999 -9999 -9999 -9999 -9999 -9999 -9999 -9999 -9999 -9999 -9999 -9999 -9999 -9999 -9999 -9999 -9999 -9999 -9999 -9999 -9999 -9999 -9999 -9999 -9999 -9999 -9999 -9999 -9999 -9999 -9999 -9999 -9999 -9999 -9999 -9999 -9999 -9999 -9999 -9999 -9999 -9999 -9999 -9999 -9999 -9999 -9999 -9999 -9999 -9999 -9999 -9999 -9999 -9999 -9999 -9999 -9999 -9999 -9999 -9999 -9999 -9999 -9999 -9999 -9999 -9999 -9999 -9999 -9999 -9999
-9999 -9999 -9999 -9999 -9999 -9999 -9999 -9999 -9999 -9999 -9999 -9999 -9999 -9999 -9999 -9999 -9999 -9999 -9999 -9999 -9999 -9999 -9999 -9999 -9999 -9999 -9999 -9999 -9999 -9999 -9999 -9999 -9999 -9999 -9999 -9999 -9999 -9999 -9999 -9999 -9999 -9999 -9999 -9999 -9999 -9999 -9999 -9999 -9999 -9999 -9999 -9999 -9999 -9999 -9999 -9999 -9999 -9999 -9999 -9999 -9999 -9999 -9999 -9999 -9999 -9999 -9999 -9999 -9999 -9999 -9999 -9999 -9999
1079.06 1092.573 1098.259 -9999 -9999 1174.989 1186.74 1196.97 1194.837 1201.987 1204.073 -9999 -9999 -9999 -9999 -9999 -9999 -9999 -9999 -9999 -9999 -9999 -9999 -9999 -9999 -9999 -9999 -9999 -9999 -9999 -9999 -9999 -9999 -9999 -9999 -9999 -9999 -9999 -9999 -9999 -9999 -9999 -9999 -9999 -9999 -9999 -9999 -9999 -9999 -9999 -9999 -9999 -9999 -9999 -9999 -9999 -9999 -9999 -9999 -9999 -9999 -9999 -9999 -9999 -9999 -9999 -9999 -9999 -9999 -9999 -9999 -9999 -9999
1048.93 1064.63 1082.99 1095.97 1113.673 1132.616 1145.8 1149.46 1149.41 1162.48 1177.82 1185.434 1196.452 1192.7 1218.557 1226.754 1253.238 1242.24 1264.72 1287.56 1256.541 -9999 -9999 -9999 -9999 -9999 -9999 -9999 -9999 -9999 -9999 -9999 -9999 -9999 -9999 -9999 -9999 -9999 -9999 -9999 -9999 -9999 -9999 -9999 -9999 -9999 -9999 -9999 -9999 -9999 -9999 -9999 -9999 -9999 -9999 -9999 -9999 -9999 -9999 -9999 -9999 -9999 -9999 -9999 -9999 -9999 -9999 -9999 -9999 -9999 -9999 -9999 -9999
1001.95 1018.63 1031.14 1044.91 1058.94 1073.1 1086.1 1090.5 1098.08 1111.48 1126.23 1137.84 1156.57 1171.24 1211.48 1230.88 1231.82 1250.66 1255.09 1251.64 1227.97 1222.02 1214.03 1192.49 -9999 -9999 -9999 -9999 -9999 -9999 -9999 -9999 -9999 -9999 -9999 -9999 -9999 -9999 -9999 -9999 -9999 -9999 -9999 -9999 -9999 -9999 -9999 -9999 -9999 -9999 -9999 -9999 -9999 -9999 -9999 -9999 -9999 -9999 -9999 -9999 -9999 -9999 -9999 -9999 -9999 -9999 -9999 -9999 -9999 -9999 -9999 -9999 -9999
962.39 962.79 979.88 991.59 1003.46 1014.94 1024.06 1029.19 1040.86 1046.03 1054.45 1070.82 1090.45 1114.48 1134.7 1149.86 1168.18 1187.29 1189.13 1190.69 1177.18 1171.68 1158.1 1160.438 -9999 -9999 -9999 -9999 -9999 -9999 -9999 -9999 -9999 -9999 -9999 -9999 -9999 -9999 -9999 -9999 -9999 -9999 -9999 -9999 -9999 -9999 -9999 -9999 -9999 -9999 -9999 -9999 -9999 -9999 -9999 -9999 -9999 -9999 -9999 -9999 -9999 -9999 -9999 -9999 -9999 -9999 -9999 -9999 -9999 -9999 -9999 -9999 -9999
914.45 921.04 935.54 949.89 942.55 949.34 967.48 1000.38 980.56 988.48 987.26 996.47 1020.99 1033.44 1048.16 1075.3 1107.43 1115.18 1123.95 1131.01 1135.17 1129.85 1124.78 1114.375 -9999 1095.774 1077.321 -9999 -9999 -9999 -9999 -9999 -9999 -9999 -9999 -9999 -9999 -9999 -9999 -9999 -9999 -9999 -9999 -9999 -9999 -9999 -9999 -9999 -9999 -9999 -9999 -9999 -9999 -9999 -9999 -9999 -9999 -9999 -9999 -9999 -9999 -9999 -9999 -9999 -9999 -9999 -9999 -9999 -9999 -9999 -9999 -9999 -9999
863.39 872.76 883.03 894.8 900.52 903.3 900.24 915.11 907.9 912.62 934.56 955.16 991.82 984.93 986.36 1012.63 1042.91 1055.73 1065.26 1075.8 1083.77 1084.85 1075.38 1067.58 1059.87 1051 1040.43 1036.4 1043.032 1040.738 1045.5 1113.707 -9999 -9999 -9999 -9999 -9999 -9999 -9999 -9999 -9999 -9999 -9999 -9999 -9999 -9999 -9999 -9999 -9999 -9999 -9999 -9999 -9999 -9999 -9999 -9999 -9999 -9999 -9999 -9999 -9999 -9999 -9999 -9999 -9999 -9999 -9999 -9999 -9999 -9999 -9999 -9999 -9999
814.68 832.85 844.42 839.48 850.88 859.46 859.94 839.2 832.28 836.54 845.7 859.01 874.13 921.3 934.14 953.75 976.01 1010.97 1003.97 1008.69 1022.46 1028.07 1023.61 1014.7 1005.1 999.3 1009.59 972.86 987.89 980.69 1002.74 1088.67 1114.039 -9999 -9999 -9999 -9999 -9999 -9999 -9999 -9999 -9999 -9999 -9999 -9999 -9999 -9999 -9999 -9999 -9999 -9999 -9999 -9999 -9999 -9999 -9999 -9999 -9999 -9999 -9999 -9999 -9999 -9999 -9999 -9999 -9999 -9999 -9999 -9999 -9999 -9999 -9999 -9999
760.54 763.12 774.06 801.83 770.99 787.13 774.67 776.91 791.66 801.45 825.66 826.13 867.07 888.24 881.83 891.65 938.69 937.64 941.18 940.38 959.41 973.26 968 954.82 936.45 934.5 928.08 915.38 909.57 899.95 941.8 989.78 1034.27 1139.925 1109.552 1170.282 1120.886 1240.697 1297.761 -9999 -9999 -9999 -9999 -9999 -9999 -9999 -9999 -9999 -9999 1001.3 1105.1 1219.91 1250.636 -9999 -9999 -9999 -9999 -9999 -9999 -9999 -9999 -9999 -9999 -9999 -9999 -9999 -9999 -9999 -9999 -9999 -9999 -9999 -9999
734.19 735.1 760.77 753.85 712.4 707.67 707.65 721.57 722.66 730.02 771.04 755.22 756.15 774.79 794.24 802.1 800.88 814.88 851.42 867.24 896.28 911.31 913.65 905.86 884.76 855.13 860.26 862.56 863.05 837.81 850.23 850.41 857.39 937.42 987.94 1176.84 1097.44 999.77 1212.35 1137.315 -9999 -9999 -9999 1151.514 -9999 1267.796 -9999 -9999 -9999 1078.673 1035.36 1109.09 1171.01 1208.51 1129.281 1213.984 1207.409 -9999 -9999 -9999 -9999 -9999 -9999 -9999 -9999 -9999 -9999 -9999 -9999 -9999 -9999 -9999 -9999
666.32 674.97 683.81 694.86 684.38 670.99 657.47 684.56 719.91 734.98 705.4 701.3 707.3 701.37 667.41 696.54 731.27 738.23 757.49 785.18 825.38 840.85 861.29 854.76 831.1 801.14 807.07 812.63 779.25 762.62 741.03 770.33 792.83 797.1 814.65 893.05 924.09 869.46 988.98 936.91 1075.7 1141.3 1049.17 980.62 1144.46 1151.84 1255.11 1092.52 1333.72 1272.16 1218.2 1233.55 1244.73 1162.77 984.82 1092.39 1097.61 1245.454 -9999 -9999 -9999 -9999 -9999 -9999 -9999 -9999 -9999 -9999 -9999 -9999 -9999 -9999 -9999
652.04 648.3 653.17 650.45 628.33 612.88 605.71 592.14 583.88 577.93 563.74 566.23 569.12 564.91 570.73 605.88 633.42 663.22 683.76 707.28 744.59 766.94 789.9 773.54 748.33 739.77 730.02 749.44 751.77 769.66 725.36 697.72 733.79 724.71 760.32 737.26 726.1 822.32 903.21 850.39 889.82 864.8 781.63 861.41 1089.66 1057.81 976.72 1096.23 1150.68 1091.27 1116.98 1172.76 1264.87 1238.98 996.23 916.5 998.75 1143.12 -9999 -9999 -9999 -9999 -9999 -9999 -9999 -9999 -9999 -9999 -9999 -9999 -9999 -9999 -9999
619.89 628.94 618.33 610.32 602.11 586.32 581.67 563.67 537.97 534.73 505.59 472.65 459.49 465.3 500.22 540.86 570.68 599.67 631.27 646.24 673.3 680.79 708.4 712.15 701.02 721.47 725.94 728.59 722.61 744.24 739.52 685.75 685 672.46 691.35 670.13 668.2 750.17 805.09 830.09 730.69 737.07 673.32 799.26 883.45 896.15 915.32 991.56 950.81 923.16 1001.55 1157.33 1129.75 1111.06 932.8 973 1045.8 1056.85 -9999 -9999 1217.127 1201.274 1123.528 927.7778 870.6765 -9999 -9999 -9999 -9999 -9999 -9999 -9999 -9999
636.08 631.6 616.33 645.7 649.51 611.67 590.66 536.54 541.75 595.98 531.85 499.73 473.2 480.15 481.26 501.08 519.88 546.96 578.35 588.12 604.84 615.69 625.69 632.71 630.76 640.85 666.81 669.31 677.61 687.61 685.45 647.03 625.49 666.28 662.29 666.1 692.62 696.07 731 765.28 770.28 690.51 630.74 640.83 697.3 778.54 842.17 911.68 941.84 896.54 906.5 923.57 897.39 919.92 869.66 1034.7 953.57 820.5 773.85 873.45 904.73 877.82 853.82 866.99 960.3973 -9999 1144.175 1145.62 1026.71 949.9529 -9999 -9999 -9999
630.06 671.39 684.55 702.59 653.29 716.98 652.52 566.65 627.64 669.25 609.25 619.58 639.69 579.84 604.84 518.3 492.53 506.25 526.43 542 554.22 572.6 584.5 583.6 582.05 585.4 593.15 598.16 601.63 599.3 604.26 565.37 556.59 578.08 637.78 690.29 700.8 717.24 791.94 747.29 723.03 678.3 604.43 591.5 700.18 682.46 789.59 757.58 844.4 796 850.84 898.5 793.31 774.13 932.11 963.19 880.41 719.12 830.75 962.74 1029.73 1031.77 941.54 959.32 979.32 940.94 882.96 920.93 916.58 830.11 797.05 794.53 799.57
669.09 700.16 757.92 759.2 747.4 771.61 677.17 646.96 673.19 605.86 654.2 612.44 673.4 595.94 576.11 526.43 495.76 505.28 491.89 498.26 509.5 525.84 529.52 529.56 537.7 535.52 532.34 525 530.1 536.31 536.84 510.86 492.87 484.58 478.19 486.09 502.62 540.44 535.77 547.32 602.28 600.85 615.23 566.43 631.17 591.3 650.23 719 759.64 709.81 798.45 728.68 671.69 807.51 932.98 850.33 730.18 754.99 900.97 973.62 979.69 935.02 896.99 774.3 841.56 813.73 781.14 763.49 812.48 808.49 760.13 761.42 724.91
563.15 602.89 619.6 635.87 667.7 630.33 653.21 721.97 689.1 658.7 698.23 727 681.75 629.47 625.59 579.39 547.09 541.02 481.09 474.7 481.47 481.77 487.66 499.52 504.04 488.79 481.39 474.54 473.66 474.92 472.62 459.36 451.83 448.46 444.51 431.47 426.33 439.21 452.2 461.38 488.57 497.09 518.21 504.27 567.02 580.63 661.43 677.06 703.81 655.41 733.44 616.33 630.46 656.73 783.71 802.46 702.28 773.84 836.36 866.32 777.99 814.19 889.75 695.7 720.34 722.98 746.26 729.72 812 835.14 792.43 815.7 776.47
533.74 542.26 586.51 684.24 717.51 727.95 778.37 755.48 763.98 761.59 750.69 699.66 647.32 668.08 628.32 590.45 515 476.8 469.19 464.97 453.03 451.44 451.85 460.55 478.89 472.42 444.25 449.81 464.09 466.04 447.8 425.26 423.67 414.26 413.16 403.58 401.23 411.95 420.94 429.54 445.88 451.22 454.67 460.96 575.15 614.35 636.94 601.7 640.35 710.1 734.6 631.16 754.12 722.33 698.88 648.49 604.61 640.91 670.17 684.97 704.06 718.04 671.59 620.38 649.16 661.48 703.53 709.26 721.24 785.89 829.33 810.06 778.07
562.68 527.3 545.27 566.92 583.59 624.98 695.19 665.89 717.31 666.22 663.85 626.88 661.97 670.12 626.61 576.25 514.96 492.02 481.22 479.38 441.12 437.75 429.43 418.92 420.68 418.21 415.44 422.55 439.03 461.95 430.37 396.58 396.52 402.61 395.04 383.63 381.34 391.66 401.1 406.41 423.4 421.42 426.87 435.64 472.93 516.36 572.95 581.6 574.91 644.08 608.52 592.29 672.87 583.27 567.49 580.24 599.33 632.75 678.37 653.48 623.18 622.36 628 599.82 623.18 631.43 674.17 687.83 703.76 762.06 802.09 813.94 757.57
527.95 540.58 540.25 551.2 571.64 580.65 584.02 571.68 567.46 565.41 576.83 560.76 563.62 595.63 607.49 571.55 543.47 542.1 505.02 470.36 448.93 454.57 432.15 403.17 395.67 387.33 387.12 409.35 418.71 412.12 393.49 372.88 377.61 388.76 397.3 376.03 372.48 372.32 377.32 388.62 415.26 406.72 399.36 416.8 431.05 452.84 472.04 485.63 519.87 543.4 540.61 519.28 533.5 523.59 552.06 548.68 564.19 608 641.12 660.47 623.53 586.01 593.94 573.12 592 626.51 707.69 691.86 713.45 768.47 807.23 807.61 770.15
488.68 499.82 519.44 530.29 534.68 553.82 559.52 560.55 564.49 567.77 543.83 536.08 545.12 558.48 566.37 556.97 555.79 555.57 672.47 616.76 471 441.3 416.19 397.85 385.45 374.06 360.84 356.83 362.72 369.7 358.26 352.71 362.65 372.22 393.88 385.71 369.44 367.65 367.03 376.21 385.35 384.22 385.41 406.55 402.35 403.43 412.98 437.77 438.07 448.96 449.18 463.82 484.5 504.21 520.63 548.23 568.97 584.09 602.36 640.1 645.7 604.9 556.64 553.8 575.83 632.86 686.12 705.15 745.32 817.93 821.86 754.91 726.21
472.99 481.93 491.37 500.37 504.07 520.39 512.93 527.93 549.52 541.83 535.78 526.8 514.62 518.25 524.98 522.37 538.81 574.33 595.44 622.65 554.82 475.4 444.15 399 376.22 366.44 349.76 340.54 331.45 333.4 336.65 338.09 354.92 365.86 382.85 395.72 393.98 379.15 366.66 365.52 371.04 372.11 374.12 386.72 384.75 388.02 411.6 430.18 406.47 411.99 425.16 446.23 463.75 484.99 509.28 536.76 572.43 612.67 632.43 628.06 623.31 596.34 550.14 550.91 613.22 647.34 671.45 667.88 687.42 718.83 709.35 703.81 702.08
467.58 467.12 468.54 485.6 480.32 488.75 492.53 497.58 496.01 505.87 520.63 514.59 494.82 493.96 505.43 505.7 519.66 527.6 533.84 506.06 476.87 428.65 421.78 399.29 362.85 347.52 353.36 356.89 337.36 327.85 327.86 324.56 331.57 342.53 344.61 354.12 377.82 393.46 384.78 384.27 402.87 387.63 378.9 374.01 374.41 388.19 392.12 387.4 383.48 401.75 423.96 447.89 469.97 488.14 516.89 559.05 593.03 618.63 618.13 592.32 592.58 603 610.97 559.29 631.78 624.31 603.56 592.18 612.08 649.03 695.54 698.9596 692.5658
472.96 464.63 460.84 458.65 461.51 476.3 473.55 471 484.13 492.02 498.94 489.95 502.59 508.98 496.22 488.04 505.14 489.11 483.45 469.95 471 405.47 379.6 372.54 345.64 337.79 348.48 368.48 346.34 344.01 341.97 330.74 327.77 323.24 330.39 339.25 349.13 360.99 376.52 372.03 376.69 386.13 384.65 392.37 379.72 377.84 373.46 375.13 389.3 412.97 436.77 458.11 486.52 520.82 560.89 603.62 634.45 632.74 625.58 592.57 576.34 582.71 575.97 550.3 564.1 565.05 553.57 559.33 603.58 627.9787 -9999 -9999 -9999
483.91 476.78 483.93 478.09 474.14 473.1 470.52 476.14 477.04 471.94 470.54 482.11 501.85 499.86 460.38 462.4 462.41 459.18 439.13 416.43 424.57 431.9 365.85 359.7 342.13 337.46 347.92 348.44 349.06 367.07 359.36 346.89 334.95 327.13 322.42 329.33 341.88 359.2 365.76 369.01 373.02 373.22 377.32 387.35 400.09 367.24 378.39 396.43 419.47 452.64 485.2 508.9 524.79 560.34 569.81 571.63 607.5 618.15 643.47 632.92 600.03 564.04 554.8 558.57 551.08 553.18 566.89 565.5106 -9999 -9999 -9999 -9999 -9999
484.63 500.88 513.52 518.29 524.53 523.43 496.84 486.95 500.31 497.87 490.47 483.26 483.2 461.92 431.68 433.1 438.5 429.17 425.85 386.19 387.64 365.05 405.23 412.09 404.67 363.53 350.94 360.17 356.79 377.52 356.4 335.3 331.35 325.37 325.29 327.23 336.44 354.64 363.45 371.87 378.33 379.77 371.86 389.62 387.54 397.4 419 442 471.95 507.91 536.11 562.05 593.87 588.86 573.03 543.72 563.51 575.63 627.48 604.87 567 563.59 582.71 620.54 585.81 565.5 570.0851 -9999 -9999 -9999 -9999 -9999 -9999
555.4 553.02 559.88 555.07 547.74 528.76 512.43 504.34 498.37 500.95 498.67 498.52 478.61 439.42 421.25 409.46 402.19 392.41 395.49 385.76 374.79 367.69 390.56 418.52 420.61 401.91 374.16 378.42 381.15 377.53 362.53 345.03 337.85 334.25 333.2 331.47 332.85 339.66 344.49 350.54 354.61 362.14 376.89 401.46 410.59 414.78 426.81 419.96 449.8 503.71 575.53 604.95 635.91 665.53 596 523.59 531.03 547.29 564.95 551.8 550.07 568.89 569.04 609.8062 593.9012 573.3235 -9999 -9999 -9999 -9999 -9999 -9999 -9999
629.42 594.3 569.2 585.21 549.53 496.6 497.59 480.25 471.32 504.53 503.26 500.04 475.48 447.38 431.93 434.9 442.74 432.13 411.8 394.35 413 404.27 387.2 405.82 410.6 410.87 413.71 409.02 393.14 378.12 363.99 360.85 353.18 341.31 336.67 336.88 341.98 350.57 355.47 359.14 367.1 378.36 398.46 398.58 407.78 419.96 445.98 412.65 450.44 503.52 511.4 548.83 580.82 554.42 535.25 513.17 525.3 531.05 542.0102 529.6456 542.303 -9999 -9999 -9999 -9999 -9999 -9999 -9999 -9999 -9999 -9999 -9999 -9999
553.02 581.35 534.82 543.9 521.67 499.56 487.37 465.77 463.05 493.03 499.19 498.34 503.01 507.77 512.15 507.74 482.12 463.94 453.18 434.49 442.31 443.89 427.63 388.4 402.13 408.47 428.12 428.13 404.59 391.31 379.01 385.9 402.87 372.27 353 359.73 361.94 366.61 373.44 392.74 387.75 400.36 417.88 420.18 446.46 470.24 497.93 471.14 458.44 475.13 524.89 572.29 529.28 513.95 511.07 511.5555 -9999 -9999 -9999 -9999 -9999 -9999 -9999 -9999 -9999 -9999 -9999 -9999 -9999 -9999 -9999 -9999 -9999
528.48 487.62 496.47 510.11 464.05 456.45 457.8 455.16 471.7 482.37 497.26 503.27 500.62 519.39 534.1 521.78 492.55 510.65 491.14 470.84 449.54 442.51 445.58 444.53 389.65 418.31 441 488.06 452.54 409.79 393.92 390.86 390.16 382.79 379.9 392.69 386 386.31 386.25 397.92 418.26 439.67 444.85 454.8 476.22 485.34 500.31 488.51 465.81 530.67 571.43 557.67 513.8451 -9999 -9999 -9999 -9999 -9999 -9999 -9999 -9999 -9999 -9999 -9999 -9999 -9999 -9999 -9999 -9999 -9999 -9999 -9999 -9999
