layers/wordclim/future/Iberia_wcB2a_10_hadcm3_2020/bio_15.asc
ncols         166
nrows         93
xllcorner     -9.4959440078468
yllcorner     36.000324005443
cellsize      0.083333337679505
NODATA_value  -9999
[rows 0 to 33 of 93, columns 77 to 153 of 166]
-9999 -9999 -9999 -9999 -9999 -9999 -9999 -9999 -9999 -9999 -9999 -9999 -9999 -9999 -9999 -9999 -9999 -9999 -9999 -9999 -9999 -9999 -9999 -9999 -9999 -9999 -9999 -9999 -9999 -9999 -9999 -9999 -9999 -9999 -9999 -9999 -9999 -9999 -9999 -9999 -9999 -9999 -9999 -9999 -9999 -9999 -9999 -9999 -9999 -9999 -9999 -9999 -9999 -9999 -9999 -9999 -9999 -9999 -9999 -9999 -9999 -9999 -9999 -9999 -9999 -9999 -9999 -9999 -9999 -9999 -9999 -9999 -9999 -9999 -9999 -9999 -9999
-9999 -9999 -9999 -9999 -9999 -9999 -9999 -9999 -9999 -9999 -9999 -9999 -9999 -9999 -9999 -9999 -9999 -9999 -9999 -9999 -9999 -9999 -9999 -9999 -9999 -9999 -9999 -9999 -9999 -9999 -9999 -9999 -9999 -9999 -9999 -9999 -9999 -9999 -9999 -9999 -9999 -9999 -9999 -9999 -9999 -9999 -9999 -9999 -9999 -9999 -9999 -9999 -9999 -9999 -9999 -9999 -9999 -9999 -9999 -9999 -9999 -9999 -9999 -9999 -9999 -9999 -9999 -9999 -9999 -9999 -9999 -9999 -9999 -9999 -9999 -9999 -9999
-9999 -9999 -9999 -9999 -9999 -9999 -9999 -9999 -9999 -9999 -9999 -9999 -9999 -9999 -9999 -9999 -9999 -9999 -9999 -9999 -9999 -9999 -9999 -9999 -9999 -9999 -9999 -9999 -9999 -9999 -9999 -9999 -9999 -9999 -9999 -9999 -9999 -9999 -9999 -9999 -9999 -9999 -9999 -9999 -9999 -9999 -9999 -9999 -9999 -9999 -9999 -9999 -9999 -9999 -9999 -9999 -9999 -9999 -9999 -9999 -9999 -9999 -9999 -9999 -9999 -9999 -9999 -9999 -9999 -9999 -9999 -9999 -9999 -9999 -9999 -9999 -9999
-9999 -9999 -9999 -9999 -9999 -9999 -9999 -9999 -9999 -9999 -9999 -9999 -9999 -9999 -9999 -9999 -9999 -9999 -9999 -9999 -9999 -9999 -9999 -9999 -9999 -9999 -9999 -9999 -9999 -9999 -9999 -9999 -9999 -9999 -9999 -9999 -9999 -9999 -9999 -9999 -9999 -9999 -9999 -9999 -9999 -9999 -9999 -9999 -9999 -9999 -9999 -9999 -9999 -9999 -9999 -9999 -9999 -9999 -9999 -9999 -9999 -9999 -9999 -9999 -9999 -9999 -9999 -9999 -9999 -9999 -9999 -9999 -9999 -9999 -9999 -9999 -9999
-9999 39.94253 39.32 37.53 37.11628 36.26923 35.90909 -9999 -9999 -9999 -9999 -9999 -9999 -9999 -9999 -9999 -9999 -9999 -9999 -9999 -9999 -9999 -9999 -9999 -9999 -9999 -9999 -9999 -9999 -9999 -9999 -9999 -9999 -9999 -9999 -9999 -9999 -9999 -9999 -9999 -9999 -9999 -9999 -9999 -9999 -9999 -9999 -9999 -9999 -9999 -9999 -9999 -9999 -9999 -9999 -9999 -9999 -9999 -9999 -9999 -9999 -9999 -9999 -9999 -9999 -9999 -9999 -9999 -9999 -9999 -9999 -9999 -9999 -9999 -9999 -9999 -9999
37.85714 40.23232 38.79 38.19 37.08 35.98 34.88 34.70707 34 34.16667 33.93443 34.01639 34 33.84375 33.56 33.28 33.59459 -9999 -9999 -9999 -9999 -9999 -9999 -9999 -9999 -9999 -9999 -9999 -9999 -9999 -9999 -9999 -9999 -9999 -9999 -9999 -9999 -9999 -9999 -9999 -9999 -9999 -9999 -9999 -9999 -9999 -9999 -9999 -9999 -9999 -9999 -9999 -9999 -9999 -9999 -9999 -9999 -9999 -9999 -9999 -9999 -9999 -9999 -9999 -9999 -9999 -9999 -9999 -9999 -9999 -9999 -9999 -9999 -9999 -9999 -9999 -9999
36.74 36.03 37.93 37.35 36.04 34.18 33.71 33.59 33.23 33.23 33.02 33.15 33.64 33.46 33.59 33.03 33.87 33.82 33.68 32.98 -9999 -9999 -9999 -9999 -9999 -9999 -9999 -9999 -9999 -9999 -9999 -9999 -9999 -9999 -9999 -9999 -9999 -9999 -9999 -9999 -9999 -9999 -9999 -9999 -9999 -9999 -9999 -9999 -9999 -9999 -9999 -9999 -9999 -9999 -9999 -9999 -9999 -9999 -9999 -9999 -9999 -9999 -9999 -9999 -9999 -9999 -9999 -9999 -9999 -9999 -9999 -9999 -9999 -9999 -9999 -9999 -9999
35.58 35.82 35.3 35.05 32.98 33.37 33.14 32.55 32.24 32.21 32.27 32.6 33.15 33.05 32.93 33.34 33.88 34.36 34.23 33.32877 -9999 -9999 -9999 -9999 -9999 -9999 -9999 -9999 -9999 -9999 -9999 -9999 -9999 -9999 -9999 -9999 -9999 -9999 -9999 -9999 -9999 -9999 -9999 -9999 -9999 -9999 -9999 -9999 -9999 -9999 -9999 -9999 -9999 -9999 -9999 -9999 -9999 -9999 -9999 -9999 -9999 -9999 -9999 -9999 -9999 -9999 -9999 -9999 -9999 -9999 -9999 -9999 -9999 -9999 -9999 -9999 -9999
34.53 34.2 31.78 30.11 31.22 30.77 31.8 31.81 31.23 31.66 32.23 32.42 31.89 32.74 32.19 33.04 33.42 32.69 31.37 30.9375 -9999 29.39286 28.66072 -9999 -9999 -9999 -9999 -9999 -9999 -9999 -9999 -9999 -9999 -9999 -9999 -9999 -9999 -9999 -9999 -9999 -9999 -9999 -9999 -9999 -9999 -9999 -9999 -9999 -9999 -9999 -9999 -9999 -9999 -9999 -9999 -9999 -9999 -9999 -9999 -9999 -9999 -9999 -9999 -9999 -9999 -9999 -9999 -9999 -9999 -9999 -9999 -9999 -9999 -9999 -9999 -9999 -9999
31.22 31.32 31.38 30.29 30.56 30.42 29.89 29.74 29.49 30.19 30.95 31.19 30.49 31.46 32.89 33.94 34.56 34.89 33.11 32.29 31.02 30.15 29.22 28.06 26.47312 25.4918 24.72 23.06897 -9999 -9999 -9999 -9999 -9999 -9999 -9999 -9999 -9999 -9999 -9999 -9999 -9999 -9999 -9999 -9999 -9999 -9999 -9999 -9999 -9999 -9999 -9999 -9999 -9999 -9999 -9999 -9999 -9999 -9999 -9999 -9999 -9999 -9999 -9999 -9999 -9999 -9999 -9999 -9999 -9999 -9999 -9999 -9999 -9999 -9999 -9999 -9999 -9999
30.07 29.69 29.65 30.05 30.14 29.79 29.42 29.26 29.45 29.42 29.86 30.42 30.85 30.46 32.7 35.04 35.75 35.4 34.64 32.79 31.96 30.69 28.06 28.7 26.9 25.83 24.8 22.85 22.18421 -9999 -9999 -9999 -9999 -9999 -9999 -9999 -9999 -9999 -9999 -9999 -9999 -9999 -9999 -9999 -9999 -9999 -9999 -9999 -9999 -9999 -9999 -9999 -9999 -9999 -9999 -9999 -9999 -9999 -9999 -9999 -9999 -9999 -9999 -9999 -9999 -9999 -9999 -9999 -9999 -9999 -9999 -9999 -9999 -9999 -9999 -9999 -9999
30.54 29.45 29.64 29.49 28.94 28.62 28.38 28.25 28.32 28.55 29.19 29.64 29.54 30.59 31.85 35.17 37.11 38.05 35.96 35.41 34.18 31.9 30.42 28.97 27.97 27.01 24.83 23.72 22.51 21.32258 21.01493 20.5 20 19.89899 19.35821 -9999 -9999 -9999 -9999 -9999 -9999 -9999 -9999 -9999 -9999 15.09 15.29 15.32051 15.16364 -9999 -9999 -9999 -9999 -9999 -9999 -9999 -9999 -9999 -9999 -9999 -9999 -9999 -9999 -9999 -9999 -9999 -9999 -9999 -9999 -9999 -9999 -9999 -9999 -9999 -9999 -9999 -9999
30.27 30.06 29.28 28.49 27.83 27.6 27.52 27.39 27.49 27.66 28.37 29.12 30.2 31.88 33 34.78 34.81 35.47 34.02 33.35 33.61 33.24 31.16 29.38 27.64 27.24 25.41 24.42 23.32 22.14 21.14 20.07 20 19.83 19.18 18.94565 -9999 -9999 -9999 17.51389 -9999 17.2037 -9999 -9999 -9999 15.29592 14.98 14.62 14.87 14.88 14.09756 14.66667 14.22727 -9999 -9999 -9999 -9999 -9999 -9999 -9999 -9999 -9999 -9999 -9999 -9999 -9999 -9999 -9999 -9999 -9999 -9999 -9999 -9999 -9999 -9999 -9999 -9999
28.7 28.6 28.38 27.58 27.11 26.82 26.55 26.51 26.54 26.58 27.08 28.04 29.37 31.03 32.83 34.69 34.98 34.77 32.21 32.04 32.82 32.94 30.78 29.06 28.44 27.49 26.8 24.87 23.53 22.38 21.79 20.64 20.09 19.65 19.03 18.9 18.08 18.09 17.68 17.26 17.11 17.12 16.92 16.06 16.76 16.19 15.81 15.4 15.4 14.85 13.34 13.82 13.54 15.05155 -9999 -9999 -9999 -9999 -9999 -9999 -9999 -9999 -9999 -9999 -9999 -9999 -9999 -9999 -9999 -9999 -9999 -9999 -9999 -9999 -9999 -9999 -9999
28.51 28.47 28.04 27.31 26.65 25.82 25.14 24.63 24.9 25.02 25.6 27.11 28.74 30.39 32.04 33.31 34.19 34.11 32.88 33.31 33.45 32.58 31.34 28.98 27.78 25.97 25.63 24.76 23.45 22.55 21.43 20.95 20.49 19.56 19 18.8 18.2 17.98 17.84 17.35 17.04 16.83 16.31 16.15 15.75 15.57 15.32 15.31 15.65 15.58 13.53 13.21 13.27 14.35 -9999 -9999 -9999 -9999 -9999 -9999 -9999 -9999 -9999 -9999 -9999 -9999 -9999 -9999 -9999 -9999 -9999 -9999 -9999 -9999 -9999 -9999 -9999
27.75 27.54 27.09 26.51 25.82 25.06 24.44 23.91 23.25 23.33 24.72 26.48 27.78 29.48 30.87 32.38 33 33.76 33.22 32.83 32.24 30.43 29.14 27.61 26.76 25.11 24.44 24.3 23.14 22.53 21.51 21.08 20.53 19.54 19.02 18.49 18.64 18.21 18.23 17.59 17.33 16.86 16.35 16.01 15.76 15.63 15.08 15.36 14.97 14.82 13.87 13.65 13.73 13.89 -9999 -9999 15.69841 15.73684 15.08989 14.12963 14 -9999 -9999 -9999 -9999 -9999 -9999 -9999 -9999 -9999 -9999 28.875 28.10294 30.43396 -9999 -9999 -9999
26.9 27.06 26.61 26.07 25.55 25.55 25.07 24.46 23.91 24.12 24.64 25.89 27.25 28.73 30.03 31.34 32.09 32.57 32.67 32.47 31.95 30.65 28.87 27.76 26.41 25.24 24.19 23.95 23.35 22.29 21.56 21.07 20.23 19.7 19.06 18.97 18.26 18.39 18.48 18.2 17.83 17.06 16.87 16.42 16.05 15.8 15.29 15.01 14.3 14.28 14.06 14.3 13.95 14.75 15.58 14.69 14.35 14.29 14.38 14.58 15.16438 -9999 17.6125 18.16 17.97 17.94118 -9999 -9999 -9999 23.12766 28.43 33.46 35.59 36.55 36.55056 -9999 -9999
26.85 26.73 26.56 25.99 25.98 26.05 25.75 25.69 25.88 25.59 26.1 26.09 27.46 28.43 29.53 30.76 31.27 31.73 31.34 31.64 31.4 30.57 29.22 28.05 26.57 25.65 24.36 24.35 23.56 22.55 21.46 20.6 20.15 19.72 19.16 19.14 18.55 18.75 18.92 18.8 17.84 17.76 17.04 16.98 16.74 16.3 15.86 15.06 15.21 15.26 14.33 14.08 14.65 16.89 14.73 14.56 15.19 15.36 15.13 16.06 16.46 16.23 16.46 17.12 17.63 17.83 19.64 21.32 22.15 24.42 29.07 33.06 37 38.61 39.13483 37.94624 -9999
26.95 26.88 26.68 26.3 26.28 26.05 26.16 25.91 26.07 25.88 25.99 26.31 26.99 28.03 28.93 29.88 30.72 31.13 31.29 30.92 30.51 30.13 29.04 28.41 27.35 25.97 25.09 24.38 23.81 23.34 22.92 22.37 22.24 21.4 21.05 20.66 19.87 19.44 19.07 19.27 18.48 18.45 17.78 17.2 17.04 16.98 16.17 16.44 16.7 15.42 15.05 15.21 16.94 16.43 15.24 15.34 15.37 15.53 16.27 17.66 16.89 16.66 17.64 18.57 17.96 19.04 21.76 23.08 25.83 28.03 31.23 34.57 37.14 39.64211 -9999 -9999 -9999
26.97 26.83 26.82 26.55 26.63 26.28 26.3 26.07 26.15 26.1 26.41 26.37 26.94 27.42 28.7 29.6 30.05 30.5 30.6 30.54 29.9 29.85 29.23 28.58 27.59 26.2 25.22 24.7 24.32 23.8 23.8 23.54 23.55 23.43 22.56 22.32 21.34 20.95 20.59 20.4 19.34 19.05 18.08 17.8 17.6 17.64 16.9 18.1 17.81 17.65 16.07 15.72 18.27 16.86 16.66 16.24 17.23 16.84 16.69 20.35 19.63 19.75 19.26 20.08 18.83 19.25 21.81 22.38 25.06 28.15 32.27 34.67 36.85 38.9 40.89552 -9999 -9999
27.14 26.98 26.78 26.73 26.83 26.53 26.38 26.21 26.17 26.16 26.09 26.37 26.82 27.62 28.44 28.99 30.06 30.41 30.47 30.23 29.78 29.09 29.53 28.05 26.51 25.84 25.07 25.18 24.72 24.21 24.06 24.16 24.28 24.37 23.91 23.07 22.6 22.27 21.8 21.55 19.78 19.28 18.92 18.91 18.59 18 17.69 18.7 17.11 17.37 18.02 19.35 20.79 20.25 19.87 20.16 19.64 19.43 21.16 22.85 22.43 22.39 20.85 20.73 21.13 20.33 20.43 23.32 26.08 27.64 32.69 36.29 38.06 40.36 41.61224 -9999 -9999
27.43 26.95 26.97 27.04 26.85 26.6 26.26 26.45 26.25 26.04 26.26 26.29 26.89 27.24 27.74 28.26 29.65 29.97 30.01 30.73 30.53 30.07 29.35 28.66 26.91 25.3 25.36 25.4 25.04 24.9 24.68 25.25 24.99 25.14 24.81 24.35 23.34 23.16 22.99 22.95 22.01 20.77 19.97 19.69 19.91 19.2 19.55 19.78 18.86 20.36 21.16 21.13 21.12 20.93 20.03 21.2 22.44 22.4 22.56 23.22 23.07 23.05 21.76 21.28 21.1 21.33 22.28 23.75 28.2 31.78 35.41 34.1 36.96 40.5 41.83 41.9375 -9999
27.62 27.39 27.07 27.1 26.89 26.88 26.45 26.63 26.43 26.35 26.18 26.29 26.45 26.51 27.12 27.99 28.77 28.86 29.61 30.6 30.83 30.7 30.27 28.65 27.27 26.53 26.01 25.75 25.44 25.09 24.7 25.4 26.17 25.82 25.96 25.43 24.22 24.6 24.83 24.22 23.44 22.78 22.12 22.25 21.46 21.08 21.34 21.87 22.1 22.57 22.23 22.69 22.58 21.82 21.39 21.09 22.42 23.28 23.53 24.04 23.68 22.56 20.82 21.47 21.37 21.33 21.95 23.54 28.02 33.96 36.19 36.96 36.33 39.29 41.84932 -9999 -9999
28.07 27.76 27.21 27.23 27.03 27.02 27.03 26.8 26.51 26.21 26.17 26.14 26.11 26.13 25.61 26.08 27.76 28.53 29.66 30.23 31.1 31.2 31.5 30.55 29.02 27.34 26.67 26.05 25.77 25.6 25.08 25.46 26.68 26.54 26.81 26.43 25.75 25.96 26.33 25.34 25.16 25 24.99 23.88 23.81 23.84 24.06 24.33 23.89 23.89 23.92 23.49 23.03 23.06 22.94 21.79 22.04 23.3 24.67 24.8 24.31 22.55 21.46 21.59 21.64 22.67 23.55 27.28 31.84 36.76 37.6 36.95 38.94792 -9999 -9999 -9999 -9999
28.78 28.06 28.02 27.65 27.14 26.96 27.22 26.99 26.85 26.64 26.51 26.51 26.04 25.95 25.77 25.63 25.93 27.38 28.18 29.68 30.62 31.19 32.18 31.99 30.26 27.4 27.06 27.39 26.32 26.02 25.84 25.56 25.79 26.87 27.23 27.38 27.15 26.99 26.96 26.41 26.37 26.9 25.56 24.91 25.93 25.62 25.83 25.78 25.86 25.66 25.44 24.64 24.1 22.92 22.4 23.15 23.24 24.06 26.23 26.34 23.62 22.79 22.48 23.72 24.43 25.21 28.25 31.84 34.06 39.16327 39.45977 40.08929 -9999 -9999 -9999 -9999 -9999
29.2 28.79 28.49 28.05 27.6 27.53 27 27.04 26.82 26.86 26.7 26.81 26.63 26.18 26.38 26.71 27.19 28.28 28.47 29.2 30.79 31.71 31.22 30.26 29.92 27.77 26.97 27.61 27.54 27.25 27.43 27.23 26.72 26.57 27.3 27.46 26.77 27.18 27.52 27.76 28.03 27.51 26.95 27.19 27.34 27.04 26.82 27.2 26.47 26.51 26.7 25.29 24.37 24.14 24.15 25.16 25.34 25.29 25.4 27.75 24.63 25.52 26.89 29.02 30.08 30.18 29.34 32.46465 35.57895 -9999 -9999 -9999 -9999 -9999 -9999 -9999 -9999
29.62 29.03 28.99 28.57 28 27.91 27.44 27.19 26.98 26.97 26.73 26.91 26.77 26.91 26.97 27.14 27.17 28.82 29.67 30.15 31.5 31.59 30.76 29.18 28.79 27.95 27.53 27.52 27.4 28.82 28.64 28.28 28.25 28.38 28.14 28.42 28.67 28.32 28.65 28.14 28.97 29.2 29.65 29.29 28.68 28.01 28.15 27.91 27.9 27.2 26.17 25.05 24.53 24.79 25.16 26.74 27.83 28.1 28.44 30.97 30.01 30.23 32.16 34.06 32.59 33.52128 -9999 -9999 -9999 -9999 -9999 -9999 -9999 -9999 -9999 -9999 -9999
30.03 29.75 29.45 28.8 28.56 28.1 27.6 27.26 27.08 26.92 27.37 27.2 27.31 27.54 27.9 28.46 28.13 28.21 30.49 30.59 31.13 31.29 30.52 29.97 29.13 27.87 27.49 27.68 27.93 28.42 29.74 29.69 29.2 29.27 29.18 29.75 29.78 29.94 30.51 30.1 29.34 31.92 31.08 30.12 29.36 28.66 28.38 28.05 28.48 27.47 27.39 28.01 26.68 26.58 26.05 26.69 28.48 30.85 32.05 32.82 34.3 34.21 34.22 37.10638 -9999 -9999 -9999 -9999 -9999 -9999 -9999 -9999 -9999 -9999 -9999 -9999 -9999
29.86 29.83 29.42 29.22 28.67 28.52 28.02 27.78 27.41 27.39 27.75 27.67 27.76 27.94 28.13 29.15 29.36 30.12 29.1 28.75 28.96 30.14 30.37 29.56 29.12 28.42 28.26 28.74 28.3 29.04 29.89 30.61 30.59 30.17 30.03 29.99 30.57 31.36 32.29 31.51 32.18 31.85 31.06 30.55 29.68 28.93 28.62 28.16 27.51 28.19 29.56 31.19 30.49 30.44 28.28 29.58 32.22 33.03 32.75 31.32 34.6 38.71 39.2234 -9999 -9999 -9999 -9999 -9999 -9999 -9999 -9999 -9999 -9999 -9999 -9999 -9999 -9999
30.13 30.1 30.02 29.28 29.05 28.66 28.57 28.14 27.61 28.1 27.95 27.93 28.25 28.69 28.77 29.28 29.73 30.39 29.56 28.91 28.51 29.05 30.02 29.4 29.02 29.13 28.79 28.68 28.93 29.31 30.14 31.11 32.29 32.5 32.77 32.97 33.5 34.28 33.37 32.25 32.51 33.55 33.35 34.59 33.54 31.52 29.21 28.46 27.61 26.79 30.07 35.16 35.1 34 33.12 34.6 35.28 34.67 36.2 34.71429 37.50617 42 -9999 -9999 -9999 -9999 -9999 -9999 -9999 -9999 -9999 -9999 -9999 -9999 -9999 -9999 -9999
30.34 30.92 30.45 30.04 30 29.06 28.55 28.41 28.1 28.08 28.04 28.01 27.79 27.87 28.26 28.8 28.65 29.19 29.96 29.6 29.78 29.39 29.38 29.03 29.22 29.35 29.45 29.23 29.17 29.61 30.17 31.66 32.46 32.38 32.7 33.38 34.2 34.13 33.36 34.41 34.84 35.36 34.77 38.38 36.96 34.94 35.4 33.33 32.25 34.67 36.47 39.79 38.7 37.71 37.14286 37.8481 37.42424 -9999 -9999 -9999 -9999 -9999 -9999 -9999 -9999 -9999 -9999 -9999 -9999 -9999 -9999 -9999 -9999 -9999 -9999 -9999 -9999
31.42 31.53 31.02 30.79 30.32 29.61 29.18 28.74 28.39 27.95 27.31 26.98 27.08 27.16 27.24 28 28.12 28.3 29.02 30.74 30.46 30.05 29.2 28.89 29.44 29.48 29.53 28.98 28.15 28.91 29.91 30.79 31.36 31.9 32.48 32.58 33.92 34.1 33.87 34.94 34.36 33.98 33.61 37.18 39.72 40.14 37.87 34.6 39.34 41.41 42.24 42.62963 -9999 -9999 -9999 -9999 -9999 -9999 -9999 -9999 -9999 -9999 -9999 -9999 -9999 -9999 -9999 -9999 -9999 -9999 -9999 -9999 -9999 -9999 -9999 -9999 -9999
33.06 32.49 31.95 31.6 31.03 30.32 29.6 28.95 28.43 28.02 27.42 27.07 27.11 26.43 26.51 26.92 27.71 28.2 28.32 28.77 31.65 30.59 28.98 26.76 27.93 29.33 29.28 29.07 29.07 29.29 29.95 29.81 30.85 31.38 32.58 33.24 32.74 32.34 33.29 34.26 34.05 35.14 36.12 39.12 42.57 39.8 37.01 39.4 43.71831 -9999 -9999 -9999 -9999 -9999 -9999 -9999 -9999 -9999 -9999 -9999 -9999 -9999 -9999 -9999 -9999 -9999 -9999 -9999 -9999 -9999 -9999 -9999 -9999 -9999 -9999 -9999 -9999
34.5 33.9 32.91 32.15 31.3 30.76 30.21 29.56 29.05 28.57 27.99 27.29 26.99 26.71 26.76 27 27.47 28.02 29.46 30.12 30.59 32.58 30.27 27.01 26.37 27.8 28.48 29 29.61 29.83 29.47 28.83 29.51 31.1 32.84 32.48 31.58 32.01 33.08 32.82 34.37 34.9 39.85 39.91 40.17 42.05 41.6 42.48 -9999 -9999 -9999 -9999 -9999 -9999 -9999 -9999 -9999 -9999 -9999 -9999 -9999 -9999 -9999 -9999 -9999 -9999 -9999 -9999 -9999 -9999 -9999 -9999 -9999 -9999 -9999 -9999 -9999
