layers/wordclim/future/Iberia_wcB2a_10_hadcm3_2020/bio_08.asc
ncols         166
nrows         93
xllcorner     -9.4959440078468
yllcorner     36.000324005443
cellsize      0.083333337679505
NODATA_value  -9999
[rows 0 to 32 of 93, columns 0 to 73 of 166]
-9999 -9999 -9999 -9999 -9999 -9999 -9999 -9999 -9999 -9999 -9999 -9999 -9999 -9999 -9999 -9999 -9999 102.0244 90.55556 103.5373 101.7121 98.85227 101.1739 100.2727 -9999 -9999 -9999 -9999 -9999 -9999 -9999 -9999 -9999 -9999 -9999 -9999 -9999 -9999 -9999 -9999 -9999 -9999 -9999 -9999 -9999 -9999 -9999 -9999 -9999 -9999 -9999 -9999 -9999 -9999 -9999 -9999 -9999 -9999 -9999 -9999 -9999 -9999 -9999 -9999 -9999 -9999 -9999 -9999 -9999 -9999 -9999 -9999 -9999 -9999
-9999 -9999 -9999 -9999 -9999 -9999 -9999 -9999 -9999 -9999 -9999 -9999 -9999 -9999 -9999 -9999 104.8182 101.7684 96.35 100.39 91.52 88.73 96.78788 87.7 88.54 95.52577 -9999 -9999 -9999 -9999 -9999 -9999 -9999 -9999 -9999 -9999 -9999 -9999 -9999 -9999 -9999 -9999 -9999 125.9688 126.6538 -9999 -9999 -9999 -9999 -9999 -9999 -9999 -9999 -9999 -9999 -9999 -9999 -9999 -9999 -9999 -9999 -9999 -9999 -9999 -9999 -9999 -9999 -9999 -9999 -9999 -9999 -9999 -9999 -9999
-9999 -9999 -9999 -9999 -9999 -9999 -9999 -9999 -9999 -9999 -9999 -9999 -9999 -9999 107.3519 108.2632 104.5455 101.07 96.25 87.73 81.44 82.22 85.22 76.81 92.38 97.88 97.88421 96.11392 95.74648 100.2545 98.775 98.29762 95.01316 99.28571 92.53165 96.60606 95.75343 91.75 97.39773 112.299 118.3974 120.9048 123.7576 124.69 123.57 127.2338 127.0492 122.7667 122.017 -9999 -9999 -9999 -9999 -9999 -9999 -9999 -9999 -9999 -9999 -9999 -9999 -9999 -9999 -9999 -9999 -9999 -9999 -9999 -9999 -9999 -9999 -9999 -9999 -9999
-9999 -9999 -9999 -9999 -9999 -9999 -9999 -9999 -9999 -9999 -9999 -9999 -9999 -9999 -9999 -9999 99.40404 90.22 85.71 87.9 81.38 73.31 68.78 67.22 77.04 88.68 93.85 86.1 94.58 93.77778 84.12 79.9 78.28 87.71 72.19 81.17 86.28 82.52 74.76 108.24 118.7475 113.27 112.82 118.29 120.61 120.38 114.32 112.64 121.47 118.92 117.13 114.2564 122.9359 125.339 124.68 -9999 -9999 -9999 -9999 -9999 -9999 -9999 -9999 -9999 -9999 -9999 -9999 131.2603 -9999 108.2381 104.1042 105.6437 104.087 -9999
-9999 -9999 -9999 -9999 -9999 -9999 -9999 -9999 -9999 -9999 -9999 -9999 -9999 -9999 108.806 107.0208 98.77 89.62 86.3 81.39 82.58 80.23 78.32 71.53 74.16 75.72 79.57 86.14 84.4 71.89 61.27 67.83 75.96 71.3 65.51 77.88 68.88 62.21 86.66 108.66 112.64 118.36 119.65 115.02 117.63 116.52 113.64 113.42 113.75 114.53 115.08 121.97 122.54 113.77 112.85 110.22 103.06 113.2553 119.7901 126.3836 128.2078 129.6026 127.7778 125.1446 126.9592 130.68 128.81 126.87 110.3333 104.88 98.62 99 101.6548 96.4
-9999 -9999 -9999 -9999 -9999 -9999 111.5185 113.2125 110.8243 -9999 107.8649 106.8916 106.08 109.1111 108.15 -9999 97.5 89.21 80.23 81.07 83 82.94 81.58 82.75 78.32 77.85 76.08 82.49 67.49 62.34 63.4 75.81 69.5 54.83 55.83 69.03 74.95 81.22 82.94 96.55 95.36 97.51 104.01 111.27 111.01 110.82 106.43 97.47 95.72 102.74 93.47 102.17 108.84 96.13 85.92 88.05 100.85 94.58 109.32 107.35 116.52 113.89 116.6 118.41 112.86 117.54 115.05 102.12 87.66 79.97 82.74 85.59 93.21 86.02
-9999 -9999 -9999 -9999 -9999 -9999 109.3699 109.58 108.62 108.38 104.03 94.65 96.5 99.09 102.93 100.72 91.37 86.53 81.3 81.93 81.07 83.72 82.69 83.54 81.69 77.72 71.9 74.35 67.85 62.88 68.68 74.28 58 48.7 61.29 67.42 65.01 51.37 65.23 65.11 70.07 90.64 60.27 88.33 105.63 94.19 90.04 94.7 91.04 88.64 69.8 82.59 87.14 66.02 17.01 45.55 32.21 40.41 92.77 81.62 93.47 101.68 105.54 93.16 100.28 105.77 90.87 84.38 81.48 61.69 47.64 67.03 80.71 82.19
-9999 -9999 -9999 -9999 113.8817 107.92 106.97 101.44 97.89 97.81 93.43 94.1 95.12 92.9 94.11 89.49 84.73 83.91 80.72 81.95 80.48 80.74 83.31 81.96 79.11 73.79 67.4 71.04 57.74 61.27 58.1 66.4 55.98 48.52 56.36 59.08 45.92 33.7 55.12 41.4 58.98 53.97 78.22 79.29 90.92 80.07 81.38 80.78 66.81 57.2 65.25 61 49.43 66.83 39.32 25.87 42.37 84.2 97.96 88.92 46.81 67.72 74.43 69.93 66.75 93.18 65.61 74.15 68.05 45.51 39.64 47.71 54.39 66.19
-9999 -9999 -9999 113.4021 109.32 101.42 100.53 98 96.44 94.45 95.3 93.97 96.55 95.61 94.77 93.93 89.25 83.68 75.29 77.35 80.6 79.02 80.5 78.75 74.01 71 63.79 60.51 65.62 62.97 69.52 66.14 49.87 40.13 51.05 37.63 37.24 17.52 16.85 20.09 9.16 25.82 17.96 62.84 76.37 37.03 34.35 46.36 36.16 30.83 53.42 39.49 57.31 62.58 42.89 46.18 17.47 26.68 41.51 56.68 42.81 19.64 33.19 56.13 56.01 56.03 54.15 56.57 53.33 54.2 60.36 61.78 62.28 61.44
-9999 -9999 -9999 114.2235 104.3838 101.07 98.94 98.37 98.86 97.95 97.1 96.45 96.38 95.4 94.32 93.43 93.71 86.72 81.18 75.11 77.66 74.64 74.98 78.79 78.53 74.9 64.46 63.28 60.22 68.49 65.03 53.14 50.72 40.22 36.54 29.14 21.11 28.1 28.17 26.65 26.99 42.93 41.48 32.68 45.07 52.79 44.54 55 41.5 52.97 67 58.38 58.46 62.04 66.07 51.34 26.29 17.82 23.32 50.74 63.3 20.13 28.93 66.77 68.42 61.34 55.32 54.49 55.05 56.85 62.91 69.67 66.82 62.3
-9999 -9999 -9999 -9999 110.3793 99.67 100.25 102.49 99.61 103.61 104.37 96.91 93.84 97.48 96.75 97 98.24 95.7 90.62 85.45 77.19 76.56 77.99 79.29 79.87 74.74 68.06 59.27 64.73 63.85 51.47 37.29 26.61 26 34.14 31.11 32.23 26.35 15.17 20.58 18.65 21.36 43.72 60.73 42.21 58.52 61.63 64.15 55.65 67.23 69.6 61.54 67.95 61.31 67.61 54.36 49.69 48.54 47.82 69.32 76.09 73.69 72.65 76.61 67.63 61.59 50.29 57.53 55.51 60.22 56.37 60.14 66.45 61.41
-9999 -9999 -9999 -9999 112.85 109.9844 110.6818 111.0989 95.29 102.4 103.99 103.75 100.16 101.21 100.5 93.93 94.67 90.3 84.04 85.12 79.79 76.38 78.98 72.13 70.8 75.19 60.79 54.98 56.86 52.38 45.78 26.16 35.3 41.74 48.82 45.38 31.92 18.93 18.02 20.63 40.6 58.99 65.94 67.04 68.71 64.51 72.64 74.23 71.67 75.86 75.18 74.18 75.77 72.4 76.63 70.25 64 74.68 74.64 72.38 77.7 79.96 83.75 83.18 69.36 75.95 67.71 50.03 54.05 51.75 46.84 55.23 56.1 65.66
-9999 -9999 -9999 -9999 -9999 -9999 98.04348 106.17 103.01 107.31 102.45 98.5 99.66 90.33 92.31 90.86 85.74 85.6 78.72 73.84 81.08 85.28 72.25 66.5 68.92 66.4 55.27 43.41 39.48 42.01 46.44 38.97 48.88 55.15 52.61 52.33 43.77 40.04 45.7 52.61 54.06 60.28 66.55 71.41 73.49 71.81 77.68 79.69 77.28 82.74 77.5 81.43 79.97 81.21 78.52 75.66 76.33 77.75 80.97 78.83 84.05 83.2 85.06 79.27 74.44 69.15 57.38 51.65 52.16 48.38 43.31 49.18 63.04 53.97
-9999 -9999 -9999 -9999 -9999 114.5085 105.7979 -9999 -9999 102.93 102.74 93.94 87.46 81.97 75.85 86.8 85.18 78.27 74.51 70.71 80.57 83.62 78.61 77.05 78.18 66.58 51.42 51.06 44.1 36.88 46.13 51.7 58.05 62.91 62.1 58.07 56.7 53.39 59.07 63.91 70.25 73.72 73.87 76.67 76.89 76.54 82.71 83.92 84.07 84.72 83.07 85.68 81.37 85.76 81.21 79.55 81.59 81.6 85.94 84.15 86.48 89.66 87.81 82.01 80.9 68.11 54.69 47.44 46.5 44.58 46.17 53.97 63.2 63.38
-9999 -9999 -9999 -9999 -9999 -9999 -9999 116.1667 110.6747 107.99 100.2 89.97 81.8 77.83 74.86 76.85 79.28 73.66 70.15 74.18 76.97 82.21 81.08 87.48 85.82 72.5 59.03 54.48 42.58 40.85 46.91 58.85 64.84 67.84 63.51 57.25 43.84 35.49 33.6 49.69 72.49 76.64 77.19 81.01 80.75 80.82 84.09 86.86 88.05 87.36 87.05 84.65 84.67 88.81 85.08 83.61 86.81 85.81 87.22 89.12 88.22 91.03 91.43 89.92 88.48 86.51 66.48 47.08 47.06 46.18 50.2 52.39 48.98 51.46
-9999 -9999 -9999 -9999 -9999 -9999 -9999 112.5 107.2717 96.2809 104.33 92.09 77.65 65.69 70.98 82.25 85.13 84.85 83.92 81.84 80.82 81.09 83.28 83.43 74.11 68.28 65.61 63.47 47.01 53.12 57.48 61.09 63.03 50.65 37.16 38.24 28.22 25.05 35.1 67.29 76.8 80.18 79.84 83.51 83.21 83.25 85.23 89.03 89.78 88.83 87.38 86.54 88 91.18 88.88 87.27 90.12 92.49 92.8 93.38 94.4 94.21 93.04 92.7 91.16 89.05 80.66 57.31 49.4 48.57 47.17 45.85 46.42 49.15
-9999 -9999 -9999 -9999 -9999 -9999 -9999 -9999 -9999 98.61765 99.78494 91.4 83.18 66.27 69.54 85.42 93.23 88.97 89.41 88.69 86.53 72.43 66.92 71.87 66.37 50.21 48.26 64.54 66.96 49.36 44.15 53.16 36.61 33.72 36.99 18.8 15.73 23.62 35.84 55.32 75.16 80.16 83.7 84.96 84.98 85.46 86.66 89.85 89.14 88.64 89.25 88.79 91.3 93.36 92 90.69 92.43 95.08 95.98 96.92 96.7 97.04 96.46 95.67 93.23 88 83.42 79.25 52.93 49.71 46.9 44.68 43.82 39.47
-9999 -9999 -9999 -9999 -9999 -9999 -9999 -9999 106.7821 96.24242 -9999 88.69 80.96 73.46 64.77 80.59 94.85 90.46 84.46 87.78 84.78 73.9 70.24 57.88 48.3 41.37 33.04 52.37 54.26 43.2 29.07 23.95 19.43 19.71 28.29 35.72 29.84 20.98 29.03 48.38 77.75 81.43 84.3 86.11 86.21 86.89 87.75 90.43 87.73 86.78 89.98 91.39 93.73 94.37 93.97 94.4 94.95 96.54 98.89 99.54 99.78 98.68 98.01 95.85 91.66 85.36 85.59 71.86 52.41 48.11 45.09 44.06 41.29 36.47
-9999 -9999 -9999 -9999 -9999 -9999 -9999 -9999 -9999 101.6593 95.98 95.07 93.97 78.14 72.57 86.83 90.44 86.05 84.2 80.52 77.76 74.08 74.02 56.4 41.17 28.54 21.88 35.46 49.05 36.81 28.24 14.82 2.68 5.38 16.16 18.22 21.7 30.4 34.17 47.79 76.95 80.45 81.86 85.86 87.43 88.08 88.9 90.42 87.92 89.12 91.43 93.29 94.69 94.4 95.37 96.6 98.38 98.35 100.26 102.24 102.08 99.43 98.29 94.3 89.61 91.02 88.19 82.78 63.99 49.24 46.48 43.61 37.38 27.73
-9999 -9999 -9999 -9999 -9999 -9999 -9999 -9999 106.8352 89.84 104.32 99.26 98.79 83.7 96.65 87.07 77.91 69.25 71.55 70.22 69.22 73.58 69.89 63.43 52.09 38.15 35.3 42.56 45.61 32.75 22.51 11.62 12.15 27.83 33.12 33.82 35.98 40.04 44.33 54.57 79.34 82.48 84.5 85.04 88.54 88.33 90.12 90.36 90.36 91.81 92.2 94.04 93.88 93.96 96.45 98.22 100.46 102.75 102.46 105.33 100.43 96.03 95.98 93.97 95.5 91.01 90.04 87.32 70.47 48.87 44.8 41.04 42.88 41.34
-9999 -9999 -9999 -9999 -9999 -9999 -9999 91.73016 89.66 99.95 104.92 101.55 94.92 94.6 72.28 59.31 49.69 56.65 64.31 69.6 71.66 71.91 71.22 63.68 72.89 57.74 45.89 46.42 40.42 33.88 27.11 20.95 18.56 36.15 38.38 39 41.2 46.04 48.52 51.22 80.26 85.18 86.51 86.83 87.88 89.44 91.24 90.7 91.01 91.05 93.52 93.47 93.12 94.94 96.68 98.99 101.28 103.91 104.77 106.38 100.99 100.87 100.86 96.84 92.48 90.03 89.66 87.41 75.51 55.78 49.13 46.05 42.58 44.8
-9999 -9999 -9999 -9999 -9999 -9999 -9999 97.03333 106.18 103.64 97.7 76.93 82.51 74.28 54.02 65.42 69.02 73.54 69.46 59.41 56.57 61.41 63.4 68.68 80.65 68.54 60.85 56.26 48.05 42.71 41.52 36.99 27.95 42.2 43.19 40.78 38.59 45.67 49.3 50.75 68.16 84.96 86.79 88.26 89.72 90.94 91.08 90.76 91.68 92.77 93.8 93.55 92.84 95.61 96.77 98.13 99.35 99.26 97.78 103.39 105.19 101.51 97.95 94.19 90.05 87.06 87.36 83.57 73.66 52.04 47.64 42.96 40.58 37.46
-9999 -9999 -9999 -9999 -9999 -9999 -9999 106.5758 102.8295 89.74 90.29 75.76 91.01 87.54 81.97 80.6 78.67 62.76 50.01 50.27 51.09 51.16 66.73 69.68 81.93 71.75 61.29 63.83 55.22 46.99 46.1 46.38 44.82 51.45 47.46 48.36 44.97 44.24 46.12 44.75 50.57 78.67 85.11 86.46 88.63 90.14 91.31 92.7 93.82 94.44 94.34 94.01 94 94.67 93.23 92.78 93.44 94.79 97.43 103.48 100.73 97.72 95.08 91.9 88.75 86.87 85.26 84.18 71.17 64.19 52.17 46.93 44.75 42.57
-9999 -9999 -9999 -9999 -9999 -9999 -9999 -9999 96.58 87.86 104.41 96.17 97.47 94.02 84.84 65.74 56.65 47.53 61.19 54.98 57.01 56.56 61.71 71.1 83.75 73.89 62.52 70.82 64.14 57.79 50.15 43.34 49.9 56 48.53 51.72 49.03 45.37 51.46 52.7 49.98 70.72 84.85 89 89.76 90.41 92.32 92.68 92.24 91.53 93.58 94 91.5 89.54 86.11 71.53 68.68 71.55 82.04 96.65 97.12 96.32 94.2 92.46 90.21 88.63 88.88 87.55 84.28 79.19 66.33 59.74 51.12 49.82
-9999 -9999 -9999 -9999 -9999 -9999 -9999 -9999 104.7889 105.1531 98.54 93.91 85.91 93.88 87.04 79.84 75.92 77.29 66.31 57.67 56.6 64.03 73.11 80.66 77.53 66.02 71.86 77.71 79.88 62.23 49.3 39.25 49.86 50.11 52.94 54.29 47.65 45.7 51.05 52.75 54.27 72.53 85.51 88.27 90.23 91.08 92.18 93.17 92.46 91.82 91.41 89.5 88.68 86.85 62.06 57.86 60.23 65.75 64.38 70.75 92.23 95.35 93.14 91.22 90.03 88.13 92.02 92.68 90.53 87.95 87.87 85.08 76.87 51.27
-9999 -9999 -9999 -9999 -9999 -9999 -9999 -9999 107.6579 102.24 100.72 101.81 105.24 102.3 98.18 87.02 81.77 63.89 60.66 64.44 72.45 73.23 79.04 81.85 63.35 73.97 80.79 86.3 86.18 74.34 52.25 47.83 47.78 53.66 55.44 55.52 51.33 49.62 52.68 53.52 53.26 73.97 88.02 89.22 89.46 91.51 92.32 89.98 90.27 90.17 90.58 91.68 91.15 73.43 57.43 57.65 62.49 64.68 63.24 64.55 79.93 77.46 93.72 94.74 94.62 90.75 92.6 88.89 88.35 88.06 87.71 83.04 65.06 63.1
-9999 -9999 -9999 -9999 -9999 -9999 -9999 -9999 -9999 103.8 105.58 102.75 101.78 93.9 95.59 92.88 79.08 78.4 80.02 78.81 82.77 67.66 69.72 60.83 66.1 80.24 88.1 90.88 85.62 76.09 63.39 58.15 57.29 62.35 60.6 58.44 52.83 50.41 56.27 56.87 56.67 71.37 87.72 88.87 90.1 93.07 93.54 91.34 91.68 92.34 93.08 93.25 93.45 73.06 61.29 63.5 64.33 64.6 65.18 60.45 68.59 64.34 87.15 89.88 90.43 89.81 86.53 84.23 84.7 81.02 70.45 68.75 49.75 62.55
-9999 -9999 -9999 -9999 -9999 -9999 -9999 -9999 -9999 106.98 98.31 96.05 90.53 95.66 96.51 91.27 83.52 81.65 94.81 81.37 64.67 61.71 62.63 68.47 75.22 75.81 77.44 89.67 84.6 70.96 58.76 70.85 68.63 65.68 62.62 59.9 54.62 54.2 59.89 56.49 55.7 73.67 88.28 89.62 91.25 91.86 92.49 91.06 92.25 93.85 94.67 94.02 94.82 94.95 70.92 62.09 62.98 64.1 62.9 60.3 58.7 80.49 89 88.13 88.28 87.97 86.59 80.36 61.65 57.11 61.3 80.42 74.44 63.37
-9999 -9999 -9999 -9999 -9999 -9999 -9999 -9999 -9999 104.798 99.39 97.52 95.36 92.14 93.06 94.52 84.72 86.8 94.26 77.72 52.03 70.43 68.29 69.99 78.58 87.37 88.3 86.42 80.85 82.83 74.51 79.36 71.81 55.86 51.5 52.04 54.94 60.87 58.81 55.8 55.02 58.54 86.87 87.49 88.66 88.3 88.02 89.49 89.76 90.29 91.17 92.08 92.5 92.6 77.75 63.84 61.94 63.16 61.8 73.96 69.09 83.04 91.79 91 89.73 88.25 88.3 81.49 73.99 77.28 80.02 80.37 78.91 77.38
-9999 -9999 -9999 -9999 -9999 -9999 -9999 -9999 -9999 101.6582 97.33 95.38 89.17 84.76 89.64 96.23 94.54 98.02 79.1 66.77 80.4 83.29 73.51 82.87 73.87 85.45 75.29 74.97 87.9 87.37 82.16 84.6 75.04 55.71 55.07 58.32 63.18 61.61 58.51 57.23 55.78 56.09 82.73 84.26 84.24 83.56 84.94 86.35 88.98 91.21 89.12 90.92 91.84 92.48 92.54 88.52 88.12 68.62 75.51 67.81 78.24 93.36 91.98 90.39 88.59 87.78 86.09 84.27 80.2 82.56 80.17 74.35 59.41 49.4
-9999 -9999 -9999 -9999 -9999 -9999 -9999 -9999 -9999 101.8113 99.6 97.43 94.66 88.46 90.5 95.22 99.56 81.82 74.42 73.16 94.04 87.47 84.08 92.26 88.79 83.27 71.15 71.83 91.55 85.89 78.62 79.37 71.98 68.55 59.16 58.62 55.44 57.77 58.53 58.62 57.89 56.17 82.74 82.11 82.81 83.99 83.82 83.78 85.72 88.48 90.05 90.4 91.3 91.94 92.59 93.01 89.19 83.51 91.06 85.97 92.32 91.67 91.05 89.62 87.92 86.88 85.28 82.89 79.5 78.21 77.2 61.23 27.92 21.42
-9999 -9999 -9999 -9999 -9999 -9999 -9999 -9999 -9999 -9999 103.6989 105.1 101.88 92.94 88.87 93.03 94.1 90.46 91.21 86.35 93.54 88.55 87.49 87.93 84.04 86.22 87.11 87.35 94.26 81.18 77.59 80.7 78.97 73.68 62.29 54.91 57.91 58.13 56.89 56.83 57.81 59.22 85.39 87.02 86.91 86.46 86.15 85.59 86.3 88.02 89.83 89.91 90.3 90.39 91.2 91.94 90.43 91.14 88.77 90.51 90.91 89.34 88.51 88.84 87.32 83.22 79.22 77.61 75.71 68.61 49.59 32.04 35.68 46.48
-9999 -9999 -9999 -9999 -9999 -9999 -9999 -9999 -9999 -9999 106.631 102.36 104.42 98.65 91.59 88.67 76.8 79.79 63.37 66.09 79.05 73 76.06 72.95 70.32 72.51 79.13 80.66 91.65 88.44 87.86 85.21 83.95 74.33 66.98 58.41 59.4 59.29 57.43 56.54 56.94 57.15 79.53 88.4 88.39 88.19 87.48 86.71 85.89 86.71 88.41 89.02 88.99 88.99 90 89.39 88.33 89.89 87.68 88.4 88.27 86.68 88.4 86.36 82.96 78.77 73.56 50.67 51.36 46.18 71.73 72.69 52 62.97
