layers/wordclim/future/Iberia_wcB2a_10_hadcm3_2020/bio_17.asc
ncols         166
nrows         93
xllcorner     -9.4959440078468
yllcorner     36.000324005443
cellsize      0.083333337679505
NODATA_value  -9999
[rows 0 to 33 of 93, columns 78 to 155 of 166]
-9999 -9999 -9999 -9999 -9999 -9999 -9999 -9999 -9999 -9999 -9999 -9999 -9999 -9999 -9999 -9999 -9999 -9999 -9999 -9999 -9999 -9999 -9999 -9999 -9999 -9999 -9999 -9999 -9999 -9999 -9999 -9999 -9999 -9999 -9999 -9999 -9999 -9999 -9999 -9999 -9999 -9999 -9999 -9999 -9999 -9999 -9999 -9999 -9999 -9999 -9999 -9999 -9999 -9999 -9999 -9999 -9999 -9999 -9999 -9999 -9999 -9999 -9999 -9999 -9999 -9999 -9999 -9999 -9999 -9999 -9999 -9999 -9999 -9999 -9999 -9999 -9999 -9999
-9999 -9999 -9999 -9999 -9999 -9999 -9999 -9999 -9999 -9999 -9999 -9999 -9999 -9999 -9999 -9999 -9999 -9999 -9999 -9999 -9999 -9999 -9999 -9999 -9999 -9999 -9999 -9999 -9999 -9999 -9999 -9999 -9999 -9999 -9999 -9999 -9999 -9999 -9999 -9999 -9999 -9999 -9999 -9999 -9999 -9999 -9999 -9999 -9999 -9999 -9999 -9999 -9999 -9999 -9999 -9999 -9999 -9999 -9999 -9999 -9999 -9999 -9999 -9999 -9999 -9999 -9999 -9999 -9999 -9999 -9999 -9999 -9999 -9999 -9999 -9999 -9999 -9999
-9999 -9999 -9999 -9999 -9999 -9999 -9999 -9999 -9999 -9999 -9999 -9999 -9999 -9999 -9999 -9999 -9999 -9999 -9999 -9999 -9999 -9999 -9999 -9999 -9999 -9999 -9999 -9999 -9999 -9999 -9999 -9999 -9999 -9999 -9999 -9999 -9999 -9999 -9999 -9999 -9999 -9999 -9999 -9999 -9999 -9999 -9999 -9999 -9999 -9999 -9999 -9999 -9999 -9999 -9999 -9999 -9999 -9999 -9999 -9999 -9999 -9999 -9999 -9999 -9999 -9999 -9999 -9999 -9999 -9999 -9999 -9999 -9999 -9999 -9999 -9999 -9999 -9999
-9999 -9999 -9999 -9999 -9999 -9999 -9999 -9999 -9999 -9999 -9999 -9999 -9999 -9999 -9999 -9999 -9999 -9999 -9999 -9999 -9999 -9999 -9999 -9999 -9999 -9999 -9999 -9999 -9999 -9999 -9999 -9999 -9999 -9999 -9999 -9999 -9999 -9999 -9999 -9999 -9999 -9999 -9999 -9999 -9999 -9999 -9999 -9999 -9999 -9999 -9999 -9999 -9999 -9999 -9999 -9999 -9999 -9999 -9999 -9999 -9999 -9999 -9999 -9999 -9999 -9999 -9999 -9999 -9999 -9999 -9999 -9999 -9999 -9999 -9999 -9999 -9999 -9999
161.8276 164.8 171.53 171.0698 174.2308 175.5273 -9999 -9999 -9999 -9999 -9999 -9999 -9999 -9999 -9999 -9999 -9999 -9999 -9999 -9999 -9999 -9999 -9999 -9999 -9999 -9999 -9999 -9999 -9999 -9999 -9999 -9999 -9999 -9999 -9999 -9999 -9999 -9999 -9999 -9999 -9999 -9999 -9999 -9999 -9999 -9999 -9999 -9999 -9999 -9999 -9999 -9999 -9999 -9999 -9999 -9999 -9999 -9999 -9999 -9999 -9999 -9999 -9999 -9999 -9999 -9999 -9999 -9999 -9999 -9999 -9999 -9999 -9999 -9999 -9999 -9999 -9999 -9999
156.1212 161.7 164.4 166.35 171.29 176.33 177.1414 180.9178 178.8 183.3443 184.377 188.5714 188.8021 195.17 203.32 199.3919 -9999 -9999 -9999 -9999 -9999 -9999 -9999 -9999 -9999 -9999 -9999 -9999 -9999 -9999 -9999 -9999 -9999 -9999 -9999 -9999 -9999 -9999 -9999 -9999 -9999 -9999 -9999 -9999 -9999 -9999 -9999 -9999 -9999 -9999 -9999 -9999 -9999 -9999 -9999 -9999 -9999 -9999 -9999 -9999 -9999 -9999 -9999 -9999 -9999 -9999 -9999 -9999 -9999 -9999 -9999 -9999 -9999 -9999 -9999 -9999 -9999 -9999
157.85 154.85 155.98 160.86 168.49 171.22 173.41 177.22 179.41 186.76 189.76 188.34 193.52 195.57 199.21 194.75 194.88 194.81 193.33 -9999 -9999 -9999 -9999 -9999 -9999 -9999 -9999 -9999 -9999 -9999 -9999 -9999 -9999 -9999 -9999 -9999 -9999 -9999 -9999 -9999 -9999 -9999 -9999 -9999 -9999 -9999 -9999 -9999 -9999 -9999 -9999 -9999 -9999 -9999 -9999 -9999 -9999 -9999 -9999 -9999 -9999 -9999 -9999 -9999 -9999 -9999 -9999 -9999 -9999 -9999 -9999 -9999 -9999 -9999 -9999 -9999 -9999 -9999
148.57 151.17 151.76 159.82 159.33 161.22 164.87 168.75 172.94 177.09 178.49 180 185.72 188.09 188.42 184.18 183.47 182.42 185.8219 -9999 -9999 -9999 -9999 -9999 -9999 -9999 -9999 -9999 -9999 -9999 -9999 -9999 -9999 -9999 -9999 -9999 -9999 -9999 -9999 -9999 -9999 -9999 -9999 -9999 -9999 -9999 -9999 -9999 -9999 -9999 -9999 -9999 -9999 -9999 -9999 -9999 -9999 -9999 -9999 -9999 -9999 -9999 -9999 -9999 -9999 -9999 -9999 -9999 -9999 -9999 -9999 -9999 -9999 -9999 -9999 -9999 -9999 -9999
141.79 150.96 162.12 154.56 157.01 153.05 154.78 160.75 161.01 161.59 165.94 174.44 173.71 179.46 179.36 178.91 180.83 183.73 183.9375 -9999 185.2024 184.2321 -9999 -9999 -9999 -9999 -9999 -9999 -9999 -9999 -9999 -9999 -9999 -9999 -9999 -9999 -9999 -9999 -9999 -9999 -9999 -9999 -9999 -9999 -9999 -9999 -9999 -9999 -9999 -9999 -9999 -9999 -9999 -9999 -9999 -9999 -9999 -9999 -9999 -9999 -9999 -9999 -9999 -9999 -9999 -9999 -9999 -9999 -9999 -9999 -9999 -9999 -9999 -9999 -9999 -9999 -9999 -9999
141.32 140.2 145.7 143.57 145.02 150.65 155.1 162.44 158.53 156.75 161.53 169.72 169.22 167.54 166.25 166.83 167.12 170.22 171.42 173.5 174.5 175.07 176.77 182.1935 184.377 187.24 204.3276 -9999 -9999 -9999 -9999 -9999 -9999 -9999 -9999 -9999 -9999 -9999 -9999 -9999 -9999 -9999 -9999 -9999 -9999 -9999 -9999 -9999 -9999 -9999 -9999 -9999 -9999 -9999 -9999 -9999 -9999 -9999 -9999 -9999 -9999 -9999 -9999 -9999 -9999 -9999 -9999 -9999 -9999 -9999 -9999 -9999 -9999 -9999 -9999 -9999 -9999 -9999
137.42 137.1 132.52 130.86 133.09 135.95 138.65 140.96 150.45 151.46 153.88 156.68 164.63 157.96 152.14 154.17 156.43 157.54 160.56 161.23 163.28 170.98 162.75 170.78 171.69 178.61 199.35 205.5921 -9999 -9999 -9999 -9999 -9999 -9999 -9999 -9999 -9999 -9999 -9999 -9999 -9999 -9999 -9999 -9999 -9999 -9999 -9999 -9999 -9999 -9999 -9999 -9999 -9999 -9999 -9999 -9999 -9999 -9999 -9999 -9999 -9999 -9999 -9999 -9999 -9999 -9999 -9999 -9999 -9999 -9999 -9999 -9999 -9999 -9999 -9999 -9999 -9999 -9999
125.24 122.62 123.37 127.56 130.32 135.31 135.63 142.94 147.13 144.23 145.15 154.31 151.33 149.39 141.29 140.36 141.6 145.34 144.77 144.19 148.57 150.76 151.09 152.48 152.76 166 177.75 189.13 211.6559 206.7761 219.5641 211.8295 234.7677 245.1194 -9999 -9999 -9999 -9999 -9999 -9999 -9999 -9999 -9999 -9999 206.45 224.21 243.1923 249.1273 -9999 -9999 -9999 -9999 -9999 -9999 -9999 -9999 -9999 -9999 -9999 -9999 -9999 -9999 -9999 -9999 -9999 -9999 -9999 -9999 -9999 -9999 -9999 -9999 -9999 -9999 -9999 -9999 -9999 -9999
109.77 111.66 116.57 117.88 120.32 127.77 125.22 125.87 129.18 130.78 130.99 128.21 127.17 131.78 130.7 135.69 136.71 140.46 140.63 136.3 131.83 137.03 140.91 144.52 140.43 146.59 148.89 152.65 171.22 183.67 220.59 206.82 189.37 229.33 217.1956 -9999 -9999 -9999 224.2778 -9999 246.0185 -9999 -9999 -9999 218.7245 213.31 226.5 236.51 242.17 231.2683 243.0794 242.9848 -9999 -9999 -9999 -9999 -9999 -9999 -9999 -9999 -9999 -9999 -9999 -9999 -9999 -9999 -9999 -9999 -9999 -9999 -9999 -9999 -9999 -9999 -9999 -9999 -9999 -9999
106.21 104.86 111.87 118.83 122.46 118.45 117.77 119.04 118.32 111.31 114.42 118.23 116.19 116.39 117.28 122.7 125.71 134.67 134.03 128.99 123.36 128.19 132.59 127.2 125.57 122.62 132.03 139.84 142.82 147.89 166.27 174.09 164.59 188.93 180.24 207.6 220.11 204.53 194.12 224.41 225.73 243.49 218.57 257.94 248.14 240.62 244.64 246.74 234.6 210.65 226.43 227.71 246.732 -9999 -9999 -9999 -9999 -9999 -9999 -9999 -9999 -9999 -9999 -9999 -9999 -9999 -9999 -9999 -9999 -9999 -9999 -9999 -9999 -9999 -9999 -9999 -9999 -9999
96.5 96.68 96.12 96.76 97.97 97.41 98.57 99.43 98.38 97.89 100.72 102.59 104.96 105.59 107.15 111.36 114.81 120.66 117.35 113.53 113.59 113.57 121.01 123.32 129.91 122.24 117.96 127.8 127.49 137.42 134.26 133.33 154.84 173.01 163.8 173.31 170.17 155.25 172.02 214.2 209.94 196.99 218.32 228.86 219.74 225.03 234.66 248.91 244.37 211.71 198.37 212.75 232.24 -9999 -9999 -9999 -9999 -9999 -9999 -9999 -9999 -9999 -9999 -9999 -9999 -9999 -9999 -9999 -9999 -9999 -9999 -9999 -9999 -9999 -9999 -9999 -9999 -9999
93.31 94.21 92.75 90 91.49 88.56 85.46 84.53 83.96 87.23 90.93 93.43 95.47 98.33 98.83 101.62 102.04 106.86 108.3 107.75 114.1 117.37 119.78 120.29 127.54 127.53 117 118.8 117.8 123.85 120.52 121.55 141.73 154.55 160.36 141.53 144.49 133.07 159.82 176.15 181.27 186.12 201.03 196.06 192.8 207.15 231.76 228.68 225.77 199.59 206.9 219.08 220.3 -9999 -9999 240.0318 237.5789 227.3933 199.2037 190.2059 -9999 -9999 -9999 -9999 -9999 -9999 -9999 -9999 -9999 -9999 116.0536 123.5294 111.7736 -9999 -9999 -9999 -9999 -9999
99.19 96.84 88.45 90.88 100.49 91.65 87.72 84.61 84.42 83.61 84.5 85.46 87.49 90.3 90.41 92.05 92.81 94.24 95.83 96.45 99.75 107.21 109.58 113.27 117.01 118.59 110.95 107.66 117.92 118.52 120.91 128.72 131.15 140.03 148.18 150.87 135.82 124.6 128.6 142.04 159.64 172.56 186.34 192.9 187.79 191.68 196.3 194.69 196.2 187.04 215.95 204.04 172.72 159.13 183.99 192.3 187.93 183.17 185.15 202.1644 -9999 223.3125 222.35 205.06 193.7529 -9999 -9999 -9999 152.3192 121.3 97.41 89.71 86.93 87.64045 -9999 -9999 -9999 -9999
117.11 106.77 93.58 103.91 111.14 102.23 104.18 107.59 97.95 101.34 86.75 80.5 81.06 83.05 83.81 85.31 87.45 89.63 88.67 88.75 90.54 93.72 96.48 98.78 99.54 102.43 94.8 94.26 100.84 115.16 127.63 131.37 136.03 151.76 144.1 141.33 133.47 119.64 118.09 142.66 140.82 163.08 158.99 175.72 169.71 181.35 191.6 172.42 165.87 199.13 205.34 187.33 143.99 176.3 204.06 212.91 212.93 199.03 197.51 200.75 197.37 187.07 192.26 190.45 178.64 170.6 164.86 161.97 149.31 122.54 102.48 87.25 81.08 81.13483 86.25806 -9999 -9999 -9999
124.71 109.9 105.75 110.77 100.36 108.37 102.1 112.12 99.56 96.34 87.58 81.51 81.35 78.08 77.84 78.29 80.22 80.58 81.2 83.25 83.13 84.12 83.77 85.91 88.25 89.4 85.53 83.01 82.24 81.92 84.82 88.88 98.29 98.7 102.47 116.01 117.55 121.88 113.04 128.67 122.02 136.89 151.52 160.34 153.45 171.79 156.61 140.95 173.6 197.58 181.34 149.04 155.38 189.95 202.64 205.2 197.19 186.41 156.03 175.45 170.62 159.6 154.14 171.64 171.74 161.51 157.46 141.71 130.37 115.62 101.49 91.85 81.85263 -9999 -9999 -9999 -9999 -9999
101.07 105.47 117.38 112.29 108.19 114.8 120.12 112.35 104.26 103.45 96.26 89.86 87.96 76.88 75.08 74.72 74.18 74.97 76.56 78.11 75.92 75.62 75.45 75.9 78.1 78.57 76.2 75.34 75.79 75.21 73.44 73.19 76.85 81.27 84.21 91.91 95.17 100.89 99.44 115.08 120.36 138.62 143.47 149.49 141.64 158.57 129.08 130.33 134.44 167.2 171.13 140.39 159.7 171.31 179.03 158.07 167.99 184.63 130.05 137.23 137.83 146.29 141.31 168.36 175.86 168.52 171.37 155.72 138.36 117.64 106.55 95.98 87.35 79.37313 -9999 -9999 -9999 -9999
116.15 124.9 121.61 123.61 123.73 122.51 115.02 107.19 110.71 104.66 97.77 84.9 77.73 75.71 74.13 70.88 70.33 69.79 71.18 74.74 74.35 69.37 71.82 76.42 77.87 74.88 70.17 70.36 69.4 69.92 68.92 69.06 72.08 74.84 77.84 82.8 84.87 87.16 90.42 117.08 126.83 133.1 128.01 136.3 150.16 155.51 131.63 159.68 151.4 143.59 127.68 115.42 121.91 127.63 130.16 134.62 138.24 123.04 108.35 114.21 117.07 131.72 135.01 140.93 162.56 176.69 169.39 154.43 146.41 119.98 105.86 97.11 86.02 80.0102 -9999 -9999 -9999 -9999
99.12 110.8 106.41 115.08 108.38 108.42 102.79 109.06 111.03 103.54 95.56 84.71 80.56 78.24 77.4 69.87 69.26 67.73 65.25 65.41 65.34 65.8 67.6 72.32 79.28 72.95 65.62 65.98 67.81 67.31 64.94 65.51 68.26 71.14 73.22 78.1 79.46 81.45 84.79 94.57 105.73 119.15 123.06 121.29 136.9 127.38 122.07 140.64 116.44 111.19 111.78 114.64 120.93 130.63 122.31 113.77 111.78 111.53 105.14 108.49 110.65 123.7 129.77 138.36 156.16 169.49 169.15 143.68 126.52 112.98 118.03 104.53 88.54 81.49 80.16666 -9999 -9999 -9999
90.96 92.29 90.9 90.93 91.03 93.76 91.11 92.47 98 100.47 94.99 90.16 90.08 83.05 76.74 72.82 73.77 69.2 63.12 61.67 60.42 60.76 66.19 69.44 68.86 66.29 62.1 63.59 66.85 69.45 64.43 63.78 64.74 66.33 69.38 76.93 75.33 74.98 80.19 85 91.62 97.05 100.09 107.77 112.58 110.63 104.83 106.53 103.24 108.59 106.51 108.16 116.51 123.31 126.56 115.96 107.26 106.67 102.19 105.83 113.86 137.01 133.76 141.49 157.98 170.79 168.39 146.9 118.13 110.89 107.28 110.13 97.17 84.54794 -9999 -9999 -9999 -9999
85.88 87.6 88.49 89.68 90.74 87.43 86.28 89.38 91.89 94.05 92.93 93.03 93.69 113.12 103.9 78.14 72.53 67.5 63.62 60.71 58.66 55.9 55.93 58.65 61.22 59.79 59.16 61.61 64.41 69.76 67.76 63.66 64.02 64.7 67.66 70.39 70.58 71.2 77.5 77.71 79.54 82.58 88.43 87.56 89.5 89.06 91.89 96.52 99.85 102.41 107.59 111.36 113.07 115.93 124.28 124.22 114.27 103.62 102.26 106.77 119.84 133.44 140.5 151.97 167.18 166.67 144.67 126.87 109.83 107.91 110.26 101.5104 -9999 -9999 -9999 -9999 -9999 -9999
79.69 79.2 82.38 86.85 86.06 85.89 84.27 83.53 85.36 87.18 86.77 90.79 97.18 100.99 106.01 94.92 80.5 74.74 65.4 60.41 58.21 54.67 53.05 52.44 54.5 56.07 56.11 60.97 63.86 67.8 70.95 70.83 67.47 64.85 65.01 66.8 68 69.26 72.79 73.24 74.49 81.68 86.54 79.28 80.19 83.01 87.29 91.41 96.45 101.19 107.02 113.81 122.5 126.7 123.81 122.24 116.02 106.1 105.66 118.52 126.62 133.49 133.68 138.92 143.52 131.39 120.35 117.36 102.1225 102.1034 99.80357 -9999 -9999 -9999 -9999 -9999 -9999 -9999
73.88 75.27 76.94 77.4 79.32 83.05 82.15 80.77 81.21 83.95 84.3 87.58 90.14 91.29 86.67 81.5 72.99 71.91 67.43 59.22 55.79 57.56 59.11 55.18 54.27 54.84 54.1 56.06 59.06 59.57 62.17 67.45 71.35 68.81 68.91 73.36 71.07 69.81 69 69.91 74.03 76.41 75.01 73.29 77.28 82.22 87.6 92.61 96.43 102.33 112.43 120.03 125.13 124.83 117.61 116.66 118.98 121.47 108.37 125.83 123.96 118.45 113.15 112.7 116.93 125.53 119.798 113.8026 -9999 -9999 -9999 -9999 -9999 -9999 -9999 -9999 -9999 -9999
71.24 71.36 71.88 75.03 76.87 79.18 78.55 81.68 83.66 82.4 81.59 85.15 83.11 82.83 81.36 81.72 69.74 64.47 63.12 57.06 55.32 58.38 64.37 59.58 59.86 59.63 57.05 56.36 54.75 56.37 58.57 60.87 63.81 67.35 66.05 67.16 69.65 69.55 72 69.19 69.62 69.19 70.91 74.35 79.44 83.88 88.08 93.18 100.38 109.05 118.98 126.12 125.16 122.5 112.6 107.2 108.29 106.17 101.23 104.99 105.17 101.43 98.85 106.66 108.0957 -9999 -9999 -9999 -9999 -9999 -9999 -9999 -9999 -9999 -9999 -9999 -9999 -9999
70.18 70.24 72.11 72.96 73.34 74.56 77.06 81.25 82.1 76.03 77.27 78.23 78.24 75.49 71.93 74.15 75.91 62.66 61.98 58.31 57.32 60.57 61.29 62.15 67.03 65.61 62.69 59.17 56.36 54.61 55.68 59.59 63 64.79 64.99 65.22 65.19 65.71 68.59 71.84 64.35 68.16 72.45 77.78 83.78 89.96 94.64 97.02 104.59 107.12 106.59 114.41 117.03 122.81 118.84 108.76 99.65 97.87 97.85 96.17 97.13 99.18 96.18085 -9999 -9999 -9999 -9999 -9999 -9999 -9999 -9999 -9999 -9999 -9999 -9999 -9999 -9999 -9999
77.58 74.03 73.35 76.59 76.85 77.2 76.85 77.75 75.47 71.24 72.14 74.16 73.55 73.65 66.91 67.71 63.59 73.13 75.26 74.68 65.82 63.19 66.23 65.99 71.08 66.33 60.47 58.98 56.09 55.22 55.31 57.66 61.97 63.47 64.98 65.37 65.04 62.84 66.81 66.14 68.4 72.81 77.46 84.04 90.9 96.5 101.69 108.6 106.73 103.19 95.36 99.41 101.22 113.08 106.07 96.95 95.88 97.99 104.8 98.47 94.03 94.2234 -9999 -9999 -9999 -9999 -9999 -9999 -9999 -9999 -9999 -9999 -9999 -9999 -9999 -9999 -9999 -9999
77.64 75.83 75.87 76.14 77.44 77.76 78.9 76.82 71.27 69.47 68.43 67.92 67.33 68.67 67.63 66.21 65.49 71.81 78.54 80.36 76.78 70.83 72.57 73.39 72.8 69.36 64.62 61.01 59.31 57.43 56.52 55.55 56.53 57.55 58.58 58.79 59.1 62.45 67.64 68.53 68.38 70.84 68.72 74.16 84.9 101.12 107.41 114.74 121.06 104.38 86.19 86.4 89.7 93.92 90.52 89.75 92.9 92.2 98.09184 95.79012 92.32353 -9999 -9999 -9999 -9999 -9999 -9999 -9999 -9999 -9999 -9999 -9999 -9999 -9999 -9999 -9999 -9999 -9999
71.22 72.6 71.13 70.42 77.42 78.39 78.52 76.05 72.59 71 72.51 75.29 74.49 72.53 70.51 75.42 74.83 72.81 77.86 80 80.84 81.89 81.25 77.98 74.61 71.11 70.23 66.65 61.94 59.5 57.29 58.17 59.31 59.3 59.13 59.94 61.58 65.73 64.47 65.33 66.59 71.29 63.32 69.91 79.4 80.93 89.53 97.01 90.62 85.69 79.51 81.29 82.57 84.90816 83.8481 86.10606 -9999 -9999 -9999 -9999 -9999 -9999 -9999 -9999 -9999 -9999 -9999 -9999 -9999 -9999 -9999 -9999 -9999 -9999 -9999 -9999 -9999 -9999
70.72 69.94 67.79 68.61 74.78 77.16 77.94 79.89 82.17 84.49 85.32 82.29 80.94 80.41 78.43 80.85 82.79 81.85 76.02 79.73 80.95 85.26 85.28 80.2 77.43 74.91 76.89 80.32 71.03 64.3 64.25 63.57 62.91 62.86 66.26 63.16 64.83 67.26 66.51 70.3 74.06 78.76 70.65 67.98 70.48 79.23 90.43 81.02 79.35 78.24 76.76543 -9999 -9999 -9999 -9999 -9999 -9999 -9999 -9999 -9999 -9999 -9999 -9999 -9999 -9999 -9999 -9999 -9999 -9999 -9999 -9999 -9999 -9999 -9999 -9999 -9999 -9999 -9999
62.59 63.8 64.38 69.2 72.16 75.87 78.32 79.38 83.94 87.64 87.35 84.01 88.99 86.89 85.08 83.32 84.13 86.43 87.42 75.79 81.31 87.63 98.14 90.74 80.23 76.81 77.05 77.21 74.12 71.42 72.62 69.13 67.74 65.31 66.17 69.35 72.8 71.64 71.94 74.83 74.64 75.22 70.46 66.99 76.31 85.07 82.34 77.46479 -9999 -9999 -9999 -9999 -9999 -9999 -9999 -9999 -9999 -9999 -9999 -9999 -9999 -9999 -9999 -9999 -9999 -9999 -9999 -9999 -9999 -9999 -9999 -9999 -9999 -9999 -9999 -9999 -9999 -9999
55.93 59.22 62.7 68.19 72.47 74.14 75.39 77.69 79.25 82.95 86.73 88.16 88.27 85.43 84.11 84.67 85.64 83.14 84.11 81.92 72.55 83.06 97.43 100.77 90.76 84.99 80.21 75.19 76.01 77.72 80.72 76.31 72.05 67.67 70.17 76.24 76.63 74.64 78.49 76.45 80.04 70.15 73.12 75.78 74.78 78.8 78.04 -9999 -9999 -9999 -9999 -9999 -9999 -9999 -9999 -9999 -9999 -9999 -9999 -9999 -9999 -9999 -9999 -9999 -9999 -9999 -9999 -9999 -9999 -9999 -9999 -9999 -9999 -9999 -9999 -9999 -9999 -9999
