layers/wordclim/future/Iberia_wcB2a_10_hadcm3_2020/bio_19.asc
ncols         166
nrows         93
xllcorner     -9.4959440078468
yllcorner     36.000324005443
cellsize      0.083333337679505
NODATA_value  -9999
[rows 0 to 31 of 93, columns 74 to 147 of 166]
-9999 -9999 -9999 -9999 -9999 -9999 -9999 -9999 -9999 -9999 -9999 -9999 -9999 -9999 -9999 -9999 -9999 -9999 -9999 -9999 -9999 -9999 -9999 -9999 -9999 -9999 -9999 -9999 -9999 -9999 -9999 -9999 -9999 -9999 -9999 -9999 -9999 -9999 -9999 -9999 -9999 -9999 -9999 -9999 -9999 -9999 -9999 -9999 -9999 -9999 -9999 -9999 -9999 -9999 -9999 -9999 -9999 -9999 -9999 -9999 -9999 -9999 -9999 -9999 -9999 -9999 -9999 -9999 -9999 -9999 -9999 -9999 -9999 -9999
-9999 -9999 -9999 -9999 -9999 -9999 -9999 -9999 -9999 -9999 -9999 -9999 -9999 -9999 -9999 -9999 -9999 -9999 -9999 -9999 -9999 -9999 -9999 -9999 -9999 -9999 -9999 -9999 -9999 -9999 -9999 -9999 -9999 -9999 -9999 -9999 -9999 -9999 -9999 -9999 -9999 -9999 -9999 -9999 -9999 -9999 -9999 -9999 -9999 -9999 -9999 -9999 -9999 -9999 -9999 -9999 -9999 -9999 -9999 -9999 -9999 -9999 -9999 -9999 -9999 -9999 -9999 -9999 -9999 -9999 -9999 -9999 -9999 -9999
-9999 -9999 -9999 -9999 -9999 -9999 -9999 -9999 -9999 -9999 -9999 -9999 -9999 -9999 -9999 -9999 -9999 -9999 -9999 -9999 -9999 -9999 -9999 -9999 -9999 -9999 -9999 -9999 -9999 -9999 -9999 -9999 -9999 -9999 -9999 -9999 -9999 -9999 -9999 -9999 -9999 -9999 -9999 -9999 -9999 -9999 -9999 -9999 -9999 -9999 -9999 -9999 -9999 -9999 -9999 -9999 -9999 -9999 -9999 -9999 -9999 -9999 -9999 -9999 -9999 -9999 -9999 -9999 -9999 -9999 -9999 -9999 -9999 -9999
-9999 -9999 -9999 -9999 -9999 -9999 -9999 -9999 -9999 -9999 -9999 -9999 -9999 -9999 -9999 -9999 -9999 -9999 -9999 -9999 -9999 -9999 -9999 -9999 -9999 -9999 -9999 -9999 -9999 -9999 -9999 -9999 -9999 -9999 -9999 -9999 -9999 -9999 -9999 -9999 -9999 -9999 -9999 -9999 -9999 -9999 -9999 -9999 -9999 -9999 -9999 -9999 -9999 -9999 -9999 -9999 -9999 -9999 -9999 -9999 -9999 -9999 -9999 -9999 -9999 -9999 -9999 -9999 -9999 -9999 -9999 -9999 -9999 -9999
382.3596 393.0926 -9999 -9999 438.7701 439.71 433.91 430.8488 427.782 425.3636 -9999 -9999 -9999 -9999 -9999 -9999 -9999 -9999 -9999 -9999 -9999 -9999 -9999 -9999 -9999 -9999 -9999 -9999 -9999 -9999 -9999 -9999 -9999 -9999 -9999 -9999 -9999 -9999 -9999 -9999 -9999 -9999 -9999 -9999 -9999 -9999 -9999 -9999 -9999 -9999 -9999 -9999 -9999 -9999 -9999 -9999 -9999 -9999 -9999 -9999 -9999 -9999 -9999 -9999 -9999 -9999 -9999 -9999 -9999 -9999 -9999 -9999 -9999 -9999
367.02 377.06 393.09 403.6633 424.6263 423.71 421.69 414.81 412.17 410.12 410.5656 409.0548 406.5833 410.7541 412.082 418.619 414.7604 422.4 430.92 421.6351 -9999 -9999 -9999 -9999 -9999 -9999 -9999 -9999 -9999 -9999 -9999 -9999 -9999 -9999 -9999 -9999 -9999 -9999 -9999 -9999 -9999 -9999 -9999 -9999 -9999 -9999 -9999 -9999 -9999 -9999 -9999 -9999 -9999 -9999 -9999 -9999 -9999 -9999 -9999 -9999 -9999 -9999 -9999 -9999 -9999 -9999 -9999 -9999 -9999 -9999 -9999 -9999 -9999 -9999
346.83 359.23 371.26 377.95 381.44 396.64 395.93 390.76 385.73 387.25 388.2 391.21 394.32 404.53 409.64 410.72 417.46 420.54 419.5 413.42 413.09 411.26 402.38 -9999 -9999 -9999 -9999 -9999 -9999 -9999 -9999 -9999 -9999 -9999 -9999 -9999 -9999 -9999 -9999 -9999 -9999 -9999 -9999 -9999 -9999 -9999 -9999 -9999 -9999 -9999 -9999 -9999 -9999 -9999 -9999 -9999 -9999 -9999 -9999 -9999 -9999 -9999 -9999 -9999 -9999 -9999 -9999 -9999 -9999 -9999 -9999 -9999 -9999 -9999
328.57 336.51 347.8 353.1 359.53 361.67 362.56 356.18 358.78 359.99 361.43 365.15 370.91 376.34 381.69 389.48 397.11 398.31 401.41 399.27 398.94 394.45 392.8493 -9999 -9999 -9999 -9999 -9999 -9999 -9999 -9999 -9999 -9999 -9999 -9999 -9999 -9999 -9999 -9999 -9999 -9999 -9999 -9999 -9999 -9999 -9999 -9999 -9999 -9999 -9999 -9999 -9999 -9999 -9999 -9999 -9999 -9999 -9999 -9999 -9999 -9999 -9999 -9999 -9999 -9999 -9999 -9999 -9999 -9999 -9999 -9999 -9999 -9999 -9999
302.64 307.11 314.95 325.44 328.35 323.9 326.92 327.11 328.07 331 332.92 336.98 341.69 347.27 356.21 366.05 372.46 374.57 380.35 383.91 379.75 372.55 367.4875 -9999 355.4286 346.0714 -9999 -9999 -9999 -9999 -9999 -9999 -9999 -9999 -9999 -9999 -9999 -9999 -9999 -9999 -9999 -9999 -9999 -9999 -9999 -9999 -9999 -9999 -9999 -9999 -9999 -9999 -9999 -9999 -9999 -9999 -9999 -9999 -9999 -9999 -9999 -9999 -9999 -9999 -9999 -9999 -9999 -9999 -9999 -9999 -9999 -9999 -9999 -9999
282.92 286.51 291.24 297.21 298.54 298.63 299.88 299.41 299.41 304.26 310.28 321.27 321.21 323.44 333.02 341.41 348.26 356.61 364.99 370.64 372.72 363.21 357.07 349.39 342.79 335.71 329.65 324.9247 319.6393 316.84 330.3621 -9999 -9999 -9999 -9999 -9999 -9999 -9999 -9999 -9999 -9999 -9999 -9999 -9999 -9999 -9999 -9999 -9999 -9999 -9999 -9999 -9999 -9999 -9999 -9999 -9999 -9999 -9999 -9999 -9999 -9999 -9999 -9999 -9999 -9999 -9999 -9999 -9999 -9999 -9999 -9999 -9999 -9999 -9999
266.42 270.43 272.42 275.44 277.44 278.21 273.28 272.13 272.17 273.25 275.76 280.51 296.01 301.29 310.06 319.61 330.8 335.31 345.92 354.03 355.31 350.82 341.01 334.39 327.25 320.19 310.04 307.78 301.2 302.97 321.7 325.6184 -9999 -9999 -9999 -9999 -9999 -9999 -9999 -9999 -9999 -9999 -9999 -9999 -9999 -9999 -9999 -9999 -9999 -9999 -9999 -9999 -9999 -9999 -9999 -9999 -9999 -9999 -9999 -9999 -9999 -9999 -9999 -9999 -9999 -9999 -9999 -9999 -9999 -9999 -9999 -9999 -9999 -9999
245.36 248.88 255.84 251.05 253.49 250.69 250.29 253.38 255.16 261.7 261.54 274.95 282.93 281.93 286.38 302.78 305.46 311.46 322.68 337.18 346.49 336.79 329.72 318.91 309.34 302.06 292.92 286.79 280.12 284.52 293.8 302 328.8172 317.3284 333.0256 315.3182 349.9697 365.4179 -9999 -9999 -9999 -9999 -9999 -9999 -9999 -9999 -9999 -9999 253.6 285.04 321.782 330.9818 -9999 -9999 -9999 -9999 -9999 -9999 -9999 -9999 -9999 -9999 -9999 -9999 -9999 -9999 -9999 -9999 -9999 -9999 -9999 -9999 -9999 -9999
230.94 239.04 239.3 229.81 228.45 226.81 228.99 227.39 228.43 241.58 235.87 235.5 241.52 250.04 254.72 257.45 267.54 283.54 295.07 305.98 314.18 309.64 304.58 298.12 287.03 281.35 275.87 269.58 259.73 257.02 252.98 250.35 269.13 280.25 333.4 307.12 277.44 338.61 313.5978 -9999 -9999 -9999 308.9167 -9999 342.537 -9999 -9999 -9999 276.0612 260.36 282.42 302.56 315.48 288.1951 317.0476 313.3485 -9999 -9999 -9999 -9999 -9999 -9999 -9999 -9999 -9999 -9999 -9999 -9999 -9999 -9999 -9999 -9999 -9999 -9999
211.52 215.14 217.41 215.04 210.99 207.1 213.56 224.05 227.86 216.42 214.78 216.29 214.82 203.42 215.63 231.02 238.04 249.98 265.53 281.83 286.53 285.21 281.84 276.44 266.3 260.65 256.68 244.19 234.68 225.01 227.39 229.64 227.12 228.95 248.29 254.63 236.43 268.51 250.99 290.39 309.09 278.82 255.14 303.75 305.32 337.4 282.58 360.01 338.25 319.62 323.54 326.95 298.64 237.51 273.81 275.36 326.6598 -9999 -9999 -9999 -9999 -9999 -9999 -9999 -9999 -9999 -9999 -9999 -9999 -9999 -9999 -9999 -9999 -9999
199.68 202.08 202.63 195.57 191.13 188.31 182.55 177.22 173.17 166.56 165.58 165.73 163.12 166.05 181.8 195.34 209.79 221.58 233.56 249.5 257.71 261.82 257.31 248.66 242.78 235.49 235.14 231.22 230.56 216.37 205.09 210.24 203.63 210.24 200.59 195.38 219.89 240.85 223.02 232.62 223.27 197.2 218.51 285.53 273.92 246.5 283.14 298.26 277.93 285.09 302.63 333.05 323.99 240.13 212.58 240 290.22 -9999 -9999 -9999 -9999 -9999 -9999 -9999 -9999 -9999 -9999 -9999 -9999 -9999 -9999 -9999 -9999 -9999
191.08 190.43 187.89 185.61 180.18 177.9 170.73 160.7 157.44 145.18 132.41 124.81 125.64 139.92 157.63 171.76 185.78 200.6 209.58 221.26 225.65 233.55 233.78 228.3 230.02 226.92 222.78 217.87 218.82 214.39 196.66 192.2 185.69 187.63 178.81 175.31 196.04 209.77 214.95 184.63 184.18 164.52 198.26 222.2 222.38 225.76 247.68 232.35 221.93 245.73 297.17 285.98 279.44 217.89 230.74 255.51 258.36 -9999 -9999 315.4603 310.821 283.8652 216.3889 197.2059 -9999 -9999 -9999 -9999 -9999 -9999 -9999 -9999 -9999 -9999
190.66 187.65 196.35 197.6 186.7 178.93 159.81 159.73 177.51 154.71 142.02 130.78 133.06 133.94 143.09 153.23 165.69 179.51 186.52 194.64 199.33 203.01 204.67 202.68 202.59 205.59 202.98 200.86 199.87 195.31 181.61 172.05 180.57 176.12 174.5 178.94 178.46 186.1 194.41 193.77 168.57 150.22 151.37 165.69 186.06 202.73 221.42 229.52 212.46 212.73 216.4 207.31 214.35 196.91 250.9 222.65 177.85 163.3 195.35 205.92 196.07 188.17 194.03 228.2192 -9999 295.0875 295.96 256.1 230.0353 -9999 -9999 -9999 182.7447 160.55
201.84 207.34 212.93 197.95 218.39 197.71 168.72 189.46 203.37 182.27 185.79 192.19 171.14 179.96 150.53 143.82 151.27 160.64 168.29 173.73 181.23 185.09 185 183.53 182.48 181.37 179.8 176.72 172.78 169.61 156.25 150.52 152.62 166.08 179.02 179.38 182.16 202.02 187.14 178.38 163.35 141.33 137.3 165.09 158.25 186.25 175.1 197.91 181.9 195.76 208.41 174.91 166.98 216.15 225.57 197.36 145.62 178.92 224.27 248.29 248.9 218.16 224.7 232.66 221.47 201.48 216.97 216.04 185.65 176.33 179.4 183.99 176.5 157.57
210.41 229.06 229.98 226.23 233.9 205.02 195.55 204.51 182.39 198.23 184.01 204.13 177.74 170.79 153.9 144.25 149.62 147.59 151.76 156.69 162.61 164.33 163.92 165.25 163.35 159.41 155.03 153.35 151.1 147.9 137.81 129.66 123.82 119.01 118.12 120.45 129.18 125.84 127.86 142.28 140.1 143 128.72 144.57 133.18 146.89 163.88 172.84 157.14 179.86 158.58 140.95 176.62 216.79 188.35 150.43 156.15 202.41 227.82 229.91 215.25 200.92 157.55 182.48 172.76 160.45 154.47 174.88 175.23 163.61 168.14 163.56 159.11 150.52
180.28 185.89 189.82 200.91 189.89 196.79 218.27 208.73 199.37 212.27 220.86 206.33 189.15 187.43 171.77 161.43 160.1 141.85 141.88 145.42 146.21 148.59 151.86 152.14 146.33 142.6 137.31 134.4 131.35 127.6 121.29 115.49 111.52 107.99 101.94 98.57 99.28 101.69 103.55 109.49 110.91 115.93 111.89 126.34 128.89 149.05 151.42 157 142.63 160.94 129.13 130.33 134.45 168.35 172.42 141.13 160.49 181.35 190.76 159.14 171.37 199.03 130.27 137.28 138.01 146.77 141.44 173.89 184.3 169.3 179.26 174.22 166.17 153.97
160.55 174.51 205.21 215.95 219.33 234.84 227.88 230.64 230.15 227.19 211.59 195.28 201.57 188.12 175.03 149.98 137.87 136.45 136.17 134.14 134.16 134.72 136.43 140.82 137.15 128.25 127.13 128.17 126.18 118.43 109.45 105.92 101.22 97.91 93.46 90.68 90.59 92.22 94.24 97.81 98.55 99.06 99.92 127.68 136.59 141.57 130.71 140.01 157.01 162.33 132.49 163.88 151.7 143.61 127.68 115.42 121.91 127.63 130.18 134.66 138.4 123.22 108.35 114.21 117.07 131.88 135.2 140.93 164.2 181.98 177.8 174.33 175.2 160.42
155.84 161.44 168.27 174.42 187.51 208.56 200.9 216.79 200.63 199.9 189.17 199.62 201.1 187.02 170.06 149.11 141.52 138.06 138.1 127.1 126.93 123.97 121.55 121.28 119.34 117.01 117 118.53 121.48 110.18 99.31 96.59 95.76 91.45 87.44 84.77 85.15 86.42 87.39 90.88 90.62 91.42 92.23 100.3 110.82 124.3 124.9 121.97 138.34 127.44 122.07 141.46 116.44 111.19 111.78 114.64 120.93 130.63 122.31 113.77 111.78 111.53 105.14 108.49 110.65 123.83 129.97 138.45 156.56 171.65 179.66 172.19 168.18 161.59
159.16 159.56 163.04 169.92 173.37 174.81 171.16 170.19 169.75 173.69 169.11 169.41 178.31 180.85 167.36 157.25 155.85 144.03 133.47 126.49 128.22 121.83 113.69 111.59 108.81 106.62 110.31 110.06 106.16 98.61 91.17 89.95 89.61 90.05 83.66 81.37 80.37 80.44 82.49 88.12 86.2 83.55 86.91 89.72 94.27 98.06 100.27 107.91 112.78 110.68 104.87 106.53 103.24 108.59 106.51 108.16 116.51 123.31 126.56 115.96 107.26 106.67 102.19 105.83 113.91 138.36 134.87 143.09 161.85 177.24 179.28 175.13 167.18 164.41
146.48 152.7 156.55 158.18 164.76 166.51 167.83 169.33 169.98 163.36 161.42 162.87 165.49 166.01 161.61 160.56 158.36 192.74 175.03 130.96 122.17 114.45 109.54 105.96 102.25 97.79 95.18 93.6 92.48 87.29 83.68 84.26 84.44 88.02 84.21 79.43 78.46 76.9 78.59 80.47 80.13 79.9 83.94 82.76 81.74 83.1 88.43 88.04 89.87 89.71 92.37 96.63 99.86 102.41 107.59 111.36 113.07 115.93 124.28 124.22 114.27 103.62 102.26 106.77 120.15 135.53 142.81 157.41 183.97 185.25 169.89 168.06 161.15 160.56
140.8 143.31 146.41 148.24 153.83 152.07 157.21 163.97 162.02 160.18 157.12 152.09 151.33 152.18 149.66 153.59 163.14 168.4 174.3 152.98 128.83 119.55 107.57 100.88 97.89 93.24 89.67 85.02 81.79 79.57 78.34 80.48 81.61 84.03 86 84.07 79.38 76.17 75.88 76.71 76.5 76.6 79.16 78.11 78.42 82.74 87.06 80.45 81.56 84.45 88.64 92.48 96.99 101.23 107.02 113.81 122.5 126.7 123.81 122.24 116.02 106.1 105.66 118.55 127.04 134.98 135.64 144.23 156.16 159.63 163.19 164.38 154.6327 155.3103
136.31 136.65 141.83 140.27 143.06 144.84 146.47 146.57 149.8 154.43 152.61 143.52 142.37 144.6 143.37 146.54 147.59 147.86 138.25 128.12 113.81 111.03 104.72 94.73 90.18 89.85 89.53 83.39 78.58 76.72 74.23 73.71 74.7 74.05 75.1 80.12 82.46 79.84 79.2 83.64 79.59 77.4 76.26 75.25 78.46 78.56 77.05 75.39 79.37 84.33 89.71 94.46 98.71 104.21 113.77 121.35 125.9 125.41 119.83 119.45 121.64 123.91 111.53 127.53 126.55 122.7 123.08 131.93 144.34 157.41 161.1717 161.3553 -9999 -9999
136.1 134.13 133.5 134.58 138.66 138.14 137.41 141.8 144.46 146.21 142.79 145.59 145.84 140.62 136.9 140.71 134.68 131.46 125.82 124.78 105.49 97.9 95.02 87.98 85.22 86.09 88.72 82.68 80.39 77.78 74.61 72.93 69.77 70.32 71.47 72.89 74.25 77.17 76.44 77.27 79.04 78.71 80.6 77.63 76.63 75.66 74.75 77.92 83.18 88.76 93.59 100.73 107.99 117.14 127.14 133.4 132.87 131.01 122.95 119.86 120.69 119.66 112.1 115.51 116.01 113.89 118.55 132.07 140.883 -9999 -9999 -9999 -9999 -9999
139.46 141.43 139.24 137.79 138.06 137.28 138.63 138.49 136.62 135.01 138.53 143.98 142.18 128.67 127.69 126.2 123.81 116.54 108.67 109.43 110.28 91.79 89.24 84.11 82.39 83.22 81.91 80.47 82.91 80.19 76.1 73.12 70.21 68.2 69.19 70.39 73.69 74.41 75.4 76.89 76.95 77.7 79.79 82.95 74.79 77.36 81.5 86.93 95.52 103.15 108.65 111.39 120.22 122.06 121.65 130.06 131.47 137.3 135.02 128.03 119.42 116.85 117.92 116.02 116.57 120.92 121.5532 -9999 -9999 -9999 -9999 -9999 -9999 -9999
146.35 149.86 151.24 152.44 152.13 145.09 141.55 145.39 144.53 141.3 137.79 136.82 129.35 118.93 118.06 117.74 113.5 111.03 98.79 97.84 90.12 99.03 99.91 96.45 85.05 81.17 82.06 80.05 83.15 77.83 72.74 71.45 69.51 68.4 68.35 69.01 72.72 74.28 76.57 78.9 78.68 76.98 81.41 80.91 83.3 89.09 94.74 102.82 111.64 118.36 123.7 131.12 129.58 124.13 117.04 121.68 124.85 137.09 131.64 122.08 121.11 126.73 137.7 127.93 121.19 122.0745 -9999 -9999 -9999 -9999 -9999 -9999 -9999 -9999
161.57 163.87 162.24 159.75 153.55 148.62 146.07 143.99 144.22 142.85 141.91 134.21 121.2 114.66 109.56 106.55 101.64 101.15 97.01 92.53 88.82 92.92 98.75 97.84 91.9 83.68 83.62 83.02 81.26 77.59 73.17 71.92 70.6 70.22 67.95 68.17 69.47 70.82 72.08 73.19 74.98 78.96 84.96 87.78 88.89 92.05 90.16 98.46 113.19 129.89 136.82 143.63 150.25 132.97 116.1 118.53 122.59 125.04 121.27 120.3 125.28 125.13 136.7143 131.5556 124.2647 -9999 -9999 -9999 -9999 -9999 -9999 -9999 -9999 -9999
173.67 166.43 170.52 159.31 144.45 143.46 137.54 134.41 144.15 143.03 141.12 132.44 122.87 116.57 116.05 116.84 112.25 104.01 97.74 101.06 96.45 89.93 92.93 92.53 91.4 90.66 88.15 83.6 79.52 76.35 74.87 73.34 71.23 69.95 69.28 69.63 71.98 73.41 74.81 76.63 79.84 84.61 85.06 87.64 91.27 98.83 88.85 99.79 114.91 115.71 124.91 132 124.42 120.57 117.89 122.68 122.41 123.2551 118.0253 119.3939 -9999 -9999 -9999 -9999 -9999 -9999 -9999 -9999 -9999 -9999 -9999 -9999 -9999 -9999
169.83 155.79 157.94 151.14 144.8 140.39 132.38 131.25 139.69 140.42 139.34 139.99 139.79 139.76 136.37 127.49 119.74 114.44 106.9 106.85 105.32 98.59 86.1 87.77 88.36 92.07 90.69 84.67 80.71 77.93 79.34 83.09 76.68 72.9 73.67 73.81 75.28 77.19 81.54 81.42 85.25 90.42 91.24 99.13 106.23 114.61 107.75 101.84 105.32 120.89 133.47 117.89 110.64 113 120.358 -9999 -9999 -9999 -9999 -9999 -9999 -9999 -9999 -9999 -9999 -9999 -9999 -9999 -9999 -9999 -9999 -9999 -9999 -9999
