layers/wordclim/future/Iberia_wcB2a_10_hadcm3_2020/bio_07.asc
ncols         166
nrows         93
xllcorner     -9.4959440078468
yllcorner     36.000324005443
cellsize      0.083333337679505
NODATA_value  -9999
[rows 33 to 65 of 93, columns 73 to 145 of 166]
314.46 315.84 316.37 317.3 318.09 319.88 321.47 322.95 325.62 326.84 327.65 327.56 328.54 327.95 326.89 324.44 322.85 321.1 318.7 315.62 312.88 309.88 305.7 303.83 300.64 296.98 297.2 297.39 296.5 294.14 293.49 293.98 296.16 295.99 295.43 293.93 294.78 295.61 295.85 295.75 293.78 293.82 294.22 293.32 294 292.16 291.11 289.58 286.51 283.04 278.45 274.26 -9999 -9999 -9999 -9999 -9999 -9999 -9999 -9999 -9999 -9999 -9999 -9999 -9999 -9999 -9999 -9999 -9999 -9999 -9999 -9999 -9999
315.23 316.46 316.68 316.85 319.11 320.89 322.83 324.14 326.12 327.07 328.1 328.39 328.54 328.64 327.72 326.3 324.65 322.66 320.47 317.59 314.52 311.5 307.43 304.09 299.37 295.84 296.76 296.19 294.92 293.31 292.46 292.11 292.59 292.61 290.67 291.55 291.81 292.38 292.83 291.65 289.74 290.15 290.1 290.14 288.5 287.52 287.3 284.82 282.38 278.9091 -9999 -9999 -9999 -9999 -9999 -9999 -9999 -9999 -9999 -9999 -9999 -9999 -9999 -9999 -9999 -9999 -9999 -9999 -9999 -9999 -9999 -9999 -9999
317.26 317.33 316.76 316.2 319.49 321.97 323.56 324.91 326.47 327.66 328.85 329.45 329.06 328.6 328.9 327.39 325.73 323.66 321.43 318.58 315.76 313.03 308.94 304.28 299.81 297.05 298.63 297.13 295.45 293.97 292.79 291.9 291.23 289.6 288.76 288.55 288.48 290.03 289.57 288.44 286.99 287.96 286.54 284.72 281.72 283.63 283.77 281.21 278.05 274.0423 -9999 -9999 -9999 -9999 -9999 -9999 -9999 -9999 -9999 -9999 -9999 -9999 -9999 -9999 -9999 -9999 -9999 -9999 -9999 -9999 -9999 -9999 -9999
320.18 318.64 316.36 318.33 321.68 323.05 324.39 326.43 327.4 328.15 328.9 329.61 330.28 330.45 329.33 327.95 326.15 324.07 322.77 320.19 317.34 313.38 310.21 305.31 300.37 299.54 300.01 297.31 295.65 294.58 293.49 291.19 289.93 289.01 288.12 287.39 287.54 286.55 286.09 284.96 284.35 283.76 281.81 282.7 282.36 281.66 279.29 276.47 274.0206 270.6237 267.0698 264.1304 -9999 -9999 -9999 -9999 -9999 -9999 -9999 -9999 -9999 -9999 -9999 -9999 -9999 -9999 -9999 -9999 -9999 -9999 -9999 -9999 -9999
322.79 321.39 317.94 321.4 323.12 324.15 326.12 327.75 327.9 330.2 331.47 332.3 332.37 331.77 330.69 329.28 327.43 325.52 323.12 320.48 317.67 314.94 312.19 308.28 303.15 299.36 299.88 297.85 295.1 293.05 292.69 291.36 290.4 289.42 288.15 287.15 284.66 284.46 284.26 284.4 282.87 282.1 281.5 280.65 278.96 278.06 276.3 274.6383 -9999 -9999 -9999 -9999 -9999 -9999 -9999 -9999 -9999 -9999 -9999 -9999 -9999 -9999 -9999 -9999 -9999 -9999 -9999 -9999 -9999 -9999 -9999 -9999 -9999
326.79 324.68 323.73 324.52 324.8 326.31 328.04 328.96 329.48 331.18 332.95 333.48 333.27 333.17 332.97 331.66 329.49 326.32 324.18 321.57 318.98 316.34 313.86 310.3 305.54 300.68 299.66 297.4 294.16 293.91 294.63 291.86 290.93 289.92 287.83 286.65 284.55 283.03 283.33 282.6 280.72 279.82 279.37 277.37 275.51 273.41 271.62 -9999 -9999 -9999 -9999 -9999 -9999 -9999 -9999 -9999 -9999 -9999 -9999 -9999 -9999 -9999 -9999 -9999 -9999 -9999 -9999 -9999 -9999 -9999 -9999 -9999 -9999
330.36 327.96 328.14 328.1 328.85 328.84 329.78 330.48 331.42 332.39 332.75 333.53 333.61 335.45 334.79 333.5 331.14 328.26 325.58 322.93 320.4 316.88 313.95 310.33 306.18 301.63 299.23 297.66 294.77 295.89 294.98 293.2 291.15 290.52 288.72 286.93 286.17 283.61 282.07 280.87 279.77 277.67 275.25 273.62 272.51 269.82 268.72 -9999 -9999 -9999 -9999 -9999 -9999 -9999 -9999 -9999 -9999 -9999 -9999 -9999 -9999 -9999 -9999 -9999 -9999 -9999 -9999 -9999 -9999 -9999 -9999 -9999 -9999
331.8 330.64 331.47 331.25 331.64 332.35 332.48 332.65 333.6 334.96 336 335.76 336.73 336.72 336.54 335.46 332.14 329.41 326.31 323.52 320.9 318.62 315.2 312.11 308.47 303.65 299.66 297.07 295.83 296.5 293.6 292.33 291.66 291.48 290.48 288.04 285.42 281.86 279.73 278.64 276.11 274.69 271.54 271.2 268.74 266.6867 -9999 -9999 -9999 -9999 -9999 -9999 -9999 -9999 -9999 -9999 -9999 -9999 -9999 -9999 -9999 -9999 -9999 -9999 -9999 -9999 -9999 -9999 -9999 -9999 -9999 -9999 -9999
333.96 333.54 334.3 334.4 334.7 334.47 335.11 336.23 336.79 336.76 337.94 338.62 339.72 339.94 339.43 338.18 334.52 330.77 328.11 325.98 322.12 319.75 317.02 314.09 310.3 306.34 300.59 296.93 296.01 295.56 291.78 291 291.4 291.58 288.87 286.12 283.76 281.38 277.41 274.76 273.65 271.57 266.75 265.53 266.9024 -9999 -9999 -9999 -9999 -9999 -9999 -9999 -9999 -9999 -9999 -9999 -9999 -9999 -9999 -9999 -9999 -9999 -9999 -9999 -9999 -9999 -9999 -9999 -9999 -9999 -9999 -9999 -9999
336.21 336.1 337.13 336.78 336.21 336.77 337.77 338.67 339.18 340.6 341.07 341.62 342.68 343.54 341.72 341.5 336.69 333.76 330.7 325.97 323.3 320.13 317.34 314.4 310 305.99 301.45 299.89 299.75 296.96 292.43 290.17 289.01 286.78 286.06 283.3 281.94 279.7 272.85 267.29 266.85 266.12 264.35 261.8947 -9999 -9999 -9999 -9999 -9999 -9999 -9999 -9999 -9999 -9999 -9999 -9999 -9999 -9999 -9999 -9999 -9999 -9999 -9999 -9999 -9999 -9999 -9999 -9999 -9999 -9999 -9999 -9999 -9999
338.45 338.23 338.89 338.49 338.89 339.67 340.14 340.66 341.23 342.56 343.27 344.26 345.05 344.87 344.99 344.08 339.11 335.37 332.11 329.2 326.19 322.78 319.5 316.47 312.02 306.28 303.48 302.81 303.69 300.8 293.91 289.76 287.14 284.11 281.36 280.76 277.5 273.43 268.68 263.49 263.44 262.89 259.6818 -9999 -9999 -9999 -9999 -9999 -9999 -9999 -9999 -9999 -9999 -9999 -9999 -9999 -9999 -9999 -9999 -9999 -9999 -9999 -9999 -9999 -9999 -9999 -9999 -9999 -9999 -9999 -9999 -9999 -9999
340.31 340.1 341.17 341.46 341.7 341.83 342.21 342.6 343.2 343.18 344.25 344.89 345.63 346.33 346.38 345.9 341.95 337.62 334.86 331.27 327.76 323.96 320.49 317.61 313.01 306.44 304.66 304.23 303.5 300.23 294.97 291.55 288.1 285.56 279.64 275.16 269.89 264.87 259.76 259.58 259.43 258.5373 -9999 -9999 -9999 -9999 -9999 -9999 -9999 -9999 -9999 -9999 -9999 -9999 -9999 -9999 -9999 -9999 -9999 -9999 -9999 -9999 -9999 -9999 -9999 -9999 -9999 -9999 -9999 -9999 -9999 -9999 -9999
342.67 342.69 342.79 342.96 343.05 342.83 343.19 343.23 343.89 344.17 344.98 345.69 346.42 346.64 346.71 345.64 342.99 339.53 334.91 331.41 327.19 323.73 320.36 316.59 312.33 308.1 304.09 302.17 301.14 299.8 298.92 293.97 287.32 281.66 277.01 276.12 271 262.17 255.49 252.78 252.134 -9999 -9999 -9999 -9999 -9999 -9999 -9999 -9999 -9999 -9999 -9999 -9999 -9999 -9999 -9999 -9999 -9999 -9999 -9999 -9999 -9999 -9999 -9999 -9999 -9999 -9999 -9999 -9999 -9999 -9999 -9999 -9999
344.74 344.78 344.82 344.96 344.69 344.65 344.71 344.9 345.27 345.42 345.38 346.25 346.15 345.77 346.47 344.08 341.64 338.76 335.19 331.89 327.35 324.67 321.5 317.25 312.61 309.59 305.55 301.17 299.18 296.29 295.04 293.27 287.16 280.04 271.51 267.44 269.53 265.21 255.44 250.4646 -9999 -9999 -9999 -9999 -9999 -9999 -9999 -9999 -9999 -9999 -9999 -9999 -9999 -9999 -9999 -9999 -9999 -9999 -9999 -9999 -9999 -9999 -9999 -9999 -9999 -9999 -9999 -9999 -9999 -9999 -9999 -9999 -9999
346.58 346.54 346.38 346.02 346.33 346.5 346.08 346.32 346.2 346.35 346.19 346.55 345.96 344.28 343.91 343.13 341.35 338.58 335.25 331.63 327.94 324.21 320.68 316.84 312.96 309.57 305.22 298.7 295.86 294.08 291.65 286.73 284.08 279.8 275.25 265.43 258.7 256.47 250.17 -9999 -9999 -9999 -9999 -9999 -9999 -9999 -9999 -9999 -9999 -9999 -9999 -9999 -9999 -9999 -9999 -9999 -9999 -9999 -9999 -9999 -9999 -9999 -9999 -9999 -9999 -9999 -9999 -9999 -9999 -9999 -9999 -9999 -9999
348.59 348.21 347.83 347.72 347.64 347.45 347.61 347 347.35 346.83 346.84 346.88 345.14 343.96 342.95 342.37 340.71 337.99 334.26 330.47 327 322.76 319.39 316.47 314.14 309.78 306.1 301.05 294.84 287.66 283.72 279 272.61 266.88 265.86 268.51 258.84 251.5 248.9868 -9999 -9999 -9999 -9999 -9999 -9999 -9999 -9999 -9999 -9999 -9999 -9999 -9999 -9999 -9999 -9999 -9999 -9999 -9999 -9999 -9999 -9999 -9999 -9999 -9999 -9999 -9999 -9999 -9999 -9999 -9999 -9999 -9999 -9999
351.08 350.17 349.07 348.78 348.41 348.97 348.26 347.99 348.02 347.69 347.22 345.89 344.87 343.97 342.57 341.14 338.34 335.76 333.4 330.6 327.4 323.35 319.25 317.3 313.94 309.57 306.66 304.95 300.89 292.24 281.14 274.51 267.76 262.44 258.02 255.39 252.96 248.9894 -9999 -9999 -9999 -9999 -9999 -9999 -9999 -9999 -9999 -9999 -9999 -9999 -9999 -9999 -9999 -9999 -9999 -9999 -9999 -9999 -9999 -9999 -9999 -9999 -9999 -9999 -9999 -9999 -9999 -9999 -9999 -9999 -9999 -9999 -9999
352.46 351.89 351.2 350.65 349.51 349.31 349.03 348.55 348.25 347.97 346.5 345.39 344.67 343.28 342.55 340.01 337.51 335.14 332.76 330.35 327.08 323.96 319.14 316.71 313.84 309.87 305.26 301.68 298.17 295.27 291.71 279.75 268.7 262.17 256.68 252.03 248.13 -9999 -9999 -9999 -9999 -9999 -9999 -9999 -9999 -9999 -9999 -9999 -9999 -9999 -9999 -9999 -9999 -9999 -9999 -9999 -9999 -9999 -9999 -9999 -9999 -9999 -9999 -9999 -9999 -9999 -9999 -9999 -9999 -9999 -9999 -9999 -9999
353.52 352.6 352.33 352.25 351.18 350.39 348.95 348.75 348.18 346.67 346.3 345.49 344.28 343.29 342.56 339.23 337.22 335.26 332.74 329.96 327.08 322.79 317.55 314.42 311.51 307.03 302.68 299.85 298.47 295.44 291.59 282.44 271.54 263.41 257.04 251.45 247.34 -9999 -9999 -9999 -9999 -9999 -9999 -9999 -9999 -9999 -9999 -9999 -9999 -9999 -9999 -9999 -9999 -9999 -9999 -9999 -9999 -9999 -9999 -9999 -9999 -9999 -9999 -9999 -9999 -9999 -9999 -9999 -9999 -9999 -9999 -9999 -9999
354.5 353.78 353.09 352.7 351.24 350.46 350.19 349.69 348.99 347.33 346.68 344.67 343.58 342.72 340.44 338.43 336.77 334.56 332.21 329.36 326.37 322.29 317.89 311.68 308.14 305.27 302.01 300.77 297.54 294.03 288.29 279 271.33 265.74 260.62 254.23 250.86 -9999 -9999 -9999 -9999 -9999 -9999 -9999 -9999 -9999 -9999 -9999 -9999 -9999 -9999 -9999 -9999 -9999 -9999 -9999 -9999 -9999 -9999 -9999 -9999 -9999 -9999 -9999 -9999 -9999 -9999 -9999 -9999 -9999 -9999 -9999 -9999
355.59 354.67 353.56 352.93 352.07 350.85 350.15 349.74 348.1 347.75 346.75 345.38 344.35 342.87 340.87 339.18 336.99 334.89 332.38 329.75 324.9 321.82 319.02 315.99 311.58 306.82 302.94 299.42 297.02 294.28 286.6 283.36 279.4 268.13 263.44 258.1 255.3 254.8413 -9999 -9999 -9999 -9999 -9999 -9999 -9999 -9999 -9999 -9999 -9999 -9999 -9999 -9999 -9999 -9999 -9999 -9999 -9999 -9999 -9999 -9999 -9999 -9999 -9999 -9999 -9999 -9999 -9999 -9999 -9999 -9999 -9999 -9999 -9999
356.37 355.52 354.34 353.26 352.6 351.9 350.88 350.1 348.42 348.09 347.25 345.89 344.75 342.75 340.18 338.73 336.44 334.35 331.96 329.15 325.49 322.68 319.5 315.46 313.26 310.47 307.67 302.15 295.6 296.71 293.86 285.09 278.13 272.59 264.39 261.4 259.73 258.606 -9999 -9999 -9999 -9999 -9999 -9999 -9999 -9999 -9999 -9999 -9999 -9999 -9999 -9999 -9999 -9999 -9999 -9999 -9999 -9999 -9999 -9999 -9999 -9999 -9999 -9999 -9999 -9999 -9999 -9999 -9999 -9999 -9999 -9999 -9999
356.74 355.36 354.46 353.91 353.14 352.35 351.9 351.05 349.58 349 347.72 346.69 344.89 343.09 339.94 338.08 336.17 334 331.73 329.22 325.61 322.97 320.56 318.39 317 315.2 310.54 305.98 298.02 300.15 294.91 284.79 278.8 273.71 268.13 265.86 267.01 264.42 -9999 -9999 -9999 -9999 -9999 -9999 -9999 -9999 -9999 -9999 -9999 -9999 -9999 -9999 -9999 -9999 -9999 -9999 -9999 -9999 -9999 -9999 -9999 -9999 -9999 -9999 -9999 -9999 -9999 -9999 -9999 -9999 -9999 -9999 -9999
356.95 356.28 355.05 354.23 353.82 353.7 353.18 352.15 350.38 349.32 348.08 346.77 345.41 343.77 340.04 337.49 335.8 333.52 331.23 329.15 326.46 325.38 323.48 321.6 319.58 317.02 313.14 308.9 301.11 301.46 296.49 289.61 282.42 276.27 272.28 270.23 272.84 272.04 266.9012 -9999 -9999 -9999 -9999 -9999 -9999 -9999 -9999 -9999 -9999 -9999 -9999 -9999 -9999 -9999 -9999 -9999 -9999 -9999 -9999 -9999 -9999 -9999 -9999 -9999 -9999 -9999 -9999 -9999 -9999 -9999 -9999 -9999 -9999
357.31 356.54 356.06 355.63 355.41 354.56 353.16 352.15 350.32 349.53 347.96 346.53 345.58 343.93 341.32 337.48 335.26 333.4 331.31 329.94 329.56 327.14 324.97 322.71 319.96 316.6 313.17 308.47 306.08 305.02 298.92 292.35 286.17 280.66 277.36 275.32 276.75 276.61 270.4 269.9464 -9999 -9999 -9999 -9999 -9999 -9999 -9999 -9999 -9999 -9999 -9999 -9999 -9999 -9999 -9999 -9999 -9999 -9999 -9999 -9999 -9999 -9999 -9999 -9999 -9999 -9999 -9999 -9999 -9999 -9999 -9999 -9999 -9999
357.22 356.69 355.96 355.13 354.8 354.96 353.32 352.2 350.11 349.52 347.85 346.4 345.11 343.75 341.77 338.02 335.6 333.36 332.13 330.74 329.36 326.92 324.88 322.82 319.98 316.95 313.68 308.98 306.1 304.49 300.54 293.85 291.19 287.74 281.03 279.1 279.38 279.13 275.94 273.52 273.2836 -9999 -9999 -9999 -9999 -9999 -9999 -9999 -9999 -9999 -9999 -9999 -9999 -9999 -9999 -9999 -9999 -9999 -9999 -9999 -9999 -9999 -9999 -9999 -9999 -9999 -9999 -9999 -9999 -9999 -9999 -9999 -9999
357.18 356.9 355.99 354.79 354.03 354.37 353.13 351.62 350.88 349.07 347.84 346.35 344.75 343.68 342.15 340.2 337.3 334.81 333.39 331.62 329.95 328.14 325.15 322.65 319.99 316.71 314.7 311.83 308.95 304.88 300.51 297.42 294.88 290.9 290.25 287.76 282.62 283.97 282.21 278.26 276.19 276.04 274.6392 -9999 -9999 -9999 -9999 -9999 -9999 -9999 -9999 -9999 -9999 -9999 -9999 -9999 -9999 -9999 -9999 -9999 -9999 -9999 -9999 -9999 -9999 -9999 -9999 -9999 -9999 -9999 -9999 -9999 -9999
356.66 356.3 355.92 354.68 353.68 353.49 352.91 351.43 350.67 348.26 347.02 345.95 345.03 344.03 342.66 341.17 338.83 335.67 333.55 331.88 329.95 327.77 324.57 322.1 320.67 317.51 314.5 312.15 309.89 304.2 302.7 301.22 298.57 297.75 294.53 290.09 287.5 287.59 284.17 281.01 277.92 276.28 274.1446 -9999 -9999 -9999 -9999 -9999 -9999 -9999 -9999 -9999 -9999 -9999 -9999 -9999 -9999 -9999 -9999 -9999 -9999 -9999 -9999 -9999 -9999 -9999 -9999 -9999 -9999 -9999 -9999 -9999 -9999
356.36 356.2 356.06 355.04 353.53 352.58 352.5 350.48 349.42 346.57 346.53 346.37 345.84 343.55 342.44 340.43 338.34 336.05 332.69 330.18 328.01 326.1 324.23 321.41 320.25 318.5 315.82 312.75 309.46 306.24 303.25 302.64 300.54 297.53 297.23 293.79 291.28 287.38 285.28 278.91 276.4737 -9999 -9999 -9999 -9999 -9999 -9999 -9999 -9999 -9999 -9999 -9999 -9999 -9999 -9999 -9999 -9999 -9999 -9999 -9999 -9999 -9999 -9999 -9999 -9999 -9999 -9999 -9999 -9999 -9999 -9999 -9999 -9999
356.89 356.01 354.75 353.78 352 352.25 350.41 347.56 346.41 347.3 348.83 347.02 345.58 342.99 340.85 338.93 336.11 333.28 330.16 328.54 326.25 323.88 322.61 321.89 320.31 319.02 317.15 313.3 311.46 309.75 305.5 301.77 302.54 297.99 294.79 290.25 288.98 282.36 278.6111 276.8889 -9999 -9999 -9999 -9999 -9999 -9999 -9999 -9999 -9999 -9999 -9999 -9999 -9999 -9999 -9999 -9999 -9999 -9999 -9999 -9999 -9999 -9999 -9999 -9999 -9999 -9999 -9999 -9999 -9999 -9999 -9999 -9999 -9999
354.26 353.82 352.32 351.85 351.56 349.74 346.58 345.46 346.63 346.57 346.33 346.66 344.29 341.02 338.76 336.02 332.89 332.36 329.23 325.83 324.59 323.09 323.03 322.92 321.07 319.4 318.13 316.17 313.59 310.59 306.45 301.72 300.79 295.49 290.73 284.73 283.027 -9999 -9999 -9999 -9999 -9999 -9999 -9999 -9999 -9999 -9999 -9999 -9999 -9999 -9999 -9999 -9999 -9999 -9999 -9999 -9999 -9999 -9999 -9999 -9999 -9999 -9999 -9999 -9999 -9999 -9999 -9999 -9999 -9999 -9999 -9999 -9999
351.15 348.66 348.89 349.17 347.86 345.95 342.51 342.86 344.2 343.97 346.18 346.15 342.73 336.41 333.85 333.2 332.08 329.16 326.28 326.44 324.88 324.02 323.93 321.61 321.38 320.73 319.01 316.67 314.36 312.65 307.76 301.39 296.89 292.95 286.66 282.2949 -9999 -9999 -9999 -9999 -9999 -9999 -9999 -9999 -9999 -9999 -9999 -9999 -9999 -9999 -9999 -9999 -9999 -9999 -9999 -9999 -9999 -9999 -9999 -9999 -9999 -9999 -9999 -9999 -9999 -9999 -9999 -9999 -9999 -9999 -9999 -9999 -9999
344.44 344.64 346.68 347.04 344.19 340.05 344.7 347.81 343.59 347.3 347.71 343.77 341.75 338.97 338.38 337.1 335.75 332.65 329.72 325.54 323.61 324.01 322.95 322.28 321.86 321.43 320.71 317.87 315.42 312.2 308.05 301.65 296.23 291.04 286.6974 -9999 -9999 -9999 -9999 -9999 -9999 -9999 -9999 -9999 -9999 -9999 -9999 -9999 -9999 -9999 -9999 -9999 -9999 -9999 -9999 -9999 -9999 -9999 -9999 -9999 -9999 -9999 -9999 -9999 -9999 -9999 -9999 -9999 -9999 -9999 -9999 -9999 -9999
