layers/wordclim/future/Iberia_wcB2a_10_hadcm3_2020/bio_15.asc
ncols         166
nrows         93
xllcorner     -9.4959440078468
yllcorner     36.000324005443
cellsize      0.083333337679505
NODATA_value  -9999
[rows 0 to 33 of 93, columns 0 to 76 of 166]
-9999 -9999 -9999 -9999 -9999 -9999 -9999 -9999 -9999 -9999 -9999 -9999 -9999 -9999 -9999 -9999 -9999 42.07317 41.93056 41.67164 41.37879 41.06818 40.82609 40.16667 -9999 -9999 -9999 -9999 -9999 -9999 -9999 -9999 -9999 -9999 -9999 -9999 -9999 -9999 -9999 -9999 -9999 -9999 -9999 -9999 -9999 -9999 -9999 -9999 -9999 -9999 -9999 -9999 -9999 -9999 -9999 -9999 -9999 -9999 -9999 -9999 -9999 -9999 -9999 -9999 -9999 -9999 -9999 -9999 -9999 -9999 -9999 -9999 -9999 -9999 -9999 -9999 -9999
-9999 -9999 -9999 -9999 -9999 -9999 -9999 -9999 -9999 -9999 -9999 -9999 -9999 -9999 -9999 -9999 42.93939 42.68421 42.85 42.51 41.98 41.73 41.13131 40.81 40.14 39.90722 -9999 -9999 -9999 -9999 -9999 -9999 -9999 -9999 -9999 -9999 -9999 -9999 -9999 -9999 -9999 -9999 -9999 31.98438 32.05769 -9999 -9999 -9999 -9999 -9999 -9999 -9999 -9999 -9999 -9999 -9999 -9999 -9999 -9999 -9999 -9999 -9999 -9999 -9999 -9999 -9999 -9999 -9999 -9999 -9999 -9999 -9999 -9999 -9999 -9999 -9999 -9999
-9999 -9999 -9999 -9999 -9999 -9999 -9999 -9999 -9999 -9999 -9999 -9999 -9999 -9999 43.68518 43.49474 43.36364 43.49 43.23 43.05 42.76 42.2 41.94 41.3 40.79 40.19 39.89474 39.32911 38.98592 38.29091 37.8375 36.95238 36.17105 35.80519 35.05063 34.59091 33.94521 33.16667 32.47727 32.29897 31.75641 31.95238 31.93939 31.95 31.81 31.92208 31.78688 31.41667 31.11864 -9999 -9999 -9999 -9999 -9999 -9999 -9999 -9999 -9999 -9999 -9999 -9999 -9999 -9999 -9999 -9999 -9999 -9999 -9999 -9999 -9999 -9999 -9999 -9999 -9999 -9999 -9999 -9999
-9999 -9999 -9999 -9999 -9999 -9999 -9999 -9999 -9999 -9999 -9999 -9999 -9999 -9999 -9999 -9999 44.34343 44.45 44.17 43.84 43.38 42.95 42.36 41.99 41.66 41.07 40.72 39.91 39.57 38.77778 37.72 36.96 36.33 35.82 34.91 34.16 33.69 32.89 31.99 31.99 32.11111 31.29 31.05 31.39 31.27 31.19 30.64 30.61 31.3 30.9 31.15 31.17949 31.8718 32.30508 32.24 -9999 -9999 -9999 -9999 -9999 -9999 -9999 -9999 -9999 -9999 -9999 -9999 37.68493 -9999 37.98413 37.83333 37.94253 37.82609 -9999 -9999 -9999 -9999
-9999 -9999 -9999 -9999 -9999 -9999 -9999 -9999 -9999 -9999 -9999 -9999 -9999 -9999 45.02985 44.95833 45.45 45.35 45.01 44.49 44.09 43.77 43.3 42.69 42.2 41.82 41.31 40.45 39.77 39.01 38.12 37.56 36.95 36.07 34.98 34.52 33.47 32.76 32.22 32.21 31.74 31.71 31.83 31.23 31.67 31.35 30.92 30.83 30.77 30.69 30.8 31.47 31.54 31.1 31.15 31.32 31.14 32.09575 32.93827 33.89041 34.41558 34.82051 35.08333 35.42169 35.88776 36.73 36.77 37 37.125 37.68 37.16 37.17 37.63095 37.33 37.5618 38.53704 -9999
-9999 -9999 -9999 -9999 -9999 -9999 47.33333 47.1625 47.22973 -9999 47.27027 46.96386 46.53 46.29293 46.11 -9999 46.36 46.24 45.89 45.33 45.15 44.84 44.26 43.74 42.99 42.45 41.68 41.14 40.23 39.65 38.84 38.09 37.35 36.23 35.42 34.74 34.09 33.44 32.57 32.08 31.33 31.11 31.03 31.12 30.8 30.71 30.19 29.46 29.43 30.2 29.66 30.03 30.64 29.99 29.66 30.17 30.77 30.43 31.62 31.66 32.98 33.16 33.49 34.16 34.31 35.36 35.58 35.93 35.09 34.3 34.74 35.38 36.47 35.84 36.01 36.03 37.69
-9999 -9999 -9999 -9999 -9999 -9999 48.06849 48.02 48.07 48.14 48.31 48.45 48.23 47.87 47.55 47.52 47.59 47.28 46.86 46.4 45.99 45.59 45 44.34 43.88 43.26 42.3 41.65 40.99 40.13 39.3 38.72 37.72 36.66 36.1 35.27 34.43 33.64 32.85 32.14 31.83 31.03 30.57 30.28 30.49 29.77 29.56 29.7 29.34 29.33 29.03 29.35 29.23 28.91 28.06 28.52 28.1 28.5 30.43 29.73 30.47 31.73 32.3 31.81 33.07 34.05 33.76 33.82 34.08 31.98 30.76 32.86 34.51 35.1 34.87 35.88 36.93
-9999 -9999 -9999 -9999 48.3871 48.35 48.56 49.03 49.32 49.47 49.69 49.93 49.75 49.5 49.37 49.11 48.72 48.23 47.69 47.2 46.87 46.31 45.83 45.15 44.54 43.83 42.99 42.4 41.61 40.84 40.02 39.31 38.27 37.37 36.62 35.89 34.83 34.07 33.51 32.78 31.91 31.6 30.94 30.38 30.09 30.01 29.53 29.35 29.09 29.07 28.87 28.32 28.19 28.51 28.16 28.12 28.23 29.32 30.46 30.01 28.54 29.56 30.18 30.44 30.68 32.68 31.23 32.37 32.27 29.97 29.43 30.27 30.86 32.57 35.01 34.94 35.86
-9999 -9999 -9999 48.98969 49.04 49.15 49.55 49.97 50.2 50.46 50.72 50.97 50.96 50.73 50.58 50.25 49.73 49.2 48.29 48.17 47.74 47.1 46.52 45.88 45.26 44.4 43.77 43.05 42.2 41.77 40.91 40.07 38.89 38.13 37.46 36.25 35.53 34.82 33.94 33.59 32.99 32.15 31.78 30.73 30.27 30.09 29.94 29.66 29.34 29.06 28.9 28.51 28.55 28.49 28.12 28.01 27.98 28.16 28.38 28.7 28.24 27.82 28.25 28.95 29.52 30.23 30.14 30.37 30.35 30.42 31.24 31.4 31.52 31.46 32.04 31.45 31.83
-9999 -9999 -9999 49.6353 49.69697 49.96 50.26 50.72 51.19 51.51 51.95 52.28 52.38 52.32 51.85 51.2 50.84 50.03 49.47 48.81 48.48 47.74 47.05 46.72 46.11 45.4 44.47 43.78 43.03 42.38 41.98 40.79 39.86 38.68 37.74 36.87 35.94 35.27 34.45 33.74 33.02 32.39 31.71 31.19 31.14 30.57 30.04 29.83 29.32 29.05 29.22 28.74 28.43 28.53 28.39 28.03 27.99 27.93 27.54 28 28.2 27.81 28.12 29.03 29.42 29.83 30.14 30.07 30.16 30.64 31.33 31.93 31.84 31.14 31.01 30.8 30.39
-9999 -9999 -9999 -9999 50.31034 50.64 50.98 51.44 51.88 52.42 52.66 53.18 53.37 53.28 52.89 52.29 51.67 51.04 50.45 49.8 49.19 48.8 48.22 47.44 46.82 46.15 45.23 44.59 44.19 43.53 42.22 40.96 39.88 39.03 38.26 37.5 36.83 35.62 34.93 34.23 33.67 32.98 32.34 31.84 31.21 31.18 30.61 30.34 30.03 29.68 29.2 28.98 28.79 28.43 28.52 27.91 27.82 27.99 27.99 28.18 28.64 28.77 28.84 29.37 29.48 29.71 29.44 29.97 29.77 30.52 30.32 30.55 31.4 30.68 30.35 29.89 30.35
-9999 -9999 -9999 -9999 51.15 51.64063 52.04546 52.52747 52.53 53.21 53.57 53.89 53.98 53.92 53.62 53.01 52.35 51.96 51.09 50.41 49.77 49.34 48.93 48.21 47.34 47.09 46.12 45.24 44.82 43.88 42.81 41.14 40.93 40.4 39.61 38.6 37.37 36.27 35.41 34.79 34.15 33.35 32.95 32.57 32.33 31.75 31.73 31.42 30.67 30.51 29.77 29.16 29.36 28.82 28.68 28.48 28.11 28.35 28.45 28.39 28.81 28.87 29.13 29.17 29.1 29.72 29.83 29.29 29.62 29.69 29.02 29.83 30.11 30.87 30.75 30.45 29.4
-9999 -9999 -9999 -9999 -9999 -9999 52.42391 53.08 53.6 53.98 54.44 54.61 54.84 54.14 53.99 53.55 52.64 52.2 51.58 50.97 50.77 50.22 49.51 48.65 48.16 47.78 46.77 45.63 44.58 44.28 43.77 42.48 42.22 41.97 40.71 39.9 38.42 37.37 36.35 35.39 34.55 34.15 33.72 33.36 33.2 32.67 32.71 32.35 31.43 31.04 30.73 30.1 29.59 29.43 29.09 28.8 28.62 28.39 28.72 28.59 28.83 28.92 29.18 28.99 28.86 28.95 29.17 29.33 29.41 29.2 28.72 28.93 30.1 29.15 29.36 28.58 29
-9999 -9999 -9999 -9999 -9999 52.88136 53.29787 -9999 -9999 54.78 55.14 55.09 54.83 54.23 53.53 54.07 53.46 52.66 51.96 51.5 51.39 50.95 50.32 49.67 49.2 48.39 47.46 46.9 45.77 44.68 44.71 44.19 43.67 43.54 43.12 41.31 39.9 38.71 37.43 36.4 35.52 35.17 34.7 34.33 34.02 34.05 34.4 33.34 32.54 31.7 31.03 30.77 29.74 29.59 28.93 28.96 28.84 28.84 28.94 28.84 29 29.32 29.21 29.05 29.29 28.99 29.06 29.01 28.95 28.99 28.8 29.01 29.63 29.65 29.3 29.01 28.61
-9999 -9999 -9999 -9999 -9999 -9999 -9999 54.33333 55 55.49 55.81 55.56 55.21 54.77 53.96 53.88 53.75 53.03 52.49 52.32 52.15 51.69 51.02 50.77 50.09 49.39 48.48 47.82 46.67 45.89 45.47 45.36 44.81 44.3 43.74 42.32 40.2 38.65 37.62 36.97 36.45 35.76 35.3 34.9 34.98 35.01 34.74 33.64 32.84 32.32 31.37 30.6 30.34 30.02 29.2 28.97 28.95 28.98 28.99 29.12 29.18 29.17 29.36 29.34 29.84 29.66 29.36 28.78 28.83 28.91 28.82 28.67 28.53 28.48 28.52 28.39 28.18
-9999 -9999 -9999 -9999 -9999 -9999 -9999 55.16667 55.66304 55.82022 56.56 56.22 55.47 54.29 54.6 54.71 54.72 54.28 53.84 53.36 52.89 52.32 51.7 51.25 50.86 50.05 49.44 48.88 47.7 47.21 46.59 46.19 45.68 44.34 42.37 41.59 40.12 38.98 38.38 37.85 36.93 36.44 35.66 35.29 35.14 35.11 34.92 33.9 33.15 32.25 31.57 30.98 30.51 29.91 29.51 29.36 29.2 29.53 29.49 29.57 29.84 29.6 29.95 29.83 29.83 29.85 29.4 29.1 29.11 29.2 28.59 28.42 28.17 28.18 27.71 28.1 27.9
-9999 -9999 -9999 -9999 -9999 -9999 -9999 -9999 -9999 56.23529 56.58065 56.82 56.51 54.98 55 55.48 55.48 55.04 54.49 54.03 53.66 52.77 52.19 51.97 51.15 50.52 49.93 49.54 49.24 47.95 47 46.66 45.04 43.95 43.22 41.33 40.21 39.83 39.43 38.43 37.46 36.83 36.47 35.76 35.25 35.06 34.27 33.8 33.06 32.55 31.7 31 30.51 30.66 30.28 30.1 29.9 29.92 30.05 30.16 29.94 29.95 29.93 29.93 30.03 29.87 29.87 29.8 29.5 29.09 28.28 28.11 27.99 27.72 27.3 27.6 27.07
-9999 -9999 -9999 -9999 -9999 -9999 -9999 -9999 56.0641 56.43939 -9999 57.01 56.65 55.95 55.09 55.65 56.05 55.79 54.95 54.74 54.26 53.59 53.09 52.11 51.55 50.91 49.71 50.13 49.72 48.85 47.17 45.93 44.7 43.87 43.57 43.06 41.5 40.12 39.61 39.1 38.44 37.9 36.85 36.19 35.59 34.89 34.12 33.46 32.99 32.3 32.31 31.86 31.24 30.79 30.56 30.32 30.4 30.43 30.94 31.04 30.91 30.69 30.83 30.58 29.97 29.99 29.92 29.89 29.4 28.92 28 27.89 27.57 27.24 27.16 27.15 27.06
-9999 -9999 -9999 -9999 -9999 -9999 -9999 -9999 -9999 56.65934 57.24 57.08 56.98 56.5 55.95 56.16 56.16 55.92 55.53 55.17 54.57 54.13 54.02 52.68 51.74 50.75 49.76 50.13 50.42 49.07 47.9 46.07 44.42 43.72 43.66 42.5 41.82 41.21 40.33 39.68 39.06 38.21 37.17 36.32 35.75 35.01 34.22 33.92 33.06 32.7 32.25 32.09 31.91 31.38 30.85 30.84 31.04 30.83 31.06 31.41 31.48 31.47 31.52 30.92 30.33 30.37 30.16 29.89 29.41 29.24 28.31 27.87 27.79 27.2 27.02 27.02 26.94
-9999 -9999 -9999 -9999 -9999 -9999 -9999 -9999 56.74725 57.03 57.04 57.18 57.01 56.71 56.98 56.59 56.03 55.73 55.7 55.35 54.87 55.03 54.61 53.91 52.84 51.97 51.42 51.51 51.16 49.42 48.19 46.4 45.71 46.24 45.61 44.72 43.4 42.51 41.56 40.45 39.56 38.96 37.73 36.66 36.29 35.23 34.77 34.47 33.45 32.72 32.1 31.84 31.94 31.33 31.45 31.26 31.43 31.48 31.72 31.97 32 31.8 31.61 31.33 31.34 30.83 30.29 29.86 29.58 29.29 28.74 28.08 27.99 27.83 27.5 27.16 27.03
-9999 -9999 -9999 -9999 -9999 -9999 -9999 56.55556 56.86 57.02 57.05 57.16 57.13 57 56.39 55.69 55.2 55.51 55.84 55.9 55.78 55.76 55.44 54.74 54.54 53.51 52.94 52.54 51.6 50.55 49.27 47.99 47.02 47.65 47.12 45.82 44.95 43.51 42.44 41.32 40.05 39.15 38.4 37.16 36.3 35.66 35.01 34.12 33.82 32.66 32.73 32.08 31.78 31.52 31.8 31.71 32.11 32.29 32.73 32.92 32.84 32.72 32.43 32.24 31.69 31.12 30.74 30.18 29.65 29.64 29.32 28.46 28.21 27.89 27.88 27.6 27.2
-9999 -9999 -9999 -9999 -9999 -9999 -9999 57.25 57.55 57.37 57.32 57.08 56.99 56.91 55.93 56.48 56.58 56.74 56.82 56.23 55.95 55.99 56 55.84 55.5 54.64 54.15 53.7 52.93 52.07 51.07 50.21 48.51 49.2 48.17 46.9 45.54 44.35 42.92 41.69 40.54 39.81 38.17 37.23 36.49 35.89 35.41 34.64 33.87 33.17 32.96 32.57 32.23 32.09 32.19 32.57 32.79 32.66 32.76 33.43 33.27 32.78 32.56 32.48 31.8 31.14 30.93 30.74 29.95 29.74 29.6 28.59 28.37 28.25 28.54 27.77 27.61
-9999 -9999 -9999 -9999 -9999 -9999 -9999 57.87879 57.95454 57.67 57.87 57.23 57.29 57.6 57.11 57.17 57.24 56.94 56.23 56.19 56.18 56.11 56.98 56.78 56.41 55.74 55.03 54.55 53.97 52.98 52.19 51.85 51.09 50.73 49.5 48.23 46.7 44.99 43.32 41.95 40.75 39.72 38.44 37.52 37.12 36.23 35.89 35.04 34.59 33.6 33.63 32.75 32.46 32.42 32.9 32.76 32.66 32.84 32.74 33.69 33.5 32.88 32.79 32.45 32.28 31.51 31 31 30.24 30.17 30.01 29.59 29.25 28.84 28.5 28.16 27.88
-9999 -9999 -9999 -9999 -9999 -9999 -9999 -9999 58.06 57.73 58.32 57.74 57.77 57.76 57.61 57.25 57.16 56.85 57.51 57.13 57.36 57.25 57.39 57.63 57.28 56.6 55.98 55.59 54.83 54.1 53.16 52.13 52.06 51.74 50.27 49.11 47.56 45.73 44.15 42.59 41.09 39.88 38.83 37.91 37.24 36.47 35.94 35.22 34.91 34.13 33.56 33.29 33.07 33.01 33.22 33.1 33.23 33.68 34.16 33.91 33.3 33.33 32.59 32.64 32.37 32.13 31.86 31.61 31.24 30.58 30.11 30.03 30.03 29.57 29.13 28.74 28.37
-9999 -9999 -9999 -9999 -9999 -9999 -9999 -9999 59.1 58.82653 58.33 57.86 57.68 57.82 57.9 57.95 58.05 58.5 58.57 58.01 58.01 58.48 58.98 58.74 58.12 57.42 57.01 56.48 55.79 54.9 53.82 52.49 52.53 51.84 50.96 49.69 47.94 45.97 44.54 43.16 41.93 40.67 39.37 38.63 37.71 36.86 36.41 35.19 34.73 34.85 34.23 33.51 33.15 33.41 33.21 33.6 33.96 34.47 34.19 33.8 33.81 33.27 32.79 32.99 32.86 32.89 32.76 32.42 31.93 31.59 31.23 30.78 30.34 30.02 29.78 29.24 28.95
-9999 -9999 -9999 -9999 -9999 -9999 -9999 -9999 59.15789 58.68 58.12 57.95 57.97 57.77 57.75 58.11 58.64 58.74 58.97 59.25 59.68 59.77 60.11 59.82 58.55 58.74 57.94 57.29 56.55 55.67 54.73 53.79 52.81 52.29 51.16 50 48.62 46.7 45.17 43.87 42.3 41.14 40.31 39.53 38.55 37.97 36.72 35.42 35.68 34.67 33.95 33.97 33.78 33.29 33.64 33.4 34.49 34.51 34.27 34.34 34.46 33.83 33.36 33.27 33.26 32.81 33.22 32.59 32.48 32.3 31.97 31.25 30.77 30.62 30.45 29.99 29.3
-9999 -9999 -9999 -9999 -9999 -9999 -9999 -9999 -9999 58.04 58.01 57.81 57.6 57.65 57.72 58.16 58.92 59.23 59.8 60.22 60.53 60.13 60.64 59.55 59.64 59.64 58.77 58.11 57.29 56.41 55.43 54.59 53.83 52.59 51.64 50.37 48.85 47.14 45.89 44.57 43.01 41.57 40.61 40.08 39.64 39.07 37.15 35.84 35.46 34.81 34.6 34.28 34.33 33.92 33.91 34.23 34.13 34.97 34.94 34.14 33.74 33.65 33.21 32.88 33.1 33.15 33.37 32.92 32.93 32.53 31.74 31.36 31 31.08 30.9 30.37 30.1
-9999 -9999 -9999 -9999 -9999 -9999 -9999 -9999 -9999 57.92 57.83 57.26 57.1 57.1 57.47 58.31 59.09 59.85 59.66 60.84 60.67 60.61 60.58 61.09 61.21 60.41 59.68 58.52 57.89 56.89 55.74 55.02 54.1 52.86 51.76 50.76 49.1 47.87 46.4 44.79 43.29 42.46 41.24 40.54 40.06 39.26 37.64 36.08 35.11 34.7 34.36 34.52 34.09 34.76 34.63 34.12 34.26 34.21 34.42 33.88 34.03 33.61 33.18 33 33.92 33.63 33.52 33.02 32.08 31.83 31.91 32.1 31.62 31.5 31.04 30.5 30.29
-9999 -9999 -9999 -9999 -9999 -9999 -9999 -9999 -9999 57.68687 57.32 56.86 56.39 56.87 57.47 58.05 59.34 59.84 60.22 61.58 60.14 61.95 61.85 62.04 61.95 61.18 60.28 59.35 58.58 57.56 56.74 55.58 54.39 53.42 52.12 50.73 49.37 48.02 46.39 45.12 43.39 42.55 41.31 40.45 39.65 38.51 36.99 36.07 34.92 34.65 34 34.12 33.71 34.42 34.13 33.57 34.11 34.33 34.17 34.58 34.48 34.4 34.41 33.9 33.92 33.61 34.03 33.53 32.83 32.73 33.01 32.48 31.91 31.6 31.28 30.42 30.26
-9999 -9999 -9999 -9999 -9999 -9999 -9999 -9999 -9999 57.05063 56.44 56.02 56.31 56.92 57.55 57.84 58.66 59.06 60.74 61.5 62.72 63.76 62.86 63.29 62.35 61.59 60.91 60.05 58.79 57.79 56.99 56.13 54.8 53.8 52.6 51.04 49.74 48.16 46.97 45.53 43.99 42.7 41.72 40.26 39.05 37.69 36.79 35.5 34.99 34.68 33.89 33.61 33.53 33.83 33.61 34.02 34.75 34.75 34.92 34.79 34.83 34.82 34.59 34.09 34.04 34.35 34.24 34.04 33.83 33.94 33.57 32.34 31.74 31.24 30.84 30.63 30.22
-9999 -9999 -9999 -9999 -9999 -9999 -9999 -9999 -9999 56.66038 55.57 55.12 55.62 56.28 56.9 57.68 58.11 60.3 61.4 61.81 62.07 63.47 63.24 62.31 62.39 61.62 61.26 60.26 59.19 58.34 57.35 56.39 55.29 54.22 52.8 51.58 49.81 48.18 47.16 46.04 44.6 43.04 41.67 40.03 39.08 38.2 36.61 35.53 34.76 34.37 34.1 33.89 34 33.47 33.86 33.85 34.71 34.4 34.53 34.38 34.79 34.75 34.8 34.69 34.3 34.16 34.49 34.53 34.21 33.94 33.61 32.2 30.91 30.48 30.85 30.84 30.23
-9999 -9999 -9999 -9999 -9999 -9999 -9999 -9999 -9999 -9999 54.78495 54.87 55.2 56.01 56.72 57.41 58.61 59.79 60.57 61.35 61.83 62.62 62.54 62.4 62.88 62.19 61.15 60.39 59.32 58.81 57.91 56.83 55.72 54.46 53.21 52.08 50.58 49.02 47.8 46.13 44.94 43.68 42.03 41.08 40.45 38.95 37.23 35.83 34.73 33.99 34.06 34.23 33.8 33.07 33 33.89 34.03 34.75 34.12 34.16 34.88 34.67 34.58 34.92 34.8 34.74 34.66 34.61 34.18 33.32 32.14 31.36 31.54 31.86 31.44 31.79 31.3
-9999 -9999 -9999 -9999 -9999 -9999 -9999 -9999 -9999 -9999 55 55.03 55.18 55.77 56.65 58.2 60.02 60.58 61.83 62.22 62.82 63.03 63.03 62.77 62.77 62.3 61.74 60.96 59.67 58.99 58.03 57.11 56.11 54.77 53.36 52.2 50.9 49.3 47.98 46.94 45.47 43.91 42.63 41.7 40.79 39.7 37.88 35.85 34.32 33.73 33.6 33.79 33.2 33.04 33.1 33.62 34 34.22 34.17 34.11 34.55 34.43 34.75 35 35.39 34.72 34.26 32.89 32.68 32.73 34.16 34.12 32.4 33 33.78 33.04 32.44
-9999 -9999 -9999 -9999 -9999 -9999 -9999 -9999 -9999 -9999 55.19767 55.37 55.96 56.61 57.42 58.22 59.57 61.02 61.72 62.39 62.75 62.98 62.96 63 62.57 62.12 61.86 60.95 60.06 59.36 58.46 57.39 56.17 54.96 53.94 52.49 51.02 49.96 48.55 47.02 45.39 44.37 43.43 42.28 41.05 40.26 38.95 36.21 34.34 34.13 33.99 33.93 33.82 33.9 33.95 33.92 33.99 34.42 34.48 34.71 34.45 34.49 34.75 35.35 35.32 34.53 32.8 32.4 33.79 34.85 35.31 35.57 34.72 34.69 35.18 35.15 34.57
