layers/wordclim/future/Iberia_wcB2a_10_hadcm3_2020/bio_14.asc
ncols         166
nrows         93
xllcorner     -9.4959440078468
yllcorner     36.000324005443
cellsize      0.083333337679505
NODATA_value  -9999
[rows 37 to 73 of 93, columns 0 to 84 of 166]
-9999 -9999 -9999 -9999 -9999 -9999 -9999 -9999 -9999 11.31081 11.65979 10.37 10.39 11.26 12.22 13.67 13.98 11.13 10.37 9.99 9.74 9.73 9.76 8.77 8.05 7.7 7.94 9.66 9.08 8.53 8.6 8.5 8.19 7.5 7.12 7.23 7.11 7.18 7.74 8.15 8.66 8.98 8.97 8.78 8.94 8.11 8.34 8.73 9.46 10 10.53 11.01 12.05 12.14 11.69 11.14 10.37 10.12 10.69 11.61 12.58 13.61 13.43 14.63 11.6 10 10.79 10.58 9.08 8.71 8.03 8.01 8.49 8.61 8.87 8.13 10.27 11.27 11.51 13.15 14.05 12.35 13.32 14.57 15.97
-9999 -9999 -9999 -9999 -9999 -9999 -9999 -9999 -9999 11 11.12 10.02 9.99 10.4 12.11 13.97 10.55 9.99 9.59 9.7 9.22 9.02 8.63 8.82 10.84 11.24 9.95 9.69 9.11 8.66 8.28 8.75 7.94 7.33 7.17 7.14 7 8.04 9.19 10.64 9.34 8.67 7.85 7.85 8.85 8.45 8.21 8.98 9.86 9.88 10.28 11.38 13.56 11.64 10.75 11.09 11.76 11.77 11.28 9.99 10.51 9.96 10.22 11.11 9.89 9.45 8.66 8.26 7.81 8.14 8 7.78 7.91 7.93 8.04 9.65 10.67 10.1 11.33 12.46 12.34 11.37 13.11 13.56 14.12
-9999 -9999 -9999 -9999 -9999 -9999 -9999 -9999 10.80645 10.99 11 10 9.71 10.48 11.24 10.59 9.85 9.29 9.1 8.85 8.99 9.14 10.92 14.08 12.32 10.49 8.87 9.46 8.81 8.18 8.2 8.63 7.59 7.3 7.84 7.91 7 7.74 8.14 8.1 7.9 6.12 6.17 7.11 7.45 8.66 8.8 8.45 8.95 9.85 12.26 14.29 14.46 13.82 14.46 13.2 10.87 9.25 8.4 8.32 7.95 7.45 8.34 8.52 7.92 7.47 7.05 7.99 7.42 7.99 7.98 7.12 7.03 7.46 8.72 10.07 9.96 10.34 11.78 11.43 10.58 10.75 11.43 11.27 11.92
-9999 -9999 -9999 -9999 -9999 -9999 -9999 -9999 10 10.35 10.79 10 9.66 10.62 10.29 9.3 9.09 8.94 8.98 9.3 9.37 11.51 17.96 14.16 9.25 7.44 7.01 8.27 8.6 8.33 8.75 8.57 8.41 7.98 8 8 8.66 7.97 7.55 5.79 5.17 5.55 6.57 7.02 8.77 12.81 11.47 8.6 9.65 12.45 13.48 13.63 13.66 11.75 11.55 10.21 9.62 10.37 11.03 9.82 7.39 7.07 7.03 6.87 6.81 7 7 7.32 7.29 7.46 7.51 6.92 6.77 7.8 8.76 9.11 8.82 9.8 9.85 9.35 9.93 9.8 11.94 12.74 12
-9999 -9999 -9999 -9999 -9999 -9999 -9999 -9999 10 10 10.49 9.4 9.36 10.34 10.01 9.01 9.02 8.89 8.91 9.54 9.91 10.71 15.12 13.61 8.16 7 6.74 7.05 7.89 8.94 8.97 9.21 8.79 7.99 8.36 7.29 6.6 5.75 5.28 4.82 4.35 5.21 5.93 6.89 11.89 15.11 10.89 10.16 12.02 13.85 16.21 14.86 13.25 10.07 10.88 10.84 7.69 6.06 6.85 7.32 7.17 6.9 6.28 5.89 6.66 7 6.99 7 7 7.11 6.81 6.36 6.97 7.96 8.01 8.12 8.99 8.99 8.72 9.48 10.65 9.78 10.74 12.22 12.82
-9999 -9999 -9999 -9999 -9999 -9999 -9999 9.506849 9.66 9.29 9.42 8.41 8.69 9.58 9.4 9.39 9.01 9.29 10.64 11.88 11.88 9.61 8.61 7.99 7.52 7.07 6.17 6.25 6.55 6.93 5.92 5.59 7.76 5.9 5.05 4.57 4.27 4.95 4.07 3.96 3.98 4 6.29 9.6 7.63 10.03 14.56 14.25 13.58 8.56 10.7 9.5 6.6 5.12 5.91 4.34 4.85 5.54 6.37 6.77 5.89 5.2 5.24 6.01 6.87 6.96 6.59 7 7.04 7.01 6.56 6.41 6.66 7.26 7.67 7.92 8.39 7.86 8.3 10.15 10.69 10.42 12.26 12.14 12.58
-9999 -9999 -9999 -9999 -9999 -9999 -9999 -9999 8.454545 8.96 8.91 9.06 9.15 9.23 8.83 10.09 10.77 11.09 10.85 11.3 10.17 8.72 8.75 8.51 7.84 6.98 6 6 5.3 5.1 4.5 4.55 4.81 4.35 4 3.72 4 4.1 3.71 3.61 3.7 4.42 6.28 6.06 7.9 6.28 6 5.78 4.99 3.92 4.15 4.17 4 4.12 4.36 4.62 5.92 6.53 4.93 4.42 4.44 4.94 5.55 6.02 6.25 6.04 6.54 6.48 6.21 6.66 5.7 5.8 6.76 7.79 7.65 7.13 6.75 7.46 8.66 9.98 10.69 10.79 11.87 12.83 13.07
-9999 -9999 -9999 -9999 -9999 -9999 -9999 8.013333 8.28 8.35 8.24 9.63 9.21 8.99 10.96 12.11 10.95 9.81 9.63 8.95 8.29 9.3 8.27 8.53 7.07 6.13 6 5.97 5.12 5.3 4.91 4 4 4 4 3.23 3.34 3.19 3 3 3.2 3.8 4.27 4.51 4.5 3.6 3.41 3.03 3.01 3.03 3.14 3.8 4 4 4 4.17 4.28 4.03 4 4 4.06 4.85 5.09 5.6 5.64 5.39 5.85 5.39 5.8 5.53 5.21 5.6 5.76 5.97 6.12 6.63 7.54 8.36 8.81 9.29 10.21 10.65 11.47 12.75 13.1
-9999 -9999 -9999 -9999 -9999 -9999 -9999 7.63 7.97 7.99 8.14 9.71 8.55 8.76 9.97 9.54 8.86 8.93 9.56 9.41 9.25 8.31 6.6 6.73 6.4 5.87 5.77 5.34 5 5 4.02 4 4.03 4 4 3 3 3 3 3.04 3.26 3.19 2.88 2.38 2.67 2.95 3 3 3 3 3 3.01 3.64 4 4 4 4 4 4 4 4.52 4.83 4.92 4.78 5 5.18 5.11 5.03 5.09 5.15 5.78 6.58 6.98 6.99 7.02 7.67 8.06 8.39 8.81 9.69 10.07 10 10.18 11.56 12.11
-9999 -9999 -9999 -9999 -9999 -9999 6.952381 6.95 7.49 7.93 7.99 8.84 7.7 8.3 8.32 7.96 8.48 9.2 9.56 10.2 8.19 6.72 6 6.04 6 5.73 4.99 4.98 4.79 4.99 4 4 4 4 4 3 3 3.03 3.17 3.46 3.09 3.02 2.3 2.01 2.06 2.26 2.82 3 3 3 3.04 3.57 3.35 3.76 3.48 3.93 4 4 4 4 4 4.06 4.19 4.13 5.01 5.05 5.03 5 5 5.06 5.48 5.9 6.25 6.51 6.88 7.06 7.39 7.72 8.32 9.17 9.59 9.98 10.1 10.86 11.39
-9999 -9999 -9999 -9999 -9999 -9999 6.183673 6.23 6.78 7.55 8.21 8.1 6.79 7.58 7.31 7.33 7.32 7.66 8.51 8.54 6.9 6.02 5.97 5.95 5.38 4.84 4.93 4.48 4.91 4.39 4 4 3.88 3.79 3.72 3 3.12 3.24 3.12 3.02 3 3 2.47 2.49 2.51 2.17 2.8 3.07 3 3.08 3.15 3.17 3 3.44 3.61 3.92 4 4 4 4.02 4.2 4 4.31 4.81 5 5.33 5.51 5.13 5.03 5 5 5.11 5.64 6 6.15 6.47 6.7 7.08 7.69 8.75 9.42 9.88 9.66 10.34 11.46
-9999 -9999 -9999 -9999 -9999 6 6.05 6.19 6.43 7.3 7.49 7.14 7.01 6.4 7.05 6.66 7.11 7.05 7.11 6.56 5.88 5.89 5.5 5.11 4.97 5.02 4.97 4.51 4.64 4.29 3.96 3.98 4 4 3.99 3 3 3 3 3 3 3 2.84 2.99 3.39 3.73 3.66 3.4 3.71 3.74 3.62 3.66 3.79 3.95 4.22 4.01 4 4 4.33 4.28 4.46 4.05 4.78 5.1 5.01 5.44 5.47 5.1 5.02 5.18 5.01 5.01 5.08 6 6 6.03 6.09 6.76 7.08 7.98 8.47 9.4 9.22 9.97 11.1
-9999 -9999 -9999 -9999 -9999 5.439024 5.47 6.05 6.8 8.05 7.22 6.78 6.56 5.44 6.03 5.89 6.46 6.85 6.64 5.94 5.41 5.17 4.91 4.94 4.97 4.86 4.64 4.79 4.27 4.01 4 4 4 4 3.98 3 3 3 3 3 3 3 2.23 2.7 2.94 3.17 3.6 4.14 4.03 4.74 4.12 4.35 4 4 4.89 4.81 5.23 5.1 5.41 5.24 5.3 4.51 4.7 5.2 5.41 5.22 5.27 5.14 5.05 5.19 5 5 5.01 6.01 6 6 6 6 6.94 7.92 7.62 8.09 9.03 8.88 10.14
-9999 -9999 -9999 -9999 -9999 4.969697 5.21 7.13 7.84 7.46 7.38 5.94 5.92 4.99 5.34 5.6 5.62 5.66 5.54 5.44 5.06 5.08 5.01 5 4.95 4.96 4.94 5.07 4.96 4.04 3.98 4 4 3.74 3.92 3 3 3 3 3 3 2 2.08 2.71 3 3.08 3.22 3.54 4.74 4.88 5.15 4.27 4.21 4 4.06 4.76 4.94 4.98 6.35 4.99 6.23 5.87 5.75 5.61 5.78 5.65 5.48 5.07 5 5 5 5 5.67 5.49 5.75 5.98 6 6 6.13 7.01 7 7.35 8.37 8.59 8.93
-9999 -9999 -9999 4.095238 4.12 4.78 5.41 6.51 6.24 5.47 5.1 5.07 5.14 4.46 4.52 4.47 4.69 4.65 5.02 4.97 5.16 5 5 5.1 5.52 5.18 5.03 5.03 5 4.51 3.99 3.91 3.76 3.15 3.01 3 3 3 3 3 3 2 2 2.69 3.04 4.23 3.75 3.76 4.56 5.2 3.85 3.51 3.4 3.54 3.2 3.53 3.66 3.96 4.08 4.05 4.3 4.24 4.18 4.05 5.66 6.4 5.87 5.23 5.03 5.03 5 5 5.01 5 5.03 5.74 6 6 6.19 6.82 7 7 7.92 8 8.15
-9999 -9999 3.953125 4 4.03 4.4 4.95 4.66 4.78 4.98 4.84 4.82 5.08 5.78 4.89 4.87 4.66 5 5 5 5 5 5 5.15 6.06 6.41 5.77 5.48 5 4.73 4 4 3.92 3.99 3.01 3 3 3 3 3 3 2.03 2.22 2.54 2.65 3.61 3.96 3.48 3.3 3.35 3.15 2.44 2.8 2.56 2.59 2.71 3.02 3.45 3.81 4.07 4.51 4.66 4.07 4.37 5 5.11 5.42 5.11 5 5.17 5.4 5 4.97 4.96 4.96 5.04 5.37 5.61 6 6.01 6.52 7 7.12 7.7 8
-9999 -9999 3.98 4 4.08 4.06 4.14 4.06 4.34 4.27 4.08 4.14 4.91 5.04 4.5 4.77 4.86 4.66 4.65 4.82 4.4 4.66 4.76 4.94 5.41 6.44 5.92 5.15 4.21 4.12 4 3.94 3.39 3.66 3 3 3 3 3 3 3 2.11 2.23 2.24 2 2.17 2 2.02 2.07 2.62 2.55 2.08 2.12 2.1 3.16 2.8 2.97 3.27 3.14 3.38 3.44 3.18 3.07 3.5 4.56 4.54 4.12 4.43 4.93 4.92 5.43 4.55 4.19 4.18 4.17 4.96 5 5 5.52 6 6 6.75 7 7.08 7.78
-9999 -9999 3.95 4 4.07 4.92 4 4 4 4 4 4.39 4.77 4.96 4 4.08 4.1 4.02 4.27 4.45 4.04 4.23 4.9 4.94 5 5 5.05 4.64 4.05 4.02 4 3.44 3.26 3.2 3 3 3 3 3 3 3.28 2.41 2.03 2 2 2 2 2 2 2.02 2.13 2.12 2.08 2.03 2.57 3.29 2.93 2.91 2.83 3.25 3.71 3.26 2.91 2.93 3.76 3.84 3.34 3.14 3.21 3.89 3.61 3.25 3.97 4 4 4.57 5 5 5.06 5.95 6 6.72 7 7.24 7.9
-9999 4 4 4.07 4.4 4.07 3.85 3.99 3.97 4 4.02 4.04 4.44 4.93 3.99 4 4 4.03 4.08 4 4 4 4.2 4.67 4.54 4.36 4.01 4.03 3.99 3.6 3.52 3.11 3.17 3 3 3 3 3 2.99 2.93 2.94 2 2 2 2 2 2 2 2 2 2.04 2.02 2.15 2.34 2.32 2.86 3.35 2.82 2.74 3.39 3.5 3.33 3.02 2.52 3.11 3.18 2.39 2.11 2.33 2.78 3 3 3.39 4 4 4.03 4.91 5 5.28 6.02 6.5 7.18 7.34 7.87 8.23
-9999 4.02 4 4.13 4.37 4.1 3.191489 3.144444 3.183908 3.9 4 4 4.07 4.33 4.29 3.61 3.92 3.97 4 4 4 4 4 4 4.05 4 4 4 3.98 3.65 3 3 3 3 3 2.98 2.69 2.25 2.6 2.85 2.38 2 2 2 2 2 2 2.04 2.05 2 2 2 2 2.06 2.1 2.49 2.87 3.07 2.81 2.53 2.51 3.22 2.93 2.2 2.49 2.06 2 2 2 2.08 2.95 3 3 3.75 4.01 4.23 4.98 5.21 5.95 6.96 7 7.87 8 8.01 9
-9999 4.234694 4.58 4.44 4.69 4.072165 3.126582 3 3.02 3.64 3.77 3.98 4 4 4 3.3 3.57 3.64 3.94 4 4 4.12 4.08 4 4 4 4.07 4.05 3.48 3.04 3 3 3 3 2.97 2.4 2.03 2.03 2.1 2.09 2 2 2 2 2 2 2 2 2 2 2.02 2 2.02 2.74 2.26 2.41 2.49 2.29 2.05 2.8 2.24 2.22 2.47 2.21 2.2 2.01 2 2 2 2 2.75 3 3 3.57 4.02 4.84 5.35 6.19 6.76 6.75 7 8 8.11 8.63 9.26
-9999 4.6 4.52 4.52 3.81 3.35 3 3 3.01 3.39 3.99 4 4 4 4 3.13 3.63 4 4 4 4 4.04 4.64 4.62 4.11 4 4.43 3.99 3.15 3 3 3 3 2.99 2.34 2.17 2.11 2.14 2 2 2 2 2 2 2 2 2 2 2 2 2 2 2 2.18 2.08 2.17 2.22 2.36 2.77 2.89 2.12 2 2.43 2.22 2.01 2 2.01 2.01 2.07 2.29 2.99 3.59 3.49 3.4 4.11 4.57 5.23 5.66 6.89 6.99 7 8 8 8.17 9
5.320988 4.97 4.44 4.26 3.617021 -9999 -9999 3 3 3 3.36 3.85 3.99 4 4 3.39 3.98 4 4 4.01 4.08 4.21 4.14 4.62 4.65 3.9 3.53 3.18 3 3 3 3 3 3 2.82 2.66 2.88 2.37 2.05 2.24 2 2 2 2 2.02 2 2 2 2 2 2 2.02 2.14 2.01 2.04 2 2.01 2 2.35 2.33 2.66 2.27 2.06 2.19 2.29 2.15 2.78 2.49 2.15 2.16 2.84 3.18 3.25 3.62 4.16 4.88 5 5.5 6.57 7 7 8 8 8.01 9
4.8 4.211267 4 3.935065 3.733333 3 3 3 3 3 3.25 3.72 3.95 4 4 4 4.01 4.12 4.14 4.05 4.14 4.07 4.39 4.28 3.91 3.77 3 3 3 3 3 3 3 3 3 2.64 2.86 2.96 2.14 2 2 2.01 2.02 2 2 2 2 2.02 2.04 2.22 2.04 2.06 2.04 2 2 2 2 2.04 2.07 2.1 2.4 2.88 2.6 2.37 2.2 2.62 3.33 2.98 2.07 2.43 3.06 3.08 3.19 3.76 4.05 4.79 5 5.42 6.24 6.78 7 7.9 7.59 7.63 8.99
-9999 -9999 -9999 4 3.558442 3 3 3 3 3 3 3.16 3.55 4 4 4 4.02 4.08 4.02 4 4 3.95 3.89 3.88 3.31 3 3 3 3 3.12 3.08 3.03 3 3 3 2.8 2.88 3 2.79 2.28 2.03 2 2 2 2 2 2 2.17 2.06 2 2 2 2 2 2.06 2.02 2.03 2.32 2.1 2.15 2.32 2.93 2.93 2.65 2.76 2.77 2.36 2.38 3.13 2.5 3.11 3.29 3.48 3.91 4.4 5.19 5.09 5.67 5.9 6.84 6.51 7.06 6.11 7.95 10.55
-9999 -9999 -9999 -9999 3.77 3.39 3.393939 3.094118 3 3 3 3 3.08 3.81 3.86 3.81 3.62 3.73 3.81 3.93 3.58 3.16 3.17 3.05 3.14 3 2.9 3 3 3.06 3.08 3.27 3.71 3.29 3 2.89 2.95 3 2.99 2.66 2 2.14 2 2 2 2.11 2.2 2.04 2.06 2 2 2 2 2 2 2 2 2.04 2.24 3.03 3.44 3.09 2.76 2.62 2.09 2.29 2.66 2.67 2.5 3.06 3.22 3.77 4.12 4.28 4.78 5 5.02 5.11 6.18 5.86 5.24 5.5 7.11 10.71 12.22
-9999 -9999 -9999 -9999 3.925926 4.014286 -9999 3 -9999 3 3 3 3 3 3.02 3.07 2.99 3 3.02 3 3 3 3 3 2.96 2.66 2.19 2.74 3 3.01 3.02 3.21 3.88 3.76 3.8 3 2.98 3 3 2.97 2 2 2 2 2 2.01 2.01 2 2 2.03 2 2 2 2 2 2 2 2 2 2.04 2.47 3.62 3.56 3.46 3.35 2.53 2.21 3.08 4.02 4.7 4.81 4.03 4.09 4.09 4.16 4.17 4.66 5.14 5.19 4.51 4.74 6.03 7.35 8.3 10.56
-9999 -9999 -9999 -9999 -9999 -9999 -9999 -9999 3 3 3 2.91 2.92 3 3 3.01 3 2.79 3 3.03 3 2.99 2.81 2.72 2.19 2 2.01 2.24 2.48 2.92 2.97 3.17 3.41 2.72 2.96 2.95 3 3 3 3 2 2 2 2 2 2 2 2 2 2 2 2.02 2 2 2 2.02 2.04 2.02 2.29 2.38 2.05 2.25 2.28 2.88 2.98 3.22 2.22 3.06 3.07 3.37 4.19 3.85 4.08 3.46 3.29 3.49 3.94 4.04 3.99 3.5 4.19 5.49 6.23 9.01 10.74
-9999 -9999 -9999 -9999 -9999 -9999 -9999 -9999 -9999 2.99 3 2.95 2.71 2.7 2.76 3 3 2.26 2.55 2.46 2.98 3 2.61 2.14 2 2 2 2 2.02 2.05 2.64 2.84 2.52 2.31 2.49 2.52 2.85 3 3 3 2.02 2 2 2 2 2 2 2 2.02 2 2.02 2 2.23 2.57 2.12 2.09 2.26 2.09 2.53 2.62 2.92 2.92 2.84 2.2 2.71 2.35 2.22 2.29 2.41 2.33 2.41 2.48 3 2.97 3 3.33 3.63 3.55 3.03 4.75 6.68 5.64 9.59 11.63 9.29
-9999 -9999 -9999 -9999 -9999 -9999 -9999 -9999 -9999 2.92 3 2.26 2.43 2.34 2.27 2.45 2.75 2 2 2.13 2.23 2.42 2.34 2 1.98 2 2 2 2 2 2 2.4 2.7 3.26 3 2.84 2.66 3 3 2.86 2 2.06 2.08 2 2 2 2 2 2 2.03 2.03 2.03 2.03 2.06 2.19 2.14 2.09 2.07 2.43 2.2 2.51 2.46 2.94 2.24 2.27 2.26 2.12 2.55 2.01 2 2 2 2.37 2.97 3.17 3.42 3.38 3.25 4.42 5.47 6.59 7.04 10.93 11.13 9.37
-9999 -9999 -9999 -9999 -9999 -9999 -9999 -9999 2 2.55 3 2.48 2.04 2 2 2 2.03 2.08 1.9 2 1.9 1.7 1.58 1.93 1.95 2 2 2 2 2 2.03 2.25 2.63 2.94 2.99 3 2.99 3 3 2.99 2 2 2 2.13 2.01 2 2 1.95 1.97 1.93 2 2.06 2.16 2.06 2 2 2 1.97 2 2 1.95 2.03 2.05 2.04 2.1 2.06 2.03 2.02 2 2 2 2 2.36 2.78 2.97 3 3.22 3.84 4.81 9.23 5.79 10.29 12.9 12.69 12.75
-9999 -9999 -9999 -9999 -9999 -9999 -9999 -9999 2 2.41 2.68 2.34 2 2 2 2 2 2.33 1.31 1.86 1.41 1.49 1 1.67 2 2 2 2 2.02 2.39 2.62 2.46 2.17 2.72 3.22 2.9 2.88 3.12 3 2.76 2.04 2 1.99 2 2.02 2 2 1.97 1.67 1.43 1.78 1.94 2.01 2.11 2.05 2 1.99 1.69 1.86 1.88 1.57 1.72 1.72 1.71 1.82 2 2 2 2 2 2 2.18 3.19 3.61 3.58 3.15 3 3.44 6.95 7.77 8.92 14.75 13.78 15.47 14.87
-9999 -9999 -9999 -9999 -9999 -9999 -9999 2 2 2.21 2 2 2 2 2 2 2 2 1 1.13 1.01 1 1 1.01 1.4 1.79 1.64 1.51 1.9 2 2.11 2.66 2.6 2.65 2.65 2.2 2.05 2.41 2.55 2.01 2.01 2.04 1.79 1.99 2 2 2 2 1.96 1.83 1.47 1.54 1.97 1.88 1.84 2 1.82 1.5 1.07 1.19 1.03 1.78 1.65 1.95 2 2 2 2 2 2 2 2.12 2.66 2.77 2.76 2.86 3 3.19 5.69 8.64 13.26 15.65 12.69 13.29 11.21
-9999 -9999 -9999 -9999 -9999 -9999 -9999 -9999 2 2 2 2 2 2 2 2 2 2 1 1 1 1 1 1 1.07 1.18 1 1.42 2.01 2.13 2.14 2.56 2.54 2.82 2.74 2.59 2.37 1.89 1.89 2 2 1.88 1.36 1.87 1.73 1.67 1.95 1.89 1.66 1.13 1.23 1.07 1.16 1.16 1.39 1.26 1.01 1.01 1.27 1.36 1.75 2 2 2 2 2 2 2 2 2 2.2 2.33 2.89 3.07 2.98 2.93 3.07 5.15 10.29 10.88 13.33 11.46 8.35 9.19 8.89
-9999 -9999 -9999 -9999 -9999 -9999 -9999 -9999 2 2 2 2 2 2 2 2 2 2 2 1 1 1 1 1 1 1 1 1.27 1.52 1.4 1.48 1.73 1.53 1.75 1.76 1.99 2 1.87 1.31 1.72 1.71 1.7 1.06 1.15 1.01 1 1.01 1.02 1.01 1 0.9 0.61 1 1 1 1 1.03 1.14 1.6 1.74 1.93 2 2 2 2 2 2.36 2.98 2.4 2.14 3.75 4.92 5.63 5.02 3.22 3.15 3.16 6.05 11.19 7.77 6.93 6.86 6.48 6.54 7.35
-9999 -9999 -9999 -9999 -9999 -9999 -9999 -9999 1.361702 1.645161 1.72 1.95 2 1.99 2 2 2 2 2 1 1 1 0.97 1 1 1 1 1 1 1.01 1 1.03 1 1.09 1.6 1.6 1.64 1.67 1.21 1.04 1 1.01 1 0.74 0.7 0.68 0.94 0.63 0.19 0.17 0.11 0.45 1 1 1 1 1.35 1.23 1.01 1.57 1.91 2 2 2 2.01 2.25 3.52 4.65 3.7 3.9 4.31 6.49 9.76 5.41 5.28 4.86 4.17 3.5 5.07 5.72 5.23 5.23 5.1 6.31 7.43
-9999 -9999 -9999 -9999 -9999 -9999 -9999 -9999 1 1.03 1.08 1.58 1.81 2 1.99 2 2 2 2 1 0.99 0.77 0.69 0.94 0.8 0.99 1 1 1 1 1 1 1 1 1.05 1 1.13 1.06 1.05 1 1 0.98 0.81 0.42 0 0.01 0.02 0 0 0 0 0.32 0.56 0.99 1 1 1.01 1.65 1.41 1.99 2 2.04 2 2 2.18 3.54 3.58 4.84 6.61 5.7 4.78 5.52 6.06 5.92 5.91 5.16 4.12 3.51 4.33 4.49 3.92 3.93 5.01 6.87 9.81
