layers/wordclim/future/Iberia_wcB2a_10_hadcm3_2020/bio_09.asc
ncols         166
nrows         93
xllcorner     -9.4959440078468
yllcorner     36.000324005443
cellsize      0.083333337679505
NODATA_value  -9999
[rows 0 to 32 of 93, columns 73 to 145 of 166]
-9999 -9999 -9999 -9999 -9999 -9999 -9999 -9999 -9999 -9999 -9999 -9999 -9999 -9999 -9999 -9999 -9999 -9999 -9999 -9999 -9999 -9999 -9999 -9999 -9999 -9999 -9999 -9999 -9999 -9999 -9999 -9999 -9999 -9999 -9999 -9999 -9999 -9999 -9999 -9999 -9999 -9999 -9999 -9999 -9999 -9999 -9999 -9999 -9999 -9999 -9999 -9999 -9999 -9999 -9999 -9999 -9999 -9999 -9999 -9999 -9999 -9999 -9999 -9999 -9999 -9999 -9999 -9999 -9999 -9999 -9999 -9999 -9999
-9999 -9999 -9999 -9999 -9999 -9999 -9999 -9999 -9999 -9999 -9999 -9999 -9999 -9999 -9999 -9999 -9999 -9999 -9999 -9999 -9999 -9999 -9999 -9999 -9999 -9999 -9999 -9999 -9999 -9999 -9999 -9999 -9999 -9999 -9999 -9999 -9999 -9999 -9999 -9999 -9999 -9999 -9999 -9999 -9999 -9999 -9999 -9999 -9999 -9999 -9999 -9999 -9999 -9999 -9999 -9999 -9999 -9999 -9999 -9999 -9999 -9999 -9999 -9999 -9999 -9999 -9999 -9999 -9999 -9999 -9999 -9999 -9999
-9999 -9999 -9999 -9999 -9999 -9999 -9999 -9999 -9999 -9999 -9999 -9999 -9999 -9999 -9999 -9999 -9999 -9999 -9999 -9999 -9999 -9999 -9999 -9999 -9999 -9999 -9999 -9999 -9999 -9999 -9999 -9999 -9999 -9999 -9999 -9999 -9999 -9999 -9999 -9999 -9999 -9999 -9999 -9999 -9999 -9999 -9999 -9999 -9999 -9999 -9999 -9999 -9999 -9999 -9999 -9999 -9999 -9999 -9999 -9999 -9999 -9999 -9999 -9999 -9999 -9999 -9999 -9999 -9999 -9999 -9999 -9999 -9999
-9999 -9999 -9999 -9999 -9999 -9999 -9999 -9999 -9999 -9999 -9999 -9999 -9999 -9999 -9999 -9999 -9999 -9999 -9999 -9999 -9999 -9999 -9999 -9999 -9999 -9999 -9999 -9999 -9999 -9999 -9999 -9999 -9999 -9999 -9999 -9999 -9999 -9999 -9999 -9999 -9999 -9999 -9999 -9999 -9999 -9999 -9999 -9999 -9999 -9999 -9999 -9999 -9999 -9999 -9999 -9999 -9999 -9999 -9999 -9999 -9999 -9999 -9999 -9999 -9999 -9999 -9999 -9999 -9999 -9999 -9999 -9999 -9999
172.01 171.8989 176.7593 -9999 -9999 178.3678 177.34 173.58 176.3256 176.3205 178.2909 -9999 -9999 -9999 -9999 -9999 -9999 -9999 -9999 -9999 -9999 -9999 -9999 -9999 -9999 -9999 -9999 -9999 -9999 -9999 -9999 -9999 -9999 -9999 -9999 -9999 -9999 -9999 -9999 -9999 -9999 -9999 -9999 -9999 -9999 -9999 -9999 -9999 -9999 -9999 -9999 -9999 -9999 -9999 -9999 -9999 -9999 -9999 -9999 -9999 -9999 -9999 -9999 -9999 -9999 -9999 -9999 -9999 -9999 -9999 -9999 -9999 -9999
166.23 167.25 166.72 174.44 179.3571 182.0606 183.24 186.99 184.39 184.4 186.21 184.3535 183 185.9833 184.7705 185.9508 185.3571 186.6875 184.12 179.52 181.8649 -9999 -9999 -9999 -9999 -9999 -9999 -9999 -9999 -9999 -9999 -9999 -9999 -9999 -9999 -9999 -9999 -9999 -9999 -9999 -9999 -9999 -9999 -9999 -9999 -9999 -9999 -9999 -9999 -9999 -9999 -9999 -9999 -9999 -9999 -9999 -9999 -9999 -9999 -9999 -9999 -9999 -9999 -9999 -9999 -9999 -9999 -9999 -9999 -9999 -9999 -9999 -9999
171.54 174.29 178.14 184.47 190.54 188.54 196.38 197.2 195.32 189.91 190.69 192.73 192.05 193.46 191.58 190.5 193.2 189.66 193.24 185.83 194.18 191.1 187.29 188.46 -9999 -9999 -9999 -9999 -9999 -9999 -9999 -9999 -9999 -9999 -9999 -9999 -9999 -9999 -9999 -9999 -9999 -9999 -9999 -9999 -9999 -9999 -9999 -9999 -9999 -9999 -9999 -9999 -9999 -9999 -9999 -9999 -9999 -9999 -9999 -9999 -9999 -9999 -9999 -9999 -9999 -9999 -9999 -9999 -9999 -9999 -9999 -9999 -9999
176.36 188.76 188.61 192.87 192 193.05 193.65 194.57 186.84 191.62 193.55 193.81 191.16 190.79 191 194.07 196.72 187.84 183.86 184.2 195.61 198.01 196.25 187.0274 -9999 -9999 -9999 -9999 -9999 -9999 -9999 -9999 -9999 -9999 -9999 -9999 -9999 -9999 -9999 -9999 -9999 -9999 -9999 -9999 -9999 -9999 -9999 -9999 -9999 -9999 -9999 -9999 -9999 -9999 -9999 -9999 -9999 -9999 -9999 -9999 -9999 -9999 -9999 -9999 -9999 -9999 -9999 -9999 -9999 -9999 -9999 -9999 -9999
176.13 178.82 176.1 178.57 192.52 193.07 182.46 170.2 183.8 184.1 194.1 196.8 190.15 196.25 200.42 197.54 187.55 190.71 180.64 182.99 183.93 180.63 172.62 171.7375 -9999 168.131 166.3929 -9999 -9999 -9999 -9999 -9999 -9999 -9999 -9999 -9999 -9999 -9999 -9999 -9999 -9999 -9999 -9999 -9999 -9999 -9999 -9999 -9999 -9999 -9999 -9999 -9999 -9999 -9999 -9999 -9999 -9999 -9999 -9999 -9999 -9999 -9999 -9999 -9999 -9999 -9999 -9999 -9999 -9999 -9999 -9999 -9999 -9999
179.68 179.59 178.83 178.18 181.46 184.27 187.38 183.18 189.31 190.49 185.73 183.61 175.19 185.5 192.23 187.29 178.36 182.13 188.41 191.27 191.79 192.22 184.69 181.75 176.04 173.2 171.29 167.1 160.2258 156.623 152.38 137.6379 -9999 -9999 -9999 -9999 -9999 -9999 -9999 -9999 -9999 -9999 -9999 -9999 -9999 -9999 -9999 -9999 -9999 -9999 -9999 -9999 -9999 -9999 -9999 -9999 -9999 -9999 -9999 -9999 -9999 -9999 -9999 -9999 -9999 -9999 -9999 -9999 -9999 -9999 -9999 -9999 -9999
182.96 180.21 178.18 183.2 182.26 181.13 183.94 191.94 196.26 196.71 195.86 194.5 194.01 185.44 187.43 187.07 186.61 177.37 190.89 201.7 200.21 196.67 193.26 187 184.6 179.93 168.76 176.4 167.19 165.11 157.55 138.91 133.3684 -9999 -9999 -9999 -9999 -9999 -9999 -9999 -9999 -9999 -9999 -9999 -9999 -9999 -9999 -9999 -9999 -9999 -9999 -9999 -9999 -9999 -9999 -9999 -9999 -9999 -9999 -9999 -9999 -9999 -9999 -9999 -9999 -9999 -9999 -9999 -9999 -9999 -9999 -9999 -9999
189.45 190.79 189.24 182.02 194.72 189.5 195.22 195.63 192.16 191.17 187.53 188.98 182.95 181.36 185.87 187.75 179.18 185.02 190.55 204.64 208.67 208.61 200.92 200.39 199.67 190.59 186.7 184.19 180.43 178.78 165.1 153.77 144.71 126.0215 129.9403 119.7564 127.875 109.4545 99.92538 -9999 -9999 -9999 -9999 -9999 -9999 -9999 -9999 -9999 -9999 163.17 142.82 120.6667 115.9273 -9999 -9999 -9999 -9999 -9999 -9999 -9999 -9999 -9999 -9999 -9999 -9999 -9999 -9999 -9999 -9999 -9999 -9999 -9999 -9999
183.73 185.47 180.82 184.88 199.99 201.91 201.73 197.8 197.74 196.51 189.53 193.92 195.1 194.38 194.02 196.9 203.6 208.34 205.31 207.95 202.9 203.11 196.79 195.84 201.4 205.75 195.74 189.06 183.48 185.53 178.81 175.75 171.99 156.14 147.06 117.23 129.34 145.28 112.26 124.6522 -9999 -9999 -9999 125.4722 -9999 107.9259 -9999 -9999 -9999 146.8061 156.5 141.71 129.75 122.65 137.3781 122.8889 124.197 -9999 -9999 -9999 -9999 -9999 -9999 -9999 -9999 -9999 -9999 -9999 -9999 -9999 -9999 -9999 -9999
194.61 193.64 193 191.35 196.01 200.09 204.01 197.53 190.28 188.55 194.51 195.94 196.74 199.72 208.25 208.68 207.81 212.98 216.42 216.62 210.26 207.17 195.38 195.71 201.91 207.74 199.56 192.52 197.07 196.41 196.93 186.16 178.88 175.76 171.68 158.55 153.84 162.47 144.73 153.75 133.06 123.81 139.79 152.96 126.25 126.56 111.36 139.74 100.33 110.21 120.36 117.86 116.48 131.55 155.5 132.1 141.64 117.701 -9999 -9999 -9999 -9999 -9999 -9999 -9999 -9999 -9999 -9999 -9999 -9999 -9999 -9999 -9999
188.31 191.47 192.51 194.68 202.31 206.5 207.89 210.54 210.43 210.11 212 211.19 211.41 214.17 217 217.18 218.28 218.9 221.38 221.52 217.2 213.18 204.61 209.37 214.57 212.6 210.23 199.28 194.5 185.91 192.68 195.36 185.15 184.2 176.97 179.54 180.69 166.56 155.76 164.77 160.14 165.58 181.34 170.97 134.72 141.05 159.12 137.76 129.2 141.86 137.44 128.49 112.51 117.48 147.73 109.17 128.77 132.93 -9999 -9999 -9999 -9999 -9999 -9999 -9999 -9999 -9999 -9999 -9999 -9999 -9999 -9999 -9999
189.53 189.48 194.57 198.31 201.13 205.49 206.23 209.88 213.94 213.54 216.98 220.87 222.01 223.68 223.57 222.29 223.2 224.35 223.27 224.65 222.41 223.11 215.89 213.54 214.53 204.4 198.97 194.58 193.2 184.98 183.02 191 188.54 188.63 183.56 185.91 186.43 174.56 167.62 165.55 181.89 183.34 196.98 179.6 167.99 168.9 168.44 155.62 166.16 176.47 159 129.16 135.52 138.67 127.44 126.03 148.25 140.58 -9999 -9999 123.4127 125.8211 137.5506 104.537 71.29412 -9999 -9999 -9999 -9999 -9999 -9999 -9999 -9999
182.82 185.63 190.48 186.08 186.91 195.28 199.94 210.62 209.53 200.36 210.06 215.01 218.86 219.61 223.06 225.29 228.1 228.06 226.06 228.48 227.97 227.61 226.13 223.73 222.33 216.65 205.8 201.19 195.51 190.12 187.96 193.3 195.31 186.05 185.1 183.9 179.66 179.38 175.6 172.34 173.58 188 201.36 203.61 198.14 188.26 180.64 170.43 165.87 179.29 178.32 174.83 146.8 131.69 103.79 148.09 128.48 72.96 73.91 91.08 86.22 81.15 64.14 71.39 140.6301 -9999 134.4375 132.25 156.79 171.6941 -9999 -9999 -9999
182.91 177.65 177 175.26 184.63 175.28 187.25 202.74 193.13 187.71 197.27 196.71 194.63 204.58 202.05 218 227.69 230.72 231.07 230.91 231.16 228.54 226.04 226.12 224.98 222.06 216.69 211.48 207.07 204.07 199.41 205.38 204.56 196.71 185.79 177.31 176.03 174.47 165.38 173.53 178.48 187.77 203.26 209.81 195.43 202.62 187.57 197.39 184.35 196.33 187.52 172.27 92.7 65.61 137.69 151.09 95.6 54.88 56.74 115.15 133.71 132.2 120.43 112.3 118.11 128.3 111.79 141.99 148.87 131.27 178.87 214.09 212.96
175.48 172.03 164.29 165.29 168.17 165.93 181.84 187.76 184.34 195.96 188.92 196.41 188.21 201.06 204.9 214.7 222.92 224.72 232.4 235.14 235.19 232.09 232.22 232.21 228.38 226.83 224.67 223.79 218.69 213.48 209.73 212.7 213.55 211.75 209.76 204.53 200.25 195.52 197.77 199.36 194.08 197.92 199.17 212.3 205.08 215.8 209.23 201.28 197.53 188.13 182.51 83.09 50.98 85.94 138.84 92.44 63.85 50.1 94.9 108.68 132.5 109.78 97.86 54.59 87.17 57.11 53.16 56.44 82.69 84.58 175.58 227.75 234.16
192.51 186.98 185.63 183.99 179.82 187.12 184.38 174.26 180.75 186.96 180.83 177.13 185.35 194.44 195.66 203.97 210.46 213.2 228.85 233.95 234.13 236.08 234.89 230.99 228.82 232.19 231.62 230.58 227.69 223.73 221.16 221.88 220.68 217 213.81 214.41 213.11 207.56 209.73 212.83 211.3 214.78 215.34 222.37 214.14 215.85 204.97 205.91 202.48 129.27 151.23 62.73 55.17 51.46 62.82 57.48 57.96 47.41 84.31 79.4 52.27 64.72 98.89 55.84 51.55 55.39 56.65 61.44 84.11 118.23 110.29 219.74 228.87
197.82 197.77 190.61 175.19 171.09 170.32 163.44 167.98 167.81 168.94 171.24 180.13 189.61 186.78 193.7 200.27 214.01 223.01 226.76 230.02 235.65 237.88 238.07 234.87 227.97 228.67 236.17 231.49 223.67 220.85 222.71 227.7 224.2 224.09 219.73 221.1 220.28 214.45 215.71 219.58 219.8 223.71 227.82 230.74 211.83 208.26 207.84 210.56 169.5 144.35 125.63 68.13 91.9 49.79 48.31 51.46 59.69 55.15 51.9 52.9 51.3 49.83 58.36 67.45 62.91 62.66 63.7 67.62 70.96 73.58 125.48 215.86 232.45
191.51 199.45 197.32 194.48 192.38 186.64 176.19 181.82 174.46 183.71 184.85 191.71 186.12 184.96 192.51 200.94 212.04 217.23 220.23 221.6 233.02 234.77 237.98 241.43 239.88 239.46 239.08 233.43 225 215.98 222.6 232.68 229.7 223.6 223.51 226.97 227.44 223.39 222.84 226.05 224.92 230.78 234.35 235.4 230.27 225.19 218.02 191.45 118.25 139.16 58.19 53.88 68.38 57.68 62.03 61.95 60.83 56.99 51.32 57.88 65.73 65.85 65.26 72.41 68.77 70.26 69.08 72.45 76.23 75.07 114.91 222.58 236.95
198.26 197.26 198.07 196.91 194.15 193.68 194.12 197.5 199.07 200.87 199.77 203.24 203.04 196.9 194.32 200.12 204.78 204.83 211.97 219.89 225.29 223.95 230.85 239.55 241.49 243.91 242.17 231.23 225.91 225.64 230.59 237.68 233.3 226 220.03 227.52 230.12 232.81 232.12 232.02 226.92 234.42 240.68 240.04 239.32 232.86 186.92 101.46 84.74 79.24 60.73 70.46 64.47 69.84 64.17 67.44 67.02 62.06 58.58 56.85 65.71 73.95 73.15 79.2 77.29 72.65 67.2 76.32 78.22 79.07 138.81 214.06 234.24
206.77 205.37 201.69 200.66 200.46 198.23 198.38 199.05 199.91 200.16 206.06 207.5 205.85 202.56 200.73 201.78 201.28 200.86 180.21 189.48 216.29 223.44 230.17 235.23 238.57 242.38 245.51 244.91 240.55 235.8 240.99 243.05 236.18 230.09 220.52 223.01 229.84 233.85 237.39 236.25 236.84 241.76 245.05 241.98 246.29 247.45 132.23 76.6 82.76 81.61 85.44 86.23 84.38 79.27 72.36 68.01 67.11 67.13 66.35 61.63 62.29 71.43 82.67 84.79 82.67 76.55 73.45 75.45 95.27 149.8 182.42 235.51 241.81
210.56 209.2 208.68 206.93 207 204.33 206.99 205 202.25 204.68 206.52 208.72 210.19 208.97 206.98 206.64 202.8 195.77 190.87 185.38 196.35 211.47 218.34 230.07 236.66 240.25 244.36 246.79 249.7 249.13 248.4 247.61 237.56 231.29 225.96 221.72 223.15 229.82 237.88 241.37 242.95 246.04 249.02 247.72 251.68 247.25 178.59 86.44 87.17 89.24 90.5 90.44 90.28 88.67 81.45 77.84 67.61 63.22 62.12 64.91 68.02 75.39 86.97 89.05 78.57 78.78 78.93 104.38 144.76 192.65 236.75 244.14 243.58
212.61 213.18 213.34 210.42 212.19 210.76 210.58 210.42 211.61 210.54 208.8 209.87 213.69 212.8 209.03 207.94 204.76 202.15 200.28 204.5 209.36 219.48 220.5 225.91 237.87 242.36 239.2 236.56 243.01 248.45 251.23 252.45 248.14 242.39 241.38 237.72 229.76 226.11 231.35 234.59 232.85 241.33 247.74 252.16 255 253.75 160.79 100.87 91.47 91.19 91.27 114.75 134.47 189.61 194.37 169.72 175.19 145.96 124.26 167.62 177.14 195.61 194.37 216.02 133.22 130.11 184.16 233.57 247.92 245.38 239.75 241.1717 243.1053
211.69 214.57 215.87 217.06 216.41 213.83 214.85 216.23 213.79 212.93 211.75 213.62 210.82 208.31 209.4 210.1 205.83 207.9 208.29 209.87 209.12 223.03 229.61 231.47 240.04 242.03 237.46 229.29 237.11 238.34 239.82 246.69 249.7 251.9 248.84 245.16 241.92 238.89 236.23 240.64 242.18 242.75 246.81 247.63 254.41 257.11 226.78 119.46 125.7 137.1 181.97 220.18 246.06 239.99 233.17 226.14 221.8 222.9 225.89 234.17 239.2 239.38 242.38 249.35 247.64 248.57 252.14 252.6 247.81 246.234 -9999 -9999 -9999
209.61 212.06 210.85 212.65 213.98 214.55 215.49 215.15 214.95 216.47 216.46 214.28 209.8 209.27 215.19 213.96 212.82 212.22 215.43 219.63 216.67 214.35 231.24 232.49 237.86 239.19 234.52 234.04 233.48 227.12 230.47 237.04 243.9 248.7 252.74 251.13 246.04 241.93 242.09 243.74 244.83 248.17 250.28 250.53 249.69 261.53 260.7 246.54 251.79 250.03 244.7 241.21 239.06 233.14 232.08 232.97 227.46 226.54 223.19 226.84 235.74 245.65 249.61 250.33 253.4 253.56 251.5 251.9894 -9999 -9999 -9999 -9999 -9999
210.25 207.01 204.3 204.2 202.76 204.49 210.03 212.63 210.16 210.58 212.37 213.69 212.73 215.85 220.54 219.07 216.6 217.34 216.87 225.49 223.94 229.75 217.49 215.09 215.1 226.74 230.88 226.8 228.29 221.69 230.26 240.83 244.91 249.52 251.5 253.26 250.01 244.88 244.74 245.2 246.14 248.96 255.15 252.19 255.55 255.36 252.96 250.5 245.97 239.96 235.61 231.93 226.95 229.07 232.45 238.87 236.21 235.59 227.25 233.61 244.42 247.64 246.12 240.29 249.4 255.25 254.0851 -9999 -9999 -9999 -9999 -9999 -9999
195.62 196.19 195.58 196.77 198.65 203.54 207.23 209.28 210.36 209.61 210.14 209.13 212.61 219.31 222.44 223.78 224.01 225.14 222.91 224.63 226.28 226.89 218.66 210.28 208.9 212.33 219.9 218.39 218.51 220.18 227.09 236.38 241.88 245.57 248.69 251.12 254.08 254.23 254.88 255.44 257 258.11 256.19 251.75 251.85 254.16 253.38 257.54 253.66 244.13 229.7 224.81 219.46 214.71 229.6 244.78 244.57 242.92 240.95 246.28 249.2 247.94 250.43 244.1633 249.7284 256.8971 -9999 -9999 -9999 -9999 -9999 -9999 -9999
181.09 188.3 193.8 191.32 198.82 211.33 211.19 214.49 216.42 208.98 209.23 208.36 212.77 217.37 219.41 217.54 214.44 215.11 218.01 220.54 214.22 214.86 217.5 211.05 208.11 201.39 184.79 172.32 159.51 182.5 208.27 225.67 235.65 242.83 247.39 250.35 251.46 251.36 252.98 255.09 256.4 255.52 252.19 255.78 256.38 256.11 252.2 261.69 257.22 248.41 248.06 239.69 233.64 240.38 244.16 249.25 247.44 247.55 247.6735 252.2025 251.5455 -9999 -9999 -9999 -9999 -9999 -9999 -9999 -9999 -9999 -9999 -9999 -9999
197.36 192.45 202.26 200.78 206.38 211.21 213.86 218.26 218.79 211.26 210.05 208.87 207.33 205.18 203.06 202.95 206.1 208.16 208.74 210.32 206.97 204.78 206.86 203.78 159.18 55.18 70.46 61.28 53.14 58.61 92.62 103.97 132.85 231.49 241.84 242.47 244.95 246.97 248.48 246.16 252.01 251.59 249.91 253.46 249.98 247.64 244.36 254.51 259.93 258.73 249.33 237.4 249.29 253 252.91 251.9259 -9999 -9999 -9999 -9999 -9999 -9999 -9999 -9999 -9999 -9999 -9999 -9999 -9999 -9999 -9999 -9999 -9999
204.22 214.41 212.34 209.19 220.38 221.66 221.13 221.34 217.18 214.29 209.52 208.02 207.97 202.81 199.46 200.22 204.16 199.21 200.76 202.88 204.81 204.29 201.88 181.31 52.13 43.86 52.37 138.08 76.51 50.2 55.83 59.14 112.39 203.69 233.17 232.25 237.24 241.82 246.14 247.12 244.58 242.1 245.52 246.93 245.13 247.84 248.46 255.85 263.19 251.35 241.63 246.24 257.1549 -9999 -9999 -9999 -9999 -9999 -9999 -9999 -9999 -9999 -9999 -9999 -9999 -9999 -9999 -9999 -9999 -9999 -9999 -9999 -9999
