layers/wordclim/future/Iberia_wcB2a_10_hadcm3_2020/bio_16.asc
ncols         166
nrows         93
xllcorner     -9.4959440078468
yllcorner     36.000324005443
cellsize      0.083333337679505
NODATA_value  -9999
[rows 0 to 32 of 93, columns 73 to 145 of 166]
-9999 -9999 -9999 -9999 -9999 -9999 -9999 -9999 -9999 -9999 -9999 -9999 -9999 -9999 -9999 -9999 -9999 -9999 -9999 -9999 -9999 -9999 -9999 -9999 -9999 -9999 -9999 -9999 -9999 -9999 -9999 -9999 -9999 -9999 -9999 -9999 -9999 -9999 -9999 -9999 -9999 -9999 -9999 -9999 -9999 -9999 -9999 -9999 -9999 -9999 -9999 -9999 -9999 -9999 -9999 -9999 -9999 -9999 -9999 -9999 -9999 -9999 -9999 -9999 -9999 -9999 -9999 -9999 -9999 -9999 -9999 -9999 -9999
-9999 -9999 -9999 -9999 -9999 -9999 -9999 -9999 -9999 -9999 -9999 -9999 -9999 -9999 -9999 -9999 -9999 -9999 -9999 -9999 -9999 -9999 -9999 -9999 -9999 -9999 -9999 -9999 -9999 -9999 -9999 -9999 -9999 -9999 -9999 -9999 -9999 -9999 -9999 -9999 -9999 -9999 -9999 -9999 -9999 -9999 -9999 -9999 -9999 -9999 -9999 -9999 -9999 -9999 -9999 -9999 -9999 -9999 -9999 -9999 -9999 -9999 -9999 -9999 -9999 -9999 -9999 -9999 -9999 -9999 -9999 -9999 -9999
-9999 -9999 -9999 -9999 -9999 -9999 -9999 -9999 -9999 -9999 -9999 -9999 -9999 -9999 -9999 -9999 -9999 -9999 -9999 -9999 -9999 -9999 -9999 -9999 -9999 -9999 -9999 -9999 -9999 -9999 -9999 -9999 -9999 -9999 -9999 -9999 -9999 -9999 -9999 -9999 -9999 -9999 -9999 -9999 -9999 -9999 -9999 -9999 -9999 -9999 -9999 -9999 -9999 -9999 -9999 -9999 -9999 -9999 -9999 -9999 -9999 -9999 -9999 -9999 -9999 -9999 -9999 -9999 -9999 -9999 -9999 -9999 -9999
-9999 -9999 -9999 -9999 -9999 -9999 -9999 -9999 -9999 -9999 -9999 -9999 -9999 -9999 -9999 -9999 -9999 -9999 -9999 -9999 -9999 -9999 -9999 -9999 -9999 -9999 -9999 -9999 -9999 -9999 -9999 -9999 -9999 -9999 -9999 -9999 -9999 -9999 -9999 -9999 -9999 -9999 -9999 -9999 -9999 -9999 -9999 -9999 -9999 -9999 -9999 -9999 -9999 -9999 -9999 -9999 -9999 -9999 -9999 -9999 -9999 -9999 -9999 -9999 -9999 -9999 -9999 -9999 -9999 -9999 -9999 -9999 -9999
402.66 408 412.6482 -9999 -9999 446.1494 448.92 447.93 446.5581 446.2564 446.1454 -9999 -9999 -9999 -9999 -9999 -9999 -9999 -9999 -9999 -9999 -9999 -9999 -9999 -9999 -9999 -9999 -9999 -9999 -9999 -9999 -9999 -9999 -9999 -9999 -9999 -9999 -9999 -9999 -9999 -9999 -9999 -9999 -9999 -9999 -9999 -9999 -9999 -9999 -9999 -9999 -9999 -9999 -9999 -9999 -9999 -9999 -9999 -9999 -9999 -9999 -9999 -9999 -9999 -9999 -9999 -9999 -9999 -9999 -9999 -9999 -9999 -9999
388.07 394.13 400.65 409.66 416.2755 429.2929 430.65 430.83 427.81 429.8 432.25 434.5858 436.1781 435.5667 443.8033 447.4754 458.4167 455.2917 464.27 472.64 463.0676 -9999 -9999 -9999 -9999 -9999 -9999 -9999 -9999 -9999 -9999 -9999 -9999 -9999 -9999 -9999 -9999 -9999 -9999 -9999 -9999 -9999 -9999 -9999 -9999 -9999 -9999 -9999 -9999 -9999 -9999 -9999 -9999 -9999 -9999 -9999 -9999 -9999 -9999 -9999 -9999 -9999 -9999 -9999 -9999 -9999 -9999 -9999 -9999 -9999 -9999 -9999 -9999
367.38 372.24 379.92 387.72 391.98 394.98 405.25 405.99 405.57 405.44 409.5 413.59 419.2 424.91 438.32 445.86 448.52 455.63 459.57 457.48 452.46 450.83 447.3 436.5 -9999 -9999 -9999 -9999 -9999 -9999 -9999 -9999 -9999 -9999 -9999 -9999 -9999 -9999 -9999 -9999 -9999 -9999 -9999 -9999 -9999 -9999 -9999 -9999 -9999 -9999 -9999 -9999 -9999 -9999 -9999 -9999 -9999 -9999 -9999 -9999 -9999 -9999 -9999 -9999 -9999 -9999 -9999 -9999 -9999 -9999 -9999 -9999 -9999
344.19 352.03 357.88 364.58 368.07 373.44 375.14 376.36 374.86 378.22 381.18 385.05 391.3 399.46 407.65 414.84 424.18 432.55 432.95 435.92 435.03 434.59 428.92 426.0822 -9999 -9999 -9999 -9999 -9999 -9999 -9999 -9999 -9999 -9999 -9999 -9999 -9999 -9999 -9999 -9999 -9999 -9999 -9999 -9999 -9999 -9999 -9999 -9999 -9999 -9999 -9999 -9999 -9999 -9999 -9999 -9999 -9999 -9999 -9999 -9999 -9999 -9999 -9999 -9999 -9999 -9999 -9999 -9999 -9999 -9999 -9999 -9999 -9999
323.47 327.33 330.81 336.83 341.84 343.76 343.37 350 347.62 349.56 352.49 356.44 363.29 369.48 376.75 387.11 396.99 403.98 405.57 411.57 414.97 410.27 402.05 396.7 -9999 384.1786 374.3214 -9999 -9999 -9999 -9999 -9999 -9999 -9999 -9999 -9999 -9999 -9999 -9999 -9999 -9999 -9999 -9999 -9999 -9999 -9999 -9999 -9999 -9999 -9999 -9999 -9999 -9999 -9999 -9999 -9999 -9999 -9999 -9999 -9999 -9999 -9999 -9999 -9999 -9999 -9999 -9999 -9999 -9999 -9999 -9999 -9999 -9999
303.57 306.52 309.81 313.3 317.47 319.42 318.74 320.92 319.54 321.08 327.16 333.87 345.62 346.17 350.5 360.52 368.71 378.18 387.37 396.06 401.39 403.16 392.69 386.21 378.13 371.13 363.79 357.53 352.9247 347.6393 345.18 359.8965 -9999 -9999 -9999 -9999 -9999 -9999 -9999 -9999 -9999 -9999 -9999 -9999 -9999 -9999 -9999 -9999 -9999 -9999 -9999 -9999 -9999 -9999 -9999 -9999 -9999 -9999 -9999 -9999 -9999 -9999 -9999 -9999 -9999 -9999 -9999 -9999 -9999 -9999 -9999 -9999 -9999
284.78 290.43 293.4 293.51 296.7 298.28 298.2 292.87 291.26 292.01 294.21 299.36 305.07 321.19 327.44 336.72 346.52 357.05 363.5 374.78 382.47 383.17 378.32 367.99 361.1 353.68 346.68 336.45 334.51 327.99 330.45 349.58 354.0132 -9999 -9999 -9999 -9999 -9999 -9999 -9999 -9999 -9999 -9999 -9999 -9999 -9999 -9999 -9999 -9999 -9999 -9999 -9999 -9999 -9999 -9999 -9999 -9999 -9999 -9999 -9999 -9999 -9999 -9999 -9999 -9999 -9999 -9999 -9999 -9999 -9999 -9999 -9999 -9999
265.33 266.37 269.81 276.65 269.22 272.81 268.76 269.31 273.24 275.81 283.1 283.38 297.49 305.78 306.19 311.03 326.96 330.41 336.81 348.92 363.28 372.11 361.97 354.59 343.52 333.65 326.2 316.78 310.86 303.98 309.47 319.87 329.16 357.7527 346.2985 363.0513 345.2046 381.3232 396.6119 -9999 -9999 -9999 -9999 -9999 -9999 -9999 -9999 -9999 -9999 287.49 318.35 352.718 362.2364 -9999 -9999 -9999 -9999 -9999 -9999 -9999 -9999 -9999 -9999 -9999 -9999 -9999 -9999 -9999 -9999 -9999 -9999 -9999 -9999
251.04 251.85 259.18 258.24 248.09 245.95 244.13 247.23 245.92 247.48 261.35 255.85 256.65 263.19 272 277.3 280.47 290.93 307.23 318.63 329.11 337.11 332.53 327.24 320.35 309 303.47 298.14 292.1 282.29 280.07 276.41 274.44 295.2 307.28 363.25 336.57 305.02 369.11 343.7065 -9999 -9999 -9999 340.75 -9999 375.6111 -9999 -9999 -9999 310.7551 296.45 318.52 338.23 348.84 323.5488 351.9841 349.0757 -9999 -9999 -9999 -9999 -9999 -9999 -9999 -9999 -9999 -9999 -9999 -9999 -9999 -9999 -9999 -9999
228.08 231.06 233.68 236.27 232.94 228.1 223.64 230.8 241.67 245.63 235.13 233.76 235.72 234.55 224.45 236.74 252.44 259.78 272.76 287.82 303.32 307.81 306.38 303.68 297.29 287.13 281.54 277.69 264.88 255.45 245.64 249.16 252.21 249.62 252.21 273.4 280.95 262.53 297.01 279.26 320.36 340.05 310 287.28 336.09 338.4 370.53 317.05 393.26 372.08 354.64 358.65 362.43 337.29 278.5 312.96 313.76 364.8144 -9999 -9999 -9999 -9999 -9999 -9999 -9999 -9999 -9999 -9999 -9999 -9999 -9999 -9999 -9999
219.59 218.51 220.01 219.75 212.6 207.44 203.9 197.81 193.71 190.07 183.71 182.98 184.24 183.13 186.52 202.2 215.72 230.74 242.17 254.07 269.85 277.7 281.43 276.96 268.2 262.34 255.12 254.97 251.64 251.59 235.89 224.3 230.67 224.46 232.52 223.74 219.69 245.93 267.99 251.12 261.75 254.38 228.8 251.47 319.15 308.8 282.91 318.32 334.18 315.9 323.14 341.27 370.23 362.53 282.96 258.55 283.88 332.7 -9999 -9999 -9999 -9999 -9999 -9999 -9999 -9999 -9999 -9999 -9999 -9999 -9999 -9999 -9999
206.61 209 207.22 204.02 201.18 195.29 192.8 185.63 175.67 172.67 161.83 148.94 142.5 143.57 159.05 177.03 190.9 204.61 219.14 228.05 239.56 243.79 251.64 251.7 246.19 248.12 245.52 241.76 236.96 239.01 234.79 216.56 213.18 207.99 210.02 202.81 201.24 222.46 237.19 244.1 215.01 215.78 196.73 232.65 257.46 259.87 264.68 286.77 273.44 264.79 288.33 337.41 327.3 323.05 264.75 277.59 301.95 306.93 -9999 -9999 363.3492 359.5474 334.1685 266.3889 245.8824 -9999 -9999 -9999 -9999 -9999 -9999 -9999 -9999
209.23 207.93 203.6 212.23 212.66 201.28 193.22 174.03 174.83 192.52 169.89 157.29 146.57 149.06 151.09 160.23 170.31 183.27 196.6 203.3 211.01 215.51 219.03 220.53 218.49 218.59 222.57 220.12 218.73 218.48 214.51 201.71 193.55 203.32 200.08 200.54 206.51 206.26 215.19 224.61 225.23 201.04 183.6 185.39 201.5 224.72 242.88 262.48 272.25 257.06 257.79 262.45 253.32 261.65 246.55 299.57 272.36 234.36 223.06 251.06 259.46 250.19 242.12 247.36 283.7808 -9999 352.875 355.16 317.7 291.3294 -9999 -9999 -9999
205.12 217.94 222.73 228.64 212.27 232.81 212.17 182.94 203.02 216.63 195.91 199.26 205.89 185.04 194.54 165.78 159.48 166.66 175.89 183.59 189.02 196.07 199.66 199.43 197.82 196.8 196.03 194.85 192.22 189.07 187.68 176.66 172.61 176.08 191.04 204.86 206.53 211.65 232.16 218.73 210.46 197.39 174.77 170.39 201.82 195.7 226.69 216.98 242.26 225.72 241.94 255.28 223.26 219.57 266.08 275.85 251.52 209.19 236.21 278.55 303.98 306.16 275.22 284.38 293.69 281.42 260.7 278.03 277.32 242.35 232.78 237.68 244.99
215.52 225.11 244.63 244.73 241.09 249.25 218.67 208.4 217.05 194.47 210.1 195.69 216.51 189.83 183.25 167.18 158.21 163.55 161.4 165.4 170.28 176.54 177.94 177.31 178.49 176.65 173.55 170.01 169.4 169.19 167.49 158.96 152.91 148.54 145.22 145.57 149.67 159.7 157.56 160.72 175.79 174.44 177.79 163.47 181.59 169.08 184.9 204.8 216.04 199.99 226.02 206.31 192.54 228.95 267.91 242.47 211.57 217.09 260.26 285.41 289.24 274.75 264.19 225.79 247.2 235.68 225.59 220.55 236.79 235.23 221.49 228.2 226.82
180.57 193.54 198.52 203.8 214.43 202.44 209.38 231.03 221.03 210.4 223.53 232.45 216.98 199.77 199.26 183.67 173.51 172.24 154.46 154.39 157.55 158.47 160.51 163.45 163.61 159.26 156.67 153.72 152.09 150 147.7 142.43 139.78 137.01 134.61 130.08 128.49 132.33 135.71 137.58 143.98 145.93 151.16 146.9 163.53 166.83 188.49 192.57 199.55 185.66 207.19 177.61 182.54 190.71 222.79 227.78 205.08 222.52 244.14 252.56 225.79 236.94 264.12 206.69 211.51 212.23 217.75 212.83 240.51 250.04 230.1 241.98 239.91
170.63 173.92 187.45 218.19 229.58 232.25 247.64 240.48 243.71 242.56 238.98 221.73 205.29 211.75 198.28 185.59 160.78 149.22 147.88 147.54 145.53 145.88 146.63 149.69 153.34 150.49 143.31 142.6 144.62 144.1 137.76 131.98 129.98 126.51 124.61 122.21 122.63 126.41 128.17 130.01 133.01 134.38 134.65 136.28 166.39 176.96 182.38 171.86 182.84 203.45 210.53 182.32 216.06 206.94 201.96 190.23 178.83 189.86 198.19 202.68 207.25 210.93 200.19 186.37 194.43 197.58 206.91 207.58 209.36 230.39 249.76 243.89 243.64
179.41 168.77 173.72 179.84 185.27 197.81 220.38 211.46 227.35 210.42 208.98 197.75 208.81 210.56 196.37 179.37 159.58 152.31 149.14 149.23 138.96 138.81 137.39 135.68 135.47 133.76 131.91 132.42 134.88 139.32 131.06 122.25 120.84 121.67 119.03 116.86 117.33 121.11 123.73 124.88 128.16 126.71 128.26 130.08 139.45 150.77 165.26 167.28 166.1 184.73 175.85 172.51 194.29 171.57 168.14 171.85 177.14 187.29 199.18 193.92 186.59 186.69 187.9 182.11 187.6 190.24 200.47 203.98 208.5 222.98 238.78 248.83 245.67
167.8 171.78 171.45 174.2 180.38 182.87 183.57 180.04 178.07 176.84 180.68 175.43 175.65 185.43 188.47 176.22 166.5 165.39 154.05 143.27 137.7 139.18 134.38 127.4 125.73 123.56 122.52 126.06 126.96 124.98 119.93 114.31 114.4 117.32 120.07 114.69 115.42 116.33 118.13 120.79 125.9 124.88 122.95 126.24 128.44 134.48 140.11 144.13 153.1 159.3 159.12 153.51 158.35 157.33 165.45 165.78 170.83 182.02 191.29 196.99 188.08 180.9 183.84 180.47 184.83 191.89 214.55 210.15 216.41 231.84 248.65 250.54 250.54
155.39 158.85 164.35 167.47 168.22 173.93 174.78 175.15 175.63 177.35 168.91 166.13 167.67 170.94 172.7 168.91 168.16 167.33 203.59 185.82 140.68 132.91 127.16 122.79 119.69 117.29 113.84 111.75 111.85 112.67 109.16 107.15 109.56 112.48 119.7 117.44 114.68 115.04 115.37 118.02 119.47 119.96 120.18 124.17 122.31 122.06 124.82 132.68 133.58 136.28 134.96 140.64 147.55 154.41 160.37 168.29 174.98 180.15 185.21 194.56 197.74 189.31 179.45 179.79 185.56 198.04 212.42 218.87 231.29 260.24 261.86 245.42 249.01
150.85 153.06 154.81 157.11 158.13 162.82 160.22 164.32 171.01 167.59 165.5 161.69 156.88 157.46 158.72 156.52 160.76 171.16 177 185.79 164.42 141.85 132.88 120.5 114.4 112.22 108.98 105.5 102.54 101.73 102.73 103.53 107.51 110.94 116.86 120.5 120.29 117.47 115.36 115.89 118.01 117.9 118.12 120.2 119.21 119.67 125.11 130.81 125.29 125.38 129.43 137.77 144.98 152.26 160.34 168.54 179.46 189.6 195.33 196.28 195.83 191.18 183.41 184.61 197.92 206.48 213.86 215.09 222.69 233.42 236.44 242.71 248.06
148.51 148.3 148.25 152.63 150.3 152.19 153.08 153.85 152.98 155.1 158.83 156.49 149.72 148.71 151.09 150.2 154.09 156.05 159.1 151.44 143.48 128.73 127.17 120.55 110.3 106.57 109.31 109.87 104.3 100.24 99.71 99.8 102.3 105.33 107.38 110.13 116.21 120.62 119.69 120.61 125.01 121.83 120.04 118.65 118.79 120.56 120.48 118.96 118.15 123.05 131.68 141.7 149.3 156.05 165.92 177.21 186.64 195.02 196.27 191.77 193.27 197.41 200.74 191.32 206.8 207.15 204.52 206.07 214.37 225.42 235.96 243.1414 248.6711
150.25 147.46 145.81 144.54 144.69 147.99 146.58 145.11 148.37 150.22 151.22 147.49 150.84 152.09 147.27 144.67 150.26 145.67 144.56 140.66 141.77 122.7 115.37 113.44 105.4 103.65 108.02 114.41 106.95 106.31 105.19 100.53 101.16 102.57 105.23 107.99 110.53 114.37 119.02 118.93 120.45 123.01 122.75 125.29 122.6 121.52 120.25 118.93 121.12 128.81 138.5 146.55 156.01 167.38 178.89 190.6 200.25 201.55 201.12 196.23 194.58 197.51 196.9 195.35 198.52 199.92 200.07 205.65 216.94 225.5851 -9999 -9999 -9999
153.68 150.89 152.2 150.23 148.07 147.48 145.95 146.26 145.48 142.8 140.62 144.57 149.82 148.55 136.81 138.19 138.67 138.37 132.35 125.88 129.16 132.15 113.04 111.16 105.7 104.48 108.96 109.24 109.56 114.92 111.7 107.01 102.57 102.56 104.15 107.08 109.99 115.5 118.35 119.53 121.64 122.41 124.54 126.57 128.89 123.53 124.91 127.84 133.81 143.45 154.14 162.29 169.84 180.05 184.47 187.88 197.26 201.62 208.86 207.84 202.35 198.16 198.71 201.83 202.85 204.04 208.81 213.9362 -9999 -9999 -9999 -9999 -9999
154.01 157.95 160.67 161.34 162.73 162.56 154.09 149.6 152.52 150.84 147.27 144.43 144.33 138.04 129.57 130.38 132.56 129.98 129.39 117.6 119.3 113.61 126.75 129.08 127.94 115.73 111.47 115 113.82 120.19 112.03 103.97 101.96 102.82 105.11 107.37 110.22 116.17 119.09 121.62 124.26 126.85 126.32 129.94 130.08 132.23 137.63 143.57 151.31 161.94 171.3 180.48 190.56 191.39 191.21 186.25 192.27 197.21 209.38 206.36 201.71 203.29 208.81 217.39 214.85 217.9 221.2021 -9999 -9999 -9999 -9999 -9999 -9999
174.37 173.34 174.93 172.63 169.28 164.3 158.45 154.55 151.41 151.1 150.29 149.7 143.88 132.43 127.27 124.11 121.81 119.45 120.56 118.11 116.38 115.51 124.18 133.7 134.58 129.73 121.74 122.83 122.97 121.58 115.32 108.13 104.39 104.97 106.79 108.71 112.06 115.09 117.88 120.24 122.62 126.73 129.88 135.3 138.44 141.62 144.68 144.89 153.1 166.95 187.56 196.68 206.8 215.88 199.63 187.17 191.19 195.33 200.8 201.41 203.19 208.49 212.27 220.9184 222.8395 226.6912 -9999 -9999 -9999 -9999 -9999 -9999 -9999
195.96 185.42 177.79 181.13 170.16 154.69 153.53 147.48 144.11 153.15 152.47 151.69 143.67 135.35 131.44 132.65 135.79 132.78 126.72 121.66 129.28 128 124.41 131.56 134.73 134.78 135.93 133.85 128.3 122.51 116.81 114.79 110.22 106.85 107.94 111.62 114.73 118.26 120.98 123.87 128.43 131.74 136.95 138.92 142.72 147.09 154.14 150.92 160.58 174.36 178.81 188.61 198.56 194.57 192.59 192.71 196.29 196.87 200.9898 200.6329 205.197 -9999 -9999 -9999 -9999 -9999 -9999 -9999 -9999 -9999 -9999 -9999 -9999
174.6 182.41 168.19 169.37 163.66 155.83 151.03 144.02 142.48 150.57 152.54 152.56 153.99 155.9 156.97 155.54 147.99 142.91 139.66 135.24 138.9 141.25 138.1 128.2 133.85 135.87 141.54 141.2 133.64 128.33 122.91 123.8 127.74 115.84 112.08 116.99 119.8 123.17 126.96 133.57 134.6 139.49 144.86 147.87 154.65 161.29 170.02 167.82 170.08 176.28 189.46 201.49 195.58 195.96 196.99 198.9506 -9999 -9999 -9999 -9999 -9999 -9999 -9999 -9999 -9999 -9999 -9999 -9999 -9999 -9999 -9999 -9999 -9999
168.87 158.54 159.32 162 149.35 145.65 144.19 142.4 145.2 148.45 153.08 155.32 154.39 160.55 165.14 161.13 152.26 157.81 151.82 146.03 141.45 141.73 144.15 145.18 131.64 140.77 146.02 157.85 148.32 134.88 128.55 125.9 123.83 119.93 119.85 124.74 125.79 128.54 131.47 136.94 142.41 148.85 152.57 157.83 163.86 168.7 176.74 178.8 179.07 196.78 207.55 207.2 200.9577 -9999 -9999 -9999 -9999 -9999 -9999 -9999 -9999 -9999 -9999 -9999 -9999 -9999 -9999 -9999 -9999 -9999 -9999 -9999 -9999
