layers/wordclim/future/Iberia_wcB2a_10_hadcm3_2020/bio_08.asc
ncols         166
nrows         93
xllcorner     -9.4959440078468
yllcorner     36.000324005443
cellsize      0.083333337679505
NODATA_value  -9999
[rows 33 to 65 of 93, columns 74 to 147 of 166]
82.83 83.06 83.69 85.56 88.56 86.06 87.64 97.13 101.5 100.73 100.65 99.15 98.08 94.49 90.91 89.91 91.57 95.06 97.38 128.46 139.34 143.25 142.29 141.5 146.88 138.48 127.98 126.81 135.59 142.77 150.39 160.72 157.08 149.04 143.41 146.92 153.12 159.42 158.33 152.39 153.22 157.61 155.57 144.69 129.9 162.9 148.4 138.93 134.62 142.04 154.56 -9999 -9999 -9999 -9999 -9999 -9999 -9999 -9999 -9999 -9999 -9999 -9999 -9999 -9999 -9999 -9999 -9999 -9999 -9999 -9999 -9999 -9999 -9999
86.48 88.26 91.56 89.5 85.37 80.24 79.54 90.9 101.02 103.54 100.57 98.7 103.89 98.43 97.43 91.65 97.77 96.31 93.42 107.59 135.58 140.18 140.88 144.77 146.61 139.31 135.87 131.92 138.81 139.35 144.01 149.78 152.04 148.83 140.96 141.77 147.8 154.72 147.14 144.06 149.18 151.45 134.83 108.17 119.25 169.35 162.6 124.68 158.7879 -9999 -9999 -9999 -9999 -9999 -9999 -9999 -9999 -9999 -9999 -9999 -9999 -9999 -9999 -9999 -9999 -9999 -9999 -9999 -9999 -9999 -9999 -9999 -9999 -9999
88.87 92.04 95.4 90.87 82.83 80.99 83.62 89.24 96.93 103.44 102.57 105.47 103.09 99.86 100.19 98.09 95.91 95.08 95.71 91.57 101.19 134.48 143.27 146.94 142.7 129.78 127.97 130.09 131.1 131.02 135.42 133.2 133.23 138.2 136.7 134.25 148.01 146.25 148.06 141.63 143.85 121.12 100.54 87.26 131.38 179.57 175.12 172.67 186.0986 -9999 -9999 -9999 -9999 -9999 -9999 -9999 -9999 -9999 -9999 -9999 -9999 -9999 -9999 -9999 -9999 -9999 -9999 -9999 -9999 -9999 -9999 -9999 -9999 -9999
91.6 96.19 93.85 84 83.9 83.39 81.09 87.59 90.35 104.04 113.53 105.76 94.35 90.66 88.36 92.44 91.17 87.34 88.17 84.93 87.63 105.15 140.14 147.09 139.75 127.54 131.2 131.17 128.16 126.1 127.47 132.57 131.78 135.12 135.14 137.33 140.1 141.6 136.41 119.88 103.63 83.96 99.98 108.53 154.66 178.9 183.36 187 188.2043 188.7791 189.7391 -9999 -9999 -9999 -9999 -9999 -9999 -9999 -9999 -9999 -9999 -9999 -9999 -9999 -9999 -9999 -9999 -9999 -9999 -9999 -9999 -9999 -9999 -9999
95.53 99.25 90.13 87.58 88.31 82.56 80.69 91.83 99.74 108.49 103.4 102.45 98.44 92.75 88.46 87.28 86.79 85.23 81.59 75.68 82.73 82.46 115.71 141.75 146.28 132.45 133.54 137.26 135 127.32 128.09 125.93 123.38 121.48 108.33 127.29 134.15 139.75 136.28 123.06 104.75 114.34 136.64 163.82 175.7 171.59 158.3723 -9999 -9999 -9999 -9999 -9999 -9999 -9999 -9999 -9999 -9999 -9999 -9999 -9999 -9999 -9999 -9999 -9999 -9999 -9999 -9999 -9999 -9999 -9999 -9999 -9999 -9999 -9999
101.5 93.32 88.77 92.9 87.61 83.96 86.26 94.13 101.78 110.4 111.83 114.03 111.02 104.12 95.91 89.41 77.05 78.05 74.02 69.6 75.78 80.38 89.09 136.5 147.82 140.98 135.2 142.47 132.08 102.27 126.41 119.28 99.03 94.63 70.77 101.64 123.97 133.28 130.33 122.48 127.49 140.17 167.14 174.2 180.79 181.94 -9999 -9999 -9999 -9999 -9999 -9999 -9999 -9999 -9999 -9999 -9999 -9999 -9999 -9999 -9999 -9999 -9999 -9999 -9999 -9999 -9999 -9999 -9999 -9999 -9999 -9999 -9999 -9999
95.34 90.31 92.11 91.16 86.76 88.37 93.88 95.22 98.74 101.61 120.88 121.29 110.9 106.23 96.21 88.3 81.34 74.83 74.13 69.83 72.8 80.65 95.39 134.63 146.29 144.47 139.29 143.69 114.4 106.79 104.52 82.2 65.13 68.75 60.77 69.4 101.51 117.06 114.77 112.08 152.98 164.63 170.36 176.23 185.45 188.54 -9999 -9999 -9999 -9999 -9999 -9999 -9999 -9999 -9999 -9999 -9999 -9999 -9999 -9999 -9999 -9999 -9999 -9999 -9999 -9999 -9999 -9999 -9999 -9999 -9999 -9999 -9999 -9999
93.94 93 96.18 92.46 93.91 99.39 96.13 98.07 105.41 110.83 122.27 117.11 115.8 111.55 106.53 91.43 86 78.56 73.65 71.85 78.03 86.57 88.37 101.39 141.51 149.13 151.39 142.71 115.79 121.57 102.96 79.48 61.82 57.49 59.4 75.97 114.91 139.21 144.63 152.22 161.38 172.4 168.81 175.54 182.6747 -9999 -9999 -9999 -9999 -9999 -9999 -9999 -9999 -9999 -9999 -9999 -9999 -9999 -9999 -9999 -9999 -9999 -9999 -9999 -9999 -9999 -9999 -9999 -9999 -9999 -9999 -9999 -9999 -9999
96.89 98.31 95.44 96.29 101.58 97.12 92.13 97.01 105.17 115.84 117.65 113.83 112.1 108.57 104.51 91.99 83.24 80.79 83.7 71.78 75.69 79.02 81.96 88.68 99.28 145.9 154.77 138.27 125.26 141.48 137.56 104.74 78.04 87.54 77.07 93.01 119.71 148.36 155.9 151.05 157.2 179.85 182.88 172 -9999 -9999 -9999 -9999 -9999 -9999 -9999 -9999 -9999 -9999 -9999 -9999 -9999 -9999 -9999 -9999 -9999 -9999 -9999 -9999 -9999 -9999 -9999 -9999 -9999 -9999 -9999 -9999 -9999 -9999
100.85 98.98 100.33 104.21 102.46 91.44 91.37 97.23 114.4 118.49 118.18 116.7 111.64 103.91 110.53 94.53 92.06 89.18 81.43 80.56 79.83 86.59 78.42 95.03 101.03 146.84 140.38 109.25 123.82 141.71 137.45 133.22 128.93 119.37 132.42 120.02 129.21 161.21 173.35 172.17 175.66 181.27 191.6447 -9999 -9999 -9999 -9999 -9999 -9999 -9999 -9999 -9999 -9999 -9999 -9999 -9999 -9999 -9999 -9999 -9999 -9999 -9999 -9999 -9999 -9999 -9999 -9999 -9999 -9999 -9999 -9999 -9999 -9999 -9999
100.69 104.42 107.71 104.8 99.59 91.68 90.66 103.86 111.59 114.95 114.9 110.21 110.74 111.26 110.26 97.77 91.79 88.71 90.73 89.84 92.88 91.13 88.03 98.01 117.21 123.87 101.57 75.19 79.48 114.57 137.96 141.7 145.58 148.18 144.99 150.31 156.66 167.62 178.82 177.44 177.47 188.9205 -9999 -9999 -9999 -9999 -9999 -9999 -9999 -9999 -9999 -9999 -9999 -9999 -9999 -9999 -9999 -9999 -9999 -9999 -9999 -9999 -9999 -9999 -9999 -9999 -9999 -9999 -9999 -9999 -9999 -9999 -9999 -9999
108.86 106.64 102.32 99.85 97.52 93.27 94.23 111.61 117.18 113.98 113.91 108.92 112.31 117.22 112.86 105.28 97.19 101.47 100.97 95.7 100.37 97.33 90.37 99.61 118.41 105.04 89.29 75.28 81.75 108.41 127.34 139.07 140.04 153.41 158.46 167.31 175.22 184.25 184.85 184.72 187.3731 -9999 -9999 -9999 -9999 -9999 -9999 -9999 -9999 -9999 -9999 -9999 -9999 -9999 -9999 -9999 -9999 -9999 -9999 -9999 -9999 -9999 -9999 -9999 -9999 -9999 -9999 -9999 -9999 -9999 -9999 -9999 -9999 -9999
101.82 99.94 98.49 98.46 97.38 94.54 95.7 114.07 123.1 118.4 117.01 114.87 116.3 114.01 112.09 109.04 105.29 110.02 108.85 107.83 102.81 100.32 101.78 106.75 113.19 123.64 113.36 98.79 93.11 82.89 111.11 140.69 150.18 156.54 155.07 164.1 179.38 190.44 194.34 196.7216 -9999 -9999 -9999 -9999 -9999 -9999 -9999 -9999 -9999 -9999 -9999 -9999 -9999 -9999 -9999 -9999 -9999 -9999 -9999 -9999 -9999 -9999 -9999 -9999 -9999 -9999 -9999 -9999 -9999 -9999 -9999 -9999 -9999 -9999
102.39 101.08 100.79 101.03 98.81 96.3 99.94 120.37 123.68 123.1 119.98 119.42 120.86 113.78 110.3 107.32 106.99 111.64 108.29 113 104.95 99.18 105.41 111.56 108.82 120.64 145.34 138.13 134.1 119.82 110.17 137.96 156.05 169.13 172.61 160.39 167.28 188.01 198.0505 -9999 -9999 -9999 -9999 -9999 -9999 -9999 -9999 -9999 -9999 -9999 -9999 -9999 -9999 -9999 -9999 -9999 -9999 -9999 -9999 -9999 -9999 -9999 -9999 -9999 -9999 -9999 -9999 -9999 -9999 -9999 -9999 -9999 -9999 -9999
104 103.41 103.91 102.2 100.88 99.81 109.1 124.1 126.5 125.19 121.96 122.16 123.78 120.07 116.44 110.78 109.99 113.33 112.47 113.42 114.59 113.74 114.65 111.28 110.17 135.5 155.2 154.14 149.99 146.56 152.84 151.87 157.6 161.72 175.88 184.44 185.47 197.03 -9999 -9999 -9999 -9999 -9999 -9999 -9999 -9999 -9999 -9999 -9999 -9999 -9999 -9999 -9999 -9999 -9999 -9999 -9999 -9999 -9999 -9999 -9999 -9999 -9999 -9999 -9999 -9999 -9999 -9999 -9999 -9999 -9999 -9999 -9999 -9999
106.2 105.33 104.46 103.6 102.7 99.49 98.73 122.14 124.52 125.74 122.17 123.45 126.28 124.74 118.12 114.58 113.86 113.89 115.51 118.45 122.37 122.67 118.34 108.78 116.57 129.79 144.35 156.5 168.86 169.58 173.3 179.08 181.84 178.23 146.41 163.19 165.09 167.0789 -9999 -9999 -9999 -9999 -9999 -9999 -9999 -9999 -9999 -9999 -9999 -9999 -9999 -9999 -9999 -9999 -9999 -9999 -9999 -9999 -9999 -9999 -9999 -9999 -9999 -9999 -9999 -9999 -9999 -9999 -9999 -9999 -9999 -9999 -9999 -9999
107.87 107.46 106.66 105.77 102.38 98.8 103.33 115.17 126.92 129.23 124.93 124.5 126.37 126.34 124.98 121.28 119.69 118.66 117.29 116.19 121.86 120.45 118.26 114.9 105.77 103.88 97.17 110.98 153.38 174.74 181.52 181.45 161.33 166.3 157.27 151.62 157.7979 -9999 -9999 -9999 -9999 -9999 -9999 -9999 -9999 -9999 -9999 -9999 -9999 -9999 -9999 -9999 -9999 -9999 -9999 -9999 -9999 -9999 -9999 -9999 -9999 -9999 -9999 -9999 -9999 -9999 -9999 -9999 -9999 -9999 -9999 -9999 -9999 -9999
109.04 108.91 108.08 107.58 106.26 103.99 105.56 117.51 128.52 127.38 129.93 129.73 128.43 124.61 125.02 127.1 125.69 124.69 123.56 123.14 122.45 112.63 106.71 103.87 105.61 109.2 107.32 112.3 118.52 119.75 150.93 155.41 149.7 153.14 154.8 159.38 -9999 -9999 -9999 -9999 -9999 -9999 -9999 -9999 -9999 -9999 -9999 -9999 -9999 -9999 -9999 -9999 -9999 -9999 -9999 -9999 -9999 -9999 -9999 -9999 -9999 -9999 -9999 -9999 -9999 -9999 -9999 -9999 -9999 -9999 -9999 -9999 -9999 -9999
110.03 109.01 106.94 108.44 109.38 108.17 107.6 116.4 124.91 133.32 132.7 132.5 128.55 125.7 129.75 129.1 128.48 127.69 128.62 127.84 112.16 114.39 112.22 110.62 114.57 117.3 115.91 111.34 111.18 113.3 126.98 142.1 149.62 155.25 158.53 161.33 -9999 -9999 -9999 -9999 -9999 -9999 -9999 -9999 -9999 -9999 -9999 -9999 -9999 -9999 -9999 -9999 -9999 -9999 -9999 -9999 -9999 -9999 -9999 -9999 -9999 -9999 -9999 -9999 -9999 -9999 -9999 -9999 -9999 -9999 -9999 -9999 -9999 -9999
111.69 111.19 110.04 111.16 111.3 110.4 110.28 116.34 131.6 132.15 135.81 134.95 132.69 132.31 133.27 131.48 130.95 130.07 125.69 113.04 109.34 112.85 121.59 123.4 122.23 122.39 117.57 117.48 118.59 124.64 137.76 144.85 149.23 153.01 159.59 162.97 -9999 -9999 -9999 -9999 -9999 -9999 -9999 -9999 -9999 -9999 -9999 -9999 -9999 -9999 -9999 -9999 -9999 -9999 -9999 -9999 -9999 -9999 -9999 -9999 -9999 -9999 -9999 -9999 -9999 -9999 -9999 -9999 -9999 -9999 -9999 -9999 -9999 -9999
112.83 112.67 112.55 112.69 112.36 111.76 115.84 133.03 122.92 129.75 136.5 135.71 134.71 134.56 134.02 132.68 133.58 116.11 111.46 111.23 112.38 112.75 113.09 116.29 120.95 123.65 124.39 122.51 121.73 130.19 130.92 133.87 149.82 154.3 160.35 164.24 165.0476 -9999 -9999 -9999 -9999 -9999 -9999 -9999 -9999 -9999 -9999 -9999 -9999 -9999 -9999 -9999 -9999 -9999 -9999 -9999 -9999 -9999 -9999 -9999 -9999 -9999 -9999 -9999 -9999 -9999 -9999 -9999 -9999 -9999 -9999 -9999 -9999 -9999
112.69 112.63 112.52 112.96 112.81 113.31 119.14 123.7 129.84 133.93 129.17 129.81 136.16 131.06 125.09 127.1 116.02 113.79 114.03 114.55 114.58 116.49 116.89 115.79 114.56 113.94 120.82 130.06 116.64 117.03 131.67 140.9 147.16 159.9 162.85 164.65 165.7677 -9999 -9999 -9999 -9999 -9999 -9999 -9999 -9999 -9999 -9999 -9999 -9999 -9999 -9999 -9999 -9999 -9999 -9999 -9999 -9999 -9999 -9999 -9999 -9999 -9999 -9999 -9999 -9999 -9999 -9999 -9999 -9999 -9999 -9999 -9999 -9999 -9999
113.45 113.34 113.29 112.87 115.9 123.63 126.25 122.09 130.27 132.03 130.61 131.95 130.21 120.09 113.24 124.52 119.22 114.55 115.59 116.26 117.1 115.74 113.73 109.76 105.1 108.45 114.77 126.33 111.71 119.47 138.57 146.67 153.32 162.11 163.51 158.22 161.22 -9999 -9999 -9999 -9999 -9999 -9999 -9999 -9999 -9999 -9999 -9999 -9999 -9999 -9999 -9999 -9999 -9999 -9999 -9999 -9999 -9999 -9999 -9999 -9999 -9999 -9999 -9999 -9999 -9999 -9999 -9999 -9999 -9999 -9999 -9999 -9999 -9999
111.32 110.84 110.4 109.06 116.57 124.38 129.11 128.12 127.43 127.75 125.13 127.16 129.86 116.78 113.56 114.89 115.23 115.74 116.14 115 110.87 108.85 104.56 101.12 98.51 105.9 113.53 122.61 112.2 119.43 131.91 144.83 154.38 160.4 161.95 152.62 153.13 165.8148 -9999 -9999 -9999 -9999 -9999 -9999 -9999 -9999 -9999 -9999 -9999 -9999 -9999 -9999 -9999 -9999 -9999 -9999 -9999 -9999 -9999 -9999 -9999 -9999 -9999 -9999 -9999 -9999 -9999 -9999 -9999 -9999 -9999 -9999 -9999 -9999
109.58 105.36 103.71 99.23 98.34 113.38 126.97 126.54 123.52 121.72 119.87 122.88 128.65 120.15 113.52 114.86 115.89 115.98 114.67 108.86 104.7 105.05 101.17 102.71 108 111.5 115.09 114.41 107.87 117.9 129.7 140.78 150.04 154.07 156.33 149.91 147.85 165.08 169.5893 -9999 -9999 -9999 -9999 -9999 -9999 -9999 -9999 -9999 -9999 -9999 -9999 -9999 -9999 -9999 -9999 -9999 -9999 -9999 -9999 -9999 -9999 -9999 -9999 -9999 -9999 -9999 -9999 -9999 -9999 -9999 -9999 -9999 -9999 -9999
107.69 104.9 103.54 100.93 96.94 102.75 127.16 126.59 124.81 123.19 120.95 121.59 122.5 110.39 112.22 114.07 116.49 115.23 113.22 111.24 109 107.63 107.09 109.48 111.7 114.31 118.76 119.67 116.23 122.01 133.57 134.77 140.14 151.56 153.21 148.31 145.59 152.41 165.56 169.6119 -9999 -9999 -9999 -9999 -9999 -9999 -9999 -9999 -9999 -9999 -9999 -9999 -9999 -9999 -9999 -9999 -9999 -9999 -9999 -9999 -9999 -9999 -9999 -9999 -9999 -9999 -9999 -9999 -9999 -9999 -9999 -9999 -9999 -9999
104.89 104.43 103.8 101.69 97.72 95.09 97.88 117.03 124.06 123.03 122.99 124.04 121.79 111.04 108.94 107.79 111.56 110.79 111.11 110.5 109.14 108.62 109.3 111.81 115.68 113.62 112.5 115.89 122.92 131.06 126.83 128.86 134.99 130.32 133.25 144 132.26 134.45 145.37 161.51 165.74 167.1546 -9999 -9999 -9999 -9999 -9999 -9999 -9999 -9999 -9999 -9999 -9999 -9999 -9999 -9999 -9999 -9999 -9999 -9999 -9999 -9999 -9999 -9999 -9999 -9999 -9999 -9999 -9999 -9999 -9999 -9999 -9999 -9999
105.52 104.6 103.45 102.2 99.42 96.38 92.89 109.45 117.45 116.55 117.8 116.22 112.97 111.51 110.28 106.82 106.38 110.84 109.84 111.67 112.59 114.15 115.23 112.34 117.73 120.35 120.22 121.64 132.03 128.57 125.48 123.34 117.5 118.49 129.92 133.84 119.93 129.93 135.01 148.1 161.04 166.494 -9999 -9999 -9999 -9999 -9999 -9999 -9999 -9999 -9999 -9999 -9999 -9999 -9999 -9999 -9999 -9999 -9999 -9999 -9999 -9999 -9999 -9999 -9999 -9999 -9999 -9999 -9999 -9999 -9999 -9999 -9999 -9999
105.46 101.74 102.22 101.75 100.52 95.3 98.87 104.41 112.16 111.68 112.27 105.9 108.02 106.57 103.49 102.62 108.96 113.49 117.03 118.59 119.63 120.74 120.5 117.84 116.92 120.93 126.7 128.22 132.82 135.82 128.69 119.06 123.39 113.67 116.94 120.08 124.52 127.77 158.41 160.1184 -9999 -9999 -9999 -9999 -9999 -9999 -9999 -9999 -9999 -9999 -9999 -9999 -9999 -9999 -9999 -9999 -9999 -9999 -9999 -9999 -9999 -9999 -9999 -9999 -9999 -9999 -9999 -9999 -9999 -9999 -9999 -9999 -9999 -9999
105.07 103.39 103.79 106.36 100.22 104.33 114.5 114.15 108.89 108.36 104.22 103.26 105.74 104.04 106.63 112.37 118.43 120.76 121.12 125.1 129.4 128.64 125.26 125.37 122.7 123.05 129.89 128.27 125.16 135.74 133.71 117.6 128.93 130.7 141.53 134.97 156.41 162.0778 167.2063 -9999 -9999 -9999 -9999 -9999 -9999 -9999 -9999 -9999 -9999 -9999 -9999 -9999 -9999 -9999 -9999 -9999 -9999 -9999 -9999 -9999 -9999 -9999 -9999 -9999 -9999 -9999 -9999 -9999 -9999 -9999 -9999 -9999 -9999 -9999
102.58 98.95 91.81 89.29 104.39 117.7 118.5 111.55 111.27 107.56 101.85 99.29 104.31 109.59 114.53 121.05 120.13 125.21 131.11 133.72 133.46 130.13 126.15 129.4 130.97 128.07 120.45 126.15 131.71 137.2 143.12 134.74 143.44 153.04 161.38 161.8784 -9999 -9999 -9999 -9999 -9999 -9999 -9999 -9999 -9999 -9999 -9999 -9999 -9999 -9999 -9999 -9999 -9999 -9999 -9999 -9999 -9999 -9999 -9999 -9999 -9999 -9999 -9999 -9999 -9999 -9999 -9999 -9999 -9999 -9999 -9999 -9999 -9999 -9999
91.88 94.17 87.44 86.63 109.38 125.93 122.42 116.37 112.71 100.68 99.51 103.5 117.64 122.69 120.68 121.13 127.53 133.55 132.03 135.37 137.35 137.08 138.69 135.31 132.79 135.14 130.67 131.69 129.01 139.41 150.93 154.38 157.39 164.98 168.4359 -9999 -9999 -9999 -9999 -9999 -9999 -9999 -9999 -9999 -9999 -9999 -9999 -9999 -9999 -9999 -9999 -9999 -9999 -9999 -9999 -9999 -9999 -9999 -9999 -9999 -9999 -9999 -9999 -9999 -9999 -9999 -9999 -9999 -9999 -9999 -9999 -9999 -9999 -9999
96.8 90.97 89.64 94.94 130.74 104.33 103.22 113.79 91.53 85.09 101.67 102.06 109.74 107.2 103.91 104.25 114.35 123.66 136.62 141.39 140.41 143.08 146.96 141.63 138.03 128.41 131.42 136.98 136.82 141.63 152.91 160.36 163.88 167.8816 -9999 -9999 -9999 -9999 -9999 -9999 -9999 -9999 -9999 -9999 -9999 -9999 -9999 -9999 -9999 -9999 -9999 -9999 -9999 -9999 -9999 -9999 -9999 -9999 -9999 -9999 -9999 -9999 -9999 -9999 -9999 -9999 -9999 -9999 -9999 -9999 -9999 -9999 -9999 -9999
