layers/wordclim/future/Iberia_wcB2a_10_hadcm3_2020/bio_11.asc
ncols         166
nrows         93
xllcorner     -9.4959440078468
yllcorner     36.000324005443
cellsize      0.083333337679505
NODATA_value  -9999
[rows 0 to 33 of 93, columns 76 to 151 of 166]
-9999 -9999 -9999 -9999 -9999 -9999 -9999 -9999 -9999 -9999 -9999 -9999 -9999 -9999 -9999 -9999 -9999 -9999 -9999 -9999 -9999 -9999 -9999 -9999 -9999 -9999 -9999 -9999 -9999 -9999 -9999 -9999 -9999 -9999 -9999 -9999 -9999 -9999 -9999 -9999 -9999 -9999 -9999 -9999 -9999 -9999 -9999 -9999 -9999 -9999 -9999 -9999 -9999 -9999 -9999 -9999 -9999 -9999 -9999 -9999 -9999 -9999 -9999 -9999 -9999 -9999 -9999 -9999 -9999 -9999 -9999 -9999 -9999 -9999 -9999 -9999
-9999 -9999 -9999 -9999 -9999 -9999 -9999 -9999 -9999 -9999 -9999 -9999 -9999 -9999 -9999 -9999 -9999 -9999 -9999 -9999 -9999 -9999 -9999 -9999 -9999 -9999 -9999 -9999 -9999 -9999 -9999 -9999 -9999 -9999 -9999 -9999 -9999 -9999 -9999 -9999 -9999 -9999 -9999 -9999 -9999 -9999 -9999 -9999 -9999 -9999 -9999 -9999 -9999 -9999 -9999 -9999 -9999 -9999 -9999 -9999 -9999 -9999 -9999 -9999 -9999 -9999 -9999 -9999 -9999 -9999 -9999 -9999 -9999 -9999 -9999 -9999
-9999 -9999 -9999 -9999 -9999 -9999 -9999 -9999 -9999 -9999 -9999 -9999 -9999 -9999 -9999 -9999 -9999 -9999 -9999 -9999 -9999 -9999 -9999 -9999 -9999 -9999 -9999 -9999 -9999 -9999 -9999 -9999 -9999 -9999 -9999 -9999 -9999 -9999 -9999 -9999 -9999 -9999 -9999 -9999 -9999 -9999 -9999 -9999 -9999 -9999 -9999 -9999 -9999 -9999 -9999 -9999 -9999 -9999 -9999 -9999 -9999 -9999 -9999 -9999 -9999 -9999 -9999 -9999 -9999 -9999 -9999 -9999 -9999 -9999 -9999 -9999
-9999 -9999 -9999 -9999 -9999 -9999 -9999 -9999 -9999 -9999 -9999 -9999 -9999 -9999 -9999 -9999 -9999 -9999 -9999 -9999 -9999 -9999 -9999 -9999 -9999 -9999 -9999 -9999 -9999 -9999 -9999 -9999 -9999 -9999 -9999 -9999 -9999 -9999 -9999 -9999 -9999 -9999 -9999 -9999 -9999 -9999 -9999 -9999 -9999 -9999 -9999 -9999 -9999 -9999 -9999 -9999 -9999 -9999 -9999 -9999 -9999 -9999 -9999 -9999 -9999 -9999 -9999 -9999 -9999 -9999 -9999 -9999 -9999 -9999 -9999 -9999
-9999 -9999 93.82758 92.72 88.34 91.4186 91.07692 92.83636 -9999 -9999 -9999 -9999 -9999 -9999 -9999 -9999 -9999 -9999 -9999 -9999 -9999 -9999 -9999 -9999 -9999 -9999 -9999 -9999 -9999 -9999 -9999 -9999 -9999 -9999 -9999 -9999 -9999 -9999 -9999 -9999 -9999 -9999 -9999 -9999 -9999 -9999 -9999 -9999 -9999 -9999 -9999 -9999 -9999 -9999 -9999 -9999 -9999 -9999 -9999 -9999 -9999 -9999 -9999 -9999 -9999 -9999 -9999 -9999 -9999 -9999 -9999 -9999 -9999 -9999 -9999 -9999
85.13 84.72449 94.38383 90.9 91.8 90.97 89.34 86.1 90.85859 90.65753 96.05 97 98.52459 97.34524 96.63541 90.93 78.3 81.71622 -9999 -9999 -9999 -9999 -9999 -9999 -9999 -9999 -9999 -9999 -9999 -9999 -9999 -9999 -9999 -9999 -9999 -9999 -9999 -9999 -9999 -9999 -9999 -9999 -9999 -9999 -9999 -9999 -9999 -9999 -9999 -9999 -9999 -9999 -9999 -9999 -9999 -9999 -9999 -9999 -9999 -9999 -9999 -9999 -9999 -9999 -9999 -9999 -9999 -9999 -9999 -9999 -9999 -9999 -9999 -9999 -9999 -9999
82.27 80.98 77.87 87.93 89.04 86.16 78.64 79.52 82.05 81.35 83.05 82.31 83.67 91.61 80.25 79.88 63.04 75.4 68.36 59.04 56.66 -9999 -9999 -9999 -9999 -9999 -9999 -9999 -9999 -9999 -9999 -9999 -9999 -9999 -9999 -9999 -9999 -9999 -9999 -9999 -9999 -9999 -9999 -9999 -9999 -9999 -9999 -9999 -9999 -9999 -9999 -9999 -9999 -9999 -9999 -9999 -9999 -9999 -9999 -9999 -9999 -9999 -9999 -9999 -9999 -9999 -9999 -9999 -9999 -9999 -9999 -9999 -9999 -9999 -9999 -9999
79.41 78.1 79.36 79.8 80.87 70.09 76.15 78.69 78.94 75.34 74.43 74.01 77.55 79.75 64.91 57.24 55.18 67.45 67.71 63.41 51.75343 -9999 -9999 -9999 -9999 -9999 -9999 -9999 -9999 -9999 -9999 -9999 -9999 -9999 -9999 -9999 -9999 -9999 -9999 -9999 -9999 -9999 -9999 -9999 -9999 -9999 -9999 -9999 -9999 -9999 -9999 -9999 -9999 -9999 -9999 -9999 -9999 -9999 -9999 -9999 -9999 -9999 -9999 -9999 -9999 -9999 -9999 -9999 -9999 -9999 -9999 -9999 -9999 -9999 -9999 -9999
55.88 74.04 74.63 59.62 43.64 60.76 60.55 73.57 77.1 67.45 75.69 80.91 75.99 61.44 62.62 47.78 48.37 48.15 43.49 34.65 33.1375 -9999 28.17857 25.58928 -9999 -9999 -9999 -9999 -9999 -9999 -9999 -9999 -9999 -9999 -9999 -9999 -9999 -9999 -9999 -9999 -9999 -9999 -9999 -9999 -9999 -9999 -9999 -9999 -9999 -9999 -9999 -9999 -9999 -9999 -9999 -9999 -9999 -9999 -9999 -9999 -9999 -9999 -9999 -9999 -9999 -9999 -9999 -9999 -9999 -9999 -9999 -9999 -9999 -9999 -9999 -9999
50.77 54.58 57.9 60.97 55.16 62.73 63.3 56.69 53.69 42.78 55.31 62.28 55.1 43.41 45.99 51.77 52.87 51.58 50.75 42.64 39.04 33.62 30.64 28.49 24.52 17.6129 14.01639 9.38 -5.206897 -9999 -9999 -9999 -9999 -9999 -9999 -9999 -9999 -9999 -9999 -9999 -9999 -9999 -9999 -9999 -9999 -9999 -9999 -9999 -9999 -9999 -9999 -9999 -9999 -9999 -9999 -9999 -9999 -9999 -9999 -9999 -9999 -9999 -9999 -9999 -9999 -9999 -9999 -9999 -9999 -9999 -9999 -9999 -9999 -9999 -9999 -9999
52.73 51.48 49.39 52.11 61.22 65.93 65.46 63.86 61.37 60.03 49.23 50.89 49.97 48.68 37.54 49.63 58.68 55.57 50.7 46.91 41.12 39.14 34.49 24.37 31.17 22.42 20.61 13.57 -4.76 -10.36842 -9999 -9999 -9999 -9999 -9999 -9999 -9999 -9999 -9999 -9999 -9999 -9999 -9999 -9999 -9999 -9999 -9999 -9999 -9999 -9999 -9999 -9999 -9999 -9999 -9999 -9999 -9999 -9999 -9999 -9999 -9999 -9999 -9999 -9999 -9999 -9999 -9999 -9999 -9999 -9999 -9999 -9999 -9999 -9999 -9999 -9999
47.08 62.25 54.77 61.05 61.02 55.85 54.3 49.56 50.27 43.32 40.55 44.14 45.53 36.08 41.21 45.62 57.9 59.18 57.33 50.35 50.05 49.72 41.62 38.23 36.5 33 31.52 18.8 8.29 -0.56 -18.1828 -14.79105 -24.0641 -16.79545 -32.9697 -41.13433 -9999 -9999 -9999 -9999 -9999 -9999 -9999 -9999 -9999 -9999 11.27 -6.53 -26.19231 -30.32727 -9999 -9999 -9999 -9999 -9999 -9999 -9999 -9999 -9999 -9999 -9999 -9999 -9999 -9999 -9999 -9999 -9999 -9999 -9999 -9999 -9999 -9999 -9999 -9999 -9999 -9999
47.01 64.6 65.9 64.55 58.69 57.32 54.81 46.55 50.3 50.96 49.51 48.59 51.21 56.99 60.64 55.99 57.2 50.48 49.61 44.17 43.67 48.31 52.61 44.14 38.72 33.96 36.14 30.24 27.81 24.46 9.37 0.45 -27.09 -16.12 -1.5 -31.18 -20.55435 -9999 -9999 -9999 -20.68056 -9999 -36.48148 -9999 -9999 -9999 -3.397959 4.82 -8.06 -18.28 -24.7 -11.84146 -24.28572 -22.90909 -9999 -9999 -9999 -9999 -9999 -9999 -9999 -9999 -9999 -9999 -9999 -9999 -9999 -9999 -9999 -9999 -9999 -9999 -9999 -9999 -9999 -9999
50.2 54.96 59.08 62.7 54.26 45.64 43.16 48.05 48.78 48.82 50.82 58.76 58.1 56.35 61.2 63.82 62.16 53.26 49.54 40.01 40.57 46.22 52.28 45.33 39.92 44.37 44.35 45.5 36 29.47 26.92 23.01 10.3 5.69 13.78 -2.89 5.2 -13.93 -22.51 -8.44 2.86 -20.88 -20.79 -34.68 -9.61 -44.65 -35.74 -27.1 -29.21 -30.55 -17.51 10.58 -6.63 -7.09 -28.94845 -9999 -9999 -9999 -9999 -9999 -9999 -9999 -9999 -9999 -9999 -9999 -9999 -9999 -9999 -9999 -9999 -9999 -9999 -9999 -9999 -9999
49.83 57.89 62.23 63.01 64.31 63.11 61.36 61.37 59.23 58.28 60.14 63.08 62.44 63.87 63.98 66.2 65.15 58.55 53.67 45.56 50.16 56.01 54.87 53.24 44.37 40.21 33.14 40.09 42.75 33.66 33.45 26.78 29.2 30.51 17.02 6.19 14.39 9.77 14.36 27.78 18.18 -14 -8.65 6.69 -11.99 -19.57 -8.85 -12.73 -20.71 -34.43 -30.02 7.37 19.8 6.77 -14.72 -9999 -9999 -9999 -9999 -9999 -9999 -9999 -9999 -9999 -9999 -9999 -9999 -9999 -9999 -9999 -9999 -9999 -9999 -9999 -9999 -9999
50.27 52.87 56.76 56.75 59.66 62.96 61.01 63.14 65 64.65 65.92 66.02 63.93 64.93 65.29 63.41 65.19 61.17 62.11 54.62 52.85 54.47 45.75 41.75 38.41 37.57 30.71 29.78 37.43 35.68 36.33 31.85 34.4 34.36 23.11 16.43 14.02 28.62 29.05 39.82 24.28 13.91 14.62 14.02 2.8 11.5 19.96 5.15 -20.24 -14.91 -11.96 16.13 9.93 -0.86 -2.37 -9999 -9999 -24.19048 -21.41053 -9.348314 19.77778 29.23529 -9999 -9999 -9999 -9999 -9999 -9999 -9999 -9999 -9999 -9999 76.85714 70.44118 76.20755 -9999
35.17 35.41 43.14 47.08 57.3 55.18 45.25 53.27 56.51 58.97 58.8 61.99 63.91 66.79 66.44 63.84 66.65 65.63 64.76 63.09 60.95 60.26 55.07 45.78 42.49 38.49 34.48 32.93 38.36 40.85 32.72 32.11 31.36 27.18 26.6 22.96 19.54 20.01 32.22 42.44 43.21 38.24 29.97 23.22 14.54 10.41 21.38 20.85 17.8 22.28 16.96 24.37 -0.3 12.38 30.46 36.62 23.92 20 24.74 29.5 28.57 16.06849 -9999 -9.8375 -8.93 10.2 23.82353 -9999 -9999 -9999 63.19149 79.11 89.72 92.78 93.28 92.14606
21.92 30.81 21.79 32.45 46.51 36.93 31.27 39.4 38.19 35.93 43.61 41 54.64 63.74 67.01 66.92 66.84 67.19 63.74 60.94 61.24 60.73 58.43 53.93 50.28 46.82 45.05 41.64 47.63 47.5 41.45 31.71 23.88 22.71 20.98 12.46 19.35 23.52 31.03 42.92 47.19 35.19 39.96 28.08 35.43 25.11 34.22 27.25 19.06 35.68 37.48 14.42 9.8 21.74 43.07 29.59 11.92 2.85 3.25 16.85 14.83 13.08 19.93 30.28 25.72 28.55 45.88 57.51 61.21 61.11 68.79 82.1 90.11 97.14 99.93 98.70786
10.56 13.22 10.4 25.06 30.05 26.71 36.64 30.39 35.97 28.04 38.62 41.54 49.37 56.47 58.24 66.06 69.45 69.4 65.9 65.87 65.81 62.01 61.22 59.72 59.65 55.57 51.88 49.39 53.07 54.62 53.73 52.52 48.88 45.51 40.38 42.07 42.44 36.6 38.77 38.77 48.04 41.45 48.84 43.5 37.48 34.48 42.34 31.95 41.32 48.97 31.23 12.76 25.08 41.16 38.6 19.76 10.02 10.06 16.92 23.19 41.62 33.59 38.92 46.58 52.56 47.19 53.07 71.08 73.23 79.34 82.61 87.71 93.04 97.4 101.6526 -9999
25.68 21.86 28.54 25.5 15.91 21.56 26.46 21.12 17.14 23.88 31.23 31.98 38.82 44.32 46.54 60.98 66.64 66.86 69 67.64 63.56 61.46 64.74 65.41 65.16 62.82 59.74 57.84 59.4 59.11 56.79 55.06 56.17 55.7 51.23 52.04 52.82 50.12 51.4 50.3 54.65 47.52 47.84 39.9 40.13 38.71 45.75 38.29 52.98 52.06 49.58 33.3 31.3 45.04 36.32 28.47 24.85 38.37 34.29 24.74 53.51 50.88 52.62 52.18 59.37 47.47 47.14 68.39 66.31 75.08 81.39 88.75 92.44 97.09 100.98 104.6866
16.29 12.26 11.32 4.8 8.71 8.2 8.9 10.46 18.16 26.23 23.56 29.41 34.91 46.33 53.86 57.25 60.83 66.73 69.13 69.62 66.18 59.5 60.49 67.93 63.52 57.32 55.49 57.76 63.22 60.5 61.28 58.71 60.28 59.73 55.39 55.62 57.05 55.85 57.33 59.2 60.2 44.68 41.4 40.8 46.97 43.93 36.71 34.94 49.34 34.72 39.88 44.01 51.46 59.69 55.15 51.9 52.02 50.15 48.44 57.04 67.45 62.73 62.48 59.15 64.13 70.08 59.68 53.75 69.92 78.39 78.75 88.88 94.15 97.82 103 105
32.12 30.03 24.52 14.81 19.46 12.41 20.59 21.24 27.45 22.14 21.15 27.2 34.05 43.39 47.7 50.24 51.51 62.27 64.17 67.82 71.41 70.08 69.61 69.08 63.95 56.92 49.88 56.14 65.8 64.09 59.5 60.07 63.68 64.46 60.89 59.78 61.34 58.81 62.05 63.14 62.86 57.13 52.23 46.69 47.51 50.24 43.86 49.25 52.65 44.22 57.55 62.03 61.95 60.83 56.99 51.32 57.88 65.73 65.85 65.26 72.41 68.77 70.26 64.99 68.74 74.47 70.02 67.3 70.18 82.11 87.12 91.48 88.34 93.99 101.82 105.16
32.61 30.27 29.37 30.15 32.28 33.63 34.5 33.43 36.1 35.74 30.39 28 32.59 36.33 36.36 42.15 49.17 54.14 53.04 59.44 68.2 70.08 72.63 71.2 61.18 56.94 57.15 60.98 68.11 65.24 59.93 55.89 62.61 64.76 67.13 66.54 64.92 59.33 64.24 68.04 65.09 62.78 60.37 58.4 57.99 55.21 53.96 56.76 61.8 62.09 66.42 64.17 67.44 67.02 62.06 58.58 56.85 65.71 73.95 73.15 79.2 77.29 72.06 60 68.37 70.13 65.14 59.88 68.81 81.27 90.12 91.94 92.92 90.94 97.02 103.6575
34.95 34.65 32.55 32.17 32.62 32.59 32.79 37.69 38.98 37.14 34.09 32.3 32.98 32.4 31.66 13.94 22.18 45.12 51.6 58.09 62.67 66.52 70.18 73.38 72.74 68.46 64.36 68.59 71.16 66.19 62.08 55.04 57.89 63.59 66.82 69.49 67.58 66.75 69.54 70.75 66.28 68.25 68.63 67.43 63.36 64.95 65.53 68.97 69.89 69.87 69.82 70.16 68.01 67.11 67.13 66.35 61.63 62.29 71.43 82.67 84.79 82.67 72.74 65.09 67.17 63.34 53.58 57.76 83 89.26 94.69 94.24 92.11 95.35416 -9999 -9999
39.34 38.98 36.53 38.27 36.22 33.82 35.85 37.18 38.78 40.06 38.45 36.3 36.4 33.09 26.72 22.46 18.11 27.75 40.71 46.9 57.65 63.86 67.26 71.03 73.11 75.36 74.61 73.65 74.02 66.2 61.94 57.71 54.77 56.38 61.99 68.78 71.17 71.66 73.41 74.14 70.91 72.42 71.98 66.49 64.12 68.64 71.03 73.1 73.88 74.64 74.23 73.14 70.77 67.61 63.22 62.12 64.91 68.02 75.39 86.97 88.95 77.2 72.45 71.17 77.43 79.01 78.48 88.07 92.8 92.71 98.91837 97.55173 97.57143 -9999 -9999 -9999
41.09 42.25 40.79 40.47 40.15 41.02 39.94 37.95 38.69 41.33 40.46 37.65 36.72 34.07 31.92 30.22 34.23 38.5 47.09 48.42 53.46 64.21 68.8 65.38 63.27 68.81 73.2 75.32 77.8 74.6 70.23 70.39 67.89 61.27 58.03 62.45 64.73 62.68 68.68 73.02 75.5 75.84 72.25 70.45 71.29 72.94 73.4 74.4 74.73 75.07 75.31 73.48 68.82 65.58 63.71 66.48 74.16 76.63 76.67 77.04 90.6 76.35 80.87 89.41 96.85 97.62 94.99 89.72 91.79798 94.0921 -9999 -9999 -9999 -9999 -9999 -9999
45.43 44.76 42.24 43.08 43.94 41.75 40.7 39.59 41.1 38.39 36.43 37.49 38.18 34.55 36.3 36.37 38.14 37.57 49.91 56.04 58.02 66.14 68.03 63.52 56.81 63.44 64.86 66.07 71.93 75.83 78.73 77.09 74.34 71.54 68.73 66.45 70.33 70.89 70.33 72.77 71.93 76.62 77.05 78.19 77.88 75.24 74.16 74.76 75.35 74.1 71.56 67.53 62.95 60.49 63.11 66.94 76.58 83.11 84.09 87.97 96.69 95.28 96.92 102.01 104.71 99.26 98.25532 -9999 -9999 -9999 -9999 -9999 -9999 -9999 -9999 -9999
40.83 41.67 42.03 42.61 41.78 41.67 42.86 43.1 40.88 36.89 36.45 42.18 41.05 40.04 39.79 42.49 46.53 44.15 42.29 57.59 58.82 64.17 65.32 60.95 60.66 60.5 55.49 58.45 64.16 70.62 76.04 80.75 79.92 75.22 71.31 71.34 72.85 73.58 76.26 77.34 76.12 73.93 84.35 81.48 77.62 74.88 72.18 70.29 69.8 70.4 67.24 68.62 71.29 67.32 68.01 65.63 70.53 81.07 92.91 98.13 99.43 103.52 104.15 103 106.7872 -9999 -9999 -9999 -9999 -9999 -9999 -9999 -9999 -9999 -9999 -9999
33.35 32.08 32.64 37.06 39.03 36.82 37.15 38.33 39.53 38.99 41.78 46.33 45.13 43.1 43.96 43.34 51.61 50.69 56.06 45.05 43.19 43.71 54.01 57.92 54.64 55.98 50.72 58.6 67.47 72.01 77.34 79.5 82.01 79.58 74.69 74.42 74.73 75.35 77.87 83.32 79.42 82.02 80.73 77.18 74.76 71.32 67.92 65.77 64.51 61.68 65.39 71.19 79.77 79.34 80.16 71.71 80 93.33 97.65 96.06 89.56 100.39 108.87 108.9894 -9999 -9999 -9999 -9999 -9999 -9999 -9999 -9999 -9999 -9999 -9999 -9999
26.57 27.71 31.2 33.93 35.53 36.54 35.56 35.67 35.3 38.55 44.87 47.39 49.06 49.51 50.49 48.76 50.3 52.27 53.27 46.01 38.9 38.17 41.64 48.61 47.68 48.2 49.84 55.71 63.41 68.9 73.35 77.06 80.38 83.99 84.68 85.86 86.53 88.24 88.91 86.36 81.16 80.93 82.98 82.04 86 82.64 74.77 63.26 60.42 56.95 53.71 70.37 91.09 92.63 91.68 90.13 97.54 101.42 99.9 103.32 95.94898 102.9506 112.9265 -9999 -9999 -9999 -9999 -9999 -9999 -9999 -9999 -9999 -9999 -9999 -9999 -9999
21.44 27.49 36.64 36.25 39.26 40.47 34.2 34.18 34.23 38.2 42.77 44.66 42.99 40.44 41.23 44.03 46.79 41.35 42.33 44.92 39.47 37.88 38.02 37.38 39.55 43.73 48.97 54.66 58.35 63.44 71.12 76.49 80.07 81.93 82.69 84.92 87.5 88.46 87.78 84.49 88.12 88.53 88.34 84.72 95.57 91.13 82.8 84.5 77.31 73.18 83.2 90.79 101.56 100.7 101.3 101.2653 107.0506 106.1212 -9999 -9999 -9999 -9999 -9999 -9999 -9999 -9999 -9999 -9999 -9999 -9999 -9999 -9999 -9999 -9999 -9999 -9999
28.63 32.51 35.9 37.86 41.52 41.63 35.97 34.31 34.22 32.85 30.76 28.94 28.95 32.17 34.59 35.41 37.16 34.44 32.91 35.28 42.13 38.26 36.44 33.12 33.79 39.64 44.8 50.17 50.61 49.07 60.56 71.61 72.98 75.95 78.99 80.96 79.06 85.61 85.57 84.19 88.35 84.56 82.18 79.19 91.42 99.08 99.12 89.57 78.23 94.66 102.58 106.17 108.3333 -9999 -9999 -9999 -9999 -9999 -9999 -9999 -9999 -9999 -9999 -9999 -9999 -9999 -9999 -9999 -9999 -9999 -9999 -9999 -9999 -9999 -9999 -9999
34.66 43.18 44.21 43.49 43.8 40.14 37.65 34.62 32.76 32.48 28.26 25.27 26.08 30.01 26.09 27.94 30.35 32.41 32.29 30.78 29.93 39.7 33.45 29.82 23.45 30.22 40.04 45.69 49.22 52.75 58.97 63.37 63.46 69.1 74.21 79.76 81.31 79.13 77.4 81.32 83.58 82.1 85.21 86.75 96.82 106.94 93.67 83.39 91.11 106.8451 -9999 -9999 -9999 -9999 -9999 -9999 -9999 -9999 -9999 -9999 -9999 -9999 -9999 -9999 -9999 -9999 -9999 -9999 -9999 -9999 -9999 -9999 -9999 -9999 -9999 -9999
45.65 47.07 49.68 47.34 44.84 40.32 36.83 35.71 35.36 33.71 32.63 29.21 26.31 25.33 26.48 28.94 30.81 30.86 30.61 34.23 33.28 32.7 37.35 31.21 23.57 23.23 31.1 37.95 45.33 55.34 56.74 57.13 55.92 62.74 70.3 77.92 78.07 71.97 73.88 79.41 77.78 82.67 81.03 101.36 98.69 96 98.91 96.68 100.06 -9999 -9999 -9999 -9999 -9999 -9999 -9999 -9999 -9999 -9999 -9999 -9999 -9999 -9999 -9999 -9999 -9999 -9999 -9999 -9999 -9999 -9999 -9999 -9999 -9999 -9999 -9999
