layers/wordclim/future/Iberia_wcB2a_10_hadcm3_2020/bio_17.asc
ncols         166
nrows         93
xllcorner     -9.4959440078468
yllcorner     36.000324005443
cellsize      0.083333337679505
NODATA_value  -9999
[rows 0 to 33 of 93, columns 0 to 77 of 166]
-9999 -9999 -9999 -9999 -9999 -9999 -9999 -9999 -9999 -9999 -9999 -9999 -9999 -9999 -9999 -9999 -9999 131.4146 143.9861 127.6269 127.9091 130.3523 126.6232 126.1061 -9999 -9999 -9999 -9999 -9999 -9999 -9999 -9999 -9999 -9999 -9999 -9999 -9999 -9999 -9999 -9999 -9999 -9999 -9999 -9999 -9999 -9999 -9999 -9999 -9999 -9999 -9999 -9999 -9999 -9999 -9999 -9999 -9999 -9999 -9999 -9999 -9999 -9999 -9999 -9999 -9999 -9999 -9999 -9999 -9999 -9999 -9999 -9999 -9999 -9999 -9999 -9999 -9999 -9999
-9999 -9999 -9999 -9999 -9999 -9999 -9999 -9999 -9999 -9999 -9999 -9999 -9999 -9999 -9999 -9999 126.5152 129.4947 133.57 127.43 136.21 137.74 128.6566 137.24 135.25 126.8557 -9999 -9999 -9999 -9999 -9999 -9999 -9999 -9999 -9999 -9999 -9999 -9999 -9999 -9999 -9999 -9999 -9999 129.125 127.25 -9999 -9999 -9999 -9999 -9999 -9999 -9999 -9999 -9999 -9999 -9999 -9999 -9999 -9999 -9999 -9999 -9999 -9999 -9999 -9999 -9999 -9999 -9999 -9999 -9999 -9999 -9999 -9999 -9999 -9999 -9999 -9999 -9999
-9999 -9999 -9999 -9999 -9999 -9999 -9999 -9999 -9999 -9999 -9999 -9999 -9999 -9999 124.2407 122.3579 125.6162 127.37 131.5 139.56 144.5 141.92 136.9 143.86 127.7 121.1 120.3789 120.5063 120.3944 115.5818 116.675 118.0357 120.8158 117.1299 123.443 121.1364 123.2329 128.5556 131.6932 130.4124 130.5897 129.7381 128.2727 127.95 129.94 126.1169 126 129.7167 130.1017 -9999 -9999 -9999 -9999 -9999 -9999 -9999 -9999 -9999 -9999 -9999 -9999 -9999 -9999 -9999 -9999 -9999 -9999 -9999 -9999 -9999 -9999 -9999 -9999 -9999 -9999 -9999 -9999 -9999
-9999 -9999 -9999 -9999 -9999 -9999 -9999 -9999 -9999 -9999 -9999 -9999 -9999 -9999 -9999 -9999 130.1515 138.44 141.2 136.81 141.53 147.53 150.64 149.09 137.42 125.19 118.69 125.2 116.88 117.404 126.88 130.82 131.35 123.79 137.34 131.12 128.04 133.65 142.21 132.68 127.2929 135.54 137.72 133.53 131.71 131.68 136.46 136.56 127.86 129.7 130.03 132.1667 125.2949 122.4915 123.8 -9999 -9999 -9999 -9999 -9999 -9999 -9999 -9999 -9999 -9999 -9999 -9999 136.0822 -9999 140.6508 145.1771 145.2759 148.3478 -9999 -9999 -9999 -9999 -9999
-9999 -9999 -9999 -9999 -9999 -9999 -9999 -9999 -9999 -9999 -9999 -9999 -9999 -9999 119.8955 120.6875 128.44 137.05 138.49 141.11 137.75 138.47 136.67 140.92 135.99 132.43 127.34 120.54 121.47 131.74 140.27 134.09 127.91 132.48 137.74 129.32 137.35 143.16 135.18 128.97 129.36 126.67 127.45 134.48 130.98 131.54 133.37 132.4 131.22 130.5 128.89 123.21 122.83 129.67 130.96 133.61 139.39 132.2872 126.8765 122.9452 122.7403 122.2692 125.2639 129.6626 130.4898 129.25 133.21 135.46 138.6667 139.22 144.98 146.36 145.0595 152.13 154.6067 152.537 -9999 -9999
-9999 -9999 -9999 -9999 -9999 -9999 121.7407 120.025 122.8378 -9999 124.9054 125.7711 125.64 120.5354 119.87 -9999 128.39 135.97 142.95 139.45 134.17 130.17 128.81 125.54 127.7 126.13 125.97 119.19 131.29 133.68 131.89 122.66 127.3 139.11 138.62 129.71 127.03 129.12 135.41 132.94 136.41 136.75 134.45 131.67 132.92 132.01 133.92 139.42 140.01 133.45 140.07 134.15 129.24 139.1 145.83 142.6 137.03 142.92 133.03 135.62 128.63 132.29 131.9 131.13 135.32 132.27 134.54 135.96 144.17 150.44 150.68 150.83 147.37 154.46 157.07 160.12 156.55 159.2143
-9999 -9999 -9999 -9999 -9999 -9999 123.274 123.3 124.52 124.5 128.99 141 137.72 132.48 125.24 124.93 133.65 136.62 139.12 135.26 132.01 125.95 124.51 120.51 119.66 121.55 125.4 121.73 125.84 128.45 123.15 117.95 130.84 138.56 128 125 127.55 138.38 136.58 140.06 141.09 134.38 149.34 137.56 129.6 135.49 137.28 134.58 137.15 137.96 148.94 141.45 139.52 151.88 177.28 164.37 171.25 166.53 139.58 147.02 141.73 136.97 135.11 141.32 137.8 133.69 138.98 140.69 143.13 155.55 165.94 154.99 149.33 150.07 153.63 152.67 151.64 154.24
-9999 -9999 -9999 -9999 115.4194 124.09 125.72 132.27 136.83 137.23 142.97 141.86 139.2 140.32 135.71 138.3 140.62 138.25 137.72 132.48 129.32 126.19 119.61 118.03 118.09 120.96 125.18 119.91 129.35 124.74 126.33 118.51 126.72 132.72 125.94 123.87 134.98 145.63 133.94 143.55 140.13 143.42 135.09 135.46 130.43 135.87 135.66 135.95 143.63 148.72 144.76 149.18 153.82 144.81 157.81 165.04 157.91 138.76 131.76 137.41 155.2 146.55 143.26 143.41 143 134.85 143.79 140.01 144.15 158.42 163.36 158.49 155.3 150.53 143.81 145.61 145 146.62
-9999 -9999 -9999 113.1134 118.76 129.6 131.77 136.2 138.98 141.25 140.44 140.5 136.01 136.64 135.64 134.78 135.63 137.27 140.69 133.68 126.63 124.19 118.75 117.12 119.05 119.59 123.5 123.88 117.95 117.36 110.9 112.48 126.1 133.6 122.7 135.31 135.48 155.16 157.03 151.49 162.22 151.43 157.82 137.2 130.13 149.94 152.67 147.47 153.01 156.59 145.78 152.62 144.8 141.28 151.19 151.38 164.07 161.3 150.62 142.33 148.09 162.4 154.01 143.83 141.66 139.55 140.58 140.49 143.2 143.89 141.03 141.59 143.14 144.72 143.52 147.41 148.68 139.65
-9999 -9999 -9999 110.6235 123.6061 129.29 132.92 134.69 135.49 137.65 136.78 136.37 136.57 136.3 136.47 135.76 132.61 136.15 133.91 133.4 126.48 125.16 120.67 113.17 109.97 110.91 118.2 117.31 116.85 107.48 107.61 117.16 118.21 127.79 131.51 137.99 145.36 137.63 137.98 138.14 143.62 138.41 140.63 145.36 139.73 137.91 142.18 138.02 144.79 139.54 130.77 136.69 137.13 135.43 133.15 141.7 155.09 157.56 152.69 141.53 136.68 154.69 147.64 135.16 133.78 133.23 132.54 134.13 134.64 133.86 131.5 129.44 131.74 135.72 137.18 139.32 142.44 140.81
-9999 -9999 -9999 -9999 115.8793 130.12 130.65 129.08 133.74 129.28 126.9 135.46 139.94 132.62 131.97 130.52 125.29 125.38 125.68 125.85 125.64 119.14 113.02 107.97 104.52 106.61 110.34 114.2 106.83 104.84 114.93 128.28 138.78 137.74 127.61 130.03 127.23 133.68 145.03 139.11 143.89 143.65 134.28 126.5 137.43 128.26 126.52 124.84 130.58 123.43 122.92 128.66 123.96 129.12 125.02 135.29 136.25 136.13 135.62 126.85 124.04 125.35 125.79 124.85 125.76 125.57 128.9 125.11 126.45 124.24 127.4 126.72 123.77 127.72 131.44 134.32 132.01 135.29
-9999 -9999 -9999 -9999 112.125 116.375 116.8939 117.3956 138.74 129.96 126.86 124.78 129.63 125.24 124.81 132.52 128.71 128.24 128.87 123.37 123.16 118.21 107.98 111.35 109.21 101.12 111.13 114.01 109.28 111.33 115.59 135.94 123.25 113.72 105.59 108.3 122.21 135.28 136.25 134.15 125.22 119.92 115.6 115.04 113.88 117.08 111.55 111.16 113.44 111.15 112.24 113.28 111.87 115.56 112.95 118.1 121.55 115.71 116.18 117.95 116.03 115.8 113.52 114.95 118.45 116.51 117.32 121.6 119.59 120.99 125.19 121.66 121.13 117.61 117.85 120.35 127.8 120.11
-9999 -9999 -9999 -9999 -9999 -9999 131.3913 122.88 127.6 121.17 126.66 131.41 128.03 137.69 134.13 132.92 134.26 129.06 129.69 128.79 117.76 107.94 113.34 113.17 106.59 104.87 112.37 121.8 122.99 117.08 110.04 116.57 102.69 94.28 96.22 94.72 103.76 107.55 107.7 110.64 114.96 113.37 108.76 104.9 103.89 106.02 101.52 101.49 103.03 100.41 104.32 102.53 103.64 103.45 104.82 107.15 108.13 107.58 106.16 107.61 105.48 106.88 106.09 110.11 112.02 112.35 112.53 113.71 113.28 115.76 120.42 116.67 110.11 116.49 115.85 121.95 119.94 110.25
-9999 -9999 -9999 -9999 -9999 110.9153 121.9894 -9999 -9999 126.18 126.32 135.42 139.58 142.58 143.97 132.34 129.87 130.4 129.46 127.31 113.85 105.25 107.02 102.77 92.02 99.98 110.34 108.64 113.12 118.95 105.43 97 88.13 80.47 78.96 82.71 84.83 88.27 95.28 102.07 99.83 96.03 96.77 94.53 94.84 95.4 91.35 92.34 93.45 93.68 94.46 93.27 96.47 94.26 97.74 98.45 97.86 98.11 96.21 98.21 97.62 96.53 98.25 101.33 102.98 105.42 106.13 107.31 108.45 110.42 109.98 105.95 102.73 103.21 105.36 108.07 109.98 108.44
-9999 -9999 -9999 -9999 -9999 -9999 -9999 110 115.506 119.24 126.81 134.35 137.93 138.46 141.16 136.97 130.26 130.23 128.5 120.35 112.51 101.63 99.35 87.99 86.85 90.6 97.29 99.48 108.92 108.65 100.35 85.55 77.48 72.95 73.09 78.29 93 101.08 103.72 100.56 92.3 88.83 88.49 86.36 86.6 86.54 84.58 84.82 84.9 85.75 87.09 88.47 88.64 86.58 89.44 90.97 89.25 90.11 89.7 89.04 89.83 89.37 90.98 91.95 92.04 93.5 96.32 101.03 100.84 101.84 100.25 99.47 103.61 103.03 102.07 103.56 103.2 99.28
-9999 -9999 -9999 -9999 -9999 -9999 -9999 110.7083 117.5978 128.5506 122.19 130.83 138.54 143.22 136.97 127.99 120.77 115.39 110.11 106.97 103.03 98.67 92.88 88.69 92.59 91.03 87.99 86.46 99.46 92.33 86.69 79.25 75.75 84.87 98.25 95.75 105.69 107.8 95.93 88.88 83.87 81.66 82.38 79.93 80.5 79.81 79.29 78.69 78.96 79.87 81.17 81.97 81.36 80.96 81.91 83.38 82.13 81.07 81.33 81.41 81.19 81.88 83.12 84.07 85.44 86.55 90.43 92.73 93.09 93.49 95.21 96.62 98.42 97.9 100.51 97.95 96.97 96.15
-9999 -9999 -9999 -9999 -9999 -9999 -9999 -9999 -9999 123.8824 122.9462 126.54 130.19 140.36 134.4 119.96 106.52 104.86 98.13 92.23 91.04 105.06 105.26 96.83 94.07 101.38 99.79 81.36 77.42 90.94 92.53 82.71 97 100.24 94.89 114.52 115.99 105.27 90.51 85.66 81.28 77.59 75.1 74.82 75.41 74.9 75.2 73.84 74.67 74.78 75.22 76.36 75.34 74.47 75.35 75.45 75.29 74.25 74.14 74.06 74.8 75.02 76.49 77.85 79.65 81.59 83.51 84.62 85.94 86.42 88.8 91.94 95.12 101.26 101.23 98.19 104.59 105.64
-9999 -9999 -9999 -9999 -9999 -9999 -9999 -9999 114.5641 123.9242 -9999 125.67 128.96 130.89 134.79 120.59 100.67 99.35 101.08 89.14 89.3 99.71 98.64 107.71 108.26 106.94 112.65 89.24 84.15 91.76 103.7 106.78 110.66 108.56 100.63 89.96 95.61 105.06 94.49 82.13 74.89 72.52 70.71 70.1 69.66 70.3 70.74 70.19 71.36 72.4 69.95 69.63 68.89 68.57 69.68 69.53 69.13 68.4 66.73 66.99 67.42 68.66 69.91 71.99 74.86 77.95 78.61 78.63 80.37 82.63 86.14 88.96 93.61 99.95 107 109.71 113.16 105.89
-9999 -9999 -9999 -9999 -9999 -9999 -9999 -9999 -9999 114.8022 118.95 114.81 113.03 123.59 124.1 111.55 103.5 102.35 98.73 97.51 96.19 96.73 91.87 105.52 114.35 118 121.87 103.61 86.05 94.95 101.13 114.74 127.21 121.62 108.87 108.01 101.55 90.82 85.17 77.06 72.42 69.41 68.52 65.8 65.22 65.81 65.89 65.3 67.16 66.69 65.36 64.8 64.41 64.75 64.27 63.58 62.86 63.58 62.85 61.77 62.42 63.75 64.86 68.61 71.48 71.22 72.55 74.85 76.64 78.06 81.55 85.58 93.08 104.98 110.58 120.77 121.59 120.04
-9999 -9999 -9999 -9999 -9999 -9999 -9999 -9999 105.2308 120.63 105.76 106.26 103.03 114.97 102.97 109.15 112.06 115.79 108.81 106.31 103.34 94.9 93.87 96.5 103.18 109.08 103.97 93.09 86.24 97.19 105.25 115.55 112.04 91.33 83.48 83.07 82.38 77.46 72.62 67.9 67.02 64.05 62.95 63.01 61.19 61.62 60.98 61.26 62.59 62 62.32 61.7 61.39 61.43 60.65 60.01 58.83 57.41 57.37 56.19 58.99 61.35 62.53 64.85 64.75 67.76 69.16 71.18 73.36 75.37 79.33 84.07 84.25 87.25 94.18 97.88 101.03 106.77
-9999 -9999 -9999 -9999 -9999 -9999 -9999 115.3175 116.34 106.2 100.81 99.85 103.44 101.94 119.9 129.66 132.72 123.45 112.99 103.64 98.18 94.16 89.69 93.16 81.26 91.42 91.62 86.83 89.55 93.06 97.25 101.23 101.24 79.8 74.99 73.72 70.97 69.13 65.81 63.22 61.45 59.93 58.16 58.54 57.9 57.46 57.25 57.88 58.16 58.82 57.62 58.57 58.99 58.29 57.1 56.14 54.84 53.28 52.79 51.93 54.52 55.6 56.67 59.39 62.73 65.04 66.11 67.95 70.13 71.46 74.24 77.96 82.16 82.03 83.63 91.25 107.27 113.4
-9999 -9999 -9999 -9999 -9999 -9999 -9999 104.9 95.37 97.47 102.19 119.2 111.38 115.85 134.42 121.64 113.99 106.4 105.52 110.36 108.98 100.78 94.87 86.22 72.14 80.23 83.14 77.27 79.73 81.15 80.12 81.46 88.37 71.24 68.67 68.85 69.39 65.27 63.6 61.47 59.7 57.18 56.18 55.75 54.87 53.59 53.53 54.11 54.3 55.13 55.27 55.72 55.98 54.84 54.26 53.32 52.51 52.51 53.25 50.93 50.85 54.09 55.87 58.16 61.4 64.02 64.76 66.39 69.38 71.04 72.86 78.19 81.29 85.08 79.8 84.34 88.14 91.56
-9999 -9999 -9999 -9999 -9999 -9999 -9999 91.06061 93.85227 105.45 102.09 115.73 100.32 101.05 107.38 105.43 102.83 112.12 119.96 116.27 111.55 107.6 89.61 83.73 69.92 75.76 81.72 74 71.58 75.87 73.68 70.11 69.07 61.46 62.66 60.55 62.31 63.26 63.65 63.59 61.19 58.7 55.06 53.9 51.96 51.28 51 51.08 50.82 51.31 51.93 52.77 53.13 53.27 53.23 53.69 53.3 52.72 52.35 49.1 51.16 53.6 55.42 57.02 59.45 61.74 63.38 64.65 66.68 68.31 69.25 72.27 75.55 78.62 81.36 82.39 85.04 89.09
-9999 -9999 -9999 -9999 -9999 -9999 -9999 -9999 96.38 104.54 86.42 93.34 90.97 94.04 101.14 115.6 119.01 122.97 107.5 109.25 103.66 100.34 91.57 80.78 67.39 72.71 78.69 69.78 67.66 65.34 68.53 72.02 63.27 56.77 60.53 56.53 57.24 59.5 57.84 56.32 57.21 56.57 52.95 50.77 49.9 49.68 48.39 48.53 48.84 49.78 49.46 50.1 51.81 52.4 52.42 52.81 52.78 51.27 49.18 49.44 51.6 52.88 55.07 56.15 57.86 59.26 59.67 60.87 63.06 65.35 66.86 67.96 69.22 71.2 74.11 77.95 80.65 82.27
-9999 -9999 -9999 -9999 -9999 -9999 -9999 -9999 83.86667 83.54082 89.34 93.09 98.15 92.45 96.41 100.12 100.03 95.31 101.19 104.63 101.75 92.83 79.9 70.66 71 77.65 70.6 63.1 59.42 63.09 68.08 73.88 62.17 60.3 56.12 53.42 56.8 57.73 56.37 54.2 51.87 51.42 50.39 48.58 47.13 46.6 46.29 46.44 46.81 47.29 47.76 50.06 51.05 50.91 51.14 51.14 50.88 49.57 50.17 50.69 51.13 51.94 54.01 55.24 56.12 57.82 57.01 57.52 59.23 61.49 62.82 65 66.53 67.99 70.74 73.21 75.05 75.96
-9999 -9999 -9999 -9999 -9999 -9999 -9999 -9999 79.28947 84.6 85.73 84.49 79.11 80.93 82.74 91.12 92.83 104.28 104.21 97.47 87.29 83.17 73.75 68.63 80.97 69.52 62.21 56.32 54.29 59.1 64.4 65.15 63.51 57.02 53.92 51.86 53.26 53.55 54.03 51.87 50.77 49.19 47.27 45.42 44.41 43.54 44.02 46.08 45.06 46.83 47.46 47.76 48.75 49.61 50.17 50.41 49.37 49.19 49.63 48.92 49.77 51.2 52.5 52.7 53.42 55.93 55.48 58.2 58.86 60.13 61.16 63.34 65.49 66.7 67.49 68.45 72.44 71.7
-9999 -9999 -9999 -9999 -9999 -9999 -9999 -9999 -9999 83.16 79.75 80.46 79.93 87.27 83.32 83.05 93 91.09 86.15 83.81 77.08 85.95 80.72 84.9 78.03 64.16 56.34 52.88 54.14 58.11 59.88 57.37 55.61 51.18 50.26 50 51.74 52.55 49.99 48.54 48.18 48.27 45.91 43.92 42.11 40.41 42.39 44.54 45.08 45.35 45.26 45.73 46.36 47.72 47.89 47.36 47.98 47.75 47.26 50.06 50.98 52.36 53.42 54.67 55.12 55.39 57.29 59.42 59.85 61.44 64.84 65.73 67.76 66.4 66.12 66.61 67.09 68.09
-9999 -9999 -9999 -9999 -9999 -9999 -9999 -9999 -9999 80 81.55 80.71 84.09 80.18 80.92 83.11 87.37 86.38 72.34 80.44 90.17 89.93 86.44 78.11 69.86 66.49 62.91 53.08 54.22 60.79 65.33 54.86 50.92 49.35 49.05 49.02 50.43 50.03 47.62 48.75 48.11 45.36 44.5 43.09 41.54 41.18 41.61 43.85 44.4 44.81 44.71 44.99 45.16 44.89 45.66 47.35 47.44 47.57 48.27 49.78 50.83 52.07 53.81 54.03 54.86 55.03 56.44 61.13 66.59 68.24 67.67 63.64 65.33 66.96 67.28 69.38 69.26 69.47
-9999 -9999 -9999 -9999 -9999 -9999 -9999 -9999 -9999 79 78.19 77.97 78.29 78.12 80.71 78.93 84.8 80.69 71.87 81.98 99.13 82.03 80.81 75.8 66.45 57.12 54.65 54.14 55.59 52.64 55.56 51.2 50.5 53.76 55.07 52.76 50.13 47.2 48.15 48.64 48.15 46.3 44.8 43.86 43.12 43.47 44.45 44.38 45.14 45.21 45.4 45.26 46.06 45.6 46.61 47.36 46.88 46.93 48.17 48.05 47.84 49.3 50.47 52.17 53.48 54.84 55.37 59.41 64.66 63.38 62.64 63.34 65.41 66.78 70.1 73.56 74.94 76.87
-9999 -9999 -9999 -9999 -9999 -9999 -9999 -9999 -9999 79.26582 79.87 79 82.25 84.71 80 75.23 75.76 70.37 83.07 89.89 76.69 71.75 75.94 65.49 69.47 58.42 63.06 60.92 51.28 49.56 50.7 47.97 51.72 54.21 52.46 49.38 46.37 47.79 48.02 47.35 47.01 46.27 46.23 46.09 46.87 47.36 46.48 46.07 45.09 44.34 45.95 45.76 46.04 45.78 45.75 45.98 46 46.14 46.25 46.98 47.66 48.99 49.79 52 53.56 54.47 56.11 57.31 60.28 59.06 61.44 66.56 73.09 77.79 78.23 80.1 80.45 79.89
-9999 -9999 -9999 -9999 -9999 -9999 -9999 -9999 -9999 79.15094 78.29 78.15 77.92 79.45 75.64 75.29 70.01 82.52 85.63 83.66 65.49 67.74 68.06 60 58.75 59.8 65.12 63.02 48.99 50.08 52.6 50.32 53.01 51.31 50.64 48.52 50.97 50.69 47.98 46.22 45.62 46.84 47.46 48.67 48.19 47.06 47.14 47.56 46.89 45.6 45.33 45.72 45.83 46.52 45.9 46 46 46.08 47.48 47.52 48.03 49.36 50.01 51.72 53.52 54.98 55.92 57.4 59.88 61.38 62.77 72.31 88.52 89.47 84.19 80.85 84.5 79.48
-9999 -9999 -9999 -9999 -9999 -9999 -9999 -9999 -9999 -9999 76.68817 74.77 74.71 76.28 76.26 72.02 73.48 74.9 72.02 72.91 65.29 66.72 64.9 62.15 60.98 57.53 54.58 52.46 46.46 52.26 52.76 49.01 48.59 49.98 51.59 49.96 49.3 49.29 48.22 47.42 46.1 44.77 45.48 45.22 45.1 45.86 46.02 46.55 46.75 45.77 45.12 45.47 46.2 46.99 47 46 46.8 47.03 48.39 48.18 48.55 50.11 51.38 52.81 53.87 56.44 58.97 60.06 62.13 67.28 77.05 85.8 84.62 75.81 81.39 74.12 76.66 73.67
-9999 -9999 -9999 -9999 -9999 -9999 -9999 -9999 -9999 -9999 73.40476 75.34 71.84 72.08 72.4 76.45 86.87 82.63 90.96 86.27 75.07 76.62 72 71.06 69.09 65.63 59.33 56.32 47.71 47.88 46.84 46.45 45.59 49.59 51.43 49.89 49.55 48.82 48.53 47.87 46.33 45.97 45.13 44.38 44.16 44.37 45.18 46.46 47.79 47.7 46.58 46.73 47.33 47.53 47.25 47.65 48.02 47.65 49.93 50.02 50.74 52.42 52.04 53.39 55.4 58.63 62.68 74.95 76.88 77.59 64.61 65.35 76.8 70.66 64.28 66.79 69.97 62.66
-9999 -9999 -9999 -9999 -9999 -9999 -9999 -9999 -9999 -9999 70.63953 74.92 76.72 77.26 75.57 75.73 79.76 88.52 91.57 86.15 83.9 81.95 74.5 67.55 70.13 69.83 63.06 54.39 49.8 52.6 51.25 48 50.97 51.35 50.5 49.35 49.2 49.19 48.42 47.36 47.15 46.9 44.04 43.41 44.18 44.82 45.13 45.86 46.47 47.04 47.76 48 48.08 49.13 49.05 49.58 49.43 49.51 50.16 51.31 52.49 52.47 52.06 52.78 56.45 60.8 77.32 86.49 71.76 62.35 59.54 58.88 63.32 63.5 58.08 58.05 58.23 57.2
