layers/wordclim/future/Iberia_wcB2a_10_hadcm3_2020/bio_08.asc
ncols         166
nrows         93
xllcorner     -9.4959440078468
yllcorner     36.000324005443
cellsize      0.083333337679505
NODATA_value  -9999
[rows 0 to 32 of 93, columns 74 to 147 of 166]
-9999 -9999 -9999 -9999 -9999 -9999 -9999 -9999 -9999 -9999 -9999 -9999 -9999 -9999 -9999 -9999 -9999 -9999 -9999 -9999 -9999 -9999 -9999 -9999 -9999 -9999 -9999 -9999 -9999 -9999 -9999 -9999 -9999 -9999 -9999 -9999 -9999 -9999 -9999 -9999 -9999 -9999 -9999 -9999 -9999 -9999 -9999 -9999 -9999 -9999 -9999 -9999 -9999 -9999 -9999 -9999 -9999 -9999 -9999 -9999 -9999 -9999 -9999 -9999 -9999 -9999 -9999 -9999 -9999 -9999 -9999 -9999 -9999 -9999
-9999 -9999 -9999 -9999 -9999 -9999 -9999 -9999 -9999 -9999 -9999 -9999 -9999 -9999 -9999 -9999 -9999 -9999 -9999 -9999 -9999 -9999 -9999 -9999 -9999 -9999 -9999 -9999 -9999 -9999 -9999 -9999 -9999 -9999 -9999 -9999 -9999 -9999 -9999 -9999 -9999 -9999 -9999 -9999 -9999 -9999 -9999 -9999 -9999 -9999 -9999 -9999 -9999 -9999 -9999 -9999 -9999 -9999 -9999 -9999 -9999 -9999 -9999 -9999 -9999 -9999 -9999 -9999 -9999 -9999 -9999 -9999 -9999 -9999
-9999 -9999 -9999 -9999 -9999 -9999 -9999 -9999 -9999 -9999 -9999 -9999 -9999 -9999 -9999 -9999 -9999 -9999 -9999 -9999 -9999 -9999 -9999 -9999 -9999 -9999 -9999 -9999 -9999 -9999 -9999 -9999 -9999 -9999 -9999 -9999 -9999 -9999 -9999 -9999 -9999 -9999 -9999 -9999 -9999 -9999 -9999 -9999 -9999 -9999 -9999 -9999 -9999 -9999 -9999 -9999 -9999 -9999 -9999 -9999 -9999 -9999 -9999 -9999 -9999 -9999 -9999 -9999 -9999 -9999 -9999 -9999 -9999 -9999
-9999 -9999 -9999 -9999 -9999 -9999 -9999 -9999 -9999 -9999 -9999 -9999 -9999 -9999 -9999 -9999 -9999 -9999 -9999 -9999 -9999 -9999 -9999 -9999 -9999 -9999 -9999 -9999 -9999 -9999 -9999 -9999 -9999 -9999 -9999 -9999 -9999 -9999 -9999 -9999 -9999 -9999 -9999 -9999 -9999 -9999 -9999 -9999 -9999 -9999 -9999 -9999 -9999 -9999 -9999 -9999 -9999 -9999 -9999 -9999 -9999 -9999 -9999 -9999 -9999 -9999 -9999 -9999 -9999 -9999 -9999 -9999 -9999 -9999
95.46067 100.5556 -9999 -9999 101.2874 99.39 94.2 96.66279 96.1282 97.76363 -9999 -9999 -9999 -9999 -9999 -9999 -9999 -9999 -9999 -9999 -9999 -9999 -9999 -9999 -9999 -9999 -9999 -9999 -9999 -9999 -9999 -9999 -9999 -9999 -9999 -9999 -9999 -9999 -9999 -9999 -9999 -9999 -9999 -9999 -9999 -9999 -9999 -9999 -9999 -9999 -9999 -9999 -9999 -9999 -9999 -9999 -9999 -9999 -9999 -9999 -9999 -9999 -9999 -9999 -9999 -9999 -9999 -9999 -9999 -9999 -9999 -9999 -9999 -9999
84.74 84.45 93.05 92.59184 102.2828 97.69 97.44 96.2 94.41 91.08 95.57576 95.23288 100.6167 101.4098 103.2295 102.25 101.9063 96.71 84.62 88.24324 -9999 -9999 -9999 -9999 -9999 -9999 -9999 -9999 -9999 -9999 -9999 -9999 -9999 -9999 -9999 -9999 -9999 -9999 -9999 -9999 -9999 -9999 -9999 -9999 -9999 -9999 -9999 -9999 -9999 -9999 -9999 -9999 -9999 -9999 -9999 -9999 -9999 -9999 -9999 -9999 -9999 -9999 -9999 -9999 -9999 -9999 -9999 -9999 -9999 -9999 -9999 -9999 -9999 -9999
79.23 85.54 90.51 88.91 85.28 94.84 95.14 91.91 84.47 85.01 87.23 86.53 88.11 87.29 88.35 96.19 85.73 85.83 69.65 82.37 75.88 66.84 64.8 -9999 -9999 -9999 -9999 -9999 -9999 -9999 -9999 -9999 -9999 -9999 -9999 -9999 -9999 -9999 -9999 -9999 -9999 -9999 -9999 -9999 -9999 -9999 -9999 -9999 -9999 -9999 -9999 -9999 -9999 -9999 -9999 -9999 -9999 -9999 -9999 -9999 -9999 -9999 -9999 -9999 -9999 -9999 -9999 -9999 -9999 -9999 -9999 -9999 -9999 -9999
83.23 82.18 87.37 85.76 86.74 86.76 87.17 76.5 81.98 84.29 84.39 80.75 79.84 79.3 82.78 85.09 71.07 63.95 62.19 74.55 75.17 71.29 59.69863 -9999 -9999 -9999 -9999 -9999 -9999 -9999 -9999 -9999 -9999 -9999 -9999 -9999 -9999 -9999 -9999 -9999 -9999 -9999 -9999 -9999 -9999 -9999 -9999 -9999 -9999 -9999 -9999 -9999 -9999 -9999 -9999 -9999 -9999 -9999 -9999 -9999 -9999 -9999 -9999 -9999 -9999 -9999 -9999 -9999 -9999 -9999 -9999 -9999 -9999 -9999
64.88 60.4 63.55 81.65 81.87 66.64 50.78 67.31 66.79 79.34 82.52 73.26 81.13 86.15 81.45 67.49 68.98 54.96 55.82 55.67 51.18 42.77 41.275 -9999 36.70238 34.14286 -9999 -9999 -9999 -9999 -9999 -9999 -9999 -9999 -9999 -9999 -9999 -9999 -9999 -9999 -9999 -9999 -9999 -9999 -9999 -9999 -9999 -9999 -9999 -9999 -9999 -9999 -9999 -9999 -9999 -9999 -9999 -9999 -9999 -9999 -9999 -9999 -9999 -9999 -9999 -9999 -9999 -9999 -9999 -9999 -9999 -9999 -9999 -9999
61.34 60.16 58.22 61.86 64.99 67.93 61.95 69.2 69.52 63.11 60.08 49.55 61.57 68.4 61.56 50.23 52.94 59.09 60.3 59.47 58.67 50.53 47.23 41.67 38.87 36.96 33.01 26.24731 22.77049 18.3 4.172414 -9999 -9999 -9999 -9999 -9999 -9999 -9999 -9999 -9999 -9999 -9999 -9999 -9999 -9999 -9999 -9999 -9999 -9999 -9999 -9999 -9999 -9999 -9999 -9999 -9999 -9999 -9999 -9999 -9999 -9999 -9999 -9999 -9999 -9999 -9999 -9999 -9999 -9999 -9999 -9999 -9999 -9999 -9999
57.56 54.27 60.04 58.54 56.31 59.02 67.9 72.3 71.73 70.12 67.57 66.27 55.89 57.66 56.86 55.63 44.87 56.96 66.1 63.04 58.88 55.34 49.59 47.41 42.92 32.86 39.7 31.18 29.44 22.43 4.87 -0.4868421 -9999 -9999 -9999 -9999 -9999 -9999 -9999 -9999 -9999 -9999 -9999 -9999 -9999 -9999 -9999 -9999 -9999 -9999 -9999 -9999 -9999 -9999 -9999 -9999 -9999 -9999 -9999 -9999 -9999 -9999 -9999 -9999 -9999 -9999 -9999 -9999 -9999 -9999 -9999 -9999 -9999 -9999
66.61 64.04 54.42 69.6 62.03 68.34 68.05 62.73 61.07 56.4 57.22 50.44 47.7 51.44 52.87 43.7 48.97 53.2 65.72 67.24 65.54 58.74 58.33 57.91 50.01 46.59 44.77 41.26 39.84 27.49 17.2 8.81 -8.16129 -4.731343 -13.61539 -6.659091 -22.0505 -30.19403 -9999 -9999 -9999 -9999 -9999 -9999 -9999 -9999 -9999 -9999 48.56 25.87 -5.076923 -8.309091 -9999 -9999 -9999 -9999 -9999 -9999 -9999 -9999 -9999 -9999 -9999 -9999 -9999 -9999 -9999 -9999 -9999 -9999 -9999 -9999 -9999 -9999
55.75 49.82 54.36 72.02 73.05 71.66 65.71 64.38 61.92 53.78 57.49 58.14 56.7 55.88 58.51 64.14 67.8 63.53 64.9 58.49 57.71 52.37 51.89 56.65 60.93 52.6 47.04 42.33 44.46 38.46 36.02 32.68 18.22 9.73 -16.65 -6.08 8.24 -20.58 -10.18478 -9999 -9999 -9999 -7 -9999 -25.77778 -9999 -9999 -9999 31.69388 43.15 28.5 20.21 13.25 26.4878 13.14286 14.83333 -9999 -9999 -9999 -9999 -9999 -9999 -9999 -9999 -9999 -9999 -9999 -9999 -9999 -9999 -9999 -9999 -9999 -9999
61.55 59.94 57.5 62.28 66.31 69.79 61.54 52.88 50.28 55.29 56.1 55.94 57.99 65.88 65.32 63.67 68.5 71.33 69.78 61.3 57.78 48.22 48.79 54.66 60.67 53.83 48.25 52.43 52.42 53.56 44.02 37.66 35.4 34.34 19.85 16.53 30.13 8.99 28.67 -0.89 -11.17 12.37 34.29 1.17 1.1 -16.27 23.37 -30.68 -14.34 3.06 4.18 4.45 20.57 56.49 35.71 33.11 8.649485 -9999 -9999 -9999 -9999 -9999 -9999 -9999 -9999 -9999 -9999 -9999 -9999 -9999 -9999 -9999 -9999 -9999
54.62 55.01 57.2 65.29 69.63 70.56 71.91 70.43 68.47 68.53 66.63 65.52 67.48 70.49 69.82 71.36 71.5 73.84 73.15 66.63 61.97 53.99 58.73 64.19 62.96 61.33 52.41 48.35 41.35 48.19 50.88 42.22 63.11 54.11 64.15 63.54 46.23 32.61 45.8 40.59 49.51 65.12 55.71 12.65 25.56 44.36 22.46 14.13 29.18 25.96 16.23 3.36 7.71 51.58 81.51 55.94 23.77 -9999 -9999 -9999 -9999 -9999 -9999 -9999 -9999 -9999 -9999 -9999 -9999 -9999 -9999 -9999 -9999 -9999
49.16 53.98 57.83 60.26 64.15 64.11 67.12 70.41 68.47 70.73 78.73 93.37 90.35 76.77 71.79 72.85 73.35 71.27 73.13 69.45 70.3 62.98 61.19 62.66 53.75 49.75 46.56 45.88 38.98 37.9 50.68 64.96 68.12 68.72 72.12 72.51 61.56 53.53 48.75 67.25 67.55 79.01 63.09 52.39 53.34 53.27 41.99 50.91 59.55 44.45 18.27 23.55 26.43 71.48 61.9 38.28 37.09 -9999 -9999 12.95238 15.65263 27.85393 70.07407 80.38235 -9999 -9999 -9999 -9999 -9999 -9999 -9999 -9999 -9999 -9999
41.76 46.74 42.39 42.84 50.61 54.73 64.8 62.6 52.86 60.9 67.26 71.25 69.05 70.68 71.76 74.6 74.33 71.87 74.66 73.74 72.89 71.2 69.08 68.5 63.41 53.88 50.49 46.52 45.62 46.94 70.96 77.5 65.37 68.26 68.23 65.58 65.36 61.61 58.22 58.7 71.14 81.67 82.75 77.72 69.36 62.67 53.98 49.96 61.21 60.36 57.2 71.31 71.71 91.82 38.86 60.31 107.86 118.02 90.89 81.14 89.7 100.55 99.2 60.08219 -9999 26.7125 27.35 46.54 60.44706 -9999 -9999 -9999 102.3085 119.09
31.51 31.04 29.04 37.87 28.88 39.58 53.97 44.24 38.61 46.86 45.72 43.41 51.38 48.9 62.64 71.79 75.03 74.92 74.84 75.25 71.86 69.21 69.4 69.04 66.54 62.15 59.33 60.94 69.71 80.82 86.65 85.86 79.24 68.43 60.3 61.03 59.45 49.99 57.78 62.1 70.09 85.56 96.42 75.24 83.53 67.96 75.65 64.9 78.36 67.39 61.54 112.54 125.9 64.28 50.82 84.59 136.14 105.14 58.76 43.43 45.24 66.41 69.06 62.89 65.07 81.98 68.9 69.92 87.06 97.01 100.62 100.27 108.31 122.41
24.25 17.04 17.73 20.39 17.6 32.32 37.43 33.96 43.93 37.73 43.5 35.69 46.55 49.58 57.57 64.65 66.42 74.2 77.43 77.35 74.37 75.01 75.03 71.85 77.16 95.23 99.92 95.73 91.1 88.69 92.22 93.81 92.57 91.2 87.41 91.53 87.24 90.95 103.5 81.88 85.7 96.09 110.1 96.17 111.7 98.67 79.82 76.77 114.23 80.51 128.04 150.34 106.74 60.83 90.37 129.47 126.67 79.67 61.54 53.95 69.3 85.23 123.31 99.79 116.34 128.5 136.48 114.46 105.99 112.07 113.51 120.1 123.27 128.51
36.28 34.36 32.78 28.98 35.81 32.8 23.26 28.84 33.81 28.76 24.86 31.84 39.26 40.01 46.93 52.37 54.79 69.16 74.64 76.44 95.02 92.51 86.92 86.59 105.3 105.46 104.95 102.98 99.74 97.73 99.14 98.81 95.88 94.01 125.79 138.34 131.99 133.37 135.55 122.02 126.67 117.22 131.93 115.02 115.46 95.69 90.62 88.14 142.29 105.64 156.11 155.25 150.28 116.34 110.86 136.22 122.43 99.69 94.54 120.99 110.06 84.9 141.49 136.71 138.56 136.19 145.56 114.51 99.54 108.93 105.89 115.21 121.95 129.73
44.13 37.48 23.37 19.48 18.69 12.23 16.16 15.59 16.47 18.36 26.21 34.17 31.58 37.33 42.73 54.37 62.09 65.45 71.49 101.67 107.9 109.11 106.87 95.67 99.75 108.56 104.35 97.56 95.35 97.4 102.64 99.94 100.42 110.16 144.98 143.94 138.76 139.73 142.03 133.4 134.05 136.13 148.3 108.96 101.82 95.89 119.65 118.21 108.88 107.02 147.04 111.2 132.42 140.36 149.87 157.35 151.27 145.54 143.66 139.4 136.2 145.81 158.5 152.03 152.15 147.98 156.61 155.8 134.55 92.18 109.81 118.82 119.26 129.94
44.67 41.99 39.35 37.11 31.67 22.06 26.86 19.77 28.25 29.04 35.02 29.97 28.93 34.91 41.94 51.4 55.86 58.51 62.67 101.43 104.86 108.52 112.26 110.8 110.09 109.19 104.7 97.41 91.51 97.2 105.53 104.91 106.59 128.5 149.05 149.72 145.62 144.64 147.01 144.5 148.03 150.9 148.69 130.54 123.69 115.74 125.57 152.94 132.48 153.65 157.78 135.14 157.81 158.97 157.86 154.72 152.41 142.97 150.72 156.31 155.07 153.7 158.8 177.48 189.45 167.25 174.34 162.61 153.08 117.29 109.71 122.7 128.36 132.87
40.85 41.54 40.16 37.76 36.91 37.24 39.57 41.27 42.31 41.17 44.04 43.47 38.16 35.95 40.62 44.51 44.68 50.65 68.55 92.85 89.41 100.63 109.04 111.02 113.2 111.34 101.97 101.99 100.85 102.28 107.84 110.32 125.57 122.76 143.53 150.65 152.89 152.01 151.29 144.56 151.85 157.76 156.05 143.19 142.54 151.51 166.98 164.39 161.73 165.72 168.57 157.52 158.59 155.4 157.85 156.72 150.54 145.77 142.99 152.3 160.22 158.4 164.35 161.89 156.61 142.13 150.73 152.32 142.67 98.33 107.78 121.49 131.51 133.23
47.23 43.72 42.23 41.95 39.6 39.37 39.95 40.33 40.41 45.38 46.78 45.04 42.03 40.32 41.12 40.59 39.8 23.05 31.46 87.31 93.97 99.87 103.87 108.01 111.21 114.03 112.9 113.74 125.17 123.26 115.46 120.7 131.26 121.22 129.7 149.31 153.04 155.72 154.09 154.01 158.04 160.32 156.87 160.18 168.52 180.27 180.16 182.26 181.67 177.59 164.93 163.25 162.13 161.21 157.85 155.97 155.07 153.51 147.56 147.68 156.74 167.8 169.41 166.63 155.65 146.99 148.72 137.79 104.73 95.5 123.26 129.72 135.66 134.91
49.77 48.39 46.7 46.3 43.74 46.02 43.84 41.52 43.58 44.8 46.74 48.07 46.8 44.74 45.36 42.5 50.28 51.18 62.15 84.14 106.83 110.95 112.79 120.89 112.57 114.56 127.77 122 129.71 129.85 120.57 134.94 132.04 128.94 123.27 130.71 145.04 155.35 157.79 158.73 161.43 163.34 161.35 164.33 165.12 180.78 181.76 189.21 186.66 172.9 168.29 167.62 166.13 163.79 160.17 155.89 150.14 147.78 150.6 153.05 160.28 171.67 172.82 160.52 154.75 153.27 159.23 160.08 155.01 165.56 155.17 132.63 139.102 137.4598
59.08 53.3 48.55 49.67 48.61 48.34 47.9 48.52 47.85 45.56 46.72 49.54 48.77 48.81 52.41 78.98 91.66 93.72 99.04 104.59 115.87 117.4 123.11 131.38 134.88 136.71 135.27 140.12 143.73 139.92 154.18 160.82 156.58 157.34 154.63 141.81 141.23 148.3 151 148.99 155.89 161.39 165.07 166.87 164.7 167.3 186.19 191.71 184.27 169.55 168.12 167.06 166.02 162.92 156.85 152.4 149.63 151.95 159.4 161.28 160.85 160.69 174.18 158.91 163.21 171.55 178.44 178.68 176.16 166.28 151.0606 133.5395 -9999 -9999
72.98 73.59 73.22 64.3 52.51 53.74 51.7 49.33 48.63 47.37 49.01 46.5 59.27 76.84 94.36 98.92 101.68 101.95 104.58 103.94 125.64 131.49 145.01 138.06 139.12 136.6 149.78 140.86 143.57 140.42 148.91 166.74 167.43 165.09 161.49 158.08 155.06 152.45 156.16 157.21 157.12 159.98 160.12 166.07 168.14 170.56 171.72 171.39 169.16 168.14 167.19 164.57 160.52 155.11 149.21 145.64 147.85 151.46 161.21 167.35 167.84 171.38 179.26 177.41 178.54 182.76 184.57 179.52 178.4468 -9999 -9999 -9999 -9999 -9999
74.2 62.7 69.11 68.6 64.4 57.03 51.97 49.16 67.24 82.97 60.74 70.72 97.56 107.42 107.33 106.33 106.22 109.96 121.43 131.84 134.88 159 160 148.66 142.79 163.79 159.54 157.21 161.28 155.17 157.49 171.44 164.49 168.58 166.77 161.72 157.44 156.88 158.1 159.28 161.99 163.21 162.87 161.67 172.78 171.19 168.81 166.77 163.39 160.51 158.66 158.42 154.15 154.91 156.98 152.02 152.03 149.11 153.67 164.04 175.44 180.12 181.06 184.52 184.72 183.17 185.4255 -9999 -9999 -9999 -9999 -9999 -9999 -9999
67.01 52.22 47.08 41.13 40.34 44.23 50.76 46.46 47.54 66.39 87.35 99.01 107.85 113.81 112.77 110.56 111.65 111.86 128.16 150.23 163.66 153.42 150.39 151.71 163.27 167.53 163.48 164.72 157.97 166.52 175.52 171.95 166.06 166.89 168.31 165.54 160.2 159.42 159.62 160.06 162.51 168.2 164.85 167.4 166.87 164.13 162.37 158.16 144.8 128.73 140.26 127.86 137.27 148.67 164.65 163.46 163.7 154.79 162.62 175.55 179.42 177.42 170.34 180.56 188.16 187.6064 -9999 -9999 -9999 -9999 -9999 -9999 -9999 -9999
42.37 33.86 35.99 40.96 40.37 41.25 43.12 48.68 72.21 71.39 90.23 103.9 111.89 115.74 118 118.66 120.56 118.71 132.62 162.64 163.82 155.67 147.2 145.86 149.78 157.46 155.77 155.78 157.22 163.76 171.57 172.65 162.81 164.05 166.15 169 169.15 169.64 170.3 171.37 171.63 169.06 164.26 164.41 166.52 165.83 170.16 167.73 125.51 102.94 100.02 95.94 92.62 128.14 174.3 175.52 174.02 172.29 179.22 182.79 181.13 183.58 176.1225 182.3333 191 -9999 -9999 -9999 -9999 -9999 -9999 -9999 -9999 -9999
26.18 32.09 28.36 47.71 64.33 61.36 70.39 81.59 95.46 97.6 98.19 103.8 109.62 112.7 110.93 107.68 108.6 112.97 132.34 150.61 151.83 154.92 148.41 146.07 145.9 144.83 146.72 151.61 156.13 162.2 165.59 170.16 165.98 162.98 165.41 166.85 166.53 167.99 169.91 170.1 169.05 165.59 168.74 169.05 168.96 154.76 174.65 164.51 129.89 139.38 115.86 115.83 146.72 164.57 154.47 145.54 168.61 182.2653 187.6456 186.5909 -9999 -9999 -9999 -9999 -9999 -9999 -9999 -9999 -9999 -9999 -9999 -9999 -9999 -9999
39.3 54.7 52.15 63.93 69.93 71.23 82.64 86.5 99.03 98.47 98.67 97.01 95.44 93.73 94.03 98.02 101.35 102.68 129.92 142.64 140.87 143.78 152.07 147.43 144.9 140.18 140.39 146.8 151.93 156.97 156.68 153.63 162.29 158.69 158.4 160.5 162.45 163.6 160.97 166.08 165.69 163.85 167.06 163.45 149.66 116.31 149.63 170.53 171.04 129.33 115.81 152.98 182.13 185.28 148.4815 -9999 -9999 -9999 -9999 -9999 -9999 -9999 -9999 -9999 -9999 -9999 -9999 -9999 -9999 -9999 -9999 -9999 -9999 -9999
75.61 72.68 70.05 81.1 82.21 81.77 82.3 97.46 99.8 98.89 97.54 97.31 92.58 89.2 90.87 95.5 91.03 93.26 98.52 132.25 141.11 138.8 137.93 149.24 141.54 136.67 128.06 135.43 146.17 151.96 154.94 157.84 159 152.21 148.97 153.3 157.24 161.87 162.11 159.45 157.12 160.06 161.39 154.65 140.99 128.89 154.72 180.45 136.27 119.87 135.68 183.2958 -9999 -9999 -9999 -9999 -9999 -9999 -9999 -9999 -9999 -9999 -9999 -9999 -9999 -9999 -9999 -9999 -9999 -9999 -9999 -9999 -9999 -9999
