layers/wordclim/future/Iberia_wcB2a_10_hadcm3_2020/bio_03.asc
ncols         166
nrows         93
xllcorner     -9.4959440078468
yllcorner     36.000324005443
cellsize      0.083333337679505
NODATA_value  -9999
[rows 0 to 36 of 93, columns 82 to 163 of 166]
-9999 -9999 -9999 -9999 -9999 -9999 -9999 -9999 -9999 -9999 -9999 -9999 -9999 -9999 -9999 -9999 -9999 -9999 -9999 -9999 -9999 -9999 -9999 -9999 -9999 -9999 -9999 -9999 -9999 -9999 -9999 -9999 -9999 -9999 -9999 -9999 -9999 -9999 -9999 -9999 -9999 -9999 -9999 -9999 -9999 -9999 -9999 -9999 -9999 -9999 -9999 -9999 -9999 -9999 -9999 -9999 -9999 -9999 -9999 -9999 -9999 -9999 -9999 -9999 -9999 -9999 -9999 -9999 -9999 -9999 -9999 -9999 -9999 -9999 -9999 -9999 -9999 -9999 -9999 -9999 -9999 -9999
-9999 -9999 -9999 -9999 -9999 -9999 -9999 -9999 -9999 -9999 -9999 -9999 -9999 -9999 -9999 -9999 -9999 -9999 -9999 -9999 -9999 -9999 -9999 -9999 -9999 -9999 -9999 -9999 -9999 -9999 -9999 -9999 -9999 -9999 -9999 -9999 -9999 -9999 -9999 -9999 -9999 -9999 -9999 -9999 -9999 -9999 -9999 -9999 -9999 -9999 -9999 -9999 -9999 -9999 -9999 -9999 -9999 -9999 -9999 -9999 -9999 -9999 -9999 -9999 -9999 -9999 -9999 -9999 -9999 -9999 -9999 -9999 -9999 -9999 -9999 -9999 -9999 -9999 -9999 -9999 -9999 -9999
-9999 -9999 -9999 -9999 -9999 -9999 -9999 -9999 -9999 -9999 -9999 -9999 -9999 -9999 -9999 -9999 -9999 -9999 -9999 -9999 -9999 -9999 -9999 -9999 -9999 -9999 -9999 -9999 -9999 -9999 -9999 -9999 -9999 -9999 -9999 -9999 -9999 -9999 -9999 -9999 -9999 -9999 -9999 -9999 -9999 -9999 -9999 -9999 -9999 -9999 -9999 -9999 -9999 -9999 -9999 -9999 -9999 -9999 -9999 -9999 -9999 -9999 -9999 -9999 -9999 -9999 -9999 -9999 -9999 -9999 -9999 -9999 -9999 -9999 -9999 -9999 -9999 -9999 -9999 -9999 -9999 -9999
-9999 -9999 -9999 -9999 -9999 -9999 -9999 -9999 -9999 -9999 -9999 -9999 -9999 -9999 -9999 -9999 -9999 -9999 -9999 -9999 -9999 -9999 -9999 -9999 -9999 -9999 -9999 -9999 -9999 -9999 -9999 -9999 -9999 -9999 -9999 -9999 -9999 -9999 -9999 -9999 -9999 -9999 -9999 -9999 -9999 -9999 -9999 -9999 -9999 -9999 -9999 -9999 -9999 -9999 -9999 -9999 -9999 -9999 -9999 -9999 -9999 -9999 -9999 -9999 -9999 -9999 -9999 -9999 -9999 -9999 -9999 -9999 -9999 -9999 -9999 -9999 -9999 -9999 -9999 -9999 -9999 -9999
38 38.67273 -9999 -9999 -9999 -9999 -9999 -9999 -9999 -9999 -9999 -9999 -9999 -9999 -9999 -9999 -9999 -9999 -9999 -9999 -9999 -9999 -9999 -9999 -9999 -9999 -9999 -9999 -9999 -9999 -9999 -9999 -9999 -9999 -9999 -9999 -9999 -9999 -9999 -9999 -9999 -9999 -9999 -9999 -9999 -9999 -9999 -9999 -9999 -9999 -9999 -9999 -9999 -9999 -9999 -9999 -9999 -9999 -9999 -9999 -9999 -9999 -9999 -9999 -9999 -9999 -9999 -9999 -9999 -9999 -9999 -9999 -9999 -9999 -9999 -9999 -9999 -9999 -9999 -9999 -9999 -9999
37.97 38.5 38.92929 39.49315 39.93333 40.32787 40.62295 40.90476 40.26042 40.13 39.93 39.48649 -9999 -9999 -9999 -9999 -9999 -9999 -9999 -9999 -9999 -9999 -9999 -9999 -9999 -9999 -9999 -9999 -9999 -9999 -9999 -9999 -9999 -9999 -9999 -9999 -9999 -9999 -9999 -9999 -9999 -9999 -9999 -9999 -9999 -9999 -9999 -9999 -9999 -9999 -9999 -9999 -9999 -9999 -9999 -9999 -9999 -9999 -9999 -9999 -9999 -9999 -9999 -9999 -9999 -9999 -9999 -9999 -9999 -9999 -9999 -9999 -9999 -9999 -9999 -9999 -9999 -9999 -9999 -9999 -9999 -9999
38.04 38.32 38.93 39.3 39.68 40.11 40.52 40.5 40.33 40.2 39.51 39.31 39.15 39 38.99 -9999 -9999 -9999 -9999 -9999 -9999 -9999 -9999 -9999 -9999 -9999 -9999 -9999 -9999 -9999 -9999 -9999 -9999 -9999 -9999 -9999 -9999 -9999 -9999 -9999 -9999 -9999 -9999 -9999 -9999 -9999 -9999 -9999 -9999 -9999 -9999 -9999 -9999 -9999 -9999 -9999 -9999 -9999 -9999 -9999 -9999 -9999 -9999 -9999 -9999 -9999 -9999 -9999 -9999 -9999 -9999 -9999 -9999 -9999 -9999 -9999 -9999 -9999 -9999 -9999 -9999 -9999
38.06 38.54 39 39.27 39.56 39.78 39.95 40.03 39.75 39.33 39.08 39.03 39 38.93 38.9863 -9999 -9999 -9999 -9999 -9999 -9999 -9999 -9999 -9999 -9999 -9999 -9999 -9999 -9999 -9999 -9999 -9999 -9999 -9999 -9999 -9999 -9999 -9999 -9999 -9999 -9999 -9999 -9999 -9999 -9999 -9999 -9999 -9999 -9999 -9999 -9999 -9999 -9999 -9999 -9999 -9999 -9999 -9999 -9999 -9999 -9999 -9999 -9999 -9999 -9999 -9999 -9999 -9999 -9999 -9999 -9999 -9999 -9999 -9999 -9999 -9999 -9999 -9999 -9999 -9999 -9999 -9999
38.01 38.28 38.77 38.98 39.23 39.67 39.72 39.43 39.22 38.9 38.92 38.98 38.65 38.34 38.075 -9999 38.10714 37.98214 -9999 -9999 -9999 -9999 -9999 -9999 -9999 -9999 -9999 -9999 -9999 -9999 -9999 -9999 -9999 -9999 -9999 -9999 -9999 -9999 -9999 -9999 -9999 -9999 -9999 -9999 -9999 -9999 -9999 -9999 -9999 -9999 -9999 -9999 -9999 -9999 -9999 -9999 -9999 -9999 -9999 -9999 -9999 -9999 -9999 -9999 -9999 -9999 -9999 -9999 -9999 -9999 -9999 -9999 -9999 -9999 -9999 -9999 -9999 -9999 -9999 -9999 -9999 -9999
38 38.15 38.63 38.53 38.89 38.85 38.94 38.75 38.81 38.73 38.73 38.28 38.13 38.04 38.07 38 38.02 37.98 37.97 37.64516 37.60656 37.26 36.32759 -9999 -9999 -9999 -9999 -9999 -9999 -9999 -9999 -9999 -9999 -9999 -9999 -9999 -9999 -9999 -9999 -9999 -9999 -9999 -9999 -9999 -9999 -9999 -9999 -9999 -9999 -9999 -9999 -9999 -9999 -9999 -9999 -9999 -9999 -9999 -9999 -9999 -9999 -9999 -9999 -9999 -9999 -9999 -9999 -9999 -9999 -9999 -9999 -9999 -9999 -9999 -9999 -9999 -9999 -9999 -9999 -9999 -9999 -9999
38 38 38.06 38.4 38.34 38.41 38.75 38.67 38.35 38.5 38.15 38.05 38.02 38.01 38.02 38.04 38 37.91 38 37.75 37.73 37.36 36.38 35.97368 -9999 -9999 -9999 -9999 -9999 -9999 -9999 -9999 -9999 -9999 -9999 -9999 -9999 -9999 -9999 -9999 -9999 -9999 -9999 -9999 -9999 -9999 -9999 -9999 -9999 -9999 -9999 -9999 -9999 -9999 -9999 -9999 -9999 -9999 -9999 -9999 -9999 -9999 -9999 -9999 -9999 -9999 -9999 -9999 -9999 -9999 -9999 -9999 -9999 -9999 -9999 -9999 -9999 -9999 -9999 -9999 -9999 -9999
38 38.02 38.04 38.11 38.13 38.16 38.34 38.13 38.07 38.1 38.02 38 38 38 38 38 38 38 37.99 38 37.92 37.43 36.92 36.34 35.35484 35.28358 34.66667 34.84091 33.57576 32.89552 -9999 -9999 -9999 -9999 -9999 -9999 -9999 -9999 -9999 -9999 34.55 33.2 31.96154 31.56364 -9999 -9999 -9999 -9999 -9999 -9999 -9999 -9999 -9999 -9999 -9999 -9999 -9999 -9999 -9999 -9999 -9999 -9999 -9999 -9999 -9999 -9999 -9999 -9999 -9999 -9999 -9999 -9999 -9999 -9999 -9999 -9999 -9999 -9999 -9999 -9999 -9999 -9999
37.88 37.96 37.99 38 38 38.04 38.03 38.01 38 38 38 38 37.87 37.88 38 37.99 38 37.99 37.93 37.83 37.89 37.8 37.51 37.5 36.64 36.11 34.43 35.01 35.62 33.57 34 -9999 -9999 -9999 33.375 -9999 31.55556 -9999 -9999 -9999 33.4898 33.8 32.83 32.21 31.8 32.26829 31.42857 31.45455 -9999 -9999 -9999 -9999 -9999 -9999 -9999 -9999 -9999 -9999 -9999 -9999 -9999 -9999 -9999 -9999 -9999 -9999 -9999 -9999 -9999 -9999 -9999 -9999 -9999 -9999 -9999 -9999 -9999 -9999 -9999 -9999 -9999 -9999
37.96 37.92 37.98 37.97 37.97 37.99 37.99 37.99 37.95 38 37.83 37.5 37.51 37.8 37.62 37.64 37.42 37.66 37.74 37.74 37.91 37.99 37.65 37.39 37.26 36.97 36.32 36.11 36.31 35.22 35.63 34.24 33.52 34.27 34.85 33.02 32.82 31.53 33.2 30.75 31.26 31.61 31.49 31.28 31.84 33.25 32.35 32.13 31.05155 -9999 -9999 -9999 -9999 -9999 -9999 -9999 -9999 -9999 -9999 -9999 -9999 -9999 -9999 -9999 -9999 -9999 -9999 -9999 -9999 -9999 -9999 -9999 -9999 -9999 -9999 -9999 -9999 -9999 -9999 -9999 -9999 -9999
37.05 37 37.23 37.25 37.48 37.66 37.85 37.83 37.84 37.85 37.35 37.61 37.53 37.59 37.52 37.26 37.16 37.5 37.36 37.49 37.15 37.55 37.65 37.31 37.14 36.94 36.91 36.91 36.17 35.55 35.87 35.64 35.62 36.37 35.53 33.32 33.62 34.45 33.04 32.28 32.89 32.54 31.87 31.07 31.19 32.97 33.34 32.76 31.63 -9999 -9999 -9999 -9999 -9999 -9999 -9999 -9999 -9999 -9999 -9999 -9999 -9999 -9999 -9999 -9999 -9999 -9999 -9999 -9999 -9999 -9999 -9999 -9999 -9999 -9999 -9999 -9999 -9999 -9999 -9999 -9999 -9999
37.01 37 37 37 37 37.03 37.08 37.06 37.03 37.18 37.05 37.09 37 37.06 37.03 37.07 37.04 37.04 37.06 37.03 37.05 36.99 37.1 37.02 37.03 37 37 36.93 36.37 35.99 35.72 36.47 36.49 36.76 35.78 35.04 34.86 34.75 33.84 34.19 34.52 33.44 31.87 32.04 32 33.25 32.72 32.12 31.96 -9999 -9999 30.80952 30.82105 31.14607 31.83333 32 -9999 -9999 -9999 -9999 -9999 -9999 -9999 -9999 -9999 -9999 31.92857 32 32.03773 -9999 -9999 -9999 -9999 -9999 -9999 -9999 -9999 -9999 -9999 -9999 -9999 -9999
37.19 37.12 37.08 37.01 37 37 37 37.01 37 37 37 37 37 37 37 37 37 37 37 37 36.97 36.97 37.03 37.13 36.87 36.78 36.78 36.53 36.38 36.13 35.89 35.84 36.29 36.73 36.64 36.31 35.67 35.11 34.4 33.95 34.43 34.22 33.75 33.71 33.26 33.32 32.03 32.49 32.85 32.77 32.25 31.91 31.98 31.99 31.9 31.58904 -9999 30.6875 30.66 31.07 31.18824 -9999 -9999 -9999 31.05319 31.03 31.77 32 32.16 32.82022 -9999 -9999 -9999 -9999 -9999 -9999 -9999 -9999 -9999 -9999 -9999 -9999
37.2 37.37 37.5 37.6 37.21 37.2 37.01 37 37 37 37 37 37 37 37 37 37 37 37 37 37 37 37 36.97 36.95 36.66 36.41 36.29 36.11 35.54 35.75 35.82 35.95 36.43 36.64 35.92 35.94 35.27 35.37 34.73 34.89 34.3 33.68 34.26 33.88 32.75 32.43 32.6 32.99 32.53 31.76 31.41 31.29 31.57 31.46 31.24 31.39 31.26 31.02 31.07 31.03 30.95 30.81 30.84 30.92 30.89 31.18 31.85 32.2 32.78652 32.93548 -9999 -9999 -9999 -9999 -9999 -9999 -9999 -9999 -9999 -9999 -9999
37.31 37.41 37.39 37.55 37.15 37.07 37 37 37 36.94 36.81 36.41 36.74 36.95 36.79 36.69 36.28 36.81 36.86 36.83 36.99 36.99 36.99 36.96 37 37 37 36.95 36.57 36.7 36.65 36.32 36.17 36.09 36.51 35.99 36.06 35.86 35.33 35.07 35.09 34.47 34.68 34.73 33.65 32.64 32.82 33.02 32.9 31.89 31.43 31.4 31.58 31.51 31.52 31.06 31.17 31.02 30.98 31 30.81 30.17 30.05 30.05 30.1 30.28 30.93 31.4 32.05263 -9999 -9999 -9999 -9999 -9999 -9999 -9999 -9999 -9999 -9999 -9999 -9999 -9999
37.17 37.24 37.07 37.06 37.01 37 37 37 37 36.88 36.94 36.94 36.97 36.54 36.24 36.18 36.43 36.5 36.36 36.66 36.44 36.56 36.86 36.48 36.73 36.95 36.91 36.94 36.94 36.95 36.88 36.81 36.97 36.49 36.7 36.21 36.04 35.68 35.52 34.98 35.06 34.7 34.91 34.63 34.03 33.25 32.97 32.95 32.46 31.91 31.78 31.98 31.85 31.31 31.06 31.01 31 30.88 30.47 30.66 30.75 30.03 30.09 29.96 29.92 29.91 30.49 31.04 31.74 32.43283 -9999 -9999 -9999 -9999 -9999 -9999 -9999 -9999 -9999 -9999 -9999 -9999
36.99 36.99 37 37.11 37.14 37.05 37 37 36.81 36.56 36.43 36.54 36.68 36.39 36.48 36.28 36 36.12 36.02 36 36 36 36.16 36.28 36.38 36.64 36.81 36.82 36.63 36.38 36.48 36.57 36.55 36.61 36.7 35.83 35.84 35.68 35.8 35.32 34.63 34.29 34.67 33.74 33.68 33.59 33.33 33.01 32.77 32.09 32 32 31.91 31.16 31 30.97 30.91 30.29 30.1 30 30.19 30.4 29.8 29.37 29.4 29.27 30.09 30.77 31.68 32.28571 -9999 -9999 -9999 -9999 -9999 -9999 -9999 -9999 -9999 -9999 -9999 -9999
37.07 36.98 37.08 37.07 37 37.01 37 37 36.96 36.85 36.7 36.04 36.02 36.03 36 36.01 36 36 36 36 36 36 36 36 36.01 36 36.13 36.39 36.31 36.42 36.42 36.17 36.65 36.51 36.46 36.04 36 35.93 35.61 35.49 34.92 34.95 34.56 33.9 34 34 33.48 33 32.46 32.02 32 32 31.56 31 31 30.96 30.23 30.03 30.03 29.99 29.92 29.84 29.66 29.02 28.6 28.8 29.5 30.2 31.26 32.21 33 -9999 -9999 -9999 -9999 -9999 -9999 -9999 -9999 -9999 -9999 -9999
37.04 37.16 37.42 37.44 37.07 37 37 37 37 37 36.55 36.22 36.1 36.03 36 36 36 36 36 35.99 35.93 35.97 36 36 36 36 36 36.03 36.03 36.24 36.2 36.09 36.35 36.34 36.07 36.08 36 36 35.98 35.67 35.02 35.01 34.84 34.15 34.02 34 33.31 33.01 32.3 32 32 31.49 31.17 31 30.99 30.55 30.08 30.12 30 30 30 29.97 29.53 29.07 28.07 28.23 29.1 30.01 30.97 31.90411 -9999 -9999 -9999 -9999 -9999 -9999 -9999 -9999 -9999 -9999 -9999 -9999
37.08 37.28 37.58 37.3 37.07 37 37 37 36.94 36.38 36.28 36.08 36.01 36 36 36 36 36 36 35.88 35.58 35.36 35.43 35.73 35.78 35.98 36 36 36 36.02 36.03 36.03 36.28 36.4 36.3 36.09 36.03 36 36 36 35.81 35.31 34.99 34.36 34 33.93 33.02 32.93 32.2 32 31.99 31.41 31 30.98 30.98 30.29 30.02 30.02 30 29.95 30.05 30 29.02 28.81 28.4 28.87 29.13 30.10417 -9999 -9999 -9999 -9999 -9999 -9999 -9999 -9999 -9999 -9999 -9999 -9999 -9999 -9999
37.08 37.14 37.36 37.08 37 37 37 36.98 36.73 36.39 36.02 36.02 36 36 35.99 35.93 35.91 35.96 35.96 35.58 35.01 35 35.18 35.17 35.56 35.59 35.77 35.93 35.99 36 36 36 36 36.06 36.05 36.06 36.01 36 36 36 35.99 35.44 35 34.25 34 33.54 33 32.59 32.02 32 31.78 31.06 31 30.96 30.52 30.01 30.02 30 29.96 29.6 29.3 29.09 29 29 29.03061 29.05747 29.48214 -9999 -9999 -9999 -9999 -9999 -9999 -9999 -9999 -9999 -9999 -9999 -9999 -9999 -9999 -9999
37 37 37.05 37 37 37 36.99 36.97 36.75 36.47 36.05 36.01 36 36 35.91 35.61 35.69 35.31 35.3 35.28 35 35 35 35.01 35.2 35.42 35.88 35.81 35.69 36 36 36 36 36 36 36 36.02 36 36 36 35.99 35.25 34.96 34.09 33.92 33.17 32.97 32.08 32 31.96 31.24 31 31 30.67 30.36 30.02 30 30 29.9 29.82 29.18 29.02 29.0202 29.02632 -9999 -9999 -9999 -9999 -9999 -9999 -9999 -9999 -9999 -9999 -9999 -9999 -9999 -9999 -9999 -9999 -9999 -9999
37 37 37 37 37 36.99 36.93 36.83 36.4 36 36 36 35.99 35.94 35.73 35.8 35.48 35.29 35.26 35.01 35 35 35 35 35.05 35.73 35.59 35.67 35.87 35.93 36 36 36 36 36 36 36 36 36 36 35.78 35.02 34.71 34 33.53 32.99 32.59 32 32 31.43 31 31 30.72 30.27 30.28 30.01 30 30 30.04 29.91 29.73404 -9999 -9999 -9999 -9999 -9999 -9999 -9999 -9999 -9999 -9999 -9999 -9999 -9999 -9999 -9999 -9999 -9999 -9999 -9999 -9999 -9999
36.94 36.86 37 37 36.99 36.84 36.88 36.25 36 36 36 36 36 35.83 35.46 35.35 35.2 35.06 35.01 35 35 35 35 35 35.14 35.52 35.6 35.73 35.81 35.79 35.98 36 36 36 36 36 36 36 36 35.66 35.05 34.76 34.08 33.98 33.03 32.95 32.27 32 31.78 31.05 31 30.98 30.65 30.24 30.03 30.05 30.03 30.07 30.35106 -9999 -9999 -9999 -9999 -9999 -9999 -9999 -9999 -9999 -9999 -9999 -9999 -9999 -9999 -9999 -9999 -9999 -9999 -9999 -9999 -9999 -9999 -9999
36.79 36.85 37 37 36.85 36.52 36.05 36.15 36 36 36 35.97 35.8 35.87 35.57 35.29 35.23 35.01 35.01 35 35 35 35 35 35.01 35.17 35.7 35.89 35.89 35.94 35.97 35.95 36 36 36 35.98 36 35.89 35.51 35 34.64 34.06 33.88 33.28 33.01 32.48 32.01 31.93 31.5 31.06 31 30.92 30.59 30.04 30 30.05 30.51 30.51064 -9999 -9999 -9999 -9999 -9999 -9999 -9999 -9999 -9999 -9999 -9999 -9999 -9999 -9999 -9999 -9999 -9999 -9999 -9999 -9999 -9999 -9999 -9999 -9999
36.03 36.19 36.78 36.5 36.16 36.11 36 36 36 36 36 35.94 35.56 35.69 35.26 35.18 35.08 35 35 35 35 35 35 35 35 35 35.01 35.75 35.85 35.94 35.96 36 36 36 35.97 35.96 35.86 35.79 35.62 35.02 34.71 33.86 33.34 33.04 32.77 32.48 31.97 31.43 31.02 31 30.99 30.67 30.45 30.2 30.02041 30.38272 30.42647 -9999 -9999 -9999 -9999 -9999 -9999 -9999 -9999 -9999 -9999 -9999 -9999 -9999 -9999 -9999 -9999 -9999 -9999 -9999 -9999 -9999 -9999 -9999 -9999 -9999
36 36.01 36.06 36.12 36.07 36.03 36.01 36 36 36 36 35.97 35.97 35.64 35.1 35.02 35.01 35 35 35 35 34.99 35 35 35 35 35 35.16 35.53 35.74 35.98 35.96 35.97 35.99 36 36 35.96 35.56 35.67 35.05 34.77 34.18 33.77 32.96 32.88 32.18 31.62 31.13 31 31 30.98734 30.92424 -9999 -9999 -9999 -9999 -9999 -9999 -9999 -9999 -9999 -9999 -9999 -9999 -9999 -9999 -9999 -9999 -9999 -9999 -9999 -9999 -9999 -9999 -9999 -9999 -9999 -9999 -9999 -9999 -9999 -9999
36 36 36 36 36.02 36.06 36 36 36 36 36 35.82 35.78 35.42 35.16 35.03 35.01 35 35 35 35 35 35 34.95 35 35 35 35.06 35.1 35.12 35.15 35.68 35.94 35.83 35.95 35.91 35.64 35.02 35.37 35.02 34.94 34.14 33.63 33.04 32.6 31.99 31.25926 -9999 -9999 -9999 -9999 -9999 -9999 -9999 -9999 -9999 -9999 -9999 -9999 -9999 -9999 -9999 -9999 -9999 -9999 -9999 -9999 -9999 -9999 -9999 -9999 -9999 -9999 -9999 -9999 -9999 -9999 -9999 -9999 -9999 -9999 -9999
36 36 36 36 36 36 36 36 36 36 36 35.97 35.8 35.32 35.05 35.01 35 35 34.99 34.95 34.92 34.92 35 34.98 35 34.98 34.99 35 35 35 35.17 35.14 35.2 35.71 35.66 35.47 35.39 35.19 35.22 35.06 34.58 33.99 33.83 33.29578 -9999 -9999 -9999 -9999 -9999 -9999 -9999 -9999 -9999 -9999 -9999 -9999 -9999 -9999 -9999 -9999 -9999 -9999 -9999 -9999 -9999 -9999 -9999 -9999 -9999 -9999 -9999 -9999 -9999 -9999 -9999 -9999 -9999 -9999 -9999 -9999 -9999 -9999
36 36 36 36 36 36 36.01 36 36 36 36 35.94 35.77 35.37 35 35 35 35 34.84 34.8 34.72 34.92 34.57 34.56 34.82 34.95 34.98 35 35 35 35 35 35.01 35.04 35.01 35.01 35.01 35.71 35.26 34.82 34.65 34.12 33.94 -9999 -9999 -9999 -9999 -9999 -9999 -9999 -9999 -9999 -9999 -9999 -9999 -9999 -9999 -9999 -9999 -9999 -9999 -9999 -9999 -9999 -9999 -9999 -9999 -9999 -9999 -9999 -9999 -9999 -9999 -9999 -9999 -9999 -9999 -9999 -9999 -9999 -9999 -9999
36 36 36 36 36 36 36 36 36 36 36 35.85 35.62 35.11 35 35 35 34.93 34.94 34.67 34.68 34.06 34.17 34.39 34.5 34.5 34.62 34.85 34.91 35 34.93 34.91 35 34.99 34.94 34.6 34.59 35.78 35.67 34.6 34.92929 -9999 -9999 -9999 -9999 -9999 -9999 -9999 -9999 -9999 -9999 -9999 -9999 -9999 -9999 -9999 -9999 -9999 -9999 -9999 -9999 -9999 -9999 -9999 -9999 -9999 -9999 -9999 -9999 -9999 -9999 -9999 -9999 -9999 -9999 -9999 -9999 -9999 -9999 -9999 -9999 -9999
35.88 36 36 36 36.02 36.01 36.03 36 36 36 36 35.93 35.51 35.18 35.01 35 35 35 34.9 34.44 34.31 34.15 34.29 34.03 34.02 34.1 34.26 34.28 34.84 34.62 34.87 34.62 34.58 34.24 34.18 34.04 34.96 35.99 35.71 35.07 35 -9999 -9999 -9999 -9999 -9999 -9999 -9999 -9999 -9999 -9999 -9999 -9999 -9999 -9999 -9999 -9999 -9999 -9999 -9999 -9999 -9999 -9999 -9999 -9999 -9999 -9999 -9999 -9999 -9999 -9999 -9999 -9999 -9999 -9999 -9999 -9999 -9999 -9999 -9999 -9999 -9999
35.63 36 36 36 36 36 36.01 36 36 36 36 35.91 35.5 35.3 35.01 35 34.99 35 34.9 34.6 34.34 34.07 34.14 34.01 34.14 34.03 34.06 34.25 34.66 34.4 34.39 34.05 34.05 34 34.16 34.28 35 35.69 35.62 35.09278 34.93548 34.24419 34 -9999 -9999 -9999 -9999 -9999 -9999 -9999 -9999 -9999 -9999 -9999 -9999 -9999 -9999 -9999 -9999 -9999 -9999 -9999 -9999 -9999 -9999 -9999 -9999 -9999 -9999 -9999 -9999 -9999 -9999 -9999 -9999 -9999 -9999 -9999 -9999 -9999 -9999 -9999
