layers/wordclim/future/Iberia_wcB2a_10_hadcm3_2020/bio_12.asc
ncols         166
nrows         93
xllcorner     -9.4959440078468
yllcorner     36.000324005443
cellsize      0.083333337679505
NODATA_value  -9999
[rows 33 to 65 of 93, columns 73 to 145 of 166]
495.92 461.83 459.32 453.09 443.29 428.58 438.83 450.17 470.71 488.66 490.44 490.19 494.53 495.25 509.12 520.71 520.04 506.46 482.12 463.81 455.27 448.25 422.78 420.05 418.63 391.91 430.68 485.68 495.84 455.33 430.14 409.14 383.06 391.37 404.24 421.56 413.46 406.18 401.87 417.09 450.02 462.17 464.91 488.23 493.53 517.95 488.19 510.8 533.88 546.7 556.32 545.34 -9999 -9999 -9999 -9999 -9999 -9999 -9999 -9999 -9999 -9999 -9999 -9999 -9999 -9999 -9999 -9999 -9999 -9999 -9999 -9999 -9999
440.13 448.57 437.93 421.58 427.91 444.7 463.7 471.57 467.92 473.72 481.05 491.34 498.34 472.59 492.32 493.32 513.86 475.81 477.46 482.25 471.2 461.42 437.78 428.13 403.82 391.06 426.38 445.26 469.79 441.8 447.7 434.53 422.27 422.48 442.73 435.42 437.11 430.08 422.2 461.58 487.95 486.01 490.42 512.75 546.87 551.88 498.67 513.04 566.03 537.0606 -9999 -9999 -9999 -9999 -9999 -9999 -9999 -9999 -9999 -9999 -9999 -9999 -9999 -9999 -9999 -9999 -9999 -9999 -9999 -9999 -9999 -9999 -9999
450.82 442.71 423.47 406.45 423.01 458.74 464.1 462.98 451.04 455.47 483.96 487.22 473.36 479.09 488.92 484.38 486.89 487.85 485.74 475.04 490.34 491.45 462.24 417.66 395.76 412.16 476.95 488.24 480.84 482.56 489.62 479.21 495.99 505.94 492.08 483.42 471.96 436.9 457.57 466.69 504.82 507.14 539.96 574.08 620.58 549.52 504.54 512.52 525.33 510.831 -9999 -9999 -9999 -9999 -9999 -9999 -9999 -9999 -9999 -9999 -9999 -9999 -9999 -9999 -9999 -9999 -9999 -9999 -9999 -9999 -9999 -9999 -9999
439.39 436.94 411.28 415.02 456.13 456.27 458.08 474.55 443.1 427.11 433.46 447.19 477.52 523.76 536.32 541.51 516.57 514.44 526.93 515.3 523.76 504.63 502.46 438.31 401.38 433.74 495.43 475.62 479.24 499.36 515.66 516.52 501.44 515.68 501.99 493.58 467.92 471.28 481.04 513.3 551.51 565.71 605.7 580.44 566.41 522.21 514.23 513.45 506.3711 513.6667 517.5349 518.8261 -9999 -9999 -9999 -9999 -9999 -9999 -9999 -9999 -9999 -9999 -9999 -9999 -9999 -9999 -9999 -9999 -9999 -9999 -9999 -9999 -9999
430.73 426.83 404.2 436.72 444.96 440.05 465.48 474.24 435.86 452.78 472.87 494.15 496.83 511.59 531.84 546.22 547.09 540.83 541.32 552.69 581.35 534.97 531.19 487.89 430.05 407.28 473.97 467.79 451.67 468.67 514.85 518.46 535.84 554.49 549.25 566.84 514.82 500.71 495.21 522.68 562.14 563.03 554.8 529.42 510.2 511.25 521.36 540.8617 -9999 -9999 -9999 -9999 -9999 -9999 -9999 -9999 -9999 -9999 -9999 -9999 -9999 -9999 -9999 -9999 -9999 -9999 -9999 -9999 -9999 -9999 -9999 -9999 -9999
428.27 414.82 436.08 449.49 428.31 448.87 464.59 453.51 426.36 458.86 462.16 468.62 457.59 467.7 489.83 519.82 542.5 594.96 584.27 599.72 618.34 577.6 545.9 515.56 451.54 402.27 433.62 463.39 431.64 478.26 574.26 532.94 557.84 591.71 604.08 636.86 563.36 542.76 527.43 542.1 564.55 544.8 529.01 502.44 501.31 501.62 506.01 -9999 -9999 -9999 -9999 -9999 -9999 -9999 -9999 -9999 -9999 -9999 -9999 -9999 -9999 -9999 -9999 -9999 -9999 -9999 -9999 -9999 -9999 -9999 -9999 -9999 -9999
428.92 441.99 454.71 442.98 441.99 458.47 450.61 429.69 423.39 432.89 421.18 430.82 437.59 476.53 492.92 527.16 554.68 580.5 606.77 603.06 622.05 601.22 552.4 502.87 461.3 416.18 421.5 447.58 429.44 527.66 560.65 573.18 611.78 678.42 671.9 644.65 629.82 573.86 564.72 562.35 557.1 514.34 500.67 500.28 499.6 488.7 489.1 -9999 -9999 -9999 -9999 -9999 -9999 -9999 -9999 -9999 -9999 -9999 -9999 -9999 -9999 -9999 -9999 -9999 -9999 -9999 -9999 -9999 -9999 -9999 -9999 -9999 -9999
442.51 452.65 449.66 433.12 443.06 435.79 414.43 425.89 418.53 454.96 467.3 439.18 464.51 465.93 480.52 496.22 549.98 566.33 594.29 612.05 614.41 575.22 526.82 513.05 496.24 436.66 406.94 394.22 440.97 521.32 532.31 561.92 614.05 699.48 695.86 649.87 608.41 557.69 515.46 521.08 507.96 497.72 484.93 504.64 497.09 490.1084 -9999 -9999 -9999 -9999 -9999 -9999 -9999 -9999 -9999 -9999 -9999 -9999 -9999 -9999 -9999 -9999 -9999 -9999 -9999 -9999 -9999 -9999 -9999 -9999 -9999 -9999 -9999
447.35 445.9 435.89 440.89 434.9 414.7 429.25 449.86 429.01 439.5 464.24 470.07 486.3 491.19 502.87 514.05 554 582.4 587.9 569.97 624.17 596.2 573.5 551.44 511.59 478.69 431.27 390.23 446.8 504.58 468.78 482.56 553.87 622.51 602.56 610.57 586.3 556.19 502.59 492.16 502.44 504.54 469.83 474.9 498.6829 -9999 -9999 -9999 -9999 -9999 -9999 -9999 -9999 -9999 -9999 -9999 -9999 -9999 -9999 -9999 -9999 -9999 -9999 -9999 -9999 -9999 -9999 -9999 -9999 -9999 -9999 -9999 -9999
433.67 435.87 436.71 429.71 413.8 417.24 456.45 461.03 446.69 477.01 473.1 475.73 482.76 505.3 530.57 503.65 550.67 553.52 558.1 587.11 584.14 581.34 540.86 578.3 489.63 465.13 415.05 433.06 504.72 499.94 449.48 444.16 474 506.22 538.44 518.54 540.35 535.12 471.26 450.46 467.6 472.9 471.07 451.8026 -9999 -9999 -9999 -9999 -9999 -9999 -9999 -9999 -9999 -9999 -9999 -9999 -9999 -9999 -9999 -9999 -9999 -9999 -9999 -9999 -9999 -9999 -9999 -9999 -9999 -9999 -9999 -9999 -9999
444.67 437.72 422.22 408.19 415.23 431.57 461.59 469.06 466.15 482.26 492.52 495.27 515.55 517.36 514.8 516.19 547.02 560.64 566.38 550.82 546.28 525.61 526.59 535.59 483.45 410.16 422.25 492.34 613.89 596.44 498.42 452.96 451.16 454.3 459.86 484.54 483.02 479.22 462.87 444.31 460.98 472.63 452.3636 -9999 -9999 -9999 -9999 -9999 -9999 -9999 -9999 -9999 -9999 -9999 -9999 -9999 -9999 -9999 -9999 -9999 -9999 -9999 -9999 -9999 -9999 -9999 -9999 -9999 -9999 -9999 -9999 -9999 -9999
416.1 411.59 417.13 429.99 436.3 443.72 458.49 467.9 472.52 482.59 500.26 502.94 525.55 515.85 497.74 516.19 528.28 545.19 521.84 514.98 527.59 498.86 504.17 533.12 485.71 419.9 458.63 536.6 619.3 586.15 518.75 496.16 473.52 484.89 455.89 454.73 446.45 438.73 425.91 437.18 447.75 447.3134 -9999 -9999 -9999 -9999 -9999 -9999 -9999 -9999 -9999 -9999 -9999 -9999 -9999 -9999 -9999 -9999 -9999 -9999 -9999 -9999 -9999 -9999 -9999 -9999 -9999 -9999 -9999 -9999 -9999 -9999 -9999
440.04 437.47 442.78 446.99 446.54 448.18 457.36 468.01 459.37 466.89 485.86 493.84 505.49 501.37 510.81 515.66 516.92 521.84 494.75 488.45 483.29 495.77 498.97 489.18 463.75 441.4 426.67 456.43 506.82 548.63 596.26 541.86 481.9 463.55 457.94 476.2 465.83 438.43 419.93 417.86 418.3918 -9999 -9999 -9999 -9999 -9999 -9999 -9999 -9999 -9999 -9999 -9999 -9999 -9999 -9999 -9999 -9999 -9999 -9999 -9999 -9999 -9999 -9999 -9999 -9999 -9999 -9999 -9999 -9999 -9999 -9999 -9999 -9999
433.8 436.53 439.15 439.85 439.01 445.95 453.94 457.15 459.49 466.83 470.11 485.82 487.48 481.1 507.83 519.06 521.72 516.2 489.65 493.92 466.82 492.49 510.92 481.09 453.44 462.37 448.97 425.63 445.58 475.01 517.89 540.03 486 457.74 436.33 441.88 475.16 469.97 434.87 418.798 -9999 -9999 -9999 -9999 -9999 -9999 -9999 -9999 -9999 -9999 -9999 -9999 -9999 -9999 -9999 -9999 -9999 -9999 -9999 -9999 -9999 -9999 -9999 -9999 -9999 -9999 -9999 -9999 -9999 -9999 -9999 -9999 -9999
425.71 430.59 431.69 429.76 435.26 438.56 455.39 461.32 465.28 456.03 462.71 477.33 477 467.27 479.59 489.78 505.43 504.31 483.16 479.41 468.33 458.48 458.85 450.2 462.65 468.43 436.7 409.51 419.57 440.67 461.45 452.88 464.14 464.28 463.6 445.35 436.99 445.75 425.17 -9999 -9999 -9999 -9999 -9999 -9999 -9999 -9999 -9999 -9999 -9999 -9999 -9999 -9999 -9999 -9999 -9999 -9999 -9999 -9999 -9999 -9999 -9999 -9999 -9999 -9999 -9999 -9999 -9999 -9999 -9999 -9999 -9999 -9999
426.6 425.88 427.75 428.83 432.92 435.86 445.45 449.49 461.31 452.8 462.12 475.66 471.29 453.59 456.72 479.77 488.68 486.8 481.37 468.29 450.53 432.41 430.03 443.22 480.9 448.91 441.81 431.23 414.12 398.38 407.36 411.07 411.11 418.32 440.07 469.31 450.07 435.28 427.9474 -9999 -9999 -9999 -9999 -9999 -9999 -9999 -9999 -9999 -9999 -9999 -9999 -9999 -9999 -9999 -9999 -9999 -9999 -9999 -9999 -9999 -9999 -9999 -9999 -9999 -9999 -9999 -9999 -9999 -9999 -9999 -9999 -9999 -9999
427.79 420.62 421.47 424.06 425.38 438.47 451.06 440.15 442.05 456.05 447.23 463.94 463.02 452.07 447.76 449.94 461.75 463.22 461.4 462.78 461.92 438.8 421.3 446.3 452.9 434.06 446.41 476.28 468.2 431.24 404.5 402.34 401.9 409.61 422.44 433.65 440.91 432.6702 -9999 -9999 -9999 -9999 -9999 -9999 -9999 -9999 -9999 -9999 -9999 -9999 -9999 -9999 -9999 -9999 -9999 -9999 -9999 -9999 -9999 -9999 -9999 -9999 -9999 -9999 -9999 -9999 -9999 -9999 -9999 -9999 -9999 -9999 -9999
420.68 418.32 418.48 419.8 420.53 424.53 433.07 426.23 431.65 444.9 444.02 442.35 440.33 438.77 452.7 445.77 434.3 435.95 436.6 439.04 435.45 431.74 409.83 425.88 432.89 429.89 422.4 439.43 448.17 460.58 466.55 428.13 412.17 417.06 426.97 437.78 432.5 -9999 -9999 -9999 -9999 -9999 -9999 -9999 -9999 -9999 -9999 -9999 -9999 -9999 -9999 -9999 -9999 -9999 -9999 -9999 -9999 -9999 -9999 -9999 -9999 -9999 -9999 -9999 -9999 -9999 -9999 -9999 -9999 -9999 -9999 -9999 -9999
417.5 416.13 419.45 426.24 419.76 417.14 420.59 420.77 420.83 425.86 425.43 429.82 426.01 437.57 445.45 426.36 422.8 422.62 424.8 418.36 419.44 411.09 391.7 407.58 413.41 404.23 403.33 418.68 443.86 457.46 463.35 441.38 423.74 425.28 429.74 437.33 437.9 -9999 -9999 -9999 -9999 -9999 -9999 -9999 -9999 -9999 -9999 -9999 -9999 -9999 -9999 -9999 -9999 -9999 -9999 -9999 -9999 -9999 -9999 -9999 -9999 -9999 -9999 -9999 -9999 -9999 -9999 -9999 -9999 -9999 -9999 -9999 -9999
417.45 413.77 414.96 417.67 413.01 411.4 413.83 413.73 414.4 415.56 414.18 413.52 413.99 419.46 416.89 411.83 415.64 413.45 412.24 409.99 406.6 407.87 399.5 377.22 377.69 387.03 395.18 418.81 430.82 442.45 439.46 422.65 423.05 430.75 440.52 439.7 444.08 -9999 -9999 -9999 -9999 -9999 -9999 -9999 -9999 -9999 -9999 -9999 -9999 -9999 -9999 -9999 -9999 -9999 -9999 -9999 -9999 -9999 -9999 -9999 -9999 -9999 -9999 -9999 -9999 -9999 -9999 -9999 -9999 -9999 -9999 -9999 -9999
413.65 411.82 411.88 411.25 410.51 410.6 410.65 411.88 411.77 413.59 411.4 411.51 410.44 409.91 408.9 407.41 401.44 401.85 399.41 396.83 399.2 398.38 402.46 406.54 402.41 395.53 396.64 405.04 422.42 440.45 429.99 443.32 453.3 432.58 439.49 442.28 448.59 459.9524 -9999 -9999 -9999 -9999 -9999 -9999 -9999 -9999 -9999 -9999 -9999 -9999 -9999 -9999 -9999 -9999 -9999 -9999 -9999 -9999 -9999 -9999 -9999 -9999 -9999 -9999 -9999 -9999 -9999 -9999 -9999 -9999 -9999 -9999 -9999
414.29 414.65 415.56 415.41 414.11 413.17 413.65 414.52 417.35 419.84 418.74 417.15 409.23 403.4 398.99 399.49 393.92 390.73 387.49 386.66 387.7 391.47 389.71 395.37 406.05 419.21 430.8 420.54 405.48 459.63 470.98 444.47 437.81 439.84 428.86 438.99 451.99 468.0202 -9999 -9999 -9999 -9999 -9999 -9999 -9999 -9999 -9999 -9999 -9999 -9999 -9999 -9999 -9999 -9999 -9999 -9999 -9999 -9999 -9999 -9999 -9999 -9999 -9999 -9999 -9999 -9999 -9999 -9999 -9999 -9999 -9999 -9999 -9999
418.63 416.96 417.71 417.48 417.59 419.24 423.9 427.06 431.67 431.13 430.92 432.64 421.01 407.59 397.39 390.32 387.43 384.14 381.46 379.34 382.03 383.1 395.29 407.8 431.16 458.12 455.43 444.12 419.21 478.85 466.88 428.72 425.25 426.95 423.31 439.04 473.16 483.51 -9999 -9999 -9999 -9999 -9999 -9999 -9999 -9999 -9999 -9999 -9999 -9999 -9999 -9999 -9999 -9999 -9999 -9999 -9999 -9999 -9999 -9999 -9999 -9999 -9999 -9999 -9999 -9999 -9999 -9999 -9999 -9999 -9999 -9999 -9999
421.76 424.89 426.65 427.72 430.51 437.21 451.58 453.35 454.2 452.9 446.53 451.88 442.56 421.83 400.31 388.78 384.23 379.33 376.91 377.56 386.79 407.27 421.66 446.9 468.92 490.15 471.55 452.64 433.55 481.3 470.4 449.29 428.41 424.34 427.76 443.38 489.51 507.24 499.4321 -9999 -9999 -9999 -9999 -9999 -9999 -9999 -9999 -9999 -9999 -9999 -9999 -9999 -9999 -9999 -9999 -9999 -9999 -9999 -9999 -9999 -9999 -9999 -9999 -9999 -9999 -9999 -9999 -9999 -9999 -9999 -9999 -9999 -9999
429.76 434.21 444.23 448.21 456.72 458.81 451.05 457.51 464.08 469.47 473.11 476.87 459.22 430.88 405.06 389.65 381.34 375.41 375.32 381.04 413.55 436.91 443.26 465.22 466.99 455.45 452.51 450.5 465.08 501.51 478.32 456.71 439.36 433.33 442.9 458.5 496.9 521.29 506.23 517 -9999 -9999 -9999 -9999 -9999 -9999 -9999 -9999 -9999 -9999 -9999 -9999 -9999 -9999 -9999 -9999 -9999 -9999 -9999 -9999 -9999 -9999 -9999 -9999 -9999 -9999 -9999 -9999 -9999 -9999 -9999 -9999 -9999
436.78 440.68 447.48 451.4 453.62 466.53 465.7 459.14 466.08 465.7 468.35 472.73 466.02 440.22 418 398.7 388.63 377.7 381.73 392 406.73 423.41 436.13 446.28 445.23 445.74 445.87 440.06 448.47 473.55 467.67 443.12 456.92 458.09 445.54 463.6 497.68 525.27 534.26 535.35 552.1194 -9999 -9999 -9999 -9999 -9999 -9999 -9999 -9999 -9999 -9999 -9999 -9999 -9999 -9999 -9999 -9999 -9999 -9999 -9999 -9999 -9999 -9999 -9999 -9999 -9999 -9999 -9999 -9999 -9999 -9999 -9999 -9999
447.81 457.3 456.16 451.89 454.48 466.78 470.49 468.28 469.53 471.58 469.09 466.26 456.4 448.99 438.61 429.6 422.31 403.64 407.85 405.9 413.24 426.05 435.9 439.92 437.62 435.12 450.38 466.38 464.97 450.59 435.35 464.08 474.07 471.66 505.72 515.73 503.98 556.02 570.43 566.59 568.07 590.12 605.6804 -9999 -9999 -9999 -9999 -9999 -9999 -9999 -9999 -9999 -9999 -9999 -9999 -9999 -9999 -9999 -9999 -9999 -9999 -9999 -9999 -9999 -9999 -9999 -9999 -9999 -9999 -9999 -9999 -9999 -9999
458.07 459.59 460.72 458.8 458.97 465.05 470.9 479.55 475.32 461.42 459.42 475.84 492.32 502.19 499.35 493.89 464.91 430.17 410.97 418.14 412.51 414.21 415.32 417.57 440.82 427.04 427.47 438.91 445.06 416.75 443.13 469.12 492.86 529.16 543.05 522.52 528.24 592.19 578.72 584.73 577.83 581.63 589.6506 -9999 -9999 -9999 -9999 -9999 -9999 -9999 -9999 -9999 -9999 -9999 -9999 -9999 -9999 -9999 -9999 -9999 -9999 -9999 -9999 -9999 -9999 -9999 -9999 -9999 -9999 -9999 -9999 -9999 -9999
466.37 471.85 479.43 470.49 466.28 464.61 478.66 463.63 460.48 429.97 465.29 515.69 542.02 504 506.66 482.78 451.83 420 405.76 391.93 388.12 389.72 392.8 400.35 418.01 432.15 426.89 413.87 419.23 414.32 415.85 458.09 509.87 508.8 562.13 565.24 572.3 577.62 584.43 528.67 544.9474 -9999 -9999 -9999 -9999 -9999 -9999 -9999 -9999 -9999 -9999 -9999 -9999 -9999 -9999 -9999 -9999 -9999 -9999 -9999 -9999 -9999 -9999 -9999 -9999 -9999 -9999 -9999 -9999 -9999 -9999 -9999 -9999
490.01 484.74 481.39 472.44 459.26 474.86 457.42 431.48 432.17 458.76 534.19 552.44 549.5 504.05 458.54 438.3 413.26 387.33 381.24 379.6 367.9 359.37 367.56 385.76 392.5 410.41 419.8 402.58 419.41 443.82 413.6 434.86 517.15 486.52 497.99 475.09 518.99 471.31 479.2111 494.6984 -9999 -9999 -9999 -9999 -9999 -9999 -9999 -9999 -9999 -9999 -9999 -9999 -9999 -9999 -9999 -9999 -9999 -9999 -9999 -9999 -9999 -9999 -9999 -9999 -9999 -9999 -9999 -9999 -9999 -9999 -9999 -9999 -9999
487.82 476.99 466.74 467.56 466.31 454.39 429.32 424.17 447.41 467.11 480.65 519.23 523.64 463.86 433.26 409.25 382.2 387.37 368.75 349.36 343.99 348.14 365.19 385.04 379.47 382.28 403.13 442.64 427.43 417.17 406.13 397.06 445.9 425.87 406.84 396.85 418.2027 -9999 -9999 -9999 -9999 -9999 -9999 -9999 -9999 -9999 -9999 -9999 -9999 -9999 -9999 -9999 -9999 -9999 -9999 -9999 -9999 -9999 -9999 -9999 -9999 -9999 -9999 -9999 -9999 -9999 -9999 -9999 -9999 -9999 -9999 -9999 -9999
476.1 456.34 450.86 453.18 445.57 431.53 407.67 414.03 434.79 444.61 501.89 530.75 480.59 406.15 382.21 389.3 387.14 364.08 345.72 350.89 341.25 338.87 344.68 343.1 361.19 377.77 374.61 399.99 404.48 427.54 397.15 363.59 363.44 365.91 352.19 361.3462 -9999 -9999 -9999 -9999 -9999 -9999 -9999 -9999 -9999 -9999 -9999 -9999 -9999 -9999 -9999 -9999 -9999 -9999 -9999 -9999 -9999 -9999 -9999 -9999 -9999 -9999 -9999 -9999 -9999 -9999 -9999 -9999 -9999 -9999 -9999 -9999 -9999
444.03 441.63 453.47 450.56 430.88 401.02 442.57 483.19 443.22 526.05 562.37 498.38 485.74 445.93 452.76 466.05 464.43 420.61 384.24 338.84 324.55 332.96 325.13 317.51 339.83 360.19 403.97 396.62 386.27 396.05 386.97 351.27 334.1 334.18 333.4211 -9999 -9999 -9999 -9999 -9999 -9999 -9999 -9999 -9999 -9999 -9999 -9999 -9999 -9999 -9999 -9999 -9999 -9999 -9999 -9999 -9999 -9999 -9999 -9999 -9999 -9999 -9999 -9999 -9999 -9999 -9999 -9999 -9999 -9999 -9999 -9999 -9999 -9999
