layers/wordclim/future/Iberia_wcB2a_10_hadcm3_2020/bio_16.asc
ncols         166
nrows         93
xllcorner     -9.4959440078468
yllcorner     36.000324005443
cellsize      0.083333337679505
NODATA_value  -9999
[rows 0 to 32 of 93, columns 0 to 72 of 166]
-9999 -9999 -9999 -9999 -9999 -9999 -9999 -9999 -9999 -9999 -9999 -9999 -9999 -9999 -9999 -9999 -9999 380.6342 407.1111 365.5373 363.106 365.875 353.2319 347.4243 -9999 -9999 -9999 -9999 -9999 -9999 -9999 -9999 -9999 -9999 -9999 -9999 -9999 -9999 -9999 -9999 -9999 -9999 -9999 -9999 -9999 -9999 -9999 -9999 -9999 -9999 -9999 -9999 -9999 -9999 -9999 -9999 -9999 -9999 -9999 -9999 -9999 -9999 -9999 -9999 -9999 -9999 -9999 -9999 -9999 -9999 -9999 -9999 -9999
-9999 -9999 -9999 -9999 -9999 -9999 -9999 -9999 -9999 -9999 -9999 -9999 -9999 -9999 -9999 -9999 378.5151 381.7263 391.87 372.89 389.44 389.89 360.6364 376.08 367.6 343.9072 -9999 -9999 -9999 -9999 -9999 -9999 -9999 -9999 -9999 -9999 -9999 -9999 -9999 -9999 -9999 -9999 -9999 282.3594 282.1154 -9999 -9999 -9999 -9999 -9999 -9999 -9999 -9999 -9999 -9999 -9999 -9999 -9999 -9999 -9999 -9999 -9999 -9999 -9999 -9999 -9999 -9999 -9999 -9999 -9999 -9999 -9999 -9999
-9999 -9999 -9999 -9999 -9999 -9999 -9999 -9999 -9999 -9999 -9999 -9999 -9999 -9999 383.2222 376.1895 381.2929 385.57 391.99 408.9 416.37 405.32 389.36 401.86 354.27 333.77 327.1684 323.9747 319.1127 304.0727 304.0375 300.7024 301.4737 290.6494 299.3165 288.9849 289.1096 293.2917 294.6591 289.6701 285.8205 283.3214 281.1919 280.15 281.18 275.1688 274.8361 281.0167 282.2373 -9999 -9999 -9999 -9999 -9999 -9999 -9999 -9999 -9999 -9999 -9999 -9999 -9999 -9999 -9999 -9999 -9999 -9999 -9999 -9999 -9999 -9999 -9999 -9999
-9999 -9999 -9999 -9999 -9999 -9999 -9999 -9999 -9999 -9999 -9999 -9999 -9999 -9999 -9999 -9999 400.5858 420.48 423.78 408.75 417.05 429.01 432.05 425.42 388.74 352 331.63 340.57 316.98 312.0808 324.7 328.69 325.72 303.1 327.91 307.35 295.86 301.63 311.5 289.67 279.4142 287.33 288.78 282.82 278.82 278.5 284.54 285.79 275.77 278.96 281.92 285.8718 279.9359 279.2542 283.34 -9999 -9999 -9999 -9999 -9999 -9999 -9999 -9999 -9999 -9999 -9999 -9999 374.6028 -9999 390.0635 398.7292 400.8965 406.3913
-9999 -9999 -9999 -9999 -9999 -9999 -9999 -9999 -9999 -9999 -9999 -9999 -9999 -9999 386.791 384.3125 406.06 424.97 424.27 427.39 413.04 409.67 403.23 411.5 392.74 378.18 359.35 335.77 331.28 351.87 367.62 345.22 322.96 325.61 329.93 304.1 314.2 321.35 297.91 283.33 279.16 272.98 272.9 279.59 276.07 275.92 277.82 276.95 276.82 275.98 275.92 271.53 272.79 281.9 284.9 290.45 299.3 295.1808 295.8642 297.3562 302.4935 307.7949 316.1389 327.8675 336.9592 343.28 353.47 362.49 371.8438 378.14 384.75 389.48 391.9167
-9999 -9999 -9999 -9999 -9999 -9999 395.1852 391.725 401.7567 -9999 413.973 414.4699 412.14 397.2929 393.26 -9999 412.64 429.58 445.05 429.78 413.83 400.51 391.35 376.59 377.98 367.66 360.94 338.59 364.15 366.04 354.93 321.32 326.75 350.79 340.99 309.01 295.32 293.65 300.39 290.35 291.97 289.47 281.66 273.7 273.4 272.46 274.54 281.83 282.39 276.23 285.07 277.68 273.96 286.56 297.79 297.26 290.57 298.38 291.81 297.31 298.79 305.41 310.21 315.99 325.53 331.6 339.69 348.11 356.28 362.79 369.18 374.67 380.85
-9999 -9999 -9999 -9999 -9999 -9999 405.2192 407.74 413.67 415.69 431.88 464.4 454.75 438.19 417.91 416.33 438.38 441.35 444.7 428.25 416.88 396.08 386.25 370.95 363.98 362.84 366.75 351 357.04 357.77 335.53 317.06 343.36 356.29 321.11 304.06 301.64 324.53 310.8 312.15 309.51 286.61 319.33 286.97 268.12 275.45 277.47 273.85 275.93 277.1 299.8 286.53 281.45 304.7 358.63 331.05 342.75 334.17 290.02 299.4 295.26 297.52 301.08 307.4 312.43 317.6 324.64 331.02 338.37 343.4 353.05 353.88 360.52
-9999 -9999 -9999 -9999 378.7849 405.5 414.98 443.13 460.39 463.43 480.88 478.99 470.13 471.14 457.48 463.57 465.12 452.88 447.88 428.06 417.45 402.8 381.43 371.23 365.79 368.8 373.89 353.48 376.93 355.93 354.58 326.55 341.24 349.72 322.93 310.48 331.36 352.4 314.98 331.7 314.04 319.15 289.75 286.06 270.1 283.21 278.07 277.05 294.16 305.3 292.6 300.03 310.17 291.93 319.12 334.97 317.91 281.59 275.06 282.29 310.79 298.42 296.24 298.3 300.64 302.98 309.88 313.13 320.82 332.13 337.46 337.72 338.67
-9999 -9999 -9999 374.9897 395.4 433.8 444.44 464.01 475.67 486.85 485.68 486.93 474.59 476.18 472.86 464.09 461.1 459.79 464.24 443.22 416.7 405.02 385.52 375.21 375.73 371 379.5 374.93 349.56 346.17 320.93 318.76 347.96 363.77 326.2 351.48 343.3 388.79 384.93 366.16 388.73 350.19 362.74 297.85 276.05 325.36 329.5 312.72 325.68 331.26 302.18 316.11 297.17 289.28 309.11 307.07 334.34 329.88 306.5 289.75 298.11 328.23 311.14 290.89 290.64 292.06 295.91 298.52 305.29 308.32 311.05 314.5 319.54
-9999 -9999 -9999 373.0471 419.4243 443.04 459.69 469.51 477.68 486.2 488.89 490.91 493.5 495.9 491.55 482.2 465.46 468.54 456.45 449.09 424.32 415.73 397.72 370.82 357.73 354.51 371.31 362.76 357.9 325.37 324.07 343.24 339.4 356.66 356.97 366.97 378.66 349.31 341.8 335.19 342.19 321.64 320.67 329 311.21 301.1 308.25 294.37 309.36 293.33 272.71 284.18 283.59 280.08 274.05 290.93 319.59 325.7 311.03 287.66 278.35 315.44 301.01 276 274.51 278.14 280.09 283.64 286.95 290.67 292.95 295.4 300.1
-9999 -9999 -9999 -9999 406.3793 457.97 465.48 464.82 483.94 474.34 467.8 505.12 524.04 498.84 491.64 479.89 454.58 448.17 443.17 436.88 431.27 406.89 383.62 363.43 350.41 350.74 355.51 366.75 340.13 330.57 353.05 382.22 402.53 391.42 354.31 353.32 339.55 345.86 370.87 345.78 352.02 346.2 312.97 286.53 311.73 284.32 276.07 269.37 281.99 262.25 256.94 270.6 260.51 270.16 261.92 279.56 280.79 281.18 279.45 261.76 258.1 259.69 260.8 259.56 261.56 261.83 267.69 265.47 269.07 271.6 277.29 278.61 280.57
-9999 -9999 -9999 -9999 406.225 424.1094 432.6818 441.2527 512.18 489.36 482.83 481.52 500.66 485.91 478.53 497.66 477.74 471.16 465.63 438.83 433.8 412.86 376.52 382.63 370.6 343.86 372.87 374.94 356.97 355.9 362.14 411.69 369.89 337.09 305.11 303.67 332.33 360.27 353.65 340.8 309.87 286.22 270.04 264.15 257.06 262.32 244.78 240.13 244.41 238.15 238.89 240.39 239.87 245.22 239.26 249.37 255.23 244.51 245.17 247.63 244.41 243.22 241 242.88 247.78 245.43 248.2 254.12 252.83 258.13 264.31 264.02 266.27
-9999 -9999 -9999 -9999 -9999 -9999 498.0109 474.68 494.81 475.47 499.56 518.88 511.57 536.45 522.03 510.51 506.62 484.3 481.12 472.96 429.44 392.16 403.78 397.23 371.79 366.6 386.34 409.34 405.9 384.52 355.9 365.16 321.6 292.66 287.7 277.63 290.78 291.96 281.78 280.43 286.12 278.24 260.02 244.95 237.93 237.49 224.64 221.57 224.73 217.89 226.81 221.91 224.38 224.22 227.71 231.77 232.1 230.93 228.86 230.6 226.19 228.06 227.58 233.28 235.03 234.59 235.55 238.75 239.66 244.82 251.42 248.61 244.18
-9999 -9999 -9999 -9999 -9999 436.8305 481.2128 -9999 -9999 510.88 516.95 547.04 559.96 564.2 563.25 521.36 506.39 504.42 494.76 482.84 429.42 395.27 394.98 375.45 337.72 359.42 392.53 379.86 386.06 397.13 353.34 321.41 290.94 266.72 258.49 257.37 251.53 250.21 257.63 268.83 255.12 241.41 237.33 227.05 222.21 219.33 208.61 206.9 207.11 206.79 208.6 206.62 212.28 207.8 214.61 216.93 215.9 216.39 212.25 215.03 213.23 212.1 213.02 217.59 220.03 222.43 223.68 226.76 228.27 232.31 231.86 228.47 226.52
-9999 -9999 -9999 -9999 -9999 -9999 -9999 455.8333 484.747 506.65 538.96 562.49 570.26 565 565.18 545.64 520.21 515.78 506.2 471.76 439.91 396.03 382.33 340.56 331.84 339.41 359.04 361.6 386.27 379.23 346.49 297.98 270.76 252.41 248.34 253.3 278.27 290.28 286.72 270.64 243.25 228.41 222.64 212.13 208.41 203.91 197.59 194.13 192.71 194.67 195.17 198.67 200.1 196.13 200.21 202.77 199.5 201.67 200.66 200.07 202.06 200.07 200.65 201.85 203.42 204.06 207.25 213.2 213.2 214.59 211.43 211.83 219.54
-9999 -9999 -9999 -9999 -9999 -9999 -9999 482 515.2826 563.6068 543.33 572.33 592.13 593.74 564.95 526.38 495.3 471.11 450.98 436.01 418.14 397.83 370.51 354.12 363.57 354.71 339.15 329.65 367.76 338.43 314.21 288.98 272.4 291.22 317.65 301.24 320.81 317.18 273.76 244.49 226.46 215.99 211.34 201.03 198.07 193.99 189.22 184.48 183.39 184.16 186.95 188.4 187.3 184.75 187.79 191.11 188.52 188.07 188.1 187.84 187.87 188.12 189.9 189.99 190.9 191.65 195.26 197.97 196.92 198.45 200.3 204.05 206.68
-9999 -9999 -9999 -9999 -9999 -9999 -9999 -9999 -9999 574.7941 567.0215 585.37 589.8 600.49 572.7 509.76 449.5 443.25 412.03 388.04 382.07 434.5 436.26 400.04 382.87 406.71 395.61 323.73 307.32 346.65 345.93 306.93 339.74 339.75 315.69 361.58 356.2 319.46 266.88 242.32 223.94 209.05 198.85 193.42 189.3 186.07 181.6 176.71 176.89 177.25 176.88 177.7 175.78 176.4 178.02 179.69 178.43 176.36 176.38 175.82 176.26 176.11 177.16 177.56 179.45 181.99 183.31 184.29 183.7 183.21 186.44 192.73 197.72
-9999 -9999 -9999 -9999 -9999 -9999 -9999 -9999 539.5128 590.3788 -9999 608.76 600.08 583.34 591.62 524.41 440.17 432.91 438.51 391.98 393.01 431.08 427.73 456.38 453.74 442.95 452.96 366.25 342.27 363.22 392.47 390.36 388.71 372.58 341.15 301.68 306.02 323.67 284.41 239.62 213.75 203.1 193.16 186.04 181.46 177.59 173.98 169.45 171.38 172.9 170.18 169.26 167.67 167.3 168.41 168.53 168.88 167.72 166.32 166.09 165.41 166.24 167.35 168.65 170.84 175.9 173.92 172.48 172.95 175.37 179.9 184.11 193.41
-9999 -9999 -9999 -9999 -9999 -9999 -9999 -9999 -9999 574.4066 607.57 570.45 544.4 570.17 559.86 497.4 460.04 456.07 442.36 443.09 435.16 435.4 417.35 463.39 490.64 492.69 496.83 429.95 362.63 386.04 397.35 423.59 446.94 418.53 373.29 358.84 331.61 289.95 264.45 230.84 211.76 199.37 190.98 179.77 174.17 170.25 166.08 164.03 165.6 163.85 161.45 160.08 160.35 160.42 159.87 159.05 159.03 159 157.55 156.02 156.72 159.02 160.42 162.94 165.69 164.38 163.91 165.54 166.06 168.21 172.48 178.03 193.33
-9999 -9999 -9999 -9999 -9999 -9999 -9999 -9999 541.3846 623.72 542.56 544.06 512.64 546.16 476.55 499.11 517.58 541.12 510.8 498.88 482.93 446.27 440.25 445.51 463.19 478.56 453.8 408.29 377.98 403.31 419.89 436.73 415.13 344.77 309.59 297.37 282.21 258 233.89 210.94 202.72 190.78 181.39 175.32 167.09 163.28 160.21 159.19 157.71 155.63 155.05 153.58 155.04 155.48 153.64 151.76 150.22 148.41 149.13 146.62 152.07 155.8 155.85 157.42 155.81 158.94 158.25 158.8 160.54 164.07 169.57 177.14 175.94
-9999 -9999 -9999 -9999 -9999 -9999 -9999 594.9524 612.26 568.46 533.35 524.67 527.54 504.56 570.24 615.39 629.21 592.46 548.46 507.57 480.85 460.9 443.75 452.76 397.76 431.27 423.71 397.89 401.82 404.12 407.47 408.47 395.98 320.86 295.67 276.48 257.81 240.15 221.6 205.01 191.07 181.58 173.14 167.68 162.2 158.05 153.39 152 151.26 150.69 147.9 148.01 148.93 147.57 147.72 146.63 144.16 142.03 142.02 140.47 145.02 146.19 146.42 149.98 152.6 154.62 153.97 154.26 154.92 157.32 160.44 164.73 172.24
-9999 -9999 -9999 -9999 -9999 -9999 -9999 575.0333 541.05 545.56 558.24 614.8 570.7 580.45 650.03 599.57 569.15 533.95 535.29 556.65 548.65 510.45 483.28 442.98 378.59 402.01 404.84 377.16 379.16 378.47 363.15 359.13 368.07 306.91 285.6 273.43 261.24 235.03 217.86 203.39 190.2 177.66 168.11 161.36 156.05 150.76 147.88 146.1 144.48 142.64 142.37 142.78 143.66 141.88 141.52 142.03 142.76 142.36 142.98 139.07 138.02 141.56 144.16 147.52 150.67 152.67 151.67 152.99 154.7 157.55 159.6 166.31 172.27
-9999 -9999 -9999 -9999 -9999 -9999 -9999 540.3939 551.5795 590.06 576.42 612.12 540.34 536.16 552.97 546.54 536.35 582.42 613.41 595.69 575.63 555.67 482.02 451.06 386.09 401.96 418.32 376.5 360.6 368.89 352.77 334.55 321.97 287.06 278.54 257.14 247.17 235.61 225.08 215 197.51 182.93 166.55 158.86 151.75 145.86 141.81 138.94 136.98 135.81 137.03 137.44 137.89 138.2 141.15 143.05 143.49 142.63 140.61 136.24 138.06 141.02 143.03 146.07 148.4 149.5 150.09 150.67 151.84 153.63 154.97 159.24 163.92
-9999 -9999 -9999 -9999 -9999 -9999 -9999 -9999 571.21 591.38 527.2 539.49 517.27 522.43 547.47 609.94 630.16 646.27 585.29 591.44 566.73 548.99 511.68 458.02 391.21 405.99 424.05 374.13 355.84 339.66 344.21 347.98 311.27 278.41 279.07 251.41 238.37 230.81 211.47 195.31 188.01 178.27 163.02 150.48 144.97 140.64 136.23 134.39 134.18 133.3 132.12 132.2 135.35 138.85 139.73 141.67 142.27 140.45 137.13 136.34 137.91 139.64 141.56 142.63 144.41 145.96 145.4 146.17 147.75 147.99 149.67 152.38 154.24
-9999 -9999 -9999 -9999 -9999 -9999 -9999 -9999 547.0889 535.7551 543.6 545.5 554.32 524.87 541.29 559 562.75 546.54 578.9 592.91 579.57 537.31 483.82 436.26 426.19 444.67 402.85 362.11 333.88 338.54 351.23 364.07 313.27 295.25 269.18 245.64 241.98 229.34 211.25 193.64 177.74 168.05 158.16 147.35 139.34 134.33 130.51 128.17 128.14 128.45 129.3 132.15 135.1 135.32 137.3 140.01 140.92 139.9 139.17 137.35 136.85 137.98 139.71 142.06 142.54 144.68 142.25 141.88 142 144.52 145.42 146.9 148.94
-9999 -9999 -9999 -9999 -9999 -9999 -9999 -9999 531 538.91 532.68 516.08 486.5 485.41 489.82 532.81 545.27 610.25 610.91 583.38 538.38 518.01 477.26 446.03 488.99 429.87 382.29 343.5 322.97 331.79 347.09 340.76 321.22 286.68 262.52 242.82 234.47 219.43 207.96 191.26 178.32 164.5 151.73 142.61 134.66 128.59 125.61 127.05 126.16 126.35 126.17 126.65 128.98 131.15 134.41 136.82 137.36 137.58 137.52 135.71 136.25 137.65 137.85 137.36 138.1 142.34 140.89 143.57 143.68 145.19 144.82 146.2 147.68
-9999 -9999 -9999 -9999 -9999 -9999 -9999 -9999 -9999 526.03 507.39 499.39 491.3 520.11 500.63 504.81 563.08 560.57 544.68 537.66 508.74 548.34 527.11 532.41 493.21 419.65 366.24 337.54 332.73 337.53 332.44 311.87 296.34 264.6 251.01 237.61 231.37 219.83 200.78 185.42 172.23 163.36 150.32 139.97 130.34 122.18 120.41 122.31 121.73 120.96 120.59 122.22 123.6 126.57 128.34 129.32 131.86 133.45 133.18 135.48 136.11 138.14 139.76 139.47 140.71 142.08 144.38 146.2 147.9 148.67 152.21 151.94 154.32
-9999 -9999 -9999 -9999 -9999 -9999 -9999 -9999 -9999 506.27 508.72 497.49 506.97 487.74 494.36 513.79 549.11 553.56 479.76 539.43 589.09 583.62 562.87 523.96 477.1 447.08 415.35 349.58 343.69 360.71 366.71 305.83 277.41 258.25 246.75 236.03 228.4 215.15 195.2 186.46 174.27 158.74 148.88 138.03 127.65 122.17 119.72 120.86 119.6 118.37 117.45 119.27 120.18 121.69 123.82 127.03 128 128.64 130.94 133.18 136.2 136.96 137.88 139.99 141.52 143.02 144.26 151.14 159.02 160.62 158.82 150.91 150.86
-9999 -9999 -9999 -9999 -9999 -9999 -9999 -9999 -9999 496.7071 491.3 482.91 476.75 479.61 497.32 496.07 546.48 534.19 490.64 565.43 636.33 570.54 559 531.55 476.78 412.48 385.1 367.39 362.11 331.41 333.34 297.03 281.11 284.88 277.37 254.73 229.54 206.5 198.13 190.2 177.09 163.94 151.72 142.63 133.3 128.87 125.8 121.87 120.74 119.56 118.72 119.37 120.1 120.55 123.08 124.75 124.94 125.3 128.47 129.02 130.02 132.09 134.85 136.96 140.55 142.55 144.19 150.26 157.57 154.56 153.12 152.28 152.92
-9999 -9999 -9999 -9999 -9999 -9999 -9999 -9999 -9999 489.038 490.92 481.58 497.69 514.02 499.95 481.66 493.27 472.16 567.62 613.72 556.21 542.97 552.85 495.91 501.71 427.82 440.72 414.69 345.86 323.59 316.43 288.65 290.81 290.89 270.11 242.27 217.12 209.89 201.28 189.68 177.53 166.54 157.6 149.06 143.45 137.98 131.32 125.74 120.94 117.67 119.11 118.61 117.77 118.64 118.81 119.96 121.51 124.18 124.9 127.13 128.03 131.16 133.88 138.27 141.25 144.29 145.99 148.11 153.32 151.03 153.73 158.68 168.52
-9999 -9999 -9999 -9999 -9999 -9999 -9999 -9999 -9999 480.6793 472.12 468.56 471.88 485.71 475.12 480.54 458.8 556.86 596.42 590.88 488.72 521.42 514.6 452.11 443.92 439.04 461.89 431.95 338.84 333.67 332.75 306.19 302.16 282.78 265.19 243.82 235.93 221.9 204.11 189.7 176.8 168.99 160.77 156.02 147.58 139.47 133.6 130.11 124.16 119.65 117.83 117.59 117 118 118 118.24 119.8 121.65 124.02 125.11 127.28 131.15 134.11 138.49 142.19 145.32 147.59 151.3 154.97 156.34 157.39 170.08 196.94
-9999 -9999 -9999 -9999 -9999 -9999 -9999 -9999 -9999 -9999 457.5376 451.47 453.58 467.72 475.57 462.94 486.91 513.95 510.18 527.17 487.85 506.85 493.56 470.87 468.48 434.87 404.44 378.65 331.92 352.7 339.92 307.26 290 280.57 273.73 256 237.67 224.42 211.1 196.71 181.24 167.25 158.38 149.83 145.36 138.63 132.53 128.71 123.67 119.76 117.26 117.67 118.08 118.08 116.62 116.97 119.14 120.17 123.75 124.98 127.86 131.69 135.69 139.19 144.17 149.42 154.75 157.4 159.72 166.21 179.94 194.2 191.57
-9999 -9999 -9999 -9999 -9999 -9999 -9999 -9999 -9999 -9999 447.2976 459.17 443.83 449.18 457.38 496.03 583.21 571.65 644.97 627.03 562.73 576.1 547.2 537.26 526.07 493.56 439.4 408.44 343.49 331.84 312.76 298.42 282.14 283.51 274.56 255.62 241.04 225.72 214.04 202.99 187.41 173.85 161.28 152.32 145.61 139.99 134.5 128.38 124.88 122 117.71 118.57 118.16 117.88 116.78 117.51 118.74 118.98 122.89 124.6 128.16 132.54 135.18 142.19 148.4 154.4 160.95 180.18 183.13 184.32 164.91 165.01 179.4
