layers/wordclim/future/Iberia_wcB2a_10_hadcm3_2020/bio_13.asc
ncols         166
nrows         93
xllcorner     -9.4959440078468
yllcorner     36.000324005443
cellsize      0.083333337679505
NODATA_value  -9999
[rows 34 to 67 of 93, columns 0 to 76 of 166]
-9999 -9999 -9999 -9999 -9999 -9999 -9999 -9999 -9999 -9999 146.7449 154.07 158.54 170.44 201.3 201.97 198.55 182.34 187.07 192.8 201.59 202.4 197.17 185.98 182.63 178.03 158.56 135.85 126.88 127.56 124.41 113.69 105.05 103.27 98.11 92.14 86.19 82.43 78.29 74 72.29 69.24 65.03 62.63 60.8 57.33 53.87 49.23 45.86 45.14 45.9 45.39 45.59 44.98 44.16 43.26 43 42.95 43.22 44.67 46.23 47.46 49.46 52.31 56.46 61.25 77.53 63.92 68.83 65.73 60.93 57.68 56.19 55.68 55.61 54.36 52.2
-9999 -9999 -9999 -9999 -9999 -9999 -9999 -9999 -9999 -9999 141.9438 145.09 151.4 181.54 172.76 184.72 182.99 165.08 173.44 183.69 189.59 188.84 184.17 181.63 175.3 173.91 155.91 139.13 133.5 124.02 123.2 119.51 110.64 103.55 100.06 95.38 89.43 82.89 79.89 76.08 73.07 70.99 68.26 65.99 63.58 60.78 57.28 50.4 48.16 46.63 46.65 46.58 46.84 46.84 45.78 43.99 43.97 43.17 43.83 44.81 46.55 47.9 51.06 56.04 69.21 71.29 79.85 73.58 62.8 58.83 57.71 56.82 56.92 57.26 56.49 54.35 51.45
-9999 -9999 -9999 -9999 -9999 -9999 -9999 -9999 -9999 138.4054 137.7826 140.18 142.95 149.64 171.27 168.45 175.91 168.09 177.11 179.26 172.42 169.83 168.82 169.65 164.92 155.42 147.06 142.46 140.23 132.74 125.32 123.01 114.58 107.32 100.59 98.44 92.62 85.37 81.48 78.4 75.28 72.89 70.82 69.24 67.29 60.82 55.54 52.93 51.02 49.51 49.49 49.8 51.61 50.61 50.89 50.37 48.79 46.17 47.31 47.91 52.63 52.74 57.92 60.94 60.11 57.24 58.83 58.01 58.17 60.06 58.22 57.88 58.1 58.44 57.15 54.35 53.29
-9999 -9999 -9999 -9999 -9999 -9999 -9999 -9999 -9999 134.8108 135.9794 136.5 136.78 145.9 162.52 185.77 193.48 166.7 163.94 162.8 163.07 166.32 168.63 159.26 148.76 149.07 147.51 158.88 148.32 137.86 132.24 125.28 118.48 108.46 100.33 95.37 92.55 90.06 86.29 82.97 80.67 79.21 73.34 68.87 64.91 61.09 58.1 56.04 55.27 55.86 57.16 57.52 60.67 59.52 56.98 52.25 47.83 46.66 48.75 51.45 54.34 58.26 57.95 62.76 56.16 53.92 57.12 58.13 57.06 58.06 58.9 59.32 60.68 59.54 57.78 54.81 55.39
-9999 -9999 -9999 -9999 -9999 -9999 -9999 -9999 -9999 133.13 134.45 132.89 132.81 139.12 164.4 190.43 155.21 153.38 151.94 157.14 155.06 154.71 152.33 157.89 185.44 185.77 167.87 161.08 151.27 142 132.91 130.1 119.97 109.81 103.84 97.74 94.01 96.83 96.25 99.55 86.02 80.38 72.36 67.57 66.81 64.83 60.65 60.26 61.22 59.66 58.81 63.37 71.53 60.83 55.37 54.86 56.88 55.87 52.37 47.36 48.71 47.78 50.26 53.95 52.45 53.47 53.96 55.94 56.55 58.78 60.12 62.04 62.49 60.75 58.03 57.08 56.6
-9999 -9999 -9999 -9999 -9999 -9999 -9999 -9999 130.129 131.54 133.02 134.24 132.74 142.65 153.96 151.25 147.22 144.53 147 149.31 154.32 157.85 190.03 229.11 203.94 179.62 158.58 161.6 149.8 139.87 135.46 132.65 119.97 113.49 111.67 104.58 98.98 98.04 94.55 89.9 84.58 70.79 67.86 68.55 65.98 68.78 66.66 63.04 61.59 63.08 73.47 81.49 80.02 75.2 75.74 68.01 56.23 49.62 46.04 45.98 45.3 46.31 48.26 49.62 50.71 51.58 53.45 56.38 57.05 59.7 61.54 62.3 62.84 61.11 59.4 58.55 56.1
-9999 -9999 -9999 -9999 -9999 -9999 -9999 -9999 128.3297 129.64 131.08 133.48 131.99 144.33 144.14 138.41 140.38 142.61 146.69 154.37 158.55 194.12 257.2 230.61 170.19 144.65 138.85 149.32 149.82 142.4 141.19 134.74 127.78 120.72 114.45 109.4 112.73 102.28 94.77 80.17 72.99 71.29 73.26 72.09 77.46 95.13 85.68 68.34 68.91 81.34 84.27 82.12 79.8 68.81 66.1 58.77 55.96 57.78 58.89 53.37 45.99 46.26 47.13 47.68 48.02 51.12 52.99 56.02 58.64 58.4 60.28 61.15 61.03 60.66 59.63 58.55 55.61
-9999 -9999 -9999 -9999 -9999 -9999 -9999 -9999 127.14 128.6 130.92 130.47 131.28 143.06 142.6 135.56 139.97 142.63 145.87 157.79 167.29 184.86 230.81 218.59 147.91 134.68 136.57 137.42 143.48 149.19 147.11 146.95 134.18 124.77 123.24 110.06 100.98 90.68 84.29 78.03 72.04 73.12 73.49 74.4 98.65 111.76 86.72 79.61 86.04 93.11 102.79 92.7 82.53 65.73 67.46 66.49 53.25 45.65 46.94 47.62 47.42 47.06 46.62 46.51 49.34 51.27 52.38 55.28 57.39 57.27 57.9 58.12 59.2 59.88 58.91 56.83 56.26
-9999 -9999 -9999 -9999 -9999 -9999 -9999 126.9178 125.69 123.82 124.98 125.33 127.89 136.96 137.12 139.66 139.45 148.66 168.6 190.9 198.98 165.77 154.08 145.73 138.89 136.98 129.43 128.65 130.9 132.38 118.94 112.55 128.56 109.9 99.6 92.94 87.86 88.46 80.4 75.79 71.86 69.47 79.02 94.88 80.81 90.17 111.5 105.15 100.06 71.42 79.95 70.55 56.37 50.51 51.68 46.5 46.88 47.01 48.01 48.24 46.15 45.19 45.7 48.33 49.98 51.01 52.54 54.89 55.43 57.02 56.67 56.36 57.16 57.79 57.38 56.7 55.73
-9999 -9999 -9999 -9999 -9999 -9999 -9999 -9999 120.0227 121.36 122.35 123.52 132.18 134.78 134.09 151.57 164.49 172.18 172.9 182.25 172.04 151.62 154.63 153.85 144.81 133.27 120.35 118.38 118.06 112.08 105.57 104.43 104.21 96.69 88.77 87.08 87.24 85.51 79.57 76.49 73.8 75.01 82.85 79.81 86.51 74.26 69.53 66.22 60.49 54.02 52.25 51.39 50.99 50.58 49.84 49.53 51.68 52.82 47.51 45.4 45.24 46.1 47.58 49.02 49.8 50.38 52.51 53.48 54.11 56.43 55.19 55.48 56.97 58.58 57.86 55.35 53.14
-9999 -9999 -9999 -9999 -9999 -9999 -9999 118.08 120.44 119.33 119.16 131.19 137.18 136.19 161.02 178.65 167.25 157.66 158.35 152.44 144.68 163.27 148.64 154.76 131.09 120.18 116.82 113.04 114.73 115.21 110.7 99.41 94.64 89.07 86.96 87.04 84.84 81.07 76.99 74.59 74.91 75.6 74.91 73.94 71.39 63.53 60.38 57.1 55.65 54.69 53.18 52.74 52.27 51.44 50.98 51.55 49.58 47.79 47.24 47.01 47.36 46.98 48.25 48.93 48.91 49.24 51.56 51.58 53.17 53.89 53.39 54.74 55.01 55.24 54.25 54.35 55.41
-9999 -9999 -9999 -9999 -9999 -9999 -9999 116.41 119.73 118.95 120.25 134.83 133.45 136.96 151.7 149.88 143.03 147.01 157.81 158.26 157.9 148.54 127.05 127.37 123.92 115.33 112.2 106.51 105.94 104.38 99.78 95.44 97.46 90.92 88.13 85.76 83.01 79.68 77.92 79.1 79.22 76.04 70.07 66.34 64.12 62.1 60.96 59.23 57.82 56.26 55.61 54.82 53.55 53.18 52.95 50.95 50.45 49.38 48.66 49.28 49.53 49.46 49.14 48.67 48.61 49.87 50.44 50.57 51.51 52.88 55.12 57.27 57.97 57.91 57.11 57.46 57.4
-9999 -9999 -9999 -9999 -9999 -9999 112.7143 112.63 117.8 120.44 120 127.96 126.91 134.7 135.75 133.84 141.48 152.13 158.16 167.5 144.29 127.91 120.15 120.71 119.16 112.29 101.77 99.38 97.93 100.31 97.34 94.34 91.89 91.16 88.02 86.67 85.87 83.92 84.57 85.4 80.36 75.42 70.41 67.7 66.08 64.48 62.92 62.87 60.44 59.04 58.6 58.13 56.29 55.49 53.77 53.59 54.48 52.94 51.52 50.29 49.67 49.7 49.67 49.32 49.86 50.23 50.38 50.82 51.76 53.39 55.2 56.51 57.09 57.02 56.94 56.97 56.68
-9999 -9999 -9999 -9999 -9999 -9999 112.102 111.77 114.58 120.32 125.98 125.09 121.02 128.48 127.34 128.22 129.37 135.15 146.39 147.54 129.61 121.39 119.33 118.7 110.63 102.45 101.1 98.9 99.7 95.61 93.87 92.86 91.45 88.73 87.12 87.89 87.97 88.38 84.63 80.8 78.71 75.54 74.7 72.49 70.75 66.83 67.05 66.77 63.44 62.82 61.48 60.4 57.95 58 57.02 56.79 57.27 56.32 55.32 54.33 53.66 51.4 52.33 53.56 53.4 53.83 54.21 54.11 53.96 54.11 54.07 55.39 55.96 56.03 56.3 56.27 55.75
-9999 -9999 -9999 -9999 -9999 110.4107 112.67 113.24 113.43 120.26 121.97 117.46 114.97 119.17 127.07 122.35 127.97 127.86 130.35 123.5 116.68 117.08 112.36 108.21 108.1 107.84 104.62 99.76 99.99 96.07 90.84 89.79 92.53 92.34 90.45 86.48 82.79 83.91 84.23 84.11 82.06 79.21 78.53 77.51 77.87 77.33 74.93 71.91 70.53 69.91 67.71 64.92 63.73 62.93 64.92 62.56 61.89 61.14 60.33 58.79 57.79 56.46 56.99 57.7 56.06 57.03 56.41 56.02 55.72 56.33 55.92 55.66 55.49 56.02 55.72 55.68 55.79
-9999 -9999 -9999 -9999 -9999 107.7195 107.84 113.17 118.79 130.21 120.72 115.95 113.41 112.43 118.64 118.12 122.72 126.44 125.23 117.62 112.65 109.69 107.83 109.48 109 106.93 102.78 103.38 97.71 94.98 93.41 92.04 92.73 93.87 94.34 90.53 87.83 85.66 84.95 84.2 82.64 80.3 79.82 78.8 78.35 78.04 77.78 78.16 77.07 79.81 74.1 73.35 68.87 66.34 71.38 69.84 69.66 67.95 67.52 65.08 64.44 60.57 59.83 60.83 61.05 58.95 58.77 58.08 56.93 56.92 56 56 55.94 56.08 55 55 55.5
-9999 -9999 -9999 -9999 -9999 106.1818 107.61 122.93 128.9 126.83 124.44 109.52 108.08 109.1 113.5 115.09 116.02 116.22 114.88 114.95 110.97 113.31 111.45 113.4 108.88 108.36 107.33 107.83 103.9 97.35 91.39 89.72 89.96 89.62 90.64 90.91 90.46 86.63 87.08 84.57 82.06 81.68 80.95 81.05 80.76 80.79 79.72 79.12 85.48 84.53 84.43 76.67 74.59 70.32 70.04 72.16 71.96 71.01 74.98 67.8 72.09 68.63 67.24 65.77 64.65 63.51 61.82 58.04 57.29 56.99 56.12 56.02 55.95 55.21 55 55.03 54.72
-9999 -9999 -9999 103.7143 103.2 105.35 112.25 119.42 116.97 109.72 106.6 105.61 104.88 106.97 107.51 106.4 106.66 107.33 111.39 112.2 115.09 114.54 114.37 115.81 117.79 113.6 109.97 107.84 107.39 101.47 94.47 90.12 87.03 85.46 86.79 88.15 89.8 91.61 90.4 88.68 84.96 83.61 83.21 84.1 84.21 89.38 84.69 82.87 87.77 90.52 79.01 74.73 72.76 71.83 68.61 68.31 66.98 67.95 69.14 66.5 67.66 65.75 63.19 61.63 67.21 69.64 66.31 62.3 59.41 59.26 57.71 57.03 56.82 55.33 55.23 54.87 56.54
-9999 -9999 103.3281 102.6047 103.72 104.67 108.72 104.25 104.61 106.37 103.71 102.58 105.26 110.57 109.98 109.64 108.43 111.07 112.81 111.55 110.63 112.39 114.03 115.69 125.02 129.42 122.05 115.94 108.55 103.13 99.02 95.49 89.12 90.54 89.28 87.42 87.91 89.45 89.81 89.24 87.36 86.84 86.83 85.56 84.68 89.05 89.63 86.06 82.85 80.85 78.31 73.3 73.73 70.93 69.25 67.95 68.36 68.13 68.75 70.65 70.63 70.22 65.12 65.42 66.11 65.17 66.8 63.26 60.78 61.68 62.54 58.66 56.57 55.95 55.05 55.04 55.47
-9999 -9999 104.71 104.7 104 105.11 103.97 102.95 104.07 103.58 102.71 102.67 106.28 108.36 109.35 109.65 109.55 108.07 107.45 108.66 106.45 107.53 108.6 110.6 116.68 130.62 126.52 110.83 100.85 98.93 95.27 90.44 87.16 87.5 85.64 87.48 89.53 87.23 89.23 90.58 89.3 87.86 88.02 84.63 81.46 82.31 79.39 79.38 78.3 79.89 78.25 74.55 73.14 71.94 75.23 72 70.93 71.68 70.23 69.76 68.72 65.44 63.43 64.27 67.16 65.11 62.45 62.56 64.17 63.1 65.57 59.22 57.08 56.11 55.36 55.23 55.12
-9999 -9999 104.25 104.02 105.72 114.21 104.94 104.49 104.84 102.39 101.92 105.29 105.93 106.06 107.44 107.97 106.22 104.68 106.74 105.8 103.9 104.8 108.12 108.85 107.82 110.78 111.27 105.83 98.43 94.33 94.04 88.09 86.26 85.35 84.41 86.55 87.91 88.22 88.9 89.12 93.04 88.96 82.63 82.04 80.24 80.14 79.22 79.23 77.4 77.55 78.53 77.41 75.55 74.68 76.08 78.05 74.95 73.42 71.62 72.1 72.94 69.1 65.36 63.51 66.15 65.02 61.72 58.88 58.58 61.5 59.47 57.33 57.12 56.28 56.15 56.05 56
-9999 105.1406 105.02 108.89 114.02 109.6 105.71 105.87 103.09 101.6526 103.51 104.34 106.01 106.32 105.94 106.29 102.87 103.64 104.45 102.23 102.67 103.06 103.73 106.93 105.49 103.87 100.93 99.13 94.13 89.98 89.06 85.07 85.67 84.21 83.54 83.13 82.05 83.38 86.32 86.33 85.27 81.34 80.45 79.59 78.91 79.47 78.84 78.59 78.64 78.84 79.29 78.5 79.88 80.15 78.6 79.21 80.47 76.21 74.43 75.89 75.82 72.24 69.41 66.4 65.92 64.96 61.28 59 58.51 58.1 58.07 58.24 58.23 57.59 57.18 57.07 56.89
-9999 113.8 114.52 117.67 120.16 115.21 105.5 103.8444 103.5977 103.64 104.37 105.01 105.02 104.4 102.92 102.54 102.31 102.17 102.51 101.97 100.31 100.98 100.77 99.98 101.17 100.65 97.77 93.86 92.58 89.58 84.5 83.19 82.48 81.74 81.37 80.43 79.65 79.63 82.27 84.43 83.15 80.28 80.88 79.93 79.62 79.85 80.25 82.99 83.45 80.62 81.54 81.6 80.6 81.42 81.47 81.15 81.66 81.13 77.61 75.49 73.75 75.61 72.29 67.25 67.35 63.19 61.13 59.88 59.25 59.36 59.44 59.56 58.96 58.92 59.17 59.32 58.66
-9999 125.1939 130.27 129.07 127.67 117.9691 107.9747 105.41 104.48 104.77 103.84 103.2 101.45 101.26 102.06 100.98 100.02 99.2 98.95 101.93 101.36 101.88 101.96 100.91 100.89 100.52 100.58 97.56 89.18 85.66 82.6 81.89 81.24 80.71 80.44 80.3 79.22 78.69 80.17 81.44 79.3 79.75 80.25 81.13 82.15 81.8 82.35 82.75 83.36 84.71 84.59 82.33 84.47 88.54 85.38 84.94 83.62 81.73 79.87 80.1 76.57 74.86 73.9 69.97 69.02 65.52 63.21 61.91 61.5 61.55 61.3 61.29 61.23 61.09 60.95 62.29 62.54
-9999 136.31 138.71 133.24 122.52 115.35 107.8395 107.34 106.37 105.48 106.22 104.22 103.75 103.41 101.18 101.3 100.58 100.28 99.49 99.72 100.26 100.8 105.69 105.45 103.21 99.69 102.02 97.47 87.57 83.39 81.6 82.04 82.41 81.28 81 80.83 80.96 81.2 81.14 79.91 80.43 81.72 82.33 84.81 85.5 85.7 86.47 84.56 85.99 86.85 87.59 86 85.02 87.61 85.41 86.01 85.75 85.3 86 84.72 80.19 77.75 77.84 74.37 70.67 68.48 66.44 64.98 65.23 64.87 64.94 66.07 64.73 62.82 63.07 62.76 63.05
137.3704 144.08 144.42 133.72 120.0745 -9999 -9999 108.4 108.14 106.83 104.96 104.69 103.86 104.47 103.27 102.48 103.08 101.93 101.09 100.88 100.76 100.86 101.62 105.24 105.44 97.61 93.3 89.86 85.6 85.09 84.49 84.27 84.36 84.14 83.69 84.32 85.28 85.32 83.34 84.64 85.28 86.89 87.67 87.58 91.81 88.33 89.14 87.57 89.55 90.62 91.98 91.86 90.38 86.69 89.1 88.8 87.03 85.55 87.28 86.07 84.87 82.02 79.72 78.58 76.23 74.13 74.62 71.47 68.07 67.44 66.59 66.83 66.02 64.9 65.82 65.19 63.43
133.46 136.6761 134.8784 129.2338 120.8889 112.9583 111.809 109.23 107.97 108 106.6 105.82 104.6 103.38 104.42 104.93 106.21 104.69 102.89 101.23 100.41 99.88 102.77 102.06 97.79 97.3 89.7 88.12 88.33 87.09 87.69 87.2 86.92 86.48 86.48 86.2 87.12 88.4 87.03 85.86 88.43 90.76 91.69 90.59 90.99 91.04 90.91 93.15 94 96.55 95.84 94.87 91.44 90.06 90.3 89.02 88.51 88.4 88.09 87.38 88.15 87.6 85.1 82.42 80.1 79.02 79.8 76.95 71.48 70.78 70.92 69.23 68.46 67.21 67.04 66.37 65.38
-9999 -9999 -9999 124.4054 119.7273 115.75 113.15 111.1 108.53 106.14 105.89 104.77 105 105.83 106.24 106.08 105.68 105.2 102.22 98.63 97.69 96.98 96.17 97.31 94.79 91.94 90.32 88.24 90.51 91.8 93.44 92.14 90.56 90.16 90.73 89.92 90.52 92.11 91.39 89.8 92.54 93.73 95.59 96.6 93.81 96.11 96.37 98.72 97.34 95.8 94.91 94.51 93.62 93.93 96.48 92.99 93.68 94.44 92.91 92.44 91.63 91.32 89.15 86.79 85.36 83.44 79.43 77.23 78.72 74.24 74.46 72.77 71.25 69.57 69.21 69.47 67.19
-9999 -9999 -9999 -9999 119.92 118.38 117.4242 111.1647 107.5714 105.4725 105.65 104.27 103.14 105.95 105.04 104.83 105.35 103.13 99.08 97.63 96.37 94.88 95.56 96.15 95.64 92.01 89.38 89.94 91.64 94.33 96.06 98.13 101.83 98.36 100.94 94.72 94.34 97.07 96.33 95.4 93.77 99.74 99.87 99.18 97.68 102.14 103.53 101.21 100.15 98.16 98.42 98.52 98.94 98.13 98.15 97.12 96.12 94.69 95.84 98.69 99.15 95.72 92.31 90.16 85.59 84.49 84.26 81.09 78.97 79.12 77.91 76.38 75.61 73.93 72.19 70.12 68.04
-9999 -9999 -9999 -9999 123.284 122.0143 -9999 108.8824 -9999 105.4872 104.21 103.98 102.72 101.04 102.32 101.77 100.39 98.94 98.85 97.83 96.28 94.59 95.45 94.81 94.26 91.16 89.88 90.97 92.11 93.57 97.12 100.48 107.28 107.74 107.47 102.69 97.72 102.61 101.66 100.59 98.04 98.8 101.78 103.65 103.05 105.61 105.22 103.76 104.78 104.81 103.24 103.36 103.03 101.97 102.24 102.23 101.55 100.4 97.96 97.17 98.3 101.45 99.54 96.68 94.32 88.13 83.99 86.57 87.44 87.93 86.68 80.22 77.23 74.6 71.8 69.13 67.73
-9999 -9999 -9999 -9999 -9999 -9999 -9999 -9999 106.1429 105.6633 104.5368 101.79 101.54 101.58 100.42 102.65 100.49 99.56 99.39 101.12 98.18 96.84 94.44 94.32 92.57 90.52 91.1 91.44 92.65 95.5 97.25 102.05 105.83 97.45 100.52 101.48 104.52 104.93 105.66 106.53 104.53 104.8 107.02 105.7 107.69 107.84 107.7 108.21 109.83 109.16 109.12 109.64 108.66 108 107.08 106.71 105.89 104.59 103.05 101.99 99.81 98.81 96.53 97.31 95.72 94.16 86.22 88.98 87.23 85.58 85.95 81.84 79.08 73.3 69.28 67.25 66.45
-9999 -9999 -9999 -9999 -9999 -9999 -9999 -9999 -9999 106.38 105.98 104.25 101.3 100.63 98.16 99.77 99.79 101.14 100.55 99.36 99.97 102.08 97.64 94.63 92.4 90.78 91.21 91.75 92.68 94.19 97.52 99.72 98.2 97.2 99.49 100.24 103.85 106.18 109.37 110.66 111.11 111.06 110.99 110.84 111.83 112.31 111.39 113.39 113.6 111.84 111.92 111.53 114.31 115.11 111.48 109.74 109.51 107.85 106.26 105.12 104.53 103.07 101.33 96.44 97.91 94.16 89.1 88.37 86.84 83.26 80.54 78.02 72.7 69.42 67.45 68.11 66.79
-9999 -9999 -9999 -9999 -9999 -9999 -9999 -9999 -9999 107.94 108.37 103.45 103.09 100.9 99.14 98.42 97.97 98.03 99.12 100.04 99.61 99.29 97.82 95.57 92.6 93.02 91.98 93.55 93.77 94.01 94.09 99.01 103.59 110.2 110.39 106.39 106.26 109.14 112.36 109.89 111.54 115.35 116.18 115.54 114.12 113.14 112.33 114.22 117.6 118.67 118.82 117.68 116.38 116.08 116.71 113.99 111.64 110.62 109.93 107.07 105.09 102.75 103.65 97.32 97.65 95.54 90.04 92.01 83.88 79.88 77.88 75.33 69.94 70.35 71.37 69.4 66.35
-9999 -9999 -9999 -9999 -9999 -9999 -9999 -9999 104.5 108.24 113.03 106.16 102.46 100.04 99.5 98.52 98.09 99.1 99.49 98.98 97.59 95.78 93.83 93.74 94.59 93.35 93.06 93.31 94.24 96.49 97.83 100.45 105.13 110.25 111.88 115.9 115.96 114.64 118.56 117.41 112.83 111.45 115.17 121 119.6 118.41 116.95 116.41 116.52 118.86 120.67 122.56 122.91 121.02 118.2 117.49 115.1 112.26 111.25 108.49 102.7 100.95 99.2 95.91 94.67 92.46 91.95 85.59 82.35 79.25 79.7 72.39 71.2 71.45 68.01 66.15 66.57
