layers/wordclim/future/Iberia_wcB2a_10_hadcm3_2020/bio_17.asc
ncols         166
nrows         93
xllcorner     -9.4959440078468
yllcorner     36.000324005443
cellsize      0.083333337679505
NODATA_value  -9999
[rows 34 to 67 of 93, columns 0 to 77 of 166]
-9999 -9999 -9999 -9999 -9999 -9999 -9999 -9999 -9999 -9999 68.10204 71.71 75.22 80.54 90.5 88.43 84.59 76.19 76.08 76.96 78.19 77.36 74.61 70.62 69.99 68.23 61.96 54.11 51.6 54.08 54.93 51.94 49.96 51.96 51.5 50.54 49.12 47.95 46.66 46.1 46.37 46.03 44.28 45.25 45.84 45.83 46.53 47.3 46.49 48.01 49.2 49.42 50.68 50.75 50.54 49.46 49.32 49.95 51.14 52.73 53.68 53.44 53.73 55.26 59.55 65.31 86.57 67.98 74.83 69.88 59.7 53.78 50.14 50.99 54.19 52.65 50.67 53.58
-9999 -9999 -9999 -9999 -9999 -9999 -9999 -9999 -9999 -9999 65.21349 67.62 71.91 84.36 78.93 81.06 78.71 69.68 70.68 73.11 73.31 71.57 70.24 68.83 66.93 67.02 60.29 55.46 54.78 51.92 53.61 53.76 51.74 50.27 51.1 50.87 49.77 47.29 47.07 46.54 46.46 46.92 46.41 47.61 48.1 49.43 49.42 46.79 47.67 48.24 48.89 49.57 51.24 52.13 51.89 51.08 51.64 50.95 52.83 54.78 57.06 57.65 58.12 63.31 77.83 79.42 88.13 80.25 63.31 53.91 50.7 45.5 46.65 50.84 50.8 48.2 46.5 51.06
-9999 -9999 -9999 -9999 -9999 -9999 -9999 -9999 -9999 65.02702 63.79348 65.38 67.56 69.86 77.1 73.83 74.49 70.65 72.59 71.79 68.4 66.55 65.49 64.7 63.06 60.43 58.23 56.85 56.87 55.28 53.55 54.38 52.83 50.91 49.71 51.04 50.49 47.02 47.55 48.06 47.85 47.44 48.76 50.12 50.7 48.07 45.82 46.69 48 49.67 50.18 52.04 55.95 56 57.58 58.37 58.05 55.15 56.43 57.05 64.05 63.73 67.28 68.72 65.61 59.31 58.72 53.63 51.73 53.62 46.4 41.75 44.4 46.23 47.55 44.32 46.73 55.7
-9999 -9999 -9999 -9999 -9999 -9999 -9999 -9999 -9999 63.32433 64.47423 63.12 63.44 68.08 72.91 80.57 81.36 69.95 66.73 65.22 64.41 64.87 65.11 61.52 58.15 57.8 57.98 61.74 59.51 56.51 55.63 55.21 53.46 50.15 48.38 47.58 47.59 48.44 49.15 49.99 51.09 52.08 50.06 48.35 48.01 46.69 46.83 48.05 49.43 52.79 56.23 58.07 62.3 62.86 61.22 58.79 55.21 54.66 57.39 61.35 64.63 67.51 66.62 70.09 58.22 50.39 54.06 52.17 45.38 43.74 41.16 39.6 41.99 42.16 43.61 41.22 49.5 52.53
-9999 -9999 -9999 -9999 -9999 -9999 -9999 -9999 -9999 62.19 63.44 62.03 61.97 64.37 73.47 80.89 66.23 64.21 62.65 63.53 62.12 61.39 59.79 60.84 69.41 69.96 64.79 63.9 59.78 57.27 55.69 56.34 52.79 49.52 48.14 47.21 46.98 51.66 55.19 60.16 53.98 51.39 47.18 45.99 48.43 48.61 46.69 49.09 52.87 53.83 54.93 60.46 68.54 61.19 57.32 58.69 62.06 62.78 60.21 54.17 56.68 53.45 53.97 57.07 50.07 47.69 44.91 42.89 41.11 42.07 40.14 38.75 39.56 39.32 39.77 46.2 49.99 48.08
-9999 -9999 -9999 -9999 -9999 -9999 -9999 -9999 60.30645 61.64 62.45 62.12 61.27 65.5 68.94 66.31 63.27 61.16 60.99 60.24 61.16 62.34 70.41 81.37 74.3 67.47 61.18 63.28 59.57 56.48 56.01 56.25 51.82 50.3 51.36 50.02 48.36 50.68 51.33 50.57 49.28 40.2 40.22 43.8 44.71 49.45 49.61 48.06 49.19 53.55 63.66 72.59 73.54 71.22 73.35 68.03 58.06 51.86 47.84 47.66 45.45 43.16 46.28 46.67 43.56 41.41 39.91 42.97 40.26 40.5 39.81 36.33 35.51 37.77 43.13 48.19 47.96 49.27
-9999 -9999 -9999 -9999 -9999 -9999 -9999 -9999 58.35165 59.77 61.29 61.28 60.21 65.74 65.03 59.67 59.35 59.45 60.31 62.44 63.24 72.09 94.09 82.09 63.72 56.69 55.04 58.73 59.28 57.98 57.62 56.48 54.93 53.22 51.96 52.13 55.75 51.51 48.97 40.3 36.75 37.73 42.36 44.1 51.54 67.53 62.48 50.24 53.92 66.43 70.54 70.65 71.03 63.21 62.24 56.93 53.8 56.95 59.56 54.8 42.57 40.61 40.31 39.31 37.24 38.95 38.99 40.92 40.55 37.76 37.93 36.11 35.71 40.03 43.86 45.59 44.33 48.58
-9999 -9999 -9999 -9999 -9999 -9999 -9999 -9999 57.43 58.68 60.37 59.3 59.43 64.43 63.3 58.58 59.45 59.55 59.99 62.91 65.03 68.94 84.22 79.36 57.46 53.36 53.79 54.21 56.88 59.73 58.71 60.5 56.84 53.7 55.39 50 46.49 41.71 39.2 36.51 33.86 37 39.48 43.53 65.07 77.32 61.11 57.38 64.76 72.53 81.55 76.65 69.69 55.9 59.81 59.12 45.19 37.61 40.89 43.27 42.58 40.63 37.39 35.23 37.26 38.64 38.15 39.1 39.27 37.3 36.11 35.14 37.04 41.55 42.45 42.24 45.03 45.6
-9999 -9999 -9999 -9999 -9999 -9999 -9999 55.39726 55.61 54.9 55.91 55.42 57.18 61.45 60.23 60.47 59.18 60.71 66.56 71.61 73.16 63.68 59.43 56.72 54.72 53.9 50.96 50.92 52.11 53.08 47.99 44.61 53.24 45.39 41.17 38.59 36.67 38.51 34.61 33.02 32.1 31.97 41.93 57.45 47.92 57.92 76.5 74.93 72.19 50.36 59.66 54.14 40.91 35.05 38.3 31.62 33.48 35.74 39.12 40.86 36.22 33.51 33.75 36.22 38.05 38.26 36.84 38.82 37.95 37.64 35.95 35.67 36.59 39.23 40.7 42.29 42.91 41.65
-9999 -9999 -9999 -9999 -9999 -9999 -9999 -9999 51.27273 52.86 53.8 55.1 58.4 59.42 57.77 63.04 66.8 67.91 67.14 68.82 65.46 59.25 59.44 58.85 56.2 52.73 48.51 47.99 47.17 44.5 41.64 41.32 41.1 38.29 34.98 34.46 35.7 35.55 32.73 31.68 31.72 34.03 42.35 41.62 49.77 41.27 39.48 38.27 34.44 29.33 29.72 29.77 29.76 31.34 32.4 33.64 38.35 41.01 33.9 31.9 31.36 32.96 35.21 36.76 37.2 36.5 37.08 36.83 35.92 37.37 34.46 34.8 38.04 41.39 41.17 39.73 38.72 41.26
-9999 -9999 -9999 -9999 -9999 -9999 -9999 48.41333 50.16 50.65 50.97 57.3 59.33 58.06 66.53 71.54 66.57 62.74 62.08 59.52 57.09 61.6 57.37 58.87 51.96 48.15 47.49 45.67 45.61 45.69 43.58 38.59 36.82 34.22 33.6 32.97 32.59 31.18 29.49 29.01 30.03 32.08 33.41 34.3 33.92 29.34 28.44 27.04 27.01 27.07 26.58 28.01 28.58 29.15 30.28 32.29 31.84 30.19 30.25 30.55 31.03 32.65 34.35 35.4 35.23 34.39 35.42 34.33 35.38 34.43 33.23 34.6 35.53 36.23 36.58 38.72 42.17 44.7
-9999 -9999 -9999 -9999 -9999 -9999 -9999 45.65 48.44 48.91 49.97 57.61 56.28 57.64 61.88 60.76 57.59 58.64 61.29 60.66 60.79 56.86 49.31 49.55 48.36 45.77 44.73 42.94 42.39 41.68 38.94 36.89 37.52 35.48 34.43 31.57 30.69 29.54 29.13 30.05 31.27 30.04 28.16 26.71 26.79 26.97 26.99 26.47 26 26 26.31 27.02 27.64 28.37 29.46 28.94 29.29 29.58 30.09 31.69 33.25 33.59 33.65 32.94 33.31 34.13 33.85 32.99 33.05 33.79 35.95 38.68 40.69 40.91 41.29 42.96 44.67 45.72
-9999 -9999 -9999 -9999 -9999 -9999 42.09524 42.06 45.32 47.43 48.3 53.08 51.92 55.18 55.26 53.51 55.78 59.46 60.86 63.87 55.87 49.34 46.88 46.97 46.76 44.57 40.01 39.48 38.94 40.2 37.8 36.28 35.78 35.5 34.26 32.54 31.22 30.74 31.55 33.07 30.34 28.65 26.76 26.05 25.06 25.26 25.85 26.77 26 26 26.78 28.21 27.36 27.76 27.58 29.15 31.19 30.8 30.04 29.71 30.52 31.45 32.04 31.7 33.13 33.71 33.3 33.22 33.68 34.11 35.75 37.64 39.03 39.98 41.25 42.64 44.17 44.22
-9999 -9999 -9999 -9999 -9999 -9999 39.59184 40.09 42.37 46.73 49.77 49.67 47.44 50.96 50.06 50.44 50.78 52.94 56.54 56.76 49.96 46.62 46.14 46.14 42.86 39.3 39.14 37.98 39.42 37.55 36.48 36.12 35.31 34.2 33.08 32.65 32.64 31.9 30.28 28.79 28.31 27.32 27.01 26.69 26.46 25.31 26.53 27.55 26.2 26.88 27.21 27.56 26.86 27.96 28.36 29.51 31.65 31.97 31.76 32.44 32.65 30.95 32.7 34.81 35.59 36.04 36.62 35.49 34.96 34.76 34.56 35.09 36.87 38.12 39.9 40.93 41.66 43.87
-9999 -9999 -9999 -9999 -9999 37.10714 38.99 39.85 40.47 44.83 46.52 44.7 44.2 45.8 48.85 47.09 49.42 49.4 50.34 47.83 44.78 44.95 42.82 41.22 41.11 41.46 40.16 38.17 38.66 37.11 35.11 34.61 34.98 34.52 33.95 31.63 29.78 30.21 30.17 29.33 28.79 27.99 28.29 28.72 30.32 31.1 30.7 29.45 30.32 30.92 30.22 28.96 29.83 30.49 33.55 32.88 33.48 34.06 35.08 34.47 35.09 34.24 35.69 36.38 35.61 37.45 37.38 36.66 36.07 36.4 35.66 35.68 36.07 38.04 38.47 39.82 40.71 43.02
-9999 -9999 -9999 -9999 -9999 34.43903 35.17 38.51 42.38 49.66 44.55 42.79 41.7 40.63 44.3 44.05 46.63 48.34 47.65 44.54 42.29 40.96 39.57 40.64 41.05 39.94 38.31 39.16 36.86 35.79 35.68 35.34 35.09 34.75 34.59 32.35 30.99 30.02 29.53 29.29 28.06 27.53 26.83 27.39 28.41 29.38 30.96 32.77 32.98 36.37 33.36 34.06 31.53 31.2 37.04 36.86 38.63 38.19 39.08 38.34 38.53 36.03 36.56 37.31 38.32 37.82 38.27 37.52 36.38 36.76 35.81 36 36.12 38.01 37.5 38.23 39.83 40.87
-9999 -9999 -9999 -9999 -9999 32.30303 33.95 43.63 47.6 46.26 45.63 38.35 38.19 37.5 40.29 41.67 42.15 42.64 42.07 41.78 40.13 41.49 40.94 41.67 39.9 40.3 39.7 40.64 39.58 36.21 34.55 34.41 34.16 33.56 33.86 32.37 31.5 29.74 29.64 28.76 28.19 27.36 26.54 27.72 28.62 29.69 29.84 30.55 37.07 37.66 39.01 34.03 33.91 31.6 32.58 36.36 37.39 37.73 43.78 37.9 43.08 41.38 40.77 40.18 40.74 40.19 38.78 36.08 35.74 35.86 35.8 35.99 36.69 36.48 36.75 37.59 38.81 40.1
-9999 -9999 -9999 27.90476 28.54 31.17 35.51 40.74 39.83 36.39 35.41 35.11 35.27 36.02 36.33 35.6 36.72 36.85 39.15 39.74 41.08 41.04 41.11 41.66 42.58 41.41 40.56 39.92 40.52 38.22 35.24 34.2 33.48 32.1 31.77 31.38 30.99 30.8 29.91 29.35 28.41 27.32 27.44 29.1 29.3 33.87 31.79 31.64 36.24 39.53 32.24 30 29.3 30.15 28.11 29.29 29.86 32.01 34.39 33.79 35.95 35.62 35 34.58 40.43 43.99 41.64 38.33 36.33 36.69 35.48 35.18 35.49 34.98 35.48 37.24 39.38 39.58
-9999 -9999 25.89063 26.46512 28.3 30.03 32.63 31.2 32.09 33.32 32.28 32.32 34.07 37.64 36.6 36.62 36.41 38.31 38.93 38.93 39.01 39.43 39.95 41.27 44.63 46.48 44.22 42.32 40.61 38.64 36.88 35.74 33.6 33.86 31.7 30.74 30.24 30.1 29.77 29.57 28.99 27.98 28.27 28.52 28.91 32.6 32.86 31.57 30.13 29.8 28.76 25.67 27.04 25.94 26.2 26.26 27.7 29.4 31.77 34.49 36.17 37.27 34.09 35.92 37.77 37.89 39.86 38.21 36.14 37.46 39.24 36.49 35.11 35.01 35.07 35.76 37.02 37.49
-9999 -9999 26.65 27.47 28.05 28.97 29.44 29.07 30.07 30.17 29.9 30.64 33.65 34.44 34.97 36.04 36.46 35.99 36.12 37.13 35.9 37.1 37.71 38.73 41.08 46.71 45.3 39.91 36.45 36.13 35.25 33.43 31.5 32.4 30.63 30.88 30.8 29.74 29.71 30 29.39 28.18 28.33 27.34 25.71 26.52 25.28 25.64 24.4 26.75 26.22 24.27 24.43 24.49 28.35 27 27.35 29.45 29.2 30.56 31.21 29.96 29.98 32.24 36.35 36.19 35.05 36.23 38.05 37.5 40.43 35.95 33.73 33.55 33.85 34.97 35.82 36.07
-9999 -9999 26.24 26.73 27.71 32.65 28.5 28.76 29 28.81 28.98 30.99 32.42 33.37 32.92 33.37 33.52 33.34 34.43 34.93 34.04 34.91 37.58 37.82 38.01 38.63 39.17 37.84 35.39 34.07 34.52 31.29 30.59 30.55 30.33 30.73 30.12 29.93 29.69 29.4 31.05 28.36 25 24.77 24.02 24.11 23.55 24.03 23.51 24.22 24.26 24.13 23.56 23.73 26.28 29.24 28 27.88 27.53 29.62 32.47 30.48 27.97 29.09 33.32 33.88 32.5 31.3 31.8 34.32 33.09 31.44 33.27 33 33.36 34.57 35.65 36
-9999 26.70313 26.37 27.36 29.76 28.35 27.34 28.3 27.61 27.48421 28.51 29.51 31.21 32.78 32.46 32.84 32.28 33.07 33.38 33.17 33.15 33.67 34.6 36.46 36.27 36.14 34.93 35.05 33.7 31.91 31.86 30.3 30.33 29.71 29.65 29.24 28.26 27.8 28.38 27.43 26.77 24.24 23.96 23.33 23 23.09 22.96 22.54 22.4 23.05 24.01 23.97 24.33 25.33 25.57 27.31 29.76 27.4 27.28 30.32 31.8 30.89 29.91 28.5 31.08 31.92 29.64 28.93 29.24 29.78 30.2 30.81 31.69 33.66 33 33.66 35.19 36.98
-9999 27.64 27.34 28.65 30.06 28.75 25.28723 25.35556 25.55172 27.14 28.02 28.22 29.64 30.17 30.58 30.47 31.2 32.07 32.65 32.96 32.96 33.07 33.22 33.25 33.81 34.07 33.45 32.75 32.8 31.79 30 30 29.24 28.34 28.31 27.71 26.83 25.94 26.36 26.67 25.23 23.61 23.02 23.02 22.81 22.42 22.45 23.7 24 22.48 23.43 23.88 23.64 24.66 24.4 26.03 27.74 28.58 27.41 26.71 26.68 30.55 29.69 26.94 29.12 27.56 27.01 27.16 27.64 28.91 29.95 30.26 30.97 32.17 34.02 34.07 36.08 37.85
-9999 29.77551 31.64 31.15 31.67 28.61856 24.5443 24.53 25.08 26.46 27.36 27.72 28 28.23 29.09 28.93 29.61 30.03 31 32.61 32.96 33.32 33.38 33.36 33.46 33.76 34.51 33.93 31.29 30.25 29.46 28.54 27.77 27.01 26.67 25.46 24.76 24.43 25 24.85 22.68 22.23 22.65 23 22.83 22.58 22.56 22.41 22.5 23.4 23.44 22.74 24.21 27.76 25.96 26.98 25.91 25.49 25 27.79 25.89 26.26 27.3 26.65 27.73 26.71 26.99 27 27.09 27.73 29.7 30 30.52 31.68 33.86 36.17 38.14 40.65
-9999 31.96 32.59 31.51 27.7 26.08333 24 24.2 24.97 26.05 27.41 27.95 28 28.34 28.46 28.37 29.56 30.52 31.08 31.87 32.38 32.53 34.87 35.1 33.99 33.21 35.14 33.42 30.27 28.87 29 28.25 27.4 26.59 25.39 24.68 24.5 24.45 23.83 23.18 23.07 23.05 22.9 23.52 23.17 23.14 23.02 22.28 22.53 22.96 23.55 23.1 22.81 24.6 23.68 24.55 25.7 25.56 27.53 28.06 25.54 25.32 27.65 26.99 25.93 26.18 26.32 26.63 27.59 28.07 30 32.54 31.89 31.2 33.51 35.48 37.28 38.92
35.24691 33.88 32.38 29.88 26.58511 -9999 -9999 24.05 24.92 25.19 26.17 27.45 27.95 28.31 28.79 28.9 30.54 31.04 31.18 31.95 31.37 32.13 32.49 34.79 35.02 31.92 30.64 29.73 28.06 28.1 28.67 28.09 27.47 27 26.14 25.54 26.02 25.42 23.7 24.41 24.45 24.55 24.35 23.9 25.24 23.3 23.06 22.44 22.94 23.66 24.08 24.13 24.04 22.4 23.76 23.83 23.93 23.56 26.32 25.57 27.02 25.97 25.76 26.63 27.26 27.16 29.5 28.37 27.1 27.33 28.44 30.11 30.77 31.36 34.04 35.39 35.98 38.02
32.48 30.76056 28.91892 28.05195 26.42222 24 23.93258 24 24.28 25.12 26.1 26.93 27.82 28.02 28.69 30.69 30.93 31.52 31.72 31.65 31.5 31.07 32.89 32.4 30.97 30.87 28.58 28 28.04 28 28.05 28 27.41 26.9 26.27 25.42 25.87 26.61 24.38 23.16 24.24 25.01 25.07 24.2 23.95 23.72 23.19 23.79 24.04 25.35 24.59 23.97 22.49 21.71 22.53 22.37 22.82 23.34 23.84 24.53 25.65 27.74 27.17 26.5 26.58 28.09 30.76 29.63 26.15 27.63 29.24 29.16 30.11 31.43 33.13 34.77 35.85 37.24
-9999 -9999 -9999 27.41892 25.61039 24.59524 24.07 24.03 24 24.41 24.98 25.64 26.82 28.09 29.34 30.33 30.46 31.03 31.19 30.28 30.04 29.95 29.89 29.89 29.14 28.19 27.78 27.72 28.04 28.63 29.03 28.65 27.73 26.19 26.21 25.77 26.26 26.8 25.84 24.14 24.61 24.76 25.2 25.18 23.83 24.88 24.63 25.7 24.71 23.21 22.37 21.88 21.62 21.69 23.69 22.58 23.12 24.75 24.32 25.23 25.87 26.91 27.41 27.01 27.69 27.81 26.56 26.49 29.55 27.38 29.31 29.69 30.24 31.98 33.69 35.85 35.83 37.11
-9999 -9999 -9999 -9999 26.1 25.51 25.93939 24.22353 23.5055 23.87912 24.73 24.45 25.04 27.42 28.1 28.66 29.13 29.41 29.49 29.77 29.08 28.15 28.45 28.88 28.66 27.51 26.35 27.26 27.58 28.33 28.62 29.35 30.41 28.62 28.79 26.48 26.48 27.06 26.74 25.47 23.78 25.81 25.19 24.78 23.85 25.71 26.45 25.18 24.17 22.15 22.54 22.92 22.98 22.54 22.61 22.75 22.84 23.08 24.42 28.31 30.33 28.41 26.88 26.54 24.34 25.22 26.8 26.65 26.37 28.25 28.86 30.11 32.27 33.05 33.9 34.59 34.83 35.05
-9999 -9999 -9999 -9999 27.88889 27.85714 -9999 23 -9999 23.05128 23.12 23.54 24.02 24.29 26.08 26.23 25.54 26.08 26.68 27.09 26.61 26.22 26.84 27.03 26.69 25.25 24.21 25.81 26.82 27.23 27.95 28.68 31.16 31.14 30.55 27.97 26.5 27.04 26.94 26.37 24.26 24.2 24.43 25.16 24.46 25.39 24.97 23.84 23.98 24.11 22.97 23.36 23.26 22.61 22.99 23.01 23 23 23.03 23.27 25.47 30.84 30.64 29.33 28.79 25.01 23.3 27.44 30.89 33.82 34.92 31.18 31.52 31.52 31.55 31.81 33.81 34.99
-9999 -9999 -9999 -9999 -9999 -9999 -9999 -9999 23 23.0102 22.68421 22.52 23 23.88 24.2 26.02 25.65 25.05 26.06 27.32 26.44 26.16 25.32 25.08 23.88 23.11 23.47 24.07 25.02 26.57 26.04 27.59 28.95 25.68 26.37 26.63 27.13 27 26.26 26.01 24.89 24.46 24.95 24.11 24.05 24.06 23.63 23.96 24.26 23.92 23.76 24.15 23.61 23.18 23 23.26 23.47 23.23 24.15 24.37 23.38 24.93 24.25 26.82 26.46 26.82 21.91 26.07 26.34 27.74 31.12 29.64 30.2 27.92 27.11 28.01 30.35 31.11
-9999 -9999 -9999 -9999 -9999 -9999 -9999 -9999 -9999 22.76 22.91 22.9 22.51 22.69 22.78 24.03 24.04 24.06 24.85 24.66 25.97 26.77 25.21 23.46 22.88 22.37 22.71 22.69 23.03 23.64 25.26 25.62 24.8 24.27 24.66 24.66 25.93 26.02 26.02 26.07 25.31 25.18 24.94 24.63 24.11 24.32 23.35 23.96 23.97 22.39 22.42 22.34 24.19 25.62 23.22 22.73 23.97 23.31 24.35 24.58 25.36 26.3 25.94 22.76 25.29 22.94 21.19 21.85 22.44 22.07 22.78 23.25 22.68 22.67 23.89 26.96 28.51 27.91
-9999 -9999 -9999 -9999 -9999 -9999 -9999 -9999 -9999 23.18 23.75 21.58 22.13 22.14 21.81 22.18 23.06 22.93 23.12 23.83 23.93 24.16 23.53 22.54 21.97 21.82 21.72 22.05 22.09 22.01 22.03 23.92 25.39 27.58 27.02 25.44 24.88 26 26 25.56 24.7 25.53 25.54 24.6 23.5 22.75 21.6 22.06 23.56 23.83 24 22.55 21.93 22.25 23.5 22.28 21.72 22.41 23.67 22.88 23.76 23.23 25.39 21.3 22.41 20.93 19.55 21.86 19.2 19.13 19.16 20.45 19.96 22.23 24.83 26.59 26.25 25.93
-9999 -9999 -9999 -9999 -9999 -9999 -9999 -9999 21.63461 23.06 24.91 22.37 21.17 20.68 21.12 20.4 21.08 21.94 22.59 22.23 21.05 20.73 20.48 21.19 21.28 21.03 20.97 20.93 21.14 21.51 22.19 23.14 24.88 26.24 26.14 27.2 26.77 26.49 27.14 26.65 23.72 22.66 23.74 25.2 24.1 23.19 21.74 20.86 20.56 21.17 21.48 22.88 23.38 22.37 20.79 21.04 20.48 19.73 20.78 20.2 17.83 18.36 19.06 18.71 19.35 19.26 18.54 17.78 17.64 17.54 19.05 17.63 19.15 21.62 21.91 22.65 25.07 28.12
