layers/wordclim/future/Iberia_wcB2a_10_hadcm3_2020/bio_06.asc
ncols         166
nrows         93
xllcorner     -9.4959440078468
yllcorner     36.000324005443
cellsize      0.083333337679505
NODATA_value  -9999
[rows 0 to 34 of 93, columns 0 to 77 of 166]
-9999 -9999 -9999 -9999 -9999 -9999 -9999 -9999 -9999 -9999 -9999 -9999 -9999 -9999 -9999 -9999 -9999 62.70732 50.31944 63.23881 60.75758 57.48864 59.69565 58.04546 -9999 -9999 -9999 -9999 -9999 -9999 -9999 -9999 -9999 -9999 -9999 -9999 -9999 -9999 -9999 -9999 -9999 -9999 -9999 -9999 -9999 -9999 -9999 -9999 -9999 -9999 -9999 -9999 -9999 -9999 -9999 -9999 -9999 -9999 -9999 -9999 -9999 -9999 -9999 -9999 -9999 -9999 -9999 -9999 -9999 -9999 -9999 -9999 -9999 -9999 -9999 -9999 -9999 -9999
-9999 -9999 -9999 -9999 -9999 -9999 -9999 -9999 -9999 -9999 -9999 -9999 -9999 -9999 -9999 -9999 65.69697 62 55.8 59.64 50.11 46.91 54.57576 44.94 45.38 51.90722 -9999 -9999 -9999 -9999 -9999 -9999 -9999 -9999 -9999 -9999 -9999 -9999 -9999 -9999 -9999 -9999 -9999 57.98438 59.11538 -9999 -9999 -9999 -9999 -9999 -9999 -9999 -9999 -9999 -9999 -9999 -9999 -9999 -9999 -9999 -9999 -9999 -9999 -9999 -9999 -9999 -9999 -9999 -9999 -9999 -9999 -9999 -9999 -9999 -9999 -9999 -9999 -9999
-9999 -9999 -9999 -9999 -9999 -9999 -9999 -9999 -9999 -9999 -9999 -9999 -9999 -9999 69.01852 69.49474 65.06061 60.66 55.23 46.07 39.44 39.83 42.44 33.65 48.65 54.11 53.87368 51.53165 50.92958 55.25455 53.3625 52.46429 48.90789 53.14286 45.73418 49.4697 48.32877 43.45833 41.43182 44.91753 47.42308 50.30952 53.55556 54.84 53.92 59 59.09836 53.71667 52.40678 -9999 -9999 -9999 -9999 -9999 -9999 -9999 -9999 -9999 -9999 -9999 -9999 -9999 -9999 -9999 -9999 -9999 -9999 -9999 -9999 -9999 -9999 -9999 -9999 -9999 -9999 -9999 -9999 -9999
-9999 -9999 -9999 -9999 -9999 -9999 -9999 -9999 -9999 -9999 -9999 -9999 -9999 -9999 -9999 -9999 58.92929 48.87 43.95 45.78 38.99 30.63 25.46 23.5 33.14 44.29 49.05 41.14 49.38 48.10101 38.09 33.43 31.49 40.54 24.6 33.24 38.09 32.45 23.35 37.89 46.42424 40.05 39.38 45.67 48.89 48.86 41.68 39.68 50.24 47.17 45.24 41.65385 51.16667 53.47458 52.8 -9999 -9999 -9999 -9999 -9999 -9999 -9999 -9999 -9999 -9999 -9999 -9999 69.31507 -9999 68.79365 65.03125 66.89655 65.30434 -9999 -9999 -9999 -9999 -9999
-9999 -9999 -9999 -9999 -9999 -9999 -9999 -9999 -9999 -9999 -9999 -9999 -9999 -9999 69.80597 66.72916 57.78 47.89 44.09 38.78 39.73 36.5 34.44 27.54 29.92 30.8 34.44 40.61 38.59 25.95 15.33 21.34 28.79 23.62 17.55 29.08 19.99 12.84 25.9 36.05 38.27 44.44 45.78 40.23 43.42 42.5 39.18 39 39.23 40.24 40.67 48.62 49.1 39.2 38.22 35.68 28.88 39.78724 47.40741 55.08219 58.07792 60.28205 58.88889 56.74699 59.80612 64.98 63.67 64.54 62.32292 64.95 58.73 59.51 62.51191 57.31 56.49438 61.75926 -9999 -9999
-9999 -9999 -9999 -9999 -9999 -9999 73.55556 75.1125 72.41892 -9999 69.01351 67.90362 66.98 69.91919 68.38 -9999 55.77 46.87 37.45 37.97 39.31 39.21 37.51 37.85 33.31 32.68 30.92 36.65 21.59 16.11 16.87 28.47 21.99 7.34 7.94 19.92 25.29 23.77 16.43 22.37 20.03 21.06 27.31 34.79 34.19 33.93 29.18 19.2 17.54 25.1 15.23 24.29 31.93 18.3 9.17 14.56 24.3 18.58 34 32.26 42.97 40.81 44.73 48.28 45.81 52.99 54.15 54.06 44.83 37.27 40.73 44.19 52.52 45.55 44.6 44.58 53.83 53.32653
-9999 -9999 -9999 -9999 -9999 -9999 71.47945 71.5 70.27 69.8 64.96 53.98 55.01 57.62 61.73 58.84 48.71 43.69 38.22 38.48 37.1 39.49 37.88 38.35 36.65 32.49 26.32 28.13 21.24 16.06 21.27 26.37 10.18 1.36 12.41 17.86 15.11 1.48 4.96 1.28 -0.2 13.63 -8.19 11.83 26.89 14.52 10.36 15.38 11.18 8.41 -8.51 4.07 7.26 -9.55 -38.77 -21.03 -29.15 -23.37 15.93 6.9 16.67 26.04 30.86 24.35 33.02 42.5 37.34 37.51 36.9 17.17 3.64 24.08 38.72 40.51 37.75 44.7 50.13 48.77
-9999 -9999 -9999 -9999 77.19355 70.62 69.31 63.26 59.27 58.44 52.52 51.89 52.51 49.62 50.49 46.16 41.36 40.25 37.09 38.04 36.43 36.09 38.26 36.74 33.61 27.88 21.18 24.16 11.23 14.28 10.76 18.44 8.19 0.91 7.66 9.68 -2.94 -14.64 -2.55 -13.41 -7.3 -12.9 0.7 0.95 11.64 1.57 1.94 1 -11.29 -17.04 -11.14 -16.4 -21.63 -9.98 -26.09 -32.84 -23.2 4.76 18.73 11.68 -13.88 0.75 8.04 10.12 12.83 30.49 16.97 27.91 23.2 1.02 -4.22 4.11 11.36 23.92 42.08 41.42 47.12 45.59
-9999 -9999 -9999 76.79382 72.74 64.38 63.34 60.14 57.8 54.38 53.98 52.27 54.11 51.57 49.46 47.5 43.93 39.28 31.71 33.32 35.96 34.03 35 32.87 28.09 24.6 17.23 13.79 18.25 15.29 21.29 17.69 2.21 -7.05 2.4 -10.42 -11.21 -30.29 -31.5 -28.62 -38.65 -29.55 -35.89 -11.74 -2.57 -28.36 -30.85 -24.88 -32.35 -35.8 -24.28 -31.05 -22.08 -17.63 -28.13 -26.95 -38.97 -33.72 -21.82 -10.07 -16.24 -31.88 -20.25 -3.02 2.3 6.23 5.83 9.18 6.97 8.5 15.74 17.62 18.52 18.26 22.11 17.73 21.49 40.34
-9999 -9999 -9999 77.91765 67.93939 64.29 61.95 61.08 60.52 58.05 56.58 55.15 52.85 49.75 47.45 45.71 45.2 38 34.69 30.66 32.5 29.27 29.14 32.62 31.74 27.98 17.57 15.96 12.74 20.21 16.7 5.5 2.83 -7.44 -11.46 -17.92 -25.9 -19.72 -20.96 -22.61 -27.76 -23.35 -25.61 -31.07 -25.83 -24.34 -28.48 -24.2 -31.21 -25.81 -15.38 -22.37 -21.9 -19.03 -16.3 -25.39 -38 -39.96 -33.81 -20.53 -13.27 -33.1 -23.73 -3.11 1.77 4.11 6.03 6.21 7.48 10.34 17.23 24.9 22.4 18.17 17.42 16.49 14.54 18.61
-9999 -9999 -9999 -9999 74.27586 63.34 63.82 65.9 61.99 65.38 66.06 55.67 49.04 51.97 49.78 48.27 48.89 45.3 39.81 34.5 29.53 30.71 31.91 32.43 32.28 27.12 20.61 12.06 16.57 15.56 3.84 -9.3 -20.05 -19.98 -12.87 -16.11 -15.77 -21.83 -32.84 -29.1 -33.8 -34.79 -26.48 -19.3 -30.76 -21.77 -20.15 -18.17 -24.44 -16.01 -14.04 -21.59 -15.84 -21.82 -16.49 -26.46 -26.97 -26.31 -24.29 -12.3 -6.8 -6.48 -5.46 -1.67 -0.88 2.31 0.31 7.89 7.07 12.94 10.12 14.73 21.51 16.64 13.18 9.92 15.79 14.37
-9999 -9999 -9999 -9999 77.5 74.46875 75.19697 75.85714 57.51 64.92 66.3 64.8 57.75 57.14 54.1 45 44.59 39.58 33.29 33.49 27.98 27.61 31.86 25.09 23.47 27.03 13.43 7.73 8.95 4.89 -1.38 -20 -11.02 -5.36 0.43 -3.14 -16.24 -28.89 -30.63 -30.17 -23.83 -18.75 -14.86 -14.45 -13.72 -18.01 -11.23 -10.04 -13.29 -9.66 -10.69 -11.79 -10.37 -13.8 -10.21 -15.91 -18.6 -11.84 -11.04 -11.55 -7.37 -4.26 -0.12 0.56 -1.95 3.61 5.04 0.7 5.34 4.31 0.51 9.26 10.55 20.39 21.64 19.21 9.32 24.76
-9999 -9999 -9999 -9999 -9999 -9999 62.57609 71.32 67.37 72.62 66.02 59.03 57.89 44.87 44.68 41.85 36.23 35.02 28.28 23.38 28.48 31.44 23.02 19.66 21.37 18.4 8.3 -2.44 -6.13 -4.27 -1.11 -7.42 1.08 6.11 3.47 2.87 -5.56 -9.58 -10.39 -14.09 -19.49 -19.33 -14.92 -11.26 -10.43 -12.68 -8.05 -6.58 -9.09 -4.29 -9.89 -6.56 -7.98 -7.21 -9.73 -12.65 -12.09 -10.55 -7.57 -9.02 -3.45 -3.51 -1.15 -4.59 -4.53 -2.65 -0.37 0.06 3.15 0.66 -3.09 2.84 16.89 8.16 10.63 4.89 9.3 27.11
-9999 -9999 -9999 -9999 -9999 80.79661 71.42553 -9999 -9999 68.58 67.38 55.19 45.66 37.06 29.89 38.11 35.35 28.57 24.34 20.45 27.62 29.32 24.45 23.87 28.5 18.38 5.8 4.4 -1.91 -9.18 -0.7 3.85 9.13 13.28 11.88 7.68 5.7 2.36 -4.27 -13.17 -10.5 -8.09 -9.22 -7.55 -8.42 -9.71 -4.38 -3.68 -3.74 -3.29 -5.31 -3.23 -8.13 -4.3 -8.99 -10.57 -9.02 -9.18 -5.18 -6.16 -3.51 -0.18 -0.65 -3.66 -3.06 -3.98 -2.89 -2.94 -1.67 -2.25 -0.05 7.62 16.88 17.4 15.61 13.95 11.29 15.89
-9999 -9999 -9999 -9999 -9999 -9999 -9999 83.5 79.04819 75.34 66.49 55.86 45.59 38.63 30.19 29.64 30.18 24.67 20.74 22.88 24.14 27.63 25.94 30.83 28.86 22.5 13.27 8.65 -2.27 -4.15 -0.17 9.65 14.88 17.3 13 6.74 -6.05 -14.16 -17.54 -16.44 -9.23 -6.31 -6.93 -4.12 -5.19 -5.95 -3.62 -1.36 -0.66 -1.79 -2.09 -5.31 -5.95 -2.75 -6.83 -8.92 -6.18 -7.26 -6.07 -4.12 -4.12 -0.94 0.31 1.3 1.52 1.79 0.22 -3.19 -1.77 -0.97 3.7 5.91 3.19 5.46 8.11 8.19 10.17 18.14
-9999 -9999 -9999 -9999 -9999 -9999 -9999 81.64584 76.36957 65.5955 70.75 58.32 42.09 28.61 31.12 34.32 34.92 33.15 30.89 28.28 26.55 25.96 26.96 26.45 20.46 18.76 18.73 16.53 3.3 6.35 9.04 11.15 12.55 1.32 -11.34 -10.89 -20.63 -24.27 -15.74 -9.63 -5.58 -3.38 -4.71 -1.98 -3.22 -3.88 -2.78 -0.13 -0.09 -1.28 -3.23 -4.82 -4.06 -1.78 -5.01 -6.46 -4.61 -3.07 -2.86 -1.96 -0.74 -0.05 0.4 1.42 2.23 2.27 -0.94 -2.15 -0.46 0.86 0.63 -0.06 0.49 2.77 2.49 6.61 9.83 11.87
-9999 -9999 -9999 -9999 -9999 -9999 -9999 -9999 -9999 68.39706 68.09677 59.45 48.68 29.39 29.01 37.84 41.8 35.9 34.8 32.91 30.26 19 14.39 17.14 16.34 6.82 4.73 17.87 19.64 4.82 -0.12 5.95 -8.81 -13.69 -11.67 -28.83 -32.22 -25.7 -15.2 -11.21 -7.55 -3.56 -0.95 -0.83 -1.77 -2.27 -1.86 -0.11 -1.22 -1.23 -1.43 -2.51 -1.05 -0.35 -2.51 -4.48 -3.99 -2.36 -2.41 -1.59 -0.99 0.11 1.08 2.17 2.09 -0.13 -1.46 -0.63 0.65 1.17 -0.23 -1.75 -2.54 -7.82 -5.58 -1.1 -6.04 -6.16
-9999 -9999 -9999 -9999 -9999 -9999 -9999 -9999 75.57692 65.9697 -9999 56.73 46 36.69 25.15 33.28 43.1 37.06 30.61 31.38 28.22 20.06 16.44 6.75 2.6 0.45 -7.55 8.71 9.52 0.37 -12.35 -17.37 -22.34 -23.57 -19.64 -13.09 -19.44 -28.39 -21.47 -11.77 -5.14 -2.64 -0.83 -0.1 -0.49 -0.94 0.05 1.19 -1.58 -3.13 -1.05 -0.77 -0.02 -0.34 -1.45 -2.6 -3.52 -3.32 -2.06 -1.73 -0.84 -0.38 0.45 0.6 -0.41 -3.24 -1.25 0.92 0.35 -0.83 -2.66 -3.56 -6.51 -12.07 -17.78 -18.44 -20.98 -12.13
-9999 -9999 -9999 -9999 -9999 -9999 -9999 -9999 -9999 70.04395 65.23 61.47 58.42 41.04 32.88 38.32 38.43 32.79 30.06 26.12 23.45 20.02 19.11 6.08 -4.17 -10.17 -17.03 -5.09 5.18 -4.98 -13.07 -25.83 -37.19 -35.23 -28.4 -29.53 -26.93 -19.75 -16.79 -10.18 -6.25 -3.56 -2.99 -0.58 0.1 0.43 0.74 1.54 -1.16 -0.81 0.08 0.54 0.52 -0.58 -0.89 -1.18 -1.6 -3.17 -2.97 -1.85 -1.33 -1.85 -0.98 -1.81 -3.38 -0.08 0.91 0.12 -0.4 -1.13 -2.77 -5.19 -12.07 -22.37 -26.18 -33.81 -32.33 -29.84
-9999 -9999 -9999 -9999 -9999 -9999 -9999 -9999 73.96703 58.48 69.58 64.19 60.99 44.33 48.81 37.54 28.64 21.15 21.45 19.62 18.06 19.87 16.46 11.24 2.61 -5.39 -5.28 0.69 2.53 -8.6 -17.94 -28.45 -28.41 -15.13 -11 -12.89 -13.77 -11.07 -7.41 -3.87 -3.85 -1.86 -0.95 -1.11 2.04 1.04 1.74 1.38 0.84 1.45 0.92 1.24 0.12 -0.92 -0.27 -0.32 -0.25 -0.83 -3.24 -2.15 -5.03 -6.19 -3.81 -3.39 0.26 -0.83 0.3 0.17 -0.64 -2.65 -5.47 -9.29 -6.92 -8.58 -13.3 -15.52 -17.61 -21.89
-9999 -9999 -9999 -9999 -9999 -9999 -9999 60.22222 58.55 65.88 67.6 64.1 55.62 51.74 30.32 15.81 7.65 12.26 16.89 19.51 19.67 18.87 17.8 11.78 17.08 5.96 2.55 3.95 -1.11 -7.13 -13.85 -20.03 -22.58 -7.65 -6.13 -6.34 -5.65 -5.25 -3.48 -1.89 -0.53 0.06 0.59 1.19 1.3 2.12 3.31 2.1 1.69 0.79 2.49 1.49 0.14 0.25 0.16 0.02 -0.07 -0.1 -1.88 -3.05 -5.6 -3.41 -1.03 -1.59 -2.37 -2.31 -0.79 -0.07 -0.51 -0.91 -2.69 -4.84 -8.2 -4.8 -5.64 -13 -27.72 -31.93
-9999 -9999 -9999 -9999 -9999 -9999 -9999 63.7 70.32 66.75 61 41.05 44.39 35.07 12.69 20.41 22.02 24.26 20.61 13.56 10.56 12.88 13.14 15.45 23.07 13.32 8.63 9.71 4.7 0.23 -1.43 -5.75 -14.3 -2.36 -2.1 -4.58 -6.77 -3.54 -2.5 -1.9 -1.54 0 0.76 2.14 3.08 3.78 3.24 2.38 2.45 2.85 3.09 1.74 0.26 1.6 1.04 0.85 -0.19 -2.57 -6.17 -3.58 -1.62 -2.36 -2.84 -3.28 -4.69 -4.79 -2.8 -2.64 -3.31 -4.18 -4.95 -7.97 -10 -13.14 -5.89 -8.82 -12.27 -14.98
-9999 -9999 -9999 -9999 -9999 -9999 -9999 70.0303 66.18182 55.09 54.58 39.55 49.44 43.81 34.32 31.67 28.91 16.96 7.42 7.07 7.33 6.25 15.44 16.22 23.85 15.74 8.17 11.67 10.07 3.43 2.16 1.76 -0.01 4.72 1.43 1.84 -1.09 -3.29 -5.79 -7.21 -5.62 -3.83 -0.27 1.15 2.55 3.25 3.93 4.19 4.5 4.77 3.9 2.98 2.32 1.86 -0.04 -1.46 -2.97 -3.67 -3.43 -0.24 -2.25 -3.29 -3.92 -4.65 -5.44 -5.09 -4.71 -3.38 -3.56 -3.69 -2.54 -4.79 -6.83 -8.8 -10.96 -10.51 -12.4 -15.41
-9999 -9999 -9999 -9999 -9999 -9999 -9999 -9999 59.88 50.85 62.53 54.22 53.37 46.34 36.33 20.48 13.18 5.93 15.36 10.78 11.91 10.65 12.62 17.46 25.33 17.36 9.27 14.68 12.96 11.74 5.48 -0.38 3.87 8.77 2.12 4.52 2.35 -1.41 -0.56 0.1 -2.43 -2.95 0.04 4.03 4.16 3.86 4.82 4.6 3.64 2.79 4.34 4.05 1.84 -0.34 -0.97 -1.08 -1.38 0.09 2.3 0.32 -2.17 -2.31 -2.99 -3.22 -3.25 -3.27 -1.36 -1.26 -1.9 -1.1 -0.48 -0.65 -1.97 -2.63 -4.61 -8.61 -10.68 -11.43
-9999 -9999 -9999 -9999 -9999 -9999 -9999 -9999 64.75555 63.46939 56.68 51.13 43.95 45.23 37.77 30.82 27.04 26.81 18.81 12.43 11.45 15.09 19.87 23.99 21.11 12.05 15.4 20.19 21.29 13.52 5 -3.16 4.28 4.21 5.71 6.78 1.36 -0.8 -0.69 0.26 1.24 0.48 0.87 3.45 4.69 4.98 5.15 5.23 4.56 3.88 3.17 1.23 0.19 0.42 0.14 -0.02 1.48 4.8 1.74 0.03 -0.9 -1.07 -1.91 -2.89 -2.26 -2.8 1.41 2.45 1.73 1.86 2.07 0.89 -0.17 -0.77 -2.54 -4.05 -6.32 -7.25
-9999 -9999 -9999 -9999 -9999 -9999 -9999 -9999 65.89474 59.89 56.41 55.23 56.62 51.98 46.75 35.98 30.85 17.64 14.85 16.59 21.04 20.77 23.82 24.96 11.43 17.95 22.5 27.36 26.75 17.72 7.59 3.75 3.05 7.26 8.46 8.16 4.48 2.72 0.67 0.99 0.55 1.41 2.7 3.38 4.57 5.59 5.87 3.88 3.55 2.85 2.96 3.73 2.7 1.96 0.86 1.23 5.69 6.2 3.33 2.72 1.69 0.47 0.21 1.34 2.25 0 2.25 0.13 1.37 1.76 2.21 0.75 -0.06 -0.49 -0.92 -1.24 -4.78 -3.9
-9999 -9999 -9999 -9999 -9999 -9999 -9999 -9999 -9999 59.77 59.59 56.49 53.32 43.66 43.91 40.34 28.74 27.24 27.64 26.09 27.93 17.1 17.32 10.58 13.41 22.96 28.69 31.38 26.61 18.56 13.15 12.7 11.18 15.35 13.4 11.18 6.19 3 3.77 3.76 3.48 1.42 2.61 3.41 4.97 7.06 7.29 5.51 5.19 5.29 5.3 5.23 5.37 4.13 4.96 7.28 7.65 7.02 6.18 1.28 0.81 -0.85 -1.83 -1.02 -0.19 -0.23 -1.64 -2.73 -0.96 -1.3 -4.03 -3.25 -4.94 -2.46 -1.01 -0.77 -0.43 -1.55
-9999 -9999 -9999 -9999 -9999 -9999 -9999 -9999 -9999 61.49 56.63 54.39 48.35 48.12 44.23 38.61 31.55 29.34 38.39 27.51 15.57 12.85 12.55 15.79 19.76 19.85 20.82 30.69 26.25 14.92 6.53 16.12 18.71 18.58 15.65 12.99 7.72 4.91 6.73 3.78 2.93 3.94 3.36 4.25 5.05 6.45 6.67 5.36 5.74 6.7 7.17 6.59 6.9 7.07 6.82 6.03 6.67 6.97 4.97 1.58 0.19 -0.59 -0.92 -0.93 -0.84 -0.32 -0.93 -5.49 -9.63 -10.5 -8.85 -2.19 -2.65 -5.22 -4.05 -5.85 -5.2 -4.95
-9999 -9999 -9999 -9999 -9999 -9999 -9999 -9999 -9999 61.13131 57.94 55.08 52.33 48.18 42.54 40.84 32.28 32.98 37.94 24.94 7.01 18.37 16.23 16.82 22.43 29.08 29.44 27.62 23.56 24.98 17.68 21.04 19.11 10.46 6.42 6.57 8.19 9.93 6.03 3.7 2.54 2.24 2.55 2.85 3.63 3.02 3.29 4.21 4.02 4.41 5.05 5.61 5.37 5.37 4.6 4.41 5.68 6.14 4.13 3.63 4.43 3.18 2.47 1.63 0.8 0.28 0.9 -3.76 -7.86 -5.03 -3.1 -2.57 -4.02 -5.6 -9.27 -12 -13.25 -15.15
-9999 -9999 -9999 -9999 -9999 -9999 -9999 -9999 -9999 60.26582 54.9 52.07 45.88 40.67 41.12 42.36 39.84 41.91 26.68 17.41 25.94 26.9 19.69 26.06 19.49 27.96 19.93 19.17 29.92 29.12 24.44 26.1 17.74 9.99 9.97 12.57 14.58 9.19 5.94 4.46 3.49 2.16 0.8 0.53 0.39 -0.24 0.27 1.97 3.92 5.47 3.87 4.91 5.21 5.36 6.06 6.04 5.52 5.17 4.87 5 4.72 4.28 3.21 1.6 0.74 0.63 -0.07 -0.88 -4.07 -1.03 -2.53 -7.76 -14.43 -18.61 -19.07 -20.81 -20.24 -19.58
-9999 -9999 -9999 -9999 -9999 -9999 -9999 -9999 -9999 59.54717 55.36 51.27 48.28 44.01 44.04 41.68 44.14 29.74 23.39 21.88 36.58 30.44 27.74 34.01 31.15 26.89 17.52 17.39 32.55 28.43 22.13 22.4 15.84 14.97 13.07 13.16 8 6.11 6.24 5.94 5.2 2.93 1.05 -0.85 -0.46 0.12 0.03 -0.36 0.65 3.51 4.28 4.77 5 5.24 5.46 5.56 4.94 4.88 3.37 4.84 4.06 3.42 3.02 1.86 1.09 0.26 -0.12 -1.43 -3.95 -3.94 -4.62 -14.73 -30.6 -31.2 -26.34 -22.57 -25.44 -19.75
-9999 -9999 -9999 -9999 -9999 -9999 -9999 -9999 -9999 -9999 54.64516 53.25 50.49 46.04 43.34 44.21 40.12 36.07 35.92 32.01 36.72 32.25 31.23 31.43 27.87 29.5 30.15 30.01 35.25 24.34 21.98 23.92 22.22 17.23 11.56 10.26 8.87 6.91 5.1 4.59 5.27 5.09 3.66 3.07 2.56 2.16 1.54 0.62 1.09 2.17 3.53 4.39 4.5 4.47 4.7 4.9 3.72 3.85 1.53 3.13 3.32 1.95 1.44 1.94 1.32 -1.16 -4.22 -5.19 -6.94 -10.92 -20.72 -29.26 -27.5 -18.36 -23.3 -15.98 -18.24 -14.42
-9999 -9999 -9999 -9999 -9999 -9999 -9999 -9999 -9999 -9999 55.71429 50.53 51.69 48.92 46.09 39.65 27.09 28.35 16.42 17.85 26.17 21.66 23.21 20.99 18.82 20.07 24.82 25.4 33.69 30.93 30.86 28.48 27 18.29 13.36 11.9 9.41 8.09 5.94 4.65 4.48 4.22 4.21 3.97 3.88 3.22 2.46 1.6 0.77 1.17 2.42 2.6 3.43 3.06 3.65 2.89 1.33 2.72 0.72 1.17 1.24 0.12 1.66 0.5 -1.18 -4.07 -8.63 -21.38 -22.96 -23.06 -7.68 -8.09 -20.55 -13.13 -5.63 -8.3 -11.89 -3.19
-9999 -9999 -9999 -9999 -9999 -9999 -9999 -9999 -9999 -9999 57.88372 50.58 46.42 43.42 41.67 39.18 32.87 21.66 15.1 17.14 16.69 15.49 20.07 25.18 19.06 15.14 20.59 28.57 31.39 25.15 23.99 26.61 19.72 17.06 14.87 13.83 11.41 8.02 7.3 6.46 4.52 3.9 4.4 4.04 3.67 3.12 3.34 3.72 3.84 2.29 1.63 1.18 0.58 0.33 1.23 0.27 0.85 1.14 0.18 -0.6 -1.11 -0.19 0.7 0.94 -2.03 -7.08 -24.56 -32.56 -17.83 -7.09 -2.84 -0.66 -5.83 -5.88 0.24 -0.07 0.01 0.97
-9999 -9999 -9999 -9999 -9999 -9999 -9999 -9999 -9999 -9999 60.45918 53.52 47.24 39.88 27.97 27.16 28.14 33.66 31.11 27.74 22.43 19.95 19.39 21.71 19.34 17.13 21.8 28.69 29.08 23.15 19.36 20.58 21 16.81 14.33 12.87 12.35 10.8 10.13 8.84 6.79 5.41 4.8 3.68 2.77 2.09 1.48 2.17 3.39 2.52 0.8 0.11 -1.76 -1.95 -1.26 -0.12 0.7 0.58 -0.39 -2.88 -4.14 -2.27 -1.31 -1.92 -6.7 -13.22 -33.46 -14.64 -21.33 -15.67 -3.25 3.04 7.79 6.58 3.48 4.6 7.06 4.58
