layers/wordclim/future/Iberia_wcB2a_10_hadcm3_2020/bio_13.asc
ncols         166
nrows         93
xllcorner     -9.4959440078468
yllcorner     36.000324005443
cellsize      0.083333337679505
NODATA_value  -9999
[rows 0 to 33 of 93, columns 77 to 153 of 166]
-9999 -9999 -9999 -9999 -9999 -9999 -9999 -9999 -9999 -9999 -9999 -9999 -9999 -9999 -9999 -9999 -9999 -9999 -9999 -9999 -9999 -9999 -9999 -9999 -9999 -9999 -9999 -9999 -9999 -9999 -9999 -9999 -9999 -9999 -9999 -9999 -9999 -9999 -9999 -9999 -9999 -9999 -9999 -9999 -9999 -9999 -9999 -9999 -9999 -9999 -9999 -9999 -9999 -9999 -9999 -9999 -9999 -9999 -9999 -9999 -9999 -9999 -9999 -9999 -9999 -9999 -9999 -9999 -9999 -9999 -9999 -9999 -9999 -9999 -9999 -9999 -9999
-9999 -9999 -9999 -9999 -9999 -9999 -9999 -9999 -9999 -9999 -9999 -9999 -9999 -9999 -9999 -9999 -9999 -9999 -9999 -9999 -9999 -9999 -9999 -9999 -9999 -9999 -9999 -9999 -9999 -9999 -9999 -9999 -9999 -9999 -9999 -9999 -9999 -9999 -9999 -9999 -9999 -9999 -9999 -9999 -9999 -9999 -9999 -9999 -9999 -9999 -9999 -9999 -9999 -9999 -9999 -9999 -9999 -9999 -9999 -9999 -9999 -9999 -9999 -9999 -9999 -9999 -9999 -9999 -9999 -9999 -9999 -9999 -9999 -9999 -9999 -9999 -9999
-9999 -9999 -9999 -9999 -9999 -9999 -9999 -9999 -9999 -9999 -9999 -9999 -9999 -9999 -9999 -9999 -9999 -9999 -9999 -9999 -9999 -9999 -9999 -9999 -9999 -9999 -9999 -9999 -9999 -9999 -9999 -9999 -9999 -9999 -9999 -9999 -9999 -9999 -9999 -9999 -9999 -9999 -9999 -9999 -9999 -9999 -9999 -9999 -9999 -9999 -9999 -9999 -9999 -9999 -9999 -9999 -9999 -9999 -9999 -9999 -9999 -9999 -9999 -9999 -9999 -9999 -9999 -9999 -9999 -9999 -9999 -9999 -9999 -9999 -9999 -9999 -9999
-9999 -9999 -9999 -9999 -9999 -9999 -9999 -9999 -9999 -9999 -9999 -9999 -9999 -9999 -9999 -9999 -9999 -9999 -9999 -9999 -9999 -9999 -9999 -9999 -9999 -9999 -9999 -9999 -9999 -9999 -9999 -9999 -9999 -9999 -9999 -9999 -9999 -9999 -9999 -9999 -9999 -9999 -9999 -9999 -9999 -9999 -9999 -9999 -9999 -9999 -9999 -9999 -9999 -9999 -9999 -9999 -9999 -9999 -9999 -9999 -9999 -9999 -9999 -9999 -9999 -9999 -9999 -9999 -9999 -9999 -9999 -9999 -9999 -9999 -9999 -9999 -9999
-9999 192.4483 192.39 189.35 187.7209 185.9231 185.3273 -9999 -9999 -9999 -9999 -9999 -9999 -9999 -9999 -9999 -9999 -9999 -9999 -9999 -9999 -9999 -9999 -9999 -9999 -9999 -9999 -9999 -9999 -9999 -9999 -9999 -9999 -9999 -9999 -9999 -9999 -9999 -9999 -9999 -9999 -9999 -9999 -9999 -9999 -9999 -9999 -9999 -9999 -9999 -9999 -9999 -9999 -9999 -9999 -9999 -9999 -9999 -9999 -9999 -9999 -9999 -9999 -9999 -9999 -9999 -9999 -9999 -9999 -9999 -9999 -9999 -9999 -9999 -9999 -9999 -9999
177.7755 186.0202 184.73 184.18 180.77 179.58 178.41 178.2626 177.3014 176.3667 178.5082 179.623 183.0238 182.2813 186.36 191.15 189.3513 -9999 -9999 -9999 -9999 -9999 -9999 -9999 -9999 -9999 -9999 -9999 -9999 -9999 -9999 -9999 -9999 -9999 -9999 -9999 -9999 -9999 -9999 -9999 -9999 -9999 -9999 -9999 -9999 -9999 -9999 -9999 -9999 -9999 -9999 -9999 -9999 -9999 -9999 -9999 -9999 -9999 -9999 -9999 -9999 -9999 -9999 -9999 -9999 -9999 -9999 -9999 -9999 -9999 -9999 -9999 -9999 -9999 -9999 -9999 -9999
166.47 166.91 173.85 172.57 169.89 167.31 167.42 167.92 169.08 170.36 174.28 176.76 177.98 182.2 184.99 185.67 185.19 185.98 185.49 180.73 -9999 -9999 -9999 -9999 -9999 -9999 -9999 -9999 -9999 -9999 -9999 -9999 -9999 -9999 -9999 -9999 -9999 -9999 -9999 -9999 -9999 -9999 -9999 -9999 -9999 -9999 -9999 -9999 -9999 -9999 -9999 -9999 -9999 -9999 -9999 -9999 -9999 -9999 -9999 -9999 -9999 -9999 -9999 -9999 -9999 -9999 -9999 -9999 -9999 -9999 -9999 -9999 -9999 -9999 -9999 -9999 -9999
154.68 157.82 157.93 157.69 154.57 155.78 155.79 156.03 157.59 159.88 162.86 165.58 169.07 173.75 175.5 177.91 177.85 179.14 177.82 176.6575 -9999 -9999 -9999 -9999 -9999 -9999 -9999 -9999 -9999 -9999 -9999 -9999 -9999 -9999 -9999 -9999 -9999 -9999 -9999 -9999 -9999 -9999 -9999 -9999 -9999 -9999 -9999 -9999 -9999 -9999 -9999 -9999 -9999 -9999 -9999 -9999 -9999 -9999 -9999 -9999 -9999 -9999 -9999 -9999 -9999 -9999 -9999 -9999 -9999 -9999 -9999 -9999 -9999 -9999 -9999 -9999 -9999
143.64 144.13 141.66 142.74 141.98 141.99 142.57 143.55 145.43 147.2 149.79 154.05 159.27 163.05 165.3 168.8 171.22 168.89 165.46 163.475 -9999 157.381 153.1429 -9999 -9999 -9999 -9999 -9999 -9999 -9999 -9999 -9999 -9999 -9999 -9999 -9999 -9999 -9999 -9999 -9999 -9999 -9999 -9999 -9999 -9999 -9999 -9999 -9999 -9999 -9999 -9999 -9999 -9999 -9999 -9999 -9999 -9999 -9999 -9999 -9999 -9999 -9999 -9999 -9999 -9999 -9999 -9999 -9999 -9999 -9999 -9999 -9999 -9999 -9999 -9999 -9999 -9999
130.2 130.77 130.32 130.38 129.8 130 131.82 134.79 139.56 139.25 140.29 145.18 148.81 152.53 157.19 162.02 165.43 167.19 161.83 159.09 155.23 151.98 148.05 144.93 141.6237 139.1475 137.54 141.5517 -9999 -9999 -9999 -9999 -9999 -9999 -9999 -9999 -9999 -9999 -9999 -9999 -9999 -9999 -9999 -9999 -9999 -9999 -9999 -9999 -9999 -9999 -9999 -9999 -9999 -9999 -9999 -9999 -9999 -9999 -9999 -9999 -9999 -9999 -9999 -9999 -9999 -9999 -9999 -9999 -9999 -9999 -9999 -9999 -9999 -9999 -9999 -9999 -9999
120.64 121.01 120.98 119.09 117.8 117.99 118.37 119.55 121.7 128.65 131.29 135.31 139.75 144.91 148.63 154.36 158.98 159.99 157.95 152.23 149.18 145.56 140.88 137.37 135.54 131.73 131.93 137.48 138.6711 -9999 -9999 -9999 -9999 -9999 -9999 -9999 -9999 -9999 -9999 -9999 -9999 -9999 -9999 -9999 -9999 -9999 -9999 -9999 -9999 -9999 -9999 -9999 -9999 -9999 -9999 -9999 -9999 -9999 -9999 -9999 -9999 -9999 -9999 -9999 -9999 -9999 -9999 -9999 -9999 -9999 -9999 -9999 -9999 -9999 -9999 -9999 -9999
109.96 110.28 108.85 108.33 109.9 110.66 113.38 113.28 119.31 122.48 122.75 125 132.37 134.16 137.67 144.32 151.68 156.76 151.71 148.7 143.26 138.3 134.54 129.37 126.29 122.91 123.28 126.49 128.75 138.957 133.6716 140.0128 132.4205 145.5455 150.1492 -9999 -9999 -9999 -9999 -9999 -9999 -9999 -9999 -9999 -9999 103.5 115.01 127.7051 130.9454 -9999 -9999 -9999 -9999 -9999 -9999 -9999 -9999 -9999 -9999 -9999 -9999 -9999 -9999 -9999 -9999 -9999 -9999 -9999 -9999 -9999 -9999 -9999 -9999 -9999 -9999 -9999 -9999
100.33 99.43 98.38 99.42 98.65 98.81 104.26 101.83 101.87 104.66 108.62 111.04 112.76 118.07 126.29 132.5 137.79 141.64 139.24 137.14 134.7 129.22 125.7 122.52 118.56 114.19 111.82 109.7 107.81 115.14 118.77 139.47 128.53 116.25 139.43 129.7609 -9999 -9999 -9999 126.8611 -9999 137.8333 -9999 -9999 -9999 111.8367 106.17 113.45 120.52 124.33 114.3049 124.3333 122.2121 -9999 -9999 -9999 -9999 -9999 -9999 -9999 -9999 -9999 -9999 -9999 -9999 -9999 -9999 -9999 -9999 -9999 -9999 -9999 -9999 -9999 -9999 -9999 -9999
93.59 91.68 89.67 92.46 96.7 98.11 93.67 92.95 93.63 92.67 88.12 93.82 101.26 105.14 111.31 119.03 126.66 128.92 127.44 126.05 124.3 120.26 116.39 113.89 107.77 103.74 99.1 98.95 99.49 97.39 97.88 105.16 107.61 99.4 112.01 104.86 119.85 127.06 114.64 105.91 124 124.54 135.28 114.57 142.69 133.94 127.19 127.76 128.98 118.76 97.25 109.26 108.67 126.6907 -9999 -9999 -9999 -9999 -9999 -9999 -9999 -9999 -9999 -9999 -9999 -9999 -9999 -9999 -9999 -9999 -9999 -9999 -9999 -9999 -9999 -9999 -9999
84.86 82.85 81.74 79.08 77.06 75.22 72.37 71.68 72.14 70.86 72.2 79.41 85.8 93.21 99.28 105.04 112.72 116.56 117.86 116.11 112.64 109.89 105.68 104.45 102.27 100.81 94.28 88.38 90.6 87.1 89.61 84.86 82.54 92.38 101.29 93.27 97.43 93.16 81.96 90.78 116.62 112.58 101.83 115.16 119.93 112.9 114.88 120.83 130.83 127.59 98.63 90.25 97.6 113.9 -9999 -9999 -9999 -9999 -9999 -9999 -9999 -9999 -9999 -9999 -9999 -9999 -9999 -9999 -9999 -9999 -9999 -9999 -9999 -9999 -9999 -9999 -9999
79.87 77.59 76.83 73.9 69.55 68.08 62.96 58.19 54.65 53.94 60.72 68.83 75.41 82.32 89.72 94.42 99.67 102.24 105.64 105.75 102.92 102.87 101.54 98.64 96.03 95.47 93.09 85.22 82.6 79.46 79.7 75.84 73.75 82.29 88.16 89.78 77.1 77 69.29 82.97 92.6 93.16 94.23 101.81 96.94 94.76 101.78 118.69 114.52 112.01 92.53 96.25 103.56 104.62 -9999 -9999 122.5873 121.6316 114.7528 94.61111 88.73529 -9999 -9999 -9999 -9999 -9999 -9999 -9999 -9999 -9999 -9999 96.14286 99.08823 97.67924 -9999 -9999 -9999
84.08 79.99 76.75 68.92 68.72 76.01 66.84 61.64 56.71 57.61 58.16 62.59 67.47 73.72 80.33 84.04 88.17 90.35 92.23 93 92.02 91.28 92.09 90.33 88.49 87.74 84.94 78.65 73.86 77.2 74.63 73.76 75.46 75.22 78.02 81.63 80.98 70.94 64.32 65.25 71.2 79.67 86.28 93.34 95.82 91.37 91.82 92.45 89.08 91.46 86.42 102.76 93.81 82.92 79.45 87.22 90.4 88.24 86.53 89.27 102.9452 -9999 124.975 126.99 117.73 110.6824 -9999 -9999 -9999 98.87234 97.15 94.78 94.16 94.13 94.65169 -9999 -9999
83.74 92.39 83.96 72.18 80.26 86.29 77.95 79.48 82.34 73.69 77.59 65.52 63.2 67.03 71.81 75.94 78.92 82.62 83.96 84.07 83.42 82.62 81.35 80.09 77.68 75.5 73.54 67.3 64.32 64.69 70.09 75.56 75.39 76.8 84.7 78.67 74.81 69.17 61.24 59.58 71.04 69 80.22 77.18 85.92 80.42 85.4 89.72 78.32 77.08 92.06 94.83 87.37 75.17 82.65 95.86 105.08 107.13 98.68 101.96 107.06 104.86 98.84 105.62 106.32 95.56 94.58 97.52 100.29 100.25 98.71 96.84 94.53 93.7 94.78651 96.02151 -9999
94.74 98.58 86.34 82.39 86.48 77.46 84.06 78.3 86.89 76.14 73.61 67.33 63.62 66.59 66.06 68.4 70.93 74.05 75.11 74.6 75.31 74.28 72.12 69.79 68.44 66.38 64.47 59.2 55.4 52.2 49.76 49.76 51.62 55.63 55.05 56.09 61.87 61.41 61.95 56.47 63.14 58.5 64.57 72.11 76.46 70.07 79.47 71.79 67.19 80.14 92.31 84.26 74.85 76.64 90.74 99.15 101.54 97.79 95.73 82.43 91.86 89.12 85.67 85.56 93.53 94.88 92.91 96.52 98.73 100.27 101.19 99.57 97.67 95.92632 -9999 -9999 -9999
84.6 79.73 82.71 91.57 88.04 84.18 89.31 93.07 87.19 80.96 80.76 74.67 70.78 70.71 63.78 64.38 66.08 66.95 68.07 69.51 69.13 66.64 64.65 62.17 60.19 57.77 55.42 51.61 48.92 46.42 45.72 44.83 44.22 45.9 46.61 47.17 49.7 50.11 51.96 50.44 56.75 56.89 65.68 66.83 69.6 63.47 71.71 60.84 63.04 66.71 77.65 79.15 72.69 78.53 85.46 88.55 80.65 85.54 96.43 74.52 77.6 78.76 83.13 82.2 95.36 100.15 96.23 100.38 103.14 105.2 105.73 104.13 101.08 98.49 96.07462 -9999 -9999
90.32 91.61 97.9 95.05 96.67 96.55 95.41 89.01 82.89 85.57 80.43 75.55 65.92 61.49 61.51 61.79 61.45 61.69 62.13 63.24 64.94 62.81 58.68 57.24 56.97 55.52 51.06 46.65 44.61 43.04 42.9 41.97 41.98 43.66 44.26 44.58 46.01 46.21 46.15 46.45 57.42 61.23 63.31 58.81 62.38 69.5 72.16 62.49 74.32 71.64 70.76 67.15 63.93 67.3 69.99 71.93 73.64 75.31 71.5 67.07 70.26 72.03 78.76 80.99 84.7 94.15 102.06 102.48 106.07 108.58 109.81 109.03 106.15 101.75 98.08163 -9999 -9999
72.83 77.99 86.92 83.89 90.42 84.16 83.84 79.89 84.24 85.26 79.79 73.43 65.45 62.89 62.01 62.57 58.95 59.21 57.72 56.84 56.65 55.37 54 53.44 52.95 53.57 47.69 42.1 41.72 43.04 42.44 40.94 40.55 41.82 42.64 42.74 44.29 43.99 44.1 44.81 48.04 51.7 56.27 56.77 56.34 62.68 59.53 58.75 66.96 59.61 59.02 60.55 62.82 66.17 70.22 68.65 67.2 67.32 67.75 66.61 69.62 71.38 76.71 79.93 84.65 92.17 100.2 105.09 109.07 112.74 114.34 112.64 109.82 104.9 99.51 96.08334 -9999
70.83 72.19 72.43 71.61 71.1 70.93 72.36 70.86 71.29 75.47 76.98 72.24 68.75 68.63 64.29 60.45 58.44 59.38 56.98 53.37 52.54 51.35 49.84 50.73 49.44 46.83 43.15 39.84 40.39 42.24 43.73 41.05 40.38 40.12 40.56 41.33 44.02 43.27 42.5 43.56 44.76 46.88 48.56 49.79 52.36 54.05 54.08 53.41 55.87 56.05 58.69 59.3 61.12 64.76 68.25 70.4 67.76 66.1 67.88 67.7 69.63 73.01 83.19 83.07 87.34 95.58 103.12 105.58 110.08 114.7 115.97 114.35 112.67 108.71 102.7671 -9999 -9999
66.17 68.31 68.92 69.78 70.21 70.79 68.34 67.62 68.63 70.23 70.86 69.6 69.4 69.39 83.24 76.64 59.8 56.48 54.04 51.79 50.45 48.59 46.36 44.55 42.99 42.15 39.68 37.75 39.64 40.98 44.04 43.05 40.8 40.11 40.03 40.69 41.44 42.04 42.06 43.09 42.61 42.94 44.24 46.9 47.12 47.87 47.96 50.9 53.69 56.06 58.12 60.7 62.68 65.41 67.08 70.39 72.43 70.03 68.21 68.84 71.62 76.22 82.75 87.12 94.08 106.97 108.57 107.1 112.22 115.4 116.64 115.68 113.2604 -9999 -9999 -9999 -9999
61.89 63.97 63.65 65.38 68.17 67.24 67.18 66 64.2 64.41 65.21 64.69 66.74 70.92 73.25 76.24 68.22 59.07 55.49 50.67 47.82 46.53 45.13 42.88 39.74 37.62 37.08 37.09 39.89 40.99 43.01 44.54 44.22 42.4 40.55 40.28 41.44 41.78 42 42.06 41.99 42.67 44.13 46.17 45.08 44.87 47.24 50.8 53.78 56.47 59.06 61.82 65.61 68.99 71.1 72.45 72.58 71.58 71.16 72.2 75.84 79.7 83.63 86.7 91.78 98.24 102.49 108.71 112.47 114.6633 115.7011 115.25 -9999 -9999 -9999 -9999 -9999
58.87 59.93 61.04 61.52 61.14 62.41 64.53 64.01 61.08 61 62.24 62.13 64.26 65 65.64 61.84 58.23 52.82 51.79 49.32 45.15 43.38 43.94 43.79 41.18 38.12 36.18 36.06 37.41 38.72 38.73 39.82 42.59 44.23 43.18 42.94 44.39 42.96 42.54 42.27 43.02 43.19 43.26 42.78 42.71 44.89 48.41 52.58 55.64 58.39 62.34 65.9 68.92 72.42 73.2 72.27 73.19 75.25 77.1 75.5 80.04 82.09 82.49 85.25 90.85 97.22 102.64 108.5354 113.3816 -9999 -9999 -9999 -9999 -9999 -9999 -9999 -9999
56.44 58.36 58.27 57.58 59.32 60.65 61.39 60.35 61.61 62.39 60.69 59.99 61.98 59.99 59.05 57.22 56.73 49.46 46.4 45.59 42.78 42.03 43.83 45.94 42.55 41.57 40.35 38.08 37.34 37.22 38.02 38.51 39.48 40.75 42.5 42.34 42.97 43.63 43.61 45.02 44.51 44.11 43.9 43.95 44.73 47.68 51.72 55.19 58.66 63.23 66.92 70.8 74.75 75.52 75.83 75.58 75.88 77.22 77.91 79.99 80.84 81.76 83.62 88.52 93.33 99.51064 -9999 -9999 -9999 -9999 -9999 -9999 -9999 -9999 -9999 -9999 -9999
57.89 58.44 57.74 58.2 58.33 57.91 57.36 58.81 61.12 60.74 56.38 56.38 56.21 55.63 53.21 50.38 51.14 52.16 45.56 44.69 42.79 42.49 44.22 44.12 43.93 45.22 43.68 41.29 39.1 37.73 37.89 38.56 39.42 41.55 42.39 43.1 43.77 44.16 45.49 46.11 46.93 45.65 46.12 47.28 49.71 53.78 57.73 60.87 64.27 67.82 69.81 72.11 75.09 76.72 80.33 80.44 79.64 80.8 82.27 84 85.58 86.31 89.41 94.29787 -9999 -9999 -9999 -9999 -9999 -9999 -9999 -9999 -9999 -9999 -9999 -9999 -9999
63.71 63.92 60.95 59.5 61.16 61.02 59.97 58.7 58.51 55.8 52.53 52.36 53 51.74 50.98 46.96 47.59 45.47 50.47 50.8 50.49 46.39 44.87 46.01 45.47 47.54 43.85 40.37 39.08 37.88 38.13 39.02 39.95 42.22 43.24 44.18 45 46.7 46.83 47.97 48.26 48.99 51.25 53.56 56.65 60.4 63.58 67.53 70.89 71.97 73.56 73.16 75.2 77.77 81.4 81.37 82.59 84.28 86.13 88.29 90.93 95.49 97.71277 -9999 -9999 -9999 -9999 -9999 -9999 -9999 -9999 -9999 -9999 -9999 -9999 -9999 -9999
66.34 64.29 62.47 61.43 60.87 60.98 60.69 60.44 57.53 53.18 50.78 48.91 48.13 46.85 47.42 47.01 46.47 46.24 49.59 52.99 52.85 51.21 48.17 48.61 48.58 48.04 45.66 42.06 40.44 39.2 38.98 39.71 41.66 42.74 43.74 44.79 45.71 47.71 48.79 50.37 51.41 53.27 54.72 55.45 58.39 62.81 69.5 72.89 76.32 80.08 76.87 74.94 77.09 78.93 81.23 83.73 85.79 87.81 90.9 93.14286 96.30864 101.5294 -9999 -9999 -9999 -9999 -9999 -9999 -9999 -9999 -9999 -9999 -9999 -9999 -9999 -9999 -9999
66.18 60.42 60.41 58.26 57.42 61.1 60.78 60.21 56.87 53.81 51.52 51.75 52.29 50.97 49.36 48.36 51.13 50.87 49.68 52.24 53.03 52.81 53.07 52.38 50.48 48.29 46.21 45.21 42.88 40.73 39.68 41.52 42.64 43.94 45.2 46.35 48.62 49.96 51.56 52.54 53.83 56.3 58.53 58.76 62.34 67.34 69.77 72.27 76.16 77.01 77.35 78 78.82 80.58 83.88776 85.8481 88.21212 -9999 -9999 -9999 -9999 -9999 -9999 -9999 -9999 -9999 -9999 -9999 -9999 -9999 -9999 -9999 -9999 -9999 -9999 -9999 -9999
63.43 60.7 59.09 56.4 56.34 59.52 60.01 59.5 60.37 60.45 60.74 59.61 56.4 54.05 53.42 52.72 54.14 55.06 54.12 50.86 52.75 52.84 54.79 54.78 52.19 50.16 48.24 48.46 49.81 45 41.84 42.99 44.05 45.41 46.8 49.63 50.84 52.54 54.32 55.82 58.98 61.32 63.96 65.01 67.87 71.68 74.29 77.14 80.02 82.39 82.55 80.41975 -9999 -9999 -9999 -9999 -9999 -9999 -9999 -9999 -9999 -9999 -9999 -9999 -9999 -9999 -9999 -9999 -9999 -9999 -9999 -9999 -9999 -9999 -9999 -9999 -9999
56.61 55.56 55.6 55.39 57.28 58.38 59.68 60.02 59.59 61.63 62.74 60.73 57.09 58.57 57.14 56 54.99 55.23 56.1 56.49 51.96 55.31 56.37 60.08 56.9 52.37 50.19 49.06 48.45 46.63 45.1 45.98 45.77 47.05 48.49 51.26 53.31 55.49 57.29 60.28 62.63 64.93 67.75 70.85 73.78 76.96 78.77 82.08 86.14085 -9999 -9999 -9999 -9999 -9999 -9999 -9999 -9999 -9999 -9999 -9999 -9999 -9999 -9999 -9999 -9999 -9999 -9999 -9999 -9999 -9999 -9999 -9999 -9999 -9999 -9999 -9999 -9999
54.31 52.21 53.15 54.47 56.93 58.99 58.91 58.54 58.67 58.35 59.45 60.16 59.62 57.83 56.36 55.73 55.71 55.73 54.32 54.79 55.12 52.82 56.33 59.91 60.55 56.79 53.89 51.07 47.36 47.45 48.29 49.02 47.87 48.78 51.14 53.2 55.81 57.85 59.83 63.25 65.6 69.12 72.69 75.42 78.76 82.61 84.7 86.26 -9999 -9999 -9999 -9999 -9999 -9999 -9999 -9999 -9999 -9999 -9999 -9999 -9999 -9999 -9999 -9999 -9999 -9999 -9999 -9999 -9999 -9999 -9999 -9999 -9999 -9999 -9999 -9999 -9999
