layers/wordclim/future/Iberia_wcB2a_10_hadcm3_2020/bio_04.asc
ncols         166
nrows         93
xllcorner     -9.4959440078468
yllcorner     36.000324005443
cellsize      0.083333337679505
NODATA_value  -9999
[rows 31 to 61 of 93, columns 70 to 139 of 166]
6769.33 6718.92 6758.59 6853 6831.14 6905.55 6913.25 6951.37 6974.16 7006.11 7022.85 7026.02 7001.58 7003.46 6985.66 6986.42 6978.7 6963.55 6957.66 6960.14 6934.69 6931.12 6924.72 6895.42 6874.05 6858.68 6846.46 6810.1 6785.48 6772.08 6764.23 6768.32 6769.02 6779.49 6765.34 6736.85 6752.07 6733.97 6705.33 6690.12 6660.12 6644.45 6634.46 6614.87 6612.19 6613.95 6598.93 6611.85 6608.22 6588.93 6533.56 6446.97 6387.99 6381.62 6357.8 6178.03 6017.53 5874.74 5763.704 -9999 -9999 -9999 -9999 -9999 -9999 -9999 -9999 -9999 -9999 -9999
6919.72 6930.8 6840.65 6911.83 6982.23 6980.79 6980.71 7043.93 7054.98 7057.68 7054.13 7040.78 7032.02 7016.22 7011.22 7027.19 6994.73 6977.78 6967.37 6976.84 6942.98 6921.82 6918.03 6907.83 6887.64 6844.18 6825.55 6812.93 6776.43 6773.78 6760.72 6759.49 6757.28 6764.57 6757.01 6742.25 6742.12 6714.12 6686.56 6665.55 6645.92 6612.9 6600.33 6585.94 6571.01 6560.16 6542.38 6533.4 6519.37 6492.26 6413.35 6305.65 6334.78 6337.58 6218.95 6019.986 -9999 -9999 -9999 -9999 -9999 -9999 -9999 -9999 -9999 -9999 -9999 -9999 -9999 -9999
7005.46 7022.67 6986.57 6995 7068.76 7070.79 7084.01 7097.59 7116.85 7102.67 7088.65 7074.08 7056.81 7058.18 7042.93 7052.78 7035.63 7014.58 6988.76 6971 6959.67 6966.7 6949.5 6926.86 6905.52 6862.45 6835.84 6806.69 6781.7 6784.11 6779.66 6766.08 6753.15 6766.67 6760.61 6759.69 6722.53 6709.08 6676.05 6655.9 6617.63 6581.7 6565.39 6560.55 6538.12 6509.36 6504.82 6485.45 6461.31 6333.99 6318.95 6285.33 6225.88 6180.78 6109.66 -9999 -9999 -9999 -9999 -9999 -9999 -9999 -9999 -9999 -9999 -9999 -9999 -9999 -9999 -9999
7015.11 7081.01 7114.31 7121.54 7133.67 7138.86 7150.75 7149.81 7130.23 7101.44 7093.25 7109.35 7107.65 7088.41 7066.06 7057.23 7067.76 7045.34 7025.11 7009.54 7014.28 6986.89 6973.11 6946.2 6918.61 6889.58 6864.02 6819.18 6778.52 6803.64 6807.22 6790.68 6776.95 6759.98 6748.66 6737.07 6718.55 6689.22 6672.23 6652.45 6610.83 6560.11 6548.18 6549.27 6510.21 6476.71 6476.3 6460.99 6401.57 6222.76 6187.38 6247.34 6102.667 -9999 -9999 -9999 -9999 -9999 -9999 -9999 -9999 -9999 -9999 -9999 -9999 -9999 -9999 -9999 -9999 -9999
7134.59 7164.43 7165.34 7161.21 7163.7 7191.37 7201.1 7182.99 7146.02 7140.46 7139.14 7164.4 7146.93 7111.96 7106.65 7099.49 7085.16 7083.57 7059.57 7044.29 7030.62 7006.65 6985.78 6956.3 6937.71 6912.41 6876.21 6848.67 6829.19 6844.41 6828.22 6811.72 6798.36 6773.93 6761.97 6737.2 6707.17 6695.23 6670.87 6644.63 6589.78 6556.83 6523.62 6512.74 6489.42 6487.78 6469.31 6446.27 6309.9 6124.89 6082.44 6053.51 5957.239 -9999 -9999 -9999 -9999 -9999 -9999 -9999 -9999 -9999 -9999 -9999 -9999 -9999 -9999 -9999 -9999 -9999
7182.07 7214.7 7217.82 7210.92 7200.87 7234.97 7225.81 7172.18 7172.51 7176.74 7167.32 7189.82 7185.82 7167.34 7141.02 7131.77 7099.6 7074.18 7047.01 7057.78 7044.88 7018.16 7006.41 6981.55 6956.68 6939.82 6919.92 6894.45 6890.34 6871.83 6863.31 6847.47 6816.14 6794.74 6769.57 6743.99 6711.72 6695.54 6675.65 6637.08 6583.04 6537.49 6527.16 6517.25 6502.69 6488.65 6425.75 6364.99 6195.66 6070.66 5994.75 5932.619 5897.57 5857.046 5822.043 -9999 -9999 -9999 -9999 -9999 -9999 -9999 -9999 -9999 -9999 -9999 -9999 -9999 -9999 -9999
7252.11 7268.7 7246.21 7244.45 7241.21 7252.92 7237.2 7224.5 7226.61 7198.26 7188.89 7209.97 7190.64 7176.18 7157.22 7141.41 7116.21 7111.62 7079.82 7068.7 7056.3 7035.7 7016.47 6991.93 6984.27 6963.26 6949.73 6932.95 6932.04 6908.66 6896.54 6881.41 6848.77 6812.39 6793.05 6759.8 6734.63 6714.5 6680.75 6635.95 6589.05 6536.38 6521.24 6510.42 6471.89 6406.73 6312.41 6186.9 6098.16 6047.36 6039.798 -9999 -9999 -9999 -9999 -9999 -9999 -9999 -9999 -9999 -9999 -9999 -9999 -9999 -9999 -9999 -9999 -9999 -9999 -9999
7291.56 7319.05 7277.19 7273.87 7281.55 7263.71 7260.34 7268.53 7235.69 7213.64 7221.72 7235.82 7213.04 7199.76 7192.67 7180.98 7167.48 7140.42 7125.57 7106.95 7067.24 7054.6 7038.26 7005.12 7000.48 6985.93 6977.4 6969.28 6968.89 6944.96 6921.36 6913.72 6870.17 6830.93 6803.61 6768.27 6742.91 6715.08 6681.59 6639.98 6587.69 6540.96 6508.02 6482.2 6411.44 6321.23 6190.96 6104.97 6016.88 5961.35 -9999 -9999 -9999 -9999 -9999 -9999 -9999 -9999 -9999 -9999 -9999 -9999 -9999 -9999 -9999 -9999 -9999 -9999 -9999 -9999
7308.59 7392.96 7329.48 7306.67 7298.65 7283.7 7282.27 7284.53 7261.58 7262.24 7265.13 7261.72 7243.73 7232.9 7209.53 7201.43 7193.27 7162.13 7141.23 7112.1 7092.98 7065.04 7048.64 7023.76 7012.92 7005.51 7002.18 7004.55 7008.8 6988.7 6956.73 6951.64 6882.6 6841.35 6810.08 6778.89 6744.37 6716 6691.46 6658.22 6599.7 6543.95 6512.72 6460.48 6328.78 6208.13 6129.11 6051.83 5953.99 5909.22 -9999 -9999 -9999 -9999 -9999 -9999 -9999 -9999 -9999 -9999 -9999 -9999 -9999 -9999 -9999 -9999 -9999 -9999 -9999 -9999
7352.72 7389.07 7380.13 7331.79 7312.38 7312.83 7316.17 7305.56 7304.85 7302.03 7285.78 7275.22 7249.06 7232.96 7237.23 7219.56 7201.34 7183.33 7172.6 7136.64 7113 7088.51 7064.5 7047.87 7041.27 7043.26 7032.86 7021.71 7029.58 7035.2 7035.74 6962.91 6892.97 6848.54 6816.64 6785.3 6754.95 6730.59 6692.19 6640.13 6565.93 6470.21 6426.64 6330.26 6233.41 6106.88 6099.41 6003.05 5923.759 -9999 -9999 -9999 -9999 -9999 -9999 -9999 -9999 -9999 -9999 -9999 -9999 -9999 -9999 -9999 -9999 -9999 -9999 -9999 -9999 -9999
7405.49 7419.72 7396.39 7352.33 7348.14 7349.44 7331.81 7321.22 7329.6 7318.2 7294.76 7293.53 7271.65 7256.93 7249.92 7236.49 7221.48 7197.12 7181.63 7153.15 7129.52 7111.31 7099.95 7068.11 7057.06 7045.07 7036.63 7036.21 7020.93 7021.52 7023.32 6968.39 6904.83 6865.55 6839.14 6790.7 6753.05 6716.38 6687.75 6632.63 6561.32 6405.14 6311.94 6267.02 6189.72 6018.35 5968.29 5982.244 -9999 -9999 -9999 -9999 -9999 -9999 -9999 -9999 -9999 -9999 -9999 -9999 -9999 -9999 -9999 -9999 -9999 -9999 -9999 -9999 -9999 -9999
7424.48 7426.1 7406.13 7379.19 7376.78 7371.12 7364.67 7349.47 7338.99 7331.45 7305.4 7311.26 7287.08 7277.83 7270.4 7254.55 7235.58 7208.88 7195.9 7166.06 7144.73 7134.95 7104.74 7091.21 7068.19 7058.42 7037.28 7048.35 7029.89 7030.58 7012.21 6949.7 6920.14 6860.88 6808.36 6774.85 6727.97 6690.63 6623.05 6570.71 6499.36 6281.48 6121.27 6100.63 6052.67 5981.09 5884.171 -9999 -9999 -9999 -9999 -9999 -9999 -9999 -9999 -9999 -9999 -9999 -9999 -9999 -9999 -9999 -9999 -9999 -9999 -9999 -9999 -9999 -9999 -9999
7448.54 7445.64 7419.78 7397.94 7397.47 7404.03 7379.13 7364.12 7353.98 7331.88 7327.62 7327.08 7313.01 7293.54 7281.66 7259.54 7233.2 7217.25 7202.3 7193.36 7168.3 7144.79 7129.26 7113.96 7100.57 7078.68 7066.63 7058.87 7027.43 7013.8 6981.44 6930.59 6895.77 6859.65 6792.27 6719.27 6641.81 6559.08 6537.86 6441.01 6335.37 6182.96 6035.15 6020.54 6002.85 5893.489 -9999 -9999 -9999 -9999 -9999 -9999 -9999 -9999 -9999 -9999 -9999 -9999 -9999 -9999 -9999 -9999 -9999 -9999 -9999 -9999 -9999 -9999 -9999 -9999
7473.97 7456.77 7445.66 7421.17 7422.9 7408.83 7392.38 7380.72 7368.83 7356.93 7355.67 7346.74 7322.02 7297.96 7283.87 7268.72 7246.68 7227.19 7219.08 7200.09 7184.11 7161.69 7138.33 7124.35 7098.24 7083.78 7072.32 7048.4 6993.64 7003.16 6972.94 6924.59 6889.89 6846.63 6793.51 6716.86 6651.82 6496.39 6391.38 6245.78 6109.4 5965.87 5939.04 5936.78 5901.821 -9999 -9999 -9999 -9999 -9999 -9999 -9999 -9999 -9999 -9999 -9999 -9999 -9999 -9999 -9999 -9999 -9999 -9999 -9999 -9999 -9999 -9999 -9999 -9999 -9999
7479.88 7464.07 7442.37 7433.84 7431.1 7405.53 7400.13 7385.4 7372.92 7377.91 7354.85 7349.46 7323.6 7315.27 7292.01 7268.68 7261.22 7239.28 7219.45 7204.82 7188.83 7145.63 7133.76 7108.1 7093.66 7070.12 7059.84 7043.44 6991.6 6950.9 6952.37 6916.85 6885.71 6861.91 6796.46 6685.87 6545.95 6431.8 6408.02 6268.8 6038.47 5858.38 5775.7 5769.237 -9999 -9999 -9999 -9999 -9999 -9999 -9999 -9999 -9999 -9999 -9999 -9999 -9999 -9999 -9999 -9999 -9999 -9999 -9999 -9999 -9999 -9999 -9999 -9999 -9999 -9999
7493.53 7473.13 7463 7450.88 7445.29 7435.6 7414.27 7393.85 7389.87 7380.54 7375.94 7349.64 7334.79 7315.78 7303.48 7275.79 7263.76 7244.39 7224.01 7206.65 7180.2 7152.15 7129.88 7094.12 7096.03 7079.71 7051.01 7017.05 6990.14 6935.56 6874.79 6860.44 6831.29 6811.38 6764.97 6643 6481.13 6271.98 6174.41 6229.11 6107.27 5848.42 5713.071 -9999 -9999 -9999 -9999 -9999 -9999 -9999 -9999 -9999 -9999 -9999 -9999 -9999 -9999 -9999 -9999 -9999 -9999 -9999 -9999 -9999 -9999 -9999 -9999 -9999 -9999 -9999
7511 7495.12 7475.53 7469.08 7456.8 7436.72 7413.95 7408.11 7403.82 7392.23 7376.92 7354.39 7342.3 7327.45 7307.53 7275.68 7247.99 7231.94 7222.58 7204.86 7178.78 7149.35 7122.29 7097.97 7081.8 7059.97 7019.06 7001.03 6962.03 6896.29 6781.75 6741.43 6724.98 6694.84 6588.08 6538.43 6442.81 6341 6107.93 5949.99 5897.98 5726.23 -9999 -9999 -9999 -9999 -9999 -9999 -9999 -9999 -9999 -9999 -9999 -9999 -9999 -9999 -9999 -9999 -9999 -9999 -9999 -9999 -9999 -9999 -9999 -9999 -9999 -9999 -9999 -9999
7533.67 7513.43 7502.19 7474.78 7464.28 7445.55 7439.48 7418.75 7405.71 7403.19 7388.41 7374.03 7353.59 7331.73 7312.17 7275.85 7254.06 7232 7207.8 7190.51 7161.55 7147.9 7112.98 7079.91 7041.39 7011.47 6993.98 6993.02 6930.75 6873.9 6798.58 6670.67 6521.88 6459.87 6355.39 6217.57 6117.92 6103.56 6162.25 5934.74 5763.13 5668.46 -9999 -9999 -9999 -9999 -9999 -9999 -9999 -9999 -9999 -9999 -9999 -9999 -9999 -9999 -9999 -9999 -9999 -9999 -9999 -9999 -9999 -9999 -9999 -9999 -9999 -9999 -9999 -9999
7531.86 7523.49 7515.24 7491.58 7461.43 7453.98 7440.57 7415.34 7418 7404.4 7392.19 7382.8 7361.15 7332.26 7309.68 7276.8 7258.41 7226.49 7203.19 7177.86 7157.26 7133.27 7107.21 7080.01 7036.35 6979.8 6982.65 6954.83 6885.1 6849.04 6849.84 6785.07 6592.68 6366.23 6226.3 6078.87 5976.69 5896.33 5836.36 5781.31 5679.33 -9999 -9999 -9999 -9999 -9999 -9999 -9999 -9999 -9999 -9999 -9999 -9999 -9999 -9999 -9999 -9999 -9999 -9999 -9999 -9999 -9999 -9999 -9999 -9999 -9999 -9999 -9999 -9999 -9999
7536.34 7534.13 7510.23 7498.3 7487 7467.99 7445.85 7427.89 7418.77 7398.51 7401.06 7381.75 7349.58 7325.84 7296.72 7266.65 7246.86 7232.8 7204.16 7158.89 7142.95 7112.35 7088.33 7059.74 7025.41 6952.74 6937.36 6910.45 6849.67 6776.71 6743.64 6693.67 6643.96 6589.84 6322.97 6079.84 5945.69 5843.71 5749.24 5654.09 -9999 -9999 -9999 -9999 -9999 -9999 -9999 -9999 -9999 -9999 -9999 -9999 -9999 -9999 -9999 -9999 -9999 -9999 -9999 -9999 -9999 -9999 -9999 -9999 -9999 -9999 -9999 -9999 -9999 -9999
7531.13 7530.47 7517.35 7500.96 7493.42 7466.12 7460.59 7434.96 7413.53 7401.07 7399.29 7371.24 7329.49 7320.84 7294.89 7262.05 7254.06 7240.59 7185.42 7148.33 7130.49 7104.36 7063.42 7030.86 6978.98 6899.29 6872.43 6839.13 6763.74 6691.69 6670.06 6658.45 6607.23 6545.51 6353.87 6114.5 5952.43 5817.49 5714.53 5633.56 -9999 -9999 -9999 -9999 -9999 -9999 -9999 -9999 -9999 -9999 -9999 -9999 -9999 -9999 -9999 -9999 -9999 -9999 -9999 -9999 -9999 -9999 -9999 -9999 -9999 -9999 -9999 -9999 -9999 -9999
7532.43 7530.53 7526.26 7513.45 7491.49 7469.95 7452.66 7426.91 7403.44 7399.98 7391.44 7374.43 7337.13 7319.04 7285.24 7265.41 7241.27 7207.68 7165.77 7138.68 7114.43 7080.98 7043.55 7010.13 6961.77 6899.33 6790.42 6730.05 6689.35 6663.15 6651.39 6606.06 6531.42 6432.19 6226.38 6082.22 5970.19 5868.12 5732.64 5660.3 -9999 -9999 -9999 -9999 -9999 -9999 -9999 -9999 -9999 -9999 -9999 -9999 -9999 -9999 -9999 -9999 -9999 -9999 -9999 -9999 -9999 -9999 -9999 -9999 -9999 -9999 -9999 -9999 -9999 -9999
7527.29 7525 7517.46 7495.01 7484.15 7467.8 7448.14 7418.05 7397.48 7379.03 7375.24 7342.32 7326.31 7313.9 7286.19 7268.58 7235.59 7205.24 7169.43 7126.95 7101.03 7065.77 7026.99 6979.4 6933.08 6892.02 6853.87 6798.28 6717.05 6638.5 6581.36 6558.08 6510.27 6366.07 6308.27 6226.65 5975.51 5885.03 5766.35 5690.73 5674.222 -9999 -9999 -9999 -9999 -9999 -9999 -9999 -9999 -9999 -9999 -9999 -9999 -9999 -9999 -9999 -9999 -9999 -9999 -9999 -9999 -9999 -9999 -9999 -9999 -9999 -9999 -9999 -9999 -9999
7520.37 7505.56 7508.13 7508.33 7489.61 7469.33 7448.12 7434.71 7415.71 7395.77 7374.35 7346.86 7335.87 7328.56 7298.34 7264.16 7228.28 7193.32 7157.43 7117.75 7088.59 7048.32 7001.12 6952.52 6920.29 6877.31 6830.98 6803.8 6761.27 6729.94 6621.95 6481.45 6549.26 6506.09 6298.8 6150.47 6034.77 5837.85 5771.39 5729.02 5703.677 -9999 -9999 -9999 -9999 -9999 -9999 -9999 -9999 -9999 -9999 -9999 -9999 -9999 -9999 -9999 -9999 -9999 -9999 -9999 -9999 -9999 -9999 -9999 -9999 -9999 -9999 -9999 -9999 -9999
7499.63 7515.59 7514.15 7495.54 7474.68 7467.51 7448.35 7435.18 7416.08 7417.51 7380.66 7362.68 7363.35 7340.52 7318.33 7276.39 7232.33 7196.2 7156.46 7118.22 7070.95 7042.25 7004.66 6955.72 6912.39 6882.55 6857.67 6857.43 6841.96 6770.29 6677.84 6510.35 6594.68 6488.79 6246.36 6103.4 5981.18 5854.41 5805.32 5838.78 5776.61 -9999 -9999 -9999 -9999 -9999 -9999 -9999 -9999 -9999 -9999 -9999 -9999 -9999 -9999 -9999 -9999 -9999 -9999 -9999 -9999 -9999 -9999 -9999 -9999 -9999 -9999 -9999 -9999 -9999
7498.4 7509.24 7500.35 7499.06 7478.39 7470.75 7460.58 7448.66 7439.51 7427.42 7406.98 7374.71 7372.15 7349.14 7329.87 7291.47 7241.06 7188.97 7135.5 7094.82 7059.19 7024.22 6989.17 6961.36 6955.02 6932.86 6914.99 6900.21 6879.54 6786.8 6694.46 6560.53 6598.31 6494.05 6318.67 6141.71 5988.93 5892.42 5851.25 5924.91 5894.74 5759.173 -9999 -9999 -9999 -9999 -9999 -9999 -9999 -9999 -9999 -9999 -9999 -9999 -9999 -9999 -9999 -9999 -9999 -9999 -9999 -9999 -9999 -9999 -9999 -9999 -9999 -9999 -9999 -9999
7520.65 7515.05 7506.01 7499.39 7489.7 7494.6 7486.05 7479.12 7465.58 7421.85 7405.73 7385.91 7379.7 7360.85 7334.01 7302.19 7252.19 7198.44 7138.33 7093.61 7048.44 7016.08 6995.36 7002.52 6988.63 6948.48 6935.26 6891.02 6811.06 6743.49 6666.06 6625.44 6634.77 6503.16 6348.88 6188.44 6055.91 5978.34 5933.77 5970.54 5970.83 5796.15 5749.893 -9999 -9999 -9999 -9999 -9999 -9999 -9999 -9999 -9999 -9999 -9999 -9999 -9999 -9999 -9999 -9999 -9999 -9999 -9999 -9999 -9999 -9999 -9999 -9999 -9999 -9999 -9999
7528.69 7549.02 7517.2 7507.44 7491.17 7495.68 7484.62 7475.46 7466.98 7442.57 7416.98 7399.61 7374.35 7348.56 7326.42 7299.38 7255.79 7208.89 7148.67 7103.68 7050.37 7031.07 7001.61 6983.24 6964.09 6938.28 6904.98 6851.47 6796.82 6735.86 6652.61 6592.06 6584.54 6483.96 6322.24 6264.47 6179.47 6025.22 5972.87 6003.58 6004.94 5916.22 5811.14 5779.313 -9999 -9999 -9999 -9999 -9999 -9999 -9999 -9999 -9999 -9999 -9999 -9999 -9999 -9999 -9999 -9999 -9999 -9999 -9999 -9999 -9999 -9999 -9999 -9999 -9999 -9999
7534.48 7526.56 7518.45 7501.55 7515.87 7496.61 7487.03 7471.6 7471.48 7452.97 7426.15 7401.47 7377.95 7351.43 7328.43 7288.58 7258.85 7237.35 7197.66 7146.06 7076.33 7054.75 7027.99 7001.58 6966.51 6933.63 6884.49 6822.27 6763.59 6734.5 6707.4 6631.5 6523.05 6409.6 6392.59 6331.22 6235.91 6248.9 6181.87 6052.22 6124.73 6077.76 5960.17 5839.21 5806.7 5795.454 -9999 -9999 -9999 -9999 -9999 -9999 -9999 -9999 -9999 -9999 -9999 -9999 -9999 -9999 -9999 -9999 -9999 -9999 -9999 -9999 -9999 -9999 -9999 -9999
7560.52 7546.92 7510.55 7504.88 7505.35 7502.81 7488.18 7475.75 7464.16 7449.72 7423.76 7383.28 7361.78 7329.18 7320.61 7304.41 7295.41 7271.01 7240.2 7187.69 7113.27 7052.34 7023.61 6991.43 6947.39 6897.18 6851.01 6826.21 6755.71 6694.27 6640.26 6586.29 6454.75 6435.19 6421.81 6392.42 6411.03 6351.56 6213.59 6144.21 6221 6116.89 6043.51 5923.65 5821.81 5766.59 -9999 -9999 -9999 -9999 -9999 -9999 -9999 -9999 -9999 -9999 -9999 -9999 -9999 -9999 -9999 -9999 -9999 -9999 -9999 -9999 -9999 -9999 -9999 -9999
7563.16 7556.36 7538.31 7527.4 7525.49 7524.16 7499.29 7462.09 7444.97 7457.5 7404.89 7376.61 7320.1 7327.31 7331.91 7327.71 7288.44 7263.74 7221.28 7160.93 7101.31 7034.6 6975.67 6930.52 6890.77 6843.62 6806.62 6789.56 6760.69 6689.68 6590.53 6530.5 6453.08 6385.78 6400.61 6430.53 6354.84 6391.18 6321.84 6257.82 6181.72 6125.1 5851.99 5822.71 -9999 -9999 -9999 -9999 -9999 -9999 -9999 -9999 -9999 -9999 -9999 -9999 -9999 -9999 -9999 -9999 -9999 -9999 -9999 -9999 -9999 -9999 -9999 -9999 -9999 -9999
