layers/wordclim/future/Iberia_wcB2a_10_hadcm3_2020/bio_05.asc
ncols         166
nrows         93
xllcorner     -9.4959440078468
yllcorner     36.000324005443
cellsize      0.083333337679505
NODATA_value  -9999
[rows 33 to 65 of 93, columns 73 to 145 of 166]
308.58 316.08 316.3 317.31 319.06 322.78 321.24 319.43 316.59 313.45 312.47 311.71 310.52 308.52 304.04 299.45 296.66 295.66 295.92 295.04 292.24 288.94 288.26 284.48 281 282.22 277.21 271.56 270.85 276.26 282.69 290.76 302.01 303.14 302.71 299.99 306.61 313.61 320.36 319.73 312.36 313.7 318.31 315.94 319.64 316.65 331.57 328.79 324.88 325 320.57 321.12 -9999 -9999 -9999 -9999 -9999 -9999 -9999 -9999 -9999 -9999 -9999 -9999 -9999 -9999 -9999 -9999 -9999 -9999 -9999 -9999 -9999
321.81 319.94 321.28 323.91 323.69 320.94 317.38 316.06 318.04 316.96 315.04 312.29 309.99 313.91 308.11 305.33 298.72 301.33 297.33 292.89 290.54 287.68 286.65 283.59 282.16 280.69 277.7 276.29 273.17 278.56 279.73 284.56 290.56 293.55 290.71 296.06 299.72 306.41 313.84 305.73 301.43 307 311.33 309.44 303.99 308.2 332.66 331.36 316.67 327.9293 -9999 -9999 -9999 -9999 -9999 -9999 -9999 -9999 -9999 -9999 -9999 -9999 -9999 -9999 -9999 -9999 -9999 -9999 -9999 -9999 -9999 -9999 -9999
322.81 322.88 324.99 327.26 325.35 319.91 318.84 319.28 322.62 321.97 315.95 314.62 316.02 313.17 310.23 308.33 304.65 301 297.6 295.47 289.38 285.56 285.11 286.16 285.09 279.96 273.49 272.17 272.9 273.72 274.19 277.67 276.33 275.98 280.36 284.97 290.86 304.91 303.23 304.1 297.16 301.58 296.26 291.63 282.95 310.05 334.74 333.78 330.14 332.4648 -9999 -9999 -9999 -9999 -9999 -9999 -9999 -9999 -9999 -9999 -9999 -9999 -9999 -9999 -9999 -9999 -9999 -9999 -9999 -9999 -9999 -9999 -9999
328.8 326.79 328.84 328.05 321.75 322.04 321.83 319.19 325.99 328.97 327.54 323.99 317.2 307.13 302.83 299.2 300.56 297.5 293.23 291.28 286.44 284.78 281.6 285.38 286.97 281.22 273.7 275.19 274.74 272.76 271.29 271.31 275.24 275 279.26 283.68 293.24 295.01 296.39 292.02 286.01 286.16 279.97 291.4 299.1 321.34 330.32 332.45 334.0412 331.914 329.7209 327.7391 -9999 -9999 -9999 -9999 -9999 -9999 -9999 -9999 -9999 -9999 -9999 -9999 -9999 -9999 -9999 -9999 -9999 -9999 -9999 -9999 -9999
335.36 332.31 333.26 327.41 325.85 326.75 322.55 321.24 328.65 326.55 322.38 317.72 316.08 311.75 305.8 300.67 297.66 295.58 292.17 286.96 279.97 282.99 280.5 282.56 286.76 287.86 278.3 278.31 280.2 277.65 272.19 272.51 271.13 270 272.37 271.26 282.03 288.21 293.22 289.99 284.87 287.92 294.06 306.18 318.52 325 326.1 322.2128 -9999 -9999 -9999 -9999 -9999 -9999 -9999 -9999 -9999 -9999 -9999 -9999 -9999 -9999 -9999 -9999 -9999 -9999 -9999 -9999 -9999 -9999 -9999 -9999 -9999
342.55 340.64 331.99 328.86 331.87 327.94 325.2 327.54 332.92 327.08 327.1 325.5 326.4 323.16 316.83 308.54 301.33 288.91 287.91 282.69 277.2 279.74 281.13 282.25 287.36 291.94 286.13 280.47 284.79 278.56 266.72 272.34 269.79 266.1 264.3 261.01 274.34 280.27 286.55 286.7 283.78 292.55 302.05 315.34 321.18 326.02 327.69 -9999 -9999 -9999 -9999 -9999 -9999 -9999 -9999 -9999 -9999 -9999 -9999 -9999 -9999 -9999 -9999 -9999 -9999 -9999 -9999 -9999 -9999 -9999 -9999 -9999 -9999
346.95 337.34 332.78 333.85 332.84 329.4 330.78 335.15 336.3 334.53 336.51 334.45 332.59 325.22 320.13 310.66 301.97 294.25 286.91 284.48 278.84 278.2 282.1 285.67 288.44 292.65 290.33 285.5 287.99 274.52 270.45 268.92 263.32 255.44 256.99 261.45 265.03 275.66 279.7 282.62 286.87 301.31 310.15 314.98 320.75 327.27 329.52 -9999 -9999 -9999 -9999 -9999 -9999 -9999 -9999 -9999 -9999 -9999 -9999 -9999 -9999 -9999 -9999 -9999 -9999 -9999 -9999 -9999 -9999 -9999 -9999 -9999 -9999
344.53 337.93 337.46 339.58 336.25 337.12 341.35 338.84 340.29 333.51 331.41 336.17 331.58 330.05 325.84 320.5 305.46 298.9 290.59 284.6 281.36 284.28 288.51 287.59 287.16 293.14 296.13 297.32 289.28 277.75 275.28 271.58 265.12 254.66 255.48 262.31 269.71 279.45 291.04 292.68 299.41 306.43 314.59 312.61 318.94 324.1446 -9999 -9999 -9999 -9999 -9999 -9999 -9999 -9999 -9999 -9999 -9999 -9999 -9999 -9999 -9999 -9999 -9999 -9999 -9999 -9999 -9999 -9999 -9999 -9999 -9999 -9999 -9999
344.68 342.73 344.3 341.24 341.34 345.18 341.52 337.21 341.21 339.26 335.24 334.31 331.38 329.55 325.76 321.18 308.29 298.32 294.22 294.82 282.53 284.1 284.63 285.05 288.2 290.61 294.81 300.74 290.53 281.71 287.03 285.33 275.42 266.32 270.23 268.79 273.94 281.02 295.11 300.98 301.65 304.35 317.25 319.45 317.9634 -9999 -9999 -9999 -9999 -9999 -9999 -9999 -9999 -9999 -9999 -9999 -9999 -9999 -9999 -9999 -9999 -9999 -9999 -9999 -9999 -9999 -9999 -9999 -9999 -9999 -9999 -9999 -9999
350.48 348.1 346.67 347.16 349.55 347.68 338.93 337.93 340.81 335.34 336.69 336.35 335.57 331.38 324.03 328.97 312.34 307.98 303.42 293.27 290.64 288.04 291.52 283.2 293.96 295.01 301.8 297.03 285.03 285.18 293.11 294.99 290.4 285.02 280.95 285.79 284.28 287.2 303.68 310.86 309.62 312.86 316.61 324.4474 -9999 -9999 -9999 -9999 -9999 -9999 -9999 -9999 -9999 -9999 -9999 -9999 -9999 -9999 -9999 -9999 -9999 -9999 -9999 -9999 -9999 -9999 -9999 -9999 -9999 -9999 -9999 -9999 -9999
348.88 349.33 352.85 354.77 351.81 347.17 340.62 339.03 339.83 336.92 335.74 335.77 332.23 331.57 331.88 330.02 316.2 308.54 303.37 303.09 300.22 300.45 297 292.41 298.12 308.6 304.01 290.89 273.11 274.59 286.92 295.15 296.18 297.39 297.91 294.44 296.9 299.54 306.58 313.02 311.75 312.11 319.4659 -9999 -9999 -9999 -9999 -9999 -9999 -9999 -9999 -9999 -9999 -9999 -9999 -9999 -9999 -9999 -9999 -9999 -9999 -9999 -9999 -9999 -9999 -9999 -9999 -9999 -9999 -9999 -9999 -9999 -9999
357.47 357.3 355.95 351.72 349.47 347.17 343.62 341.63 341.03 338.45 335.6 335.64 331.18 334.38 338.27 333.97 324.78 315.22 316.55 313.51 306.79 308.22 303.53 295.98 300.9 309.34 300 286.37 274.11 277.56 286.89 290.29 294.77 293.92 301.26 302.46 306.5 310.17 314.49 315.2 314.97 317.3582 -9999 -9999 -9999 -9999 -9999 -9999 -9999 -9999 -9999 -9999 -9999 -9999 -9999 -9999 -9999 -9999 -9999 -9999 -9999 -9999 -9999 -9999 -9999 -9999 -9999 -9999 -9999 -9999 -9999 -9999 -9999
352.98 352.75 350.59 349.05 348.48 347.49 344.96 342.66 344.32 343.22 340 338.83 337.13 338.22 336.29 333.63 329.28 323.75 324.15 320.69 316.94 310.32 306.32 305.07 306.58 308.25 309.12 301.86 292.49 285.2 278.1 285.83 295.13 299.79 302.04 299.62 304.25 311.89 317.02 318.56 319.9588 -9999 -9999 -9999 -9999 -9999 -9999 -9999 -9999 -9999 -9999 -9999 -9999 -9999 -9999 -9999 -9999 -9999 -9999 -9999 -9999 -9999 -9999 -9999 -9999 -9999 -9999 -9999 -9999 -9999 -9999 -9999 -9999
355.64 354.35 353.14 352.4 351.83 349.72 347.54 346.57 345.98 344.76 344.18 341.51 341.16 342.05 336.43 331.09 327.29 324.76 326.02 321.12 322.09 313.68 306.65 309.14 311.32 307.35 307.97 310.89 305.71 298.64 291.32 287.91 297.05 303.74 309.37 309.39 303.91 307.18 315.55 320.3737 -9999 -9999 -9999 -9999 -9999 -9999 -9999 -9999 -9999 -9999 -9999 -9999 -9999 -9999 -9999 -9999 -9999 -9999 -9999 -9999 -9999 -9999 -9999 -9999 -9999 -9999 -9999 -9999 -9999 -9999 -9999 -9999 -9999
358.87 357.02 355.97 355.73 354.11 352.66 348.96 347.32 346.34 347.93 346.51 343.71 343.42 343.28 339.9 336.23 330.43 327.79 328.02 325.03 323.23 321.67 318.61 317.09 311.3 308.22 311.89 316.18 313.11 308.29 303.97 306.02 304.04 304.69 305.73 310.82 313.4 313.24 318.63 -9999 -9999 -9999 -9999 -9999 -9999 -9999 -9999 -9999 -9999 -9999 -9999 -9999 -9999 -9999 -9999 -9999 -9999 -9999 -9999 -9999 -9999 -9999 -9999 -9999 -9999 -9999 -9999 -9999 -9999 -9999 -9999 -9999 -9999
360.12 359.93 358.67 357.55 356.19 354.94 352.17 350.65 348.41 349.51 347.51 344.55 343.69 345.3 343.21 337.48 333.5 331.07 328.01 326.8 326.56 326.79 324.66 319.54 310.57 314.13 313.31 314.23 317 320.35 318.39 318.05 318.74 316.71 312.94 308.24 313.36 317.67 320.7105 -9999 -9999 -9999 -9999 -9999 -9999 -9999 -9999 -9999 -9999 -9999 -9999 -9999 -9999 -9999 -9999 -9999 -9999 -9999 -9999 -9999 -9999 -9999 -9999 -9999 -9999 -9999 -9999 -9999 -9999 -9999 -9999 -9999 -9999
361.24 362.22 361.35 360.04 358.76 355.42 352.37 353.54 352.57 349.84 350.44 345.86 344.99 345.73 344.57 342.31 337.22 334.39 331.57 328.62 325.73 327.09 327.81 321.06 317.6 319.16 314.77 308.12 308.75 315.54 321.08 322 322.71 321.69 319.68 318.49 317.55 319.9149 -9999 -9999 -9999 -9999 -9999 -9999 -9999 -9999 -9999 -9999 -9999 -9999 -9999 -9999 -9999 -9999 -9999 -9999 -9999 -9999 -9999 -9999 -9999 -9999 -9999 -9999 -9999 -9999 -9999 -9999 -9999 -9999 -9999 -9999 -9999
364.27 364.24 363.37 362.12 361.03 359.09 356.53 356.91 355.14 352.21 350.26 349.58 348.81 347.17 343.42 341.55 341.47 338.61 336.09 333.13 331.14 329.49 331.27 326.13 322.97 321.62 321.31 316.24 314.07 311.21 309.93 318.2 322.89 322.71 321.6 319.35 320.41 -9999 -9999 -9999 -9999 -9999 -9999 -9999 -9999 -9999 -9999 -9999 -9999 -9999 -9999 -9999 -9999 -9999 -9999 -9999 -9999 -9999 -9999 -9999 -9999 -9999 -9999 -9999 -9999 -9999 -9999 -9999 -9999 -9999 -9999 -9999 -9999
366.26 365.72 364.23 361.83 362.13 361.68 360.03 359.08 357.95 355.32 354.09 351.89 350.79 347.51 344.56 344.55 343.11 340.83 338.44 337.07 334.65 334.02 335.7 329.88 326.91 326.91 325.98 322.29 316.89 314.14 312.8 317.83 322.73 322.85 322.86 321.75 320.88 -9999 -9999 -9999 -9999 -9999 -9999 -9999 -9999 -9999 -9999 -9999 -9999 -9999 -9999 -9999 -9999 -9999 -9999 -9999 -9999 -9999 -9999 -9999 -9999 -9999 -9999 -9999 -9999 -9999 -9999 -9999 -9999 -9999 -9999 -9999 -9999
367.71 367.76 366.6 364.93 364.3 363.36 361.91 361.06 359.83 357.34 356.08 354.44 353.04 350.57 348.02 347.02 344.55 342.67 340.53 338.98 337.36 334.39 334.12 336.99 335.51 332.14 329.63 324.25 321.27 319.22 319.93 323.99 324.2 323.98 323.12 324.22 324.41 -9999 -9999 -9999 -9999 -9999 -9999 -9999 -9999 -9999 -9999 -9999 -9999 -9999 -9999 -9999 -9999 -9999 -9999 -9999 -9999 -9999 -9999 -9999 -9999 -9999 -9999 -9999 -9999 -9999 -9999 -9999 -9999 -9999 -9999 -9999 -9999
369.32 368.88 367.91 367.06 366.05 364.64 363.06 361.74 359.49 357.9 356.64 355.15 353.81 351.87 349.47 347.72 346.57 344.66 343.02 341.43 338.27 336.62 334.47 332.25 331.67 331.97 330.9 328.77 324.97 321.81 322.98 320.73 319.96 325.55 325.72 326.99 327.83 327.9048 -9999 -9999 -9999 -9999 -9999 -9999 -9999 -9999 -9999 -9999 -9999 -9999 -9999 -9999 -9999 -9999 -9999 -9999 -9999 -9999 -9999 -9999 -9999 -9999 -9999 -9999 -9999 -9999 -9999 -9999 -9999 -9999 -9999 -9999 -9999
370.45 369.56 368.34 367.24 366.44 365.44 363.75 361.8 358.92 357.06 355.95 354.36 354.28 352.91 350.72 349.18 347.92 346.39 344.92 343.42 340.56 338.42 337.34 335 331.96 328.61 325.75 327.27 330.09 318.7 316.5 322.27 324.99 325.88 330.78 330.86 330.72 330.6465 -9999 -9999 -9999 -9999 -9999 -9999 -9999 -9999 -9999 -9999 -9999 -9999 -9999 -9999 -9999 -9999 -9999 -9999 -9999 -9999 -9999 -9999 -9999 -9999 -9999 -9999 -9999 -9999 -9999 -9999 -9999 -9999 -9999 -9999 -9999
371.6 370.35 369.21 367.9 366.62 364.64 362.32 360.28 357.21 355.68 354.06 352.03 352.13 352.4 351.08 350.16 348.72 347.34 345.79 344.74 341.89 340.27 337.11 333.56 328.65 322.86 322.74 324.31 327.9 316.52 319.12 327.74 330.18 331.75 334.95 334.38 330.52 330.59 -9999 -9999 -9999 -9999 -9999 -9999 -9999 -9999 -9999 -9999 -9999 -9999 -9999 -9999 -9999 -9999 -9999 -9999 -9999 -9999 -9999 -9999 -9999 -9999 -9999 -9999 -9999 -9999 -9999 -9999 -9999 -9999 -9999 -9999 -9999
371.96 370.67 368.68 367.08 365.03 362.22 358.09 356.11 353.71 352.17 351.46 348.82 348.55 350.1 350.81 350.53 349.77 348.3 346.7 344.89 341.44 336.54 332.94 327.68 322.98 318.61 321.42 324.07 326.51 317.51 319.85 325.13 330.4 333.95 335.92 335.55 329.16 328.52 335.2346 -9999 -9999 -9999 -9999 -9999 -9999 -9999 -9999 -9999 -9999 -9999 -9999 -9999 -9999 -9999 -9999 -9999 -9999 -9999 -9999 -9999 -9999 -9999 -9999 -9999 -9999 -9999 -9999 -9999 -9999 -9999 -9999 -9999 -9999
372.32 370.39 366.95 364.53 361.67 359.42 358.93 356.15 352.74 349.91 347.35 344.96 345.9 348.72 351.21 350.45 349.6 348.92 346.78 344.29 338.2 332.39 330.13 325.44 324.33 325.78 325.81 324.69 321.99 315.17 319.63 324.78 329.53 333.02 333.96 333.95 329.04 327.05 336.54 339.6607 -9999 -9999 -9999 -9999 -9999 -9999 -9999 -9999 -9999 -9999 -9999 -9999 -9999 -9999 -9999 -9999 -9999 -9999 -9999 -9999 -9999 -9999 -9999 -9999 -9999 -9999 -9999 -9999 -9999 -9999 -9999 -9999 -9999
372.64 370.72 367.77 364.97 363.05 359.54 357.45 356.69 352.94 350.79 348.32 346 345.18 347.41 349.06 349.3 348.94 348.63 346.04 343.03 339.77 335.17 332.03 329.7 328.92 328.52 328.08 327.96 326.27 321.84 323.61 329.02 327.8 329.62 333.87 333.74 329.3 326.85 329.3 338.21 341.2388 -9999 -9999 -9999 -9999 -9999 -9999 -9999 -9999 -9999 -9999 -9999 -9999 -9999 -9999 -9999 -9999 -9999 -9999 -9999 -9999 -9999 -9999 -9999 -9999 -9999 -9999 -9999 -9999 -9999 -9999 -9999 -9999
372.35 369.06 367.75 366.4 363.85 360.04 357.17 355.36 353.48 350.31 348.62 347.38 346.96 346.12 346.14 345.62 343.82 344.99 342.83 341.45 339.36 336.19 332.94 331.26 331 331.46 328.15 324.33 324.76 327.8 331.28 325.64 325.08 327.28 322.61 322.99 327.77 318.68 319.12 324.71 336.1 339.3 338.9794 -9999 -9999 -9999 -9999 -9999 -9999 -9999 -9999 -9999 -9999 -9999 -9999 -9999 -9999 -9999 -9999 -9999 -9999 -9999 -9999 -9999 -9999 -9999 -9999 -9999 -9999 -9999 -9999 -9999 -9999
372.27 370.07 368.1 366.22 364.07 361.3 358.23 354.44 353.46 352.64 350.79 346.3 341.71 338.33 336.96 335.92 338.84 341.24 342.72 340.29 340.02 338.73 336.9 335.79 331.68 333.42 333.25 331.24 330.47 334.6 330.29 326.51 323.35 317.66 315.66 321.64 322.7 310.81 316.5 317.93 326.33 335.49 337.8193 -9999 -9999 -9999 -9999 -9999 -9999 -9999 -9999 -9999 -9999 -9999 -9999 -9999 -9999 -9999 -9999 -9999 -9999 -9999 -9999 -9999 -9999 -9999 -9999 -9999 -9999 -9999 -9999 -9999 -9999
372.74 369.64 366.04 365.52 363.84 361.81 357.43 357.76 356.39 358.8 350.36 340.31 334.37 338.43 336.09 337.89 340.9 344.01 344.21 345.31 344.76 343.62 342.62 339.53 336.37 333.55 334.81 337.33 335.53 336.8 336.88 330.13 320.93 322.13 313.72 313.33 313.89 314.4 315.39 335.84 335.1053 -9999 -9999 -9999 -9999 -9999 -9999 -9999 -9999 -9999 -9999 -9999 -9999 -9999 -9999 -9999 -9999 -9999 -9999 -9999 -9999 -9999 -9999 -9999 -9999 -9999 -9999 -9999 -9999 -9999 -9999 -9999 -9999
370.41 369.05 367.08 366.36 365.94 361.15 361.57 363.22 361.04 354.69 340.76 335.11 333.53 338.45 343.62 344.9 347.1 349.91 348.71 347.63 348.79 350 347.81 343.68 342.54 339.08 337.68 340.1 337.04 332.93 338.5 334.28 321.17 327.27 325.55 331.17 324.34 337.11 338.7889 341.6032 -9999 -9999 -9999 -9999 -9999 -9999 -9999 -9999 -9999 -9999 -9999 -9999 -9999 -9999 -9999 -9999 -9999 -9999 -9999 -9999 -9999 -9999 -9999 -9999 -9999 -9999 -9999 -9999 -9999 -9999 -9999 -9999 -9999
371.17 371.52 370.67 367.93 365.47 364.74 366.1 364.32 358.81 353.36 349.14 341.37 337.69 344.7 347.57 349.41 352.09 350.06 352.07 354.15 354.89 352.95 349.51 345.58 346.59 346.15 342.64 334.38 336.84 338.83 339.91 342 334.1 337.15 341.35 343.58 342.7297 -9999 -9999 -9999 -9999 -9999 -9999 -9999 -9999 -9999 -9999 -9999 -9999 -9999 -9999 -9999 -9999 -9999 -9999 -9999 -9999 -9999 -9999 -9999 -9999 -9999 -9999 -9999 -9999 -9999 -9999 -9999 -9999 -9999 -9999 -9999 -9999
374.59 374.78 374.04 370.86 369.03 368.44 369.28 365.87 360.58 356.91 346.21 339.6 345.16 353.2 355 352.37 351.36 354.01 356.69 355.1 356.58 357.2 356.27 355.46 351.85 348.86 349.28 343.11 342.17 338.25 342.79 348.36 347.32 347.08 348.35 347.641 -9999 -9999 -9999 -9999 -9999 -9999 -9999 -9999 -9999 -9999 -9999 -9999 -9999 -9999 -9999 -9999 -9999 -9999 -9999 -9999 -9999 -9999 -9999 -9999 -9999 -9999 -9999 -9999 -9999 -9999 -9999 -9999 -9999 -9999 -9999 -9999 -9999
380.21 377.67 373.24 371.64 371.34 372.66 364.39 356.04 359.24 344.68 337.21 344.41 344.42 348.3 345.56 340.88 339.84 345.51 350.72 358.32 360.73 359.53 361.1 363.08 357.56 353.84 344.99 344.83 347.33 344.29 345.58 349.87 352.01 350.84 351.3816 -9999 -9999 -9999 -9999 -9999 -9999 -9999 -9999 -9999 -9999 -9999 -9999 -9999 -9999 -9999 -9999 -9999 -9999 -9999 -9999 -9999 -9999 -9999 -9999 -9999 -9999 -9999 -9999 -9999 -9999 -9999 -9999 -9999 -9999 -9999 -9999 -9999 -9999
