layers/wordclim/future/Iberia_wcB2a_10_hadcm3_2020/bio_09.asc
ncols         166
nrows         93
xllcorner     -9.4959440078468
yllcorner     36.000324005443
cellsize      0.083333337679505
NODATA_value  -9999
[rows 33 to 65 of 93, columns 0 to 72 of 166]
-9999 -9999 -9999 -9999 -9999 -9999 -9999 -9999 -9999 -9999 194.7907 193.86 195.52 197.25 199.98 201.81 198.71 187.86 182.38 188.09 190.1 191.15 200.82 210.58 203.46 199.23 210.03 223.44 228.7 223.22 223.28 226.88 220.85 219.6 218.65 219.16 218.08 216.02 216.6 217.74 216.43 216.55 218.97 219.64 219.79 220.05 220.23 218.62 214.84 213.36 213.61 214.11 214.23 215.11 219.6 218.31 218.84 220.48 217.92 216.83 216.3 218.23 220.17 220.79 216.57 210.25 186.41 176.53 196.32 210.38 216 219.99 213.56
-9999 -9999 -9999 -9999 -9999 -9999 -9999 -9999 -9999 -9999 194.7755 194.86 195.45 193.63 184.79 188.08 192.95 203.16 204.02 202.88 198 196.72 198.36 204.23 202.41 201.26 210.5 223.35 225.77 220.04 215.4 219.71 223.56 218.67 217.24 217.85 218.97 219.15 220.37 220.44 219.37 219.51 219.57 219.29 218.67 218.76 217.96 216.82 216.79 219.24 216.42 215.16 213.01 216.91 218.32 219.65 221.18 221.18 219.1 215 213.34 216.05 217.57 217.16 211.14 202.3 174.62 200.6 191.92 199.98 216.9 226.84 232.02
-9999 -9999 -9999 -9999 -9999 -9999 -9999 -9999 -9999 -9999 194.9551 197.06 197.46 189.44 196.7 195.31 199.15 210.22 210.33 207.06 204.9 205.03 206.77 205.7 206.4 203.31 212.93 221.64 220.9 223.96 218.94 215.91 220.34 221.37 217.74 216.71 217.64 220.79 220.95 220.68 220.78 218.81 218.78 217.13 215.9 214.58 215.14 220.1 219.44 219.33 218.91 217.29 214.55 212.29 213.08 217.29 215.19 218.25 216.32 213.81 212.21 211.77 211.57 204.39 183.37 182.23 173.13 184.67 211.33 227.07 231.42 237.78 235.95
-9999 -9999 -9999 -9999 -9999 -9999 -9999 -9999 -9999 189.8378 194.7174 198.02 200.63 201.98 197.85 202.91 202.75 209.06 208 208.61 212.83 214.73 215.67 213.22 213.67 216.79 218.82 218.12 214.93 216.75 218.24 214.11 218.92 219.35 221.44 216.16 218.2 221.74 221.04 220.06 219.13 219.2 216.88 213.87 212.96 217.48 221.32 220.79 219.29 217.39 215.89 212.33 206.66 207.25 204.6 204.58 205.5 210.91 209.23 208.5 199.97 201.72 197.03 195.9 202.43 214.91 217.93 226.49 229.74 227.06 237.62 243.7 239.34
-9999 -9999 -9999 -9999 -9999 -9999 -9999 -9999 -9999 190.6081 194.6082 199.92 204.09 204.11 201.87 195.21 194.51 209.69 214.17 216.62 217.48 216.46 214.57 218.89 223.52 221.42 218.85 205.42 208.97 213.17 213.3 214.64 216.95 221.29 225.53 225.66 223.22 220.16 218.66 216.88 215.03 212.13 215.45 218.4 218.95 219.92 220.2 219.15 216.36 211.54 206.81 203.91 196.76 196.66 199.52 204.22 210.13 211.61 207.58 203.12 199.07 195.44 198.24 193.25 216.45 230.73 225.8 229.12 239.78 242.34 246.23 247.73 242.02
-9999 -9999 -9999 -9999 -9999 -9999 -9999 -9999 -9999 192.94 196.36 202.03 206.65 208.27 202.28 193.48 213.07 216.74 219.47 218.94 221.1 221.95 224.01 219.71 201.05 196.13 203.59 204.66 207.9 211.32 215.21 212.25 217.29 223.97 225.31 226.51 225.54 216.29 209.53 200.29 211.11 214.17 221.63 223.76 219.34 217.95 220.33 217.2 211.99 210.72 209.24 200.16 188.79 201.08 206.37 204.77 199.95 200.28 204.87 215.17 211.62 219.37 219.79 216.67 230.33 235.34 241.39 243.84 247.31 244.76 248.24 249.2 245.58
-9999 -9999 -9999 -9999 -9999 -9999 -9999 -9999 193.4677 195.66 199.29 203.65 209.26 208.79 207.84 212.43 217.15 220.98 221.72 223.28 222.09 220.54 202.55 180.95 190.41 200.27 210.91 205.41 210.34 215.11 214.43 212.12 220.05 222.48 218.38 220.65 222.87 218.14 217.03 217.28 219.38 235.21 234.81 227.86 226.59 217.57 216.77 218.95 217.88 211.95 196.85 184.57 183.41 187.09 184.39 192.92 208.21 217.78 226.09 226.9 233.12 239.01 234.58 235.73 242.31 246.75 249.51 245.46 249.09 248.14 249.17 253.82 251.73
-9999 -9999 -9999 -9999 -9999 -9999 -9999 -9999 195.5275 198.47 202.1 205.97 211.58 209.78 213.84 220.36 221.87 223.13 222.7 220.26 219.29 200.47 164.13 180.45 209.82 223.62 224.86 214.45 211.38 213.6 210.74 211.6 213.53 215.49 217.14 219.7 210.02 217.68 221.92 236.47 242.33 240.35 231.64 228.26 215.44 191.31 197.44 216.78 211.73 193.15 187.46 187.31 187.51 198.7 200.56 209.41 215.27 211.47 207.64 215.4 239.59 244.12 246.16 249.65 254.55 251.37 251.43 248.64 248.64 253.57 252.55 253.69 253.56
-9999 -9999 -9999 -9999 -9999 -9999 -9999 -9999 197.03 200.58 204.25 209.5 214.48 212.68 216.2 222.38 222.48 223.44 223.16 218.14 214.63 205.01 178.68 185.49 224.6 231.01 227.55 224.62 217.9 209.62 207.52 204.12 210.27 214.68 213.3 222.54 228.01 236.22 239.93 244.01 248.71 242.26 237.96 230.61 195.07 179.59 200.98 206.97 196.74 185.9 173.89 180.67 190.79 211.75 205.74 208.64 231.67 245.85 241.2 237.24 239.87 244.73 253.21 258.52 255.2 252.57 254.38 251.86 251.31 254.98 256.71 257.71 253.05
-9999 -9999 -9999 -9999 -9999 -9999 -9999 194.6164 198.79 204.21 208.81 213.54 217.55 216.79 219.59 220.39 222.42 220.28 211.12 200.28 197.13 215.25 222.33 227.11 230.58 229.74 233.14 232.22 229.03 224.93 233.38 236.57 218.63 233.3 239.92 244.15 246.64 242.48 248.91 251.62 252.82 253.78 234.55 208.23 223.94 207.44 180.25 182.83 187.39 220.19 206.76 215 237.4 249.11 243.23 256.77 253.36 249.8 244.77 242.37 252.39 259.56 260.3 257.08 254.01 254.49 256.87 253.47 254.93 255.34 257.24 257.72 254.94
-9999 -9999 -9999 -9999 -9999 -9999 -9999 -9999 202.3409 205.75 210.77 214.84 215.68 218.21 221.64 213.96 208.85 206.95 208.29 204.45 211.07 223.25 222.4 222.41 227.01 233.02 239.81 239.87 239.1 241.83 244.94 244.19 242.67 247.28 252.48 252 249.53 248.67 253.26 254.41 254.37 249.43 234.66 234.26 220.97 235.62 238.74 241.41 249.08 260.27 260.97 261.37 259.05 256.2 255.33 253.75 244.59 240.21 255.13 260.05 262.25 261.07 258.66 256.45 256.55 259.05 257.15 257.7 258.64 255.7 260.22 258.98 253.56
-9999 -9999 -9999 -9999 -9999 -9999 -9999 199.8267 202.37 206.78 211.91 210.62 211.89 216.32 204.45 197.89 206.72 214.4 215.78 220.44 226.05 217 226.32 221.88 236.49 242.35 242.6 243.82 241.67 239.93 241.85 249.47 252.24 255.81 255.92 254.11 255.03 256.96 259.94 260.09 257.18 253.24 250.8 248.95 249.26 258.83 261.34 265.11 265.05 265.28 265.22 263.3 262.24 261.84 260.32 256.69 258.51 262.48 263.52 263.31 262.82 261.86 259.92 259.81 261.46 263.32 261.25 263.37 260.23 261.27 262.92 260.03 258.37
-9999 -9999 -9999 -9999 -9999 -9999 -9999 200.2 202.49 207.01 211.03 207.32 212.28 213.91 208.59 212.97 219.45 219.39 215.14 216.62 217.99 225.29 239.09 239.38 241.27 245.53 246.49 248.17 247.53 248 250.31 252.66 250.98 255.31 256.86 257.95 259.48 261.24 261.69 258.01 255.31 257.42 262.03 264.84 265.7 266.55 266.72 266.7 266.91 266.42 265.76 265.13 264.55 263.67 262.19 264.11 264.43 264.85 264.79 262.47 260.03 260.47 262.09 264.62 266.08 264.65 265.14 266.56 265.46 262.82 257.91 253.9 251.25
-9999 -9999 -9999 -9999 -9999 -9999 199.1746 202.45 203.4 205.73 210.38 209.74 214.32 214.22 217.14 220.92 219.52 215.84 214.17 209.98 225.43 236.99 242.89 243.34 244.4 247.56 252.96 253.47 253.31 250.81 252.63 254.34 255.83 255.88 257.56 258.13 257.93 258.69 256.28 252.99 257.32 260.98 265.22 267.31 267.11 267.46 267.02 264.32 266.88 266.91 265.54 263.08 265.42 264.9 266.01 264.42 260.21 262.07 264.5 266.4 265.66 265.06 265.74 267.68 266.39 265.63 266.54 266.12 264.29 262.46 258.42 254.82 252.98
-9999 -9999 -9999 -9999 -9999 -9999 198.3571 202.55 204.79 205.22 206.3 210.55 216.54 216.04 220.33 222.73 224.52 223.73 220.14 221.02 233.41 239.89 242.65 243.98 248.98 253.42 253.78 254.69 252.49 254.25 254.6 255.39 256.71 258.69 259.83 258.63 258.01 256.59 259.47 262.1 262.99 264.51 263.29 264.25 264.57 267.59 264.55 262.73 266.5 265.38 264.66 264.34 267.19 264.63 264.95 263.28 259.25 260.12 261.6 260.82 261.72 266.24 263.71 260.28 259.93 258.17 257.58 259.15 260.3 260.02 260.13 259.09 256.2
-9999 -9999 -9999 -9999 -9999 195.4286 197.34 201.01 205.15 204.75 207.88 214.07 219.13 220.17 219.25 224.73 224.16 226.35 227.73 233.46 239.68 241.17 245.55 248.99 250.41 250.26 251.56 254.26 253.04 254.45 257.31 257.91 255.64 255.5 257.31 261.04 264.2 263.31 261.75 261.04 261.51 263.09 261.52 260.39 257.86 255.99 257.21 259.11 257.96 256.97 258.51 261.64 260.75 260.27 253.86 255.6 255.02 255.06 253.73 256.09 256.19 259.26 257.04 254.21 257.19 254.17 254.9 255.65 256.22 256.72 257.88 257.52 257.78
-9999 -9999 -9999 -9999 -9999 196.1341 199.86 200.83 201.39 198.58 208.01 214.35 219.72 224 223.14 226.64 225.97 225.82 229.34 236.68 241.32 244.67 247.91 248.15 249 250.68 252.71 251.86 254.71 256.14 255.43 255.53 255.02 254.91 254.66 259.11 261.74 263.4 263.66 263.82 263.89 264.95 263.6 262.82 261.53 259.47 256.49 253.16 253.14 245.99 251.83 251.23 257.32 258.58 246.65 247.19 245.35 246.44 245.79 247.86 248.39 254.66 254.87 251.26 250.29 252.29 251.85 253.23 255.44 255.42 257.38 256.8 256.73
-9999 -9999 -9999 -9999 -9999 196.8283 199.83 194.69 195.23 200.17 205.77 218.33 222.63 225.8 225.96 227.35 229.77 231.81 235 237.81 242.04 242.24 244.64 245.11 248.54 249.03 249.71 248.48 249.98 254.39 257.67 257.43 256.97 257.77 257.62 258.89 260.07 264.09 263.94 265.31 266.54 265.37 264.25 262.6 261.24 258.74 258.26 257.29 244.06 243.15 240.7 251.67 251.72 257.12 255.82 249.14 247.43 246.98 237.3 248.72 239.7 243.31 244.83 246.35 246.08 247.03 249.96 255.36 256.61 256.76 257.05 257.47 257.15
-9999 -9999 -9999 191.9286 195.7 197.17 197.16 196.81 202.2 210.33 216.33 221.24 225.05 226.6 230.01 233.15 235.17 237.48 236.93 238.25 238.61 240.83 242.12 242.96 242.15 244.98 246.91 248.45 247.13 250.29 255 257.42 258.91 260.3 260.54 261.21 260.86 260.22 262.25 263.36 265.37 264.94 264.32 261.61 259.96 249.99 254.49 255.46 245.94 239.81 253.97 259.53 261.46 260.12 264.32 262.57 262.32 258.77 254.1 255.91 252.16 253.86 255.47 256.42 246.06 239.76 244.07 250.3 254.26 254.2 256.84 258.07 258.12
-9999 -9999 188.1719 192.6744 195.68 198.21 200.09 206.69 210.68 213.79 219.61 223.72 225.23 224.33 227.15 230.52 233.36 233.54 235.31 237.47 239.94 241.16 241.41 241.37 236.47 233.47 237.85 242.12 246.12 249.03 250.5 252.67 256.96 255.47 257.87 261.34 262.31 262.73 262.66 262.58 263.46 263.05 261.95 262.34 261.49 254.64 251.85 254.67 257.6 259.06 261.08 267.46 265.25 267.96 267.98 268.29 265.7 262.77 259.4 253.66 250.92 249.3 256.77 253.84 250.68 250.39 246.83 250.33 253.66 251.94 249.94 255.68 259.57
-9999 -9999 188.12 192.29 196.65 200.15 204.72 209.97 213.28 217.04 221.93 224.77 224.35 226 227.32 229.83 232.04 234.93 237.47 238.63 241.7 242.69 243.66 243.56 240.62 231.25 233.74 244.62 251.28 251.77 253.15 257 258.68 257.01 259.43 259.85 259.54 263.26 262.01 260.8 262.01 262.67 261.87 265.12 268.14 266.24 269.18 268.75 268.81 264.24 265.26 270.69 270.45 270.98 263.25 266.17 266.18 262.5 262.81 260.64 259.89 263.02 263.74 259.46 252.14 252.53 255.26 254.08 250.55 251.49 247.64 256.79 260.93
-9999 -9999 191.32 194.92 198.51 197.25 207.46 211.29 215.15 219.99 223.25 223.85 225.36 227.42 229 230.41 233.44 236.75 236.87 238.88 242.42 243.17 242.21 243.63 245.18 244.34 243.81 247.09 252.46 254.66 253.83 258.53 259.01 258.93 259.26 259.14 259.87 260.9 261.16 261.95 257.41 261.76 269 269.51 271.07 271.36 272.44 271.47 273.12 271.84 269.53 269.88 271.71 270.93 266.86 261.71 264.05 264.77 265.79 262.45 257.05 261.09 265.46 264.64 256.82 256.22 258.58 261.05 260.69 257.11 260.12 263.19 263.11
-9999 191.9219 194.81 196.76 198.17 204.37 211.34 213.93 218.72 222.4947 223.81 225.25 226.4 227.57 229.49 231.56 235.23 236 237.34 240.54 242.49 243.41 243.99 243.39 245.3 246.98 249.78 250.87 254.22 257.14 257.18 259.68 258.69 259.56 260.02 261.17 263.61 263.91 262.89 264.78 266.22 270.71 271.89 272.97 274.04 273.67 274.47 274.8 274.84 274.23 272.15 272.28 269.24 267.72 267.66 264.78 260.62 265.3 266.13 260.51 257.55 259.75 261.57 263.81 260.11 258.58 261.94 263.95 264.22 264.56 264.12 264.15 263.42
-9999 192.62 196.29 197.95 200.29 206.16 215 218.6778 221.5862 223.23 224.21 225.99 227.35 229.3 231.75 233.24 235.25 236.43 237.73 239.46 241.81 243.09 244.36 246.08 246.96 248.11 250.62 253.68 254.58 256.67 260 260.43 261.06 261.94 262.22 264.03 264.94 266.65 266.65 265.98 268.17 272.17 274.06 274.47 274.78 275.04 275.1 271.89 271.01 274.45 273.4 271.86 272.43 270.55 269.05 266.64 263.69 262.29 265.52 266.61 266.66 259.74 261.35 265.92 261.73 264.18 264.38 264.23 265.02 264.74 264.1 264.16 263.95
-9999 192.6531 193.93 197.6 200.36 209.2062 218.2785 221.36 223.2 224.79 226.08 228.33 230.95 231.45 232.51 234.17 235.76 237.77 238.63 237.74 239.2 240.14 241.9 243.95 245.61 246.7 246.44 249.89 255.98 258.66 260.49 260.13 260.74 262 263.24 265.08 265.95 267.49 267.71 268.17 272.06 273.27 273.81 274.15 273.88 274.25 274.61 274.6 274.01 272.6 272.5 275.06 271.14 264.02 267.89 266.15 266.46 267.28 267.63 263.78 266.99 266.34 264.52 265.88 263.61 265.15 264.12 264.15 265.15 265.1 265.02 264.85 264.06
-9999 193.32 195.02 200.73 210.76 216 221.6296 223.34 224.62 225.7 226.41 227.87 229.57 230.34 232.71 233.4 234.12 235.78 236.91 237.48 238.79 239.34 237.44 239.11 242.73 245.5 244.01 248.7 256.25 259.8 259.82 259.14 259.5 261.69 263.48 264.94 265.77 266.69 268.62 270.55 271.01 270.86 272.32 271.22 271.36 271.93 272 274.74 273.53 273.13 272.43 273.45 274.52 270.13 272.91 270.72 268.32 266.67 263.21 262.41 266.6 267.58 263.3 264.55 266.62 266.2 265.83 265.73 264.18 264.13 263.87 260.8 261.72
191.6296 193.81 198.45 206.85 217.1702 -9999 -9999 224.62 225.55 226.87 227.73 228.42 229.54 229.92 230.92 231.37 231 232.57 234.25 235.14 236.61 237.48 239.23 237.92 238.62 245.91 250.02 253.66 257.43 257.94 257.56 257.58 258.59 259.36 261.53 262.65 263.24 263.93 267.37 266.59 267.02 266.9 267.78 269.08 265.67 270.57 270.82 273.17 271.73 270.92 269.52 269.76 270.67 276.25 271.83 271.42 271.59 272.4 267.16 266.72 263.84 266.01 266.41 264.86 264.07 263.99 260.62 262.75 265.39 265.47 265.78 264.13 263.86
197.28 200.4366 205.3108 212.2208 219 223.5833 224.573 226.04 226.48 227.25 227.44 228.39 229.14 230.38 229.8 229.04 228.67 230.01 231.69 234.1 234.36 237.08 236.38 239.21 243.36 245.12 252.46 254.53 254.43 255.42 255.41 256.57 257.35 258.35 259.99 261.79 262.38 262.46 265.37 268.06 266.3 264.46 264.38 267.3 267.87 268.38 270.13 268.67 268.61 266.15 267.75 269.59 273.77 275.49 275.02 276.13 275.76 273.18 271.78 270.45 266.59 262.75 263.8 265.12 265.53 263.15 259.33 261.25 267.21 266.54 264.68 265.32 264.3
-9999 -9999 -9999 214.8784 219.5584 222.5952 224.28 225.69 227.03 228.36 228.79 229.23 229.45 228.05 227.27 228.05 228.46 229.5 231.26 234.67 235.69 238.88 240.89 241.55 245.18 249.33 251.51 253.44 252.61 251.67 251.31 252.63 255.21 256.35 257.63 260.01 260.15 260.96 262.94 265.46 264.36 263.65 263.03 263.34 266.99 265.03 266.13 263.83 266.55 270.43 272.48 273.31 274.48 274.53 270.01 275.25 273.11 269.07 269.79 268.19 267.19 264.32 264.11 265.1 264.02 264.19 266.57 267.67 263.21 267.81 264.49 264.71 264.2
-9999 -9999 -9999 -9999 218.12 220.33 221.0606 225.0471 227.8352 229.4066 228.67 230.14 230.47 228.49 228.67 229.25 229.13 230.29 232.36 233.78 236.75 239.64 241.25 241.71 244.12 248.19 251.87 251.77 251.91 249.86 249.41 248.33 246.91 250.35 249.82 256.98 258.16 257.69 259.88 262.72 265.16 260.3 262.17 263.59 266.01 262.24 260.67 264.28 267.03 271.17 270.85 270.59 270.89 272.59 272.51 273.97 274.48 274.32 270.41 262.11 259.03 262.9 265.1 265.99 271.03 269.56 266.94 268.59 269.4 266.46 265.4 264.15 262.3
-9999 -9999 -9999 -9999 214.3827 215.9571 -9999 226.1176 -9999 229.5128 230.11 230.53 231.08 232.3 231.05 231.3 232.18 233.13 233.57 234.44 237.56 240.54 241.04 242.81 245.52 249.12 251.53 251.25 251.35 250.94 249.01 246.95 243.14 243.67 245.13 251.04 256.44 254.38 256.4 259.49 263.44 263.89 262.76 261.65 263.37 262.2 263.49 266.11 266.05 266.69 269.11 268.4 268.75 271.41 270.43 270.02 270.75 271.29 272.57 271.9 267.47 258.29 259.83 260.57 262.39 270.63 274.47 267.11 261.54 257.07 255.64 263.67 263.59
-9999 -9999 -9999 -9999 -9999 -9999 -9999 -9999 227.1964 228.1735 229.7368 231.53 232.11 231.78 233.46 230.94 232.15 233.87 233.5 232.65 236.31 238.9 242.12 243.94 246.93 249.93 250.4 251.11 251.08 249.29 249.7 246.32 245.32 253.5 252.7 253.57 252.38 253.95 254.47 255.38 259.07 261 260.23 262.72 262.76 263.5 264.66 264.58 264.85 265.78 266.47 265.13 266.37 268.21 268.05 267.68 267.99 269.13 268.37 268.54 271.03 270.29 271.96 267.66 266.94 267.3 277.58 270.02 269.74 267.79 262.99 265.73 265.81
-9999 -9999 -9999 -9999 -9999 -9999 -9999 -9999 -9999 226.7 227.36 228.99 231.71 232.81 234.86 234.02 234.09 233.49 233.64 235.78 235.9 234.96 239.85 244.55 247.02 249.46 250.46 251.09 250.78 251.49 250.05 249.18 252.56 254.57 254.74 255.9 254.78 254.09 253.3 253.71 254.55 256.91 258.76 260.2 261.3 262.26 264.77 263.51 264.43 267.56 268.18 268.65 264.78 261.77 267.42 269.51 267.13 268.53 267.85 267.94 266.68 267.7 268.85 275.56 271.45 274.23 279.04 277.94 277.24 278.16 277.32 276.06 278.5
