layers/wordclim/future/Iberia_wcB2a_10_hadcm3_2020/bio_10.asc
ncols         166
nrows         93
xllcorner     -9.4959440078468
yllcorner     36.000324005443
cellsize      0.083333337679505
NODATA_value  -9999
[rows 0 to 32 of 93, columns 0 to 72 of 166]
-9999 -9999 -9999 -9999 -9999 -9999 -9999 -9999 -9999 -9999 -9999 -9999 -9999 -9999 -9999 -9999 -9999 184.2195 175.875 186.9403 187.0909 185.5909 188.8406 189.3182 -9999 -9999 -9999 -9999 -9999 -9999 -9999 -9999 -9999 -9999 -9999 -9999 -9999 -9999 -9999 -9999 -9999 -9999 -9999 -9999 -9999 -9999 -9999 -9999 -9999 -9999 -9999 -9999 -9999 -9999 -9999 -9999 -9999 -9999 -9999 -9999 -9999 -9999 -9999 -9999 -9999 -9999 -9999 -9999 -9999 -9999 -9999 -9999 -9999
-9999 -9999 -9999 -9999 -9999 -9999 -9999 -9999 -9999 -9999 -9999 -9999 -9999 -9999 -9999 -9999 186.1364 184.6316 181.44 185.91 180.18 179.08 186.9192 180.46 181.89 188.4021 -9999 -9999 -9999 -9999 -9999 -9999 -9999 -9999 -9999 -9999 -9999 -9999 -9999 -9999 -9999 -9999 -9999 192.8906 193.0962 -9999 -9999 -9999 -9999 -9999 -9999 -9999 -9999 -9999 -9999 -9999 -9999 -9999 -9999 -9999 -9999 -9999 -9999 -9999 -9999 -9999 -9999 -9999 -9999 -9999 -9999 -9999 -9999
-9999 -9999 -9999 -9999 -9999 -9999 -9999 -9999 -9999 -9999 -9999 -9999 -9999 -9999 185.7778 188.0421 186.7677 185.16 182.7 177.55 174.04 175.4 178.97 173.06 186.97 192.43 193.1895 192.6709 193.0845 197.4909 196.2125 195.9881 193.5658 196.8701 191.1139 194.0909 192.7945 188.7639 186.3409 188.433 189.5385 190.631 192.2323 192.41 190.98 194.7143 194.7049 191.2333 190.983 -9999 -9999 -9999 -9999 -9999 -9999 -9999 -9999 -9999 -9999 -9999 -9999 -9999 -9999 -9999 -9999 -9999 -9999 -9999 -9999 -9999 -9999 -9999 -9999
-9999 -9999 -9999 -9999 -9999 -9999 -9999 -9999 -9999 -9999 -9999 -9999 -9999 -9999 -9999 -9999 183.9293 178.21 176.33 179.46 175.3 169.77 166.94 166.69 176.08 186.9 192.05 186.77 194.35 194.2222 186.73 183.34 182.32 189.67 177.33 184 187.71 183.06 176.4 185.99 191.4949 185.97 184.53 188.16 190.17 190.17 185.8 184.98 192 190.47 189.76 188.0128 194.3846 196.4746 195.86 -9999 -9999 -9999 -9999 -9999 -9999 -9999 -9999 -9999 -9999 -9999 -9999 197.5479 -9999 197.2381 194.8021 196.7931 196.087
-9999 -9999 -9999 -9999 -9999 -9999 -9999 -9999 -9999 -9999 -9999 -9999 -9999 -9999 189.2687 190.1667 185.03 179.57 178.51 175.81 178.06 176.93 176.83 172.12 175.89 178.19 182.98 189.13 188.37 178.51 170.28 176.06 182.82 179.24 175.16 184.4 177.56 172.17 181.38 188.04 188.79 192.33 192.3 187.49 189.69 188.74 187.1 187.5 188.26 189.1 189.81 195.33 195.91 189.35 188.63 186.65 181.28 188.7447 193.9136 198.8219 199.9221 200.7179 198.8611 196.3253 197.0918 199.64 197.61 197.28 195.2813 197.13 192.81 193.81 196.7976
-9999 -9999 -9999 -9999 -9999 -9999 186.3333 188.2 187.2973 -9999 186.8919 186.7831 186.57 189.7273 190.87 -9999 186.15 181.2 175.21 177.04 179.74 181.29 181.99 184.06 181.79 182.78 182.48 188.56 176.71 173.1 174.65 185.34 180.74 168.95 169.95 180.36 184.69 183.43 177.84 181.85 179.64 179.99 183.52 187.84 187.1 187.32 184.8 179.17 178.18 183.15 176.81 182.9 187.73 178.25 170.73 173.98 181.06 176.26 187.16 185.46 192.09 189.74 191.46 193.06 190.51 194.49 194.39 193.7 187.21 182.06 184.33 186.55 192.44
-9999 -9999 -9999 -9999 -9999 -9999 185.589 186.67 187.09 188.09 186.05 180.33 182.86 185.54 189.61 189.37 183.64 180.66 177.53 179.31 180.26 184.23 184.7 187.42 187.41 185.06 180.96 183.99 179.33 176.01 182.03 187.16 173.64 165.88 177.2 181.9 180.43 168.67 171.84 168.92 168.19 178.33 161.21 176.63 186.78 179.68 177.02 179.83 177.66 175.88 162.12 171.12 174.15 160.08 133.44 148.47 141.21 146.19 177.49 170.15 177.21 183.11 185.63 180.52 185.55 190.9 186.9 186.32 185.83 172.43 161.88 176.35 186.48
-9999 -9999 -9999 -9999 187.8065 184.29 184.82 181.77 181 182.24 180.59 182.54 184.86 184.18 185.68 182.79 179.71 179.83 178.67 181.35 181.83 183.51 187.95 188.37 187.27 184.04 179.34 183.53 173.08 177.44 175.07 182.79 174.44 168.24 176.05 178.7 167.25 156.27 168.43 159.01 164.85 160.64 172.27 172.6 180.29 172.7 173.67 173.1 162.96 157.08 162.37 157.69 152.18 162.03 147.41 140.65 149.14 172.57 182.73 176.82 155.25 166.83 171.8 172.68 174.41 185.92 176.04 183.07 179.27 162.79 158.75 165 170.61
-9999 -9999 -9999 187.0412 185.05 180.18 181.07 180.57 181.37 181.5 183.92 185.9 189.39 189.09 188.16 187.06 184.18 180.68 175.7 179.26 183.78 184.56 187.69 187.85 185.13 183.72 178.27 177.07 182.65 181.22 187.87 185.61 171.69 163.4 174.15 161.5 161.99 142.68 141.58 145.56 135.72 146.47 139.99 164.9 173.75 149.71 147.05 153.28 145.96 142.55 154.36 147.14 155.92 159.68 149.04 149.97 137.7 141.61 152.38 162.69 156.86 142.17 152.06 166.3 169.99 172.55 172 173.79 171.46 172.44 177.38 178.84 179.42
-9999 -9999 -9999 188.1647 181.8182 180.5 180.66 182.34 184.3 185.34 187.71 190.33 191.87 191.42 189.31 187.27 186.73 180.92 180.38 178.71 183.29 182.69 184.83 190.4 191.49 189.77 181.72 181.69 180.11 188.99 186.69 176.8 175.09 165.39 162.39 155.36 148.14 156.06 156.02 155.17 150.27 156.34 154.45 149.44 155.3 157.84 153.54 158.35 150.71 156.48 166.61 159.45 159.2 161.41 163.78 154.41 141.37 139.07 144.85 156.74 162.7 143.83 152.22 169.58 173.07 174.28 175.47 175.2 175.62 177.35 181.86 187.17 185.69
-9999 -9999 -9999 -9999 187.0517 180.06 182.32 186.08 185.86 190.82 194.06 191.97 191.7 194.29 193.3 191.45 192.24 189.61 186.95 184.83 182.93 186.57 190.21 193.16 195.19 192.2 187.37 180.36 186.89 187.58 176.53 162.91 152.3 152.91 162.56 160.39 162.19 156.44 145.16 150.78 146.35 146.51 156.71 165.87 153.27 164.05 166.22 168.32 161.33 169.79 171.13 163.29 168.41 162.19 166.91 156.59 155.44 155.45 156.83 167.61 171.7 171.28 171.2 174.16 174.28 176.41 173.83 179.98 178.79 182.9 180.05 183.32 188.68
-9999 -9999 -9999 -9999 189.525 188.2656 190.6364 193.1209 183.08 190.61 194.48 196.66 196 197.46 197.3 189.08 188.93 185.97 183.17 186.51 183.85 186.28 193.47 188.78 189.5 195.36 182.48 178.45 181.95 178.68 173.16 152.73 164.18 172.52 181.07 177.79 163.95 150.83 150.45 152.39 160.81 167.88 173.27 174.56 176.18 171.67 179.64 180.6 177.16 180.16 178.69 176.68 177.22 173.37 176.23 170.41 166.82 172.99 173.07 171.6 174.74 176.97 180.07 179.8 176.86 181.21 181.63 177.17 180.88 179.23 175.74 182.67 183.93
-9999 -9999 -9999 -9999 -9999 -9999 181.1956 189.63 189.15 195.15 194.05 193.18 195.83 188.08 190.15 188.13 183.65 184.75 180.99 178.87 187.3 193.96 187.08 185.74 190.09 188.69 179.21 168.03 165.5 169.63 175.93 168.97 181.63 189.61 187.7 188.4 179.42 176.08 176.44 173.53 168.82 170.21 176.25 181.94 183.98 182.38 187.61 188.56 185.21 188.28 182.88 185.23 182.78 182.96 180.33 177.09 176.92 177.76 179.91 178.2 181.92 181.42 182.84 178.94 178.15 179.02 180.2 180.41 182.39 179.89 175.9 181.45 192.98
-9999 -9999 -9999 -9999 -9999 192.6102 187.0851 -9999 -9999 192.4 194.61 190.11 186.52 181.14 175.91 186.41 186.08 181.3 179.47 178.18 189.66 195.43 191.94 193.93 201.38 191.97 178.54 179.05 173.07 165.74 177.69 185.55 193.77 199.98 200.61 197.31 196.3 192.97 186 177.87 182.12 185.99 186.25 189.4 189.85 190.32 195.55 195.04 193.55 193.16 190.41 191.23 186.49 189.16 184.36 182.18 183.11 182.65 185.59 183.86 185.74 188.49 187.08 183.34 183.07 181.55 181.65 180.85 180.93 179.41 181.55 188.22 195.93
-9999 -9999 -9999 -9999 -9999 -9999 -9999 198 196.2651 196.11 193.46 190.32 186.48 183.64 177.6 179.65 183.26 179.65 177.96 183.69 188.85 197.1 197.34 205.69 205.03 199.94 190.78 186.57 174.65 172.98 180.63 195.39 202.76 206.86 205.11 199.51 184.58 175.81 173.51 176.58 186.13 190.55 191.66 195.45 196.28 196.8 199.33 200.14 199.48 197.39 196.14 192.44 191.41 193.59 189.48 187.26 189.04 187.71 188.3 189.27 188.37 190.95 191.63 190.86 190.2 189.37 187.53 183.24 184.05 184.05 188.55 190.37 187.45
-9999 -9999 -9999 -9999 -9999 -9999 -9999 195.8333 194.163 189.7303 196.11 191.88 184.04 174.19 180.04 187.54 191.95 193.99 195.25 195.17 196.73 198.56 202.41 203.73 197.84 197.39 198.78 198.36 182.48 188.68 193.76 199.46 202.74 191.17 176.88 178.9 168.35 165.48 178.13 186.77 192.35 195.95 195.85 199.64 200.14 200.29 201.72 203.42 202.55 200.62 198.16 195.81 195.78 196.9 194.15 191.57 193.24 194.31 193.79 194.13 194.87 195.23 194.57 194.96 194.92 193.89 189.83 187.87 189.21 189.61 188.71 187.87 188.56
-9999 -9999 -9999 -9999 -9999 -9999 -9999 -9999 -9999 191.9118 194.7097 193.17 190.32 175.86 179.12 193.84 203.99 201.96 205.73 208.41 207.24 190.53 186.25 193.01 194.7 183.71 183.3 202.61 205.03 188.14 183.84 193.82 177.32 173.34 178.13 157.6 155.17 165.31 180.52 187.02 192.29 197.48 201.12 202.55 202.67 203.25 203.68 205.29 203.45 202.31 201.04 199.66 200.42 200.7 198.44 196.55 196.79 198.3 198.2 198.62 198.41 198.94 199.28 198.97 198.23 194.79 192.93 192.86 193.16 193.73 191.3 189.26 188.57
-9999 -9999 -9999 -9999 -9999 -9999 -9999 -9999 194.3077 190.6212 -9999 192.48 188.76 184.27 175.65 190.4 207.27 206.03 201.61 209.67 206.85 194.26 191.46 179.25 175.69 175.12 167.23 190.94 195.07 184.23 169.06 165.09 161.35 161.78 168.87 179.49 173.2 163.04 174.12 187.63 196.32 199.97 202.97 204.83 205.1 205.38 205.55 207.02 203.94 201.86 203.72 203.49 203.88 203.63 202.42 201.52 200.47 200.73 202.23 201.98 202.47 201.72 202.01 201.24 198.98 195.01 196.37 198.04 196.71 194.72 192.17 191.21 188.39
-9999 -9999 -9999 -9999 -9999 -9999 -9999 -9999 -9999 194.5165 194.99 197 200.12 189.88 186.55 198.2 203.77 202.29 202.84 200.29 198.9 195.96 197.31 179.56 166.55 161.21 155.04 172.71 190.46 177.7 169.35 155.69 143.23 147.78 158.7 159.18 164.34 175.68 181.28 191.02 196.76 200.74 202.07 205.54 207.05 207.18 207.47 208.35 205.58 205.98 206.88 207.31 207.1 205.81 205.44 205.3 205.39 204.15 204.76 205.75 205.45 203.98 203.8 201.71 198.95 201.81 202.01 200.33 198.97 197.36 195.3 192.59 185.96
-9999 -9999 -9999 -9999 -9999 -9999 -9999 -9999 194.989 187.51 199.32 200.51 203.36 194.43 205.4 198.04 191.18 183.6 188.24 188.79 189.84 196.31 193.92 188.53 177.67 167.92 171.72 182.25 187.67 174.16 164.13 152.92 155.36 175.02 182.38 182.05 182.75 187.8 193.86 199.51 200.5 203.41 205.16 205.87 208.94 208.6 209.44 209.42 209.22 209.67 209.1 209.6 208.44 207.21 207.92 208.05 208.78 209.35 207.75 209.02 205.44 203.22 204.08 203.22 206 203.46 203.92 202.9 200.97 198.19 195.26 191.59 194.13
-9999 -9999 -9999 -9999 -9999 -9999 -9999 183.3492 184.82 193.72 199.14 201.55 200.02 202.73 184.91 169.72 161.95 170.81 180.89 189.35 193.31 195.68 196.95 190.11 201.57 186.76 184.44 188.06 182.6 176.55 170.03 164.74 163.43 185.35 189.41 190.87 193.46 195.46 199.16 202.11 204.74 206.35 208.2 208.78 209.2 210.31 212.07 210.97 210.62 210 211.57 210.86 209.67 210.27 210.37 211.1 211.73 212.52 211.64 211.68 207.84 208.62 210.02 207.75 205.3 204.11 205.22 204.75 203.95 203.17 201.15 198.72 195.23
-9999 -9999 -9999 -9999 -9999 -9999 -9999 186.5167 194.06 195.19 195.56 183.73 191.18 186.64 163.57 176.51 182.65 189.83 187.44 178.52 176.7 184.43 189 196.65 210.94 199.12 193.42 197.87 192.26 187.84 188.11 184.2 175.21 192.91 195.22 193.62 192.9 198.24 200.45 202.56 204.19 207.29 209.18 210.39 211.69 213.06 212.63 212.11 212.35 212.95 213.24 212.34 211.01 213.01 213.08 213.54 212.73 211.11 208.94 212.16 213.89 211.49 209.53 207.65 204.79 204.08 204.99 204.64 203.36 202.05 200.84 196.66 194.6
-9999 -9999 -9999 -9999 -9999 -9999 -9999 191.6364 191.8977 187.12 191.52 182.62 196.43 196.31 190.89 192.31 193.26 178.66 167.37 169.2 171.49 173.94 193.53 198.17 212.75 203.3 193.57 200.8 201.14 193.72 193.75 195.27 194.71 203.31 200.45 202.44 200.27 198.97 197.62 196.92 200.2 203.23 208.18 209.93 212.11 213.32 214.27 214.51 215.51 215.64 214.86 213.99 214.03 213.77 212.02 210.89 209.99 210.61 211.6 215.97 213.24 211.37 209.77 207.88 206.32 205.61 205.25 205.78 204.92 204.25 204.21 201.92 200.41
-9999 -9999 -9999 -9999 -9999 -9999 -9999 -9999 187.64 184.26 198.01 195.85 200.18 198.77 193.46 177.67 170.7 163.14 179.83 174.71 178.69 180.53 188.48 200.78 214.94 206.26 195.38 205.46 205.41 205.56 198.79 192.44 201.07 208.61 201.7 206.46 204.92 201.41 204.14 206.33 204.16 204.41 208.79 212.72 213.99 214.22 215.75 215.78 215.54 214.51 215.72 216.23 213.66 211.38 210.96 211.1 211.76 214.22 217.86 216.48 213.84 213.25 211.78 210.93 210.18 209.3 210.72 210.02 209.03 209.59 209.12 208.82 207.86
-9999 -9999 -9999 -9999 -9999 -9999 -9999 -9999 191.4 194.6531 193.96 194.21 192.65 198.02 195.71 191.73 190.4 194.9 185.69 178.36 179.46 189.45 202 211.01 209.21 198.85 206.22 213.08 216.07 208.34 198.76 188.79 201.75 203.03 207.07 210.08 203.95 203.06 204.45 206.79 209.39 209.21 210.66 213.33 215.17 215.97 216.9 217.61 216.68 216.11 215.81 213.56 212.87 213.17 212.97 212.97 215.4 219.81 217.18 216.01 215.64 215.12 213.62 212.24 211.52 210.98 215.44 216.61 215.36 213.94 214.17 213.11 211.73
-9999 -9999 -9999 -9999 -9999 -9999 -9999 -9999 193.0921 192.53 194.41 197.86 203.72 204.73 205.04 198.65 196.71 181.62 180.16 186.48 197.26 200.18 208.71 212.77 195.07 207.77 215.86 221.83 222.56 213.69 203.03 199.35 200.23 207.47 210.72 211.79 209.11 207.78 206.66 208.28 208.77 211.19 213.44 214.91 215.58 217.44 218.16 216.03 216.26 215.53 216.38 217.15 216.42 215.84 214.81 215.21 219.81 221.27 219.28 219.3 218.3 216.82 216.55 218.02 218.17 215.25 217.75 214.97 215.49 215.37 215.71 214.06 213.11
-9999 -9999 -9999 -9999 -9999 -9999 -9999 -9999 -9999 193.15 197.14 199.28 201.53 197.97 202.88 203.64 194.21 196.79 200.11 201.54 208.04 194.6 198.96 191.19 198.58 214.63 223.21 226.14 222.65 215.28 210.25 211.23 211.13 217.08 216.58 215.7 211.14 208.75 210.49 211.82 212.85 211.65 213.9 215.34 216.73 219.65 219.94 218.43 218.3 219.2 219.91 219.86 220.2 218.75 219.71 222.07 222.83 223 222.93 217.49 217.23 215.9 214.92 215.36 216.66 216.4 213.77 212.47 213.31 212.77 209.7 210.58 208.74
-9999 -9999 -9999 -9999 -9999 -9999 -9999 -9999 -9999 194.73 195.45 198.2 197.77 202.34 203.3 202.18 198.59 199.81 214.08 204.54 189.56 188.95 191.51 200.01 208.71 210.96 213.68 225.93 222.65 210.6 200.91 215.23 219.63 220.53 219.32 217.76 213.36 211.46 214.98 212.29 212.6 215.02 214.78 216.96 218.66 219.64 220.18 218.87 219.8 221.37 222.17 221.52 222.26 222.65 222.85 222 223.14 223.99 222.47 218.65 217.15 216.65 216.14 216.31 216.57 216.67 215.72 210.17 204.14 203.46 205.62 213.02 213.05
-9999 -9999 -9999 -9999 -9999 -9999 -9999 -9999 -9999 194.6869 196.64 199.21 201.44 202.77 202.18 204.65 199.73 204.47 213.52 201.23 176.59 198.94 198.51 202 212.39 222.53 224 223.48 219.6 222.39 215.35 221.23 219.92 212 208.73 210.91 214.19 217.59 214.12 212.48 212.07 213.06 214.5 215.43 216.91 216.23 216.62 217.76 217.8 218.69 219.93 220.84 220.82 221.55 220.5 221.02 222.88 223.87 222.05 221.99 223.42 222.07 221.04 220.75 219.71 218.82 219.67 213.45 206.99 210.49 212.77 213.66 212.33
-9999 -9999 -9999 -9999 -9999 -9999 -9999 -9999 -9999 194.6582 195.2 197.48 196.44 196.21 200.84 206.28 207.89 213.82 199.74 190.21 206.51 212.45 204.4 215.25 208.45 220.92 212.27 213.46 226.72 227.11 223.51 226.55 218.9 211.49 213.55 217.44 221.31 216.85 214.82 214.03 213.57 213.11 212.93 212.84 212.7 212.98 214.13 215.6 217.95 220.27 218.03 220.22 221.24 222.22 223.49 223.87 224.08 223.61 223.82 223.92 224.26 223.69 222.75 221.73 220.45 220.11 218.98 217.55 213.61 216.3 214.4 208.63 201.22
-9999 -9999 -9999 -9999 -9999 -9999 -9999 -9999 -9999 194.7924 196.21 197.65 199.25 199.76 203.63 205.56 211.74 199.87 195.71 196.66 218.93 216.33 214.67 223.89 222.45 218.94 208.66 210.93 230.19 226.39 220.43 222.68 216.65 217.24 217.14 218.69 213.87 213.52 215.41 216.09 216.44 214.67 213.27 211.3 212.45 214.3 214.21 213.25 215.51 217.95 219.07 220.11 221.63 222.31 223.45 223.89 223.03 223.47 222.35 224.01 223.97 223.94 223.53 222.64 221.68 220.85 220.14 217.64 214.44 213.28 212.83 201.13 182.1
-9999 -9999 -9999 -9999 -9999 -9999 -9999 -9999 -9999 -9999 196.5161 199.52 201.24 201.56 202.75 207.88 207.64 207.47 210.54 208.65 218.15 216.66 217.3 219.98 218.37 221.96 224.39 226.01 233.38 222.57 220.44 224.28 223.89 220.22 215.2 215.39 215.34 214.76 214.07 215 216.9 218.11 216.81 217.42 217.33 217.01 217.08 215.79 216.36 217.91 219.77 220.71 220.93 221.68 222.29 223.54 222.21 223.09 221.07 223.23 224.21 222.93 222.48 223.61 222.63 219 215.1 213.38 211.51 205.44 193.35 183.28 186.48
-9999 -9999 -9999 -9999 -9999 -9999 -9999 -9999 -9999 -9999 196.2857 196.55 201.75 203.43 204.91 202.9 191.87 197.47 184.6 190.22 205.22 202.19 207.01 205.85 205.26 208.84 217.93 220.07 231.63 230.07 230.04 229.53 229.04 221.4 217.32 216.93 216.01 216.27 215.22 214.93 216.41 216.99 218.32 219.05 219.71 219.57 218.62 216.97 215.9 216.61 219.1 219.58 220.18 220.8 222.1 221.64 221.03 222.64 220.65 221.93 222.19 221.13 223.55 222.28 219.88 215.79 210.02 192.31 190.7 191.09 210.28 210.3 195.66
