layers/wordclim/future/Iberia_wcB2a_10_hadcm3_2020/bio_09.asc
ncols         166
nrows         93
xllcorner     -9.4959440078468
yllcorner     36.000324005443
cellsize      0.083333337679505
NODATA_value  -9999
[rows 0 to 32 of 93, columns 0 to 72 of 166]
-9999 -9999 -9999 -9999 -9999 -9999 -9999 -9999 -9999 -9999 -9999 -9999 -9999 -9999 -9999 -9999 -9999 179.9756 174.2778 182.8209 177.3333 172.9091 171.913 169.1818 -9999 -9999 -9999 -9999 -9999 -9999 -9999 -9999 -9999 -9999 -9999 -9999 -9999 -9999 -9999 -9999 -9999 -9999 -9999 -9999 -9999 -9999 -9999 -9999 -9999 -9999 -9999 -9999 -9999 -9999 -9999 -9999 -9999 -9999 -9999 -9999 -9999 -9999 -9999 -9999 -9999 -9999 -9999 -9999 -9999 -9999 -9999 -9999 -9999
-9999 -9999 -9999 -9999 -9999 -9999 -9999 -9999 -9999 -9999 -9999 -9999 -9999 -9999 -9999 -9999 181.9394 180.5368 177.65 182.19 176.85 175.68 180.4444 173.37 175.08 173.2784 -9999 -9999 -9999 -9999 -9999 -9999 -9999 -9999 -9999 -9999 -9999 -9999 -9999 -9999 -9999 -9999 -9999 171.9375 172.1731 -9999 -9999 -9999 -9999 -9999 -9999 -9999 -9999 -9999 -9999 -9999 -9999 -9999 -9999 -9999 -9999 -9999 -9999 -9999 -9999 -9999 -9999 -9999 -9999 -9999 -9999 -9999 -9999
-9999 -9999 -9999 -9999 -9999 -9999 -9999 -9999 -9999 -9999 -9999 -9999 -9999 -9999 181.5185 183.8 182.4646 181.2 178.81 174.7 172.08 173.35 176.69 172.22 183.71 188.22 183.2526 183.2658 177.9718 178.2 176.85 176.381 173.8816 177.3506 171.2025 174.2121 172.7808 168.5694 166.1705 168.2577 169.3077 170.2738 172.0303 171.84 170.28 173.5844 173.3279 170.3333 169.8983 -9999 -9999 -9999 -9999 -9999 -9999 -9999 -9999 -9999 -9999 -9999 -9999 -9999 -9999 -9999 -9999 -9999 -9999 -9999 -9999 -9999 -9999 -9999 -9999
-9999 -9999 -9999 -9999 -9999 -9999 -9999 -9999 -9999 -9999 -9999 -9999 -9999 -9999 -9999 -9999 179.8485 174.54 173.35 176.35 173.61 169.61 166.94 166.42 175.26 184.71 189.18 184.28 191.39 190.9596 170.16 168.8 167.59 170.51 161.99 164.94 167.9 163.05 155.85 165.91 171.5556 165.67 164.21 167.84 169.75 169.53 164.8 163.77 170.88 169.19 168.32 166.5769 173.1538 175.322 174.94 -9999 -9999 -9999 -9999 -9999 -9999 -9999 -9999 -9999 -9999 -9999 -9999 176.9863 -9999 176.7619 174.0417 176.1609 175.6087
-9999 -9999 -9999 -9999 -9999 -9999 -9999 -9999 -9999 -9999 -9999 -9999 -9999 -9999 184.9702 186.125 181.21 176.69 175.85 174.14 175.3 174.51 175.14 171.74 175.73 177 180.66 186.47 185.83 177 169.66 175.28 178.4 170.99 170.43 168.87 164.17 159.28 161.08 168.57 168.48 172.37 172.11 167.16 169.08 168.24 166.15 166.35 167.03 167.97 168.87 174.39 174.86 167.88 166.88 164.8 160.24 167.6915 172.5556 177.726 179 179.7692 177.9722 175.0482 176.051 178.87 176.59 176.29 174.1979 176.14 171.71 172.73 176.0238
-9999 -9999 -9999 -9999 -9999 -9999 182.4444 184.525 183.527 -9999 182.8649 182.747 182.41 185.5152 186.81 -9999 182.75 177.8 173.73 174.88 176.76 178.44 179.12 181.38 179.38 180.13 180.16 186.21 175.77 172.95 174.35 183.75 179.63 168.86 169.94 176.82 172.55 172.42 166.5 165.78 163.07 161.94 164.31 167.59 166.8 166.79 164.14 158.51 158.11 162.13 157.6 161.73 166.44 159.84 158.05 158.97 162.06 160.03 165.81 163.71 170.56 168.05 169.88 171.71 168.86 173.08 172.96 172.23 165.51 160.53 163.22 166.06 171.3
-9999 -9999 -9999 -9999 -9999 -9999 181.9726 183.06 183.41 184.17 182.18 176.51 178.98 181.63 185.91 185.85 180.2 177.52 175.1 176.34 177.44 181.66 182.03 184.76 184.87 182.73 179.35 182.56 177.95 175.55 180.91 185.66 173.43 165.82 176.95 180.58 177.06 168.07 169.64 165.89 163.93 165.08 155.47 159.81 166.2 160.45 160.82 163.29 161.65 159.73 157.74 158.68 163.5 154.57 133.22 143.84 140.1 144.57 162.93 157.87 160.62 163.64 164.61 160.94 164.91 169.22 166.33 164.26 165.93 161.34 156.07 164.67 169.33
-9999 -9999 -9999 -9999 178.871 180.58 181.42 178.56 177.32 178.6 177.02 178.8 181.19 180.71 182.24 179.64 176.56 176.93 175.97 178.92 179.32 181.42 185.46 185.9 185.19 182.27 178.04 182.05 172.79 176.97 174.78 181.9 174.03 168.19 175.71 178.18 167.19 156.27 168.43 159.01 162.62 159.82 168.21 166.48 169.88 165.74 166.21 165.55 160.38 154.29 159.33 157.69 151.75 160.29 147.41 140.65 149.14 167.3 170.85 168.29 154.81 163.8 166.69 167.26 168.51 171.08 169.84 172.32 172.33 159.39 155.96 162.02 167.71
-9999 -9999 -9999 167.5773 181.27 177 178.01 177.5 177.85 178.05 180.46 182.64 185.97 185.73 185.13 183.76 181.05 177.83 174.47 177.59 181.36 182.33 185.6 185.99 183.45 182.31 177.45 176.77 181.78 180.7 186.84 184.82 171.52 163.38 173.91 161.45 161.96 142.68 141.58 145.56 135.72 146.47 139.99 163.69 172.12 149.71 147.05 153.07 145.96 142.55 154.36 147.14 155.92 159.68 149.04 149.97 137.7 141.52 152.19 162.28 156.75 142.13 152.01 165.33 167.97 170.43 169.5 171.24 168.88 169.65 174.55 175.91 176.46
-9999 -9999 -9999 175.7882 178.7273 177.49 177.71 179.22 181.07 182.23 184.52 187.3 188.77 188.55 186.57 184.31 183.91 178.86 178.25 177.09 181.07 180.86 183.32 188.54 190 188.34 180.9 180.72 179.67 188.05 185.94 176.43 174.75 165.28 162.32 155.35 148.14 156.06 156.02 155.17 150.27 156.34 154.45 149.44 155.3 157.84 153.54 158.35 150.71 156.48 166.61 159.45 159.2 161.41 163.78 154.41 141.37 139.07 144.85 156.74 162.7 143.83 152.22 168.91 171.55 172.15 172.98 172.63 172.99 174.66 179.22 184.57 182.96
-9999 -9999 -9999 -9999 184.1897 177.25 179.59 183.16 182.96 187.99 191.57 189.17 189.03 191.77 190.59 188.8 190.1 187.32 184.71 183.04 181.32 185.09 188.67 191.72 193.75 190.75 186.37 179.95 186.15 187.13 176.33 162.85 152.3 152.91 162.56 160.39 162.18 156.44 145.16 150.78 146.35 146.51 156.71 165.87 153.27 164.03 166.22 168.32 161.33 169.79 171.13 163.29 168.41 162.19 166.91 156.59 155.44 155.45 156.83 167.61 171.7 171.28 171.2 174.03 173.95 174.91 171.86 177.49 176.26 180.5 177.47 180.82 186.05
-9999 -9999 -9999 -9999 187 185.75 188.0909 190.6044 180.44 188.06 192.4 194.62 193.79 195.44 194.95 186.79 186.96 183.97 181.47 184.84 182.44 184.75 192.12 187.84 188.36 194.48 182.12 178 181.48 178.35 173.04 152.73 164.15 172.51 180.89 177.66 163.93 150.82 150.45 152.39 160.81 167.84 173.21 174.51 176.01 171.59 179.58 180.59 177.11 180.14 178.69 176.68 177.22 173.37 176.23 170.41 166.82 172.99 173.07 171.6 174.74 176.97 180.07 179.8 176.69 179.94 180.37 175.55 178.7 176.94 173.46 180.43 181.67
-9999 -9999 -9999 -9999 -9999 -9999 178.8261 187.27 186.95 193.28 192.42 191.36 194.06 186.32 188.13 186.26 181.82 183.11 180.32 178.6 186.07 192.8 186.47 184.93 189.18 188.06 179 168.02 165.5 169.63 175.93 168.96 181.63 189.48 187.63 188.35 179.3 176.02 176.33 173.46 168.73 170.16 176.25 181.79 183.9 182.14 187.52 188.53 185.12 188.28 182.88 185.23 182.78 182.96 180.33 177.09 176.92 177.76 179.91 178.2 181.92 181.42 182.84 178.94 178.15 179.02 180.14 178.94 180.34 177.49 173.47 179.13 190.74
-9999 -9999 -9999 -9999 -9999 190.5932 185.1489 -9999 -9999 191.02 193.22 188.61 184.95 179.36 175.02 184.8 184.49 180.27 178.34 177.36 188.65 194.53 191.18 193.23 200.92 191.5 178.44 178.85 172.97 165.73 177.6 185.55 193.7 199.98 200.61 197.31 196.3 192.94 185.9 177.64 181.53 185.98 186.24 189.4 189.85 190.31 195.55 195.04 193.5 193.04 190.19 191.22 186.49 189.16 184.36 182.18 183.11 182.65 185.59 183.86 185.74 188.49 187.08 183.34 183.07 181.55 181.65 180.8 180.76 178.12 179.51 186.15 193.88
-9999 -9999 -9999 -9999 -9999 -9999 -9999 196 195.0121 195.2 192.38 189.05 185.01 182.28 176.56 178.76 182.33 179.05 177.43 182.94 187.95 196.5 196.78 205.5 204.75 199.65 190.32 186.54 174.63 172.96 180.6 195.35 202.76 206.86 205.11 199.48 184.4 175.66 173.18 176.13 186.03 190.55 191.66 195.45 196.28 196.8 199.33 200.12 199.22 197.1 195.72 192.23 191.25 193.59 189.48 187.26 189.04 187.71 188.3 189.27 188.37 190.95 191.63 190.86 190.2 189.37 187.53 183.24 183.89 182.97 186.67 188.53 185.7
-9999 -9999 -9999 -9999 -9999 -9999 -9999 194.6875 193.1522 188.809 195.47 191.14 182.71 173.66 179.16 186.86 191.29 193.21 194.38 194.69 196.43 198.2 202.19 203.6 197.53 197.3 198.75 198.36 182.41 188.63 193.72 199.46 202.73 191.07 176.72 178.83 168.16 165.18 177.75 186.7 192.35 195.95 195.85 199.64 200.14 200.29 201.72 203.41 202.3 200.18 197.71 195.62 195.66 196.9 194.02 191.57 193.24 194.31 193.79 194.13 194.87 195.23 194.57 194.96 194.92 193.89 189.83 187.87 189.1 188.77 187.28 186 186.77
-9999 -9999 -9999 -9999 -9999 -9999 -9999 -9999 -9999 191.2941 194.172 192.59 189.36 175 178.62 193.21 203.47 201.41 205.55 208.29 207.1 190.27 186.11 192.94 194.57 183.63 183.29 202.61 205.03 188.01 183.62 193.71 177.19 173.15 177.84 157.5 155.11 164.96 179.86 186.92 192.28 197.44 201.12 202.55 202.67 203.25 203.67 205.08 202.87 201.52 200.43 199.06 200.16 200.53 198.3 196.3 196.72 198.22 198.19 198.59 198.4 198.94 199.28 198.97 198.23 194.79 192.93 192.86 193.16 193.59 190.09 188.11 187.26
-9999 -9999 -9999 -9999 -9999 -9999 -9999 -9999 193.4744 189.8485 -9999 191.76 187.98 183.76 175.3 190.05 206.99 205.86 201.46 209.59 206.85 194.19 191.36 179.25 175.69 175.12 167.14 190.92 194.96 183.83 168.91 164.98 161.11 161.49 168.39 179.04 172.48 162.7 173.67 187.31 195.84 199.91 202.96 204.83 205.1 205.38 205.54 206.82 203.34 201.24 202.88 203.03 203.75 203.28 202.06 201.41 200.44 200.73 202.1 201.93 202.47 201.72 202.01 201.24 198.98 195.01 196.37 198.04 196.71 194.72 192.14 190.46 187.69
-9999 -9999 -9999 -9999 -9999 -9999 -9999 -9999 -9999 193.7802 194.49 196.44 199.59 189.46 186.15 197.63 203.58 202.13 202.82 200.25 198.87 195.8 197.3 179.55 166.49 161.16 155.04 172.56 190.32 177.38 169.13 155.52 143.18 147.65 158.5 158.8 163.83 175.01 180.63 190.6 196.32 200.14 201.51 205.53 207.05 207.16 207.12 207.54 204.77 205.26 206 206.55 206.3 205.13 204.96 204.7 204.91 203.61 204.55 205.45 205.37 203.92 203.76 201.71 198.91 201.81 202 200.33 198.97 197.36 195.3 192.59 185.84
-9999 -9999 -9999 -9999 -9999 -9999 -9999 -9999 194.1319 186.83 198.95 200.01 202.95 194.02 205.25 197.59 190.9 183.36 188.21 188.76 189.76 196.15 193.91 188.49 177.51 167.85 171.52 181.96 187.35 173.89 163.7 152.86 155.19 174.34 181.69 181.14 181.86 187.2 193.23 198.86 199.67 203.4 205.16 205.84 208.86 208.13 208.48 208.42 208.22 208.5 208.12 208.63 207.69 206.58 207.71 207.67 208.39 208.96 207.21 208.82 205.1 202.76 203.9 203.07 205.91 203.34 203.79 202.9 200.97 198.19 195.26 191.59 194.13
-9999 -9999 -9999 -9999 -9999 -9999 -9999 182.3016 183.83 193.23 198.66 201.13 199.68 202.51 184.66 169.46 161.93 170.76 180.82 189.23 193.31 195.68 196.94 189.97 201.53 186.47 184.04 187.84 182.1 175.92 169.59 164.26 163.09 184.56 188.66 190.33 192.64 194.33 198.01 202.11 204.74 206.35 208.1 208.22 208.27 209.4 211.03 209.82 209.78 209.16 210.76 210.25 208.98 209.45 209.56 210.22 210.91 211.73 211.04 210.94 207.34 208.09 209.62 207.6 205.19 204.09 205.11 204.73 203.95 203.17 201.15 198.72 195.2
-9999 -9999 -9999 -9999 -9999 -9999 -9999 185.4833 193.45 194.65 194.76 183.13 190.73 186.12 163.47 176.23 182.52 189.82 187.35 178.52 176.66 184.43 188.97 196.63 210.94 199.03 193.34 197.77 191.91 186.98 187.45 183.62 174.42 192.5 194.87 192.96 192.07 198.1 200.38 202.45 203.94 206.84 208.13 209.59 210.67 211.93 211.89 211 211.03 211.75 212.01 211.17 209.94 211.83 212.07 212.55 211.86 210.13 208.17 211.24 213.03 210.82 209.09 207.2 204.51 203.59 204.67 204.47 203.19 202.01 200.82 196.64 194.58
-9999 -9999 -9999 -9999 -9999 -9999 -9999 190.6667 191.1591 186.47 190.73 182.1 196 195.9 190.34 192.04 193.19 178.63 167.37 169.2 171.44 173.86 193.48 198.14 212.75 203.28 193.15 200.75 201.08 193.21 193.41 194.63 194.08 203.28 200.18 202.38 200.09 198.5 196.56 195.67 199.33 202.68 207.45 208.74 210.96 212 212.99 213.22 214.18 214.34 213.47 212.55 212.7 212.72 210.93 209.9 209.24 209.64 210.59 214.98 212.44 210.64 209.11 207.29 205.62 205.08 204.62 205.31 204.62 204.24 204.1 201.92 200.41
-9999 -9999 -9999 -9999 -9999 -9999 -9999 -9999 186.78 183.49 197.35 195.43 199.72 198.45 192.9 177.42 170.64 163.13 179.75 174.71 178.69 180.45 188.32 200.66 214.94 206.14 195.05 205.43 205.36 205.43 198.3 191.58 200.69 208.6 201.46 206.44 204.72 200.55 203.67 206.27 203.25 203.45 207.65 212.35 213.02 212.58 214.22 214.45 213.99 213.24 214.56 214.58 212.45 210.27 209.8 209.79 210.55 213.09 216.84 215.19 212.52 212.08 210.79 210.01 209.13 208.37 209.95 209.43 208.35 209.17 208.87 208.55 207.73
-9999 -9999 -9999 -9999 -9999 -9999 -9999 -9999 190.6 193.9592 193.28 193.52 191.81 197.68 195.05 191.48 190.19 194.65 185.52 178.35 179.46 189.4 201.95 211.01 209.01 198.3 206.18 213.07 216.07 208.33 198.22 187.76 201.25 202.65 206.94 210.05 203.25 201.95 203.76 206.18 208.58 207.87 209.31 212.06 213.69 214.32 215.16 216.18 215.03 214.44 213.95 212.1 211.1 211.24 211.12 211.59 213.7 218 215.65 214.54 214.14 213.76 212.32 211.16 210.61 209.79 214.32 215.59 214.77 213.28 213.49 212.59 211.24
-9999 -9999 -9999 -9999 -9999 -9999 -9999 -9999 192.2105 191.73 193.59 197.28 203.02 204.08 204.5 198.3 196.26 181.48 180.08 186.41 197.04 200.11 208.7 212.75 194.5 207.66 215.86 221.83 222.56 213.68 202.43 198.45 199.68 207.28 210.49 211.79 209.01 207.49 205.68 206.94 207.39 209.93 212.21 213.63 213.84 215.6 216.88 214.18 214.42 213.65 214.16 215.09 214.43 213.77 212.88 213.24 218.19 219.61 217.55 217.6 216.6 215.19 215.07 216.55 217.04 214.18 216.51 213.74 214.47 214.49 214.94 213.39 212.49
-9999 -9999 -9999 -9999 -9999 -9999 -9999 -9999 -9999 192.18 196.25 198.5 200.78 197.1 202.53 203.26 194.01 196.41 199.99 201.48 207.95 194.54 198.8 190.85 198.28 214.62 223.21 226.14 222.65 215.28 210.24 211.21 210.88 217.08 216.58 215.7 210.91 207.71 209.53 210.41 212.53 210.39 212.21 213.8 214.97 217.85 218 216.5 216.24 216.96 217.52 217.7 217.89 216.37 217.73 219.99 221.03 221.1 221.21 215.72 215.7 214.41 213.22 213.96 215.13 215.15 212.9 211.36 212.32 211.87 208.95 209.83 208.31
-9999 -9999 -9999 -9999 -9999 -9999 -9999 -9999 -9999 193.86 194.35 197.31 197.01 201.68 202.82 201.75 198.23 199.56 214.08 204.43 189.5 188.81 191.27 199.71 208.69 210.85 213.54 225.93 222.65 210.4 200.09 215.16 219.6 220.52 219.3 217.73 212.86 210.43 214.98 211.79 211.77 213.84 213.3 215.62 216.83 217.59 218.17 216.64 217.6 218.95 219.61 219.28 219.87 220.21 220.09 219.39 220.47 221.96 220.24 216.57 215.12 214.77 214.46 214.51 214.87 215.25 214.33 208.95 203.27 202.48 204.58 211.91 211.84
-9999 -9999 -9999 -9999 -9999 -9999 -9999 -9999 -9999 193.6667 195.55 198.37 200.43 202.01 201.42 204.18 199.29 204.11 213.45 201.06 176.47 198.84 198.25 201.8 212.29 222.53 224 223.46 219.6 222.31 215.28 221.23 219.92 212 208.64 210.18 213.84 217.59 214.01 211.71 210.9 211.53 212.59 213.61 215.23 214.08 214.55 215.49 215.29 216.03 217.03 218.07 217.85 218.71 217.9 218.43 220.27 221.57 219.67 219.76 221.07 219.68 219.08 218.73 217.72 216.92 217.85 211.85 205.57 209.09 211.58 212.36 211.25
-9999 -9999 -9999 -9999 -9999 -9999 -9999 -9999 -9999 193.5696 193.8 196.41 195.35 195.57 200.14 205.75 207.35 213.57 199.54 190.14 206.43 212.45 204.22 215.23 208.13 220.87 211.68 212.97 226.69 227.11 223.51 226.55 218.9 211.39 213.2 216.82 221.11 216.83 214.59 213.5 212.8 211.34 210.71 210.78 211.78 211.01 211.71 212.7 214.84 217.25 214.8 217.08 217.93 219.12 220.45 221.03 221.31 220.84 221.2 221.28 221.74 221.53 220.27 219.48 218.38 218.12 216.94 215.68 211.95 214.81 212.96 207.36 200.16
-9999 -9999 -9999 -9999 -9999 -9999 -9999 -9999 -9999 193.6226 194.76 196.43 198.19 198.84 202.89 204.88 211.36 199.6 195.59 196.55 218.93 216.33 214.59 223.88 222.44 218.7 207.69 210.29 230.12 226.32 219.96 222.68 216.51 217.12 216.44 217.62 213.54 212.36 214.88 215.39 215.73 214.67 213.27 211.16 211.92 213.37 211.61 210.07 212.11 214.52 215.48 216.99 217.99 219.12 219.98 220.87 220.05 220.44 219.45 221.17 221.32 221.14 220.94 220.16 219.24 218.23 217.81 215.6 212.38 211.51 211.13 199.78 181.17
-9999 -9999 -9999 -9999 -9999 -9999 -9999 -9999 -9999 -9999 194.9032 198.21 200.15 200.57 202.22 207.25 207.34 206.98 210.45 208.47 218.15 216.64 217.15 219.86 218.34 221.93 224.39 226 233.38 222.27 220.41 224.28 223.75 220.16 214.67 215.39 215.34 214.76 214.07 215 216.9 218.11 216.81 217.42 217.33 217.01 215.26 214.78 213.3 213.55 215.94 216.64 217.23 217.94 218.97 219.97 218.78 219.96 218.1 220.18 221.18 220.29 219.79 220.83 220.01 216.73 212.91 211.42 209.78 204.06 192.2 182.48 185.54
-9999 -9999 -9999 -9999 -9999 -9999 -9999 -9999 -9999 -9999 195.0119 195.27 200.66 202.44 204.18 202.31 191.59 197.11 184.52 190.07 205.18 201.98 206.76 205.32 204.53 208.22 217.8 220 231.61 230.06 230.02 229.51 229 221.4 217.32 216.93 216.01 216.27 215.22 214.93 216.41 216.99 218.32 219.05 219.71 219.57 218.62 215.99 212.05 212.17 214.72 215.3 216.18 216.7 218.1 217.83 217.3 219.21 217.6 219.2 219.39 218.28 220.76 219.54 217.31 213.31 207.76 190.93 189.6 190.05 208.62 208.96 194.54
