layers/wordclim/future/Iberia_wcB2a_10_hadcm3_2020/bio_07.asc
ncols         166
nrows         93
xllcorner     -9.4959440078468
yllcorner     36.000324005443
cellsize      0.083333337679505
NODATA_value  -9999
[rows 0 to 32 of 93, columns 0 to 72 of 166]
-9999 -9999 -9999 -9999 -9999 -9999 -9999 -9999 -9999 -9999 -9999 -9999 -9999 -9999 -9999 -9999 -9999 168.1707 175.5833 170.9104 174.5909 177.3523 177.942 180.7727 -9999 -9999 -9999 -9999 -9999 -9999 -9999 -9999 -9999 -9999 -9999 -9999 -9999 -9999 -9999 -9999 -9999 -9999 -9999 -9999 -9999 -9999 -9999 -9999 -9999 -9999 -9999 -9999 -9999 -9999 -9999 -9999 -9999 -9999 -9999 -9999 -9999 -9999 -9999 -9999 -9999 -9999 -9999 -9999 -9999 -9999 -9999 -9999 -9999
-9999 -9999 -9999 -9999 -9999 -9999 -9999 -9999 -9999 -9999 -9999 -9999 -9999 -9999 -9999 -9999 166.4394 170.0105 174.95 175.08 181.24 184.39 182.8182 188.47 189.68 188.433 -9999 -9999 -9999 -9999 -9999 -9999 -9999 -9999 -9999 -9999 -9999 -9999 -9999 -9999 -9999 -9999 -9999 180.8906 178.1731 -9999 -9999 -9999 -9999 -9999 -9999 -9999 -9999 -9999 -9999 -9999 -9999 -9999 -9999 -9999 -9999 -9999 -9999 -9999 -9999 -9999 -9999 -9999 -9999 -9999 -9999 -9999 -9999
-9999 -9999 -9999 -9999 -9999 -9999 -9999 -9999 -9999 -9999 -9999 -9999 -9999 -9999 160.8704 163.5053 168.202 172.77 177.56 183.81 188.47 189.79 190.55 195.62 191.39 190.62 191.9053 195.5949 197 195.8364 197.2875 197.9643 200.1974 198.3636 201.9367 200.0606 200.137 202.5417 202.6023 199.6289 197.1026 194.3214 190.1616 187.12 185.46 179.3247 177.541 182.8167 184.2881 -9999 -9999 -9999 -9999 -9999 -9999 -9999 -9999 -9999 -9999 -9999 -9999 -9999 -9999 -9999 -9999 -9999 -9999 -9999 -9999 -9999 -9999 -9999 -9999
-9999 -9999 -9999 -9999 -9999 -9999 -9999 -9999 -9999 -9999 -9999 -9999 -9999 -9999 -9999 -9999 174.0707 181.58 185.8 186.72 191.3 196.11 199.66 202.08 200.33 198.7 198.31 202.84 200.49 202.1515 207.39 209.97 211.56 207.86 215.7 211.9 210.12 213.02 217.96 208.84 202.2222 205.63 204.75 198.35 193.7 191.94 197.32 198.54 189.48 192.96 194.45 197.7308 190.859 189.7288 190 -9999 -9999 -9999 -9999 -9999 -9999 -9999 -9999 -9999 -9999 -9999 -9999 165.5206 -9999 165.3492 168.4271 168.0805 169.3913
-9999 -9999 -9999 -9999 -9999 -9999 -9999 -9999 -9999 -9999 -9999 -9999 -9999 -9999 165.0149 170.5417 177.54 184.87 188.43 192.4 193.86 196.99 199.45 203.6 205.64 207.26 207.52 206.5 208.63 214.67 219.27 218.38 216.34 220.31 223.65 219.05 223.41 227.26 220.54 213.97 211.97 206.59 204.18 207.25 204.07 203.32 205.25 204.7 203.86 202.71 202.22 196.36 196.01 203.24 203.4 204.28 207.55 200.5532 195.0494 189.3562 186.4026 183.8974 183.3333 183.747 180.0408 175.6 174.5 172.45 173.1146 171.3 175.05 174.93 175.0238
-9999 -9999 -9999 -9999 -9999 -9999 155.5926 155.7125 158.6622 -9999 163.2027 164.7349 165.75 165.7778 169.24 -9999 182.03 188.47 193.98 195.48 196.85 198.78 202.54 204.53 207.87 209.93 212.19 211.44 218.19 221.64 222.88 220.67 223.95 229.92 230.77 227.46 225.19 226.15 229.83 226.76 228.58 227.59 222.99 216.88 216.53 215.41 218.36 224.77 225.13 219.79 226.04 219.43 213.38 221.49 225.1 221.29 215.46 217.43 207.47 207.98 199.74 199.74 195.79 192.42 192.29 186.5 185.28 184.19 189.56 194.22 191.62 189.29 184.02
-9999 -9999 -9999 -9999 -9999 -9999 157.8493 159.43 161.89 163.85 168.91 178.34 180.85 179.96 178.36 182.04 189.31 192.87 196.4 198.13 200.59 202.85 205.44 207.53 210.06 213.23 217.07 218.16 222.15 226.54 226.3 225.45 231.89 234.73 233.73 232.4 235.3 239.71 239.36 240.67 242.12 236.25 243.61 235.89 227.72 235.67 237.61 232.55 235.22 236.76 243.34 235.54 235.08 241.08 247.03 240.62 243.58 241.37 223.51 227.12 221.69 214.37 209.8 212.66 205.99 198.21 200.51 199.39 200.03 212.49 219.59 207.18 197.71
-9999 -9999 -9999 -9999 152.4839 157.76 160.44 166.09 171.08 174.16 181.29 184.88 187.78 191.06 191.03 193.35 195.69 197.13 199.46 201.06 204.56 206.98 208.62 211.3 214.42 218.35 222.12 224.18 229.21 230.49 232.51 231.51 235.83 238.69 239.89 240.27 243.91 246.13 245.53 248.34 247.35 250.33 247.23 247.04 241.74 245.47 246.07 246.39 250.45 249.94 249.23 250.24 249.84 245.53 249.87 249.75 246.68 235.77 227.83 230.27 240.13 233.74 228.69 226.24 223.53 211.55 219.28 210.98 212.91 226.11 228.72 223.86 220.24
-9999 -9999 -9999 151.8041 155.56 161.8 164.8 169.41 173.96 179.63 183.66 190.11 191.44 194.89 196.22 196.76 197.64 199.66 203.43 205.9 207.64 210.57 212.99 216.12 219.63 222.68 227.46 230.37 231.27 233.75 233.67 236.22 241.76 244 244.94 246.81 248.65 249.67 250.71 252.37 252.39 254.57 254.39 254.88 253.7 257.14 257.02 256.89 258.16 258.01 257.88 257.04 256.54 254.73 254.87 254.86 254.88 251.69 248.8 245.52 246.72 249.21 246.16 239.03 235.1 231.82 232.05 228.93 228.9 228.17 223.2 221.79 221.55
-9999 -9999 -9999 151.6824 158.4343 162.4 166.33 169.93 173.57 179.16 184.68 191.23 196.88 200.86 201.06 200.11 199.38 201.84 205.72 209.2 211.61 215.05 217.83 219.55 222.24 226.3 230.75 233.46 236.1 236.55 238.93 243.33 244.97 247.23 249.03 249.65 251.82 253.7 255.34 256.84 257.26 259.36 260.59 260.86 262.01 263.18 263.76 264.48 263.19 264.4 263.18 262.8 261.31 260.62 259.23 259.04 259.57 258.6 257.45 253.99 251.85 254.79 251.86 244.71 241.44 238.92 237.85 236.57 234.77 233.15 228.08 222.86 225.05
-9999 -9999 -9999 -9999 155.7069 163.02 165.55 167.26 173.19 174.71 178.66 192.24 202.69 200.79 202.08 201.4 200.75 201.98 206.74 210.99 215.06 217.9 220.62 223.26 226.77 230.29 233.82 237.17 238.92 242.17 245.13 246.5 247.83 248.9 251.67 254.11 255.96 257.03 256.98 259.59 260.69 261.93 264.61 268.5 266.82 269.62 270.37 271.33 269.99 269.66 268.31 268.63 266.57 266.04 265.12 264.86 263.54 263.02 261.27 257.66 254.5 253.88 251.92 249.16 248.43 245.75 245.2 241.62 240.89 237.56 237.92 234.88 231.57
-9999 -9999 -9999 -9999 153.875 156.8125 158.8182 160.7253 175.96 174.52 178.48 183.09 193.32 195.91 199.57 202.87 202.7 206.2 210.96 214.22 218.49 221.75 224.44 229.01 232.13 234.34 237.87 240.96 244.21 246.2 248.42 248.04 250.9 254.66 257.41 258.9 259.23 259.13 261.56 263.31 266.42 270.28 272.73 274.35 275.78 275.91 278.05 277.67 276.7 275.88 274.65 273.12 271.84 270.89 268.9 269.39 267.93 265.72 264.93 263.39 260.79 258.9 256.13 254.37 254.65 251.19 249.01 250.47 247.71 246.88 248.81 243.75 243.87
-9999 -9999 -9999 -9999 -9999 -9999 165.0761 162.63 168.27 167.84 177.39 187 191.98 201.92 204.52 205.72 208.28 210.72 215.12 218.9 221.99 225.55 229.81 232.93 235.89 238.77 240.97 242.9 244.89 248.04 251.76 251.99 257.06 259.7 261.53 263.55 264.85 266.11 268.27 270.06 272.25 274.44 277.34 279.97 282.82 283.98 284.77 284.55 283.16 280.09 280.7 278.2 276.47 274.63 274.68 273.9 273.2 271.17 268.89 268.95 265.38 264.03 262.57 262.13 260.66 259.46 257.31 256.87 254.44 254.42 255.7 252.92 246.02
-9999 -9999 -9999 -9999 -9999 152.1356 159.1064 -9999 -9999 170.36 174.79 188.14 198.52 203.8 206.57 208.4 212.03 215.37 218.5 221.93 225.94 230.83 233.6 236.84 239.59 242.34 244.54 247.09 248.58 249.76 253.52 257.99 260.59 262.35 265.73 268.09 269.76 271.1 273.34 275.23 277.54 280.11 283.55 285.87 288.22 291.62 291.4 289.4 287.22 285.6 284.11 281.62 282.56 279.67 279.3 279 277.25 276.83 274.27 272.95 271.63 269.05 267.56 267.75 266.08 265.87 264.11 262.84 261.71 260.38 260 256.45 251.76
-9999 -9999 -9999 -9999 -9999 -9999 -9999 153.5 157.8916 163.56 173.77 186.48 197.39 203.86 208.05 212.17 215.55 218.35 221.29 225.36 229.59 234.94 237.97 241.08 243.35 247.09 249.08 250.74 251.28 252.27 257.43 261.83 263.63 265.77 269.53 272.03 272.46 272.6 274.58 277.74 282.13 284.74 287.21 288.95 292.82 295.33 294.89 292.83 290.72 289.26 288.17 287.57 286.04 284.48 284.24 284.39 282.22 281.14 280.46 278.44 276.84 275.37 273.48 272.01 270.41 268.79 268.83 268.04 267.54 266.08 264.72 263.15 263.38
-9999 -9999 -9999 -9999 -9999 -9999 -9999 153.5208 158.7391 170.1124 168.85 183.78 199.27 205.44 209.55 214.83 219.23 223.83 227.83 231.31 235.94 238.96 242.38 244.9 246.55 249.27 251.42 254.26 253.94 258.26 260.88 264.95 267.04 269.18 268.66 271.34 270.84 272.95 279.08 282.77 285.13 287.23 290.62 292.07 294.53 297.16 297.01 294.75 294.38 293.19 292.23 292.18 290.3 288.03 288.81 287.3 286.72 285.14 283.78 283 281.31 280.59 278.77 277.04 276.05 274.57 274.76 273.81 273.25 271.56 269.99 270.25 269.92
-9999 -9999 -9999 -9999 -9999 -9999 -9999 -9999 -9999 168.3529 171.7097 183.92 197.06 206.24 210.93 217.59 223.41 228.98 234.18 239.02 242.49 239.68 240.54 245.25 249.23 249.69 252.25 257.8 260.03 259.66 261.43 265.67 265.87 267.31 270.65 267.5 269.72 274.59 281.54 285.04 288.57 290.41 291.82 293.63 296.47 297.62 297.75 297.88 297.09 296.2 294.89 293.98 293.04 291.75 291.45 291.88 290.72 290.35 289.46 288.95 287.26 285.47 284.48 282.37 281.91 280.69 280.63 279.21 277.92 277.87 275.83 276.11 275.92
-9999 -9999 -9999 -9999 -9999 -9999 -9999 -9999 160.9872 170.8333 -9999 187.44 199.1 206.81 212.47 219.97 226.62 232.66 236.13 243.88 245.69 242.98 244.6 242.85 245.13 247.65 248.46 257.19 262.08 261.63 259.78 262.13 263.22 265.74 269.9 275.64 276.18 275.25 281.95 287.43 290.29 292.03 294.33 295.88 297.21 299.14 298.48 298.36 299.31 298.8 297.23 297.19 296.14 296.31 295.68 296.31 295.81 295.16 294.97 293.72 293.12 291.07 290.36 288.49 286.76 286.45 284.82 284.45 283.49 283.32 281.61 281.76 282.1
-9999 -9999 -9999 -9999 -9999 -9999 -9999 -9999 -9999 169.7692 177.91 187 196.56 208.3 216.63 224.03 230.85 235.94 239.57 242.09 244.18 245.25 248.55 244.8 242.44 243.98 245.36 253.7 262.77 261.05 260.84 260.24 258.83 262.47 268.7 270.94 274.48 281.08 284.96 289.3 292.84 294.38 296.05 298.03 299.23 299.3 300.28 300.26 300.55 300.79 300.12 300.24 299.56 299.07 299.49 299.17 300.01 299.96 300.58 299.51 297.94 297.08 294.82 293.79 292.23 290.94 289.25 289.22 288.37 286.94 286.69 286.23 287.83
-9999 -9999 -9999 -9999 -9999 -9999 -9999 -9999 164.8352 178.49 178.12 188.62 198.48 211.84 222.17 226.55 228.41 227.92 233.6 237.43 240.84 246.45 248.21 249.4 247.67 246.52 251.31 258.36 263.09 260.68 260.91 259.89 262.98 272.64 277.06 279.25 281.89 285.3 288.55 292.12 293.93 295.35 297.78 298.93 298.82 300.73 300.89 301.12 302.21 301.61 302.47 302.11 302.66 302.37 302.09 302.76 302.63 304.17 304.92 305.34 303.97 302.65 299.78 297.69 295.99 294.16 293.71 292.29 291.96 291.14 291.52 291.39 291.63
-9999 -9999 -9999 -9999 -9999 -9999 -9999 169.1111 174.8 176.16 181.64 191.15 202.38 214.16 218.66 216.98 217.51 223.07 231.08 238.4 243.48 247.25 251.59 250.9 258.62 255.08 258.05 261.74 261.68 262.09 263.46 264.24 266.12 276.74 279.99 282.34 285.01 288.25 290.73 292.99 295.63 297.28 298.67 299.75 300.75 301.27 302.15 302.7 302.88 304.02 303.2 304.32 304.42 305.46 305.37 306.3 306.65 306.98 308.58 309.36 308.37 305.42 303.72 301.22 300.05 298.1 297.32 295.78 295.82 294.79 295.19 294.83 294.67
-9999 -9999 -9999 -9999 -9999 -9999 -9999 168.15 169.37 177.41 186.74 199.98 207.18 214.14 212.54 220.03 226.44 233.17 234.92 231.93 233.67 241.14 247.64 254.85 263.6 261.53 262.06 266.46 266.87 268.39 270.92 271.86 271.75 280.03 282.6 283.72 286.35 289.16 291.26 294.24 296.25 297.72 300.33 300.36 301.93 302.58 302.84 304.36 304.43 305.15 304.97 305.37 306.57 306.42 307.98 307.91 309.15 309.84 311.64 311.42 310.86 308.21 305.65 304.21 302.24 301.34 299.5 299.39 297.99 298.19 297.67 297.59 297.67
-9999 -9999 -9999 -9999 -9999 -9999 -9999 166.2121 173.2841 183.79 190.88 200.85 207.8 216.22 221.42 227.77 232.68 227.91 225.17 228.22 231.02 235.9 250.93 256.46 265.5 265.04 262.77 268.27 270.97 271.44 274.08 277.14 279.84 284.47 285 287.27 288.23 290.75 292.26 293.95 296.97 298.72 300.46 301.64 302.6 303.18 304.23 304.49 305.56 305.26 306.5 306.67 307.88 307.95 308.27 309.44 309.93 311.36 311.47 312.28 310.97 309.83 307.85 306.68 304.97 303.9 302.34 301.2 300.88 300.12 299.35 299.4 300.73
-9999 -9999 -9999 -9999 -9999 -9999 -9999 -9999 176.83 186.15 188.71 198.67 207.63 215.99 222.27 221.69 221.91 221.26 231.75 230.41 234.65 238.82 248.12 258.57 267.7 266.89 264.24 270.37 273.04 276.07 276.32 275.94 283.13 285.82 285.92 288.59 290.59 291.42 293.5 296.27 297.53 299.89 301.47 301.35 303.38 304.1 304.7 305.83 306.41 307.58 307.06 308.05 308.21 309.41 309.39 310.16 310.72 311 311.87 311.74 311.53 310.06 308.96 307.36 306.56 304.95 304.44 303.28 303.45 302.62 302.15 301.82 303.16
-9999 -9999 -9999 -9999 -9999 -9999 -9999 -9999 175.2778 182.1735 191.57 201.59 209.85 216.59 224.13 228.03 231.55 238.5 235.85 233.74 236.08 246.86 258.32 265.34 265.91 264.6 270.14 273.88 276.46 277.31 276.71 274.89 283.12 284.9 288.19 290.44 290.43 292.75 294.66 296.66 299.59 300.6 302.78 302.81 303.42 305.31 306.01 307.4 307.42 307.62 308.71 308.85 309.69 309.68 310.39 310.46 311.5 311.48 312.32 311.87 312.07 310.72 309 308.74 306.55 306.42 305.34 305.51 304.84 304.02 303.73 304.76 304.54
-9999 -9999 -9999 -9999 -9999 -9999 -9999 -9999 175.75 184.1 192.31 200.77 207.19 215.65 224.97 231.51 235.8 231.73 233.41 240.34 250.44 255.21 263.38 267.29 259.58 269.49 274.96 276.75 277.86 278.79 278.06 279.5 281.99 285.78 288.8 290.79 292.75 293.93 296.07 298.07 299.52 301.86 303.45 305.06 304.71 305.65 307.14 307.07 308.57 309 309.86 309.82 310.16 311.01 310.98 311.62 311.18 312.11 311.81 312.31 311.22 310.9 309.75 309.55 308.13 306.81 306.78 305.94 305.69 304.91 305.52 305.65 306.79
-9999 -9999 -9999 -9999 -9999 -9999 -9999 -9999 -9999 184.53 191.3 200.28 208.64 218 225.67 232.55 235.82 241.35 246.13 250.71 258.14 252.66 258.46 255.52 262.67 272.88 277.26 277.42 279.34 279.62 280.9 282.84 285.38 287.74 289.55 292.11 292.93 294.9 296.96 298.65 301.15 302.07 304.45 305.34 306.17 306.8 307.07 308.35 308.56 309.96 310.5 311.51 311.36 312.16 311.85 312 311.99 311.81 312.37 311.36 311.15 310.37 310.04 308.84 308.9 308.05 307.61 306.89 305.81 306.32 306.13 307.2 307.43
-9999 -9999 -9999 -9999 -9999 -9999 -9999 -9999 -9999 183.87 192.56 201.4 210.33 218.21 225.55 232.82 238.55 243.3 252.46 253.96 247.36 250.24 253.85 262.67 270.22 273.11 274.9 279.09 279.7 278.8 276.25 283.36 286.66 288.14 290.56 292.07 294.39 295.69 298.63 299.62 300.92 303.52 304.5 306.77 307.58 308.1 308.55 309.58 309.89 310.3 311.35 311.27 312.07 312.09 312.44 312.11 312.85 312.52 313.09 311.78 310.6 310.54 309.41 309.21 308.38 308.38 307.66 307.69 306.56 306.45 307.66 307.54 309.03
-9999 -9999 -9999 -9999 -9999 -9999 -9999 -9999 -9999 184.0909 192.21 201.07 208.98 218.06 225.9 232.81 239.08 245.3 252.64 253.05 238.76 258.74 260.49 264.59 272.87 277.01 277.98 279.66 279.13 281.32 281.42 285.43 286.07 287.4 288.27 291.82 294.36 297.06 298.48 300.25 301.45 303.13 305.67 306.5 308.18 308.87 309.32 309.53 310.66 310.84 311.76 311.85 311.88 312.87 312.25 312.97 312.84 313.51 312.57 312.97 311.94 310.72 310.31 309.63 309.57 308.57 309.05 307.97 306.47 307.44 307.67 308.97 309.69
-9999 -9999 -9999 -9999 -9999 -9999 -9999 -9999 -9999 185.1266 194.26 202.62 210.88 219.48 225.79 233.33 239.86 245.29 247.72 245.96 260.66 269.31 265.72 272.87 270.61 276.2 274.56 276.39 280.64 282.17 283.96 285.6 286.95 286.75 290.03 292.37 295.7 297.02 299.59 300.83 302.52 304.24 306.42 307.09 307.58 309.33 309.86 310.31 310.5 311.92 311.4 312.39 312.94 313.74 313.6 313.48 314.15 313.14 313.54 312.33 312.3 311.28 309.99 310.13 309.02 309.2 308.34 308.74 308.49 307.87 308.85 309.58 311.02
-9999 -9999 -9999 -9999 -9999 -9999 -9999 -9999 -9999 186.2641 194.74 203.69 210.9 219.15 225.16 232.58 238.33 242.73 246.17 249.97 263.32 269.77 269.78 273.61 274.89 275.29 272.2 275.09 281.22 282.44 281.92 285.36 285.55 288.28 290.18 293.27 294.19 297.12 299.38 301.91 303.4 305.45 306.38 307.63 308.64 311.06 310.77 310.4 311.89 311.36 312.22 312.33 313.62 313.52 314.49 314.37 313.26 313.39 312.74 312.5 311.81 311.71 310.47 309.72 309.46 308.88 309.15 308.43 308.37 308.45 309.03 310.43 310.41
-9999 -9999 -9999 -9999 -9999 -9999 -9999 -9999 -9999 -9999 195.7312 203.04 210 218.48 225.06 231.4 237.94 244.53 250.16 252.97 261.33 265.73 267.14 270.4 272.98 275.57 277 279.23 281.88 281.93 282.7 285.33 287.38 288.51 289.85 292.07 295.1 296.62 299.56 301.66 304.46 306.34 308.17 309.39 311.12 311.76 312.67 312.17 312.88 312.96 312.97 313.35 313.23 314.11 314.01 314.76 313.6 313.19 313.45 312.37 312.52 311.33 310.73 310.02 308.63 308.07 307.64 307.73 309.16 308.57 309.67 309.95 311.01
-9999 -9999 -9999 -9999 -9999 -9999 -9999 -9999 -9999 -9999 193.3571 202.54 208.45 216.69 224.03 230.67 232.57 239.93 237.14 243.38 256.35 257.06 262.89 262.72 264.64 267.73 274.73 276.48 282.04 282.81 283.96 286.4 287.7 288.87 289.8 292.44 294.45 297.7 299.29 302.19 304.14 306.81 308.52 311.13 312.13 313.97 313.45 313.2 312.51 313.24 313.75 313.9 314.09 314.08 314.95 314.72 315.18 314.14 313.2 313.3 312.05 311.41 310.76 308.92 308.01 307.19 307.38 307.62 308.27 309.92 310.54 311.25 313.04
