layers/wordclim/future/Iberia_wcB2a_10_hadcm3_2020/bio_18.asc
ncols         166
nrows         93
xllcorner     -9.4959440078468
yllcorner     36.000324005443
cellsize      0.083333337679505
NODATA_value  -9999
[rows 0 to 34 of 93, columns 0 to 76 of 166]
-9999 -9999 -9999 -9999 -9999 -9999 -9999 -9999 -9999 -9999 -9999 -9999 -9999 -9999 -9999 -9999 -9999 133.4878 144.4028 130.0149 130.803 132.75 130.0725 129.8182 -9999 -9999 -9999 -9999 -9999 -9999 -9999 -9999 -9999 -9999 -9999 -9999 -9999 -9999 -9999 -9999 -9999 -9999 -9999 -9999 -9999 -9999 -9999 -9999 -9999 -9999 -9999 -9999 -9999 -9999 -9999 -9999 -9999 -9999 -9999 -9999 -9999 -9999 -9999 -9999 -9999 -9999 -9999 -9999 -9999 -9999 -9999 -9999 -9999 -9999 -9999 -9999 -9999
-9999 -9999 -9999 -9999 -9999 -9999 -9999 -9999 -9999 -9999 -9999 -9999 -9999 -9999 -9999 -9999 129.9242 132.3263 135.49 130.02 137.96 138.86 131.2323 138.19 136.35 129.0619 -9999 -9999 -9999 -9999 -9999 -9999 -9999 -9999 -9999 -9999 -9999 -9999 -9999 -9999 -9999 -9999 -9999 144.0781 143.2885 -9999 -9999 -9999 -9999 -9999 -9999 -9999 -9999 -9999 -9999 -9999 -9999 -9999 -9999 -9999 -9999 -9999 -9999 -9999 -9999 -9999 -9999 -9999 -9999 -9999 -9999 -9999 -9999 -9999 -9999 -9999 -9999
-9999 -9999 -9999 -9999 -9999 -9999 -9999 -9999 -9999 -9999 -9999 -9999 -9999 -9999 128.1111 126.3368 128.8586 129.91 133.83 140.47 144.7 142.23 137.69 143.97 129.81 124.12 123.2 122.7595 122.4084 118.9636 120.575 122.0714 125.0526 122.6753 128.7848 126.803 129.4384 135.5556 140.6136 140.732 141.3077 141.7143 141.5354 141.37 143.82 140.5714 141.0656 145.8333 146.7966 -9999 -9999 -9999 -9999 -9999 -9999 -9999 -9999 -9999 -9999 -9999 -9999 -9999 -9999 -9999 -9999 -9999 -9999 -9999 -9999 -9999 -9999 -9999 -9999 -9999 -9999 -9999 -9999
-9999 -9999 -9999 -9999 -9999 -9999 -9999 -9999 -9999 -9999 -9999 -9999 -9999 -9999 -9999 -9999 133.1313 139.6 141.66 137.58 141.57 147.53 150.64 149.09 137.73 126.68 120.73 126.06 119.01 119.7273 128.25 131.85 132.57 126.64 138.88 133.91 132.59 138.52 146.14 139.4 135.8687 143.74 148.07 145.07 143.71 144.1 148.52 148.91 142.38 145.16 145.06 146.2564 141.5897 140.1864 142.1 -9999 -9999 -9999 -9999 -9999 -9999 -9999 -9999 -9999 -9999 -9999 -9999 181.0411 -9999 186.9682 189.3021 188.5747 189.9565 -9999 -9999 -9999 -9999
-9999 -9999 -9999 -9999 -9999 -9999 -9999 -9999 -9999 -9999 -9999 -9999 -9999 -9999 124.6866 124.9792 130.99 138.07 138.93 141.2 138.23 138.56 136.67 140.93 135.99 132.79 127.91 122.35 122.9 132.17 140.35 134.3 128.23 132.83 137.89 130.16 138.41 143.78 137.71 133.87 135.9 134.79 137.12 143.82 140.32 140.97 142.7 143.32 142.39 141.62 140.98 137.05 137.91 143.72 144.38 146.61 151.1 146.6064 145.9259 145.0137 146.5325 149.3462 153.0833 158.6145 162.3673 164.82 170.3 173.52 177.1979 178.69 181.21 183.41 182.881 186.99 188.191 187.2963 -9999
-9999 -9999 -9999 -9999 -9999 -9999 129.037 127.375 129.3378 -9999 130.8919 130.7711 130.09 125.3131 124.52 -9999 130.64 137.26 143.12 139.54 135.31 131.07 129.57 126.87 128.93 127.32 126.88 120.52 131.54 133.7 131.93 123.26 127.63 139.11 138.62 129.78 127.55 129.73 135.98 134.63 138.39 140.23 138.8 137.69 140.01 139.48 141.24 144.67 145.16 140.01 145.2 141.32 138.49 144.48 150 149.09 145.48 149.75 144.88 147.89 146.1 148.37 151.54 153.65 158.03 159.46 162.84 166.05 171.16 174.3 176.11 176.58 176.75 180.4 181.67 184.99 185.18
-9999 -9999 -9999 -9999 -9999 -9999 130.2466 130.11 130.71 130.2 134.41 144.1 141.62 136.67 129.83 129.18 136.18 137.96 139.79 136.1 132.61 127.69 126.28 122.73 121.49 122.62 125.82 122.28 126.14 128.47 123.34 118.39 130.85 138.56 128 125.17 127.58 138.38 136.63 140.22 141.26 135.56 149.89 140.32 133.49 138.08 138.74 137.47 139.66 139.67 149.18 143.47 141.37 152.43 177.28 164.91 171.37 166.69 143.58 150.16 147.27 145.69 146.77 151.33 151.1 153.06 156.99 160 161.66 166.81 173.19 169.57 170.09 171.87 173.84 174.97 176.01
-9999 -9999 -9999 -9999 125.3118 131.65 132.99 138.61 142.33 142.28 146.48 145.31 142.82 143.36 138.7 140.16 141.4 138.57 138.51 133.7 130.52 127.34 121.77 119.75 119.16 121.4 125.66 120.45 129.36 124.8 126.43 119.35 127.01 132.72 125.98 123.95 134.98 145.63 133.94 143.55 140.17 143.43 135.28 135.81 130.98 136.68 136.31 136.33 143.68 148.85 144.87 149.18 153.82 145 157.81 165.04 157.91 139.69 134.67 139.18 155.28 147.56 145.96 146.65 147.88 146.26 151.41 151.55 154.5 164.23 167.74 166 164.78 164.43 162.93 166.01 166.89
-9999 -9999 -9999 123.5773 127.86 137.04 138.53 141.88 144.07 145.27 144.31 144.76 140.82 140.95 139.13 137.67 137.57 138.14 140.71 133.92 127.47 124.79 120.87 119.12 120.26 120.15 123.59 123.9 118 117.69 112.21 113.49 126.22 133.6 122.7 135.31 135.48 155.16 157.03 151.49 162.22 151.43 157.82 137.22 130.16 149.94 152.67 147.47 153.01 156.59 145.78 152.62 144.8 141.28 151.19 151.38 164.07 161.31 150.68 142.56 148.1 162.4 154.01 143.92 143.28 141.86 144.78 145.97 148.91 150.24 150.12 151.49 154.11 156.2 155.99 159.08 161.2
-9999 -9999 -9999 121.6471 132.3535 136.72 139.68 141.01 141.44 142.95 141.81 141.13 140.98 140 139.47 138.07 134.39 136.68 134.66 133.66 127.5 125.65 121.73 114.6 111.73 112.24 118.34 117.58 117.07 108.76 108.62 117.41 118.43 127.81 131.52 137.99 145.36 137.63 137.98 138.14 143.62 138.41 140.63 145.36 139.78 137.91 142.18 138.02 144.79 139.54 130.77 136.69 137.13 135.43 133.15 141.7 155.09 157.56 152.69 141.53 136.68 154.69 147.64 135.47 134.83 134.83 135.49 137.39 138.84 140.18 140.33 140.47 142.98 146.14 147.97 149.7 152.35
-9999 -9999 -9999 -9999 126.3793 137.95 138.42 136.62 140.39 136.48 134.06 140.83 144.13 137.23 135.87 133.78 128.53 127.8 127.38 126.85 125.95 120.19 114.56 110.38 107.03 108.44 111.25 114.35 107.7 105.73 115.08 128.31 138.78 137.76 128.17 130.1 127.27 133.72 145.03 139.15 143.95 143.87 134.28 126.63 137.8 129.14 126.86 125.12 130.81 123.81 123.01 128.66 123.96 129.12 125.02 135.29 136.25 136.13 135.62 126.85 124.04 125.35 125.79 124.85 125.76 125.98 130.02 128.21 130.34 129.83 133.18 133.85 133.52 136.74 140.21 142.39 141.77
-9999 -9999 -9999 -9999 122.875 126.4375 126.5152 126.7473 143.91 136.57 133.55 131.27 134.94 130.38 129.07 134.64 130.6 129.03 129.66 124.86 123.89 118.95 110.3 112.58 110.23 103.37 111.43 114.13 109.8 111.68 115.69 136.17 124.05 113.99 105.79 108.62 123.42 135.74 137.5 134.17 125.45 121.5 116.26 116.13 114.69 118.67 112.38 111.65 114.18 112 112.5 114.36 111.91 115.56 112.95 118.1 121.55 115.71 116.18 117.95 116.03 115.8 113.52 114.95 118.46 117.12 118.54 122.59 122.07 124.18 128.3 126.88 127.71 126.67 127.67 129.47 135.16
-9999 -9999 -9999 -9999 -9999 -9999 139.087 131.95 135.72 129.98 134.31 137.85 133.47 140.16 136.66 134.68 134.94 129.61 129.7 128.82 118.38 109.96 113.94 113.87 107.99 105.83 112.57 121.8 122.99 117.28 111.08 117.4 103.06 94.55 96.34 94.91 104.59 108.41 108.61 112.24 116.38 115.21 109.66 105.4 104.14 106.5 101.85 101.79 104.78 102.15 105.67 102.79 103.64 103.64 104.87 107.15 108.13 107.58 106.16 107.61 105.48 106.88 106.09 110.11 112.02 112.35 112.53 114 114.52 117.48 121.82 120.38 116.47 121.93 122.41 127.31 126.25
-9999 -9999 -9999 -9999 -9999 121.5932 131.0106 -9999 -9999 133.88 133.9 140.36 142.38 143.45 144.13 134 131.09 130.65 130 127.83 115.05 107.71 108.56 104.44 94.88 101.28 110.43 108.85 113.46 120.15 106.42 97.45 88.38 80.47 78.96 82.71 84.85 88.36 95.78 103.77 101.09 96.05 96.8 94.53 94.88 95.44 91.35 92.34 93.63 94.99 96.46 95.22 97.76 94.26 98.55 98.45 97.86 98.11 96.21 98.21 97.62 96.53 98.25 101.33 102.98 105.42 106.13 107.31 108.45 110.48 111.61 109.81 108.63 109.92 111.44 113.41 116.27
-9999 -9999 -9999 -9999 -9999 -9999 -9999 121 125.2048 128.67 134.35 139.47 140.91 140.2 141.64 137.31 130.99 130.48 128.64 121 113.78 104.25 101.52 90.58 88.9 92.86 98.17 99.68 109.78 108.87 101.32 85.62 77.48 72.95 73.09 78.34 93.91 103.43 106.01 102.7 92.46 88.83 88.49 86.36 86.6 86.54 84.58 84.84 85.54 87.4 88.67 91.6 93.08 91.52 92.77 95.07 90.51 90.11 89.7 89.04 89.83 89.37 90.98 91.95 92.04 93.5 96.32 101.03 100.84 102.01 101.2 102.06 105.82 106.85 106.27 107.62 107.97
-9999 -9999 -9999 -9999 -9999 -9999 -9999 121.6042 126.9022 135.618 130.35 135.63 140.23 143.36 137.18 129.15 122.4 117.38 112.79 109.6 104.47 100.52 95.05 90.2 93.83 91.43 88.24 86.65 99.71 92.92 87.16 79.25 75.77 85.56 100.03 97.36 108.83 112.02 98.27 88.97 83.87 81.66 82.38 79.93 80.5 79.81 79.29 78.7 79.47 81.71 84.11 85.78 86.67 85.65 87.39 86.95 88.3 83.97 82.4 81.41 81.19 81.88 83.12 84.07 85.44 86.55 90.43 92.73 93.09 93.57 95.52 98.05 100.11 101.05 103.42 101.4 100.8
-9999 -9999 -9999 -9999 -9999 -9999 -9999 -9999 -9999 131.4118 130.2796 131.22 133.98 140.99 135.36 122.25 109.79 107.48 100.27 92.67 92.53 105.49 105.74 97.42 94.46 102 100.33 81.36 77.45 92.32 94.38 83.51 99.04 102.81 97.34 117.07 119.86 108.53 92.08 85.85 81.29 77.63 75.1 74.82 75.41 74.9 75.21 74.07 76.04 77.45 78.98 80.71 80.27 80.82 82.54 82.28 80.56 82.59 80.77 78.38 76.52 75.23 77.06 77.95 79.65 81.59 83.51 84.62 85.94 86.42 88.85 92.27 95.48 101.72 102 99.95 105.73
-9999 -9999 -9999 -9999 -9999 -9999 -9999 -9999 123.5128 130.6515 -9999 130.13 131.51 132.24 135.04 121.57 103.5 101.14 102.17 90.08 89.3 99.9 99.11 108.19 109.43 107.63 115.25 90 84.56 92.98 107.21 109.76 114.33 113.24 104.21 92.25 98.63 109.19 97.48 82.81 75.38 72.58 70.72 70.1 69.66 70.3 70.75 70.45 72.91 75.18 73.95 73.89 74.45 75.64 77.4 78.18 77.74 77.43 78.65 77.16 73.6 71.19 70.27 73.61 75.02 77.95 78.61 78.63 80.37 82.63 86.14 88.99 93.74 100.09 107 109.9 113.25
-9999 -9999 -9999 -9999 -9999 -9999 -9999 -9999 -9999 123.4835 124.84 120.96 117.92 125.18 125.21 113.49 104.49 103.83 99.5 98.03 96.31 97.21 92.18 106.58 115.94 120.29 124.07 106.1 86.5 97.44 105.07 121.2 131.85 124.82 113.97 113.46 106.85 93.89 87.34 77.61 72.83 69.81 69.07 65.81 65.22 65.84 66.32 66.55 69.48 70.15 69.91 68.56 69.58 71.44 72.66 73.67 73.58 75.19 73.9 74.6 75.1 74.56 73.55 73.06 76.08 75.44 75.22 75.79 76.72 78.06 81.55 85.58 93.08 104.98 110.58 120.77 121.59
-9999 -9999 -9999 -9999 -9999 -9999 -9999 -9999 115.967 127.17 113.1 113.78 109.39 117.48 105.22 110.87 112.77 115.91 109.11 106.47 103.48 95.2 93.99 97.05 105.22 112.58 107.64 95.12 87.47 100.49 110.54 122.68 118.18 94.64 85.29 85.17 84.2 78.57 73.22 68.44 67.73 64.06 62.95 63.05 61.27 62.1 62.18 63.32 64.6 65.06 66.4 66.19 67.06 68.85 68.54 69.42 69.04 69.48 71.48 71.42 73.57 75.25 74.95 74.38 72.21 75.04 74.44 74.3 74.71 75.55 79.33 84.07 84.25 87.25 94.18 97.88 101.03
-9999 -9999 -9999 -9999 -9999 -9999 -9999 124.6508 124.97 116.24 109.87 109.33 108.68 105.33 121.13 129.8 132.72 123.51 113.22 104.03 98.52 94.27 89.78 94.07 81.46 93.31 93.29 87.67 91.61 96.32 102.06 107.29 107.68 81.35 75.96 74.45 71.64 70.18 66.9 63.22 61.45 59.93 58.22 59.01 58.82 58.65 58.29 59.56 60.71 62.36 62.09 63.42 64.23 64.57 64.86 65.57 65.17 65.54 66.87 67.53 69.75 69.79 69.19 70.73 72.82 73.15 72.67 72.58 73.4 74.42 74.56 78.03 82.16 82.09 83.75 91.42 107.3
-9999 -9999 -9999 -9999 -9999 -9999 -9999 116.6 108.83 109.6 111.9 123.22 115.92 118.27 134.49 121.99 114.46 106.58 105.69 110.36 111.5 101.47 95.1 86.31 72.14 80.42 83.32 77.43 80.41 82.66 81.19 83.33 91.89 71.89 69.1 69.59 70.36 65.44 63.67 61.58 59.94 57.55 57.07 56.37 56.21 55.53 55.06 56.45 57.37 58.14 58.95 60.65 61.66 60.91 61.66 62.35 63.22 64.76 67.71 66.03 64.54 66.97 68.07 69.82 72 73.3 72.5 72.49 73.92 75.16 75.02 79.1 81.57 85.47 80.21 84.74 88.14
-9999 -9999 -9999 -9999 -9999 -9999 -9999 105.7273 107.25 115.12 111.33 120.88 106.67 105.6 110.18 106.81 103.3 112.15 120.03 117.03 114.43 109.67 89.72 83.89 69.92 75.86 82.55 74.12 71.64 76.62 74.54 70.86 69.9 61.49 62.89 60.6 62.48 63.75 64.78 64.97 62.15 59.45 55.79 55.26 53.3 53.15 52.2 52.71 53.23 54.29 55.7 57.6 58 59.09 60.61 62.49 63.28 63.93 64.12 61.5 63.51 65.61 67.16 68.89 70.54 70.82 71.62 71.75 72.52 72.97 73.2 74.74 76.55 78.9 81.5 82.44 85.38
-9999 -9999 -9999 -9999 -9999 -9999 -9999 -9999 109.61 114.85 100.07 103.34 99.24 99.23 105.68 116.66 119.49 123 108.1 110.91 106.2 102.68 92.92 81.05 67.39 72.83 79.47 69.81 67.71 65.51 69.36 73.23 63.55 56.78 60.74 56.54 57.44 60.19 58.12 56.36 57.87 57.67 54.08 51.13 50.7 50.96 50.12 50.59 51.68 53.31 53.43 53.6 56.43 58.53 59.72 60.84 61.3 59.28 58 59.7 62.59 63.66 65.61 66.23 66.28 67.39 66.93 67.74 69.37 68.89 70 71.09 72.09 73.44 75.38 79.11 81.5
-9999 -9999 -9999 -9999 -9999 -9999 -9999 -9999 99.88889 98.7551 101.76 103.33 105.86 99.13 101.98 101.68 102.25 96.98 101.64 105.79 102.99 93.39 80.12 70.66 71.29 78.45 70.65 63.11 59.42 63.1 68.75 76.41 62.76 60.74 56.23 53.45 57.44 58.68 56.89 54.71 52.47 52.45 51.47 49.41 48.37 48.24 48.26 48.99 49.77 50.95 52.16 54.3 56.1 56.59 57.55 58.18 56.76 55.24 57.44 59.41 60.48 61.78 63.39 64.59 63.98 65.37 63.16 62.48 63.63 64.95 65.63 67.33 68.99 70.35 71 73.49 75.54
-9999 -9999 -9999 -9999 -9999 -9999 -9999 -9999 95.35526 98.85 98.64 96.8 91.23 91.43 90.32 94.17 96.16 104.9 105.1 98.27 88.2 83.5 73.77 68.68 82.43 69.7 62.21 56.32 54.29 59.11 64.81 66.31 63.97 57.18 54.06 51.86 53.31 53.8 54.62 52.69 51.97 50.2 48.1 46.72 46.14 45.63 46.24 48.98 48.4 49.9 50.56 50.85 52.47 54.06 55.74 56.37 53.79 54.04 55.87 56.08 57.8 59.11 60.68 60.41 60.53 62.67 60.91 63.47 63.48 63.62 64.07 65.9 67.1 67.99 67.81 68.5 72.55
-9999 -9999 -9999 -9999 -9999 -9999 -9999 -9999 -9999 97.03 93.47 93.19 91.54 96.12 91.55 88.85 94.56 92.97 87.31 84.06 77.97 87.63 81.67 86.91 78.83 64.17 56.34 52.88 54.14 58.11 59.89 57.39 55.74 51.18 50.26 50 51.86 53.12 50.68 49.36 48.37 49.01 46.96 45.5 44.2 42.7 43.85 46.45 47.3 47.84 48.18 49.04 49.08 50.97 51.39 50.98 51.58 52.15 52.08 56.68 58.39 59.71 61.09 62.5 61.83 61.84 63.19 64.99 64.85 65.15 68.28 68.4 69.99 67.87 66.56 66.76 67.09
-9999 -9999 -9999 -9999 -9999 -9999 -9999 -9999 -9999 93.49 94.15 92.92 94.78 91.16 90.4 90.06 91.32 88.4 72.58 81.58 92.13 91.66 88.07 79.01 69.89 66.66 63.22 53.08 54.22 61.17 66.69 54.93 50.94 49.36 49.07 49.04 50.69 50.67 47.62 49.01 48.62 46.07 45.6 43.89 42.6 42.35 43.31 45.76 46.42 46.97 46.95 47.87 47.49 47.67 48.52 50.68 50.85 51.61 52.42 55.72 57.79 58.79 60.56 61 61.06 60.93 61.84 66.73 71.98 72.97 71.6 65.95 67.11 68.85 67.75 69.59 69.45
-9999 -9999 -9999 -9999 -9999 -9999 -9999 -9999 -9999 92.16161 91.27 91.65 90.78 89.24 89.9 86.99 89.41 84.1 72.77 83.45 102.85 82.99 81.94 76.34 66.56 57.12 54.65 54.15 55.59 52.73 55.67 51.2 50.5 53.76 55.15 53.18 50.32 47.2 48.21 49.04 48.76 47.15 45.91 45.04 44 44.77 46.01 46.07 47.21 47.64 48.06 47.09 48.33 48.26 49.66 50.9 50.4 49.96 52.24 52.83 53.09 54.85 56.04 57.98 59.61 60.71 60.01 64.34 69.33 67.03 65.58 65.53 67.31 68.5 71.17 74.83 76
-9999 -9999 -9999 -9999 -9999 -9999 -9999 -9999 -9999 90.98734 93.23 92.69 93.9 94.4 89.37 84.36 82.37 73.81 85 90.86 77.28 71.77 76.64 65.56 69.81 58.47 63.74 61.37 51.3 49.56 50.7 47.97 51.72 54.27 52.64 49.73 46.5 47.8 48.14 47.7 47.42 47.23 47.3 47.38 47.33 48.18 47.76 47.81 47.03 46.5 47.73 47.53 48.07 47.86 47.99 48.42 49.06 49.2 49.88 51.14 52.16 54 54.72 57.43 59.29 59.07 60.72 61.59 63.9 62.16 64 69.15 75.8 80.43 80.09 81.99 82.06
-9999 -9999 -9999 -9999 -9999 -9999 -9999 -9999 -9999 90.1132 91.56 91.99 90.78 90.31 85.62 83.85 78.54 85.4 86.81 85.44 65.49 67.74 68.21 60.02 58.77 60.1 66.39 63.68 49.04 50.15 52.99 50.32 53.09 51.37 50.99 49.02 51.15 51.26 48.22 46.57 45.95 46.84 47.46 48.73 48.4 47.45 48.04 49 47.91 46.92 47 47.47 47.66 48.52 47.94 48.28 48.2 49.06 50.8 50.84 52.27 53.92 54.38 56.41 58.83 59.12 60.1 61.57 63.3 64.23 65.18 75.15 92.51 93.34 86.77 82.7 86.62
-9999 -9999 -9999 -9999 -9999 -9999 -9999 -9999 -9999 -9999 90.73119 89.19 87.71 87.24 85.67 80.95 78.5 78.49 73.86 75.04 65.32 66.79 65.27 62.55 61.01 57.56 54.58 52.47 46.46 52.44 52.78 49.01 48.66 50.01 51.85 49.96 49.3 49.29 48.22 47.42 46.1 44.77 45.48 45.22 45.1 45.86 46.5 46.83 47.52 47.19 46.4 47.37 48.2 49.02 49.07 48 48.88 49.17 51.24 51.63 52.23 54 55.53 56.37 58.33 61 63.71 64.56 65.43 70.75 80.99 89.73 88.17 78 83.49 75.14 77.8
-9999 -9999 -9999 -9999 -9999 -9999 -9999 -9999 -9999 -9999 87.7381 88.94 85.29 83.71 81.87 82.9 89.52 84.68 93.25 88.97 76.05 78.01 73.2 72.84 71.11 66.83 59.42 56.37 47.72 47.89 46.85 46.46 45.61 49.59 51.43 49.89 49.55 48.82 48.53 47.87 46.33 45.97 45.13 44.38 44.16 44.37 45.18 46.72 48.78 49.01 48.03 48.5 49 49.39 49 49.22 50 49.7 51.51 51.97 53.01 54.88 54.69 57.52 60.05 63.4 67.13 79.87 81.28 81.52 66.85 66.86 79.29 72.1 64.64 67.07 70.31
-9999 -9999 -9999 -9999 -9999 -9999 -9999 -9999 -9999 -9999 84.03488 86.86 86.77 85.85 83.01 82.2 83.68 90.33 92.36 89.58 87.93 86.13 77.31 68.29 72.51 73.28 64.05 54.51 49.8 52.61 51.34 48.07 50.97 51.35 50.5 49.35 49.2 49.27 48.48 47.36 47.15 46.9 44.04 43.41 44.18 44.82 45.13 46.12 47.39 48.27 48.98 49.54 49.97 50.05 49.05 49.95 50 50 51.16 52.88 54.49 54.51 54.75 56.38 60.61 65.16 82.12 91.99 75.16 64.57 60.79 59.2 64.02 64.08 58.11 58.05 58.23
-9999 -9999 -9999 -9999 -9999 -9999 -9999 -9999 -9999 -9999 80.07143 82.86 84.31 86.51 92.44 90.39 86.14 77.51 77.3 77.34 80.19 80.58 78.37 72.51 72.61 71.25 63.22 54.11 51.6 54.25 55.89 52.44 49.96 52.07 51.65 50.71 49.19 47.96 46.66 46.1 46.37 46.03 44.28 45.25 45.84 45.83 46.53 47.62 47.05 48.05 49.53 50.02 51.39 50.75 50.54 49.46 49.32 49.96 51.39 53.79 55.36 55.34 56.31 58.57 63.03 68.96 91.74 70.9 78.12 72.5 60.56 53.8 50.15 50.99 54.19 52.65 50.67
