layers/wordclim/future/Iberia_wcB2a_10_hadcm3_2020/bio_05.asc
ncols         166
nrows         93
xllcorner     -9.4959440078468
yllcorner     36.000324005443
cellsize      0.083333337679505
NODATA_value  -9999
[rows 0 to 32 of 93, columns 0 to 72 of 166]
-9999 -9999 -9999 -9999 -9999 -9999 -9999 -9999 -9999 -9999 -9999 -9999 -9999 -9999 -9999 -9999 -9999 230.8781 225.9028 234.1492 235.3485 234.8409 237.6377 238.8182 -9999 -9999 -9999 -9999 -9999 -9999 -9999 -9999 -9999 -9999 -9999 -9999 -9999 -9999 -9999 -9999 -9999 -9999 -9999 -9999 -9999 -9999 -9999 -9999 -9999 -9999 -9999 -9999 -9999 -9999 -9999 -9999 -9999 -9999 -9999 -9999 -9999 -9999 -9999 -9999 -9999 -9999 -9999 -9999 -9999 -9999 -9999 -9999 -9999
-9999 -9999 -9999 -9999 -9999 -9999 -9999 -9999 -9999 -9999 -9999 -9999 -9999 -9999 -9999 -9999 232.1364 232.0105 230.75 234.72 231.35 231.3 237.3939 233.41 235.06 240.3402 -9999 -9999 -9999 -9999 -9999 -9999 -9999 -9999 -9999 -9999 -9999 -9999 -9999 -9999 -9999 -9999 -9999 238.875 237.2885 -9999 -9999 -9999 -9999 -9999 -9999 -9999 -9999 -9999 -9999 -9999 -9999 -9999 -9999 -9999 -9999 -9999 -9999 -9999 -9999 -9999 -9999 -9999 -9999 -9999 -9999 -9999 -9999
-9999 -9999 -9999 -9999 -9999 -9999 -9999 -9999 -9999 -9999 -9999 -9999 -9999 -9999 229.8889 233 233.2626 233.43 232.79 229.88 227.91 229.62 232.99 229.27 240.04 244.73 245.7789 247.1266 247.9296 251.0909 250.65 250.4286 249.1053 251.5065 247.6709 249.5303 248.4658 246 244.0341 244.5464 244.5256 244.631 243.7172 241.96 239.38 238.3247 236.6393 236.5333 236.6949 -9999 -9999 -9999 -9999 -9999 -9999 -9999 -9999 -9999 -9999 -9999 -9999 -9999 -9999 -9999 -9999 -9999 -9999 -9999 -9999 -9999 -9999 -9999 -9999
-9999 -9999 -9999 -9999 -9999 -9999 -9999 -9999 -9999 -9999 -9999 -9999 -9999 -9999 -9999 -9999 233 230.45 229.75 232.5 230.29 226.74 225.12 225.58 233.47 242.99 247.36 243.98 249.87 250.2525 245.48 243.4 243.05 248.4 240.3 245.14 248.21 245.47 241.31 246.73 248.6465 245.68 244.13 244.02 242.59 240.8 239 238.22 239.72 240.13 239.69 239.3846 242.0256 243.2034 242.8 -9999 -9999 -9999 -9999 -9999 -9999 -9999 -9999 -9999 -9999 -9999 -9999 234.8356 -9999 234.1429 233.4583 234.977 234.6956
-9999 -9999 -9999 -9999 -9999 -9999 -9999 -9999 -9999 -9999 -9999 -9999 -9999 -9999 234.8209 237.2708 235.32 232.76 232.52 231.18 233.59 233.49 233.89 231.14 235.56 238.06 241.96 247.11 247.22 240.62 234.6 239.72 245.13 243.93 241.2 248.13 243.4 240.1 246.44 250.02 250.24 251.03 249.96 247.48 247.49 245.82 244.43 243.7 243.09 242.95 242.89 244.98 245.11 242.44 241.62 239.96 236.43 240.3404 242.4568 244.4384 244.4805 244.1795 242.2222 240.494 239.8469 240.58 238.17 236.99 235.4375 236.25 233.78 234.44 237.5357
-9999 -9999 -9999 -9999 -9999 -9999 229.1481 230.825 231.0811 -9999 232.2162 232.6385 232.73 235.697 237.62 -9999 237.8 235.34 231.43 233.45 236.16 237.99 240.05 242.38 241.18 242.61 243.11 248.09 239.78 237.75 239.75 249.14 245.94 237.26 238.71 247.38 250.48 249.92 246.26 249.13 248.61 248.65 250.3 251.67 250.72 249.34 247.54 243.97 242.67 244.89 241.27 243.72 245.31 239.79 234.27 235.85 239.76 236.01 241.47 240.24 242.71 240.55 240.52 240.7 238.1 239.49 239.43 238.25 234.39 231.49 232.35 233.48 236.54
-9999 -9999 -9999 -9999 -9999 -9999 229.3288 230.93 232.16 233.65 233.87 232.32 235.86 237.58 240.09 240.88 238.02 236.56 234.62 236.61 237.69 242.34 243.32 245.88 246.71 245.72 243.39 246.29 243.39 242.6 247.57 251.82 242.07 236.09 246.14 250.26 250.41 241.19 244.32 241.95 241.92 249.88 235.42 247.72 254.61 250.19 247.97 247.93 246.4 245.17 234.83 239.61 242.34 231.53 208.26 219.59 214.43 218 239.44 234.02 238.36 240.41 240.66 237.01 239.01 240.71 237.85 236.9 236.93 229.66 223.23 231.26 236.43
-9999 -9999 -9999 -9999 229.6774 228.38 229.75 229.35 230.35 232.6 233.81 236.77 240.29 240.68 241.52 239.51 237.05 237.38 236.55 239.1 240.99 243.07 246.88 248.04 248.03 246.23 243.3 248.34 240.44 244.77 243.27 249.95 244.02 239.6 247.55 249.95 240.97 231.49 242.98 234.93 240.05 237.43 247.93 247.99 253.38 247.04 248.01 247.39 239.16 232.9 238.09 233.84 228.21 235.55 223.78 216.91 223.48 240.53 246.56 241.95 226.25 234.49 236.73 236.36 236.36 242.04 236.25 238.89 236.11 227.13 224.5 227.97 231.6
-9999 -9999 -9999 228.5979 228.3 226.18 228.14 229.55 231.76 234.01 237.64 242.38 245.55 246.46 245.68 244.26 241.57 238.94 235.14 239.22 243.6 244.6 247.99 248.99 247.72 247.28 244.69 244.16 249.52 249.04 254.96 253.91 243.97 236.95 247.34 236.39 237.44 219.38 219.21 223.75 213.74 225.02 218.5 243.14 251.13 228.78 226.17 232.01 225.81 222.21 233.6 225.99 234.46 237.1 226.74 227.91 215.91 217.97 226.98 235.45 230.48 217.33 225.91 236.01 237.4 238.05 237.88 238.11 235.87 236.67 238.94 239.41 240.07
-9999 -9999 -9999 229.6 226.3737 226.69 228.28 231.01 234.09 237.21 241.26 246.38 249.73 250.61 248.51 245.82 244.58 239.84 240.41 239.86 244.11 244.32 246.97 252.17 253.98 254.28 248.32 249.42 248.84 256.76 255.63 248.83 247.8 239.79 237.57 231.73 225.92 233.98 234.38 234.23 229.5 236.01 234.98 229.79 236.18 238.84 235.28 240.28 231.98 238.59 247.8 240.43 239.41 241.59 242.93 233.65 221.57 218.64 223.64 233.46 238.58 221.69 228.13 241.6 243.21 243.03 243.88 242.78 242.25 243.49 245.31 247.76 247.45
-9999 -9999 -9999 -9999 229.9828 226.36 229.37 233.16 235.18 240.09 244.72 247.91 251.73 252.76 251.86 249.67 249.64 247.28 246.55 245.49 244.59 248.61 252.53 255.69 259.05 257.41 254.43 249.23 255.49 257.73 248.97 237.2 227.78 228.92 238.8 238 240.19 235.2 224.14 230.49 226.89 227.14 238.13 249.2 236.06 247.85 250.22 253.16 245.55 253.65 254.27 247.04 250.73 244.22 248.63 238.4 236.57 236.71 236.98 245.36 247.7 247.4 246.46 247.49 247.55 248.06 245.51 249.51 247.96 250.5 248.04 249.61 253.08
-9999 -9999 -9999 -9999 231.375 231.2813 234.0152 236.5824 233.47 239.44 244.78 247.89 251.07 253.05 253.67 247.87 247.29 245.78 244.25 247.71 246.47 249.36 256.3 254.1 255.6 261.37 251.3 248.69 253.16 251.09 247.04 228.04 239.88 249.3 257.84 255.76 242.99 230.24 230.93 233.14 242.59 251.53 257.87 259.9 262.06 257.9 266.82 267.63 263.41 266.22 263.96 261.33 261.47 257.09 258.69 253.48 249.33 253.88 253.89 251.84 253.42 254.64 256.01 254.93 252.7 254.8 254.05 251.17 253.05 251.19 249.32 253.01 254.42
-9999 -9999 -9999 -9999 -9999 -9999 227.6522 233.95 235.64 240.46 243.41 246.03 249.87 246.79 249.2 247.57 244.51 245.74 243.4 242.28 250.47 256.99 252.83 252.59 257.26 257.17 249.27 240.46 238.76 243.77 250.65 244.57 258.14 265.81 265 266.42 259.29 256.53 257.88 255.97 252.76 255.11 262.42 268.71 272.39 271.3 276.72 277.97 274.07 275.8 270.81 271.64 268.49 267.42 264.95 261.25 261.11 260.62 261.32 259.93 261.93 260.52 261.42 257.54 256.13 256.81 256.94 256.93 257.59 255.08 252.61 255.76 262.91
-9999 -9999 -9999 -9999 -9999 232.9322 230.5319 -9999 -9999 238.94 242.17 243.33 244.18 240.86 236.46 246.51 247.38 243.94 242.84 242.38 253.56 260.15 258.05 260.71 268.09 260.72 250.34 251.49 246.67 240.58 252.82 261.84 269.72 275.63 277.61 275.77 275.46 273.46 269.07 262.06 267.04 272.02 274.33 278.32 279.8 281.91 287.02 285.72 283.48 282.31 278.8 278.39 274.43 275.37 270.31 268.43 268.23 267.65 269.09 266.79 268.12 268.87 266.91 264.09 263.02 261.89 261.22 259.9 260.04 258.13 259.95 264.07 268.64
-9999 -9999 -9999 -9999 -9999 -9999 -9999 237 236.9398 238.9 240.26 242.34 242.98 242.49 238.24 241.81 245.73 243.02 242.03 248.24 253.73 262.57 263.91 271.91 272.21 269.59 262.35 259.39 249.01 248.12 257.26 271.48 278.51 283.07 282.53 278.77 266.41 258.44 257.04 261.3 272.9 278.43 280.28 284.83 287.63 289.38 291.27 291.47 290.06 287.47 286.08 282.26 280.09 281.73 277.41 275.47 276.04 273.88 274.39 274.32 272.72 274.43 273.79 273.31 271.93 270.58 269.05 264.85 265.77 265.11 268.42 269.06 266.57
-9999 -9999 -9999 -9999 -9999 -9999 -9999 235.1667 235.1087 235.7079 239.6 242.1 241.36 234.05 240.67 249.15 254.15 256.98 258.72 259.59 262.49 264.92 269.34 271.35 267.01 268.03 270.15 270.79 257.24 264.61 269.92 276.1 279.59 270.5 257.32 260.45 250.21 248.68 263.34 273.14 279.55 283.85 285.91 290.09 291.31 293.28 294.23 294.62 294.29 291.91 289 287.36 286.24 286.25 283.8 280.84 282.11 282.07 280.92 281.04 280.57 280.54 279.17 278.46 278.28 276.84 273.82 271.66 272.79 272.42 270.62 270.19 270.41
-9999 -9999 -9999 -9999 -9999 -9999 -9999 -9999 -9999 236.75 239.8065 243.37 245.74 235.63 239.94 255.43 265.21 264.88 268.98 271.93 272.75 258.68 254.93 262.39 265.57 256.51 256.98 275.67 279.67 264.48 261.31 271.62 257.06 253.62 258.98 238.67 237.5 248.89 266.34 273.83 281.02 286.85 290.87 292.8 294.7 295.35 295.89 297.77 295.87 294.97 293.46 291.47 291.99 291.4 288.94 287.4 286.73 287.99 287.05 287.36 286.27 285.58 285.56 284.54 284 280.56 279.17 278.58 278.57 279.04 275.6 274.36 273.38
-9999 -9999 -9999 -9999 -9999 -9999 -9999 -9999 236.5641 236.803 -9999 244.17 245.1 243.5 237.62 253.25 269.72 269.72 266.74 275.26 273.91 263.04 261.04 249.6 247.73 248.1 240.91 265.9 271.6 262 247.43 244.76 240.88 242.17 250.26 262.55 256.74 246.86 260.48 275.66 285.15 289.39 293.5 295.78 296.72 298.2 298.53 299.55 297.73 295.67 296.18 296.42 296.12 295.97 294.23 293.71 292.29 291.84 292.91 291.99 292.28 290.69 290.81 289.09 286.35 283.21 283.57 285.37 283.84 282.49 278.95 278.2 275.59
-9999 -9999 -9999 -9999 -9999 -9999 -9999 -9999 -9999 239.8132 243.14 248.47 254.98 249.34 249.51 262.35 269.28 268.73 269.63 268.21 267.63 265.27 267.66 250.88 238.27 233.81 228.33 248.61 267.95 256.07 247.77 234.41 221.64 227.24 240.3 241.41 247.55 261.33 268.17 279.12 286.59 290.82 293.06 297.45 299.33 299.73 301.02 301.8 299.39 299.98 300.2 300.78 300.08 298.49 298.6 297.99 298.41 296.79 297.61 297.66 296.61 295.23 293.84 291.98 288.85 290.86 290.16 289.34 287.97 285.81 283.92 281.04 275.76
-9999 -9999 -9999 -9999 -9999 -9999 -9999 -9999 238.8022 236.97 247.7 252.81 259.47 256.17 270.98 264.09 257.05 249.07 255.05 257.05 258.9 266.32 264.67 260.64 250.28 241.13 246.03 259.05 265.62 252.08 242.97 231.44 234.57 257.51 266.06 266.36 268.12 274.23 281.14 288.25 290.08 293.49 296.83 297.82 300.86 301.77 302.63 302.5 303.05 303.06 303.39 303.35 302.78 301.45 301.82 302.44 302.38 303.34 301.68 303.19 298.94 296.46 295.97 294.3 296.25 293.33 294.01 292.46 291.32 288.49 286.05 282.1 284.71
-9999 -9999 -9999 -9999 -9999 -9999 -9999 229.3333 233.35 242.04 249.24 255.25 258 265.9 248.98 232.79 225.16 235.33 247.97 257.91 263.15 266.12 269.39 262.68 275.7 261.04 260.6 265.69 260.57 254.96 249.61 244.21 243.54 269.09 273.86 276 279.36 283 287.25 291.1 295.1 297.34 299.26 300.94 302.05 303.39 305.46 304.8 304.57 304.81 305.69 305.81 304.56 305.71 305.53 306.32 306.58 306.88 306.7 306.31 302.77 302.01 302.69 299.63 297.68 295.79 296.53 295.71 295.31 293.88 292.5 289.99 286.47
-9999 -9999 -9999 -9999 -9999 -9999 -9999 231.85 239.69 244.16 247.74 241.03 251.57 249.21 225.23 240.44 248.46 257.43 255.53 245.49 244.23 254.02 260.78 270.3 286.67 274.85 270.69 276.17 271.57 268.62 269.49 266.11 257.45 277.67 280.5 279.14 279.58 285.62 288.76 292.34 294.71 297.72 301.09 302.5 305.01 306.36 306.08 306.74 306.88 308 308.06 307.11 306.83 308.02 309.02 308.76 308.96 307.27 305.47 307.84 309.24 305.85 302.81 300.93 297.55 296.55 296.7 296.75 294.68 294.01 292.72 289.62 287.67
-9999 -9999 -9999 -9999 -9999 -9999 -9999 236.2424 239.4659 238.88 245.46 240.4 257.24 260.03 255.74 259.44 261.59 244.87 232.59 235.29 238.35 242.15 266.37 272.68 289.35 280.78 270.94 279.94 281.04 274.87 276.24 278.9 279.83 289.19 286.43 289.11 287.14 287.46 286.47 286.74 291.35 294.89 300.19 302.79 305.15 306.43 308.16 308.68 310.06 310.03 310.4 309.65 310.2 309.81 308.23 307.98 306.96 307.69 308.04 312.04 308.72 306.54 303.93 302.03 299.53 298.81 297.63 297.82 297.32 296.43 296.81 294.61 293.9
-9999 -9999 -9999 -9999 -9999 -9999 -9999 -9999 236.71 237 251.24 252.89 261 262.33 258.6 242.17 235.09 227.19 247.11 241.19 246.56 249.47 260.74 276.03 293.03 284.25 273.51 285.05 286 287.81 281.8 275.56 287 294.59 288.04 293.11 292.94 290.01 292.94 296.37 295.1 296.94 301.51 305.38 307.54 307.96 309.52 310.43 310.05 310.37 311.4 312.1 310.05 309.07 308.42 309.08 309.34 311.09 314.17 312.06 309.36 307.75 305.97 304.14 303.31 301.68 303.08 302.02 301.55 301.52 301.67 301.17 301.19
-9999 -9999 -9999 -9999 -9999 -9999 -9999 -9999 240.0333 245.6429 248.25 252.72 253.8 261.82 261.9 258.85 258.59 265.31 254.66 246.17 247.53 261.95 278.19 289.33 287.02 276.65 285.54 294.07 297.75 290.83 281.71 271.73 287.4 289.11 293.9 297.22 291.79 291.95 293.97 296.92 300.83 301.08 303.65 306.26 308.11 310.29 311.16 312.63 311.98 311.5 311.88 310.08 309.88 310.1 310.53 310.44 312.98 316.28 314.06 311.9 311.17 309.65 307.09 305.85 304.29 303.62 306.75 307.96 306.57 305.88 305.8 305.65 304.37
-9999 -9999 -9999 -9999 -9999 -9999 -9999 -9999 241.6447 243.99 248.72 256 263.81 267.63 271.72 267.49 266.65 249.37 248.26 256.93 271.48 275.98 287.2 292.25 271.01 287.44 297.46 304.11 304.61 296.51 285.65 283.25 285.04 293.04 297.26 298.95 297.23 296.65 296.74 299.06 300.07 303.27 306.15 308.44 309.28 311.24 313.01 310.95 312.12 311.85 312.82 313.55 312.86 312.97 311.84 312.85 316.87 318.31 315.14 315.03 312.91 311.37 309.96 310.89 310.38 306.81 309.03 306.07 307.06 306.67 307.73 306.4 306.73
-9999 -9999 -9999 -9999 -9999 -9999 -9999 -9999 -9999 244.3 250.89 256.77 261.96 261.66 269.58 272.89 264.56 268.59 273.77 276.8 286.07 269.76 275.78 266.1 276.08 295.84 305.95 308.8 305.95 298.18 294.05 295.54 296.56 303.09 302.95 303.29 299.12 297.9 300.73 302.41 304.63 303.49 307.06 308.75 311.14 313.86 314.36 313.86 313.75 315.25 315.8 316.74 316.73 316.29 316.81 319.28 319.64 318.83 318.55 312.64 311.96 309.52 308.21 307.82 308.71 307.82 305.97 304.16 304.85 305.02 302.1 303.95 302.49
-9999 -9999 -9999 -9999 -9999 -9999 -9999 -9999 -9999 245.36 249.19 255.79 258.68 266.33 269.78 271.43 270.1 272.64 290.85 281.47 262.93 263.09 266.4 278.46 289.98 292.96 295.72 309.78 305.95 293.72 282.78 299.48 305.37 306.72 306.21 305.06 302.11 300.6 305.36 303.4 303.85 307.46 307.86 311.02 312.63 314.55 315.22 314.94 315.63 317 318.52 317.86 318.97 319.16 319.26 318.14 319.52 319.49 318.06 313.36 310.79 309.95 308.49 308.28 307.54 308.06 306.73 302.2 296.93 295.95 298.81 305.35 306.38
-9999 -9999 -9999 -9999 -9999 -9999 -9999 -9999 -9999 245.2222 250.15 256.15 261.31 266.24 268.44 273.65 271.36 278.28 290.58 277.99 245.77 277.11 276.72 281.41 295.3 306.09 307.42 307.28 302.69 306.3 299.1 306.47 305.18 297.86 294.69 298.39 302.55 306.99 304.51 303.95 303.99 305.37 308.22 309.35 311.81 311.89 312.61 313.74 314.68 315.25 316.81 317.46 317.25 318.24 316.85 317.38 318.52 319.65 316.7 316.6 316.37 313.9 312.78 311.26 310.37 308.85 309.95 304.21 298.61 302.41 304.57 306.4 305.67
-9999 -9999 -9999 -9999 -9999 -9999 -9999 -9999 -9999 245.3924 249.16 254.69 256.76 260.15 266.91 275.69 279.7 287.2 274.4 263.37 286.6 296.21 285.41 298.93 290.1 304.16 294.49 295.56 310.56 311.29 308.4 311.7 304.69 296.74 300 304.94 310.28 306.21 305.53 305.29 306.01 306.4 307.22 307.62 307.97 309.09 310.13 312.28 314.42 317.39 315.27 317.3 318.15 319.1 319.66 319.52 319.67 318.31 318.41 317.33 317.02 315.56 313.2 311.73 309.76 309.83 308.27 307.86 304.42 306.84 306.32 301.82 296.59
-9999 -9999 -9999 -9999 -9999 -9999 -9999 -9999 -9999 245.8113 250.1 254.96 259.18 263.16 269.2 274.26 282.47 272.47 269.56 271.85 299.9 300.21 297.52 307.62 306.04 302.18 289.72 292.48 313.77 310.87 304.05 307.76 301.39 303.25 303.25 306.43 302.19 303.23 305.62 307.85 308.6 308.38 307.43 306.78 308.18 311.18 310.8 310.04 312.54 314.87 316.5 317.1 318.62 318.76 319.95 319.93 318.2 318.27 316.11 317.34 315.87 315.13 313.49 311.58 310.55 309.14 309.03 307 304.42 304.51 304.41 295.7 279.81
-9999 -9999 -9999 -9999 -9999 -9999 -9999 -9999 -9999 -9999 250.3763 256.29 260.49 264.52 268.4 275.61 278.06 280.6 286.08 284.98 298.05 297.98 298.37 301.83 300.85 305.07 307.15 309.24 317.13 306.27 304.68 309.25 309.6 305.74 301.41 302.33 303.97 303.53 304.66 306.25 309.73 311.43 311.83 312.46 313.68 313.92 314.21 312.79 313.97 315.13 316.5 317.74 317.73 318.58 318.71 319.66 317.32 317.04 314.98 315.5 315.84 313.28 312.17 311.96 309.95 306.91 303.42 302.54 302.22 297.65 288.95 280.69 283.51
-9999 -9999 -9999 -9999 -9999 -9999 -9999 -9999 -9999 -9999 249.0714 253.07 260.14 265.61 270.12 270.32 259.66 268.28 253.56 261.23 282.52 278.72 286.1 283.71 283.46 287.8 299.55 301.88 315.73 313.74 314.82 314.88 314.7 307.16 303.16 304.34 303.86 305.79 305.23 306.84 308.62 311.03 312.73 315.1 316.01 317.19 315.91 314.8 313.28 314.41 316.17 316.5 317.52 317.14 318.6 317.61 316.51 316.86 313.92 314.47 313.29 311.53 312.42 309.42 306.83 303.12 298.75 286.24 285.31 286.86 302.86 303.16 292.49
