layers/wordclim/future/Iberia_wcB2a_10_hadcm3_2020/bio_07.asc
ncols         166
nrows         93
xllcorner     -9.4959440078468
yllcorner     36.000324005443
cellsize      0.083333337679505
NODATA_value  -9999
[rows 33 to 65 of 93, columns 0 to 72 of 166]
-9999 -9999 -9999 -9999 -9999 -9999 -9999 -9999 -9999 -9999 188.8372 200.18 209.24 217.84 224.78 231.03 235.28 233.8 234.74 240.44 244.34 246.64 256.26 264.5 261.69 259.86 268.99 277.31 280.49 281 282.47 284.98 284.92 287.27 290.39 292.29 295.14 297.17 300.08 302.41 304.89 306.19 309.79 311.46 313.2 314.41 315.4 313.37 313.19 312.93 314.68 314.74 315.95 315.87 314.93 315.69 315.07 315.96 314.27 312.91 312.2 311.41 310.66 310.09 307.26 308.27 307.22 306.96 310.07 311.28 312.19 313.22 313.84
-9999 -9999 -9999 -9999 -9999 -9999 -9999 -9999 -9999 -9999 183.9388 196.44 207.82 218 221.65 226.84 232.82 240.61 246.05 248.43 248.03 248.63 252.18 258.71 258.47 259.62 266.98 275.92 278.12 278.03 279.29 282.77 286.71 286.24 288.88 292.4 294.79 298.09 300.49 303.54 305.31 308.03 309.85 311.72 312.77 314.65 314.28 314.05 313.55 314.84 314.83 315.94 315.63 316.7 316.56 315.8 316.42 315.6 314.13 313.77 312.5 312.31 311.07 309.71 309.34 309.05 306.61 310.45 310.34 311.7 314.18 315.53 315.26
-9999 -9999 -9999 -9999 -9999 -9999 -9999 -9999 -9999 -9999 180.0112 192.13 205.68 217.53 223.91 228.77 234.32 242.06 247.29 248.81 250.63 253.41 255.75 257.41 259.09 258.86 267.5 273.27 275.33 278.31 278.93 280.99 284.41 288.08 288.52 291.29 294.99 297.76 301.28 303.18 306.21 307.53 309.95 311.63 312.38 313.11 314.15 315.26 315.56 315.84 316.8 316.63 317.11 317.07 316.67 317.69 316.04 316.67 315.55 314.4 313.93 312.71 311.61 310.97 308.25 307.62 308.17 309.9 312.56 315.7 316.92 318.15 317.87
-9999 -9999 -9999 -9999 -9999 -9999 -9999 -9999 -9999 165.6757 177.4891 190.84 203.66 214.93 224.88 231.53 235.01 241.75 246.04 249.1 253.31 257.12 259.17 260.15 262.37 265.08 268.92 269.91 270.86 274.5 277.32 279.06 283.58 286.64 290.82 291.77 294.41 298.37 300.66 303.52 305.67 308.43 309.83 310.13 312.03 314.12 316.88 316.79 316.22 316.83 316.94 317.95 316.96 318.06 317.22 317.12 317.93 317.82 315.88 315.8 313.71 313.09 312.64 311.59 311.74 313.41 313.71 314.95 316.77 316.92 319.3 320.57 320.9
-9999 -9999 -9999 -9999 -9999 -9999 -9999 -9999 -9999 166.1487 178.7526 191.3 203.28 216.3 226.4 229.71 232.39 242.62 246.98 251.4 254.19 256.35 257.89 261.25 266.28 266.07 266.75 260.5 265.4 271.12 274.71 277.71 282.1 287.53 291.15 294.32 296.96 298.8 300.58 302.51 304.53 305.65 309.03 312.58 313.74 315.79 316.51 317.41 316.85 316.58 317.58 317.47 317.57 317.6 317.67 319.11 319.29 319.79 318.55 316.29 315.17 314.61 314.35 313.13 315.63 317.27 316.21 317.55 319.44 320.57 322.71 325 323.82
-9999 -9999 -9999 -9999 -9999 -9999 -9999 -9999 -9999 171.97 183.54 194.98 206.47 218.1 227.95 228.8 239.96 244.77 248.74 252.11 254.81 257.83 261.44 260.08 249.32 247.58 254.17 258.3 264.02 268.75 274.28 276.79 281.68 287.34 291.37 294.22 297.27 298.01 298.4 298.98 303.15 306.98 311.56 313.96 314.95 315.4 317.91 317.71 318.15 318.4 318.68 318.65 317.12 319.75 320.45 320.22 320.19 319.69 319.49 321.16 319.04 319.17 318.38 318.16 319.48 320.08 321.16 320.88 321.46 321.95 325.01 328.59 327.9
-9999 -9999 -9999 -9999 -9999 -9999 -9999 -9999 170.3387 178.91 189.85 201.59 211.65 223.09 230.75 237.46 242.43 246.47 249.88 253.54 255.38 256.25 246.3 232.87 239.86 249.33 259.64 257.52 264.53 270.78 273.18 275.92 282.93 286.56 289.01 293.26 296.25 298.34 301.53 303.54 307.16 312.54 315.55 315.82 317.05 316.61 316.92 319.68 319.69 320.05 318.49 317.08 318 318.74 318.54 320.59 322.46 323.41 325.19 324.81 325.08 325.54 323.97 323.34 323.54 324.24 323.68 322.48 322.9 323.31 327.67 333.12 332.7
-9999 -9999 -9999 -9999 -9999 -9999 -9999 -9999 175.011 185.25 196.41 208.51 218.31 228.33 235.19 240.51 244.91 248.21 250.72 251.8 253.48 242.24 225.19 233.03 253.7 265.27 268.68 263.42 264.38 269.41 271.58 275.17 280.23 284.96 288.39 292.5 293.18 297.93 302.57 309.04 312.02 314.39 316.37 317.17 316.1 311.8 315 319.49 320.59 318.15 317.81 319.31 319.73 321.4 323.14 324.12 324.85 325.09 324.08 324.45 328.93 329.14 328.97 327.43 328.36 326.98 326.37 324.92 324.07 327.95 330.24 333.69 334
-9999 -9999 -9999 -9999 -9999 -9999 -9999 -9999 179.75 191.07 202.9 214.05 224.36 233.04 238.42 243.47 247.11 249.44 251.18 250.16 250.05 244.93 232.89 237.46 263.53 269.09 269.38 270.18 267.76 266.84 269.75 272.58 278.64 284.31 287.48 293.27 298.6 304.08 307.12 310.82 314.02 314.92 317.22 318.3 312.63 312.39 317.16 319.32 318.64 317.77 317.58 319.52 322.44 325.81 325.3 326.52 329.5 331.49 330.69 331.17 331.15 331.55 331.67 332.66 330.7 329.97 329.44 328.23 328.87 330.88 333.2 334.91 335.12
-9999 -9999 -9999 -9999 -9999 -9999 -9999 176.1644 183.71 192.75 204.71 215.92 228.09 236.97 241.3 244.23 247.77 247.75 244.51 238.65 238.38 251.82 257.66 262.58 266.72 267.95 272.25 274.16 274.9 274.94 282.22 286.65 282.95 290.92 296.64 300.92 303.49 305.8 309.99 312.15 314.93 317.44 316.58 313.87 319.74 317.99 315.4 317.21 319.16 325.35 324.05 327.08 330.44 331.94 332.17 333.44 333.78 333.76 334.48 334.1 334.79 334.77 335.47 335.21 334.62 333.11 332.78 332.88 333.12 333.83 335.24 336.2 336.63
-9999 -9999 -9999 -9999 -9999 -9999 -9999 -9999 185.0227 195.44 207.14 218.35 231.54 238.22 242.05 239.76 240 240.25 242.27 241.02 246.34 256.23 257.03 259.27 264.47 270.4 275.54 278.22 280.09 284.16 287.34 290.03 292.34 296.73 300.25 302.87 305.48 307.47 310.98 314.17 315.73 317.93 318.07 319.97 319.96 323.8 326.21 327.73 330.12 331.14 333.09 332.93 333.36 334.82 335.17 335.72 336.43 335.52 336.93 336.96 337.22 338.35 338.32 338.24 337.77 337.65 337.06 336.84 336.84 336.93 337.87 338.33 338.32
-9999 -9999 -9999 -9999 -9999 -9999 -9999 178.6933 187.57 196.98 206.8 219.37 228.83 235.75 231.44 229.91 238.13 244.1 246.44 250.35 255.04 251.96 259.72 258.66 269.87 275.17 276.96 280 281.5 283.37 286.19 292.04 295.66 299.29 302.33 303.87 306.95 310.26 312.37 315.07 317.3 319.08 321.57 323.72 325.48 327.85 328.96 330.74 331.44 333.24 334.29 335.24 335.81 336.32 336.55 338.48 338.78 338.68 339.14 339.26 340.37 340.81 340.94 341.12 341.1 342.12 341.79 340.35 340.01 339.99 340.04 340.29 340.44
-9999 -9999 -9999 -9999 -9999 -9999 -9999 178.8 188.81 197.96 207.52 218.55 227.01 232.28 232.73 237.84 243.33 246.05 245.05 247.51 249.44 256.13 266.16 268.66 272.44 276.64 279.47 281.86 284.24 286.96 290.76 293.45 295.72 299.86 303.08 306.2 308.24 311.22 314.21 316.03 318.29 321.38 322.61 325.27 327.66 328.58 330.81 331.76 333.49 334.63 335.66 337.35 338.02 337.77 339.68 339.85 340.43 340.88 341.03 342.68 343.07 343.54 343.79 344.05 345.29 345.16 344.83 344.28 343.87 342.71 342.62 342.82 342.69
-9999 -9999 -9999 -9999 -9999 -9999 171.4603 178.56 189.06 198.66 207.39 216.46 224.76 230.34 235.23 240.03 241.89 242.93 243.77 242.78 252.83 261.33 267.11 270.25 274.01 277.44 281.5 283.46 286.41 288.48 291.8 295.27 297.6 300.51 304.01 307.09 309.01 311.79 314.53 317.24 319.38 322.33 324.69 326.51 328.46 330.67 332.55 333.47 335.42 336.54 338.47 339.26 339.79 341.7 341.02 341.94 342.57 343 344.18 344.37 344.83 345.44 345.87 346.29 347.84 347.96 347.58 347.03 346.54 346.21 344.91 344.84 344.87
-9999 -9999 -9999 -9999 -9999 -9999 170.6327 179.03 188.52 198.59 207.4 214.94 222.64 228.77 234.16 238.55 242.55 244.68 245.66 247.75 255.7 261.44 266.34 269.62 274.5 278.33 281.6 284.96 286.05 289.59 292.85 296.05 299.34 301.77 305.06 307.98 310.6 312.25 315.68 318.7 321.68 323.31 326.05 328.62 330.08 332.44 333.96 335.97 336.85 339.11 339.91 340.94 342.4 343.56 344.26 343.7 344.54 346.13 346.66 347.18 347.58 347.57 348.42 349.93 350.33 350.24 349.92 349.57 349.09 348.75 348.38 347 346.89
-9999 -9999 -9999 -9999 -9999 164.5179 171.59 180.3 188.67 198.27 206.34 213.17 219.77 227.16 232.32 236.99 240.62 244.28 247.92 252.25 256.45 260.68 265.7 270.46 273.74 277.1 280.6 284.52 286.42 290.13 294.09 297.54 300.02 301.91 305.62 308.97 312.39 315.19 316.95 319.83 322.58 325.6 327.04 330.08 331.29 333.92 336.33 337.55 338.94 341.07 341.71 342.79 344.81 345.48 346.18 347.08 347.92 348.47 348.64 349.26 349.71 350.1 351.48 351.7 352.14 351.67 351.84 351.6 351.41 350.88 350.44 350.07 349.69
-9999 -9999 -9999 -9999 -9999 163.3171 171.02 180.84 190.06 199.58 205.85 212.2 218.17 225.49 231.1 235.65 239.7 242.64 246.27 251.74 255.79 260.54 265.06 269.23 272.22 276.29 280.48 283.23 287.07 290.91 294.34 297.57 300.82 303.92 306.08 309.76 313.07 316.09 318.09 320.82 323.98 326.64 328.43 331.31 333.69 335.41 337.59 338.83 341.39 341.5 343.26 345.42 346.52 347.14 347.33 348.48 349.5 349.04 349.33 350.43 350.87 352.33 353.71 353.58 353.44 353.83 353.68 353.72 353.41 352.96 352.67 351.94 351.42
-9999 -9999 -9999 -9999 -9999 163.0202 171.92 184.16 192.99 199.41 205.66 210.85 216.91 222.79 229.63 234.48 238.78 242.63 246.34 250.84 254.82 258.71 263.34 267.03 270.97 274.81 278.76 281.79 285.52 290.96 295.78 298.92 302.12 305.61 307.69 310.67 313.6 317.32 319.98 322.04 325.01 327.75 329.78 332.49 335.03 336.77 339.03 340.51 341.88 342.7 343.33 346.84 347.6 348.92 349.95 350.78 351.12 350.85 349.8 352.42 351.12 353.23 353.6 354.27 354.33 354.51 355 355.67 355.39 354.97 354.47 353.77 353.19
-9999 -9999 -9999 146.0476 152.8 163.12 174.98 184.95 191.57 197.33 203.8 209.77 216.02 222.13 228.18 232.92 237.39 241.53 245.34 249.87 253.12 257.29 261.5 264.59 266.3 271.48 276.69 281.72 284.56 290.19 295.98 300.37 304.02 307.51 309.47 312.54 315.25 318.05 321 323.07 326.29 329.24 331.1 333.46 336.52 337.57 340.34 342.05 343.22 343.49 346.57 348.55 349.41 350.52 351.22 353 353.48 354.6 354.49 354.94 355.17 356.54 357.09 357.63 356.07 355.11 355.82 356.82 357.27 356.63 356.11 355.24 354.4
-9999 -9999 136.5156 145.093 155.19 165.09 175.06 182.61 190.01 197.5 203.6 209.48 215.76 221.97 227.06 232.61 236.91 240.57 244.39 247.96 252.57 256.8 260.24 261.99 261.95 263.67 271.28 278.39 284.67 290.72 295.7 300.24 305.11 307.82 310.56 314.01 316.97 319.56 322.56 324.53 327.48 330.59 332.11 335.22 337.55 338.98 341.33 342.85 345.38 347.16 348.11 349.67 350.84 351.64 352.42 353.85 354.77 356.13 357.11 356.44 356.2 357.54 358.96 358.91 358.52 358.78 357.79 358.42 358.94 358.01 357.17 356.76 355.65
-9999 -9999 140.04 149.59 158.64 167.79 176.04 183.07 191.45 198.27 204 210.25 216.55 221.93 226.58 231.92 235.99 240.05 244.37 247.89 252.78 256.94 261.08 263.39 264.37 263.46 269.57 280.89 289.03 293.71 298.61 303.55 307.15 308.94 312.33 315.13 317.86 321.01 322.88 325.83 328.83 331.68 333.56 336.22 339.02 340.51 342.7 344.32 346.92 348.24 348.86 350.52 351.86 352.6 353.99 354.6 356.41 357.67 358.28 357.74 358.37 359.12 360.37 360.63 360.61 360.71 361.14 360.85 359.75 359.35 358.24 358 356.61
-9999 -9999 145.27 154.25 163.13 174.14 178.98 185.98 192.6 199.41 205.06 211.62 217.24 222.07 226.67 230.83 235.56 239.72 244 247.7 252.79 257.18 260.6 264.02 268.76 272.27 276.73 284.33 291.65 297.18 300.88 306 309.17 311.02 313.87 316.68 319.27 322.31 324.32 327.25 329.54 332.65 334.73 337.5 338.79 341.38 343.87 345.33 346.27 348.54 350.1 351.5 352.92 353.92 355.15 356.41 358.07 358.67 358.97 359.1 360.01 360.44 360.25 361.63 362.32 362.16 362.33 361.95 361.42 360.17 359.1 358.18 357.4
-9999 145.9844 151.52 160.4 170.33 176.42 182.29 189.22 194.54 201.6 207.16 212.7 217.98 222.74 227.04 230.87 234.59 239.32 243.96 248.15 252.88 257.5 261.7 264.9 270.13 275.95 282.7 287.8 294.96 300.79 304.69 308.36 310.06 312.67 315.44 318.07 321.14 322.94 325.64 328.5 331.36 333 335.72 337.99 339.6 342.39 343.71 345.8 347.13 349.67 351.07 352.32 354.41 355.57 356.53 357.66 358.67 359.82 360.1 360.52 361.38 361.48 361.64 363.06 363.89 363.95 363.55 362.95 361.71 360.75 359.8 358.67 357.48
-9999 151.6 159.19 167.61 176.1 181.96 185.5957 191.6333 197.1839 203.02 209.36 214.15 219.04 223.3 227.03 230.92 234.79 239.53 243.19 248.17 252.87 257.57 261.83 267.05 272.34 278.14 284.92 291.11 297.53 303.28 307.43 309.14 311.79 314.1 316.77 319.71 321.36 324.25 326.79 329.73 331.3 333.75 336.45 338.01 340.78 343.16 344.92 347.37 348.94 349.89 352.43 353.53 354.1 356.27 357.48 358.75 359.65 360.1 361.42 360.8 361.46 362.54 362.56 362.57 363.75 364.39 364.72 364.02 362.69 361.31 360.34 359.12 358
-9999 159.449 167.66 175.17 182.33 187.3814 190.7342 195.51 200.53 205.67 209.98 215.49 219.66 223.69 227.58 231.16 235.09 239.92 243.56 248 252.93 257.64 262.02 267.45 273.18 278.95 283.87 290.98 299.2 305.23 309.37 310.06 312.19 314.87 317.52 318.99 321.73 324.48 327.46 329.43 332.13 334.66 336.44 339.36 341.96 343.26 345.74 347.3 349.9 351.31 352.16 353.76 355.42 357.14 358.83 359.73 360.21 360.51 360.96 362.25 362.3 362.66 363.1 362.97 363.94 363.81 365.57 364.85 363.12 361.68 360.63 359.51 358.45
-9999 165.64 173.52 180.81 186.65 189.9167 194.7407 199 203.78 208.14 212.34 216.58 221.44 225.05 228.22 231.73 235.71 240.22 243.85 248.58 253.13 257.07 261.64 267.24 273.53 279.06 283.98 291.42 299.48 305.46 309.25 310.95 312.47 314.84 316.7 319.57 322.49 325.42 327.42 330.02 332.95 334.97 337.63 340.51 341.96 344.69 346.41 348.5 349.93 352.09 353.3 354.15 355.94 357.45 357.98 359.81 360.8 361.36 362.22 361.94 363.01 363.12 363.63 363.58 363.67 363.74 363.45 364.1 363.31 362.28 361.14 360.81 359.01
164.1358 170.67 177.6 185.84 191.9787 -9999 -9999 202.52 206.91 210.32 214.32 218.19 222.89 226.36 229.49 232.82 236.39 240.53 243.79 248.45 253.34 257.61 263.09 268.21 273.55 279.89 286.43 292.89 298.93 303.53 307.59 310.32 312.67 314.09 317.15 320.26 323.27 325.14 327.79 331.04 333.09 335.97 338.7 340.46 343.33 345.05 347.63 348.4 350.81 352.35 354.85 355.91 356.44 357.33 358.88 359.59 359.87 360.93 362.23 361.85 362.53 363.72 363.59 363.63 363.9 363.92 364.13 363.15 361.84 361.56 360.49 359.47 358.32
165.74 172.4225 179.6081 189.1039 195 199.125 201.6517 205.2 208.59 212.29 216.37 219.74 223.05 227.51 230.8 233.81 237.39 240.02 244.05 248.44 252.66 258.32 263.7 269.42 274.58 280.31 286.6 292.25 296.67 301.82 306.05 309.02 310.92 313.83 317.21 320.15 322.08 325.34 328.32 330.11 333.34 336.55 338.41 341.5 344.32 345.78 348.11 349.65 351.91 353.5 354.51 356.37 356.8 357.18 358.95 359.04 359.49 360.35 361.73 361.18 362.2 363.06 362.97 363.76 363.57 363.55 363.66 362.63 360.5 359.79 360.34 358.95 357.74
-9999 -9999 -9999 190.6351 195.4935 199.7738 203.8 206.86 209.86 213.77 217.33 220.78 224.41 228.2 232.54 235.38 238.92 241.26 244.48 249.16 253.62 259.42 265.24 269.75 275.31 280.59 286.09 290.56 295.64 299.86 303.99 307.07 310.28 313.45 316.76 318.91 322.02 325.46 327.52 330.52 333.89 336.12 339.52 342.13 343.67 346.56 347.89 350.49 351.85 354.06 354.75 355.48 357.13 357.74 359.08 359.65 360.38 361.11 360.33 361.58 361.85 362.14 362.4 362.21 363.04 362.75 361.68 360.4 360.97 358.82 359.07 358.8 357.83
-9999 -9999 -9999 -9999 195.7 200.82 205.3434 207.6118 210.3956 214.1868 218.3 221.8 225.58 229.8 233.82 236.97 240.81 243.28 246.66 249.88 255.4 261.08 266.42 270.8 275.92 280.51 284.52 289.34 294.4 298.72 301.59 305.04 308.54 312.35 314.65 318.56 321.74 324.49 327.42 331.1 333.23 336.55 339.58 341.49 344.14 345.8 348.54 350.34 352.54 353.36 354.23 356.14 356.96 358.53 358.98 359.01 359.19 359.52 360.13 360.95 362.31 362.19 361.83 361.24 359.89 360.7 360.57 359.41 358.76 358.74 357.87 357.38 356.85
-9999 -9999 -9999 -9999 194.9136 201.2143 -9999 207.8235 -9999 214.5 218.49 222.51 226.09 229.82 233.89 238.7 241.85 245.85 249.94 253.2 258.08 262.93 266.91 271.56 276.17 279.03 283.57 288.18 292.98 296.39 300.38 304.02 306.09 309.84 313.53 317.67 320.28 324.1 327.23 330.16 333.17 335.5 338.47 341.66 343.36 346.46 348.13 350.25 351.35 353.56 354.32 355.43 356.99 357.47 358.2 359.68 358.9 358.84 359.72 359.71 360 360.66 361.69 361.22 360.72 358.17 356.16 358.79 360.18 360.12 359.38 356.84 355.62
-9999 -9999 -9999 -9999 -9999 -9999 -9999 -9999 211.4821 214.9694 219.0632 222.31 226.71 231.33 234.8 240.58 244.35 248.81 252.24 256.76 261.11 264.23 268.25 272.39 274.81 278.78 282.92 286.96 290.34 294.73 298.68 301.62 305.27 309.22 312.19 315.94 319.76 323.45 325.79 329.84 332.29 335.25 338.69 340.73 343.77 345.57 347.64 349.21 351.53 352.69 354.7 355.55 356.09 357.61 356.97 357.42 358.9 358.8 358.72 359.58 358.48 358.35 357.6 358.85 358.62 358.23 353.56 355.93 356.32 356.26 356.85 355 353.82
-9999 -9999 -9999 -9999 -9999 -9999 -9999 -9999 -9999 215.42 219.82 224.11 227.21 231.36 235.67 240.49 246.07 251.73 255.54 260.03 264.07 266.96 270.12 272.63 274.57 277.96 281.98 284.29 288.22 292.55 295.87 300.02 303.38 306.3 310.56 314.63 317.66 321.43 325.4 328.36 331.64 334.89 337.65 340.54 342.72 344.96 346.37 349.15 350.4 352.67 353.62 354.35 354.93 355.38 356.42 356.72 357.22 358.16 357.99 357.64 357.39 358.12 357.61 354.53 355.63 355.06 351.6 351.73 351.23 350.35 350.19 349.22 346.19
