layers/wordclim/future/Iberia_wcB2a_10_hadcm3_2020/bio_13.asc
ncols         166
nrows         93
xllcorner     -9.4959440078468
yllcorner     36.000324005443
cellsize      0.083333337679505
NODATA_value  -9999
[rows 0 to 33 of 93, columns 0 to 76 of 166]
-9999 -9999 -9999 -9999 -9999 -9999 -9999 -9999 -9999 -9999 -9999 -9999 -9999 -9999 -9999 -9999 -9999 137.3659 148.3194 131.6269 130.7121 132.6136 127.6232 125.2576 -9999 -9999 -9999 -9999 -9999 -9999 -9999 -9999 -9999 -9999 -9999 -9999 -9999 -9999 -9999 -9999 -9999 -9999 -9999 -9999 -9999 -9999 -9999 -9999 -9999 -9999 -9999 -9999 -9999 -9999 -9999 -9999 -9999 -9999 -9999 -9999 -9999 -9999 -9999 -9999 -9999 -9999 -9999 -9999 -9999 -9999 -9999 -9999 -9999 -9999 -9999 -9999 -9999
-9999 -9999 -9999 -9999 -9999 -9999 -9999 -9999 -9999 -9999 -9999 -9999 -9999 -9999 -9999 -9999 135.8333 137.4316 142.72 135.44 142.23 143.24 131.6869 137.62 134.91 125.2165 -9999 -9999 -9999 -9999 -9999 -9999 -9999 -9999 -9999 -9999 -9999 -9999 -9999 -9999 -9999 -9999 -9999 111.4844 110.9231 -9999 -9999 -9999 -9999 -9999 -9999 -9999 -9999 -9999 -9999 -9999 -9999 -9999 -9999 -9999 -9999 -9999 -9999 -9999 -9999 -9999 -9999 -9999 -9999 -9999 -9999 -9999 -9999 -9999 -9999 -9999 -9999
-9999 -9999 -9999 -9999 -9999 -9999 -9999 -9999 -9999 -9999 -9999 -9999 -9999 -9999 136.2593 134.6737 137.4141 139.83 142.86 150.82 153.91 149.4 143.91 148.6 129.46 121.68 118.6737 117.2658 115.6479 109.3636 109.2625 108.5714 109.75 106.9221 110.6456 108.4697 109.3562 111.8194 113.4318 112.567 111.9615 111.75 110.8889 110.72 111.46 108.4026 107.8689 109.75 109.4576 -9999 -9999 -9999 -9999 -9999 -9999 -9999 -9999 -9999 -9999 -9999 -9999 -9999 -9999 -9999 -9999 -9999 -9999 -9999 -9999 -9999 -9999 -9999 -9999 -9999 -9999 -9999 -9999
-9999 -9999 -9999 -9999 -9999 -9999 -9999 -9999 -9999 -9999 -9999 -9999 -9999 -9999 -9999 -9999 146.4747 155.1 156.78 151.67 155.22 159.74 161.43 158.55 144.03 129.74 121.17 124.58 115.26 112.9798 117.45 119.35 118.29 110.98 119.39 113.79 111.38 114.05 117.8 112.91 109.7172 113.31 114.7 112.55 110.97 110.35 111.62 111.3 107.01 107.49 107.27 108.4231 105.8462 104.7627 105.26 -9999 -9999 -9999 -9999 -9999 -9999 -9999 -9999 -9999 -9999 -9999 -9999 152.9726 -9999 162.381 166.6563 168.4368 171.6087 -9999 -9999 -9999 -9999
-9999 -9999 -9999 -9999 -9999 -9999 -9999 -9999 -9999 -9999 -9999 -9999 -9999 -9999 139.0298 138.9583 149.67 157.99 158.03 159.28 154.67 153.03 150.19 153.98 146.31 140.23 133.19 123.24 121.06 129.61 135.52 126.13 117.59 118.7 120.36 112.48 116.22 118.66 113.13 109.84 109.73 108.07 109.41 112.68 110.75 110.14 110.03 108.73 107.5 106.3 105.34 102.96 102.69 105.38 105.78 107.89 112.43 110.7979 111.0741 112.726 115.7143 118.7821 123.0694 129.4217 133.9694 137.6 143.13 147.92 153.5417 157.13 160.81 163.63 165.6905 171.36 174.191 177.5185 -9999
-9999 -9999 -9999 -9999 -9999 -9999 144.1852 142.3125 146.3649 -9999 150.1351 150.7711 149.48 143.8687 142.72 -9999 152.88 161.15 167.39 161.35 156.06 150.24 146.43 140.55 141.45 136.96 133.98 125.12 134.8 135.14 131.08 117.07 118.91 129.25 124.87 113.31 110.13 111.46 114.13 111.7 112.71 112.57 110.99 109.31 109.21 107.97 107.49 108.19 107.48 105 107 104.25 102.31 106.59 111.72 111.45 108.77 113.12 110.18 113.2 114.66 118.35 120.98 124.31 129.71 132.9 137.17 141.48 145.78 148.24 151.75 154.85 158.84 162.56 165.53 168.78 174.59
-9999 -9999 -9999 -9999 -9999 -9999 151.0137 151.34 154.12 154.96 162.52 178.4 174.88 167.1 156.76 156.92 166.98 168.21 168.87 162.09 157.41 149.59 145.53 139.37 136.9 135.99 136.86 129.97 132.73 132.58 123.29 115.99 126.4 131.44 117.36 111.75 111.8 120.46 116.2 117.13 116.17 109.83 120.45 110.56 105.17 105.84 105.57 104.25 103.96 103.54 112.5 107.4 104.48 115.62 139.43 127.06 132.83 130.13 110.6 115.39 113.86 115.3 117.37 120.75 124.19 126.99 130.46 133.67 137.81 139.11 142.55 144.68 149.21 153.49 155.65 160.25 164.78
-9999 -9999 -9999 -9999 141.3548 152.75 157.51 169.57 178.2 180.79 190.52 191.08 188.47 189.66 183.32 182.87 182.44 176.64 172.76 164.21 158.86 152.64 144.69 140.34 137.79 138.92 140.12 131.79 140.97 132.31 131.34 119.85 126.13 128.87 118.02 113.93 122.36 131.11 117.64 123.92 118.08 120.01 108.87 107.31 102.74 106.82 103.98 103.33 109.84 115.2 109.74 113.72 118.49 110.3 122.31 129.67 122.61 106.43 103.79 107.8 120.96 116.61 116.11 117.4 118.69 120.81 123.9 126 129.84 133.59 135.65 136.58 137.59 141.99 147.47 149.57 153.42
-9999 -9999 -9999 139.8351 148.74 165.1 170.91 179.74 186.57 193.58 195.81 199.09 194.34 194.99 192.99 188.73 185.81 183.32 180.72 171.47 160.57 154.92 147.63 143.1 142.16 139.71 142.87 140.41 130.34 129.05 118.6 117.41 128.11 135.07 119.89 130.1 127.73 145.87 144.49 138.29 147.15 132.48 137.51 111.73 102.98 123.12 125.34 118.03 123.65 126.97 114.36 120.58 113 109.48 118.61 118.6 129.93 127.6 118.1 112.07 116.14 128.06 122.19 114.4 114.58 116.07 117.87 119.27 122.79 124.3 125.67 127.52 130.56 132.39 134.57 135.77 138.83
-9999 -9999 -9999 140.5294 159.5556 170.2 178.66 184.83 189.95 196.66 200.9 203.86 205.18 206.11 203.07 197.64 189.45 187.78 181.7 176.67 165.82 159.86 152.29 142.32 136.7 134.73 139.5 136.4 133.82 120.64 120.34 127.06 125.28 131.78 132.62 136.7 141.42 131.12 128.45 126.15 128.93 121.45 121.1 124.62 117.5 113.27 116.27 110.97 117.42 110.6 101.53 107.15 107.02 105.95 103.45 111.34 124.07 126.23 120.74 111.95 108.04 123.15 118.21 108.14 107.76 109.54 110.58 112.28 113.99 116.48 118.04 119.83 122.43 123.75 125.05 126.35 127.38
-9999 -9999 -9999 -9999 155.2241 176.01 181.11 183.77 193.95 192.92 192.88 210.24 220.27 209.63 205.71 199.37 187.29 182.88 178.66 174 169.14 158.69 148.7 139.81 134.43 133.67 134.48 137.75 127.69 123.03 130.72 142.11 149.52 145.41 131.47 131.8 126.72 129.35 139.84 130.7 133.16 130.54 118.32 106.95 117.75 106.32 102.63 99.48 105.75 96.82 94.83 101.8 97.12 101.86 98.5 107.05 107.63 108.63 107.81 100.05 98.7 99.8 100.61 100.94 102.18 102.43 105.43 104.94 106.53 108.63 111.11 112.17 114.2 115.42 117.29 118.33 119.39
-9999 -9999 -9999 -9999 157.85 165.2969 171.2727 176.2527 204.5 199.4 199.33 200.4 209.15 203.33 200.75 205.79 196.75 191.77 186.78 175.22 170.57 161.41 147.35 147.15 141.42 131.4 140.98 140.82 134.3 133.26 134.82 152.05 137.57 125 112.85 112.4 124.36 135.18 132.86 127.9 117.12 107.52 100.16 97.79 94.66 96.9 89.53 87.47 89.35 86.96 87.3 88.06 88.34 90.98 88.38 93.52 96.33 91.63 92.59 93.99 93.2 93.07 92.25 93.92 96.36 95.67 97.65 100.08 99.92 102.69 104.79 104.99 106.6 107.1 107.79 109.18 111.95
-9999 -9999 -9999 -9999 -9999 -9999 193.3152 189.45 199.72 196.63 206.72 214.75 213.88 219.87 214.79 209.09 204.43 195.71 191.06 185.44 170.47 156.43 156.38 152.26 142.28 139.92 145.62 152.91 150.92 143.35 132.53 135.66 118.83 108.38 106.51 102.64 108.05 109.46 105.74 105.72 107.8 104.99 96.71 90.03 87.45 87.27 81.38 80.37 81.73 78.55 82.59 80.34 81.6 81.75 83.51 85.59 86.21 85.84 85.4 86.72 85.08 86.57 86.8 90.08 91.26 91.39 92.43 93.42 93.54 96.18 98.81 98.19 97.86 100.34 100.9 103.26 103.78
-9999 -9999 -9999 -9999 -9999 172.1017 187.8723 -9999 -9999 208.14 212.75 222.45 226.36 225.49 222.49 212.47 205.46 199.84 193.78 187.21 170.12 157.12 153.78 145.09 130.27 136.24 147.44 142.23 143.71 146.79 131.47 119.34 107.55 98.08 95.25 95 93.06 92.67 96.8 101.39 95.33 89.01 87.64 83.24 81.07 80.25 74.98 74.08 74.22 74.2 75.25 74.55 76.92 75.04 78.49 79.54 79.64 80.01 78.29 80.08 79.51 79.77 80.82 83.26 84.73 86.02 87.17 87.96 88.67 90.85 90.9 90.1 90.53 91.37 92.18 93.75 94.65
-9999 -9999 -9999 -9999 -9999 -9999 -9999 185 197.5904 206.69 218.43 227.43 229.15 225.18 221.75 215.72 207.65 203.18 197.52 184.38 172.75 157.03 149.97 134.47 128.81 128.69 134.25 135.06 142.82 139.95 127.93 110.49 99.91 92.84 91.36 93.76 103.61 108.64 107.78 102.71 91.2 84.76 82.19 77.68 75.49 73.64 70.9 69.27 68.77 69.79 69.94 71.33 72.38 70.56 73 74.23 72.75 74.17 73.81 74.12 74.85 74.13 74.95 75.95 77.31 78.24 80.11 82.48 82.54 83.55 82.5 83.01 86.23 86.63 86.5 87.81 87.4
-9999 -9999 -9999 -9999 -9999 -9999 -9999 193.7292 206.3044 224.1461 219.96 230.15 236.61 230.87 221.74 210.43 201.15 192.36 183.69 176.33 167.16 157.89 146.13 138.05 137.58 132.89 126.22 122.28 135.49 124.96 115.81 106.45 100.57 107.82 117.89 111.77 119.59 118.67 103.16 92.49 84.63 80.47 78.27 72.96 72.26 70.55 68.36 66.28 65.71 65.86 67.53 68.01 67.46 66.38 67.6 69.45 68.49 68.13 68.19 68.25 68.78 69.1 70.61 71.01 72.04 72.82 74.84 76.34 76.02 76.59 77.39 79.21 80.76 81.11 82.38 82.03 80.84
-9999 -9999 -9999 -9999 -9999 -9999 -9999 -9999 -9999 227.4853 226.0645 234.9 238.52 232.49 222.04 205.14 188.32 184.3 172.17 161.58 156.7 167.82 164.05 150.68 142.42 148.3 143.71 118.91 113.37 126.36 126.12 112.24 124.42 125.54 117.04 133.38 131.75 119.35 100.68 92.15 84.42 78.01 73.21 70.47 68.67 67.65 65.31 63.12 64.09 64.04 63.64 63.99 62.92 63.26 63.91 64.75 64.16 63.25 63.82 63.69 64.13 64.38 65.4 65.91 67.57 68.94 69.96 70.76 70.44 70.57 71.72 74.51 77.16 81.47 81.17 80.18 83.81
-9999 -9999 -9999 -9999 -9999 -9999 -9999 -9999 209.6026 231.4091 -9999 244.16 240.72 229.19 225.63 207.89 185.04 181.11 178.79 162.19 159.38 165.98 161.24 164.76 161.47 157.71 160.44 131.45 123.1 130.84 141.12 140.9 140.78 135.87 125.85 111.83 113.87 120 107.08 91.16 80.87 75.66 71.3 68.39 66.41 64.68 63.1 61.06 61.68 62.7 61.03 60.51 59.94 59.88 60.42 60.41 60.44 59.9 59.56 59.45 60.09 60.56 61.66 62.61 63.86 66.36 65.83 65.8 66.11 67.6 69.11 70.9 74.89 79.8 85.17 87.7 90
-9999 -9999 -9999 -9999 -9999 -9999 -9999 -9999 -9999 222.1209 238.53 223.93 216.49 224.91 217.62 200.35 190.39 186.96 180.28 176.79 170.09 166.42 157.98 166.67 171.21 171.99 173.08 150.87 128.27 136.28 141.51 151.19 159.4 150.35 136.51 131.87 122.58 107.8 99.2 87.96 80.24 74.91 71.25 66.17 64.31 62.54 60.32 59.3 59.78 58.95 57.62 57.09 57.36 57.48 57.22 56.95 57.09 57.01 56.3 55.65 56.34 57.69 58.32 59.79 61.44 61.35 61.5 63.17 63.56 64.69 66.55 68.54 74.82 83.97 88.03 96.17 96.36
-9999 -9999 -9999 -9999 -9999 -9999 -9999 -9999 202.6044 238.47 206.03 210.09 199.13 214.17 195.16 199.68 202.13 204.73 195.26 189.46 182.16 169.47 163.12 160.74 162.74 164.61 157.07 141.93 131.7 140.78 147.62 154.19 147.44 123.89 112.44 109.79 104.94 96.73 88.31 80.09 77.11 72.14 67.83 65.15 62.17 60.06 57.89 57.79 56.98 55.89 55.5 54.69 55.72 55.75 54.88 54.39 53.79 52.99 53.36 52.21 54.39 56.07 56.39 57.49 57.13 59.27 59.35 59.97 61.18 62.8 65.09 68.22 68.25 70.2 75.77 77.92 79.82
-9999 -9999 -9999 -9999 -9999 -9999 -9999 216.9682 226.18 209.88 198.13 197.41 201.68 196.93 214.5 223.86 226.92 215.89 202.99 190.54 180.79 172.44 164.34 162.89 143.62 149.47 145.33 136.45 137.79 138.92 140.95 142.96 139.67 114.36 106.49 100.61 95.48 90.34 83.65 77.43 72.62 68.81 65.17 62.75 60.25 57.79 55.7 54.95 54.98 54.49 53.3 53.15 53.56 52.71 53.13 52.54 51.75 50.76 51.24 50.43 52.08 52.36 52.61 54.77 56.1 57.54 57.73 58.25 58.69 60.37 61.53 63.31 66.86 66 67.43 73.12 85.56
-9999 -9999 -9999 -9999 -9999 -9999 -9999 204.3167 192.81 196.61 203.94 227.78 212.94 216.24 233.64 218.17 210.09 200.23 198.71 201.63 197.14 184.42 174.04 159.66 138.5 140.75 138.7 129.62 129.75 129.21 124.19 124.38 128.7 107.94 101.42 98.26 96.12 88.19 82.11 76.86 72.55 67.8 63.78 60.62 57.87 55.54 54.15 53.26 52.54 51.45 51.66 51.64 51.7 50.94 50.67 51.25 51.35 51.47 51.7 49.96 49.52 51.04 52.12 53.97 55.57 56.82 56.54 57.85 58.56 60.38 61.2 63.93 66.5 69.09 65.38 67.56 70.16
-9999 -9999 -9999 -9999 -9999 -9999 -9999 187.9091 192.5341 209.37 206.29 221.65 198.18 198.33 204.51 203.47 201.19 211.1 217.86 211.43 203.78 196 173 161.32 140.02 140.97 144.29 129.95 123.97 126.18 120.15 114.76 111.13 99.21 97.15 91.45 90.35 87.58 84.6 81.09 75.26 70.41 63.53 60.11 56.72 54.16 52.42 50.96 49.95 49.21 50.07 49.97 49.99 49.95 51.33 51.79 51.91 51.63 50.62 48.89 49.74 50.97 51.78 53.67 54.85 55.44 55.97 56.92 57.52 58.7 59.45 60.91 62.71 64.39 66.72 66.78 68.02
-9999 -9999 -9999 -9999 -9999 -9999 -9999 -9999 197.23 206.84 184.02 191.13 186.55 190.17 199.87 218.87 224.38 228.55 208.89 208.99 200.31 193.23 180.35 162.72 140.84 141.88 146.56 128.99 123.12 116.66 117.42 118.48 106.49 95.46 96.45 88.69 86.68 85.37 78.99 73.86 71.86 68.75 62.44 57.3 54.63 52.7 50.53 49.39 48.91 48.65 48.26 47.97 49.32 50.4 50.89 51.4 51.34 50.6 49.46 49.16 49.69 50.45 51.36 52.02 53.15 54.09 53.91 54.72 55.83 56.23 56.77 58.09 58.8 59.37 61.44 63.85 65.59
-9999 -9999 -9999 -9999 -9999 -9999 -9999 -9999 189.8556 185.2449 188.27 189.55 195.22 187.14 194.57 201.39 202.65 198.3 206.85 208.6 203.05 189.4 172.36 156.21 150.42 153.1 139.25 124.58 115.05 117.19 120.75 124.67 106.43 101.13 92.53 86.25 87.6 84.44 78.73 73.21 68.07 64.77 60.83 56.4 52.7 50.72 48.93 47.62 47.35 47.13 47.42 48.41 49.1 49.24 49.86 50.59 50.54 50.11 50.07 49.46 49.31 50.23 50.74 51.61 51.95 53.71 52.47 52.35 52.96 54.71 54.86 55.88 57.06 57.69 58.97 60.02 61.23
-9999 -9999 -9999 -9999 -9999 -9999 -9999 -9999 183.8289 186.5 183.69 177.79 169.79 171.54 175.21 190.39 195.34 214.82 214.6 205.85 190.93 183.42 169.88 158.31 168.78 148.34 131.65 117.78 111 115.11 119.91 117.07 109.82 98.1 89.95 85.05 84.04 80.46 77.36 72.26 68.28 63.5 58.6 54.71 51.04 48.91 47.44 47.47 46.75 46.45 46.1 45.88 46.97 47.58 48.64 49.28 48.72 48.81 49.14 48.75 49.85 50.12 50.2 49.91 50.57 52.41 51.95 52.95 53.23 54.39 54.49 55.42 56.13 56.94 57.06 57.12 59.54
-9999 -9999 -9999 -9999 -9999 -9999 -9999 -9999 -9999 182.21 174.93 171.28 168.64 179.67 175.06 178.36 198.86 198.34 193.03 190.76 180.87 191.28 183.59 184.09 169.99 145.08 126.82 115.76 114.44 117.07 115.68 107.91 101.72 90.14 85.79 83.29 82.54 80.31 74.6 70.05 65.84 63.14 58.33 53.78 50.19 46.78 45.32 45.8 45.12 44.47 43.99 44.26 44.85 45.96 46.36 46.53 46.96 47.46 47.54 48.65 49.71 50.22 50.96 50.8 51.8 52.26 53.52 54.22 55.31 55.61 57.33 57.66 58.73 57.55 56.62 56.17 56.1
-9999 -9999 -9999 -9999 -9999 -9999 -9999 -9999 -9999 175.28 175.2 169.96 173.01 166.48 169.77 178.05 191.55 193.52 170.23 190.23 204.05 201.34 194.26 180.6 164.58 154.05 142.46 119.56 118.32 125.26 127.95 106.28 95.5 88.07 84.27 81.97 81.04 78.53 72.38 70.24 66.58 61.39 57.72 53.09 49.29 46.83 45.05 45.2 44.14 43.14 42.51 42.95 43.56 44.01 44.91 45.84 46.13 46.28 46.95 47.99 49.51 49.98 50.3 50.99 52.1 52.62 53.31 56.3 59.86 60.64 60.26 57.15 57.17 58.95 57.9 58.76 58.56
-9999 -9999 -9999 -9999 -9999 -9999 -9999 -9999 -9999 171.8384 167.73 164.46 162.75 163.15 169.9 169.6 188.04 184.57 171.2 196.63 218.02 197.09 192.96 183.35 164.58 142.3 131.85 125.83 124.22 113.53 115.46 102.55 96.98 97.56 94.14 88.55 81.45 75.13 73.4 71.97 67.52 63.26 58.85 54.99 51.26 49.14 47.53 45.54 44.5 43.52 42.8 43.18 43.65 43.94 44.79 45.3 45.3 45.44 46.42 46.64 46.88 47.74 49.15 49.73 51.64 52.26 52.6 55.62 59.35 57.94 57.8 57.5 57.93 58.86 60.95 62.35 62.94
-9999 -9999 -9999 -9999 -9999 -9999 -9999 -9999 -9999 167.038 168.25 166.81 170.77 174.35 170.84 164.66 168.69 160.99 194.76 210.67 192 188.23 190.11 171.22 173.1 147.39 151.46 142.58 118.24 110.47 108.16 98.9 99.99 99.46 91.49 83.83 77.03 76.13 74.93 71.45 67.54 64.08 61.7 57.84 54.74 52.28 49.27 46.66 44.31 42.46 42.66 43 43.05 43.13 43.32 43.78 44.26 44.92 45.22 45.85 46.1 47.82 48.66 50.76 51.79 52.57 53.43 54.42 56.94 55.93 57.68 59.89 64.61 67.17 66.86 67.91 67.31
-9999 -9999 -9999 -9999 -9999 -9999 -9999 -9999 -9999 163.9434 165.29 165.48 164.82 165.04 161.11 164.23 156.45 190.72 205.06 202.78 167.76 179.4 176.94 155.61 152.48 150.64 158.86 148.52 115.86 113.89 113.68 104.36 102.96 96.36 89.7 84.08 83.56 80.51 75.55 71.18 66.77 65.51 62.91 60.56 56.41 53.07 49.88 47.93 45.17 42.98 42.2 43 43 43 43 43.07 44 44.11 44.98 45.15 45.96 47.69 48.68 50.68 52.14 53.05 53.96 55.91 57.57 58.17 58.92 64.57 75.81 75.68 71.6 69.02 70.58
-9999 -9999 -9999 -9999 -9999 -9999 -9999 -9999 -9999 -9999 162.8172 160.74 159.09 160 160.67 157.44 166.92 175.74 174.37 179.94 166.56 174.04 169.44 161.56 160.67 148.37 137.89 129 113.07 120.38 115.88 104.28 98.66 94.32 92.17 88.32 84.03 81.04 77.64 73.39 68.74 64.71 61.91 58.17 56.17 52.79 49.48 47.31 44.67 43.22 42.2 43 43 43 43 43 43.76 44 44.75 45 46.41 47.78 49.15 50.93 52.5 54.88 57.16 58.6 59.56 62.43 68.43 74.21 73.62 66.85 70.38 64.83 65.73
-9999 -9999 -9999 -9999 -9999 -9999 -9999 -9999 -9999 -9999 158.9048 161.76 154.85 153.82 154.44 169.56 200.51 196.01 220.47 214.52 192.68 197.1 187.11 183.53 180.71 168.74 149.74 138.99 116.68 112.67 106.4 101.44 95.82 95.47 92.88 88.07 84.78 80.97 78.18 75.11 70.53 66.73 62.96 59.67 56.67 53.68 51.01 46.9 45.42 44.39 43.09 43.57 43.18 43 43 43.03 43.52 43.4 44.39 44.93 46.51 48 48.89 51.82 54.51 57.05 60.17 67.93 69.31 69.94 61.59 62.15 68.8 64.13 59.84 60.59 61.84
-9999 -9999 -9999 -9999 -9999 -9999 -9999 -9999 -9999 -9999 152.7791 158.97 160.42 162.98 163.84 169.35 184.8 209.78 221.75 217.87 214.77 211.35 195.33 176.74 180.76 179.13 158.68 135.54 121.83 122.45 115.48 105.72 104.75 99.89 94.38 88.32 84.56 83.2 79.34 74.56 71.84 69.51 64.1 60.94 58.39 55.85 52.37 46.45 44.56 44.58 44.91 44.48 44.2 43.83 43.34 43.34 43 43 43.76 44.68 46.49 47.59 49.05 51.69 55.52 58.25 69.41 77.07 67.16 61.17 59.37 58.96 61.16 61.25 57.17 56.53 55.56
