layers/wordclim/future/Iberia_wcB2a_10_hadcm3_2020/bio_11.asc
ncols         166
nrows         93
xllcorner     -9.4959440078468
yllcorner     36.000324005443
cellsize      0.083333337679505
NODATA_value  -9999
[rows 34 to 67 of 93, columns 0 to 75 of 166]
-9999 -9999 -9999 -9999 -9999 -9999 -9999 -9999 -9999 -9999 103.4082 97.38 91.55 83.28 68.38 67.48 69.43 77.02 73.91 69.54 62.32 58.94 58.48 61.76 58.57 55.84 62.11 71.4 72.23 65.4 61.33 63.4 64.44 59.16 56.96 56.31 56.32 55.6 55.36 54.74 53 52.37 52.03 51.52 50.94 50.92 51.07 52.58 54.57 53.5 51.79 50.96 48.95 48.85 49.44 49.92 51.18 50.63 48.94 46.45 44.55 45.81 45.71 44.42 39.04 32.96 13.34 31.25 24.91 30.16 41.74 48.13 52.4 51.26 48.08 49.95
-9999 -9999 -9999 -9999 -9999 -9999 -9999 -9999 -9999 -9999 105.0225 101.53 94.76 78.08 81.97 75.7 76.15 84.68 80.44 73.81 68.71 66.53 66 63.41 62.22 57.74 64.14 69.47 67.51 68.95 63.06 59.68 61.26 61.09 57.64 55.74 55.29 56.73 55.23 54.72 53.42 51.7 51.12 49.27 48.03 47.27 48.12 53.19 52.78 52.54 51.87 49.81 46.97 45.02 45.49 47.98 46.38 48.36 46.45 44.12 41.59 41.64 41.4 35.52 20.77 19.71 12 19.69 37.42 47.62 51.06 56.53 54.95 49.97 50.31 53.28
-9999 -9999 -9999 -9999 -9999 -9999 -9999 -9999 -9999 106.7027 106.337 103.2 99.29 94.51 82.92 83.92 80.09 83.33 77.69 75.12 76.58 75.47 74.17 69.95 68.43 69.28 69.09 66.77 63.14 62.96 62.87 58.41 59.62 59.69 60.43 55.49 55.15 56.75 55.32 53.2 51.95 51.66 48.91 46.25 45.25 49.12 52.56 52.41 51.21 49.89 48.07 45.08 39.74 39.67 38.06 37.09 37.73 41.66 40.64 39.74 32.87 33.77 30.36 29.24 33.28 41.11 42.44 47.7 49.53 47.28 55.62 60.75 56.87 54.22 53.29 57.05
-9999 -9999 -9999 -9999 -9999 -9999 -9999 -9999 -9999 107.2297 105.5876 105.08 103.52 96.58 87.19 74.76 70.53 83.35 84.32 83.34 81.17 76.99 73.23 74.71 76.82 73.18 68.94 56.34 58.23 60.24 58.78 58.4 58.37 61.57 63.04 62.09 58.34 54.31 52.63 50.22 47.86 45.78 47.63 49.75 49.9 50.54 50.94 50.34 47.84 43.45 39.04 36.82 30.76 30.75 32.73 36.28 40.79 41.79 38.64 34.91 31.59 28.93 30.61 27.08 41.75 50.96 47.03 48.87 57.37 59.25 62.13 63.57 58.84 58.62 56.85 60.16
-9999 -9999 -9999 -9999 -9999 -9999 -9999 -9999 -9999 107.71 105.97 105.99 105.36 100.67 86.83 72.71 90.56 90.45 89.65 85.28 84.38 82.34 81.65 75.47 57.53 51.66 56.12 55.44 57.09 58.49 59.73 56.45 59.23 62.65 62.35 62.55 60.36 50.89 45.21 37.15 45.02 47.13 52.69 53.94 49.74 48.28 50.39 47.19 42.94 41.64 40.78 33.03 23.72 33.28 37.46 36.2 32.37 32.22 35.58 43.21 40.37 45.42 44.89 41.79 51.11 54.39 58.67 60.76 63.36 60.56 62.72 63.58 61.76 62.5 62.6 54.88
-9999 -9999 -9999 -9999 -9999 -9999 -9999 -9999 109.6774 107.87 106.65 105.47 106.25 99.69 92.22 93.04 94.29 94.57 91.67 89.58 84.89 80.51 62.74 42.87 48.65 55.08 62.22 56.03 58.98 61.09 59.26 56.2 61.23 61.43 57.3 57.72 57.59 52.86 50.81 51.4 52.21 65.29 64.05 57.3 55.84 47.59 46.65 48.23 47.25 41.87 29.86 19.19 18.15 21.01 18.97 25.56 37.82 44.89 51.07 51.35 55.41 59.39 55.19 55.24 60.09 63.43 64.98 61.48 64.23 62.93 62.93 65.8 66.38 64.03 56.82 51.85
-9999 -9999 -9999 -9999 -9999 -9999 -9999 -9999 110 108.59 107.19 105.48 106.15 98.57 97.88 101.03 98.72 96.22 91.98 85.79 81.63 62.82 29.92 42.33 64.68 74.24 74.13 63.76 59.3 59.86 56.05 55.77 55.97 56.48 56.59 55.7 47.56 52.84 54.84 67.36 72.3 69.51 60.21 56.83 45.55 25.5 30.54 45.53 41.03 25.99 20.94 20.64 20.46 29.58 30.85 37.92 42.41 38.96 35.78 41.57 59.95 62.58 63.5 65.95 69.83 66.35 66.31 63.54 63.65 66.83 65.13 65.88 66.5 60.46 55.39 54.37
-9999 -9999 -9999 -9999 -9999 -9999 -9999 -9999 109.8 108.53 106.77 107.2 107.5 99.56 99.14 102.19 98.29 95.49 91.65 83.31 77.09 66.33 41.93 46.19 76.37 80.22 75.59 71.5 64.17 56.47 53.51 48.96 53.02 55.23 51.62 58.58 62.09 68.22 70.86 73.92 78.08 71.03 65.75 58.5 28.48 14.84 32.37 36.85 27.96 18.81 8.53 14.04 22.38 39.41 34.51 36.24 55.05 66.28 61.6 57.54 58.48 61.94 68.78 72.49 69.5 66.75 67.59 65.4 64.73 67.19 67.95 68.93 65.45 59.15 58.13 59.17
-9999 -9999 -9999 -9999 -9999 -9999 -9999 109.3288 109.93 111.36 110.74 110.6 109.41 103.05 101.71 98.73 97.6 91.79 79.03 66.68 61.4 74.88 78.92 80.61 80.96 79.12 79.94 77.41 72.8 68.31 74.56 75.67 59.27 69.97 74.91 77.78 78.96 74.03 79.13 81.03 81.49 81.27 63.05 39.14 51.9 37.13 14.24 16.04 19.51 46.8 35.1 41.65 60.33 70.42 65.19 76.2 72.61 68.54 63.14 60.43 68.39 74.1 74.13 70.25 66.98 67.1 68.95 65.58 66.79 66.89 68.21 68.93 66.81 63.45 61.6 59.57
-9999 -9999 -9999 -9999 -9999 -9999 -9999 -9999 112.8977 111.82 111.5 110.78 105.41 103.36 103.38 91.58 82.7 77.63 76.02 70.07 73.48 81.78 78.36 76.31 78.06 81.34 85.6 83.84 81.13 82.63 84.86 82.55 79.34 82.62 87.06 85.27 81.41 79.58 82.89 83.29 82.39 76.54 61.88 61.16 48.46 61.22 63.54 65.9 72.25 82.64 82.36 82.12 79.51 76 74.47 72.05 63.21 59.52 71.54 75.3 76.49 74.43 71.11 68.64 68.18 70.13 68.11 68.04 68.96 66.49 70.5 69.47 65.17 60.51 61.43 64.4
-9999 -9999 -9999 -9999 -9999 -9999 -9999 113.0933 111.39 111.93 112.22 104.57 100.81 101.15 84.18 74.5 80.13 84.28 83 84.6 86.92 76.04 81.24 75.66 85.9 89.09 87.66 87.39 83.62 81.04 81.64 87.49 88.69 91.51 90.33 87.32 86.47 87.3 89.41 88.81 84.71 79.63 76.42 73.83 73.76 82.48 84.7 87.55 87.21 86.4 85.39 82.97 81.39 80 78.01 73.73 74.9 78.1 78.31 77.08 75.62 73.88 71.33 70.37 71.29 72.36 70.28 72.49 70.05 71.15 72.7 70.47 68.9 68.09 68.08 66.25
-9999 -9999 -9999 -9999 -9999 -9999 -9999 113.07 110.66 110.89 110.34 100.14 101.44 98.65 88.37 89.51 92.94 89.42 82.59 80.84 79.53 83.3 92.78 90.36 89.81 91.77 91.04 91.4 89.51 88.6 89.67 90.68 87.2 90.61 90.65 90.55 90.63 91.26 90.36 86.07 82.13 82.95 87.16 89.43 89.72 89.81 88.96 88.36 87.84 86.84 85.42 84.21 82.92 80.67 78.67 80.36 79.84 79.48 78.69 75.45 72.29 71.75 72.6 74 74.35 72.55 72.96 74.42 73.83 72.08 67.72 64.11 62.32 61.72 61.55 59.86
-9999 -9999 -9999 -9999 -9999 -9999 115.127 115.26 110.73 108.7 108.83 103.24 103.78 98.97 97.89 98.28 92.86 85.92 81.43 75.2 86.25 94.33 96.52 93.92 92.23 93.61 98.33 96.83 95.73 91.71 91.81 92.08 92.1 90.41 91.29 90.26 88.62 88.16 84.59 80.27 83.46 86.38 90.09 91.42 90.51 89.85 88.7 85.14 86.73 86.27 83.86 80.89 82.34 81.02 82.13 79.84 74.97 76.03 77.2 78.53 77.23 75.57 75.04 76.03 73.7 72.67 73.41 73.57 72.23 70.97 67.67 64.85 63.44 63.01 62.06 60.9
-9999 -9999 -9999 -9999 -9999 -9999 114.2551 114.69 112.21 107.42 103.43 104.12 106.63 101.3 102.09 100.8 99.12 94.73 87.22 85.32 94.65 97.66 96.65 94.96 98.02 101.42 99.48 99.03 94.88 95.26 94.09 92.86 92.97 93.49 93.05 90.42 88.32 85.71 87.23 88.94 88.58 89.63 87.54 87.44 86.96 89.11 85.55 82.86 85.78 83.83 82.45 81.61 83.69 80.12 79.53 77.68 73.09 72.87 73.4 72.35 72.77 76.36 72.64 68.46 67.6 65.94 65.18 66.87 68.06 68.32 68.83 68.2 65.95 65.25 63.55 63.15
-9999 -9999 -9999 -9999 -9999 113.5893 112.17 111.88 111.86 106.28 105.4 108.2 109.97 106.29 101.1 103.51 98.97 98.1 95.78 98.42 101.94 100.06 101.61 102.16 100.79 98.29 97.92 98.69 95.98 95.86 96.98 95.72 91.87 90.53 90.43 92.55 94.66 91.78 89.17 86.89 86.7 87.21 84.69 82.7 79.05 76.89 77.13 78.57 76.53 74.26 75.44 77.66 76.3 75.25 68.48 69.56 68.51 68.08 66.24 67.68 66.86 68.62 65.92 62.77 65.1 62.63 62.84 63.56 64.05 64.6 66.03 66.23 66.63 64.96 65.62 64.93
-9999 -9999 -9999 -9999 -9999 114.5122 114.64 110.57 106.37 97.99 104.98 108.15 110.73 110.98 105.86 105.76 101.51 98 98.45 102.46 104.67 105.18 105.63 102.4 100.36 100.22 100.67 97.18 98.4 97.67 95.21 93.42 91.4 89.7 87.84 89.99 91.33 91.91 90.81 89.81 88.64 88.61 86.42 84.47 81.93 79.62 75.92 72.17 70.66 63.56 68.6 66.97 72.4 73.31 61.36 61.03 58.6 59.71 58.52 59.5 59.29 64.4 64.05 60.46 59.47 60.53 60.26 61.34 63.41 63.51 65.63 65.03 65.55 64.95 67.21 66.94
-9999 -9999 -9999 -9999 -9999 115 113.54 101.81 97.23 99.26 101.29 112.84 113.95 113.53 109.3 107.26 106.21 105.12 105.36 104.71 106.23 103.46 103.04 100.9 101.48 99.48 98.62 95.09 94.38 96.68 97.84 95.72 93.38 92.73 90.85 89.95 89.4 92.28 90.8 90.89 90.73 88.69 86.59 83.48 81.17 78.42 77.15 75.18 61.9 60.45 57.86 67.12 66.54 71.31 68.88 62.23 60.33 59.39 50.65 60.02 51.7 54.22 55.08 56.21 55.69 56.32 58.32 63.14 64.17 64.66 65.28 65.92 66.14 67.35 67.87 67.88
-9999 -9999 -9999 117.619 118.17 114.42 108.53 103.18 105.31 111.57 114.32 116.02 116.41 114.08 114.02 114.05 112.6 112.12 108.06 106.19 103.76 103.05 101.85 100.39 97.23 98 97.38 96.08 93.06 93.35 95.99 96.3 95.66 95.43 93.85 92.2 90.35 88.14 88.99 88.37 89.47 88.14 86.09 82.2 79.51 69.32 72.93 72.77 63.4 57.07 69.56 73.92 74.95 72.89 76.82 74.62 73.68 69.78 64.85 66.14 61.93 63.15 64.16 64.87 55.11 49.95 53.66 58.97 62.16 62.28 65.02 66.48 67.1 68.6 68.91 68.19
-9999 -9999 118.0313 118.5698 116.42 114.09 110.76 114.81 114.95 114.78 117.55 118.33 116.47 111.32 111.25 110.96 111.2 108.26 106.8 106.65 106.08 104.36 102.3 100.38 94.2 89.81 90.96 91.71 92.73 92.67 92.21 91.87 93.74 90.48 91.28 92.69 92.15 90.44 88.95 87.54 87.56 85.82 83.47 82.49 81.35 73.28 70.04 71.68 73.87 74.27 75.86 80.92 77.84 80.42 80.11 79.84 76.45 72.64 68.83 63.44 60.7 59 65.17 62.19 59.13 58.85 55.69 58.89 61.86 59.97 58.23 64.18 68.1 69.48 70.5 70.09
-9999 -9999 116.12 115.64 115.55 114.56 114.81 117.25 116.9 117.53 119.41 118.58 114.48 112.85 111.15 110.06 109.7 110.28 109.75 108.55 108.99 106.88 105.43 103.25 98.95 88.58 88.18 94.57 97.74 95.85 94.97 96.08 95.74 92.52 93.13 91.83 89.74 91.37 88.8 85.89 85.47 85.21 83.2 85.31 88.08 85.09 86.88 85.06 84.56 79.08 79.84 83.92 83.12 83.12 74.49 77.15 76.38 71.74 71.89 69.67 68.68 71.42 71.52 67.28 60.7 61.03 63.39 62.31 58.97 59.96 56.27 65 69.33 70.7 71.25 71.3
-9999 -9999 116.72 115.82 114.83 108.09 116 116.92 117.72 119.85 120.05 116.66 115.28 114.25 112.85 111.34 111.59 112.44 109.93 109.53 110.24 108.23 105.07 103.97 103.08 100.19 97.31 97.1 99.07 98.96 95.65 97.7 96.42 94.45 93.08 91.13 89.97 89.28 87.93 86.97 81.2 84.57 90.55 89.89 91.02 89.68 89.97 88.22 88.88 86.64 83.3 83.08 84.08 82.62 77.85 72.32 73.96 73.96 74.79 71.13 65.61 69.16 73.52 72.27 64.71 64.22 66.59 69.27 69.11 65.76 68.34 71.83 71.8 71.18 71.02 71
-9999 117.1406 116.94 114.75 110.68 114.3 118.27 118.04 120.7 121.2211 119.3 117.38 115.6 114.47 113.24 112.65 113.95 111.86 110.98 111.55 110.68 108.99 107.12 104.35 103.72 102.51 102.39 100.39 100.91 101.26 98.76 99.31 96.87 95.82 94.37 93.67 94.02 92.85 89.71 89.84 90.44 94.35 93.64 93.84 94.02 92.34 92.01 91.36 90.32 88.68 85.75 85.3 81.27 78.97 78.21 74.76 70.33 74.36 74.63 68.93 66.01 67.66 69.41 71.32 67.66 66.41 70.06 71.89 72.6 72.71 73.07 72.32 72 72 71.97 71.72
-9999 115.18 114.68 112.1 109.97 113.41 120.7021 121.5889 122.1609 121.06 118.71 117.61 116.1 116.28 115.93 114.69 113.99 112.46 111.93 110.99 110.61 109.29 107.84 107.03 105.32 103.39 102.91 103.2 101.08 100.53 101.79 100.22 99.44 98.61 97.28 96.81 96.43 96.09 93.81 91.69 92.77 96.01 95.77 95.54 94.76 93.64 92.35 87.95 86.2 89.17 86.67 84.31 84.63 81.56 79.48 76.79 73.3 72.07 73.83 74.68 74.3 67.44 68.89 73.66 69.37 72.34 72.84 72.75 73.17 73.08 73.01 72.82 72.9 72.05 71.38 70.52
-9999 111.1225 108.03 108.19 107.08 113.8247 121.7848 122.85 122.34 121.07 120.03 119.71 120.2 118.3 116.54 115.7 114.82 114.6 113.22 109.74 108.43 106.76 106.16 105.28 104.22 102.18 99.59 99.49 102.39 102.31 101.79 100.66 100.12 99.62 98.81 98.34 97.92 97.45 95.47 94.51 97.08 97.09 96.47 95.09 93.67 92.85 91.75 90.68 89.35 86.69 85.94 87.33 82.94 74.75 78.34 75.73 75.85 76.46 76.13 72.17 74.75 73.98 72.04 73.91 71.47 73.38 72.45 72.85 73.21 73.05 73.27 73.22 72.99 72.66 70.75 67.96
-9999 108.5 106.36 108.83 115.89 119.7 123.642 123.38 122.35 121.16 119.17 118.51 118.16 116.47 116.54 114.97 113.46 112.81 111.67 109.62 108.49 106.49 101.89 100.83 101.4 101.37 97.41 98.5 102.82 103.37 101.27 100.14 99.53 99.87 99.62 99.2 97.95 96.64 96.67 97.24 96.07 95.35 94.78 91.98 91.14 90.09 88.63 90.97 88.76 87.33 85.51 85.88 86.4 81.2 83.09 80.08 77.15 75.65 71.49 70.7 74.66 74.82 70.76 71.81 74.49 74.07 74.14 73.93 72.52 72.69 72.34 68.66 70.43 72.76 71.38 68.69
108.2222 106.55 107.52 112.59 120.1277 -9999 -9999 123.24 122.16 121.03 120.09 118.59 117.53 115.59 114.33 112.58 110.23 109.22 108.87 107.32 106.63 105.11 104.09 99.81 97.81 102.2 103.02 103.77 104.45 102.4 100.39 98.74 98.15 98.09 97.87 97.01 95.22 94.34 95.96 93.53 92.43 90.67 89.87 90.08 85.12 88.46 87.53 89.8 86.95 85.08 82.64 82.16 82.33 87.42 81.76 80.55 80.39 81.42 75.28 74.61 71.88 73.37 73.78 72.28 71.63 71.08 67.92 70.73 73.89 73.85 73.81 72.49 72.54 72.61 69.2 68.97
114.78 113.9014 115.3378 117.7143 121.4 125 124.1798 124.18 122.82 120.81 119 118.26 117.26 115.95 113.02 109.75 107.01 105.66 105.88 105.75 104.79 105.04 101.32 101.32 102.82 101.72 106 105.64 102.44 101.02 99.09 97.78 97.45 97.23 96.46 96.38 94.73 93.15 93.98 95.54 92.19 88.61 86.64 88.04 87.43 86.57 87.13 84.67 83.43 80.04 80.95 81.76 85.04 86.41 84.88 85.71 84.74 82.18 80.13 78.4 73.72 70.17 71.31 72.57 72.9 70.26 66.12 68.49 75.26 74.17 72.1 73.39 73.09 72.65 70.93 69.25
-9999 -9999 -9999 120.6081 122.5325 124.2262 123.48 123.27 123.12 121.93 120.32 119.01 117.26 113.32 110.01 108.47 105.9 104.23 104.31 106.71 106.54 106.92 106.33 104.2 104.94 106.42 105.57 105 101.45 98.16 95.48 94.84 95.4 94.88 94.58 94.55 93.01 91.6 92.02 93.2 90.33 88.16 85.13 84.15 87.06 83.14 83.02 79.66 81.87 83.99 85.32 85.69 86.03 85.29 80.07 84.28 81.63 77.21 78.01 76.03 74.39 71.45 70.72 71.79 70.78 71.23 73.97 75.45 70.44 75.48 71.84 72.59 72.61 73.09 70.07 66.59
-9999 -9999 -9999 -9999 121.59 121.93 119.9495 122.6941 124.4286 123.2967 119.94 119.98 118.17 113.51 111.57 109.57 106.22 106.55 107.56 107.18 107.73 107.79 106.77 104.72 104.14 105.89 106.94 104.3 100.91 97.24 94.45 91.21 87.46 89.19 86.59 91.76 91.25 88.6 89.4 90.57 91.79 84.24 84.2 84.59 86.02 80.51 77.85 80.63 81.83 85.58 84.13 83.3 82.41 83.39 82.8 83.51 83.5 83.04 78.56 70.16 66.52 69.95 71.86 72.95 78.09 76.65 74.15 75.79 76.51 73.37 72.88 72.09 70.56 70.04 69.65 68.76
-9999 -9999 -9999 -9999 118.8889 117.2429 -9999 124.7647 -9999 123.6282 122.34 120.62 119.14 117.97 114.44 112.34 111.8 110.37 109.01 107.68 108.46 108.66 106.96 106.16 106 107.3 107.47 104.63 102 99.21 94.96 90.64 84.35 82.89 82.4 85.77 89.9 85.51 86.37 87.33 89.81 88.64 86.03 83.21 83.52 81.13 81.15 82.72 81.99 81 82.5 81.14 80.59 82.44 80.47 79.47 79.72 79.97 81.07 79.81 75.16 65.81 66.37 67.27 69.09 77.64 81.98 74.13 68.12 63.7 62.61 71.22 71.77 73 74.13 74.57
-9999 -9999 -9999 -9999 -9999 -9999 -9999 -9999 124.5 123.0408 122.1789 122.22 120.57 117.92 117.22 112.34 111.43 110.63 108.57 105.16 106.55 106.86 107.98 107.4 108.59 108.92 106.65 104.84 102.69 98.84 96.41 90.65 87.2 93.64 90.63 88.9 86.41 85.68 84.8 83.71 85.65 86.62 83.58 84.95 83.19 82.68 82.8 81.79 80.75 80.83 79.78 77.69 78.33 79.31 79.31 77.82 77.15 77.84 77.29 77.12 79.09 77.89 79.6 74.73 73.73 74.06 85.17 76.85 76.92 75.04 70.19 73.59 74.23 78.82 81.86 81.22
-9999 -9999 -9999 -9999 -9999 -9999 -9999 -9999 -9999 122.34 120.3 119.68 120.46 119.47 119.15 116.05 113.3 110.21 108.23 108.05 105.93 102.69 105.61 108.46 108.93 109.12 107.13 105.97 103.35 101.32 97.93 94.62 95.98 95.83 93.63 92.38 89.57 86.84 84.03 82.48 81.65 82.5 82.57 82.86 82.65 81.92 83.41 81.28 80.61 82.83 82.15 81.8 77.55 73.93 79.08 79.97 76.82 77.26 76.44 76.6 74.95 75.44 76.3 83.59 78.44 81.44 86.86 85.55 84.77 86.61 85.69 85.39 89.21 90.31 88.03 82.12
-9999 -9999 -9999 -9999 -9999 -9999 -9999 -9999 -9999 120.53 117.47 119.9 119.07 118.56 119.21 117.94 116.03 113.68 111.02 107.9 107.29 105.86 107.09 108.61 109.56 108.15 107.47 105.56 104.13 103.3 102.13 97.23 92.63 85.68 85.42 88.71 89.95 86.63 83.8 86.22 84.49 81.5 80.52 82.13 84.33 85.84 88.46 85.9 80.96 78.99 77.88 80.73 82.4 81.34 77.74 81.56 83.64 81.31 78.61 81.22 80.61 82.01 77.8 87.47 85.08 86.45 91.55 85.73 94.28 96.12 95.31 93.59 97.05 91.85 84.98 83.03
-9999 -9999 -9999 -9999 -9999 -9999 -9999 -9999 124.1731 118.64 112.24 117.27 119.14 120.33 118.32 118.21 116.09 113.69 110.77 110.66 110.61 111.24 112.38 110.75 108.77 108.32 108.17 107.33 105.04 102.4 100.21 97.44 92.35 87.53 86.24 82.42 82.89 83.75 80.6 81.66 87.75 89.67 85.71 80.14 82.13 83.99 87.87 89.43 89.63 86.48 84.63 80.24 78.39 80.92 86.2 84.6 86.68 89.13 86.13 88.03 96.32 94.76 93.16 95.3 94.43 95.33 94.33 98.76 99.86 100.57 96.64 101.77 99.13 93.7 94.31 92.77
