layers/wordclim/future/Iberia_wcB2a_10_hadcm3_2020/bio_02.asc
ncols         166
nrows         93
xllcorner     -9.4959440078468
yllcorner     36.000324005443
cellsize      0.083333337679505
NODATA_value  -9999
[rows 0 to 32 of 93, columns 74 to 147 of 166]
-9999 -9999 -9999 -9999 -9999 -9999 -9999 -9999 -9999 -9999 -9999 -9999 -9999 -9999 -9999 -9999 -9999 -9999 -9999 -9999 -9999 -9999 -9999 -9999 -9999 -9999 -9999 -9999 -9999 -9999 -9999 -9999 -9999 -9999 -9999 -9999 -9999 -9999 -9999 -9999 -9999 -9999 -9999 -9999 -9999 -9999 -9999 -9999 -9999 -9999 -9999 -9999 -9999 -9999 -9999 -9999 -9999 -9999 -9999 -9999 -9999 -9999 -9999 -9999 -9999 -9999 -9999 -9999 -9999 -9999 -9999 -9999 -9999 -9999
-9999 -9999 -9999 -9999 -9999 -9999 -9999 -9999 -9999 -9999 -9999 -9999 -9999 -9999 -9999 -9999 -9999 -9999 -9999 -9999 -9999 -9999 -9999 -9999 -9999 -9999 -9999 -9999 -9999 -9999 -9999 -9999 -9999 -9999 -9999 -9999 -9999 -9999 -9999 -9999 -9999 -9999 -9999 -9999 -9999 -9999 -9999 -9999 -9999 -9999 -9999 -9999 -9999 -9999 -9999 -9999 -9999 -9999 -9999 -9999 -9999 -9999 -9999 -9999 -9999 -9999 -9999 -9999 -9999 -9999 -9999 -9999 -9999 -9999
-9999 -9999 -9999 -9999 -9999 -9999 -9999 -9999 -9999 -9999 -9999 -9999 -9999 -9999 -9999 -9999 -9999 -9999 -9999 -9999 -9999 -9999 -9999 -9999 -9999 -9999 -9999 -9999 -9999 -9999 -9999 -9999 -9999 -9999 -9999 -9999 -9999 -9999 -9999 -9999 -9999 -9999 -9999 -9999 -9999 -9999 -9999 -9999 -9999 -9999 -9999 -9999 -9999 -9999 -9999 -9999 -9999 -9999 -9999 -9999 -9999 -9999 -9999 -9999 -9999 -9999 -9999 -9999 -9999 -9999 -9999 -9999 -9999 -9999
-9999 -9999 -9999 -9999 -9999 -9999 -9999 -9999 -9999 -9999 -9999 -9999 -9999 -9999 -9999 -9999 -9999 -9999 -9999 -9999 -9999 -9999 -9999 -9999 -9999 -9999 -9999 -9999 -9999 -9999 -9999 -9999 -9999 -9999 -9999 -9999 -9999 -9999 -9999 -9999 -9999 -9999 -9999 -9999 -9999 -9999 -9999 -9999 -9999 -9999 -9999 -9999 -9999 -9999 -9999 -9999 -9999 -9999 -9999 -9999 -9999 -9999 -9999 -9999 -9999 -9999 -9999 -9999 -9999 -9999 -9999 -9999 -9999 -9999
65.23595 63.64815 -9999 -9999 63.31034 65.04 68.33 69.44186 71.58974 73.21819 -9999 -9999 -9999 -9999 -9999 -9999 -9999 -9999 -9999 -9999 -9999 -9999 -9999 -9999 -9999 -9999 -9999 -9999 -9999 -9999 -9999 -9999 -9999 -9999 -9999 -9999 -9999 -9999 -9999 -9999 -9999 -9999 -9999 -9999 -9999 -9999 -9999 -9999 -9999 -9999 -9999 -9999 -9999 -9999 -9999 -9999 -9999 -9999 -9999 -9999 -9999 -9999 -9999 -9999 -9999 -9999 -9999 -9999 -9999 -9999 -9999 -9999 -9999 -9999
69.95 70.06 67.18 67.5102 64.10101 66.85 68.66 71.23 73.63 76.47 77.0303 78.9863 79.76667 81.06557 82.2459 83.41666 84.02084 85.4 88.2 88.27027 -9999 -9999 -9999 -9999 -9999 -9999 -9999 -9999 -9999 -9999 -9999 -9999 -9999 -9999 -9999 -9999 -9999 -9999 -9999 -9999 -9999 -9999 -9999 -9999 -9999 -9999 -9999 -9999 -9999 -9999 -9999 -9999 -9999 -9999 -9999 -9999 -9999 -9999 -9999 -9999 -9999 -9999 -9999 -9999 -9999 -9999 -9999 -9999 -9999 -9999 -9999 -9999 -9999 -9999
73.82 71.66 70.01 70.95 72.73 69.99 71.45 74.46 78.38 79.97 81 82.88 84.06 85.79 86.65 86.4 89.21 90.04 93.44 91.46 93.3 95.65 96.33 -9999 -9999 -9999 -9999 -9999 -9999 -9999 -9999 -9999 -9999 -9999 -9999 -9999 -9999 -9999 -9999 -9999 -9999 -9999 -9999 -9999 -9999 -9999 -9999 -9999 -9999 -9999 -9999 -9999 -9999 -9999 -9999 -9999 -9999 -9999 -9999 -9999 -9999 -9999 -9999 -9999 -9999 -9999 -9999 -9999 -9999 -9999 -9999 -9999 -9999 -9999
74.41 75.04 73.44 74.41 74.64 75.79 76.97 81.79 81.56 82.52 84.24 86.47 88.18 89.41 89.69 90.58 93.85 95.3 96.24 94.83 95.65 96.74 98.61644 -9999 -9999 -9999 -9999 -9999 -9999 -9999 -9999 -9999 -9999 -9999 -9999 -9999 -9999 -9999 -9999 -9999 -9999 -9999 -9999 -9999 -9999 -9999 -9999 -9999 -9999 -9999 -9999 -9999 -9999 -9999 -9999 -9999 -9999 -9999 -9999 -9999 -9999 -9999 -9999 -9999 -9999 -9999 -9999 -9999 -9999 -9999 -9999 -9999 -9999 -9999
82.69 84.43 83.39 78.22 78.92 84.78 89.6 86.64 87.96 86.17 86.74 90.33 90.06 90.34 92.16 94.94 96.11 98.16 99.07 99.76 100.22 100.05 100.3375 -9999 100.1905 100.5357 -9999 -9999 -9999 -9999 -9999 -9999 -9999 -9999 -9999 -9999 -9999 -9999 -9999 -9999 -9999 -9999 -9999 -9999 -9999 -9999 -9999 -9999 -9999 -9999 -9999 -9999 -9999 -9999 -9999 -9999 -9999 -9999 -9999 -9999 -9999 -9999 -9999 -9999 -9999 -9999 -9999 -9999 -9999 -9999 -9999 -9999 -9999 -9999
85.92 86.6 87.57 86.77 86.63 86.86 89.41 88.57 89.71 92.17 93.87 96.13 95.46 95.77 97.77 98.97 99.79 100.35 101.27 102.03 102.51 102.41 102.71 102.17 102.11 101.87 101.36 100.0968 99.52459 98.38 94.20689 -9999 -9999 -9999 -9999 -9999 -9999 -9999 -9999 -9999 -9999 -9999 -9999 -9999 -9999 -9999 -9999 -9999 -9999 -9999 -9999 -9999 -9999 -9999 -9999 -9999 -9999 -9999 -9999 -9999 -9999 -9999 -9999 -9999 -9999 -9999 -9999 -9999 -9999 -9999 -9999 -9999 -9999 -9999
88.92 90.25 89.16 89.92 91.36 91.53 90.26 90.25 91.76 93.27 95.21 96.61 98.59 99.37 99.99 100.57 101.38 102.27 103.09 104.14 104.68 104.9 104.5 104.43 103.87 102.26 103.32 101.89 101.41 99.48 94.61 92.80264 -9999 -9999 -9999 -9999 -9999 -9999 -9999 -9999 -9999 -9999 -9999 -9999 -9999 -9999 -9999 -9999 -9999 -9999 -9999 -9999 -9999 -9999 -9999 -9999 -9999 -9999 -9999 -9999 -9999 -9999 -9999 -9999 -9999 -9999 -9999 -9999 -9999 -9999 -9999 -9999 -9999 -9999
88.74 89.75 92.71 89.33 92.33 91.63 92.77 95.29 96.62 98.26 99.3 100.66 101.48 102.06 102.55 103.35 103.75 104.64 105.18 106.47 107.33 107.23 107.04 106.79 106.03 105.5 105.01 104.58 104.16 101.37 98.77 95.96 90.83871 91.10448 87.67949 89.36364 83.57576 80.01492 -9999 -9999 -9999 -9999 -9999 -9999 -9999 -9999 -9999 -9999 93.86 87.09 80.11539 78.58182 -9999 -9999 -9999 -9999 -9999 -9999 -9999 -9999 -9999 -9999 -9999 -9999 -9999 -9999 -9999 -9999 -9999 -9999 -9999 -9999 -9999 -9999
93.77 95.46 94.8 91.33 91.84 93.2 95.79 97.14 98.69 101.03 101.46 102.31 103.31 104.25 104.59 105.09 105.64 106.71 107.37 108.12 108.59 108.11 108.02 108.26 108.06 107.32 106.4 105.62 105.64 104.38 103.7 102.95 98.8 96.11 87.25 90.24 94.31 83.48 86.61957 -9999 -9999 -9999 84.70834 -9999 78.03704 -9999 -9999 -9999 88.63265 90.93 86.08 82.39 80.07 83.68293 79.55556 79.54546 -9999 -9999 -9999 -9999 -9999 -9999 -9999 -9999 -9999 -9999 -9999 -9999 -9999 -9999 -9999 -9999 -9999 -9999
94.58 95.57 96.68 96.03 96.08 96.08 98.89 101.55 102.94 103.5 104.37 104.96 105.83 105.83 106.52 107.2 107.32 107.65 108.35 109.66 109.81 108.67 108.46 108.94 108.91 108.04 107.18 107.43 107.3 107.46 105.87 104.31 103.51 102.47 98.76 97.27 99.26 93.54 95.9 88.92 85.24 89.82 93.68 84.32 84.22 78.95 87.06 75.53 77.71 80.14 79.24 78.67 82.09 90.15 84.55 83.97 77.98969 -9999 -9999 -9999 -9999 -9999 -9999 -9999 -9999 -9999 -9999 -9999 -9999 -9999 -9999 -9999 -9999 -9999
98.18 98.72 98.71 97.58 97.61 98.49 99.39 100.77 102.47 103.53 105.21 106.52 107.21 107.38 108.04 108.24 108.58 108.66 109.4 110.66 110.91 110.46 110.49 110.14 110.04 109.89 108.49 107.83 106.36 107.18 107.13 105.42 105.13 103.36 103.69 103.88 99.97 96.65 98.57 97.17 98.48 102.62 99.06 87.06 88.57 93.81 86.35 83.35 86.57 84.8 82.12 77.66 78.62 89.05 91.92 87.6 81.38 -9999 -9999 -9999 -9999 -9999 -9999 -9999 -9999 -9999 -9999 -9999 -9999 -9999 -9999 -9999 -9999 -9999
101.34 100.97 100.82 101.21 101.27 102.02 102.53 102.8 104.64 105.35 106.51 107.6 108.08 108.51 109.4 109.35 109.64 110.7 110.42 111.47 111.09 111.46 111.11 110.93 110.03 109.26 108.29 107.46 106.17 105.64 106.65 106.09 105.84 104.77 104.93 104.76 102 99.79 98.89 103.29 103.52 106.62 101.37 97.41 97.25 96.65 92.01 94.37 96.8 90.91 81.99 83.39 83.45 91.43 88.85 84.74 83.91 -9999 -9999 77.5873 77.64211 79.53933 84.46296 85.73529 -9999 -9999 -9999 -9999 -9999 -9999 -9999 -9999 -9999 -9999
104.28 103.9 104.99 105.7 105.36 105.73 104.94 106.42 108.72 108.87 109.54 110.17 110.65 110.73 110.72 110.5 110.98 111.59 111.26 111.43 111.88 111.94 111.79 111.04 110.96 110.27 109.37 108.38 107.21 106.72 107.1 107.06 105.02 104.64 104.19 103.13 102.9 101.81 100.73 100.8 104.34 107.47 107.94 106.3 103.17 100.24 96.21 94.02 97.39 96.25 94.26 94.84 92.1 93.65 85.17 87.83 91.88 92.17 88.12 86.29 86.56 86.59 85.67 82.63013 -9999 77.0875 76.57 78.85 80.4353 -9999 -9999 -9999 83.29787 84.58
106.78 107.09 107.61 107.78 108.88 109.18 108.76 110.65 111.55 112.08 112.98 113.31 113.61 113.67 113.25 112.32 111.91 111.94 112.19 112.01 112.36 112.62 112.28 112.04 112 111.56 110.91 110.11 109.22 108.06 108.56 108.16 106.84 104.58 102.93 102.37 101.59 98.82 100.54 101.53 103.89 107.73 109.24 105.27 106.93 102.08 104.45 99.55 102.32 98.57 94.5 99.08 98.44 89.94 87.61 90.08 94.35 89.89 84.77 82.35 81.75 83.6 82.31 81.24 81.88 82.76 81.12 80.98 82.68 83 82.8 82.25 82.47 83.15
108.47 108.68 108.97 109.4 109.74 110.93 111.69 112.83 113.76 114.26 115.09 115.14 115.5 115.4 114.92 114.33 114.01 112.97 112.38 112.26 112.76 112.99 112.71 112.62 112.01 111.98 111.74 111.08 110.23 109.61 109.4 109.36 108.88 108.45 107.53 106.52 105.72 106.33 106.52 105.3 106.33 106.45 109.91 107.91 110.44 108.14 105.1 103.31 105.68 100.34 102.57 103.76 96.27 89.08 91.74 94.81 92.83 86.99 83.83 83.1 83.71 84 86.08 83.81 83.87 83.88 83.52 82.3 82.1 82.41 82.06 81.87 81.74 81.91
109.08 110.01 110.69 111.18 111.82 112.65 112.86 114.24 115.35 115.25 114.88 115.74 116.28 116.54 116.57 116.09 115.89 114.34 113.67 113.74 113.23 113.09 113.05 113 112.97 112.73 112.03 111.96 111.16 110.74 110.78 110.1 109.59 108.83 108.82 108.6 107.72 108.49 109.46 109.54 110.51 110.66 112.43 110.18 110.3 106.59 106.24 104.97 107.1 102.61 106.67 104.49 101.82 94.99 92.98 94.98 91.46 88.38 86.5 88.08 86.14 83.46 86.35 85.23 84.27 83.08 82.84 81.27 80.73 81.01 80.49 79.93 79.98 80.15
109.62 110.79 111.44 111.79 112.21 112.04 113.07 113.45 113.92 114.47 116.12 117.82 117.16 117.85 117.4 116.88 116.03 115.3 114.69 114.05 113.79 113.4 113.53 113.29 113.01 112.96 112.35 111.85 111.04 110.9 111.03 110.47 110.22 109.75 109.91 109.67 108.85 109.24 110.22 110.76 112.24 113.29 114.25 109.21 107.85 107.07 109.46 107.34 102.92 101.12 105.18 97.93 98.2 97.81 97.99 97.39 94.66 92.39 90.77 89.24 87.65 86.88 86.34 84.94 84.02 82.67 81.9 81.28 80.31 79.67 79.29 78.52 78.26 78.12
110.59 111.58 112.56 113.53 114.35 114.24 115.41 115.12 117.01 117.54 119.24 118.38 117.9 118.41 118.26 117.79 117.17 116.8 116.16 114.82 114.29 113.75 113.01 113.01 113 112.92 112.32 111.7 110.52 110.87 111.37 111.15 110.06 109.79 110.24 110.57 110.09 110.47 111.57 111.94 113.61 114.54 115.17 114.31 112.9 110.02 109.87 110.11 105.56 106.51 106.13 101.01 103.26 101.8 99.35 96.94 94.16 91.52 90.61 89.82 88.45 86.69 85.59 84.32 83.19 82.09 80.94 80.31 79.42 78.82 78.08 77.02 76.52 76.39
112.05 112.52 113.59 114.62 115.62 116.63 117.86 118.89 120.13 120.93 121.84 121.75 120.65 119.61 119.35 118.87 118.07 117.33 116.44 115.55 114.96 114.19 113.65 113 113 113 112.35 111.6 111.38 111.53 111.96 111.1 110.13 109.26 110.39 110.97 111.85 112 112.41 112.29 114.08 115.55 116 116.52 116.3 115.92 115.43 112.87 110.73 109.71 108.82 106.33 104.71 101.55 99.39 96.76 93.76 91.45 89.39 88.44 87.42 85.94 84.77 83.49 82.24 81.16 80.09 79.49 78.7 78.13 77.35 76.27 75.1 75.06
111.93 113 114.04 114.99 116.26 117.53 118.64 119.89 120.98 122.75 123.46 123.09 121.99 121.03 120.11 119.22 118.23 114.6 114.52 115.97 115.06 114.62 114 113.22 113 113 112.87 112.56 111.95 112.02 112.03 111.42 110.6 109.29 109.55 110.83 111.73 112.61 113.14 113.65 115.19 116.35 116.67 117.91 118.83 119.65 118.51 118.3 116.49 114.26 111.11 107.61 104.44 101.25 98.21 95.47 93.15 91.01 88.9 87.31 85.97 84.96 83.75 82.39 81.35 80.3 79.39 78.71 77.81 77.28 76.12 75.54 75.01 74.88
112.23 113.15 114.22 115.49 116.77 117.74 119.25 120.48 121.76 123.09 123.65 123.12 122.39 121.27 120.5 119.45 117.75 116.33 114.39 114.77 114.87 114.09 113.93 113.26 113 112.9 112.81 112.98 112.94 112.78 112.49 111.27 110.66 109.66 109.02 109.33 110.63 112.35 113.37 114.12 115.32 116.59 117.15 118.6 119.66 119.59 119.19 120.76 118.48 115.05 111.16 107.36 103.69 100.16 97.13 94.26 91.75 89.62 88.02 86.49 85.06 83.42 82.41 81.22 80.43 79.53 78.42 77.58 77.01 76.09 75.63 75.16 75.12245 74.86207
112.41 113.21 114.63 115.37 116.68 117.94 118.81 120.12 121.62 122.64 123.06 122.38 121.98 121.12 120.47 119.58 118.51 117.28 116.09 115.46 114.65 113.83 113.23 113 112.91 112.32 112 112.38 112.45 112.51 112.07 111.88 111.27 111.2 110.96 110.08 109.83 111.14 112.14 112.3 114.29 115.86 117.22 118.49 119.28 120.31 121.25 121.87 118.76 114.57 110.24 106.12 102.2 98.61 95.37 92.58 90.29 88.56 86.9 85.16 83.7 82.47 81.25 80.3 79.24 78.34 77.37 76.76 75.99 75.11 75.0202 74.97369 -9999 -9999
112.38 113.31 114.07 115.24 116.35 117.32 118.35 119.9 120.96 121.7 121.89 121.97 121.68 121.04 120.23 119.37 118.38 117.13 115.98 115.05 114.57 113.93 113.04 112.98 112.48 112.02 111.14 111.38 111.01 111 111.39 111.62 111.92 111.69 111.34 111.2 111.27 111.52 112.44 113.05 113.75 115.15 116.03 117.46 118.61 119.52 119.78 119.31 116.49 112.55 108.31 104.03 100.07 96.35 93.41 90.97 89.07 87.31 85.53 83.86 82.31 81.09 80.18 79.09 78.1 77.68 76.9 76.2 75.57447 -9999 -9999 -9999 -9999 -9999
113.01 113.85 114.65 115.34 116.2 117.26 118.43 119.6 120.25 120.73 121.33 121.49 121.54 120.54 119.94 118.88 117.95 116.89 116.02 114.99 113.98 113.52 112.87 112.18 111.94 111.12 110.87 110.46 109.53 109.56 110.07 110.63 111.14 111.52 111.39 111.18 111.07 111.36 112.04 112.64 113.75 114.7 115.45 115.63 117.2 117.29 116.95 115.33 112.22 108.19 104.54 101.07 97.43 94.59 92.1 89.7 87.72 86.29 84.57 82.74 80.83 79.52 78.78 78.07 77.35 76.65 76.15958 -9999 -9999 -9999 -9999 -9999 -9999 -9999
113.38 114.25 115.22 116.1 117.02 117.61 118.78 119.6 120.14 120.84 121 121 120.8 119.74 119.05 118.5 117.63 116.8 115.73 114.7 113.74 112.56 111.42 110.51 110.68 110.51 109.71 109.33 108.33 108.88 109.87 110.01 110.51 110.77 110.96 110.99 110.92 111 111.32 111.96 112.65 113.98 113.96 114.59 114.8 114.29 112.95 110.5 106.8 103.79 100.65 97.38 95.38 92.7 90.12 87.85 85.76 84.88 82.84 80.54 79.5 78.71 78.26 77.32 76.81 76 -9999 -9999 -9999 -9999 -9999 -9999 -9999 -9999
114.24 114.85 115.72 116.37 116.9 117.8 118.52 119.08 119.99 120.19 120.78 120.55 119.91 119.18 118.36 117.81 117.02 116.3 115.18 114.16 113.18 111.92 110.62 109.7 108.87 108.68 108.02 107.49 107.5 107.94 108.37 108.94 109.13 109.52 109.77 110.58 110.82 111.01 111.39 112.11 112.49 112.65 112.33 112.52 112.54 111.82 111.76 109.62 105.88 100.78 97.51 95.01 92.62 91.33 86.69 84.21 82.58 81.5 79.91 78.75 78.36 77.65 77.13265 76.82716 76.36765 -9999 -9999 -9999 -9999 -9999 -9999 -9999 -9999 -9999
114.52 114.81 115.9 116.2 116.18 117.2 117.76 118.3 119.78 120 120.04 120.13 119.81 119.17 118.93 117.99 117.3 116.19 115.02 113.95 112.66 111.47 109.93 108.56 107.77 106.97 106.46 106.31 106.51 106.93 107 107.49 108.16 108.58 108.89 109.13 109.6 109.99 110.44 110.61 110.93 110.85 111.48 111.51 111.04 109.67 109.59 107.48 104.32 101.55 98.14 94.7 91.83 87.83 82.37 80.43 79.24 78.85714 77.98734 77.80303 -9999 -9999 -9999 -9999 -9999 -9999 -9999 -9999 -9999 -9999 -9999 -9999 -9999 -9999
114.2 114.43 115.29 115.3 116.02 116.62 117.17 117.93 119.18 119.9 120 120 120.01 119.46 118.99 118.14 117.11 116.18 114.83 113.47 112.17 110.73 109.4 107.92 106.72 105.74 105.12 105.21 105.25 105.47 105.27 104.75 106.1 107.33 107.38 107.6 107.85 108.13 108.22 109.15 109.24 109.19 109.63 109.17 108.22 106.97 107.03 105.51 103.06 99.98 96.36 92.79 88.28 83.82 79.76543 -9999 -9999 -9999 -9999 -9999 -9999 -9999 -9999 -9999 -9999 -9999 -9999 -9999 -9999 -9999 -9999 -9999 -9999 -9999
112.35 113.42 114.65 113.87 114.81 115.87 116.76 118.19 119.15 119.88 120 120 119.91 119.37 118.97 118.22 117.42 116.18 114.7 113.33 111.66 110.21 108.85 107.29 106 105.19 104.86 104.07 103.97 103.99 104.31 104.55 105.02 105.2 105.16 105.71 106.32 106.66 106.99 106.93 106.71 107.32 107.34 106.73 106.72 105.84 105.36 103.67 100.51 97.65 94.94 91.43662 -9999 -9999 -9999 -9999 -9999 -9999 -9999 -9999 -9999 -9999 -9999 -9999 -9999 -9999 -9999 -9999 -9999 -9999 -9999 -9999 -9999 -9999
