layers/wordclim/future/Iberia_wcB2a_10_hadcm3_2020/bio_03.asc
ncols         166
nrows         93
xllcorner     -9.4959440078468
yllcorner     36.000324005443
cellsize      0.083333337679505
NODATA_value  -9999
[rows 0 to 36 of 93, columns 0 to 81 of 166]
-9999 -9999 -9999 -9999 -9999 -9999 -9999 -9999 -9999 -9999 -9999 -9999 -9999 -9999 -9999 -9999 -9999 42.07317 41.65278 42.08955 42.0303 41.95454 42.08696 41.90909 -9999 -9999 -9999 -9999 -9999 -9999 -9999 -9999 -9999 -9999 -9999 -9999 -9999 -9999 -9999 -9999 -9999 -9999 -9999 -9999 -9999 -9999 -9999 -9999 -9999 -9999 -9999 -9999 -9999 -9999 -9999 -9999 -9999 -9999 -9999 -9999 -9999 -9999 -9999 -9999 -9999 -9999 -9999 -9999 -9999 -9999 -9999 -9999 -9999 -9999 -9999 -9999 -9999 -9999 -9999 -9999 -9999 -9999
-9999 -9999 -9999 -9999 -9999 -9999 -9999 -9999 -9999 -9999 -9999 -9999 -9999 -9999 -9999 -9999 42.07576 42.01052 41.92 41.96 41.63 41.63 41.71717 41.5 41.73 41.8866 -9999 -9999 -9999 -9999 -9999 -9999 -9999 -9999 -9999 -9999 -9999 -9999 -9999 -9999 -9999 -9999 -9999 42.01563 41.84615 -9999 -9999 -9999 -9999 -9999 -9999 -9999 -9999 -9999 -9999 -9999 -9999 -9999 -9999 -9999 -9999 -9999 -9999 -9999 -9999 -9999 -9999 -9999 -9999 -9999 -9999 -9999 -9999 -9999 -9999 -9999 -9999 -9999 -9999 -9999 -9999 -9999
-9999 -9999 -9999 -9999 -9999 -9999 -9999 -9999 -9999 -9999 -9999 -9999 -9999 -9999 42.51852 42.13684 42.09091 41.93 41.72 41.38 41.02 41.21 41.36 41.12 41.66 41.83 41.8 41.50633 41.53521 41.96363 41.9875 42 41.96053 42 42 42.15152 42.32877 42.45833 42.85227 42.94845 42.98718 42.98809 42.77778 42.37 42.1 41.12987 40.65574 41 40.91525 -9999 -9999 -9999 -9999 -9999 -9999 -9999 -9999 -9999 -9999 -9999 -9999 -9999 -9999 -9999 -9999 -9999 -9999 -9999 -9999 -9999 -9999 -9999 -9999 -9999 -9999 -9999 -9999 -9999 -9999 -9999 -9999 -9999
-9999 -9999 -9999 -9999 -9999 -9999 -9999 -9999 -9999 -9999 -9999 -9999 -9999 -9999 -9999 -9999 41.64647 41.06 40.97 41.21 41.07 40.96 40.84 40.65 41.12 41.06 41.25 41.29 41.68 41.54546 41.37 41.39 41.54 41.9 41.81 42.02 42.01 42.29 42.5 42.99 43 43.35 43.74 43.29 42.78 42.42 42.4 41.91 41.19 40.95 40.71 40.61538 40.19231 40.0339 40 -9999 -9999 -9999 -9999 -9999 -9999 -9999 -9999 -9999 -9999 -9999 -9999 37.0137 -9999 36.63492 36.19792 36.08046 36.04348 -9999 -9999 -9999 -9999 -9999 -9999 -9999 -9999 -9999
-9999 -9999 -9999 -9999 -9999 -9999 -9999 -9999 -9999 -9999 -9999 -9999 -9999 -9999 42.01493 41.85417 41.3 41.01 40.98 40.98 41 40.99 40.93 40.56 40.72 40.81 41.02 41.04 41.02 40.87 40.6 40.98 41.34 41.23 41.22 41.84 41.78 41.79 42.4 42.88 43.09 43.41 43.45 43.84 43.27 42.96 42.75 42.01 41.72 41.22 40.94 40.44 40.15 40.07 39.96 39.84 39.65 39.34043 39.07407 38.91781 38.83117 38.38462 38.11111 37.96386 37.81633 37.47 37.13 37.02 36.85417 36.4 36.45 36.23 36.02381 36.06 36.11236 35.68518 -9999 -9999 35.87356 36.1 36.83 37.27907
-9999 -9999 -9999 -9999 -9999 -9999 39.74074 40.1 40.17567 -9999 40.47297 40.89157 41.07 41.55556 41.58 -9999 41.07 40.89 40.54 40.91 40.99 40.99 40.89 40.82 40.86 40.88 40.74 40.88 40.47 40.36 40.61 40.85 40.87 40.73 40.92 41.52 41.94 41.99 42.15 42.66 42.68 42.97 43.27 43.4 43.27 43 42.63 41.94 41.84 41.24 41 40.96 40.51 40.18 39.98 39.8 39.68 39.39 39.14 38.99 38.89 38.65 38.25 38.04 37.94 37.67 37.11 37 37.06 37.15 36.93 36.76 36.33 36.36 36.29 36.32 35.85 35.84694 35.29293 35.92 36.48 37.23
-9999 -9999 -9999 -9999 -9999 -9999 39.54795 39.63 39.85 39.98 39.9 39.48 39.61 40.19 40.63 40.75 40.53 40.76 40.65 40.85 40.92 40.76 40.7 40.78 40.53 40.46 40.23 40.48 40.2 40.06 40.31 40.79 40.62 40.48 41.06 41.34 41.3 41.11 41.37 41.31 41.47 42.26 41.22 42.5 42.88 42.27 41.96 41.76 41.57 41.26 40.68 40.69 40.23 39.8 39.07 39.35 38.94 38.93 39.07 39.01 38.77 38.61 38.2 38.05 38 37.89 37.66 37.41 37.16 37.45 37.75 37.21 36.74 36.56 36.53 36.25 36.06 36.23 36.55 36.13 36.6 37.29
-9999 -9999 -9999 -9999 39.43011 38.95 39.17 38.9 38.96 39.04 38.77 38.87 39.02 39.1 39.62 40 40.18 40.43 40.65 40.81 40.6 40.42 40.44 40.38 40.16 40.21 40.03 40.07 39.98 40.03 40.07 40.54 40.34 40.33 40.67 40.82 40.6 40.24 40.87 40.58 41.16 40.84 41.7 41.82 42.32 41.71 41.57 41.36 40.77 40.53 40.53 40.24 39.86 40.03 39.47 39.14 39.37 39.56 39.02 39 38.97 38.81 38.42 38.32 38.1 37.96 37.99 37.76 37.58 37.86 37.93 37.72 37.44 37.16 36.6 36.61 36.44 36.64 36.68 36.81 37.27 37.89
-9999 -9999 -9999 39.08247 39.02 38.75 38.78 38.63 38.62 38.13 38.32 38.03 38.42 38.75 39.13 39.81 40.16 40.59 40.25 40.17 40.21 40.19 40.07 40.01 40.01 40 39.87 39.89 40 40.03 40.14 40.19 39.96 39.87 40.14 39.98 40.12 39.42 39.55 39.65 39.22 39.98 39.75 41.04 41.55 40.12 40.08 40.25 39.71 39.46 39.9 39.53 39.81 39.86 39.39 39.13 38.83 38.61 38.85 38.93 38.89 38.43 38.35 38.28 38.09 38 37.97 37.84 37.8 37.58 37.4 37.2 37.1 37.17 37.29 37.36 37.38 36.81 37.02 37.6 38 37.97
-9999 -9999 -9999 39.08235 38.65657 38.6 38.57 38.48 38.17 38.06 37.97 37.87 37.74 38.01 38.92 39.84 40.29 40.62 40.25 40.04 40.01 39.99 40 40.01 40 40 39.73 39.83 39.71 39.96 39.95 39.87 39.85 39.61 39.71 39.68 39.4 39.87 39.92 40 39.86 40.14 40.17 39.94 40.14 40.14 39.85 39.94 39.75 39.85 39.96 39.86 39.8 39.7 39.64 39.28 38.75 38.63 38.77 38.98 38.96 38.26 38.44 38.23 38.04 38 37.86 37.83 37.66 37.21 37.1 37 37.01 37.04 37.09 37.36 37.25 37.34 37.57 37.54 37.95 38
-9999 -9999 -9999 -9999 38.81034 38.5 38.23 38.2 38.07 38.05 38.02 37.44 37.18 37.98 38.62 39.72 40.32 40.84 40.36 40.07 39.95 39.95 39.97 39.98 39.86 39.87 39.57 39.3 39.74 39.72 39.46 39.1 38.85 39.15 39.67 39.57 39.72 39.67 39.36 39.75 39.5 39.4 40.01 40.15 39.8 40.06 40.15 40.04 39.82 39.98 40.03 39.75 39.78 39.57 39.5 38.99 38.98 38.94 38.98 38.95 38.89 38.31 38.11 38.01 38 37.75 37.78 37.16 37.2 37.03 37.15 37.06 36.99 36.99 37.19 37.1 37.12 37.35 37.39 37.6 37.83 37.94
-9999 -9999 -9999 -9999 38.775 38.76563 38.4697 38.38462 37.89 37.97 37.81 37.92 37.77 38.19 38.8 39.76 40.46 40.57 40.1 40.03 39.87 39.62 39.79 39.31 39.28 39.15 39.06 39.07 39.02 39.12 39.01 38.55 39.19 39.45 39.97 40 39.72 39.44 39.22 39.4 39.88 39.98 40.13 40.19 40.29 40.06 40.24 40.08 40.02 40.01 39.98 39.99 39.79 39.57 39.31 39 38.97 39 38.93 38.76 38.52 38.07 38 38 37.86 37.5 37.37 37.22 37.08 37.23 37.29 37.18 37.03 36.97 36.95 36.98 37.15 37 37.05 37.15 37.77 38
-9999 -9999 -9999 -9999 -9999 -9999 38.18478 38.06 37.99 38.09 37.66 37.76 37.92 38.28 38.96 39.61 39.92 40.04 39.75 39.22 39.56 39.41 39.08 39.01 39 39 38.96 38.67 38.56 38.83 38.98 39.05 39.1 39.5 39.84 39.99 39.83 39.81 39.99 39.99 39.93 39.99 40.02 40.02 40 40 40 40 40 40.01 39.99 39.98 39.89 39.8 39.15 39.02 39 39 38.97 38.38 38.2 38.01 38 38 37.91 37.7 37.46 37.14 37.08 37.04 37.15 37.06 36.95 36.97 37.03 37.16 37.12 37 37 37.04 37.29 37.71
-9999 -9999 -9999 -9999 -9999 38.74576 38.37234 -9999 -9999 37.61 37.65 37.78 38.01 38.67 38.94 39.49 39.58 39.49 39.17 38.9 39.07 38.98 39 39 39 38.98 38.48 38.61 38.49 38.46 38.91 38.99 39.05 39.15 39.24 39.41 39.89 39.96 40 39.98 40 40 40 40 40 40 40 40 40 40 40 39.98 39.46 39.43 39.12 39 39 38.92 38.73 38.48 38.06 38 38 37.93 37.61 37.29 37.23 37.16 37.11 37.19 37 36.99 36.95 36.98 37 37 37.01 37.05 37 37 37.19 37.56
-9999 -9999 -9999 -9999 -9999 -9999 -9999 38.5 38.06024 37.5 37.5 37.92 38.22 38.85 38.87 38.85 39.16 38.92 38.82 38.97 39 38.73 38.93 38.97 38.98 38.66 38.3 38.44 38.31 38.57 38.76 39.01 39.04 39.03 39 39.14 39.27 39.31 39.28 39.55 39.94 40 40 40 40 40 40 40 40 40 39.94 39.8 39.59 39.28 39.05 39 38.99 39 38.71 38.19 38 38 37.86 37.63 37.46 37.09 37 37.03 37 37 36.97 36.95 36.97 36.99 37 37 36.99 36.83 37 37 37 37
-9999 -9999 -9999 -9999 -9999 -9999 -9999 38.4375 37.96739 37.52809 37.3 37.9 38.6 38.6 38.94 38.99 39.08 38.99 38.9 38.93 38.44 38.44 38.52 38.58 38.62 38.28 38.52 38.68 38.46 38.51 38.89 38.98 39.01 38.98 38.85 38.92 38.84 38.94 39.03 39.5 39.94 39.99 39.96 40 40 39.96 39.82 39.98 39.96 39.93 39.81 39.27 39.37 39.15 39 39 39 38.99 38.82 38.19 38.01 38 37.93 37.66 37.15 37 37 37 36.93 36.93 36.99 37 37 36.98 37 36.96 36.97 36.98 37 37 37 36.98
-9999 -9999 -9999 -9999 -9999 -9999 -9999 -9999 -9999 37.88235 37.80645 38.47 38.93 38.64 38.58 39.07 39.01 38.84 38.51 38.08 37.98 38.19 37.97 38.15 38.08 38 38.01 38.54 38.75 38.46 38.55 38.81 38.39 38.51 38.75 38.39 38.23 38.71 39 39.09 39.32 39.89 39.96 40 39.94 39.6 39.79 39.44 39.68 39.85 39.8 39.63 39.25 39.16 39.01 39 39 38.86 38.52 38.03 38 37.96 37.72 37.33 37 37 36.99 36.95 36.71 36.54 36.93 36.99 37 37 37 36.94 37 37 37.01 37.02 36.99 37.04
-9999 -9999 -9999 -9999 -9999 -9999 -9999 -9999 38.28205 38.33333 -9999 39.04 39.2 39.09 38.64 39.31 39.04 38.92 38.81 38.1 38.01 38.15 38.05 37.95 37.62 37.81 37.56 38.21 38.34 38.24 38.03 37.96 37.93 37.98 38.37 38.79 38.92 38.6 38.78 39 39.42 39.43 39.55 39.53 39.47 40 40 39.93 39.74 39.51 39.45 39.25 39.13 39 39 39 38.94 38.55 38.08 38 38 37.99 37.3 37.02 37 37 36.98 36.42 36.36 36.28 36.89 36.93 36.99 37 37 37 37 37 37.04 37.17 37.07 37.36
-9999 -9999 -9999 -9999 -9999 -9999 -9999 -9999 -9999 39.02198 39.35 39.56 39.85 39.64 39.33 39.65 39.57 39.05 38.97 38.66 38.3 38.12 38.12 37.48 37.17 37.1 36.99 37.66 38.14 38 37.93 37.44 37.14 37.44 37.88 38.02 38.42 38.75 38.94 39 39 39.05 39.24 39.21 39.6 39.8 39.65 39.6 39.55 39.29 39.14 39 39 39 39 39 38.97 38.54 38.1 38 38 37.86 37.45 37.03 37 36.89 36.65 36.23 36.03 36.12 36.27 36.79 36.94 37 37 37 37 37 37 37.01 37.04 37.33
-9999 -9999 -9999 -9999 -9999 -9999 -9999 -9999 39.8022 39.83 40.02 39.93 40.01 39.88 40.04 39.72 39.17 38.61 38.53 38.17 38.03 38.28 38.01 37.8 37.35 37.24 37.44 37.9 38.02 37.76 37.53 37.15 37.32 37.92 38.43 38.72 38.78 38.98 38.99 39 39 39.2 39.01 39 39.38 39.31 39.19 39.24 39.05 39.03 39 39.08 39 39 39 38.96 38.97 38.39 38.03 38 38 37.73 37.43 37.01 37 36.98 36.44 36.07 36.07 36.09 36.22 36.45 36.37 36.54 36.98 37 37 37 37 37 37.02 37.14
-9999 -9999 -9999 -9999 -9999 -9999 -9999 40.4127 40.15 40.47 40.65 40.23 40.38 40.23 39.41 38.12 37.36 37.62 37.87 38.46 38.53 38.13 38.02 37.91 38.25 37.8 37.66 37.99 37.95 37.8 37.55 37.41 37.5 38.24 38.77 38.96 38.98 39 39 39 39 39 39 39 39.11 39.01 39 39 39.2 39 39.07 39 39 39 39 38.97 38.61 38.12 38 38 37.9 37.52 37 37 37 36.91 36.34 36.18 36 36 36 36.08 36.4 36.75 36.77 36.95 37 37 37 37 37 37
-9999 -9999 -9999 -9999 -9999 -9999 -9999 41.18333 41.34 41.01 41.01 40.38 40.47 40.05 37.85 38.75 38.92 39.06 38.39 37.43 37.19 37.64 37.79 38.05 38.9 38.16 38.01 38.16 38.08 37.97 38.02 37.92 37.84 38.71 38.92 38.99 38.9 38.97 39 39 39 39 39 39 39 39 39.01 39 39 39 39 39 39 39 38.94 38.81 38.29 38.29 38 38 37.8 37.14 37.02 37 37 36.97 36.85 36.24 36.18 36 36.06 36.18 36.37 36.74 36.64 36.8 36.95 37 37 37 37 36.99
-9999 -9999 -9999 -9999 -9999 -9999 -9999 41.93939 41.77273 41.23 41.16 40.54 40.92 40.79 40.21 39.92 39.61 38.21 36.87 36.82 36.61 36.9 38.05 38.37 38.95 38.28 37.95 38.36 38.34 38.03 38.04 38.26 38.47 38.97 38.98 39 38.99 38.82 38.89 38.88 38.88 39 39 39 39 39 39 39 39 39.01 39 39 39 39 39 38.98 38.96 38 38 38 37.61 37.05 37 37 36.96 36.54 36.34 36.14 36.02 36 36 36.09 36.21 36.42 36.41 36.65 36.85 37 37 37 37.01 37.01
-9999 -9999 -9999 -9999 -9999 -9999 -9999 -9999 41.98 41.41 41.95 41.72 41.44 41.05 40.46 38.94 37.97 37.08 37.89 37.09 37.05 37.34 37.57 38.58 39 38.51 38.12 38.66 38.7 38.35 38.2 38.1 38.63 38.99 38.99 39 38.9 39 38.98 38.98 38.93 38.96 39 39 39 39 39 39 39 39 39 39 39 39 39 38.97 38.67 38.17 38 38 37.45 37.08 37 37 36.59 36.32 36 36 36 36 36 36 36 36 36 36.16 36.44 36.77 37 37 37 37.01
-9999 -9999 -9999 -9999 -9999 -9999 -9999 -9999 42.8 42.77551 42.49 41.9 41.49 41.5 40.77 40.24 39.74 39.58 38.54 37.58 37.27 38.1 38.8 39.04 38.7 38.09 38.52 38.91 38.95 38.5 38.09 37.92 38.36 38.8 38.89 38.91 38.94 38.61 38.59 38.85 38.98 39 38.59 39 39 39 39 39 39 39 39 39 39 39 38.93 38.62 38.18 38.05 38 37.99 37.18 37 37 36.94 36.43 36.02 36 35.97 35.95 36 36 35.96 36 36 36 36.04 36.15 36.34 36.89 36.84 36.99 37
-9999 -9999 -9999 -9999 -9999 -9999 -9999 -9999 43.63158 43.14 42.89 42.54 42.47 42.11 41.62 40.98 40.56 38.68 37.96 38.53 39.22 39.18 39.4 39.37 38.07 38.75 38.96 39 38.99 38.77 38.23 38.09 38.18 38.69 38.87 38.64 38.44 38.4 38.04 38.33 38.95 38.51 38.61 38.85 38.97 38.99 38.82 39 39 39 39 39 38.99 38.98 38.66 38.16 38.06 38 37.99 37.42 37 37 36.94 36.28 36.05 36 36 36 35.98 36 35.95 35.96 36 36 36 36 36 36.14 36.5 36.7 36.83 36.94
-9999 -9999 -9999 -9999 -9999 -9999 -9999 -9999 -9999 43.72 43.49 42.95 42.88 42.11 41.84 41.37 40.38 40.22 40.13 39.9 39.89 38.64 38.71 37.77 38.32 39.02 39 39.04 39 38.75 38.38 38.69 38.21 38.75 38.43 38.38 38.21 38 38.14 38.39 38.48 38.2 38.55 38.68 38.48 38.6 38.81 39 39 38.9 39 39 39 38.48 38.21 38 38 38 37.82 37.01 37 37 36.74 36.16 36 35.99 35.96 36 35.93 35.94 35.93 36 36 35.98 36 36 36 36 36.05 36.06 36.26 36.86
-9999 -9999 -9999 -9999 -9999 -9999 -9999 -9999 -9999 44.2 43.89 43.39 42.87 42.61 42.12 41.66 40.86 40.53 41.07 40.35 38.71 38.1 38.1 38.6 39.01 38.79 38.76 39 38.9 38.1 37.87 38.47 38.47 38.55 38.14 38.15 38 38 38 38 38.16 38.03 38.51 38 38.11 38.19 38.74 38.92 38.94 39 39 38.97 38.58 38.04 38 38 38 37.94 37.19 37 36.98 36.52 36.23 36 35.95 35.75 35.83 35.92 36 36 35.93 35.98 35.6 35.99 36 36 36 36 36 36 36.23 36.51
-9999 -9999 -9999 -9999 -9999 -9999 -9999 -9999 -9999 44.57576 44.36 43.97 43.56 42.89 42.29 41.99 41.18 41.07 41.31 40.15 37.17 39.12 38.7 38.75 38.96 39.24 39.06 38.83 38.6 38.62 38.16 38.03 38.27 37.97 37.95 38 38 38 38 38 38.02 38.01 38.12 38.19 38.2 38.42 39 38.99 39 39 38.91 38.59 38.51 38 38 38 37.87 37.42 37 36.96 36.62 36.07 36 36 35.7 35.28 35.06 35.44 35.79 35.65 35.59 35.12 35.4 35.54 36 36 36 36 36 36 36.01 36.37
-9999 -9999 -9999 -9999 -9999 -9999 -9999 -9999 -9999 44.96202 44.56 44.09 43.41 42.63 42.44 42.13 41.96 41.92 40.36 39.1 40.14 40.47 39.23 39.72 38.62 39.23 38.33 38.18 38.69 38.68 38.13 38.2 38.01 37.56 37.65 37.99 37.94 38 38 38 38 38 38.02 38.11 38.55 38.85 38.94 39 39 38.86 38.99 38.54 38 38 38 37.93 37.32 37.04 37 36.84 36.02 36 36 35.71 35.2 35 35 35 35.05 35.01 35.14 35.39 35.85 35.97 35.99 36 36 36 36 36 36 36.07
-9999 -9999 -9999 -9999 -9999 -9999 -9999 -9999 -9999 45 44.71 44.21 43.83 42.93 42.68 42.17 42.15 40.73 40.04 39.39 40.86 40.29 39.75 39.89 39.42 38.68 37.86 37.53 38.57 38.28 37.68 37.76 37.53 37.27 37.41 37.56 37.64 37.48 37.78 37.99 38 38 38 38.03 38.35 38.57 38.99 39 38.89 38.97 38.65 38.41 38 38 38 37.23 37.18 37 36.97 36.21 36 35.96 35.7 35.04 35 35 35 35 35 35 35.05 35.58 36.1 36.04 36 35.99 36 36 36 36 36 36
-9999 -9999 -9999 -9999 -9999 -9999 -9999 -9999 -9999 -9999 44.67742 44.34 43.89 43.16 42.82 42.58 41.92 41.4 41.28 40.23 40.7 40.04 39.69 39.38 38.95 38.74 38.46 38.22 38.51 37.73 37.4 37.58 37.38 37.21 37 37.09 37 37.01 37.28 37.71 38 38 38 38.11 38.09 38.83 38.92 38.95 38.89 38.62 38.13 38.03 38 38 37.78 37.06 37 37 36.19 36 35.99 35.59 35.08 35 34.99 34.98 35 35 35 35.24 35.77 36.11 35.94 35.62 35.72 35.92 35.92 35.75 35.93 35.94 35.98 36
-9999 -9999 -9999 -9999 -9999 -9999 -9999 -9999 -9999 -9999 44.71429 44.02 44.01 43.32 42.94 41.97 40.07 40.29 38.16 38.28 39.49 38.53 38.53 37.95 37.42 37.41 37.72 37.53 38.03 37.81 37.66 37.41 37.43 37.03 37 36.99 37 37 37.01 37.04 37.56 37.85 38 38 38.31 38.39 39 39 38.87 38.41 38 38 38 38 37.24 37 37 36.49 36.02 35.99 35.78 35.03 35 34.93 34.82 34.97 35.04 35.69 35.76 35.78 35.17 35.25 35.73 35.31 35.13 35.15 35.57 35.08 35.17 35.72 35.93 36
-9999 -9999 -9999 -9999 -9999 -9999 -9999 -9999 -9999 -9999 44.86047 43.91 43.31 42.7 42.45 41.83 40.85 38.9 37.54 37.64 37.35 36.9 37.62 38.18 36.92 36.25 36.74 37.32 37.49 36.97 37 37.04 36.71 36.72 36.64 36.86 36.83 36.99 37 37 37.17 37.72 37.94 38 38.01 38.55 38.95 39 38.86 38.17 38 38 37.64 37.17 37.08 37 36.95 36.03 36 35.89 35.19 35.01 34.98 34.57 34.15 34.59 35.9 36.3 35.46 35.02 34.88 34.91 34.95 35.06 34.84 34.96 34.99 34.99 35 35.25 35.87 36
-9999 -9999 -9999 -9999 -9999 -9999 -9999 -9999 -9999 -9999 44.94898 44.04 43.42 42.12 40.12 39.74 39.75 40.48 39.91 39.23 37.99 37.19 36.88 37.02 36.39 35.71 36.43 37 36.94 36.31 35.96 36.12 36.2 36.18 36.07 36.06 36.32 36.51 36.95 37 37 37.04 37.65 37.86 38 38.1 38.42 38.59 38.4 38 38 37.89 37.47 37.01 37 36.92 36.46 36.01 35.98 35.52 35.03 35 34.8 34.28 34.45 34.93 36.41 35.25 35.63 35.37 34.63 34.21 34.21 34.22 34.65 34.69 34.56 34.9 35.14 35.46 36 35.99
-9999 -9999 -9999 -9999 -9999 -9999 -9999 -9999 -9999 -9999 45 44.31 43.51 41.32 41.53 40.35 40.3 41.08 40.32 39.33 38.32 37.77 37.35 36.67 36.33 35.46 35.96 36.4 36.14 36.33 35.77 35.47 35.88 36 36 36 36.01 36.08 36.66 36.92 36.99 37 37.06 37.15 37.94 38 38 38.02 38 38 37.95 37.31 37 37 36.99 36.31 36.07 36 35.98 35.14 35 35 34.93 35.11 36.04 36.17 36.59 36.02 34.71 34.1 34 34 34 34.19 34.31 34.16 34.05 34.61 35.09 35.48 35.85 35.83
-9999 -9999 -9999 -9999 -9999 -9999 -9999 -9999 -9999 45.21622 45 44.39 43.86 43.18 41.42 41.18 40.61 40.62 39.74 39.16 38.88 38.34 37.89 37.13 36.44 36.31 36.13 35.84 35.35 35.19 35.33 35.03 35.16 35.59 35.6 35.32 35.97 36 36.07 36.17 36.59 37 36.99 37 37.12 37.62 37.72 37.85 37.9 37.56 37.23 36.99 37 36.68 36.44 36.04 36 36 35.89 35.01 35.3 35.09 35.35 35.41 35.18 34.43 34.32 34.06 34 34.09 33.87 33.99 34 34 34.01 34 34.21 34.99 35 35.36 35.86 35.49
