layers/wordclim/future/Iberia_wcB2a_10_hadcm3_2020/bio_01.asc
ncols         166
nrows         93
xllcorner     -9.4959440078468
yllcorner     36.000324005443
cellsize      0.083333337679505
NODATA_value  -9999
[rows 33 to 65 of 93, columns 73 to 145 of 166]
121.01 128.57 128.61 129.42 131.29 134.39 131.48 128.84 123.78 119.78 118.89 118.72 117.15 116.19 112.71 109.47 108.21 109.49 112.45 114.49 114.56 114.14 117.74 116.81 115.86 120.77 113.65 105.07 104.29 112.28 119.16 126.75 136.96 137.75 137.44 135.39 141.85 148.66 155.62 155.03 148.67 150.06 154.82 152.76 157.15 154.93 172.25 169.66 167.19 169.45 167.11 170.34 -9999 -9999 -9999 -9999 -9999 -9999 -9999 -9999 -9999 -9999 -9999 -9999 -9999 -9999 -9999 -9999 -9999 -9999 -9999 -9999 -9999
136.14 132.69 134.55 137.91 135.74 131.23 125.88 123.99 124.98 123.66 121.61 118.79 116.93 121.61 116.54 115.16 109.81 115.27 113.51 111.12 111.78 111.91 114.83 115.2 118.63 120.45 114.32 111.92 108.69 115.25 116.19 120.84 126.67 129.52 127.52 132.77 136.39 143.21 150.85 142.82 139.72 145.44 150.02 148.51 143.19 148.55 176.13 176.18 161.01 175.3232 -9999 -9999 -9999 -9999 -9999 -9999 -9999 -9999 -9999 -9999 -9999 -9999 -9999 -9999 -9999 -9999 -9999 -9999 -9999 -9999 -9999 -9999 -9999
134.73 135.3 138.72 142.24 137.43 129.09 126.99 127.15 129.9 128.78 122.03 120.82 123.23 121.04 117.94 117.77 115.61 113.73 112.68 113.25 108.92 107.62 111.05 117.62 120.71 117.19 106.33 105.27 107.36 108.57 109.06 113.11 111.54 112.22 117.27 122.23 128.47 143.28 141.66 143.65 136.84 141.51 136.51 132.24 124.05 153.42 180.76 181.22 179.01 183.9718 -9999 -9999 -9999 -9999 -9999 -9999 -9999 -9999 -9999 -9999 -9999 -9999 -9999 -9999 -9999 -9999 -9999 -9999 -9999 -9999 -9999 -9999 -9999
140.22 138.71 143.28 140.87 130.62 130.52 129.7 125.62 132.97 136.69 134.83 130.9 123.51 113.01 109.61 107.39 110.87 109.45 105.86 106.65 103.65 106.06 105.18 114.96 121.08 114.75 104.32 108.06 108.29 106.12 104.57 106.36 111.35 111.35 116.36 121.36 131.81 135 136.71 132.41 126.36 126.89 120.8 133.19 142.2 167.49 179.07 183.32 185.8969 185.8495 185.0581 184.8696 -9999 -9999 -9999 -9999 -9999 -9999 -9999 -9999 -9999 -9999 -9999 -9999 -9999 -9999 -9999 -9999 -9999 -9999 -9999 -9999 -9999
145.21 143.22 146.6 137.38 134.62 135.25 129.18 126.85 136.06 132.04 127 121.75 120.58 116.76 111.5 107.46 106.3 105.92 104.38 100.96 95.41 101.82 101.49 107.51 117 120.99 108.94 110.19 113.79 112.34 105.95 107.13 105.92 105.06 108.37 107.57 121.34 128.54 134.44 131.05 125.87 130 137.5 151.69 166.52 173.98 176.27 172.9362 -9999 -9999 -9999 -9999 -9999 -9999 -9999 -9999 -9999 -9999 -9999 -9999 -9999 -9999 -9999 -9999 -9999 -9999 -9999 -9999 -9999 -9999 -9999 -9999 -9999
149.77 149.7 141.15 136.5 140.35 134.71 130.54 132.99 139.86 131.98 131.05 129.34 131.04 128.11 121.88 114.45 108.49 97.27 98.07 94.48 90.45 95.85 99.97 104.35 114.28 122.82 116.93 112.1 118.95 111.89 97.79 105.93 103.39 99.8 99.48 96.54 112.52 120.02 127.82 128.48 126.67 137.23 147.7 163.98 171.79 178.5 181.44 -9999 -9999 -9999 -9999 -9999 -9999 -9999 -9999 -9999 -9999 -9999 -9999 -9999 -9999 -9999 -9999 -9999 -9999 -9999 -9999 -9999 -9999 -9999 -9999 -9999 -9999
151.61 143.53 138.18 139.89 138.81 134.06 135.62 140.9 142.14 139.71 142.09 139.58 137.79 128.34 123.87 114.85 107.58 101.37 95.44 94.95 90.82 93.49 100.45 107.73 113.89 121.81 120.61 116.11 120.59 105.19 101.16 100.29 95.8 87.17 90.06 96.44 101.39 114.83 120.14 124.82 130.54 148.49 159.92 166.42 173.18 182.1 185.3 -9999 -9999 -9999 -9999 -9999 -9999 -9999 -9999 -9999 -9999 -9999 -9999 -9999 -9999 -9999 -9999 -9999 -9999 -9999 -9999 -9999 -9999 -9999 -9999 -9999 -9999
148.3 142.34 141.2 144.31 140.29 141.36 146.76 143.45 145.05 136.18 133.57 139.67 133.92 132.94 128.98 124.46 110.59 105.68 98.88 94.53 93.13 98.51 106.2 107.61 109.83 119.71 125.17 127.79 120.2 107.48 107.2 103.67 97.03 85.26 87.44 96.81 106.7 120.45 135.52 138.37 147.39 155.9 167.2 165.28 173.97 181.0241 -9999 -9999 -9999 -9999 -9999 -9999 -9999 -9999 -9999 -9999 -9999 -9999 -9999 -9999 -9999 -9999 -9999 -9999 -9999 -9999 -9999 -9999 -9999 -9999 -9999 -9999 -9999
147.1 145.47 146.78 143.68 144.27 149.27 144.71 139.1 143.95 141.26 135.91 135.04 131.4 129.87 126.6 122.75 111.57 103.56 101.22 103.87 93.07 96.89 99.79 102.65 108.84 114.15 122.48 131.27 120.95 111.9 120.32 119.64 108.63 98.73 104.57 105.4 112.64 122.43 141.59 149.86 151.34 155.85 173.7 177.12 173.9634 -9999 -9999 -9999 -9999 -9999 -9999 -9999 -9999 -9999 -9999 -9999 -9999 -9999 -9999 -9999 -9999 -9999 -9999 -9999 -9999 -9999 -9999 -9999 -9999 -9999 -9999 -9999 -9999
152.02 149.76 147.47 148.73 152.13 150.14 139.25 137.88 141.32 134.16 135.81 135.53 134.33 129.6 122.53 128.61 114.04 111.71 109.11 101.97 101.31 100.76 107.05 99.86 114.95 118.63 129.15 125.33 112.65 114.84 126.74 130.85 126.75 122.68 118.65 126.33 125.67 130.56 154.04 165.96 164.93 168.77 174.33 185.0263 -9999 -9999 -9999 -9999 -9999 -9999 -9999 -9999 -9999 -9999 -9999 -9999 -9999 -9999 -9999 -9999 -9999 -9999 -9999 -9999 -9999 -9999 -9999 -9999 -9999 -9999 -9999 -9999 -9999
148.86 149.56 153.01 155.93 152.81 147.4 139.38 137.37 138.12 134.53 132.95 132.73 128.59 128.83 129.37 128.5 117.17 111.73 108.76 110.8 110.05 112.93 111.55 108.83 118.04 133.72 130.37 116.4 96.8 100.51 119.03 131.59 134.9 138.59 141.05 137.83 142.85 149.08 159.74 170.56 169.41 170.42 180.8636 -9999 -9999 -9999 -9999 -9999 -9999 -9999 -9999 -9999 -9999 -9999 -9999 -9999 -9999 -9999 -9999 -9999 -9999 -9999 -9999 -9999 -9999 -9999 -9999 -9999 -9999 -9999 -9999 -9999 -9999
157.24 157.54 155.14 150.61 148.15 145.43 141.15 138.75 137.82 135.75 132.27 132.09 127.45 130.52 135.16 131.07 124.24 117 120.88 120.29 115.63 120.12 117.38 111.34 119.77 134.42 125 110.66 97.89 104.08 117.83 124.26 132.2 132.93 145.69 150.56 158.73 166.37 174.93 175.45 175.61 179.0597 -9999 -9999 -9999 -9999 -9999 -9999 -9999 -9999 -9999 -9999 -9999 -9999 -9999 -9999 -9999 -9999 -9999 -9999 -9999 -9999 -9999 -9999 -9999 -9999 -9999 -9999 -9999 -9999 -9999 -9999 -9999
150.6 150.58 148.48 146.82 146.43 145.32 142.44 139.71 141.71 140.52 136.36 135.09 133 134.33 132.45 130.49 128.01 124.7 129.11 127.92 127.09 122.51 120.43 121.75 126.38 131.49 135.59 128.57 119.09 112.44 105.29 117.27 133.48 142.65 148.64 146.72 155.17 169.82 180.1 183.62 186.2268 -9999 -9999 -9999 -9999 -9999 -9999 -9999 -9999 -9999 -9999 -9999 -9999 -9999 -9999 -9999 -9999 -9999 -9999 -9999 -9999 -9999 -9999 -9999 -9999 -9999 -9999 -9999 -9999 -9999 -9999 -9999 -9999
152.39 151.04 149.69 149.22 148.94 146.78 144.13 142.93 142.54 141.02 140.61 137.6 137.32 138.83 132.55 129.13 126.83 126.44 130.64 127.68 132.15 124.97 119.73 125.52 131.18 129.06 132.96 139.89 135.31 129.9 122.74 120.31 135.42 148.07 160.41 163.36 155.87 162.3 178.21 186.9596 -9999 -9999 -9999 -9999 -9999 -9999 -9999 -9999 -9999 -9999 -9999 -9999 -9999 -9999 -9999 -9999 -9999 -9999 -9999 -9999 -9999 -9999 -9999 -9999 -9999 -9999 -9999 -9999 -9999 -9999 -9999 -9999 -9999
154.57 152.85 152.12 152.14 150.48 148.66 144.48 142.54 141.93 143.99 142.76 139.67 139.88 141.68 138.37 135.19 130.28 129.46 132.47 131.87 132.89 133.99 133.16 134.44 131.23 130.49 138.26 147.95 146.55 142.46 139.51 145.48 145.21 149.13 153.7 166.32 173.75 174.96 185.58 -9999 -9999 -9999 -9999 -9999 -9999 -9999 -9999 -9999 -9999 -9999 -9999 -9999 -9999 -9999 -9999 -9999 -9999 -9999 -9999 -9999 -9999 -9999 -9999 -9999 -9999 -9999 -9999 -9999 -9999 -9999 -9999 -9999 -9999
154.49 154.87 153.91 153.05 151.81 150.46 147.22 146.16 143.24 145.48 143.43 140.17 141.13 144.19 142.76 136.92 133.81 133.16 133.29 134.65 137.55 141.21 141.65 137.89 129.24 137.02 139.06 143.82 151.45 160.51 161.14 164.27 169.53 171.76 168.44 161.15 173.29 183.15 188.6184 -9999 -9999 -9999 -9999 -9999 -9999 -9999 -9999 -9999 -9999 -9999 -9999 -9999 -9999 -9999 -9999 -9999 -9999 -9999 -9999 -9999 -9999 -9999 -9999 -9999 -9999 -9999 -9999 -9999 -9999 -9999 -9999 -9999 -9999
154.56 156.47 155.98 155.09 153.9 150.02 146.57 148.81 148.05 145.05 146.68 142.71 142.62 144.56 144.54 143.32 140.11 138.8 137.86 136.55 135.86 140.97 145.16 138.91 137.45 142.88 140.15 133.78 137.73 151.72 166.23 172.08 177.68 180.28 181.17 181.28 181.86 187.266 -9999 -9999 -9999 -9999 -9999 -9999 -9999 -9999 -9999 -9999 -9999 -9999 -9999 -9999 -9999 -9999 -9999 -9999 -9999 -9999 -9999 -9999 -9999 -9999 -9999 -9999 -9999 -9999 -9999 -9999 -9999 -9999 -9999 -9999 -9999
157.19 157.59 157.14 156.25 155.81 153.83 151.29 152.5 150.87 147.67 147.34 147.42 147.5 146.64 143.33 143.63 145.66 144.3 143.48 142.45 142.62 143.44 149.24 145.23 144.06 145.38 148.31 145.92 145.9 145.08 146.36 164.07 177.15 181.5 184.16 184.92 188.43 -9999 -9999 -9999 -9999 -9999 -9999 -9999 -9999 -9999 -9999 -9999 -9999 -9999 -9999 -9999 -9999 -9999 -9999 -9999 -9999 -9999 -9999 -9999 -9999 -9999 -9999 -9999 -9999 -9999 -9999 -9999 -9999 -9999 -9999 -9999 -9999
158.33 158.71 157.45 155.24 156.46 156.5 155.27 154.81 154.04 152.94 152.18 150.29 150.45 147.11 144.66 148.09 147.91 147.1 146.59 147.39 146.89 149.47 155.24 151.39 150.44 153.76 155.87 153.95 149.06 148.22 149.68 161.88 175.18 181.18 185.58 188.08 189.91 -9999 -9999 -9999 -9999 -9999 -9999 -9999 -9999 -9999 -9999 -9999 -9999 -9999 -9999 -9999 -9999 -9999 -9999 -9999 -9999 -9999 -9999 -9999 -9999 -9999 -9999 -9999 -9999 -9999 -9999 -9999 -9999 -9999 -9999 -9999 -9999
159.46 160.49 159.62 158.2 159.02 158.67 157.4 157.06 156.19 155.28 154.61 153.77 153.2 151.27 150.87 151.39 150.05 149.7 149.18 149.7 150.52 150.65 153.45 161.3 162.41 160.82 160.64 155.52 154.69 155.05 160.13 171.41 177.3 180.81 183.38 188.87 191.4 -9999 -9999 -9999 -9999 -9999 -9999 -9999 -9999 -9999 -9999 -9999 -9999 -9999 -9999 -9999 -9999 -9999 -9999 -9999 -9999 -9999 -9999 -9999 -9999 -9999 -9999 -9999 -9999 -9999 -9999 -9999 -9999 -9999 -9999 -9999 -9999
160.57 161.02 160.83 160.55 160.05 159.56 158.73 157.77 156.75 155.52 154.97 154.65 153.97 153.32 152.74 152.38 152.98 152.53 152.51 152.95 152.76 153.28 153.16 152.99 155.59 159.59 161.42 161.64 159.17 157.8 165.08 165 167 180.95 184.44 189.4 192.24 192.6508 -9999 -9999 -9999 -9999 -9999 -9999 -9999 -9999 -9999 -9999 -9999 -9999 -9999 -9999 -9999 -9999 -9999 -9999 -9999 -9999 -9999 -9999 -9999 -9999 -9999 -9999 -9999 -9999 -9999 -9999 -9999 -9999 -9999 -9999 -9999
161.15 161.01 160.93 160.38 160.12 159.97 158.74 157.26 155.84 154.23 153.82 153.29 154.56 154.81 154.72 154.35 154.86 154.88 155.17 155.74 155.7 155.46 156.91 156.71 154.93 153.32 152.18 158.04 166.1 152.95 152.57 165.47 173.4 178.49 189.46 191.62 192.83 193.0606 -9999 -9999 -9999 -9999 -9999 -9999 -9999 -9999 -9999 -9999 -9999 -9999 -9999 -9999 -9999 -9999 -9999 -9999 -9999 -9999 -9999 -9999 -9999 -9999 -9999 -9999 -9999 -9999 -9999 -9999 -9999 -9999 -9999 -9999 -9999
161.94 161.91 161.07 160.65 159.92 158.6 156.36 154.77 152.88 152.3 151.48 149.9 151.84 153.91 155.2 155.98 155.93 156.22 156.31 157.32 157.26 157.61 155.87 153.53 148.96 143.9 146.67 152.14 162.28 148.02 154.78 171.73 178.58 183.93 191.32 192.1 186.96 189.09 -9999 -9999 -9999 -9999 -9999 -9999 -9999 -9999 -9999 -9999 -9999 -9999 -9999 -9999 -9999 -9999 -9999 -9999 -9999 -9999 -9999 -9999 -9999 -9999 -9999 -9999 -9999 -9999 -9999 -9999 -9999 -9999 -9999 -9999 -9999
162.06 161.15 159.94 158.98 157.55 154.78 150.35 148.99 148.15 147.35 147.7 145.48 146.82 150.79 154.91 156.89 157.06 157.53 157.64 157.56 156.02 151.59 149.1 144.41 140.53 137.33 143.9 150.46 158.62 148.19 154.39 165.49 176.59 184.79 189.57 190.67 181.45 181.31 192.7284 -9999 -9999 -9999 -9999 -9999 -9999 -9999 -9999 -9999 -9999 -9999 -9999 -9999 -9999 -9999 -9999 -9999 -9999 -9999 -9999 -9999 -9999 -9999 -9999 -9999 -9999 -9999 -9999 -9999 -9999 -9999 -9999 -9999 -9999
162.19 160.56 157.28 155.1 152.38 150.72 151.51 148.88 146.83 144.22 142.48 140.84 143.3 148.82 154.01 156.53 157.5 158 157.67 155.96 149.83 145.2 144.74 140.72 141.82 146.4 149.15 151.88 150.63 143.65 152.64 163.24 172.82 180.76 183.87 185.26 178.72 176.45 191.77 195.4643 -9999 -9999 -9999 -9999 -9999 -9999 -9999 -9999 -9999 -9999 -9999 -9999 -9999 -9999 -9999 -9999 -9999 -9999 -9999 -9999 -9999 -9999 -9999 -9999 -9999 -9999 -9999 -9999 -9999 -9999 -9999 -9999 -9999
162.51 160.74 158.08 155.78 154.31 150.54 149.45 149.75 147.14 145.57 143.9 142.03 142.63 147.19 151.38 154.92 156.42 157.76 156.42 154.16 151.76 148.94 147.16 146.09 147.66 149.56 151.53 155.37 155.61 151.77 156.56 166.73 167.25 171.58 181.52 182.36 177.14 174.38 179.77 191.56 194.9702 -9999 -9999 -9999 -9999 -9999 -9999 -9999 -9999 -9999 -9999 -9999 -9999 -9999 -9999 -9999 -9999 -9999 -9999 -9999 -9999 -9999 -9999 -9999 -9999 -9999 -9999 -9999 -9999 -9999 -9999 -9999 -9999
162.06 158.55 158 157.64 155.52 151.53 149.24 148.01 146.54 145.14 144.48 144.3 145.33 145.72 147.53 148.73 149.43 152.98 151.9 152 150.96 148.94 147.99 147.96 149.86 153.11 150.89 149.22 151.75 158 164.96 160.47 161.67 166.78 161.83 163.72 173.08 161.68 163.36 172.81 187.29 190.71 191.7216 -9999 -9999 -9999 -9999 -9999 -9999 -9999 -9999 -9999 -9999 -9999 -9999 -9999 -9999 -9999 -9999 -9999 -9999 -9999 -9999 -9999 -9999 -9999 -9999 -9999 -9999 -9999 -9999 -9999 -9999
161.93 160.12 158.42 157.51 155.91 153.29 150.4 147.15 147.01 148.79 147.81 143.16 138.75 136 135.69 136.01 141.49 147.86 151.8 150.32 151.88 152.17 153.02 153.71 150.38 154.94 157.14 156.45 157.27 166.39 162.42 159 156.61 150.56 150.63 160.49 163.56 150.01 158.89 163.13 174.69 186.24 190.8675 -9999 -9999 -9999 -9999 -9999 -9999 -9999 -9999 -9999 -9999 -9999 -9999 -9999 -9999 -9999 -9999 -9999 -9999 -9999 -9999 -9999 -9999 -9999 -9999 -9999 -9999 -9999 -9999 -9999 -9999
162.57 159.49 155.84 156.22 155.68 154.48 149.88 151.87 151.54 156.77 147.53 135.85 129.8 136.54 135.18 138.86 144.52 150.43 154.11 157.36 158.67 158.93 159.43 158.68 156.02 154.2 157.68 162.64 163.39 167.17 169.33 161.73 152.45 155.74 145.98 148.31 150.52 154.27 156.68 184.57 185.6447 -9999 -9999 -9999 -9999 -9999 -9999 -9999 -9999 -9999 -9999 -9999 -9999 -9999 -9999 -9999 -9999 -9999 -9999 -9999 -9999 -9999 -9999 -9999 -9999 -9999 -9999 -9999 -9999 -9999 -9999 -9999 -9999
159.54 158.84 157.55 158.02 159.04 153.78 156.01 160.34 158.98 151.32 133.95 129.61 129.23 136.95 145.56 148.92 153.7 159.45 161.12 161.31 164.79 168.26 166.88 163.04 162.9 159.88 159.53 165.57 163.32 159.72 169.23 166.46 150.77 160.84 161.53 171 164.29 183.49 188.3 192.4762 -9999 -9999 -9999 -9999 -9999 -9999 -9999 -9999 -9999 -9999 -9999 -9999 -9999 -9999 -9999 -9999 -9999 -9999 -9999 -9999 -9999 -9999 -9999 -9999 -9999 -9999 -9999 -9999 -9999 -9999 -9999 -9999 -9999
162.18 162.93 163.33 160.9 158.73 159.59 163.67 162.91 156.14 150.31 145.98 136.9 135.19 146.12 151.81 156.19 162 160.52 165.26 170.76 172.78 172.04 168.18 164.07 166.59 167.58 164.28 156.43 161.21 165.74 170.26 175.1 166.54 174.15 182.21 189.12 189 -9999 -9999 -9999 -9999 -9999 -9999 -9999 -9999 -9999 -9999 -9999 -9999 -9999 -9999 -9999 -9999 -9999 -9999 -9999 -9999 -9999 -9999 -9999 -9999 -9999 -9999 -9999 -9999 -9999 -9999 -9999 -9999 -9999 -9999 -9999 -9999
167.96 170.47 169.35 165.99 165.27 166.49 170.25 166.58 160.05 156.24 142.53 135.34 144.49 159.48 164.02 161.82 161.73 167.48 172.65 171.13 173.98 175.44 174.81 176.01 172.25 169.26 170.98 166.12 166.53 163.09 172.32 182.24 184.8 186.89 193.2 195.4744 -9999 -9999 -9999 -9999 -9999 -9999 -9999 -9999 -9999 -9999 -9999 -9999 -9999 -9999 -9999 -9999 -9999 -9999 -9999 -9999 -9999 -9999 -9999 -9999 -9999 -9999 -9999 -9999 -9999 -9999 -9999 -9999 -9999 -9999 -9999 -9999 -9999
178.88 176.4 170.39 168.32 170.45 175.53 163.09 151.8 158.86 139.44 130.98 142.82 144.39 151.48 148.99 145.31 145.24 154.67 163.04 175.03 179.3 178.01 180.69 183.7 178.29 174.25 164.31 166.74 171.48 170.54 174.29 184.11 190.16 192.73 196.2105 -9999 -9999 -9999 -9999 -9999 -9999 -9999 -9999 -9999 -9999 -9999 -9999 -9999 -9999 -9999 -9999 -9999 -9999 -9999 -9999 -9999 -9999 -9999 -9999 -9999 -9999 -9999 -9999 -9999 -9999 -9999 -9999 -9999 -9999 -9999 -9999 -9999 -9999
