layers/wordclim/future/Iberia_wcB2a_10_hadcm3_2020/bio_02.asc
ncols         166
nrows         93
xllcorner     -9.4959440078468
yllcorner     36.000324005443
cellsize      0.083333337679505
NODATA_value  -9999
[rows 33 to 65 of 93, columns 74 to 147 of 166]
111.35 111.81 112.28 113.07 113.77 115.22 116.75 118.28 119.32 119.86 120 120 119.99 119.82 119.11 118.38 117.51 116.14 114.71 113.3 111.79 109.85 108.41 106.86 105.15 104.76 104.32 103.87 103.01 102.97 103 103.65 103.9 103.9 103.5 104.11 104.67 105.24 105.29 104.38 104.8 105.19 104.85 105.01 103.97 105.25 103.6 101.2 99.35 96.44 94.14 -9999 -9999 -9999 -9999 -9999 -9999 -9999 -9999 -9999 -9999 -9999 -9999 -9999 -9999 -9999 -9999 -9999 -9999 -9999 -9999 -9999 -9999 -9999
110.83 110.96 110.75 112.31 114.17 116.04 117.57 118.14 118.83 119.89 120.05 120.41 120.07 120.04 119.72 118.91 117.73 116.55 115.3 113.69 112.16 110.16 108.47 106.28 104.5 104.34 104.07 103.39 102.75 102.04 102.05 102.2 102.33 101.82 102.22 102.52 102.96 103.69 102.61 102.03 102.53 103.02 102.47 101.21 101.16 104.17 102.76 98.94 98.11111 -9999 -9999 -9999 -9999 -9999 -9999 -9999 -9999 -9999 -9999 -9999 -9999 -9999 -9999 -9999 -9999 -9999 -9999 -9999 -9999 -9999 -9999 -9999 -9999 -9999
110.53 110 109.65 111.93 114.89 116.32 117.26 117.86 118.8 119.94 120.54 120.5 120.79 120.66 120.15 119.42 118.23 117 115.66 114.24 112.83 110.81 108.47 106.29 105.06 105.32 104.48 103.35 102.65 102.12 101.72 101.1 100.81 100.55 100.6 100.71 102 101.64 101.59 100.66 100.95 99.97 99.06 97.37 100.32 103.04 101.56 99.39 97.23943 -9999 -9999 -9999 -9999 -9999 -9999 -9999 -9999 -9999 -9999 -9999 -9999 -9999 -9999 -9999 -9999 -9999 -9999 -9999 -9999 -9999 -9999 -9999 -9999 -9999
110.67 109.21 110.44 114.16 115.15 116.22 117.91 117.9 118.56 119.41 120.36 121.01 121.35 120.96 120.47 119.71 118.72 117.51 116.27 114.66 112.93 111.34 109.09 106.77 105.83 105.71 104.4 103.52 102.74 102.1 101.39 101 100.73 100.05 100.07 100.54 100.46 100.16 99.67 98.92 98.51 97.34 98.04 98.41 100.45 100.89 99.53 97.76289 95.44086 93.15116 91.3913 -9999 -9999 -9999 -9999 -9999 -9999 -9999 -9999 -9999 -9999 -9999 -9999 -9999 -9999 -9999 -9999 -9999 -9999 -9999 -9999 -9999 -9999 -9999
111.29 109.73 112.51 114.39 115.1 117.35 118.69 118.39 119.9 121.04 121.96 122.17 122.17 121.76 121.18 120.25 119.42 118.1 116.61 115.15 113.73 112.19 110.19 107.83 105.89 105.78 104.44 103.18 102.45 102.19 101.37 101.01 100.22 99.97 99.15 99.23 99.32 99.29 99.02 98.25 97.98 98.17 98.69 99.18 99.26 98.57 97.04256 -9999 -9999 -9999 -9999 -9999 -9999 -9999 -9999 -9999 -9999 -9999 -9999 -9999 -9999 -9999 -9999 -9999 -9999 -9999 -9999 -9999 -9999 -9999 -9999 -9999 -9999 -9999
113.04 113.26 114.46 114.35 116.31 117.93 118.58 118.9 120.84 121.62 122.55 122.75 122.91 122.86 122.23 121.13 119.31 118.41 116.95 115.4 114.28 112.87 111.16 108.73 106.16 105.25 104.67 103.02 102.48 102.74 101.9 101.09 100.36 99.77 99.02 98.9 98.58 98.57 98.13 97.52 97.5 97.79 98.03 97.73 97.53 96.74 -9999 -9999 -9999 -9999 -9999 -9999 -9999 -9999 -9999 -9999 -9999 -9999 -9999 -9999 -9999 -9999 -9999 -9999 -9999 -9999 -9999 -9999 -9999 -9999 -9999 -9999 -9999 -9999
114.9 115.39 115.47 116.37 117.86 118.45 118.8 119.85 121.14 121.53 122.54 123 123.99 124.09 123.09 121.89 120.3 118.71 117.5 116.08 114.8 113.36 111.54 109.44 107.03 105.42 104.68 103.26 103.7 102.98 102.12 101.4 100.6 99.89 99.24 98.89 98.26 97.98 97.45 97.02 97.06 96.68 96.43 96.19 95.83 95.44 -9999 -9999 -9999 -9999 -9999 -9999 -9999 -9999 -9999 -9999 -9999 -9999 -9999 -9999 -9999 -9999 -9999 -9999 -9999 -9999 -9999 -9999 -9999 -9999 -9999 -9999 -9999 -9999
116.42 116.78 116.8 117.72 118.5 118.3 119.78 120.69 122.73 123.84 123.75 124.85 125.03 125.25 124.96 123 121.49 119.76 118.14 116.88 115.75 114.19 112.44 110.3 107.94 105.93 104.15 103.74 103.91 103.02 102.1 101.8 101.03 100.28 99.62 98.99 98.29 97.85 97.02 96.58 96 95.44 95.1 94.6 94.26506 -9999 -9999 -9999 -9999 -9999 -9999 -9999 -9999 -9999 -9999 -9999 -9999 -9999 -9999 -9999 -9999 -9999 -9999 -9999 -9999 -9999 -9999 -9999 -9999 -9999 -9999 -9999 -9999 -9999
117.28 117.75 118.43 118.77 119.07 120.29 121.81 122.21 123.29 124.63 125.55 126.4 126.83 126.85 126.49 124.17 122.18 120.71 119.83 117.27 116.19 114.85 113.23 111.39 109.29 106.71 104.5 104.27 103.88 102.45 102 101.81 101.34 100.42 99.87 98.98 98.17 97.2 96.14 95.57 95.06 93.71 93.52 93.54878 -9999 -9999 -9999 -9999 -9999 -9999 -9999 -9999 -9999 -9999 -9999 -9999 -9999 -9999 -9999 -9999 -9999 -9999 -9999 -9999 -9999 -9999 -9999 -9999 -9999 -9999 -9999 -9999 -9999 -9999
118.2 118.92 119.15 119.25 120.2 122.27 123.3 123.91 125.27 125.89 126.6 127.37 128.59 128.06 128.47 125.5 123.96 122.18 119.96 118.61 117.07 115.69 113.99 111.98 109.98 107.47 106.19 106.01 104.78 103 101.97 101.55 100.84 100.16 99.43 98.8 97.94 95.8 94.07 93.9 93.24 92.61 92.23684 -9999 -9999 -9999 -9999 -9999 -9999 -9999 -9999 -9999 -9999 -9999 -9999 -9999 -9999 -9999 -9999 -9999 -9999 -9999 -9999 -9999 -9999 -9999 -9999 -9999 -9999 -9999 -9999 -9999 -9999 -9999
119.55 119.95 119.82 120.66 121.88 123.49 124.52 125.01 126.15 127.12 127.87 128.91 129.72 130.08 130.04 127.06 124.71 122.98 121.76 119.98 118.46 116.67 114.82 112.94 110.23 108.68 107.79 107.36 106.32 104.11 102.31 101.41 100.42 99.32 98.85 97.89 96.63 94.72 92.8 92.69 92.27 91.14773 -9999 -9999 -9999 -9999 -9999 -9999 -9999 -9999 -9999 -9999 -9999 -9999 -9999 -9999 -9999 -9999 -9999 -9999 -9999 -9999 -9999 -9999 -9999 -9999 -9999 -9999 -9999 -9999 -9999 -9999 -9999 -9999
119.83 120.7 121.76 122.42 123.52 124.39 125.15 126 127 128.17 128.89 129.58 130.67 131.2 131.19 128.75 126.41 125.3 123.35 121.19 119.2 117.42 115.5 113.47 111.08 109.75 109.01 107.9 106.74 104.92 103.35 102.08 101.14 99.04 97.96 96.1 94.42 92.17 91.33 91.01 90.34328 -9999 -9999 -9999 -9999 -9999 -9999 -9999 -9999 -9999 -9999 -9999 -9999 -9999 -9999 -9999 -9999 -9999 -9999 -9999 -9999 -9999 -9999 -9999 -9999 -9999 -9999 -9999 -9999 -9999 -9999 -9999 -9999 -9999
121.65 122.41 122.97 123.6 124.52 125.1 125.9 126.63 127.44 128.4 129.29 130.06 130.75 131.01 130.88 129.69 127.76 126.2 124.23 122.06 120.07 117.83 116.17 114.21 112.16 110.25 109.12 107.85 107.14 106.34 104.39 102.6 100.79 99.26 98.43 96.66 93.74 90.88 89.22 88.59794 -9999 -9999 -9999 -9999 -9999 -9999 -9999 -9999 -9999 -9999 -9999 -9999 -9999 -9999 -9999 -9999 -9999 -9999 -9999 -9999 -9999 -9999 -9999 -9999 -9999 -9999 -9999 -9999 -9999 -9999 -9999 -9999 -9999 -9999
122.77 123.31 123.91 124.36 125.29 125.97 126.7 127.55 128.11 128.68 129.82 129.99 130.56 130.98 130.33 129.22 127.92 126.42 124.41 122.45 120.54 118.67 116.88 114.88 113.14 111.25 109.53 108.24 107.07 106.15 105.11 103.09 100.86 98.43 96.66 96.82 95.06 91.24 89.16161 -9999 -9999 -9999 -9999 -9999 -9999 -9999 -9999 -9999 -9999 -9999 -9999 -9999 -9999 -9999 -9999 -9999 -9999 -9999 -9999 -9999 -9999 -9999 -9999 -9999 -9999 -9999 -9999 -9999 -9999 -9999 -9999 -9999 -9999 -9999
123.84 124.26 124.72 125.34 126.05 126.71 127.57 128.07 128.53 128.91 129.78 130 130.07 130.04 130.03 129.24 128.08 126.48 124.59 122.74 121.03 119.01 117.34 115.7 114.01 112.01 109.89 108.5 107.06 106.1 104.21 102.99 101.3 99.83 96.57 94.33 92.86 90.43 -9999 -9999 -9999 -9999 -9999 -9999 -9999 -9999 -9999 -9999 -9999 -9999 -9999 -9999 -9999 -9999 -9999 -9999 -9999 -9999 -9999 -9999 -9999 -9999 -9999 -9999 -9999 -9999 -9999 -9999 -9999 -9999 -9999 -9999 -9999 -9999
124.86 125.18 125.6 126.09 126.79 127.24 128 128.76 128.93 129.36 129.97 130.01 129.82 129.59 129.51 128.8 127.83 126.46 124.68 122.92 121 119.39 117.88 116.41 114.76 113.02 111.01 109.14 106.44 104.8 103.01 100.83 98.9 98.11 97.91 94.89 92.15 90.71053 -9999 -9999 -9999 -9999 -9999 -9999 -9999 -9999 -9999 -9999 -9999 -9999 -9999 -9999 -9999 -9999 -9999 -9999 -9999 -9999 -9999 -9999 -9999 -9999 -9999 -9999 -9999 -9999 -9999 -9999 -9999 -9999 -9999 -9999 -9999 -9999
125.94 125.97 126.27 126.91 127.61 127.98 128.17 128.75 129.22 129.37 129.95 129.97 129.74 129.22 129 128.38 127.5 126.4 124.83 123.42 121.42 119.73 118.52 117.04 115.09 113.72 112.61 110.94 107.99 104.89 102.66 100.33 98.48 96.58 95.19 93.88 92.19149 -9999 -9999 -9999 -9999 -9999 -9999 -9999 -9999 -9999 -9999 -9999 -9999 -9999 -9999 -9999 -9999 -9999 -9999 -9999 -9999 -9999 -9999 -9999 -9999 -9999 -9999 -9999 -9999 -9999 -9999 -9999 -9999 -9999 -9999 -9999 -9999 -9999
126.49 126.84 127.05 127.17 127.98 128.37 128.38 128.91 129.32 129.35 129.1 129.16 129.18 129.06 128.62 127.93 127.22 126.02 124.74 123.4 121.85 120.05 118.72 117.45 115.75 113.92 112.82 111.12 109.45 107.96 104.54 101.35 99.13 96.94 95.06 93.27 -9999 -9999 -9999 -9999 -9999 -9999 -9999 -9999 -9999 -9999 -9999 -9999 -9999 -9999 -9999 -9999 -9999 -9999 -9999 -9999 -9999 -9999 -9999 -9999 -9999 -9999 -9999 -9999 -9999 -9999 -9999 -9999 -9999 -9999 -9999 -9999 -9999 -9999
127.44 127.67 127.95 128.03 128 128.11 128.32 128.58 129 129 129.01 129 129 128.87 128.09 127.5 126.97 125.84 124.57 123.34 121.99 120.04 118.81 117.74 115.89 114.22 112.89 111.72 110.26 108.53 105.94 102.61 100.08 97.81 95.68 94.03 -9999 -9999 -9999 -9999 -9999 -9999 -9999 -9999 -9999 -9999 -9999 -9999 -9999 -9999 -9999 -9999 -9999 -9999 -9999 -9999 -9999 -9999 -9999 -9999 -9999 -9999 -9999 -9999 -9999 -9999 -9999 -9999 -9999 -9999 -9999 -9999 -9999 -9999
128 128 128.07 128.16 128.17 128.91 128.97 129 129 129 128.73 128.5 128.66 128.1 127.76 127.16 126.78 125.85 124.65 123.56 122.41 120.74 118.8 117.3 116.04 114.48 113.57 112.21 110.4 108.6 105.88 103.52 101.65 99.69 97.33 95.96 -9999 -9999 -9999 -9999 -9999 -9999 -9999 -9999 -9999 -9999 -9999 -9999 -9999 -9999 -9999 -9999 -9999 -9999 -9999 -9999 -9999 -9999 -9999 -9999 -9999 -9999 -9999 -9999 -9999 -9999 -9999 -9999 -9999 -9999 -9999 -9999 -9999 -9999
128.49 128.46 128.48 128.63 128.52 129 129 129 129 129 128.82 128.68 128.5 128.01 127.99 127.19 126.61 125.8 124.92 123.67 122.51 121.41 120.13 118.65 116.88 115.17 113.92 112.69 111.22 109.16 107.79 106.24 103.14 101.19 99.3 98.05 97.60317 -9999 -9999 -9999 -9999 -9999 -9999 -9999 -9999 -9999 -9999 -9999 -9999 -9999 -9999 -9999 -9999 -9999 -9999 -9999 -9999 -9999 -9999 -9999 -9999 -9999 -9999 -9999 -9999 -9999 -9999 -9999 -9999 -9999 -9999 -9999 -9999 -9999
129.06 129 129 129 129 129 129.08 129.12 129.14 129 129.01 128.98 128.28 128.02 127.86 127.06 126.61 125.87 124.8 123.9 122.85 121.38 120.34 119.3 117.92 116.91 115.06 113.14 112.44 111.08 109.07 106.98 105.07 102.32 101.2 100.11 99.44444 -9999 -9999 -9999 -9999 -9999 -9999 -9999 -9999 -9999 -9999 -9999 -9999 -9999 -9999 -9999 -9999 -9999 -9999 -9999 -9999 -9999 -9999 -9999 -9999 -9999 -9999 -9999 -9999 -9999 -9999 -9999 -9999 -9999 -9999 -9999 -9999 -9999
129.94 129.8 129 129 129.07 129.23 129.69 129.55 129.84 129.26 129.17 129 128.47 128.01 127.74 127.04 126.56 125.93 125.01 124.02 123.02 122.2 121.37 120.3 119.11 117.76 116.34 114.45 113.64 112.11 109.85 107.89 106.23 104.16 103.07 102.76 101.47 -9999 -9999 -9999 -9999 -9999 -9999 -9999 -9999 -9999 -9999 -9999 -9999 -9999 -9999 -9999 -9999 -9999 -9999 -9999 -9999 -9999 -9999 -9999 -9999 -9999 -9999 -9999 -9999 -9999 -9999 -9999 -9999 -9999 -9999 -9999 -9999 -9999
130 129.88 129.26 129.28 129.47 130 130 130.02 129.92 129.83 129.54 129.02 128.65 127.85 127.28 127 126.61 125.88 125.03 124.55 123.81 123.14 122.08 120.81 119.69 118.73 117.44 115.66 114.61 113.28 111.6 109.64 107.67 106.09 105.14 104.85 103.93 102.8025 -9999 -9999 -9999 -9999 -9999 -9999 -9999 -9999 -9999 -9999 -9999 -9999 -9999 -9999 -9999 -9999 -9999 -9999 -9999 -9999 -9999 -9999 -9999 -9999 -9999 -9999 -9999 -9999 -9999 -9999 -9999 -9999 -9999 -9999 -9999 -9999
130 130 130 130 129.98 129.9 130 130 130 129.98 129.87 129.19 128.72 127.97 127.13 126.98 126.23 126 125.49 125.02 124.19 123.3 122.37 121.36 120.41 119.34 117.91 116.65 115.63 114.32 112.83 110.95 109.27 108.1 107.05 106.58 105.57 104.71 104.1786 -9999 -9999 -9999 -9999 -9999 -9999 -9999 -9999 -9999 -9999 -9999 -9999 -9999 -9999 -9999 -9999 -9999 -9999 -9999 -9999 -9999 -9999 -9999 -9999 -9999 -9999 -9999 -9999 -9999 -9999 -9999 -9999 -9999 -9999 -9999
130.07 129.98 129.89 129.79 129.93 130 129.96 130 130 129.9 129.61 129 128.94 128.22 127.59 127.13 126.74 126.26 125.93 125.07 124.35 123.69 122.76 121.97 120.99 119.9 118.62 117.35 116.28 115.16 113.63 112.39 111.13 109.52 108.31 107.72 106.81 105.8 105.48 105.3134 -9999 -9999 -9999 -9999 -9999 -9999 -9999 -9999 -9999 -9999 -9999 -9999 -9999 -9999 -9999 -9999 -9999 -9999 -9999 -9999 -9999 -9999 -9999 -9999 -9999 -9999 -9999 -9999 -9999 -9999 -9999 -9999 -9999 -9999
130.1 130 129.44 129.25 129.81 129.66 129.57 129.61 129.07 129.2 129.37 129 128.45 128.05 127.98 127.42 126.94 126.56 126 125.53 124.91 124.05 123.25 122.45 121.59 120.34 119.29 118.19 117.01 115.92 114.45 113.31 112.13 110.99 109.68 108.66 107.4 106.38 105.77 105.79 105.72 105.0825 -9999 -9999 -9999 -9999 -9999 -9999 -9999 -9999 -9999 -9999 -9999 -9999 -9999 -9999 -9999 -9999 -9999 -9999 -9999 -9999 -9999 -9999 -9999 -9999 -9999 -9999 -9999 -9999 -9999 -9999 -9999 -9999
129.07 129.25 129 129.03 129.07 129.06 129.12 129.21 128.72 128.65 128.98 129 128.65 128 127.92 127.55 127 126.37 126 125.65 125 124.2 123.77 122.76 122.03 121.07 119.92 118.99 117.85 116.7 115.35 114.06 112.65 111.54 110.47 109.43 107.58 106.75 105.76 105.13 105.39 104.7349 -9999 -9999 -9999 -9999 -9999 -9999 -9999 -9999 -9999 -9999 -9999 -9999 -9999 -9999 -9999 -9999 -9999 -9999 -9999 -9999 -9999 -9999 -9999 -9999 -9999 -9999 -9999 -9999 -9999 -9999 -9999 -9999
128.85 129.11 129 128.8 128.73 128.87 128.46 128.57 128 128.35 128.96 128.87 128.07 127.93 127.61 127.3 126.94 126.04 125.91 125.24 125.02 124.5 123.98 123.23 122.25 121.73 120.81 119.6 118.64 117.53 116 114.43 113.42 111.85 110.49 109.4 108.22 107.05 106.94 105.7105 -9999 -9999 -9999 -9999 -9999 -9999 -9999 -9999 -9999 -9999 -9999 -9999 -9999 -9999 -9999 -9999 -9999 -9999 -9999 -9999 -9999 -9999 -9999 -9999 -9999 -9999 -9999 -9999 -9999 -9999 -9999 -9999 -9999 -9999
128.09 128.4 128.33 128.02 128.31 127.78 127.18 127.21 127.77 128.41 128.15 128.04 127.92 127.5 127.15 126.67 126.16 125.81 125.71 125.18 125 125 124.14 123.81 122.93 122.16 121.36 120.29 118.83 118.21 116.74 114.94 113.91 112.6 111.66 110.11 109.07 107.8333 106.6032 -9999 -9999 -9999 -9999 -9999 -9999 -9999 -9999 -9999 -9999 -9999 -9999 -9999 -9999 -9999 -9999 -9999 -9999 -9999 -9999 -9999 -9999 -9999 -9999 -9999 -9999 -9999 -9999 -9999 -9999 -9999 -9999 -9999 -9999 -9999
126.77 126.78 127.4 127.57 127.16 126.2 126.11 127.07 127.62 127.69 127.91 127.75 127.26 126.67 126.48 125.88 125.98 125.54 125 125.05 125 125 124.7 124.12 123.69 122.72 121.02 120.59 119.8 118.79 117.46 115.98 114.48 113.07 111.37 110.1892 -9999 -9999 -9999 -9999 -9999 -9999 -9999 -9999 -9999 -9999 -9999 -9999 -9999 -9999 -9999 -9999 -9999 -9999 -9999 -9999 -9999 -9999 -9999 -9999 -9999 -9999 -9999 -9999 -9999 -9999 -9999 -9999 -9999 -9999 -9999 -9999 -9999 -9999
124.77 125.06 125.8 125.84 125.34 124.45 125.17 126.13 126.46 127.34 127.61 126.91 125.67 125.45 125.61 125.63 125.21 124.9 124.87 124.91 125.01 125.07 125.03 124.73 124.21 123.59 122.34 121.18 119.91 119.37 117.94 116.38 114.57 112.5 110.5897 -9999 -9999 -9999 -9999 -9999 -9999 -9999 -9999 -9999 -9999 -9999 -9999 -9999 -9999 -9999 -9999 -9999 -9999 -9999 -9999 -9999 -9999 -9999 -9999 -9999 -9999 -9999 -9999 -9999 -9999 -9999 -9999 -9999 -9999 -9999 -9999 -9999 -9999 -9999
122.75 123.92 124.49 123.99 122.85 125.24 126.85 125.8 127.54 127.79 126.48 126.24 125.77 126.26 126.07 125.86 125.28 125 124.33 124.43 124.71 124.94 125.02 125.02 124.72 123.2 122.57 122.11 120.62 119.57 118.15 116.28 114.21 112.3421 -9999 -9999 -9999 -9999 -9999 -9999 -9999 -9999 -9999 -9999 -9999 -9999 -9999 -9999 -9999 -9999 -9999 -9999 -9999 -9999 -9999 -9999 -9999 -9999 -9999 -9999 -9999 -9999 -9999 -9999 -9999 -9999 -9999 -9999 -9999 -9999 -9999 -9999 -9999 -9999
