layers/final_practice/hyla_meridionalis/ndvi_max.asc
ncols         400
nrows         278
xllcorner     -21.041487136433
yllcorner     26.106002917928
cellsize      0.083333337679505
NODATA_value  -9999
[rows 36 to 71 of 278, columns 320 to 399 of 400]
231 231 230 240 225 230 230 228 228 226 226 230 225 225 221 222 219 218 218 222 222 216 213 217 211 211 215 212 214 221 221 224 224 226 226 233 227 227 228 231 228 228 228 225 226 223 223 222 222 226 221 221 223 223 221 222 220 216 216 219 219 219 222 230 237 237 228 239 222 219 219 227 227 220 222 227 222 222 223 222
231 231 228 223 228 228 228 223 225 226 226 229 229 222 216 234 222 222 231 215 212 219 219 207 207 202 209 208 224 224 229 232 226 229 229 232 232 228 235 226 227 227 239 232 228 232 232 226 224 231 231 227 227 227 223 222 220 220 213 218 229 219 219 224 224 224 222 219 222 222 223 223 225 224 224 227 227 225 222 223
236 228 228 224 224 224 224 230 231 231 224 225 224 222 222 223 223 228 221 217 209 209 207 209 204 207 207 213 213 223 234 229 225 225 229 231 232 228 228 235 235 232 234 227 225 225 225 222 220 215 215 221 221 219 223 222 219 219 219 226 222 227 227 224 224 232 226 228 224 224 235 238 226 235 235 229 229 227 226 226
231 235 235 223 223 225 226 227 230 230 228 223 222 222 222 215 215 214 214 208 203 203 205 208 201 205 205 226 226 222 226 226 230 230 236 231 236 229 229 236 236 239 230 227 233 233 225 228 220 222 222 223 223 223 226 224 218 218 224 224 224 224 226 227 231 223 223 239 239 228 235 229 231 231 230 226 227 226 226 219
229 229 231 233 224 226 226 234 234 224 229 229 225 225 218 216 218 213 213 210 210 217 213 213 215 215 213 219 223 226 226 240 240 233 239 230 230 230 231 228 230 230 230 230 230 228 226 231 222 222 222 221 226 227 227 223 223 224 222 226 226 226 224 226 227 224 224 223 223 233 227 221 224 224 227 233 224 222 222 218
229 230 228 229 230 230 228 227 231 228 228 224 224 229 214 221 216 216 216 218 221 221 221 216 216 214 216 225 226 226 229 237 240 227 227 225 225 223 223 222 222 222 228 223 228 226 226 227 227 230 230 226 227 227 227 226 226 227 227 233 233 223 227 226 226 226 226 230 227 222 222 218 218 217 215 215 225 225 220 215
225 233 233 226 235 235 232 234 238 225 225 235 235 217 215 215 224 224 222 213 217 211 211 219 219 218 220 223 231 231 240 235 231 226 226 225 225 220 220 223 218 218 215 217 219 218 218 226 226 227 226 226 227 227 227 229 225 230 230 227 227 226 225 224 225 225 224 231 225 224 224 226 226 215 217 218 215 215 218 213
225 237 237 228 228 230 231 233 234 234 225 221 236 219 219 218 218 214 210 208 208 208 218 227 225 218 218 227 227 226 233 225 226 226 222 227 219 235 235 213 213 211 204 206 208 208 210 211 213 216 216 220 220 225 230 228 236 236 225 230 224 221 221 223 223 231 229 232 218 218 213 218 218 215 215 213 213 212 214 214
227 235 235 230 230 231 233 229 228 228 228 228 224 212 212 210 210 204 199 203 217 217 220 221 221 221 221 230 230 223 224 223 224 224 225 223 219 219 219 206 206 203 202 215 216 216 215 216 218 221 221 222 222 218 228 222 232 232 211 213 216 217 217 224 224 231 238 218 216 216 219 218 215 213 213 210 210 213 210 216
227 229 231 237 235 235 234 226 226 235 224 220 219 219 210 210 206 207 207 218 218 222 224 224 226 226 223 224 229 226 226 225 225 226 225 226 225 225 219 219 219 212 212 216 216 218 222 219 225 225 221 222 223 217 217 218 218 215 209 211 210 210 209 217 219 230 230 228 228 222 223 226 215 215 211 212 211 211 211 -9999
229 232 230 230 231 231 226 225 224 222 222 215 215 209 209 208 205 205 213 219 222 226 226 226 226 223 228 228 233 233 228 227 226 226 226 226 226 226 219 223 220 220 216 219 219 220 220 218 218 221 220 218 221 221 218 216 216 214 215 214 213 213 212 212 213 227 227 213 213 219 220 216 212 212 207 210 209 211 -9999 -9999
233 229 229 230 230 226 227 225 219 219 218 217 217 214 215 209 210 210 220 226 227 225 225 225 225 226 224 226 228 228 227 227 226 226 226 226 226 224 225 221 220 220 220 230 218 222 222 220 220 220 222 219 224 224 220 216 216 217 217 216 216 213 219 214 212 212 213 211 213 216 216 218 218 226 215 213 212 212 -9999 -9999
229 232 232 225 225 220 224 221 221 221 224 218 216 218 218 217 217 224 224 225 228 228 229 221 220 221 221 228 228 228 228 226 228 228 226 225 225 226 226 223 223 221 219 226 221 221 224 218 218 222 223 221 218 218 220 217 215 216 216 217 217 220 218 212 209 209 209 209 215 214 214 213 213 212 216 217 219 219 217 -9999
228 228 229 224 224 216 216 217 217 215 212 218 220 220 220 224 228 228 228 235 235 229 222 219 227 227 226 225 230 219 219 217 217 217 220 226 224 224 224 220 218 216 214 218 218 218 214 213 217 211 211 219 219 220 221 217 217 217 213 212 215 216 216 218 218 225 220 221 215 215 219 217 218 218 218 220 220 221 220 206
226 226 225 218 220 220 216 209 208 208 208 217 217 220 220 224 227 233 233 233 233 228 217 223 223 223 221 224 225 233 233 214 214 212 219 226 224 224 218 216 212 216 216 216 216 213 213 210 208 208 210 213 213 218 218 217 217 212 212 208 209 209 227 211 209 210 213 216 213 213 216 219 215 215 215 217 217 215 214 213
225 230 224 219 217 217 213 205 207 212 212 214 214 218 217 223 231 231 228 240 232 221 221 215 215 215 216 224 222 222 229 223 222 213 213 212 212 213 214 214 239 224 224 219 219 219 220 213 213 213 212 215 213 214 214 210 210 210 209 209 211 211 230 209 208 212 212 211 211 211 218 216 211 211 213 222 219 213 213 213
236 223 223 222 222 213 209 202 215 215 214 207 215 215 215 224 231 231 227 234 221 221 221 217 217 213 225 224 221 221 222 226 221 213 213 216 216 214 219 220 227 227 232 227 226 230 230 220 220 223 224 218 216 216 215 213 212 216 214 210 210 210 212 229 210 212 212 208 208 211 213 212 211 211 212 217 218 215 215 211
234 234 222 224 224 217 217 207 207 213 213 211 212 212 216 219 223 225 239 236 224 224 219 219 218 217 217 220 220 212 213 224 226 226 215 216 217 221 221 222 222 228 229 228 228 228 225 224 225 226 226 231 231 220 216 211 216 214 214 212 212 209 208 210 211 211 210 207 210 213 213 204 204 209 208 213 217 217 210 -9999
229 229 216 224 218 220 220 211 211 213 214 210 218 218 214 212 215 224 224 224 224 234 221 219 218 218 218 216 217 213 213 220 220 219 216 220 227 225 225 225 225 230 230 232 224 224 228 227 229 229 229 222 222 217 217 214 218 218 220 213 212 208 208 232 232 209 210 208 208 209 209 209 209 206 212 212 215 215 206 -9999
224 226 220 217 223 223 220 217 216 218 218 216 216 208 212 215 219 226 226 229 229 235 220 223 220 220 218 212 215 223 223 223 223 223 226 227 226 226 229 229 231 232 232 232 232 230 228 229 227 228 228 226 226 225 223 225 218 218 216 217 214 208 208 209 209 209 210 209 209 209 211 207 210 205 205 214 214 210 201 -9999
221 222 222 225 221 221 220 224 216 215 215 215 215 207 217 219 225 225 235 231 238 233 233 220 220 219 216 218 225 225 235 223 222 228 227 228 228 228 238 231 231 231 231 231 231 231 230 230 231 231 230 227 228 229 229 220 220 221 236 221 214 214 210 209 209 213 210 211 209 209 214 214 215 213 213 206 206 240 209 -9999
219 219 218 226 227 227 223 221 222 222 220 215 211 207 207 221 221 226 228 235 237 237 222 224 240 224 224 224 224 225 227 231 233 232 232 237 237 221 224 226 229 229 226 228 229 230 230 232 232 237 234 230 233 233 232 239 229 224 223 220 219 219 218 217 228 220 220 216 216 217 214 213 210 210 205 214 210 206 206 -9999
220 220 213 227 225 221 221 218 218 216 214 216 210 210 208 209 217 227 230 229 231 231 232 228 229 235 235 229 229 236 232 231 232 232 228 -9999 -9999 -9999 -9999 -9999 -9999 1 222 226 225 227 227 231 231 232 228 228 227 227 230 229 231 231 231 229 229 225 231 220 225 225 223 220 218 216 221 208 213 213 213 206 216 209 209 208
219 227 218 224 218 217 217 219 219 213 217 210 206 206 211 211 215 225 225 230 230 228 228 231 233 233 233 236 233 233 235 233 240 -9999 -9999 -9999 -9999 -9999 -9999 -9999 -9999 -9999 -9999 -9999 222 222 227 228 230 230 230 227 227 228 231 229 230 229 229 227 227 230 222 224 224 224 224 227 225 221 221 215 215 213 215 220 214 214 211 200
222 235 233 218 219 219 220 222 214 214 214 212 212 208 215 215 222 222 222 223 223 224 226 225 228 228 230 232 233 232 232 237 237 -9999 -9999 -9999 -9999 -9999 -9999 -9999 -9999 -9999 -9999 -9999 -9999 -9999 223 226 228 227 227 226 226 230 230 229 231 231 229 229 229 230 230 227 227 230 229 228 227 225 225 236 236 218 234 209 206 206 210 207
226 229 229 218 218 217 221 215 216 216 217 211 214 212 212 217 217 215 213 215 220 220 220 226 226 229 227 231 229 229 232 -9999 -9999 -9999 -9999 -9999 -9999 -9999 -9999 -9999 -9999 -9999 -9999 -9999 -9999 -9999 -9999 -9999 226 226 226 225 229 227 227 227 227 238 229 229 230 231 231 229 229 229 229 232 229 229 227 225 222 217 217 229 229 212 218 211
226 226 225 234 219 215 215 215 215 215 222 221 218 223 223 223 223 219 223 215 215 215 220 221 227 228 228 228 236 236 -9999 -9999 -9999 -9999 -9999 -9999 -9999 -9999 -9999 -9999 -9999 -9999 -9999 -9999 -9999 -9999 -9999 -9999 -9999 -9999 -9999 -9999 -9999 222 222 230 230 229 227 227 229 229 230 230 229 229 229 228 228 230 230 227 226 225 225 233 233 214 216 223
222 222 218 217 218 213 213 225 225 218 223 224 225 225 228 231 234 234 236 228 230 230 238 233 232 236 236 231 231 231 -9999 -9999 -9999 -9999 -9999 -9999 -9999 -9999 -9999 -9999 -9999 -9999 -9999 -9999 -9999 -9999 -9999 -9999 -9999 -9999 -9999 -9999 -9999 -9999 224 227 229 229 229 229 229 229 228 229 232 229 229 227 227 227 230 227 225 225 226 221 233 223 215 215
215 222 226 218 215 215 213 226 226 229 219 219 233 233 236 233 227 238 238 224 224 239 239 237 237 237 233 228 -9999 -9999 -9999 -9999 -9999 -9999 -9999 -9999 -9999 -9999 -9999 -9999 -9999 -9999 -9999 -9999 -9999 -9999 -9999 -9999 -9999 -9999 -9999 -9999 -9999 -9999 -9999 225 229 230 230 231 231 228 226 227 228 228 222 227 227 227 228 232 232 232 237 226 224 219 219 219
232 219 219 216 216 234 215 219 227 233 233 234 234 217 218 218 225 225 229 224 230 219 219 213 -9999 -9999 -9999 -9999 -9999 -9999 -9999 -9999 -9999 -9999 -9999 -9999 -9999 -9999 -9999 -9999 -9999 -9999 -9999 -9999 -9999 -9999 -9999 -9999 -9999 -9999 -9999 -9999 -9999 -9999 -9999 214 224 224 225 223 220 217 217 215 215 215 222 218 227 228 228 229 229 230 237 227 227 227 224 226
227 224 224 228 228 236 227 237 224 224 222 227 232 226 226 221 221 229 213 -9999 -9999 -9999 -9999 -9999 -9999 -9999 -9999 -9999 -9999 -9999 -9999 -9999 -9999 -9999 -9999 -9999 -9999 -9999 -9999 -9999 -9999 -9999 -9999 -9999 -9999 -9999 -9999 -9999 -9999 -9999 -9999 -9999 -9999 -9999 -9999 215 217 217 223 218 214 215 215 223 223 208 217 225 233 233 227 239 239 226 228 232 229 229 229 225
221 221 215 224 232 232 232 239 228 228 231 233 231 238 238 213 213 -9999 -9999 -9999 -9999 -9999 -9999 -9999 -9999 -9999 -9999 -9999 -9999 -9999 -9999 -9999 -9999 -9999 -9999 -9999 -9999 -9999 -9999 -9999 -9999 -9999 -9999 -9999 -9999 -9999 -9999 -9999 -9999 -9999 -9999 -9999 -9999 -9999 -9999 214 214 216 214 217 219 219 219 207 207 218 219 226 227 227 226 227 240 229 229 229 226 226 229 227
231 231 234 231 233 236 236 233 233 236 240 232 236 236 236 236 -9999 -9999 -9999 -9999 -9999 -9999 -9999 -9999 -9999 -9999 -9999 -9999 -9999 -9999 -9999 -9999 -9999 -9999 -9999 -9999 -9999 -9999 -9999 -9999 -9999 -9999 -9999 -9999 -9999 -9999 -9999 -9999 -9999 -9999 -9999 -9999 -9999 -9999 -9999 -9999 222 235 225 225 218 218 224 228 216 216 216 229 229 229 229 224 223 224 224 226 226 226 226 227
229 230 229 237 222 222 234 238 228 233 233 240 240 235 1 -9999 -9999 -9999 -9999 -9999 -9999 -9999 -9999 -9999 -9999 -9999 -9999 -9999 -9999 -9999 -9999 -9999 -9999 -9999 -9999 -9999 -9999 -9999 -9999 -9999 -9999 -9999 -9999 -9999 -9999 -9999 -9999 -9999 -9999 -9999 -9999 -9999 -9999 -9999 -9999 -9999 216 220 220 226 226 224 223 237 229 235 235 219 219 223 226 223 224 224 226 227 229 239 239 221
229 230 230 237 237 222 234 238 228 233 233 240 240 -9999 -9999 -9999 -9999 -9999 -9999 -9999 -9999 -9999 -9999 -9999 -9999 -9999 -9999 -9999 -9999 -9999 -9999 -9999 -9999 -9999 -9999 -9999 -9999 -9999 -9999 -9999 -9999 -9999 -9999 -9999 -9999 -9999 -9999 -9999 -9999 -9999 -9999 -9999 -9999 -9999 -9999 -9999 -9999 220 220 226 226 224 223 237 229 229 235 228 219 223 226 223 224 224 226 227 229 239 239 221
226 232 232 226 226 238 231 238 236 236 240 233 -9999 -9999 -9999 -9999 -9999 -9999 -9999 -9999 -9999 -9999 -9999 -9999 -9999 -9999 -9999 -9999 -9999 -9999 -9999 -9999 -9999 -9999 -9999 -9999 -9999 -9999 -9999 -9999 -9999 -9999 -9999 -9999 -9999 -9999 -9999 -9999 -9999 -9999 -9999 -9999 -9999 -9999 -9999 -9999 -9999 -9999 217 225 228 234 223 227 227 227 228 225 214 217 217 225 225 220 218 226 232 234 234 221
