layers/final_practice/hyla_meridionalis/ndvi_max.asc
ncols         400
nrows         278
xllcorner     -21.041487136433
yllcorner     26.106002917928
cellsize      0.083333337679505
NODATA_value  -9999
[rows 144 to 179 of 278, columns 320 to 399 of 400]
-9999 -9999 -9999 -9999 -9999 -9999 -9999 -9999 -9999 -9999 -9999 -9999 -9999 -9999 -9999 -9999 -9999 -9999 -9999 -9999 -9999 -9999 -9999 -9999 -9999 -9999 -9999 -9999 -9999 -9999 -9999 -9999 -9999 -9999 -9999 -9999 -9999 -9999 -9999 -9999 -9999 -9999 -9999 216 236 231 231 237 237 -9999 -9999 219 219 208 197 -9999 -9999 -9999 -9999 -9999 -9999 -9999 -9999 -9999 -9999 -9999 -9999 -9999 -9999 -9999 -9999 -9999 -9999 -9999 -9999 -9999 -9999 -9999 -9999 -9999
-9999 -9999 -9999 -9999 -9999 -9999 -9999 -9999 -9999 -9999 -9999 -9999 -9999 -9999 -9999 -9999 -9999 -9999 -9999 -9999 -9999 -9999 -9999 -9999 -9999 -9999 -9999 -9999 -9999 -9999 -9999 -9999 -9999 -9999 -9999 -9999 -9999 -9999 -9999 -9999 239 237 237 237 229 229 224 223 223 222 218 212 217 213 -9999 -9999 -9999 -9999 -9999 -9999 -9999 1 -9999 -9999 -9999 -9999 -9999 -9999 -9999 -9999 -9999 -9999 -9999 -9999 -9999 -9999 -9999 -9999 -9999 -9999
-9999 -9999 -9999 -9999 -9999 -9999 -9999 -9999 234 240 235 -9999 -9999 -9999 -9999 -9999 -9999 -9999 -9999 234 238 234 -9999 -9999 -9999 -9999 -9999 -9999 -9999 -9999 -9999 -9999 -9999 -9999 -9999 -9999 -9999 -9999 -9999 228 238 238 238 223 223 220 218 221 221 222 222 219 215 207 -9999 -9999 -9999 -9999 -9999 -9999 -9999 -9999 -9999 194 197 -9999 -9999 -9999 -9999 -9999 -9999 -9999 -9999 -9999 -9999 -9999 -9999 -9999 -9999 -9999
-9999 -9999 -9999 -9999 -9999 -9999 -9999 239 230 234 234 234 -9999 -9999 -9999 -9999 -9999 -9999 -9999 223 234 238 238 240 238 -9999 -9999 -9999 -9999 -9999 -9999 -9999 -9999 -9999 -9999 -9999 233 228 228 231 231 227 220 228 216 215 217 219 223 218 218 215 212 212 208 -9999 -9999 -9999 -9999 -9999 -9999 -9999 206 220 215 -9999 -9999 -9999 -9999 -9999 -9999 -9999 -9999 -9999 -9999 -9999 -9999 -9999 -9999 -9999
-9999 -9999 -9999 -9999 -9999 237 237 237 240 240 240 232 232 236 237 239 240 240 228 223 236 236 237 240 240 -9999 -9999 -9999 236 235 239 228 234 238 238 239 237 237 240 230 230 234 217 218 220 220 220 224 219 219 221 214 214 204 203 199 -9999 -9999 -9999 203 213 228 228 206 220 -9999 -9999 -9999 -9999 -9999 -9999 -9999 -9999 -9999 -9999 -9999 -9999 -9999 -9999 -9999
235 235 233 240 240 233 239 234 226 229 236 228 225 226 226 231 236 236 230 226 226 227 214 218 228 213 225 236 234 234 235 235 235 237 237 239 230 237 240 233 216 215 215 222 217 217 215 211 211 214 213 217 213 210 -9999 -9999 -9999 -9999 207 227 227 229 206 206 -9999 -9999 -9999 -9999 -9999 -9999 -9999 -9999 -9999 -9999 -9999 225 225 -9999 -9999 -9999
234 234 231 238 237 222 230 223 221 227 227 219 231 231 215 224 224 225 227 230 227 230 239 228 227 232 232 237 238 238 237 235 240 234 224 227 232 219 219 217 220 220 218 216 216 214 215 213 215 217 213 216 216 214 214 216 220 220 220 222 212 205 203 -9999 -9999 -9999 -9999 -9999 -9999 -9999 -9999 -9999 -9999 -9999 -9999 -9999 -9999 -9999 -9999 -9999
220 230 226 216 228 234 234 218 216 216 222 219 219 218 220 216 229 229 237 233 225 237 237 231 231 231 236 236 236 234 227 239 238 230 234 232 217 217 218 217 217 221 213 210 212 214 210 209 214 214 214 214 219 219 215 208 208 220 203 214 200 197 230 -9999 -9999 -9999 -9999 -9999 -9999 -9999 -9999 -9999 -9999 -9999 -9999 -9999 -9999 -9999 -9999 -9999
213 215 212 209 215 210 210 212 212 214 215 213 215 226 230 236 230 230 230 215 224 224 219 233 233 228 238 237 240 236 230 233 239 219 219 223 215 215 219 218 218 218 214 208 208 209 209 216 217 217 214 211 211 207 201 211 214 217 214 200 202 205 -9999 -9999 -9999 -9999 -9999 -9999 -9999 -9999 -9999 -9999 -9999 -9999 -9999 -9999 -9999 -9999 -9999 -9999
207 207 217 209 209 214 214 217 211 214 218 220 218 220 220 226 226 213 214 211 221 218 216 223 232 228 228 239 236 236 231 234 234 213 214 217 215 215 217 216 213 213 213 216 208 208 205 220 220 211 213 216 215 210 206 217 226 204 204 221 221 -9999 -9999 -9999 -9999 -9999 -9999 -9999 -9999 -9999 -9999 -9999 -9999 -9999 -9999 -9999 -9999 -9999 -9999 -9999
199 202 205 210 211 213 211 231 219 216 216 212 216 216 213 225 225 211 213 209 215 223 223 221 231 231 234 223 223 229 235 234 228 225 219 211 209 209 209 205 212 212 212 210 210 209 213 219 218 213 217 216 215 235 235 211 207 207 -9999 -9999 -9999 -9999 -9999 -9999 -9999 -9999 -9999 -9999 -9999 -9999 -9999 -9999 -9999 -9999 -9999 -9999 -9999 -9999 -9999 -9999
202 200 204 203 210 211 211 213 213 213 217 214 214 217 213 212 216 215 212 214 215 213 213 208 211 211 233 222 211 209 208 233 219 209 209 210 209 209 208 211 211 212 220 219 219 205 213 219 213 218 218 214 206 206 216 206 206 206 -9999 -9999 -9999 -9999 -9999 -9999 -9999 -9999 -9999 -9999 -9999 -9999 -9999 -9999 -9999 -9999 -9999 -9999 -9999 -9999 -9999 -9999
199 201 201 211 205 205 207 206 206 207 200 206 209 214 212 215 213 218 218 209 212 212 208 214 214 214 212 214 223 215 211 215 217 206 206 205 207 207 211 213 209 212 215 202 215 209 209 202 203 203 232 230 230 206 200 194 200 194 -9999 -9999 -9999 -9999 -9999 -9999 -9999 -9999 -9999 -9999 -9999 -9999 -9999 -9999 -9999 -9999 -9999 -9999 -9999 -9999 -9999 -9999
203 205 203 195 197 200 212 203 202 208 208 206 212 212 214 204 204 209 215 215 206 208 211 211 212 211 211 207 207 207 200 195 195 187 204 209 213 212 212 207 212 200 200 209 211 211 207 211 211 224 194 198 196 197 190 202 199 -9999 -9999 -9999 -9999 -9999 -9999 -9999 -9999 -9999 -9999 -9999 -9999 -9999 -9999 -9999 -9999 -9999 -9999 -9999 -9999 -9999 -9999 -9999
195 196 196 195 201 209 209 199 201 201 200 200 200 207 216 207 204 200 207 214 201 206 206 207 203 203 204 188 188 184 189 185 185 201 207 206 210 210 210 214 210 210 206 208 208 211 213 216 199 197 197 183 204 206 206 204 195 195 -9999 -9999 -9999 -9999 -9999 -9999 -9999 -9999 -9999 -9999 -9999 -9999 -9999 -9999 -9999 -9999 -9999 -9999 -9999 -9999 -9999 -9999
188 193 193 192 193 193 198 189 189 197 207 199 203 202 200 201 204 200 200 201 203 203 210 199 199 192 187 188 198 189 194 197 189 198 198 211 214 214 217 206 206 207 202 199 211 209 218 199 193 212 212 197 213 213 209 194 194 193 -9999 -9999 -9999 -9999 -9999 -9999 -9999 -9999 -9999 -9999 -9999 -9999 -9999 -9999 -9999 -9999 -9999 -9999 -9999 -9999 -9999 -9999
190 190 196 187 187 204 199 203 193 186 190 200 198 193 193 199 190 190 198 206 206 210 206 197 181 180 173 192 179 189 189 207 193 193 193 196 196 209 210 204 197 201 203 201 219 210 210 195 196 190 190 200 207 207 200 194 194 190 181 -9999 -9999 -9999 -9999 -9999 -9999 -9999 -9999 -9999 -9999 -9999 -9999 -9999 -9999 -9999 -9999 -9999 -9999 -9999 -9999 -9999
192 186 194 191 197 200 198 194 194 200 200 196 198 198 194 191 191 185 200 204 191 207 199 200 186 173 173 198 204 204 201 196 196 194 205 202 192 195 195 199 196 187 187 186 180 180 182 180 180 193 203 199 194 185 195 189 191 194 194 202 -9999 -9999 -9999 -9999 -9999 -9999 -9999 -9999 -9999 -9999 -9999 -9999 -9999 -9999 -9999 -9999 -9999 -9999 -9999 -9999
186 193 193 196 196 203 203 208 205 205 207 200 200 194 203 198 193 185 194 200 195 189 189 191 179 179 188 196 196 209 196 192 200 192 203 211 207 190 190 191 188 188 180 168 168 164 181 177 181 188 185 220 202 200 200 190 191 191 190 189 189 186 -9999 -9999 -9999 -9999 -9999 -9999 -9999 -9999 -9999 -9999 -9999 -9999 -9999 -9999 -9999 -9999 -9999 -9999
191 192 192 211 208 208 204 199 199 212 210 209 194 194 193 198 199 200 200 199 197 197 188 191 191 188 180 189 195 204 193 195 203 193 193 198 199 199 189 205 205 176 183 168 169 169 174 170 174 191 191 199 204 204 190 189 182 182 177 187 187 180 185 183 -9999 -9999 -9999 -9999 -9999 -9999 -9999 -9999 -9999 -9999 -9999 -9999 -9999 -9999 -9999 -9999
191 191 192 211 211 208 204 195 199 212 210 209 194 194 194 198 199 199 200 199 199 197 188 192 191 188 180 189 195 204 204 195 203 203 193 198 198 199 189 193 205 176 183 168 169 169 174 170 174 191 191 199 204 204 190 189 189 182 177 193 187 180 185 183 -9999 -9999 -9999 -9999 -9999 -9999 -9999 -9999 -9999 -9999 -9999 -9999 -9999 -9999 -9999 -9999
181 177 184 182 195 212 212 210 191 191 185 206 206 210 227 213 203 217 206 194 196 201 201 195 187 188 188 193 200 200 197 188 188 189 210 210 199 204 179 186 213 198 198 200 174 174 184 179 179 176 186 188 187 184 181 180 173 171 171 173 177 177 179 197 -9999 -9999 -9999 -9999 -9999 -9999 -9999 -9999 -9999 -9999 -9999 -9999 -9999 -9999 -9999 -9999
169 167 167 185 195 195 212 198 198 193 190 211 208 217 219 210 213 200 200 203 195 187 187 196 196 196 198 199 199 218 200 197 191 186 181 182 182 196 196 200 175 175 185 191 191 170 168 168 173 191 192 186 192 176 185 192 177 173 173 178 177 177 181 180 -9999 -9999 -9999 -9999 -9999 -9999 -9999 -9999 -9999 -9999 -9999 -9999 -9999 -9999 -9999 -9999
173 173 170 180 180 203 192 188 192 185 199 212 214 199 201 197 186 194 194 202 190 190 198 200 200 209 196 189 192 217 188 200 206 186 186 183 191 191 213 188 188 167 185 179 174 169 170 163 182 189 191 186 172 175 175 183 176 176 176 177 177 173 178 183 177 -9999 -9999 -9999 -9999 -9999 -9999 -9999 -9999 -9999 -9999 -9999 -9999 -9999 -9999 -9999
170 167 179 184 178 199 182 183 196 205 202 208 230 202 202 188 177 177 188 185 185 194 193 184 191 189 188 184 193 193 193 184 197 197 194 209 209 203 212 178 178 164 209 167 172 172 167 171 172 175 175 177 170 170 167 169 169 171 168 175 170 187 188 184 180 -9999 -9999 -9999 -9999 -9999 -9999 -9999 -9999 -9999 -9999 -9999 -9999 -9999 -9999 -9999
161 171 171 178 183 176 176 175 188 188 225 209 209 210 186 178 174 175 177 189 186 179 179 185 174 174 171 187 182 182 172 173 173 184 183 194 179 180 189 200 185 214 214 184 172 172 167 176 176 181 168 170 168 167 177 171 169 167 157 158 160 168 168 184 -9999 -9999 -9999 -9999 -9999 -9999 -9999 -9999 -9999 -9999 -9999 -9999 -9999 -9999 -9999 -9999
154 154 155 169 181 181 177 180 180 187 194 200 193 184 170 159 166 162 162 185 177 177 169 177 172 172 170 176 176 169 173 167 164 168 168 175 163 173 173 168 165 165 171 177 177 177 169 179 179 172 165 170 167 167 175 166 160 161 161 162 163 163 183 199 -9999 -9999 -9999 -9999 -9999 -9999 -9999 -9999 -9999 -9999 -9999 -9999 -9999 -9999 -9999 -9999
159 159 149 168 168 169 166 172 170 172 184 188 183 166 166 170 167 167 168 168 168 165 166 163 163 168 168 172 169 167 173 169 164 164 164 161 158 158 158 161 161 164 173 170 170 168 181 172 168 165 165 165 168 178 178 171 160 160 158 161 161 171 213 -9999 -9999 -9999 -9999 -9999 -9999 -9999 -9999 -9999 -9999 -9999 -9999 -9999 -9999 -9999 -9999 -9999
156 155 151 155 164 164 164 160 162 160 160 182 172 172 164 165 165 162 159 160 160 162 159 161 171 175 167 163 159 159 159 166 165 165 160 159 159 161 170 161 161 167 169 170 173 173 177 170 164 170 170 160 163 163 163 175 175 163 159 166 166 167 163 -9999 -9999 -9999 -9999 -9999 -9999 -9999 -9999 -9999 -9999 -9999 -9999 -9999 -9999 -9999 -9999 -9999
153 166 166 161 176 176 187 171 171 167 160 163 162 163 163 153 150 148 148 149 154 152 152 162 168 168 173 170 170 166 165 159 159 170 165 161 161 170 168 166 166 172 172 169 169 169 167 165 170 170 167 216 216 213 156 157 156 161 192 179 180 181 -9999 -9999 -9999 -9999 165 166 -9999 -9999 -9999 -9999 -9999 -9999 -9999 -9999 -9999 -9999 -9999 -9999
172 172 177 171 171 166 171 175 172 178 164 170 175 168 165 165 152 148 148 147 147 147 147 168 168 161 163 168 168 168 165 159 162 164 166 165 167 165 165 166 164 164 162 170 172 172 165 165 165 170 161 183 158 158 156 157 155 164 164 236 216 -9999 -9999 -9999 -9999 -9999 -9999 -9999 -9999 -9999 -9999 -9999 -9999 -9999 -9999 -9999 -9999 -9999 -9999 -9999
157 172 177 177 171 166 171 175 172 178 164 170 175 168 168 165 152 152 148 147 147 147 147 154 168 161 163 178 168 168 165 159 162 164 164 165 167 167 165 166 164 164 162 170 170 172 165 164 165 170 161 183 158 158 158 157 155 164 164 -9999 -9999 -9999 -9999 -9999 -9999 -9999 -9999 -9999 -9999 -9999 -9999 -9999 -9999 -9999 -9999 -9999 -9999 -9999 -9999 -9999
145 163 177 178 171 162 157 163 163 161 161 173 182 182 171 161 161 154 157 148 144 156 152 163 153 155 158 160 161 160 160 159 160 160 160 166 168 168 167 168 168 162 171 170 174 167 169 171 165 162 162 160 159 161 161 156 156 156 170 -9999 -9999 -9999 -9999 -9999 -9999 -9999 -9999 -9999 -9999 -9999 -9999 -9999 -9999 -9999 -9999 -9999 -9999 -9999 -9999 -9999
143 143 142 143 149 149 140 156 156 172 205 200 165 151 160 177 182 161 172 170 157 157 157 160 161 161 159 157 157 169 172 158 158 164 158 156 176 187 166 172 180 166 166 165 186 177 177 162 167 167 169 164 164 165 157 158 168 -9999 -9999 -9999 -9999 -9999 -9999 -9999 -9999 -9999 -9999 -9999 -9999 -9999 -9999 -9999 -9999 -9999 -9999 -9999 -9999 -9999 -9999 -9999
142 142 143 144 144 140 137 138 137 169 188 172 155 153 153 165 164 156 156 156 148 148 146 151 151 150 155 162 162 166 168 168 151 154 156 157 170 178 178 163 167 163 163 177 177 177 177 170 170 154 156 158 164 159 152 -9999 -9999 -9999 -9999 -9999 -9999 -9999 -9999 -9999 -9999 -9999 -9999 -9999 -9999 -9999 -9999 -9999 -9999 -9999 -9999 -9999 -9999 -9999 -9999 -9999
142 141 143 147 140 139 140 142 138 141 141 144 145 148 148 149 150 150 161 148 148 151 155 155 160 159 154 154 151 162 173 179 161 149 149 160 161 161 161 162 160 160 160 163 163 164 166 163 158 155 170 169 161 -9999 -9999 -9999 -9999 -9999 -9999 -9999 -9999 -9999 -9999 -9999 -9999 -9999 -9999 -9999 -9999 -9999 -9999 -9999 -9999 -9999 -9999 -9999 -9999 -9999 -9999 -9999
