layers/final_practice/hyla_meridionalis/ndvi_max.asc
ncols         400
nrows         278
xllcorner     -21.041487136433
yllcorner     26.106002917928
cellsize      0.083333337679505
NODATA_value  -9999
[rows 180 to 215 of 278, columns 160 to 239 of 400]
-9999 -9999 -9999 -9999 -9999 -9999 -9999 -9999 -9999 -9999 -9999 205 205 213 207 209 219 215 217 218 222 227 225 229 221 227 227 229 229 229 229 219 219 216 216 219 219 219 219 222 220 217 213 211 208 205 205 184 189 189 189 170 170 170 182 178 178 183 181 186 186 190 183 181 167 168 177 168 168 166 166 163 165 163 163 195 168 168 180 172
-9999 -9999 -9999 -9999 -9999 -9999 -9999 -9999 -9999 -9999 -9999 219 226 226 216 211 211 219 223 214 214 219 224 225 220 220 219 236 220 222 220 216 216 221 221 228 220 220 223 215 233 233 233 206 206 196 191 176 172 177 171 167 174 180 184 184 185 182 182 188 191 191 188 178 169 169 170 177 177 165 157 158 179 172 183 179 187 189 167 177
-9999 -9999 -9999 -9999 -9999 -9999 -9999 -9999 -9999 -9999 204 225 225 226 218 203 208 220 223 211 217 214 216 227 220 221 221 220 217 217 217 217 216 216 223 224 224 215 215 212 235 226 230 222 200 199 174 178 167 175 175 180 182 182 188 211 214 214 205 195 195 195 182 174 178 175 170 169 163 162 161 160 165 160 160 180 170 153 153 159
-9999 -9999 -9999 -9999 -9999 -9999 -9999 -9999 -9999 227 219 211 216 213 214 211 210 204 204 216 213 213 216 221 222 222 219 220 220 219 216 214 218 216 209 212 219 215 211 207 223 222 222 199 200 200 189 222 182 182 157 179 179 181 187 204 196 200 191 177 184 182 171 172 172 178 178 166 171 162 162 161 173 173 173 159 159 159 151 152
-9999 -9999 -9999 -9999 -9999 -9999 -9999 -9999 225 219 219 219 218 218 216 215 213 213 220 215 215 216 214 218 215 215 216 217 220 211 210 213 235 234 234 218 214 214 210 207 215 215 197 212 212 207 177 188 178 174 160 174 185 188 178 189 183 190 190 167 169 171 171 171 172 172 174 168 168 171 170 158 158 155 157 153 151 152 152 154
-9999 -9999 -9999 -9999 -9999 213 216 212 219 217 215 218 217 221 219 219 222 221 221 216 224 224 219 215 215 215 215 223 223 223 223 211 231 218 219 214 218 206 207 208 190 192 192 212 200 194 194 175 177 177 175 177 173 173 174 170 170 164 164 165 165 165 172 170 168 168 170 170 178 178 178 159 156 153 153 151 153 153 153 154
-9999 -9999 -9999 207 217 214 214 234 225 224 224 216 217 217 218 219 220 220 220 220 220 215 219 219 215 219 216 219 219 219 219 232 220 214 214 195 197 201 201 196 193 193 184 183 190 190 171 171 171 175 157 156 165 168 172 163 166 166 162 165 166 168 168 172 169 172 172 165 159 159 158 159 159 157 154 152 152 152 149 150
-9999 202 202 219 218 218 223 231 231 230 230 218 218 223 225 220 220 216 215 211 211 216 218 214 216 217 217 218 210 214 214 236 215 215 201 199 199 190 193 190 190 191 198 194 188 189 194 196 170 170 153 157 159 160 160 162 162 162 162 162 162 162 161 165 165 187 198 166 166 163 181 159 158 159 156 156 157 153 154 154
213 213 215 220 220 223 223 218 218 222 216 221 221 226 225 213 221 214 214 210 214 214 232 207 213 213 213 227 227 231 227 225 225 213 202 182 201 188 203 193 201 205 191 191 195 189 189 174 160 160 160 157 158 158 158 158 158 168 169 163 163 160 159 158 200 184 175 175 169 166 200 160 158 162 162 156 155 157 157 152
220 223 223 237 238 238 227 225 225 228 213 224 224 216 222 209 210 217 212 212 209 213 208 209 208 216 216 212 214 222 222 217 226 226 191 188 190 190 186 184 184 182 203 197 197 204 171 173 171 161 159 160 163 162 159 162 165 162 162 158 160 158 158 177 175 175 164 164 164 160 203 238 238 236 168 158 155 155 153 152
222 220 221 238 238 237 236 222 219 215 211 220 215 221 213 230 214 228 228 215 210 209 209 205 215 215 216 215 213 213 216 201 201 193 179 181 179 181 190 180 182 175 188 189 191 171 165 180 164 162 162 160 160 160 161 162 168 168 162 161 161 160 162 161 161 166 165 162 162 163 163 162 162 160 158 155 158 158 158 156
230 225 223 231 229 237 231 213 210 210 210 212 211 211 211 218 220 220 213 212 212 216 212 205 205 210 202 206 208 219 207 197 196 187 182 182 173 166 166 166 176 176 176 169 169 169 169 157 149 149 159 162 162 158 165 162 162 162 159 162 158 162 161 160 161 169 165 165 167 166 166 199 196 159 159 159 158 158 158 163
225 226 226 234 235 235 233 219 219 216 220 217 217 219 213 207 219 219 212 210 212 211 210 210 207 205 206 213 215 234 234 197 194 188 188 176 162 162 168 167 167 170 175 157 157 155 152 152 161 165 158 163 159 157 159 158 158 158 159 159 162 163 163 168 172 166 166 168 170 170 172 168 170 170 165 166 166 159 159 165
225 220 219 218 218 220 220 219 218 210 210 214 212 212 210 214 204 204 208 214 214 220 207 204 204 206 225 214 215 210 197 190 192 181 171 167 162 165 163 191 183 178 178 180 169 182 182 167 160 160 157 158 155 155 155 160 160 161 163 162 162 163 161 165 168 179 177 168 170 170 173 170 164 163 163 160 160 159 159 164
221 220 220 221 219 219 222 217 219 219 218 219 219 213 213 216 216 210 205 206 207 212 204 203 208 225 227 218 209 197 197 197 184 177 177 182 165 165 161 173 160 160 183 184 184 187 168 167 167 164 160 158 156 155 157 158 160 164 165 165 164 166 167 167 170 168 168 167 168 170 170 167 168 168 166 159 160 160 161 164
225 219 220 217 217 221 223 226 225 223 219 218 220 215 213 217 221 212 205 211 211 202 202 206 209 223 223 219 219 219 209 189 186 186 186 162 162 164 180 174 174 177 170 165 163 159 161 163 158 162 157 157 160 156 158 160 158 166 166 160 165 165 163 167 166 166 169 170 170 166 165 163 163 160 163 160 162 161 159 161
229 220 220 224 222 220 224 223 223 220 220 215 218 213 213 214 212 212 211 206 217 217 203 201 201 204 213 211 211 210 209 194 180 193 163 157 171 160 167 166 159 164 166 157 158 159 159 159 159 162 162 157 158 158 160 161 157 157 159 158 158 160 164 165 165 168 170 167 165 160 159 156 156 156 161 161 162 161 160 161
223 219 222 225 225 225 221 229 223 215 215 214 216 209 211 213 216 213 209 206 209 204 204 203 207 206 206 210 205 205 203 193 181 181 160 156 156 168 162 160 160 161 166 166 159 158 160 159 159 160 159 158 158 160 164 161 155 155 156 154 155 155 155 161 165 165 165 158 157 157 156 152 152 152 154 164 164 167 164 160
214 218 217 222 222 224 224 225 217 219 219 217 209 208 208 216 214 214 215 213 212 212 213 206 206 210 199 209 209 195 191 184 184 176 190 178 161 161 162 171 174 159 162 159 160 159 162 164 164 159 159 159 160 161 161 157 155 155 154 158 156 156 158 160 160 166 158 158 158 159 160 161 160 161 163 172 173 167 163 159
212 221 221 221 217 217 220 216 217 217 220 223 223 223 224 225 225 222 222 214 212 213 221 220 209 191 206 191 187 207 195 181 180 182 173 179 160 159 159 194 198 185 185 172 167 167 171 165 164 164 164 159 159 154 155 151 151 153 154 160 160 156 162 156 158 174 160 158 161 164 163 165 165 162 163 166 167 162 162 163
208 215 214 217 217 215 213 215 221 227 226 226 225 220 221 220 220 222 225 238 208 224 227 195 192 188 188 183 196 204 204 175 171 171 173 167 172 172 166 160 160 192 162 165 165 165 169 166 166 159 170 152 152 150 152 151 149 151 156 156 161 154 155 162 164 156 156 161 160 164 164 166 167 167 167 161 155 155 157 164
210 206 206 216 221 221 224 228 226 226 229 222 222 222 217 219 219 232 219 201 201 210 217 188 189 196 199 184 206 176 194 177 181 155 165 169 166 160 155 159 168 163 163 155 171 169 169 158 155 155 153 147 152 152 149 150 152 152 153 154 154 194 169 162 162 159 169 163 158 167 169 168 168 168 164 163 155 165 177 168
202 204 217 216 216 216 215 220 222 223 224 223 217 230 233 231 223 216 211 217 203 200 206 195 183 224 224 200 196 194 194 172 166 162 162 163 157 157 158 161 160 160 157 149 149 154 158 147 147 148 147 148 148 149 150 149 152 153 150 153 205 192 156 154 153 158 172 167 163 166 170 171 171 170 170 163 156 160 160 160
216 218 214 216 225 238 215 220 221 222 216 218 222 237 237 222 218 212 212 237 210 210 191 181 198 198 186 183 185 185 179 181 181 154 151 169 169 165 171 164 164 151 151 150 158 149 151 151 151 152 153 149 151 152 148 149 153 154 149 193 172 176 176 169 162 169 169 164 164 164 167 175 172 172 162 157 157 157 155 156
212 206 206 207 210 210 213 217 217 217 216 215 237 237 233 214 214 209 199 207 207 182 174 174 174 176 169 171 194 189 191 167 160 153 162 170 186 184 173 187 177 152 152 155 155 149 149 154 153 155 155 152 148 152 152 149 149 149 145 148 163 163 158 159 154 154 158 165 165 165 173 168 168 165 161 161 155 154 152 150
212 205 210 210 207 218 220 207 205 197 199 215 212 205 205 200 192 187 187 178 173 181 181 184 189 189 182 169 157 157 153 159 152 152 157 161 161 158 159 173 173 157 165 163 163 159 163 156 154 165 153 151 150 150 150 149 151 151 152 153 152 150 157 169 175 165 157 161 169 169 169 169 165 169 169 160 162 169 169 151
209 212 212 210 210 210 210 209 211 211 196 211 201 201 185 202 188 188 195 178 178 187 190 170 170 177 164 164 164 162 157 156 160 168 158 160 161 163 165 163 152 152 149 152 148 149 148 157 151 152 154 152 147 147 147 148 147 148 148 149 150 151 151 155 152 152 152 159 159 159 157 167 149 149 152 150 150 160 149 151
212 203 207 216 216 205 212 208 208 204 207 196 196 190 202 191 182 188 184 188 172 186 191 190 181 171 166 180 175 173 160 163 157 156 157 156 155 160 160 168 161 152 152 152 147 146 146 150 156 156 157 148 149 149 145 148 147 147 148 148 148 150 150 149 149 151 153 159 159 159 154 148 149 156 153 150 150 150 155 151
212 203 207 216 216 205 212 213 208 204 207 203 196 190 202 191 182 188 188 188 172 186 186 190 181 171 171 180 175 175 173 163 157 157 156 156 155 155 160 168 161 161 152 152 152 147 146 150 150 156 157 148 148 149 145 146 148 147 148 147 148 150 150 150 149 151 153 151 159 159 154 148 149 156 153 150 150 150 150 151
207 207 213 217 217 219 217 218 218 199 197 187 187 183 179 184 184 179 179 184 170 179 182 184 166 163 168 201 177 175 159 161 162 162 153 172 149 187 153 156 155 160 153 146 146 147 147 151 154 157 157 154 150 150 150 149 148 148 150 148 146 146 149 146 155 155 156 148 153 153 154 152 152 151 153 150 150 153 151 150
210 212 213 218 218 217 210 206 214 193 216 201 180 175 178 182 177 180 181 184 180 171 171 165 155 153 153 174 158 166 166 172 183 174 174 151 149 149 150 150 160 160 161 149 145 145 149 158 158 158 155 151 151 156 152 150 150 150 148 148 148 148 149 148 148 150 153 149 153 155 156 154 152 155 152 150 148 149 150 151
213 213 213 211 211 204 204 202 210 195 195 186 178 180 180 175 183 183 185 180 175 175 165 159 156 156 156 159 151 151 152 170 170 177 172 150 150 145 167 154 154 161 166 151 151 150 152 156 158 158 159 156 151 152 149 150 150 152 150 155 146 152 148 150 148 148 146 154 152 160 147 149 151 153 153 150 150 150 150 151
209 209 204 200 205 205 196 194 194 191 180 170 170 172 174 180 180 177 168 169 169 163 156 157 155 158 164 186 164 147 151 161 167 163 157 156 157 163 165 160 162 165 159 153 153 148 150 155 159 157 157 154 150 149 149 149 149 149 149 162 147 150 150 147 147 152 152 158 163 163 172 151 155 155 155 152 150 150 151 149
213 203 199 202 191 185 185 181 185 181 181 168 174 180 180 168 167 176 176 180 159 159 168 155 154 154 169 167 194 194 155 156 151 151 160 155 149 149 157 175 175 181 175 147 147 144 146 148 148 152 155 153 153 150 150 149 150 150 149 150 148 147 151 149 145 148 156 173 170 166 155 152 155 157 155 152 145 147 149 150
195 195 191 187 187 187 181 167 170 170 170 172 172 176 168 163 163 165 166 166 166 165 170 154 154 154 159 166 166 186 154 162 156 159 150 154 148 148 149 163 176 171 162 146 145 143 146 146 148 154 154 156 151 150 150 150 150 151 149 149 151 150 150 148 147 146 146 164 166 162 162 152 154 155 155 154 143 147 147 149
191 186 178 182 178 175 164 164 159 166 163 172 165 182 187 163 165 170 175 176 169 168 168 162 159 153 157 156 153 151 149 162 149 147 147 148 157 149 149 160 177 178 178 144 144 143 143 147 148 148 148 148 149 151 151 152 151 151 151 149 151 151 150 145 146 146 149 178 168 168 157 152 154 154 151 149 145 145 148 147
