layers/final_practice/hyla_meridionalis/ndvi_max.asc
ncols         400
nrows         278
xllcorner     -21.041487136433
yllcorner     26.106002917928
cellsize      0.083333337679505
NODATA_value  -9999
[rows 108 to 143 of 278, columns 160 to 239 of 400]
230 240 240 234 233 233 240 237 238 216 221 233 236 236 221 224 227 221 221 218 220 220 217 212 212 208 208 212 218 227 227 217 217 218 220 229 224 234 234 212 212 206 185 185 197 197 197 193 193 206 210 192 182 186 186 191 208 208 217 195 188 189 203 202 208 208 218 235 224 232 227 215 218 218 233 232 232 223 218 212
227 227 224 230 218 228 228 232 232 228 220 226 226 225 225 215 215 224 233 227 227 218 218 217 207 207 235 235 217 215 215 233 219 219 223 227 213 220 208 198 204 204 190 206 206 194 205 200 192 192 214 183 183 195 188 187 187 200 200 190 190 194 206 219 214 232 232 229 229 222 222 227 222 214 214 215 211 211 204 203
229 229 229 226 226 232 219 239 238 239 239 233 233 219 214 223 226 221 221 224 224 224 214 214 225 216 216 214 222 222 219 213 213 220 220 215 212 212 208 205 205 202 196 198 209 201 201 199 199 199 196 184 199 197 197 184 192 192 198 189 193 208 208 220 232 232 223 216 238 235 222 223 210 210 216 211 211 209 205 201
240 226 221 208 230 224 224 237 218 218 236 225 224 230 214 215 220 220 228 224 224 235 218 213 232 232 223 206 206 206 216 212 209 218 218 201 201 199 203 204 205 207 207 206 208 208 203 204 204 195 195 189 197 197 190 185 189 191 192 187 192 192 191 229 229 229 216 209 226 240 240 231 231 225 214 214 224 231 231 199
235 221 221 222 229 229 221 213 228 212 220 237 221 221 217 223 223 214 236 221 229 225 225 211 211 217 216 210 215 210 210 211 205 205 217 204 205 201 201 204 208 208 216 219 199 201 197 198 202 202 193 195 195 193 194 189 190 191 191 191 191 190 196 196 205 226 226 231 231 231 215 240 228 223 223 228 227 227 230 203
226 232 226 225 229 203 203 222 222 219 220 217 223 220 220 217 226 226 229 234 229 236 225 222 220 220 225 220 220 219 206 208 210 210 211 208 208 200 210 221 217 211 211 199 199 188 187 185 185 181 181 188 196 196 200 198 190 194 194 207 200 200 199 198 198 200 222 229 231 225 225 224 224 216 234 235 233 237 237 209
240 235 235 223 223 228 227 221 225 222 222 221 215 215 223 226 235 219 223 229 222 222 219 234 234 231 234 236 218 213 213 207 207 230 217 211 204 214 214 219 196 196 215 201 188 184 187 188 179 179 181 190 190 189 199 194 189 198 198 207 207 190 193 194 195 197 197 222 240 240 229 228 228 225 225 227 232 232 233 234
225 225 231 229 229 228 234 230 225 225 219 218 218 224 228 214 228 228 234 227 227 226 227 224 223 220 220 238 238 227 213 210 228 234 234 219 225 225 211 224 199 210 226 214 219 219 184 180 180 182 179 173 177 182 182 187 187 185 186 193 198 189 189 200 200 200 200 196 219 223 227 216 228 228 216 216 216 207 216 227
236 236 238 221 234 234 239 218 218 224 221 231 228 218 218 217 217 214 217 224 219 220 220 215 223 223 217 228 219 224 222 227 215 215 223 231 231 237 212 214 225 226 226 221 221 206 193 192 178 177 177 181 183 183 177 169 178 185 186 189 193 193 196 201 201 197 218 202 233 218 218 222 222 222 206 221 205 197 197 218
232 220 222 225 223 236 236 224 224 224 222 231 221 220 213 220 218 218 221 217 217 217 213 230 226 218 218 234 234 230 223 224 237 212 212 224 220 220 236 239 229 228 220 240 218 218 221 202 202 198 197 190 182 183 183 172 172 173 182 195 205 198 198 199 195 195 207 207 220 194 219 181 190 190 191 215 215 206 206 218
228 239 239 232 232 232 232 240 234 225 233 229 230 230 227 224 224 234 219 217 225 224 224 222 222 221 218 224 226 215 215 226 232 232 224 232 230 220 234 219 227 227 216 212 212 210 207 224 220 227 227 194 192 192 193 181 174 171 178 192 199 199 196 191 191 199 197 200 222 238 238 207 207 205 221 222 211 217 217 223
224 224 218 224 233 234 220 222 236 236 233 221 221 228 236 218 225 233 233 221 221 217 216 214 219 215 213 215 215 215 215 225 225 240 231 218 220 221 221 216 216 206 213 217 206 207 207 219 221 221 206 195 197 197 193 188 172 172 178 194 194 202 194 194 194 196 196 191 201 201 240 220 220 220 218 215 213 213 213 214
235 224 218 224 233 233 234 222 222 236 233 236 221 228 228 218 225 225 233 224 221 217 216 214 219 219 215 215 215 215 215 216 225 240 240 218 218 220 221 211 216 206 213 217 206 206 207 219 219 221 206 195 197 197 197 188 188 172 178 185 194 202 202 194 194 194 196 186 191 201 240 220 220 220 220 215 215 213 213 211
217 219 221 221 225 223 223 215 214 214 219 228 230 233 230 216 224 229 229 219 219 215 225 220 225 220 220 220 215 215 231 229 224 217 223 224 225 225 229 220 220 215 218 233 221 196 196 195 197 197 196 199 193 195 188 199 195 195 201 185 185 184 192 194 196 200 200 207 207 207 239 213 188 179 214 228 239 239 215 215
217 223 223 219 217 217 219 216 216 217 229 226 219 226 226 217 217 222 229 214 210 217 217 217 214 214 214 211 211 210 215 231 221 216 216 223 223 239 230 230 235 233 233 209 209 209 197 190 190 194 192 193 194 191 191 200 200 195 193 207 188 190 190 195 195 195 205 196 204 217 207 198 189 190 190 225 225 225 217 204
221 221 221 218 218 217 223 212 219 218 218 221 221 213 215 224 216 221 221 212 213 213 218 214 214 213 215 215 210 217 217 227 227 234 221 218 213 224 227 220 230 230 212 209 209 207 203 197 201 195 195 191 191 198 198 192 192 199 198 194 189 189 188 202 202 196 195 195 197 210 210 192 192 178 180 190 203 194 193 227
221 217 218 219 223 239 239 212 212 205 208 214 209 211 217 221 211 211 210 207 207 210 213 220 213 218 218 213 212 212 221 235 235 224 221 221 220 220 221 219 219 224 209 208 211 221 221 220 201 201 213 193 187 201 198 187 199 199 199 192 192 190 202 194 201 190 190 198 202 202 189 180 182 185 181 184 198 198 220 240
228 237 225 224 225 223 226 220 217 217 221 207 207 209 209 217 211 215 215 223 211 211 214 212 212 215 209 215 221 214 214 213 213 218 212 229 229 226 226 227 214 214 209 212 212 236 206 203 201 200 200 185 185 192 187 187 194 190 193 198 193 193 196 205 205 198 205 192 202 198 198 182 183 183 184 179 177 187 201 204
227 229 225 218 217 217 221 216 216 225 220 211 207 208 208 215 225 225 218 226 215 219 228 212 207 208 208 212 212 220 220 210 219 213 213 221 216 216 217 219 219 206 212 206 218 225 225 202 206 206 199 202 197 202 189 189 191 191 195 209 209 203 214 217 215 211 211 207 190 190 195 185 190 182 173 169 171 183 183 235
215 215 235 217 217 226 227 234 223 234 234 214 214 214 218 212 215 223 213 212 217 220 220 212 212 205 203 208 209 209 210 211 218 218 210 222 222 231 227 211 220 210 210 212 212 212 215 208 211 209 206 201 216 208 208 203 203 187 199 221 216 212 212 224 214 214 211 192 192 192 188 185 179 173 173 176 223 223 179 198
214 225 221 212 227 227 227 231 231 231 231 224 231 223 208 221 201 215 215 207 207 208 208 216 226 210 214 212 214 214 213 213 213 210 207 212 224 213 213 224 228 228 226 216 218 217 216 224 228 226 226 219 219 219 216 209 212 219 219 215 227 227 220 227 227 227 215 203 198 188 188 169 177 177 171 176 176 197 207 213
213 213 224 216 222 219 224 233 235 237 237 233 233 225 226 206 204 212 213 208 215 215 208 214 214 224 224 218 207 204 204 209 213 213 221 216 216 220 223 218 225 225 225 233 231 231 226 224 222 229 232 232 217 226 226 233 233 233 205 224 230 230 230 215 211 211 207 193 193 190 200 193 194 179 179 177 186 186 188 197
225 225 224 213 228 226 226 232 232 238 230 221 220 218 218 215 222 222 214 217 217 210 214 217 220 217 217 211 206 206 228 213 213 219 222 219 219 220 220 215 219 219 217 229 230 230 230 227 224 227 227 222 222 224 233 210 207 204 217 228 227 227 232 219 219 216 206 211 204 211 211 194 190 190 180 194 194 191 182 182
225 225 225 213 213 228 226 226 232 238 230 221 220 220 218 215 215 222 214 213 217 210 210 217 220 220 217 211 211 206 228 216 213 219 219 219 219 219 220 219 215 219 217 229 230 230 230 227 227 224 227 230 222 224 233 210 207 207 204 228 228 227 232 229 219 216 216 211 204 204 211 194 194 190 180 181 194 191 191 182
225 224 228 215 215 216 229 231 224 224 227 235 235 218 218 211 212 211 211 214 212 212 208 211 211 214 221 213 226 213 213 231 229 229 223 225 227 225 222 220 222 222 222 224 224 233 216 225 233 221 224 229 225 225 218 201 201 215 214 222 225 228 225 218 204 204 203 219 219 224 234 212 195 189 189 188 208 208 193 221
211 211 210 220 220 218 221 221 225 220 220 225 221 221 230 226 226 224 224 221 210 210 210 218 230 230 226 218 239 222 229 232 214 225 225 218 221 221 220 229 229 226 227 232 232 220 220 216 216 208 208 212 208 201 188 199 209 209 213 207 207 209 220 217 204 205 202 225 221 221 211 205 205 205 212 216 186 188 188 211
224 220 214 217 220 222 222 238 228 228 227 229 229 233 238 236 232 220 220 224 225 225 221 226 225 232 240 222 221 232 232 229 224 224 233 232 235 234 213 212 212 211 211 216 216 216 206 201 206 204 202 199 203 190 190 205 205 222 218 216 214 218 215 207 199 199 186 194 194 216 235 222 219 187 187 186 183 183 198 219
217 220 220 219 219 219 220 234 234 235 220 222 218 224 224 230 238 238 222 224 217 224 223 218 239 238 238 232 233 233 228 237 235 232 236 234 223 224 224 215 215 232 205 205 209 207 206 204 221 219 219 193 193 190 197 213 226 225 228 205 204 204 205 195 195 197 204 199 190 200 217 220 200 200 218 180 180 194 201 211
216 216 216 222 222 234 232 229 237 231 231 234 225 225 225 238 220 226 219 227 218 237 237 235 237 237 227 232 239 233 233 237 238 224 224 214 214 215 212 208 204 216 210 203 206 215 215 210 210 211 209 215 192 195 198 211 214 214 220 200 200 203 194 200 206 197 220 189 187 187 191 206 206 218 217 212 206 203 201 217
210 215 215 212 212 212 226 216 225 230 232 220 218 230 230 221 221 218 226 227 217 217 232 219 221 225 225 217 217 211 212 214 210 220 214 216 215 212 212 213 213 211 198 198 204 204 205 201 203 204 204 202 202 203 205 204 211 201 188 191 198 188 188 194 194 202 208 207 228 214 178 210 197 197 204 186 186 184 191 190
212 219 214 213 218 219 227 217 228 229 229 217 217 221 229 226 226 219 225 213 229 214 214 221 221 218 216 213 214 208 213 213 213 214 214 215 215 211 225 215 213 188 210 200 201 209 209 205 205 195 200 198 199 197 208 203 204 192 192 203 203 205 204 185 213 216 194 193 197 211 211 196 196 195 221 189 185 190 190 222
206 214 217 215 213 213 225 210 210 225 227 225 239 228 238 227 228 228 214 223 223 212 213 204 232 214 216 216 222 221 221 216 216 216 208 210 205 208 203 213 192 212 212 202 202 204 216 207 206 192 195 194 195 199 199 206 206 193 182 213 213 212 183 181 184 187 187 181 181 189 199 197 194 200 200 178 180 189 189 199
206 206 211 225 225 218 234 221 219 224 214 222 223 223 227 229 229 219 224 217 216 205 212 213 220 220 214 223 223 221 217 221 227 214 213 209 207 207 207 208 208 200 200 198 204 205 211 203 199 198 198 193 193 190 184 177 186 184 197 214 209 181 181 193 193 179 175 181 180 178 188 195 197 210 210 191 -9999 -9999 -9999 -9999
201 204 204 214 223 223 225 209 209 219 208 234 208 228 228 219 213 213 228 213 213 216 213 218 217 220 212 221 213 213 216 216 216 221 222 213 218 214 203 198 199 199 190 201 201 205 196 199 199 201 209 208 188 187 187 185 185 222 205 198 185 197 191 203 219 203 203 223 190 190 190 205 202 240 -9999 -9999 -9999 -9999 -9999 -9999
201 201 204 214 214 223 225 230 209 219 219 234 208 208 228 219 219 213 228 227 213 216 216 218 217 217 220 221 221 213 216 217 216 221 222 213 218 218 214 198 198 199 190 188 201 205 196 199 199 201 201 208 208 188 187 175 185 222 205 198 185 197 197 203 219 219 203 195 223 190 190 205 -9999 -9999 -9999 -9999 -9999 -9999 -9999 -9999
214 208 220 215 213 221 221 218 219 219 207 224 224 222 231 219 218 221 221 213 210 210 225 221 221 221 222 215 219 214 209 210 206 206 212 206 206 190 187 189 191 190 188 191 195 196 196 188 188 204 218 214 213 211 192 179 194 202 202 214 197 197 212 207 210 205 188 196 183 189 189 -9999 -9999 -9999 -9999 -9999 -9999 -9999 -9999 -9999
