layers/final_practice/hyla_meridionalis/prec_mean.asc
ncols         400
nrows         278
xllcorner     -21.041487136433
yllcorner     26.106002917928
cellsize      0.083333337679505
NODATA_value  -9999
[rows 165 to 197 of 278, columns 146 to 218 of 400]
-9999 -9999 -9999 -9999 -9999 -9999 -9999 -9999 -9999 -9999 -9999 -9999 -9999 -9999 -9999 -9999 -9999 -9999 -9999 -9999 -9999 -9999 -9999 -9999 -9999 -9999 -9999 -9999 -9999 -9999 -9999 -9999 -9999 57.67453 59.22667 62.24832 67.44501 74.30333 78.60249 69.67914 69.11166 70.36333 63.95583 56.98167 46.93871 -9999 -9999 -9999 -9999 -9999 -9999 -9999 -9999 -9999 -9999 -9999 -9999 -9999 -9999 -9999 -9999 -9999 -9999 -9999 -9999 -9999 -9999 -9999 -9999 -9999 -9999 -9999 -9999
-9999 -9999 -9999 -9999 -9999 -9999 -9999 -9999 -9999 -9999 -9999 -9999 -9999 -9999 -9999 -9999 -9999 -9999 -9999 -9999 -9999 -9999 -9999 -9999 -9999 -9999 -9999 -9999 -9999 -9999 -9999 -9999 -9999 61.20747 63.45916 63.83332 67.68999 70.03835 78.25 79.76333 74.77166 72.01666 79.88667 59.19582 49.29832 45.49015 -9999 -9999 -9999 -9999 -9999 -9999 -9999 -9999 -9999 -9999 -9999 -9999 -9999 -9999 -9999 -9999 -9999 -9999 -9999 -9999 -9999 -9999 -9999 -9999 -9999 -9999 -9999
-9999 -9999 -9999 -9999 -9999 -9999 -9999 -9999 -9999 -9999 -9999 -9999 -9999 -9999 -9999 -9999 -9999 -9999 -9999 -9999 -9999 -9999 -9999 -9999 -9999 -9999 -9999 -9999 -9999 -9999 -9999 -9999 -9999 63.91917 64.24749 68.01584 72.70918 73.26 73.12749 85.90751 84.89835 76.77332 80.83415 64.03 77.87833 57.60584 45.64815 44.86816 -9999 -9999 -9999 -9999 -9999 -9999 -9999 -9999 -9999 -9999 -9999 -9999 -9999 -9999 -9999 -9999 -9999 -9999 -9999 -9999 -9999 26.39314 26.69579 -9999 -9999
-9999 -9999 -9999 -9999 -9999 -9999 -9999 -9999 -9999 -9999 -9999 -9999 -9999 -9999 -9999 -9999 -9999 -9999 -9999 -9999 -9999 -9999 -9999 -9999 -9999 -9999 -9999 -9999 -9999 -9999 -9999 -9999 56.34723 60.12167 61.97084 65.415 69.90585 84.13666 78.87167 86.44667 89.59917 81.88667 69.95 82.155 83.77499 71.77416 54.87583 57.13166 44.35503 38.88683 -9999 -9999 -9999 -9999 -9999 -9999 -9999 26.84981 26.78212 23.26366 24.66406 29.37667 26.95663 25.2241 -9999 -9999 -9999 24.83236 25.445 26.505 26.76851 -9999 -9999
-9999 -9999 -9999 -9999 -9999 -9999 -9999 -9999 -9999 -9999 -9999 -9999 -9999 -9999 -9999 -9999 -9999 -9999 -9999 -9999 -9999 -9999 -9999 -9999 -9999 -9999 -9999 -9999 -9999 -9999 -9999 -9999 55.31165 56.64333 59.58916 62.70667 70.48333 78.3075 84.26748 75.83417 81.48249 89.42832 74.05249 86.61999 89.82666 81.385 67.05084 64.18333 62.40332 47.88416 45.54083 41.52501 35.34269 31.64674 30.26 31.01917 31.39167 30.04666 28.12084 25.98667 26.62917 31.51249 29.04584 29.51083 29.575 26.80249 24.3925 24.19667 24.76749 25.63084 25.66916 25.19222 25.05
-9999 -9999 -9999 -9999 -9999 -9999 -9999 -9999 -9999 -9999 -9999 -9999 -9999 -9999 -9999 -9999 -9999 -9999 -9999 -9999 -9999 -9999 -9999 -9999 -9999 -9999 -9999 -9999 -9999 -9999 -9999 54.65639 56.55166 57.14668 58.125 61.36418 66.13833 78.48167 73.03751 74.705 74.98417 73.45917 81.62166 88.78085 78.46333 79.47501 80.20915 71.88666 61.38335 62.71251 47.42084 55.62665 43.2625 40.79916 36.98333 36.49582 35.39667 32.41167 31.91916 32.04417 31.85082 34.09083 33.395 30.22 26.9825 24.9425 23.44916 23.2625 23.84751 24.46 24.71416 24.87833 25.2725
-9999 -9999 -9999 -9999 -9999 -9999 -9999 -9999 -9999 -9999 -9999 -9999 -9999 -9999 -9999 -9999 -9999 -9999 -9999 -9999 -9999 -9999 -9999 -9999 -9999 -9999 -9999 -9999 -9999 -9999 -9999 53.82743 56.0775 57.52666 57.42165 59.97751 64.26167 63.87834 70.55166 71.49417 75.68752 83.40418 80.13834 86.7325 83.39166 69.69917 70.61833 66.66084 66.90417 73.81168 70.61835 61.22832 66.78083 55.41333 45.65583 39.24417 40.87167 47.49583 43.30249 34.80166 32.96917 39.83749 33.715 27.61167 25.24834 24.1075 23.0875 23.15417 23.0325 23.27584 23.84333 24.19917 24.62
-9999 -9999 -9999 -9999 -9999 -9999 -9999 -9999 -9999 -9999 -9999 -9999 -9999 -9999 -9999 -9999 -9999 -9999 -9999 -9999 -9999 -9999 -9999 -9999 -9999 -9999 -9999 -9999 -9999 -9999 51.30791 51.89083 52.69669 55.765 57.23251 60.64915 65.31083 63.815 69.98499 71.94582 73.87417 83.33833 78.63749 72.36999 71.62833 69.72915 67.51335 66.28834 66.27499 66.50667 79.71834 82.5925 72.05167 63.59919 57.25751 45.78167 48.275 53.71749 41.00584 36.85084 35.445 33.26001 31.03834 29.48666 27.29416 25.57334 24.63417 23.63833 24.14001 24.9125 23.33833 23.27667 23.29416
-9999 -9999 -9999 -9999 -9999 -9999 -9999 -9999 -9999 -9999 -9999 -9999 -9999 -9999 -9999 -9999 -9999 -9999 -9999 -9999 -9999 -9999 -9999 -9999 -9999 -9999 -9999 -9999 -9999 -9999 50.61649 51.18916 51.03333 51.75917 53.82748 58.65418 62.1375 67.59167 65.61833 69.32001 74.14581 75.66666 75.37916 69.03666 66.61167 68.07668 66.75335 66.59583 63.32667 65.45083 59.42416 70.95668 66.90667 54.40499 52.84249 51.00584 44.8075 46.50666 41.875 46.46498 41.145 37.8975 32.71915 28.77333 26.835 26.49667 23.69416 22.54833 24.08916 23.245 22.125 22.42417 22.595
-9999 -9999 -9999 -9999 -9999 -9999 -9999 -9999 -9999 -9999 -9999 -9999 -9999 -9999 -9999 -9999 -9999 -9999 -9999 -9999 -9999 -9999 -9999 -9999 -9999 -9999 -9999 -9999 -9999 49.4246 49.24165 49.0875 49.17915 49.93 51.83584 53.41499 56.32915 59.98083 61.20832 61.42833 64.02001 70.12582 72.60916 65.82749 65.3825 69.96084 64.85083 65.94833 62.56584 58.05249 54.59082 52.11002 56.53251 56.19416 46.1925 44.46834 41.11666 46.16335 46.72501 42.24084 41.9125 37.03917 32.41083 29.935 28.11084 26.20167 25.25667 24.3825 22.72167 21.72833 20.86416 21.32833 21.39334
-9999 -9999 -9999 -9999 -9999 -9999 -9999 -9999 -9999 -9999 -9999 -9999 -9999 -9999 -9999 -9999 -9999 -9999 -9999 -9999 -9999 -9999 -9999 -9999 -9999 -9999 -9999 -9999 -9999 48.86168 48.33583 47.8975 47.8325 48.10583 49.59416 51.22918 51.46334 54.46501 55.06583 57.50832 60.08667 61.52584 61.0425 60.93666 59.71584 67.6625 62.42835 62.60001 59.04084 56.80085 53.75751 50.93749 49.15083 46.45084 45.58252 43.51999 43.3825 43.9175 44.355 39.35333 38.85667 36.355 34.90583 35.30001 32.04667 26.69333 24.5475 25.58334 21.135 19.77917 19.6125 20.01 20.5275
-9999 -9999 -9999 -9999 -9999 -9999 -9999 -9999 -9999 -9999 -9999 -9999 -9999 -9999 -9999 -9999 -9999 -9999 -9999 -9999 -9999 -9999 -9999 -9999 -9999 -9999 -9999 -9999 48.77351 48.14917 47.37835 46.74834 46.22999 46.19166 46.59 48.02082 48.805 50.37584 52.4875 53.76084 55.53583 58.80082 57.26499 56.67918 57.69165 56.21417 57.50834 58.195 54.11916 53.39834 51.66917 50.34084 51.07249 48.39667 48.91333 45.97667 44.9425 43.08334 40.9 38.52916 37.27666 35.27667 35.48083 37.74585 35.95583 25.12333 21.87667 20.45083 19.4 18.8425 18.83833 18.97417 19.58084
-9999 -9999 -9999 -9999 -9999 -9999 -9999 -9999 -9999 -9999 -9999 -9999 -9999 -9999 -9999 -9999 -9999 -9999 -9999 -9999 -9999 -9999 -9999 -9999 -9999 -9999 -9999 49.09375 48.24584 47.33749 46.25668 45.29333 44.53168 44.16332 44.345 45.075 46.62084 48.08083 49.32832 50.2775 51.27251 52.68668 54.24751 54.17084 57.03333 56.99833 55.90998 55.19083 52.35416 50.42168 50.16419 49.52666 48.93333 48.16666 47.51166 45.94001 44.12583 42.14083 40.72417 38.90083 36.79 34.37166 33.48417 30.44333 27.46667 22.825 21.08333 19.22417 18.54084 18.71667 18.46 18.5525 19.685
-9999 -9999 -9999 -9999 -9999 -9999 -9999 -9999 -9999 -9999 -9999 -9999 -9999 -9999 -9999 -9999 -9999 -9999 -9999 -9999 -9999 -9999 -9999 -9999 -9999 -9999 -9999 48.51458 47.68169 46.6325 45.17416 43.78583 42.6325 42.00999 42.02417 42.67417 44.06417 45.44666 47.91 49.10249 50.12833 54.21502 54.7725 50.63501 51.48165 52.81083 52.76833 53.47501 52.26083 50.93333 50.73084 47.3325 47.21917 48.03333 47.41333 47.00833 46.26749 43.35501 42.33917 39.60083 37.10999 34.50499 31.77833 27.3075 23.43 20.7625 19.19 18.3725 18.31833 18.12417 18.31833 18.28583 19.90333
-9999 -9999 -9999 -9999 -9999 -9999 -9999 -9999 -9999 -9999 -9999 -9999 -9999 -9999 -9999 -9999 -9999 -9999 -9999 -9999 -9999 -9999 -9999 -9999 -9999 -9999 47.94792 47.53834 47.36499 46.22749 44.33916 42.74916 41.06916 39.97499 39.87251 40.64334 42.39417 44.35167 47.97749 50.08583 46.6325 48.97583 49.03584 47.62831 48.06667 49.07667 48.14501 49.84334 48.73333 46.97084 46.39584 47.37167 48.13916 48.55999 47.87751 47.70667 47.98835 47.03917 44.62 41.32 37.235 33.25666 28.87667 25.0625 22.1625 19.79083 18.35084 17.96917 18.14666 18.3875 18.95083 19.22833 22.47166
-9999 -9999 -9999 -9999 -9999 -9999 -9999 -9999 -9999 -9999 -9999 -9999 -9999 -9999 -9999 -9999 -9999 -9999 -9999 -9999 -9999 -9999 -9999 -9999 -9999 46.66874 47.165 47.27082 46.62583 45.64 44.12 42.57334 40.75667 39.35667 39.095 40.41917 42.64 45.54918 47.00666 51.10582 46.36 47.515 48.40166 48.71167 50.53249 51.56166 47.74083 46.24751 45.08334 45.59417 46.36418 47.74583 46.31667 46.82166 44.99002 46.78418 47.40167 45.77251 45.005 40.955 36.68583 32.3225 28.1275 24.58 21.8075 19.12833 18.06834 18.22583 18.42583 18.49832 18.90334 19.60834 21.93583
-9999 -9999 -9999 -9999 -9999 -9999 -9999 -9999 -9999 -9999 -9999 -9999 -9999 -9999 -9999 -9999 -9999 -9999 -9999 -9999 -9999 -9999 -9999 -9999 -9999 46.069 46.72833 46.48335 45.81166 44.81083 44.335 43.055 42.18082 41.16833 40.11166 44.92749 50.47083 45.92751 47.59333 50.07333 50.24999 48.13666 46.40501 46.57833 46.36583 49.71 47.57251 44.64249 45.46416 42.76084 42.95667 42.3875 42.61333 43.735 44.9425 41.67833 39.57334 38.09166 37.55501 36.65001 34.91084 31.39582 27.64167 24.56001 21.86417 19.34667 18.97417 19.03333 18.805 18.96417 19.3525 19.8725 21.17084
-9999 -9999 -9999 -9999 -9999 -9999 -9999 -9999 -9999 -9999 -9999 -9999 -9999 -9999 -9999 -9999 -9999 -9999 -9999 -9999 -9999 -9999 -9999 -9999 44.52777 45.58084 45.61251 45.41251 44.99918 44.33583 44.2 43.86166 43.45833 42.9025 41.15083 44.1 48.59249 48.55 46.22583 52.44417 58.23167 51.11 44.585 45.88 45.19583 45.64917 44.16249 42.76499 43.70917 43.50499 42.44751 41.99083 43.10083 42.87418 41.09917 37.16751 36.44833 35.245 34.39667 34.02916 32.85667 29.95 27.27 24.02083 21.08167 20.01334 20.13917 19.66999 21.6175 22.58417 23.48084 23.79667 24.72417
-9999 -9999 -9999 -9999 -9999 -9999 -9999 -9999 -9999 -9999 -9999 -9999 -9999 -9999 -9999 -9999 -9999 -9999 -9999 -9999 -9999 -9999 -9999 42.88003 43.4575 43.85167 43.71418 43.7525 44.21 44.26834 44.10081 44.60667 44.33833 43.64834 42.73999 41.37667 44.43333 46.1675 45.48666 46.00666 48.11832 47.56084 43.88749 43.27583 43.3475 43.81 44.01334 43.125 42.0775 42.39167 41.69749 41.11167 40.16417 38.47667 36.23583 34.175 33.27333 32.85917 32.83167 32.36166 30.12583 28.45916 26.29501 23.52417 20.79166 20.94834 20.16417 21.14249 26.90417 29.50416 32.56583 31.30667 29.10167
-9999 -9999 -9999 -9999 -9999 -9999 -9999 -9999 -9999 -9999 -9999 -9999 -9999 -9999 -9999 -9999 -9999 -9999 -9999 -9999 -9999 -9999 40.86512 41.93418 42.255 42.03833 42.56667 42.805 43.05251 43.9125 44.50251 45.23668 45.4175 45.47501 42.44751 43.715 45.71167 47.96333 48.14167 48.32082 48.175 47.63417 46.79166 45.5625 44.63668 43.95667 43.82583 43.61251 41.68 40.50917 39.06583 37.73166 35.57083 33.4425 32.53083 31.89833 31.73416 31.94834 30.30167 31.00834 28.64166 28.77333 26.3725 23.50917 20.835 21.84333 24.60917 25.36084 30.59333 30.80834 29.38167 28.32833 27.94084
-9999 -9999 -9999 -9999 -9999 -9999 -9999 -9999 -9999 -9999 -9999 -9999 -9999 -9999 -9999 -9999 -9999 -9999 -9999 37.7557 38.56443 39.46416 40.13332 40.795 40.95417 40.53916 41.32082 41.76667 41.73334 43.29333 44.52834 44.12917 45.08833 44.99667 40.71084 42.25 47.45 49.88417 49.87166 50.64499 49.68001 49.05751 49.9025 49.88417 49.24333 47.96333 46.61833 42.78416 39.63666 37.89083 36.985 34.63333 33.1825 32.84166 31.63583 34.44999 38.7975 35.14167 33.00333 30.65083 26.27749 28.47 26.21417 20.89166 20.2075 21.52167 24.48084 26.92584 28.395 28.15334 27.54667 26.16667 25.09583
-9999 -9999 -9999 -9999 -9999 -9999 -9999 -9999 -9999 -9999 -9999 -9999 -9999 -9999 -9999 -9999 -9999 36.01794 36.89309 37.83165 38.44249 38.77582 39.325 39.50333 39.31999 38.94333 40.51083 39.79666 40.54584 40.55583 41.17418 42.46416 42.70668 42.64917 44.37666 49.70166 51.47083 51.66666 52.96334 52.53167 52.2375 54.69917 58.24416 58.82664 57.40916 53.475 51.82085 42.54083 35.5 32.775 32.85084 33.1925 31.51666 29.35666 30.53666 32.22833 44.81 49.51667 35.43333 28.035 32.5275 28.99918 20.66334 19.27833 19.12667 20.5675 22.59417 24.73834 26.14666 26.00751 26.01665 24.76666 24.10333
-9999 -9999 -9999 -9999 -9999 -9999 -9999 -9999 -9999 -9999 -9999 -9999 -9999 -9999 -9999 34.6694 35.22876 35.79168 36.52 37.29584 37.76917 37.88416 38.06584 38.40917 37.98251 38.21083 38.71333 39.4725 39.2275 39.66832 40.0825 40.82082 46.52583 47.65419 50.48167 46.01167 50.98666 56.18417 58.0325 59.69915 59.86166 65.61749 66.10835 64.59917 62.39668 60.08167 53.72084 43.24916 35.03416 32.25666 29.45416 31.085 29.26 29.23501 37.00501 35.145 42.75583 37.86334 34.4875 37.48417 41.8275 22.15666 18.58 18.16 18.73417 20.03083 21.70416 23.57167 24.95584 25.09083 24.81083 24.02584 23.57665
-9999 -9999 -9999 -9999 -9999 -9999 -9999 -9999 -9999 -9999 -9999 -9999 33.12777 34.00173 34.305 34.64 34.77 34.8775 35.65084 35.92167 36.14833 36.60584 36.49417 37.16417 36.64584 37.16583 37.08917 38.48667 39.68834 40.44251 41.25833 44.66499 47.6175 54.67083 56.95916 52.40334 56.43083 63.11252 65.40165 68.1492 59.91917 64.38332 70.63667 71.79084 70.71748 64.49082 56.10833 48.6025 40.28166 36.11083 29.92916 28.85 27.65416 26.41166 31.11333 35.9 46.3825 44.09834 47.02499 48 28.28917 19.49 17.00499 17.31584 18.71667 20.305 21.70416 23.62917 24.54583 24.3975 24.01417 23.6925 23.32584
-9999 -9999 -9999 -9999 -9999 -9999 -9999 -9999 -9999 -9999 32.29963 32.75917 33.16251 33.43666 33.60833 33.76749 33.71166 33.91417 34.09083 34.6075 34.80167 35.22501 35.6925 35.71582 35.92165 36.83751 37.68583 40.35167 42.68166 40.83582 40.8825 45.72167 52.92833 57.60084 59.82999 60.10916 55.40834 62.79083 60.23501 56.99498 56.9375 59.59166 64.03999 66.07835 70.985 63.92916 56.38417 46.10583 39.35083 33.64251 34.67751 38.79417 29.05667 25.62583 27.38916 36.0725 46.4575 42.78167 32.20501 26.20082 20.5975 16.68 15.71833 16.83833 18.91 20.71251 22.60833 24.0425 25.06334 24.57 24.17583 23.9725 23.45167
-9999 -9999 -9999 -9999 -9999 -9999 31.46634 31.66366 31.84167 32.09833 32.38083 32.63416 32.69834 32.61333 32.59251 32.54333 32.52751 32.74918 33.10917 33.31833 33.64251 34.02084 34.77 34.79083 35.4825 37.09584 38.30167 41.40583 40.82833 41.22 46.065 47.585 52.2 56.03334 58.80333 62.765 65.41 58.5775 54.9525 53.94584 57.7925 60.1725 66.18334 71.15417 66.6775 61.24834 52.84999 43.81833 42.3825 43.49083 44.71917 33.80332 28.2875 26.51833 27.97583 33.1825 36.61501 33.68333 22.79083 19.52084 16.9225 14.72583 15.0375 17.0075 19.11833 21.77417 23.32083 24.7175 25.18999 24.925 24.90249 24.15917 23.6325
-9999 -9999 -9999 -9999 -9999 31.11548 31.33833 31.8725 32.05999 32.0125 32.07666 32.10666 32.10167 31.68332 31.35833 31.24583 31.39666 31.67249 32.12417 32.79833 32.8975 33.83083 33.59583 34.36 35.60418 37.18417 38.75166 40.3625 40.9975 41.21001 46.27668 47.67916 52.49501 52.93417 58.03165 60.87 62.2825 61.61499 58.11418 56.55333 57.38501 64.00749 69.83583 67.71665 63.66999 58.04667 52.09999 49.75 49.14666 43.17583 37.15083 31.42917 29.24166 27.06668 27.33667 27.59666 30.76834 28.17416 18.99917 16.88667 15.23833 14.12667 14.99583 17.17666 19.92 22.74833 23.78167 24.66833 25.51917 25.8975 25.14667 24.31667 24.005
-9999 -9999 -9999 31.40696 30.96916 31.30583 31.24916 31.18584 31.1425 31.50499 31.455 31.42084 31.24999 30.85418 30.47584 30.40749 30.66334 31.08666 31.6725 32.47833 33.05333 33.40499 34.01249 35.8775 35.84499 36.8175 38.57584 39.97167 39.69334 40.91499 46.02584 50.87 55.22416 54.0475 59.54417 62.80417 63.20084 60.19333 61.04334 59.63667 60.59834 67.79333 67.14249 64.18083 60.35416 56.93333 54.98917 54.35833 48.19333 41.37249 32.82417 29.53667 27.37084 24.5825 24.4875 22.66917 22.15667 19.08917 17.13333 15.5025 14.73166 14.5725 15.5075 17.90333 20.8125 23.65 25.3075 26.26084 26.16917 26.38583 25.44333 25.02916 24.71
-9999 -9999 -9999 30.7325 30.51 30.78833 30.86082 31.05417 30.15166 30.57084 30.69583 30.73833 30.6175 30.26666 30.1 30.28168 30.79333 31.5025 32.35085 32.89418 33.28333 33.5075 34.1925 35.63582 36.20666 37.00667 37.73916 37.57084 38.97667 41.51001 43.91666 47.23999 51.63749 53.8875 59.71917 63.95499 60.6575 60.1375 61.28584 60.06082 63.39999 64.54334 62.5 60.66833 58.21332 54.51501 52.13416 48.64333 41.59001 35.11 30.13667 28.38334 26.12916 23.14917 21.3275 20.09834 19.22583 17.45584 16.17417 15.2725 15.1775 15.47 16.03416 18.07583 21.24917 24.53084 26.9175 27.80667 27.50333 27.06416 26.0975 26.53917 26.34084
-9999 -9999 30.43667 30.2475 29.85334 29.98084 30.25501 30.12751 29.45416 29.38916 30.03834 30.59917 30.84334 30.70832 30.9175 31.1425 31.99667 32.68834 33.27585 34.10082 34.2775 34.43 34.34418 34.80916 35.94334 36.80751 37.07501 37.8325 40.74083 43.33583 43.88083 45.50084 48.85167 56.10917 60.765 59.16167 56.83417 58.35751 56.99834 57.3 59.97001 59.29332 58.8325 57.4775 55.8 53.85083 48.84083 40.375 35.18 30.55 28.19666 27.29917 25.69 24.46417 20.545 18.82916 17.64833 16.41167 15.76499 15.7275 15.9425 16.495 17.66917 19.10417 21.69333 25.0375 26.8075 27.735 28.26917 27.73 27.34 28.3775 26.91916
29.97282 30.03789 29.89334 29.79667 29.33583 29.26416 29.015 28.68 28.7175 28.67751 29.49499 30.0025 30.42333 31.09834 31.29334 31.85584 32.2 33.14333 33.92583 34.6925 35.11167 35.33583 34.91667 35.30917 35.74583 36.21502 37.07834 39.35167 43.19249 44.87084 45.0475 48.55417 51.52501 54.5675 56.94249 57.11749 56.23999 55.57417 55.23749 58.70916 59.08999 57.63668 57.27665 54.22667 52.38751 46.85416 39.43832 34.31334 30.63834 27.67083 26.10749 25.69334 23.86084 20.68334 19.07417 18.18583 16.675 16.08916 16.12167 16.1325 16.79833 17.445 18.67583 20.67417 22.85333 25.39666 27.56334 28.81667 29.69667 29.13168 28.19 27.09584 27.29667
30.19082 29.71501 29.54166 29.15833 28.72334 28.44917 28.30917 27.9925 28.16083 27.86334 28.79083 29.39666 29.66167 30.06083 31.14917 32.00835 32.55167 33.18332 34.025 34.54834 35.12501 35.65916 35.83499 36.30917 36.71166 36.75166 37.53667 38.89166 41.67166 45.31416 48.69585 51.97248 53.73668 53.83583 56.46333 57.29833 54.78585 54.38585 53.11166 54.47667 54.05415 52.80249 50.98082 51.4175 46.80167 40.36333 35.04 30.89 27.84333 25.19583 23.09167 22.735 21.47333 18.71416 17.58083 17.23 16.50833 16.39915 16.62916 16.825 17.78167 18.83167 20.30333 22.77333 25.315 26.49833 27.64918 28.79584 29.92167 28.6725 27.20501 26.87833 26.48667
29.615 29.2125 28.83999 28.42499 27.85999 27.7325 27.7275 27.50332 27.545 27.6425 27.315 28.21333 28.76583 29.42333 30.39999 31.03916 31.44917 32.205 33.25083 34.04333 35.13417 35.87002 36.27333 36.81499 37.33916 37.8075 38.24916 39.25999 41.26333 43.96167 47.04002 48.86 53.08833 55.35918 58.04501 56.91 53.60835 53.48001 52.03416 50.25583 50.36666 47.83334 47.19917 45.69333 41.66833 36.90501 32.38 29.00916 25.8325 23.41 21.91833 21.05083 18.79833 17.83583 17.18833 17.12667 16.88 16.8725 17.2425 17.8925 19.07667 21.05666 22.98083 24.42999 26.4475 27.69666 28.12834 28.53583 28.0575 26.54334 26.3075 25.80167 24.915
