layers/final_practice/hyla_meridionalis/prec_max.asc
ncols         400
nrows         278
xllcorner     -21.041487136433
yllcorner     26.106002917928
cellsize      0.083333337679505
NODATA_value  -9999
[rows 170 to 203 of 278, columns 231 to 307 of 400]
60.49 63.52 66.17 68.8 72.51 75.96 77.34 75.82 75.46 69.91 66.62 65.03 62.47 57.08 55.44 56.76 60.8 60.22 58.07 61.18 59.44 58.81 55.59 55.02 54.5 54.28 54.44 53.96 52.76 52.31 52.29 53.02 52.4 52.23 52.93 51.64 49.48 47.99 47.44 46.62 47.06 46.25 46.01 43.02 39.88 37.49 36.11 35.98 35.18 34.67 34.22 34.95 36.61 37.29 38.02 37.77 37.28 36.96 36.71 36.29 34.03 33.74 36.73 38.68 35.96 35.49 34.59 32.88 32.48 32.17 34.92 34.71 33.72 31.87 29.57 25.28 23.91
59 61.25 66.24 69.95 72.52 74.17 73.5 71.06 71 65.07 60.75 56.45 53.71 49.38 52.61 46.59 48.9 51.64 54.2 55.15 51.95 50.52 50.77 50.63 51.04 51.17 51.79 51.89 50.83 49.69 48.93 49.29 49.94 49.13 49.22 47.69 45.69 44.4 43.29 42.4 42.43 41.58 41.33 40.57 40.15 38.09 36.32 34.61 33.89 33.79 34.46 35.25 35.25 35.4 35.31 35.26 35.44 35.48 35.01 34.84 35.31 37.95 37.62 35.83 35.27 35.4 32.74 32.13 33.49 33.25 32.6 33.76 30.63 28.34 26.24 24.78 23.08
51.64 57.34 62.47 67.98 74.5 75.09 71.23 67.3 62.49 56.69 51.92 48.13 47.02 44.69 46.35 43.42 43.23 46.81 47.5 48.78 47.54 46.83 46.68 47.16 48.83 48.85 49.17 49.42 48.5 47.38 46.23 45.51 45.46 45.45 44.9 43.74 42.06 40.72 39.23 38.33 37.89 37.34 36.97 36.59 36.13 35.09 34.08 33.49 32.9 32.94 33.56 34.18 33.97 33.65 33.99 34.09 34.68 35.02 35.59 37.51 38.73 38.74 36.46 36.29 34.9 34.01 34.12 33.21 32.67 31.31 29.79 27.91 26.23 25.37 24.35 22.75 23.32
48.4 54.01 65.19 79.77 85.48 81.93 73.95 65.2 59.9 55.68 48.73 45 42.48 40.9 39.58 38.62 39.51 42.41 42.66 43.81 44.17 44.37 44.56 46.03 46.28 46.54 47.74 47.33 45.9 44.78 43.75 43.37 43.23 42.43 41.5 40.18 38.92 37.57 36.37 35.13 34.75 34.51 34.53 34.21 33.51 33.02 32.46 32.23 31.82 32.08 32.44 32.95 33.22 33.26 33.84 34.02 35.12 36.26 35.86 37.13 37.36 37.01 35.64 35.02 35.17 34.12 34.44 33.08 31.25 29.58 27.94 26.46 26.13 25.18 24.42 23.67 23.91
51.3 58.14 64.3 69.3 76.02 76.17 70.15 67.7 59.42 51.44 46.76 43.08 40.51 41.03 40.13 38.97 38.67 40.05 41.58 43.14 42.57 43.39 43.61 44.26 44.82 45.21 44.48 43.9 43.13 42.43 41.93 41.2 40.19 39.56 38.41 37.16 36.2 35.08 33.92 33.09 32.49 32.5 32.43 32.11 31.71 31.89 31.47 30.91 30.84 31.19 31.87 32.18 32.16 32.63 33.64 35.82 35.68 36.05 36.84 36.55 36.66 35.79 35.32 35.03 35.01 33.53 32.31 30.47 30.81 29.01 26.88 25.62 25.09 24.13 21.73 21.62 21.51
60.44 71.97 73.66 76.64 70.1 64.99 67.14 62.08 57.15 50.99 46.62 42.02 43.84 41.71 38.91 38.22 39.06 43.43 44.22 43.75 42.54 41.85 42.01 42.22 42.24 42.04 41.05 40.59 40.01 39.21 38.87 37.91 36.99 36.6 35.37 34.56 33.83 32.87 32.02 31.36 30.79 30.71 30.83 30.97 30.63 30.84 30.2 29.99 30.57 31.39 31.21 31.84 32.58 33.95 36.28 35.88 37.05 37.56 39.02 37.27 36.31 36.13 35.18 34.83 34.87 32.31 30.37 29.04 28.13 27.43 27.56 25.77 23.74 20.97 19.89 19.54 19.56
73.12 72.81 76.28 73.35 69.19 65.1 61.62 57.4 53.29 48.44 42.39 40.38 40.73 39.15 38.51 39.17 41.59 42.43 41.98 40.98 40.04 39.79 40.36 39.51 38.95 38.64 38.23 37.75 37.49 36.85 35.87 34.92 34.28 33.69 33.05 32.48 31.8 31.09 30.53 30.15 30.41 30.73 30.98 30.7 30.14 30.18 30.99 29.54 30.39 30.31 30.8 31.59 33.3 38.21 40.87 40.06 39.24 38.79 37 36.31 36.92 36.4 32.21 31.17 30.56 30.33 29.39 30.28 29.41 27.89 24.99 21.94 20.5 19.61 18.77 18.32 18.39
65 70.97 71.26 70.25 65.18 61.28 57.96 54.4 50.29 46.05 42.04 39.89 39.62 39.24 39.53 40.28 40.13 39.59 38.85 38.2 37.61 37.45 37.05 36.5 36.18 35.9 35.51 35.07 34.66 33.96 33.18 32.61 32.44 32.2 31.86 31.52 31.13 30.75 31 31 31.39 31.01 31.52 31.57 31.67 32.17 30.71 29.52 29.65 30.54 30.49 30.78 32.48 35.84 38.25 39.8 39.05 37.22 35.85 33.6 33.17 30.99 28.35 27.85 28.08 30.06 29.8 30.88 28.74 23.67 20.76 19.51 18.67 18.15 17.74 17.42 17.05
60.29 60.53 62.78 62.64 60.56 58.38 55.84 53.06 49.49 46.12 42.84 40.96 40.1 39.38 38.75 38.36 37.87 37.32 36.56 36.03 35.45 34.89 34.44 34.1 33.91 33.62 33.17 32.7 32.01 31.45 31.3 31.3 31.26 31.03 31 31 30.89 30.97 31 31.01 31.8 31.81 32.3 32.4 32.15 31.03 30.88 32.59 31.58 30.7 30.25 29.65 31.45 32.27 33.07 34.1 34.17 32.15 30.02 29.38 29.09 27.03 25.52 25.57 26.99 28.63 30.46 27.64 23.2 20.7 19.07 18.35 17.74 17.3 17.03 16.8 16.47
54.64 54.95 56.64 57.43 57.12 56.7 55.55 52.12 48.44 45.48 42.82 40.82 39.55 38.53 37.66 37.02 36.39 35.74 35.04 34.33 33.57 32.9 32.46 32.04 31.84 31.44 30.84 30.28 29.97 30.01 30.31 30.4 30.24 30.64 30.52 30.54 30.84 30.74 31 31.51 32.36 32.9 33.21 33.19 32.33 33.14 34.67 36.12 33.96 32.86 32.58 31.44 30.36 29.79 29.27 28.99 28.68 27.38 26.66 26.41 25.99 24.09 23.48 23.48 26.16 28.84 24.24 21.67 20.14 19.03 18.19 17.38 17.01 16.65 16.43 16.05 16
50.6 52.41 54.88 56.37 55.3 54.11 53.05 50.4 47.29 44.04 41.77 39.95 38.93 37.8 36.88 36.05 35.35 34.64 33.79 32.89 31.72 30.76 30.59 30.1 29.6 29.29 28.85 28.96 29 29.3 29.85 29.55 29.6 29.83 30.03 30.66 30.99 31.33 31.78 32.53 33.68 34.2 33.74 33.44 34.82 36.07 37.82 38.64 36.51 34.4 32.42 30.68 30.43 29.83 28.88 28.32 26.41 25.56 25.05 24.33 23.29 22.49 22.07 21.6 21.23 21.4 20.52 19.95 18.75 17.87 17.17 17 17 16.25 16 16 16
50 52.94 54 53.16 52.31 51.27 49.68 47.52 45.09 42.57 40.63 39.21 37.93 37.19 36.06 35.27 34.54 33.52 32.36 31.22 30.14 29.22 28.84 28.41 28.25 28.01 28.01 28.22 28.16 28.88 29.31 29.21 29.82 30 30.11 30.92 31.08 31.58 32.61 33.77 34.2 35.03 34.29 34.74 37.79 39.83 38.95 36.34 34.06 32.47 30.37 28.9 28.39 28.2 28.99 27.76 24.52 23.67 23.31 22.56 22.23 22.02 21.85 20.93 20.26 19.47 18.96 18.28 17.51 17.02 17 17 16.35 16 16 16 16
48.14 48.95 49.33 49.32 49.04 47.99 46.69 45.04 43.24 41.38 39.53 38.09 37.05 36.23 35.44 34.64 33.15 32.31 31.97 31.29 29.66 28.85 28.18 28 27.69 27.96 28 28.07 28.56 29.45 29.69 29.76 29.96 30.42 30.98 31.01 31.69 31.78 32.86 33.84 35.35 35.57 36.54 37.23 38.58 39.02 38.03 35.01 31.38 29.25 27.68 26.67 26.74 26.77 28.44 24.48 23.82 23.29 22.58 21.89 21.25 21.23 20.42 19.39 18.68 18.1 17.61 17.12 17 17 17 16.71 16.02 16 16 15.98 15.8
45.04 45.73 46.26 46.38 46 45.29 44.32 43 41.61 40.16 38.72 37.41 36.23 35.49 34.97 34.08 32.7 32.34 32.17 30.88 29.85 29.03 28.13 27.83 27.47 28.01 28.03 28.58 29.15 29.5 29.85 30.01 30.52 30.98 31.1 32.18 32.35 31.68 32.57 33.89 35.52 36.43 36.64 37.24 38 36.78 34.34 32.63 31.22 27.28 25.95 24.9 25.11 26.52 24.87 23.86 24.01 24.49 23.8 22.42 21.32 20.32 18.7 18.12 17.81 17.8 17.43 17.1 17.01 17 16.86 16.06 16 15.97 15.49 15.09 15
42.78 43.36 43.81 43.76 43.42 42.99 42.18 41.24 40.17 39.09 37.97 36.92 35.92 35 34.44 34 33.03 33.36 32.08 30.6 29.84 29 28 28.02 28.89 29.07 28.88 29 29 29.32 30.25 30.73 31.46 31.94 33.49 33.54 32.2 32.64 33.17 34.39 35.99 36.05 35.6 34.25 35.32 35.06 32.34 33.89 29.75 25.69 24.09 23.31 22.98 22.66 22.66 24.09 26.2 26.56 25.15 23.39 21.6 20.02 18.52 17.8 17.35 17.48 17.04 17 16.97 16.55 16.15 16 15.85 15.33 15.03 14.99 14.7
39.63 39.96 40.22 41.15 41.17 40.96 40.39 39.6 38.81 38.03 37.19 36.34 35.58 34.9 34.02 34 33.14 32.8 31.67 30.44 29.77 28.89 27.99 27.84 28.95 30.26 29.83 29.74 30.13 30.58 31.61 31.73 32.01 33.95 36.2 36.39 32.56 33.46 34.47 34.69 34.08 32.46 32.04 31.32 32.1 34.31 32.14 28.83 25.81 24.44 23.81 22.97 22.04 21.46 23.15 26.55 29.67 28.25 26.31 24.31 22.34 20.64 19.12 17.72 17.01 17 17 17 16.63 16 16 15.69 15.03 14.87 14.63 14.5 14
38.07 38.41 38.26 38.26 38.42 39.1 38.43 37.74 37.31 36.87 36.35 35.74 35.06 34.44 33.97 33.89 33.76 33.91 31.79 30.65 29.62 28.59 27.74 27.23 28.23 29.43 30.67 31.15 31.36 32.64 33 32.7 33.34 35.49 38.17 36.35 33.22 33.97 34.28 33.43 32.2 29.91 28.81 29.7 31.15 31.34 27.22 25.62 24.67 24.11 24 22.56 21.47 21.09 24.09 28.22 30.83 29.2 27.38 25.39 23.19 21.54 19.55 18.19 17.25 17 16.86 16.64 16.21 15.66 15.18 14.98 14.75 14.11 14 13.93 13.29
37.26 37.45 37.77 37.74 37.57 37.58 37.01 36.91 36.34 35.77 35.37 35.01 34.47 33.99 33.39 33.14 33.99 35.79 32.36 30.83 29.81 28.61 27.83 27.04 27.72 28.15 29.6 30.69 30.82 31.75 32.01 33.42 35.07 36.73 35.68 32.4 31.56 32.89 36.05 33.9 30.28 29.21 29.91 27.49 26.8 25.79 24.96 24.41 23.63 22.96 22.11 21.26 20.3 20.8 23.66 26.54 28.13 27.93 26.67 24.96 23.1 21.34 19.66 18.44 17.27 16.29 16.05 15.67 15.27 15 14.97 14.23 14 14 14 13.63 13
36.44 36.59 36.61 36.69 36.64 36.42 36.32 35.86 35.45 34.94 34.56 34.15 33.73 33.21 32.96 32.61 34.8 35.07 32.15 30.59 29.97 28.74 27.62 27 27.31 28.19 28.52 28.95 29.51 30.65 33.13 33.2 33.55 34.47 33.9 30.43 29.43 30.49 30.62 29.96 30.34 30.48 29.08 25.5 24.45 23.77 23.4 23.31 22.44 21.46 20.97 20.12 20 20.4 22.49 24.47 25.67 25.82 25.1 23.89 22.45 21.08 19.45 18.24 16.75 15.84 15.42 15.07 15 14.3 14.04 14 13.99 13.69 13.22 13.12 13
35.35 35.4 35.41 35.4 35.4 35.26 34.91 34.61 34.35 33.89 33.51 33.27 33.05 32.44 32.05 31.75 31.84 31.88 30.86 29.98 28.93 28.07 27.14 27.11 27.36 27.63 27.58 27.87 28.71 30.24 30.87 30.3 29.91 30.26 29.57 28.49 28.05 29.58 28.12 28.47 29.73 26.76 24.78 23.81 23.03 22.62 21.95 22.12 21.59 21 20.14 20.02 19.93 19.6 21.06 22.49 23.34 23.62 23.08 22.18 20.95 19.68 18.37 17.04 15.8 15.05 14.58 14.39 14.1 14.01 13.98 13.63 13.39 13.01 13 12.99 12.69
34.28 34.26 34.26 34.2 34.13 33.88 33.66 33.4 33.13 32.88 33.18 32.42 31.81 31.41 31.04 30.68 30.38 30.4 29.7 28.86 27.92 27.14 26.87 26.28 26.71 27.05 27.65 28.09 29.01 28.39 28.03 27.38 26.4 27.47 27.06 26.17 27.3 27.5 25.6 25.32 25.03 24.16 23.3 22.89 22.13 21.44 21.08 20.82 20.49 20.26 19.81 19.28 18.75 18.55 19.37 20.48 21.08 21.22 20.94 20.22 19.25 18.16 17.09 15.92 14.63 14.08 13.69 13.27 13.3 13.64 13.26 13.01 12.93 13 12.91 12.46 12.02
33.27 33.29 33.22 32.97 32.79 32.68 32.48 32.24 32.04 32.43 31.9 31.06 30.67 30.32 29.96 29.6 29.39 28.9 28.36 28.09 27.53 26.42 26.21 25.83 25.4 26.02 27.71 26.14 25.92 25.53 26.99 26.09 25.15 24.52 24.95 25.86 24.69 24.35 23.54 23.26 22.69 22.66 21.92 21.23 20.49 20.29 20.07 19.89 19.82 19.33 18.81 18.26 17.79 17.35 17.62 18.43 18.94 18.97 18.75 18.16 17.46 16.71 15.8 14.67 13.71 13.36 13.32 13.42 13.03 12.98 12.93 12.99 12.06 12.06 12 12 12
32.41 32.31 32.22 32.01 31.84 31.61 31.4 31.33 31.09 32.37 30.45 29.92 29.56 29.3 28.98 28.52 28.14 27.65 27.57 27.96 26.16 26.67 27.33 25.93 24.7 24.66 24.51 23.55 23.77 25.46 25.2 23.52 23.62 23.08 23.38 23.46 22.39 22.14 22.18 22.01 21.99 21.31 21.26 20.6 19.47 18.98 18.78 18.62 18.47 18.34 17.79 17.39 16.91 16.41 16.16 16.4 16.76 16.83 16.61 16.27 15.69 14.85 13.98 13.11 13 12.97 12.69 12.82 12.7 12.24 12.03 12.13 12 11.77 11.95 11.57 11.25
31.48 31.43 31.35 31.16 30.96 30.64 30.46 30.39 31.44 30.24 29.27 28.94 28.52 28.18 27.75 27.32 27.11 26.72 26.15 25.4 24.97 25.15 26.11 24.44 24.05 23.14 23.23 22.81 23.16 25.52 22.65 22.1 22.7 22.87 21.93 21.04 20.52 20.68 21.13 20.97 20.53 19.7 19.33 19.33 18.68 17.91 17.82 17.74 17.27 16.87 16.51 16.37 15.96 15.52 15.09 14.74 14.7 14.7 14.63 14.39 14.04 13.51 13.07 13 12.82 12.43 12.15 12.19 12.24 12 11.94 11.58 11.55 11.08 11.25 11 10.95
30.99 30.81 30.69 30.48 30.1 29.86 29.52 29.68 29.77 28.88 28.34 27.98 27.74 27.55 26.64 26.88 27.17 25.53 25.07 24.16 23.54 23.08 22.64 23.99 23.67 22.55 22.6 21.37 21.94 21.4 21.17 21.22 21.01 21.07 20.3 19.49 19.3 19.25 19.72 19.35 19.05 18.66 18.55 17.78 17.61 17.35 17.01 16.73 16.55 16.45 16 15.29 15.04 14.69 14.15 13.88 13.51 13.2 13.23 13.08 12.84 13 13 12.78 12.2 12 11.63 11.26 11.93 12 11.41 11.01 11 11 11 10.96 10.28
30.21 30.03 29.76 29.64 29.21 28.99 28.98 29.03 28.45 27.99 27.88 27.49 29.54 26.89 25.82 29.71 24.83 23.83 24.78 22.95 22.23 21.88 21.93 23.41 22.15 20.92 21.42 20.51 20.02 20 20.19 20.06 19.87 19.43 19.07 18.64 18.06 17.98 17.87 17.77 17.94 17.82 17.67 17.18 16.6 16.59 16.09 15.74 15.42 15.46 15.12 14.76 14.11 13.79 13.38 13.01 12.83 12.46 12.3 12.31 12.6 13 12.88 12.12 12.05 12 11.83 11.15 11.36 11.46 11 10.88 10.15 10.43 10.63 10.44 10
28.26 27.62 27.56 27.87 28.84 28.71 28.82 28.18 27.91 27.33 26.57 28.2 28.13 24.11 26.7 27.6 22.75 22.61 22.76 22.48 22.38 21.12 22.71 20.84 19.92 19.3 19.29 19.32 19.5 19.79 19.52 19.19 19 18.77 18.29 17.98 17.56 17.18 17 17.01 17.13 16.96 16.84 16.45 16.11 15.8 15.34 14.87 14.54 14.4 14.11 13.87 13.46 12.96 12.78 12.27 12 12 12 12.05 12.29 12.9 12.44 12.07 11.89 11.23 11.34 11.03 10.94 11 10.95 10.32 10 9.83 9.98 10 9.98
26.25 26.13 26.49 27.59 29.01 29.86 27.96 26.9 26.86 25.99 26.09 25.6 24.44 22.41 23.17 21.62 21.51 22 22 23.46 21.28 22.01 21.38 19.29 19.01 19 19.22 19.19 19 19 18.99 18.53 18.35 18.13 18.01 17.72 17.08 16.74 16.46 16.34 16.09 16.06 15.89 15.61 15.14 14.8 14.49 13.99 13.77 13.42 13.13 12.94 12.63 12.16 12 11.78 11.99 12 12 12 12.13 12.12 12.08 11.95 11.43 11.12 10.96 10.68 10.38 10.88 10.23 10 9.73 9.04 9.2 9.33 9.37
26.28 26.09 26.63 28.09 30.1 27.17 25.84 25.16 26.05 25.36 23.77 23.2 22.09 21.82 25.13 22.31 20.71 20.85 21.36 20.51 19.16 18.8 18.96 18.46 18.22 18.77 18.63 18.4 18.11 18.08 18.08 17.99 17.57 17.68 17.48 17.13 17.06 16.49 15.89 15.8 15.68 15.3 14.95 14.69 14.3 13.91 13.49 13.1 12.87 12.58 12.24 12.03 11.79 11.43 11.1 11 11.64 12 11.96 11.89 11.75 11.99 11.94 11.49 11.55 11.28 11 10.73 10.1 10.13 10 9.5 9.08 9 9 9 9
28.04 25.92 24.85 25.42 25.56 24.89 24.38 24.09 25.32 24.22 23.44 22.78 22.28 25.97 24.45 21.68 20.17 20.95 19.91 19.14 18.51 18 18.08 18 18 18 18 18 17.78 17.6 17.54 17.26 16.97 17 16.92 16.49 16.08 16.03 15.85 15.06 15 14.53 14.07 13.78 13.43 13.03 12.63 12.19 12.01 11.8 11.46 11.12 11 11 11 11 11.33 11.98 11.62 11.06 11.06 11.49 11.72 11.43 11.01 11 10.98 10.33 10 10 9.87 9.36 9 9 9 9 9
24.92 23.96 23.65 23.38 23.38 23.6 23.22 23.9 23.48 24.02 23.67 26.59 23.33 20.46 19.63 19.08 19.97 19.5 18.71 18.13 18.01 17.89 17.47 17.45 17.48 17.62 17.5 17.18 17.01 17 16.97 16.72 16.36 16.19 16 15.88 15.37 15.08 15 14.63 14.22 13.98 13.35 12.91 12.56 12.13 11.93 11.45 11.11 11 11 11 11 10.86 11 10.88 10.42 11.2 11.3 11.03 11.01 11.13 10.99 10.72 10.53 10.98 10.53 10.02 10 10 9.3 9.05 9 9 8.99 8.71 8.62
23.45 23.18 23.9 22.86 23.11 22.44 23.51 26.5 22.92 21.91 26.53 21.91 20.07 21.19 19.36 18.88 18.92 18.29 18.03 18.08 17.29 17 17 17 17 17 17 17 16.7 16.39 16.06 16 15.93 15.53 15.25 15 14.8 14.3 14.07 13.99 13.51 13.14 12.88 12.15 11.88 11.43 11.08 11 10.8 10.59 10.47 10.38 10.29 10.1 10.06 10 10 10.76 10.89 10.7 10.8 11.01 10.97 10.98 10.74 10.44 10.08 9.95 9.89 9.5 9.01 9 9 8.9 8.84 8.26 8.01
23.4 23.23 24.87 23.28 22.25 21.85 22.33 26.63 21.17 20.84 21.32 20.02 21.05 20.25 18.28 18.01 18.24 18 17.97 17.82 17.01 17 17 16.56 16.17 16.65 16.4 16.09 16 15.99 15.69 15.26 15 14.95 14.56 14.17 14 13.79 13.27 13.04 12.99 12.61 12.09 11.95 11.19 11 10.91 10.34 10 10 10 10 10 10 10 9.93 9.96 10.63 10.98 10.55 10.37 10.5 10.72 10.7 10.79 10.17 10 9.65 9.24 9.04 9 8.99 8.63 8.06 8 8 8
23.03 22.36 22.29 22.5 21.68 21.78 21.94 23.26 23.07 20.05 20.02 19.94 19.43 18.71 18.02 18 18 17.89 17.59 17.47 17.01 16.94 16.31 16.02 16 16 16 15.94 15.54 15.11 15 14.94 14.5 14.08 14 13.74 13.25 13 12.88 12.36 12.09 12 11.72 11.15 10.92 10.25 10.16 10.06 9.97 9.82 9.65 9.67 9.78 9.72 9.6 9.14 9.24 10.63 10.88 10.51 10.2 9.88 10.13 10.18 10.21 9.91 9.72 9.33 9.19 9 9 8.92 8.29 8 8 8 8
