layers/final_practice/hyla_meridionalis/prec_min.asc
ncols         400
nrows         278
xllcorner     -21.041487136433
yllcorner     26.106002917928
cellsize      0.083333337679505
NODATA_value  -9999
[rows 105 to 139 of 278, columns 160 to 239 of 400]
12.12 14.37 12.87 11.55 10.38 10.78 10.02 9.75 9.76 10 9.17 9.26 9.62 9.24 9.26 10.07 10.37 10.54 10.44 8.4 8.61 9.66 10.1 11.68 11.98 11.84 12.21 13.59 17.22 20.25 20.81 20.04 20.71 19.03 15.71 13.79 12.52 12.59 11.91 11.37 12.35 12.56 11.82 11.34 11.03 11.98 11.34 11.09 10.77 9.82 9.15 9.81 11.73 13.29 13.27 13.98 15.79 15.85 14.75 14.82 15.67 15.33 16.3 17.09 20.16 21.89 25.16 27.99 30.68 33.32 33.88 35.96 35.33 32.98 29.89 26.14 22.12 22.02 23.87 22.15
18.04 14.51 10.79 9.39 8.97 9.82 10.05 9.87 10.08 10.04 9.9 9.85 9.73 9.77 11.06 10.29 9.88 7.97 7.26 7.7 9.11 9.75 12.07 17.22 15.9 12.54 13.56 17.68 19.31 19.51 19.71 17.12 16.87 15.17 14.3 15.45 16.2 14.61 10.87 10.51 10.5 10.35 9.87 10.51 10.77 11.32 11.29 10.43 10.41 9.82 9.66 11.02 12.35 12.83 12.33 13.74 13.79 12.87 13.93 13.8 16.34 17.44 16.02 17.86 18.57 20.11 21.87 26.73 28.89 31.78 33.89 34.84 33.05 30.67 30.4 29.04 23.81 20.97 19.61 23.19
15.66 14.13 9.3 8.37 8.73 8.93 9.45 10.24 10.41 10.99 10.32 9.94 10.47 9.35 8.83 7.82 7.39 6.87 6.35 7.39 8.2 9.51 16.13 20.34 15.27 14.37 17.1 19.76 23.14 21.38 19.09 14.69 16.02 15.96 11.64 9.25 10.2 10.88 10.76 10.34 9.48 8.89 9.66 10.15 10.07 10.77 10.85 10.11 9.81 9.36 9.97 11.4 11.78 11.74 12.6 12.65 11.89 13.14 14.73 13.78 14.74 16.43 17.13 18.41 19.23 20.65 22.13 26.21 29.44 30.64 30.22 34.69 33.62 32.86 32.22 30.25 27.4 23.18 19.63 23.92
9.71 9.05 8.64 8.58 8.17 8.25 8.48 8.76 7.84 7.55 9.57 7.91 7.04 6.59 6.27 6.95 6.07 5.96 5.98 6 8.84 13.35 10.9 14.16 20.34 19.95 19.54 12.58 15.62 13.9 9.84 8.15 9.31 7.37 7.85 8.54 9.48 10.07 8.92 8.2 8.24 9.01 9.87 9.96 9.59 10.2 10.04 10.01 9.56 9.41 9.66 10.26 10.81 11.45 11.39 10.86 11.42 14.12 14.83 14.24 16.31 16.33 16.68 17.38 19.14 21.63 20.14 25.14 26.29 27.58 30.68 31.33 31.93 30.07 33.09 28.15 26.55 22.3 23.26 28.79
9.73 9.53 8.98 8.26 7.3 7.12 7.3 7.05 6.5 6.55 6.8 6.13 5.49 5.72 6 6.1 5.71 5.61 5.7 6.48 8.83 8.89 11.34 9.07 8.73 8.49 7.46 5.93 6.15 6.17 6.43 6.94 7.26 7.62 9.08 9.95 7.93 7.42 7.44 7.94 8.55 9.02 9.25 9.04 9.54 9.48 9.21 9.66 8.7 8.8 9.76 10.79 10.65 10.13 9.75 10.46 11.84 13.94 14.68 14.76 16.05 16.85 17.2 18.77 19.02 19.41 19.92 23.92 26.08 27.5 27.27 27.91 27.32 28.26 29.65 26.9 22.27 23.22 28.08 35.94
9.26 9.59 8.1 7.13 7 6.97 7 7.23 6.91 5.93 5.63 5.01 5 5.23 5.34 5.19 5 5 5.2 5.8 6.27 6.72 6.73 5.6 5.41 5.03 5.01 5.03 5.14 5.8 6.04 6.11 6.36 7.09 7.01 6.76 6.91 7 7.06 7.85 8.09 8.6 8.64 8.39 8.85 8.39 8.8 8.53 8.21 8.6 8.76 8.97 9.01 9.63 10.54 11.36 12.01 13.25 14.07 14.65 15.47 16.75 17.1 18.9 18.33 17.47 19.02 21.45 24.07 23.24 23.8 25.75 24.74 26.09 28.48 26.07 21.91 25.25 30.37 35.64
7.6 7.73 7.4 6.87 6.77 6.34 6.27 6.25 5.99 5.66 5.82 5.03 5 5 4.9 4.65 4.68 5.04 5.26 5.19 4.88 4.38 4.67 4.95 5 5 5 5 5 5.01 5.64 6 6.16 6.12 6.16 6.23 6.44 6.88 7.52 7.83 7.92 7.78 7.87 8.18 8.11 7.89 8.02 8.15 8.78 9.58 9.98 9.99 10.02 10.67 11.06 11.39 11.87 12.72 13.63 13.38 14.08 15.45 16.11 17.04 17.01 17.95 18.85 20.01 21.38 20.43 21.16 21.84 23.67 24.76 24.75 23.64 22.55 21.74 24.21 27.61
7 7.04 7 6.73 5.99 5.98 5.79 5.99 5.65 5.2 5.03 5.06 5 5 5 4.89 5.16 5.46 5.08 4.81 4.3 4.01 4.06 4.26 4.82 5 5 5 5.04 5.57 5.35 5.76 5.48 5.93 6.76 6.61 6.12 6.03 6.48 6.83 7.09 7.13 7.61 7.81 7.64 7.59 7.77 7.98 8.48 8.9 9.25 9.51 9.88 10.06 10.39 10.72 11.32 12.17 12.59 13.12 13.69 14.06 15.26 15.59 15.54 17.71 19.04 20.1 20.58 19.69 20.96 19.95 22.65 24.79 23.32 21.99 23.02 22.24 20.56 22.23
6.97 6.95 6.38 5.84 5.93 5.48 5.91 5.39 5.22 5.23 4.88 4.79 4.72 4.93 4.85 4.96 4.71 4.47 4.49 4.08 4.47 4.49 4.51 4.17 4.8 5.07 5 5.08 5.15 5.17 5 5.44 5.62 6 6.5 6.71 6.64 6.8 6.89 6.43 7.11 7.81 8 8.33 8.51 8.13 7.98 7.99 8 8.11 8.64 8.86 9.15 9.47 9.7 10.08 10.69 11.77 12.42 12.94 12.66 13.4 14.46 14.68 14.52 15.68 16.96 18.7 19.32 18.82 19.43 19.6 19.62 20.27 20.29 21.69 22.4 20.43 18.06 18.82
6.5 6.11 5.97 6.02 5.97 5.51 5.64 5.29 4.98 4.98 5 5 4.99 4.42 4 4 4.28 4.68 4.57 4.37 4.84 4.99 5.39 5.74 5.66 5.4 5.71 6 5.81 5.66 5.83 6.08 6.99 6.76 6.97 6.96 7.33 7.28 7.46 7.05 7.78 8.1 8.01 8.45 8.47 8.1 8.02 8.18 8.01 8.01 8.08 8.56 8.65 9.01 9.09 9.76 10.08 10.98 11.47 12.4 12.22 12.97 14.1 14.18 13.6 14.29 16.2 17.46 17.99 18.32 18.34 17.87 17.23 17.47 18.93 22.02 20.01 19.88 18.97 17.3
5.91 5.94 5.97 5.86 5.64 5.79 5.27 5.01 5 5 5 5 4.98 4.76 4.04 4 4 4.08 4.13 4 4.23 4.7 4.94 5.17 5.6 6.15 6.4 7.42 6.62 6.82 6.04 6.05 7.79 7.79 8.24 8.12 8.46 8.26 8.36 7.51 7.7 8.2 8.45 8.22 8.27 8.14 7.99 8.02 7.95 8 8.01 8.2 8 8.13 8.77 9 9.94 10.92 10.62 11.09 12.03 11.88 13.14 13.45 13.36 13.61 14.22 15.4 16.12 16.72 17.48 18.11 17.06 16.27 18.33 19.15 18 19.28 21.46 20.69
6.01 6 5.95 5.96 5.94 6.07 5.97 5.04 4.98 5 5 4.74 4.92 4.59 4.19 4 4 4 4 4 4.08 4.71 5 5.08 5.22 5.55 7.5 7.77 8.16 6.79 6.74 6.08 6.36 7.43 7.77 7.93 9.62 7.98 9.53 9.01 8.88 8.72 8.86 8.78 8.4 7.44 7.28 7.23 7.15 7.38 7.67 7.49 7.75 7.98 8.03 8.47 9.13 9.77 9.83 10.35 11.32 11.59 11.93 12.16 12.58 13.75 13.93 13.78 14.37 14.87 15.59 15.86 16.02 14.87 16.27 17.02 17.04 16.61 17.74 18.1
6 6.1 6.52 6.18 6.03 6.03 6.03 5.54 5.02 4.91 4.76 4.15 4.01 4 4 4.08 4.12 4 4 4 4 4.69 5.04 6.23 5.75 5.76 7.18 8.23 6.14 5.56 5.44 5.67 5.2 5.53 5.66 6.01 6.82 6.54 7.27 7.08 6.79 6.68 8.51 9.7 8.91 7.87 7.29 7.43 7.03 7 7.01 7 7.03 7.74 8.06 8 8.19 8.85 9.02 9.4 9.95 10.28 10.95 11.2 12.23 13.06 12.61 12.89 13.34 13.9 13.95 14.4 14.15 13.05 14.42 15 14.59 14.42 15.31 16.93
6 6.15 7.06 7.42 6.93 6.48 6 5.73 5.46 5.19 4.92 5 4.52 4.13 4 4.02 4 4 4 4.03 4.22 4.54 4.65 5.61 6.02 5.83 5.51 5.43 5.15 4.44 4.8 4.56 4.59 4.71 5.02 5.45 5.94 6.67 7.15 7.46 6.36 6.85 7.37 7.45 8.12 7.56 7 7.41 8.05 7.14 6.97 6.96 6.96 7.04 7.38 7.61 8 8.01 8.52 9 9.12 9.7 10 10.22 11.06 11.26 11.54 12.11 12.39 12.86 12.99 13.24 13.53 13.26 11.72 11.83 12.59 12.96 14.57 15.16
5.76 5.94 6.41 7.58 7.29 6.15 5.21 5.12 5 4.94 4.39 4.66 4.16 4.09 4.27 4 4 4.01 4.01 4.11 4.23 4.24 4 4.17 4 4.02 4.07 4.62 4.55 4.08 4.12 4.1 5.16 4.8 4.97 5.27 5.16 5.48 5.57 5.18 5.07 5.63 6.74 6.62 6.19 6.51 7.28 7.24 8.22 6.77 6.19 6.18 6.17 6.96 7 7 7.52 8 8 8.75 9 9.08 9.78 10 10.28 10.9 11 11.14 11.47 11.83 12.01 12.37 12.51 12.94 13.33 13.09 12.58 12.5 12.84 13.71
5.87 5.94 6 6 6.05 5.64 5.05 5.02 5.04 4.44 4.26 4.2 4.09 4.13 4.25 4.07 4.08 4.03 4.76 4.25 3.7 3.87 3.39 3.74 3.65 3.85 3.77 4.02 4.13 4.12 4.08 4.03 4.57 5.3 4.93 4.91 4.83 5.29 5.89 5.29 4.91 4.93 5.76 5.91 5.36 5.14 5.21 6.09 5.73 5.25 5.97 6 6 6.57 7 7 7.06 7.95 8 8.72 9 9.24 9.9 10 10 10.03 10.31 10.44 10.72 10.82 11 11.3 11.74 11.86 12.26 12.97 13.77 14.46 13.38 11.85
5.14 5.63 5.54 5.36 5.01 5.03 4.99 4.6 4.52 4.11 4.17 4 4.03 4.01 4 4 4.02 3.97 3.94 3.05 3.13 3 3 3.08 3.02 3.05 3.11 3.59 3.9 3.9 4.15 4.34 4.32 4.86 5.35 4.84 4.74 5.39 5.56 5.39 5.02 4.52 5.11 5.18 4.39 4.11 4.33 4.78 5 5 5.39 6 6 6.03 6.91 7 7.28 8.02 8.5 9.18 9.34 9.87 10.23 10.03 10 10 10 10 10.04 10.26 10.48 10.85 10.98 11.87 12.7 14.18 16.09 15.68 14.51 12.32
5 5 5.05 5 5 5 4.98 4.65 4 4 4 4 4 3.98 3.69 3.25 3.6 3.85 3.38 3 3 3 3 3 3 3.44 3.72 3.28 3.77 3.92 3.84 4.04 4.1 4.49 4.87 5.07 4.81 4.53 4.51 5.22 4.93 4.2 4.49 4.06 4 4 4 4.08 4.95 5 5 5.75 6.01 6.23 6.98 7.21 7.95 9.1 9.59 9.95 10.33 10.45 11.21 11.15 10.42 9.64 9.31 9.62 9.92 10 10.01 10.92 12.23 13.27 14.87 16.41 17.77 16.27 14.69 12.88
5 5 5 5 5.07 5.05 4.48 4.04 4 4 4 4 3.97 3.4 3.03 3.03 3.1 3.09 3 3 3 3 3 3 3 3.03 3.25 3.74 3.61 3.41 3.97 4.74 4.26 4.41 4.49 4.29 4.05 4.8 4.24 4.22 4.47 4.21 4.2 4.01 4 4 4 4 4.75 5 5 5.57 6.02 6.84 7.35 8.19 8.76 8.75 9.54 10.23 10.99 11.63 12.24 11.92 10.74 9.87 9.04 9 9 9.79 10.25 12.15 13.65 14.19 15.76 15.76 14.74 14.42 13.94 14.69
5.02 5.08 5 5 5.43 4.99 4.15 4 4 4 4 3.99 3.34 3.17 3.11 3.14 3 3 3 3 3.01 3.13 3.06 3.04 3.15 3 3.21 3.56 3.83 3.67 3.37 3.97 3.83 4.1 4.22 4.36 4.77 4.89 4.12 4 4.43 4.22 4.01 4 4.01 4.01 4.07 4.29 4.99 5.59 5.49 5.4 6.11 6.58 7.34 7.66 8.89 8.99 9.18 10 10.79 11.17 11.98 12.01 11 10.26 9.6 9.31 9.04 9.79 10.52 11.48 12.54 13.38 13.93 13.87 13.65 13.51 12.76 13
4.65 5.12 5.06 4.82 4.52 4.18 4 4 4 4 4 4 3.82 3.66 3.88 3.37 3.05 3.24 3.28 3.35 3.51 3.31 3.84 3.18 3.48 3.05 3.55 3.88 4 4.02 3.84 3.18 3.87 3.91 3.9 3.93 4.35 4.33 4.66 4.27 4.06 4.19 4.29 4.15 4.78 4.49 4.15 4.16 4.84 5.18 5.25 5.62 6.16 6.88 7 7.5 8.57 9.01 9.87 10 10.75 11.01 11.16 11.23 11.32 11.12 11.03 11.03 10.32 10.84 11.01 11.5 12.28 13.06 13.21 12.99 12.57 13.43 14.22 13.78
4.59 4.51 4.36 4.43 4 4 4 4 4 4 4 4 4 3.64 3.86 3.96 3.14 3 3.21 3.72 3.95 3.56 3.61 3.51 3.45 3.82 3.76 4.21 4.04 3.89 3.48 3.27 3.45 3.23 3.31 3.83 4.03 4.1 4.4 4.88 4.6 4.37 4.2 4.62 5.33 4.98 4.07 4.43 5.06 5.08 5.19 5.76 6.05 6.79 7 7.42 8.24 8.85 9.93 9.91 9.93 10.19 11.63 12.96 13.95 14.33 14.41 13.06 11.49 10.71 11.29 11.12 11.32 11.39 11.51 12.72 11.74 11.52 12.01 12.13
4 4 4 4 4 4 4 4.12 4.08 4.03 4 4 4 3.8 3.88 4 3.79 3.28 3.49 3.77 4 4 3.54 4 3.95 4.17 4.06 3.79 3.41 3.27 3.26 3.25 4 3.38 3.75 4.29 4.1 4.15 4.32 4.93 4.93 4.65 4.79 4.77 4.36 4.38 5.15 4.5 5.11 5.29 5.48 5.91 6.4 7.22 7.09 7.67 7.9 9.16 8.93 9.12 8.11 10.34 13.51 15.56 13.9 14.52 13.57 12.24 10.78 10.06 9.45 9.37 9.55 9.64 10.13 11.05 11.81 11.21 10.22 10.21
3.87 4 4 3.9 3.66 4 4 4.06 4.08 4.27 4.71 4.3 4.4 3.96 3.95 4.01 3.99 3.66 3.14 3.96 4 3.96 3.64 4.11 4.2 4.04 3.99 3.34 3.68 3.94 3.98 3.8 3.92 3.52 3.55 3.75 4.14 5.09 5.61 5.12 4.82 4.67 4.09 4.29 4.66 4.69 4.5 5.06 5.22 5.77 6.12 6.28 6.78 7 7.02 7.11 8.18 7.86 7.24 7.51 9.36 13.8 15.48 15.87 13.75 11.62 10.78 9.75 8.57 8.41 8.53 7.95 7.38 7.75 8.87 9.1 10.18 10.48 9.24 10.12
3.27 3.44 3.5 3.17 3.05 3.61 4 4.01 4.02 4.21 4.92 4.9 4.86 4.27 3.99 4 4 3.97 3.35 3.5 3.69 3.91 3.99 4.01 4.01 4 3.98 4.03 3.96 4 4 3.94 4 4 4 4 4 4.04 4.51 5.89 5.83 5.67 5.55 4.48 4.02 5.12 6.02 6.95 7.31 6.04 6.09 6.09 6.16 6.17 6.66 7.14 7.19 6.51 6.74 8.11 9.65 10.81 13.43 14.25 11.26 9.95 9.05 7.85 8.3 7.48 6.48 6.15 6.48 7.34 8.54 8.14 8.16 9.25 11.56 10.4
3 3 3 3 3 3.17 3.48 3.92 3.97 4.17 4.43 3.72 3.96 4 4.03 4 4 4 3.94 3.83 4 3.89 4 4 4 4 4 4 4 4.02 4 4 4 4.02 4.04 4.02 4.29 4.38 4.05 4.25 4.27 5.02 5.12 5.22 3.91 5.01 5.07 5.42 6.35 5.95 6.03 5.38 5.16 5.45 5.94 6.04 5.99 5.5 6.2 7.49 8.37 11.75 13.92 11.64 8.05 7.18 7.77 7.96 6.77 5.88 6.3 5.87 5.68 5.91 5.71 6.79 7.55 7.36 8.74 8.82
3.05 3 3 3 3 3 3.02 3.05 3.64 3.84 3.52 3.31 3.49 3.52 3.85 4 4 4 4.02 4 4 4 4 4 3.72 4 4.02 3.66 3.6 3.63 4.16 4.57 4.12 4.04 4.26 4.09 4.53 4.62 4.92 4.92 4.84 4.08 4.71 4.35 3.92 4.19 4.37 4.24 4.41 4.48 4.07 4.09 4.46 5.32 5.63 5.43 4.83 6.75 9.01 7.76 12.41 14.88 12.05 11.73 9.9 10.64 11.75 11.95 9.72 7.87 5.54 4.77 5.11 4.75 4.33 5.38 6.46 8.92 8.42 7.57
2.74 2.86 2.89 3 3 3 3 3 3 3.4 3.7 4.26 4 3.84 3.66 4 4 3.86 3.79 3.93 4.08 4 3.6 3.33 3.02 3.31 3.83 3.99 4.02 3.69 3.53 3.74 4.18 3.95 3.74 3.92 4.43 4.2 4.41 4.34 4.94 3.91 4.21 4.1 3.72 4.47 3.54 3.34 3.64 3.86 3.39 4.22 5.06 5.39 5.19 4.98 6.42 7.57 9.03 9.42 14.18 14.34 12.12 16.06 11.95 13.99 14.19 14.15 11.49 6.81 5.43 4.84 4.77 4.65 5.06 3.9 4.53 5.64 5 4.51
2 2.27 2.85 2.99 3 3 3 3 3.03 3.25 3.63 3.94 3.99 4.17 4.15 4.03 4.14 4.08 3.35 3.08 3.46 3.97 3.68 3.47 3.15 3.08 3.06 3.24 3.37 3.76 4.11 3.83 3.31 3.61 3.51 3.35 3.73 3.68 3.04 3.22 3.44 3.4 3.53 3.56 3.66 3.17 3.1 3.08 3.82 3.07 3.38 4.09 4.13 4.19 4.98 5.76 6.91 12.42 8.09 13.37 16.61 16.28 16.44 16.17 16.14 15.56 16.77 12.51 12.76 8.8 5.99 5.47 5.58 5.68 6.82 4.92 3.2 3.38 3.41 3.38
2 2.01 2.82 3 3 3 3.02 3.39 3.62 3.46 3.17 3.72 4.22 4.19 4.12 4.75 4.5 3.89 3.53 3.08 2.99 3.06 3.45 3.84 3.53 3.22 2.68 2.43 2.85 3.01 3.54 3.77 3.62 3.54 3.6 2.81 2.89 2.88 2.57 2.72 2.72 2.71 2.82 3 3 3 3.02 3.18 3.22 3.81 4.9 5.55 5.53 4.9 4.31 5.11 9.51 10.58 11.85 19.21 17.66 19.86 18.96 18.72 17.25 15.76 12.86 11.07 8.9 8.28 8.4 7.35 6.39 5.13 4.2 3.67 3.01 2.9 3.02 3.01
2 2 2.14 2.73 2.64 2.51 2.9 3 3.11 3.66 3.6 3.65 3.65 3.2 3.05 3.41 3.55 3.01 3.28 3.57 2.81 3.23 3.38 3.15 3.81 3.63 3.09 2.85 2.47 2.54 2.98 2.9 2.86 3.1 3.09 2.5 2.07 2.19 2.03 2.78 2.65 2.95 3.02 3.06 3 3.1 3.01 3.08 3.14 3.63 3.94 3.87 3.87 3.88 4.22 5.02 7.93 11.63 17.21 20.35 16.36 17.03 14.44 12.51 11.81 12.53 10.99 10.18 9.63 9.2 9.92 11.12 6.46 5.69 4.89 3.9 3.08 2.41 2.98 3.9
2 2 2.05 2.18 2 2.42 3.01 3.13 3.14 3.56 3.54 3.82 3.74 3.59 3.37 2.89 2.89 3 3 2.88 2.36 2.87 2.75 2.7 3.1 2.95 2.66 2.13 2.23 2.07 2.16 2.16 2.39 2.26 2.01 2.01 2.27 2.36 2.75 3 3 3.05 3.13 3.22 3.33 3.79 3.46 3.84 4.18 4.33 4.04 4.46 4.21 3.96 4.72 7.44 13.81 14.58 17.49 15.07 10.87 12.02 11.54 10.08 11.22 12.69 11.89 9.56 8.82 7.76 8.32 10.34 10.13 12.2 5.21 3.35 4.98 5 4.71 4.18
2 2 2 2 2 2.27 2.52 2.4 2.48 2.73 2.53 2.75 2.76 2.99 3 2.87 2.31 2.72 2.71 2.7 2.06 2.15 2.01 2 2.01 2.02 2.01 2 1.9 1.61 2 2 2 2 2.03 2.14 2.6 2.74 2.93 3.14 3 3.11 3.27 3.93 4.36 5.02 4.41 4.13 5.88 7.38 8.08 7.29 5.08 4.83 4.65 8.6 14.88 10.39 9.25 9.1 8.52 8.59 9.44 10.15 11.15 11.13 10.65 9.75 8.4 5.85 6.2 6.06 6.97 5.51 3.22 3.12 4.92 3.98 3.56 3.28
1.97 2 2 2 2 2 2 2.01 2 2.03 2 2.09 2.6 2.6 2.64 2.67 2.21 2.04 2 2.01 2 1.74 1.7 1.68 1.94 1.63 1.19 1.17 1.11 1.45 2 2 2 2 2.35 2.23 2.01 2.57 2.91 3.03 3.07 3.36 3.9 4.25 5.55 6.96 5.83 6.1 6.54 9.37 13.55 7.75 7.57 6.87 6.07 5.36 7.21 7.72 7.23 7.23 7.1 8.33 9.74 9.41 11.01 14.67 12.76 9.96 7.59 6.04 5.19 4.58 4.91 3.46 3.36 3.02 3.23 3.04 3.16 3
1.69 1.94 1.8 1.99 2 2 2 2 2 2 2 2 2.05 2 2.13 2.06 2.05 2 2 1.98 1.81 1.42 1 1.01 1.02 1 1 1 1 1.32 1.56 1.99 2 2 2.01 2.65 2.41 3.01 3.27 3.33 3.81 3.7 4.16 5.62 5.58 7.26 9.66 8.43 7.13 8.1 8.54 8.23 8.08 7.17 6.12 5.32 6.32 6.49 5.92 5.93 7.01 8.95 12.76 13.66 14.14 12.75 10.12 8.86 8.5 7.22 5.67 4.12 4.09 5.74 4.57 3.01 3.48 3.81 4.09 3.1
