layers/final_practice/hyla_meridionalis/prec_min.asc
ncols         400
nrows         278
xllcorner     -21.041487136433
yllcorner     26.106002917928
cellsize      0.083333337679505
NODATA_value  -9999
[rows 140 to 174 of 278, columns 240 to 319 of 400]
-9999 -9999 -9999 -9999 -9999 -9999 -9999 -9999 -9999 -9999 -9999 -9999 -9999 -9999 -9999 -9999 -9999 -9999 -9999 -9999 -9999 -9999 -9999 -9999 -9999 -9999 -9999 -9999 -9999 -9999 -9999 -9999 -9999 -9999 -9999 -9999 -9999 -9999 -9999 -9999 -9999 -9999 -9999 -9999 -9999 -9999 -9999 -9999 -9999 -9999 -9999 -9999 -9999 -9999 -9999 -9999 -9999 -9999 -9999 -9999 -9999 -9999 -9999 -9999 -9999 -9999 -9999 -9999 -9999 -9999 -9999 -9999 -9999 -9999 -9999 -9999 -9999 -9999 -9999 -9999
-9999 -9999 -9999 -9999 -9999 -9999 -9999 -9999 -9999 -9999 -9999 -9999 -9999 -9999 -9999 -9999 -9999 -9999 -9999 -9999 -9999 -9999 -9999 -9999 -9999 -9999 -9999 -9999 -9999 -9999 -9999 -9999 -9999 -9999 -9999 -9999 -9999 -9999 -9999 -9999 -9999 -9999 -9999 -9999 -9999 -9999 -9999 -9999 -9999 -9999 -9999 -9999 -9999 -9999 -9999 -9999 -9999 -9999 -9999 -9999 -9999 -9999 -9999 -9999 -9999 -9999 -9999 -9999 -9999 -9999 -9999 -9999 -9999 -9999 -9999 -9999 -9999 -9999 -9999 -9999
-9999 -9999 -9999 -9999 -9999 -9999 -9999 -9999 -9999 -9999 -9999 -9999 -9999 -9999 -9999 -9999 -9999 -9999 -9999 -9999 -9999 -9999 -9999 -9999 -9999 -9999 -9999 -9999 -9999 -9999 -9999 -9999 -9999 -9999 -9999 -9999 -9999 -9999 -9999 -9999 -9999 -9999 -9999 -9999 -9999 -9999 -9999 -9999 -9999 -9999 -9999 -9999 -9999 -9999 -9999 -9999 -9999 -9999 -9999 -9999 -9999 -9999 -9999 -9999 -9999 -9999 -9999 -9999 -9999 -9999 -9999 -9999 -9999 -9999 -9999 -9999 -9999 -9999 -9999 -9999
-9999 -9999 -9999 -9999 -9999 -9999 -9999 -9999 -9999 -9999 -9999 -9999 -9999 -9999 -9999 -9999 -9999 -9999 -9999 -9999 -9999 -9999 -9999 -9999 -9999 -9999 -9999 -9999 -9999 -9999 -9999 -9999 -9999 -9999 -9999 -9999 -9999 -9999 -9999 -9999 -9999 -9999 -9999 -9999 -9999 -9999 -9999 -9999 -9999 -9999 -9999 -9999 -9999 -9999 -9999 -9999 -9999 -9999 -9999 -9999 -9999 -9999 -9999 -9999 -9999 -9999 -9999 -9999 -9999 -9999 -9999 -9999 -9999 -9999 -9999 -9999 -9999 -9999 -9999 -9999
-9999 -9999 -9999 -9999 -9999 -9999 -9999 -9999 -9999 -9999 -9999 -9999 -9999 -9999 -9999 -9999 -9999 -9999 -9999 -9999 -9999 -9999 -9999 -9999 -9999 -9999 -9999 -9999 -9999 -9999 -9999 -9999 -9999 -9999 -9999 -9999 -9999 -9999 -9999 -9999 -9999 -9999 -9999 -9999 -9999 -9999 -9999 -9999 -9999 -9999 -9999 -9999 -9999 -9999 -9999 -9999 -9999 -9999 -9999 -9999 -9999 -9999 -9999 -9999 -9999 -9999 -9999 -9999 -9999 -9999 -9999 -9999 -9999 -9999 -9999 -9999 -9999 -9999 -9999 -9999
-9999 -9999 -9999 -9999 -9999 -9999 -9999 -9999 -9999 -9999 -9999 -9999 -9999 -9999 -9999 -9999 -9999 -9999 -9999 -9999 -9999 -9999 -9999 -9999 -9999 -9999 -9999 -9999 -9999 -9999 -9999 -9999 -9999 -9999 -9999 -9999 -9999 -9999 -9999 -9999 -9999 -9999 -9999 -9999 -9999 -9999 -9999 -9999 -9999 -9999 -9999 -9999 -9999 -9999 -9999 -9999 -9999 -9999 -9999 -9999 -9999 -9999 -9999 -9999 -9999 -9999 -9999 -9999 -9999 -9999 -9999 -9999 -9999 -9999 -9999 -9999 -9999 -9999 -9999 -9999
-9999 -9999 -9999 -9999 -9999 -9999 -9999 -9999 -9999 -9999 -9999 -9999 -9999 -9999 -9999 -9999 -9999 -9999 -9999 -9999 -9999 -9999 -9999 -9999 -9999 -9999 -9999 -9999 -9999 -9999 -9999 -9999 -9999 -9999 -9999 -9999 -9999 -9999 -9999 -9999 -9999 -9999 -9999 -9999 -9999 -9999 -9999 -9999 -9999 -9999 -9999 -9999 -9999 -9999 -9999 -9999 -9999 -9999 -9999 -9999 -9999 -9999 -9999 -9999 -9999 -9999 -9999 -9999 -9999 -9999 -9999 -9999 -9999 -9999 -9999 -9999 -9999 -9999 -9999 -9999
-9999 -9999 -9999 -9999 -9999 -9999 -9999 -9999 -9999 -9999 -9999 -9999 -9999 -9999 -9999 -9999 -9999 -9999 -9999 -9999 -9999 -9999 -9999 -9999 -9999 -9999 -9999 -9999 -9999 -9999 -9999 -9999 -9999 -9999 -9999 -9999 -9999 -9999 -9999 -9999 -9999 -9999 -9999 -9999 -9999 -9999 -9999 -9999 -9999 -9999 -9999 -9999 -9999 -9999 -9999 -9999 -9999 -9999 -9999 -9999 -9999 -9999 -9999 -9999 -9999 -9999 -9999 -9999 -9999 -9999 -9999 -9999 -9999 -9999 -9999 -9999 -9999 -9999 -9999 -9999
-9999 -9999 -9999 -9999 -9999 -9999 -9999 -9999 -9999 -9999 -9999 -9999 -9999 -9999 -9999 -9999 -9999 -9999 -9999 -9999 -9999 -9999 -9999 -9999 -9999 -9999 -9999 -9999 -9999 -9999 -9999 -9999 -9999 -9999 -9999 -9999 -9999 -9999 -9999 -9999 -9999 -9999 -9999 -9999 -9999 -9999 -9999 -9999 -9999 -9999 -9999 -9999 -9999 -9999 -9999 -9999 -9999 2 2.02 2 2.285714 2.243902 2.583333 2.772727 2.8125 2.902174 3.183099 3.342857 3.298507 3.771429 -9999 -9999 -9999 -9999 -9999 -9999 -9999 -9999 -9999 -9999
-9999 -9999 -9999 -9999 -9999 -9999 -9999 -9999 -9999 -9999 -9999 -9999 -9999 -9999 -9999 -9999 -9999 -9999 -9999 -9999 -9999 -9999 -9999 -9999 -9999 -9999 -9999 -9999 -9999 -9999 -9999 -9999 -9999 -9999 -9999 -9999 -9999 -9999 -9999 -9999 -9999 -9999 -9999 -9999 -9999 -9999 -9999 2.815789 2.833333 -9999 -9999 -9999 -9999 -9999 -9999 2 2 2.03 2.65 2.49 2.44 2.63 2.98 3 3.11 3.28 3.91 4.36 4.19 4.56 5.08 4.717391 4.574074 -9999 -9999 -9999 -9999 -9999 -9999 -9999
-9999 -9999 -9999 -9999 -9999 -9999 -9999 -9999 -9999 -9999 -9999 -9999 -9999 -9999 -9999 -9999 -9999 -9999 -9999 -9999 -9999 -9999 -9999 -9999 -9999 -9999 -9999 -9999 -9999 -9999 -9999 -9999 -9999 -9999 -9999 -9999 -9999 -9999 -9999 -9999 -9999 -9999 -9999 -9999 -9999 -9999 2.166667 2.94 2.46 2 2 2 2 2 2.09 2 2 2.36 2.83 2.88 2.52 2.73 3 3 3.14 4.36 5.07 6.03 5.27 5.08 4.76 4.53 4.71 -9999 -9999 -9999 -9999 -9999 4.516129 5
-9999 -9999 -9999 -9999 -9999 -9999 -9999 -9999 -9999 -9999 -9999 -9999 -9999 -9999 -9999 -9999 -9999 -9999 -9999 -9999 -9999 -9999 -9999 -9999 -9999 -9999 -9999 -9999 -9999 -9999 -9999 -9999 -9999 -9999 -9999 -9999 -9999 -9999 -9999 1.770492 2.234375 -9999 -9999 -9999 2 2 2 2.03 2 2 2.01 2.05 2.11 2.37 2.32 2.39 2.29 2.82 3 3 3.06 3 3.21 3.64 3.52 4.28 6.9 5.77 4.58 4.93 4.71 5.58 5.97 5.84 5.43956 5.197183 4.988095 5.255102 5.21 5.24
-9999 -9999 -9999 -9999 -9999 -9999 -9999 -9999 -9999 -9999 -9999 -9999 -9999 -9999 -9999 -9999 -9999 -9999 -9999 -9999 -9999 -9999 -9999 -9999 -9999 -9999 -9999 -9999 -9999 -9999 -9999 1.779661 1.71831 1.987342 2.033333 1.956044 1.771739 2.14 2.14 1.98 1.99 1.99 2 2 2 2 2 2.05 2.01 2.18 2.49 2.54 2.92 2.73 2.4 2.38 2.74 3.05 3.04 3.12 3.43 3.49 3.79 4.17 5.04 6.03 6.08 4.24 5.52 6.69 6.24 6.47 7.03 7.1 6.85 6.08 6.1 7.4 5.83 6.44
-9999 -9999 -9999 -9999 -9999 -9999 -9999 -9999 -9999 -9999 -9999 -9999 -9999 -9999 -9999 -9999 -9999 -9999 -9999 -9999 -9999 -9999 -9999 -9999 2 2.171717 2.1 1.33 2.32 3.68 2.75 1.88 2.89 3.67 3.61 3.3 2.97 3.75 3.32 2.59 2.24 2.05 2.08 2 2 2.31 3.33 3.06 2.71 3.1 3.07 3.01 3.25 2.95 2.9 2.95 3.05 3.29 3.94 4.71 7.04 7.61 7.34 6.98 7.54 5.73 4.33 5.17 5.88 6.62 6.99 6.9 6.95 7.01 6.53 6.02 6.04 6.74 6.03 5.78
-9999 -9999 -9999 -9999 -9999 -9999 -9999 -9999 -9999 -9999 -9999 -9999 -9999 -9999 -9999 -9999 -9999 -9999 -9999 -9999 -9999 -9999 1.947368 2.89899 3.03 2.62 1.89 1.87 2.72 2.89 2.28 3.02 2.39 3.04 3.44 3.34 3.31 3.2 4.19 3.59 2.56 2.09 2.09 2.38 2.95 2.57 3.38 3.18 3 3.28 3.03 2.96 2.9 3.37 3.83 3.88 3.97 4 4 4 4 4.16 4.6 4.63 4.37 4.47 4.98 5.54 6.53 6.31 7.6 7.42 7.05 7.2 7.09 7.15 7.02 6.84 6.4 6.12
-9999 -9999 -9999 -9999 -9999 -9999 -9999 -9999 -9999 -9999 -9999 -9999 -9999 -9999 -9999 -9999 -9999 -9999 -9999 1.085714 1.54 2.73 2.63 2.99 2.16 2.15 1.85 1.96 2.08 2.1 2.01 1.71 1.58 1.89 2.07 2.14 2.07 2.37 3.3 2.75 2.38 2.4 2.53 2.17 2.4 2.15 2.39 3.08 3.07 3.02 3 3 3 3.03 3.9 4 4.16 4.55 4.63 4.4 4.51 4.67 4.81 4.95 4.85 6.15 6.79 7.35 7.54 7.46 8.59 8.24 8.05 8.15 8.33 8.24 8.46 8 8.17 6.81
-9999 -9999 -9999 -9999 -9999 -9999 -9999 -9999 -9999 -9999 -9999 -9999 -9999 -9999 -9999 -9999 -9999 1.038462 1.27 1.71 1.83 2.41 2.34 2.47 1.95 1.53 1.16 1.2 1.03 1 1 1.07 1.05 1.59 1.98 2.62 2.07 2 2 2 2 2 2.22 2.62 2.77 2.56 3.11 3.04 3 3 3 3.08 3.41 4.16 4.52 5.04 5.07 5.24 5.3 5.04 5.51 5.86 6.1 5.91 5.39 6.01 7.28 8.1 8.01 8.07 7.98 8.39 7.99 7.87 8 8.03 8.12 8.27 8.38 7.69
-9999 -9999 -9999 -9999 -9999 -9999 -9999 -9999 -9999 -9999 -9999 -9999 -9999 -9999 -9999 1.16 1.35 1.77 1.98 2.43 2.47 2.4 2.37 2.33 1.43 1 1 1.06 1.02 1.12 1 1.41 1.79 2.01 2.01 2.06 2.14 2.05 2 2.02 2.28 2.7 2.34 2.32 2.87 3 2.98 3.03 3.04 3.05 3.36 4 4.25 5.42 5.73 6.4 6.09 6.05 6.17 5.96 6.2 6.67 6.72 6.01 5.93 6.94 7.77 8.88 9 8.97 8.53 8.62 8.35 8 8 8 8 8 8 8
-9999 -9999 -9999 -9999 -9999 -9999 -9999 -9999 -9999 -9999 -9999 -9999 -9999 1.055556 1.161616 1.03 1.03 1.26 1.33 1.61 1.31 1.67 1.24 1 1.04 1.17 1.24 1.17 1.7 2 1.86 1.84 3.02 2.36 2.54 2.19 2.43 2.99 2.72 2.53 3.39 3.48 3.07 2.78 2.99 3 3 3.04 3.39 3.43 3.84 4.56 4.94 5.46 5.81 6.65 6.49 6.56 7.06 6.74 6.99 8 8.16 6.82 7.13 9.27 8.83 8.15 8.23 8.56 8.93 9 8.81 8.09 8.08 8 8.07 8.16 8.09 8.01
-9999 -9999 -9999 -9999 -9999 -9999 -9999 -9999 -9999 -9999 -9999 -9999 -9999 1.069767 1 1.01 1 1.13 1 1 1 1 1.09 1.28 1.78 2.19 1.76 1.49 1.5 2.21 2.96 2.44 3.07 3.67 3.7 3.33 4.97 3.66 3.27 5.19 5.56 4.08 5.19 4.1 3.32 3 3.11 3.39 3.67 3.99 4.97 5.19 5.26 5.08 5.59 6 6.03 6.81 7 7.07 7.02 7.31 7.26 7.19 7.56 7.99 8.2 7.53 7.79 8.32 8.76 9.22 9.03 8.94 8.4 7.91 8 8 7.98 7.86
-9999 -9999 -9999 -9999 -9999 -9999 2.130435 1.505618 -9999 -9999 -9999 -9999 -9999 1.02 1 1.07 1.52 1.34 1 1 1 1 1.05 1.09 1.1 1.07 1.47 2.09 2.35 2.85 3.22 5.95 3.2 3.33 4.35 7.66 6.43 6.68 5.46 7.47 5.9 4.47 4.61 3.55 3.22 3.32 3.72 4.02 4.24 4.49 5.14 5.03 5.05 5.36 5.99 6 6.55 6.87 6.95 6.65 6.34 6.16 6.67 7.03 6.68 6.73 6.75 6.63 9.5 10.42 9.82 9.66 9.6 9.19 8.66 7.46 7.97 7.99 7.18 7.19
-9999 -9999 -9999 -9999 -9999 -9999 1.635417 1.06 1 1 -9999 1 1 1 1 1 1.18 1.01 1 1 1 1.03 1.27 1.02 1.63 1.15 1.85 2.6 2.76 2.67 2.77 2.79 4.19 2.94 3.52 6.41 5.05 4.66 4.82 4.88 4.19 4 3.58 3.09 3.15 3.01 3.47 4 4 4.04 4.79 5 5 5 5.78 6 6 6.25 6.01 6 6 6 6 5.72 5.59 5.37 5.08 5.58 7.03 7.35 8.43 8.56 8.14 8.26 7.95 7.93 8.21 7.91 7.48 8.04
-9999 1.2 1.57 1.617977 1 1.02 1.01 1 1 1 1 1 1 1 1 1 1 1 1 1 1.18 1.67 1.88 1.42 1.71 1.24 1.88 3.03 3.97 3.56 2.59 2.89 3.99 3.56 3.96 4.13 3.57 3.36 3.24 3.94 4 3.84 3.78 3.17 3.18 3.02 3.78 4 4 4 4.42 5 5 5.03 5.86 6 6 6 6 6 6 6 5.35 5 5 4.84 4.73 4.82 4.99 5.14 5.45 5.77 6.09 6.62 7.33 7.81 7.51 7.82 8.72 7.4
1.66 1.95 1.65 1.08 1 1 1.1 1.09 1.03 1 1 1 1 1 1 1.1 1.18 1 1 1.02 1.09 1.75 2 2.05 2.62 1.89 1.63 1.72 1.89 2.45 2.95 3.17 3.43 3.81 3.68 3.49 3.07 3.11 3.16 3.27 3.22 3.11 3.2 3 3.2 3.84 4 4 4 4.02 4.94 5 5 5.27 6 6 6 6.09 6.42 6.49 6.04 6 5.4 5 4.85 4.05 4 4 4.09 4.29 4.67 4.82 4.73 4.88 5.27 5.45 5.68 6.14 6.41 5.99
1 1 1 1 1 1 1 1 1.08 1 1 1.09 1 1.07 1.16 2.87 3.11 1.26 1.04 1 1.11 1.74 2.29 2.36 2.27 2.16 1.64 1.92 2.66 2.63 3.4 3.08 3.57 3.5 3.36 3 3.27 3.67 4 3.96 3.37 3.24 3 3.44 3.94 4 4 4 4 4.31 4.99 5 5.17 5.94 6 6.18 6.47 6.39 6.77 6.68 6.59 6.03 5.35 5 4.73 4 4 4 4 4 4 4 4 4 4.02 4.26 4.97 4.73 4.79 5.74
1 1 1 1 1.33 1.67 1.93 1.64 1.64 1.2 1.2 1 1.01 1.73 2.17 1.95 1.72 1.06 1.03 1 1 1.09 1.27 1.96 2.39 2.11 2.03 2.75 3 3.05 3.32 3.73 3.98 4 3.87 3 3.1 3.69 3.99 3.93 3.62 3.12 3.63 4 4 4 4 4.12 4.36 4.93 5 5 5.78 6 6.27 6.94 7 7 7 7 6.96 6.23 5.34 5 4.72 4 4 4 4 4 4 3.72 3.42 3.24 3.22 3.31 3.56 3.8 4.43 6.34
1 1.11 1.11 1.74 3.09 2.77 2.56 2.06 1.2 1.65 2 1 1.32 1.27 1.13 1 1.1 1.28 1.58 1.59 1.72 1.36 1.64 1.64 1.96 2.72 3.33 3.96 3.41 3.54 3.84 4 4 4 4 3.9 3.48 4 4 4 3.71 3.74 4 4.03 4.04 4 4.2 4.5 4.82 5 5 5.25 6 6.67 7.03 7 7.01 7.01 7.24 7.12 7.72 6.51 5.3 5 4.72 4 4 4 4 4 3.81 3.01 3 3 3 3 3 3.11 3.98 4.52
1.49 2.12 3.33 2.44 2.16 2 1.81 1.86 2.47 2.69 1.37 1.14 1.17 1.03 1.15 2.53 3.72 3.21 3.38 1.74 2.56 3.62 2.45 3.87 3 2.58 2.72 3.21 3.41 3.87 4 4 4.03 4.01 4 4 3.91 4 4 4 4.06 4.12 4 4 4.12 4.23 4.85 5 5 5 5.16 5.95 6.79 6.68 6.16 6.08 6.62 7 7.6 7.58 7.06 6.84 5.45 5 5 4.57 4.32 4.36 4.07 4 3.78 3.01 3.17 3 3 3 3.01 3.58 4.77 6.22
2.38 3.04 2.63 2.05 2 2 2.14 3.06 2.73 1.91 1.13 1.14 1.15 1.08 1.61 3.8 6.58 5.5 2.15 1.81 2.17 4.07 2.36 5.07 4.79 3.65 4.23 3.64 4.13 4.51 4.61 4.12 4.66 5.4 5.45 4.32 4 4.01 4.18 4.79 4.39 4.13 4 4 4.05 4.91 5 5 5.1 5.6 6.11 6.08 6 6 6 6.01 6.78 7 7.25 7.18 6.87 6.42 5.88 5.42 5.29 5.16 5.03 4.77 4.08 4.03 3.99 3.7 3.29 3 3 3.06 3.1 3.55 3.75 3.92
3.34 3.61 2.9 2.07 2.27 2.44 2.74 2.89 2.05 1.6 1.29 1.24 1.23 1.43 2.35 3.24 3.52 4.91 3.43 2.07 2.18 3.37 2.79 2.94 5.38 5.29 5.54 4.65 5.57 6.09 5.68 6.62 7.56 8.13 6.79 4.51 4.03 4.08 4.94 4.68 4 4 4 4 4.38 4.93 5.19 5.07 5.46 5.66 6 5.76 5.46 6 6.24 7.05 7.24 7.75 7.2 7.53 7.32 7.15 7.04 6.33 6.34 6.17 5.51 4.97 4.09 4.07 4.56 4.25 3.62 3.01 3 3.4 3.12 2.9 2.68 2.81
2.96 3.01 3 3.02 3.54 3.57 3.2 2.34 2.46 2.92 2.1 2.12 2.08 3.29 3.45 3.74 3.9 5.13 4.82 3.05 3.16 3.57 4.55 3.52 4.47 7.18 7.07 5.89 6.2 7.17 7.4 8.26 8.21 8.31 6.99 5.84 4.81 4.26 4.5 4 4 4 4.08 4.76 5.06 5.2 5.03 5 5 5.27 5.84 5.41 6 7.31 8.4 7.92 8.02 8.07 7.98 7.81 7.97 8.83 8.88 8.55 8.07 7.31 5.79 5.02 4.52 4.48 4.75 4.3 3.99 3.21 3 2.81 2.49 2.05 2 2.23
3.43 3.65 3.86 3.82 4.74 3.2 4.92 4.09 3.28 2.9 2.36 3.45 4.9 3.99 3.38 5.79 5.98 6.96 7.18 5.43 4.19 3.86 4.76 6.17 5.93 7.12 6.47 5.68 5.8 6.12 6.32 6.88 6.8 7.04 6.75 6.83 5.83 5.06 4.18 4 4.13 4.47 5 4.86 4.96 5 5 5 5 5.01 5.55 6.39 7.74 8.01 7.99 7.96 8.23 7.82 7.83 8.39 8.42 8.23 8.79 7.79 7.07 6.45 5.85 5.02 4.98 4.94 4.78 4.13 3.25 3.01 2.42 2.02 2 2 2 2
4.83 5.71 5.06 4.51 4.9 3.95 4.6 4.8 3.75 3.96 3.46 4.2 6.04 4.25 5.31 8.11 7.75 8.04 8.4 6.88 5.5 4.49 4.13 4.89 5.6 6 5.8 5.09 5.13 5 5.34 5.64 5.66 5.73 5.57 5.39 5.03 4.7 4.02 4 4.03 4.56 5 4.81 4.84 5 5 5 5.2 5.97 7.12 8.09 8.43 8.01 8.23 8.01 8.05 8.34 8.15 8.19 8.01 7.56 7.11 6.43 6.1 5.97 5.08 5.2 5.12 4.21 4.1 4.01 4.13 2.94 2.24 2.27 2.18 2 2 2
9.05 6.6 5.36 4.87 5.1 5.37 6.44 5.94 4.49 6.21 6.49 4.51 5.7 5.93 8.35 8.33 8.6 10.49 9.87 7.59 5.95 5.28 5.31 5.76 5.73 5.47 5.01 5 5 5 5 5 5 5.03 5.03 5 4.73 4.11 4 4 4.04 4.7 5 5 5 5 5.06 5.64 6.42 6.59 7.55 7.99 8.09 8 8.01 8.45 8.29 8.75 8.31 8.03 7.42 7.03 6.78 6.38 6.3 6.13 5.65 5.65 5.2 4.08 3.12 3.03 3.11 2.54 2.55 2.56 2.04 2 2.01 1.97
6.9 6.84 6.4 6.71 9.91 10.3 9.03 5.91 5.61 7.09 7.88 6.58 7.68 7.84 8.9 9.8 10.35 9.24 8.45 7.4 6.84 6.61 6.29 5.64 5.72 5.18 5 5 5 5 5 4.99 4.99 5 5 4.93 4.7 4.36 4 4.02 4.44 5 5 5 5 5.28 6.41 6.49 6.85 7.54 7.78 8.07 8.09 8.26 8.5 8.65 8.43 8.18 7.69 7.95 7.46 6.99 6.38 6.1 6.02 5.11 5.03 4.89 4.12 3.72 3.01 3 2.54 2 2 2 2 2 1.83 1.11
