layers/final_practice/hyla_meridionalis/prec_min.asc
ncols         400
nrows         278
xllcorner     -21.041487136433
yllcorner     26.106002917928
cellsize      0.083333337679505
NODATA_value  -9999
[rows 175 to 209 of 278, columns 160 to 239 of 400]
-9999 -9999 -9999 -9999 -9999 -9999 -9999 -9999 -9999 -9999 -9999 -9999 -9999 -9999 -9999 0 0 0 0 0 0 0 0 0.01 0.01 0.02 0.05 0.17 0.11 0.22 0.06 0.77 0.34 0.71 0.77 1.05 1.01 1.23 1.55 1.46 2.05 2.47 3.38 4.27 4.95 4.14 4.52 4.19 4.23 4.87 4.13 2.91 2.33 2.69 2 1.21 1 1 1.02 1 1.18 1.26 1.94 2 2 2 2 2 2.22 2.57 3.04 4.26 5.65 6.13 6.4 5.11 4.87 6.99 7.41 8.5
-9999 -9999 -9999 -9999 -9999 -9999 -9999 -9999 -9999 -9999 -9999 -9999 -9999 -9999 0 0 0 0 0 0 0 0 0 0 0 0 0.1 0.34 0.19 0.01 0.22 0.04 0.21 0.53 0.28 0.59 1 1.2 2.34 2.35 3.42 3.44 3.89 3.91 4.18 3.88 4.11 4.09 4.65 5.83 5.56 2.71 2.01 2 2 1.43 1.35 1.34 1.45 1.65 1.73 1.95 2 2 2.01 2.66 3.1 2.71 3.23 3.56 5.99 8.36 7.02 8.67 6.64 5.75 5.79 6 6.57 7.39
-9999 -9999 -9999 -9999 -9999 -9999 -9999 -9999 -9999 -9999 -9999 -9999 -9999 0 0 0 0 0 0 0 0 0 0 0 0 0.06 0.2 0.32 0.44 0.18 0.62 0.58 0.42 0.6 0.39 0.37 0.89 1 1.17 1.45 1.96 2.59 3.2 3.62 3.74 4.03 3.36 3.4 4.1 3.73 3.3 2.26 2.1 2 2 2 2 2 2 2 2.01 2.26 2.13 2.64 2.76 3.35 3.78 3.17 3.88 4.01 4.6 6.12 9.47 8.96 7.44 6 5.98 6 6.33 7.01
-9999 -9999 -9999 -9999 -9999 -9999 -9999 -9999 -9999 -9999 -9999 -9999 -9999 0 0 0 0 0 0 0 0 0 0 0 0.49 0.64 0.87 1 1 0.47 0.58 0.71 0.69 0.86 0.82 0.92 1.02 1 1.06 1.52 2.49 2.6 2.73 3.54 3.27 3.64 3.28 3.61 3.7 2.89 2.22 2 2 2 2 2 2 2 2.13 3.24 3.26 3.77 3.16 3 3.41 5.21 6.05 4.42 4.68 4.91 5.03 5.36 5.23 5.83 6.02 6 6 6.22 7.09 7.56
-9999 -9999 -9999 -9999 -9999 -9999 -9999 -9999 -9999 -9999 -9999 -9999 0 0 0 0 0 0 0 0 0 0 0.05 0.61 1 1 1 1 1 0.78 0.81 0.77 0.57 0.86 0.67 0.44 0.68 1.04 1.36 1.95 2.26 2.62 2.58 2.85 3.08 3.08 3 3 3 2.22 2.01 2 2 2 2 2 2.02 2 2.99 2.95 4.49 5.62 4.62 3.8 3.76 3.82 4 4.17 4.69 4.73 4.86 4.97 4.98 5 5.44 6.02 6.69 7.99 7.94 7.98
-9999 -9999 -9999 -9999 -9999 -9999 -9999 -9999 -9999 -9999 -9999 0 0 0 0 0 0 0 0 0 0.13 0.75 0.96 1 1 1.01 1 1 1 1 1 1.13 0.98 0.96 0.85 0.89 1.02 1.58 1.28 1.76 1.57 2.12 2.61 3.07 3.18 3.16 3.1 3 3 2.91 2.58 2.08 2.1 2.34 2.54 2.42 2.6 2.75 3 2.88 2.62 2.97 2.99 3.01 3 3.03 3.14 3.76 4 4 4.02 4.32 4.89 5.63 6.56 6.62 7.01 8.01 8.02 8.02
-9999 -9999 -9999 -9999 -9999 -9999 -9999 -9999 -9999 -9999 -9999 0 0 0 0 0.08 0.63 0.48 0.6 0.69 0.84 1 1 1 1 1.07 1.24 1.02 1 1 1 1.41 1.17 1 1.03 1 1 1 1.14 1.68 2.63 4.5 4.8 6.03 4.85 4.21 3.66 3.04 3 3 3 2.59 2.87 3 3 3 3 3 3.05 3.51 3.62 3.98 4.28 3.91 3.61 3.7 3.01 3.05 3.86 4 4.1 5.11 5.97 6.45 6.33 6.54 6.89 7.1 7.16 7.12
-9999 -9999 -9999 -9999 -9999 -9999 -9999 -9999 -9999 -9999 0 0 0 0.02 0.67 0.86 1 1 1 1 1 1 1.02 1.25 1.02 1.67 2.23 1.63 1 1.06 1.03 1.32 1.28 1.05 1.26 1.42 1.4 1.38 2.03 2.79 3.46 5.19 6.45 6.13 5.25 4.59 3.58 3.86 3.74 3.04 3 3.04 3.12 3.02 3.75 4.02 4.21 4.22 4.38 4.77 4.85 4.77 4 4 4 3.95 3.11 3.05 3.92 4 4.45 5.13 5.25 5.48 5.9 6 6.02 6.16 6.38 6.52
-9999 -9999 -9999 -9999 -9999 -9999 -9999 -9999 -9999 0 0 0 0 0.21 1 1 1 1 1 1 1 1 1 1.11 1.22 1.28 1.86 1.87 1.38 1.51 1.81 2 2 1.78 1.71 2.2 2.04 2.34 3.21 3.69 4.88 6.04 5.65 5.6 4.87 4.15 4.41 4.57 4.29 3.59 3.01 3.75 3.5 3.9 5.79 6.8 7.88 7.24 6.36 6.47 5.32 4.55 4.03 4 4 4 3.11 3.41 3.9 4 4.07 4.9 5 5 5.13 5.51 5.87 6 6 6
-9999 -9999 -9999 -9999 -9999 -9999 -9999 -9999 0 0 0 0 0 0.3 0.85 1 1 1 1 1 1 1 1.04 1.84 1.99 1.99 2 2 2.04 2.18 2.24 2.29 2.59 3.11 2.8 2.86 2.49 3.59 4.38 5.06 6 5.63 6.57 6.59 5.67 6.57 5.71 6.35 5.36 4.28 3.68 4.37 5.39 5.57 7.39 7.42 6.82 6.34 6.01 5.76 5.2 4.13 4 4 4 3.98 3.35 3.99 4 4 4.04 4.44 4.88 5 5 5 5.01 5.18 5.4 5.55
-9999 -9999 -9999 -9999 -9999 0 0 0 0 0 0 0 0 0.44 0.71 0.97 1 1 1 1 1 1.1 1.73 2 2 2.21 2.41 2.6 2.97 3.24 3.61 3.94 4.84 4.93 4.31 4.04 3.24 4.29 4.66 4.27 4.59 7.92 10.23 9.2 8.37 7.53 5.33 6.88 5.95 3.8 4 4.58 5.56 6.39 6.84 6.57 6.31 5.65 5.07 4.99 4.34 4 4 4 4 4 3.67 4 4 4 4 4 4 4.13 4.73 4.85 5 5 5 5
-9999 -9999 -9999 0.3846154 0.5353535 0.78 0.62 0.12 0 0 0 0 0 0.04 0.52 0.68 0.99 1 1 1.03 1.26 1.9 2.11 2.18 2.78 3 3.01 3.59 4.42 5.06 5.64 6.11 7.5 6.93 6.29 6.31 5.09 4.07 4.49 5.7 7.18 8.53 12.84 15.42 10.05 7.09 8.94 7.54 4.14 3.81 4 4.54 5.18 5.86 6 6 6 5.05 5 4.77 4 4 4 4 4 3.98 3.81 4 4 4 4 4 4 4 4 4 4.64 4.5 4.21 4.29
-9999 1 1 0.86 0.94 0.96 1 0.45 0 0 0 0 0 0.24 0.35 0.69 0.98 1 1.41 1.66 2 1.59 2.35 3.02 3.35 3.83 4.18 5.23 5.82 6.26 6.95 7.66 8.03 7.56 7.22 7.69 6.67 4.34 4.84 7.79 10.41 10.07 12.76 11.26 10.23 11.48 13.49 5.13 3.9 4 4.01 4.61 5.08 5.81 6 6 5.65 5.01 5 4.47 4 4 4 4 4 4 4 4 4 4 4 4 4 4 4 4.09 4.5 4.35 4.57 4.62
1 0.96 0.72 0.57 0.94 0.85 0.43 0.05 0 0 0 0 0 0.14 0.67 0.81 1.03 1.17 1.63 2.51 2.85 2.55 3.07 4.09 4.54 5.16 4.44 5.41 6.79 7.36 7.92 8.8 8.7 8.85 8.38 8.56 7.36 5.43 6.25 7.02 9.18 10.71 14.43 14.01 15.75 16.71 8.12 4.6 3.98 4 4.37 4.98 5.16 5.94 6 5.88 5.17 5 5 4.34 4 4 4 4 4 4 4 4 4 4 4 4 4 4 4 4.02 4.29 4.96 4.98 5
0.17 0.03 0 0 0.03 0.05 0 0.02 0.09 0.01 0.03 0.23 0.38 0.89 1.13 0.92 1.01 1.47 2.45 3.12 3.48 3.67 3.15 4.3 4.15 4.15 4.32 5.06 6.13 7.01 8.82 9.54 9.21 8.37 8.36 8.06 8.53 10.38 8.45 7.32 8.28 11.12 14.85 13.89 10.08 7.69 5.35 4.1 4 4.01 4.72 5.12 5.76 6 6 5.94 5.17 5 5 4.62 4.08 4 4 4 4 4 4 4 4 4 4 4 4 4 4 4 4 4.23 4.82 5
0 0 0 0 0 0 0 0.04 0.03 0.02 0.29 0.85 0.92 1.02 1.07 1.19 1.72 1.85 2.48 3.15 3.5 4.19 4.76 3.98 3.65 3.98 4.81 5.36 6.96 9.28 9.86 9.11 8.74 8.17 9.15 10.48 11.59 9.53 8.45 8.09 8.8 10.54 11.81 10.89 6.64 5.23 4.31 4 4 4.22 4.9 5.63 5.99 6 6 6 5.69 5.05 5 5 4.4 4 4 4 4 4 4 4 4 4 4 4 4 4 4 4 4 4 4 4.29
0 0 0 0 0 0.11 0.17 0.44 0.01 0.37 0.85 1 1.05 1.15 1.26 1.25 1.87 2.03 2.69 2.71 3.58 4.14 4.49 4.5 4.31 4.37 4.97 6.44 8.4 9.57 9.92 9.04 9.18 10.12 11.31 10.55 9.92 9.11 8.91 8.55 8.79 9.11 10.13 9.07 5.27 4.51 4 4 4 4.45 5.03 5.93 6 6 6 6 5.58 5 5 4.81 4.12 4 4 4 4 4 4 4 4 4 4 4 4 4 4 4 4 4 4 4.7
0 0 0 0 0.03 0.46 0.72 0.67 0.91 1.06 1 1 1.3 1.6 1.21 1.26 2.08 2.69 3.15 3.05 3.92 4.65 4.92 4.65 5.04 5.11 5.78 7.98 9.64 10.23 9.83 10.37 11.36 12.58 11.49 10.52 9.05 8.99 8.59 7.85 7.87 7.28 6.94 5.53 4.92 4.01 4 4 4.02 4.88 5.29 6.06 6.49 6.53 6 6.01 5.47 5 5.01 4.95 4.58 4 4 4 4 4 4 4 4 4 4 4 4 4 4 4 4 4 4.15 4.55
0 0 0 0.01 0.62 1 0.98 0.92 1 1.05 1.27 1.58 1.54 1.05 1.06 1.53 1.79 2.21 2.79 3.1 4.12 5.17 4.65 4.89 5.35 5.49 6.95 8.11 8.72 9.82 10.69 10.53 11.2 11.17 10.02 9.35 8.77 8.95 8.37 7.44 6.7 6.2 5.95 5 4.79 4.01 4 4.22 4.17 4.94 5.39 6.29 7 7.01 6.62 6 5.52 5.51 5.39 5 4.97 4.03 4 4 4.01 4.05 4.01 4.22 4.09 4 4 4 4 4 4 4 4 4 4.2 5.6
0 0 0.17 0.76 0.99 1 1 1.02 1.02 1.01 1.52 1.99 1.68 1.43 1.83 2 2 2.01 2.28 3.58 4.46 4.45 4.05 4.71 4.81 5.48 6.73 7.41 8.65 9.9 10.92 11.53 10.8 9.1 8.7 8.14 8.1 8.89 8.7 8.4 6.66 5.99 5.27 5 4.99 5 5 5 5 5 5.45 6.28 6.73 6.93 6.8 6.05 6.02 6.25 5.46 5.27 4.71 4 4 4 4.12 4.09 4.67 5.04 4.47 4 4 4 4 4 4 4 4 4 4.49 5.06
0 0.08 0.6 0.98 1 1 1.27 1.86 1.4 1.26 1.54 2 2 2 2.17 2.37 2.06 2.34 2.79 3.27 3.64 3.94 4.03 4.18 4.7 6.27 7.49 8.22 9.85 9.8 10.48 9.64 8.35 8 7.91 7.78 7.8 8.48 8.23 6.94 6.2 6.07 5.05 5 5 5 5 5 5 5.05 5.7 6.15 6.8 7 7.23 6.65 6 5.19 5.44 5.09 4.08 4 4.16 4.65 4.77 4.6 4.79 4.43 4.08 4 4 4 3.98 3.98 3.98 4 4 4.03 4.59 4.99
0.13 0.82 1 1 1 1 1.07 1.86 1.99 1.95 1.74 1.69 1.98 1.98 2 2.16 2.67 2.97 3.04 3 3.36 4 3.99 4.18 4.35 5.58 6.54 7.32 8.06 9.83 9.24 8.14 7.68 7.16 7.25 7 6.99 7.51 7.26 6.09 6 5.86 5.46 5.33 5.32 5.1 5.27 5.33 5.42 5.9 6.43 6.33 6.24 6.62 7.03 6.19 5.08 4.92 4.79 4.47 4 4 4.43 5.09 4.97 4.58 4.02 3.89 3.77 3.85 3.35 3.23 3.04 3.02 3.43 4 4.11 4.72 4.9 4.98
0.41 1 1 1 1 1 1 1.03 1.14 1.03 1.01 1.13 1.15 1.3 1.89 2 2.07 2.22 2.96 3.04 3.57 3.64 3.57 4 4.25 4.77 6.01 6.3 7.57 8.45 8.09 7.81 7.25 7.45 7.16 6.89 7.02 7.22 6.03 6 6 6.09 6.01 6 6 6 6 6.17 6.37 6.47 6.73 6.91 6.37 6.05 5.46 4.32 4.31 4.08 4 3.99 4 4 4 4.34 4.14 3.89 3.39 3.09 3 3 2.81 2.52 3 3.01 3.7 4.58 5.52 4.6 4.12 4.61
0.36 0.9 1 1 1 1 1 1 1 1 1 1 1 1 1.15 1.99 2 2.01 2.36 2.86 3.01 3.19 4.16 5.23 5.93 6.3 7.23 7.73 7.97 7.71 7.44 7.13 7.04 7.23 7.01 7.08 7.56 7.08 6.47 6.46 6.63 6.61 6.7 6.52 6.63 6.72 6.77 6.91 7.1 7 7.14 6.74 5.38 4.45 4.01 4.03 3.8 3.97 3.98 3.35 3.21 3.62 3.84 4 4.04 3.83 3 3 3 3 3 2.96 3 3.32 4.4 5.78 4.34 3.73 3.6 4.3
0.94 1 1 1 1 1 1 1 1 0.97 0.98 1 1 1 1 1.54 2 2 2.14 2.9 3.4 5.04 6.45 7.2 7.8 8.08 8.21 7.47 7.15 7.7 7.95 7.81 7.69 8.09 8.09 8.4 8.78 8.33 8.88 9.78 8.91 7.75 8.16 8.03 8.63 8.48 8.27 8.51 7.99 7.2 7.4 5.64 4.8 4.18 3.9 3.35 3 3.21 3.7 3.49 3.53 3.51 3.83 3.5 3.51 3.13 2.89 2.95 3.09 2.92 3.32 3.52 2.89 3 3.23 3.44 3.2 3.05 3.13 4.21
0.71 1 1 1 1 1 1 1 0.79 0.06 0.39 1 1 1 1 1.16 1.99 2 2.77 4.69 5.79 7.31 7.22 7.31 7.27 7.36 7.56 8.02 8.22 8.07 8.27 8.1 11.2 13.87 12.83 13.52 12.04 9.02 8.41 9.52 9.59 9.3 9.6 9.73 10.1 10.55 8.13 9.54 8.41 6.63 5.5 5.07 4.25 3.93 3.33 3.01 3 3.03 3.11 3.02 2.58 2.28 2.09 2.03 2 2 2.01 2.14 2.53 2.43 2.4 2.45 2.08 2.21 2.49 2.73 2.95 2.9 3.36 3.24
0.91 1 1 1 1 1 1 1 0.66 0 0.58 1 1 1 1 1.07 1.98 2.07 3.57 4.52 4.84 5.7 5.53 5.7 6.67 7.81 8.85 9.65 9.71 9.28 8.33 12.79 18.38 17.04 15.09 9.46 8.44 7.44 7.24 7.48 8.79 8.72 8.04 9.17 9.57 7.96 7.32 6.98 6.4 6.62 5.37 4.62 4.03 3.73 3.05 3 3 3.04 3 3 2.22 2 2 2 2 2 2 2 2.1 2.19 2.1 2.01 2.05 2.55 2.08 2.49 2.39 3.25 5.35 3.19
1 1 1 1 1 1 1 1 0.99 0.76 1 1 1 1 1 1 2.03 3.61 4.62 5.04 5.2 5.22 5.14 5.35 5.98 7.57 8.07 8.93 11.93 11.4 10.08 10.73 10.89 11.02 8.87 7.25 6.39 5.95 6.17 7.1 7.68 6.96 6.46 6.36 6.3 6.64 6.5 6.05 6.01 5.99 5.21 4.88 4.03 3.96 3.58 3.26 3.47 3.29 3.12 3.06 2.71 2.03 2.01 2 2 2 2 2 2.58 3.14 2.5 2.02 2.12 3.27 2.57 2.15 2.02 2.48 5.76 2.17
1 1 1 1 1 1 1 1 1 1 1 1 1 1 1 1.86 3.82 5.18 4.22 4.54 5.72 6.42 7.21 7.25 6.4 7.9 9.21 9.51 11.1 11.13 9.07 7.21 7.03 7.44 6.29 6.27 5.63 5.2 5.12 5.2 5.17 5.62 6.05 6.04 6.02 6.39 7 6.92 6.46 6.08 5.9 5.17 4.79 4.23 4.04 4.02 4.18 3.22 3.02 3.02 2.86 2.41 2.2 2 2 2 2 2.16 3.37 3.86 2.47 2.01 2 2.07 2.32 2.01 2.03 2.15 3.5 3.64
1 1 1 1 1 1 1 1 1 1 1.06 1.19 1.63 1.62 1.89 4.15 4.13 3.21 3.7 6.57 7.71 8.4 9.18 9.19 8.99 10.14 11.76 12.31 11.35 9.55 8.6 8.55 8.12 6.25 5.59 5.51 5.68 5.92 4.62 4.28 5.56 6.04 6.1 6.03 6.11 6.73 7 7 7 6.87 6.13 5.89 5.1 4.8 4.09 4 3.4 3 3 2.47 2.06 2.09 2 2 2 2.02 2.11 2.47 2.86 3.06 2.87 2.83 2.71 2.26 2.07 1.94 1.13 1.04 1.28 1.11
1 1 1 1 1 1 1 1 1.03 1.06 1.22 1.6 1.83 2.37 2.83 2.17 3.2 4.18 6.42 8.6 9.06 12.41 13.1 9.42 10.25 9.51 10.58 9.15 8.43 7.76 9.59 8.75 7.38 5.15 6.59 7.33 7.51 6.9 5.58 4.56 5.26 6.71 6.62 6.38 6.03 6.95 7.08 7.25 7.02 7 6.93 6.47 5.91 5.09 4.63 4 3.56 3.01 3 2.71 2.32 2.04 2 2 2 1.87 2.5 2.95 3.75 4.05 4.29 3.79 2.62 2.55 2.35 1.76 1.08 1 1 1.01
1.16 1.1 1.16 1.03 1 1 1 1.05 1.26 1.26 1.2 1.73 2.57 3.06 2.86 2.78 4.18 3.94 4.82 7.38 7.17 8.85 9.44 11.52 13.24 11.46 9.89 10.34 8.74 5.75 5.46 6.6 4.81 4.2 5.52 7.23 6.69 6.11 4.19 4.27 5.04 4.76 5 5.82 6.12 7 7.07 7.21 7.33 7.61 7.88 7.32 6.3 5.43 4.8 4 3.57 3 3 2.78 2.2 2 2 2 1.94 1.88 1.91 1.7 1.92 1.98 1.41 2.01 1.7 1.22 1.18 1.07 1 1 1 1
2.01 2.02 1.99 1.11 1.02 1 1 1.19 1.81 1.6 1.99 1.96 2.43 3.29 4.88 3.83 3.69 5.19 4.26 8.65 8.38 7.96 10.94 12.4 12.26 11.41 10.57 10.39 7.46 5.33 6.08 4.83 4.42 5.32 4.09 4.28 3.89 3.16 3 3.72 4 4.4 5 5.54 6.15 6.23 5.79 5.18 4.72 4.84 6.01 7.15 6.56 5.64 4.9 4 3.62 3 2.95 2.14 2 2 2 1.85 1.08 1.07 1.04 1 2.55 2.24 1 1 1 1 1 1 1 1 1 1
2 2 2 1.92 1.49 1.01 1 1.18 1.89 2 2 2.18 2.87 3.54 4.06 4.17 6.05 7.74 5.28 7.92 9.99 10.79 10.29 10.02 12.11 12.05 10.23 7.61 7.2 6.95 6.48 5.22 3.54 3.4 3.33 3 3 3 3 3.67 4 4.19 4.61 4.72 5.32 5.42 5.21 4.96 4.76 4.69 6.33 7.14 6.8 5.75 4.95 4.01 3.54 3 2.78 2 2 2 1.59 1.04 1 1.3 1.21 1.03 1.04 1.09 1.05 1 1 1 1 1 1 1 1 1
2 2 2 2 2 1.72 1.46 1.34 1.73 2.02 2.15 2.51 3.77 4.58 5.24 6.48 8.69 10.51 9.77 8.92 11.89 11.13 6.88 10.55 10.84 8.65 6.88 6.85 5.38 4.7 5.44 3.25 3 3 3 3 3 3 3.04 3.84 4 4 4 4.02 4.33 4.37 4.8 5.78 6.29 6.91 7.31 7.41 6.97 6.04 5.18 4.35 3.69 3.01 2.64 2 2 2 1.59 1 1 1 1 1 1 1.29 1.5 1.01 1 1 1 1 1 1 1 1
