layers/final_practice/hyla_meridionalis/prec_mean.asc
ncols         400
nrows         278
xllcorner     -21.041487136433
yllcorner     26.106002917928
cellsize      0.083333337679505
NODATA_value  -9999
[rows 99 to 131 of 278, columns 146 to 218 of 400]
-9999 -9999 93.26162 97.77915 100.0858 101.5308 101.4733 102.3208 107.8667 119.1683 124.4308 119.74 117.2942 115.1775 105.8225 95.71583 98.54332 98.49834 87.87416 75.83333 69.36249 70.3975 67.35165 62.38083 63.16084 61.065 58.52999 55.51917 53.42832 51.60167 48.83249 46.03667 44.22583 42.06833 39.03999 36.97584 35.5 34.37416 33.91 33.00167 32.40334 32.56917 32.42417 32.29332 32.25916 32.14334 32.01417 32.20501 32.09499 32.17168 32.76334 33.53001 34.48751 35.13834 35.9175 37.20918 39.82167 41.90501 50 55.1875 47.64083 43.055 41.45167 40.83249 42.715 42.52833 39.665 39.43749 38.90999 38.13667 36.9025 37.87833 38.87416
-9999 -9999 90.60501 94.57999 98.73499 105.4033 118.095 117.1667 114.025 104.7667 105.5017 107.1625 111.045 111.0217 108.0625 101.13 99.80583 97.96666 88.07249 76.67918 72.33249 73.3275 72.29749 67.08584 62.73084 62.40915 60.21915 57.22583 53.96332 51.3525 48.37251 45.96749 44.16417 42.16083 40.01416 38.66 37.4 36.31418 35.68833 34.65833 33.33501 33.05833 33.17 33.02416 33.37251 33.09 32.62916 32.32833 31.97917 32.11167 32.56666 33.58917 34.62084 35.26833 36.33417 37.95417 40.71166 43.81251 55.36916 45.65416 49.02084 46.63918 41.86667 39.3525 37.71 37.70084 38.47001 37.49834 36.07251 36.69166 38.19001 40.08334 40.84999
-9999 -9999 88.02013 90.27497 95.07333 109.8542 104.5775 109.1283 107.0675 96.98498 98.88665 102.8517 104.9433 103.975 101.3242 100.0092 96.90587 96.69835 86.845 78.69084 76.34418 71.53001 71.725 70.17667 65.4575 61.87582 60.6325 58.52499 55.39001 51.73165 49.41082 47.02251 44.99166 43.68834 41.97834 40.96917 40.00916 39.38166 37.94333 35.17667 34.6675 34.06501 33.66334 33.8875 34.37249 34.68167 34.09583 32.87751 33.11417 32.50833 32.92083 33.62751 34.8475 35.965 37.40499 40.97249 49.92418 51.06667 56.31417 52.07 43.83834 39.96832 38.85416 36.935 37.17001 38.43082 37.85749 36.27833 34.72501 36.2625 39.31667 39.96333 39.94833
-9999 -9999 86.21919 87.98002 90.31418 93.61667 103.1225 100.5967 103.145 98.07834 101.2992 101.4034 97.23751 95.34583 93.72501 94.02918 91.7725 87.20499 83.20832 81.18749 80.24084 76.42082 72.57166 71.76165 67.29166 63.47998 59.96834 59.50917 56.50667 52.46083 50.45168 48.81501 46.89001 44.86 44.28584 43.88335 42.72667 39.46917 36.94501 36.17001 35.83334 35.64333 35.68083 36.175 37.89167 37.29499 37.65083 37.45333 36.5475 34.32 34.3275 34.62666 39.07083 39.32833 42.46999 44.19917 43.11 40.57 40.9025 39.70666 39.43333 40.37334 37.91167 36.20749 36.9675 37.27583 37.1425 34.96999 35.45083 39.07416 39.10917 39.28333 40.805
-9999 85.0247 85.75925 85.4625 85.98332 91.1625 98.63586 109.22 112.235 97.71417 94.59247 93.24916 92.68335 93.80998 94.70834 89.82497 84.47417 84.17167 83.79334 90.34917 84.73666 79.08251 76.24 72.66333 68.93999 63.45667 59.11335 56.57249 55.44082 54.62917 52.96334 51.56 50.35999 49.55835 46.27083 43.22417 41.49916 39.92165 38.59499 37.93833 38.10751 39.09168 40.35001 40.78834 43.12417 42.58668 40.90416 38.42334 35.48584 34.5625 35.62417 37.6925 40.16084 42.58835 42.38166 45.18666 39.76499 37.34 39.43584 39.49417 37.68335 37.43083 36.65834 36.08751 37.01751 36.4325 36.19 34.32084 37.16415 38.0175 37.70666 39.89584 40.73334
-9999 83.83916 84.75249 83.8875 83.8125 86.91085 98.54834 111.005 92.2675 90.53915 89.07833 91.07834 89.47003 88.835 86.63335 89.40084 104.185 104.775 95.37002 91.60415 86.29416 81.13667 76.20667 74.84915 69.26334 63.6 60.375 57.17919 55.36499 57.89083 58.6325 61.35334 53.45166 50.06749 45.12165 42.43333 42.69 41.96416 39.78501 40.07166 41.17834 40.80833 40.47916 43.60584 48.84917 42.45001 39.13 39.25417 40.67666 40.26667 38.32 34.87584 36.03584 35.18 36.32999 38.66916 36.64 36.68 36.42083 36.73167 36.61834 37.62417 37.1175 36.71499 36.93667 36.01333 35.05834 36.95085 38.17081 36.51249 38.38499 39.79917 38.8475
81.83333 82.78916 83.32084 83.74833 82.535 87.57584 93.03084 90.97083 88.29748 86.27083 87.03749 86.78499 88.88833 90.46833 107.2292 127.2225 114.3333 101.7592 90.51085 91.8775 85.31334 79.72333 77.30166 75.80833 68.71668 65.10582 64.34917 60.9275 57.89333 57.95834 56.25833 53.84499 51.00251 42.23333 40.80666 42.01833 41.09751 43.6125 42.7375 40.61167 40.02583 41.795 48.35833 53.475 53.12833 50.36417 50.81583 46.50082 39.445 35.485 33.2825 33.30251 32.65416 32.39417 34.01083 34.85249 34.56165 34.64666 35.0425 36.94167 36.87834 37.46833 37.57833 36.51083 36.19 36.05918 37.40583 38.4375 37.50668 37.6125 39.055 38.505 36.64583
80.39379 81.30168 82.0875 83.2 81.96916 88.05001 87.44917 83.25417 83.87581 84.67583 86.45251 89.9825 91.82754 110.015 142.2842 128.1117 96.77831 83.85499 80.71335 85.835 85.73667 81.45332 80.62 77.055 73.11416 69.20248 65.67333 63.00333 65.41666 59.365 55.15501 46.21083 41.99 41.34251 43.29667 43.10583 47.5425 58.72 53.46751 43.01917 44.12832 52.02749 54.05165 52.97918 52.11 45.66667 44.2075 40.07249 38.265 39.89082 40.81 37.64749 32.28584 32.03501 32.44167 32.62749 32.46334 34 34.885 36.56916 37.36249 36.46418 37.0175 36.59167 36.13166 37.31917 38.23416 38.0225 36.68583 37.62083 37.08501 35.22501 36.2925
79.38416 80.33251 81.53583 80.925 80.40585 86.34833 85.75584 81.75333 83.67751 84.74585 86.28001 92.22084 96.40332 105.3508 128.3683 122.1142 85.5658 78.90749 79.72251 79.63167 82.19917 84.98083 83.56251 83.40001 76.22168 70.82583 70.06332 62.45666 57.19834 51.08416 47.39 43.82333 40.43 41.5 42.02416 43.62333 59.36001 67.3175 53.03251 48.96999 53.44335 57.91999 63.725 58.49751 52.54084 42.44418 44.15665 43.60501 35.2575 30.895 32.1175 32.97833 32.93584 32.54 31.5925 31.22583 32.66584 34.06416 34.515 35.90416 36.71001 36.18 35.98416 35.51249 36.34333 37.77833 37.61832 36.8425 37.355 36.8725 35.11916 36.445 38.29834
78.115 76.8225 77.18167 77.06998 78.10166 82.8658 82.8175 84.07667 83.77251 87.69751 98.06999 109.1975 113.035 95.79247 88.83249 84.53581 81.0775 80.14584 76.1525 75.00249 75.49251 75.67503 67.95917 63.99083 72.485 61.71666 55.62751 51.61834 48.50668 48.74084 44.16583 41.525 39.66083 38.26167 44.84251 55.51834 46.8825 53.255 66.44084 63.5075 60.50835 43.38083 48.93749 43.86583 34.95584 31.26001 32.88333 29.42917 30.03415 30.8325 32.03084 32.755 31.2025 30.27501 30.62917 31.97834 33.35334 33.945 34.03167 35.62749 35.76083 35.99583 35.6575 35.39167 35.79834 36.52084 36.71083 36.95333 36.27333 34.93166 35.29916 38.73917 39.21833
74.36051 75.16917 75.43415 75.82918 80.33835 81.56416 80.48331 89.90835 96.7325 100.37 100.3633 104.7892 99.28083 88.53587 89.18002 88.76165 84.18249 78.27751 71.51167 69.97585 69.10417 65.16918 60.96833 59.59085 58.87749 54.23167 49.45249 48.09499 47.79166 46.5725 43.08667 41.17083 39.86583 40.78667 46.08583 44.54667 49.3325 41.90166 39.74166 38 34.69917 30.71918 30.23083 29.88999 30.025 30.48417 30.53333 30.78167 32.84415 34.04834 30.6875 29.99083 29.86334 30.53667 31.53583 32.55833 33.13084 33.14167 34.18417 34.62166 34.75084 35.8325 34.665 34.89667 36.19 37.40667 36.87833 35.58416 34.395 35.0725 36.57166 39.15333 39.8425
74.16582 73.80752 73.52083 79.65417 82.82415 82.00748 95.95499 104.3108 98.105 92.76501 92.76583 89.44332 85.24666 93.73751 86.19418 89.30666 77.05 71.43584 69.83166 67.28834 67.36665 66.70251 63.51086 56.71252 53.44416 49.69083 47.99415 47.34417 45.68083 43.37667 40.8575 39.51501 39.57668 40.05166 39.89833 39.635 38.49583 34.39917 32.8925 31.29582 30.76585 30.34084 30.07584 30.19582 30.16166 30.065 30.25917 31.02583 30.53667 29.76333 29.70001 29.965 30.32 30.89834 31.73418 32.28166 32.36584 32.42083 33.45333 33.21584 34.28249 34.16333 33.78583 34.53333 34.83584 35.04667 34.705 35.17166 36.27668 36.86 37.51833 38.8875 39.72749
73.26501 73.05415 73.61334 81.89002 80.83083 82.69249 90.98499 89.095 85.20749 87.07335 92.44166 92.38918 92.00916 86.24834 75.10333 75.16582 73.33668 69.08501 67.10416 64.23669 63.20499 61.39831 58.03252 54.91585 54.53418 50.26334 48.02917 46.11501 44.14667 42.00417 40.66917 41.00167 41.02417 39.27583 36.56249 34.73833 33.75001 32.89417 32.32916 31.72917 31.18416 30.85333 30.6725 30.52417 30.43917 30.52083 30.6925 30.11501 30.06499 29.98416 30.08166 30.81 31.55833 31.77917 31.72333 31.59083 31.7 32.41084 32.56583 32.45667 32.9175 33.73417 35.15834 36.27666 36.92751 36.97083 36.76999 37.28667 37.57333 37.63 37.84667 38.7575 39.69083
71.70749 73.41415 73.42833 77.97167 77.47917 81.12584 81.40002 80.27084 84.18167 89.54332 92.57582 97.21165 84.92081 75.57001 71.48167 71.75752 71.03667 67.49586 61.45085 60.18251 58.96333 59.28083 56.71333 54.015 51.7225 50.42417 47.9125 46.35667 45.18334 43.63166 43.59668 43.855 40.98 38.50416 36.02 34.66582 34.03001 33.37166 32.985 33.24917 32.115 31.63167 31.7725 32.07083 31.2525 31.08082 30.60583 30.96 31.87084 31.40084 30.90668 30.53666 30.8375 31.255 31.45666 31.3175 32.00834 32.505 32.46417 32.70667 33.29584 33.85916 35.02333 36.00335 36.37249 36.48917 36.73749 36.97334 37.0675 37.00083 37.63833 38.4075 38.7225
69.29417 72.8725 76.18251 75.84083 73.82498 77.86417 76.60417 77.02416 77.57999 80.45083 86.27333 86.74415 76.59085 72.10416 71.06666 70.73166 66.17335 61.3125 60.54084 58.86918 59.46751 56.87332 55.13501 53.53667 51.24583 48.855 46.98833 46.44501 45.59 45.12999 42.71001 40.50417 39.33667 37.73916 37.40917 36.47832 35.74166 34.19917 34.53834 34.65 33.07584 33.05167 32.86583 32.63583 31.58834 32.06583 31.88667 32.12833 32.9775 32.81333 32.45834 32.6275 32.485 31.56582 32.515 33.65583 33.96999 34.61667 35.03916 34.72499 34.50333 34.61833 34.54665 34.8475 35.60084 35.82749 36.29001 36.39085 36.22834 36.69917 37.03334 38.44583 39.025
68.11751 72.45334 73.55917 71.26665 69.97999 72.55334 76.20166 73.52416 76.62416 76.55 77.66 74.06086 69.64582 69.66084 66.84582 64.50667 63.84999 63.75835 61.74585 58.93834 58.64917 56.29667 53.16917 51.72333 51.8875 50.5275 48.41333 45.40084 42.68584 42.38167 41.97667 41.64667 40.43918 39.05917 38.91834 38.65334 39.13667 39.13166 38.15916 36.76584 36.69917 36.71249 35.73417 34.3825 34.38416 34.30583 35.87416 35.09 35.06916 34.94584 35.26999 34.62999 34.6625 34.0475 34.76167 35.66084 35.0575 35.94333 35.92916 35.8125 35.7075 35.70417 35.36417 35.33168 35.25416 35.81415 35.74667 35.96917 36.06919 36.41001 36.69499 37.65083 38.05333
71.03751 77.71084 72.58418 70.06667 68.26917 67.60499 71.13333 70.53749 73.43167 75.57834 74.53583 69.90832 66.77583 64.995 63.175 64.14165 63.91085 62.11665 59.71667 60.13751 56.79667 54.81498 54.05415 52.92001 52.07333 50.97335 49.83751 46.72499 44.24083 42.43084 41.46999 40.76667 40.00334 38.90666 38.76335 38.53584 38.61417 38.7625 39.24833 39.88 39.63751 41.6925 38.90834 38.84416 36.46 35.73668 39.21751 38.67167 39.175 38.57915 38.66416 37.92666 37.80333 35.92583 35.96001 36.97167 37.34917 36.90084 37.06834 36.73833 36.15166 36.15998 35.59917 35.74917 35.66834 35.89167 35.23499 35.31668 35.65083 35.85 36.96835 38.04 37.19834
76.83917 75.60249 74.29751 65.46333 64.59083 64.63834 67.36083 68.45834 68.48 68.63583 67.82082 67.22085 64.75251 66.00416 64.89917 65.34251 62.82333 62.54581 61.32333 61.73499 59.59666 55.39417 52.075 51.37251 50.61 49.0425 48.0975 46.76167 45.18834 42.34166 41.7625 40.5725 39.50916 39.32834 39.22083 39.51501 39.56084 39.95168 39.59917 39.56333 44.12334 43.89417 44.24751 39.90501 39.4175 37.20167 37.42667 39.36416 39.6225 39.45167 42.5625 38.675 41.57834 40.2275 39.69834 39.14667 39.2375 38.9 38.02499 36.35415 36.01833 35.87834 35.73166 35.64252 35.61668 35.215 35.02668 35.04001 35.23584 35.41166 35.82835 36.59416 36.07249
69.55083 65.32167 63.49499 62.15002 61.62583 63.02166 62.69834 62.13501 62.3975 62.18832 64.65665 65.11584 66.19 65.70586 65.45664 65.65 66.76582 64.33665 62.39168 60.77834 60.68417 57.50917 53.17499 50.84999 49.0375 47.23835 46.29583 45.45499 44.74416 44.38833 42.79833 41.82417 40.41001 39.96083 39.88916 40.6425 40.95499 44.44751 42.10833 41.36583 44.5475 46.52916 40.46584 38.31917 37.42001 37.56501 35.95166 36.18916 36.07084 36.80751 38.09083 37.28917 38.37 37.6825 36.97333 36.50249 39.905 41.87502 40.26501 38.19084 36.92583 36.93583 35.99333 35.59334 35.46416 34.95834 34.84417 35.2025 35.79667 35.29416 35.07832 35.36834 35.39499
61.76748 62.23918 60.44252 59.67417 60.79082 64.07668 63.79916 63.36499 62.59084 64.18417 64.58748 63.88832 63.40334 63.77335 64.39999 65.21419 69.73833 72.13915 68.14085 64.33083 60.51083 57.61166 55.52249 53.28832 49.76584 49.75667 47.605 45.15501 43.97166 43.46917 42.91751 42.56666 41.64917 41.43666 41.53833 41.17251 40.995 43.60418 44.20833 42.87417 41.22499 40.31834 39.1575 36.96167 37.33501 36.2 35.92584 35.55667 36.06417 36.67499 37.46832 38.94083 39.60083 39.86166 37.30667 38.10416 38.93 38.76333 39.86167 38.49167 37.33417 37.88583 38.625 36.52501 35.26499 34.86583 34.56915 34.71167 35.03001 34.73083 34.61665 34.81917 34.83749
59.99 59.64417 58.39252 58.5225 61.00999 61.86416 62.67168 62.92583 62.46667 61.56583 61.205 61.37416 60.08419 60.7 60.74251 61.64251 64.78667 72.06083 69.86584 61.21665 55.54666 54.55999 52.78167 49.75668 47.86417 48.21917 46.21666 45.70499 45.50333 43.31499 43.39917 43.7625 42.92584 42.30417 42.34251 40.81582 39.20084 39.76251 38.46333 38.54833 38.16416 39.48001 38.77751 36.92334 36.74916 36.35666 38.46917 37.32584 37.08166 37.86833 37.42916 37.78417 37.645 36.35583 35.905 36.86919 38.87999 38.40917 37.32083 37.575 38.76834 38.33 39.73084 36.50335 35.13085 34.72085 34.47084 34.49001 34.535 34.48333 34.54999 34.63584 34.75833
58.95918 57.60333 57.36 59.06916 59.65248 59.92001 60.35585 60.84084 59.98835 58.73666 59.85833 59.43668 57.93083 58.46416 60.16666 59.8975 59.38414 60.37918 60.67665 57.93583 53.60501 51.46417 51.47583 47.79834 46.89249 46.46917 45.90668 45.8825 45.35083 44.44584 44.05999 43.65668 45.6475 43.26083 40.04082 39.65417 38.78334 38.77333 38.14583 38.33667 37.65917 37.97416 38.59332 38.22249 37.49417 37.495 38.53666 39.8825 38.79416 38.2575 37.56833 38.2675 39.5825 37.86499 36.03834 35.96167 37.95833 37.795 36.56833 35.46419 35.44667 36.82166 35.73251 34.56917 34.655 34.77418 34.72084 34.71334 34.73583 34.67585 34.63586 34.76416 34.95249
56.97166 56.24313 57.13168 57.87585 58.61916 59.05833 59.10249 58.90084 57.25748 57.91167 58.00917 56.73499 56.42833 56.6275 57.04917 58.32917 57.54501 56.64668 54.63334 53.81333 51.2575 48.6475 48.19917 46.02833 45.94917 45.22999 44.94498 44.41001 43.23999 42.8975 43.54668 42.66417 41.78 39.7625 39.48749 38.90251 38.41752 38.58083 38.29582 38.08667 38.03749 38.26749 38.81249 38.55667 39.38334 39.68333 39.43917 40.06749 41.0725 39.24834 38.66084 39.93167 40.3525 39.2525 38.14083 36.93084 37.54917 37.46083 35.7975 34.86999 34.71584 34.72332 34.75748 34.81417 34.89168 34.94833 34.90585 34.90502 34.95 34.97667 35.22917 35.71916 36.0125
55.73808 56.11584 56.9525 57.07666 57.47752 56.90667 56.4225 56.45918 56.07333 56.26667 56.14582 55.91417 55.21999 55.1925 55.0375 54.51582 54.59165 54.33916 52.57083 50.50667 49.925 48.04749 45.20083 44.44417 43.57417 43.11084 43.04084 42.52748 42.05083 41.57833 42.01083 42.39584 41.30082 39.69249 39.35751 39.11166 38.98083 38.90584 39.05917 40.23333 40.4625 39.015 39.51499 39.90334 39.42501 39.96084 40.18166 40.66666 41.27917 41.27 40.01835 39.15501 38.65918 40.24334 39.215 37.04001 37.67333 36.135 35.32417 34.99001 34.87584 35.02082 35.12416 35.1675 35.16834 35.19165 35.48582 35.675 35.8225 36.11334 36.76167 37.99084 38.22749
55.50251 55.65667 55.60334 55.15498 54.46833 54.81001 54.99834 54.73 54.47833 53.93498 54.0275 55.47164 55.38749 55.6475 55.11416 54.46167 53.99916 53.79084 53.92749 52.01416 47.755 45.70918 44.01167 43.235 42.46416 42.125 42.08749 41.64916 41.395 41.15333 41.57584 41.58834 40.02417 39.80415 39.79082 39.96502 40.14251 40.10416 40.16999 40.18834 40.36417 40.96667 40.88584 40.08499 41.165 43.4375 41.87082 42.13999 41.66332 40.94167 40.36834 41.16917 39.60667 39.2275 39.185 37.95 37.95999 36.69833 36.14918 35.66083 35.50832 35.57417 35.78083 35.72419 35.71751 35.74168 36.16169 37.02167 37.46165 38.16334 38.45916 37.88166 38.49833
55.31416 55.30085 55.58916 55.2075 54.86168 55.07835 54.05916 54.13251 54.18333 54.01167 53.78999 54.13582 53.9925 54.38582 56.62666 56.465 54.6375 52.95666 54.25666 51.53083 46.50166 44.11833 43.32751 43.0175 42.40999 41.81833 41.58501 41.52499 41.61334 41.88833 41.48083 40.94083 41.08501 41.27334 41.16 41.95667 41.94083 42.03833 42.21249 41.20834 41.6675 41.9475 42.26166 41.71833 41.1825 42.55417 41.49332 41.9075 42.32832 42.43417 43.09 42.78417 40.92333 40.09085 40.72666 39.62833 38.16916 37.59666 36.94083 36.5525 36.88083 36.82083 36.95751 37.95833 37.22583 36.22083 36.62083 37.23583 37.73084 37.90834 38.915 38.96167 38.50917
55.1925 54.90499 54.51167 54.57334 54.50334 54.76416 54.46083 54.53833 55.07665 54.81584 54.11917 54.27751 53.85498 54.01083 53.83168 55.82833 55.875 51.29499 49.11 47.03084 44.88583 44.36334 44.15918 43.80333 43.14668 42.97749 42.73584 42.74 43.32668 43.35166 42.24667 43.09917 43.46083 43.91167 44.00584 43.59666 45.33751 43.55832 43.60416 42.69666 43.44001 43.90168 44.43 44.23916 43.78168 41.76585 43.1175 42.98083 42.57167 41.90501 43.20417 42.82167 43.07 41.86833 40.99167 40.80333 40.35334 39.74749 40.355 38.99083 37.72999 37.48082 37.3425 37.62667 37.43667 37.08416 37.86917 37.80167 37.60667 37.91584 38.94083 39.34666 39.42833
54.45 54.5075 54.58333 54.15499 53.9225 53.65501 54.31667 55.19751 55.93084 55.70667 54.6525 53.9875 53.66417 52.76916 54.3875 53.4825 51.21083 50.62917 46.54084 45.45667 45.79333 45.115 45.07167 44.6525 44.085 43.81334 43.8125 43.46667 43.99001 44.51584 43.71667 42.94916 44.20832 45.65083 46.16082 45.29001 45.23917 45.28917 44.87418 45.62501 45.83334 46.89999 46.24501 45.59668 44.12835 43.35083 43.395 42.71667 42.55835 43.04332 43.09083 43.02666 43.74166 44.24084 43.21334 42.08834 41.34167 41.64167 42.39666 41.11083 38.45084 38.50917 38.86666 38.18666 38.0475 37.93499 38.14333 38.22582 38.17666 38.24749 38.7075 39.27333 40.11666
53.86082 53.34999 53.23666 53.035 53.10166 54.255 55.10001 55.00501 55.48251 55.37416 54.3075 52.08167 51.42999 50.54166 50.17583 50.41333 48.98083 47.02082 46.24749 45.39751 46.23167 46.95166 47.46333 46.80333 45.61166 45.37835 45.28333 44.91251 45.33916 45.83332 45.50583 44.62083 45.83333 46.55833 47.62166 47.77916 46.36 47.73085 47.56916 48.63583 47.70332 46.55167 45.79 45.37834 45.09249 45.01334 46.32417 44.50834 44.87166 45.76416 45.08416 45.075 44.89666 45.13834 44.76834 43.78918 43.45752 42.7225 41.23167 40.29 41.43916 39.27583 40.05 39.43334 39.04417 38.52166 39.08 39.76084 39.11668 38.815 38.71083 39.8925 38.72834
52.62106 52.11316 52.71418 51.83916 51.74166 53.33583 53.40334 53.45665 54.33834 53.16751 51.53749 50.93917 49.94749 49.055 48.96917 49.32417 48.78584 46.78416 45.09584 45.6475 46.12333 47.68167 48.24167 49.34335 50.99417 49.23584 50.17833 46.88834 46.7475 47.87916 47.52584 46.68167 45.81416 49.04084 48.81749 48.51085 47.72332 49.85167 50.75166 49.43419 48.78917 47.2575 47.53833 47.72416 47.72916 47.09832 46.92666 46.2125 45.71249 45.49416 46.29751 48.36833 48.92749 47.06667 45.82583 44.84417 42.60083 42.4175 42.64001 41.6025 40.70416 41.14999 40.84583 40.735 40.71834 40.34918 40.03001 39.79166 39.11251 38.08667 39.41417 38.06167 36.01834
-9999 51.20576 50.9875 50.81001 50.64499 50.195 50.96085 51.105 50.43833 50.20583 49.9625 49.77501 48.695 47.83584 48.20833 47.89415 47.15667 45.5975 44.54082 45.30166 45.85165 46.67083 48.18084 50 53.24001 53.51918 53.04585 50.54833 47.99167 50.08083 49.62334 48.83167 47.44584 47.93832 49.01166 50.12833 49.81501 50.68666 50.49083 49.76417 50.06416 50.18082 49.39417 49.65834 49.61834 48.78751 48.99166 48.87416 48.40833 47.805 47.02082 46.67083 47.50166 49.91333 49.015 48.08332 46.92917 43.58251 41.62083 43.46251 44.75666 45.64 45.46416 41.98668 41.23667 40.28501 39.36834 38.49083 38.67667 38.69167 37.77667 35.75333 35.42165
51.13073 50.98232 50.33507 49.37833 49.20583 49.53331 48.93333 50.48 49.93666 49.325 49.575 50.55416 49.11499 48.21833 47.07667 46.59834 45.43084 44.38168 44.77499 45.04083 45.46417 47.05917 47.58834 50.22417 51.77499 47.47167 48.74499 49.245 50.50666 50.70833 51.02085 51.24916 50.19249 49.80833 51.06334 50.3275 50.96416 51.03001 50.94165 51.34666 51.69667 51.41333 51.50667 52.0225 51.58334 51.07833 50.83833 50.82834 50.52501 49.78668 49.555 49.02333 47.78334 47.47167 46.34832 47.18834 46.84166 46.14418 42.0275 43.94584 43.28917 43.20166 44.09167 42.27833 41.39833 39.16916 37.55501 37.15918 37.42666 36.95749 35.8375 33.87667 34.53001
-9999 50.71833 50.69833 49.97916 48.70166 48.1625 47.30833 48.04585 48.40583 49.00749 49.145 48.4275 49.05584 49.98999 47.85167 45.84248 44.93251 44.08916 44.41835 44.49751 45.16084 45.63166 47.08833 48.31583 47.18999 46.80085 47.665 48.04583 49.54583 50.76584 51.95168 52.56834 52.80249 52.42916 52.33416 52.22749 52.19085 52.4225 51.825 52.66917 52.85167 51.85833 51.95667 51.94417 53.28166 54.16 52.285 51.61415 51.99334 51.25166 50.98167 50.43166 50.32083 49.57416 48.66335 45.90167 46.75166 45.25166 42.8825 42.64084 42.17083 40.83667 40.31501 39.59001 37.56 36.3575 36.28 37.36333 37.2 35.61333 33.17167 36.65167 40.02999
