layers/final_practice/hyla_meridionalis/prec_min.asc
ncols         400
nrows         278
xllcorner     -21.041487136433
yllcorner     26.106002917928
cellsize      0.083333337679505
NODATA_value  -9999
[rows 0 to 34 of 278, columns 240 to 319 of 400]
47.41 48.2 48.22 46.54 44.61 42.76 40.87 40.52 40.23 41.12 41.13 42.87 45.38 46.82 45.96 47.75 48.43 48.6 48.12 47.27 45.83 46.09 46.16 45.97 45.38 44.12 42.48 42.25 41.7 43.8 43.51 43.24 42.75 43.85 43.66 43.42 43.93 43.82 43.84 44.21 43.41 43.25 43.61 43.88 44.03 44.21 44.18 44.45 43.98 43.07 41.66 41.1 39.91 39.39 39.17 39.84 40.16 38.89 39.43 38.42 38.3 39.63 41.25 44.14 45.33 46.57 47.98 49.14 49.01 48.4 49.77 52.18 51.25 53.07 53.43 51.95 52.19 54.19 50.89 50.18
49.2 48.81 49.57 47.56 45.81 43.42 41.21 40.16 40.84 40.71 41.7 41.73 44.1 47.19 46.27 47.17 48.4 48.95 48.17 47.31 46.14 46.26 45.98 45.43 44.98 43.74 42.92 43.5 42.91 42.39 43.95 42.48 43.69 43.94 43.65 43.35 43.74 43.69 43.48 43.62 44.11 44.15 44.49 44.53 44.42 44.3 44.53 44.15 43.5 42.82 42.29 41.6 41.59 41.31 41 40.57 38.52 39.93 41.46 43.35 43.19 43.27 41.52 41.7 43.39 45.2 46.39 47.73 47.84 47.62 48.09 49.91 50.09 50.54 52.06 51.37 49.55 52.11 51.11 48.62
48.85 49.68 50.85 49.44 47.05 46.25 43.08 43.31 43.2 42.61 42.48 42.5 43.75 45.64 47.64 47.9 48.4 49 48.13 47.64 46.94 46.2 46 45.33 44.88 43.68 43.3 42.67 43.02 43.84 42.7 41.51 42.97 44.26 43.45 43.51 43.12 42.81 43.86 45.47 45.03 45.19 45.2 44.99 44.8 44.53 44 43.74 43.21 44.66 43.89 43.03 41.03 41.18 39.8 40.29 41.1 41.01 39.95 38.1 38.05 38.34 38.95 40.43 42.08 43.75 45.2 46.42 46.8 46.71 46.81 47.51 48.74 48.52 50.1 50.19 48.79 48.12 50.29 49.78
49.38 49.71 51 52.08 51.27 46.9 45.03 47.04 46.22 45.37 43.76 43.57 45.69 47.39 48.39 49.26 49.75 49.26 48.88 48.35 47.55 47.08 46.38 45.78 44.7 44.03 43.03 43.28 43.43 43.38 44.12 43.53 42.74 42.69 42.99 42.9 42.65 42.59 43.39 43.38 43.83 44.19 44.45 44.34 44.02 43.83 43.52 43.28 43.24 43.46 43.12 42.44 42.33 42.79 41.39 41.4 41.7 41.98 42.38 41.7 38.65 38.09 38.86 39.35 40.11 42.15 43.99 45.17 46.1 46.23 45.94 45.79 45.86 46.95 47.91 47.93 48.08 46.32 46.13 48.37
49.05 49.04 50.5 50.68 48.46 47.64 46.47 47.05 47.95 47.35 45.85 44.82 46.58 49.01 49.04 50.32 51.24 50.32 50.01 49.2 48.05 47.66 47.05 46.35 45.15 44.2 43.83 43.71 43.42 43.14 43.99 43.92 43.86 44.04 43.64 44.7 44.64 43.86 43.61 43.42 44.19 44.8 44.65 44.17 44.36 44.3 44.1 44.76 44.7 44.04 43.77 43.41 43.2 42.19 42.07 42.27 41.98 42.28 41.52 40.5 38.92 39 39.73 39.77 40.06 40.19 42.07 43.5 44.74 43.36 44.11 44.03 44.55 45.45 46.37 46.46 45.37 44.41 43.66 46.31
51.99 51.47 52.11 50.64 49.38 50.2 49.48 48.91 48.61 48.99 49.38 48.89 48.06 47.9 50.36 51.17 52.39 51.88 51.39 49.94 48.78 48.02 47.11 46.14 45.55 44.49 43.84 43.78 43.55 44.07 43.99 43.97 44.82 44.43 43.86 45.27 45.39 45.59 45.93 44.78 44.45 44.06 45.13 45.27 45.07 45.02 44.66 44.02 43.6 43.63 43.56 43.52 43.3 42.56 42.51 42.63 42.29 40.99 39.95 39.89 40.05 40.29 40.6 40.81 41.16 40.68 40.75 41.75 41.47 41.25 41.77 42.32 42.71 43.79 44.73 45.69 43.78 42.43 41.08 42.87
51.21 52.24 52.36 52.22 52.02 51.2 51.36 50.77 51.14 49.83 48.99 48.93 49.53 50.07 50.23 50.94 51.93 51.68 50.93 50.12 49.24 48.35 47.51 46.5 45.84 45.64 44.93 44.23 44.11 44.13 44.79 44.96 45.15 45.86 45.91 45.63 45.51 45.64 45.52 44.53 44.61 44.57 44.85 44.92 44.94 44.63 44.04 43.88 43.75 43.71 43.9 43.78 43.41 43.4 42.81 42.85 41.39 39.28 39.04 39.09 40.17 41.08 41.21 42.04 42.2 41.66 40.25 40.01 40.28 40.78 41.27 42.3 42.46 43.27 43.85 42.65 43 42.9 42.63 40.88
49.07 50.26 50.31 49.87 50.8 51.55 52.61 52.36 52.41 52.79 51.8 53 51.51 50.23 50.2 50.14 50.28 50.18 50.79 51.44 49.99 49.46 49.25 48.34 47.04 46.12 45.83 45.55 45.83 45.14 44.62 45.07 45.49 45.9 45.91 45.47 45.55 45.25 45.42 44.48 44.94 44.68 44.99 44.83 44.41 43.97 43.91 43.92 43.9 44.05 43.96 43.81 43.41 43.21 42.86 42.75 40.17 39.03 39 39.22 39.89 40.03 40.42 41.22 40.99 41.5 40.64 40 40 40.11 40.07 40.54 41.16 42.26 42.2 42.86 42.31 43.17 43.18 43.15
49.3 49.29 49.44 48.79 49.4 49.73 50.25 50.71 51.99 53.92 54.74 55.14 54.78 51.68 49.54 49.22 49.35 49.51 50.31 49.81 49.51 49.38 49.59 49.35 48.66 47.99 48 47.9 46.88 46.1 45.62 45.22 45.76 45.94 45.95 45.64 45.23 45.19 45.14 44.69 44.33 44.86 44.29 44.1 43.94 43.99 44.17 44 43.96 43.97 43.27 42.95 42.99 42.35 40.67 40.24 39.68 39.28 39.33 39.52 39.45 39.62 39.96 40.28 40.5 40.44 40.28 40.04 39.97 39.96 40.21 40.49 41.38 41.84 43.87 43.79 44.21 43.39 44.27 45.48
49.86 49.79 49.55 48.97 48.34 49.19 50.12 49.85 51.12 53.11 54.45 52.08 50.05 49.12 49.21 49.67 49.06 49.56 49 48.51 48.66 48.47 48.48 48.93 48.87 48.21 47.2 46.84 46.39 45.91 45.93 46 45.89 45.98 46 46 45.92 45.65 45.33 45.28 45.08 45.02 44.15 44.76 44.28 43.9 44.33 44.07 43.74 42.57 41.5 41.45 41.03 41.29 41.64 42.05 40.85 40.85 40.43 40.45 41.47 41.02 42.08 40.85 40.3 40.38 40.24 40.07 39.9 39.87 40.35 40.86 42.53 41.8 43.72 44.41 45.13 45.23 47.05 47.39
49.31 49.79 49.13 48.82 48 49.08 51.49 50.89 51.23 52.37 51.69 51.06 50.59 49.48 50.66 50.63 49.31 48.98 49.71 49.49 48.63 48.03 47.92 49.04 50.1 49.17 47.65 47.1 46.59 46.15 46.03 46.02 46 46 46 46 45.97 45.72 45.99 45.78 45.36 45.3 44.77 45.5 44.44 43.67 43.57 42.8 42.28 42.04 42.32 42.27 42.62 42.38 41.88 42.52 42.38 42.57 42.55 41.24 41.86 42.61 42.64 41.62 40.94 41.04 40.65 40.72 40.75 41.2 42.12 42.99 44.14 42.69 42.82 44.74 46.78 47.81 48.5 47.78
47.85 48.04 48.74 47.82 47.67 48.08 48.85 50.27 51.08 50.41 49.83 49.72 49.29 48.79 48.58 48.74 48 47.85 48.89 48.58 47.93 48.34 48.82 50.5 49.65 48.4 47.13 46.96 46.71 46.68 46.88 46.19 46 46 46 46 46 45.91 46 45.98 45.63 45.38 45.18 44.52 43.97 43.88 44.06 43.94 43.89 43.88 42.11 42.67 43.42 43.83 42.98 44.01 43.59 43.09 43.96 43.59 41.94 41.95 42.31 41.99 42.4 42.87 42.6 42.57 43.62 43.97 44.57 44.07 44.42 42.95 44.41 44.57 46.22 48.45 48.74 49.39
48.34 47.32 47.05 46.9 47.43 47.2 47.27 49.31 51.01 50.36 50.8 50.07 49.22 48.66 48.15 48.26 48.27 48.92 49.72 48.3 48.43 49.67 50.14 49.88 48.73 48 47.39 47.18 46.47 46.54 46.86 46.47 46.03 46 46 46 46 46 46 45.98 45.73 45.06 45.08 45 44.8 45 44.86 44.95 44.67 44.83 43.91 41.54 43.15 42.88 42.94 43.07 43.94 44.56 45.16 45.76 43.17 42.92 43.12 43.39 43.79 44.22 45.57 45.23 44.32 43.4 44.95 45.16 45.39 42.69 45.2 45.77 47.73 50.39 52.33 52.2
47.26 47.15 46.13 46.34 46.44 46.56 46.55 47.1 48.51 48.63 48.16 48.53 49.31 48.93 48.41 48.88 49.01 49.26 48.9 48.27 48.92 49.74 50.83 49.87 48.4 47.94 47.75 47.19 46.78 46.9 46.89 46.86 46.74 46.11 46.04 46.04 46.05 46.08 46 46 45.99 45.46 45 44.98 44.85 44.15 44.63 44.99 44.96 45 44.1 42.15 43.65 44.1 44.67 45.37 45.49 45.79 45.63 44.99 44.16 44.44 44.72 45.18 45.87 46.96 47.52 46.91 47.01 44.2 43.91 43.9 44.42 44.01 46.97 49.67 50.26 53.06 51.35 52.84
46.59 46.36 45.76 45.47 45.57 46.03 46.09 45.95 46.99 47.38 47.16 47.48 48.37 48.55 48.64 48.83 48.76 49.15 49.08 49.58 50.46 49.44 49.34 49.17 48.94 47.92 47.06 46.7 47 47 47 47 47 46.96 46.58 46.68 46.79 46.71 46.77 46.59 46.34 45.48 45.07 45 44.82 44.89 44.93 44.93 45 44.99 44.12 42.97 44.21 44.7 44.39 43.75 43 43.17 43.32 43.71 44.75 45.78 47.05 47.79 47.16 47.18 47.36 47.67 48.04 45.19 45.14 44.36 45.55 46.84 47.96 50.36 52.12 53.42 52.35 55.28
45.44 45.65 45.46 45.05 45.58 45.19 45.1 45.2 45.24 45.56 46.13 46.67 47.39 47.44 48.02 48.28 49.27 49.68 50.66 50.81 50.52 49.78 49.02 49.72 48.9 49.05 47.1 46.92 47.13 47.06 47.02 47 47 47 47 47 46.72 46.74 46.75 47.01 46.84 46.06 45.63 45.17 45 45.03 45.21 45.53 45.13 44.98 44.33 43.8 42.11 41.83 41.47 42.05 42.49 42.98 43.92 45.46 47.12 48.52 50.01 49.23 48.68 49.5 48.88 47.81 47.89 46.25 46.46 46.74 48.35 50.2 50.46 51.26 53.89 55.26 54.96 57.01
44.75 44.82 45.03 44.7 45.01 45.3 44.82 44.35 44.86 44.84 45.34 46.01 46.42 47.17 47.71 48.89 50.18 49.83 50.47 50.35 49.96 49.35 49.74 48.64 47.75 46.86 47.25 47.88 48.22 48.13 47.88 47.08 47 46.96 46.68 46.33 46.5 46.88 46.99 47 47 46.9 46.53 46.24 45.64 45.51 45.95 46.04 45.88 45.29 45.56 45.21 42.92 42.85 41.79 42.77 43.84 44.74 46.27 46.62 47.69 48.92 50.48 50.24 49.16 49.7 48.39 48.82 49.13 49.66 49.52 49.56 50.71 51.64 53.27 53.39 53.75 55.31 54.52 55.34
44.44 44.28 44.63 44.06 44.19 44.56 44.34 43.93 44.13 44.79 45.25 46.04 46.83 47.51 47.69 48.79 50.22 49.99 49.34 49.51 48.98 49.23 48.95 47.86 47.22 46.69 47.65 48 48 48.1 48 47.25 47 47.04 47.21 47.37 47.37 47.49 47.33 47.11 47.02 47.43 47.69 47.15 46.97 46.48 46.38 46.62 46.45 45.94 46.06 46.34 44.71 43.79 42.92 43.76 46.52 45.57 46.95 48.63 48.57 48.73 50.75 51.14 51.12 51.37 50.89 51.77 51.59 50.81 51.97 52.38 53.03 54.55 56.21 55.27 55.36 54.9 56.3 57.58
44.31 43.92 43.75 43.81 43.88 43.9 43.41 43.92 44.19 44.57 45.15 45.71 46.32 46.67 47.33 48.18 48.72 48.64 48.52 48.65 49.14 49.5 49.78 49.07 48.45 48.24 48.24 48.08 48.03 47.96 47.51 47.46 47.8 47.82 47.65 47.63 47.86 48 48.01 48.02 47.96 47.78 47.51 47.74 47.87 47.25 47.08 47.12 47.16 47.18 47.5 46.79 46.57 45.85 45.68 43.92 46.02 46.81 47.59 48.08 50.09 51.06 50.81 52.34 52.97 53.03 53.32 52.71 53.34 53.61 54.06 54.77 55.5 55.79 56.13 53.23 54.09 54.77 56.28 58.07
44.04 43.65 43.64 43.18 43.62 43.03 43.17 43.45 44.15 44.23 45.02 45.8 46.24 46.6 47.08 47.63 48.34 48.39 48.17 48.3 49.08 49.87 49.72 49.33 49.15 49.09 49.08 48.93 48.35 47.82 48.04 48.18 48.11 48.25 48.15 48.23 48.17 48.3 48.51 48.78 48.89 48.79 48.69 48.67 47.96 47.81 48 48.13 48.4 48.31 48.08 48.02 48.19 48.28 46.88 45.62 45.4 46.94 49.24 49.77 51.3 53.09 52.91 52.47 52.51 53.68 54.11 54.07 54.01 55.39 56.46 55.87 54.02 55.53 55.08 52.6 53.52 55.17 56.01 57.78
44.02 44 43.92 43.71 43 42.75 43.06 43.3 44.1 44.41 45.26 46.04 46.38 46.84 47.14 47.82 48.51 48.64 48.17 47.99 48.04 48.81 49.02 49.15 49.18 49.02 48.87 48.79 48.8 48.62 48.53 48.15 48.01 48 48 48.02 48.19 48.59 48.87 49.03 49.29 49.66 50.06 50.23 49.95 48.44 47.63 48.37 48.74 48.85 48.92 48.53 47.23 46.79 45.98 46.02 47.32 47.29 48.96 50.23 50.23 51.92 52.43 52.35 53.23 52.17 53.13 54.73 55.71 55.96 55.94 55.05 53.75 52.48 52.05 53.02 52.97 54.77 55.73 56.96
44.09 43.66 43.51 43.45 43 42.92 43 43.09 43.27 43.91 44.44 45.36 45.84 46.5 47.17 47.55 48.32 48.11 47.91 47.06 47.06 47.99 48.56 48.77 48.69 48.69 48.81 48.99 49 49.26 49.19 49.04 48.76 48.66 48.48 48.43 48.24 48.7 49.09 49.71 50.4 51.15 52.16 51.02 51.09 50.34 48.23 48.77 49.76 49.7 48.58 48.74 48.32 46.89 46.86 48.02 48.81 48.3 49.93 51.62 52.26 52.77 53.47 53.51 52.73 53.62 54.81 54.46 57.15 58.19 58.78 57.71 55.05 52.12 51.56 52.1 53.15 54.73 55.68 57.04
43.49 43.46 42.85 42.71 42.91 43.23 43.24 43.63 43.71 43.63 44 44.72 45.97 46.61 46.75 47.4 47.97 47.85 47.39 46.96 47.04 47.42 48.08 48.92 49.4 49.52 49.16 49.08 49.56 49.51 49.52 49.15 49.01 48.82 48.14 48.22 48.64 49 49.51 50.41 51.58 51.99 53.62 53.1 51.96 51.76 49.16 48.75 48.75 48.82 49.53 50.36 49.2 48.1 48.85 47.59 49.63 50.22 51.91 53.62 55.53 55.71 55.33 53.95 53.59 53.31 54.63 56.34 57.6 59.7 58.14 56.17 52.02 50.28 51.47 51.9 53.23 54.47 56.23 58.69
44.9 45 44.16 43.66 43.63 43.63 43.92 43.98 44.66 44.89 44.35 44.17 45.02 45.77 46.09 46.91 46.8 47.59 47.95 47.86 47.98 48.41 48.95 48.93 48.88 49.35 50.03 49.68 49.11 49.16 49.09 49.01 49.14 49.16 48.7 48.98 49.45 49.83 50.14 51.05 52.55 52.9 53.59 54.57 52.77 51.45 49.59 49.41 49.01 49.42 51.38 50.54 50.72 48.98 49.34 48.15 48.66 51.2 55.64 56.22 58.54 59.59 58.26 55.25 54.55 55.63 54.74 56.77 57.88 54.23 55.71 56.16 51.02 50.56 51.48 53.12 53.84 55 56.9 59.59
44.74 44.38 44.54 44.28 44.13 43.97 43.79 43.87 44.27 44.59 44.1 44.81 45.44 45.12 45.58 47.22 48.02 48.17 48.51 48.86 49.03 49 48.98 48.86 49.34 49.89 50.06 50.56 50.04 49.81 49.83 49.34 49.54 49.76 49.42 48.85 48.64 49.36 49.79 51.26 52.57 52.33 52.06 51.78 51.68 50.62 49.87 49.46 49.3 50.09 50.66 51.49 50.82 50.76 49.84 49.77 49.39 51.11 53.69 56.96 58.92 59.94 57.8 56.63 54.33 54.75 54.29 54.6 56.26 60.51 57.78 54.99 51.3 51.52 52.28 53.49 54.49 56.5 60.32 61.01
44.87 44.8 45.2 45.82 45.53 44.91 44.79 44.34 44.07 44.19 44.03 44.26 45.43 45.74 45.74 46.21 46.75 46.87 47.77 48.77 49.01 49.15 49.67 49.77 49.67 50.12 49.94 50.26 50.87 50.62 50.38 50.39 50.02 50.03 49.56 49.25 48.7 49.01 49.43 50.47 51.45 51.41 51.1 51.06 51.2 51.02 50.36 49.89 49.35 51.29 50.1 50.99 52.13 51.92 50.3 50.14 50.31 51.66 53.25 56.16 60.92 59.81 56.12 56.01 53.54 53.75 54.93 55.43 58.27 60.04 55.85 52.47 52.2 52.73 52.89 53.94 55.5 58.53 59.71 61.37
44.58 44.77 45.09 45.84 45.64 45.29 45.03 44.63 44.16 44.1 44.12 45.25 45.33 45.82 46.07 46.11 47.14 47.57 47.31 47.82 48.65 48.96 49.47 50.09 50.15 49.87 50.5 50.93 51.57 50.87 50.63 51.13 50.33 50.7 50.45 49.44 48.7 49.16 49.77 50.65 51.41 51.6 51.25 51.02 51.01 51.06 50.63 49.85 48.63 49 48.99 50.25 50.77 50.99 50.07 49.77 49.56 50.5 52.6 57 61.48 56.8 54.28 53.06 52.67 53.28 54.94 57.34 58.62 54.95 51.52 51.71 52.83 52.83 53.86 54.91 56.36 58.02 60.2 62.03
45.69 45.66 45.76 46 45.45 45.04 45.08 45.29 45.05 44.84 44.94 44.92 45.37 45.7 46.6 46.34 46.88 47.89 47.71 47.71 48.34 48.93 49.78 50.16 50.6 50.31 50.24 50.94 50.63 50.71 51.15 50.91 51.17 51.17 50.36 48.94 48.83 49.08 49.92 50.67 51.38 51.75 51.18 51 51.16 51.12 50.45 49.39 48.82 48.5 48.14 49 49.55 49.54 48.93 49.19 48.86 49.5 52.26 57.78 60.39 55.66 51.95 53.33 55.89 55.76 55.46 56.99 55.83 51.27 51.37 52.01 52.91 53.43 54.77 55.69 57.18 59.37 61.16 62.61
46.09 46.28 45.88 46.24 46.28 46.31 45.87 46.07 45.67 45.21 45.2 45.24 45.19 45.93 46.27 46.84 47.63 48.31 47.76 48.75 49.32 49.09 49.62 50.24 50.68 50.66 50.68 50.31 50.72 50.82 50.96 51 51 50.97 50.45 49.4 49.21 49.59 50.39 50.82 51.23 51.23 51 51.04 51.35 50.96 49.97 49.36 48.52 48.32 48.16 47.69 48.55 48.55 48.2 48.12 48.34 48.88 51.54 52.73 53.54 51.6 51.19 55.29 57.8 57 55.67 53.14 53.21 51.51 52.11 52.18 53.34 54.54 55.63 57.18 58.64 60.01 61.76 63.9
44.73 45.8 46.37 45.99 46.33 46.76 46.63 46.22 46.11 45.93 45.95 45.98 45.94 45.98 46.82 46.42 46.78 47.3 47.25 48.95 49.51 49.21 49.56 49.94 50.09 50.02 50.02 50.5 50.96 51 51.08 51.29 51.21 51.06 51.01 50.8 50.57 50.82 50.65 50.9 50.9 51.14 51.44 51.27 50.62 50.02 49.5 49.01 48.22 48.35 48.18 48.4 47.42 47.52 47.39 47.69 48.22 48.56 50.05 50.38 51.56 50.43 52.54 55.37 53.89 53.31 52.66 55.75 53.68 51.62 51.98 53.4 54.75 55.83 56.73 58.02 59.42 60.87 63.29 68.38
43.82 44.46 45.4 46.47 46.2 46.49 46.98 47.42 46.58 46.19 46.62 46.8 46.61 46.76 46.56 46.52 46.85 47.57 48.06 49.13 49.96 50.19 49.66 50.22 50.77 50.58 50.77 51.01 51.42 51.72 51.82 51.59 51.68 51.84 52.23 52.85 53.11 52.96 51.85 51.72 51.9 51.18 51.15 50.86 50.2 49.96 49.66 48.44 48.1 47.48 47.45 47.94 47.87 47.39 47.4 47.01 47.65 48.23 49.59 50.62 51.37 50.22 51.33 51.69 51.49 52.71 54.21 54.5 52.81 52.18 52.35 53.47 55.23 56.56 57.62 58.63 60.02 61.73 64.99 70.77
43.88 44 44.08 44.83 46.08 46.85 47.27 47.17 46.78 47.18 47.62 47.09 47 47.17 47.03 46.91 47.07 48.17 48.77 49.22 50.04 50.59 50.33 50.81 50.86 51.08 51.46 51.59 52.08 52.2 52.29 52.7 52.77 52.75 52.99 52.88 53.21 53.57 53.25 53.07 52.68 51.99 50.84 50.44 50.86 50.65 49.7 48.34 48.24 47.28 47.44 46.9 47.62 47.51 47.23 47.31 47.11 48.37 49.77 50.3 49.26 49.84 50.01 50.43 51.96 54.82 53.14 54.09 51.82 52.88 54.17 54.02 55.8 56.68 57.91 59.27 60.63 62.43 68.79 73.23
43.07 43.54 43.84 44.05 44.25 45.07 45.74 46.92 47.53 47.84 47.96 47.77 47.4 47.7 47.76 47.62 47.81 48.46 49.01 49.16 50.21 51 50.93 51.49 51.76 52.12 52.36 52.89 53.29 53.93 53.67 54.64 54.65 55.53 55.13 55.23 54.65 55.31 55.68 55.24 54.05 52.67 50.31 49.28 49.95 50.08 48.69 47.98 48.05 47.45 47.22 46.69 47.05 47.56 47.09 47.09 46.66 47.41 48.16 48.73 47.93 48.57 48.73 50.77 51.43 53.04 51.09 51.66 52.1 55.3 54.98 54.32 55.78 57.36 58.81 59.98 62.04 69.09 72.03 72.87
42.29 42.56 42.63 43.07 43.51 43.98 44.53 45.21 46.26 46.87 47.82 47.76 47.58 47.88 47.85 47.73 48.45 48.99 49.44 49.65 50.65 51.43 51.26 52.06 52.48 53.34 53.71 53.86 54.99 55.98 56.25 55.81 57.44 58.5 58.39 58.71 57.26 57.79 59.32 56.66 55.23 52.97 50.08 49 48.92 47.23 46.96 47.52 48.89 48.66 47.69 46.5 46.43 47.22 47.13 46.83 47.01 46.71 46.37 46.04 46.54 46.82 47.9 49.02 50.42 52.58 51.24 53.22 54.93 54.76 53.05 54.02 56.06 57.79 59.31 60.55 66.01 68.74 69.81 73.49
42 42.03 42 42.01 42.79 43.59 43.7 44.46 45.17 46.23 46.63 47.03 47.97 48.22 48 48.44 48.92 49.36 50.18 50.72 50.66 51.65 52.34 53.35 54.24 54.72 55.48 56.12 57.36 58.36 58.47 57.63 57.18 57.41 57.85 57.78 57.86 58.96 59.11 57.47 55.9 52.77 48.92 48.44 49.02 46.74 46.62 47.93 48.36 47.95 47.06 45.75 46.01 46.75 46.65 46.51 47.05 46.2 45.78 45.16 45.17 46.17 47.15 48.63 50.46 52.41 52.79 53.45 54.22 53.26 52.2 54.02 55.65 57.41 59.56 60.69 66.43 68.25 70.39 73.53
