layers/final_practice/hyla_meridionalis/prec_max.asc
ncols         400
nrows         278
xllcorner     -21.041487136433
yllcorner     26.106002917928
cellsize      0.083333337679505
NODATA_value  -9999
[rows 0 to 33 of 278, columns 231 to 307 of 400]
-9999 -9999 100.449 99.86 98.45 96.89 95.5 94.57 93.32 92.75 91.96 89.97 87.54 85.55 83.6 81.49 80.4 78.85 78.42 76.89 77.29 78.55 78.79 76.68 77.39 76.85 76.51 75.83 74.26 72.14 72.15 71.67 70.76 69.58 67.77 65.48 64.61 63.71 65.94 65.32 64.71 63.92 64.64 64.07 63.52 63.74 63.11 62.77 62.61 61.33 60.79 60.64 60.33 60 59.98 59.61 59.7 58.92 59.03 59.39 60.48 61.03 61.83 62.92 64.5 65.67 65.29 66.44 66.12 66.41 67.52 68.66 70.88 71.49 72.53 73.98 75.12
-9999 -9999 98.49 98.95 98.93 96.75 95.74 94.15 94.41 94.11 91.54 90.82 88.03 86.2 83.75 81.17 79.22 78.88 77.37 76.92 75.46 76.65 78.4 76.36 75.99 76.17 76.02 74.81 73.25 71.3 71 69.91 68.76 67.51 65.33 63.85 64.02 63.12 62.65 64.2 62.48 63.68 63.52 62.93 62.31 62.34 61.75 61.16 61.11 61.22 60.68 60.68 60.41 59.79 59.55 59.42 58.67 57.96 58.41 59.57 60.56 62.01 63.06 64.09 64.7 64.06 65.96 67.99 69.97 70.46 70.88 69.52 69.88 71.22 72.55 73.56 74.94
-9999 -9999 96.27778 97.01 97.1 96.54 95.53 93.83 91.73 92.17 91.49 91.55 89.22 86.6 85.49 81.83 81.39 80.28 78.32 76.93 75.43 75.52 76.01 76.88 76.02 75.41 75.2 73.79 72.53 71.31 69.72 68.9 67.31 65.81 63.69 62.56 61.59 61.82 62.76 61.44 60.08 61.47 62.64 61.45 61.23 60.43 59.68 60.57 61.9 61.15 60.94 60.8 60.03 59.45 59.14 58.4 57.81 57.33 59.6 60.43 61.27 61.11 62.48 62.51 64.18 65.85 66.67 66.58 65.85 66.41 67.08 68.03 69.6 71.18 72.52 73.62 74.78
-9999 -9999 93.04 93.35 94.3 94.46 94.68 93.75 91.11 91.54 90.37 90.8 91.11 89.59 85.03 82.48 83.79 81.94 79.97 77.08 75.62 76.45 76.9 76.66 76.42 75.9 74.76 73.72 72.42 71.02 69.67 68.18 66.6 64.66 63.45 62.07 61.63 61 61 61.9 61.23 60.15 59.96 59.9 59.48 58.84 58.5 59.1 58.72 58.85 59.19 59.29 58.89 58.42 58.01 57.8 57.53 57.5 58.39 59.34 60.34 61.63 63.42 63.52 64.6 66.03 67.21 68.44 68.7 66.83 67.05 68.28 69.31 70.38 72.17 73.66 74.63
-9999 -9999 91.1087 92.46 92.61 93.87 93.12 93.2 91.03 89.81 88.27 89.14 88.25 85.64 84.4 82.65 82.43 82.23 80.71 77.95 75.73 76.29 77.42 76.39 76.57 76.72 75.14 74.08 72.55 70.67 69.57 68.11 66.5 64.62 63.36 62.07 61.37 60.45 60.03 60.76 60.74 60.47 60.44 59.62 60.58 60.12 58.95 58.41 58.13 58.84 59.64 59.41 58.86 59.21 59.08 58.81 59.74 59.76 58.94 59.62 60.69 61.85 62.49 63.59 64.89 65.86 67.03 67.4 67.39 67.04 67.77 69.28 70.05 70.86 71.27 72.84 74.16
-9999 -9999 89.35165 91.02 91.63 92.26 92.58 92.94 95.08 93.05 91.17 90.73 87.4 85.4 85.62 84.25 82.92 81.71 80.91 80.14 78.49 76.5 75.21 76.61 76.6 77.29 76.15 74.85 72.63 70.64 69.13 67.4 65.91 64.62 63.24 61.82 60.87 60.23 60.86 60.17 59.9 60.6 60.07 59.13 60.15 59.75 60.13 60.66 59.61 59.2 58.74 60.17 60.65 60.79 60.22 59.81 59.63 59.24 59.21 59.35 60.33 61.54 62.24 63.51 64.71 65.46 65.51 65.6 66.55 67.69 68.77 69.9 71 71.85 71.82 72.07 73.38
-9999 -9999 -9999 87.45454 87.22222 88.03 88.39 88.29 88.95 90.97 91.48 90.45 88.96 87.36 85.41 84.81 83.44 82.75 80.48 78.58 77.29 76.61 76.11 75.36 75.57 76.17 75.11 73.77 72.16 70.44 68.85 67.31 65.79 64.55 63.69 62.56 61.26 60.54 59.81 60.02 60.31 60.41 60.83 60.54 59.84 59.92 60.5 60.52 59.56 59.61 59.66 60.28 60.43 60.71 60.11 60.05 59.89 59.84 59.92 60.3 60.58 61.27 62.47 63.19 64.33 64.29 63.64 64.32 65.54 67.41 69.21 70.22 71.77 72.69 72.8 72.11 72.17
-9999 -9999 83.61905 84.07353 84.97849 85.23 86.93 87.27 86.63 86.89 87.86 86.9 85.16 85.29 85.15 85.37 83.86 82.83 82.12 79.92 80.14 77.64 75.38 74.86 74.03 73.62 72.82 72.85 72.91 70.75 69.51 68.63 67.19 65.32 63.88 63.1 62.13 61.76 60.65 59.69 59.92 59.91 60.1 59.92 59.73 60.39 60.44 60.72 59.8 59.96 60.07 60.84 60.83 60.85 60.58 60.61 60.65 60.75 61.01 61.02 60.99 61.04 61.88 62.75 63.77 62.74 62.92 63.8 65.04 66.76 67.82 69.13 70.76 71.45 72.66 72.55 72.25
82.06 83.83 83.17 83.76 85.09 86.53 86.79 86.68 85.62 86.48 85.71 85.07 83.21 83.11 82.41 82.08 81.49 81.82 82.83 82.47 81.97 81.08 77.19 73.72 72.39 71.79 71.41 71.72 70.62 69.66 68.93 68.56 67.69 66.47 65.34 64.68 64.05 62.61 61.28 60.36 59.75 59.84 59.92 59.93 60.27 60.14 60.54 60.7 60.23 60.29 61.02 60.68 60.84 60.87 61.01 61.52 61.37 61.39 61.68 60.96 60.73 60.96 60.82 60.45 61.05 61.74 62.53 63.54 64.74 65.77 66.97 68.22 69.41 70.6 71.52 72.24 72.93
82.96 84.11 84.01 83.38 85.31 86.46 86.55 86.33 86.26 86.72 85.87 84.86 83.27 81.67 81.69 82.07 80.53 80.87 81.88 82.04 78.01 75.68 74.53 73.35 72.72 71.13 70.96 69.78 68.69 68.3 67.53 67.02 66.92 66.53 65.29 63.66 62.77 62.01 60.91 60.3 60 59.83 59.96 60.42 60.99 61.17 61.53 61.51 61.5 61.66 61.77 61.01 61.79 61.65 61.52 62.19 62.13 62.07 60.71 59.87 59.67 59.2 59.82 60.85 62.2 62.22 63.17 63.84 64.89 66.81 67.6 69.59 69.48 70.09 71.18 72.02 72.69
81.14 82.07 82.03 83.19 83.92 84.71 84.85 85.33 86.09 85.35 85.53 83.96 82.76 81.08 81.86 84.06 82.24 81.55 81.46 78.91 76.62 75.99 74.41 74.85 73.64 70.83 69.69 70.01 69.23 67.82 66.67 66.06 66.81 67.44 66.03 64.1 62.84 61.76 60.96 60.17 60.02 59.98 60.31 61 61.21 61.86 61.7 62.44 62.38 62.29 62.38 62.36 63.02 62.45 61.64 61.91 61.3 60.78 60.85 61.44 61.55 62.07 61.91 61.34 62.42 63.09 64.18 65.05 64.96 66.54 68.29 69.49 69.64 70.16 71.38 72.13 73.4
80.25 81.44 82.13 82.32 82.2 82.45 82.48 82.99 83.84 82.89 82.67 83.12 81.42 80.47 80.33 81.01 81.98 81.92 79.81 77.45 75.36 73.41 72.02 71.1 70.37 68.7 68.07 68.68 67.78 66.65 66.57 66.77 68.1 66.87 65.18 63.46 62.54 61.79 61.05 60.94 60.04 60.1 60.99 61.22 61.98 62.01 62.27 62.87 63.05 63.07 62.9 63.3 62.81 62.16 62.44 62.96 63.18 63.44 63.69 61.94 62.79 63.81 64.34 63.4 64.56 64.11 64.27 66.02 66.59 66.05 66.95 68.53 69.45 70.92 72.61 73.66 74.87
78.69 78.86 80.73 81.25 81.79 82.27 82.28 82.79 82.61 83.13 81.29 80.56 79.82 80.27 79.64 79.25 81.32 82.55 80.68 79.6 76.94 73.71 71.49 70.01 69.09 68.33 68.69 68.9 67.2 66.89 67.75 67.9 67.32 65.88 64.82 63.62 62.76 61.59 61 60.68 60.06 60.74 61.17 61.92 62.06 62.77 62.93 63.03 63.66 63.7 63.2 63.8 63.93 63.72 64.06 64.23 64.84 64.83 65.43 64.77 62.21 64.36 64.12 64.1 64.13 64.85 65.45 66.7 68.12 66.42 67.12 68.46 69.86 71.42 73.22 75.78 76.85
75.34 76.98 78.48 79.72 80.86 80.7 80.93 81.34 81.83 81.28 80.76 78.92 78.94 78.74 78.74 78.61 79.12 80.5 79.87 77.78 75.95 74.64 72.08 70 69.22 68.64 68.36 67.64 66.46 66.9 67.5 68.36 67.18 65.72 64.87 64 63.03 61.81 61.21 60.65 60.64 61.2 61.88 62.11 62.93 63.08 63.23 63.55 64 63.99 63.82 63.7 64 63.98 63.91 64.86 65.38 65.92 66.66 65.8 63.65 65.72 66.56 67.34 67.83 67.45 67.26 66.7 66.71 66.87 68.14 69.21 70.75 72.61 74.93 76.85 77.84
74.35 75.93 77.67 78.77 79.66 80.15 80.26 80.24 81.29 80.07 79.33 78.16 77.39 77.38 77.84 78.05 78.08 79.47 79.59 77.62 75.39 74.05 72.02 70.41 69.11 68.01 67.87 67.48 67.49 68.15 66.97 66.86 66.86 66.21 64.98 63.82 62.67 62.14 61.5 60.92 61.03 61.93 62.65 62.97 63.38 63.95 64.49 64.75 64.93 64.9 64.37 64.25 64.4 64.59 65.38 65.74 66.3 66.9 67.18 66.81 65.43 67.42 68.33 67.74 66.72 65.08 64.56 64.24 65.01 66.83 68.79 71.04 72.78 73.16 74.35 75.88 77.75
77.51 77.79 78.47 78.65 79.05 79.28 79.29 78.93 78.69 78.16 77.87 77.28 76.4 76.98 76.49 76.41 76.82 77.29 77.56 76.36 74.44 73.09 70.89 69.43 68.84 68.72 68.44 68.74 68.56 67.83 66.88 66.33 67.23 66.64 66.31 63.99 63.01 62.3 61.75 61.01 61.53 62.41 63 63.44 64.01 64.06 64.57 64.9 65.7 65.85 65.53 65.29 65.29 65.36 65.9 66.83 67.35 67.43 67.9 67.51 67.24 65.4 65.32 64.95 65.3 65.09 64.86 64.93 66.58 68.93 71.09 73.6 73.46 73.94 75.86 76.4 76.94
78.85 78.48 79.08 79.25 79.88 79.94 79.78 78.77 77.67 76.81 76.51 76.33 75.43 75.53 76.02 75.37 74.93 75.56 75.06 74.42 73.33 71.74 70.47 69.15 69.48 69.95 68.83 68.71 67.96 67.2 66.32 66.77 66.22 65.92 64.92 64.3 63.73 63.13 62.24 61.36 61.92 62.17 62.85 63.33 63.7 64.06 64.8 65.28 65.96 66.39 66.7 66.74 66.7 66.64 66.86 67.81 68.62 68.87 68.64 69.56 69.68 67.26 67.81 66.3 67.22 67.55 67.36 67.93 68.06 69.45 71.16 74.25 74.39 73.49 75.14 74.97 76.73
80.44 80.32 79.68 79.75 80.19 80.05 79.33 78.74 77.87 76.27 75.44 75.28 74.06 73.88 74.15 73.93 73.36 73.74 73.88 73.52 72.67 72.18 71.04 69.49 69.61 70.37 69.07 67.53 67.23 66.18 66.21 65.94 65.46 65.54 64.95 64.69 63.8 62.97 62.34 61.67 61.83 62.26 63.22 64.06 64.66 65.06 65.7 66.03 66.27 66.61 67.59 68.15 68.38 68.48 68.35 68.85 69.58 69.94 69.92 70.71 71.62 70.18 69.69 68.71 69.16 71.15 68.48 68.74 70.55 70.38 71.12 75.07 76.15 76.25 76.61 76.66 78.6
81.21 80.78 80.47 80.38 80.36 80.25 79.43 78.13 77.37 76.07 74.71 73.73 73.18 72.63 72.4 71.84 72.24 72.64 72.7 72.55 71.92 71.16 70.16 69.53 69.15 68.79 67.61 67.03 66.63 66.8 66.51 66.73 66.05 65.85 65.39 64.71 63.84 63.01 62.2 61.29 61.94 63.06 63.8 64.35 65.09 65.83 66.57 67.2 67.68 68.13 68.44 68.53 69.05 69.97 69.9 70.11 70.54 71.19 71.65 72.72 72.35 72.72 72.07 72.02 68.83 70.38 69.93 69.67 69.99 72.72 74.97 75.44 79.47 80.45 79.75 79.45 78.73
83.18 81.9 80.92 80.84 80.5 79.99 79.33 79.01 77.39 75.73 74.34 73.19 71.67 71.3 70.47 70.65 71.24 71.87 71.71 71.69 71.75 71.17 70.06 69.47 68.73 68.59 67.92 67.32 67.01 67.43 67.44 66.56 66.06 66.04 65.36 64.76 63.99 62.76 61.94 61.85 62.71 63.43 64.41 65.12 65.98 66.61 67.26 68 68.67 69.32 69.77 70.26 70.66 70.21 70.48 71.14 72.03 72.77 73.21 73.49 73.83 74.41 74.68 72.89 70.56 69.23 69.78 71.84 72.23 74.61 78.6 80.07 80.87 80.88 81.36 80.61 79.85
85.44 84.52 82.79 82.26 81.46 80.52 79.46 78.29 77.3 76.27 75.1 73.68 72.17 69.95 69.31 70.12 70.61 71.56 71.64 71.93 72 71.25 70.38 69.86 69.38 68.87 68.6 67.91 67.22 67.01 67.03 66.16 65.98 65.69 65.07 64.38 63.74 63.14 62.47 62.35 62.83 63.48 64.29 65.03 65.91 66.88 67.82 68.61 69.36 70.22 71.3 72.1 72.87 72.96 71.54 71.12 72.48 73.35 73.96 74.5 74.43 72.96 72.48 71.17 70.58 71.25 70.14 71.72 73.11 72.85 76.26 78.89 80.07 81.43 78.32 78.71 80.35
86.16 85.17 84.23 82.76 81.93 80.99 80.12 79.23 78.25 76.9 75.07 73.63 72.17 70.3 69.87 70 70.15 70.6 71.03 71.08 71.24 70.84 70.32 70.25 69.26 69 68.49 67.85 66.79 66.1 66.35 65.72 65.66 65.19 64.76 64.75 64.17 63.47 62.96 63.03 63.6 64.19 65.03 65.72 66.61 67.09 68.13 69.2 70.39 71.71 73.17 74.79 73.93 74.54 74 71.81 72.99 74.72 74.99 74.11 74.45 74.03 72.15 71.73 72.61 72.78 71.5 73.4 75.32 75.84 77.02 79.01 80.1 79.16 79.72 80.69 79.54
88.87 87.64 85.39 83.96 83.81 82.02 80.45 79 77.83 76.84 75.62 73.83 72.6 71.72 71.46 71.28 71.74 71.7 71.03 70.94 70.96 71.28 71.07 70.16 69.75 69.21 68.2 67.1 66.59 66 65.58 65.45 65.82 66.11 65.86 65.15 64.53 64.19 63.55 63.41 63.9 64.44 65.06 65.75 66.67 67.7 68.95 70.06 71.66 73.39 74.47 77.01 76.86 75.92 76.08 73.18 73.09 73.52 73.94 75.17 76.28 74.92 73.41 73.91 71.81 73.7 74.41 76.46 78.51 80.7 80.78 80.74 78.87 78.58 78.05 79.81 81.72
90.28 89.29 86.82 85.51 84.25 83.85 83.33 82.27 80.18 79.96 79.06 76.91 75.11 74.08 73.55 73.37 73.03 73.4 73.1 71.72 71.04 70.78 70.66 69.87 69.71 68.61 68.31 68.06 67.46 67 66.91 66.65 66.31 66.02 66.08 66.35 65.53 64.36 63.51 63.25 63.85 64.73 65.81 66.49 67.76 69.19 70.36 71.21 72.73 74.94 75.78 77.1 78.94 76.98 75.87 73.91 73.8 73.98 74.65 77.35 76.4 76.61 74.21 74.46 72.31 72.9 76.3 81.7 82.5 85.26 86.45 84.65 80.6 79.74 81.21 79.93 82.01
89.53 88.96 87.62 86.24 84.83 85.07 84.59 83.45 81.9 81.03 79.67 78.75 77.53 76.41 75.45 74.53 74.06 73.95 73.77 72.37 72.31 71.98 70.44 70.13 70.64 70.8 69.82 69.05 68.67 68.38 67.78 67.32 67.01 67.05 66.98 66.89 66.86 65.67 64.79 64.84 64.56 65.3 66.51 67.44 68.1 68.82 70.29 71.15 73.3 75.13 75.2 75.43 75.62 76.14 75.02 74.46 74.09 74.38 75.51 76.42 77.62 76.65 76.49 75.02 74.84 74.47 76.75 80.05 84.09 86.42 87.57 84.71 82.96 79.88 80.12 79.18 79.1
90.23 89.41 88.64 87.84 86.91 85.41 85.31 84.57 83.47 82.61 81.59 81.29 81.41 79.98 78.36 77.41 76.19 75.06 74.27 73.35 72.75 72.88 72.14 71.05 70.23 69.93 69.22 69.27 69.53 69.33 68.82 68.77 68.46 67.89 67.97 67.34 67.06 66.93 66.11 65.98 66.33 66.36 67.02 67.95 69.05 69.64 70.86 71.54 73 74.04 74.22 74.64 75.19 75.91 75.87 75.44 75.36 75.03 77.82 76.45 77.43 78.61 78.18 75.81 76.01 76.43 78.2 80.3 83.89 89.64 88.18 83.2 82.77 79.21 79.14 80.15 79.94
91.75 90.49 89.77 89.02 87.96 87.07 86.44 86.11 85.48 84.07 83.35 82.98 83.16 82.06 80.72 79.42 78.07 76.56 75.53 74.66 74.9 73.66 73.03 72.15 71.01 71.2 70.76 69.55 69.3 69.68 69.5 69.49 69.83 69.12 68.5 68.52 68.39 68.23 67 66.72 67.43 66.89 68.23 69.29 69.94 70.46 71.77 72.67 74.08 75.03 75.24 75.37 75.83 76.14 76.43 76.71 76.24 75.42 76.06 76.11 77.38 77.65 77.6 76.62 76.48 76.28 77.62 80.26 85.78 91.11 85.16 81.51 79.65 78.79 79.05 80.31 82.57
93.3 92.58 91.46 90.43 89.34 88.48 88.04 87.62 87.89 87.17 86.31 85.62 85.28 83.53 82.28 81.37 80.67 79.28 78.02 76.95 75.44 74.78 74.03 73.62 72.28 71.73 72 70.94 70.13 70.32 70.46 70.64 70.67 70.41 69.61 68.85 68.95 68.04 67.52 68.06 67.72 68.22 69.11 69.46 70.14 71.42 72.43 73.75 74.78 75.99 76.24 76.29 76.7 77.11 77.33 77.42 76.89 76.66 76.51 75.76 76.81 77.12 77.01 76.52 77.03 76.75 77.49 80.81 87.57 90.57 84.48 79.64 80.86 83.38 82.55 81.31 82.45
95.31 94.21 93.32 92.42 91.38 90.23 89.45 88.81 88.66 89.5 89 87.62 87.32 86.73 85.76 84.36 83.72 81.93 80.16 78.83 77.19 75.78 75.05 74.39 73.58 73.4 73.28 71.77 72.21 72.14 71.53 71.56 71.76 71.38 70.93 70.3 69.19 68.76 68.72 68.87 68.94 68.3 68.87 69.98 71.03 72.49 73.44 74.6 75.45 76.35 76.89 76.88 77.19 77.85 78.34 78.01 78.01 77.27 77.13 77 76.36 76.86 77.02 76.79 76.82 77.19 78.13 81.2 82.6 83.29 80.65 79.95 84.08 86.27 84.57 82.16 78.4
96.58 95.19 94.65 93.89 93.01 91.94 91.14 90.18 89.56 89.22 90 90.21 88.94 88.57 88.4 87.36 85.72 84.44 82.73 81.34 79.8 77.81 76.41 75.79 74.02 73.37 73.01 72.22 73.49 73.4 72.7 72.57 72.44 71.81 71.15 70.51 70.27 69.76 69.85 69.78 69.74 69.35 69.93 71.17 72.32 73.67 74.84 75.2 76.05 76.52 77.25 78.09 78.38 78.48 78.67 78.81 78.76 77.86 78.32 78.11 78.06 76.51 76.85 77.06 77.67 78.46 78.94 80.81 81.11 82.29 80.57 82.52 85.21 82.64 81.24 79.5 81.89
97.85 96.89 96.14 95.26 94.36 93.72 92.95 91.36 90.26 89.84 89.99 90.75 91.47 90.51 90.13 89.75 89.21 86.91 85.12 83.82 82.33 80.3 78.44 76.44 74.89 74.19 74.18 74.19 74.79 75.28 74.95 73.8 73.73 73.61 72.91 72.31 71.7 71.37 71.37 71.13 70.74 71.11 71.93 73.39 75.17 76.38 77.12 76.71 77.43 78.23 77.99 78.54 79.12 79.43 80.06 80.52 79.29 79.39 78.65 78.16 78.65 77.93 77.78 78.13 77.94 78.95 79.96 81.69 82.78 83.45 81.65 82.36 82.09 81.07 81.41 82.02 81.19
99.35 98.17 97.47 96.07 95.12 94.1 93.4 92.26 91.79 91.61 91.08 90.77 91.28 92.19 92.52 92.28 91.08 89.26 88.18 86.86 84.63 82.49 80.34 78.16 76.19 75.42 76.1 75.98 75.92 76.47 76.43 75.69 75.53 75.07 74.66 74.15 73.68 73.18 72.61 72.65 73.2 73.67 74.2 75.24 75.88 76.94 77.92 78.56 79.36 79.68 79.71 79.47 80.34 82.02 82.9 82.4 80.96 81.08 79.6 79.47 78.43 78.84 78.79 79.11 79.48 79.21 81.45 83.4 83.93 82.35 82.61 82.23 81.86 82.86 85.19 81.88 81.75
100.15 99.33 98.65 97.7 96.05 94.54 93.22 92.45 92.12 91.9 92.14 92.12 91.97 91.89 92.38 92.56 92.88 92.24 91.06 89.26 86.85 84.38 82.31 80.31 78.3 77.6 77.63 77.69 77.27 77.96 78.13 77.56 77.67 77.18 76.85 76.41 76.12 75.6 75.82 75.53 76.91 77.16 78.86 78.92 79.54 79.38 80.74 81.77 82.4 82.35 82.21 80.57 80.43 82.74 84.07 82.94 82.43 82.73 81.67 80.91 79.31 79.06 80.02 80.1 80.63 80.24 81.58 82.76 83.86 82.37 83.05 82.58 84.55 84.26 84.95 80.97 80.15
-9999 99.89474 98.73 97.85 96.38 94.76 93.89 93 92.21 92 92.08 91.95 92.32 92.66 93 93.25 93.34 93.1 91.94 90.85 88.63 86.16 84.17 82.18 80.42 80 79.67 79.56 79.12 79.89 79.93 79.3 79.57 79.35 79.62 79.23 78.45 78.65 79.42 79.86 79.59 81.88 83.73 83.97 84.83 83.47 84.52 86.93 85.39 85.49 84.38 82.04 82.07 83.45 82.03 82.52 83.94 86.16 85.52 83.36 80.35 79.35 80.7 81.41 81.43 82.38 82.44 82.61 82.26 82.85 83.11 83.95 84.5 85.13 86.34 82.9 83.72
