layers/final_practice/hyla_meridionalis/prec_max.asc
ncols         400
nrows         278
xllcorner     -21.041487136433
yllcorner     26.106002917928
cellsize      0.083333337679505
NODATA_value  -9999
[rows 204 to 237 of 278, columns 231 to 307 of 400]
24.13 23.49 22.24 22.11 22.04 21.06 20.83 20.48 20.06 20 19.86 19.07 19 18.4 18 18 17.99 17.89 17.16 17 17 16.78 16 16 15.57 15.51 15.43 15.06 15 14.93 14.47 14.04 14 13.74 13.26 13 12.94 12.45 12.04 11.93 11.57 11.3 11 11 10.93 10.06 10 10 9.89 9.23 9.2 9 9 9 9 9 9.03 10.5 10.8 10.25 9.69 9.24 9.55 9.6 9.97 9.86 9.17 9 9 8.95 8.43 8.01 8 8 8 8 8
25.77 22.98 22.29 22.09 21.38 20.55 20 20 20 19.93 19.13 19 18.86 18.02 18 17.99 17.53 17.11 17 17 16.63 16.07 16 15.97 15.16 15 14.94 14.93 14.48 14.04 14 13.84 13.31 13 12.95 12.51 12.06 12 11.69 11.15 11 11 11 10.8 10.16 10 10 10 9.8 9.28 9.15 9.07 9.01 9 9 9 9.1 9.83 10 9.97 9.84 9.77 10.06 9.81 9.64 9.09 9.02 9 9 8.83 8.01 8 8 8 7.85 7.83 8
21.49 21.04 20.33 20.29 20.1 20 20 20 20 19.34 19 19 18.41 18 17.99 17.39 17.01 17 16.97 16.34 16 16 15.78 15.17 15 14.98 14.24 14.03 13.95 13.94 13.43 13.01 12.98 12.64 12.11 12 11.65 11.23 11 11 10.71 10.41 10.24 10.02 10 10 10 9.78 9.13 9.11 9.03 9 9.02 9 9 9.05 9.28 9.51 9.56 9.71 9.5 9.19 9.6 9.75 9.1 9 8.71 8.46 8.35 8.15 8 8 7.82 7.28 7 7.41 8
19.12 19.23 19.45 19.67 19.82 19.88 19.88 19.7 19.35 19 19 18.94 18.09 18 17.45 17 17 16.94 16.25 16 15.99 15.5 15.01 15 14.89 14.3 14 14 13.42 13.05 13 12.88 12.19 12 11.72 11.24 10.97 10.84 10.69 10.3 10.01 10 10 9.99 10 9.97 9.81 9.18 9 9 9 9 9 9 9 9.01 9.01 9.19 9.07 9.01 9.33 9.47 9.06 8.81 8.84 8.64 8.35 8.26 8.09 8 8 7.97 7.54 7 7 7 7.65
18.19 18.72 18.98 19 19 19 19 19 19 19 18.89 18.18 18 17.82 17.01 17 16.87 16.19 16 15.96 15.32 15 15 14.62 14.05 14 13.94 13.36 13 12.99 12.39 12.06 11.88 11.32 11 10.89 10.67 10.02 10 10 10 9.96 9.67 9.59 9.69 9.28 9.01 9 9 9 9 9 9 9 8.99 9 9.12 9.48 9.37 8.91 8.4 8.94 8.94 8.89 8.83 8.3 8.09 8 8 8 7.85 7.27 7.08 7 7 7 7.15
17.4 18.03 18.18 18.34 18.68 18.96 19 19 18.98 18.51 18.06 18 17.91 17.24 17 16.4 16.01 16 15.9 15.19 15 14.96 14.36 14 13.99 13.61 13.1 13 12.9 12.35 12 11.93 11.18 11 11 10.23 10 10 10 9.58 9.71 9.48 9.06 9.04 9.01 9 9 9 9 9 9 8.98 8.97 8.85 8.8 8.87 8.85 8.87 8.49 8.23 8.81 8.99 9 8.76 8.17 8 8 8 7.94 7.54 7.02 7 7 7 7 7 7
17.05 17.18 17.5 17.97 18 18.01 18.23 18.16 18.05 18 18 17.71 17.11 17 16.73 16 16 15.75 15.08 15 14.81 14.14 14 13.89 13.27 13 12.95 12.55 12.07 12 11.97 11.37 11 11 10.51 10 10 10 9.93 9.62 9.37 9.1 9 9.01 9 9 9 9 8.9 8.92 8.91 8.77 8.67 8.6 8.5 8.39 8.44 8.26 8.18 8 8.23 8.49 8.52 8.06 8 7.98 7.99 7.86 7.67 7.04 7 7 7 7 7 7 7
16.03 16.72 17.24 17.23 17.54 17.8 18 18 17.99 17.73 17.31 17 16.99 16.57 16.03 15.77 15.34 15 14.99 14.56 14.02 14 13.63 13.07 13 12.79 12.17 12 11.93 11.6 11.06 11 11 10.84 10.01 10 10 9.91 9.37 9.18 9.04 9 9 9 9 9 8.99 8.73 8.19 8.55 8.53 8.38 8.28 8.22 8.17 8.29 8.49 8.25 8 8.04 8.14 8.03 7.99 7.93 7.77 7.25 7.46 7.24 7.04 7 7 7 7 7 7 7 7
15.73 16.42 16.72 16.89 17 17 17.04 17.11 17 17 16.97 16.66 16.16 16 15.83 15.07 15 14.85 14.21 14 13.84 13.28 13 12.87 12.35 12.01 12 11.67 11.14 11 11 11 11 10.77 10 9.89 9.48 9.29 9.07 9.03 9 9 9 9 9 9 8.72 8.07 8.17 8.33 8.26 8.17 8.07 8.05 8.03 8.03 8.09 8.19 8.1 8.52 8.09 8 8 7.57 7.08 7.22 7.27 7 7 7 7 7 6.98 6.99 7 7 7
15.07 15.96 16 16 16.19 16.52 16.77 16.75 16.61 16.43 16.15 16 15.88 15.44 15.02 14.8 14.48 14.03 13.97 13.41 13.01 12.96 12.4 12.01 12 11.81 11.39 11.06 11 11 10.91 10.59 10.31 10.01 10 9.34 9.05 9.09 9.03 9.01 9 9 9 9 9 8.85 8.5 8.24 8.24 8.12 8.01 8.03 8.02 8 8 8 8.01 8.01 8 8 8 7.92 7.63 7.22 7.12 7 7 7 7 7 6.92 6.88 6.43 6.65 6.98 7 7
14.78 15.1 15.37 15.75 15.99 16 16 16 16 15.96 15.7 15.37 15.02 15 14.67 14.09 13.98 13.85 13.22 13 12.67 12.15 12 11.53 11.28 11.03 11 11 10.85 10.44 10.16 10 10 9.87 9.82 9.33 9 9 9 9 9 9 9 8.94 8.71 8.47 8.29 8.14 8.08 8.01 8.03 8 8 8 8 8.01 8.06 7.95 7.99 7.66 7.69 7.67 7.08 7.02 7 7 7 7 7 6.63 6.3 6 6 6 6.54 7 7
14.01 14.66 15.02 15 15.04 15.18 15.35 15.34 15.16 15.01 15 14.94 14.62 14.21 14 13.91 13.37 13 13 12.7 12.01 11.81 11.34 11 11 11 10.93 10.76 10.2 10 10 9.91 9.55 9.05 9.02 9 9 9 9 9 8.98 8.95 8.76 8.63 8.39 8.14 8.06 8.02 8.01 8 8 8 8 7.98 7.91 7.97 7.76 7.7 7.71 7.42 7.7 7.23 7 7 7 7 7 6.99 6.63 6.12 6 6 6 6 6 6.37 6.81
13.98 14 14.17 14.55 14.84 14.94 14.99 14.95 14.71 14.54 14.27 14.03 14 13.92 13.49 13.06 13 12.67 12.23 12.04 12 11.58 11.12 11 11 10.93 10.75 10.14 10 10 9.92 9.45 9.14 9 9 9 8.99 9 9 8.97 8.77 8.66 8.41 8.18 8.1 8.03 8.01 8 8 8 8 7.96 7.86 7.86 7.82 7.73 7.45 7.73 7.93 7.54 7.15 7 7.01 7 7 7 6.92 6.49 6.06 6 6 6 6 6 6 6 -9999
13.14 13.74 14 14 14 14.04 14.03 14 14 13.99 13.79 13.55 13.24 13.03 13 12.92 12.5 12.04 12 12 11.94 11.22 11 11 10.95 10.49 10 10 10 10 9.62 9.18 9.01 9 9 9 8.99 8.98 8.77 8.64 8.35 8.16 8.06 8.03 8.01 8 8 8 7.98 7.91 7.85 7.88 7.65 7.55 7.46 7.35 7.28 7.79 7.84 7.68 7.07 7 7 7 7 6.89 6.46 6.01 6 6 6 6 6 -9999 -9999 -9999 -9999
13 13.07 13.13 13.32 13.76 13.87 13.78 13.62 13.45 13.09 13 13 13 12.83 12.45 12.05 12 12 11.85 11.32 11 11 11 10.94 10.37 10.04 10 10 9.94 9.47 9.04 9 9 9 8.99 8.89 8.49 8.53 8.23 8.15 8.07 8.01 8 8 8 8 7.98 7.95 7.88 7.77 7.69 7.45 7.4 7.27 7.17 7.15 7.2 7.07 7 7.07 7 7 7 7 6.78 6.51 6.01 6 6 6 -9999 -9999 -9999 -9999 -9999 -9999 -9999
13 13 13 13 13 13 13 13 13 13 12.99 12.88 12.34 12.11 12 12 11.88 11.67 11.12 11 11 10.9 10.55 10.17 10.01 10 9.99 9.6 9.1 9 9 9 9 8.88 8.66 8.43 8.21 8.03 8.02 8 8 8 8 8 8 7.92 7.81 7.64 7.52 7.42 7.26 7.2 7.1 7.13 7.31 7.52 7.25 7.02 7 7 7 6.85 6.43 6.77 6.7 6.13 6 6 -9999 -9999 -9999 -9999 -9999 -9999 -9999 -9999 -9999
12.98 13 13 13 13 13 13 13 13 13 12.89 12.45 12.02 12 11.99 11.81 11.4 11.01 11 11 10.75 10.09 10 10 10 10 9.45 9.01 9 9 9 9 8.84 8.26 8.04 8.01 8 8 8 8 8 8 7.97 7.92 7.7 7.6 7.55 7.36 7.31 7.13 7.03 7.04 7.01 7.01 7.01 7.29 7.14 7 7 7 6.99 7 6.77 6.2 6.04 -9999 -9999 -9999 -9999 -9999 -9999 -9999 -9999 -9999 -9999 -9999 -9999
13 13 13 13 13 13 13 13 13 12.99 12.29 12 12 11.97 11.86 11.27 11 11 11 10.67 10.11 10 10 10 9.86 9.21 9 9 9 8.99 8.56 8.22 8 8 8 8 8 8 8 7.99 7.92 7.84 7.64 7.5 7.33 7.25 7.16 7.08 7.05 7.02 7 7 7 7 7 7 7 7 7 7 6.31 6.52 6.26 -9999 -9999 -9999 -9999 -9999 -9999 -9999 -9999 -9999 -9999 -9999 -9999 -9999 -9999
13 13 13 13 13 13 13 13 12.91 12.33 12 12 12 11.78 11.11 11 11 10.85 10.36 10 10 10 9.83 9.32 9.01 9 9 8.99 8.7 8.2 8 8 8 8 8 8 8 7.99 7.78 7.69 7.44 7.29 7.12 7.11 7.03 7 7.02 7 7 7 7 7 7 7 7 6.64 7 7 6.66 6.44 -9999 -9999 -9999 -9999 -9999 -9999 -9999 -9999 -9999 -9999 -9999 -9999 -9999 -9999 -9999 -9999 -9999
13.48 13.03 13.05 13 13 13 13 12.9 12.17 12 12 12 11.53 11.04 11 11 10.74 10.04 10 10 9.92 9.59 9.1 9 9 9 8.83 8.3 8.05 8 8 8 8 8 8 7.84 7.66 7.31 7.21 7.12 7.04 7.01 7.02 7 7 7 7 7 7 7 7 7 7 7 6.76 6.28 7 -9999 -9999 -9999 -9999 -9999 -9999 -9999 -9999 -9999 -9999 -9999 -9999 -9999 -9999 -9999 -9999 -9999 -9999 -9999 -9999
13.99 13.79 13.28 13.01 13 13 12.89 12.29 12 12 11.99 11.41 11 11 10.92 10.35 10 10 9.99 9.59 9.16 9.01 9 9 8.75 8.42 8.05 8.01 8 8 8 7.98 7.91 7.73 7.39 7.14 7.02 7 7 7 7 7 7 7 7 7 7 7 7 7 7 7 7 7 6.74 -9999 -9999 -9999 -9999 -9999 -9999 -9999 -9999 -9999 -9999 -9999 -9999 -9999 -9999 -9999 -9999 -9999 -9999 -9999 -9999 -9999 -9999
14 13.96 13.39 13.03 13 13 12.28 12.02 12 11.97 11.42 11 11 10.73 10.11 10 10 9.79 9.27 9.04 9 9 8.88 8.43 8.02 8.01 8 8 8 7.99 7.83 7.64 7.31 7.04 7 7 7 7 7 7 7 7 7 7 7 7 7 7 6.97 6.94 6.93 7 -9999 -9999 -9999 -9999 -9999 -9999 -9999 -9999 -9999 -9999 -9999 -9999 -9999 -9999 -9999 -9999 -9999 -9999 -9999 -9999 -9999 -9999 -9999 -9999 -9999
14 14 13.45 13 13 12.7 12.04 12 11.9 11.45 11.02 11 10.67 10.07 10 9.95 9.53 9.03 9 9 8.91 8.53 8.08 8 8 8 8 7.97 7.77 7.45 7.11 7.05 7 7 7 7 7 7 7 7 7 6.96 6.77 6.71 6.52 6.38 6.48 6.37 6.28 6.26 -9999 -9999 -9999 -9999 -9999 -9999 -9999 -9999 -9999 -9999 -9999 -9999 -9999 -9999 -9999 -9999 -9999 -9999 -9999 -9999 -9999 -9999 -9999 -9999 -9999 -9999 -9999
14.02 13.97 13.15 13 12.94 12.11 12 11.91 11.28 11.02 11 10.57 10.02 10 9.96 9.48 9.03 9 8.97 8.58 8.13 8 8 8 8 7.86 7.57 7.26 7.04 7 7 7 7 7 7 7 6.91 6.88 6.72 6.52 6.33 6.24 6.05 6.12 6.11 6.06 6.07 -9999 -9999 -9999 -9999 -9999 -9999 -9999 -9999 -9999 -9999 -9999 -9999 -9999 -9999 -9999 -9999 -9999 -9999 -9999 -9999 -9999 -9999 -9999 -9999 -9999 -9999 -9999 -9999 -9999 -9999
14 13.55 13 12.96 12.23 12 11.89 11.2 11 10.99 10.45 10 10 9.79 9.14 9 8.98 8.72 8.25 8.04 8 8 7.85 7.66 7.33 7.08 7.01 7 7 7 7 7 6.94 6.78 6.71 6.48 6.21 6.03 6.05 6 6 6 6 6 -9999 -9999 -9999 -9999 -9999 -9999 -9999 -9999 -9999 -9999 -9999 -9999 -9999 -9999 -9999 -9999 -9999 -9999 -9999 -9999 -9999 -9999 -9999 -9999 -9999 -9999 -9999 -9999 -9999 -9999 -9999 -9999 -9999
13.75 13.08 12.98 12.33 12.03 11.94 11.22 11 10.88 10.39 10 9.98 9.53 9.03 9 8.89 8.36 8.01 8 8 7.73 7.33 7.06 7.02 7 7 7 7 7 6.9 6.85 6.59 6.24 6.16 6.02 6.01 6 6 6 6 6 6 -9999 -9999 -9999 -9999 -9999 -9999 -9999 -9999 -9999 -9999 -9999 -9999 -9999 -9999 -9999 -9999 -9999 -9999 -9999 -9999 -9999 -9999 -9999 -9999 -9999 -9999 -9999 -9999 -9999 -9999 -9999 -9999 -9999 -9999 -9999
13.06 12.91 12.38 12 11.89 11.2 11 10.79 10.12 10 9.93 9.31 9 9 8.7 8.15 8 8 7.74 7.3 7.02 7 7 7 7 6.98 6.83 6.6 6.34 6.18 6.07 6.04 6 6 6 6 6 6 6 -9999 -9999 -9999 -9999 -9999 -9999 -9999 -9999 -9999 -9999 -9999 -9999 -9999 -9999 -9999 -9999 -9999 -9999 -9999 -9999 -9999 -9999 -9999 -9999 -9999 -9999 -9999 -9999 -9999 -9999 -9999 -9999 -9999 -9999 -9999 -9999 -9999 -9999
12.64 12.12 12 11.71 11.1 11 10.69 10.08 10 9.66 9.06 9 8.91 8.29 8 8 7.83 7.38 7.02 7 7 6.96 6.73 6.48 6.3 6.09 6 6 6 6 6 6 6 6 6 6 6 -9999 -9999 -9999 -9999 -9999 -9999 -9999 -9999 -9999 -9999 -9999 -9999 -9999 -9999 -9999 -9999 -9999 -9999 -9999 -9999 -9999 -9999 -9999 -9999 -9999 -9999 -9999 -9999 -9999 -9999 -9999 -9999 -9999 -9999 -9999 -9999 -9999 -9999 -9999 -9999
11.91 11.69 11.3 11.01 10.93 10.47 10.02 10 9.45 9.02 9 8.71 8.09 8 7.96 7.49 7.07 7 7 6.92 6.48 6.07 6 6 6 6 6 6 6 6 6 6 6 5.8 -9999 -9999 -9999 -9999 -9999 -9999 -9999 -9999 -9999 -9999 -9999 -9999 -9999 -9999 -9999 -9999 -9999 -9999 -9999 -9999 -9999 -9999 -9999 -9999 -9999 -9999 -9999 -9999 -9999 -9999 -9999 -9999 -9999 -9999 -9999 -9999 -9999 -9999 -9999 -9999 -9999 -9999 -9999
10.98 11 10.92 10.62 10.14 10 9.9 9.28 9 8.97 8.45 8.01 8 7.77 7.17 7 7 6.87 6.24 6.06 6 6 6 6 6 5.96 5.8 5.69 5.58 5.41 5.44 -9999 -9999 -9999 -9999 -9999 -9999 -9999 -9999 -9999 -9999 -9999 -9999 -9999 -9999 -9999 -9999 -9999 -9999 -9999 -9999 -9999 -9999 -9999 -9999 -9999 -9999 -9999 -9999 -9999 -9999 -9999 -9999 -9999 -9999 -9999 -9999 -9999 -9999 -9999 -9999 -9999 -9999 -9999 -9999 -9999 -9999
10.19 10.28 10.1 10 9.91 9.49 9.07 9 8.76 8.16 8 7.98 7.48 7.02 7 6.9 6.42 6.08 6 6 5.92 5.65 5.41 5.24 5.09 5.01 5 5 5 -9999 -9999 -9999 -9999 -9999 -9999 -9999 -9999 -9999 -9999 -9999 -9999 -9999 -9999 -9999 -9999 -9999 -9999 -9999 -9999 -9999 -9999 -9999 -9999 -9999 -9999 -9999 -9999 -9999 -9999 -9999 -9999 -9999 -9999 -9999 -9999 -9999 -9999 -9999 -9999 -9999 -9999 -9999 -9999 -9999 -9999 -9999 -9999
9.85 9.49 9.67 9.44 9.1 9 8.87 8.41 8 8 7.78 7.14 7 7 6.68 6.07 6 5.99 5.81 5.31 5.03 5 5 5 5 5 -9999 -9999 -9999 -9999 -9999 -9999 -9999 -9999 -9999 -9999 -9999 -9999 -9999 -9999 -9999 -9999 -9999 -9999 -9999 -9999 -9999 -9999 -9999 -9999 -9999 -9999 -9999 -9999 -9999 -9999 -9999 -9999 -9999 -9999 -9999 -9999 -9999 -9999 -9999 -9999 -9999 -9999 -9999 -9999 -9999 -9999 -9999 -9999 -9999 -9999 -9999
9.83 9.28 8.86 8.95 8.75 8.4 8.04 8 7.94 7.42 7.03 7 6.87 6.37 6 6 5.89 5.31 5 5 5 5 4.94 4.72 -9999 -9999 -9999 -9999 -9999 -9999 -9999 -9999 -9999 -9999 -9999 -9999 -9999 -9999 -9999 -9999 -9999 -9999 -9999 -9999 -9999 -9999 -9999 -9999 -9999 -9999 -9999 -9999 -9999 -9999 -9999 -9999 -9999 -9999 -9999 -9999 -9999 -9999 -9999 -9999 -9999 -9999 -9999 -9999 -9999 -9999 -9999 -9999 -9999 -9999 -9999 -9999 -9999
8.89 8.93 8.29 8.15 8.02 8 7.89 7.53 7.1 7 7 6.67 6.1 6 6 5.65 5.06 5 5 4.75 4.35 -9999 -9999 -9999 -9999 -9999 -9999 -9999 -9999 -9999 -9999 -9999 -9999 -9999 -9999 -9999 -9999 -9999 -9999 -9999 -9999 -9999 -9999 -9999 -9999 -9999 -9999 -9999 -9999 -9999 -9999 -9999 -9999 -9999 -9999 -9999 -9999 -9999 -9999 -9999 -9999 -9999 -9999 -9999 -9999 -9999 -9999 -9999 -9999 -9999 -9999 -9999 -9999 -9999 -9999 -9999 -9999
