layers/final_practice/hyla_meridionalis/prec_mean.asc
ncols         400
nrows         278
xllcorner     -21.041487136433
yllcorner     26.106002917928
cellsize      0.083333337679505
NODATA_value  -9999
[rows 165 to 197 of 278, columns 292 to 364 of 400]
24.92833 25.14583 24.85666 24.74083 23.3575 22.02 21.695 21.25668 20.84584 19.45167 17.99833 17.23333 16.69833 16.265 16.11084 16.19417 16.50917 16.85834 17.24417 17.735 18.2475 18.80084 19.3725 19.94416 20.56499 20.96917 21.86916 25.01584 29.61667 30.75416 30.17666 27.57166 28.24 35.635 38.66916 36.24 34.47667 31.435 31.57834 32.21833 32.555 35.675 37.62916 34.09834 36.49833 35.86918 35.66333 38.57167 39.4225 33.8475 33.07583 36.35 39.74666 38.60416 33.39583 31.53166 29.35917 31.96251 34.51667 35.38834 34.26333 33.13084 34.2175 37.72583 35.615 34.48999 33.39 33.86583 33.53166 27.835 28.20917 28.4125 24.7925
24.90417 26.965 26.805 24.59083 23.17917 22.445 22.87917 22.27417 23.46667 19.32584 17.43333 16.68166 16.26666 15.81417 15.66334 15.72249 15.95583 16.2225 16.565 16.835 17.2825 17.76084 18.28167 18.80416 19.33 19.94667 20.63834 21.31584 22.55167 23.69416 23.32666 24.04333 26.48917 37.16749 43.54417 47.83083 42.32166 41.96083 39.15333 39.29 43.73 39.92583 43.10499 46.20333 46.25417 38.91583 36.7525 35.00916 34.99583 34.105 35.05334 37.33999 35.995 36.62334 37.65916 40.665 37.90083 34.94249 31.95001 33.7975 33.18333 30.96917 28.12 28.71832 30.67834 33.52083 33.41084 30.72083 28.06167 27.8625 30.20083 25.44417 23.03083
27.58333 26.20417 23.12084 22.18834 21.88916 22.15999 23.67751 23.25417 20.58917 19.975 17.1925 16.46417 15.99667 15.71833 15.8 16 15.68334 15.79583 16.04583 16.2325 16.75167 16.92499 17.3775 17.86 18.46417 19.70667 21.18583 23.38 22.63083 21.50167 22.28167 26.10917 30.33167 33.90499 36.195 40.3425 37.62917 38.16917 41.47667 46.34917 37.83 35.43249 43.65417 39.71416 37.60167 36.3025 34.92417 37.815 37.73251 36.16834 35.86917 36.33167 34.025 34.92 38.9575 41.36667 37.84666 35.46 34.37666 35.65083 34.95833 31.72499 28.77083 26.75417 26.74001 34.23167 31.95917 27.08083 25.31166 26.4725 24.51917 22.30334 21.73
23.27999 22.27834 21.78416 21.6975 21.69333 21.73 22.1625 21.13333 20.09 18.94917 17.4475 16.73667 16.3875 16.35166 16.35666 16.03082 15.55084 15.67583 15.81583 16.13333 16.415 16.27 16.59167 17.40084 17.90833 18.8725 19.33166 19.8375 19.52 22.02667 27.97751 29.7625 26.165 31.8475 34.37917 29.91334 34.34083 38.71917 36.17168 39.36167 36.97167 31.1725 31.48833 30.71667 30.28416 32.87418 38.70583 40.66334 35.82917 32.39 34.52749 34.25084 32.38916 33.51083 34.95333 33.77084 33.66083 32.66251 32.16333 35.1825 34.95334 33.62417 32.59166 31.68167 30.38083 24.33168 24.46499 24.89833 24.11833 22.6725 21.58166 20.81334 20.27917
22.11167 21.88249 22.48583 24.055 23.43333 24.06417 22.34667 22.2625 21.69833 20.62416 20.53501 18.42667 18.52917 18.12333 17.1225 16.04083 15.52333 15.81833 16.70416 16.74667 16.15917 15.89166 16.13667 17.27834 17.27 17.17083 16.99 17.14916 18.2875 19.48833 21.98667 22.3875 27.835 26.97416 23.92666 25.08333 36.01084 29.54917 30.29167 33.55916 34.74084 29.97917 26.56666 27.30417 32.0225 35.19083 37.79666 35.41666 30.84833 31.38083 29.81999 30.18833 30.69417 30.39 32.92165 34.44084 35.89833 33.18 29.55 31.805 32.65251 31.97084 29.895 30.33167 26.29917 25.24583 27.515 26.82583 22.4675 22.25916 20.88333 20.24167 19.41834
22.98001 26.3275 28.5225 25.94916 25.7425 24.96418 23.44833 23.23083 23.00167 25.535 25.505 24.38167 23.05833 21.15334 17.69417 16.2425 15.535 15.98583 16.73417 16.52417 16.4175 15.51 15.2275 15.47417 15.20667 14.61417 14.73583 15.22666 15.73833 16.63417 19.7275 20.13833 18.5675 19.34084 26.02084 32.61166 30.90583 25.86417 26.75167 31.99833 25.60416 23.3375 30.82417 34.45166 31.40583 33.4325 34.37001 29.93583 31.65667 33.71666 29.2775 30.07583 27.2725 28.53501 29.25916 29.8225 30.45334 29.52416 28.14499 27.5625 27.1025 26.55333 25.97583 25.63667 25.24501 26.04584 26.74666 23.60083 22.72249 20.73834 19.78999 19.24583 18.94
27.815 27.75667 26.14249 25.73084 25.99166 23.6175 23.06334 24.49667 24.32917 23.81167 24.83333 22.15334 20.31583 18.72917 17.59167 15.91084 15.79583 16.69 16.7 15.72833 14.94167 14.75667 14.04333 13.5075 13.4225 13.30832 13.42 13.40167 13.54083 13.93917 15.11751 14.99416 17.37667 22.7575 25.39417 21.98333 20.995 22.84667 20.58917 20.64917 18.385 25.57333 35.91667 32.99833 26.8975 28.73333 27.39001 28.92667 31.53 30.915 27.03166 27.99 25.61416 26.23583 27.35499 27.88667 29.84417 27.48667 25.64833 26.87834 25.29583 24.22166 24.085 23.70251 23.84834 23.68833 22.18249 21.55333 21.6425 20.2425 18.98834 18.67167 19.77917
29.37333 27.28416 27.25167 25.86666 25.14666 25.2725 24.495 24.0875 22.88 21.60167 20.06 18.71417 18.22 17.39 16.17166 16.3625 16.30417 15.2475 14.95833 15.22 15.82584 13.86917 13.23083 13.36833 13.25333 12.52334 12.54667 12.50416 12.00917 12.1225 12.56833 13.46833 14.14917 14.33918 14.46417 14.40584 14.095 14.50584 15.70083 19.41416 16.49084 18.19666 20.11667 21.3175 20.70833 21.45167 22.485 22.86417 23.10249 23.92333 22.73167 22.88999 23.02333 23.4575 24.53917 24.87499 23.95168 24.45167 24.19834 22.71833 23.17083 22.47417 21.69583 21.51667 21.24833 20.73083 20.75084 21.38334 20.59333 18.85417 18.17167 18.08083 17.85917
28.3875 26.98584 26.24916 26.69833 25.6975 26.03083 24.78667 23.15 21.64833 20.31917 19.095 18.96917 18.24166 17.76417 17.12083 17.09667 16.42083 14.49917 13.43834 13.30417 13.25416 12.82 13.15333 13.25499 12.40749 12.06834 12.11583 11.385 10.805 10.84834 11.03167 11.175 11.30834 11.455 11.6625 11.83083 11.88 12.06083 12.16583 12.285 12.5525 13.10167 13.47083 14.42417 15.12084 15.53333 15.60417 16.5525 19.21584 20.165 21.62333 21.10834 22.11167 22.77 24.1525 24.31334 22.77333 21.88583 21.31666 20.89916 21.54833 20.925 20.16584 19.55166 19.19917 19.4925 20.30667 18.75917 18.39499 18.04084 18.15834 17.87 17.70167
27.85917 27.26417 27 26.78916 25.5725 24.41583 22.77084 23.08249 21.51583 19.74333 18.7075 18.39167 17.70416 15.83667 15.62167 15.35834 14.23833 13.55333 12.78667 12.46584 12.1675 11.8725 11.71583 11.475 11.33917 11.13 10.73333 10.36916 10.2125 10.15916 10.18167 10.31417 10.38334 10.40417 10.48583 10.67 10.86417 11.02333 11.12583 11.2975 11.445 11.60917 11.83083 12.175 12.6925 13.58667 13.555 13.85833 14.66333 15.90001 16.81 17.88 21.67583 22.65 23.42167 22.97333 21.86083 20.97666 20.9875 20.24166 19.23166 18.90917 18.51583 18.025 17.73917 17.30833 17.03834 17.83001 17.5225 18.105 18.8075 17.52 16.45167
28.13416 27.47166 27.19667 27.0525 24.8925 23.06416 21.83583 21.05917 20.52501 20.58667 19.165 17.57333 15.4325 14.6075 14.0775 13.7925 13.80584 12.78167 12.17083 11.87166 11.53333 11.4 11.18667 10.93583 10.6125 10.49667 10.32917 10.01333 9.77917 9.711676 9.715 9.710006 9.719166 9.755011 9.840835 9.972504 10.08583 10.17 10.24916 10.42916 10.51583 10.66084 10.87667 11.06833 11.29917 11.65917 11.96917 12.52833 12.81083 13.18333 13.855 14.50833 15.43833 16.22833 17.22833 18.7675 18.98417 18.9075 20.635 19.37417 19.04583 17.55417 17.3625 16.75001 16.23667 16.0725 16.22583 16.3 16.01334 16.68333 17.65749 16.28167 15.75418
28.25 25.17168 24.27835 23.65334 23.4725 22.65333 23.28667 22.53584 21.18916 18.78833 16.31 15.21584 14.46749 13.66916 13.15583 12.95584 12.26917 11.91917 11.76667 11.64583 11.44583 11.14334 10.83666 10.61083 10.46084 10.2025 9.884165 9.713332 9.679172 9.574169 9.449999 9.354994 9.307501 9.304998 9.345839 9.420832 9.573331 9.702503 9.766669 9.855833 9.905003 9.964167 10.09667 10.27084 10.45667 10.74167 10.96583 11.21834 11.66833 12.28917 12.87667 13.65417 14.48917 16.02 17.0425 16.82416 16.685 18.36083 17.16417 16.5025 16.53667 15.53417 18.59583 16.83833 15.34083 15.10917 15.01834 14.95167 15.11749 15.71 16.50417 16.6225 16.47417
24.425 22.0225 21.54083 21.8775 23.47916 23.29 23.82583 22.15917 17.95584 15.56583 14.58583 13.69 13.12583 12.51417 12.30083 11.76584 11.56417 11.635 11.54084 11.37333 11.16167 10.94667 10.7525 10.51167 10.18667 9.895004 9.601662 9.434999 9.305 9.235008 9.124999 9.005002 8.875837 8.85333 8.857497 8.920829 8.980839 9.051667 9.099166 9.182499 9.25833 9.329997 9.465003 9.589169 9.780001 10.03833 10.2525 10.37833 10.53167 10.9375 12.18083 13.57333 14.54333 15.51166 14.49417 14.34917 14.51917 15.24 14.51583 14.07833 14.00083 14.06167 14.7475 13.53167 15.0525 14.03416 14.24667 14.56333 15.0775 16.02917 18.58167 18.28 14.2375
21.18667 19.81416 19.94417 21.24834 22.55 23.6525 21.47334 17.84083 15.64833 14.18083 13.44166 12.71083 12.27 11.87584 11.43333 11.22084 11.15 11.02667 11.075 11.03084 10.91667 10.85833 10.5525 10.25584 10.01417 9.676666 9.342502 9.177506 9.049996 8.9225 8.892501 8.705 8.539172 8.562499 8.604166 8.603332 8.615835 8.67166 8.704992 8.7475 8.805839 8.870001 8.982503 9.154168 9.315834 9.413335 9.506669 9.586668 9.767502 9.869997 10.01667 10.22833 11.36166 12.2975 11.865 13.22416 14.23833 15.34833 14.5375 13.96917 13.15583 13.72166 12.47916 11.52001 12.15667 12.70166 14.38584 17.5125 18.8825 17.06167 16.81917 14.9025 13.28417
18.94 18.38416 18.40583 20.65083 22.62667 19.00333 16.8475 15.45583 14.235 13.3025 12.47083 11.91167 11.5975 11.35334 11.08667 10.93333 11.06667 10.96416 10.91833 10.9875 10.785 10.53 10.2675 10.07083 9.654166 9.374992 9.183336 9.004997 8.73667 8.605836 8.533333 8.462502 8.087502 8.090002 8.166665 8.242499 8.279169 8.310005 8.359167 8.379167 8.409998 8.44833 8.517506 8.64334 8.788334 8.920834 9.043333 9.147499 9.185838 9.192504 9.185831 9.146665 9.017498 9.124999 9.395836 9.5725 9.301664 9.569165 10.09 10.53667 10.77583 10.855 10.79583 11.32 11.9475 12.47916 12.165 12.35167 13.40333 13.93583 14.59584 14.85416 13.25
17.54833 17.14166 16.755 16.46667 16.7475 15.95834 15.33333 14.05083 13.12834 12.35583 11.9475 11.86666 11.46166 11.115 10.95083 11.02084 10.98667 10.95417 10.8575 10.65417 10.48417 10.21083 9.996671 9.709997 9.373333 9.158326 8.883333 8.719165 8.565001 8.305 8.166664 8.040006 7.934998 7.867498 7.823338 7.819164 7.820005 7.86167 7.893332 7.984998 8.113334 8.059168 8.099995 8.226671 8.33 8.419163 8.495 8.529167 8.550832 8.564162 8.536663 8.481665 8.390002 8.403335 8.477502 8.443337 8.429999 8.677499 9.106668 9.371664 9.513332 9.697498 10.22833 11.24 12.465 12.0825 12.8 15.37417 14.50167 12.305 11.89083 11.64833 11.5875
17.09749 17.02833 16.10083 15.53416 14.76916 14.33667 13.61833 12.92 12.49083 12.1675 12.05 11.73333 11.29084 11.06333 11.18083 11.09167 11.03833 10.97 10.65417 10.38916 10.14583 9.934174 9.716669 9.3675 9.120832 8.877499 8.709998 8.501669 8.238338 7.927496 7.812501 7.702492 7.675831 7.602501 7.551672 7.535836 7.584166 7.599163 7.6425 7.605001 7.632494 7.604996 7.595829 7.639162 7.712496 7.824996 7.964162 7.988328 8.0175 8.000834 7.954995 7.894999 7.878338 7.805841 7.779173 7.828336 7.884165 8.028336 8.270833 8.99 9.690829 10.47166 10.565 10.63667 11.19333 11.7625 12.6075 12.56833 12.52583 12.28 12.37167 12.775 12.27083
16.39667 15.71583 14.68333 14.10501 13.46583 13.00167 12.73917 12.63333 12.47833 12.28 12.04416 11.55 11.23666 11.25167 11.07333 10.91583 10.62417 10.45751 10.28084 10.10667 9.980838 9.719168 9.328334 9.164171 8.8625 8.720833 8.580835 8.231667 7.919997 7.775003 7.560001 7.328332 7.296666 7.342501 7.394165 7.383331 7.347499 7.428331 7.363338 7.348341 7.471669 7.489168 7.505838 7.495838 7.501669 7.481663 7.509161 7.499163 7.492496 7.463327 7.44917 7.455835 7.549166 7.539166 7.536669 7.542506 7.614168 7.786667 8.179164 8.949998 8.771671 8.6725 8.871663 9.19667 9.645834 9.56 9.798332 10.25917 10.12 10.355 10.635 11.3375 11.41083
14.66583 13.8675 13.49333 13.20417 13.14833 13.06583 12.86249 12.845 12.78917 12.32666 11.8575 11.43583 11.40917 11.01416 10.68083 10.47583 10.12083 9.799996 9.61167 9.506663 9.369167 9.159991 8.985834 8.773334 8.696668 8.570837 8.324164 8.084996 7.815002 7.547503 7.376663 7.220828 7.139163 7.084167 6.985 6.976666 7.043335 7.099165 7.060001 7.057507 7.115836 7.245002 7.275835 7.291669 7.329165 7.33333 7.33333 7.334163 7.33333 7.33333 7.337497 7.352496 7.407495 7.407497 7.404166 7.553335 7.695001 7.832498 7.855835 7.795835 7.845001 7.8725 8.010833 8.204162 8.334172 8.524162 8.698332 8.847502 9.095835 9.432503 9.885002 10.26583 10.58333
13.50167 13.19083 13.09416 13.07584 13.13334 12.93417 12.79417 12.65917 12.2575 11.98667 11.83417 11.52333 11.1375 10.83417 10.545 10.14583 9.748335 9.54333 9.394999 9.247501 9.099165 9.029169 8.849169 8.727496 8.51417 8.240002 8.060834 7.985834 7.774165 7.468329 7.265834 7.113329 6.982502 6.920835 6.889166 6.901664 6.942499 6.910832 6.864999 6.860833 6.8925 6.972503 7.031668 7.081666 7.169999 7.21417 7.247504 7.274166 7.262497 7.238329 7.210828 7.215827 7.249165 7.222499 7.476661 7.638327 7.559164 7.302495 7.228328 7.335832 7.522501 7.610829 7.62916 7.803334 7.991672 8.199169 8.387498 8.535003 8.829998 9.147501 9.505001 9.808334 10.27583
13.1675 12.93833 12.8075 12.74834 12.84834 12.83667 12.7175 12.54084 12.1925 11.885 11.5925 11.17166 10.595 10.4925 10.28333 9.888332 9.504169 9.170832 9.100002 9.054168 8.954998 8.705834 8.542507 8.448335 8.316668 8.096667 7.976671 7.884163 7.780003 7.4775 7.168334 7.0525 6.922498 6.845833 6.759999 6.713334 6.725002 6.753333 6.701668 6.706669 6.770001 6.788339 6.804169 6.860003 6.904165 6.941665 6.989168 7.039167 7.047501 7.072499 7.050833 7.016665 7 6.997501 6.994166 6.977499 6.927498 6.957499 7.003335 7.020834 7.168333 7.365001 7.525003 7.645002 7.770001 7.936666 8.144169 8.441665 8.794168 9.048332 9.397502 9.79833 10.345
13.38417 12.82667 12.78667 12.84 12.82167 12.7575 12.635 12.5 11.825 11.535 11.16 10.75416 10.4425 9.9625 9.654169 9.240835 9.079993 9.003333 8.870833 8.79833 8.667503 8.514166 8.291667 8.130832 7.903329 7.824166 7.771672 7.626662 7.5175 7.230002 7.182502 6.958333 6.730833 6.629167 6.501669 6.558335 6.638329 6.69 6.590003 6.526668 6.582503 6.593332 6.591666 6.65 6.675835 6.669994 6.702495 6.778335 6.809167 6.830834 6.803338 6.786668 6.698332 6.57834 6.575002 6.624167 6.710833 6.766672 6.845001 6.883328 6.924164 7.005838 7.13 7.303332 7.41833 7.552504 7.771669 8.015001 8.753334 9.526665 10.04833 10.735 11.765
13.00583 12.81917 12.87333 12.76583 12.58833 12.42417 11.9925 11.625 11.34167 11.02833 10.705 10.48917 10.26917 10.025 9.709168 9.210834 9.08666 8.891665 8.680832 8.554165 8.418332 8.09083 7.96916 7.873332 7.671665 7.525 7.434167 7.436666 7.257499 7.115832 7.048338 6.710001 6.382498 6.387499 6.311669 6.345834 6.354166 6.391667 6.373334 6.3825 6.467503 6.5025 6.535834 6.589168 6.595001 6.574167 6.575834 6.495832 6.484999 6.469169 6.419166 6.4325 6.416667 6.416667 6.421668 6.471667 6.501667 6.560833 6.655831 6.752501 6.777501 6.849165 6.882498 6.986666 7.112498 7.260834 7.590834 7.774168 8.267499 8.769166 9.479167 10.18417 10.93417
13.07833 12.79083 12.74834 12.42 12.1475 11.93583 11.6725 11.27583 10.90833 10.6525 10.46583 10.3025 9.896666 9.53834 9.377501 9.05083 8.841662 8.596664 8.180831 7.952502 7.846664 7.78667 7.595829 7.40666 7.393328 7.320838 7.034164 6.984997 6.890001 6.753336 6.694166 6.394167 6.127499 6.035 6.067501 6.223335 6.305836 6.342499 6.355 6.308332 6.345001 6.364167 6.381668 6.306669 6.289168 6.300001 6.252501 6.218334 6.213335 6.209167 6.208333 6.231666 6.295835 6.324169 6.335835 6.340833 6.394165 6.416667 6.427501 6.512501 6.577501 6.628335 6.681668 6.759166 6.958335 6.990004 7.243332 7.599165 8.055833 8.517503 8.979169 9.7175 10.23583
12.42416 12.27333 11.98333 11.81916 11.67833 11.28833 11.03667 10.90666 10.59001 10.29084 9.971667 9.657499 9.416669 9.233332 8.91167 8.768335 8.510002 8.209165 7.968333 7.763338 7.525001 7.250001 7.041667 7.098334 7.194163 7.015833 6.764166 6.641663 6.534167 6.325002 6.245002 6.082499 5.888332 5.734998 5.91167 6.015834 6.097502 6.099167 6.168333 6.119167 6.173333 6.242501 6.197501 6.166667 6.139997 6.118332 6.150829 6.158331 6.165833 6.165833 6.166667 6.166667 6.171667 6.234167 6.249167 6.233336 6.232501 6.279166 6.270834 6.225832 6.303334 6.405832 6.525836 6.575834 6.747498 6.91 7.044999 7.333334 7.860001 8.413332 8.653333 9.07583 9.449165
11.71667 11.59 11.45083 11.17083 10.9975 10.59834 10.19333 10.12833 10.17166 9.818332 9.350829 9.171667 9.035831 8.75 8.611665 8.352499 8.023339 7.937502 7.684169 7.438332 7.095001 6.714998 6.585834 6.517496 6.593334 6.525833 6.535832 6.528337 6.308335 5.965836 5.870835 5.8075 5.659999 5.611666 5.859167 5.970835 6.056668 6.011666 6.066668 6.124998 6.055 6.140831 6.159997 6.092503 6.055834 6.064168 6.081667 6.083334 6.084167 6.067505 6.057504 6.027501 5.949167 5.917503 5.947497 5.921661 5.903331 5.856668 5.92 5.968331 6.044999 6.151666 6.252499 6.336666 6.693335 6.864168 7.025831 7.193336 7.605 7.913334 8.353332 8.700832 9.176664
11.17084 11.08 10.84083 10.62083 10.27083 10.17 10.1125 9.640829 9.334167 9.239169 9.089163 8.614162 8.450001 8.366666 8.179998 7.954165 7.796665 7.506665 7.299167 7.169997 6.885003 6.594166 6.35 6.024166 6.002501 6.030001 6.325833 6.170831 5.943331 5.815835 5.685834 5.560835 5.415834 5.515833 5.680836 5.806667 5.862499 5.919165 5.83417 5.857501 5.938335 5.908331 5.902499 5.895833 5.918331 5.917499 5.914167 5.906668 5.83 5.722501 5.69417 5.655002 5.614168 5.606668 5.6425 5.709164 5.709996 5.739168 5.763334 5.830834 5.841668 5.991667 6.139167 6.245834 6.405832 6.620833 6.848331 7.1325 7.414999 7.745001 8.015835 8.445833 8.941665
10.44667 10.25 10.10249 9.975831 9.770834 9.380833 9.325833 9.133332 8.769997 8.476665 8.438341 8.300833 7.960835 7.994999 7.674166 7.516667 7.298333 7.173335 7.100835 6.932499 6.644168 6.350831 6.015832 5.8375 6.013338 5.964166 6.059165 5.932501 5.813334 5.545834 5.484998 5.423333 5.373335 5.539998 5.706665 5.767502 5.75 5.743333 5.690833 5.679164 5.711666 5.681665 5.661665 5.628335 5.635003 5.638336 5.615836 5.566669 5.508334 5.5 5.501667 5.525 5.560002 5.582502 5.547501 5.582502 5.583335 5.612502 5.681664 5.805834 5.833334 5.944168 6.030833 6.191667 6.276666 6.462501 6.695833 7.000834 7.250835 7.67667 7.872498 8.168332 8.575
10.05333 10.1025 9.955835 9.559164 9.173332 8.833332 8.644166 8.680835 8.277499 8.134162 7.900002 7.768334 7.498336 7.492506 7.411665 7.16083 6.855003 6.929165 6.675833 6.530836 6.365833 6.174167 5.914168 5.639999 5.559166 5.599169 5.600002 5.600002 5.534999 5.457502 5.304166 5.202497 5.179166 5.5 5.629999 5.643332 5.595001 5.550833 5.616668 5.659997 5.666665 5.585 5.479999 5.504167 5.553334 5.581669 5.570835 5.5125 5.5 5.5 5.5 5.5 5.481666 5.475832 5.500834 5.560001 5.583335 5.583335 5.597502 5.739167 5.814168 5.955001 6.005834 6.105 6.200834 6.371667 6.604166 6.870836 7.045 7.560831 7.780832 8.127503 8.355831
9.796667 9.573328 9.260831 8.906666 8.480001 8.094997 7.90333 8.140002 8.0825 7.712502 7.400829 7.280835 7.301666 7.231665 6.955831 6.58 6.51 6.453331 6.211667 6.029163 6.103334 5.920833 5.680832 5.653332 5.616664 5.582502 5.328334 5.270001 5.130002 5.146667 5.16083 5.097501 5.060003 5.359165 5.529168 5.550834 5.484998 5.389168 5.385001 5.488333 5.579169 5.489999 5.416664 5.418331 5.444164 5.50083 5.490834 5.485833 5.493333 5.486667 5.465834 5.406665 5.362499 5.364166 5.428331 5.482498 5.541666 5.536666 5.535832 5.599169 5.665833 5.757498 5.905833 6.033334 6.114167 6.312499 6.459168 6.68 7.021667 7.396663 7.527501 7.967501 -9999
9.345835 9.124167 8.670002 8.379165 8.131662 7.951671 7.614167 7.530836 7.574165 7.291667 6.958336 6.643332 6.698331 6.716665 6.603334 6.445828 6.314168 6.120002 5.828333 5.491667 5.653331 5.594168 5.546666 5.629164 5.450836 5.350831 4.948329 4.966664 5 5.049168 4.986663 4.934167 5.0775 5.130834 5.258331 5.310834 5.317501 5.253333 5.214996 5.2875 5.294166 5.157501 5.165837 5.200004 5.236668 5.213336 5.19167 5.229167 5.244163 5.195836 5.139171 5.128338 5.145003 5.174999 5.213329 5.275831 5.376668 5.426666 5.4825 5.510834 5.580001 5.634168 5.780001 5.928334 6.000833 6.134999 6.281667 6.494167 6.858331 -9999 -9999 -9999 -9999
8.890835 8.586668 8.254164 7.963336 7.542498 7.513333 7.199997 6.989999 7.114998 6.87833 6.512501 6.172498 6.110836 6.330002 6.293335 6.179164 6.057503 5.937496 5.855001 5.231668 5.205832 5.339166 5.166669 5.085003 5.089168 4.994997 4.914164 4.90583 4.895002 4.872503 4.870003 4.847502 4.968334 5.054169 5.140002 5.226665 5.205832 5.163332 5.15 5.115837 5.099169 5.08667 5.083337 5.083337 5.0325 5.0075 5.025832 5.035831 5.046666 5.077503 5.083337 5.083337 5.083337 5.085004 5.095004 5.126671 5.237503 5.337502 5.340836 5.367503 5.445835 5.543333 5.631668 5.761668 5.907499 6.005833 6.161665 -9999 -9999 -9999 -9999 -9999 -9999
8.215833 8.093337 7.851669 7.455003 7.239167 6.890833 6.670831 6.480833 6.647499 6.315829 6.09167 5.992501 5.822501 5.759163 5.780833 5.819168 5.750832 5.721663 5.675 5.300832 5.12 5.089167 5.026667 5.0075 4.944166 4.752501 4.670836 4.677496 4.68083 4.75 4.791668 4.788333 4.821669 4.925833 4.989998 5.054166 5.084168 5.036666 5.075837 5.010832 4.95333 5.014165 5.078337 5.038334 4.978331 4.937496 4.922496 4.916663 4.919996 4.956662 4.994166 4.994998 5.031667 5.048336 5.046666 5.058334 5.104169 5.243334 5.307501 5.332503 5.33917 5.398335 5.530001 5.600002 -9999 -9999 -9999 -9999 -9999 -9999 -9999 -9999 -9999
