layers/final_practice/hyla_meridionalis/prec_mean.asc
ncols         400
nrows         278
xllcorner     -21.041487136433
yllcorner     26.106002917928
cellsize      0.083333337679505
NODATA_value  -9999
[rows 165 to 197 of 278, columns 219 to 291 of 400]
-9999 -9999 -9999 -9999 -9999 -9999 -9999 -9999 -9999 -9999 -9999 -9999 -9999 -9999 -9999 -9999 -9999 -9999 33.2815 34.88666 35.98418 36.03917 36.31916 36.45084 36.30584 36.47166 36.90749 37.38 37.055 37.26083 35.60667 36.64083 34.87 35.53999 38.82167 40.18333 39.48917 38.28416 35.765 33.90583 32.83 32.21583 33.29667 35.10334 38.67334 41.18417 39.155 39.01001 41.17833 40.82082 38.13251 36.01083 34.65667 33.79416 33.07834 32.3425 31.63083 31.0625 30.44167 29.68749 28.91667 27.86166 26.72333 26.1225 25.61333 24.965 23.99334 23.35834 23.4525 23.63333 23.79916 23.91583 24.22083
-9999 -9999 -9999 -9999 -9999 -9999 -9999 -9999 -9999 -9999 -9999 -9999 -9999 -9999 -9999 -9999 -9999 -9999 35.72417 37.10167 37.745 38.26751 38.63833 38.38 38.485 38.17001 37.99084 37.92917 37.72834 36.48917 37.7325 38.29583 35.07584 38.78666 38.93499 38.0225 37.09249 36.68417 36.09501 36.40999 35.7775 35.63667 34.99084 36.27417 36.59833 37.88166 41.08917 42.52583 43.39751 41.62666 38.23833 35.03667 32.87416 31.96666 31.23751 30.56083 30.30749 29.2075 28.56417 27.87833 27.09249 26.17167 25.455 25.62917 25.31333 24.78833 23.7425 23.29833 23 22.985 23.15833 23.63668 24.1475
-9999 -9999 -9999 -9999 -9999 -9999 -9999 -9999 -9999 -9999 -9999 -9999 -9999 -9999 -9999 32.63284 36.00813 37.83168 39.94833 40.73 40.6675 40.3425 40.20582 39.12167 38.4675 37.94001 37.67167 37.39417 37.235 37.535 38.07333 37.06667 35.95001 37.39999 37.01333 36.84748 37.64333 38.25333 37.91 38.03167 35.3 36.82417 38.60916 37.49167 40.84084 39.59667 38.57834 39.22083 40.1625 38.95667 36.45834 34.34333 32.39166 31.12082 30.38083 29.42334 28.58083 27.67917 26.9375 26.28167 25.60666 25.48833 25.38499 24.10749 23.93584 24.24667 23.83667 23.75916 23.40667 23.42834 23.38 24.13 25.38
-9999 -9999 -9999 -9999 -9999 -9999 -9999 -9999 -9999 -9999 -9999 -9999 -9999 33.87778 36.12542 34.59084 36.96666 40.35083 41.73584 41.78999 41.60834 41.075 39.82167 39.05083 38.02082 37.10583 36.8075 36.71167 36.48417 36.96916 37.27917 35.87167 35.94834 36.16583 35.79333 35.84083 36.75916 38.05417 37.77251 34.95333 34.01583 34.98333 37.90668 35.80917 39.75166 39.87416 38.70084 39.00166 37.70916 36.34166 34.75667 33.53917 31.84917 31.26418 31.68999 31.18166 28.48083 26.64916 25.95667 25.96833 26.7825 25.3125 24.30251 23.33083 23.41917 23.625 24.11584 24.51667 24.4125 24.77416 26.29 26.635 25.10749
25.19608 -9999 -9999 -9999 -9999 -9999 -9999 -9999 -9999 -9999 -9999 -9999 35.45561 37.03417 37.41834 36.725 40.44 41.125 42.07918 42.09584 41.66666 40.17499 38.83584 38.43834 37.4075 36.23833 35.70334 35.28916 35.34833 36.0125 35.80667 35.31501 34.91917 34.65084 34.28584 34.3975 34.59499 34.77999 35.74083 34.65499 33.52333 33.93999 35.54666 35.08918 35.42001 37.9325 37.66416 37.18 35.71417 34.96499 34.12167 33.03249 33.26501 33.95332 34.40916 32.12249 27.71832 26.05583 25.6275 26.38417 25.25666 23.79167 23.09834 23.115 23.26333 23.60501 24.28417 25.81167 26.12584 26.69416 25.74084 24.8975 23.24667
25.68501 26.42583 26.86749 26.99416 27.22416 27.88168 28.38084 29.18417 29.79293 30.66237 31.64333 32.75834 35.46333 36.40416 37.28999 38.57666 40.27166 41.49917 41.89417 41.41084 41.22833 39.58334 38.32999 37.42334 36.12166 34.3525 33.64332 33.75335 34.475 34.4375 34.18082 34.31916 33.85084 33.19833 32.91166 32.75833 32.91666 33.12416 34.13584 34.15167 33.1425 33.33583 34.03583 34.91166 34.03584 34.94749 36.57084 35.825 34.315 33.53 33.50167 33.1475 33.74501 33.35666 33.30083 31.22334 28.8925 26.54083 25.14416 24.68 23.67834 23.09417 22.65666 22.91668 24.21334 24.63834 25.27833 24.85833 24.39584 24.30167 24.48583 24.55916 22.74166
25.10749 25.25833 25.56 26.04417 26.90416 27.74417 28.17417 28.71084 29.4875 30.25333 31.72916 34.41417 35.33084 35.48751 37.68 39.19417 40.04832 40.53249 40.82833 40.01083 39.69084 37.99416 36.58167 35.06833 33.71749 31.97 32.59416 30.47083 31.28 32.33667 32.98501 32.84417 31.72167 31.18083 30.99 30.80667 32.04917 32.4975 33.46083 34.01999 33.28 32.5925 32.45 33.33834 34.36667 34.03999 34.54583 33.5125 32.135 31.40167 30.79167 30.35917 30.6625 30.22417 30.22749 29.74167 29.51666 27.61666 25.65666 23.765 22.89749 22.65333 23.09084 23.605 23.5125 23.43917 23.23001 23.16751 23.41249 23.66083 23.53167 23.58916 24.70251
23.50417 24.05667 24.80917 25.6425 26.87251 28.02084 31.79416 30.34084 29.505 29.05751 29.88334 30.13 31.61167 33.88334 36.02166 38.30917 41.48416 42.89833 41.59084 39.18334 38.22 36.1425 34.5175 32.71584 31.49583 30.17999 30.39083 29.16666 28.93 30.22333 30.19333 30.45583 29.70667 29.58334 29.07501 29.75417 31.68417 31.91667 32.5525 33.20334 32.575 31.86082 31.23 31.0725 31.5225 31.9975 31.88666 31.14333 29.98334 29.08833 28.10751 27.60416 27.54666 27.35167 27.25 26.86084 26.29667 25.1875 24.05833 23.14334 22.49583 22.35167 22.83167 23.15417 22.745 22.54666 22.74667 22.9 23.37501 23.92665 24.88584 27.35249 29.05666
22.88334 23.78084 25.39667 28.18333 28.08833 30.27584 32.04499 29.5975 28.08666 28.05834 28.18333 28.50416 30.32417 32.55501 37.87167 46.5425 51.18333 50.20333 46.10915 41.55751 39.00335 37.36668 33.34167 31.265 29.78166 28.65999 27.71583 26.82166 26.77333 27.80583 27.72833 28.14583 27.91916 28.20833 28.39917 30.04833 30.48417 31.05667 32.66001 32.63834 31.5475 30.67085 30.26499 30.35583 30.63417 30.36084 29.85582 28.99833 28.20999 27.31666 26.49417 25.6825 25.56333 25.5725 25.5625 25.18083 24.4075 23.81249 23.16917 22.62667 22.11334 22.17333 22.54333 22.66418 22.86749 22.82666 23.00167 23.375 24.675 26.14 26.08001 27.89416 28.555
22.96083 24.715 26.3 25.80251 25.59417 26.05583 26.63 27.37416 28.36666 28.07916 28.45 29.34916 31.7225 34.81916 37.85166 40.31 44.86084 46.17916 43.5475 43.35083 38.83583 34.47749 32.11667 30.14666 28.68415 29.22833 28.29417 26.9525 26.0325 26.33583 26.94083 27.77334 27.25916 28.03167 28.39249 29.29166 30.25666 30.9775 30.59167 30.43834 30.0675 29.84249 29.83167 29.66084 29.04916 28.85583 28.16668 27.36667 26.7925 26.05916 25.27 24.74417 24.4825 24.43251 24.20166 23.86583 23.43334 23.29667 22.8075 22.07083 21.91834 22.16583 22.49084 22.5675 22.61251 22.87834 23.765 25.95083 26.02666 26.73833 27.91333 27.94333 28.51418
21.20416 22.4225 22.86833 23.7925 24.63584 25.04584 25.6675 26.45584 26.93999 28.01916 29.36833 31.83749 36.82417 43.15834 44.03584 45.78416 42.22168 39.68083 41.66583 39.42418 37.45668 34.39667 32.33167 29.6475 31.09249 29.2875 26.83333 25.89251 25.91084 28.21667 28.36584 28.13833 27.43667 27.08333 27.57915 28.17166 28.5725 28.85333 28.31333 28.35333 28.22833 27.99833 28.13833 27.68167 27.19666 27.23417 26.49667 26.00833 25.65084 25.04416 24.46416 24.06749 23.72916 23.53249 23.52165 23.58916 23.05499 23.09 22.39835 21.93085 22.47333 22.97834 22.6925 23.04833 23.68 24.83834 26.60584 26.66166 27.94083 28.7575 29.97 28.66666 28.14084
20.65084 21.61584 22.58083 23.13916 23.67083 24.54833 26.72167 28.015 26.915 29.20583 31.78333 38.95667 44.77 43.95499 46.43919 44.10917 41.74001 39.86667 38.37417 36.66333 35.01918 32.88583 29.69834 28.33583 28.29083 26.96251 26.18417 26.175 27.27168 27.3775 26.8 26.11166 25.68333 25.83083 26.72416 26.43916 26.33583 26.5475 26.68001 26.70583 26.95917 26.81916 26.40833 25.99083 25.82751 25.55667 25.20918 24.98166 24.52916 24.07416 23.76332 23.45499 23.31917 23.38583 23.62417 23.44749 23.01 22.99167 23.82167 22.37083 23.09833 22.8475 22.90666 23.60416 24.97249 28.12334 29.79083 29.65751 29.69167 29.74334 28.5225 28.0525 28.45749
20.90334 22.23 23.91917 23.76751 25.09916 25.66166 27.80584 29.3325 27.2575 30.66583 32.30333 35.13916 39.43666 44.10915 43.92751 42.72583 39.60499 37.7575 36.35667 34.8875 33.20166 31.44917 29.26417 27.56334 27.25333 26.6575 26.57417 26.70999 26.23833 25.45168 24.70917 24.32833 24.11333 24.3275 24.4125 24.38334 24.66833 24.9 25.06334 25.20417 25.3325 25.18917 24.93167 24.80918 24.68751 24.45165 24.32166 24.17917 24.01666 23.645 23.54917 23.36083 23.64083 23.30833 23.64334 23.61667 23.77833 24.34916 23.23249 22.41916 22.73083 23.74917 23.54834 23.59583 24.78666 26.8675 28.44 29.85834 29.70499 28.74249 27.8325 26.34417 26.0275
24.895 25.30334 26.80583 25.17417 25.36417 27.07751 31.685 34.0175 30.35333 31.7775 33.485 34.825 36.61833 36.66333 38.06917 38.12334 37.10166 36.18084 35.21834 34.28583 32.79167 31.54083 29.56417 28.07916 27.26333 26.51833 25.87751 25.31833 24.6675 24.02667 23.39499 23.09251 22.84666 22.78083 22.78999 23.02167 23.36167 23.61083 23.79667 23.91833 23.8225 23.78833 23.86083 23.79749 23.67917 23.58334 23.65417 23.68917 23.52 23.31167 23.16083 23.11084 23.5325 23.29415 23.64583 23.72584 23.615 22.81083 22.87416 24.46249 23.94083 23.50084 23.4575 23.16916 24.3975 24.84417 25.4175 26.37083 26.63833 25.34834 23.72334 23.22917 23.18167
22.8225 27.99084 30.84167 28.76416 26.85 26.91666 27.49249 28.13416 29.42333 31.26334 31.92333 32.54167 33.32917 33.50166 34.55584 35.12916 35.285 35.47667 35.6025 33.94501 32.2625 31.02168 29.33832 27.79584 26.74417 25.84583 25.02916 24.3425 23.69584 23.13833 22.66333 22.16 21.82916 21.61583 21.66167 21.8525 22.21083 22.42916 22.50166 22.56417 22.76084 22.88167 23.12251 23.11834 23.01667 23.20917 23.24084 23.21584 23.04583 22.8375 22.86416 23.06249 23.515 23.85416 24.01749 23.87501 23.18917 23.88166 25.3125 26.91916 25.4625 24.95083 25.20501 24.61584 23.9 23.50583 23.21084 23.095 22.91333 21.77083 21.15333 21.065 20.67167
21.39667 21.29916 22.50583 22.92333 23.32666 23.40083 24.0225 25.21251 26.82917 28.32333 29.46167 29.955 31.02667 32.1525 33.8175 35.02583 34.55167 34.22168 34.2025 33.01833 31.54167 29.93167 28.50999 27.0975 26.21249 25.33 24.51168 23.7775 23.2025 22.6525 22.05083 21.45416 20.86 20.4075 20.66916 20.78666 20.90166 21.24334 21.5125 21.7575 21.90499 22.185 22.50833 22.41583 22.42333 22.55167 22.73834 22.965 22.91584 23.07833 23.1375 23.4975 24.19749 24.40833 23.96167 23.55 24.6225 25.63584 27.25583 28.625 27.16249 25.81417 24.5075 23.385 23.66666 23.56249 22.855 22.67583 20.84333 20.1025 19.85083 19.16167 18.18249
23.26834 23.545 25.13333 26.4075 25.5125 24.76166 24.94583 24.13166 24.97167 26.74583 27.78834 29.02 30.93501 32.88667 33.65333 33.20917 32.8825 32.5775 31.98 31.0125 29.88917 28.67001 27.62667 26.56584 25.55917 24.87583 24.01751 23.3875 22.76833 22.0475 21.36501 20.725 20.06584 19.58583 19.71083 19.9275 20.305 20.68751 20.9 21.05666 21.06583 21.34833 21.74167 21.78916 22.13833 22.40583 22.545 22.82417 22.66916 22.9525 23.46167 24.06583 24.33 24.79417 24.02917 24.20917 26.57334 28.20916 27.61749 25.91916 24.46251 23.56667 22.09583 21.19834 21.19583 21.515 22.67833 21.79584 18.7925 18.12166 18.00167 17.37501 17.10249
25.88834 26.55333 26.54584 25.52666 25.23334 25.08083 24.92166 24.26833 24.47584 26.25499 27.405 28.52499 29.94917 30.4675 30.73668 30.8575 30.86416 30.44334 29.93667 29.23 28.42001 27.58666 26.64499 25.7825 24.98334 24.29584 23.67917 22.93916 22.17666 21.64166 21.25084 20.79167 19.9825 19.585 19.63583 19.86417 20.22 20.51834 20.6825 20.56083 20.86501 21.28832 21.41 21.51499 21.81166 22.27917 22.74584 22.5825 22.9625 22.7575 23.39916 23.96416 24.98916 24.95917 25.61667 26.015 27.03917 27.30833 26.6175 24.4575 21.835 20.37084 19.33834 18.73416 19.28 19.7625 21.97083 18.40084 17.98666 17.72084 16.81749 16.11083 16.05333
29.44499 27.16833 25.4025 24.93666 24.70666 24.635 24.68499 23.76167 24.24833 25.13083 26.21166 27.30166 28.1625 28.54749 28.96083 29.06499 28.95666 28.74167 28.36167 27.73833 27.1225 26.43666 25.73749 25.05583 24.4225 23.84834 23.30834 22.72334 22.0025 21.73083 21.44749 20.82834 20.35667 20.10333 19.88915 20.07417 20.24333 20.46499 20.49333 20.61416 20.85001 20.98917 21.10417 21.28333 21.7225 22.10749 22.40583 23.19666 23.21667 22.435 22.92667 23.825 24.96417 25.53 25.51167 25.89584 26.4675 25.33666 23.47833 22.33833 21.49416 18.37833 17.47083 16.97 17.52083 19.38834 18.27 17.48667 17.12333 16.57583 15.44 14.77916 14.71499
27.59834 25.94667 24.36166 24.0275 24.02917 24.20416 24.08249 23.51001 24.22583 24.76333 25.725 26.28083 26.84748 27.17417 27.46417 27.48 27.29667 27.14417 26.84083 26.44 25.94249 25.4275 24.925 24.4325 23.92583 23.45667 23.105 22.62083 22.115 22.08417 21.43666 20.81333 20.46166 20.17082 20.11834 20.4775 21.01 20.83417 20.595 20.525 20.48416 20.67417 20.99582 21.30667 21.77416 22.10333 23.2975 23.65334 22.8675 23.055 23.32917 24.11084 25.15083 25.13833 24.62333 23.35166 24.15416 23.97416 21.80417 23.46083 20.14584 16.86583 15.77 15.45833 15.57583 15.7225 15.78917 15.36167 15.5775 15.2725 14.55417 14.13667 13.73834
24.51584 23.95084 23.52083 23.48582 23.57001 23.76834 23.92084 23.33334 24.11834 24.87168 25.15082 24.95584 24.96082 25.03583 25.13334 25.84333 25.88416 25.8325 25.52417 25.18417 24.82667 24.49917 24.14917 23.87667 23.4525 23.17082 22.915 22.50666 22.17083 21.8225 21.3225 20.75083 20.53166 20.29083 20.19583 20.4075 20.89584 21.48 21.03917 20.78417 20.82667 20.9525 21.4275 21.44001 21.62501 22.75834 24.45833 25.08916 22.98417 23.57834 24.30833 24.32 23.56417 22.07083 21.60834 20.86666 21.48916 23.50417 21.755 19.15334 16.80166 15.83083 15.4575 15.22167 14.75 14.69 14.52417 14.51666 14.49916 14.19167 13.94083 13.60916 13.39333
23.66499 23.29166 23.10501 23.13833 23.24249 23.25334 23.16584 23.02 23.785 24.25666 24.44166 24.29417 24.09083 24.17 24.05916 23.88666 24.00501 24.52418 24.16415 23.65583 23.43501 23.56665 23.38167 23.13999 22.98083 22.75834 22.54499 22.38667 22.17167 22.25666 21.34083 20.86083 20.52334 20.2775 20.08918 20.24166 20.42417 20.865 21.3525 21.44167 21.38167 21.9125 21.93167 21.64082 21.93666 23.2275 25.55333 24.7975 23.24667 23.9225 24.105 23.18333 21.975 19.88916 18.97416 19.66 20.81667 21.08417 17.75083 16.51333 15.92917 15.66583 15.785 14.96583 14.4125 13.89584 13.97084 14.17 14.195 14.02917 14.1 13.8875 13.53833
23.05667 22.81833 22.86501 22.79083 22.76666 22.66749 22.91083 23.26751 23.37083 23.60667 23.71083 23.60584 23.73166 23.74 23.91501 23.83334 23.57833 23.6625 23.21999 23.22167 22.9475 22.49333 22.64499 22.58499 22.43333 22.24083 22.12334 22.05667 22.2125 23.39416 21.42167 20.85834 20.5675 20.32584 20.36584 20.19 20.1175 20.12334 20.66333 21.03917 20.91001 21.27416 21.26417 21.89084 22.80584 24.12917 23.79583 22.09834 21.86917 22.985 25.60917 23.6125 20.37 19.35834 19.9025 17.89417 17.37333 16.52667 15.9775 15.62916 15.13834 14.785 14.37167 13.91334 13.5675 13.65083 13.83917 13.8925 13.9525 14.105 13.99167 13.72916 13.36334
22.86833 22.74751 22.69583 22.6375 22.51333 22.39251 22.85167 22.96166 23.1025 23.11333 23.20333 23.21332 23.31917 23.36334 23.26834 23.20333 23.13499 22.97918 23.0025 22.7775 22.57416 22.14917 22.1375 21.99334 21.83167 21.74084 21.64668 21.66168 22.8225 22.87 21.22167 20.745 20.74249 20.6025 20.2625 19.9825 19.87084 20.1025 19.995 20.0225 20.13917 20.60001 21.88083 21.80083 22.00333 22.72584 22.645 20.79166 20.1125 20.86666 20.83917 20.18167 20.47667 20.48833 19.31833 16.36417 15.55416 15.0975 14.80333 14.89584 14.34333 13.74584 13.43583 13.29667 13.3175 13.60917 13.68166 13.72333 13.72917 13.67418 13.60999 13.39166 13.19001
23.1125 22.94584 22.77417 22.49083 22.44334 22.295 22.63416 22.665 22.68749 22.69583 22.7475 22.76832 22.73499 22.6725 22.58583 22.52168 22.39665 22.23666 22.15833 22.06416 21.87584 21.59833 21.3925 21.705 21.72333 21.13751 20.98667 20.985 21.15917 21.12666 20.62 20.43667 20.22417 20.14833 19.91334 19.87166 19.77083 19.6525 19.38501 19.38333 19.61417 20.34334 20.58917 20.18333 19.9625 20.24667 20.02749 19.35333 18.88083 20.12334 18.7425 18.96 20.0275 17.48583 15.86666 15.08667 14.44083 14.24584 13.78917 14.02583 13.74916 13.50333 13.12166 13.2675 13.3525 13.35667 13.34 13.26083 13.13833 13.16833 12.91084 12.77083 12.56917
23.91166 23.3475 22.76167 22.5775 22.40833 22.3075 22.62416 22.60166 22.46249 22.35917 22.28666 22.27416 22.16584 22.06416 21.99583 21.81583 21.71833 21.63417 21.42749 21.1425 20.94584 20.92668 21.58583 21.09 20.61999 20.37667 20.27333 20.16749 20.2175 20.49832 20.2425 19.99917 19.59917 19.35499 19.53167 19.35166 19.26333 19.20417 19.43583 19.42167 19.835 19.355 18.97334 18.56 17.84417 18.54583 18.14166 17.36082 18.16084 18.29667 16.7 16.42166 16.15833 15.44499 14.715 14.3 13.79083 13.39417 13.255 13.17333 13.05417 13.065 12.90083 12.7125 12.59916 12.64001 12.53167 12.51583 12.43 12.2625 12.17416 12.03167 11.85833
23.67666 23.20249 22.81916 22.58084 22.48833 22.39916 22.32334 22.35834 22.50001 22.1825 22.00583 21.79082 21.67001 21.54249 21.39834 21.19083 21.04083 20.92666 20.69166 20.51917 20.55417 21.16 20.7625 19.97168 19.8525 19.71417 19.58584 19.46333 19.61 19.48833 19.35751 19.73583 19.3925 18.7425 18.76001 18.7575 18.28583 18.515 19.31584 18.05833 17.8275 17.32666 18.27334 17.5025 16.64417 16.025 16.34 17.0425 16.015 15.66834 14.9825 14.78667 14.33667 14.13 13.65 13.2325 12.7225 12.61917 12.5675 12.575 12.61417 12.41166 12.26584 12.07667 11.9 11.85834 11.81083 11.73667 11.66334 11.53333 11.42917 11.30167 11.20417
24.06 23.89334 23.17916 22.71167 22.61417 22.47667 22.2825 22.33916 22.4175 22.14584 22.01334 21.5525 21.2275 21.14001 21.02168 20.74916 20.47083 20.2525 20.13333 20.10833 19.99917 21.63417 19.7375 19.28582 19.14417 19.2 19.11083 18.82417 18.74249 18.54917 18.88417 19.91166 18.17667 18.83 19.7825 18.75083 17.425 17.185 16.80417 15.81834 15.77834 17.03333 16.76583 15.22083 15.28833 14.75166 15.00667 14.98 14.14583 13.85168 13.85167 13.7625 13.78833 13.25917 13.24083 12.84416 11.93667 11.70584 11.65166 11.65 11.695 11.78917 11.55417 11.41 11.27417 11.09333 11.02999 10.88333 10.84083 10.76 10.65583 10.68667 10.58834
24.94584 24.59417 23.52833 22.86 22.79833 22.81 22.81584 22.6 22.71917 22.49001 22.01167 21.12917 20.83666 20.72499 20.58416 20.43667 20.07582 19.78999 19.59 19.63083 20.8775 19.88833 19.01167 18.83834 18.64584 18.41917 18.28666 18.00751 18.16417 17.8775 17.63334 17.12333 17.0575 17.77 18.73 17.21 16.58417 15.61333 15.41084 14.77333 15.0225 17.08167 14.41 13.9275 14.395 14.55083 13.70084 13.09834 12.63416 12.82417 13.17167 13.07333 12.65833 12.04917 11.78667 11.89083 11.4425 10.94251 10.90083 11.04833 10.8625 10.71666 10.63167 10.6975 10.5775 10.42667 10.32166 10.2325 10.135 10.01833 9.946672 9.909995 9.933331
26.40833 25.015 23.40749 23.34666 23.285 23.39166 23.09416 23.45833 23.80416 22.64417 21.38666 20.72 20.5525 20.37082 20.25167 20.04667 19.71751 19.46668 19.17584 19.45001 19.6525 18.82084 18.53166 18.37833 18.19918 18.29916 17.58999 17.9075 18.71 16.97416 16.88417 15.97833 15.75584 15.70334 15.57917 16.69001 16.12334 14.78917 14.63917 13.415 13.745 13.14417 13.08167 13.02833 12.93 13.0025 12.36666 11.7575 11.61167 11.62083 12.02083 11.7525 11.53584 11.3125 11.26583 10.7675 10.755 10.62917 10.42583 10.39667 10.38834 10.4925 10.32417 9.97417 9.98667 9.854166 9.6625 9.60833 9.485832 9.415829 9.480004 9.611665 9.495003
26.17333 24.11167 23.26 23.8325 24.23417 24.11833 23.56833 23.435 22.72084 21.78666 20.84167 20.45417 20.35666 20.11917 19.94666 19.68667 19.32917 19.04251 18.95 19.21833 18.81917 18.3925 18.3 18.21917 20.51 18.00584 17.09666 21.04667 16.3975 15.48417 16.85833 14.94167 14.57417 14.57416 14.805 15.94917 14.56333 13.22083 13.3675 12.385 11.98084 12.07583 12.13167 12.10583 11.92833 11.6725 11.42 11.1275 10.82583 10.66834 10.64917 10.63 10.76333 10.69333 10.67 10.4825 10.0225 10.16833 9.901669 9.773334 9.670005 9.827503 9.698335 9.609162 9.341661 9.292498 9.221668 9.055 9.012502 8.992496 9.080002 9.120832 9.162505
25.55001 23.74833 23.2525 24.34834 25.11167 24.405 23.41333 21.92333 21.1175 20.71 20.47749 19.3975 18.92667 18.42084 18.35583 18.44083 19.14166 19.06667 19.14083 18.8425 18.43917 18.09083 17.54333 19.14667 19.32584 15.4825 18.195 19.10417 14.33833 14.49833 14.79666 14.98584 15.0075 13.88667 15.4725 13.38916 12.24667 11.63917 11.35166 11.27834 11.37667 11.585 11.49917 11.38417 11.29417 11.11917 10.8225 10.5275 10.32167 10.18 10.07167 10.085 10.23667 10.17334 10.035 9.951666 9.819998 9.640835 9.439164 9.198331 9.101666 9.176669 9.101668 9.05 8.9275 8.683335 8.640831 8.529169 8.510002 8.555007 8.689163 8.811667 8.776663
24.30666 23.23667 22.86 23.14668 23.57084 22.86583 21.72 20.60917 19.89333 19.24 18.49584 17.76 17.34749 17.46416 17.6625 18.53417 19.62667 20.37667 18.74166 17.86584 17.89917 17.07418 17.26167 16.9325 15.895 14.08833 14.99918 13.42833 13.36167 14.085 14.40417 16.03667 13.9225 14.6575 14.06 11.96167 11.325 11.22334 11.35 11.23166 11.045 11.05917 10.985 10.80667 10.7025 10.82917 10.50667 10.36 10.13083 9.765 9.674168 9.734998 9.61667 9.56583 9.572498 9.455832 9.135832 9.001667 8.8675 8.589997 8.531666 8.454161 8.447497 8.453333 8.357499 8.163334 8.185833 8.142497 8.173336 8.214169 8.329995 8.341662 8.342503
