layers/final_practice/hyla_meridionalis/prec_max.asc
ncols         400
nrows         278
xllcorner     -21.041487136433
yllcorner     26.106002917928
cellsize      0.083333337679505
NODATA_value  -9999
[rows 34 to 67 of 278, columns 308 to 384 of 400]
84.32 81.25 77.98 78.29 78.54 78.97 79.76 80.41 86.61 89.44 92.96 97.39 99.73 104.61 114.94 146.76 148.07 114.06 96.72 94.08 92.32 91.68 94.52 100.27 128.8 129.75 96.09 117.05 139.09 144.38 152.15 160.17 181.04 174.82 191.78 166.02 179.59 170.47 193.42 179.04 157.92 160.74 176.7 189.88 184.34 181.65 169.11 163.74 177.64 173.9 167.23 158.89 173.28 172.43 162.2 173.14 158.59 170.62 167.69 154.78 159.95 169.43 175.16 175.63 134.25 143.72 144.51 132.7 120.92 139.09 144.43 138.8 115.65 114.78 104.6 100.64 98.77
85.72 79.25 78.11 78.74 79.23 79.76 80.23 81.07 85.54 90.02 90.99 95.49 106.85 121.16 144.79 148.83 105.93 98 95.26 95.79 96.89 109.69 122.45 123.08 133.3 149.38 129.48 87.89 111.67 149.85 173.15 155.95 140.99 114.76 107.08 129.91 135.21 137.34 133.02 147.71 159.3 181.15 180.48 162.49 163.27 172.18 166.58 159.64 164.27 165.74 169.59 160.72 166.02 160.63 156.61 160.43 138.9 146.18 153.42 161.04 167.21 150.68 136.44 151.15 130.09 129.01 122.74 111.79 121.77 125.92 121.34 117.72 106.75 105.09 103.32 101.61 97.26
82.85 78.38 79.11 79.39 80.14 80.66 81.15 82.18 85.09 89.12 93.8 103.88 108.84 117.82 125.45 105.26 97.96 97.18 96.41 98.5 115.04 123.08 140.25 140.79 139.91 162.66 135.64 126.23 122.47 169.31 116.75 95.44 106.08 137.02 156.14 168.26 180.17 169.73 149.78 183.74 173.24 168.41 153.15 140.99 156 167.99 160.86 158.16 153.12 158.53 159.16 160.89 155.51 155.92 159.12 153.45 142.76 133.64 155.34 136.24 139.76 135.72 122.84 131.06 125.24 110.5 109.33 111.09 108.76 117.99 131.31 124.08 120.32 103.31 110.53 105.67 96.96
79.9 78.89 80.21 81.28 81.99 82.53 82.74 82.82 85.24 90.74 95.99 110.46 123.25 102.23 112.5 98.09 100 106.77 106.91 96.65 97.53 111.52 115.54 120.81 130.41 162.68 170.07 173.61 104.43 98.76 120.68 166.42 167.55 155.45 177.18 176.03 212.41 167.62 205.86 174.99 187.84 163.76 146.87 124.32 147.21 151.77 150.87 154.16 148 149.82 155.9 156.13 157.3 156.37 152.17 139.36 135.47 133.06 129.04 127.53 129.37 123.72 121.24 121.93 119 117.47 119.08 108.75 107.74 126.91 135.65 124.16 101.45 98.62 112.21 97.78 97.46
79.11 79.74 81.72 82.76 83.15 83.71 84.25 83.69 83.84 92.57 103.36 110.65 123.45 96.73 96.52 100.08 100.83 107.32 104.3 107.97 111.68 129.76 114.17 112.18 137.21 134.71 180.01 149.07 157.27 120.81 140.02 164 195.42 185.09 185.49 207.28 192.33 169.19 214.64 181.93 174.7 147.57 130.54 122.2 148.32 149.92 151.43 148.15 141.05 152.59 155.49 158.58 155.21 151.85 147.09 137.37 139.32 143.23 141.98 136.46 135 133.69 135.97 127.11 124.84 121.46 116.74 107.48 102 115.07 116.03 108.03 96.77 96.09 95.38 95.64 96.22
79.86 79.87 82.75 83.88 84.2 84.76 84.93 83.18 87.16 93.6 101.43 106.28 103.1 107.58 96.84 98.72 99.46 99.35 108.79 142.62 135.08 142.81 164.21 107.33 145.04 154.46 155 182.58 213.56 150.79 160 218.27 187.9 209.7 196.96 191.32 193.84 199.32 212.77 161.41 151.52 137.75 147.09 136.89 131.85 124.48 130.67 131.57 140.03 146.49 151.67 154.29 151.34 147.46 142.02 134.78 139.81 132.39 134.4 125.91 123.11 128.95 122.73 114.36 116.66 108.88 106.76 99.49 106.63 114.35 103.4 98.48 97.67 96.37 94.37 94.95 95.42
80.52 82.17 83 84.31 84.45 84.15 83.33 83.36 87.31 96.45 99.7 100.05 92.84 100.39 98.48 93.88 97.47 98.52 102.23 118.16 121.17 149.52 145.01 116.86 116.24 148.66 204.07 199.32 181.6 176.06 171.41 168.57 166.6 168.39 171.43 152.52 170.11 178.06 178.32 154 141.42 138.57 131.42 134.81 125.69 132.68 124.6 125.54 134.9 142.74 145.34 147.19 145.5 141.66 140.96 133.4 126.28 129.93 125.23 120.08 117.82 119.13 112.29 108.31 107.37 103.28 101.3 106.34 107.07 103.04 98.97 95.34 95.3 94.25 92.71 93.59 94.28
82.79 82.65 81.79 82.34 82.98 83.95 83.73 86.37 86.03 86.19 99.11 90.16 87.41 88.59 94.11 93.93 98.51 118.04 101.02 118.41 116.55 121.26 130.02 142.58 150.6 204.94 190.48 137.25 153.06 161.06 147.52 112.13 134.86 138.41 128.48 128.03 140 154.94 158.97 144.56 128.09 124.97 125.76 123.43 122.61 125.63 123.23 123.53 126.81 131.18 136.17 138.96 137.35 135.51 130.36 123.44 119.99 118.3 116.59 112.09 110.89 109.39 104.93 105.9 100.04 101.57 103.41 99.77 99.77 96.83 94.4 95.46 93.27 91.63 93.51 92.35 92.56
82.97 81.5 81.69 83.84 85.41 85.59 86.49 88.58 86.6 84.74 84.98 87.3 87.45 91.13 90.61 99.59 113.18 104.22 130.78 113.95 102 114.75 119.35 141.67 165.53 172.76 175.09 152.22 148.94 120.04 106.83 108.49 126.54 119.92 125.95 113.48 111.05 147.94 138.06 140 135.32 128.57 120.07 116.96 121.24 120.22 121.92 121.98 124.89 127.55 128.83 129.78 128.82 126.65 123.11 119.85 116.37 112.39 109.23 106.11 104.02 102.84 101.76 102.49 99.48 98.82 97.98 96.68 94.32 93.28 93.75 92.08 91 92 92.34 90.83 92.56
83.9 81.71 83.54 85.8 87.89 88.1 87.67 87.8 89.75 88.46 84.96 84.21 91.55 101.55 88.97 105.86 116.82 112.9 121.85 97.15 108.15 107.82 156.28 161.56 147.84 114.9 137.55 172.57 165.39 156.49 149.06 159.05 156.28 166.98 160.65 135.22 109.9 121.05 132.53 131 117.14 115.47 113.44 113.97 115.14 117.35 118.55 120.13 122.63 125.63 126.8 126.64 125.37 123.13 119.89 116.35 113.25 110.44 107.38 104.86 102.71 101.34 100.32 99.29 98.36 97.25 96.2 94.95 93.39 92.78 91.8 90.58 89.46 89.71 88.58 89.35 89.71
85.01 85.67 84.64 85.8 89.42 92.67 94.39 93.39 93.23 92.62 90.12 86.23 86.77 95.15 94.09 90.49 100.46 93.75 91.65 96.22 139.84 106.81 123.16 115.31 122 144.83 162.06 178.56 182.94 168.42 163.01 187.57 172.63 153.35 136.37 146.36 131.59 115.45 115.64 111.54 107.79 107.82 108.08 109.71 111.34 113.15 114.52 117.01 120.07 123.19 124.51 124.42 123.18 120.9 117.51 113.43 110.76 108.46 106.26 104.26 102.46 101.09 99.91 98.98 98.06 97.25 96.47 95.06 93.79 92.7 91.2 89.42 87.75 86.67 87.23 87.72 88.1
88.14 83.38 86.82 88.86 91.34 94.26 96.04 96.84 96.51 95.29 94.07 92.88 91.34 96.68 111.77 102.57 89.08 93.93 118.46 101.28 152.35 121.92 100.95 122.54 140.88 169.46 169.9 155.16 179.82 173.78 158.17 144.62 131.58 134.09 115.44 122.01 111.55 105.41 102.77 105.55 107.19 106.17 105.94 106.71 107.98 109.41 111.98 115.55 118.72 120.93 122.63 122.88 121.85 119.88 116.36 111.7 109.49 107.64 105.76 103.96 102.34 100.76 99.63 98.67 97.87 97 96.19 95.4 93.93 92.32 90.44 88.51 86.6 85.45 85.73 85.93 86.16
85.89 83.13 86.32 88.8 90.55 92.07 92.92 94.75 95.18 93.73 90.94 90.66 98.2 109.13 116.79 92.73 98.82 117.36 145.26 99.62 141.28 138.48 136.75 153.35 147.48 179.14 175.7 178.08 162.99 173.08 147.86 132.58 125.52 118.21 111.14 105.16 105.6 106.4 104.51 104.46 105.75 104.59 104.08 104.37 105 107.66 111.66 115.3 118.31 120.63 121.69 122 121.42 119.25 116.06 112.37 109.91 107.84 105.81 103.93 102.24 100.65 99.43 98.38 97.49 96.74 95.92 94.98 93.52 91.7 89.93 88.06 86.01 84.17 83.99 83.63 83.4
88.23 84.41 84.55 86.88 89.81 92.79 94.93 96.62 95.95 91.37 85.84 86.86 108.37 110.05 98.32 92.91 119.27 151.36 135.89 112.43 107.28 145.93 164.84 183.48 176.46 147.6 148.4 156.64 161.13 174.62 144.12 126.93 107.53 104.19 104.96 107.02 107.11 106.13 105.72 104.39 103.24 102.13 102 102.01 103.78 107.78 111.84 115.55 118.63 120.92 122.15 122.01 121.66 119.78 116.98 113.95 111.14 108.69 106.35 104.13 102.21 100.59 99.31 98.18 97.2 96.35 95.46 94.41 92.93 91.31 89.48 87.56 85.71 83.73 82.15 81.33 81.33
86.54 85.84 86.45 88.03 90.69 93.33 94.82 94.35 90.59 89.05 105.46 100.69 87.02 88.02 93.72 125.16 141.25 157.07 147.98 117.51 132.67 107.43 135.29 133.22 128.22 135.81 153.01 143.06 146.86 152.31 126.55 118.89 108.11 106.04 106.28 109.58 109.02 105.68 103.72 101.9 100.37 99.5 99.14 100.07 103.84 108.16 112.31 116.14 119.38 121.77 123.19 123.33 122.41 120.91 118.51 115.65 112.7 109.88 107.05 104.56 102.34 100.5 99.23 98.1 97.1 96.13 95.15 93.93 92.56 91.03 89.4 87.54 85.76 84.13 82.62 81.58 81.36
88.37 87.19 87.45 88.24 89.01 90.1 89.6 88.49 93.34 104.11 103.79 104.69 85.03 90.72 111.91 133.34 114.19 166.82 154.92 163.93 162.57 146.55 166.89 157.18 147.25 160.53 159.95 111.47 100.59 98.69 98.36 100.76 101.09 102.57 105.9 108.73 107.73 105.59 105.59 102.73 101.09 99.68 98.66 99.9 104 108.74 113.16 117.2 120.66 123.2 124.74 125.1 124.38 122.64 120.29 117.49 114.34 111.1 107.96 105 102.56 100.55 99.25 98.13 97.13 96.15 95.12 93.8 92.52 91.07 89.5 87.82 86.25 84.63 83.34 82.35 82.12
88.49 88.47 88.3 88.94 89.29 89.38 91.1 89.33 94.29 101.49 107.88 100.05 92.28 97.93 115.53 132.09 111.5 120.18 146.01 150.08 154.21 154.75 153.86 134.16 123.39 117.16 115.56 131.57 124.26 125.4 119.81 101.09 98.13 100.68 103.42 105.71 106.27 105.46 102.13 99.74 96.82 94.85 95.83 98.86 104.21 109.51 114.45 118.84 122.44 125.15 126.79 127.39 126.88 125.45 123.71 121.08 117.11 112.98 109.18 105.64 102.78 100.65 99.46 98.47 97.51 96.46 95.35 94.11 92.71 91.41 89.85 88.38 86.86 85.57 84.45 83.69 83.25
89.95 90.35 90.25 90.55 90.84 91.97 96.46 98.03 100.58 103.21 109.45 96.16 97.9 102.77 118.55 125.34 147 140.83 153.84 168.45 174.01 155.56 129.62 131.79 133.13 117.49 130.49 143.16 124.51 103.93 100.51 99 95.01 96.55 98.75 100.19 100.08 99.07 96.95 94.41 91.72 91.09 94 98.8 104.71 110.56 116.04 121.04 124.96 127.96 130 130.99 131.26 130.44 128.62 125.89 121.55 116.53 111.42 106.63 102.82 100.92 100.07 99.24 98.27 97.16 95.91 94.57 93.39 92.18 91.08 89.88 88.64 87.44 86.36 85.43 84.53
90.79 92.19 92.34 92.28 92.62 95.35 98.59 100.61 102.42 108.13 111.75 96.86 96.84 97.66 100.79 111.35 121.75 149.38 162.39 164.35 174.98 124.52 131.78 108.64 128.1 137.08 151.17 146.61 129.73 124.68 98.11 91.77 91.45 92.96 94.47 95.43 95.29 94.44 92.9 90.71 87.73 89.31 94.42 99.62 105.87 112.06 117.92 123.22 127.89 131.61 134.36 135.95 136.12 134.52 131.78 128.63 125.44 121.61 116.12 111.24 106.17 103.18 101.9 100.71 99.63 98.34 96.89 95.79 95.3 94.49 93.39 92.17 90.89 89.63 88.42 87.27 86.11
93.63 94.7 94.48 94.18 94.07 94.28 94.51 93.78 94.16 106.75 111.41 98.63 95.77 107 107.59 104.62 115.2 122.86 129.97 139.53 157.12 136.1 100.18 131.46 135.3 133.51 129.94 126.73 125.98 101.64 94.93 88.61 88.03 89.17 90.36 91.12 91.06 90.69 90.21 86.9 85.86 89.63 93.46 100.2 107.02 113.59 120.21 126.15 131.45 135.76 138.86 140.46 139.64 136.72 132.73 127.56 126.72 122.9 120.18 116.31 113.39 109.18 106.49 104.2 101.97 100.21 98.52 98.45 98.09 97.07 95.86 94.59 93.28 91.99 90.63 89.32 87.94
96.62 97.22 96.06 95.6 94.67 94 93.74 93.64 93.5 97.37 97.49 104.51 103.58 115.09 110.2 111.7 101.27 110.71 127.32 120.37 142.67 140.82 120.9 101.57 118.46 120.86 133.32 145.57 143.42 127.34 105.87 89.54 86.29 85.88 87.01 87.7 87.57 86.8 86.81 86.29 87.73 89.59 94.4 101.25 107.92 115.3 122.69 129.13 135.06 139.97 143.19 144.05 140.7 131.18 126.5 128.6 128.45 122.83 121.53 118.81 116.09 113.37 109.83 107.14 104.67 102.6 101.05 100.5 100.48 99.68 98.5 97.22 95.85 94.47 93.06 91.54 90
98.64 99.28 97.78 96.73 95.58 95.26 97.3 94.64 96.51 92.96 96.81 101.53 99.82 109.77 114.46 116 106.74 98.68 104.15 127.24 132.98 126.41 95.56 109.15 121.64 140.13 144.12 149.55 124.44 128.67 110.05 94.32 87.62 86.24 85.94 86.23 86.37 86.63 87.18 87.93 89.92 94.65 97.75 103.75 110.42 117.13 124.33 131.49 137.5 140.84 145.49 146.41 138.81 132.57 126.91 130.61 126.98 123.57 120.88 119.72 117.06 114.25 112.27 109.33 107.49 105.84 104.28 102.81 102.8 102.48 101.59 100.4 98.69 97.23 95.64 94.01 92.36
101.59 100.56 98.93 97.18 96.02 95.25 96.13 95.29 97.87 96.41 95.08 97.98 95.5 96.57 98.73 101.41 96.66 95.4 94.96 94.32 91.63 90.61 98.53 128.85 130.03 128.93 147.14 138.41 121.14 107.65 100.31 96.79 90.53 87.39 87.3 87.65 88.06 88.42 89.35 90.55 94.95 97.42 100.97 106.24 111.99 118.47 123.85 130.68 135.17 134.45 143.82 148.64 140.36 132.28 130.78 129.46 125.7 122.58 120.56 120.23 118.18 115.49 113.35 111.2 109.13 107.77 106.14 104.99 105.11 105.08 104.93 104.07 102.88 100.86 99.21 97.23 95.31
101.31 100.32 98.83 97.35 96.28 96.3 95.75 96.05 93.72 95.8 96.38 98.26 92.34 93.15 99.62 95.99 91.33 94.16 92.57 91.27 96.87 111.7 126.64 136.51 119.38 121.96 130.2 119.37 109.67 107.82 100.86 91.81 89.16 88.69 89.15 89.63 90.08 90.72 91.8 93.79 97.64 100 103.64 107.93 113.51 119.49 122.18 126.31 136.8646 143.2529 150.9184 151.2 144.28 140.67 136.07 130.93 128.75 123.03 122.13 120.82 119.01 116.17 113.57 111.7 109.55 108.04 107.16 106.86 106.84 106.91 107.13 106.95 106.57 106.86 105.48 102.57 100.57
101 100.56 99.23 97.55 96.15 94.88 93.85 93.68 94.43 92.22 93.02 94.14 91.38 90.14 89.93 88.57 93.44 97.58 95.67 96.28 105.5 107.73 111.54 100.96 108.26 124.15 132.24 122.39 118.97 122.14 109.69 99.73 93.39 91.08 91.26 91.79 92.42 93.16 94.46 96.19 98.65 102.66 105.24 109.66 114.94 121.64 127.9775 -9999 -9999 -9999 -9999 -9999 -9999 145.0298 142.5684 138.2062 134.66 127.29 124.99 121.83 116.8 115.69 116.3 113.13 108.66 107.76 106.78 106.29 107.68 108.62 109.07 109.33 109.5 110.57 109.58 109.4 109.63
101.03 100.27 98.62 97.14 95.46 94.26 94 93.02 93.81 94.3 96.33 93.63 91.17 88.12 84.74 85.88 90.17 97.81 104.97 101.69 98.97 118.38 126.67 117.71 129.14 133.72 115.86 129.22 118.04 107.76 105.72 101.68 96.2 95.91 95.89 99.83 97.88 99.77 100.61 102.59 102.2 105.54 108.3 111.18 116.71 -9999 -9999 -9999 -9999 -9999 -9999 -9999 -9999 -9999 -9999 -9999 134.4444 130.6701 125.86 123.67 120.61 117.23 116.37 117.9 113.71 110.38 106.2 104.64 102.51 105.52 107.55 107.9 110.39 112.17 112.12 113.91 114.81
101.16 99.89 97.97 96.25 94.98 93.44 94.59 95.64 94.16 94.33 94.57 93.28 94.23 92.82 84.75 84.94 89.7 95.18 97.14 95.54 93.57 101.47 119.79 109.41 120.75 122.29 118.97 108.54 114.3 121.25 127.47 118.48 108.91 110.16 104.16 111.76 115.55 116.42 111.07 108.31 105.22 107.31 110 112.48 117.375 -9999 -9999 -9999 -9999 -9999 -9999 -9999 -9999 -9999 -9999 -9999 -9999 -9999 127.098 123.8438 122.07 120.32 119.1 120.01 118.9 114.39 110.42 109.41 105.67 104.08 104.59 107.63 104.03 111.82 114.71 115.51 113.53
101.03 99.07 97.03 94.99 93.55 92.53 93.13 98.63 96.38 93.89 96.69 97.58 96.19 97.38 92.04 84.46 86.67 88.76 89.98 88.98 97.32 106.18 103.93 110.36 121.02 101.71 102.56 114.59 109.53 107.08 121.15 120.8 124.67 125.66 112.65 110.91 115.65 109.38 106.75 107.02 105.64 106.27 109.125 -9999 -9999 -9999 -9999 -9999 -9999 -9999 -9999 -9999 -9999 -9999 -9999 -9999 -9999 -9999 -9999 -9999 120.25 120.4639 123.6977 123.5567 117 111.92 108.08 109.81 113.15 112.34 106.28 102.74 106.31 106.2 110.56 116.28 117.75
101.15 98.5 96.03 93.56 91.82 90.55 90.13 92.51 93.89 94.75 92.84 91.74 89.49 89.08 86.2 83.38 84.87 85.38 87.57 93.2 94.3 98.84 101.4 103.32 108.04 101.81 100.22 105.25 105.13 98.77 105.7 104.39 113.13 118.09 106.99 105.9 109.01 107.98 103.98 103.98 104.53 106.66 -9999 -9999 -9999 -9999 -9999 -9999 -9999 -9999 -9999 -9999 -9999 -9999 -9999 -9999 -9999 -9999 -9999 -9999 -9999 -9999 -9999 -9999 -9999 120.1042 112.69 109.35 111.23 114.62 114.83 113.45 113.16 114.11 115.11 116.93 119.49
100.78 97.69 94.85 92.47 90.41 91.12 91.49 90 90.29 92.74 91.11 88.42 87.4 85.67 83.98 84.65 86.38 87.5 89.78 95.53 94.07 97.34 97.64 100.09 97.58 98.04 99.19 100.27 101.13 103.15 102.3 101.56 104.63 106.34 103.72 105.76 105.02 105.03 105.66 105.1 106.19 107.3 -9999 -9999 -9999 -9999 -9999 -9999 -9999 -9999 -9999 -9999 -9999 -9999 -9999 -9999 -9999 -9999 -9999 -9999 -9999 -9999 -9999 -9999 -9999 -9999 120.4706 116.19 112.06 114.95 115.33 113.27 114.91 115.09 114.45 114.33 116.24
99.81 96.54 93.76 91.07 88.72 87.57 86.71 85.91 86.55 86.83 86.72 86.8 86.67 85.36 84.32 85.59 86.59 87.86 92.51 101.89 99.92 99.34 98.41 104.43 100.65 100.57 101.08 102.59 104.3 105.29 106.5 104.48 104.13 104.73 107.99 109.1 105.82 106.88 108.4105 107.0135 -9999 -9999 -9999 -9999 -9999 -9999 -9999 -9999 -9999 -9999 -9999 -9999 -9999 -9999 -9999 -9999 -9999 -9999 -9999 -9999 -9999 -9999 -9999 -9999 -9999 -9999 -9999 119.48 117.73 117.56 116.74 115.85 114.96 114.24 114.06 112.67 111.88
98.62 95.79 92.94 89.71 87.49 88.34 88.26 87.65 87.59 89.12 87.88 86.84 85.56 84.4 85.44 86.45 87.48 88.65 90.02 97.11 98.93 97.65 99.31 101.17 103.27 104.54 104.18 105.8 104.83 106.11 113.88 111.25 111.14 110.3708 111.7255 116.94 -9999 -9999 -9999 -9999 -9999 -9999 -9999 -9999 -9999 -9999 -9999 -9999 -9999 -9999 -9999 -9999 -9999 -9999 -9999 -9999 -9999 -9999 -9999 -9999 -9999 -9999 -9999 -9999 -9999 -9999 -9999 119.8293 118.52 116.6 115.14 115.41 114.65 113.77 113.24 114.18 113.08
97.52 94.4 91.66 89.33 85.91 84.59 83.98 84.56 83.97 83.83 84.49 85.92 85.06 85.34 86.28 87.48 88.12 89.48 92.82 97.77 97.75 99.26 100.57 103.26 104.05 105.79 105.86 109.52 114.05 118.11 118.4667 -9999 -9999 -9999 -9999 -9999 -9999 -9999 -9999 -9999 -9999 -9999 -9999 -9999 -9999 -9999 -9999 -9999 -9999 -9999 -9999 -9999 -9999 -9999 -9999 -9999 -9999 -9999 -9999 -9999 -9999 -9999 -9999 -9999 -9999 -9999 -9999 119 118.66 116.79 114.55 114.72 114.02 113.19 113.03 112.94 113.13
96.29 93.17 89.93 86.61 83.38 82.01 82.8 83.98 85.62 85.01 85.31 85.66 86.54 86.65 87.1 88.22 89.35 90.54 93.14 96.75 98.76 100.47 103.03 106.28 111.06 115.04 119.62 125.07 124.2 -9999 -9999 -9999 -9999 -9999 -9999 -9999 -9999 -9999 -9999 -9999 -9999 -9999 -9999 -9999 -9999 -9999 -9999 -9999 -9999 -9999 -9999 -9999 -9999 -9999 -9999 -9999 -9999 -9999 -9999 -9999 -9999 -9999 -9999 -9999 -9999 -9999 -9999 116.8621 116.06 114.86 114.04 113.33 112.71 112.47 112.33 112.11 112.44
