layers/final_practice/hyla_meridionalis/srtm30.asc
ncols         400
nrows         278
xllcorner     -21.041487136433
yllcorner     26.106002917928
cellsize      0.083333337679505
NODATA_value  -9999
[rows 102 to 135 of 278, columns 152 to 227 of 400]
439.48 410.4 488.78 416.95 511.78 551.49 508.87 516.28 535.56 596.59 612.83 582.86 569.78 602.25 663.33 659.62 653.17 729.4 709.54 699.48 692.99 786.4 793.19 759.73 789.78 830.06 853.97 866.08 930 989.97 1009.31 932.08 865.59 876.54 907.19 938.99 977.16 1038.41 1153.73 1156.66 1192.17 1210.85 1196.32 1103.22 1131.88 1149.89 1312.44 1295.19 1374.55 1405.22 1306.73 1116.59 1083.9 967.63 916.8 967.54 782.61 673.98 745.87 796.13 814.59 724.72 762.96 950.25 957.44 956.49 1030.7 895.79 822.85 851.57 917.01 1053.85 1236.91 1293.96 1327.53 1256.66
369.68 608.26 692.16 429.72 398.57 405.11 433.69 501.52 565.54 519.04 469.57 525.78 585.58 800.98 765.68 722.18 741.4 747.67 746.57 689.23 655.1 673.78 741.96 818.74 860.62 908.42 959.71 1010.93 978.42 929.21 925.46 919.06 915.71 937.13 992.73 1083.03 1175.08 1224.68 1351.18 1356.74 1314.9 1237.28 1137.55 1117.98 1188.63 1271.92 1354.78 1415.21 1378.89 1460.57 1119.74 898.72 990.1 947.66 768.59 726.89 662.55 630.98 721.23 720.99 743.89 674.28 844.71 894.68 876.1 980.04 1023.01 847.99 921.83 1010.87 1097.43 1113.18 1179.84 1264.78 1340.33 1352.48
401.52 669.25 311.04 305.23 304.35 382.65 385.39 413.37 418.19 521.58 844.35 928.39 825.55 830.32 799.19 770.29 740.13 800.52 753.28 687.5 688.52 687.17 722.22 911.47 1032.91 1195.93 1043.55 1000.52 881.85 862.16 945.86 977.31 939.47 1004.88 1106.86 1131.43 1154.08 1311.07 1520.15 1321.76 1231.61 1259.18 1340.07 1348.41 1275.66 1095.39 1163.29 1049.53 1061.35 1131.48 920.19 843.86 754.4 714.64 662.94 712.23 662.79 636.73 674.15 652.12 642.74 792.97 877.33 802.95 901.26 971.39 918.42 798.28 932.09 941.7 966.36 928.48 977.71 1079.35 1214.09 1321.54
309.22 286.12 254.42 240.81 286.47 315.47 395.55 468.97 800.46 1184.01 1032.04 880.47 733.29 836.83 783.24 741.6 769.87 823.43 734.5 728.99 803.09 795.26 798.82 892.59 936.94 925.15 913.39 647.45 668.28 810.51 840.76 1017.77 1038.9 1002.3 1026.11 1145.3 1401.77 1621.77 1643.04 1590.37 1629.58 1503.41 1228.27 1073.39 939.55 932.11 839.01 759.92 843.2 845.25 739.65 673.32 639.67 711.33 658.2 679.37 673.02 597.78 590.65 632.46 771.8 864.45 826.46 841.41 920.96 889.66 791.05 763.73 802.78 749.27 788.58 817.19 984.1 1063.53 1219.39 1347.48
224.01 152.04 188.06 230.67 296.8 403.83 475.67 828.12 1496.84 1220.9 744.97 556.57 549.67 720.78 798.22 786.21 852.62 859.61 851.41 841.42 837.16 855.86 1020.21 920.87 870.89 628.9 532.2 588.78 759.68 833.63 1071.42 1491.92 1389.96 1076.05 1169.9 1484.77 1592.23 1599.25 1609.36 1420.59 1393.99 1245.18 1143.29 1225.22 1294.5 1162.9 764.06 700.78 681.77 633.53 558.14 619.34 625.25 681.32 683.53 610.19 637.84 612.14 598.08 713.37 812.62 822.91 763.83 827.68 803.82 700.43 765.16 721.18 877.46 924.32 802.96 896.82 910.85 979.47 1056.7 1307.33
221.76 149.68 212.07 263.73 322.06 476.06 581.95 769.28 1258.19 1156.84 544.53 466.72 540.78 606.67 732.01 871.54 927.63 1017.96 937.46 888.21 959.77 824.31 753.34 631.3 583.4 519.76 439.68 570.42 669.37 814.03 1429.18 1716.46 1364.25 1273.81 1453.87 1642.01 1856.64 1749.91 1574.13 1217.63 1315.92 1288.49 878.4 645.37 737.05 818.51 795.74 719.41 583.64 505.48 572.2 627.83 607.52 653.27 668.1 611.58 589.21 565.81 627.4 748.66 763.62 739.37 788.55 773.16 675.24 752.94 851.79 755.62 798.21 882.75 901.4 958.78 985.15 1041.9 1101.5 1303.39
188.68 234.59 252.59 358.58 591.34 815.84 908.83 631.6 539.82 500.37 477.45 511.07 482.43 518.66 600.92 671.97 557.04 527.67 837.16 632.83 529.97 477.17 448.9 542.11 440.64 398.99 386.43 391.55 746.59 1236.78 973.18 1270.73 1731.21 1702.17 1624.35 1065.92 1307.48 1176.55 787.7 575.05 689.53 458.68 528.71 609.01 712.41 765.04 600.16 486.71 484.1 559.42 623.73 624.19 584.57 656.48 630.67 624.12 592.29 574.41 613.14 675.24 707.42 741.46 713.74 641.98 673.33 866.96 887.77 816.97 939.73 908.98 903.33 921.16 1002.55 1129.62 1007.63 1271.38
178.9 395.06 560.47 644.7 671.56 768.51 696.91 528.67 577.73 608.89 560.24 492.89 394.77 418.91 464.38 430.52 384.8 421.08 474.54 406.27 323.14 353.63 421.28 456.68 385.89 375.18 386.25 502.25 785.83 798.01 1047.6 788.54 736.22 691.59 558.21 355.63 353.57 362.72 411.6 477.05 501.39 546.84 716.73 805.21 553.22 475.31 448.43 489.64 547.41 599.37 606.26 570.77 607.4 606.15 585.65 640.06 554.76 567.54 654.75 743.82 722.4 655.33 594.81 644.89 738.46 878.12 913.83 889.53 948.54 977.14 974.75 1040.53 1030.04 1010.1 1021.83 1225.03
557.01 735.5 622.69 530.41 552.18 510.73 458.8 656.53 538.57 635.78 437.1 360.15 375.68 371.29 437.14 487.51 472.11 349.81 319.56 265.49 279.81 331.72 341.19 320.75 281.72 288.1 366.36 456.83 515.64 557.32 555.75 384.97 336.24 274.34 280.45 290.21 305.17 347.69 378.88 399.7 439.4 518.44 491.62 428.82 422.85 444.19 466.66 500.04 549.08 568.41 549.61 526.86 570.01 527.56 575.26 551.55 519.22 563.28 586.19 608.36 594.33 632.7 708.06 746.95 788.25 864.07 900.45 912.29 939.93 999.2 997.93 1075.76 1010.85 920 987.83 1110.28
496.45 465.82 396.34 455.88 583.83 607.48 625.73 539.75 339.8 376.74 380.84 329.61 334.12 317.32 349.29 364.46 335.27 310.43 370.21 299.65 292.43 292.99 286.19 265.05 273.73 361.58 429.6 409.04 320.37 270.88 264.41 255.37 265.55 270.08 275.49 291.91 314.33 334.24 353.62 391.9 429.19 395.91 405.07 410.6 423.68 483.18 541.6 549.77 533.76 503.69 496.18 530.25 520.91 487.42 502.01 543.41 629.14 693.5 731.73 737.72 733.47 767.13 789.89 791.53 804.47 853.39 897.98 851.52 870.71 935.17 959.03 987.12 954.31 984.44 1015.56 1061.44
329.18 312.49 413.42 541.61 627.28 742.73 514.99 343.25 283.7 330.07 355.9 316.22 211.21 231.4 256.1 325.29 315.19 301.14 295.4 325.03 302.83 315.31 340.53 346.03 414.01 489.69 424.5 358.12 278.76 250.4 260.82 266.88 283.19 346.94 308.14 313.47 355.07 411.75 373.8 393.84 375.37 423.47 511.81 486.02 459.14 431.2 453.53 483.23 490.56 472.43 515.68 536.29 516.5 514.47 540.41 564.45 631.83 690.08 714.96 719.69 737.19 756.11 759.59 757.5 793.84 833.97 848.36 852.88 870.44 875.69 928.66 924.14 888.13 998.62 1057.65 1095.98
264.91 280.54 306.36 388.97 531.93 560.85 372.23 294.48 304.81 334.62 263.1 187.62 215.53 221.55 294.17 279.07 287.21 306.54 299.14 283.44 284.46 332.24 366.18 416.25 373.76 335.53 339.27 311.3 345.58 344.45 344.53 292.96 358.2 402.96 339.86 373.45 390.9 406.84 358.02 421.54 434.43 470.49 552.12 554.42 539.36 559.49 551.53 480.5 548.84 631.8 645.18 678.85 695.05 659.82 629.73 625.26 614.25 628.45 672.69 689.58 717.01 725.77 718.17 745.34 765.59 839.9 867.09 878.49 829.37 849.99 905.36 894.16 851.84 903.82 962.62 1050.6
301.07 245.98 329.38 342.27 386.08 324.87 245.08 278 235.53 214.04 235.09 277.9 273.89 249.61 294.14 285.56 246.77 267.93 340.61 362.91 354.52 308.02 262.74 312.39 357.11 396.48 392.85 372.8 409.8 439.5 509.25 547.13 541.33 500.48 529.22 567.35 543.46 487.69 519.4 535.79 664.85 641.73 656.22 663.56 704.58 671.06 678.1 638.95 689.74 752.37 704.51 756.28 749.11 734.3 716.66 706.26 676.52 671.48 664.39 698.51 691.75 705.76 714.65 730.56 748.05 800.39 819.23 864.32 821.4 853.56 911.18 886.21 820 837.66 945.63 999.55
222.39 216.32 296.95 363.41 356.1 265.14 211.85 193.8 178.87 239.29 268.14 265.96 247.91 309.57 270.41 265.87 303.33 330.23 367.4 397.7 425.8 375.94 345.03 326.97 338.79 357.78 366.84 353.84 388.1 418.49 458.97 504.02 568.78 637.75 663.94 801.3 690.96 716.38 607.52 586.63 820.04 817.93 871.72 854.24 872.28 845.35 842.83 738.44 744.14 813.47 838.78 805.83 811.92 790.02 744.39 739.17 697.67 702.18 696.57 709.01 667.4 673.2 688.86 705.37 769.86 828.92 782.34 790.43 844.59 807.22 876.08 872.77 828.53 824.38 842.17 898.91
171.44 203.92 217.97 236.13 232.28 236.52 197.9 255.54 257.41 300.26 273.23 303.44 317.42 379.2 374.75 310.36 260.83 300.97 338.32 346.12 376.8 393.13 398.1 336.12 364.99 351.97 336.47 366.22 397.04 447.22 483.59 540.25 554.04 586.78 846.12 868.57 921.55 728.78 738.43 634.42 672.84 803.04 846.63 861.92 1044.26 845.4 1014.3 960.42 940.26 915.96 922.55 911.47 857.16 756.87 731.06 721.56 707.59 698.28 697.03 670.61 657.78 662.85 676.1 685.22 711.77 755.32 728.75 754.05 808.63 808.08 803.2 797.11 805.38 863.99 852.86 809.45
85.71 83.49 100.35 108.88 193.86 226.24 272.65 285.45 307.9 342.27 403.28 381.89 374.02 383.42 434.11 399.85 327.22 305.51 302.88 301.62 325.29 355.51 390.41 437.14 417.37 410.35 373.89 386.25 414.44 482.71 529.02 724.42 651.58 647.89 829.2 953.37 686.99 599.3 574.38 602.76 524.92 564.16 578.47 652.73 752.42 728.24 809.8 783.77 752.53 736.56 939.14 1052.71 974.68 861.01 786.56 785.6 726.52 697.12 688.93 658.09 650.98 672.58 712.1 683.56 675.25 695.3 699.78 708.69 727.37 733.61 763.28 759.27 813.05 853.57 788.09 785.01
157.1 154.46 147.1 204.34 231.8 233.7 242.04 275.05 317.5 364.07 501.61 600.47 548.06 502.46 454.15 429.13 425.27 414.07 353.04 408.98 391.07 351.56 358.84 392.76 415.37 431.76 420.36 439.49 475.53 485.21 502.42 655.14 713.79 672.98 626.33 611.09 570.07 464.77 512.68 467.75 473.91 475.5 527.27 589.32 667.55 783.8 841.07 873.15 742.36 806.41 866.77 870.73 939.43 870.15 806.05 836.75 878.3 757.91 678.63 654.08 635.34 646.41 668.96 654.98 655.17 670.95 674.82 684.8 698.04 700.21 710.92 722.43 751.97 756.81 738.56 760.91
168.17 183.6 184.31 174.67 182.06 205.22 192.27 232.19 259.67 310.49 417.03 629.28 624.33 452.56 348.12 369.91 367.56 322.33 309.73 369.82 350.67 382.45 418.07 375.52 420.66 469.24 462.98 461.97 489.85 438.68 379.59 431.72 384.69 415.1 416.17 513.68 500.44 412.95 423.36 423.12 582.96 537.73 545.78 620.81 626.17 673.54 683.62 623.91 617.72 702.79 843.21 833.19 790.37 806.07 878.62 855.93 933.01 748.93 665.71 645.61 631.44 635.44 639.9 644.2 652.46 664.55 676.58 688.06 705.37 707.17 710.61 720.24 728.47 734.18 737.74 722.73
141.93 169.06 157.71 137.47 187.53 195.04 174.01 212.25 284.35 303.3 320.92 378.03 426.91 401.97 325.55 306.22 354.24 283.73 297.01 326.47 350.41 392.16 410.78 414.43 434.07 447.14 549.5 479.91 350.18 350.91 325.62 343.82 329.81 358 338.6 379.4 444.45 440.28 416.09 438.13 532.09 642.65 601.56 593.16 580.58 645.56 762.35 687.23 591.47 615.95 764.42 771.89 725.31 673.74 676.17 751.14 690.62 626.16 631.23 641.35 647.22 651.67 655.77 656.8 661.36 676.03 698.15 718.52 741.62 746.95 753.94 729.1 718.95 712.43 714.89 702.75
140.51 149.94 117.84 153.74 175.01 158.17 171.31 199.33 236.44 299.75 308.39 316.59 299.81 317.13 286.58 248.35 277.04 245.12 280.44 293.27 320.34 335.23 322.54 335.54 392.72 383.43 368.89 288.08 289.32 280.92 271.07 296.56 297.4 303.38 317.24 344.59 398.03 406.98 479.91 524.35 534.27 599.11 686.73 600.1 593.49 702.64 765.91 724.95 693.13 644.71 715.24 738.4 664.91 622.75 617.59 614.75 620.98 629.13 640.18 644.83 648.77 658.46 667.87 675 700.19 737.29 763.23 790.63 799.59 808.98 833.88 794.94 750.85 718.71 701.92 699
97.94 116.59 119.97 144.53 159.99 175.45 175.54 197.55 218.48 230.6 263.77 290.15 275.1 251.53 276.1 258.77 201.67 211.86 210.82 222.73 247.97 254.89 262.54 268.15 312.02 352.12 320.91 257.42 255.64 256.28 263.36 273.72 296.78 378.35 409.19 343.35 387.22 426.77 419.54 476.06 517.74 578.73 641.19 672.07 625.69 602.6 603.33 738.58 712.05 607.58 691.26 631.67 619.07 618.19 613.94 619.61 627.57 637.95 643.65 651.19 673.77 695.09 711.77 741.73 788.12 865.95 890.49 900.49 907.21 896.08 932.75 905.97 826.26 739.61 700.91 689.45
91.13 99.65 110.68 112.92 135.16 202.59 221.82 255.01 261.82 267.5 283.1 309.51 349.79 329.63 235.56 208.72 187.15 189.43 186.07 195.3 214.01 220.85 231.32 239.72 276.59 293.05 236.49 239.16 249.41 266.78 289.15 297.98 313.79 328.34 352.01 397.2 410.69 383.27 463.61 624.84 560.18 601.87 599.29 585.69 581.81 671.35 608.57 621.21 658.58 621.57 664.27 625.23 636.66 632.02 624.64 631.85 639.85 648.64 657.46 667.78 700.77 764.49 802.51 852.16 880.85 861.75 905.93 941.51 983.22 1011.36 1037.2 986.74 878.58 773.88 719.5 699.04
93.7 117.37 138.43 155.52 169.14 203.65 221.04 253.7 344.84 366.91 339.31 317.94 388.68 343.94 218.11 173.48 184.92 198.71 195.43 187.7 197.25 208.25 229.51 260.79 254.31 241.01 259.62 280.78 286.14 337.67 345.73 361.54 381.23 335.21 374.7 400.26 431.22 416.39 404.84 506.19 467.59 522.65 577.88 618.42 691.73 710.58 631.72 613.88 698.03 673.83 623.34 630.69 627.61 633.22 668.17 673.15 686.2 758.62 726.93 680.8 717.3 768.6 808.75 832.39 897.42 918.63 910.08 951.29 974.72 998.63 1029.08 1012.91 923.86 840.18 769.54 735.44
141.01 167 207.94 224.59 225.41 252.73 259.84 283.16 301.27 380.08 409.01 295.59 254.88 219.46 178.76 198.03 223.06 235.83 229.64 235.61 242.1 256.76 294.52 310.44 275.36 320.21 350.84 380.55 395.85 384.42 477.85 399.18 409.68 368.65 418.62 452.84 498.11 504.17 499.39 400.76 500.46 521.48 523.47 510.57 629.48 645.46 698.83 667.61 655.52 683.84 698.65 704.91 771.99 724.07 669.66 672.86 675.08 705.3 712.54 709.26 772.75 785.69 791.15 825.62 896.51 941.27 955.96 976.26 996.17 1005.96 1005.71 978.56 965.76 931.09 906.24 887.85
169.61 222.67 273.43 292.7 283.95 285.75 293.29 279.05 347.42 343.03 293.05 301.65 189.61 181.5 227.21 233.81 260.07 269 264.64 266.67 279.68 278.41 311.23 341.49 319.38 294.53 356.56 432.09 464.85 431.48 434.3 444.77 428.42 476.08 496.66 565.71 547.25 524.67 452.52 425.79 447.8 430.5 445.1 507 549.86 584.94 673.67 748.19 727.21 701.23 694 751.98 831.12 789.94 659.21 687.57 730.71 710.26 723.21 736.03 769.85 798.12 812.11 837.47 881.48 930.77 990.14 986.06 946.27 957.95 1044.18 1123.22 1170.44 1169.76 1162.63 1055.64
228.04 251.11 294.03 317.56 311.16 259.04 252.57 237.97 243.88 271.4 244.99 198.34 196.43 191.43 255.19 308.68 348.72 345.77 319.36 324.39 332.7 327.66 352.33 380.42 376.01 344.8 404.48 444.61 498.73 512.25 451.29 523.06 519.62 582.22 541.13 487.23 452.17 441.78 438.5 450.6 554.83 468.4 524.38 607.61 605.52 644.36 678.05 732.01 756.01 740.13 759.49 755.65 705.1 675.79 774.15 680.27 756.57 749 751.79 747.62 803.85 865.83 852.76 857.6 876.1 956.99 913.79 919.77 811.6 975.41 1191.63 1305.01 1178.63 1193.49 1118.82 1006.55
199.85 227.94 285.65 272.19 244.17 246.44 229.18 213.91 229.03 260.84 261.55 209.38 170.33 214.64 259.31 338.29 378.44 434.44 509.52 464.44 513.14 395.6 396.09 451.27 441.41 411.03 376.78 522.75 519.96 509.28 477.36 582.13 637.39 573.06 545.21 469.71 489.14 508.42 522.31 498.43 510.08 492.85 489.53 511.3 605.27 774.87 858.28 788.14 750.87 735.1 636.57 666.5 719.19 696.17 679.41 743.74 761.6 784.68 814.24 828.06 837.25 851.77 840.75 808.35 906.09 855.03 766.12 784.01 931.36 1248.2 1327.83 1327.97 1176.94 1010.31 943.33 844.49
141.18 174.85 178.42 196.08 213.38 229.91 209.23 192.96 222.57 229.5 221.52 183.82 164.18 212.17 252.76 304.42 378.13 458.11 581.85 603.35 603.74 523.52 437.62 524.12 510.38 480.95 422.42 444.78 495.77 548.62 536.76 580.02 574.23 538.34 558.73 572.19 531.96 556.47 567.8 528.65 567 588.79 590.48 585.34 571.74 595.12 694.07 886.71 878.33 873.01 835.48 669.5 590.67 753.04 869.46 958.6 983.58 820.27 811.82 793.22 776.38 761.34 798.78 831.88 809.45 722.32 731.37 856.49 967.32 1034 1206.32 1234.82 1010.35 902.54 810.68 694.83
92.18 178.7 183.92 186.4 219.6 275.54 243.55 226.38 201.58 199.35 173.38 149.58 183.27 211.95 246.04 321.29 356.1 465.68 531.45 385.52 439.96 463.01 519.08 529.06 547.25 561.37 515.63 498.53 554.19 520 551.56 554.99 549.25 572.91 592.17 579.41 591.83 633.07 619.61 601.42 611.95 641.07 654.12 640.27 666.38 674.65 639.56 667.38 638.99 740.5 765.31 767.12 559.67 713.08 727.64 770.6 865.08 796.43 783.03 700.39 647.44 660.44 715.96 723.98 695.51 611.56 680.2 795.58 867.97 1112.07 1243.48 1063.72 772.35 680.25 717.21 716.24
53.95 107.07 147.94 194.52 221.6 216.51 258.41 308.82 245.2 186.25 167.61 147.69 177.5 198.3 242.17 273.41 337.04 394.75 360.35 350.92 393.68 407.02 466.01 516.25 566.15 593.73 603.85 587.31 581 573.22 570.95 578.31 545.62 588.55 599.16 544.06 552.21 560.16 650.98 731.53 627.91 605.54 671.45 662.29 685.67 694.35 737.24 734.98 726.96 587.46 694.23 646.41 544.41 572.49 595.79 568.56 587.64 594.46 526.66 499.32 544.47 657.6 692.14 637.44 528.67 767.27 973.54 833.54 1191.32 1350.17 1114.16 1079.55 941.86 982.19 1051.17 1042.92
61.03 74.99 96.93 129.38 166.93 219.42 222.51 241.05 219.84 183.62 151.1 170.7 176.41 212.12 233.07 244.05 262.55 354.33 438.02 570.32 565.66 496.43 471.38 530.28 580.94 527.58 558.35 615.24 634.02 597.57 549.62 510.9 455.2 499.95 600.05 639.66 658.81 598.58 563.86 587.28 665.29 592.4 549.22 596.67 665.2 627.02 643.39 616.26 714.16 535.43 587.89 571.15 486.08 600.78 441.59 410 431.31 464.3 396.86 502.07 626.69 657.38 623.21 588.63 742.38 858.56 971.49 977.02 1334.75 1312.37 1147.61 1393.14 1109.46 1217.71 1223.46 1196.92
73.35 73.08 99.03 129.31 169.29 163.67 152.78 135.5 115.22 142.87 173.43 171.26 169.49 183 224.26 271.32 311.14 361.07 453.5 542.16 559.55 637.55 628.78 603.48 662.09 632.33 510.43 464.47 542.69 648.48 605.07 565.76 487.18 447.63 444.51 504.84 533.79 616.9 665 616.05 506.03 543.43 498.93 453.63 527.39 503.55 353.53 390.73 435.04 408.8 432.96 426.73 459.13 375.12 356.7 348.96 431.39 330.29 382.94 482.5 475.79 495.61 595.41 687.61 797.64 1264.47 893.43 1289.27 1491.16 1443.39 1434.21 1405.71 1376.52 1325.47 1377.24 1104.58
73.14 85.73 126.02 188.24 190.71 205.47 166.46 170.48 121.46 168.24 199.68 249.43 226.47 239.96 327.45 405.27 467.37 448.95 388.88 525.58 641.6 639.33 640.86 766.87 736.01 629.08 573.44 463.23 419.89 480 584.46 663.82 600.89 501.97 407.1 332.34 421.35 444.13 574.72 605.89 570.74 530.96 513.57 332.18 347.4 309.28 229.83 240.95 246.51 228.4 232.53 238.25 252.07 270.19 302.71 340.03 336.33 441.46 614.5 702.16 691.13 598.16 495.3 597.26 1056.65 1122.93 1212.27 1674.45 1561.86 1653.42 1587.8 1541.06 1438.92 1342.98 1155.16 1016.06
75.37 92.81 139.01 148.27 171.68 203.79 188.83 134.15 142.25 183.98 204.41 232.58 247.58 224.14 272.78 302.56 369.26 510.98 532.81 547.78 562.08 468.97 429.75 530.14 573.25 484.19 550.4 606.61 411.03 529.39 593.41 535.96 658.34 628.86 509.44 452.64 349.48 344.15 466.24 432 395.58 443.22 416.29 252.02 165.05 180.66 159.49 248.02 238.17 271.5 334.39 299.74 293.11 332.26 290.65 307.53 328.3 401.03 457.92 431.46 438.91 434.29 487.59 607.9 923.41 1215.98 1580.48 1739.84 1480.02 1504.56 1334.08 1198.2 1129.77 1163.93 1038.16 960.35
