layers/final_practice/hyla_meridionalis/srtm30.asc
ncols         400
nrows         278
xllcorner     -21.041487136433
yllcorner     26.106002917928
cellsize      0.083333337679505
NODATA_value  -9999
[rows 34 to 67 of 278, columns 228 to 303 of 400]
-9999 -9999 -9999 -9999 -9999 -9999 -9999 1.78 1.49 0.47 0.45 0.77 1.4 5.63 3.5 6.25 21.17 50.37 45.8 62.33 81.2 109.77 115.51 119.66 137.77 145.11 122.91 123.86 125.97 124.54 132.1 130.24 108.97 129.82 134.61 157.8 177.93 183.97 203.8 226.53 269.29 311.42 319.23 296.23 289.26 309.98 334.15 341.27 347.57 393.65 423.77 425.65 420.89 351.21 241.63 271.41 346.77 289.2 311.58 400.76 434.34 411.77 348.08 256.65 243.95 272.39 279.19 289.99 340.22 306.6 288.53 261.02 251 292.53 316.18 350.94
-9999 -9999 -9999 -9999 -9999 -9999 -9999 -9999 -9999 -9999 -9999 1.67 2.29 3.27 3.09 7.6 9.47 10.5 23.38 46.68 83.28 131.48 165.96 136.67 127.25 131.21 135.63 139.78 131.51 135.76 137.4 141.27 141.43 178.23 192.31 180.91 221.78 234.39 242.52 274.09 285.74 343.88 343.7 341.52 370.46 342.9 374.87 420.88 419.59 395.05 483.32 430.78 457.36 429.65 342.55 334.75 386.68 388.64 432.15 429.03 412.86 375.75 314.14 250.12 241.71 271.45 300.44 301.18 401.78 389.62 302.5 287.93 272.91 375.88 414.66 402.98
-9999 -9999 -9999 -9999 -9999 -9999 0.41 2.96 -9999 -9999 14.82 15.24 10.62 15.79 24.17 17.95 23.07 39.05 49.04 58.82 59.63 94.76 129.67 158.13 137.11 133.6 133.27 135.09 145.68 151.4 149.48 153.8 172.41 193.13 213.05 211.14 224.36 231.09 275.44 311.35 338.41 360.28 393.02 385.57 436.9 464.73 378.97 409.06 481.09 419.26 401.43 391.32 405.68 412.72 400.53 468.39 504.87 544.91 511.14 534.01 454.04 325.36 296.39 284.39 280.29 296.08 317.75 335.48 387.61 451.46 330.78 311.4 291.19 379.37 352.96 388.2
-9999 -9999 -9999 -9999 -9999 -9999 -9999 -9999 -9999 -9999 -9999 19.24 24.8 20.45 29.64 47.36 42.68 46.6 63.26 68.42 51.75 71.09 96.39 132.65 151.83 141.11 126.86 133.4 154.36 159.32 164.99 178.79 193.79 205.81 228.29 238.16 233.43 250.31 276.84 318.19 341.2 354.68 383.49 424.07 431.09 488.26 551.92 447.88 425.63 493.84 458.26 432.39 476.44 501.62 478.59 513.54 571.09 638.01 571.07 534.11 431.77 386.93 340.62 322.62 306.13 327.28 422.75 448.98 531.26 699.66 479.9 319.14 304.44 288.4 380.28 542.85
-9999 -9999 -9999 -9999 -9999 -9999 -9999 1.29 -9999 -9999 -9999 2.62 9.18 7.75 14.04 28.31 32.53 58.76 42.74 57.76 96.91 130.05 120.89 102.46 126.33 128.71 116.01 141.6 171.2 167.59 182.22 201.14 186.71 214.68 247.56 324.2 329.44 283.24 349.93 395.57 497.89 499.09 512.37 459.11 442.21 522.49 544.34 554.35 510.27 466.88 543.65 506.13 568.68 593.42 548.23 622.39 690.63 661 585.78 600.5 532.76 476.28 373.12 349.05 355.23 293.81 490.98 559.12 656.08 884.35 668.57 363.56 301.14 316.2 415.2 478.01
-9999 -9999 -9999 -9999 -9999 -9999 -9999 -9999 3.82 -9999 -9999 4.39 4.43 8.19 11.43 16.67 25.04 38.62 38.81 60.81 79.26 101.18 110.64 90.19 99.31 99.16 101.3 114.72 148.74 169.14 186.75 191.34 201.47 227.04 286.35 280.11 288.15 304.94 367.86 417.59 424.04 387.64 378.02 439.54 475.82 532.92 566.62 545.14 593.52 554.6 561.86 586.2 623.24 658.04 671.99 682.59 643.15 624.99 690.6 707.99 590.26 360.23 332.94 312.54 314.09 296.13 480.64 761.25 933.48 813.2 863.77 548.25 397.98 410.83 426.59 504.56
-9999 -9999 -9999 -9999 -9999 -9999 -9999 -9999 -9999 2.94 1.46 2.06 7.66 15.87 14.7 17.78 36.99 54.64 39.63 37.13 53.22 84.8 105.62 82.05 77.63 80.2 87.29 93.91 129.79 152.24 187.79 204.6 200.07 217.13 230.91 249.86 272.69 313.37 359.98 313.32 315.53 344.99 400.63 462.86 500.63 545.16 683.58 649.83 635.11 650.17 623.15 639.23 708.05 745.15 697.4 661.59 645.61 698.95 775.26 864.6 572.71 346.62 315.02 309.92 343.24 321.2 489.66 679.57 790.65 751.01 678.03 545.79 426.39 399.53 480.71 635.23
-9999 -9999 -9999 -9999 -9999 -9999 -9999 -9999 -9999 7.53 3.36 2.42 12.21 25.93 30.99 47.98 30.71 68.63 61.26 21.89 22.28 49.09 109.05 117.35 76.49 79.03 112.47 101.84 106.7 147.67 233.5 257.16 257.5 249.97 273.61 289.71 341.34 264.29 279.28 306.22 363.7 383.94 362.88 383.4 467.27 558.49 675.81 731.76 795.13 770.05 760.07 743.11 764.47 756.61 737.9 728.1 833.45 825.79 786.82 982.83 638.43 356.91 342.3 350.5 343.98 383.19 373.95 657.31 956.61 850.18 693.05 568.77 380.7 355.54 355.58 509.05
-9999 -9999 -9999 -9999 -9999 -9999 -9999 -9999 -9999 7.64 10.03 9.3 4.66 23.45 34.09 43.46 24.1 23.95 45.19 36.02 22.64 26.24 53.13 84.37 86.21 55.79 87.53 125.41 103.55 169.81 234.84 224.87 260 328.64 340.27 335.46 357.34 324.18 353.53 317.5 319.52 376.56 421.27 444.55 536.11 569.52 607.35 740.93 815.96 831.46 780.59 816.25 809.7 758.14 741.83 849.06 935.02 875.95 878.19 985.35 772.36 481.98 391.24 466.78 495.73 508.01 479.97 547.37 846.16 1218.81 941.88 684.51 426.49 357.76 338.18 410.35
-9999 -9999 -9999 -9999 -9999 -9999 -9999 -9999 -9999 -9999 -9999 -9999 14.26 19.35 25.56 37.66 44.74 24.03 37.77 26 38.41 55.41 58.7 47.01 55.65 69.32 114.9 120.29 132.23 139.22 180.29 233.62 258.43 323.26 370.33 375.16 430.78 389.36 374.29 376.66 386.62 403.61 439.26 534.33 516.41 626.36 708.95 759.6 846.6 864.55 741.24 724.63 779.42 729.12 744.42 861.44 950.46 1164.7 1204.36 969.33 769.65 517.61 430.48 593.17 546.86 622.77 759.3 775.68 663.01 1160.06 1269.35 945.16 489.36 369.5 350.13 406.3
-9999 -9999 -9999 -9999 -9999 -9999 -9999 -9999 -9999 -9999 -9999 -9999 -9999 14.31 39.51 31.32 38.77 32.51 51.63 50.74 53.89 61.68 83.22 83.38 101.55 114.59 138.79 164.51 173.75 153.65 170.83 199.83 243.96 288.38 299.32 323.64 341.54 345.8 389.26 399.51 394.27 418.28 442.93 452.67 430.45 545.89 726.29 805.18 862.51 752.69 706.39 660.98 708.18 735.2 723.88 866.05 1054.52 1353.26 1254.77 950.18 744.53 635.82 494.64 415.28 537.63 765.99 972.66 1011 689.88 837.24 1185.05 1076.78 675.11 440.69 371.5 405.86
-9999 -9999 -9999 -9999 -9999 -9999 -9999 -9999 -9999 -9999 8.11 2.36 0.23 -9999 -9999 31.12 42.74 37.49 47.67 53.68 69.98 84.99 79.25 88.06 121.39 146.73 143.46 115.41 132.48 150.14 176.35 195.63 179.96 217.21 238.77 258.36 284.95 335.51 345.19 329.54 339.88 395.75 391.01 378.63 411.15 544.2 685.66 697.5 724 615.11 657.85 648.76 620.45 653.8 676.67 838.14 999.46 1137.11 1197.19 1090.3 1062.71 774.18 486.81 435.01 589.26 813.19 1045.06 964.34 658.42 781.14 995.64 1071.47 897.2 599.08 540.34 537.03
-9999 -9999 -9999 -9999 -9999 -9999 -9999 -9999 -9999 -9999 9.48 5.36 2.4 3.9 -9999 12.18 46.76 67.47 73.37 61.3 71.43 106.94 120.02 126.82 121.61 105.81 125.46 106.73 125.03 163.79 159.73 157.33 149.97 176.6 207.25 189.38 260.32 284.09 306.09 354.22 380.57 353.53 360.48 417.02 460.75 414.42 531.52 604.21 599.05 569.23 596.16 614.2 564.8 547.26 557 766.76 884.48 976.61 1157.07 1266.87 1087.64 794.44 606.7 470.06 490.37 738.26 925.69 957.36 804.4 887.71 923.65 918.75 890.59 716.14 616.24 631.96
-9999 -9999 -9999 -9999 -9999 -9999 -9999 -9999 -9999 -9999 16.81 11.58 13.36 17.39 4.5 -9999 18.28 43.11 52.29 83.76 97.28 98.89 102.75 106.31 83.15 97.64 78.23 84.37 115.65 137.86 124.94 169.9 169.22 176.36 168.21 167.99 192.65 201.45 234.48 244.68 198 266.82 358.82 371.66 402.04 352.06 509.84 564.57 579.35 547.75 510.7 539.01 552.5 674.79 825.2 878.9 944.85 997.89 1144.77 1276.61 1075.7 767.61 635.6 621.52 481.29 534.91 752.26 1003.48 1031.49 969.67 892.35 836.37 726.11 542.05 716.14 831.53
-9999 -9999 -9999 -9999 -9999 -9999 -9999 -9999 -9999 -9999 21.21 19.32 23.47 28.59 19.64 -9999 8.11 29.74 57.81 62.38 91.21 73.88 80.88 76.71 60.97 70.43 84.74 108.53 137.3 155.46 160.34 149.15 148.19 156.11 148.77 177.7 192.41 250.22 255.16 232.44 183.77 135.07 222.22 286.23 379.02 429.52 457.52 488.3 493.35 525.72 515.82 632.93 701.64 797.99 995.87 1182.72 1122.01 1165.01 1138.8 1085.18 997.07 835.03 810.77 856.1 641.37 633.4 619.53 938.29 986.05 965.96 801.62 773.18 692.54 698.79 768.17 848.6
-9999 -9999 -9999 -9999 -9999 -9999 -9999 -9999 -9999 -9999 18.98 19.56 25.29 25.09 17.61 -9999 27.7 46.69 39.65 56.88 69.9 67.28 55.51 39.92 66.82 86.6 94.37 101.77 115.86 112.24 118.86 157.1 188.62 197.72 196.47 224.89 235.39 194.1 164.87 180.98 176.87 167.67 206.68 284.45 379 493.59 363.92 368.32 499.7 570.79 583.21 636.37 719.22 821.92 1028.69 1247.12 1324.91 1228.32 1079.74 972.26 972.08 1013.98 1000.41 1010.15 773 617.31 645.87 944.71 972.95 831.29 756.39 697.43 894.26 934.55 916.02 911.68
-9999 -9999 -9999 -9999 -9999 -9999 -9999 -9999 -9999 -9999 22.36 22.5 30.87 35.88 29.42 14.39 -9999 19.98 26.42 45.64 44.83 38.24 21.09 33.82 55.33 56.14 65.66 67.93 85.21 129.23 160.68 172.61 189.37 207.22 220.48 236.76 192.96 146.18 206.11 221.97 273.58 291.51 295.31 224.43 219.89 302.79 346.26 437.36 499.64 517.7 594.27 573.32 687.87 808.65 952.21 1090.82 1224.32 1355.98 1200.4 1015.62 934.97 869.42 997.36 1134.47 1088.8 847.95 776.26 914.13 1022.28 866.86 738.3 717.92 865.01 1168.4 1132.66 1034.64
-9999 -9999 -9999 -9999 -9999 -9999 -9999 -9999 -9999 10.35 18.62 24.66 36.71 43.56 45.02 33.66 13.54 -9999 9.84 15.95 30.25 18.81 51.34 65.18 57.93 63.8 76.52 100.53 109.73 129.9 145.54 152.54 163.64 197.36 193.8 154.34 150.34 191.12 231.68 234.62 251.27 252.36 261.41 216.05 162.49 215.5 256.41 445.17 551.48 603.97 571.19 567.4 631.85 741.91 827.7 887.67 1075.36 1056.99 1071.18 996.3 940.03 863.41 859.24 1034.49 1241.54 1135.21 1010.4 919.26 1021.14 1076.97 889.57 847.63 982.71 1223.65 1243.82 975.05
-9999 -9999 -9999 -9999 -9999 -9999 -9999 -9999 -9999 13.53 20.34 30.66 41.34 44.95 40.29 34.99 19.62 674.02 50.4 39.47 22.06 13.23 32.18 44.96 40.97 53.44 70.51 44.37 52.36 65.04 81.21 97.21 127.02 117.41 107.72 135.28 144.71 188.33 190.62 153.41 164.09 175.97 191.18 201.84 301.35 260.69 236.25 401.78 591.65 667.81 608.97 642.25 633.14 675.17 741.68 713.76 840.79 844.76 863.21 861.05 878.03 957.7 1023.87 959.43 1125.18 1283.19 1143.88 1054.82 939.54 1154.6 1049.42 997.63 1116.02 1294.87 1282.16 929.75
-9999 -9999 -9999 -9999 -9999 -9999 -9999 -9999 -9999 12.98 13.47 29.31 42.82 53.56 52.58 50.66 33.41 10.77 57.73 79.47 69.06 58.52 50.56 52.27 70.56 70.51 80.54 86.07 81.29 97.92 92.35 118.2 120.23 135.63 181.72 161.25 167.59 183.89 150.22 159.8 168.73 250.77 227.69 267.06 329.26 355.75 451.2 448.88 586.31 600.91 530.75 568.2 703.31 721.89 629.74 685.16 714.13 891.33 1021.78 1073.11 1078.42 1113.19 1119.45 1017.24 1003.58 1252.22 1304.87 1187.12 1031.02 963.47 1132.52 1175.45 1139.85 1182.18 1232.92 1153.96
-9999 -9999 -9999 -9999 -9999 -9999 -9999 -9999 -9999 -9999 -9999 9.9 30.13 52.72 62.5 60.29 54.7 32.01 25.12 48.86 75.63 68.91 74.62 78.41 89.02 79.04 88.39 111.42 112.56 115.7 113.63 114.02 124.44 163.36 187.58 223.91 239.49 253.27 228.05 201.94 231.02 304.95 331.11 337.03 349.01 329.5 361.07 442.82 475.34 427.03 347.84 477.78 562.97 615.22 571.48 558.45 766.07 900.57 1122.4 1227.68 1133.44 1200.45 1147.7 1039.99 1025.59 1172.42 1389.65 1298.4 1181.66 1073.55 1017.61 1236.46 1255.16 1073.05 772.01 676.58
-9999 -9999 -9999 -9999 -9999 -9999 -9999 -9999 -9999 14.4 10.65 8.96 17.04 42.03 65.64 72.55 65.24 53.94 49.5 24.58 47.26 76.42 63.94 58.72 65.31 78.71 70.71 72.23 73.76 91.32 100.43 102.94 108.04 130.97 185.2 229.42 219.21 258.5 241.68 259.03 289.31 322.22 363.91 377.16 363.73 314.06 307.27 280.14 312.73 294.06 306.18 381.85 428.13 491.39 491.59 576.27 713.06 830.98 971.79 1223.49 1267.65 1251.16 1165.34 1020.34 1056.15 1149.6 1337.67 1315.8 1242.11 1274.4 1143.7 1101.79 1213.59 1013.28 776.46 475.57
-9999 -9999 -9999 -9999 -9999 -9999 -9999 -9999 -9999 36.03 23.64 30.65 29.76 30.69 57.09 70.19 68.59 74.49 66.18 38.76 45.75 45.79 40.47 45.25 33.44 49.02 77.28 80.7 89.61 99.8 111.43 135.77 126.22 117.7 154.1 153.47 184.19 199.76 193.46 236.39 237.99 284.67 293.7 293.06 276.18 284.23 322 287.46 290.05 333.84 371.68 356.18 384.04 452.99 493.68 512.2 459.15 562.14 663.14 895.05 1131.89 1197.64 989.75 779.87 907.69 982.33 1013.95 1095.38 1203.77 1264.02 1091.02 876.46 916.83 640.81 461.84 314.13
-9999 -9999 -9999 -9999 -9999 -9999 -9999 -9999 -9999 31.2 27.32 39.65 46.25 44.87 42.67 62.7 74.99 72.34 53.96 47.16 95.15 98.88 97.51 99.11 85.47 43.85 30.87 57.67 83.43 89.1 103.49 88.95 104.84 117.38 112.99 116.97 178.97 176 181.65 214.28 200.04 200.35 215.68 268.96 261.25 263.05 275.18 337.63 363.63 433.54 476.41 491.83 471.46 433.36 541.41 553.08 578.43 600.99 627 589.06 697.16 730.08 704.35 822.3 851.72 928.61 966.77 1285.38 1340.22 1221.33 980.34 689.1 590.47 402.72 257.95 188.79
-9999 -9999 -9999 -9999 -9999 -9999 -9999 -9999 -9999 32.4 31.43 46.26 55.35 59.23 52.69 57.4 67.23 76.84 79.29 80.64 83.44 100.78 122.1 133.08 119.24 86.77 73.96 33.35 77.96 76.92 75.38 122.8 125.51 113.43 146.31 176.03 220.02 240.1 233.59 255.29 270.96 251.51 248.39 271.35 292.34 346.62 362.74 373.37 366.52 481.85 513.76 559.82 588.15 567.64 576.23 589.9 675.43 720.96 681.01 701.18 778.15 858.81 861.09 875.05 844.67 919.27 822.89 922.89 1104.38 1290.38 1275.88 601.92 632.71 307.14 175.2 237.27
-9999 -9999 -9999 -9999 -9999 -9999 -9999 -9999 -9999 30.98 38.68 51.36 62.31 68.31 62.91 69.48 82.35 85.13 96.94 111.41 106.56 104.37 117.01 137.59 106.29 115.93 112.43 47.38 80.32 122.35 136.83 165.13 173.88 167.77 164.97 190.4 215.43 186.98 182.26 210.44 228.02 232.63 243.93 265.73 313.41 341.3 374.57 357.73 409.4 522.08 631.38 632.11 650.07 712.14 666.32 656.15 768.16 829.16 881.21 898.71 826.6 834.17 834.47 861.21 929.9 984.56 1016.57 824.51 979.33 962.49 658.49 490.65 402.86 277.83 214.77 165.12
-9999 -9999 -9999 -9999 -9999 -9999 -9999 -9999 13.62 25.2 34.62 54.15 71.66 77.48 73.07 84.21 103.48 108.5 111.56 118.07 128.91 134.44 137.79 131.25 136.33 123.28 137.36 99.93 79.18 82.19 67.02 87.3 114.77 119.17 147.69 151.83 136.68 143.24 160.24 154.79 148.97 173.63 161.22 192.23 290.73 291.98 290.89 349.78 363.74 429.37 457.96 451.04 536.56 556.74 611.39 735.55 821.43 862.1 935.7 844.83 713.13 617.05 727.93 867.21 942.44 989.79 1006.3 863.53 701.47 568.64 582.32 452.2 328.07 286.29 166.88 233.31
-9999 -9999 -9999 -9999 -9999 -9999 -9999 -9999 25.83 41.84 55.31 68.71 80.74 83.45 82.37 88.98 99.52 101.85 112.04 116.25 110.99 120.78 146.03 149.71 155.39 133.53 130.5 91.76 111.27 110.24 142.74 105.16 78.66 84.72 92.25 104.02 130.87 106.07 99.33 127.92 154.28 119.39 122.51 175.11 265.81 285.74 245.79 256.59 348.5 367.65 369.87 441.82 452.55 513.49 607.62 748.18 827.33 841.83 872.7 633.88 570.7 639.04 726.62 812.34 917.24 1047.73 1236.07 885 623.44 474.43 364.24 351.72 246.83 157.57 190.26 310
-9999 -9999 -9999 -9999 -9999 -9999 -9999 -9999 22.76 29.63 54.73 70.9 81.87 77.29 84.43 96.91 92.25 86.7 95.36 89.45 95.4 121.53 141.27 150.68 142.47 131.71 112.41 108.29 108.61 123.25 146.61 101.69 128.66 142.73 120.59 102.09 83.22 80.84 92.22 85.73 98.21 122.46 141.64 170.63 271.96 335.21 266.68 249.47 281.9 284.97 315.42 434.02 460.55 491.21 526.89 574.4 576.59 497.23 546.61 490.77 647.37 776.24 817.15 690.17 752.45 1096.43 1100.84 663.71 511.89 642.66 379.16 243.45 152.41 122.12 132.82 180.57
-9999 -9999 -9999 -9999 -9999 -9999 -9999 9.06 40.44 53.95 73.06 88.87 85.52 80.78 66.32 66.93 63.42 66.64 73.66 95.96 106.17 109.38 122.7 141.66 140.41 138.07 121.53 123.87 121.21 156.54 152.36 135.95 145.81 129.18 178.68 171.28 157.99 125.89 94.35 104.46 116.43 152.16 169.51 191.34 222.78 228.64 221.04 201.53 220.35 213.3 230.52 326.62 357.75 386.52 433.51 497.64 388.59 395.99 499.33 574.36 667.62 766.6 751.39 750.34 782.61 711.12 588.8 419.37 304.3 388.61 227.23 154.17 117.58 133.41 108.14 81.41
-9999 -9999 -9999 -9999 -9999 -9999 -9999 13.35 24.93 50.39 70.75 84.13 70.19 54.38 44.42 54.15 65.34 74.99 75.82 83.2 87.68 91.32 114.78 129.4 147.57 151.36 138.72 133.45 127.44 152.3 149.61 115.25 151.9 150.51 195.24 149.95 169.76 172.05 111.61 125.07 122.11 112.78 159.11 188.62 185.28 167.14 154.45 179.63 188.42 231.48 258.01 350.19 473.34 570.27 610.45 499.95 495.29 428.58 457.33 580.63 596.39 655.03 733.16 756.71 732.21 649.37 544.91 472.43 239.66 283.06 233.27 177.27 85.96 142.08 139.03 142.35
-9999 -9999 -9999 -9999 -9999 -9999 -9999 15.37 25.14 47.35 60.64 58.64 39.87 26.38 41.83 49.24 53.9 63.55 74.63 82.15 99.89 119.77 104.67 117.88 142.08 169.7 168.78 142.13 148.79 159.5 174.92 133.09 160.43 164.73 149.55 166.75 236.72 196.39 146.77 115.16 155.22 159.48 137.24 146.1 129.2 161.88 207.19 215.83 208.23 228.9 264.91 377.08 493.84 586.95 697.24 697.85 593.27 696.8 691.85 600.95 640.11 576.24 654.52 549.43 587.96 637.73 566.12 284.84 265.91 235.23 164.7 130.28 63.21 77.97 68.85 57.47
-9999 -9999 -9999 -9999 -9999 -9999 -9999 21.94 41.01 41.72 31.27 18.32 25.9 50.91 65.2 76.31 85.28 90.89 103.63 130.8 116.9 108.8 125.13 132.11 140.84 172.24 182.95 157.53 160.15 187.59 198.13 157.75 184.22 178.7 164.34 175.88 197.22 219.94 162.27 154.13 126.11 158.62 178.71 183.48 195.61 154.43 172.73 230.81 263.97 238.64 264.45 387.85 496.36 579.49 653.44 812.74 950.18 897.84 882.73 756.46 702.42 465.67 465.24 351.7 244.98 267.99 201.74 220.01 219.55 170.8 96.32 91.4 51.49 24.94 15.82 42.92
-9999 -9999 -9999 -9999 -9999 -9999 -9999 13.88 32.76 23.31 50.54 50.89 51.09 54.98 52.44 77.18 95.61 117.96 132.17 136.9 168.15 132.82 140.15 144.63 144.38 173.86 208.17 187.43 169.65 210.84 207.52 184.91 213.19 188.92 180.68 197.27 178.62 184.61 209.18 179.22 148.04 146.27 185.38 196.54 201.4 218.09 233.82 220.36 209 178.92 211.08 268.21 527.36 589.36 727.88 847.16 848.44 892.68 986.5 883.18 499.12 301.29 348.61 291.99 218.43 87.67 85.57 215.45 155.78 82.91 48.41 28.17 3938.84 656.63 1.5 11803.73
