layers/final_practice/hyla_meridionalis/srtm30.asc
ncols         400
nrows         278
xllcorner     -21.041487136433
yllcorner     26.106002917928
cellsize      0.083333337679505
NODATA_value  -9999
[rows 238 to 271 of 278, columns 152 to 227 of 400]
584.05 524.69 459.09 425.72 404.47 385.5 376.23 358.87 410.65 423.61 402.26 403.65 441.34 475.14 525.2 574.89 564.85 499.07 476.67 499.33 547.96 613.15 599.66 654.9 726.79 718.05 702.87 699.67 686.29 679.54 665.3 652.39 637.61 624.11 610.28 595.3 590.8 588.69 591.03 590.24 586.81 584.46 575.71 571.45 565.91 553.21 520.09 507.46 533.51 552.8 550.8 547.29 528.55 521.76 509.69 513.19 511.91 506.59 514.58 525.19 528.45 520.53 535.64 546.74 545.08 529.75 530.08 589 554.75 592.14 560.11 541.43 534.83 519.89 496.03 482.11
461.93 452.9 431.46 413.76 369.5 349.9 354.83 395.69 460.23 451.61 443.01 450.7 476.47 543.69 642.69 695.56 733.32 700.53 620.76 703.54 729.44 729.77 719.22 717.46 709.29 699.95 687.73 677.4 667.61 655.7 645.36 636.71 629 615.5 598.21 586.29 573.56 577.67 580.18 577.91 565.87 556.85 559.11 557.82 557.13 537.45 497.44 520.15 545.3 549.64 542.84 549.84 539.27 521.95 505.11 488.52 495.33 493.72 490.97 500.92 494.16 471.8 555.77 515.88 533.25 537.61 523.23 503.4 505.19 514.13 534.83 503.36 507.24 476.9 462 458.51
460.55 473.8 398 365.3 339.85 351.68 357 373.06 404.1 394.16 408.54 426.19 468.33 545.82 612.99 658.9 732 742.31 739.38 724.39 720.34 714.63 706.69 695.62 690.1 677.24 662.08 654.68 644.27 638.03 629.32 621.41 611.51 597.72 584.77 574.51 565.36 559.61 557.29 555.16 550.85 548.89 546.5 544.29 548.28 548.01 517.59 500.01 575.13 556.91 554.52 566.27 574.71 557.77 505.57 491.03 480.96 482.41 480.89 489.45 493.58 469.73 477.02 553.35 520.02 518.24 524.7 518.81 506.92 492.93 493.35 502.39 492.82 485.6 479.83 458.91
397.53 340.48 352.47 339.19 343.37 399.15 463.65 437.26 403.78 395.51 406.28 420.67 464.96 485 540.92 623.33 691.17 716.84 701.74 683.37 693.82 693.49 686.98 670.63 661.57 650.18 642.24 633.91 626.54 622.74 618.7 609.07 598.69 589.41 575.42 563.18 558.3 551.65 546.51 541.42 536.15 534.77 530.24 529.21 523.98 518.78 516.41 512.62 526.14 537.4 580.81 563.36 574.3 568.61 556.76 555.33 476.25 465.61 460.81 466.77 484.66 482.47 451.61 427.65 497.19 540.26 500.14 493.6 481.25 481.93 487.84 490.17 478.38 482.23 469.73 456.8
322.54 314.02 327.18 347.44 402.3 499.89 491.84 494.27 528.34 484.41 444.47 428.74 445.59 463.67 481 536.33 591.68 639.66 649.24 690.31 689.04 681.79 667.22 607.63 594.27 595.62 610.16 615.53 617.26 611.01 608 601.25 592.09 582.45 566.51 556.3 548.86 541.83 535.15 527.32 519.31 515.19 512.65 509.75 507.27 504.16 504.38 503.19 496.3 519.87 498.93 536.09 551.55 586.56 603.57 640.57 542.83 489.32 450.11 442.89 452.5 467.48 460.7 447.4 405.37 410.6 488.86 499.08 494.92 532.77 500.56 461.91 469.62 475.35 464.36 454.04
306.87 331.69 399.38 415.8 388.4 392.32 409.23 431.64 466.75 535.05 580.78 534.17 513.39 537.2 510.15 514.12 547.65 565.9 608.1 673.41 658.68 656.06 636.84 582.06 562.17 614.87 611.16 609.58 607.06 602.47 595.62 585.52 568.7 557.47 548.77 540.69 534.64 527.22 520.77 513.51 507.15 492.11 491.51 492.51 492.16 492.22 492.97 490.89 484.99 490.49 488.18 490.96 507.67 533.69 529.63 509.07 481.77 509.54 474.15 468.79 462.93 459.19 451.98 441.01 433.48 400.94 366.52 384.43 476.6 560.33 555.76 531.84 489.68 489.3 451.23 447.87
339.21 357.11 357.07 419.92 398.3 420.33 395.27 419.93 517.64 566.53 576.95 588.81 598.73 611.52 620.26 571.96 541.11 561.01 603.84 610.48 612.98 608.35 603.75 582.49 575.2 604.39 601.66 600.01 597.34 584.39 562.39 542.46 535.36 528.29 525.73 520.15 512.56 508.37 506.02 500.01 494.29 482.96 462.96 473.68 479.26 480.67 482.5 483.64 479.55 480.96 480.83 466.92 471.76 481.5 476.43 478.65 481.12 485.12 491.36 471.54 464.25 446.55 431.34 423.12 425.38 422.68 407.73 373.72 348.5 472.49 497.8 530.2 511.87 483.36 463.61 441.25
333.18 360.85 429.32 563.87 525.28 462.38 448.44 519.81 555.1 564.34 562.47 567.03 574.38 584.57 594.18 595.37 597.01 604.63 608.81 596.59 577.42 574.71 592.22 574.74 578.74 589.6 567.08 550.86 548.28 535.34 522.93 520.17 517.42 510.46 506.55 503.9 497.52 494.01 492 489.43 483.97 480.44 460.33 446.91 466.92 469.78 471.56 474.07 472.97 474.49 473.74 465.52 456.17 466.82 467.25 475.87 474.79 472.43 467.61 462.47 448.56 438.75 420.97 414.71 404.38 409.81 408.92 398.34 357.07 343.93 452.26 422.93 407.67 437.58 496.39 456.08
526.46 612.75 600.81 591.89 579.23 565.58 553.71 552.07 547.46 545.67 548.85 552.02 556.88 561.74 569.99 575.08 576.11 580.45 582.34 582.47 555.72 555.09 551.65 529.31 538.75 535.42 522.01 517.78 510.75 501.14 506.74 502.04 495.38 490.76 492.04 490.94 482.48 483.14 480.89 478.06 474.25 471.02 459.73 436.51 448.02 460.35 460.49 461.6 465.41 469.25 467.16 462.94 456.01 443.99 451.6 454.89 456.49 447.44 450.92 443.49 437.94 430.87 423.99 418.28 401.05 385.38 392.67 391.41 365.29 330.41 351.6 422.78 370.2 367.92 362.3 359.24
594.83 596.28 576.81 575.37 570.23 556.71 549.01 545.18 542.18 538.72 536.7 537.55 538.45 538.68 539.82 538.09 531.39 532.45 533.46 531.59 529.31 531.45 527.8 514.35 514.25 514.31 503.9 496.32 492.17 486.02 480.57 477.09 478.51 475.53 480.04 479.8 470.45 475.39 474.78 470.63 462.97 462.11 446.11 436.01 422.75 439.81 447.91 450.56 456.11 463.08 453.8 453.25 449.17 443.52 434.48 440.06 439.38 440.5 435.79 428.08 421.33 411.38 402.53 399.59 387.96 382.65 374.06 372.66 371.19 345.67 336.03 370.35 400.9 339.85 -9999 -9999
446.2 574.91 553.59 559.78 554.84 546.61 541.2 537.41 534.5 530.64 523.77 519.68 516.87 513.97 513.06 515.82 509.24 506.6 511.36 509.19 509.64 507.25 498.42 493.32 489.74 487.19 480.78 476.21 471.31 467.65 465.83 465.4 468.8 468.44 470.34 469.83 464.93 466.47 464.69 459.99 456.37 454.5 447.85 427.41 427.35 420.87 440.15 442.04 443.29 446 454.8 441.29 439.29 435.33 426.05 429.87 426.67 425.76 413.05 412.57 399.79 403.47 391.47 385.19 390.13 379.77 370.07 361.02 355.83 352.65 346.18 -9999 -9999 -9999 -9999 -9999
469.17 546.91 533.81 544.7 543.59 539.49 530.97 524.8 520.2 507.77 493.59 483.9 481.83 484.29 490.62 492.66 495.19 493.78 493.32 494.76 493.54 490.07 480.48 474.05 473.81 473.02 465.56 461.12 459.16 458.09 459.9 461.06 462.71 455.7 457.86 456.46 458.96 457.85 454.74 451.73 438.97 435.18 445.12 433.97 427.65 424.08 436.29 436.68 439.63 435.2 433.09 426.33 430.31 429.3 421.76 422.06 418.01 414.63 412.45 404 398.26 388.39 392.57 391.24 382.19 380.71 374.92 371.73 359.64 -9999 -9999 -9999 -9999 -9999 -9999 -9999
530.05 526.6 516.74 526.49 527.57 522.31 515.84 511.4 508.55 490.82 468.61 455.6 448.12 443.72 461.56 468.03 469.04 473.18 474.53 471.74 469.75 472.35 465.34 456.69 459.14 463.1 457.62 451.91 448.3 448.97 451.37 450.03 456.46 450.06 450.8 445.58 439.24 448.31 443.12 440.94 432.11 410.79 435.48 430.65 428.18 433.36 431.82 432.09 433.39 424.72 420.48 417.1 417.97 418.79 416.67 413.91 414.69 406.52 403.08 408.18 397.25 395.21 387.58 382.66 379.03 374.95 -9999 -9999 -9999 -9999 -9999 -9999 -9999 -9999 -9999 -9999
516.52 512.06 505.4 510.79 508.1 505.45 501.76 499.47 493.65 481.82 459.86 437.51 425.58 421.09 436.72 452.26 447.7 444.52 451.07 455.86 456.1 456.17 450.75 446.81 449.14 447.36 444.53 436.31 438.21 446.14 442.69 444.93 450.42 447.04 442.52 435.92 431.74 433.51 432.92 419.21 417.07 412.22 429.35 434.28 429.49 431.45 429.84 429.71 425.39 423.8 412.38 412.82 411.75 409.77 414.39 408.06 404.59 403.21 397.39 392.49 394.58 392.58 385.8 379.66 -9999 -9999 -9999 -9999 -9999 -9999 -9999 -9999 -9999 -9999 -9999 -9999
505.43 501.96 496.57 494.83 493.2 490.78 489.27 483.42 474.58 466.61 456.36 433.58 415.55 406.39 406.96 420.06 437.41 436.95 429.54 440.08 442.96 443.68 440.38 439.38 440.55 438.72 434.8 438.04 440.41 441.63 441.12 443.03 445.74 442.38 438.72 433.46 433.17 431.47 420.23 403.04 422.7 421.2 434.66 434.69 430.57 428.72 425.88 422.53 422.5 414.7 405.96 407.63 405.41 406.91 405.17 403.63 401.51 396.31 391.67 386.05 387.64 -9999 -9999 -9999 -9999 -9999 -9999 -9999 -9999 -9999 -9999 -9999 -9999 -9999 -9999 -9999
491.43 488.48 485.5 475.07 465.54 459.63 463.33 459.31 454.82 450.62 445.44 437.57 412.72 395.78 390.86 388.92 406.57 428.08 422.64 428.82 434.84 434.22 434.58 434.16 436.01 433.43 435.54 433.76 434.94 439.22 440.27 439.99 439.52 436.4 434.79 426.51 430.71 424.61 419.31 416.67 428.69 433.97 429.76 430.81 428.4 421.22 423.63 410.29 416.55 408.05 403.83 403.74 399.37 402.25 400.13 397.11 393.18 389.76 -9999 -9999 -9999 -9999 -9999 -9999 -9999 -9999 -9999 -9999 -9999 -9999 -9999 -9999 -9999 -9999 -9999 -9999
481.16 478.94 474.29 453.2 442.39 429.63 441.42 442.86 439.31 435.58 431.96 418.13 403.95 389.23 386.56 378.97 406.25 421.63 409.1 412.47 421.8 430.48 432.61 432.72 432.26 432.95 433.14 434.54 434.41 436.02 437.7 447.43 447.79 446.08 441.83 435.12 432.57 431.66 426.84 426.55 432.5 430.97 428.62 417.67 420.84 413.08 418.17 421.9 403.49 404.41 400.24 394.76 397.49 397.39 394.25 394.66 -9999 -9999 -9999 -9999 -9999 -9999 -9999 -9999 -9999 -9999 -9999 -9999 -9999 -9999 -9999 -9999 -9999 -9999 -9999 -9999
475.45 470.92 462.23 447.28 431.47 413.01 416.68 431.85 428.99 422.79 416.75 409.13 394.5 388.35 378.37 368.42 404.68 415.49 405.88 405.56 420.67 425 427.51 430.72 433.24 431.88 431.48 431.12 431.67 435.32 448.22 453.4 451.97 450.78 447.91 440.61 439.79 433.93 429.75 420.58 426.37 418.43 420.67 414.4 414.96 409.44 406.12 408.01 400.39 396.85 397.86 394.85 394.73 -9999 -9999 -9999 -9999 -9999 -9999 -9999 -9999 -9999 -9999 -9999 -9999 -9999 -9999 -9999 -9999 -9999 -9999 -9999 -9999 -9999 -9999 -9999
470.27 463.72 452.51 436.59 425.95 406.37 404.26 407.3 401.11 399.16 399.74 388.25 375.81 364.16 362.35 379.09 386.76 399.48 417.52 412.68 421.69 417.95 425.51 424.86 428.63 426.84 425.08 427.34 428.83 434.63 446.28 445.89 442.77 434.55 433.39 425.28 424.92 425.44 415.39 412.38 416.59 406.98 409.57 405.1 399 397.03 396.31 400.34 391.39 391.88 -9999 -9999 -9999 -9999 -9999 -9999 -9999 -9999 -9999 -9999 -9999 -9999 -9999 -9999 -9999 -9999 -9999 -9999 -9999 -9999 -9999 -9999 -9999 -9999 -9999 -9999
464.1 455.83 444.91 422.97 396.46 378.15 376.68 370.72 371.55 370.07 365.19 359.63 367.29 381.18 400.75 413.34 423.35 429 433 433.65 434.14 433.86 428.51 420.72 419.43 415.26 417.32 418.76 420.16 427.38 436.5 434.65 428.39 420.6 418.79 417.52 413.86 406.33 411.6 406.8 398.73 397.84 392.68 400.13 394.67 385.8 388.81 384.65 -9999 -9999 -9999 -9999 -9999 -9999 -9999 -9999 -9999 -9999 -9999 -9999 -9999 -9999 -9999 -9999 -9999 -9999 -9999 -9999 -9999 -9999 -9999 -9999 -9999 -9999 -9999 -9999
458.42 447.15 420.98 379.84 361.11 358.69 355.11 354.82 358.11 372.81 384.36 390.03 412.18 425.24 428.56 429.81 430.95 432.22 432.86 433.75 433.82 432.44 426.58 401.74 394.37 402.28 408.41 410.54 411.14 413.45 424.32 420.29 418.64 413.69 411.99 411.78 400.73 394.93 394.56 388.65 386.41 385.13 386.83 383.23 380.48 -9999 -9999 -9999 -9999 -9999 -9999 -9999 -9999 -9999 -9999 -9999 -9999 -9999 -9999 -9999 -9999 -9999 -9999 -9999 -9999 -9999 -9999 -9999 -9999 -9999 -9999 -9999 -9999 -9999 -9999 -9999
450.58 433.22 394.42 374.07 368.8 375.19 381.88 369.59 385.1 414.35 423.69 430 431.27 426.05 421.24 427.2 429.61 429.74 425.59 420.86 423.97 417.76 407.85 396.05 396.21 387.55 385.91 397.02 402.6 403.05 408.23 410.26 410.88 402.56 405.35 389.99 387.68 382.88 381.76 382.83 383.6 383.59 380.47 -9999 -9999 -9999 -9999 -9999 -9999 -9999 -9999 -9999 -9999 -9999 -9999 -9999 -9999 -9999 -9999 -9999 -9999 -9999 -9999 -9999 -9999 -9999 -9999 -9999 -9999 -9999 -9999 -9999 -9999 -9999 -9999 -9999
444.39 424.33 397.4 390.96 395.63 404.46 419.96 418.22 421.32 423.03 419.77 423.09 422.97 428.18 428.34 426.27 421.98 405.61 407.58 415.62 408.18 405.95 371.59 367.24 385.24 390.79 383.69 387.98 381.78 384.06 396.94 396.8 391.4 393.9 368.03 369.15 368.7 375.43 370.13 367.77 -9999 -9999 -9999 -9999 -9999 -9999 -9999 -9999 -9999 -9999 -9999 -9999 -9999 -9999 -9999 -9999 -9999 -9999 -9999 -9999 -9999 -9999 -9999 -9999 -9999 -9999 -9999 -9999 -9999 -9999 -9999 -9999 -9999 -9999 -9999 -9999
430.31 411.09 404 404.55 417.7 425.84 420.46 416.05 420.7 424.04 424.46 423.66 422.95 418.29 419.4 417.44 408.31 407.41 411.24 378.87 372.18 376.54 349.13 361.35 378.56 387.36 390.47 390.61 377.92 381.29 386.43 391.03 372.63 377.65 371.36 375.48 377.61 -9999 -9999 -9999 -9999 -9999 -9999 -9999 -9999 -9999 -9999 -9999 -9999 -9999 -9999 -9999 -9999 -9999 -9999 -9999 -9999 -9999 -9999 -9999 -9999 -9999 -9999 -9999 -9999 -9999 -9999 -9999 -9999 -9999 -9999 -9999 -9999 -9999 -9999 -9999
425.16 423.56 420.91 419.12 426.65 432.9 434.21 433.95 434.91 432.02 424.46 419.27 418.47 416.44 412.02 412.26 385.23 376.49 358 356.34 348.7 368.3 361.44 363.66 365.45 382.63 385.72 385.05 367.2 378.39 384.26 378.2 364.25 378.17 361.92 -9999 -9999 -9999 -9999 -9999 -9999 -9999 -9999 -9999 -9999 -9999 -9999 -9999 -9999 -9999 -9999 -9999 -9999 -9999 -9999 -9999 -9999 -9999 -9999 -9999 -9999 -9999 -9999 -9999 -9999 -9999 -9999 -9999 -9999 -9999 -9999 -9999 -9999 -9999 -9999 -9999
436.63 438.42 438.84 432.62 430.69 436.57 438.77 438.26 436.59 433 429.27 424.74 385.79 361.35 349.12 334.13 316.72 313.98 322.23 327.79 333.21 324.84 332.09 345.7 366.04 376.8 374.24 367.32 361.47 368.25 368.97 368.64 -9999 -9999 -9999 -9999 -9999 -9999 -9999 -9999 -9999 -9999 -9999 -9999 -9999 -9999 -9999 -9999 -9999 -9999 -9999 -9999 -9999 -9999 -9999 -9999 -9999 -9999 -9999 -9999 -9999 -9999 -9999 -9999 -9999 -9999 -9999 -9999 -9999 -9999 -9999 -9999 -9999 -9999 -9999 -9999
444.65 446.98 455.68 448.71 437.84 425.51 411.29 426.76 430.09 414.37 414.29 405.09 372.61 358.12 339.96 326.36 315.3 308.7 319.78 324.18 325.61 322.49 331.13 339.58 344.81 358.45 363.89 363.28 366.62 367.63 -9999 -9999 -9999 -9999 -9999 -9999 -9999 -9999 -9999 -9999 -9999 -9999 -9999 -9999 -9999 -9999 -9999 -9999 -9999 -9999 -9999 -9999 -9999 -9999 -9999 -9999 -9999 -9999 -9999 -9999 -9999 -9999 -9999 -9999 -9999 -9999 -9999 -9999 -9999 -9999 -9999 -9999 -9999 -9999 -9999 -9999
438.83 441.09 441.2 432.05 410.99 403.37 390.72 390.74 419.16 425.16 408.32 385.64 368.42 355.33 341.34 327.98 315.82 314.4 316.15 315.94 314.37 303.45 307.79 318.11 333.34 348.56 361.69 -9999 -9999 -9999 -9999 -9999 -9999 -9999 -9999 -9999 -9999 -9999 -9999 -9999 -9999 -9999 -9999 -9999 -9999 -9999 -9999 -9999 -9999 -9999 -9999 -9999 -9999 -9999 -9999 -9999 -9999 -9999 -9999 -9999 -9999 -9999 -9999 -9999 -9999 -9999 -9999 -9999 -9999 -9999 -9999 -9999 -9999 -9999 -9999 -9999
425.77 415.18 406.63 399.77 395.36 385.08 373.91 378.8 399.49 414.28 409.01 389.53 361.9 337.55 323.59 312.13 304.96 304.15 305.52 304.18 317.21 335.09 345.63 350.11 -9999 -9999 -9999 -9999 -9999 -9999 -9999 -9999 -9999 -9999 -9999 -9999 -9999 -9999 -9999 -9999 -9999 -9999 -9999 -9999 -9999 -9999 -9999 -9999 -9999 -9999 -9999 -9999 -9999 -9999 -9999 -9999 -9999 -9999 -9999 -9999 -9999 -9999 -9999 -9999 -9999 -9999 -9999 -9999 -9999 -9999 -9999 -9999 -9999 -9999 -9999 -9999
437.75 431.63 400.48 380.04 372.52 365.32 359.31 352.85 358.78 372.83 400.52 391.49 375.89 357.61 342.84 337.6 334.9 329.23 321.78 335.71 344.26 356.77 -9999 -9999 -9999 -9999 -9999 -9999 -9999 -9999 -9999 -9999 -9999 -9999 -9999 -9999 -9999 -9999 -9999 -9999 -9999 -9999 -9999 -9999 -9999 -9999 -9999 -9999 -9999 -9999 -9999 -9999 -9999 -9999 -9999 -9999 -9999 -9999 -9999 -9999 -9999 -9999 -9999 -9999 -9999 -9999 -9999 -9999 -9999 -9999 -9999 -9999 -9999 -9999 -9999 -9999
431.87 407.09 372.65 365.35 365.07 361.99 353.72 347.96 349.8 363.75 380.19 402.67 414 405.04 391.53 380.96 359.51 343.8 331.58 -9999 -9999 -9999 -9999 -9999 -9999 -9999 -9999 -9999 -9999 -9999 -9999 -9999 -9999 -9999 -9999 -9999 -9999 -9999 -9999 -9999 -9999 -9999 -9999 -9999 -9999 -9999 -9999 -9999 -9999 -9999 -9999 -9999 -9999 -9999 -9999 -9999 -9999 -9999 -9999 -9999 -9999 -9999 -9999 -9999 -9999 -9999 -9999 -9999 -9999 -9999 -9999 -9999 -9999 -9999 -9999 -9999
430.99 413.08 388.2 369.43 356.44 352.56 350.67 350.41 356.51 366.18 382.03 405.77 408.51 397.03 379.07 370.9 363.72 -9999 -9999 -9999 -9999 -9999 -9999 -9999 -9999 -9999 -9999 -9999 -9999 -9999 -9999 -9999 -9999 -9999 -9999 -9999 -9999 -9999 -9999 -9999 -9999 -9999 -9999 -9999 -9999 -9999 -9999 -9999 -9999 -9999 -9999 -9999 -9999 -9999 -9999 -9999 -9999 -9999 -9999 -9999 -9999 -9999 -9999 -9999 -9999 -9999 -9999 -9999 -9999 -9999 -9999 -9999 -9999 -9999 -9999 -9999
415.93 412.71 404.09 389.61 391.14 389.54 389.2 385.9 397.26 423.44 392.11 422.55 431.26 399.19 -9999 -9999 -9999 -9999 -9999 -9999 -9999 -9999 -9999 -9999 -9999 -9999 -9999 -9999 -9999 -9999 -9999 -9999 -9999 -9999 -9999 -9999 -9999 -9999 -9999 -9999 -9999 -9999 -9999 -9999 -9999 -9999 -9999 -9999 -9999 -9999 -9999 -9999 -9999 -9999 -9999 -9999 -9999 -9999 -9999 -9999 -9999 -9999 -9999 -9999 -9999 -9999 -9999 -9999 -9999 -9999 -9999 -9999 -9999 -9999 -9999 -9999
404.76 398.62 386.97 384.9 396.94 409.27 409.42 405.36 396.74 389.01 387.77 -9999 -9999 -9999 -9999 -9999 -9999 -9999 -9999 -9999 -9999 -9999 -9999 -9999 -9999 -9999 -9999 -9999 -9999 -9999 -9999 -9999 -9999 -9999 -9999 -9999 -9999 -9999 -9999 -9999 -9999 -9999 -9999 -9999 -9999 -9999 -9999 -9999 -9999 -9999 -9999 -9999 -9999 -9999 -9999 -9999 -9999 -9999 -9999 -9999 -9999 -9999 -9999 -9999 -9999 -9999 -9999 -9999 -9999 -9999 -9999 -9999 -9999 -9999 -9999 -9999
