layers/final_practice/hyla_meridionalis/srtm30.asc
ncols         400
nrows         278
xllcorner     -21.041487136433
yllcorner     26.106002917928
cellsize      0.083333337679505
NODATA_value  -9999
[rows 34 to 67 of 278, columns 304 to 379 of 400]
392.71 431.13 393.72 376.15 356.54 272.14 184.98 194.53 198.17 200.38 214.27 216.68 392.39 436.39 491.2 582.02 597.95 659.2 805.3 1178.38 1165.02 746.44 435.5 386.06 377.54 414.85 553.87 722.62 1129.28 1114.66 563.27 1032.49 1492.68 1597 1771.62 1898.92 2265.31 2195.24 2484.34 2022.85 2319.9 2099.2 2576.05 2237.28 1661.16 1691.79 2108.92 2490.76 2289.42 2163.5 1641.47 1338.44 1896.1 1716.94 1403.31 900.83 1868.4 1904.64 1504.21 2125.51 1656.35 2194.23 2192.04 1971.32 2309.57 2646.01 2886.43 2991.62 2005.64 2359.9 2459.26 2218.34 1884.02 2541.3 2720.51 2597.68
469.74 544.4 443.48 513.6 386.02 208.03 178.62 199.91 206.49 212.52 221 238.16 361.54 466.61 448.2 534.48 762.31 941.31 1192.99 1202.39 609.85 455.55 386.02 455.88 557.62 825.66 1071.11 1108.21 1280.21 1517.52 1251.54 474.99 1071.72 1734.24 2102.88 1863.03 1613.14 1127.33 915 1354.82 1419.59 1408.3 1227.35 1533.61 1785.04 2357.26 2305.02 1701.95 1664.42 1941.46 1659.79 1240.47 1382.96 1455.96 1728.68 1119.34 1498.37 1391.92 1275.39 1780.56 684.98 1377.34 1885.66 2243.93 2563.84 2221.92 1828.82 2441.63 1893.96 1935.15 1858.25 1405.63 2039.04 2229.2 2154.62 2137.07
517.89 692.5 585.77 578.93 292.48 180.46 208.53 210.96 219.01 224.63 234.3 265.59 357.77 457.62 549.8 751.98 824.81 911.13 999.1 600.07 425.34 407.72 426.89 553.12 956.36 1081.45 1320.99 1372.8 1408.27 1739.96 1440.25 1300.24 1226.7 2079.43 1200.26 841 1043.42 1613.91 1985.5 2227.11 2495.79 2230.41 1707.51 2535.73 2229.12 2055.33 1566.07 1049.04 1474.19 1896.9 1536.65 1260.95 725.26 1060.27 963.82 1177.73 632.4 1143.49 1658.08 1465.92 1039.27 743.92 2063.02 1323.73 1594.63 1675.12 1203.17 1683.81 1685.02 1026.01 1225.08 1543.52 1495.29 2014.93 2507.86 2344.13
699.84 640.75 605.99 364.01 212.14 194.85 234.93 250.39 257.92 261.84 267.79 270.08 350.49 516.18 644.58 884.96 1038.75 631.3 763.2 461.7 517.52 672.72 782.57 508.08 626.55 922.3 989.54 1127.46 1311.66 1785.25 1999.54 2072.91 1011.91 911.51 1367.66 2174.12 2216.53 2034.45 2445.3 2430.22 3131.42 2240.66 3047.66 2386.11 2690.32 2008.84 1421.65 564.54 1230.4 1300.91 1095.45 1126.76 613.18 550.35 884.44 699.62 1288.05 1513.55 1360.17 427.54 650.84 857.14 818.88 953.01 1306.69 1188.79 1244.57 1439.11 1402.2 1606.62 1861.79 1379.87 1452.31 2381.71 2677.96 2411.63
591.58 578.25 569.19 356.7 194.27 220.7 267.89 280.04 274.4 279.65 290.14 280.42 292.81 558.71 831.76 934.71 1071.06 519.18 460.39 566.07 595.62 802.47 808.17 861.02 867.62 1161.97 993.47 1043.2 1464.02 1479.24 2189.32 1797.37 1945.27 1413.18 1758.5 2185.4 2749.79 2622.15 2647.21 3063.77 2804.42 2369.07 3326.25 2665.59 2449.46 1600.34 993.51 601.08 1387.13 1337.21 1272.19 903.63 357.26 757.53 917.35 502.92 871.82 804.56 828.43 410.09 1017.39 1615.1 1754.52 1670.11 1776.89 1886.51 2124.21 1798.85 1878.73 1890.91 1862.3 1414.18 1061.69 2068.44 2179.67 1925.14
623.04 578.6 437.52 373.26 224.4 216.02 280.73 289.2 281.85 287.29 287.27 237.69 378.06 583.74 805.23 876.83 752.33 746.77 514.46 555.5 577.64 591.4 829.87 1371.68 1316.14 1461.21 1797.98 970.32 1594.99 1811 1886.16 2400.18 2925.01 1973.98 2159.35 3133.75 2691.88 3086.46 2909.01 2823.12 2947.1 3081.83 3316.58 2160.51 1867.86 1398.65 1622 1176.98 879.24 449.04 484.74 403.87 464.71 461.95 470.64 452.72 968.71 755.44 594.91 456.77 1289.75 1024.31 1442.27 1072.65 1134.33 1758.81 1566.52 1222.73 1605.26 1248.35 1229.84 687.96 1559.33 2120.54 1701.19 1267.61
703.99 525.49 358.87 293.94 248.11 277.7 264.22 283.79 261.78 245.61 219.28 224.44 356.78 657.08 768.03 744.4 464.77 570.04 594.69 401.16 536.04 583.74 730.71 1083.4 1174.58 1614.72 1587.18 1237.43 1239.07 1828.24 2798.68 2703.36 2475.16 2429.51 2399.2 2380.29 2349.81 2435.58 2533.22 2111.62 2509.82 2672.46 2675.59 2042.42 1634.85 1477.19 1153.67 1161.05 677.52 821 365.25 267.19 424.58 595.12 494.04 502.64 715.59 594.32 974.86 646.14 579.64 1040.52 994.53 887.92 912.81 1244.86 974.09 869.75 989.21 809.45 799.95 1566.62 1797.58 1631.57 1325.5 1018.81
626.83 645.55 452.91 426.11 314.7 274.52 206.43 191.66 194.64 211.2 200.75 281.12 290.24 318.68 741.72 451.34 311.24 315.11 491.2 444.49 625.2 1081.23 723.57 1077.49 1087.04 1243.17 1443.72 1666.54 1845.74 2778.17 2601.76 1776.83 2051.09 2257.21 2055.28 1346.5 1810.96 1875.38 1623.85 1572.34 1845.85 2192.49 2281.94 1858.75 1303.89 1069.32 982.92 729.02 559.65 526.62 338.5 245.92 271.66 324.07 369.54 389.52 346.18 465.55 398.12 324.52 409.35 555.99 683.56 611.41 685.71 738.74 633.98 841.57 441.31 775.57 1229.81 1055.97 1258.96 1054.55 784.02 1214.98
549.74 578.25 655.71 539.34 309.15 226.97 186.46 212.49 238.2 234.9 254.63 324.78 278.59 248.76 290.85 376.97 329.75 419.58 378.66 633.68 1054.45 881.37 1376.37 1103.73 808.83 1149.77 1318.91 1728.8 2147.11 2309.49 2405.58 2088 2068.02 1545.8 1246.82 1262.91 1636.51 1476.47 1598.94 1204.14 1058.68 2081.14 1763.4 1758.9 1557.3 1210.57 729.07 456.99 502.33 344.64 314.94 252.78 280.2 307.98 300.35 309.51 295.24 293.15 280.76 310.9 320.04 288.8 287.45 271.21 313.35 376.78 455.43 653.29 425.82 638.14 780.97 850.73 606.45 658.11 950.22 695.53
541.59 636.89 725.2 547.34 323.59 209.65 226.73 258.27 298.51 282.85 261.7 265.58 344.37 338.67 267.34 266.08 517.47 766.5 334.7 820.95 1164.92 1132.51 1223.81 637.24 979.61 1000.29 1976.21 2102.52 1934.12 1405.81 1835.51 2473.57 2411.49 2269.65 2144.47 2366.26 2333.56 2608.35 2511.39 1821.55 982.97 1240.21 1613.67 1490.19 840.04 641.81 437.11 353.33 298 287.65 256.9 243.05 204.83 226.87 232.09 223.56 214.06 210.56 202.16 199.55 204.47 209.37 186.35 185.04 192.08 190.1 222.1 247.01 244.29 399.82 444.02 688.93 549.68 404.03 351.6 123.14
610.6 730.79 546.47 367.07 348.52 326.42 246.2 243.97 325.13 407.21 452.49 415.84 436.6 448.72 416.53 334.29 341.83 614.8 577.28 403.78 783.39 529.41 499.93 716.72 1700.78 1094.55 1461.97 1363.81 1535.07 1995.82 2325.21 2633.9 2769.12 2547.45 2487.53 2947.23 2725.74 2341.46 1883.11 2157.9 1673.59 1037.97 926.47 662.26 380.85 304.88 240.1 227.79 213.65 208.44 194.08 186.63 162.48 173.4 177.55 171.61 161.51 152.67 147.74 140.67 142.32 136.31 130.6 130.78 129.31 133.09 140.36 149.66 146.66 127.53 153.41 311.26 313.62 230.46 110.07 62.01
537.72 565.32 519.83 631.38 452.5 223.9 304.52 336.37 380.67 452.61 498.52 538.08 553.99 555.16 575.95 591.74 544.57 717.3 1151.72 808.7 364.43 599.78 1330.37 876.17 1985.46 1511.44 1084.84 1568.02 1940.85 2479.25 2523.65 2310.55 2763.12 2711.74 2431.34 2144.19 1821.78 1847.43 1278.82 1391.36 944.3 481.24 247.92 326.6 336.75 246.9 195.22 171.91 164.9 159 153.1 150.84 142.48 124.81 131.6 132.29 126.7 122.33 118.59 108.4 105.84 99.24 97.32 97.72 94.68 96.8 96.08 98.23 97.2 93.81 97.32 114.85 124.8 146.18 97.64 72.78
796.76 981.16 1050.6 867.56 353.77 181.64 278.83 321.58 346.22 363.78 357.67 407.49 454.61 476.12 445.66 515.86 764.1 1118.83 1298.16 529.16 810.81 1323.32 1883.65 878.84 1858.45 1864.44 1870.31 2182.64 2120.64 2697.28 2682.31 2757.05 2534.81 2755.72 2267.47 1926.88 1682.1 1438.22 1112.09 545.44 363.79 356.75 259.11 243.56 278.79 215.32 174.08 152.3 136.56 129.84 130.75 127.78 122.37 115.24 98 107.64 106.16 101.3 97.24 91.7 88.63 80.42 76.23 77.75 75.93 77 69.54 73.44 70.28 67.79 66.15 71.82 78.16 82.46 106.62 111.43
922.29 1077.85 855.04 593.09 454.75 211.99 195.7 260.52 329.52 407.67 477.17 569.53 569.96 442.75 311.15 397.3 1105.95 1199.29 723.28 577.94 1420.46 2034 1790.71 1312.28 1157.17 2036.16 2404.94 2757.27 2673.69 2186.82 2242.73 2419.43 2553.04 2826.15 2242.51 1794.48 1128.31 816.17 573.46 361.4 276.49 250.79 261.63 237.95 211.05 175.73 158.91 143.22 129.76 118.87 115.14 114.67 111.3 107.44 97.85 83.65 94.61 90.5 85.13 82.79 76.81 74.28 67.98 61.51 59.41 61.32 61.55 55.49 53.11 52.31 49.07 48.92 48.68 48.75 49.12 50.08
935.76 1112.12 829.64 577.58 368.57 249.17 251.11 302.75 379.58 458.88 526.13 515.32 366.86 397.45 1120.75 923.19 378.48 388.04 621.52 1537.12 1903.04 2198.15 2064.19 1534.01 1841.31 1340.38 1921.31 1923.72 1866.04 2044.93 2407.28 2197.67 2225.37 2429.86 1838.2 1601.98 1166.16 934.91 381.05 314.49 264.88 211.32 203.16 185.47 168.34 154.48 144.83 140.5 123.58 112.78 104.53 104.19 101.87 99.66 94.35 80.63 69.03 74.83 76.97 72.88 70.53 75.14 63.74 62.08 53.88 47.57 50.99 51.01 47.62 42.99 38.75 35.66 35.62 34.77 34.02 31.39
1056.63 984.2 938.81 639.62 476.81 296.34 248.4 252.33 286.91 328.79 309.82 269.45 591.26 1142.55 1162.06 1137.8 296.02 506.61 1283.87 1741.64 1349.78 2436.58 2241.05 2428.26 2435.4 2180.16 2558.91 2422.9 2266.67 2559.33 2542.02 1509 1111.07 983.99 873.43 867.1 699.25 519.09 315.24 265.42 228.78 252.11 337.62 299.65 286.43 264.58 236.79 195.36 178.41 123.29 100.39 96.05 94.74 89.98 86.37 77.59 70.65 61.2 57.69 60.23 57.49 52.72 49.74 49.54 48.19 44.39 39.79 38.55 38.38 36.62 33.75 30.97 27.06 24.32 23.35 22.61
1057.17 813.77 757.45 542.06 426.64 313.17 139.37 168.32 180.12 215.24 400.08 307.7 681.45 1091.41 1310.01 949.18 633.71 853.77 1406.64 1815.76 1299.46 1615.16 2167.21 2266.46 2332.34 2373.84 2396.63 2067.22 1880.38 1724.13 1691.06 2069.79 1888.44 1896.51 1736.5 986.94 523.41 410.97 300.64 258.29 337.61 396.37 306.34 302.36 254.87 215.78 226.62 233.1 203.07 152.09 120.43 105.12 86.96 78.18 72.14 71.18 71.6 80.71 129 164.69 126.82 83.51 67.62 62.79 55.77 48.71 43.95 38.78 33.6 30.73 28.03 26.15 23.48 20.84 19.28 18.83
814.3 849.99 630.62 660.78 596.93 445.63 143.11 165.52 212.8 402.52 843.06 909.07 1101.82 1200.67 1378.5 860.95 898.56 1081.63 1562.53 1687.63 2154.34 2052.69 2344.27 2615.3 2760.4 2432.03 2000.41 2068.45 2096.44 1795.94 2108.33 2380.25 1915.38 1306.14 1078.46 932.22 415.13 293.02 252 233.94 228.67 247.86 250.97 244.98 209.29 210.12 172.69 193.11 172.9 148.75 124.61 132.83 104.17 88.01 90.24 106.91 169.2 252.35 310.79 376.98 306.62 233.33 159.56 112.16 104.39 79.06 66.13 51.68 41.23 34.78 30.72 27.68 25.61 22.71 20.71 20.43
799.93 729.5 617.08 544.89 544.62 329.52 134.15 158.08 296.48 764.12 1016.05 1076.72 1245.99 1422.56 1503.38 902.41 844.18 827.74 1007.78 1428.85 1717.51 2209.94 2524.18 2592.34 2817.95 1902.36 2071.77 1634.61 2067.19 2279.87 2548.54 2508.77 2119.69 1979.78 1056.27 549.44 325.64 271.44 247.97 238.86 234.8 248.2 269.67 279.54 208.75 169.93 144.76 155.44 135.63 112.74 99.1 95.06 105.57 120.51 156.23 225.04 307.29 432.57 561.32 572.07 561.62 519.97 359.52 307.28 240.2 189.8 156.61 114.52 75.11 55.89 42.84 35.15 29.28 26.48 22.46 19.73
998.87 753.83 560.12 444.24 303.26 125.06 132.64 196.96 397.87 565.79 679.12 630.43 714.02 1339.73 1509.4 1043.85 803.93 1263.77 1260.62 1162.23 1505.15 1771.99 1976.26 2192.64 2527.65 2193.13 1428.83 2148.29 2241.84 2198.79 2149.38 2106.5 2068.6 1331.33 975.6 478.89 303.09 263.1 249.78 246.98 250.69 279.16 336.82 285.22 217.88 174.92 210.79 187.44 169.08 179.3 128.74 125.33 139 170.92 224.74 362 426.78 540.53 670.72 936.72 625.87 602.66 599.68 526.06 548.27 426.73 375.15 312.94 210.46 123.75 76.92 67.48 50.52 40.6 29.54 24.73
556.4 646.15 623.86 381.18 232.83 137.48 319.39 247.7 298.9 357.84 520.72 589.49 692.19 903.08 1056.74 1347.2 1316.38 1578.05 1531.67 1571.4 1128.53 1564.61 1951.53 1827.85 2309.79 2307.58 1919.75 1462.81 1908.19 2000.17 2285.66 2565.67 2527.8 2151.1 1483.15 698.42 390.08 271.1 275.4 279.31 281.25 280.1 286.7 227.46 214.53 319.82 321.19 275.52 304.89 252.58 170.57 224.03 194.64 262.63 279.69 412.02 566.43 978.65 1186.74 910.8 630.84 1046 791.7 848.46 866.53 740.22 499.85 396.4 290.62 184.14 197.79 144.79 112.78 86.2 62.25 48.77
306.2 352.52 552.68 511.87 246.43 166.84 229.51 257.63 418.88 597.31 936.86 739.73 940 729.13 1051.1 1287.27 1178.54 1563.2 1621.54 1707.75 1488.9 1160.92 1452.94 2044.48 2146.81 2056.96 1316.3 1700.95 2029.33 2422.3 2530.52 2662.57 2117.35 2205.36 1683.71 1057.68 612.79 443.48 353.42 328.74 321.63 303.94 279.68 318.91 411.17 534.53 406.71 398.9 274.34 321.62 315.18 285.27 330.77 474.14 506.78 506.69 709.88 919.91 1168.68 817.47 881.76 1009.35 1026 831.82 698.02 656.45 699.02 458.29 488.57 462.42 489.93 308.31 227.43 237.95 183.56 140.61
226.94 272.67 346.75 239.74 99.23 135.76 209.71 335.41 528.05 611.34 820.51 823.56 1055.17 1005.62 967.4 1148.08 977.55 997.49 1105.14 1234.47 924.04 911.76 1028.88 1106.76 1098.35 1139.88 1421.97 2187.49 2241.94 2219.35 2613.83 2460.77 2072.14 1684.55 1407.84 1247.66 916.34 590.31 424.52 380.95 355.86 365.82 313.94 390.97 613.76 545.14 505.29 425.78 372.25 429.11 581.29 512.11 576.37 753.84 532.04 438.1 679.96 948.18 935.39 914.74 1027.27 1140.87 1130.82 859.73 756.58 816.21 589.1 593.78 926.14 788.3 591.07 552.17 404.13 495.48 451.19 318.21
190.76 291.83 353.04 219.61 112.85 206.77 293.33 350.79 499.34 786.8 766.41 865.32 750.46 958.69 1047.83 1173.28 872.86 877.91 1238.96 1016.37 742.04 972.03 969.81 1006.83 1295.59 1775.93 2127.3 2353.45 1997.16 2070.94 2303.94 2057.37 1779.62 1706.44 1442.55 1016.41 739.45 534.37 474.26 429.68 404.25 391.05 352 495.52 648.71 577.86 567.48 377.49 482.51 494.44 822.16 817.42 481.59 363.71 229.78 254.86 503.9 573.2 674.56 820.72 805.35 1101.55 976.05 803.34 641.13 757.08 912.03 928.96 1023.23 963.94 824.44 608.73 619.5 639.9 537.92 429.11
202.91 308.19 323.73 163.78 55.81 151.35 168.01 212.47 360.88 478.63 510.2 637.26 818.79 729.55 858.94 980.06 866.52 799.25 787.23 714.41 982.21 1249.81 1194.95 1271.46 1577.29 1693.41 1782.99 1517.16 1725.02 2170.1 2375.54 2152.38 2050.77 2165.61 1748.62 1339.25 966.86 648.17 545.78 503.29 500.47 481.95 515.95 507.13 539.74 664.98 527.08 437.29 533.9 370.16 263.13 -9999 -9999 -9999 -9999 -9999 -9999 209.37 257.43 308.14 294 707.56 653.81 714.42 1100.92 961.06 421.74 723.24 1252.72 1156.89 1049.64 996.96 763.71 642.28 633.93 576.86
221.17 264.33 168.2 69.75 47.73 112.39 110.91 203.51 263.21 372.98 581.59 613.81 790.85 898.95 1060.46 966.37 872.35 739.98 592.33 659.75 869.05 1256.96 1567.54 1463.38 1399.91 1941.15 2184.95 1983.86 2271.74 2397.82 1956.82 2310.21 2039 1675.61 1549.32 1334.78 1045.14 965.76 893.1 1058.77 898.25 950.82 920.21 934.36 721.82 801.02 774.14 614.29 337 -9999 -9999 -9999 -9999 -9999 -9999 -9999 -9999 -9999 -9999 -9999 120.08 300.09 545.42 437.77 510.58 754.66 566.78 217.48 504.35 758.7 1214.07 1291.47 1446.02 1135.59 978.4 993.63
286.04 161.14 153.96 110.42 64.64 107.12 99.16 148.28 306.64 335.11 628.2 808.19 827.78 899.48 971.78 945.14 1026.94 995.18 605.69 646.47 897.79 1158.39 1256.81 1183.65 1150.74 1468.24 2039.02 1754.69 2072.69 2114.99 2053.97 1699.98 1854.39 2135.72 2340.91 2016.82 1616.29 1669.9 1345.59 1668.07 1822.13 1829.5 1503.72 1240.95 867.15 866.42 794.3 326.86 205.85 -9999 -9999 -9999 -9999 -9999 -9999 -9999 -9999 -9999 -9999 -9999 -9999 -9999 153.7 364.48 276.53 287.13 317.77 199.15 193.27 388.73 734.6 829.47 1155.35 1277.06 1252.92 1087.49
274.18 227.17 170.55 98.63 43.62 42.03 55.59 80.43 189.4 301.47 533.35 1055.74 981.66 874.72 1084.26 1159.46 1120.65 1197.94 980.03 619.43 740.56 859.91 905.83 843.44 1263.15 1614.37 1538.46 1759.71 2085.02 1437.37 1432.52 1901.34 1698.53 1521.4 2116.87 2088.88 2243.15 2285.85 1715.19 1574.43 1807.92 1407.97 1153.78 1075.34 734.23 497.72 285.61 -9999 -9999 -9999 -9999 -9999 -9999 -9999 -9999 -9999 -9999 -9999 -9999 -9999 -9999 -9999 -9999 -9999 243.97 248.78 69.69 121.24 362.71 712.87 1053.47 855.21 550.59 646.15 1148.66 1400.6
158.64 153.73 198.8 188.2 97.83 50.06 44.61 31.7 81.68 174.25 310.25 644.65 825.02 934.78 865.12 852.64 767.98 781.02 659.25 507.76 620.94 642.85 744.45 1025.82 1078.1 1296.6 1406.28 1453.92 1649.63 1289.6 1266.91 1494.62 1474.32 911.66 1470.68 1273.75 1728.09 1934.21 1332.72 1238.88 1399.07 1247.87 754.58 527.95 336.95 182.53 -9999 -9999 -9999 -9999 -9999 -9999 -9999 -9999 -9999 -9999 -9999 -9999 -9999 -9999 -9999 -9999 -9999 -9999 -9999 -9999 -9999 -9999 -9999 176.95 618.64 904.63 764.26 429.97 428.49 635.08
108.18 118.61 82.44 123.46 88.65 39.99 29.44 49.75 77.59 331.51 499.99 477.47 564.97 783.22 757.31 645.51 626.38 546.01 439.46 521.69 658.22 706.62 800.75 1096.95 974.44 1146.35 1134.46 1237.33 998.33 850.9 894.03 889.17 882.05 694.74 919.94 798.35 1237.72 1273.07 857.96 1050.78 915.92 831.01 766.73 418.1 374.46 136.56 -9999 -9999 -9999 -9999 -9999 -9999 -9999 -9999 -9999 -9999 -9999 -9999 -9999 -9999 -9999 -9999 -9999 -9999 -9999 -9999 -9999 -9999 -9999 -9999 53.97 345.8 690.46 430.9 383.56 678.17
126.51 92.57 62.93 21.45 48.78 23.52 44.28 55.48 69.07 145.07 195.51 223.45 334.07 414.99 465.35 514.73 548.57 474.85 377.84 519.28 581.15 655.08 893.48 1354.71 1232.65 1163.49 1063.19 1409.41 1183.46 1053.21 826.6 775.79 685.75 723.08 553.23 774.1 836.98 706.66 512.29 374.77 635.11 517.24 351.79 139.4 -9999 -9999 -9999 -9999 -9999 -9999 -9999 -9999 -9999 -9999 -9999 -9999 -9999 -9999 -9999 -9999 -9999 -9999 -9999 -9999 -9999 -9999 -9999 -9999 -9999 -9999 -9999 22310.19 4102.28 102.05 47.27 125.62
46.65 62.23 37.91 13.77 27.37 71.33 103.13 82.42 115.05 294.51 361.32 384.69 429.89 555.57 522.15 492.55 420.03 314.61 417.11 490.95 557.02 612.53 599.76 1033.46 1088.07 915.71 1005.81 1110.88 1227.2 1277.4 1204.62 1093.29 1090.99 770.68 278.57 444.47 442.94 468.18 214.26 82.13 -9999 -9999 -9999 -9999 -9999 -9999 -9999 -9999 -9999 -9999 -9999 -9999 -9999 -9999 -9999 -9999 -9999 -9999 -9999 -9999 -9999 -9999 -9999 -9999 -9999 -9999 -9999 -9999 -9999 -9999 -9999 7213.15 13778.68 171.47 231.29 29.47
64.72 27.93 1.81 4.47 25.76 48.21 103.01 169 132.48 157.36 182.78 238.85 221.37 228.92 273.05 400.31 329.64 330.7 408.48 493.2 495.43 550.15 720.14 995.53 904.52 908.79 916.28 1093.07 963.08 857.43 983.74 747.44 494.34 238.55 116.38 -9999 -9999 -9999 -9999 -9999 -9999 -9999 -9999 -9999 -9999 -9999 -9999 -9999 -9999 -9999 -9999 -9999 -9999 -9999 -9999 -9999 -9999 -9999 -9999 -9999 -9999 -9999 -9999 -9999 -9999 -9999 -9999 -9999 -9999 -9999 -9999 5246.66 9176.55 1328.06 199.11 43.58
10487.19 1.16 2622.11 2.86 9.67 19.7 35.66 51.22 68.33 106.2 159.26 229.5 334.79 304.44 315.29 343.5 407.11 398.52 408.45 453.57 507.48 486.56 536.92 743.99 761.43 699.72 680.22 582.11 368.46 316.52 271.51 169.27 175.67 -9999 -9999 -9999 -9999 -9999 -9999 -9999 -9999 -9999 -9999 -9999 -9999 -9999 -9999 -9999 -9999 -9999 -9999 -9999 -9999 -9999 -9999 -9999 -9999 -9999 -9999 -9999 -9999 -9999 -9999 -9999 -9999 -9999 -9999 -9999 -9999 -9999 -9999 3935.04 20319.19 3282.2 12.61 24.25
