layers/final_practice/hyla_meridionalis/tmax_mean.asc
ncols         400
nrows         278
xllcorner     -21.041487136433
yllcorner     26.106002917928
cellsize      0.083333337679505
NODATA_value  -9999
[rows 165 to 197 of 278, columns 219 to 291 of 400]
-9999 -9999 -9999 -9999 -9999 -9999 -9999 -9999 -9999 -9999 -9999 -9999 -9999 -9999 -9999 -9999 -9999 -9999 219.9695 217.8517 216.4241 216.4908 215.6192 214.2325 212.7742 208.4342 203.9125 201.8159 203.3634 203.3284 207.83 207.1492 211.2242 211.5308 207.3158 205.0666 206.2175 207.5092 211.0791 213.6142 215.1792 216.1941 214.0875 210.635 204.1675 199.6108 202.4067 201.665 197.8408 196.0617 196.2392 194.9958 193.1408 193.0025 194.2158 196.8142 199.89 202.5317 204.84 207.0183 208.6292 210.2458 211.6625 211.02 209.5126 208.0067 207.9683 206.7 205.2042 204.8916 205.1717 205.0049 204.2383
-9999 -9999 -9999 -9999 -9999 -9999 -9999 -9999 -9999 -9999 -9999 -9999 -9999 -9999 -9999 -9999 -9999 -9999 220.205 218.8959 217.5616 215.8584 213.5566 212.8234 207.2108 199.6367 199.0184 199.7383 202.12 206.8491 204.6625 204.1891 212.045 207.8042 208.885 209.9508 210.475 210.0658 210.125 208.6649 209.32 209.0192 210.2 207.4991 206.65 204.0692 198.2609 195.6167 193.5792 194.035 193.9075 193.4666 193.1441 194.1225 195.8568 198.3033 199.7692 203.9125 206.4917 208.6875 210.5316 212.0158 212.1442 208.6759 206.6017 205.0441 205.0817 203.6592 203.5608 204.005 203.8575 203.0142 201.8609
-9999 -9999 -9999 -9999 -9999 -9999 -9999 -9999 -9999 -9999 -9999 -9999 -9999 -9999 -9999 222.5991 220.9685 220.2649 218.0366 216.6366 215.2392 213.6608 208.0984 201.0575 201.3742 201.9375 203.6491 203.9767 203.97 202.2842 201.9633 207.7475 210.7759 209.0275 209.9592 209.9133 205.8758 202.4375 203.3208 202.4558 209.0225 204.93 200.4867 203.6108 196.1492 198.7626 200.1983 198.2034 195.84 194.7492 193.7634 192.5317 192.7583 194.03 195.3858 198.2725 201.5192 205.0817 208.0591 210.4117 212.2858 211.3383 209.6058 210.9642 208.5317 204.6467 202.9549 201.1058 201.0242 200.6191 201.0183 199.4508 196.9867
-9999 -9999 -9999 -9999 -9999 -9999 -9999 -9999 -9999 -9999 -9999 -9999 -9999 221.5069 220.4815 223.3717 222.9475 219.655 214.99 211.245 210.1292 208.5784 203.3025 203.0242 202.9525 202.9 202.775 202.5633 201.14 202.4025 205.5992 210.3241 210.2149 209.6016 209.7934 208.9492 203.3225 196.6442 198.6075 208.2601 210.1692 207.3692 199.1542 204.6858 194.0725 193.6683 196.2042 193.985 194.9992 193.5233 191.9626 190.8917 192.015 191.635 190.3267 191.6184 198.9875 205.2733 208.2391 208.7258 206.4508 209.8733 210.7592 211.2275 208.4158 205.0708 201.5316 198.2192 196.9875 195.6566 192.7009 192.6966 196.9733
233.9281 -9999 -9999 -9999 -9999 -9999 -9999 -9999 -9999 -9999 -9999 -9999 219.2473 219.1592 222.1008 224.5233 221.5125 222.1617 217.075 215.4817 212.2966 205.1259 201.7759 203.3525 203.6492 202.8033 202.7434 202.7517 203.3633 207.2117 208.9409 210.4258 210.7267 210.7475 210.695 208.5625 206.0817 205.085 200.9808 204.95 208.5142 206.8967 202.0325 203.0401 201.5975 193.0458 192.2842 191.1433 192.5909 189.8891 188.2291 188.4217 186.165 183.985 182.8592 187.3917 198.5858 204.2092 206.3817 204.695 208.3717 212.1075 212.3908 210.2141 207.6642 204.6025 200.7184 194.885 192.2717 190.7517 193.5066 196.4275 201.5017
235.2983 230.3475 229.8942 231.5383 230.6375 229.2184 228.0784 226.2583 225.2087 224.2672 223.4175 223.1475 220.2783 222.7209 224.9167 225.7499 225.6242 224.83 221.1033 214.9041 214.4633 206.8825 204.0583 203.7209 203.035 201.2141 201.9375 203.9533 206.4833 206.6883 205.9809 209.0892 209.1817 210.4758 207.21 207.0025 206.125 205.335 201.315 201.66 205.4175 204.6008 201.9791 198.5992 200.6717 196.3134 188.7342 188.3166 189.7358 188.3175 185.7442 184.7175 182.5934 182.8709 182.945 187.3608 193.3842 200.4508 205.3184 207.3049 210.545 211.9184 212.0983 209.7625 204.3792 201.4776 198.395 197.6892 197.7658 197.5467 197.4725 198.0575 203.2692
235.8241 238.3958 237.48 235.4575 233.4733 231.4833 229.9675 228.5042 226.5525 225.555 223.4667 219.6575 220.1517 225.1333 225.625 225.8209 224.1233 221.8341 214.2016 210.0117 212.3917 205.7249 202.6317 200.3258 200.325 198.575 204.105 202.1058 204.4784 206.35 207.8833 209.4825 207.0159 204.2491 206.9592 208.5675 202.1509 201.0475 197.94 196.455 199.4541 201.9317 202.1192 198.335 193.8283 193.2816 189.3759 189.8183 190.6792 189.3475 187.9325 187.0284 185.7875 186.7216 187.015 188.5966 190.0383 195.4742 201.7158 207.7767 210.6983 211.2908 209.2192 206.7166 205.8458 204.8658 204.1283 203.18 201.7584 200.7983 201.3075 201.6708 199.975
242.7608 241.4217 238.1299 235.4274 228.8067 223.8534 213.4217 218.9466 224.9625 228.7684 227.1559 226.9551 226.9843 227.0408 225.0583 222.4408 214.3625 209.0109 205.4791 207.49 202.1225 199.3517 194.8066 195.185 197.4666 197.765 203.0308 203.0058 203.285 206.155 205.5058 207.4333 206.0992 202.1141 207.7392 205.175 197.1808 197.4341 196.0225 194.3309 196.7959 199.2558 201.065 200.6583 197.8766 194.5475 192.6742 192.1499 192.3583 191.4684 190.6567 189.4891 189.6759 190.8367 191.94 193.93 196.4025 200.4217 204.6983 207.8692 210.18 210.4191 208.8724 207.2067 207.7466 207.4951 206.3583 204.8867 203.3367 201.9634 200.3117 195.9059 192.7825
238.1776 232.8633 222.1542 212.5617 214.6625 209.9275 207.5308 218.8183 228.415 231.5809 231.2066 229.4601 228.4458 227.5258 218.77 204.67 194.4733 189.58 191.5392 194.5783 192.9767 188.3084 191.7483 193.48 195.1934 196.1434 197.3908 195.7767 198.0791 203.435 198.5583 198.5575 205.4225 203.0292 203.2625 196.9059 196.5517 195.765 191.4883 192.0834 195.695 198.4942 199.5825 198.335 196.1625 195.3883 194.6775 194.7933 194.1859 193.6633 192.8016 193.145 193.2491 193.9316 194.9766 197.1059 200.4608 203.175 205.9166 207.8567 209.8284 209.805 209.0783 208.0367 207.1559 206.8917 206.0675 204.9358 201.9958 199.3076 199.9017 197.0525 195.8433
224.91 218.2434 213.8167 217.9083 220.8966 222.1408 222.7709 222.9559 223.2217 229.7542 231.0167 229.4659 225.6492 220.9458 216.7517 213.0758 203.5633 196.335 194.9816 187.3225 189.6842 192.3742 191.0425 191.2284 190.7308 185.7616 185.3975 188.2608 196.7592 198.1417 193.8291 192.83 197.725 196.005 196.4199 194.7542 193.0691 192.0192 194.0317 195.065 196.4517 197.1009 196.6733 196.4942 197.2942 196.3692 196.5284 196.8641 196.0408 195.7117 195.625 195.7716 196.2183 196.6709 198.0067 200.0958 202.2642 203.5033 205.7842 208.24 209.4517 209.1759 208.3183 208.04 207.8059 207.2333 205.1859 200.5342 200.6317 199.725 198.0317 198.8858 197.7009
229.7192 224.7825 225.0975 222.6367 220.9992 221.87 221.9092 221.3801 224.3175 224.7217 224.0576 219.9933 211.5959 201.3875 201.0858 198.8908 204.4283 205.4483 195.7133 193.1959 189.8883 189.345 187.0708 188.8792 182.3525 183.3234 187.885 191.43 192.4192 186.4417 187.3217 188.5809 191.9741 194.9458 195.0841 194.7633 194.7883 195.0475 197.6059 198.0442 198.7584 199.4917 198.6467 199.3859 199.9958 198.3784 199.2825 198.7974 197.7158 197.6692 197.4959 197.6992 198.1249 198.9867 199.5034 200.1075 202.4917 203.0516 205.9751 207.9292 206.9825 206.0284 207.27 206.5526 205.3559 203.0308 199.6359 199.9167 197.755 196.4158 194.1125 198.0125 199.1558
226.2883 224.1616 221.7292 221.4241 221.39 219.2142 213.4875 211.6983 216.4858 213.7533 211.4734 199.9383 190.5901 195.5517 190.53 197.3942 200.9716 201.1892 198.9733 196.24 192.5008 190.0225 190.755 188.2883 186.0566 187.7141 189.1175 188.8958 186.2233 186.6416 188.6391 191.4125 194.3125 195.59 194.2992 196.8159 198.6466 199.1408 199.6183 200.1308 199.5 200.03 201.1733 202.2533 201.6791 201.4125 201.2917 200.2751 200.1192 199.7008 199.3308 199.3233 199.1433 199.0609 198.8125 200.0342 202.0992 202.8358 201.2767 205.99 204.5883 205.6925 206.1925 204.9925 202.3858 196.24 193.4633 193.9983 194.065 194.3275 197.7792 199.1967 197.8866
221.5358 218.4625 214.1967 215.945 212.9616 212.3525 207.8816 206.055 210.8683 207.6825 207.6883 205.3758 199.1683 189.1292 190.9992 194.9192 200.7016 201.51 199.8492 197.2791 194.4617 191.7908 190.335 189.2133 188.2008 188.4742 187.9592 187.2733 188.1725 190.0225 191.7292 193.8575 196.5599 197.3967 198.9325 200.5925 201.1425 201.6225 202.025 202.2441 202.3457 202.9292 203.5242 203.6892 203.2967 202.8992 202.0808 201.0792 200.385 200.25 199.5359 199.445 198.3509 199.2566 198.8283 199.4333 199.7034 198.9 202.4767 205.2708 205.1009 203.0408 204.2466 204.8567 202.7658 198.9609 196.2509 193.2025 193.9209 196.6967 199.2142 203.2166 203.915
209.7567 208.6817 205.9259 210.4058 210.635 207.4533 199.5925 196.6958 204.9933 204.4784 203.8541 203.595 202.1558 203.7658 201.5441 201.1458 201.8766 200.9842 199.0566 196.0667 193.8067 191.22 190.5459 189.9292 189.2958 189.7392 190.4334 191.2875 192.5509 193.7834 195.185 196.7017 198.6734 200.4708 201.835 202.6158 202.8359 203.2509 203.6667 204.0975 204.8842 205.3534 205.0525 204.775 204.515 204.055 202.6925 201.32 200.8425 200.6075 200.3283 199.9817 198.6717 199.46 198.8025 199.1891 200.0017 202.7767 203.2325 199.8584 201.7042 203.2634 204.1742 205.5333 203.4867 203.2833 202.8033 201.2625 201.1141 204.9042 209.5767 211.2125 211.3426
213.9575 201.9517 196.6133 201.6058 206.5492 207.3625 207.1834 207.105 206.1658 204.515 205.2641 206.1634 206.4825 207.6317 205.86 204.1517 202.31 199.0075 194.9275 194.7083 194.1083 192.3558 192.1034 192.2758 192.3516 192.9775 194.2767 195.2875 196.3684 197.2375 198.395 199.6208 200.9883 202.3125 203.36 204.4167 204.575 205.1675 206.4042 206.8967 206.7433 206.4009 205.3841 204.92 204.8592 203.575 202.5492 201.9058 201.6408 201.5916 200.9433 200.1384 198.715 198.1208 198.1034 198.8842 201.2067 199.9833 197.1984 193.9941 197.77 199.5967 199.5342 201.7642 204.2266 206.0825 207.8475 209.1308 210.345 214.2725 216.6392 217.2208 218.4608
216.9325 218.0833 215.325 215.0959 214.8792 215.755 215.2651 213.4384 211.2684 209.83 209.1833 210.1124 209.3499 207.9976 204.2942 200.7866 200.5916 199.1275 196.0042 195.3742 195.2334 195.3208 195.2567 195.84 195.7625 196.4858 197.6559 198.6908 199.5466 200.4683 201.3734 202.3366 204.0525 205.1684 205.3775 206.7058 207.815 208.1033 208.1333 207.9776 207.8942 207.1167 205.5683 205.8692 205.6159 204.6283 203.1316 201.8734 201.5816 200.7117 200.2692 198.8575 197.1216 196.8133 198.4108 199.8166 197.76 196.15 192.9983 190.2134 193.7691 197.2525 200.8851 204.3033 204.45 205.6717 208.43 209.9275 216.1483 219.215 220.6242 223.2916 226.505
211.585 211.5275 208.2158 205.9242 208.8783 211.7125 212.6183 216.2751 215.6275 213.075 212.3308 210.9616 207.595 203.5116 201.7608 202.4792 202.0658 200.9058 199.7941 199.45 198.9867 199.1042 198.7141 199.0825 199.7608 200.0484 201.3892 202.12 202.8425 204.2317 205.6567 206.7091 207.3192 207.5833 208.1468 209.1084 208.88 208.8525 209.1566 209.0042 209.4417 208.5725 207.0584 206.9867 204.9425 203.9442 202.9817 201.7983 201.8383 200.6533 199.0875 197.3308 196.8041 196.0033 198.3267 198.3558 193.5733 190.5951 192.4366 196.28 199.7916 202.2616 206.285 209.3017 210.2758 210.5909 208.47 212.2817 222.6209 225.8367 227.0767 229.6467 230.6942
205.105 204.1033 204.6867 207.7567 209.4775 211.1109 212.6942 215.7308 216.8684 213.6858 212.1042 210.7567 208.2267 207.69 207.0116 206.3525 205.2567 204.7083 204.0267 203.5142 203.055 202.6575 202.7792 203.0675 203.5242 203.9741 204.6158 205.5233 208.0342 208.3592 207.6041 207.185 209.0733 209.2917 209.3983 209.5166 208.8633 208.8416 209.0307 209.8858 208.9634 207.5833 207.0709 206.4959 205.2808 203.6059 201.7516 202.0784 200.6067 201.0867 199.1333 197.5792 195.2333 195.5992 194.4692 194.08 192.3742 192.4116 194.3442 199.3675 205.7709 209.8175 212.9417 215.4933 215.0183 215.0067 210.2217 222.6042 225.3333 227.6149 231.8375 234.9033 235.16
196.9933 202.7025 207.4108 209.3608 210.8834 212.1958 213.2525 217.045 217.2167 216.4176 214.68 212.8683 211.5091 211.0508 210.0733 209.3242 208.8333 208.2042 207.5291 207.3058 206.8825 206.6984 206.6033 206.7392 207.2042 207.4525 207.6733 208.465 210.7667 209.8783 208.5549 209.3542 210.0217 209.4724 209.7225 209.3567 208.995 208.725 209.1734 209.0525 208.0742 207.7108 207.2525 206.5092 205.0167 203.5375 202.3892 199.9042 199.6509 201.8533 200.36 198.015 195.225 194.1175 194.5625 194.1975 193.3025 196.5258 201.3391 204.2375 206.485 214.8267 217.7158 219.89 219.8242 216.0267 221.1874 225.885 229.0958 232.7532 237.8925 240.6683 240.6925
201.0983 205.5767 210.1324 211.9292 212.9875 213.5584 215.1216 217.9308 217.1783 216.8983 215.2334 214.8092 213.9649 213.515 212.8925 212.5867 212.3292 211.6158 211.2551 210.9317 210.6325 210.4275 210.3033 210.21 210.2966 210.2658 210.4118 210.8225 211.7983 209.9575 211.07 212.0483 211.5516 211.1167 210.6583 209.0033 206.9275 207.3525 208.6433 208.9917 209.0183 208.3466 207.1734 206.0834 204.3658 203.0941 199.6725 198.4267 200.6392 199.9325 199.1792 197.1725 194.5325 195.005 196.6083 200.3333 198.5583 199.3792 205.0892 201.1467 209.8417 218.9975 222.3876 224.5451 226.1467 227.8316 229.8984 234.3191 236.2492 239.1958 242.5209 243.945 245.2658
208.5433 210.7883 212.7958 213.7517 214.5366 215.0317 215.51 218.6609 217.3425 216.3291 216.4083 217.955 218.8334 219.1642 219.0259 216.3858 215.755 214.8717 214.5667 214.4491 214.3867 213.8116 213.5158 212.9776 212.8983 212.64 212.7475 213.2208 213.5675 213.4667 214.2283 214.3817 213.4267 212.7175 211.7725 210.0867 207.7691 205.8167 207.1417 207.8067 207.62 207.0225 205.4833 205.2708 204.2975 201.1083 196.6692 194.8725 200.0666 198.4133 196.4858 196.4858 198.5866 202.9417 204.4842 206.7267 205.29 200.1425 205.0766 212.4616 219.2166 222.5225 223.94 225.7383 229.3358 232.0267 235.2092 238.62 243.6817 245.0434 245.5534 246.2441 247.0892
211.3892 213.0375 214.3075 215.2183 216.0008 216.7883 218.0159 219.5617 218.3266 217.9066 218.1409 219.4216 220.8142 220.8375 221.6567 222.0574 221.0017 218.2784 218.7767 219.7484 219.3467 217.345 216.34 215.9317 215.5858 215.2291 215.4134 215.4258 215.3624 213.9017 216.26 216.0958 215.4034 214.3484 213.155 211.7142 210.0542 208.0316 206.1741 205.71 205.85 204.215 204.0992 204.795 203.6058 200.4242 194.0875 195.6592 199.4233 197.4125 196.8925 199.4634 202.8775 209.08 212.0775 210.1325 206.9442 206.5399 216.5575 220.2925 222.2558 223.4125 223.6809 227.6767 231.3892 235.93 238.2009 241.2608 244.6874 245.8742 245.1775 245.2016 246.4233
213.1533 214.4775 215.585 216.5708 217.6625 218.9567 219.1917 218.97 219.5533 219.6967 219.94 221.0125 221.0133 221.09 220.5075 220.6667 221.2325 220.305 221.1292 220.235 220.34 221.225 219.2358 218.12 217.9541 218.1392 217.9691 217.7467 216.7516 211.1859 217.7925 217.7041 216.2058 214.9792 213.5034 212.7517 212.0125 211.0783 208.5042 206.925 207.0983 206.0642 205.7816 204.2783 202.1333 198.2234 198.5483 202.7158 203.0542 199.8283 192.775 198.1967 207.28 210.4783 209.03 215.5709 217.4675 220.2659 222.2816 223.5825 225.7058 227.2667 229.5442 232.4366 235.5817 237.3766 239.1024 241.3542 243.5892 244.2717 244.7692 245.335 246.4908
214.5109 215.815 216.955 218.1892 219.1067 220.4942 219.6767 220.1416 220.71 221.2008 221.3342 221.5009 221.5159 221.7825 221.9225 221.7142 221.2699 221.5159 220.9676 220.9833 220.8124 221.5425 220.6109 220.3392 220.225 220.0992 220.0475 219.9534 214.6817 214.5683 219.8392 219.24 216.4475 214.7209 214.2017 213.6925 212.8533 211.2225 210.8166 210.1641 209.5626 207.8667 203.9417 204.3091 203.7842 201.5633 201.39 206.215 208.1199 205.7425 205.8691 207.7716 206.86 206.8816 210.8958 220.7025 223.8434 225.5917 226.8017 226.51 228.9541 231.7901 233.9125 235.5967 236.8375 237.4942 239.0809 240.9267 242.52 243.8767 244.7283 245.7717 246.1792
215.1933 216.2758 217.735 219.385 220.095 221.3959 220.8191 221.2266 221.9858 222.4491 222.6008 222.6775 222.8399 223.275 223.4708 223.4725 223.1775 223.0842 222.9958 222.8601 222.7017 222.8375 222.5417 220.4017 219.5258 221.7358 222.3733 222.2283 221.3499 221.2467 221.4601 219.71 217.9325 216.4125 215.4283 213.97 212.9667 212.4375 212.5959 212.0559 210.8484 208.385 207.5942 208.635 209.1475 208.2175 208.5842 210.4142 211.7774 207.7467 212.0966 211.3642 208.125 216.495 222.3534 225.3983 227.8942 228.8983 230.8808 230.0858 231.4566 233.0416 235.2433 235.7559 236.9158 238.5959 240.1609 242.2658 244.3208 245.3099 246.76 247.8534 248.6925
214.3175 216.4983 218.8275 220.0075 221.1775 222.085 221.6567 222.0491 222.9009 223.5225 223.9025 224.1833 224.51 224.7741 224.9216 224.9667 224.8876 224.8058 224.7591 224.92 224.8241 224.2875 220.5534 221.7034 223.3467 224.0683 224.2758 224.4742 223.8016 221.4558 221.4858 220.5167 219.955 218.5558 216.4542 215.495 214.4733 213.5542 212.1317 211.5633 209.8833 211.2391 212.1575 213.4166 215.6775 213.2125 214.3975 216.9425 213.9267 213.5233 219.0875 220.1209 221.1391 223.8892 226.81 228.1725 230.4758 232.5133 233.2508 233.8666 234.7333 235.3608 236.7109 238.6317 240.1892 241.3742 243.25 244.92 246.5109 248.0959 249.0417 250.0167 250.9525
216.3408 218.2125 219.8208 221.1592 222.1833 222.7266 223.1933 223.1109 223.4025 224.2917 225.0675 225.4983 225.7767 225.7842 226.0016 226.6017 226.6708 226.4575 226.5233 226.3158 225.2417 221.8384 222.5958 225.3741 225.0525 225.1708 225.0966 225.4458 224.095 223.8558 223.1808 219.58 219.3767 220.4166 218.66 217.0092 217.5941 215.7208 212.1858 215.9892 216.2392 217.69 214.1741 216.5333 219.6291 221.8583 220.3542 217.7217 221.5417 222.9283 225.4741 226.23 227.88 228.7925 230.9508 232.9075 235.3925 236.1391 236.4133 236.7525 236.9066 238.2667 239.9283 241.715 243.585 244.95 246.3083 247.6892 249.06 250.5975 251.7341 252.7367 253.4025
216.9474 217.9592 220.245 222.1192 222.735 223.1567 223.6283 223.83 223.8175 224.3383 224.9284 226.3049 227.0425 227.1125 227.095 227.5284 227.825 227.9442 227.7683 226.83 226.3108 218.8951 225.3792 226.2983 226.1492 225.2483 225.0292 226.0983 225.9182 225.9833 223.0558 217.3809 223.34 219.3917 214.0467 216.4192 220.4917 220.1234 220.6608 223.9184 223.5025 218.4275 219.095 225.0575 224.4308 226.5967 225.4783 225.4575 229.115 230.1624 230.0517 230.4358 229.9758 232.6283 232.6759 234.4617 238.8041 240.0975 240.5767 240.9425 241.1534 241.3475 243.0108 244.4 246.1425 247.9824 249.2676 250.9608 252.1266 253.3125 254.435 254.8734 255.5783
216.5625 217.8584 221.0583 223.0342 223.2758 223.3441 223.2475 223.7225 223.0901 223.4458 224.8026 227.5675 228.3625 228.2359 228.0717 228.0584 228.5217 228.8525 228.4658 227.46 221.73 224.53 227.0966 226.8633 226.635 226.7575 226.5234 227.0967 225.5526 226.395 226.4866 227.8483 226.335 222.1333 217.1267 221.8067 222.955 225.705 225.64 227.5367 225.9 217.8558 227.9991 229.9592 227.6226 226.8317 230.6658 233.3533 235.6825 234.6967 232.8092 233.2225 235.1067 237.9366 239.2617 238.8767 240.995 243.8859 244.015 243.6325 244.9483 246.3317 247.4883 247.76 249.1158 250.8783 252.26 253.6533 255.0674 256.1991 256.9775 257.5 257.6691
214.145 218.3633 223.1533 223.0684 223.0775 222.3633 222.9733 221.4984 220.1891 223.3242 227.3783 229.1883 229.11 228.9925 228.7575 228.5867 229.2208 229.3375 229.5359 227.2642 225.2509 227.6101 227.67 227.3692 226.6742 225.4208 227.8017 225.4999 221.6625 228.4217 227.9175 231.0767 231.2083 229.9908 229.0275 222.9542 224.0434 228.6967 228.055 232.7876 230.9391 233.3124 233.4133 233.605 233.9609 233.6233 236.6608 239.6167 240.4933 240.3134 238.1667 239.3501 240.15 241.4299 241.6742 244.3316 244.51 245.3416 246.6524 247.1234 247.3 247.2391 248.98 251.3783 252.0958 253.46 255.2592 256.385 257.5992 258.6358 258.6124 258.2924 259.0567
216.9867 222.8241 224.9142 222.8358 221.2625 221.0274 222.3725 222.125 223.985 226.4992 229.2767 229.8759 229.4117 229.6017 229.4142 229.6983 229.9151 230.2799 229.9358 227.5608 227.5684 228.3108 227.6458 226.4833 217.3783 225.5092 228.0075 213.17 230.2058 233.7591 226.8208 234.6675 235.6908 234.2101 231.4276 225.335 230.2925 235.0767 233.0784 236.7192 238.4283 237.8534 237.5217 237.3308 238.4117 239.8875 241.295 243.1166 244.6566 245.4568 245.1209 245.0775 244.3133 244.4934 244.5708 245.9309 248.3267 247.5875 249.3991 250.2425 251.225 250.5299 251.7325 252.8884 255.1667 256.1466 257.63 259.1024 260.0225 260.7108 260.3283 260.2025 260.0967
221.0349 225.8883 226.8367 222.4833 219.2 220.8359 223.3508 227.7176 229.8934 230.525 230.7208 233.6841 234.6567 235.9092 235.4425 233.8034 230.355 229.5125 227.9475 227.915 228.1458 228.28 229.1766 222.2975 220.8825 234.2142 223.0042 219.6891 237.8308 236.5741 234.3983 232.8308 232.4667 236.7208 227.6067 236.475 240.8425 242.6184 242.3375 241.5392 240.8 239.9875 240.5858 241.1283 241.3766 242.4775 244.2917 245.8583 246.9024 247.4749 247.9076 247.7283 246.7451 246.8925 247.4975 248.0642 249.3109 250.3216 251.5884 253.425 254.3717 254.315 255.1559 255.8442 257.115 259.1958 259.7584 261.0542 261.7367 262.1292 261.7567 261.3517 261.6808
227.25 229.465 229.4983 227.4375 225.0867 226.505 229.485 232.4716 234.235 235.8825 237.7584 239.765 240.6425 239.2241 237.5308 233.0367 227.6367 223.5375 228.7092 231.0184 229.4875 231.6875 229.765 229.7209 232.7467 238.9059 234.985 241.5458 241.9916 237.4484 235.1666 227.8317 237.415 232.7758 234.2184 243.4917 246.1209 244.87 242.105 242.0883 243.22 242.4867 242.7683 243.945 244.8041 244.2184 245.6642 246.3458 247.9442 249.9291 250.09 249.72 249.835 250.2017 250.3734 251.1567 252.645 253.7034 254.6533 256.4358 257.0491 257.8458 258.535 259.195 260.2133 261.5675 262.1908 263.085 263.5133 263.5867 263.3866 263.4 263.5392
