layers/final_practice/hyla_meridionalis/tmax_max.asc
ncols         400
nrows         278
xllcorner     -21.041487136433
yllcorner     26.106002917928
cellsize      0.083333337679505
NODATA_value  -9999
[rows 33 to 65 of 278, columns 304 to 379 of 400]
244.48 241.43 247.79 246 245.4 249.3 256.5 257.95 257.43 258.17 258.47 258.36 248.65 244.46 244.2 238.18 236.97 220.73 222.74 209.49 199.46 192.09 222.55 239.29 249.81 252.39 252.6 251.92 250.8 244.15 238.18 188.48 190.43 183.69 171.33 181.12 152.1 165.79 143.16 123.01 104.24 82.5 87.26 51.04 70.01 95.95 128.29 112.08 97.29 103 107.63 134.23 121.24 169.65 161.68 186.47 121 101.06 129.37 109.67 120.75 116.17 94.51 109.43 99.32 117.62 104.8 99.18 88.82 93.08 107.48 134.1 166.52 119.29 75.03 62.56
243.06 240.75 243.21 245.11 246.78 252.42 258.75 258.45 258.62 259.05 258.57 259.24 248.71 246.6 243.45 238.41 237.98 234.2 224.91 200.37 201.54 230.65 251.38 254.98 255.14 252.4 243.28 231.41 203.69 203.71 240.42 208.16 176.94 167.59 155.95 144.32 117.69 121.72 99.11 131.36 109.69 124.77 87.58 113.26 156.61 155.17 121.32 91.56 107.31 117.01 158.98 182.9 136.18 151.13 178.23 216 143.96 141.6 174.48 123.64 163.87 118 119.41 140.51 112.43 83.58 64.36 56.87 141.78 109.23 102.33 123.34 154.07 96.68 83.25 94.02
239.37 234.58 241.65 237.24 246.18 257.71 259.99 259.01 259.09 259.68 259.44 258.93 251.72 245.76 247.97 242.56 228.13 216.68 200.31 200.26 240.46 251.22 256.72 252.75 246.1 227.76 210.87 208.39 195.74 178.09 196.63 247.67 207.16 160.76 132.22 148.99 165.73 200.73 215.35 183.73 178.72 179.64 191.91 169.18 149.58 105.34 107.81 154.84 158.12 136.74 159.69 191.62 179.53 176.29 158.32 202.19 171.87 184.32 192.27 156.4 238.89 191.15 149.09 115.91 91.63 120.99 154.81 103.04 152.42 148.99 156.68 195.61 141.4 124.5 131.6 134.72
237.74 225.98 233.64 234.19 253.48 260.82 259.3 259.62 259.63 259.85 259.61 258.25 253.16 247.79 242.33 229.97 225.42 219.93 215.63 242.18 254.23 256.36 257.06 248.44 221.48 212.39 195.94 192.32 189.3 164.76 185.95 194.69 198.03 138.68 199.06 224.32 209.88 167.61 140.96 121.31 101.53 119.77 158.17 94.47 117.67 130.12 168.12 205.93 173.38 141.97 171.96 192.33 228.96 205.69 211.99 198.83 237.78 205.03 166.12 181.48 216.06 237.88 133.76 197.23 172.44 168.73 209.48 168.38 169.75 226.34 210.94 185.5 189.03 145.96 103.11 116.18
226.85 231.18 234.04 250.83 260.4 261.64 259.16 258.46 258.44 258.73 258.51 259.03 254.56 244.8 237.49 222.39 212.5 240.32 231.95 252.73 250.38 240.74 234.71 253.54 245.66 225.38 220.39 211.27 197.89 162.07 148.22 140.79 216.98 223.02 190.25 130.56 126.85 140.45 107.83 107.61 55.39 120.57 60.72 108.36 84.26 135.51 179.86 240.31 193.86 190.59 205.46 202.25 237.98 241.44 220.83 234.07 197.16 181.76 192.91 257.33 243.74 232.2 236.4 228.68 201.27 212.57 209.38 192.89 195.35 179.54 158.35 200 193.17 113.53 88.61 112.46
235.99 237.25 237.85 252.4 263.1 261.53 258.6 257.9 258.71 258.49 258.27 259.55 259.25 243.13 226.5 220.56 211.32 248.57 252.82 247.43 246.51 233.94 234.28 231.52 231.03 210 222.8 219.02 189.68 187.39 134.49 163.76 151.48 190.27 164.17 131.8 89.41 98.83 94.71 62.69 81.24 113.96 41.6 88.9 104.79 167.78 213.54 240.43 185.35 188.48 194.25 220.88 255.17 230.66 221.82 244.81 226.04 231.7 231.45 259.48 221.32 176 163.68 172.01 162.48 154.32 133.17 162.16 154.33 155.75 158.16 197.32 225.62 142.08 132.07 154.4
235.24 238.58 248.62 253.02 263.05 263.22 259.28 258.75 259.25 259.61 259.71 263.21 255.48 242.94 229.31 225.67 233.73 234.82 250.56 249.28 249.01 249.09 233.83 196.83 201.88 191.62 166.47 225.92 180.36 165.22 159.45 122.37 80.91 151.36 136.74 62.71 95.07 64.52 76.16 81.34 73.07 62.91 44.41 127.63 150.47 185.44 169.51 201.55 222.91 252.99 249.78 256.51 250.57 250.04 248.86 250.11 223.4 237.28 248.45 258 202.88 223.54 192.35 222.19 217.75 165.45 182.59 212.04 179.87 211.25 212.82 255.07 185.01 137.35 175.65 210.48
231.56 244.04 255.78 260.12 263.14 261.11 261.32 260.29 261.65 262.93 264.95 264.94 257.43 239.26 233.25 235.19 252.84 246.47 246.46 259.46 252.6 250.67 242.26 219.32 212.75 181.32 183.51 210.01 209.25 165.93 94.92 99.33 116.69 119.66 120.59 121.17 121.76 114.25 106.78 137.22 106.51 92.93 92.87 138.82 169.5 180.73 204.29 203.96 238.68 228.5 259.81 266.5 255.6 244.64 250.59 250.59 239.89 248.8 226.91 249.11 254.41 223.32 229.08 236.54 235.69 209.78 232.03 241.42 231.56 245.18 244.94 184.84 165.48 180.01 204.8 231.13
238.11 236.99 251.02 253.05 260.43 262.79 266.43 266.75 267.07 266.1 267.01 262.75 262.8 260.99 235.41 254.02 263.05 263.35 253.52 257.63 248.1 218.73 244.18 219.14 220.12 210.75 196.14 179.64 166.59 95.9 110.69 170.6 149.62 134.36 148.34 198.88 163.58 158.16 175.8 177.58 158.44 130.68 122.91 155.31 197.18 211.6 218.57 235.6 248.28 250.29 264.07 270.95 269.51 265.38 261.63 260.59 264.55 258.22 264 270.48 266.4 257.97 250.79 257.92 253.01 249.63 258.4 242.34 272.38 246.57 212.47 227.07 210.44 227.74 247.4 214.25
244.98 243.24 237.86 246.45 262.39 267.56 269.06 266.66 265.37 266.12 265.48 261.75 264.24 266.13 263.52 259.47 262.25 257.32 260.7 246.33 221.47 234.44 200.32 221.07 240.47 217.66 207.01 176.91 145.9 133.28 127.32 149.71 151.68 188.29 208.3 205.96 178.07 189.15 179.17 206.53 215.22 141.12 164.54 163.52 178.56 203.01 236.89 255.76 253.13 264.69 267.82 273.56 272.61 270.48 270.7 269.95 271.45 272.52 274.35 273.17 273.76 277.16 278.21 280.75 278.83 275.42 270.95 256.06 271.95 257.29 246.61 242.8 260.29 256.45 235.64 252.96
246.66 240.05 233.93 246.99 262.67 269.48 267.8 265.51 263.17 264.56 265.96 265.95 261.66 262.01 265.72 265.32 252.09 236.62 263.55 234.33 214.82 219.29 210.28 250.57 229.66 228.46 159.21 149.82 163.2 203.13 170.02 121.97 127.04 135.91 144.05 126.89 128.56 106.72 113.29 164.48 222.54 203.34 176.26 184.8 229.46 243.14 257.72 263.79 268.24 269.96 273.44 276.31 281.11 280.04 279.02 279.75 280.93 281.81 282.5 282.39 282.14 282.48 284.87 286.01 286.4 286.85 284.93 283.69 282.82 272.29 269.6 252.99 262.88 271.69 274.02 288.04
242.81 234.24 247.64 260.7 262.04 263.27 268.08 267.99 263.22 258.71 256.34 258.65 257.51 256.53 257.97 262.21 262.23 246.74 250.63 260.66 239.41 255.85 258.81 247.46 179.73 225.31 198.42 206.45 194.75 159.7 135.11 110.41 100.95 115.9 119.6 84.72 99.8 127.85 160.65 139.68 173.61 218.83 224.79 242.81 261.92 267.32 271.89 273.08 274.71 276.06 278.29 280.32 283.46 284.15 284.36 285.46 287.33 289.19 289.02 287.06 286.18 287.15 288.35 289.43 290.1 290.02 289.47 288.45 287.38 287.47 284.94 275.01 275.09 280.4 287.47 290.53
249.58 247.91 251.15 243.26 255.68 270.58 265.4 263.58 260.92 256.94 254.41 252.45 251.46 250.87 249.78 248.48 251.27 241.97 214.87 236.9 263.99 253.55 206.92 238.04 159.34 197.27 228.26 192.9 164.99 124.69 121.32 136.55 101.21 105.49 125.47 145.6 169.27 164.87 205.9 195.1 226.84 256.81 272.47 266.78 266.15 272.04 275.57 277.27 278.28 279.48 280.9 282.22 284.18 286.63 287.49 288.72 290.55 292.73 291.71 287.37 287.71 289.26 290.77 291.59 292.43 292.53 292.34 291.25 289.89 288.84 286.61 284.47 284.42 283.82 287.34 289.06
231.55 218.11 212.98 227.29 263.28 273.8 268.05 265.18 264.04 263.43 264.29 261.59 258.42 256.42 256.99 252.47 237.77 216.48 205.56 254.01 239.89 207.03 166.96 239.04 169.27 170.65 170.43 146.91 151.95 108.38 109.77 103.43 120.32 102.86 139.07 164.59 180.01 197.23 219.06 254.9 265.67 265.9 272.91 273.64 270.78 274.65 277.27 278.76 280.13 281.18 281.91 283.21 284.68 286.53 288.86 289.59 290.96 291.95 290.61 288.13 288.98 291 292.44 293.53 294.27 294.13 294.1 293.09 291.61 290.25 288.38 286.73 286.81 286.99 286.05 286.21
223.25 211.78 228.39 247.94 257.47 273.18 273.63 269.88 265.73 261.35 257.28 251.28 251.29 257.95 263.87 257.93 215.45 211.65 239.99 252.18 199.77 155.08 174.87 210.67 222.11 157.72 130.47 104.24 110.79 147.99 143.53 129.28 119.62 97.92 140.6 173.8 221.37 241.73 255.73 267.42 272.94 275.38 274.29 275.11 276.1 277.77 278.38 279.11 280.2 281.25 282.18 283.07 284.45 285.8 287.67 289.68 289.94 290.6 290.58 289.95 290.81 292.16 293.84 295.48 296.03 296.2 295.5 294.48 293.43 291.73 290.39 289.2 288.86 289.1 289.39 289.84
223.03 209.63 231.23 249.91 263.67 271.06 271.01 268.08 263.33 258.03 254.01 254.53 262.94 260.06 214.26 226.75 258.02 257.83 247.95 190.19 164.74 143.04 154.27 195.93 173.66 211.66 168.04 169.06 173.45 160.48 131.71 146.49 143.56 128.05 171.63 189.42 219.65 234.45 270.7 273.31 277.54 281.81 280.92 280.02 279.57 279.36 279.07 278.99 279.96 280.84 281.8 282.59 283.49 284.89 286.21 288.17 289.67 290.23 290.11 290.9 291.75 292.86 295.12 296.7 297.62 298.06 297.04 295.93 294.34 293.33 292.09 291.28 290.73 290.73 291 291.18
214.57 219.97 223.63 245.74 257.42 269.01 271.89 271.55 269.39 266.37 267.12 268.68 248.62 212.77 212.51 214.21 262.3 254 207.7 176.42 205.72 126.32 140.9 128.32 128.86 148.17 119.95 130.33 142.32 121.06 122.05 201.07 228.2 236.86 243.59 242.64 253.16 265.1 280.12 285.84 288.71 282.45 272.28 273.22 271.37 271.34 272.34 274.42 275.2 278.87 280.75 281.71 282.39 283.59 284.88 286.45 287.91 289.45 290.74 291.51 292.97 294.89 296.8 298.34 299.57 299.69 299.03 297.45 296 294.22 293.25 292.51 292.13 292.01 291.82 292
214.95 233.95 237.55 253.71 261.23 268.65 279.02 276.98 275.9 273.32 261.43 266.87 243.09 216.65 201.89 226.06 245.93 234.98 198.67 170.4 209.91 187.93 150.51 143.38 135.92 133.71 132.94 158.12 173.85 185.73 187.88 157.15 171.71 169.89 181.55 235.06 266.7 274.94 284.44 290.47 281.02 271.27 276.11 272.57 273.38 274.18 271.7 270.46 272.12 275.85 278 279.31 281.33 282.53 283.96 284.95 286.09 286.64 284.87 284.17 288.61 293.43 296.49 298.98 300.42 300.78 299.73 298.37 296.88 295.32 294.29 293.01 293 292.77 292.56 292.64
234.1 231.31 247.81 245.54 250.07 260.31 279.68 277.74 274.3 262.34 232.99 227.9 215.54 208.71 196.82 234.5 232.05 222.19 188.32 179.58 145.98 155.82 135.42 115.39 106.93 129.76 163.59 158.9 156.31 180.68 155.61 134.92 169.04 215.44 230.13 239.09 275.5 284.27 288.57 290.77 289.6 284.49 279.74 276.01 275.56 273.04 274.18 271.68 272.79 274.28 276.15 275.82 278.34 279.79 280.48 280.54 277.34 273.36 270.26 267.36 274.75 282.88 290.61 296.75 299.6 300.38 299.11 297.94 296.46 295.28 294.31 293.24 292.93 293 293 293.27
235.84 240.88 249.18 254.16 254.13 268.71 280.62 278.88 269.81 238.38 220.6 216.07 204.98 192.25 187.66 231.63 236.06 239.56 229.06 200.18 179.51 138.69 120.35 117.33 102.61 171.08 158.11 194.22 158.85 143.44 123.07 126.12 154.65 164.2 232.01 266.42 281.17 285.16 287.19 287.63 286.32 282.29 276.66 271.86 274.2 274.46 275.01 273.07 274 275.37 276.35 276.47 276.05 275.5 273.74 269.65 265.09 257.58 249.77 251.24 253.47 258.48 273.46 280.29 288.18 292.24 292.94 293.75 294.17 293.88 293.49 293.04 292.82 292.61 293 293.76
221.2 240.21 254.07 262.05 271.24 282.43 281.43 277.06 263.63 252.14 244.84 248.08 242.3 197.88 186.47 222.55 240.05 209.07 210.97 219.94 196.33 176.34 163.69 146.95 122.24 149.67 210.18 152.98 145.79 148.93 152.86 156.35 158.71 214.32 238.24 270.92 281.72 284.3 285.01 284.45 282.46 277.67 270.03 270.06 272.26 272.92 268.58 269.97 270.64 269.39 272.56 272.71 271.78 269.76 266.34 256.94 253.79 247.57 240.69 222.6 246.98 250.83 252.11 259.62 258.57 269.63 273.57 277.92 284.42 288.88 290.63 290.45 291.24 292.05 292.94 293.79
255.19 248.34 249.72 266.94 276.67 281.92 270.15 274.41 270.87 266.69 256.07 250.77 244.63 229.55 220.71 199.83 204.18 185.55 191.66 190.01 225.56 193.35 164.91 175.41 139.09 140.58 171.22 207.5 171.38 165.21 142.81 122.7 124.3 152.11 201.03 255.54 275.27 282.15 281.27 279.92 278.06 275.75 272.11 273.79 271.45 261.58 260.28 262.53 259.74 262.81 268.47 263.9 265.97 260.99 259.98 250.75 241.63 216.76 204.28 223.9 244.91 215.35 235.2 231.26 231.13 241.53 261.39 269.56 277.1 284.07 282.35 285.35 287.24 289.17 291.14 292.53
273.23 269.79 255.18 257.82 276.19 280.84 276.48 274.24 263.58 250.96 226.38 241.85 227.47 243.02 220.77 204.42 214.84 186.56 184.01 178.4 197.5 225.51 203.78 157.6 150.98 159.8 220.28 188.91 162.13 132.72 124.7 115.84 155.67 148.04 186.13 230.88 259.34 269.37 274.24 274.69 273.47 272.19 271.5 266.33 257.66 247.63 254.91 254.02 261.68 257.34 257.12 258.75 254.67 244.45 241.34 241.86 230.95 220.07 204.59 229.16 224.8 216.81 217.02 231.14 242.41 246.76 243.27 262.83 260.52 262.07 260.49 273.71 279.8 279.15 283.53 287.04
279.01 275.97 270.82 277.83 285.87 283.73 278.46 269.72 256.55 250.62 235.17 236.11 218.92 223.74 227.68 215.07 228.89 229.28 222.96 215.46 239.3 243.45 236.87 232.65 235.59 233.77 210.84 149.51 146.53 148.06 118.95 129.32 159.33 187.81 206.13 216.64 238.57 258.8 268.11 269.62 269.66 266.72 268.22 261.03 244.6 247.43 248.61 252.48 254.64 249.7 238.67 242.52 237.58 226.84 240.1 245.56 231.99 216.74 218.49 220.51 214.12 206.51 208.25 227.77 235.37 232.01 250.38 250.48 225.02 236.35 251.89 255.22 266.86 260.01 263.92 274.69
281.93 275.13 270.69 279.64 285.96 279.58 273.2 268.88 258.51 237.91 239.08 232.59 241.67 226.41 221.09 212.42 236.33 237.18 212.68 230.45 250.86 237.79 239.99 239.52 218.7 180.63 153.29 136.89 165.03 158.77 141.82 161.41 181.06 185.77 203.99 232.91 249.4 260.87 263.42 264.91 265.17 264.34 265.07 253.98 242.28 245.57 244.69 255.59 247.4 245.59 224.66 224.03 242.3229 247.9195 259.8878 258.68 242.44 238.73 234.44 225.68 227.86 208.24 217.38 230.71 243.43 235.27 223.66 223.18 217.37 221.83 233.14 250.29 250.31 249.02 257.48 266.18
281.75 274.38 273.16 283.67 290.11 283.91 281.85 278.56 268.38 260.21 257.73 248.97 236.69 243.83 235.13 227.18 236.38 242.26 243.94 250.06 234.93 217.42 223.1 218.87 195.23 188.03 181.13 202.23 186.37 152.38 136.21 153.28 160.14 151.17 181.28 209.79 233.77 252.71 257.57 259.13 257.9 257.81 254.15 253.27 249.78 239.94 247.74 252.03 244.15 254.01 257.6629 -9999 -9999 -9999 -9999 -9999 -9999 256 260.8526 258.5773 261.53 234.07 238.29 235.03 208.71 218.94 258.83 236.8 199.02 207.49 216.01 219.99 238.96 248.7 249.77 255.04
280.98 278.16 284.2 290.16 291.21 286.6 285.87 279.47 274.89 267.24 253.21 251.56 239.1 231.63 219.99 228.44 235.83 245.78 255.91 252.96 241.07 215.18 192.55 201.49 208.42 166.75 149.53 164.72 144.33 134.65 166.95 141.76 161.86 187.86 195.41 209.4 228.15 231.99 234.79 223.04 232.47 227.52 228.21 226.02 238.36 231.61 232.35 241.07 257.55 -9999 -9999 -9999 -9999 -9999 -9999 -9999 -9999 -9999 -9999 -9999 265.2408 259.7526 244.73 252.55 248.41 232.53 246.76 271.64 252.73 235.15 202.46 197.78 186.09 210.83 223.01 221.88
277.1 285.53 285.58 288.17 290.42 287.41 287.23 283.25 272.49 270.31 248.95 235.97 236 231.14 226.74 229.66 224.19 227.73 254.74 253.16 238.36 221.83 215.66 221.83 226.6 202.48 159.87 181.9 158.17 154.96 159.53 185.59 173.92 153.09 138.87 161.77 188.46 184.54 205.16 182.21 171.08 169.81 189.91 206.09 228.28 227.79 230.7 259.49 264.7046 -9999 -9999 -9999 -9999 -9999 -9999 -9999 -9999 -9999 -9999 -9999 -9999 -9999 260.0392 255.0313 262.81 262.44 261.54 271.35 272.95 260.65 237.61 232.04 207.17 199.36 201.71 214.41
278.39 281.61 285.17 289.35 292.1 291.66 290.12 287.51 279.74 272.15 255.36 217.38 224.18 232.57 217.88 213.08 217.14 212.5 229.34 253.48 246.67 241.38 239.19 244.2 216.06 191.4 197 180.57 157.36 205.13 203.46 170.47 184 195.7 153.39 155.79 144.76 141.67 179.67 187.84 172.19 196.82 212.29 216.03 236.88 250.76 262.9479 -9999 -9999 -9999 -9999 -9999 -9999 -9999 -9999 -9999 -9999 -9999 -9999 -9999 -9999 -9999 -9999 -9999 249.4231 262.8557 276.3721 274.5876 259.95 237.52 215.84 230.69 253.81 247.32 209.62 190.27
286.26 286.61 283.57 283.59 288.82 290.94 290.16 290 286.21 279.92 271.1 248.31 236.23 228.54 233.69 235.05 241.64 241.17 249.56 259.18 253.33 252.71 247.57 230.61 228.29 212.93 206.11 201.26 188.39 212.71 214.07 198.17 199.14 234.52 198.68 209.72 179 165.14 204.36 209.06 198.36 207.26 237.31 250.52 262.51 272.24 -9999 -9999 -9999 -9999 -9999 -9999 -9999 -9999 -9999 -9999 -9999 -9999 -9999 -9999 -9999 -9999 -9999 -9999 -9999 -9999 -9999 -9999 -9999 272.4167 244.57 226.36 238.24 263.12 264.76 250.81
289.72 289.17 290.92 287.57 289.21 291.05 290.73 288.61 286.24 269.34 258.21 259.33 252.76 237.89 240.88 248.78 250.34 255.39 261.76 257.17 249.9 247.56 242.19 224.75 232.95 221.96 223.27 215.86 231.46 239.4 235.94 235.91 235.55 244.21 230.68 238.03 210.82 207.51 232.62 220.08 227.38 232.3 235.21 256.89 259.57 273.05 -9999 -9999 -9999 -9999 -9999 -9999 -9999 -9999 -9999 -9999 -9999 -9999 -9999 -9999 -9999 -9999 -9999 -9999 -9999 -9999 -9999 -9999 -9999 -9999 281.6118 265 243.28 262.59 268.28 248.52
288.3 290.49 291.83 293.02 290.77 291.35 289.06 287.34 285.95 280.95 277.36 275.47 268.24 263.11 259.91 256.61 254.77 259.21 264.42 256.51 253.13 249.11 234.9 205.68 214.83 219.24 226.37 203.25 219.47 226.26 238.9 240.63 244.46 241.01 249.03 237.56 233.59 240.16 251.15 258.49 243.43 250.23 259.1158 270.5405 -9999 -9999 -9999 -9999 -9999 -9999 -9999 -9999 -9999 -9999 -9999 -9999 -9999 -9999 -9999 -9999 -9999 -9999 -9999 -9999 -9999 -9999 -9999 -9999 -9999 -9999 -9999 284.27 277.81 283.56 288.7 285.86
292.1 291.48 292.22 292.81 291.14 287.7 285.04 285.31 282.73 270.83 266.3 264.77 261.62 252.73 255.51 257.39 261.69 267.51 261.25 256.81 252.94 250.2 250.89 225.58 222.21 233.26 228.21 221.96 214.72 210.94 215.08 220.37 221.03 237.66 259.81 252.68 252.37 248.5506 255.4314 268.9 -9999 -9999 -9999 -9999 -9999 -9999 -9999 -9999 -9999 -9999 -9999 -9999 -9999 -9999 -9999 -9999 -9999 -9999 -9999 -9999 -9999 -9999 -9999 -9999 -9999 -9999 -9999 -9999 -9999 -9999 -9999 285.1097 286.05 279.48 278.08 291.7
