layers/final_practice/hyla_meridionalis/tmax_mean.asc
ncols         400
nrows         278
xllcorner     -21.041487136433
yllcorner     26.106002917928
cellsize      0.083333337679505
NODATA_value  -9999
[rows 231 to 263 of 278, columns 146 to 218 of 400]
213.3825 206.4924 204.0108 215.0267 213.3491 214.6225 233.3675 252.485 252.7359 240.4792 243.0467 252.0642 257.9166 264.0342 265.7342 286.5208 291.9025 296.8634 296.5758 294.6492 306.2083 309.2742 310.7467 312.08 313.1884 309.3033 298.6558 310.645 322.2784 324.0991 323.2441 321.1733 318.705 316.2241 314.1851 321.6792 324.3825 324.3575 321.7884 322.8799 318.2816 321.0541 318.665 318.52 316.7667 316.9383 317.3917 318.8592 319.65 320.0316 320.35 320.2583 320.3317 320.0258 319.5583 318.3292 317.765 316.6 315.1516 313.2442 311.83 311.9683 312.1317 311.7866 311.0975 310.2633 309.9459 309.7567 307.4817 303.5341 307.2941 308.5242 308.2825
212.9475 203.0983 209.5766 227.9641 216.3617 227.7666 238.6875 246.45 252.6933 261.4359 256.7891 250.0683 250.8941 265.9984 282.695 291.5067 293.7308 297.9592 304.3866 303.4733 309.6508 309.9583 306.9858 312.9859 315.5142 318.8209 320.3149 323.1625 324.65 325.5184 326.0992 326.4658 325.4533 325.8525 326.0666 326.3916 326.6399 326.2092 324.4751 324.14 323.2175 323.1824 322.3584 320.3325 318.9583 319.5817 319.9174 321.1091 321.6608 321.6667 321.8417 320.5125 320.5058 320.5141 320.6808 319.9808 318.9317 317.6975 316.0641 314.6176 314.2184 313.8842 313.8425 313.5983 313.28 312.1466 311.5908 310.9592 310.5699 308.1867 307.4225 308.4891 306.9751
210.4017 200.9975 211.8558 233.2609 223.5433 231.2091 230.3967 239.9876 237.6017 265.7425 274.1549 269.2533 271.1958 282.3575 286.4966 286.0117 285.9983 304.0583 306.4417 310.4183 312.7684 311.3117 315.7958 317.1851 317.8625 319.8259 322.4791 324.27 325.3083 326.2625 326.67 327.1583 327.6075 327.7849 327.7592 327.7101 327.4534 326.9775 326.4108 325.9799 325.2758 324.2383 323.8425 321.3216 321.2242 321.2825 321.5783 321.7317 322.0333 322.6951 322.2692 321.8267 322.0367 321.3217 321.5342 321.1891 319.1325 318.31 317.0675 316.4983 316.0583 315.6334 315.4017 315.2525 314.9883 314.1733 313.55 312.7741 312.3417 312.3724 311.325 306.6892 305.9816
201.2099 200.99 210.3508 233.0409 246.0608 237.5216 252.6908 258.025 265.66 277.8983 283.3067 284.8641 287.4684 292.0708 295.4925 298.6133 303.7033 306.5458 309.8476 312.7517 313.6641 317.1608 319.2533 320.3792 320.0392 321.4275 322.3892 322.6566 326.0791 326.9483 327.5825 327.9092 328.1474 328.4184 328.5159 328.3617 328.3133 327.875 327.4525 327.2625 326.8333 325.9358 324.5933 323.4059 323.5009 322.6375 321.8166 321.8774 322.3158 322.3934 321.8526 322.0833 323.3716 321.9908 321.2059 322.0184 321.2458 319.7192 319.0525 318.3983 317.7651 317.3676 317.0691 316.825 316.5192 315.8442 315.1775 314.2591 313.4865 313.5417 311.0225 310.1117 309.6151
210.41 206.7176 216.4708 235.3933 254.8191 262.5983 269.0775 272.9758 271.915 285.8058 289.6991 293.9458 297.865 300.075 303.5333 306.6091 306.9608 309.1417 312.84 315.1458 316.1568 318.8325 320.2859 321.6083 322.4059 323.1824 323.035 325.0359 326.6084 327.0101 327.8517 328.0375 328.4991 328.8533 328.0642 327.18 327.2424 328.1967 328.6116 328.1791 327.9016 326.7033 325.5675 325.0208 324.6167 323.2408 321.8842 322.4666 323.499 323.66 324.4333 324.3925 325.0366 323.9792 322.8258 323.2567 322.5484 321.0367 319.9475 319.4634 319.3576 319.1342 318.6408 318.2717 317.9975 316.3751 316.1834 315.5809 315.2209 314.7275 314.8641 313.0067 314.2417
223.5425 225.7492 241.0866 248.7917 252.1216 264.5192 274.7633 276.0267 279.4916 289.8275 293.4167 296.9517 300.7642 304.5184 306.3859 309.1234 309.7417 312.6009 315.075 316.6709 314.7017 317.1476 320.1917 321.7642 323.1017 321.3991 321.6266 322.8275 322.6649 325.37 325.19 325.0558 327.1407 327.6949 325.4317 325.6741 324.4199 324.6933 327.8484 327.9642 328.205 327.6949 327.2142 326.6033 325.905 323.8025 323.92 323.6833 323.24 323.53 325.1141 325.5309 325.6916 325.6992 325.1401 324.7007 322.8633 322.0159 321.5726 321.2717 320.8865 320.61 320.115 319.6116 318.9584 318.4117 317.5916 316.93 316.4517 315.8616 315.6567 315.6025 313.9458
238.9075 246.4175 252.3625 257.48 256.1141 270.7767 278.0533 274.1783 283.1992 293.2775 296.7699 300.0117 303.2067 306.5475 309.1317 310.195 311.6933 314.6559 316.3483 317.5017 318.4091 318.5909 319.6617 321.0207 322.2559 318.9466 319.9917 321.5583 324.1308 325.0275 323.1017 322.8217 323.7625 323.1817 319.995 320.8275 321.7292 322.8875 324.0441 324.8982 326.9159 327.3134 327.4508 326.7782 325.6375 325.0966 325.1184 324.4375 324.2734 324.4916 325.0058 325.1651 325.8609 326.6941 325.7876 324.9467 323.1725 323.0325 323.06 322.7426 322.4759 322.0725 321.5842 320.9291 319.6175 320.5192 319.8258 318.5184 317.6817 316.9092 316.7392 316.6841 312.375
247.5859 249.7367 254.9333 262.2184 265.7809 275.3583 281.1875 286.68 292.3051 296.5367 299.6866 302.9725 305.6674 308.7282 308.55 309.9559 312.9525 314.7882 314.9383 315.0641 314.5092 313.6283 315.4533 320.2208 322.8025 322.9384 321.8909 319.7175 321.4916 319.7751 316.9875 318.1541 319.6216 320.3492 321.5159 322.1891 323.1843 324.0083 324.8717 325.5808 326.3082 326.9184 326.9925 326.8642 326.4801 326.2025 326.1742 326.0816 326.1017 325.8533 325.725 326.0308 327.3433 327.5116 325.6717 324.3091 324.0117 323.6859 324.0951 324.0133 324.1541 323.4883 323.0325 322.7675 321.8634 320.85 320.4726 320.2267 319.0626 318.1184 317.6691 317.7834 317.1458
250.9559 259.2367 261.5325 272.2934 278.5033 284.1149 288.3816 291.3283 294.8375 298.3258 302.595 305.7358 307.7625 308.0726 307.1808 309.4325 311.8358 313.4108 314.0851 312.5375 309.4234 308.4533 307.7984 310.8734 316.2991 313.5016 313.4025 314.45 315.9716 316.9709 318.2391 319.4792 320.6942 321.7617 322.7108 323.6883 324.4792 325.1684 325.6442 326.4084 327.3017 327.8584 328.3659 327.995 327.6908 327.43 327.8009 327.9959 327.6025 327.2191 326.9092 327.5241 329.1559 327.7509 325.91 325.1991 325.1425 324.3391 324.3575 324.7784 325.1142 325.4875 324.6158 324.1725 323.8342 322.9225 322.7984 323.2359 318.8633 320.1759 318.9975 318.2301 318.3799
257.9583 267.435 273.0959 280.8 285.6992 288.9299 289.6833 291.6534 297.6858 301.67 305.0475 306.8083 308.7292 310.0767 310.7458 313.0692 314.3525 315.3508 315.1417 313.0292 311.7108 310.7667 308.4209 309.4108 310.9208 312.9384 314.3268 315.6317 316.9366 318.3593 319.5009 320.8942 322.3258 323.2292 324.2092 324.9017 325.6059 326.2225 326.9392 327.695 328.3658 328.8308 329.1858 329.3666 329.3199 329.1815 329.0426 328.89 328.8033 328.5733 327.9792 327.6092 328.6742 329.3267 325.2075 325.6842 325.3026 324.3426 323.4126 323.6825 325.8132 326.0934 326.0166 325.4784 325.095 324.4208 323.6625 324.1742 323.2267 319.2224 320.1926 319.7975 319.1642
265.9733 273.4875 281.3725 284.1425 287.0859 290.8617 293.9833 299.1649 300.9583 303.9808 306.1359 305.5767 304.5625 308.1233 311.6559 314.0042 315.3876 316.4083 316.07 316.7458 315.6817 313.2499 310.8109 311.1216 313.1959 315.4508 316.045 317.0284 318.2776 320.0209 321.3099 322.6375 323.675 324.6417 325.47 325.97 326.4258 327.2184 327.7966 328.5074 329.2367 329.8459 329.9758 330.1983 330.3192 330.3642 330.3483 330.13 330.0949 329.8949 329.7691 329.6617 329.4759 329.3183 328.2991 327.2475 324.6642 325.2433 324.1059 324.1409 324.1083 323.7509 326.9859 327.0384 326.806 326.1408 324.9841 324.4633 325.3675 325.9157 322.0583 319.405 320.935
276.1708 281.2792 280.7208 275.3366 289.8691 295.5058 298.8383 301.6725 303.4325 304.7325 304.41 301.6967 304.4092 306.4 306.6491 310.6708 314.6151 316.9733 317.9025 318.5175 319.2742 318.135 316.6858 315.6508 316.3351 315.5483 316.6808 318.0434 319.73 323.5575 325.0108 325.6933 325.6717 326.0226 326.3042 326.9665 327.4359 327.8633 328.5675 329.1501 330.0526 330.5784 330.8807 331.1375 331.33 331.4908 331.6758 331.6458 331.4967 331.3842 331.1433 330.935 330.6134 330.2699 330.2408 328.8067 329.4216 327.295 326.1443 323.7442 322.5567 320.2025 324.4774 326.56 327.995 327.85 326.95 325.9642 325.7467 325.7874 327.2675 326.4459 322.1717
280.8516 284.82 282.7099 289.6284 294.6658 297.825 300.8866 302.1292 301.05 303.0025 306.375 308.2717 309.5442 310.3216 310.5917 309.0783 308.55 312.995 315.3625 315.6949 318.6158 319.8617 319.5292 319.9492 319.0625 316.8024 318.7726 319.825 321.7709 325.2741 327.0442 325.0874 325.8991 326.5466 327.1791 327.775 328.3784 329.0342 330.0533 330.7533 331.2599 331.6142 331.9109 332.275 332.5009 332.6533 332.7208 333.2592 333.0699 332.7758 332.42 332.0866 331.7075 331.4818 331.3983 330.7143 330.5109 330.0167 328.7666 327.13 326.8209 327.3867 328.085 326.2967 327.5217 327.4617 327.2867 327.1492 327.0309 326.9125 326.6792 327.6984 328.7791
285.2583 288.5159 291.8708 295.055 297.7201 299.6633 300.9075 302.2567 304.6408 303.77 306.9391 307.9601 311.1708 311.9483 308.9283 308.4258 309.6942 310.7741 311.8483 312.7667 313.7975 317.5175 320.4358 320.7717 319.88 320.5807 321.4425 322.6508 323.7617 325.6408 326.6933 325.8766 326.66 327.2992 327.895 328.9375 330.3316 331.5416 332.0617 332.5858 332.8059 333.09 333.4183 333.5366 333.6109 333.7999 333.8458 334.1509 334.9976 334.1892 333.6642 333.2032 332.7516 332.385 332.2408 331.7783 331.4308 331.6525 330.9483 330.3283 329.9492 329.5141 329.045 328.31 327.5442 328.1049 327.9893 328.26 328.4658 328.34 327.6983 327.4193 327.4258
289.2075 291.845 294.5275 297.265 297.99 297.7242 302.4567 303.3692 302.3708 298 302.0575 307.045 309.7433 308.08 308.2325 309.5192 311.2882 312.6475 313.8049 314.87 315.6984 317.0059 318.2307 319.0858 320.0717 321.6834 323.6275 324.7042 324.6766 326.3642 326.86 326.995 328.765 330.0267 330.6233 331.7051 332.6408 332.9867 333.28 333.7642 334.0884 334.2884 334.5841 334.5908 334.6016 334.7325 334.8466 334.7541 335.5592 336.0233 334.7108 334.2443 333.8342 333.3683 333.0533 332.6908 332.3183 332.2983 332.3416 331.3209 330.8117 330.2433 329.9299 329.7825 329.2391 329.0833 329.4075 329.3725 329.4991 329.4034 329.3742 328.5609 328.1309
291.9191 294.1317 294.181 295.1491 297.3333 298.2225 294.3867 292.5434 295.2641 297.8584 300.5167 303.2184 305.6358 307.6125 309.565 311.3684 312.8076 314.2125 315.525 316.6666 317.6083 318.6325 319.9016 320.8524 321.845 322.88 325.2042 326.2358 327.2041 329.1332 329.285 330.0759 331.3059 332.0741 332.8316 333.7042 333.7626 334.2392 334.7549 335.0683 335.0933 335.2991 335.7259 335.6025 335.5916 335.6725 335.7417 335.675 336.0508 337.0192 336.1591 335.2425 334.8833 334.5475 334.0226 333.43 333.1908 332.9866 332.9333 333.0775 332.21 331.8068 331.4133 331.3958 330.6617 330.7367 330.365 330.2433 330.1084 329.7516 330.11 330.3458 329.4566
291.12 293.8699 296.8192 298.965 299.7209 297.7316 292.3992 294.7216 297.8267 299.9717 302.21 304.785 306.9651 309.0342 310.875 312.6416 314.2875 315.8017 317.1591 318.5891 319.8109 321.1708 322.7775 323.85 324.81 325.9034 326.9975 327.7682 328.7526 330.1675 330.8441 331.4583 332.5208 333.3908 334.0483 334.7599 335.3834 335.8316 335.9091 336.1891 336.045 336.1907 336.7375 336.42 336.3025 336.405 336.665 336.5499 337.0775 337.4866 337.9366 336.7442 336.025 335.595 335.0125 334.7166 334.335 334.0892 333.8192 333.7125 333.7441 333.0358 332.6191 332.3033 332.1567 331.9225 331.7301 331.7608 331.6517 331.2575 331.3376 331.0092 330.8916
294.7782 296.9116 298.8291 300.6383 302.0932 299.9767 301.27 297.0766 300.3049 301.9958 304.235 306.4367 308.545 310.4542 312.2125 313.9941 315.9067 317.5566 319.0758 320.5384 321.8492 322.9708 324.45 325.6366 326.4342 327.4859 328.355 329.3517 330.5951 331.5634 332.4101 333.1459 334.0475 334.7308 335.4041 335.9916 336.415 336.7208 336.7475 336.9142 336.9283 336.9809 337.3224 337.2525 337.2625 337.4008 337.4984 337.37 337.4218 338.2841 338.1734 338.2174 336.9125 336.4691 336.1041 335.6893 335.4967 335.1584 334.8784 334.7008 334.7607 334.1734 333.8076 333.4884 333.6734 333.3199 333.3217 332.7342 332.7825 332.5616 331.8842 331.7917 331.7559
295.0233 290.2017 295.8109 297.98 297.4283 299.7908 301.5983 299.8933 302.6217 304.0575 306.0218 308.0242 310.1825 312.1326 313.9275 316.1258 318.331 320.1216 321.5699 322.7717 323.6683 324.6992 325.6942 326.8051 327.8409 328.7076 329.635 330.6307 331.9126 332.9242 333.5917 334.2483 335.1817 335.8667 336.3675 336.78 337.0258 337.2483 337.3792 337.9217 337.8926 338.0516 337.9484 338.0016 338.1375 338.1917 338.7433 338.75 338.0433 338.3417 338.5325 338.5434 337.6491 337.2758 336.8283 336.6491 336.5725 336.415 335.8817 335.5191 335.5317 335.1216 334.7984 334.4625 334.1926 334.2033 334.0483 334.0167 333.3175 333.0558 332.9507 332.4525 332.2233
287.6916 287.8083 290.1758 292.96 295.4517 297.9109 300.11 302.3342 304.865 306.2625 308.0909 310.0759 312.0733 313.9058 315.6442 317.9616 320.3767 322.3675 324.0291 325.5375 325.8142 326.5766 327.6251 328.4433 329.3607 330.4034 331.3583 332.0316 333.1217 334.2134 334.7225 335.0791 335.8792 336.6433 337.2442 337.5775 337.7807 338.13 338.0217 338.4467 338.5724 338.9467 339.3058 338.845 339.0634 339.13 339.4875 340.3891 338.9809 338.9425 338.8483 338.4691 338.315 338.0034 337.7041 337.72 337.5074 337.3651 337.015 336.5959 336.3117 336.09 335.5475 335.4567 335.1766 334.56 334.5459 334.2809 334.1734 334.0016 333.6575 333.3075 -9999
286.9991 289.4942 292.21 295.0567 297.6825 300.02 302.265 304.5142 306.825 308.42 310.3099 312.1559 313.9451 315.57 317.3725 319.3559 321.7559 324.1274 326.0041 327.4183 327.7341 328.0409 329.3708 330.48 331.0558 331.7042 332.5243 333.3009 334.2857 335.145 335.6017 336.2183 336.8725 337.7582 338.0493 338.0007 338.5683 338.7576 338.6883 339.0209 339.3492 339.7633 340.0525 339.98 339.9384 340.5957 340.6567 340.7809 339.7384 339.2491 339.3067 339.0201 338.8491 338.5233 338.5468 338.2784 338.4134 338.1109 337.8408 337.525 336.9866 336.9109 336.6407 336.1967 335.97 335.7908 335.2533 335.0201 334.755 334.6425 -9999 -9999 -9999
289.3517 291.84 294.4575 297.2216 299.6625 302.0026 304.3109 306.4982 308.6692 310.58 312.3517 314.1017 315.6708 317.5416 319.3733 320.9708 322.8683 325.2617 327.3201 328.8051 329.8842 330.3258 330.45 331.3841 332.6708 333.0316 333.6735 334.3533 335.1792 335.8674 336.4083 337.0742 337.6934 337.9684 338.2549 338.5159 338.8849 339.1034 339.2282 339.5809 339.8641 340.1984 340.2792 340.4517 340.9043 341.6907 340.7608 340.8158 339.9108 339.6667 339.6491 339.4975 339.4225 339.4058 339.1067 339.2467 339.3441 338.8917 338.57 338.1401 337.8416 337.6307 337.3717 337.1017 336.8283 336.6892 336.1516 -9999 -9999 -9999 -9999 -9999 -9999
291.9183 294.4117 296.93 299.6124 301.9516 304.2383 306.5233 308.6192 310.66 312.9375 315.0341 316.8592 318.1691 319.795 321.2642 322.81 324.3466 325.8909 328.2233 330.1392 331.4358 332.5491 332.5667 332.4808 333.6466 334.1125 334.5459 335.2942 335.9725 336.5841 337.0984 337.6974 338.0867 338.6625 338.8784 339.0134 339.2592 339.6075 339.8909 340.2292 340.415 340.9043 340.7441 341.125 341.2742 341.4417 340.8026 340.5316 340.6441 340.3484 340.2116 340.3183 339.9375 340.455 339.8718 340.0284 339.8809 339.5858 339.4257 338.8933 338.6142 338.3942 338.2542 338.0674 -9999 -9999 -9999 -9999 -9999 -9999 -9999 -9999 -9999
294.16 296.725 299.3183 301.8492 304.1358 306.4217 308.5299 310.6058 312.6901 315.4025 317.4958 319.5691 320.4383 321.6382 323.105 324.5167 325.8842 327.6792 329.4566 331.2075 332.3192 333.6258 333.2391 333.3707 334.7851 335.4417 335.72 335.8991 336.4116 337.0216 337.555 338.1217 338.5792 338.9391 339.4042 339.5958 339.7975 339.6301 339.8174 340.1367 340.3566 340.8392 341.0116 341.1984 341.4166 341.3466 340.9508 341.0217 341.0942 341.4125 341.0034 341.1117 340.7683 340.5717 340.9942 340.6683 340.6142 340.5317 340.0875 339.6525 339.3092 338.9266 -9999 -9999 -9999 -9999 -9999 -9999 -9999 -9999 -9999 -9999 -9999
296.1367 298.6625 301.1984 303.6417 305.9142 308.1441 310.3158 312.5332 314.7466 317.0583 319.3883 321.6467 322.75 323.2242 324.5975 326.0641 327.4867 328.8334 330.5625 331.8567 333.3574 334.7899 333.88 334.2067 335.5082 336.3009 336.2418 336.7383 337.2184 337.6017 338.0516 338.5825 339.125 339.5791 339.9258 340.0643 339.6892 339.7342 340.1141 340.38 340.5724 340.9375 341.0434 341.4233 341.6718 342.0632 341.795 341.92 341.8824 342.0558 341.8109 341.7366 341.6858 341.6134 341.4666 341.5217 341.1209 341.1226 340.7591 -9999 -9999 -9999 -9999 -9999 -9999 -9999 -9999 -9999 -9999 -9999 -9999 -9999 -9999
298.1191 300.5282 302.9091 305.3058 307.5734 309.825 312.13 314.3849 316.6901 319.0167 320.8942 323.1125 324.4183 325.4908 326.9551 328.0826 329.0734 330.6267 332.245 333.8233 334.8467 334.8625 335.4175 335.5984 335.4125 336.4691 336.6567 337.5492 337.8217 338.4192 338.6883 339.3266 339.86 340.1125 340.4342 340.4958 340.2016 340.5184 340.965 341.4908 341.7116 342.0759 342.105 342.1642 342.7341 342.8293 342.6049 342.9533 342.8108 342.9167 342.9884 342.84 342.6883 342.3917 342.3849 342.1358 -9999 -9999 -9999 -9999 -9999 -9999 -9999 -9999 -9999 -9999 -9999 -9999 -9999 -9999 -9999 -9999 -9999
299.9491 302.2525 304.5733 306.8076 309.1808 311.5675 313.8784 316.2791 318.5425 320.9291 323.4534 325.5924 326.8558 328.2675 329.2466 330.3766 331.6175 332.9742 333.53 333.7375 333.61 333.8958 334.2533 334.6508 335.1725 335.8967 336.5708 337.1724 338.065 339.0358 339.6183 340.2659 340.6283 340.995 341.2791 341.2693 341.0466 341.3699 341.9526 342.5125 342.7841 342.8275 343.035 343.3926 343.18 343.4867 343.8758 343.8293 343.9709 343.5317 343.5491 343.8326 343.5009 343.4908 -9999 -9999 -9999 -9999 -9999 -9999 -9999 -9999 -9999 -9999 -9999 -9999 -9999 -9999 -9999 -9999 -9999 -9999 -9999
301.5201 303.7509 305.9943 308.3391 310.6416 313.045 315.5184 318.1833 321.07 324.2967 326.4525 327.6042 328.8409 329.8141 330.7584 331.0917 331.5016 332.1216 331.8567 332.1084 332.9034 333.7175 334.4492 335.0367 335.7275 336.4275 336.9967 337.75 338.5582 340.3883 341.2176 341.3134 341.4142 341.7692 342.1175 342.3293 342.0425 342.4117 342.7542 343.1651 343.4133 343.5525 344.1059 344.3891 344.3784 344.645 344.795 344.8709 344.6509 344.7234 344.7009 -9999 -9999 -9999 -9999 -9999 -9999 -9999 -9999 -9999 -9999 -9999 -9999 -9999 -9999 -9999 -9999 -9999 -9999 -9999 -9999 -9999 -9999
302.9767 305.2067 307.4316 309.7216 312.0459 314.4283 316.9584 319.8391 323.3716 325.6134 326.9866 327.6117 328.3925 329.9909 330.2366 329.6725 330.1674 330.8733 331.6741 332.7983 333.9159 334.3542 334.965 335.6767 336.6059 337.4475 337.9558 338.9159 339.9792 341.03 341.5425 342.4333 342.9259 342.7857 342.8875 343.1842 343.1341 343.3225 343.4799 344.0191 344.0293 344.8925 345.1617 345.3758 345.43 345.3125 345.2509 345.2108 345.3875 -9999 -9999 -9999 -9999 -9999 -9999 -9999 -9999 -9999 -9999 -9999 -9999 -9999 -9999 -9999 -9999 -9999 -9999 -9999 -9999 -9999 -9999 -9999 -9999
304.3549 306.4925 308.7442 311.0367 313.3825 315.6316 318.085 320.915 323.7675 325.4459 326.3783 327.0459 327.175 328.2917 329.1425 330.0182 331.1109 331.8708 332.7792 333.3383 334.1142 334.9709 335.9158 337.45 337.9717 338.2891 339.2375 339.9142 342.17 342.8666 342.5392 342.6441 343.5008 343.6317 344.255 344.5108 344.1617 344.3866 344.7808 344.805 346.2108 346.3175 346.4466 346.2217 346.3916 346.4667 -9999 -9999 -9999 -9999 -9999 -9999 -9999 -9999 -9999 -9999 -9999 -9999 -9999 -9999 -9999 -9999 -9999 -9999 -9999 -9999 -9999 -9999 -9999 -9999 -9999 -9999 -9999
305.905 307.935 310.0616 312.2684 314.4934 316.7558 319.505 322.1526 324.0067 325.3409 325.9467 326.6034 327.8567 329.2 329.9016 330.6934 331.5992 332.4608 333.2968 334.3575 335.0417 335.9551 337.1582 337.8592 338.3683 340.59 341.4291 341.8708 343.8416 343.6642 343.3 343.2368 343.4408 343.8241 344.935 345.0317 345.0076 344.9309 346.055 346.0175 346.4959 346.3159 346.3241 -9999 -9999 -9999 -9999 -9999 -9999 -9999 -9999 -9999 -9999 -9999 -9999 -9999 -9999 -9999 -9999 -9999 -9999 -9999 -9999 -9999 -9999 -9999 -9999 -9999 -9999 -9999 -9999 -9999 -9999
307.1125 309.2242 311.3409 313.6367 316.1466 318.5208 320.4075 322.1458 323.6792 325.2583 326.0867 326.8117 327.845 328.8308 329.8016 330.96 332.1859 333.2018 334.0599 334.9617 335.9575 336.6583 338.7574 339.9182 341.4809 342.1584 343.0992 342.6701 343.525 343.9217 344.2825 343.8617 344.1066 344.4943 345.7592 345.5358 345.4908 346.0075 346.8509 346.4067 347.3966 -9999 -9999 -9999 -9999 -9999 -9999 -9999 -9999 -9999 -9999 -9999 -9999 -9999 -9999 -9999 -9999 -9999 -9999 -9999 -9999 -9999 -9999 -9999 -9999 -9999 -9999 -9999 -9999 -9999 -9999 -9999 -9999
308.8084 310.63 312.5591 314.6551 316.7292 318.6408 320.4892 322.0659 323.3933 325.0792 326.4633 327.2217 328.1349 329.2142 330.4233 331.4249 332.4583 333.4767 336.2433 338.205 339.5467 341.0275 342.6125 343.39 343.625 343.9567 344.2817 345.2675 345.4359 345.2209 344.6349 344.4976 345.0325 345.8033 346.3308 346.4109 346.6766 346.8691 -9999 -9999 -9999 -9999 -9999 -9999 -9999 -9999 -9999 -9999 -9999 -9999 -9999 -9999 -9999 -9999 -9999 -9999 -9999 -9999 -9999 -9999 -9999 -9999 -9999 -9999 -9999 -9999 -9999 -9999 -9999 -9999 -9999 -9999 -9999
