layers/final_practice/hyla_meridionalis/tmax_mean.asc
ncols         400
nrows         278
xllcorner     -21.041487136433
yllcorner     26.106002917928
cellsize      0.083333337679505
NODATA_value  -9999
[rows 132 to 164 of 278, columns 146 to 218 of 400]
-9999 213.425 212.1217 216.1158 216.9108 218.375 220.4283 220.7642 220.8375 220.3976 219.6442 217.96 218.3492 217.7867 219.2924 221.46 223.3633 222.8292 222.9167 221.75 221.3042 221.255 221.0375 217.1192 213.6658 207.5567 208.6742 213.2741 215.4001 213.225 211.345 215.0733 214.2758 211.805 211.5316 214.175 217.3109 219.7424 223.155 220.9566 216.0608 214.1342 213.3842 216.8841 218.7433 217.6475 213.7908 217.5492 219.7642 217.4742 214.3626 216.4491 215.5759 216.9517 212.6158 221.3458 218.9367 219.9208 223.8575 218.7792 225.7542 226.8533 225.7476 223.9667 226.2667 221.4783 215.4525 213.4391 214.55 215.5074 207.8767 202.2067 196.0525
215.0225 211.4408 207.2508 213.6201 217.0633 219.7442 220.065 221.26 221.2492 221.0308 220.445 221.6508 222.6175 223.4741 224.6541 223.4391 222.2258 222.5533 222.895 222.6534 221.2667 219.4866 218.2425 216.4175 212.51 208.8834 208.8933 205.7442 207.1484 209.5142 207.3025 209.785 217.2809 220.3592 216.9375 211.7092 214.7026 217.2592 221.8275 223.9933 224.4883 221.6358 220.0508 215.5975 213.66 216.315 221.9641 220.3167 222.3592 224.5683 221.0059 222.365 229.4609 227.6241 225.6542 227.1875 226.1142 226.6384 225.4541 228.8942 229.535 229.7133 226.0959 229.7008 227.1467 222.4325 222.3208 220.9733 215.8425 211.28 205.4 181.85 200.4742
214.0833 210.4258 208.9984 211.8975 216.3583 219.035 220.1533 220.7916 220.1658 218.7684 219.9892 220.5741 222.4525 222.13 224.2225 222.0584 220.6166 218.5183 219.8667 219.4617 215.675 212.4608 209.7558 211.6925 215.5608 209.57 204.5758 205.5001 206.2966 200.3975 203.1375 209.8542 213.8116 220.8042 223.9026 221.2067 215.955 212.175 215.8508 221.5859 226.7991 230.405 226.0108 224.8533 218.3125 216.8842 218.845 220.9667 221.5642 230.1825 229.5917 231.035 234.4316 233.9434 233.8217 234.6317 234.5625 234.4009 233.8408 233.1525 231.7308 230.1492 229.9508 225.4167 217.5599 213.0908 213.0442 216.665 220.4884 215.3442 193.2292 189.3617 185.0517
213.1577 209.3209 211.8592 214.675 216.9608 219.3092 220.0066 220.3825 219.5583 220.3725 220.6342 220.2516 221.13 223.4633 222.97 220.9025 219.9458 218.6134 218.1533 219.4217 217.565 216.8425 214.2475 207.8775 208.0033 208.085 208.3983 214.3175 217.4117 213.2033 211.9908 217.7975 215.1324 213.1067 224.3525 218.8066 215.6117 219.3025 212.9874 214.8492 221.2467 224.4033 229.6125 229.61 223.6791 225.3025 227.1858 224.8842 226.1558 233.5 237.2583 236.3642 237.24 233.6424 234.0676 232.7309 230.3891 231.9066 232.3058 230.8992 232.3933 231.395 230.3217 226.9383 224.1483 224.7783 223.9625 223.5616 220.6392 215.0908 200.11 185.4691 166.22
213.1211 209.8875 212.045 214.8551 217.325 218.3267 218.2158 217.4433 217.805 219.3534 220.5809 221.3758 222.4125 222.0625 223.0117 220.7825 218.6691 218.1992 219.9058 217.4001 212.43 210.4875 209.9558 206.3891 206.5117 204.5709 205.7967 207.8308 212.9892 219.7342 220.3416 218.7766 220.9417 222.425 229.8583 224.04 223.1167 222.5376 218.0491 220.8375 225.5741 232.4792 230.3292 234.2967 233.2258 234.4933 233.845 235.6134 238.6533 237.6541 235.2541 234.6283 233.4109 230.6717 230.15 231.41 229.0017 229.5592 230.185 228.0141 229.8342 227.7475 224.9133 223.4308 224.3367 220.8925 221.8575 223.1434 217.1408 202.5008 176.0325 173.5133 165.5825
212.4682 208.65 211.4375 213.885 216.0901 216.7266 215.8508 214.7092 215.7759 217.7575 219.2975 220.7125 221.1675 221.1317 221.8566 219.1658 218.3992 219.3351 218.6167 215.5725 213.3225 215.0291 214.8274 214.64 216.9108 216.0925 216.1142 213.8467 213.6775 219.0684 225.0549 221.8975 223.1008 223.6317 233.4925 234.2442 229.9042 230.9034 229.31 231.2599 234.1259 233.515 237.495 240.6142 239.9483 239.6651 238.8316 236.4166 236.5558 235.2375 232.5717 232.6491 231.9483 228.2058 230.7284 229.7342 228.6833 225.6733 223.4808 219.2175 224.225 225.3075 213.3016 203.4267 199.905 203.6726 215.9316 217.0808 217.5717 196.4783 172.3333 188.9725 193.5125
-9999 210.8623 211.9575 211.1175 210.9925 214.2233 215.5875 214.4017 213.8333 216.2792 217.6258 218.1867 219.2584 219.6191 220.9308 218.4525 220.2592 218.9908 219.3183 218.1917 216.9408 218.2458 219.0975 218.4367 221.2741 218.0417 216.21 216.4175 217.3966 218.765 224.3141 228.4534 229.6284 229.85 230.3775 239.6151 239.2317 238.1909 233.9642 236.7624 241.3383 241.4809 241.3434 240.1983 237.8475 236.6742 236.1734 233.3559 231.0333 232.8209 234.7475 232.13 231.2967 228.5433 229.0534 227.545 224.5191 222.7208 214.35 204.5508 214.0067 212.2316 208.6725 192.2691 173.6933 200.6583 201.4966 204.8633 209.0266 211.9867 202.2167 199.1458 201.4817
-9999 212.9292 213.465 210.5417 209.2391 208.2909 212.5925 212.2925 212.4033 213.62 214.5334 217.0817 218.8333 220.5658 220.7658 219.6558 220.975 220.0709 218.1091 216.3733 215.4174 218.7258 219.9034 217.7025 219.4833 216.8075 216.975 221.6767 219.1451 222.185 226.0208 230.0759 232.3433 236.6575 236.19 241.0851 244.67 244.3874 242.865 243.27 241.8741 240.1683 238.8242 238.1117 237.8833 235.245 233.5358 232.2541 232.5425 229.02 230.9775 227.8175 224.1058 225.0775 222.7133 224.9225 222.2141 212.2291 213.8267 202.2692 188.1609 196.0075 204.4583 198.4966 195.465 197.0267 198.095 202.8409 207.695 211.4616 205.9134 204.5717 207.0484
-9999 209.8166 213.3333 213.4292 212.87 211.2425 212.17 211.3058 209.7708 210.9241 212.6891 214.2358 215.3433 216.4117 217.8442 220.0792 217.4426 215.7367 214.5766 214.6875 216.5584 217.7225 219.4609 219.61 217.2934 218.0142 219.3883 221.5683 220.0508 225.1117 231.6475 235.5375 239.3067 243.7474 245.5 245.8667 244.6067 242.9033 241.8667 240.3417 238.4833 236.95 237.0433 235.1984 235.0417 236.0008 234.7492 234.2883 232.0092 230.2433 227.0408 220.65 218.395 210.6608 209.0125 218.1366 220.8875 214.1417 211.3725 196.5359 185.84 187.3883 197.4775 191.8825 197.0234 196.135 197.025 196.7684 204.4158 209.0308 209.04 204.4166 200.4042
210.7438 207.5841 206.7542 211.4558 212.8259 209.6591 208.0858 206.3534 206.0542 207.5783 208.5625 210.7034 212.4591 213.5542 214.1925 215.3291 219.485 216.2116 215.1283 215.625 216.4075 218.1 218.8425 217.5883 218.7967 220.3108 222.7025 225.5542 226.4425 231.1692 235.1209 238.0134 239.8691 244.8934 246.4659 245.25 242.7725 239.2991 239.9808 240.5292 238.4225 236.4974 235.92 233.1817 233.3542 234.6517 233.4867 233.0733 230.5616 226.7966 224.8433 223.56 219.8392 205.3391 209.2925 215.0259 211.795 210.8399 202.6884 203.9183 197.2967 200.1716 200.6633 202.0808 201.4266 195.1925 198.1475 201.6984 203.8083 196.7608 193.3916 187.3875 192.1117
209.0556 205.5116 203.6375 201.2434 208.7775 211.8633 209.7192 206.5875 201.945 203.4083 206.4483 207.8026 209.0542 212.3883 214.9375 216.4384 218.8081 216.5017 216.8042 216.1258 215.785 217.1166 218.8975 219.0383 220.6917 222.6583 223.6217 224.1875 225.2575 229.0709 233.5258 234.8842 236.5766 242.3534 245.7125 243.7542 239.9225 239.9692 240.7442 239.1608 238.2342 237.0275 235.4317 234.3417 233.45 231.6316 230.1634 229.1025 228.9441 227.5025 225.8966 221.7558 215.9675 213.6233 203.4242 205.265 202.5783 201.07 198.995 201.5467 203.9275 203.6125 202.5458 205.2217 194.5175 185.1525 193.2708 201.8075 199.4742 188.0942 179.4692 158.4042 170.3525
207.6225 202.625 196.6617 200.1383 209.9483 210.04 212.4292 209.6809 204.8875 203.1617 199.4983 201.2791 206.4917 208.6917 212.0275 215.8742 218.6311 217.925 217.4025 218.2917 217.6341 217.4175 218.0604 218.8632 219.5291 219.8559 221.2542 223.9925 225.465 228.5042 232.2492 234.4333 237.4284 241.1692 241.4308 240.0383 240.2508 239.7875 238.9392 237.69 235.6108 234.1483 233.3875 232.0242 230.97 228.1125 225.1583 217.06 223.1133 223.2325 222.3258 220.8225 220.5108 216.3717 213.4642 211.485 205.5525 205.0183 199.8875 204.7333 210.6633 213.045 210.7467 185.7008 176.625 184.1325 193.8275 198.0507 197.4133 188.4358 174.94 162.9041 158.9175
205.215 209.0174 211.9883 214.5408 214.3049 214.5192 214.84 213.2633 210.0825 210.5401 205.755 202.9184 206.8258 210.74 213.4833 216.4634 219.3034 219.1774 218.7653 -9999 -9999 -9999 217.9325 217.6676 218.2183 219.8158 221.5441 223.9609 226.4691 228.5216 230.9909 233.0108 235.1942 236.9575 237.5683 237.3566 236.6917 236.6091 236.4867 235.0216 232.6975 229.7059 229.5067 227.4542 224.8259 222.13 221.9341 215.5958 218.3716 217.8958 218.0033 217.785 215.5558 206.9233 211.4517 213.7684 209.4067 215.2058 214.1741 213.905 214.7584 214.54 213.755 199.7791 190.1909 173.5042 164.0833 178.4925 190.2591 189.7842 188.7292 187.8016 176.7275
208.0642 211.8834 215.0503 215.4003 214.676 215.5402 215.4755 214.9407 214.8366 213.2107 209.7417 210.3883 213.3416 216.7692 218.7947 -9999 -9999 -9999 -9999 -9999 -9999 -9999 -9999 -9999 218.022 219.1322 221.3108 223.9284 225.8167 227.34 228.5992 229.7917 231.07 232.2358 233.2808 233.9367 233.6167 232.9066 232.75 231.3092 227.4566 222.7916 222.0184 220.1308 215.045 217.3166 217.5642 214.575 217.255 216.63 216.0159 215.5867 210.2567 206.385 205.525 200.5625 197.6225 207.7291 207.7192 207.4842 209.0383 210.9459 212.6075 198.5384 173.0041 157.4808 127.365 137.0425 151.9975 154.6425 158.2792 168.1791 185.2642
-9999 -9999 -9999 -9999 -9999 -9999 -9999 -9999 -9999 -9999 217.649 217.1536 217.7789 -9999 -9999 -9999 -9999 -9999 -9999 -9999 -9999 -9999 -9999 -9999 -9999 -9999 -9999 222.1376 223.87 224.9842 225.5809 226.0175 226.6187 227.3692 228.2999 229.0908 229.0808 229.105 228.3933 224.975 223.1459 218.9883 216.6742 212.0675 214.6108 211.5209 211.2583 213.9458 215.9125 216.7492 214.3275 213.9516 207.8225 205.1075 197.765 184.025 183.9675 198.0059 200.8634 198.7916 197.4508 201.8141 203.0392 183.1742 137.4825 114.4584 119.9917 136.3417 151.6408 165.7467 167.2983 164.6125 173.2375
-9999 -9999 -9999 -9999 -9999 -9999 -9999 -9999 -9999 -9999 -9999 -9999 -9999 -9999 -9999 -9999 -9999 -9999 -9999 -9999 -9999 -9999 -9999 -9999 -9999 -9999 -9999 -9999 222.8142 222.98 222.8518 222.3877 221.8608 221.8759 222.5892 222.61 222.1184 223.6975 223.68 219.97 217.7875 216.3508 214.5325 207.2017 206.6725 204.1333 212.47 214.4942 214.0717 209.9417 203.4625 201.2433 202.8049 199.0817 201 200.4158 199.6142 190.5875 193.6774 199.3042 191.7475 186.4992 205.0584 200.6424 162.825 166.3975 168.5867 179.4991 198.2733 207.3517 197.4283 179.545 183.1783
-9999 -9999 -9999 -9999 -9999 -9999 -9999 -9999 -9999 -9999 -9999 -9999 -9999 -9999 -9999 -9999 -9999 -9999 -9999 -9999 -9999 -9999 -9999 -9999 -9999 -9999 -9999 -9999 -9999 -9999 220.3159 218.3351 216.9517 215.7 215.3342 216.7675 217.4192 219.255 220.205 216.2367 213.8442 209.5967 207.145 206.0467 200.2242 199.4191 204.4901 208.9499 212.21 220.0083 214.63 213.6825 210.8909 204.8975 212.3758 218.7708 216.1442 192.0975 187.9133 187.7067 186.1908 191.5367 201.6183 210.2467 209.34 203.3183 196.8083 192.7925 192.585 207.4299 208.2925 173.4475 165.08
-9999 -9999 -9999 -9999 -9999 -9999 -9999 -9999 -9999 -9999 -9999 -9999 -9999 -9999 -9999 -9999 -9999 -9999 -9999 -9999 -9999 -9999 -9999 -9999 -9999 -9999 -9999 -9999 -9999 219.9557 218.6207 215.4008 212.1558 210.1025 210.8017 213.3292 214.605 215.4892 216.0683 211.3659 198.2867 198.2125 202.6567 200.4167 200.215 190.6642 199.9567 200.235 217.1892 221.2309 216.1558 220.1658 218.1058 210.3417 210.4042 218.98 224.0508 218.6733 216.0808 214.5621 203.0507 217.165 214.295 221.6299 205.6967 205.775 203.9039 211.6171 207.3195 213.9017 215.9768 213.3578 215.5717
-9999 -9999 -9999 -9999 -9999 -9999 -9999 -9999 -9999 -9999 -9999 -9999 -9999 -9999 -9999 -9999 -9999 -9999 -9999 -9999 -9999 -9999 -9999 -9999 -9999 -9999 -9999 -9999 -9999 219.7876 217.4767 213.3158 209.6734 208.0742 209.12 211.9809 212.4775 212.1108 211.2542 211.9375 203.1609 188.1883 192.4258 196.6967 192.9792 179.0825 190.1275 213.0633 220.4126 223.7233 223.0625 225.1316 224.845 -9999 -9999 -9999 -9999 -9999 -9999 -9999 -9999 -9999 -9999 -9999 222.3423 -9999 -9999 -9999 -9999 -9999 -9999 -9999 220.5381
-9999 -9999 -9999 -9999 -9999 -9999 -9999 -9999 -9999 -9999 -9999 -9999 -9999 -9999 -9999 -9999 -9999 -9999 -9999 -9999 -9999 -9999 -9999 -9999 -9999 -9999 -9999 -9999 -9999 220.1437 217.2592 213.8617 211.27 209.2891 209.8025 210.0742 209.525 209.1234 210.9533 206.7558 203.8741 194.5642 200.1267 198.7833 193.985 190.3 202.9642 205.5667 210.3142 215.8125 210.6767 218.3394 -9999 -9999 -9999 -9999 -9999 -9999 -9999 -9999 -9999 -9999 -9999 -9999 -9999 -9999 -9999 -9999 -9999 -9999 -9999 -9999 -9999
-9999 -9999 -9999 -9999 -9999 -9999 -9999 -9999 -9999 -9999 -9999 -9999 -9999 -9999 -9999 -9999 -9999 -9999 -9999 -9999 -9999 -9999 -9999 -9999 -9999 -9999 -9999 -9999 -9999 -9999 -9999 -9999 211.645 208.8642 208.3383 208.9725 207.4142 207.2458 201.1175 204.3733 200.2833 205.24 205.935 200.32 203.3942 209.7991 214.6216 210.609 215.6808 221.2254 223.2077 -9999 -9999 -9999 -9999 -9999 -9999 -9999 -9999 -9999 -9999 -9999 -9999 -9999 -9999 -9999 -9999 -9999 -9999 -9999 -9999 -9999 -9999
-9999 -9999 -9999 -9999 -9999 -9999 -9999 -9999 -9999 -9999 -9999 -9999 -9999 -9999 -9999 -9999 -9999 -9999 -9999 -9999 -9999 -9999 -9999 -9999 -9999 -9999 -9999 -9999 -9999 -9999 -9999 214.4215 212.295 209.785 208.2991 208.6776 209.2616 209.5417 204.42 205.4183 210.7992 214.2517 211.1351 206.0942 217.5407 -9999 -9999 -9999 -9999 -9999 -9999 -9999 -9999 -9999 -9999 -9999 -9999 -9999 -9999 -9999 -9999 -9999 -9999 -9999 -9999 -9999 -9999 -9999 -9999 -9999 -9999 -9999 -9999
-9999 -9999 -9999 -9999 -9999 -9999 -9999 -9999 -9999 -9999 -9999 -9999 -9999 -9999 -9999 -9999 -9999 -9999 -9999 -9999 -9999 -9999 -9999 -9999 -9999 -9999 -9999 -9999 -9999 -9999 -9999 -9999 212.3983 210.215 208.4675 208.8316 209.96 209.62 207.9375 205.2275 212.1617 215.6725 216.09 -9999 -9999 -9999 -9999 -9999 -9999 -9999 -9999 -9999 -9999 -9999 -9999 -9999 -9999 -9999 -9999 -9999 -9999 -9999 -9999 -9999 -9999 -9999 -9999 -9999 -9999 -9999 -9999 -9999 -9999
-9999 -9999 -9999 -9999 -9999 -9999 -9999 -9999 -9999 -9999 -9999 -9999 -9999 -9999 -9999 -9999 -9999 -9999 -9999 -9999 -9999 -9999 -9999 -9999 -9999 -9999 -9999 -9999 -9999 -9999 -9999 -9999 212.0732 210.9116 209.755 210.2058 209.9817 206.6891 206.2391 206.8358 212.1624 214.8608 217.9948 -9999 -9999 -9999 -9999 -9999 -9999 -9999 -9999 -9999 -9999 -9999 -9999 -9999 -9999 -9999 -9999 -9999 -9999 -9999 -9999 -9999 -9999 -9999 -9999 -9999 -9999 -9999 -9999 -9999 -9999
-9999 -9999 -9999 -9999 -9999 -9999 -9999 -9999 -9999 -9999 -9999 -9999 -9999 -9999 -9999 -9999 -9999 -9999 -9999 -9999 -9999 -9999 -9999 -9999 -9999 -9999 -9999 -9999 -9999 -9999 -9999 -9999 -9999 211.4078 209.7619 210.0806 209.5233 207.8675 205.015 210.6809 214.301 216.174 -9999 -9999 -9999 -9999 -9999 -9999 -9999 -9999 -9999 -9999 -9999 -9999 -9999 -9999 -9999 -9999 -9999 -9999 -9999 -9999 -9999 -9999 -9999 -9999 -9999 -9999 -9999 -9999 -9999 -9999 -9999
-9999 -9999 -9999 -9999 -9999 -9999 -9999 -9999 -9999 -9999 -9999 -9999 -9999 -9999 -9999 -9999 -9999 -9999 -9999 -9999 -9999 -9999 -9999 -9999 -9999 -9999 -9999 -9999 -9999 -9999 -9999 -9999 -9999 -9999 -9999 -9999 208.875 207.9008 206.7724 205.0442 213.8062 -9999 -9999 -9999 -9999 -9999 -9999 -9999 -9999 -9999 -9999 -9999 -9999 -9999 -9999 -9999 -9999 -9999 -9999 -9999 -9999 -9999 -9999 -9999 -9999 -9999 -9999 -9999 -9999 -9999 -9999 -9999 -9999
-9999 -9999 -9999 -9999 -9999 -9999 -9999 -9999 -9999 -9999 -9999 -9999 -9999 -9999 -9999 -9999 -9999 -9999 -9999 -9999 -9999 -9999 -9999 -9999 -9999 -9999 -9999 -9999 -9999 -9999 -9999 -9999 -9999 -9999 -9999 -9999 -9999 -9999 210.9813 209.0115 -9999 -9999 -9999 -9999 -9999 -9999 -9999 -9999 -9999 -9999 -9999 -9999 -9999 -9999 -9999 -9999 -9999 -9999 -9999 -9999 -9999 -9999 -9999 -9999 -9999 -9999 -9999 -9999 -9999 -9999 -9999 -9999 -9999
-9999 -9999 -9999 -9999 -9999 -9999 -9999 -9999 -9999 -9999 -9999 -9999 -9999 -9999 -9999 -9999 -9999 -9999 -9999 -9999 -9999 -9999 -9999 -9999 -9999 -9999 -9999 -9999 -9999 -9999 -9999 -9999 -9999 -9999 -9999 -9999 -9999 -9999 -9999 -9999 -9999 -9999 -9999 -9999 -9999 -9999 -9999 -9999 -9999 -9999 -9999 -9999 -9999 -9999 -9999 -9999 -9999 -9999 -9999 -9999 -9999 -9999 -9999 -9999 -9999 -9999 -9999 -9999 -9999 -9999 -9999 -9999 -9999
-9999 -9999 -9999 -9999 -9999 -9999 -9999 -9999 -9999 -9999 -9999 -9999 -9999 -9999 -9999 -9999 -9999 -9999 -9999 -9999 -9999 -9999 -9999 -9999 -9999 -9999 -9999 -9999 -9999 -9999 -9999 -9999 -9999 -9999 -9999 -9999 -9999 -9999 -9999 -9999 214.8343 213.7114 -9999 -9999 -9999 -9999 -9999 -9999 -9999 -9999 -9999 -9999 -9999 -9999 -9999 -9999 -9999 -9999 -9999 -9999 -9999 -9999 -9999 -9999 -9999 -9999 -9999 -9999 -9999 -9999 -9999 -9999 -9999
-9999 -9999 -9999 -9999 -9999 -9999 -9999 -9999 -9999 -9999 -9999 -9999 -9999 -9999 -9999 -9999 -9999 -9999 -9999 -9999 -9999 -9999 -9999 -9999 -9999 -9999 -9999 -9999 -9999 -9999 -9999 -9999 -9999 -9999 -9999 219.0243 221.7923 218.5558 219.4359 218.5017 216.185 217.6029 -9999 -9999 -9999 -9999 -9999 -9999 -9999 -9999 -9999 -9999 -9999 -9999 -9999 -9999 -9999 -9999 -9999 -9999 -9999 -9999 -9999 -9999 -9999 -9999 -9999 -9999 -9999 -9999 -9999 -9999 -9999
-9999 -9999 -9999 -9999 -9999 -9999 -9999 -9999 -9999 -9999 -9999 -9999 -9999 -9999 -9999 -9999 -9999 -9999 -9999 -9999 -9999 -9999 -9999 -9999 -9999 -9999 -9999 -9999 -9999 -9999 -9999 -9999 -9999 -9999 -9999 222.2683 223.5692 222.48 221.285 220.91 219.1741 221.4858 -9999 -9999 -9999 -9999 -9999 -9999 -9999 -9999 -9999 -9999 -9999 -9999 -9999 -9999 -9999 -9999 -9999 -9999 -9999 -9999 -9999 -9999 -9999 -9999 -9999 -9999 -9999 -9999 -9999 -9999 -9999
-9999 -9999 -9999 -9999 -9999 -9999 -9999 -9999 -9999 -9999 -9999 -9999 -9999 -9999 -9999 -9999 -9999 -9999 -9999 -9999 -9999 -9999 -9999 -9999 -9999 -9999 -9999 -9999 -9999 -9999 -9999 -9999 -9999 -9999 225.7431 226.1033 226.1617 226.6433 224.5475 226.1667 224.3541 224.7259 225.9061 -9999 -9999 -9999 -9999 -9999 -9999 -9999 -9999 -9999 -9999 -9999 -9999 -9999 -9999 -9999 -9999 -9999 -9999 -9999 -9999 -9999 -9999 -9999 -9999 -9999 -9999 -9999 -9999 -9999 -9999
-9999 -9999 -9999 -9999 -9999 -9999 -9999 -9999 -9999 -9999 -9999 -9999 -9999 -9999 -9999 -9999 -9999 -9999 -9999 -9999 -9999 -9999 -9999 -9999 -9999 -9999 -9999 -9999 -9999 -9999 -9999 -9999 -9999 -9999 227.8476 228.4134 227.3092 228.6791 227.1192 226.1409 229.725 224.39 228.4475 229.258 -9999 -9999 -9999 -9999 -9999 -9999 -9999 -9999 -9999 -9999 -9999 -9999 -9999 -9999 -9999 -9999 -9999 -9999 -9999 -9999 -9999 -9999 -9999 -9999 -9999 -9999 -9999 -9999 -9999
