layers/final_practice/hyla_meridionalis/tmax_max.asc
ncols         400
nrows         278
xllcorner     -21.041487136433
yllcorner     26.106002917928
cellsize      0.083333337679505
NODATA_value  -9999
[rows 165 to 197 of 278, columns 228 to 303 of 400]
-9999 -9999 -9999 -9999 -9999 -9999 -9999 -9999 -9999 292.8293 293.53 293.5 292.65 291.76 291.04 290.67 290.58 291.18 292.66 293.34 295.77 297.38 300.69 303.08 306.9 311.71 314.28 315.86 317.3 319.67 321.83 323.9 325.54 325.1 323.53 319.33 316.42 319.31 319.54 317.89 317.17 317.5 316.46 314.8 314.95 316.77 320.31 323.97 326.96 328.91 330.45 330.71 330.35 329.03 325.83 321.67 317.28 314.06 310.06 307.03 306.27 306.3 306.7 307.18 307.86 309.72 312.12 313.79 315.62 315.77 313.94 311.4 308.14 302.06 303.55 306.66
-9999 -9999 -9999 -9999 -9999 -9999 -9999 -9999 -9999 295.79 296.89 296.85 296.81 296.56 296.25 296.26 297.06 297.12 297.73 298.06 298.21 301.12 304.8 305.67 310.95 314.04 315.76 317.41 318.76 319.79 319.96 321.15 321.54 322.99 321.67 321.51 320.08 316.64 315.98 315.89 316.42 315.86 315.01 314.54 316.03 318.18 321.22 323.64 327.69 330.37 332.02 332.67 331.77 329.2 323.88 318.8 313.91 310.16 305.77 303.74 303.25 303.16 303.24 303.59 304.51 305.08 307.52 311.06 313.06 313.47 313 312.27 312.75 305 304.82 308.44
-9999 -9999 -9999 -9999 -9999 -9999 295.7246 299.5854 300.98 302.95 302.88 302.19 301.14 300.33 299.97 299.14 298.95 299.04 299.59 301 303.37 305.57 305.74 308.04 310.99 312.96 315.23 316.54 316.05 317.18 317.01 321.36 319.4 317.11 319.36 314.85 316.81 318.28 317.49 316.96 316.77 315.66 314.32 314.15 315.56 317.6 320.89 324.61 328.58 331.62 333.83 334.64 332.18 327.92 325.07 319.48 312.48 307.13 302.1 299.63 298.16 298.81 298.74 299.26 300.73 304.72 309.45 311.55 312.55 312.76 313.04 313.15 311.18 310.65 308.43 311.53
-9999 -9999 -9999 -9999 298.15 302.8283 299.63 303.02 308.16 309.48 308.14 306.48 304.66 303.32 302.22 301.47 301.33 302.65 304.26 307.08 307.1 306.45 307.7 309.85 311.74 313.06 315.38 316.4 313.97 315.25 320.58 322.23 321.19 316.68 320.37 314.12 314.15 316.03 315.35 316.17 315.71 314.33 312.8 313.25 313.5 313.16 315.06 322.13 328.45 331.73 332.99 330.62 331.98 328.78 325.1 318.92 312.28 305.23 298.29 293.97 291.93 291.77 294.06 298.62 303.76 307.76 310.15 311.74 312.63 313.15 313.67 313.66 313.36 313.02 313.39 315.83
-9999 -9999 -9999 309.6087 311.08 307.19 304.94 312.52 313.17 313.89 312.24 309.8 307.02 305.71 304.84 304.63 305.37 307.42 309.91 310.96 308.56 309.12 310.36 311.92 313.17 314.6 316.75 317.81 318.45 317.32 319.5 321.78 321.44 318.94 319.76 319 314.12 313.85 313.3 314.28 312.75 311.29 310.64 309.13 307.92 307.47 311.42 321.34 327.09 329.83 328.78 332.09 333.07 329.49 324.28 318.42 311.99 304.69 296.13 289.35 288.03 291.31 296.06 301.69 306.29 308.93 310.42 311.45 313.05 314.05 315.35 316.33 317.22 317.74 319.04 320.69
305.1753 305.49 304.45 314.26 312.24 308.61 310.65 314.97 317.97 317.65 314.66 312.75 309.19 307.57 307.22 308.09 311.01 314.19 315.48 313.43 314.09 315.1 313.88 314.6 315.44 317.3 318.61 319.7 319.94 318.6 318.88 321.02 320.91 319.62 317.61 318.94 316.27 311.52 311.19 311.82 310.54 308.66 307.8 306.41 306.88 307.35 311.04 316.63 323.34 328.15 330.25 332.25 331.4 328.71 323.79 316.66 310.7 304.66 299.95 296.44 295.2 296.58 299.31 304.55 307.21 308.54 310.14 312.68 314.37 316.04 317.62 318.74 319.91 320.34 321.69 323.08
317.71 318.01 320.53 321.2 315.85 316.57 317.94 320.89 320.87 317.99 315.29 314.14 310.41 308.49 307.92 310.04 312.79 317.35 324.18 323.06 319.94 317.48 316.51 317.82 318.91 319.9 320.88 320.08 319.61 317.99 317.02 318.79 320.17 320.25 317.99 315.08 314.49 311.86 311.69 311.85 310.32 308.83 308 307.67 308.74 309.75 311.7 313.47 318.49 324.05 329.13 330.76 329.92 326.36 322 318.22 314.21 310.31 306.64 303.5 301.99 302.98 304.79 307.25 309.57 311.8 313.91 315.79 317 319.2 320.44 320.99 322.16 323.78 324.36 327.19
323.29 324.45 323.81 322.11 321.14 324.43 323.98 322.5 318.43 315.67 315.02 310.54 307.8 304.8 305.37 309.04 313.3 320.33 325.45 325.45 322.53 320.36 319.58 320.11 320.04 322.44 322.92 318.16 318.38 317.56 316.42 317.95 319.34 320.22 319.79 317.84 315.42 313.84 313.04 312.56 310.92 309.66 308.48 309.27 311.1 312.8 315.25 317.88 321.64 325.57 328.26 329.35 328.52 325.92 322.69 320.56 317.67 314.45 311.17 308.77 307.71 308.2 310.42 312.71 314.54 316.3 317.66 319.3 320.7 321.54 323 324.24 325.89 327.81 330.05 332.76
327.37 328.2 328.06 327.77 327.38 326.03 318.3 311.48 307.34 307.45 307.98 305.71 301.89 302.71 303.56 306.65 310.75 314.92 315.04 317.91 321.8 316.98 316.45 321.01 320.8 322.25 318.12 318.24 317.92 314.97 315.55 317.94 319.61 320 318.99 317.21 316.37 315.21 314.7 313.63 312.56 311.24 311.13 311.72 313.19 314.74 317.41 320.71 323.16 325.98 327.44 328.54 327.64 326.07 323.74 321.59 319.49 317.27 315.27 313.71 313.7 315.15 317.58 319.2 320.11 321.35 322.15 322.77 324.07 324.37 325.9 327.91 329.89 332.07 334.39 336.1
330.57 332.81 333.03 331.29 328.32 325.84 323.56 317.34 311.78 309.6 303.72 303.6 303.61 301.88 301.98 302.83 301.14 301.93 305.05 314.21 315.64 311.89 311.41 316.11 315.74 317.02 316.69 316.07 315.79 317.45 318.33 319.1 319.32 318.75 318.29 318.46 317.32 317.01 316.56 315.18 314.42 313.77 313.78 314.31 315.31 316.9 319.43 321.69 323.28 325.33 327.36 328.02 327.37 326.19 324.98 323.82 322.45 320.71 319.6 319.55 320.49 322.01 324.19 325.55 325.79 325.82 326.09 326.22 327.63 329 330.98 331.22 333.52 336.11 338.61 340.57
328.24 329.87 327.78 322.68 316.09 316.19 314.66 317.84 317.42 310.09 307.1 303.55 301.75 299.34 300.11 297.55 298.6 302.84 306.73 308.6 304.3 305.58 307.6 311.22 314.7 316.17 316.99 317.88 318.51 320.5 320.84 321.32 321.57 320.58 320.64 320.64 319.28 319.31 318.29 317.05 316.27 315.92 315.75 316.35 317.32 318.38 319.51 321.79 322.87 325.43 327.06 326.47 325.94 326.34 325.89 325.09 324.44 324 324.44 324.83 325.34 325.79 328.83 330.13 329.49 329.7 329.67 329.68 331.71 333.76 335.15 336.62 337.87 338.63 341.59 345.48
319.46 319.78 313.65 308.47 312.17 309.23 313.59 315.29 314.56 311.95 308.74 304.75 301.89 300.53 298.71 298.69 300.83 303.13 304.07 302.97 303.78 306.02 308.9 312.7 315.27 315.96 319.11 321.25 322.09 322.67 322.86 322.49 322.56 322.86 323.01 322.51 321.84 321.09 320.04 319.23 318.49 318.03 317.66 317.82 317.94 318.27 319.68 321.68 322.69 322.13 325.72 325.28 326.29 326.98 326.84 326.58 326.16 326.81 327.27 327.33 328.22 330.65 332.25 332.14 332.11 335.29 336.01 336.57 336.63 337.62 336.92 338.33 340.47 344.7 350.06 353.72
315.11 316.83 316.83 313.9 308.19 309.64 311.92 314.98 314.74 312.56 309.56 306.43 303.19 300.87 299.5 300.13 301.57 302.53 302.93 304.21 305.99 307.44 310.4 314.42 317.08 319.96 322.5 323.75 324.46 325 325.16 325.04 325.18 325.19 324.77 324.01 323.34 322.44 321.16 320.35 319.78 318.97 318.6 318.03 318.78 318.8 319.51 320.26 320.24 323.33 325.55 326.07 325.64 327.15 328.46 328.75 329.13 329.72 329.03 330.07 331.96 333.88 336.35 337.42 339.18 341.47 342.2 341.86 339.91 340.15 339.37 341.85 348.67 354.05 357.35 361.25
313.45 314.65 315.55 315.53 317.03 315.96 315.64 315.67 314.4 312.23 309.39 306.8 304.33 302.78 302.13 302.34 303.36 304.67 305.97 307.66 308.99 310.62 313.34 316.94 320.51 323.25 324.89 325.85 326.44 326.78 326.91 327.28 327.21 326.81 326.3 325.79 324.94 323.57 322.22 321.32 320.85 320.52 319.99 319.06 319.56 319.46 319.94 320.76 323.12 324 322.72 324.68 326.54 328.17 330.03 330.6 332.14 333.46 334.19 335.19 337.74 340.55 342.3 343.08 345.68 347.52 347.56 346.04 344.15 342.38 345.88 352 356.62 360.8 363.94 367.66
313.88 315.64 316.89 318.15 319.36 318.72 317.72 316.3 313.72 310.83 309.57 308.36 306.5 305.57 305.42 305.68 306.66 308.26 309.86 311.27 312.74 314.58 317.01 320.32 323.5 325.95 327.51 328.14 328.71 329.54 329.76 329.44 329.05 327.96 327.23 326.65 325.44 324.49 323.46 322.67 322.52 321.78 320.97 320 319.56 319.55 320.43 322.14 321.74 320.57 319.56 323.03 325.4 326.72 329.4 332.36 334.65 336.92 339.04 341.06 344.07 346.23 347.63 349.15 351.9 353.08 353.36 350.1 346.89 352.83 356.68 359.89 363.16 366.53 370.06 373.33
316.92 317.86 319.39 320.05 319.85 318.21 316.42 315.93 314.61 312.69 311.57 310.6 309.78 309.32 309.46 309.77 310.7 312.12 313.63 315.15 316.75 318.54 320.96 323.77 327.26 329.28 330.48 331.19 331.49 331.64 331.23 331.15 330.39 328.93 328.58 328.07 327.2 325.66 324.29 323.85 322.92 322.37 321.36 320.04 319.67 320.64 321.62 320.44 319.69 318.27 318.02 321.32 324.9 328.36 331.8 333.67 335.92 338.93 341.35 345.76 348.91 351.03 353.54 355.81 357.61 358.74 359.55 360.26 359.93 361.61 363.11 366.31 369.38 372.36 374.67 376.26
318.85 319.86 320.27 319.71 318.3 317.76 318.13 317.86 317.1 316.03 315.25 314.47 314.1 313.51 313.73 314.37 315.22 316.73 318.15 319.57 321.47 323.39 325.31 327.09 328.94 331.86 332.92 333.07 333.35 333.38 333.09 333.03 332.19 330.83 330.44 328.64 327.58 326.5 325.39 325.03 324.14 322.81 321.46 320.86 320.37 321.69 321.63 318.72 316.92 318.6 322.18 325.64 328.44 332.06 335 337.38 339.37 340.46 344.21 351.29 354.98 357.35 359.94 361.39 362 362.4 364.23 365.47 367.15 368.31 370.24 372.39 374.33 375.74 376.92 379.15
320.07 320.6 321.11 320.78 321.32 321.43 321.37 320.74 320.6 319.9 319.32 318.74 318.4 318.4 318.68 319.38 320.2 321.35 322.72 325.12 326.32 327.07 327.86 329.9 331.55 333.2 334.16 334.31 334.31 334.35 334.99 334.07 332.75 332.01 331.16 329.91 328.45 326.83 326.69 325.52 325.52 324.12 322.98 321.36 321.38 320.63 320.23 319.11 319.36 321.17 325.36 330.19 333.57 336.39 339.07 340.65 342.8 342.8 351.16 355.31 358.93 363.12 366.1 367.04 366.57 368.26 370.52 371.72 373.17 374.45 375.29 375.94 376.78 378.05 379.49 382.07
322.34 322.91 323.26 323.62 324.35 324.21 324.29 324.14 324.11 323.6 323.34 323.21 323.11 323.23 323.52 324.23 325.04 325.94 327.24 329.44 329.75 330.2 331.6 333.08 333.82 334.91 335.4 335.82 335.53 336.25 335.61 334.73 334.22 333.28 332.31 330.7 329.45 328.3 326.65 326.27 327.31 326.19 324.66 322.89 322 322.09 321.81 321.35 323.5 327 329.58 332 337.57 339.98 342.3 344.18 344.82 349.74 355.1 360.3 365.3 370.21 372.77 373.23 373.54 375.15 376.1 376.88 377.04 377.19 377.72 378.11 378.84 380.28 382.2 384.44
323.96 324.57 325.4 326.17 326.92 327.13 327.58 327.62 327.68 327.58 327.57 327.58 327.65 327.89 328.24 328.89 329.52 330.41 331.45 332.95 332.82 334.29 335.42 336.05 336.85 337.29 336.95 336.1 336.36 337.12 337.34 336.84 335.73 334.54 333.19 331.49 330.24 328.35 327.38 328.2 327.59 327.07 325.68 323.98 324.17 324.91 327.08 326.23 327.07 331.03 329.55 335.43 341.34 343.92 346.24 349 351.97 355.43 361.37 368.17 373.34 376.66 377.87 378.93 379.42 379.95 380.05 379.98 379.69 379.9 380.42 380.93 382 383 384.21 386.06
325.76 326.93 328.6 329.88 331.06 331.81 331.3 331.32 331.4 331.36 331.76 332.08 332.03 332.41 332.7 333.19 333.85 334.67 335.7 336.91 337.73 338.76 339.65 339.62 339.91 339.79 339.28 338.17 337.11 337.79 337.78 337.43 336.7 335.2 334.19 332.44 330.77 329.11 327.65 329.64 328.64 327.24 327.04 328.06 330.46 331.27 332.8 332.08 329.44 332.82 338.02 342.67 345.17 346.8 349.14 352.85 356.32 360.08 366.22 379.26 381.43 381.87 382.18 382.71 382.91 383.09 383.18 383.16 382.71 382.57 382.74 383.4 384.17 385.28 386.94 388.67
328.37 329.54 331.05 332.72 333.68 334.76 335.87 336.13 335.18 335.86 336.76 337.13 336.6 336.54 337.07 337.6 338.07 339.13 339.99 340.8 340.93 342.86 343.31 343.33 343.03 342.6 341.92 341.06 340.02 338.86 338.45 338.26 337.17 336.56 335.9 334.34 333.43 329.8 329.87 331.13 329.89 329.24 330.45 332.2 335.78 337.63 336.64 334.97 335.1 341.87 344.83 346.68 348.09 349.3 352.88 356.91 361.66 365.87 373.11 382.05 384.28 383.92 383.95 384.63 384.74 385.57 385.42 385.1 384.93 384.79 384.85 385.24 387.45 388.51 390.05 391.7
331.03 332.32 333.63 334.79 335.83 336.4 337.21 338.17 338.35 339.17 339.6 340.09 341.19 340.78 341.03 341.59 342.59 343.34 344.15 344.57 342.2 346.53 346.7 346.12 345.59 344.9 344.55 343.94 343.4 341.81 340.62 340.52 339.79 339.29 338.48 338.28 335.23 334.21 335.1 334.73 332.9 328.8 331.47 336.49 338.49 337.6 341.97 343.35 345.73 347.48 348.78 350.83 352.59 355.12 358.42 362.26 365.68 369.92 375.59 380.88 383.31 384.66 385.38 386.21 386.97 387.4 386.89 387 387.08 387.49 388.84 389.79 390.85 391.66 392.92 394.28
333.69 335.01 336.23 337.04 338.07 339.19 339.86 340.27 341.27 341.58 342.3 342.87 343.95 344.14 344.8 345.52 346.38 347.32 348.15 346.09 346.87 350.38 350.04 348.54 347.44 347.17 346.74 346.28 345.21 344.77 344.23 343.64 342.53 340.41 340.49 340.09 338.27 337.32 338.73 339.33 337.85 337.73 338.57 338.07 338.1 340.59 347.11 349.38 351.03 352.33 352.69 355.05 357.87 360.47 363.07 365.75 368.44 372.13 376.47 380.34 383.44 385.27 386.73 387.32 387.66 388.49 388.61 389.05 389.83 390.25 391.01 392.06 393.38 394.32 395.51 396.35
336.34 337.61 338.92 340.09 340.93 341.95 342.96 343.6 344.2 345.11 345.71 346.35 347.23 347.87 347.47 347.86 349.95 351.13 351.9 352.44 353.08 353.55 352.5 351.34 350.4 349.74 348.82 348.05 347.62 347.34 346.76 346.01 344.45 343.81 343.97 343.68 342.73 342.25 342.57 343.11 340.77 342.99 342.6 340.66 345.78 349.73 352.13 353.96 355.04 356.89 357.16 358.81 360.87 363.6 365.49 367.97 371.25 374.63 378.57 382.29 384.88 387.22 388.76 389.98 390.47 391.23 391.94 392.13 392.46 393.61 394.32 394.83 395.6 397.01 398.18 399.07
339.09 340.39 341.63 342.97 344.1 344.91 345.81 346.8 347.6 348.18 349.18 349.95 350.44 349.12 350.71 352.45 353.65 354.57 355.44 355.66 354.98 355.37 354.83 354.54 353.44 352.03 351.31 350.51 349.71 348.77 348.13 347.05 347.44 347.63 347.88 348.54 346.92 347.17 348.13 346.27 345.89 349.11 349.61 350.42 352.16 354.37 355.5 357.44 359.24 360.42 361.5 362.97 364.44 366.76 369.31 372.13 374.87 378.26 381.5 384.65 387.43 389.25 390.89 392.31 393.05 393.84 394.38 395.22 395.9 397.11 398.24 398.57 398.78 399.62 401.14 402.2
341.99 343.3 344.46 345.63 346.76 347.88 348.99 349.83 350.5 351.62 352.21 352.45 351.38 352.66 355.03 355.86 356.66 357.33 358.21 357.91 358.17 358 355.91 355.67 356.21 354.96 353.72 354.01 352.61 350.17 352.26 352.23 352.57 350.3 351.11 352.4 353.33 352.15 350.4 352.37 353.04 354.71 355.2 356.35 357.04 358.79 360.43 362.47 363.54 364.35 365.31 366.26 368.43 370.67 373.4 376.21 378.87 381.69 384.54 387.16 389.71 391.78 393.46 394.68 395.03 395.94 396.79 397.69 398.92 399.38 399.74 401.08 402.16 402.69 403.37 405.31
344.13 345.62 347.34 348.5 349.51 350.4 351.65 352.74 353.69 354.37 354.75 355.39 351.7 356.54 358.02 358.67 358.98 359.35 360.7 360.93 361.26 359.57 355.83 359.78 356.96 353.37 354.82 357.23 356.59 356.71 358.09 357.61 354.46 354.48 357.6 356.74 357.71 356.9 356.67 358.65 359.33 359.35 359.45 359.35 361.24 361.76 363.23 366.43 368.04 368.9 370.13 370.99 372.19 374.55 376.76 379.59 382.43 384.95 387.68 390.07 392.28 394.19 395.55 396.8 397.88 399.22 400.19 400.95 401.71 402.9 403.27 403.91 405.49 406.14 406.48 407.01
346.16 347.83 350.36 351.75 352.54 353.45 354.07 355.14 356.18 356.88 357.17 354.51 357.14 359.76 360.44 361.07 361.91 362.28 363.16 362.44 363.24 363.23 364.14 363.09 360.27 356.71 359.52 360.07 361.3 361.06 361.83 360.48 355.53 361.07 361.99 360.27 359.49 361.61 362.95 364.41 363.79 362.51 363.06 364.31 366.19 367.55 367.83 369.7 372.21 372.98 373.55 375.27 377.22 379.25 380.68 382.94 385.62 388.13 390.61 392.93 394.95 396.63 397.98 398.85 399.38 399.81 400.91 402.85 404.51 405.86 406.65 406.33 408.1 409 409.74 409.78
348.43 351.39 353.29 354.18 355 355.72 356.45 357.86 358.65 359.82 359.17 358.64 361.19 362.1 362.63 363.12 362.75 364.9 363.71 361.28 366.02 365.81 367.56 367.41 366.53 365.64 361.62 362.03 364.49 363.83 366.29 364.9 365.89 365.61 365.42 365.6 365.06 366.83 368.47 368.86 368.89 367.63 368.41 369.19 370.37 370.84 373.08 373.52 374.85 376.34 377.48 378.41 379.43 381.75 384.55 386.38 388.55 391.28 393.39 395.46 397.32 398.49 399.19 400.49 400.67 401.8 403.71 405.57 407.42 409.34 410.28 409.36 409.68 411.33 412.46 412.91
352.37 354.75 355.89 356.63 357.36 358.12 359.06 360.01 360.94 361.63 361.23 362.05 363.32 363.58 363.79 357.67 364.37 366.69 355.83 368.59 370.9 366.22 371.13 371.46 370.42 368.47 364.27 367.06 369.57 368.19 370.1 370.59 370.02 369.6 369.09 369.57 370.35 371.23 372.2 373.09 373.73 373.73 373.57 373.46 373.83 374.14 375.58 377.61 377.82 379.57 381.13 382.56 382.97 384.95 386.77 389.68 391.61 393.77 396.09 397.97 399.56 400.38 401.12 401.82 402.05 403.78 406.16 408.01 409.12 410.51 412.32 412.77 412.18 413.61 415.05 415.89
356.91 357.91 360.19 361.56 363.01 363.65 363.39 362.07 362.5 362.23 362.89 363.93 364.8 366.31 362.01 361.73 372.14 364.2 361.82 375.04 374.16 372.59 371.24 370.69 373.14 367.34 372.43 374.65 375.33 374.94 374.23 373.54 372.72 372.88 373.07 373 373.47 374.28 375.28 376.08 376.4 376.78 376.86 376.46 376.73 377.58 378.47 379.65 380.99 382.64 384.62 386.1 386.91 388.53 390.19 392.02 394.74 396.24 398.26 399.86 401.28 401.83 402.54 403.57 404.08 406.04 408.24 410.4 412.75 412.9 414.55 415.61 414.84 415.92 417.35 418.35
362.05 363.86 365.51 366.77 366.71 366.62 364.66 362.02 360.02 364.26 366.5 366.37 368.61 367.95 368.75 371.71 377.05 374.34 378.89 379.14 376.02 374.38 368.98 374.79 371.69 372.39 377.72 378.98 377.97 376.16 375.85 376.08 375.44 375.35 375.9 376.43 375.71 376.6 377.05 378.12 379.27 379.69 379.55 379.75 380.43 380.84 381.7 383.21 384.87 385.81 387.8 389.16 390.63 392 393.59 395.18 397.29 398.81 400.46 401.76 402.85 403.86 404.69 405.4 406.91 408.46 410.86 412.94 414.24 416.25 417.44 418.33 417.41 418.48 419.93 420.48
