layers/final_practice/hyla_meridionalis/tmax_mean.asc
ncols         400
nrows         278
xllcorner     -21.041487136433
yllcorner     26.106002917928
cellsize      0.083333337679505
NODATA_value  -9999
[rows 66 to 98 of 278, columns 146 to 218 of 400]
-9999 -9999 -9999 -9999 -9999 -9999 -9999 -9999 -9999 -9999 160.9018 173.3531 172.5252 171.1205 174.27 174.2693 177.625 -9999 -9999 -9999 -9999 -9999 -9999 -9999 -9999 -9999 -9999 -9999 -9999 -9999 -9999 -9999 -9999 -9999 -9999 -9999 -9999 -9999 -9999 -9999 -9999 -9999 -9999 -9999 -9999 -9999 -9999 -9999 -9999 -9999 -9999 -9999 -9999 -9999 -9999 -9999 -9999 -9999 -9999 -9999 -9999 -9999 -9999 -9999 -9999 -9999 -9999 -9999 -9999 -9999 -9999 -9999 -9999
-9999 -9999 -9999 -9999 -9999 -9999 -9999 -9999 171.947 170.316 166.6175 171.295 164.6417 163.3233 171.2903 164.1167 165.6292 172.6599 -9999 -9999 -9999 -9999 -9999 -9999 -9999 -9999 -9999 -9999 -9999 -9999 -9999 -9999 -9999 -9999 -9999 175.8346 175.3611 -9999 -9999 -9999 -9999 -9999 -9999 -9999 -9999 -9999 -9999 -9999 -9999 -9999 -9999 -9999 -9999 -9999 -9999 -9999 -9999 -9999 -9999 -9999 -9999 -9999 -9999 -9999 -9999 -9999 -9999 -9999 -9999 -9999 -9999 -9999 -9999
-9999 -9999 -9999 -9999 -9999 -9999 -9999 174.0878 172.3477 170.5634 167.6983 161.4933 157.2467 158.7092 162.3617 155.8183 170.4408 176.3017 177.1284 176.2896 176.6127 181.243 179.8604 179.5824 177.1119 180.8247 175.2775 178.3309 177.1261 173.4555 171.2983 173.5 174.8713 175.7931 176.5617 175.9358 173.87 175.31 174.1376 171.4833 171.0611 174.6702 -9999 -9999 -9999 -9999 -9999 -9999 -9999 -9999 -9999 -9999 -9999 -9999 -9999 -9999 -9999 -9999 -9999 -9999 -9999 -9999 -9999 -9999 -9999 -9999 -9999 -9999 -9999 -9999 -9999 -9999 -9999
-9999 -9999 -9999 -9999 -9999 -9999 173.4337 176.0731 169.0379 162.5808 160.0192 163.07 158.3808 152.1275 148.78 148.3258 158.4875 169.8033 175.1459 169.1884 177.1267 176.9815 169.1742 165.65 164.645 172.74 159.9108 167.5725 171.395 167.1959 160.1975 170.9917 176.4259 171.6967 170.6583 173.4375 173.9241 172.64 168.0817 166.5642 172.0475 170.1942 168.7542 166.8977 172.8397 174.5301 173.7386 -9999 -9999 -9999 -9999 -9999 -9999 -9999 -9999 -9999 -9999 -9999 171.1152 171.1621 170.9924 170.0727 167.1924 168.8598 168.3718 -9999 -9999 -9999 -9999 -9999 -9999 -9999 -9999
-9999 -9999 -9999 -9999 -9999 175.899 175.1473 175.6896 169.8334 163.5192 161.8783 158.6375 161.0958 159.5641 159.0425 153.8142 157.4942 159.8558 164.3909 170.985 170.1842 159.6217 150.5066 157.0733 164.6283 160.8183 156.2183 166.6992 159.2683 153.8383 164.7417 172.275 173.6725 177.2666 177.3275 173.4442 174.1774 172.5642 169.9967 169.2459 168.8484 169.0092 168.9525 173.6609 173.7858 166.8317 165.6808 163.1717 157.285 164.7535 169.4035 174.1897 174.974 175.4662 173.2489 170.1014 170.6428 173.0067 170.6158 169.8792 167.6641 169.1392 164.4983 165.1299 167.9186 163.6008 163.2612 167.4258 -9999 -9999 168.3741 167.8017 165.1642
172.2565 170.3585 171.6255 171.6376 171.7125 175.055 175.8475 176.3176 170.3309 164.6909 157.8425 159.7658 162.4667 163.8625 163.8966 165.9516 163.07 163.755 163.2383 169.5725 156.6934 152.8008 154.6967 166.2516 161.0017 147.9875 149.42 161.5692 166.575 165.7192 159.8792 165.0083 162.9267 163.6817 168.1734 172.8117 172.005 170.9517 167.3667 160.1092 158.2183 162.67 155.1709 161.0808 165.4517 155.1158 146.7417 149.4783 156.755 151.3992 162.0883 159.9183 166.4134 163.6658 165.1383 166.365 163.2633 167.0692 166.5784 165.395 158.3292 152.7583 154.6783 156.7758 162.4525 157.3875 156.6692 156.5917 163.1867 163.0561 170.0766 167.9308 169.2533
171.1125 172.01 169.7025 163.2608 165.8833 169.13 173.5575 173.1917 166.745 163.7442 160.2025 162.07 162.4583 166.2917 166.4484 168.4259 168.17 165.5308 160.9884 164.0158 158.8816 155.2266 161.3225 166.8084 152.3333 143.6642 156.5967 162.35 160.6859 147.405 151.5592 148.2733 147.7059 160.5241 139.6033 158.5733 170.2616 161.2058 157.5541 159.9542 156.6175 154.3467 138.3425 147.8658 150.5275 134.6175 104.7617 121.0633 112.7725 117.955 151.4717 143.3608 150.3283 155.9491 158.1867 152.4742 157.275 162.4775 157.9267 157.0092 155.81 141.6234 130.505 145.3017 155.2991 156.3684 154.3767 159.21 163.0192 162.3042 160.3091 168.0817 169.6025
163.29 164.5341 162.4167 164.4258 166.8892 166.375 168.3 165.6067 162.3525 162.7258 161.1075 163.5292 163.6458 164.9933 168.8083 168.8884 167.4767 163.58 158.3342 162.6558 150.8567 155.4708 152.785 161.2042 152.1233 145.5517 154.1017 157.0492 144.4933 132.255 146.56 135.6017 142.575 137.4167 151.3842 151.6642 161.0633 151.2242 152.07 151.0517 138.8841 131.8708 137.49 131.93 125.5566 136.2817 119.6784 111.885 120.8041 146.0375 156.1992 149.6225 126.22 138.125 143.1192 143.6717 144.8375 156.3425 145.7608 152.6875 148.22 130.6292 126.1325 132.4358 137.9133 146.7642 159.3383 158.9317 163.0075 162.2667 163.5333 164.3192 165.6992
162.9616 162.8033 165.1666 167.0033 170.61 170.6409 169.9917 169.2258 166.8217 163.2366 157.3108 160.5742 165.0533 165.0258 167.8442 167.62 164.3866 162.4708 156.3558 154.3383 160.3867 158.7242 165.7317 163.3741 148.0109 138.6233 150.8425 137.0108 137.4866 115.925 114.4008 118.97 107.6067 119.7875 112.5358 141.1775 151.345 122.9533 119.9492 126.8684 118.2691 114.2475 127.3508 119.0742 128.4358 132.3933 120.2892 120.9241 107.1308 111.115 122.7725 133.3625 126.8983 110.4958 120.8842 135.8158 139.2483 141.55 140.3208 141.885 139.12 139.6458 144.5283 145.5683 145.9425 145.5017 148.2108 145.1091 147.5175 161.6708 162.5175 151.8117 139.475
165.5 166.3317 168.3675 170.6617 172.0741 171.9117 170.6267 169.3583 169.3458 163.3783 161.8958 159.6116 163.7458 162.3325 164.1583 169.515 170.3234 167.9792 158.7867 158.6633 156.79 166.0808 163.6025 152.5442 150.6275 140.0534 136.7775 129.185 120.9133 129.6142 129.4525 128.7183 123.2584 129.7917 127.6717 121.6991 128.5392 130.985 125.9616 131.3292 122.475 128.7767 139.9825 131.7783 131.2833 133.4808 135.8108 125.18 110.3442 107.5442 113.7275 126.5208 132.6175 111.7859 120.3242 138.4117 141.7542 142.5942 143.25 142.34 142.405 143.7725 148.2617 153.5383 151.4192 148.1575 147.7341 147.09 146.1517 149.4025 152.52 155.5717 151.57
166.7034 171.6167 174.7142 171.5742 171.0575 174.3384 173.8583 173.1733 174.6392 172.3425 168.86 165.56 162.5192 165.8508 169.1092 171.6833 173.095 169.3834 164.1516 156.2634 163.0616 163.3867 151.2208 136.5275 124.975 125.3692 135.8842 133.2175 135.1742 129.045 116.435 122.7417 117.575 117.4809 128.945 139.1117 124.9 136.8809 139.2225 141.37 133.5367 142.9817 144.37 135.3475 140.7484 133.5225 138.4742 126.8158 125.4392 124.9783 126.1575 137.4725 141.4866 140.6792 140.29 142.6817 142.0842 143.8633 140.7575 146.4633 144.8375 148.4717 145.2016 148.4342 153.4667 149.8458 147.01 144.825 149.8925 149.0141 147.9183 150.6092 158.8775
163.3325 170.9 174.7042 176.5567 175.4108 177.4158 177.38 170.6725 171.3091 167.975 163.8508 166.5475 162.7908 164.6533 171.57 165.8825 166.0566 171.9317 157.9325 153.2266 156.3992 152.7717 146.7359 124.5601 136.6875 145.4584 154.6467 151.4208 136.4684 121.9125 121.1559 123.0825 132.665 140.4292 146.3266 147.7158 149.455 144.5708 153.035 154.1117 149.9908 153.0983 151.2925 149.1817 149.405 145.0017 147.9925 141.0367 136.9042 143.4116 143.065 141.2558 144.2317 145.6 148.45 147.7692 144.025 148.0241 147.745 142.4942 145.9883 143.9133 139.8316 146.6683 147.63 155.47 156.71 154.9084 147.4192 160.395 155.1275 160.8575 161.3658
169.5467 175.4575 173.73 172.3683 174.9784 167.6833 170.2183 169.0058 164.4542 165.2926 160.2775 157.0367 165.635 171.665 163.705 161.6842 165.8358 164.1958 153.3675 140.7775 137.6533 142.2375 148.8325 141.1034 154.3992 162.6417 160.7417 161.3642 151.8 148.1534 148.7133 145.7108 140.3475 141.8333 148.5874 154.2634 156.3967 154.4058 160.2 161.2625 157.6359 161.335 155.0833 157.4733 154.7542 154.6942 151.2659 147.5592 147.2108 147.5267 149.5633 147.1141 150.8775 149.7841 150.6533 145.8566 144.4917 144.7292 145.4541 144.7542 146.4108 143.145 138.83 144.0358 155.8058 148.46 150.01 145.2625 149.4608 164.6708 166.3825 166.1675 162.1192
-9999 171.915 173.5158 168.9767 165.7334 160.4766 154.8283 166.5242 165.7542 160.1792 157.4467 155.2184 167.0159 171.8267 167.7816 169.3133 176.75 166.3417 151.6367 151.7992 145.1492 137.075 149.6116 157.7891 166.1325 172.4834 172.7333 169.2958 168.2133 165.2475 157.9642 148.9575 153.3125 157.6958 157.8226 161.1658 161.5392 161.365 167.28 167.0317 165.8317 164.9308 161.91 163.025 157.6625 160.4183 155.0208 152.4034 153.1841 152.2017 155.1216 152.8867 154.2442 156.3283 154.3892 149.6758 148.8383 146.3659 145.8783 144.495 143.825 141.8808 143.5033 150.1884 157.8767 158.2808 157.2017 156.1908 154.5658 159.0849 163.28 167.1425 160.555
176.753 175.5616 172.32 168.9875 165.445 162.5633 156.1858 158.1875 161.6859 157.19 154.6434 160.3458 164.9575 172.2383 172.28 180.3617 179.4675 173.5542 163.67 159.035 145.9659 143.9642 151.8183 167.14 174.5825 178.6842 175.8991 170.1317 154.9975 145.7217 143.0125 146.3642 156.6033 161.5708 162.3167 166.5342 166.9117 167.4316 169.8716 170.9842 170.6792 168.6908 167.1942 163.4091 162.0583 164.3883 159.8417 157.2108 158.9859 157.1367 157.4308 158.2 156.9292 158.825 158.7016 157.2817 155.9 154.425 151.2308 145.9775 146.1117 145.6558 149.51 151.3042 148.2492 150.5666 153.65 154.4925 156.7884 164.2517 168.4317 169.9909 172.1959
174.5344 169.218 174.4925 170.5367 163.1508 152.2 158.5083 165.6984 170.0442 171.3242 171.6809 171.1716 171.4175 172.8867 176.41 177.4759 171.0858 170.0192 171.3925 170.7358 153.5558 159.7975 164.94 170.5008 173.6367 160.9908 145.6042 148.0933 136.6992 133.6 146.9808 156.1308 162.1591 166.0208 165.9225 169.875 169.8692 170.1608 171.3808 173.5283 172.8492 170.77 168.1859 166.0375 165.9575 167.5083 164.015 161.1684 162.5667 163.5317 162.8958 162.6242 162.7775 162.27 161.0125 160.6758 159.49 157.815 152.5383 149.69 150.14 149.9642 148.6633 147.395 148.0658 150.5842 150.69 155.4791 159.1767 161.9417 166.0933 166.825 170.165
-9999 171.8091 173.859 172.4383 169.5659 153.8283 157.0033 171.96 181.2633 178.4158 180.9241 181.9858 180.5008 164.2475 158.8666 165.6542 166.6616 155.0833 154.2458 174.3692 176.8492 158.3125 153.6383 164.0275 145.985 141.3833 146.1792 124.42 121.7167 132.3475 148.71 155.3625 161.0042 166.6358 170.5525 171.8467 171.8533 172.0975 172.73 174.66 172.8425 171.3583 170.53 169.0375 169.8383 170.3292 167.8825 165.5825 165.8058 167.0259 166.6109 166.6408 165.8317 165.7991 165.1325 164.2784 162.4075 158.0691 154.8575 154.0134 153.8625 153.1758 150.1942 148.0784 147.3266 142.8283 145.3017 150.2908 146.1442 146.8158 155.1683 159.73 170.165
175.64 171.2003 176.5948 172.3717 168.4925 163.1083 152.7408 168.1842 184.6809 182.2425 176.89 182.805 180.0841 167.5392 163.955 150.4542 145.8833 144.8967 136.11 161.4942 165.2908 153.4233 137.2558 132.5192 127.895 128.2933 135.8575 146.7367 140.07 129.4592 140.7608 155.2033 164.3758 168.31 171.27 173.1166 173.3392 173.5067 173.9917 175.7 172.3825 170.475 172.3116 172.3142 173.0758 172.485 171.0275 169.9733 169.1025 169.2625 170.2425 169.7417 169.505 168.1725 167.5542 165.7583 162.4217 157.1691 157.7709 158.4566 156.2475 153.4175 150.1933 148.8517 146.0625 141.0742 135.6775 135.1725 133.3349 143.1667 133.7309 145.7366 161.2408
-9999 175.9368 176.035 177.9059 181.0475 169.5375 165.1108 176.76 181.8133 178.7933 178.2908 174.5341 172.5317 168.6267 169.6808 149.7283 135.1092 129.1567 122.24 140.8592 159.7492 146.0067 136.5942 121.1692 107.6908 112.5633 123.99 124.4883 130.0008 141.8183 147.58 157.8508 163.815 167.7275 169.3483 173.1266 174.6725 174.8216 175.2475 176.2758 173.2642 173.5059 174.535 174.97 174.9508 173.6025 173.275 173.1533 173.1458 171.81 172.2984 173.03 172.38 169.975 168.8225 165.6158 161.7934 163.3033 162.4867 159.8925 157.7533 155.3742 152.7192 149.7917 143.0759 132.7867 129.0017 121.22 122.0016 125.2617 122.4742 139.2617 145.2775
178.1694 169.4292 181.865 182.5258 185.3567 175.0683 186.7475 177.0942 168.065 158.4375 162.8142 162.26 162.5367 168.8483 165.6267 158.8725 146.6633 135.8683 139.5441 150.58 156.16 141.1342 129.8733 117.6367 119.8342 140.9525 148.8308 148.1858 148.825 154.0042 160.1425 165.8933 166.8858 170.035 172.04 172.64 175.87 175.4175 176.5508 176.3392 175.905 176.5583 176.0616 176.6066 175.2942 174.2467 175.3975 175.5325 176.2058 176.7342 175.0059 176.2967 171.5775 167.7859 167.9876 166.2158 167.8749 164.2925 163.9609 161.9508 159.2183 155.9525 152.2166 148.1067 150.2467 148.735 143.3616 141.565 140.2425 136.2159 143.9959 141.1625 130.6625
167.855 177.255 182.695 184.5967 182.3508 184.9342 163.4816 144.3217 134.4475 143.5941 154.0783 162.5092 166.1491 167.7367 168.3333 160.1267 172.3684 155.4542 152.525 156.405 149.915 143.0383 135.6367 129.5008 128.0134 151.5892 155.88 157.2975 159.6467 161.4733 165.0683 168.2925 170.8925 172.8017 174.2617 174.5125 175.275 176.6708 177.9767 177.1608 177.0166 176.2258 177.9683 177.2025 175.9967 176.61 176.9933 177.4342 178.1208 178.9575 178.1041 178.0025 173.085 172.8992 173.185 169.8075 166.3267 164.3217 164.2458 163.1483 161.5334 159.8975 157.1925 154.4292 150.7825 153.2633 153.0908 146.0575 130.6133 126.4017 125.6591 118.3717 123.18
179.18 179.8208 179.2467 165.1342 173.0241 166.4733 137.7575 152.2408 158.2825 165.6583 161.3717 149.4375 146.7334 154.8933 159.0108 167.1451 182.5583 168.8625 162.055 166.5134 160.3167 154.825 154.7025 150.395 139.9692 159.5108 161.8133 159.8892 158.4117 163.7225 166.1001 168.1183 169.69 172.6242 174.5567 175.8734 177.2566 178.3583 178.175 177.6675 177.89 178.3825 178.6825 177.745 176.4142 178.1683 178.3084 178.5892 178.105 176.305 173.5933 177.0783 178.1592 174.775 171.7108 168.5341 164.7942 162.6125 162.9658 161.8116 159.6208 157.7958 156.2934 151.7533 149.6267 146.4717 154.3542 152.06 149.4175 147.59 141.78 130.8317 136.9233
177.5627 171.5367 175.4608 164.3867 179.5875 178.3783 170.4916 171.0942 170.8875 152.4183 137.3558 138.5575 140.31 142.3025 163.9542 168.8583 184.2583 173.3841 161.5225 169.6483 169.4925 160.615 160.8892 162.3908 161.4733 170.7167 167.1359 169.0358 165.8708 164.0083 162.0842 161.4875 164.4292 167.5817 172.8992 174.4325 176.695 178.0517 178.9242 179.4825 180.0434 180.2841 179.6425 178.8641 178.3892 178.1058 176.2092 174.9875 174.2725 174.1984 175.2467 179.4592 176.1608 173.0951 170.515 167.4108 164.7375 163.14 161.9458 161.9816 160.6042 159.5425 158.8442 156.4275 154.3667 152.2891 150.7917 151.8467 150.785 148.5508 148.0958 148.96 152.3384
173.4383 168.7684 183.8275 180.6375 184.6467 181.6941 173.8451 153.5208 143.9766 133.8308 151.8892 144.39 148.2033 149.4558 157.8342 171.305 187.0442 176.2483 163.4841 174.455 173.8883 173.86 166.1058 158.4425 168.0417 176.17 168.1567 172.7658 170.705 166.3417 168.5783 170.5208 168.1708 168.2675 172.89 177.1301 177.9608 178.12 179.8133 179.8717 179.3042 178.45 179.995 179.785 177.25 174.7791 174.2966 174.19 174.5217 177.0375 180.1984 178.2909 174.6183 173.3408 170.8117 169.0617 167.1525 165.6342 166.2017 165.0425 163.4533 163.4358 162.4558 161.8625 160.5467 159.845 158.2692 154.9825 153.8317 154.1017 151.9975 152.3825 153.4392
179.0254 181.7959 179.9058 179.17 176.14 181.5475 176.7809 170.8133 167.9308 171.5267 159.0542 148.7983 148.5408 160.0316 173.7967 183.5584 180.1734 167.4383 175.3341 182.6442 185.4958 176.4875 165.3075 153.2825 168.1925 169.41 173.315 175.8484 168.9617 166.8925 168.1658 170.7275 173.0342 172.6791 173.7858 176.4542 178.2825 179.1658 180.1208 180.7883 180.0417 179.4158 178.6683 176.46 175.1508 175.32 174.8616 174.6683 176.54 181.0075 177.905 176.1291 174.79 173.7583 171.265 168.9967 167.7575 165.9858 169.8417 170.2058 168.6992 166.7725 166.4642 164.945 163.5134 162.6967 161.3542 160.5067 159.2367 159.4158 157.3792 159.8658 158.2634
181.6371 180.0492 181.1859 184.4175 189.9542 189.7725 188.62 179.7475 175.9833 155.2809 152.1975 158.6541 170.73 173.0992 181.8292 185.5792 163.435 177.6983 186.2175 192.5183 192.5217 181.8208 169.1058 164.6416 165.535 173.5258 176.3533 177.1742 173.3725 171.635 169.7183 171.53 171.7659 173.7567 176.2533 177.4725 177.9475 179.9608 180.755 178.4909 178.5633 178.215 178.3575 179.1809 178.2467 177.2017 175.8176 175.7333 180.3825 181.4075 178.4483 178.0316 176.3059 174.1133 172.7859 173.3125 173.0791 169.1825 170.7517 167.4367 167.3483 166.9608 166.965 165.3133 164.2842 164.0025 164.0834 164.24 161.595 163.4192 162.3267 162.6875 162.775
181.9115 181.4342 185.4125 186.755 188.1667 182.3483 186.5817 186.2409 173.1317 174.3292 177.3359 177.4384 184.2759 166.1874 170.1825 159.3817 167.5867 185.5992 194.5867 197.38 192.22 182.7742 176.6966 177.3558 176.7942 183.2233 181.9859 180.3592 174.9684 171.4558 173.8141 174.8116 175.4141 173.6542 175.8284 177.3908 178.7208 181.7642 182.185 180.3067 180.4041 180.93 181.4 181.2483 181.4442 179.5817 180.0633 182.0091 182.3641 181.8575 180.9942 174.7825 173.7458 171.5566 169.3475 169.3358 169.6283 168.7384 165.7225 163.5425 164.2241 163.4584 160.0175 160.6633 158.9233 162.3267 164.555 165.5059 166.6184 166.3958 164.2342 165.5358 166.9917
-9999 184.3375 183.9841 186.2142 184.3758 188.1108 187.5909 184.9708 178.6708 178.3733 194.4467 181.42 161.6233 159.1333 160.9642 170.0883 179.67 180.885 183.14 196.4283 191.3858 176.795 165.1417 181.2392 185.6783 186.545 183.9842 181.8658 176.5658 174.0592 177.5066 174.4392 174.1517 176.5841 176.5342 178.4258 180.1483 180.9717 181.5542 180.2591 181.1025 182.6392 183.3175 182.5933 182.875 182.7875 181.9459 180.6866 181.1575 181.3792 179.0908 174.5725 172.2791 170.685 169.5842 168.4317 168.065 167.6434 166.2158 160.2392 154.1183 152.9859 154.8225 161.88 161.6608 159.5442 161.2558 160.1534 161.7842 163.1758 164.0333 165.245 164.9366
-9999 185.16 186.4466 188.1191 189.4091 189.0892 186.6042 188.3967 180.3117 184.4933 194.1658 177.5175 144.9567 171.455 169.1475 172.3291 183.5625 194.2359 195.1667 193.1808 187.3858 189.7733 181.22 187.0883 185.1667 175.4567 171.2333 173.03 176.6475 179.7533 176.0659 173.5467 173.0517 173.8792 175.325 176.365 177.8617 177.5633 177.4708 178.875 178.9816 179.5083 180.1675 180.9758 180.6642 180.5183 179.1317 178.6892 179.9675 180.41 177.6558 176.7992 177.2158 174.8025 173.0583 171.7833 169.8658 168.2808 168.4142 162.1067 155.7833 158.67 160.7458 161.4 160.3308 159.2616 155.975 153.825 153.5942 152.6341 153.7566 159.355 161.9183
-9999 185.7669 185.1 186.6975 183.7608 181.3834 185.5208 190.5034 190.6708 196.0658 176.9799 163.31 182.5417 188.5975 176.5033 188.4883 178.1484 191.93 180.3308 180.4392 194.73 194.6667 189.6342 192.5417 182.895 173.855 175.2258 179.7734 183.5791 178.4575 175.7358 174.815 173.85 173.5208 173.03 173.1375 173.4134 173.2967 174.7292 176.21 178.6317 180.7717 178.3275 179.8091 180.335 180.5576 181.1633 181.035 180.1291 179.0392 178.3525 177.67 176.7225 175.4375 173.4642 171.1758 169.1424 168.2375 166.4892 164.7934 160.7067 163.1783 161.3091 155.9766 148.9584 144.9142 145.345 144.525 146.0075 147.8308 152.3425 155.9508 157.8416
-9999 186.6038 187.0433 187.4317 187.745 186.1833 189.3384 189.705 195.6258 178.3259 171.76 171.1142 197.4275 192.6192 188.7691 197.9358 194.7908 188.9591 175.3659 176.2941 198.2033 192.8208 185.0074 186.7867 179.2067 179.2616 178.4333 179.8342 174.4884 173.6659 175.4292 176.3 176.2983 174.3192 173.0333 170.9183 172.3417 174.3075 174.3567 173.76 175.635 178.17 179.0858 179.4659 180.0642 180.1342 180.2975 180.1908 178.5883 178.0075 175.85 176.5724 175.4333 174.0317 172.6467 170.78 168.8825 167.4184 166.01 163.7166 160.4983 159.3392 158.82 148.0684 130.6333 130.7317 137.3708 142.5816 140.2058 147.6858 158.4492 158.4167 162.015
-9999 -9999 187.6407 190.1925 190.4542 188.755 188.6217 192.5567 190.5433 187.985 190.3734 185.8025 196.1992 192.0883 191.1266 192.3775 189.18 191.8125 193.2334 193.5992 201.3483 187.5575 183.9558 187.9142 186.5609 181.4141 175.1175 175.185 174.9767 173.7833 173.1816 174.0975 176.0892 177.4942 176.3808 176.6342 176.9883 177.0958 176.8433 175.88 176.3217 177.6684 179.185 178.9534 179.03 178.6767 178.8866 179.0016 176.6642 176.5408 173.5317 174.5108 174.205 171.9058 170.23 170.2208 168.2625 164.0883 160.1083 158.7492 156.8758 151.5117 140.6108 131.4142 134.1817 145.2833 140.5742 149.645 148.3125 153.2975 157.8159 160.3033 164.6459
-9999 -9999 188.0178 186.8824 191.3533 191.405 191.54 186.2084 169.5642 174.8909 156.3158 161.3417 179.5092 172.9692 177.4683 174.0925 171.5934 174.7525 184.025 185.6825 198.4466 195.3575 194.6867 192.7433 191.7792 181.7283 176.5108 176.0467 174.5975 174.7184 173.3591 173.3766 174.6709 175.6792 176.9767 178.11 178.895 179.1275 178.4283 177.1075 175.7084 176.1342 177.7067 177.8542 177.4958 177.0667 177.5775 176.4592 174.4367 175.1409 172.3175 172.2291 171.4158 169.0533 170.25 167.6267 164.0758 159.9558 154.7475 139.6075 138.12 138.3158 155.1909 155.19 142.1725 150.9583 159.6716 157.7708 155.1025 164.9284 166.4808 166.275 167.1034
