layers/final_practice/hyla_meridionalis/tmax_max.asc
ncols         400
nrows         278
xllcorner     -21.041487136433
yllcorner     26.106002917928
cellsize      0.083333337679505
NODATA_value  -9999
[rows 33 to 65 of 278, columns 228 to 303 of 400]
-9999 -9999 -9999 -9999 233.6842 234.15 234.55 235.78 237.15 238.04 238.96 240.23 240.77 241.4 242.46 242.77 243.23 243.72 244.01 244 243.58 243.68 243.16 244.57 245.94 246.75 247.5 249.12 248.79 249.7 250.4 251.4 250.5 250.93 252.19 251.44 251.3 250.01 249.58 249.35 246.57 244.25 243.31 243.69 240.21 237.55 237.81 237.19 240.3 239.54 236.4 239.93 240.52 243.57 248.45 248.78 246.5 249.41 248.48 245.48 240.74 241.62 245.44 250.86 252.05 249.69 249.87 251.01 250.06 250.51 250.84 251.87 250.86 250.14 247.96 246.29
-9999 -9999 -9999 -9999 -9999 -9999 -9999 236.427 237.36 238.22 239.26 240.31 241.46 242.65 243.97 244.85 245.24 244.81 246.36 246.63 246.77 245.94 246.63 247.19 246.76 247.05 248.86 249.22 249.57 250.38 250.31 250.9 252.8 251.73 251.66 250.54 249.61 249.24 248.06 246.86 244.44 242.04 241.39 242.58 243.02 242.03 240.84 240.93 240.78 238.41 237.01 237.38 238.06 242.66 249.91 248.1 243.75 247.75 246.52 240.98 239.16 241 245.76 252.27 253.34 251.85 251.25 250.39 246.95 248.95 250.09 251.75 252.41 249.54 248.17 245.73
-9999 -9999 -9999 -9999 -9999 -9999 -9999 -9999 -9999 -9999 -9999 240.07 241.45 242.84 244.22 245.3 246.41 247.55 247.9 247.89 247 245.22 244.33 246.92 248.01 248.19 248.82 249.06 250.26 250.37 250.85 251.25 251.44 249.8 249.44 250.48 248.44 247.84 247.39 245.65 244.96 241.35 241.35 241.49 239.96 241.54 239.83 237.62 237.84 239.69 234.51 238.16 236.62 238.64 244.47 245.22 242.32 242.48 239.84 240.48 241.85 244.96 249.52 254.68 255.76 254 251.6 251.48 244.12 244.97 250.61 251.62 252.45 245.36 242.79 243.82
-9999 -9999 -9999 -9999 -9999 -9999 235.8529 236.1628 -9999 -9999 237.8229 239.43 241.04 242.3 243.24 244.86 245.97 246.16 247.07 247.78 248.81 247.87 246.8 246.24 248.2 248.94 249.74 250.03 250.14 250.38 251.16 251.23 250.55 250.16 249.34 249.65 249.15 249 246.73 244.49 243.01 241.84 240.01 240.38 237.19 235.9 240.98 239.23 235.23 239.14 240.69 241.67 241.02 240.82 242.04 237.66 235.65 233.4 235.78 234.58 240.47 249.54 252.37 253.82 254.94 253.86 252.14 250.73 246.74 242.11 250.41 251.37 252.62 246.8 248.66 246.53
-9999 -9999 -9999 -9999 -9999 -9999 -9999 -9999 -9999 -9999 -9999 239.4 240.69 242.43 243.3 243.84 245.38 246.36 246.81 247.84 249.57 249.92 249.44 248.24 248.17 249.27 250.65 251.02 250.33 250.91 250.89 250.8 250.43 250.2 249.43 249.39 249.94 249.07 247.8 245.52 244.46 243.44 241.85 239.54 239.02 235.79 232.06 238.46 239.85 235.75 238.51 240.27 237.57 236.22 238.05 235.9 232.31 228.25 232.84 235.52 243 246.53 250.69 252.56 254.35 252.89 245.85 244.16 237.94 226.19 241.6 252.41 253.5 254.54 248.34 237.35
-9999 -9999 -9999 -9999 -9999 -9999 -9999 236.8387 -9999 -9999 -9999 240.7778 241.94 243.42 244.73 245.27 246.37 246.38 248.69 248.95 248.1 247.48 248.84 250.66 250.01 250.73 252.02 251.33 250.27 251.1 250.76 250.45 251.6 250.71 249.5 245.56 245.56 248.53 245.14 242.48 236.53 236.5 235.49 238.81 239.63 234.96 233.76 233.29 236.01 238.61 234.23 236.87 232.77 231.57 234.61 229.84 225.35 227.63 233.03 232.24 237.25 241.52 249.24 251.52 251.55 256.21 242.05 237.46 230.82 214.25 230.15 251.13 255.27 254.05 247.58 243.59
-9999 -9999 -9999 -9999 -9999 -9999 -9999 -9999 238.0761 -9999 -9999 241.5333 242.6939 243.93 245.23 246.44 247.56 248.11 249.54 249.65 249.91 249.69 250.24 252.16 252.42 253.01 253.72 253.41 252.4 251.66 251.5 251.72 251.74 251.04 248.1 249.1 249.21 248.6 245.34 242.63 242.05 244.09 244.75 240.87 239.02 235.35 233.71 234.73 231.96 234.45 234.13 232.9 230.64 228.53 227.69 227.03 229.65 230.88 226.82 225.91 234.38 250.51 253.01 254.81 255.19 256.67 243.99 224.26 211.99 220.55 217.1 239.61 250.09 249.34 248.45 243.34
-9999 -9999 -9999 -9999 -9999 -9999 -9999 -9999 -9999 239.5593 241.5833 242.2959 243.48 244.64 246.28 247.47 247.64 248.08 250.26 251.79 252.12 251.56 251.16 253.38 254.35 254.78 255.19 255.42 254.06 253.46 252.22 251.78 252.78 252.27 252.3 251.65 250.9 249.29 247.13 249.7 249.41 247.67 244.55 240.94 238.64 236.08 227.41 229.57 230.6 229.76 231.5 230.66 226.22 223.89 226.93 229.6 230.64 227.04 221.96 216.11 236.73 252.38 254.89 255.85 253.99 255.99 244.3 231.25 223.36 226.91 231.86 241.32 249.47 251.37 246 235.76
-9999 -9999 -9999 -9999 -9999 -9999 -9999 -9999 -9999 240.45 242.1341 243.1 243.95 244.95 245.98 246.54 248.76 248.07 249.9 253.5 254.73 254.3 251.84 252.18 255.26 255.69 254.37 255.84 256.09 254.6 250.26 249.8 250.24 251.38 250.79 250.2 248.03 252.85 252.22 250.97 247.86 246.5 247.55 246.59 241.74 236.32 229.04 225.64 221.6 223.09 223.67 225.12 223.69 224.15 225.55 226.37 219.07 219.95 222.78 208.96 233.49 252.51 254.03 254.19 255.12 252.66 253.69 234.12 213.06 220.66 232.23 240.99 254.14 256.08 255.98 246
-9999 -9999 -9999 -9999 -9999 -9999 -9999 -9999 -9999 241.2059 242.48 243.75 245.24 245.86 246.73 247.54 249.96 251.27 251.57 253.72 255.71 256.4 255.64 254.72 255.26 257.7 256.54 255.08 257.21 253.97 250.96 252.25 250.65 247.7 247.74 248.39 247.96 250.31 248.87 251.16 251.21 248.15 245.48 244.08 238.67 236.77 234.43 226.22 221.38 220.32 223.59 221.38 222.12 225.59 226.68 219.14 213.26 217.45 217.52 209.88 225.25 245.6 251.93 247.42 245.92 245.34 247.38 243.05 221.69 194.88 215.39 234.16 252.49 257.21 258.65 253.98
-9999 -9999 -9999 -9999 -9999 -9999 -9999 -9999 -9999 -9999 -9999 -9999 245.8163 246.99 248.07 248.69 249.7 252.18 252.84 254.81 255.41 255.4 256.08 257.42 257.79 257.53 255.74 256.09 256.3 256.3 254.75 252.38 251.6 248.78 246.6 246.72 244.19 247.28 248.43 248.6 248.19 247.42 245.41 239.77 241.03 234.35 229.22 226.12 220.64 219.54 227.64 228.74 225.43 228.46 227.25 219.56 213.56 197.9 195.32 212.33 227.1 244.67 250.51 240.03 243.48 238.62 228.9 228.06 236.55 200.38 192.49 216.38 249.55 257.84 259.06 255.62
-9999 -9999 -9999 -9999 -9999 -9999 -9999 -9999 -9999 -9999 -9999 -9999 -9999 248.0658 248.13 250.01 250.85 252.47 252.68 254.17 255 255.44 255.26 256.02 255.78 255.77 254.95 254.33 254.41 256.26 255.93 254.8 253.29 251.32 251.09 250.41 250.05 250.31 248.19 247.97 248.48 247.44 246.2 245.81 247.39 240.45 229.32 224.38 220.74 227.76 231.16 234.37 231.17 229.44 230.06 220.7 207.7 185.92 193.19 215.12 230.34 238.16 247.96 253.33 245.32 229.7 214.8 212.18 235.87 224.68 199.51 207.93 237.43 254.24 259.1 256.89
-9999 -9999 -9999 -9999 -9999 -9999 -9999 -9999 -9999 -9999 245.0952 246.8152 248.925 -9999 -9999 250.76 251.59 253.08 253.61 254.44 254.74 254.85 255.94 256.37 255.11 254.52 255.38 257.76 257.33 257.14 256.08 255.77 257.38 255.62 255.19 254.82 253.93 251.52 251.26 252.45 252.26 249.32 250.02 251.1 249.54 241.57 232.98 232.32 230.97 238.03 235.73 236.4 238.35 236.54 234.99 224.21 212.93 202.97 198.92 206.51 208.58 229.47 249.83 253.48 243.03 227.21 210.61 216.84 239.4 230.18 214.98 209.22 222.52 244.15 248.79 249.15
-9999 -9999 -9999 -9999 -9999 -9999 -9999 -9999 -9999 -9999 246.0111 247.6 249.33 250.5263 -9999 252.4881 252.14 252.23 252.95 254.67 255.03 254.04 254.23 254.64 255.84 257.16 257.14 258.55 258.39 256.91 257.52 258.57 259.6 258.63 257.59 259.31 255.86 254.87 253.93 251.72 250.67 252.7 252.63 249.75 247.46 250.34 243.7 239.37 240.06 242.11 240.76 240 243.29 245.32 244.85 230.98 222.34 216.19 203.09 195.44 207.99 229.52 243.13 252.92 251.55 234.12 220.52 218.69 230 223.79 221.45 221.87 224.16 236.85 244.34 243.29
-9999 -9999 -9999 -9999 -9999 -9999 -9999 -9999 -9999 -9999 246.6064 248.09 249.55 250.77 252.6456 -9999 254.52 254.35 254.91 254.12 254.39 255.01 255.62 256.23 258.3 258.19 260.15 260.38 259.42 258.75 260.27 258.47 258.95 259.13 260.43 261.11 260.15 260.16 258.94 259.11 262.34 258.44 253.5 253.24 251.91 255.42 246.19 243.08 242.31 244.76 247.3 245.94 245.55 237.99 228.51 224.71 219.94 216.12 205.56 195.7 210.86 233.05 242.71 243.83 253.74 250.06 234.5 216.23 214.33 219.03 224.71 228.94 237.04 250.73 238 229.67
-9999 -9999 -9999 -9999 -9999 -9999 -9999 -9999 -9999 -9999 247.29 248.83 250 251.21 252.87 -9999 255.99 255.79 255.34 256.17 255.27 257.02 257.23 258.25 259.88 260.39 259.93 259.54 258.72 258.14 258.58 259.97 260.39 260.83 262.35 261.23 260.68 258.06 258.56 260.22 263.81 267.13 262.53 259.15 254.03 251.54 250.27 248.87 248.94 247.65 248.45 241.15 237.41 230.98 217.62 204.52 208.86 205.87 207.74 211.68 218.02 230.23 231.87 228.49 243.99 244.67 245.67 222.19 218.95 220.28 232.29 235.03 240.95 240.37 235.03 229.22
-9999 -9999 -9999 -9999 -9999 -9999 -9999 -9999 -9999 -9999 248.08 249.65 250.86 252.17 253.9 -9999 255.5682 255.9 257.15 257.08 257.18 257.99 259.46 260.75 260.17 259.76 259.98 260.47 260.09 261.04 261.59 260.08 258.65 258.97 260.07 258.95 258.88 261.87 264.23 264.1 264.82 265.99 264.23 260.09 255 248.69 256.91 257.15 249.63 245.97 245.46 242.34 237.23 231.34 217.24 201.8 196.03 203.04 214 221.63 221.72 218.54 219.58 218.63 236.08 247.6 245.09 223.05 221.13 231.76 237.38 241.45 226.91 223.95 225.16 225.58
-9999 -9999 -9999 -9999 -9999 -9999 -9999 -9999 -9999 -9999 248.94 250.56 251.64 252.81 254.25 256.3131 -9999 258.0103 258.46 258.43 259.18 260.34 261.71 261.99 261.27 261.81 262.13 262.58 262.24 260.66 259.78 259.61 259.11 258.81 258.87 258.68 261.78 265.23 262.39 262.15 259.75 259.4 259.96 264.54 265.14 260.88 258.7 253.97 250.78 250.31 246.07 247.92 241.12 233.74 224.14 214.11 204.73 194.63 206.62 220.37 226.17 231.02 221.29 210.82 213.85 232.72 237.12 226.61 218.5 230.12 239.79 240.98 230.02 206.66 209.46 216.99
-9999 -9999 -9999 -9999 -9999 -9999 -9999 -9999 -9999 248.8077 250.03 251.28 252.35 253.05 254.35 256.19 258.42 -9999 260.45 260.77 260.9 261.93 261 260.87 261.7 262.18 262.04 261.13 261.22 261.05 260.91 260.95 260.88 259.69 260.92 263.77 264.62 262.94 261.41 261.86 261.72 262.34 262.51 265.99 269.22 266.88 265.01 254.45 248.45 245.84 248.65 249.62 246.32 239.43 234.39 230.69 216.89 218.6 217.74 223.37 227.41 233.18 233.3 219.49 203.49 211.53 221.14 227.43 219.29 215.18 229.54 232.1 221.49 202.41 201.48 221.92
-9999 -9999 -9999 -9999 -9999 -9999 -9999 -9999 -9999 249.6061 250.76 251.81 253.07 254.29 255.75 257.1 258.78 259.93 259 260.38 261.93 263.21 262.71 262.17 263.26 263.35 262.81 264.59 265.03 265.04 264.65 264.25 263.24 264.91 266.15 265.24 265.46 263.73 264.16 267.13 267.54 267.28 267.18 267.47 262.16 265 266.85 257.86 247.36 243.2 247.77 246.11 247.45 245.7 241.8 244.11 235.6 235.65 234.86 234.7 233.66 227.92 222.6 227.25 213.89 201.2 211.79 218.1 226.68 209.62 217.72 221.6 211.94 197.74 198.91 226.15
-9999 -9999 -9999 -9999 -9999 -9999 -9999 -9999 -9999 250.3929 251.9785 252.9 253.7 254.64 256.29 257.44 259.09 261.21 259.39 258.78 260.23 261.24 262.04 262.76 262.52 262.83 262.63 262.9 263.93 263.57 264.25 263.35 264.01 263.79 262.13 264.23 264.72 264.47 267.13 267.31 267.5 263.69 265.49 263.78 260.84 260.23 255.38 256.04 248.57 248.55 253.66 252.09 244.39 244.03 250.39 247.34 245.9 234.63 225.2 220.92 220.57 217.42 216.67 224.26 225.08 204.15 199.78 208.42 220.57 225.47 211.88 208.03 211.04 207.1 203.25 208.8
-9999 -9999 -9999 -9999 -9999 -9999 -9999 -9999 -9999 -9999 -9999 254.5256 255.11 255.39 256.37 257.47 258.48 260.83 261.69 261.35 260.45 261.24 261.44 261.91 261.78 262.67 262.62 262.07 262.59 262.82 263.48 263.88 263.96 262.48 261.83 260.79 260.58 260.75 263.2 265.3 264.57 261.02 260.27 260.39 260.41 262.42 261.39 257.14 256.01 259.63 265.32 258.71 254.35 252.21 255.66 257.36 244.48 235.94 218.7 210.54 217.94 211.95 216 223.96 224.41 211.87 193.29 200.12 209.62 217.89 221.63 203.69 202.08 215.56 239.73 246.24
-9999 -9999 -9999 -9999 -9999 -9999 -9999 -9999 -9999 251.463 253.7561 255.4942 256.6 256.64 256.63 257.58 258.6 260.29 261.23 263.26 262.48 261.38 262.77 263.45 263.51 263.22 264.12 264.52 264.87 264.42 264.36 264.73 265.09 264.65 262.15 260.33 261.8 260.44 262.54 262.44 261.63 260.33 258.52 258.66 260.05 263.73 265.23 267.56 266.36 268.44 268.8 265.28 263.77 260.83 262.23 257.77 249.88 242.66 231.79 211.73 208.3 209.18 215.9 226.86 223.1 214.55 197.95 199.48 204.96 201.67 212.2 215.09 205.63 221.63 239.8 261.9
-9999 -9999 -9999 -9999 -9999 -9999 -9999 -9999 -9999 251.1895 253.75 255.22 256.41 257.61 257.6 258.34 259.57 259.83 261.18 263.07 263.31 263.96 264.66 264.66 265.7 265.08 264.08 264.37 264.32 264.15 264.06 263.28 264.29 265.26 264.02 264.89 264.01 263.9 265.42 263.57 264.79 262.59 262.87 263.59 265.42 265.97 264.37 267.41 268.58 266.92 266.26 267.82 267.6 264.6 262.92 263.07 267.36 261.87 255.97 239.43 220.66 214.53 231.34 247.53 236.54 229.23 225.54 218.27 208.23 202.86 217.04 233.34 229.03 251.19 263.54 273.18
-9999 -9999 -9999 -9999 -9999 -9999 -9999 -9999 -9999 251.58 253.66 254.99 256.14 257.62 258.8 259.09 259.64 260.62 262.34 263.13 261.16 261.58 262.03 262.12 263.19 265.7 266.75 265.75 264.86 265.02 264.72 265.95 265.71 265.48 266.44 267.12 264.33 265.44 265.79 264.82 266.73 267.52 267.56 265.26 266.68 267.26 267.59 265 264.63 261.56 260.42 261.04 263.28 266.66 261.61 262.38 262.08 261.98 261.28 263.9 257.23 254 255.68 246.22 242.59 235.49 230.59 202.86 197.65 207.21 226.42 248.35 254.81 267.99 277.94 281.94
-9999 -9999 -9999 -9999 -9999 -9999 -9999 -9999 -9999 251.25 253.45 254.48 255.62 256.96 258.72 259.67 260.7 261.4 261.7 262.14 262.67 262.1 261.08 260.78 261.61 263.74 264.7 267.51 265.44 265.8 266.43 264.52 264.86 266.08 264.84 263.94 262.24 261.89 262.87 262.66 262.38 264.31 265.47 265.22 265.04 262.92 262.98 263.52 264.85 259.25 258.78 257.63 257.23 259.79 260.67 261.71 257.65 255.63 259.5 259.13 254.12 246.93 246.05 243.43 244.08 236.29 242.98 233.41 217.8 201.46 202.36 255.77 252.08 275.55 283.4 279.43
-9999 -9999 -9999 -9999 -9999 -9999 -9999 -9999 -9999 251.21 252.74 254.05 255.14 256.6 258.65 259.53 260.48 261.65 261.12 261.47 262.1 262.33 261.84 260.82 262.82 262.53 262.9 266.99 265.25 263.44 263.14 262.34 262.15 263.12 263.99 263.3 262.4 265.05 266.15 265.16 264.94 265.45 265.6 265.22 263.55 263.05 262.43 264.63 262.94 257.68 252.35 253.74 254.19 251.81 256.52 258.49 252.98 250 246.87 245.68 251.92 250.93 249.16 245.4 238.39 232.92 228.33 242.58 228.52 229.21 252.23 264.01 269.67 278.23 281.64 284.78
-9999 -9999 -9999 -9999 -9999 -9999 -9999 -9999 249.8 251.16 252.77 253.72 254.69 256.24 258.51 259.44 259.78 260.76 261.16 261.89 261.29 261.15 261.09 261.51 261.31 262.21 261.57 263.93 265.42 265.7 267.16 266.5 265.34 265.9 264.98 265.25 266.94 267.3 267.08 268.29 269.51 268.85 270.32 269.31 265.01 265.56 267.03 264.99 265.78 262.93 262.69 264.33 261.09 261.6 260.2 254.36 250.32 248.82 243.73 252.25 261.86 267.26 257.98 245.95 238.32 232.12 229.17 239.59 250.7 259.31 257.83 266.7 274.32 277.11 284.71 280.77
-9999 -9999 -9999 -9999 -9999 -9999 -9999 -9999 248.6207 250.05 251.44 252.87 254.48 256.15 258.29 259.62 260.79 261.9 262.21 262.43 262.63 262.21 260.8 260.47 260.18 261.34 261.71 264.32 263.38 264.07 262.69 265.3 267.1 267.6 267.81 267.85 266.81 269.05 270.31 269.5 268.71 271.98 272.4 270.51 266.34 266.45 269.84 269.84 266.45 266.7 267.95 265.41 266.4 264.29 260.74 254 250.28 250.06 248.93 267.44 271.51 265.84 259.45 250.77 240.8 227.76 209.34 238 256.67 266.46 272.49 273.02 279.67 285.12 283.73 275.88
-9999 -9999 -9999 -9999 -9999 -9999 -9999 -9999 248.61 250.33 251.24 252.55 254.24 256.41 258.29 259.5 261.74 263.67 263.96 264.28 263.87 262.28 260.79 259.98 260.64 261.53 262.89 263.54 263.83 263.45 262.71 265.69 264.79 264.49 266.31 267.93 269.67 270.45 270.24 271.53 271.55 271.1 271.07 270.33 266.22 263.64 268.55 270.35 269.99 271.16 270.9 265.97 265.91 265.73 265.18 264.43 265.66 271.84 271.19 274.72 267.37 257.81 253.2 259.88 253.23 223.48 221.15 254.5 263.83 254.3 271.6 279.62 284.98 287.43 287.23 284.65
-9999 -9999 -9999 -9999 -9999 -9999 -9999 246.7209 247.34 248.83 250.15 251.58 253.75 256.2 259.18 261.21 263.78 265.51 265.76 264.29 263.33 262.6 261.62 260.71 260.7 260.99 262.38 262.59 263.04 261.4 262.04 263.68 263.71 265.25 263.07 264.06 265.38 267.98 270.52 270.64 270.83 269.71 269.7 269.36 268.56 269.31 270.76 273.14 273.2 274.49 274.94 271.41 271.37 271.46 270.32 268.23 275.63 276.63 272.62 269.82 264.38 257.3 257.45 255.79 251.59 254.93 261.24 270.83 276.65 270.54 280.02 284.31 286.35 286.01 288.46 290.77
-9999 -9999 -9999 -9999 -9999 -9999 -9999 246.3699 247.88 248.84 249.87 251.57 254.41 257.38 259.97 261.59 263.14 264.61 265.33 264.57 263.85 263.47 261.73 261.02 259.85 259.94 261.08 261.76 262.66 261.9 262.48 264.92 263.53 264.23 262.31 265.45 264.98 265.43 269.29 269.3 270.21 271.35 269.84 269.23 270.71 272.51 274.03 273.92 274.63 273.67 273.49 269.93 264.8 260.89 260.13 268.06 269.65 274.25 273.72 268.12 267.4 263.04 257.44 254.51 254.77 258.84 263.57 266.62 279.32 276.17 278.65 281.76 287.26 284.77 285.84 286.68
-9999 -9999 -9999 -9999 -9999 -9999 -9999 246.0306 247.65 248.78 250.38 252.59 255.74 258.52 259.7 261.26 262.76 263.84 263.8 263.46 262.17 260.85 261.86 261.08 259.88 258.51 259.09 261.21 261.26 261.22 261 264.24 263.31 263.59 265.09 264.78 261.4 264.21 267.51 269.7 268.41 268.89 271.09 271.16 273.35 272.49 271.26 272.04 273.53 273.41 272.57 267.86 263.49 259.45 254.58 256.14 263.61 257.99 259.15 265.45 263.29 266.34 260.48 265.98 262.35 258.45 261.89 276.71 276.98 278.17 281.41 283.11 286.97 287 288.81 290.6
