layers/final_practice/hyla_meridionalis/tmax_max.asc
ncols         400
nrows         278
xllcorner     -21.041487136433
yllcorner     26.106002917928
cellsize      0.083333337679505
NODATA_value  -9999
[rows 66 to 98 of 278, columns 228 to 303 of 400]
-9999 -9999 -9999 -9999 -9999 -9999 -9999 245.67 246.92 249.13 251.86 254.92 256.29 256.98 258.08 259.08 260.02 260.65 260.53 259.17 260.03 260.57 259.87 259.73 259.48 258.13 258.05 260.11 260.63 259.83 259.88 262.75 261.93 262.9 264.4 264.37 263.81 263.04 266.84 267.86 269.86 268.9 268.68 269.57 269.83 272.95 272.88 270.76 269.97 272.52 272.28 267.07 262.49 259.34 256.72 248.09 239.59 244.15 245.57 254.24 257.58 271.35 270.45 276.03 280.56 278.12 281.22 279.15 278.42 280.34 283.44 283.66 286.08 288.56 290.1 289.66
-9999 -9999 -9999 -9999 -9999 -9999 -9999 246.14 247.59 250.35 251.33 253.52 255.31 256.74 258.42 258.33 258.33 257.7 257.3 257.31 255.7 258.34 258.27 258.28 258.82 257.74 256.39 258.25 260.01 258.31 259.31 261.6 260.72 262.84 263.92 263.58 265.15 265.5 264.31 266.43 268.65 269.63 268.44 268.81 269.32 269.36 269.55 271.25 272.87 275.21 274.38 272.77 260.32 258.41 251.67 244.86 245.74 243.73 236.69 244 268.55 278.84 276.04 278.2 281.43 286.77 286 278.78 280.72 283.45 284.32 284.69 286.53 288.11 289.48 290.05
-9999 -9999 -9999 -9999 -9999 -9999 243.8788 246.01 248.75 251.42 252.77 254.46 254.87 255.41 255.31 256.56 256.54 256.25 254.79 253.94 252.63 254.94 254.19 255.2 257.21 257.8 255.85 256.63 258.39 259.05 259.69 259.83 260.18 262.1 262.48 264.15 264.46 261.84 265.25 267.28 268.64 268 269.82 269.05 268.56 269.55 269.6 270.62 271.53 273.93 273.55 273.68 269.71 256.07 249.68 245.18 242.75 252.55 268.82 276.22 273.61 276.66 280.69 282.15 284.83 287.71 284.09 279.07 284.09 284.77 285.6364 -9999 -9999 -9999 288.13 289
-9999 -9999 -9999 -9999 -9999 242.6989 245.02 246.58 249.6 250.37 252.55 254.58 254.91 253.9 256.06 256.36 254.77 253.47 252.96 250.63 250.3 249.67 250.79 251.41 255.48 256.18 254.98 255.75 257.21 257.99 258.68 259.04 259.62 260.64 263.23 264.23 261.55 261.95 265.41 267.41 268.23 266.6 267.79 269.39 268.94 268.33 268.6 270.91 267.64 258.69 249.47 245.86 253.81 249.19 256.48 254.43 261.6 263.58 266.51 279.98 285.38 286.3 286.06 286.88 287.47 287.49 285.71 286.1 285.0208 285.569 -9999 -9999 -9999 -9999 -9999 -9999
-9999 -9999 247.6607 246.6667 246.2083 245.28 246.56 246.03 247.58 249.34 251.7 255.38 255.26 254.51 254.32 252.93 255.62 254.41 252.11 250.38 247.6 246.11 246.36 247.44 251.97 253.84 255.48 252.93 255.91 257.26 256.85 256.78 258.9 261.41 261.09 261.28 260.91 262.79 265.87 266.53 266.13 268.48 267.15 267.76 269.76 269.74 271.19 270.75 263.56 257.71 253.7 253.25 256.27 254.12 258.58 265.26 269.24 275.48 279.83 283.18 285.48 288.49 287.76 287.7 288.3 288.14 287.8586 287.766 -9999 -9999 -9999 -9999 -9999 -9999 -9999 -9999
249.5 247.33 242.15 245.12 242.46 246.69 241.95 245.46 243.8 248.73 251.53 254.64 254 254.71 253.97 253.19 251.57 251.99 251.23 251.1 249.89 246.31 242.72 243.65 249.33 250.16 253.66 250.26 253.5 254.17 254.8 255.45 258.27 258.4 258.65 260.08 260.61 264.67 266.04 264.55 264.98 265.86 267.92 267.57 266.8 268.01 268.67 272.72 274.46 273.82 272.86 272.54 274.36 276 279.92 282.29 285.38 284.1 286.87 289.19 289.92 289.06 288.89 289.3736 289.0189 -9999 -9999 -9999 -9999 -9999 -9999 -9999 -9999 -9999 -9999 -9999
244.22 245.65 239.06 246.87 244.61 240.69 240.07 241.03 249.3 249.9 248.52 249.83 251.45 251.39 250.3 251.62 251.96 248.39 248.96 247.85 249.72 247.54 242.69 242.07 246.48 246.19 251.33 245.97 248.1 247.19 248.69 253.23 254.62 256.07 257.04 259.02 262.28 263.57 264.08 262.97 265.58 264.29 264.84 267.68 267.99 266.4 265.79 266.35 271.48 273.63 273.37 276.21 277.3 279.16 282.56 283.89 284.48 287.38 287.53 288.53 289.77 286.74 289.1111 -9999 -9999 -9999 -9999 -9999 -9999 -9999 -9999 -9999 -9999 -9999 -9999 -9999
241.85 238.82 239.23 247.83 249.49 247.99 240.26 239.16 243.06 248 243.04 225.79 237.82 250.82 248.25 247.99 246.22 239.06 241.93 242.36 244.51 243.6 240.67 240.11 241.09 241.23 243.16 244.88 239.46 242.31 246.14 250.75 254.03 256.47 258.03 260.67 257.86 258.41 258.17 261.77 262.49 262.75 263.17 265.59 266.79 264.39 264.11 264.06 267.16 270.69 270.58 274.17 270.49 268.5 273.4 275.85 283.05 284.12 283.91 287.25 288.82 286.4565 -9999 -9999 -9999 -9999 -9999 -9999 -9999 -9999 -9999 -9999 -9999 -9999 -9999 -9999
245.75 237.33 239.52 240.55 237 228.84 230.93 230.64 222.69 226.25 222.4 214.46 233.65 237.7 225.12 226.53 228.21 204.79 212.36 204.74 213.91 204.28 220.56 228.56 220.45 222.64 225.53 237.45 235.24 239.31 244.02 247.47 249.09 253.89 253.84 256.47 257.07 255.96 254 254.86 259.03 257.47 256.5 261.62 260 263.2 263.08 262.94 259.6 266.46 269.99 266.03 259.59 259.65 270.46 273.98 276.15 277.25 281.68 288.3 289.2125 -9999 -9999 -9999 -9999 -9999 -9999 -9999 -9999 -9999 -9999 -9999 -9999 -9999 -9999 -9999
238.77 245.48 248.48 249.25 249.74 241.7 237.98 231.62 228.01 225.27 220.32 211.41 207.64 206.25 193.19 179.98 223.53 195.85 198.64 185.64 180.13 200.94 203.79 210.6 169.23 171.19 194.74 197.78 218.5 201.08 223.69 236.4 226.46 225.37 223.68 234.1 243.04 246.84 247.81 237.99 234.02 234.11 245.35 253.95 250.4 253.37 257.54 258.9 255.74 259.49 265.3 264.63 255.22 256.39 258.16 264.86 270.34 277.73 275.26 284.8485 288.4048 -9999 -9999 -9999 -9999 -9999 -9999 -9999 -9999 -9999 -9999 -9999 -9999 -9999 -9999 -9999
235.29 248.57 259.3 258.44 255.14 251.07 244.23 241.14 235.2 222.77 230.19 219.51 216.65 207.74 185.54 180.46 187.17 192.95 172.53 169.16 148.67 156.84 177.04 182.76 177.63 147.03 146.52 180.45 217.22 179.97 193.64 217.01 218.82 203.26 192.61 218.12 218.14 214.55 245.3 235.35 225.11 205.22 228.02 244.64 219.56 224.56 238.27 237.97 241.2 245.9 261.72 253.21 250.27 252.64 259.8 265.47 272.81 273.51 276.8 285.71 -9999 -9999 -9999 -9999 -9999 -9999 -9999 -9999 -9999 -9999 -9999 -9999 -9999 -9999 -9999 -9999
243.67 249.28 262.9 267.85 268.54 259.75 258.29 256.66 246.5 241.68 238.51 233.79 231.12 215.67 202.22 191.06 168.71 177.38 160.66 169.45 146.78 138.17 136.63 151.63 174.56 134.6 167.95 182.11 190.05 184.27 198.46 210.85 204.96 180.82 154.91 163.17 166.89 183.76 213.57 219.75 199.67 199.12 219.56 228.64 226.41 205.49 204.62 212.05 223.3 234.03 242.72 239.55 251.5 264.45 272.54 277.26 281.51 281.12 288.69 289.87 -9999 -9999 -9999 -9999 -9999 -9999 -9999 -9999 -9999 -9999 -9999 -9999 -9999 -9999 -9999 -9999
266.07 263.91 267.07 262.3 262.45 255.23 253.88 258.32 261.78 251.25 243.32 236.78 238.34 230.28 226.38 221.72 203.44 192.11 156.99 170.53 188.27 148.87 161.75 148.75 141.39 147.9 158.47 148.1 142.03 139.28 147.23 171.71 184.51 196.49 178.96 164.94 156.48 173.17 164.63 161.79 153.72 185.51 178.19 183.89 190.62 209.25 212.12 186.58 193.98 213.8 206.89 216.3 232.62 250.16 263.25 274.34 280.86 285.35 288.36 288.53 -9999 -9999 -9999 -9999 -9999 -9999 -9999 -9999 -9999 -9999 -9999 -9999 -9999 -9999 -9999 -9999
270.54 273.89 274.74 268.76 265.18 252.41 252.62 258.68 263.81 254.44 246.52 250.3 249.27 249.45 237.49 229.17 225.52 220.21 204.8 198.92 208.03 187.23 197.13 172.42 160.71 179.27 194.58 162.3 162.33 144.13 177.26 131.16 142.34 153.84 150.86 149.11 166.2 203.79 179.98 178.96 149.58 147.33 158.56 151.7 156.36 175.55 164.83 158.25 172.22 195.23 179.78 210.75 248.81 262.47 261.76 267.05 276.43 283.88 286.51 287.77 -9999 -9999 -9999 -9999 -9999 -9999 -9999 -9999 -9999 -9999 -9999 -9999 -9999 -9999 -9999 -9999
275.93 278.46 278.92 275.21 271.01 261.95 266.62 270.86 268.6 265.62 254.03 248.11 238.54 245.11 247.2 235.57 234.3 225.87 228.04 229.04 212.79 200 209.73 204.23 210.17 227.69 215.51 172.41 179.55 200.66 174.88 164.34 178.89 173.38 162.78 144.27 149.96 199.39 215.58 197.25 168.52 172.45 194.83 162.77 150.22 167.4 159.65 163.13 178.61 191.06 213.39 227.85 237.52 196.27 223.18 252.74 267.96 280.07 281.27 281.47 280.4416 -9999 -9999 -9999 -9999 -9999 -9999 -9999 -9999 -9999 -9999 -9999 -9999 -9999 -9999 -9999
279.89 279.33 281.17 279.11 279.76 272.89 270.36 271.03 259.95 254.02 248.85 246.67 237.09 234.59 242.81 239.73 239.32 233.23 235.34 234.84 221.47 213.35 210.27 228.64 230.1 244.8 225.14 211.39 212.38 211.61 195.88 207.9 219.65 198.48 163.5 170.44 173.91 211.66 202.46 186.86 184.55 209.57 174.01 153.23 157.42 170.29 205.22 215.83 202.45 170.4 164.35 168.73 184.77 187.8 226.36 252.35 255.32 261.99 263.51 252.27 262.04 275.1294 -9999 -9999 -9999 -9999 -9999 -9999 -9999 -9999 -9999 -9999 -9999 -9999 -9999 -9999
283.53 282.03 284.16 284 283.55 282.06 279.66 278.23 272.21 260.88 255.64 249.21 242.79 239.98 245.24 246.71 235.99 234.4 232.68 227.6 226.95 222.4 218.48 219.41 235.47 250.07 252.3 246.05 234.96 225.6 213.28 207.01 222.65 220.99 216.04 221.97 213.72 223.34 188.5 204.26 228.04 235.09 217.2 211 216.17 220.94 218.84 202.94 176.74 165.71 169.83 191.2 206.88 222.55 237.83 244.07 250.41 267.65 277.24 278.46 277.24 274.3297 -9999 -9999 -9999 -9999 -9999 -9999 -9999 -9999 -9999 -9999 -9999 -9999 -9999 -9999
286.62 286.63 286.75 287.04 284.51 282.04 281.83 280.64 277.39 271.97 266.63 261.23 257.58 252.13 257.87 256.37 247.61 235.12 225.27 223.4 221.12 210.33 218.98 224.48 235.11 252.36 259.59 243.3 250.98 233.87 245.01 229.01 242.82 231.51 218.51 241.96 243.27 209.11 201.73 217.05 244.8 225.02 200.96 188.86 188.4 204.32 201.16 198.05 205.31 216.99 210.24 212.85 233.38 246.39 249.44 248.17 255.81 269.19 275.72 280.64 281.27 278.1555 271.5052 274.5135 -9999 -9999 -9999 -9999 -9999 -9999 -9999 -9999 -9999 -9999 -9999 -9999
282.43 288.28 290.42 290.43 287.67 287.59 287.26 283.73 282.27 279.71 278.66 273.15 267.43 263.1 265.91 266.45 263.94 261.32 255.42 250.53 244.85 247.28 248.82 242.61 246.74 247.86 262.4 254.1 266.05 258.9 249.45 244.26 256.48 238.98 252.43 262.36 234.25 206.93 222.68 243.44 238.14 211.59 198.26 197.1 204.79 211.81 233.6 222.31 227.99 236.17 242.37 234.96 240.46 260.66 261.91 267.73 270.22 273.84 276.92 278.87 280.7041 -9999 -9999 -9999 -9999 -9999 -9999 -9999 -9999 -9999 -9999 -9999 -9999 -9999 -9999 -9999
272.97 286.03 289.62 289.73 291.18 290.02 286.41 283.89 287.05 286.77 285.68 282.72 278.56 275.28 275.75 274.07 269.54 265.86 266.01 264.52 258.23 260.71 263.62 261.89 265.86 266.03 274.1 264.72 266.33 253.94 254.71 252.06 263.35 249.31 271.12 267.53 261.44 235.48 230.78 248.02 234.38 222.38 216.4 232.24 225.83 212.46 246.42 242.3 243.04 241.36 248.83 233.83 232.22 256.02 252.78 261.7 267.55 273.74 275.01 276.79 277.61 278.3521 -9999 -9999 -9999 -9999 -9999 -9999 -9999 -9999 -9999 -9999 -9999 -9999 -9999 -9999
281.92 284.45 286.88 291.18 292.51 292.8 289.92 283.11 283.65 290.99 286.28 278.23 274.96 276.84 281.99 277.69 277.21 272.22 273.4 272.04 265.68 267.1 271.17 271.5 275.67 280.35 283.68 261.63 257.39 256.58 267.32 261.75 248.81 244.82 266.08 240.81 246.58 250.24 258.65 266.26 258.17 252.12 249.71 245.72 242.4 250.26 260.53 254.15 252.64 247.96 252.62 258.2 245.68 237.73 255.44 264.15 263.35 273.09 275.51 275.97 277.66 276.3232 274.5757 -9999 -9999 -9999 -9999 -9999 -9999 -9999 -9999 -9999 -9999 -9999 -9999 -9999
276.95 278.67 279.2 288.73 289.9 292.6 295.75 294.5 293.98 293.42 288.43 279.61 269.56 276.81 287.3 283.52 276.35 276.04 279.7 279.98 275.26 274.69 278.48 277.01 283.45 287.36 289.16 283.32 277.15 268.11 269.57 273.77 260.6 268.58 271.76 255.25 272.42 274.65 270.95 266.48 259.42 250.27 255.77 261.8 260.4 258.21 263.91 258.79 259.3 252.55 255.7 261.36 255.69 251.7 253.97 267.09 272.28 275.07 268.56 270.6 274.49 274.12 271.6429 -9999 -9999 -9999 -9999 -9999 -9999 -9999 -9999 -9999 -9999 -9999 -9999 -9999
265.77 271.14 277.49 281.85 279.81 285.68 293.83 295.7 297.96 296.65 285.99 280.72 280.36 284.99 292.18 287.13 278.91 272.02 279.68 282.41 285.2 284.92 284.47 279.06 287.41 294.73 293.89 293.59 292 290.52 290.47 284.24 280.07 281.69 286.17 282.24 283.34 276.55 276.19 272.28 263.54 257.07 253.01 260.27 266.66 264.24 268.58 265.82 259.63 245.65 253.59 254.63 248.56 242.04 250.56 263.9 273.7 274.39 272.2 266.38 268.73 271.6892 -9999 -9999 -9999 -9999 -9999 -9999 -9999 -9999 -9999 -9999 -9999 -9999 -9999 -9999
261.42 238.42 246.69 272.67 278.82 284.76 289.2 292.97 296.66 299.87 299.64 295.48 291.02 296.07 298 290.14 283.09 272.2 274.81 282 286.27 289.69 288.75 289.54 294.96 298.86 296.1 301.52 304.86 306.19 301.97 304.18 302.19 301.83 297.73 291.88 286.42 281.72 275.19 270.5 267.17 263.77 256.37 254.99 262.18 271.06 271.82 268.79 258.32 249.73 250.77 245.83 234.37 237.99 264.29 270.26 275.32 273.4 268.84 269.2474 -9999 -9999 -9999 -9999 -9999 -9999 -9999 -9999 -9999 -9999 -9999 -9999 -9999 -9999 -9999 -9999
255.86 249.66 242.33 252.4 266.31 272.36 283.84 290.01 293.42 297.85 300.71 304.62 305.06 303.71 302.75 291.36 283.96 276.82 271.98 273.45 280.77 289.7 293.48 295.61 299.17 302.63 301.91 306.59 309.57 306.24 304.25 312.83 311.56 307.31 301.39 295.73 289.28 282.85 275.9 268.89 261.16 257.14 257.73 258.78 263.83 272.69 273.23 262 256.33 254.24 259.29 259.91 258.68 267.65 271.83 271.35 276.1818 274.1889 272.7193 -9999 -9999 -9999 -9999 -9999 -9999 -9999 -9999 -9999 -9999 -9999 -9999 -9999 -9999 -9999 -9999 -9999
262.13 258.67 261.35 264.7 273.43 273.8 278.66 290.44 295.02 291.71 289.29 297.17 304.15 306.49 306.88 301.48 294.68 293.24 288.92 280.08 276.14 282.07 285.65 284.01 293.31 300.67 305.79 309.39 309.12 310.79 315.04 318.72 314.06 307.38 300.24 293.42 287.45 280.02 270.76 264.09 259.27 259.11 263.95 264.03 262.85 261.78 272.63 259.14 262.44 269.07 274.88 274.71 272.27 267.15 268.697 270.8333 -9999 -9999 -9999 -9999 -9999 -9999 -9999 -9999 -9999 -9999 -9999 -9999 -9999 -9999 -9999 -9999 -9999 -9999 -9999 -9999
267.05 265.59 265.78 263.43 276 281.69 283.36 292 293.93 289.02 280.28 289.25 290.94 292.55 299.16 301.98 303.29 300.18 296.14 292.67 289.32 286.5 291.56 293.29 294.4 298.82 300.16 307.46 311.26 314.79 316.94 315.42 309.9 303.62 296.9 288.64 279.71 270.58 261.79 256.15 256.04 257.41 263.65 267.16 266.86 269.17 275.32 273.69 274.65 277.72 278.55 273.9 273.0104 -9999 -9999 -9999 -9999 -9999 -9999 -9999 -9999 -9999 -9999 -9999 -9999 -9999 -9999 -9999 -9999 -9999 -9999 -9999 -9999 -9999 -9999 -9999
270.57 271.85 274.3 270.15 266.48 282.34 283.08 288.6 289.9 284.6 284.15 283.77 276.52 280.47 287.29 294.36 299.1 303.01 301.31 295.8 291.27 291.26 293.13 295.18 299.04 301.5 302.06 301.44 313.4 312.95 310.77 306.89 298.82 290.59 284.11 279.46 271.11 267.77 266.45 260.02 257.92 254 256.19 262.99 270.95 274.26 274.84 277.82 278.38 276.77 277.6354 -9999 -9999 -9999 -9999 -9999 -9999 -9999 -9999 -9999 -9999 -9999 -9999 -9999 -9999 -9999 -9999 -9999 -9999 -9999 -9999 -9999 -9999 -9999 -9999 -9999
274.54 272.41 279.15 276.36 280.87 267.24 263.74 262.7 274.7 279.22 274.67 276.14 268.74 278.75 289.55 294.08 298.91 300.07 301.78 298.6 293.48 292.82 293.41 294.71 298.35 304.6 301.97 305.55 305.61 302.93 299.62 293.24 284.99 278.28 272.27 264.92 265.22 266.2 269.99 266.38 264.45 256.56 260.86 269.06 271.64 270.23 265.13 273.26 279.18 278.4433 -9999 -9999 -9999 -9999 -9999 -9999 -9999 -9999 -9999 -9999 -9999 -9999 -9999 -9999 -9999 -9999 -9999 -9999 -9999 -9999 -9999 -9999 -9999 -9999 -9999 -9999
280.97 277.39 277.18 277.43 276.94 267.18 257.27 254.55 257.6 265.37 263.49 263.74 265.43 273.16 282.5 288.49 292.78 295.75 298.24 301.16 301.55 302.25 303.07 304.79 305.84 304.3 299.86 300.19 302.2 300.85 304.26 299.29 287.39 269.9 262.94 255.86 249.79 262.47 273.29 271.48 268.98 266.53 270.32 272.46 271.04 273.12 267.9082 273.0617 280.2794 -9999 -9999 -9999 -9999 -9999 -9999 -9999 -9999 -9999 -9999 -9999 -9999 -9999 -9999 -9999 -9999 -9999 -9999 -9999 -9999 -9999 -9999 -9999 -9999 -9999 -9999 -9999
271.19 272.18 272.77 264.86 263.72 264.66 256.42 252.48 251 249.56 251.51 256.4 262.58 269.7 274.07 279.69 287.79 292.77 295.95 297.28 297.3 298.98 301.35 302.15 301.66 298.81 302.39 302.68 302.09 297.49 305.62 299.95 289.5 287.09 276.64 268.32 272.31 273.15 274.74 271.72 271.1 270.8889 274.6076 273.8788 -9999 -9999 -9999 -9999 -9999 -9999 -9999 -9999 -9999 -9999 -9999 -9999 -9999 -9999 -9999 -9999 -9999 -9999 -9999 -9999 -9999 -9999 -9999 -9999 -9999 -9999 -9999 -9999 -9999 -9999 -9999 -9999
264.8 263.29 262.66 257.43 253.39 253.15 257.74 251.15 247.5 243.44 243.47 249.7 255.62 262.16 262.4 260.3 273.71 285.34 286.33 288.74 291.21 292.76 290.41 296.57 296.26 294.9 298.42 294.46 291.32 287.15 296.71 300.14 297.1 286.1 272.85 280.79 281.36 278.55 275.5422 -9999 -9999 -9999 -9999 -9999 -9999 -9999 -9999 -9999 -9999 -9999 -9999 -9999 -9999 -9999 -9999 -9999 -9999 -9999 -9999 -9999 -9999 -9999 -9999 -9999 -9999 -9999 -9999 -9999 -9999 -9999 -9999 -9999 -9999 -9999 -9999 -9999
256.69 256.15 255.89 255.34 252.28 248.1 244.74 250.78 242.82 239.07 233.74 239.16 248.69 255.36 259.17 263 269.7 274.33 273.69 279.4 283.8 288.76 289.9 287.38 285.1 288.42 289.96 287.68 289.68 289.54 295.93 300.93 288.06 276.83 278.73 286.5811 -9999 -9999 -9999 -9999 -9999 -9999 -9999 -9999 -9999 -9999 -9999 -9999 -9999 -9999 -9999 -9999 -9999 -9999 -9999 -9999 -9999 -9999 -9999 -9999 -9999 -9999 -9999 -9999 -9999 -9999 -9999 -9999 -9999 -9999 -9999 -9999 -9999 -9999 -9999 -9999
