layers/final_practice/hyla_meridionalis/tmin_mean.asc
ncols         400
nrows         278
xllcorner     -21.041487136433
yllcorner     26.106002917928
cellsize      0.083333337679505
NODATA_value  -9999
[rows 132 to 164 of 278, columns 146 to 218 of 400]
-9999 121.8142 118.6617 121.1008 120.1325 119.8925 120.2642 118.7 116.8066 114.3842 111.7559 108.69 108.6975 108.1583 109.8033 112.1525 114.2542 113.765 113.7933 112.4175 111.6916 111.2367 110.4542 105.8725 101.7542 95.11834 95.26584 98.72746 99.78832 96.68416 93.97999 96.45836 94.76917 91.64252 90.61082 92.27587 94.49749 96.18999 98.9725 96.56753 91.65501 89.65833 88.81999 92.10418 93.96167 92.98752 89.39666 93.43918 96.04582 94.1275 91.31083 94.03915 93.68834 95.78334 91.46666 102.15 99.96084 101.7808 107.0592 101.4325 110.3733 112.0534 110.855 108.8433 111.8658 105.8892 98.41082 95.99582 97.55168 98.88416 89.70667 83.10166 76.23
124.7596 119.4241 113.2033 118.0425 119.8525 120.9316 119.1933 118.4717 116.2358 113.7208 110.7541 110.7116 111.6008 113.0975 115.0716 114.215 113.3467 114.0458 114.6266 114.38 112.7558 110.5975 108.7892 106.2942 101.6025 97.16001 96.16171 92.16083 92.46416 93.61752 90.5 91.75916 97.67417 99.53912 95.49084 90.00916 92.02837 93.7867 97.6025 99.35332 99.61333 96.77334 95.18916 90.97084 89.17668 91.92831 97.76249 96.56585 99.15665 102.12 99.01086 101.1967 110.03 108.8584 107.4591 110.135 109.7267 111.1441 110.44 115.2092 116.4633 117.01 112.745 117.3608 114.175 108.1816 108.1175 106.4359 99.96835 94.42416 87.515 60.5825 82.17668
124.0275 118.215 114.7975 115.9791 118.8734 119.8192 118.9992 117.485 114.4075 110.1625 108.9166 107.4917 110.4442 111.0467 114.7216 113.0409 112.2091 110.5658 112.4634 112.2225 108.1425 104.5617 101.2975 102.6425 105.9083 98.77249 92.76834 92.59832 92.27333 85.62334 87.07001 92.14583 94.6875 100.0392 101.9608 98.63749 93.175 89.20084 92.06415 97.08082 101.8875 105.3817 101.1275 100.0983 93.89332 92.75833 95.04749 97.62334 98.85498 108.7758 109.0392 111.6884 116.7175 117.2758 118.1958 120.2367 121.0742 121.8292 121.9383 121.7725 120.6016 119.0142 118.91 113.1583 102.9317 97.04999 97.00501 101.7609 106.8792 100.3633 73.73418 69.70916 65.16836
123.0502 116.9991 117.845 119.0008 119.5775 120.1816 118.8783 117.1242 113.7608 112.3425 110.2142 107.88 109.335 113.5359 114.0841 112.6817 112.54 111.905 112.0333 113.7858 111.8108 110.8066 107.5242 100.0375 99.25418 98.35917 97.495 102.2283 103.9133 98.28499 95.76832 99.88997 96.20167 93.25582 102.4767 96.55414 92.9775 95.68748 89.61334 90.96083 96.66086 99.67331 104.95 105.175 99.48415 101.5142 103.9217 102.1908 104.2667 113.085 118.6 118.8383 121.2008 118.0442 119.725 119.21 117.4642 120.25 121.5483 120.6383 122.8142 121.9317 120.6525 116.2908 112.5083 113.2925 112.195 111.7033 107.945 100.815 82.31167 65.74916 44.81667
122.805 117.7433 118.2417 119.41 120.2592 119.4167 117.18 114.2067 112.4208 112.1575 111.8575 111.7783 113.0984 113.3325 115.6675 114.0267 112.66 113.0225 115.7225 113.325 107.8875 105.555 104.4859 99.845 99.12833 96.00833 96.05753 96.69831 100.4866 105.6033 104.495 101.3358 101.9492 101.9983 107.7775 101.3675 99.83336 98.79831 94.37665 96.64416 100.9941 107.9392 105.9833 110.4908 109.7809 111.6492 111.5408 114.0792 118.3425 118.6767 117.2967 117.9008 117.7533 115.695 116.2192 118.8992 117.0701 118.7784 120.45 118.7692 121.2291 118.8917 115.1 112.7225 113.61 108.8425 110.145 112.0317 104.0566 85.64333 55.01999 52.52667 44.6125
122.3924 116.7358 117.8892 118.7667 119.3158 118.1242 115.155 111.9366 111.2716 111.8433 112.3575 113.3708 113.8775 114.3758 116.235 114.0542 114.2508 116.3858 116.3833 113.3833 111.0609 112.9625 112.2567 111.19 112.7242 110.2392 108.5592 104.2525 102.2875 105.925 109.9567 105.0225 104.4767 103.5066 111.4217 111.1775 106.145 106.6125 104.8542 106.7283 109.7783 109.3975 114.1825 118.3283 118.1609 118.3875 118.0058 116.0008 117.2783 117.2067 115.49 116.89 117.3575 114 118.2467 118.1167 117.89 115.2358 113.5475 108.5517 115.5233 116.9408 100.045 86.44917 82.21583 86.57747 102.5417 104.3633 105.4342 78.65417 51.33749 70.46249 76.2275
-9999 119.5246 118.9558 116.1917 114.2492 116.0275 115.8242 112.7667 110.5575 111.965 112.5108 112.6334 113.9625 114.8925 117.4134 115.3725 118.7208 118.2583 119.6442 119.0208 117.9059 119.6125 120.2667 118.4942 120.575 114.7133 110.5292 108.7117 107.645 106.8283 110.2192 112.0525 111.085 109.5466 108.6042 116.37 115.2433 113.8742 109.6342 112.7458 118.0817 118.91 119.4575 118.8467 116.8192 116.2058 116.4683 114.2 112.7175 116.0192 119.64 117.8259 118.055 115.7975 117.5059 116.6025 113.6992 112.3367 101.5683 88.41334 101.8842 99.20499 93.46663 72.61167 51.745 82.56916 83.90085 88.24417 94.37419 98.88581 86.53751 83.10917 86.68831
-9999 122.4867 121.2984 116.2467 113.1108 110.4333 113.5667 111.7242 110.5258 110.7883 111.0717 113.6433 115.8433 118.5025 119.59 119.2334 122.0458 122.0875 120.7808 119.4967 118.83 123.4017 124.5517 120.615 121.2917 115.7375 113.6041 116.6508 111.165 111.8008 113.1092 114.5159 114.2642 116.1975 114.2775 117.9617 121.135 120.7925 119.375 120.3808 119.3858 118.2258 117.6025 117.6708 118.3625 116.2108 115.1733 114.7592 116.2942 113.3467 116.8633 114.2075 110.685 112.8383 110.7216 114.3892 111.5567 98.58751 100.9767 85.11667 67.75082 76.96584 87.43582 79.63667 75.72916 77.70583 79.29416 85.77084 92.80666 98.83666 91.87416 90.94 95.00164
-9999 119.5667 121.8758 120.3267 118.0675 114.715 114.2567 112.0175 109.2125 109.6075 110.9775 112.5283 113.9842 115.7717 118.3391 122.1875 120.1384 119.26 118.9716 120.2108 123.5917 125.64 127.7542 126.7984 121.6675 120.155 119.1375 118.8767 114.1017 116.6125 120.325 121.0275 121.6359 123.4008 123.3759 123.0134 121.3817 119.63 118.9117 117.8133 116.4433 115.7033 116.885 115.8167 116.745 119.0242 118.6734 119.26 117.7334 116.7892 114.0092 107.07 105.0342 95.80585 94.11083 106.43 110.5817 101.4275 97.46164 77.87168 64.66084 66.33167 77.90417 71.28167 77.26166 76.58752 78.00668 78.33166 88.83082 95.98835 96.96416 91.58501 87.15749
122.5741 117.7242 115.2333 118.9642 119.0191 113.9958 110.97 107.9742 106.7258 107.675 108.315 110.5392 112.7417 114.5667 116.1317 118.5875 125.0684 122.3692 122.4025 124.4033 126.7109 129.9883 131.1325 128.1008 127.4583 126.51 126.2691 126.3034 123.6875 125.465 125.9742 125.1441 123.2558 124.8858 124.4917 122.8083 120.1542 116.7117 117.925 119.2316 117.795 116.7308 117.2592 115.2783 116.7508 119.5483 119.3467 120.1375 118.2108 114.6483 113.2525 112.5033 108.4233 89.98168 95.33085 103.065 98.61917 97.05499 85.45417 86.46834 77.87752 80.855 81.16083 82.67085 82.14916 75.31998 79.30584 84.55418 88.2075 80.14752 76.85835 70.40415 77.09666
121.6609 116.1567 112.5658 108.5175 115.4383 117.6158 114.0475 109.565 103.8167 104.7567 107.6842 109.095 110.7425 115.2159 119.1692 122.1208 126.4575 125.0416 127.0959 127.8608 128.99 132.4192 135.7308 134.7791 134.0208 132.9817 130.4125 127.3633 124.915 125.6334 126.8117 124.3584 122.0875 123.6975 124.7525 122.8558 118.9033 119.0942 120.2408 119.2075 119.2675 119.2108 118.7167 118.8308 119.09 118.2109 117.6783 117.6334 118.6225 117.975 116.86 112.1575 104.94 102.0967 88.47417 90.69083 86.64668 84.01334 80.75751 83.31166 85.62752 84.61417 82.94168 86.01001 74.27415 64.33418 73.77749 84.81082 82.93417 70.06998 60.81917 38.0625 52.01667
120.8058 113.66 105.8708 108.3875 117.8216 116.7067 118.3317 114.3017 108.2683 105.9242 101.6867 103.5267 109.5742 112.6583 117.4967 123.3933 128.1582 128.9267 129.9608 132.9592 134.0933 135.8808 138.5257 138.3804 135.4967 132.0016 130.0992 129.895 128.0175 128.0317 128.6775 127.2492 126.5208 126.84 124.7541 122.4625 122.2141 121.2925 120.2242 119.5083 118.3959 118.1467 118.7092 118.495 118.6283 116.4658 114.0308 105.0783 113.6283 114.8058 114.4458 113.0917 113.2192 107.6458 103.4666 100.2942 91.28251 89.76334 82.78584 87.7875 94.52333 95.92414 91.71249 64.48 55.04416 63.36501 74.56751 80.46999 80.76169 70.95835 56.20416 43.3225 39.39917
118.7808 121.6958 123.7092 125.3725 123.905 123.0117 122.3658 119.695 115.3975 115.4542 109.9475 106.8075 111.5442 116.7683 120.9841 125.8434 130.6507 132.0608 133.0542 -9999 -9999 -9999 138.9727 137.7065 135.4617 134.02 132.785 132.4167 132.2358 131.5067 131.2858 130.3584 129.5933 128.485 126.82 124.8234 122.555 120.9959 119.8625 118.9283 117.7867 115.8833 116.9858 115.8283 113.9508 111.795 112.5342 105.4225 109.8667 109.9892 110.78 111.0325 108.1658 95.53168 101.9066 105.1308 97.88332 106.1725 103.5142 101.8667 102.0517 99.00915 94.72419 79.26751 69.61832 52.2875 42.65416 58.66916 72.66917 73.12334 72.8325 72.9375 60.9225
122.8675 125.8434 128.1394 127.2024 125.3043 125.3237 124.3174 122.8831 122.1517 119.8675 115.82 116.6933 120.6342 125.5475 128.7729 -9999 -9999 -9999 -9999 -9999 -9999 -9999 -9999 -9999 135.4827 134.2663 134.2425 134.615 134.3441 133.7275 132.8725 131.9975 131.075 130.0492 128.9225 127.4542 124.76 121.5108 119.4942 118.495 115.5725 111.5442 111.5183 110.2175 104.9667 108.5058 109.5633 106.4733 110.8058 110.6442 110.3917 110.1775 102.3025 96.27417 94.47502 87.84666 83.40835 95.50835 94.07668 92.15084 92.47417 93.05832 93.11083 78.12917 51.75082 35.59333 4.230834 14.66084 30.80167 34.0425 38.55 50.53334 72.21834
-9999 -9999 -9999 -9999 -9999 -9999 -9999 -9999 -9999 -9999 126.1534 125.9349 127.1574 -9999 -9999 -9999 -9999 -9999 -9999 -9999 -9999 -9999 -9999 -9999 -9999 -9999 -9999 134.2382 134.5967 134.415 133.7917 133.2183 132.4919 131.6767 130.5342 128.935 126.0633 123.4525 120.8258 116.6033 114.915 110.7067 108.5242 103.4575 107.0333 103.67 103.8267 108.0692 111.5017 113.4242 110.265 110.0275 100.4217 95.90585 85.02333 66.66917 65.8275 82.57332 85.43167 81.63415 79.10416 83.16167 84.1225 62.87915 14.495 -9.29917 -3.301666 13.9025 30.68917 47.05583 49.37251 46.945 58.28835
-9999 -9999 -9999 -9999 -9999 -9999 -9999 -9999 -9999 -9999 -9999 -9999 -9999 -9999 -9999 -9999 -9999 -9999 -9999 -9999 -9999 -9999 -9999 -9999 -9999 -9999 -9999 -9999 135.1914 135.0667 134.8207 134.48 133.9974 132.93 131.5067 128.3125 124.2658 123.5275 121.4075 116.0317 112.9384 111.1258 109.0325 100.05 99.45667 96.3275 107.9442 111.415 111.3925 105.7083 96.05667 92.90837 94.59915 88.92585 91.74416 90.36001 87.28336 74.10667 77.11417 83.35581 73.56667 67.22581 88.41501 84.37084 42.13334 46.30584 49.00916 62.13832 86.36749 101.6567 87.93084 65.68166 71.41418
-9999 -9999 -9999 -9999 -9999 -9999 -9999 -9999 -9999 -9999 -9999 -9999 -9999 -9999 -9999 -9999 -9999 -9999 -9999 -9999 -9999 -9999 -9999 -9999 -9999 -9999 -9999 -9999 -9999 -9999 135.6831 135.2341 135.3191 133.5692 129.4767 128.02 125.0009 124.2892 123.1075 116.16 112.1534 106.2225 102.5617 100.9792 93.12584 91.99332 98.95501 105.7184 111.0233 124.1717 115.9017 114.6125 109.655 99.06336 111.5808 122.7333 117.2608 79.77167 72.37832 70.42666 68.08335 74.25247 87.35167 100.485 100.925 91.88584 82.88083 78.50751 79.44084 104.0017 107.8508 59.90416 49.0275
-9999 -9999 -9999 -9999 -9999 -9999 -9999 -9999 -9999 -9999 -9999 -9999 -9999 -9999 -9999 -9999 -9999 -9999 -9999 -9999 -9999 -9999 -9999 -9999 -9999 -9999 -9999 -9999 -9999 135.133 135.9662 136.1241 136.5358 134.92 130.6375 130.1059 127.4583 124.8792 122.9025 114.01 94.46253 93.54249 99.0375 95.67833 95.01747 81.64501 94.49418 94.97416 121.4659 128.8383 121.0767 129.0192 125.56 110.8758 110.2159 125.4183 133.6142 122.5858 116.8025 113.301 94.51118 116.2458 110.8967 124.8941 98.49747 99.27333 96.58336 110.1458 104.4948 118.115 124.0043 121.1742 127.5292
-9999 -9999 -9999 -9999 -9999 -9999 -9999 -9999 -9999 -9999 -9999 -9999 -9999 -9999 -9999 -9999 -9999 -9999 -9999 -9999 -9999 -9999 -9999 -9999 -9999 -9999 -9999 -9999 -9999 134.6783 135.6234 136.3274 137.1684 136.455 133.685 133.5809 129.5708 124.9592 120.2908 119.0608 104.015 81.5025 86.69501 92.24334 86.42246 67.36749 82.5175 116.6366 129.0292 135.2625 135.3225 140.1492 140.9709 -9999 -9999 -9999 -9999 -9999 -9999 -9999 -9999 -9999 -9999 -9999 128.692 -9999 -9999 -9999 -9999 -9999 -9999 -9999 138.3122
-9999 -9999 -9999 -9999 -9999 -9999 -9999 -9999 -9999 -9999 -9999 -9999 -9999 -9999 -9999 -9999 -9999 -9999 -9999 -9999 -9999 -9999 -9999 -9999 -9999 -9999 -9999 -9999 -9999 135.3276 137.463 139.4218 140.0225 138.3575 137.0483 133.7575 128.4458 123.65 123.9758 114.1542 107.5767 92.26835 99.78669 97.28331 89.22498 83.73332 102.4475 106.3033 114.2033 123.9108 115.3858 129.4904 -9999 -9999 -9999 -9999 -9999 -9999 -9999 -9999 -9999 -9999 -9999 -9999 -9999 -9999 -9999 -9999 -9999 -9999 -9999 -9999 -9999
-9999 -9999 -9999 -9999 -9999 -9999 -9999 -9999 -9999 -9999 -9999 -9999 -9999 -9999 -9999 -9999 -9999 -9999 -9999 -9999 -9999 -9999 -9999 -9999 -9999 -9999 -9999 -9999 -9999 -9999 -9999 -9999 141.1292 137.3467 135.1767 133.6475 127.2517 123.6275 108.7908 112.6075 103.7658 110.8167 110.7667 100.8692 105.1616 115.1059 122.4867 116.0403 124.5716 134.3376 137.9619 -9999 -9999 -9999 -9999 -9999 -9999 -9999 -9999 -9999 -9999 -9999 -9999 -9999 -9999 -9999 -9999 -9999 -9999 -9999 -9999 -9999 -9999
-9999 -9999 -9999 -9999 -9999 -9999 -9999 -9999 -9999 -9999 -9999 -9999 -9999 -9999 -9999 -9999 -9999 -9999 -9999 -9999 -9999 -9999 -9999 -9999 -9999 -9999 -9999 -9999 -9999 -9999 -9999 144.4522 142.085 138.3475 135.0875 134.1159 132.7125 130.3175 117.4142 116.6783 124.1041 127.8858 121.1017 111.8042 129.3169 -9999 -9999 -9999 -9999 -9999 -9999 -9999 -9999 -9999 -9999 -9999 -9999 -9999 -9999 -9999 -9999 -9999 -9999 -9999 -9999 -9999 -9999 -9999 -9999 -9999 -9999 -9999 -9999
-9999 -9999 -9999 -9999 -9999 -9999 -9999 -9999 -9999 -9999 -9999 -9999 -9999 -9999 -9999 -9999 -9999 -9999 -9999 -9999 -9999 -9999 -9999 -9999 -9999 -9999 -9999 -9999 -9999 -9999 -9999 -9999 141.3395 138.19 134.8925 134.4984 134.6825 131.8075 126.055 117.7858 128.08 131.7258 130.5583 -9999 -9999 -9999 -9999 -9999 -9999 -9999 -9999 -9999 -9999 -9999 -9999 -9999 -9999 -9999 -9999 -9999 -9999 -9999 -9999 -9999 -9999 -9999 -9999 -9999 -9999 -9999 -9999 -9999 -9999
-9999 -9999 -9999 -9999 -9999 -9999 -9999 -9999 -9999 -9999 -9999 -9999 -9999 -9999 -9999 -9999 -9999 -9999 -9999 -9999 -9999 -9999 -9999 -9999 -9999 -9999 -9999 -9999 -9999 -9999 -9999 -9999 139.8687 137.8537 136.0141 136.2284 134.9275 127.1192 123.4034 121.9583 129.09 131.3283 134.3787 -9999 -9999 -9999 -9999 -9999 -9999 -9999 -9999 -9999 -9999 -9999 -9999 -9999 -9999 -9999 -9999 -9999 -9999 -9999 -9999 -9999 -9999 -9999 -9999 -9999 -9999 -9999 -9999 -9999 -9999
-9999 -9999 -9999 -9999 -9999 -9999 -9999 -9999 -9999 -9999 -9999 -9999 -9999 -9999 -9999 -9999 -9999 -9999 -9999 -9999 -9999 -9999 -9999 -9999 -9999 -9999 -9999 -9999 -9999 -9999 -9999 -9999 -9999 137.266 134.6104 134.7917 133.7275 129.8508 120.2 129.8583 133.0281 133.3796 -9999 -9999 -9999 -9999 -9999 -9999 -9999 -9999 -9999 -9999 -9999 -9999 -9999 -9999 -9999 -9999 -9999 -9999 -9999 -9999 -9999 -9999 -9999 -9999 -9999 -9999 -9999 -9999 -9999 -9999 -9999
-9999 -9999 -9999 -9999 -9999 -9999 -9999 -9999 -9999 -9999 -9999 -9999 -9999 -9999 -9999 -9999 -9999 -9999 -9999 -9999 -9999 -9999 -9999 -9999 -9999 -9999 -9999 -9999 -9999 -9999 -9999 -9999 -9999 -9999 -9999 -9999 130.8466 128.3125 123.0767 116.1367 132.0671 -9999 -9999 -9999 -9999 -9999 -9999 -9999 -9999 -9999 -9999 -9999 -9999 -9999 -9999 -9999 -9999 -9999 -9999 -9999 -9999 -9999 -9999 -9999 -9999 -9999 -9999 -9999 -9999 -9999 -9999 -9999 -9999
-9999 -9999 -9999 -9999 -9999 -9999 -9999 -9999 -9999 -9999 -9999 -9999 -9999 -9999 -9999 -9999 -9999 -9999 -9999 -9999 -9999 -9999 -9999 -9999 -9999 -9999 -9999 -9999 -9999 -9999 -9999 -9999 -9999 -9999 -9999 -9999 -9999 -9999 130.0517 123.7155 -9999 -9999 -9999 -9999 -9999 -9999 -9999 -9999 -9999 -9999 -9999 -9999 -9999 -9999 -9999 -9999 -9999 -9999 -9999 -9999 -9999 -9999 -9999 -9999 -9999 -9999 -9999 -9999 -9999 -9999 -9999 -9999 -9999
-9999 -9999 -9999 -9999 -9999 -9999 -9999 -9999 -9999 -9999 -9999 -9999 -9999 -9999 -9999 -9999 -9999 -9999 -9999 -9999 -9999 -9999 -9999 -9999 -9999 -9999 -9999 -9999 -9999 -9999 -9999 -9999 -9999 -9999 -9999 -9999 -9999 -9999 -9999 -9999 -9999 -9999 -9999 -9999 -9999 -9999 -9999 -9999 -9999 -9999 -9999 -9999 -9999 -9999 -9999 -9999 -9999 -9999 -9999 -9999 -9999 -9999 -9999 -9999 -9999 -9999 -9999 -9999 -9999 -9999 -9999 -9999 -9999
-9999 -9999 -9999 -9999 -9999 -9999 -9999 -9999 -9999 -9999 -9999 -9999 -9999 -9999 -9999 -9999 -9999 -9999 -9999 -9999 -9999 -9999 -9999 -9999 -9999 -9999 -9999 -9999 -9999 -9999 -9999 -9999 -9999 -9999 -9999 -9999 -9999 -9999 -9999 -9999 126.3149 124.8763 -9999 -9999 -9999 -9999 -9999 -9999 -9999 -9999 -9999 -9999 -9999 -9999 -9999 -9999 -9999 -9999 -9999 -9999 -9999 -9999 -9999 -9999 -9999 -9999 -9999 -9999 -9999 -9999 -9999 -9999 -9999
-9999 -9999 -9999 -9999 -9999 -9999 -9999 -9999 -9999 -9999 -9999 -9999 -9999 -9999 -9999 -9999 -9999 -9999 -9999 -9999 -9999 -9999 -9999 -9999 -9999 -9999 -9999 -9999 -9999 -9999 -9999 -9999 -9999 -9999 -9999 132.0382 135.9325 129.6177 130.6283 127.9617 122.8358 128.1853 -9999 -9999 -9999 -9999 -9999 -9999 -9999 -9999 -9999 -9999 -9999 -9999 -9999 -9999 -9999 -9999 -9999 -9999 -9999 -9999 -9999 -9999 -9999 -9999 -9999 -9999 -9999 -9999 -9999 -9999 -9999
-9999 -9999 -9999 -9999 -9999 -9999 -9999 -9999 -9999 -9999 -9999 -9999 -9999 -9999 -9999 -9999 -9999 -9999 -9999 -9999 -9999 -9999 -9999 -9999 -9999 -9999 -9999 -9999 -9999 -9999 -9999 -9999 -9999 -9999 -9999 133.0858 134.2983 130.97 127.585 126.1617 123.1875 129.8292 -9999 -9999 -9999 -9999 -9999 -9999 -9999 -9999 -9999 -9999 -9999 -9999 -9999 -9999 -9999 -9999 -9999 -9999 -9999 -9999 -9999 -9999 -9999 -9999 -9999 -9999 -9999 -9999 -9999 -9999 -9999
-9999 -9999 -9999 -9999 -9999 -9999 -9999 -9999 -9999 -9999 -9999 -9999 -9999 -9999 -9999 -9999 -9999 -9999 -9999 -9999 -9999 -9999 -9999 -9999 -9999 -9999 -9999 -9999 -9999 -9999 -9999 -9999 -9999 -9999 132.4475 133.0908 132.3633 132.7067 127.9516 130.1575 127.1175 129.2525 132.7309 -9999 -9999 -9999 -9999 -9999 -9999 -9999 -9999 -9999 -9999 -9999 -9999 -9999 -9999 -9999 -9999 -9999 -9999 -9999 -9999 -9999 -9999 -9999 -9999 -9999 -9999 -9999 -9999 -9999 -9999
-9999 -9999 -9999 -9999 -9999 -9999 -9999 -9999 -9999 -9999 -9999 -9999 -9999 -9999 -9999 -9999 -9999 -9999 -9999 -9999 -9999 -9999 -9999 -9999 -9999 -9999 -9999 -9999 -9999 -9999 -9999 -9999 -9999 -9999 129.4276 130.175 127.7 129.765 126.9342 125.2175 131.6467 124.1309 130.5908 131.9352 -9999 -9999 -9999 -9999 -9999 -9999 -9999 -9999 -9999 -9999 -9999 -9999 -9999 -9999 -9999 -9999 -9999 -9999 -9999 -9999 -9999 -9999 -9999 -9999 -9999 -9999 -9999 -9999 -9999
