layers/final_practice/hyla_meridionalis/tmin_min.asc
ncols         400
nrows         278
xllcorner     -21.041487136433
yllcorner     26.106002917928
cellsize      0.083333337679505
NODATA_value  -9999
[rows 238 to 271 of 278, columns 77 to 153 of 400]
-9999 -9999 -9999 -9999 -9999 -9999 -9999 -9999 -9999 -9999 -9999 -9999 -9999 -9999 -9999 -9999 -9999 -9999 -9999 -9999 -9999 -9999 -9999 -9999 -9999 -9999 -9999 -9999 -9999 -9999 -9999 -9999 -9999 -9999 -9999 -9999 -9999 -9999 -9999 -9999 -9999 -9999 -9999 -9999 -9999 -9999 -9999 -9999 -9999 -9999 -9999 -9999 -9999 106.5155 90.12 87.24 60.01 49.07 35.64 28.87 27.78 24.18 12.35 7.15 6.59 6.71 9.3 13.21 19.72 25.54 24.06 26.08 30.93 31.4 38.96 42.41 45.59
-9999 -9999 -9999 -9999 -9999 -9999 -9999 -9999 -9999 -9999 -9999 -9999 -9999 -9999 -9999 -9999 -9999 -9999 -9999 -9999 -9999 -9999 -9999 -9999 -9999 -9999 -9999 -9999 -9999 -9999 -9999 -9999 -9999 -9999 -9999 -9999 -9999 -9999 -9999 -9999 -9999 -9999 -9999 -9999 -9999 -9999 -9999 -9999 -9999 -9999 -9999 -9999 102.963 97.53 83.72 75.15 56.62 46.28 29.99 23.7 18.89 18.58 14.03 20.74 19.37 15.21 15.33 23.13 21.84 27.83 33.64 32.35 41.34 44.87 47.94 49.51 49.78
-9999 -9999 -9999 -9999 -9999 -9999 -9999 -9999 -9999 -9999 -9999 -9999 -9999 125.2769 -9999 -9999 -9999 -9999 -9999 -9999 -9999 -9999 -9999 -9999 -9999 -9999 -9999 -9999 -9999 -9999 -9999 -9999 -9999 -9999 -9999 -9999 -9999 -9999 -9999 -9999 -9999 -9999 -9999 -9999 -9999 -9999 -9999 -9999 -9999 -9999 -9999 100.3871 87.09 78.65 63.96 61.32 66.27 50.9 48.46 41.64 40.12 34.96 32.78 37.39 32.41 26.64 26.26 32.01 26.27 34.19 41.62 44.43 49.83 51.98 52.21 49.59 48.55
-9999 -9999 -9999 -9999 -9999 -9999 -9999 -9999 -9999 -9999 -9999 130.8182 117.5667 127.4627 -9999 -9999 -9999 -9999 -9999 -9999 -9999 -9999 -9999 -9999 -9999 -9999 -9999 -9999 -9999 -9999 -9999 -9999 -9999 -9999 -9999 -9999 -9999 -9999 -9999 -9999 -9999 -9999 -9999 -9999 -9999 -9999 -9999 -9999 -9999 -9999 107.2556 98.13 86.28 77.22 71.47 71.2 73.32 67.31 63.34 57.21 49.08 43.75 43.07 46.23 42.65 40.04 37.6 41.81 42.74 41.95 46.92 52.58 52.12 51.86 52.8 53.15 56.26
-9999 -9999 -9999 -9999 -9999 -9999 -9999 -9999 -9999 128.1277 121.6979 121.69 122.61 -9999 -9999 -9999 -9999 -9999 -9999 -9999 -9999 -9999 -9999 -9999 -9999 -9999 -9999 -9999 -9999 -9999 -9999 -9999 -9999 -9999 -9999 -9999 -9999 -9999 -9999 -9999 -9999 -9999 -9999 -9999 -9999 -9999 -9999 -9999 -9999 104.9639 103.33 99.78 97.58 92.7 85.46 76.22 66.54 69.41 68.62 62.52 49.6 51.3 47.8 43.5 30.63 35.18 40.87 44.81 48.9 52.31 54.34 49.8 39.38 53.42 56.82 57.54 57.63
-9999 -9999 -9999 -9999 -9999 -9999 -9999 -9999 -9999 125.4778 120.8 126.2472 -9999 -9999 -9999 -9999 -9999 -9999 -9999 -9999 -9999 -9999 -9999 -9999 -9999 -9999 -9999 -9999 -9999 -9999 -9999 -9999 -9999 -9999 -9999 -9999 -9999 -9999 -9999 -9999 -9999 -9999 -9999 -9999 -9999 -9999 -9999 110.8 106.2083 100.12 99.42 98.44 96.57 93.3 87.86 82.35 81.25 75.29 62.67 57.07 56.61 51.17 46.1 34.48 34.45 44.99 44.8 47.03 54.51 55.77 56.58 50 54.84 57.46 57.81 58.09 56.43
-9999 -9999 -9999 -9999 -9999 -9999 -9999 -9999 -9999 128.7237 -9999 -9999 -9999 -9999 -9999 -9999 -9999 -9999 -9999 -9999 -9999 -9999 -9999 -9999 -9999 -9999 -9999 -9999 -9999 -9999 -9999 -9999 -9999 -9999 -9999 -9999 -9999 -9999 -9999 -9999 -9999 -9999 -9999 -9999 -9999 108.9231 107.2766 106 102.29 102.26 97.89 96.18 91.92 84.16 79.69 70.31 74.25 73.55 60 53.83 46.79 49.28 46.58 39.75 43.61 37.85 48.91 57.22 57.64 58.78 58.86 59.23 59.34 58.99 58.15 56.2 54.76
-9999 -9999 -9999 -9999 -9999 -9999 -9999 -9999 -9999 -9999 -9999 -9999 -9999 -9999 -9999 -9999 -9999 -9999 -9999 -9999 -9999 -9999 -9999 -9999 -9999 -9999 -9999 -9999 -9999 -9999 -9999 -9999 -9999 -9999 -9999 -9999 -9999 -9999 -9999 -9999 -9999 -9999 -9999 108.4364 107.4211 105.26 101.81 98.83 98.73 96.34 94.97 93.29 87.27 75.92 65.21 62 73.33 73.02 67.53 56.11 46.12 51.06 43 44.12 49.91 54.14 60.3 59.3 60.46 61.22 60.68 60.18 59.85 57.36 53.7 56.3 54.35
-9999 -9999 -9999 -9999 -9999 -9999 -9999 132.1852 131.8571 -9999 -9999 -9999 -9999 -9999 -9999 -9999 -9999 -9999 -9999 -9999 -9999 -9999 -9999 -9999 -9999 -9999 -9999 -9999 -9999 -9999 -9999 -9999 -9999 -9999 -9999 -9999 -9999 -9999 -9999 -9999 -9999 -9999 107.9063 104.38 99.99 101.58 99.17 96.22 93.09 82.61 89.76 84.14 75.62 65.56 62.71 68.07 71.11 65.28 61.8 47.39 42.63 48.6 48.13 55.71 58.59 61.47 61.42 61.89 61.73 62.13 61.21 57.42 55.07 54.28 52.31 44.61 39.5
-9999 -9999 -9999 -9999 -9999 -9999 -9999 124.6 125.66 -9999 -9999 -9999 -9999 -9999 -9999 -9999 -9999 -9999 -9999 -9999 -9999 -9999 -9999 -9999 -9999 -9999 -9999 -9999 -9999 -9999 -9999 -9999 -9999 -9999 -9999 -9999 -9999 -9999 -9999 -9999 -9999 107.4468 105.34 101.63 99.17 95.74 94.58 94.09 89.4 80.81 66.79 63.63 67.45 62.62 62.62 63.89 59.13 53.36 53.7 44.58 53.36 62.19 63.76 64.87 63.56 63.65 62.05 62.48 61.22 58.27 58.2 58.24 57.7 55.23 49.6 40.39 40.31
-9999 -9999 -9999 -9999 -9999 -9999 127.2286 117.21 126.47 -9999 -9999 -9999 -9999 -9999 -9999 -9999 -9999 -9999 -9999 -9999 -9999 -9999 -9999 -9999 -9999 -9999 -9999 -9999 -9999 -9999 -9999 -9999 -9999 -9999 -9999 -9999 -9999 -9999 -9999 -9999 106.0412 103.75 108.8 105.86 100.9 93.92 91.14 87.58 82.8 73.18 64.76 63.69 67.92 61.51 62.46 59.6 59.96 60.66 54.47 53.64 62.73 65.46 65.82 65.99 64.84 62.22 61.57 59.14 58.72 60.32 59.29 58.3 57.38 56.06 50.38 49.1 41.44
-9999 -9999 -9999 -9999 -9999 122.0789 117.39 120.02 129.6296 -9999 -9999 -9999 -9999 -9999 -9999 -9999 -9999 -9999 -9999 -9999 -9999 -9999 -9999 -9999 -9999 -9999 -9999 -9999 -9999 -9999 -9999 -9999 -9999 -9999 -9999 -9999 -9999 -9999 -9999 108.11 101.87 104.04 106.04 100.22 100.85 100.29 97.59 95.28 83.02 78.22 78.37 72.99 64.65 67.06 69.38 62.43 72.46 72.25 69.78 69.3 69.03 66.99 62.71 61.74 62.8 60.85 60.01 61.07 60.74 58.16 48.99 52.64 51.99 48.35 48.25 47.53 42.95
-9999 -9999 -9999 -9999 -9999 122.1222 115.38 124.02 129.7917 -9999 -9999 -9999 -9999 -9999 -9999 -9999 -9999 -9999 -9999 -9999 -9999 -9999 -9999 -9999 -9999 -9999 -9999 -9999 -9999 -9999 -9999 -9999 -9999 -9999 -9999 -9999 -9999 -9999 109.6737 105.1 98.05 103.84 101.2 96.42 94.37 92.17 93.74 92.84 88.64 83.36 84.84 81.22 79.22 81.69 81.15 80.42 79.43 76.11 71.3 68.4 63.52 61.08 61.54 61.76 62.66 60.8 60.21 59.73 57.13 46.95 43.85 43.62 43.84 43.98 44 43.91 43.96
-9999 -9999 -9999 -9999 -9999 119.9 126.26 126.14 -9999 -9999 -9999 -9999 -9999 -9999 -9999 -9999 -9999 -9999 -9999 -9999 -9999 -9999 -9999 -9999 -9999 -9999 -9999 -9999 -9999 -9999 -9999 -9999 -9999 -9999 -9999 -9999 112.4898 109.021 102 100.97 97.9 100.59 96.18 93.78 87.03 75.93 80.12 83.93 87.71 89.8 90.91 88.19 86.13 81.91 77.21 73.73 70.06 67.6 67.35 66.56 65.26 63.74 62.08 60.6 57.73 54.74 55 56.5 50.86 43.9 43.95 44.09 44.42 44.55 44.62 44.68 44.85
-9999 -9999 -9999 -9999 128.7101 128.2152 -9999 -9999 -9999 -9999 -9999 -9999 -9999 -9999 -9999 -9999 -9999 -9999 -9999 -9999 -9999 -9999 -9999 -9999 -9999 -9999 -9999 -9999 -9999 -9999 -9999 -9999 -9999 -9999 112.9294 110.8 108.34 109.26 100.39 99.72 99.03 96 91.3 83.1 82.83 82.83 88.87 91.04 85.54 76.68 74.22 73.37 71.47 69.87 72.65 72.6 71.22 69.79 67.79 66.41 64.13 61.33 59.65 59.43 55.98 55.31 51.06 48.68 45.55 44.89 44.76 44.9 45.18 45.23 45.2 45.41 45.51
-9999 -9999 -9999 126.1772 -9999 -9999 -9999 -9999 -9999 -9999 -9999 -9999 -9999 -9999 -9999 -9999 -9999 -9999 -9999 -9999 -9999 -9999 -9999 -9999 -9999 -9999 -9999 -9999 -9999 -9999 -9999 115.8182 113.798 111.02 108.19 104.15 102.31 108.09 106.6 102.41 97.43 92.72 85.58 85.75 89.43 89.93 89.22 77.25 70.04 70.4 70.65 73.02 74.18 74.1 72.75 70.69 69.79 68.3 65.82 64.93 62.83 57.8 55.42 57.68 51.72 49.45 45.97 45.94 46.08 46.06 45.94 45.87 46.21 46.1 46.2 46.12 46.25
-9999 -9999 -9999 -9999 -9999 -9999 -9999 -9999 -9999 -9999 -9999 -9999 -9999 -9999 -9999 -9999 -9999 -9999 -9999 -9999 -9999 -9999 -9999 -9999 -9999 -9999 -9999 123.3404 121.3651 118.7 112.52 110.73 110.01 107.45 103.87 100 102.23 105.49 106.32 98.78 93.56 88.89 88.07 90.72 90.14 86.96 75.8 72.76 73.69 70.07 70.78 72.91 71.41 71 71 69.23 67.82 66.43 64.7 62.99 59.86 54.84 55.02 55.53 49.13 47.26 47.06 46.94 46.95 46.96 46.98 47.01 47.05 47.04 46.94 46.75 46.77
-9999 -9999 -9999 -9999 -9999 -9999 -9999 -9999 -9999 -9999 -9999 -9999 -9999 -9999 -9999 -9999 -9999 -9999 -9999 -9999 131.2 129.8923 128.1733 126.4138 124.8526 123.56 123.49 121.6563 116.89 113.51 107.54 108.44 106.91 104.53 100.86 98.29 100.83 106.03 102.16 94.94 90.79 93.4 92.69 90.26 87.66 80.95 73.65 73.4 73.57 73.42 72.47 70.92 70.97 70.76 68.26 66.35 64.83 63.53 60.33 57.11 53.11 50.27 50.25 51.74 49.02 48.88 48.8 48.19 47.9 47.82 47.87 47.86 47.63 47.34 47.34 47.37 47.57
-9999 -9999 -9999 -9999 -9999 -9999 -9999 -9999 -9999 -9999 -9999 -9999 -9999 -9999 -9999 -9999 -9999 -9999 -9999 129.4521 129.29 127.9 126.26 124.86 123.71 122.48 121.63 114.04 115.21 115.07 106.86 106.14 103.93 100.93 100.37 96.93 100.28 102.79 97.72 91.3 96.05 94.76 92.2 88.02 87.01 81.9 71.25 73.64 72.65 71.96 71.47 69.44 67.12 66.1 65.18 62.01 58.26 58.05 55.3 56.84 53.76 51.53 51.18 50.66 50.55 50.22 49.55 49.27 49.04 48.8 48.5 48.18 48.23 47.99 47.71 47.63 47.7
-9999 -9999 -9999 -9999 -9999 -9999 -9999 -9999 -9999 -9999 -9999 -9999 -9999 -9999 -9999 -9999 -9999 -9999 -9999 126.52 126.67 126.18 126.16 125.37 122.9 122.58 116.93 110.35 113.94 110.77 104.58 103.06 100.18 97.61 97.39 97.9 100.03 98.11 99.04 98.47 97.33 94.49 90.19 85.68 83.59 80.95 72.45 74.08 73.45 71.01 68.8 65.81 63.25 61.87 60.44 58.58 56.95 55.88 54.77 54.3 53.57 52.99 52.57 52 51.16 50.61 50.46 50.33 50.08 49.55 49.24 49.03 48.6 48.36 48.48 48.49 48.57
-9999 -9999 -9999 -9999 -9999 -9999 -9999 -9999 -9999 -9999 -9999 -9999 -9999 -9999 -9999 -9999 -9999 122.6939 123.0105 123.49 126.32 126.91 126.12 123.21 119.86 114.7 110.56 108.65 108.25 104.93 102.6 99.94 96.83 94.51 95.7 97.41 98.06 99.69 100.2 99.03 93.72 90.65 90.79 84.55 83.14 81.97 73.58 72.44 73.21 71.91 68.13 65.75 64.64 62.16 60.28 58.95 57.58 56.46 55.88 55.61 54.9 54.1 53.11 52.71 52.13 51.61 51.48 51.19 50.64 50.37 49.96 49.55 49.32 49.16 48.9 48.8 49.33
-9999 -9999 -9999 -9999 -9999 -9999 -9999 -9999 -9999 -9999 -9999 -9999 -9999 -9999 -9999 -9999 -9999 120.16 119.51 119.47 120.67 119.02 117.49 115.77 113.02 111.18 109.26 106.3 104.97 103.45 100.79 97.88 95.1 94.34 95.2 95.12 95.91 98.59 98.8 96.32 90.55 87.4 86.58 80.97 81.42 80.3 70.16 72.68 73.63 72.7 70 67.4 65.37 63.01 60.93 59.35 58.43 57.89 57.3 56.37 55.46 54.82 54.04 53.57 52.93 52.72 52.39 51.85 51.51 51.02 50.5 50.36 49.99 49.79 49.69 49.75 50.58
-9999 -9999 -9999 -9999 -9999 -9999 -9999 -9999 -9999 -9999 -9999 -9999 -9999 -9999 -9999 -9999 117.4286 116.67 117.26 116.2 114.11 114 113.51 112.41 111.25 108.67 105.5 104.39 103.17 101.28 98.86 96.2 95.47 96.24 94.95 94.27 96.03 97.33 96.99 92.59 90.93 85.47 82.06 77.32 78.35 79.82 77.66 74.2 71.87 70.74 69.12 65.59 63.43 62.74 60.93 59.78 59.53 58.91 57.95 57 56.04 55.6 55.07 54.49 53.95 53.58 53 52.94 52.25 51.7 51.32 50.9 50.87 50.72 50.6 50.76 51.82
-9999 -9999 -9999 -9999 -9999 -9999 -9999 -9999 -9999 -9999 -9999 -9999 -9999 -9999 -9999 -9999 114.4239 113.27 112.97 112.16 111.9 111.6 111.29 109.98 108.66 106.63 106.02 104.48 102.97 100.72 99.02 97.3 97.46 96.15 94.33 93.48 94.66 96.72 97.33 92.66 88.89 84.14 83.28 81.15 80.86 80.23 78.18 76.06 72.69 68.68 66.84 63.79 63.2 62.1 61.51 61.1 60.55 60.06 58.92 58.07 57.29 56.62 55.96 55.39 55.12 54.7 54.31 53.65 53.22 52.77 52.24 51.87 51.88 51.63 51.56 52.3 53.18
-9999 -9999 -9999 -9999 -9999 -9999 -9999 -9999 -9999 -9999 -9999 -9999 -9999 -9999 -9999 -9999 110.67 109.59 108.96 108.73 108.85 108.97 108 106.72 106.11 105.68 104.37 103.21 101.59 100.01 98.08 96.64 95.4 94.66 93.63 92.2 93.01 96.95 98.47 96.87 92.17 87.74 86.67 86.25 84.69 80.39 75.41 73.82 72.09 68.96 65.46 63.48 63.01 62.8 62.09 61.59 61 60.39 59.24 58.19 57.65 57.4 56.73 56.35 56.14 55.78 55.43 54.58 54.04 53.53 53.07 52.87 53 53.14 53.44 53.36 53.13
-9999 -9999 -9999 -9999 -9999 -9999 -9999 -9999 -9999 -9999 -9999 -9999 -9999 -9999 -9999 108.8272 106.88 105.82 106.11 106.56 106.96 106.9 105.46 104.82 103.65 102.8 102.5 101.12 98.89 97.32 95.68 94.53 93.34 91.35 91.59 90.94 93.04 97.63 98.77 97.77 95.38 91.87 88.94 88.38 84.97 82.33 79.26 76.9 73.75 70.5 68.39 66.21 63.72 63.29 62.79 61.33 60.91 59.99 59.26 58.97 58.34 57.87 57.51 57 56.65 56.43 56.07 55.59 55.33 55.02 54.34 53.94 53.68 53.68 53.17 53.62 53.09
-9999 -9999 -9999 -9999 -9999 -9999 -9999 -9999 -9999 -9999 -9999 -9999 -9999 -9999 108.2642 106.04 102.66 102.34 102.89 103.83 104.75 104.68 104.13 103.59 102.28 100.7 100.51 99.15 97.84 95.93 93.97 91.74 91.8 92.77 92.17 92.55 95.46 98.36 98.45 96.87 92.57 90.58 89.52 89.34 89.99 88.86 85.4 78.86 73.88 70.87 69.8 70.3 68.35 63.59 62.35 62.02 60.85 60.54 60.01 59.37 58.92 58.03 57.49 57.33 56.99 56.53 56.42 56.16 55.86 55.81 54.96 54.31 53.85 53.9 53.41 53.85 53.07
-9999 -9999 -9999 -9999 -9999 -9999 -9999 -9999 -9999 -9999 -9999 -9999 -9999 -9999 107.0326 103.38 100.6 101.31 101.58 102.53 102.68 102.64 102.81 102.4 101.19 99.69 98.66 97.26 96.3 95.13 92.44 89.29 92.36 95.3 94.5 94.71 97.42 98.58 97.3 95.41 93.49 92.41 91.29 91 89.21 88.29 87.53 86.45 83.24 79.73 78.25 76.19 70.26 65.6 65.25 66 64.05 63.12 60.96 60.01 59.29 58.53 57.89 57.52 57.45 57.22 56.7 56.66 56.05 55.95 55.54 55.43 54.96 54.19 54.32 54.9 54.31
-9999 -9999 -9999 -9999 -9999 -9999 -9999 -9999 -9999 -9999 -9999 -9999 -9999 -9999 105.57 102.13 100.7 99.88 101.24 100.86 101 100.85 101.25 100.9 100.36 99.67 98.17 96.57 95.43 93.68 91.91 95.26 96.5 97.15 96.52 96.82 97.98 97.1 96.66 96.17 95.19 93.9 92.71 91.28 90.26 88.31 87.14 85.57 84.03 82.75 80.96 79.14 77.7 75.24 72.51 70.25 65.85 61.42 60.6 59.84 59 58.71 58.2 58.25 58.4 58.21 58.31 58.35 57.1 57.18 56.66 56.54 56.24 55.81 55.92 56.29 56.73
-9999 -9999 -9999 -9999 -9999 -9999 -9999 -9999 -9999 -9999 -9999 -9999 -9999 107.8064 104.99 102.5 100.51 99.07 102.14 101.72 105.1 102.58 103.68 103.43 103.5 101.95 99.58 97.88 97.26 99.38 100.17 99.54 99.41 98.91 99.33 99.32 99.3 98.46 97.38 96.02 94.53 92.91 91.58 89.9 88.49 86.64 86.28 84.42 83.14 80.85 79.92 77.17 75.99 75.18 73.93 71.99 69.06 62.64 60.76 59.82 59.64 60.22 61.22 61.13 61.08 60.83 60.39 60.35 59.9 59.5 58.51 58.37 58.13 57.04 56.73 56.29 56.57
-9999 -9999 -9999 -9999 -9999 -9999 -9999 -9999 -9999 -9999 -9999 -9999 -9999 107.8261 105.3 102.91 99.8 98.47 101.27 101.77 103.32 104.15 103.14 103.94 103.7 103.18 101.54 101.89 103.57 103.45 102.93 102.31 101.25 100.7 100.87 100.18 99.29 97.87 96.45 95.4 94.32 93.51 92.27 91.46 89.51 88.02 86.26 84.8 82.92 81.14 79.22 76.62 73.38 70.99 70.63 68.5 64.65 62.42 61.33 61.51 62.57 62.8 62.78 62.29 62.19 62.03 61.48 61.59 61.01 60.81 60.23 60.24 59.87 59.03 58.3 57.34 58.71
-9999 -9999 -9999 -9999 -9999 -9999 -9999 -9999 -9999 -9999 -9999 -9999 -9999 107.37 105.04 102.76 98.92 98.07 101.05 98.6 100.37 100.63 100.55 102.01 100.71 103.12 101.11 100.01 100.09 98.87 100.07 100.53 100.92 101.04 100.38 99.49 98.55 97.18 97.27 96.29 94.98 93.25 91.9 91.14 89.89 88.6 87.34 85.46 83.59 82.86 80.84 78.4 73.99 73.74 71.75 67.41 63.78 63.02 62.33 62.11 62.78 63.35 63.42 63.21 63.05 63 62.28 61.82 61.45 61.31 61.16 60.59 60.49 59.69 58.56 58.2 59.11
-9999 -9999 -9999 -9999 -9999 -9999 -9999 -9999 -9999 -9999 -9999 -9999 109.0319 107.04 104.66 102.59 98.24 98.85 100.88 100.06 98.2 97.7 98.02 99.74 101.1 100.37 99.74 97.78 95.96 94.43 93.85 96.71 97.44 98.88 98.81 97.42 96.9 97.3 96.29 96.03 95.67 94.29 92.38 89.8 89.22 87.85 86.83 85.5 84.13 82.99 81.8 80.09 77.85 76.09 72.87 64.69 63.84 63.3 63.22 62.7 63.66 64.68 64.87 64.6 64.24 64.11 63.59 63.27 62.68 62.27 61.67 60.83 60.06 60.11 60.14 59.92 59.8
-9999 -9999 -9999 -9999 -9999 -9999 -9999 -9999 -9999 -9999 111.8182 110.3775 108.3 105.99 104.25 101.67 98.64 100.7 100.98 100.04 100.09 99.54 98.92 98.28 98.37 98.35 97.28 97.11 95.87 94.47 92.9 92.03 93.76 96.27 96.78 96.13 96.87 96.01 95.84 95.88 95.2 94 91.57 89.6 88.04 86.59 86.39 84.49 82.8 80.51 79.01 77.35 76.62 74.94 73.59 68.16 65.5 64.4 64.27 63.87 64.77 65.19 64.87 64.63 64.09 64.08 63.24 62.72 62.44 62.25 61.84 61.37 61.23 61.24 61.24 61.64 61.36
