layers/final_practice/hyla_meridionalis/tmin_min.asc
ncols         400
nrows         278
xllcorner     -21.041487136433
yllcorner     26.106002917928
cellsize      0.083333337679505
NODATA_value  -9999
[rows 170 to 203 of 278, columns 308 to 384 of 400]
27.74 24.84 20.03 21.91 23.34 31.74 35.74 35 38.91 45.05 44.9 41.81 38.52 31.85 12.79 12.36 20.74 16.94 -3.27 -20.83 -14.75 0.56 -0.08 -11.72 6.09 12.83 -4.82 -11.96 -4.84 -8.82 -10.74 -1.24 -4.64 -8.93 0.88 -0.52 6.2 3.9 2.81 2.18 1.42 4.25 8.37 10.22 11.9 13.63 15.34 16.35 17.18 15.33 13.8 21.43 23.8 29.45 32.56 34.41 35.55 36.51 37.42 37.67 41.17 41.03 38.65 44.43 47.16 48.49 50.55 51.29 53.15 54.97 56.39 57.6 60.28 63.66 68.13 72.11224 -9999
23.98 18.12 17.48 24.14 30.56 33.36 41.14 47.16 48.9 50.2 49.74 49.8 48.91 46.24 37.43 38.66 24.1 1.51 -4.33 8.69 12.85 7.24 15.93 17.01 26.4 4.39 -20.04 -12.11 2.65 -1.39 1.91 -1.4 -7.01 -5.42 3.83 1.87 8.06 6.97 4.73 4.11 0.24 6.36 11.74 9.05 13.62 16.79 17.5 18.64 18.47 18.9 22.97 24.83 24.57 28.71 32.86 33.96 30.97 32.83 35.13 35.05 37.22 38.38 43.79 47.32 49.26 48.14 49.14 50.06 52.83 54.26 54.82 56.67 59.75 65.22 70.03 -9999 -9999
18.95 24.6 26.63 24.98 21.15 36.88 43.38 42.52 43.85 50.95 51.22 51.14 55.8 55 51.63 44.68 40.01 39.24 38.75 39.54 42.01 40.1 34.58 19.49 31.98 24.88 19.18 15.57 17.71 15.36 12.11 11.58 11.08 8.96 12.66 12.51 12.67 11.73 9.52 9.17 12.3 11.56 12.99 17.5 16.65 18.9 21.41 22.17 23.13 24.85 24.92 23.16 25.48 31.18 33.34 33.82 35.07 37.57 35.4 33.11 40.92 44.72 47.09 48.78 48.25 47.18 47.03 48.31 51.07 52.68 54.76 58.78 62.76 67.02 70.7907 -9999 -9999
16.36 28.13 36 37.31 38.26 42.25 39.6 38.78 45.97 49.03 48.93 55.42 60.49 60.72 59.44 58.12 57.34 56.55 54.98 53.64 53.2 51.96 51.39 50.78 49.07 46.03 43.96 38.97 35.47 33.92 33.93 30.23 20.44 17.49 13.37 15.37 12.64 11.24 7.8 8.01 12.89 15.98 18.31 20.1 18.5 20.85 23.57 25.67 27.09 26.19 24.17 29.04 30.38 31.77 31.44 32.85 33.77 35.15 37.75 37.46 43.85 46.96 49.01 49.24 46.38 46.3 47.55 47.8 50.58 53.58 56.07 60.54 65.19 68.67059 -9999 -9999 -9999
27.69 32.37 37.55 41.5 44.46 46.66 48.15 50.4 51.88 53.23 56.46 59.3 60.7 61.59 61.35 60.52 60.12 60.02 59.2 57.77 56.62 55.55 55.07 53.63 52.66 51.52 49.89 47.91 44.93 40.3 40.65 39.39 35.62 30.93 27.72 23.85 11.96 9.44 7.88 9.95 13.05 16.12 16.9 19.48 23.24 24.74 26.27 28.48 29.69 31.41 32.58 30 31.22 29.44 27.52 32.27 36.46 40.41 41.64 41.31 45.63 47.9 49.6 50.2 49.34 48.43 50.23 50.43 51.73 54.35 57.3 62.45 67.15151 -9999 -9999 -9999 -9999
28.25 35.79 40.46 43.37 45.96 47.38 48.77 50.93 52.89 54.55 56.11 57.69 58.9 59.81 60.4 60.94 60.87 60.61 60.05 58.95 57.88 56.9 56.23 55.19 54.59 53.87 52.63 51.44 50.16 47.8 45.86 43.12 41.79 40.22 37.03 34.29 30.74 27.91 24.73 19.7 19.48 20.19 15.09 19.83 21.18 27.2 28.08 30.56 32.8 33.66 33.36 33.38 34.5 32.38 29.58 34.61 37.13 39.6 41.56 42.13 43.56 47.17 49.07 50.16 52.27 51.59 52.03 53.1 54.35 55.88 59.56 -9999 -9999 -9999 -9999 -9999 -9999
36.97 39.76 41.01 42.56 44.04 45.82 47.75 49.69 50.87 52.43 54.23 55.72 57.12 57.8 58.61 59.44 59.97 59.94 59.44 59.37 58.24 57.21 56.9 56.08 55.67 55.03 54.1 53.09 51.77 49.96 48.87 47.59 45.1 41.51 38.99 35.58 31.99 26.06 22.7 23.97 25.09 19.58 24.6 27.27 27.86 32.14 21.57 27.97 34.1 35.73 36.28 36.77 36.38 34.22 31.53 31.83 33.16 37.11 38.55 36.39 42.89 45.66 50.29 53.03 54.39 55.1 55.21 56.4 58.3 60.22222 62.34921 -9999 -9999 -9999 -9999 -9999 -9999
40 39.16 40.29 41.54 42.66 44.62 45.71 47.17 48.92 50.58 52.3 53.95 55.41 56.19 57.15 57.8 59.14 59.05 58.98 58.88 58.21 57.58 57.47 56.86 56.47 56.22 55.19 54.17 52.73 51.43 50.28 49.43 48.47 46.31 39.73 33.37 28.93 25.63 30.18 31.33 31.21 28.49 32.2 34.76 35.47 35.65 33.4 39.39 33.8 37.71 37.33 36.11 34.25 31.05 22.96 24.81 40.57 41.83 41.55 47.19 51.71 52.52 53.73 53.79 55.03 57.95 58.95 60.09 61.18987 -9999 -9999 -9999 -9999 -9999 -9999 -9999 -9999
40.75 40.9 41.25 41.75 42.04 41.73 43.12 45.14 47.17 48.96 50.75 52.37 53.59 54.89 55.54 56.88 58.62 58.2 58.25 58.02 57.42 57 57 56.92 56.39 56.01 55.31 54.02 53.06 52.07 51.27 51.03 50.22 49.9 49.15 48.1 42.65 38.65 40.37 33.82 30.12 25.69 29.61 32.94 37.12 34.83 41.11 45.71 43.53 41.27 34.41 23.1 19.05 25.74 27.41 35.37 43.18 46.22 48.15 51.42 53.02 53.73 53.91 53.52 55.81 58.12 60.77922 -9999 -9999 -9999 -9999 -9999 -9999 -9999 -9999 -9999 -9999
38.17 37.96 38.2 38.42 38.78 40.32 42.39 43.96 45.73 47.47 49.09 50.79 52.1 53.76 54.59 55.13 57.17 57.31 57.06 56.75 56.48 56.2 56.53 56.14 56.09 55.25 55.41 54.62 53.77 52.95 52.35 51.68 51.49 51.45 51.81 52.39 53.58 53.02 51.45 50.95 53.23 52.13 49.6 47.25 46.71 46.43 46.96 44.1 41.54 39.78 41.4 40.95 36.51 35.1 33.55 34.12 41.88 43.6 48.93 49.93 51.34 51.4 53.36 55.02 57.78 -9999 -9999 -9999 -9999 -9999 -9999 -9999 -9999 -9999 -9999 -9999 -9999
35.66 34.97 35.18 36.85 38.08 39.33 41.18 43.13 44.73 46.45 47.95 49.66 51.15 52.51 53.42 54.58 55.68 55.83 55.65 55.71 56 55.94 55.7 55.67 55.2 54.99 55.01 54.74 53.9 53.31 52.83 52.76 52.77 52.69 52.97 53.39 54.25 54.84 54.81 55.54 56.14 55.04 53.2 51.95 51.19 50.04 47.26 41.95 36.34 38.49 35.78 26.11 30 39.74 42.92 45.5 47.55 48.68 49.05 49.89 51.29 53.07 55.24 57.06 -9999 -9999 -9999 -9999 -9999 -9999 -9999 -9999 -9999 -9999 -9999 -9999 -9999
32.74 32.92 33.83 35.23 37.03 38.75 40.14 41.83 43.8 45.32 46.68 47.67 49.98 52.34 54.04 55.02 54.62 54.22 54.05 54.21 54.62 54.35 54.12 53.82 53.95 54.4 54.24 54.53 54.33 53.97 53.35 53.34 53.43 53.88 54.51 55.04 55.6 55.89 56.03 56.23 56.95 56.66 55.02 51.98 47.67 42.99 42.59 42.15 39.59 36.79 33.66 34.41 35.39 37.5 38.76 38.78 43.25 43.65 46.17 47.45 51.48 53.27 53.46 56.6 -9999 -9999 -9999 -9999 -9999 -9999 -9999 -9999 -9999 -9999 -9999 -9999 -9999
32.68 33.44 33.79 34.68 35.61 37.37 39.49 40.64 41.68 43.35 44.58 46.61 49.75 51.09 51.98 53.43 53.87 53.51 53.87 53.58 53.32 52.88 53.22 53.56 53.44 53.74 53.53 53.75 53.47 53.4 53.21 53.54 53.78 53.71 53.8 54.19 54.54 55.6 55.83 55.79 56.42 56.33 53.75 49.27 50.56 51.11 49.85 47.75 45.07 45.63 44.57 42.83 44.06 44.47 45.03 43.44 45.77 47.32 49.25 50.99 51.3 52.94 53.99 56.61 -9999 -9999 -9999 -9999 -9999 -9999 -9999 -9999 -9999 -9999 -9999 -9999 -9999
33.96 35.22 35.93 36.58 37.11 38.31 39.83 40.51 41.01 41.4 42.59 44.81 47.16 49.39 50.17 51.52 52.27 52.08 52.04 52.25 51.99 52 52.14 52.13 52.13 52.52 52.44 52.78 52.58 52.57 52.29 51.89 52.16 52.72 52.52 52.47 52.76 53.09 53.31 52.75 51.93 52.54 54.76 55.42 54.15 52.67 52.1 50.72 49.33 48.45 47.65 46.94 46.56 46.51 47.01 47.12 48.18 50.19 52.07 53 53.93 55.04 55.48 57.23 59.97849 -9999 -9999 -9999 -9999 -9999 -9999 -9999 -9999 -9999 -9999 -9999 -9999
33.56 34.52 35.18 35.63 36.35 37.51 37.72 37.23 38.76 40.52 41.85 42.79 44.39 47.09 48.22 49.07 50.14 49.99 49.42 49.62 50.13 50.62 50.93 51.03 51.12 51.58 51.79 51.84 51.46 51.56 51.51 51.4 51.14 51.16 51.38 51.28 51.13 51.23 49.93 48.79 49.94 53.71 55.5 54.61 53.52 52.14 50.85 49.93 48.34 46.88 46.27 45.49 45.4 45.65 46.54 48.13 48.8 49.69 50.38 51.08 51.64 53.06 53.38 55.5 58.83 62.31081 -9999 -9999 -9999 -9999 -9999 -9999 -9999 83.35443 80.98462 -9999 -9999
33.48 34.79 35.51 35.11 35.12 36.2 36.34 36.64 37.48 38.28 39.63 40.4 41.66 44.29 45.8 46.6 47.35 46.71 46.83 47.02 47.58 48.25 48.87 49.36 49.64 50.06 50.44 50.74 50.97 50.89 50.56 50.39 50.69 50.76 50.66 50.69 51.43 51.96 52 52.16 53.02 53.82 53.75 53.13 52.18 51.48 49.88 49.18 47.56 45.62 44.02 42.59 42.45 43.6 45.25 46.36 46.75 47.45 46.63 45.33 48.81 51.86 51.78 53.5 58.07 62.17 65.49315 -9999 -9999 -9999 -9999 -9999 -9999 80.9 78.55 77.5 77.80952
33.2 33.9 34.5 34.65 35.16 35.54 36.52 36.93 37.8 38.45 38.43 39.11 41.15 42.92 43.51 44.3 45.27 44.41 44.34 44.42 44.82 45.66 46.61 47.46 48.18 48.85 49.34 49.53 49.41 49.7 49.99 49.88 49.85 49.46 49.94 49.96 50.4 51.05 51.8 51.99 52.25 52.95 52.82 52.15 51.24 50.57 49.29 48.16 47.11 45.48 43.7 41.85 39.65 38.93 39.46 39.59 38.51 37.77 40.97 45.61 48.87 51.31 52.15 53.97 57.55 61.15 64.73 68.06593 -9999 -9999 -9999 -9999 77.30189 -9999 76.38333 -9999 -9999
31.05 32.28 33.33 33.49 33.95 34.63 35.34 35.98 36.32 38.33 39.33 38.92 39.67 40.67 41.9 43.19 44.11 42.56 41.88 42.14 42.99 43.67 44.87 45.92 46.68 47.35 47.94 48.5 48.86 48.72 48.41 49.04 49 49 49.18 49.66 50 50 50.07 50.67 51.13 51.46 51.88 51.25 50.57 50.2 48.74 47.44 46.46 45.35 43.58 42.67 41.46 41.33 41.24 40.96 41.02 41.04 44.91 45.94 45.04 47.17 47.59 49.97 55.16 58.2 63.44 67.14 70.67 73.18279 74.21687 74.52 74.60493 -9999 -9999 -9999 -9999
31.51 32.37 34.04 34.86 35.03 35.07 35.84 35.87 35.96 37.21 38.07 38.28 39.58 40.78 40.86 41.65 42.24 41.24 40.59 40.66 41 42.05 42.89 43.81 44.98 46.01 46.99 47.16 47.59 47.72 47.81 47.85 48.17 48.93 48.94 49.04 49.68 50 49.91 49.79 50.14 50.38 50.62 50.37 49.84 48.89 48.57 47.3 46.01 45.27 43.85 42.94 42.55 41.98 42.68 42.11 43.5 44.53 46.37 47.13 45.87 43.56 39.99 42.53 46.29 52.63 60.53 64.79 68.41 70.82 72.3 72.06 -9999 -9999 -9999 -9999 -9999
31.67 32.79 33.6 34.52 36.06 37.06 37.99 37.25 35.6 36.71 37.44 38.13 38.69 39.66 39.66 40.02 39.64 39.53 38.9 39.09 39.58 40.61 41.52 42.66 43.6 44.91 46.03 46.52 46.47 46.61 46.86 47.01 47 47.5 48.17 48.39 48.29 48.67 49.01 49 49.07 49.52 49.38 49.02 48.89 48.44 48.01 47.22 45.9 45.29 44.41 43.59 42.91 42.18 43.63 44.21 45.66 46.44 47.05 47.19 46.62 44.19 41.78 38.95 38.04 40.87 55.4 61.3 65.3 -9999 -9999 -9999 -9999 -9999 -9999 -9999 -9999
32.34 32.42 33.64 34.93 36.42 38.44 39.89 39.77 38.06 37.78 36.44 35.65 37.34 38.94 38.84 38.33 38.03 37.99 37.32 37.68 38.56 39.3 40.1 41.08 42.46 43.73 44.89 44.99 45.7 45.73 45.71 46.21 46.69 46.94 46.96 47.69 47.98 48 48.43 48.77 48.39 48.12 48.9 48.37 48.38 47.95 47.34 46.94 45.18 44.74 44.46 44.08 43.45 43.66 44.37 45.4 45.43 46.01 46.7 46.8 47.19 45.5 42.7 40.52 40.21 38.3 -9999 -9999 -9999 -9999 -9999 -9999 -9999 -9999 -9999 -9999 -9999
32.64 33.58 34.1 34.68 35.81 37.88 40.08 41.92 40.88 39.65 35.91 35.29 36.48 38.04 37.53 36.97 37.42 36.71 36.49 36.73 37.1 37.89 39.09 40.38 41.42 42.41 43.61 44.13 44.27 44.79 45.02 44.99 45.3 46.02 46.02 46.18 46.83 47.04 47.13 47.57 48 47.75 47.62 47.91 47.7 47.58 46.51 45.98 45.11 44.4 44.75 44.05 44.05 44.02 44.6 45.43 45.69 46.04 46.58 46.57 47.42 46.44 44.37 42.81 -9999 -9999 -9999 -9999 -9999 -9999 -9999 -9999 -9999 -9999 -9999 -9999 -9999
34.72 34.83 34.44 34.65 35.68 38.21 40.66 40.71 38.2 37.41 35.19 34.93 35 36.71 36.44 35.71 35.74 35.38 35.09 35.38 36.53 37.52 38.15 39.19 40.51 41.44 42.22 43.15 43.58 43.59 44.04 44.7 44.69 45.18 45.99 46 46.04 46.24 46.66 46.38 46.88 46.88 47 46.92 46.47 46.05 45.99 45.39 45.1 44.5 44.15 43.86 43.94 43.8 44.54 45.72 46.15 46.18 46.66 46.62 47.14 -9999 -9999 -9999 -9999 -9999 -9999 -9999 -9999 -9999 -9999 -9999 -9999 -9999 -9999 -9999 -9999
35.54 34.55 35.56 35.32 36.15 38.06 38.89 39.95 40.34 38.25 37.38 36.08 35.87 35.6 35.3 34.76 34.11 34.07 34.34 34.89 35.58 36.72 37.95 38.44 39.25 40.46 41.34 41.91 42.52 42.88 42.99 43.64 44.19 44.21 44.63 45.36 45.19 45.08 45.82 45.71 45.65 45.88 45.5 45.41 45.2 44.92 45.16 44.84 44.67 44.31 43.4 43.83 43.74 43.12 43.76 44.49 45.52 45.8 46.11 -9999 -9999 -9999 -9999 -9999 -9999 -9999 -9999 -9999 -9999 -9999 -9999 -9999 -9999 -9999 -9999 -9999 -9999
35.7 36.01 37.35 38.49 37.39 37.38 37.86 38.43 38.07 37.44 38.67 37.69 37.12 36.3 35.56 34.76 34.03 33.26 33.43 34.57 35.1 36.02 37.04 38.09 38.87 39.38 40.47 41.26 41.61 42.19 42.63 42.77 43.41 43.92 43.97 44.55 44.99 44.8 44.88 45.01 44.7 44.65 44.61 44.17 44.42 44.11 44.37 44.04 43.73 43.71 43.45 43.68 43.13 42.32 43.56 43.56 -9999 -9999 -9999 -9999 -9999 -9999 -9999 -9999 -9999 -9999 -9999 -9999 -9999 -9999 -9999 -9999 -9999 -9999 -9999 -9999 -9999
36.53 37.35 39.82 42.04 39.58 39.04 39.05 37.98 37.65 37.61 39.51 38.08 37.4 36.2 35.99 35.52 34.04 33.79 33.9 34.57 35.03 35.92 36.37 37.63 38.31 38.97 39.4 40.7 40.97 41.2 41.79 42.35 42.49 43.04 43.6 43.73 43.8 43.96 43.93 44.2 44.06 43.83 43.74 43.52 43.53 43.71 43.31 43.31 43.13 43.3 43.12 43.47 43.18 -9999 -9999 -9999 -9999 -9999 -9999 -9999 -9999 -9999 -9999 -9999 -9999 -9999 -9999 -9999 -9999 -9999 -9999 -9999 -9999 -9999 -9999 -9999 -9999
37.39 37.34 37.85 42.29 41.38 39.48 39.35 39.12 38.07 39.08 39.51 38.73 37.47 36.22 35.97 35.45 34.18 34.03 34.1 34.53 35.54 35.96 36.06 37.14 37.94 38.53 38.91 39.84 40.78 40.92 40.99 41.46 41.93 42.19 42.77 43.01 42.96 43.09 43.48 43.03 43.56 43.23 42.92 42.96 42.84 42.82 42.74 42.8 42.86 43.03 42.79 -9999 -9999 -9999 -9999 -9999 -9999 -9999 -9999 -9999 -9999 -9999 -9999 -9999 -9999 -9999 -9999 -9999 -9999 -9999 -9999 -9999 -9999 -9999 -9999 -9999 -9999
38.13 38.4 38.04 39.87 40.52 39.96 39.36 38.61 39.96 40.65 40.05 39.06 37.82 36.65 36.01 35.54 34.89 34.59 34.54 34.83 35.59 35.96 36.04 36.76 37.21 37.98 38.81 39.11 40.18 40.7 40.89 40.94 41.41 41.87 42.12 42.39 42.69 42.34 42.46 42.84 42.53 42.63 42.3 42.55 42.47 42.41 42.61 42.38 -9999 -9999 -9999 -9999 -9999 -9999 -9999 -9999 -9999 -9999 -9999 -9999 -9999 -9999 -9999 -9999 -9999 -9999 -9999 -9999 -9999 -9999 -9999 -9999 -9999 -9999 -9999 -9999 -9999
40.82 40.01 39.36 39.09 39.4 38.47 38.61 39.64 40.53 40.63 40.02 39.31 38.01 36.88 36.42 35.76 35.15 34.96 35.11 35.06 35.06 35.54 36.18 36.75 36.96 37.3 38.13 38.94 39.16 39.92 40.63 40.97 41.05 41.77 41.84 41.99 42.13 42.01 42.05 42.37 42.22 42.16 42.28 42.03 42.51 42.08 -9999 -9999 -9999 -9999 -9999 -9999 -9999 -9999 -9999 -9999 -9999 -9999 -9999 -9999 -9999 -9999 -9999 -9999 -9999 -9999 -9999 -9999 -9999 -9999 -9999 -9999 -9999 -9999 -9999 -9999 -9999
39.17 38.95 38.91 38.84 38.91 39.03 38.93 40.13 40.18 40.07 39.93 38.71 37.79 37.02 36.65 36.2 35.51 35.29 35.12 35.34 35.64 35.54 36.58 36.91 36.97 37.06 37.52 38.77 39.07 39.54 40.06 40.83 40.93 41.38 41.72 41.83 41.36 41.78 41.95 41.84 41.9 41.7 42.08 -9999 -9999 -9999 -9999 -9999 -9999 -9999 -9999 -9999 -9999 -9999 -9999 -9999 -9999 -9999 -9999 -9999 -9999 -9999 -9999 -9999 -9999 -9999 -9999 -9999 -9999 -9999 -9999 -9999 -9999 -9999 -9999 -9999 -9999
40.12 39.77 39.88 39.79 39.52 39.04 38.05 38.46 40.71 38.8 39.34 38.75 38.17 37.68 37.16 36.94 36.12 36.01 35.58 35.44 35.72 36.21 36.57 36.75 37.03 37.08 37.64 38.59 38.85 39.26 39.98 40.45 40.88 40.95 40.97 41.42 41.01 41.14 41.61 41.48 -9999 -9999 -9999 -9999 -9999 -9999 -9999 -9999 -9999 -9999 -9999 -9999 -9999 -9999 -9999 -9999 -9999 -9999 -9999 -9999 -9999 -9999 -9999 -9999 -9999 -9999 -9999 -9999 -9999 -9999 -9999 -9999 -9999 -9999 -9999 -9999 -9999
40.62 40.54 40.37 39.89 39.04 39.01 38.97 39.67 42.2 41.18 40.36 39.48 38.5 37.95 37.76 37.49 36.39 36.13 35.83 35.81 35.92 36.01 36.51 36.44 37.16 37.29 37.57 37.94 38.17 38.98 39.81 39.9 40.36 40.65 40.59 40.49 40.68 40.98 -9999 -9999 -9999 -9999 -9999 -9999 -9999 -9999 -9999 -9999 -9999 -9999 -9999 -9999 -9999 -9999 -9999 -9999 -9999 -9999 -9999 -9999 -9999 -9999 -9999 -9999 -9999 -9999 -9999 -9999 -9999 -9999 -9999 -9999 -9999 -9999 -9999 -9999 -9999
41.48 41.28 40.1 40.13 39.85 39.93 39.84 41.35 43.19 41.71 40.12 39.16 38.46 38 38 37.49 36.35 36.21 36.15 35.9 35.78 35.86 36.25 36.32 36.75 37.15 37.62 37.83 37.98 38.54 39.51 39.9 39.97 40 40.35 -9999 -9999 -9999 -9999 -9999 -9999 -9999 -9999 -9999 -9999 -9999 -9999 -9999 -9999 -9999 -9999 -9999 -9999 -9999 -9999 -9999 -9999 -9999 -9999 -9999 -9999 -9999 -9999 -9999 -9999 -9999 -9999 -9999 -9999 -9999 -9999 -9999 -9999 -9999 -9999 -9999 -9999
41.53 41.48 41 40.59 40.52 41.09 41.91 43.51 43.14 41.83 40.53 39.98 39.11 38.31 38.06 37.4 36.97 36.55 36.14 36.13 35.9 36.25 36.14 35.83 36.27 37.1 37.7 37.96 37.99 38.06 38.94 39.43 39.87 -9999 -9999 -9999 -9999 -9999 -9999 -9999 -9999 -9999 -9999 -9999 -9999 -9999 -9999 -9999 -9999 -9999 -9999 -9999 -9999 -9999 -9999 -9999 -9999 -9999 -9999 -9999 -9999 -9999 -9999 -9999 -9999 -9999 -9999 -9999 -9999 -9999 -9999 -9999 -9999 -9999 -9999 -9999 -9999
