layers/final_practice/hyla_meridionalis/tmin_min.asc
ncols         400
nrows         278
xllcorner     -21.041487136433
yllcorner     26.106002917928
cellsize      0.083333337679505
NODATA_value  -9999
[rows 0 to 33 of 278, columns 231 to 307 of 400]
-9999 -9999 33.5102 32.92 32.77 32.28 31.22 29.21 27.27 24.31 21.38 19.99 19.23 17.7 16.36 15.6 14.92 15.29 13.98 14.18 11.85 8.26 6.3 7.56 4.99 4.14 2.96 2.3 3 4.47 2.85 1.73 1.27 1.31 2.49 4.67 4.58 5.62 1.18 1.46 1.74 2.47 0.8 1.16 1.39 0.59 1 1.14 0.87 1.78 1.6 0.71 0 -0.57 -1.83 -2.96 -4.69 -5.39 -6.38 -6.86 -8.31 -8.71 -9.58 -10.47 -12.2 -12.99 -11.63 -12.37 -10.82 -9.91 -10.07 -10.37 -11.83 -11.32 -11.73 -12.8 -13.32
-9999 -9999 31.46 29.79 28.19 28.93 27.35 26.6 23.03 19.77 19.55 16.62 16.64 14.82 14.54 14.48 14.81 13.41 13.71 12.47 12.8 9.19 5.02 6.19 5.03 3.23 1.71 1.77 2.27 3.29 1.79 1.4 1.04 0.99 2.2 2.7 1.31 2.73 3.47 0.64 3.32 1.46 1.12 1.64 2.44 1.97 2.66 3.37 3.02 2.17 1.74 0.58 -0.1 -0.56 -1.61 -3.17 -3.96 -4.25 -5.53 -7.13 -8.32 -10.1 -11.31 -12.12 -12.48 -10.71 -12.67 -14.6 -16.21 -15.6 -14.77 -11.69 -10.65 -10.97 -11.91 -12.62 -13.52
-9999 -9999 30.1 28 26.44 25.09 24.21 23.68 23.5 19.89 17.09 13.41 13.25 12.77 10.92 12.9 10.93 10.26 10.9 10.97 11.14 9.36 6.6 3.83 3.36 2.59 1.01 1.32 1.24 1.1 1.33 0.57 0.78 0.79 1.3 0.29 1.82 1.89 0.84 3.1 5.37 3.06 1.1 2.76 3.04 4.23 5.51 4.1 1.63 2.45 1.5 0.23 -0.09 -0.54 -1.59 -2.24 -3.02 -3.48 -7.43 -8.41 -9.26 -8.59 -10.26 -9.84 -11.64 -13.45 -13.76 -12.43 -10.28 -9.56 -9.01 -9.18 -10.26 -11.25 -11.82 -12.91 -13.68
-9999 -9999 29.76 28.67 26.12 24.3 21.73 20.49 21.44 17.81 16.25 12.58 9.03 7.57 10.64 11.01 6.87 6.9 7.35 9.33 9.4 6.37 3.86 2.43 1.15 0.33 0.14 0.16 0 0.05 0.1 0.23 0.41 0.72 0.1 0.02 0.25 1.42 1.96 0.64 1.89 3.8 4.13 4.36 5.11 6.4 7.19 6.56 6.71 6.08 4.38 2.51 1.51 0.62 -0.13 -0.98 -2.02 -3.21 -4.96 -6.26 -7.67 -9.42 -11.73 -11.36 -12.43 -13.62 -14.55 -15.23 -14.38 -10.19 -9.25 -9.53 -9.74 -9.98 -11.47 -13.01 -13.84
-9999 -9999 27.8913 25.6 24.36 21.23 20.47 18.1 18.47 17.61 16.75 12.78 10.7 11.28 10.24 9.86 7.64 5.4 5.19 6.7 7.88 5.1 1.92 1.53 -0.07 -1.73 -1.3 -1.72 -1.4 -0.55 -0.38 -0.3 0 0.01 0 0 0.05 1.49 2.59 1.22 1.64 2.16 2.56 3.91 2.33 3.54 6.03 7.54 8.24 6.6 4.22 2.85 2.35 0.64 -0.75 -1.66 -4.22 -5.27 -5.52 -6.59 -8.19 -9.88 -10.18 -11.41 -12.7 -13.3 -14.07 -13.53 -12.42 -10.41 -10.15 -10.87 -10.75 -10.85 -10.1 -11.81 -13.42
-9999 -9999 26.62637 23.85 22.09 19.87 17.88 15.36 10.22 10.77 10.75 8.65 10.17 10.31 7.39 6.65 5.96 5.12 3.78 2.63 2.7 3.44 3.29 0.06 -1.29 -3.98 -4.16 -4.14 -2.71 -1.49 -0.94 -0.18 -0.01 -0.21 0.05 0.38 0.86 1.69 0.93 1.4 2.29 1.43 2.44 3.87 2.03 3.09 3.96 4.47 6.75 6.46 5.71 2.19 0.39 -0.1 -1.18 -2.04 -2.52 -3.13 -4.73 -5.99 -7.66 -9.07 -9.69 -10.96 -12.24 -13 -12.12 -11.1 -11.43 -11.5 -11.59 -11.88 -12.27 -12.49 -11.3 -11 -12.19
-9999 -9999 -9999 25.04545 24.41414 22.28 20.46 18.88 16.12 11.28 8.34 7.25 6.54 6.14 6.61 4.95 4.32 2.56 3.27 3.7 3.05 1.93 0.81 0.12 -1.13 -3.43 -3.84 -3.47 -2.92 -2.17 -1.35 -0.57 -0.38 -0.36 -0.52 -0.01 0.79 1.57 1.73 1.13 1.21 1.23 0.4 0.75 1.93 3.22 3.99 4.82 6.58 5.75 4.79 2.53 1.31 0.15 -0.39 -1.11 -1.65 -2.83 -4.71 -6.5 -7.45 -8.18 -9.88 -10.76 -11.96 -11.01 -8.95 -8.87 -9.61 -11.16 -12.17 -12.38 -13.61 -13.71 -12.92 -10.98 -10.33
-9999 -9999 26.12698 25.58824 24.13979 23.18 19.79 17.77 16.66 14.37 11.12 10.13 10.39 7.83 5.84 3.15 2.65 1.73 0.65 1.05 -1.13 -0.23 0.5 0.01 -0.33 -1.12 -1.37 -3.07 -4.87 -3.13 -2.88 -2.95 -2.53 -1.39 -0.54 -0.33 0.17 0.06 0.87 1.98 1.72 1.33 1.08 1.22 2.25 2.89 4.09 4.41 5.84 4.96 4.26 2.25 1.89 0.74 0.05 -0.49 -1.49 -3.08 -4.96 -6.15 -6.9 -7.62 -8.86 -9.99 -10.93 -8.78 -7.66 -7.86 -8.63 -10.05 -10.39 -10.74 -11.97 -12.08 -12.7 -11.88 -10.53
25.31 23.37 24.95 23.93 21.68 18.88 17.23 15.66 15.47 12.58 11.98 10.98 11.51 9.51 8.18 6.54 5.12 2.37 -0.6 -2.09 -3.71 -4.42 -1.43 0.49 0.48 0.24 -0.29 -1.98 -1.99 -2.16 -2.34 -3 -3.35 -3.09 -2.37 -2.24 -1.97 -0.66 0.32 1.15 1.68 1.4 1.32 1.72 2.42 3.59 4.18 4.68 4.89 4.93 3.67 3.27 2.41 1.26 0.06 -0.71 -1.52 -3.13 -4.36 -4.42 -5.09 -6.61 -6.85 -5.68 -6.25 -7.12 -7.7 -7.29 -7.94 -8.35 -9.04 -9.31 -9.84 -10.6 -11.11 -11.19 -11.22
21.48 20.75 21.02 21.36 18.19 15.88 14.73 13.8 12.58 10.45 10.04 9.76 10.03 10.12 8.1 5.63 5.9 3.36 -0.27 -2.27 0.21 1.45 1.45 0.91 0.02 0.32 -0.15 0.04 0.15 -0.52 -0.71 -1.14 -1.99 -2.62 -2.17 -0.71 -0.26 0.14 0.97 1.25 1.09 1.14 1.04 1.01 1.73 2.28 2.82 3.19 3.36 3.4 2.59 3.08 1.56 0.94 0.36 -0.64 -1.57 -2.62 -1.53 -1.04 -2.4 -2.72 -4.17 -5.9 -7.76 -7.47 -7.95 -7.46 -7.99 -9.87 -9.7 -10.98 -9.8 -9.55 -10.44 -10.83 -10.73
21.34 20.79 21.2 19.29 17.83 16.11 15.04 13.23 10.97 10.61 8.8 9.11 9.12 9.9 7.29 2.26 3.17 2.3 0.3 1.19 2.08 1.48 1.93 -0.18 -0.64 0.78 0.96 -0.42 -0.45 0.09 0.33 0.19 -1.57 -3.84 -2.75 -0.92 -0.02 0.29 0.74 1.35 0.97 1.02 1 1.03 1.53 1.98 2.52 2.17 2.41 2.62 2.07 2.06 0.32 0.74 1 0.28 0.17 -0.09 -0.4 -1.99 -3.33 -5.08 -5.8 -5.79 -7.52 -7.82 -8.86 -9.19 -7.49 -8.92 -10.21 -10.63 -9.67 -9.36 -10.44 -10.84 -11.32
19.5 19.12 18.69 18.35 18.09 17.22 16.54 14.6 12.36 12.1 11.05 8.82 9.99 9.89 8.65 6.41 3.4 1.63 2.69 3.64 4.19 4.63 4.42 3.8 3.06 3.91 3.4 1.03 1.25 1.83 0.88 -0.47 -3.21 -2.24 -0.92 -0.03 0.28 0.49 0.36 0.2 0.72 1.08 1.05 1.18 1.38 1.61 2.22 2.06 1.27 1.88 1.97 1.24 1.25 2.04 1.09 -0.1 -1 -1.85 -2.93 -1.32 -3.43 -5.59 -7.28 -6.92 -9.23 -9 -8.57 -10.3 -9.81 -7.69 -7.93 -8.81 -8.87 -10.19 -11.83 -12.25 -13.21
18.57 19.4 17.89 17.45 16.67 15.66 14.81 13.11 12.12 10.02 11.39 11.3 11.08 9.42 8.99 8.28 4.08 0.99 1.68 1.19 2.29 4.38 5.1 5.16 4.59 4.41 2.54 0.57 2.15 1.68 -0.31 -1.69 -1.73 -0.57 -0.12 0.21 0.64 1.18 1.03 0.97 1 1.04 1.01 1 1 1.02 1.78 1.68 1.64 1.68 1.96 1.2 0.86 0.74 0.01 -0.4 -1.81 -2.57 -3.75 -3.6 -1.16 -4.77 -5.15 -5.84 -6.63 -8.34 -9.76 -10.65 -11.57 -8.02 -7.58 -8.17 -9.21 -10.55 -12.18 -14.79 -15.62
19.41 18.73 18.19 17.47 16.12 15.92 14.93 13.38 11.45 11.24 10.88 12.4 11.22 10.28 9.35 8.43 6.94 3.94 3.44 4.49 4.44 3.38 4.58 5.55 4.69 3.91 3.14 3.03 3.44 1.76 0.33 -1.8 -0.97 -0.05 0.05 0.16 0.44 1.21 1.07 0.8 0.36 0.32 0.9 1.15 1.36 1.36 1.55 1.89 1.98 1.6 1.66 2.35 1.85 1.19 0.63 -0.1 -1.4 -2.48 -3.89 -3.38 -1.38 -4.67 -6.21 -7.83 -9.13 -9.53 -10.19 -9.97 -9.02 -7.93 -8.37 -8.73 -10.06 -11.71 -13.96 -15.93 -16.64
19.11 18.34 17.78 17.31 16.43 15.37 14.62 13.8 11.21 11.84 11.82 12.07 11.97 10.87 9.49 8.71 8.23 5.86 4.87 5.74 5.89 4.64 4.82 5.1 5.11 5.03 3.91 3.82 2.28 0.58 1.28 0.74 0.11 -0.29 0.19 0.92 1.46 1.05 1.08 0.73 0.46 0.32 0.15 0.71 0.68 0.65 0.43 0.4 0.65 0.85 1.89 2.4 1.98 1.13 0.16 -0.12 -1.11 -2.3 -3.22 -3.11 -2.22 -4.94 -6.35 -6.33 -5.75 -4.75 -5.01 -5.37 -5.84 -6.97 -8.7 -10.85 -12.24 -11.86 -12.54 -14.14 -15.86
17.65 16.75 16.45 16.84 16.53 15.95 15.18 14.87 14.1 13.67 12.56 12.04 11.82 10.18 10.31 10.14 9.39 8.78 7.81 7.09 6.87 5.87 6.1 5.98 5.72 4.08 3.29 2.02 1.02 1.23 1.82 2.11 0.07 0.17 -0.53 1.61 1.72 1.14 1.04 1 1 0.62 0.53 0.62 0.44 1.04 1.06 1.05 0.45 0.77 1.39 1.6 1.33 1.02 0.42 -0.22 -1.38 -1.72 -2.65 -2.69 -2.63 -0.94 -1 -0.96 -1.99 -2.77 -3.6 -4.68 -6.67 -9.11 -11.12 -13.11 -12.32 -12.13 -14.36 -14.29 -14.38
18.36 17.64 16.55 16.27 15.35 14.61 13.97 14.39 14.89 14.55 13.36 11.97 12.16 11.01 9.73 10.4 10.84 9.48 9.36 8.48 7.72 7.38 6.79 6.34 4.66 2.46 3.04 2.5 2.44 2.67 3.45 2.15 2.18 2.03 2.54 2.05 1.42 0.86 0.78 1.02 1.23 1.26 1.38 1.42 1.87 1.89 1.57 1.3 0.99 0.55 0.42 0.34 0.55 0.7 0.26 -0.44 -1.63 -2.25 -2.4 -3.68 -4.05 -1.3 -1.91 -0.6 -2.3 -3.8 -4.78 -6.76 -7.01 -8.22 -9.69 -11.94 -11.77 -10.59 -12.46 -11.87 -14.03
18.87 17.64 17.22 16.61 15.25 14.57 14.56 14.14 14.09 14.59 13.85 12.4 12.81 12.13 10.92 10.84 11.52 10.33 9.66 8.61 7.85 6.48 6.14 6.45 4.88 2.26 3.29 4.77 4.26 4.89 4.16 4.2 4.43 3.72 3.41 2.25 2.02 1.94 1.5 1.47 1.69 1.74 1.16 1.13 0.86 0.95 0.85 1.09 0.92 0.9 0.28 -0.02 -0.03 -0.13 -0.03 -0.66 -1.88 -2.59 -2.87 -3.98 -5.01 -3.24 -2.58 -1.41 -2.85 -6.74 -4.72 -6.55 -8.41 -7.73 -7.64 -10.28 -10.96 -11.78 -13.35 -13.9 -16.13
20.19 19.22 18.29 17.21 16.14 15 14.68 15.23 14.81 14.6 14.42 13.77 13 12.48 11.99 12.44 11.42 10.56 10.01 9.03 8.33 7.89 7.71 7.14 6.2 5.22 5.94 6.33 5.76 4.25 4.02 3.38 3.84 3.63 3 2.93 2.77 2.37 2.51 2.49 2.21 1.28 1.28 0.92 0.95 0.73 0.23 0.05 0.06 0.04 0.18 0.45 0.03 -0.78 -0.83 -1.41 -2.29 -3.25 -4.09 -5.35 -4.98 -5.2 -4.48 -4.51 -1.72 -4.64 -5.34 -6.09 -6.18 -8.4 -8.93 -8.24 -11.21 -13.24 -14.34 -15.94 -16.26
20.27 20.09 19.65 18.49 17.48 16.49 15.55 14.36 14.91 15.3 14.78 13.95 14.19 12.95 13.32 12.76 12.06 10.69 10.45 9.52 8.26 7.88 8.04 7.75 7.35 6.05 6.23 6.25 5.52 3.95 3.32 4.08 4.13 3.52 3.23 3.19 3.04 3.28 3.27 2.45 1.72 1.43 0.8 0.67 0.45 0.41 0.33 0.13 0.02 0 0 -0.15 -0.79 -0.6 -0.73 -1.82 -3.06 -4.28 -4.97 -5.49 -6 -6.73 -7.15 -5.21 -3 -2.43 -4.29 -7.28 -7.45 -8.82 -10.9 -10.64 -10.4 -11.84 -14.78 -16.31 -17.45
20.13 19.3 19.31 18.59 17.88 17.24 16.67 16.42 15.91 14.92 13.88 13.3 12.82 13.73 13.88 12.87 12.32 10.88 10.26 9.1 8.05 8 8.04 7.29 6.76 6.14 5.93 6.02 5.77 5.5 4.61 5.25 4.9 4.34 4.07 3.98 3.82 3.33 2.92 2.4 2.21 1.95 1.51 1.44 1.23 0.8 0.51 0.33 0.13 -0.01 -0.61 -1.5 -2.49 -2.86 -1.08 -0.66 -2.56 -3.97 -4.97 -5.92 -5.86 -4.13 -3.77 -2.66 -2.61 -4.16 -3.78 -5.66 -6.93 -6.29 -8.13 -9.09 -9.73 -12.52 -12.05 -14.51 -17.75
22.26 21.21 20.01 20.09 19.23 18.67 17.42 16.26 15.34 15.13 15.03 14.04 13.42 13.82 13.78 13.52 12.95 12.65 11.91 10.86 9.65 9.03 8.58 7.45 7.25 6.62 6.84 6.83 7.54 7.34 6.35 6.43 6.14 5.63 5.13 4.17 3.63 3.23 2.6 2.13 1.55 1.46 1.27 1.22 1.08 1.35 1.06 0.63 0.05 -0.54 -2.01 -4.12 -2.96 -3.85 -3.17 -0.68 -2.42 -4.95 -5.64 -4.71 -5.16 -4.92 -2.93 -2.93 -4.65 -5.43 -4.31 -6.17 -8.17 -8.76 -9.19 -10.32 -11.32 -11.51 -14.19 -16.85 -16.86
21.18 21.09 21.39 20.58 18.43 19.02 19.05 18.41 17.84 16.75 15.95 15.58 14.82 14.12 13.26 13.1 12.15 12.06 12.82 12.16 10.94 8.96 8.03 8.25 7.39 7.21 7.99 8.85 8.88 8.81 8.21 7.89 6.24 4.59 3.69 3.88 3.54 2.67 2.36 2.16 2 1.87 1.89 1.95 1.9 1.65 0.94 0.32 -0.25 -1.71 -2.64 -5.81 -5.6 -4.31 -4.86 -1.56 -1.93 -2.68 -3.65 -5.71 -7.17 -5.65 -4.05 -5.13 -3.06 -5.93 -6.36 -8.33 -10.66 -13.13 -13.45 -13.26 -11.72 -12.57 -13.62 -16.34 -19.16
20.92 20.93 21.88 20.97 20.02 18.21 16.73 15.95 16.13 13.82 12.86 13.51 13.49 13.11 12.59 12.08 12.03 10.66 10.35 11.68 11.93 10.94 9.77 9.59 8.69 9.17 8.7 8.17 8.45 8.1 7.39 6.86 6.17 5.52 4.31 2.58 2.67 3.63 3.1 3.16 2.85 2.25 1.45 1.71 1.08 0.55 0.08 0.12 -0.73 -2.54 -3.17 -4.73 -7.26 -4.7 -3.75 -1.5 -2.16 -2.79 -4.28 -7.96 -7.17 -7.63 -4.97 -5.41 -3.15 -3.95 -7.16 -12.98 -13.67 -16.86 -18.75 -17.36 -14.13 -14.19 -16.91 -16.53 -19.33
23.55 22.36 22.5 22.09 21.59 18.45 16.97 16.36 15.98 14.68 14.26 13.4 12.96 12.58 12.4 12.74 12.54 11.54 10.86 12.12 10.88 10.1 11.01 10.4 7.88 6.67 7.06 7.49 7.3 6.84 6.92 6.87 6.33 5.13 3.73 2.62 1.47 1.86 1.99 1.76 2.24 2.03 0.97 0.91 1.23 1.48 1.03 1.07 -0.26 -1.41 -0.91 -0.94 -1.4 -2.47 -1.51 -1.5 -1.99 -2.96 -5.18 -6.66 -8.2 -7.31 -7.29 -5.74 -5.37 -4.57 -6.58 -9.86 -13.96 -16.85 -18.82 -16.39 -15.48 -13.7 -15.2 -15.36 -16.04
24.65 23.79 22.95 21.93 21.23 20.6 18.32 17.09 16.5 15.09 14.07 12.46 10.4 10.58 11.13 11.04 11.59 12.19 12.12 12.41 11.89 10.05 9.68 9.88 9.91 9.21 9.26 8.34 7.17 6.37 6.4 5.6 5.18 5.01 3.66 3.35 2.36 0.85 0.84 0.79 0.37 0.7 0.75 0.77 0.44 1.1 0.98 1.88 1.39 0.8 0.64 0.28 0.02 -0.79 -1.86 -2.31 -2.98 -3.69 -7.64 -6.36 -7.84 -9.34 -8.9 -6.31 -5.69 -5.74 -7.19 -8.92 -12.58 -19.31 -18.2 -13.69 -14.26 -11.84 -13.09 -15.15 -16.06
25.29 24.65 23.64 22.81 21.99 20.79 19.02 17.23 16.11 16.02 14.51 12.78 10.8 10.62 10.89 11.03 11.4 12.29 12.47 12.21 9.99 10.36 9.56 9.27 9.7 8.07 7.52 8.97 8.35 7.04 6.4 5.67 4.4 4.28 4.4 2.92 1.63 0.29 0.64 0.66 -0.32 0.34 -0.26 -0.22 0.07 0.69 0.67 1.02 0.55 0.58 0.55 0.51 0.11 -0.52 -1.79 -3.19 -4.04 -3.9 -5.5 -5.95 -7.33 -7.91 -7.85 -6.19 -5.5 -4.53 -5.67 -8.05 -13.44 -20.09 -13.92 -10.93 -9.96 -10.08 -11.74 -14.22 -17.47
25.99 24.32 23.62 23.02 22.57 21.55 19.67 17.81 15.07 14.23 13.4 12.17 10.57 11.61 11.84 11.42 10.62 10.83 10.91 10.78 11.25 10.39 9.56 8.25 8.89 8.44 6.75 7.74 8.39 7.41 6.44 5.24 4.25 3.5 3.64 3.58 1.97 1.86 1.36 0.25 0.06 -0.77 -0.8 -0.1 0.15 0.15 0.55 0.13 0.21 0.03 0.15 0.12 -0.12 -1.04 -2.32 -3.64 -3.94 -5.02 -5.7 -4.93 -6.33 -6.96 -6.6 -5.34 -5.17 -4.39 -4.7 -8.01 -15.01 -18.86 -12.34 -8.14 -10.37 -13.93 -14.13 -13.96 -16.23
25.91 24.98 23.7 22.66 22.02 21.68 20.66 19.1 16.98 13.77 12.6 12.59 10.95 10.05 9.8 10.28 9.33 9.93 10.49 10.27 10.77 10.65 9.4 8.53 7.96 7 6.07 8.04 6.56 6.11 6.66 5.84 4.73 4.13 3.85 3.39 3.32 2.2 1.21 0.46 0.04 0 -0.11 -0.03 0.02 -0.08 0.13 0.04 0.21 -0.02 -0.04 0 -0.41 -1.78 -3.51 -3.72 -5 -4.9 -5.61 -6.05 -5.12 -6.3 -5.88 -5.07 -4.57 -4.26 -4.85 -7.79 -9.15 -10.02 -7.69 -7.46 -12.66 -15.9 -15.02 -13.78 -11.13
26.92 26.62 24.75 23.47 22.26 21.77 20.85 20.23 18.77 17.18 14.23 12.2 12.21 10.7 9.26 9.33 9.76 9.38 9.64 9.21 9.05 9.68 9.19 7.78 8.55 8.48 8.29 9.07 6.44 5.92 6.66 6.23 5.73 5.54 5.55 5 4.04 3.02 1.79 0.87 0.07 -0.04 -0.01 -0.12 -0.28 -0.23 -0.21 -0.06 -0.05 -0.03 -0.27 -1.27 -1.86 -2.24 -3.18 -4.49 -5.49 -4.78 -6.29 -6.71 -7.19 -5.35 -5.18 -4.98 -4.85 -5.12 -5.21 -6.91 -7.1 -8.3 -7.05 -9.37 -12.87 -11.13 -10.65 -10.09 -13.55
27.93 27.09 25.51 24.35 23.35 21.8 21.07 21.58 20.99 19.49 17.42 14.69 11.83 11.32 10.28 9.1 8 9.02 9.23 8.48 7.79 8.11 7.85 8.26 8.45 8.54 7.97 7.55 6.22 5.08 4.93 6.38 5.65 4.88 4.87 4.34 3.63 2.55 1.41 0.79 0.56 0.04 -0.25 -1.17 -2.25 -2.26 -2.25 -0.92 -0.75 -1.26 -0.79 -1.26 -2.18 -3.16 -4.78 -6.1 -5.28 -6.06 -6.1 -5.96 -7.32 -7.02 -6.03 -5.67 -4.79 -5.29 -5.73 -7.33 -8.42 -9.04 -7.31 -8.48 -8.92 -8.7 -10.03 -11.71 -11.99
28.58 27.9 26.44 26.17 24.95 24.18 23.1 22.97 21.9 20.09 19.02 18.13 15.75 12.38 10.22 8.95 8.88 9.24 7.99 6.94 7.3 7.39 7.44 7.46 7.57 7.98 6.51 6.38 6.35 5.35 5.34 6.15 5.67 5.53 5.03 4.53 3.75 2.58 1.8 0.86 -0.02 -0.31 -0.56 -1.21 -1.22 -1.83 -2.2 -1.98 -2.56 -2.69 -2.37 -2.02 -3.67 -6.26 -7.93 -7.85 -6.8 -7.82 -6.83 -7.49 -6.76 -7.59 -7.36 -6.64 -6.19 -5.16 -7.16 -8.84 -9.08 -7.34 -7.89 -7.82 -7.97 -9.85 -13.11 -10.85 -11.96
30.25 29.17 27.62 26.45 26.61 26.33 26.31 25.52 24.34 22.65 20.47 19.33 18.01 16.62 14.59 12.78 10.11 8.36 7.25 6.98 7.39 7.89 7.3 6.98 6.97 6.93 6.68 6.66 7.18 6.07 5.43 5.77 4.96 4.75 4.26 3.7 2.64 1.44 0.25 0.23 -1.43 -1.94 -3.92 -3.82 -4.01 -3.11 -4.28 -5.22 -5.86 -5.23 -4.99 -3.07 -2.99 -6.55 -8.82 -8 -8.14 -9.47 -8.72 -8.59 -7.45 -7.88 -8.38 -7.6 -7.2 -5.86 -6.98 -7.65 -8.63 -6.89 -7.69 -7.42 -10.3 -10.59 -12.3 -9.4 -9.66
-9999 31.24211 30.47 29.35 29.07 29 28.24 27.36 26.76 25.17 23.5 22.55 20.65 18.89 17.61 15.83 13.66 11.52 10.25 8.41 8.26 8.34 7.66 7.36 7.65 6.93 7 6.87 7.08 5.67 5.53 6.05 5.23 4.81 3.45 2.85 2.39 0.51 -1.05 -2.05 -2.08 -5.13 -7.39 -7.57 -8.46 -6.86 -7.96 -10.71 -8.29 -8.41 -7.14 -4.26 -4.63 -6.92 -5.56 -6.77 -9.37 -13.12 -13.1 -11.22 -8.45 -7.88 -9.39 -9 -8.11 -8.14 -7.65 -6.98 -6.45 -6.67 -7.13 -8.47 -9.59 -11.17 -13.43 -11.03 -13.03
