layers/final_practice/hyla_meridionalis/tmin_mean.asc
ncols         400
nrows         278
xllcorner     -21.041487136433
yllcorner     26.106002917928
cellsize      0.083333337679505
NODATA_value  -9999
[rows 231 to 263 of 278, columns 146 to 218 of 400]
74.45 64.2075 59.13084 68.85416 64.78916 64.0125 82.02418 100.7567 98.83248 83.40916 84.20334 91.96085 96.49164 101.3983 101.7083 123.1142 127.6775 131.9225 130.2042 126.7325 138.8767 141.3608 142.0291 142.6859 143.1492 137.9691 125.585 138.6425 151.5708 153.3225 152.0182 149.3559 146.4141 143.62 141.3908 149.9367 153.1733 153.4149 150.7709 152.4025 147.6042 151.09 148.85 149.14 147.6566 148.36 149.3458 151.4725 152.8542 153.81 154.705 155.1225 155.735 155.9217 155.9317 155.1217 154.9933 154.3008 153.23 151.6525 150.6267 151.2883 151.9684 152.0908 151.845 151.385 151.5225 151.7592 149.7208 145.8775 150.3683 152.0716 152.2141
73.31252 59.91333 64.68502 82.58915 67.55 77.67584 87.35499 93.64253 98.31998 105.9508 98.78584 89.57916 88.76333 103.3159 120.0942 128.4958 129.4975 132.8642 138.9508 136.6142 142.5925 141.8433 137.405 143.3808 145.5633 148.7283 149.8459 152.7475 154.0408 154.6033 154.9384 155.145 153.8167 154.2317 154.4817 154.91 155.3792 155.0767 153.3642 153.2841 152.605 152.9459 152.4359 150.6208 149.5517 150.6917 151.5742 153.3925 154.4692 154.9966 155.6933 154.765 155.2608 155.7925 156.4642 156.2567 155.6767 154.7975 153.5317 152.4725 152.5642 152.6875 153.1325 153.3367 153.4708 152.7334 152.575 152.3467 152.3867 150.2167 149.8217 151.3508 150.0358
69.82751 57.05 66.68166 87.92163 74.95583 80.98084 77.91083 86.11501 81.60832 110.28 117.6392 110.1492 110.4542 121.11 124.06 121.9025 120.5475 139.5833 140.9666 144.3317 145.8767 143.0942 147.2667 147.9875 147.9325 149.5383 152.0692 153.5683 154.5083 155.0667 155.1941 155.5467 155.9583 156.0375 156.0175 156.0817 155.8591 155.4867 155.1275 154.9 154.4467 153.63 153.6083 151.19 151.545 152.0375 152.8567 153.475 154.2984 155.5841 155.5692 155.5925 156.3258 156.0516 156.7692 156.8858 155.22 154.8042 153.9658 153.8783 153.9016 153.935 154.1716 154.4983 154.6775 154.2592 154.0075 153.6408 153.5775 154.0258 153.3258 148.7275 148.3242
58.98917 56.44918 64.4875 87.12167 99.22332 87.38165 101.8608 105.5641 111.88 123.575 127.6025 127.32 128.3775 131.815 134.0075 135.9392 140.2517 142.0525 144.5625 146.6575 146.5217 149.5092 150.975 151.3533 150.1167 151.0342 151.5267 151.2825 154.8725 155.3683 155.855 156.0308 156.1775 156.4092 156.44 156.3859 156.3891 156.1392 155.8492 155.9042 155.7 155.0358 153.9108 152.9983 153.515 152.9883 152.5825 153.0667 154.0692 154.605 154.4983 155.2675 157.1825 156.1475 155.7983 157.1392 156.8683 155.7409 155.5259 155.2825 155.1017 155.1508 155.305 155.5225 155.66 155.3808 155.1158 154.595 154.1408 154.655 152.335 151.7559 151.5867
68.56584 62.18333 70.61166 89.09665 108.42 114.79 119.7334 121.8125 118.325 132.0533 134.4167 137.29 139.9067 140.6009 142.87 144.7583 143.5441 144.6017 147.5999 148.9942 148.9267 151.0158 151.8133 152.4433 152.4584 152.6358 151.855 153.6442 154.9792 155.165 155.78 155.7983 156.2467 156.46 155.6208 154.6383 154.8258 156.0375 156.7141 156.5284 156.4458 155.4367 154.5558 154.3033 154.2608 153.1525 152.1533 153.2158 154.805 155.455 156.7808 157.2008 158.4058 157.7583 156.9816 157.9567 157.6825 156.5909 155.8334 155.8158 156.2041 156.4225 156.3825 156.43 156.5875 155.32 155.5484 155.3533 155.3908 155.2367 155.8008 154.2075 155.875
82.56417 82.60501 97.24747 103.4075 104.6442 116.23 125.595 124.6617 126.2775 136.0375 138.0833 140.1533 142.645 145.1825 145.5992 147.1292 146.22 148.1158 149.6675 150.2908 146.7542 148.5517 151.1542 152.1117 152.8483 150.215 149.8858 150.7342 150.1209 152.8358 152.3917 152.0058 154.2492 154.7683 152.2175 152.5508 151.2883 151.7691 155.4716 155.8517 156.3517 156.1225 155.9092 155.6408 155.2417 153.3492 153.8917 154.0175 154.0667 154.8075 156.9866 157.9316 158.57 159.0883 158.9441 158.9333 157.4717 157.0616 157.0483 157.1792 157.2666 157.4325 157.3667 157.2925 157.0808 156.9342 156.4533 156.1725 156.0791 155.8667 156.05 156.3692 154.9842
99.2775 105.2125 109.3425 112.5225 108.4133 122.6566 128.6133 121.7683 129.8708 139.315 141.2509 143.01 144.7858 146.8817 148.1558 147.7375 147.8975 149.9292 150.5284 150.6225 150.5592 149.6942 150.0574 150.7842 151.435 146.9516 147.5816 148.8558 151.4034 152.0758 149.6992 149.1841 150.0783 149.4225 145.8667 146.8558 147.9816 149.3992 150.8758 152.0258 154.5158 155.2792 155.73 155.3517 154.4684 154.3026 154.675 154.4183 154.6468 155.3558 156.3525 156.9866 158.2091 159.5908 159.0675 158.6858 157.2275 157.5308 158.035 158.21 158.4242 158.4342 158.3508 158.0933 157.1308 158.5525 158.3008 157.2966 156.7859 156.3842 156.5758 156.9075 152.7167
108.4367 108.1592 111.3575 117.1342 118.595 127.1067 131.41 135.36 139.5691 142.2908 143.8633 145.6783 146.9216 148.6592 146.7592 146.7625 148.72 149.48 148.3067 147.2475 145.5175 143.5583 144.7575 149.3658 151.5408 151.0825 149.3808 146.4534 148.0575 145.8417 142.525 143.6592 145.1808 145.95 147.2267 148.03 149.2259 150.2842 151.4308 152.4234 153.4784 154.455 154.8517 155.0825 155.0075 155.0725 155.4433 155.7325 156.1734 156.3583 156.6858 157.4566 159.3258 159.9592 158.44 157.4558 157.6008 157.7183 158.7125 159.06 159.6234 159.3817 159.3633 159.51 159.0058 158.375 158.3808 158.5609 157.7175 157.0767 157 157.4925 157.2083
111.3492 118.2 118.0933 127.8417 132.405 136.3733 138.8242 139.8466 141.6466 143.4808 146.4108 148.0917 148.5317 147.1066 144.3358 145.4092 146.7316 147.1508 146.6458 143.745 139.1892 137.215 135.6691 138.4092 143.8616 140.1058 139.4633 140.2391 141.565 142.4058 143.5884 144.7751 146.0517 147.1667 148.215 149.3467 150.3392 151.2191 151.9992 152.9608 154.17 155.0741 155.99 155.8817 155.885 155.9659 156.7434 157.37 157.3383 157.3701 157.4684 158.5783 160.78 159.7325 158.2042 157.9083 158.2992 157.9233 158.4284 159.2775 160.1883 160.9716 160.5275 160.4875 160.5667 160.0383 160.3091 161.1875 156.9367 158.7283 157.8559 157.4242 157.9342
118.4783 126.7492 130.5184 136.7525 139.7925 140.9633 139.3275 139.2217 143.9992 146.47 148.3483 148.4267 148.79 148.5833 147.7042 148.89 148.9125 148.7417 147.2517 143.73 141.2425 139.32 135.955 136.3642 137.3558 139.0783 140.1325 141.1967 142.2892 143.6092 144.6358 146.0125 147.4991 148.4783 149.5125 150.3208 151.2117 152.0325 152.9733 154.0308 154.9858 155.785 156.4408 156.9383 157.2509 157.4817 157.7034 157.915 158.2167 158.3951 158.195 158.2342 159.8825 160.97 157.0342 157.96 158.0067 157.4408 156.8967 157.6683 160.39 161.1508 161.49 161.3825 161.3958 161.1017 160.7117 161.6642 161.0533 157.2025 158.6167 158.5717 158.2625
126.7483 132.68 139.0842 139.5375 140.2592 142.1067 143.2583 146.9767 146.78 148.1441 148.6167 146.0192 143.08 145.48 147.9558 149.155 149.33 149.2767 147.665 147.3725 145.1667 141.565 138.135 137.7825 139.4616 141.4483 141.645 142.34 143.4016 145.0792 146.2684 147.6383 148.6383 149.6592 150.6167 151.1974 151.7841 152.7534 153.5841 154.5125 155.5792 156.5125 156.9283 157.4841 157.94 158.34 158.7183 158.83 159.2283 159.3958 159.7066 159.9808 160.2199 160.5142 159.8392 159.2033 156.8708 157.9825 157.2067 157.6642 158.1116 158.1775 162.0424 162.5267 162.7292 162.42 161.6192 161.47 162.8416 163.7892 160.12 157.6608 159.5908
137.5592 140.6083 137.0617 128.0034 142.3267 146.3925 147.8292 148.7733 148.5533 147.9925 145.56 140.5042 141.8692 142.5241 141.2917 144.4975 147.6658 149.1125 149.0708 148.7225 148.61 146.4834 144.1217 142.3108 142.4958 141.125 141.9692 143.0733 144.605 148.595 150.0058 150.5941 150.4951 150.7775 151.1308 151.9883 152.5333 153.1592 154.06 154.9517 156.0908 156.9117 157.5117 158.115 158.66 159.1959 159.7467 160.0841 160.3192 160.6075 160.7834 160.9725 161.0484 161.1084 161.4875 160.4383 161.5358 159.6867 158.9276 156.8175 156.0125 153.965 158.9458 161.5441 163.4626 163.7825 163.2341 162.5717 162.725 163.1733 165.0908 164.58 160.4625
141.7175 143.4167 138.045 143.4334 146.6758 147.8325 148.9967 148.1 144.6375 144.7816 146.7341 147.0783 146.8217 146.0983 144.925 141.8225 139.9817 143.8425 145.475 144.8842 147.2758 147.8467 146.7575 146.5842 145.0258 142.0608 143.8175 144.6417 146.4908 150.0875 151.8508 149.5942 150.4542 151.0867 151.7616 152.4525 153.1758 154.0842 155.3808 156.315 157.0875 157.775 158.3058 159.0075 159.575 160.0975 160.5225 161.47 161.6525 161.7217 161.7358 161.7875 161.8042 161.9775 162.3667 162.0591 162.2633 162.1717 161.29 159.9825 160.0933 161.1392 162.3083 160.8367 162.5759 162.9134 163.135 163.365 163.6258 163.9025 164.0233 165.4358 166.9092
145.41 146.33 147.4233 148.3925 148.8817 148.675 147.6717 146.9009 147.5383 144.5117 146.2359 145.62 147.6084 146.9833 142.1 140.2217 140.4625 140.57 140.7908 140.9083 141.2408 144.65 147.2125 146.985 145.4659 145.7634 146.3283 147.3058 148.2667 150.1134 151.0883 150.0975 150.865 151.5425 152.2233 153.4033 155.0483 156.5125 157.2309 157.9817 158.4249 158.9817 159.6217 160.0417 160.4283 160.995 161.3875 162.0966 163.37 162.8525 162.6808 162.5941 162.5433 162.6033 162.8633 162.7333 162.8392 163.5058 163.2083 162.9667 162.9975 162.9908 162.9233 162.5775 162.1458 163.145 163.4351 164.1109 164.7433 164.9908 164.6433 164.7208 165.0533
148.5342 148.7267 149.0325 149.5375 147.7808 144.9416 148.0808 146.9034 143.6517 136.6758 139.4758 143.4491 144.9317 141.5325 140.3534 140.5592 141.41 141.9034 142.23 142.5508 142.7083 143.4567 144.1716 144.5808 145.1509 146.53 148.2942 149.1725 148.8817 150.53 150.915 150.9116 152.82 154.2117 154.8725 156.1058 157.2233 157.735 158.23 158.9242 159.4992 159.9633 160.5483 160.8808 161.2125 161.6292 162.0867 162.35 163.59 164.4834 163.4534 163.3933 163.3483 163.2508 163.3542 163.4025 163.3975 163.8108 164.2908 163.6283 163.5383 163.3392 163.4325 163.7183 163.5583 163.7783 164.5166 164.8475 165.3841 165.6567 165.9867 165.5192 165.3875
150.1242 149.8417 147.0583 145.4708 145.4425 144.0492 137.3325 133.0817 134.1592 135.245 136.5059 137.8942 139.1183 139.9375 140.8533 141.75 142.2417 142.8558 143.4 143.8392 144.1733 144.6525 145.4433 145.9725 146.6158 147.3442 149.5884 150.3825 151.2434 153.1575 153.1783 153.9925 155.235 156.0925 156.9559 157.9533 158.1183 158.7742 159.4833 160.0292 160.3116 160.7416 161.4775 161.6174 161.8958 162.3225 162.6975 162.9691 163.7758 165.21 164.6959 164.0633 164.09 164.1191 163.9958 163.8009 163.9367 164.1651 164.5375 165.1375 164.6342 164.5933 164.5967 164.9667 164.65 165.0992 165.1375 165.4225 165.64 165.6199 166.3791 166.9767 166.39
147.3783 147.805 148.4825 148.3675 146.695 141.9933 133.6375 134.1666 135.74 136.3275 137.1558 138.5617 139.5458 140.515 141.3275 142.1858 143.0625 143.7917 144.4767 145.2683 145.9167 146.8125 148.0333 148.7417 149.3467 150.2025 151.0867 151.6609 152.5375 153.9275 154.5458 155.1117 156.2433 157.1833 157.9308 158.8008 159.5867 160.2025 160.4466 160.9359 161.015 161.3975 162.2142 162.1775 162.36 162.8 163.3625 163.59 164.5725 165.365 166.2292 165.3667 164.9566 164.9133 164.7067 164.8058 164.82 164.9208 165.1325 165.4675 165.88 165.5733 165.5375 165.5767 165.8475 165.9934 166.1867 166.62 166.8375 166.8516 167.2775 167.3292 167.5725
149.9775 149.6892 149.1933 148.6258 147.8267 142.9884 142.2442 135.4117 137.1442 137.2767 138.1583 139.1475 140.1342 140.9875 141.8083 142.7517 143.895 144.8725 145.7892 146.71 147.5242 148.1583 149.285 150.1625 150.655 151.4458 152.1025 152.9725 154.1375 155.0425 155.8917 156.64 157.5725 158.3291 159.1025 159.7983 160.3259 160.8558 161.0267 161.4175 161.6167 161.9275 162.5675 162.745 163.0542 163.5683 164.0317 164.2134 164.63 165.93 166.1592 166.5875 165.5866 165.5192 165.5258 165.5184 165.6967 165.7809 165.9083 166.14 166.5842 166.4017 166.475 166.5108 167.0834 167.1017 167.4767 167.2583 167.7433 167.8717 167.5467 167.8101 168.0916
148.3867 140.0317 143.9149 143.8817 140.8075 141.1917 141.0475 137.11 138.3125 138.2467 138.8533 139.6625 140.7775 141.7575 142.705 144.1525 145.7109 146.8842 147.785 148.4333 148.8283 149.4542 150.0659 150.89 151.6833 152.34 153.0883 153.9525 155.1567 156.1691 156.785 157.4458 158.4192 159.225 159.8175 160.3725 160.7308 161.1025 161.4175 162.1866 162.365 162.7875 162.9308 163.2758 163.7183 164.095 165.0208 165.3808 164.9767 165.6459 166.2091 166.6483 166.0583 166.0625 165.9942 166.1808 166.5476 166.7717 166.6283 166.6442 167.0708 167.0242 167.1067 167.1934 167.295 167.7608 167.965 168.2925 167.93 168.0225 168.2616 168.0884 168.2
138.0508 135.4816 135.66 136.3775 136.8242 137.3792 137.7808 138.3284 139.365 139.2758 139.7841 140.6608 141.6533 142.57 143.4817 145.1858 147.0741 148.5375 149.725 150.7733 150.545 150.89 151.6391 152.1775 152.8309 153.6717 154.51 155.0441 156.0717 157.2075 157.6717 158.0242 158.88 159.7242 160.4575 160.8983 161.2667 161.7733 161.8092 162.4841 162.8359 163.4842 164.135 163.9067 164.4325 164.8208 165.5284 166.8467 165.65 166.01 166.2908 166.2417 166.4733 166.52 166.5625 167.025 167.2142 167.4725 167.5084 167.4658 167.5717 167.7458 167.5958 167.8916 168.0167 167.7558 168.1466 168.2875 168.565 168.7234 168.72 168.7366 -9999
135.4283 135.7083 136.2767 137.0817 137.6817 138.125 138.5867 139.1775 140.0125 140.1975 140.8984 141.6467 142.4983 143.3225 144.3867 145.7192 147.6792 149.6434 151.1117 152.1408 151.9759 151.8817 152.9267 153.8367 154.1559 154.6583 155.3383 156.0175 156.95 157.825 158.2375 158.92 159.6258 160.6242 161.0392 161.0758 161.8042 162.1284 162.2458 162.7742 163.355 164.07 164.6583 164.8416 165.1092 166.1392 166.52 166.9683 166.1908 166.0375 166.4267 166.4859 166.7358 166.8092 167.2075 167.3217 167.8442 167.9258 168.0758 168.1758 167.9967 168.3075 168.4658 168.4284 168.5534 168.7717 168.5833 168.7134 168.7875 169.0924 -9999 -9999 -9999
136.4567 136.7016 137.1733 137.8492 138.3058 138.7275 139.2433 139.7608 140.5175 141.1191 141.7359 142.5167 143.2033 144.2708 145.505 146.5708 147.9517 150.0683 151.7791 152.975 153.705 153.7941 153.5309 154.315 155.465 155.6491 156.17 156.7567 157.5859 158.2258 158.7817 159.49 160.2192 160.5442 160.925 161.3567 161.8658 162.2575 162.5592 163.1642 163.6583 164.2725 164.6084 165.0675 165.8809 167.015 166.345 166.7258 166.1067 166.2109 166.5558 166.7667 167.0992 167.4516 167.5075 168.065 168.5984 168.4767 168.575 168.505 168.6075 168.7991 168.8958 169.0075 169.1491 169.4109 169.2617 -9999 -9999 -9999 -9999 -9999 -9999
137.6742 137.9517 138.2967 138.8883 139.21 139.5567 140.0358 140.55 141.1059 142.1884 143.2683 144.2008 144.7142 145.6833 146.5766 147.6158 148.755 149.9183 152.0466 153.7217 154.7717 155.6575 155.3767 154.9509 156.0167 156.3117 156.6592 157.3492 157.9708 158.6267 159.1042 159.8516 160.2775 160.9475 161.3725 161.6059 161.94 162.4908 162.9592 163.5742 164.0026 164.7483 164.8709 165.5425 166.0109 166.4783 166.115 166.1475 166.6175 166.635 166.8941 167.3674 167.3666 168.2883 168.0417 168.6008 168.8592 168.9533 169.165 169.0358 169.1209 169.3184 169.6083 169.7183 -9999 -9999 -9999 -9999 -9999 -9999 -9999 -9999 -9999
138.5908 138.9308 139.3783 139.7717 139.9675 140.2875 140.6067 141.0225 141.695 143.3684 144.5458 145.8825 145.9992 146.6125 147.595 148.6017 149.5959 151.145 152.6592 154.2558 155.1133 156.3258 155.5983 155.4834 156.8608 157.415 157.5683 157.7267 158.2208 158.7942 159.3984 159.975 160.5484 160.9566 161.5691 161.9217 162.3308 162.3067 162.6434 163.2058 163.7608 164.415 164.8975 165.39 165.9134 166.1584 166.0258 166.4567 166.8542 167.53 167.4784 167.9575 167.9683 168.14 169.01 169.0325 169.3766 169.67 169.6341 169.59 169.6325 169.6033 -9999 -9999 -9999 -9999 -9999 -9999 -9999 -9999 -9999 -9999 -9999
139.2642 139.5925 139.9466 140.2092 140.4258 140.5958 140.9192 141.4983 142.3425 143.645 145.1625 146.9066 147.4208 147.3158 148.2875 149.4425 150.5708 151.66 153.2475 154.3367 155.7067 157.0342 155.7408 155.91 157.1692 157.895 157.6917 158.1684 158.6733 159.1108 159.5775 160.2033 160.8142 161.3908 161.8558 162.1392 161.9292 162.1533 162.7325 163.225 163.6608 164.3133 164.6833 165.3617 165.9292 166.6666 166.6692 167.2267 167.4483 167.9958 168.0892 168.3734 168.7 169.0259 169.2425 169.6891 169.6759 170.0867 170.0775 -9999 -9999 -9999 -9999 -9999 -9999 -9999 -9999 -9999 -9999 -9999 -9999 -9999 -9999
140.0092 140.2267 140.4017 140.6208 140.685 140.9075 141.2525 141.7783 142.8142 144.1867 145.4442 147.2817 148.1742 148.8533 150.0158 150.8525 151.5925 153.0008 154.4767 155.9 156.8042 156.6084 156.9716 156.9783 156.7217 157.6858 157.8208 158.7308 158.985 159.6525 159.98 160.6808 161.3508 161.7092 162.1733 162.3625 162.1875 162.7092 163.3983 164.2092 164.6342 165.3017 165.6083 165.9442 166.85 167.2567 167.335 168.0008 168.1967 168.6791 169.1333 169.3241 169.5458 169.6066 170.0175 170.1158 -9999 -9999 -9999 -9999 -9999 -9999 -9999 -9999 -9999 -9999 -9999 -9999 -9999 -9999 -9999 -9999 -9999
140.6675 140.745 140.8833 140.9458 141.14 141.3967 141.645 142.2408 143.1725 144.8475 147.1183 148.9833 149.9475 151.0984 151.8091 152.7108 153.78 154.9067 155.2933 155.2659 154.9017 155.0092 155.2075 155.5433 156.0251 156.6925 157.4208 158.0375 159.005 160.0133 160.6692 161.4533 161.9117 162.4025 162.8375 162.9625 162.89 163.4225 164.2342 165.1034 165.5842 165.8792 166.3767 167.04 167.1092 167.7392 168.51 168.735 169.235 169.1317 169.4975 170.1575 170.1983 170.5367 -9999 -9999 -9999 -9999 -9999 -9999 -9999 -9999 -9999 -9999 -9999 -9999 -9999 -9999 -9999 -9999 -9999 -9999 -9999
141.1608 141.2484 141.3334 141.4725 141.5742 141.8008 142.135 142.7742 144.4292 147.51 149.4583 150.4133 151.4617 152.2008 152.9683 152.9383 153.0325 153.4575 152.9834 153.0159 153.6483 154.3283 155.045 155.565 156.2783 156.95 157.5075 158.3125 159.2183 161.2383 162.1425 162.3642 162.5267 163.0267 163.5366 163.8783 163.7208 164.3233 164.915 165.5492 166.0725 166.4542 167.3309 167.9183 168.1975 168.8017 169.27 169.6651 169.7751 170.1842 170.5274 -9999 -9999 -9999 -9999 -9999 -9999 -9999 -9999 -9999 -9999 -9999 -9999 -9999 -9999 -9999 -9999 -9999 -9999 -9999 -9999 -9999 -9999
141.6467 141.7142 141.8449 142.0075 142.2642 142.5142 142.96 143.9467 146.5151 148.3459 149.4367 149.7525 150.2733 151.7417 151.69 150.7684 151.0609 151.5484 152.2591 153.2917 154.3233 154.75 155.2467 155.9934 156.8683 157.7767 158.2642 159.3075 160.4608 161.6483 162.2742 163.2941 163.9667 163.8942 164.1242 164.5633 164.7384 165.0992 165.5075 166.3 166.5208 167.6725 168.27 168.7875 169.125 169.2958 169.56 169.8292 170.3458 -9999 -9999 -9999 -9999 -9999 -9999 -9999 -9999 -9999 -9999 -9999 -9999 -9999 -9999 -9999 -9999 -9999 -9999 -9999 -9999 -9999 -9999 -9999 -9999
142.1525 142.2817 142.4217 142.6959 143.0242 143.3075 143.8942 145.1583 147.0359 148.0008 148.4209 148.6725 148.5 149.4467 150.0416 150.7117 151.6791 152.3125 153.1333 153.5434 154.2567 155.0875 156.0183 157.6108 158.0742 158.37 159.4008 160.1792 162.6566 163.4734 163.1075 163.3275 164.2633 164.585 165.4025 165.85 165.585 166.06 166.6967 166.9708 168.7075 169.0558 169.405 169.4867 169.9717 170.3592 -9999 -9999 -9999 -9999 -9999 -9999 -9999 -9999 -9999 -9999 -9999 -9999 -9999 -9999 -9999 -9999 -9999 -9999 -9999 -9999 -9999 -9999 -9999 -9999 -9999 -9999 -9999
142.9475 143.0058 143.1942 143.4709 143.7733 144.2242 145.3558 146.6142 147.3725 147.9258 147.8076 147.9892 148.9917 150.0683 150.5991 151.145 151.9366 152.65 153.45 154.385 155.0341 155.8608 157.0867 157.8342 158.2642 160.7009 161.5967 162.0683 164.3 164.1408 163.7059 163.7558 164.0766 164.67 165.9284 166.2158 166.3733 166.4925 167.8941 168.0833 168.8417 168.95 169.1725 -9999 -9999 -9999 -9999 -9999 -9999 -9999 -9999 -9999 -9999 -9999 -9999 -9999 -9999 -9999 -9999 -9999 -9999 -9999 -9999 -9999 -9999 -9999 -9999 -9999 -9999 -9999 -9999 -9999 -9999
143.5033 143.6926 143.985 144.45 145.2742 145.99 146.3208 146.695 147.165 147.865 148.0075 148.2117 148.8291 149.5934 150.3608 151.2367 152.3708 153.2825 153.9891 154.8191 155.76 156.4208 158.6 159.8266 161.51 162.2008 163.2266 162.7325 163.7151 164.1875 164.6842 164.275 164.6417 165.1517 166.6817 166.6017 166.7208 167.4617 168.595 168.3158 169.6375 -9999 -9999 -9999 -9999 -9999 -9999 -9999 -9999 -9999 -9999 -9999 -9999 -9999 -9999 -9999 -9999 -9999 -9999 -9999 -9999 -9999 -9999 -9999 -9999 -9999 -9999 -9999 -9999 -9999 -9999 -9999 -9999
144.6558 144.6725 144.8342 145.1767 145.6533 146.0467 146.4242 146.78 146.9909 147.855 148.515 148.6467 149.1641 149.91 150.7792 151.6409 152.4717 153.3683 156.22 158.2184 159.5591 161.0833 162.6983 163.5075 163.6716 163.9917 164.3358 165.4133 165.6483 165.4475 164.9225 164.8041 165.4892 166.4458 167.1242 167.4075 167.8391 168.2417 -9999 -9999 -9999 -9999 -9999 -9999 -9999 -9999 -9999 -9999 -9999 -9999 -9999 -9999 -9999 -9999 -9999 -9999 -9999 -9999 -9999 -9999 -9999 -9999 -9999 -9999 -9999 -9999 -9999 -9999 -9999 -9999 -9999 -9999 -9999
