layers/final_practice/hyla_meridionalis/tmin_mean.asc
ncols         400
nrows         278
xllcorner     -21.041487136433
yllcorner     26.106002917928
cellsize      0.083333337679505
NODATA_value  -9999
[rows 165 to 197 of 278, columns 146 to 218 of 400]
-9999 -9999 -9999 -9999 -9999 -9999 -9999 -9999 -9999 -9999 -9999 -9999 -9999 -9999 -9999 -9999 -9999 -9999 -9999 -9999 -9999 -9999 -9999 -9999 -9999 -9999 -9999 -9999 -9999 -9999 -9999 -9999 -9999 124.4292 126.2 128.0017 124.9217 117.7709 110.8558 125.27 122.59 109.8991 112.7017 115.8025 130.6408 -9999 -9999 -9999 -9999 -9999 -9999 -9999 -9999 -9999 -9999 -9999 -9999 -9999 -9999 -9999 -9999 -9999 -9999 -9999 -9999 -9999 -9999 -9999 -9999 -9999 -9999 -9999 -9999
-9999 -9999 -9999 -9999 -9999 -9999 -9999 -9999 -9999 -9999 -9999 -9999 -9999 -9999 -9999 -9999 -9999 -9999 -9999 -9999 -9999 -9999 -9999 -9999 -9999 -9999 -9999 -9999 -9999 -9999 -9999 -9999 -9999 120.5642 122.4933 125.8458 125.7892 123.9108 114.0117 109.3425 114.7642 109.3058 83.15 115.115 124.565 125.6291 -9999 -9999 -9999 -9999 -9999 -9999 -9999 -9999 -9999 -9999 -9999 -9999 -9999 -9999 -9999 -9999 -9999 -9999 -9999 -9999 -9999 -9999 -9999 -9999 -9999 -9999 -9999
-9999 -9999 -9999 -9999 -9999 -9999 -9999 -9999 -9999 -9999 -9999 -9999 -9999 -9999 -9999 -9999 -9999 -9999 -9999 -9999 -9999 -9999 -9999 -9999 -9999 -9999 -9999 -9999 -9999 -9999 -9999 -9999 -9999 118.1708 121.0267 123.49 122.4642 122.5733 122.9034 97.46917 92.35416 103.9525 85.69249 110.385 78.88416 106.8408 123.1759 119.8607 -9999 -9999 -9999 -9999 -9999 -9999 -9999 -9999 -9999 -9999 -9999 -9999 -9999 -9999 -9999 -9999 -9999 -9999 -9999 -9999 -9999 136.9441 140.4377 -9999 -9999
-9999 -9999 -9999 -9999 -9999 -9999 -9999 -9999 -9999 -9999 -9999 -9999 -9999 -9999 -9999 -9999 -9999 -9999 -9999 -9999 -9999 -9999 -9999 -9999 -9999 -9999 -9999 -9999 -9999 -9999 -9999 -9999 119.4295 119.285 121.46 124.2192 124.6858 109.4 119.4017 101.6367 86.28417 98.735 113.7025 81.81332 71.55499 87.23251 111.0109 101.9283 118.2265 123.1331 -9999 -9999 -9999 -9999 -9999 -9999 -9999 126.6465 125.7153 134.1366 133.2097 121.155 131.3656 134.9381 -9999 -9999 -9999 135.1725 136.0625 126.375 133.1902 -9999 -9999
-9999 -9999 -9999 -9999 -9999 -9999 -9999 -9999 -9999 -9999 -9999 -9999 -9999 -9999 -9999 -9999 -9999 -9999 -9999 -9999 -9999 -9999 -9999 -9999 -9999 -9999 -9999 -9999 -9999 -9999 -9999 -9999 119.4308 121.7458 123.2875 125.1367 122.9733 118.83 112.735 124.1658 113.64 89.53668 113.1758 78.39668 52.56833 71.07417 95.96168 90.27833 86.31667 109.3125 108.2792 110.9917 120.9209 126.8315 126.9125 121.875 118.2042 119.6125 124.0242 128.725 128.2792 110.3508 125.2408 115.2508 110.0408 119.8033 129.4942 134.1134 134.8766 130.8283 142.1134 146.2633 146.795
-9999 -9999 -9999 -9999 -9999 -9999 -9999 -9999 -9999 -9999 -9999 -9999 -9999 -9999 -9999 -9999 -9999 -9999 -9999 -9999 -9999 -9999 -9999 -9999 -9999 -9999 -9999 -9999 -9999 -9999 -9999 119.4955 119.14 121.46 124.29 125.6483 125.7992 117.8517 123.7817 125.7333 123.4475 121.9092 105.8134 85.55751 98.4225 83.38833 63.73251 75.76916 92.16834 80.50584 108.6542 80.2575 102.1775 101.5608 108.555 103.7475 103.5242 114.4342 113.9108 111.0892 109.7408 97.58751 99.69167 108.9908 120.7242 123.8083 127.3092 131.9108 132.5008 133.3675 140.505 144.1992 144.0141
-9999 -9999 -9999 -9999 -9999 -9999 -9999 -9999 -9999 -9999 -9999 -9999 -9999 -9999 -9999 -9999 -9999 -9999 -9999 -9999 -9999 -9999 -9999 -9999 -9999 -9999 -9999 -9999 -9999 -9999 -9999 120.9032 119.6808 120.5558 123.91 125.5742 125.6092 128.3008 125.7775 126.1875 122.695 110.5442 111.4866 88.915 87.98001 110.2467 98.62746 93.74332 79.48669 61.21085 63.79833 73.84416 60.21915 68.81666 77.53249 89.51248 87.19332 69.22916 74.69749 100.185 106.4008 76.15835 97.485 120.5017 123.9733 123.3342 124.9417 126.3608 130.325 134.3159 135.0275 138.1067 138.8058
-9999 -9999 -9999 -9999 -9999 -9999 -9999 -9999 -9999 -9999 -9999 -9999 -9999 -9999 -9999 -9999 -9999 -9999 -9999 -9999 -9999 -9999 -9999 -9999 -9999 -9999 -9999 -9999 -9999 -9999 124.8065 123.6308 122.8533 120.9075 121.9967 122.5758 122.3067 126.3358 123.7484 123.8942 122.4133 108.88 113.1892 117.8841 115.7333 114.2484 112.2541 98.98666 78.52167 71.73748 50.35834 37.8125 48.98085 57.02499 59.38501 75.47668 66.8375 55.13749 81.36668 92.81999 94.33167 101.715 108.0267 110.0575 114.8008 117.1917 117.6733 120.255 117.3225 113.1342 124.9833 133.8575 143.9416
-9999 -9999 -9999 -9999 -9999 -9999 -9999 -9999 -9999 -9999 -9999 -9999 -9999 -9999 -9999 -9999 -9999 -9999 -9999 -9999 -9999 -9999 -9999 -9999 -9999 -9999 -9999 -9999 -9999 -9999 126.6114 124.6808 124.1816 123.1233 122.6558 121.8408 122.2808 120.6259 124.6467 123.2175 118.9675 116.4833 115.3017 121.6317 123.0183 119.5858 117.9867 100.4941 93.33999 76.60916 81.89417 53.49583 53.70582 70.33418 67.35084 65.55331 74.085 67.74 76.55167 61.73 73.26749 82.16415 99.49 112.9192 115.2142 111.44 119.1117 121.5892 112.3133 116.3175 126.4183 127.5175 131.6842
-9999 -9999 -9999 -9999 -9999 -9999 -9999 -9999 -9999 -9999 -9999 -9999 -9999 -9999 -9999 -9999 -9999 -9999 -9999 -9999 -9999 -9999 -9999 -9999 -9999 -9999 -9999 -9999 -9999 130.9272 129.8175 128.0717 126.1117 123.8491 122.68 124.3517 125.0416 124.8466 126.2591 127.8883 126.5075 119.2808 115.9725 123.91 123.535 113.4742 121.6575 101.8292 98.96585 102.9275 101.5592 97.75665 72.21583 66.73334 89.24499 83.36833 87.97582 67.6525 62.45583 70.855 69.27917 83.56333 101.7667 107.0483 108.445 110.69 109.7825 109.7242 114.645 119.1167 127.1875 124.805 129.48
-9999 -9999 -9999 -9999 -9999 -9999 -9999 -9999 -9999 -9999 -9999 -9999 -9999 -9999 -9999 -9999 -9999 -9999 -9999 -9999 -9999 -9999 -9999 -9999 -9999 -9999 -9999 -9999 -9999 133.8567 132.6733 130.595 128.1667 126.0108 124.5158 125.2708 128.1883 128.0933 130.1909 129.6008 128.0775 127.0217 127.7408 127.4017 128.3908 113.5775 121.6059 111.76 115.4283 111.4367 111.4408 109.125 102.4508 108.0217 100.0475 94.8533 82.96915 73.09669 67.18501 81.94917 77.99915 84.78748 86.26666 80.87248 88.57166 106.2317 109.8875 101.1333 118.4133 125.9425 129.2275 125.4183 122.2534
-9999 -9999 -9999 -9999 -9999 -9999 -9999 -9999 -9999 -9999 -9999 -9999 -9999 -9999 -9999 -9999 -9999 -9999 -9999 -9999 -9999 -9999 -9999 -9999 -9999 -9999 -9999 -9999 137.6763 137.5725 135.93 133.2367 130.6409 128.6217 127.9208 127.7375 129.7583 130.9925 131.2283 131.8183 131.0058 127.4267 129.4792 130.1559 127.945 129.3925 125.3475 120.1808 124.8325 120.9667 119.8408 113.7801 89.25248 92.94668 78.67751 81.38666 79.64249 81.82667 81.65333 92.14582 89.23001 93.6375 82.70001 69.0975 71.11417 110.6358 118.8259 121.0417 123.7441 125.705 124.3975 122.0075 118.6233
-9999 -9999 -9999 -9999 -9999 -9999 -9999 -9999 -9999 -9999 -9999 -9999 -9999 -9999 -9999 -9999 -9999 -9999 -9999 -9999 -9999 -9999 -9999 -9999 -9999 -9999 -9999 137.9563 141.6184 141.9483 139.34 135.9359 132.7158 130.4192 129.4383 129.8567 130.9558 132.5175 133.7475 134.4683 134.1617 132.615 130.1608 130.28 125.2017 123.9158 124.3358 123.1183 125.6225 126.555 122.3833 119.7867 115.0658 112.7242 108.2433 99.38917 92.70919 88.66748 91.3825 89.77 101.3775 104.31 90.81002 99.31915 105.0867 118.5109 119.6574 124.035 124.0891 117.7033 116.235 113.505 108.87
-9999 -9999 -9999 -9999 -9999 -9999 -9999 -9999 -9999 -9999 -9999 -9999 -9999 -9999 -9999 -9999 -9999 -9999 -9999 -9999 -9999 -9999 -9999 -9999 -9999 -9999 -9999 138.3703 144.8809 145.3109 141.73 137.7175 134.0542 131.3342 130.0192 130.6392 132.795 135.0675 134.6425 134.49 133.5467 126.46 125.1108 131.925 129.79 126.2067 124.8792 121.0625 121.3183 121.7917 117.3659 124.5575 122.0458 113.6767 100.4608 103.0442 104.5492 93.73418 102.0583 98.44003 106.4567 100.9675 101.0934 114.4925 121.7817 125.43 126.3292 124.7592 119.355 116.0492 111.8291 110.2592 103.6267
-9999 -9999 -9999 -9999 -9999 -9999 -9999 -9999 -9999 -9999 -9999 -9999 -9999 -9999 -9999 -9999 -9999 -9999 -9999 -9999 -9999 -9999 -9999 -9999 -9999 -9999 132.3896 138.4492 144.01 144.4633 141.4017 137.1909 133.535 131.0817 129.615 130.4158 133.9042 136.6517 133.2258 129.38 136.5392 131.5717 130.795 132.83 131.17 127.83 128.8667 123.4375 124.505 127.3058 126.8242 121.1417 115.86 110.5617 110.27 106.1358 111.1309 111.1784 109.9275 110.4658 112.8717 113.6275 118.6925 122.7092 124.76 126.8241 126.5125 122.1717 116.1158 111.2183 106.1433 103.68 91.24417
-9999 -9999 -9999 -9999 -9999 -9999 -9999 -9999 -9999 -9999 -9999 -9999 -9999 -9999 -9999 -9999 -9999 -9999 -9999 -9999 -9999 -9999 -9999 -9999 -9999 130.7813 131.3992 134.6616 139.4908 139.5717 137.21 133.9734 131.4416 129.8933 129.715 130.2625 132.5442 132.6525 131.8783 121.5316 132.7675 128.9392 125.7925 123.3417 117.11 112.0042 122.75 125.955 128.0167 125.3992 121.05 111.2592 118.3392 115.6892 122.725 118.8633 114.1317 108.3417 110.6842 110.0841 110.0167 114.9717 118.7742 121.475 122.6958 125.72 123.1709 117.2317 111.7617 108.505 104.405 100.225 90.65832
-9999 -9999 -9999 -9999 -9999 -9999 -9999 -9999 -9999 -9999 -9999 -9999 -9999 -9999 -9999 -9999 -9999 -9999 -9999 -9999 -9999 -9999 -9999 -9999 -9999 128.9364 128.2209 130.6067 132.9958 134.0058 131.0609 129.83 127.865 127.4667 129.0683 122.8925 114.4442 126.92 123.9017 117.035 115.9075 119.6925 123.165 121.0059 120.4775 106.7042 113.3583 122.9383 119.1825 127.0508 125.2433 125.9433 124.3267 118.7508 107.7583 83.78503 79.99583 65.88166 84.43502 95.475 105.5209 111.7467 115.0567 116.71 118.7742 121.645 116.33 110.6775 107.5342 104.2233 100.475 97.31416 91.62167
-9999 -9999 -9999 -9999 -9999 -9999 -9999 -9999 -9999 -9999 -9999 -9999 -9999 -9999 -9999 -9999 -9999 -9999 -9999 -9999 -9999 -9999 -9999 -9999 128.1705 125.4258 125.75 126.865 127.7867 128.5458 126.5267 124.9558 123.8716 123.86 127.1592 122.7566 114.4825 115.6283 121.3092 104.9525 90.68333 104.6816 119.8542 111.5942 112.5334 110.2383 115.6425 120.6167 115.8108 114.925 118.6117 119.3934 112.2192 104.47 96.48915 74.51668 60.93499 66.04001 80.55166 91.42084 107.17 104.72 105.4558 112.465 118.2916 114.6267 106.8017 104.4042 93.96916 87.62082 84.03249 82.04333 78.76666
-9999 -9999 -9999 -9999 -9999 -9999 -9999 -9999 -9999 -9999 -9999 -9999 -9999 -9999 -9999 -9999 -9999 -9999 -9999 -9999 -9999 -9999 -9999 125.9899 125.8866 124.7984 125.3417 125.2825 122.97 122.3375 122.0358 119.6842 119.4858 120.5125 122.505 126.1742 120.0508 116.1417 117.5483 114.4567 106.2817 104.8292 111.5658 109.5633 107.575 105.9217 105.3892 108.0617 111.2675 106.0075 107.7025 107.3808 98.81251 92.60333 80.34081 66.74416 72.5125 74.91417 87.25332 98.79501 95.46918 91.81085 96.35331 105.6558 113.3166 103.7692 102.335 94.27082 72.48084 64.62003 56.25083 59.675 65.64751
-9999 -9999 -9999 -9999 -9999 -9999 -9999 -9999 -9999 -9999 -9999 -9999 -9999 -9999 -9999 -9999 -9999 -9999 -9999 -9999 -9999 -9999 125.0825 121.9675 121.7442 123.4066 121.015 120.2808 119.7458 117.2233 115.9358 113.9508 113.5433 113.6083 120.8984 118.1234 113.545 107.7583 105.9525 103.4158 100.8725 98.81585 97.32253 97.06335 97.6225 98.265 96.74665 91.95832 97.78498 100.1325 104.8858 92.24665 85.1425 77.35167 68.23167 74.24001 64.31581 67.4575 77.48501 68.69585 77.41418 69.14333 80.05916 94.67666 104.495 92.90916 79.16083 75.92499 59.37751 58.96582 63.1025 66.20335 67.68001
-9999 -9999 -9999 -9999 -9999 -9999 -9999 -9999 -9999 -9999 -9999 -9999 -9999 -9999 -9999 -9999 -9999 -9999 -9999 126.6895 125.0129 122.355 120.1883 117.4825 117.2125 120.465 116.3675 115.5508 117.0341 112.8083 110.3967 112.6983 110.9133 111.77 122.8067 119.1 106.5575 100.5025 99.2083 95.97502 95.6675 94.40168 90.92001 88.53083 86.31917 83.85167 74.38084 74.10832 82.19916 86.9525 98.84667 87.11501 85.97167 89.92917 87.46751 55.75416 36.57166 44.5725 52.55666 59.78085 78.63583 65.0525 74.53584 101.3841 99.0783 87.88582 75.33917 67.63083 63.72749 64.76917 66.85835 71.18668 74.65668
-9999 -9999 -9999 -9999 -9999 -9999 -9999 -9999 -9999 -9999 -9999 -9999 -9999 -9999 -9999 -9999 -9999 127.2538 124.5556 121.0292 118.6075 117.2383 114.3717 113.38 115.07 118.0292 109.6033 115.3442 114.2058 116.4833 116.0308 113.4258 113.94 114.9133 111.1533 99.29502 95.63418 94.76916 91.7067 91.25751 90.28668 85.35083 78.27665 72.95917 67.72001 63.30669 47.61084 55.4575 63.19001 64.31417 78.86 92.85252 89.02083 76.00417 62.02749 49.89333 22.74001 14.01416 43.0625 63.02419 51.03582 61.79334 96.26664 101.2908 96.62917 87.09833 78.89998 72.33749 68.67085 69.66583 70.39417 74.39333 77.0375
-9999 -9999 -9999 -9999 -9999 -9999 -9999 -9999 -9999 -9999 -9999 -9999 -9999 -9999 -9999 127.9166 125.824 123.0183 119.9 116.5933 113.7292 112.4833 110.8742 108.4359 111.41 110.005 108.34 107.9192 112.655 113.9817 115.1258 114.7342 101.0958 99.86251 94.83332 105.6834 95.3125 85.22248 82.33418 79.72501 79.17834 70.32583 67.33499 63.96583 57.40749 47.0425 44.10917 51.94916 57.15001 53.25666 64.80168 91.01748 86.83164 56.84666 36.42583 40.13416 24.6075 33.92751 41.00417 35.4175 27.04251 79.38417 97.57914 96.44502 91.02584 85.2217 79.40998 74.48166 71.28667 71.7625 73.24917 76.18166 78.61082
-9999 -9999 -9999 -9999 -9999 -9999 -9999 -9999 -9999 -9999 -9999 -9999 127.8611 125.9358 124.7542 121.99 120.4917 120.02 115.9958 115.2858 114.02 109.6092 110.745 106.0075 109.2942 104.9683 107.6441 104.79 105.4659 106.9892 107.905 101.01 96.11751 82.14667 79.2075 90.30666 83.36002 72.51498 70.06499 66.95667 78.71666 72.305 59.91999 51.33665 43.53833 37.23167 39.35249 41.25 46.34584 47.055 60.76334 82.50415 74.45834 65.95666 46.34083 36.92166 16.605 20.34167 14.54333 12.81083 56.56916 83.82249 95.28918 91.67998 85.72916 81.05417 77.785 73.38583 71.78665 73.24 75.25085 77.20749 79.46834
-9999 -9999 -9999 -9999 -9999 -9999 -9999 -9999 -9999 -9999 126.5861 124.7242 122.7708 121.0467 119.6667 117.8208 117.6317 116.2325 115.8383 113.425 112.5142 109.6642 106.4867 106.835 105.3475 101.8975 101.1567 96.365 93.66415 102.9 106.4175 96.5875 82.02583 73.87666 71.44752 73.28583 83.86167 71.88917 77.12166 82.20583 82.34665 79.09998 73.19083 64.19 38.00082 33.43166 38.12749 48.14083 51.35418 55.25333 53.58416 37.22416 54.13499 64.07417 55.15416 35.06 15.07667 21.65001 44.89165 59.83916 76.64165 88.76833 92.07999 87.81497 82.47833 78.51084 74.57835 71.88083 70.43416 72.8275 75.015 76.70666 79.32334
-9999 -9999 -9999 -9999 -9999 -9999 127.3109 126.4357 125.21 123.5017 121.15 119.1483 117.9192 117.2509 116.4475 116.0067 115.4033 114.115 112.8917 112.65 111.5175 110.0891 105.1242 106.1017 103.3683 98.15416 96.73918 90.92166 96.73168 100.1683 90.77333 90.55413 82.63416 76.40833 72.77666 66.72003 63.89334 77.99332 84.48833 85.88667 80.38583 77.63334 63.74001 33.98333 30.1825 37.95167 46.82917 55.20583 45.7375 35.1075 27.93583 45.255 55.07417 59.07751 52.75167 39.97417 32.71833 38.73333 68.505 79.06499 85.73999 90.01916 88.97333 84.95584 80.79916 75.24499 72.53003 70.23 70.42332 72.39332 73.67834 76.92833 79.45084
-9999 -9999 -9999 -9999 -9999 126.8441 125.5733 122.2858 120.4008 119.4617 117.955 116.2675 115.15 115.3033 114.7784 114.1825 113.3575 112.3117 110.6183 106.4992 109.2933 104.385 107.6325 104.4558 99.50586 95.32583 93.07998 91.71916 94.65418 99.24168 89.15333 89.72581 81.47083 83.42084 74.00668 70.00667 68.93083 71.65833 78.33083 80.80499 79.55917 67.60667 42.88917 32.09834 32.1475 41.62334 43.49416 35.50166 27.68999 34.65001 42.175 50.79001 53.28331 56.91082 54.27918 52.35751 44.3975 53.33749 81.11999 87.07416 89.50085 90.40499 88.08332 84.05665 78.79665 73.105 71.98416 71.13166 70.42834 70.75083 73.99584 77.51584 79.36332
-9999 -9999 -9999 127.1783 126.5808 124.0892 123.1266 122.3025 121.2667 118.02 116.68 115.355 114.25 114.0425 113.7025 112.8933 111.5917 109.315 105.8583 102.8092 102.7258 102.8083 101.2267 93.82834 95.91581 94.21835 91.24002 91.41084 98.27334 99.82418 89.8375 81.915 75.28166 81.47919 70.92417 65.33916 66.04833 73.25666 71.87749 74.20168 70.89748 47.0075 31.07 27.83083 34.1825 31.75249 24.31417 17.59 27.14084 37.2625 52.355 56.08166 58.30752 65.1425 63.56001 68.44167 70.1 81.45832 88.21082 91.92499 91.94332 90.41001 87.92667 83.15001 77.45834 71.755 69.13251 68.14085 69.97918 70.70165 74.67082 76.74582 78.66418
-9999 -9999 -9999 128.0008 126.8458 124.0008 122.1775 119.9067 122.7908 119.1242 116.7742 114.4758 113.0125 113.1142 112.6058 110.4233 106.7792 102.2725 99.12333 98.80502 98.66166 99.81249 98.00164 92.59918 92.21418 91.24083 92.28499 99.70081 100.6392 98.14832 96.66832 92.65749 85.63668 83.33831 70.815 61.23833 70.59749 72.30083 69.21999 70.67667 58.8525 46.84917 42.1125 33.35333 27.88333 30.325 27.52584 29.3275 41.30251 51.99916 59.47665 59.01082 61.88249 70.32084 76.40002 80.2175 82.03583 88.69332 92.27499 93.20918 91.37163 89.67418 88.47167 84.41251 77.95915 71.01 66.05749 65.10999 67.63585 70.34 74.46416 73.84249 75.07581
-9999 -9999 129.2733 127.9633 127.5016 125.3108 122.5192 121.5958 122.9784 121.6883 116.6208 111.91 109.115 108.1658 106.0742 103.9658 98.74918 96.035 94.83917 92.82916 93.36253 94.10667 96.5742 95.89585 92.63084 90.8225 92.8 97.18252 93.70499 92.81 98.70001 99.45915 94.96501 79.81499 68.92168 74.37751 79.97415 74.78583 75.84834 72.43582 60.55249 55.78667 43.45916 33.4275 26.54084 23.25084 31.73 49.81248 56.74916 63.41082 63.91999 60.95916 62.17833 63.81585 78.80582 85.62499 89.76916 93.89584 94.46833 92.67581 90.79919 88.93334 86.23082 83.89918 78.92834 71.58418 68.42416 67.22833 67.05833 70.17252 72.64416 69.41 74.715
134.6069 132.0665 129.8667 127.7217 127.4308 125.9567 125.325 125.1867 123.6008 122.01 116.0359 111.8375 108.21 103.6583 101.9425 98.88583 97.55581 94.62166 92.7675 91.16416 90.94333 91.04748 94.25249 94.91168 94.8275 94.69918 92.8025 90.68834 87.20748 90.60418 98.11916 94.52334 91.63418 87.46833 82.62418 82.44334 82.51501 80.59084 77.72917 62.59584 51.35332 45.89167 31.14917 34.01917 30.07833 41.2775 57.62416 65.14499 68.38916 70.54832 68.89916 64.35835 67.31416 80.01 85.50166 87.94248 94.39418 95.07749 92.93167 91.79998 89.34747 88.08834 85.7625 82.08584 78.23083 72.94168 68.0575 65.44667 63.59082 67.07249 71.66917 75.93083 75.07334
132.3658 131.7358 129.4625 128.2675 127.6275 126.9092 125.9459 126.1075 123.9883 123.6083 116.7392 112.03 109.1542 106.09 100.8275 97.44418 96.10499 94.7667 93.15499 93.14248 92.55999 92.12999 92.78083 93.38668 94.41002 96.86918 96.08749 96.68749 95.38917 92.57333 90.98833 89.07916 90.50584 94.01084 89.18082 85.9525 88.02331 83.94503 82.31001 71.9725 63.45333 56.01167 50.80333 34.36668 42.73251 57.23 66.64751 71.96085 73.74749 76.99417 80.17 74.59001 78.31418 90.24249 94.07667 92.11333 94.07335 93.04915 91.08002 90.16502 87.53499 85.6775 83.31918 78.20999 72.705 71.79668 70.47917 67.81084 64.44916 71.66001 78.24249 79.22166 79.99084
133.7292 132.2925 130.3383 129.0308 128.5592 127.7692 126.715 126.595 124.8133 122.0142 121.3242 114.7066 110.6883 106.6333 102.3283 100.5091 100.2817 99.31164 97.42168 97.10167 95.70917 94.90084 97.08748 99.26836 99.76332 100.5867 102.1742 103.5359 103.0208 101.6083 99.76665 100.9909 96.58665 94.93665 90.23749 89.99582 92.59417 87.74499 84.59834 82.295 69.59499 68.47752 55.45501 48.16584 53.75999 61.76 68.73582 70.95584 75.69418 79.895 80.03 78.76167 90.81499 92.50833 92.21499 89.64665 90.07251 89.63749 88.35834 86.92082 84.38666 79.88834 76.22749 74.73083 70.75 69.15917 71.1125 72.34583 76.75167 84.48415 85.17418 86.21418 88.16501
