layers/final_practice/hyla_meridionalis/tmin_mean.asc
ncols         400
nrows         278
xllcorner     -21.041487136433
yllcorner     26.106002917928
cellsize      0.083333337679505
NODATA_value  -9999
[rows 198 to 230 of 278, columns 219 to 291 of 400]
93.24334 93.28832 92.73083 92.42167 91.38832 89.61413 91.59085 97.45416 100.6733 100.0908 99.79083 101.7275 102.6808 101.62 97.74499 91.2175 83.16583 92.62667 96.60662 98.27998 93.06083 94.10667 99.39999 100.5125 103.6766 102.6383 88.66333 99.72501 109.715 107.0267 102.0183 107.4317 116.4208 116.8042 115.4692 118.2183 118.5308 115.4783 115.2242 116.1608 116.7033 116.475 115.7142 116.2033 118.2775 116.6875 116.7467 117.4834 117.6075 119.5067 122.1375 120.9417 120.73 121.4025 122.1317 122.4275 123.1942 124.3692 125.1159 125.9067 126.0725 126.2383 126.435 126.3567 126.5183 126.6341 126.9133 126.4125 125.3608 124.4175 123.8542 124.5583 124.6325
91.91164 92.69749 93.34668 93.20582 93.89751 94.79832 96.83751 100.0792 102.0992 100.2484 102.8467 97.73167 95.76085 101.2817 102.425 98.82833 97.59502 99.68335 100.6425 100.8017 93.51332 96.44332 98.83916 100.2125 101.0508 84.26501 88.965 101.6633 111.615 102.7567 108.9767 114.7558 117.0292 120.3217 119.3817 120.0867 119.0934 117.9175 117.66 117.9025 118.3842 118.2692 117.7025 117.905 119.9825 118.4825 118.4233 119.1533 120.2683 119.6941 120.0259 122.8217 122.1117 123.72 124.7167 125.4767 125.9901 127.0417 128.145 128.7083 128.675 128.8616 128.8884 129.0717 128.8783 128.995 129.0175 129.05 127.4375 125.4792 126.3492 129.4942 129.4749
104.1483 106.1225 106.9058 108.1892 109.3534 110.3942 111.0692 110.8375 108.7184 105.4984 105.99 105.4258 105.51 106.6 105.6633 105.03 104.3967 102.5133 103.7108 98.86667 99.61249 95.83833 95.97416 82.82832 95.27582 108.4075 113.4867 117.1392 108.2092 111.4067 117.6217 118.5083 120.5592 121.9742 122.6942 121.5825 121.0191 119.3575 118.9417 119.0242 119.36 119.3908 119.7742 119.8792 120.3433 120.5783 120.5725 121.0533 122.1384 122.8158 122.1742 123.4175 124.0441 124.6517 126.6242 128.2666 129.1433 129.695 130.35 131.28 131.3316 131.115 131.0767 131.1675 131.0308 131.2517 130.9558 131.3933 132.0591 127.8575 127.0017 128.4867 129.7925
107.1258 109.0442 110.185 111.1142 112.0817 112.8317 113.045 113.06 112.8492 110.2416 108.1442 108.6942 109.0617 107.6842 103.4017 108.2042 104.9325 107.11 100.2775 87.03333 100.8792 104.4608 83.2617 101.8075 111.3066 103.3108 115.0992 120.9925 116.9892 117.575 118.6083 119.9342 122.87 123.365 124.375 124.0058 121.9416 120.5258 120.5725 120.3767 121.0317 121.19 121.5875 122.06 122.115 122.6333 123.0825 123.5433 124.1609 125.0192 125.3875 125.0258 126.2583 126.7867 127.9558 129.91 131.5275 132.0442 132.345 132.9308 133.3175 133.3433 133.3725 133.1492 133.0467 133.39 133.2283 133.9041 134.5408 130.0825 129.2309 131.5142 130.8975
105.0175 106.875 110.3642 111.4725 113.4833 114.6092 114.8817 114.98 114.05 103.8883 98.85501 103.4292 107.9792 106.3467 98.1725 104.8025 111.4342 112.71 106.5817 84.99333 108.7733 109.7609 106.8108 112.92 103.1092 110.2633 122.8984 121.6617 118.4058 120.1467 120.6275 119.76 122.7583 124.12 124.0683 125.8192 126.0967 122.6283 122.2417 122.3116 122.6934 123.0941 123.4217 123.9017 124.2867 124.7475 125.4341 125.9983 126.4733 127.0608 127.8892 127.7591 127.8484 128.4642 129.0667 130.2475 132.2858 133.7533 133.9442 134.7666 135.3625 135.5458 135.92 135.2642 135.0383 135.0533 135.8875 136.9208 137.485 132.2892 130.7767 133.3 134.7092
108.0275 106.2917 108.8567 112.7733 116.4017 116.3875 116.3492 115.9316 111.4233 97.08916 93.09332 103.8833 107.7716 109.3317 109.555 108.3333 113.63 110.6808 109.8367 99.3425 98.66917 117.825 116.3958 112.1725 114.045 120.88 123.485 123.9825 123.0158 122.2583 120.455 119.3925 121.855 124.625 125.9725 127.0242 127.8608 124.6992 123.7433 123.9867 124.2625 124.7342 125.2416 125.6175 126.1225 126.7208 127.1675 127.7733 128.3867 128.9509 129.61 130.1734 129.8292 129.8692 130.6775 131.5167 133.0583 135.4133 135.0766 135.6083 136.7242 138.1442 138.4925 138.3792 137.5342 137.685 138.7 139.5409 139.4466 133.355 132.3975 133.9492 136.2867
116.91 116.4942 115.4734 116.4692 116.7767 115.5542 113.0542 109.3617 106.2408 101.6467 99.59166 101.62 101.8108 102.5958 108.5675 110.0458 111.4067 120.7525 120.885 118.7016 120.6308 121.3108 117.8942 119.7867 120.1475 123.7458 126.5633 125.4608 122.7267 120.9717 120.9124 121.4258 121.9258 123.5058 125.8017 127.6875 128.5483 126.6283 125.2884 125.5092 125.8917 126.2916 126.7233 127.2467 127.7008 128.2508 128.6742 129.2242 129.7875 130.4191 130.9467 131.9341 132.2392 131.6567 132.3867 133.0492 134.035 135.1708 136.1242 136.7267 137.8425 139.8675 139.9483 140.6567 140.9842 140.9225 141.3067 141.4575 141.2384 134.1025 132.8317 133.585 137.37
117.88 116.3258 117.0608 118.5292 118.8308 117.5358 115.5317 104.88 100.9075 94.7017 91.95168 89.45833 93.41001 103.1817 106.4 106.6866 112.7417 121.605 124.9075 124.94 123.4775 124.275 124.1358 124.9933 125.9358 127.26 128.0042 126.075 123.8075 122.0525 122.8733 123.5042 123.9242 124.5016 124.9684 125.7517 127.5417 129.6508 127.765 127.1533 127.4367 127.7475 128.2717 128.7408 129.2542 129.8467 130.4659 131.0292 131.5475 131.9975 132.6258 133.3042 134.4341 134.3 133.9017 134.3567 135.1658 136.1117 137.16 138.1583 138.76 139.6958 140.2833 140.7775 141.4075 142.3667 143.615 142.65 141.0166 135.3625 134.0425 135.275 136.8325
118.5958 120.8858 121.3308 120.3375 119.9133 120.1058 118.2583 114.6075 114.6342 110.1217 110.2758 115.4133 110.7325 114.5067 119.2867 121.2517 124.4316 126.815 128.2475 123.9475 123.5783 126.3758 125.9283 125.7733 127.4725 128.2417 128.8075 126.6158 124.2133 124.1225 124.885 125.44 125.745 126.0958 126.6309 126.9583 127.27 127.865 129.5042 129.865 129.3867 129.0783 129.5133 130.1233 130.695 131.3491 131.8908 132.71 133.6158 133.9541 134.2217 134.8492 135.645 135.6883 135.56 135.8742 136.5033 137.3258 138.0692 139.075 139.7716 140.1408 141.0183 141.4058 141.8058 142.5367 142.5725 141.3133 139.8441 138.605 138.1367 137.87 138.955
126.5383 125.8034 124.5958 123.8859 122.9425 123.3691 121.0833 120.295 121.7867 106.7925 109.035 121.7866 121.9609 124.23 125.8191 126.2175 127.2833 129.0833 130.5208 128.5875 124.9467 127.9825 125.6742 124.8441 126.2408 128.6642 129.785 128.545 126.3083 126.1675 126.5566 126.925 127.25 127.615 127.8858 128.1809 128.4642 128.5859 128.9217 129.5166 130.7375 131.5251 130.8475 131.3783 132.5308 133.5708 134.1975 135.0058 135.7025 136.3625 136.3141 136.3733 136.8183 137.2859 137.7283 138.07 137.8783 138.5675 138.9625 139.6492 140.9675 141.3233 141.4425 141.9483 142.2766 142.4942 142.5117 142.1292 142.49 142.34 143.1584 143.4867 140.2825
130.5083 130.5983 129.8092 129.0025 128.565 127.305 122.5309 123.45 125.3792 124.935 121.8966 128.4492 129.1242 127.245 128.1208 130.25 131.7442 132.3742 131.2617 127.8809 129.3025 128.5 126.4525 126.2025 126.1792 128.3375 130.3483 131.0434 128.4859 127.7458 127.9233 128.2034 128.375 128.6475 128.9774 129.1916 129.3466 129.5567 129.8733 130.2483 130.5708 131.4291 132.9333 132.6967 134.1117 135.6225 136.1542 137.1333 137.3625 138.5692 138.495 138.8708 138.9583 139.2292 139.9025 139.8142 139.1075 139.5917 139.9666 140.5284 141.9091 142.2333 142.195 142.2883 142.6717 142.8267 143.3175 143.0291 141.3459 139.9425 140.58 143.0467 144.6542
132.8167 132.4658 130.42 129.7375 130.2342 129.5567 128.8858 129.2692 129.0166 127.6833 120.3342 123.2367 132.2617 130.3042 130.8242 133.535 133.8058 132.9267 129.2675 128.7142 128.2725 128.0008 127.6758 127.9525 127.7958 127.895 129.9825 132.3609 129.4683 128.9308 129.1725 129.3167 129.5625 129.7092 129.9124 130.3083 130.6 130.7708 130.9317 131.2451 131.6217 131.98 132.57 133.95 135.4883 136.2708 137.3567 138.1842 138.7325 139.5367 140.2209 141.3017 140.5108 140.6233 141.2075 140.7492 140.3758 140.3458 140.915 141.44 142.7875 142.7675 142.6075 142.7958 143.1825 143.6642 144.045 143.6567 142.9059 141.1108 143.5891 145.2308 141.9525
133.9258 131.4092 129.735 128.7475 129.2316 130.3058 130.6108 130.335 126.1484 122.8333 125.4825 135.6742 132.9983 134.6209 135.8142 135.24 134.12 132.9742 129.8775 128.6767 127.3875 127.8584 128.6425 128.8658 129.0125 129.2841 129.8692 132.8584 131.0108 130.2433 130.295 130.3683 130.6958 131.0017 131.2 131.4242 131.8283 132.2058 132.5692 132.795 132.9858 133.2342 133.4133 133.8409 134.2967 136.595 137.755 139.1192 139.725 140.3466 140.6675 140.5575 140.4892 140.7791 141.0125 140.7767 141.0958 141.5742 141.6617 142.635 143.6292 143.2967 143.0308 143.4042 143.675 144.0983 144.5625 144.7483 144.6383 145.1192 145.9367 146.74 145.5634
135.25 131.8017 130.7817 130.8509 131.0025 131.8767 132.61 129.9825 121.2542 128.2009 137.26 138.1225 137.0459 135.6342 130.0425 133.455 134.2034 133.6975 132.0625 130.1025 128.3508 128.7308 129.5883 130.3416 130.42 130.7558 131.3342 134.1467 132.61 131.8075 131.7675 131.7808 131.9692 132.2675 132.5717 132.98 133.3258 133.41 133.935 134.4409 134.8267 134.7567 134.9133 134.8134 135.0508 135.9725 138.8742 140.6966 140.6342 140.7025 140.9475 140.7592 140.4625 140.7667 141.1241 141.3642 141.4333 142.1633 142.6717 143.4709 143.8325 143.0683 143.1225 143.6475 144.1375 144.6684 145.1217 144.7966 143.6267 144.9333 146.8033 146.2041 145.4342
136.7492 134.1125 134.6991 135.1259 135.5183 135.7083 130.3691 124.6066 126.7275 129.0233 138.945 138.8442 136.9234 129.5858 130.0183 135.3833 134.8308 133.75 131.6358 130.4375 130.4642 130.7942 131.8125 132.2733 132.215 132.4191 132.8275 135.1108 134.4892 133.2342 133.2717 133.6225 133.705 134.0541 134.5466 134.6066 134.9891 135.0975 135.4725 136.1933 136.7816 136.1408 136.6058 136.3109 136.13 136.3141 139.3634 141.7292 141.6567 141.2483 141.1542 140.7083 140.6758 140.9817 141.0392 141.4859 141.6084 142.03 142.78 143.5675 143.4292 143.1284 143.5358 143.9192 144.3725 144.8492 145.04 145.3158 145.935 145.5625 144.7125 142.2067 143.295
136.0467 137.2608 138.2225 137.2216 139.0384 137.9675 134.1125 128.2217 133.0292 139.045 140.2408 138.6708 136.94 133.3259 135.1825 135.8525 136.5658 134.9267 132.8009 132.8475 133.1367 132.8816 132.9175 134.0133 134.3658 134.3217 134.5475 136.5501 134.9275 134.4675 134.9692 135.8408 136.2316 136.4309 136.9366 137.3284 137.5275 137.4109 137.7575 137.5408 139.1142 138.2617 137.935 137.8517 137.7225 137.4775 139.6042 141.9558 142.1208 141.1533 141.0467 140.87 140.9225 141.0225 141.2358 141.4966 141.6058 141.92 142.425 142.9025 143.0183 143.2283 143.9683 144.0583 144.2958 144.8291 145.0083 145.5833 145.5225 146.5117 146.1292 144.5025 144.03
136.5784 138.32 139.7733 141.145 141.5017 140.24 138.8658 138.2367 134.13 141.1925 140.4966 138.9075 137.9933 133.5933 134.8833 135.6025 136.3176 136.5733 135.1192 134.7691 135.2742 135.2125 135.335 135.6183 135.9408 135.7875 135.9066 137.03 137.2725 135.6958 136.2283 137.19 138.0733 138.1541 139.0309 140.8283 140.16 140.175 140.5142 139.2875 139.8525 139.7916 139.9242 141.0775 140.075 140.4567 140.6717 141.2475 142.3067 141.1709 141.2625 141.26 141.2567 141.4316 141.3842 141.29 141.7167 142.1575 142.3358 142.655 143.0467 143.5775 143.7125 144.2017 144.1717 144.5358 144.8883 144.8517 144.9333 146.0242 145.635 145.6525 145.9708
141.8375 143.2925 142.5283 143.8675 143.2567 141.1308 140.49 136.6408 140.2883 142.2967 140.6442 139.5775 138.885 133.8275 132.6217 134.49 135.3358 136.3892 136.3759 136.1642 137.0325 137.1308 137.3958 137.5375 137.3983 137.0491 137.045 137.1392 137.6692 138.6084 137.2425 137.6867 139.5467 141.8075 141.58 143.0234 142.31 141.2942 140.79 140.3108 141.3392 140.7225 140.8225 142.13 142.4383 143.3817 142.64 141.7642 142.5484 141.9692 141.55 141.6067 141.6525 141.5492 141.7334 141.5925 141.9442 142.3892 142.5159 142.8917 143.2633 143.5567 143.7975 143.9075 144.0183 144.4775 144.6675 144.7458 145.435 145.655 145.3508 146.095 145.4392
143.1683 145.7933 145.4817 145.6508 144.7675 142.8358 140.9758 136.1375 135.9017 141.6859 140.5533 138.9958 139.525 139.5275 138.0341 135.81 135.6175 136.7792 137.2033 137.3209 138.625 138.5742 138.9667 138.9825 138.6792 138.3275 138.2517 138.28 138.4641 139.4758 139.1567 138.2833 139.035 140.8442 141.1333 141.4517 140.3883 140.8934 140.92 141.0016 141.4209 141.5975 141.7509 142.99 142.8242 143.1425 143.2633 142.7533 143.4 142.9208 142.0775 142.0009 142.0233 142.035 142.115 142.3567 142.6392 142.655 143.04 143.0467 143.485 143.5983 143.7275 143.9675 144.225 144.3491 144.4417 144.5958 145.0442 144.1208 143.3975 144.9983 146.0141
143.9034 146.9816 147.13 147.0058 145.8833 143.9925 140.9267 139.05 140.7225 142.5683 139.1108 138.7758 139.1133 138.1792 137.3225 139.1275 139.0142 138.3308 138.0308 138.7875 139.6791 140.3125 140.8208 140.77 140.3742 139.9158 139.69 139.5958 139.785 140.3808 140.5208 139.8958 139.815 140.5491 141.0284 141.0125 141.1192 141.3442 141.5608 141.775 141.9658 142.1617 142.41 143.0259 142.63 143.0408 143.7575 143.9308 143.5883 142.9783 142.53 142.365 142.49 142.7083 142.7641 142.775 142.96 143.1808 143.3308 143.4267 143.41 143.765 143.8225 143.8475 144.1758 144.4417 144.4342 144.5458 144.7791 142.8342 142.5542 143.5058 144.9333
146.1984 147.835 147.9859 148.1125 146.8567 144.5192 143.4467 141.1342 144.0908 141.045 139.8833 139.705 139.9391 140.3267 140.1734 140.1176 139.11 138.6808 139.0525 139.9116 140.2783 142.1083 142.32 142.0467 141.6367 141.5292 141.4525 141.4366 141.655 141.8542 141.6942 142.0317 141.975 141.445 141.555 141.5317 141.865 142.1509 142.3458 142.6358 142.9242 142.8551 142.775 143.12 142.8199 143.1833 144.2583 143.8775 143.7833 142.9441 142.9725 142.9817 142.925 143.1867 143.1533 143.3058 143.2958 143.2758 143.6183 143.6525 143.6233 143.7292 143.7008 144.0942 143.8416 144.1058 144.1942 144.2659 144.2117 145.3025 145.0067 144.3941 145.9175
148.3042 148.4175 146.9992 148.96 148.3633 145.6692 145.1842 143.4917 143.7984 141.8633 141.2417 140.895 140.4375 140.38 140.0067 139.5658 139.3925 139.5717 140.1125 140.9634 141.4117 142.8275 142.67 142.4025 142.6366 142.6875 143.0633 142.7667 143.19 142.7175 142.7542 143.0541 143.3717 143.2967 142.9458 142.5609 142.6875 142.7491 143.2033 143.6142 143.5899 143.62 143.5408 143.7709 143.7433 144.2991 144.2834 143.6884 143.625 143.5583 143.5842 143.5625 143.6001 143.6208 143.6517 143.73 143.565 143.7225 143.8058 143.87 143.8683 143.8616 143.9217 143.755 143.7425 143.445 143.2658 141.7525 142.6242 143.7642 144.8658 145.265 146.7591
148.8316 148.3908 146.91 149.6725 149.3258 149.2867 147.025 145.74 145.3483 143.6225 142.7125 142.0333 141.8317 141.3533 140.8125 140.52 140.5333 140.9409 141.6925 142.2058 142.4358 142.5483 142.3984 142.6558 143.3425 143.9516 143.7567 143.5608 143.2642 143.5125 143.44 143.5825 143.9533 144.445 144.3442 143.5767 143.1608 143.5 144.0642 144.6117 144.51 144.4691 144.4058 144.6216 144.52 144.7717 144.6784 144.2483 144.1475 144.1658 144.1892 144.1342 144.1525 143.9892 144.1025 144.1659 144.1433 144.0625 143.9491 144.0909 143.7925 143.9483 144.1516 143.84 144.0191 143.82 144.3916 142.1675 141.6367 142.9583 143.9775 145.3701 146.9008
148.9659 149.205 147.0342 150.1675 149.4083 150.5092 147.7333 146.9258 147.8675 145.7642 144.9683 144.0834 142.5017 141.8808 141.9959 142.5767 142.5925 142.6133 143.0092 143.29 143.2758 142.6358 142.8242 143.2825 143.5208 144.3925 144.0408 143.9158 143.6291 144.3833 144.0551 144.0742 144.3224 145.2517 145.2675 144.38 143.9742 144.4684 145.2842 145.385 145.4008 145.655 145.8208 145.8883 146.0275 145.6842 145.2225 145.1883 144.9417 145.01 144.8466 144.8242 144.6908 144.5625 144.6933 144.5792 144.555 144.4066 144.3317 144.2067 144.21 144.3225 144.2358 144.1433 144.0833 144.0725 144.2084 144.6983 142.6642 144.1933 145.1417 145.8759 147.7291
147.2659 149.7025 150.6767 151.1125 151.5775 150.0517 147.8709 147.7841 147.7175 147.16 145.6942 143.865 143.0375 142.9633 143.3542 143.9642 144.245 143.6617 143.2075 143.2558 143.1317 143.25 143.4966 143.8425 144.195 144.0417 144.3383 144.6834 144.4684 145.2033 144.9766 145.0808 145.2807 145.2325 145.295 145.355 145.465 145.9084 146.1808 146.0892 146.2925 146.5959 146.75 146.8233 146.5358 146.0333 145.8775 145.8616 145.8558 145.635 145.7059 145.495 145.4425 145.31 145.3416 145.0659 145.0683 144.9342 144.77 144.6383 144.675 144.6408 144.6167 144.5525 144.3858 144.1825 144.2983 145.23 143.4375 144.4492 146.425 146.7375 -9999
147.0084 147.86 148.975 149.8083 151.4034 150.4533 149.3733 148.3942 147.8575 147.8258 146.34 143.6542 144.5383 145.15 145.05 144.6642 144.4159 144.405 144.4525 144.135 144.1733 144.1659 144.5484 145.0116 145.0117 145.02 145.2458 145.4567 145.6591 146.1892 146.085 146.2025 146.4083 146.08 146.2017 146.4475 146.6642 147.0683 146.9508 147.0108 147.1575 147.2083 147.3567 147.1633 146.87 146.7917 146.5342 146.5909 146.5184 146.51 146.1959 146.0858 146.1525 146.0317 145.7217 145.7375 145.6642 145.5025 145.4067 145.4142 145.1467 145.1633 145.0958 144.865 144.6842 144.38 144.4825 144.5834 143.5575 -9999 -9999 -9999 -9999
147.6783 148.2808 148.8258 149.7992 151.2717 151.4683 149.58 148.33 147.7675 147.6608 147.9241 147.0092 145.895 145.755 145.8841 145.835 145.7075 145.5708 145.53 145.4358 145.305 145.3767 145.7325 145.9725 146.285 146.5892 146.6916 146.7058 146.7 146.9825 147.1233 147.1625 146.7908 146.8817 147.295 147.42 147.9267 147.615 147.545 147.675 147.6917 147.75 147.57 147.4475 147.5441 147.5242 147.5217 147.3583 147.2591 147.23 146.7417 146.7567 146.7942 146.59 146.4783 146.4408 146.3058 146.1917 146.0517 145.82 145.6917 145.5858 145.6392 145.28 144.8908 144.6108 144.5475 -9999 -9999 -9999 -9999 -9999 -9999
148.0908 148.445 149.0008 149.3167 150.8108 152.8591 150.0483 148.8484 148.2108 147.7534 147.4675 147.1317 147.0333 147.0475 147.0817 147.0508 146.87 146.74 146.81 146.725 146.6175 146.6283 146.7175 146.95 147.3075 147.7392 147.8217 148.0292 148.1967 148.0408 147.9258 147.6183 147.6767 147.9058 148.2392 148.3642 148.3742 148.2933 148.4008 148.3625 148.2267 148.0966 148.2083 148.1025 148.1167 148.1067 148.2758 148.16 148.0641 147.745 147.6584 147.655 147.4508 147.43 147.27 147.1817 147.0075 147.0483 146.735 146.5208 146.4008 146.2075 146.0658 145.6833 -9999 -9999 -9999 -9999 -9999 -9999 -9999 -9999 -9999
149.01 149.5083 150.0916 150.595 152.2708 154.0425 150.9308 149.685 149.1266 148.6408 148.1908 148.0434 148.0933 148.0025 148.0083 148.225 147.9892 147.7658 147.7258 147.6825 147.5983 147.5133 147.7267 147.9492 148.2875 148.7875 149.0933 149.2459 149.0217 148.9675 148.55 148.6425 148.9383 149.2675 149.37 149.26 149.28 149.4083 149.0267 148.9716 148.99 149.0558 149.065 149.0183 149.0258 149.0108 148.9384 148.8284 148.6983 148.6908 148.5075 148.3616 148.215 148.0892 148.1533 148.0391 148.0133 147.95 147.51 147.26 147.0266 146.8683 -9999 -9999 -9999 -9999 -9999 -9999 -9999 -9999 -9999 -9999 -9999
150.0542 150.6383 151.0316 151.72 153.0417 154.7467 152.2884 150.945 150.3317 150.0358 149.7925 149.5842 149.3958 149.4116 149.3425 149.2175 149.0134 148.8283 148.6992 148.7366 148.8025 148.6608 148.7475 148.9591 149.3067 149.7875 149.59 149.3292 149.3934 149.63 149.4875 149.9908 150.0783 150.3008 150.285 150.265 150.2534 149.7317 149.7225 149.7742 149.9492 149.7475 149.8642 149.8692 149.9633 149.8267 149.8167 149.6025 149.63 149.535 149.4684 149.4542 149.2708 149.1441 149.0233 148.7708 148.6083 148.4133 148.2066 -9999 -9999 -9999 -9999 -9999 -9999 -9999 -9999 -9999 -9999 -9999 -9999 -9999 -9999
151.165 151.7233 151.9342 152.2592 153.0792 155.3983 153.3125 152.24 151.5975 151.4366 151.2392 151.1266 151.0275 150.7667 150.665 150.425 150.3934 150.4858 150.3075 149.9683 149.7792 150.0059 150.0908 150.145 150.4908 150.3058 150.1625 150.3575 150.47 150.7284 150.6108 150.8775 151.1416 151.1892 151.3834 150.995 150.7642 150.7867 150.8267 150.7809 150.7409 150.7308 150.6458 150.7275 150.7275 150.7708 150.6566 150.5142 150.5741 150.5175 150.39 150.4317 150.3208 150.0516 149.89 149.5475 -9999 -9999 -9999 -9999 -9999 -9999 -9999 -9999 -9999 -9999 -9999 -9999 -9999 -9999 -9999 -9999 -9999
151.7117 152.6292 152.075 153.0059 153.1317 153.9383 156.2058 154.1983 152.88 152.4859 152.3283 152.085 152.0717 151.6775 151.5933 151.4458 151.3442 151.2625 150.9716 151.1692 151.1075 151.1208 151.2242 151.1984 151.2117 151.105 151.1475 151.2458 151.4016 151.9158 151.7142 151.7792 152.0158 152.1734 151.8866 151.6583 151.7208 151.7216 151.7258 151.725 151.7083 151.7258 151.5792 151.6309 151.6983 151.6875 151.66 151.5425 151.4858 151.4175 151.3641 151.3108 151.2842 151.1975 -9999 -9999 -9999 -9999 -9999 -9999 -9999 -9999 -9999 -9999 -9999 -9999 -9999 -9999 -9999 -9999 -9999 -9999 -9999
152.045 152.9442 150.2017 154.3275 153.1116 153.585 154.5542 156.4342 155.4333 154.0458 153.4866 153.1859 152.9167 152.7942 152.43 152.1075 152.0725 151.9658 152.04 151.9525 152.03 152.1983 152.2084 152.1925 152.0683 152.1033 152.1375 152.2767 152.2841 152.5317 152.9066 152.775 152.9767 152.7375 152.6783 152.9084 152.7225 152.67 152.6683 152.6833 152.6408 152.6475 152.7291 152.7633 152.7034 152.6 152.6525 152.7941 152.79 152.72 152.615 -9999 -9999 -9999 -9999 -9999 -9999 -9999 -9999 -9999 -9999 -9999 -9999 -9999 -9999 -9999 -9999 -9999 -9999 -9999 -9999 -9999 -9999
