layers/wordclim/current/bio_04.asc
ncols         166
nrows         93
xllcorner     -9.4959440078468
yllcorner     36.000324005443
cellsize      0.083333337679505
NODATA_value  -9999
[rows 0 to 30 of 93, columns 70 to 139 of 166]
-9999 -9999 -9999 -9999 -9999 -9999 -9999 -9999 -9999 -9999 -9999 -9999 -9999 -9999 -9999 -9999 -9999 -9999 -9999 -9999 -9999 -9999 -9999 -9999 -9999 -9999 -9999 -9999 -9999 -9999 -9999 -9999 -9999 -9999 -9999 -9999 -9999 -9999 -9999 -9999 -9999 -9999 -9999 -9999 -9999 -9999 -9999 -9999 -9999 -9999 -9999 -9999 -9999 -9999 -9999 -9999 -9999 -9999 -9999 -9999 -9999 -9999 -9999 -9999 -9999 -9999 -9999 -9999 -9999 -9999
-9999 -9999 -9999 -9999 -9999 -9999 -9999 -9999 -9999 -9999 -9999 -9999 -9999 -9999 -9999 -9999 -9999 -9999 -9999 -9999 -9999 -9999 -9999 -9999 -9999 -9999 -9999 -9999 -9999 -9999 -9999 -9999 -9999 -9999 -9999 -9999 -9999 -9999 -9999 -9999 -9999 -9999 -9999 -9999 -9999 -9999 -9999 -9999 -9999 -9999 -9999 -9999 -9999 -9999 -9999 -9999 -9999 -9999 -9999 -9999 -9999 -9999 -9999 -9999 -9999 -9999 -9999 -9999 -9999 -9999
-9999 -9999 -9999 -9999 -9999 -9999 -9999 -9999 -9999 -9999 -9999 -9999 -9999 -9999 -9999 -9999 -9999 -9999 -9999 -9999 -9999 -9999 -9999 -9999 -9999 -9999 -9999 -9999 -9999 -9999 -9999 -9999 -9999 -9999 -9999 -9999 -9999 -9999 -9999 -9999 -9999 -9999 -9999 -9999 -9999 -9999 -9999 -9999 -9999 -9999 -9999 -9999 -9999 -9999 -9999 -9999 -9999 -9999 -9999 -9999 -9999 -9999 -9999 -9999 -9999 -9999 -9999 -9999 -9999 -9999
3711.979 3723.621 3751.435 -9999 -9999 -9999 -9999 -9999 -9999 -9999 -9999 -9999 -9999 -9999 -9999 -9999 -9999 -9999 -9999 -9999 -9999 -9999 -9999 -9999 -9999 -9999 -9999 -9999 -9999 -9999 -9999 -9999 -9999 -9999 -9999 -9999 -9999 -9999 -9999 -9999 -9999 -9999 -9999 -9999 -9999 -9999 -9999 -9999 -9999 -9999 -9999 -9999 -9999 -9999 -9999 -9999 -9999 -9999 -9999 -9999 -9999 -9999 -9999 -9999 -9999 -9999 -9999 -9999 -9999 -9999
3830.53 3847.88 3848.298 3904.35 3932.809 3906 -9999 -9999 3898.126 3936.33 3996.81 3997.674 4009.731 4012.891 -9999 -9999 -9999 -9999 -9999 -9999 -9999 -9999 -9999 -9999 -9999 -9999 -9999 -9999 -9999 -9999 -9999 -9999 -9999 -9999 -9999 -9999 -9999 -9999 -9999 -9999 -9999 -9999 -9999 -9999 -9999 -9999 -9999 -9999 -9999 -9999 -9999 -9999 -9999 -9999 -9999 -9999 -9999 -9999 -9999 -9999 -9999 -9999 -9999 -9999 -9999 -9999 -9999 -9999 -9999 -9999
4117.37 4088.34 4011.86 4100.61 4121.08 4129.1 4048.41 4068.775 3973.909 4032.59 4052.32 4082.73 4096.72 4128.73 4091.808 4097.822 4073.883 4043.492 4047.836 4065.488 4136.01 4234.73 4406.25 4472.446 -9999 -9999 -9999 -9999 -9999 -9999 -9999 -9999 -9999 -9999 -9999 -9999 -9999 -9999 -9999 -9999 -9999 -9999 -9999 -9999 -9999 -9999 -9999 -9999 -9999 -9999 -9999 -9999 -9999 -9999 -9999 -9999 -9999 -9999 -9999 -9999 -9999 -9999 -9999 -9999 -9999 -9999 -9999 -9999 -9999 -9999
4611.52 4400.74 4243.87 4235.55 4276.73 4214.42 4171.29 4199.76 4245.34 4155.05 4171.17 4215.31 4296.71 4287.83 4260.65 4275.3 4260.78 4244.6 4233.6 4187.16 4351.36 4416.33 4667.07 4613.82 4743.35 4874.57 4932.91 -9999 -9999 -9999 -9999 -9999 -9999 -9999 -9999 -9999 -9999 -9999 -9999 -9999 -9999 -9999 -9999 -9999 -9999 -9999 -9999 -9999 -9999 -9999 -9999 -9999 -9999 -9999 -9999 -9999 -9999 -9999 -9999 -9999 -9999 -9999 -9999 -9999 -9999 -9999 -9999 -9999 -9999 -9999
4781.01 4701.47 4640.17 4514.67 4327.85 4348.1 4305.75 4331.62 4330.61 4346.66 4356.33 4481.08 4434.84 4415.36 4415.32 4458.38 4468.54 4485.2 4462.95 4464.11 4666.23 4800.91 4864.54 4821.49 4873.17 4963 5044.863 -9999 -9999 -9999 -9999 -9999 -9999 -9999 -9999 -9999 -9999 -9999 -9999 -9999 -9999 -9999 -9999 -9999 -9999 -9999 -9999 -9999 -9999 -9999 -9999 -9999 -9999 -9999 -9999 -9999 -9999 -9999 -9999 -9999 -9999 -9999 -9999 -9999 -9999 -9999 -9999 -9999 -9999 -9999
4669.8 4661.77 4658.79 4668.24 4636.81 4689.55 4655.32 4487.19 4501.27 4669.27 4819.29 4683.2 4707.35 4589.19 4566.91 4671.68 4598.98 4553.19 4615.05 4780.34 4840.15 5002.63 5050.48 5094.61 5136.68 5170.14 5194.1 -9999 5214.821 5231.786 -9999 -9999 -9999 -9999 -9999 -9999 -9999 -9999 -9999 -9999 -9999 -9999 -9999 -9999 -9999 -9999 -9999 -9999 -9999 -9999 -9999 -9999 -9999 -9999 -9999 -9999 -9999 -9999 -9999 -9999 -9999 -9999 -9999 -9999 -9999 -9999 -9999 -9999 -9999 -9999
4744.87 4679.6 4713.5 4763.08 4780.36 4795.78 4829.8 4795.97 4777.76 4769.69 4842.17 4791.45 4804.55 4873.85 4906.71 5001.59 4914.21 4892.86 4979.48 5073.55 5095.72 5111.13 5164.18 5220.27 5265.87 5292.77 5298.24 5288.57 5289.5 5284.71 5276.72 5267.774 5261.983 5260.34 5237.828 -9999 -9999 -9999 -9999 -9999 -9999 -9999 -9999 -9999 -9999 -9999 -9999 -9999 -9999 -9999 -9999 -9999 -9999 -9999 -9999 -9999 -9999 -9999 -9999 -9999 -9999 -9999 -9999 -9999 -9999 -9999 -9999 -9999 -9999 -9999
4910.43 4875.56 4814.32 4875.56 4915.29 4954.36 4915.22 4931.25 4967.84 4961.38 4910.26 4890.96 4921.78 4951.95 4996.03 5022.02 5103.55 5109.4 5130.61 5164.62 5228.9 5252.9 5305.66 5369.52 5418.98 5414.52 5393.5 5389.66 5372.3 5338.85 5348.38 5321.67 5311.38 5293.16 5263.64 5256.224 -9999 -9999 -9999 -9999 -9999 -9999 -9999 -9999 -9999 -9999 -9999 -9999 -9999 -9999 -9999 -9999 -9999 -9999 -9999 -9999 -9999 -9999 -9999 -9999 -9999 -9999 -9999 -9999 -9999 -9999 -9999 -9999 -9999 -9999
5088.52 5024.35 5023.37 4940.37 4949.75 4976.1 5060.93 4957.33 5042.22 5009.55 5036.86 5093.78 5122.89 5166.36 5190.51 5223.16 5257.47 5280.07 5296.76 5329.2 5357.27 5390.74 5430.49 5530.05 5595.83 5556.96 5543.32 5521.39 5476.84 5448.91 5424.47 5399.68 5379.9 5343.26 5317.84 5293.29 5262.376 5265.642 5245.359 5260.739 5207.858 5183.88 -9999 -9999 -9999 -9999 -9999 -9999 -9999 -9999 -9999 -9999 5502.13 5410.19 5330.026 5320.891 -9999 -9999 -9999 -9999 -9999 -9999 -9999 -9999 -9999 -9999 -9999 -9999 -9999 -9999
5211.88 5177.19 5074.82 5149.03 5147.48 5190.79 5171.79 5061.12 5073.92 5105.29 5173.85 5210.74 5254.58 5309.07 5318.1 5337.4 5367.76 5388.57 5401.63 5432.74 5466.53 5513.14 5564.19 5608.94 5639.85 5604.56 5591.73 5602.46 5594.89 5536.52 5491.7 5458.57 5441.04 5410.67 5382.91 5367.13 5337.18 5318.27 5257.14 5287.06 5311.32 5235.58 5276.054 -9999 -9999 -9999 5302.347 -9999 5265.204 -9999 -9999 -9999 5441.327 5487.6 5424.4 5376.5 5356.54 5413.988 5363.698 5362.682 -9999 -9999 -9999 -9999 -9999 -9999 -9999 -9999 -9999 -9999
5301.46 5251.5 5187.52 5187.98 5216.3 5238 5263.72 5246.6 5238.92 5244.41 5315.13 5372.7 5402.49 5421.21 5443.42 5468.35 5499.46 5515.16 5538.82 5564.29 5583.76 5599.3 5663.7 5714.09 5710.93 5640.99 5645.11 5664.8 5658.12 5599.79 5546.65 5540.53 5512.09 5488.98 5441.06 5414.15 5394.6 5377.6 5362.84 5354.61 5363.29 5344.89 5367.5 5324.46 5300.46 5358.82 5413.06 5329.58 5343.39 5313.42 5406.12 5294.06 5319.66 5357.15 5349.01 5349.01 5401.29 5543.38 5448.22 5444.66 5351.093 -9999 -9999 -9999 -9999 -9999 -9999 -9999 -9999 -9999
5383.71 5372.68 5386.24 5377.28 5366.62 5374.4 5370.07 5343.62 5335.29 5357.78 5388.7 5436.28 5486.99 5533.81 5587.18 5617.91 5643.34 5644.58 5656.07 5667.06 5677.37 5688.95 5732.92 5768.97 5787.76 5758.44 5766.53 5752.1 5725.31 5682.3 5630.08 5584.82 5532.66 5522.09 5503.02 5454.01 5433.54 5412.44 5408.78 5401.42 5394.5 5392.18 5410.73 5415.87 5446.58 5511.22 5495.92 5381.52 5410.33 5500.13 5414.37 5386.41 5444.55 5431.16 5401.12 5347.92 5366.64 5534.8 5609.42 5517.95 5411.38 -9999 -9999 -9999 -9999 -9999 -9999 -9999 -9999 -9999
5504.34 5502.18 5503.23 5489.41 5490.5 5477.57 5469.81 5474.94 5475.57 5505.15 5522.03 5552.05 5599.33 5650.74 5713.11 5754.49 5760.08 5747.89 5764.4 5752.37 5766.76 5798.79 5799.96 5828.27 5842.82 5839.17 5820.94 5806.77 5752.89 5706.42 5657.88 5627 5570.37 5539.17 5529.63 5497.92 5474.15 5450.94 5436.43 5431.68 5432.2 5433.97 5440.26 5485.01 5519.02 5596.19 5561.08 5534.51 5555.58 5564.14 5505.27 5564.97 5638.78 5541.1 5410.14 5440.31 5445.32 5606.23 5557.93 5477.41 5464.64 -9999 -9999 5369.19 5369.8 5397.247 5492.778 5524.882 -9999 -9999
5608.6 5608.12 5602.27 5598.68 5594.73 5591.3 5601.89 5607.91 5609.7 5624.64 5638.36 5670.47 5691.85 5742.23 5786.42 5830.14 5844.42 5849.65 5846.34 5832.82 5847.4 5856.13 5852.62 5873.74 5883.95 5877.6 5869.32 5869.52 5837.58 5777.69 5735.68 5678.95 5627.77 5588.84 5576.36 5551.48 5505.98 5483.27 5467.05 5460.25 5464.34 5470.85 5482.99 5501.61 5561.47 5649.88 5696.82 5703.98 5677.03 5651.88 5609.45 5580.47 5672.46 5666.26 5639.99 5676.19 5632.22 5680.29 5501.26 5557.84 5668.98 5692.05 5590.2 5551.15 5556.95 5562.49 5538.1 5457.206 -9999 5354.675
5695.05 5683.33 5684.55 5676.22 5671.55 5664.11 5666.41 5682.96 5676.11 5700.82 5731.61 5731.89 5737.53 5777.22 5788.54 5792.54 5849.42 5845.72 5917.37 5919.64 5904.76 5907.99 5916.4 5922.67 5939.85 5941.24 5925.55 5916.39 5901.34 5860.13 5813.15 5762.82 5714.6 5663.95 5642.6 5605.65 5551.97 5516.42 5495.52 5495.16 5494.4 5488.52 5513.72 5536.47 5590.17 5691.87 5776.26 5720.92 5799.21 5721.7 5808.07 5719.38 5820.95 5751.4 5669.31 5812.53 5814.53 5603.8 5560.46 5627.23 5766.27 5641.11 5523 5470.31 5454.88 5490.53 5475.94 5447.28 5447.7 5477.36
5764.18 5760.52 5748.29 5729.15 5720.47 5708.55 5708.62 5716.9 5718.46 5758.42 5776.44 5777.55 5818.05 5809.89 5848.45 5819.68 5879.95 5911.21 5962.57 5985.96 5985.88 5971.94 5957.49 5968.66 5980.88 5974.87 5967.07 5962.87 5946.63 5917.27 5888.84 5852.47 5786.67 5736.94 5718.75 5682.14 5633.42 5577.84 5514.85 5494.98 5504.47 5527.92 5575.13 5603.22 5658.55 5703.28 5832.83 5818.31 5932.64 5911.96 5863.1 5840.44 5940.37 5812.55 5908.92 5968.78 5764.75 5603.11 5672.31 5776.42 5729.82 5581.24 5516.42 5495.39 5507.24 5522.97 5594.5 5527.8 5529.56 5551.31
5819.8 5815.09 5819.11 5821.49 5809.5 5809.76 5807.8 5803.62 5821.82 5821.12 5793.07 5821.72 5846.63 5826.95 5815.8 5856.13 5898.93 5913.36 5957.35 5996.28 6004.31 6033.63 6025.28 6025.13 6016.33 6010.24 6013.51 6005.69 5981.64 5965.71 5949.08 5924.23 5879.26 5826.78 5792.2 5753.42 5697.21 5637.95 5602.73 5563.45 5512.05 5578.71 5653.62 5698.36 5786.26 5838.37 5939.91 5921.83 5973.4 5904.39 5931.96 5919.25 6020.11 5902.32 6065.13 6025.11 5956.74 5766.27 5717.96 5799.52 5707.55 5634.52 5585.63 5634.76 5589.77 5517.06 5637.82 5602.82 5585.49 5566.71
5879.82 5882.55 5878.77 5880.98 5889.99 5877.8 5833.63 5826.56 5821.57 5805.67 5822.89 5824.07 5829.36 5837.93 5875.47 5914.42 5904.91 5939.69 5973.86 6038.95 6071.5 6074.81 6069.32 6052.21 6041.3 6033.13 6047.87 6044.6 6022.08 6021.26 6000.93 5964.99 5913.17 5892.08 5874.13 5809.34 5770.82 5709.18 5690.21 5662.19 5608 5660.81 5741.46 5793.43 5879.62 5962.69 6044.34 5934.28 5932 5945.78 6061.27 6028.38 5927.6 5892.09 6044.61 5840.05 5858.78 5863.74 5888.26 5886.85 5826.89 5769.6 5725.77 5685.4 5655.66 5654.66 5658.72 5619.79 5601.81 5573.99
5930.75 5924.38 5926.11 5919.97 5945.48 5945.21 5938.3 5940.67 5925.77 5891.67 5914.01 5888.43 5923.41 5931.39 5961.86 5937.78 5933.77 5967.89 6011.16 6059.17 6084.06 6089.3 6096.15 6105.72 6096.84 6076.98 6084.34 6085.15 6080.82 6077.29 6059.16 6014.37 5936.3 5941.54 5950.19 5889.03 5808.71 5782.01 5783.74 5764.69 5734.8 5753.68 5829.13 5864.58 5968.51 6046.25 6117.64 6133.01 6130.37 6074.93 6109.05 6163.49 6031.04 6103.36 6105.39 5946.58 6043.52 6010.2 5944.21 5879.37 5821.79 5749.21 5731.71 5714.61 5688.82 5658.72 5641.39 5607.69 5597.61 5564.17
5981.35 5992.04 5991.15 5981.51 5990.82 5995.02 5993.79 5988.74 5992.06 5993.37 6012.22 6017.08 6028.77 6025.66 6038.9 6046.26 6021.48 6012.96 6038.9 6061.49 6058.26 6085.15 6113.02 6128.71 6112.62 6121.88 6126.56 6133.17 6122 6123.1 6088.85 6055.85 6031.1 6034.94 6031.25 5959.74 5888.23 5805.67 5827.95 5838.08 5849.68 5872.82 5913.01 5919.98 6024.48 6114.9 6185.81 6249.37 6292.93 6320.17 6351.02 6291.09 6244.26 6232.23 6236.06 6157.59 6105.37 6013.74 5952.3 5877.63 5814.66 5753.19 5702.43 5685.62 5662.01 5634.38 5596.98 5586.17 5568.65 5514.95
6033.65 6039.89 6051.54 6047.37 6049.53 6043.74 6049.76 6045.89 6048.93 6053.41 6052.9 6060.79 6060.11 6089.1 6091.94 6086.68 6078.39 6071.03 6074.47 6073.22 6066.82 5968.41 6005.33 6116.51 6137.81 6143.26 6164.78 6152.84 6163.26 6168.92 6167.26 6161.71 6128.99 6133.52 6108.15 6030.08 5958.85 5861.48 5850.54 5877.51 5906.09 5941.64 5966.39 6013.17 6085.88 6172.44 6221.82 6323.26 6407.67 6486.89 6496.16 6532.59 6493.57 6426.55 6330.08 6212.74 6106.73 6010.95 5926.08 5851.19 5785.59 5741.83 5686.79 5649.95 5624.43 5579.86 5555.44 5540.77 5530.01 5511.25
6077.17 6089.34 6092.87 6103.06 6096.27 6107.92 6103.7 6107.29 6106.19 6113.6 6108.93 6104.11 6114.11 6124.68 6125.65 6135.76 6132.38 6122.83 6120 6105.63 6068.4 6039.94 6007.14 6047.94 6107.19 6132.07 6163.91 6170.48 6176.57 6186.27 6202.71 6241.67 6254.49 6215.17 6166.35 6079.2 6003.84 5933.07 5883.98 5883.98 5916.94 5972.2 6014.84 6067.15 6118.49 6199.79 6263.49 6355.69 6446.49 6515.76 6544.11 6660.88 6595.7 6468.95 6333.3 6203.14 6081.83 5981.53 5887.61 5815.85 5751.49 5695.99 5660.64 5620.86 5578.27 5525.17 5500.01 5520.74 5507.93 5485.57
6119.33 6128.85 6138.89 6146.17 6141.63 6158.49 6149.78 6160.35 6160.22 6161.05 6164.27 6168.76 6161.72 6170.11 6160.2 6172.42 6175.52 6157.72 6150.24 6135.66 6120.01 6104.3 6115.03 6122.76 6151.28 6146.16 6166.17 6198.07 6198.05 6200.06 6195.73 6242.01 6283.51 6254.47 6192 6139.74 6087.9 6044.52 5991.7 5946.42 5933.55 5973.18 6002.4 6025.36 6116.71 6192.98 6270.55 6353.11 6442.23 6538.32 6634.93 6705.51 6607.64 6451.8 6298.85 6158.5 6036.01 5928.24 5838.64 5766.15 5712.85 5660.75 5614.54 5558.56 5537.88 5512.12 5455.87 5484.73 5453.06 5412.39
6150.91 6166.05 6162.57 6179.03 6190.18 6200.83 6210.6 6209.2 6201.56 6205.8 6214.85 6206.68 6204.32 6204.51 6206.26 6189.79 6185.32 6185.79 6182.81 6159.62 6160.23 6154.5 6150.04 6137.52 6178.12 6187.73 6190.79 6219.47 6213.41 6204.22 6164.14 6204.74 6205.62 6195.92 6196.49 6154.65 6114.5 6072.87 6036.64 6027.66 6016.74 6011.59 6037.02 6082.07 6120.53 6173.92 6235.49 6311.94 6397.16 6463.2 6536.74 6579.38 6501.21 6361.32 6218.79 6080.58 5958.02 5853.83 5776.27 5716.98 5663.61 5623.17 5556.75 5499.63 5472.61 5444.16 5382.28 5380.44 5371.7 5307.98
6173.11 6213.38 6212.2 6209.73 6224 6219.73 6225.6 6235.92 6238.2 6243.26 6241.27 6238.4 6243.74 6234.63 6233.91 6215.52 6215.76 6229.61 6217.45 6203.38 6195.64 6195.77 6196.09 6179.69 6154.19 6200.41 6195.43 6216.9 6221.54 6203.63 6197.11 6179.13 6132.86 6137.95 6142.87 6140.69 6109.81 6076.65 6055.46 6041.78 6030.33 6030.94 6037.3 6077.29 6107.33 6148.53 6197.61 6247.47 6294.2 6360.03 6412.34 6404.65 6304.2 6179.84 6065.3 5969.65 5867.38 5784.42 5708.29 5665.12 5616.7 5586.71 5531.71 5466.28 5384.26 5343.97 5318.66 5286.53 5280.16 5262.37
6239.95 6252 6248.85 6247.42 6233.83 6227.34 6231.75 6229.5 6235.34 6262.96 6262.61 6254.52 6248.85 6254.21 6263.04 6255.76 6259.03 6263.32 6253.67 6235.2 6223.22 6213.25 6221.99 6205.05 6212.34 6162.25 6140.37 6125.69 6169.03 6186.01 6156.44 6149.87 6104.71 6130.76 6149.51 6134.81 6101.63 6071.4 6057.19 6038.82 6027.23 6022.67 6021.77 6042.61 6078.23 6098.79 6137.6 6169.61 6210.8 6246.64 6242.96 6186.75 6099.41 6013.13 5931.09 5848.41 5786.04 5699.39 5615.56 5549.49 5502.75 5517.18 5446.59 5333.22 5297.16 5301.49 5341.98 5267.16 5171.95 5132.925
6275.85 6253.85 6216.76 6197.9 6205.74 6214.14 6219.26 6237.3 6257.43 6281.81 6284.52 6280.95 6280.09 6280.74 6274.98 6276.19 6285.88 6285.06 6279.91 6272.67 6262.31 6240.93 6234.53 6221.4 6206.82 6169.27 6126.83 6101.67 6104.69 6124.86 6109.4 6098.57 6088.81 6105.78 6114.28 6111 6090.49 6054.56 6038.81 6015.73 6000.96 5992.66 6006.7 6000.92 6011.34 6040.49 6071.07 6091.47 6101.15 6104.38 6102.8 6080.32 6013.19 5896.71 5822.89 5761.52 5715.44 5640.59 5428.97 5364.21 5342.99 5332.86 5251.11 5212.49 5227.27 5198.73 5256.439 5196.617 5092.588 -9999
6295.12 6229.52 6125.8 6131.54 6182.85 6223.28 6211.16 6260.85 6311.82 6315.57 6323.34 6322.4 6295.94 6301 6293.5 6299.65 6303.35 6303.67 6280.33 6260.25 6244.17 6237.45 6228.16 6194.62 6177.36 6164.49 6123.73 6101.43 6084.45 6064.72 6064.16 6067.6 6079.63 6090.77 6088.36 6078.12 6069.59 6037.41 6019.22 5999.82 5982.34 5972.69 5961.44 5963.78 5967.26 5984.08 5980.39 5991.08 5994.75 5983.62 5930.24 5914.54 5889.99 5815 5764.85 5688.78 5567.18 5423.74 5216.76 5179.99 5160.65 5164.633 5116.874 5131.621 -9999 -9999 -9999 -9999 -9999 -9999
