layers/wordclim/current/bio_15.asc
ncols         166
nrows         93
xllcorner     -9.4959440078468
yllcorner     36.000324005443
cellsize      0.083333337679505
NODATA_value  -9999
[rows 35 to 69 of 93, columns 0 to 76 of 166]
-9999 -9999 -9999 -9999 -9999 -9999 -9999 -9999 -9999 -9999 52 51.99 52.01 52.92 53.01 53.54 53.75 53.7 54.33 54.96 55.49 55.86 55.82 55.86 55.45 55.07 54.6 53.88 53.17 52.38 51.77 50.89 49.88 48.84 47.66 46.51 45.34 44.24 43.15 42.06 40.98 39.91 38.99 37.95 37.01 35.69 34.57 33.19 32.71 32.2 31.86 31.97 31.99 32.12 32.51 32.77 33.07 33.39 33.81 33.93 33.72 32.71 31.82 30.65 28.3 27.89 26.74 27.41 29.58 31.2 32.03 33.39 32.92 31.22 31.08 31.07 31.08
-9999 -9999 -9999 -9999 -9999 -9999 -9999 -9999 -9999 52.02703 52.01087 52.01 52.04 52.32 53.16 53.34 53.89 53.95 54.69 55.02 55.09 55.23 55.36 55.41 55.37 54.91 54.49 54.08 53.5 52.74 51.84 51.02 50.04 49.16 47.99 46.84 45.68 44.72 43.54 42.32 41.19 40.27 39.13 37.94 36.85 36.1 34.99 33.9 33.32 32.61 32.37 32.26 32.18 32.29 32.32 32.63 33.14 34.16 34.91 35.02 32.93 32.41 30.98 30.16 30.1 30.62 30.59 31.4 31.97 31.68 33.92 35.66 34.21 33.12 32.36 32.86 31.6
-9999 -9999 -9999 -9999 -9999 -9999 -9999 -9999 -9999 52.24324 52.13402 52.23 52.36 52.47 53.05 53.99 54.54 54.05 54.18 54.57 54.92 55.26 55.49 55.33 54.96 54.82 54.61 54.46 53.77 52.94 52.07 51.23 50.34 49.27 48.2 47.18 46.12 44.9 43.66 42.5 41.34 40.22 39.2 38.36 37.42 36.44 35.52 34.6 33.81 33.24 32.76 32.4 32.02 31.99 32.13 32.73 33.77 34.48 34.61 33.87 32.64 31.47 31.23 30.14 31.21 32.05 31.55 31.99 34.1 35.23 36.65 37.52 36.05 35.45 34.2 34.22 31.37
-9999 -9999 -9999 -9999 -9999 -9999 -9999 -9999 -9999 52.65 52.44 52.29 52.43 52.47 53.3 54.33 53.41 53.81 53.97 54.52 54.75 54.96 55.04 55.29 55.9 55.79 55.09 54.6 53.92 53.07 52.24 51.38 50.56 49.45 48.43 47.4 46.38 45.16 43.7 42.39 41.6 40.58 39.86 38.99 37.76 36.77 35.95 35.07 34.16 33.79 33.23 32.66 31.9 32.45 32.72 32.99 32.64 32.97 33.55 34.4 34.19 33.61 32.82 31.8 32.27 32.64 33.76 34.58 36.13 36.35 37.45 38.3 38.15 37.82 36.46 33.3 31.45
-9999 -9999 -9999 -9999 -9999 -9999 -9999 -9999 52.83871 52.57 52.38 52.63 52.33 52.71 53.09 53.19 53.42 53.7 53.98 54.42 54.91 55.14 56.24 57.07 56.57 55.75 54.92 54.78 53.98 53.1 52.4 51.55 50.55 49.67 48.65 47.7 46.64 45.44 44.32 43.17 42.31 41.92 40.87 39.55 38.59 37.19 36.31 35.61 34.86 34.09 33.3 32.4 31.86 31.79 31.46 31.94 33.12 33.96 34.43 34.33 34.23 33.94 33.35 33.07 33.53 34.31 35.24 34.93 36.3 37.08 37.93 39.5 40.35 38.8 34.99 32.67 32.29
-9999 -9999 -9999 -9999 -9999 -9999 -9999 -9999 53.07692 53 52.9 52.67 52.66 52.82 52.95 52.95 53.29 53.79 54.13 54.77 55.16 56.3 56.32 57.03 55.8 54.9 54.53 54.51 54.01 53.21 52.55 51.74 50.81 49.75 48.87 47.89 46.63 45.7 44.78 44.15 43.57 42.56 41.12 39.92 38.46 36.83 36.24 36.08 35.32 33.95 33.34 32.86 32.36 32.8 32.82 33.41 33.65 33.26 33.02 33.59 34.27 34.36 34.12 34.43 35.09 34.93 35.47 35.54 36.47 37.96 38.53 39.34 39.43 36.78 34.53 33.37 33.45
-9999 -9999 -9999 -9999 -9999 -9999 -9999 -9999 53.55 53.23 53 52.94 52.68 52.85 53.03 53.04 53.42 53.95 54.35 55.07 55.5 56.22 56.31 56.49 55.12 54.7 54.48 54.09 53.96 53.33 52.68 51.87 50.95 50.02 48.95 47.99 47.07 46.44 45.55 44.76 44.04 42.96 41.85 40.62 38.33 36.92 36.8 36.22 35.22 34.25 33.3 32.94 32.98 33.89 33.36 33.31 34.93 35.56 35.05 34.74 34.63 34.43 35.1 35.69 35.13 35.07 35.75 35.99 36.58 37.75 38.48 39.09 38.23 36.05 35.13 34.68 33.31
-9999 -9999 -9999 -9999 -9999 -9999 -9999 54.06849 53.97 53.73 53.53 53.26 52.95 53.02 53.12 53.43 53.82 54.42 55.29 56.23 56.48 55.78 55.36 55.21 54.95 54.68 54.21 53.95 53.66 53.1 52.2 51.53 50.9 50.05 49.11 48.31 47.59 46.73 46.03 45.19 44.35 43.73 42.3 40.09 39.87 38.32 36.65 35.9 35.51 36.33 35.16 35.11 36.21 36.72 36.03 37.33 36.89 35.97 35.37 35.1 35.47 36.12 35.93 35.54 35.06 35.26 36.01 36.04 36.66 37.25 37.91 38.09 37.73 36.75 35.81 34.7 34.09
-9999 -9999 -9999 -9999 -9999 -9999 -9999 -9999 54.42046 54.05 53.91 53.72 53.23 53.26 53.36 54.18 54.93 55.39 55.61 56.11 55.87 55.41 55.52 55.46 55.11 54.7 53.96 53.75 53.28 52.77 51.93 51.41 50.74 50.1 49.36 48.5 47.65 46.94 46.39 45.7 44.93 44.1 42.47 41.72 40.31 40.29 39.9 39.54 39.61 40.1 39.33 39.25 38.89 38.18 37.58 37.27 36.23 35.7 36.68 37.15 37.08 36.53 36.05 35.49 35.36 35.94 35.83 36.19 36.81 36.78 37.96 37.88 37 35.82 35.39 35.49 35.32
-9999 -9999 -9999 -9999 -9999 -9999 -9999 55.25333 55 54.79 54.49 54.12 54.02 54.03 54.83 55.46 55.26 55.21 55.4 55.38 55.21 55.74 55.36 55.52 54.71 54.17 53.84 53.48 53.12 52.72 52.1 51.23 50.66 50.1 49.74 48.96 48.09 47.53 46.96 46.26 45.6 44.72 43.78 43.02 42.45 42.55 42.08 42.03 42.12 41.5 40.9 39.87 39.44 39.25 38.71 38.02 38.17 38.39 37.9 37.38 37.41 36.73 36.44 36.06 36.15 36.1 36.25 36.69 36.77 37.22 37.89 37.6 37.21 36.84 36.57 35.64 34.3
-9999 -9999 -9999 -9999 -9999 -9999 -9999 55.94 55.55 55.24 54.98 54.78 54.48 54.57 55.02 54.99 54.98 55.17 55.53 55.72 55.8 55.44 54.96 54.87 54.44 54.11 53.86 53.36 52.95 52.46 51.83 51.26 50.73 50.2 49.53 48.94 48.25 47.85 47.13 46.57 45.87 45.41 44.95 44.67 44.03 43.4 42.92 42.81 42.32 42.44 41.73 40.85 40.15 40.23 39.53 39.36 39.2 38.85 38.4 37.99 37.31 36.96 36.78 36.72 36.81 36.48 36.55 36.74 37.38 37.3 36.77 36.19 35.44 35.22 35.31 34.38 33.92
-9999 -9999 -9999 -9999 -9999 -9999 56.8254 56.48 56.09 55.89 55.6 55.22 55.15 54.99 55.01 55.04 55.23 55.51 55.69 55.94 55.51 55.04 54.83 54.8 54.33 54.16 53.41 53.1 52.9 52.29 51.87 51.36 50.86 50.25 49.63 49.08 48.4 47.9 47.32 46.77 46.37 45.94 45.56 45.37 44.85 44.09 43.66 43.08 42.83 42.66 41.93 41.12 40.74 40.55 40.57 39.79 39.19 38.84 39.22 39.12 38.49 38.15 37.78 37.65 37 36.86 37.22 37.03 37.23 37.11 36.91 36.21 35.92 35.69 35.14 34.72 34.17
-9999 -9999 -9999 -9999 -9999 -9999 57.45918 57.32 56.85 56.3 56.03 55.96 55.75 55.66 55.45 55.35 55.33 55.46 55.73 55.74 55.18 55.03 54.89 54.76 54.47 53.92 53.62 53.18 52.85 52.38 51.96 51.33 50.92 50.3 49.65 49.25 48.71 48.12 47.74 47.42 46.86 46.51 46.01 45.48 45.08 44.85 44.05 43.38 43.39 42.95 42.32 42.06 41.73 41.37 40.95 40.34 39.69 39.04 38.97 38.85 38.56 38.89 38.09 37.31 37.01 36.8 36.6 36.83 37.14 37.09 37.17 37.04 36.56 36.23 35.41 35.12 34.81
-9999 -9999 -9999 -9999 -9999 58.41071 58.03 57.81 57.41 56.97 56.71 56.47 56.15 56.01 55.96 55.85 55.78 55.72 55.62 55.44 55.17 55.12 54.93 54.7 54.24 54.02 53.69 53.29 52.82 52.42 51.76 51.18 50.88 50.32 49.86 49.31 49.17 48.53 48.16 47.72 47.32 46.95 46.18 45.63 44.93 44.34 43.94 43.77 43.14 42.64 42.46 42.31 41.73 41.2 40.23 40.25 39.9 39.5 39 38.86 38.64 38.49 37.74 37.63 37.4 37.11 36.95 37.19 37.33 36.95 37.02 36.98 36.64 36.67 36.03 35.53 35.32
-9999 -9999 -9999 -9999 -9999 59.23171 58.84 58.32 57.69 57.06 57.1 56.92 56.8 56.56 56.23 56.1 56 55.96 55.84 55.59 55.26 55.09 54.96 54.85 54.49 54.1 53.65 53.21 52.72 52.28 51.81 51.34 50.87 50.58 50.08 49.55 49.31 48.85 48.56 48.24 47.84 47.4 46.86 46.3 45.73 45.11 44.54 43.8 43.29 42.22 42.26 41.85 42.07 41.86 40.24 39.97 39.34 39.27 38.85 38.54 38.38 38.71 38.43 37.94 37.61 37.61 37.27 37.23 37.44 37.2 37.31 37.99 37.37 36.8 36.36 36.01 35.59
-9999 -9999 -9999 -9999 -9999 59.82828 59.34 58.2 57.67 57.52 57.42 57.75 57.39 57.06 56.81 56.48 56.19 56.09 55.92 55.78 55.5 55.28 55.03 54.86 54.5 54.08 53.72 53.4 52.76 52.46 51.6 51.23 50.76 50.39 49.91 49.55 49.6 49.06 48.77 48.53 48.12 47.73 47.4 46.81 46.41 45.74 45.35 44.73 43.15 42.66 41.98 42.37 42.23 42.42 41.91 40.86 40.36 39.91 38.7 39.39 38.18 38.33 38.1 37.98 37.71 37.58 37.8 38.09 38.02 38.31 37.94 37.66 37.45 37.19 36.59 36.27 36.1
-9999 -9999 -9999 61.38095 61.08 60.35 59.56 58.72 58.66 58.71 58.5 58.17 57.85 57.52 57.13 56.96 56.45 56.29 56.06 55.93 55.72 55.49 55.2 54.94 54.71 54.22 53.81 53.33 52.93 52.43 51.85 51.15 50.71 50.43 49.98 49.84 49.73 49.53 49.24 48.82 48.47 48.22 48.04 47.36 46.62 45.61 45.51 45.17 43.95 42.92 43.93 43.99 43.82 43.27 43.51 43.02 42.72 41.87 41.01 41 40.09 40.01 39.83 39.83 38.38 37.44 37.73 38.22 38.28 38.15 38.19 38.08 38 38.05 37.75 37.01 36.47
-9999 -9999 62.32813 62.03489 61.53 60.9 60.29 60.09 59.73 59.17 59.04 58.78 58.21 57.51 57.24 57 56.81 56.41 56.28 55.96 55.7 55.52 55.28 55.08 54.85 54.64 54.03 53.43 52.83 52.33 51.78 51.25 50.69 50.44 50.25 49.89 49.58 49.59 49.36 48.99 48.81 48.69 48.43 47.81 47.28 46.44 46 45.72 45.63 45.36 45.22 45.78 45.1 45.14 44.46 44.34 43.67 43.08 42.31 41.43 40.86 40.36 40.77 40.25 39.59 39.28 38.52 38.9 39.21 38.7 38.08 38.48 38.49 38.54 38 37.88 37.47
-9999 -9999 62.43 62.04 61.72 61.41 61.1 60.9 60.36 60 59.66 59.17 58.76 58.15 57.68 57.31 56.96 56.67 56.32 56 55.85 55.43 55.15 54.92 54.75 54.57 54.11 53.35 52.63 52.24 51.69 51.04 50.86 50.38 50.42 50.14 49.85 49.55 49.8 49.5 49.17 48.9 48.69 48.38 48.13 47.88 48.09 47.6 47.47 46.58 46.47 46.89 46.47 46.2 44.8 44.95 44.54 43.83 43.61 42.94 42.49 42.5 42.71 41.76 40.5 40.25 40.29 39.81 39.18 39.08 38.2 39.02 39.34 38.96 38.9 38.28 38
-9999 -9999 62.6 62.41 62.11 61.11 61.44 61.12 60.77 60.58 60.09 59.37 58.9 58.46 58.1 57.72 57.45 57.02 56.61 56.19 56.06 55.64 55.05 54.74 54.31 54.08 53.74 53.16 52.49 51.96 51.53 51.32 51.09 50.77 50.51 50.26 50.1 50.01 49.69 49.7 49.43 49.34 49.54 49.41 49.24 48.93 49.15 48.58 48.4 48.06 47.62 47.27 47.27 46.95 46.02 45 45.12 44.9 44.7 43.88 42.95 43.02 43.63 42.99 41.6 41.24 41.34 41.34 41.13 40.47 40.44 40.89 40.14 39.94 39.65 39.06 38.35
-9999 62.78125 62.84 62.56 62.12 62.09 61.9 61.37 61.17 60.92632 60.49 59.79 59.15 58.69 58.11 57.9 57.52 57.05 56.64 56.26 55.91 55.75 55.24 54.81 54.34 53.87 53.65 53 52.43 51.99 51.58 51.38 51.07 50.86 50.65 50.5 50.61 50.37 50.29 50.29 50.16 50.34 50 50.26 50.04 49.92 49.86 49.85 49.77 49.03 48.46 48.37 47.81 47.23 46.94 46.18 45.33 45.67 45.36 44.42 43.72 43.63 43.5 43.63 42.59 42.33 42.46 42.68 42.33 41.94 41.98 41.76 41.34 39.91 39.91 39.88 38.71
-9999 63.24 63.33 63.03 62.47 62.33 62.43617 62.13334 61.97701 61.15 60.63 60.13 59.51 59.2 58.64 58.14 57.76 57.31 56.57 56.36 55.9 55.54 55.17 54.85 54.51 54 53.5 52.88 52.43 51.91 51.5 51.27 51.06 50.95 50.81 50.63 50.58 50.87 50.61 50.55 50.65 50.78 50.75 50.35 50.66 50.71 50.54 49.94 49.68 50.04 49.31 48.99 48.99 48.48 47.87 47.4 46.48 46.06 45.98 45.86 45.59 44.48 44.28 44.52 43.79 43.77 43.51 43.49 43.29 42.42 41.68 41.52 41.12 40.48 40 39.63 38.84
-9999 63.80612 63.57 63.4 62.5 62.59794 62.74683 62.73 61.98 61.48 60.81 60.35 59.99 59.46 58.95 58.53 57.94 57.46 56.87 56.38 55.92 55.67 55.13 54.87 54.36 53.96 53.59 52.99 52.35 52.03 51.39 51.35 51.17 51.27 51.35 51.59 51.45 51.55 51.27 51.25 51.6 51.91 51.39 51.1 51.18 51.15 50.98 51.09 50.67 50.09 50.2 50.29 49.44 48.43 48.62 48.1 47.81 47.51 47.32 46.4 46.63 46.09 45.42 45.31 44.71 44.41 44.13 44.1 43.74 43.41 42.6 42.42 42.19 41.64 40.63 39.73 39.01
-9999 64.59 64.52 63.77 63.59 63.2 63.06173 62.78 62.17 61.62 60.99 60.5 59.99 59.5 59.08 58.59 57.95 57.36 56.89 56.35 56.01 55.49 55.05 54.75 54.36 53.91 53.56 53.03 52.55 52.14 51.53 51.7 51.44 51.76 51.97 51.57 51.71 51.81 51.92 51.86 51.8 51.92 51.76 51.69 51.59 51.62 51.64 51.55 51.34 51.09 50.63 50.71 50.69 50.03 49.85 49.32 48.79 48.33 47.5 47.12 47.44 47.18 46.25 45.94 45.72 45.21 44.77 44.37 44.05 43.81 42.98 42.25 42.02 41.72 41 40.45 39.54
63.39506 64.66 65.11 64.24 63.75532 -9999 -9999 62.92 62.43 61.99 61.49 60.66 60.24 59.64 59.15 58.49 57.79 57.4 56.74 56.11 55.97 55.49 55.15 54.55 54.36 53.99 53.63 53.33 53.05 52.54 51.99 52.1 51.99 51.75 51.93 51.89 51.97 52 52.29 52.08 52.21 51.96 51.88 52.13 51.73 52.23 52.15 52.23 51.77 51.37 51.19 50.99 51 51.63 50.63 50.54 50.03 49.95 48.88 48.3 47.68 47.68 47.37 46.78 46.2 45.82 45.06 44.84 44.9 44.46 43.75 43.17 43.09 42.56 41.69 40.92 40.37
63.92 64.78873 64.95946 64.25974 63.77778 63.375 63.37078 63.04 62.84 62.05 61.54 60.89 60.43 59.78 59.36 58.42 57.79 57.16 56.69 56.22 55.94 55.62 55.25 54.87 54.65 54.3 54.1 53.55 53.31 52.92 52.53 52.71 52.4 52.25 52.26 52.4 52.38 52.13 52.66 52.87 52.57 52.39 52.28 52.53 52.51 52.55 52.72 52.28 52.22 51.69 51.69 51.8 52.2 52.16 51.81 51.99 51.5 50.84 50.21 49.67 48.86 47.92 47.68 47.52 47.09 46.34 45.53 45.43 45.69 45.23 44.42 44.13 43.46 42.73 42.05 41.44 40.68
-9999 -9999 -9999 63.85135 63.7013 63.54762 63.41 63.13 62.7 62.39 61.83 61.3 60.67 59.75 59.31 58.53 57.72 57.28 56.53 56.11 55.99 55.68 55.27 55.08 54.93 54.62 54.33 53.89 53.65 53.35 53.06 52.86 52.93 52.82 52.72 52.84 52.63 52.51 52.75 53.14 53.01 52.86 52.9 52.86 53.05 52.69 52.72 52.38 52.54 53 53.01 53.14 53.14 53 52.03 52.48 51.95 51.09 50.85 50.31 49.81 48.76 48.5 48.18 47.74 47.35 47.37 47.02 46.07 46.15 45.26 44.6 44.08 43.39 42.48 41.51 40.99
-9999 -9999 -9999 -9999 63.59 63.42 63.07071 63.15294 62.76923 62.57143 61.96 61.65 61.16 59.95 59.38 58.89 58.05 57.61 56.89 56.31 56.18 56.01 55.72 55.26 55.16 54.92 54.61 54.16 54.07 53.83 53.6 53.13 53.08 53.08 53.06 53.13 53.2 53.01 53.09 53.41 53.64 53.28 53.41 53.36 53.68 53.18 53.01 53.13 53.36 54.09 53.62 53.24 53.13 53.28 53 53.21 52.88 52.57 51.83 50.22 49.38 49.56 49.49 49.29 49.55 48.95 48.18 47.69 47.56 46.52 46.05 45.2 44.36 43.62 42.75 42.48 41.73
-9999 -9999 -9999 -9999 63.1358 63.05714 -9999 63.29412 -9999 63 62.36 61.98 61.57 60.9 60.25 59.64 58.91 58.24 57.72 57.26 56.97 56.61 56.11 55.72 55.58 55.58 55.56 54.64 54.22 54.09 54 53.68 53.52 53.49 53.45 53.48 53.47 53.68 53.77 53.75 54.08 54.12 53.96 53.82 53.85 53.8 53.75 53.99 53.92 53.86 54.03 53.85 53.84 53.77 53.76 53.47 53.33 53.06 52.78 52.57 51.5 49.78 49.44 49.16 49.13 49.85 49.98 48.37 47.15 45.81 45.18 45.91 45.33 44.67 44.1 43.52 42.53
-9999 -9999 -9999 -9999 -9999 -9999 -9999 -9999 62.85714 62.32653 62.73684 62.3 61.71 61.07 60.61 60.1 59.2 58.56 58.01 57.32 57.2 56.86 56.68 56.3 56.38 56.06 55.82 55.37 54.88 54.49 54.53 54.34 54.04 54.3 54.15 54.18 54.12 54.08 54.35 54.32 54.39 54.53 54.41 54.58 54.62 54.66 54.76 54.55 54.37 54.38 54.54 54.39 54.35 54.35 54.22 54.01 53.87 53.61 53.06 52.76 52.82 52.22 52.02 51 50.52 50.06 51.11 49.59 49.12 48.28 46.96 46.84 46.2 46.11 45.63 44.78 43.69
-9999 -9999 -9999 -9999 -9999 -9999 -9999 -9999 -9999 62.93 62.94 62.43 61.96 61.62 60.94 60.32 59.91 59.21 58.54 58.1 57.45 57.02 56.96 56.96 56.73 56.53 56.4 56.03 55.8 55.54 54.96 54.91 54.94 55.01 54.84 54.84 54.85 54.66 54.72 54.84 54.87 54.86 55.06 54.99 55.12 55.13 55.3 55.05 55.16 55.53 55.56 55.48 54.93 54.38 54.85 54.89 54.3 54.24 53.75 53.44 52.85 52.59 52.4 52.99 51.92 51.97 52.18 51.61 50.87 50.5 49.76 49.14 48.61 47.98 46.98 45.46 44.47
-9999 -9999 -9999 -9999 -9999 -9999 -9999 -9999 -9999 63.08 62.6 63.07 62.4 62.03 61.61 61.03 60.24 59.75 59.21 58.38 58.13 57.82 57.55 57.49 57.16 56.98 56.65 56.4 56.35 56.1 55.98 55.67 55.34 55.05 55.07 55.19 55.43 55.14 55.3 55.48 55.44 55.29 55.36 55.58 55.83 56.17 56.39 56.3 55.79 55.72 55.63 56.07 56.31 56.08 55.42 55.71 55.95 55.52 54.71 54.75 54.32 54.11 53.17 54.13 53.51 53.35 53.38 52.34 52.67 52.15 51.63 50.53 50.03 48.57 47.16 46.07 45.47
-9999 -9999 -9999 -9999 -9999 -9999 -9999 -9999 64.11539 63.31 62.51 62.92 62.83 62.53 62.08 61.78 61.31 60.47 59.6 59.3 59.1 58.91 58.68 58.17 57.46 57.23 56.93 56.85 56.69 56.54 56.36 56.1 55.8 55.69 55.56 55.61 55.58 55.68 55.64 55.66 56.12 56.44 56.3 55.92 56.39 56.5 56.83 57.08 57.3 57.05 57.07 56.56 56.16 56.62 57.21 56.98 57.06 57.18 56.4 56.35 56.96 56.48 55.77 55.61 55.2 54.81 54.51 54.41 53.9 53.33 52.22 51.79 50.79 49.4 48.61 47.69 46.18
-9999 -9999 -9999 -9999 -9999 -9999 -9999 -9999 64.65934 63.57 63 63.17 63.14 62.94 62.79 62.43 61.33 60.61 60.18 59.85 59.47 59.36 59.27 58.66 57.95 57.61 57.42 57.28 57.09 56.78 56.47 56.41 56.68 56.24 56.05 56.15 56.14 55.81 56.01 56.39 56.65 57.1 57.31 57.26 56.89 56.65 57.09 57.52 58.2 58.55 58.24 58.3 57.46 57.19 57.47 57.65 57.63 58.69 58.44 58.24 58.22 57.62 57.36 57.02 56.29 55.85 55.48 55.16 54.65 54.21 53.23 52.08 50.35 48.83 48.01 47.64 47.27
-9999 -9999 -9999 -9999 -9999 -9999 -9999 64.57692 64.43011 63.8 63.96 63.82 63.54 63.79 63.15 62.91 61.96 61.64 61 60.55 60.18 60.04 59.75 59.45 59.19 58.36 58.17 57.97 57.65 57.43 57.21 56.91 56.86 56.77 56.82 57.13 57.31 57.13 56.98 57.41 57.28 57.21 58.03 57.79 57.63 57.81 57.37 57.53 58.22 58.66 59.29 59.44 58.7 58.99 59.23 58.92 58.97 60 60.11 59.68 59.46 58.21 57.92 57.28 56.93 56.51 56.26 55.88 55.31 54.89 54.02 52.94 51.7 50.75 49.79 48.86 47.75
