layers/wordclim/current/bio_06.asc
ncols         166
nrows         93
xllcorner     -9.4959440078468
yllcorner     36.000324005443
cellsize      0.083333337679505
NODATA_value  -9999
[rows 0 to 34 of 93, columns 0 to 77 of 166]
-9999 -9999 -9999 -9999 -9999 -9999 -9999 -9999 -9999 -9999 -9999 -9999 -9999 -9999 -9999 -9999 -9999 59.70732 47.31944 60.23881 57.75758 54.48864 56.69565 55.04546 -9999 -9999 -9999 -9999 -9999 -9999 -9999 -9999 -9999 -9999 -9999 -9999 -9999 -9999 -9999 -9999 -9999 -9999 -9999 -9999 -9999 -9999 -9999 -9999 -9999 -9999 -9999 -9999 -9999 -9999 -9999 -9999 -9999 -9999 -9999 -9999 -9999 -9999 -9999 -9999 -9999 -9999 -9999 -9999 -9999 -9999 -9999 -9999 -9999 -9999 -9999 -9999 -9999 -9999
-9999 -9999 -9999 -9999 -9999 -9999 -9999 -9999 -9999 -9999 -9999 -9999 -9999 -9999 -9999 -9999 62.69697 59 52.8 56.64 47.11 43.91 51.57576 41.94 42.38 48.90722 -9999 -9999 -9999 -9999 -9999 -9999 -9999 -9999 -9999 -9999 -9999 -9999 -9999 -9999 -9999 -9999 -9999 54.98438 56.11538 -9999 -9999 -9999 -9999 -9999 -9999 -9999 -9999 -9999 -9999 -9999 -9999 -9999 -9999 -9999 -9999 -9999 -9999 -9999 -9999 -9999 -9999 -9999 -9999 -9999 -9999 -9999 -9999 -9999 -9999 -9999 -9999 -9999
-9999 -9999 -9999 -9999 -9999 -9999 -9999 -9999 -9999 -9999 -9999 -9999 -9999 -9999 65.33334 66.21053 62.06061 57.66 52.23 43.07 36.44 36.83 39.44 30.65 45.65 51.11 50.87368 48.53165 47.92958 52.25455 50.3625 49.46429 45.90789 50.14286 42.73418 46.4697 45.32877 40.45833 38.43182 41.91753 44.42308 47.30952 50.55556 51.84 50.92 56 56.09836 50.71667 49.40678 -9999 -9999 -9999 -9999 -9999 -9999 -9999 -9999 -9999 -9999 -9999 -9999 -9999 -9999 -9999 -9999 -9999 -9999 -9999 -9999 -9999 -9999 -9999 -9999 -9999 -9999 -9999 -9999 -9999
-9999 -9999 -9999 -9999 -9999 -9999 -9999 -9999 -9999 -9999 -9999 -9999 -9999 -9999 -9999 -9999 55.92929 45.87 40.95 42.78 35.99 27.63 22.46 20.5 30.14 41.29 46.05 38.14 46.38 45.10101 35.09 30.43 28.49 37.54 21.6 30.24 35.09 29.45 20.35 34.89 43.42424 37.05 36.38 42.67 45.89 45.86 38.68 36.68 47.24 44.17 42.23 38.64103 48.16667 50.47458 49.8 -9999 -9999 -9999 -9999 -9999 -9999 -9999 -9999 -9999 -9999 -9999 -9999 66.31507 -9999 65.57143 61.96875 63.89655 62.21739 -9999 -9999 -9999 -9999 -9999
-9999 -9999 -9999 -9999 -9999 -9999 -9999 -9999 -9999 -9999 -9999 -9999 -9999 -9999 66.38806 63.72917 54.78 44.89 41.09 35.78 36.73 33.5 31.44 24.54 26.92 27.8 31.44 37.61 35.59 22.95 12.31 18.34 25.78 20.61 14.52 26.08 16.98 9.82 22.9 33.05 35.27 41.44 42.78 37.23 40.42 39.5 36.18 36 36.23 37.24 37.67 45.62 46.1 36.2 35.22 32.66 25.73 36.76596 44.40741 52.08219 55.07792 57.28205 55.88889 53.74699 56.80612 61.98 60.67 61.54 59.32292 61.95 55.72 56.51 59.51191 54.31 53.49438 58.75926 -9999 -9999
-9999 -9999 -9999 -9999 -9999 -9999 69.55556 71.1125 68.41892 -9999 65.05405 64.13253 63.25 66.23232 65.33 -9999 52.77 43.87 34.45 34.97 36.31 36.21 34.51 34.85 30.31 29.68 27.92 33.65 18.59 13.11 13.87 25.47 18.96 4.15 4.75 16.92 22.29 20.77 13.39 19.37 16.95 18.01 24.27 31.78 31.19 30.93 26.18 16.14 14.46 22.08 12.08 21.27 28.91 15.18 5.8 11.25 21.14 15.33 30.97 29.23 39.97 37.81 41.73 45.28 42.81 49.99 51.15 51.06 41.83 34.27 37.73 41.17 49.52 42.55 41.6 41.58 50.83 50.32653
-9999 -9999 -9999 -9999 -9999 -9999 67.47945 67.5 66.27 65.83 61.27 50.77 51.99 54.61 58.73 55.84 45.71 40.69 35.22 35.48 34.1 36.49 34.88 35.35 33.65 29.49 23.32 25.13 18.24 13.06 18.27 23.37 7.12 -2.12 9.37 14.86 12.09 -1.98 1.61 -2.21 -3.77 10.47 -11.87 8.66 23.89 11.48 7.23 12.21 7.99 5.28 -12.24 0.71 3.93 -13.26 -42.75 -24.75 -33.07 -27.2 12.72 3.58 13.6 23.03 27.86 21.35 30.02 39.5 34.34 34.51 33.9 14.1 0.14 20.99 35.72 37.51 34.75 41.7 47.13 45.77
-9999 -9999 -9999 -9999 73.19355 66.62 65.31 59.28 55.45 54.96 49.45 48.89 49.51 46.62 47.49 43.16 38.36 37.25 34.09 35.04 33.43 33.09 35.26 33.74 30.61 24.88 18.18 21.16 8.23 11.28 7.71 15.34 4.91 -2.56 4.47 6.5 -6.55 -18.53 -6.08 -17.29 -10.92 -16.71 -3.73 -3.53 7.42 -2.92 -2.52 -3.42 -16.08 -21.86 -15.86 -21.28 -26.52 -14.7 -31.06 -37.81 -28.12 0.38 14.62 7.52 -18.73 -3.67 3.79 5.86 8.75 26.44 12.9 23.91 19.13 -3.53 -8.89 -0.23 7.23 19.89 38.08 37.42 43.12 41.59
-9999 -9999 -9999 72.79382 68.74 60.38 59.34 56.19 54.11 51.29 50.97 49.27 51.11 48.57 46.46 44.5 40.93 36.28 28.71 30.32 32.96 31.03 32 29.87 25.09 21.6 14.23 10.79 15.25 12.29 18.29 14.68 -1.21 -10.79 -1 -14.18 -14.99 -34.29 -36.5 -33.62 -43.65 -34.55 -40.89 -16.49 -7.14 -33.31 -35.83 -29.8 -37.34 -40.8 -29.28 -36.05 -27.08 -22.63 -33.13 -31.95 -43.97 -38.63 -26.65 -14.78 -21.16 -36.88 -25.2 -7.57 -2.03 2.04 1.68 5.11 2.74 4.34 11.74 13.62 14.52 14.25 18.11 13.72 17.32 36.34
-9999 -9999 -9999 73.91765 63.93939 60.29 57.96 57.16 56.91 54.97 53.58 52.15 49.85 46.75 44.45 42.71 42.2 35 31.69 27.66 29.5 26.27 26.14 29.62 28.74 24.98 14.57 12.96 9.74 17.21 13.68 2.17 -0.6 -11.12 -15.22 -22.85 -30.9 -24.72 -25.96 -27.61 -32.76 -28.35 -30.61 -36.07 -30.83 -29.34 -33.48 -29.2 -36.21 -30.81 -20.38 -27.37 -26.9 -24.03 -21.3 -30.39 -43 -44.96 -38.81 -25.53 -18.27 -38.1 -28.73 -7.71 -2.6 -0.09 1.96 2.09 3.43 6.33 13.22 20.9 18.4 14.17 13.42 12.49 10.54 14.61
-9999 -9999 -9999 -9999 70.27586 59.34 59.83 61.96 58.45 62.21 63.01 52.67 46.04 48.97 46.78 45.27 45.89 42.3 36.81 31.5 26.53 27.71 28.91 29.43 29.28 24.12 17.61 9.03 13.57 12.51 0.5 -13.11 -24.03 -24.98 -17.8 -21.09 -20.68 -26.81 -37.84 -34.1 -38.8 -39.79 -31.48 -24.3 -35.76 -26.77 -25.15 -23.17 -29.44 -21.01 -19.04 -26.59 -20.84 -26.82 -21.49 -31.46 -31.97 -31.31 -29.29 -17.3 -11.8 -11.45 -10.35 -6.2 -5.38 -1.97 -4.19 3.87 3.06 8.91 5.84 10.61 17.47 12.64 9.03 5.87 11.79 10.25
-9999 -9999 -9999 -9999 73.5 70.46875 71.21212 71.87912 54.3 61.82 63.23 61.8 54.75 54.14 51.1 42 41.59 36.58 30.29 30.49 24.98 24.61 28.86 22.09 20.47 24.03 10.38 4.7 5.88 1.62 -4.95 -24 -15.9 -10.06 -4 -7.91 -21.16 -33.89 -35.63 -35.17 -28.83 -23.75 -19.86 -19.45 -18.72 -23.01 -16.23 -15.04 -18.29 -14.66 -15.69 -16.79 -15.37 -18.8 -15.21 -20.91 -23.6 -16.84 -16.04 -16.55 -12.37 -9.23 -4.6 -3.66 -6.57 -0.65 0.72 -3.96 1.22 0 -3.93 4.95 6.4 16.39 17.64 15.13 5.15 20.76
-9999 -9999 -9999 -9999 -9999 -9999 58.75 67.43 63.85 69.33 63.01 56.03 54.89 41.87 41.68 38.85 33.23 32.02 25.28 20.38 25.48 28.44 20.02 16.66 18.37 15.4 5.23 -6.08 -10.03 -8.07 -4.66 -12.22 -3.28 2.03 -0.74 -1.38 -10.25 -14.37 -15.39 -19.09 -24.49 -24.33 -19.92 -16.26 -15.43 -17.68 -13.05 -11.58 -14.09 -9.29 -14.89 -11.56 -12.98 -12.21 -14.73 -17.65 -17.09 -15.55 -12.57 -14.02 -8.45 -8.4 -5.71 -9.48 -9.3 -7.5 -4.92 -4.62 -1.23 -3.78 -8.06 -1.51 12.89 4 5.58 -0.35 4.14 22.11
-9999 -9999 -9999 -9999 -9999 76.79661 67.44681 -9999 -9999 65.58 64.5 52.21 42.66 34.06 26.89 35.11 32.35 25.57 21.34 17.45 24.62 26.32 21.45 20.87 25.5 15.38 2.67 1.11 -5.43 -13.13 -5.19 -0.45 5.02 9.28 7.88 3.62 1.66 -1.82 -9.08 -18.17 -15.5 -13.09 -14.22 -12.55 -13.42 -14.71 -9.38 -8.68 -8.74 -8.29 -10.31 -8.23 -13.13 -9.3 -13.99 -15.57 -14.02 -14.18 -10.18 -11.16 -8.51 -4.71 -5.23 -8.55 -7.79 -8.9 -7.85 -7.85 -7.41 -8.23 -5.53 2.45 11.88 12.4 10.61 8.95 6.28 10.89
-9999 -9999 -9999 -9999 -9999 -9999 -9999 79.5 75.87952 72.78 64.01 52.97 42.59 35.63 27.19 26.64 27.18 21.67 17.74 19.88 21.14 24.63 22.94 27.83 25.86 19.5 10.27 5.52 -5.87 -8.81 -4.66 5.62 10.88 13.3 9 2.63 -10.79 -19.1 -22.54 -21.44 -14.23 -11.31 -11.93 -9.12 -10.19 -10.95 -8.62 -6.36 -5.54 -6.67 -7.09 -10.31 -10.95 -7.75 -11.83 -13.92 -11.18 -12.26 -11.07 -9.12 -9.12 -5.76 -4.04 -3.7 -3.48 -3.21 -5.13 -9.12 -7.58 -6.67 -1.33 0.83 -2.23 0.3 3.11 3.19 5.17 13.14
-9999 -9999 -9999 -9999 -9999 -9999 -9999 78.41666 73.5 63.13483 69.23 55.82 39.09 25.61 28.12 31.32 31.92 30.15 27.89 25.28 23.55 22.96 23.96 23.45 17.46 15.76 15.7 13.5 -1.09 2.03 4.79 7.14 8.53 -3.1 -16.17 -15.75 -25.63 -29.27 -20.74 -14.63 -10.58 -8.38 -9.71 -6.98 -8.22 -8.88 -7.78 -4.63 -4.94 -6.24 -8.23 -9.82 -9.06 -6.78 -10.01 -12.46 -10.61 -9.07 -8.86 -7.94 -6.61 -5.48 -5.11 -3.58 -2.77 -2.76 -6.7 -8.07 -6.02 -4.47 -4.73 -5.68 -4.94 -2.46 -2.63 1.61 4.83 6.87
-9999 -9999 -9999 -9999 -9999 -9999 -9999 -9999 -9999 65.88235 66 56.67 45.68 26.39 26.01 34.84 38.8 32.9 31.8 29.91 27.26 16 11.34 14.14 13.34 3.79 1.65 14.87 15.64 0.39 -4.7 1.66 -13.48 -18.52 -16.49 -33.81 -37.22 -30.7 -20.2 -16.21 -12.55 -8.56 -5.95 -5.83 -6.77 -7.27 -6.86 -4.39 -6.19 -7.23 -7.42 -8.51 -7.04 -6.07 -8.51 -10.48 -9.99 -8.36 -8.41 -7.59 -6.96 -5.34 -4.07 -2.83 -2.97 -5.58 -7.21 -6.35 -4.73 -4 -5.62 -7.55 -8.47 -13.8 -11.4 -6.67 -11.84 -11.95
-9999 -9999 -9999 -9999 -9999 -9999 -9999 -9999 72.64103 63.01515 -9999 53.77 43 33.69 22.15 30.28 40.1 34.06 27.61 28.38 25.22 17.06 13.44 3.75 -0.7 -2.99 -11.23 4.61 5.52 -4.08 -17.35 -22.35 -27.28 -28.57 -24.64 -18.04 -24.44 -33.39 -26.47 -16.77 -10.14 -7.64 -5.83 -4.85 -5.35 -5.93 -5.7 -3.82 -7.46 -9.13 -6.92 -6.53 -5.52 -5.98 -7.45 -8.6 -9.52 -9.32 -8.06 -7.73 -6.84 -6.33 -4.93 -4.59 -5.85 -9.21 -6.88 -4.39 -5.08 -6.56 -8.61 -9.55 -12.51 -18.07 -23.78 -24.43 -26.98 -17.98
-9999 -9999 -9999 -9999 -9999 -9999 -9999 -9999 -9999 67.04395 62.23 58.47 55.42 38.04 29.88 35.32 35.43 29.79 27.06 23.12 20.45 17.02 16.11 2.9 -7.93 -14.08 -21.03 -9.77 1.04 -9.75 -18.04 -30.83 -42.19 -40.23 -33.4 -34.53 -31.93 -24.75 -21.79 -15.18 -11.25 -8.56 -7.99 -5.09 -4.37 -4.62 -4.41 -3.51 -7.02 -6.61 -5.42 -4.62 -4.68 -6.32 -6.89 -7.18 -7.6 -9.17 -8.97 -7.85 -7.33 -7.73 -6.55 -7.39 -9.33 -5.47 -4.33 -5.28 -6.1 -7.05 -8.73 -11.19 -18.07 -28.37 -32.18 -39.81 -39.33 -36.84
-9999 -9999 -9999 -9999 -9999 -9999 -9999 -9999 70.96703 55.48 66.58 61.19 57.99 41.33 45.81 34.54 25.64 18.15 18.45 16.62 15.06 16.87 13.46 8.24 -0.8 -9.22 -8.92 -3.63 -1.67 -13.38 -22.94 -33.45 -33.41 -20.13 -16 -17.89 -18.77 -16.07 -12.41 -8.87 -8.85 -6.7 -5.59 -5.69 -2.96 -4.06 -3.27 -3.68 -4.44 -3.58 -4.2 -3.83 -5.42 -6.83 -5.83 -6.16 -6.01 -6.54 -9.24 -8.15 -11.03 -12.19 -9.57 -9.14 -5.04 -6.49 -4.94 -5.27 -6.48 -8.65 -11.47 -15.29 -12.92 -14.58 -20.3 -22.52 -24.61 -28.89
-9999 -9999 -9999 -9999 -9999 -9999 -9999 57.22222 55.55 62.88 64.6 61.1 52.62 48.74 27.32 12.81 4.65 9.26 13.89 16.51 16.67 15.87 14.8 8.78 14.08 2.77 -0.63 -0.14 -5.68 -12.06 -18.85 -25.02 -27.58 -12.65 -11.13 -11.34 -10.65 -10.25 -8.48 -6.89 -5.41 -4.45 -3.62 -4.08 -3.79 -2.88 -1.69 -2.92 -3.31 -4.35 -2.51 -3.59 -5.26 -4.92 -4.97 -5.03 -5.43 -5.88 -7.88 -9.05 -11.6 -9.34 -6.38 -7.12 -8.14 -8.07 -6.41 -5.69 -6.17 -6.53 -8.5 -10.79 -14.2 -11.8 -12.64 -20 -34.72 -38.93
-9999 -9999 -9999 -9999 -9999 -9999 -9999 60.7 67.32 63.75 58 38.05 41.39 32.07 9.69 17.41 19.02 21.26 17.61 10.56 7.56 9.88 10.14 12.45 20.07 10.32 4.63 5.71 0.48 -4.23 -6.11 -10.58 -19.3 -7.1 -6.81 -9.51 -11.77 -8.54 -7.5 -6.87 -6.34 -4.51 -3.45 -2.86 -1.92 -1.22 -1.76 -2.62 -2.55 -2.15 -1.92 -3.27 -4.84 -3.4 -3.96 -4.15 -5.42 -8.45 -12.17 -9.56 -7.32 -8.19 -8.67 -9.24 -10.69 -10.79 -8.8 -8.64 -9.31 -10.18 -10.95 -14.97 -17 -20.14 -12.89 -15.82 -19.27 -21.98
-9999 -9999 -9999 -9999 -9999 -9999 -9999 67.0303 63.18182 52.09 51.58 36.55 46.44 40.81 31.32 28.67 25.91 13.96 4.37 3.97 4.3 3.07 12.44 13.22 20.85 12.74 4.17 7.67 6.07 -0.78 -2.19 -2.49 -4.53 0.65 -2.9 -2.39 -5.73 -8.29 -10.75 -12.21 -10.62 -8.78 -4.78 -4.03 -2.46 -1.75 -1.07 -0.81 -0.5 -0.23 -1.1 -2.02 -2.69 -3.29 -5.56 -7.29 -8.96 -9.67 -9.39 -5.59 -7.94 -9.19 -9.92 -10.65 -11.44 -11.09 -10.71 -9.38 -9.56 -9.69 -9.54 -11.79 -13.83 -15.8 -17.96 -17.51 -19.4 -22.41
-9999 -9999 -9999 -9999 -9999 -9999 -9999 -9999 56.88 47.85 59.53 51.22 50.37 43.34 33.33 17.48 10.18 2.72 12.36 7.78 8.91 7.65 9.62 14.46 22.33 14.36 5.27 10.68 8.96 7.74 1.37 -5 -0.14 4.77 -2.11 0.51 -1.84 -6.33 -5.26 -4.44 -7.36 -7.93 -4.37 -0.98 -0.84 -1.14 -0.18 -0.4 -1.36 -2.21 -0.66 -0.98 -3.58 -6.24 -6.97 -7.08 -7.28 -5.41 -2.84 -5.01 -7.88 -8.11 -8.95 -9.11 -9.07 -9.15 -7.06 -7.03 -7.76 -6.83 -7.16 -7.49 -8.93 -9.61 -11.61 -15.61 -17.68 -18.43
-9999 -9999 -9999 -9999 -9999 -9999 -9999 -9999 61.75555 60.46939 53.68 48.13 40.95 42.23 34.77 27.82 24.04 23.81 15.81 9.43 8.45 12.09 16.87 20.99 18.11 9.05 12.4 16.19 17.29 9.52 0.97 -7.92 0.26 0.21 1.71 2.78 -2.89 -5.53 -5.49 -4.2 -2.89 -3.91 -3.38 -1.55 -0.31 -0.02 0.15 0.23 -0.44 -1.12 -1.92 -4.27 -5.61 -5.36 -5.74 -5.94 -4 -0.2 -3.57 -5.45 -6.47 -6.67 -7.75 -8.83 -8.15 -8.76 -3.76 -2.55 -3.29 -4.3 -3.94 -5.37 -6.77 -7.55 -9.53 -11.05 -13.32 -14.25
-9999 -9999 -9999 -9999 -9999 -9999 -9999 -9999 62.89474 56.89 53.41 52.23 53.62 48.98 43.75 32.98 27.85 14.64 11.85 13.59 18.04 17.77 20.82 21.96 8.43 14.95 19.5 23.36 22.75 13.72 3.56 -0.45 -0.97 3.26 4.46 4.16 0.48 -1.28 -3.68 -3.24 -3.84 -2.87 -1.32 -0.62 -0.43 0.59 0.87 -1.12 -1.45 -2.15 -2.04 -1.27 -2.3 -3.04 -4.2 -3.91 0.68 1.19 -1.91 -2.52 -3.69 -5.1 -5.35 -3.94 -2.98 -5.67 -2.91 -5.26 -4.85 -4.6 -3.95 -5.56 -6.55 -7.07 -7.61 -8.16 -11.78 -10.9
-9999 -9999 -9999 -9999 -9999 -9999 -9999 -9999 -9999 56.77 56.59 53.49 50.32 40.66 40.91 37.34 25.74 24.24 24.64 23.09 24.93 14.1 14.32 7.58 10.41 19.96 25.69 27.38 22.61 14.56 9.15 8.7 7.18 11.35 9.4 7.18 2.19 -1 -0.23 -0.24 -0.52 -2.6 -1.4 -0.59 -0.03 2.06 2.29 0.51 0.19 0.29 0.3 0.23 0.37 -0.87 -0.04 2.28 2.65 2.02 1.18 -4.27 -4.85 -6.63 -7.83 -6.84 -5.87 -5.82 -7.46 -8.73 -7.62 -7.96 -10.92 -10.21 -11.92 -9.3 -7.58 -7.37 -7.02 -8.48
-9999 -9999 -9999 -9999 -9999 -9999 -9999 -9999 -9999 58.49 53.63 51.39 45.35 45.12 41.23 35.61 28.55 26.34 35.39 24.51 12.57 9.85 9.55 12.79 16.76 16.85 17.82 26.69 22.25 10.89 2.39 12.12 14.71 14.58 11.65 8.99 3.72 0.91 2.73 -0.22 -1.07 -0.06 -0.64 0.25 1.05 1.45 1.67 0.36 0.74 1.7 2.17 1.59 1.9 2.07 1.82 1.03 1.67 1.97 -0.03 -3.56 -5.46 -6.56 -6.91 -6.93 -6.76 -6.11 -6.61 -11.49 -16.63 -17.5 -15.85 -9.17 -9.64 -12.22 -11.05 -12.85 -12.2 -11.95
-9999 -9999 -9999 -9999 -9999 -9999 -9999 -9999 -9999 58.13131 54.94 52.08 49.33 45.18 39.54 37.84 29.28 29.98 34.94 21.94 4 15.36 13.23 13.82 19.43 26.08 26.44 24.62 19.56 20.98 13.68 17.04 15.11 6.46 2.42 2.57 4.19 5.93 2.03 -0.3 -1.46 -1.76 -1.45 -1.15 -0.37 -0.98 -1.71 -0.79 -0.98 -0.59 0.05 0.61 0.37 0.37 -0.4 -0.59 0.68 1.14 -0.87 -1.37 -0.58 -2 -2.72 -3.46 -4.35 -5 -4.26 -9.56 -14.86 -12.03 -10.1 -9.57 -11.02 -12.6 -16.27 -19 -20.25 -22.15
-9999 -9999 -9999 -9999 -9999 -9999 -9999 -9999 -9999 57.26582 51.9 49.07 42.88 37.67 38.12 39.36 36.84 38.91 23.68 14.41 22.94 23.9 16.69 23.06 16.49 24.96 16.93 16.17 25.92 25.12 20.44 22.1 13.74 5.99 5.97 8.57 10.58 5.19 1.94 0.46 -0.51 -1.84 -3.29 -3.76 -4.08 -4.95 -4.21 -3.03 -1.08 0.47 -1.13 -0.09 0.21 0.36 1.06 1.04 0.52 0.17 -0.13 0 -0.28 -0.72 -1.79 -3.4 -4.33 -4.38 -5.52 -6.78 -10.07 -7.82 -9.52 -14.76 -21.43 -25.61 -26.07 -27.81 -27.24 -26.58
-9999 -9999 -9999 -9999 -9999 -9999 -9999 -9999 -9999 56.54717 52.36 48.27 45.28 41.01 41.04 38.68 41.14 26.74 20.39 18.87 33.58 27.44 24.74 31.01 28.15 23.89 14.52 14.39 29.55 24.43 18.13 18.4 11.84 10.97 9.07 9.16 4 2.11 2.24 1.94 1.2 -1.07 -3.04 -5.55 -5.2 -4.28 -4.46 -5.05 -3.64 -1.49 -0.72 -0.23 0 0.24 0.46 0.56 -0.06 -0.12 -1.63 -0.16 -0.94 -1.58 -1.98 -3.14 -3.91 -4.75 -5.6 -7.38 -9.95 -10.94 -11.62 -21.73 -37.6 -38.2 -33.34 -29.57 -32.44 -26.75
-9999 -9999 -9999 -9999 -9999 -9999 -9999 -9999 -9999 -9999 51.64516 50.25 47.49 43.04 40.34 41.21 37.12 33.07 32.92 29.01 33.72 29.25 28.23 28.43 24.87 26.5 27.15 27.01 32.25 21.34 17.98 19.92 18.22 13.23 7.56 6.26 4.87 2.91 1.1 0.59 1.27 1.09 -0.34 -0.93 -1.44 -1.84 -2.46 -3.53 -3.07 -1.83 -0.47 -0.61 -0.5 -0.53 -0.3 -0.1 -1.28 -1.15 -3.54 -1.87 -1.68 -3.12 -3.63 -3.07 -3.78 -7 -10.22 -11.19 -12.94 -17.92 -27.72 -36.26 -34.5 -25.36 -30.3 -22.98 -25.24 -21.42
-9999 -9999 -9999 -9999 -9999 -9999 -9999 -9999 -9999 -9999 52.71429 47.53 48.69 45.92 43.09 36.65 24.09 25.35 13.42 14.85 23.17 18.66 20.21 17.99 15.82 17.07 21.82 22.4 30.69 27.93 26.86 24.48 23 14.29 9.36 7.9 5.41 4.09 1.94 0.65 0.48 0.22 0.21 -0.03 -0.12 -0.78 -1.54 -2.4 -3.38 -2.86 -1.58 -1.4 -1.57 -1.94 -1.35 -2.11 -3.67 -2.28 -4.38 -3.93 -3.97 -5.25 -3.35 -4.78 -6.92 -10.04 -14.63 -27.38 -28.96 -29.06 -14.62 -15.07 -27.55 -20.12 -12.51 -15.25 -18.89 -10.05
-9999 -9999 -9999 -9999 -9999 -9999 -9999 -9999 -9999 -9999 54.88372 47.58 43.42 40.42 38.67 36.18 29.87 18.66 12.1 14.14 13.69 12.49 17.07 22.18 16.06 12.14 17.59 25.57 28.39 22.15 20.99 22.61 15.72 13.06 10.87 9.83 7.41 4.02 3.3 2.46 0.52 -0.1 0.4 0.04 -0.33 -0.9 -0.66 -0.28 -0.17 -1.71 -2.37 -2.86 -3.58 -3.92 -3.78 -4.75 -4.16 -3.87 -5.25 -6.2 -7.04 -5.67 -4.39 -4.24 -7.87 -13.08 -30.56 -38.56 -23.83 -13.09 -8.73 -7.08 -12.54 -12.54 -6.31 -6.64 -6.43 -5.5
-9999 -9999 -9999 -9999 -9999 -9999 -9999 -9999 -9999 -9999 57.45918 50.52 44.24 36.88 24.97 24.16 25.14 30.66 28.11 24.74 19.43 16.95 16.39 18.71 16.34 14.13 18.8 25.69 26.08 20.15 16.36 17.58 18 12.81 10.33 8.87 8.35 6.8 6.13 4.84 2.79 1.41 0.8 -0.32 -1.23 -1.94 -2.63 -1.89 -0.61 -1.48 -3.33 -4.32 -6.71 -6.93 -6.17 -5.53 -4.36 -4.67 -6.16 -8.88 -10.14 -8.21 -7.11 -7.7 -12.69 -19.22 -39.46 -20.64 -27.33 -21.66 -8.92 -2.1 1.68 0.58 -2.57 -1.4 1.06 -1.42
