layers/wordclim/current/bio_03.asc
ncols         166
nrows         93
xllcorner     -9.4959440078468
yllcorner     36.000324005443
cellsize      0.083333337679505
NODATA_value  -9999
[rows 0 to 35 of 93, columns 0 to 80 of 166]
-9999 -9999 -9999 -9999 -9999 -9999 -9999 -9999 -9999 -9999 -9999 -9999 -9999 -9999 -9999 -9999 -9999 42.26829 41.75 42.40298 42.0303 41.97727 42.08696 41.98485 -9999 -9999 -9999 -9999 -9999 -9999 -9999 -9999 -9999 -9999 -9999 -9999 -9999 -9999 -9999 -9999 -9999 -9999 -9999 -9999 -9999 -9999 -9999 -9999 -9999 -9999 -9999 -9999 -9999 -9999 -9999 -9999 -9999 -9999 -9999 -9999 -9999 -9999 -9999 -9999 -9999 -9999 -9999 -9999 -9999 -9999 -9999 -9999 -9999 -9999 -9999 -9999 -9999 -9999 -9999 -9999 -9999
-9999 -9999 -9999 -9999 -9999 -9999 -9999 -9999 -9999 -9999 -9999 -9999 -9999 -9999 -9999 -9999 42.33333 42.18947 41.9 42.04 41.63 41.47 41.72727 41.64 41.68 41.79382 -9999 -9999 -9999 -9999 -9999 -9999 -9999 -9999 -9999 -9999 -9999 -9999 -9999 -9999 -9999 -9999 -9999 42.125 41.71154 -9999 -9999 -9999 -9999 -9999 -9999 -9999 -9999 -9999 -9999 -9999 -9999 -9999 -9999 -9999 -9999 -9999 -9999 -9999 -9999 -9999 -9999 -9999 -9999 -9999 -9999 -9999 -9999 -9999 -9999 -9999 -9999 -9999 -9999 -9999 -9999
-9999 -9999 -9999 -9999 -9999 -9999 -9999 -9999 -9999 -9999 -9999 -9999 -9999 -9999 42.33333 42.36842 42.33333 41.98 41.88 41.33 41.1 41.23 41.29 41.07 41.44 41.68 41.71579 41.64557 41.6338 41.70909 41.8375 41.98809 41.96053 42.02597 42.01266 42.12121 42.34246 42.61111 42.875 42.87629 43 43.05952 42.71717 42.37 42.1 41.15585 40.59016 40.98333 40.98305 -9999 -9999 -9999 -9999 -9999 -9999 -9999 -9999 -9999 -9999 -9999 -9999 -9999 -9999 -9999 -9999 -9999 -9999 -9999 -9999 -9999 -9999 -9999 -9999 -9999 -9999 -9999 -9999 -9999 -9999 -9999 -9999
-9999 -9999 -9999 -9999 -9999 -9999 -9999 -9999 -9999 -9999 -9999 -9999 -9999 -9999 -9999 -9999 41.74747 41.19 41.03 41.19 41.04 40.91 40.7 40.58 41.05 41.16 41.29 41.21 41.49 41.47475 41.38 41.41 41.47 41.92 41.66 42.01 42.21 42.48 42.49 43 43.07071 43.5 43.73 43.37 42.77 42.36 42.26 41.79 41.02 41.03 40.77 40.60257 40.14103 40.05085 39.92 -9999 -9999 -9999 -9999 -9999 -9999 -9999 -9999 -9999 -9999 -9999 -9999 36.90411 -9999 36.38095 36.125 36.05747 36 -9999 -9999 -9999 -9999 -9999 -9999 -9999 -9999
-9999 -9999 -9999 -9999 -9999 -9999 -9999 -9999 -9999 -9999 -9999 -9999 -9999 -9999 42.02985 41.9375 41.46 41.07 41.01 40.81 40.99 40.96 40.88 40.6 40.83 40.74 40.93 41.08 41.09 40.84 40.64 40.97 41.3 41.33 41.36 41.97 41.81 41.79 42.41 42.89 43.07 43.3 43.47 43.75 43.33 42.99 42.7 42.1 41.8 41.27 40.96 40.54 40.19 40.29 40.08 39.95 39.76 39.45745 39.11111 38.93151 38.68831 38.25641 38.05556 37.96386 37.68367 37.35 37.07 37.01 36.8125 36.5 36.39 36.23 36.08333 36.07 36.06742 35.7037 -9999 -9999 35.71264 36.15 37.02
-9999 -9999 -9999 -9999 -9999 -9999 39.74074 39.8625 39.86486 -9999 40.27027 40.53012 41.01 41.57576 41.73 -9999 41.12 40.95 40.65 40.88 40.98 40.98 40.95 40.98 40.78 40.85 40.84 40.96 40.5 40.49 40.54 40.96 40.93 40.85 40.95 41.56 41.88 41.93 41.99 42.58 42.66 42.98 43.35 43.62 43.55 43.07 42.7 42.02 41.86 41.55 41.12 40.94 40.59 40.25 40.04 39.91 39.89 39.64 39.21 39.06 38.87 38.66 38.27 38.05 37.9 37.55 37.2 37.06 37.11 37.15 36.9 36.73 36.29 36.46 36.43 36.5 36.08 35.95918 35.31313 36.21 36.84
-9999 -9999 -9999 -9999 -9999 -9999 39.27397 39.45 39.57 39.7 39.76 39.43 39.74 40.28 40.75 40.75 40.6 40.84 40.72 40.8 40.85 40.95 40.85 40.61 40.7 40.61 40.35 40.47 40.26 40.12 40.44 40.8 40.52 40.38 40.98 41.25 41.34 41.12 41.41 41.42 41.55 42.41 41.27 42.52 43.09 42.41 42.06 41.82 41.53 41.17 40.59 40.64 40.42 40 39.16 39.45 39.23 39.15 39.25 39.06 38.99 38.86 38.51 38.27 38.06 37.89 37.66 37.47 37.26 37.7 37.79 37.25 36.84 36.66 36.77 36.43 36.27 36.37 36.69 36.46 37.02
-9999 -9999 -9999 -9999 39.25806 38.86 38.94 38.77 38.57 38.8 38.65 38.74 38.97 39.08 39.75 40.01 40.13 40.48 40.57 40.7 40.74 40.54 40.37 40.39 40.29 40.14 40.01 40.15 39.98 40.02 40.09 40.4 40.21 40.22 40.68 40.85 40.63 40.21 40.95 40.57 41.02 40.86 41.63 41.68 42.26 41.55 41.42 41.25 40.56 40.24 40.3 40.02 39.67 39.88 39.46 39.11 39.27 39.41 39.11 39.01 38.98 38.97 38.74 38.51 38.23 38.01 38 37.68 37.57 37.92 37.99 37.81 37.7 37.27 36.66 36.71 36.41 36.59 36.77 37.07 37.43
-9999 -9999 -9999 39.02062 38.88 38.34 38.46 38.36 38.21 38.09 38.11 38.06 38.48 38.71 39.1 39.89 40.26 40.51 40.25 40.55 40.38 40.32 40.16 40.04 40.01 40 39.93 39.73 39.99 39.98 40.17 40.09 39.98 39.83 40.23 40 40.08 39.41 39.46 39.75 39.33 39.88 39.64 40.89 41.36 39.99 39.78 40.05 39.69 39.46 39.79 39.49 39.74 39.84 39.37 39.19 38.89 38.87 39.01 39.01 38.96 38.67 38.76 38.65 38.31 38.11 38.06 38 37.95 37.8 37.57 37.42 37.28 37.4 37.35 37.56 37.45 36.89 37.1 37.85 38.37
-9999 -9999 -9999 39.05882 38.49495 38.27 38.28 38.12 38.06 37.98 37.87 37.85 37.78 38.07 38.87 39.74 40.22 40.69 40.44 40.08 40.06 40.02 40 40 40 40 39.69 39.84 39.71 39.94 39.9 39.85 39.77 39.58 39.63 39.52 39.34 39.74 39.81 39.86 39.76 40.04 40.03 39.79 40.01 39.95 39.82 39.93 39.65 39.82 39.99 39.86 39.81 39.67 39.53 39.12 38.92 38.78 38.91 38.98 38.99 38.63 38.41 38.55 38.13 38.09 38.01 38 38 37.97 37.54 37.13 37.22 37.42 37.46 37.68 37.75 37.74 37.75 37.91 38.07
-9999 -9999 -9999 -9999 38.72414 38.16 38.02 38.04 37.99 38.05 38.11 37.4 37.26 37.98 38.77 39.68 40.15 40.87 40.52 40.22 39.98 39.98 40 39.95 39.9 39.79 39.65 39.34 39.68 39.58 39.41 39.03 38.83 38.99 39.43 39.53 39.61 39.57 39.27 39.52 39.42 39.42 39.82 40.06 39.68 39.94 39.99 39.98 39.76 39.92 39.92 39.66 39.78 39.44 39.45 39.03 39.03 39 38.96 38.99 38.96 38.74 38.58 38.22 38.15 38.01 38 37.92 37.93 37.74 37.78 37.52 37.22 37.52 37.58 37.87 37.86 37.8 37.99 38.06 38.01
-9999 -9999 -9999 -9999 38.625 38.42188 38.19697 38.13187 37.78 37.87 37.85 37.88 37.77 38.19 38.81 39.77 40.51 40.62 40.2 40.02 39.87 39.87 39.71 39.38 39.19 39.34 39.09 38.98 39.06 39.12 39.03 38.63 39.01 39.35 39.79 39.9 39.53 39.23 39.26 39.34 39.69 39.93 40.02 40.05 40 39.96 40.02 40.02 40 40 39.99 39.98 39.9 39.64 39.53 39.19 39.01 39 39 38.99 38.89 38.73 38.35 38.17 38.05 37.98 37.95 37.98 37.83 37.85 37.96 37.66 37.69 37.39 37.31 37.49 37.85 37.62 37.94 37.95 38.01
-9999 -9999 -9999 -9999 -9999 -9999 38.07609 37.94 37.79 37.9 37.7 37.72 37.96 38.3 38.86 39.64 39.98 40.09 39.75 39.4 39.65 39.3 39.11 39.03 39.01 39 38.9 38.54 38.6 38.82 38.95 38.92 39.07 39.18 39.45 39.66 39.76 39.77 39.88 39.91 39.77 39.81 39.96 40 40 40 40 40 40 40 40 39.97 39.77 39.71 39.35 39.06 39.01 39 39 38.81 38.62 38.18 38.14 38.03 38 38 37.97 37.93 37.85 37.96 38 37.86 37.28 37.75 37.74 37.91 37.9 37.46 37.64 37.97 38.02
-9999 -9999 -9999 -9999 -9999 38.52542 38.02128 -9999 -9999 37.69 37.59 37.7 38.05 38.6 38.96 39.4 39.76 39.43 39.28 38.89 39.09 39.05 38.99 38.98 39 38.94 38.73 38.7 38.59 38.44 38.84 38.97 39 39.02 39.08 39.11 39.37 39.75 39.92 39.74 39.93 39.99 40 40 39.99 40 40 40 40 40 39.98 39.95 39.53 39.37 39.18 39.02 39 39 39 38.88 38.34 38.19 38.03 38 38 37.99 37.96 37.93 37.9 37.97 37.84 37.47 37.14 37.33 37.49 37.69 37.9 37.86 37.94 37.98 38.13
-9999 -9999 -9999 -9999 -9999 -9999 -9999 38 37.81928 37.71 37.59 37.87 38.24 38.69 38.91 38.97 39.12 38.99 38.79 38.96 39 38.81 38.77 38.74 38.91 38.92 38.58 38.56 38.28 38.3 38.65 38.98 38.98 39 39 39 39.05 39.1 39.13 39.16 39.65 39.78 39.86 39.98 39.97 40 39.99 40 39.99 39.93 39.94 39.71 39.45 39.42 39.15 39 39 39 38.99 38.65 38.41 38.02 38 38 37.94 37.93 37.73 37.76 37.55 37.76 37.6 37.47 37.73 37.8 37.63 37.85 37.92 37.75 37.91 37.99 38
-9999 -9999 -9999 -9999 -9999 -9999 -9999 38.14583 37.86956 37.73034 37.68 38.04 38.59 38.61 38.86 39.08 39.04 39.01 38.97 38.9 38.58 38.33 38.31 38.57 38.5 38.6 38.61 38.62 38.24 38.54 38.67 38.9 38.98 38.91 38.7 38.89 38.8 38.96 39 39.09 39.47 39.85 39.75 39.98 39.71 39.98 39.96 39.89 39.87 39.76 39.58 39.38 39.43 39.18 39.02 39 39 38.99 38.87 38.56 38.2 38.03 38 38 37.9 37.57 37.46 37.23 37.09 37.15 37.43 37.74 37.76 37.8 37.96 37.86 37.82 37.89 37.96 37.99 38
-9999 -9999 -9999 -9999 -9999 -9999 -9999 -9999 -9999 38.04412 38.02151 38.43 38.93 38.73 38.7 39.06 39.02 38.9 38.39 37.91 37.99 38.14 37.96 38.08 38.21 38.01 38.01 38.54 38.75 38.33 38.25 38.64 38.37 38.43 38.68 38.24 38.23 38.71 39 39.02 39.14 39.31 39.9 39.75 39.62 40 39.89 39.7 39.54 39.55 39.43 39.4 39.16 39.12 39 39 39 39 38.66 38.31 38.03 38 38 37.98 37.73 37.51 37.16 37.02 37.01 37 37.11 37.39 37.69 37.91 37.94 37.95 38 38 38.02 38.02 37.98
-9999 -9999 -9999 -9999 -9999 -9999 -9999 -9999 38.38462 38.42424 -9999 39 39.16 39.15 38.72 39.09 38.94 38.79 38.77 37.98 38.09 38.1 38 37.83 37.76 37.77 37.42 38.13 38.2 38.05 37.94 37.92 37.82 37.93 38.28 38.69 38.7 38.5 38.78 39 39 39.25 39.3 39.38 39.6 39.73 39.6 39.93 39.57 39.56 39.34 39.19 39.24 39.05 39 39 39 38.95 38.85 38.37 38.04 38 38 37.95 37.68 37.48 37.08 37 37 37 37.16 37.33 37.68 37.93 38 37.99 38 38 38 38.1 38.01
-9999 -9999 -9999 -9999 -9999 -9999 -9999 -9999 -9999 39.07692 39.16 39.27 39.61 39.58 39.42 39.55 39.21 39.03 38.91 38.68 38.38 38.08 38.05 37.64 37.17 37.01 36.93 37.45 38.02 37.88 37.71 37.33 37.08 37.31 37.82 37.98 38.33 38.63 38.84 39 39 39 39.03 39.04 39.44 39.5 39.54 39.56 39.19 39.46 39.3 39.25 39.12 39.02 39 39 39 38.98 38.73 38.21 38.01 38 37.95 37.88 37.46 37.11 37 37 37 37 37 37.08 37.46 37.97 37.99 38 38 38 38 38.01 38.1
-9999 -9999 -9999 -9999 -9999 -9999 -9999 -9999 39.84615 39.82 39.77 39.91 39.93 39.85 40 39.72 38.95 38.49 38.45 38.23 38.07 38.25 38 37.83 37.38 37.05 37.29 37.74 37.96 37.52 37.35 37.06 37.2 37.93 38.16 38.5 38.65 38.91 38.99 39 39 39 39.01 39.04 39.31 39.32 39.19 39.25 39.14 39.5 39.45 39.27 39.05 39 39 39 39 38.91 38.61 38.07 38.01 38 38 37.71 37.19 37.01 37 37 37 37 37 37.15 37.19 37.64 37.85 38 38 38 38 38.01 38.06
-9999 -9999 -9999 -9999 -9999 -9999 -9999 40.1746 40.17 40.23 40.11 40.13 40.14 40.13 39.45 38.05 37.33 37.58 38.03 38.36 38.32 38.37 38.19 37.81 38.23 37.61 37.72 37.9 37.65 37.53 37.28 37.29 37.4 38.03 38.43 38.57 38.9 39 39 39 39 39 39.02 39.01 39.1 39.01 39.04 39.03 39.23 39.17 39.11 39.14 39 39.02 39 39 39 38.98 38.57 38.07 38 38 37.93 37.67 37.23 37.02 37 37 37 37 37 37 37.18 37.13 37.18 37.9 38 38 38 38 38.02
-9999 -9999 -9999 -9999 -9999 -9999 -9999 40.95 41.02 40.92 40.79 40.36 40.41 39.9 37.79 38.63 38.84 39.06 38.48 37.39 37.09 37.53 37.88 38.1 38.79 38.09 37.98 38.08 37.87 37.95 37.93 37.84 37.54 38.32 38.55 38.52 38.77 38.99 39 39 39 39 39 39 39.05 39 39 39.13 39.2 39.31 39.24 39.2 39.01 39 39 39 39 38.83 38.21 38 38 38 37.98 37.63 37.19 37 37 37 37 37 37 37.01 37.08 37.32 37.21 37.51 37.9 38 38 38 38.03
-9999 -9999 -9999 -9999 -9999 -9999 -9999 41.84848 41.47727 41.06 41.04 40.52 40.84 40.72 40 39.86 39.6 38.2 36.91 36.77 36.57 36.7 38.07 38.29 38.96 38.3 37.85 38.19 38.2 37.97 37.99 38.06 38.2 38.8 38.84 38.98 38.97 38.97 38.97 38.92 39 39 39 39 39.01 39 39 39.01 39.08 39.14 39.45 39.39 39.17 39.12 39 39 39 39 38.35 38.06 38 38 37.83 37.33 37.08 37.02 37 37 37 37 37 37 37 37.12 37.13 37.5 37.72 37.99 38 38 38.08
-9999 -9999 -9999 -9999 -9999 -9999 -9999 -9999 41.88 41.36 41.87 41.57 41.33 40.95 40.38 38.88 37.88 36.93 37.94 37.01 37.12 36.95 37.6 38.46 39 38.63 38 38.49 38.46 38.43 38.17 37.97 38.35 38.9 38.72 38.99 39 38.99 38.99 39 39 38.98 39 39 39 39 39 39 39.03 39.01 39.06 39.06 39.01 39.01 39 39 39 38.99 38.62 38.05 38 38 37.79 37.26 37.01 37 37 37 36.99 37 36.99 37 37 37 37 37.16 37.72 37.86 37.99 38 38
-9999 -9999 -9999 -9999 -9999 -9999 -9999 -9999 42.73333 42.65306 42.11 41.9 41.43 41.36 40.77 40.12 39.7 39.71 38.61 37.45 37.29 38.05 38.84 39.25 38.76 38.11 38.6 38.84 38.95 38.45 38.07 37.67 38.2 38.43 38.75 39 38.99 38.97 38.95 39 39 39 39 39 39 39 39 39 39.01 39 39 39 39 39 39 39 39 38.99 38.7 38.02 38 37.98 37.7 37.08 37 37 37 36.98 36.82 36.75 36.8 36.77 37 37 37 37.01 37.16 37.32 37.95 38 38
-9999 -9999 -9999 -9999 -9999 -9999 -9999 -9999 43.36842 42.89 42.73 42.51 42.38 41.97 41.71 40.96 40.58 38.62 38.14 38.4 39.19 39.18 39.55 39.58 38.11 38.79 39.01 39.03 39.05 38.79 38.13 37.91 38.02 38.35 38.73 39 39 38.97 38.9 38.99 39 39 39 39 39 39 39 39.01 39.02 39 39 39 39 39 39 39 39 38.93 38.31 38.05 38 37.78 37.21 37 37 37 36.83 36.7 36.74 36.55 36.64 36.74 36.87 37 36.99 37 37.01 37.03 37.6 37.92 38
-9999 -9999 -9999 -9999 -9999 -9999 -9999 -9999 -9999 43.48 43.26 42.99 42.74 41.89 41.86 41.44 40.44 40.34 40.17 39.96 40.07 38.63 38.99 37.79 38.33 39.2 39.48 39.46 38.95 38.71 38.4 38.37 38.26 38.77 38.94 39 38.95 38.98 38.93 38.93 38.96 38.99 39 39 39 39 39 39 39.01 39.01 39 39 39 39 39 39 38.99 38.52 38.18 38 37.97 37.38 37.01 37 37 36.93 36.74 36.15 36.41 36.53 36.71 36.79 36.96 36.87 36.98 37 37 37 37.12 37.56 37.8
-9999 -9999 -9999 -9999 -9999 -9999 -9999 -9999 -9999 44.09 43.73 43.36 42.82 42.63 42.22 41.82 40.98 40.68 41.19 40.36 38.66 38.27 38.2 38.81 39.25 38.94 38.9 39.22 38.94 38.23 37.73 38.42 38.62 38.88 38.66 38.89 38.69 38.52 38.78 38.93 38.97 38.96 39 38.99 39 39 39 39 39 39 39 39 39 39 39 38.99 38.73 38.22 38 38 37.65 37.14 37 37 36.77 36.56 36.06 36.39 36.51 36.68 36.56 36.49 36.49 36.86 36.97 37 37 37 37.01 37.28 37.55
-9999 -9999 -9999 -9999 -9999 -9999 -9999 -9999 -9999 44.66667 44.23 43.91 43.45 42.97 42.41 41.99 41.27 41.25 41.47 40.16 37.15 39.39 38.95 38.97 39.43 39.86 39.5 39.03 38.7 38.74 38.32 38.53 38.4 38.06 38.01 38.07 38.21 38.47 38.24 38.87 38.97 38.96 39 39 39 39 39 39 39 39 39 39 39 39 39 38.89 38.4 38.15 38 37.87 37.11 37 37 36.74 36.5 36.03 36.03 36.19 36.43 36.35 36.18 36.1 36.11 36.9 36.99 37 37 37.03 37.23 37.19 37.42
-9999 -9999 -9999 -9999 -9999 -9999 -9999 -9999 -9999 45 44.55 43.98 43.32 42.63 42.52 42.32 42.03 41.91 40.4 39.05 40.3 40.63 39.44 39.84 38.92 39.49 38.59 38.38 38.89 38.9 38.66 38.5 38.05 37.96 38 38.17 38.31 38.11 38.03 38.39 38.76 38.82 39 39 39 39 39.03 39.02 39.05 39.01 39.07 39.07 39 39 38.94 38.24 38.03 38 37.99 37.37 37.01 37 36.78 36.41 36.02 36 36 36 36.02 36.01 36.04 36.14 36.89 37.09 37.01 37 37.04 37.09 37.18 37.2 37.25
-9999 -9999 -9999 -9999 -9999 -9999 -9999 -9999 -9999 45.01887 44.8 44.09 43.71 42.99 42.84 42.48 42.36 40.77 40.06 39.53 40.98 40.79 40.17 40.17 39.72 39.11 38.06 37.99 38.77 38.52 38.1 38.15 37.76 38.02 38.01 38.02 38 38 38 38.27 38.44 38.62 39 39 39 39.02 39.08 39.17 39.43 39.22 39.15 39.05 39 39 38.72 38.01 38 38 37.64 37.13 37 36.91 36.32 36.03 36 36 36 36 36 36 36 36.55 37.43 37.37 37.09 37.01 37.14 37.07 37 37.03 37.03
-9999 -9999 -9999 -9999 -9999 -9999 -9999 -9999 -9999 -9999 44.60215 44.28 43.9 43.12 42.78 42.63 42.08 41.53 41.37 40.53 40.94 40.5 39.94 39.68 39.27 39.17 38.94 38.72 38.88 38.01 37.92 37.96 37.87 37.82 37.66 37.63 37.94 38 38 38.01 38.24 38.45 38.99 39 39.01 39.22 39.83 39.94 39.85 39.39 39.13 39.03 39 38.98 38.37 38 38 37.97 37.16 37.01 36.99 36.43 36.09 36 35.94 35.97 36 35.98 36 36.21 36.81 37.36 37.29 36.88 36.99 36.96 37.03 36.98 36.99 37.01 37
-9999 -9999 -9999 -9999 -9999 -9999 -9999 -9999 -9999 -9999 44.65476 44.05 43.97 43.38 42.91 41.99 40.05 40.25 38.17 38.34 39.78 38.76 38.84 38.11 37.69 37.67 38.12 38.1 38.6 38.28 38.15 37.95 37.9 37.56 37.09 37.3 37.51 37.87 38 38 38.03 38.18 38.9 39 39 39.57 39.97 40 39.91 39.79 39.26 39 39 38.66 38.07 38 38 37.52 37 36.99 36.67 36.06 36 35.87 35.73 35.96 36.04 36.85 36.91 36.83 36.14 36.16 36.91 36.53 36.18 36.5 36.78 36.35 36.56 36.85 37
-9999 -9999 -9999 -9999 -9999 -9999 -9999 -9999 -9999 -9999 44.7093 43.96 43.26 42.71 42.39 41.81 40.8 38.73 37.43 37.6 37.39 37.01 37.67 38.39 37.13 36.32 37.05 38.05 38.1 37.41 37.37 37.51 37.03 37.13 37.05 37.12 37.03 37.24 37.89 38 38 38.07 38.68 38.96 39 39.26 39.93 40 39.99 39.93 39.24 39 38.95 38.29 38.11 38 37.94 37.09 37 36.92 36.29 36 35.97 35.49 35.11 35.75 37.04 37.46 36.65 36.07 36 36.01 36.08 36.23 35.96 36.03 36.06 36.03 36.06 36.39 36.91
-9999 -9999 -9999 -9999 -9999 -9999 -9999 -9999 -9999 -9999 44.94898 44.11 43.27 42.08 40.02 39.63 39.8 40.47 39.87 39.24 38.05 37.16 36.87 37.13 36.48 35.95 36.7 37.58 37.52 36.83 36.55 36.93 37.01 36.79 36.96 37 37 37.05 37.68 37.77 38 38 38.28 38.8 39 39.14 39.46 39.63 39.69 39.29 39.01 38.93 38.42 38.05 38.01 37.94 37.62 37.03 36.97 36.62 36.02 36 35.97 35.28 35.68 36.22 37.69 36.32 36.86 36.46 35.97 35.56 35.25 35.43 35.81 35.8 35.66 35.99 36.2 36.83 37
-9999 -9999 -9999 -9999 -9999 -9999 -9999 -9999 -9999 -9999 44.98877 44.34 43.48 41.32 41.53 40.48 40.27 41.07 40.24 39.33 38.37 37.78 37.42 36.81 36.42 35.66 36.35 36.98 36.55 36.73 36.24 36.04 36.39 36.45 36.58 36.73 37 37 37.02 37.27 37.92 38 38.02 38.39 38.72 38.95 38.99 39.02 39 39.01 38.95 38.49 38.08 38 37.97 37.64 37.08 37 36.76 36.18 36.04 35.99 36.04 36.17 37.21 37.37 37.77 37.15 36 35.26 35.09 35 35.08 35.56 35.53 35.28 35.15 35.8 36.35 36.86 36.92
