layers/wordclim/current/bio_11.asc
ncols         166
nrows         93
xllcorner     -9.4959440078468
yllcorner     36.000324005443
cellsize      0.083333337679505
NODATA_value  -9999
[rows 0 to 33 of 93, columns 0 to 76 of 166]
-9999 -9999 -9999 -9999 -9999 -9999 -9999 -9999 -9999 -9999 -9999 -9999 -9999 -9999 -9999 -9999 -9999 93.2683 81.90278 94.64179 93.13636 90.32954 92.6087 91.83334 -9999 -9999 -9999 -9999 -9999 -9999 -9999 -9999 -9999 -9999 -9999 -9999 -9999 -9999 -9999 -9999 -9999 -9999 -9999 -9999 -9999 -9999 -9999 -9999 -9999 -9999 -9999 -9999 -9999 -9999 -9999 -9999 -9999 -9999 -9999 -9999 -9999 -9999 -9999 -9999 -9999 -9999 -9999 -9999 -9999 -9999 -9999 -9999 -9999 -9999 -9999 -9999 -9999
-9999 -9999 -9999 -9999 -9999 -9999 -9999 -9999 -9999 -9999 -9999 -9999 -9999 -9999 -9999 -9999 95.71212 92.87369 87.68 91.85 83.25 80.78 88.65656 79.51 80.43 87.22681 -9999 -9999 -9999 -9999 -9999 -9999 -9999 -9999 -9999 -9999 -9999 -9999 -9999 -9999 -9999 -9999 -9999 93.92188 94.46154 -9999 -9999 -9999 -9999 -9999 -9999 -9999 -9999 -9999 -9999 -9999 -9999 -9999 -9999 -9999 -9999 -9999 -9999 -9999 -9999 -9999 -9999 -9999 -9999 -9999 -9999 -9999 -9999 -9999 -9999 -9999 -9999
-9999 -9999 -9999 -9999 -9999 -9999 -9999 -9999 -9999 -9999 -9999 -9999 -9999 -9999 97.68519 98.51579 95.34344 92.13 87.72 79.69 73.79 74.38 77.26 69.19 84.29 89.77 89.54737 87.92405 87.50704 92.07273 90.475 89.70238 86.51316 90.79221 83.73418 87.69697 86.71233 82.30556 80.32954 83.70103 86.20513 88.65476 91.20202 91.93 90.54 94.15585 93.50819 88.9 87.66102 -9999 -9999 -9999 -9999 -9999 -9999 -9999 -9999 -9999 -9999 -9999 -9999 -9999 -9999 -9999 -9999 -9999 -9999 -9999 -9999 -9999 -9999 -9999 -9999 -9999 -9999 -9999 -9999
-9999 -9999 -9999 -9999 -9999 -9999 -9999 -9999 -9999 -9999 -9999 -9999 -9999 -9999 -9999 -9999 90.42424 81.88 77.77 80.06 73.91 65.88 61.03 59.49 69.36 80.65 85.79 78.2 86.45 85.63636 76.1 71.55 70.07 79.03 63.52 72.52 77.45 72.32 63.47 77.98 85.92929 80.3 79.71 85.11 87.31 86.56 79.75 77.62 86.36 83.45 81.33 77.88461 86.61539 88.49152 87.62 -9999 -9999 -9999 -9999 -9999 -9999 -9999 -9999 -9999 -9999 -9999 -9999 96.0137 -9999 94.73016 91.14584 92.62069 91.21739 -9999 -9999 -9999 -9999
-9999 -9999 -9999 -9999 -9999 -9999 -9999 -9999 -9999 -9999 -9999 -9999 -9999 -9999 99.04478 97.45834 90.08 81.63 78.61 74.09 75.31 72.46 70.71 63.93 66.69 68.04 71.81 78.27 76.64 64 53.31 59.76 67.74 62.66 56.88 68.92 59.88 52.93 66.52 76.84 79.06 84.86 86.16 81.36 83.62 82.11 78.67 78.05 77.6 78.07 78.1 85 85.21 75.84 74.7 71.88 64.72 74.95744 81.72839 88.43835 90.7013 92.20513 90.41666 87.54217 89.70408 93.83 91.97 92.11 89.63541 91.91 85.79 86.35 89.15476 83.92 83.1236 88.09259 -9999
-9999 -9999 -9999 -9999 -9999 -9999 100.5556 102.2 99.94595 -9999 97.36487 96.72289 96.07 98.92929 98.41 -9999 89.11 81.65 73.11 73.78 75.54 75.85 74.31 75.03 70.84 70.54 68.9 74.92 59.85 54.51 55.71 67.77 61.2 46.16 47.07 60.16 65.89 64.65 57.37 63.81 61.57 62.68 69.34 76.67 75.95 75.22 70.24 59.93 57.76 64.75 54.85 63.53 70.25 56.71 47.17 51.88 61.39 55.32 69.87 67.85 77.33 74.63 77.69 80.29 77.38 83.41 83.83 83.17 74.01 66.63 69.47 72.49 80.08 73.26 72.28 72.12 80.88
-9999 -9999 -9999 -9999 -9999 -9999 98.39726 98.67 97.78 97.73 93.86 84.89 86.68 89.59 93.68 91.96 83.61 79.3 74.29 75.13 74.04 76.47 75.46 76.37 74.74 70.53 64.59 66.88 60.1 55.07 60.75 66.1 49.48 39.89 52.43 58.37 55.94 41.02 45.27 41.37 40.18 55.45 31.62 53.72 69.33 56.48 51.88 56.32 51.99 49.16 30.88 43.82 46.85 29.07 -1.86 16.5 7.76 13.75 53.31 44.06 53.39 61.69 65.54 58.87 66.35 74.27 68.91 68.52 67.36 48.38 34.59 53.98 67.59 69.03 66.29 72.76 77.81
-9999 -9999 -9999 -9999 102.9247 97.11 96.2 90.66 87.48 87.52 83.39 84.11 85.67 84 85.34 81.86 77.71 77.04 74.21 75.21 73.82 74.01 76.56 74.96 72.06 66.7 59.94 63.31 49.9 53.52 49.86 57.94 47.37 39.67 47.54 50.09 36.31 23.61 37.45 25.48 32.68 26.64 40.91 41.18 52.86 41.68 42.11 41.09 27.76 21.48 27.64 21.98 16.41 28.39 11.17 4.01 13.81 42.7 56.21 48.73 22.07 36.6 43.4 44.78 46.92 62.96 49.54 59.37 54.17 31.99 26.47 34.56 41.35 53.15 70.12 69.33 74.6
-9999 -9999 -9999 102.5052 98.48 90.89 90.04 87.5 86.13 84.23 85.22 85.11 87.95 86.71 85.5 84.19 81 76.43 69.06 70.92 74.1 72.49 73.59 71.8 66.98 63.73 56.18 52.89 57.98 54.95 61.39 57.82 41.22 31.08 41.86 27.91 27.45 6.66 4.66 8.06 -2.66 7.65 0.8 27.44 37.82 9.61 7.05 13.51 5.41 1.94 14.47 7.01 16.68 21.37 9.8 10.85 -2.14 3.08 15.49 27.39 20.61 3.92 15.27 32.5 37.27 40.67 39.44 42.19 39.26 40.16 46.72 48.16 48.82 48.29 51.84 47.62 50.87
-9999 -9999 -9999 103.1059 93.64646 90.46 88.59 88.15 88.36 87.47 87.71 88.13 87.69 86.19 84.53 83.17 82.67 75.77 72.82 68.68 71.22 68.12 68.31 71.93 71.4 67.72 57.09 55.52 52.31 60.55 57.04 44.75 41.98 30.87 26.78 18.86 10.39 17.4 16.47 15.09 9.6 14.71 12.34 6.77 12.65 14.44 10.08 14.85 7.36 13.17 24.49 17.1 17.24 20.4 23.42 13.33 -0.56 -2.76 3.78 17.5 24.48 3.4 12.77 33.16 37.53 39.23 40.46 39.84 40.57 42.58 48.75 55.65 53.01 48.77 48.11 47.07 45.33
-9999 -9999 -9999 -9999 99.46552 89.13 89.81 92.05 89.31 93.26 95.07 88.25 84.88 87.91 86.73 85.81 86.72 83.93 78.79 73.43 68.52 70.02 71.47 72.46 72.51 67.29 60.59 51.57 56.89 55.89 42.93 28.29 16.78 15.9 24.25 20.94 21.76 15.45 3.58 8.28 3.2 2.47 11.82 20.15 7.61 17.75 19.58 22.02 15.25 24.36 26.48 18.68 24.64 18.27 23.93 13.09 12.32 12.6 14.55 27 32.02 31.96 32.3 35.52 35.41 38.06 35.06 42.17 40.76 45.69 42.13 46.35 52.89 47.89 44.35 41.28 47.13
-9999 -9999 -9999 -9999 101.975 99.1875 99.93939 100.7033 85.08 92.33 94.69 94.75 90.6 91.22 89.75 82.51 82.81 78.35 72.04 72.81 67.32 67.21 72.17 65.1 63.56 67.8 53.01 47.07 48.62 44.03 37.1 16.38 25.73 32.28 39.51 35.62 21.38 7.79 6.33 7.21 14.48 20.49 24.92 25.48 26.59 21.97 29.64 30.9 27.75 31.52 30.84 29.67 31.1 27.56 31.55 25.31 22.06 29.48 29.93 28.8 32.81 35.04 38.98 39.02 35.22 40.4 40.71 35.01 39.44 37.48 32.99 41.27 42.4 51.92 53.14 50.72 41.42
-9999 -9999 -9999 -9999 -9999 -9999 87.75 95.73 92.81 98.08 93.65 89.29 89.82 80.08 81.29 79.39 74.21 73.55 66.7 61.75 68.22 71.86 62.94 59.47 61.57 58.65 47.42 34.82 30.69 33.31 37.48 29.45 39.7 45.92 43.19 42.87 33.27 29.08 28.55 24.93 19.4 19.94 25.01 29.2 30.4 28.22 33.46 35.06 32.29 37.52 32.14 35.85 34.39 35.38 32.69 29.74 30.56 31.76 34.69 32.84 37.8 37.33 39.13 34.39 33.44 34.2 35.29 35.08 37.15 33.83 29.31 35.36 49.22 40.55 42.12 36.39 40.93
-9999 -9999 -9999 -9999 -9999 103.7119 95.24468 -9999 -9999 94.01 93.69 85.24 78.84 71.9 65.3 75.34 73.35 66.5 62.3 58.5 67.47 69.98 64.85 64.64 70.01 59.03 44.51 43.31 36.09 27.71 37.02 42.68 49.02 53.97 52.8 48.41 46.58 42.95 35.3 26.12 29.15 32.27 31.37 33.45 32.94 31.78 37.44 38.32 38.42 38.96 37 39.63 35.04 39.32 34.61 32.9 34.73 34.53 38.5 37.02 39.33 42.31 41 36.25 35.85 33.47 33.42 32.27 31.79 29.98 31.97 39.9 48.98 49.42 47.79 46.04 43.78
-9999 -9999 -9999 -9999 -9999 -9999 -9999 105.6667 101.988 99.1 92.48 84.93 77.99 73 65.42 65.8 67.48 62.01 58.11 61.58 63.8 68.34 66.89 72.73 70.83 64.09 53.77 48.35 35.64 32.56 37.79 49.89 55.73 58.65 54.17 47.44 33.13 24.33 20.95 22.69 30.83 34.29 33.98 37.1 36.22 35.8 38.35 40.91 41.97 41.02 40.62 37.87 37.75 41.49 37.81 35.82 38.75 37.72 39.09 40.73 39.97 42.82 43.22 42.3 41.23 40 36.91 31.48 31.91 31.7 36.21 38.31 35.1 37.56 40.82 41.43 43.66
-9999 -9999 -9999 -9999 -9999 -9999 -9999 103.9792 99.3913 90.66292 95.55 86.51 74.46 62.17 66.2 70.75 72.77 72.11 70.53 68.42 67.08 67.1 68.59 68.2 61.54 59.56 59.71 57.51 41.15 45.22 48.47 51.59 53.32 40.67 26.49 27.37 16.92 13.28 23.2 30.14 34.64 37.34 36.43 39.26 38.39 37.88 39.29 42.66 42.86 41.86 40.2 38.87 40.13 43.12 40.33 38.27 40.78 42.72 42.85 43.35 44.29 44.47 43.72 43.82 42.97 41.4 36.08 33.09 33.81 33.85 32.91 32.01 32.63 35.33 35.32 40.13 43.82
-9999 -9999 -9999 -9999 -9999 -9999 -9999 -9999 -9999 93.07353 93.45161 87.37 79.99 62.72 63.6 74.41 80.15 75.46 75.65 74.69 72.29 58.59 53.06 57.29 56.64 45.63 43.51 59.44 60.55 43.12 37.77 45.47 28.71 23.51 26.15 7.34 4.14 11.62 23.77 28.57 32.52 36.92 40.08 40.72 39.79 39.68 40.38 43.29 41.73 41.02 41.35 40.81 42.91 44.35 42.77 41.12 42.2 44.46 44.85 45.72 45.7 46.12 46.06 45.63 44.11 39.61 36.38 35.59 35.48 34.59 32.54 30.62 29.88 25.32 27.79 32.67 28.03
-9999 -9999 -9999 -9999 -9999 -9999 -9999 -9999 99.24359 91.4697 -9999 85.52 77.62 69.97 59.17 69.47 81.49 76.89 70.83 73.49 70.15 59.84 55.8 44.2 39.02 36.82 28.09 47.34 49.08 37.91 23.32 18.17 13.1 12.14 17.08 24.72 18.19 8.73 16.77 27.81 35.06 37.87 40.03 41.15 40.79 40.88 41.22 43.58 40.4 39.32 42.02 43.11 44.92 45.11 44.41 44.04 44.16 45.11 46.94 47.12 47.49 46.72 46.68 45.29 42.04 36.86 37.54 38.35 35.81 32.99 30.33 29.63 27 22.01 16.67 16.29 14.19
-9999 -9999 -9999 -9999 -9999 -9999 -9999 -9999 -9999 95.9011 92.36 90.51 89.37 74.47 67.79 75.17 77 72.32 70.39 66.31 63.61 59.63 59.07 42.81 29.95 23.63 16.34 30.04 43.64 31.32 22.27 8.53 -3.63 -0.94 7.18 6.41 9.71 18.08 21.81 29.56 34.04 36.76 37.48 40.83 41.98 42.01 42.36 43.88 40.76 41.77 43.43 44.75 45.61 44.93 45.22 46.03 46.61 46.08 47.3 48.98 48.76 46.78 46.36 43.46 39.65 41.62 40.96 38.16 35.9 33.71 31.46 28.77 22.56 12.94 9.35 2.1 2.67
-9999 -9999 -9999 -9999 -9999 -9999 -9999 -9999 99.93407 86.35 97.64 94 92.73 78.33 84.93 74.33 65.37 57.09 58.64 57.01 55.83 58.94 55.44 49.21 38.42 28.64 30.02 37.03 40.11 26.94 16.57 5.43 5.91 21.5 26.64 25.02 24.44 27.76 32.03 36.12 36.46 38.55 39.89 40.22 43 42.38 43.43 43.47 43.04 44.32 44.22 45.52 44.79 44.36 46.15 47.02 48.3 49.63 48.57 50.68 46.4 43.15 43.92 42.56 44.6 41.13 41 39.04 36.25 33.13 29.68 26.11 28.11 26.52 21.39 19.57 18.01
-9999 -9999 -9999 -9999 -9999 -9999 -9999 87.49207 86.41 94.24 97.1 95.02 88.42 86.42 64.96 48.71 39.54 45.53 52.08 56.58 57.56 57.49 56.53 49.6 57.3 43.25 39.59 41.19 34.8 28.09 20.9 14.67 12.16 29.86 32.18 32.38 33.32 33.82 35.97 38.09 39.71 41.03 41.96 41.82 42.16 43.37 44.52 43.83 43.69 43.38 45.45 45.12 44.43 45.81 46.6 47.69 48.89 50.42 50.36 50.91 46.56 46.97 47.79 44.84 41.75 39.99 40.11 39.19 37.51 36 33.57 30.91 27.45 29.72 29.28 22.42 8.42
-9999 -9999 -9999 -9999 -9999 -9999 -9999 91.55 98.55 96.16 91.64 73.42 77.9 69.29 44.39 54.21 57.1 60.86 56.7 47.35 44.18 48.37 49.72 54.02 64.57 52.81 46.38 48.44 42.48 36.93 35.6 30.96 21.53 36.13 36.9 34.34 32.08 35.48 36.71 37.75 38.73 40.83 42.16 42.96 43.94 44.87 44.73 44.21 44.47 45.18 45.76 44.98 44.1 46.12 46.76 47.56 47.73 46.38 44.36 48.57 50.39 47.72 45.18 42.51 39.22 37.29 37.79 36.85 34.85 33.11 31.75 27.6 25.57 22.61 29.52 26.92 24.09
-9999 -9999 -9999 -9999 -9999 -9999 -9999 98.78788 95.61364 85.77 86.49 72.12 83.85 79.31 70.03 67.93 65.81 51.08 39.09 38.79 39.34 39.01 52.63 54.64 65.15 55.57 45.48 50.48 49.19 41.18 40.22 40.25 38.54 45.27 41.22 41.92 38.23 35.66 33.22 31.86 33.63 35.85 40.35 41.31 43.26 44.34 45.51 46.04 46.47 47.04 46.39 45.87 45.41 45.37 43.82 42.93 42.64 43.2 44.86 49.9 47.33 44.93 42.94 40.39 38.35 36.94 36.06 36.33 35.07 33.97 33.49 31.09 29.04 27.26 25.47 25.98 24.57
-9999 -9999 -9999 -9999 -9999 -9999 -9999 -9999 90.39 82.36 95.17 87.98 88.61 82.26 72.38 54.25 45.74 36.8 49.19 43.14 44.86 44.09 48.16 55.99 66.87 57.35 46.49 53.91 52.41 51.52 44.14 36.88 43.73 49.8 41.94 45.08 42.26 37.54 38.79 39.76 36.88 36.31 40.12 43.95 44.55 44.38 46.04 46.09 45.35 44.4 46.25 46.1 43.69 41.41 41.04 41.25 41.85 44.85 48.6 47.64 44.87 44.34 42.53 41.18 39.88 38.82 39.42 38.58 37.2 37.08 36.28 35.5 34.2 33.41 31.77 28.24 26.8
-9999 -9999 -9999 -9999 -9999 -9999 -9999 -9999 96.24445 96.07143 90.31 85.79 79.41 81.74 74.54 67.37 63.27 64.03 53.67 45.46 44.27 50.49 58.31 64.5 61.07 50.13 55.11 60.2 61.84 53.2 43.26 32.87 43.83 43.78 46.17 47.62 40.74 38.05 38.38 39.87 41.17 40.3 40.72 43.1 44.78 45.2 46.15 46.51 45.73 45.14 44.3 42.42 41.24 41.57 41.21 41.08 42.88 47.7 45.62 44.81 44.35 44.07 42.31 40.6 39.92 38.54 42.42 42.77 41.79 39.88 39.49 38.08 36.63 35.47 34.1 32.97 31.33
-9999 -9999 -9999 -9999 -9999 -9999 -9999 -9999 98.30264 93.35 91.06 90.96 93.46 89.8 85.06 73.98 68.6 51.87 48.42 51.44 58.28 58.64 63.48 65.35 48.22 57.41 63.56 68.37 67.79 57.64 46.22 41.77 41.34 47.37 48.84 48.66 44.45 42.2 39.78 40.56 40.16 41.41 43.02 43.93 44.4 45.94 46.47 44.29 44.12 43.72 43.85 44.77 43.86 42.98 41.71 41.54 46.04 47.49 45.56 46.15 45.28 43.83 43.34 44.09 44.63 41 42.84 39.9 39.92 39.71 39.77 38.09 36.77 36.18 36.32 35.92 33.09
-9999 -9999 -9999 -9999 -9999 -9999 -9999 -9999 -9999 94.37 95.24 93.15 91.09 81.67 82.75 79.6 66.1 64.86 65.86 64.43 67.64 53.5 54.59 46.18 50.69 63.35 70.4 72.47 67.14 58.21 52.27 52.08 50.78 55.9 53.78 51.59 45.91 42.13 43.46 43.72 43.44 41.29 42.83 43.85 44.87 47.28 47.81 46 45.95 46.39 46.6 46.4 46.73 44.97 45.46 47.55 48.04 47.98 47.68 42.82 42.62 41.1 39.97 40.17 40.84 40.3 37.87 36.08 36.7 36.14 32.94 33.22 31.4 34.42 36.31 36.66 37.38
-9999 -9999 -9999 -9999 -9999 -9999 -9999 -9999 -9999 97.14 93.28 92.05 86.48 87.08 83.52 77.93 70.03 67.73 79.39 66.56 50.98 47.99 47.96 52.98 58.72 59.22 60.39 71.2 66.28 53.26 43.3 55.39 58.55 58.81 55.71 53.08 47.62 44.56 46.78 43.22 42.37 43.96 43.43 44.71 46.01 46.62 47.24 45.88 46.59 47.96 48.6 47.78 48.11 48.06 47.43 46.64 47.2 47.81 46.19 42.66 41.34 40.3 39.77 39.08 39.25 39.3 38.09 32.77 27.48 26.51 27.79 33.93 33.72 31.71 32.93 31.67 32.68
-9999 -9999 -9999 -9999 -9999 -9999 -9999 -9999 -9999 97.70707 95.64 93.76 91.52 87.83 82.21 81.1 71.12 72.54 78.92 63.14 39.56 55.47 52.89 54.09 61.77 69.9 70.28 68.39 62.68 64.37 56.27 60.49 58.33 48.94 44.6 45.32 47.7 49.73 45.61 42.49 41.36 41.66 42.37 42.84 44.05 43.66 43.42 44.75 44.76 45.31 45.78 46.45 46.33 46.27 45.03 44.81 46.26 47 45.05 44.61 45.64 43.84 42.74 42.09 40.71 39.49 39.81 34.17 28.73 31.13 33 33.51 32.45 31.32 27.92 25.57 24.88
-9999 -9999 -9999 -9999 -9999 -9999 -9999 -9999 -9999 97.77215 93.55 91.54 85.33 79.8 80.96 82.91 80.37 83.1 64.82 52.96 64.85 67.05 57.52 65.82 57.43 68.03 58.34 57.72 69.47 68.59 63.52 65.56 56.27 47.89 48.11 51.45 54.12 48.56 45.38 43.87 42.1 41.27 40.43 40.1 40.07 39.79 41.04 42.32 44.51 46.73 44.69 45.78 46.23 46.88 47.37 47 46.25 46.15 45.89 45.63 45.15 44.51 43.19 41.31 39.94 39.35 37.84 36.48 32.97 35.29 33.51 28.64 22.21 18.42 18.35 17.08 17.95
-9999 -9999 -9999 -9999 -9999 -9999 -9999 -9999 -9999 98.03773 95.13 91.58 88.85 84.4 84.61 82.22 85.46 67.91 60.48 58.83 77.68 70.88 67.25 74.82 71.36 66.13 54.68 54.79 72.91 67.32 60.1 60.74 53.45 52.82 51.2 51.57 46.01 44.6 45.22 45.28 44.4 41.98 40.51 38.3 38.94 40.39 40.57 40.3 42.23 44.73 45.66 46.06 46.78 46.77 46.99 46.59 45.63 45.61 43.93 44.76 44.11 43.47 42.37 40.85 39.52 38.62 37.55 35.64 32.88 31.89 31.35 21.75 6.37 6.01 11.24 15.27 12.83
-9999 -9999 -9999 -9999 -9999 -9999 -9999 -9999 -9999 -9999 95.01075 94.48 91.71 86.98 83.94 85.21 80.61 76.03 75.93 71.11 77.28 71.93 70.67 70.85 66.73 68.58 69.39 69.35 75.57 62.98 59.25 61.79 60.14 54.86 48.77 47.9 46.67 44.75 43.66 43.42 44.47 44.9 43.31 42.82 42.82 42.88 42.98 42.67 43.5 44.96 46.3 46.06 45.96 45.52 45.89 46.42 44.2 44.3 42.34 43.15 43.17 41.62 40.3 40.77 39.15 35.69 32.53 31.42 29.79 25.14 15.7 7.46 9.37 18.43 13.94 21.44 19.83
-9999 -9999 -9999 -9999 -9999 -9999 -9999 -9999 -9999 -9999 95.83334 91.23 92.95 90.1 87.15 79.63 63.85 65.8 50.52 52.53 63.72 57.78 60.04 56.94 54.29 55.94 62.1 62.94 73.2 69.98 68.92 66.45 65.02 55.39 50.23 48.96 46.85 45.98 43.95 43.07 43.25 43.58 43.81 44.2 44.13 44.2 44.31 43.79 43.19 44.05 45.13 45.23 44.77 44.5 45.12 44.45 42.53 43.29 41.67 41.47 41.29 39.41 40.53 38.53 35.46 32.17 28.09 15.95 14.33 14.34 28.02 27.78 16.27 23.41 30.68 28.65 25.76
-9999 -9999 -9999 -9999 -9999 -9999 -9999 -9999 -9999 -9999 97.52325 90.88 86.55 83.51 81.75 78.97 71.09 56.69 48.5 50.95 50.35 48.85 54.96 61.66 53.6 48.44 55.78 66.08 69.69 62.37 61.28 63.6 55.83 53.28 51.26 50.58 48.4 45.49 45.05 44.9 43.09 42.54 44.24 44.33 43.87 44.03 45.15 46.9 47.35 45.06 44.36 43.51 43.15 42.88 42.62 41.8 42.38 42.72 41.29 39.85 38.6 39.22 39.63 38.82 34.27 29.48 13.03 5.12 19.23 29.48 33.34 34.99 30.34 30.4 36.36 36.29 36.98
