layers/wordclim/current/bio_05.asc
ncols         166
nrows         93
xllcorner     -9.4959440078468
yllcorner     36.000324005443
cellsize      0.083333337679505
NODATA_value  -9999
[rows 0 to 32 of 93, columns 0 to 72 of 166]
-9999 -9999 -9999 -9999 -9999 -9999 -9999 -9999 -9999 -9999 -9999 -9999 -9999 -9999 -9999 -9999 -9999 225.8781 220.9028 229.1492 230.3485 229.8409 232.6377 233.8182 -9999 -9999 -9999 -9999 -9999 -9999 -9999 -9999 -9999 -9999 -9999 -9999 -9999 -9999 -9999 -9999 -9999 -9999 -9999 -9999 -9999 -9999 -9999 -9999 -9999 -9999 -9999 -9999 -9999 -9999 -9999 -9999 -9999 -9999 -9999 -9999 -9999 -9999 -9999 -9999 -9999 -9999 -9999 -9999 -9999 -9999 -9999 -9999 -9999
-9999 -9999 -9999 -9999 -9999 -9999 -9999 -9999 -9999 -9999 -9999 -9999 -9999 -9999 -9999 -9999 227.1364 227.0105 225.75 229.72 226.35 226.3 232.3939 228.41 230.06 235.3402 -9999 -9999 -9999 -9999 -9999 -9999 -9999 -9999 -9999 -9999 -9999 -9999 -9999 -9999 -9999 -9999 -9999 232.875 231.2885 -9999 -9999 -9999 -9999 -9999 -9999 -9999 -9999 -9999 -9999 -9999 -9999 -9999 -9999 -9999 -9999 -9999 -9999 -9999 -9999 -9999 -9999 -9999 -9999 -9999 -9999 -9999 -9999
-9999 -9999 -9999 -9999 -9999 -9999 -9999 -9999 -9999 -9999 -9999 -9999 -9999 -9999 225.8889 228 228.2626 228.43 227.79 224.88 222.91 224.62 227.99 224.27 235.04 239.73 240.7789 241.1266 241.9296 245.0909 244.65 244.4286 243.1053 245.5065 241.6709 243.5303 242.4658 240 238.0341 238.5464 238.5256 237.631 236.7172 234.96 232.38 231.3377 229.8689 229.5333 229.6949 -9999 -9999 -9999 -9999 -9999 -9999 -9999 -9999 -9999 -9999 -9999 -9999 -9999 -9999 -9999 -9999 -9999 -9999 -9999 -9999 -9999 -9999 -9999 -9999
-9999 -9999 -9999 -9999 -9999 -9999 -9999 -9999 -9999 -9999 -9999 -9999 -9999 -9999 -9999 -9999 228 225.45 224.75 227.5 225.29 221.74 220.12 220.58 228.47 236.99 241.36 237.98 243.87 244.2525 239.48 237.4 237.05 242.4 234.3 239.14 241.21 238.47 234.31 239.73 241.6465 238.68 237.13 237.02 235.59 233.8 232 231.22 232.72 232.14 231.69 231.3846 234.0256 235.2034 234.8 -9999 -9999 -9999 -9999 -9999 -9999 -9999 -9999 -9999 -9999 -9999 -9999 225.8356 -9999 225.1429 223.4583 224.977 224.6956
-9999 -9999 -9999 -9999 -9999 -9999 -9999 -9999 -9999 -9999 -9999 -9999 -9999 -9999 229.8209 232.2708 230.32 227.76 227.52 226.18 228.59 228.49 228.89 226.14 229.56 232.06 235.96 241.11 241.22 234.62 228.6 233.72 239.13 236.93 234.2 241.13 236.4 233.1 239.44 243.02 243.24 244.03 242.96 240.48 239.49 237.82 236.43 235.7 235.09 234.95 234.89 236.98 237.11 233.44 232.62 230.96 227.43 230.9574 233.2469 235.4247 235.4805 235.1795 233.2083 230.494 229.8469 230.58 228.17 226.99 225.4375 226.25 223.78 224.44 226.5357
-9999 -9999 -9999 -9999 -9999 -9999 225.1481 226.825 227.0811 -9999 228.2162 228.6385 228.73 230.697 232.62 -9999 232.8 230.34 226.43 228.45 231.16 232.99 234.05 236.38 235.18 236.61 237.11 242.09 233.78 231.75 233.75 242.14 238.94 230.26 231.71 240.38 243.48 242.92 239.26 242.13 240.61 240.65 242.3 243.67 242.72 241.34 239.54 235.97 234.67 235.99 232.27 234.72 236.31 230.79 225.27 225.91 229.87 226.14 231.47 229.73 232.53 230.36 230.46 230.58 228.03 229.49 228.43 227.25 223.39 220.49 221.35 222.48 225.54
-9999 -9999 -9999 -9999 -9999 -9999 225.3288 226.93 228.16 229.65 229.87 228.32 230.86 232.58 235.09 235.88 233.02 231.56 229.62 231.61 232.69 236.34 237.32 239.88 240.71 239.72 237.39 240.29 237.39 235.6 240.57 244.82 235.07 229.09 239.14 243.26 242.41 233.19 236.32 233.95 233.92 241.88 227.43 239.72 245.61 241.2 239.03 239.11 237.4 236.17 225.83 230.61 232.34 221.53 198.26 209.59 203.43 207 228.46 223.05 226.5 228.78 229.27 225.61 227.53 229.68 226.7 225.9 224.92 217.58 211.07 219.26 224.42
-9999 -9999 -9999 -9999 225.6774 224.38 225.75 225.35 226.35 228.6 229.81 232.77 235.29 235.68 236.52 234.51 232.05 232.38 231.55 234.1 234.99 237.07 240.88 242.04 242.03 240.23 237.3 241.34 233.44 237.77 236.27 242.95 237.02 232.6 239.55 241.95 232.97 223.49 234.98 226.93 232.05 228.44 239.03 239.13 244.5 238.04 239.01 238.39 230.12 223.87 228.09 223.84 218.21 225.55 212.78 205.91 212.48 229.53 234.57 229.95 214.25 221.5 223.79 223.56 223.73 229.21 223.21 226.57 223.81 213.51 211.02 214.81 218.11
-9999 -9999 -9999 224.5979 224.3 222.18 224.14 225.55 227.76 230.01 233.64 237.38 240.55 241.46 240.68 239.26 236.57 233.94 230.14 233.22 237.6 238.6 241.99 242.99 241.72 241.28 237.69 237.16 242.52 242.04 247.96 246.91 235.97 228.95 239.34 228.39 229.44 211.38 210.21 214.75 204.75 216.07 209.71 234.14 242.13 219.62 217.09 222.98 215.81 212.21 223.6 215.99 223.46 226.1 215.74 215.91 203.91 205.97 214.98 222.45 217.48 204.33 211.91 222.01 223.44 224.17 223.04 223.59 221.61 221.96 224.59 225.24 225.5
-9999 -9999 -9999 225.6 222.3737 222.69 224.28 227.01 230.09 233.21 237.26 241.38 244.73 245.61 243.51 240.82 239.58 234.84 234.41 233.86 238.11 238.32 240.97 246.17 247.98 247.28 241.32 242.42 241.84 249.76 248.63 240.83 239.8 231.79 229.57 223.73 216.92 224.98 225.39 225.26 220.59 227.01 225.68 220.54 227.15 229.84 225.28 230.28 221.97 227.59 236.8 229.43 228.41 229.59 230.93 221.65 208.57 205.64 210.64 220.46 224.58 207.69 214.13 226.6 228.21 228.03 227.9 226.85 226.51 227.08 229.44 232.41 231.35
-9999 -9999 -9999 -9999 225.9828 222.36 225.37 229.16 231.18 236.09 239.72 242.91 246.73 247.76 246.86 244.67 244.64 242.28 240.55 239.49 238.59 242.61 246.53 249.69 252.05 250.41 247.43 242.23 248.49 249.73 240.97 229.2 219.78 220.92 230.8 229 231.19 226.2 215.14 221.49 217.13 217.55 229.02 239.2 226.06 237.85 240.22 242.16 234.55 242.65 243.27 235.04 238.73 232.22 235.63 225.4 223.57 222.71 222.98 231.36 233.7 232.4 231.46 232.49 231.55 232.06 229.51 232.51 230.98 232.72 230.51 232.37 235.34
-9999 -9999 -9999 -9999 227.375 227.2813 230.0152 232.5824 229.47 235.44 239.78 242.89 246.07 248.05 248.67 242.87 242.29 239.78 238.25 241.71 240.47 243.36 250.3 247.1 248.6 254.37 244.3 241.69 245.16 243.09 239.04 220.04 231.88 240.31 248.85 246.78 234 221.24 221.09 223.45 233.33 241.53 247.87 249.9 252.06 247.9 255.82 256.63 252.41 254.22 251.96 249.33 248.47 244.09 245.69 239.48 235.33 239.88 238.89 236.84 238.42 238.64 240.01 238.93 235.7 237.8 237.05 233.17 235.05 233.2 230.39 234.34 235
-9999 -9999 -9999 -9999 -9999 -9999 223.6522 229.95 231.64 236.46 238.41 241.03 244.87 241.79 244.2 242.57 238.51 239.74 237.4 236.28 244.47 250.99 245.83 245.59 250.26 250.17 242.27 232.46 230.76 235.77 242.65 236.57 249.15 256.86 256.14 257.42 249.62 247.02 248.67 246.86 242.76 245.11 252.42 258.71 261.39 260.3 265.72 265.97 262.07 263.8 257.81 258.64 255.49 254.42 250.95 247.25 246.11 245.62 246.32 243.93 245.93 244.52 244.42 240.54 239.13 238.81 238.94 237.93 238.59 236.08 232.62 235.83 243.12
-9999 -9999 -9999 -9999 -9999 228.9322 226.5319 -9999 -9999 233.94 237.17 238.33 239.18 235.86 231.46 241.51 241.38 237.94 236.84 236.38 247.56 253.15 251.05 253.71 261.09 253.72 242.34 243.49 238.67 232.58 244.82 252.86 260.82 267.04 268.61 266.61 266.39 264.42 259.07 252.06 257.04 262.02 263.33 267.32 268.8 269.91 275.02 273.72 271.48 269.31 265.8 265.39 260.43 261.37 256.31 253.43 253.23 251.65 253.09 250.79 251.12 251.87 249.91 246.09 245.02 242.89 242.22 240.9 240.04 238.13 238.95 243.07 247.69
-9999 -9999 -9999 -9999 -9999 -9999 -9999 233 232.9398 233.9 235.26 237.34 237.98 237.49 233.24 235.81 239.73 237.02 236.03 242.24 247.73 255.57 256.91 264.91 265.21 261.59 254.35 251.39 241.01 240.12 248.26 262.51 269.51 274.07 273.49 269.71 256.41 248.44 246.92 251.29 261.9 267.43 269.28 273.83 275.63 277.38 279.27 278.47 277.06 274.47 272.08 268.26 266.09 266.73 262.41 259.47 260.04 257.88 257.39 257.32 255.72 256.43 255.79 254.31 252.93 251.58 249.05 244.85 244.77 244.11 246.42 247.06 244.57
-9999 -9999 -9999 -9999 -9999 -9999 -9999 231.1667 231.1087 230.7079 234.6 237.1 236.36 229.05 235.67 243.15 248.15 250.98 252.72 253.59 255.49 257.92 262.34 264.35 260.01 260.03 262.15 262.79 249.24 255.62 260.92 267.1 270.59 260.74 247.32 250.45 240.21 238.09 252.34 262.14 268.55 272.85 273.91 278.09 279.31 280.28 281.23 281.62 280.29 277.91 275 272.36 271.24 271.25 267.8 264.84 265.11 265.07 263.92 263.04 262.57 261.54 260.17 259.46 258.28 256.84 252.82 250.66 250.79 250.42 248.62 247.19 247.41
-9999 -9999 -9999 -9999 -9999 -9999 -9999 -9999 -9999 231.75 234.8925 238.43 240.74 230.63 234.94 249.43 259.37 258.93 263.06 265.93 265.75 251.68 247.93 255.39 257.57 248.51 248.98 267.67 270.67 255.48 252.31 262.62 247.11 243.62 248.98 228.67 226.59 237.89 255.34 262.83 269.02 274.85 278.87 280.8 281.7 282.35 282.89 283.77 281.87 279.97 278.46 276.47 275.99 275.4 272.94 270.4 269.73 269.99 269.05 268.36 267.27 266.58 265.56 264.54 263 259.56 257.17 256.58 256.57 256.04 252.6 250.36 249.38
-9999 -9999 -9999 -9999 -9999 -9999 -9999 -9999 231.5641 231.803 -9999 239.33 240.25 238.63 231.62 247.51 264.46 264.19 260.74 268.36 266.98 256.04 254.04 242.6 239.73 240.1 232.91 257.9 262.6 253 238.43 234.76 230.88 232.17 240.26 251.55 245.74 235.86 248.48 263.66 273.15 277.39 280.5 282.78 283.72 284.2 284.53 285.55 282.73 280.67 281.18 280.42 280.12 278.97 277.23 275.71 274.29 273.84 273.91 272.99 272.28 270.69 269.81 268.09 265.35 261.21 261.57 262.37 260.84 258.49 254.95 253.2 250.59
-9999 -9999 -9999 -9999 -9999 -9999 -9999 -9999 -9999 234.8571 238.59 244.22 250.95 244.74 243.75 256.95 264.05 262.73 263.63 261.27 260.63 258.27 260.66 242.88 230.27 225.81 220.33 239.61 258.95 247.07 238.77 224.41 211.64 217.24 229.3 230.41 236.55 249.33 256.17 267.12 273.59 277.82 280.06 283.45 285.33 285.73 286.02 286.8 284.39 283.98 284.2 283.78 283.08 281.49 280.6 279.99 279.41 277.79 277.61 277.66 276.61 274.23 272.84 269.98 266.85 267.86 267.16 265.34 263.97 261.81 258.92 256.04 249.76
-9999 -9999 -9999 -9999 -9999 -9999 -9999 -9999 234.0769 232.1 243.65 248.73 255.46 251.17 265.95 258.81 251.5 243.07 249.05 250.05 251.9 259.32 257.67 252.64 242.28 233.13 238.03 250.05 256.62 243.08 232.97 221.44 224.57 246.51 255.06 254.86 256.25 262.23 269.14 275.25 277.08 280.49 282.83 283.82 286.86 286.77 287.63 287.5 287.05 287.06 286.39 286.35 284.78 283.45 283.82 283.44 283.38 283.34 281.68 282.19 277.94 274.46 273.97 272.3 273.25 270.33 270.01 268.46 266.32 263.49 260.05 256.1 257.71
-9999 -9999 -9999 -9999 -9999 -9999 -9999 225.4921 228.46 237.76 245.23 251.25 253.9 260.9 243.39 226.79 219.16 229.33 240.99 250.91 256.15 259.12 261.39 254.68 267.7 253.02 251.6 256.69 251.57 245.96 239.61 234.21 233.54 258.09 262.83 264.59 267.36 270 274.25 278.1 281.1 283.34 285.26 285.94 287.05 288.39 289.46 288.8 288.57 287.81 288.69 287.81 286.56 286.71 286.53 286.32 286.58 286.88 285.7 285.31 280.77 280.01 279.69 276.63 273.68 271.79 271.53 270.71 269.31 267.88 265.5 262.99 259.47
-9999 -9999 -9999 -9999 -9999 -9999 -9999 228.2833 236 240.04 243.72 236.41 246.57 243.74 219.23 234.56 242.46 251.43 248.64 238.49 237.23 247.02 252.78 262.3 277.96 266.66 261.69 267.17 262.57 258.62 259.49 256.11 246.45 266.66 269.47 267.88 266.86 272.62 275.76 278.34 280.71 283.72 286.09 287.5 289.01 290.36 290.08 289.74 289.88 290 290.06 289.11 287.83 289.02 289.02 288.76 287.96 286.27 283.47 285.84 286.24 282.85 279.81 276.93 273.55 271.55 271.7 270.75 268.68 267.01 265.72 261.62 259.67
-9999 -9999 -9999 -9999 -9999 -9999 -9999 233.1515 235.3636 234.6 241.42 235.8 252.24 254.9 250.35 253.44 255.59 238.87 225.59 228.29 231.35 235.15 258.37 264.68 280.56 271.78 261.94 270.93 272.04 264.87 266.24 268.9 268.83 278.19 275.15 276.93 274.23 273.46 272.47 272.74 276.35 279.89 285.19 286.79 289.15 290.43 291.16 291.68 292.06 292.03 291.4 290.65 290.2 289.81 288.23 286.98 285.96 285.69 286.04 289.04 285.72 282.54 279.93 277.03 274.53 272.81 271.63 271.82 270.32 269.43 268.81 266.61 264.9
-9999 -9999 -9999 -9999 -9999 -9999 -9999 -9999 232.5 232.6 247.24 248.82 256 257.23 253.24 236.17 229.09 221.19 240.11 234.19 239.56 242.47 252.74 267.74 284.11 275.25 264.51 276 276.79 277.79 271.8 265.56 276 283.55 276.9 280.95 279.04 276.02 278.94 281.37 280.1 280.94 285.51 289.38 290.54 290.96 292.52 292.43 292.05 291.37 292.4 292.1 290.05 288.07 287.42 287.08 287.34 289.09 291.17 289.06 285.36 283.75 280.97 279.14 277.31 275.68 276.08 275.02 273.55 273.52 272.67 272.17 271.19
-9999 -9999 -9999 -9999 -9999 -9999 -9999 -9999 235.9556 241.6327 244.2 247.72 248.8 256.71 255.9 252.85 252.59 258.31 247.66 239.17 240.53 253.95 269.52 280.46 278.34 267.63 276.31 283.97 287.38 280.81 271.69 260.73 276.4 278.06 281.89 283.93 277.98 276.95 278.97 281.92 284.83 285.08 286.65 289.26 291.11 292.29 293.16 293.63 292.98 292.5 291.88 290.08 288.88 289.1 288.53 288.44 289.98 293.28 290.06 287.9 286.17 284.65 282.09 279.85 278.29 276.62 279.75 279.96 278.57 276.88 276.8 275.65 274.37
-9999 -9999 -9999 -9999 -9999 -9999 -9999 -9999 237.6447 239.98 244.69 251 258.81 262.63 265.72 261.49 260.65 242.37 241.26 249.6 263.92 267.98 278.28 283.33 262.73 277.98 286.89 293.19 293.91 285.81 275.62 272.23 274.03 281.91 284.57 285.39 282.37 281.65 280.74 283.06 284.07 286.27 289.15 290.44 291.28 293.24 294.01 291.95 292.12 291.85 291.82 292.55 291.86 290.97 289.84 289.85 293.87 294.31 291.14 290.03 287.91 285.37 283.96 283.89 283.38 279.81 281.03 278.07 278.06 277.67 277.73 276.4 275.73
-9999 -9999 -9999 -9999 -9999 -9999 -9999 -9999 -9999 240.29 246.88 251.77 256.96 256.63 263.58 266.89 257.8 261.59 266.77 269.06 278.16 261.36 267.29 257.63 267.39 286.05 294.95 297.81 294.37 287.11 282.81 284.22 284.32 290.23 289.56 288.63 284.23 281.91 284.73 286.41 287.63 286.49 289.06 290.75 292.14 294.86 295.36 293.86 293.75 294.25 294.8 294.74 294.73 293.29 293.81 295.28 295.64 294.83 293.55 287.64 285.96 283.52 281.21 280.82 280.71 279.82 276.97 275.16 275.85 275.02 272.1 272.95 271.49
-9999 -9999 -9999 -9999 -9999 -9999 -9999 -9999 -9999 241.3 245.16 250.79 253.68 260.33 263.78 265.43 263.11 265.64 282.85 273.6 255.58 254.8 258.17 269.09 280.09 282.23 285.18 297.82 294.14 281.99 271.91 287.64 292.09 293.23 291.46 290.17 286.11 284.6 288.36 286.4 286.85 289.46 289.86 292.02 293.63 294.55 295.22 293.94 294.63 296 296.52 295.86 295.97 296.16 295.26 294.14 294.52 294.49 292.06 287.36 284.79 282.95 281.49 280.28 279.54 279.06 277.73 272.2 266.93 265.95 267.81 274.35 274.38
-9999 -9999 -9999 -9999 -9999 -9999 -9999 -9999 -9999 240.9293 245.88 251.15 256.31 260.24 262.44 267.65 264.42 271.28 282.58 270.22 238.64 268.35 267.23 271.95 284.4 295.09 296.42 295.36 291.04 293.68 287 293.09 291.8 283.89 280.44 282.67 286.58 289.99 287.51 285.95 285.99 287.37 289.22 290.35 291.81 291.89 291.61 292.74 292.68 293.25 293.81 294.46 294.25 294.24 292.85 292.38 293.52 293.65 290.7 289.6 289.37 286.9 284.78 283.26 281.37 279.85 279.95 274.21 268.61 271.41 273.57 274.4 273.67
-9999 -9999 -9999 -9999 -9999 -9999 -9999 -9999 -9999 240.6962 244.16 249.69 251.76 254.15 260.91 268.69 272.7 280.2 266.68 255.97 277.92 287.21 275.57 288.94 279.34 293.18 283.04 284.1 297.66 298.31 294.58 297.93 290.08 282.48 284.35 289.04 293.28 289.21 287.53 287.29 287.01 287.4 287.22 287.62 287.97 288.09 289.13 290.28 292.42 294.39 292.27 293.3 294.15 294.1 294.66 294.52 293.67 292.31 291.41 290.33 289.02 287.56 285.2 282.73 280.76 279.83 278.27 276.86 273.42 275.84 274.32 269.82 263.59
-9999 -9999 -9999 -9999 -9999 -9999 -9999 -9999 -9999 240.8302 245.1 249.96 254.18 257.16 263.2 267.39 275.5 264.86 261.94 263.58 290.9 290.21 287.53 296.62 295.04 290.36 278.39 280.22 300.89 296.99 290.52 292.98 286.84 287.55 287.33 289.46 285.19 285.23 287.62 288.85 289.6 288.38 287.43 285.78 287.18 289.18 288.8 288.04 289.54 291.87 292.5 293.1 293.62 293.76 293.95 293.93 292.2 291.27 289.11 289.34 287.87 286.13 284.49 282.58 280.55 279.14 278.03 276 273.42 272.51 272.41 262.7 246.81
-9999 -9999 -9999 -9999 -9999 -9999 -9999 -9999 -9999 -9999 245.3763 251.29 255.49 258.52 262.4 269.02 271.35 272.86 278.19 276.43 289.06 288.01 288.47 291.04 289.89 293.17 295.26 296.38 304.14 292.54 289.96 294.37 293.72 289.76 284.52 285.37 285.97 285.53 285.66 287.25 289.73 291.43 290.83 291.46 291.68 291.92 291.21 289.79 289.97 291.13 292.5 292.74 292.73 292.58 292.71 292.66 290.32 290.04 286.98 287.5 286.84 284.28 282.17 281.96 279.95 275.91 272.42 271.54 270.22 265.65 255.95 247.69 250.51
-9999 -9999 -9999 -9999 -9999 -9999 -9999 -9999 -9999 -9999 244.0714 248.07 255.13 259.61 264.12 264.2 253.56 261.48 246.45 253.67 273.93 269.41 275.54 273.45 272.35 276.63 286.83 289.18 301.75 299.81 299.88 298.9 298.73 290.29 286.2 286.34 285.86 286.79 286.23 286.84 288.62 290.03 291.73 293.1 294.01 294.19 292.91 290.8 289.28 289.41 291.17 291.5 291.52 291.14 291.6 290.61 288.51 288.86 285.92 285.47 284.29 281.53 282.42 279.42 275.83 272.12 267.75 254.24 253.31 253.86 269.86 270.16 258.49
