layers/wordclim/current/bio_03.asc
ncols         166
nrows         93
xllcorner     -9.4959440078468
yllcorner     36.000324005443
cellsize      0.083333337679505
NODATA_value  -9999
[rows 36 to 71 of 93, columns 0 to 80 of 166]
-9999 -9999 -9999 -9999 -9999 -9999 -9999 -9999 -9999 45.56757 45 44.42 43.85 43 41.36 41.28 40.44 40.61 39.64 39.04 38.91 38.48 37.94 37.21 36.74 36.55 36.48 36.19 35.8 35.82 35.87 35.67 35.97 36.06 36.17 36.15 36.7 36.99 37 37.04 37.25 37.86 38 38 38.06 38.66 38.93 38.96 38.98 38.77 38.29 38 38 37.95 37.78 37.21 37 37 36.38 36.13 36.53 36.26 36.51 36.62 36.31 35.66 35.45 35.11 35 35.21 35 35 35 35.03 35.17 35.01 35.29 36 36.22 36.71 36.98
-9999 -9999 -9999 -9999 -9999 -9999 -9999 -9999 -9999 45.32433 45.05155 44.52 43.99 42.96 41.76 39.85 38.89 40.24 40.08 39.56 39.05 38.19 37.35 37.29 37.25 36.64 36.03 34.3 34.69 35.15 35.08 35.17 35.64 36.01 36.01 36.31 36.36 36.56 36.89 36.98 37 37.3 37.82 38 38.01 38.14 38.28 38.28 38.24 38.07 37.98 37.93 37.68 37.51 37.36 37.06 37 36.95 36.56 36.56 36.56 36.75 36.6 36.81 35.61 35 35.19 35.15 34.84 34.67 34.84 34.96 35.05 35.2 35.2 35.01 35.61 36 36.12 36.92 37
-9999 -9999 -9999 -9999 -9999 -9999 -9999 -9999 -9999 45.09 44.84 44.36 44.03 43.27 41.44 39.31 41.07 40.74 40.21 39.4 38.98 38.28 37.97 36.85 34.3 33.13 33.61 33.76 34.02 34.47 34.93 34.97 35.15 35.91 35.99 36.04 36.15 36.02 36.12 36.4 36.85 37.03 37.36 37.93 38 38 38.01 37.99 38 37.98 37.92 37.56 37.14 37.04 37 37 37 36.97 36.76 36.06 36.04 35.92 35.84 35.84 35.1 35 34.99 34.71 34.15 34.63 34.39 34.69 35.5 35.86 35.6 35.63 35.98 36.02 36.28 36.97 36.99
-9999 -9999 -9999 -9999 -9999 -9999 -9999 -9999 45.06452 44.89 44.59 44.08 43.95 43.02 41.88 41.52 41.33 40.82 40.09 39.52 38.65 37.73 35.04 32.05 32.53 33.18 34.2 33.4 34.03 34.44 34.54 34.73 35.12 35.5 35.35 35.93 35.96 35.95 36.15 36.58 36.78 37.13 37.31 37.44 37.65 37.67 37.83 37.92 37.95 37.74 37.51 37.1 37 37 37 37 36.99 36.72 36.26 36.07 35.98 35.47 35.3 35.13 35 35 34.94 34.98 34.6 34.42 34.11 34.23 35.46 35.98 36 36 36 36.15 36.73 36.83 36.93
-9999 -9999 -9999 -9999 -9999 -9999 -9999 -9999 44.85714 44.62 44.25 44.01 43.9 42.69 42.2 42.12 41.35 40.78 39.91 38.74 37.93 35.05 31.79 31.95 34.46 35.58 35.49 34.27 33.81 34.07 33.97 34.27 34.48 34.98 35.02 35.4 35.36 35.83 36.18 36.82 37 37.04 36.99 37.04 37.1 36.73 37.11 37.47 37.32 37.08 37 37 37 37 37 37 36.94 36.74 36.64 36.36 35.94 35.62 35.11 35.01 35 35 34.92 34.96 34.88 34.09 34.1 34.43 35.05 35.94 36 36 36 36.3 36.42 36.56 36.95
-9999 -9999 -9999 -9999 -9999 -9999 -9999 -9999 44.38 44.26 44.04 43.98 43.81 42.59 42.16 42 41.03 40.34 39.51 38.06 36.91 35.22 32.65 32.56 35.58 35.93 35.45 34.9 34.17 33.56 33.58 33.55 34.05 34.71 34.79 35.3 35.69 36 36.48 36.89 37 36.99 36.97 37 36.58 36.4 36.89 36.97 36.98 36.93 36.96 37 37 37 37 36.95 36.56 36.1 36.07 36 35.84 35.37 35.03 35 35 35 34.98 35 34.97 34.55 34.24 34.77 35.15 35.94 36 36 36 36.12 36.24 36.77 37
-9999 -9999 -9999 -9999 -9999 -9999 -9999 44.09589 44.07 44.07 44 43.97 43.73 42.71 42.09 41.35 40.76 39.65 37.72 35.75 34.73 36.02 36.15 35.91 35.85 35.56 35.63 35.34 34.78 34.6 35.29 35.57 34.55 35.38 35.82 35.95 36.1 36.02 36.7 36.98 37 37 36.75 36.39 36.84 36.69 36.35 36.56 36.76 36.99 36.99 37 37 37 36.98 36.51 36.33 36.01 36 36 35.76 35.22 35.03 35 35 35 34.94 34.99 34.96 34.88 34.91 34.99 35.17 35.81 36 36 36.06 36.35 36.64 37 37.02
-9999 -9999 -9999 -9999 -9999 -9999 -9999 -9999 44 43.89 43.79 43.47 42.99 42.51 42 40.17 38.69 37.65 37.08 35.89 35.95 36.47 35.78 35.25 35.34 35.55 35.94 35.78 35.62 35.89 36 35.99 35.8 36.08 36.3 36.16 36 36.06 36.61 36.62 37 36.83 36.59 36.74 36.56 36.91 36.99 37 37 37 37 37 37 37 36.96 36.69 36.24 36.12 36 36 35.78 35.37 35.05 35 35 35 35 35 35 35 35 35.07 35.69 36 36 36 36.08 36.54 37 37.01 37.17
-9999 -9999 -9999 -9999 -9999 -9999 -9999 43.73333 43.45 43.47 43.32 42.61 42.04 41.79 39.43 37.79 38.11 38.26 37.61 37.31 37.2 35.69 35.72 35.03 35.89 36 35.95 35.97 35.69 35.56 35.64 36.05 36.08 36.62 36.45 36.13 36.13 36.46 36.65 36.96 36.83 36.74 36.85 36.92 36.96 37 37 37 37 37 37 37 37 37 36.88 36.35 36.08 36 36 36 35.88 35.49 35.13 35 35 35 35 35 35 35 35.07 35.35 35.79 36 36 36.08 36.48 36.83 37 37.01 37.49
-9999 -9999 -9999 -9999 -9999 -9999 -9999 43.24 43 42.99 42.91 41.79 41.86 41.08 39.69 39.41 39.38 38.52 37.33 36.63 36.14 36.12 36.83 36.14 36 36.02 36.05 36.14 36.04 36 36.02 36.15 35.99 36.22 36.26 36.32 36.52 36.62 36.35 36.46 36.16 36.51 36.98 37 37 37 37 37 37 37 37 37 36.99 36.84 36.31 36.24 36.04 36 36 36 35.91 35.46 35.04 35 35 35 35 35 35 35.07 35.44 35.85 36 36.01 36.14 36.7 36.99 37 37 37.07 37.67
-9999 -9999 -9999 -9999 -9999 -9999 43.04762 43.04 42.71 42.42 42.18 41.58 41.51 40.79 40.38 40.05 39.05 37.84 37.02 35.98 36.6 37.01 36.96 36.15 35.98 36.09 36.83 36.76 36.48 36.03 36.18 36.31 36.46 36.1 36.15 36.09 36.07 36.11 36.03 36 36.11 36.52 36.98 36.98 37 37 37 37 37 37 37 37 37 36.86 36.65 36.31 36.13 36 36 36 36 35.92 35.54 35.2 35.01 35 35.01 35.05 35.27 35.47 35.97 36 36 36.01 36.38 36.92 37 37 37 37.36 37.81
-9999 -9999 -9999 -9999 -9999 -9999 42.72449 42.67 42.4 42.03 41.4 41.22 41.37 40.69 40.39 39.92 39.38 38.57 37.36 36.91 37.33 37.13 36.83 36.19 36.46 36.95 36.95 36.93 36.48 36.53 36.47 36.33 36.49 36.31 36.33 36.04 36.1 35.99 36.04 36.11 36.25 36.75 36.52 36.65 36.91 37 36.96 36.99 36.95 36.98 37 36.96 36.92 36.72 36.4 36.34 36.18 36.04 36 36 36 36 35.87 35.79 35.55 35.6 35.76 35.79 35.89 35.99 36 36 36 36.39 36.84 37 37 37 37 37.41 37.83
-9999 -9999 -9999 -9999 -9999 42.14286 42.09 41.98 41.97 41.57 41.19 41.17 41.13 40.71 40.06 39.95 39.13 38.72 38.06 37.99 37.97 37.47 37.35 37.19 36.85 36.62 36.78 36.89 36.61 36.74 36.9 36.88 36.28 36.07 36.02 36.3 36.3 36.05 36.04 36 36.01 36.23 36.27 36.36 36.62 36.58 36.67 36.88 36.67 36.99 36.91 36.95 36.93 36.88 36.79 36.28 36.08 36.05 36.02 36 36 36 36 36 36 36 36 36 36 36 36 36.03 36.25 36.55 36.9 37 37 37 37.08 37.66 38
-9999 -9999 -9999 -9999 -9999 41.9878 41.96 41.61 41.19 40.56 40.89 41.02 41 40.79 40.06 39.95 39.23 38.73 38.22 38.23 38.17 37.98 37.76 37.21 37.03 36.99 37.03 36.87 37.05 37.02 36.97 36.93 36.32 36.03 36.01 36.07 36.05 36.03 36.02 36.03 36.06 36.05 36.21 36.4 36.33 36.53 36.57 36.36 36.68 36.59 36.83 36.82 36.81 36.79 36.58 36.45 36.33 36.34 36.35 36.3 36.2 36 36 36.02 36.09 36.1 36.11 36.17 36.16 36.25 36.29 36.8 36.96 37 37 37 37 37.03 37.22 37.94 38
-9999 -9999 -9999 -9999 -9999 41.69697 41.55 40.65 40.27 40.3 40.37 41 41 40.75 40.12 39.92 39.42 39.16 38.89 38.41 38.39 37.98 37.55 37.02 37.11 36.98 37 36.81 36.97 37 37.01 37 36.91 36.69 36.39 36.05 36 36 36 36.05 36.11 36.06 36.27 36.19 36.52 36.24 36.24 36.68 36.28 36.47 36.71 36.71 36.78 36.54 36.6 36.69 36.7 36.6 36.79 36.48 36.73 36.64 36.79 36.68 36.78 36.89 36.78 36.67 36.78 36.93 36.98 37 37 37 37 37 37 37 37.06 37.96 38
-9999 -9999 -9999 41.54762 41.75 41.42 40.92 40.48 40.51 40.88 41 41 40.98 40.49 40.31 40.1 39.98 39.75 39.04 38.57 38.01 37.95 37.82 37.23 36.99 37.01 37 36.96 36.97 36.95 37.02 37.06 37.01 36.99 36.93 36.22 36.03 36 36 36 36.08 36 36.16 36.29 36.25 36.06 36.37 36.25 36.47 36.51 36.65 36.65 36.72 36.82 36.81 36.69 36.75 36.77 36.68 36.56 36.78 36.89 37 36.97 37 37 37 37 37 37 37 37 37 37 37 37.07 37.18 37.39 37.58 37.98 38
-9999 -9999 41.39063 41.38372 41.27 41.03 40.91 40.98 40.97 40.93 40.99 40.99 40.77 40.1 40.02 39.96 39.74 39.17 38.98 38.93 38.33 38.01 37.97 37.51 36.77 36.51 36.79 37 37.05 37.3 37.22 37.1 37.07 36.96 36.9 36.83 36.49 36.07 36 36 36.03 36.05 36.26 36.31 36.41 36.29 36.52 36.53 36.83 36.51 36.64 36.98 36.94 36.89 36.99 37 36.96 36.85 36.97 37 37 37 37 37 37 37 37 37 37 37 37.02 37.01 37 37 37 37.21 37.32 37.95 38 38 38
-9999 -9999 41.11 41.07 40.99 40.95 40.97 40.93 40.9 40.96 40.99 40.91 40.46 40.1 40.02 39.96 39.79 39.34 39.23 38.99 38.88 38.56 38.14 38 37.53 36.65 36.79 37.56 38 37.95 38 37.93 37.82 37.15 37 36.98 36.77 36.73 36.38 36.08 36.3 36.23 36.5 36.64 36.91 36.76 36.98 37 36.9 36.91 36.99 37 36.98 37 37 37 37 37 37 37 37 37 37 37 37 37.03 37.01 37.02 37.03 37.12 37.12 37.11 37.02 37.02 37.07 37.22 37.24 37.7 37.98 38 38
-9999 -9999 41.04 40.87 40.81 40.47 40.82 40.79 40.88 40.94 40.95 40.61 40.37 40.05 40.01 39.97 39.97 39.58 39.3 39.03 39.02 38.94 38.35 38.17 38.02 38.03 37.93 38.05 38.53 38.61 38.21 38.08 38 37.84 37.22 37 36.97 36.92 36.82 36.53 36.4 36.62 36.95 36.97 36.99 37 37 37 37 37 37 37 37 37 37 37 37 37 37 37 37 37 37 37 37.08 37.31 37.62 37.86 37.71 37.23 37.41 37.11 37.27 37.2 37.02 37.63 37.78 37.89 37.89 38 38
-9999 41.125 41.04 40.67 40.39 40.67 40.76 40.64 40.89 40.82105 40.66 40.55 40.18 40.04 40 40 39.99 39.82 39.48 39.4 39.03 39 38.88 38.67 38.68 38.75 38.93 38.91 39 39.13 38.92 38.74 38.2 37.96 37.81 37.44 37.22 37 36.95 36.98 37 37 37 37 37 37 37 37 37 37 37 37 37 37 37 37 37 37 37 37 37 37 37.01 37.07 37.5 37.88 38 38 38 37.9 37.47 37.76 37.62 37.85 37.52 37.54 37.72 37.98 38 38 38
-9999 41.15 40.79 40.57 40.23 40.35 40.85106 40.77778 40.98851 40.7 40.48 40.54 40.28 40.09 40.13 40.02 40 39.98 39.8 39.51 39.34 39.22 39.04 39.02 39.02 39 39.02 39.26 39.41 39.42 39.03 39 38.64 38.17 38 37.97 37.83 37.2 37.05 37 37 37 37 37 37 37 37 37 37 37 37 37 37 37 37 37 37 37 37 37 37 37 37 37.27 37.98 38 38 38 38 38 37.87 37.84 37.61 37.92 37.9 37.75 37.89 37.94 37.99 38 38
-9999 41.02041 40.64 40.25 40.05 40.16495 40.73418 40.87 40.9 40.61 40.68 40.64 40.54 40.3 40.18 40.13 40.01 40 39.95 39.72 39.32 39.28 39.08 39.06 39.08 39.03 39.01 39.23 39.81 39.55 39.01 39 39 38.75 38.04 38 37.98 37.91 37.53 37.12 37.09 37.13 37 37 37 37 37 37 37 37 37 37 37 37 37 37 37 37 37 37 37 37 37.11 37.58 37.95 38 38 38 38 38 38 37.58 37.63 37.82 38 38 38 38 38 38 38
-9999 40.99 40.8 40.41 40.33 40.66667 40.81482 40.92 40.67 40.73 40.81 40.61 40.32 40.19 40.22 40.15 40.09 40 39.98 39.98 39.8 39.7 39.14 39.05 39.11 39.39 39.19 39.4 39.66 39.38 39 39 39 38.8 38.14 38.01 37.99 38 37.86 37.4 37.52 37.07 37.17 37 37.01 37 37 37 37 37 37 37 37 37 37 37 37 37 37 37 37 37 37.26 37.86 37.96 38 38 38 38 37.96 37.96 37.72 37.42 37.78 37.96 37.9 37.91 37.94 37.95 38 38
41.27161 41.1 41.01 40.7 40.54255 -9999 -9999 40.87 40.81 40.83 40.81 40.83 40.43 40.42 40.35 40.04 40 40.01 40 39.99 39.96 39.84 39.8 39.38 39.22 39.8 39.83 39.85 39.72 39.18 39 39 38.99 38.72 38.46 38.1 38 37.99 37.98 37.77 37.18 37.33 37.12 37.04 37 37.01 37.01 37.04 37 37 37 37 37 37 37 37 37 37 37 37 37 37 37.06 37.47 37.65 37.96 37.93 38 37.84 37.83 37.36 37.38 37.35 37.69 37.88 37.79 37.56 37.83 37.81 37.99 38
41.8 41.5493 41.24324 40.88312 40.73333 41 40.93258 40.85 40.99 40.97 40.98 40.95 40.92 40.73 40.61 40.17 40.11 40 39.99 40 39.97 39.95 39.74 39.74 39.93 39.87 40 40 39.62 39.17 39 39 39 38.82 38.32 38.05 38 38 37.99 37.99 37.84 37.48 37.21 37.04 37.03 37.15 37.2 37.01 37.01 37 37 37 37 37 37 37 37 37 37 37 37 37 37 37 37.17 37.48 37.54 37.5 37.63 37.3 37.14 37.1 37.27 37.5 37.34 37.08 37.53 37.85 37.88 37.99 38
-9999 -9999 -9999 41.05405 41.01299 41.01191 40.99 41.03 41 40.98 41 40.97 40.97 40.92 40.47 40.57 40.14 40.01 40.02 40 40.02 40.02 40.03 40 40 40 40 39.93 39.32 39.07 39 38.99 38.84 38.76 38.08 38.05 38 38 38 37.98 37.92 37.65 37.09 37.37 37.13 37.24 37.03 37.01 37 37.07 37.02 37 37 37 37 37 37 37 37 37 37 37 37 37 37.02 37.06 37 37.01 37.01 37 37 37 37.03 37.01 37.05 37.07 37.26 37.59 37.94 37.97 38
-9999 -9999 -9999 -9999 41.26 41.04 41.0101 41.15294 41.08791 41.08791 41.04 41.02 41.01 40.95 40.92 40.84 40.61 40.57 40.49 40.24 40.36 40.35 40.26 40 40 40 40 39.98 39.55 39.02 39 38.87 38.27 38.13 38.01 38.01 38 38 38 38 37.99 37.54 37.28 37.6 37.87 37.41 37 37.04 37.15 37.06 37 37 37 37 37 37 37 37 37 37 37 37 37 37 37 37 37 37 37 37 37 37 37 37 37 37.02 37.13 37.5 37.74 37.85 38
-9999 -9999 -9999 -9999 41.44444 41.24286 -9999 41.58823 -9999 41.52564 41.36 41.18 41.3 41.14 41.05 41.04 41 41 41 40.96 40.95 40.92 40.46 40.28 40.07 40.01 40 39.97 39.59 39.04 38.99 38.76 38.09 38.03 38 38.01 38 38 38 37.99 38 37.98 37.93 37.52 37.9 37.45 37.11 37.57 37.65 37.02 37.14 37.03 37 37 37 37 37 37 37 37 37 37 37 37 37 37 36.99 36.99 37 37 37 37 37 37 37 37 37.08 37.16 37.42 37.79 37.97
-9999 -9999 -9999 -9999 -9999 -9999 -9999 -9999 41.82143 41.7347 41.85263 41.81 41.7 41.39 41.62 41.26 41.11 41.11 41.05 41.02 41 41 40.95 40.59 40.32 40.08 40 39.97 39.55 39.08 39 38.82 38.27 38.39 38.05 38.01 38 38 38 38 38 38 37.96 37.97 37.9 38 37.77 37.87 37.54 37.3 37.24 37.03 37 37 37 37 37 37 37 37 37 36.99 36.99 36.96 36.83 36.81 36.73 36.75 36.83 36.82 36.92 36.91 36.92 36.99 37 37 37 37.01 37.23 37.61 37.91
-9999 -9999 -9999 -9999 -9999 -9999 -9999 -9999 -9999 41.96 41.98 41.83 41.96 41.92 41.87 41.86 41.77 41.65 41.56 41.45 41.13 40.99 41 40.96 40.44 40.13 40 40 39.7 39.08 39 38.96 38.76 38.56 38.12 38.01 38 38 38 37.99 38 38 38 38 38 38 37.98 37.99 37.72 37.9 37.37 37.13 37.03 37 37 37 37 37 37 37 36.99 36.84 36.56 36.72 36.55 36.38 36.16 36.1 36.07 36.1 36.21 36.33 36.59 36.84 36.95 37 37 37 37.03 37.37 37.71
-9999 -9999 -9999 -9999 -9999 -9999 -9999 -9999 -9999 42 41.92 42 41.99 42 42 42 42 42 41.97 41.9 41.59 41.19 41 40.96 40.57 40.1 40 39.98 39.6 39.12 39 38.81 38.61 38.1 38 38.01 38 38 38 38 38 37.99 38 38 38 38 38 38 37.98 37.73 37.54 37.17 37.21 37.13 37 37 37 37 37 37 36.88 36.69 36.54 36.17 36.05 36 36 36 36 36 36 36.01 36.17 36.39 36.83 36.99 37 37 37.01 37.15 37.53
-9999 -9999 -9999 -9999 -9999 -9999 -9999 -9999 42.5 42.08 41.9 42 42 42.05 42.05 42 42 42.04 42 42.04 41.97 41.44 41.05 41 40.8 40.18 40 39.96 39.35 39.01 39 38.94 38.38 38.06 38 38 38 38 38 38 38 38 38 37.98 38 38 38 38 38 37.95 37.97 37.55 37.38 37.15 37.01 37 37 37 37 36.97 36.92 36.5 36.12 36.03 36 36 36 36 35.99 36 36 36 36.03 36.08 36.5 36.82 37 37 37.03 37.34 37.44
-9999 -9999 -9999 -9999 -9999 -9999 -9999 -9999 42.73626 42.16 42.07 42 42.01 42.03 42.15 42.06 42.02 42.08 42.29 42.19 42 41.92 41.23 41 40.8 40.09 40 39.76 39.18 39 38.77 38.67 38.47 38.07 38.01 38 38 38 37.99 38 38 38.01 38.04 38.03 38 38 38 38 38 38 37.99 38 37.65 37.23 37.23 37.07 37 37 37 37 36.94 36.59 36.22 36.03 36 36 36 35.99 35.96 35.89 35.99 36 36 36.04 36.37 36.72 36.98 37 37.07 37.07 37.42
-9999 -9999 -9999 -9999 -9999 -9999 -9999 43 42.94624 42.59 42.31 42.25 42.18 42.26 42.17 42.06 42.22 42.3 42.31 42.21 42.01 41.91 41.18 41 40.55 40.04 40 39.78 39.19 39 38.83 38.35 38.07 38.06 38 38 38 38 38 38.01 38 38 38.18 38.09 38 38 38 38 38 38 38.01 38 37.98 37.92 37.42 37.12 37.02 37 37 36.99 37 36.4 36.2 36.02 36 35.98 35.95 35.65 35.63 35.64 35.79 35.98 36 36 36.12 36.56 36.88 37 37.04 37.15 37.61
-9999 -9999 -9999 -9999 -9999 -9999 -9999 -9999 43 42.94 42.56 42.54 42.31 42.39 42.23 42.2 42.2 42.24 42.09 42.02 42 41.9 41.18 40.95 40.5 40 39.95 39.45 39.01 38.98 38.67 38.15 38 38 38 38 38 38 38.04 38.02 38.09 38.2 38.63 38.67 38.42 38.22 38.04 38.25 38.43 38.36 38.1 38.03 38 37.99 37.93 37.51 37.17 37 37 37 36.96 36.35 36.06 36 36 35.78 35.53 35.05 35.06 35.01 35.12 35.73 36 36.02 36.04 36.56 36.88 37 37.04 37.24 37.23
-9999 -9999 -9999 -9999 -9999 -9999 -9999 -9999 43.09091 42.91 42.9 42.62 42.55 42.37 42.13 42.15 42.09 42.02 42.08 42.01 41.96 41.56 41.1 40.86 40.25 40 39.72 39.1 38.98 38.81 38.45 38.16 38.02 38 38 38 38 38 38.11 38.14 38.31 38.39 38.94 39 39 38.94 38.8 38.92 38.94 38.81 38.82 38.64 38.16 38 37.99 37.76 37.49 37.05 37 37 36.97 36.42 36.11 36 36 35.46 35 35.13 35.05 35.03 35.39 36.19 36.43 36.38 36.11 36.57 36.96 37.01 37.04 37.07 37.12
