layers/wordclim/current/bio_08.asc
ncols         166
nrows         93
xllcorner     -9.4959440078468
yllcorner     36.000324005443
cellsize      0.083333337679505
NODATA_value  -9999
[rows 33 to 65 of 93, columns 74 to 147 of 166]
73.01 72.66 73.37 76.26 81.76 97.01 101.74 115.9 122.6 122.9 122.96 121.74 120.57 117.09 113.48 112.22 113.87 117.52 120.04 120.31 120.16 124.25 123.42 122.67 128.39 119.93 109.41 108.16 117.17 124.25 132.01 142.58 143.11 142.43 139.97 146.45 152.42 144.87 142.86 136.85 138.02 142.08 140.12 143.9 142.13 157.4 155.56 154.2 157.14 156.26 160.4 -9999 -9999 -9999 -9999 -9999 -9999 -9999 -9999 -9999 -9999 -9999 -9999 -9999 -9999 -9999 -9999 -9999 -9999 -9999 -9999 -9999 -9999 -9999
76.06 77.98 81.37 79.29 85.53 93.91 93.18 95.83 107.14 124.13 122.89 121.24 126.5 121.08 119.86 113.97 120.24 118.6 116.16 117.12 117.48 121.03 121.68 125.66 127.71 120.46 117.05 113.11 120.24 120.67 125.42 131.31 133.88 131.6 136.76 140.24 145.91 142.45 138.35 133.43 133.92 137.93 136.58 131.8 136.7 160.34 160.99 148.93 162.4545 -9999 -9999 -9999 -9999 -9999 -9999 -9999 -9999 -9999 -9999 -9999 -9999 -9999 -9999 -9999 -9999 -9999 -9999 -9999 -9999 -9999 -9999 -9999 -9999 -9999
78.46 81.66 85.17 80.56 89.99 94.6 96.2 99.09 98.01 97.6 115.58 127.91 125.87 122.4 122.6 120.37 118.51 117.55 118.23 113.69 112.32 116.43 123.97 127.64 123.57 110.78 109.26 111.18 112.24 112.31 116.5 114.53 114.71 119.73 124.86 131.13 143.64 139.06 134.36 129.41 130.86 126.04 122.3 115.1 141.08 164.57 165.67 164.76 170.6901 -9999 -9999 -9999 -9999 -9999 -9999 -9999 -9999 -9999 -9999 -9999 -9999 -9999 -9999 -9999 -9999 -9999 -9999 -9999 -9999 -9999 -9999 -9999 -9999 -9999
81.37 85.87 83.44 73.64 81.43 93.14 94.25 102.5 106.71 104.62 101.27 112.47 116.68 113.17 110.79 114.98 113.64 109.74 110.72 107.53 110.14 109.38 120.36 127.48 120.28 108.11 112.03 112.03 109.17 106.95 108.53 113.63 113.34 118.45 123.57 134.38 136.48 133.34 128.63 122.63 120.11 114.36 124.18 131.45 153.95 163.9 168.28 171.9691 172.8925 173.5814 174.4348 -9999 -9999 -9999 -9999 -9999 -9999 -9999 -9999 -9999 -9999 -9999 -9999 -9999 -9999 -9999 -9999 -9999 -9999 -9999 -9999 -9999 -9999 -9999
85.31 88.87 79.85 77.22 79.9 96.05 95.16 105.77 101.06 95.52 90.08 89.42 100.49 113.15 110.56 109.62 109.44 107.75 104.09 97.86 105.13 104.85 111.62 122.12 126.51 112.6 114 118 115.86 108.19 108.99 107.41 106.25 109.41 108.25 122.65 129.64 130.05 125.4 120.11 121.63 127.55 140.49 153.84 160.38 162.5 159.9043 -9999 -9999 -9999 -9999 -9999 -9999 -9999 -9999 -9999 -9999 -9999 -9999 -9999 -9999 -9999 -9999 -9999 -9999 -9999 -9999 -9999 -9999 -9999 -9999 -9999 -9999 -9999
91.26 82.98 78.42 82.48 80.96 98.99 99.99 109.15 100.79 99.99 98.03 100.09 97.11 96.82 113.86 111.78 99.42 100.62 96.48 92.07 98.21 102.75 107.75 118.76 128.21 121.32 115.68 122.91 115.05 98.84 107.22 104.31 100.09 99.41 95.71 112.82 120.36 124.5 120.37 119.23 127.71 137.43 152.36 159.32 165.54 168.33 -9999 -9999 -9999 -9999 -9999 -9999 -9999 -9999 -9999 -9999 -9999 -9999 -9999 -9999 -9999 -9999 -9999 -9999 -9999 -9999 -9999 -9999 -9999 -9999 -9999 -9999 -9999 -9999
85.06 79.94 81.79 80.81 77.43 93.02 96.8 111.75 109.35 111.89 109.28 107.56 97.11 92.23 92.09 108.97 103.82 97.41 96.85 92.24 95.26 103.31 111.23 117.99 126.29 124.81 119.7 124.02 106.86 102.05 100.96 95.66 86.02 88.76 95.27 100.47 114.34 118.22 118.08 121.7 138.61 149.28 155.4 161.59 170.1 173.16 -9999 -9999 -9999 -9999 -9999 -9999 -9999 -9999 -9999 -9999 -9999 -9999 -9999 -9999 -9999 -9999 -9999 -9999 -9999 -9999 -9999 -9999 -9999 -9999 -9999 -9999 -9999 -9999
83.72 82.67 85.83 82.15 83.55 89.88 98.96 115.01 104.9 102.18 109.21 102.98 101.8 97.55 92.53 87.18 108.51 101.24 96.34 94.65 100.76 109.26 110.59 112.87 123.5 129.11 131.56 123.14 109.08 108.22 104.15 96.61 83.52 85.53 95.44 105.71 118.09 127.73 129.49 138.31 146.46 157.18 155.09 163.34 170.1205 -9999 -9999 -9999 -9999 -9999 -9999 -9999 -9999 -9999 -9999 -9999 -9999 -9999 -9999 -9999 -9999 -9999 -9999 -9999 -9999 -9999 -9999 -9999 -9999 -9999 -9999 -9999 -9999 -9999
86.72 87.95 85.17 86.03 91.08 94.45 106.71 113.5 110.46 104.73 103.42 99.75 98.02 94.51 90.28 78.79 93.11 103.5 106.34 94.38 98.49 101.81 104.59 111.38 117.01 125.85 134.95 123.45 113.51 122.1 120.9 108.93 97.95 103.76 104.12 111.73 118.49 133.17 141.37 142.84 147.16 164.52 167.53 164.2561 -9999 -9999 -9999 -9999 -9999 -9999 -9999 -9999 -9999 -9999 -9999 -9999 -9999 -9999 -9999 -9999 -9999 -9999 -9999 -9999 -9999 -9999 -9999 -9999 -9999 -9999 -9999 -9999 -9999 -9999
90.69 88.57 89.98 93.63 91.93 98.98 106.31 110.34 102.53 104.2 104 102.72 97.53 89.76 96.55 80.55 79.85 100.96 104.02 103.16 102.65 109.55 101.4 117.75 121.57 132.56 128.23 114.45 116.31 128.5 132.41 127.69 123.09 117.88 123.33 120.68 123.91 146.11 158.07 157.01 160.67 166.15 176.3026 -9999 -9999 -9999 -9999 -9999 -9999 -9999 -9999 -9999 -9999 -9999 -9999 -9999 -9999 -9999 -9999 -9999 -9999 -9999 -9999 -9999 -9999 -9999 -9999 -9999 -9999 -9999 -9999 -9999 -9999 -9999
90.57 93.97 97.26 94.3 90.32 101.72 105.37 106.52 102.36 100.81 100.47 95.91 96.5 97.15 96.15 83.8 77.75 83.29 110.96 112.68 115.72 114.07 110.93 120.68 137.21 133.53 118 96.48 100.34 119.85 132.64 135.2 133.55 133.47 130.21 135.36 141.63 152.42 163.68 162.3 163.13 173.5909 -9999 -9999 -9999 -9999 -9999 -9999 -9999 -9999 -9999 -9999 -9999 -9999 -9999 -9999 -9999 -9999 -9999 -9999 -9999 -9999 -9999 -9999 -9999 -9999 -9999 -9999 -9999 -9999 -9999 -9999 -9999 -9999
98.44 95.96 91.8 89.45 92.32 109.52 106.92 105.69 103.66 99.81 99.58 94.51 98.03 103.12 98.69 91.14 83.23 87.51 97.92 117.95 123.19 120.13 113.19 122.31 137.49 127.25 111.78 97.38 103.92 118.06 124.56 131.49 128.13 138.38 143.48 152.07 160.09 169.02 169.57 169.54 172.9851 -9999 -9999 -9999 -9999 -9999 -9999 -9999 -9999 -9999 -9999 -9999 -9999 -9999 -9999 -9999 -9999 -9999 -9999 -9999 -9999 -9999 -9999 -9999 -9999 -9999 -9999 -9999 -9999 -9999 -9999 -9999 -9999 -9999
91.36 89.57 87.95 87.94 106.44 110.67 107.54 110.01 108.59 104.07 102.75 100.54 101.87 99.7 97.84 95.12 91.36 96.13 94.95 123.35 125.43 122.95 124.25 129.01 133.78 137.9 130.44 119.91 112.23 104.5 116.81 129.57 136 141.75 139.85 148.82 164.19 175.21 179.24 181.8351 -9999 -9999 -9999 -9999 -9999 -9999 -9999 -9999 -9999 -9999 -9999 -9999 -9999 -9999 -9999 -9999 -9999 -9999 -9999 -9999 -9999 -9999 -9999 -9999 -9999 -9999 -9999 -9999 -9999 -9999 -9999 -9999 -9999 -9999
91.77 90.62 90.45 98.47 114.19 112.05 111.1 110.72 108.95 108.52 105.26 104.88 106.62 99.27 96 93.53 92.99 97.64 94.47 120.71 127.71 121.91 127.85 133.53 130.94 134.67 141.25 136.42 130.11 122.45 118.64 130.02 141.32 154.4 157.66 150.02 156.88 173.88 183.1919 -9999 -9999 -9999 -9999 -9999 -9999 -9999 -9999 -9999 -9999 -9999 -9999 -9999 -9999 -9999 -9999 -9999 -9999 -9999 -9999 -9999 -9999 -9999 -9999 -9999 -9999 -9999 -9999 -9999 -9999 -9999 -9999 -9999 -9999 -9999
93.55 93.09 98.31 117.16 117.21 112.35 110.67 109.47 112.05 110.57 107.21 107.33 109.57 105.84 102.44 96.99 95.99 99.33 98.61 112.21 137.05 135.93 136.82 133.29 132.1 139.81 144.86 142.53 138.5 135.03 139.05 138.61 142.77 147.62 161.28 169.41 170.93 182.08 -9999 -9999 -9999 -9999 -9999 -9999 -9999 -9999 -9999 -9999 -9999 -9999 -9999 -9999 -9999 -9999 -9999 -9999 -9999 -9999 -9999 -9999 -9999 -9999 -9999 -9999 -9999 -9999 -9999 -9999 -9999 -9999 -9999 -9999 -9999 -9999
97.03 106.32 116.12 120.02 118.57 115.4 114.03 110.63 112.94 111.07 107.63 108.6 112.17 110.7 104.14 100.73 99.86 99.89 101.51 115.99 143.67 144.71 140.36 130.98 138.8 140.36 142.33 146.09 153.95 154.83 158.4 164.24 166.75 163.67 156.23 169.48 180.06 185.5789 -9999 -9999 -9999 -9999 -9999 -9999 -9999 -9999 -9999 -9999 -9999 -9999 -9999 -9999 -9999 -9999 -9999 -9999 -9999 -9999 -9999 -9999 -9999 -9999 -9999 -9999 -9999 -9999 -9999 -9999 -9999 -9999 -9999 -9999 -9999 -9999
119.46 121.68 123.47 121.99 118 114.27 116.58 115.55 112.39 114.55 110.3 110.12 112.31 112.34 111.06 107.28 105.69 104.66 103.29 112.65 143.43 147.9 141.19 139.33 144.58 141.27 134.29 136.1 145.8 160.59 166.93 173.13 176.08 177.48 178 178.88 184.734 -9999 -9999 -9999 -9999 -9999 -9999 -9999 -9999 -9999 -9999 -9999 -9999 -9999 -9999 -9999 -9999 -9999 -9999 -9999 -9999 -9999 -9999 -9999 -9999 -9999 -9999 -9999 -9999 -9999 -9999 -9999 -9999 -9999 -9999 -9999 -9999 -9999
126.1 125.67 124.35 123.65 122.07 119.01 120.36 118.4 115.14 115.05 115.24 115.23 114.42 110.6 111.02 113.1 111.69 110.69 109.91 131.26 146.09 151.82 147.49 145.82 146.69 144.01 141.3 140.35 139.23 140.06 158.89 172.8 177.83 180.91 182.14 186.19 -9999 -9999 -9999 -9999 -9999 -9999 -9999 -9999 -9999 -9999 -9999 -9999 -9999 -9999 -9999 -9999 -9999 -9999 -9999 -9999 -9999 -9999 -9999 -9999 -9999 -9999 -9999 -9999 -9999 -9999 -9999 -9999 -9999 -9999 -9999 -9999 -9999 -9999
127.05 125.5 123.16 124.58 124.75 123.31 122.53 121.64 120.47 120.02 118.2 118.09 114.49 111.73 115.5 115.1 114.48 113.69 124.36 147.89 152.06 157.28 152.49 150.52 148.42 149.3 147.82 142.76 142.22 143.64 156.64 170.97 177.63 182.47 185.79 187.93 -9999 -9999 -9999 -9999 -9999 -9999 -9999 -9999 -9999 -9999 -9999 -9999 -9999 -9999 -9999 -9999 -9999 -9999 -9999 -9999 -9999 -9999 -9999 -9999 -9999 -9999 -9999 -9999 -9999 -9999 -9999 -9999 -9999 -9999 -9999 -9999 -9999 -9999
128.72 127.84 126.24 126.97 126.5 125.3 124.58 123.63 122.77 122.58 121.74 120.61 118.6 118.4 119.03 117.19 116.95 118.76 142.89 153.04 152.81 155.69 156.92 156.02 154.51 154.18 149.35 148.81 149.25 155.03 166.81 173.5 177.5 180.52 186.64 189.6 -9999 -9999 -9999 -9999 -9999 -9999 -9999 -9999 -9999 -9999 -9999 -9999 -9999 -9999 -9999 -9999 -9999 -9999 -9999 -9999 -9999 -9999 -9999 -9999 -9999 -9999 -9999 -9999 -9999 -9999 -9999 -9999 -9999 -9999 -9999 -9999 -9999 -9999
129.3 128.99 128.75 127.93 127.29 126.35 125.19 124.2 122.97 122.77 122.29 121.28 120.52 120.12 119.6 120.1 122.66 141.67 155.51 155.42 155.23 155.18 154.45 153.41 153.23 155.36 155.78 153.68 152.35 160.25 160.34 162.82 177.76 181.93 187.47 190.34 191.1587 -9999 -9999 -9999 -9999 -9999 -9999 -9999 -9999 -9999 -9999 -9999 -9999 -9999 -9999 -9999 -9999 -9999 -9999 -9999 -9999 -9999 -9999 -9999 -9999 -9999 -9999 -9999 -9999 -9999 -9999 -9999 -9999 -9999 -9999 -9999 -9999 -9999
128.51 128.35 128.21 127.77 127.48 126.32 124.66 123.04 121.48 121.09 120.52 121.35 121.5 121.87 121.55 122.01 135.61 157.49 158.05 158.33 157.19 158.61 156.99 152.76 147.74 146.51 152.22 160.82 147.54 147.51 161.31 169.83 175.37 187.33 189.74 191.23 191.7879 -9999 -9999 -9999 -9999 -9999 -9999 -9999 -9999 -9999 -9999 -9999 -9999 -9999 -9999 -9999 -9999 -9999 -9999 -9999 -9999 -9999 -9999 -9999 -9999 -9999 -9999 -9999 -9999 -9999 -9999 -9999 -9999 -9999 -9999 -9999 -9999 -9999
129.15 128.2 127.88 127.39 125.68 123.23 121.44 119.56 118.82 118.14 116.6 118.33 120.37 122.13 122.94 124.62 152.33 158.71 159.27 159.56 159.26 157.09 154.71 149.55 139.09 140.82 146.57 157.17 142.89 150.09 167.78 175.25 181.14 189.05 190.21 185.32 179.49 -9999 -9999 -9999 -9999 -9999 -9999 -9999 -9999 -9999 -9999 -9999 -9999 -9999 -9999 -9999 -9999 -9999 -9999 -9999 -9999 -9999 -9999 -9999 -9999 -9999 -9999 -9999 -9999 -9999 -9999 -9999 -9999 -9999 -9999 -9999 -9999 -9999
128.21 126.94 125.8 124.02 121.06 116.31 114.76 113.91 113.16 113.6 111.11 112.6 116.85 121.57 123.51 128.26 158.84 159.72 159.42 157.71 153.04 150 143.51 134.91 116.74 128.39 144.56 153.58 143.1 149.75 161.55 173.41 182.17 187.56 188.96 179.65 156.49 155.1481 -9999 -9999 -9999 -9999 -9999 -9999 -9999 -9999 -9999 -9999 -9999 -9999 -9999 -9999 -9999 -9999 -9999 -9999 -9999 -9999 -9999 -9999 -9999 -9999 -9999 -9999 -9999 -9999 -9999 -9999 -9999 -9999 -9999 -9999 -9999 -9999
127.37 123.54 121.27 118.17 116.38 117.13 114.48 112.15 109.41 107.47 105.82 108.56 114.52 120.2 123.26 129.53 157.21 159.51 157.47 150.96 146.13 145.34 128.45 119.99 130.12 141.86 145.46 145.59 138.62 148.14 159.36 169.57 178.15 181.76 183.45 173.65 149.43 154.39 158.9821 -9999 -9999 -9999 -9999 -9999 -9999 -9999 -9999 -9999 -9999 -9999 -9999 -9999 -9999 -9999 -9999 -9999 -9999 -9999 -9999 -9999 -9999 -9999 -9999 -9999 -9999 -9999 -9999 -9999 -9999 -9999 -9999 -9999 -9999 -9999
127.11 123.97 121.48 119.82 115.82 114.61 114.88 112.22 110.67 109.19 107.05 107.77 112.65 116.99 121.11 122.92 147.66 157.86 155.55 152.75 149.66 141.88 129.04 120.13 130 144.33 149.95 150.73 146.93 152.14 162.97 163.95 168.65 179.45 180.7 164.59 135.15 141.46 154.65 158.6269 -9999 -9999 -9999 -9999 -9999 -9999 -9999 -9999 -9999 -9999 -9999 -9999 -9999 -9999 -9999 -9999 -9999 -9999 -9999 -9999 -9999 -9999 -9999 -9999 -9999 -9999 -9999 -9999 -9999 -9999 -9999 -9999 -9999 -9999
124.44 123.48 122.92 120.78 116.5 113.9 112.77 111.27 109.98 109.26 109.05 110.37 110.57 112.27 113.88 114.88 120.4 126.72 137.58 138.61 130.63 120.45 114.79 116.49 143.22 145.15 143.75 146.56 153.46 160.92 156.58 158.28 163.73 157.82 158.95 157.42 121.67 123.77 134.56 150.53 154.71 156.0722 -9999 -9999 -9999 -9999 -9999 -9999 -9999 -9999 -9999 -9999 -9999 -9999 -9999 -9999 -9999 -9999 -9999 -9999 -9999 -9999 -9999 -9999 -9999 -9999 -9999 -9999 -9999 -9999 -9999 -9999 -9999 -9999
125.59 123.59 122.5 120.95 118.27 115.23 111.44 111.39 113.38 112.4 107.19 102.31 98.98 98.94 99.45 105.78 112.69 116.9 115.19 117.08 117.44 118.3 119.1 116.05 142.62 151.6 151.27 152.32 161.99 158.45 155.29 153.02 147.08 146.5 149.08 131.92 109.03 119.17 124.22 137.2 149.99 155.3855 -9999 -9999 -9999 -9999 -9999 -9999 -9999 -9999 -9999 -9999 -9999 -9999 -9999 -9999 -9999 -9999 -9999 -9999 -9999 -9999 -9999 -9999 -9999 -9999 -9999 -9999 -9999 -9999 -9999 -9999 -9999 -9999
124.38 120.5 121.23 120.55 119.29 114.19 116.33 115.96 121.63 111.82 99.07 92.45 99.69 98.36 102.63 109.05 115.18 119.13 123.12 124.49 124.84 125.44 123.11 125.5 134.84 152.3 157.59 158.79 162.83 165.29 158.12 148.01 151.52 116.09 108.38 109.16 113.6 116.9 147.41 149.1316 -9999 -9999 -9999 -9999 -9999 -9999 -9999 -9999 -9999 -9999 -9999 -9999 -9999 -9999 -9999 -9999 -9999 -9999 -9999 -9999 -9999 -9999 -9999 -9999 -9999 -9999 -9999 -9999 -9999 -9999 -9999 -9999 -9999 -9999
123.02 121.99 122.5 123.69 118.03 120.4 125.1 123.75 115.49 96.7 92.13 91.45 100.03 109.55 113.21 118.53 124.84 126.76 127.13 131.13 132.53 126.87 125.86 141.05 145.69 153.9 160.71 155.37 151.98 165.23 162.88 132.18 150.06 145.81 161.85 126.7 145.75 151.1778 156.1111 -9999 -9999 -9999 -9999 -9999 -9999 -9999 -9999 -9999 -9999 -9999 -9999 -9999 -9999 -9999 -9999 -9999 -9999 -9999 -9999 -9999 -9999 -9999 -9999 -9999 -9999 -9999 -9999 -9999 -9999 -9999 -9999 -9999 -9999 -9999
113.52 122.76 125.46 123.02 124.17 128.67 127.82 120.52 113.95 109.43 99.59 97.79 109.97 116.33 121.01 127.53 125.92 131.2 136.36 134.1 127.17 124.07 121.93 126.1 145.28 150.41 135.04 153.66 161.55 166.55 171.84 157.77 170.14 180.5 188.08 187.7297 -9999 -9999 -9999 -9999 -9999 -9999 -9999 -9999 -9999 -9999 -9999 -9999 -9999 -9999 -9999 -9999 -9999 -9999 -9999 -9999 -9999 -9999 -9999 -9999 -9999 -9999 -9999 -9999 -9999 -9999 -9999 -9999 -9999 -9999 -9999 -9999 -9999 -9999
107.3 108.04 119.5 128.68 131.24 135.52 131.52 124.5 120.31 105.46 97.53 107.48 124.24 129.48 127.04 127.23 133.38 138.93 134.05 130.03 127.12 126.08 127.69 124.45 123.45 142.37 141.2 158.89 147.01 168.66 179.35 182.31 184.86 191.84 194.8205 -9999 -9999 -9999 -9999 -9999 -9999 -9999 -9999 -9999 -9999 -9999 -9999 -9999 -9999 -9999 -9999 -9999 -9999 -9999 -9999 -9999 -9999 -9999 -9999 -9999 -9999 -9999 -9999 -9999 -9999 -9999 -9999 -9999 -9999 -9999 -9999 -9999 -9999 -9999
113.48 106.89 106.46 116.7 132.9 127.41 115.22 122.8 101.87 92.73 105.65 107.38 115.21 112.51 108.53 108.67 118.94 128.11 132.59 131.31 130.04 132.51 135.96 130.63 127.03 118.69 121.25 146.87 159.11 163.3 181.21 187.86 190.94 194.6842 -9999 -9999 -9999 -9999 -9999 -9999 -9999 -9999 -9999 -9999 -9999 -9999 -9999 -9999 -9999 -9999 -9999 -9999 -9999 -9999 -9999 -9999 -9999 -9999 -9999 -9999 -9999 -9999 -9999 -9999 -9999 -9999 -9999 -9999 -9999 -9999 -9999 -9999 -9999 -9999
