layers/wordclim/current/bio_08.asc
ncols         166
nrows         93
xllcorner     -9.4959440078468
yllcorner     36.000324005443
cellsize      0.083333337679505
NODATA_value  -9999
[rows 33 to 65 of 93, columns 0 to 73 of 166]
-9999 -9999 -9999 -9999 -9999 -9999 -9999 -9999 -9999 -9999 105.7326 98.95 94.66 91.42 89.66 86.72 76.15 58.08 48.57 50.95 50.35 48.85 54.96 61.66 53.6 48.44 55.78 66.08 70.57 62.95 68.35 70.92 63.28 60.8 58.53 57.76 55.73 52.48 52.05 52.01 49.79 69.89 79.84 80.05 79.41 79.57 79.78 80.07 79.84 77.94 77.72 78.65 103.78 136.23 138.64 138.01 138.88 139.56 137.59 136.26 134.95 136.55 137.6 121.55 124.71 123.71 92.28 66.35 80.83 73.42 69.1 71.74 70.82 71.53
-9999 -9999 -9999 -9999 -9999 -9999 -9999 -9999 -9999 -9999 107.7041 101.63 95.42 86.74 68.36 66.56 67.09 75.28 69.21 64.45 57.29 53.89 52.99 56.05 52.8 49.97 56.36 65.41 66.35 60.21 61.77 64.26 65.27 59.64 57.4 56.22 56.31 55.15 55.02 54.2 52.28 61.93 80.1 78.99 78.1 77.89 77.21 77.6 79.05 78.26 76.84 78.73 116.67 134.99 136.15 137.34 138.66 138.21 136.44 132.92 131.06 133.21 134.08 128.75 125.04 114.18 64.88 89.03 78.27 69.38 70.24 76.48 80.82 79.6
-9999 -9999 -9999 -9999 -9999 -9999 -9999 -9999 -9999 -9999 109.5169 105.74 98.62 81.45 85.45 76.2 76.38 85.12 76.4 68.82 63.77 61.41 60.35 57.63 56.51 51.88 58.38 63.42 61.43 67.95 64.13 60.73 62.07 61.86 57.92 56.01 55.19 56.38 54.75 54.2 52.96 51.21 67.64 76.3 74.79 73.07 73.74 78.79 77.6 77.51 77.47 75.01 112.06 130.11 130.8 134.35 132.26 134.86 132.15 129.19 126.5 126.59 126.62 117.31 82.37 76.97 53.97 58.53 70.94 76 79.64 85.71 83.67 77.91
-9999 -9999 -9999 -9999 -9999 -9999 -9999 -9999 -9999 111.1351 110.6739 107.12 103.09 97.99 86.26 87.15 79.86 81.49 72.72 70.11 71.41 70.28 68.42 64.28 62.62 63.38 63.18 60.76 56.95 61.78 63.99 59.71 60.57 60.63 60.41 55.57 55.19 56.69 54.95 52.72 51.45 50.77 48.19 55.28 67.24 75.7 79.09 78.26 76.72 75.17 73.24 70.12 88.76 120.41 119.73 119.32 119.72 125.47 123.49 122.33 112.37 113.93 106.11 99.29 101.08 92.41 78.03 76.66 78.15 75.19 84.92 90.31 85.78 82.76
-9999 -9999 -9999 -9999 -9999 -9999 -9999 -9999 -9999 111.8649 109.9175 109.15 107.3 99.95 90.21 73.25 66.72 79.34 79.55 78.37 76 71.71 67.44 69.07 71.09 67.32 63.1 50.2 51.98 60.07 60.13 59.58 59.39 62.07 63.47 62.45 58.69 54.47 52.41 49.68 47.05 44.61 46.34 48.37 64.64 76.65 77.33 76.18 73.14 68.62 63.87 61.42 59.65 76.47 85.01 114.39 124.12 125.4 120.59 115.02 110.05 103.5 108.43 94.08 91.57 79.89 76.37 77.07 87.21 89.41 92.5 93.32 87.65 86.99
-9999 -9999 -9999 -9999 -9999 -9999 -9999 -9999 -9999 111.92 110.01 110.04 108.94 104.11 88.91 69.47 91.87 87.6 85.33 80.26 79.27 76.91 76.06 69.74 51.88 45.81 50.19 49.34 52.09 59.76 61.1 57.78 60.15 63.15 62.84 62.84 60.5 51.02 44.7 36.4 43.98 46.01 51.58 52.67 48.31 55.74 74.36 73.19 68.36 66.95 65.67 57.54 49.96 77.31 85.3 92.1 93.49 96.75 112.37 124.71 122.88 124.24 116.44 97.91 81.75 83.61 88.96 91.06 94.15 90.98 93.33 93.84 90.42 90.88
-9999 -9999 -9999 -9999 -9999 -9999 -9999 -9999 113.7097 112.04 110.68 109.36 109.69 103.01 94.4 92.16 91.98 90.83 86.5 84.43 79.63 74.96 57.09 37 42.9 49.32 56.19 49.75 55.95 62.5 60.76 57.52 62.15 62.01 57.98 58.07 57.61 52.75 50.71 50.8 51.43 64.7 63.27 56.15 54.3 45.87 52.67 71.01 73.03 64.9 44.95 30 39.95 58.61 60.76 69.35 85.67 98.06 109.08 114.72 107.4 95.52 91.53 85.7 89.81 93.62 95.86 91.92 94.96 93.29 93.52 97.2 95.59 92.61
-9999 -9999 -9999 -9999 -9999 -9999 -9999 -9999 114.1209 112.68 111.1 109.05 109.65 96.91 94.22 98.07 93.97 90.98 86.85 80.71 76.32 57.53 23.99 36.42 58.79 68.43 68.11 57.99 58.73 61.15 57.41 56.91 56.94 57.26 57.25 56.25 47.54 52.75 54.7 67.26 71.89 69.03 59.62 55.98 43.97 23.15 28.15 55.29 57.5 31.76 27.32 29.49 50.89 74.61 76.2 85.76 91.87 87.1 82.75 90.41 97.95 96.7 93.73 96.17 100.22 97.28 97.24 94.36 94.4 98.21 96.18 96.87 96.49 89.3
-9999 -9999 -9999 -9999 -9999 -9999 -9999 -9999 113.68 112.29 110.51 110.55 106.4 95.28 94.47 97.5 93.41 90.32 86.51 78.2 71.83 61.09 36.23 40.31 70.7 74.12 70.08 70.32 65.45 58 54.77 49.96 53.99 56.08 52.2 58.95 62.35 68.5 70.8 73.84 77.94 70.75 65.19 57.59 26.68 12.72 30.2 35.01 31.51 20.68 7.49 18.48 45.13 83.67 81.22 80.36 97.81 103.94 104.41 109.4 106.99 100.74 99.28 103.49 100.12 97.32 98.58 96.18 95.5 98.51 99.43 99.88 95.57 88.04
-9999 -9999 -9999 -9999 -9999 -9999 -9999 113.2055 113.66 115.14 114.38 112.98 106.15 98.36 96.95 94.01 92.6 86.67 73.9 61.35 55.97 69.39 73.35 74.86 75.34 72.98 78.45 78.7 74.26 69.81 75.49 76.61 60.19 70.76 75.69 78.22 79.42 74.18 79.36 80.89 81.69 80.77 62.2 37.63 50.79 35.45 12.03 13.53 19.94 62.64 47.88 67.58 98.41 106.37 104.87 107.64 110.45 113.46 116.74 114.03 105.95 104.63 104.92 100.95 97.59 97.86 100.14 96.25 97.72 97.95 99.21 99.66 97.07 93.02
-9999 -9999 -9999 -9999 -9999 -9999 -9999 -9999 116.6364 115.55 114.87 111.93 100.88 98.7 98.83 86.74 77.7 72.42 70.85 64.79 68.14 76.11 72.82 70.5 72.05 76.31 86.51 85.18 82.59 83.85 85.77 83.45 80.3 83.57 87.5 85.6 81.67 79.79 83.13 83.11 82.62 76.19 61.21 60.47 47.32 60.23 66.53 80.72 96.83 112 111.91 111.41 108.88 105.35 107.48 110.3 118.33 110.1 115.6 108.1 106.86 104.98 101.91 99.28 99.09 101.26 99.16 99.38 100.35 97.26 101.57 100.44 95.26 89.79
-9999 -9999 -9999 -9999 -9999 -9999 -9999 117.0133 115.09 115.69 115.68 102.85 96.07 96.38 79.57 69.6 75.13 79.28 77.78 79.35 81.49 70.59 75.7 69.84 80.01 88.9 88.93 89 85.07 82.2 82.57 88.43 89.59 91.96 90.88 87.85 86.89 87.82 89.43 89.01 84.72 79.41 76.02 73.56 73.19 82.77 104.28 117.58 117.09 116.13 115.01 112.63 110.98 109.98 108.2 116.97 114.82 109.13 108.97 107.75 106.73 104.9 104.9 101.45 102.46 103.78 101.41 103.84 101.06 102.32 103.84 101.25 99.36 98.09
-9999 -9999 -9999 -9999 -9999 -9999 -9999 117.01 114.33 114.54 113.72 97.21 96.66 93.9 83.46 84.8 87.94 84.42 77.28 75.53 73.9 77.76 87.22 84.44 84.38 92.27 92.39 92.84 90.77 89.6 90.68 91.66 88.16 91.19 91.36 91.06 91.03 91.79 91.01 86.1 82.15 82.77 87.15 88.99 89.24 91.49 109.76 118.65 117.81 116.76 115.34 114.02 112.83 110.81 110 112.44 112.99 112.77 116.25 118.73 126.58 123.95 124.8 106.07 106.02 104.49 104.43 106.22 105.37 103.01 98.12 94.33 92.09 91.26
-9999 -9999 -9999 -9999 -9999 -9999 119.1111 119.05 114.23 112.25 112.11 102.52 99.44 94.07 93.04 93.47 87.86 80.71 76.11 69.74 80.72 88.68 90.93 88.07 88.19 94.67 99.68 98.24 96.6 92.77 92.84 93.16 92.91 91.22 91.92 90.94 89.45 88.72 84.97 80.47 83.52 86.33 90.11 90.8 90.14 89.83 99.53 107.97 116.85 116.46 114.09 110.83 112.62 111.32 112.74 115.82 129.53 128.13 124.91 124.02 122.17 128.72 125.77 118.26 120.13 112.52 106.18 105.08 103.54 102.09 98.19 95.02 93.39 93.06
-9999 -9999 -9999 -9999 -9999 -9999 118.1429 118.41 115.89 110.79 106.84 106.35 105.58 96.38 97.2 95.94 94.12 89.54 81.8 79.9 89.24 92.11 90.95 89.78 97.57 102.73 100.84 99.94 96.06 96.23 95.15 93.98 93.79 94.21 93.82 91.1 88.99 86.23 87.67 89.32 88.66 89.8 87.54 87.19 86.67 89 86.74 91.65 114.76 114.07 112.82 111.82 114.37 111.42 115.67 121.67 131.18 131.89 132.17 131.11 131.65 131.61 126.98 127.77 127.02 125.05 120.41 109.49 100.21 99.3 99.82 98.85 96.21 95.21
-9999 -9999 -9999 -9999 -9999 117.8214 116.18 115.64 115.47 109.9 108.29 111.26 112.16 102.6 96.24 98.69 94 92.87 90.44 93.05 96.5 94.67 98.59 102.52 101.98 99.43 99.25 99.78 97.08 96.95 98.14 96.88 92.64 91.32 91.35 93.31 95.31 92.37 89.68 87.4 86.82 87.48 85.05 82.79 78.81 76.25 76.62 79.48 83.04 89.64 101.12 109.08 110.02 119.44 124.57 126.76 125.71 125.22 123.15 125.13 124.75 127.3 124.34 120.92 123.8 120.84 121.37 122.33 117.7 109.13 104.17 100.05 97.32 96.41
-9999 -9999 -9999 -9999 -9999 118.6951 118.72 114.36 110.1 101.55 107.93 111.19 113.31 111.74 101.41 100.93 96.52 92.86 92.92 97.1 99.34 101.85 104.46 102.51 101.97 101.62 101.84 98.54 99.36 98.92 96.45 94.57 92.25 90.41 88.72 90.87 92.13 92.51 91.38 90.19 88.92 89.22 86.58 84.45 82.15 79.01 75.55 71.75 69.99 65.53 82.11 95.8 118.18 126.89 116.47 116.82 113.91 114.98 113.53 115.5 115.58 122.02 121.62 117.47 116.16 118.03 117.66 119.1 121.65 121.92 122.18 123.98 118.21 120.36
-9999 -9999 -9999 -9999 -9999 119.1212 117.41 105.36 100.86 102.49 104.44 115.83 116.62 116.01 107.74 102.42 101.34 99.89 99.72 99.42 101.24 97.59 99.06 98.19 103.16 101.17 99.83 96.49 95.87 97.84 99.23 97.07 94.53 93.6 91.76 90.68 90.28 93.03 91.26 91.11 91.31 89.26 86.74 83.68 81.38 77.69 77 74.66 61.08 59.59 58.75 90.98 117.43 128.1 125.87 118.04 115.61 114.86 103.91 115.97 105.58 109.01 110.25 111.84 111.27 112.23 115.22 121.25 122.67 123.36 123.9 124.45 124.36 125.68
-9999 -9999 -9999 122.0476 122.39 118.52 112.53 106.74 108.96 114.71 117.22 119.04 119.27 116.77 116.32 115.59 112.2 109 102.71 100.77 97.98 97.22 96.21 96.61 96.08 99.53 98.86 97.57 94.31 94.67 97.03 97.03 96.57 96.32 94.79 93.1 91.26 88.88 89.5 88.85 90.05 88.7 86.45 82.56 79.53 68.94 72.6 72.04 62.43 56.05 72.94 95.8 115.86 123.52 131.68 132.52 131.77 127.39 121.49 123.23 118.33 120.04 121.82 122.82 110.79 104.16 108.83 115.51 119.85 120.01 123.27 124.91 125.32 126.82
-9999 -9999 122.6406 122.9186 120.69 118.29 114.7 118.38 118.44 117.87 120.5 121.34 119.14 114.1 113.36 109.74 108.85 102.81 101.22 100.97 100.4 98.41 96.88 95.92 89.79 86.49 92.38 93.37 94.17 94.1 93.17 92.82 94.72 91.44 92.09 93.59 92.87 91.09 89.64 88.09 88.14 86.16 83.73 82.93 81.41 73.19 69.64 71.03 73.35 73.82 82.88 105.62 111.78 120.28 128.54 136.97 134.95 131.1 126.93 120.26 116.95 115.13 122.89 119.2 115.55 115.4 111.25 115.29 118.83 116.98 114.62 121.59 126.15 127.63
-9999 -9999 120.5 120.01 119.66 118.81 118.74 120.77 120.14 120.54 122.41 121.6 117.32 115.66 113.85 109.05 105.34 105.55 104.52 103 104.84 103.67 104.26 103.54 97.9 85.77 89.73 96.25 99.25 97 95.93 96.98 96.91 93.49 93.88 92.38 90.36 91.98 89.48 86.44 86.16 85.48 83.56 85.56 88.16 85 86.85 84.96 84.36 78.76 88.56 113.2 114.66 117.53 129.73 133.18 134.81 130.29 130.58 127.7 126.69 129.95 130.37 125.22 117.29 117.82 120.65 119.39 115.35 116.62 112.18 122.68 127.21 128.34
-9999 -9999 121.05 120.28 119.02 112.2 119.8 120.36 121.01 122.73 123.05 119.84 118.07 117.01 115.76 111.75 110.17 110.19 104.63 104.59 108.56 106.78 104.1 105.58 104.76 101.92 99.01 98.68 100.43 99.81 96.64 98.78 97.43 95.51 94 91.5 90.6 90.05 88.71 87.55 81.79 84.89 90.84 90.43 91.07 89.64 90.01 88.2 88.79 88.08 93.78 105.43 112.6 115.03 129.42 129.64 131.89 132.53 133.4 128.82 122.51 127.13 132.21 130.86 122.42 121.63 124.65 127.56 127.05 122.7 126.3 130.08 129.66 129.08
-9999 121.7813 121.25 119.01 114.73 118.25 122.06 121.51 123.69 124.1895 122.28 120.54 118.41 116.79 116.08 114.79 115.11 108.45 106.21 109.22 108.85 109.99 108.97 106.2 105.39 104.19 103.88 101.97 101.94 102.2 99.74 100.33 97.75 96.75 95.22 94.23 94.5 93.57 90.58 90.74 91.04 94.64 94.06 94.03 94.17 92.52 92.04 91.38 91.7 93.4 94.8 108.38 100.12 110.03 129.61 132.56 127.44 132.57 132.71 126.2 123.32 125.56 127.31 129.8 125.43 123.84 128.1 130.37 130.93 131.11 130.5 130.22 129.79 129.2
-9999 119.58 119.06 116.39 114.1 117.2 124.4149 125.1111 125.1839 123.94 121.46 120.74 118.98 118.68 118.82 116.75 115.28 110.67 107.61 106.79 108.14 110.88 110.12 109.13 107.07 105.11 104.61 104.51 102.16 101.56 102.69 101.28 100.49 99.48 98.03 97.59 97.23 96.91 94.73 92.42 93.45 96.17 95.81 95.73 94.94 93.87 92.44 87.95 86.13 90.35 90.86 88.22 108.88 102.07 117.85 134.42 130.7 128.96 131.6 133.1 133.19 125.01 126.51 132.12 127.02 130.65 131.01 130.87 131.31 131.52 130.78 130.25 130.12 129.77
-9999 115.6837 112.27 112.25 111.06 117.6392 125.2532 126.04 125.25 124.03 123 122.74 122.55 120.98 119.55 118.37 116.57 114.61 111.04 104.06 103.38 103.74 107.87 107.38 106.13 104 101.26 101 103.61 103.3 102.84 101.75 101.26 100.58 99.77 99.33 98.78 98.33 96.3 95.32 97.68 97.38 96.7 95.29 93.94 92.98 91.79 90.72 89.26 86.45 85.69 92.31 86.39 77.94 90.87 124.69 133.45 134.18 134.37 129.72 133.35 132.22 130.02 132.07 129.26 131.66 130.58 130.9 131.14 131.31 130.48 130.22 129.99 129.35
-9999 113.18 110.72 112.93 119.69 123.3667 127 126.41 125.28 124.06 122.22 121.6 120.57 119 119.65 117.77 113.36 108.17 106.07 103.84 103.42 104.76 100.73 102.58 103.29 103.28 99.14 100.04 104.24 104.66 102.42 102.07 104.3 101.06 100.13 99.93 98.81 97.29 97.39 97.96 96.72 95.42 95.09 92.29 91.18 90.03 88.6 90.92 88.68 87.16 85.21 86.88 88.62 82.07 91.11 88.57 110.58 125.62 128.17 127.88 132.28 132.97 128.16 129.73 132.27 131.81 132.02 131.66 129.66 129.42 129.1 125.01 126.9 129.3
112.8025 110.96 111.78 116.41 123.766 -9999 -9999 126.18 125.08 123.96 123.18 121.48 119.96 118.18 117.32 113.1 105.4 103.85 103.31 101.39 100.87 102.3 105.45 101.78 99.88 104.1 104.94 105.45 105.82 103.88 101.19 99.57 99.83 98.74 98.66 97.76 95.85 95.04 96.68 94.21 92.55 91 90.03 90.05 85.12 88.43 87.56 89.79 86.96 84.91 82.17 81.65 82.58 92.24 85.89 85.16 85.03 92.32 108.23 117.96 124.03 130.25 131.32 129.69 128.91 128.41 124.68 127.42 130.45 130.53 130.73 128.81 128.34 128.29
119 118.2535 119.3378 121.4935 125.0667 127.875 127.1011 126.88 125.7 123.9 122.06 120.93 119.87 118.84 115.67 107.13 101.92 100.55 100.34 99.8 98.81 101.86 101.45 103.19 104.79 103.55 107.93 107.14 104.17 102.48 100.22 99.01 98.62 98.18 97.27 97.06 95.38 93.89 94.82 95.86 92.75 88.79 86.73 87.99 87.33 86.56 87.44 84.82 83.39 79.63 80.17 81.26 86.04 89.61 89.19 90.28 89.44 86.28 91.81 105.98 102.45 102.88 111.4 119.28 125.27 125.26 122.45 124.78 132.29 130.86 128.37 129.25 128.6 127.73
-9999 -9999 -9999 124.2162 126.3896 127.131 126.32 126.31 126.06 124.95 123.23 121.82 120.1 116.24 111.92 105.55 100.54 98.84 98.89 100.78 100.81 107.01 108.55 106.19 106.94 108.39 107.48 106.75 103.29 99.53 96.62 95.92 96.55 96 95.23 95.23 93.88 92.42 92.45 93.65 90.6 88.11 85.27 84.26 87.03 83.2 83.34 79.77 81.28 83.55 85.13 86.56 89.01 89.15 84.19 88.88 86.2 81.56 81.97 92.06 102.29 99.66 98.93 100.08 98.88 100.06 107.17 109.74 113.01 116.79 121.72 126.5 127.79 127.86
-9999 -9999 -9999 -9999 125.4 124.91 122.8788 125.8353 127.2637 126.2747 122.95 122.91 121.04 116.27 114.19 109.33 101.95 101.34 101.95 101.24 104.9 109.91 108.91 106.82 106.17 107.94 108.86 105.88 103.35 98.59 95.66 92.43 88.52 90.07 87.49 92.5 92.2 89.39 89.67 90.73 91.83 84.57 84.42 84.7 86.48 80.64 77.8 80.46 81.47 84.93 84.11 85.32 86.02 87.31 86.74 87.82 88.04 87.13 82.47 75.52 88.46 97.61 99.65 100.72 106.26 104.68 101.85 103.43 104.48 100.91 100.91 103.33 113.48 121.87
-9999 -9999 -9999 -9999 122.2099 120.3286 -9999 127.7647 -9999 126.6282 125.19 123.51 122.04 121.19 117.42 115.12 113.55 108.21 104.72 103.88 109.85 111.11 109.08 108.33 108.04 109.31 109.25 106.35 103.75 100.37 96.09 91.68 85.38 83.79 83.47 86.9 90.91 86.03 86.65 87.86 90.04 88.91 86.15 83.2 83.69 81.14 81.2 82.49 81.29 80.49 82.98 84.31 84.16 86.15 84.32 83.34 83.43 83.89 84.65 83.69 80.78 87.12 93.15 94.16 96.01 105.59 110 101.52 94.83 89.89 88.41 97.43 97.45 101.35
-9999 -9999 -9999 -9999 -9999 -9999 -9999 -9999 127.4464 125.9592 125.2421 125.23 123.61 120.87 120.34 115.29 114.31 112.77 108.78 103.21 108.84 109.48 110.3 109.66 110.65 111.03 108.42 106.55 104.5 100.01 97.47 91.77 88.22 94.62 91.64 89.91 86.85 86.29 85.27 84.17 86.13 86.76 83.61 85.03 83.18 82.73 82.7 81.31 80.06 80.62 81.2 81.36 82.05 82.92 82.51 81.13 80.62 81.44 80.35 80.23 82.51 81.59 90.87 97.45 100.96 101.13 113.23 104.01 103.78 101.55 95.99 99.55 99.8 104.59
-9999 -9999 -9999 -9999 -9999 -9999 -9999 -9999 -9999 125.27 123.22 122.67 123.34 122.77 122.19 118.75 116.17 112.76 110.6 110.85 108.43 105.35 107.84 110.59 111.03 111.2 108.99 107.74 105.24 102.69 98.92 95.71 97.15 96.93 94.66 93.41 90.09 87.65 84.8 83.21 82.27 82.81 82.75 82.96 82.65 81.88 83.29 80.84 80.3 83.04 82.66 84.65 80.67 76.93 82.14 83.15 79.95 80.51 79.62 79.72 78.1 78.48 79.46 90.6 104.71 108.71 114.53 113.06 111.85 113.5 112.38 111.7 115.4 116.19
