layers/wordclim/current/bio_13.asc
ncols         166
nrows         93
xllcorner     -9.4959440078468
yllcorner     36.000324005443
cellsize      0.083333337679505
NODATA_value  -9999
[rows 0 to 33 of 93, columns 0 to 76 of 166]
-9999 -9999 -9999 -9999 -9999 -9999 -9999 -9999 -9999 -9999 -9999 -9999 -9999 -9999 -9999 -9999 -9999 134.4878 143.8194 130.6418 129.7424 130.6023 127.1449 125.8636 -9999 -9999 -9999 -9999 -9999 -9999 -9999 -9999 -9999 -9999 -9999 -9999 -9999 -9999 -9999 -9999 -9999 -9999 -9999 -9999 -9999 -9999 -9999 -9999 -9999 -9999 -9999 -9999 -9999 -9999 -9999 -9999 -9999 -9999 -9999 -9999 -9999 -9999 -9999 -9999 -9999 -9999 -9999 -9999 -9999 -9999 -9999 -9999 -9999 -9999 -9999 -9999 -9999
-9999 -9999 -9999 -9999 -9999 -9999 -9999 -9999 -9999 -9999 -9999 -9999 -9999 -9999 -9999 -9999 133.7576 135 138.07 132.25 138.11 137.77 129.1515 134.37 131.99 125.1443 -9999 -9999 -9999 -9999 -9999 -9999 -9999 -9999 -9999 -9999 -9999 -9999 -9999 -9999 -9999 -9999 -9999 117.4844 116.9231 -9999 -9999 -9999 -9999 -9999 -9999 -9999 -9999 -9999 -9999 -9999 -9999 -9999 -9999 -9999 -9999 -9999 -9999 -9999 -9999 -9999 -9999 -9999 -9999 -9999 -9999 -9999 -9999 -9999 -9999 -9999 -9999
-9999 -9999 -9999 -9999 -9999 -9999 -9999 -9999 -9999 -9999 -9999 -9999 -9999 -9999 135.3148 132.5053 134.5152 136.28 138.94 145.48 148.47 144.28 138.2 142.44 127.48 121.29 119.8316 119.4937 118.2958 114.2545 114.6 114.5119 115.8158 112.9221 116.8608 114.5 115.4521 118.1389 119.8636 118.9175 118.2692 117.9167 116.9697 116.75 117.53 114.4026 113.8689 115.75 115.4576 -9999 -9999 -9999 -9999 -9999 -9999 -9999 -9999 -9999 -9999 -9999 -9999 -9999 -9999 -9999 -9999 -9999 -9999 -9999 -9999 -9999 -9999 -9999 -9999 -9999 -9999 -9999 -9999
-9999 -9999 -9999 -9999 -9999 -9999 -9999 -9999 -9999 -9999 -9999 -9999 -9999 -9999 -9999 -9999 142.6061 151.13 152.78 146.43 149.72 153.88 154.26 151.46 138.11 126.27 120.56 124.19 117.02 116.2828 121.37 123.19 123.27 117.11 125.37 120.24 117.64 120.57 124.71 119.24 115.8081 119.85 121.27 118.82 116.98 116.38 117.84 117.39 113.01 113.49 113.18 113.3846 110.8462 109.7627 110.26 -9999 -9999 -9999 -9999 -9999 -9999 -9999 -9999 -9999 -9999 -9999 -9999 132.1233 -9999 138 141.6667 143.2529 145.8696 -9999 -9999 -9999 -9999
-9999 -9999 -9999 -9999 -9999 -9999 -9999 -9999 -9999 -9999 -9999 -9999 -9999 -9999 137.0298 136.9583 145.73 153.98 154 155.28 149.21 147.75 144.98 147.12 139.79 134.62 128.62 121.87 121.24 128.19 133.91 127.88 121.52 123.34 125.7 118.71 122.71 125.39 119.64 115.93 115.82 114.07 114.41 117.68 115.75 115.14 115.03 113.73 112.5 111.3 110.34 107.96 107.69 110.35 110.78 111.68 113.9 112.0851 111.4691 111.0137 112.1039 113.5 115.7639 118.6988 121.0408 122.41 125.33 127.55 130.5625 133.62 136.67 139.02 140.7381 144.5 146.809 149.5556 -9999
-9999 -9999 -9999 -9999 -9999 -9999 143.963 142.075 144.9054 -9999 148.8243 149.0723 148.12 141.7879 140.72 -9999 150.25 157.13 163.11 157.34 150.46 145.21 141.43 135.55 135.22 130.95 128.76 121.92 130.71 132.18 129.16 119.54 122.14 129.93 127.95 119.47 116.21 116.46 119.18 116.7 117.67 117.57 115.97 114.31 114.21 112.97 112.49 113.16 112.45 110 111.68 109.21 107.24 110.4 113.29 112.84 110.22 112.14 109.69 110.98 110.71 112.4 113.67 114.9 117 118.14 119.98 121.78 124.03 126.05 129.02 131.72 135.07 137.02 139.53 142.25 147.19
-9999 -9999 -9999 -9999 -9999 -9999 147.7397 148.77 150.65 151.49 158.5 172.73 169.01 162.32 152.89 152.96 161.95 163.48 164.26 158.02 153.41 144.59 140.53 134.37 130.9 129.99 130.83 125.6 127.67 128.77 122.53 117.27 126.33 130.97 120.93 116.49 116.74 123.49 120.34 121.05 120.25 114.67 122.77 114.7 110.17 110.84 110.55 109.01 108.79 108.45 114.17 110.2 108.24 114.52 129.72 121.44 124.64 121.52 108.4 110.9 109.38 109.01 109.66 111.27 111.95 112.9 114.16 115.06 117.13 118.3 121.28 123.07 126.86 129.39 131.23 135.06 138.91
-9999 -9999 -9999 -9999 141.957 149.34 152.29 163.84 171.55 173.17 181.09 180.16 176.91 177.78 172.52 174.15 174.94 170.27 167.45 159.61 154.78 148.64 139.69 135.34 132.79 132.88 134.03 126.14 133.73 127.22 127.53 119.57 124.59 127.55 120.28 117.11 123.81 130.43 120.14 124.9 120.3 121.24 113.04 111.77 107.65 110.4 108.3 107.52 111.68 115.03 111.04 112.72 115.66 109.9 117.58 121.54 116.29 105.13 102.51 104.53 112.6 108.47 107.49 107.65 107.77 107.59 108.77 108.98 110.59 113.64 115.36 116.06 117.04 119.78 124.4 126.13 129.35
-9999 -9999 -9999 142 147.22 160.48 165.6 173.47 179.03 184.38 184.35 185.02 179.39 179.56 178.52 176.03 175.04 174.4 175.41 166.53 156.03 150.9 142.54 138.1 137.16 134.71 136.56 134.26 124.68 123.27 115.91 116.05 125.6 130.82 120.1 128.43 126.12 139.99 139.25 133.7 140.39 129.37 133.06 113.31 106.76 121.28 121.99 116.38 120.27 121.6 112.35 116.55 110.17 107.47 113.61 112.57 120.32 118.56 111.38 105.97 108.11 116.27 110.75 104.51 104.02 103.54 104.01 104.09 104.95 105.79 106.94 108.52 110.11 111.66 113.48 114.44 117.1
-9999 -9999 -9999 141.5647 155.3131 164.81 172.72 177.52 180.89 185.24 186.71 186.71 186.74 187.2 186.08 183.21 177.11 178.41 173.89 170.38 159.94 155.82 148.29 137.32 131.7 129.73 134.5 130.35 127.91 116.02 115.88 122.44 121.89 128.05 128.4 132.07 136.21 127.36 125.48 123.84 126.17 119.57 119.36 121.87 115.66 112.26 114.46 109.56 114.3 109.01 101.7 105.53 105.26 103.58 101.6 106.97 115.33 116.56 112.01 104.59 101.38 111.9 107.08 99.29 98.33 98.36 98.29 98.67 98.89 99.19 100.4 101.96 103.26 104.4 105.55 106.69 107.5
-9999 -9999 -9999 -9999 151.2241 171.6 175.53 175.93 185.35 180.98 178.5 192.76 198.72 189.18 186.72 182.85 173.85 171.47 169.27 166.5 163.4 153.48 144.03 135.79 129.43 128.81 129.64 132.81 122.08 117.73 125.1 134.67 141.71 138.24 126.93 126.85 123.21 125.75 133.37 126.04 128.2 126.28 115.65 106.83 115.25 105.43 102.5 100.16 104.07 97.41 95.92 100.16 96.81 99.92 96.73 102.75 103 102.64 101.82 95.86 93.92 94.2 94.32 93.36 93.63 93.17 94.08 92.76 93.2 92.86 94.64 95.42 96.39 97.31 98.85 99.75 99.84
-9999 -9999 -9999 -9999 151.4 157.4063 161.5303 165.956 199.49 188.93 185.72 184.99 191.89 186.06 183.81 191.34 183.55 180.63 177.61 167.47 164.8 156.25 142.11 143.01 137.67 126.62 135.91 135.83 128.34 127.38 128.85 145.26 130.38 119.82 110.36 110.62 120.01 129.23 127.59 123.64 114.05 106.45 100.6 98.04 95.47 97.22 90.79 89.15 90.61 88.38 88.69 89.25 88.88 90.61 88.62 91.63 93.5 89.8 89.63 90.4 88.81 88.16 87.22 87.42 88.75 87.59 87.71 89.06 87.94 88.61 89.66 89.31 90.01 90.45 91.06 92.16 93.58
-9999 -9999 -9999 -9999 -9999 -9999 190.6196 180.72 191.28 183.25 194.22 202.84 199.24 209.56 202.82 197.78 194.96 186.22 183.32 178.94 162.83 148.76 151.88 148.26 138.41 134.92 140.52 147.48 145.64 136.97 126.67 129.63 113.82 104.35 103.63 101.11 106.11 106.83 104 104.02 105.85 102.78 96.3 90.85 88.01 87.64 83.11 81.82 83.05 80.92 83.35 81.89 82.78 82.54 83.7 85.05 84.95 84.41 83.38 84.16 82.48 82.77 82.39 83.94 84.35 83.95 83.58 83.74 83.15 83.94 85.33 83.82 82.64 84.74 85.19 87.22 86.8
-9999 -9999 -9999 -9999 -9999 161.5254 181.9362 -9999 -9999 199.83 202.55 217.71 222.96 222.59 218.54 203.64 196.16 192.75 187.19 181.04 162.18 149.13 147.95 140.33 126.55 132.81 142.32 137.21 138.58 141.6 125.67 114.13 103.11 95.61 92.92 93.35 92.26 92.36 95.09 99.13 94.01 89.33 87.39 83.7 81.76 80.15 76.02 75.65 75.8 75.98 76.91 76.23 78.16 76.76 78.75 79.61 78.97 79.08 77.67 78.31 77.58 76.76 77.25 78.68 78.77 79.4 79.22 79.54 79.6 80.09 79.23 77.16 76.39 77.11 77.83 78.46 79.27
-9999 -9999 -9999 -9999 -9999 -9999 -9999 168.8333 183.3012 194.44 212.23 226.09 229.12 225.08 220.84 211.77 201.2 196.12 190.3 177.28 164.95 148.52 142.71 127.27 123.57 125.54 130.81 130.34 137.82 135.08 123.48 105.67 95.86 89.98 89.1 90.75 99.44 104.22 103.8 98.7 89.37 84.2 81.93 77.84 75.84 73.89 71.8 70.94 70.76 71.22 71.54 72.86 73.18 72.07 73.57 74.41 73.39 73.87 73.49 72.9 73.15 72.29 72.18 72.34 72.58 72.72 73.4 75.05 74.74 74.54 72.8 71.94 73.28 73.18 73.08 73.47 73.13
-9999 -9999 -9999 -9999 -9999 -9999 -9999 178.2083 195.7826 222.3371 211.58 229.9 236.61 230.87 221.71 207.35 194.07 182.52 172.59 165.12 156.27 147.61 137.49 130.9 133.24 129.06 123.01 119.16 130.79 120.62 111.84 102.76 96.27 103.15 112.73 106.92 113.36 112.46 98.62 89.38 83.33 79.09 77.24 73.46 71.81 70.16 68.66 67.3 67.06 67.46 68.23 68.9 68.67 67.9 69 69.88 68.96 68.28 68.26 68.04 67.76 67.74 67.97 67.83 67.9 68.03 69.3 69.87 69.28 69 68.97 69.32 69.17 68.7 69.58 68.64 67.81
-9999 -9999 -9999 -9999 -9999 -9999 -9999 -9999 -9999 224.8235 223.5376 237.1 238.52 232.49 221.81 202.11 177.04 172.33 158.07 147.3 143.06 158.5 156.6 144.08 137.75 144.32 139.9 115.9 109.38 121.95 121.74 108.44 120.1 120.01 111.91 127.46 125.94 113.01 95.58 87.86 81.79 76.28 72.4 69.98 68.43 66.95 65.64 64.21 64.35 64.65 64.68 65.07 64.53 64.14 64.84 65.31 64.91 64.19 63.95 63.68 63.63 63.48 63.55 63.56 63.8 64.71 65.1 64.76 63.98 63.28 64.27 65.98 67.2 70.85 70.36 68.51 71.9
-9999 -9999 -9999 -9999 -9999 -9999 -9999 -9999 200.4487 230.2121 -9999 247.16 240.72 229.19 224.99 204.04 170.66 165.78 165.31 146.69 144.7 154.91 152.05 159.84 158.27 153.66 156.22 128.13 120.07 126.25 136.14 135.9 135.85 131.14 120.31 107.01 108.9 114.7 101.49 86.56 77.49 73.11 69.64 67.02 65.33 63.96 62.75 61.38 62.15 62.47 61.48 61.34 60.92 60.88 61.22 61.24 61.21 60.71 60.04 59.87 59.66 59.92 59.98 60.31 61 62.21 61.38 60.31 60.02 61.03 63.33 64.87 67.4 71.48 75.93 77.28 79.36
-9999 -9999 -9999 -9999 -9999 -9999 -9999 -9999 -9999 219.1868 241.33 226.46 219.27 224.88 217.09 193.63 176.72 172.25 163.98 160.76 155.81 153.58 146.17 159.87 167.54 167.5 168.5 147.03 125.16 132.8 136.6 145.78 153.68 145.03 130.47 126.03 117.23 103.2 94.94 83.57 76.28 71.3 68.36 64.74 62.46 61.12 59.99 58.86 59.48 59 58.41 58.08 57.99 58.27 58.21 57.95 57.58 57.51 56.89 56.25 56.25 56.87 57.08 57.99 58.82 57.94 57.55 57.83 58.66 59.98 61.8 64.07 68.99 76.55 79.88 85.96 86.15
-9999 -9999 -9999 -9999 -9999 -9999 -9999 -9999 195.6923 241.21 206.03 212.07 200.91 213.15 186.55 190.27 191.22 193.93 181.19 174.39 166.76 153.35 150.31 151.14 156.73 161.41 152.96 138.23 128.5 137.14 142.37 148.64 142.33 119.57 108.44 104.94 100.43 92.59 84.35 76.93 73.11 68.35 64.88 62.84 59.74 58.65 57.28 56.6 56.32 55.77 55.75 55.46 55.78 56.09 55.54 55.3 54.67 53.97 53.8 52.91 54.47 55.86 55.58 55.97 55.16 56.24 55.86 56.65 57.87 59.69 62.08 64.99 64.35 65.99 70.25 72.17 73.89
-9999 -9999 -9999 -9999 -9999 -9999 -9999 219.1111 228.97 210.29 196.92 198.34 202.67 194.73 212.72 216.79 215.27 203.06 188.19 173.12 162.28 154.1 147.31 149.62 132.07 143.29 141.2 132.98 134.07 135.41 137.31 137.95 134.78 110.31 102.63 97.34 91.47 86.34 80.08 74.43 69.62 65.58 62.17 59.85 57.83 55.97 54.5 54.15 53.77 53.83 53.1 53.38 53.76 53.6 53.44 53.13 52.59 51.7 51.36 51.29 53.3 53.08 52.63 53.93 55.18 55.83 55.57 55.97 56.73 57.65 59.3 61.22 63.97 63.1 63.91 69.04 79.72
-9999 -9999 -9999 -9999 -9999 -9999 -9999 204.6667 187.61 193.28 204.85 230.78 215.23 215.63 223.87 210.01 197.88 184.13 180.5 183.4 178.82 165.46 155.84 142.4 121.99 131.14 133.45 124.8 125.61 125.55 121.09 120.18 124.19 104.13 98.08 95.17 92.1 84.19 78.75 73.85 69.55 64.68 60.78 57.62 54.94 53.16 52.3 51.88 51.47 51.19 51.09 51.44 52.14 51.61 51.6 51.5 51.35 51.47 52.29 51.24 50.78 51.97 53.02 54.2 55.75 56.59 56.04 56.54 57.62 58.77 59.76 62.7 64.49 66.97 62.89 65.02 67.48
-9999 -9999 -9999 -9999 -9999 -9999 -9999 182.3636 188.7273 211.61 209.01 224.65 198.12 196.58 197.64 192 184.31 192.96 198.43 192.04 184.53 178.11 152.63 143.39 122.12 130.32 137.73 125.21 120.61 123.18 117.68 111.31 107.22 96.06 94.14 88.45 86.35 83.62 81.06 77.76 72.24 66.9 60.53 57.11 53.72 51.24 49.92 49.21 48.81 48.72 49.11 49.63 50.02 50.45 51.33 51.79 51.91 51.64 51.15 49.5 51.01 52.31 53.19 54.51 55.48 56.07 56.5 56.34 56.95 57.74 58.29 59.94 61.48 63.26 64.78 64.89 66.32
-9999 -9999 -9999 -9999 -9999 -9999 -9999 -9999 195.49 206.44 179.02 189.63 182.86 185.22 191.13 204.01 205.2 207.31 186.32 188.92 181.02 175.95 163.85 146.17 124.23 131.9 140 124.34 119.81 114.66 115.97 115.94 103.85 92.07 93.36 85.69 82.73 81.47 75.97 70.86 68.86 65.47 59.44 54.3 51.63 49.7 47.68 47.17 47.39 47.78 47.5 47.92 49.26 50.4 50.89 51.19 51.23 50.44 49.31 49.69 51.15 51.69 52.82 53.32 53.99 54.71 54.17 54.66 55.45 55.59 56.25 56.86 57.92 58.74 60.17 62.8 64.18
-9999 -9999 -9999 -9999 -9999 -9999 -9999 -9999 183.9222 178.9388 184.55 189.53 194.1 182.37 185.01 185.96 182.08 173.39 183.35 189.93 186.27 171.8 153.74 138.6 137.18 146.08 132.83 119.82 111.63 115.16 119.06 121.62 104.98 97.5 89.41 83.25 83.6 80.74 75.73 70.21 65.07 61.77 57.83 53.4 50.03 47.72 45.93 45.16 45.44 46.07 46.63 47.9 48.81 49.24 49.86 50.38 50.45 49.53 49.78 49.92 50.56 51.01 52.21 53.14 53.5 54.32 52.26 52.07 52.83 53.75 54.09 55.05 56.13 56.97 58.22 59.34 60.71
-9999 -9999 -9999 -9999 -9999 -9999 -9999 -9999 178.7895 181.42 179.41 174.99 164.91 165.34 165.57 174.5 174.31 195.37 195.9 186.43 171.24 165.02 151.7 142.4 160.07 140.67 125.63 112.87 107.29 112.71 118.02 115.06 107.84 95.28 86.98 82.05 80.36 77.37 74.36 69.26 65.28 60.5 55.6 51.71 48.82 45.91 44.44 44.75 44.74 45.3 45.59 45.86 46.71 47.58 48.64 49.28 48.72 48.72 49.04 48.93 49.56 50.49 51.15 50.7 50.9 52.52 51.63 53.17 53.32 53.58 53.66 54.69 55.49 56.11 56.51 56.93 59.11
-9999 -9999 -9999 -9999 -9999 -9999 -9999 -9999 -9999 177.72 170.95 168.34 166.77 176.06 167.25 165.26 182.09 179.91 173.73 171.3 161.75 176.93 170.24 174.15 161.66 137.05 119.88 110.71 110.66 114.32 113.58 106.46 100.31 88.69 83.22 79.76 79.16 77.23 71.6 67.05 62.83 60.14 55.33 51.01 47.19 43.79 42.75 42.97 43.21 43.3 43.58 44.25 44.73 45.96 46.37 46.53 46.96 47.45 47.5 49.82 50.29 51.48 52.48 52.51 52.21 52.61 54.09 55.02 54.7 55.24 57.3 57 58.34 56.8 55.99 56.03 55.96
-9999 -9999 -9999 -9999 -9999 -9999 -9999 -9999 -9999 171.97 172.48 168.66 172.29 165.24 165.3 169.75 179.56 179.49 154.69 173.64 191.39 190.25 183.89 170.96 155.68 146.88 136.95 115.23 114.35 122.11 125.1 104.51 94.07 86.9 82.36 78.59 78.01 75.53 69.38 67.24 63.57 58.39 54.72 50.39 46.29 43.84 42.58 42.91 42.87 42.53 42.42 43.08 43.58 44.07 45 45.87 46.13 46.29 47.41 49.51 50.7 51.68 52.11 52.89 52.83 52.94 53.68 56.72 60.26 61 60.03 56.26 56.66 58.22 57.63 58.78 58.52
-9999 -9999 -9999 -9999 -9999 -9999 -9999 -9999 -9999 169.3232 167.37 164.55 162.8 163.49 168.62 166.77 180.97 175.23 160.18 183.84 210.24 186.15 182.67 173.95 155.8 134.95 126.4 121.61 121.1 111.48 112.92 100.73 95.51 96.25 92.12 84.64 78.13 72.13 70.4 67.99 64.47 60.26 55.85 51.99 48.26 46.14 44.94 44.08 44.14 44.03 44 43.92 44.35 44.86 45.79 46.39 46.23 46.14 47.9 48.24 48.3 49.5 50.38 51 51.86 52.56 52.4 55.69 59.21 57.65 56.58 56.4 57.17 58.14 60.56 62.46 63.3
-9999 -9999 -9999 -9999 -9999 -9999 -9999 -9999 -9999 167.038 168.48 166.83 171.7 177 171.53 164.76 166.46 158.17 187.52 202.52 181.77 176.37 181.32 161.94 165.08 140.68 146.09 138.33 115.24 108.38 106.78 97.13 98.6 98.36 90.06 80.52 73.92 73.13 70.93 67.61 64.54 61.08 58 54.78 51.74 49.28 47.35 46.17 44.87 43.73 45.08 44.64 44.72 45.03 44.95 45.19 46.08 46.87 47.29 47.96 48.33 49.04 50.1 51.14 52.05 52.53 53.33 54.22 56.35 54.97 56.11 59.42 64.15 67.17 67.23 68.27 67.93
-9999 -9999 -9999 -9999 -9999 -9999 -9999 -9999 -9999 164.2264 165.29 165.5 164.23 168.53 165.37 167.21 158.49 188.01 198.41 196.1 161.13 170.84 169.08 148.52 146.38 145.73 153.58 144.37 112.85 111.73 112.18 103.48 102.64 95.35 88.78 81.02 79.94 76.51 71.55 67.43 63.77 61.51 58.91 57.15 53.41 49.68 48.64 48.31 46.92 45.44 44.97 44.99 45.01 45.27 45.59 45.86 46.82 47.31 48.55 48.34 49.04 49.8 50.5 51.26 52.26 52.98 53.55 54.69 56.47 57.16 57.54 64.48 76.29 76.49 72.5 69.52 71.69
-9999 -9999 -9999 -9999 -9999 -9999 -9999 -9999 -9999 -9999 162.8172 159.74 158.39 163.38 166.88 162.37 168.86 175.23 172.5 177.21 162.98 168.03 163.58 156.11 155.48 144.22 134.55 126.44 110.63 118.32 114.52 103.55 97.86 94.6 92.17 85.12 80.24 77.04 73.64 69.39 64.74 60.71 58.19 55.17 52.17 49.5 48.45 47.91 46.95 46.01 45.19 45.57 45.77 46.24 46.38 46.61 47.93 48.1 49.77 49.52 49.73 50.92 51.81 51.72 52.65 54.8 56.88 57.58 58.6 62.03 69.13 75.49 73.98 66.85 70.46 64.86 66.35
-9999 -9999 -9999 -9999 -9999 -9999 -9999 -9999 -9999 -9999 157.9048 160.8 154.7 157.73 161.16 173.62 200.55 194.99 218.14 211.46 188.97 193.37 183.35 180.3 176.27 164.98 146.93 136.88 115.07 111.44 105.22 100.14 94.37 95.36 92.15 85.65 81.66 77.1 74.18 70.71 66.53 62.73 59.07 55.67 52.67 50.15 48.67 47.72 47.68 47.15 46.45 46.46 46.83 47.31 47.27 48.08 49.13 49.14 50.67 50.78 51.27 52.57 51.96 53.15 55.01 57.22 60.1 69.66 70.7 70.69 60.04 60.05 68.66 63.26 57.91 59.57 61.87
-9999 -9999 -9999 -9999 -9999 -9999 -9999 -9999 -9999 -9999 152 159.8 165.24 169.73 171.42 175.05 187.94 211.31 222.6 215.94 212.61 209.35 192.72 173.98 178.81 177.9 157.6 133.87 120.62 121.76 114.9 104.56 104.4 98.84 92.55 85.8 82.01 78.93 74.5 70.38 67.84 64.6 60.1 56.94 54.39 51.87 49.22 46.95 46.1 47.12 47.5 47.95 48.56 48.97 49.26 49.96 50.03 50.02 51.33 52.37 53.39 53.08 52.8 53.24 56.13 59.47 72.55 78.93 67.19 59.22 56.73 56.5 59.22 58.91 54.58 54.16 53.9
