layers/wordclim/current/bio_05.asc
ncols         166
nrows         93
xllcorner     -9.4959440078468
yllcorner     36.000324005443
cellsize      0.083333337679505
NODATA_value  -9999
[rows 0 to 32 of 93, columns 73 to 145 of 166]
-9999 -9999 -9999 -9999 -9999 -9999 -9999 -9999 -9999 -9999 -9999 -9999 -9999 -9999 -9999 -9999 -9999 -9999 -9999 -9999 -9999 -9999 -9999 -9999 -9999 -9999 -9999 -9999 -9999 -9999 -9999 -9999 -9999 -9999 -9999 -9999 -9999 -9999 -9999 -9999 -9999 -9999 -9999 -9999 -9999 -9999 -9999 -9999 -9999 -9999 -9999 -9999 -9999 -9999 -9999 -9999 -9999 -9999 -9999 -9999 -9999 -9999 -9999 -9999 -9999 -9999 -9999 -9999 -9999 -9999 -9999 -9999 -9999
-9999 -9999 -9999 -9999 -9999 -9999 -9999 -9999 -9999 -9999 -9999 -9999 -9999 -9999 -9999 -9999 -9999 -9999 -9999 -9999 -9999 -9999 -9999 -9999 -9999 -9999 -9999 -9999 -9999 -9999 -9999 -9999 -9999 -9999 -9999 -9999 -9999 -9999 -9999 -9999 -9999 -9999 -9999 -9999 -9999 -9999 -9999 -9999 -9999 -9999 -9999 -9999 -9999 -9999 -9999 -9999 -9999 -9999 -9999 -9999 -9999 -9999 -9999 -9999 -9999 -9999 -9999 -9999 -9999 -9999 -9999 -9999 -9999
-9999 -9999 -9999 -9999 -9999 -9999 -9999 -9999 -9999 -9999 -9999 -9999 -9999 -9999 -9999 -9999 -9999 -9999 -9999 -9999 -9999 -9999 -9999 -9999 -9999 -9999 -9999 -9999 -9999 -9999 -9999 -9999 -9999 -9999 -9999 -9999 -9999 -9999 -9999 -9999 -9999 -9999 -9999 -9999 -9999 -9999 -9999 -9999 -9999 -9999 -9999 -9999 -9999 -9999 -9999 -9999 -9999 -9999 -9999 -9999 -9999 -9999 -9999 -9999 -9999 -9999 -9999 -9999 -9999 -9999 -9999 -9999 -9999
-9999 -9999 -9999 -9999 -9999 -9999 -9999 -9999 -9999 -9999 -9999 -9999 -9999 -9999 -9999 -9999 -9999 -9999 -9999 -9999 -9999 -9999 -9999 -9999 -9999 -9999 -9999 -9999 -9999 -9999 -9999 -9999 -9999 -9999 -9999 -9999 -9999 -9999 -9999 -9999 -9999 -9999 -9999 -9999 -9999 -9999 -9999 -9999 -9999 -9999 -9999 -9999 -9999 -9999 -9999 -9999 -9999 -9999 -9999 -9999 -9999 -9999 -9999 -9999 -9999 -9999 -9999 -9999 -9999 -9999 -9999 -9999 -9999
223.97 224.0899 226.8704 -9999 -9999 227.6552 228.96 229.03 232.6163 234.3205 237.0727 -9999 -9999 -9999 -9999 -9999 -9999 -9999 -9999 -9999 -9999 -9999 -9999 -9999 -9999 -9999 -9999 -9999 -9999 -9999 -9999 -9999 -9999 -9999 -9999 -9999 -9999 -9999 -9999 -9999 -9999 -9999 -9999 -9999 -9999 -9999 -9999 -9999 -9999 -9999 -9999 -9999 -9999 -9999 -9999 -9999 -9999 -9999 -9999 -9999 -9999 -9999 -9999 -9999 -9999 -9999 -9999 -9999 -9999 -9999 -9999 -9999 -9999
222.94 222.73 222.8 226.39 226.7143 230.2626 230.91 233.76 235.7 236.26 236.03 239.8687 241.1507 245.65 246.6066 248.6557 248.2381 249.5 247.33 242.15 245.7432 -9999 -9999 -9999 -9999 -9999 -9999 -9999 -9999 -9999 -9999 -9999 -9999 -9999 -9999 -9999 -9999 -9999 -9999 -9999 -9999 -9999 -9999 -9999 -9999 -9999 -9999 -9999 -9999 -9999 -9999 -9999 -9999 -9999 -9999 -9999 -9999 -9999 -9999 -9999 -9999 -9999 -9999 -9999 -9999 -9999 -9999 -9999 -9999 -9999 -9999 -9999 -9999
225.01 224.18 226.73 228.91 229.13 228.83 233.84 236.41 237.23 235.11 236.69 239.12 239.9 241.65 241.75 243.16 248.41 244.22 245.65 239.06 246.87 244.61 240.69 240.07 -9999 -9999 -9999 -9999 -9999 -9999 -9999 -9999 -9999 -9999 -9999 -9999 -9999 -9999 -9999 -9999 -9999 -9999 -9999 -9999 -9999 -9999 -9999 -9999 -9999 -9999 -9999 -9999 -9999 -9999 -9999 -9999 -9999 -9999 -9999 -9999 -9999 -9999 -9999 -9999 -9999 -9999 -9999 -9999 -9999 -9999 -9999 -9999 -9999
222.95 229.58 229.56 231.96 232.12 233.53 234.95 236.93 233.74 237.88 240.5 241.88 241.12 241.71 242.68 245.51 247.86 241.85 238.82 239.23 247.83 249.49 247.99 240.3014 -9999 -9999 -9999 -9999 -9999 -9999 -9999 -9999 -9999 -9999 -9999 -9999 -9999 -9999 -9999 -9999 -9999 -9999 -9999 -9999 -9999 -9999 -9999 -9999 -9999 -9999 -9999 -9999 -9999 -9999 -9999 -9999 -9999 -9999 -9999 -9999 -9999 -9999 -9999 -9999 -9999 -9999 -9999 -9999 -9999 -9999 -9999 -9999 -9999
225.37 226.93 225.43 226.65 235.09 236.35 231.09 223.59 233.92 234.98 242.67 245.58 242.02 247.31 251.21 249.38 241.93 245.75 237.33 239.52 240.55 237 228.84 227.675 -9999 222.2738 220.25 -9999 -9999 -9999 -9999 -9999 -9999 -9999 -9999 -9999 -9999 -9999 -9999 -9999 -9999 -9999 -9999 -9999 -9999 -9999 -9999 -9999 -9999 -9999 -9999 -9999 -9999 -9999 -9999 -9999 -9999 -9999 -9999 -9999 -9999 -9999 -9999 -9999 -9999 -9999 -9999 -9999 -9999 -9999 -9999 -9999 -9999
229.64 229.65 229.55 229.43 231.49 233.9 236.45 234.73 239.61 241.16 238.68 237.93 231.41 240.39 246.65 243.5 235.25 238.77 245.48 248.48 249.25 249.74 241.7 237.98 231.62 228.01 225.27 220.32 212.1828 207.6066 202.02 184.1379 -9999 -9999 -9999 -9999 -9999 -9999 -9999 -9999 -9999 -9999 -9999 -9999 -9999 -9999 -9999 -9999 -9999 -9999 -9999 -9999 -9999 -9999 -9999 -9999 -9999 -9999 -9999 -9999 -9999 -9999 -9999 -9999 -9999 -9999 -9999 -9999 -9999 -9999 -9999 -9999 -9999
233.53 231.88 230.97 234.37 234.07 234.01 236.27 242.28 246 247.34 247.72 247.77 248.22 241.91 243.99 244.04 244.08 235.29 248.57 259.3 258.44 255.14 251.07 244.23 241.14 235.2 222.77 230.19 219.51 216.65 207.74 185.54 178.5132 -9999 -9999 -9999 -9999 -9999 -9999 -9999 -9999 -9999 -9999 -9999 -9999 -9999 -9999 -9999 -9999 -9999 -9999 -9999 -9999 -9999 -9999 -9999 -9999 -9999 -9999 -9999 -9999 -9999 -9999 -9999 -9999 -9999 -9999 -9999 -9999 -9999 -9999 -9999 -9999
239.58 240.74 239.86 235.53 244.19 241.49 245.88 246.97 245.28 245.24 243.26 245.03 240.53 239.41 243.51 245.61 237.79 243.67 249.28 262.9 267.85 268.54 259.75 258.29 256.66 246.5 241.68 238.51 233.79 231.12 215.67 202.22 191.06 168.8172 172.5224 160.2692 168.8523 146.9091 135.0746 -9999 -9999 -9999 -9999 -9999 -9999 -9999 -9999 -9999 -9999 204.96 180.82 154.641 149.2727 -9999 -9999 -9999 -9999 -9999 -9999 -9999 -9999 -9999 -9999 -9999 -9999 -9999 -9999 -9999 -9999 -9999 -9999 -9999 -9999
238.48 239.61 236.66 239.61 249.84 251.59 252.15 250.24 251.05 250.8 246.07 250.01 251.7 251.29 251.57 254.75 261.2 266.07 263.91 267.07 262.3 262.45 255.23 253.88 258.32 261.78 251.25 243.32 236.78 238.34 230.28 226.38 221.72 203.44 192.11 156.99 170.53 188.27 148.87 162.9022 -9999 -9999 -9999 162.0833 -9999 140.4259 -9999 -9999 -9999 185.3061 196.49 178.96 164.94 156.48 173.3537 156.5556 158.0758 -9999 -9999 -9999 -9999 -9999 -9999 -9999 -9999 -9999 -9999 -9999 -9999 -9999 -9999 -9999 -9999
247.85 247.27 246.76 245.98 249.32 252.52 255.69 251.89 247.35 246.38 251.63 253.41 254.13 257.08 264.98 265.59 265.26 270.54 273.89 274.74 268.76 265.18 252.41 252.62 258.68 263.81 254.44 246.52 250.3 249.27 249.45 237.49 229.17 225.52 220.21 204.8 198.92 208.03 187.23 197.13 172.42 160.71 179.27 194.58 162.3 162.33 144.13 177.26 131.16 142.34 153.84 150.86 149.11 166.2 203.79 179.98 178.96 150.3814 -9999 -9999 -9999 -9999 -9999 -9999 -9999 -9999 -9999 -9999 -9999 -9999 -9999 -9999 -9999
246.02 248.18 248.77 250.51 255.8 259.01 260.74 262.96 263.8 264.46 266.45 266.87 267.54 270.13 272.9 272.96 274.88 275.93 278.46 278.92 275.21 271.01 261.95 266.62 270.86 268.6 265.62 254.03 248.11 238.54 245.11 247.2 235.57 234.3 225.87 228.04 229.04 212.79 200 209.73 204.23 210.17 227.69 215.51 172.41 179.55 200.66 174.88 164.34 178.89 173.38 162.78 144.27 149.96 199.39 215.58 197.25 168.52 -9999 -9999 -9999 -9999 -9999 -9999 -9999 -9999 -9999 -9999 -9999 -9999 -9999 -9999 -9999
248.93 249.03 252.46 255.17 257.34 260.59 261.81 264.73 268.5 268.96 272.64 276.26 278.05 279.16 279.14 278.05 278.95 279.89 279.33 281.17 279.11 279.76 272.89 270.36 271.03 259.95 254.02 248.85 246.67 237.09 234.59 242.81 239.73 239.32 233.23 235.34 234.84 221.47 213.35 210.27 228.64 230.1 244.8 225.14 211.39 212.38 211.61 195.88 207.9 219.65 198.48 163.5 170.44 173.91 211.66 202.46 186.86 184.55 -9999 -9999 155.4127 158.4 172.764 208.0741 219.2941 -9999 -9999 -9999 -9999 -9999 -9999 -9999 -9999
245.46 247.31 251.25 247.99 248.68 255.5 259.44 267.95 267.64 260.9 269.27 273.45 277.01 277.51 280.11 281.53 283.58 283.53 282.03 284.16 284 283.55 282.06 279.66 278.23 272.21 260.88 255.64 249.21 242.79 239.98 245.24 246.71 235.99 234.4 232.68 227.6 226.95 222.4 218.48 219.41 235.47 250.07 252.3 246.05 234.96 225.6 213.28 207.01 222.65 220.99 216.04 221.97 213.72 223.34 188.5 204.26 228.04 235.09 217.2 211 216.17 220.94 218.84 201.9041 -9999 169.4125 169.83 191.2 206.9529 -9999 -9999 -9999
246.04 241.05 240.28 238.76 247.6 239.11 250.09 263.52 255.9 251.08 259.88 259.57 257.38 266.04 263.31 277.23 284.56 286.62 286.63 286.75 287.04 284.51 282.04 281.83 280.64 277.39 271.97 266.63 261.23 257.58 252.13 257.87 256.37 247.61 235.12 225.27 223.4 221.12 210.33 218.98 224.48 235.11 252.36 259.59 243.3 250.98 233.87 245.01 229.01 242.82 231.51 218.51 241.96 243.27 209.11 201.73 217.05 244.8 225.02 200.96 188.86 188.4 204.32 201.16 198.05 205.31 216.99 210.24 212.85 233.38 246.39 249.44 248.17
240.23 236.58 229.22 229.83 232.82 230.25 246.17 251.77 249.27 260.35 254.28 260.9 252.22 263.88 266.92 274.91 281.25 282.43 288.28 290.42 290.43 287.67 287.59 287.26 283.73 282.27 279.71 278.66 273.15 267.43 263.1 265.91 266.45 263.94 261.32 255.42 250.53 244.85 247.28 248.82 242.61 246.74 247.86 262.4 254.1 266.05 258.9 249.45 244.26 256.48 238.98 252.43 262.36 234.25 206.93 222.68 243.44 238.14 211.59 198.26 197.1 204.79 211.81 233.6 222.31 227.99 236.17 242.37 234.96 240.46 260.66 261.91 267.73
256.35 251.37 249.83 248.67 244.91 252.22 249.75 239.73 246.66 252.51 246.65 241.82 250.09 258.31 259.17 266.19 271.47 272.97 286.03 289.62 289.73 291.18 290.02 286.41 283.89 287.05 286.77 285.68 282.72 278.56 275.28 275.75 274.07 269.54 265.86 266.01 264.52 258.23 260.71 263.62 261.89 265.86 266.03 274.1 264.72 266.33 253.94 254.71 252.06 263.35 249.31 271.12 267.53 261.44 235.48 230.78 248.02 234.38 222.38 216.4 232.24 225.83 212.46 246.42 242.3 243.04 241.36 248.83 233.83 232.22 256.02 252.78 261.7
261.52 261.54 255.32 240.8 236.88 235.95 228.72 233.55 232.98 234.06 236.09 245.95 255.57 251.68 258.04 263.08 274.86 281.92 284.45 286.88 291.18 292.51 292.8 289.92 283.11 283.65 290.99 286.28 278.23 274.96 276.84 281.99 277.69 277.21 272.22 273.4 272.04 265.68 267.1 271.17 271.5 275.67 280.35 283.68 261.63 257.39 256.58 267.32 261.75 248.81 244.82 266.08 240.81 246.58 250.24 258.65 266.26 258.17 252.12 249.71 245.72 242.4 250.26 260.53 254.15 252.64 247.96 252.62 258.2 245.68 237.73 255.44 264.15
256.86 263.97 262.1 259.89 258.44 253.18 242.3 248.61 240.33 250.73 251.95 259.55 252.48 250.06 256.95 264.02 273.26 276.95 278.67 279.2 288.73 289.9 292.6 295.75 294.5 293.98 293.42 288.43 279.61 269.56 276.81 287.3 283.52 276.35 276.04 279.7 279.98 275.26 274.69 278.48 277.01 283.45 287.36 289.16 283.32 277.15 268.11 269.57 273.77 260.6 268.58 271.76 255.25 272.42 274.65 270.95 266.48 259.42 250.27 255.77 261.8 260.4 258.21 263.91 258.79 259.3 252.55 255.7 261.36 255.69 251.7 253.97 267.09
263.08 261.87 263.04 262.3 260.4 260.5 261.45 264.99 267.34 269.28 268.66 272.24 271 263.45 259.38 263.73 267.09 265.77 271.14 277.49 281.85 279.81 285.68 293.83 295.7 297.96 296.65 285.99 280.72 280.36 284.99 292.18 287.13 278.91 272.02 279.68 282.41 285.2 284.92 284.47 279.06 287.41 294.73 293.89 293.59 292 290.52 290.47 284.24 280.07 281.69 286.17 282.24 283.34 276.55 276.19 272.28 263.54 257.07 253.01 260.27 266.66 264.24 268.58 265.82 259.63 245.65 253.59 254.63 248.56 242.04 250.56 263.9
270.6 269.4 266.76 266.06 266.54 265.01 265.75 267.01 268.19 269.17 275.57 277.22 274.28 269.72 266.22 265.48 263.56 261.42 238.42 246.69 272.67 278.82 284.76 289.2 292.97 296.66 299.87 299.64 295.48 291.02 296.07 298 290.14 283.09 272.2 274.81 282 286.27 289.69 288.75 289.54 294.96 298.86 296.1 301.52 304.86 306.19 301.97 304.18 302.19 301.83 297.73 291.88 286.42 281.72 275.19 270.5 267.17 263.77 256.37 254.99 262.18 271.06 271.82 268.79 258.32 249.73 250.77 245.83 234.37 237.99 264.29 270.26
273.9 272.95 272.42 271.69 272.11 270.67 273.43 272.38 270.55 273.58 275.98 277.73 278.11 275.36 271.79 270.06 264.83 255.86 249.66 242.33 252.4 266.31 272.36 283.84 290.01 293.42 297.85 300.71 304.62 305.06 303.71 302.75 291.36 283.96 276.82 271.98 273.45 280.77 289.7 293.48 295.61 299.17 302.63 301.91 306.59 309.57 306.24 304.25 312.83 311.56 307.31 301.39 295.73 289.28 282.85 275.9 268.89 261.16 257.14 257.73 258.78 263.83 272.69 273.23 262 256.33 254.24 259.29 259.91 258.68 267.65 271.83 271.35
275.61 275.85 276.25 274.3 276.27 275.71 276.45 276.94 278.52 278.24 277.06 277.65 279.46 277.64 273.59 270.95 266.09 262.13 258.67 261.35 264.7 273.43 273.8 278.66 290.44 295.02 291.71 289.29 297.17 304.15 306.49 306.88 301.48 294.68 293.24 288.92 280.08 276.14 282.07 285.65 284.01 293.31 300.67 305.79 309.39 309.12 310.79 315.04 318.72 314.06 307.38 300.24 293.42 287.45 280.02 270.76 264.09 259.27 259.11 263.95 264.03 262.85 261.78 272.63 259.14 262.44 269.07 274.88 274.71 272.27 267.15 268.697 270.6316
274.77 276.9 278.02 279.32 279.34 277.8 279.31 280.9 279.63 279.21 278.48 279.66 276.28 273.3 273.38 272.49 266.91 267.05 265.59 265.78 263.43 276 281.69 283.36 292 293.93 289.02 280.28 289.25 290.94 292.55 299.16 301.98 303.29 300.18 296.14 292.67 289.32 286.5 291.56 293.29 294.4 298.82 300.16 307.46 311.26 314.79 316.94 315.42 309.9 303.62 296.9 288.64 279.71 270.58 261.79 256.15 256.04 257.41 263.65 267.16 266.86 269.17 275.32 273.69 274.65 277.72 278.55 273.9 272.8617 -9999 -9999 -9999
272.9 274.52 273.79 275.48 277.09 277.92 279.38 279.32 279.68 281.28 281.49 279.16 274.82 273.38 277.91 275.2 272.72 270.57 271.85 274.3 270.15 266.48 282.34 283.08 288.6 289.9 284.6 284.15 283.77 276.52 280.47 287.29 294.36 299.1 303.01 301.31 295.8 291.27 291.26 293.13 295.18 299.04 301.5 302.06 301.44 313.4 312.95 310.77 306.89 298.82 290.59 284.11 279.46 271.11 267.77 266.45 260.02 257.92 254 256.19 262.99 270.95 274.26 274.84 277.82 278.38 276.77 277.6064 -9999 -9999 -9999 -9999 -9999
272.96 270.12 268.55 268.49 267.97 269.27 274.56 276.72 274.95 275.43 276.88 277.89 276.46 278.38 281.59 279.01 275.5 274.54 272.41 279.15 276.36 280.87 267.24 263.74 262.7 274.7 279.22 274.67 276.14 268.74 278.75 289.55 294.08 298.91 300.07 301.78 298.6 293.48 292.82 293.41 294.71 298.35 304.6 301.97 305.55 305.61 302.93 299.62 293.24 284.99 278.28 272.27 264.92 265.22 266.2 269.99 266.38 264.45 256.56 260.86 269.06 271.64 270.23 265.13 273.26 279.18 278.4255 -9999 -9999 -9999 -9999 -9999 -9999
260.01 260.76 260.33 261.8 263.85 268.13 271.61 273.41 274.58 274 274.07 273.36 275.97 281.15 282.39 282.69 281.51 280.97 277.39 277.18 277.43 276.94 267.18 257.27 254.55 257.6 265.37 263.49 263.74 265.43 273.16 282.5 288.49 292.78 295.75 298.24 301.16 301.55 302.25 303.07 304.79 305.84 304.3 299.86 300.19 302.2 300.85 304.26 299.29 287.39 269.9 262.94 255.86 249.79 262.47 273.29 271.48 268.98 266.53 270.32 272.46 271.04 273.12 267.9082 273.0617 280.2794 -9999 -9999 -9999 -9999 -9999 -9999 -9999
247.08 253.66 258.81 256.74 263.86 273.8 273.98 277.18 279 272.73 272.75 272.5 275.57 278.93 279.7 276.73 272.49 271.19 272.18 272.77 264.86 263.72 264.66 256.42 252.48 251 249.56 251.51 256.4 262.58 269.7 274.07 279.69 287.79 292.77 295.95 297.28 297.3 298.98 301.35 302.15 301.66 298.81 302.39 302.68 302.09 297.49 305.62 299.95 289.5 287.09 276.64 268.32 272.31 273.15 274.74 271.72 271.1 270.8265 274.6076 273.8788 -9999 -9999 -9999 -9999 -9999 -9999 -9999 -9999 -9999 -9999 -9999 -9999
261.13 256.96 265.67 264.69 269.19 273.63 275.79 279.67 280.27 274.7 273.1 272.56 270.38 267.85 264.71 263.24 264.63 264.8 263.29 262.66 257.43 253.39 253.15 257.74 251.15 247.5 243.44 243.47 249.7 255.62 262.16 262.4 260.3 273.71 285.34 286.33 288.74 291.21 292.76 290.41 296.57 296.26 294.9 298.42 294.46 291.32 287.15 296.71 300.14 297.1 286.1 272.85 280.79 281.36 278.55 275.4938 -9999 -9999 -9999 -9999 -9999 -9999 -9999 -9999 -9999 -9999 -9999 -9999 -9999 -9999 -9999 -9999 -9999
266.86 274.89 273.45 271.33 279.95 281.44 281.32 281.97 278.91 276.77 273.65 271.54 270.89 265.56 261.16 260.73 262.83 256.69 256.15 255.89 255.34 252.28 248.1 244.74 250.78 242.82 239.07 233.74 239.16 248.69 255.36 259.17 263 269.7 274.33 273.69 279.4 283.8 288.76 289.9 287.38 285.1 288.42 289.96 287.68 289.68 289.54 295.93 300.93 288.06 276.83 278.73 286.493 -9999 -9999 -9999 -9999 -9999 -9999 -9999 -9999 -9999 -9999 -9999 -9999 -9999 -9999 -9999 -9999 -9999 -9999 -9999 -9999
