layers/wordclim/current/bio_01.asc
ncols         166
nrows         93
xllcorner     -9.4959440078468
yllcorner     36.000324005443
cellsize      0.083333337679505
NODATA_value  -9999
[rows 33 to 65 of 93, columns 73 to 145 of 166]
106.05 113.49 113.5 114.31 116.02 119 116.37 113.53 108.42 104.38 103.48 103.24 101.69 100.54 96.97 93.71 92.52 93.64 96.71 98.71 98.91 98.32 101.81 101.07 100.33 105.22 97.96 89.27 88.54 96.61 103.58 111.08 121.31 122.18 121.76 119.92 126.33 133.05 139.95 139.3 133.15 134.54 139.28 137.19 141.39 139.32 156.75 154.05 151.55 153.9 151.65 154.74 -9999 -9999 -9999 -9999 -9999 -9999 -9999 -9999 -9999 -9999 -9999 -9999 -9999 -9999 -9999 -9999 -9999 -9999 -9999 -9999 -9999
121.1 117.47 119.33 122.66 120.39 115.93 110.56 108.64 109.49 108.18 106.04 103.3 101.45 105.9 100.65 99.38 94.04 99.6 97.72 95.35 96.12 96.16 99.03 99.43 102.92 104.69 98.74 96.06 92.91 99.59 100.52 105.2 111.02 113.88 111.97 117.21 120.86 127.52 135.11 127.11 123.93 129.73 134.36 132.86 127.5 133.03 160.65 160.65 145.49 159.7576 -9999 -9999 -9999 -9999 -9999 -9999 -9999 -9999 -9999 -9999 -9999 -9999 -9999 -9999 -9999 -9999 -9999 -9999 -9999 -9999 -9999 -9999 -9999
119.68 120.1 123.41 126.88 121.91 113.7 111.57 111.59 114.32 113.3 106.29 105.07 107.49 105.38 102.07 101.97 99.98 98.07 96.91 97.46 93.22 91.8 95.25 101.77 104.9 101.41 90.62 89.46 91.4 92.69 93.2 97.28 95.95 96.43 101.55 106.53 112.86 127.51 125.99 127.95 121.1 125.84 120.74 116.46 108.37 137.94 165.17 165.65 163.47 168.5916 -9999 -9999 -9999 -9999 -9999 -9999 -9999 -9999 -9999 -9999 -9999 -9999 -9999 -9999 -9999 -9999 -9999 -9999 -9999 -9999 -9999 -9999 -9999
125.09 123.43 127.81 125.43 115.29 114.96 114.36 110.35 117.45 120.99 119.28 115.16 107.76 97.22 93.78 91.58 95.12 93.84 90.17 90.85 87.85 90.2 89.44 99.06 105.3 98.96 88.46 92.16 92.38 90.22 88.73 90.57 95.54 95.49 100.65 105.75 116.21 119.25 121.04 116.59 110.62 111.04 105.17 117.46 126.45 151.96 163.51 167.59 170.2062 170 169.4651 169.0435 -9999 -9999 -9999 -9999 -9999 -9999 -9999 -9999 -9999 -9999 -9999 -9999 -9999 -9999 -9999 -9999 -9999 -9999 -9999 -9999 -9999
129.96 128.04 131.34 121.99 119.17 119.73 113.61 111.32 120.52 116.32 111.22 106.05 104.94 100.98 95.79 91.56 90.45 90.22 88.59 85.23 79.51 85.92 85.6 91.71 101.09 105.16 93 94.37 98 96.62 90.07 91.23 90.05 89.23 92.59 91.72 105.56 112.78 118.61 115.51 110.12 114.18 121.73 135.94 150.88 158.25 160.65 157.1915 -9999 -9999 -9999 -9999 -9999 -9999 -9999 -9999 -9999 -9999 -9999 -9999 -9999 -9999 -9999 -9999 -9999 -9999 -9999 -9999 -9999 -9999 -9999 -9999 -9999
134.41 134.35 125.69 120.84 124.8 119.14 115.02 117.64 124.22 116.33 115.4 113.64 115.4 112.49 106.24 98.68 92.61 81.4 82.35 78.63 74.57 79.96 84.17 88.56 98.39 107.04 101.04 96.26 103.02 96.01 81.94 90.03 87.65 83.91 83.73 80.73 96.84 104.25 112.03 112.72 110.84 121.42 132 148.27 155.92 162.8 165.69 -9999 -9999 -9999 -9999 -9999 -9999 -9999 -9999 -9999 -9999 -9999 -9999 -9999 -9999 -9999 -9999 -9999 -9999 -9999 -9999 -9999 -9999 -9999 -9999 -9999 -9999
136.36 128.2 122.86 124.42 123.26 118.69 120.07 125.4 126.47 124.13 126.58 124.15 122.38 112.76 108.29 99.13 91.75 85.58 79.68 79.04 74.94 77.61 84.73 91.92 98.12 105.98 104.8 100.29 104.71 89.26 85.3 84.56 79.97 71.39 74.28 80.64 85.67 99.09 104.46 109.18 114.91 132.64 144.15 150.57 157.41 166.38 169.44 -9999 -9999 -9999 -9999 -9999 -9999 -9999 -9999 -9999 -9999 -9999 -9999 -9999 -9999 -9999 -9999 -9999 -9999 -9999 -9999 -9999 -9999 -9999 -9999 -9999 -9999
132.76 126.99 125.79 128.8 124.83 125.86 131.36 127.84 129.41 120.41 117.96 124.05 118.51 117.29 113.31 108.69 94.8 89.96 83.22 78.74 77.37 82.88 90.54 91.85 94.05 103.86 109.37 111.97 104.33 91.63 91.34 87.9 81.28 69.51 71.66 80.99 91 104.82 119.69 122.55 131.6 140.08 151.36 149.42 158.16 165.2169 -9999 -9999 -9999 -9999 -9999 -9999 -9999 -9999 -9999 -9999 -9999 -9999 -9999 -9999 -9999 -9999 -9999 -9999 -9999 -9999 -9999 -9999 -9999 -9999 -9999 -9999 -9999
131.73 130.15 131.26 128.07 128.64 133.7 129.13 123.45 128.3 125.6 120.47 119.3 115.8 114.12 110.81 107.09 95.82 87.88 85.64 88.08 77.31 81.16 84.1 86.85 92.96 98.33 106.8 115.61 105.18 96.26 104.58 104 92.91 83.01 88.88 89.63 96.96 106.72 125.83 134.07 135.58 140.1 157.9 161.16 158 -9999 -9999 -9999 -9999 -9999 -9999 -9999 -9999 -9999 -9999 -9999 -9999 -9999 -9999 -9999 -9999 -9999 -9999 -9999 -9999 -9999 -9999 -9999 -9999 -9999 -9999 -9999 -9999
136.61 134.31 131.96 132.96 136.52 134.54 123.49 122.18 125.71 118.67 120.22 119.9 118.73 113.91 106.88 112.9 98.38 96.07 93.54 86.22 85.6 85.19 91.44 84.14 99.19 102.99 113.57 109.8 97.11 99.24 111.06 115.01 111.03 106.94 103.05 110.64 109.93 114.85 138.24 150.19 149.23 153.03 158.6 169.1447 -9999 -9999 -9999 -9999 -9999 -9999 -9999 -9999 -9999 -9999 -9999 -9999 -9999 -9999 -9999 -9999 -9999 -9999 -9999 -9999 -9999 -9999 -9999 -9999 -9999 -9999 -9999 -9999 -9999
133.53 134.16 137.41 140.27 137.13 131.61 123.62 121.62 122.52 118.78 117.17 117.02 112.86 113.25 113.94 113.02 101.65 96.16 93.11 95.15 94.4 97.39 95.87 93.24 102.53 118.31 114.9 100.72 81.05 84.75 103.34 115.84 119.32 122.85 125.42 122.19 127.29 133.42 144.04 154.91 153.78 154.56 165.1591 -9999 -9999 -9999 -9999 -9999 -9999 -9999 -9999 -9999 -9999 -9999 -9999 -9999 -9999 -9999 -9999 -9999 -9999 -9999 -9999 -9999 -9999 -9999 -9999 -9999 -9999 -9999 -9999 -9999 -9999
141.79 141.9 139.43 134.74 132.31 129.85 125.41 123.04 122.03 120 116.54 116.44 111.67 114.98 119.61 115.6 108.65 101.48 105.34 104.77 100.11 104.64 101.84 95.74 104.43 119.05 109.51 95.18 82.21 88.32 102.07 108.57 116.53 117.53 130.13 134.97 143.17 150.74 159.24 159.69 159.8 163.5224 -9999 -9999 -9999 -9999 -9999 -9999 -9999 -9999 -9999 -9999 -9999 -9999 -9999 -9999 -9999 -9999 -9999 -9999 -9999 -9999 -9999 -9999 -9999 -9999 -9999 -9999 -9999 -9999 -9999 -9999 -9999
135.02 134.88 132.71 131.03 130.68 129.63 126.62 123.89 126.03 124.74 120.75 119.42 117.42 118.94 116.94 115.09 112.5 109.17 113.59 112.68 111.67 107.04 104.96 106.36 111.02 115.98 120.13 113.22 103.53 96.67 89.59 101.73 117.83 127.08 133.08 131.13 139.66 154.21 164.43 168.03 170.6907 -9999 -9999 -9999 -9999 -9999 -9999 -9999 -9999 -9999 -9999 -9999 -9999 -9999 -9999 -9999 -9999 -9999 -9999 -9999 -9999 -9999 -9999 -9999 -9999 -9999 -9999 -9999 -9999 -9999 -9999 -9999 -9999
136.54 135.13 133.86 133.46 133.24 130.98 128.32 127.32 126.89 125.6 125.11 121.89 121.85 123.43 116.98 113.66 111.42 110.9 115.31 112.38 116.88 109.61 104.2 110.06 115.76 113.6 117.56 124.48 120.02 114.41 107.15 104.74 119.9 132.52 144.79 147.85 140.4 146.77 162.56 171.3838 -9999 -9999 -9999 -9999 -9999 -9999 -9999 -9999 -9999 -9999 -9999 -9999 -9999 -9999 -9999 -9999 -9999 -9999 -9999 -9999 -9999 -9999 -9999 -9999 -9999 -9999 -9999 -9999 -9999 -9999 -9999 -9999 -9999
138.84 137.03 136.25 136.41 134.63 133.22 128.88 127.11 126.24 128.63 127.24 123.96 124.29 126.29 122.99 119.88 114.96 114.01 117.21 116.48 117.52 118.65 117.76 119.02 115.97 115.09 122.89 132.44 131.17 127.03 123.93 129.94 129.78 133.62 138.1 150.81 158.34 159.54 169.94 -9999 -9999 -9999 -9999 -9999 -9999 -9999 -9999 -9999 -9999 -9999 -9999 -9999 -9999 -9999 -9999 -9999 -9999 -9999 -9999 -9999 -9999 -9999 -9999 -9999 -9999 -9999 -9999 -9999 -9999 -9999 -9999 -9999 -9999
138.81 138.83 137.94 137.24 136.09 134.69 131.69 130.53 127.66 129.74 127.86 124.49 125.69 128.93 127.54 121.52 118.6 117.88 118 119.51 122.31 125.99 126.38 122.68 113.95 121.77 123.64 128.48 136.09 145.11 145.65 148.8 154.12 156.25 152.94 145.74 158 167.86 172.9474 -9999 -9999 -9999 -9999 -9999 -9999 -9999 -9999 -9999 -9999 -9999 -9999 -9999 -9999 -9999 -9999 -9999 -9999 -9999 -9999 -9999 -9999 -9999 -9999 -9999 -9999 -9999 -9999 -9999 -9999 -9999 -9999 -9999 -9999
139.06 140.96 140.42 139.23 137.97 134.29 130.96 133.26 132.26 129.41 131.11 127.13 127.26 129.2 129.23 128.07 124.77 123.47 122.58 121.3 120.52 125.8 129.98 123.7 122.2 127.72 124.86 118.45 122.35 136.3 150.96 156.69 162.35 164.94 165.74 166 166.68 171.9787 -9999 -9999 -9999 -9999 -9999 -9999 -9999 -9999 -9999 -9999 -9999 -9999 -9999 -9999 -9999 -9999 -9999 -9999 -9999 -9999 -9999 -9999 -9999 -9999 -9999 -9999 -9999 -9999 -9999 -9999 -9999 -9999 -9999 -9999 -9999
141.45 141.92 141.61 140.6 139.92 138.23 135.54 136.71 135 131.94 131.72 132.04 132.01 131.36 127.86 128.42 130.42 128.98 128.27 127.08 127.32 128.24 134.05 130.07 128.85 130.17 133.07 130.62 130.74 129.73 130.96 148.71 161.77 166.19 168.74 169.55 173.19 -9999 -9999 -9999 -9999 -9999 -9999 -9999 -9999 -9999 -9999 -9999 -9999 -9999 -9999 -9999 -9999 -9999 -9999 -9999 -9999 -9999 -9999 -9999 -9999 -9999 -9999 -9999 -9999 -9999 -9999 -9999 -9999 -9999 -9999 -9999 -9999
142.51 142.89 141.72 139.35 140.66 140.95 139.49 138.94 138.33 137.03 136.45 134.77 134.77 131.77 129.22 132.63 132.69 131.97 131.37 132.1 131.71 134.37 140.06 136.25 135.25 138.54 140.75 138.81 133.83 133.03 134.21 146.5 159.69 165.87 170.15 172.81 174.64 -9999 -9999 -9999 -9999 -9999 -9999 -9999 -9999 -9999 -9999 -9999 -9999 -9999 -9999 -9999 -9999 -9999 -9999 -9999 -9999 -9999 -9999 -9999 -9999 -9999 -9999 -9999 -9999 -9999 -9999 -9999 -9999 -9999 -9999 -9999 -9999
143.51 144.53 143.67 142.21 142.91 142.66 141.48 141.08 140.42 139.39 139.09 138.25 137.64 135.88 135.23 136.1 134.73 134.57 133.99 134.55 135.33 135.45 138.35 146.07 147.27 145.64 145.27 140.25 139.4 139.69 144.83 155.95 161.99 165.49 168.04 173.63 176.12 -9999 -9999 -9999 -9999 -9999 -9999 -9999 -9999 -9999 -9999 -9999 -9999 -9999 -9999 -9999 -9999 -9999 -9999 -9999 -9999 -9999 -9999 -9999 -9999 -9999 -9999 -9999 -9999 -9999 -9999 -9999 -9999 -9999 -9999 -9999 -9999
144.56 145.06 144.74 144.33 144.1 143.56 142.73 141.81 141.01 139.92 139.62 139.09 138.56 137.57 137.23 136.97 137.63 137.29 137.32 137.83 137.67 138.17 138.09 137.73 140.37 144.37 146.13 146.36 143.9 142.52 149.81 149.7 151.66 165.71 169.21 174.24 177.04 177.4921 -9999 -9999 -9999 -9999 -9999 -9999 -9999 -9999 -9999 -9999 -9999 -9999 -9999 -9999 -9999 -9999 -9999 -9999 -9999 -9999 -9999 -9999 -9999 -9999 -9999 -9999 -9999 -9999 -9999 -9999 -9999 -9999 -9999 -9999 -9999
145.18 144.88 144.64 144.2 144.12 143.8 142.74 141.39 140.2 138.69 138.18 137.7 138.75 138.99 139.14 138.97 139.44 139.59 140.02 140.51 140.58 140.16 141.47 141.28 139.66 138.13 136.91 142.72 150.88 137.62 137.35 150.26 158.26 163.19 174.37 176.42 177.72 177.9798 -9999 -9999 -9999 -9999 -9999 -9999 -9999 -9999 -9999 -9999 -9999 -9999 -9999 -9999 -9999 -9999 -9999 -9999 -9999 -9999 -9999 -9999 -9999 -9999 -9999 -9999 -9999 -9999 -9999 -9999 -9999 -9999 -9999 -9999 -9999
145.95 145.79 145.03 144.41 143.93 142.57 140.33 138.85 137.18 136.42 135.58 134.19 136.09 138.14 139.67 140.38 140.47 140.78 141.05 141.69 141.96 142.39 140.51 138.33 133.82 128.63 131.3 136.95 147.12 132.87 139.68 156.62 163.39 168.76 176.06 176.92 171.91 174.14 -9999 -9999 -9999 -9999 -9999 -9999 -9999 -9999 -9999 -9999 -9999 -9999 -9999 -9999 -9999 -9999 -9999 -9999 -9999 -9999 -9999 -9999 -9999 -9999 -9999 -9999 -9999 -9999 -9999 -9999 -9999 -9999 -9999 -9999 -9999
146.06 145.14 143.89 142.9 141.36 138.63 134.35 132.96 132.19 131.52 131.89 129.82 131.15 134.88 139.28 141.04 141.82 142.19 142.36 141.88 140.66 136.31 133.87 129.16 125.12 121.98 128.61 135.24 143.45 132.98 139.23 150.39 161.45 169.63 174.46 175.57 166.43 166.33 177.8519 -9999 -9999 -9999 -9999 -9999 -9999 -9999 -9999 -9999 -9999 -9999 -9999 -9999 -9999 -9999 -9999 -9999 -9999 -9999 -9999 -9999 -9999 -9999 -9999 -9999 -9999 -9999 -9999 -9999 -9999 -9999 -9999 -9999 -9999
146.05 144.5 141.13 139.05 136.24 134.65 135.26 132.86 130.82 128.17 126.56 125.06 127.53 133.02 138.34 140.95 141.99 142.87 142.43 140.64 134.34 130.03 129.38 125.53 126.51 131.12 133.9 136.71 135.45 128.54 137.46 148.1 157.7 165.63 168.8 170.21 163.75 161.48 176.93 180.875 -9999 -9999 -9999 -9999 -9999 -9999 -9999 -9999 -9999 -9999 -9999 -9999 -9999 -9999 -9999 -9999 -9999 -9999 -9999 -9999 -9999 -9999 -9999 -9999 -9999 -9999 -9999 -9999 -9999 -9999 -9999 -9999 -9999
146.43 144.69 142.02 139.57 138.11 134.45 133.17 133.44 131.1 129.5 128.09 126.3 126.88 131.55 135.57 139.2 140.87 142.58 140.89 138.74 136.25 133.51 131.7 130.75 132.42 134.25 136.22 140.12 140.41 136.59 141.46 151.55 152.14 156.45 166.46 167.54 162.22 159.55 164.99 176.77 180.2687 -9999 -9999 -9999 -9999 -9999 -9999 -9999 -9999 -9999 -9999 -9999 -9999 -9999 -9999 -9999 -9999 -9999 -9999 -9999 -9999 -9999 -9999 -9999 -9999 -9999 -9999 -9999 -9999 -9999 -9999 -9999 -9999
145.81 142.43 141.57 141.24 139.44 135.37 132.85 131.86 130.51 129.14 128.46 128.29 129.46 129.86 131.59 132.88 133.71 137.33 136.16 136.33 135.26 133.44 132.43 132.56 134.56 137.78 135.5 133.96 136.49 142.8 149.81 145.33 146.65 151.74 146.82 148.81 158.34 147.06 148.64 158.1 172.45 176.12 177.0412 -9999 -9999 -9999 -9999 -9999 -9999 -9999 -9999 -9999 -9999 -9999 -9999 -9999 -9999 -9999 -9999 -9999 -9999 -9999 -9999 -9999 -9999 -9999 -9999 -9999 -9999 -9999 -9999 -9999 -9999
145.62 143.83 142.27 141.32 139.76 137.2 134.16 130.78 130.67 132.65 131.69 127 122.68 119.95 119.67 120.13 125.6 132.09 136.11 134.66 136.17 136.68 137.6 138.26 134.91 139.6 141.77 141.2 141.93 151.18 147.33 143.98 141.43 135.42 135.75 145.78 148.88 135.38 144.29 148.48 160.12 171.59 176.1687 -9999 -9999 -9999 -9999 -9999 -9999 -9999 -9999 -9999 -9999 -9999 -9999 -9999 -9999 -9999 -9999 -9999 -9999 -9999 -9999 -9999 -9999 -9999 -9999 -9999 -9999 -9999 -9999 -9999 -9999
146.08 142.98 139.47 139.94 139.42 138.26 133.5 135.54 135.13 140.59 131.45 119.79 113.73 120.48 119.17 123.03 128.68 134.65 138.28 141.83 142.9 143.46 143.95 143.11 140.5 138.85 142.23 147.36 148.16 151.94 154.21 146.72 137.4 140.82 131.21 133.51 136 139.51 142.17 169.91 171.0395 -9999 -9999 -9999 -9999 -9999 -9999 -9999 -9999 -9999 -9999 -9999 -9999 -9999 -9999 -9999 -9999 -9999 -9999 -9999 -9999 -9999 -9999 -9999 -9999 -9999 -9999 -9999 -9999 -9999 -9999 -9999 -9999
142.85 142.18 141.12 141.42 142.7 137.34 139.58 143.89 142.68 135 117.82 113.56 112.92 120.82 129.42 132.81 137.81 143.65 145.38 145.6 149.09 152.69 151.54 147.6 147.42 144.49 144.22 150.24 148.22 144.54 154.1 151.47 135.85 145.99 146.65 156.25 149.68 168.9 173.7111 177.8413 -9999 -9999 -9999 -9999 -9999 -9999 -9999 -9999 -9999 -9999 -9999 -9999 -9999 -9999 -9999 -9999 -9999 -9999 -9999 -9999 -9999 -9999 -9999 -9999 -9999 -9999 -9999 -9999 -9999 -9999 -9999 -9999 -9999
145.69 146.34 146.92 144.47 142.36 143.25 147.37 146.58 139.85 133.75 129.59 120.58 118.92 129.87 135.72 140.15 145.99 144.57 149.49 155 157.05 156.42 152.82 148.53 151.22 152.11 148.74 141.11 146.03 150.55 155.2 160.08 151.59 159.25 167.38 174.33 174.4324 -9999 -9999 -9999 -9999 -9999 -9999 -9999 -9999 -9999 -9999 -9999 -9999 -9999 -9999 -9999 -9999 -9999 -9999 -9999 -9999 -9999 -9999 -9999 -9999 -9999 -9999 -9999 -9999 -9999 -9999 -9999 -9999 -9999 -9999 -9999 -9999
151.51 154 152.87 149.46 148.61 150.02 153.85 150.09 143.57 139.8 126.21 118.93 128.15 143.23 147.9 145.7 145.73 151.4 156.76 155.34 158.23 159.7 159.08 160.49 156.6 153.83 155.62 150.68 151.07 147.98 157.22 167.29 169.86 171.99 178.39 180.7308 -9999 -9999 -9999 -9999 -9999 -9999 -9999 -9999 -9999 -9999 -9999 -9999 -9999 -9999 -9999 -9999 -9999 -9999 -9999 -9999 -9999 -9999 -9999 -9999 -9999 -9999 -9999 -9999 -9999 -9999 -9999 -9999 -9999 -9999 -9999 -9999 -9999
162.51 159.77 153.76 151.85 153.89 158.88 146.62 135.25 142.31 123.02 114.4 126.38 128.08 135.24 132.74 129.13 129.19 138.55 146.95 159.09 163.36 162.11 164.94 168.07 162.65 158.74 148.92 151.45 156.19 155.41 159.19 169.18 175.22 177.85 181.4605 -9999 -9999 -9999 -9999 -9999 -9999 -9999 -9999 -9999 -9999 -9999 -9999 -9999 -9999 -9999 -9999 -9999 -9999 -9999 -9999 -9999 -9999 -9999 -9999 -9999 -9999 -9999 -9999 -9999 -9999 -9999 -9999 -9999 -9999 -9999 -9999 -9999 -9999
