layers/wordclim/current/bio_19.asc
ncols         166
nrows         93
xllcorner     -9.4959440078468
yllcorner     36.000324005443
cellsize      0.083333337679505
NODATA_value  -9999
[rows 33 to 65 of 93, columns 0 to 73 of 166]
-9999 -9999 -9999 -9999 -9999 -9999 -9999 -9999 -9999 -9999 431.7325 453.4 467.24 477.58 479.86 487.11 518.67 578.34 606.31 585.52 574.55 564.62 518.38 467.48 481.44 480.28 426.17 363.75 329.7 333.86 316.92 290.24 291.68 278.53 263.06 245.43 231.78 219.42 202.77 186.32 174.38 161.05 144.84 132.89 123.32 116.97 115.39 110 105.84 104.57 102.41 100.38 98.78 97.12 95.93 94.62 93.61 93.3 93.81 95.42 98.41 102.14 106.62 112.71 121.53 127.65 151.37 169.31 147.01 134.99 131.49 129.82 134.25 133.1
-9999 -9999 -9999 -9999 -9999 -9999 -9999 -9999 -9999 -9999 421.2755 440.15 462.85 500.46 569.11 566.08 552.15 505.95 512.21 522.73 543.82 544.58 530.16 495.07 487.93 477.91 427.07 368.01 344.85 348.34 341.16 313.04 289.26 284.59 270.68 252.88 234.26 218.43 201.24 186.7 174.7 162.45 149.85 140.6 132.55 126.55 122.43 116.62 109.9 106.73 104.96 102.71 101.74 98.91 95.96 93.62 91.4 90.74 91 92.47 95.34 99.67 105.45 112.53 121.61 131.45 168.78 139.95 150.37 144.65 133.46 127.28 121.96 120.39
-9999 -9999 -9999 -9999 -9999 -9999 -9999 -9999 -9999 -9999 410.8202 421.33 446.29 525.95 500.02 525.7 516.63 466.26 478.25 500.61 513 509.13 496.05 489.59 473.55 471.83 420.89 378.25 365.05 339.1 338.05 327.83 302.1 281.91 272.51 258.83 240.63 220.33 205.99 191.58 178.91 169.48 158.8 151.02 144.18 138.89 131.11 119.37 115.18 110.66 107.21 105.57 104.64 103.16 99.32 93.96 92.4 89.67 88.5 88.95 92.04 97.94 105.54 118.13 148.68 153.41 172.06 159.52 138.37 130.56 128.52 123.33 122.57 124.01
-9999 -9999 -9999 -9999 -9999 -9999 -9999 -9999 -9999 406.7027 404.0544 412.56 424.55 442.71 493.93 482.58 497.61 473.06 491.75 493.97 473.59 464.7 457.08 459.02 447.24 423.31 402.17 390.76 384.51 363.38 342.02 335.26 310.74 289.39 269.1 263.45 245.7 223.9 210.89 199.65 187.61 175.26 169.07 163.87 155.98 140.72 129.06 123.69 119.85 116.48 114.09 112.97 115.86 111.27 110.01 106.72 100.99 91.72 88.91 88.32 104.78 106.68 120 128.05 127.26 123.39 127.7 128.37 130.18 132.87 128.85 124.27 124.35 122.44
-9999 -9999 -9999 -9999 -9999 -9999 -9999 -9999 -9999 400.473 403.8763 402.29 405.37 432.26 472.31 529.05 545.91 472.36 457.71 452.08 450.34 457.08 462.44 437.35 409.66 407.71 405 436.97 406.91 376.45 359.76 339.44 318.39 289.07 265.26 249.89 241.18 233.59 222.07 211.96 202.77 195.49 178.13 162.56 152.49 143.6 135.92 130.67 128.45 128.86 130.53 129.37 134.88 130.3 121.87 110.5 98.07 92.65 93.26 99.77 109.08 119.15 119.81 131.05 119.47 118.5 125.75 129.22 129.52 130.65 129.26 127.14 127.45 122.78
-9999 -9999 -9999 -9999 -9999 -9999 -9999 -9999 -9999 396.42 400.78 396.48 396.47 412.83 473.76 539.31 443.79 436.2 429.92 441.53 434.13 431.71 420.75 435.33 510.74 512.95 463.94 443.21 414.58 386.44 359.51 349.75 319.89 289.56 270.98 252.7 240.9 248.26 247.17 254.35 216.46 198.5 174.82 160.54 158.23 152.36 141.24 139.27 140.16 135.96 132.04 140.54 157.96 131.37 116.37 114.63 117.18 113.29 105 93.65 95.98 97.2 103.21 113 113.51 118.53 122.86 127.59 130.16 133.95 133.16 131.72 130.98 125.13
-9999 -9999 -9999 -9999 -9999 -9999 -9999 -9999 388.2258 392.76 395.53 397.84 392.01 418.12 446.88 437.49 424.75 415.48 420.56 420.19 432.03 440.71 526.55 628.46 562.85 497.74 439.13 444.51 409.47 379.11 364.67 354.23 316.92 296.39 289.48 269.98 252.41 248.77 237.33 222.96 207.1 167.45 158.52 159.99 153.35 159.79 153.24 142.39 137.24 140.85 163.46 179.72 175.3 161.94 161.22 142.98 115.91 100.7 94.36 94.09 94.56 97.41 102.27 107.64 111.78 116.35 121.61 130.18 133.19 135.66 136.3 133.26 131.71 127.41
-9999 -9999 -9999 -9999 -9999 -9999 -9999 -9999 382.8242 387.22 391.26 396.93 391.09 422.39 419.98 399.45 403.54 408.55 418.5 437.7 447.88 540.58 696.62 632.07 473.27 406.16 389.17 413.77 411.37 387.58 380.64 360.14 337.87 315.63 295.55 279.46 286.25 255.16 232.94 190.91 170.08 164.43 169.14 165.24 179.46 220.98 196.43 152.38 153.44 180.92 185.73 178.46 172.27 144.92 137.01 120.5 114.21 118.53 119.63 107.83 97.11 98.92 102.29 105.68 108.63 115.7 121.37 129.98 135.5 133.17 135.03 133.35 130.65 130.65
-9999 -9999 -9999 -9999 -9999 -9999 -9999 -9999 379.18 384.16 390.29 387.32 384.95 415.51 413.1 393.32 403.86 410.26 418.89 450.1 471.9 517.75 629.02 599.96 415.84 380.94 384.06 382.21 393.38 404.73 394.7 390.42 352.27 323.2 315.69 276.93 249.27 218.56 199.2 180.92 163.8 165.47 164.73 168.12 228.27 257.19 195.6 176.37 191.09 205.67 225.69 201.73 176.34 136.62 140.22 137.64 109.09 95.72 97.91 98.94 99.79 101.02 101.64 103.57 109.36 115.91 120.07 127.3 131.95 131.17 130.71 128.75 130.11 131.61
-9999 -9999 -9999 -9999 -9999 -9999 -9999 377.0411 374.6 368.43 370.46 369.89 375.24 399.63 399.82 406.89 405.95 426.61 480.42 537.3 556.65 469.68 433.83 411.41 393.02 387.45 365.97 358.71 359.66 358.38 317.77 295.89 333.92 279.68 247.99 226.7 209.67 208.13 185.24 171.15 160.82 152.53 176.94 217.17 179.11 201.28 250.92 235.64 220.84 151.84 170.24 148.15 115.39 102.69 106.03 95.97 96.37 97.45 99.45 100.79 99.06 98.4 100.54 105.56 110.91 115.03 117.74 125.09 127.3 129.03 128.21 126.7 126.99 127.56
-9999 -9999 -9999 -9999 -9999 -9999 -9999 -9999 358.0114 361.96 363.52 365.52 388.22 394.71 389.62 437.82 473.29 492.5 492.94 515.67 487.87 432.95 435.98 433.18 409.09 378.06 342.35 333.25 327.26 305.75 282.91 274.17 268.39 243.78 218.87 210.1 206.1 198.29 180.44 169.78 161.83 163.29 182.54 173.45 189.74 157.77 147.01 138.35 124.48 109.27 106.01 103.47 102.51 102.38 101.07 100.31 104.26 106.84 98.63 97.55 97.75 99.8 103.2 107.08 110.24 112.32 117.28 120.59 122.45 126.89 123.39 123.89 127.13 129.16
-9999 -9999 -9999 -9999 -9999 -9999 -9999 350.6667 358.55 356.91 355.68 386.46 402.57 398.7 469.61 512.18 481.32 454.96 455.3 438.51 417.05 460.01 421.26 436.27 373.09 343.27 333.89 319.69 318.51 313.3 295.42 259.84 241.91 222 211.87 206.58 196.58 183.9 170.68 162.65 160.9 160.66 157.73 154.28 147.7 130.08 122.89 115.58 111.87 109.32 106.89 105.61 104.33 102.87 102.09 102.88 100.91 98.66 98.16 98.74 99.71 101.45 104.2 106.81 107.92 109.49 114.07 114.77 119.49 119.99 119.03 121.45 121.75 121.35
-9999 -9999 -9999 -9999 -9999 -9999 -9999 345.01 355.59 354.78 357.83 399.32 394.23 403.86 446.04 436.9 417.34 427 454.28 454.26 452.09 422.57 364.96 364.64 354.4 331.62 320.3 304.36 297.57 286.72 267.93 250.83 246.8 224.37 211.66 200.56 189.31 177.67 169.61 169.07 167.04 157.7 144.62 135.62 130.21 125.11 121.41 117.84 114.62 112.01 110.02 108.06 106.44 105.52 104.88 102.41 101.38 100.59 100.63 102.09 103.87 104.57 104.79 105.06 105.74 108.84 110.55 111.49 114 117.46 122.17 125.45 126.93 126.44
-9999 -9999 -9999 -9999 -9999 -9999 330.1429 331.66 349.39 358.32 358.48 381.24 379.02 397.43 398.96 393.36 413.31 440.46 455.64 478.9 416.85 368.53 346.85 347.6 343.03 323.89 291.73 283.85 276.3 275.95 261.41 246.43 233.15 224.88 210.7 201.23 193.75 184.59 182.31 181.3 166.91 154.69 142.79 135.89 131.83 127.77 124.77 124.11 118.69 115.72 114.62 114.19 110.24 108.74 106.25 106.2 107.81 105.84 104.17 102.85 103.38 104.42 104.88 104.89 107.06 108.88 109.79 111.82 114.54 116.94 120.98 123.8 124.77 124.22
-9999 -9999 -9999 -9999 -9999 -9999 327.3673 327.9 339.02 357.01 373.72 372.25 362.2 382.5 376.07 378.17 380.93 395.43 424.74 426.87 374.91 351.45 345.52 342.93 318.61 292.58 287.31 277.58 278.78 264.13 253.63 243.77 230.75 216.96 206.1 201.32 195.26 191.09 178.31 166.81 159.94 151.78 148.71 143.29 138.85 131.57 131.2 130.15 123.05 121.6 119.57 117.55 113.02 113.2 111.6 111.28 112.73 111.37 109.83 109.8 108.98 106.31 108.8 112.12 113.31 115.8 117.84 117.79 117.88 118.7 118.77 119.8 121.71 121.78
-9999 -9999 -9999 -9999 -9999 320.7321 328.93 332.5 334.62 356.38 362.17 350.72 344.13 356.91 375.24 361.61 377.08 376.42 381.97 363.14 340.09 339.65 324.38 311.39 306.99 305.26 293.71 277.96 274.71 261.22 243.66 234.63 233.45 224.61 212.36 196.3 181.93 178.48 174.78 171.6 164.71 157.29 155.1 152.45 152.81 151.21 145.85 138.87 137.09 135.67 130.85 124.76 123.36 121.76 125.49 122.01 120.74 119.39 119.64 117.12 116.85 114.66 116.52 119.33 117.49 120.55 120.93 121.26 121.48 121.72 121 120.69 120.12 121.14
-9999 -9999 -9999 -9999 -9999 312.1097 314.67 331.73 350.33 383.63 358.56 345.92 336.89 333.36 350.89 347.6 361.84 372.41 366.74 342.73 326.04 316.1 306.13 310.08 307.78 297.33 283.58 284.07 265.47 253.76 247.95 240.18 233.94 226.5 218.75 201.96 188.57 178.38 172.26 167.59 162.88 156.72 154.94 152.61 151.34 150.52 150.88 151.77 149.3 155.41 143.4 141.75 132.01 128.23 138.59 135.41 135.85 132.81 132.24 129.12 128.1 121.84 121.53 124.71 125.9 124.49 125.22 124.4 123.1 123.13 121.25 122 121.37 121.53
-9999 -9999 -9999 -9999 -9999 305.5757 314.05 361.27 379.99 374.51 367.96 324.2 319.6 319.53 332.86 337.97 337.65 337.99 333.15 329.49 316.32 322.03 315.49 316.82 302.67 299.84 292.02 292.25 279.44 256.5 237.71 232.11 226.48 216.94 210.06 201.75 192.5 177.45 173.15 166.68 160.81 158.9 157.29 157.05 155.83 156.21 153.52 151.81 167.8 165.08 164.82 147.25 144.13 135.02 134.64 139.92 139.61 137.84 147.33 133.55 142.4 137.28 135.12 132.9 133.04 131.8 129.06 123.96 123.03 122.13 121.79 121.96 121.22 119.3
-9999 -9999 -9999 284.381 287.46 303.73 328.32 351.7 345.59 324.9 315.78 308.78 305.82 312.38 310.28 306.79 307.45 305.82 317.83 319.55 324.26 321.09 318.97 318.89 323.56 309.58 297.77 287.48 284.89 266.73 242.97 229.34 218.46 208.1 201.49 195.55 190.17 186.64 177.64 172.18 164.89 161.92 160.67 162.51 162.44 175.34 164.48 160.1 170.95 177.15 152.51 143.35 138.85 138.34 131.69 131.47 129.88 131.08 134.43 131.15 133.75 130.93 127.85 125.96 136.64 142.75 137.25 130.44 126.28 126.31 122.99 121.73 120.81 118.61
-9999 -9999 273.8438 278.4419 290.57 302.16 318.1 306.97 308.41 310.68 301.51 297.43 302.61 318.56 316.47 313.73 309.19 316.6 318.05 313.59 310.23 311.33 313.88 317.01 339.37 350.37 327.63 305.83 283.82 266.99 254.23 241.03 221.67 219.61 207.45 193.94 186.53 182.54 178.54 175.86 170.75 168.85 168.29 165.54 163.6 173.08 174.27 167.47 159.69 154.92 149.38 140.45 140.68 135.56 133.56 131.37 131.9 132.97 134.63 138.52 139.79 139.87 130.93 132.7 134.96 133.91 137.05 132.34 128.45 129.89 131.91 124.88 120.51 118.66
-9999 -9999 281.36 288.62 294.03 300.49 302.72 297.69 300.92 299.11 292.66 292.84 304.83 308.5 311.65 312.2 309.09 303.79 301.09 300.9 293.67 295.65 294.86 298.43 313.81 349.31 336.1 289.65 258.51 251.37 240.27 223.15 212.31 211.93 200.86 196.59 193.9 182.16 181.24 181.9 177.1 173.25 172.49 164.9 157.13 158.67 152.47 151.88 149.51 153.48 149.83 142.09 140.35 138.02 144.29 139.38 137.57 139.15 136.73 136.87 135.44 130.36 127.88 130.37 136.29 134.09 129.87 130.3 133.9 132.06 136.18 125.35 120.62 118.62
-9999 -9999 283.92 291.03 298.05 324.85 299.6 298.84 296.99 289.81 288.21 296.36 298.65 299.33 300.84 302.65 297.27 289.94 294.75 291.46 282.91 284.52 291.76 289.19 285.11 288.94 288.7 272.46 248.13 235.25 233.24 213.44 207.35 203.59 199.34 197.58 193.62 187.97 184.92 181.96 189.89 178.35 163.7 161.19 156.87 155.92 152.63 152.5 149.06 149.38 150.82 148.5 144.95 144.08 146.65 150.33 145.63 142.62 139.38 140.69 144.02 137.22 130.43 128.75 134.76 133.38 128.63 124.5 123.92 128.14 124.37 120.33 119.82 119.69
-9999 287.7813 289.89 299.96 315.94 306.18 294.35 296.16 288.14 284.3474 288.3 291.4 294.31 295.54 294.86 292.96 283.72 286.08 285.42 277.74 275.12 274.9 275.85 281.06 275.52 269.2 257.09 250.93 235.75 220.71 216.62 204.29 202.22 197.42 194.69 190.95 184.26 181.56 183.37 178.49 173.57 164.11 162.2 159.28 156.73 156.51 154.77 153.21 152.38 152.17 153.48 151.44 153.81 153.92 152.08 153.24 155.75 148.3 145.24 148.55 148.82 143.99 139.23 134.19 134.96 133.76 127.21 123.41 122.61 122.08 121.9 121.84 121.71 120.78
-9999 300.95 304.03 315.15 323.15 313.44 289.5745 286.1778 283.4368 284.67 288.43 288.3 289.47 285.77 282.13 281.3 278.2 277.92 276.04 273.67 268.97 267.48 265.35 261.35 260.11 257.16 246.21 233.62 228.6 217.22 201.27 195.98 190.41 187.08 185.61 182.14 179.28 176.16 177.14 177.93 172.47 164.84 162.89 161.07 159.87 159.17 159.21 163.02 163.31 157.03 157.96 158.58 155.92 157.28 157.04 157.76 158.9 157.68 152.3 148.18 145.45 149.69 144.94 136.52 137.32 130.98 127.21 125.32 124.53 124.62 124.31 124.16 123.52 122.86
-9999 320.0102 332.85 334.5 337.73 316.1959 289.7468 284.42 283.28 283.37 282.43 279.22 274.95 275.67 275.65 273 270.39 266.35 265.56 271.42 269.66 269.65 265.49 260.71 256.79 254.01 252.75 240.88 217.3 205.13 194.72 189.58 184.98 182.47 181.4 179.05 176.95 175.19 176.16 175.41 168.16 166.84 165.81 165.86 166.13 165.4 165.02 164.61 164.64 166.16 165.22 161.41 164.54 172.35 165.57 165.48 162.66 159.11 156.11 157.58 151.1 148.59 147.2 141.75 140.37 134.81 131.59 128.85 128.2 127.94 127.67 127.09 126.42 125.66
-9999 335.01 344.65 339.32 316.78 302.7833 287.1234 284.51 283.28 282.46 282.9 280.29 277.42 277.51 271.17 270.35 269.15 266.8 264.17 264.7 262.48 262.99 272.83 270.56 259.74 249.51 253.84 238.27 211.07 197.15 191.22 188.68 184.69 180.81 179.72 178.6 178.59 179.07 176.58 173.43 173.59 173.87 172.82 175.63 175 174.95 175.13 170.29 171.61 171.99 172.34 169.63 167.02 171.28 166.38 167.03 167.61 166.95 168.14 165.83 158.31 154.16 154.86 149.8 143.42 140.08 136.57 134.32 134.8 134.06 133.46 136.06 132.86 128.58
338.5555 346.95 348.82 334.12 310.0532 -9999 -9999 285.03 283.36 281.25 278.31 277.54 276.15 276.32 273.56 272.56 273.7 270.95 265.94 265.17 261.67 260.97 258.61 266.93 265.64 240.89 228.18 215.9 203.46 198.75 195.77 192.87 188.74 186.97 185.36 184.78 186.81 186.37 180.97 184.08 185.02 186.5 186.22 183.92 190.8 182.89 182.51 178.13 180.59 181.58 183.11 181.5 179.16 170.82 174.98 173.59 171.09 167.67 171.34 168.68 168.36 162.97 158.48 156.5 153.61 150.14 151.14 145.26 140.18 138.39 136.77 136.72 135.15 132.71
322.88 328.493 327.0405 321.1559 308.2222 289.5833 287.4157 282.12 280.46 279.84 279.22 276.01 273.72 271.19 273.19 276.02 278.05 275.26 268.36 263.42 260.52 254.75 261.3 255.23 242.36 237.65 215.79 208.58 208.27 203.09 201.14 198.06 194.08 191.74 191.04 188.95 190.7 192.2 188.33 184.61 189.49 195.31 196.91 192.63 191.84 191.78 189.43 191.95 192.27 195.78 192.58 189.28 182.93 179.23 178.62 175.25 173.75 174.5 173.67 172.31 173.63 173.91 169 163.76 159.75 159.42 160.84 155.26 145.09 144.08 144.19 140.68 139.12 137.35
-9999 -9999 -9999 309.4189 299.1818 291.4524 287.78 282.74 277.43 274.47 273.02 270.99 270.17 274.54 277.4 275.26 275.95 273.67 266.45 253.89 249.37 243.6 240.36 240 231.5 220.01 214.43 208.43 210.93 212.73 213.55 209.01 202.26 200.11 198.81 196.41 197.58 199.16 197.3 193.05 197.91 200.58 204.8 205.14 198.38 203.65 202.4 206.36 201.84 196.57 192.98 190.93 189.13 188.1 192.19 184.61 184.95 187.21 183.74 182.61 180.64 180.05 177.47 172.68 170.16 166.25 159.77 155.27 157.9 149.23 150.5 147.1 144.46 141.12
-9999 -9999 -9999 -9999 298.87 294.87 294.9697 281.3647 271.8352 268.4835 270.68 265.61 264.05 270.5 269.39 268.07 270.74 263.08 253.09 248.48 242.38 236.76 234.75 235.15 230.75 219.13 209.3 210.08 210.85 216.95 218.13 222.14 229.01 219.4 223 206.57 205.11 209.78 207.55 203.33 199.16 213.1 211.67 209.69 205.9 214.58 217.84 211.68 208.45 201.96 202.3 202.24 201.67 198.52 197.11 193.73 190.93 189.14 191.07 197.26 197.94 189.96 184.41 179.45 170.27 168.23 167.54 162.57 158.16 158.16 155.66 153.7 152.08 149.01
-9999 -9999 -9999 -9999 304.1111 304 -9999 271.7647 -9999 264.2436 262.56 260.9 259.04 255.64 258.11 257.27 252.34 249.44 246.59 244.01 237.25 231.41 231.63 228.49 223.22 214.01 207.45 209.18 210.07 212.57 218.64 226.17 240.69 241.06 237.64 224.84 211.91 221.34 218.64 214.26 207.68 209.52 214.06 218.5 216.73 220.1 218.64 215.13 215.93 215.89 212.06 212.64 211.93 207.76 207.96 206.75 204.08 200.75 196.84 194.4 196.13 203.21 198.56 193.81 188.37 175.34 167.06 171.8 174.61 175.84 173.37 160.23 155.86 150.97
-9999 -9999 -9999 -9999 -9999 -9999 -9999 -9999 264.1429 263.4388 259.821 254.21 252.32 252.79 248.6 254.82 250.51 245.86 245.43 248.51 239.95 233.81 226.72 222.87 215.64 208.73 209.17 208.73 209.05 215.13 216.46 228.02 234.44 212.74 217.97 219.58 224.93 225.25 226.27 226.88 221.48 219.49 224.68 221.03 223.7 223.58 222.78 224.08 225.11 223.38 223.28 224.8 222.46 219.7 218.05 217.2 215.08 211.24 209.15 205.93 200.31 197.86 192.54 193.97 191.29 187.41 171.55 176.55 172.64 170.62 171.61 163.69 158.72 149.35
-9999 -9999 -9999 -9999 -9999 -9999 -9999 -9999 -9999 262.37 262.08 257.63 250.3 246.66 240.98 243.44 243.86 245.2 244.12 239.03 240.26 243.3 231.17 219.86 213.72 207.82 207.76 206.7 208.47 209.2 214.72 219.5 213.13 210.43 213.7 214.96 221.44 226.59 231.84 234.33 235.01 232.89 232.1 231.26 230.86 231.42 228.66 231.86 232.16 227.66 227.67 227.08 231.79 234.6 226.52 223.05 223.53 219.76 217.53 214.25 212.47 208.45 203.91 192.68 194.26 187.65 177.57 175.25 171.92 165.44 161.81 157.23 148.28 142.03
