layers/wordclim/current/bio_10.asc
ncols         166
nrows         93
xllcorner     -9.4959440078468
yllcorner     36.000324005443
cellsize      0.083333337679505
NODATA_value  -9999
[rows 33 to 65 of 93, columns 0 to 72 of 166]
-9999 -9999 -9999 -9999 -9999 -9999 -9999 -9999 -9999 -9999 191.4419 190.49 191.47 192.97 195.14 196.47 192.8 181.45 175.52 180.95 182.76 183.3 192.48 201.96 194.77 190.62 200.49 212.67 217.51 211.62 211.59 214.85 208.12 206.49 205.36 205.32 203.9 201.59 202 202.5 200.88 200.89 203.03 203.35 202.95 203.16 203.16 202.43 201.47 200 200.06 199.97 199.83 199.85 200.42 199.92 200.82 202.06 200.62 199.59 198.79 200.55 202.26 202.67 198.05 191.14 166.31 156.37 176.28 190.2 195.73 197.74 191.7
-9999 -9999 -9999 -9999 -9999 -9999 -9999 -9999 -9999 -9999 191.1939 191.24 191.43 189.22 179.75 182.24 186.88 196.89 197.23 195.63 190.34 188.87 190.1 195.65 193.8 192.34 201.15 212.4 214.43 208.43 205.04 208.31 210.41 205.78 204.32 204.14 204.93 204.64 205.39 205.03 203.74 203.27 203.57 202.41 201.85 201.58 200.48 200.34 201.36 201.14 199.24 199.05 197.03 197.42 198.46 199.7 201.09 201.14 199.72 196.95 195.72 197.97 199.37 198.86 192.13 182.77 154.36 180.59 171.54 179.64 195.82 204.28 209.04
-9999 -9999 -9999 -9999 -9999 -9999 -9999 -9999 -9999 -9999 191.2247 193.13 193.36 184.94 191.75 189.63 193.13 204.03 203.36 199.95 197.27 197.09 198.23 197.23 197.9 194.62 203.53 210.4 209.61 212.3 207.31 204.79 207.42 208.4 205.31 203.73 204.26 206.1 205.54 205.12 204.71 202.57 201.92 200.17 198.6 196.76 197.48 202.14 200.8 200.72 200.06 198.43 195.52 193.44 194.29 197.45 195.72 198.25 196.02 193.58 191.09 191.95 192.81 185.12 163.52 162.02 152.55 164.09 189.8 204.29 208.42 214.78 212.68
-9999 -9999 -9999 -9999 -9999 -9999 -9999 -9999 -9999 186.2162 191.0435 194.01 196.45 197.71 193 197.43 196.76 203.03 201.05 201.38 205.23 206.48 206.79 204.5 204.56 207.07 208.83 207.82 204.97 205.99 207.25 203.74 205.97 207.21 208.33 203.84 204.28 206.74 205.65 204.17 203.18 202.84 199.83 196.77 195.68 199.67 203.38 202.48 200.65 198.53 197.02 193.8 187.69 187.71 185.6 184.55 185.13 190.06 188.28 187.24 179.14 180.85 177.06 175.96 182.17 194.38 196.66 204.14 207.14 204.1 214.54 220.36 215.74
-9999 -9999 -9999 -9999 -9999 -9999 -9999 -9999 -9999 187 190.8763 195.92 199.92 199.86 196.95 189.77 188.31 203.55 207.37 209.26 209.84 208.23 205.97 209.53 213.56 211.28 208.68 196.06 199.45 203.27 203.08 203.85 204.8 209.09 211.52 211.16 208.39 204.7 202.98 200.85 198.75 196.22 198.49 201.1 201.42 201.92 201.72 200.6 197.36 192.54 187.84 184.95 178.21 177.86 180.03 184.04 189.46 190.48 186.28 181.67 177.8 174.79 177.6 173.06 194.72 208.52 203.29 206.18 216.84 219.28 223.09 224.26 218.23
-9999 -9999 -9999 -9999 -9999 -9999 -9999 -9999 -9999 189.37 192.85 198.13 202.6 204.07 197.32 187.8 207.27 210.36 212.94 211.64 213.32 213.52 214.9 210.43 191.94 187.24 194.28 195.33 198.46 201.48 204.32 201.86 205.67 210.38 210.97 211.93 210.47 200.72 194.75 185.93 195.32 197.92 204.45 206.06 201.39 199.87 202 198.28 192.97 191.64 190.28 181.35 170.46 181.32 186.11 184.59 179.91 179.27 183.34 193.44 189.73 197.62 197.94 194.32 207.97 212.81 218.46 220.98 224.3 221.55 224.76 225.52 221.94
-9999 -9999 -9999 -9999 -9999 -9999 -9999 -9999 190.4516 192.26 195.84 199.93 205.14 204.67 202.94 207.19 211.31 214.77 215.22 216.01 214.19 212.17 194.28 172.41 181.49 191.27 201.51 195.93 200.71 204.57 203.78 201.63 208.02 209.32 205.83 206.94 207.78 203.01 201.55 202.13 203.55 218.21 217.51 210.04 208.59 199.18 197.94 200.08 198.8 192.38 178.43 166.15 164.63 167.94 165.54 172.93 187.62 196.32 204.48 205.2 211.16 216.91 212.18 213 219.55 223.92 226.31 222.22 225.88 224.66 225.5 230.06 227.99
-9999 -9999 -9999 -9999 -9999 -9999 -9999 -9999 192.5824 195.29 198.74 202.31 207.5 205.88 209.2 215.03 216.2 216.8 216.09 213.16 211.4 192.7 155.95 172.01 200.98 213.64 214.81 204.75 201.25 203.15 200.19 201.06 202.52 204.17 205.17 205.06 196.4 202.93 206.09 219.83 225.63 222.87 213.96 210.26 197.4 174.32 180.06 197.41 192.36 174.84 169.1 168.41 168.04 178.29 179.81 188.41 194.03 190.02 186.12 193.56 217.49 221.72 223.78 226.89 231.55 228.37 228.38 225.23 225.3 230.19 228.83 230.07 229.31
-9999 -9999 -9999 -9999 -9999 -9999 -9999 -9999 194.44 197.43 200.92 205.95 210.65 208.64 211.63 217.24 216.96 217.23 216.54 211.07 206.96 197.32 170.68 177 214.78 220.35 216.9 213.92 207 199.3 197.13 193.14 199.02 202.78 199.61 208.08 212.79 220.29 223.51 227.39 231.69 224.82 220.06 212.23 178.38 163.02 182.83 187.8 177.87 167.45 155.81 162 171.47 191.11 185.31 187.44 210.01 224.12 219.2 215.16 217.11 222.06 230.41 235.34 232.06 229.46 230.92 228.21 227.45 231.09 232.51 233.37 228.8
-9999 -9999 -9999 -9999 -9999 -9999 -9999 192.4931 196.21 201.31 205.42 209.99 213.85 212.9 215.03 215.5 217.08 214.14 204.33 193.31 189.6 207.41 214.17 217.99 220.39 219.62 222.1 220.81 216.89 213.24 220.77 223.01 206.1 219.04 225.4 228.85 230.89 226.48 232.42 234.7 235.8 235.94 216.96 190.58 205.49 188.96 162.93 165 169.15 200.3 186.94 194.66 216.21 227.87 221.95 235.04 231.51 227.76 222.47 219.9 229.74 236.62 237.35 233.99 230.76 231.12 233.53 229.54 231 231.34 232.95 233.35 230.75
-9999 -9999 -9999 -9999 -9999 -9999 -9999 -9999 199.7727 203.26 207.41 211.55 212.12 214.1 217.22 208.67 203.02 200.41 201.53 197.52 203.74 215.3 214.11 213.57 217.29 222.58 228.73 228.24 226.46 228.82 231.86 230.59 228.36 232.62 237.62 236.45 233.53 232.54 236.52 237.48 237.24 231.63 216.34 216.02 202.2 216.62 219.38 221.81 229.01 240.19 240.42 240.37 238.19 234.96 233.72 231.7 222.49 217.93 232.68 237.48 239.45 238.03 235.47 233.15 233.13 235.55 233.56 233.7 234.64 231.5 235.9 234.68 229.16
-9999 -9999 -9999 -9999 -9999 -9999 -9999 197.8 199.89 204.4 208.91 207.34 208.19 212.31 199.25 192.18 200.74 208.02 209.22 213.65 218.74 209.31 217.72 213.22 226.61 231.62 231.5 232.25 229.43 227.18 228.63 235.7 237.93 241.1 240.78 238.91 239.03 240.62 243.12 243.03 239.62 235.48 232.35 230.3 230.54 239.41 241.82 245.1 244.97 244.62 244.2 242.22 240.86 240.35 238.44 234.45 236.18 240.16 240.96 240.44 239.82 238.78 236.77 236.31 238.12 239.52 237.25 239.37 236.23 236.99 238.28 235.45 233.74
-9999 -9999 -9999 -9999 -9999 -9999 -9999 198.16 200.32 204.6 208.21 204.09 209.04 209.86 203.44 207.78 213.82 213.36 208.77 209.74 210.75 217.65 230.28 230.33 231.56 234.88 235.24 236.49 235.36 235.1 237.13 239.01 236.68 240.74 241.7 242.43 243.1 244.76 244.79 240.87 237.69 239.25 243.3 246.04 246.7 247.06 246.43 246.66 246.44 245.79 244.88 243.99 243.35 241.6 240.14 242.08 242.18 242.21 241.85 239.47 237.03 237.17 238.87 241.27 242.3 240.76 241.14 242.43 241.29 238.56 233.37 229.26 226.6
-9999 -9999 -9999 -9999 -9999 -9999 197.3016 200.46 201.04 203.5 207.54 206.96 210.94 210.21 212.64 216.08 213.84 209.64 207.64 203.29 218.23 229.23 234.23 234.31 234.92 237.01 241.95 241.71 241.07 238.28 239.32 240.39 241.38 240.76 242.5 242.41 241.83 242.21 239.47 235.9 239.59 242.78 246.84 248.38 247.87 247.49 247.01 244.27 246.4 246.28 244.27 241.66 243.91 243.06 243.98 242.13 237.61 239.57 241.5 243.4 242.66 241.98 242.29 243.99 242.35 241.64 242.4 241.96 240.05 238.22 233.78 230.2 228.29
-9999 -9999 -9999 -9999 -9999 -9999 196.5408 200.68 202.7 203.13 203.78 207.79 213.26 212.32 216.3 218.28 219.72 218.41 213.54 214.2 226.5 232.31 234.19 235.06 239.27 243.12 242.91 243.12 240.42 241.46 241.4 241.29 242.15 243.79 244.38 242.7 241.61 239.99 242.47 244.6 244.87 246.33 245.09 245.14 245.05 247.68 244.68 242.32 245.79 244.24 243.39 242.94 245.56 242.53 242.41 240.81 236.8 237.24 238.6 237.82 238.72 242.98 239.92 236.11 235.77 234.04 233.08 234.52 235.79 235.34 235.55 234.32 231.41
-9999 -9999 -9999 -9999 -9999 194.0357 195.61 199.25 203.05 202.76 205.42 211.43 216.16 216.55 215.41 220.6 219.44 221.5 221.86 227.11 232.95 233.94 237.5 240.11 240.84 240.34 241.21 242.67 241.2 242.04 244.13 243.79 241.42 241.05 242.12 244.94 248.06 246.39 244.75 243.17 243.49 244.76 242.85 241.36 238.15 236.2 236.76 238.92 237.35 235.77 237.18 240.05 238.75 238.09 231.4 233.2 232.44 232.4 230.63 232.91 232.93 235.45 233.04 230 232.88 229.99 230.37 231.02 231.65 231.85 232.98 232.52 232.56
-9999 -9999 -9999 -9999 -9999 194.7561 198.2 199.07 199.55 196.78 205.72 211.72 216.81 220.56 219.47 222.52 221.55 220.99 223.92 230.31 234.75 237.61 239.98 239.65 239.79 241.21 242.73 240.64 243.02 243.55 242.53 241.8 240.73 240.08 239.61 242.91 245.32 246.79 246.66 245.94 245.87 246.52 245.06 243.73 241.72 239.46 236.38 232.94 231.93 224.63 230.47 229.52 235.32 236.46 224.27 224.82 222.31 223.53 222.62 224.55 224.76 230.88 230.87 227.14 226.17 227.64 227.19 228.38 230.51 230.49 232.38 231.8 231.67
-9999 -9999 -9999 -9999 -9999 195.4343 198.27 193.31 193.59 198.3 203.18 215.93 219.93 222.67 222.39 223.45 225.59 227.14 229.69 231.93 235.69 235.43 237.38 237.26 239.74 239.67 240.03 237.92 238.92 242.14 244.76 243.7 242.72 243.08 242.59 242.77 243.64 247.44 246.57 247.64 248.07 246.92 245.45 243.07 241.32 238.79 237.91 236.54 222.93 221.98 219.32 229.74 229.6 235.08 233.26 226.34 224.45 223.85 213.98 225.23 215.84 219.31 220.66 222.17 221.77 222.61 225.18 230.45 231.64 231.76 232.05 232.41 232.12
-9999 -9999 -9999 191.0476 194.56 196.02 195.6 195.48 200.62 208.72 214.11 219 222.5 223.73 226.45 229.05 230.92 232.9 231.68 232.62 232.67 234.4 235.34 235.47 234.29 236.41 237.66 238 236.38 238.51 242.37 243.66 244.69 245.48 245.27 244.99 244.49 243.48 245.05 245.59 247.25 246.71 245.44 242.14 240.08 229.96 234.18 234.62 224.87 218.28 232.54 237.53 239.24 237.7 241.83 239.87 239.5 235.83 230.76 232.58 228.24 229.86 231.42 232.31 221.4 215.2 219.42 225.42 229.32 229.2 231.7 232.99 233.1
-9999 -9999 187.2813 191.7907 194.57 197.29 198.73 205.43 209.11 212.11 217.6 221.44 222.82 221.59 224.33 226.72 229.36 229.29 230.28 232.37 234.32 234.82 234.83 234.44 229.35 225.94 229.36 232.53 235.45 237.27 238.14 239.24 242.72 240.9 242.68 245.4 246.17 245.59 245.2 244.65 245.39 244.57 243.08 242.9 241.87 234.53 231.5 233.62 236.48 237.66 239.7 245.23 242.85 245.42 245.37 245.46 242.71 239.66 236.01 230.22 227.17 225.46 232.56 229.33 226 225.71 221.93 225.49 228.66 226.82 224.65 230.55 234.11
-9999 -9999 187.47 191.58 195.81 199.46 203.51 208.87 211.75 215.4 220 222.56 222.03 223.35 224.44 226.04 228.34 230.82 232.68 233.68 236.16 236.59 237.08 236.62 233.53 223.94 225.49 235 240.43 239.94 240.82 243.37 244.5 242.54 244.33 243.95 243.26 246.27 244.81 243.04 243.68 244.18 242.91 245.53 248.88 246.07 248.67 247.88 247.74 242.9 243.79 248.5 248.11 248.51 240.71 243.4 242.98 239.2 239.48 237.14 236.35 239.47 239.58 235 227.82 228.15 230.48 229.16 225.43 226.45 222.41 231.5 235.32
-9999 -9999 190.85 194.44 197.91 196.76 206.41 210.4 214.04 218.72 221.62 221.9 223.32 224.97 226.18 227.28 229.81 232.83 232.54 234.26 236.9 237.28 235.99 236.78 237.55 236.34 235.16 237.4 241.45 242.68 241.19 244.89 244.67 244.16 244.05 243.24 243.26 244.17 243.96 243.98 239.28 243.25 249.86 250.07 251.48 251.19 252.12 250.72 251.97 250.53 247.72 248.04 249.39 248.36 244.07 238.8 240.92 241.52 242.26 238.64 233.13 236.91 241.32 239.89 232.06 231.4 233.77 236.12 235.67 231.96 234.88 237.99 237.45
-9999 191.8125 194.43 196.85 197.87 204.05 210.51 213.27 217.87 221.2211 222.32 223.41 224.29 225.45 226.9 228.52 231.82 232.26 233.24 235.83 237.1 237.55 237.67 236.67 237.66 238.73 240.57 240.75 243.01 245.18 244.24 245.93 244.83 244.97 244.89 245.28 246.93 247.25 245.47 246.84 248.31 252.46 252.56 253.68 254.65 253.62 253.8 253.89 253.92 252.68 250.34 250.4 247.04 245.26 244.92 241.78 237.37 241.9 242.4 236.62 233.71 235.56 237.14 238.96 235.25 233.76 236.94 238.53 238.85 238.98 238.86 238.36 237.85
-9999 192.91 196.36 198.13 200.27 206.21 214.6596 218.0778 220.8506 222.39 222.96 224.48 225.37 227.57 229.38 230.36 231.93 232.57 233.7 235 236.55 237.4 238.11 239.09 239.23 239.46 241.25 243.37 243.23 244.44 246.82 246.58 246.93 247.4 247.24 248.1 248.93 250.03 249.27 248.19 250.17 253.79 254.52 255.11 254.92 254.93 254.69 250.92 250.03 253.39 251.78 249.93 250.58 247.79 246.21 243.8 240.56 239.09 241.66 242.73 242.4 235.54 236.75 241.25 236.93 239.22 239.09 239 239.26 239.28 239.04 238.79 238.08
-9999 193.2143 194.31 198.24 200.77 209.4845 218.1772 221.14 222.7 224.04 225.37 227.05 229.21 229.55 230.27 231.51 232.67 234.04 234.65 233.56 234.21 234.69 235.9 237.23 237.98 238.17 237.59 239.61 244.6 246.44 247.38 246.58 246.62 247.51 248.13 249.15 249.94 250.83 250.17 250.53 254.25 254.77 254.81 254.68 254.45 254.25 254.02 253.67 253.14 251.28 250.85 252.61 249.01 241.54 245.1 243.13 243.15 243.89 244.19 240.07 243.05 242.24 240.15 241.59 238.9 240.25 238.97 238.91 239.83 239.55 239.26 239.09 238.28
-9999 193.82 195.66 201.65 211.43 216.35 221.8025 223.3 224.47 225.28 225.68 226.91 228.05 228.44 230.59 231.1 231.51 232.32 233.07 233.25 233.98 234.18 231.78 232.6 235.17 237.47 235.31 238.51 244.88 247.25 247.3 245.88 245.76 247.61 248.64 249.41 249.77 249.79 251.29 253.02 252.94 252.8 253.52 251.96 252.05 251.84 251.45 253.99 252.58 251.75 250.58 251.52 252.6 247.61 250.02 247.72 245.22 243.39 239.59 238.82 242.74 243.3 238.98 239.89 241.95 241.24 240.88 240.4 238.89 238.78 238.26 234.79 235.93
192.037 194.1 198.52 207.68 218.0213 -9999 -9999 224.95 225.54 226.21 227.3 227.61 228.1 228.08 228.94 229.2 228.44 229.17 230.47 230.58 231.99 232.41 233.36 231.39 231.6 237.81 240.84 243.47 246.2 245.83 245.04 244.47 244.94 245.62 246.72 247.33 247.21 247.67 250.36 249.32 249.1 248.69 248.8 249.88 246.27 250.59 250.36 252.68 250.97 249.79 247.87 248.03 248.67 253.93 249.29 248.65 248.63 249.25 243.49 242.93 240.26 241.75 242.02 240.28 239.34 239.02 235.69 237.76 240.31 240.01 239.94 238.22 237.8
198.84 201.3944 206.6351 213.8701 220.3556 224.6667 225.3933 226.52 226.79 226.94 226.92 227.69 228.27 228.83 228.11 226.71 225.56 225.85 227.48 228.66 229.94 232.17 230.83 232.73 236.19 237.22 243.3 244.47 243.68 243.92 243.31 243.36 243.82 244.65 245.14 246.37 246.44 246.19 248.27 250.49 248.76 246.31 245.42 248.12 248.44 248.27 250.02 248.37 247.71 244.76 246.27 247.93 251.57 253.06 252.32 253.36 252.73 250.02 248.16 246.61 242.3 238.7 239.53 240.76 240.8 238.03 234.2 236.1 242.07 240.82 238.88 239.37 238.51
-9999 -9999 -9999 216.5946 220.961 223.9643 225.26 226.41 227.51 228.02 228.42 228.7 228.58 226.98 225.64 225.65 224.69 224.7 225.74 229.51 231.38 233.73 235.13 235.36 238.06 241.23 242.37 243.81 241.84 240.58 239.5 240.21 241.97 242.67 243.34 244.71 244.74 244.71 245.86 248.17 246.83 245.57 244.24 244.22 247.77 245.32 245.88 243.31 245.85 248.93 250.94 251.99 252.56 251.95 247.59 252.17 249.88 245.7 246.23 244.44 243.02 240.25 239.39 240.3 239.17 239.28 241.62 242.68 237.9 242.33 238.71 238.9 238.32
-9999 -9999 -9999 -9999 219.65 221.89 222.1212 226.0824 228.4286 229.2418 228.37 229.46 229.67 227.29 226.98 226.87 225.23 226.63 228.82 230.02 232.36 234.67 235.56 235.72 237.1 240.28 243.08 242.54 241.4 238.94 238.03 236.38 234.29 236.94 235.98 242.14 243.03 241.92 242.95 245.51 247.92 242.24 243.24 244.5 246.91 242.38 240.62 244.13 246.06 250.17 249.65 249.16 248.89 250.38 250.14 251.2 251.71 251.18 247 238.75 234.99 238.8 240.8 241.43 246.2 244.75 242.12 243.31 243.98 240.74 239.77 238.5 236.52
-9999 -9999 -9999 -9999 216.0988 217.2571 -9999 227.1765 -9999 229.5513 229.79 230.1 230.38 230.97 229.69 229.41 230.26 230.37 230.6 231.13 233.51 235.67 235.76 236.69 238.48 241 242.94 242.17 241.43 240.07 237.94 235.38 230.75 230.69 231.62 236.45 241.47 238.57 239.99 242.66 245.91 246.15 244.46 242.72 244.06 242.79 243.53 245.99 245.66 245.55 247.72 247.06 247.01 249.33 247.8 247.43 247.75 247.94 249.16 248.28 243.58 234.29 235.13 236.03 237.7 245.79 249.42 241.97 236.18 231.63 230.11 237.79 237.59
-9999 -9999 -9999 -9999 -9999 -9999 -9999 -9999 228.25 228.4184 229.3895 231.03 231.59 230.94 232.06 229.35 230.2 231.1 230.81 229.4 232.19 234.3 236.63 237.99 240.21 242.41 241.86 241.77 241.49 239.11 238.62 234.87 232.83 240.44 239.24 238.94 237.68 238.29 238.32 238.84 241.92 243.49 241.91 244.08 243.67 243.83 244.76 244.62 244.07 245.3 245.26 243.79 244.93 246 245.97 245.18 245.33 245.91 245.06 245.15 247.11 246.25 247.81 243.22 242.28 242.44 252.45 244.72 244.45 242.32 237.32 239.89 239.82
-9999 -9999 -9999 -9999 -9999 -9999 -9999 -9999 -9999 227.39 227.57 228.97 231.06 232.05 233.55 232.52 232.09 231.08 231.08 232.54 231.76 230.75 234.66 238.34 240.19 242.33 242.16 242.1 241.25 241.03 239.22 237.71 240.27 242 241.27 241.72 240.09 238.93 237.52 237.36 238.03 239.28 240.7 241.8 242.76 242.78 245.13 243.74 243.7 247.06 247.41 247.45 243.43 240.06 245.42 247.09 244.44 245.11 244.68 244.65 243.02 243.7 244.85 251.43 246.81 249.68 254.04 252.82 251.73 252.67 251.41 250.25 252.5
