layers/wordclim/current/bio_07.asc
ncols         166
nrows         93
xllcorner     -9.4959440078468
yllcorner     36.000324005443
cellsize      0.083333337679505
NODATA_value  -9999
[rows 33 to 65 of 93, columns 0 to 72 of 166]
-9999 -9999 -9999 -9999 -9999 -9999 -9999 -9999 -9999 -9999 186.8372 198.18 207.24 214.84 221.78 228.03 232.01 230.65 230.61 236.3 239.33 241.69 249.71 257.17 253.97 252.58 259.85 266.59 269.58 269.22 270.62 273.05 272.98 274.36 276.4 278.29 280.14 282.17 284.08 286.41 287.89 289.19 291.79 293.46 294.2 295.43 295.4 293.37 292.2 291.93 292.68 292.78 293.11 293.12 292.94 292.71 292.08 291.97 290.7 289.51 288.13 286.89 285.75 284.27 282.1 282.27 281.22 280.96 283.07 284.28 285.08 285.64 286.55
-9999 -9999 -9999 -9999 -9999 -9999 -9999 -9999 -9999 -9999 181.9388 194.44 205.82 215 218.65 223.84 229.8 237.46 241.83 244.03 243.05 243.75 246.07 251.14 251.06 251.28 258.26 265.4 267.43 266.55 266.76 270 272.76 273.27 274.93 277.4 279.79 282.09 284.49 286.54 288.31 290.03 291.85 292.72 293.77 294.68 294.39 293.11 292.55 292.84 292.96 293.37 293.58 293.68 293.47 293.21 292.48 291.85 290.9 289.77 288.5 287.25 285.87 284.49 283.33 283.05 280.61 283.45 283.34 284.69 285.85 286.67 287.37
-9999 -9999 -9999 -9999 -9999 -9999 -9999 -9999 -9999 -9999 178.0112 190.13 203.68 214.53 220.91 225.77 231.32 239.04 243.2 244.76 245.75 247.47 249.67 250.26 251.8 250.79 257.76 263 263.92 266.76 266.34 267.26 270.58 273.09 274.52 276.29 278.99 281.76 284.28 286.18 288.21 289.53 290.97 291.65 292.68 293.01 293.94 294.4 293.56 293.85 293.91 294.32 294.11 294.07 293.67 293.69 293.03 292.43 291.53 290.4 288.93 287.71 286.58 284.97 282.25 281.62 281.17 282.89 285.24 286.88 287.92 289.15 288.87
-9999 -9999 -9999 -9999 -9999 -9999 -9999 -9999 -9999 163.6757 175.4891 188.84 201.66 212.93 221.88 228.53 232.01 238.75 242.04 244.65 248.71 251.26 253.12 253.11 254.17 256.61 259.2 259.95 259.85 262.29 264.75 265.35 268.71 271.66 274.83 275.77 278.41 281.37 283.66 285.52 287.67 289.43 289.89 290.7 291.92 293.37 294.91 294.79 294.31 294.35 294.76 294.95 293.96 294.06 293.22 293.12 292.93 292.82 291.88 290.8 288.71 288.09 286.64 285.59 285.68 286.16 286.28 287.08 287.79 288.18 290.3 291.57 290.9
-9999 -9999 -9999 -9999 -9999 -9999 -9999 -9999 -9999 164.1487 176.7526 189.3 201.28 214.3 223.4 226.71 229.39 239.59 243.91 247.27 249.95 250.95 251.34 254.36 258.06 257.81 257.32 250.62 254.93 259.16 261.41 264.07 267.2 271.56 275.15 277.32 278.96 280.8 282.58 284.51 285.64 287.01 289.22 291.6 292.81 293.83 294.56 294.81 294.69 294.58 294.58 294.47 293.57 293.6 293.67 294.11 294.29 293.79 292.55 291.29 290.17 288.61 288.35 287.13 288.22 289.27 288.54 288.79 290.44 291.57 293.71 295 293.82
-9999 -9999 -9999 -9999 -9999 -9999 -9999 -9999 -9999 169.97 181.54 192.98 204.47 216.1 224.95 225.8 236.96 241.77 245.74 248.1 250.79 252.91 255.11 253.63 242.17 239.59 245.72 248.37 252.69 257.03 260.89 262.1 266.81 271.35 274.37 277.22 279.27 279.01 279.62 279.62 284.45 287.4 290.78 292.96 293.02 293.76 295.01 295.39 295.15 295.4 295.68 294.65 293.12 294.75 295.45 295.22 294.19 293.69 293.49 294.03 293.03 292.87 292.12 290.89 291.57 292.08 292.16 291.88 292.46 292.95 296.01 298.59 297.9
-9999 -9999 -9999 -9999 -9999 -9999 -9999 -9999 169.3387 176.91 187.85 199.59 209.65 221.09 228.75 234.46 239.43 243.47 246.88 249.54 251.16 251.72 240.73 226.62 233.25 241.38 249.93 247.71 253.19 257.84 259.68 261.14 267.09 270.56 272.01 275.26 278.25 279.46 281.61 283.83 286.5 291.54 293.55 293.82 295.11 294.16 294.54 296.23 296.55 296.05 294.49 293.08 293 293.74 293.54 294.59 296.38 297.1 297.61 297.25 297.34 297.56 296.08 295.42 295.54 295.24 294.68 293.48 293.9 294.31 297.67 303.12 302.7
-9999 -9999 -9999 -9999 -9999 -9999 -9999 -9999 174.011 183.25 194.41 206.51 216.31 226.33 233.19 237.51 241.91 245.21 247.72 248.8 249.47 238.16 220.28 226.74 246.76 256.61 258.62 253.31 252.97 256.4 257.22 260.33 264.3 267.96 271.39 274.5 274.36 279.2 282.67 288.06 291.02 292.39 293.37 294.18 292.64 289.78 292 296.42 296.59 294.15 293.81 294.31 294.73 296.4 297.14 298.08 298.56 297.79 296.93 297.29 300.09 300.15 299.98 299.43 299.36 297.98 297.37 295.92 295.07 297.95 300.24 303.69 304
-9999 -9999 -9999 -9999 -9999 -9999 -9999 -9999 178.75 189.07 200.9 212.05 222.36 231.04 236.42 240.47 244.11 246.44 248.18 247.16 246.03 240.79 227.9 231.2 255.52 260.36 259.28 258.85 256.1 254 255.47 256.92 262.66 267.32 269.49 275.27 279.6 284.09 287.12 289.82 292.02 292.92 294.22 294.46 289.52 288.33 293.16 295.32 294.64 293.77 292.58 294.52 296.38 299.53 299.11 299.23 301.89 303.62 302.87 302.38 302.25 302.55 302.67 302.66 301.7 300.97 300.44 299.23 298.87 300.88 303.2 304.91 305.12
-9999 -9999 -9999 -9999 -9999 -9999 -9999 175.1644 182.71 191.75 202.71 213.92 226.09 234.97 239.3 242.23 244.77 244.75 241.51 235.65 234.35 247.18 252.77 256.12 258.75 259.52 262.09 262.57 261.92 261.52 267.34 270.67 265.99 273.92 278.64 281.92 284.49 285.8 288.99 291.15 292.93 294.44 293.79 290.62 295.15 293.7 290.4 292.2 294.06 299.87 298.77 300.74 303.71 304.96 304.41 305.47 305.78 305.76 305.53 305.14 305.79 305.77 305.47 305.21 304.62 304.11 303.78 302.88 303.12 303.83 305.24 306.2 306.63
-9999 -9999 -9999 -9999 -9999 -9999 -9999 -9999 184.0227 194.44 205.14 216.35 229.54 236.22 240.05 237.76 237 237.25 239.27 238.02 243.06 251.75 252.21 252.93 256.54 260.95 265.32 266.48 266.78 269.26 272.34 274.03 275.34 278.73 282.25 283.87 285.48 287.47 289.98 292.17 293.73 294.93 294.28 296.14 295.46 298.98 300.43 301.92 303.2 304.14 305.09 305.93 306.36 306.82 307.17 307.72 307.53 306.78 307.93 307.96 308.22 308.35 308.32 308.24 307.77 307.65 307.06 306.84 306.84 306.93 307.87 308.33 308.32
-9999 -9999 -9999 -9999 -9999 -9999 -9999 177.6933 186.57 195.98 205.8 217.37 226.83 233.75 229.44 227.91 235.13 241.1 243.44 247.35 251.72 247.46 253.91 252.36 261.96 265.57 266.66 268.15 268.15 268.56 271.2 276.04 278.66 281.29 283.33 284.87 286.95 289.26 291.37 293.07 294.3 296.08 297.57 298.73 300.5 301.85 302.96 303.74 304.44 305.24 306.29 307.24 307.81 308.32 308.55 309.48 309.78 309.68 310.14 310.26 310.37 310.81 310.94 311.12 311.1 311.12 310.79 310.35 310.01 309.99 310.04 310.29 310.44
-9999 -9999 -9999 -9999 -9999 -9999 -9999 177.8 187.81 196.96 206.52 216.55 225.01 230.28 230.73 235.84 241.33 243.05 242.05 244.51 246.3 251.84 260.4 262.46 264.66 267.16 268.28 269.89 270.63 272.02 274.76 277.45 278.72 281.86 284.08 286.2 288.24 290.22 292.21 294.03 295.29 297.38 298.61 300.27 301.66 302.58 303.81 304.76 305.49 306.63 307.66 308.35 309.02 309.77 310.68 310.85 311.43 311.88 312.03 312.68 313.07 313.54 313.79 314.05 314.29 314.16 313.83 313.28 312.87 312.71 312.62 312.82 312.69
-9999 -9999 -9999 -9999 -9999 -9999 170.4603 177.56 188.06 197.66 206.39 215.46 222.76 228.34 233.23 238.03 239.89 239.93 240.77 239.77 249.73 257.08 261.25 264.03 266.22 267.89 270.12 271.45 272.67 273.49 275.8 278.27 280.6 282.51 285.01 287.09 289.01 290.79 292.53 294.24 296.38 298.33 299.69 301.51 302.46 303.67 305.55 306.47 307.42 308.54 309.47 310.26 310.79 311.7 312.02 312.94 313.57 314 314.18 314.37 314.83 315.44 315.87 316.29 316.84 316.96 316.58 316.03 315.54 315.21 314.91 314.84 314.87
-9999 -9999 -9999 -9999 -9999 -9999 169.6327 178.03 187.52 197.59 206.4 213.94 220.64 226.77 232.16 236.55 240.55 242.68 242.66 244.66 252.6 257.25 260.46 263.29 266.45 268.48 270.21 271.7 272.36 274.59 276.85 279.05 281.34 283.77 286.06 287.98 289.6 291.25 293.68 295.7 297.68 299.31 301.05 302.62 304.08 305.44 306.96 307.97 308.85 310.11 310.91 311.94 312.4 313.56 314.26 314.7 315.54 316.13 316.66 317.18 317.58 317.57 318.42 318.93 319.33 319.24 318.92 318.57 318.09 317.75 317.38 317 316.89
-9999 -9999 -9999 -9999 -9999 163.5179 170.59 179.3 187.67 197.27 205.34 212.17 218.77 225.16 230.32 234.99 238.62 242.28 244.92 249.19 253.28 256.15 259.6 262.75 265.52 267.27 269.16 271.33 272.65 275.16 278.09 280.54 282.02 283.91 286.62 288.97 291.39 293.19 294.95 296.83 298.58 300.6 302.04 304.08 305.29 306.92 308.33 309.55 310.94 312.07 312.71 313.79 314.81 315.48 316.18 317.08 317.92 318.47 318.64 319.26 319.71 320.1 320.48 320.7 321.14 320.68 320.84 320.6 320.41 319.88 319.44 319.07 318.69
-9999 -9999 -9999 -9999 -9999 162.3171 170.02 179.84 189.06 198.58 204.85 211.2 217.17 223.49 229.1 233.65 237.7 240.64 244.24 248.65 252.4 255.63 258.68 261.42 263.87 266.35 268.98 269.98 273.32 275.91 278.34 280.57 282.82 284.92 287.08 289.76 292.07 294.09 296.09 297.82 299.98 301.64 303.43 305.31 306.69 308.41 309.59 310.83 312.39 312.62 314.26 315.47 316.52 317.14 317.51 318.58 318.75 319.21 319.57 320.57 321.03 322.33 322.71 322.59 322.55 322.83 322.7 322.73 322.41 321.96 321.67 320.94 320.42
-9999 -9999 -9999 -9999 -9999 162.0202 170.92 183.16 191.99 198.41 204.66 209.85 215.91 221.79 227.63 232.48 236.78 240.63 244.27 247.57 251.06 253.76 256.8 259.12 262.45 264.74 267.22 268.46 271.69 275.96 279.78 281.92 284.12 286.61 288.69 290.67 292.6 295.32 296.98 299.04 301.01 302.75 304.78 306.49 308.03 309.77 311.03 312.51 312.98 313.85 314.54 316.91 317.65 318.92 319.97 319.99 320.3 320.99 320.42 322.62 321.66 322.6 322.96 323.53 323.63 323.77 324.21 324.7 324.39 323.97 323.47 322.77 322.19
-9999 -9999 -9999 146.0476 152.8 163.12 173.98 183.95 190.57 196.33 202.8 208.77 215.02 221.13 226.18 230.92 235.39 239.53 243.13 246.45 249.18 252.19 254.52 256.32 257.58 261.36 265.13 268.49 270.66 275.19 279.98 283.37 286.02 288.51 290.47 292.54 294.25 296.05 298 300.07 302.29 304.24 306.1 307.46 309.52 310.57 312.34 314.05 314.29 314.75 317.57 318.55 319.41 320.52 321.22 322 322.48 323.6 324.49 324.94 325.17 325.58 326.1 326.63 325.5 324.89 325.39 326.01 326.28 325.64 325.11 324.24 323.4
-9999 -9999 136.5156 145.093 155.19 165.09 175.06 181.61 189.01 196.5 202.6 208.48 214.76 220.97 226.06 230.61 234.91 238.57 241.81 245.25 248.62 251.2 253.07 254.71 252.76 252.79 259.08 264.98 270.97 275.72 279.7 283.24 287.11 288.82 291.56 294.01 295.97 297.56 299.56 301.53 303.48 305.59 307.11 309.22 310.55 311.98 313.33 314.85 316.38 318.16 319.11 319.67 320.84 321.64 322.42 322.85 323.77 325.13 326.11 326.44 326.31 326.78 328 328.09 327.83 327.98 327.2 327.57 327.94 327.12 326.43 325.76 324.65
-9999 -9999 140.04 149.59 158.64 167.79 176.04 183.07 190.45 197.27 203 209.25 215.55 220.93 225.58 229.92 233.99 238.03 241.56 244.77 248.38 251.13 253.97 255.85 255.22 252.42 257.16 267.59 275.49 278.78 282.61 286.55 289.15 290.94 293.33 295.13 296.86 299.01 300.88 302.83 304.83 306.68 308.56 310.22 312.02 313.51 314.7 316.32 317.92 319.24 319.86 320.52 321.86 322.6 323.99 324.6 325.41 326.67 327.28 327.74 328.37 329.12 329.37 329.67 329.71 329.74 330.16 329.89 328.95 328.46 327.76 327.03 325.61
-9999 -9999 145.27 154.25 163.13 174.14 178.98 185.98 192.6 198.41 204.06 210.62 216.24 221.07 225.67 229.82 233.56 237.6 240.94 244.3 248.2 251.12 253.19 256.25 259.85 261.93 264.94 271.32 278.36 282.3 284.88 289 291.17 293.02 294.87 296.68 298.27 300.31 302.32 304.25 305.54 307.65 309.73 311.5 312.79 314.38 315.87 317.33 318.27 319.54 321.1 322.5 322.92 323.92 325.15 326.41 327.07 327.67 327.97 329.1 330.01 330.44 330.25 330.63 331.34 331.27 331.37 330.95 330.42 329.34 328.2 327.18 326.4
-9999 145.9844 151.52 160.4 170.33 176.42 182.29 189.22 194.54 200.6 206.16 211.7 216.98 221.74 226.04 229.84 233.4 237.04 240.6 244.43 247.99 251.26 254.21 256.95 260.96 265.58 271.2 276.13 282 285.98 288.69 291.36 293.06 294.67 296.44 298.07 300.14 301.94 303.64 305.5 307.36 309 310.72 311.99 313.6 315.39 316.71 317.8 319.13 320.67 322.07 323.32 324.41 325.57 326.53 327.66 328.67 328.82 329.1 330.52 331.38 331.48 331.64 332.06 332.89 332.95 332.55 331.95 330.71 329.75 328.8 327.67 326.48
-9999 151.6 159.19 167.61 176.1 181.96 185.5957 191.6333 197.1839 203.02 208.36 213.15 218.04 222.3 226.03 229.92 233.51 237.04 240.64 244.21 247.6 251.01 254.89 259.01 262.89 267.54 273.07 279.18 284.8 288.74 291.43 293.14 294.79 296.1 297.77 299.71 301.36 303.25 304.79 306.73 308.3 309.75 311.45 313.01 314.78 316.16 317.92 319.37 320.94 321.89 323.43 324.53 325.1 326.27 327.48 328.75 329.65 330.1 330.42 330.8 331.46 332.54 332.56 332.57 333.75 333.39 333.72 333.02 331.69 330.31 329.34 328.12 327
-9999 159.449 167.66 175.17 182.33 187.3814 190.7342 195.51 200.53 205.67 209.98 214.49 218.66 222.69 226.58 230.16 233.74 237.15 240.65 243.75 247.43 250.68 254.8 258.93 263.41 267.92 272.55 278.51 285.27 290.24 293.37 294.06 295.19 296.87 298.52 299.99 301.73 303.48 305.46 307.43 309.13 310.66 312.44 314.36 315.96 317.26 318.74 320.3 321.9 323.31 324.16 324.76 326.42 328.14 328.83 329.73 330.21 330.51 330.96 332.25 332.3 332.66 333.1 332.97 333.94 333.81 334.57 333.85 332.12 330.68 329.63 328.51 327.45
-9999 165.64 173.52 180.81 186.65 189.9167 194.7407 199 203.78 208.14 212.34 216.58 220.44 224.05 227.22 230.73 234.18 237.32 240.68 243.95 247.35 250.91 254.24 258.37 263.31 268.42 272.14 278.45 285.48 290.46 294.25 294.95 295.47 296.84 298.7 300.57 302.49 304.42 306.42 308.02 309.95 311.97 313.63 315.51 316.96 318.69 320.41 321.5 322.93 324.09 325.3 326.15 326.94 328.45 328.98 329.81 330.8 331.36 332.22 332.94 333.01 333.12 333.63 333.58 333.67 333.74 333.45 333.1 332.31 331.28 330.14 329.81 328.01
164.1358 170.67 177.6 185.84 191.9787 -9999 -9999 202.52 206.91 210.32 214.32 218.19 221.89 225.36 228.48 231.75 234.59 237.41 240.33 243.65 247.22 251.2 255.23 258.94 263.03 268.98 274.46 279.89 284.93 289.53 292.59 294.32 295.67 297.09 299.15 301.26 303.27 305.14 306.79 309.04 311.09 312.97 314.7 316.46 318.33 320.05 321.63 322.4 323.81 325.35 326.85 327.91 328.44 328.33 329.88 330.59 330.87 330.93 332.23 332.85 333.53 333.72 333.59 333.63 333.9 333.92 334.13 333.15 331.84 330.56 329.49 328.47 327.32
165.74 172.4225 179.6081 189.1039 195 199.125 201.6517 205.2 208.59 212.29 216.37 219.74 223.05 226.51 229.72 232.67 235.23 237.7 240.33 243.33 247.19 251.65 255.56 259.9 264.67 269.34 274.6 279.25 283.67 287.82 291.05 293.02 294.92 296.83 299.21 301.15 303.08 305.34 307.32 309.11 311.34 313.55 315.41 317.5 319.32 320.78 322.11 323.65 324.91 326.5 327.51 328.37 328.8 329.18 329.95 330.04 330.49 331.35 331.73 332.18 333.2 334.06 333.97 333.76 333.57 333.55 333.66 332.63 330.5 329.79 329.34 327.95 326.74
-9999 -9999 -9999 190.6351 195.4935 199.7738 203.8 206.86 209.86 213.77 217.33 220.78 224.41 228.18 231.54 234.01 236.5 238.59 240.39 243.95 248 252.4 256.81 261.03 265.42 269.59 274.09 278.56 282.64 285.86 288.99 292.07 294.28 296.45 298.76 300.91 303.02 305.46 307.52 309.52 311.89 314.12 316.52 318.13 319.67 321.56 322.89 324.49 325.85 327.06 327.75 328.48 329.13 329.74 331.08 330.65 331.38 332.11 332.33 332.58 332.85 333.14 333.4 333.21 333.04 332.75 331.68 330.4 330.97 328.82 329.07 327.8 326.83
-9999 -9999 -9999 -9999 195.7 200.82 205.3434 207.6118 210.3956 214.1868 218.3 221.8 225.58 229.72 232.81 235.58 238.25 240.41 242.56 245.46 249.63 253.93 257.86 262.02 266.02 269.51 273.52 277.34 281.4 284.72 287.59 290.04 292.54 295.35 297.65 300.56 302.74 305.49 307.42 310.1 312.23 314.55 316.58 318.49 320.14 321.8 323.54 325.34 326.54 327.36 328.23 329.14 329.96 330.53 330.98 331.01 331.19 331.52 332.13 332.95 333.31 333.19 332.84 332.24 330.89 330.7 330.57 329.41 328.76 328.74 327.87 327.38 326.85
-9999 -9999 -9999 -9999 195.9136 201.2143 -9999 207.8235 -9999 214.5 218.49 222.51 226.09 229.72 233.75 237.25 240.2 242.93 245.55 248.54 252.1 255.74 259.48 262.72 266.17 269.03 272.57 276.18 279.98 283.39 286.38 289.02 291.09 293.84 296.53 299.67 302.28 305.1 307.23 310.16 312.17 314.5 316.47 318.66 320.36 322.46 324.13 325.25 326.35 327.56 328.32 329.43 329.99 330.47 331.2 331.68 331.9 331.84 331.72 331.71 332 332.73 332.76 332.31 331.76 329.17 327.16 328.79 330.18 330.13 329.47 326.84 325.62
-9999 -9999 -9999 -9999 -9999 -9999 -9999 -9999 211.4821 214.9694 219.0632 222.31 226.71 230.94 234.44 239.02 242.41 245.67 248.86 251.94 255.2 257.89 260.57 263.65 265.87 268.78 271.92 274.96 278.34 281.73 284.68 287.62 290.27 293.22 296.19 298.94 301.76 304.45 306.79 309.84 312.29 314.25 316.69 318.73 320.77 322.57 323.64 325.21 326.53 327.69 328.7 329.55 330.09 330.61 330.97 331.42 331.9 331.8 331.72 331.58 330.48 330.35 329.6 329.88 329.66 329.23 324.56 326.93 326.32 326.26 326.9 325 323.82
-9999 -9999 -9999 -9999 -9999 -9999 -9999 -9999 -9999 215.42 219.82 224.11 227.2 231.35 235.08 239.83 244.24 248.51 252.14 255.32 258.05 260.59 262.46 263.81 265.68 267.96 270.98 273.29 276.22 279.55 282.87 286.02 288.38 291.3 294.56 297.63 300.66 303.43 306.4 309.36 311.64 313.89 316.65 318.54 320.72 321.96 323.37 325.15 326.4 327.67 328.62 329.35 329.93 330.38 330.42 330.72 331.22 331.16 330.99 330.64 330.39 330.12 329.61 326.53 327.63 326.06 322.6 322.73 322.23 320.35 320.19 319.22 316.19
