layers/wordclim/current/bio_12.asc
ncols         166
nrows         93
xllcorner     -9.4959440078468
yllcorner     36.000324005443
cellsize      0.083333337679505
NODATA_value  -9999
[rows 33 to 65 of 93, columns 73 to 145 of 166]
510.34 475.98 473.25 466.92 457.64 442.83 454.54 466.49 489.48 507.99 511.13 510.47 516.13 518.5 532.91 546.41 547.84 535.21 512.95 494.96 487.72 483.06 458.09 456.32 456.43 429.33 469.09 527.61 537.36 496.28 469.7 446.71 418.32 426.14 439.15 458.24 448.95 441.13 434.98 451.12 486.45 498.72 500.96 524.89 530.07 556.13 522.48 546.76 570.79 583.03 593.59 584.22 -9999 -9999 -9999 -9999 -9999 -9999 -9999 -9999 -9999 -9999 -9999 -9999 -9999 -9999 -9999 -9999 -9999 -9999 -9999 -9999 -9999
452.41 461.64 449.98 432.87 440.3 458.28 481 490.2 485.96 491.34 500.66 511.98 518.84 493.59 514.94 517.12 540.4 505.45 508.65 514.29 503.9 495.38 472.34 464.15 440.88 427.53 464.66 485.28 510.27 480.93 486.3 473.36 459.69 459.73 480.29 472.82 474.12 465.16 456.22 498.09 525.54 523.09 525.89 548.69 585.44 589.06 533.76 547.9 603.4 572.1818 -9999 -9999 -9999 -9999 -9999 -9999 -9999 -9999 -9999 -9999 -9999 -9999 -9999 -9999 -9999 -9999 -9999 -9999 -9999 -9999 -9999 -9999 -9999
461.17 454.29 435.34 416.7 435.15 471.8 479.56 479.38 466.45 470.79 502.71 506.32 492.52 499.56 511.35 507.73 513.16 516.19 515.61 505.27 522.2 523.77 496.61 453.82 432.19 449.23 517.23 528.16 520.74 522.28 530.53 519.6 536 547.21 532.06 523.13 510.38 471.14 492.75 501.94 542.33 543.38 579.18 613.94 663.07 588.02 538.78 545.88 560.06 545.2817 -9999 -9999 -9999 -9999 -9999 -9999 -9999 -9999 -9999 -9999 -9999 -9999 -9999 -9999 -9999 -9999 -9999 -9999 -9999 -9999 -9999 -9999 -9999
447.31 445.71 419.64 425.41 468.89 469.31 471.4 489.66 456.35 440.2 447.3 463.85 496.31 544.01 557.64 565.43 542.24 542.74 556.73 546.06 556.97 537.12 536.64 473.82 435.45 469.98 534.94 514.38 518.48 539.4 557.78 557.92 540.56 555.28 542.77 532.56 503.45 506.57 516.23 549.89 590.64 606.47 647.68 619.29 604.33 554.75 546.3 544.31 538.0825 543.1183 548.5814 551.8261 -9999 -9999 -9999 -9999 -9999 -9999 -9999 -9999 -9999 -9999 -9999 -9999 -9999 -9999 -9999 -9999 -9999 -9999 -9999 -9999 -9999
437.19 434.28 411.85 445.97 456.21 452.48 478.75 488.8 448.09 466.1 488.26 511.5 515.03 531.25 553.45 570.2 572.18 568 570.51 584.16 613.56 568.4 565.51 523.14 464.48 440.58 511.56 505.48 489.27 506.2 554.15 557.49 577.01 595.83 590.78 608.88 552.39 537.43 530.53 559.6 597.76 599.66 589.6 562.13 541.43 542.68 552.53 571.8298 -9999 -9999 -9999 -9999 -9999 -9999 -9999 -9999 -9999 -9999 -9999 -9999 -9999 -9999 -9999 -9999 -9999 -9999 -9999 -9999 -9999 -9999 -9999 -9999 -9999
432.16 420.7 443.41 458.05 438.15 460.62 477.59 466.17 437.68 471.74 475.58 482.7 473.83 485.08 509.8 541.39 566.55 621.91 612.16 628.91 650.19 611.6 580.11 549.3 485.87 437.21 469.12 499.26 466.73 516.21 613.77 570.92 597.5 633.34 647.18 679.93 602.53 580.71 562.79 575.81 600.94 578.71 561.17 532.58 531.37 529.89 534.18 -9999 -9999 -9999 -9999 -9999 -9999 -9999 -9999 -9999 -9999 -9999 -9999 -9999 -9999 -9999 -9999 -9999 -9999 -9999 -9999 -9999 -9999 -9999 -9999 -9999 -9999
432.71 448.87 461.25 450.08 451.35 468.66 462.06 439.75 434.09 444.49 433.23 443.61 450.68 491.88 509.96 547.55 577.42 605.13 633.39 631.66 653.28 633.05 584.27 535.18 494.28 449.75 455.67 482.71 464.15 564.82 598.46 612.27 652.45 721.1 714.09 685.32 669.69 611.69 601.24 597.5 592.06 545.74 529.68 528.4 527.05 515.78 515.74 -9999 -9999 -9999 -9999 -9999 -9999 -9999 -9999 -9999 -9999 -9999 -9999 -9999 -9999 -9999 -9999 -9999 -9999 -9999 -9999 -9999 -9999 -9999 -9999 -9999 -9999
447.83 458.81 456.27 440.23 451.45 445.02 422.7 435.51 428.22 466.64 478.74 451.03 476.42 480.38 496.19 513.4 570.84 589.49 619.67 640.1 644.33 606.23 556.55 543.78 528.78 469.09 439.13 426.6 474.3 556.91 568.11 599.75 652.08 740.85 737.01 690.04 646.03 592.72 546.38 551.3 537.53 527.39 511.64 533.33 523.89 515.4097 -9999 -9999 -9999 -9999 -9999 -9999 -9999 -9999 -9999 -9999 -9999 -9999 -9999 -9999 -9999 -9999 -9999 -9999 -9999 -9999 -9999 -9999 -9999 -9999 -9999 -9999 -9999
453.34 451.42 442.11 448.26 442.47 421.43 437.34 459.58 438.67 450.51 474.1 480.68 497.58 505.06 518.11 530.75 574.29 606.19 612.93 595.36 651.64 624.61 602.76 582.44 542.48 509.67 462.57 420.66 479.32 537.8 500.83 515.83 590.07 660.18 638.34 646.69 621.27 589.4 531.05 519.11 530.42 532.49 493.89 499 522.4268 -9999 -9999 -9999 -9999 -9999 -9999 -9999 -9999 -9999 -9999 -9999 -9999 -9999 -9999 -9999 -9999 -9999 -9999 -9999 -9999 -9999 -9999 -9999 -9999 -9999 -9999 -9999 -9999
438.25 440.53 443.44 435.28 419.18 423.59 464.87 470.62 456.11 487.82 482.7 485.42 492.72 515.94 544.78 518.13 570.64 574.49 580.18 611.44 610.23 608.2 567.69 607.9 517.33 494.38 442.89 461.91 536.98 530.92 478.82 472.54 504.64 537.15 571.34 549.82 571.35 564.19 495.99 474.46 492.43 496.14 493.06 472.7763 -9999 -9999 -9999 -9999 -9999 -9999 -9999 -9999 -9999 -9999 -9999 -9999 -9999 -9999 -9999 -9999 -9999 -9999 -9999 -9999 -9999 -9999 -9999 -9999 -9999 -9999 -9999 -9999 -9999
448.88 442.54 427.01 412.74 420.87 438.86 469.84 478.11 474.93 492.06 500.89 504.29 525.37 527.14 526.72 529.24 564.54 580.68 588.45 573.26 569.99 549.49 551.99 562.89 509.69 434.41 449.14 522.08 646.34 628.25 529.31 479.99 479.14 480.86 485.93 511.41 509.4 503.43 485.11 465.65 483.24 494.23 473.1932 -9999 -9999 -9999 -9999 -9999 -9999 -9999 -9999 -9999 -9999 -9999 -9999 -9999 -9999 -9999 -9999 -9999 -9999 -9999 -9999 -9999 -9999 -9999 -9999 -9999 -9999 -9999 -9999 -9999 -9999
420.56 416.46 422.06 435.32 442.32 450.22 466.65 476.73 481.54 491.21 509.17 511.94 535.55 525.41 509.02 527.42 544.18 563.63 540.16 534.33 548.98 521.12 528.91 557.67 510.6 442.95 485.16 565.65 650.41 616.64 546.29 523.72 499.49 510.52 479.68 478.34 467.45 458.4 444.97 455.08 467.23 466.6866 -9999 -9999 -9999 -9999 -9999 -9999 -9999 -9999 -9999 -9999 -9999 -9999 -9999 -9999 -9999 -9999 -9999 -9999 -9999 -9999 -9999 -9999 -9999 -9999 -9999 -9999 -9999 -9999 -9999 -9999 -9999
443.65 441.24 447.44 450.88 451.56 454.16 465.09 476.29 467.75 474.85 494.12 502.78 514.45 510.59 521.04 528.31 531.85 536.55 509.69 505.46 502.12 517.07 521.75 511.78 487.08 464.62 450.91 481.52 533.67 577.21 624.56 569.1 505.3 485.6 480.12 498.76 486.1 455.9 435.83 433.65 434.9588 -9999 -9999 -9999 -9999 -9999 -9999 -9999 -9999 -9999 -9999 -9999 -9999 -9999 -9999 -9999 -9999 -9999 -9999 -9999 -9999 -9999 -9999 -9999 -9999 -9999 -9999 -9999 -9999 -9999 -9999 -9999 -9999
437.87 440.85 443.68 444.81 444.01 451.66 460.89 464.67 467.5 474.34 477.3 493.71 496.26 489.67 518.72 531.25 535.53 530.7 505.21 510.61 484.16 511.69 532.7 502.03 474.61 484.43 471.52 446.28 469.31 499.51 541.97 564.85 508.89 476.85 454.4 458.76 493.23 486.9 449.97 431.4546 -9999 -9999 -9999 -9999 -9999 -9999 -9999 -9999 -9999 -9999 -9999 -9999 -9999 -9999 -9999 -9999 -9999 -9999 -9999 -9999 -9999 -9999 -9999 -9999 -9999 -9999 -9999 -9999 -9999 -9999 -9999 -9999 -9999
429.93 435.48 436.69 434.74 440.39 444.4 461.35 468.3 472.28 462.46 469.46 485.01 484.72 475.23 489.58 502.44 519.51 517.92 498.36 495.44 486.07 476.19 476.64 469.21 482.63 488.14 457.36 428.18 439.33 460.68 482.11 471.81 483.45 482.92 482.12 460.03 451.87 458.88 436.57 -9999 -9999 -9999 -9999 -9999 -9999 -9999 -9999 -9999 -9999 -9999 -9999 -9999 -9999 -9999 -9999 -9999 -9999 -9999 -9999 -9999 -9999 -9999 -9999 -9999 -9999 -9999 -9999 -9999 -9999 -9999 -9999 -9999 -9999
429.77 428.96 431.63 432.83 436.92 440.34 451.81 456.64 467.67 458.4 467.8 482.6 478.13 462.27 466.91 491.82 502.02 500.4 495.57 484.25 467.71 449.34 445.85 459.85 498.84 466.48 462.01 451.05 432.81 414.61 422.81 425.17 424.44 431.51 452.69 483.64 462.45 444.65 436.0526 -9999 -9999 -9999 -9999 -9999 -9999 -9999 -9999 -9999 -9999 -9999 -9999 -9999 -9999 -9999 -9999 -9999 -9999 -9999 -9999 -9999 -9999 -9999 -9999 -9999 -9999 -9999 -9999 -9999 -9999 -9999 -9999 -9999 -9999
430.7 422.82 423.8 427.81 430.2 443.62 456.48 446.38 449.2 461.24 453.33 470.38 469.97 459.38 457.39 460.81 472.38 475.1 475.24 477.42 477.68 454.27 436.12 461.08 468.61 449.55 465.44 496.63 486.89 448.04 416.39 413.18 412.84 420.01 431.74 442.96 449.99 441.9575 -9999 -9999 -9999 -9999 -9999 -9999 -9999 -9999 -9999 -9999 -9999 -9999 -9999 -9999 -9999 -9999 -9999 -9999 -9999 -9999 -9999 -9999 -9999 -9999 -9999 -9999 -9999 -9999 -9999 -9999 -9999 -9999 -9999 -9999 -9999
422.58 420.32 420.48 422.83 424.94 429.94 439.13 432.87 438.32 450.81 450.59 448.77 447.85 448.79 462.1 457.58 445.97 449.25 449.73 452.79 450.22 445.5 423 439.73 447.32 445.91 439.96 456.16 463.75 476.61 481.33 440.54 421.1 425.26 434.48 444.78 439.47 -9999 -9999 -9999 -9999 -9999 -9999 -9999 -9999 -9999 -9999 -9999 -9999 -9999 -9999 -9999 -9999 -9999 -9999 -9999 -9999 -9999 -9999 -9999 -9999 -9999 -9999 -9999 -9999 -9999 -9999 -9999 -9999 -9999 -9999 -9999 -9999
419.5 418.13 422.43 429.56 423.53 420.94 424.42 424.74 425.81 429.77 430.43 436.29 434.37 445.73 454.56 437.2 434.88 435.6 436.8 431.32 432.43 423.75 403.2 420.19 427.37 420.28 419.11 433.05 458.11 470.41 476.5 451.88 431.05 431.95 437.1 442.46 442.98 -9999 -9999 -9999 -9999 -9999 -9999 -9999 -9999 -9999 -9999 -9999 -9999 -9999 -9999 -9999 -9999 -9999 -9999 -9999 -9999 -9999 -9999 -9999 -9999 -9999 -9999 -9999 -9999 -9999 -9999 -9999 -9999 -9999 -9999 -9999 -9999
418.39 414.83 416.54 420.36 416.77 415.4 417.83 418.05 419.4 420.56 420.53 421.14 422.04 427.33 426.16 420.64 424.5 423.9 424.15 421.36 418.9 419.49 411.37 387.78 389.03 400 408.16 432.3 444.07 453.59 449.5 430.53 429.58 435.86 445.11 442.53 445.41 -9999 -9999 -9999 -9999 -9999 -9999 -9999 -9999 -9999 -9999 -9999 -9999 -9999 -9999 -9999 -9999 -9999 -9999 -9999 -9999 -9999 -9999 -9999 -9999 -9999 -9999 -9999 -9999 -9999 -9999 -9999 -9999 -9999 -9999 -9999 -9999
416.65 413.65 413.88 414.42 413.8 414.6 415.63 417.1 417.74 419.59 417.4 418.51 418.44 417.99 416.93 415.78 411.04 410.86 409.7 407.92 409.94 409.34 413.52 418.3 414.15 407.18 408.99 416.43 433.37 449.63 438.03 451.02 459.08 437.23 443.02 443.48 447.93 458.6825 -9999 -9999 -9999 -9999 -9999 -9999 -9999 -9999 -9999 -9999 -9999 -9999 -9999 -9999 -9999 -9999 -9999 -9999 -9999 -9999 -9999 -9999 -9999 -9999 -9999 -9999 -9999 -9999 -9999 -9999 -9999 -9999 -9999 -9999 -9999
417.29 416.65 416.56 416.83 416.11 415.63 417.17 419.43 422.44 424.84 423.74 423.66 416.33 411.4 407.95 406.51 401.85 400.16 397.48 396.11 397.76 401.8 401.22 406.34 417.99 430.74 442.64 431.4 414.29 468.56 479.58 451.23 442.61 444.71 429.21 438.49 450.47 463.7273 -9999 -9999 -9999 -9999 -9999 -9999 -9999 -9999 -9999 -9999 -9999 -9999 -9999 -9999 -9999 -9999 -9999 -9999 -9999 -9999 -9999 -9999 -9999 -9999 -9999 -9999 -9999 -9999 -9999 -9999 -9999 -9999 -9999 -9999 -9999
419.38 418.87 418.86 419.4 419.72 422.75 428.63 432.15 436.19 435.32 435.21 438.35 427.09 414.71 405.39 399.42 396.43 392.88 391.26 389.57 391.41 393.67 405.27 419.38 442.05 470.9 466.7 453.86 427.2 488.18 474.79 433.79 428.56 428.92 423.34 437.16 470.07 480.03 -9999 -9999 -9999 -9999 -9999 -9999 -9999 -9999 -9999 -9999 -9999 -9999 -9999 -9999 -9999 -9999 -9999 -9999 -9999 -9999 -9999 -9999 -9999 -9999 -9999 -9999 -9999 -9999 -9999 -9999 -9999 -9999 -9999 -9999 -9999
422.3 425.83 428.1 429.87 433.36 441.14 455.89 458.73 458.4 457.65 452.73 458.69 449.6 428.69 406.86 395.78 391.14 387.3 385.19 386.34 395.85 417.62 432.56 458.37 481.56 502.28 481.72 461.76 440.84 489.76 477.69 452.56 433.34 424.9 426.86 441.58 485.62 503.15 490.679 -9999 -9999 -9999 -9999 -9999 -9999 -9999 -9999 -9999 -9999 -9999 -9999 -9999 -9999 -9999 -9999 -9999 -9999 -9999 -9999 -9999 -9999 -9999 -9999 -9999 -9999 -9999 -9999 -9999 -9999 -9999 -9999 -9999 -9999
428.9 433.94 444.26 449.54 457.96 461.51 454.58 461.98 467.21 474.08 478.13 482.06 466.9 438.03 411.46 396.65 389.47 384.13 383.19 391.25 422.78 446.34 453.66 476.7 477.54 463.6 460.14 457.98 472.14 509.77 485.22 459.95 442.53 433.66 441.15 454.9 491.7 516.42 498.25 506.1607 -9999 -9999 -9999 -9999 -9999 -9999 -9999 -9999 -9999 -9999 -9999 -9999 -9999 -9999 -9999 -9999 -9999 -9999 -9999 -9999 -9999 -9999 -9999 -9999 -9999 -9999 -9999 -9999 -9999 -9999 -9999 -9999 -9999
434.65 439.45 446.83 452.77 454.9 466.98 467.54 462.11 468.97 470.91 473.96 478.71 472.09 447.06 424.46 405.54 395.53 386.2 391.36 401.66 415.91 432.45 445.47 454.72 454.23 452.67 452 444.9 453.19 478.72 470.87 446.84 459.32 458.67 443.98 459.05 493.14 518.99 525.74 522.22 536.3582 -9999 -9999 -9999 -9999 -9999 -9999 -9999 -9999 -9999 -9999 -9999 -9999 -9999 -9999 -9999 -9999 -9999 -9999 -9999 -9999 -9999 -9999 -9999 -9999 -9999 -9999 -9999 -9999 -9999 -9999 -9999 -9999
445.01 454.43 453.62 451.28 454.99 467.29 472.16 473.14 473.38 475.26 474.41 471.39 462.01 456.33 444.67 436.2 429.9 411.18 415.57 415.33 422.39 435.09 444.25 448.88 446.36 439.73 456.18 471.34 469.49 454.24 439.02 467.32 475.85 471.53 504.49 512.8 499.15 549.44 561.22 556.07 550.77 569.01 583 -9999 -9999 -9999 -9999 -9999 -9999 -9999 -9999 -9999 -9999 -9999 -9999 -9999 -9999 -9999 -9999 -9999 -9999 -9999 -9999 -9999 -9999 -9999 -9999 -9999 -9999 -9999 -9999 -9999 -9999
455.22 457.72 458.71 458.12 458.97 464.49 471.28 481.4 476.65 463.44 462.9 480.2 497.13 507.39 505.14 500.68 470.73 437.83 418.69 426.32 421.1 422.87 423.65 425.59 446.46 433.13 431.6 442.12 448.1 421.23 446.45 471.39 493.3 529.64 541.29 519.14 523.48 585.7 570.84 574.15 562.78 560.48 568.2651 -9999 -9999 -9999 -9999 -9999 -9999 -9999 -9999 -9999 -9999 -9999 -9999 -9999 -9999 -9999 -9999 -9999 -9999 -9999 -9999 -9999 -9999 -9999 -9999 -9999 -9999 -9999 -9999 -9999 -9999
462.26 468.96 477.13 469.4 465.78 464.53 478.71 464.74 460.77 432.16 467.79 518.57 545.58 507.77 511.84 489.28 458.82 428.74 412.14 398.58 395.78 397.54 399.46 407.23 424.01 437.62 430.33 417.3 422.08 416.58 417.8 458.34 508.8 506.3 559.41 562.56 566.34 570.52 574.63 511.95 527.2763 -9999 -9999 -9999 -9999 -9999 -9999 -9999 -9999 -9999 -9999 -9999 -9999 -9999 -9999 -9999 -9999 -9999 -9999 -9999 -9999 -9999 -9999 -9999 -9999 -9999 -9999 -9999 -9999 -9999 -9999 -9999 -9999
484.19 480.36 477.5 469.35 457.04 472.97 456.74 432.22 431.8 459.68 536.14 554.45 553.42 508.92 464.11 444.49 419.53 393.72 386.85 386.29 374.36 364.34 372.28 391.31 396.99 415.04 422.81 404.62 422.07 445.55 415.32 435.8 514.49 483.8 493.3 469.55 511.44 460.69 465.6778 477.5555 -9999 -9999 -9999 -9999 -9999 -9999 -9999 -9999 -9999 -9999 -9999 -9999 -9999 -9999 -9999 -9999 -9999 -9999 -9999 -9999 -9999 -9999 -9999 -9999 -9999 -9999 -9999 -9999 -9999 -9999 -9999 -9999 -9999
483.42 472.42 461.89 464.12 464.3 453.32 429.04 425.06 447.17 468.22 482.64 521.95 527.18 467.61 436.84 414.27 387.51 392.16 373.26 353.2 347.33 352.33 369 389.14 383.53 385.4 404.99 444.61 429.75 418.3 407.32 396.5 443.57 422.57 401.77 389.94 409.2703 -9999 -9999 -9999 -9999 -9999 -9999 -9999 -9999 -9999 -9999 -9999 -9999 -9999 -9999 -9999 -9999 -9999 -9999 -9999 -9999 -9999 -9999 -9999 -9999 -9999 -9999 -9999 -9999 -9999 -9999 -9999 -9999 -9999 -9999 -9999 -9999
470.03 450.66 445.91 449.12 443.49 430.05 406.52 414.36 434.55 444.83 502.62 533.35 483.36 409.34 386.15 393.37 391.75 367.6 347.72 353.78 344.89 341.58 346.48 345.01 363.31 379.13 376.54 402.23 406.17 428.29 396.11 362.14 360.28 361.6 348.05 355.5 -9999 -9999 -9999 -9999 -9999 -9999 -9999 -9999 -9999 -9999 -9999 -9999 -9999 -9999 -9999 -9999 -9999 -9999 -9999 -9999 -9999 -9999 -9999 -9999 -9999 -9999 -9999 -9999 -9999 -9999 -9999 -9999 -9999 -9999 -9999 -9999 -9999
436.29 435.36 448.36 446.4 427.36 398.06 439.82 480.36 442.49 526.44 563.14 500.58 487.49 447.84 455.84 470.12 468.95 424.03 386.86 341.1 327.41 334.26 327.6 320.01 341.5 360.81 405.05 398.93 384.85 394.29 385.08 349.15 331.66 330.28 328.0526 -9999 -9999 -9999 -9999 -9999 -9999 -9999 -9999 -9999 -9999 -9999 -9999 -9999 -9999 -9999 -9999 -9999 -9999 -9999 -9999 -9999 -9999 -9999 -9999 -9999 -9999 -9999 -9999 -9999 -9999 -9999 -9999 -9999 -9999 -9999 -9999 -9999 -9999
