layers/wordclim/current/bio_12.asc
ncols         166
nrows         93
xllcorner     -9.4959440078468
yllcorner     36.000324005443
cellsize      0.083333337679505
NODATA_value  -9999
[rows 0 to 32 of 93, columns 0 to 72 of 166]
-9999 -9999 -9999 -9999 -9999 -9999 -9999 -9999 -9999 -9999 -9999 -9999 -9999 -9999 -9999 -9999 -9999 1046.585 1125.833 1012.836 1007.015 1015.102 983.3623 972.1818 -9999 -9999 -9999 -9999 -9999 -9999 -9999 -9999 -9999 -9999 -9999 -9999 -9999 -9999 -9999 -9999 -9999 -9999 -9999 -9999 -9999 -9999 -9999 -9999 -9999 -9999 -9999 -9999 -9999 -9999 -9999 -9999 -9999 -9999 -9999 -9999 -9999 -9999 -9999 -9999 -9999 -9999 -9999 -9999 -9999 -9999 -9999 -9999 -9999
-9999 -9999 -9999 -9999 -9999 -9999 -9999 -9999 -9999 -9999 -9999 -9999 -9999 -9999 -9999 -9999 1038.121 1051.347 1079.74 1030.68 1081.51 1082.79 1005.818 1052.96 1029.65 966.8866 -9999 -9999 -9999 -9999 -9999 -9999 -9999 -9999 -9999 -9999 -9999 -9999 -9999 -9999 -9999 -9999 -9999 856.2656 852.9231 -9999 -9999 -9999 -9999 -9999 -9999 -9999 -9999 -9999 -9999 -9999 -9999 -9999 -9999 -9999 -9999 -9999 -9999 -9999 -9999 -9999 -9999 -9999 -9999 -9999 -9999 -9999 -9999
-9999 -9999 -9999 -9999 -9999 -9999 -9999 -9999 -9999 -9999 -9999 -9999 -9999 -9999 1044.963 1026.274 1044.253 1059.18 1080.97 1129.31 1154.7 1127.76 1083.21 1122.22 993 935.79 920.4105 915.5696 902.8169 863.9272 863.6125 859.8333 867.9211 839.9611 871.7975 848 853.0959 874.0555 886.8182 874.8866 866.9231 862.3333 852.7475 850.84 858.1 833.7532 831 849.4 850.983 -9999 -9999 -9999 -9999 -9999 -9999 -9999 -9999 -9999 -9999 -9999 -9999 -9999 -9999 -9999 -9999 -9999 -9999 -9999 -9999 -9999 -9999 -9999 -9999
-9999 -9999 -9999 -9999 -9999 -9999 -9999 -9999 -9999 -9999 -9999 -9999 -9999 -9999 -9999 -9999 1094.919 1155.15 1168.27 1126.76 1153.53 1189.58 1198.32 1184.02 1086.24 984.26 930.79 961.24 894.49 885.0202 926.78 940.19 937.88 879.8 951.46 900.86 874.8 898.01 934.68 879.38 846.8182 880.57 890.83 868.67 854.24 851.25 869.59 869.94 832.33 840.26 843.67 851.1411 826.5769 819.8813 828.3 -9999 -9999 -9999 -9999 -9999 -9999 -9999 -9999 -9999 -9999 -9999 -9999 1044.507 -9999 1083.508 1110.438 1115.161 1132
-9999 -9999 -9999 -9999 -9999 -9999 -9999 -9999 -9999 -9999 -9999 -9999 -9999 -9999 1048.806 1047.75 1107.46 1164.73 1166.89 1179.7 1139.91 1134.3 1119.67 1142.15 1093.94 1057.58 1006.39 943.88 935.62 994.75 1043.45 985.94 926.01 939.67 958.79 890.34 926.18 950.92 891.79 853.83 849.91 832.13 833.57 861.19 845.91 843.81 847.06 840.66 834.01 827.6 823.82 802.32 803.6 835.46 843.7 857.73 887.46 866.2021 856.9136 851.0822 861.3506 874.7692 898.5972 928.6627 949.6735 961.78 992.54 1017.24 1041.729 1055.59 1081.56 1093.55 1097.131
-9999 -9999 -9999 -9999 -9999 -9999 1051.333 1044.037 1073.662 -9999 1108.041 1113.458 1111.61 1071.354 1064.45 -9999 1127.16 1175.11 1220.57 1183.36 1138.64 1105.75 1083.7 1046.63 1050.37 1025.8 1010.79 948.19 1022.93 1033.18 1003.63 914.22 935.11 1005.01 984.09 901.86 868.78 868.88 893.91 867.71 876.86 873.79 856.46 838.14 838.44 831.06 833.92 850.86 850.46 828.45 854.96 830.32 813.39 855.43 894.92 891.04 862.07 889.55 857.62 874.18 865.18 886.55 897.54 909.53 935.48 943.62 964.88 987.42 1015.97 1038.79 1052.22 1064.11 1071.3
-9999 -9999 -9999 -9999 -9999 -9999 1076.329 1086.79 1105.75 1113.86 1161.73 1257.89 1236.14 1194.13 1133.18 1133.75 1195.07 1207.24 1216.89 1176.72 1148.48 1090.78 1067.01 1028.65 1009.63 1009.1 1022.84 981.8 999.32 1005.41 947.27 897.32 976.19 1018.65 922.2 878.65 879.03 946.03 914.91 923.99 917.25 857.28 951.07 861.72 811.72 829.99 834.05 822.44 827.69 831.18 902.84 861.51 844.85 922.96 1100.5 1011.01 1054.16 1024.43 867.45 904.22 884.49 876.61 882.2 909.2 911.65 916.13 940.44 957.58 974.75 1010.43 1053.63 1033.34 1034.44
-9999 -9999 -9999 -9999 1003.28 1076.4 1103.8 1180.33 1231.32 1243.54 1297.16 1293.86 1275.14 1282.8 1249.54 1261.76 1269.99 1241.21 1226.58 1176.16 1147.64 1109.37 1051.52 1026.48 1014.03 1021.41 1037.61 984.57 1048.35 994.71 994.86 921.87 963.98 990.52 920.58 890.09 955.03 1021.93 920.6 973 927.62 942.53 858.83 849.52 806.76 843.92 827.74 825.86 878.84 919.71 883.03 908.62 945.85 887.21 978.53 1028.5 975.92 849.97 817.6 847.66 954.75 906.44 894.45 899.17 904.29 889.82 923.32 921.11 944.67 1000.94 1022.21 1014.5 1010.64
-9999 -9999 -9999 987.2783 1042.62 1149.51 1180.77 1231.76 1267.33 1303.2 1305.12 1312.16 1277.99 1281.31 1275.14 1260.34 1256.15 1256.59 1271.75 1214.01 1145.23 1115 1062.09 1036.81 1037.11 1026.27 1047.5 1037.91 971.71 962.07 895.42 893.43 977.08 1024.74 923.39 1003.78 983.47 1122.24 1118.77 1068.02 1140.07 1034.22 1077.37 880.15 815.4 973.72 987.02 934.98 982.2 1002.06 911.11 961.75 900.2 876.95 948.88 943.68 1033.58 1018.27 944.82 888.72 921.03 1018.76 961.25 891.84 886.82 885.13 896.87 901.46 920.59 928.02 926.26 935.18 946.35
-9999 -9999 -9999 977.9177 1103.374 1168.86 1216.51 1245.69 1266.19 1294.83 1305.74 1307.98 1311.7 1316.24 1309.86 1292.98 1255.91 1271.65 1247.48 1230.85 1162.96 1141.44 1094.59 1021.89 988.44 981 1024.2 999.78 988.85 901.64 897.84 952.67 946.86 1003.1 1006.69 1043.43 1085.28 1003.92 989.21 976.89 1004.43 943.82 946.4 977.43 919.59 891.58 919.41 875.51 930.01 881.97 811.53 857.5 859.72 847.55 832.24 895.38 990.51 1009.8 967.43 891.8 861.46 984.16 935.74 849.04 840.95 844.98 849.12 859.69 867.97 873.71 873.97 874.12 888.4
-9999 -9999 -9999 -9999 1063.638 1203.77 1225.52 1226.8 1281.95 1255.08 1241.73 1330.78 1371.94 1312.12 1297.93 1274.58 1219.22 1207.9 1200.44 1189.65 1178.16 1114.53 1054.31 1002.86 963.87 966.57 979.92 1011.48 937.07 910.52 972.82 1058.34 1124.13 1098.87 997.37 998.55 966.5 993.48 1071 1004.29 1030.5 1016.06 917.29 835.22 923.47 831.97 808.17 789.83 835.48 773.03 763.37 812.78 782.93 821.68 793.23 862.13 870.2 872.78 868.61 808.88 791.88 799.59 805.68 798.92 805.92 804.82 821.78 808.79 820.25 820.07 839.99 840.39 838.15
-9999 -9999 -9999 -9999 1064.5 1110.359 1135.773 1160.648 1356.96 1292.76 1272.96 1267.75 1310.02 1274.53 1261.52 1314.59 1269.73 1258.8 1249.82 1186.68 1179.14 1126.64 1033.05 1048.64 1017.61 943.21 1021.5 1028.01 977.36 977.39 995.6 1142.18 1022.93 934.06 847.76 851.21 940.7 1031.45 1020.7 986.34 898.75 829.77 777.94 757.69 737.76 759.15 701.25 690.24 709.83 692.48 700.73 711.61 712.55 736.5 720.76 757.36 782.75 748.74 751.93 764.32 752.09 749.24 741.24 748.1 767.57 756.97 763.17 785.74 778.44 792.56 812.27 801.14 806.17
-9999 -9999 -9999 -9999 -9999 -9999 1306.413 1244.05 1301.66 1253.27 1311.48 1357.67 1335.24 1406.51 1365.8 1340.96 1336.43 1286.88 1283.25 1266.85 1156.17 1064.25 1098.74 1082.27 1016.55 999.35 1052.18 1118.71 1112.53 1048.62 971.86 1004.41 880 799.11 791.32 769 816.96 826.19 802.64 805.74 827.04 802.05 744.14 696.93 673.77 675.17 636.93 628.73 645.13 628.52 658.08 647.87 662.22 664.58 681.8 701.07 704.48 705.12 698.27 711.24 697.43 704.97 704.48 726.65 734.98 735.32 734.87 741.39 739.43 755.13 778.71 766.56 740.59
-9999 -9999 -9999 -9999 -9999 1141.254 1254.617 -9999 -9999 1338.24 1347.32 1427.76 1462.77 1478.24 1477.97 1367.45 1330.87 1328.95 1307.32 1280.31 1144.85 1061.41 1064.18 1018.02 926.17 980.01 1062.65 1031.51 1051.86 1083.46 959.62 872.42 789.95 725.4 699.44 703.32 695.09 698 726.41 766.72 723.35 682.79 668.5 637.56 623.8 613.16 578.1 578.35 584.44 590.12 604.37 601.72 626.7 616.98 643.01 656.29 655.05 661.09 650.88 662.17 658.88 653.48 663 683.68 688.57 699.57 702.16 709.47 713.38 724.69 722.72 707.9 693.82
-9999 -9999 -9999 -9999 -9999 -9999 -9999 1187 1260.615 1310.65 1390.46 1455.6 1480.07 1474.03 1478.72 1428.19 1363.22 1352.42 1329.5 1243.08 1163.18 1055.16 1023.14 921.04 902.41 922.77 969.37 973.88 1041.86 1026.13 938.5 801.45 729.37 681.72 671.92 686.35 767.89 813.48 812.54 769.59 687.39 643.43 625.86 591.61 577.12 563.06 547.03 543.38 545.05 554.29 561.96 579.29 587.23 580.26 601.09 614.41 608.81 618.62 619.16 618.01 624.99 619.64 622.07 628.81 634.65 640.8 652.24 673.13 672.49 674.83 662.93 664.32 685.41
-9999 -9999 -9999 -9999 -9999 -9999 -9999 1247.625 1327.533 1444.539 1386.98 1462.24 1514.1 1537.6 1470.27 1375.81 1295.92 1234.15 1182.6 1144.96 1097.87 1048.16 984.63 946.46 972.08 950.51 911.65 887.07 982.07 908.28 844.53 774.37 729.12 786.79 872.52 829.37 891.21 890.34 771.04 691.6 639.84 604.22 591.07 559.82 548.1 537.02 526.42 517.39 519.5 527.57 539.01 549.95 552.23 549.16 564.96 578.59 574.86 572.81 577.13 579.96 581.02 584.72 590.58 593.05 597.63 603.61 621.35 630.75 626.89 625.72 632.14 645 653
-9999 -9999 -9999 -9999 -9999 -9999 -9999 -9999 -9999 1451.573 1436.011 1478.45 1489.54 1537.72 1477.94 1327.35 1177.58 1160.27 1079.78 1019.31 1002.93 1133.05 1137.83 1049.1 1009.29 1068.01 1040.82 861.47 816.72 918.63 921.33 819.62 921.19 925.93 863.57 1007.01 1000.74 894.39 747.63 684.24 632.95 587.13 554.72 536.75 525.62 515.84 507.48 497.75 503.06 509.47 513.49 521.26 520.65 521.3 532.65 543 544.23 541.56 544.23 545.94 550.24 551.78 555.42 559.28 566.22 580.3 589.89 590.41 587.98 585.7 595.56 616.19 631.46
-9999 -9999 -9999 -9999 -9999 -9999 -9999 -9999 1370.526 1479.576 -9999 1513.1 1504.18 1485.22 1513.1 1355.22 1142.73 1121.79 1134.52 1018.23 1017.89 1109.94 1103.38 1177.84 1177.37 1149.29 1183.34 956.34 896.43 949.01 1039.35 1045.44 1055.69 1020.87 932.05 824.53 847.25 907.26 797.42 675.69 602.03 565.96 537.86 517.85 506.07 496.92 489.46 480.18 490.2 497.43 491.75 493.42 493.53 497.66 504.99 510.96 515.52 516.55 514.07 516.94 519.4 525.15 528.75 535.56 547.02 564.57 560.66 555.72 559.87 566.47 581.67 595.8 621.28
-9999 -9999 -9999 -9999 -9999 -9999 -9999 -9999 -9999 1437.154 1493.53 1429.43 1381.65 1445.74 1432.6 1284.32 1187.26 1172.27 1132.46 1128.59 1109.22 1108.55 1064.03 1187.58 1264.06 1274.58 1293.98 1114.38 938.68 1005.68 1044.47 1135.89 1218.15 1147.84 1023.47 992.12 920.95 804.59 739.06 649.04 594.7 556.99 534.35 505.4 488.19 479.36 472.03 464.95 473.86 472.59 470.14 470.32 472.83 480 483.21 485.62 487.16 492.8 491.84 490.04 493.47 502.89 507.82 520.09 532.83 527.1 528.57 535.28 540.02 547.35 560.13 580.03 627.01
-9999 -9999 -9999 -9999 -9999 -9999 -9999 -9999 1360.615 1534.76 1367.27 1370.8 1311.47 1388.71 1233.08 1280.81 1315.6 1361.67 1283.42 1250.09 1208.72 1118.41 1108.15 1124.97 1181.49 1227.27 1163.67 1044.77 968.51 1045.94 1098.46 1163.92 1114.85 917.42 826.29 802.73 771.33 710.88 647.77 593.24 568.43 535.25 511.13 495.59 471.55 464.82 454.85 451.86 451.64 449.24 451.99 452.26 459.15 465.49 463.82 465.66 464.86 463.47 468.96 464.97 482.29 497.04 497.61 504.28 498.94 510.75 510.86 516.63 524.54 537.02 555.9 581.49 576.03
-9999 -9999 -9999 -9999 -9999 -9999 -9999 1484.095 1513.29 1413.29 1340.06 1326.48 1339.96 1290.28 1443.6 1538.59 1567.22 1472.16 1360.74 1257.43 1189.15 1139.77 1098.45 1124.77 996.35 1087.1 1072.22 1007.64 1018.46 1034.16 1055.82 1070.1 1048.47 836.55 775.84 737.52 694.84 657.43 612.16 572.54 539.25 512.48 490.08 476.13 461.9 447.95 437.45 436.97 435.82 439.05 434.16 438.75 445.61 446.33 448.68 449.5 448.75 446.48 448.19 447.37 465.38 467.81 468.75 481.15 493.09 500.04 499.64 502.91 508.05 514.66 526.99 542.8 566.86
-9999 -9999 -9999 -9999 -9999 -9999 -9999 1427.733 1340.13 1354.25 1388.61 1527.47 1433.56 1458.72 1611.38 1490.69 1411.64 1320.58 1315.2 1362.5 1342.61 1247.48 1181.55 1084.76 933.17 999.95 1012.42 945.09 951.61 952.86 918.33 914.46 955.6 784.92 738.74 719.89 700.04 640.37 601.15 567.1 537.91 504.25 478.46 458.67 442.41 429.85 424.57 422.89 421.21 420.47 421 426.92 434.62 432.62 435.74 437.93 441.04 447.91 455.92 443.55 440.83 453.38 465.05 476.67 489.94 498.44 496.61 500.42 509.67 517.61 525.6 550.77 566.68
-9999 -9999 -9999 -9999 -9999 -9999 -9999 1325.515 1354.943 1456.64 1427.15 1520.95 1356.4 1350.18 1383.66 1355.48 1321.24 1422.98 1493 1448.42 1396.76 1348.65 1160.53 1088.14 937.12 981.58 1027.93 934.04 897.66 920.64 882.34 835.63 807.92 720.32 708.72 666.66 653.85 636.29 620.64 599.28 558.86 521.2 475.9 454.33 433.08 419.17 410.1 405.73 403.1 403.58 407.88 413.97 419.79 425.02 435.79 443.27 447.94 449.46 446.23 431.91 442.26 452.93 462.11 473.68 483.59 489.6 494.14 494.08 499.77 505.51 510.56 523.23 536.97
-9999 -9999 -9999 -9999 -9999 -9999 -9999 -9999 1400.75 1456.63 1296.73 1339.72 1290.99 1307 1359.41 1491.49 1525.97 1560.81 1405.81 1418.22 1354.35 1310.69 1218.38 1088.22 934.98 976.74 1027.23 913.71 879.24 842.2 854.67 867.65 770.96 693.02 705.49 647.53 626.86 620.09 579.96 543.96 531.83 509.83 467.13 432.33 416.22 406.72 395.61 392.84 395.09 399.67 397.84 402.64 416.21 428.75 435.42 440.42 443.65 437.98 428.31 432.4 443.04 447.11 455.87 462.28 469.36 475.8 473.95 478.71 485.33 486.56 491.69 495.95 504.28
-9999 -9999 -9999 -9999 -9999 -9999 -9999 -9999 1315.433 1296.898 1336.68 1354.13 1378.67 1307.34 1337.57 1365.36 1358.03 1306.8 1370.78 1405.14 1369.6 1259.61 1128.12 1019.05 1003.5 1055.55 961.3 871.86 815.79 835.05 867.4 908.82 775.62 734.64 678.94 632.34 635.62 616.16 579.07 538.98 501.98 480.47 454.28 424.79 403.51 391.11 383.19 379.86 383.22 387.91 393.68 406.3 415.55 420.21 427.79 434.03 434.62 425.6 432.49 435.57 438.78 441.69 450.22 459.09 463.06 470.52 457.68 457.27 463.33 471.23 472.93 480.27 488.12
-9999 -9999 -9999 -9999 -9999 -9999 -9999 -9999 1275.158 1313.34 1314.1 1282.64 1214.02 1213.59 1219.45 1298.87 1311.6 1440.92 1432.95 1357.85 1243.33 1191.46 1093.25 1025.26 1140.78 1002.77 901.67 818.64 781.2 812.05 851.96 842.06 797.39 714.87 664.75 626.99 613.37 590.61 569.9 532.17 504.06 470.4 436.77 411.18 393.24 376.89 371.32 379.25 380.22 384.96 388.2 389.89 398.71 407.9 418.38 425.59 418.8 419.34 426.01 425.93 430.52 437.47 441.85 440.53 442.15 456.94 451.64 464.78 466.16 468.33 468.86 476.54 482.48
-9999 -9999 -9999 -9999 -9999 -9999 -9999 -9999 -9999 1290.48 1253.53 1245.04 1233.09 1297.85 1244.49 1238.31 1344.55 1317.2 1264.61 1236.1 1159.84 1254.96 1197.93 1226.16 1132.65 965.03 855.96 797.89 794.87 816.2 814.39 771.17 737.18 667.15 639.14 613.88 607.29 592.66 549.48 515.75 485.62 467.46 433.66 405.46 380.99 360.68 358.88 366.41 368.31 370.25 372.25 377.46 382.22 393.94 398.46 399.35 404.61 409.05 411.39 429.47 433.01 441.07 448.61 450.49 451.33 456.07 467.99 477.04 476.3 480.26 495.83 494.39 503.19
-9999 -9999 -9999 -9999 -9999 -9999 -9999 -9999 -9999 1248.14 1266.37 1247.19 1274.09 1230.24 1233.8 1257.41 1308.23 1293.95 1125.05 1228.54 1341.22 1325.85 1276.64 1179.39 1072.1 1015.61 953.21 817.4 811.4 864.14 895.99 756.31 694.51 654.88 633.75 609.82 601.65 581.39 533.88 518.13 491.43 453.71 429.18 399.68 373.56 360.88 357.74 363.53 362.86 361.6 361.91 368.83 372.56 378.66 385.72 395.44 399.05 401.83 410.16 423.93 431.99 438.79 445.14 450.79 454.68 457.97 465.32 489.67 517.5 524.22 517.58 487.99 490.85
-9999 -9999 -9999 -9999 -9999 -9999 -9999 -9999 -9999 1233.232 1229.85 1217.76 1207.77 1214.68 1243.72 1222.72 1299.48 1249.23 1141.62 1276.5 1461.58 1271.51 1245.54 1183.11 1060.08 930.48 878.86 850.2 847.77 791.13 804.26 729.53 703.75 719.02 705.11 658.8 605.85 558.22 543.63 525.05 498.77 467.72 436.83 411.5 388.1 379.42 375.08 368.08 368.95 369.25 369.91 370.41 375.2 380.04 387.7 393.68 393.86 396.15 406.6 411.36 412.71 422.2 430.73 438.39 447.48 455.11 457.07 482.63 509.83 499.38 491.86 490.27 495.85
-9999 -9999 -9999 -9999 -9999 -9999 -9999 -9999 -9999 1222.519 1238.88 1226.34 1263.72 1295.2 1251.75 1198.19 1196.43 1131.48 1301.39 1388.73 1232.49 1178.56 1217.18 1085.98 1111.32 958.84 996.2 949.11 808.09 767.63 760.55 705.41 721.85 733.69 688.6 629.75 578.13 568.32 549.28 523.2 498.82 474 452.74 432.33 414.94 404.3 390.77 380.68 371.04 363.84 374.38 372.33 372.88 375.81 377.26 380.73 386.26 393.01 397.59 403.21 408.68 417.05 426.54 438.77 448.92 455.73 464.8 473.12 490.33 481.47 490.18 514.14 550.99
-9999 -9999 -9999 -9999 -9999 -9999 -9999 -9999 -9999 1207.132 1204.9 1205.28 1209.17 1234.17 1203.66 1203.2 1137.34 1304.83 1356.16 1334.2 1098.05 1139.84 1128.01 1002.61 987.8 985.8 1039.14 984.61 791.2 786.48 795.45 744.92 749.23 711.12 677.89 634.62 627.06 597.57 556.32 522.18 493.83 476.7 459.31 450.3 425.95 404.33 396.76 394.9 384.83 374.68 371.66 371.92 371.48 373.49 375.6 377.67 384.43 388.55 398.73 400.6 408.06 417.58 426.88 438.6 450.66 460.18 467.79 478.66 492.53 498.41 501.71 554.01 650.65
-9999 -9999 -9999 -9999 -9999 -9999 -9999 -9999 -9999 -9999 1176.452 1156.85 1164.63 1194.93 1204.7 1165.29 1191.22 1216.23 1186.45 1206.16 1104.83 1124.86 1095.15 1046.69 1038.09 971.43 915.02 868.64 774.32 826.33 807.64 743.75 715.18 704.57 701.38 664.35 630.75 603.19 574.58 539.93 502.18 470.31 451.81 429.95 410.65 398.24 391.25 391.06 385.92 378.26 372.04 373.53 373.74 375.79 375.93 376.87 384.77 387.58 398.88 401.17 406.98 420.09 432.58 440.2 454.05 473.99 492.08 499.34 508.37 534.14 588.24 641.01 630.29
-9999 -9999 -9999 -9999 -9999 -9999 -9999 -9999 -9999 -9999 1148.952 1176.67 1138.87 1152.27 1162.29 1225.68 1379.37 1330.87 1469.31 1414.69 1257.64 1279.69 1211.7 1193.55 1168.99 1099.52 987.48 929.9 799.07 780.83 747.06 721.25 690.94 708.93 700.53 667.05 640.09 606.46 581.43 552.01 517.73 487.51 458.39 432.87 411.34 397.02 394.34 394.34 394.58 389.08 380.68 378.51 378.54 379.06 376.85 380.7 386.17 386.34 397.01 401.56 409.75 424.59 430.21 448.64 470.61 490.69 512.68 586.75 598.02 599.84 522.29 522.54 586.24
