layers/wordclim/current/bio_12.asc
ncols         166
nrows         93
xllcorner     -9.4959440078468
yllcorner     36.000324005443
cellsize      0.083333337679505
NODATA_value  -9999
[rows 0 to 32 of 93, columns 73 to 145 of 166]
-9999 -9999 -9999 -9999 -9999 -9999 -9999 -9999 -9999 -9999 -9999 -9999 -9999 -9999 -9999 -9999 -9999 -9999 -9999 -9999 -9999 -9999 -9999 -9999 -9999 -9999 -9999 -9999 -9999 -9999 -9999 -9999 -9999 -9999 -9999 -9999 -9999 -9999 -9999 -9999 -9999 -9999 -9999 -9999 -9999 -9999 -9999 -9999 -9999 -9999 -9999 -9999 -9999 -9999 -9999 -9999 -9999 -9999 -9999 -9999 -9999 -9999 -9999 -9999 -9999 -9999 -9999 -9999 -9999 -9999 -9999 -9999 -9999
-9999 -9999 -9999 -9999 -9999 -9999 -9999 -9999 -9999 -9999 -9999 -9999 -9999 -9999 -9999 -9999 -9999 -9999 -9999 -9999 -9999 -9999 -9999 -9999 -9999 -9999 -9999 -9999 -9999 -9999 -9999 -9999 -9999 -9999 -9999 -9999 -9999 -9999 -9999 -9999 -9999 -9999 -9999 -9999 -9999 -9999 -9999 -9999 -9999 -9999 -9999 -9999 -9999 -9999 -9999 -9999 -9999 -9999 -9999 -9999 -9999 -9999 -9999 -9999 -9999 -9999 -9999 -9999 -9999 -9999 -9999 -9999 -9999
-9999 -9999 -9999 -9999 -9999 -9999 -9999 -9999 -9999 -9999 -9999 -9999 -9999 -9999 -9999 -9999 -9999 -9999 -9999 -9999 -9999 -9999 -9999 -9999 -9999 -9999 -9999 -9999 -9999 -9999 -9999 -9999 -9999 -9999 -9999 -9999 -9999 -9999 -9999 -9999 -9999 -9999 -9999 -9999 -9999 -9999 -9999 -9999 -9999 -9999 -9999 -9999 -9999 -9999 -9999 -9999 -9999 -9999 -9999 -9999 -9999 -9999 -9999 -9999 -9999 -9999 -9999 -9999 -9999 -9999 -9999 -9999 -9999
-9999 -9999 -9999 -9999 -9999 -9999 -9999 -9999 -9999 -9999 -9999 -9999 -9999 -9999 -9999 -9999 -9999 -9999 -9999 -9999 -9999 -9999 -9999 -9999 -9999 -9999 -9999 -9999 -9999 -9999 -9999 -9999 -9999 -9999 -9999 -9999 -9999 -9999 -9999 -9999 -9999 -9999 -9999 -9999 -9999 -9999 -9999 -9999 -9999 -9999 -9999 -9999 -9999 -9999 -9999 -9999 -9999 -9999 -9999 -9999 -9999 -9999 -9999 -9999 -9999 -9999 -9999 -9999 -9999 -9999 -9999 -9999 -9999
1129.04 1145.27 1150.519 -9999 -9999 1232.069 1247 1259.09 1258.826 1266.295 1267.273 -9999 -9999 -9999 -9999 -9999 -9999 -9999 -9999 -9999 -9999 -9999 -9999 -9999 -9999 -9999 -9999 -9999 -9999 -9999 -9999 -9999 -9999 -9999 -9999 -9999 -9999 -9999 -9999 -9999 -9999 -9999 -9999 -9999 -9999 -9999 -9999 -9999 -9999 -9999 -9999 -9999 -9999 -9999 -9999 -9999 -9999 -9999 -9999 -9999 -9999 -9999 -9999 -9999 -9999 -9999 -9999 -9999 -9999 -9999 -9999 -9999 -9999
1096.1 1114.62 1133.73 1146.89 1166.745 1188.051 1203.18 1207.01 1208.72 1223.62 1241.29 1249.313 1261.26 1260.217 1287.771 1299.508 1326.095 1319.042 1342 1366.91 1335.851 -9999 -9999 -9999 -9999 -9999 -9999 -9999 -9999 -9999 -9999 -9999 -9999 -9999 -9999 -9999 -9999 -9999 -9999 -9999 -9999 -9999 -9999 -9999 -9999 -9999 -9999 -9999 -9999 -9999 -9999 -9999 -9999 -9999 -9999 -9999 -9999 -9999 -9999 -9999 -9999 -9999 -9999 -9999 -9999 -9999 -9999 -9999 -9999 -9999 -9999 -9999 -9999
1048.98 1066.72 1080.16 1095.78 1112.2 1128.29 1140.68 1145.94 1153.38 1168.96 1185.39 1199.87 1220.19 1238.01 1279.48 1300.84 1302.31 1322.76 1328.36 1328.6 1304.59 1299.56 1293.63 1272.22 -9999 -9999 -9999 -9999 -9999 -9999 -9999 -9999 -9999 -9999 -9999 -9999 -9999 -9999 -9999 -9999 -9999 -9999 -9999 -9999 -9999 -9999 -9999 -9999 -9999 -9999 -9999 -9999 -9999 -9999 -9999 -9999 -9999 -9999 -9999 -9999 -9999 -9999 -9999 -9999 -9999 -9999 -9999 -9999 -9999 -9999 -9999 -9999 -9999
1009.77 1010.16 1025.04 1037.38 1051.34 1063.87 1073.38 1080.81 1095.45 1102.19 1113.53 1129.34 1152.7 1178.14 1200.95 1217.39 1235.94 1257.89 1259.65 1263.13 1250.57 1243.55 1230.63 1235.712 -9999 -9999 -9999 -9999 -9999 -9999 -9999 -9999 -9999 -9999 -9999 -9999 -9999 -9999 -9999 -9999 -9999 -9999 -9999 -9999 -9999 -9999 -9999 -9999 -9999 -9999 -9999 -9999 -9999 -9999 -9999 -9999 -9999 -9999 -9999 -9999 -9999 -9999 -9999 -9999 -9999 -9999 -9999 -9999 -9999 -9999 -9999 -9999 -9999
959.02 967.52 984.26 998.92 988.82 996.95 1018.18 1056.33 1033.55 1043.19 1040.21 1051.34 1079.61 1092.69 1108.03 1138.38 1171.47 1179.63 1192.46 1200.88 1204.64 1202.95 1199.8 1189.375 -9999 1175.643 1157.107 -9999 -9999 -9999 -9999 -9999 -9999 -9999 -9999 -9999 -9999 -9999 -9999 -9999 -9999 -9999 -9999 -9999 -9999 -9999 -9999 -9999 -9999 -9999 -9999 -9999 -9999 -9999 -9999 -9999 -9999 -9999 -9999 -9999 -9999 -9999 -9999 -9999 -9999 -9999 -9999 -9999 -9999 -9999 -9999 -9999 -9999
904.66 916.06 928.43 940.21 946.36 948.42 947.61 964.19 957.16 964.33 989.14 1009.02 1050.74 1042.36 1044.35 1072.63 1106.96 1118.03 1126.92 1138.84 1146.71 1147.51 1142.86 1135.77 1131.18 1123.04 1115.03 1112.26 1122.979 1121.738 1129.32 1204.569 -9999 -9999 -9999 -9999 -9999 -9999 -9999 -9999 -9999 -9999 -9999 -9999 -9999 -9999 -9999 -9999 -9999 -9999 -9999 -9999 -9999 -9999 -9999 -9999 -9999 -9999 -9999 -9999 -9999 -9999 -9999 -9999 -9999 -9999 -9999 -9999 -9999 -9999 -9999 -9999 -9999
853.31 872.1 885.91 880.87 894 904.1 904.53 885 877.69 882.16 892.19 907.81 924.58 974.97 988.34 1010.87 1032.79 1071.47 1061.24 1065.77 1080.8 1087.35 1084.87 1079.8 1070.92 1067.29 1081.73 1044.31 1063.49 1058.07 1083.96 1178.52 1205.553 -9999 -9999 -9999 -9999 -9999 -9999 -9999 -9999 -9999 -9999 -9999 -9999 -9999 -9999 -9999 -9999 -9999 -9999 -9999 -9999 -9999 -9999 -9999 -9999 -9999 -9999 -9999 -9999 -9999 -9999 -9999 -9999 -9999 -9999 -9999 -9999 -9999 -9999 -9999 -9999
796 800.08 814.33 843 810.86 829.13 816.33 819.07 835.52 846.6 872.59 874.93 918.26 939.81 935.98 945.73 995.83 992.58 995.65 992.44 1010.99 1025.19 1023.44 1011.07 995.53 996.53 990.55 979.35 976.45 967.13 1015.84 1069.99 1120.05 1235.172 1206.537 1274.551 1222.011 1350.879 1414.507 -9999 -9999 -9999 -9999 -9999 -9999 -9999 -9999 -9999 -9999 1107.11 1220.13 1348 1379.8 -9999 -9999 -9999 -9999 -9999 -9999 -9999 -9999 -9999 -9999 -9999 -9999 -9999 -9999 -9999 -9999 -9999 -9999 -9999 -9999
769.84 772.82 799.02 792.33 749.07 745.98 746.44 761.66 762.88 771.87 816.47 800.94 803.66 823.03 844.06 852.29 848.14 862.46 900.74 917.65 947.9 963.64 969.72 962.2 937.87 909.49 918.99 923.67 926.91 902.15 917.04 918.41 928.22 1016.91 1074.87 1279.84 1197.36 1090.69 1322.59 1241.38 -9999 -9999 -9999 1261.639 -9999 1392.278 -9999 -9999 -9999 1191.398 1145.11 1224.56 1291.5 1337.43 1252.439 1341.286 1332.985 -9999 -9999 -9999 -9999 -9999 -9999 -9999 -9999 -9999 -9999 -9999 -9999 -9999 -9999 -9999 -9999
700.11 709.33 718.49 730.78 720.61 708.15 694.16 722.92 761.9 777.56 747.69 745.58 752.24 745.62 711.66 739.89 776.17 782.45 800.97 829.22 872.22 889.15 912.44 907.97 883.4 851.93 861.96 869.97 836.63 820.05 798.73 833.36 859.19 865.24 885.36 972.95 1006.44 950.07 1081.18 1024.71 1176.86 1248.27 1151.83 1078.51 1257.44 1266.69 1378.83 1205.33 1462.74 1398.51 1340.85 1359.22 1371.42 1283.53 1095.87 1211.04 1216.3 1375.474 -9999 -9999 -9999 -9999 -9999 -9999 -9999 -9999 -9999 -9999 -9999 -9999 -9999 -9999 -9999
685.54 682.63 686.78 684.83 662.21 648.19 640.15 626.76 620.81 615.95 602.18 604.71 608.83 603.9 609.62 645.7 672.12 702.86 723.03 748.77 787.75 811.54 837.56 820.47 794.58 786.53 778.64 801.36 805.62 827.47 781.54 753.49 795.99 786.93 826.06 803.52 793.11 898.62 985.81 930.05 974.38 950.41 861.02 948.6 1196.91 1165.41 1076.91 1206.97 1265.35 1203.13 1233.37 1291.47 1392.66 1364.81 1107.63 1021.09 1111.48 1266.65 -9999 -9999 -9999 -9999 -9999 -9999 -9999 -9999 -9999 -9999 -9999 -9999 -9999 -9999 -9999
653.16 662.33 651.34 643.47 636.41 620.7 616.03 598 572.85 570.12 540.53 508.63 495.43 500.46 536.51 578.5 607.61 636.39 669.14 684.11 713.24 720.28 750.03 755.01 743.75 769.48 776.82 781.19 775.13 801.66 798.18 740.76 740.69 729.24 752.76 730.76 729.87 820.66 880.36 909.07 803.31 811.51 742.54 879.11 972.79 988.82 1009.84 1092.84 1052.19 1023.04 1109.08 1275.97 1246.32 1227.68 1038.75 1081.13 1158.42 1169.62 -9999 -9999 1340.381 1323.242 1238.022 1030.815 969.853 -9999 -9999 -9999 -9999 -9999 -9999 -9999 -9999
668.14 665.12 649.24 680.4 684.94 647.17 625.62 569.35 574.46 632.32 566.63 534.4 507.92 515.98 516.34 535.33 554.57 582.47 614.07 624.52 641.79 653.7 663.95 671.43 669.95 682.49 711.97 717.37 728.31 742.14 741.29 699.84 678 723.96 721.14 725.04 755.93 762.41 800.82 839.25 846.8 761.55 696.38 708.05 770.38 858.88 928.61 1005.26 1040.79 992.98 1004.46 1022.52 997 1023.31 969.44 1145.04 1059.14 918.59 867.63 975.1 1010.07 979.82 952.41 965.56 1062.644 -9999 1257.025 1255.65 1128.09 1044.776 -9999 -9999 -9999
661.26 705.19 719.76 739.31 688.75 754.41 688.51 599.61 663.67 705.96 646.45 657.51 678.53 617.4 644.16 553.96 526.61 539.34 559.83 576.74 588.34 607.54 621.04 621.03 620.54 623.6 632.91 640.27 645.69 644.82 652.79 611.78 603.13 628.43 693.97 752.36 765.15 784.9 866.97 818.92 796.17 747.48 667.72 654.05 772.59 754.54 871.62 839.45 934.39 882.83 942.12 996.44 883.1 864.13 1033.29 1067.22 979.98 806.97 927.8 1065.4 1135.95 1137.39 1043.4 1062.63 1082.04 1041.71 980.34 1019.23 1011.72 920.02 882.62 876.46 877.17
701.27 734.41 794.47 796.85 784.22 810.48 712.57 682.61 709.75 641.33 691.73 649.4 713.24 633.65 614.14 561.9 530.17 539.33 524.93 530.3 540.76 558.76 562.14 562.93 572.75 571.46 570.73 563.81 570.57 577.67 579.08 553.4 535.93 528.95 523.12 532.52 550.9 593.74 588.41 602.11 662.77 661.87 679.91 626.43 697.81 655.91 719.73 795.84 842.35 788.01 886.38 812.06 748.3 898.97 1034.1 946.11 818.19 845.11 998.94 1075.35 1081 1035.91 994.59 866.56 936.21 907.53 871.29 852.23 899.98 895.53 839.42 837.99 793.68
591.68 631.94 650.5 666.74 700.84 661.85 686.99 759.13 725.2 694.9 736.4 767.2 720.8 666.71 663.6 615.49 582.19 576.34 512.97 505.91 514.03 514.14 520.61 533.27 539.43 523.2 516.62 511.22 510.62 513.43 511.53 498.16 490.16 489.2 485.58 473.35 469.42 484.47 496.77 507.78 538.49 548.48 572.08 558.91 628.47 643.76 733.59 749.55 780.66 728.75 814.26 686.6 704.09 734.17 874.32 894.87 785.95 863.21 929.56 963.26 868.24 905.48 985.06 783.42 809.15 811.32 834.89 817.06 902.19 923.73 875.6 897.32 851.56
559.64 567.08 613.95 716.94 752 763.46 816.2 792.4 801.14 800.46 791.4 738.89 683.95 705.46 664.56 626.55 549.47 509.42 501.25 496.25 483.79 481.94 482.82 492.93 513.23 506.56 476.37 483.53 500.26 502.82 485.64 461.22 461.34 452.54 453.16 443.02 440.94 451.59 463.95 472.75 491.91 499.14 502.76 509.88 636.06 679.58 704.79 666.73 711.44 787.14 814.08 702.6 838.56 806.35 780.53 726.06 678.18 720.43 753.45 768.9 789.69 804.58 756.34 699.09 731.9 745.75 788.04 793.26 804.59 872.03 913.39 890.04 851.95
589.28 552.62 571.6 593.5 611.58 654.48 729.39 699.24 753.81 701.55 699.96 661.64 698.3 707.72 663.98 613.42 549.25 525.01 513.52 512.22 471.26 468.67 459.09 448.98 450.83 448.81 445.42 454.44 474.61 499.77 467.59 431.38 432.11 440.57 433.67 421.47 419.95 430.56 441.02 446.72 467.01 466.19 471.45 482.78 524.47 572.12 634.72 644.36 636.86 713.78 677.42 662.45 750.2 653.02 634.85 649.86 671.64 710.23 759.86 733.6 700.36 700.73 706.65 674.36 700.78 709.35 756.39 769.13 782.5 842.67 883.38 893.09 825.89
552.19 565.31 566.06 578.24 598.67 609.24 612.34 601.5 597.7 595.86 607.6 591.43 595.56 629.97 643.58 607.9 578.87 577.77 540.15 502.69 481.14 487.24 463.24 433.03 425.52 415.99 415.61 441.34 453.07 446.96 428.73 406.99 412.37 424.84 436.59 414.41 409.7 408.87 416.48 428.31 457.34 448.91 442.14 461.08 478.28 501.98 524.53 538.92 578.59 604.99 601.68 579.64 595.46 584.46 616.81 613.1 631.73 680.5 716.63 740.08 698.59 655.53 665.44 641.11 663.21 703.04 789.84 770.52 792.71 847.89 888.61 886.24 841.92
510.69 522.16 544.07 555.68 561.3 580.23 586 587.95 592.42 596.37 572.27 566.82 576.03 590.68 597.85 589.39 588.78 590.44 714.79 658.31 504.82 473.05 446.21 428.66 414.6 400.51 389.32 386.07 393.54 402.68 390.4 385.06 397.18 408.16 433.7 423.87 407.27 403.83 403.73 415.19 425.62 423.9 426.44 449.63 445.44 447.76 456.97 486.21 487.07 499.67 500.85 516.57 539.77 561.65 579.5 610.95 633.9 651.59 671.27 713.71 719.64 674.84 620.6 618 641.31 705.81 763.11 781.74 824.49 898.35 901.57 824.31 788.39
494.27 503.47 511.78 522.54 527.48 544.18 537.74 553.82 575.26 568.44 563.78 555.37 544.04 547.48 555.58 552.87 571.24 609.73 633.52 664.23 594.35 510.42 477.45 429.18 405.41 392.76 377.74 368.38 358.63 360.93 367.25 368.62 387.86 401.39 419.88 434.55 432.71 417.35 403.43 403.22 408.63 409.97 412.33 427.1 425.04 428.42 455.03 475.25 451.93 458.89 473.72 494.74 514.79 538.56 565.57 597.82 634.7 679.68 702.73 698.43 691.84 661.36 609.83 610.07 678.94 717.81 743.02 737.47 757.65 788.54 772.58 762.21 760.7
486.1 488.08 490.14 506.72 502.14 512.38 516.39 522 520.18 530.82 545.59 541.81 520.5 522.05 534.96 537.39 551.4 561.53 567.68 540.4 510.72 461.41 454.17 430.9 390.17 375.13 381.4 386.7 366.39 355.56 356.08 354.17 362.68 374.5 377.55 388.14 414.82 432.16 423.61 423.9 442.28 426.61 417.3 412.66 413.03 427.56 435.15 431.01 426.87 446.42 469.72 495.26 518.67 540.21 571.2 618.45 655.58 683.7 683.72 654.59 655.64 665.16 673.19 616.32 698.04 689.9 665.29 650.46 670.05 708.12 757.81 758.4849 747.9474
490.98 483.16 481.25 479.14 483.57 497.8 495.89 492.47 506.77 515.51 523.16 514.42 528.25 537.76 525.17 516.86 536.24 520.81 515.77 502.47 506.02 437.35 410.09 401.32 372.89 365.74 376.73 400.01 376.78 374.63 372.54 360.72 356.08 353.51 361.04 371.37 383.26 397.46 413.01 409.75 414.97 424.64 422.67 431.81 418.36 416.49 413.46 416.52 432.33 457.34 481.15 504.94 535.57 572.52 616.64 665.06 697.49 697.13 689 651.51 633.38 640.86 633.37 604.75 619.94 620.99 606.46 610.85 659.02 683.8936 -9999 -9999 -9999
501.79 496.34 503.95 498.97 495.57 494.93 492.6 498.09 499.84 493.89 492.78 505.72 527.18 526.52 487.73 490.75 492.03 489.75 470.52 447.11 457.07 465.29 395.03 388.77 370.5 365.46 377.14 378.35 380.48 400.41 392.01 377.94 364.82 357.02 352.62 359.9 375.77 393.54 401.87 406.26 411.99 411.92 415.1 425.55 440.07 404.33 417.07 437 461.73 497.98 533.05 558.81 576 614.03 624.65 626.3 665.79 679.53 706.48 694.5 657.42 616.88 606.08 611.29 601.79 603.44 618.24 615.0851 -9999 -9999 -9999 -9999 -9999
501.84 520.03 533.38 538.19 546.62 544.76 518.58 509.06 523.72 522.12 513.64 505.39 506.8 487.01 457.01 459.99 467.45 458.92 456.74 415.4 417.44 393.92 437.33 446.64 439.64 395.25 380.72 392.68 389.87 412.86 389.27 366.26 360.95 354.41 356.27 357.48 369.51 389.25 400 408.35 415.99 416.83 408.01 427.71 425 435.69 458.39 482.63 515.97 555.68 586.23 613.24 647.37 641.75 626.1 594.63 615.74 628.75 685.45 661.11 617.73 613.22 633.19 674.99 636.19 612.59 618.5 -9999 -9999 -9999 -9999 -9999 -9999
574.9 574.04 580.89 576.44 569.57 549.19 533 526.14 520.33 524.72 522.78 523.35 502 462.89 446.04 434.29 428.38 419.73 424.42 414.64 403.06 396.31 422.49 454.2 457.53 438.99 408.53 414.17 415.71 413.62 396.29 376.85 368.81 364.38 363.04 364.26 364.01 371.31 377.81 385.23 389.59 396.97 412.46 438.74 448.91 451.31 464.89 457.66 490.13 547.65 624.79 657.12 692.39 724.6 648.95 570.26 576.99 594.62 616.02 600.51 598.3 617.73 617.23 662.1122 643.4691 618.3088 -9999 -9999 -9999 -9999 -9999 -9999 -9999
650.72 616.14 590.61 606.94 569.16 514.62 517.08 500.68 492.04 527.88 526.11 524.18 498.96 471.35 456.32 460.66 470.48 461.19 441.39 424.06 445.77 436.54 420.38 441.06 447.5 448.57 452.52 447.02 429.33 413.78 398.63 393.49 385.35 373.12 367.9 368.19 373.26 382.48 388.19 392.61 401.14 413.86 434.99 434.44 443.74 455.61 483.21 448.6 487.71 543.72 553.07 596.01 628.91 599.98 581.47 556.17 568.51 576.54 586.949 574.8481 590.0151 -9999 -9999 -9999 -9999 -9999 -9999 -9999 -9999 -9999 -9999 -9999 -9999
571.57 600.83 553.2 562.77 539.15 516.64 505.72 485.23 482.6 514.44 521.44 520.67 526.53 532.41 538.9 534.33 510.72 492.54 482.17 466.21 475.42 478.68 462.29 422.82 438.32 447.07 467.99 468.63 444.1 428.2 414.97 422.47 440.23 407.31 385.07 392.01 395.23 399.88 407.21 426.21 421.47 435.91 454.02 455.7 483.44 508.15 536.87 507.23 494.26 513.09 566.32 617.59 571.98 556.46 553.63 552.0247 -9999 -9999 -9999 -9999 -9999 -9999 -9999 -9999 -9999 -9999 -9999 -9999 -9999 -9999 -9999 -9999 -9999
544.84 503.3 512.95 527.13 478.57 472.13 474.65 472.24 491.04 503.44 517.87 525.51 523.46 544.16 559.53 548.45 520.55 539.68 522.8 501.85 482.03 475.77 480.62 481.69 426.17 457.15 481.59 530.06 494.39 448.29 431.86 428.3 427.04 417.24 414.46 426.52 421.61 421.13 420.47 431.19 452.76 474.96 480.28 491.07 514.04 523.03 537.21 523.28 501.79 568.67 612.22 598.09 551.6761 -9999 -9999 -9999 -9999 -9999 -9999 -9999 -9999 -9999 -9999 -9999 -9999 -9999 -9999 -9999 -9999 -9999 -9999 -9999 -9999
