layers/wordclim/current/bio_05.asc
ncols         166
nrows         93
xllcorner     -9.4959440078468
yllcorner     36.000324005443
cellsize      0.083333337679505
NODATA_value  -9999
[rows 33 to 65 of 93, columns 73 to 145 of 166]
274.58 281.08 281.3 282.31 284.06 286.78 285.24 283.43 279.59 276.45 275.47 274.71 272.52 270.52 266.04 261.45 258.66 257.66 257.92 257.04 254.24 250.94 250.26 246.48 243 244.22 239.21 233.56 232.85 239.26 245.69 253.76 265.01 266.14 265.71 263.99 270.61 277.61 284.36 283.73 277.36 278.7 283.31 280.89 284.61 281.52 296.89 292.67 288.25 287.89 283 283.22 -9999 -9999 -9999 -9999 -9999 -9999 -9999 -9999 -9999 -9999 -9999 -9999 -9999 -9999 -9999 -9999 -9999 -9999 -9999 -9999 -9999
287.81 284.94 286.28 288.91 287.69 284.94 281.38 280.06 281.04 279.96 278.04 275.29 272.99 275.91 270.11 267.33 260.72 263.33 259.33 254.89 252.54 249.68 248.65 245.59 244.16 242.69 239.7 238.29 236.17 241.56 242.73 247.56 253.56 256.55 254.71 260.06 263.72 270.41 277.84 269.73 266.43 272 276.33 274.44 268.45 272.82 297.71 296.07 280.74 290.4041 -9999 -9999 -9999 -9999 -9999 -9999 -9999 -9999 -9999 -9999 -9999 -9999 -9999 -9999 -9999 -9999 -9999 -9999 -9999 -9999 -9999 -9999 -9999
287.81 287.88 289.99 292.26 289.35 283.91 282.84 283.28 285.62 284.97 278.95 277.62 279.02 276.17 272.23 270.33 266.65 263 259.6 257.47 251.38 247.56 247.11 248.16 247.09 242.96 236.49 235.17 235.9 236.72 237.19 240.67 239.33 239.98 244.36 248.97 254.86 268.91 267.23 269.1 262.16 266.46 261.19 256.47 247.87 275.47 299.32 297.94 293.88 295.8028 -9999 -9999 -9999 -9999 -9999 -9999 -9999 -9999 -9999 -9999 -9999 -9999 -9999 -9999 -9999 -9999 -9999 -9999 -9999 -9999 -9999 -9999 -9999
293.8 291.79 293.84 292.05 285.75 286.04 285.83 283.19 288.99 291.97 290.54 286.99 280.2 270.13 265.83 262.2 263.56 260.5 255.23 253.28 248.44 247.78 244.6 248.38 249.97 244.22 236.7 238.21 237.74 235.76 234.29 235.31 239.27 239.02 243.32 247.71 257.31 260.03 261.4 257.02 251.01 251.16 244.97 256 263.95 286.38 295.45 297.25 297.3814 295.0753 292.7209 290.7391 -9999 -9999 -9999 -9999 -9999 -9999 -9999 -9999 -9999 -9999 -9999 -9999 -9999 -9999 -9999 -9999 -9999 -9999 -9999 -9999 -9999
300.36 297.31 298.26 291.41 289.85 290.75 286.55 285.24 292.65 289.55 285.38 280.72 279.08 274.75 268.8 263.67 260.66 258.58 255.17 249.96 242.97 245.99 243.5 245.56 249.76 250.86 241.3 241.32 243.24 241.73 236.24 236.71 235.2 234.08 236.52 235.37 247.15 253.36 258.35 255.15 249.87 252.92 259.41 271.72 284.21 289.73 290.62 286.6383 -9999 -9999 -9999 -9999 -9999 -9999 -9999 -9999 -9999 -9999 -9999 -9999 -9999 -9999 -9999 -9999 -9999 -9999 -9999 -9999 -9999 -9999 -9999 -9999 -9999
307.55 305.64 296.99 292.86 295.87 291.94 289.2 291.54 296.92 291.08 290.1 288.5 289.4 286.16 279.83 271.54 264.33 251.91 250.91 245.69 240.2 242.74 244.13 245.25 250.36 254.94 249.17 244.49 249.23 242.88 230.78 236.66 233.98 230.21 229.46 226.11 239.56 245.58 251.81 251.92 249.78 258.55 267.28 280.61 286.52 291.32 292.9 -9999 -9999 -9999 -9999 -9999 -9999 -9999 -9999 -9999 -9999 -9999 -9999 -9999 -9999 -9999 -9999 -9999 -9999 -9999 -9999 -9999 -9999 -9999 -9999 -9999 -9999
311.95 302.34 296.78 297.85 296.84 293.4 294.78 299.15 300.3 298.53 300.51 298.45 296.59 288.22 283.13 273.66 264.97 257.25 249.91 247.48 241.84 242.2 246.1 249.67 252.44 256.76 254.73 249.86 252.94 238.78 234.55 233.09 228.47 220.44 222.05 226.59 230.16 241.04 245.14 248.62 252.87 267.31 276.15 280.98 285.92 292.4 294.58 -9999 -9999 -9999 -9999 -9999 -9999 -9999 -9999 -9999 -9999 -9999 -9999 -9999 -9999 -9999 -9999 -9999 -9999 -9999 -9999 -9999 -9999 -9999 -9999 -9999 -9999
309.53 302.93 301.46 303.58 300.25 301.12 305.35 302.84 304.29 297.51 295.41 300.17 295.58 294.05 289.84 284.5 269.46 262.9 254.59 248.6 245.36 248.28 252.51 251.59 251.16 257.32 261.04 263.06 254.46 242.03 240.71 236.96 230.26 219.69 220.51 227.45 235.17 246.12 257.87 259.54 266.17 272.43 280.6 278.63 284.99 290.1566 -9999 -9999 -9999 -9999 -9999 -9999 -9999 -9999 -9999 -9999 -9999 -9999 -9999 -9999 -9999 -9999 -9999 -9999 -9999 -9999 -9999 -9999 -9999 -9999 -9999 -9999 -9999
309.68 307.73 308.3 305.24 305.34 309.18 305.52 301.21 305.21 303.26 299.24 298.31 295.38 293.55 289.76 285.18 272.29 262.32 258.22 258.82 246.53 248.1 248.63 249.05 252.2 254.62 260.51 267.79 256.8 247.28 253.46 251.63 241.03 231.54 235.68 235.38 240.72 248.06 262.38 267.94 268.62 271.35 284.25 286.45 283.9634 -9999 -9999 -9999 -9999 -9999 -9999 -9999 -9999 -9999 -9999 -9999 -9999 -9999 -9999 -9999 -9999 -9999 -9999 -9999 -9999 -9999 -9999 -9999 -9999 -9999 -9999 -9999 -9999
315.48 313.1 310.67 311.16 313.55 311.68 302.93 301.93 304.81 299.34 300.69 300.35 299.57 295.38 288.03 292.97 276.34 271.98 267.42 258.27 255.64 253.04 256.52 248.2 258.96 260.08 267.63 263.25 250.67 250.99 259.93 261.93 257.01 252.5 248.16 253.3 251.54 254.56 271.25 278.86 277.62 279.86 283.61 291.4474 -9999 -9999 -9999 -9999 -9999 -9999 -9999 -9999 -9999 -9999 -9999 -9999 -9999 -9999 -9999 -9999 -9999 -9999 -9999 -9999 -9999 -9999 -9999 -9999 -9999 -9999 -9999 -9999 -9999
313.88 314.33 316.85 318.77 315.81 311.17 304.62 303.03 303.83 300.92 299.74 299.77 296.23 296.57 296.88 295.02 281.2 273.54 268.37 268.09 265.22 265.45 262 257.41 263.12 273.85 269.47 256.3 238.2 239.72 254.12 263.07 264.31 265.29 265.85 262.48 264.94 268.41 274.58 281.02 279.75 280.11 287.4659 -9999 -9999 -9999 -9999 -9999 -9999 -9999 -9999 -9999 -9999 -9999 -9999 -9999 -9999 -9999 -9999 -9999 -9999 -9999 -9999 -9999 -9999 -9999 -9999 -9999 -9999 -9999 -9999 -9999 -9999
322.47 322.3 319.95 315.72 313.47 311.17 307.62 305.63 305.03 303.45 300.6 300.64 296.18 299.38 303.27 298.97 289.78 280.22 281.55 278.51 271.79 273.22 268.53 260.98 265.9 275.42 266.11 252.5 240.21 243.74 253.93 257.81 262.7 261.76 269.49 271.41 275.48 279.17 283.49 283.2 282.97 285.3582 -9999 -9999 -9999 -9999 -9999 -9999 -9999 -9999 -9999 -9999 -9999 -9999 -9999 -9999 -9999 -9999 -9999 -9999 -9999 -9999 -9999 -9999 -9999 -9999 -9999 -9999 -9999 -9999 -9999 -9999 -9999
317.98 317.75 315.59 314.05 313.48 312.49 309.96 307.66 309.32 308.22 305 303.83 302.13 303.22 301.29 298.63 294.28 288.75 290.15 286.69 282.94 276.32 272.32 271.07 272.58 274.29 275.2 268.29 258.78 251.54 244.17 252.7 264.08 268.9 271.35 268.89 273.24 280.89 286.02 287.56 288.9588 -9999 -9999 -9999 -9999 -9999 -9999 -9999 -9999 -9999 -9999 -9999 -9999 -9999 -9999 -9999 -9999 -9999 -9999 -9999 -9999 -9999 -9999 -9999 -9999 -9999 -9999 -9999 -9999 -9999 -9999 -9999 -9999
320.64 319.35 318.14 317.4 316.83 314.72 312.54 311.57 310.98 309.76 309.18 306.51 306.16 307.05 301.43 297.09 293.29 290.76 292.02 287.12 288.09 279.68 272.65 275.14 277.32 273.35 274.02 277.39 272.48 266.65 259.33 255.74 265.97 272.95 278.81 279.09 273.56 276.18 284.55 289.3737 -9999 -9999 -9999 -9999 -9999 -9999 -9999 -9999 -9999 -9999 -9999 -9999 -9999 -9999 -9999 -9999 -9999 -9999 -9999 -9999 -9999 -9999 -9999 -9999 -9999 -9999 -9999 -9999 -9999 -9999 -9999 -9999 -9999
323.87 322.02 320.97 320.73 319.11 317.66 313.96 312.32 311.34 312.93 311.51 308.71 308.42 309.28 305.9 302.23 296.43 293.79 294.02 291.03 289.23 287.67 284.61 283.09 278.3 275.22 278.95 283.49 280.75 276.3 272.34 274.69 272.9 273.94 275.21 280.81 283.4 283.24 288.63 -9999 -9999 -9999 -9999 -9999 -9999 -9999 -9999 -9999 -9999 -9999 -9999 -9999 -9999 -9999 -9999 -9999 -9999 -9999 -9999 -9999 -9999 -9999 -9999 -9999 -9999 -9999 -9999 -9999 -9999 -9999 -9999 -9999 -9999
325.12 324.93 323.67 322.55 321.19 319.94 317.17 315.65 313.41 314.51 312.51 309.55 309.69 311.3 309.21 303.48 299.5 297.07 295.01 293.8 293.56 293.79 291.66 286.54 277.57 281.13 280.34 281.35 284.59 288.26 286.72 286.68 287.71 287 283.44 278.23 283.36 287.67 290.7105 -9999 -9999 -9999 -9999 -9999 -9999 -9999 -9999 -9999 -9999 -9999 -9999 -9999 -9999 -9999 -9999 -9999 -9999 -9999 -9999 -9999 -9999 -9999 -9999 -9999 -9999 -9999 -9999 -9999 -9999 -9999 -9999 -9999 -9999
326.24 327.22 326.35 325.04 323.76 320.42 317.37 318.54 317.57 314.84 315.44 311.86 310.99 311.73 310.57 308.31 304.22 301.39 298.57 295.62 292.73 294.09 294.81 288.06 284.6 286.16 281.77 275.16 276.06 283.44 290.31 291.69 292.6 291.91 290.25 288.49 287.55 289.9149 -9999 -9999 -9999 -9999 -9999 -9999 -9999 -9999 -9999 -9999 -9999 -9999 -9999 -9999 -9999 -9999 -9999 -9999 -9999 -9999 -9999 -9999 -9999 -9999 -9999 -9999 -9999 -9999 -9999 -9999 -9999 -9999 -9999 -9999 -9999
329.27 329.24 328.37 327.12 326.03 324.09 321.53 321.91 320.14 317.21 316.26 315.58 314.81 313.17 309.42 308.55 308.47 305.61 303.09 300.13 298.14 296.49 298.27 293.13 289.97 288.62 288.32 284.27 282.46 279.81 278.96 287.66 292.81 293 292.14 290.35 290.41 -9999 -9999 -9999 -9999 -9999 -9999 -9999 -9999 -9999 -9999 -9999 -9999 -9999 -9999 -9999 -9999 -9999 -9999 -9999 -9999 -9999 -9999 -9999 -9999 -9999 -9999 -9999 -9999 -9999 -9999 -9999 -9999 -9999 -9999 -9999 -9999
331.26 330.72 329.23 326.83 327.13 326.68 325.03 324.08 322.95 321.32 320.09 317.89 316.79 313.51 310.56 311.55 310.11 307.83 305.44 304.07 301.65 301.02 302.7 297.88 294.91 294.91 293.99 290.35 285.24 282.78 281.72 287.4 292.61 293.73 293.77 292.74 291.88 -9999 -9999 -9999 -9999 -9999 -9999 -9999 -9999 -9999 -9999 -9999 -9999 -9999 -9999 -9999 -9999 -9999 -9999 -9999 -9999 -9999 -9999 -9999 -9999 -9999 -9999 -9999 -9999 -9999 -9999 -9999 -9999 -9999 -9999 -9999 -9999
332.71 332.76 331.6 329.93 329.3 328.36 326.91 326.06 324.83 323.34 322.08 320.44 319.04 316.57 315.02 314.02 311.55 309.67 307.53 305.98 304.36 302.39 302.12 304.99 303.51 300.14 297.63 292.25 289.52 287.91 289.01 293.71 294.95 294.86 294.11 295.22 295.41 -9999 -9999 -9999 -9999 -9999 -9999 -9999 -9999 -9999 -9999 -9999 -9999 -9999 -9999 -9999 -9999 -9999 -9999 -9999 -9999 -9999 -9999 -9999 -9999 -9999 -9999 -9999 -9999 -9999 -9999 -9999 -9999 -9999 -9999 -9999 -9999
334.32 333.88 332.91 332.06 331.05 329.64 328.06 326.74 325.49 323.9 322.64 321.15 319.81 317.87 316.47 314.72 313.57 311.66 310.02 308.43 306.27 304.62 302.47 300.25 299.67 299.97 298.9 296.82 293.25 290.38 293.1 291.31 290.57 296.46 296.71 297.99 298.83 298.9048 -9999 -9999 -9999 -9999 -9999 -9999 -9999 -9999 -9999 -9999 -9999 -9999 -9999 -9999 -9999 -9999 -9999 -9999 -9999 -9999 -9999 -9999 -9999 -9999 -9999 -9999 -9999 -9999 -9999 -9999 -9999 -9999 -9999 -9999 -9999
335.45 334.56 333.34 332.24 331.44 330.44 328.75 326.8 324.92 323.06 321.95 320.36 320.28 318.91 317.72 316.18 314.92 313.39 311.92 310.42 308.56 306.42 305.34 303 299.96 296.61 293.75 295.29 298.47 288.09 286.27 292.69 295.71 296.86 301.78 301.86 301.72 301.6465 -9999 -9999 -9999 -9999 -9999 -9999 -9999 -9999 -9999 -9999 -9999 -9999 -9999 -9999 -9999 -9999 -9999 -9999 -9999 -9999 -9999 -9999 -9999 -9999 -9999 -9999 -9999 -9999 -9999 -9999 -9999 -9999 -9999 -9999 -9999
336.6 335.35 334.21 332.9 331.62 329.64 327.32 325.28 323.21 321.68 320.06 318.03 318.13 318.4 318.08 317.16 315.72 314.34 312.79 311.74 309.89 308.27 305.11 301.56 296.65 290.86 290.74 292.32 297.09 285.83 288.7 297.73 300.18 301.75 304.95 304.38 300.52 301.59 -9999 -9999 -9999 -9999 -9999 -9999 -9999 -9999 -9999 -9999 -9999 -9999 -9999 -9999 -9999 -9999 -9999 -9999 -9999 -9999 -9999 -9999 -9999 -9999 -9999 -9999 -9999 -9999 -9999 -9999 -9999 -9999 -9999 -9999 -9999
336.96 335.67 333.68 332.08 330.03 327.22 323.09 321.11 319.71 318.17 317.46 314.82 314.55 316.1 317.81 317.53 316.77 315.3 313.7 311.89 309.44 304.54 300.94 295.68 290.98 286.61 289.42 292.07 295.71 286.76 289.37 295.05 300.4 303.95 305.92 305.55 299.16 298.52 306.2346 -9999 -9999 -9999 -9999 -9999 -9999 -9999 -9999 -9999 -9999 -9999 -9999 -9999 -9999 -9999 -9999 -9999 -9999 -9999 -9999 -9999 -9999 -9999 -9999 -9999 -9999 -9999 -9999 -9999 -9999 -9999 -9999 -9999 -9999
337.32 335.39 331.95 329.53 326.67 324.42 323.93 321.15 318.74 315.91 313.35 310.96 311.9 314.72 317.21 317.45 316.6 315.92 313.78 311.29 305.2 300.39 298.13 293.44 292.33 293.78 293.81 293.69 291.13 284.3 289.05 294.72 299.53 303.02 303.96 303.95 299.04 297.05 307.54 310.6607 -9999 -9999 -9999 -9999 -9999 -9999 -9999 -9999 -9999 -9999 -9999 -9999 -9999 -9999 -9999 -9999 -9999 -9999 -9999 -9999 -9999 -9999 -9999 -9999 -9999 -9999 -9999 -9999 -9999 -9999 -9999 -9999 -9999
337.64 335.72 332.77 329.97 328.05 324.54 322.45 321.69 318.94 316.79 314.32 312 311.18 313.41 315.06 316.3 315.94 315.63 313.04 310.03 306.77 303.17 300.03 297.7 296.92 296.52 296.08 296.96 295.27 290.84 292.61 298.02 296.8 298.62 303.87 303.74 299.3 296.85 300.3 309.21 312.2388 -9999 -9999 -9999 -9999 -9999 -9999 -9999 -9999 -9999 -9999 -9999 -9999 -9999 -9999 -9999 -9999 -9999 -9999 -9999 -9999 -9999 -9999 -9999 -9999 -9999 -9999 -9999 -9999 -9999 -9999 -9999 -9999
337.35 334.06 332.75 331.4 328.85 325.04 322.17 320.36 318.48 316.31 314.62 313.38 312.96 312.12 312.14 311.62 310.82 311.99 309.83 308.45 306.36 303.19 300.94 299.26 299 299.46 296.15 293.17 293.21 295.85 299.28 294.64 294.08 296.28 291.61 291.99 297.77 288.68 289.12 295.71 307.1 310.3 310.9794 -9999 -9999 -9999 -9999 -9999 -9999 -9999 -9999 -9999 -9999 -9999 -9999 -9999 -9999 -9999 -9999 -9999 -9999 -9999 -9999 -9999 -9999 -9999 -9999 -9999 -9999 -9999 -9999 -9999 -9999
337.27 335.07 333.1 331.22 329.07 326.3 323.23 319.44 318.46 318.64 316.79 312.3 307.71 304.33 302.96 301.92 304.84 308.24 309.72 307.29 307.02 305.73 304.9 303.79 299.68 301.4 301.08 298.95 297.8 302.66 298.34 294.51 291.35 285.66 284.66 290.64 291.7 280.81 286.5 288.93 297.33 306.49 309.8193 -9999 -9999 -9999 -9999 -9999 -9999 -9999 -9999 -9999 -9999 -9999 -9999 -9999 -9999 -9999 -9999 -9999 -9999 -9999 -9999 -9999 -9999 -9999 -9999 -9999 -9999 -9999 -9999 -9999 -9999
337.74 334.64 331.04 330.52 328.84 326.81 322.43 322.76 321.39 323.8 316.36 306.31 300.37 304.43 302.09 303.89 306.9 310.01 311.21 312.31 311.76 310.62 309.62 307.5 304.18 301.12 301.88 303.86 302.87 303.83 303.88 297.13 288.93 290.13 281.72 282.33 282.89 284.4 285.39 305.84 306.1053 -9999 -9999 -9999 -9999 -9999 -9999 -9999 -9999 -9999 -9999 -9999 -9999 -9999 -9999 -9999 -9999 -9999 -9999 -9999 -9999 -9999 -9999 -9999 -9999 -9999 -9999 -9999 -9999 -9999 -9999 -9999 -9999
335.41 334.05 332.08 331.36 330.94 326.15 326.57 328.22 326.04 319.69 305.76 301.11 299.53 304.45 309.62 310.9 313.1 315.91 315.71 314.63 315.79 317 314.81 310.85 309.31 305.61 303.73 306.6 303.33 299.02 304.5 301.28 288.17 294.27 293.55 299.17 293.34 306.11 308.7889 311.6032 -9999 -9999 -9999 -9999 -9999 -9999 -9999 -9999 -9999 -9999 -9999 -9999 -9999 -9999 -9999 -9999 -9999 -9999 -9999 -9999 -9999 -9999 -9999 -9999 -9999 -9999 -9999 -9999 -9999 -9999 -9999 -9999 -9999
337.17 336.52 335.67 332.93 330.47 329.74 331.1 329.32 323.81 318.36 314.14 306.37 303.69 310.7 313.57 315.41 318.09 316.06 318.07 320.67 320.98 319.57 315.84 311.64 312.3 311.45 307.51 300.01 302.2 303.87 305.91 308 300.1 304.15 308.35 311.58 310.7297 -9999 -9999 -9999 -9999 -9999 -9999 -9999 -9999 -9999 -9999 -9999 -9999 -9999 -9999 -9999 -9999 -9999 -9999 -9999 -9999 -9999 -9999 -9999 -9999 -9999 -9999 -9999 -9999 -9999 -9999 -9999 -9999 -9999 -9999 -9999 -9999
340.59 340.78 339.04 335.86 334.03 333.44 334.28 330.87 325.58 321.91 311.21 304.6 310.16 319.2 321 318.37 317.31 319.84 322.14 320.35 321.35 321.6 320.23 320.3 316.31 313.06 312.97 307.55 306.45 302.26 307.79 313.36 313.32 313.08 315.35 315.641 -9999 -9999 -9999 -9999 -9999 -9999 -9999 -9999 -9999 -9999 -9999 -9999 -9999 -9999 -9999 -9999 -9999 -9999 -9999 -9999 -9999 -9999 -9999 -9999 -9999 -9999 -9999 -9999 -9999 -9999 -9999 -9999 -9999 -9999 -9999 -9999 -9999
346.21 343.67 339.24 336.64 336.34 337.66 329.39 321.04 324.24 309.68 302.21 309.41 309.42 313.3 310.56 306.86 305.59 310.81 315.42 322.21 324.17 322.64 323.93 325.44 320.91 316.8 307.68 308.26 310.49 308.33 309.58 314.87 317.01 316.84 317.3816 -9999 -9999 -9999 -9999 -9999 -9999 -9999 -9999 -9999 -9999 -9999 -9999 -9999 -9999 -9999 -9999 -9999 -9999 -9999 -9999 -9999 -9999 -9999 -9999 -9999 -9999 -9999 -9999 -9999 -9999 -9999 -9999 -9999 -9999 -9999 -9999 -9999 -9999
