layers/wordclim/current/bio_17.asc
ncols         166
nrows         93
xllcorner     -9.4959440078468
yllcorner     36.000324005443
cellsize      0.083333337679505
NODATA_value  -9999
[rows 35 to 69 of 93, columns 0 to 76 of 166]
-9999 -9999 -9999 -9999 -9999 -9999 -9999 -9999 -9999 -9999 70.21349 72.59 76.93 90.32 84.83 88.44 85.91 76.02 77.22 80.42 82.24 81.06 79 77.8 75.67 75.83 69.08 63.46 62.67 59.5 61.5 61.75 59.01 57.27 58.32 58.45 57.23 55.26 54.97 54.54 54.46 55.13 55.4 56.63 57.42 58.7 58.5 55.72 56.05 56.41 56.91 58.22 60.04 61.86 61.55 60.01 61.53 60.58 62.46 64.72 67.23 67.65 68.5 74.82 92.56 94.54 105.21 95.8 75.55 65.44 62.74 58.45 59.94 64.6 64.75 62.58 60.55
-9999 -9999 -9999 -9999 -9999 -9999 -9999 -9999 -9999 69.02702 68.79348 70.38 72.62 75.35 83.46 80.37 82.07 77.15 79.52 79.11 75.31 73.64 72.37 72.75 71.07 67.93 65.73 65.07 65.06 63.28 61.37 62.36 59.86 57.91 56.73 58.2 57.49 54.87 55.15 55.81 55.64 55.48 57.32 59.15 59.93 57.18 55.13 55.6 56.48 57.88 59.17 61.27 65.61 65.83 67.74 68.74 68.54 65.61 67.08 68.46 75.39 75.02 79.33 81.39 77.75 70.08 69.34 64.73 63.11 65.41 58.4 53.56 56.98 59.54 61.28 57.56 60.6
-9999 -9999 -9999 -9999 -9999 -9999 -9999 -9999 -9999 67.32433 68.47423 68.12 68.44 73.4 79.58 88.09 89.66 76.95 73.73 72.08 71.36 72.27 72.84 68.91 65.07 65.22 65.43 70.72 67.51 64.51 63.61 62.24 60.46 57.15 55.1 54.43 55.23 56.55 57.17 57.76 58.9 60.29 58.63 56.69 56.47 56.16 55.96 56.84 58.81 62 65.56 67.73 72.89 73.57 72.14 69.45 65.6 65.08 68.88 72.83 76.57 79.9 78.75 83.11 69.2 60.86 64.79 63.48 57.12 55.23 52.02 50.06 53.99 54.13 56.06 53.74 63.17
-9999 -9999 -9999 -9999 -9999 -9999 -9999 -9999 -9999 66.19 67.44 67.03 66.97 69.84 79.64 89.19 73.17 71.07 69.38 70.47 68.94 68.18 66.43 67.92 77.81 78.31 72.69 70.91 67.78 65.27 62.74 63.34 59.79 56.76 55.51 54.3 54.26 59.09 62.45 68.44 61.48 59.6 55.15 53.87 56.62 57.57 56.28 58.61 62.05 63.15 64.21 70.71 80.15 72 68.25 69.47 73.22 73.92 71.47 65.42 68.18 64.37 65.17 68.36 60.86 58.52 55.66 54.58 52.18 53.39 50.6 49.03 50.16 49.79 50.33 58.76 64.18
-9999 -9999 -9999 -9999 -9999 -9999 -9999 -9999 64.30645 65.64 66.45 67.12 66.27 70.89 75.35 72.93 69.96 67.57 67.65 66.93 68.17 69.4 79.04 91.03 83 75.57 68.83 70.28 66.57 63.69 63.01 63.25 58.82 57.45 58.37 56.9 55.93 58.28 58.55 58.04 56.81 47.4 47.6 51.76 52.59 58.27 59.04 57.71 58.74 62.99 74.3 83.86 85.23 82.69 84.78 79.49 68.91 62.97 58.58 58.79 56.16 53.79 56.95 57.28 54.21 52.13 50.91 53.9 51.26 51.27 50.07 46.33 45.51 47.87 55.35 61.19 60.87
-9999 -9999 -9999 -9999 -9999 -9999 -9999 -9999 62.35165 63.77 65.4 67.26 66.12 71.82 71.03 66.67 66.35 66.45 67.31 69.61 70.37 80.67 105.16 91.37 71.7 63.97 62.04 65.73 66.28 64.37 64.92 63.55 61.93 60.36 58.96 58.31 63 58.9 56.17 47.48 43.84 44.92 50.06 51.97 60.07 77.74 72.55 59.76 63.18 76.56 81.41 81.62 82.1 74.02 73.2 67.64 64.76 68.44 71.21 66.27 52.72 51.01 50.69 49.63 47.12 49.46 49.76 51.92 51.55 47.76 47.93 46.11 45.71 51.33 56.75 58.48 56.81
-9999 -9999 -9999 -9999 -9999 -9999 -9999 -9999 61.43 62.68 64.79 65.04 65.05 70.67 69.67 65.53 66.45 66.55 67.09 70.59 72.62 77.33 94.29 88.45 64.55 60.49 61.02 61.28 63.53 66.49 66.69 68.24 64.01 61.05 62.37 56.88 53.66 48.8 46.35 43.57 40.86 44.15 46.78 51.07 74.72 88.24 70.31 66.69 75 83.49 93.95 88.18 80.73 66.21 70.59 70.18 55.35 46.96 50.49 53.4 53.05 50.97 47.02 44.31 47.03 48.79 48.23 49.87 50.12 47.3 45.9 44.54 47.04 52.65 54.12 54.21 57.64
-9999 -9999 -9999 -9999 -9999 -9999 -9999 59.39726 59.61 58.9 59.92 60.79 62.78 67.56 67.09 67.45 66.29 68.11 74.6 80.36 81.96 71.18 66.58 63.64 61.52 60.78 58.24 57.87 58.47 59.35 54.54 52.28 60.59 52.53 48.38 45.65 43.67 45.5 41.61 40.02 39.09 38.97 49.22 65.54 55.96 66.92 87.48 85.6 83.34 59.59 69.77 63.8 49.64 43.18 47.29 39.85 42.11 44.83 48.53 50.77 45.81 42.57 42.75 45.52 48.02 48.23 46.82 49.02 47.95 47.64 45.79 45.18 46.59 49.29 51.36 53.79 53.93
-9999 -9999 -9999 -9999 -9999 -9999 -9999 -9999 55.27273 56.86 57.8 59.13 64.55 65.88 64.59 70.49 74.62 76.13 75.36 77.2 73.25 66.32 66.33 65.8 63.02 59.22 54.82 54.08 54.01 51.37 48.56 48.24 48.68 45.15 41.47 41.46 42.7 42.55 39.73 38.67 38.52 41.16 49.77 49.46 57.88 49.05 47.22 45.93 41.73 35.57 35.88 35.93 37.19 39.16 40.3 41.7 47.55 50.8 42.74 40.91 40.33 41.96 44.21 46.23 46.85 45.67 47.02 46.73 45.82 47.37 43.93 44.38 47.98 52.01 51.72 49.95 48.73
-9999 -9999 -9999 -9999 -9999 -9999 -9999 52.18667 54.16 54.65 54.97 61.82 65.41 64.94 74.48 79.36 74.73 70.51 69.9 67.08 64.09 68.92 64.2 65.8 58.21 54.15 53.49 51.67 52.34 52.28 50.48 45.52 43.14 40.24 39.6 39.97 39.59 38.18 36.49 36.01 37.03 39.1 40.47 41.55 41.15 35.99 34.8 33.06 33.01 33.07 33.58 35.01 35.62 36.26 37.64 40.21 39.59 37.92 38.16 39.25 40.01 41.65 43.35 44.4 44.23 43.55 45.01 43.42 44.95 43.84 42.38 44.08 45.21 46.23 46.47 48.76 52.93
-9999 -9999 -9999 -9999 -9999 -9999 -9999 50.08 52.6 53.13 54.29 62.65 62.28 63.94 70.05 68.44 65.37 66.03 68.93 68.45 67.82 63.87 56.25 56.51 55.36 52.06 50.77 48.94 48.66 47.92 45.91 43.54 44.24 40.6 39.43 38.57 37.59 36.19 35.81 37.05 38.27 37.04 34.71 32.86 32.83 32.97 32.99 32.47 32.05 32.29 33.24 34.02 34.64 35.37 36.62 36.06 36.45 36.81 37.53 39.57 41.73 42.59 42.65 41.94 42.18 43.36 42.98 41.87 42.07 42.98 45.78 48.68 50.69 50.91 51.29 53.95 55.71
-9999 -9999 -9999 -9999 -9999 -9999 45.84127 46.27 50.19 52.31 53.17 58.07 58.08 61.5 61.92 60.91 63.6 66.79 68.42 71.05 62.87 56.28 53.29 53.63 53.45 50.61 46.01 45.48 44.94 46.2 44.34 42.32 41.03 40.7 39.26 38.54 38.22 37.6 38.56 40.07 37.33 35.25 32.95 32.05 32.06 32.15 32.73 33.68 32.64 32.48 33.76 35.21 34.34 34.76 34.51 36.15 38.95 38.41 37.16 36.74 38.02 39.37 40.31 39.94 41.73 42.76 42.03 41.87 42.53 43.35 45.47 47.64 49.03 49.98 51.25 52.64 54.22
-9999 -9999 -9999 -9999 -9999 -9999 43.59184 44.18 46.9 50.94 54.68 54.78 53.51 57.61 56.79 57.22 57.83 59.94 63.69 63.77 56.77 53.29 52.55 52.58 48.98 45.3 45.14 43.98 45.42 43.55 42.59 41.96 40.53 39.21 38.08 38.58 38.39 38.82 36.96 35.25 34.8 33.4 34.01 33.69 33.43 32.01 33.46 34.53 32.84 33.56 34.09 34.45 33.3 34.93 35.37 36.59 39.15 39.68 39.4 40.22 40.34 38.38 41.08 43.96 44.74 46.04 46.62 45.42 44.57 44.59 44.31 44.98 46.87 47.98 49.9 50.93 51.66
-9999 -9999 -9999 -9999 -9999 41.10714 42.99 43.99 44.93 49.51 51.12 49.7 49.2 51.83 55.54 53.49 56.23 56.34 57.16 54.45 50.86 51.15 48.91 47.25 47.11 47.46 46.15 44.17 44.66 43.11 41.09 40.52 40.98 40.5 39.39 37.06 34.78 35.21 35.45 36.01 35.36 34.36 35.29 35.72 37.32 38.16 37.71 36.45 37.32 38.18 37.45 35.96 36.89 37.62 41.51 40.66 41.45 42.02 43.29 42.5 43.09 42.25 44.45 46.33 45.61 47.47 47.38 46.66 46.07 46.4 45.66 45.68 46.07 47.6 48.12 49.8 50.71
-9999 -9999 -9999 -9999 -9999 38.43903 39.16 42.52 46.81 53.7 49.45 47.79 46.7 46.63 50.3 50.07 53 55.1 54.23 50.62 48.29 46.96 45.62 46.71 47.06 45.94 44.31 45.28 42.86 41.75 41.68 41.34 41.09 40.75 40.45 38.2 36.03 35.02 34.53 34.37 34.19 33.53 33.83 34.39 35.41 36.38 37.96 39.82 40.45 44.7 41.13 41.92 38.57 38.25 45.6 45.48 47.44 47.02 48.09 47.37 47.66 44.42 45.09 47.31 48.41 47.82 48.27 47.52 46.32 46.59 45.76 46 46.12 47.2 46.5 47.36 49.6
-9999 -9999 -9999 -9999 -9999 36.17172 37.95 47.69 51.69 50.75 50.36 42.78 42.64 43.22 46.27 47.67 48.17 48.65 48.38 48.15 46.22 47.56 46.95 47.71 45.9 46.3 45.7 46.78 45.6 42.2 40.49 40.41 40.16 39.12 38.96 37.97 36.69 34.74 34.64 33.76 33.19 33.36 33.54 34.72 35.62 36.69 36.87 37.65 45.65 46.39 47.99 41.92 41.77 38.68 39.94 44.48 45.9 46.44 53.36 46.62 52.98 50.98 50.57 50.09 50.67 50.44 48.84 45.45 45.02 45.09 44.95 45.37 45.69 45.48 45.75 46.59 47.84
-9999 -9999 -9999 30.90476 31.63 34.96 39.49 44.75 43.88 40.5 39.43 39.11 39.32 41.25 41.71 41.6 42.72 42.85 45.15 45.74 47.14 47.04 47.11 47.76 49.14 47.61 46.58 45.95 46.57 44.25 41.26 40.03 38.87 37.14 36.77 36.38 36.04 35.99 35.11 34.35 33.41 33.32 33.44 35.1 36.31 41.64 39.06 38.85 44.55 48.52 39.81 37.08 36.37 37.34 35.11 36.29 36.86 39.06 42.38 41.44 44.48 43.84 43.14 42.78 50.14 54.77 51.8 47.97 45.59 46.09 44.51 44.18 44.49 43.98 44.48 46.24 48.44
-9999 -9999 28.89063 29.46512 31.31 33.5 36.57 35.2 36.09 37.32 36.28 36.32 38.07 41.95 42.6 42.62 42.41 44.31 44.93 44.93 45.01 45.43 45.95 47.28 51.29 53.47 51.02 48.68 46.61 44.64 43.41 41.93 39.6 39.87 37.92 36.06 35.24 35.15 34.77 34.57 33.99 33.98 34.27 34.52 34.94 39 40.42 39.38 37.6 36.98 35.76 32.65 34.03 32.8 33.17 33.18 34.7 36.4 38.9 42.4 44.45 45.88 41.69 44.01 46.24 46.62 49.43 47.16 45.14 46.76 48.97 45.25 43.11 43.03 43.13 44.35 46.03
-9999 -9999 29.65 30.47 31.05 32.08 32.81 32.48 33.84 34.16 33.9 34.64 37.65 39.09 40.94 42.04 42.46 41.99 42.12 43.13 41.9 43.1 43.71 44.73 47.37 53.56 52.44 46.36 42.45 42.13 41.25 39.43 37.5 38.4 36.31 36.25 36.38 34.74 34.71 35.01 34.4 34.18 34.35 33.35 31.71 32.55 31.28 31.64 31.36 33.75 33.22 30.8 31.07 31.06 35.35 34 34.35 36.46 36.24 37.76 38.48 36.96 36.98 39.55 44.3 44.14 42.71 43.86 46.8 46.57 50.05 44.14 41.83 41.65 41.85 42.97 44.55
-9999 -9999 29.24 29.73 30.76 36.09 31.51 32.07 32.52 32.21 32.86 34.99 36.42 37.42 38.32 39.33 39.39 39.13 40.43 40.93 40.04 40.91 43.58 43.82 44.01 44.83 45.57 43.97 41.39 40.07 40.56 37.29 36.55 36.26 35.8 36.08 35.64 35.06 34.8 34.43 36.83 34.28 30.68 30.63 29.41 29.85 29.2 29.88 29.28 30.22 31.26 31.13 30.56 30.73 33.28 36.28 35 34.88 34.53 36.73 39.9 37.58 34.97 36.09 40.68 41.28 39.66 38.32 38.81 42.11 40.51 38.44 40.27 41 41.36 42.57 44.07
-9999 29.70313 29.37 30.4 33.02 31.45 30.34 31.3 30.61 30.48421 32.01 33.49 35.21 36.78 37.48 38.06 37.42 38.64 39.29 38.9 39.11 39.67 40.6 42.46 42.27 42.14 40.93 41.05 39.7 37.91 37.86 36.03 35.95 35.14 34.77 34.31 33.26 32.8 33.45 32.52 31.77 29.29 29.09 28.33 28 28.17 27.98 27.59 27.51 28.64 29.87 29.85 31.33 32.33 32.57 34.31 36.77 34.44 34.28 37.32 38.98 38.02 36.97 35.51 38.08 38.92 36.64 35.93 36.24 36.78 37.2 37.81 38.69 40.66 41 41.66 43.24
-9999 30.64 30.34 31.71 33.41 31.92 28.28723 28.35556 28.55172 30.14 31.43 32.2 33.64 34.17 34.58 35.5 36.2 37.15 37.97 38.5 38.48 38.91 39.22 39.25 39.81 40.07 39.45 38.75 38.8 37.79 35.83 35.17 34.24 33.37 33.31 32.71 31.83 30.94 31.36 31.67 30.23 28.61 28.02 28.02 27.81 27.42 27.45 29.1 29.67 27.76 29.2 29.8 29.48 30.64 31.4 33.03 34.74 35.58 34.41 33.71 33.68 37.55 36.7 33.94 36.12 34.56 34.01 34.16 34.64 35.91 36.95 37.26 37.97 39.17 41.03 42.07 44.08
-9999 32.61224 34.21 34.11 35.23 31.7732 27.5443 27.53 28.08 29.46 30.36 30.96 31.29 32.23 33.09 33.93 34.61 35.03 36.04 38.1 38.75 39.32 39.38 39.36 39.46 39.76 40.51 39.93 37.29 36.25 35.46 34.25 32.77 32.01 31.67 30.46 29.76 29.43 30 29.85 27.68 27.23 27.65 28 27.83 27.58 27.56 27.44 27.75 29.14 29.03 28.13 30.16 33.82 31.96 32.98 32.91 32.49 32 34.79 32.89 33.26 34.3 33.39 34.7 33.71 33.99 34 34.09 34.73 36.7 37 37.52 38.68 40.86 43.91 46.14
-9999 34.14 34.86 34.32 30.7 29.08333 27 27.2 27.97 29.05 30.41 30.98 31.46 32.34 32.46 33.37 34.56 35.52 36.08 36.87 37.45 38.53 40.84 41.04 39.99 39.21 41.14 39.42 36.09 34.87 35 33.73 32.4 31.59 30.39 29.68 29.51 29.45 28.83 28.18 28.07 28.05 27.91 28.65 28.23 28.18 28.17 27.28 27.73 28.52 29.38 28.69 27.76 30.27 29.28 30.48 31.7 32.56 34.53 35.06 32.54 32.32 34.65 33.97 32.84 33.18 33.32 33.63 34.59 35.07 37 39.54 38.89 38.2 40.59 42.86 45.52
37.66667 36.16 34.8 32.83 29.58511 -9999 -9999 27.05 27.92 28.19 29.17 30.45 31.26 32.16 32.79 33.9 35.54 36.04 36.18 36.95 37.25 37.96 38.45 40.61 40.94 37.9 36.5 35.22 33.97 34.1 34.66 33.5 32.47 32 31.14 30.54 31.02 30.42 28.7 29.46 29.75 29.9 29.87 29.21 31.08 28.48 28.54 27.49 28.49 29.54 30.08 30.13 29.56 26.81 29.47 29.66 29.72 29.41 32.32 32.57 34.02 32.97 32.76 33.63 34.26 34.16 36.5 35.37 34.1 34.33 35.44 37.11 37.77 38.36 41.13 42.8 43.98
34.48 33.11267 31.82432 31.05195 29.42222 27 26.93258 27 27.28 28.12 29.1 29.93 30.84 31.48 32.69 34.69 35.93 36.52 36.72 36.65 36.99 36.82 38.51 38.25 36.9 36.79 33.64 33.26 33.87 33.69 33.79 33.13 32.41 31.9 31.27 30.42 30.87 31.61 29.38 28.16 29.45 30.75 31.02 29.77 29.56 29.23 28.64 29.59 29.77 31.39 30.59 29.81 27.93 26.98 27.44 26.83 27.31 28.86 29.69 30.53 32.65 34.74 34.17 33.5 33.58 35.09 37.76 36.63 33.15 34.08 36.24 36.16 37.11 38.43 40.13 41.96 43.74
-9999 -9999 -9999 30.41892 28.61039 27.59524 27.07 27.03 27 27.41 27.98 28.64 29.82 31.87 33.34 34.33 35.46 36.03 36.19 35.28 35.28 35.18 35.22 35.58 34.45 33.21 33 32.76 33.46 34.23 34.85 34.18 32.76 32.19 31.81 30.89 31.26 31.8 30.84 29.14 30.13 30.53 31.2 31.18 29.37 30.88 30.58 31.78 30.73 29 27.78 27.15 26.88 26.94 29.63 27.18 28.41 30.62 30.3 31.23 31.87 33.91 34.36 33.92 34.56 34.59 33.07 32.84 36.1 33.56 36.22 36.69 37.24 38.02 40.46 43.59 43.83
-9999 -9999 -9999 -9999 29.1 28.51 28.9495 27.22353 26.5055 26.87912 27.73 27.45 28.04 30.88 31.84 32.66 34.13 34.13 34.01 34.29 33.72 33.11 33.44 33.9 33.72 32.51 31.35 32.26 32.62 33.86 34.28 35.28 36.41 34.63 35.19 31.99 31.64 32.27 31.74 30.47 28.92 31.86 31.19 30.74 29.49 31.76 32.53 31.18 30.1 27.49 28.22 28.86 28.96 28.34 28.53 27.57 27.49 27.9 29.94 34.37 36.55 34.46 33.36 32.96 30.39 31.5 33.21 32.91 32.48 34.72 35.5 37.11 38.48 39.52 40.8 41.85 42.43
-9999 -9999 -9999 -9999 30.88889 30.92857 -9999 26 -9999 26.05128 26.12 26.54 27.03 27.4 29.08 30.23 30.45 30.89 31.28 31.44 31.25 31.19 31.84 32.03 31.69 30.25 29.21 30.81 31.82 32.25 33.1 34.68 37.22 37.29 36.62 34.09 31.73 32.84 32.19 31.37 29.61 29.7 30.12 31.1 30.46 31.39 30.97 29.84 29.96 30.11 28.93 29.36 29.26 28.55 28.99 29.01 28.81 28.73 28.41 28.77 31.38 37 36.74 36.34 35.67 31.17 29.16 33.8 37.61 41.06 42.39 37.29 37.6 37.59 37.79 37.85 40.08
-9999 -9999 -9999 -9999 -9999 -9999 -9999 -9999 26 26.0102 25.68421 25.52 26 26.88 27.2 29.03 29.47 29.84 30.49 31.7 31.06 31.09 30.32 30.08 28.88 28.11 28.47 29.07 30.02 31.57 31.78 33.59 34.93 31.02 31.77 32.07 32.73 32.56 32.26 32 31.1 30.31 30.95 30 30.05 30.06 29.63 29.96 30.26 29.92 29.76 30.15 29.61 29.18 29 29.26 29.47 29.17 30.09 30.34 29.1 29.94 29.31 32.28 32.91 33.14 27.61 32.25 32.56 34.04 37.52 35.9 36.4 33.88 32.98 33.97 36.35
-9999 -9999 -9999 -9999 -9999 -9999 -9999 -9999 -9999 25.76 25.91 25.9 25.51 25.69 25.78 27.03 27.82 28.75 29.45 29.46 30.66 31.56 30.19 28.46 27.86 27.37 27.71 27.69 28.03 28.64 30.34 31.09 29.96 29.35 29.74 29.69 30.93 31.76 32.02 32.02 32.14 31.41 30.94 30.63 30.11 30.32 29.07 29.96 29.98 28.05 28 27.97 30.12 31.62 29.22 28.56 29.82 29.13 30.18 30.41 31.36 31.3 30.94 27.64 30.29 28.94 26.89 27.75 28.4 27.95 28.78 29.25 27.7 27.61 29.32 32.95 34.56
-9999 -9999 -9999 -9999 -9999 -9999 -9999 -9999 -9999 26.18 26.84 24.58 25.13 25.14 24.81 25.18 26.06 27.03 27.66 28.61 28.81 29.04 28.37 27.39 26.76 26.82 26.72 27.05 27.09 27.01 27.03 29.01 30.66 33.36 32.87 31.04 30.13 31.39 31.79 30.65 30.72 31.89 31.78 30.6 29.1 28.08 26.62 27.37 29.39 29.79 29.99 28.21 27.19 27.66 29.44 27.68 26.56 27.51 29.19 28.08 28.66 28.11 30.39 25.97 27.33 26.75 25.02 27.77 24.19 23.77 24.37 25.54 24.06 27.01 30.69 32.2 31.73
-9999 -9999 -9999 -9999 -9999 -9999 -9999 -9999 23.86539 26.06 28.25 25.37 24.17 23.68 24.12 23.4 24.08 24.94 26.65 26.31 25.96 25.28 24.58 25.32 26.28 26.03 25.97 25.93 26.14 26.51 27.19 28.14 30.06 31.65 32.01 33.24 32.75 32.01 32.84 32.01 29.07 27.74 29.22 31.25 29.8 28.66 26.89 25.97 25.62 26.39 26.82 28.42 29.32 27.9 25.31 26 25.02 24.11 25.51 24.88 21.8 22.53 23.43 22.94 23.4 23.32 23.88 22.02 21.74 21.62 23.87 21.7 23.2 25.95 26.08 26.84 30.17
-9999 -9999 -9999 -9999 -9999 -9999 -9999 -9999 23.8022 25.83 26.62 25.27 23.92 23.45 23.09 23 23.76 25.61 25.35 25.99 24.87 24.87 23.45 24.59 25.81 26.39 25.86 25.87 26.9 28.57 29.89 29.06 27.41 30.36 32.83 32.52 32.42 35.25 34.2 31.35 29.83 27.23 26.3 27.14 29.12 30.39 28.74 26.55 24.11 22.68 24.19 24.39 26.71 27.33 26.33 25.35 24.97 21.38 21.46 20.94 19.51 19.75 19.6 19.44 19.85 20.09 20.17 20.15 20.48 21.08 21.18 23.62 28.01 30.86 30.85 28.7 26.54
-9999 -9999 -9999 -9999 -9999 -9999 -9999 24 23.68817 25.35 24.01 23.46 23.07 22.16 22.12 22.55 23.39 23.51 24.02 24.59 24.12 23.11 22.94 23.22 23.73 25.03 24.75 24.08 25.18 25.41 26.45 29.52 29.67 29.82 29.92 27.78 26.92 28.84 29.72 27.31 28.69 29.66 25.74 27.53 28.54 27.24 29.55 28.64 25.91 24.57 22.39 22.16 24.13 23.3 22.46 23.13 22.64 19.42 17.69 17.99 17.24 19.67 19.05 19.85 20.55 20.23 20.07 20.3 20.01 20.1 20.37 22.16 23.63 23.41 23.84 23.99 25.71
