layers/wordclim/current/bio_06.asc
ncols         166
nrows         93
xllcorner     -9.4959440078468
yllcorner     36.000324005443
cellsize      0.083333337679505
NODATA_value  -9999
[rows 0 to 34 of 93, columns 78 to 155 of 166]
-9999 -9999 -9999 -9999 -9999 -9999 -9999 -9999 -9999 -9999 -9999 -9999 -9999 -9999 -9999 -9999 -9999 -9999 -9999 -9999 -9999 -9999 -9999 -9999 -9999 -9999 -9999 -9999 -9999 -9999 -9999 -9999 -9999 -9999 -9999 -9999 -9999 -9999 -9999 -9999 -9999 -9999 -9999 -9999 -9999 -9999 -9999 -9999 -9999 -9999 -9999 -9999 -9999 -9999 -9999 -9999 -9999 -9999 -9999 -9999 -9999 -9999 -9999 -9999 -9999 -9999 -9999 -9999 -9999 -9999 -9999 -9999 -9999 -9999 -9999 -9999 -9999 -9999
-9999 -9999 -9999 -9999 -9999 -9999 -9999 -9999 -9999 -9999 -9999 -9999 -9999 -9999 -9999 -9999 -9999 -9999 -9999 -9999 -9999 -9999 -9999 -9999 -9999 -9999 -9999 -9999 -9999 -9999 -9999 -9999 -9999 -9999 -9999 -9999 -9999 -9999 -9999 -9999 -9999 -9999 -9999 -9999 -9999 -9999 -9999 -9999 -9999 -9999 -9999 -9999 -9999 -9999 -9999 -9999 -9999 -9999 -9999 -9999 -9999 -9999 -9999 -9999 -9999 -9999 -9999 -9999 -9999 -9999 -9999 -9999 -9999 -9999 -9999 -9999 -9999 -9999
-9999 -9999 -9999 -9999 -9999 -9999 -9999 -9999 -9999 -9999 -9999 -9999 -9999 -9999 -9999 -9999 -9999 -9999 -9999 -9999 -9999 -9999 -9999 -9999 -9999 -9999 -9999 -9999 -9999 -9999 -9999 -9999 -9999 -9999 -9999 -9999 -9999 -9999 -9999 -9999 -9999 -9999 -9999 -9999 -9999 -9999 -9999 -9999 -9999 -9999 -9999 -9999 -9999 -9999 -9999 -9999 -9999 -9999 -9999 -9999 -9999 -9999 -9999 -9999 -9999 -9999 -9999 -9999 -9999 -9999 -9999 -9999 -9999 -9999 -9999 -9999 -9999 -9999
-9999 -9999 -9999 -9999 -9999 -9999 -9999 -9999 -9999 -9999 -9999 -9999 -9999 -9999 -9999 -9999 -9999 -9999 -9999 -9999 -9999 -9999 -9999 -9999 -9999 -9999 -9999 -9999 -9999 -9999 -9999 -9999 -9999 -9999 -9999 -9999 -9999 -9999 -9999 -9999 -9999 -9999 -9999 -9999 -9999 -9999 -9999 -9999 -9999 -9999 -9999 -9999 -9999 -9999 -9999 -9999 -9999 -9999 -9999 -9999 -9999 -9999 -9999 -9999 -9999 -9999 -9999 -9999 -9999 -9999 -9999 -9999 -9999 -9999 -9999 -9999 -9999 -9999
60.88506 60.11 55.2 58.09302 57.48718 58.83636 -9999 -9999 -9999 -9999 -9999 -9999 -9999 -9999 -9999 -9999 -9999 -9999 -9999 -9999 -9999 -9999 -9999 -9999 -9999 -9999 -9999 -9999 -9999 -9999 -9999 -9999 -9999 -9999 -9999 -9999 -9999 -9999 -9999 -9999 -9999 -9999 -9999 -9999 -9999 -9999 -9999 -9999 -9999 -9999 -9999 -9999 -9999 -9999 -9999 -9999 -9999 -9999 -9999 -9999 -9999 -9999 -9999 -9999 -9999 -9999 -9999 -9999 -9999 -9999 -9999 -9999 -9999 -9999 -9999 -9999 -9999 -9999
60.70707 57.51 58.41 57.14 54.98 50.76 55.34343 54.42466 59.18333 59.70492 60.54099 58.54762 56.9375 50.18 36.52 38.78378 -9999 -9999 -9999 -9999 -9999 -9999 -9999 -9999 -9999 -9999 -9999 -9999 -9999 -9999 -9999 -9999 -9999 -9999 -9999 -9999 -9999 -9999 -9999 -9999 -9999 -9999 -9999 -9999 -9999 -9999 -9999 -9999 -9999 -9999 -9999 -9999 -9999 -9999 -9999 -9999 -9999 -9999 -9999 -9999 -9999 -9999 -9999 -9999 -9999 -9999 -9999 -9999 -9999 -9999 -9999 -9999 -9999 -9999 -9999 -9999 -9999 -9999
42.5 53.59 54.8 51.24 42.67 43.02 45.26 43.73 44.92 43.76 44.28 51.67 39.41 38.39 20.08 32.17 23.87 13.53 10.67 -9999 -9999 -9999 -9999 -9999 -9999 -9999 -9999 -9999 -9999 -9999 -9999 -9999 -9999 -9999 -9999 -9999 -9999 -9999 -9999 -9999 -9999 -9999 -9999 -9999 -9999 -9999 -9999 -9999 -9999 -9999 -9999 -9999 -9999 -9999 -9999 -9999 -9999 -9999 -9999 -9999 -9999 -9999 -9999 -9999 -9999 -9999 -9999 -9999 -9999 -9999 -9999 -9999 -9999 -9999 -9999 -9999 -9999 -9999
43.06 43.35 44.05 32.13 38.41 40.69 40.37 35.85 34.45 33.55 36.68 38.46 22.38 13.79 11.19 23.01 22.55 17.42 5.246575 -9999 -9999 -9999 -9999 -9999 -9999 -9999 -9999 -9999 -9999 -9999 -9999 -9999 -9999 -9999 -9999 -9999 -9999 -9999 -9999 -9999 -9999 -9999 -9999 -9999 -9999 -9999 -9999 -9999 -9999 -9999 -9999 -9999 -9999 -9999 -9999 -9999 -9999 -9999 -9999 -9999 -9999 -9999 -9999 -9999 -9999 -9999 -9999 -9999 -9999 -9999 -9999 -9999 -9999 -9999 -9999 -9999 -9999 -9999
36.77 20.47 3.41 21.07 20.12 33.89 37.1 26.48 34.69 39.7 34.05 18.13 18.83 3.15 3.15 2.3 -2.74 -12.12 -14.2125 -9999 -19.71428 -22.58928 -9999 -9999 -9999 -9999 -9999 -9999 -9999 -9999 -9999 -9999 -9999 -9999 -9999 -9999 -9999 -9999 -9999 -9999 -9999 -9999 -9999 -9999 -9999 -9999 -9999 -9999 -9999 -9999 -9999 -9999 -9999 -9999 -9999 -9999 -9999 -9999 -9999 -9999 -9999 -9999 -9999 -9999 -9999 -9999 -9999 -9999 -9999 -9999 -9999 -9999 -9999 -9999 -9999 -9999 -9999 -9999
17.89 20.98 14.3 21.91 22.23 14.86 11.48 -0.5 12.22 18.95 10.86 -1.41 0.81 6.1 6.67 4.92 3.22 -5.05 -9 -14.99 -17.98 -20.19 -24.36 -30.89247 -34.34426 -38.48 -51.63793 -9999 -9999 -9999 -9999 -9999 -9999 -9999 -9999 -9999 -9999 -9999 -9999 -9999 -9999 -9999 -9999 -9999 -9999 -9999 -9999 -9999 -9999 -9999 -9999 -9999 -9999 -9999 -9999 -9999 -9999 -9999 -9999 -9999 -9999 -9999 -9999 -9999 -9999 -9999 -9999 -9999 -9999 -9999 -9999 -9999 -9999 -9999 -9999 -9999 -9999 -9999
7.71 10.38 19.73 24.22 23.48 21.18 18.06 16.09 4.96 6.08 4.78 2.96 -8.96 2.96 11.54 7.38 2.16 -1.71 -7.77 -10.15 -14.93 -24.86 -18.81 -27 -28.8 -35.34 -51.57 -56.88158 -9999 -9999 -9999 -9999 -9999 -9999 -9999 -9999 -9999 -9999 -9999 -9999 -9999 -9999 -9999 -9999 -9999 -9999 -9999 -9999 -9999 -9999 -9999 -9999 -9999 -9999 -9999 -9999 -9999 -9999 -9999 -9999 -9999 -9999 -9999 -9999 -9999 -9999 -9999 -9999 -9999 -9999 -9999 -9999 -9999 -9999 -9999 -9999 -9999 -9999
12.68 18.95 18.3 12.41 10.25 5.01 5.2 -2.15 -5.54 -2.12 -1.02 -11.18 -6.41 -2.38 9.26 9.8 7.16 0.24 -0.63 -0.91 -8.75 -12.24 -14.3 -17.84 -19.38 -30.95 -40.46 -48.37 -64.66666 -61.52239 -70.33334 -63.15909 -79.68687 -87.98508 -9999 -9999 -9999 -9999 -9999 -9999 -9999 -9999 -9999 -9999 -36.48 -52.42 -70.84615 -74.69091 -9999 -9999 -9999 -9999 -9999 -9999 -9999 -9999 -9999 -9999 -9999 -9999 -9999 -9999 -9999 -9999 -9999 -9999 -9999 -9999 -9999 -9999 -9999 -9999 -9999 -9999 -9999 -9999 -9999 -9999
22.85 21.39 14.8 13.08 9.86 0.94 4.33 4.52 2.54 1.13 3.27 8.61 11.75 6.68 7.49 0.37 -1.15 -6.55 -7.01 -2.59 1.01 -6.96 -12.46 -17.21 -15.46 -21.29 -23.75 -26.81 -39.93 -47.77 -73.7 -62.62 -49.61 -78.1 -67.29348 -9999 -9999 -9999 -66.79166 -9999 -82.33334 -9999 -9999 -9999 -49.87755 -41.82 -53.54 -63.24 -69.19 -56.58537 -68.79365 -67.30303 -9999 -9999 -9999 -9999 -9999 -9999 -9999 -9999 -9999 -9999 -9999 -9999 -9999 -9999 -9999 -9999 -9999 -9999 -9999 -9999 -9999 -9999 -9999 -9999 -9999 -9999
14.91 18.18 8.99 -0.36 -3.16 1.07 1.55 0.99 2.41 10.07 9.09 7.01 11.39 13.97 11.78 2.24 -1.5 -10.99 -10.39 -4.93 0.46 -6.26 -11.81 -7.98 -8 -7.04 -16.36 -22.39 -24.88 -28.35 -39.16 -42.89 -36.15 -50.57 -43.57 -60.68 -68.7 -55.64 -44.87 -66.77 -66.95 -80.45 -55.98 -89.96 -80.98 -72.25 -74.19 -75.33 -62.18 -35.04 -51.46 -51.56 -73.09278 -9999 -9999 -9999 -9999 -9999 -9999 -9999 -9999 -9999 -9999 -9999 -9999 -9999 -9999 -9999 -9999 -9999 -9999 -9999 -9999 -9999 -9999 -9999 -9999 -9999
17.08 17.52 18.63 16.42 14.1 13.38 10.9 9.3 10.62 13.46 12.19 13.36 13.27 15.29 13.5 6.52 1.55 -5.9 -1.43 3.55 2.28 0.95 -7.8 -11.92 -18.81 -12.53 -9.99 -18.57 -19.06 -25.04 -23.09 -21.96 -33.45 -42.45 -35.64 -39.27 -35.4 -23.94 -31.9 -60.96 -55.15 -41.21 -58.05 -65.1 -54.78 -58.3 -65.64 -79.26 -74.56 -37.86 -26.42 -38.06 -58.77 -9999 -9999 -9999 -9999 -9999 -9999 -9999 -9999 -9999 -9999 -9999 -9999 -9999 -9999 -9999 -9999 -9999 -9999 -9999 -9999 -9999 -9999 -9999 -9999 -9999
10.44 9.86 12.2 15.1 12.53 14.02 15.34 14.48 15.46 15.52 12.94 13.84 14.03 11.41 13.14 8.8 9.28 1.89 0.21 1.6 -7.28 -11.15 -14.14 -14.87 -21.69 -22.56 -15.39 -16.89 -16.33 -20.74 -18.35 -18.47 -28.49 -34.18 -36.01 -23.51 -22.87 -13.46 -26.63 -35.34 -34.64 -34.63 -43.82 -35.83 -28.48 -41.25 -65.14 -59.85 -56.52 -29.87 -35.16 -44.84 -46.05 -9999 -9999 -67.52381 -64.64211 -52.20225 -23.2037 -14.17647 -9999 -9999 -9999 -9999 -9999 -9999 -9999 -9999 -9999 -9999 27.10714 21.33824 26.26415 -9999 -9999 -9999 -9999 -9999
-4.43 -0.96 8.63 5.92 -4.59 3.03 5.75 7.73 7.09 10.18 12.13 15.26 14.4 11.25 14.07 12.98 11.7 10.08 7.82 6.9 1.69 -7.19 -10.5 -14.53 -18.48 -19.78 -14.54 -12.33 -19.84 -20.53 -21.27 -24.91 -25.4 -28.55 -31.42 -30.93 -20.36 -11.16 -10.22 -14.69 -21.56 -26.89 -34.05 -36.74 -27.07 -27.29 -29.27 -25.14 -29.41 -22.27 -44.43 -32.31 -15.43 -9.51 -20.56 -23.88 -18.91 -14.29 -14.89 -26.38356 -9999 -52 -51.24 -31.81 -18.37647 -9999 -9999 -9999 16.17021 29.74 38.71 40.94 41.43 40.1236 -9999 -9999 -9999 -9999
-27.94 -17.37 -3.33 -13.87 -20.19 -12.45 -14.07 -16.8 -9.11 -11.94 1.75 10.89 14.26 14.19 13.9 14 10.22 7.76 7.86 7.08 4.56 0.41 -2.99 -6.16 -8.11 -11.41 -5.88 -5.99 -11.97 -20.92 -28.03 -29.27 -30.58 -37.89 -31.76 -28.07 -21.49 -10.82 -6.94 -17.39 -13.09 -22.75 -16.23 -24.51 -16.18 -21.69 -28.03 -13.4 -11.26 -30.92 -34.57 -23.46 -4.08 -15.65 -31.64 -40.16 -39.45 -25.89 -27.81 -29.23 -22.08 -12.44 -16.55 -13.83 1.85 12 15.18 14.93 21.51 32.94 39.69 45.58 47.74 46.49438 41.77419 -9999 -9999 -9999
-39.96 -25.84 -21.18 -25.42 -15.8 -22.78 -17.38 -25.72 -15.23 -12.35 -4.28 2.79 4.44 12.63 15.79 15.43 11.87 12.34 12.29 8.38 7.28 5.79 5.7 1.8 -1.66 -3.96 -1.01 0.14 -0.64 -1.41 -4.87 -8.33 -13.09 -11.64 -11.26 -16.58 -14.78 -14.78 -6.45 -12.1 -5.49 -9.72 -14.47 -16.62 -9.28 -17.76 -9.04 -1.83 -16.57 -32.41 -20.78 -6.07 -7.93 -24.59 -33.57 -33.01 -25.95 -19.78 -2.42 -9.41 -4.11 2.53 8.01 3.47 8.51 24.74 26.35 31.77 34.53 38.69 43.02 46.55 50.01052 -9999 -9999 -9999 -9999 -9999
-22.48 -26.11 -36.18 -31.26 -27.21 -32.68 -36.54 -30.61 -23.56 -23.16 -16.14 -10.65 -8.45 6.2 11.67 11.9 14.22 13.22 9 6.69 10.52 10.98 10.75 8.61 5.61 3.75 4.97 4.29 2.13 0.51 1.34 0.93 -2.69 -2.32 -1.84 -4.4 -3.46 -4.49 -0.95 -6.92 -6.57 -13.21 -12.47 -13.12 -6.19 -12.22 0.9 0.78 -0.56 -13.98 -15.19 -2.45 -9.73 -16.62 -19.49 -6.33 -9.51 -18.15 8.3 6.28 7.96 7.67 14.52 4.18 3.89 22.72 20.74 28.68 34.16 40.36 43.35 47.06 50.09 53.0597 -9999 -9999 -9999 -9999
-40.27 -46.96 -43.62 -44.61 -44.23 -43.19 -36.31 -29.12 -31.94 -26.71 -21.41 -9.51 -1.43 2.12 5.69 11.67 14.25 14.84 11.49 4.68 5.8 13.51 9.27 2.94 1.2 3.41 8.48 5.99 6.41 3.7 5.05 4.48 0.5 0.43 1.31 0.19 1.11 2.57 3.26 -9.75 -12.1 -12.36 -6.67 -8.8 -14.25 -15.01 -2.09 -13.87 -8.73 -4.71 2.58 10.51 7.13 4.83 5.37 4.52 3.25 11.35 21.38 17.44 17.22 14.37 19.27 24.71 15.57 10.09 24.75 32.17 32.29 41.3 45.7 48.49 52.69 54.11224 -9999 -9999 -9999 -9999
-28.11 -37.92 -34.14 -41.2 -34.16 -34.01 -28.96 -34.06 -35.58 -30.05 -22.98 -13.23 -8.48 -5.6 -4.28 6.72 8.67 12.83 16.94 15.56 14.95 14.41 9.54 2.67 -4.08 1.88 11.16 9.18 4.65 5.07 8.01 8.54 5.04 3.72 4.55 2.12 5.07 5.87 5.36 0.55 -2.97 -7.47 -6.31 -3.65 -8.25 -2.87 0.6 -5.6 6.37 11.16 11.99 11.73 9.02 4.5 11.19 18.82 19.55 19.38 26.34 23.23 24.69 20.09 23.89 29.62 25.5 22.83 25.37 36.3 40.65 44.4 41.19 45.63 52.26 54.79 54.66667 -9999 -9999 -9999
-23.95 -24.36 -22.49 -22.16 -22.02 -23.86 -21.98 -22.84 -27.99 -29.96 -25.35 -21.46 -21.18 -14.82 -7.15 -1.87 -2.63 3.8 13.15 15.39 18.24 16.57 6.63 2.73 2.67 6.66 13.38 10.25 5 1.21 6.77 8.72 10.44 9.46 7.56 2.46 6.72 9.91 7.03 5.21 3.11 1.85 1.73 0.03 0.02 2.9 8.4 9.52 14.27 13.3 17.16 17.81 13.92 11.45 10.63 19.27 27.38 27.12 33.08 31.64 26.9 15.85 23.85 25.5 21.04 16.29 24.25 35.69 43.98 45.37 45.99 43.58 48.56 53.80822 -9999 -9999 -9999 -9999
-21.54 -22.53 -22.99 -23.68 -24.33 -20.83 -20.19 -22.08 -24.85 -26.55 -25.36 -25.68 -26.3 -42.44 -34.3 -11.47 -4.3 2.13 6.94 11.44 15.53 18.81 18.6 14.03 10.07 14.22 16.31 11.17 6.87 0.15 2.47 7.34 9.99 11.94 9.8 8.79 11.32 11.88 7.83 9.44 9.84 8.79 5.93 7.71 9.06 13.13 15.24 16.39 17.53 18.93 18 18.05 18.95 19.02 15.2 16.35 25.58 36.38 38.9 37.01 27.99 20.98 22.88 19.53 10.93 14.67 37.68 43.44 48.17 47.54 45.52 48.125 -9999 -9999 -9999 -9999 -9999 -9999
-17.5 -16.48 -19.39 -23.05 -22.09 -21.6 -20.52 -19.3 -20.67 -22.72 -22.6 -25.73 -31.58 -35.46 -39.06 -29.7 -16.48 -9.51 1.58 8.02 11.87 16.55 19.05 21.37 20.53 19.33 19.36 11.07 6.49 2.49 -0.38 0.77 5.45 11.13 12.82 12.91 14.23 14.68 11.55 12.89 12.65 7.71 6.04 10.26 13.59 16.59 18.7 20.77 21.59 21.87 20.85 18.97 15.48 15.34 18.47 21.91 29.5 40.9 43.04 32.33 28.16 27.11 33.04 34.58 34.09 42.84 47.2 47.07 52.40816 51 50.58929 -9999 -9999 -9999 -9999 -9999 -9999 -9999
-13.21 -14.38 -15.65 -15.79 -17.89 -20.81 -20.45 -17.91 -18.85 -21.57 -22.46 -25.17 -27.03 -28.48 -24.15 -19.49 -9.83 -8.2 -2.77 8.24 13.3 10.17 8.19 14.23 18.8 20.82 22.53 19.02 14.43 14.18 11.44 4.99 1.75 5.03 6.87 4.54 9.62 13.16 15.3 15.72 12.41 10.95 12.08 13.91 15.35 17.65 19.46 21.2 22.65 22.22 18.96 17.06 16.13 19.47 27.38 30.5 31.03 31.81 45.08 31.92 36.46 44.66 51.64 52.2 49.79 44.82 46.73737 48.67105 -9999 -9999 -9999 -9999 -9999 -9999 -9999 -9999 -9999 -9999
-11.79 -11.9 -11.73 -14.79 -16.89 -18.75 -17.9 -20.99 -23.15 -21.93 -21.06 -24.6 -22.76 -22.66 -20.52 -20.47 -7.34 -0.77 1.54 9.95 12.39 7.92 1.23 8.17 9.67 10.98 16.47 19.86 22.39 20.39 17.3 14.1 11.16 8.47 11.55 11.54 10.75 12.73 11.88 15.95 16.42 17.72 17.83 15.95 16.07 18.15 20.09 20.46 19.39 17 13.61 12.11 15.6 19.83 30.08 37.04 38.43 42.61 51.13 50.15 51.92 56.77 59.19 54.13 53.1383 -9999 -9999 -9999 -9999 -9999 -9999 -9999 -9999 -9999 -9999 -9999 -9999 -9999
-12.2 -12.36 -13.88 -14.77 -14.35 -15.02 -17.8 -22.32 -23 -16.8 -18.08 -19.06 -19.47 -16.3 -11.75 -14.15 -15.79 0.32 1.8 7.33 8.82 4.54 4.48 4.84 -0.03 3.04 8.51 14.34 19.16 23.65 22.38 17.39 13.27 12.75 13.64 13.79 15.84 16.56 15.37 13.25 22.54 20.19 17.36 15.83 14.63 14.52 15.38 17.15 15.67 18 21.75 18.77 20.25 18.74 24.31 34.91 46.97 52.17 53.8 57.93 58.94 58.02 61.2234 -9999 -9999 -9999 -9999 -9999 -9999 -9999 -9999 -9999 -9999 -9999 -9999 -9999 -9999 -9999
-22.28 -18.21 -16.81 -20.18 -20.44 -19.8 -18.92 -20.11 -17.4 -12.43 -13.89 -16.06 -15.16 -15.58 -6.48 -7.63 -1.95 -13.1 -14.68 -13.89 -3.02 1.1 -1.65 -0.04 -4.72 2.83 11.28 15.39 20.28 22.06 23.77 21.02 16.12 15.2 15.31 15.22 17.07 21.76 17.89 20.19 19.1 16.28 14.82 13.25 11.45 10.99 10.88 9.67 14.24 20.8 29.97 30.71 32.39 24.89 33.45 47 51.68 50.65 44.58 55.13 63.11 63.55319 -9999 -9999 -9999 -9999 -9999 -9999 -9999 -9999 -9999 -9999 -9999 -9999 -9999 -9999 -9999 -9999
-23.58 -21.35 -20.86 -20.44 -21.9 -22.51 -23.08 -20.23 -13.82 -11.43 -9.88 -9.33 -8.15 -9.92 -8.18 -6.16 -5.05 -12.46 -19.75 -20.12 -16.12 -8.62 -9.26 -8.23 -6.03 -0.04 7.26 12.32 16.25 19.53 22.03 24.97 25.25 25.65 25.44 26.53 26.85 24.15 19.19 18.93 20.88 20.43 24.48 22.53 17.24 9.03 7.89 5.63 3.72 20.12 41.65 44.33 44.17 43.3 51.16 55.42 54.29 57.55 50.86735 57.60494 66.67647 -9999 -9999 -9999 -9999 -9999 -9999 -9999 -9999 -9999 -9999 -9999 -9999 -9999 -9999 -9999 -9999 -9999
-17.82 -19.07 -16.73 -15.77 -23.26 -23.86 -24.15 -20.47 -16.23 -14.41 -16.21 -19 -18.33 -15.38 -12.41 -18.06 -16.71 -13.68 -19.49 -20.87 -20.46 -20.65 -18.02 -12.83 -7.19 -1.3 2.18 6.95 13.81 18.65 21.82 22.99 22.99 24.5 26.22 26.41 25.32 21.99 25.04 25.23 24.97 22.6 32.59 29.87 23.93 27.05 22.25 20.09 30.92 40.06 52.72 53.11 54.26 54.7347 60.58228 59.89394 -9999 -9999 -9999 -9999 -9999 -9999 -9999 -9999 -9999 -9999 -9999 -9999 -9999 -9999 -9999 -9999 -9999 -9999 -9999 -9999 -9999 -9999
-18.35 -17.07 -14.1 -14.4 -21.22 -23.54 -24.09 -26.16 -28.29 -30.19 -30.32 -27.49 -24.93 -24.25 -22.59 -25.38 -26.48 -23.86 -16.98 -20.79 -22.19 -25.11 -23.69 -17.13 -11.5 -5.8 -5.22 -6.78 4.15 13.92 15.02 17.58 19.65 20.84 18.55 23.91 23.24 21.6 24.86 21.45 19.92 18.02 28.6 36.3 37.78 31.11 22.95 39.65 49.47 55.13 59.33333 -9999 -9999 -9999 -9999 -9999 -9999 -9999 -9999 -9999 -9999 -9999 -9999 -9999 -9999 -9999 -9999 -9999 -9999 -9999 -9999 -9999 -9999 -9999 -9999 -9999 -9999 -9999
-9.63 -11.08 -11.51 -16.33 -19.6 -23.24 -25.28 -26.1 -30.76 -33.96 -33.16 -29.76 -33.79 -31.91 -29.38 -27.34 -27.34 -28.48 -29.27 -19.7 -25.39 -28.28 -33.04 -26.26 -16.43 -10.35 -6.55 -3.16 2.78 6.7 6.31 11.19 15.41 19.65 20.58 18.33 16.42 19.41 21.03 19.73 22.42 24.07 32.75 42.58 32.94 25.92 34.32 50.57747 -9999 -9999 -9999 -9999 -9999 -9999 -9999 -9999 -9999 -9999 -9999 -9999 -9999 -9999 -9999 -9999 -9999 -9999 -9999 -9999 -9999 -9999 -9999 -9999 -9999 -9999 -9999 -9999 -9999 -9999
-3.15 -6.7 -10.23 -16.02 -20.39 -22.18 -22.85 -25.02 -26.43 -29.85 -32.99 -34.19 -33.44 -30.78 -28.58 -28.64 -28.94 -25.44 -26.35 -26.64 -21.76 -26.99 -32.83 -32.65 -24.88 -17.8 -9.96 -0.18 1.15 1.27 0.04 5.83 12 18.51 17.98 12.58 13.88 18.09 16.62 20.64 19.49 35.46 34.21 33.37 36.96 37.12 41.86 -9999 -9999 -9999 -9999 -9999 -9999 -9999 -9999 -9999 -9999 -9999 -9999 -9999 -9999 -9999 -9999 -9999 -9999 -9999 -9999 -9999 -9999 -9999 -9999 -9999 -9999 -9999 -9999 -9999 -9999 -9999
-6.41 -12.39 -15.08 -15.08 -17.11 -20.06 -23.1 -25.55 -21.73 -26.61 -27.97 -32.93 -28.33 -30.14 -31.7 -30.98 -30.82 -27.78 -27.5 -24.21 -22.15 -26.06 -26.9 -28.75 -21.75 -19.73 -14.49 -8.63 -5.37 -6.41 -1.57 1.87 8.03 15.01 8.08 5.69 10.85 15.23 14.3 10.4 15.64 40.36 41.54 29.29 44.0202 -9999 -9999 -9999 -9999 -9999 -9999 -9999 -9999 -9999 -9999 -9999 -9999 -9999 -9999 -9999 -9999 -9999 -9999 -9999 -9999 -9999 -9999 -9999 -9999 -9999 -9999 -9999 -9999 -9999 -9999 -9999 -9999 -9999
