layers/wordclim/current/bio_02.asc
ncols         166
nrows         93
xllcorner     -9.4959440078468
yllcorner     36.000324005443
cellsize      0.083333337679505
NODATA_value  -9999
[rows 0 to 32 of 93, columns 75 to 149 of 166]
-9999 -9999 -9999 -9999 -9999 -9999 -9999 -9999 -9999 -9999 -9999 -9999 -9999 -9999 -9999 -9999 -9999 -9999 -9999 -9999 -9999 -9999 -9999 -9999 -9999 -9999 -9999 -9999 -9999 -9999 -9999 -9999 -9999 -9999 -9999 -9999 -9999 -9999 -9999 -9999 -9999 -9999 -9999 -9999 -9999 -9999 -9999 -9999 -9999 -9999 -9999 -9999 -9999 -9999 -9999 -9999 -9999 -9999 -9999 -9999 -9999 -9999 -9999 -9999 -9999 -9999 -9999 -9999 -9999 -9999 -9999 -9999 -9999 -9999 -9999
-9999 -9999 -9999 -9999 -9999 -9999 -9999 -9999 -9999 -9999 -9999 -9999 -9999 -9999 -9999 -9999 -9999 -9999 -9999 -9999 -9999 -9999 -9999 -9999 -9999 -9999 -9999 -9999 -9999 -9999 -9999 -9999 -9999 -9999 -9999 -9999 -9999 -9999 -9999 -9999 -9999 -9999 -9999 -9999 -9999 -9999 -9999 -9999 -9999 -9999 -9999 -9999 -9999 -9999 -9999 -9999 -9999 -9999 -9999 -9999 -9999 -9999 -9999 -9999 -9999 -9999 -9999 -9999 -9999 -9999 -9999 -9999 -9999 -9999 -9999
-9999 -9999 -9999 -9999 -9999 -9999 -9999 -9999 -9999 -9999 -9999 -9999 -9999 -9999 -9999 -9999 -9999 -9999 -9999 -9999 -9999 -9999 -9999 -9999 -9999 -9999 -9999 -9999 -9999 -9999 -9999 -9999 -9999 -9999 -9999 -9999 -9999 -9999 -9999 -9999 -9999 -9999 -9999 -9999 -9999 -9999 -9999 -9999 -9999 -9999 -9999 -9999 -9999 -9999 -9999 -9999 -9999 -9999 -9999 -9999 -9999 -9999 -9999 -9999 -9999 -9999 -9999 -9999 -9999 -9999 -9999 -9999 -9999 -9999 -9999
-9999 -9999 -9999 -9999 -9999 -9999 -9999 -9999 -9999 -9999 -9999 -9999 -9999 -9999 -9999 -9999 -9999 -9999 -9999 -9999 -9999 -9999 -9999 -9999 -9999 -9999 -9999 -9999 -9999 -9999 -9999 -9999 -9999 -9999 -9999 -9999 -9999 -9999 -9999 -9999 -9999 -9999 -9999 -9999 -9999 -9999 -9999 -9999 -9999 -9999 -9999 -9999 -9999 -9999 -9999 -9999 -9999 -9999 -9999 -9999 -9999 -9999 -9999 -9999 -9999 -9999 -9999 -9999 -9999 -9999 -9999 -9999 -9999 -9999 -9999
60.83333 -9999 -9999 60.25287 61.89 65.25 66.34884 68.41026 70.01818 -9999 -9999 -9999 -9999 -9999 -9999 -9999 -9999 -9999 -9999 -9999 -9999 -9999 -9999 -9999 -9999 -9999 -9999 -9999 -9999 -9999 -9999 -9999 -9999 -9999 -9999 -9999 -9999 -9999 -9999 -9999 -9999 -9999 -9999 -9999 -9999 -9999 -9999 -9999 -9999 -9999 -9999 -9999 -9999 -9999 -9999 -9999 -9999 -9999 -9999 -9999 -9999 -9999 -9999 -9999 -9999 -9999 -9999 -9999 -9999 -9999 -9999 -9999 -9999 -9999 -9999
67.06 64.1 64.44898 61.0303 63.59 65.46 67.91 70.22 73.12 73.63636 75.63013 76.23333 77.57377 78.60656 79.67857 80.26041 81.87 84.68 84.5 -9999 -9999 -9999 -9999 -9999 -9999 -9999 -9999 -9999 -9999 -9999 -9999 -9999 -9999 -9999 -9999 -9999 -9999 -9999 -9999 -9999 -9999 -9999 -9999 -9999 -9999 -9999 -9999 -9999 -9999 -9999 -9999 -9999 -9999 -9999 -9999 -9999 -9999 -9999 -9999 -9999 -9999 -9999 -9999 -9999 -9999 -9999 -9999 -9999 -9999 -9999 -9999 -9999 -9999 -9999 -9999
68.4 66.81 67.57 69.35 66.65 68.15 70.99 74.87 76.41 77.48 79.22 80.3 82 83.01 82.49 85.31 85.95 89.3 87.44 89.26 91.44 92.22 -9999 -9999 -9999 -9999 -9999 -9999 -9999 -9999 -9999 -9999 -9999 -9999 -9999 -9999 -9999 -9999 -9999 -9999 -9999 -9999 -9999 -9999 -9999 -9999 -9999 -9999 -9999 -9999 -9999 -9999 -9999 -9999 -9999 -9999 -9999 -9999 -9999 -9999 -9999 -9999 -9999 -9999 -9999 -9999 -9999 -9999 -9999 -9999 -9999 -9999 -9999 -9999 -9999
71.45 69.83 70.73 70.99 72.07 73.21 77.93 77.63 78.64 80.24 82.59 84.13 85.41 85.77 86.4 89.68 91.19 92.07 90.83 91.39 92.43 94.24657 -9999 -9999 -9999 -9999 -9999 -9999 -9999 -9999 -9999 -9999 -9999 -9999 -9999 -9999 -9999 -9999 -9999 -9999 -9999 -9999 -9999 -9999 -9999 -9999 -9999 -9999 -9999 -9999 -9999 -9999 -9999 -9999 -9999 -9999 -9999 -9999 -9999 -9999 -9999 -9999 -9999 -9999 -9999 -9999 -9999 -9999 -9999 -9999 -9999 -9999 -9999 -9999 -9999
80.58 79.48 74.39 75.09 80.78 85.67 82.66 84.02 82.17 82.74 86.12 85.84 86.08 87.76 90.59 91.8 93.94 94.58 95.26 95.6 95.65 95.9625 -9999 95.72619 96.07143 -9999 -9999 -9999 -9999 -9999 -9999 -9999 -9999 -9999 -9999 -9999 -9999 -9999 -9999 -9999 -9999 -9999 -9999 -9999 -9999 -9999 -9999 -9999 -9999 -9999 -9999 -9999 -9999 -9999 -9999 -9999 -9999 -9999 -9999 -9999 -9999 -9999 -9999 -9999 -9999 -9999 -9999 -9999 -9999 -9999 -9999 -9999 -9999 -9999 -9999
82.67 83.57 82.77 82.53 82.6 85.2 84.44 85.47 87.93 89.58 91.71 90.95 91.27 93.16 94.23 95 95.66 96.43 97.19 97.75 97.86 97.88 97.52 97.25 97.06 96.6 95.34409 94.57377 93.5 89.53448 -9999 -9999 -9999 -9999 -9999 -9999 -9999 -9999 -9999 -9999 -9999 -9999 -9999 -9999 -9999 -9999 -9999 -9999 -9999 -9999 -9999 -9999 -9999 -9999 -9999 -9999 -9999 -9999 -9999 -9999 -9999 -9999 -9999 -9999 -9999 -9999 -9999 -9999 -9999 -9999 -9999 -9999 -9999 -9999 -9999
86.12 85.01 85.72 87.1 87.16 85.85 85.81 87.14 88.8 90.54 91.88 93.98 94.61 95.35 96.08 96.79 97.54 98.18 99.14 99.7 99.79 99.48 99.26 98.73 97.39 98.4 96.84 96.41 94.6 89.91 88.0921 -9999 -9999 -9999 -9999 -9999 -9999 -9999 -9999 -9999 -9999 -9999 -9999 -9999 -9999 -9999 -9999 -9999 -9999 -9999 -9999 -9999 -9999 -9999 -9999 -9999 -9999 -9999 -9999 -9999 -9999 -9999 -9999 -9999 -9999 -9999 -9999 -9999 -9999 -9999 -9999 -9999 -9999 -9999 -9999
85.39 88.31 84.99 87.76 87.05 88.14 90.47 91.78 93.47 94.39 95.89 96.84 97.29 97.79 98.52 98.87 99.59 100.03 101.11 102.14 101.78 101.63 101.41 100.66 100.13 99.86 99.31 98.89 96.29 93.37 90.74 85.39785 85.86567 82.4359 84.11364 78.10101 74.46268 -9999 -9999 -9999 -9999 -9999 -9999 -9999 -9999 -9999 -9999 87.98 81.31 74.23077 72.63636 -9999 -9999 -9999 -9999 -9999 -9999 -9999 -9999 -9999 -9999 -9999 -9999 -9999 -9999 -9999 -9999 -9999 -9999 -9999 -9999 -9999 -9999 -9999 -9999
90.96 90.36 86.55 87.12 88.41 90.88 92.26 93.9 96.19 96.57 97.32 98.06 98.98 99.35 99.83 100.25 101.24 101.83 102.61 103.02 102.34 102.18 102.45 102.34 101.68 100.7 99.87 100.01 98.83 98.24 97.2 93.29 90.52 81.62 84.57 88.63 77.86 81.1087 -9999 -9999 -9999 78.94444 -9999 72.25926 -9999 -9999 -9999 82.57143 84.92 80 76.23 73.92 77.51219 73.30159 73.45454 -9999 -9999 -9999 -9999 -9999 -9999 -9999 -9999 -9999 -9999 -9999 -9999 -9999 -9999 -9999 -9999 -9999 -9999 -9999 -9999
90.65 91.73 91.25 91.08 91.08 93.9 96.58 97.81 98.13 98.83 99.62 100.17 100.28 100.94 101.55 101.73 101.93 102.82 103.99 104.05 103.06 102.91 103.15 103.03 102.14 101.24 101.67 101.44 101.57 99.82 98.32 97.72 96.55 93.02 91.37 93.22 87.82 90.03 83 79.47 84.01 87.79 78.42 78.02 72.99 81.16 69.36 71.62 74.11 73.05 72.43 75.87 83.88 77.99 77.43 71.47423 -9999 -9999 -9999 -9999 -9999 -9999 -9999 -9999 -9999 -9999 -9999 -9999 -9999 -9999 -9999 -9999 -9999 -9999 -9999
93.72 93.71 92.48 92.37 93.13 93.82 95.38 96.98 98.21 99.71 100.79 101.34 101.49 102.21 102.32 102.78 102.84 103.53 104.72 104.94 104.52 104.63 104.14 103.98 103.73 102.57 101.78 100.47 101.01 101.15 99.36 99.06 97.42 97.82 97.85 94.1 90.88 92.96 91.33 92.45 96.47 93.05 81.12 82.51 87.7 80.31 77.14 80.39 78.6 75.71 71.23 72.24 82.46 85.29 80.79 74.62 -9999 -9999 -9999 -9999 -9999 -9999 -9999 -9999 -9999 -9999 -9999 -9999 -9999 -9999 -9999 -9999 -9999 -9999 -9999
95.71 95.48 95.66 95.68 96.61 97.06 97.47 99.02 99.88 100.76 101.91 102.33 102.61 103.4 103.39 103.74 104.38 104.29 104.99 105 105.21 105.02 104.87 103.99 103.21 102.24 101.73 100.23 99.61 100.53 99.92 99.7 98.55 98.77 98.63 95.96 93.86 92.77 96.86 97.02 100.25 95.08 91.07 90.98 90.29 85.57 88.08 90.47 84.55 75.63 76.74 77.11 84.69 82.14 78.27 77.24 -9999 -9999 70.90476 71.16842 73.03371 77.87037 79.20588 -9999 -9999 -9999 -9999 -9999 -9999 -9999 -9999 -9999 -9999 80.08929 79.35294
98.72 99.95 100.52 100.12 100.28 99.5 100.84 103.16 103.15 103.64 104.17 104.76 104.64 104.56 104.23 104.52 105.24 105 105.02 105.15 105.29 105.29 105 104.9 103.9 103.14 102.14 100.98 100.27 100.67 100.62 98.89 98.42 97.95 96.96 96.69 95.62 94.53 94.5 98.02 101.14 101.39 99.7 96.54 93.58 89.87 87.53 90.86 89.75 87.7 88.25 85.52 86.84 78.85 81.3 85.03 85.26 81.42 79.67 79.77 79.82 78.89 76.0411 -9999 70.6625 70.49 72.82 74.35294 -9999 -9999 -9999 77.56383 78.92 80.22 80.77
101.71 102.38 102.36 103.35 103.61 102.93 104.89 105.8 106.11 106.93 107.26 107.39 107.41 106.97 105.86 105.4 105.56 105.49 105.55 105.94 105.96 105.9 105.52 105.12 104.89 104.19 103.42 102.7 101.78 102.13 101.66 100.34 98.17 96.34 95.92 95.21 92.6 94.25 95.3 97.6 101.34 102.76 98.79 100.26 95.35 97.67 92.83 95.54 91.94 87.95 92.49 91.73 83.42 81.15 83.33 87.42 83.1 78.29 75.8 75.17 76.85 75.77 74.84 75.25 76.18 74.94 74.77 76.35 76.85 76.6 76.25 76.61 77.51 78.31 79.48
103.45 103.73 104 104.33 105.29 105.84 106.9 107.59 108.22 108.75 108.75 109.11 108.87 108.41 107.72 107.46 106.31 105.76 105.99 106.19 106.08 105.99 105.97 105.57 105.04 104.98 104.29 103.59 102.8 102.83 102.64 102.22 101.74 100.8 100.03 99.12 99.73 100.1 98.92 99.9 99.99 103.16 101.08 103.6 101.4 98.37 96.45 98.67 93.4 95.59 96.59 89.37 82.63 84.88 87.68 85.76 80.35 77.45 76.59 77.12 77.32 79.21 77.25 77.27 77.29 77.02 76.05 75.81 76.29 75.85 75.76 75.8 76.14 76.92 77.76
104.28 104.98 105.56 106.01 106.77 106.97 108.13 109.06 108.91 108.6 109.64 110.09 110.23 110.02 109.7 109.07 107.71 106.86 106.74 106.23 106.16 106.17 106 105.84 105.33 105 104.96 104.33 103.92 103.67 103.1 102.72 101.95 101.88 101.67 100.72 101.59 102.54 102.63 103.56 103.86 105.59 103.41 103.52 99.88 99.54 98.01 100.07 95.55 99.49 97.42 94.76 88.05 86.06 87.96 84.49 81.47 79.67 81.14 79.33 76.81 79.54 78.36 77.59 76.83 76.37 75.04 74.55 74.83 74.45 74.25 74.1 74.43 74.95 75.93
105.17 105.92 106.22 106.61 106.42 107.27 107.56 107.96 108.47 110.07 111.36 110.84 111.19 110.71 110.18 109.21 108.65 107.96 107.05 106.68 106.21 106.21 106.02 105.99 105.6 105.04 104.67 103.9 103.86 104.02 103.47 103.22 102.55 102.81 102.67 101.76 102.48 103.69 104.19 105.29 106.51 107.41 102.31 101.05 100.35 102.48 100.28 96.09 94.16 98.04 91 91.11 90.5 90.75 90.23 87.58 85.34 83.58 81.96 80.54 79.88 79.52 78.22 77.12 76.17 75.58 74.87 74.16 73.53 73.25 72.76 72.47 72.56 73.46 74.36
105.76 106.78 107.56 108.43 108.26 109.57 109.19 110.9 111.52 112.84 111.85 111.32 111.87 111.66 110.92 110.15 109.46 108.81 107.71 107.21 106.69 106.03 106 106 105.84 105.19 104.66 103.43 103.69 104.26 103.89 103 102.79 103.34 103.73 103.27 103.61 104.75 104.94 106.53 107.65 108.48 107.5 105.91 103.1 102.91 103.23 98.67 99.69 99.13 93.82 96.01 94.49 92.01 89.65 87.03 84.49 83.51 82.52 81.01 79.59 78.69 77.41 76.34 75.36 74.58 73.93 73.23 72.72 72.17 71.46 70.81 70.94 71.45 72.54
106.61 107.41 108.42 109.37 110.31 111.4 112.52 113.58 114.41 115.35 115.04 113.89 112.75 112.39 111.8 110.95 109.97 109.03 108.24 107.88 107.02 106.33 106 106 105.94 105.06 104.55 104.07 104.26 104.82 104.02 103.13 102.26 103.22 103.84 104.65 105 105.55 105.2 107.08 108.8 109.04 109.61 109.37 108.84 108.36 105.88 103.69 102.71 102 99.27 97.4 94.16 91.98 89.46 86.69 84.35 82.43 81.44 80.32 78.83 77.77 76.49 75.43 74.49 73.71 72.98 72.37 71.97 71.51 70.46 69.6 69.52 70.39 71.18
106.95 107.9 108.81 110.01 111.09 112.23 113.39 114.38 115.91 116.57 116.09 114.97 113.87 112.95 111.95 110.93 107.53 107.34 108.46 107.88 107.03 106.63 106 106 105.96 105.4 105.17 104.8 104.95 105 104.17 103.39 102.1 102.45 103.62 104.51 105.55 105.98 106.65 108.1 109.25 109.61 110.91 111.95 112.55 111.37 111.24 109.36 107.16 104.11 100.61 97.25 94.15 90.95 88.28 86.05 83.92 81.86 80.31 79.04 77.96 76.75 75.54 74.47 73.7 72.89 72.3 71.71 71.18 70.22 69.76 69.46 69.15 69.78 70.76041
106.87 107.85 108.67 110.11 111.09 112.46 113.71 115.05 116.14 116.59 116.07 115.19 114.29 113.3 112.33 110.66 109.24 107.43 107.62 107.41 106.9 106.3 106 105.92 105.53 105.34 105.34 105.38 105.12 104.99 104.09 103.18 102.38 101.88 102.26 103.53 105.26 106.37 107.23 108.39 109.53 110.15 111.53 112.66 112.59 112.04 113.69 111.48 108.05 104.16 100.36 96.69 93.16 89.94 87.11 84.55 82.57 80.93 79.49 78.06 76.84 75.67 74.54 73.66 72.8 72.07 71.34 70.67 70.11 69.68 69.35 69.60204 69.45977 69.83929 -9999
106.61 107.82 108.56 109.79 111.03 112.23 113.32 114.56 115.64 115.93 115.32 114.97 114.12 113.28 112.32 111.16 110 109 108.08 107.31 106.64 105.94 105.86 105.34 104.96 104.57 104.77 105.02 105.11 105 104.59 104.03 103.96 103.79 102.89 102.63 103.82 104.87 105.16 107.22 108.86 110.22 111.4 112.16 113.25 114.25 114.54 111.73 107.48 103.17 99.07 95.32 91.67 88.37 85.68 83.42 81.56 79.9 78.28 76.96 75.72 74.5 73.67 72.7 71.93 71.18 70.68 70.02 69.54 69.16161 69.11842 -9999 -9999 -9999 -9999
106.57 107.29 108.3 109.6 110.6 111.51 112.9 113.99 114.73 114.92 115.01 114.81 113.91 113.02 112.04 111.12 109.96 108.9 107.74 107 106.28 105.84 105.22 104.99 104.53 103.56 103.89 103.73 103.72 104.15 104.28 104.16 104.06 104.02 104.01 103.97 104.11 105.24 106.05 106.75 108.09 108.89 110.27 111.44 112.4 112.78 112.39 109.49 105.46 101.31 97.03 93.07 89.47 86.45 84.09 82.28 80.56 78.66 76.94 75.7 74.5 73.5 72.53 71.75 71.08 70.9 70.2 69.80851 -9999 -9999 -9999 -9999 -9999 -9999 -9999
107.2 107.87 108.63 109.5 110.47 111.53 112.43 113.15 113.8 114.32 114.5 114.11 113.18 112.45 111.67 110.81 109.65 108.59 107.49 106.56 105.86 105.25 104.88 104.47 103.83 103.5 102.98 102.03 102.14 102.59 103.15 103.58 103.98 104 103.92 103.74 104.15 104.9 105.64 106.75 107.55 108.25 108.47 110.08 110.41 110.25 108.57 105.14 101.12 97.54 94.18 90.61 87.8 85.26 83.1 81.17 79.52 77.84 75.91 74.25 73.21 72.51 71.86 71.01 70.43 70.2766 -9999 -9999 -9999 -9999 -9999 -9999 -9999 -9999 -9999
107.75 108.59 109.55 110.29 110.94 111.52 112.6 113.14 113.78 114 113.93 113.29 112.36 111.85 111.25 110.25 109.3 108.03 107.12 106.23 105.17 104.18 103.19 103.22 102.92 102.15 101.88 100.87 101.49 102.19 102.57 102.94 103.15 103.5 103.59 103.24 103.8 104.11 104.87 105.69 106.92 107.04 107.64 107.94 107.46 106.16 103.66 100.21 96.99 93.95 90.69 88.62 86.07 83.49 81.09 79.1 78.29 76.19 73.93 72.89 72.19 71.87 70.93 70.69 70.08511 -9999 -9999 -9999 -9999 -9999 -9999 -9999 -9999 -9999 -9999
108.42 109.04 109.69 110.24 110.89 111.6 112.13 112.98 113.26 113.71 113.45 112.56 111.86 111.12 110.45 109.61 108.76 107.77 106.76 105.8 104.62 103.36 102.24 101.51 101.32 100.63 100.16 100 100.32 101.13 101.48 101.93 102.17 102.52 102.87 103.34 103.89 104.2 104.96 105.49 105.73 105.68 105.82 105.76 105.15 104.85 102.95 99.09 93.97 90.96 88.35 85.94 84.66 79.95 77.51 76.06 74.98 73.23 72.28 71.76 71.16 70.94898 70.38271 70.36765 -9999 -9999 -9999 -9999 -9999 -9999 -9999 -9999 -9999 -9999 -9999
108.56 109.3 109.62 109.47 110.47 110.82 111.34 112.75 113 113.09 112.98 112.48 111.92 111.42 110.92 109.95 108.7 107.49 106.51 105.29 104.12 102.69 101.49 100.54 99.64 99.18 98.88 99 99.48 99.64 100.05 100.76 101.22 101.64 101.91 102.19 102.61 103.27 103.61 104.02 104.09 104.57 104.59 104.21 102.9 102.59 100.78 97.71 95.02 91.63 88.27 85.2 81.17 75.8 73.78 72.69 72.20408 71.51899 71.21212 -9999 -9999 -9999 -9999 -9999 -9999 -9999 -9999 -9999 -9999 -9999 -9999 -9999 -9999 -9999 -9999
107.84 108.68 108.8 109.32 109.93 110.26 110.96 112.26 112.84 113 113 113 112.46 111.93 111.02 110.01 108.83 107.53 106.39 104.88 103.46 102.12 100.7 99.61 98.74 98.04 97.75 97.8 98.14 97.87 97.5 98.75 99.8 99.95 100.37 100.78 101.13 101.19 102.15 102.24 102.39 102.79 102.22 101.27 99.97 100.28 98.64 96.32 93.2 89.77 86.34 81.83 77.31 73.35802 -9999 -9999 -9999 -9999 -9999 -9999 -9999 -9999 -9999 -9999 -9999 -9999 -9999 -9999 -9999 -9999 -9999 -9999 -9999 -9999 -9999
106.75 107.98 107.11 107.9 108.87 109.7 111.05 111.97 112.85 113 113 112.99 112.37 111.95 111.1 110.14 109 107.61 106.28 104.66 103.21 101.73 99.97 98.89 98.11 97.76 96.99 96.86 96.84 96.99 97.18 97.61 98.04 97.98 98.59 99.16 99.74 99.99 99.97 99.79 100.32 100.39 99.83 99.75 98.89 98.69 97.1 94.14 90.95 88.29 84.90141 -9999 -9999 -9999 -9999 -9999 -9999 -9999 -9999 -9999 -9999 -9999 -9999 -9999 -9999 -9999 -9999 -9999 -9999 -9999 -9999 -9999 -9999 -9999 -9999
