layers/wordclim/current/bio_16.asc
ncols         166
nrows         93
xllcorner     -9.4959440078468
yllcorner     36.000324005443
cellsize      0.083333337679505
NODATA_value  -9999
[rows 0 to 32 of 93, columns 73 to 145 of 166]
-9999 -9999 -9999 -9999 -9999 -9999 -9999 -9999 -9999 -9999 -9999 -9999 -9999 -9999 -9999 -9999 -9999 -9999 -9999 -9999 -9999 -9999 -9999 -9999 -9999 -9999 -9999 -9999 -9999 -9999 -9999 -9999 -9999 -9999 -9999 -9999 -9999 -9999 -9999 -9999 -9999 -9999 -9999 -9999 -9999 -9999 -9999 -9999 -9999 -9999 -9999 -9999 -9999 -9999 -9999 -9999 -9999 -9999 -9999 -9999 -9999 -9999 -9999 -9999 -9999 -9999 -9999 -9999 -9999 -9999 -9999 -9999 -9999
-9999 -9999 -9999 -9999 -9999 -9999 -9999 -9999 -9999 -9999 -9999 -9999 -9999 -9999 -9999 -9999 -9999 -9999 -9999 -9999 -9999 -9999 -9999 -9999 -9999 -9999 -9999 -9999 -9999 -9999 -9999 -9999 -9999 -9999 -9999 -9999 -9999 -9999 -9999 -9999 -9999 -9999 -9999 -9999 -9999 -9999 -9999 -9999 -9999 -9999 -9999 -9999 -9999 -9999 -9999 -9999 -9999 -9999 -9999 -9999 -9999 -9999 -9999 -9999 -9999 -9999 -9999 -9999 -9999 -9999 -9999 -9999 -9999
-9999 -9999 -9999 -9999 -9999 -9999 -9999 -9999 -9999 -9999 -9999 -9999 -9999 -9999 -9999 -9999 -9999 -9999 -9999 -9999 -9999 -9999 -9999 -9999 -9999 -9999 -9999 -9999 -9999 -9999 -9999 -9999 -9999 -9999 -9999 -9999 -9999 -9999 -9999 -9999 -9999 -9999 -9999 -9999 -9999 -9999 -9999 -9999 -9999 -9999 -9999 -9999 -9999 -9999 -9999 -9999 -9999 -9999 -9999 -9999 -9999 -9999 -9999 -9999 -9999 -9999 -9999 -9999 -9999 -9999 -9999 -9999 -9999
-9999 -9999 -9999 -9999 -9999 -9999 -9999 -9999 -9999 -9999 -9999 -9999 -9999 -9999 -9999 -9999 -9999 -9999 -9999 -9999 -9999 -9999 -9999 -9999 -9999 -9999 -9999 -9999 -9999 -9999 -9999 -9999 -9999 -9999 -9999 -9999 -9999 -9999 -9999 -9999 -9999 -9999 -9999 -9999 -9999 -9999 -9999 -9999 -9999 -9999 -9999 -9999 -9999 -9999 -9999 -9999 -9999 -9999 -9999 -9999 -9999 -9999 -9999 -9999 -9999 -9999 -9999 -9999 -9999 -9999 -9999 -9999 -9999
386.47 389.7416 392.8333 -9999 -9999 421 424.08 422.34 421.0116 421.0128 419.6545 -9999 -9999 -9999 -9999 -9999 -9999 -9999 -9999 -9999 -9999 -9999 -9999 -9999 -9999 -9999 -9999 -9999 -9999 -9999 -9999 -9999 -9999 -9999 -9999 -9999 -9999 -9999 -9999 -9999 -9999 -9999 -9999 -9999 -9999 -9999 -9999 -9999 -9999 -9999 -9999 -9999 -9999 -9999 -9999 -9999 -9999 -9999 -9999 -9999 -9999 -9999 -9999 -9999 -9999 -9999 -9999 -9999 -9999 -9999 -9999 -9999 -9999
368.24 372.51 378.13 386.26 392.4184 407.4546 407.68 404.86 402.07 404.23 406.82 409.3131 411.2877 410.9667 419.2131 422.8689 431.2857 429.5417 436.85 444.57 435.8513 -9999 -9999 -9999 -9999 -9999 -9999 -9999 -9999 -9999 -9999 -9999 -9999 -9999 -9999 -9999 -9999 -9999 -9999 -9999 -9999 -9999 -9999 -9999 -9999 -9999 -9999 -9999 -9999 -9999 -9999 -9999 -9999 -9999 -9999 -9999 -9999 -9999 -9999 -9999 -9999 -9999 -9999 -9999 -9999 -9999 -9999 -9999 -9999 -9999 -9999 -9999 -9999
348.77 352.25 358.84 365.85 369.88 373.01 381.51 380.59 379.58 379.94 383.92 387.95 393.33 398.85 411.61 418.73 421.19 427.58 431.16 430.18 425.38 423.52 420.03 411.29 -9999 -9999 -9999 -9999 -9999 -9999 -9999 -9999 -9999 -9999 -9999 -9999 -9999 -9999 -9999 -9999 -9999 -9999 -9999 -9999 -9999 -9999 -9999 -9999 -9999 -9999 -9999 -9999 -9999 -9999 -9999 -9999 -9999 -9999 -9999 -9999 -9999 -9999 -9999 -9999 -9999 -9999 -9999 -9999 -9999 -9999 -9999 -9999 -9999
326.54 333.71 336.83 342.55 345.75 349.49 351.2 352.43 351.45 354.59 357.51 361.38 367.38 375.15 382.84 389.54 397.34 403.93 404.01 406.6 407.08 406.44 400.94 398.3014 -9999 -9999 -9999 -9999 -9999 -9999 -9999 -9999 -9999 -9999 -9999 -9999 -9999 -9999 -9999 -9999 -9999 -9999 -9999 -9999 -9999 -9999 -9999 -9999 -9999 -9999 -9999 -9999 -9999 -9999 -9999 -9999 -9999 -9999 -9999 -9999 -9999 -9999 -9999 -9999 -9999 -9999 -9999 -9999 -9999 -9999 -9999 -9999 -9999
305.98 309.48 312.48 318.06 320.75 322.39 322.46 328.67 325.44 327.32 329.07 332.84 339.38 345.3 352.12 361.78 370.76 377.11 378.36 383.75 386.76 383.74 376.01 370.9875 -9999 360.6905 351.3214 -9999 -9999 -9999 -9999 -9999 -9999 -9999 -9999 -9999 -9999 -9999 -9999 -9999 -9999 -9999 -9999 -9999 -9999 -9999 -9999 -9999 -9999 -9999 -9999 -9999 -9999 -9999 -9999 -9999 -9999 -9999 -9999 -9999 -9999 -9999 -9999 -9999 -9999 -9999 -9999 -9999 -9999 -9999 -9999 -9999 -9999
286.86 289.24 292.25 294.66 297.22 297.93 297.36 299.7 298.3 299.93 305.66 311.04 321.93 322.48 325.65 334.75 343.23 350.09 358.5 366.36 371.17 372.62 364.23 358.18 350.76 344.3 338.6 332.96 330.0753 325.4754 323.26 338.0172 -9999 -9999 -9999 -9999 -9999 -9999 -9999 -9999 -9999 -9999 -9999 -9999 -9999 -9999 -9999 -9999 -9999 -9999 -9999 -9999 -9999 -9999 -9999 -9999 -9999 -9999 -9999 -9999 -9999 -9999 -9999 -9999 -9999 -9999 -9999 -9999 -9999 -9999 -9999 -9999 -9999
268.72 272.49 274.83 273.97 276.92 278.47 278.43 273.34 270.96 270.96 273.07 277.07 282.31 297.17 302.98 311.19 319.77 329.38 335.14 346.38 353.28 353.82 349.34 341.13 334.78 328.05 323.1 313.8 312.24 307.26 309.58 328.84 333.8684 -9999 -9999 -9999 -9999 -9999 -9999 -9999 -9999 -9999 -9999 -9999 -9999 -9999 -9999 -9999 -9999 -9999 -9999 -9999 -9999 -9999 -9999 -9999 -9999 -9999 -9999 -9999 -9999 -9999 -9999 -9999 -9999 -9999 -9999 -9999 -9999 -9999 -9999 -9999 -9999
250.9 251.17 253.88 258.43 251.64 253.82 250.08 249.68 252.54 254.93 261.79 262.16 275.15 281.9 282.22 286.71 301.35 304.03 309.75 320.15 333.74 341.61 332.5 325.79 317.43 308.78 302.08 294.5 289.03 282.64 288.94 299.44 312.24 344.6237 337.3582 357.0513 342.5 378.101 396.2836 -9999 -9999 -9999 -9999 -9999 -9999 -9999 -9999 -9999 -9999 317.53 347.99 380.1923 387.7818 -9999 -9999 -9999 -9999 -9999 -9999 -9999 -9999 -9999 -9999 -9999 -9999 -9999 -9999 -9999 -9999 -9999 -9999 -9999 -9999
236.57 236.78 242.25 240.53 231.42 229.31 227.36 228.69 227.18 228.55 241.13 236.11 236.82 242.91 250.78 255.55 258.33 267.86 282.69 293.03 302.59 310.31 306.28 301.63 295.2 285.77 280.88 276.03 271.5 262.74 262.05 259.45 260.1 283.74 301.42 360.43 337.75 307.5 372.99 351.0978 -9999 -9999 -9999 357.8055 -9999 392.3704 -9999 -9999 -9999 340.7551 329.48 350.22 366.59 377.3 356.8903 377.254 374.5303 -9999 -9999 -9999 -9999 -9999 -9999 -9999 -9999 -9999 -9999 -9999 -9999 -9999 -9999 -9999 -9999
216.61 217.59 218.47 220.14 217.44 213.59 209.04 214.24 223.25 226.87 217.21 216.01 217.79 216.11 206.82 217.85 232.25 238.77 249.4 262.68 276.69 280.89 279.74 277.99 272.92 263.7 259.87 256.97 247.07 240.26 232.73 236.87 241.4 241.73 248.5 275.49 285.78 269.75 308.2 292.38 335.41 355.13 328.8 309.13 358.03 360.3 389.21 344.61 410.26 393.86 379.14 383.42 385.98 364.67 320.67 347.02 347.73 383.1856 -9999 -9999 -9999 -9999 -9999 -9999 -9999 -9999 -9999 -9999 -9999 -9999 -9999 -9999 -9999
206.32 205.34 205.66 204.43 199.09 194.97 191.22 186.1 182.2 178.67 173.24 174.21 176.62 175.93 176.95 187 197.74 210.62 220.77 232.22 246.36 253.22 256.65 253.4 245.7 240.48 235.75 235.86 233.64 235.11 223.73 214.97 225.45 221.84 234.19 228.37 225.97 257.59 283.52 267.7 280.84 274.34 249.07 274.22 342.33 334.61 310.77 345.69 361.17 345.19 352.86 367.08 391.06 383.73 323.42 303.9 324 357.74 -9999 -9999 -9999 -9999 -9999 -9999 -9999 -9999 -9999 -9999 -9999 -9999 -9999 -9999 -9999
194.17 195.91 193.1 190.74 188.27 183.43 180.61 174.52 166.54 164.65 157.49 151.19 150.27 152.8 160.31 169.59 177.03 188.19 200.18 207.83 218.03 221.86 228.87 229.02 225.21 227.11 225.93 224.69 222.2 228.26 226.76 209.66 210.56 207.9 215.87 209.95 210.29 237.87 255.63 263.97 233.8 236.62 217.25 256.34 282.72 287.64 293.81 317.06 306.73 298.74 322.08 363.3 356.09 351.27 307.38 317.08 333.68 335.34 -9999 -9999 369.6984 364.6737 344.6404 299.3148 286.4412 -9999 -9999 -9999 -9999 -9999 -9999 -9999 -9999
194.91 193.58 189.07 196.72 197.17 186.46 179.92 164.37 165.85 182.79 166.9 159.91 154.82 157.63 157.26 160.35 162.69 170.63 181.19 187.44 193.97 198.57 201.72 203.28 202.2 202.95 206.42 205.38 208.13 213.23 213.73 201.39 195.18 210.04 209.76 211.39 221.15 223.38 234.94 246.42 248.71 224.45 206.16 209.96 228.06 253.06 272.77 294.23 304.43 292 296.03 301.92 296.35 303.26 291.01 330.82 311.57 280.04 267.59 291.6 298.31 291.34 285.03 286.2 302.1781 -9999 352.05 354.06 316.99 292.7765 -9999 -9999 -9999
191.5 203.51 207.28 212.52 198.1 216.6 198.01 173.58 192.06 204.42 189.22 192.8 198.91 183.87 191.24 167.4 157.91 159.04 164.26 170.81 175.74 181.41 185.01 185.24 184.62 184.07 184.32 184.41 186.55 187.18 190.44 177.89 175.9 184.56 204.85 222.62 226.74 232.65 256.19 242.55 236.19 222.46 199.91 196.44 230.44 225.8 258.6 250.03 276.79 263.32 280.24 295.67 267.93 264.71 305.53 312.94 293.38 252.89 281.75 309.52 323.25 321.76 300.73 304.97 306.92 295.76 282.89 290.28 287.95 268.09 259.56 253.43 250.1
204.1 213.19 229.92 230.46 226.82 234.16 206.76 198.57 206.49 188.17 202.38 191.61 209.33 188.88 184.34 170.79 161.52 162.61 155.72 156.26 160.05 164.85 166.43 166.75 168.29 167.15 166 163.88 166.95 170.03 171.28 163.52 158.44 156.79 155.68 159.2 165.35 178.58 177.22 181.47 199.57 199.77 205.32 190.39 211.16 200.06 218.45 239.76 253.13 239.35 266.74 248.11 232.3 273.09 304.88 285.24 254.23 261.55 295.51 310.5 309.66 299.47 290.5 265.16 276.38 270.68 263.9 260.2 266.12 264.46 248.68 244.71 233.4
174.11 185.61 190.83 195.37 204.92 193.73 200.96 221.6 212.15 204.04 215.94 225.08 212.76 198.9 198.52 186.13 177.49 175.79 155.76 151.75 152.98 152.23 154.06 158.11 160.01 154.36 152.53 151.24 151.71 153.36 153.39 149.25 147.12 147.56 146.77 143.27 142.51 147.73 151.67 155.32 164.99 168.34 175.73 172.47 193.29 198.19 223.61 228.61 237.78 224.63 248.49 214.37 220.45 230.33 267.47 272.84 245.49 265.37 279.01 285.91 266.04 272.54 286.19 246.74 252.58 252.6 256.29 252.95 265.28 267.78 260.68 262.73 247.79
165.77 167.74 181.45 210.91 220.8 224.15 239.11 232.55 235.21 235.22 233.1 218.48 203.62 210.32 199.81 190.44 169.76 158.32 155.17 152.48 147.07 145.49 145.24 148.86 156.37 154.24 143.64 146.99 153.31 154.38 148.93 140.66 141.1 138.37 139.04 135.83 135.47 139.47 143.52 146.3 152.6 155.21 156.77 159.52 196.71 209.51 216.9 207.19 219.92 240.61 248.28 219.11 255.92 249.01 242.93 229.03 215.23 228.83 238.87 243.2 247.82 250.82 239.26 223.03 232.99 236.82 245.33 245.58 246.87 259.04 264.72 259.31 249.62
175.77 164.52 170.02 176.49 181.71 194.09 215.55 207 222.89 208.01 207.89 197.33 208.6 212.29 200.93 187.85 170.94 164.59 161.39 160.78 146.96 145.64 141.63 137.7 138.65 138.37 137.68 141.79 148.95 157.55 146.82 133.83 134.33 137.56 135.22 131.1 130.48 134.37 137.87 139.74 146.55 146.46 148.53 152.64 166.06 180.55 198.61 201.91 200.19 221.73 212.38 208.37 232.66 206.12 200.73 205.4 212.39 224.6 238.64 232.52 222.31 221.88 223.64 212.39 221.23 223.27 234.74 237.11 238.55 250.83 259.56 259.95 248.25
165.45 169.28 169.29 172.85 178.76 181.79 182.71 179.58 178.64 178.27 181.89 177.69 179.91 191.05 196.23 187.44 180.4 181.14 171 160.21 153.41 155.56 147.49 136.57 133.95 130.61 131.35 141.35 145.49 143.51 136.91 128.38 130.37 134.86 138.92 131.03 129.21 128.58 131.16 135.27 144.89 142.27 140.37 147.15 153.27 161.23 168.46 173.17 184.69 192.31 191.28 184.36 188.81 184.7 194.23 192.41 197.88 213.21 223.96 230.89 218.48 204.47 207.64 202.23 209.08 219.89 239.47 236.8 242.01 252.8 260.88 260.28 253.66
153.03 156.53 163.19 166.71 168.27 173.99 175.72 176.27 177.66 179.03 172 170.93 174.69 180.62 184.29 183.18 184.5 186.26 222.44 207.23 163.45 153.82 145.07 139.04 134.28 129.34 125.36 124.91 128.2 131.47 125.92 123.05 127.49 131.47 140.05 136.33 130.07 128.34 128.15 132.12 135.63 134.92 136.16 144.51 143.74 145.22 148.98 158.67 159.04 162.42 161.55 165.15 170.98 176.52 180.92 190.07 196.47 201.24 206.86 219.48 220.57 208.38 196.65 197.5 204.15 220.19 233.55 239.06 248.71 267.3 268.07 251.52 248.95
148.15 150.96 153.65 156.93 158.58 163.74 161.94 166.84 173.25 171.42 170.29 168.45 166.65 169.31 173.21 174.01 180.79 193.2 201.24 211.08 192.12 168.16 158.27 142.44 134.35 130.02 124.86 121.94 118.34 118.36 119.47 119.12 126.55 131.1 136.97 141.56 140.52 134.71 129.22 128.96 130.62 131.14 132.02 137.67 137.37 139.3 149.05 155.85 149.17 150.1 152.74 157.31 161.73 167.53 174.62 183.66 194.15 207.05 213.11 211.17 209.68 203.99 194.73 196.51 212.39 222.7 229.61 229.99 235.75 243.52 243.43 245.79 247.8
145.65 146.24 146.98 152.35 151.14 154.56 155.98 158 157.76 161.26 165.97 165.73 161.05 163.01 168.28 170.55 176.28 180.63 183.88 177 169.46 154.75 153.06 145.72 131.49 126.18 129.31 131.37 124.21 118.92 117.11 115.35 118.14 122.45 123.06 126.48 135.34 140.83 137.25 136.98 142.65 137.24 134.13 132.64 133.27 139.03 142.49 142.14 141.15 145.81 150.62 156.28 161.47 166.27 174.28 187.5 197.42 204.74 205.61 200.41 202.04 204.78 208.12 198.89 216.74 217.04 214.06 213.89 220.49 230.65 241.88 246.4545 247.6447
147.33 144.69 144.26 143.68 145.54 150.21 150.07 149.54 154.31 157.51 160.43 158.99 164.39 168.6 166.43 165.65 173.04 170.02 170.07 167.37 169.23 148.63 140.14 137.5 127.16 124.96 129.91 138.43 129.66 128.29 126.51 120.38 116.83 115.03 117.34 120.94 124.84 129.22 134.16 132.35 133.7 136.6 135.75 138.84 134.07 134.16 133.54 135.07 140.72 147.15 152.24 157.26 164.53 174.12 185.9 198.71 207.35 207.88 207.49 201.36 199.66 202.68 202.94 200.21 203.65 205.26 205.36 210.65 221.22 229.5851 -9999 -9999 -9999
150.75 149 151.42 150.2 149.31 149.51 149.28 151.59 152.67 151.75 152.44 157.21 164.92 166.25 156.34 158.94 161.02 161.96 157.47 151.46 155.93 159.47 136.57 134.98 128.48 126.99 132.06 132.43 132.84 139.63 135.59 129.04 122.55 118.15 114.84 116.5 122.31 128.28 130.58 131.29 132.39 131.66 132.53 135.77 140.39 129.31 132.52 139.19 146.52 156.19 164.77 170.75 175.61 186.2 191.02 193.56 203.3 207.71 214.96 213.93 208.36 203.13 203.68 206.79 207.81 209.03 213.35 217.7872 -9999 -9999 -9999 -9999 -9999
150.59 156.53 160.98 162.69 165.43 165.19 157.46 155.1 160.44 160.69 159.09 157.94 159.67 155.27 147.83 150.42 154.38 153.34 154.29 142.31 144.33 137.1 153.32 156.99 155.89 140.59 135.1 139.64 138.05 145.74 135.9 125.67 121.87 117.83 116.8 116 119.94 126.49 129.34 131.38 133.42 133.5 131.71 136.21 136.81 139.06 143.76 150.33 159.59 169.71 177.64 185.44 195.2 196.19 195.62 191.68 197.64 201.91 214.39 211.37 205.71 207.29 212.81 221.39 218.54 220.4 223.5106 -9999 -9999 -9999 -9999 -9999 -9999
173.95 173.76 176.03 174.74 172.84 166.73 162.13 160.69 159.73 162.02 162.49 163.9 158.84 148.53 144.96 142.97 142.81 141.62 144.87 143.13 140.62 139.54 150.23 161.94 163.91 158.19 147.51 149.34 149.33 147.54 139.83 130.86 125.77 122.37 120.25 119.02 118 120.44 123.28 126.3 128.62 131.75 135.48 141.35 144.38 146.28 150.17 150.56 158.22 171.52 190.11 199.33 208.84 217.6 204.09 192.54 195.29 200.02 205.77 205.07 207.2 212.77 215.65 224.551 225.679 228.8235 -9999 -9999 -9999 -9999 -9999 -9999 -9999
198.01 187.28 179.06 184.45 172.57 155.67 157.04 152.76 150.92 163.35 163.98 164.69 158.36 151.54 148.62 151.85 156.87 155.83 151.36 147.35 156.5 155.03 151.03 159.59 162.8 163.47 164.78 162.29 155.65 148.92 141.76 138.19 133.2 126.23 122.25 120.42 120.89 123.71 127.06 129.87 133.43 137.5 142.94 144.89 148.32 152.46 159.07 156.48 165.57 177.4 182.44 191.61 200.45 198.7 197.78 195.77 198.7 201.4 205.0204 204.6329 209.197 -9999 -9999 -9999 -9999 -9999 -9999 -9999 -9999 -9999 -9999 -9999 -9999
172.79 181.8 166.6 169.91 162.64 156.04 153.25 147.74 147.9 159.17 162.74 163.87 167.33 170.76 174.54 175 169.77 166.2 165.07 162.28 167 169.86 166.22 154.91 161.45 164.89 171.37 170.92 162.15 155.2 148.67 149.69 154.07 140.04 129.11 129.75 129.08 128.96 132.23 137.65 139.56 144.49 149.86 152.88 159.65 166.19 173.6 172.55 175.21 182.03 191.62 200.71 199.67 201.49 201.98 200.0123 -9999 -9999 -9999 -9999 -9999 -9999 -9999 -9999 -9999 -9999 -9999 -9999 -9999 -9999 -9999 -9999 -9999
164.8 153.16 154.56 158.1 143.17 141.32 142.89 143.12 150.46 155.68 161.67 165.57 166.44 174.58 181.08 179.62 173.04 180.93 177.94 173.68 169.75 169.98 173.11 174.71 158.93 169.62 176.66 189.62 178.54 162.98 155.51 152.34 149.58 143.45 140.18 142.67 138.51 136.05 136.48 140.94 147.41 153.86 157.79 162.6 169.19 174.13 179.59 182.72 184.99 195.86 202.91 206.08 205.5634 -9999 -9999 -9999 -9999 -9999 -9999 -9999 -9999 -9999 -9999 -9999 -9999 -9999 -9999 -9999 -9999 -9999 -9999 -9999 -9999
