layers/wordclim/current/bio_11.asc
ncols         166
nrows         93
xllcorner     -9.4959440078468
yllcorner     36.000324005443
cellsize      0.083333337679505
NODATA_value  -9999
[rows 34 to 67 of 93, columns 0 to 76 of 166]
-9999 -9999 -9999 -9999 -9999 -9999 -9999 -9999 -9999 -9999 99.5 93.27 87.19 78.82 63.96 63.27 64.72 72.01 68.91 64.45 57.29 53.89 52.99 56.05 52.8 49.97 56.36 65.41 66.06 58.98 54.78 56.74 57.88 52.28 50.03 49.07 48.98 47.92 47.9 47.1 45.38 44.67 44.51 43.57 42.83 42.91 43 44.31 46.3 45.3 43.69 42.57 40.5 40.48 40.84 41.47 42.72 42.04 40.55 37.95 36.14 37.16 37.14 35.78 30.39 24.19 4.36 22.49 16.06 21.28 33.05 39.69 43.75 42.85 39.55 41.37 44.13
-9999 -9999 -9999 -9999 -9999 -9999 -9999 -9999 -9999 -9999 101.0674 97.36 90.51 73.61 77.64 71.25 71.52 79.67 75.48 68.82 63.77 61.41 60.35 57.63 56.51 51.88 58.38 63.42 61.22 62.53 56.66 53.27 54.58 54.44 50.64 48.43 48.05 49.02 47.64 47.14 45.67 43.87 43.04 41.23 39.98 38.73 39.73 44.98 44.32 44.08 43.84 41.36 38.56 36.71 37.13 39.53 37.85 39.68 37.8 35.26 33.11 32.87 32.68 26.75 11.75 10.75 3 10.86 28.79 39.21 42.63 48.09 46.42 41.28 41.82 44.87 47.84
-9999 -9999 -9999 -9999 -9999 -9999 -9999 -9999 -9999 102.6216 102.2826 98.88 95.02 90.04 78.61 79.52 75.23 78.3 72.72 70.11 71.41 70.28 68.42 64.28 62.62 63.38 63.18 60.76 56.8 56.52 56.42 52.09 53.08 53.17 53.15 48.2 47.86 49.43 47.71 45.67 44.53 43.8 40.9 38.19 37.2 41.12 44.51 44.25 42.85 41.59 39.86 36.53 31.11 31.28 29.21 28.47 28.91 33.06 31.96 30.86 23.9 24.78 21.57 20.36 24.43 32.33 33.68 39.16 41.38 39.08 47.36 52.48 48.55 45.86 44.64 48.69 46.44
-9999 -9999 -9999 -9999 -9999 -9999 -9999 -9999 -9999 103.0946 101.4845 100.85 99.15 91.9 82.78 70.33 65.65 78.26 79.41 78.21 76 71.71 67.44 69.07 71.09 67.32 63.1 50.2 51.74 53.81 52.22 51.77 51.83 54.57 56.04 54.94 51.3 47.12 45.14 42.47 40.28 37.92 39.64 41.79 41.96 42.49 43.08 42.2 39.39 35.19 30.76 28.2 22.38 21.92 23.88 27.66 32.18 33.03 29.82 25.92 22.62 20.11 21.78 18.3 33.04 42.58 38.48 40.48 49.19 51.09 54 55.18 50.51 50.27 48.58 51.71 43.36
-9999 -9999 -9999 -9999 -9999 -9999 -9999 -9999 -9999 103.58 101.81 101.87 100.85 96.29 82.37 68.08 85.67 85.4 84.73 80.18 79.27 76.91 76.06 69.74 51.88 45.81 50.19 49.34 50.62 52.1 53.23 49.9 52.36 55.65 55.35 55.44 53.22 43.8 37.61 29.43 37.09 39.24 44.86 45.9 41.75 40.27 42.36 39.19 34.54 33.41 32.25 24.47 14.74 24.34 28.59 27.38 23.49 23.14 26.57 34.37 31.4 36.63 36.13 32.97 42.53 45.88 50.3 52.38 55.25 52.45 54.54 55.25 53.43 54.12 54.19 46.4 42.07
-9999 -9999 -9999 -9999 -9999 -9999 -9999 -9999 105.371 103.75 102.51 101.4 101.72 95.14 87.72 88.33 89.38 89.69 86.5 84.43 79.63 74.96 57.09 37 42.9 49.32 56.19 49.75 52.6 54.7 52.78 49.7 54.26 54.43 50.3 50.64 50.23 45.51 43.47 43.69 44.51 57.54 56.25 49.22 47.82 39.42 38.18 39.94 38.83 33.43 21.08 10.21 9.15 12.01 9.97 16.63 28.99 36.21 42.48 42.72 46.9 50.69 46.51 46.54 51.41 54.85 56.69 53.06 55.75 54.77 54.61 57.58 58.04 55.74 48.46 43.71 45.19
-9999 -9999 -9999 -9999 -9999 -9999 -9999 -9999 105.8022 104.46 103.12 101.23 101.91 93.95 93.24 96.43 93.82 90.98 86.85 80.71 76.32 57.53 23.99 36.42 58.79 68.43 67.8 57.38 53 53.32 49.52 49.08 49.16 49.48 49.59 48.7 40.24 45.42 47.45 59.88 64.59 61.79 52.47 49.08 37.44 16.9 21.91 37.05 32.6 17.24 12.14 11.64 11.46 20.59 21.93 29.11 33.61 30.1 27 32.88 51.19 54.13 54.94 57.35 60.94 58.04 57.94 55.35 55.31 58.57 56.87 57.62 58.12 52.18 46.97 46.05 48.79
-9999 -9999 -9999 -9999 -9999 -9999 -9999 -9999 105.56 104.33 102.67 102.94 102.99 95.2 94.47 97.5 93.41 90.32 86.51 78.2 71.83 61.09 36.23 40.31 70.7 74.12 69.4 65.29 57.88 49.95 46.77 42.16 46.16 48.23 44.62 51.39 54.8 60.96 63.39 66.54 70.56 63.5 58.08 50.55 20.22 6.49 23.92 28.16 19.27 9.97 -0.38 5.11 13.62 30.57 25.68 27.47 46.37 57.56 52.99 49.1 50.18 53.67 60.15 64.08 60.82 58.18 59.24 56.94 56.3 58.83 59.79 60.57 57.13 50.85 49.78 50.79 48.17
-9999 -9999 -9999 -9999 -9999 -9999 -9999 105.0822 105.71 107.25 106.56 106.47 104.78 98.36 96.95 94.01 92.6 86.67 73.9 61.35 55.97 69.39 73.35 74.86 75.34 72.83 73.63 71.23 66.55 61.98 67.66 68.74 52.35 62.97 67.91 70.56 71.72 66.56 71.64 73.48 74.08 73.5 55.13 30.97 43.92 28.95 5.76 7.41 10.84 38.38 26.45 33.15 52.01 62.02 56.67 67.91 63.91 59.76 54.73 52.05 59.86 65.4 65.64 61.8 58.52 58.5 60.7 57.09 58.43 58.58 59.9 60.65 58.47 55.12 53.04 51.27 52.5
-9999 -9999 -9999 -9999 -9999 -9999 -9999 -9999 108.6705 107.69 107.06 106.66 100.88 98.7 98.83 86.74 77.7 72.42 70.85 64.79 68.14 76.11 72.82 70.5 72.05 75.09 79.5 77.75 74.96 76.15 77.98 75.75 72.54 75.84 79.8 77.89 74.15 72.11 75.56 75.66 74.94 68.73 54.02 53.24 40.48 53.37 55.51 57.69 64.07 74.46 74.21 73.48 70.98 67.75 66.29 63.86 54.91 50.94 63.02 66.83 67.87 65.7 62.74 59.96 59.9 61.72 59.98 59.91 60.79 58.03 62.1 61.28 56.85 52.01 52.87 56.16 59.08
-9999 -9999 -9999 -9999 -9999 -9999 -9999 109 107.19 107.79 108.02 100.25 96.07 96.38 79.57 69.6 75.13 79.28 77.78 79.35 81.49 70.59 75.7 69.84 79.71 83.02 81.55 81.26 77.46 74.35 74.71 80.55 81.75 84.28 83.17 80.03 79.25 80.02 81.71 81.37 77.02 71.89 68.56 66.2 65.94 74.44 76.68 79.62 78.85 78.29 77.26 74.83 73.04 71.84 69.74 65.41 66.64 69.63 69.74 68.71 67.45 65.78 63.14 62.2 63.04 64.11 61.91 64.22 61.67 62.77 64.29 62.03 60.56 59.57 59.83 57.88 53.9
-9999 -9999 -9999 -9999 -9999 -9999 -9999 108.95 106.49 106.82 106.15 95.71 96.66 93.9 83.46 84.8 87.94 84.42 77.28 75.53 73.9 77.76 87.22 84.44 83.72 85.73 84.95 85.29 83.13 81.91 82.89 83.8 80.25 83.43 83.47 83.24 83.28 83.92 83.13 78.3 74.64 75.2 79.33 81.52 81.67 81.84 81.02 80.37 79.79 78.69 77.24 76.16 74.78 72.58 70.45 72.09 71.39 70.76 70.09 66.94 63.99 63.5 64.27 65.59 65.87 64.25 64.66 66.42 65.75 63.67 59.35 55.75 53.65 53.17 53.44 51.73 50.41
-9999 -9999 -9999 -9999 -9999 -9999 111.127 111.2 106.54 104.56 104.59 98.68 99.09 94.07 93.04 93.47 87.86 80.71 76.11 69.74 80.72 88.68 90.93 87.93 86.05 87.5 92.24 90.79 89.05 85.01 85.02 85.2 85.13 83.36 84.12 83.05 81.45 80.94 77.11 72.75 75.86 78.53 82.4 83.13 82.57 81.87 80.7 77.11 78.52 78.04 75.74 72.61 74.12 72.99 73.86 71.36 66.48 67.71 69.02 70.3 69.05 67.46 66.83 67.68 65.51 64.53 65.39 65.36 64.07 62.68 59.44 56.45 55.07 54.67 53.8 52.69 52.44
-9999 -9999 -9999 -9999 -9999 -9999 110.2551 110.49 108 103.28 99.16 99.48 101.95 96.38 97.2 95.94 94.12 89.54 81.8 79.9 89.24 92.11 90.95 88.96 91.86 95.4 93.42 92.48 88.38 88.44 87.39 86.05 86 86.4 85.92 83.2 81 78.28 79.67 81.31 80.88 81.73 79.86 79.4 78.93 81.05 77.49 74.83 77.49 75.64 74.34 73.15 75.65 72.09 71.52 69.45 65 64.62 65.14 63.96 64.37 67.71 64.18 60.24 59.33 57.61 56.79 58.44 60.06 60.22 60.79 59.75 57.64 56.94 55.28 54.77 55.06
-9999 -9999 -9999 -9999 -9999 109.8036 108.17 107.72 107.6 102.18 100.65 103.71 105.02 101.37 96.24 98.69 94 92.87 90.44 93.05 96.5 94.59 95.76 96.18 94.63 92.14 91.69 92.26 89.35 89.25 90.36 89.08 84.9 83.46 83.37 85.27 87.24 84.33 81.62 79.26 78.95 79.34 77.13 75.01 70.95 68.75 68.87 70.49 68.33 66.14 67.39 69.65 68 67.17 60.31 61.26 60 59.44 57.57 59 58.4 60.18 57.62 54.52 56.68 54.25 54.61 55.45 56.13 56.7 58.23 58.33 58.55 56.66 57.19 56.67 55.8
-9999 -9999 -9999 -9999 -9999 110.6463 110.64 106.44 102.24 93.74 100.33 103.36 105.94 106.05 100.94 100.93 96.52 92.86 92.92 97.1 99.19 99.55 99.83 96.4 94.36 94.03 94.24 90.86 91.81 91.13 88.67 86.83 84.54 82.58 80.71 82.78 84.1 84.43 83.24 82 80.84 80.88 78.77 76.44 74.07 71.34 67.7 64.1 62.38 55.38 60.42 58.78 63.97 64.93 53.03 52.8 50.33 51.02 49.96 51.05 50.98 55.77 55.33 51.96 50.97 52.26 51.92 52.88 54.99 55.52 57.61 57.04 57.59 57.04 58.93 58.42 57.7
-9999 -9999 -9999 -9999 -9999 111.202 109.54 97.58 93.06 94.8 96.83 108.27 109.03 108.67 104.37 102.12 101.19 99.89 99.72 99.27 100.79 97.59 97.12 94.81 95.53 93.5 92.11 88.74 87.91 90.05 91.19 88.68 86.33 85.52 83.71 82.63 82.2 84.87 83.1 83.02 83.16 80.97 78.66 75.52 73.4 70.09 69.06 66.92 53.58 52.24 49.48 58.64 58.29 62.8 60.38 53.95 51.82 50.85 42.06 51.34 43.03 45.61 46.52 47.65 47.16 47.71 50.01 54.86 56.1 56.59 57.28 57.84 58.02 59.21 59.67 59.89 59.39
-9999 -9999 -9999 113.8333 114.28 110.5 104.53 99.02 101.14 107.04 109.5 111.5 111.56 109.31 109.1 109.08 107.88 107.04 102.49 100.53 97.98 97.22 96.21 94.35 91.32 91.73 90.98 89.6 86.42 86.76 89.12 89.18 88.66 88.33 86.66 84.88 83.06 80.76 81.26 80.49 81.71 80.34 78.23 74.32 71.58 61.19 64.75 64.34 54.78 48.59 61.13 65.58 66.68 64.61 68.35 66 65.14 61.33 56.1 57.36 53.16 54.44 55.64 56.24 46.67 41.46 45.08 50.4 53.7 53.92 56.93 58.44 59.02 60.54 61.09 60.18 58.04
-9999 -9999 114.2188 114.7326 112.68 110.3 106.76 110.66 110.88 110.12 112.72 113.74 111.78 106.57 106.17 105.7 105.99 102.81 101.22 100.97 100.4 98.41 96.56 94.41 88.25 83.46 84.48 85.28 86.12 86.09 85.17 84.74 86.75 83.45 84.04 85.5 84.8 82.92 81.4 79.77 79.77 77.89 75.71 74.63 73.38 65.19 61.72 63.35 65.47 65.79 67.48 72.7 69.68 72.09 71.53 71.08 68.27 64.57 60.48 54.8 52.09 50.36 56.63 53.58 50.39 50.15 47.07 50.4 53.39 52.12 50.26 56.19 60.02 61.42 62.4 61.86 60.74
-9999 -9999 112.25 111.74 111.6 110.67 110.81 112.96 112.62 112.71 114.75 113.85 109.7 107.97 106.11 105.33 104.97 104.85 104.22 102.92 103.19 101.08 99.62 97.36 92.72 82.22 81.65 88.14 91.24 89.09 87.89 89.09 88.79 85.33 85.85 84.09 82.05 83.82 81.14 78.18 77.7 77.38 75.41 77.5 79.87 76.86 78.74 76.81 75.97 70.68 71.51 75.72 74.69 74.58 66.24 68.61 67.97 63.58 63.66 61.25 60.24 62.96 62.86 58.77 52.04 52.37 54.75 53.63 50.5 51.61 48.13 56.95 61.32 62.59 63.03 62.87 62.9
-9999 -9999 112.79 111.98 110.98 104.22 112 112.78 113.41 115.05 115.45 112.12 110.33 109.35 107.92 106.41 106.64 107.04 104.32 103.91 104.5 102.48 99.29 98.1 96.67 93.77 90.82 90.66 92.46 92.05 88.75 90.77 89.39 87.33 85.75 83.39 82.29 81.81 80.33 79.25 73.5 76.75 82.58 82.05 82.84 81.43 81.79 79.72 80.52 78.5 75.02 74.52 75.44 73.98 69.29 63.66 65.37 65.67 66.53 62.43 56.87 60.39 65.1 63.8 56.07 55.46 58.2 60.77 60.57 57.23 60.24 63.46 63.6 63.13 63.02 62.97 62.99
-9999 113.3438 113.04 111.06 106.76 110.42 114.27 113.85 116 116.5579 114.83 112.87 110.7 109.18 108.24 107.66 108.88 106.68 105.24 106 104.84 103.03 101.25 98.24 97.26 96.08 95.84 93.99 94.05 94.35 91.74 92.27 89.69 88.62 86.98 85.97 86.3 85.22 82.19 82.21 82.7 86.22 85.65 85.68 85.68 84.21 83.72 83.23 82.29 80.28 77.21 76.71 72.81 70.43 69.67 66.28 61.49 66 66.15 60.2 57.18 58.97 61.04 62.64 59.11 57.82 61.72 63.53 64.04 64.42 64.49 64.08 63.75 63.91 63.97 63.72 63.16
-9999 111.32 110.78 108.27 106.14 109.41 116.7021 117.4667 117.7011 116.25 114.15 113.07 111.21 111.09 110.91 109.69 109.01 107.35 106.19 105.32 104.74 103.35 102.16 100.98 99.03 97.05 96.6 96.58 94.35 93.62 94.74 93.2 92.4 91.4 89.92 89.45 88.96 88.56 86.37 84.06 85.04 87.9 87.53 87.12 86.63 85.42 83.95 79.81 77.96 80.43 78.16 75.92 76.17 73.04 71.03 67.82 64.3 63.07 64.99 65.92 65.62 58.71 60.36 64.82 60.64 63.88 63.96 63.85 64.72 64.88 64.72 64.54 64.26 64.01 63.38 62.52 61.85
-9999 107.2449 104.18 104.28 103.14 109.8247 117.6456 118.37 117.87 116.34 115.64 115.04 114.93 113.21 111.67 110.76 109.67 109.07 107.57 103.98 102.75 100.79 100.16 99.2 98.04 95.68 93.07 92.89 95.5 95.33 94.72 93.59 92.99 92.41 91.45 91.01 90.34 89.83 87.71 86.71 89.36 88.86 88.1 86.9 85.37 84.46 83.51 82.5 80.75 77.95 77.46 78.91 74.37 66.13 69.38 66.8 66.85 67.46 67.13 62.79 65.93 65.37 63.52 65.16 62.82 64.77 63.65 63.98 64.76 64.95 64.97 64.88 64.31 64.06 62.74 59.84 57.92
-9999 104.68 102.45 105.11 112 115.7 119.2222 119.02 117.77 116.43 114.94 113.76 112.99 111.29 111.72 109.92 108.37 107.22 105.83 103.84 102.64 100.55 95.89 94.51 95.05 95.03 90.95 91.81 95.93 96.44 94.23 92.59 92.04 92.62 91.99 91.85 90.52 89 89.06 89.5 88.07 86.84 86.51 83.67 82.84 81.57 80.28 82.23 79.99 78.7 77.01 77.21 77.52 72.28 74.11 71.15 68.48 66.65 62.49 61.53 65.53 66.11 62.33 63.31 65.72 65.35 65.35 65.25 63.92 63.96 63.61 60.1 62.09 64.54 63.02 60.5 58.54
104.4074 102.61 103.71 108.74 116.4043 -9999 -9999 118.84 117.39 116.5 115.59 113.78 112.37 110.39 109.4 107.54 105.07 103.85 103.31 101.39 100.7 99.11 97.94 93.48 91.44 95.86 96.67 97.14 97.5 95.56 92.93 91.3 90.93 90.42 90.13 89.49 87.47 86.49 88.07 85.53 83.95 82.33 81.54 81.55 76.71 79.91 79.25 81.09 78.28 76.44 73.81 73.17 73.38 78.43 72.85 71.71 71.68 72.42 66.28 65.49 62.7 64.3 64.99 63.78 62.81 62.65 59.22 62.04 65 65.12 65.34 64.19 64.03 64.02 60.91 60.32 60.37
110.84 110.1408 111.5 114.0649 117.6 120.4167 119.8652 119.42 118.2 116.4 114.29 113.28 112.21 110.99 108.05 104.75 101.92 100.55 100.34 99.8 98.81 99.04 95.22 94.99 96.28 95.18 99.65 98.87 95.56 94.03 91.97 90.77 90.34 89.88 88.95 88.72 87.06 85.36 86.21 87.3 84.1 80.33 78.31 79.29 78.71 78.11 78.77 76.14 74.9 71.13 71.99 72.76 76.05 77.43 76.02 77.01 76.1 73.18 71.13 69.34 64.83 61.14 62.28 63.56 64.08 61.44 57.59 59.95 66.53 65.62 63.54 64.6 64.22 63.95 62.29 61.17 60.47
-9999 -9999 -9999 116.7162 119.013 119.7857 119.19 118.76 118.6 117.21 115.62 114.32 112.29 108.28 104.9 103.27 100.54 98.84 98.89 100.78 100.54 100.92 100.19 97.86 98.47 100.14 99.21 98.51 94.59 91.06 88.21 87.56 88.08 87.68 87.02 86.84 85.4 84 84.02 84.99 81.99 79.63 76.7 75.51 78.65 74.82 74.69 71.11 72.93 75.08 76.48 76.9 77.12 76.42 71.22 75.65 73.01 68.52 68.94 66.96 65.28 62.44 61.73 62.84 61.82 62.28 65.08 66.66 61.77 66.91 63.3 63.87 63.76 64.16 61.39 58.25 59.14
-9999 -9999 -9999 -9999 118.06 117.48 115.6061 118.5176 119.6703 118.5385 115.55 115.23 113.11 108.33 106.32 104.35 100.99 101.1 101.95 101.24 101.73 101.79 100.45 98.28 97.62 99.5 100.39 97.57 94.59 90.08 87.31 84.09 79.98 81.65 79.09 84.05 83.58 80.78 81.26 81.95 83.47 75.98 75.74 76.08 77.92 72.16 69.32 71.78 72.93 76.2 75.09 74.02 73.25 74.5 73.82 74.69 74.84 74.04 69.45 61.01 57.47 61.02 62.86 63.98 69.04 67.64 65.22 66.9 67.86 64.95 64.48 63.51 61.95 61.37 60.93 60.16 60.73
-9999 -9999 -9999 -9999 114.716 112.9 -9999 120.4118 -9999 119.2692 117.55 115.66 114.2 113.05 109.36 107.08 106.41 104.98 103.47 101.96 102.46 102.66 100.53 99.72 99.43 100.9 100.91 97.76 95.1 91.85 87.69 83.35 76.73 75.23 74.94 78.31 82.25 77.44 78.05 78.98 81.65 80.43 77.5 74.53 75.15 72.56 72.31 73.93 72.84 72 73.62 72.13 71.5 73.52 71.53 70.48 70.48 70.79 71.6 70.64 66.08 56.59 57.39 58.31 60.07 68.77 73.05 65.34 59.28 55.14 53.95 62.35 62.9 64.13 65.17 65.93 63.94
-9999 -9999 -9999 -9999 -9999 -9999 -9999 -9999 119.5893 118.2857 117.3053 117.49 115.56 112.79 112.19 107.07 106.11 105.32 103.04 99.57 100.55 100.86 101.68 101.08 102.03 102.38 99.89 98.01 95.72 91.4 88.88 83.06 79.55 86.01 83.05 81.45 78.51 77.65 76.7 75.52 77.23 78.03 74.79 76.36 74.47 73.78 73.85 72.82 71.77 71.87 71.06 68.81 69.39 70.55 70.05 68.62 67.94 68.69 67.59 67.63 69.86 68.88 70.52 65.87 64.85 65.07 76.61 68.14 68.15 66.31 61.45 64.85 65.4 70.04 73.01 72.27 69.2
-9999 -9999 -9999 -9999 -9999 -9999 -9999 -9999 -9999 117.41 115.48 114.85 115.43 114.5 114.07 110.73 107.98 104.82 102.7 102.44 99.93 96.69 99.24 101.83 102.48 102.6 100.36 99.09 96.35 94.25 90.34 86.95 88.39 88.25 85.86 84.69 81.55 78.86 76.12 74.38 73.38 74.1 73.85 74.07 73.88 73.11 74.54 72.38 71.7 74.05 73.37 72.88 68.3 64.59 69.73 70.66 67.41 68.07 67.26 67.37 65.77 66.12 66.94 74.5 69.44 72.39 78.07 76.81 75.87 77.73 76.9 76.63 80.42 81.4 79.28 73.4 71.8
-9999 -9999 -9999 -9999 -9999 -9999 -9999 -9999 -9999 115.66 112.54 114.92 114.08 113.54 114.22 112.3 110.5 108.19 105.35 102.07 101.44 99.86 100.64 102.08 103.24 101.89 100.66 98.58 97.13 96.06 94.65 89.41 84.93 77.96 78.1 80.81 81.89 78.64 75.8 77.85 76.17 73.07 71.74 73.3 75.4 77.07 79.82 77.01 72.11 69.83 68.79 71.65 73.25 72.16 68.39 71.99 74.04 71.95 69.16 71.69 70.99 72.74 68.46 78.25 76.01 77.55 82.39 77.07 85.67 87.36 86.36 84.73 88.21 82.95 76.14 74.21 76.3
-9999 -9999 -9999 -9999 -9999 -9999 -9999 -9999 119.3846 113.95 107.51 112.47 114.1 115.38 113.35 112.8 110.57 108.11 105.36 104.84 104.92 105.24 105.94 104.09 102.27 102.15 101.65 100.44 98.04 95.21 92.75 89.63 84.49 79.88 78.88 74.59 74.42 75.62 72.47 73.51 79.28 80.97 76.92 71.35 73.28 74.89 78.6 80.15 80.07 77.07 75.17 70.85 68.79 71.27 76.59 75.12 77.18 79.9 76.65 78.25 86.51 85.08 83.45 85.79 85.04 86.13 85.18 89.81 91.16 91.93 87.83 92.76 90.26 84.82 85.45 83.93 78.47
