layers/wordclim/current/bio_10.asc
ncols         166
nrows         93
xllcorner     -9.4959440078468
yllcorner     36.000324005443
cellsize      0.083333337679505
NODATA_value  -9999
[rows 33 to 65 of 93, columns 73 to 145 of 166]
191.97 199.69 199.69 200.48 202.25 205.22 202.36 199.36 194.15 189.81 188.67 188.31 186.68 185.32 181.51 177.85 176.31 177.1 179.61 181.31 180.84 179.76 182.48 181 179.63 183.85 177.36 169.28 168.47 176.33 183.01 190.51 200.55 201.31 200.7 198.74 204.75 211.12 217.58 216.97 210.83 212.09 216.6 214.52 218.5 216.29 232.43 229.54 226.83 228.39 225.58 227.78 -9999 -9999 -9999 -9999 -9999 -9999 -9999 -9999 -9999 -9999 -9999 -9999 -9999 -9999 -9999 -9999 -9999 -9999 -9999 -9999 -9999
207.69 204.24 206 209.3 207.01 202.4 196.92 194.76 195.72 194.15 191.64 188.69 186.82 190.98 185.64 183.9 178.2 183.34 180.99 178.36 178.48 177.98 180.25 180 182.26 183.54 178.41 176.05 173.06 179.56 180.31 184.84 190.56 193.12 191.1 196.03 199.41 205.6 212.48 204.67 201.83 207.12 211.41 209.92 204.68 209.59 235.17 234.87 220.66 233.0202 -9999 -9999 -9999 -9999 -9999 -9999 -9999 -9999 -9999 -9999 -9999 -9999 -9999 -9999 -9999 -9999 -9999 -9999 -9999 -9999 -9999 -9999 -9999
206.85 207.16 210.61 213.96 208.98 200.47 198.32 198.31 200.7 199.65 192.36 190.93 193.2 190.89 187.36 186.78 184.29 182.23 180.74 180.75 176.18 174.4 177.25 182.8 185.04 181.45 171.65 170.6 172.36 173.39 173.83 177.71 176.1 176.37 181 185.62 191.39 205.28 203.57 205.42 198.69 203.11 198.14 193.85 186 213.81 238.75 238.77 236.25 240.169 -9999 -9999 -9999 -9999 -9999 -9999 -9999 -9999 -9999 -9999 -9999 -9999 -9999 -9999 -9999 -9999 -9999 -9999 -9999 -9999 -9999 -9999 -9999
212.64 211 215.52 213.03 202.51 202.22 201.43 197.36 204.27 207.45 205.49 201.29 193.69 183.03 179.43 176.86 180.1 178.54 174.51 174.89 171.58 173.44 172.35 180.97 186.51 180.37 170.54 173.87 173.92 171.62 169.93 171.53 176.16 175.61 180.27 184.93 194.75 197.34 198.74 194.47 188.57 188.91 183.28 194.75 203.01 226.48 236.64 239.95 241.7835 241.0753 239.9884 239.3044 -9999 -9999 -9999 -9999 -9999 -9999 -9999 -9999 -9999 -9999 -9999 -9999 -9999 -9999 -9999 -9999 -9999 -9999 -9999 -9999 -9999
217.68 215.75 219.19 209.78 206.88 207.31 201.01 198.55 207.63 203.38 198.03 192.68 191.28 187.13 181.79 177.33 175.79 175.31 173.47 169.79 163.96 169.87 169.26 174.79 183.44 187.3 175.51 176.72 180.05 178.42 171.76 172.56 170.96 169.84 172.73 171.72 184.65 191.32 196.61 193.3 188.08 191.78 198.7 211.75 225.12 231.67 233.55 230.1596 -9999 -9999 -9999 -9999 -9999 -9999 -9999 -9999 -9999 -9999 -9999 -9999 -9999 -9999 -9999 -9999 -9999 -9999 -9999 -9999 -9999 -9999 -9999 -9999 -9999
222.14 222.36 213.84 209.02 212.87 207.11 202.75 205.19 211.44 203.77 202.39 200.55 201.9 198.75 192.51 184.75 178.53 167.07 167.75 163.87 159.44 164.58 168.45 172.4 181.88 190.13 184.25 179.34 185.78 178.49 164.05 171.82 168.96 164.99 164.54 161.29 176.51 183.37 190.15 190.64 188.78 198.45 207.99 222.53 229.31 235.2 237.6 -9999 -9999 -9999 -9999 -9999 -9999 -9999 -9999 -9999 -9999 -9999 -9999 -9999 -9999 -9999 -9999 -9999 -9999 -9999 -9999 -9999 -9999 -9999 -9999 -9999 -9999
224.54 216.52 211.18 212.73 211.56 206.82 208.12 213.15 214.07 211.44 213.58 210.99 208.94 199.44 194.77 185.63 177.99 171.66 165.59 164.77 160.34 162.67 169.53 176.41 182.44 189.97 188.83 183.97 188.18 172.11 167.75 166.7 161.92 153.03 155.66 161.49 165.99 178.49 183.18 187.45 192.4 208.47 218.57 224.19 230.13 237.88 240.64 -9999 -9999 -9999 -9999 -9999 -9999 -9999 -9999 -9999 -9999 -9999 -9999 -9999 -9999 -9999 -9999 -9999 -9999 -9999 -9999 -9999 -9999 -9999 -9999 -9999 -9999
221.46 215.7 214.4 217.37 213.59 214.36 219.45 215.83 217.2 208.29 205.46 211.3 205.66 204.25 200.08 195.42 181.42 176.33 169.45 164.77 163.1 168.32 175.62 176.89 178.73 188.54 194 196.79 188.3 174.84 174.05 170.25 163.31 151.64 153.36 162.13 171.21 183.87 197.32 199.64 207.53 214.76 224.69 222.76 230.31 236.3976 -9999 -9999 -9999 -9999 -9999 -9999 -9999 -9999 -9999 -9999 -9999 -9999 -9999 -9999 -9999 -9999 -9999 -9999 -9999 -9999 -9999 -9999 -9999 -9999 -9999 -9999 -9999
221.03 219.24 220.14 216.94 217.27 222.22 217.61 211.91 216.55 213.62 208.34 207.09 203.4 201.6 198.02 194.1 182.84 174.61 172.08 174.48 163.43 167 169.63 172.22 178.24 183.33 191.71 200.51 189.39 179.69 187.46 186.1 174.88 164.81 170.14 170.39 177.03 185.87 202.69 209.7 210.8 214.45 230.03 232.8 230.0854 -9999 -9999 -9999 -9999 -9999 -9999 -9999 -9999 -9999 -9999 -9999 -9999 -9999 -9999 -9999 -9999 -9999 -9999 -9999 -9999 -9999 -9999 -9999 -9999 -9999 -9999 -9999 -9999
226.29 223.83 221.32 222.3 225.29 223.17 212.49 210.95 214.18 207.09 208.31 207.83 206.44 201.63 194.49 200.11 185.66 183.08 180.41 172.86 171.99 171.27 177.33 169.81 184.7 188.21 198.38 194.45 181.27 182.89 193.71 196.79 192.1 187.7 183.62 190.19 189.04 193.14 213.43 223.28 222.19 225.36 230.07 239.3289 -9999 -9999 -9999 -9999 -9999 -9999 -9999 -9999 -9999 -9999 -9999 -9999 -9999 -9999 -9999 -9999 -9999 -9999 -9999 -9999 -9999 -9999 -9999 -9999 -9999 -9999 -9999 -9999 -9999
223.37 223.99 227.1 229.55 226.2 220.81 212.9 210.63 211.23 207.53 205.79 205.45 201.15 201.21 201.67 200.45 189.11 183.48 180.27 181.91 181.07 183.56 181.97 179.12 188.03 202.81 199.29 185.38 165.46 168.57 186.26 197.28 199.85 202.16 203.97 200.66 204.47 209.54 218.07 226.86 225.76 226.45 235.5 -9999 -9999 -9999 -9999 -9999 -9999 -9999 -9999 -9999 -9999 -9999 -9999 -9999 -9999 -9999 -9999 -9999 -9999 -9999 -9999 -9999 -9999 -9999 -9999 -9999 -9999 -9999 -9999 -9999 -9999
231.88 231.95 229.26 224.51 221.92 219.24 214.84 212.23 211.36 209.1 205.43 205.06 200.24 203.2 207.41 203.14 196.22 189.02 192.39 191.59 186.86 190.87 187.98 181.72 189.76 203.31 194.22 179.71 166.75 172.19 185.06 190.48 197.38 197.39 207.99 211.56 217.81 223.67 230.29 230.41 230.45 233.6567 -9999 -9999 -9999 -9999 -9999 -9999 -9999 -9999 -9999 -9999 -9999 -9999 -9999 -9999 -9999 -9999 -9999 -9999 -9999 -9999 -9999 -9999 -9999 -9999 -9999 -9999 -9999 -9999 -9999 -9999 -9999
225.7 225.36 222.85 221.03 220.48 219.26 216.19 213.35 215.21 213.56 209.55 207.93 205.85 207.11 205.03 202.76 200.21 196.66 200.48 199.3 197.99 193.31 191.03 192.08 196.28 200.48 203.71 197.07 187.49 180.3 173.16 183.95 198.38 205.69 210.22 208.1 214.84 226.23 234.08 236.56 238.9897 -9999 -9999 -9999 -9999 -9999 -9999 -9999 -9999 -9999 -9999 -9999 -9999 -9999 -9999 -9999 -9999 -9999 -9999 -9999 -9999 -9999 -9999 -9999 -9999 -9999 -9999 -9999 -9999 -9999 -9999 -9999 -9999
227.43 225.91 224.45 223.9 223.3 220.82 218.12 216.88 216.04 214.63 213.84 210.63 210.23 211.43 205.18 201.56 199.19 198.44 202.15 199.25 202.95 195.89 190.5 195.66 200.57 198.26 201.14 206.88 202.41 196.8 189.61 186.82 200 210.45 219.85 221.72 215.12 219.94 232.37 239.1919 -9999 -9999 -9999 -9999 -9999 -9999 -9999 -9999 -9999 -9999 -9999 -9999 -9999 -9999 -9999 -9999 -9999 -9999 -9999 -9999 -9999 -9999 -9999 -9999 -9999 -9999 -9999 -9999 -9999 -9999 -9999 -9999 -9999
230.05 228.01 227.02 226.7 224.78 223.15 218.86 216.94 215.69 217.71 216.14 212.86 212.73 214.17 210.81 207.54 202.57 201.46 204.01 202.96 203.51 204.3 203.09 203.78 200.55 199.22 205.93 213.58 211.86 207.83 204.48 209.13 208.34 211.13 214.23 224.02 229.37 230.1 238.17 -9999 -9999 -9999 -9999 -9999 -9999 -9999 -9999 -9999 -9999 -9999 -9999 -9999 -9999 -9999 -9999 -9999 -9999 -9999 -9999 -9999 -9999 -9999 -9999 -9999 -9999 -9999 -9999 -9999 -9999 -9999 -9999 -9999 -9999
230.21 229.96 228.71 227.78 226.31 224.83 221.88 220.12 217.33 219.15 216.82 213.31 214.05 216.83 215.12 209.23 206.06 205.07 204.8 205.8 208.03 210.89 210.85 207.09 198.55 205.28 206.42 209.97 215.9 222.79 222.75 224.68 228.37 229.33 226.02 219.88 229.02 236.61 240.8289 -9999 -9999 -9999 -9999 -9999 -9999 -9999 -9999 -9999 -9999 -9999 -9999 -9999 -9999 -9999 -9999 -9999 -9999 -9999 -9999 -9999 -9999 -9999 -9999 -9999 -9999 -9999 -9999 -9999 -9999 -9999 -9999 -9999 -9999
230.47 232.07 231.24 229.8 228.34 224.45 220.89 222.79 221.89 218.61 220.05 215.89 215.59 217.14 216.85 215.32 211.96 210.33 208.97 207.5 206.42 210.64 213.93 207.98 206.18 210.43 207.29 201.28 204.2 215.51 226.98 231.07 234.84 236.22 236.19 235.61 235.72 239.5745 -9999 -9999 -9999 -9999 -9999 -9999 -9999 -9999 -9999 -9999 -9999 -9999 -9999 -9999 -9999 -9999 -9999 -9999 -9999 -9999 -9999 -9999 -9999 -9999 -9999 -9999 -9999 -9999 -9999 -9999 -9999 -9999 -9999 -9999 -9999
233.08 233.22 232.43 231.18 230.26 228.24 225.26 226.45 224.55 221.15 220.65 220.42 220.01 219.1 215.58 215.61 217.1 215.34 214.27 212.6 212.52 212.84 217.44 213.48 211.81 212.34 214.54 211.91 211.33 210 210.54 224.53 234.29 237.18 238.44 238.43 240.7 -9999 -9999 -9999 -9999 -9999 -9999 -9999 -9999 -9999 -9999 -9999 -9999 -9999 -9999 -9999 -9999 -9999 -9999 -9999 -9999 -9999 -9999 -9999 -9999 -9999 -9999 -9999 -9999 -9999 -9999 -9999 -9999 -9999 -9999 -9999 -9999
234.14 234.05 232.66 230.28 231.24 231.06 229.33 228.68 227.7 226.29 225.19 223.08 222.57 219.4 216.89 219.59 219.13 217.98 216.94 217.28 216.42 218.14 222.48 218.75 217.26 219.7 221 218.84 214.06 212.76 213.27 222.79 232.83 237.01 239.78 241.18 241.98 -9999 -9999 -9999 -9999 -9999 -9999 -9999 -9999 -9999 -9999 -9999 -9999 -9999 -9999 -9999 -9999 -9999 -9999 -9999 -9999 -9999 -9999 -9999 -9999 -9999 -9999 -9999 -9999 -9999 -9999 -9999 -9999 -9999 -9999 -9999 -9999
235.1 235.59 234.6 232.92 233.21 232.8 231.33 230.66 229.62 228.42 227.37 226.34 225.39 223.42 222.57 222.65 221.07 220.18 219.37 219.37 219.56 219.02 221.09 227.25 227.53 225.78 224.86 220.19 218.73 218.51 222 230.61 234.77 236.87 238.24 242.17 243.76 -9999 -9999 -9999 -9999 -9999 -9999 -9999 -9999 -9999 -9999 -9999 -9999 -9999 -9999 -9999 -9999 -9999 -9999 -9999 -9999 -9999 -9999 -9999 -9999 -9999 -9999 -9999 -9999 -9999 -9999 -9999 -9999 -9999 -9999 -9999 -9999
236.01 236.33 235.82 235.09 234.35 233.55 232.34 231.26 230.16 228.76 227.87 227.06 226.23 225.09 224.33 223.47 223.63 222.69 222.27 222.19 221.49 221.35 220.84 220.09 221.78 224.54 225.48 225.31 222.52 220.82 226.3 225.64 226.66 237.19 239.58 243.16 245.08 245.2698 -9999 -9999 -9999 -9999 -9999 -9999 -9999 -9999 -9999 -9999 -9999 -9999 -9999 -9999 -9999 -9999 -9999 -9999 -9999 -9999 -9999 -9999 -9999 -9999 -9999 -9999 -9999 -9999 -9999 -9999 -9999 -9999 -9999 -9999 -9999
236.92 236.1 235.4 235 234.76 233.78 232.52 230.95 229.25 227.64 226.95 225.94 226.63 226.21 225.94 225.31 225.22 224.77 224.51 224.51 223.92 223.26 223.83 223 221.18 219.27 217.83 222.23 228.43 216.83 215.98 226.24 232.14 235.69 244.14 245.46 246.22 246.1717 -9999 -9999 -9999 -9999 -9999 -9999 -9999 -9999 -9999 -9999 -9999 -9999 -9999 -9999 -9999 -9999 -9999 -9999 -9999 -9999 -9999 -9999 -9999 -9999 -9999 -9999 -9999 -9999 -9999 -9999 -9999 -9999 -9999 -9999 -9999
237.15 236.83 236.15 235.04 234.56 232.66 230.45 228.61 226.75 225.7 224.6 222.94 224.05 225.59 226.32 226.58 226.16 225.73 225.4 225.66 225.22 225.13 222.98 220.42 216.24 211.22 213.15 217.27 225.39 212.82 218.11 231.56 236.58 240.41 245.95 246.34 241.82 243.66 -9999 -9999 -9999 -9999 -9999 -9999 -9999 -9999 -9999 -9999 -9999 -9999 -9999 -9999 -9999 -9999 -9999 -9999 -9999 -9999 -9999 -9999 -9999 -9999 -9999 -9999 -9999 -9999 -9999 -9999 -9999 -9999 -9999 -9999 -9999
237.75 236.39 235.05 233.85 231.93 229.19 224.92 223.28 222.1 221.23 221.39 218.79 219.51 222.55 226.21 227.45 227.35 226.83 226.56 225.81 224.13 219.78 217.19 212.66 208.8 205.37 210.67 216.03 222.49 213.12 217.92 226.69 235.18 241.43 245.01 245.59 237.83 237.43 246.8642 -9999 -9999 -9999 -9999 -9999 -9999 -9999 -9999 -9999 -9999 -9999 -9999 -9999 -9999 -9999 -9999 -9999 -9999 -9999 -9999 -9999 -9999 -9999 -9999 -9999 -9999 -9999 -9999 -9999 -9999 -9999 -9999 -9999 -9999
237.66 235.98 232.38 230.28 227.53 225.65 225.86 223.21 220.94 218.21 216.3 214.48 216.35 220.78 225.15 227.12 227.2 227.06 226.54 224.64 218.76 214.34 213.32 209.51 209.89 213.53 215.47 217.2 215.79 209.3 216.48 224.83 232.35 238.4 240.66 241.47 235.72 233.73 246.59 249.8571 -9999 -9999 -9999 -9999 -9999 -9999 -9999 -9999 -9999 -9999 -9999 -9999 -9999 -9999 -9999 -9999 -9999 -9999 -9999 -9999 -9999 -9999 -9999 -9999 -9999 -9999 -9999 -9999 -9999 -9999 -9999 -9999 -9999
237.88 236.26 233.3 230.94 229.44 225.51 223.9 223.83 221.09 219.34 217.72 215.61 215.55 219.31 222.59 225.37 226.28 226.85 225.23 222.92 220.41 217.35 215.29 214.06 214.83 216.32 217.51 220.35 220.05 216.35 219.87 227.84 227.83 231.12 238.9 239.51 234.83 232.28 236.77 246.78 249.7761 -9999 -9999 -9999 -9999 -9999 -9999 -9999 -9999 -9999 -9999 -9999 -9999 -9999 -9999 -9999 -9999 -9999 -9999 -9999 -9999 -9999 -9999 -9999 -9999 -9999 -9999 -9999 -9999 -9999 -9999 -9999 -9999
237.49 234.34 233.3 232.79 230.58 226.51 223.72 222.09 220.62 219.06 218.02 217.36 218.01 217.83 219.05 219.54 219.77 222.51 221.09 220.83 219.8 217.31 216.11 215.59 216.9 219.32 216.85 215.04 216.71 221.49 227.02 222.84 223.39 227.29 222.72 224 231.67 221.79 222.92 230.86 243.08 246.42 247.3918 -9999 -9999 -9999 -9999 -9999 -9999 -9999 -9999 -9999 -9999 -9999 -9999 -9999 -9999 -9999 -9999 -9999 -9999 -9999 -9999 -9999 -9999 -9999 -9999 -9999 -9999 -9999 -9999 -9999 -9999
237.44 235.61 233.76 232.6 230.76 227.97 224.93 221.19 220.72 222.06 220.77 216.24 211.68 208.87 208.16 208.02 212.6 217.93 221.09 219.3 220.43 220.11 220.66 220.66 217.37 220.86 222.08 221.35 221.47 228.82 224.93 221.74 219.14 213.66 213.54 221.56 223.7 212.09 219.47 222.75 232.49 242.25 246.2892 -9999 -9999 -9999 -9999 -9999 -9999 -9999 -9999 -9999 -9999 -9999 -9999 -9999 -9999 -9999 -9999 -9999 -9999 -9999 -9999 -9999 -9999 -9999 -9999 -9999 -9999 -9999 -9999 -9999 -9999
238.06 235.07 231.39 231.71 230.53 228.8 224.2 225.51 224.77 229.08 220.51 209.34 203.41 209.27 207.61 210.57 215.35 220.25 223.04 225.54 226.22 225.94 226.08 224.69 222.32 220.21 222.67 226.6 226.72 229.5 230.79 224.16 215.77 218.19 209.68 211.3 212.92 215.62 217.62 241.09 241.8421 -9999 -9999 -9999 -9999 -9999 -9999 -9999 -9999 -9999 -9999 -9999 -9999 -9999 -9999 -9999 -9999 -9999 -9999 -9999 -9999 -9999 -9999 -9999 -9999 -9999 -9999 -9999 -9999 -9999 -9999 -9999 -9999
235.31 234.51 233.07 232.94 233.46 228.13 229.71 233.12 231.35 224.05 207.97 203.66 202.73 209.59 216.65 219.38 223.39 227.97 228.89 228.69 231.31 233.86 232.39 228.71 228.17 224.97 224.32 229.08 226.86 223.24 230.71 228.15 214.41 222.45 222.73 230.44 224.48 240.23 244.1222 247.619 -9999 -9999 -9999 -9999 -9999 -9999 -9999 -9999 -9999 -9999 -9999 -9999 -9999 -9999 -9999 -9999 -9999 -9999 -9999 -9999 -9999 -9999 -9999 -9999 -9999 -9999 -9999 -9999 -9999 -9999 -9999 -9999 -9999
238.13 238.2 238.16 235.34 233.1 233.33 236.37 235.18 228.78 222.92 218.59 209.97 208.11 217.47 222.17 225.63 230.28 228.54 232.24 236.53 238 236.94 233.44 229.41 231.29 231.62 228.27 221.21 225.03 228.25 231.79 235.36 227.67 233.66 240 245.4 245.0676 -9999 -9999 -9999 -9999 -9999 -9999 -9999 -9999 -9999 -9999 -9999 -9999 -9999 -9999 -9999 -9999 -9999 -9999 -9999 -9999 -9999 -9999 -9999 -9999 -9999 -9999 -9999 -9999 -9999 -9999 -9999 -9999 -9999 -9999 -9999 -9999
243.32 244.9 243.4 239.93 238.53 239.15 241.83 238.11 231.85 228.02 215.42 208.51 216.35 229.11 232.66 230.23 229.81 234.12 238.14 236.54 238.72 239.6 238.59 239.42 235.81 233.13 234 229.43 229.37 226.04 233.5 241.36 242.98 244.2 248.92 250.4744 -9999 -9999 -9999 -9999 -9999 -9999 -9999 -9999 -9999 -9999 -9999 -9999 -9999 -9999 -9999 -9999 -9999 -9999 -9999 -9999 -9999 -9999 -9999 -9999 -9999 -9999 -9999 -9999 -9999 -9999 -9999 -9999 -9999 -9999 -9999 -9999 -9999
252.53 249.82 244.15 241.74 242.96 246.56 235.48 224.96 230.6 212.85 204.74 215.03 216.02 221.93 219.48 215.79 215.4 223.01 229.82 239.55 242.81 241.49 243.45 245.81 240.84 237.32 228.15 229.97 233.55 232.32 235.01 242.83 247.23 248.86 251.3553 -9999 -9999 -9999 -9999 -9999 -9999 -9999 -9999 -9999 -9999 -9999 -9999 -9999 -9999 -9999 -9999 -9999 -9999 -9999 -9999 -9999 -9999 -9999 -9999 -9999 -9999 -9999 -9999 -9999 -9999 -9999 -9999 -9999 -9999 -9999 -9999 -9999 -9999
