layers/wordclim/current/bio_08.asc
ncols         166
nrows         93
xllcorner     -9.4959440078468
yllcorner     36.000324005443
cellsize      0.083333337679505
NODATA_value  -9999
[rows 0 to 32 of 93, columns 0 to 73 of 166]
-9999 -9999 -9999 -9999 -9999 -9999 -9999 -9999 -9999 -9999 -9999 -9999 -9999 -9999 -9999 -9999 -9999 99.70731 88.09722 101.0448 98.92424 96.20454 98.46377 97.69697 -9999 -9999 -9999 -9999 -9999 -9999 -9999 -9999 -9999 -9999 -9999 -9999 -9999 -9999 -9999 -9999 -9999 -9999 -9999 -9999 -9999 -9999 -9999 -9999 -9999 -9999 -9999 -9999 -9999 -9999 -9999 -9999 -9999 -9999 -9999 -9999 -9999 -9999 -9999 -9999 -9999 -9999 -9999 -9999 -9999 -9999 -9999 -9999 -9999 -9999
-9999 -9999 -9999 -9999 -9999 -9999 -9999 -9999 -9999 -9999 -9999 -9999 -9999 -9999 -9999 -9999 102.5909 99.37894 93.77 97.74 88.86 86.12 94.11111 84.8 85.65 92.59794 -9999 -9999 -9999 -9999 -9999 -9999 -9999 -9999 -9999 -9999 -9999 -9999 -9999 -9999 -9999 -9999 -9999 121.4844 122.1154 -9999 -9999 -9999 -9999 -9999 -9999 -9999 -9999 -9999 -9999 -9999 -9999 -9999 -9999 -9999 -9999 -9999 -9999 -9999 -9999 -9999 -9999 -9999 -9999 -9999 -9999 -9999 -9999 -9999
-9999 -9999 -9999 -9999 -9999 -9999 -9999 -9999 -9999 -9999 -9999 -9999 -9999 -9999 104.9815 105.7053 102.1616 98.48 93.54 85 78.86 79.66 82.22 73.92 89.41 94.99 94.97895 93.44304 98.45071 115.6182 115.8 116.3214 113.4211 117.8442 110.7848 114.8636 113.8082 109.7222 107.8977 111.3402 113.9487 116.2262 118.7778 119.64 118.48 122.2857 122.0984 118 117.1017 -9999 -9999 -9999 -9999 -9999 -9999 -9999 -9999 -9999 -9999 -9999 -9999 -9999 -9999 -9999 -9999 -9999 -9999 -9999 -9999 -9999 -9999 -9999 -9999 -9999
-9999 -9999 -9999 -9999 -9999 -9999 -9999 -9999 -9999 -9999 -9999 -9999 -9999 -9999 -9999 -9999 96.76768 87.51 83.03 85.15 78.96 70.44 65.6 64.18 73.87 85.61 90.89 83.1 94.31 101.1111 85.85 85.9 89.1 105.82 89.84 100.23 105.05 100.07 91.84 105.76 113.8081 108.28 107.86 113.17 115.59 115.17 109.09 107.48 116.31 113.8 111.96 109.1026 117.5897 119.8136 119.32 -9999 -9999 -9999 -9999 -9999 -9999 -9999 -9999 -9999 -9999 -9999 -9999 126.1507 -9999 125.127 121.5729 123.1264 121.913 -9999
-9999 -9999 -9999 -9999 -9999 -9999 -9999 -9999 -9999 -9999 -9999 -9999 -9999 -9999 106.2239 104.2083 96.13 87.11 83.57 78.64 79.68 77.03 75.3 68.4 71.2 72.68 76.37 83.07 81.78 68.88 58.47 68.53 85.96 83.34 80.14 96.87 88.1 81.87 94.98 105.06 107.42 113.19 114.43 109.86 112.52 111.38 108.44 108.2 108.33 109.14 109.52 116.59 117.05 108.29 107.38 104.67 97.89 107.8404 114.4074 120.9178 122.961 124.2821 122.4028 119.6265 121.3061 124.94 123.1 122.93 120.4375 122.59 116.65 117.12 120.0357 114.72
-9999 -9999 -9999 -9999 -9999 -9999 109.5185 110.9125 108.6216 -9999 105.5811 104.5783 103.77 106.4848 105.53 -9999 94.91 86.63 77.37 78.21 79.91 80.06 78.56 79.7 75.3 74.72 73.15 79.43 64.39 59.24 60.37 79.61 74.74 53.79 65.36 88.63 94.51 93.55 86.77 93.2 90.89 92.37 98.85 105.93 105.67 105.27 101.02 91.82 90.02 97.17 87.82 96.45 103.24 90.54 81.05 85.64 95.12 89.3 103.5 101.53 110.65 107.96 110.72 112.99 109.99 115.59 115.82 114.97 105.98 98.64 101.35 103.45 111.4 101.78
-9999 -9999 -9999 -9999 -9999 -9999 107.1507 107.33 106.29 106.11 101.82 92.25 93.8 96.41 100.28 97.95 88.65 83.92 78.67 79.13 78.07 80.53 79.67 80.48 78.73 74.8 68.81 71.23 64.6 59.64 65.43 76.28 55.95 45.61 74.68 87.51 85.3 70.23 75.21 71.76 70.97 85.92 63.13 84.66 100.03 88.5 84.37 88.97 85.2 82.81 65.01 77.71 81.26 63.47 28.71 46.36 38.36 46.04 88.08 78.81 88.14 96.14 99.63 93.04 99.97 107.45 102.11 101.36 100.24 80.57 54.7 80.95 99.59 99.71
-9999 -9999 -9999 -9999 112.0538 105.98 104.86 99.17 95.69 95.46 90.96 91.36 92.56 90.32 91.2 86.81 81.97 81.08 77.83 79.02 77.52 77.71 80.34 78.95 76.09 70.74 63.95 67.71 54.39 58.13 54.47 64.06 53.46 44.93 62.85 77.51 61.99 45.36 67.76 55.46 63.84 58.49 73.03 73.5 85.1 74.71 75.5 74.87 61.95 55.69 62.23 56.73 50.9 63.48 45.86 36.43 48.39 78.28 91.82 84.36 57.11 71.82 78.5 79.71 81.56 97.21 83.75 93.2 87.22 59.16 44.33 53.82 60.75 75.84
-9999 -9999 -9999 111.6701 107.61 99.65 98.53 95.83 94.24 91.94 92.74 92.55 94.96 93.17 91.08 89 85.11 79.93 72.43 74.4 77.54 76.16 77.39 75.56 70.86 67.66 60.32 57.06 62.09 59.35 65.85 62.42 45.99 36.21 52 40.25 47.02 16.79 17.81 31.7 12.03 36.9 27.07 60.56 71.28 43.14 40.12 47.57 39.55 36 49.36 41.85 51.98 56.89 44.9 46.07 30.69 34.32 50.46 63.14 56.15 35.01 50.21 67.92 72.49 75.76 74.47 76.79 72.7 73.89 80.39 81.7 78.6 70.99
-9999 -9999 -9999 112.3059 102.6667 99.07 96.94 96.37 96.37 95.17 95.21 95.51 94.66 92.39 89.84 87.44 86.25 78.86 75.91 71.87 74.56 71.53 71.71 75.76 75.19 71.66 61.03 59.62 56.66 64.7 61.31 49.44 46.83 36.09 32.23 25.39 17.47 36.23 42.02 45.6 37.71 46.56 45.28 39.84 46.38 48.82 44.42 49.78 41.97 48.47 60.4 52.9 53.2 56.47 59.61 49.19 33.69 30.12 38.61 53.34 60.7 37.37 47.73 69.15 73.57 74.92 75.96 74.99 75.31 76.93 82.88 89.75 86.79 79.68
-9999 -9999 -9999 -9999 108.5 97.67 98.25 100.4 97.29 101.11 102.68 95.55 91.61 93.95 91.99 89.95 90.09 86.73 81.22 76.22 71.67 73.31 74.91 76.18 76.33 71.24 64.62 55.69 61.04 60.2 47.55 33.24 21.99 21.45 29.73 27.1 37.94 32.76 18.17 35.25 26.43 29.64 45.31 54.31 41.69 52.63 54.99 57.56 50.85 60.66 63.09 54.85 61.51 54.78 60.89 49.49 48.71 48.89 50.89 64.1 69.24 68.96 69.02 72.38 71.9 74.21 70.71 77.76 75.97 80.49 76.56 80.32 86.09 79.44
-9999 -9999 -9999 -9999 111.025 107.9844 108.5758 109.011 92.94 99.99 102.15 101.79 97.21 97.31 95.03 86.16 85.64 80.73 74.69 75.63 70.44 70.47 75.56 68.72 67.39 71.75 57.11 51.28 53.02 48.52 41.88 21.61 30.8 37.39 44.54 42.13 33.26 18.95 23.16 32.06 46.92 54.28 59.43 60.5 62.05 57.85 66.1 67.82 64.71 68.94 68.23 67.26 68.76 65.27 69.53 63.04 59.57 67.47 67.93 66.78 70.76 73.06 76.74 76.48 72.2 77.42 77.12 70.9 75.06 72.55 67.48 75.84 74.59 86.31
-9999 -9999 -9999 -9999 -9999 -9999 95.83696 103.89 100.58 105.76 100.86 95.99 96.19 85.42 85.79 83.1 77.13 76.27 69.94 65.09 71.34 75.06 66.41 63.15 65.51 62.65 51.57 39.33 35.38 38.04 42.25 34.48 44.7 50.84 48.13 47.95 50.69 56.51 60.01 58.31 53.28 54.14 59.91 64.8 66.69 64.92 70.77 72.69 70.26 75.51 70.4 74.22 72.78 74.03 71.32 68.5 69.11 70.59 73.81 71.75 76.87 76.09 77.65 72.28 70.93 71.31 72.1 71.32 73.16 69.27 64.09 70.08 84.22 70.71
-9999 -9999 -9999 -9999 -9999 112.3051 103.5319 -9999 -9999 101.42 100.82 91.75 84.73 77.09 70.08 79.24 76.94 69.88 65.88 62.21 70.92 73.55 68.63 68.54 74.04 63.11 48.91 47.74 40.9 32.65 41.83 47.49 53.8 58.69 57.53 53.35 63.62 76.02 68.74 59.96 63.58 67.22 66.93 69.78 69.92 69.33 75.49 76.74 76.97 77.62 75.77 78.54 74.17 78.59 74.09 72.32 74.32 74.29 78.63 76.96 79.23 82.28 80.35 75.07 74.19 71.26 70.56 68.95 67.83 65.43 67.23 75.06 84.22 84.44
-9999 -9999 -9999 -9999 -9999 -9999 -9999 113.5 109.6386 106.59 99.31 91.39 83.97 78.21 70.29 70.29 71.55 66.02 62.27 65.36 67.52 72.32 70.9 76.92 74.96 68.24 58.15 52.95 40.44 37.48 42.7 54.49 60.43 63.41 58.82 52.4 39.67 42.71 51.28 56.76 65.47 69.92 70.14 73.9 73.57 73.76 76.92 79.62 80.72 80.21 79.95 77.23 77.33 81.56 77.89 76.14 79.5 78.44 79.96 81.58 80.82 83.6 83.82 82.31 80.71 78.87 74.94 68.52 68.51 67.76 71.9 74.11 70.49 72.77
-9999 -9999 -9999 -9999 -9999 -9999 -9999 111.75 107.1196 97.80899 102.5 93.1 80.5 67.76 71.39 75.63 77.18 76.42 74.72 72.67 71.3 71.22 72.92 72.65 65.93 64.12 64.33 62.32 45.89 50.05 53.43 56.46 58.17 45.78 31.91 33.14 23.03 19.91 52.98 64.72 69.81 73.06 72.65 76.48 76.13 76.23 77.98 81.86 82.08 81.09 79.59 78.85 80.36 83.55 81.12 79.27 82.12 84.49 84.8 85.19 86.25 86.06 84.93 84.64 83.17 81.09 74.54 70.84 70.89 70.4 68.84 67.43 67.77 70.48
-9999 -9999 -9999 -9999 -9999 -9999 -9999 -9999 -9999 100.3824 100.5161 94.09 86.26 68.41 69.08 79.71 85.52 80.47 80.61 79.58 76.98 63.15 57.91 61.87 61.39 50.56 48.4 64.25 65.36 48.25 43.03 50.53 34.14 29.08 31.89 13.57 10.43 18.02 52.99 63.25 68.02 72.87 76.57 77.96 77.59 77.77 78.87 82.24 81.17 80.69 81.25 80.79 83.3 85.36 84 82.69 84.43 87.08 87.71 88.76 88.42 88.83 88.26 87.22 84.95 79.68 75.46 73.98 73.15 71.8 68.48 66.06 65.3 56.83
-9999 -9999 -9999 -9999 -9999 -9999 -9999 -9999 107.1154 98.83334 -9999 92.23 84.22 76.1 64.96 75.23 87.37 82.36 75.96 78.6 75.12 64.79 60.76 49.31 44.33 42.09 33.51 52.55 54.16 43.1 28.84 23.87 18.95 18.12 23.07 30.67 24.36 15.21 30.06 61.55 70.57 73.84 76.79 78.68 78.54 78.89 79.75 82.43 79.73 78.78 81.98 83.39 85.73 86.37 85.97 86.4 86.95 88.31 90.77 91.25 91.57 90.35 89.79 87.49 83.36 77.01 77.34 77.36 74.1 70.25 68.8 77.79 78.99 84.62
-9999 -9999 -9999 -9999 -9999 -9999 -9999 -9999 -9999 102.5275 96.96 96.51 96.46 81.09 74.02 81.44 83.11 78.1 75.87 71.65 68.92 64.86 64.35 48.32 35.64 29.26 22.15 35.57 49.04 36.79 28 14.49 2.63 5.33 13.42 12.73 16.1 24.54 33.97 63.71 69.73 72.77 74.26 77.93 79.43 80.08 80.9 82.42 79.92 81.12 83.43 85.16 86.51 86.24 87.24 88.54 89.87 90 91.99 93.94 93.79 91.2 89.86 86.01 81.39 82.67 81.24 77.63 74.55 74.49 89.08 110.3 107.37 95.5
-9999 -9999 -9999 -9999 -9999 -9999 -9999 -9999 107.7473 90.79 104.63 100.23 99.92 85.12 91.89 80.92 71.58 63.02 64.56 62.88 61.48 64.57 60.97 54.8 44.16 34.41 35.74 42.79 45.71 32.64 22.49 11.49 12.05 27.46 32.58 31.1 30.68 33.98 44.14 71.45 72.16 74.9 76.73 77.04 80.54 80.33 81.81 82.08 82.07 83.7 84.06 85.64 85.47 85.59 88.19 89.81 92.09 94.26 94.01 96.74 91.76 87.44 87.75 85.41 86.83 82.45 81.59 78.7 75.6 102.37 117.48 112.95 115.39 113.46
-9999 -9999 -9999 -9999 -9999 -9999 -9999 94.88889 93.84 100.72 103.81 101.94 95.47 93.61 71.63 55.21 46.15 51.95 58.25 62.58 63.79 63.3 62.5 55.39 63.03 49.12 45.54 47.01 40.71 34.03 26.91 20.68 18.37 35.8 38.18 38.42 39.41 40.06 43.23 70.26 75.47 77.6 78.73 78.83 79.76 81.35 82.77 82.6 82.77 82.69 85.28 85.27 84.84 86.68 88.16 90.21 92.69 95.28 96.16 103.14 102.06 92.58 92.18 90.87 88.56 81.39 80.84 80.07 86.57 112.3 123.36 118.51 115.69 118.44
-9999 -9999 -9999 -9999 -9999 -9999 -9999 99 105.96 102.14 97.35 78.14 85.01 76.14 51.09 60.86 63.67 67.44 63.12 53.29 49.21 53.32 54.4 59.81 70.59 58.89 52.32 54.46 48.46 43.02 41.63 37.18 27.69 42.28 43.08 40.45 38.31 42.05 43.47 62.53 74.38 77.3 78.79 80.23 81.53 82.69 82.92 82.65 83.24 84.23 85.3 84.95 84.28 86.93 88.04 89.42 90.51 90.36 88.97 98.63 107.11 105.43 103.51 94.1 106.46 120.51 105.97 104.94 121.62 122.92 121.8 116.55 113.94 110.2
-9999 -9999 -9999 -9999 -9999 -9999 -9999 105.4545 100.8409 88.61 90.08 74.78 90.59 86.36 76.95 74.65 71.81 54.48 40.93 40.4 39.69 40.3 53.15 56.3 70.85 59.15 48.04 56.12 55.23 47.37 46.53 46.62 44.81 51.18 47.69 48.35 44.63 42.2 39.85 42.12 68.56 72.16 76.87 78.4 80.62 82.12 83.23 84.01 84.86 85.59 85.4 85.17 85.35 85.67 84.23 83.78 84.44 85.91 88.58 94.61 105.07 113.77 114.98 122.98 126.89 126.98 126.64 126.98 126.12 125.21 124.63 121.87 119.39 116.78
-9999 -9999 -9999 -9999 -9999 -9999 -9999 -9999 90.67 83.48 100.46 93.81 95.61 89.3 78.38 56.94 46.63 37.76 49.25 43.14 44.86 44.09 48.16 55.99 69.86 58.33 46.49 55.4 55.81 57.18 50.39 43.49 49.28 53.64 47.9 51.65 49 44.26 45.32 50.59 72.27 72.5 76.64 80.88 81.57 81.57 83.68 83.93 83.39 82.57 84.59 85.01 82.91 80.54 80.52 81.18 82.53 86.46 91.42 91.33 106.86 111.37 119.36 121.11 121.33 123.79 119.51 122.62 126.66 127.86 128.54 127.9 126.37 125.47
-9999 -9999 -9999 -9999 -9999 -9999 -9999 -9999 96.24445 96.07143 91.37 90.37 85.22 88.63 80.77 71.56 66.9 67.12 54.09 45.46 44.27 50.49 58.31 64.5 61.2 50.13 55.11 61.16 65.4 55.46 47 39.3 48.33 48.37 52.85 54.42 47.31 44.9 45.05 47.31 75.21 76.58 77.31 79.69 81.43 82.33 83.45 84.22 83.57 82.85 82.34 80.53 79.44 80.15 79.83 79.98 74.02 80.62 86.94 86.67 91.94 106.31 121.12 127.84 126.78 129.34 96.53 92.14 107.91 116.89 123.68 131.35 129.73 128.68
-9999 -9999 -9999 -9999 -9999 -9999 -9999 -9999 98.30264 93.35 91.06 95.51 100.47 96.78 92.23 80.69 73.2 52.02 48.42 51.44 58.28 58.64 63.48 65.35 48.22 57.41 63.69 70.27 72.45 59.53 46.43 44.77 47.46 53.79 55.61 55.54 51.2 49.19 46.68 47.51 70.28 77.6 79.66 80.64 80.94 82.97 83.53 81.39 81.49 81.11 81.43 82.65 82.05 81.15 79.7 78.21 60.45 60.03 85.21 87.14 90.79 100.97 103.77 98.45 98.61 114.49 93.13 105.86 111.08 113.87 110.55 118.58 129.02 130.15
-9999 -9999 -9999 -9999 -9999 -9999 -9999 -9999 -9999 94.37 95.58 99.42 98.11 88.72 89.96 86.45 68.28 65.73 66.73 64.89 67.92 53.5 54.59 46.18 50.69 63.35 70.47 74.97 69 58.34 52.33 55.01 57.13 62.55 60.78 58.43 52.67 49.14 50.27 50.6 72.09 77.41 79.13 80.31 81.67 84.65 84.78 82.82 82.96 83.44 84.05 84.07 84.64 82.95 83.34 85.69 78.44 75.47 87.52 82.62 93.86 120.7 118.65 121.06 114.69 110.66 122.82 129.43 118.44 119.25 124.73 124.63 124.46 128.25
-9999 -9999 -9999 -9999 -9999 -9999 -9999 -9999 -9999 97.14 95.12 98.89 93.5 94.25 90.76 85.12 73.16 68.75 84.12 67.1 50.98 47.99 47.96 52.98 58.72 59.22 60.39 71.76 66.56 53.26 43.78 59.48 65.55 65.61 62.63 59.96 54.31 51.55 53.54 50.36 67.85 80.02 79.65 81.18 82.85 83.46 83.78 82.54 83.44 84.96 85.67 84.96 85.59 85.88 84.86 84.13 85.14 86.5 85.32 85.17 98.73 128.16 128.13 128.3 126.61 103.53 112.67 126.14 119.01 117.72 119.84 124.09 126.53 125.05
-9999 -9999 -9999 -9999 -9999 -9999 -9999 -9999 -9999 97.70707 99.98 100.73 98.66 95.12 89.61 88.37 74.44 74.66 82.32 63.14 39.56 56.92 53.11 54.32 61.77 69.9 70.28 68.53 62.82 66.5 57.67 67.38 65.41 55.96 51.53 52.29 54.65 56.63 52.59 49.38 63.46 77.4 78.22 79.07 80.05 79.55 79.4 80.75 80.87 81.41 81.88 82.87 83.23 83.15 81.85 82.01 84.02 85.33 90.51 91.73 88.48 92.95 100.24 95.67 97.73 97.18 82.62 106.38 120.7 115.57 101.34 107.03 121.5 124.12
-9999 -9999 -9999 -9999 -9999 -9999 -9999 -9999 -9999 97.77215 99.85 98.69 92.71 87.19 88.55 90.38 87.68 89.74 65.67 52.96 68.01 75.56 59.51 72.39 57.43 68.03 58.34 57.72 71.16 71.17 66.85 72.7 63.52 55.03 55.23 58.4 61.09 55.47 52.34 50.72 63.97 76.92 76.18 75.64 75.67 75.14 76.18 77.38 79.97 82.07 79.82 81.61 82.37 82.98 83.94 84.47 83.92 87.69 93.52 91.81 91.7 86.57 101.04 91.56 94.38 79.06 76.39 82.01 95.77 77.2 76.83 115.14 112.99 107.89
-9999 -9999 -9999 -9999 -9999 -9999 -9999 -9999 -9999 100.0377 102.38 99.15 96.43 91.97 92.32 89.72 92.8 70 60.48 58.83 77.97 78.59 71.62 78.25 71.36 66.13 54.68 54.79 76.87 69.35 63.03 67.89 60.72 60 58.34 58.65 53.08 51.54 52.17 52.17 65.44 77.76 76.06 73.61 74.18 75.75 75.44 74.74 76.52 79.17 80.73 81.28 81.97 82.3 83.31 84.6 85.71 121.16 128.92 116.37 123.11 116.48 117.87 98 82.46 77.17 75.61 73.63 89.08 76.38 74.92 106.89 87.78 91
-9999 -9999 -9999 -9999 -9999 -9999 -9999 -9999 -9999 -9999 102.9032 102.5 99.68 94.75 91.71 92.83 87.61 80.04 78.38 72.66 78.4 72.92 71.6 70.85 66.73 68.58 69.55 70.06 78.52 63.76 62.8 69.06 67.4 62.03 56 55.11 53.88 51.84 50.56 50.42 60.32 80.94 78.98 78.53 78.52 78.08 77.37 76.42 77.16 78.74 80.44 80.48 80.96 81.62 101.03 111.4 138.81 142.09 139.36 141 137.86 132.9 126.74 105.95 89.97 94.57 100.81 97.25 84.53 94.87 97.79 89.77 92.13 103.15
-9999 -9999 -9999 -9999 -9999 -9999 -9999 -9999 -9999 -9999 103.9643 99.34 101.14 98.1 95.03 86.44 66.62 67.4 50.52 52.53 63.72 57.78 60.04 56.94 54.29 55.94 62.1 62.94 75.23 73.36 74.76 73.83 72.28 62.65 57.51 56.31 53.99 52.98 50.92 50.15 54.28 79.31 79.58 80.02 80.03 79.8 78.66 77.43 76.56 77.19 78.76 79.24 79.48 98.03 121.73 141.21 139.51 140.96 138.17 138.9 138.58 136.59 133.35 122.52 117.93 118.48 117.82 95.48 95.66 86.63 79 74.43 86.78 76.21
