layers/wordclim/current/bio_15.asc
ncols         166
nrows         93
xllcorner     -9.4959440078468
yllcorner     36.000324005443
cellsize      0.083333337679505
NODATA_value  -9999
[rows 0 to 34 of 93, columns 77 to 153 of 166]
-9999 -9999 -9999 -9999 -9999 -9999 -9999 -9999 -9999 -9999 -9999 -9999 -9999 -9999 -9999 -9999 -9999 -9999 -9999 -9999 -9999 -9999 -9999 -9999 -9999 -9999 -9999 -9999 -9999 -9999 -9999 -9999 -9999 -9999 -9999 -9999 -9999 -9999 -9999 -9999 -9999 -9999 -9999 -9999 -9999 -9999 -9999 -9999 -9999 -9999 -9999 -9999 -9999 -9999 -9999 -9999 -9999 -9999 -9999 -9999 -9999 -9999 -9999 -9999 -9999 -9999 -9999 -9999 -9999 -9999 -9999 -9999 -9999 -9999 -9999 -9999 -9999
-9999 -9999 -9999 -9999 -9999 -9999 -9999 -9999 -9999 -9999 -9999 -9999 -9999 -9999 -9999 -9999 -9999 -9999 -9999 -9999 -9999 -9999 -9999 -9999 -9999 -9999 -9999 -9999 -9999 -9999 -9999 -9999 -9999 -9999 -9999 -9999 -9999 -9999 -9999 -9999 -9999 -9999 -9999 -9999 -9999 -9999 -9999 -9999 -9999 -9999 -9999 -9999 -9999 -9999 -9999 -9999 -9999 -9999 -9999 -9999 -9999 -9999 -9999 -9999 -9999 -9999 -9999 -9999 -9999 -9999 -9999 -9999 -9999 -9999 -9999 -9999 -9999
-9999 -9999 -9999 -9999 -9999 -9999 -9999 -9999 -9999 -9999 -9999 -9999 -9999 -9999 -9999 -9999 -9999 -9999 -9999 -9999 -9999 -9999 -9999 -9999 -9999 -9999 -9999 -9999 -9999 -9999 -9999 -9999 -9999 -9999 -9999 -9999 -9999 -9999 -9999 -9999 -9999 -9999 -9999 -9999 -9999 -9999 -9999 -9999 -9999 -9999 -9999 -9999 -9999 -9999 -9999 -9999 -9999 -9999 -9999 -9999 -9999 -9999 -9999 -9999 -9999 -9999 -9999 -9999 -9999 -9999 -9999 -9999 -9999 -9999 -9999 -9999 -9999
-9999 -9999 -9999 -9999 -9999 -9999 -9999 -9999 -9999 -9999 -9999 -9999 -9999 -9999 -9999 -9999 -9999 -9999 -9999 -9999 -9999 -9999 -9999 -9999 -9999 -9999 -9999 -9999 -9999 -9999 -9999 -9999 -9999 -9999 -9999 -9999 -9999 -9999 -9999 -9999 -9999 -9999 -9999 -9999 -9999 -9999 -9999 -9999 -9999 -9999 -9999 -9999 -9999 -9999 -9999 -9999 -9999 -9999 -9999 -9999 -9999 -9999 -9999 -9999 -9999 -9999 -9999 -9999 -9999 -9999 -9999 -9999 -9999 -9999 -9999 -9999 -9999
-9999 30.64368 29.75 27.76 27.27907 26.21795 25.58182 -9999 -9999 -9999 -9999 -9999 -9999 -9999 -9999 -9999 -9999 -9999 -9999 -9999 -9999 -9999 -9999 -9999 -9999 -9999 -9999 -9999 -9999 -9999 -9999 -9999 -9999 -9999 -9999 -9999 -9999 -9999 -9999 -9999 -9999 -9999 -9999 -9999 -9999 -9999 -9999 -9999 -9999 -9999 -9999 -9999 -9999 -9999 -9999 -9999 -9999 -9999 -9999 -9999 -9999 -9999 -9999 -9999 -9999 -9999 -9999 -9999 -9999 -9999 -9999 -9999 -9999 -9999 -9999 -9999 -9999
28.41837 30.82828 29.25 28.29 26.91 25.64 24.24 24.14141 23.49315 23.36667 23.06557 22.88525 22.64286 22.66667 22.31 21.82 22.13514 -9999 -9999 -9999 -9999 -9999 -9999 -9999 -9999 -9999 -9999 -9999 -9999 -9999 -9999 -9999 -9999 -9999 -9999 -9999 -9999 -9999 -9999 -9999 -9999 -9999 -9999 -9999 -9999 -9999 -9999 -9999 -9999 -9999 -9999 -9999 -9999 -9999 -9999 -9999 -9999 -9999 -9999 -9999 -9999 -9999 -9999 -9999 -9999 -9999 -9999 -9999 -9999 -9999 -9999 -9999 -9999 -9999 -9999 -9999 -9999
27.07 26.24 28.1 27.33 25.78 23.75 23.01 22.72 22.16 21.98 21.71 21.66 22.07 21.65 21.8 21.28 22.01 21.85 21.43 21.13 -9999 -9999 -9999 -9999 -9999 -9999 -9999 -9999 -9999 -9999 -9999 -9999 -9999 -9999 -9999 -9999 -9999 -9999 -9999 -9999 -9999 -9999 -9999 -9999 -9999 -9999 -9999 -9999 -9999 -9999 -9999 -9999 -9999 -9999 -9999 -9999 -9999 -9999 -9999 -9999 -9999 -9999 -9999 -9999 -9999 -9999 -9999 -9999 -9999 -9999 -9999 -9999 -9999 -9999 -9999 -9999 -9999
25.81 25.92 25.34 24.88 22.46 22.83 22.37 21.82 21.18 20.83 20.85 21.15 21.45 20.91 20.74 20.97 21.81 22.29 22.09 20.9863 -9999 -9999 -9999 -9999 -9999 -9999 -9999 -9999 -9999 -9999 -9999 -9999 -9999 -9999 -9999 -9999 -9999 -9999 -9999 -9999 -9999 -9999 -9999 -9999 -9999 -9999 -9999 -9999 -9999 -9999 -9999 -9999 -9999 -9999 -9999 -9999 -9999 -9999 -9999 -9999 -9999 -9999 -9999 -9999 -9999 -9999 -9999 -9999 -9999 -9999 -9999 -9999 -9999 -9999 -9999 -9999 -9999
24.5 24.13 21.5 19.47 20.68 20.21 21.14 21.09 20.05 20.5 20.91 20.78 20.16 20.85 20.12 20.65 21.03 20.5 19.23 18.8625 -9999 17.76191 17.08928 -9999 -9999 -9999 -9999 -9999 -9999 -9999 -9999 -9999 -9999 -9999 -9999 -9999 -9999 -9999 -9999 -9999 -9999 -9999 -9999 -9999 -9999 -9999 -9999 -9999 -9999 -9999 -9999 -9999 -9999 -9999 -9999 -9999 -9999 -9999 -9999 -9999 -9999 -9999 -9999 -9999 -9999 -9999 -9999 -9999 -9999 -9999 -9999 -9999 -9999 -9999 -9999 -9999 -9999
21.04 21.09 20.88 19.84 20.13 19.75 19.11 18.76 18.19 18.97 19.43 19.36 18.9 19.51 20.62 21.49 22 22.23 20.77 19.97 18.81 18.08 17.43 16.59 15.56989 15 14.36 13.41379 -9999 -9999 -9999 -9999 -9999 -9999 -9999 -9999 -9999 -9999 -9999 -9999 -9999 -9999 -9999 -9999 -9999 -9999 -9999 -9999 -9999 -9999 -9999 -9999 -9999 -9999 -9999 -9999 -9999 -9999 -9999 -9999 -9999 -9999 -9999 -9999 -9999 -9999 -9999 -9999 -9999 -9999 -9999 -9999 -9999 -9999 -9999 -9999 -9999
20.15 19.52 19.57 19.86 19.93 19.35 18.94 18.56 18.45 18.27 18.51 18.79 19.15 18.6 20.54 22.78 23.21 22.94 22.09 20.59 19.84 18.8 16.86 17.25 15.93 15.41 14.61 13.53 13.21053 -9999 -9999 -9999 -9999 -9999 -9999 -9999 -9999 -9999 -9999 -9999 -9999 -9999 -9999 -9999 -9999 -9999 -9999 -9999 -9999 -9999 -9999 -9999 -9999 -9999 -9999 -9999 -9999 -9999 -9999 -9999 -9999 -9999 -9999 -9999 -9999 -9999 -9999 -9999 -9999 -9999 -9999 -9999 -9999 -9999 -9999 -9999 -9999
20.8 19.64 19.88 19.41 18.6 18.33 17.83 17.9 17.6 17.68 17.96 18.29 18.11 18.94 20.03 22.7 24.52 25.39 23.28 22.63 21.86 19.79 18.75 17.83 16.93 16.3 14.88 14.21 13.62 13.05376 13.07463 12.85897 12.85227 12.31313 12.13433 -9999 -9999 -9999 -9999 -9999 -9999 -9999 -9999 -9999 -9999 13.58 12.95 12.17949 11.98182 -9999 -9999 -9999 -9999 -9999 -9999 -9999 -9999 -9999 -9999 -9999 -9999 -9999 -9999 -9999 -9999 -9999 -9999 -9999 -9999 -9999 -9999 -9999 -9999 -9999 -9999 -9999 -9999
20.74 20.37 19.81 18.86 18.42 17.99 17.51 17.57 17.44 17.63 17.91 18.39 19.28 20.46 21.2 22.47 22.5 23.29 21.78 21.26 21.5 21.43 19.51 18.11 17.05 16.71 15.63 15.2 14.64 13.88 13.49 12.9 12.93 13.22 12.49 12.68478 -9999 -9999 -9999 12.65278 -9999 12.16667 -9999 -9999 -9999 13.29592 13.84 13.21 12.6 12.28 13.03659 12.20635 12.22727 -9999 -9999 -9999 -9999 -9999 -9999 -9999 -9999 -9999 -9999 -9999 -9999 -9999 -9999 -9999 -9999 -9999 -9999 -9999 -9999 -9999 -9999 -9999 -9999
19.54 19.5 19.49 18.51 17.83 17.45 17.54 17.38 17.43 17.68 18.03 18.44 19.12 20.19 21.49 22.64 22.78 22.39 20.28 20.28 20.94 21.08 19.48 18.17 18.03 17.42 16.9 15.85 15.17 14.76 14.43 13.94 13.79 13.97 13.51 13.7 13.1 12.85 13.29 13.65 12.84 12.81 12.45 13.32 12.03 12.21 12.46 12.32 12.2 12.85 15.13 13.71 13.62 11.89691 -9999 -9999 -9999 -9999 -9999 -9999 -9999 -9999 -9999 -9999 -9999 -9999 -9999 -9999 -9999 -9999 -9999 -9999 -9999 -9999 -9999 -9999 -9999
19.81 19.75 19.34 19.04 18.73 18.49 18.48 18.43 18.45 18.39 18.73 18.93 19.42 20.12 21.13 22.05 22.59 22.47 21.18 21.68 21.83 21.17 20.36 18.62 17.7 16.62 16.77 16.57 15.74 15.49 14.98 15.03 15.11 14.51 14.1 14.47 14.26 14.5 15.01 14.6 13.32 13.58 14.27 13.4 13.05 13.6 13.29 12.92 12.14 12.34 15.11 16.91 15.22 12.99 -9999 -9999 -9999 -9999 -9999 -9999 -9999 -9999 -9999 -9999 -9999 -9999 -9999 -9999 -9999 -9999 -9999 -9999 -9999 -9999 -9999 -9999 -9999
19.41 19.04 19.01 18.99 19.02 18.94 19.31 20.29 20.75 20.5 19.74 19.48 19.77 20.27 20.98 21.76 22.07 22.62 21.88 21.55 21.34 19.84 18.89 18.16 17.63 16.78 16.39 16.61 16.36 16.25 15.83 16.05 16.03 15.33 15.07 14.92 15.6 15.75 16.28 15.46 15 15.02 15.06 14.47 15.09 15.65 14.71 12.99 13.43 13.55 16.62 15.9 14.23 14.03 -9999 -9999 12.39683 12.44211 13.26966 16.35185 17.55882 -9999 -9999 -9999 -9999 -9999 -9999 -9999 -9999 -9999 -9999 22.58928 21.83824 23.67924 -9999 -9999 -9999
18.84 18.84 18.85 19.18 18.98 18.28 19.05 19.77 20.6 20.38 20.63 20.22 20.44 20.72 21.01 21.7 21.99 22.12 22.14 21.95 21.73 20.85 19.51 18.74 17.99 17.42 17.07 17.23 17.19 16.78 16.65 16.59 16.4 16.44 16.12 15.88 15.8 16.62 17.28 17.29 16.89 16.39 16.04 15.62 15.36 16.25 16.33 16.27 17 16.84 18.24 14.63 16.33 20.31 22.08 18.88 17.8 18.31 18.97 18.42 15.65753 -9999 13.5 13.72 14.56 15.41177 -9999 -9999 -9999 19.08511 22.37 26.35 28.17 29.06 29.25843 -9999 -9999
18.87 18.3 18.4 19 18.22 17.97 18.32 18.21 18.14 18.86 18.86 20.29 21.01 21.09 21.47 21.89 22.03 22.06 22.01 22.03 21.87 21.19 20.58 19.9 19.18 18.74 18.2 18.46 18.45 18.11 17.61 17.04 16.83 16.74 16.06 16.55 16.88 17.36 18.31 18.49 17.47 17.75 16.97 17.45 16.85 17.69 17.31 16.78 19.11 20.1 16.64 15.91 18.45 23.92 20.01 16.26 14.96 14.84 16.52 16.78 16.05 16.16 17.53 16.55 16.63 18.55 19.53 19.27 19.09 20.11 23.04 26.34 29.67 31.58 31.55056 30.08602 -9999
18.49 18.23 18.48 18.52 18.11 18.41 18.06 18.35 17.93 18.71 19.33 20.4 21.19 21.36 22.02 22.29 22.5 22.51 22.62 22.51 22.19 21.9 21.5 21.02 20.41 19.84 19.52 19.65 19.86 19.94 20.35 20.54 20.6 19.99 20.08 19.9 19.05 19.03 18.81 19.5 18.8 19.44 18.82 18.31 18.21 19.09 18.26 19.82 21.4 19.38 16.62 19 22.84 22.47 18.09 16.37 15.83 16.87 18.26 22.61 19.63 20.2 21.79 22.43 20.05 20 21.01 20.83 21.51 22.7 24.85 27.5 29.81 31.97895 -9999 -9999 -9999
19.12 19.17 18.8 18.19 18.18 18.18 17.91 17.61 17.94 18.52 18.63 19.57 20.4 20.92 22.43 22.84 22.94 23.2 23.24 23.04 22.79 22.8 22.52 22.2 21.69 21.3 20.96 21.01 21.16 21.35 21.8 22.55 23.03 23.31 22.77 22.49 21.64 21.42 20.99 21.17 20.27 20.23 19.27 19.32 19.25 20.27 19.56 21.77 22.37 22.71 20.3 20.08 23.63 21.78 20.21 19.19 22.24 20.87 18.34 26.48 25.39 25.37 23.87 24.63 20.23 19.15 21.55 20.79 21.19 22.37 25.3 27.45 29.61 31.38 33.32836 -9999 -9999
19.01 18.8 18.24 18.19 18.04 17.83 17.73 17.89 18.27 18.16 18.73 19.56 21.23 22.51 22.93 23.18 23.75 23.91 24.14 24.06 23.58 23.53 23.79 23.29 22.47 22.24 22.06 22.16 22.24 22.65 23.04 23.68 24.2 24.58 24.23 23.85 23.37 22.98 22.84 22.65 20.87 20.35 20.15 20.91 20.57 19.78 19.66 21.9 20.05 21.26 22.43 24.24 25.64 25.78 25.62 25.63 25.19 24.84 27.06 28.84 28.84 28.71 26.24 25.58 24.51 21.4 19.54 20.86 21.47 22.25 25.84 28.34 30.01 32.42 33.71429 -9999 -9999
20.23 19.65 18.88 18.88 18.47 18.63 18.42 18.64 18.37 18.3 18.95 19.88 21.47 22.37 23.05 23.36 24.56 24.68 25.15 25.26 25.37 25.35 25.41 24.84 23.89 23.05 23.19 23.37 23.52 23.71 24.32 25 25.22 25.4 25.45 24.95 24.62 24.47 24.26 24.03 23.28 22.51 21.68 21.68 22.13 21.2 22.1 22.84 21.84 24.04 24.87 25.2 25.62 25.61 24.86 26.32 27.21 27.52 27.86 28.15 28.8 28.56 26.94 25.76 23.91 22.23 20.92 20.73 22.39 24.73 27.54 26.49 28.86 32.3 33.96 34.29167 -9999
20.66 20.28 19.96 19.84 19.76 19.69 19.28 19.4 19.51 19.22 19.31 20.13 20.88 21.42 22.67 24 24.85 24.99 25.83 26.57 26.82 27.02 27.1 26.23 25.38 24.97 24.61 24.33 24.62 24.83 25.16 25.74 26.16 26.41 26.3 26.14 25.57 25.51 25.64 25.28 24.92 24.57 24.15 24.04 23.54 23.43 23.75 24.47 24.63 25.07 25.01 25.63 25.84 25.51 25.34 25.21 26.35 26.81 27.03 27.01 27.02 26.87 24.12 24.32 23.04 21.24 19.84 20.36 22.16 26.32 28.31 29.08 28.23 30.97 33.90411 -9999 -9999
21.34 20.94 20.45 20.15 19.99 19.84 19.9 19.92 19.93 19.89 20.17 20.66 21.06 21.43 19.8 21.22 24.67 25.94 27.01 27.62 28.28 28.94 29.09 28.86 27.72 26.69 25.67 25.3 25.53 25.98 26.04 26.49 26.97 27.48 27.31 27.17 27.11 27.09 26.94 26.42 26.45 26.51 26.31 25.87 26.02 26.03 26.21 26.06 25.89 25.85 25.88 25.58 25.47 25.43 25.38 24.87 24.9 25.76 26.29 26.3 25.97 25.32 23.77 22.68 21.32 19.69 19.74 21.76 24.63 28.62 29.46 28.77 30.75 -9999 -9999 -9999 -9999
22.21 21.56 21.39 20.83 20.34 20.29 20.2 20.33 20.81 20.8 21.16 21.74 21.71 21.38 21.2 21.22 22.92 25.46 26.81 28.61 29.59 30.27 30.97 31.33 29.87 27.6 26.46 26.37 26.66 27.09 27.11 27.04 27.19 27.67 27.92 28.23 28.11 28.18 28.3 27.84 28.05 27.85 26.99 26.58 27.48 27.47 27.42 27.08 26.93 26.59 26.19 25.86 25.24 24.5 24.23 24.41 24.49 24.94 25.76 25.85 24.57 23.9 22.95 22.75 21.96 21.41 22.69 24.77 26.49 30.85714 31.11494 31.80357 -9999 -9999 -9999 -9999 -9999
22.94 22.39 22.09 21.69 21.49 21.07 20.77 20.96 21.51 21.7 21.83 22.16 22.54 22.7 23.16 24.4 25.8 27.55 28.23 29.2 30.74 31.49 31.44 31.12 31.13 28.74 27.34 27.37 27.64 27.97 28.32 28.63 28.24 28.12 28.35 28.46 28.02 28.37 28.98 29.21 29.14 28.6 28.24 28.69 28.96 28.34 27.96 27.62 27.17 26.99 26.39 25.45 24.66 24.07 24.24 24.86 24.78 24.44 24.11 25.68 23.56 23.66 24.44 25.07 24.87 24.35 23.36 25.36364 27.71053 -9999 -9999 -9999 -9999 -9999 -9999 -9999 -9999
23.66 23.16 22.85 22.59 22.06 21.75 21.56 21.9 21.82 21.85 22.4 23.14 23.19 24.13 24.92 25.94 26.41 28.97 30.12 30.73 31.71 32.34 32.23 31.14 31.03 30.2 29.47 28.7 28.66 29.08 29.37 29.53 29.71 29.48 29.26 29.32 29.66 29.31 29.46 29.06 29.77 29.85 30 30.05 29.33 28.75 28.29 28.01 27.37 26.61 25.53 24.33 23.61 23.71 23.91 24.87 25.38 25.21 25.44 26.92 26.13 26.21 27.47 28.59 26.43 26.70213 -9999 -9999 -9999 -9999 -9999 -9999 -9999 -9999 -9999 -9999 -9999
23.84 23.45 23.15 22.83 22.54 22.67 22.63 22.25 22.21 22.42 23.84 24.24 24.8 25.41 26.7 28.15 28.54 28.87 31.3 32.09 32.58 32.92 32.9 32.53 31.96 31.22 30.72 30.17 30.04 30.15 30.54 30.7 30.57 30.23 30.49 30.71 30.35 30.65 30.67 30.27 29.8 31.8 31.09 30.11 29.22 28.19 27.38 26.98 26.81 25.78 25.92 25.96 24.75 24.32 23.62 23.99 25.14 26.63 27.4 27.79 28.79 28.76 28.27 30.20213 -9999 -9999 -9999 -9999 -9999 -9999 -9999 -9999 -9999 -9999 -9999 -9999 -9999
23.31 22.96 23.08 23.09 22.64 22.38 22.46 22.76 22.93 23.79 24.95 25.61 25.96 26.81 27.59 29.69 30.5 31.75 31.1 31.3 32.06 33.43 33.61 33.26 32.88 32.06 31.86 31.27 31.1 31.21 31.37 31.43 31.53 31.16 31.15 31.01 30.98 31.34 32.13 31.17 31.81 31.38 30.32 29.46 28.34 27.27 26.45 25.97 25.04 25.55 26.54 27.99 27.18 26.68 24.61 25.55 27.22 27.75 27.3 25.8 28.24 31.41 31.58511 -9999 -9999 -9999 -9999 -9999 -9999 -9999 -9999 -9999 -9999 -9999 -9999 -9999 -9999
23.4 23.4 23.28 23.07 23.01 22.92 22.9 22.95 23.49 24.74 25.68 26.64 27.43 28.34 29.16 30.3 31.37 32.4 32.56 32.14 32.51 33.43 34.11 34.01 33.54 33.21 32.79 32.45 31.91 31.92 31.93 32.24 32.75 32.61 32.94 33.2 33.52 33.58 33 31.86 31.74 32.16 31.88 32.76 31.29 28.91 26.21 25.41 24.3 23.46 26.48 30.74 30.22 29.12 28.2 28.92 29.34 28.84 29.64 27.88775 29.97531 33.94118 -9999 -9999 -9999 -9999 -9999 -9999 -9999 -9999 -9999 -9999 -9999 -9999 -9999 -9999 -9999
23.73 24.28 23.94 23.99 23.97 23.2 23.12 23.25 23.85 24.9 25.75 26.23 26.58 27.5 29.13 30.5 30.82 32.01 33.39 33.65 34.03 34.34 34.23 34.18 34.43 34.18 33.78 33.23 32.87 32.54 32.68 32.84 33.01 33.13 33.37 33.67 33.68 33.65 32.93 33.56 33.61 33.57 32.6 35.87 33.91 31.15 31.41 29.21 28.02 30.19 31.62 33.96 32.96 32 31.12245 31.74684 31.09091 -9999 -9999 -9999 -9999 -9999 -9999 -9999 -9999 -9999 -9999 -9999 -9999 -9999 -9999 -9999 -9999 -9999 -9999 -9999 -9999
24.79 24.61 24.64 24.78 24.5 23.8 23.63 23.62 23.63 23.89 24.07 24.58 25.76 26.89 28.2 29.69 30.25 31.05 32.69 35.2 35.34 35.57 34.65 34.31 35.05 34.82 34.38 33.58 32.63 32.83 32.92 32.82 32.78 33 32.99 32.49 33.53 33.35 32.92 33.67 32.46 31.66 30.89 34.11 36.36 36.06 32.93 29.56 34.02 35.93 36.4 36.72839 -9999 -9999 -9999 -9999 -9999 -9999 -9999 -9999 -9999 -9999 -9999 -9999 -9999 -9999 -9999 -9999 -9999 -9999 -9999 -9999 -9999 -9999 -9999 -9999 -9999
26.46 26.17 25.79 25.48 24.78 24.39 24.07 23.89 24.05 23.94 23.86 24.52 25.72 25.77 27.12 28.55 30.28 31.76 32.51 33.36 37.02 36.12 34.58 31.8 33.33 35.05 34.7 34.17 33.59 33.01 32.74 32.24 32.32 32.52 32.99 32.95 32.37 31.71 32.15 32.45 31.82 32.45 32.61 35.43 38.71 34.58 31.46 33.68 38.43662 -9999 -9999 -9999 -9999 -9999 -9999 -9999 -9999 -9999 -9999 -9999 -9999 -9999 -9999 -9999 -9999 -9999 -9999 -9999 -9999 -9999 -9999 -9999 -9999 -9999 -9999 -9999 -9999
27.58 27.51 26.62 26.07 25.13 24.9 24.46 24.61 24.54 24.7 24.7 24.85 25.25 26.15 27.6 29 30.27 31.58 34.06 35.38 36.42 38.78 36.13 32.23 31.42 33.33 34.02 34.1 34.05 33.21 32.45 31.56 31.72 32.1 32.79 32.46 31.07 30.99 31.88 31.11 32 31.55 36.33 35.76 35.2 36.03 35.67 36.7 -9999 -9999 -9999 -9999 -9999 -9999 -9999 -9999 -9999 -9999 -9999 -9999 -9999 -9999 -9999 -9999 -9999 -9999 -9999 -9999 -9999 -9999 -9999 -9999 -9999 -9999 -9999 -9999 -9999
28.78 27.64 26.55 25.8 25.53 25.45 25.03 24.87 24.83 25.41 25.24 25.61 25.58 27.07 27.77 28.39 29.7 31 33.32 35.12 37.81 39.72 36.73 34.95 33.15 34.26 33.37 33.32 33.16 32.56 31.34 31.27 30.97 31.34 32.12 30.4 29.4 30.15 30.9 30.4 29.16 30.49 37.78 38 33.49 38.59596 -9999 -9999 -9999 -9999 -9999 -9999 -9999 -9999 -9999 -9999 -9999 -9999 -9999 -9999 -9999 -9999 -9999 -9999 -9999 -9999 -9999 -9999 -9999 -9999 -9999 -9999 -9999 -9999 -9999 -9999 -9999
