layers/wordclim/current/bio_08.asc
ncols         166
nrows         93
xllcorner     -9.4959440078468
yllcorner     36.000324005443
cellsize      0.083333337679505
NODATA_value  -9999
[rows 0 to 32 of 93, columns 74 to 147 of 166]
-9999 -9999 -9999 -9999 -9999 -9999 -9999 -9999 -9999 -9999 -9999 -9999 -9999 -9999 -9999 -9999 -9999 -9999 -9999 -9999 -9999 -9999 -9999 -9999 -9999 -9999 -9999 -9999 -9999 -9999 -9999 -9999 -9999 -9999 -9999 -9999 -9999 -9999 -9999 -9999 -9999 -9999 -9999 -9999 -9999 -9999 -9999 -9999 -9999 -9999 -9999 -9999 -9999 -9999 -9999 -9999 -9999 -9999 -9999 -9999 -9999 -9999 -9999 -9999 -9999 -9999 -9999 -9999 -9999 -9999 -9999 -9999 -9999 -9999
-9999 -9999 -9999 -9999 -9999 -9999 -9999 -9999 -9999 -9999 -9999 -9999 -9999 -9999 -9999 -9999 -9999 -9999 -9999 -9999 -9999 -9999 -9999 -9999 -9999 -9999 -9999 -9999 -9999 -9999 -9999 -9999 -9999 -9999 -9999 -9999 -9999 -9999 -9999 -9999 -9999 -9999 -9999 -9999 -9999 -9999 -9999 -9999 -9999 -9999 -9999 -9999 -9999 -9999 -9999 -9999 -9999 -9999 -9999 -9999 -9999 -9999 -9999 -9999 -9999 -9999 -9999 -9999 -9999 -9999 -9999 -9999 -9999 -9999
-9999 -9999 -9999 -9999 -9999 -9999 -9999 -9999 -9999 -9999 -9999 -9999 -9999 -9999 -9999 -9999 -9999 -9999 -9999 -9999 -9999 -9999 -9999 -9999 -9999 -9999 -9999 -9999 -9999 -9999 -9999 -9999 -9999 -9999 -9999 -9999 -9999 -9999 -9999 -9999 -9999 -9999 -9999 -9999 -9999 -9999 -9999 -9999 -9999 -9999 -9999 -9999 -9999 -9999 -9999 -9999 -9999 -9999 -9999 -9999 -9999 -9999 -9999 -9999 -9999 -9999 -9999 -9999 -9999 -9999 -9999 -9999 -9999 -9999
-9999 -9999 -9999 -9999 -9999 -9999 -9999 -9999 -9999 -9999 -9999 -9999 -9999 -9999 -9999 -9999 -9999 -9999 -9999 -9999 -9999 -9999 -9999 -9999 -9999 -9999 -9999 -9999 -9999 -9999 -9999 -9999 -9999 -9999 -9999 -9999 -9999 -9999 -9999 -9999 -9999 -9999 -9999 -9999 -9999 -9999 -9999 -9999 -9999 -9999 -9999 -9999 -9999 -9999 -9999 -9999 -9999 -9999 -9999 -9999 -9999 -9999 -9999 -9999 -9999 -9999 -9999 -9999 -9999 -9999 -9999 -9999 -9999 -9999
107.6966 114.0926 -9999 -9999 93.13793 91.6 89.49 92.54651 92.20513 93.76363 -9999 -9999 -9999 -9999 -9999 -9999 -9999 -9999 -9999 -9999 -9999 -9999 -9999 -9999 -9999 -9999 -9999 -9999 -9999 -9999 -9999 -9999 -9999 -9999 -9999 -9999 -9999 -9999 -9999 -9999 -9999 -9999 -9999 -9999 -9999 -9999 -9999 -9999 -9999 -9999 -9999 -9999 -9999 -9999 -9999 -9999 -9999 -9999 -9999 -9999 -9999 -9999 -9999 -9999 -9999 -9999 -9999 -9999 -9999 -9999 -9999 -9999 -9999 -9999
93.22 83.1 91.4 87.66327 91.05051 89.35 91.75 92.01 90.28 86.95 91.42424 91.13699 96.31667 97.22951 99 97.90476 97.66666 92.15 82.88 92.04054 -9999 -9999 -9999 -9999 -9999 -9999 -9999 -9999 -9999 -9999 -9999 -9999 -9999 -9999 -9999 -9999 -9999 -9999 -9999 -9999 -9999 -9999 -9999 -9999 -9999 -9999 -9999 -9999 -9999 -9999 -9999 -9999 -9999 -9999 -9999 -9999 -9999 -9999 -9999 -9999 -9999 -9999 -9999 -9999 -9999 -9999 -9999 -9999 -9999 -9999 -9999 -9999 -9999 -9999
87.04 89.73 89.18 85.21 80.18 87.97 90.57 87.59 80.12 80.62 82.99 82.1 83.77 82.8 84.02 91.64 81.27 81.16 65.33 80.58 73.04 62.72 60.17 -9999 -9999 -9999 -9999 -9999 -9999 -9999 -9999 -9999 -9999 -9999 -9999 -9999 -9999 -9999 -9999 -9999 -9999 -9999 -9999 -9999 -9999 -9999 -9999 -9999 -9999 -9999 -9999 -9999 -9999 -9999 -9999 -9999 -9999 -9999 -9999 -9999 -9999 -9999 -9999 -9999 -9999 -9999 -9999 -9999 -9999 -9999 -9999 -9999 -9999 -9999
100.45 89.21 90.35 81.05 81.99 81.91 82.28 71.57 77.16 79.44 79.57 75.78 74.95 74.62 78.1 80.34 66.41 59.17 57.69 70.11 71.27 66.79 54.84932 -9999 -9999 -9999 -9999 -9999 -9999 -9999 -9999 -9999 -9999 -9999 -9999 -9999 -9999 -9999 -9999 -9999 -9999 -9999 -9999 -9999 -9999 -9999 -9999 -9999 -9999 -9999 -9999 -9999 -9999 -9999 -9999 -9999 -9999 -9999 -9999 -9999 -9999 -9999 -9999 -9999 -9999 -9999 -9999 -9999 -9999 -9999 -9999 -9999 -9999 -9999
67.29 56.07 59.96 77.45 77.09 61.65 45.68 62.37 61.8 74.37 77.5 68.33 76.08 81.18 76.38 62.47 64.04 49.97 50.69 50.53 46.19 37.3 35.725 -9999 30.96428 28.44643 -9999 -9999 -9999 -9999 -9999 -9999 -9999 -9999 -9999 -9999 -9999 -9999 -9999 -9999 -9999 -9999 -9999 -9999 -9999 -9999 -9999 -9999 -9999 -9999 -9999 -9999 -9999 -9999 -9999 -9999 -9999 -9999 -9999 -9999 -9999 -9999 -9999 -9999 -9999 -9999 -9999 -9999 -9999 -9999 -9999 -9999 -9999 -9999
66.73 56.19 53.04 58.63 61.57 63.02 56.97 64.02 64.57 58.08 55.16 44.35 56.57 63.37 56.54 45.13 47.79 53.98 55.13 54.4 53.56 45.2 41.6 36.01 33.27 31.28 27.3 20.53763 17.04918 12.66 -0.6551724 -9999 -9999 -9999 -9999 -9999 -9999 -9999 -9999 -9999 -9999 -9999 -9999 -9999 -9999 -9999 -9999 -9999 -9999 -9999 -9999 -9999 -9999 -9999 -9999 -9999 -9999 -9999 -9999 -9999 -9999 -9999 -9999 -9999 -9999 -9999 -9999 -9999 -9999 -9999 -9999 -9999 -9999 -9999
67.32 50.64 60.86 55.44 51.18 53.8 62.64 67.16 66.6 64.93 62.43 61.12 50.91 52.47 51.49 50.33 39.47 51.58 60.83 57.68 53.09 49.44 43.86 41.7 37.05 26.92 33.79 25.2 23.33 16.44 14.64 32.64474 -9999 -9999 -9999 -9999 -9999 -9999 -9999 -9999 -9999 -9999 -9999 -9999 -9999 -9999 -9999 -9999 -9999 -9999 -9999 -9999 -9999 -9999 -9999 -9999 -9999 -9999 -9999 -9999 -9999 -9999 -9999 -9999 -9999 -9999 -9999 -9999 -9999 -9999 -9999 -9999 -9999 -9999
87.44 78.53 54.83 84.63 60.35 73.22 67.99 57.5 55.31 50.7 51.39 44.69 41.97 45.41 46.81 37.82 42.79 47.09 59.73 61.27 59.63 52.79 52.25 51.9 43.86 40.64 38.75 35.27 35.29 23.69 36.16 48.19 48.97849 53.25373 41.85897 50.875 30 19.07463 -9999 -9999 -9999 -9999 -9999 -9999 -9999 -9999 -9999 -9999 86.88 63.61 38.1282 32.69091 -9999 -9999 -9999 -9999 -9999 -9999 -9999 -9999 -9999 -9999 -9999 -9999 -9999 -9999 -9999 -9999 -9999 -9999 -9999 -9999 -9999 -9999
70.79 53.71 60.08 92.75 93.9 91.91 76.6 70.61 61.88 47.96 51.59 54.72 51.89 50.71 52.54 58.22 61.85 57.63 58.97 52.49 51.78 46.26 45.78 50.61 55.09 46.62 40.92 41.68 55.16 52.15 57.49 62.58 76.03 71.99 37.91 51.71 69.71 31.79 45.59783 -9999 -9999 -9999 45.68056 -9999 25.09259 -9999 -9999 -9999 67.53061 78.01 61.12 47.41 39.19 55.21951 38.60318 39.87879 -9999 -9999 -9999 -9999 -9999 -9999 -9999 -9999 -9999 -9999 -9999 -9999 -9999 -9999 -9999 -9999 -9999 -9999
82.75 80.95 74.34 78.85 84.99 90 73.15 49.93 45.63 54.52 53.78 55.48 61.91 74.63 61.86 57.63 62.53 65.45 63.97 55.29 51.9 42.16 42.73 48.68 57.06 57.54 56.23 68.01 73.35 75.04 68.76 78.66 94.9 99.15 84.28 78.92 88.45 68.15 78.29 54.26 43.4 61.35 76.03 45.34 45.25 27.81 59.47 14.58 25.64 36.65 33.5 31.62 47.96 84.21 61.05 59.94 31.74227 -9999 -9999 -9999 -9999 -9999 -9999 -9999 -9999 -9999 -9999 -9999 -9999 -9999 -9999 -9999 -9999 -9999
75.81 76.5 78.77 86.77 90.99 91.85 93.23 92.06 90.11 99.95 125.25 131.61 140.18 135.45 106.11 92.06 80.85 79.3 70.72 60.17 55.45 47.55 53.24 64.39 79.75 83.91 73.03 70.18 70.79 76.36 75.53 85.91 101.3 103.89 106.61 108.2 92.38 79.81 89.61 84.39 90.17 107.43 95.6 54.2 61.05 81.13 56.5 46.47 60.24 54.9 44.43 26.34 31.81 79.66 95.38 77.54 49.17 -9999 -9999 -9999 -9999 -9999 -9999 -9999 -9999 -9999 -9999 -9999 -9999 -9999 -9999 -9999 -9999 -9999
70.5 75.42 79.18 81.85 85.77 85.65 88.57 93.41 115.41 142.12 150.16 150.78 152.37 151.78 148.73 113.88 95.87 90.94 93.39 77.46 81.23 63.18 64.19 77.41 68.39 70.99 75.9 87.95 95.27 107.02 116.54 115.44 115.71 110.22 113.03 112.99 99.96 92.08 89.38 107.48 108.92 123.25 103.84 90.67 91.55 90.76 75.89 87.13 98.38 78.28 44.76 51.23 54.56 91.08 82.27 67.16 64.73 -9999 -9999 33.4127 32.15789 46.14607 88.66666 99.82353 -9999 -9999 -9999 -9999 -9999 -9999 -9999 -9999 -9999 -9999
58.63 65.35 48.04 52.92 77.39 89.75 101.56 122 125.84 136.71 141.51 145.45 145.56 149.28 151.37 150.74 107.3 95.51 97.53 96.58 95.92 94.38 91.83 91.3 86 75.81 89.27 116.12 114.91 112.84 119.18 121.53 111.62 110.52 109.44 104.79 104.45 100.12 96.37 97.31 113.12 127.01 128.96 122.78 112.04 103.13 91.55 85.78 100.5 99.09 94.54 100.14 92.62 102.02 68.26 83.79 107.58 115.15 97.15 91.1 96.5 101.4 99.12 79.61644 -9999 22.2625 22.86 47.9 72.78824 -9999 -9999 -9999 164.2979 154.23
78.85 82.02 88.51 97.16 95.48 109.66 127.23 115.99 109.38 120.13 119.18 116.68 127.32 124.35 142.04 152.3 142.98 104.21 99.75 98.16 94.73 92.14 92.46 91.83 89.45 85.57 113.66 130.32 128.54 124.03 130.59 129.98 121.98 110.3 101.04 99.6 97.73 87.47 96.15 101.5 111.69 128.09 134.58 119.02 126.16 110.11 120.58 105.79 118.74 108.34 96.33 118.88 120.63 87.85 80.89 96.16 124.4 104.68 80.56 66.57 64.5 84.31 74.02 66.77 79.13 95.21 83.12 84.16 116.34 131.16 137.47 148.24 171.76 162.82
91.25 82.68 83.43 86.92 83.95 101.84 108.39 104.36 117.21 109.57 117.42 107.72 121.72 126 136.41 145.32 147.25 150.58 124.6 105.62 101.34 101.44 96.73 94.29 102.12 125.21 140.1 142.21 137.31 133.72 137.42 138.67 137.15 135.38 130.3 125.95 120.39 122.91 124.33 118.02 121.74 122.53 136.12 128.01 138.91 132.29 123.72 119.12 130.56 114.74 127.86 137.78 111.35 85.33 101.16 122.28 117.5 90.98 77.71 76.58 83.63 89.73 115.44 103.47 109.83 119.07 126.33 119.84 127.08 149.78 160.58 185.49 180.23 160.32
107.05 104.73 102.98 98.3 106.83 103.45 91.86 98.95 105.24 98.91 94.39 103.35 113.2 114.46 123.66 130.79 133.61 150.65 156.25 156.13 141.2 136.58 142 145.85 154.2 154.44 153.88 151.14 147.24 144.74 145.78 144.96 141.59 138.67 139.6 138.74 132.95 135.06 137.63 135.5 138.82 138.74 145.84 136.77 138.02 126.75 127.64 125.53 136.1 123.79 144.8 142.3 137.26 112.94 108.94 126.91 113.64 101.88 96.18 112.87 106.51 91.84 129.78 125.6 126.85 125.34 134.32 121.17 130.29 144.26 141.2 171.32 188.96 163.83
118.04 109.51 92.12 87.36 86.6 78.63 83.55 83.2 84.36 86.67 96.59 106.96 103.68 111.46 118.59 133.59 143.35 147.49 151.15 156.76 159.3 159.86 156.43 149.16 149.74 157.53 152.88 145.7 142.74 145.11 150.97 147.38 147.64 143.85 145.48 144.56 139.02 140.17 143.67 143.53 147.07 150.97 153.8 132.96 129.06 128.44 138.03 133.49 122.22 119.05 139.46 116.51 122.85 127.14 136.5 145.48 138.27 132.75 131.26 127.64 124.33 133.9 146.16 139.39 138.09 133.31 138.88 146.42 136.52 147.07 157.94 183.95 183.67 167.44
119.09 116.13 112.78 110.27 103.53 91.59 97.68 89.02 99.45 100.68 108.45 102.05 100.72 108.76 118.18 130.29 136.06 139.48 140.99 153.15 154.92 158.59 162.41 160.76 160.04 159.39 153.96 145.9 137.29 144.11 154.76 152.15 146.07 146.36 150.56 151.1 146.96 146.41 149.64 147.71 153.47 156.6 157.63 151.61 145.72 137.74 139.38 143.34 132.43 140.44 144.15 129.84 147.43 151.42 149.26 146.08 139.68 130.93 137.92 145.92 145.14 143.25 158.51 150.37 156.87 141.84 158.7 179.31 157.97 157.62 167.23 191.07 175.49 162.66
114.75 115.62 113.9 111.11 110.17 110.62 114.02 115.77 117.31 115.98 119.65 119.24 112.79 110.13 116.7 121.89 122.24 130.14 138.9 144.42 143.12 149.94 159.63 161.56 164.05 162.3 151.27 146.63 146.53 151.05 158.7 154.4 147.65 141.96 149.6 152.29 155.47 155.1 154.57 148.8 156.46 162.85 161.28 160.2 158.03 156.45 156.38 151.64 148.87 151.39 157.12 155.34 158.51 153.54 155.32 152.71 144.65 138.96 135.39 145.33 168.58 168.64 188.49 186.4 180.28 161.45 175.43 176.67 171.03 164.39 174.18 184.3 163.43 162.79
123.29 118.86 117.22 117.21 114.33 114.44 114.93 115.26 115.42 121.74 123.35 121.26 118.23 116.36 117.75 117.59 116.93 94.69 105.21 134.24 142.02 149.05 154.27 158.35 162.13 165.03 164.31 159.85 155.61 160.48 163.04 156.62 151.01 141.58 144.47 151.4 155.75 159.43 158.04 158.24 163.17 166.25 162.42 166.92 169.35 169.69 165.56 167.86 167.44 169.35 167.9 164.64 161.66 159.64 154.51 151.41 149.45 147 139.66 142.22 168.14 192.59 194.1 191.38 180.5 171.78 173.34 165.48 142.38 147.13 184.36 174.43 164.86 163.83
126.79 125.39 123.47 123.35 120.36 122.8 120.01 117.02 119.42 121.77 123.84 125.4 124.39 122.46 122.3 118.52 110.95 106.09 100.47 112.82 129.2 136.82 149.06 155.44 158.81 162.87 164.86 168.25 168.43 167.26 167.02 157.39 151.5 145.57 141.57 143.26 150.31 158.64 162.22 163.9 166.92 169.68 167.92 171.48 173.21 168.75 166.76 174.35 175.39 174.18 171.69 169.07 165.71 161.49 156.23 150.51 143.35 141.44 151.27 170.09 184.2 196.04 197.17 184.97 179.55 177.7 183.46 184.69 182.88 181.38 168.02 167.03 167.7551 165.8161
130 129.85 126.24 128.05 126.14 126 125.37 126.68 125.34 123.13 124.3 127.81 127.4 124.56 123.35 120.13 117.74 115.96 121.32 126.68 137.73 138.91 144.61 156.47 161.01 157.39 154.86 161.42 167.23 169.5 171.25 167.12 161.64 161.04 157.38 149.54 145.81 151.29 154.44 152.49 161.02 167.52 171.97 174.43 172.71 173.03 176.27 179.61 177.48 174.54 171.06 167.71 165.54 160.76 151.6 146.32 148.43 165.7 184.59 185.31 185.47 184.37 198.05 183.19 187.24 195.1 201.44 200.06 188.01 175.75 167.5354 166.1184 -9999 -9999
130.61 131.42 132.29 131.57 128.43 129.31 130.75 128.1 127.03 125.79 127.56 124.71 122.64 124.68 125.66 121.29 123.95 124.2 126.73 126.02 141.08 147.94 150.09 158.99 160.82 156.09 148.05 155.53 157.02 158.55 164.83 168.44 170.72 168.39 164.71 161.73 158.53 155.66 160.4 161.79 162.15 165.89 166.42 173.15 175.89 178.88 180.22 178.26 174.97 172.2 168.94 163.52 156.62 148.73 141.23 135.47 139.32 152.12 159.54 162.71 160.76 158 177.89 180.15 186.69 188.65 179.96 170.23 167.7447 -9999 -9999 -9999 -9999 -9999
126.86 125 126.51 127.84 128.37 129.14 128.48 128.41 129.91 130.43 127.82 123.26 123.43 130.71 129.62 128.74 128.57 132.16 137.39 134.23 132.21 149.94 151.22 156.71 158 153.04 152.65 152.32 146.05 149.37 155.41 162.19 167.45 172.02 170.88 165.46 160.96 160.66 162.46 164.04 166.88 167.79 168.28 167.67 166.69 176.01 175.94 172.65 167.19 161.77 156.4 147.06 140.33 142 142.93 137.38 137.46 134.47 139.29 149.49 161.2 165.7 166.75 170.24 170.3 168.8 171.3617 -9999 -9999 -9999 -9999 -9999 -9999 -9999
120.5 117.61 117.25 115.65 116.32 122.63 125.37 122.27 122.78 125.01 126.66 126.42 130.04 136.27 135.3 132.83 134 133.93 143.63 142.17 148.33 136.09 133.51 134.02 145.91 150.14 145.99 147.33 140.89 149.39 158.82 163.2 168.13 169.82 172.25 167.81 163.86 163.1 162.9 162.71 161.75 157.57 160.24 158.04 160.37 164.15 164.64 160.05 154.65 145.36 136.69 132.53 135.84 141.32 149.76 148.68 148.99 140.17 147.98 160.83 164.68 162.93 156.12 166.24 173.85 173.3192 -9999 -9999 -9999 -9999 -9999 -9999 -9999 -9999
107.98 106.94 108.37 110.21 114.98 118.94 120.99 122.42 121.23 121.82 121.75 126.22 134.33 137.96 140.09 140.78 142.47 140.57 142.26 144.47 145.76 137.57 129.04 127.71 131.78 139.68 138.21 138.22 139.66 145.91 154.09 159.47 163.59 166.91 169.42 164.86 158.59 156.94 156.48 155.7 156.26 153.82 151.39 152.09 151.91 151.96 155.21 152.54 144.93 133.66 130.55 125.61 122.07 139.04 159.48 160.75 159.4 157.61 164.51 168.05 166.36 169.15 161.7347 167.9877 176.8529 -9999 -9999 -9999 -9999 -9999 -9999 -9999 -9999 -9999
98.63 104.7 101.68 110.06 122.61 121.94 125.71 127.79 120.14 120.35 120.71 126.01 131.8 134.95 132.97 129.97 131.1 135.09 138.24 132 133.38 136.64 130.3 127.91 127.78 126.7 128.59 133.39 138.58 144.45 147.93 152.88 160.24 165.08 168.52 167.43 157.6 154.24 154.3 154.6 153.51 150.2 153.41 153.68 153.62 150.7 160.81 157.32 149.97 151.84 145.14 140.9 150.66 157.87 168.12 167.12 167.64 167.6327 173.1013 171.9848 -9999 -9999 -9999 -9999 -9999 -9999 -9999 -9999 -9999 -9999 -9999 -9999 -9999 -9999
97.22 107.13 109.17 112.67 120.97 124.47 129.18 129.61 122.62 121 120.91 119.51 117.79 116.09 116.37 120.47 123.53 124.89 127.03 124.09 122.3 125.36 133.63 129.03 126.38 122.08 122.3 128.65 133.68 138.97 138.68 136 148.41 159.14 160.01 162.58 160.75 151.45 148.6 150.87 150.32 148.43 151.72 148.18 146.02 143.59 154.2 161.15 161.81 153.9 143.85 159.26 167.13 170.7 173.0494 -9999 -9999 -9999 -9999 -9999 -9999 -9999 -9999 -9999 -9999 -9999 -9999 -9999 -9999 -9999 -9999 -9999 -9999 -9999
72.07 77.2 87.45 87.85 99.99 116.71 127.53 127.63 124.9 121.46 119.7 120 115.04 111.63 113.05 118.04 113.19 115.56 118.93 121.96 122.11 120.12 119.16 130.69 123.01 118.03 109.44 116.95 128.1 133.74 136.78 139.84 145.83 149.8 148.88 154.18 157.97 146.88 146.51 144.17 141.78 144.71 146.12 144.46 146.98 147.97 156.14 165.07 154.8 146.72 153.82 168.8873 -9999 -9999 -9999 -9999 -9999 -9999 -9999 -9999 -9999 -9999 -9999 -9999 -9999 -9999 -9999 -9999 -9999 -9999 -9999 -9999 -9999 -9999
