layers/wordclim/current/bio_16.asc
ncols         166
nrows         93
xllcorner     -9.4959440078468
yllcorner     36.000324005443
cellsize      0.083333337679505
NODATA_value  -9999
[rows 33 to 65 of 93, columns 0 to 72 of 166]
-9999 -9999 -9999 -9999 -9999 -9999 -9999 -9999 -9999 -9999 452.7325 475.74 486.29 492.13 490.93 493.87 520.97 578.79 606.32 585.52 574.55 564.62 518.38 467.48 481.44 480.28 426.17 363.75 329.76 333.88 317.38 292.53 295.23 283.66 270.08 254.16 242.31 231.77 216.8 201.92 191.53 179.99 167.25 158.68 151.99 145.3 137.91 128.56 122.92 123.08 121.81 120.65 120.21 120.11 120.4 122.69 123.03 123.02 126.28 129.56 133.12 134.18 135.57 139.23 148.38 155.88 186.15 203.73 175.82 159.85 155.65 154.24 158.56
-9999 -9999 -9999 -9999 -9999 -9999 -9999 -9999 -9999 -9999 439.2245 459.42 479.13 510.16 571.84 567.68 552.75 506.6 512.22 522.73 543.82 544.58 530.16 495.07 487.93 477.91 427.07 368.01 344.85 348.34 341.63 315.3 293.19 290.23 278.05 261.93 244.94 230.83 215.04 201.96 191.44 180.42 170.33 163.85 157.43 150.46 143.78 135.26 127.08 124.91 124.46 123.33 124.44 124.31 123.6 123.37 122.94 124.16 126.99 131.79 136 136.52 138.82 143.29 153.18 164.13 205.79 168.89 180.85 171.91 158.35 152.85 148.69
-9999 -9999 -9999 -9999 -9999 -9999 -9999 -9999 -9999 -9999 426.1461 437.43 460.58 531.44 505.49 528.37 518.16 467.65 478.29 500.61 513 509.13 496.05 489.59 473.55 471.83 420.89 378.25 365.05 339.19 339.07 330.37 306.37 287.89 280.17 268.27 251.66 232.68 219.86 206.8 195.29 187.08 177.51 171.61 165.85 160.64 152.02 137.6 133.37 129.49 126.94 126.97 128.32 130.74 130.2 126.6 129.14 127.27 130.7 134.42 139.49 141.99 144.9 157.16 188.21 191.4 209.59 193.28 165.35 155.65 154.08 150.15 150.14
-9999 -9999 -9999 -9999 -9999 -9999 -9999 -9999 -9999 419.054 416.9783 425.61 436.6 452.28 498.37 485.74 499.29 473.66 491.75 493.97 473.59 464.7 457.08 459.02 447.24 423.31 402.17 390.76 384.51 363.45 343.41 338.14 315.37 295.6 277.07 273 256.81 236.31 224.69 214.79 203.87 192.38 187.1 182.5 175.16 160.12 147.6 141.88 138.58 136.16 135.04 135.85 141.54 140.51 143.54 144.72 143.42 136.7 138.68 140.67 155.48 155.67 164.55 168.99 163.31 152.62 154.72 153.54 154.83 157.9 154.58 151.75 152.6
-9999 -9999 -9999 -9999 -9999 -9999 -9999 -9999 -9999 411.0405 414.4021 412.65 414.84 439.47 475.9 529.52 545.92 472.36 457.71 452.08 450.34 457.08 462.44 437.35 409.66 407.71 405 436.97 406.91 376.75 361.41 342.73 323.39 295.59 273.26 259.34 252.11 246.1 235.93 227.15 218.98 212.66 195.62 180.13 170.01 161.33 153.94 149.19 147.76 150.02 153.29 153.61 161.13 159.27 154.48 147.66 139.09 137.47 143.08 150.65 158.67 165.8 164.09 172.61 151.18 144.31 151.44 154 153.08 154.92 154.99 154.64 156.06
-9999 -9999 -9999 -9999 -9999 -9999 -9999 -9999 -9999 405.48 409.09 404.22 403.34 417.85 475.31 539.4 444.18 436.2 429.92 441.53 434.13 431.71 420.75 435.33 510.74 512.95 463.94 443.21 414.58 386.94 361.57 353.31 325.05 296.18 279.08 262.2 251.72 260.84 261.29 269.9 232.64 215.07 191.21 177.2 175.41 169.65 158.44 157.52 159.92 156.92 154.17 164.52 183.01 159.65 148.74 150.47 156.88 156.75 150.75 138.16 143.33 137.18 139.92 147.33 140.66 143.39 145.74 149.63 152.16 157.22 158.15 158.77 159.98
-9999 -9999 -9999 -9999 -9999 -9999 -9999 -9999 396.3548 400.05 401.68 402.83 396.25 420.14 447.11 437.5 424.83 415.48 420.56 420.19 432.03 440.71 526.55 628.46 562.85 497.74 439.13 444.51 409.48 380.08 367.11 358.19 322.44 303.34 297.92 279.72 263.45 261.23 250.92 237.38 222.18 181.78 173.33 175.83 169.47 177 170.78 159.91 155.83 161.18 185.15 202.61 199.24 189.08 191.21 176.68 151.84 137.88 129.17 129.46 126.34 124.38 130.27 134.12 135.74 138.79 142.75 150.68 153.55 157.82 160.26 158.9 160.3
-9999 -9999 -9999 -9999 -9999 -9999 -9999 -9999 389.967 393.14 395.6 399.44 392.58 422.56 419.98 399.46 403.54 408.55 418.5 437.7 447.88 540.58 696.62 632.07 473.27 406.16 389.17 413.77 411.47 388.82 383.31 364.27 343.46 322.82 304.04 289.29 297.53 267.39 246.01 203.95 183.25 178.3 184.18 180.76 196.47 239.69 215.36 169.97 172.25 201.52 207.34 200.63 195.58 173.25 168.99 154.73 148.03 154.34 158.44 146.85 124.83 123.91 126.42 128.61 130.35 136.87 141.96 149.4 154.63 154.7 158.21 158.17 157.42
-9999 -9999 -9999 -9999 -9999 -9999 -9999 -9999 385.51 388.72 392.78 388.22 385.02 415.51 413.1 393.32 403.86 410.26 418.89 450.1 471.9 517.75 629.02 599.96 415.84 380.94 384.06 382.28 393.85 406.22 397.59 394.65 358.14 330.46 324.34 286.75 260.12 230.08 211.34 193.4 176.56 179.11 179.05 183.4 246.1 275.74 214.21 194.92 210.49 225.96 246.66 223.17 198.94 161.98 169.08 167.31 137.01 120.19 124.67 127.82 127.12 125.56 124.21 124.83 130.52 136.63 140.1 146.62 151.61 152.33 153.03 152.49 155.18
-9999 -9999 -9999 -9999 -9999 -9999 -9999 383.9178 380.32 372.72 372.84 370.53 375.26 399.63 399.82 406.89 405.95 426.61 480.42 537.3 556.65 469.68 433.83 411.41 393.02 387.45 365.99 359.28 360.98 360.69 321.78 301.21 340.09 287.23 256.7 236.33 220.15 219.43 196.91 183.26 173.22 165.37 191.34 233.84 194.94 218.61 269.76 254.87 240.03 169.78 189.59 168.28 135.38 122.28 128.73 115.99 117.7 119.92 124.4 127.15 121.53 119.47 121.5 126.45 131.81 135.3 137.64 144.57 147.01 149.5 149.93 149.6 150.96
-9999 -9999 -9999 -9999 -9999 -9999 -9999 -9999 363.8296 365.79 365.36 365.78 388.22 394.71 389.62 437.82 473.29 492.5 492.94 515.67 487.87 432.95 435.98 433.18 409.09 378.06 342.81 334.56 329.44 309.28 287.72 279.99 275.14 251.72 227.82 219.85 216.69 209.47 192.02 181.81 174.19 176.35 196.84 188.06 205.71 172.7 161.87 153.32 139.44 124.58 121.97 120.01 119.84 120.57 120.17 120.53 128.64 133.54 120.09 118.08 118.08 120.28 123.8 127.64 130.4 131.93 136.68 139.83 142.02 146.83 144.5 145.83 149.55
-9999 -9999 -9999 -9999 -9999 -9999 -9999 357.9867 364.05 360.68 357.63 386.55 402.57 398.7 469.61 512.18 481.32 454.96 455.3 438.51 417.05 460.01 421.26 436.27 373.09 343.36 334.62 321.61 321.18 316.86 300.25 266.11 249.36 230.35 221.02 216.47 207.1 194.95 182.16 174.51 173.16 173.45 170.84 167.84 161.31 143.07 135.68 129 126.33 124.05 122.46 121.8 121.06 120.2 120.09 122.02 120.3 117.62 117.35 118.21 119.32 121.28 124.1 126.39 127.37 128.65 133.06 133.8 138.77 139.76 139.6 142.5 143.43
-9999 -9999 -9999 -9999 -9999 -9999 -9999 352.8 361.19 358.54 359.56 399.39 394.23 403.86 446.04 436.9 417.34 427 454.28 454.26 452.09 422.57 364.96 364.64 354.4 332.04 321.69 306.8 300.96 291.14 273.55 257.48 254.31 232.94 220.97 210.61 199.92 188.77 181.2 181.09 179.45 170.26 157.19 148.08 142.56 137.53 133.89 130.88 128.19 126.49 125.08 123.65 122.58 122.39 122.39 119.99 119.51 119.21 118.93 121.14 123.63 124.15 123.54 123.55 124.36 127.18 128.94 130.03 132.99 136.62 141.74 145.7 147.33
-9999 -9999 -9999 -9999 -9999 -9999 340.2381 340.12 355.41 362.08 360.48 381.41 379.02 397.43 398.96 393.36 413.31 440.46 455.64 478.9 416.85 368.53 346.85 347.6 343.03 324.51 294.04 287.14 280.36 280.79 267.31 253.35 241.01 233.59 220.2 211.47 204.55 195.87 194.08 193.59 179.34 167.01 155.12 148.17 144.23 140.22 137.09 136.79 131.93 129.61 129.08 129.28 126.14 124.82 122.8 123.38 126.2 124.27 122.52 121 121.83 122.9 123.46 123 125.09 126.74 127.7 129.65 132.71 135.44 139.59 142.75 143.89
-9999 -9999 -9999 -9999 -9999 -9999 338.1122 336.79 345.55 361.17 375.59 372.61 362.26 382.5 376.07 378.17 380.93 395.43 424.74 426.87 374.91 351.45 345.52 342.95 319.14 294.4 289.88 281.09 282.95 269.41 259.88 250.95 238.85 226.01 215.88 211.71 206.25 202.6 190.14 178.84 172.25 164.02 161.12 155.76 151.35 143.84 143.71 142.67 135.8 134.82 133.5 131.99 128.03 128.72 127.62 128.09 131.34 130.58 129.16 129.86 129.16 125.17 128.83 132.98 133.72 135.5 136.33 135.17 135.25 136.23 136.65 138.02 140.14
-9999 -9999 -9999 -9999 -9999 333.4286 339.89 341.51 341.64 360.88 364.75 352.16 344.61 356.91 375.24 361.61 377.08 376.42 381.97 363.14 340.09 339.65 324.42 311.58 307.65 306.57 296.08 281.52 279.04 266.67 250.31 242.1 241.78 233.74 222.3 206.83 193.07 190.06 186.74 183.81 177.12 169.61 167.59 165 165.54 164.04 158.52 151.51 149.71 148.55 144.04 138.43 137.69 136.9 143.08 140.35 140.59 140.33 141.75 139.2 139.27 136.5 139.09 142.57 139.35 142.22 141.45 140.23 139.2 139.07 137.82 137.9 137.83
-9999 -9999 -9999 -9999 -9999 325.7195 326.48 341.04 357.19 387.62 361.53 347.84 337.95 333.74 350.89 347.6 361.84 372.41 366.74 342.73 326.04 316.1 306.23 310.28 308.27 298.82 286.27 287.47 270.17 259.52 254.63 247.88 242.41 235.8 228.87 212.76 199.88 190.16 184.36 179.82 175.28 169.23 167.4 165.07 163.8 163.08 163.56 164.52 162.05 168.5 156.05 154.78 145.49 142.77 156.84 155.31 157.66 155.62 156.11 153.34 152.85 145.07 145.07 148.94 150.06 147.58 147.53 145.69 142.39 141.77 138.75 139 138.71
-9999 -9999 -9999 -9999 -9999 320.0101 326.31 369.9 386.17 378.97 371.07 327.27 321.66 320.48 332.89 337.97 337.65 337.99 333.15 329.49 316.32 322.03 315.49 316.84 303.33 301.19 294.4 295.33 283.75 262.34 244.88 240.09 235.28 226.53 220.51 212.75 204.06 189.46 185.35 179 173.09 171.21 169.66 169.4 168.24 168.54 165.8 164.05 180.68 178.02 177.79 159.52 157.3 149.06 150.45 158.45 160 159.7 172.01 156.93 168.55 163.29 161.03 158.67 158.69 156.94 152.99 145.44 143.31 142.21 141.22 139.8 139.66
-9999 -9999 -9999 303.6905 304.86 318.57 340.3 360.86 353 331.22 320.8 312.72 308.62 313.79 310.9 307.05 307.45 305.82 317.83 319.55 324.26 321.09 318.97 318.89 323.61 310.47 299.83 290.8 289.15 272.47 250.19 237.64 227.68 218.14 212.16 206.83 201.91 198.76 190.02 184.58 177.22 174.28 172.87 174.79 174.64 187.75 176.65 172.12 183.26 189.68 164.13 154.68 150.61 151.09 144.97 146.27 146.25 149.97 155.33 152.23 156.73 153.94 151.08 149 162.53 170.08 163.39 154.52 148.83 148.28 143.78 141.76 140.93
-9999 -9999 296.8125 298.9419 308.48 317.39 330.58 317.75 317.18 317.57 307.26 301.87 305.6 319.5 316.65 313.74 309.19 316.6 318.05 313.59 310.23 311.33 313.88 317.01 339.37 350.41 328.6 308.48 288.17 272.78 261.34 249.22 231.05 229.6 218.25 205.36 198.42 194.65 190.84 188.28 183.14 181.16 180.48 177.58 175.5 185.07 186.15 179.18 171.11 166.09 160.16 151.23 151.34 146.81 145.44 143.98 146.74 149.59 153.19 159.65 162.45 163.59 153.2 156.53 159.68 158.79 162.97 157.16 152.15 153.97 156.54 147.23 141.61
-9999 -9999 304.77 309.39 312.12 315.91 315.88 308.7 309.87 306.42 298.69 297.4 307.62 309.92 312.03 312.21 309.09 303.79 301.09 300.9 293.67 295.65 294.88 298.53 314.01 349.38 336.86 292.93 263.91 257.95 248 232.1 222.18 222.37 211.97 208.11 205.65 194.3 193.6 194.15 189.33 185.38 184.5 176.7 168.71 170.06 163.58 162.78 160.15 163.82 159.94 152.11 150.66 148.38 155.84 151.69 151.12 154.98 153.63 155.42 155.12 149.84 148.28 152.22 160.47 158.47 153.87 154.6 159.17 157.04 162.5 148.55 142.45
-9999 -9999 307.48 311.94 316.02 339.26 312.53 309.56 305.93 297.28 294.18 300.64 301.55 301.03 301.52 302.65 297.27 289.94 294.75 291.46 282.91 284.52 291.78 289.48 286.19 290.55 291.08 276.56 254.05 242.55 241.4 222.96 217.6 214.41 210.67 209.15 205.51 200.07 197.07 194.17 201.93 190.34 175.47 172.82 168.25 167 163.37 163.05 159.25 159.19 160.46 157.88 154.38 153.53 156.56 162.36 158.52 156.9 154.52 157.8 163.66 156.91 149.64 149.13 157.64 156.87 151.66 146.86 146.65 151.85 146.71 141.98 141.71
-9999 313.1875 313.33 320.41 333.03 320.91 307 306.7 297.14 291.779 294.06 295.74 297.23 297.16 295.63 293.06 283.8 286.08 285.42 277.74 275.12 274.92 276.11 281.49 276.93 271.74 261 255.97 242.42 228.83 225.62 214.37 212.96 208.69 206.24 202.85 196.34 193.69 195.55 190.67 185.6 176.05 173.69 170.66 167.82 167.35 165.18 163.34 162.17 161.62 162.62 160.33 162.26 162.04 160.45 163.41 168.11 161.27 159.3 165.13 167.38 163.18 158.83 154.13 156.72 156.52 149.57 145.53 144.3 143.91 143.99 144.12 144.3
-9999 326.57 327.26 335.08 339.68 327.24 301.8085 296.5889 292.0919 291.76 293.86 292.46 292.27 287.64 283.39 281.78 278.27 277.92 276.04 273.67 268.97 267.54 265.88 262.68 262.19 260.12 250.63 239.57 235.7 225.65 211.11 206.77 201.88 198.94 197.72 194.29 191.45 188.49 189.36 190.08 184.43 176.56 174.46 172.3 170.73 169.75 169.38 172.9 172.81 166.04 166.67 166.8 163.68 164.55 164.16 166.01 169.2 169.87 165.23 162.21 160.64 167.69 163.8 154.83 158.01 151.67 148.53 147.13 146.34 146.23 146.23 146.52 146.44
-9999 345.8878 355.62 353.62 353.03 328.9794 301.1266 294.19 291.55 290.2 287.82 283.68 278.28 277.82 276.87 273.62 270.54 266.37 265.56 271.42 269.66 269.65 265.8 261.92 258.92 257.29 256.96 246.62 225.04 214.24 205.16 200.92 197.03 194.83 193.78 191.37 189.51 187.55 188.39 187.45 180.11 178.55 177.19 176.97 176.88 175.73 175 174.12 173.78 174.84 173.43 169.21 171.84 179.22 171.86 172.22 170.96 168.75 167.08 170.91 165.01 163.97 164.23 159.28 159.74 154.52 152.75 150.74 149.82 149.86 149.72 149.24 149.15
-9999 361.49 367.86 357.49 330.84 315.0333 297.6173 293.78 291.21 288.93 288.04 284.24 280.47 279.29 272.4 270.71 269.16 266.8 264.17 264.7 262.48 262.99 272.85 271.21 261.71 252.91 258.1 244.13 219.14 206.75 201.95 200.22 197.03 193.34 192.28 191.21 191.12 191.43 188.81 185.52 185.44 185.45 184.15 186.5 185.59 185.02 184.8 179.55 180.36 180.33 180.1 176.87 173.78 177.46 172.01 172.29 173.78 174.84 178.41 177.87 170.88 167.77 171.06 166.79 160.93 158.82 156.3 154.82 156.23 155.7 155.72 159.97 156.66
364.4074 372.53 371.71 350.81 321.9362 -9999 -9999 293.93 290.76 287.52 283.46 281.4 278.91 277.98 274.26 272.65 273.7 270.95 265.94 265.17 261.67 260.97 258.86 267.61 267.35 244.7 233.58 222.96 211.96 208.4 206.26 204.35 200.76 199.32 197.81 197.3 199.22 198.56 193.15 195.97 196.7 197.8 197.25 194.53 200.99 192.74 191.94 187.05 188.98 189.41 190.4 188.3 185.34 176.44 180.45 179.2 176.87 173.63 179.17 178.12 179.74 175.44 172.37 172.07 170.61 168.51 171.15 165.5 160.08 158.96 157.8 159.01 158.23
348 352.493 348.1757 336.4805 320.2 300.7083 297.427 290.9 287.92 285.97 284.08 279.85 276.51 272.93 273.7 276.02 278.05 275.26 268.36 263.42 260.52 254.75 261.45 256.48 245.12 241.71 221.94 216.04 216.65 212.49 211.54 209.16 205.89 203.9 203.38 201.32 202.99 204.39 200.42 196.52 201.11 206.44 207.7 203.06 201.91 201.37 198.53 200.52 200.29 203.13 199.41 195.52 188.58 184.49 184.09 180.93 179.7 180.83 180.56 180.48 183.56 185.71 181.86 177.71 174.95 176.59 180.01 174.82 163.57 163.84 165.09 161.98 161.31
-9999 -9999 -9999 324.473 312.4546 302.9405 297.76 291.48 284.99 280.79 278.16 275.07 273.06 275.91 277.62 275.28 275.95 273.67 266.45 253.89 249.37 243.65 241.33 241.99 234.89 225.08 220.77 215.99 219.3 221.86 223.47 219.69 213.72 212.01 210.89 208.64 209.79 211.19 209.2 204.84 209.2 211.6 215.43 215.26 208.22 212.92 211.23 214.51 209.45 203.65 199.43 196.78 194.35 193.71 198.59 190.87 191.85 194.7 191.33 190.97 190.55 191.43 190.06 186.19 184.86 181.84 176.04 171.92 176.69 167.44 170.75 167.84 166.01
-9999 -9999 -9999 -9999 312.03 306.37 304.7677 290.1412 279.6154 275.0549 275.94 269.86 267.22 272.09 269.92 268.17 270.74 263.08 253.09 248.48 242.38 237.29 236.26 237.47 234.4 224.49 216.06 217.73 219.34 226.01 227.9 232.36 239.36 230.5 234.22 218.52 217.15 221.54 219.28 214.97 210.52 223.84 222.05 219.71 215.58 223.52 226.27 219.59 215.78 208.7 208.4 207.68 207.26 204.55 203.7 200.62 198.19 196.76 199.3 206.45 208.38 201.46 196.86 193.13 184.08 183.27 184.04 179.5 175.7 177.06 175.23 174 173.57
-9999 -9999 -9999 -9999 316.9753 315.2143 -9999 280.7647 -9999 271.0898 268.33 265.5 262.61 258.37 259.6 257.73 252.43 249.44 246.59 244.01 237.46 232.63 233.56 231.58 227.64 219.86 214.59 217.11 218.84 221.99 228.55 236.38 250.7 251.38 248.41 236.28 223.83 232.92 230.06 225.64 218.96 220.4 224.46 228.31 226.13 228.81 226.86 222.89 222.95 222.29 217.79 217.9 217.74 214.08 215.06 214.46 212.26 209.33 205.57 203.52 205.97 214.75 211.5 208.06 203.73 190.43 182.3 189.6 194.47 196.96 195.41 181.29 177.02
-9999 -9999 -9999 -9999 -9999 -9999 -9999 -9999 271.9464 270.3776 265.7158 259.35 256.58 255.89 250.99 255.81 250.95 245.98 245.44 248.56 240.41 235.28 229.4 226.67 220.87 215.32 216.63 217.03 218.19 224.79 226.69 238.32 244.95 224.49 229.71 231.35 236.5 236.66 237.49 237.99 232.5 230.21 234.92 230.87 232.93 232.29 230.91 231.54 231.86 229.5 228.64 230.09 228.4 226.37 225.36 225.35 223.8 220.38 218.77 216.02 210.61 208.63 203.68 206.94 205.97 203.48 186.3 194.19 191.35 190.2 192.7 184.5 179.46
-9999 -9999 -9999 -9999 -9999 -9999 -9999 -9999 -9999 269.33 267.95 262.66 254.74 250.45 244.28 245.58 245.2 245.83 244.56 239.75 241.19 244.77 234.16 224.37 219.52 214.9 215.78 215.53 218.04 219.43 225.37 230.58 224.82 222.48 225.91 227.13 233.4 238.28 243.13 245.37 245.79 243.4 242.18 240.92 240 240 236.7 239.21 238.84 233.67 232.91 232.07 237.75 241.59 234.04 231.18 232.43 229.29 227.6 224.84 223.64 219.94 215.86 204.53 208.38 202.62 192.12 191.44 189.24 182.64 179.71 175.44 165.26
