layers/wordclim/current/bio_07.asc
ncols         166
nrows         93
xllcorner     -9.4959440078468
yllcorner     36.000324005443
cellsize      0.083333337679505
NODATA_value  -9999
[rows 33 to 65 of 93, columns 73 to 145 of 166]
287.12 287.39 287.94 288.74 289.56 289.93 291.94 293.66 295.61 296.84 297.65 297.56 297.54 296.95 295.89 294.44 292.85 291.1 288.7 285.62 282.88 279.88 275.7 272.83 269.64 265.98 266.2 266.39 265.5 264.14 263.49 263.72 265.19 264.99 264.44 263.95 264.78 265.61 265.85 265.75 264.78 264.82 265.22 264.27 263.97 262.03 261.43 258.46 254.88 250.93 245.88 241.36 -9999 -9999 -9999 -9999 -9999 -9999 -9999 -9999 -9999 -9999 -9999 -9999 -9999 -9999 -9999 -9999 -9999 -9999 -9999 -9999 -9999
287.23 287.51 287.68 287.85 289.11 291.35 293.77 295.14 296.12 297.07 298.1 298.39 298.54 297.64 296.72 295.3 293.65 291.66 289.47 286.59 283.52 280.5 276.43 273.09 268.37 264.84 265.76 265.19 264.92 263.31 262.46 262.05 262.19 261.92 261.12 261.63 261.85 262.38 262.83 261.65 260.74 261.15 261.1 260.14 258.05 257.18 257.35 254.53 251.45 246.3838 -9999 -9999 -9999 -9999 -9999 -9999 -9999 -9999 -9999 -9999 -9999 -9999 -9999 -9999 -9999 -9999 -9999 -9999 -9999 -9999 -9999 -9999 -9999
288.26 288.33 287.76 287.2 289.61 292.79 294.47 295.83 296.47 297.66 298.85 299.45 299.06 298.6 297.9 296.39 294.73 292.66 290.43 287.58 284.76 282.03 277.94 273.28 268.81 267.05 268.63 267.13 265.45 263.97 262.79 261.86 261.23 260.59 259.72 259.28 258.88 260.03 259.57 259.44 257.99 257.84 256.49 254.77 252.13 254.13 253.35 250.37 246.79 242.3803 -9999 -9999 -9999 -9999 -9999 -9999 -9999 -9999 -9999 -9999 -9999 -9999 -9999 -9999 -9999 -9999 -9999 -9999 -9999 -9999 -9999 -9999 -9999
290.18 289.64 287.36 288.38 292.4 293.82 295.1 297.43 297.15 297.45 298.54 299.5 300.24 300.45 299.33 297.95 296.15 294.07 291.77 289.19 286.34 283.38 280.21 275.31 270.37 269.54 270.01 267.33 265.65 264.58 263.49 262.19 260.96 260.02 259.03 258.16 257.82 257.65 257.12 256.09 254.72 254.12 252.51 252.64 252.26 251.7 249.42 246.27 242.3608 238.7849 235.0698 232.1304 -9999 -9999 -9999 -9999 -9999 -9999 -9999 -9999 -9999 -9999 -9999 -9999 -9999 -9999 -9999 -9999 -9999 -9999 -9999 -9999 -9999
292.79 291.39 288.94 291.4 293.33 294.56 297.06 298.75 298.31 299.89 301.46 302.3 302.37 301.77 300.69 299.28 297.43 295.52 293.12 290.48 287.67 284.94 282.19 278.28 273.15 269.36 269.88 267.86 265.14 264.13 263.74 262.56 261.47 260.49 259.27 258.26 256.46 255.82 255.4 254.66 253.23 252.41 251.94 251.19 249.65 247.79 245.82 244.0638 -9999 -9999 -9999 -9999 -9999 -9999 -9999 -9999 -9999 -9999 -9999 -9999 -9999 -9999 -9999 -9999 -9999 -9999 -9999 -9999 -9999 -9999 -9999 -9999 -9999
296.79 294.68 293.73 294.52 294.8 296.81 299 299.64 299.71 301.98 302.65 303.47 303.25 303.17 302.97 301.66 299.49 296.32 294.18 291.57 288.98 286.34 283.86 280.3 275.54 270.68 269.7 268.42 265.6 265.23 265.69 263.18 262.12 261.03 259.99 258.75 256.63 255.05 253.85 252.89 252.01 250.91 249.61 247.64 245.85 243.71 241.83 -9999 -9999 -9999 -9999 -9999 -9999 -9999 -9999 -9999 -9999 -9999 -9999 -9999 -9999 -9999 -9999 -9999 -9999 -9999 -9999 -9999 -9999 -9999 -9999 -9999 -9999
300.36 297.96 297.14 297.1 297.87 299.3 300.36 300.68 301.5 302.64 302.76 303.85 304.28 305.45 304.79 303.5 301.14 298.26 295.58 292.93 290.4 287.88 284.95 281.33 277.18 272.74 270.63 269.02 266.68 267.15 266.08 264.37 263.3 262.52 260.78 259.07 257.3 254.96 253.29 252.22 250.95 248.67 246.25 244.62 242.68 239.95 238.78 -9999 -9999 -9999 -9999 -9999 -9999 -9999 -9999 -9999 -9999 -9999 -9999 -9999 -9999 -9999 -9999 -9999 -9999 -9999 -9999 -9999 -9999 -9999 -9999 -9999 -9999
301.8 300.64 300.47 300.25 300.64 301.38 301.5 302.71 303.6 305.5 306.74 306.12 307.72 307.72 307.54 306.46 303.14 300.41 297.31 294.52 291.9 289.62 286.2 283.11 279.47 274.83 271.48 269.22 267.93 267.78 266.03 264.71 263.8 263.51 261.51 259.18 256.85 254.2 251.7 250.5 247.87 245.69 242.55 242.22 239.79 237.6988 -9999 -9999 -9999 -9999 -9999 -9999 -9999 -9999 -9999 -9999 -9999 -9999 -9999 -9999 -9999 -9999 -9999 -9999 -9999 -9999 -9999 -9999 -9999 -9999 -9999 -9999 -9999
303.96 303.54 303.3 303.4 303.7 303.47 304.22 305.56 305.8 306.92 308.69 309.57 310.72 310.94 310.43 309.18 305.52 301.77 299.11 296.98 293.12 290.75 288.02 285.09 281.3 277.35 273.2 270.09 269.07 268.13 265.11 263.2 263.01 262.8 260.28 258.69 256.49 253.97 249.68 246.72 245.62 243.57 238.75 237.53 237.9024 -9999 -9999 -9999 -9999 -9999 -9999 -9999 -9999 -9999 -9999 -9999 -9999 -9999 -9999 -9999 -9999 -9999 -9999 -9999 -9999 -9999 -9999 -9999 -9999 -9999 -9999 -9999 -9999
306.21 306.1 306.13 305.78 305.21 305.77 307.2 308.06 308.43 310.53 310.98 311.58 312.68 313.54 312.72 312.5 307.69 304.76 301.7 297.97 295.3 292.13 289.34 286.4 282 278.01 273.71 271.73 271.39 268.77 264.66 262.16 261 259.91 258.93 256.14 254.6 252.32 245.42 240.29 239.85 238.12 236.35 233.8947 -9999 -9999 -9999 -9999 -9999 -9999 -9999 -9999 -9999 -9999 -9999 -9999 -9999 -9999 -9999 -9999 -9999 -9999 -9999 -9999 -9999 -9999 -9999 -9999 -9999 -9999 -9999 -9999 -9999
308.45 308.23 307.89 307.49 307.89 308.67 309.53 310.42 311.03 312.33 313.19 314.26 315.05 315.87 315.99 315.08 310.11 306.37 303.11 300.2 297.19 293.78 290.5 287.47 283.02 276.86 274.47 274.16 274.78 271.93 266.94 262.76 260.27 257.01 254.3 253.8 250.54 247.3 241.68 236.49 236.44 235.89 232.6818 -9999 -9999 -9999 -9999 -9999 -9999 -9999 -9999 -9999 -9999 -9999 -9999 -9999 -9999 -9999 -9999 -9999 -9999 -9999 -9999 -9999 -9999 -9999 -9999 -9999 -9999 -9999 -9999 -9999 -9999
310.31 310.1 310.17 310.46 310.7 310.83 311.39 312.3 313.16 314.18 315.25 315.89 316.63 317.33 317.38 316.9 312.95 308.62 305.86 302.27 298.76 294.96 291.49 288.61 284.01 277.94 276.48 276.36 275.6 272.41 267.84 264.51 261.04 258.52 252.87 249.11 243.87 238.87 233.76 232.58 232.43 231.5373 -9999 -9999 -9999 -9999 -9999 -9999 -9999 -9999 -9999 -9999 -9999 -9999 -9999 -9999 -9999 -9999 -9999 -9999 -9999 -9999 -9999 -9999 -9999 -9999 -9999 -9999 -9999 -9999 -9999 -9999 -9999
312.67 312.69 312.79 312.96 313.05 312.83 313.24 313.85 314.16 314.79 315.98 316.69 317.42 317.64 317.71 316.64 313.99 310.53 306.91 303.41 299.19 295.73 292.36 288.59 284.33 279.77 275.44 274.11 273.37 272.08 270.99 266.64 261.28 255.78 251.32 250.39 244.99 236.17 229.49 226.78 226.134 -9999 -9999 -9999 -9999 -9999 -9999 -9999 -9999 -9999 -9999 -9999 -9999 -9999 -9999 -9999 -9999 -9999 -9999 -9999 -9999 -9999 -9999 -9999 -9999 -9999 -9999 -9999 -9999 -9999 -9999 -9999 -9999
314.74 314.78 314.82 314.96 314.69 314.65 314.71 315.06 315.44 316.05 316.19 317.25 317.15 316.73 317.47 316.08 313.64 310.76 307.19 303.89 299.3 296.65 293.5 289.25 284.33 281.45 277.01 272.69 271.06 269.59 268.78 266.8 261.18 254.25 245.95 242.14 244.18 239.21 229.44 224.4646 -9999 -9999 -9999 -9999 -9999 -9999 -9999 -9999 -9999 -9999 -9999 -9999 -9999 -9999 -9999 -9999 -9999 -9999 -9999 -9999 -9999 -9999 -9999 -9999 -9999 -9999 -9999 -9999 -9999 -9999 -9999 -9999 -9999
316.58 316.54 316.38 316.02 316.33 316.5 316.22 316.55 316.62 316.39 316.55 317.51 316.96 315.9 315.85 315.13 313.35 310.58 307.25 303.6 299.81 295.96 292.4 288.32 285.52 282.07 277.36 271.01 268.5 267.09 265.08 260.43 257.94 254.05 249.73 240.42 233.7 231.47 225.17 -9999 -9999 -9999 -9999 -9999 -9999 -9999 -9999 -9999 -9999 -9999 -9999 -9999 -9999 -9999 -9999 -9999 -9999 -9999 -9999 -9999 -9999 -9999 -9999 -9999 -9999 -9999 -9999 -9999 -9999 -9999 -9999 -9999 -9999
318.59 318.21 317.83 317.72 317.64 317.45 317.63 317 317.69 316.9 317.16 317.76 316.85 315.06 314.37 314.35 312.71 309.99 307.26 303.38 299.55 294.95 291.49 288.51 286.87 281.92 278.18 273.19 267.43 260.57 257.05 252.63 246.58 242.17 241.36 243.5 233.84 226.5 223.9868 -9999 -9999 -9999 -9999 -9999 -9999 -9999 -9999 -9999 -9999 -9999 -9999 -9999 -9999 -9999 -9999 -9999 -9999 -9999 -9999 -9999 -9999 -9999 -9999 -9999 -9999 -9999 -9999 -9999 -9999 -9999 -9999 -9999 -9999
320.08 319.17 319.07 318.78 318.41 318.97 318.26 317.99 318.02 317.71 317.24 317.42 316.3 315.07 313.61 312.42 310.95 308.59 306.11 303.42 300.19 295.64 291.27 289.35 286 281.58 278.72 277.22 273.2 265.14 255.37 249.2 242.65 237.66 233.59 230.39 227.96 223.9894 -9999 -9999 -9999 -9999 -9999 -9999 -9999 -9999 -9999 -9999 -9999 -9999 -9999 -9999 -9999 -9999 -9999 -9999 -9999 -9999 -9999 -9999 -9999 -9999 -9999 -9999 -9999 -9999 -9999 -9999 -9999 -9999 -9999 -9999 -9999
321.46 320.89 320.2 319.65 319.51 319.31 319.03 318.55 318.25 317.97 317.5 316.39 315.67 314.28 313.79 312.1 309.51 307.14 304.78 302.44 299.08 295.96 291.14 288.71 285.84 281.87 277.27 274.71 271.57 268.88 265.74 254.21 243.62 237.46 232.22 228.03 223.13 -9999 -9999 -9999 -9999 -9999 -9999 -9999 -9999 -9999 -9999 -9999 -9999 -9999 -9999 -9999 -9999 -9999 -9999 -9999 -9999 -9999 -9999 -9999 -9999 -9999 -9999 -9999 -9999 -9999 -9999 -9999 -9999 -9999 -9999 -9999 -9999
322.52 321.6 321.33 321.25 320.18 319.39 318.95 318.75 318.18 317.67 317.3 316.49 315.28 314.29 313.57 311.25 309.22 307.26 304.74 301.96 299.08 294.79 289.55 287.42 284.51 280.03 275.69 272.91 271.82 269.08 265.51 257.01 246.42 239.29 232.95 227.44 223.34 -9999 -9999 -9999 -9999 -9999 -9999 -9999 -9999 -9999 -9999 -9999 -9999 -9999 -9999 -9999 -9999 -9999 -9999 -9999 -9999 -9999 -9999 -9999 -9999 -9999 -9999 -9999 -9999 -9999 -9999 -9999 -9999 -9999 -9999 -9999 -9999
323.5 322.78 322.09 321.7 320.24 319.46 319.19 318.69 317.99 317.33 316.68 315.67 314.58 313.72 312.44 310.43 308.77 306.56 304.21 301.36 298.37 295.29 290.89 284.68 281.14 278.27 275.01 273.77 270.79 267.72 262.37 253.72 247.08 241.62 236.61 230.23 226.86 -9999 -9999 -9999 -9999 -9999 -9999 -9999 -9999 -9999 -9999 -9999 -9999 -9999 -9999 -9999 -9999 -9999 -9999 -9999 -9999 -9999 -9999 -9999 -9999 -9999 -9999 -9999 -9999 -9999 -9999 -9999 -9999 -9999 -9999 -9999 -9999
324.59 323.67 322.56 321.93 321.07 319.85 319.15 318.74 318.1 317.75 316.75 315.38 314.35 312.87 311.87 310.18 307.99 305.89 303.38 300.75 297.9 294.82 292.02 288.99 284.58 279.82 275.94 272.47 270.3 267.85 261.72 258.94 255.01 244.04 239.43 234.1 231.3 230.8413 -9999 -9999 -9999 -9999 -9999 -9999 -9999 -9999 -9999 -9999 -9999 -9999 -9999 -9999 -9999 -9999 -9999 -9999 -9999 -9999 -9999 -9999 -9999 -9999 -9999 -9999 -9999 -9999 -9999 -9999 -9999 -9999 -9999 -9999 -9999
325.37 324.52 323.34 322.26 321.6 320.9 319.88 319.1 318.42 318.09 317.25 315.89 314.75 312.75 311.18 309.73 307.44 305.35 302.96 300.15 297.49 294.68 291.5 288.46 286.26 283.47 280.67 275.17 268.98 271.1 268.63 260.51 253.85 248.57 240.39 237.4 235.73 234.6061 -9999 -9999 -9999 -9999 -9999 -9999 -9999 -9999 -9999 -9999 -9999 -9999 -9999 -9999 -9999 -9999 -9999 -9999 -9999 -9999 -9999 -9999 -9999 -9999 -9999 -9999 -9999 -9999 -9999 -9999 -9999 -9999 -9999 -9999 -9999
325.74 324.36 323.46 322.91 322.14 321.35 320.9 320.05 319.58 319 317.72 316.69 314.89 313.09 310.94 309.08 307.17 305 302.73 300.22 297.61 294.97 292.56 290.39 289 287.34 283.54 278.99 272.21 274.46 269.49 259.78 253.8 248.71 243.13 240.86 242.01 240.42 -9999 -9999 -9999 -9999 -9999 -9999 -9999 -9999 -9999 -9999 -9999 -9999 -9999 -9999 -9999 -9999 -9999 -9999 -9999 -9999 -9999 -9999 -9999 -9999 -9999 -9999 -9999 -9999 -9999 -9999 -9999 -9999 -9999 -9999 -9999
325.95 325.28 324.05 323.23 322.82 322.7 322.18 321.15 320.4 319.33 318.08 316.82 315.45 313.77 311.04 308.49 306.8 304.52 302.23 300.15 298.46 297.38 295.48 293.6 291.6 289.31 285.31 280.9 275.31 275.71 271.01 264.53 257.42 251.27 247.28 245.23 247.84 247.04 242.9012 -9999 -9999 -9999 -9999 -9999 -9999 -9999 -9999 -9999 -9999 -9999 -9999 -9999 -9999 -9999 -9999 -9999 -9999 -9999 -9999 -9999 -9999 -9999 -9999 -9999 -9999 -9999 -9999 -9999 -9999 -9999 -9999 -9999 -9999
326.31 325.54 325.06 324.63 324.41 323.56 322.16 321.15 320.41 319.9 318.6 317.46 315.98 313.93 311.32 308.48 306.26 304.4 302.31 300.94 300.56 299.14 296.97 294.8 292.04 288.6 285.17 281.47 279.22 278.15 273.34 267.29 261.17 255.66 252.36 250.32 251.75 251.61 246.4 245.9464 -9999 -9999 -9999 -9999 -9999 -9999 -9999 -9999 -9999 -9999 -9999 -9999 -9999 -9999 -9999 -9999 -9999 -9999 -9999 -9999 -9999 -9999 -9999 -9999 -9999 -9999 -9999 -9999 -9999 -9999 -9999 -9999 -9999
326.22 325.69 324.96 324.14 323.8 323.96 322.32 321.2 320.11 319.52 318.03 317.15 315.68 313.8 311.77 309.02 306.6 304.36 303.13 301.74 300.36 298.92 296.88 294.82 291.98 288.95 285.68 281.98 279.1 277.49 273.54 267.85 265.19 261.74 256.03 254.1 254.38 254.13 251.94 249.52 249.2836 -9999 -9999 -9999 -9999 -9999 -9999 -9999 -9999 -9999 -9999 -9999 -9999 -9999 -9999 -9999 -9999 -9999 -9999 -9999 -9999 -9999 -9999 -9999 -9999 -9999 -9999 -9999 -9999 -9999 -9999 -9999 -9999
326.18 325.9 324.99 323.79 323.03 323.37 322.13 320.62 319.88 319.08 317.85 316.42 314.89 313.74 312.2 310.25 308.32 305.81 304.39 302.62 300.95 299.14 297.15 294.65 291.99 288.71 286.7 284.67 281.4 276.93 272.51 271.42 268.88 264.9 264.25 261.77 257.62 258.97 257.21 254.26 252.19 252.04 251.6392 -9999 -9999 -9999 -9999 -9999 -9999 -9999 -9999 -9999 -9999 -9999 -9999 -9999 -9999 -9999 -9999 -9999 -9999 -9999 -9999 -9999 -9999 -9999 -9999 -9999 -9999 -9999 -9999 -9999 -9999
325.66 325.3 324.92 323.68 322.68 322.49 321.91 320.43 319.67 318.26 317.02 316.53 315.92 315 313.6 312.14 309.34 306.67 304.55 302.88 300.95 298.77 296.57 294.1 292.67 289.49 286.33 283.86 281.22 276.26 274.75 273.22 271.57 270.75 268.53 264.09 261.5 262.6 259.17 257.01 253.92 252.28 251.1446 -9999 -9999 -9999 -9999 -9999 -9999 -9999 -9999 -9999 -9999 -9999 -9999 -9999 -9999 -9999 -9999 -9999 -9999 -9999 -9999 -9999 -9999 -9999 -9999 -9999 -9999 -9999 -9999 -9999 -9999
325.36 325.2 325.07 324.04 322.53 321.58 321.5 319.48 318.44 315.57 316.87 317.3 316.82 314.29 313.23 311.16 308.46 306.05 303.69 301.18 299.01 297.1 295.23 293.38 292.06 290.07 286.89 283.28 280.8 277.27 274.25 273.64 273.54 270.53 270.25 267.79 265.28 262.44 260.29 253.91 252.4737 -9999 -9999 -9999 -9999 -9999 -9999 -9999 -9999 -9999 -9999 -9999 -9999 -9999 -9999 -9999 -9999 -9999 -9999 -9999 -9999 -9999 -9999 -9999 -9999 -9999 -9999 -9999 -9999 -9999 -9999 -9999 -9999
325.89 325.01 323.75 322.78 321 321.25 319.41 316.56 315.41 316.46 318.76 317.93 316.52 313.8 311.09 308.95 306.11 303.28 301.16 299.54 297.25 294.88 293.61 293.06 291.08 289.55 287.2 283.8 281.75 279.84 275.5 273.77 274.54 269.99 267.79 263.25 262.98 256.36 253.6111 251.8889 -9999 -9999 -9999 -9999 -9999 -9999 -9999 -9999 -9999 -9999 -9999 -9999 -9999 -9999 -9999 -9999 -9999 -9999 -9999 -9999 -9999 -9999 -9999 -9999 -9999 -9999 -9999 -9999 -9999 -9999 -9999 -9999 -9999
324.26 322.82 321.32 320.85 320.56 318.74 315.58 314.46 315.66 315.75 315.7 316.28 314.87 311.27 308.78 306.02 302.89 302.36 299.23 296.35 294.68 293.71 293.36 292.98 290.78 288.7 287 285.83 282.95 279.63 276.45 272.72 271.79 267.49 262.73 257.73 256.027 -9999 -9999 -9999 -9999 -9999 -9999 -9999 -9999 -9999 -9999 -9999 -9999 -9999 -9999 -9999 -9999 -9999 -9999 -9999 -9999 -9999 -9999 -9999 -9999 -9999 -9999 -9999 -9999 -9999 -9999 -9999 -9999 -9999 -9999 -9999 -9999
321.15 318.66 317.89 318.17 316.86 314.95 311.51 311.86 313.22 313.05 315.63 315.8 312.14 306.41 303.85 303.2 302.03 298.99 295.73 295.69 293.65 292.42 291.89 290.45 289.84 288.93 286.7 285.11 282.64 280.66 276.76 271.39 267.89 263.95 258.66 255.2949 -9999 -9999 -9999 -9999 -9999 -9999 -9999 -9999 -9999 -9999 -9999 -9999 -9999 -9999 -9999 -9999 -9999 -9999 -9999 -9999 -9999 -9999 -9999 -9999 -9999 -9999 -9999 -9999 -9999 -9999 -9999 -9999 -9999 -9999 -9999 -9999 -9999
314.44 314.64 316.68 316.04 313.19 309.05 313.7 316.84 312.63 316.9 317.69 313.23 311.24 308.09 307.49 307.33 305.89 302.01 298.42 293.43 291.05 291.12 289.78 288.64 289.21 288.39 287.4 285.3 282.58 280.24 277.05 271.65 266.23 262.04 257.6974 -9999 -9999 -9999 -9999 -9999 -9999 -9999 -9999 -9999 -9999 -9999 -9999 -9999 -9999 -9999 -9999 -9999 -9999 -9999 -9999 -9999 -9999 -9999 -9999 -9999 -9999 -9999 -9999 -9999 -9999 -9999 -9999 -9999 -9999 -9999 -9999 -9999 -9999
