layers/wordclim/current/bio_02.asc
ncols         166
nrows         93
xllcorner     -9.4959440078468
yllcorner     36.000324005443
cellsize      0.083333337679505
NODATA_value  -9999
[rows 0 to 32 of 93, columns 0 to 74 of 166]
-9999 -9999 -9999 -9999 -9999 -9999 -9999 -9999 -9999 -9999 -9999 -9999 -9999 -9999 -9999 -9999 -9999 71.14634 73.20834 72.25373 73.54546 74.5 74.88406 75.92424 -9999 -9999 -9999 -9999 -9999 -9999 -9999 -9999 -9999 -9999 -9999 -9999 -9999 -9999 -9999 -9999 -9999 -9999 -9999 -9999 -9999 -9999 -9999 -9999 -9999 -9999 -9999 -9999 -9999 -9999 -9999 -9999 -9999 -9999 -9999 -9999 -9999 -9999 -9999 -9999 -9999 -9999 -9999 -9999 -9999 -9999 -9999 -9999 -9999 -9999 -9999
-9999 -9999 -9999 -9999 -9999 -9999 -9999 -9999 -9999 -9999 -9999 -9999 -9999 -9999 -9999 -9999 70.40909 71.73684 73.29 73.58 75.6 76.68 76.40404 78.36 78.94 78.6701 -9999 -9999 -9999 -9999 -9999 -9999 -9999 -9999 -9999 -9999 -9999 -9999 -9999 -9999 -9999 -9999 -9999 75.75 73.88461 -9999 -9999 -9999 -9999 -9999 -9999 -9999 -9999 -9999 -9999 -9999 -9999 -9999 -9999 -9999 -9999 -9999 -9999 -9999 -9999 -9999 -9999 -9999 -9999 -9999 -9999 -9999 -9999 -9999 -9999
-9999 -9999 -9999 -9999 -9999 -9999 -9999 -9999 -9999 -9999 -9999 -9999 -9999 -9999 68.72222 69.41053 71.07071 72.55 74.24 76.19 77.59 78.38 78.78 80.42 79.53 79.46 80.03158 81.08861 81.64789 81.43636 82.075 82.61905 83.5921 83.1039 84.79747 84.21212 84.56165 85.84722 86.28409 85.19588 84.41026 82.72619 80.47475 78.65 77.41 73.15585 71.40984 74.21667 74.64407 -9999 -9999 -9999 -9999 -9999 -9999 -9999 -9999 -9999 -9999 -9999 -9999 -9999 -9999 -9999 -9999 -9999 -9999 -9999 -9999 -9999 -9999 -9999 -9999 -9999 -9999
-9999 -9999 -9999 -9999 -9999 -9999 -9999 -9999 -9999 -9999 -9999 -9999 -9999 -9999 -9999 -9999 72.74747 75.12 76.47 77.19 78.66 80.08 81.25 82.12 82.27 81.71 81.84 83.46 82.88 83.59596 85.63 86.75 87.59 86.67 89.65 88.82 88.16 89.88 92 89.14 86.38383 88.61 88.75 85.23 82.14 80.52 82.66 82.48 77.07 78.03 78.17 79.23077 75.67949 74.79661 74.66 -9999 -9999 -9999 -9999 -9999 -9999 -9999 -9999 -9999 -9999 -9999 -9999 59.63014 -9999 58.88889 59.38542 59 59.3913 -9999 -9999
-9999 -9999 -9999 -9999 -9999 -9999 -9999 -9999 -9999 -9999 -9999 -9999 -9999 -9999 69.62687 71.45834 73.73 76.14 77.39 78.82 79.56 80.71 81.58 82.91 83.55 84.24 84.59 84.54 85.51 87.54 89.14 89.27 89.07 90.4 91.92 91.1 92.86 94.48 93.04 91.06 90.81 88.77 87.9 90.01 87.25 86.11 86.32 85.18 83.98 82.72 81.76 78.52 77.9 80.47 80.1 80.05 81.02 77.53191 74.90124 72.09589 70.55844 69.16666 68.45834 67.87952 65.95918 63.85 63.04 61.94 61.90625 60.75 62.09 61.8 61.09524 62.07 62.37078
-9999 -9999 -9999 -9999 -9999 -9999 62.37037 62.7875 63.97297 -9999 66.52702 67.54217 68.7 69.11111 70.49 -9999 74.94 77.23 78.97 79.82 80.61 81.47 82.38 83.14 84.35 85.23 86.21 86.19 88.28 89.65 90.31 89.81 91.18 93.22 94.03 93.91 93.68 94.49 96.03 95.78 96.6 96.72 95.49 93.43 93.08 91.72 92.09 93.63 93.06 89.8 91.65 88.34 85.18 88.08 89.1 86.5 83.89 84.37 79.67 79.43 75.59 75.3 73.27 71.42 71.15 68.26 67.09 66.21 68.29 70.13 68.71 67.54 64.94 66.77 66.95
-9999 -9999 -9999 -9999 -9999 -9999 62.75343 63.56 64.73 65.74 67.74 70.88 71.82 72.42 72.72 74.33 77 78.6 79.86 80.85 81.73 82.36 83.33 84.14 85.12 86.33 87.56 88.13 89.51 90.73 91.19 91.4 93.54 94.52 95.21 95.36 96.49 97.81 98.37 99.04 99.8 99.27 99.89 99.39 96.73 98.54 98.66 96.1 96.35 96.43 97.63 94.29 93.47 95.03 95.48 93.48 93.78 92.8 85.88 87 84 80.78 78.56 79.38 76.13 72.73 73.43 72.67 72.2 77.58 80.81 74.93 70.35 69.74 70.61
-9999 -9999 -9999 -9999 60.58065 62.16 63.24 65.09 66.84 68.22 70.48 72.07 73.23 74.98 75.97 77.5 78.95 79.98 81.05 81.78 82.8 83.69 84.34 85.3 86.39 87.66 88.79 89.57 90.97 91.88 92.75 93.02 94.52 95.75 96.58 97.27 98.35 98.58 99.96 100.33 100.85 101.34 102.22 102.33 101.22 101.21 101.3 101.01 101.21 100.11 99.55 99.26 98.44 97.01 97.28 96.59 95.61 91.46 87.39 88.1 91.87 88.56 86.13 84.94 83.5 77.93 80.96 77.24 78 83.53 84.63 82.37 80.41 76.7 71.12
-9999 -9999 -9999 60.06186 61.26 63.02 64.17 65.73 67.39 69.25 70.71 72.59 73.78 75.61 77.03 78.4 79.76 81 82.12 83.07 83.87 84.83 85.58 86.65 87.74 88.82 89.97 90.97 91.89 92.85 93.35 94.39 95.82 96.56 97.96 98.12 99.18 98 98.49 99.77 98.91 101.05 100.48 103.54 104.13 102.31 101.93 102.5 101.68 101.2 101.87 100.8 100.64 99.91 99.12 98.54 97.59 96.23 95.36 93.64 93.88 94.21 92.77 89.69 87.7 86.09 85.5 84.14 84.18 83.31 81.03 80.35 80 80.09 79.08
-9999 -9999 -9999 59.97647 61.84848 63.04 64.37 65.58 66.84 68.56 70.45 72.42 74.61 76.71 78.36 79.66 80.52 81.95 82.95 83.98 84.91 85.88 86.85 87.67 88.6 89.78 90.96 92.01 93.03 93.68 94.75 95.91 96.78 97.31 98.19 98.66 98.74 100.48 101.31 102.08 102.04 103.54 103.7 103.27 104.38 105 104.34 104.94 103.58 103.98 104.13 103.19 102.44 101.57 100.94 100.15 99.04 98.43 98.01 96.82 95.56 95.92 94.64 91.34 89.52 88.34 87.16 86.46 85.6 84.53 82.26 79.87 80.54 81.74 82.1
-9999 -9999 -9999 -9999 61.05172 63.05 63.8 64.44 66.35 66.94 68.12 72.22 75.79 76.54 78.43 79.87 80.78 82.43 83.66 84.82 85.85 86.82 87.75 88.62 89.51 90.76 91.96 92.89 93.96 94.88 95.84 95.93 95.92 97.1 99.18 99.82 100.98 101.29 100.47 102.18 102.03 102.64 104.96 106.94 105.12 107.01 107.39 107.38 106.19 106.6 105.99 104.83 104.27 103.39 102.72 101.72 101.08 100.25 99.37 97.81 96.44 95.32 94.3 92.81 91.92 90.33 90.14 87.68 87.36 85.39 85.84 84.38 82.51 83.9 84.94
-9999 -9999 -9999 -9999 60.225 61 61.56061 62.13187 66.92 66.53 67.68 69.49 73.16 75.05 77.5 80.8 82.1 83.5 84.65 85.76 86.74 87.84 88.7 89.72 90.81 91.77 92.69 93.68 94.79 95.67 96.48 95.48 97.85 99.78 101.39 102.39 102.01 101.15 101.88 103 105.19 107.1 108.59 109.33 109.91 109.51 110.55 110.27 109.44 108.77 107.97 107.17 106.02 105.24 104.27 103.61 102.55 101.51 100.52 99.64 98.15 96.87 95.13 94.13 93.71 91.62 90.57 91 89.41 89.24 89.93 87.5 87.17 84.64 84.41
-9999 -9999 -9999 -9999 -9999 -9999 63.44565 62.42 64.11 64.1 67.05 70.54 72.84 77.51 79.72 81.6 83.14 84.35 85.28 86.15 87.61 88.74 89.59 90.56 91.8 92.78 93.14 93.13 93.98 95.61 97.42 97.83 100.06 101.42 102.59 103.61 104.21 104.92 106.2 107 107.21 108.23 109.9 111.27 112.03 112.25 112.81 112.4 111.49 110.43 109.76 108.71 107.71 106.79 105.97 105.24 104.24 103.19 101.96 101.1 99.43 98.41 97.11 96.75 95.81 94.86 93.61 92.84 91.66 91.83 92.41 90.7 87.26 89.5 89.35
-9999 -9999 -9999 -9999 -9999 59.32203 61.34043 -9999 -9999 64.2 65.71 71.05 75.64 78.83 80.31 82.38 83.9 84.84 85.69 86.42 88.58 89.7 90.61 91.71 92.84 93.64 93.66 94.73 95.16 95.57 98.03 99.85 101.27 102.25 103.4 104.51 105.6 106.74 107.66 108.22 109.6 110.85 111.9 112.94 113.76 114.53 114.75 113.86 113.02 111.94 111.13 109.97 109.4 108.12 107.6 106.82 105.76 104.81 103.44 102.6 101.22 99.74 98.76 98.34 97.26 96.64 95.72 95.04 94.44 94.16 93.4 91.45 89.26 89.31 89.91
-9999 -9999 -9999 -9999 -9999 -9999 -9999 59 60.24096 61.42 65.21 70.74 75.78 78.92 80.87 82.62 84.34 85.11 85.88 87.64 89.2 90.49 91.68 92.83 93.82 94.85 95.35 95.97 95.85 96.79 98.87 101.05 102.07 102.95 104.13 105.42 106.03 106.24 107.03 108.59 110.59 111.85 112.94 113.92 115 115.88 115.72 114.76 113.73 113.01 112.12 111.62 110.68 109.48 109.02 108.3 107.18 106.46 105.32 104.12 103.09 101.64 100.38 99.28 98.22 97.3 96.76 96.79 95.9 95.46 94.14 93.49 94.06 93.72 93.32
-9999 -9999 -9999 -9999 -9999 -9999 -9999 59.16667 60.52174 64.01124 63.05 69.87 77.04 79.33 81.62 83.84 85.79 87.27 88.53 89.64 90.41 91.36 92.76 93.85 94.54 95.23 96.2 97.43 97.2 98.91 100.3 102.11 103.03 103.56 103.17 104.72 104.37 105.14 108.15 110.14 111.49 112.67 113.62 114.39 115.29 116 115.96 115.05 114.38 113.98 113.34 112.74 111.87 110.79 110.38 109.79 108.83 107.74 106.84 105.78 104.59 103.4 102.23 100.94 99.76 98.8 98.56 98.08 97.11 96.52 96.29 96.29 96.18 95.85 96.2
-9999 -9999 -9999 -9999 -9999 -9999 -9999 -9999 -9999 64.01471 65.01075 70.81 76.79 79.9 82 85.18 87.06 88.83 89.94 90.84 91.93 91.4 91.11 93.27 94.59 94.37 95.42 98.7 99.85 99.08 99.79 101.95 101.12 101.8 103.64 101.63 102.26 105.14 108.81 110.57 111.96 113.12 114 114.77 115.47 116 116 115.4 115.21 114.93 114.13 113.71 112.85 112.06 111.59 111.07 110.32 109.41 108.46 107.52 106.36 105.12 103.73 102.39 101.33 100.71 100.09 99.17 98.24 97.69 97.74 97.97 98.21 99.08 99.01
-9999 -9999 -9999 -9999 -9999 -9999 -9999 -9999 61.9359 65.77273 -9999 73.3 78.3 81.14 81.99 86.12 88.46 90.32 91.2 92.46 93.49 92.67 92.96 91.34 91.63 92.77 92.63 97.93 99.76 99.38 98.07 98.5 98.9 100.29 102.71 105.45 105.66 104.92 107.83 110.79 112.51 113.54 114.26 114.97 115.58 116 116 115.95 115.95 115.8 114.97 114.31 113.71 113.2 112.74 112.3 111.74 111.09 110.21 109.27 108.08 106.92 105.43 104.22 103.19 102.62 101.39 100.17 99.69 99.49 99.61 99.6 100.08 100.92 101.61
-9999 -9999 -9999 -9999 -9999 -9999 -9999 -9999 -9999 66.37363 69.94 73.93 78.21 82.69 85.21 88.55 90.97 91.99 92.92 93.02 93.44 93.5 94.69 91.47 89.69 89.98 90.26 94.81 99.56 98.44 98.08 96.6 95.48 97.55 100.68 101.96 104.08 107.13 109.14 111.31 112.72 113.75 114.51 115 115.66 116 116 116 116 116 115.41 114.97 114.57 114.22 113.84 113.4 113 112.62 111.94 110.99 109.84 108.64 107.13 105.91 104.88 103.42 102.14 101.64 100.99 100.75 100.73 100.98 101.89 102.87 103.12
-9999 -9999 -9999 -9999 -9999 -9999 -9999 -9999 65.73627 70.95 71.17 75.43 79.7 84.64 89.11 89.86 89.2 87.72 89.81 90.54 91.51 94.23 94.29 93.54 92.11 91.03 93.28 96.91 99.36 97.67 96.84 95.83 97.48 102.73 105.32 106.3 107.5 109.2 110.85 112.19 113.04 113.96 114.67 115.14 115.51 115.99 116 116.07 116.02 116 115.88 115.57 115.31 115.07 114.77 114.42 114.01 113.71 113.51 112.7 111.69 110.39 108.71 107.27 105.51 104.56 103.46 102.7 102.18 102.11 102.17 102.6 102.32 102.84 103.71
-9999 -9999 -9999 -9999 -9999 -9999 -9999 68.4127 70.36 71.31 73.58 77.4 81.87 86.43 86.26 82.51 81.06 83.93 87.53 91 92.93 94.4 95.56 94.12 98.35 95.48 96.16 98.37 98.21 98.09 97.92 98.03 99 104.78 106.65 107.85 109.11 110.27 111.42 112.5 113.33 114 114.64 115.04 115.75 116 116.01 116.05 116.32 116.31 116 116.02 115.99 115.84 115.44 115.19 114.99 114.75 114.6 114.27 112.94 111.21 109.41 108.01 106.79 105.65 104.55 103.65 103.14 102.86 102.74 102.96 103.48 103.46 103.93
-9999 -9999 -9999 -9999 -9999 -9999 -9999 69.38333 70.09 72.88 76.54 80.81 83.9 85.59 80.37 85.03 87.83 91.01 90.1 86.43 86.39 90.21 92.84 96.45 101.14 99.1 98.61 100.97 100.77 100.81 102.02 102.34 101.27 106.52 107.9 108.41 109.08 110.58 111.61 112.56 113.29 114 114.61 115 115.51 116 116 116.18 116.52 116.59 116.34 116.44 116.32 116.02 116.01 115.89 115.68 115.62 115.19 114.66 113.29 111.75 110.29 108.87 107.59 106.58 105.48 104.68 104.07 103.73 103.71 104.3 104.52 105.08 104.82
-9999 -9999 -9999 -9999 -9999 -9999 -9999 70.12122 72.32954 75.9 78.91 81.65 85.16 88.07 88.75 90.86 92.09 86.94 82.7 83.69 84.19 86.44 94.82 97.53 102.29 100.78 98.77 101.94 103.04 102.24 103.49 105.09 106.06 108.76 108.97 109.91 110.15 110.68 111.24 111.86 112.95 113.81 114.67 115 115.51 115.98 116 116.05 116.3 116.32 116.71 116.93 116.9 116.71 116.63 116.41 116.05 116 115.32 114.35 113.32 111.99 110.54 109.32 108.08 107.01 106.02 105.17 104.89 104.23 104 104.48 104.95 105.26 106.04
-9999 -9999 -9999 -9999 -9999 -9999 -9999 -9999 74.41 77.27 79.5 82.85 86.1 88.76 89.9 86.13 84.03 81.8 87.56 84.89 86.61 88.21 92.79 98.73 103.71 101.99 99.63 103.38 104.2 105.1 104.61 104.13 107.59 109.4 109.16 110.37 110.7 110.94 111.79 112.65 113.03 113.81 114.49 115 115.27 115.94 116 116.06 116.63 117 116.98 116.99 117 117 117 116.76 116.15 115.85 114.91 113.99 113.07 111.72 110.47 109.27 108.09 106.99 106 105.23 104.96 104.42 104.09 104.21 104.87 105.1 105.89
-9999 -9999 -9999 -9999 -9999 -9999 -9999 -9999 75.3 77.92857 81.21 84.51 87.06 89.75 91.3 91.61 91.87 94.37 90.7 87.26 87.46 93.19 99.52 103.19 102.55 100.05 103.11 105.26 106.37 105.75 104.42 102.57 107.32 108.38 109.63 110.57 110.41 110.78 111.59 112.52 113.12 113.94 114.33 114.98 115 115.54 115.99 116.02 116.65 117 117 117 117 117 116.94 116.63 116.05 115.4 114.74 113.71 112.59 111.39 110.29 109 107.93 106.93 105.77 105.01 104.75 104.33 104.01 104.27 104.93 105.13 105.97
-9999 -9999 -9999 -9999 -9999 -9999 -9999 -9999 76.56579 79.5 82.53 85.45 88 90.82 93.47 94.71 95.47 89.23 88.59 91.93 97.57 99.18 102.98 104.52 98.05 103.45 105.87 107.05 107.49 106.66 105.08 104.98 106.27 108.63 109.63 110.27 110.72 111.02 111.52 112.36 113.02 113.72 114.12 114.82 115 115.41 115.96 116.31 116.9 117 117 117 117 117 116.85 116.12 115.76 114.99 114.14 113.08 111.92 110.83 109.55 108.44 107.23 106.56 105.62 105.09 104.84 104.38 104.25 104.49 104.9 105.33 105.93
-9999 -9999 -9999 -9999 -9999 -9999 -9999 -9999 -9999 80.67 83.38 86.27 89.2 91.69 94.3 96.35 95.11 96.84 98.48 99.39 102.76 96.79 99.6 95.91 99.94 105.73 107.5 107.9 107.58 106.7 106.31 107.26 107.84 109.27 109.93 110.28 110.39 110.86 111.73 112.31 113 113.65 114.06 114.79 115 115.1 115.97 116.22 116.8 117 117 117 116.99 116.64 116.12 115.7 115.01 114.39 113.44 112.5 111.28 110.31 109.09 108.04 106.95 106.11 105.73 105.02 104.93 104.7 104.93 105.01 105.59 105.69 105.99
-9999 -9999 -9999 -9999 -9999 -9999 -9999 -9999 -9999 81.53 84.65 87.52 90.28 92.75 95.08 97.02 97.37 98.53 103.27 101.74 95.08 94.89 96.23 100.72 104.61 104.92 105.4 107.98 107.47 105.14 102.92 107.34 108.51 109.12 109.46 110 110.13 110.61 111.75 112.06 112.83 113.67 114.05 114.89 115.04 115.57 116.05 116.58 116.84 117 117 116.97 116.62 116 115.93 115.14 114.6 113.71 112.82 111.73 110.62 109.43 108.35 107.27 106.39 105.65 105.02 105 105.22 105.19 105.22 104.98 105.24 105.85 106.27
-9999 -9999 -9999 -9999 -9999 -9999 -9999 -9999 -9999 82.33334 85.45 88.26 90.94 93.47 95.58 97.86 98.21 100.63 103.81 101.12 88.33 100.95 100.16 101.82 105.68 107.96 107.76 107.21 106.51 107.03 106.06 107.67 107.73 107.05 107.12 108.38 109.67 110.73 111.23 111.87 112.6 113.36 114.09 114.92 115.38 116.02 116.58 116.98 117 117 117 116.96 116.34 116 115.46 114.82 114 113.09 112.09 110.94 109.73 108.59 107.5 106.5 105.62 104.93 104.29 104.48 104.8 104.54 104.49 104.82 105.08 105.9 106.79
-9999 -9999 -9999 -9999 -9999 -9999 -9999 -9999 -9999 83.34177 86.49 89.3 91.42 93.4 95.79 98.31 100.26 102.34 99.42 95.55 104.16 108.33 103.48 107.44 103.74 107.15 103.9 104.22 107.08 107.54 107.04 107.81 106.93 106.05 107.1 108.61 109.81 110.12 110.78 111.6 112.3 113.21 114.05 114.88 115.69 116.1 116.95 117.02 117.05 117.01 117 116.91 116.08 115.75 115 114.2 113.43 112.46 111.38 110.24 108.99 107.76 106.69 105.61 104.73 104.05 103.76 103.57 103.86 103.77 104.07 105.07 106.19 106.94 107.67
-9999 -9999 -9999 -9999 -9999 -9999 -9999 -9999 -9999 84.20755 87.2 90.06 92.2 94.05 96.29 98.23 100.5 98.31 97.87 98.08 107.11 108.34 106.82 108.17 107.25 105.49 101.75 102.18 106.75 106.47 105.06 106.15 105.37 106.13 106.82 107.92 108.16 109.08 110.27 111.4 112.41 113.15 114.04 114.8 115.77 116.68 117.08 117.12 117.33 117.09 116.99 116.58 115.99 115.35 114.72 113.86 112.84 111.74 110.63 109.49 108.23 106.98 105.81 104.78 103.89 103.18 103.01 103.01 103.27 103.8 104.07 105.69 107.47 108.07 108.24
-9999 -9999 -9999 -9999 -9999 -9999 -9999 -9999 -9999 -9999 87.32258 90 92.18 94.21 96.06 98.27 99.78 100.76 102.56 101.43 105.88 105.9 105.21 105.5 105.42 105.59 105.62 105.63 107.12 104.65 104.28 105.64 105.78 105.64 105.4 106.45 107.6 108.38 109.42 110.63 112.09 113.32 114.33 115.4 116.45 117.19 117.83 117.93 117.81 117.17 116.97 116.45 115.85 115 114.19 113.35 112.29 111.15 109.97 108.71 107.52 106.19 104.87 103.79 102.86 102.38 102.76 103.01 103.32 104.45 106.08 107.17 107.34 107.02 107.88
-9999 -9999 -9999 -9999 -9999 -9999 -9999 -9999 -9999 -9999 86.33334 89.22 91.62 93.81 95.95 96.81 93.16 96.24 90.08 92.66 100.86 98.54 100.48 98.88 97.97 99.05 102.44 102.81 105.93 105.4 105.47 105.61 105.92 104.9 104.83 105.77 106.62 107.84 108.81 110.18 111.5 112.8 114.2 115.48 116.77 117.81 118.12 118.05 117.82 117.12 116.9 116.12 115.44 114.66 113.81 112.78 111.83 110.63 109.37 108.08 106.79 105.35 104.14 102.78 101.91 101.99 102.78 105.19 105.59 105.91 104.19 104.67 106.97 106.38 105.75
