layers/wordclim/current/bio_06.asc
ncols         166
nrows         93
xllcorner     -9.4959440078468
yllcorner     36.000324005443
cellsize      0.083333337679505
NODATA_value  -9999
[rows 35 to 69 of 93, columns 0 to 77 of 166]
-9999 -9999 -9999 -9999 -9999 -9999 -9999 -9999 -9999 -9999 59.62922 54.83 47.58 33.08 36.07 30.67 30.69 37.04 33.61 28.56 24.86 23.15 22.61 20.66 19.92 16.42 21.12 24.8 22.98 23.64 18.57 15.29 15.94 15.28 11.3 8.93 7.87 8.26 6.3 5.12 3.46 1.02 -0.17 -1.97 -3.98 -5.66 -5.55 -1.39 -1.97 -2.61 -3.48 -5.84 -8.75 -10.95 -10.49 -7.95 -9.76 -7.87 -9.99 -12.16 -14.1 -13.23 -12.5 -17.93 -32.59 -33.28 -40.79 -32.73 -13.6 -2.47 0.76 6.09 4.26 -0.45 -0.45 2.23 5.06 -0.26
-9999 -9999 -9999 -9999 -9999 -9999 -9999 -9999 -9999 62.89189 60.94565 56.67 52.06 46.91 36.97 37.38 34.11 36.34 31.95 30.06 31.29 30.52 29.34 26.35 25.19 25.79 25.54 23.58 20.28 19.68 19.13 14.99 15.17 14.69 13.97 9.06 8.11 8.89 6.66 4.17 2.19 1.19 -1.77 -4.85 -6.58 -3.25 -0.99 -1.56 -3.06 -4.99 -7.22 -10.6 -16.04 -16.21 -18.09 -19.36 -19.18 -15.31 -16.77 -17.61 -23.44 -22.12 -24.43 -24.77 -19.97 -10.84 -8.92 -2.95 -0.56 -2.97 5.25 10.21 6.38 3.62 2.15 6.48 3.67 -6.65
-9999 -9999 -9999 -9999 -9999 -9999 -9999 -9999 -9999 63.52703 60.52577 58.77 56.2 48.83 40.44 30.5 26.95 36.6 37.51 36.85 35.26 32.31 29.23 30.63 32.13 29.39 26.23 16.54 17.22 18.33 16.44 15.5 14.67 16.38 16.96 15.5 11.68 7.18 4.62 1.62 -0.79 -3.86 -2.66 -1.37 -1.85 -1.75 -2.22 -3.66 -6.49 -11.02 -15.83 -18.7 -24.59 -25.02 -23.43 -20.4 -16.13 -15.35 -18.68 -22.21 -25.04 -26.61 -24.56 -27.34 -10.94 -0.27 -4.21 -1.71 7.07 9.03 11.61 12.46 7.78 7.57 5.92 9.32 0.01 -3.48
-9999 -9999 -9999 -9999 -9999 -9999 -9999 -9999 -9999 63.41 60.61 59.57 57.64 52.61 40.37 29.19 42.82 42.69 42.26 38.84 38.34 36.74 36.31 31.7 18.15 14.15 17.55 16.65 17.08 17.41 17.8 14.4 15.66 17.74 16.77 16.15 13.54 4.35 -1.52 -9.88 -3.39 -2.45 1.86 2.23 -1.76 -3.84 -2.41 -6.25 -11.21 -12.82 -14.41 -22.17 -31.56 -22.65 -18.98 -20.54 -24.38 -24.75 -21.48 -13.56 -16.57 -10.25 -9.96 -12.27 -1.59 2.23 7.53 10.1 13.15 10.63 12.12 12.15 10.1 10.76 10.96 3.26 -1.66 1.07
-9999 -9999 -9999 -9999 -9999 -9999 -9999 -9999 65.70968 63.37 60.92 58.61 58.1 51.36 44.7 45.14 46.04 46.45 44.08 42.63 38.98 35.85 22.3 6.43 11.98 17.32 22.48 17.51 19.09 19.96 17.89 14.64 17.78 17.09 12.82 12.16 11.21 6.32 3.7 3.22 3.18 14.49 12.53 5.35 3.32 -4.88 -6.19 -5.27 -6.7 -12.46 -24.69 -35.3 -36.67 -34.24 -36.33 -30.33 -18.67 -11.78 -5.47 -5.05 -0.28 4.02 0.5 1.38 7.03 11.06 13.77 10.97 14.06 12.91 11.91 13.7 13.85 11.59 4.38 -0.36 0.75 -1.03
-9999 -9999 -9999 -9999 -9999 -9999 -9999 -9999 66.07692 63.64 61.09 58.12 57.77 50.16 49.23 52.1 49.97 47.79 44.76 40.16 37.04 22.7 -6.03 5.9 24.78 31.86 31.38 23.55 19.61 19.29 15.48 14.41 13.69 13.2 12.52 10.74 2.56 6.36 7.54 18.09 21.73 18.52 9.18 5.25 -5.94 -25.99 -21.74 -7.93 -12.85 -27.86 -32.97 -33.83 -34.5 -26.22 -25.61 -18.68 -14.11 -17.56 -20.63 -14.76 3.86 7.34 8.78 11.66 15.93 13.95 14.37 12.58 13.47 15.89 13.62 13.52 13.59 7.73 2.29 0.99 3.33 -0.39
-9999 -9999 -9999 -9999 -9999 -9999 -9999 -9999 65.83 63.32 60.4 59.43 58.4 51.11 50.4 53.11 49.84 47.69 44.97 38.84 34.12 26.07 4.92 8.92 34.06 36.55 33 29.73 23.73 16.74 13.49 8.47 11.21 12.43 8.15 13.35 15.66 20.47 21.98 24.24 27.22 20.16 14.61 7.13 -22.1 -35.91 -19.84 -16.32 -25.31 -34.54 -44.63 -39.97 -32.27 -16.47 -21.68 -19.94 -1.67 9.38 4.99 1.18 2.49 6.29 13.49 18 15.4 13.29 15.03 13.67 13.41 15.44 15.6 15.81 12.11 5.72 4.19 5 1.84 1.64
-9999 -9999 -9999 -9999 -9999 -9999 -9999 66.38356 65.95 66.16 64.32 62.93 60.13 53.8 52.77 50.45 49.64 45.33 35.68 26.29 22.24 33.07 36.37 37.6 38.06 36.11 36.66 34.6 30.52 26.59 30.71 31.07 16.61 25.07 28.72 30.32 30.94 25.72 29.79 30.67 30.73 29.68 11.95 -11.22 0.3 -14.51 -36.97 -36.07 -33.16 -7.58 -19.52 -13.56 4.25 13.82 8.29 19.32 15.52 11.45 6.36 3.91 11.95 18.03 18.59 15.2 12.48 13.08 15.63 12.68 14.1 14.2 15.11 15.24 12.79 9.27 7 4.54 5.38 8.34
-9999 -9999 -9999 -9999 -9999 -9999 -9999 -9999 69.09091 66.78 65.2 63.3 56.83 54.51 54.71 45.44 38.64 34.83 33.88 29.36 32.28 38.78 36.44 34.69 35.94 38.22 41.56 39.8 37.44 38.14 39.31 36.94 33.74 36.09 39.03 37.08 33.21 30.7 33.23 32.7 31.61 25.28 11 9.69 -2.98 8.44 10.16 11.51 17.39 27.13 26.39 25.36 22.67 19.22 17.65 14.93 6.16 2.43 14.44 18.43 19.74 17.82 15.11 12.78 12.98 15.22 13.77 14.2 15.3 12.65 16.26 15.29 10.63 5.43 6.1 8.96 11.28 7.92
-9999 -9999 -9999 -9999 -9999 -9999 -9999 70.76 67.96 67.32 66.36 58.36 53.82 53.63 40.57 32.84 37.29 40.86 39.79 41.3 43.23 34.86 39.15 34.57 42.25 44.77 43.52 43.08 39.75 36.95 36.81 41.17 41.7 43.44 41.86 38.98 37.65 37.92 38.71 37.95 33.67 28.34 24.63 21.76 20.89 28.59 30.05 32.48 31.83 30.76 29.28 26.57 24.75 23.41 21.24 16.55 17.76 20.88 21.09 20.05 18.95 17.29 15.03 14.24 15.38 16.69 14.82 17.23 15.03 16.11 17.44 15.08 13.51 12.16 12.2 9.78 5.26 2.77
-9999 -9999 -9999 -9999 -9999 -9999 -9999 71.23 67.71 66.95 65.3 55.19 55.21 52.74 44.42 45.43 47.9 45.4 40.04 38.87 37.92 41.13 48.56 46.38 45.75 47.24 46.52 46.51 44.43 43.2 43.59 43.84 40.58 42.76 42.38 41.68 41.25 41.42 40.07 35.21 31.33 31.34 34.78 36.14 35.8 35.54 34.05 33.22 32.59 30.95 29.15 27.82 26.49 24.14 21.7 23.07 22.26 21.81 20.96 17.87 14.93 14.48 15.38 16.94 17.47 16.12 16.72 18.56 17.98 15.96 11.76 8.11 6.01 5.31 5.06 2.8 1.09 0.43
-9999 -9999 -9999 -9999 -9999 -9999 74.55556 73.71 68.31 65.44 64.63 58.56 58.32 53.81 52.83 53.05 48.66 43.14 39.59 34.72 43.87 50.3 52.09 49.64 48.12 49.03 52.47 51.07 49.27 45.75 45.36 45.05 44.58 42.69 42.74 41.37 39.6 38.74 34.83 30.3 32.49 34.46 37.47 37.7 36.57 35.43 33.67 30.09 31.34 30.18 27.58 24.42 25.86 24.15 24.7 21.88 17.15 18.25 19.55 20.77 19.6 18.06 17.65 18.45 16.29 15.31 16.44 16.66 15.54 14.37 11.09 8.02 6.49 5.9 4.57 3.32 2.44 2.14
-9999 -9999 -9999 -9999 -9999 -9999 74.19388 73.59 70.2 64.98 60.51 60.18 61.7 56.7 57.15 56.02 54.51 51.02 44.88 43.5 51.11 53.58 52.63 51.06 53 55.49 53.66 52.49 49.02 48.72 47.21 45.77 45.26 45.2 44.36 41.39 39.28 36.44 37.12 38.19 37.18 37.39 34.96 34.11 33.13 34.48 30.52 27.74 30.19 27.63 26.21 24.85 26.7 22.91 22.08 19.96 15.4 15.03 15.51 14.26 14.49 18.05 14.31 10.31 9.47 7.93 7.43 9.15 10.72 10.85 11.47 10.61 8.28 7.29 5.48 4.59 4.71 2.78
-9999 -9999 -9999 -9999 -9999 75.01786 72.77 71.37 70.46 64.54 62.52 64.62 65.38 61.77 57.07 59.18 55.14 54.43 52.46 54.67 57.55 56.09 57.04 57.23 55.6 53.42 52.77 52.6 49.93 49.17 49.64 47.94 44.28 42.59 41.93 43.35 44.65 41.78 38.84 36.24 35.39 35.2 32.49 29.83 25.66 22.72 22.45 23.49 20.88 18.36 19.39 21.12 19.09 17.75 10.97 11.62 10.1 9.42 7.51 8.89 8.28 10.1 7.49 4.46 6.6 4.33 4.56 5.36 6.12 6.84 8.2 8.22 8.46 6.53 6.72 5.84 4.83 3.55
-9999 -9999 -9999 -9999 -9999 76.45122 75.58 70.79 65.93 57.5 62.86 65.21 66.83 66.54 61.88 61.79 57.91 55 55.05 58.5 60.21 60.43 60.62 57.8 55.9 55.28 54.84 51.71 51.76 50.65 48.09 46.02 43.51 41.42 39.54 40.97 41.82 41.74 40.35 38.68 36.99 36.52 33.77 31.27 28.61 25.13 21.22 17.21 15.02 8.1 12.38 10.39 14.92 15.54 3.84 3.35 0.92 1.5 0.26 1.12 0.87 5.13 4.6 1.41 0.48 1.72 1.43 2.39 4.46 4.87 6.78 6.65 7.02 6.16 8.05 7.28 6.26 5.35
-9999 -9999 -9999 -9999 -9999 77.26263 75.02 62.77 57.91 58.99 60.25 70.03 70.43 69.59 65.53 63.42 62.51 61.4 61.28 60.88 62.07 59.55 59.05 57.05 57.14 55.13 53.55 50.2 48.76 49.58 49.91 47.5 44.99 43.68 41.82 40.67 40.11 41.99 40.09 39.47 38.82 36.49 33.62 30.36 27.54 23.7 22.27 19.67 6.52 4.94 2.02 10.07 9.41 13.46 10.8 4.37 2.25 1.22 -7.52 0.89 -6.95 -4.51 -3.73 -2.77 -3.29 -2.72 -0.78 3.61 4.83 5.26 5.94 6.62 6.62 7.81 8.35 8.17 7.47 6.52
-9999 -9999 -9999 82.02381 81.62 77.14 70.43 64.46 65.82 70.69 72.34 73.59 73.33 70.69 70.34 70.05 68.76 67.85 64.08 62.48 60.32 59.63 58.59 57.31 54.87 54.34 53 50.9 47.44 46.71 47.83 47.02 46.12 45.45 43.79 42.12 40.3 37.98 38.19 37.14 37.44 35.56 33.08 29 25.49 15.05 17.92 17 7.74 1.34 12.7 16.59 17.48 15.07 18.13 15.78 14.86 10.66 5.22 6.39 2.34 3.36 4.35 4.69 -4.28 -9.35 -5.85 -0.97 2.12 2.4 5.03 6.48 7.15 8.74 9.12 7.9 5.58 6.95
-9999 -9999 83.54688 83.16279 80.18 77.11 72.8 75.74 75.21 73.89 75.72 76.22 73.74 68.85 68.18 67.75 67.58 64.87 63.58 63.25 62.6 60.98 59.44 57.67 53.1 49.04 48.43 47.81 46.95 45.7 44.05 42.97 43.96 40.93 40.95 41.85 41.13 39.46 37.78 35.87 35.2 32.92 30.45 28.72 26.94 18.79 14.99 15.9 17.65 17.45 18.62 23.35 20.18 21.9 21.28 20.9 17.54 13.53 9.44 3.9 1.34 -0.68 4.72 1.68 -1.14 -1.38 -4.11 -1.33 1.05 -0.07 -1.56 4.01 7.81 9.21 9.98 9.51 8.23 9.06
-9999 -9999 81.69 80.34 79.32 77.58 76.88 78.19 77 76.64 77.85 76.61 72.41 70.46 68.64 67.55 67.11 66.85 66.24 64.98 64.86 63.13 61.7 59.66 56.33 47.63 46 49.35 49.84 47.16 45.35 45.54 44.89 41.71 41.74 40.16 38.27 39.51 36.84 33.68 32.92 32.04 29.64 31.05 32.73 29.29 30.79 28.68 27.51 22.02 22.37 26.18 24.65 24.32 16.11 18.07 17.06 12.56 12.24 9.77 8.56 10.71 10.62 6.45 0.03 0.18 2 0.83 -1.81 -0.8 -3.97 4.34 8.47 9.73 10.21 10.35 10.13 9.98
-9999 -9999 81.85 80.17 78.59 71.18 77.93 77.96 77.93 79.11 78.81 75.23 73.19 71.96 70.41 68.82 68.88 69.09 66.68 65.91 65.88 64.03 61.3 59.93 58.25 55.41 52.16 50.19 49.88 48.25 44.96 45.86 44.35 42.49 41.06 38.82 37.66 36.97 35.48 34.15 28.4 30.96 35.88 34.84 35.15 33.64 33.41 31.22 31.55 29.21 25.45 24.66 25.44 23.87 18.97 13.02 14.38 14.4 14.84 10.92 4.95 8.19 12.25 10.79 3.31 2.7 4.83 7.16 7.01 4.08 7.15 10.27 10.21 10.08 10.04 10 9.98 9.84
-9999 82.32813 81.76 78.82 74.18 77.06 80.09 78.87 80.57 80.33685 78.28 76.14 73.82 72.02 70.94 70.14 71.08 68.98 67.54 67.43 66.26 64.52 62.65 59.6 58.09 56 54.35 51.45 49.81 48.87 46.07 45.97 43.55 42.59 41.17 40.3 40.38 39.35 36.39 36.32 36.43 39.21 38.21 38.05 37.81 35.72 34.91 34.1 32.95 30.83 27.59 26.68 22.7 20.23 19.05 15.31 10.44 14.36 14.58 8.45 5.11 6.71 8.15 9.52 5.62 4.32 7.58 9.29 10.13 10.74 10.7 10.8 10.67 10.86 10.99 10.75 9.99 9.48
-9999 80.09 78.94 75.84 73.2 75.81 82.39362 82.27778 82 80.14 77.77 76.38 74.38 73.85 73.4 72.02 71.22 69.58 68.26 66.95 66.29 64.76 62.82 61.17 58.61 55.81 54.09 52.29 48.8 47.1 47.27 45.8 45.04 44.29 42.96 42.48 41.96 41.49 39.5 37.19 37.94 40.22 39.75 39.06 37.92 36.62 35.14 30.72 28.63 30.87 28.16 25.73 25.87 22.43 19.92 16.63 13.08 11.43 13.49 14.07 13.3 6.37 7.61 11.71 7.1 9.6 9.34 9.44 10.28 10.92 11.04 11.05 11.16 11.01 10.39 9.63 8.85 7.21
-9999 75.62245 71.99 71.46 70.09 75.87629 82.82278 83.07 81.97 80.13 79.18 78.18 77.73 75.87 74.15 73.09 71.9 71.05 69.32 66 64.21 62.36 60.83 59.35 57.2 54.35 50.73 48.91 49.33 47.74 46.66 45.48 44.87 44.25 43.56 43.45 42.94 42.4 40.43 39.41 41.34 40.83 39.71 38.14 36.63 35.68 34.38 32.91 31.16 28.23 27.29 28.49 23.83 15.53 18.21 15.7 15.51 15.95 15.71 10.93 13.57 12.67 10.62 12.05 9.05 10.54 9.02 9.27 10.78 11.1 11.24 11.42 11.12 11.01 9.85 6.89 4.9 2.26
-9999 72.51 69.83 71.76 78.22 81.43333 84.16049 83.47 81.76 80.18 78.28 76.95 75.85 74.06 74.28 72.52 70.8 69.37 67.89 65.65 64.22 62.01 57.27 55.14 54.36 53.13 48.55 47.74 49.47 48.64 45.86 44.1 43.72 44.27 43.75 43.3 42.35 41.08 40.94 41.2 39.83 38.4 37.78 34.96 34.08 32.61 30.87 32.45 30.19 28.53 26.56 26.71 26.99 21.31 23 20.19 17.17 15.04 10.98 9.71 12.98 13.57 9.38 10.35 12.21 11.37 11.31 11.17 10.03 10.15 10.04 6.91 8.85 11.42 10.03 7.81 5.83 4.25
72.28395 70.09 70.44 74.9 81.96809 -9999 -9999 83.14 81.21 80.13 78.78 76.84 75.2 73.16 72.07 70.21 67.86 66.49 65.76 63.55 62.46 60.28 58.3 53.67 51.04 53.3 52.67 51.75 50.88 47.88 44.87 43.09 42.65 42.34 41.99 41.13 39.24 38.41 39.8 37.35 35.66 33.83 32.85 32.75 27.85 30.58 29.47 31.15 28.28 26.12 23.31 22.52 22.6 27.36 21.84 20.7 20.44 20.84 14.77 13.71 10.65 11.87 12.38 10.87 9.82 9.28 6.04 8.52 11.41 11.73 12.17 11.04 11.1 11.17 8.16 7.76 7.61 5.82
78.18 76.78873 77.66216 79.53247 82.71111 85 84.11236 83.33 81.84 79.77 77.46 76.26 74.96 73.48 70.61 67.54 64.75 63.29 62.93 62.02 60.64 59.86 55.69 54.5 54.66 52.59 54.99 53.16 49.36 46.88 44.19 42.72 42 41.56 40.59 40.38 38.73 37.09 37.82 38.71 35.33 31.61 29.46 30.33 29.5 28.53 28.86 26.22 24.77 20.9 21.42 22.1 25.2 26.34 24.94 25.71 24.68 21.51 19.54 17.74 12.98 9.15 9.96 11.2 11.43 8.79 5.1 7.31 13.95 13.06 11.2 12.42 12.09 11.61 9.77 8.18 7.54 6.39
-9999 -9999 -9999 81.74324 83.50649 84.21429 83.01 82.49 82.03 80.3 78.51 76.95 74.71 70.83 67.44 65.9 63.33 61.71 61.48 62.75 61.88 61.14 59.35 56.67 56.12 56.43 54.59 52.81 48.47 44.79 41.68 40.22 40.34 39.53 38.78 38.61 37.04 35.51 35.45 36.29 33.23 30.71 27.57 26.44 29.01 25.15 24.85 21.22 22.56 24.57 25.81 26.09 26.02 25.17 20.14 24.4 21.72 17.26 17.46 15.54 13.94 11.23 10.24 11.05 10.1 10.31 12.95 14.62 9.68 14.91 11.2 11.93 11.8 12.38 9.44 5.97 6.48 6.31
-9999 -9999 -9999 -9999 82.46 81.61 79.32323 81.92941 82.78022 81.34066 78.22 77.43 75.25 70.45 68.42 66.42 63.09 63 63.67 62.71 62.23 61.33 59.41 56.5 55 55.75 55.79 52.36 48.58 43.84 40.87 37.58 33.66 34.49 31.96 36.06 35.45 32.65 32.64 33.29 34.25 27.15 26.62 26.76 27.95 22.38 19.56 21.66 22.49 25.68 24.51 23.39 22.41 23.37 22.75 23.48 23.63 22.66 18.28 10.02 6.42 9.81 11.59 12.66 17.75 16.4 13.99 15.62 16.46 13.49 12.94 11.8 10.15 9.52 9.04 8.33 8.58 9.94
-9999 -9999 -9999 -9999 79.12346 77.04285 -9999 83.17647 -9999 81.73077 79.7 77.65 75.87 74.42 70.79 68.27 67.31 65.66 64.08 62.39 62.08 61.59 58.87 57.44 56.38 56.9 56.16 52.7 49.19 45.58 41.31 36.98 30.89 29 28.36 30.97 34.18 29.53 29.7 30.31 32.35 30.94 28.14 25.15 25.13 22.44 22.27 23.5 22.26 21.34 22.99 21.49 20.74 22.43 20.47 19.47 19.43 19.7 20.42 19.66 15.13 6 6.66 7.61 9.43 18.23 22.68 14.76 8.41 4.28 3.13 11.52 11.98 12.91 13.7 14.35 12.08 9.91
-9999 -9999 -9999 -9999 -9999 -9999 -9999 -9999 82.375 80.53061 79.17895 79.05 76.71 73.8 72.85 67.59 66.34 65.19 62.73 59.05 59.48 59.31 59.36 58.21 58.5 58.12 55.32 53.06 50.06 45.41 42.74 37.07 33.47 38.78 35.55 33.71 30.69 29.64 28.24 26.8 28.26 28.75 25.53 26.39 24.31 23.76 23.82 22.4 21.05 21.38 20.55 18.38 18.91 19.49 19.1 17.64 17.04 17.78 16.75 16.91 19.18 18.39 20.06 15.56 14.72 15.02 26.85 18.2 18.21 16.15 11.14 14.48 14.91 19.44 22.12 21.15 17.69 17.17
-9999 -9999 -9999 -9999 -9999 -9999 -9999 -9999 -9999 79.41 77.2 75.94 76.27 74.86 74.14 70.41 67.33 63.86 61.51 60.69 57.94 54.59 56.54 58.57 58.59 58.29 55.83 54.11 51.07 48.28 44.09 40.66 41.56 40.99 38.33 36.84 33.52 30.69 27.56 25.55 24.57 24.94 24.35 24.12 23.79 23.18 24.26 21.81 21.08 23.17 22.49 21.94 17.65 14.15 18.98 19.89 16.92 17.5 16.82 17.04 15.69 16.07 17.12 25.01 20.13 23.31 29.27 27.93 27.09 28.92 27.73 27.13 30.86 31.77 29.03 22.56 20.6 23.15
-9999 -9999 -9999 -9999 -9999 -9999 -9999 -9999 -9999 77.56 73.89 75.9 74.44 73.64 73.73 71.45 69.2 66.29 63.13 59.5 58.47 56.97 57.39 58.43 58.96 57.32 56.12 53.68 52.06 50.48 48.43 43.24 38.56 31.62 31.17 33.34 33.8 30.4 27.14 28.99 27.02 23.82 22.19 23.35 25.3 26.5 28.72 26.08 21.35 19.11 18.06 20.72 22.3 21.27 17.9 21.33 23.42 21.39 18.97 21.48 21.09 23.11 19.16 29.29 27.26 29.03 34.23 28.86 37.6 39.33 38.25 36.36 39.22 33.6 26.21 23.94 25.58 27.02
-9999 -9999 -9999 -9999 -9999 -9999 -9999 -9999 81.34615 75.48 68.61 73.19 74.28 74.84 72.52 71.31 68.52 65.63 62.13 61.26 61.22 61.48 62.06 60.1 58.04 57.49 56.94 55.5 52.86 49.9 47.17 43.87 38.43 33.5 32.04 27.52 27.04 27.67 24.11 24.67 29.65 30.94 26.98 21.54 23.13 24.34 27.65 29.09 29.06 26.06 24.24 19.99 18.13 20.55 25.79 24.46 26.53 29.22 26.47 28.41 36.97 35.87 34.55 37.38 36.9 38.53 37.78 42.54 43.85 44.49 40.36 44.85 41.99 35.92 36.07 34.37 28.16 22.73
-9999 -9999 -9999 -9999 -9999 -9999 -9999 -9999 80.86813 74.33 70.7 71.02 73.39 73.61 72.36 70.28 66.82 62.04 60.39 58.23 59.97 59.73 61.9 59.07 56.95 54.39 54.87 53.6 48.52 44.05 40.02 40.6 42.67 35.04 28.89 27.98 26.79 20.38 21.13 25.2 27.07 31.66 33.2 29.7 24.29 20.32 22.73 27.33 31.7 34.79 30.41 28.98 22.64 21.38 23.43 25.74 26.45 35.74 36.26 38.61 43.73 44.3 45.37 47.48 48.41 49.33 49.39 49.19 48.19 46.69 46.59 40.97 30.84 25.2 25.16 29.95 35.27 28.84
-9999 -9999 -9999 -9999 -9999 -9999 -9999 81.76923 80.03226 73.54 73.53 74.16 74.15 74.1 72.25 69.81 66.04 64.06 61.32 58.36 58.68 61.84 61.24 58.64 57.25 55.68 54.76 55.35 52.3 50.22 45.9 38.04 36.57 34.8 33.21 36.94 37.72 32.06 29.03 32.53 28.58 25.5 33.76 27.98 24.3 26.81 20.8 21.92 27.16 29.82 34.47 34.41 28.49 29.93 32.03 30.42 31.96 40.18 45.83 45.94 48.52 45.39 47.31 46.72 45.16 47.92 49.42 48.43 50.69 49.84 48.65 44.37 40.64 41.5 40.42 40.07 36.43 29.44
