layers/wordclim/current/bio_18.asc
ncols         166
nrows         93
xllcorner     -9.4959440078468
yllcorner     36.000324005443
cellsize      0.083333337679505
NODATA_value  -9999
[rows 0 to 34 of 93, columns 77 to 153 of 166]
-9999 -9999 -9999 -9999 -9999 -9999 -9999 -9999 -9999 -9999 -9999 -9999 -9999 -9999 -9999 -9999 -9999 -9999 -9999 -9999 -9999 -9999 -9999 -9999 -9999 -9999 -9999 -9999 -9999 -9999 -9999 -9999 -9999 -9999 -9999 -9999 -9999 -9999 -9999 -9999 -9999 -9999 -9999 -9999 -9999 -9999 -9999 -9999 -9999 -9999 -9999 -9999 -9999 -9999 -9999 -9999 -9999 -9999 -9999 -9999 -9999 -9999 -9999 -9999 -9999 -9999 -9999 -9999 -9999 -9999 -9999 -9999 -9999 -9999 -9999 -9999 -9999
-9999 -9999 -9999 -9999 -9999 -9999 -9999 -9999 -9999 -9999 -9999 -9999 -9999 -9999 -9999 -9999 -9999 -9999 -9999 -9999 -9999 -9999 -9999 -9999 -9999 -9999 -9999 -9999 -9999 -9999 -9999 -9999 -9999 -9999 -9999 -9999 -9999 -9999 -9999 -9999 -9999 -9999 -9999 -9999 -9999 -9999 -9999 -9999 -9999 -9999 -9999 -9999 -9999 -9999 -9999 -9999 -9999 -9999 -9999 -9999 -9999 -9999 -9999 -9999 -9999 -9999 -9999 -9999 -9999 -9999 -9999 -9999 -9999 -9999 -9999 -9999 -9999
-9999 -9999 -9999 -9999 -9999 -9999 -9999 -9999 -9999 -9999 -9999 -9999 -9999 -9999 -9999 -9999 -9999 -9999 -9999 -9999 -9999 -9999 -9999 -9999 -9999 -9999 -9999 -9999 -9999 -9999 -9999 -9999 -9999 -9999 -9999 -9999 -9999 -9999 -9999 -9999 -9999 -9999 -9999 -9999 -9999 -9999 -9999 -9999 -9999 -9999 -9999 -9999 -9999 -9999 -9999 -9999 -9999 -9999 -9999 -9999 -9999 -9999 -9999 -9999 -9999 -9999 -9999 -9999 -9999 -9999 -9999 -9999 -9999 -9999 -9999 -9999 -9999
-9999 -9999 -9999 -9999 -9999 -9999 -9999 -9999 -9999 -9999 -9999 -9999 -9999 -9999 -9999 -9999 -9999 -9999 -9999 -9999 -9999 -9999 -9999 -9999 -9999 -9999 -9999 -9999 -9999 -9999 -9999 -9999 -9999 -9999 -9999 -9999 -9999 -9999 -9999 -9999 -9999 -9999 -9999 -9999 -9999 -9999 -9999 -9999 -9999 -9999 -9999 -9999 -9999 -9999 -9999 -9999 -9999 -9999 -9999 -9999 -9999 -9999 -9999 -9999 -9999 -9999 -9999 -9999 -9999 -9999 -9999 -9999 -9999 -9999 -9999 -9999 -9999
-9999 226.8965 230.2 234.14 234.8372 237.1667 238.1455 -9999 -9999 -9999 -9999 -9999 -9999 -9999 -9999 -9999 -9999 -9999 -9999 -9999 -9999 -9999 -9999 -9999 -9999 -9999 -9999 -9999 -9999 -9999 -9999 -9999 -9999 -9999 -9999 -9999 -9999 -9999 -9999 -9999 -9999 -9999 -9999 -9999 -9999 -9999 -9999 -9999 -9999 -9999 -9999 -9999 -9999 -9999 -9999 -9999 -9999 -9999 -9999 -9999 -9999 -9999 -9999 -9999 -9999 -9999 -9999 -9999 -9999 -9999 -9999 -9999 -9999 -9999 -9999 -9999 -9999
217 217.7879 221.57 223.2 225.04 228.89 233.26 235.0303 237.8219 238.55 244.0984 247.623 253.9167 255.5417 261.01 264.95 263.3919 -9999 -9999 -9999 -9999 -9999 -9999 -9999 -9999 -9999 -9999 -9999 -9999 -9999 -9999 -9999 -9999 -9999 -9999 -9999 -9999 -9999 -9999 -9999 -9999 -9999 -9999 -9999 -9999 -9999 -9999 -9999 -9999 -9999 -9999 -9999 -9999 -9999 -9999 -9999 -9999 -9999 -9999 -9999 -9999 -9999 -9999 -9999 -9999 -9999 -9999 -9999 -9999 -9999 -9999 -9999 -9999 -9999 -9999 -9999 -9999
207.52 210.68 210.85 212.48 215.24 219.75 223.05 225.91 229.87 233.33 240.37 244.49 246.08 249.52 251.57 250.46 251.03 250.14 248.16 246.03 -9999 -9999 -9999 -9999 -9999 -9999 -9999 -9999 -9999 -9999 -9999 -9999 -9999 -9999 -9999 -9999 -9999 -9999 -9999 -9999 -9999 -9999 -9999 -9999 -9999 -9999 -9999 -9999 -9999 -9999 -9999 -9999 -9999 -9999 -9999 -9999 -9999 -9999 -9999 -9999 -9999 -9999 -9999 -9999 -9999 -9999 -9999 -9999 -9999 -9999 -9999 -9999 -9999 -9999 -9999 -9999 -9999
196.85 198.76 200.57 202.28 206.88 207.8 209.95 213.01 217.44 221.72 225.37 228.14 231.12 234.12 235.02 235.4 235.13 234.75 233.74 234.7945 -9999 -9999 -9999 -9999 -9999 -9999 -9999 -9999 -9999 -9999 -9999 -9999 -9999 -9999 -9999 -9999 -9999 -9999 -9999 -9999 -9999 -9999 -9999 -9999 -9999 -9999 -9999 -9999 -9999 -9999 -9999 -9999 -9999 -9999 -9999 -9999 -9999 -9999 -9999 -9999 -9999 -9999 -9999 -9999 -9999 -9999 -9999 -9999 -9999 -9999 -9999 -9999 -9999 -9999 -9999 -9999 -9999
185.89 187.54 193.54 202 196.75 198.83 197.21 199.02 204.31 205.87 207.77 212.89 218.9 218.19 221.44 221.81 221.89 223.44 226.8 226.1 -9999 227.8929 226.25 -9999 -9999 -9999 -9999 -9999 -9999 -9999 -9999 -9999 -9999 -9999 -9999 -9999 -9999 -9999 -9999 -9999 -9999 -9999 -9999 -9999 -9999 -9999 -9999 -9999 -9999 -9999 -9999 -9999 -9999 -9999 -9999 -9999 -9999 -9999 -9999 -9999 -9999 -9999 -9999 -9999 -9999 -9999 -9999 -9999 -9999 -9999 -9999 -9999 -9999 -9999 -9999 -9999 -9999
180.03 180.5 180.62 184.48 183 184.38 189.28 192.84 200.76 197.64 196.46 200.78 208.04 208.02 206.46 206.22 206.64 206.6 210 211.39 214.4 215.53 216.42 218.89 224.5806 226.7869 230.94 250.0862 -9999 -9999 -9999 -9999 -9999 -9999 -9999 -9999 -9999 -9999 -9999 -9999 -9999 -9999 -9999 -9999 -9999 -9999 -9999 -9999 -9999 -9999 -9999 -9999 -9999 -9999 -9999 -9999 -9999 -9999 -9999 -9999 -9999 -9999 -9999 -9999 -9999 -9999 -9999 -9999 -9999 -9999 -9999 -9999 -9999 -9999 -9999 -9999 -9999
170.38 172.89 173.2 169.69 168.5 169.68 171.68 174.31 176.86 185.62 186.76 189.83 192.54 200.81 193.46 188.44 189.74 192.08 194.32 197.95 199.09 202.06 210.59 203.02 211.09 212.44 221.01 244.68 252.4737 -9999 -9999 -9999 -9999 -9999 -9999 -9999 -9999 -9999 -9999 -9999 -9999 -9999 -9999 -9999 -9999 -9999 -9999 -9999 -9999 -9999 -9999 -9999 -9999 -9999 -9999 -9999 -9999 -9999 -9999 -9999 -9999 -9999 -9999 -9999 -9999 -9999 -9999 -9999 -9999 -9999 -9999 -9999 -9999 -9999 -9999 -9999 -9999
154.34 158.7 156.63 157.75 161.33 163.64 168.46 168.71 176.2 179.59 177.8 178.3 187.62 184.51 181.88 174.43 172.61 173.04 178.53 178.88 179.2 184.88 187.2 188.3 190.81 191.74 206.4 221.03 234.37 260.7312 255.9702 271.6795 262.3977 289.7374 303.5821 -9999 -9999 -9999 -9999 -9999 -9999 -9999 -9999 -9999 -9999 268.33 285.29 304.8718 310.9455 -9999 -9999 -9999 -9999 -9999 -9999 -9999 -9999 -9999 -9999 -9999 -9999 -9999 -9999 -9999 -9999 -9999 -9999 -9999 -9999 -9999 -9999 -9999 -9999 -9999 -9999 -9999 -9999
142.75 142.8 143.76 147.46 148.26 150.33 158.31 155.45 155.74 158.67 161.01 160.82 156.99 156.25 160.76 160.48 165.5 166.62 172.16 172.63 168.29 164.65 171.15 176.35 180.78 178.48 185.41 189.21 193.71 214.72 229.32 272.87 257.5 238.64 285.22 270.3696 -9999 -9999 -9999 280.2222 -9999 306.5555 -9999 -9999 -9999 279.9388 274.59 285.95 295.44 304.07 291.5 305.4286 303.9243 -9999 -9999 -9999 -9999 -9999 -9999 -9999 -9999 -9999 -9999 -9999 -9999 -9999 -9999 -9999 -9999 -9999 -9999 -9999 -9999 -9999 -9999 -9999 -9999
137.57 135.92 134.23 140.28 147.7 150.98 145.92 145.57 146.47 144.8 137.45 140.42 144.54 142.49 142.69 144.49 151 154.73 164.99 164.7 159.15 154.05 160.86 166.76 161.21 161.85 160.03 170.79 180.58 184.92 191.39 211.71 220.02 210.31 238.53 230.54 259.23 274.24 258.71 248.74 279.86 283.5 305.6 276.91 321.45 310.84 301.59 305.42 308.11 294.51 271.39 286.48 286.98 309.6701 -9999 -9999 -9999 -9999 -9999 -9999 -9999 -9999 -9999 -9999 -9999 -9999 -9999 -9999 -9999 -9999 -9999 -9999 -9999 -9999 -9999 -9999 -9999
126.37 124.69 124.08 122.66 122.51 122.56 120.82 122.35 123.1 120.99 120.32 124.09 126.17 128.89 129.89 131.88 136.92 141.2 149.05 144.96 140.89 141.86 143.12 152.12 157.51 166.36 158.4 155.04 167.5 168.29 179.21 176.52 175.53 199.93 220 211.45 222.81 221.08 203.77 223.83 270.25 265.1 254.94 276.24 285.96 279.2 284.24 293.31 310.67 306.5 269.89 262.33 271.45 292.02 -9999 -9999 -9999 -9999 -9999 -9999 -9999 -9999 -9999 -9999 -9999 -9999 -9999 -9999 -9999 -9999 -9999 -9999 -9999 -9999 -9999 -9999 -9999
121.13 119.36 119.3 117.05 113.5 114.07 110.61 107.97 107.35 105.93 109.15 112.89 115.43 117.83 121.12 121.83 125.33 125.76 132.02 134.04 132.83 142.15 147.94 152.61 153.31 162.55 164.36 154.79 156.65 155.73 163.86 159.9 161.61 185.98 200.41 207.13 186.11 190.49 175.89 208.21 227.88 236.66 243.48 255.81 254.71 255.46 266.77 289.63 287.11 283.92 262.34 267.04 274.61 276.15 -9999 -9999 300.1746 297.0842 283.5843 253.0556 243.6176 -9999 -9999 -9999 -9999 -9999 -9999 -9999 -9999 -9999 -9999 153.1964 164.4853 149.9434 -9999 -9999 -9999
129.29 123.31 120.32 111.2 113.21 124.01 114.18 110.41 107.98 107.54 106.67 106.45 106.3 108.79 112.58 112.82 114.12 115.41 117.15 118.99 119.81 124.69 135.88 139.48 145.67 150.85 155.08 147.11 142.49 156.2 157.13 158.97 168.69 172.12 184.09 194.61 198.95 179.73 164.69 169.7 187.84 212.03 228.1 243.83 248.6 249.43 253.07 256.06 254.31 257.27 252.21 271.15 259.96 244.9 239.17 250.99 254.18 249.28 244.18 244.46 254.8493 -9999 279.5625 278.32 257.01 243.0353 -9999 -9999 -9999 193.2979 157.43 129.54 124.27 124.02 128.7191 -9999 -9999
129.23 142.15 130.97 116.03 128.11 136.14 126.82 128.36 132.78 122.66 127.57 112.09 103.4 103.51 104.02 104.93 105.9 108.37 110.64 110.93 111.55 115.87 117.89 123.32 128.64 131.52 135.44 126.81 126.21 134.19 151.47 166.92 173.25 178.24 196.58 188.74 186.06 176.38 157.89 156.23 188.77 186.27 216.4 212.3 234.16 227.35 239.98 248.45 237.01 236.47 254.4 258.16 249.67 229.84 243.54 258.96 268.15 267.21 254.33 256.43 257.28 249.94 241.4 243.51 240.64 226.69 216.88 210.18 204.86 189.66 159.06 136.89 120.9 116.79 123.2247 131.4624 -9999
146.29 152.01 134.75 130.05 135.57 124.77 134.27 127.07 138.69 126.06 123.19 113.44 107.95 105.98 100.17 98.25 98.02 101.06 101.38 102.63 104.13 105.21 106.8 108.53 112.07 117.28 119.76 114.48 110.83 110.06 109.56 113.18 119.08 131.58 131.46 136.35 153.2 155.13 161.41 149.47 169.89 161.32 179.91 201.23 215.25 205.23 229.77 216.18 204.44 235.69 251.31 242.19 224.77 228.68 249.44 259 258.28 252.36 246.74 231.36 238.3 234.15 229.58 225.75 227.83 225 208.46 199.94 181.73 167.08 151.77 138.37 129.4 122 -9999 -9999 -9999
129.95 123.99 129.31 143.41 138.06 133.82 141.52 148.1 141.2 132.01 131.52 124.87 118.49 114.71 100.53 95.99 95.52 94.7 96.59 100.47 100.29 95.38 95.54 99.36 99.14 103.54 104.92 102.16 100.83 101.5 101.31 98.95 98.76 103.71 108.22 112.3 121.96 126.02 133.85 132.16 152.08 158.12 183.05 189.39 199.49 189.26 212.39 182.6 190.78 202.5 228.32 232.3 214.23 228.72 237.66 241.93 229.87 234.24 243.51 219.93 224.04 224.91 225.85 224.48 228.27 227.34 218.97 218.14 197.78 177.48 155.96 145.12 138.58 131.9 125.8657 -9999 -9999
138.81 142 152.81 149.13 151.82 152.6 151.56 142.8 134.03 138.78 133.04 126.98 113.27 105.32 101.34 96.94 91.46 89.2 90.49 92.17 96.32 97.08 87.84 93.17 100.67 104.09 100.82 94.64 95.31 93.59 94.39 92.38 92.46 96.1 100.43 103.85 110.12 113.39 115.93 119.52 153.8 166.73 174.96 167.59 180.93 198.6 206.07 183.87 214.2 212.55 207.66 198.3 186.29 199.57 208.38 211.83 215.94 219.62 212.51 202.02 212.66 216.78 221.38 219.32 219.01 223.21 223.42 214.44 195.95 186.29 160.8 149.73 142.75 132.84 128.5918 -9999 -9999
113.11 122.01 136.56 131.64 142.83 134.61 135.88 131.7 138.68 140.32 131.93 126.69 113.46 109.41 106.26 104.44 92.8 89.16 85.68 81.63 83.14 83.54 81.41 86.5 97.54 106.59 98.57 88.65 89.38 92.23 90.71 87.78 87.95 91.48 95.06 97.53 103.96 104.97 107.71 112.25 124.92 138.96 156.4 160.73 160.72 181.74 174.78 172.39 194.07 172.68 168.41 173.87 181.07 192.57 204.79 200.57 193.13 195.38 199.62 191.2 202.32 205.59 214.25 214.64 210.78 217.31 218.04 213.11 185.22 167.79 156.51 163.25 153.51 138.36 131.74 130.4792 -9999
111.52 113.94 115.02 115.83 115.5 118.15 121.39 120.16 122.5 129.26 132.34 125.47 122.21 124.74 114.41 106.38 98.18 103.02 88.61 80.06 80.01 75.68 75.51 85.63 93.89 93.53 90.11 84.03 85.8 89.65 93.07 87.24 86.03 86.26 88.95 92.9 101.57 100.39 99.81 106.23 112.36 120.16 127.65 132.93 144.3 152.38 152.62 147.48 152.46 149.55 159.57 158.97 165.39 180.08 190.25 197.53 188.88 179.33 184.73 179.14 186.34 198.4 213.7 209.87 211.1 216.16 217.23 212.6 193.58 161.23 158.39 158.96 160.79 148.34 136.2603 -9999 -9999
104.23 107.89 110.79 112.81 115.5 116.35 114.66 115.07 118.49 122.52 124.71 124.74 126.14 128.22 150.72 141.14 108.92 99.42 90.35 81.98 80.46 72.76 70.39 71.33 77.24 83.91 81.28 79.51 83.22 86.52 93.81 91.07 86.49 85.32 85.82 89.59 93.02 93.17 94.92 102.54 102.79 104.98 109.1 118.25 119.71 123.55 123.62 127.46 133.51 139.71 145.6 155.09 162.71 168.79 175.38 187.12 190.03 180.82 168.8 168.51 174.51 194.19 205.07 206.39 210.5 215.87 214.36 194.47 176.61 159.23 162.19 163.09 154.9688 -9999 -9999 -9999 -9999
98.25 101.63 103.21 107.28 112.78 111.19 113.04 112.31 111.16 114.11 117.39 118.15 123.46 132.63 140.34 145.51 133.24 113.87 105.33 89.92 78.02 72.42 68.67 66.33 69.46 74.14 76.18 76.13 82.07 85.9 91.05 95.04 94.33 89.9 86.03 86.15 88 89 90.43 95.55 96.04 98.49 107.42 113.9 109.46 111.02 114.03 118.64 123.3 130.52 138.94 148.44 160 172.16 178.94 179.31 178.91 172.46 161.17 163.01 181.49 191.36 195.88 192.73 193.17 195.21 185.02 176.03 173.89 159.8163 159.069 155.75 -9999 -9999 -9999 -9999 -9999
92.68 95.42 98.39 100.79 101.5 104.46 109.17 109.93 107.05 109.06 113.58 115.66 120.52 124.43 127.27 122.1 116.4 104.56 101.81 94.61 78.06 73.91 74.78 79.82 74.66 74.48 73.92 73.03 75.38 78.96 79.49 82.45 89.77 94.39 91.73 91.75 96.76 92.78 90.81 90.22 91.32 96.59 100.2 100.87 101.06 105.51 110.1 115.45 121.11 129.51 138.94 151.57 161.35 169.26 170.31 164.58 165.71 168.17 170.91 160.03 179.97 179.04 173.65 167.65 167.49 174.06 182.12 177.7879 171.9605 -9999 -9999 -9999 -9999 -9999 -9999 -9999 -9999
88.41 92.37 93.33 94.08 98.34 101.38 104.26 104.05 108.74 112.57 111.61 111.63 117.81 115.98 116.39 114.64 116.39 99.54 91.72 90.3 79.07 73.41 80.15 90.72 82.52 82.55 81.42 76.81 74.46 73.02 75.01 77.63 80.83 84.5 88.57 86.97 88.39 91.06 90.56 93.47 90.34 90.91 91.18 93.19 98.41 104.19 109.01 114.85 124.43 135.93 146.92 158.97 167.48 168.47 167.62 159.86 156.47 158.71 157.67 153.7 158.2 159.66 156.79 155.02 164.1 166.8936 -9999 -9999 -9999 -9999 -9999 -9999 -9999 -9999 -9999 -9999 -9999
90.33 91.13 91.89 94.5 96.27 96.4 97.56 102.07 108.49 110.26 103.38 105.86 108.07 109.32 106.24 101.83 105.7 108.82 89.79 87.73 80.41 80.42 85.32 86.12 86.4 92.61 89.3 83.77 78.57 75.19 72.81 74.12 78.47 83.06 84.79 85.39 86.19 85.98 86.56 89.6 93.53 84.35 88.27 94.14 100.39 108.78 116.96 126.1 132.85 142.44 145.59 146.87 156.83 161.04 167.97 165.95 158.12 150.92 149.9 151.43 150.45 151.94 154.77 153.1064 -9999 -9999 -9999 -9999 -9999 -9999 -9999 -9999 -9999 -9999 -9999 -9999 -9999
100.46 101.32 96.87 96.14 100.86 101.94 101.82 101.82 103.86 101.29 96.2 98.8 102.52 102.26 103.61 94.33 96.25 90.39 104.31 107.55 107.04 93.86 89.15 93.07 91.66 98.3 89.73 81.17 78.05 74.4 74.12 73.36 76.13 81.26 83.41 84.94 86.02 85.53 82.61 87.48 86.26 88.96 94.42 100.06 108.39 120.1 128.96 137.85 146.27 145.93 143.38 137.4 143.29 147.3 160.12 155.6 148.33 148.19 151.54 158.98 153.2 149.3 150.3936 -9999 -9999 -9999 -9999 -9999 -9999 -9999 -9999 -9999 -9999 -9999 -9999 -9999 -9999
103.04 101.17 99.28 99.3 99.45 102.21 103.3 105.35 102.44 95.47 93.51 92.64 93.12 92.73 95.9 94.89 93.44 92.78 102.09 112.23 114.16 109.66 100.6 102.22 101.96 100.31 93.49 85.7 81.38 78.36 76.43 75.25 73.82 74.9 75.62 76.71 76.87 77.75 81.29 87.46 89.63 89.85 93.26 92.77 101.59 116.26 136.99 145.36 154.01 161.85 146.12 133.32 135.68 139.73 144.89 143.62 144.12 147.09 147.1 153.9286 151.5679 147.3382 -9999 -9999 -9999 -9999 -9999 -9999 -9999 -9999 -9999 -9999 -9999 -9999 -9999 -9999 -9999
102.45 92.73 94.85 92.64 92.33 102.19 103.46 105.05 101.3 97.14 95.66 98.9 103.54 103.66 100.87 98.28 106.36 105.87 103.07 110.92 114.04 114.86 116.02 113.94 108.16 102.06 95.59 92.22 87.62 81.54 78.07 76.29 76.23 77.53 77.59 77.28 78.27 80.43 84.86 85.2 86.13 89.69 97.48 96.3 105.43 115.82 121.04 129.63 137.95 134.53 133.58 132.82 135.14 137.18 139.5816 138.9494 141.7273 -9999 -9999 -9999 -9999 -9999 -9999 -9999 -9999 -9999 -9999 -9999 -9999 -9999 -9999 -9999 -9999 -9999 -9999 -9999 -9999
94.64 92.16 91.21 88.17 89.32 98.24 101.75 103.65 107.2 110.61 114.56 115.96 113.02 111.23 111.35 110.05 114.91 117.92 115.89 107.4 113.42 116.8 122.24 121.96 114.31 108.14 102.03 102.5 105.82 93.28 83.67 83.8 82.61 81.97 82.18 86.01 82.53 85.45 90.06 90.19 98.61 103.45 110.69 108.46 110.07 114.11 121.41 132.08 128.47 130.8 132.62 132.9877 -9999 -9999 -9999 -9999 -9999 -9999 -9999 -9999 -9999 -9999 -9999 -9999 -9999 -9999 -9999 -9999 -9999 -9999 -9999 -9999 -9999 -9999 -9999 -9999 -9999
80.81 80.74 82.87 84.02 90.02 94.74 99.99 103.91 105.68 112.76 118.65 118.78 114.89 121.95 120.88 118.83 116.8 118.1 121.51 123.8 111.97 121.3 126.99 137.1 128.28 115.26 108.46 105.11 102.2 96.43 92.93 94.51 90.32 87.6 85.76 86.11 91.49 95.7 98.14 100.21 106.55 110.57 113.85 112.33 112.62 119.55 127.3 128.74 128.2113 -9999 -9999 -9999 -9999 -9999 -9999 -9999 -9999 -9999 -9999 -9999 -9999 -9999 -9999 -9999 -9999 -9999 -9999 -9999 -9999 -9999 -9999 -9999 -9999 -9999 -9999 -9999 -9999
74.48 72.68 77.02 81.35 88.55 94.57 97.42 99.48 103 106 111.88 117.6 120.58 120.58 118.24 117.03 118.22 119.87 116.8 119.11 121.16 116.18 125.26 136.98 138.56 128.18 119.78 110.96 99.48 99.32 100.63 103.81 98.08 92.95 88.98 91.26 100.42 103.31 103.47 110.59 112.64 117.82 112.96 116.49 120.18 121.14 126.27 128.18 -9999 -9999 -9999 -9999 -9999 -9999 -9999 -9999 -9999 -9999 -9999 -9999 -9999 -9999 -9999 -9999 -9999 -9999 -9999 -9999 -9999 -9999 -9999 -9999 -9999 -9999 -9999 -9999 -9999
69.02 74.81 81.83 85.56 86.48 89.64 93.88 98.74 102.54 99.16 106.72 109.88 118.05 112.93 116.67 120.92 121.4 122.55 120.09 120.98 118.23 116.94 124.58 128.37 132.76 124.76 124.2 118.73 112.15 109.54 112.78 107.52 104.94 99.83 94.49 105.47 111.82 112.39 112.34 117.57 124.69 124.71 116.2 118.34 124.25 123.7071 -9999 -9999 -9999 -9999 -9999 -9999 -9999 -9999 -9999 -9999 -9999 -9999 -9999 -9999 -9999 -9999 -9999 -9999 -9999 -9999 -9999 -9999 -9999 -9999 -9999 -9999 -9999 -9999 -9999 -9999 -9999
