layers/wordclim/current/bio_19.asc
ncols         166
nrows         93
xllcorner     -9.4959440078468
yllcorner     36.000324005443
cellsize      0.083333337679505
NODATA_value  -9999
[rows 33 to 65 of 93, columns 74 to 147 of 166]
123.91 122 119.14 115.67 110.84 113.05 115.18 120.29 124.07 123.66 122.04 121.97 120.86 122.65 123.96 122.13 116.48 108.57 101.6 97.29 93.64 85.11 82.31 80.26 72.1 80.79 94.92 96.74 86.27 80.11 75.88 71.12 73.36 76.65 81.13 80.42 80.09 80.28 84.33 92.55 96.42 98.33 104.81 107.67 114.65 104.97 113.23 121.05 126.11 126.07 120.64 -9999 -9999 -9999 -9999 -9999 -9999 -9999 -9999 -9999 -9999 -9999 -9999 -9999 -9999 -9999 -9999 -9999 -9999 -9999 -9999 -9999 -9999 -9999
121 116.4 110.41 111.3 115.13 119.98 121.35 119.36 119.74 120.87 122.33 122.51 114.38 117.8 116.25 119.76 108.62 106.91 105.87 100.69 95.91 87.65 83.14 75.27 69.95 78.45 82.94 88.89 81.54 83 80.48 78.42 79.17 84.33 83.86 85.42 84.88 84.44 93.98 101.02 102.02 104.22 110.61 120.11 122.3 100.87 105.05 130.31 115.2222 -9999 -9999 -9999 -9999 -9999 -9999 -9999 -9999 -9999 -9999 -9999 -9999 -9999 -9999 -9999 -9999 -9999 -9999 -9999 -9999 -9999 -9999 -9999 -9999 -9999
119.95 112.99 106.04 110.07 118.84 119.83 118.92 114.62 114.52 121.47 121.03 115.99 115.98 116.93 113.91 112.91 111.13 108.41 103.22 104.8 102.65 93.23 80.02 72.57 75 91.5 93.36 90.77 91.1 93.36 91.16 94.96 98.52 95.42 94.45 92.78 86.29 91.96 95.26 104.99 106.82 116 125.14 137.31 120.17 99.16 100.71 104.1 97.47887 -9999 -9999 -9999 -9999 -9999 -9999 -9999 -9999 -9999 -9999 -9999 -9999 -9999 -9999 -9999 -9999 -9999 -9999 -9999 -9999 -9999 -9999 -9999 -9999 -9999
119.28 109.22 108.82 120.2 119.01 118.25 122.34 112.42 107.17 107.81 110.67 117.2 127.2 128.54 128.24 120.15 117.78 118.71 113.36 113.66 106.02 103.47 84.85 73.3 80.12 95.79 89.19 89.7 94.81 99.52 99.76 95.73 100.12 97.94 96.62 91.74 93.64 97.17 105.7 116.1 121.13 131.72 127.21 125.75 111.26 101.44 98.87 96.27835 97.43011 98.51163 101.087 -9999 -9999 -9999 -9999 -9999 -9999 -9999 -9999 -9999 -9999 -9999 -9999 -9999 -9999 -9999 -9999 -9999 -9999 -9999 -9999 -9999 -9999 -9999
118.24 108.5 115.74 117.49 115.09 121.11 122.49 110.83 114.35 118.76 123.09 122.35 124.49 127.88 129.63 127.79 124.28 122.34 123.24 128.54 114.1 111.01 97.54 80.41 72.65 89.35 86.72 81.83 85.95 98.48 99.39 104.81 110.15 109.61 114.84 102.42 100.5 100.64 108.26 118.17 120.3 119.91 115.78 112.28 104.47 104.38 111.1596 -9999 -9999 -9999 -9999 -9999 -9999 -9999 -9999 -9999 -9999 -9999 -9999 -9999 -9999 -9999 -9999 -9999 -9999 -9999 -9999 -9999 -9999 -9999 -9999 -9999 -9999 -9999
117.69 119.4 120.87 113.69 118.3 121.49 117.41 109.11 116.56 116.27 116.61 112.97 113.9 117.91 123.22 126.91 138.06 133.1 135.01 138.22 125.78 115.04 104.74 85.93 71.97 78.22 85.03 76.05 88.69 114.38 102.96 110.22 119.99 124.07 133.14 114.7 110.68 108.17 112.53 119.7 116.76 114.79 110.13 110.54 100.3 99.57 -9999 -9999 -9999 -9999 -9999 -9999 -9999 -9999 -9999 -9999 -9999 -9999 -9999 -9999 -9999 -9999 -9999 -9999 -9999 -9999 -9999 -9999 -9999 -9999 -9999 -9999 -9999 -9999
126.04 125.57 120.2 118.65 121.29 118.48 111.52 108.9 110.47 106.39 107.74 108.08 116.61 118.94 125.5 130.03 134.23 138.93 135.91 139.22 131.67 116.6 101.3 88.4 75.24 75 80.92 75.61 101.77 110.52 114.22 124.97 143.6 142.1 134.94 131.81 118.55 117.5 118.29 118.88 110.85 109.06 110.2 110.48 103.01 97.24 -9999 -9999 -9999 -9999 -9999 -9999 -9999 -9999 -9999 -9999 -9999 -9999 -9999 -9999 -9999 -9999 -9999 -9999 -9999 -9999 -9999 -9999 -9999 -9999 -9999 -9999 -9999 -9999
129.15 125.86 119.54 120.12 116.73 109.65 111.48 108.43 117.15 118.86 110.56 115.64 114.98 117.05 118.88 129.38 131.09 135.83 138.54 137.23 124.96 109.72 104.08 98.06 80.56 71.29 66.9 78.55 100.16 103.03 111.54 125.5 149.47 148.71 136.9 126.52 115.15 106.73 109.51 108.48 108.29 106.48 112.38 111.23 109.0361 -9999 -9999 -9999 -9999 -9999 -9999 -9999 -9999 -9999 -9999 -9999 -9999 -9999 -9999 -9999 -9999 -9999 -9999 -9999 -9999 -9999 -9999 -9999 -9999 -9999 -9999 -9999 -9999 -9999
128.2 123.42 122.46 119.02 111.9 114.36 118.54 112.01 113.82 118.63 119.08 122.07 122.34 123.55 124.24 131.16 135.61 134.73 128.02 139.52 130.33 122.42 114.93 102.38 91.98 78.2 66.67 80.79 95.79 86.4 90.69 110.16 128.7 123.83 126.6 121.46 115.34 104.8 104.39 108.46 110.63 104.07 106.1 112.1707 -9999 -9999 -9999 -9999 -9999 -9999 -9999 -9999 -9999 -9999 -9999 -9999 -9999 -9999 -9999 -9999 -9999 -9999 -9999 -9999 -9999 -9999 -9999 -9999 -9999 -9999 -9999 -9999 -9999 -9999
125.86 124.19 120.09 114.13 113.42 122.18 122.14 117.31 124.11 121.59 121.16 121.96 126.3 131.05 123.34 131.26 129.33 127.72 132.51 129.71 126.76 113.99 122.43 96.79 89.11 75.27 78.34 96.98 95.03 82.31 81.96 90.28 98.97 108.4 104.67 111.47 111.3 99.45 97.39 102.4 104.77 105.41 101.6711 -9999 -9999 -9999 -9999 -9999 -9999 -9999 -9999 -9999 -9999 -9999 -9999 -9999 -9999 -9999 -9999 -9999 -9999 -9999 -9999 -9999 -9999 -9999 -9999 -9999 -9999 -9999 -9999 -9999 -9999 -9999
125.98 120.33 114.72 114.97 117.88 124 124.76 122.88 125.81 126.84 126.7 130.65 130.21 128.74 127.48 131.12 131.39 130.34 124.07 120.45 112.86 110.96 111.57 96.05 76.74 78.47 95.18 127.19 121.83 96.14 85.25 86.42 88.56 91.4 98 99.69 100.69 99.39 97.54 102.54 106.13 102.9318 -9999 -9999 -9999 -9999 -9999 -9999 -9999 -9999 -9999 -9999 -9999 -9999 -9999 -9999 -9999 -9999 -9999 -9999 -9999 -9999 -9999 -9999 -9999 -9999 -9999 -9999 -9999 -9999 -9999 -9999 -9999 -9999
118.95 118.95 120.6 120.67 121.16 123.83 125.01 124.95 126.07 129.54 129.17 133.64 130.47 125.61 128.28 128.14 128.57 120.34 115.88 116.34 107.06 106.26 111.25 97.63 80.58 88.64 107.91 129.45 119.99 101.97 96.86 92.34 96.22 92.21 93.98 94.27 94.75 94.07 97.39 101.27 101.9552 -9999 -9999 -9999 -9999 -9999 -9999 -9999 -9999 -9999 -9999 -9999 -9999 -9999 -9999 -9999 -9999 -9999 -9999 -9999 -9999 -9999 -9999 -9999 -9999 -9999 -9999 -9999 -9999 -9999 -9999 -9999 -9999 -9999
124.74 124.87 124.31 123.2 122.21 123.71 125.2 121.96 122.47 126.02 127.26 129 126.96 128.16 128.01 125.88 123.43 114.22 110.1 106.33 107.02 105.71 101.17 93.35 86.83 83.09 88.54 100.4 111.12 122.94 109.43 95.51 93.45 94.51 99.47 99.52 96.56 94.56 95.48 96.98969 -9999 -9999 -9999 -9999 -9999 -9999 -9999 -9999 -9999 -9999 -9999 -9999 -9999 -9999 -9999 -9999 -9999 -9999 -9999 -9999 -9999 -9999 -9999 -9999 -9999 -9999 -9999 -9999 -9999 -9999 -9999 -9999 -9999 -9999
124.3 123.8 122.82 121.27 121.58 122.94 122.54 122.02 122.43 122 124.99 124.4 121.47 127.08 127.84 126.19 122.26 113.43 111.79 103.02 106.8 109.41 100.17 91.98 92.79 89.22 83.08 87.56 94.02 104.14 110.16 98.54 93.99 92.56 95.39 103.11 104.15 99.58 97.36364 -9999 -9999 -9999 -9999 -9999 -9999 -9999 -9999 -9999 -9999 -9999 -9999 -9999 -9999 -9999 -9999 -9999 -9999 -9999 -9999 -9999 -9999 -9999 -9999 -9999 -9999 -9999 -9999 -9999 -9999 -9999 -9999 -9999 -9999 -9999
122.32 121.89 120.05 120.53 120.08 123.06 123.56 123.33 119.64 120.14 122.71 121.33 117.39 119.35 120.61 122.23 119.26 112.06 108.77 104.02 99.47 97.36 93.88 95.33 95.36 87.69 81.76 83.95 88.21 93.16 92.32 95.66 97.32 99.16 98.12 99.11 102.09 99.7 -9999 -9999 -9999 -9999 -9999 -9999 -9999 -9999 -9999 -9999 -9999 -9999 -9999 -9999 -9999 -9999 -9999 -9999 -9999 -9999 -9999 -9999 -9999 -9999 -9999 -9999 -9999 -9999 -9999 -9999 -9999 -9999 -9999 -9999 -9999 -9999
120.62 120.19 119.22 119.3 119.07 120.74 120.76 122.17 118.43 119.62 121.89 119.35 113.66 113.14 117.4 117.73 114.97 111.38 106.36 100.32 94.1 91.53 93.03 100.38 91.96 90.2 88.01 84.88 82.64 85.09 86.87 88.68 92.01 97.36 104.27 103.37 102.34 102.0395 -9999 -9999 -9999 -9999 -9999 -9999 -9999 -9999 -9999 -9999 -9999 -9999 -9999 -9999 -9999 -9999 -9999 -9999 -9999 -9999 -9999 -9999 -9999 -9999 -9999 -9999 -9999 -9999 -9999 -9999 -9999 -9999 -9999 -9999 -9999 -9999
118.75 118.58 118.78 117.92 120.01 122.03 118.13 117.62 119.34 115.71 118.54 116.9 112.6 110.37 109.33 110.18 108.71 106.51 104.89 102.97 95.86 90.29 94.19 94.67 89.8 92.57 98.94 96.75 89.99 86.12 87.31 89.59 92.88 97.07 101.19 104.24 104.4681 -9999 -9999 -9999 -9999 -9999 -9999 -9999 -9999 -9999 -9999 -9999 -9999 -9999 -9999 -9999 -9999 -9999 -9999 -9999 -9999 -9999 -9999 -9999 -9999 -9999 -9999 -9999 -9999 -9999 -9999 -9999 -9999 -9999 -9999 -9999 -9999 -9999
118.08 117.41 116.61 116.03 116.62 117.67 114.7 114.6 116.49 115.04 112.96 111.05 109.65 111.17 108.14 103.47 102.31 100.49 99.36 96.88 94.32 88.03 90.52 91.23 90.27 88.75 92 93.9 96.97 98.68 93.29 92.65 95.84 100.02 104.22 105.09 -9999 -9999 -9999 -9999 -9999 -9999 -9999 -9999 -9999 -9999 -9999 -9999 -9999 -9999 -9999 -9999 -9999 -9999 -9999 -9999 -9999 -9999 -9999 -9999 -9999 -9999 -9999 -9999 -9999 -9999 -9999 -9999 -9999 -9999 -9999 -9999 -9999 -9999
117.48 118 118.98 116.23 114.33 113.98 112.93 111.67 111.08 109.89 109.7 107.44 108.65 108.96 102.91 100.48 98.82 97.33 94.35 93.08 89.9 84.41 87.29 87.98 86.13 85.97 88.8 94.07 97.14 99.32 96.65 95.8 98.69 102.56 106.11 108.17 -9999 -9999 -9999 -9999 -9999 -9999 -9999 -9999 -9999 -9999 -9999 -9999 -9999 -9999 -9999 -9999 -9999 -9999 -9999 -9999 -9999 -9999 -9999 -9999 -9999 -9999 -9999 -9999 -9999 -9999 -9999 -9999 -9999 -9999 -9999 -9999 -9999 -9999
116.99 116.55 116.67 114.68 113.04 112.56 111.24 109.8 109.03 106.98 105.91 104.39 103.97 101.85 98.75 97.85 95.82 94.32 92.2 90.19 89.24 86.54 81.36 81.27 83.2 84.99 89.76 92.74 95.36 96.04 94.71 97.04 100.83 105.3 107.65 110.49 -9999 -9999 -9999 -9999 -9999 -9999 -9999 -9999 -9999 -9999 -9999 -9999 -9999 -9999 -9999 -9999 -9999 -9999 -9999 -9999 -9999 -9999 -9999 -9999 -9999 -9999 -9999 -9999 -9999 -9999 -9999 -9999 -9999 -9999 -9999 -9999 -9999 -9999
117.21 116.39 115.59 114.44 113.1 112.02 111.35 109.43 108.91 106.73 105.22 103.12 101.52 99.39 97.25 94.45 92.63 90.77 88.98 88.31 87.21 87.64 88.16 86.95 85.33 86.06 87.96 91.83 96.14 95.29 99.37 102.92 102.41 106.32 109.46 113.19 117.7302 -9999 -9999 -9999 -9999 -9999 -9999 -9999 -9999 -9999 -9999 -9999 -9999 -9999 -9999 -9999 -9999 -9999 -9999 -9999 -9999 -9999 -9999 -9999 -9999 -9999 -9999 -9999 -9999 -9999 -9999 -9999 -9999 -9999 -9999 -9999 -9999 -9999
118.99 117.88 116.76 115.29 114.1 112.59 112.09 111.52 110.38 108.48 106.58 102.94 99.97 97.26 95.12 92.03 90.05 87.98 86.33 85.85 85.85 85.26 85.68 88.26 90.74 93.53 91.85 89.24 100.83 103.96 100.42 101.23 104.48 105.06 109.79 115.65 121.6768 -9999 -9999 -9999 -9999 -9999 -9999 -9999 -9999 -9999 -9999 -9999 -9999 -9999 -9999 -9999 -9999 -9999 -9999 -9999 -9999 -9999 -9999 -9999 -9999 -9999 -9999 -9999 -9999 -9999 -9999 -9999 -9999 -9999 -9999 -9999 -9999 -9999
119.96 119.06 118.08 116.87 116.34 116.44 115.89 115.04 113.19 111.4 110.42 105.75 100.83 96.61 93.32 90.92 88.37 86.2 84.98 84.44 84.41 86.4 89.3 93.96 100.49 99.49 97.21 92.4 105.81 104.13 98.02 99.5 102.44 104.67 110.76 120.8 126.61 -9999 -9999 -9999 -9999 -9999 -9999 -9999 -9999 -9999 -9999 -9999 -9999 -9999 -9999 -9999 -9999 -9999 -9999 -9999 -9999 -9999 -9999 -9999 -9999 -9999 -9999 -9999 -9999 -9999 -9999 -9999 -9999 -9999 -9999 -9999 -9999 -9999
122.62 122.23 121.49 121 121.68 123.9 122.99 121.3 119.36 116.34 115.85 111.68 104.51 97.17 92.74 89.56 86.64 84.7 83.78 85.5 89.99 93 98.72 103.78 108.49 103.75 99.67 95.86 107.05 105.6 102.25 100.83 102.04 105.7 112.28 124.3 131.78 135.6049 -9999 -9999 -9999 -9999 -9999 -9999 -9999 -9999 -9999 -9999 -9999 -9999 -9999 -9999 -9999 -9999 -9999 -9999 -9999 -9999 -9999 -9999 -9999 -9999 -9999 -9999 -9999 -9999 -9999 -9999 -9999 -9999 -9999 -9999 -9999 -9999
125.82 127.45 127.53 128.26 127.72 124.34 124.48 124.23 124.09 123.32 122.32 116.5 107.28 98.64 93.28 89.66 86.37 84.14 85.14 92.33 97.48 98.66 103.74 103.72 100.44 99.8 99.66 103.35 112.33 107.96 104.28 102.77 103.77 108.4 114.96 125.82 134.7 139.35 146.625 -9999 -9999 -9999 -9999 -9999 -9999 -9999 -9999 -9999 -9999 -9999 -9999 -9999 -9999 -9999 -9999 -9999 -9999 -9999 -9999 -9999 -9999 -9999 -9999 -9999 -9999 -9999 -9999 -9999 -9999 -9999 -9999 -9999 -9999 -9999
128.47 129.32 129.5 128.52 129.87 128.71 125.51 125.41 123.96 122.99 122.12 118.55 110.19 102.59 95.98 91.61 87.63 87.25 88.59 91.35 94.85 97.51 99.49 99.29 98.77 98.76 97.62 99.99 106.46 105.66 101.99 106.43 108.56 108.63 115.41 126.06 135.19 142.8 151.46 161.5224 -9999 -9999 -9999 -9999 -9999 -9999 -9999 -9999 -9999 -9999 -9999 -9999 -9999 -9999 -9999 -9999 -9999 -9999 -9999 -9999 -9999 -9999 -9999 -9999 -9999 -9999 -9999 -9999 -9999 -9999 -9999 -9999 -9999 -9999
134.15 132.62 130.14 129.67 131.24 130.96 129.12 127.58 126.04 123.72 121.05 116.74 113.29 108.4 104.5 101.11 94.74 94.32 93.16 94.06 96.55 98.23 99.04 98.34 96.7 100.64 104.36 104.47 101.71 99.28 106.88 110.28 111.43 120.91 125.44 126.59 139.64 146.18 152.02 162.48 174.92 183.1237 -9999 -9999 -9999 -9999 -9999 -9999 -9999 -9999 -9999 -9999 -9999 -9999 -9999 -9999 -9999 -9999 -9999 -9999 -9999 -9999 -9999 -9999 -9999 -9999 -9999 -9999 -9999 -9999 -9999 -9999 -9999 -9999
136.52 135.34 133.46 132.14 131.63 131.72 132.31 129.17 123.83 121.76 124.31 126.57 127.37 124.89 121.91 112.56 102.54 96.44 97.27 94.98 94.79 94.57 94.74 99.37 96.19 96.03 98.64 100.44 94.96 101.5 108.21 114.75 124.67 129.17 126.96 130.93 146.56 147.62 152.92 158.37 168.17 176.6506 -9999 -9999 -9999 -9999 -9999 -9999 -9999 -9999 -9999 -9999 -9999 -9999 -9999 -9999 -9999 -9999 -9999 -9999 -9999 -9999 -9999 -9999 -9999 -9999 -9999 -9999 -9999 -9999 -9999 -9999 -9999 -9999
141.27 141.95 137.88 135.17 133.09 134.79 129.15 126.26 117.05 124.18 135.18 140.14 128.49 127.6 120.16 110.56 101.67 96.16 91.88 90.4 90.22 90.12 91.58 95.2 98.31 96.73 93.91 95.2 94.53 95.23 105.88 118.85 119.81 133.91 136.9 140.21 144.04 148.5 144.37 152.7763 -9999 -9999 -9999 -9999 -9999 -9999 -9999 -9999 -9999 -9999 -9999 -9999 -9999 -9999 -9999 -9999 -9999 -9999 -9999 -9999 -9999 -9999 -9999 -9999 -9999 -9999 -9999 -9999 -9999 -9999 -9999 -9999 -9999 -9999
146.27 143.69 139.52 134.39 136.66 130.34 122.08 120.04 125.18 142.86 145.43 143.23 129.9 116.65 109.97 102.22 94.56 91.68 90.5 87.05 84.14 85.44 89.19 90.27 94.2 95.97 91.77 96.05 101.93 95.18 100.82 121.1 115.02 118.89 115.23 128.34 120.52 126.9444 136.3016 -9999 -9999 -9999 -9999 -9999 -9999 -9999 -9999 -9999 -9999 -9999 -9999 -9999 -9999 -9999 -9999 -9999 -9999 -9999 -9999 -9999 -9999 -9999 -9999 -9999 -9999 -9999 -9999 -9999 -9999 -9999 -9999 -9999 -9999 -9999
146.02 141.25 139.86 137.86 132.89 124.54 121.68 125.31 128.64 130.38 138.31 137.75 120.72 111.18 103.95 95.99 95.6 89.99 84.58 82.5 82.91 86.06 90.01 88.39 88.56 92.95 102.17 98.78 96.25 93.77 91.38 104.02 99.52 95.05 93.7 102.2703 -9999 -9999 -9999 -9999 -9999 -9999 -9999 -9999 -9999 -9999 -9999 -9999 -9999 -9999 -9999 -9999 -9999 -9999 -9999 -9999 -9999 -9999 -9999 -9999 -9999 -9999 -9999 -9999 -9999 -9999 -9999 -9999 -9999 -9999 -9999 -9999 -9999 -9999
142.02 138.68 137.49 133.93 128.25 120.01 120.1 123.39 123.94 136.73 142.5 127.81 107.41 99.9 100.18 98.31 91.29 85.68 86.08 83.26 81.96 82.33 81.49 85.21 88.37 87.47 93.25 94.15 99.64 91.74 82.92 82.4 83 79.76 84.07692 -9999 -9999 -9999 -9999 -9999 -9999 -9999 -9999 -9999 -9999 -9999 -9999 -9999 -9999 -9999 -9999 -9999 -9999 -9999 -9999 -9999 -9999 -9999 -9999 -9999 -9999 -9999 -9999 -9999 -9999 -9999 -9999 -9999 -9999 -9999 -9999 -9999 -9999 -9999
139.63 141.24 138.43 131.13 121.04 130.14 138.7 126.71 146.34 153.6 135.53 130.28 118.34 118.57 120.41 118.6 106.16 95.98 84.56 80.83 81.61 79.7 77.53 81.65 85.47 95.34 93.64 90.16 92.26 89.86 80.26 75.41 75.37 75.72369 -9999 -9999 -9999 -9999 -9999 -9999 -9999 -9999 -9999 -9999 -9999 -9999 -9999 -9999 -9999 -9999 -9999 -9999 -9999 -9999 -9999 -9999 -9999 -9999 -9999 -9999 -9999 -9999 -9999 -9999 -9999 -9999 -9999 -9999 -9999 -9999 -9999 -9999 -9999 -9999
