layers/wordclim/current/bio_02.asc
ncols         166
nrows         93
xllcorner     -9.4959440078468
yllcorner     36.000324005443
cellsize      0.083333337679505
NODATA_value  -9999
[rows 33 to 65 of 93, columns 75 to 149 of 166]
105.31 105.72 106.24 106.55 108.06 109.51 110.96 112.06 112.85 113 113 112.99 112.74 112.02 111.16 110.26 109.14 107.71 106.3 104.68 102.76 101.15 99.56 97.84 97.58 97.41 96.87 96.01 95.91 95.99 96.65 96.64 96.52 96.3 96.95 97.61 98.36 98.36 97.63 97.88 98.36 97.85 98.07 97.03 98.63 96.8 94.72 92.78 89.91 87.66 -9999 -9999 -9999 -9999 -9999 -9999 -9999 -9999 -9999 -9999 -9999 -9999 -9999 -9999 -9999 -9999 -9999 -9999 -9999 -9999 -9999 -9999 -9999 -9999 -9999
104.12 103.94 105.31 107.2 109.13 110.39 111.08 111.87 112.77 113.05 113.4 112.96 113 112.34 111.54 110.55 109.45 108.09 106.51 104.97 102.98 101.25 99.05 97.2 97.25 96.92 96.52 95.78 95.14 95.04 95.33 95.25 94.92 95.23 95.53 96.04 96.69 95.84 95.35 95.86 96.28 95.77 94.5 94.56 97.54 96.15 92.67 91.65656 -9999 -9999 -9999 -9999 -9999 -9999 -9999 -9999 -9999 -9999 -9999 -9999 -9999 -9999 -9999 -9999 -9999 -9999 -9999 -9999 -9999 -9999 -9999 -9999 -9999 -9999 -9999
103.29 102.85 105.02 107.94 109.38 110.32 110.86 111.74 112.95 113.63 113.53 113.57 113.41 112.79 112.08 111.08 109.84 108.5 107.06 105.46 103.67 101.25 99.13 98.05 98.33 97.48 96.58 95.86 95.26 95 94.28 94.03 93.91 93.87 94.04 95.07 94.83 94.93 94.05 94.26 93.4 92.37 90.64 93.79 96.48 94.94 92.81 90.8169 -9999 -9999 -9999 -9999 -9999 -9999 -9999 -9999 -9999 -9999 -9999 -9999 -9999 -9999 -9999 -9999 -9999 -9999 -9999 -9999 -9999 -9999 -9999 -9999 -9999 -9999 -9999
102.36 103.44 107.24 108.25 109.37 111.05 110.96 111.37 112.42 113.3 114.1 114.41 114.05 113.37 112.67 111.65 110.47 109.06 107.61 106.03 104.41 102.09 99.77 99.03 98.78 97.46 96.6 96 95.46 94.94 94.16 93.96 93.54 93.24 93.67 93.73 93.55 92.99 92.17 91.84 90.83 91.45 91.93 93.94 94.36 93.27 91.41237 89.25806 86.90697 85.17391 -9999 -9999 -9999 -9999 -9999 -9999 -9999 -9999 -9999 -9999 -9999 -9999 -9999 -9999 -9999 -9999 -9999 -9999 -9999 -9999 -9999 -9999 -9999 -9999 -9999
102.92 105.59 107.41 108.16 110.35 111.69 111.27 112.7 114.05 114.96 115.15 115.17 114.83 114.12 113.22 112.37 111.09 109.63 108.17 106.72 105.24 103.3 100.91 98.98 98.92 97.62 96.39 95.86 95.47 94.96 94.27 93.97 93.2 92.97 92.8 92.76 92.7 92.22 91.57 91.4 91.51 92.16 92.84 92.77 92.25 90.97872 -9999 -9999 -9999 -9999 -9999 -9999 -9999 -9999 -9999 -9999 -9999 -9999 -9999 -9999 -9999 -9999 -9999 -9999 -9999 -9999 -9999 -9999 -9999 -9999 -9999 -9999 -9999 -9999 -9999
106.45 107.64 107.47 109.44 111.13 111.68 111.85 113.85 114.54 115.39 115.55 115.75 115.88 115.28 114.3 112.49 111.45 110.03 108.53 107.37 105.95 104.23 101.83 99.47 98.65 97.91 96.29 96.15 96.29 95.08 94.63 93.98 93.3 92.9 92.25 92.07 91.93 91.63 91.08 91.05 91.11 91.54 91.52 91.33 90.74 -9999 -9999 -9999 -9999 -9999 -9999 -9999 -9999 -9999 -9999 -9999 -9999 -9999 -9999 -9999 -9999 -9999 -9999 -9999 -9999 -9999 -9999 -9999 -9999 -9999 -9999 -9999 -9999 -9999 -9999
108.51 108.73 109.37 110.95 111.64 111.89 112.74 114.01 114.42 115.33 116.11 117.05 117.06 116.44 115.08 113.52 111.98 110.73 109.26 108.01 106.63 104.77 102.7 100.24 98.91 98.02 96.45 97.02 96.44 95.84 95.09 94.39 93.71 93 92.26 91.99 91.29 91 90.9 90.72 90.52 90.35 90.07 89.75 89.44 -9999 -9999 -9999 -9999 -9999 -9999 -9999 -9999 -9999 -9999 -9999 -9999 -9999 -9999 -9999 -9999 -9999 -9999 -9999 -9999 -9999 -9999 -9999 -9999 -9999 -9999 -9999 -9999 -9999 -9999
109.84 109.9 110.77 111.33 111.55 112.83 113.63 115.67 116.7 116.7 117.94 118.21 118.53 118.15 116.21 114.81 113 111.4 110.01 108.83 107.32 105.64 103.76 101.25 98.99 97.27 97.2 97.45 96.47 95.86 95.4 94.93 94.03 93.18 92.43 91.81 91.1 90.86 90.2 89.83 89.32 89 88.6 88.3253 -9999 -9999 -9999 -9999 -9999 -9999 -9999 -9999 -9999 -9999 -9999 -9999 -9999 -9999 -9999 -9999 -9999 -9999 -9999 -9999 -9999 -9999 -9999 -9999 -9999 -9999 -9999 -9999 -9999 -9999 -9999
110.87 111.46 111.92 112.07 113.3 114.74 115.04 116.29 117.67 118.64 119.55 120.13 120.08 119.66 117.5 115.41 114.01 112.88 110.64 109.53 108.1 106.51 104.67 102.66 100.3 97.84 97.75 97.76 96.13 95.24 95.32 95.02 94.08 93.32 92.57 91.8 90.66 89.82 89.48 88.85 87.85 87.52 87.46342 -9999 -9999 -9999 -9999 -9999 -9999 -9999 -9999 -9999 -9999 -9999 -9999 -9999 -9999 -9999 -9999 -9999 -9999 -9999 -9999 -9999 -9999 -9999 -9999 -9999 -9999 -9999 -9999 -9999 -9999 -9999 -9999
112.2 112.47 112.55 113.35 115.32 116.27 116.76 118.29 118.97 119.83 120.7 121.63 121.34 121.65 118.73 117.33 115.65 113.44 111.93 110.41 109 107.36 105.31 103.25 100.87 99.45 99.36 98.15 96.2 95.14 94.78 94.21 93.85 92.86 92.21 91.46 89.61 88.03 87.75 87.17 86.61 86.23684 -9999 -9999 -9999 -9999 -9999 -9999 -9999 -9999 -9999 -9999 -9999 -9999 -9999 -9999 -9999 -9999 -9999 -9999 -9999 -9999 -9999 -9999 -9999 -9999 -9999 -9999 -9999 -9999 -9999 -9999 -9999 -9999 -9999
113 113.15 113.87 115.06 116.57 117.48 118.26 119.27 120.31 121.23 122.07 122.87 123.31 123.17 120.23 118.08 116.29 114.96 113.24 111.7 109.83 108.1 106.09 103.4 101.88 101.32 101.12 99.88 97.51 95.82 94.79 93.84 92.83 92.46 91.42 90.3 88.53 86.73 86.51 86.16 85.26136 -9999 -9999 -9999 -9999 -9999 -9999 -9999 -9999 -9999 -9999 -9999 -9999 -9999 -9999 -9999 -9999 -9999 -9999 -9999 -9999 -9999 -9999 -9999 -9999 -9999 -9999 -9999 -9999 -9999 -9999 -9999 -9999 -9999 -9999
113.99 114.91 115.66 116.52 117.55 118.52 119.36 120.33 121.45 122.15 122.92 123.76 124.19 124.3 122.02 119.57 118.37 116.5 114.37 112.71 110.72 108.92 106.91 104.37 103.2 102.66 101.76 100.35 98.41 97.09 95.63 94.63 92.82 91.59 89.87 88.01 86.08 85.29 84.85 84.50746 -9999 -9999 -9999 -9999 -9999 -9999 -9999 -9999 -9999 -9999 -9999 -9999 -9999 -9999 -9999 -9999 -9999 -9999 -9999 -9999 -9999 -9999 -9999 -9999 -9999 -9999 -9999 -9999 -9999 -9999 -9999 -9999 -9999 -9999 -9999
115.82 116.54 117.04 117.74 118.49 119.48 119.98 120.81 121.81 122.66 123.41 124 124.22 123.93 122.85 120.91 119.4 117.38 115.35 113.41 111.56 109.66 107.59 105.48 103.62 102.43 101.65 100.85 99.94 98.2 96.23 94.4 92.9 92.28 90.45 87.45 84.88 83.4 82.72165 -9999 -9999 -9999 -9999 -9999 -9999 -9999 -9999 -9999 -9999 -9999 -9999 -9999 -9999 -9999 -9999 -9999 -9999 -9999 -9999 -9999 -9999 -9999 -9999 -9999 -9999 -9999 -9999 -9999 -9999 -9999 -9999 -9999 -9999 -9999 -9999
116.95 117.44 117.94 118.61 119.38 120.07 120.75 121.44 122.12 122.97 123.49 123.7 124 123.67 122.48 121.15 119.58 117.86 115.82 114.03 112.26 110.31 108.3 106.6 104.75 102.8 101.58 100.65 99.83 98.79 96.77 94.54 91.99 90.45 90.62 88.85 85.29 83.27273 -9999 -9999 -9999 -9999 -9999 -9999 -9999 -9999 -9999 -9999 -9999 -9999 -9999 -9999 -9999 -9999 -9999 -9999 -9999 -9999 -9999 -9999 -9999 -9999 -9999 -9999 -9999 -9999 -9999 -9999 -9999 -9999 -9999 -9999 -9999 -9999 -9999
117.91 118.19 118.77 119.27 120.12 120.83 121.46 121.97 122.39 123.04 123.38 123.25 123.5 123.15 122.5 121.28 119.67 118.1 116.29 114.45 112.68 110.8 109.18 107.49 105.53 103.17 101.81 100.74 99.6 97.81 96.64 95.14 93.49 90.49 88.23 86.97 84.66 -9999 -9999 -9999 -9999 -9999 -9999 -9999 -9999 -9999 -9999 -9999 -9999 -9999 -9999 -9999 -9999 -9999 -9999 -9999 -9999 -9999 -9999 -9999 -9999 -9999 -9999 -9999 -9999 -9999 -9999 -9999 -9999 -9999 -9999 -9999 -9999 -9999 -9999
118.8 119.12 119.65 120.11 120.8 121.09 121.91 122.03 122.76 123.2 123.23 123.02 122.99 123 122.25 121.1 119.67 118.24 116.45 114.58 112.83 111.37 109.96 108.1 106.42 104.48 102.33 100.04 98.55 96.74 94.6 92.79 92.03 91.91 88.89 86.28 85.02631 -9999 -9999 -9999 -9999 -9999 -9999 -9999 -9999 -9999 -9999 -9999 -9999 -9999 -9999 -9999 -9999 -9999 -9999 -9999 -9999 -9999 -9999 -9999 -9999 -9999 -9999 -9999 -9999 -9999 -9999 -9999 -9999 -9999 -9999 -9999 -9999 -9999 -9999
119.6 119.96 120.15 120.97 121.66 121.84 122 122.69 122.66 123.06 123.13 123 122.66 122.11 121.74 120.88 119.6 118.38 116.91 115.05 113.15 112.03 110.43 108.62 107.21 106.07 104.3 101.83 98.82 96.62 94.33 92.39 90.64 89.19 87.93 86.44681 -9999 -9999 -9999 -9999 -9999 -9999 -9999 -9999 -9999 -9999 -9999 -9999 -9999 -9999 -9999 -9999 -9999 -9999 -9999 -9999 -9999 -9999 -9999 -9999 -9999 -9999 -9999 -9999 -9999 -9999 -9999 -9999 -9999 -9999 -9999 -9999 -9999 -9999 -9999
120.48 120.66 120.9 121.04 121.96 121.97 122.1 122.9 122.88 123 122.98 122.88 122.93 122.13 121.22 120.47 119.47 118.38 116.9 115.42 113.49 112.36 110.92 109.33 107.52 106.15 104.69 103.35 101.9 98.54 95.35 93.13 91.12 89.36 87.45 -9999 -9999 -9999 -9999 -9999 -9999 -9999 -9999 -9999 -9999 -9999 -9999 -9999 -9999 -9999 -9999 -9999 -9999 -9999 -9999 -9999 -9999 -9999 -9999 -9999 -9999 -9999 -9999 -9999 -9999 -9999 -9999 -9999 -9999 -9999 -9999 -9999 -9999 -9999 -9999
121.23 121.6 121.43 121.58 121.97 122 122.05 122.19 122.51 122.85 122.77 122.92 122.75 121.72 121 120.36 119.44 118.28 116.99 115.5 113.5 112.49 111.18 109.44 107.79 106.6 105.53 104.1 102.62 100.02 96.77 94.41 92.1 90.04 88.47 -9999 -9999 -9999 -9999 -9999 -9999 -9999 -9999 -9999 -9999 -9999 -9999 -9999 -9999 -9999 -9999 -9999 -9999 -9999 -9999 -9999 -9999 -9999 -9999 -9999 -9999 -9999 -9999 -9999 -9999 -9999 -9999 -9999 -9999 -9999 -9999 -9999 -9999 -9999 -9999
121.95 122 121.98 122 122 122 122 122.06 122.13 122.24 122.1 122.2 122.01 121.46 120.95 120.15 119.33 118.2 117.11 115.82 114.38 112.28 110.9 109.62 108.32 107.4 106.03 104.52 102.71 99.98 97.82 95.89 93.96 91.77 90.45 -9999 -9999 -9999 -9999 -9999 -9999 -9999 -9999 -9999 -9999 -9999 -9999 -9999 -9999 -9999 -9999 -9999 -9999 -9999 -9999 -9999 -9999 -9999 -9999 -9999 -9999 -9999 -9999 -9999 -9999 -9999 -9999 -9999 -9999 -9999 -9999 -9999 -9999 -9999 -9999
122.22 122.11 122.03 122 122 122.06 122.31 122.49 122.26 122.25 122.01 122 121.97 121.2 120.82 119.99 119.22 118.2 117.25 116.07 114.9 113.7 112.28 110.64 109.17 107.78 106.59 105.39 103.32 102.04 100.47 97.33 95.61 93.81 92.58 92.26984 -9999 -9999 -9999 -9999 -9999 -9999 -9999 -9999 -9999 -9999 -9999 -9999 -9999 -9999 -9999 -9999 -9999 -9999 -9999 -9999 -9999 -9999 -9999 -9999 -9999 -9999 -9999 -9999 -9999 -9999 -9999 -9999 -9999 -9999 -9999 -9999 -9999 -9999 -9999
123 122.82 122.67 122.32 122.5 122.73 122.89 122.97 122.97 122.68 122.11 122 121.69 121.03 120.55 119.93 119.14 118.27 117.35 116.38 115.27 114.12 113.04 111.92 110.75 109.06 107.14 106.73 105.53 103.26 101.14 99.27 96.86 95.6 94.68 94.09091 -9999 -9999 -9999 -9999 -9999 -9999 -9999 -9999 -9999 -9999 -9999 -9999 -9999 -9999 -9999 -9999 -9999 -9999 -9999 -9999 -9999 -9999 -9999 -9999 -9999 -9999 -9999 -9999 -9999 -9999 -9999 -9999 -9999 -9999 -9999 -9999 -9999 -9999 -9999
123.02 123 123 122.97 123.02 123 123.01 123.01 123 123 122.59 122.04 121.69 121.01 120.62 120 119.18 118.43 117.65 116.69 115.82 114.99 114.05 113.02 111.76 110.42 108.54 107.91 106.4 103.96 102.05 100.34 98.45 97.48 97.25 96.42 -9999 -9999 -9999 -9999 -9999 -9999 -9999 -9999 -9999 -9999 -9999 -9999 -9999 -9999 -9999 -9999 -9999 -9999 -9999 -9999 -9999 -9999 -9999 -9999 -9999 -9999 -9999 -9999 -9999 -9999 -9999 -9999 -9999 -9999 -9999 -9999 -9999 -9999 -9999
123.64 123.26 123.18 123.26 123.72 123.66 123.44 123.31 123.04 123.06 122.99 122.19 121.62 121 120.54 120 119.3 118.83 117.98 117.49 116.7 115.78 114.72 113.64 112.5 111.24 109.71 108.93 107.47 105.75 103.77 101.85 100.36 99.43 99.46 98.78 97.80247 -9999 -9999 -9999 -9999 -9999 -9999 -9999 -9999 -9999 -9999 -9999 -9999 -9999 -9999 -9999 -9999 -9999 -9999 -9999 -9999 -9999 -9999 -9999 -9999 -9999 -9999 -9999 -9999 -9999 -9999 -9999 -9999 -9999 -9999 -9999 -9999 -9999 -9999
124 124 123.99 123.88 123.61 123.67 123.49 123.45 123.15 123.06 122.96 122.25 121.65 121.01 120.52 120 119.62 119.01 118.86 118.02 117.17 116.25 115.31 114.23 113.13 111.99 110.82 109.71 108.51 106.93 105.33 103.63 102.45 101.59 101.08 100.51 99.58 99.51786 -9999 -9999 -9999 -9999 -9999 -9999 -9999 -9999 -9999 -9999 -9999 -9999 -9999 -9999 -9999 -9999 -9999 -9999 -9999 -9999 -9999 -9999 -9999 -9999 -9999 -9999 -9999 -9999 -9999 -9999 -9999 -9999 -9999 -9999 -9999 -9999 -9999
123.92 123.7 123.64 123.86 123.73 123.21 123.1 123.04 123 123 122.9 122.17 121.88 121.06 120.67 120.04 119.97 119.36 118.94 118.19 117.44 116.69 115.77 114.75 113.73 112.7 111.57 110.51 109.32 107.91 106.64 105.5 103.97 103.02 102.36 101.6 100.93 100.72 100.806 -9999 -9999 -9999 -9999 -9999 -9999 -9999 -9999 -9999 -9999 -9999 -9999 -9999 -9999 -9999 -9999 -9999 -9999 -9999 -9999 -9999 -9999 -9999 -9999 -9999 -9999 -9999 -9999 -9999 -9999 -9999 -9999 -9999 -9999 -9999 -9999
123.8 123.1 123.06 123.37 123.35 123.03 123.01 123 123 122.9 122.46 122.02 121.95 121.29 121.01 120.41 120.03 119.62 119 118.38 117.81 117 116.19 115.34 114.34 113.39 112.26 111.3 110.1 108.95 107.73 106.6 105.46 104.46 103.5 102.4 101.49 101.05 101.31 101.26 100.6804 -9999 -9999 -9999 -9999 -9999 -9999 -9999 -9999 -9999 -9999 -9999 -9999 -9999 -9999 -9999 -9999 -9999 -9999 -9999 -9999 -9999 -9999 -9999 -9999 -9999 -9999 -9999 -9999 -9999 -9999 -9999 -9999 -9999 -9999
123.04 123 123 123.01 123.06 123.05 122.97 122.63 122.56 122.7 122.18 122 121.97 121.55 121.01 120.62 120.01 119.86 119.06 118.71 118.01 117.35 116.63 115.88 115.02 114.07 113.07 112.12 110.96 109.76 108.56 107.26 106.1 105.18 104.18 102.66 102.02 101.07 100.8 100.91 100.494 -9999 -9999 -9999 -9999 -9999 -9999 -9999 -9999 -9999 -9999 -9999 -9999 -9999 -9999 -9999 -9999 -9999 -9999 -9999 -9999 -9999 -9999 -9999 -9999 -9999 -9999 -9999 -9999 -9999 -9999 -9999 -9999 -9999 -9999
123.11 122.98 122.71 122.58 122.86 122.44 122.24 121.56 122.2 122.46 122.15 121.85 121.66 121.11 120.91 120.24 119.99 119.47 119.03 118.84 118.07 117.83 117 116.18 115.49 114.81 113.88 112.89 111.8 110.5 109.05 108.02 106.44 105.41 104.3 103.34 102.31 102.32 101.4737 -9999 -9999 -9999 -9999 -9999 -9999 -9999 -9999 -9999 -9999 -9999 -9999 -9999 -9999 -9999 -9999 -9999 -9999 -9999 -9999 -9999 -9999 -9999 -9999 -9999 -9999 -9999 -9999 -9999 -9999 -9999 -9999 -9999 -9999 -9999 -9999
122.4 122.15 121.84 122.14 121.73 121.03 121.1 121.6 122.45 122.14 121.98 121.7 121.05 120.86 120.29 119.76 119.48 119.18 118.99 118.88 118.29 118.01 117.58 116.74 116.07 115.47 114.41 113.12 112.47 111.3 109.31 108.55 107.34 106.29 105.11 104.19 103.1556 102.2857 -9999 -9999 -9999 -9999 -9999 -9999 -9999 -9999 -9999 -9999 -9999 -9999 -9999 -9999 -9999 -9999 -9999 -9999 -9999 -9999 -9999 -9999 -9999 -9999 -9999 -9999 -9999 -9999 -9999 -9999 -9999 -9999 -9999 -9999 -9999 -9999 -9999
120.99 121.28 121.33 121.03 120.2 120.11 120.9 121.29 121.37 121.76 121.49 120.86 120.41 119.89 119.38 119.34 118.98 118.83 118.71 118.87 118.71 118.11 117.96 117.55 116.62 115.24 114.71 113.98 113.08 112.01 110.26 109.26 107.81 106.16 105.0811 -9999 -9999 -9999 -9999 -9999 -9999 -9999 -9999 -9999 -9999 -9999 -9999 -9999 -9999 -9999 -9999 -9999 -9999 -9999 -9999 -9999 -9999 -9999 -9999 -9999 -9999 -9999 -9999 -9999 -9999 -9999 -9999 -9999 -9999 -9999 -9999 -9999 -9999 -9999 -9999
119.37 119.73 119.68 119.34 118.36 118.94 119.78 120.1 121.2 121.39 120.68 119.37 118.76 119 118.91 118.48 118.07 118.39 118.35 118.47 118.92 118.85 118.42 117.86 117.51 116.34 115.48 114.05 113.61 112.52 110.92 109.25 107.26 105.7179 -9999 -9999 -9999 -9999 -9999 -9999 -9999 -9999 -9999 -9999 -9999 -9999 -9999 -9999 -9999 -9999 -9999 -9999 -9999 -9999 -9999 -9999 -9999 -9999 -9999 -9999 -9999 -9999 -9999 -9999 -9999 -9999 -9999 -9999 -9999 -9999 -9999 -9999 -9999 -9999 -9999
118.44 118.63 117.99 116.85 119.08 120.65 119.44 121.29 121.72 120.41 120.11 119.59 119.61 119.75 119.46 118.87 118.36 117.9 117.86 118.26 118.52 118.95 118.93 118.41 116.97 116.57 116.11 114.98 113.94 112.71 110.86 108.98 107.1974 -9999 -9999 -9999 -9999 -9999 -9999 -9999 -9999 -9999 -9999 -9999 -9999 -9999 -9999 -9999 -9999 -9999 -9999 -9999 -9999 -9999 -9999 -9999 -9999 -9999 -9999 -9999 -9999 -9999 -9999 -9999 -9999 -9999 -9999 -9999 -9999 -9999 -9999 -9999 -9999 -9999 -9999
