layers/wordclim/current/bio_07.asc
ncols         166
nrows         93
xllcorner     -9.4959440078468
yllcorner     36.000324005443
cellsize      0.083333337679505
NODATA_value  -9999
[rows 0 to 32 of 93, columns 0 to 72 of 166]
-9999 -9999 -9999 -9999 -9999 -9999 -9999 -9999 -9999 -9999 -9999 -9999 -9999 -9999 -9999 -9999 -9999 166.1707 173.5833 168.9104 172.5909 175.3523 175.942 178.7727 -9999 -9999 -9999 -9999 -9999 -9999 -9999 -9999 -9999 -9999 -9999 -9999 -9999 -9999 -9999 -9999 -9999 -9999 -9999 -9999 -9999 -9999 -9999 -9999 -9999 -9999 -9999 -9999 -9999 -9999 -9999 -9999 -9999 -9999 -9999 -9999 -9999 -9999 -9999 -9999 -9999 -9999 -9999 -9999 -9999 -9999 -9999 -9999 -9999
-9999 -9999 -9999 -9999 -9999 -9999 -9999 -9999 -9999 -9999 -9999 -9999 -9999 -9999 -9999 -9999 164.4394 168.0105 172.95 173.08 179.24 182.39 180.8182 186.47 187.68 186.433 -9999 -9999 -9999 -9999 -9999 -9999 -9999 -9999 -9999 -9999 -9999 -9999 -9999 -9999 -9999 -9999 -9999 177.8906 175.1731 -9999 -9999 -9999 -9999 -9999 -9999 -9999 -9999 -9999 -9999 -9999 -9999 -9999 -9999 -9999 -9999 -9999 -9999 -9999 -9999 -9999 -9999 -9999 -9999 -9999 -9999 -9999 -9999
-9999 -9999 -9999 -9999 -9999 -9999 -9999 -9999 -9999 -9999 -9999 -9999 -9999 -9999 160.5556 161.7895 166.202 170.77 175.56 181.81 186.47 187.79 188.55 193.62 189.39 188.62 189.9053 192.5949 194 192.8364 194.2875 194.9643 197.1974 195.3636 198.9367 197.0606 197.137 199.5417 199.6023 196.6289 194.1026 190.3214 186.1616 183.12 181.46 175.3377 173.7705 178.8167 180.2881 -9999 -9999 -9999 -9999 -9999 -9999 -9999 -9999 -9999 -9999 -9999 -9999 -9999 -9999 -9999 -9999 -9999 -9999 -9999 -9999 -9999 -9999 -9999 -9999
-9999 -9999 -9999 -9999 -9999 -9999 -9999 -9999 -9999 -9999 -9999 -9999 -9999 -9999 -9999 -9999 172.0707 179.58 183.8 184.72 189.3 194.11 197.66 200.08 198.33 195.7 195.31 199.84 197.49 199.1515 204.39 206.97 208.56 204.86 212.7 208.9 206.12 209.02 213.96 204.84 198.2222 201.63 200.75 194.35 189.7 187.94 193.32 194.54 185.48 187.97 189.46 192.7436 185.859 184.7288 185 -9999 -9999 -9999 -9999 -9999 -9999 -9999 -9999 -9999 -9999 -9999 -9999 159.5206 -9999 159.5714 161.4896 161.0805 162.4783
-9999 -9999 -9999 -9999 -9999 -9999 -9999 -9999 -9999 -9999 -9999 -9999 -9999 -9999 163.4328 168.5417 175.54 182.87 186.43 190.4 191.86 194.99 197.45 201.6 202.64 204.26 204.52 203.5 205.63 211.67 216.29 215.38 213.35 216.32 219.68 215.05 219.42 223.28 216.54 209.97 207.97 202.59 200.18 203.25 199.07 198.32 200.25 199.7 198.86 197.71 197.22 191.36 191.01 197.24 197.4 198.3 201.7 194.1915 188.8395 183.3425 180.4026 177.8974 177.3194 176.747 173.0408 168.6 167.5 165.45 166.1146 164.3 168.06 167.93 167.0238
-9999 -9999 -9999 -9999 -9999 -9999 155.5926 155.7125 158.6622 -9999 163.1622 164.506 165.48 164.4646 167.29 -9999 180.03 186.47 191.98 193.48 194.85 196.78 199.54 201.53 204.87 206.93 209.19 208.44 215.19 218.64 219.88 216.67 219.98 226.11 226.96 223.46 221.19 222.15 225.87 222.76 223.66 222.64 218.03 211.89 211.53 210.41 213.36 219.83 220.21 213.91 220.19 213.45 207.4 215.61 219.47 214.66 208.73 210.81 200.5 200.5 192.56 192.55 188.73 185.3 185.22 179.5 177.28 176.19 181.56 186.22 183.62 181.31 176.02
-9999 -9999 -9999 -9999 -9999 -9999 157.8493 159.43 161.89 163.82 168.6 177.55 178.87 177.97 176.36 180.04 187.31 190.87 194.4 196.13 198.59 199.85 202.44 204.53 207.06 210.23 214.07 215.16 219.15 222.54 222.3 221.45 227.95 231.21 229.77 228.4 230.32 235.17 234.71 236.16 237.69 231.41 239.3 231.06 221.72 229.72 231.8 226.9 229.41 230.89 238.07 229.9 228.41 234.79 241.01 234.34 236.5 234.2 215.74 219.47 212.9 205.75 201.41 204.26 197.51 190.18 192.36 191.39 191.02 203.48 210.93 198.27 188.7
-9999 -9999 -9999 -9999 152.4839 157.76 160.44 166.07 170.9 173.64 180.36 183.88 185.78 189.06 189.03 191.35 193.69 195.13 197.46 199.06 201.56 203.98 205.62 208.3 211.42 215.35 219.12 220.18 225.21 226.49 228.56 227.61 232.11 235.16 235.08 235.45 239.52 242.02 241.06 244.22 242.97 245.15 242.76 242.66 237.08 240.96 241.53 241.81 246.2 245.73 243.95 245.12 244.73 240.25 243.84 243.72 240.6 229.15 219.95 222.43 232.98 225.17 220 217.7 214.98 202.77 210.31 202.66 204.68 217.04 219.91 215.04 210.88
-9999 -9999 -9999 151.8041 155.56 161.8 164.8 169.36 173.65 178.72 182.67 188.11 189.44 192.89 194.22 194.76 195.64 197.66 201.43 202.9 204.64 207.57 209.99 213.12 216.63 219.68 223.46 226.37 227.27 229.75 229.67 232.23 237.18 239.74 240.34 242.57 244.43 245.67 246.71 248.37 248.4 250.62 250.6 250.63 249.27 252.93 252.92 252.78 253.15 253.01 252.88 252.04 250.54 248.73 248.87 247.86 247.88 244.6 241.63 237.23 238.64 241.21 237.11 229.58 225.47 222.13 221.36 218.48 218.87 217.62 212.85 211.62 210.98
-9999 -9999 -9999 151.6824 158.4343 162.4 166.32 169.85 173.18 178.24 183.68 189.23 194.88 198.86 199.06 198.11 197.38 199.84 202.72 206.2 208.61 212.05 214.83 216.55 219.24 222.3 226.75 229.46 232.1 232.55 234.95 238.66 240.4 242.91 244.79 246.58 247.82 249.7 251.35 252.87 253.35 255.36 256.29 256.61 257.98 259.18 258.76 259.48 258.18 258.4 257.18 256.8 255.31 253.62 252.23 252.04 251.57 250.6 249.45 245.99 242.85 245.79 242.86 234.31 230.81 228.12 225.94 224.76 223.08 220.75 216.22 211.51 212.95
-9999 -9999 -9999 -9999 155.7069 163.02 165.54 167.2 172.73 173.88 176.71 190.24 200.69 198.79 200.08 199.4 198.75 199.98 203.74 207.99 212.06 214.9 217.62 220.26 222.77 226.29 229.82 233.2 234.92 237.22 240.47 242.31 243.81 245.9 248.6 250.09 251.87 253.01 252.98 255.59 255.93 257.34 260.5 263.5 261.82 264.62 265.37 265.33 263.99 263.66 262.31 261.63 259.57 259.04 257.12 256.86 255.54 254.02 252.27 248.66 245.5 243.85 241.81 238.69 236.93 234.03 233.7 228.64 227.92 223.81 224.67 221.76 217.87
-9999 -9999 -9999 -9999 153.875 156.8125 158.803 160.7033 175.17 173.62 176.55 181.09 191.32 193.91 197.57 200.87 200.7 203.2 207.96 211.22 215.49 218.75 221.44 225.01 228.13 230.34 233.92 236.99 239.28 241.47 243.99 244.04 247.78 250.37 252.85 254.69 255.16 255.13 256.72 258.62 262.16 265.28 267.73 269.35 270.78 270.91 272.05 271.67 270.7 268.88 267.65 266.12 263.84 262.89 260.9 260.39 258.93 256.72 254.93 253.39 250.79 247.87 244.61 242.59 242.27 238.45 236.33 237.13 233.83 233.2 234.32 229.39 228.6
-9999 -9999 -9999 -9999 -9999 -9999 164.9022 162.52 167.79 167.13 175.4 185 189.98 199.92 202.52 203.72 205.28 207.72 212.12 215.9 218.99 222.55 225.81 228.93 231.89 234.77 237.04 238.54 240.79 243.84 247.31 248.79 252.43 254.83 256.88 258.8 259.87 261.39 264.06 265.95 267.25 269.44 272.34 274.97 276.82 277.98 278.77 277.55 276.16 273.09 272.7 270.2 268.47 266.63 265.68 264.9 263.2 261.17 258.89 257.95 254.38 252.92 250.13 250.02 248.43 246.31 243.86 242.55 239.82 239.86 240.68 237.34 230.23
-9999 -9999 -9999 -9999 -9999 152.1356 159.0851 -9999 -9999 168.36 172.67 186.12 196.52 201.8 204.57 206.4 209.03 212.37 215.5 218.93 222.94 226.83 229.6 232.84 235.59 238.34 239.67 242.38 244.1 245.71 250.01 253.31 255.8 257.76 260.73 262.99 264.73 266.24 268.15 270.23 272.54 275.11 277.55 279.87 282.22 284.62 284.4 282.4 280.22 277.6 276.11 273.62 273.56 270.67 270.3 269 267.25 265.83 263.27 261.95 259.63 256.58 255.14 254.64 252.81 251.79 250.07 248.75 247.45 246.36 244.48 240.62 235.81
-9999 -9999 -9999 -9999 -9999 -9999 -9999 153.5 157.0602 161.12 171.25 184.37 195.39 201.86 206.05 209.17 212.55 215.35 218.29 222.36 226.59 230.94 233.97 237.08 239.35 242.09 244.08 245.87 246.88 248.93 252.92 256.89 258.63 260.77 264.49 267.08 267.2 267.54 269.46 272.73 276.13 278.74 281.21 282.95 285.82 288.33 287.89 284.83 282.6 281.14 279.17 278.57 277.04 274.48 274.24 273.39 271.22 270.14 268.46 266.44 264.84 262.19 259.83 258.01 256.41 254.79 254.18 253.97 252.35 250.78 247.75 246.23 246.8
-9999 -9999 -9999 -9999 -9999 -9999 -9999 152.75 157.6087 167.573 165.37 181.28 197.27 203.44 207.55 211.83 216.23 220.83 224.83 228.31 231.94 234.96 238.38 240.9 242.55 244.27 246.45 249.29 250.33 253.59 256.13 259.96 262.06 263.84 263.49 266.2 265.84 267.36 273.08 276.77 279.13 281.23 283.62 285.07 287.53 289.16 289.01 286.25 285.23 284.15 283.23 282.18 280.3 278.03 277.81 277.3 275.72 274.14 272.78 270.98 269.18 267.02 265.28 263.04 261.05 259.6 259.52 258.73 256.81 254.89 253.35 252.87 252.35
-9999 -9999 -9999 -9999 -9999 -9999 -9999 -9999 -9999 165.8676 168.8925 181.76 195.06 204.24 208.93 214.59 220.57 226.03 231.26 236.02 238.49 235.68 236.59 241.25 244.23 244.72 247.33 252.8 255.03 255.09 257.01 260.96 260.59 262.14 265.47 262.48 263.81 268.59 275.54 279.04 281.57 283.41 284.82 286.63 288.47 289.62 289.75 288.16 288.06 287.2 285.88 284.98 283.03 281.47 281.45 280.88 279.72 278.35 277.46 275.95 274.23 271.92 269.63 267.37 265.97 265.14 264.38 262.93 261.3 260.04 258.22 257.91 257.85
-9999 -9999 -9999 -9999 -9999 -9999 -9999 -9999 158.9231 168.7879 -9999 185.56 197.25 204.94 209.47 217.23 224.36 230.13 233.13 239.98 241.76 238.98 240.6 238.85 240.43 243.09 244.14 253.29 257.08 257.08 255.78 257.11 258.16 260.74 264.9 269.59 270.18 269.25 274.95 280.43 283.29 285.03 286.33 287.63 289.07 290.13 290.23 289.37 290.19 289.8 288.1 286.95 285.64 284.95 284.68 284.31 283.81 283.16 281.97 280.72 279.12 277.02 274.74 272.68 271.2 270.42 268.45 266.76 265.92 265.05 263.56 262.75 263.1
-9999 -9999 -9999 -9999 -9999 -9999 -9999 -9999 -9999 167.8132 176.36 185.75 195.53 206.7 213.87 221.63 228.62 232.94 236.57 238.15 240.18 241.25 244.55 239.98 238.2 239.89 241.36 249.38 257.91 256.82 256.81 255.24 253.83 257.47 262.7 264.94 268.48 274.08 277.96 282.3 284.84 286.38 288.05 288.54 289.7 290.35 290.43 290.31 291.41 290.59 289.62 288.4 287.76 287.81 287.49 287.17 287.01 286.96 286.58 285.51 283.94 281.96 279.39 277.37 276.18 273.33 271.49 270.62 270.07 268.86 267.65 267.23 267.83
-9999 -9999 -9999 -9999 -9999 -9999 -9999 -9999 163.1099 176.62 177.07 187.54 197.47 209.84 220.14 224.27 225.86 224.92 230.6 233.43 236.84 242.45 244.21 244.4 243.08 242.35 246.95 253.68 258.29 256.46 255.91 254.89 257.98 266.64 271.06 272.75 275.02 278.3 281.55 284.12 285.93 287.19 288.42 289.51 289.82 290.83 290.9 291.18 291.49 290.64 290.59 290.18 290.2 290.28 289.65 289.6 289.39 289.88 290.92 290.34 288.97 286.65 283.54 281.44 278.29 276.82 274.95 273.73 272.8 272.14 271.52 271.39 270.63
-9999 -9999 -9999 -9999 -9999 -9999 -9999 168.2698 172.91 174.88 180.63 190.15 201.28 212.16 216.07 213.98 214.51 220.07 227.1 234.4 239.48 243.25 246.59 245.9 253.62 250.25 252.23 256.83 257.25 258.02 258.46 259.23 261.12 270.74 273.96 275.93 278.01 280.25 282.73 284.99 286.51 287.79 288.88 290.02 290.84 291.27 291.15 291.72 291.88 292.16 291.2 291.4 291.82 291.63 291.5 291.35 292.01 292.76 293.58 294.36 292.37 289.35 286.07 283.75 281.82 279.86 277.94 276.4 275.48 274.41 274 273.78 273.67
-9999 -9999 -9999 -9999 -9999 -9999 -9999 167.5833 168.68 176.29 185.72 198.36 205.18 211.67 209.54 217.15 223.44 230.17 231.03 227.93 229.67 237.14 242.64 249.85 257.89 256.34 257.06 261.46 262.09 262.85 265.6 266.69 265.75 273.76 276.28 277.39 278.63 281.16 283.26 285.21 287.05 288.23 289.54 290.36 290.93 291.58 291.84 292.36 292.43 292.15 291.98 292.38 292.67 292.42 292.98 292.91 293.38 294.72 295.64 295.4 293.56 291.04 288.48 286.17 284.24 282.34 280.5 279.39 277.99 277.19 276.67 276.59 276.67
-9999 -9999 -9999 -9999 -9999 -9999 -9999 166.1212 172.1818 182.51 189.84 199.25 205.8 214.09 219.03 224.77 229.68 224.91 221.22 224.32 227.05 232.08 245.93 251.46 259.71 259.04 257.77 263.26 265.97 265.65 268.43 271.39 273.36 277.54 278.05 279.32 279.96 281.75 283.22 284.95 286.97 288.67 289.97 290.82 291.61 292.18 292.23 292.49 292.56 292.26 292.5 292.67 292.89 293.1 293.79 294.27 294.92 295.36 295.43 294.63 293.66 291.73 289.85 287.68 285.97 283.9 282.34 281.2 279.88 279.12 278.35 278.4 278.73
-9999 -9999 -9999 -9999 -9999 -9999 -9999 -9999 175.62 184.75 187.71 197.6 205.63 213.89 219.91 218.69 218.91 218.47 227.75 226.41 230.65 234.82 243.12 253.28 261.78 260.89 259.24 265.32 267.83 270.05 270.43 270.56 276.14 278.78 279.01 280.44 280.88 282.35 284.2 285.81 287.46 288.87 289.88 290.36 291.38 292.1 292.7 292.83 293.41 293.58 293.06 293.08 293.63 294.31 294.39 294.16 294.62 294.5 294.01 294.07 293.24 291.86 289.92 288.25 286.38 284.83 283.14 282.05 281.31 280.35 279.83 279.66 280.12
-9999 -9999 -9999 -9999 -9999 -9999 -9999 -9999 174.2 181.1633 190.52 199.59 207.85 214.48 221.13 225.03 228.55 234.5 231.85 229.74 232.08 241.86 252.65 259.47 260.23 258.58 263.91 267.78 270.09 271.29 270.72 268.65 276.14 277.85 280.18 281.15 280.87 282.48 284.46 286.12 287.72 288.99 290.03 290.81 291.42 292.31 293.01 293.4 293.42 293.62 293.8 294.35 294.49 294.46 294.27 294.38 293.98 293.48 293.63 293.35 292.64 291.32 289.84 288.68 286.44 285.38 283.51 282.51 281.86 281.18 280.74 281.02 281.14
-9999 -9999 -9999 -9999 -9999 -9999 -9999 -9999 174.75 183.09 191.28 198.77 205.19 213.65 221.97 228.51 232.8 227.73 229.41 236.01 245.88 250.21 257.46 261.37 254.3 263.03 267.39 269.83 271.16 272.09 272.06 272.68 275 278.65 280.11 281.23 281.89 282.93 284.42 286.3 287.91 289.14 290.47 291.06 291.71 292.65 293.14 293.07 293.57 294 293.86 293.82 294.16 294.01 294.04 293.76 293.19 293.12 293.05 292.55 291.6 290.47 289.31 287.83 286.36 285.48 283.94 283.33 282.91 282.27 281.68 281.96 282.28
-9999 -9999 -9999 -9999 -9999 -9999 -9999 -9999 -9999 183.52 190.29 198.28 206.64 215.97 222.67 229.55 232.06 237.35 242.13 245.97 253.23 247.26 252.97 250.05 256.98 266.09 269.26 270.43 271.76 272.55 273.66 275.52 277.14 278.88 280.16 281.45 282.04 282.91 284.96 286.65 288.15 289.09 290.46 291.34 292.17 292.8 293.07 293.35 293.56 293.96 294.5 294.51 294.36 294.16 293.85 293 292.99 292.81 292.37 291.91 290.81 290.15 289.04 287.66 286.58 285.64 284.43 283.89 283.47 282.98 283.02 283.16 283.41
-9999 -9999 -9999 -9999 -9999 -9999 -9999 -9999 -9999 182.81 191.53 199.4 208.33 215.21 222.55 229.82 234.56 239.3 247.46 249.09 243.01 244.95 248.62 256.3 263.33 265.38 267.36 271.13 271.89 271.1 269.52 275.52 277.38 278.65 279.81 281.18 282.39 283.69 285.63 286.62 287.92 289.52 290.5 291.77 292.58 293.1 293.55 293.58 293.89 294.3 294.35 294.27 294.07 294.09 293.44 293.11 292.85 292.52 292.09 290.92 290.25 289.51 288.4 287.21 286.3 285.17 284.34 283.69 283.56 283.45 283.66 283.52 284.02
-9999 -9999 -9999 -9999 -9999 -9999 -9999 -9999 -9999 182.798 190.94 199.07 206.98 215.06 222.9 229.81 235.14 241.3 247.64 248.28 234.64 252.99 254 258.13 264.97 269.01 269.98 270.74 271.48 272.7 273.32 276.05 276.69 277.43 278.02 280.1 282.39 284.06 285.48 286.25 287.45 289.13 290.67 291.5 292.18 292.87 293.32 293.53 293.66 293.84 293.76 293.85 293.88 293.87 293.25 292.97 292.84 292.51 291.57 290.97 289.95 288.9 287.5 286.72 285.72 284.85 284.21 283.77 283.47 283.44 283.67 283.97 284.69
-9999 -9999 -9999 -9999 -9999 -9999 -9999 -9999 -9999 183.4304 192.26 200.62 208.88 216.48 222.79 229.33 235.86 241.29 243 241.56 254.98 263.31 258.88 265.88 262.85 268.22 266.11 267.93 271.74 273.19 274.14 275.83 276.34 276.49 278.38 280.47 282.7 284.02 285.59 286.83 287.52 289.24 290.51 291.38 292.05 293.04 293.34 293.31 293.5 293.92 293.4 293.39 293.94 293.74 293.6 293.48 293.15 292.14 291.54 290.33 289.3 288.28 286.99 286.13 285.09 284.21 283.79 283.64 283.49 283.66 283.84 284.58 285.02
-9999 -9999 -9999 -9999 -9999 -9999 -9999 -9999 -9999 184.283 192.74 201.69 208.9 216.15 222.16 228.71 234.36 238.12 241.55 244.71 257.32 262.77 262.79 265.61 266.89 266.47 263.87 265.83 271.34 272.56 272.39 274.58 275 276.58 278.26 280.3 281.19 283.12 285.38 286.91 288.4 289.45 290.47 291.33 292.38 293.46 293.26 293.09 293.18 293.36 293.22 293.33 293.62 293.52 293.49 293.37 292.26 291.39 290.74 289.5 288.81 287.71 286.47 285.72 284.46 283.89 283.63 283.38 283.37 283.45 284.03 284.43 284.41
-9999 -9999 -9999 -9999 -9999 -9999 -9999 -9999 -9999 -9999 193.7312 201.04 208 215.48 222.06 227.81 234.23 239.79 245.27 247.42 255.34 258.76 260.24 262.61 265.02 266.67 268.11 269.37 271.89 271.2 271.98 274.45 275.5 276.53 276.96 279.11 281.1 282.62 284.56 286.66 288.46 290.34 291.17 292.39 293.12 293.76 293.67 293.32 293.04 292.96 292.97 293.35 293.23 293.11 293.01 292.76 291.6 291.19 290.52 289.37 288.52 287.4 285.8 285.03 283.73 282.91 282.64 282.73 283.16 283.57 283.67 283.95 285.01
-9999 -9999 -9999 -9999 -9999 -9999 -9999 -9999 -9999 -9999 191.3571 200.54 206.44 213.69 221.03 227.55 229.47 236.13 233.03 238.82 250.76 250.75 255.33 255.46 256.53 259.56 265.01 266.78 271.06 271.88 273.02 274.42 275.73 276 276.84 278.44 280.45 282.7 284.29 286.19 288.14 289.81 291.52 293.13 294.13 294.97 294.45 293.2 292.66 292.27 292.75 292.9 293.09 293.08 292.95 292.72 292.18 291.14 290.3 289.4 288.26 286.78 285.77 284.2 282.75 282.16 282.38 281.62 282.27 282.92 284.48 285.23 286.04
