layers/wordclim/current/bio_17.asc
ncols         166
nrows         93
xllcorner     -9.4959440078468
yllcorner     36.000324005443
cellsize      0.083333337679505
NODATA_value  -9999
[rows 0 to 34 of 93, columns 77 to 153 of 166]
-9999 -9999 -9999 -9999 -9999 -9999 -9999 -9999 -9999 -9999 -9999 -9999 -9999 -9999 -9999 -9999 -9999 -9999 -9999 -9999 -9999 -9999 -9999 -9999 -9999 -9999 -9999 -9999 -9999 -9999 -9999 -9999 -9999 -9999 -9999 -9999 -9999 -9999 -9999 -9999 -9999 -9999 -9999 -9999 -9999 -9999 -9999 -9999 -9999 -9999 -9999 -9999 -9999 -9999 -9999 -9999 -9999 -9999 -9999 -9999 -9999 -9999 -9999 -9999 -9999 -9999 -9999 -9999 -9999 -9999 -9999 -9999 -9999 -9999 -9999 -9999 -9999
-9999 -9999 -9999 -9999 -9999 -9999 -9999 -9999 -9999 -9999 -9999 -9999 -9999 -9999 -9999 -9999 -9999 -9999 -9999 -9999 -9999 -9999 -9999 -9999 -9999 -9999 -9999 -9999 -9999 -9999 -9999 -9999 -9999 -9999 -9999 -9999 -9999 -9999 -9999 -9999 -9999 -9999 -9999 -9999 -9999 -9999 -9999 -9999 -9999 -9999 -9999 -9999 -9999 -9999 -9999 -9999 -9999 -9999 -9999 -9999 -9999 -9999 -9999 -9999 -9999 -9999 -9999 -9999 -9999 -9999 -9999 -9999 -9999 -9999 -9999 -9999 -9999
-9999 -9999 -9999 -9999 -9999 -9999 -9999 -9999 -9999 -9999 -9999 -9999 -9999 -9999 -9999 -9999 -9999 -9999 -9999 -9999 -9999 -9999 -9999 -9999 -9999 -9999 -9999 -9999 -9999 -9999 -9999 -9999 -9999 -9999 -9999 -9999 -9999 -9999 -9999 -9999 -9999 -9999 -9999 -9999 -9999 -9999 -9999 -9999 -9999 -9999 -9999 -9999 -9999 -9999 -9999 -9999 -9999 -9999 -9999 -9999 -9999 -9999 -9999 -9999 -9999 -9999 -9999 -9999 -9999 -9999 -9999 -9999 -9999 -9999 -9999 -9999 -9999
-9999 -9999 -9999 -9999 -9999 -9999 -9999 -9999 -9999 -9999 -9999 -9999 -9999 -9999 -9999 -9999 -9999 -9999 -9999 -9999 -9999 -9999 -9999 -9999 -9999 -9999 -9999 -9999 -9999 -9999 -9999 -9999 -9999 -9999 -9999 -9999 -9999 -9999 -9999 -9999 -9999 -9999 -9999 -9999 -9999 -9999 -9999 -9999 -9999 -9999 -9999 -9999 -9999 -9999 -9999 -9999 -9999 -9999 -9999 -9999 -9999 -9999 -9999 -9999 -9999 -9999 -9999 -9999 -9999 -9999 -9999 -9999 -9999 -9999 -9999 -9999 -9999
-9999 191.2759 196.26 203.97 205.093 209.2949 211.4182 -9999 -9999 -9999 -9999 -9999 -9999 -9999 -9999 -9999 -9999 -9999 -9999 -9999 -9999 -9999 -9999 -9999 -9999 -9999 -9999 -9999 -9999 -9999 -9999 -9999 -9999 -9999 -9999 -9999 -9999 -9999 -9999 -9999 -9999 -9999 -9999 -9999 -9999 -9999 -9999 -9999 -9999 -9999 -9999 -9999 -9999 -9999 -9999 -9999 -9999 -9999 -9999 -9999 -9999 -9999 -9999 -9999 -9999 -9999 -9999 -9999 -9999 -9999 -9999 -9999 -9999 -9999 -9999 -9999 -9999
187.0714 183.7273 190.28 193.64 197.74 203.81 211.12 212.5152 217.0411 217.1167 223.4426 227.082 234.0119 235.6146 243.16 251.65 248.4865 -9999 -9999 -9999 -9999 -9999 -9999 -9999 -9999 -9999 -9999 -9999 -9999 -9999 -9999 -9999 -9999 -9999 -9999 -9999 -9999 -9999 -9999 -9999 -9999 -9999 -9999 -9999 -9999 -9999 -9999 -9999 -9999 -9999 -9999 -9999 -9999 -9999 -9999 -9999 -9999 -9999 -9999 -9999 -9999 -9999 -9999 -9999 -9999 -9999 -9999 -9999 -9999 -9999 -9999 -9999 -9999 -9999 -9999 -9999 -9999
181.68 186.82 183.58 186.41 192.09 201.05 205.54 208.97 214.56 218.55 227.04 231.59 231.04 238.66 240.95 245.54 241.23 242.42 243.43 241.24 -9999 -9999 -9999 -9999 -9999 -9999 -9999 -9999 -9999 -9999 -9999 -9999 -9999 -9999 -9999 -9999 -9999 -9999 -9999 -9999 -9999 -9999 -9999 -9999 -9999 -9999 -9999 -9999 -9999 -9999 -9999 -9999 -9999 -9999 -9999 -9999 -9999 -9999 -9999 -9999 -9999 -9999 -9999 -9999 -9999 -9999 -9999 -9999 -9999 -9999 -9999 -9999 -9999 -9999 -9999 -9999 -9999
174.77 176.89 179.81 182.39 192.4 192.37 195.28 199.76 206.61 212.44 217.17 219.65 222.59 230.7 233.09 234.24 230.54 229.85 229.28 233.1507 -9999 -9999 -9999 -9999 -9999 -9999 -9999 -9999 -9999 -9999 -9999 -9999 -9999 -9999 -9999 -9999 -9999 -9999 -9999 -9999 -9999 -9999 -9999 -9999 -9999 -9999 -9999 -9999 -9999 -9999 -9999 -9999 -9999 -9999 -9999 -9999 -9999 -9999 -9999 -9999 -9999 -9999 -9999 -9999 -9999 -9999 -9999 -9999 -9999 -9999 -9999 -9999 -9999 -9999 -9999 -9999 -9999
167.84 170.27 182.39 196.65 187.62 191.05 186.78 188.75 198.21 198.54 199.98 206.61 215.96 216.8 221.42 221.8 221.89 223.42 226.79 226.1 -9999 227.881 226.25 -9999 -9999 -9999 -9999 -9999 -9999 -9999 -9999 -9999 -9999 -9999 -9999 -9999 -9999 -9999 -9999 -9999 -9999 -9999 -9999 -9999 -9999 -9999 -9999 -9999 -9999 -9999 -9999 -9999 -9999 -9999 -9999 -9999 -9999 -9999 -9999 -9999 -9999 -9999 -9999 -9999 -9999 -9999 -9999 -9999 -9999 -9999 -9999 -9999 -9999 -9999 -9999 -9999 -9999
170.75 170.98 171.15 177.83 175.35 177.96 185.5 190.68 200.31 196.04 194.99 200.57 208.04 208.02 206.46 206.22 206.64 206.6 210 211.39 214.4 215.53 216.42 218.89 224.5806 226.7869 230.94 250.0862 -9999 -9999 -9999 -9999 -9999 -9999 -9999 -9999 -9999 -9999 -9999 -9999 -9999 -9999 -9999 -9999 -9999 -9999 -9999 -9999 -9999 -9999 -9999 -9999 -9999 -9999 -9999 -9999 -9999 -9999 -9999 -9999 -9999 -9999 -9999 -9999 -9999 -9999 -9999 -9999 -9999 -9999 -9999 -9999 -9999 -9999 -9999 -9999 -9999
163.96 167.75 168.17 163.23 162.11 164.65 168.39 172.9 176.52 185.62 186.76 189.83 192.54 200.81 193.46 188.44 189.74 192.08 194.32 197.95 199.09 202.06 210.59 203.02 211.09 212.44 221.01 244.68 252.3421 -9999 -9999 -9999 -9999 -9999 -9999 -9999 -9999 -9999 -9999 -9999 -9999 -9999 -9999 -9999 -9999 -9999 -9999 -9999 -9999 -9999 -9999 -9999 -9999 -9999 -9999 -9999 -9999 -9999 -9999 -9999 -9999 -9999 -9999 -9999 -9999 -9999 -9999 -9999 -9999 -9999 -9999 -9999 -9999 -9999 -9999 -9999 -9999
146.64 153.74 151.13 153.2 159.15 162.38 168.01 168.68 176.2 179.59 177.8 178.3 187.62 184.51 181.88 174.43 172.61 173.04 178.53 178.88 179.2 184.88 187.2 188.3 190.81 191.56 206.07 220.69 233.77 260.7312 255.9702 271.6795 262.2386 289.4748 303.5821 -9999 -9999 -9999 -9999 -9999 -9999 -9999 -9999 -9999 -9999 245.95 273.26 303.5898 309.5454 -9999 -9999 -9999 -9999 -9999 -9999 -9999 -9999 -9999 -9999 -9999 -9999 -9999 -9999 -9999 -9999 -9999 -9999 -9999 -9999 -9999 -9999 -9999 -9999 -9999 -9999 -9999 -9999
136.25 136.84 139.1 145.02 147.24 150.25 158.31 155.45 155.74 158.67 161.01 160.82 156.99 156.25 160.76 160.48 165.5 166.62 172.16 172.63 168.29 164.65 171.15 176.35 180.68 177.62 183.98 186.89 191.52 213.54 228 272.87 257.23 235.99 285.22 270.2283 -9999 -9999 -9999 279.5 -9999 306.5555 -9999 -9999 -9999 266 253.5 272.7 290.02 300.52 278.2317 299.5397 298.0909 -9999 -9999 -9999 -9999 -9999 -9999 -9999 -9999 -9999 -9999 -9999 -9999 -9999 -9999 -9999 -9999 -9999 -9999 -9999 -9999 -9999 -9999 -9999 -9999
134.9 133.11 131.45 139.58 147.7 150.98 145.92 145.57 146.47 144.8 137.45 140.42 144.54 142.49 142.69 144.49 151 154.73 164.99 164.7 159.15 154.05 160.55 166.15 160.86 159.86 157.91 168.48 176.87 180.52 187.09 208.09 216.96 206.54 235.96 225.48 258.36 274.1 255.61 241.42 279.55 281.74 303.71 269.56 321.38 310.28 298.83 303.28 306.54 285.28 233.86 266.36 266.71 306.6082 -9999 -9999 -9999 -9999 -9999 -9999 -9999 -9999 -9999 -9999 -9999 -9999 -9999 -9999 -9999 -9999 -9999 -9999 -9999 -9999 -9999 -9999 -9999
124.29 122.5 122.66 121.93 122.51 122.56 120.82 121.59 122.15 120.54 120 124.09 126.17 128.89 129.89 131.88 136.92 141.2 149.05 144.96 140.89 141.76 142.64 151.4 155.35 163.53 155.4 151.55 163.78 164.05 174.74 171.78 171.38 195.79 216.02 205.62 216.59 212.18 190.62 210.69 265.23 260.24 238.59 269.33 282.27 267.45 274.23 286.99 310.04 303.83 237.15 210.56 236.99 280.36 -9999 -9999 -9999 -9999 -9999 -9999 -9999 -9999 -9999 -9999 -9999 -9999 -9999 -9999 -9999 -9999 -9999 -9999 -9999 -9999 -9999 -9999 -9999
120.7 119 119.24 117.05 113.38 113.84 109.58 104.95 102.68 102.65 107.11 112.23 115.07 117.65 121.12 121.83 125.33 125.76 132.02 134.04 132.83 141.41 145.74 149.48 150.53 159.46 161.05 149.98 152.34 152.1 159.41 156.56 158.33 179.54 193.86 201.14 177.59 178.3 160.29 192.14 213.79 216.64 221.11 241.54 228.71 218.67 241.56 284.29 275.46 271.58 216.33 228.35 251.46 254.64 -9999 -9999 296.8254 292.8316 271.2247 213.5556 195.2647 -9999 -9999 -9999 -9999 -9999 -9999 -9999 -9999 -9999 -9999 149.2321 158.0294 142.7359 -9999 -9999 -9999
129.29 123.31 120.32 111.1 112.96 123.73 112.95 107.82 103.38 104.1 102.93 104.35 105.62 108.44 112.27 112.29 114.12 115.41 117.15 118.99 119.71 123.88 132.87 136.61 141.68 147.33 149.39 142.01 139.46 151.82 153.28 155.96 164.37 167.43 177.11 186.1 186.84 164.09 146.78 148.27 161.88 182.19 198.35 216.51 225.13 209.46 210.65 214.19 205.2 212.49 195.57 247.86 221.12 177.85 163.06 194.54 205.41 195.99 187.71 192.89 224.7397 -9999 274.2 272.38 246.73 225.5647 -9999 -9999 -9999 182.5638 154.2 124.77 115.41 111.68 112.191 -9999 -9999
129.23 142.15 130.97 115.71 127.92 136 125.94 127.96 131.94 120.62 125.22 107.31 100.5 101.03 102.94 104.63 105.57 108.25 110.64 110.93 111.45 113.22 116.93 120.57 124.07 126.13 130.46 123.3 123.76 131.68 148 162.53 166.79 171.94 190.61 178.96 172.59 158.58 137.84 133.69 160.6 154.92 182.29 172.26 194.58 179.58 193.18 206.35 173.36 166.17 214.55 224.44 196.79 145.37 179.38 222.48 242.09 244.49 217.01 221.64 229.89 219.19 200.29 214.38 213.52 185.55 177.03 179.82 183.84 176.94 154.66 131 112.17 104.23 104.1348 110.6129 -9999
146.29 152.01 134.65 129.84 135.57 123.6 133.36 125.97 138.08 123.19 119.31 108.64 101.57 101.74 97.18 96.89 97.74 100.5 100.87 100.98 103.32 103.92 105.01 105.15 108.49 112.31 114.88 111.24 109.58 109.9 109.56 112.79 115.63 124.45 121.43 123.75 137.37 135.81 139.03 125.4 141.1 130.06 143.73 160.41 169.93 155.02 177.56 157.22 139.75 175.77 215.21 187.24 150.26 156.04 202.22 225.56 228.9 214.33 201.07 159.29 183.35 174.38 162.46 156.79 175.54 176.09 164.61 169.02 164.49 159.48 146.6 129.82 116.92 105.5053 -9999 -9999 -9999
129.95 123.78 129.2 143.41 137.77 132.86 141.35 147.83 139.42 129.3 128.76 119.21 112.08 109.91 95.74 93.08 93.79 93.12 93.96 96.4 98.11 95.18 94.65 94.85 96.32 98.88 100.46 99.57 99.96 101.5 101.17 97.66 94.56 95.48 97.7 99.66 105.87 107.64 112.33 108.77 123.54 125.94 145.85 148.2 154.08 140.18 158.74 127.62 129.24 133.41 167.5 171.99 141.85 160.95 181.44 191.24 160.13 172.2 199.06 132.24 139.32 140.06 148.93 143.57 175.59 185.17 170.2 179.38 174.77 166.92 149.05 135.58 121.79 111.17 102.0149 -9999 -9999
138.81 141.93 152.81 149.13 151.66 152.44 151.45 142.19 132.15 136.83 129.24 121.63 105.97 97.04 94.4 92.32 88.7 87.76 87.46 89.39 94.11 93.14 87.24 89.88 95.46 97.81 95.86 92.03 94.2 93.58 93.4 89.46 86.99 86.95 88.97 90.68 94.35 95.54 95.96 96.92 124.3 133.34 138.15 128.07 137.43 154.75 160.1 131.23 162.84 151.7 143.56 128.31 116.33 122.99 128.78 131.37 136.41 139.98 125.09 110.35 116.1 118.97 133.17 136.22 141.93 165.98 183.42 179.1 175.88 173.95 151.14 134.34 123.06 109.5 103.1531 -9999 -9999
111.83 120.83 135.81 131 142.22 133.22 133.79 127.19 134.87 137.24 129.04 119.4 106.37 100.95 97.92 97.03 87.25 86.13 83.75 81.36 81.71 81.54 81.41 84.43 90.82 98.82 92.69 85.9 88.1 90.6 87.45 83.44 81.77 82.15 83.42 84.39 87.88 87.62 88.42 90.23 98.25 107.98 121.36 122.5 119.91 136.27 126.49 121.75 140.86 116.63 111.45 112.78 115.59 121.66 131.82 123.31 114.77 113.77 113.53 107.14 110.49 112.65 125.57 131.28 139.45 158.24 173.46 180.58 171.65 159.88 143.69 149.1 132.72 113.08 104.45 102.3333 -9999
108.56 111.54 113.06 112.19 112.27 112.74 115.84 113.38 114.71 122.06 125.28 118.63 112.91 112.79 104.8 96.2 91.04 92.22 86.2 79.12 77.38 75.31 75.51 82.69 87.05 87.1 84.28 80.92 83.9 85.59 86.01 80.22 78.37 77.37 78.08 79.7 85 83.2 81.55 84.91 87.87 92.27 96.39 98.74 106.78 111.6 109.92 104.21 106.43 103.24 108.66 106.82 109.16 117.41 123.82 127.6 116.96 108.26 108.67 104.19 107.83 115.87 140.21 136.37 145.09 162.87 178.55 180.28 174.4 149.97 140.39 136.32 139.16 123.05 107.8904 -9999 -9999
100.76 105.33 107.45 108.86 110.61 112.28 108.52 108.26 110.79 114.27 116.23 115.18 115.49 116.26 142.57 131.06 98.13 90.66 84 79.62 76.19 72.76 70.39 70.24 73.29 77.27 76.06 76.48 80.01 80.44 83.99 80.64 76.43 75.46 74.9 76.5 78.12 77.88 77.9 81.94 80.76 80.64 81.83 87.25 86.82 88.8 88.68 91.37 95.72 99.64 102.41 107.75 111.36 114.06 116.9 124.77 125.31 115.27 104.63 103.53 107.82 121.17 137.11 144.32 158.69 183.98 185.94 169.6 158.29 138.72 136.45 138.9 128.625 -9999 -9999 -9999 -9999
93.45 97.73 97.59 101.63 106.67 106.4 106.43 105.62 104.18 105.45 107.87 107.85 112.24 120.91 126.68 133.78 119.63 101.21 93.55 81.65 75.72 72.42 68.67 66.33 65.44 68.06 71.44 73.15 76.49 77.61 80.05 81.93 80.55 76.92 74.17 73.88 74.71 74.5 74.6 77.16 76.33 76.47 81.37 85.16 79.45 80.56 83.45 87.64 91.48 96.05 101.16 107.02 113.81 122.5 126.7 125.02 123.36 117.17 107.1 106.66 119.97 129.01 136.93 138.52 147.01 158.41 157.61 151.46 148.07 129.4898 129.8506 126.8929 -9999 -9999 -9999 -9999 -9999
87.87 90.88 92.71 94.8 95.5 98.56 102.33 102.57 99.3 100.4 103.7 105.06 108.63 111.52 113.47 108.27 102.35 91.17 89.81 84.21 73.71 69.8 71.69 73.7 68.97 67.83 69.49 69.91 70.55 71.41 71.05 71.99 76.4 79.17 77.33 77.04 80.58 77.59 75.4 74.26 73.88 76.5 77.56 75.96 74.39 78.37 83.33 88.71 93.46 97.81 104.11 113.73 121.09 126.62 126.11 120.08 120.46 122.69 124.93 112.53 129.6 128.62 124.73 125.21 133.92 145.07 155.87 150.6465 143.4079 -9999 -9999 -9999 -9999 -9999 -9999 -9999 -9999
83.37 87.22 88 88.44 92.27 94.91 97.41 96.68 100.4 103.17 101.64 100.84 105.75 103.36 103.1 100.98 102.25 86.95 80.55 78.51 71.17 69.32 72.63 79.32 73.96 73.29 72.6 69.61 68.05 66.77 67.32 68.47 69.89 72.23 75 74.44 75.27 77.04 76.71 78.6 75.21 74.24 72.92 73.09 76.49 81.96 86.98 92.08 98.86 106.8 116.22 126.5 133.35 132.87 130.93 123.32 120.09 122.06 120.83 114.09 117.49 118.01 115.89 120.44 133.69 136.3936 -9999 -9999 -9999 -9999 -9999 -9999 -9999 -9999 -9999 -9999 -9999
84.76 85.76 86.51 88.63 90.22 90.05 90.89 94.58 99.81 100.82 93.96 95.51 96.84 97.23 93.9 89.49 92.45 94.35 77.63 76.15 72.01 71.11 73.71 73.68 73.76 76.89 74.38 71.03 68.12 66.21 65.2 66.19 68.39 71.21 72.41 73.32 74.89 74.93 75.46 77.4 80.42 70.74 73.49 78.1 83.89 92.51 100.79 106.54 110.15 118.55 120.58 120.75 129.32 132.34 138.3 135.99 128.75 120.44 117.85 119.23 116.8 117.08 122.01 121.2979 -9999 -9999 -9999 -9999 -9999 -9999 -9999 -9999 -9999 -9999 -9999 -9999 -9999
93.46 94.39 90.51 89.85 93.9 94.81 94.38 93.98 95.4 92.55 87.35 89.13 91.69 90.95 91.58 82.95 83.52 77.84 85.51 86.78 83.71 74.82 72.15 73.56 73.04 76.88 72.24 67.74 66.45 65.18 65.48 65.37 66.93 70.3 72.28 74.09 75.87 75.93 73.27 77.55 76.28 78.41 83.94 89.8 97.97 107.72 114.99 121.24 128.92 127.42 123.51 116.15 121.17 124.56 137.25 132.05 122.22 120.64 123.87 132.3 124.15 118.79 120.383 -9999 -9999 -9999 -9999 -9999 -9999 -9999 -9999 -9999 -9999 -9999 -9999 -9999 -9999
96.96 94.2 92.43 92.31 92.46 94.62 95.39 96.88 93.91 87.26 84.94 83.56 83.42 82.64 84.77 83.02 79.41 76.77 80.41 85.68 85.16 80.37 74.09 74.8 75.08 74.92 71.81 68.17 66.92 65.89 65.61 65.89 65.82 67.39 68.16 69.24 69.62 70.7 74.03 79.9 81.95 82.09 85.07 82.4 90.9 106.03 125.16 132.67 141.03 148.71 130.16 108.39 110.7 114.94 119.86 115.77 114.75 117.86 117.08 124.5306 121.6667 117.0882 -9999 -9999 -9999 -9999 -9999 -9999 -9999 -9999 -9999 -9999 -9999 -9999 -9999 -9999 -9999
96.02 86.65 88.39 86.48 86.25 94.4 95.28 96.32 92.75 88.57 86.79 88.98 92.51 92.11 89.15 84.76 87.55 83.48 78.19 80.52 80.45 79.68 80.11 78.9 75.41 72.9 70.59 69.56 68.3 66.64 65.79 66.25 67.27 69.02 69.89 70.53 71.94 74.38 78.94 78.21 80.04 82.61 89.4 78.63 88.4 101.85 103.78 114.35 122.96 114.94 109.35 100.73 104.26 106.12 108.7143 106.8861 110.2576 -9999 -9999 -9999 -9999 -9999 -9999 -9999 -9999 -9999 -9999 -9999 -9999 -9999 -9999 -9999 -9999 -9999 -9999 -9999 -9999
89.26 86.06 85.35 82.65 83.6 90.96 93.75 94.92 97.61 100.23 103.18 103.89 100.85 98.82 98.31 93.8 93.67 92.12 86.04 74.88 76.31 77.01 81.34 81.38 76.25 73.71 71.87 73.37 77.06 71.39 68 69.67 70.81 72.27 73.7 77.79 76.39 79.39 83.42 83.24 90 95.03 100.32 90.26 86.58 90.09 100.84 114.93 103.68 99.6 98.15 97.23457 -9999 -9999 -9999 -9999 -9999 -9999 -9999 -9999 -9999 -9999 -9999 -9999 -9999 -9999 -9999 -9999 -9999 -9999 -9999 -9999 -9999 -9999 -9999 -9999 -9999
76.72 76.62 78.39 79.3 84.01 87.84 91.94 95.04 96.3 101.96 106.66 106.31 102.51 108.24 106.93 102.38 94.91 90.53 89.37 87.47 71.65 77.31 83.21 96.22 86.78 76.23 73.54 73.22 73.58 72.54 72.72 75.46 75.41 76.15 76.24 78.58 83.55 88.68 89.8 91.85 95.96 95.2 95.96 89.84 85.03 96.84 107.75 104.92 96.67606 -9999 -9999 -9999 -9999 -9999 -9999 -9999 -9999 -9999 -9999 -9999 -9999 -9999 -9999 -9999 -9999 -9999 -9999 -9999 -9999 -9999 -9999 -9999 -9999 -9999 -9999 -9999 -9999
71.75 70.28 73.67 77.07 82.84 87.72 89.86 91.21 93.92 96.09 100.7 105.25 107.41 107.12 104.68 100.81 96.18 92.2 82.84 79.59 77.3 68.46 78.73 94.57 96.74 86.27 80.11 75.88 71.12 73.36 76.65 81.13 80.42 80.03 79.48 83.03 91.32 94.42 94.8 99.41 97.27 101.75 88.99 92.5 95.97 95.05 99.5 99.28 -9999 -9999 -9999 -9999 -9999 -9999 -9999 -9999 -9999 -9999 -9999 -9999 -9999 -9999 -9999 -9999 -9999 -9999 -9999 -9999 -9999 -9999 -9999 -9999 -9999 -9999 -9999 -9999 -9999
67.53 72.12 77.56 80.71 81.08 83.54 86.81 90.54 93.48 90.26 96.26 98.61 105.39 100.49 103.35 105.59 100.5 95.64 86.58 81.54 72.53 66.73 77.07 82.63 88.89 81.54 83 80.48 78.42 79.17 84.33 83.86 85.42 84.85 83.88 93.62 100.5 100.22 100.46 104.21 111.84 109 89.24 90.04 101.27 92.52525 -9999 -9999 -9999 -9999 -9999 -9999 -9999 -9999 -9999 -9999 -9999 -9999 -9999 -9999 -9999 -9999 -9999 -9999 -9999 -9999 -9999 -9999 -9999 -9999 -9999 -9999 -9999 -9999 -9999 -9999 -9999
