layers/wordclim/current/bio_04.asc
ncols         166
nrows         93
xllcorner     -9.4959440078468
yllcorner     36.000324005443
cellsize      0.083333337679505
NODATA_value  -9999
[rows 31 to 61 of 93, columns 70 to 139 of 166]
6181.66 6129.29 6163.05 6245.77 6224.84 6288.91 6286.35 6314.29 6336.63 6348.59 6361.38 6357.03 6330.31 6328.11 6317.91 6311.25 6297.51 6269.46 6258.8 6257.51 6244.99 6229.95 6215.39 6183.11 6162.47 6142.11 6131.99 6095.72 6074.68 6059.58 6047.04 6055.63 6060.2 6069.67 6054.24 6023.17 6034.72 6025.09 6000.81 5973.42 5963.68 5943.31 5938.94 5919.95 5922.09 5928.25 5915.4 5920.82 5913.17 5891.93 5840.61 5757.2 5704.13 5693.68 5671.49 5489.42 5321.32 5187.13 5080.371 -9999 -9999 -9999 -9999 -9999 -9999 -9999 -9999 -9999 -9999 -9999
6318.06 6327.34 6236.89 6307.13 6365.4 6358.63 6348.88 6396.44 6402.17 6398.08 6396.18 6377.16 6363.82 6349.4 6334.31 6333.32 6303.72 6278.43 6270.01 6274.16 6244.88 6228.91 6218.26 6195.45 6169.41 6139.98 6116.44 6097.55 6068.49 6054.45 6042.97 6044.66 6039.45 6048.14 6041.42 6024.99 6010.68 6002.09 5977.91 5964.49 5934.75 5913.96 5901.65 5891.72 5883.42 5869.17 5855.19 5847.09 5823.04 5793.85 5721.9 5613.55 5641.33 5639.68 5521.22 5335.141 -9999 -9999 -9999 -9999 -9999 -9999 -9999 -9999 -9999 -9999 -9999 -9999 -9999 -9999
6393.28 6407.4 6374.54 6382.07 6434.88 6431.27 6438.36 6445.67 6454.72 6437.39 6423.43 6402.37 6377.36 6369.15 6362.44 6355.52 6336.98 6318.01 6293.37 6282.07 6268.26 6256.55 6241.63 6212.73 6184.56 6155.01 6120.88 6090.33 6063.19 6068.29 6062.13 6049.86 6045.48 6042.7 6037.23 6034.95 6012.3 5985.11 5967.53 5937.41 5914.19 5877.49 5865.74 5858.88 5841.69 5820.18 5807.53 5779.36 5755.69 5645.87 5622.56 5594.86 5533.14 5487.23 5419.14 -9999 -9999 -9999 -9999 -9999 -9999 -9999 -9999 -9999 -9999 -9999 -9999 -9999 -9999 -9999
6408.73 6464.41 6485.23 6487.96 6483.25 6486.93 6498.95 6488.54 6465.42 6446.13 6426.89 6431.24 6416.15 6397.54 6381.63 6373.69 6367.96 6349.28 6326.95 6305.29 6297.44 6270.48 6250.96 6227.75 6200.02 6175.21 6145.28 6097.85 6065.6 6084.83 6081.45 6070.73 6061.19 6044.66 6031.33 6022.14 5999.89 5976.08 5954.77 5930.07 5897.68 5856.36 5848.6 5843.35 5809.98 5774.75 5765.1 5751.63 5701.58 5536.76 5499.65 5563.83 5416.444 -9999 -9999 -9999 -9999 -9999 -9999 -9999 -9999 -9999 -9999 -9999 -9999 -9999 -9999 -9999 -9999 -9999
6503.36 6536.51 6524.86 6513.72 6513.12 6529.46 6543.08 6521.27 6481.67 6465.79 6460.92 6464.11 6453.59 6421.9 6412.78 6406.98 6394.61 6372.15 6351.78 6329.17 6313.42 6291.56 6271.81 6245.21 6222.37 6197.43 6163.64 6127.93 6113.17 6124.41 6112.74 6098.74 6080.54 6062.3 6045.07 6028.28 6004.02 5976.64 5947.9 5918.78 5868.45 5849.47 5822.87 5811.22 5784.01 5774.26 5759.33 5746.27 5620.92 5439.65 5397.87 5368.46 5292.352 -9999 -9999 -9999 -9999 -9999 -9999 -9999 -9999 -9999 -9999 -9999 -9999 -9999 -9999 -9999 -9999 -9999
6546.98 6573.94 6562.31 6558.27 6548.09 6571.08 6561.1 6510.43 6503.95 6495.3 6480.41 6494.21 6483.61 6472.17 6449.62 6424.64 6395.61 6371.82 6352.73 6343.59 6328.02 6303.54 6286.98 6264.23 6247.54 6227.86 6199.6 6173.55 6164.65 6157.55 6143.63 6127.74 6102.38 6082.43 6061.12 6042.82 6009.56 5978.21 5945.02 5907.25 5872.07 5840.49 5826.91 5811.29 5791.57 5785.89 5726.63 5670.92 5507.28 5391.46 5325.1 5264.763 5228.914 5184.732 5160.13 -9999 -9999 -9999 -9999 -9999 -9999 -9999 -9999 -9999 -9999 -9999 -9999 -9999 -9999 -9999
6602.33 6616.35 6588.37 6585.61 6580.05 6597.02 6562.87 6546.45 6542.95 6512.07 6497.38 6516.7 6494.97 6475.09 6451.91 6436.42 6414.28 6394.32 6371.17 6357.87 6342.6 6323.45 6301.82 6276.91 6270.22 6252.21 6236.85 6218.65 6208.37 6189.69 6181.15 6160.49 6138.16 6103.38 6080.69 6050.31 6019.15 5994.07 5967.68 5917.19 5882.25 5835.24 5820.24 5806.41 5761.23 5708.2 5614.68 5498.14 5414.09 5363.16 5361.351 -9999 -9999 -9999 -9999 -9999 -9999 -9999 -9999 -9999 -9999 -9999 -9999 -9999 -9999 -9999 -9999 -9999 -9999 -9999
6636.38 6662 6614.88 6610.59 6614.06 6598.19 6579.33 6586.31 6555.53 6536.6 6535.05 6535.63 6517.81 6493.38 6482.24 6472.06 6452.7 6434.31 6407.14 6382.9 6345.96 6335.47 6314.68 6289.56 6286.1 6275.12 6264.77 6257.16 6247.92 6237.49 6208.92 6195.65 6161.57 6117.05 6095.08 6063.09 6033.82 6010.09 5979.47 5937.9 5891.89 5832.98 5798.82 5780.79 5711.91 5628.67 5498.1 5418.25 5337.72 5289.42 -9999 -9999 -9999 -9999 -9999 -9999 -9999 -9999 -9999 -9999 -9999 -9999 -9999 -9999 -9999 -9999 -9999 -9999 -9999 -9999
6656.34 6740.45 6672.76 6640.05 6618.21 6594.88 6600.21 6593.28 6574.82 6568.01 6566.72 6559.07 6533.65 6525.07 6507.55 6488.59 6470.06 6449.03 6425.79 6398.96 6375.43 6351.58 6335.68 6312.73 6301.45 6298.55 6290.69 6288.48 6286.3 6278.5 6245.85 6231.28 6167.11 6137.15 6110.02 6076.53 6046.64 6019.77 5989.96 5953.18 5896.87 5846.27 5808.93 5756.43 5627.41 5516.93 5444.1 5368.28 5264.44 5226.56 -9999 -9999 -9999 -9999 -9999 -9999 -9999 -9999 -9999 -9999 -9999 -9999 -9999 -9999 -9999 -9999 -9999 -9999 -9999 -9999
6697.11 6734.32 6705.52 6648.95 6630.88 6628.81 6630.82 6620.67 6612.12 6600.91 6586.48 6571.43 6550.14 6530.75 6521.01 6505.89 6484.9 6468.13 6454.12 6422.93 6400.74 6379.24 6355.82 6339.43 6331.63 6324.87 6312.12 6302.1 6310.72 6309.32 6311.43 6246.39 6185.05 6151.18 6116.56 6088 6060.5 6032.18 5999 5948.5 5872.06 5769.84 5727.33 5631.09 5540.61 5430.6 5416.6 5321.19 5248.289 -9999 -9999 -9999 -9999 -9999 -9999 -9999 -9999 -9999 -9999 -9999 -9999 -9999 -9999 -9999 -9999 -9999 -9999 -9999 -9999 -9999
6730.52 6744.34 6720.42 6675.82 6666.52 6658.47 6644.9 6630.6 6633.72 6608.32 6588.71 6585.65 6565.54 6548.64 6531.97 6516.61 6502.82 6484.68 6469.67 6441.88 6415.38 6397.17 6387.8 6357.02 6345.83 6333.55 6323.39 6317.58 6309.62 6311.14 6314.53 6257.36 6201.43 6167.36 6118.52 6089.36 6060.72 6019.93 5989.13 5937.28 5864.06 5715.79 5619.95 5579.09 5508.25 5341.7 5296.19 5306.671 -9999 -9999 -9999 -9999 -9999 -9999 -9999 -9999 -9999 -9999 -9999 -9999 -9999 -9999 -9999 -9999 -9999 -9999 -9999 -9999 -9999 -9999
6751.2 6743.14 6734.82 6706.56 6693.1 6681.99 6667.59 6649.88 6639.1 6619.61 6603.45 6598.04 6572.25 6559.88 6544.63 6530.12 6514.96 6496.93 6480.09 6458.51 6439.22 6422.16 6397.68 6383.6 6365 6356.98 6330.91 6334.91 6321.9 6307.78 6290.08 6243.74 6207.86 6153.71 6097.31 6055.03 6018.57 5987.12 5919.19 5867.31 5804.98 5591.34 5438.11 5423.69 5366.66 5301.13 5208.697 -9999 -9999 -9999 -9999 -9999 -9999 -9999 -9999 -9999 -9999 -9999 -9999 -9999 -9999 -9999 -9999 -9999 -9999 -9999 -9999 -9999 -9999 -9999
6773.52 6766.27 6740.13 6713.44 6709.74 6705.4 6681.79 6668.21 6655.62 6627.85 6614.75 6595.29 6587.97 6568.12 6555.15 6543.56 6525.94 6511.62 6491.23 6476.27 6454.32 6436.38 6418.44 6404.7 6384.87 6373.08 6353.11 6338.73 6297.02 6285.92 6270.54 6228.99 6199.29 6154.97 6080.58 6014.59 5925.7 5852.23 5832.97 5743.36 5647.1 5495.23 5351.33 5340.19 5318.55 5228.023 -9999 -9999 -9999 -9999 -9999 -9999 -9999 -9999 -9999 -9999 -9999 -9999 -9999 -9999 -9999 -9999 -9999 -9999 -9999 -9999 -9999 -9999 -9999 -9999
6787.23 6773.77 6768.35 6741.11 6733.65 6715.94 6694.43 6684.88 6660.54 6646.63 6624.37 6621.64 6596.35 6583.84 6567.24 6552.46 6535.32 6510.05 6500.51 6486.06 6472.5 6449.4 6428.83 6416.12 6393.19 6377.1 6358.95 6335.24 6273.72 6285.21 6260.4 6230.75 6200.66 6148.72 6088.38 6010.06 5949.79 5798.14 5695.87 5557.38 5425.59 5292.64 5263.92 5262.31 5233.418 -9999 -9999 -9999 -9999 -9999 -9999 -9999 -9999 -9999 -9999 -9999 -9999 -9999 -9999 -9999 -9999 -9999 -9999 -9999 -9999 -9999 -9999 -9999 -9999 -9999
6797.04 6783.5 6763.88 6750.92 6741.3 6719.44 6701.89 6689.48 6677.62 6659.76 6639.51 6626.65 6601.21 6592.67 6574.22 6555.52 6541.57 6522.53 6505.63 6487.98 6473.66 6442.15 6427.05 6403.62 6391.59 6375.28 6353.94 6324.43 6278.62 6226.4 6230.26 6219.12 6188.45 6168.41 6100.95 5984.49 5850.48 5738.85 5718.05 5583.38 5354.27 5186.15 5110.89 5108.794 -9999 -9999 -9999 -9999 -9999 -9999 -9999 -9999 -9999 -9999 -9999 -9999 -9999 -9999 -9999 -9999 -9999 -9999 -9999 -9999 -9999 -9999 -9999 -9999 -9999 -9999
6812.87 6790.13 6779.67 6766.8 6749.27 6733.56 6724.5 6707.17 6685.45 6668.57 6650.79 6628.65 6620.18 6593.49 6584.53 6560.97 6542.44 6528.24 6513.5 6494.5 6472.5 6441.19 6428.77 6391.78 6391.05 6373.93 6341.16 6299.6 6275.48 6219.14 6157.28 6143.73 6128.6 6115.97 6078.93 5950.19 5790.89 5580.63 5494.01 5547.84 5427.37 5184.23 5052.222 -9999 -9999 -9999 -9999 -9999 -9999 -9999 -9999 -9999 -9999 -9999 -9999 -9999 -9999 -9999 -9999 -9999 -9999 -9999 -9999 -9999 -9999 -9999 -9999 -9999 -9999 -9999
6827.93 6816.71 6792.8 6771.99 6762.37 6747.36 6726.56 6711.17 6692.62 6676.32 6661.96 6632.84 6625.17 6601.43 6593.43 6564.75 6536.02 6520.97 6507.69 6492.48 6473.55 6439.07 6413.08 6387.05 6361.16 6339.82 6301.95 6287.16 6253.49 6186.27 6066.81 6036.72 6031.45 5998.33 5896.52 5844.06 5756.46 5654.49 5438.01 5274.87 5232.18 5072.77 -9999 -9999 -9999 -9999 -9999 -9999 -9999 -9999 -9999 -9999 -9999 -9999 -9999 -9999 -9999 -9999 -9999 -9999 -9999 -9999 -9999 -9999 -9999 -9999 -9999 -9999 -9999 -9999
6835.5 6813.95 6802.32 6790.39 6765.11 6745.58 6733.68 6717.04 6693.9 6688.85 6657 6646.41 6625.67 6602.61 6587.73 6561.75 6531.95 6514.01 6499.72 6485.01 6462.34 6436.26 6402.83 6369.42 6324.89 6295.16 6283.63 6282.53 6218.38 6165.98 6087.82 5968.08 5821.54 5761.78 5666.08 5532.74 5441.42 5433.68 5493.3 5267.57 5100.95 5026.066 -9999 -9999 -9999 -9999 -9999 -9999 -9999 -9999 -9999 -9999 -9999 -9999 -9999 -9999 -9999 -9999 -9999 -9999 -9999 -9999 -9999 -9999 -9999 -9999 -9999 -9999 -9999 -9999
6833.13 6826.9 6810.03 6786.62 6770.68 6757.36 6736.61 6710.5 6708.16 6678.82 6655.04 6652.79 6629.52 6602.26 6588.3 6560.02 6530.92 6513.21 6488.55 6466.13 6446.81 6416.09 6395.68 6371.22 6320.09 6263.91 6271.9 6243.17 6176.38 6142.74 6152.15 6090.18 5904.91 5684.05 5550.91 5408.8 5311.02 5233.39 5171.11 5122.63 5024.245 -9999 -9999 -9999 -9999 -9999 -9999 -9999 -9999 -9999 -9999 -9999 -9999 -9999 -9999 -9999 -9999 -9999 -9999 -9999 -9999 -9999 -9999 -9999 -9999 -9999 -9999 -9999 -9999 -9999
6843.34 6829.14 6810.72 6796.06 6778.01 6754.79 6732.83 6720.92 6706.12 6670.83 6663.45 6652.36 6622.72 6604.02 6573.45 6541.29 6525.7 6512.26 6491.28 6444.14 6423.44 6392.33 6364.05 6338.3 6303.69 6235.23 6225.51 6200.13 6142.44 6079.78 6053.37 6001.93 5964.82 5910.06 5649.27 5405.99 5279.33 5179.36 5102.53 5002.07 -9999 -9999 -9999 -9999 -9999 -9999 -9999 -9999 -9999 -9999 -9999 -9999 -9999 -9999 -9999 -9999 -9999 -9999 -9999 -9999 -9999 -9999 -9999 -9999 -9999 -9999 -9999 -9999 -9999 -9999
6838.86 6826.25 6811.8 6792.99 6772.87 6751.74 6741.96 6722.39 6695.1 6669.91 6668.05 6645.23 6617.87 6603.96 6568.65 6528.71 6520.46 6510.88 6470.6 6434.98 6411.26 6373.67 6341.56 6310.65 6258.52 6180.45 6168.31 6133.41 6069.31 6004.38 5973.37 5972.79 5928.54 5867.27 5674.67 5444.34 5292.44 5165.04 5064.39 4984.34 -9999 -9999 -9999 -9999 -9999 -9999 -9999 -9999 -9999 -9999 -9999 -9999 -9999 -9999 -9999 -9999 -9999 -9999 -9999 -9999 -9999 -9999 -9999 -9999 -9999 -9999 -9999 -9999 -9999 -9999
6838.39 6828.4 6813.49 6795.42 6775.08 6752.82 6738.14 6705.97 6685.78 6671.07 6659.31 6632.82 6611.47 6590.67 6558.39 6533.13 6512.94 6494.62 6454.44 6422.44 6393.97 6359.66 6322.63 6284.3 6250.81 6185.55 6082.17 6022.81 5993.1 5950.99 5959.39 5911.19 5858.88 5748.11 5554.15 5419.36 5310.91 5212.5 5081.18 5011.73 -9999 -9999 -9999 -9999 -9999 -9999 -9999 -9999 -9999 -9999 -9999 -9999 -9999 -9999 -9999 -9999 -9999 -9999 -9999 -9999 -9999 -9999 -9999 -9999 -9999 -9999 -9999 -9999 -9999 -9999
6836.83 6825.68 6803.9 6778.32 6775.86 6760.05 6738.18 6708.79 6680.68 6667.08 6654.21 6622.44 6608.73 6591.68 6550.61 6527.96 6496.75 6485.14 6447.64 6403.92 6379.67 6340.98 6299.83 6263.54 6221.71 6185.64 6149.86 6080.89 5995.18 5939.19 5886.87 5862.15 5828.17 5697.04 5644.21 5565.82 5318.76 5231.17 5119.75 5059.72 5045.095 -9999 -9999 -9999 -9999 -9999 -9999 -9999 -9999 -9999 -9999 -9999 -9999 -9999 -9999 -9999 -9999 -9999 -9999 -9999 -9999 -9999 -9999 -9999 -9999 -9999 -9999 -9999 -9999 -9999
6826.81 6815.1 6798.68 6794.52 6776.95 6750.36 6735.73 6723.64 6688.07 6673.73 6651.7 6619.54 6610.7 6593.83 6560.42 6528.65 6491.49 6471.63 6441.52 6394.98 6363.49 6324.15 6277.63 6244.7 6207.16 6157.83 6111.98 6093.25 6053.73 6022.95 5921.99 5789.61 5871.63 5833.2 5646.42 5496.25 5386.78 5200.56 5142 5104.92 5084.727 -9999 -9999 -9999 -9999 -9999 -9999 -9999 -9999 -9999 -9999 -9999 -9999 -9999 -9999 -9999 -9999 -9999 -9999 -9999 -9999 -9999 -9999 -9999 -9999 -9999 -9999 -9999 -9999 -9999
6821.77 6816.28 6806.41 6784.63 6766.73 6755.03 6722.23 6718.26 6697.7 6686.34 6662.87 6641.77 6622.6 6596.34 6575.31 6532.58 6499.75 6465.16 6425.04 6386.52 6345.4 6314.33 6267.04 6235.56 6195.82 6163.41 6135.37 6137.24 6131.41 6068.67 5981.33 5836.03 5926.38 5818.52 5582.68 5449.51 5343.82 5216.31 5170.6 5207.96 5171.27 -9999 -9999 -9999 -9999 -9999 -9999 -9999 -9999 -9999 -9999 -9999 -9999 -9999 -9999 -9999 -9999 -9999 -9999 -9999 -9999 -9999 -9999 -9999 -9999 -9999 -9999 -9999 -9999 -9999
6824.94 6817.07 6805.93 6790.86 6771.4 6756.95 6737.22 6719.24 6709.83 6701.38 6681.16 6655.06 6634.06 6610.06 6588.45 6556.98 6511.57 6466.17 6411.65 6376.34 6330.02 6299.21 6258.56 6235.01 6235.45 6210.71 6202.03 6197.65 6169.13 6085.78 5997.69 5877.16 5929.69 5825.99 5669.62 5493.73 5353.93 5264.9 5221.43 5302.92 5284.88 5165.605 -9999 -9999 -9999 -9999 -9999 -9999 -9999 -9999 -9999 -9999 -9999 -9999 -9999 -9999 -9999 -9999 -9999 -9999 -9999 -9999 -9999 -9999 -9999 -9999 -9999 -9999 -9999 -9999
6827.28 6822.34 6812.54 6792.12 6774.2 6764.08 6755.87 6750 6735.34 6696.3 6682.61 6663.05 6645.29 6620.13 6595.65 6567.39 6516.64 6463.1 6406.92 6361.38 6307.25 6284.77 6271.54 6274.76 6270.55 6237.29 6224.55 6182.16 6112.28 6047.01 5981.55 5954.27 5967.18 5853.63 5697.29 5551.01 5420.84 5347.52 5304.96 5353.3 5363.94 5202.83 5176.179 -9999 -9999 -9999 -9999 -9999 -9999 -9999 -9999 -9999 -9999 -9999 -9999 -9999 -9999 -9999 -9999 -9999 -9999 -9999 -9999 -9999 -9999 -9999 -9999 -9999 -9999 -9999
6840.73 6845.78 6812.21 6788.91 6783.39 6777.01 6762.04 6754.58 6749 6717.58 6677.27 6663.19 6640.89 6618.17 6590.2 6557.97 6517.49 6465.62 6414.73 6356.4 6301.89 6294.7 6275.24 6258.34 6234.08 6216.94 6184.9 6132.91 6093.02 6033.47 5957.18 5911.61 5906.11 5818.63 5672.63 5622.97 5544.02 5399.54 5361.37 5389.02 5397.75 5335.8 5236.88 5216.239 -9999 -9999 -9999 -9999 -9999 -9999 -9999 -9999 -9999 -9999 -9999 -9999 -9999 -9999 -9999 -9999 -9999 -9999 -9999 -9999 -9999 -9999 -9999 -9999 -9999 -9999
6836.49 6822.76 6812.14 6793.18 6794.65 6783.76 6766.13 6745.93 6744.87 6718.98 6673.68 6658.91 6637.48 6617.14 6587.98 6544.47 6512.84 6480.86 6438.52 6394.3 6341.09 6317.53 6291.51 6267.81 6232.89 6205.82 6165.93 6113.8 6053.55 6037.62 6011.33 5944.69 5848.49 5740.69 5741.54 5690.66 5599.82 5615.97 5558.12 5441.75 5528.05 5491.45 5394.49 5286.24 5272.65 5269.381 -9999 -9999 -9999 -9999 -9999 -9999 -9999 -9999 -9999 -9999 -9999 -9999 -9999 -9999 -9999 -9999 -9999 -9999 -9999 -9999 -9999 -9999 -9999 -9999
6862.54 6841.57 6821.42 6790.36 6790.91 6780.8 6758.74 6732.36 6721.87 6704.98 6678.32 6643.96 6616.98 6595.53 6592.55 6574.17 6552.7 6516.48 6491.77 6438.63 6366.14 6319.33 6295.19 6258.69 6213.71 6173.67 6129.86 6114.22 6049.7 5987.99 5957.13 5903.9 5781.99 5769.07 5762.08 5747.5 5766.69 5726.5 5599.24 5541.49 5638.57 5538.38 5479.12 5370.69 5286.81 5254.181 -9999 -9999 -9999 -9999 -9999 -9999 -9999 -9999 -9999 -9999 -9999 -9999 -9999 -9999 -9999 -9999 -9999 -9999 -9999 -9999 -9999 -9999 -9999 -9999
6874.07 6854.72 6838.24 6813.89 6807.5 6795.04 6771.5 6733.78 6705.3 6701.37 6656.98 6627.06 6571.95 6588.39 6603.25 6597.57 6542.75 6511.91 6470.8 6416.92 6349.26 6294.53 6237.49 6194.11 6158.39 6118.95 6090.79 6077.74 6047.76 5981.11 5900.03 5853.11 5773.01 5709.54 5736.68 5787.89 5719.84 5766.63 5715.49 5665.02 5598.67 5554.63 5301.38 5276.684 -9999 -9999 -9999 -9999 -9999 -9999 -9999 -9999 -9999 -9999 -9999 -9999 -9999 -9999 -9999 -9999 -9999 -9999 -9999 -9999 -9999 -9999 -9999 -9999 -9999 -9999
