layers/wordclim/current/bio_01.asc
ncols         166
nrows         93
xllcorner     -9.4959440078468
yllcorner     36.000324005443
cellsize      0.083333337679505
NODATA_value  -9999
[rows 0 to 32 of 93, columns 73 to 145 of 166]
-9999 -9999 -9999 -9999 -9999 -9999 -9999 -9999 -9999 -9999 -9999 -9999 -9999 -9999 -9999 -9999 -9999 -9999 -9999 -9999 -9999 -9999 -9999 -9999 -9999 -9999 -9999 -9999 -9999 -9999 -9999 -9999 -9999 -9999 -9999 -9999 -9999 -9999 -9999 -9999 -9999 -9999 -9999 -9999 -9999 -9999 -9999 -9999 -9999 -9999 -9999 -9999 -9999 -9999 -9999 -9999 -9999 -9999 -9999 -9999 -9999 -9999 -9999 -9999 -9999 -9999 -9999 -9999 -9999 -9999 -9999 -9999 -9999
-9999 -9999 -9999 -9999 -9999 -9999 -9999 -9999 -9999 -9999 -9999 -9999 -9999 -9999 -9999 -9999 -9999 -9999 -9999 -9999 -9999 -9999 -9999 -9999 -9999 -9999 -9999 -9999 -9999 -9999 -9999 -9999 -9999 -9999 -9999 -9999 -9999 -9999 -9999 -9999 -9999 -9999 -9999 -9999 -9999 -9999 -9999 -9999 -9999 -9999 -9999 -9999 -9999 -9999 -9999 -9999 -9999 -9999 -9999 -9999 -9999 -9999 -9999 -9999 -9999 -9999 -9999 -9999 -9999 -9999 -9999 -9999 -9999
-9999 -9999 -9999 -9999 -9999 -9999 -9999 -9999 -9999 -9999 -9999 -9999 -9999 -9999 -9999 -9999 -9999 -9999 -9999 -9999 -9999 -9999 -9999 -9999 -9999 -9999 -9999 -9999 -9999 -9999 -9999 -9999 -9999 -9999 -9999 -9999 -9999 -9999 -9999 -9999 -9999 -9999 -9999 -9999 -9999 -9999 -9999 -9999 -9999 -9999 -9999 -9999 -9999 -9999 -9999 -9999 -9999 -9999 -9999 -9999 -9999 -9999 -9999 -9999 -9999 -9999 -9999 -9999 -9999 -9999 -9999 -9999 -9999
-9999 -9999 -9999 -9999 -9999 -9999 -9999 -9999 -9999 -9999 -9999 -9999 -9999 -9999 -9999 -9999 -9999 -9999 -9999 -9999 -9999 -9999 -9999 -9999 -9999 -9999 -9999 -9999 -9999 -9999 -9999 -9999 -9999 -9999 -9999 -9999 -9999 -9999 -9999 -9999 -9999 -9999 -9999 -9999 -9999 -9999 -9999 -9999 -9999 -9999 -9999 -9999 -9999 -9999 -9999 -9999 -9999 -9999 -9999 -9999 -9999 -9999 -9999 -9999 -9999 -9999 -9999 -9999 -9999 -9999 -9999 -9999 -9999
132.37 131.7865 136.7222 -9999 -9999 138.1035 136.7 132.34 135 134.8974 136.7455 -9999 -9999 -9999 -9999 -9999 -9999 -9999 -9999 -9999 -9999 -9999 -9999 -9999 -9999 -9999 -9999 -9999 -9999 -9999 -9999 -9999 -9999 -9999 -9999 -9999 -9999 -9999 -9999 -9999 -9999 -9999 -9999 -9999 -9999 -9999 -9999 -9999 -9999 -9999 -9999 -9999 -9999 -9999 -9999 -9999 -9999 -9999 -9999 -9999 -9999 -9999 -9999 -9999 -9999 -9999 -9999 -9999 -9999 -9999 -9999 -9999 -9999
123.87 122.99 122.87 130.96 130.6837 139.3939 135.95 136.36 135.67 134.13 131.07 135.4444 135.2466 140.4 140.9344 142.7541 141.8571 142.4271 138.06 127.77 132.2838 -9999 -9999 -9999 -9999 -9999 -9999 -9999 -9999 -9999 -9999 -9999 -9999 -9999 -9999 -9999 -9999 -9999 -9999 -9999 -9999 -9999 -9999 -9999 -9999 -9999 -9999 -9999 -9999 -9999 -9999 -9999 -9999 -9999 -9999 -9999 -9999 -9999 -9999 -9999 -9999 -9999 -9999 -9999 -9999 -9999 -9999 -9999 -9999 -9999 -9999 -9999 -9999
121.3 118.92 124.8 129.44 128.37 125.43 134.56 135.33 132.74 126.06 126.62 128.78 128.03 129.58 128.37 129.49 137.04 128.07 128.96 115.39 127.85 122.53 114.8 113.36 -9999 -9999 -9999 -9999 -9999 -9999 -9999 -9999 -9999 -9999 -9999 -9999 -9999 -9999 -9999 -9999 -9999 -9999 -9999 -9999 -9999 -9999 -9999 -9999 -9999 -9999 -9999 -9999 -9999 -9999 -9999 -9999 -9999 -9999 -9999 -9999 -9999 -9999 -9999 -9999 -9999 -9999 -9999 -9999 -9999 -9999 -9999 -9999 -9999
108.29 123.62 123.05 127.89 126.75 127.86 128.09 128.9 119.33 124.83 127.05 127.24 123.88 123.09 122.94 126.27 128.76 116.76 110.74 109.94 122.18 123.53 120.55 109.4658 -9999 -9999 -9999 -9999 -9999 -9999 -9999 -9999 -9999 -9999 -9999 -9999 -9999 -9999 -9999 -9999 -9999 -9999 -9999 -9999 -9999 -9999 -9999 -9999 -9999 -9999 -9999 -9999 -9999 -9999 -9999 -9999 -9999 -9999 -9999 -9999 -9999 -9999 -9999 -9999 -9999 -9999 -9999 -9999 -9999 -9999 -9999 -9999 -9999
105.33 108.51 104.66 107.6 124.31 124.81 111.21 96.46 112.39 112.27 123.95 127.15 118.78 126.17 130.89 126.67 113.98 116.42 103.55 105.05 105.52 101.15 92.38 91.075 -9999 86.30952 83.85714 -9999 -9999 -9999 -9999 -9999 -9999 -9999 -9999 -9999 -9999 -9999 -9999 -9999 -9999 -9999 -9999 -9999 -9999 -9999 -9999 -9999 -9999 -9999 -9999 -9999 -9999 -9999 -9999 -9999 -9999 -9999 -9999 -9999 -9999 -9999 -9999 -9999 -9999 -9999 -9999 -9999 -9999 -9999 -9999 -9999 -9999
107.09 106.55 105.54 104.16 107.82 111.11 114.06 108.7 115.8 116.52 110.6 107.96 97.62 109.54 116.52 110.3 99.37 102.6 109.03 111.08 110.93 110.72 102.21 98.72 92.7 89.65 87.58 83.16 75.94624 72.18033 67.52 51.65517 -9999 -9999 -9999 -9999 -9999 -9999 -9999 -9999 -9999 -9999 -9999 -9999 -9999 -9999 -9999 -9999 -9999 -9999 -9999 -9999 -9999 -9999 -9999 -9999 -9999 -9999 -9999 -9999 -9999 -9999 -9999 -9999 -9999 -9999 -9999 -9999 -9999 -9999 -9999 -9999 -9999
107.72 104.41 101.54 107.18 105.96 104.19 106.81 115.74 120.4 120.24 118.92 116.81 115.85 105.91 107.68 106.88 106.02 95.2 108.64 119.03 116.45 112.14 108.37 102.19 99.76 94.74 83.54 91.11 81.61 79.6 71.86 52.23 46.27632 -9999 -9999 -9999 -9999 -9999 -9999 -9999 -9999 -9999 -9999 -9999 -9999 -9999 -9999 -9999 -9999 -9999 -9999 -9999 -9999 -9999 -9999 -9999 -9999 -9999 -9999 -9999 -9999 -9999 -9999 -9999 -9999 -9999 -9999 -9999 -9999 -9999 -9999 -9999 -9999
112.98 114.28 112 103.07 117.81 110.99 117.16 117.13 112.49 110.95 106.58 107.61 100.87 98.46 102.54 104.25 94.79 100.52 105.62 119.32 122.11 121.19 113.38 112.94 112.49 103.53 99.7 97.5 93.56 91.86 78.12 66.4 56.83 37.41935 41.20895 30.98718 39 20.63636 11 -9999 -9999 -9999 -9999 -9999 -9999 -9999 -9999 -9999 -9999 70.81 50.32 27.96154 23.14545 -9999 -9999 -9999 -9999 -9999 -9999 -9999 -9999 -9999 -9999 -9999 -9999 -9999 -9999 -9999 -9999 -9999 -9999 -9999 -9999
103.53 105.16 99.58 104.14 121.25 122.66 121.81 116.49 115.64 113.49 105.52 109.62 110.68 109.24 108.56 111.46 117.9 122.17 118.12 120.24 113.95 113.61 107.38 106.68 111.96 116.54 106.95 100.48 95.07 97.34 90.38 87.47 83.78 67.58 57.9 27.52 39.81 55.77 22.22 34.46739 -9999 -9999 -9999 34.44444 -9999 16.24074 -9999 -9999 -9999 53.91837 63.28 48.37 36.43 29.14 43.42683 28.88889 30.16667 -9999 -9999 -9999 -9999 -9999 -9999 -9999 -9999 -9999 -9999 -9999 -9999 -9999 -9999 -9999 -9999
113.47 112.11 110.61 108.49 113.32 117.54 121.4 113.45 105.09 102.8 108.32 109.5 109.56 112.22 120.83 120.5 118.98 124.27 127.57 126.65 118.27 114.6 103.41 104.04 110.6 116.95 109.02 102.42 106.86 106.62 107.53 96.76 89.6 86.65 82.39 68.88 63.99 72.54 54.36 63.25 42.16 32.59 48.37 61.3 34.29 34.18 18.64 46.73 7.18 16.95 26.74 24.04 22.43 37.13 69.44 49.02 48.28 23.01031 -9999 -9999 -9999 -9999 -9999 -9999 -9999 -9999 -9999 -9999 -9999 -9999 -9999 -9999 -9999
103.61 106.82 107.49 109.85 117.82 122.03 123.2 125.1 124.23 122.94 123.81 122.31 121.64 123.87 126.96 126.19 127.81 128.26 130.69 130.1 124.16 119.27 110.64 115.83 121.68 120.34 118.35 107.84 103.08 94.85 101.95 104.67 94.54 93.89 86.55 89.09 90.4 76.05 64.69 73.48 68.75 73.86 89.13 78.52 42.14 48.2 65.82 44.18 35.47 47.66 43.09 33.87 17.85 22.72 65.6 79.65 64.05 39 -9999 -9999 -9999 -9999 -9999 -9999 -9999 -9999 -9999 -9999 -9999 -9999 -9999 -9999 -9999
102.38 102.45 107.41 111.23 113.98 118.11 118.32 121.47 125.38 123.96 126.92 129.65 130.07 131.4 131.24 129.37 130.3 130.77 128.94 131.04 127.46 128.57 120.83 118.69 120.26 110.1 105.36 101.59 100.36 92.3 90.91 99.16 97.16 97.41 92.33 94.76 94.75 82.8 75.67 73.22 89.33 90.5 103.12 85.92 74.19 75.02 74.35 61.4 71.32 81.17 63.8 34.34 40.24 43.32 75.88 68.2 55.12 53.22 -9999 -9999 27.34921 30.11579 43.38202 75.94444 86.44118 -9999 -9999 -9999 -9999 -9999 -9999 -9999 -9999
93.09 95.67 100.8 96 96.39 104.94 109.34 120.25 118.38 108.18 117.56 121.58 124.84 124.81 128.21 130.26 133.05 132.85 130.29 133.18 132.46 131.83 130.2 127.92 127 121.24 110.43 106.52 101.36 96.49 94.68 100.45 102.64 93.49 92.57 91.53 87.31 86.81 82.96 79.45 80.23 94.04 106.43 107.96 102.39 92.97 85.19 75.15 70.29 83.24 82.24 78.43 83.55 77.07 85.55 56.16 70.13 91.32 98.28 82.68 77.56 82.66 87.42 85.86 70.61644 -9999 40.925 41.44 61.87 76.97647 -9999 -9999 -9999
90.42 84.65 84.17 81.9 91.82 81.84 93.75 109.58 99.15 93 102.48 101.39 99 108.32 105.57 121.25 130.85 134.15 134.03 134.14 134.49 131.15 128.63 128.69 127.89 125.09 120.03 115.65 111.46 108.95 104.69 110.82 110.36 103.01 92.36 83.89 82.44 80.8 71.47 79.13 83.96 92.83 107.31 112.91 99.14 105.23 91.28 100.37 87.77 99.07 90.28 80.21 99.98 101.73 73.39 67.54 81.23 106.38 89.35 68.15 57.59 57.49 72.5 69.96 67.41 74.42 85.86 79.9 82.75 102.88 116.14 119.91 119.1
81.15 77.3 69.33 69.95 73.07 70.11 86.48 92.18 88.44 99.78 92.77 99.6 90.7 103.04 106.69 116.05 123.91 125.91 133.9 136.98 137.09 133.48 133.6 133.53 129.73 128.65 126.78 126.13 121.35 116.84 113.6 117.16 118.39 116.83 115.22 110.72 106.61 101.44 103.5 104.55 98.72 101.89 102.42 114.09 106.86 116.3 110.43 103.04 99.29 109.43 95.91 107.5 116.43 93.95 71.4 85.57 104.48 100.53 77.5 65.85 65.16 72.65 79.59 100.74 90.55 96.42 104.79 111.58 104.62 110.76 131.68 133.51 140.1
97.14 91.27 89.2 87.59 83.24 90.81 87.59 76.97 83.34 88.87 83.02 78.72 86.64 95.24 96.24 104.24 110.5 112.95 128.78 133.93 134.06 136.29 135.27 131.27 128.76 132.46 132.66 132 129.59 125.89 123.62 124.74 123.92 120.75 118.31 119.17 118.35 113.01 114.66 116.5 114.35 116.97 116.43 122.6 114.43 115.38 105.72 106.53 104.93 114.15 103.9 122.36 120.48 116.57 95.77 92.56 108.86 97.4 87.48 82.61 97.89 92.61 80.66 113.91 110.32 111.84 110.81 118.92 104.3 103.35 127.94 125 134.85
101.3 100.9 93.32 77.48 73.07 72.21 64.94 69.39 68.8 69.77 71.68 80.6 89.75 86.64 93.38 99.49 112.93 121.72 125.41 128.99 134.75 137.07 137.62 134.16 127.15 128.02 135.73 131.31 124.1 121.61 123.83 129.14 126.02 126.19 122.72 124.39 123.58 118.37 119.17 121.85 121.46 124.21 127.4 129.57 111.11 107.7 107.09 115.43 111.6 102.32 99.86 117.85 98.41 104.3 108.48 117.2 125.78 119.63 115.12 114.16 111.44 108.84 117.82 129.11 123.31 122.56 118.27 123.61 130.09 117.56 110.04 128.83 138.44
93.81 101.74 99.01 95.89 93.57 87.38 76.61 81.92 74 83.35 84.29 91.21 85.23 83.81 90.9 99.12 109.92 114.94 117.96 119.33 130.78 132.5 136.32 139.87 138.48 137.88 137.16 131.97 124.24 116.11 122.73 132.71 130.06 124.62 125 128.77 129.34 125.34 124.54 127.18 125.06 129.86 132.32 132.94 127.22 121.93 115.22 116.51 120.09 111.12 118.18 122.03 110.25 126.06 130.15 128.86 126.59 121.25 113.95 120.78 128.41 127.97 126.65 133.82 129.28 130.35 124.03 127.97 134.45 129.14 125.27 128.28 142.65
99.4 97.66 98.37 96.8 94.15 93.29 93.68 96.55 98.08 99.23 98.01 101.19 100.55 94.49 91.9 97.44 102.13 102.24 109.12 117.14 122.57 121.27 127.94 137.02 138.9 141.37 139.76 129.24 124.61 124.53 128.81 135.99 132.2 125.89 120.75 127.87 130.3 132.84 132.35 131.48 126.02 132.49 137.98 135.93 134.71 132.63 131.09 130.97 127.15 125.2 127.88 133.47 132.45 136.05 132.32 134.58 133.05 126.26 121.68 118.81 127.8 136.03 134.54 140.28 137.86 131.79 117.53 126.7 128.24 122.35 115.91 125.73 140.4
107.05 105.2 101.29 99.61 99.5 96.81 96.8 97.2 97.34 97.48 102.8 104.29 102.3 99.23 97.48 98.33 98.02 97.41 77.17 86.62 112.93 119.96 126.81 131.64 135.63 139.23 142.27 141.59 137.19 133.01 137.49 139.9 133.99 128.79 120.27 122.91 129.41 133.06 136.13 134.58 134.54 138.69 140.91 137.11 140.7 142.51 142.44 138.65 140.81 140.82 143.37 143.06 141.16 139.42 138.26 134.53 132.38 131.25 129.48 123.43 123.37 132.45 143.63 145.33 142.72 131.6 122.8 124.45 119.88 108.21 112.53 141.5 148.61
109.8 108.21 107.01 105.15 104.87 102.18 104.12 101.83 98.65 101.02 102.68 104.51 106.01 104.71 102.75 102.55 98.7 91.76 87.24 82.09 93.13 107.98 114.77 126.5 133.01 136.3 140.13 142.1 145.12 144.72 143.61 143.65 134.54 129.18 123.9 120.21 121.65 128.03 135.64 138.62 139.67 142.29 144.3 142.17 145.09 146.14 141.65 139.55 146.2 147.75 147.91 146.89 145.61 143.56 140.56 136.71 132.12 126.16 123.79 126.14 128.69 135.66 147.16 148.66 136.07 130.61 128.82 135.09 136.38 135.56 145.92 151.15 151.03
111.18 111 110.85 107.47 108.95 107.27 106.98 106.51 107.45 106.17 103.97 104.8 108.02 107.2 104.36 103.37 100.09 97.71 96.18 100.64 105.43 115.48 116.66 122.04 133.57 138.03 134.52 132.19 138.33 143.47 145.8 147.61 143.77 138.53 137.87 134.81 127.3 123.84 128.7 131.44 129.51 136.86 142.48 146.24 148.09 145.87 145.57 148.08 150.91 149.93 148.65 146.79 144.96 143.27 139.58 133.07 128.62 125.6 127.54 134.84 136.62 136.23 135.99 149.62 134.27 138.74 146.97 154.22 154.58 152.2 146.61 148.8081 151.3158
109.36 111.42 112.17 112.93 112.16 109.3 110.02 110.94 108.63 107.52 106.09 107.68 104.83 102.75 104.3 105.25 100.97 103.05 103.42 105.48 104.69 118.6 125.17 127.25 135.78 137.58 132.97 125.31 132.61 133.85 135.22 141.23 145.01 147.21 144.99 141.55 138.66 135.58 132.85 137.01 138.12 138.13 141.3 141.45 147.44 149.51 151.88 152.81 150.85 148.62 147.31 145.74 142.36 137.67 131.82 125.42 121.58 123.66 127.03 136.43 142.37 143 146.49 154.65 152.82 154.27 158.64 160.68 155.32 154.3404 -9999 -9999 -9999
106.51 107.97 106.36 107.64 108.6 109.04 109.73 109 108.84 110.1 110.21 107.8 103.63 103.25 109.85 108.65 107.69 107.15 110.42 115.04 112.21 110.11 126.85 128.14 133.55 134.73 130.12 129.67 129.44 123.53 126.72 132.45 138.94 144.01 148.58 147.46 142.24 137.98 137.67 139.13 140.46 143.51 145 144.62 143.12 154.6 152.88 149.98 147.2 142.98 139.26 137.06 136.13 131.25 131.31 132.91 127.88 127.65 124.56 128.95 139.06 150.41 155.13 156.18 159.83 160.31 158.66 161.2766 -9999 -9999 -9999 -9999 -9999
106.18 102.35 99.8 99.17 97.67 98.42 103.89 106.03 103.23 103.56 105.16 106.61 106.16 109.3 114.7 113.5 111.23 112.16 111.83 120.71 119.53 125.18 113.47 111.15 111.62 122.71 126.84 123.17 124.62 118.62 126.75 135.8 140.15 145.03 146.7 148.98 146.11 140.92 140.14 140.51 141.32 144.2 150 146.44 149.56 148.89 145.87 143.51 139.77 134.93 131.64 128.84 124.57 127.62 132.53 140.26 138.72 138.65 129.83 137.38 149.88 153.78 152.14 145.39 155.72 163.52 163.0957 -9999 -9999 -9999 -9999 -9999 -9999
91.22 91.41 90.1 91.28 92.87 97.12 100.34 101.9 103.03 102.25 102.46 102.16 105.91 113.07 116.12 117.99 118.42 119.84 117.82 119.38 121.46 122.52 114.76 106.69 105.48 109.41 116.95 115.56 115.82 117.26 123.47 131.38 136.65 140.65 143.9 146.54 149.96 150.33 151.08 151.47 153.02 153.83 151.55 146.55 146.51 148.76 147.9 152.09 148.7 139.85 126.63 122.56 117.78 113.53 130.18 149.2 149.85 148.38 146.59 153.2 156.8 155.14 158.01 150.7755 157.284 166.5441 -9999 -9999 -9999 -9999 -9999 -9999 -9999
76.52 82.99 88.1 85.33 92.67 103.57 103.03 106.44 108.12 101.03 100.97 101.18 105.76 110.68 113.17 111.32 108.55 109.46 112.79 115.64 109.68 110.71 113.67 107.63 105.48 105.26 104.49 106.39 111.19 116.18 122.17 125.62 130.5 137.82 142.59 145.87 147.54 147.48 149.28 151.51 152.09 151.39 148.07 151.55 151.91 151.63 147.95 158.33 154.02 145.49 146.43 138.51 133.28 142.13 148.32 156.89 155.5 155.76 155.7959 161.2152 160.2879 -9999 -9999 -9999 -9999 -9999 -9999 -9999 -9999 -9999 -9999 -9999 -9999
91.67 86.42 95.52 93.79 98.73 102.95 105.15 109.3 109.78 103.24 101.55 101.42 99.81 98.02 96.2 96.39 99.86 102.38 103.23 105.19 102.25 100.46 103.02 110.69 106.14 103.83 99.9 100.48 106.59 111.67 117.02 117.01 114.85 126.63 137.16 138.25 140.67 143.02 144.5 142.12 148.31 147.82 146.27 149.98 146.08 143.63 140.62 151.89 158.55 158.12 148.87 137.24 151.92 158.29 160.39 161.4444 -9999 -9999 -9999 -9999 -9999 -9999 -9999 -9999 -9999 -9999 -9999 -9999 -9999 -9999 -9999 -9999 -9999
97.54 106.64 104.22 100.96 111.23 112.39 111.66 111.98 107.83 105.25 101.85 100.13 100.19 95.58 92.23 93.4 97.61 93.05 94.96 97.7 100.26 100.01 98.25 97.38 107.78 100.63 96.36 89.21 96.14 106.38 112.1 115.33 118.49 124.41 128.46 127.86 133.1 137.67 142.41 143.53 141.03 138.8 142.14 143.92 142.07 144.83 145.75 154.39 163.24 151.06 141.26 147.65 161.662 -9999 -9999 -9999 -9999 -9999 -9999 -9999 -9999 -9999 -9999 -9999 -9999 -9999 -9999 -9999 -9999 -9999 -9999 -9999 -9999
