layers/wordclim/current/bio_13.asc
ncols         166
nrows         93
xllcorner     -9.4959440078468
yllcorner     36.000324005443
cellsize      0.083333337679505
NODATA_value  -9999
[rows 34 to 67 of 93, columns 0 to 76 of 166]
-9999 -9999 -9999 -9999 -9999 -9999 -9999 -9999 -9999 -9999 148.0204 155.23 164.1 178.81 205.65 205.54 201.33 184.79 188.23 193.18 201.81 202.52 197.42 184.32 181.51 177.44 158.13 135.59 126.45 127.27 124.05 113.09 103.75 101.31 95.47 88.59 83 78.73 73.86 70.02 67.29 64.34 61.03 58.63 56.12 53.44 51.39 49.32 47.42 47.71 48.79 49.46 50.89 51.14 50.92 50.91 50.62 51.13 52.32 54.24 55.38 54.85 54.77 55.64 59.29 63.84 80.21 64.95 70.02 65.53 58.17 55.99 54.86 54.25 53.93 52.22 50.08
-9999 -9999 -9999 -9999 -9999 -9999 -9999 -9999 -9999 -9999 144.5955 148.67 158.24 188.95 179.86 190.6 188.06 169.64 175.23 184.78 190.33 189.37 184.74 182.4 176.33 175.37 155.9 139.47 134.12 123.94 123.08 118.63 108.57 100.57 96.41 91.01 85.42 79.42 75.53 71.56 68.14 66.04 63.21 61.08 59.08 57.41 54.67 49.94 49.56 49.4 49.61 50.92 52.77 54.27 54.16 52.72 54.07 53.19 54.81 56.39 58.2 58.3 58.31 62.67 74.63 75.5 81.7 74.97 61.63 56.93 56.61 55.82 55.76 55.76 54.48 52.32 49.74
-9999 -9999 -9999 -9999 -9999 -9999 -9999 -9999 -9999 143.3243 142.3587 145.6 150.25 157.6 177.85 174.27 181.04 172.35 180.55 182.25 174.98 172.19 169.61 170.69 166.24 156.97 148.77 144.23 141.46 133.12 124.63 121.5 111.91 103.44 95.45 92.8 87.23 80.67 77.14 74.24 71 67.47 66.19 65.04 62.67 57.37 53.09 51.37 51.27 51.88 52.94 54.81 58.53 58.68 60.14 60.86 60.68 58.17 59.42 60.26 65.26 64.65 67.13 67.94 64.73 58.54 57.53 55.69 56.23 57.56 57.11 56.88 57.1 56.44 55.15 52.35 51.18
-9999 -9999 -9999 -9999 -9999 -9999 -9999 -9999 -9999 141.1081 142.299 141.89 143.19 153.62 169.58 192.55 200.01 171.98 167.1 165.7 165.74 169.02 171.57 162.1 151.55 150.88 149.74 161.68 149.91 138.03 131.24 123.2 114.86 103.52 94.3 88.21 85.63 83.96 80.92 78.39 76.06 74.27 68.9 63.91 60.75 57.89 55.43 53.9 54.58 57.03 59.82 61.41 65.63 65.83 64.57 62.22 59.07 58.77 61.37 64.16 66.61 68.6 67.27 69.93 58.7 52 55.14 55.8 55.82 57.06 57.9 58.32 58.68 57.54 55.78 52.81 52.85
-9999 -9999 -9999 -9999 -9999 -9999 -9999 -9999 -9999 139.81 141.2 139.66 139.75 146.12 170.2 196.69 159.9 157.65 156.03 161.36 159.16 158.85 155.04 161.15 190.47 191.2 172.22 164.03 152.83 141.78 131.24 127.06 115.51 103.85 96.5 89.4 85.48 88.88 89.48 92.9 80.6 74.93 67.04 62.61 62.4 60.73 57.04 56.88 58.72 59.17 59.71 64.92 71.98 65.04 61.92 62.96 65.74 66.14 64.01 58.75 60.86 57.14 57.34 59.24 52.5 51.2 52.2 54 55.45 57.75 59.12 60.04 60.49 58.75 56.03 54.89 53.98
-9999 -9999 -9999 -9999 -9999 -9999 -9999 -9999 137.129 138.54 139.26 139.95 137.9 147.89 159.47 156.46 152.24 149.37 152.23 152.74 158.12 162.22 196.88 236.6 210.8 185.42 162.6 164.48 150.85 139.03 133.21 128.8 114.57 106.45 103.42 95.75 89.38 88.92 85.76 81.56 76.73 63.13 60.59 61.84 59.98 62.99 61.19 57.6 56.63 59.93 68.82 76.18 76.77 74.51 75.87 71.25 62.7 57.85 54.01 53.85 51.16 48.65 50.91 50.59 48.57 49.26 50.86 53.98 55.53 57.68 59.54 60.3 60.84 59.11 57.4 55.92 53.74
-9999 -9999 -9999 -9999 -9999 -9999 -9999 -9999 135.3297 136.6 137.7 139.42 137.2 149.22 148.68 141.45 143.74 146.46 151.14 159.49 164.26 202.1 262.64 237.99 175.92 149.77 143.22 152.61 151.48 142.15 139.11 131.01 122.31 113.66 105.77 99.35 101.22 90.9 83.94 69.94 63.14 61.77 64.08 63.24 69.11 84.11 76.13 60.86 62.03 72.66 75.82 75.47 75.47 68.81 67.9 63.04 60.17 62.68 64.74 60.64 49 47.1 46.4 45.6 45.68 48.19 50.23 53.16 55.29 56.17 58.28 59.15 59.03 58.66 57.35 55.57 53.16
-9999 -9999 -9999 -9999 -9999 -9999 -9999 -9999 134.14 135.53 137.26 135.77 134.65 146.35 145.87 138.92 143.69 146.92 151.15 164.31 173.71 192.71 236.3 224.96 153.11 139.68 141.04 140.39 144.52 148.54 144.32 142.17 127.61 116.47 113.16 98.62 88.34 78.17 72.05 66.19 60.75 61.85 62.11 63.92 85.68 95.89 75.46 69.18 74.7 80.34 87.63 81.42 74.83 63.08 66.29 65.45 53.47 46.35 48.81 50.82 50 47.86 44.35 43.16 45.33 47.67 49.11 51.78 53.9 54.83 55.82 56.12 57.2 57.56 56.21 54.32 53.16
-9999 -9999 -9999 -9999 -9999 -9999 -9999 134.0137 132.69 129.98 130.18 129.53 130.96 140.05 140.64 144.07 144.46 153.42 175.62 199.3 207.74 173.13 159.32 150.85 143.89 141.94 133.79 131.09 131.41 130.87 115.29 106.92 120.77 100.45 88.47 80.53 74.63 74.45 67.02 62.65 59.4 57.02 66.07 81.04 67.89 76.3 93.92 89.11 84.25 60.47 68.31 62.53 50.6 45 48.21 42.17 43.68 45.55 48.13 49.39 45.2 42.29 42.07 43.68 45.48 46.75 47.86 50.54 51.84 53.24 53.92 54.21 54.82 55.1 54.51 53.48 51.66
-9999 -9999 -9999 -9999 -9999 -9999 -9999 -9999 127 127.84 127.88 128.08 135.87 138.34 136.86 156.69 171.45 179.8 180.6 190.38 179.74 158.26 159.91 159.16 149.95 138.02 124.34 120.97 118.78 110.57 101.93 98.64 96.35 87.1 77.74 74.48 73.31 70.94 65.28 62.03 59.59 60.46 67.7 64.92 71.33 60.15 56.64 53.79 48.9 43.2 42.24 41.53 41.6 42.91 43.46 44.41 48.92 51.17 44.45 42.55 41.79 42.67 43.84 44.9 44.89 45.06 46.99 48.4 49.54 51.67 51.24 51.98 53.5 54.26 53.29 51.25 49.1
-9999 -9999 -9999 -9999 -9999 -9999 -9999 125.08 127.44 126.28 125.32 136.22 142.03 140.48 169.09 186.59 174.69 164.71 165.35 159.23 151.21 168.81 153.82 160.13 135.53 124.18 120.78 115.49 115.15 113.27 106.53 93.05 86.31 78.88 75.06 73.17 70.02 66.11 61.94 59.49 59.1 59.28 58.51 57.77 55.67 49.62 47.17 44.78 43.77 42.85 42.14 41.9 41.45 41.4 42.27 44.18 43.46 41.91 41.71 42.12 42.52 43.18 44.21 44.45 43.83 44.09 45.41 45.77 47.8 48.52 48.78 50.09 50.61 50.67 49.93 49.73 49.94
-9999 -9999 -9999 -9999 -9999 -9999 -9999 123.41 126.73 125.82 126.43 141.55 139.32 143.04 159.86 156.61 149.23 153.6 164.9 165.36 164.96 153.67 131.4 131.63 127.92 119.33 115.2 109.28 106.85 102.84 95.85 89.43 88.03 79.64 74.96 71.17 67.6 63.96 61.49 61.47 60.98 57.96 53.82 50.89 49.08 47.52 46.38 45.26 44.2 43.44 42.88 42.25 41.77 41.8 42.43 41.64 41.81 41.83 41.97 43.39 44.64 44.69 44.13 43.26 43.08 43.98 44.26 44.61 45.5 46.83 49.05 50.61 51.37 51.36 50.73 50.69 50.25
-9999 -9999 -9999 -9999 -9999 -9999 120.0159 119.16 124.75 127.44 127 135.08 134.01 141 141.67 139.73 147.8 158.92 165.29 175 150.79 132.2 124.15 124.71 123.16 116.08 104 101.19 98.43 98.47 93.1 87.57 82.7 79.69 74.52 71.28 68.92 66.06 65.52 65.35 60.76 56.75 53 50.76 49.57 48.3 47.38 47.26 45.42 44.42 44.18 44.11 42.82 42.18 41.54 42.59 44.69 43.94 43.23 42.54 42.9 43.57 43.5 42.91 43.77 44.31 44.17 44.62 45.45 46.25 47.72 49.15 49.63 49.59 49.61 49.47 49.24
-9999 -9999 -9999 -9999 -9999 -9999 119.898 118.39 121.26 127.27 132.98 132.09 128.05 135.62 133.21 134.1 135.36 141.18 152.99 154.19 134.12 125.39 123.33 122.59 113.54 103.78 101.96 98.43 99.05 93.67 89.89 86.3 81.58 76.59 72.8 71.17 69.41 68.12 64.05 60.42 58.31 55.75 55.01 53.33 51.97 49.62 49.64 49.35 46.96 46.51 45.85 45.2 43.54 43.79 43.37 44.05 45.94 45.92 45.42 45.84 45.61 43.77 45.33 47.06 47.28 47.89 47.97 46.96 46.43 46.39 46.53 46.9 47.75 48.02 48.27 48.32 48.28
-9999 -9999 -9999 -9999 -9999 119.5714 120.68 120.06 119.88 127.22 128.97 124.35 121.59 126.15 133.04 127.96 133.91 133.83 136.22 129.21 120.61 120.6 115.04 110.24 108.74 108.28 104.07 98.22 97.17 92.2 85.78 82.57 82.37 79.21 74.88 69.53 65.09 63.96 62.83 61.93 60 57.8 57.33 56.58 56.89 56.41 54.73 52.53 51.96 51.54 49.93 47.8 47.38 46.88 49.21 48.47 48.91 49.03 49.86 48.98 49.11 47.98 49.11 50.48 49.11 50.2 49.74 49.2 48.57 48.05 47.29 47.23 46.92 47.64 47.43 47.96 48.44
-9999 -9999 -9999 -9999 -9999 117.5122 116.62 120.06 125.64 137.3 127.72 122.67 119.12 117.61 123.99 122.69 128.13 132.24 130.22 121.25 115.08 111.5 107.78 109.44 108.66 104.87 99.83 100.15 93.27 89.04 87.06 84.34 82.19 79.7 77.11 71.36 67.04 63.84 62.12 61.36 60.2 58.42 58.02 57.36 57.07 56.85 57.08 57.44 56.62 58.68 54.8 54.24 50.89 49.47 53.88 53.42 54.68 54.16 54.59 53.73 53.62 50.77 50.77 52.41 52.78 51.83 51.77 50.95 49.6 49.29 48.06 48 47.87 48.16 47 47.2 48
-9999 -9999 -9999 -9999 -9999 115.8889 116.61 130.27 136.27 133.91 131.21 114.77 112.81 112.54 117.34 119.14 119.02 119.19 117.41 116.06 111.18 113.46 111.07 111.6 106.39 105.45 102.6 102.81 98.11 89.66 82.82 80.88 79.14 76.21 74.06 71.32 68.33 63.85 63.89 62.12 60.29 59.95 59.46 59.6 59.3 59.4 58.54 58.06 63.24 62.54 62.44 56.67 55.66 52.5 52.27 54.47 54.77 54.76 59.54 54.14 58.7 56.93 56.15 55.38 55.49 54.88 53.35 50.53 49.69 49.15 48.82 48.34 48.09 47.53 47 47.04 47.81
-9999 -9999 -9999 113.3095 112.53 115.26 120.67 126.56 123.68 115.73 111.97 109.09 107.74 109.95 108.99 107.59 107.73 107.06 111.54 112.15 113.95 112.78 112.06 112.03 113.87 108.7 104.35 100.55 99.69 93.12 84.37 80.07 76.85 73.72 71.57 69.59 67.76 67.78 66.26 64.9 62.37 61.49 61.16 61.88 61.92 66.06 62.66 61.34 64.88 66.86 58.93 55.8 54.28 53.9 51.46 51.27 50.71 51.33 52.67 51.51 53.4 52.62 51.71 51.14 56.19 59.01 56.64 53.46 51.35 51.16 49.66 49.07 48.77 47.8 47.35 47.8 48.68
-9999 -9999 112.9063 111.9419 113.27 114.46 117.13 112.01 110.84 110.36 106.66 104.88 106.51 112.05 111.11 110.03 108.24 110.95 111.41 109.71 108.46 108.85 109.83 111 119.45 123.68 115.18 107.07 98.86 92.71 88.29 83.94 78.05 77.38 73.66 69.35 66.92 66.34 66.42 66.07 64.56 64.08 64.02 63.22 62.67 65.8 66.27 64.09 61.68 60.18 58.33 54.99 55.23 53.24 52.44 51.56 51.83 52.12 52.55 54.05 54.83 55.35 51.82 53.3 54.56 54.41 55.93 53.96 52.31 52.93 53.76 50.79 49.05 48.31 47.89 47.91 48.19
-9999 -9999 114.57 114.33 113.57 113.28 112.04 108.61 107.92 106.08 103.22 103.06 107.1 108.23 109.25 109.29 108.02 106.05 104.96 104.8 102.09 102.81 102.44 103.72 109.45 122.93 117.99 100.49 89.11 86.86 83.69 78.87 75.69 75.49 72.02 70.46 69.45 66.06 66.43 67.5 66.41 65.46 65.5 62.98 60.53 61.17 59.14 59.09 58.35 60.01 58.72 55.88 55.34 54.47 56.94 55.04 54.2 54.77 53.66 53.55 52.73 50.44 49.98 51.36 54.38 53.91 52.66 53.01 54.53 54.04 55.7 51.28 49.39 48.7 48.2 48.25 48.16
-9999 -9999 114.02 113.9 113.66 119.25 110.06 108.1 106.05 102.69 101.32 104.05 104.67 104.71 105.11 105.57 103.56 100.78 102.43 101.11 97.93 98.42 101 99.99 98.42 99.78 99.7 93.69 85.64 82.37 82.08 76.55 74.71 73.47 71.98 71.09 69.69 67.98 67.19 66.84 69.79 66.72 62.04 61.52 60.1 60.14 59.25 59.34 58.2 58.51 59.33 58.59 57.21 57.02 58.09 59.55 57.63 56.46 54.97 55.3 56.43 53.52 50.46 50.32 53.31 53.38 51.96 50.64 50.69 52.44 50.79 49.33 49.29 49.3 49.14 49.06 49
-9999 114.9375 114.11 114.82 117.26 112.53 107.31 106.33 102.63 100.2632 101.07 101.99 102.92 103.13 102.72 101.88 98.41 99.14 98.82 95.92 94.8 94.63 94.89 96.68 94.57 92.19 87.88 86.29 82.58 78.76 77.85 74.42 73.77 72.14 71 69.58 67.21 66.21 66.84 65.4 64.11 61.14 60.86 60.3 59.91 60.13 59.74 59.48 59.47 59.65 60.4 59.89 60.91 61.12 60.45 60.93 61.84 58.93 57.6 58.74 58.65 56.47 54.24 52.08 53.09 53.41 51.41 50.29 50 49.96 50 50.01 50 50 50 50 50
-9999 117.5 116.48 117.48 117.71 113.04 104.766 102.3778 100.3448 99.7 100.8 100.56 100.83 99.34 97.89 97.44 96.25 96 95.21 94.22 92.38 91.73 90.8 89.25 88.69 87.43 84.64 81.72 80.92 78.21 74.06 72.71 70.95 69.7 68.89 67.41 66.04 64.86 65.08 65.37 63.74 61.31 60.96 60.48 60.6 60.85 61.19 63.22 63.63 61.46 62.13 62.69 61.86 62.47 62.58 62.95 63.32 62.9 60.64 58.92 57.61 59 56.92 53.03 53.53 51.8 51.16 50.92 50.72 50.74 50.79 50.96 50.96 50.84 51.13 51.43 51.66
-9999 121.5408 123.13 121.25 120.14 112.0825 103.3291 100.73 99.38 98.77 98.24 97.1 95.35 95.56 95.42 94.27 93.2 91.58 91.22 93.17 92.43 92.29 90.68 88.76 87.21 86.41 86.55 83.92 78.12 75.31 72.86 71.43 69.96 68.84 68.01 66.81 65.9 64.78 64.91 64.68 62.44 62.02 61.72 61.91 62.62 62.88 63.23 63.53 63.99 64.99 64.96 63.75 65.34 68.43 66.06 66.17 65.18 63.74 62.43 62.97 60.2 59.01 58.15 55.58 54.74 52.67 52.51 52.16 51.81 51.84 51.92 51.92 51.91 51.86 52.48 53.77 54.48
-9999 124.9 126.1 121.27 112.04 107.0833 101.3951 99.78 98.59 98 98.09 97.14 95.97 95.91 93.57 93.11 92.6 91.6 90.5 90.56 89.64 89.72 93.14 92.2 88.17 85.07 86.98 83.34 76.5 73.33 72.23 71.49 70.24 68.79 67.84 67.09 66.57 66.26 65.16 64.17 64.27 64.39 64.08 65.25 65.61 66.21 66.87 65.44 66.47 67.14 67.71 67.01 66.31 68.26 66.58 67.02 67.32 67.07 67.55 66.57 63.45 61.55 61.7 59.41 56.42 54.77 53.57 53.19 53.73 53.74 53.75 55.25 54.33 52.98 53.48 54.41 55.27
125.7778 129.24 129.43 119.87 108.6809 -9999 -9999 99.14 97.95 97.19 96.18 95.85 95.27 95.32 94.19 93.7 93.98 92.9 90.95 90.51 89.19 88.81 87.83 90.75 90.17 82.69 79.81 77.19 74.4 73.81 73.4 72.82 71.4 70.61 69.73 69.18 69.31 68.61 66.59 67.57 68 68.5 68.43 68 71.01 68.76 69.29 68.19 69.65 70.64 71.7 71.57 70.94 68.07 69.99 69.76 68.94 67.64 69.03 68.11 67.82 65.57 63.67 62.6 61.24 59.6 59.96 57.49 55.32 54.85 54.47 54.86 54.61 54.34 55.47 55.46 55.51
120.24 122.4366 120.8243 114.9351 108.2667 101.5 100.0899 97.77 96.62 96.41 96.23 95.1 94.27 93.28 93.87 94.79 95.4 94.28 91.63 89.8 88.61 86.46 88.75 86.49 82.3 81.75 76.29 75 75.69 74.78 74.72 73.96 72.91 72.03 71.54 70.53 70.59 70.7 69.07 67.86 69.44 71.32 71.93 70.6 70.92 71.55 71.45 73.09 73.83 75.78 75.12 74.42 72.4 71.4 71.52 70.52 70.12 70.57 70.34 69.8 70.39 70.45 68.41 66.15 64.42 64.17 64.8 62.45 58.12 57.85 58.05 56.7 56.14 55.69 56.07 56.46 56.48
-9999 -9999 -9999 110.4189 105.7662 102.0476 99.88 97.57 95.29 94.3 93.86 93.15 92.84 94.35 95.27 94.42 94.56 93.57 90.82 86.17 84.51 82.32 81.07 80.98 79.11 76.65 75.89 74.85 76.26 77.34 78.04 76.98 75.13 74.48 73.81 72.88 72.89 72.92 71.93 70.53 72.12 73.04 74.44 74.67 72.71 75.49 75.82 78.02 77.04 75.8 75.1 74.89 74.7 74.93 76.86 74.26 74.76 75.82 74.61 74.23 73.58 73.33 72.22 70.36 69.27 67.65 65.06 63.07 64.41 60.7 61.44 60.02 58.86 57.47 57.8 58.75 58.01
-9999 -9999 -9999 -9999 105.77 103.36 102.4343 97.09412 93.41758 91.98901 92.84 91.1 90.53 92.79 92.32 91.75 92.6 89.69 85.97 84.2 81.98 79.84 79.05 79.29 78.77 76.33 74.23 75.21 76.08 78.41 79.17 80.59 82.61 79.92 80.85 75.92 75.26 76.24 75.22 73.79 72.57 77.05 76.67 76.12 75.13 78.86 80.96 79.53 79.13 77.43 78.31 79.07 79.45 78.83 78.83 77.91 77.19 76.73 77.71 80.12 80.43 77.61 75.45 73.65 70.01 69.14 68.97 66.88 65.13 65.27 64.22 63.39 62.66 61.39 60.13 59.18 58.25
-9999 -9999 -9999 -9999 107.642 106.5714 -9999 94.11765 -9999 90.53846 89.91 89.38 88.72 87.49 88.3 87.85 86.01 84.81 83.68 82.69 80.15 78.05 78.25 77.59 76.58 74.73 73.6 74.83 75.74 77.05 79.24 81.71 85.95 86.07 85.16 81.37 77.44 79.86 78.67 77.21 75.26 75.9 77.47 78.96 78.51 80.26 80.64 80.32 81.44 82.22 81.64 82.64 83.09 82.21 82.86 82.9 82.32 81.42 80.1 79.43 80.22 82.87 81.32 79.65 77.73 72.64 69.31 71.42 72.7 73.13 72.06 66.71 64.78 62.53 60.16 57.93 57.6
-9999 -9999 -9999 -9999 -9999 -9999 -9999 -9999 91.14286 90.66327 88.96842 86.96 86.4 86.48 84.96 87.06 85.37 83.59 83.31 84.25 81.16 79.21 77.31 76.33 74.48 73.18 74.1 74.64 75.45 77.79 78.63 82.26 84.3 78.21 79.71 80.05 81.4 81.1 81.07 81.14 79.64 79.1 80.86 79.8 80.81 80.97 81.53 82.9 84.18 84.47 85.36 86.74 86.65 86.4 86.41 86.74 86.37 85.37 84.91 84 82.13 81.43 79.48 80.17 79.44 78.14 71.66 73.99 72.55 71.66 71.95 68.56 66.2 62.03 58.48 56.83 56.19
-9999 -9999 -9999 -9999 -9999 -9999 -9999 -9999 -9999 90.38 89.99 88.24 85.69 84.48 82.4 83.17 83.11 83.4 83.04 81.25 81.72 82.78 79.23 75.97 74.27 72.86 73.65 74.05 75.27 76.11 78.16 79.98 78.33 77.66 78.69 78.94 80.63 81.9 83.06 83.58 83.85 83.33 83.2 83.12 83.09 83.39 83.04 85.01 86.16 85.47 86.46 87.22 89.7 91.37 89.36 88.8 89.34 88.48 87.97 87.17 86.75 85.51 84.17 80.08 81.23 78.84 74.61 73.96 72.7 69.72 68.15 65.99 61.64 58.49 57.35 57.94 56.55
-9999 -9999 -9999 -9999 -9999 -9999 -9999 -9999 -9999 90.94 91.44 87.44 86.19 84.4 82.19 81.47 80.9 80.98 81.06 81.78 80.83 80.47 78.58 76.19 73.94 73.81 73.54 74.58 75.18 75.49 75.83 79.01 81.7 86.44 85.94 83 81.9 83.56 84.93 82.82 83.7 85.73 86.44 85.47 84.3 83.55 82.41 84.09 87.72 89.69 90.94 90.05 89.93 90.82 92.27 90.92 89.79 89.88 90.06 88.36 87.54 85.87 86.65 81.36 81.73 79.93 76 77.65 70.95 67.55 65.88 64.26 59.4 59.94 60.81 59.04 55.58
-9999 -9999 -9999 -9999 -9999 -9999 -9999 -9999 88.46154 91.43 94.83 88.93 85.64 83.04 82.5 81.2 81.01 81.1 81.44 80.14 78.52 76.81 74.9 74.82 74.94 74.04 73.37 73.77 75.03 76.58 77.93 79.67 82.93 86.02 86.48 89.09 88.42 87.28 88.88 87.56 83.37 82.28 85.08 88.68 87.66 86.83 85.14 84.71 85.02 87.56 89.51 92.43 93.93 93.37 91.88 92.39 91.44 89.94 90.01 88.38 83.41 82.91 82.46 80.04 79.55 78.02 77.68 72.92 70.27 67.38 67.95 61.15 60.14 60.49 57.38 55.19 55.54
