layers/wordclim/current/bio_10.asc
ncols         166
nrows         93
xllcorner     -9.4959440078468
yllcorner     36.000324005443
cellsize      0.083333337679505
NODATA_value  -9999
[rows 0 to 32 of 93, columns 73 to 145 of 166]
-9999 -9999 -9999 -9999 -9999 -9999 -9999 -9999 -9999 -9999 -9999 -9999 -9999 -9999 -9999 -9999 -9999 -9999 -9999 -9999 -9999 -9999 -9999 -9999 -9999 -9999 -9999 -9999 -9999 -9999 -9999 -9999 -9999 -9999 -9999 -9999 -9999 -9999 -9999 -9999 -9999 -9999 -9999 -9999 -9999 -9999 -9999 -9999 -9999 -9999 -9999 -9999 -9999 -9999 -9999 -9999 -9999 -9999 -9999 -9999 -9999 -9999 -9999 -9999 -9999 -9999 -9999 -9999 -9999 -9999 -9999 -9999 -9999
-9999 -9999 -9999 -9999 -9999 -9999 -9999 -9999 -9999 -9999 -9999 -9999 -9999 -9999 -9999 -9999 -9999 -9999 -9999 -9999 -9999 -9999 -9999 -9999 -9999 -9999 -9999 -9999 -9999 -9999 -9999 -9999 -9999 -9999 -9999 -9999 -9999 -9999 -9999 -9999 -9999 -9999 -9999 -9999 -9999 -9999 -9999 -9999 -9999 -9999 -9999 -9999 -9999 -9999 -9999 -9999 -9999 -9999 -9999 -9999 -9999 -9999 -9999 -9999 -9999 -9999 -9999 -9999 -9999 -9999 -9999 -9999 -9999
-9999 -9999 -9999 -9999 -9999 -9999 -9999 -9999 -9999 -9999 -9999 -9999 -9999 -9999 -9999 -9999 -9999 -9999 -9999 -9999 -9999 -9999 -9999 -9999 -9999 -9999 -9999 -9999 -9999 -9999 -9999 -9999 -9999 -9999 -9999 -9999 -9999 -9999 -9999 -9999 -9999 -9999 -9999 -9999 -9999 -9999 -9999 -9999 -9999 -9999 -9999 -9999 -9999 -9999 -9999 -9999 -9999 -9999 -9999 -9999 -9999 -9999 -9999 -9999 -9999 -9999 -9999 -9999 -9999 -9999 -9999 -9999 -9999
-9999 -9999 -9999 -9999 -9999 -9999 -9999 -9999 -9999 -9999 -9999 -9999 -9999 -9999 -9999 -9999 -9999 -9999 -9999 -9999 -9999 -9999 -9999 -9999 -9999 -9999 -9999 -9999 -9999 -9999 -9999 -9999 -9999 -9999 -9999 -9999 -9999 -9999 -9999 -9999 -9999 -9999 -9999 -9999 -9999 -9999 -9999 -9999 -9999 -9999 -9999 -9999 -9999 -9999 -9999 -9999 -9999 -9999 -9999 -9999 -9999 -9999 -9999 -9999 -9999 -9999 -9999 -9999 -9999 -9999 -9999 -9999 -9999
184.13 183.9101 188.2037 -9999 -9999 189.4368 188.51 185.07 187.6861 187.7051 189.3455 -9999 -9999 -9999 -9999 -9999 -9999 -9999 -9999 -9999 -9999 -9999 -9999 -9999 -9999 -9999 -9999 -9999 -9999 -9999 -9999 -9999 -9999 -9999 -9999 -9999 -9999 -9999 -9999 -9999 -9999 -9999 -9999 -9999 -9999 -9999 -9999 -9999 -9999 -9999 -9999 -9999 -9999 -9999 -9999 -9999 -9999 -9999 -9999 -9999 -9999 -9999 -9999 -9999 -9999 -9999 -9999 -9999 -9999 -9999 -9999 -9999 -9999
178.41 177.86 177.79 184.48 184.4082 191.697 189.05 189.71 189.38 188.12 185.46 189.0808 188.9452 193.65 193.7377 195.541 194.8214 196.3333 193.23 185.38 190.5 -9999 -9999 -9999 -9999 -9999 -9999 -9999 -9999 -9999 -9999 -9999 -9999 -9999 -9999 -9999 -9999 -9999 -9999 -9999 -9999 -9999 -9999 -9999 -9999 -9999 -9999 -9999 -9999 -9999 -9999 -9999 -9999 -9999 -9999 -9999 -9999 -9999 -9999 -9999 -9999 -9999 -9999 -9999 -9999 -9999 -9999 -9999 -9999 -9999 -9999 -9999 -9999
177.62 175.76 180.61 184.5 183.79 181.55 189.27 190.13 188.18 182.7 183.08 184.79 184.23 185.47 184.16 185.02 191.65 185.12 186.69 176.63 188.04 184.43 178.45 177.69 -9999 -9999 -9999 -9999 -9999 -9999 -9999 -9999 -9999 -9999 -9999 -9999 -9999 -9999 -9999 -9999 -9999 -9999 -9999 -9999 -9999 -9999 -9999 -9999 -9999 -9999 -9999 -9999 -9999 -9999 -9999 -9999 -9999 -9999 -9999 -9999 -9999 -9999 -9999 -9999 -9999 -9999 -9999 -9999 -9999 -9999 -9999 -9999 -9999
168.53 180.98 180.6 184.78 183.9 184.94 185.34 186.32 178.58 183.25 185.14 185.19 182.48 181.84 181.85 184.89 187.1 177.9 173.84 173.88 185.21 187.01 185.11 175.3288 -9999 -9999 -9999 -9999 -9999 -9999 -9999 -9999 -9999 -9999 -9999 -9999 -9999 -9999 -9999 -9999 -9999 -9999 -9999 -9999 -9999 -9999 -9999 -9999 -9999 -9999 -9999 -9999 -9999 -9999 -9999 -9999 -9999 -9999 -9999 -9999 -9999 -9999 -9999 -9999 -9999 -9999 -9999 -9999 -9999 -9999 -9999 -9999 -9999
167.61 170.32 167.24 169.62 183.52 184.2 173.17 160.74 174.37 174.48 184.38 187.08 180.22 186.34 190.41 187.05 176.88 179.89 169.43 171.35 172.33 168.65 160.45 159.45 -9999 154.7857 152.5893 -9999 -9999 -9999 -9999 -9999 -9999 -9999 -9999 -9999 -9999 -9999 -9999 -9999 -9999 -9999 -9999 -9999 -9999 -9999 -9999 -9999 -9999 -9999 -9999 -9999 -9999 -9999 -9999 -9999 -9999 -9999 -9999 -9999 -9999 -9999 -9999 -9999 -9999 -9999 -9999 -9999 -9999 -9999 -9999 -9999 -9999
170.62 170.17 169.46 168.58 171.58 174.46 177.17 172.86 178.98 179.83 174.87 172.7 163.98 174.31 180.77 175.76 166.39 169.69 176.15 178.7 179.19 179.56 171.54 168.05 162.14 159.07 156.85 152.43 145.3871 141.3934 136.84 121.2759 -9999 -9999 -9999 -9999 -9999 -9999 -9999 -9999 -9999 -9999 -9999 -9999 -9999 -9999 -9999 -9999 -9999 -9999 -9999 -9999 -9999 -9999 -9999 -9999 -9999 -9999 -9999 -9999 -9999 -9999 -9999 -9999 -9999 -9999 -9999 -9999 -9999 -9999 -9999 -9999 -9999
172.58 169.83 167.59 172.5 171.48 170.22 172.69 180.49 184.59 184.8 183.9 182.42 181.73 173.19 174.93 174.48 174.01 164.35 177.44 188.12 186.48 182.82 179.13 172.8 170.25 165.07 153.68 160.96 151.38 149.15 141.5 122.15 116.2632 -9999 -9999 -9999 -9999 -9999 -9999 -9999 -9999 -9999 -9999 -9999 -9999 -9999 -9999 -9999 -9999 -9999 -9999 -9999 -9999 -9999 -9999 -9999 -9999 -9999 -9999 -9999 -9999 -9999 -9999 -9999 -9999 -9999 -9999 -9999 -9999 -9999 -9999 -9999 -9999
178.49 179.74 177.97 170.44 183.13 177.73 183.17 183.44 179.6 178.45 174.69 176.01 169.98 167.98 172.13 173.86 165.14 170.98 176.34 189.97 194 193.88 185.72 184.95 184.13 174.79 170.76 168.19 163.97 161.93 148.1 136.51 126.97 107.871 111.5672 101.4744 109.2841 90.94949 81.46268 -9999 -9999 -9999 -9999 -9999 -9999 -9999 -9999 -9999 -9999 143.15 122.42 99.98718 95.27273 -9999 -9999 -9999 -9999 -9999 -9999 -9999 -9999 -9999 -9999 -9999 -9999 -9999 -9999 -9999 -9999 -9999 -9999 -9999 -9999
172.08 173.59 168.85 172.84 187.71 189.14 188.79 184.46 184.09 182.51 175.54 179.47 180.74 179.63 179.22 182.18 188.76 193.16 189.95 192.65 187.04 186.95 180.46 179.64 184.78 188.96 178.9 171.98 166.21 168.07 160.93 157.66 153.84 137.81 128.26 98.35 110.47 126.07 92.86 105.1739 -9999 -9999 -9999 105.6528 -9999 87.7037 -9999 -9999 -9999 126.2245 135.87 120.84 108.9 101.65 116.1829 101.5238 102.8333 -9999 -9999 -9999 -9999 -9999 -9999 -9999 -9999 -9999 -9999 -9999 -9999 -9999 -9999 -9999 -9999
182.07 181.13 179.82 178.14 182.51 186.43 190.03 183.3 176.13 174.09 179.6 181.03 181.38 184.08 192.47 192.47 191.41 196.82 200.19 200 192.49 188.86 177.1 177.83 184.24 190.27 181.71 174.6 178.65 178.04 178.47 167.44 160.05 156.89 152.45 139.28 134.51 142.83 125.19 133.94 113.24 103.81 119.66 132.72 105.84 105.96 90.63 118.92 79.41 89.33 99.19 96.67 95.12 110.02 142.84 122.18 121.53 96.01031 -9999 -9999 -9999 -9999 -9999 -9999 -9999 -9999 -9999 -9999 -9999 -9999 -9999 -9999 -9999
174.97 177.92 178.65 180.7 188 191.95 193.41 195.35 195.22 194.4 195.62 194.8 194.54 197.07 200.01 199.42 201.22 201.68 204.15 204.13 198.85 194.42 185.58 190.65 196.01 194.34 191.75 180.86 175.53 166.84 173.58 175.95 165.52 164.58 157.28 159.54 160.77 146.74 135.7 144.41 139.9 145.25 160.84 150.51 114.24 120.25 138.39 116.76 107.98 120.49 115.95 106.84 90.83 95.85 139.2 153.66 137.73 112.38 -9999 -9999 -9999 -9999 -9999 -9999 -9999 -9999 -9999 -9999 -9999 -9999 -9999 -9999 -9999
175.44 175.36 179.95 183.46 186.05 189.96 190.5 193.55 197.61 196.75 200.01 203.34 204.19 205.46 205.34 203.68 204.54 205.3 203.95 206.02 202.9 203.97 196.4 194.14 195.52 184.87 179.6 175.19 173.6 164.96 163.1 170.9 168.47 168.57 163.27 165.64 165.51 153.74 146.85 144.72 160.97 162.37 175.65 158.5 147.01 147.96 147.47 134.45 144.78 155.15 137.39 107.54 113.73 116.87 150.08 142.26 128.77 126.88 -9999 -9999 100.8095 103.5368 116.7416 149.5 160.1176 -9999 -9999 -9999 -9999 -9999 -9999 -9999 -9999
167.99 170.26 175.14 170.77 171.13 179.21 183.59 193.98 192.56 183.03 192.42 196.72 200.21 200.46 203.88 205.77 208.3 208.33 205.95 208.62 208.36 207.74 206.18 203.63 202.74 196.56 185.47 180.96 175.27 169.79 167.44 172.87 174.78 165.32 164.09 162.9 158.7 158.24 154.48 151.19 152.24 166.63 179.72 181.71 176.43 166.9 159.23 149.08 144.1 157.75 156.65 152.82 158.2 151.61 160.48 130.07 144.42 166.1 173.09 157.09 151.75 156.78 161.56 159.85 144.2877 -9999 114.2375 114.77 135.03 150.0941 -9999 -9999 -9999
166.38 160.9 160.24 158.21 167.78 158.2 169.81 185.16 175.26 169.39 178.82 177.83 175.52 184.99 182.38 198.02 207.26 210.25 210.34 210.48 210.95 207.81 205.2 205.13 204.3 201.21 195.8 190.84 186.08 182.96 178.28 184 182.96 175.27 164.42 155.85 154.47 152.78 143.8 151.51 156.46 165.88 181.13 187.68 173.5 180.42 166.07 175.93 162.68 174.91 165.69 154.98 175.7 177.65 147.97 141.93 156 181.77 164.15 142.47 131.64 131.47 146.44 143.97 141.09 148.1 159.47 153.38 156.15 176.37 189.49 193 192.06
158.41 154.54 146.73 147.3 150.44 147.57 163.61 169.24 165.7 177 170.09 177.02 168.16 180.54 184.34 193.84 201.51 203.31 210.85 213.82 214.08 210.57 210.71 210.51 206.8 205.34 202.96 202.1 197.16 191.6 187.93 191.2 192 189.97 187.57 182.45 178.18 173.32 175.66 177.17 171.86 175.62 176.68 189.61 182.34 192.91 186.99 179.33 175.46 186.42 171.93 184.23 193.7 169.57 146.18 160.73 180.15 175.99 152.2 140.24 139.49 146.98 153.88 175.04 164.58 170.31 178.62 185.33 178.2 183.98 205.06 206.68 212.94
174.75 169.13 167.14 165.54 161.41 168.77 165.63 155.1 161.39 167.06 161.09 156.84 164.77 173.45 174.55 182.51 188.97 191.42 206.82 211.85 212.04 213.92 212.83 208.78 206.37 209.66 209.82 208.88 205.99 201.88 198.95 199.68 198.5 194.72 191.63 192.03 190.75 184.91 187.31 189.99 188.33 192.1 192.18 199.3 191.14 192.77 182.56 183.64 181.9 192.11 180.89 200.63 198.48 193.91 171.62 168.2 184.77 172.87 162.57 157.46 172.85 167.27 155.09 188.48 184.75 185.94 184.73 192.61 177.75 176.59 201.13 197.99 207.78
179.44 179.32 171.89 156.35 152.01 150.96 143.86 148.23 147.66 148.56 150.39 159.47 168.54 165.44 172.1 178.34 191.83 200.58 204.18 207.61 212.93 215.13 215.38 212.22 205.34 205.86 213.81 208.77 201.25 198.11 200.07 205.17 201.35 201.22 197.01 198.36 197.2 191.46 192.89 196.51 196.66 200.36 204.48 207.5 188.38 184.9 184.54 193.91 189.93 179.71 177.01 196.14 175.03 181.05 185.1 193.78 202.13 195.51 190.78 189.3 186.43 183.75 192.44 203.26 197.31 196.44 192.07 197.31 203.54 190.8 183.06 201.81 211.29
172.92 180.86 178.26 175.17 173.07 166.89 156.08 161.57 153.61 162.92 163.83 170.68 164.66 163.08 170.26 178.44 189.33 194.35 197.14 198.46 209.66 211.46 214.72 218.59 216.99 216.35 216.02 210.5 202.18 193.18 199.57 209.47 206.41 200.15 200.3 203.91 204.37 200.04 199.45 202.74 201.23 207.15 210.4 211.89 206.36 201.22 194.04 195.7 199.88 189.55 197.24 201.04 187.74 204.17 207.72 205.75 202.77 197.18 189.5 196.03 203.06 202.62 201.06 207.82 203.04 204.07 197.62 201.39 207.77 202.18 198.24 201.11 215.45
179.17 177.59 178.32 176.94 174.24 173.56 173.92 176.78 178.27 179.53 178.31 181.45 180.87 174.57 171.88 177.4 182.02 181.88 188.7 196.58 202.12 200.62 207.23 216.11 218.04 220.33 218.86 208.08 203.1 202.67 206.86 213.89 209.53 202.49 196.41 203.69 206.26 209.03 208.79 208.22 203.01 210.54 216.81 215.73 215.17 213.64 212.4 212.7 208.16 205.74 208.21 213.64 211.79 214.6 209.93 211.45 209.37 202.15 197.12 194.05 202.55 210.11 208.46 213.76 211.39 205.3 191.03 200 201.38 195.49 188.93 198.35 212.87
187.42 185.58 181.95 180.53 180.19 177.71 177.72 178.09 178.33 178.46 183.96 185.31 183.29 180.01 178.01 178.73 178.26 177.29 156.61 165.99 192.55 199.74 206.36 211.32 215.15 218.95 222.03 221.41 216.81 212.35 216.85 219.02 212.38 206.35 196.71 199.3 206.06 210.02 213.4 211.94 212.48 217.48 220.78 217.41 222.12 224.77 225.6 221.95 224.38 223.92 225.59 224.22 220.94 218.02 215.75 211.35 208.49 206.77 204.83 198.37 198.08 206.53 216.83 218.18 215.56 204.97 196.18 197.67 193 181.42 185.35 213.61 220.34
190.92 189.25 188.12 186.34 186.13 183.47 185.7 183.35 180.33 182.56 184.33 186.12 187.4 186.01 183.82 183.34 179.42 172.01 167.12 161.67 172.65 187.66 194.55 206.19 212.67 216.2 220.34 222.75 225.79 225.67 224.27 223.68 213.69 207.4 201.29 197.15 198.54 205.24 213.33 216.89 218.52 221.68 224.64 222.93 226.91 229.03 225.43 223.68 231.23 231.88 230.67 228.01 225.26 221.69 217.92 213.2 208.13 201.77 199 200.98 203.05 209.3 219.82 220.97 209.25 203.81 201.98 207.58 208.66 207.65 217.45 222.49 222.14
192.75 192.59 192.46 189.32 190.78 189.29 189.16 188.69 189.47 188.17 186.23 186.91 190.02 189.09 186.02 184.74 181.12 178.49 176.49 180.85 185.49 195.49 196.53 201.94 213.73 218.16 214.87 212.4 219.09 224.91 226.97 228.01 223.54 217.65 216.74 212.86 204.94 201.41 206.68 209.78 208.04 216.42 222.83 227.29 230 228.83 229.73 233.13 236.61 234.3 231.21 227.6 224.2 221.24 216.58 209.4 204.47 200.96 202.34 208.92 210.16 209.62 209.18 221.57 207.19 211.21 218.6 224.82 224.92 222.79 217.62 219.5556 221.7895
191.56 193.78 194.45 195.33 194.63 191.84 192.71 193.68 191.3 190.08 188.78 190.37 187.26 184.81 186.38 187.03 182.41 184.26 184.29 185.99 185.04 198.83 205.32 207.41 215.89 217.9 213.11 205.22 213.05 214.43 215.86 221.88 224.92 226.87 224.04 220.25 217.13 214.08 211.41 215.72 217.41 217.91 221.65 222.41 229.13 231.99 235.09 236.74 235.29 232.11 229.18 225.82 221.06 215.29 208.51 201.67 197.41 198.84 201.74 209.98 215.1 215.46 218.66 225.75 224.09 225.37 228.54 229.48 224.9 223.8723 -9999 -9999 -9999
189.43 191.04 189.51 190.88 191.83 192.28 193.05 192.27 191.95 193.24 193.27 190.8 186.32 185.84 192.2 190.73 189.43 188.83 191.78 195.85 192.89 190.34 207.06 208.27 213.8 215.06 210.29 209.87 209.56 203.22 206.51 212.47 218.77 223.65 227.56 226.32 221.04 216.68 216.53 218.18 219.81 223.16 225.1 225.34 224.45 236.04 235 232.78 229.86 224.42 219.47 216.03 214.15 208.33 207.51 208.35 203.06 202.41 199.04 202.77 211.82 221.81 225.88 226.59 229.78 230.17 228.51 229.4043 -9999 -9999 -9999 -9999 -9999
189.8 185.96 183.31 182.84 181.31 182.08 187.64 189.63 186.79 187.05 188.57 190.06 189.38 192.28 197.32 195.89 193.34 193.9 193.34 201.88 200.29 205.86 193.62 191.02 191.12 202.53 206.95 202.97 204.39 198.01 206.52 215.83 219.86 224.68 225.84 227.83 224.89 219.75 219.05 219.41 220.52 223.76 229.59 226.66 230.01 229.8 227.22 224.73 220.29 214.64 210.45 206.81 201.96 204.17 207.95 214.53 212.37 211.91 203.54 210.02 220.87 224.22 222.74 216.69 225.85 231.91 231.0426 -9999 -9999 -9999 -9999 -9999 -9999
175.07 175.2 174.14 175.24 176.91 181.12 184.55 186.14 187.29 186.26 186.38 185.95 189.56 196.36 198.97 200.52 200.93 201.75 199.45 200.75 202.34 203.11 194.89 186.48 184.89 188.62 196.25 194.9 195.16 196.61 202.99 211.03 216.26 220.2 223.04 225.47 228.6 228.83 229.51 230.07 231.58 232.5 230.6 226 226.33 228.53 227.73 231.85 228.19 218.72 204.56 199.93 194.72 189.99 205.34 221.22 221.15 219.57 217.69 223.1 226.14 224.86 227.22 221.0918 226.5802 233.8382 -9999 -9999 -9999 -9999 -9999 -9999 -9999
160.27 167.05 172.33 169.49 177.18 188.28 187.61 190.99 192.68 185.42 185.46 185.44 189.6 194.36 196.6 194.33 191.25 191.68 194.57 197.07 190.58 191.28 193.81 187.36 184.81 184.33 183.48 185.38 190.09 195.45 201.48 205.04 209.92 217.03 221.63 224.65 225.95 225.86 227.55 229.66 230.4 229.65 226.64 230.18 230.66 230.41 226.69 236.24 231.9 223.25 223.35 215 209.14 216.33 220.57 226.41 224.53 224.66 224.7347 229.4177 228.6515 -9999 -9999 -9999 -9999 -9999 -9999 -9999 -9999 -9999 -9999 -9999 -9999
176.18 171 180.33 178.65 183.67 188.12 190.21 194.41 194.81 187.9 186.26 185.78 184.01 182.2 179.89 179.67 182.88 185.03 185.34 186.9 183.44 181.38 183.29 190.3 185.32 182.86 179.05 179.37 185.55 190.75 196.22 196.06 193.93 205.79 216.07 216.83 219.1 221.37 222.62 220.34 226.19 225.78 224.45 228.09 224.26 221.84 218.67 229.3 234.9 233.99 224.67 213.08 225.29 229.42 229.81 229.3951 -9999 -9999 -9999 -9999 -9999 -9999 -9999 -9999 -9999 -9999 -9999 -9999 -9999 -9999 -9999 -9999 -9999
182.84 192.09 189.71 186.47 196.85 197.98 197.23 197.54 193.18 190.32 186.89 184.88 184.81 179.98 176.19 177.03 181.03 176.09 177.67 179.85 181.83 181.07 178.81 177.35 186.82 179.55 175.56 168.8 175.54 185.42 191.36 194.5 197.61 203.48 207.42 206.6 211.68 215.77 220.45 221.29 218.81 216.66 219.9 221.51 219.74 222.25 223.01 230.77 238.19 226.53 216.84 221.76 233.1972 -9999 -9999 -9999 -9999 -9999 -9999 -9999 -9999 -9999 -9999 -9999 -9999 -9999 -9999 -9999 -9999 -9999 -9999 -9999 -9999
