layers/wordclim/current/bio_04.asc
ncols         166
nrows         93
xllcorner     -9.4959440078468
yllcorner     36.000324005443
cellsize      0.083333337679505
NODATA_value  -9999
[rows 62 to 92 of 93, columns 0 to 69 of 166]
-9999 -9999 -9999 -9999 3957.76 4069.5 4157.455 4198.33 4238.583 4317.198 4407.73 4463.79 4551.57 4649.9 4720.99 4788.26 4864.3 4916.18 4967.48 5036.51 5115.97 5196.62 5286.63 5375.08 5460.08 5515.28 5582.79 5678.43 5760.1 5840.17 5914.74 5983.23 6059.7 6102.96 6166.16 6208 6263.71 6333.6 6359 6434.37 6458.46 6537.62 6580.38 6615.87 6635.74 6688.47 6730.05 6755.28 6785.28 6804.76 6830.04 6847.86 6865.38 6876.04 6891.48 6896.65 6905.08 6919.21 6937.94 6954.62 6958.61 6959.8 6959.9 6945.44 6927.41 6925.11 6921.41 6901.54 6892.1 6889.17
-9999 -9999 -9999 -9999 3949.938 4069.886 -9999 4169.824 -9999 4304.41 4380.38 4465.21 4535.91 4609.09 4702.64 4783.26 4842.51 4911.43 4979.95 5056.56 5127.37 5201.55 5287.36 5365.61 5439.77 5493.13 5558.76 5654.87 5734.38 5817.47 5892.81 5966.3 6046.85 6111.02 6161.78 6217.1 6254.83 6340.95 6362.49 6433.88 6454.37 6517.78 6561.83 6613.87 6636.66 6685.25 6720.71 6751.81 6782.24 6804.31 6814.26 6839.21 6857.53 6872.22 6897.76 6916.99 6925.74 6926.71 6935.38 6939.51 6947.7 6969.44 6972.54 6966.19 6960.14 6927.8 6899.43 6919.25 6937.13 6930.12
-9999 -9999 -9999 -9999 -9999 -9999 -9999 -9999 4226.911 4295.561 4372.684 4436.48 4527.92 4616.48 4681.91 4783.87 4860.19 4930.7 5006.38 5089.18 5156.09 5224.56 5283.23 5353.38 5412.72 5481.3 5554.28 5628.45 5709.26 5790.61 5870.05 5958.14 6019.9 6060.92 6129.9 6188.09 6258.68 6323.74 6355.24 6422.08 6470.66 6503.42 6570.12 6587.45 6637.83 6680.08 6710.49 6744.23 6770.14 6789.86 6811.88 6841.95 6860.24 6868.86 6891.75 6910.13 6933.86 6932.88 6939.72 6947.95 6932.23 6944.54 6938.62 6944.45 6950.53 6948.54 6880.23 6917.58 6911.32 6901.01
-9999 -9999 -9999 -9999 -9999 -9999 -9999 -9999 -9999 4286.46 4380.5 4456.16 4519.97 4592.7 4668.58 4764.71 4857.39 4948.07 5030.11 5095.38 5170.29 5251.92 5303.41 5342.51 5396.03 5465.92 5551.47 5600.23 5674.12 5754.83 5839.02 5914.79 5958.49 6027.59 6097.42 6154.6 6231.02 6291.99 6352.03 6402.72 6470.81 6495.85 6562.37 6582.89 6632.23 6668.98 6692.04 6730.2 6753.7 6774.65 6804.37 6826.25 6853.48 6872.56 6880.37 6900.14 6924.59 6926.51 6936.51 6937.56 6938.92 6951.91 6954.06 6917.03 6944.51 6937.91 6884.24 6888.99 6884.61 6849.34
-9999 -9999 -9999 -9999 -9999 -9999 -9999 -9999 -9999 4281.18 4382.52 4437.92 4513.84 4595.89 4652.37 4750.83 4835.84 4927.57 5025.96 5116.13 5175.01 5244.32 5289.38 5336.96 5378.57 5449.47 5517.4 5586.71 5646.68 5712.92 5780.05 5873.13 5957.99 6043.98 6092.3 6159.41 6198.34 6271.05 6341.36 6385.71 6442.51 6480.06 6545.37 6570.53 6613.1 6638.13 6656.15 6700.16 6741.54 6770.71 6795.63 6814.99 6826.57 6841.95 6862.02 6874.14 6885.09 6905.05 6911.87 6908.04 6915.13 6914.83 6945.23 6892.46 6910.92 6895.79 6854.6 6889.47 6803.44 6762.06
-9999 -9999 -9999 -9999 -9999 -9999 -9999 -9999 4144.942 4260.9 4402.81 4433.82 4503.49 4563.33 4660.54 4739.19 4834.11 4934.02 5035.04 5112.27 5163.65 5205.5 5242.64 5305.4 5373.59 5422.13 5474.99 5541.07 5612.55 5690.13 5765.97 5845.08 5933.5 6011.57 6070.63 6138.87 6209.68 6255.18 6323.09 6371.82 6414.58 6456.43 6513.01 6553.61 6597.86 6628.83 6636.88 6673.66 6703.49 6734.14 6765.65 6790.64 6808.79 6819.6 6834.59 6846.66 6849.32 6840.66 6862.6 6870.22 6800.22 6814.6 6833.99 6812.8 6830.95 6816.28 6827.38 6765.6 6736.56 6705.98
-9999 -9999 -9999 -9999 -9999 -9999 -9999 -9999 4095.45 4238.2 4349.16 4426.31 4484.8 4556.16 4639.89 4725.78 4836.56 4956.77 5046.97 5137.23 5154.64 5200.31 5218.78 5291.21 5362.33 5414.77 5460.33 5519.66 5609.11 5694.16 5771.32 5825.24 5878.52 5977.87 6054.5 6113.71 6180.11 6242.19 6296.87 6346.01 6393.23 6433.43 6466.1 6518.28 6570.89 6614.53 6627.16 6645.4 6659.05 6661.57 6707.21 6735.68 6775.53 6799.3 6808.24 6809.04 6816.97 6779.48 6784.75 6762.74 6713 6708.73 6693.82 6679.98 6674.41 6659.73 6660.77 6670.13 6682.7 6687
-9999 -9999 -9999 -9999 -9999 -9999 -9999 3985.192 4069.613 4218.74 4294.04 4374.76 4447.84 4528.6 4613.1 4712.27 4817.69 4909.18 5014.17 5102.54 5139.18 5142.54 5195.35 5266.61 5317.21 5366.39 5423.01 5470.27 5545.26 5613.56 5705.91 5804.91 5869.79 5946.72 6006.91 6053.55 6113.45 6189.76 6257.79 6302.26 6369.11 6417.5 6444.07 6496.16 6536.45 6567.79 6605.59 6619.96 6635.17 6648.73 6648.36 6666.74 6728.83 6739.3 6749.69 6759.49 6761.31 6715.53 6652.19 6651.43 6616.02 6662.62 6645.08 6670.1 6705.71 6678.19 6660.19 6687.75 6634.1 6628.49
-9999 -9999 -9999 -9999 -9999 -9999 -9999 -9999 4054.415 4159.76 4262.26 4331.85 4423.04 4504.47 4606.28 4706.62 4803.56 4877.42 4950.46 5022.89 5062.69 5109.01 5141.64 5206.75 5266.81 5319.31 5362.41 5441.25 5538.95 5609.55 5683.14 5770.59 5832.4 5905.93 5985.16 6029.1 6089.64 6127.76 6203.5 6270.11 6325.28 6372.87 6394.16 6462.68 6491.92 6528.11 6562.04 6570.68 6582.63 6574.29 6607.39 6592.45 6623.17 6638.67 6658.16 6654.14 6633.21 6621.48 6623.76 6617.55 6616.96 6650.18 6660.03 6629.32 6683.75 6673.66 6666.59 6723.49 6655.52 6689.98
-9999 -9999 -9999 -9999 -9999 -9999 -9999 -9999 4001.8 4133.55 4225.51 4307.44 4388.68 4474.09 4594.23 4687.51 4778.07 4835.92 4896.37 4950.15 5002.98 5052.83 5091.06 5163.48 5204.59 5250.78 5309.41 5386.56 5463.26 5513.96 5586.41 5658.65 5716 5801.45 5880.77 5967.66 6046.36 6095.68 6145.63 6220.36 6283.12 6331.14 6346.92 6384.02 6429.41 6460.31 6485.59 6493.52 6493.84 6518.22 6493.82 6468.11 6488.42 6514.46 6547.51 6576.76 6570.7 6567.99 6574.93 6566.96 6557.39 6610.52 6571.28 6587.65 6622.47 6696.68 6755.74 6813.32 6736.1 6708.14
-9999 -9999 -9999 -9999 -9999 -9999 -9999 -9999 3943.809 4072.419 4175.02 4295.53 4396.38 4469.41 4548.58 4644.05 4736.6 4791.9 4838.2 4902.32 4943.7 4997.03 5032.85 5092.3 5119.91 5183.75 5217.5 5288.34 5365.86 5412.25 5473.45 5552.45 5601.07 5725.79 5820.07 5903.18 5975.63 6050.61 6102.63 6164.81 6224.69 6283.01 6330.18 6314.16 6342.83 6361.45 6403.05 6389.78 6350.53 6355.83 6367.34 6386.41 6418.3 6449.42 6468.9 6502.33 6525.47 6492.83 6447.28 6478.03 6467.18 6522.61 6506.26 6545.59 6615.94 6667.78 6785.31 6834.74 6791.77 6786.53
-9999 -9999 -9999 -9999 -9999 -9999 -9999 -9999 3898.076 4005.86 4115.87 4255.02 4372.91 4472.64 4523.3 4610.41 4688.66 4744.16 4805.81 4834.89 4871.77 4906.38 4939 4995.84 5030.8 5075.83 5159.16 5235.08 5296.33 5318.65 5375.61 5482.51 5547.78 5658.9 5747.11 5803.35 5907.18 5978.76 6047.87 6114.14 6177.64 6219.24 6267.19 6271.18 6257.23 6259.04 6261.31 6255.79 6265 6288.93 6309.06 6317.04 6318.41 6361.55 6384.51 6398.57 6392.25 6418.44 6393.81 6426.77 6469.85 6465.61 6507.95 6491.66 6555.65 6691.49 6718.02 6780.74 6792.59 6796.2
-9999 -9999 -9999 -9999 -9999 -9999 -9999 -9999 3872.298 3985.88 4075.29 4193.33 4297.3 4397.53 4477.65 4561.01 4642.39 4700.29 4745.16 4784.75 4827.2 4870.62 4894.27 4910.14 4986.89 5049.29 5114.07 5160.41 5194.44 5241.79 5284.74 5360.72 5482.37 5569.87 5649.61 5729.49 5837.72 5903.27 5958.14 6034.06 6101.21 6147.59 6177.97 6193.4 6206.44 6216.16 6209.82 6212.4 6220.54 6234.5 6227.95 6250.13 6236.45 6222.3 6234.87 6239.47 6268.95 6286.71 6320.12 6397.94 6444.51 6527.21 6555 6484.3 6476.74 6598.25 6654.17 6733.96 6750.34 6754.7
-9999 -9999 -9999 -9999 -9999 -9999 -9999 -9999 3827.463 3959.44 4086.66 4175.24 4256.7 4358.95 4459.39 4541.25 4597.93 4647.59 4706.46 4734.82 4768.1 4813.1 4846.77 4883.23 4870.78 4958.39 5016.3 5061.58 5098.14 5130.95 5186.52 5286.72 5362.21 5444.53 5526.43 5597.87 5708.75 5776.55 5856.22 5951.51 6043.25 6105.53 6136.82 6154.71 6165.14 6171.53 6143.72 6110.49 6113.76 6128.94 6132.56 6144.77 6130.29 6113.75 6122.7 6112.66 6149.15 6194.07 6222.26 6249.06 6315.15 6482.59 6461.45 6424.71 6490.71 6538.49 6638.92 6649.33 6693.05 6693.6
-9999 -9999 -9999 -9999 -9999 -9999 -9999 -9999 3753.241 3919.21 4062.05 4184.4 4234.62 4303.57 4390.82 4468.04 4563.22 4605.18 4641.37 4677.66 4720.13 4745.52 4741 4777.92 4786.933 4858.99 4897.24 4952.68 5003.93 5037.58 5066.85 5145.91 5225.24 5310.01 5410.04 5519.59 5623.89 5703.09 5778.76 5886.6 5991.4 6062.92 6090.26 6078.59 6082.66 6055.21 6017.04 6010.95 6004.13 6000.37 5999.74 5989.86 5995.16 6009.94 6022.45 6024.05 6022.95 6043.5 6062.72 6130.31 6234.95 6284.56 6425.82 6431.5 6492.73 6539.74 6588.02 6593.8 6593.45 6605.36
-9999 -9999 -9999 -9999 -9999 -9999 -9999 3577.441 3690.14 3887.54 4042.95 4142.24 4185.69 4264.4 4299.39 4371.92 4465.23 4534.48 4624.02 4663.07 4663.54 4697.45 4690.09 4686.94 4691.738 4741.79 4790.01 4823.09 4878.96 4926.15 -9999 5034.241 5130.06 5237.92 5331.97 5409.3 5512.29 5595.04 5674.62 5775.63 5866.01 5932.86 5980.83 5985.42 5959.05 5939.18 5921.62 5905.86 5909.32 5903.08 5878.36 5873.99 5886.05 5911.82 5936.28 6047.39 5968.28 5963.29 5969.84 5993.57 6016.29 6109.87 6179.82 6239.66 6359.17 6399.4 6459.5 6449.48 6408 6435.82
-9999 -9999 -9999 -9999 -9999 -9999 -9999 3429.231 3636.26 3834.07 3975.31 4055.67 4108.78 4166.86 4212.69 4267.03 4346.03 4397.5 4491.26 4571.19 4575.56 4573.79 4582.6 4586.3 4586.279 4643.987 4694.39 4752.873 4810.308 4861.76 4877.902 4955.859 5043.77 5126.84 5208.6 5291.01 5372.05 5460.01 5546.43 5639.88 5711.04 5788.72 5824.7 5843.92 5840.88 5827.09 5812.45 5801.43 5792.98 5804.24 5789.33 5800.44 5819.9 5840.31 5832.56 5927.07 5886.74 5894.25 5896.06 5905.64 5963.98 6141.85 6088.17 6062.89 6177.3 6079.27 6125.4 6155.55 6157.69 6259.25
-9999 -9999 -9999 -9999 -9999 -9999 -9999 3297.375 3527.27 3793.35 -9999 4018.698 4052.483 4091.494 4129.465 4169.381 4202.77 4265.05 4359.62 4404.76 4403.14 4401.24 4424.375 -9999 -9999 -9999 -9999 -9999 -9999 -9999 -9999 -9999 4975.924 5035.609 5100.22 5159.92 5244.31 5324.87 5423.95 5505.3 5582.27 5646.56 5677.86 5684.25 5697.55 5702.2 5690.83 5680.89 5703.3 5739.14 5731.37 5737.08 5800.4 5757.72 5750.33 5793.68 5750.81 5764.1 5783.89 5804.35 5925.84 6018.32 6069.8 6140.71 6199.11 6114.18 6159.29 6213.82 6244.65 6276.26
-9999 -9999 -9999 -9999 -9999 -9999 2935.189 -9999 -9999 -9999 -9999 -9999 -9999 -9999 -9999 -9999 -9999 4137.431 4151.391 4212.087 4256.443 -9999 -9999 -9999 -9999 -9999 -9999 -9999 -9999 -9999 -9999 -9999 -9999 -9999 -9999 5059.326 5123.19 5208.67 5290.71 5372.04 5451.488 5496.22 5530.93 5547.2 5560.16 5560.77 5561.17 5588.82 5587.95 5626.97 5642.83 5696.82 5653.05 5695.4 5698.54 5650.74 5616.26 5600.73 5661.47 5681.32 5837.36 5917.27 6061.76 6250.26 6285.6 6169.29 6168.95 6246.11 6291.08 6278.86
-9999 -9999 -9999 -9999 -9999 -9999 -9999 -9999 -9999 -9999 -9999 -9999 -9999 -9999 -9999 -9999 -9999 -9999 -9999 -9999 -9999 -9999 -9999 -9999 -9999 -9999 -9999 -9999 -9999 -9999 -9999 -9999 -9999 -9999 -9999 -9999 5010.648 5079.89 5158.283 5243.651 5322.646 5377.13 5413.34 5440.94 5464.37 5441.08 5434.81 5474.3 5488.74 5499.72 5516.13 5625.04 5634.12 5677.72 5524.92 5481.31 5494.02 5587.12 5739.25 5791.59 5798.9 5890.18 5861.3 5904.13 5984.53 6158.23 6162.39 6127.07 6237.01 6296.38
-9999 -9999 -9999 -9999 -9999 -9999 -9999 -9999 -9999 -9999 -9999 -9999 -9999 -9999 -9999 -9999 -9999 -9999 -9999 -9999 -9999 -9999 -9999 -9999 -9999 -9999 -9999 -9999 -9999 -9999 -9999 -9999 -9999 -9999 -9999 -9999 -9999 4941.18 5008.595 5118.815 5203.97 5276.92 5326.8 5329.31 5333.99 5305.5 5290.71 5349.09 5380.08 5439.63 5489.77 5504.9 5615.76 5631.51 5539.67 5447.51 5379.68 5185.34 5334.53 5372.54 5464.1 5650.56 5478.87 5314.3 5419.99 5940.47 6071.84 6150.17 6194.59 6155.03
-9999 -9999 -9999 -9999 -9999 -9999 -9999 -9999 -9999 -9999 -9999 -9999 -9999 -9999 -9999 -9999 -9999 -9999 -9999 -9999 -9999 -9999 -9999 -9999 -9999 -9999 -9999 -9999 -9999 -9999 -9999 -9999 -9999 -9999 -9999 -9999 -9999 -9999 4880.531 4991.3 5094.89 5174.69 5206.59 5186.82 5178.43 5172.7 5163.05 5254.18 5494.34 5495.46 5426.42 5470.39 5485.13 5676.09 5497.18 5494.67 5087.66 4982.36 5124.97 5012.41 5089.85 5350.94 5384.4 5158.45 5041.23 5246.16 5367.7 5451.196 5744.196 5438.39
-9999 -9999 -9999 -9999 -9999 -9999 -9999 -9999 -9999 -9999 -9999 -9999 -9999 -9999 -9999 -9999 -9999 -9999 -9999 -9999 -9999 -9999 -9999 -9999 -9999 -9999 -9999 -9999 -9999 -9999 -9999 -9999 -9999 -9999 -9999 -9999 -9999 4656.043 4736.11 4864.34 4970.93 5033.73 5049.26 5015.71 5024.03 5038.76 5070.17 5058.7 5261.32 5571.49 5502.36 5416.89 5513.25 5769.93 5555.64 5029.48 4830.5 4745.91 4761.87 4700.37 4718.122 -9999 -9999 -9999 -9999 -9999 -9999 -9999 -9999 -9999
-9999 -9999 -9999 -9999 -9999 -9999 -9999 -9999 -9999 -9999 -9999 -9999 -9999 -9999 -9999 -9999 -9999 -9999 -9999 -9999 -9999 -9999 -9999 -9999 -9999 -9999 -9999 -9999 -9999 -9999 -9999 -9999 -9999 -9999 -9999 -9999 -9999 -9999 4615.714 4712.573 4800.59 4862.7 4865.84 4873.37 4904.81 4930.73 4882.9 5014.14 5105.6 5334.96 5206.06 5235.09 5381.35 5460.69 5147.48 5095.9 4967.53 4810.47 4982.7 4766.527 -9999 -9999 -9999 -9999 -9999 -9999 -9999 -9999 -9999 -9999
-9999 -9999 -9999 -9999 -9999 -9999 -9999 -9999 -9999 -9999 -9999 -9999 -9999 -9999 -9999 -9999 -9999 -9999 -9999 -9999 -9999 -9999 -9999 -9999 -9999 -9999 -9999 -9999 -9999 -9999 -9999 -9999 -9999 -9999 -9999 -9999 -9999 -9999 -9999 4595 4686.08 4747.51 4752.16 4731.29 4777.16 4795.21 5022.47 4927.87 5073.96 4918.01 4904.15 5088.56 4990.8 4796.03 4664.04 4807.344 4655.13 4502.979 4482.321 -9999 -9999 -9999 -9999 -9999 -9999 -9999 -9999 -9999 -9999 -9999
-9999 -9999 -9999 -9999 -9999 -9999 -9999 -9999 -9999 -9999 -9999 -9999 -9999 -9999 -9999 -9999 -9999 -9999 -9999 -9999 -9999 -9999 -9999 -9999 -9999 -9999 -9999 -9999 -9999 -9999 -9999 -9999 -9999 -9999 -9999 -9999 -9999 -9999 -9999 4502.821 4562.36 4598.51 4611.63 4578.91 4550.61 4541.77 4752.71 4743.19 4554.36 4452.77 4578.91 4751.41 4414.807 -9999 -9999 -9999 -9999 -9999 -9999 -9999 -9999 -9999 -9999 -9999 -9999 -9999 -9999 -9999 -9999 -9999
-9999 -9999 -9999 -9999 -9999 -9999 -9999 -9999 -9999 -9999 -9999 -9999 -9999 -9999 -9999 -9999 -9999 -9999 -9999 -9999 -9999 -9999 -9999 -9999 -9999 -9999 -9999 -9999 -9999 -9999 -9999 -9999 -9999 -9999 -9999 -9999 -9999 -9999 -9999 -9999 4430 4458.27 4471.36 4428.75 4365.47 4369.97 4456.24 4621.9 4347.39 4249.25 4251.26 -9999 -9999 -9999 -9999 -9999 -9999 -9999 -9999 -9999 -9999 -9999 -9999 -9999 -9999 -9999 -9999 -9999 -9999 -9999
-9999 -9999 -9999 -9999 -9999 -9999 -9999 -9999 -9999 -9999 -9999 -9999 -9999 -9999 -9999 -9999 -9999 -9999 -9999 -9999 -9999 -9999 -9999 -9999 -9999 -9999 -9999 -9999 -9999 -9999 -9999 -9999 -9999 -9999 -9999 -9999 -9999 -9999 -9999 -9999 -9999 4317.296 4316.5 4249.32 4216.2 4352.52 4411.33 4419.77 4210.14 4135.94 4072.611 -9999 -9999 -9999 -9999 -9999 -9999 -9999 -9999 -9999 -9999 -9999 -9999 -9999 -9999 -9999 -9999 -9999 -9999 -9999
-9999 -9999 -9999 -9999 -9999 -9999 -9999 -9999 -9999 -9999 -9999 -9999 -9999 -9999 -9999 -9999 -9999 -9999 -9999 -9999 -9999 -9999 -9999 -9999 -9999 -9999 -9999 -9999 -9999 -9999 -9999 -9999 -9999 -9999 -9999 -9999 -9999 -9999 -9999 -9999 -9999 4214 4227.631 4168.638 4120.72 4153.12 4431.22 4105.93 4010.125 3990.852 -9999 -9999 -9999 -9999 -9999 -9999 -9999 -9999 -9999 -9999 -9999 -9999 -9999 -9999 -9999 -9999 -9999 -9999 -9999 -9999
-9999 -9999 -9999 -9999 -9999 -9999 -9999 -9999 -9999 -9999 -9999 -9999 -9999 -9999 -9999 -9999 -9999 -9999 -9999 -9999 -9999 -9999 -9999 -9999 -9999 -9999 -9999 -9999 -9999 -9999 -9999 -9999 -9999 -9999 -9999 -9999 -9999 -9999 -9999 -9999 -9999 -9999 -9999 -9999 4126.747 4143.63 4293.05 4491.63 3969.294 -9999 -9999 -9999 -9999 -9999 -9999 -9999 -9999 -9999 -9999 -9999 -9999 -9999 -9999 -9999 -9999 -9999 -9999 -9999 -9999 -9999
-9999 -9999 -9999 -9999 -9999 -9999 -9999 -9999 -9999 -9999 -9999 -9999 -9999 -9999 -9999 -9999 -9999 -9999 -9999 -9999 -9999 -9999 -9999 -9999 -9999 -9999 -9999 -9999 -9999 -9999 -9999 -9999 -9999 -9999 -9999 -9999 -9999 -9999 -9999 -9999 -9999 -9999 -9999 -9999 -9999 -9999 4062.21 4270.232 -9999 -9999 -9999 -9999 -9999 -9999 -9999 -9999 -9999 -9999 -9999 -9999 -9999 -9999 -9999 -9999 -9999 -9999 -9999 -9999 -9999 -9999
