layers/wordclim/current/bio_11.asc
ncols         166
nrows         93
xllcorner     -9.4959440078468
yllcorner     36.000324005443
cellsize      0.083333337679505
NODATA_value  -9999
[rows 0 to 33 of 93, columns 77 to 153 of 166]
-9999 -9999 -9999 -9999 -9999 -9999 -9999 -9999 -9999 -9999 -9999 -9999 -9999 -9999 -9999 -9999 -9999 -9999 -9999 -9999 -9999 -9999 -9999 -9999 -9999 -9999 -9999 -9999 -9999 -9999 -9999 -9999 -9999 -9999 -9999 -9999 -9999 -9999 -9999 -9999 -9999 -9999 -9999 -9999 -9999 -9999 -9999 -9999 -9999 -9999 -9999 -9999 -9999 -9999 -9999 -9999 -9999 -9999 -9999 -9999 -9999 -9999 -9999 -9999 -9999 -9999 -9999 -9999 -9999 -9999 -9999 -9999 -9999 -9999 -9999 -9999 -9999
-9999 -9999 -9999 -9999 -9999 -9999 -9999 -9999 -9999 -9999 -9999 -9999 -9999 -9999 -9999 -9999 -9999 -9999 -9999 -9999 -9999 -9999 -9999 -9999 -9999 -9999 -9999 -9999 -9999 -9999 -9999 -9999 -9999 -9999 -9999 -9999 -9999 -9999 -9999 -9999 -9999 -9999 -9999 -9999 -9999 -9999 -9999 -9999 -9999 -9999 -9999 -9999 -9999 -9999 -9999 -9999 -9999 -9999 -9999 -9999 -9999 -9999 -9999 -9999 -9999 -9999 -9999 -9999 -9999 -9999 -9999 -9999 -9999 -9999 -9999 -9999 -9999
-9999 -9999 -9999 -9999 -9999 -9999 -9999 -9999 -9999 -9999 -9999 -9999 -9999 -9999 -9999 -9999 -9999 -9999 -9999 -9999 -9999 -9999 -9999 -9999 -9999 -9999 -9999 -9999 -9999 -9999 -9999 -9999 -9999 -9999 -9999 -9999 -9999 -9999 -9999 -9999 -9999 -9999 -9999 -9999 -9999 -9999 -9999 -9999 -9999 -9999 -9999 -9999 -9999 -9999 -9999 -9999 -9999 -9999 -9999 -9999 -9999 -9999 -9999 -9999 -9999 -9999 -9999 -9999 -9999 -9999 -9999 -9999 -9999 -9999 -9999 -9999 -9999
-9999 -9999 -9999 -9999 -9999 -9999 -9999 -9999 -9999 -9999 -9999 -9999 -9999 -9999 -9999 -9999 -9999 -9999 -9999 -9999 -9999 -9999 -9999 -9999 -9999 -9999 -9999 -9999 -9999 -9999 -9999 -9999 -9999 -9999 -9999 -9999 -9999 -9999 -9999 -9999 -9999 -9999 -9999 -9999 -9999 -9999 -9999 -9999 -9999 -9999 -9999 -9999 -9999 -9999 -9999 -9999 -9999 -9999 -9999 -9999 -9999 -9999 -9999 -9999 -9999 -9999 -9999 -9999 -9999 -9999 -9999 -9999 -9999 -9999 -9999 -9999 -9999
-9999 89.83908 88.66 84.22 87.13953 87.03846 88.81818 -9999 -9999 -9999 -9999 -9999 -9999 -9999 -9999 -9999 -9999 -9999 -9999 -9999 -9999 -9999 -9999 -9999 -9999 -9999 -9999 -9999 -9999 -9999 -9999 -9999 -9999 -9999 -9999 -9999 -9999 -9999 -9999 -9999 -9999 -9999 -9999 -9999 -9999 -9999 -9999 -9999 -9999 -9999 -9999 -9999 -9999 -9999 -9999 -9999 -9999 -9999 -9999 -9999 -9999 -9999 -9999 -9999 -9999 -9999 -9999 -9999 -9999 -9999 -9999 -9999 -9999 -9999 -9999 -9999 -9999
80.39796 90.04041 86.54 87.45 86.62 85.03 81.78 86.61617 86.39726 91.46667 92.59016 94.18033 92.94048 92.15625 86.16 73.74 76.68919 -9999 -9999 -9999 -9999 -9999 -9999 -9999 -9999 -9999 -9999 -9999 -9999 -9999 -9999 -9999 -9999 -9999 -9999 -9999 -9999 -9999 -9999 -9999 -9999 -9999 -9999 -9999 -9999 -9999 -9999 -9999 -9999 -9999 -9999 -9999 -9999 -9999 -9999 -9999 -9999 -9999 -9999 -9999 -9999 -9999 -9999 -9999 -9999 -9999 -9999 -9999 -9999 -9999 -9999 -9999 -9999 -9999 -9999 -9999 -9999
76.52 73.35 83.68 84.65 81.78 74.38 75.14 77.75 76.83 78.54 77.77 79.01 86.62 75.55 75.13 58.3 70.71 63.51 54.08 51.66 -9999 -9999 -9999 -9999 -9999 -9999 -9999 -9999 -9999 -9999 -9999 -9999 -9999 -9999 -9999 -9999 -9999 -9999 -9999 -9999 -9999 -9999 -9999 -9999 -9999 -9999 -9999 -9999 -9999 -9999 -9999 -9999 -9999 -9999 -9999 -9999 -9999 -9999 -9999 -9999 -9999 -9999 -9999 -9999 -9999 -9999 -9999 -9999 -9999 -9999 -9999 -9999 -9999 -9999 -9999 -9999 -9999
73.24 74.59 74.83 75.84 65.09 71.19 73.75 73.99 70.15 69.31 68.94 72.54 74.69 60.02 52.18 50.31 62.44 62.75 58.41 46.60274 -9999 -9999 -9999 -9999 -9999 -9999 -9999 -9999 -9999 -9999 -9999 -9999 -9999 -9999 -9999 -9999 -9999 -9999 -9999 -9999 -9999 -9999 -9999 -9999 -9999 -9999 -9999 -9999 -9999 -9999 -9999 -9999 -9999 -9999 -9999 -9999 -9999 -9999 -9999 -9999 -9999 -9999 -9999 -9999 -9999 -9999 -9999 -9999 -9999 -9999 -9999 -9999 -9999 -9999 -9999 -9999 -9999
68.92 69.41 54.47 38.49 55.51 55.15 68.38 71.71 62.18 70.25 75.68 70.58 55.96 57.28 42.49 43.13 42.76 37.92 28.91 27.125 -9999 22 19.44643 -9999 -9999 -9999 -9999 -9999 -9999 -9999 -9999 -9999 -9999 -9999 -9999 -9999 -9999 -9999 -9999 -9999 -9999 -9999 -9999 -9999 -9999 -9999 -9999 -9999 -9999 -9999 -9999 -9999 -9999 -9999 -9999 -9999 -9999 -9999 -9999 -9999 -9999 -9999 -9999 -9999 -9999 -9999 -9999 -9999 -9999 -9999 -9999 -9999 -9999 -9999 -9999 -9999 -9999
49.36 52.7 55.81 49.76 57.22 57.93 51.28 48.37 37.19 49.89 56.86 49.57 37.69 40.36 46.34 47.38 46.28 45.24 36.6 33.16 27.5 24.45 22.27 18.08 11.17204 7.47541 2.92 -11.84483 -9999 -9999 -9999 -9999 -9999 -9999 -9999 -9999 -9999 -9999 -9999 -9999 -9999 -9999 -9999 -9999 -9999 -9999 -9999 -9999 -9999 -9999 -9999 -9999 -9999 -9999 -9999 -9999 -9999 -9999 -9999 -9999 -9999 -9999 -9999 -9999 -9999 -9999 -9999 -9999 -9999 -9999 -9999 -9999 -9999 -9999 -9999 -9999 -9999
45.81 43.76 46.34 55.62 60.22 59.79 58.25 55.59 54.34 43.71 45.33 44.21 42.88 31.69 43.88 53.05 49.66 44.61 40.9 35.07 32.84 28.11 17.75 24.7 15.82 13.82 6.71 -11.59 -17.11842 -9999 -9999 -9999 -9999 -9999 -9999 -9999 -9999 -9999 -9999 -9999 -9999 -9999 -9999 -9999 -9999 -9999 -9999 -9999 -9999 -9999 -9999 -9999 -9999 -9999 -9999 -9999 -9999 -9999 -9999 -9999 -9999 -9999 -9999 -9999 -9999 -9999 -9999 -9999 -9999 -9999 -9999 -9999 -9999 -9999 -9999 -9999 -9999
56.56 49.18 55.49 55.15 50.06 48.24 43.48 44.17 37.26 34.48 38.02 39.37 29.91 34.84 39.16 51.68 52.92 50.97 43.85 43.45 43.15 35.01 31.71 29.76 26.28 24.84 12.11 1.24 -7.49 -25.43011 -22.01493 -31.28205 -24.06818 -40.39394 -49.04478 -9999 -9999 -9999 -9999 -9999 -9999 -9999 -9999 -9999 -9999 3.23 -14.56 -34.14103 -38.29091 -9999 -9999 -9999 -9999 -9999 -9999 -9999 -9999 -9999 -9999 -9999 -9999 -9999 -9999 -9999 -9999 -9999 -9999 -9999 -9999 -9999 -9999 -9999 -9999 -9999 -9999 -9999 -9999
58.5 59.74 58.65 52.69 51.44 48.82 40.45 44.28 45.05 43.15 42.27 45.03 50.51 54.03 49.51 50.79 43.91 43.15 37.56 36.88 41.61 45.84 37.52 31.89 27.06 29.24 23.03 20.53 17.12 1.99 -6.9 -34.6 -23.59 -8.84 -39.27 -28.34783 -9999 -9999 -9999 -28.45833 -9999 -44.74074 -9999 -9999 -9999 -11.61224 -3.4 -16.22 -26.59 -32.94 -20.12195 -32.88889 -31.4697 -9999 -9999 -9999 -9999 -9999 -9999 -9999 -9999 -9999 -9999 -9999 -9999 -9999 -9999 -9999 -9999 -9999 -9999 -9999 -9999 -9999 -9999 -9999 -9999
48.6 52.85 56.37 47.95 39.39 36.76 41.76 42.59 42.27 44.27 52.36 51.55 49.73 54.52 57.32 55.45 46.64 43.31 33.24 33.74 39.63 45.64 38.81 33.15 37.41 37.4 38.52 28.78 22.17 19.53 15.63 2.86 -1.64 6.33 -10.58 -2.43 -21.67 -30.25 -16.16 -4.79 -28.84 -28.96 -42.96 -17.83 -53.2 -44.2 -35.51 -37.67 -38.98 -25.83 2.39 -15.07 -15.53 -37.47423 -9999 -9999 -9999 -9999 -9999 -9999 -9999 -9999 -9999 -9999 -9999 -9999 -9999 -9999 -9999 -9999 -9999 -9999 -9999 -9999 -9999 -9999 -9999
51.43 55.8 56.72 57.94 56.57 54.62 54.75 52.67 51.57 53.37 56.29 55.39 56.87 57.01 59.21 57.81 51.67 46.8 38.85 43.49 49.13 48.11 46.78 37.38 33.2 25.98 32.93 35.68 26.38 25.88 19.23 21.64 22.94 9.43 -1.31 6.76 2.1 6.69 20.19 10.53 -21.9 -16.7 -1.31 -20.09 -27.79 -17.12 -20.99 -29.03 -42.98 -38.53 -0.79 11.49 -1.57 -23.24 -9999 -9999 -9999 -9999 -9999 -9999 -9999 -9999 -9999 -9999 -9999 -9999 -9999 -9999 -9999 -9999 -9999 -9999 -9999 -9999 -9999 -9999 -9999
46.28 50.15 50.04 52.85 56.13 54.18 56.15 57.99 57.78 58.84 59.04 56.95 58.03 58.2 56 58.09 54.27 54.76 47.37 45.66 47.26 38.15 34.07 30.97 30.23 23.24 22.16 30.22 28.49 28.93 24.43 26.9 26.9 15.45 8.58 6.27 20.9 21.54 32.37 16.71 6.16 6.65 6.02 -5.2 3.5 11.79 -2.99 -28.56 -23.2 -20.22 8.01 1.81 -9.16 -10.52 -9999 -9999 -32.66667 -29.94737 -17.74157 11.53704 20.97059 -9999 -9999 -9999 -9999 -9999 -9999 -9999 -9999 -9999 -9999 68.66071 62.17647 68.07547 -9999 -9999 -9999
28.33 36.15 40.12 50.19 48.15 38.17 46.22 49.54 51.82 51.65 54.83 56.84 59.61 59.13 56.74 59.63 58.5 57.52 56.09 53.85 52.95 47.67 38.14 34.8 30.65 26.49 25.13 30.81 33.23 25.01 24.39 23.61 19.52 19.04 15.21 11.71 12.18 24.58 34.95 35.77 30.47 22 15.23 6.54 2.41 13.43 12.7 9.69 14.16 8.84 16.37 -8.48 4.01 22.34 28.63 15.98 11.93 16.81 21.28 20.43 7.69863 -9999 -18.2 -17.51 1.68 15.44706 -9999 -9999 -9999 55.10638 70.97 81.61 84.57 85.2 83.88764 -9999 -9999
23.22 13.93 24.81 39.18 29.47 23.55 31.88 30.67 28.17 36.05 33.5 47.41 56.58 59.99 59.77 59.54 59.91 56.36 53.91 53.95 53.26 50.57 46.36 42.67 39.31 37.45 34.02 39.98 39.84 33.71 23.91 15.96 14.71 12.99 4.23 11.25 15.47 23.16 35.44 39.56 27.33 32.04 20.09 27.53 17.12 26.33 19.31 11.09 27.67 29.58 6.24 1.62 13.7 35.14 21.45 3.65 -5.32 -4.97 8.72 6.84 5.02 11.89 22.25 17.51 20.24 37.84 49.52 53.21 52.95 60.62 73.92 82.03 89.08 91.74 90.52809 85.41936 -9999
5.43 2.58 17.31 22.47 18.91 29.01 22.55 28.37 20.22 30.98 33.84 41.92 49.07 50.66 58.79 61.83 61.71 57.97 58.38 58.4 54.7 53.56 52.22 52 48.07 44.4 41.84 45.28 46.8 46.09 45.21 41.59 37.72 32.66 34.25 34.64 28.77 30.93 30.88 40.17 33.52 40.96 35.81 29.55 26.44 34.43 23.98 33.51 41.18 23.29 4.64 17.14 33.37 30.57 11.52 1.8 1.77 8.72 15.16 33.84 25.75 31.26 38.8 44.76 39.27 45.07 63.1 65.19 71.45 74.67 79.74 84.91 89.29 93.49474 -9999 -9999 -9999
14.14 20.82 17.77 8.13 13.72 18.57 13.23 9.13 15.9 23.38 24.1 31 36.36 38.5 52.95 58.22 58.39 60.43 59.46 55.52 53.34 57 57.63 57.4 55.18 52.09 50.47 51.79 51.61 49.3 47.48 48.62 48.26 43.91 44.56 45.19 42.46 43.77 42.64 47.01 39.43 39.73 31.74 32.09 30.84 38.07 30.35 45.35 44.37 41.85 25.39 23.28 37.35 28.23 20.21 16.72 30.44 26.38 16.53 45.64 43.03 44.72 44.29 51.44 39.73 39.22 60.47 58.35 67.23 73.42 80.8 84.47 89.12 92.88 96.43284 -9999 -9999
4.35 3.51 -2.97 0.72 0.22 0.9 2.39 10.16 18.2 15.33 21.14 26.4 38.1 45.9 49.41 52.9 58.75 61.08 61.55 58 51.38 52.53 60.26 56.04 49.43 47.51 49.84 55.27 53.21 53.69 51.08 52.76 52.31 47.9 47.94 49.41 48.13 49.67 51.52 52.46 36.47 33.31 32.68 38.9 35.86 28.7 26.94 41.76 26.74 32.05 36.05 43.78 52.02 47.3 44.23 44.18 42.32 40.6 49.01 59.58 54.99 54.61 51.24 56.25 62.18 51.86 46.01 62.09 70.54 70.87 81.02 86.41 90.03 95.17 97.12245 -9999 -9999
22.06 16.48 6.86 11.59 4.41 12.65 13.25 19.24 13.74 12.34 18.52 25.61 34.96 39.31 41.96 43.22 53.98 55.93 59.88 63.35 61.83 61.33 60.97 56.25 49.13 41.95 48.24 58.01 56.18 51.82 52.5 55.89 56.8 53.25 52.14 53.5 50.91 54.2 55.43 54.94 49.15 44.23 38.59 39.41 42.15 35.85 41.4 44.99 36.32 49.91 54.28 54.16 53.11 49.25 43.69 50.52 57.85 58.07 57.47 64.53 60.89 62.26 56.99 60.93 66.8 62.4 59.55 62.43 74.28 79.29 83.64 80.52 86.18 94.01 97.35 97.58334 -9999
22.11 21.23 21.6 24.11 25.47 26.43 25.07 27.75 27.02 21.48 19.05 23.82 27.74 27.5 33.62 41.01 45.95 44.78 51.22 60.04 61.98 64.37 63.07 53.14 49.03 49.21 53.26 60.37 57.31 52.03 48 54.79 56.95 59.36 58.54 56.92 51.49 56.34 60.27 57.3 55.1 52.32 50.45 49.94 47.29 46 48.81 54.12 54.36 58.64 56.54 59.64 59.61 54.26 50.95 49.43 58.11 66.19 65.39 71.38 69.38 64.21 52 60.37 62.13 57.14 51.88 60.88 73.42 82.33 84.03 85.1 83.14 89.17 95.64384 -9999 -9999
26.48 24.09 23.88 24.4 24.53 24.65 28.99 30.07 28.26 25.41 23.71 24.31 23.7 22.95 4.99 13.3 36.78 43.45 49.99 54.44 58.39 62.09 64.96 64.55 60.11 56.37 60.72 63.31 58.51 54.18 47.18 50 55.78 58.94 61.49 59.58 58.75 61.78 62.78 58.2 60.27 60.6 59.25 55.39 56.91 57.5 60.92 62.02 61.99 62.02 62.39 60.26 59.51 59.48 58.69 54.06 54.62 63.79 74.85 76.87 74.77 65 57.19 59.17 55.34 45.58 49.74 75 81.26 86.76 86.34 84.25 87.53125 -9999 -9999 -9999 -9999
30.9 28.48 30.27 28.22 25.48 27.16 28.41 29.81 31.11 29.96 28.01 27.81 24.11 17.59 13.46 9.06 18.89 32.33 38.58 49.4 55.58 58.98 62.86 64.88 67.17 66.47 65.66 66.13 58.47 54.23 50.03 47.02 48.48 54.25 60.78 63.17 63.66 65.29 66.05 62.91 64.34 64.07 58.43 56 60.48 62.83 64.92 65.85 66.78 66.49 65.31 63.12 60.06 55.62 54.46 57.23 60.38 67.64 79.27 81.11 69.4 64.58 63.44 69.43 71.01 70.48 80.07 84.8 84.71 90.91837 89.55173 89.57143 -9999 -9999 -9999 -9999 -9999
34.25 32.72 32.43 31.89 32.63 31.24 29.11 29.8 32.66 32.08 29.31 28.16 25.09 22.79 21.21 25.29 29.64 38.93 40.17 45.09 55.96 60.5 57.13 54.93 60.48 64.98 67.26 69.83 66.69 62.35 62.57 60.07 53.34 50.23 54.45 56.73 54.51 60.5 64.76 67.28 67.95 64.3 62.39 63.34 64.8 65.17 66.19 66.78 67.06 67.28 65.43 60.86 57.86 55.89 58.69 66.22 68.88 69.14 69.43 83.05 68.62 73.16 81.57 88.85 89.62 86.99 81.72 83.79798 86.0921 -9999 -9999 -9999 -9999 -9999 -9999 -9999 -9999
36.6 34.16 34.77 35.5 33.4 32.16 30.9 32.18 29.64 27.66 29 29.46 25.58 27.29 27.57 29.39 28.8 41.44 47.89 49.85 57.75 59.9 55.38 48.57 55.24 56.48 57.92 63.86 67.9 70.97 69.24 66.37 63.61 60.95 58.45 62.17 62.71 62.19 64.55 63.7 68.42 69 70.14 69.88 67.09 65.97 66.8 67.31 66.12 63.55 59.61 54.89 52.38 55.25 58.95 68.99 75.38 76.49 80.52 89 87.62 89.26 94.08 96.71 91.26 90.25532 -9999 -9999 -9999 -9999 -9999 -9999 -9999 -9999 -9999 -9999 -9999
33.49 33.68 34.26 33.51 33.21 34.46 34.56 31.98 28.08 27.74 33.53 32.13 31.14 30.84 33.89 37.75 35.28 33.55 49.09 50.49 55.52 56.69 52.32 52.15 52.27 47.14 50.26 55.91 62.36 67.85 72.79 72.04 67.4 63.47 63.34 64.73 65.43 68.1 69.11 67.87 65.74 76.13 73.35 69.54 66.84 64.14 62.35 61.81 62.27 59.32 60.54 63.29 59.37 59.93 57.66 62.69 73.03 84.88 90.08 91.48 95.59 96.3 95.1 98.78723 -9999 -9999 -9999 -9999 -9999 -9999 -9999 -9999 -9999 -9999 -9999 -9999 -9999
23.57 23.99 28.68 30.54 27.95 28.24 29.53 30.54 30.04 32.92 37.66 36.32 34.29 35.23 35.07 43.14 42.07 47.32 36.62 34.5 35.04 45.41 49.41 46.18 47.81 42.58 50.34 59.2 63.76 69.31 71.46 73.91 71.54 66.64 66.24 66.7 67.17 69.74 75.12 71.23 73.84 72.58 69.01 66.56 63.6 60.08 58.01 56.58 53.69 57.45 63.27 71.73 71.33 72.09 63.8 71.94 85.31 89.71 88.19 81.55 92.37 100.82 100.9894 -9999 -9999 -9999 -9999 -9999 -9999 -9999 -9999 -9999 -9999 -9999 -9999 -9999 -9999
19.11 22.57 25.36 26.59 27.67 26.66 26.64 26.19 29.68 36.2 38.74 40.38 40.86 41.94 40.17 41.64 43.57 44.64 37.48 30.3 29.47 33.13 40.22 39.26 39.84 41.52 47.61 55.36 60.88 65.33 69.05 72.04 75.96 76.57 77.72 78.16 80.05 80.75 78.2 72.96 72.77 74.76 73.84 77.9 74.7 66.78 55.45 52.64 49.02 45.63 62.43 83.02 84.57 83.64 82.23 89.66 93.67 92.04 95.37 88.09184 94.82716 104.6176 -9999 -9999 -9999 -9999 -9999 -9999 -9999 -9999 -9999 -9999 -9999 -9999 -9999 -9999 -9999
18.9 28.24 27.7 30.4 32.04 25.34 25.18 25.15 29.23 33.83 35.83 34.04 31.41 32.41 35.47 38.13 32.49 33.62 36.55 31.26 29.48 29.43 28.99 30.94 35.43 40.54 46.43 50.18 55.29 62.8 68.32 71.96 73.74 74.43 76.59 79.07 80.07 79.45 76.15 79.95 80.3 80.09 76.43 87.48 83.17 74.86 76.52 69.35 65.17 75.22 82.8 93.55 92.74 93.48 93.35714 99.17722 98.27273 -9999 -9999 -9999 -9999 -9999 -9999 -9999 -9999 -9999 -9999 -9999 -9999 -9999 -9999 -9999 -9999 -9999 -9999 -9999 -9999
24.03 27.58 29.35 32.78 33.17 27.11 25.42 25.12 23.63 22.19 20.58 20.45 23.33 25.83 26.73 28.41 25.57 24.23 26.74 33.83 29.76 27.85 24.63 25.4 31.39 36.6 41.89 42.31 40.89 52.48 63.14 64.86 67.92 70.61 72.65 70.57 77.32 77.11 75.84 79.99 76.15 73.9 71.01 83.26 90.97 90.92 81.37 70.05 86.49 94.61 98.01 100.2469 -9999 -9999 -9999 -9999 -9999 -9999 -9999 -9999 -9999 -9999 -9999 -9999 -9999 -9999 -9999 -9999 -9999 -9999 -9999 -9999 -9999 -9999 -9999 -9999 -9999
34.6 35.53 34.88 35.09 31.22 28.73 25.73 23.83 23.61 19.79 16.65 17.65 21.21 17.11 18.99 21.44 23.7 23.89 22.29 21.37 30.99 24.73 21.28 15.06 21.68 31.64 37.6 41.06 44.69 50.96 55.33 55.27 60.92 65.96 71.17 72.82 70.73 69 73.05 75.21 73.71 77.08 78.54 88.57 98.74 85.48 75.21 82.89 98.64789 -9999 -9999 -9999 -9999 -9999 -9999 -9999 -9999 -9999 -9999 -9999 -9999 -9999 -9999 -9999 -9999 -9999 -9999 -9999 -9999 -9999 -9999 -9999 -9999 -9999 -9999 -9999 -9999
38.55 41.03 38.77 36.23 31.59 27.86 26.87 26.38 24.82 23.99 20.94 17.78 16.52 17.56 20.36 22.37 22.38 22.17 25.55 24.62 24.14 29.1 22.58 15.04 14.65 22.69 29.64 37.31 47.38 48.76 48.98 47.75 54.66 61.99 69.61 69.54 63.62 65.6 71.07 69.39 74.48 72.86 93.06 90.41 87.89 90.76 88.49 91.94 -9999 -9999 -9999 -9999 -9999 -9999 -9999 -9999 -9999 -9999 -9999 -9999 -9999 -9999 -9999 -9999 -9999 -9999 -9999 -9999 -9999 -9999 -9999 -9999 -9999 -9999 -9999 -9999 -9999
