layers/wordclim/current/bio_03.asc
ncols         166
nrows         93
xllcorner     -9.4959440078468
yllcorner     36.000324005443
cellsize      0.083333337679505
NODATA_value  -9999
[rows 0 to 35 of 93, columns 81 to 161 of 166]
-9999 -9999 -9999 -9999 -9999 -9999 -9999 -9999 -9999 -9999 -9999 -9999 -9999 -9999 -9999 -9999 -9999 -9999 -9999 -9999 -9999 -9999 -9999 -9999 -9999 -9999 -9999 -9999 -9999 -9999 -9999 -9999 -9999 -9999 -9999 -9999 -9999 -9999 -9999 -9999 -9999 -9999 -9999 -9999 -9999 -9999 -9999 -9999 -9999 -9999 -9999 -9999 -9999 -9999 -9999 -9999 -9999 -9999 -9999 -9999 -9999 -9999 -9999 -9999 -9999 -9999 -9999 -9999 -9999 -9999 -9999 -9999 -9999 -9999 -9999 -9999 -9999 -9999 -9999 -9999 -9999
-9999 -9999 -9999 -9999 -9999 -9999 -9999 -9999 -9999 -9999 -9999 -9999 -9999 -9999 -9999 -9999 -9999 -9999 -9999 -9999 -9999 -9999 -9999 -9999 -9999 -9999 -9999 -9999 -9999 -9999 -9999 -9999 -9999 -9999 -9999 -9999 -9999 -9999 -9999 -9999 -9999 -9999 -9999 -9999 -9999 -9999 -9999 -9999 -9999 -9999 -9999 -9999 -9999 -9999 -9999 -9999 -9999 -9999 -9999 -9999 -9999 -9999 -9999 -9999 -9999 -9999 -9999 -9999 -9999 -9999 -9999 -9999 -9999 -9999 -9999 -9999 -9999 -9999 -9999 -9999 -9999
-9999 -9999 -9999 -9999 -9999 -9999 -9999 -9999 -9999 -9999 -9999 -9999 -9999 -9999 -9999 -9999 -9999 -9999 -9999 -9999 -9999 -9999 -9999 -9999 -9999 -9999 -9999 -9999 -9999 -9999 -9999 -9999 -9999 -9999 -9999 -9999 -9999 -9999 -9999 -9999 -9999 -9999 -9999 -9999 -9999 -9999 -9999 -9999 -9999 -9999 -9999 -9999 -9999 -9999 -9999 -9999 -9999 -9999 -9999 -9999 -9999 -9999 -9999 -9999 -9999 -9999 -9999 -9999 -9999 -9999 -9999 -9999 -9999 -9999 -9999 -9999 -9999 -9999 -9999 -9999 -9999
-9999 -9999 -9999 -9999 -9999 -9999 -9999 -9999 -9999 -9999 -9999 -9999 -9999 -9999 -9999 -9999 -9999 -9999 -9999 -9999 -9999 -9999 -9999 -9999 -9999 -9999 -9999 -9999 -9999 -9999 -9999 -9999 -9999 -9999 -9999 -9999 -9999 -9999 -9999 -9999 -9999 -9999 -9999 -9999 -9999 -9999 -9999 -9999 -9999 -9999 -9999 -9999 -9999 -9999 -9999 -9999 -9999 -9999 -9999 -9999 -9999 -9999 -9999 -9999 -9999 -9999 -9999 -9999 -9999 -9999 -9999 -9999 -9999 -9999 -9999 -9999 -9999 -9999 -9999 -9999 -9999
37.5 38.14103 38.83636 -9999 -9999 -9999 -9999 -9999 -9999 -9999 -9999 -9999 -9999 -9999 -9999 -9999 -9999 -9999 -9999 -9999 -9999 -9999 -9999 -9999 -9999 -9999 -9999 -9999 -9999 -9999 -9999 -9999 -9999 -9999 -9999 -9999 -9999 -9999 -9999 -9999 -9999 -9999 -9999 -9999 -9999 -9999 -9999 -9999 -9999 -9999 -9999 -9999 -9999 -9999 -9999 -9999 -9999 -9999 -9999 -9999 -9999 -9999 -9999 -9999 -9999 -9999 -9999 -9999 -9999 -9999 -9999 -9999 -9999 -9999 -9999 -9999 -9999 -9999 -9999 -9999 -9999
37.53 38.23 38.99 39.45454 40.09589 40.4 41.01639 41.31147 41.48809 41.10417 41.04 40.73 40.21622 -9999 -9999 -9999 -9999 -9999 -9999 -9999 -9999 -9999 -9999 -9999 -9999 -9999 -9999 -9999 -9999 -9999 -9999 -9999 -9999 -9999 -9999 -9999 -9999 -9999 -9999 -9999 -9999 -9999 -9999 -9999 -9999 -9999 -9999 -9999 -9999 -9999 -9999 -9999 -9999 -9999 -9999 -9999 -9999 -9999 -9999 -9999 -9999 -9999 -9999 -9999 -9999 -9999 -9999 -9999 -9999 -9999 -9999 -9999 -9999 -9999 -9999 -9999 -9999 -9999 -9999 -9999 -9999
37.65 38.46 38.99 39.56 39.89 40.37 40.94 41.28 41.47 41.25 41.02 40.27 40.15 40.01 39.92 39.87 -9999 -9999 -9999 -9999 -9999 -9999 -9999 -9999 -9999 -9999 -9999 -9999 -9999 -9999 -9999 -9999 -9999 -9999 -9999 -9999 -9999 -9999 -9999 -9999 -9999 -9999 -9999 -9999 -9999 -9999 -9999 -9999 -9999 -9999 -9999 -9999 -9999 -9999 -9999 -9999 -9999 -9999 -9999 -9999 -9999 -9999 -9999 -9999 -9999 -9999 -9999 -9999 -9999 -9999 -9999 -9999 -9999 -9999 -9999 -9999 -9999 -9999 -9999 -9999 -9999
38.08 38.42 38.89 39.29 39.86 40.17 40.42 40.63 40.75 40.38 40.1 39.92 39.95 39.95 39.77 39.79452 -9999 -9999 -9999 -9999 -9999 -9999 -9999 -9999 -9999 -9999 -9999 -9999 -9999 -9999 -9999 -9999 -9999 -9999 -9999 -9999 -9999 -9999 -9999 -9999 -9999 -9999 -9999 -9999 -9999 -9999 -9999 -9999 -9999 -9999 -9999 -9999 -9999 -9999 -9999 -9999 -9999 -9999 -9999 -9999 -9999 -9999 -9999 -9999 -9999 -9999 -9999 -9999 -9999 -9999 -9999 -9999 -9999 -9999 -9999 -9999 -9999 -9999 -9999 -9999 -9999
38.23 38.6 38.94 39.13 39.41 39.94 40.14 40.23 39.98 39.97 39.77 39.58 39.55 39.32 39.18 39.1 -9999 39.03571 39 -9999 -9999 -9999 -9999 -9999 -9999 -9999 -9999 -9999 -9999 -9999 -9999 -9999 -9999 -9999 -9999 -9999 -9999 -9999 -9999 -9999 -9999 -9999 -9999 -9999 -9999 -9999 -9999 -9999 -9999 -9999 -9999 -9999 -9999 -9999 -9999 -9999 -9999 -9999 -9999 -9999 -9999 -9999 -9999 -9999 -9999 -9999 -9999 -9999 -9999 -9999 -9999 -9999 -9999 -9999 -9999 -9999 -9999 -9999 -9999 -9999 -9999
38.08 38.59 38.94 39.02 39.02 39.39 39.6 39.67 39.34 39.49 39.54 39.29 39.11 39.02 39.02 39.01 39.01 39 39.01 38.99 38.7957 38.65574 38.36 37.5 -9999 -9999 -9999 -9999 -9999 -9999 -9999 -9999 -9999 -9999 -9999 -9999 -9999 -9999 -9999 -9999 -9999 -9999 -9999 -9999 -9999 -9999 -9999 -9999 -9999 -9999 -9999 -9999 -9999 -9999 -9999 -9999 -9999 -9999 -9999 -9999 -9999 -9999 -9999 -9999 -9999 -9999 -9999 -9999 -9999 -9999 -9999 -9999 -9999 -9999 -9999 -9999 -9999 -9999 -9999 -9999 -9999
38.1 38.46 38.86 39 39 39.02 39.21 39.27 39.37 39.04 39.12 39.01 38.99 38.98 39.01 39.01 39 38.98 38.92 39.01 38.86 38.76 38.46 37.39 36.94737 -9999 -9999 -9999 -9999 -9999 -9999 -9999 -9999 -9999 -9999 -9999 -9999 -9999 -9999 -9999 -9999 -9999 -9999 -9999 -9999 -9999 -9999 -9999 -9999 -9999 -9999 -9999 -9999 -9999 -9999 -9999 -9999 -9999 -9999 -9999 -9999 -9999 -9999 -9999 -9999 -9999 -9999 -9999 -9999 -9999 -9999 -9999 -9999 -9999 -9999 -9999 -9999 -9999 -9999 -9999 -9999
38.18 38.65 38.9 39 39 39 39.01 39.07 39.02 39.01 39.01 39 38.87 38.72 38.84 38.94 38.99 39 38.97 38.99 39 38.98 38.63 37.96 37.37 36.09678 36.16418 35.19231 35.79546 33.92929 32.8209 -9999 -9999 -9999 -9999 -9999 -9999 -9999 -9999 -9999 -9999 35.93 34.32 32.33333 31.90909 -9999 -9999 -9999 -9999 -9999 -9999 -9999 -9999 -9999 -9999 -9999 -9999 -9999 -9999 -9999 -9999 -9999 -9999 -9999 -9999 -9999 -9999 -9999 -9999 -9999 -9999 -9999 -9999 -9999 -9999 -9999 -9999 -9999 -9999 -9999 -9999
38.06 38.46 38.91 38.99 38.98 39 39 39 39 39 39 38.89 38.86 38.68 38.7 38.9 38.94 38.87 39 38.93 38.86 38.94 38.88 38.76 38.63 37.82 37.25 34.83 35.78 36.77 33.8 34.73913 -9999 -9999 -9999 33.95833 -9999 31.90741 -9999 -9999 -9999 34.55102 35.09 33.85 32.87 32.22 33.15854 32.03175 32.06061 -9999 -9999 -9999 -9999 -9999 -9999 -9999 -9999 -9999 -9999 -9999 -9999 -9999 -9999 -9999 -9999 -9999 -9999 -9999 -9999 -9999 -9999 -9999 -9999 -9999 -9999 -9999 -9999 -9999 -9999 -9999 -9999
38.46 38.88 38.74 38.93 38.98 38.99 39 38.98 38.98 38.97 38.95 38.74 38.47 38.56 38.88 38.81 38.83 38.92 38.86 38.77 38.91 38.95 39.01 38.88 38.6 38.53 38.37 37.62 37.25 37.7 36.41 36.89 35.06 34.1 35.22 36.16 33.75 33.45 31.95 34.21 30.81 31.52 32.23 31.89 31.77 32.65 34.61 33.18 33.07 31.45361 -9999 -9999 -9999 -9999 -9999 -9999 -9999 -9999 -9999 -9999 -9999 -9999 -9999 -9999 -9999 -9999 -9999 -9999 -9999 -9999 -9999 -9999 -9999 -9999 -9999 -9999 -9999 -9999 -9999 -9999 -9999
38 38.08 38.16 38.4 38.44 38.52 38.69 38.91 38.85 38.86 38.77 38.59 38.51 38.47 38.59 38.69 38.29 38.54 38.97 38.86 38.72 38.54 38.74 38.89 38.65 38.59 38.38 38.46 38.65 37.76 36.94 37.4 36.97 37.19 37.75 37.09 34.14 34.56 35.66 33.87 33.08 33.84 33.34 32.65 31.36 31.62 34.27 34.78 33.84 32.34 -9999 -9999 -9999 -9999 -9999 -9999 -9999 -9999 -9999 -9999 -9999 -9999 -9999 -9999 -9999 -9999 -9999 -9999 -9999 -9999 -9999 -9999 -9999 -9999 -9999 -9999 -9999 -9999 -9999 -9999 -9999
38 38.01 38 38 38.02 38.05 38.45 38.58 38.62 38.55 38.52 38.28 38.18 38.11 38.14 38.22 38.38 38.31 38.34 38.32 38.34 38.13 38.06 38.24 38.3 38.53 38.24 38.39 38.38 37.91 37.43 37.11 37.91 37.82 38.31 37.22 36.3 36.28 36.13 35.24 35.67 35.95 34.74 32.56 32.83 33 34.63 34.09 33.37 33.02 -9999 -9999 31.30159 31.35789 31.94382 33.2037 33.47059 -9999 -9999 -9999 -9999 -9999 -9999 -9999 -9999 -9999 -9999 33.01786 33.19118 33.66038 -9999 -9999 -9999 -9999 -9999 -9999 -9999 -9999 -9999 -9999 -9999
38.02 38.3 38.14 38.16 38.03 38.01 38.04 38.06 38.16 38.18 38.13 38.25 38.01 38 38 38 38 38.09 38.05 38.03 38.08 38.02 38 38.11 38.25 38 38.01 37.99 37.83 37.76 37.6 37.31 37.19 37.82 38.2 38.1 37.72 37.13 36.55 35.84 35.4 35.89 35.63 35.3 35.3 34.71 34.91 33.42 33.86 34.45 34.41 33.76 33.54 33.5 33.46 33.24 32.83562 -9999 31.425 31.42 32.2 32.61176 -9999 -9999 -9999 32.54255 32.86 33.06 33.62 33.99 34.07865 -9999 -9999 -9999 -9999 -9999 -9999 -9999 -9999 -9999 -9999
38.33 38.44 38.47 38.68 38.77 38.54 38.55 38.1 38 38.02 38 38 38 38 38 38 38 38 38.02 38 38 38.01 38 38.05 38.06 37.98 37.73 37.54 37.53 37.28 36.71 37.06 37.24 37.59 37.97 37.96 37.37 37.44 36.66 36.9 36.05 36.49 35.8 35.19 35.67 35.59 34.2 33.88 34.12 34.68 34 33.23 32.6 32.54 32.84 32.51 32.39 32.65 32.83 32.62 32.62 32.53 32.17 32.16 32.18 32.03 32.21 32.79 33.26 33.93 34.01123 34.15054 -9999 -9999 -9999 -9999 -9999 -9999 -9999 -9999 -9999
38.26 38.28 38.61 38.57 38.71 38.72 38.5 38.16 38.01 38.02 38 38 38 38 38 38 38 38 38 38 38 38 38 38 38 38 38.02 38 38 37.93 37.98 37.88 37.72 37.76 37.61 37.93 37.51 37.79 37.21 36.79 36.46 36.75 35.87 36.02 35.96 35.11 34.02 34.37 34.67 34.39 33.55 32.95 32.82 32.88 32.81 33 32.97 32.98 32.64 32.24 32.22 32.11 31.92 31.85 31.78 31.79 31.98 32.41 33.03 33.70527 -9999 -9999 -9999 -9999 -9999 -9999 -9999 -9999 -9999 -9999 -9999
38.2 38.59 38.53 38.55 38.59 38.75 38.76 38.53 38.36 38.07 38 38 37.98 38 38 37.92 37.93 37.99 37.87 37.91 37.99 37.85 37.96 38 37.98 38 38 38 38 38 38 38 38 37.99 37.98 38 37.71 37.37 36.94 36.85 36.48 36.75 36.06 36.19 35.97 35.77 34.82 34.51 34.72 34.04 33.59 33.42 33.61 33.13 32.81 33 32.94 32.64 32.29 32.01 32.15 32.07 31.65 31.69 31.3 31.17 31.45 31.93 32.62 33.35 34 -9999 -9999 -9999 -9999 -9999 -9999 -9999 -9999 -9999 -9999
38.14 38.27 38.22 38.53 38.82 38.73 38.74 38.3 38.04 38 38 38 37.99 37.95 37.87 37.69 37.5 37.83 37.65 37.31 37.64 37.28 37.34 37.53 37.8 37.86 37.9 37.99 38 38 38 38 38 38 37.99 38 37.15 37 36.97 37 36.63 35.99 35.68 35.94 35.22 35.23 34.96 34.93 34.98 34.27 34 33.99 33.56 33.05 33 32.96 32.59 32.07 32 32 31.8 31.85 31.89 31.31 30.89 30.92 30.91 31.58 32.17 33.02 33.9898 -9999 -9999 -9999 -9999 -9999 -9999 -9999 -9999 -9999 -9999
38.13 38.44 38.57 38.77 38.64 38.57 38.52 38.29 38.03 38 38 38 37.94 37.73 37.76 37.46 37.19 37.15 37.16 37.03 37.09 37.12 37.03 37.14 37.24 37.31 37.37 37.64 37.97 37.94 37.97 37.97 37.87 37.96 37.96 37.92 37.55 37.05 36.96 36.94 36.74 36.08 36.11 36.05 35.52 35.63 35.27 35.01 34.81 34.07 34 33.86 33.4 33.02 33 32.85 32.24 32 32 31.78 31.37 31.18 31.3 31.1 30.4 30.06 30.29 31 31.86 32.85 33.79 34.16667 -9999 -9999 -9999 -9999 -9999 -9999 -9999 -9999 -9999
38.15 38.49 38.75 38.9 38.79 38.79 38.28 38.24 38.06 38 38 37.99 37.94 37.91 37.33 37.22 37.01 37.05 37.02 37 37.01 37 37 37 37 37.01 37.14 37.12 37.23 37.7 37.8 37.78 37.55 37.85 37.81 37.35 37.49 37.2 37.05 37 36.81 36.61 36.22 36.19 36 35.83 35.06 35.02 34.87 34.07 33.98 33.56 33.18 33 32.99 32.62 32.04 32 32 31.69 31.26 31.19 31.43 31.22 30.38 29.96 29.94 30.51 31.27 32.42 33.46575 -9999 -9999 -9999 -9999 -9999 -9999 -9999 -9999 -9999 -9999
38.14 38.43 38.84 38.96 38.9 38.43 38.2 38.13 38 38 37.84 37.83 37.95 37.88 37.04 37.05 37 37 37 37 37 36.98 36.92 37 37 37 37 37.01 37.03 37.24 37.41 37.32 37.36 37.86 37.55 37.52 37.53 37.38 37.11 37 37 36.97 36.78 36.24 36 35.76 35.12 35 34.51 34.05 33.94 33.43 33.03 33 32.9 32.43 32 31.99 31.88 31.66 31.51 31.72 31.35 30.31 30.05 30.01 30.05 30.79 31.4375 -9999 -9999 -9999 -9999 -9999 -9999 -9999 -9999 -9999 -9999 -9999 -9999
38.06 38.18 38.52 38.69 38.68 38.19 38.11 38.02 38.01 38 38 37.84 37.88 37.43 37.21 37.01 37 37 37 37 36.75 36.55 36.41 36.5 36.89 36.93 37 37 37 37.01 37.05 37.28 37.45 37.67 37.61 37.3 37.44 37.37 37 37 37 37 36.8 36.2 36 35.74 35.09 34.94 34.26 34 33.8 33.25 33 33 32.78 32.28 32 31.99 31.73 31.21 31.14 31.1 30.88 30.45 30.22 30.59184 30.47126 30.96428 -9999 -9999 -9999 -9999 -9999 -9999 -9999 -9999 -9999 -9999 -9999 -9999 -9999
38 38 38.07 38.09 38.17 38.02 38.01 38 38 38 38 37.88 37.72 37.29 37.03 37 37 37 37 36.95 36.63 36.1 36.07 36.07 36.62 36.93 37 37 37 37 37 37 37 37.15 37.18 37.4 37.41 37.02 37.06 37 37 37 36.72 36.08 36 35.48 35.04 34.74 34.08 33.97 33.75 33.15 33.01 32.9 32.5 32.13 32 31.88 31.68 31.24 31.09 31 30.87 30.77778 30.73684 -9999 -9999 -9999 -9999 -9999 -9999 -9999 -9999 -9999 -9999 -9999 -9999 -9999 -9999 -9999 -9999
37.97 38 38.01 38 38 38 38 38 38 38 37.93 37.47 37.4 37.01 37 37 37 37 36.87 36.84 36.48 36.17 36.13 36.19 36.41 36.98 37 37 37 37 37 37 37 37.03 37.02 37.02 37.31 37.08 37.14 37.04 37 36.95 36.36 36 35.85 35.11 34.91 34.22 34 33.95 33.43 33.08 33 32.83 32.25 32.13 32.01 31.87 31.75 31.91 31.27 31.15957 -9999 -9999 -9999 -9999 -9999 -9999 -9999 -9999 -9999 -9999 -9999 -9999 -9999 -9999 -9999 -9999 -9999 -9999 -9999
37.79 38 38 38 38 38 38 38 38 37.96 37.63 37.35 37.16 37.02 37 37 37 36.92 36.8 36.62 36.45 36.24 36.06 36.07 36.29 36.58 36.98 37 37 36.99 37 37 37 37 37.04 37.02 37.02 37.21 37.06 37 36.96 36.56 36.03 35.94 35.3 35.01 34.76 34.12 34 33.92 33.14 33.01 32.99 32.82 32.5 32.23 32.07 31.9 31.6 31.95745 -9999 -9999 -9999 -9999 -9999 -9999 -9999 -9999 -9999 -9999 -9999 -9999 -9999 -9999 -9999 -9999 -9999 -9999 -9999 -9999 -9999
37.73 38 37.98 38 38 38 37.94 37.93 37.91 37.55 37.32 37.06 37.05 37 37 37 36.97 36.88 36.54 36.31 36.26 36.14 36.01 36.02 36.09 36.33 36.77 36.97 37 37 37 37 37 37 37.15 37.06 37.07 37 37 36.94 36.56 36.03 35.93 35.38 35.01 34.85 34.61 34.26 33.96 33.75 33.16 33 32.96 32.83 32.32 32 32 32.26 32.02128 -9999 -9999 -9999 -9999 -9999 -9999 -9999 -9999 -9999 -9999 -9999 -9999 -9999 -9999 -9999 -9999 -9999 -9999 -9999 -9999 -9999 -9999
37.19 37.98 38 38 37.99 37.71 37.73 37.53 37.52 37.24 37.1 37.03 37 37 37 36.97 36.89 36.59 36.36 36.19 36.06 36.09 36 36 36.03 36.07 36.27 36.72 36.93 37 37 37.01 37 37.01 37.02 37 37 37.04 37.02 37 36.81 36.04 35.55 35.11 34.9 34.33 34.27 34.02 33.69 33.17 33.03 33 32.97 32.79 32.63 32.18367 32.19753 32.36765 -9999 -9999 -9999 -9999 -9999 -9999 -9999 -9999 -9999 -9999 -9999 -9999 -9999 -9999 -9999 -9999 -9999 -9999 -9999 -9999 -9999 -9999 -9999
37.03 37.74 37.98 38 37.94 37.63 37.64 37.54 37.82 37.38 37.01 37.01 37 37 37 36.95 36.72 36.55 36.28 36.1 36.01 36.01 36.05 36 36.03 36 36.25 36.62 36.88 36.96 36.93 37 37.01 37 37 37 37.02 37.05 37 36.99 36.9 36.13 35.99 35.54 35.01 34.91 34.33 33.65 33.09 33 33 32.98734 32.9697 -9999 -9999 -9999 -9999 -9999 -9999 -9999 -9999 -9999 -9999 -9999 -9999 -9999 -9999 -9999 -9999 -9999 -9999 -9999 -9999 -9999 -9999 -9999 -9999 -9999 -9999 -9999 -9999
37 37.26 37.77 37.96 37.94 38 37.65 37.89 37.63 37.45 37.02 37 37 37 36.99 36.83 36.47 36.49 36.01 36 36 36 36 36 36 36 36.02 36.13 36.53 36.71 36.81 36.81 37 37 37 37 37 36.98 36.79 36.99 36.98 36.73 36.01 35.44 35.17 34.87 34.04 33.35802 -9999 -9999 -9999 -9999 -9999 -9999 -9999 -9999 -9999 -9999 -9999 -9999 -9999 -9999 -9999 -9999 -9999 -9999 -9999 -9999 -9999 -9999 -9999 -9999 -9999 -9999 -9999 -9999 -9999 -9999 -9999 -9999 -9999
37 37.07 37.76 37.92 37.76 37.98 37.5 37.82 37.54 37.24 37.08 37.03 37 37 36.99 36.69 36.45 36.23 36.04 36 36 36 36 36 36 36 36.02 36 36.09 36.45 36.67 36.74 36.81 36.77 36.94 36.95 36.88 36.88 36.8 36.97 37 36.43 35.93 35.77 35.50704 -9999 -9999 -9999 -9999 -9999 -9999 -9999 -9999 -9999 -9999 -9999 -9999 -9999 -9999 -9999 -9999 -9999 -9999 -9999 -9999 -9999 -9999 -9999 -9999 -9999 -9999 -9999 -9999 -9999 -9999 -9999 -9999 -9999 -9999 -9999 -9999
37 37.03 37.31 37.48 37.48 37.84 37.79 37.59 37.47 37.24 37.02 37 37 37 36.98 36.6 36.31 36.04 36 36 36 36 35.99 35.97 36 36 36 36 36 36.05 36.52 36.58 36.22 36.38 36.66 36.51 36.78 36.62 37.2 36.87 36.75 36.45 36.03 35.92 -9999 -9999 -9999 -9999 -9999 -9999 -9999 -9999 -9999 -9999 -9999 -9999 -9999 -9999 -9999 -9999 -9999 -9999 -9999 -9999 -9999 -9999 -9999 -9999 -9999 -9999 -9999 -9999 -9999 -9999 -9999 -9999 -9999 -9999 -9999 -9999 -9999
37 37 37.12 37.21 37.42 37.31 37.93 37.43 37.48 37.41 37.04 37 37 37 36.94 36.55 36.28 36 36 36 36 35.99 35.97 35.99 35.98 35.97 36 36 36 36.01 36.18 36.02 36.03 36.1 36.38 36.28 36.06 36.29 37.4 37.26 36.38 36.78788 -9999 -9999 -9999 -9999 -9999 -9999 -9999 -9999 -9999 -9999 -9999 -9999 -9999 -9999 -9999 -9999 -9999 -9999 -9999 -9999 -9999 -9999 -9999 -9999 -9999 -9999 -9999 -9999 -9999 -9999 -9999 -9999 -9999 -9999 -9999 -9999 -9999 -9999 -9999
37 37 37.04 37.61 37.56 37.61 37.73 37.67 37.54 37.48 37.05 37 37 37 36.97 36.56 36.2 36 36 36 36 35.97 35.94 35.95 35.87 35.97 35.89 35.76 35.95 36 36 36 36 36.01 35.95 35.82 35.45 36.37 37.69 37.47 37.01 37 -9999 -9999 -9999 -9999 -9999 -9999 -9999 -9999 -9999 -9999 -9999 -9999 -9999 -9999 -9999 -9999 -9999 -9999 -9999 -9999 -9999 -9999 -9999 -9999 -9999 -9999 -9999 -9999 -9999 -9999 -9999 -9999 -9999 -9999 -9999 -9999 -9999 -9999 -9999
