layers/wordclim/current/bio_16.asc
ncols         166
nrows         93
xllcorner     -9.4959440078468
yllcorner     36.000324005443
cellsize      0.083333337679505
NODATA_value  -9999
[rows 33 to 65 of 93, columns 73 to 145 of 166]
158.03 148.52 146.43 143.22 139.34 134.18 136.66 141.13 149.68 156.93 159.35 160.8 164.1 166.66 172.97 179.12 181.55 179.82 175.19 172 171.92 172.52 167.12 168.49 169.84 162.56 173.94 189.44 191.31 178.49 168.6 158.85 146.28 146.76 149.17 153.79 147.89 142.48 141.12 146.89 155.48 160.65 164.54 171.41 176.03 183.7 185.7 192.42 199.36 205.47 209.66 210.56 -9999 -9999 -9999 -9999 -9999 -9999 -9999 -9999 -9999 -9999 -9999 -9999 -9999 -9999 -9999 -9999 -9999 -9999 -9999 -9999 -9999
147.38 147.53 143.25 137.6 136.96 139.46 145.76 149.44 148.58 151.29 155.71 160.93 164.83 158.58 167.3 169.96 179.18 170.67 173.94 177.72 176.75 176.36 171.6 170.97 165.71 162.89 172.87 177.9 183.94 173.95 173.72 167.81 160.9 158.57 163.16 158.11 155.8 150.03 147.24 157.75 164.91 167.43 171.49 178.4 187.58 192.69 194.48 200.2 206.68 211.0404 -9999 -9999 -9999 -9999 -9999 -9999 -9999 -9999 -9999 -9999 -9999 -9999 -9999 -9999 -9999 -9999 -9999 -9999 -9999 -9999 -9999 -9999 -9999
151.15 148.02 141.94 135.55 137.2 143.56 145.91 146.56 142.95 145.09 156.24 158.64 155.87 160.06 165.73 166.64 170.56 173.67 175.66 174.76 181.95 184.19 178.19 167.47 162.55 168.28 186.8 189.36 186.58 185.67 186.3 181.13 184.69 185.83 179.37 174.06 167.25 151.03 157.15 159.94 169.94 173.47 182.48 191.59 203.14 197.46 201.08 205.22 209.84 211.1408 -9999 -9999 -9999 -9999 -9999 -9999 -9999 -9999 -9999 -9999 -9999 -9999 -9999 -9999 -9999 -9999 -9999 -9999 -9999 -9999 -9999 -9999 -9999
151.41 148.58 140.47 138.82 145.46 143.44 143.97 150.45 140.27 135.66 138.64 144.79 156.53 173.67 179.88 184.22 178.96 181.26 187.52 186.42 191.38 187.4 188.76 172.45 162.25 172.86 190.95 184.9 185.25 190.1 194.01 192.42 185.44 187.61 181.5 175.86 163.39 161.86 163.88 172.12 183 187.24 197.28 195.5 196.65 197.31 203.65 206.79 207.9691 211.8602 215.407 217 -9999 -9999 -9999 -9999 -9999 -9999 -9999 -9999 -9999 -9999 -9999 -9999 -9999 -9999 -9999 -9999 -9999 -9999 -9999 -9999 -9999
152.93 148.99 140.81 144.53 143.94 140.73 146.56 150.82 138.02 144.88 153.01 161.26 162.92 169.05 177.83 185.06 187.59 188.19 190.98 196.89 206.84 195.56 196.04 185.45 169.53 162.94 183.51 181.5 176.06 179.66 192.02 191.56 195.31 198.8 195.16 198.39 178.54 170.86 167.38 174.74 184.79 187.62 189.42 189.78 193 199.21 205.09 210.0106 -9999 -9999 -9999 -9999 -9999 -9999 -9999 -9999 -9999 -9999 -9999 -9999 -9999 -9999 -9999 -9999 -9999 -9999 -9999 -9999 -9999 -9999 -9999 -9999 -9999
155.5 148.88 148.76 148.44 141.55 143.48 146.62 143.78 135.04 147.47 149.53 152.62 150.15 154.56 163.22 175.06 185.1 203.91 202.7 209.11 216.55 206.96 199.35 191.66 174.5 160.5 170.31 178.65 168.15 181.41 207.7 194.23 200.2 208.62 210.65 217.97 192.82 183.39 175.9 178.93 186.68 186.5 188.01 189.3 194.43 199.24 203.65 -9999 -9999 -9999 -9999 -9999 -9999 -9999 -9999 -9999 -9999 -9999 -9999 -9999 -9999 -9999 -9999 -9999 -9999 -9999 -9999 -9999 -9999 -9999 -9999 -9999 -9999
156.91 154.74 152.96 147.81 145.23 145.97 143.07 136.44 134.3 138.76 135.84 140.09 143.27 157.56 163.91 176.57 187.73 198.17 208.3 209.28 216.83 212.23 199.44 186.7 175.67 162.69 164.69 172.48 165.86 194.03 202.42 204.89 214.64 232.24 228.49 218.49 211.62 191.58 186.06 185.07 187.21 184.03 186.66 191.01 195.62 198.14 200.36 -9999 -9999 -9999 -9999 -9999 -9999 -9999 -9999 -9999 -9999 -9999 -9999 -9999 -9999 -9999 -9999 -9999 -9999 -9999 -9999 -9999 -9999 -9999 -9999 -9999 -9999
158.11 156.23 152.71 146.64 145.81 141.75 134.42 135.46 132.85 146.9 151.99 143.41 152.8 154.68 160.47 166.31 184.79 192.39 203.41 210.95 213.58 203.84 190.55 187.85 184.14 166.99 157.99 153.68 167.31 190.45 192.38 199.76 213.2 236.58 233.89 218.48 203.09 184.79 175.53 179.34 181.39 184.17 186.51 193.43 196.41 198.4096 -9999 -9999 -9999 -9999 -9999 -9999 -9999 -9999 -9999 -9999 -9999 -9999 -9999 -9999 -9999 -9999 -9999 -9999 -9999 -9999 -9999 -9999 -9999 -9999 -9999 -9999 -9999
157.23 154.25 149.7 147.98 144.2 136.93 138.13 143.2 136.97 142.08 151.26 154.28 160.8 163.96 168.7 173.07 186.58 196.94 200.61 196.59 214.89 208.14 202.83 197.88 186.86 177.51 163.34 149.37 166.99 183.29 170.48 173.04 193.59 212.37 203.64 204.09 193.7 182.9 175.15 177.38 182.86 187.15 185.94 190.36 197.0976 -9999 -9999 -9999 -9999 -9999 -9999 -9999 -9999 -9999 -9999 -9999 -9999 -9999 -9999 -9999 -9999 -9999 -9999 -9999 -9999 -9999 -9999 -9999 -9999 -9999 -9999 -9999 -9999
152.03 150.79 149.05 144.88 138.87 137.37 145.49 147.66 143.73 155.79 154.92 156.6 159.89 168.42 178.36 170.02 186.33 187.15 189.42 200.82 201.74 202.35 191.43 203.87 177.77 171.04 154.4 160.37 182.37 179.48 161.3 156.47 164.67 172.71 180.97 172.76 180.16 179.8 172.75 173.81 180.04 184.4 187.38 187.0789 -9999 -9999 -9999 -9999 -9999 -9999 -9999 -9999 -9999 -9999 -9999 -9999 -9999 -9999 -9999 -9999 -9999 -9999 -9999 -9999 -9999 -9999 -9999 -9999 -9999 -9999 -9999 -9999 -9999
151.86 149.51 144.17 138.87 138.67 140.17 147.57 151.13 151.07 158.09 161.99 163.9 171.81 173.13 173.37 174.61 185.18 189.78 191.83 187.87 188.47 183.47 185.39 189.47 173.78 149.09 153.97 176.92 212.58 206.39 175.13 156.44 153.22 154.49 158.19 165.51 169.27 172.42 174.02 174.95 181.06 186.09 185.5 -9999 -9999 -9999 -9999 -9999 -9999 -9999 -9999 -9999 -9999 -9999 -9999 -9999 -9999 -9999 -9999 -9999 -9999 -9999 -9999 -9999 -9999 -9999 -9999 -9999 -9999 -9999 -9999 -9999 -9999
143.5 141.67 141.55 142.83 142.31 142.28 147 151.68 154.34 158.65 165.58 167.3 175.98 173.22 168.2 174.72 179.64 185.07 177.05 174.69 180.79 173.19 176.92 186.67 172.42 149.7 163.75 188.08 211.94 201.3 178.26 168.92 157.99 161.99 159.92 163.9 166.92 169.65 170.99 175.53 180.21 182.5373 -9999 -9999 -9999 -9999 -9999 -9999 -9999 -9999 -9999 -9999 -9999 -9999 -9999 -9999 -9999 -9999 -9999 -9999 -9999 -9999 -9999 -9999 -9999 -9999 -9999 -9999 -9999 -9999 -9999 -9999 -9999
147.24 145.75 145.83 145 143.27 143.25 147.7 152.62 150.47 153.71 161.12 164.8 169.49 168.63 172.56 175.25 175.97 176.94 167.4 165.22 164.49 170.99 173.43 170.94 163.27 155.36 149.55 159.72 175.55 187.73 200.82 181.41 159.55 159.64 163.06 169.21 172.03 172.46 172.36 174.04 176.433 -9999 -9999 -9999 -9999 -9999 -9999 -9999 -9999 -9999 -9999 -9999 -9999 -9999 -9999 -9999 -9999 -9999 -9999 -9999 -9999 -9999 -9999 -9999 -9999 -9999 -9999 -9999 -9999 -9999 -9999 -9999 -9999
143.78 143.69 143.46 142.48 141.04 143.29 147.35 149.54 151.32 154.41 156.06 162.37 163.71 161.76 172.09 176.33 177.43 175.28 166.13 167.11 157.97 168.21 175.88 166.39 157.33 160.41 154.85 144.79 151.48 160.37 172.67 178 162.33 161.05 163.34 168.42 175.98 179.31 177.64 176.7778 -9999 -9999 -9999 -9999 -9999 -9999 -9999 -9999 -9999 -9999 -9999 -9999 -9999 -9999 -9999 -9999 -9999 -9999 -9999 -9999 -9999 -9999 -9999 -9999 -9999 -9999 -9999 -9999 -9999 -9999 -9999 -9999 -9999
140.5 141.26 140.72 139.1 140.39 142.32 148.88 151.95 153.93 151.04 154 159.94 160.14 157.05 162.21 166.6 172.19 171.15 163.83 162.07 158.29 155.73 156.45 154.17 158.61 159.86 148.1 137.3 141.74 147.14 154.56 155.4 160.39 164.46 168.87 171.96 175.82 179.97 179.36 -9999 -9999 -9999 -9999 -9999 -9999 -9999 -9999 -9999 -9999 -9999 -9999 -9999 -9999 -9999 -9999 -9999 -9999 -9999 -9999 -9999 -9999 -9999 -9999 -9999 -9999 -9999 -9999 -9999 -9999 -9999 -9999 -9999 -9999
139.09 138.52 138.57 138.93 140.34 142.17 146.66 148.83 153.3 150.49 154.13 159.75 158.43 152.97 154.6 163.17 166.38 165.34 163.03 158.27 151.98 146.09 145.02 149.98 162.82 151.04 148.06 144.01 141.86 142.84 147.97 152.85 158.13 163.93 170.53 177.3 180.38 182.3 182.5263 -9999 -9999 -9999 -9999 -9999 -9999 -9999 -9999 -9999 -9999 -9999 -9999 -9999 -9999 -9999 -9999 -9999 -9999 -9999 -9999 -9999 -9999 -9999 -9999 -9999 -9999 -9999 -9999 -9999 -9999 -9999 -9999 -9999 -9999
139.19 136.82 136.68 138 139.61 144.53 149.57 146.35 147.71 152.42 149.92 156.12 156.12 152.48 151.6 152.54 156.35 156.81 156.2 156.05 155.48 147.53 141.09 149.67 151.52 143.53 147.76 157.24 152.45 149.09 149.71 154.58 160.27 166.64 173.5 179.49 183.97 185.4894 -9999 -9999 -9999 -9999 -9999 -9999 -9999 -9999 -9999 -9999 -9999 -9999 -9999 -9999 -9999 -9999 -9999 -9999 -9999 -9999 -9999 -9999 -9999 -9999 -9999 -9999 -9999 -9999 -9999 -9999 -9999 -9999 -9999 -9999 -9999
137.91 137 137.07 138.5 139.17 140.93 144.64 142.48 144.89 149.51 149.58 149.13 148.8 149.17 153.64 151.76 147.22 147.79 147.29 147.57 146.42 144.84 136.21 141.53 143.22 141.17 138.92 144.86 148.93 154.05 158.23 158.85 163.34 169.95 177.3 184.07 186.84 -9999 -9999 -9999 -9999 -9999 -9999 -9999 -9999 -9999 -9999 -9999 -9999 -9999 -9999 -9999 -9999 -9999 -9999 -9999 -9999 -9999 -9999 -9999 -9999 -9999 -9999 -9999 -9999 -9999 -9999 -9999 -9999 -9999 -9999 -9999 -9999
138.45 137.67 139.26 141.99 139.62 138.98 140.31 140.55 141.29 142.92 143.23 145.34 144.69 148.52 151.59 144.9 143.67 143.46 142.98 140.5 140.94 137.2 129.06 134.08 135.55 133.85 136.59 141.95 148.94 154.33 159.15 161.51 165.77 172.41 179.58 185.94 189.48 -9999 -9999 -9999 -9999 -9999 -9999 -9999 -9999 -9999 -9999 -9999 -9999 -9999 -9999 -9999 -9999 -9999 -9999 -9999 -9999 -9999 -9999 -9999 -9999 -9999 -9999 -9999 -9999 -9999 -9999 -9999 -9999 -9999 -9999 -9999 -9999
139.68 138.51 138.88 140 138.85 138.34 139.6 139.48 139.77 140.67 140.71 140.53 140.73 142.5 142.05 139.74 140.48 139.59 139.15 137.75 136.76 136.37 132.17 124.38 126.91 131.52 136.03 142.91 148.24 153.48 157.47 160.97 166.83 173.59 180.82 185.77 189.78 -9999 -9999 -9999 -9999 -9999 -9999 -9999 -9999 -9999 -9999 -9999 -9999 -9999 -9999 -9999 -9999 -9999 -9999 -9999 -9999 -9999 -9999 -9999 -9999 -9999 -9999 -9999 -9999 -9999 -9999 -9999 -9999 -9999 -9999 -9999 -9999
140.49 139.37 139.48 139.28 139 139 139.17 140.09 140.31 140.83 140.21 140.09 140.17 139.79 139.18 138.28 136.02 135.48 134.73 134.29 134.42 133.39 133.47 133.4 131.72 133.16 136.83 141.41 147.63 153.9 156.99 163.4 169.63 173.92 180.25 185.43 189.91 194.4921 -9999 -9999 -9999 -9999 -9999 -9999 -9999 -9999 -9999 -9999 -9999 -9999 -9999 -9999 -9999 -9999 -9999 -9999 -9999 -9999 -9999 -9999 -9999 -9999 -9999 -9999 -9999 -9999 -9999 -9999 -9999 -9999 -9999 -9999 -9999
141.64 141.29 141.11 141 140.82 140.36 140.71 141.82 142.48 143.61 143.16 142.7 139.8 137.94 136.27 135.14 133.18 132.29 131.81 131.16 131.02 131.28 129.35 129.58 132.44 137.13 142.22 144.04 145.55 157 162.35 163.88 168.32 174.43 177.88 183.76 189.94 195.7778 -9999 -9999 -9999 -9999 -9999 -9999 -9999 -9999 -9999 -9999 -9999 -9999 -9999 -9999 -9999 -9999 -9999 -9999 -9999 -9999 -9999 -9999 -9999 -9999 -9999 -9999 -9999 -9999 -9999 -9999 -9999 -9999 -9999 -9999 -9999
143.78 143.09 143.14 143.08 142.8 143.95 145.92 147.04 148.31 148.09 147.75 148.7 144.49 139.82 136.14 133.7 132.16 131.02 130.96 130.06 129.63 128.97 131.32 134.35 140.24 147.85 147.2 147.72 147.41 160.18 162.39 161.97 166.67 171.81 175.99 182.94 192.54 198.21 -9999 -9999 -9999 -9999 -9999 -9999 -9999 -9999 -9999 -9999 -9999 -9999 -9999 -9999 -9999 -9999 -9999 -9999 -9999 -9999 -9999 -9999 -9999 -9999 -9999 -9999 -9999 -9999 -9999 -9999 -9999 -9999 -9999 -9999 -9999
146.27 146.74 147.42 147.74 148.86 151.44 156.61 157.39 157.05 156.54 154.56 156.44 152.9 145.2 136.96 132.65 130.33 130.09 130.34 130.28 132.13 137.85 141.09 147.69 153.27 157.96 151.89 149.33 149.46 160.75 162.87 163.84 166.5 170.47 175.62 182.64 193.86 201.25 208.0988 -9999 -9999 -9999 -9999 -9999 -9999 -9999 -9999 -9999 -9999 -9999 -9999 -9999 -9999 -9999 -9999 -9999 -9999 -9999 -9999 -9999 -9999 -9999 -9999 -9999 -9999 -9999 -9999 -9999 -9999 -9999 -9999 -9999 -9999
148.95 150.49 154.07 155.75 158.45 159.51 156.96 159.21 160.83 162.9 163.98 165.08 159.44 148.89 139.11 133.46 130.68 129.62 130.7 132.78 141.24 146.98 147.85 153.28 151.73 145.26 145.77 148.83 154.48 164.22 163.91 164.45 166.85 170.55 176.61 183.77 193.6 203.01 211.43 220.2679 -9999 -9999 -9999 -9999 -9999 -9999 -9999 -9999 -9999 -9999 -9999 -9999 -9999 -9999 -9999 -9999 -9999 -9999 -9999 -9999 -9999 -9999 -9999 -9999 -9999 -9999 -9999 -9999 -9999 -9999 -9999 -9999 -9999
151.87 153.25 155.8 157.57 158.09 162.12 162.23 159.9 161.89 162.38 163.14 164.24 161.62 152.55 144.08 136.99 132.9 129.85 132.59 135.43 138.72 142.41 144.89 145.94 143.82 142.56 144.61 146.43 151.21 158.94 161.48 161.94 168.21 172.81 175.65 182.86 192.54 202.62 212.62 224.49 236.2388 -9999 -9999 -9999 -9999 -9999 -9999 -9999 -9999 -9999 -9999 -9999 -9999 -9999 -9999 -9999 -9999 -9999 -9999 -9999 -9999 -9999 -9999 -9999 -9999 -9999 -9999 -9999 -9999 -9999 -9999 -9999 -9999
156.51 159.46 158.77 157.75 158.69 162.87 164.56 164.06 164.13 164.32 163.69 162.05 158.46 156.03 151.45 147.94 145.11 138 139.03 138.41 139.7 142.52 144.04 143.9 141.4 139.42 145.29 151.04 153.85 154.66 155.95 164.51 169.85 173.45 182.61 188.33 191.89 204.05 212.38 221.34 235.87 250.02 259.1134 -9999 -9999 -9999 -9999 -9999 -9999 -9999 -9999 -9999 -9999 -9999 -9999 -9999 -9999 -9999 -9999 -9999 -9999 -9999 -9999 -9999 -9999 -9999 -9999 -9999 -9999 -9999 -9999 -9999 -9999
160.41 161.12 161.34 160.7 160.65 162.33 164.34 167.61 165.6 160.44 159.83 165.39 170.75 173.65 172.25 170.08 159.39 147.42 140.04 141.64 138.84 138.22 137.11 136.33 141.84 138.36 140.58 145.59 149.83 148.47 156.37 164.35 171.73 181.28 186.88 188.04 193.89 208.34 212.45 219.72 228.81 241.55 251.4337 -9999 -9999 -9999 -9999 -9999 -9999 -9999 -9999 -9999 -9999 -9999 -9999 -9999 -9999 -9999 -9999 -9999 -9999 -9999 -9999 -9999 -9999 -9999 -9999 -9999 -9999 -9999 -9999 -9999 -9999
163.42 165.67 168.1 165.04 163.36 162.69 167.37 162.03 160.18 149.64 161.79 178.71 187.23 173.98 174.66 166.43 155.51 144.42 137.95 132.37 130.44 129.82 129.24 130.56 134.8 139.13 140.16 140.47 144.63 146.9 150.66 161.44 173.67 176.84 190.16 194.98 200.31 206.1 212.41 214.33 223.6579 -9999 -9999 -9999 -9999 -9999 -9999 -9999 -9999 -9999 -9999 -9999 -9999 -9999 -9999 -9999 -9999 -9999 -9999 -9999 -9999 -9999 -9999 -9999 -9999 -9999 -9999 -9999 -9999 -9999 -9999 -9999 -9999
171.75 170.04 168.96 165.62 160.63 165.89 159.8 150.58 150.09 159.59 185.33 190.84 189.91 174.49 158.68 151.24 142 132.21 129.09 128.15 122.99 118.66 120.69 125.97 128.58 134.41 138.38 137.7 144.07 151.69 149.2 156.48 174.42 172.61 177.84 177.49 190.21 186.36 194.7222 206.1905 -9999 -9999 -9999 -9999 -9999 -9999 -9999 -9999 -9999 -9999 -9999 -9999 -9999 -9999 -9999 -9999 -9999 -9999 -9999 -9999 -9999 -9999 -9999 -9999 -9999 -9999 -9999 -9999 -9999 -9999 -9999 -9999 -9999
172.27 167.48 163.19 163.66 163.47 159.08 149.9 147.99 155.62 162.65 167.16 180.03 181.01 160.39 149.14 140.69 130.65 131.73 124.43 116.58 114.25 115.85 120.53 126.28 126.33 128.38 134.84 146.06 145.04 145.76 146.83 148.01 160.38 159.88 159.41 160.47 168.0676 -9999 -9999 -9999 -9999 -9999 -9999 -9999 -9999 -9999 -9999 -9999 -9999 -9999 -9999 -9999 -9999 -9999 -9999 -9999 -9999 -9999 -9999 -9999 -9999 -9999 -9999 -9999 -9999 -9999 -9999 -9999 -9999 -9999 -9999 -9999 -9999
169.22 160.97 158.03 158.24 156.02 150.57 141.43 144.02 151 154.26 173.94 183.87 166.3 139.92 131.13 133.23 132.06 123.03 115.17 117.1 114.58 114.02 116.06 116.95 122.29 127.51 128.57 136.48 139.71 147.35 143.7 140 143.02 146.38 146.52 151.4487 -9999 -9999 -9999 -9999 -9999 -9999 -9999 -9999 -9999 -9999 -9999 -9999 -9999 -9999 -9999 -9999 -9999 -9999 -9999 -9999 -9999 -9999 -9999 -9999 -9999 -9999 -9999 -9999 -9999 -9999 -9999 -9999 -9999 -9999 -9999 -9999 -9999
158.49 156.78 160.08 157.88 149.76 138.24 153.59 167.92 153.73 182.64 194.6 172.42 167.48 153.36 155.55 159.93 158.86 142.57 129.15 113.51 110.7 113.09 112.57 112.08 117.98 123.79 135.84 136.21 134.91 139.54 140.68 136.36 135.98 138.69 140.8684 -9999 -9999 -9999 -9999 -9999 -9999 -9999 -9999 -9999 -9999 -9999 -9999 -9999 -9999 -9999 -9999 -9999 -9999 -9999 -9999 -9999 -9999 -9999 -9999 -9999 -9999 -9999 -9999 -9999 -9999 -9999 -9999 -9999 -9999 -9999 -9999 -9999 -9999
