layers/wordclim/current/bio_17.asc
ncols         166
nrows         93
xllcorner     -9.4959440078468
yllcorner     36.000324005443
cellsize      0.083333337679505
NODATA_value  -9999
[rows 0 to 34 of 93, columns 0 to 76 of 166]
-9999 -9999 -9999 -9999 -9999 -9999 -9999 -9999 -9999 -9999 -9999 -9999 -9999 -9999 -9999 -9999 -9999 131.4146 144.1944 128.6119 128.9091 131.4205 127.7826 127.6212 -9999 -9999 -9999 -9999 -9999 -9999 -9999 -9999 -9999 -9999 -9999 -9999 -9999 -9999 -9999 -9999 -9999 -9999 -9999 -9999 -9999 -9999 -9999 -9999 -9999 -9999 -9999 -9999 -9999 -9999 -9999 -9999 -9999 -9999 -9999 -9999 -9999 -9999 -9999 -9999 -9999 -9999 -9999 -9999 -9999 -9999 -9999 -9999 -9999 -9999 -9999 -9999 -9999
-9999 -9999 -9999 -9999 -9999 -9999 -9999 -9999 -9999 -9999 -9999 -9999 -9999 -9999 -9999 -9999 127.5152 130.4947 135.54 129.43 138.18 139.71 129.6566 138.45 136.59 128.567 -9999 -9999 -9999 -9999 -9999 -9999 -9999 -9999 -9999 -9999 -9999 -9999 -9999 -9999 -9999 -9999 -9999 146.5 146.6923 -9999 -9999 -9999 -9999 -9999 -9999 -9999 -9999 -9999 -9999 -9999 -9999 -9999 -9999 -9999 -9999 -9999 -9999 -9999 -9999 -9999 -9999 -9999 -9999 -9999 -9999 -9999 -9999 -9999 -9999 -9999 -9999
-9999 -9999 -9999 -9999 -9999 -9999 -9999 -9999 -9999 -9999 -9999 -9999 -9999 -9999 125.2407 123.3579 126.6162 129.37 133.5 141.71 146.77 144.31 139.32 146.98 129.28 122.22 121.5474 122.519 122.4507 118.2182 120.225 121.7857 125.5658 122.7922 131.0127 128.9848 132.3699 139.0556 144.2045 144.2062 144.8077 146.0357 145.3232 146.31 149.24 144.3247 144.623 149.65 150.322 -9999 -9999 -9999 -9999 -9999 -9999 -9999 -9999 -9999 -9999 -9999 -9999 -9999 -9999 -9999 -9999 -9999 -9999 -9999 -9999 -9999 -9999 -9999 -9999 -9999 -9999 -9999 -9999
-9999 -9999 -9999 -9999 -9999 -9999 -9999 -9999 -9999 -9999 -9999 -9999 -9999 -9999 -9999 -9999 131.1515 140.5 143.41 138.96 144.2 151.18 154.45 154.19 141.4 127.93 121.7 128.37 119.95 120.4646 129.68 134.32 136.37 129.15 144.39 138.45 136.25 143.59 153.29 145.72 141.101 150.92 155.6 152.18 150.09 150.32 155.63 156.31 147.21 149.5 149.98 151.8846 145.3718 143.0678 144.6 -9999 -9999 -9999 -9999 -9999 -9999 -9999 -9999 -9999 -9999 -9999 -9999 167.9589 -9999 173.7778 179.2708 178.4598 180.7826 -9999 -9999 -9999 -9999
-9999 -9999 -9999 -9999 -9999 -9999 -9999 -9999 -9999 -9999 -9999 -9999 -9999 -9999 120.8955 121.6875 130.44 139.24 140.8 143.98 139.84 140.68 140.32 145.68 140.47 136.95 131.36 123.96 124.84 136.42 146.65 140.15 133.03 138.13 144.22 135.56 144.69 152.05 144.9 140.31 142.46 140.83 143.44 151.89 149.64 150.43 152.18 151.27 149.95 148.53 147.46 141.73 141.56 149.18 150.53 153.02 159.05 152.617 148.7407 145.3562 145.6234 146.9231 150.7778 156.0843 158.2551 158.23 163.07 166.21 170.1354 170.96 176.43 177.16 175.7143 181.94 184.2472 181.4815 -9999
-9999 -9999 -9999 -9999 -9999 -9999 122.7778 121.025 123.8919 -9999 126.5405 126.7711 126.64 121.5354 120.87 -9999 130.41 138 145.58 141.82 137.17 134.17 132.81 129.24 131.75 130.15 129.96 122.69 136.51 140.63 138.57 126.93 133.09 147.33 146.83 136.53 133.82 136.88 144.24 142.82 147.52 149.64 148.97 147.47 149.48 148.91 150.68 154.84 155.31 150.77 156.77 151.24 146.75 156.25 164.31 162.2 155.61 161.02 151.91 154.69 150.11 153.92 154.26 154.9 159.53 158.22 160.98 164.13 171.24 177.05 177.58 177.89 175.23 181.52 184.51 187.32 184.05
-9999 -9999 -9999 -9999 -9999 -9999 124.4384 124.56 125.77 125.75 130.87 142.71 139.67 134.36 126.96 127.75 136.64 139.62 142.32 138.26 136.03 129.75 128.03 124.51 123.66 125.55 129.71 125.76 130.78 134.27 127.85 122.64 137.97 147.7 135.17 131.07 134.18 148.28 146.18 150.53 152.42 145.56 162.57 151.13 144.08 149.2 151.11 149.27 151.32 152.75 166.2 158.32 155.66 170.91 201.92 185.97 194.51 189.55 157.3 165.37 159.62 155.61 154.99 160.89 158.64 156.23 161.36 163.84 166.59 178.83 190.92 180.07 174.41 175.83 179.74 178.51 177.94
-9999 -9999 -9999 -9999 116.4301 124.2 125.83 133.92 138.76 139.1 144.91 143.83 141.2 142.32 138.71 141.3 143.62 141.25 140.76 135.58 133.33 129.79 123.61 122.03 122.04 125.08 129.54 124.09 136.03 130.53 133.19 124.62 134.01 141.31 133.14 131.32 144.93 158.49 145.53 156.73 152.4 157.36 146.87 147.58 142.54 150.1 149.01 150.03 160.06 167.48 162.33 167.63 174.46 164.34 180.9 189.46 180.93 156.6 148 154.48 177.44 166.53 162.68 162.81 162.77 155.11 164.45 160.45 165.89 182.76 188.39 184.35 181.25 176.56 169.04 171.76 171.19
-9999 -9999 -9999 114.4639 119.76 130.6 132.77 137.2 139.98 143.19 142.36 142.5 138.01 138.64 138.64 137.78 138.63 140.28 144.23 138.09 130.45 128.23 122.7 121.08 123.05 123.57 128.72 129.72 122.35 123.38 115.79 118.09 134.15 144.75 131.68 147.7 147.57 172.65 175.01 169.87 183.91 170.03 179.12 150.89 142.71 169.49 173.2 166.67 175.44 179.98 166.61 175.4 166.21 162.83 175.04 174.57 189.23 186.32 174.29 164.27 170.97 188.38 178.54 164.56 162.05 160.72 162.73 162.48 166.51 167.25 164.73 165.85 167.56 170.15 170.56 175.73 177.12
-9999 -9999 -9999 111.6706 124.596 130.29 133.92 135.69 136.49 138.65 138.78 138.37 138.57 139.3 139.47 138.76 135.61 139.45 138.04 137.67 130.23 129.25 124.73 116.72 113.97 114.91 123.04 121.69 122.53 112.07 114.03 125.08 127.17 139.26 142.94 152.09 161.84 152.21 153.04 154.01 161.13 154.36 157.35 164.48 157.73 155.47 161.55 156.32 166.16 160.01 149.31 157.79 158.59 156.81 154.7 164.94 180.41 183.87 177.26 164.65 159.44 181.13 172.88 156.37 153.95 153.98 154.03 155.8 156.81 156.94 155.07 152.78 156.34 160.93 163.73 166.85 170.4
-9999 -9999 -9999 -9999 116.8448 131.12 131.65 130.08 134.74 130.28 127.9 137.46 141.94 135.62 134.97 133.52 128.29 128.38 129.15 129.39 129.77 123.21 117.02 111.97 108.52 110.61 114.42 121.16 112.67 111.23 123.12 139.52 153.2 152.4 139.54 142.99 141.18 148.77 163.97 156.64 163.45 164.02 151.33 141.05 156.93 144.86 142.92 141.54 150.04 141.19 140.39 149.35 144.65 151.31 146.68 157.65 159.05 159.47 158.78 148.4 145.33 146.74 147.97 146.77 147.94 147.06 150.55 146.04 148.37 146.71 151.35 150.33 148.03 152.8 157.84 162.08 160.21
-9999 -9999 -9999 -9999 113.175 117.6094 118.0909 118.5824 139.74 130.96 127.86 126.78 131.63 128.24 127.81 135.53 131.76 132.09 132.78 126.46 127.24 122.21 111.99 115.53 113.28 105.12 117.91 120.91 116.08 118.78 124.29 150.36 134.79 124.14 113.61 117.6 135.2 152.89 154.31 152.02 141.43 133.49 128.14 127.52 126.74 132.1 124.76 124.37 128.78 126.7 128.92 131.44 131.74 135.79 132.83 138.53 142.56 136.4 136.66 138.7 136.42 135.96 134.52 136.04 139.76 137.35 138.29 143.56 141.31 144.36 149.16 144.98 146.07 141.79 142.8 146.81 156.08
-9999 -9999 -9999 -9999 -9999 -9999 133.163 124.4 129.37 122.64 128.43 133.4 131.03 140.87 137.15 135.95 137.37 132.95 134.27 134.04 121.78 111.94 117.81 117.36 110.59 110.13 119.58 131.8 133.59 126.94 118.36 126.62 110.31 100.65 102.63 102.26 113.6 118.44 118.19 121.99 128.36 127.47 121.29 116.51 115.19 117.7 113.23 113.2 116.99 114.7 120.79 119.28 121.97 122.01 124.32 127.04 127.21 126.87 125.23 127.38 124.61 126.04 126.08 130.49 132.43 132.89 133.45 135.05 134.55 138.44 143.97 140.57 132.75 140.95 141.81 148.93 147.63
-9999 -9999 -9999 -9999 -9999 111.9492 123.4681 -9999 -9999 128.02 128.27 137.43 142.58 146.66 149.03 136.36 133.88 135.52 134.56 133.17 117.85 109.25 111.02 106.78 97.02 105.29 118.29 116.67 122.35 129.8 114.18 103.94 94.35 87.26 85.79 89.77 91.88 95.87 104.06 114.08 110.47 107.05 107.8 105.49 105.88 106.44 102.35 103.4 105.26 106.96 110.22 110.12 114.47 111.9 115.75 117.34 116.56 117.07 114.77 116.47 115.72 114.66 116.61 120.92 122.27 124.89 125.94 128.03 129.5 132.41 132.78 128.98 124.85 126.64 129.44 132.51 136.52
-9999 -9999 -9999 -9999 -9999 -9999 -9999 111 116.747 120.98 128.8 136.35 140.93 142.6 145.7 141.38 135.12 135.65 134.6 125.72 117.51 106.17 103.73 92.99 91.85 95.61 103.18 106.1 118.18 118.58 108.8 91.33 83.39 78.95 80.09 85.41 101.94 112.8 116.15 112.77 102.98 99.06 99.2 96.3 96.7 96.85 95.58 95.84 96.97 99.5 101.51 105.07 105.73 103.58 106.49 107.99 106.22 107.41 106.92 106.44 107.58 106.62 107.36 109 110.64 112.41 115.4 120.16 120.83 122.27 120.71 121.44 126.12 126.83 126.7 128.38 128.81
-9999 -9999 -9999 -9999 -9999 -9999 -9999 112.7083 119.6304 130.8764 124.24 132.83 141.56 148.42 141.47 132.26 124.77 119.45 115.02 111.87 107.65 103.17 96.96 93.7 97.66 96.71 93.61 92.18 106.97 99.45 93.19 85.34 81.43 92.94 109.54 106.32 119.64 123.16 107.92 98.78 93.69 90.91 91.81 89.21 89.97 90.43 90.29 89.7 91.1 93.55 96.53 98.25 97.73 96.22 98.1 99.7 98.19 97.07 97.34 97.49 97.5 98.27 99.71 100.68 102.27 104.26 108.43 111.11 111.38 112.15 114.56 117.9 120.19 120.93 123.55 122.2 121.07
-9999 -9999 -9999 -9999 -9999 -9999 -9999 -9999 -9999 126.1765 125.1398 129.98 134.04 144.84 139.93 124.23 110.2 109.45 101.82 96.26 95 110.16 112.5 103.03 99.67 108.61 107.29 86.49 82.66 98.55 101.73 89.89 108.19 112.14 106.2 131.79 134.51 121.43 102.47 95.92 91.09 86.65 84.1 83.82 84.44 85.05 85.42 84.78 87.04 89.38 90.54 91.34 90.24 89.32 90.5 91.45 90.69 89.38 89.26 89.13 89.93 90.32 91.49 92.9 95.03 98.52 101.41 102.59 103.23 103.98 107.3 111.87 115.48 122.93 123.21 121.13 127.73
-9999 -9999 -9999 -9999 -9999 -9999 -9999 -9999 116.6538 126.3485 -9999 129.31 132.81 135.08 140.96 125.47 104.68 103.41 105.29 93.96 94.3 104.71 105.33 115.63 117.95 116.66 124.74 95.95 90.33 99.96 116.21 120.8 125.91 124.46 114.54 101.68 108.91 121.71 108.46 92.89 84.43 81.58 79.72 79.1 79.66 80.3 80.75 80.45 83.85 86.2 84.81 84.44 83.64 83.43 83.68 83.76 83.58 82.9 81.64 81.71 82.19 83.64 84.91 87.01 90.03 94.5 94.82 95.07 97.2 99.63 103.63 107.21 112.64 120.8 129.8 133.29 137.78
-9999 -9999 -9999 -9999 -9999 -9999 -9999 -9999 -9999 117.5934 121.29 118.64 116.58 127.36 129.09 115.81 107.5 106.45 102.74 102.51 101.19 101.77 97.91 114.4 126.91 131.55 137.78 114.73 93.47 105.41 114.44 131.87 147.35 140.53 126 125.01 117.87 104.15 97.66 87.16 81.96 78.81 78.07 75.81 75.22 75.84 76.32 76.55 79.72 80.01 79.23 78.65 78.21 78.73 78.17 77.47 76.65 76.69 75.66 74.83 75.57 77.82 79.42 82.76 86.2 86.21 87.69 90.16 92.38 95.06 98.55 103.17 112.65 127.35 134.32 146.33 147.66
-9999 -9999 -9999 -9999 -9999 -9999 -9999 -9999 107.6593 123.62 108.33 109.98 107.69 119.41 107.49 113.6 117.68 122.25 114.87 112.19 108.69 99.9 99.99 103.37 112.94 121.44 115.77 102.23 94.64 108.79 119.99 133.08 129.66 104.14 94.15 94.42 93.51 87.94 81.75 76.77 76.19 74.03 72.95 73.05 71.27 72.1 72.18 73.32 74.49 74 74.34 73.87 74.39 74.47 73.19 72.39 71.11 69.57 69.68 68.31 71.96 75.33 76.34 78.65 78.69 82.08 83.16 85.52 88.24 91.99 96.51 102.3 102.29 106.13 114.47 118.88 122.74
-9999 -9999 -9999 -9999 -9999 -9999 -9999 118.127 119.3 108.8 103.14 103.37 107.98 106.64 125.07 137.18 143.16 132.26 120.18 109.92 103.55 99.28 95.78 100.23 87.54 100.01 100.29 94.54 98.71 104.24 111.02 116.64 117.35 89.89 84.51 82.69 80.11 78.11 74.71 72.16 70.25 69.06 68.18 68.65 68.67 68.26 68.25 69.53 70.16 70.82 69.62 70.05 70.67 69.82 69.1 68.14 66.84 65.28 64.54 63.29 67.33 68.64 69.83 73.22 76.73 79.04 80.11 81.95 84.19 86.67 90.03 94.05 99.59 99.21 101.53 111.2 131.32
-9999 -9999 -9999 -9999 -9999 -9999 -9999 108.2667 98.4 100.58 104.8 123.3 115.35 120.87 142.48 128.25 120.77 111.97 112.08 118.45 117.93 108.23 102.12 92.86 78.14 86.76 89.94 84.14 87.41 90.34 88.84 91.74 101.54 80.16 77.21 78.28 79.13 74 71.76 69.92 68.93 66.87 65.55 64.72 64.45 64.24 65.05 66.11 66.3 66.32 66.27 66.8 67.57 66.29 65.97 65.3 64.51 64.51 65.23 62.29 61.98 65.15 68.44 71.73 75.38 78.02 78.76 80.39 83.47 86.26 88.67 94.46 98.46 103.72 97.8 102.42 107.5
-9999 -9999 -9999 -9999 -9999 -9999 -9999 94.06061 96.92046 108.82 106.32 120.69 104.63 106.35 112.53 110.57 108.46 120.67 130.29 126.47 121.42 117.65 96.63 90.26 75.92 81.94 89.16 80.5 78.39 83.82 81.75 78.53 77.84 68.98 70.91 68.6 70.64 71.98 73.44 73.92 71.13 68.45 64.32 63.49 62.32 62.1 61.86 62.07 61.82 62.31 62.93 63.77 64.13 64.36 65.23 65.69 65.3 64.72 63.35 60.1 62.17 65.02 67.44 70.63 73.45 75.67 77.38 78.65 80.68 82.78 84.88 88.3 91.92 95.85 99.3 100.49 103.71
-9999 -9999 -9999 -9999 -9999 -9999 -9999 -9999 99.52 107.99 90.42 97.72 95.18 99.3 106.63 122.36 128.21 134.55 115.9 118.88 112.58 109.19 100.26 87.39 73.39 78.93 86.44 75.85 74.12 72.17 76.25 80.87 70.91 63.75 68.74 64.52 65.44 68.19 66.12 64.35 66.01 65.9 62.13 59.13 58.87 59.02 58.39 58.79 59.67 60.78 60.46 61.1 63.08 64.33 64.42 64.81 64.15 62.25 59.86 60.44 62.6 63.88 66.12 68.1 70.31 72.38 72.94 74.87 77.06 78.4 80.39 82.19 84.84 87.09 90.31 95.46 98.67
-9999 -9999 -9999 -9999 -9999 -9999 -9999 -9999 87.04444 86.54082 93.38 97.29 102.55 96.97 101.7 105.75 106.3 101.37 108.69 114.11 111.22 99.93 87.3 77.58 77.88 84.71 76.65 69.23 65.42 69.43 75.75 84.33 69.92 67.72 63.95 61.32 65.44 66.68 64.89 62.71 60.47 60.45 59.47 57.39 56.13 55.6 55.45 55.72 56.97 58.08 58.76 61.06 62.05 62.25 62.98 63.12 62.22 59.78 60.82 61.51 62.13 62.94 65.12 67.28 68.76 70.79 69.34 69.95 72.12 74.49 75.82 78.28 80.83 82.98 85.75 88.39 91.57
-9999 -9999 -9999 -9999 -9999 -9999 -9999 -9999 82.30264 87.81 89.94 88.55 84.05 85.8 87.75 96.21 98.15 112.69 112.79 105.32 93.77 89.65 80.75 75.55 89.44 76.58 68.47 62.32 60.29 65.17 72.07 73.92 71.38 64.13 61.13 59.63 61.31 61.8 62.62 60.69 59.97 58.2 56.08 54.42 53.41 52.54 53.02 55.08 55.91 57.08 57.72 57.89 59.14 60.17 61.09 61.88 59.54 59.22 59.98 59.92 60.77 62.2 63.5 63.7 64.67 67.84 67.55 70.76 71.71 73.13 74.16 76.59 78.77 80.48 81.89 83.35 87.62
-9999 -9999 -9999 -9999 -9999 -9999 -9999 -9999 -9999 86.3 83.78 84.55 84.93 92.38 88.5 88.45 98.97 96.57 92.15 89.99 82.89 94.14 88.95 94.43 85.87 70.69 62.34 58.88 60.14 64.15 66.24 63.94 62.73 57.55 57.09 56.95 59.56 61.12 58.68 57.36 56.35 57.01 54.84 52.92 51.07 49.41 50.39 52.56 53.3 54.38 54.61 55.37 56.12 57.72 57.89 57.36 57.98 57.8 57.67 61.06 61.98 63.36 64.42 65.67 66.12 67.26 70.02 72.42 72.85 74.49 78.33 79.08 81.72 80.42 79.87 80.67 81.54
-9999 -9999 -9999 -9999 -9999 -9999 -9999 -9999 -9999 83 85.59 84.71 88.32 85.24 86.1 88.48 93.24 92.16 77.41 86.53 99.36 98.88 95.13 86.01 76.89 73.49 69.78 59.08 60.24 67.58 73.93 61.04 57.12 55.38 55.57 55.61 57.73 58.67 55.56 57.01 56.62 54.06 53.44 51.35 49.54 49.18 49.61 51.85 52.42 52.86 52.98 53.96 54.16 54.89 55.66 57.35 57.44 57.57 58.62 60.75 61.83 63.07 64.81 65.17 66.45 67.19 68.91 74.17 80.21 82.22 81.64 76.67 78.53 81.4 81.52 84.28 84.21
-9999 -9999 -9999 -9999 -9999 -9999 -9999 -9999 -9999 83 83.12 82.64 82.31 83.17 85.98 84.12 90.63 86.25 76.98 88.98 110.52 89.87 88.97 84.19 73.77 64.08 61.42 60.74 62.33 59.19 62.58 57.28 57.02 61.38 62.95 60.58 57.26 54.53 56.04 57.04 56.76 55.15 53.79 52.63 51.2 51.56 52.47 52.38 53.28 53.85 54.24 54.15 55.06 55.6 56.61 57.36 56.88 56.94 58.49 59.05 58.84 60.3 61.47 63.17 64.48 66.06 66.74 72 77.9 76.48 75.65 76.34 78.43 80.43 85.06 88.69 90.7
-9999 -9999 -9999 -9999 -9999 -9999 -9999 -9999 -9999 83.26582 84.86 83.83 87.13 89.72 86 81.15 80.92 75.42 89.91 98.72 83.21 77.66 83.55 72.58 77.18 65.28 70.8 68.36 57.7 55.86 57.1 54.03 57.97 62.01 59.88 56.15 53.01 55 55.74 55.7 55.42 55.23 55.23 55.09 54.87 55.39 54.79 54.36 53.4 52.62 54.94 54.76 55.04 55.78 55.75 55.98 56.01 56.64 57.25 57.98 58.66 59.99 60.79 63 64.56 65.47 67.61 69.48 73.22 72.06 74.44 79.94 88.1 93.77 94.63 96.87 97.2
-9999 -9999 -9999 -9999 -9999 -9999 -9999 -9999 -9999 83.13207 82.87 82.52 82.49 84.27 81.39 81.1 75.5 89.22 93.34 91.98 71 73.73 74.2 65.29 65.35 66.85 73.51 70.67 55.37 56.62 59.63 56.85 59.85 58.62 57.7 55.81 58.15 58.26 55.66 54.57 53.95 54.88 55.46 57.02 56.2 55.06 55.66 56.56 55.85 54.56 54.33 54.72 54.83 55.52 55.9 56 56 56.15 58.45 58.52 59.03 60.36 61.01 62.72 64.52 65.98 67.2 69.51 72.69 74.38 75.79 86.98 106.7 107.66 101.77 97.91 102.12
-9999 -9999 -9999 -9999 -9999 -9999 -9999 -9999 -9999 -9999 80.76344 78.77 78.9 80.84 81.21 77.6 79.25 80.81 77.98 79.92 71.12 72.85 71.44 68.43 68.58 64.7 61.64 59.54 53.18 59.52 59.79 55.97 55.55 56.93 59.12 57.96 57.3 57.29 56.97 55.93 54.12 52.77 53.48 53.22 53.1 53.86 54.33 55.55 55.75 54.77 54.12 54.47 55.2 55.99 56 56 56.92 57.1 59.21 59.18 59.55 61.11 62.38 62.87 64.56 67.77 71.45 72.91 75.09 80.83 92.38 103.33 101.92 91.24 97.92 89.65 92.63
-9999 -9999 -9999 -9999 -9999 -9999 -9999 -9999 -9999 -9999 78.40476 80.31 76.7 77.33 77.68 82.18 94.69 89.91 101.29 96.54 82.74 85.24 80.2 79.71 78.71 74.49 66.92 63.77 54.59 54.72 53.51 53.21 52.24 56.55 58.44 57.77 57.55 56.82 56.53 56.33 55.01 54.04 53.13 52.38 52.16 52.69 54.3 55.5 56.79 56.7 55.58 55.73 56.33 56.53 56.25 56.81 58.03 57.66 59.81 60.02 60.74 62.61 62.1 64.23 67.13 70.63 75.3 90.3 92.62 93.33 77.96 78.62 92.36 84.92 77.76 80.8 84.68
-9999 -9999 -9999 -9999 -9999 -9999 -9999 -9999 -9999 -9999 75.63953 79.92 81.76 82.51 81.69 82.02 86.92 97.79 102.2 97.17 94.31 91.9 83.82 75.25 78.92 79.81 71.73 61.69 56.76 59.61 58.34 54.94 57.97 58.35 57.9 56.7 56.86 57.19 56.42 55.39 55.5 55.38 53.04 52.41 52.95 53.25 54.27 54.86 55.47 56.04 56.76 57 57.08 57.23 57.41 58.56 58.43 58.51 59.67 61.42 62.84 62.79 62.63 63.71 68.24 73.07 92.81 103.99 86.57 75.51 71.74 70.85 76.46 76.91 71.22 72.04 72.12
-9999 -9999 -9999 -9999 -9999 -9999 -9999 -9999 -9999 -9999 72.97959 76.71 80.26 86.11 98.13 96.45 92.45 83.17 83.17 84.45 87.88 87.36 84.61 79.37 78.9 77.99 70.88 62.06 59.12 61.94 62.77 59.41 56.92 58.96 59.14 58.15 56.48 55.95 54.66 54.1 54.41 54.15 53.28 54.25 54.87 55.15 55.99 56.3 55.49 56.01 57.2 57.42 58.79 59.07 58.79 59 58.98 58.96 60.26 63 64.68 64.43 64.63 66.34 71.58 78.42 103.86 81.6 89.58 83.8 71.74 65.97 63.13 64.23 67.34 66.59 64.84
