layers/wordclim/current/bio_18.asc
ncols         166
nrows         93
xllcorner     -9.4959440078468
yllcorner     36.000324005443
cellsize      0.083333337679505
NODATA_value  -9999
[rows 35 to 69 of 93, columns 0 to 76 of 166]
-9999 -9999 -9999 -9999 -9999 -9999 -9999 -9999 -9999 -9999 84.83146 86.54 89.27 97.3 92.26 93.42 90.61 82.35 81.93 83.02 83.09 81.53 79.29 78.56 76.82 78.15 69.83 63.49 62.76 59.58 61.79 62.41 59.26 57.48 58.72 58.99 57.64 55.29 55.07 54.54 54.46 55.19 55.43 56.65 57.65 59.43 59.42 56.79 57.67 58.25 58.92 60.48 62.7 64.64 64.41 62.58 64.21 63.2 65.36 67.97 71.06 72.28 73.73 80.73 95.8 97.43 106.82 98.58 80.38 68.8 64.77 58.87 60.27 65.62 65.42 62.81 60.57
-9999 -9999 -9999 -9999 -9999 -9999 -9999 -9999 -9999 82.54054 82.07609 82.96 84.06 85.29 89.94 86.63 86.62 82.11 82.51 80.96 77.29 75.11 72.98 73.16 71.85 68.81 66.12 65.55 66.11 64.12 62.12 63.62 60.62 58.52 57.04 59.12 58.16 55.02 55.55 56.06 55.85 55.7 57.7 59.95 60.91 57.77 55.82 56.69 58 59.68 61.23 63.76 68.69 68.93 71.1 72.18 71.78 68.17 69.69 71.19 79.97 79.98 84.76 85.87 82.98 75.48 74.31 68.45 65.96 68.33 59.11 53.59 57.02 59.57 61.29 57.56 60.79
-9999 -9999 -9999 -9999 -9999 -9999 -9999 -9999 -9999 79.58108 80.17525 79.32 79.02 82.15 85.76 90.6 91.12 80.73 77.4 75.22 73.7 73.56 73.2 69.57 65.39 65.73 66.38 74.01 70.05 66.38 65.46 63.97 61.87 57.89 55.38 54.71 55.76 57.35 57.93 58.79 60.06 61.6 59.49 57.28 57.11 56.69 56.83 58.05 60.42 64.23 68.38 70.89 76.96 77.55 75.84 72.64 67.95 67.27 71.36 76 80.88 84.72 83.69 87.93 73.26 63.8 68.33 66.35 57.92 55.36 52.02 50.06 53.99 54.13 56.06 53.74 63.67
-9999 -9999 -9999 -9999 -9999 -9999 -9999 -9999 -9999 77.13 77.68 76.82 76.21 77.68 84.28 90.58 77.78 75.37 73.25 73.14 71.29 69.7 67.55 68.67 81.24 83.76 76.86 74.82 71.1 67.88 64.93 65.76 61.5 57.63 56.22 54.73 54.85 60.73 64.77 71.89 63.32 61.07 56 54.32 57.47 58.57 57.31 60.02 64.14 65.42 66.71 74.19 85.18 75.41 71.02 72.43 76.73 77.38 74.45 67.21 70.45 66.45 67.68 71.7 63.18 60.33 56.6 54.87 52.18 53.39 50.6 49.03 50.16 49.79 50.33 58.76 64.26
-9999 -9999 -9999 -9999 -9999 -9999 -9999 -9999 74.48387 75.18 75.32 75.28 74.07 77.02 79.71 77.13 74.18 71.63 70.88 69.74 69.75 70.07 79.21 92.29 86.53 80.11 72.03 74.61 69.83 66.23 65.56 66.18 60.49 58.85 60.1 58.43 57.11 59.93 60.29 59.74 58.3 47.56 47.7 52.02 52.98 59.64 60.52 59.01 60.2 65.18 78.39 89.27 90.86 87.9 90.3 83.96 71.48 64.45 59.38 59.6 56.81 54.12 57.95 58.38 54.85 52.39 50.91 53.97 51.26 51.27 50.07 46.33 45.51 47.87 55.35 61.19 60.87
-9999 -9999 -9999 -9999 -9999 -9999 -9999 -9999 71.48351 72.32 72.93 73.82 72.29 76.2 75.06 71.04 70.28 69.79 69.78 70.75 70.9 80.73 105.16 91.87 73.06 64.86 63.06 68.67 69.93 67.58 68.52 66.91 64.86 62.85 61.09 60.3 66.06 60.94 57.77 47.77 43.87 45 50.36 52.38 61.87 82.36 76.28 61.4 65.34 80.84 86.43 86.69 87.11 77.52 76.54 69.94 66.59 70.56 73.73 68.04 52.92 51.06 50.76 49.66 47.12 49.46 49.76 51.92 51.55 47.76 47.93 46.11 45.71 51.33 56.75 58.48 56.81
-9999 -9999 -9999 -9999 -9999 -9999 -9999 -9999 69.57 70.05 71.2 70.67 70.16 73.82 72.7 69.04 69.24 68.86 68.73 71.18 72.85 77.34 94.29 88.5 64.84 60.67 61.81 62.71 66.31 70.34 71.17 73.31 67.75 64.03 65.6 58.9 54.81 49.24 46.47 43.59 40.86 44.25 47.08 51.69 78.95 94.31 73.8 69.43 79.08 88.16 99.54 93.99 85.37 68.55 73.43 72.74 56.47 47.11 50.78 53.64 53.11 51.01 47.03 44.31 47.03 48.79 48.23 49.87 50.12 47.3 45.9 44.54 47.04 52.65 54.12 54.21 57.64
-9999 -9999 -9999 -9999 -9999 -9999 -9999 67.17809 67 65.86 66.08 66.17 67.05 70.16 69.47 69.4 68.11 69.5 74.79 80.36 81.96 71.18 66.62 63.66 61.62 61.01 58.52 58.23 59.73 61.3 55.47 52.9 63.51 53.59 48.68 45.8 43.72 45.6 41.61 40.02 39.09 38.97 50.09 68.54 57.44 69.9 93.03 91.01 88.7 61.31 72.89 65.93 50.09 43.2 47.66 39.86 42.11 44.83 48.53 50.77 45.81 42.57 42.75 45.52 48.02 48.23 46.82 49.02 47.95 47.64 45.79 45.18 46.59 49.29 51.36 53.79 53.93
-9999 -9999 -9999 -9999 -9999 -9999 -9999 -9999 62.28409 63.08 63.23 63.76 67.38 67.93 66.55 71.67 74.88 76.15 75.36 77.2 73.27 66.36 66.34 65.8 63.06 59.37 54.96 54.21 54.16 51.47 48.59 48.25 48.86 45.29 41.47 41.46 42.7 42.55 39.73 38.67 38.52 41.22 50.69 50.17 59.68 49.76 47.86 46.42 41.94 35.57 35.88 35.93 37.19 39.16 40.3 41.7 47.59 51.05 42.74 40.91 40.33 41.96 44.21 46.23 46.85 45.67 47.02 46.73 45.82 47.37 43.93 44.38 47.98 52.01 51.72 49.95 48.73
-9999 -9999 -9999 -9999 -9999 -9999 -9999 59.22667 60.44 60.27 60.03 64.94 67.29 66.51 74.75 79.36 74.75 70.54 69.9 67.18 64.2 68.92 64.22 65.8 58.29 54.6 53.75 51.94 52.52 52.59 50.72 45.52 43.14 40.24 39.6 39.97 39.59 38.18 36.49 36.01 37.03 39.1 40.48 41.65 41.24 35.99 34.8 33.06 33.01 33.07 33.58 35.01 35.62 36.26 37.64 40.21 39.59 37.92 38.16 39.25 40.01 41.65 43.35 44.4 44.23 43.55 45.01 43.42 44.95 43.84 42.38 44.08 45.21 46.23 46.47 48.76 52.93
-9999 -9999 -9999 -9999 -9999 -9999 -9999 56.79 58.31 58.33 58.77 64.9 64.15 65.14 70.15 68.52 65.55 66.19 68.97 68.45 67.82 63.93 56.79 56.77 55.68 52.8 51.53 49.68 49.16 48.16 46.19 43.6 44.24 40.6 39.43 38.57 37.59 36.19 35.81 37.05 38.27 37.04 34.71 32.86 32.83 32.97 32.99 32.47 32.05 32.29 33.24 34.02 34.64 35.37 36.62 36.06 36.45 36.81 37.53 39.57 41.73 42.59 42.65 41.94 42.18 43.36 42.98 41.87 42.07 42.98 45.78 48.68 50.69 50.91 51.29 53.95 55.71
-9999 -9999 -9999 -9999 -9999 -9999 52.71429 52.84 55.55 56.81 57.01 60.58 60.14 62.57 62.6 61.49 63.78 66.8 68.42 71.05 62.92 56.84 54.15 54.32 53.86 51.55 47.74 47.04 46 46.82 44.82 42.48 41.03 40.7 39.26 38.54 38.22 37.6 38.57 40.07 37.33 35.25 32.95 32.05 32.06 32.15 32.73 33.68 32.64 32.48 33.76 35.21 34.34 34.76 34.51 36.15 38.95 38.41 37.16 36.74 38.02 39.37 40.31 39.94 41.73 42.76 42.03 41.87 42.53 43.35 45.47 47.64 49.03 49.98 51.25 52.64 54.22
-9999 -9999 -9999 -9999 -9999 -9999 50.2449 50.33 52.14 55.08 57.6 57.3 55.95 58.95 57.97 58.1 58.37 60.08 63.7 63.78 57.11 54.15 53.4 53.3 50.24 47.13 46.87 45.6 46.58 44.57 43.41 42.49 40.68 39.27 38.08 38.58 38.4 38.85 36.96 35.25 34.8 33.4 34.01 33.69 33.43 32.01 33.46 34.53 32.84 33.56 34.09 34.45 33.3 34.93 35.37 36.59 39.15 39.68 39.4 40.22 40.34 38.38 41.08 43.96 44.74 46.04 46.62 45.42 44.57 44.59 44.31 44.98 46.87 47.98 49.9 50.93 51.66
-9999 -9999 -9999 -9999 -9999 47.71429 49.03 49.5 49.81 53.24 54.17 52.66 51.94 53.75 56.52 54.69 56.76 56.68 57.39 54.97 52 52.15 50.24 48.79 48.64 48.85 47.46 45.68 45.91 44.29 42.13 41.21 41.5 40.53 39.45 37.06 34.78 35.21 35.45 36.01 35.36 34.36 35.29 35.72 37.32 38.16 37.71 36.45 37.32 38.18 37.45 35.96 36.89 37.62 41.51 40.66 41.45 42.02 43.29 42.5 43.09 42.25 44.45 46.33 45.61 47.47 47.38 46.66 46.07 46.4 45.66 45.68 46.07 47.6 48.12 49.8 50.71
-9999 -9999 -9999 -9999 -9999 44.90244 45.19 47.66 50.8 56.03 52.22 50.65 49.47 49.08 51.88 51.46 53.74 55.35 54.64 51.56 49.64 48.48 47.39 48.33 48.42 47.43 46 46.58 44.32 43.18 42.96 42.21 41.47 40.96 40.52 38.21 36.03 35.02 34.53 34.37 34.19 33.53 33.83 34.39 35.41 36.38 37.96 39.82 40.45 44.72 41.13 41.92 38.57 38.25 45.6 45.48 47.44 47.02 48.09 47.37 47.66 44.42 45.09 47.31 48.41 47.82 48.27 47.52 46.32 46.59 45.76 46 46.12 47.2 46.5 47.36 49.6
-9999 -9999 -9999 -9999 -9999 42.35353 43.55 51.23 54.25 53.14 52.47 46.02 45.66 45.91 48.22 49.11 49.48 49.75 49.53 49.23 47.63 48.77 48.28 48.92 47.31 47.7 47.15 47.79 46.65 43.47 41.78 41.64 40.9 39.69 39.2 38.03 36.71 34.74 34.64 33.76 33.19 33.36 33.54 34.72 35.62 36.69 36.87 37.65 45.67 46.42 48.03 41.93 41.77 38.68 39.94 44.48 45.9 46.44 53.4 46.64 53.01 50.99 50.57 50.1 50.69 50.45 48.84 45.45 45.02 45.09 44.95 45.37 45.69 45.48 45.75 46.59 47.84
-9999 -9999 -9999 37.76191 38.2 40.75 44.14 48.3 47.23 44.23 43.03 42.53 42.41 43.88 44.15 43.99 44.65 44.75 46.57 46.85 48.13 48.08 48.34 48.97 50.25 48.87 47.86 47.11 47.43 45.09 42.38 41.08 39.8 37.63 37.04 36.41 36.04 35.99 35.11 34.35 33.41 33.32 33.44 35.1 36.31 41.64 39.06 38.85 44.55 48.64 39.81 37.08 36.37 37.34 35.11 36.29 36.86 39.06 42.38 41.44 44.48 43.84 43.14 42.78 50.14 54.77 51.8 47.97 45.59 46.09 44.51 44.18 44.49 43.98 44.48 46.24 48.44
-9999 -9999 35.70313 36.02325 37.25 38.96 41.23 39.86 40.29 41.12 40.05 39.87 41.04 44.11 44.51 44.56 43.98 45.52 45.96 46.01 46.16 46.56 47.13 48.55 52.32 54.26 51.85 49.58 47.41 45.46 44.13 42.66 40.38 40.53 38.38 36.17 35.28 35.15 34.77 34.57 33.99 33.98 34.27 34.52 34.94 39 40.42 39.38 37.6 36.98 35.76 32.65 34.03 32.8 33.17 33.18 34.7 36.4 38.9 42.4 44.45 45.88 41.69 44.01 46.24 46.62 49.43 47.16 45.14 46.76 48.97 45.25 43.11 43.03 43.13 44.35 46.03
-9999 -9999 35.72 36.11 36.55 37.04 37.47 37.03 37.95 37.92 37.57 38.1 40.25 41.27 42.73 43.48 43.67 43.35 43.38 44.24 43.18 44.31 44.92 45.96 48.64 54.25 53.06 47.34 43.54 43.05 42.14 40.46 38.39 39.22 36.83 36.62 36.65 34.75 34.71 35.01 34.4 34.18 34.35 33.35 31.71 32.55 31.28 31.64 31.36 33.75 33.22 30.8 31.07 31.06 35.35 34 34.35 36.46 36.24 37.76 38.48 36.96 36.98 39.55 44.3 44.14 42.71 43.86 46.8 46.57 50.05 44.14 41.83 41.65 41.85 42.97 44.55
-9999 -9999 34.71 34.86 35.63 39.84 35.98 36.23 36.4 36.03 36.44 37.9 38.92 39.53 40.11 40.7 40.79 40.54 41.6 42 41.14 42.07 44.61 44.93 45.11 45.97 46.64 44.93 42.37 41.02 41.37 38.32 37.43 37.01 36.3 36.45 35.94 35.21 34.81 34.43 36.85 34.28 30.68 30.63 29.41 29.85 29.2 29.88 29.28 30.22 31.26 31.13 30.56 30.73 33.28 36.28 35 34.88 34.53 36.73 39.9 37.58 34.97 36.09 40.68 41.28 39.66 38.32 38.81 42.11 40.51 38.44 40.27 41 41.36 42.57 44.07
-9999 34.70313 34.33 34.88 36.99 35.48 34.48 35.18 34.47 34.11579 35.23 36.28 37.52 38.67 39.21 39.4 38.88 39.74 40.29 40.02 40.19 40.71 41.6 43.35 43.24 43.15 41.91 41.89 40.61 38.83 38.73 37.21 37.01 36.13 35.58 34.83 33.59 32.96 33.54 32.52 31.77 29.29 29.09 28.33 28 28.17 27.98 27.59 27.51 28.64 29.87 29.85 31.33 32.33 32.57 34.31 36.77 34.44 34.28 37.32 38.98 38.02 36.97 35.51 38.08 38.92 36.64 35.93 36.24 36.78 37.2 37.81 38.69 40.66 41 41.66 43.24
-9999 34.94 34.4 35.36 36.77 35.5 32.48936 32.24445 32.1954 33.59 34.29 34.84 35.81 36.15 36.34 36.96 37.35 38.2 38.88 39.25 39.32 39.73 40 40.15 40.6 40.83 40.2 39.55 39.54 38.49 36.58 35.92 35.01 34.44 34.18 33.74 32.51 31.06 31.36 31.67 30.23 28.61 28.02 28.02 27.81 27.42 27.45 29.1 29.67 27.76 29.2 29.8 29.48 30.64 31.4 33.03 34.74 35.58 34.41 33.71 33.68 37.55 36.7 33.94 36.12 34.56 34.01 34.16 34.64 35.91 36.95 37.26 37.97 39.17 41.03 42.07 44.08
-9999 35.81633 37.04 36.81 37.91 34.97938 31.4557 31.02 31.73 32.64 33.2 33.55 33.7 34.1 34.68 35.2 35.8 36.03 36.84 38.39 39.14 39.94 40.01 39.94 40.02 40.26 40.96 40.29 37.91 36.7 36.09 35.36 33.98 33.5 32.77 31.46 30.66 30.54 30.37 29.93 27.68 27.23 27.65 28 27.83 27.58 27.56 27.44 27.75 29.14 29.03 28.13 30.16 33.82 31.96 32.98 32.91 32.49 32 34.79 32.89 33.26 34.3 33.39 34.7 33.71 33.99 34 34.09 34.73 36.7 37 37.52 38.68 40.86 43.91 46.14
-9999 36.64 37.02 36.6 33.65 32.38334 30.77778 31 31.06 32 32.98 33.02 33.39 33.99 33.94 34.45 35.45 36.12 36.37 37.03 37.81 38.72 40.87 41.11 40.18 39.68 41.33 39.67 36.61 35.33 35.39 34.74 34.08 33.73 32.43 31.76 30.8 30.18 28.94 28.21 28.07 28.05 27.91 28.65 28.23 28.18 28.17 27.28 27.73 28.52 29.38 28.69 27.76 30.27 29.28 30.48 31.7 32.56 34.53 35.06 32.54 32.32 34.65 33.97 32.84 33.18 33.32 33.63 34.59 35.07 37 39.54 38.89 38.2 40.59 42.86 45.52
39.83951 38 36.48 34.98 32.52128 -9999 -9999 30.62 30.93 31 31.51 32.47 32.93 33.45 33.82 34.53 35.84 36.12 36.18 36.95 37.29 37.99 38.48 40.65 40.97 38.31 36.99 35.82 34.44 34.77 35.37 34.65 34.05 33.99 33.09 32.47 32 30.9 29.87 30.8 29.79 29.9 29.87 29.21 31.08 28.48 28.54 27.49 28.49 29.54 30.08 30.13 29.56 26.81 29.47 29.66 29.72 29.41 32.32 32.57 34.02 32.97 32.76 33.63 34.26 34.16 36.5 35.37 34.1 34.33 35.44 37.11 37.77 38.36 41.13 42.8 43.98
36.86 35.1831 34 33.44156 32.44444 30.375 30.01124 30 30.08 30.55 31.22 31.72 32.15 32.57 33.38 34.78 35.93 36.52 36.72 36.65 36.99 36.82 38.51 38.3 37.11 37.13 34.35 34.08 34.66 34.54 34.84 34.49 34 33.97 33.86 32.26 31.98 33.12 31.21 28.85 29.63 31.07 31.02 29.77 29.56 29.23 28.64 29.59 29.77 31.39 30.59 29.81 27.93 26.98 27.44 26.83 27.31 28.86 29.69 30.53 32.65 34.74 34.17 33.5 33.58 35.09 37.76 36.63 33.15 34.08 36.24 36.16 37.11 38.43 40.13 41.96 43.74
-9999 -9999 -9999 32.94595 31.64935 30.83333 30.11 29.97 29.93 29.9 29.97 30.36 31.11 32.54 33.52 34.4 35.46 36.03 36.19 35.28 35.28 35.18 35.25 35.74 34.88 34.05 33.88 33.84 34.46 35.2 36.05 35.61 34.37 34.19 34.2 33.42 33.19 33.7 32.5 30.05 31.06 30.87 31.44 31.21 29.37 30.88 30.58 31.78 30.73 29 27.78 27.15 26.88 26.94 29.63 27.18 28.41 30.62 30.3 31.23 31.87 33.91 34.36 33.92 34.56 34.59 33.07 32.84 36.1 33.56 36.22 36.69 37.24 38.02 40.46 43.59 43.83
-9999 -9999 -9999 -9999 31.89 31.4 31.47475 29.57647 29 28.97802 29.61 29.12 29.25 31.47 32.18 32.74 34.13 34.13 34.01 34.29 33.72 33.11 33.49 34.05 34.26 33.44 32.51 33.53 34.03 35.13 35.76 36.88 38.05 36.66 37.27 34.55 34.36 34.76 34.38 32.29 29.73 33.3 31.43 30.81 29.49 31.76 32.53 31.18 30.1 27.49 28.22 28.86 28.96 28.34 28.53 27.57 27.49 27.9 29.94 34.37 36.55 34.46 33.36 32.96 30.39 31.5 33.21 32.91 32.48 34.72 35.5 37.11 38.48 39.52 40.8 41.85 42.43
-9999 -9999 -9999 -9999 33.04938 32.91429 -9999 28.70588 -9999 28.08974 27.9 27.98 28.16 28.36 29.37 30.33 30.45 30.89 31.28 31.44 31.25 31.3 32.11 32.48 32.44 31.49 30.61 32.35 33.37 33.97 34.93 36.52 39.01 39.21 38.72 36.62 34.63 35.67 35.13 33.82 31.91 30.85 30.42 31.65 30.65 31.39 30.97 29.84 29.96 30.11 28.93 29.36 29.26 28.55 28.99 29.01 28.81 28.73 28.41 28.77 31.38 37 36.74 36.34 35.67 31.17 29.16 33.8 37.61 41.06 42.39 37.29 37.6 37.59 37.79 37.85 40.08
-9999 -9999 -9999 -9999 -9999 -9999 -9999 -9999 28 27.76531 27.02105 26.93 27.17 27.76 27.77 29.12 29.47 29.84 30.49 31.7 31.06 31.19 30.75 30.64 30.11 29.84 30.18 31.01 31.95 33.67 34 35.84 37.13 33.84 34.68 35.01 35.78 35.7 35.53 34.87 33.84 31.98 32.53 31.48 30.05 30.22 29.63 29.96 30.26 29.92 29.76 30.15 29.61 29.18 29 29.26 29.47 29.17 30.09 30.34 29.1 29.94 29.31 32.28 32.91 33.14 27.61 32.25 32.56 34.04 37.52 35.9 36.4 33.88 32.98 33.97 36.35
-9999 -9999 -9999 -9999 -9999 -9999 -9999 -9999 -9999 27.67 27.01 26.91 26.5 26.42 26.58 27.37 27.83 28.75 29.45 29.46 30.66 31.56 30.58 29.46 29.3 29.18 29.86 30 30.58 31.36 33.14 33.91 33.07 32.58 33.13 33.19 34.32 35.18 35.58 35.74 35.5 33.86 33.17 32.59 30.16 31.44 29.17 29.96 29.98 28.05 28 27.97 30.12 31.62 29.22 28.56 29.82 29.13 30.18 30.41 31.36 31.3 30.94 27.64 30.29 28.94 26.89 27.75 28.4 27.95 28.78 29.25 27.7 27.61 29.32 32.95 34.56
-9999 -9999 -9999 -9999 -9999 -9999 -9999 -9999 -9999 27.73 27.73 25.56 25.89 25.72 25.4 25.72 26.39 27.06 27.66 28.61 28.97 29.4 29.17 28.73 28.58 28.9 29.23 29.71 30.03 30.25 30.47 32.31 33.93 36.47 36.1 34.63 33.79 35.13 35.51 34.48 34.68 35.58 35.21 33.02 30.08 28.9 26.62 27.37 29.39 29.79 29.99 28.21 27.19 27.66 29.44 27.68 26.56 27.51 29.19 28.08 28.66 28.11 30.39 25.97 27.33 26.75 25.02 27.77 24.19 23.77 24.37 25.54 24.06 27.01 30.69 32.27 31.99
-9999 -9999 -9999 -9999 -9999 -9999 -9999 -9999 25.34615 27.01 28.66 26.08 25.01 24.62 24.89 24.13 24.17 25.21 26.65 26.34 26.34 26.17 26.1 27.17 28.34 28.77 28.94 29.04 29.58 30.13 30.91 31.96 33.8 35.32 35.72 36.82 36.55 35.87 36.7 35.97 33.23 32.01 32.63 34.63 32.42 30.61 26.98 25.97 25.62 26.39 26.82 28.42 29.32 27.9 25.31 26 25.02 24.11 25.51 24.88 21.8 22.53 23.43 22.94 23.4 23.32 23.88 22.02 21.74 21.62 23.87 21.7 23.2 25.95 26.08 27.17 30.97
-9999 -9999 -9999 -9999 -9999 -9999 -9999 -9999 24.84615 26.66 27.16 25.81 24.55 24.05 23.28 23.52 24.06 25.63 25.35 25.99 25.43 25.79 25.02 26.62 28.18 29.12 29.12 29.33 30.53 32.27 33.69 33.11 31.77 34.53 36.75 36.53 36.44 39.13 38.18 35.55 34.2 31.66 29.89 31.38 32.66 33.02 29.49 26.71 24.11 22.68 24.19 24.39 26.71 27.33 26.33 25.35 24.97 21.38 21.46 20.94 19.51 19.75 19.6 19.44 19.85 20.09 20.17 20.15 20.48 21.08 21.18 23.62 28.01 30.86 30.85 28.98 27.65
-9999 -9999 -9999 -9999 -9999 -9999 -9999 25.03846 24.76344 26.09 24.75 24.12 23.98 23.05 23 23 23.61 23.94 24.07 24.82 24.94 24.55 24.91 25.7 26.6 28.17 28.25 28.17 29.41 29.92 31.14 33.89 34.15 34.34 34.49 32.53 31.75 33.42 34.21 32.01 33.21 34.22 29.66 31.38 33.1 28.93 31.73 29.98 26.03 24.63 22.39 22.16 24.13 23.3 22.46 23.13 22.64 19.42 17.69 17.99 17.24 19.67 19.05 19.85 20.55 20.23 20.07 20.3 20.01 20.1 20.37 22.16 23.63 23.57 24.23 24.75 26.77
