layers/wordclim/current/bio_12.asc
ncols         166
nrows         93
xllcorner     -9.4959440078468
yllcorner     36.000324005443
cellsize      0.083333337679505
NODATA_value  -9999
[rows 33 to 65 of 93, columns 0 to 72 of 166]
-9999 -9999 -9999 -9999 -9999 -9999 -9999 -9999 -9999 -9999 1119.14 1173.35 1201.03 1218.37 1217.68 1227.85 1294.4 1430.02 1493.17 1436.88 1407.53 1382.13 1269.87 1148.59 1182.52 1181.98 1054.49 910 832.35 844.77 808.22 748.57 757.93 732.78 702.36 666.23 641.14 619.22 585.99 552.44 530.71 504.82 468.48 443.71 426 412.49 406.92 396.02 388.84 390.83 389.09 387.52 387.11 385.72 384.17 386.46 385.14 386.06 393.16 402.36 413.85 421.66 431.01 446.51 477.86 502.86 600 662.25 571.69 516.66 497.42 489.99 512.58
-9999 -9999 -9999 -9999 -9999 -9999 -9999 -9999 -9999 -9999 1087.582 1134.96 1184.82 1264.84 1417.14 1406 1368.3 1257.2 1266.02 1285.95 1332.54 1332.26 1296.75 1213.56 1197.67 1175.6 1056.87 920.15 867.99 879.93 867.57 805.03 752.77 748.91 722.63 686.71 647.56 616.23 580.47 551.61 529.97 505.93 480.17 463.92 448.8 435.77 428.26 415.9 400.02 396.7 398.04 396.29 400.47 397.08 391.55 387.94 383.75 385.34 390.8 403.07 415.45 423.22 436.01 455.45 488.54 525.75 664.43 547.85 588.25 559.67 502.4 472.23 452.52
-9999 -9999 -9999 -9999 -9999 -9999 -9999 -9999 -9999 -9999 1056.124 1083.3 1140.88 1318.25 1254.93 1309.54 1284.81 1163.82 1186.64 1234.22 1259.32 1247.7 1215.89 1200.11 1162.87 1160.38 1042.14 944.29 916.13 858.36 860.7 842.12 785.49 742.51 727.59 702.3 664.68 620.78 592.93 564.27 539.9 524.26 503.74 491.63 480.11 472.58 455.32 422.12 416.01 408.78 403.96 406.65 412.47 416.18 409.15 394.53 397.37 390.1 395.05 403.53 418.17 431.58 448.86 491.67 599.09 612.8 675.77 624.84 526.06 479.62 466.25 443.22 446.04
-9999 -9999 -9999 -9999 -9999 -9999 -9999 -9999 -9999 1039.676 1034.63 1055.76 1083.77 1123.4 1237.47 1207.16 1237.74 1176.94 1215.59 1216.84 1166.85 1144.15 1124.7 1128.35 1101.27 1046.46 998.5 974.25 962.89 917.05 870.86 861.14 807.5 761.76 719.62 714.11 678.08 629.53 605.42 585.78 562.68 538.32 531.43 526.6 512.72 473.63 443.34 434.04 430 427.72 428.17 434.1 454.7 447.54 451.81 449.44 438.57 411.84 411.93 415.52 468.85 471.94 509.64 530.39 517.32 486.84 490.83 476.48 473.2 484.48 454.94 434.49 443.61
-9999 -9999 -9999 -9999 -9999 -9999 -9999 -9999 -9999 1020.054 1029.237 1025.55 1031.8 1093.95 1183.63 1310.64 1346.82 1172.57 1135.11 1118.99 1112.2 1125.72 1136.5 1077.9 1013.69 1010.06 1005.52 1084.19 1016.84 948.99 914.88 871.96 827.28 761.48 709.36 678.87 665.29 655.55 635.56 618.72 604.32 594.7 555.25 518.69 497.99 479.06 463.14 455.26 457.29 469.1 484.2 489.46 517.49 511.04 490.85 461.08 425.83 414.75 427.49 452.31 481.93 511.06 508.58 542.24 477.18 448.08 473.23 473.93 452.2 449.17 439.9 433.05 444.21
-9999 -9999 -9999 -9999 -9999 -9999 -9999 -9999 -9999 1006.07 1017.03 1006.65 1005.75 1042.93 1182.58 1332.06 1107.21 1086.47 1068.94 1092.94 1073.64 1066.02 1039.6 1072.81 1250.22 1257.3 1144.44 1099.25 1035.53 973.64 914.48 898.19 831.16 763.2 724.5 686.15 664.38 694.69 703.59 736.24 641.42 600.81 541.46 509.2 512.28 503.57 477.42 480.86 494.14 489.7 485.75 523.27 586.19 509.4 469.56 471.05 488.12 483.2 459.84 418.51 432.43 422.16 435.96 464.03 439.68 440.16 437.05 440.78 439.42 451.49 445.41 440.58 443.24
-9999 -9999 -9999 -9999 -9999 -9999 -9999 -9999 982 993.47 999.85 1004.98 990.42 1050.91 1116.37 1091.65 1059.57 1035.25 1044.45 1041.42 1066.66 1085.62 1286.75 1526.67 1372 1221.11 1086.13 1102.53 1023.76 956.68 927.62 909.7 824.6 781.27 772.19 731.13 694.72 695.5 675.1 646.14 612.03 506.8 489.68 504.22 493.17 523.35 512.85 487.34 480.31 501.54 580.3 641.7 637.54 604.37 609.79 558.01 473.34 425.82 399.39 399.63 391.85 388.73 408.13 418.23 414.74 415.76 420.51 443.3 442.54 449.62 450.94 438.13 434.28
-9999 -9999 -9999 -9999 -9999 -9999 -9999 -9999 964.7253 975.62 985.05 998.4 983.63 1056.6 1049.39 999.05 1006.51 1016.11 1037.43 1079.79 1101.93 1320.18 1707.41 1537.34 1161.34 1006.26 968.56 1030.02 1028.84 977.44 967.44 924.66 877.37 830.43 788.08 756.04 785 712.38 661.86 554.53 503.88 496.11 519.56 517.27 570.51 704.64 641.61 516.23 529.54 624.33 648.62 635.75 625.32 548 530.49 480.87 459.18 478.69 489.72 451.77 387.43 384.42 389.3 391.53 389.56 408 418.62 438.83 448.35 437.57 444.21 439.1 433.58
-9999 -9999 -9999 -9999 -9999 -9999 -9999 -9999 952.61 963.99 978.43 971.1 964.87 1036.18 1029.07 981.04 1004.13 1016.95 1035.36 1106.65 1156.84 1264.21 1540.42 1465.37 1026.79 946.89 956.67 955.58 986.39 1019.77 1002.75 1000.8 914.66 849.91 840.76 749.48 686.38 613.01 568.68 525.88 485.16 498 504.29 523.48 712.32 807.81 636.39 587.64 641.32 695.04 764.7 701.97 630.49 509.33 529.88 523.26 423.09 370.74 385.41 395.74 395.23 390.48 379.11 374.71 391.99 408.77 414.18 430.85 440.52 434.16 431.81 426.15 436.12
-9999 -9999 -9999 -9999 -9999 -9999 -9999 943.2328 937.38 921.87 926.18 924.84 937.22 994.39 993.81 1008.92 1005.27 1052.37 1176.84 1310.37 1356.42 1149.51 1065.99 1014.43 972.93 961.75 913.83 900.03 905.91 908.1 815.51 767.89 869.82 740.6 667.53 619.42 582.08 584.89 529.99 498.3 475.93 459.14 538.11 666.22 562.59 639.06 797.29 762.09 726.1 520.57 587.25 526.39 419.47 375.12 394.6 353.15 360.41 369.99 384.37 393.06 374.43 363.3 367.55 383.74 400.24 407.34 408.38 427.53 429.13 431.95 427.89 424.7 429.58
-9999 -9999 -9999 -9999 -9999 -9999 -9999 -9999 892.6932 902.03 905.21 909.95 964.06 978.77 965.8 1078.9 1160.79 1204.44 1204.36 1257.47 1191.37 1062.43 1070.16 1065.14 1010.19 939.33 858.14 839.71 829.25 782.03 731.62 715.09 706.53 650.78 593.43 577.14 573.5 558.87 517.04 494.05 478.39 489.44 553.03 534.56 591.99 502.82 476.9 456 416.39 368.63 362.77 358.68 360.3 365.81 366.4 369.38 394.13 408.58 368.25 359.89 358.36 366.44 378.43 390.7 397.57 397.7 410.21 415.46 417.01 429.99 415.98 418.76 434.28
-9999 -9999 -9999 -9999 -9999 -9999 -9999 871.52 889.99 885.69 882.25 955.85 993.89 984.09 1151.46 1251.73 1177.26 1113.18 1113.19 1073.32 1022.96 1124.85 1034.33 1071.68 924.6 857.23 837.98 807.46 808.4 800.43 762.13 680.55 641.33 596.29 575.93 568.13 548.17 520.52 490.29 474.18 474.92 480.62 478.78 475.62 461.95 412.79 394.71 375.55 369.19 364.09 360.91 362.35 361.94 360.78 363.11 372.31 366.44 357.16 356.4 359.58 363.84 370.78 380.81 387.38 388.39 389.05 401.44 398.59 411.39 409.96 405.43 414.4 418.03
-9999 -9999 -9999 -9999 -9999 -9999 -9999 854.71 879.18 876.65 883.36 982.68 969.97 992.31 1091.82 1069.14 1022.49 1044.88 1109.3 1108.67 1104.11 1034.98 901.24 901.99 880.04 829.02 805.25 770.84 758.46 736.78 696.39 658.99 654.41 603.16 576.35 553.38 529.76 504.05 488.03 492.02 492.29 471.31 438.75 416.86 405 394.73 387.95 380.75 374.21 370.24 368.07 366.29 365.27 366.25 368.31 361.38 360.78 359.81 360.98 369.72 378.7 381.35 380.68 379.09 380.4 388.93 390.79 389.48 395.01 404.81 421.9 435.32 443.13
-9999 -9999 -9999 -9999 -9999 -9999 815.8412 818.43 860.49 880.97 881.14 935.66 929.75 973.51 976.8 963.25 1010.18 1074.52 1110.91 1166.54 1019.05 906.84 857.78 861.09 852.44 809.95 737.41 722.19 707.56 711.37 680.56 648.18 620.67 605.09 574.95 556.28 542.2 523.58 523.16 526.26 491.76 462.05 432.24 415.99 408.36 400.46 395.82 398.99 385.38 379.58 381.27 384.85 375.03 372.97 367.27 371.52 382.45 376.81 370.88 366.44 370.05 375.06 377.48 375.81 384.1 390.06 389.57 392.48 399.55 406.31 420.28 432.04 436.47
-9999 -9999 -9999 -9999 -9999 -9999 805.551 805.64 831.53 874.47 914.19 910.09 885.9 934.37 919.25 924.29 930.96 965.41 1035.28 1040.93 919.09 865.25 852.8 848.78 794.08 735.75 726.49 706.43 713.61 682.48 661.62 642.44 614.95 586.26 563.86 557.34 547.08 541.56 512.52 486.05 472.04 452.87 448.91 437.74 428.9 410.39 414.46 415.8 396.91 396.62 394.39 391.63 379.06 384.79 382.64 385.54 395.73 393.76 389.5 391.53 389.82 378.79 390.18 403.87 407.64 415.4 420.47 416.7 414.04 415.42 414.56 418.17 427.21
-9999 -9999 -9999 -9999 -9999 786.8214 805.98 813.32 817.41 869.44 882.71 855.2 839.76 870.64 914.42 882.29 919.49 918.6 931.92 888.73 835.75 835.93 802.15 774.08 766.2 765.1 740.95 707.26 703.79 675.56 638.03 620.68 622.65 606.33 580.96 544.81 512.23 508.58 503.72 499.76 485.27 468.71 467.02 463.84 469.64 469.58 457.91 441.19 440.39 440.55 428.81 412.59 412.61 411.67 430.49 421.08 420.83 419.35 423.24 415.56 415.95 408.57 417.14 427.93 420.69 431.32 431.15 429.75 428.49 428.45 424.37 423.98 423.05
-9999 -9999 -9999 -9999 -9999 763.2073 767.92 807.9 852.45 932.53 871.01 840.8 819.23 811.26 853.6 846.45 881.18 906.94 894.43 838.9 801.31 779.94 758.1 769.7 766.93 745.4 716.6 721.65 681.56 657.78 648.65 635.04 624.88 611.68 598.05 560.7 530.89 509.17 497.64 489.2 480.04 466.88 465.16 462.43 463.37 465.15 470.98 478.56 475.65 500.31 466.9 466.13 437.52 428.84 470.61 464.06 470.1 462.95 463.97 455.12 453.64 431.11 431.52 443.66 448.19 442.81 444.82 440.86 433.82 433.92 427.19 428.99 428.02
-9999 -9999 -9999 -9999 -9999 744.2323 763.28 877.47 922.07 907.23 891.57 785.56 775.09 775.66 808.33 821.5 821.76 823.63 813.85 806.65 777.03 792.05 778.79 784.11 753.88 750.55 735.88 740.82 715.16 664.73 624.9 616.47 607.32 588.51 577.17 561.14 542.26 508.1 501.15 486.87 474.11 471.94 470.65 474.18 474.73 479.42 475.19 474.76 529.48 526.73 530.97 478.86 473.01 446.42 449.12 472.37 475.47 473.42 510.75 464.1 498.94 482.73 476.38 469.76 470.85 466.8 456.3 436.25 432.22 430.54 428.78 427.71 427.4
-9999 -9999 -9999 693.119 698.98 736.51 794.38 850.82 834.61 783.86 761.94 745.8 739.51 756.26 752.38 745.62 748.77 746.26 775.88 781.39 794.28 788.47 785.48 787.8 801.19 772.04 748.7 729.34 728.21 690.11 638.1 610.2 588.45 566.86 555.55 545.46 536.93 532.66 513.58 501.89 484.92 479.53 478.67 487.71 491.46 533.37 505.3 496.39 534.57 558.35 485.59 459.83 449.04 450.78 431.42 434.27 432.85 441.69 457.09 447.47 460.44 452.19 443.68 438.03 478.86 502.5 483.18 458.29 443.11 443.23 431.92 427.12 425.57
-9999 -9999 669.4375 677.1977 703.44 729.28 766.11 738.35 741.21 746.87 725.31 716.09 729.49 768.92 765.59 760.38 751.09 770.21 775.05 766.66 760.84 765.28 772.8 782.57 836.86 865.67 817.69 771.97 726.13 691.34 666.27 639.46 597.19 597.08 571.26 541.86 527.66 521.63 515.01 510.8 499.79 497.24 498.46 494.07 491.94 523.25 530.5 514.49 494.7 483.82 469.89 443.54 448.02 434.4 431.11 426.68 432.77 440.1 449.62 467.29 475.21 478.34 447.68 457.25 467.16 465.16 478.34 461.9 448.01 454.63 463.5 438.3 423.18
-9999 -9999 685.32 698.86 708.56 721.57 725.54 712.32 719.88 715.73 700.71 702.27 732.12 742.37 752.06 755.11 749.6 738.79 734.46 736.49 721.01 728.4 728.91 739.71 777.44 864.73 838.39 734.6 666.56 654.72 633.38 597.08 574.37 578.63 554.6 548.46 546.04 519.78 520.79 525.15 515.11 507.65 508.11 489.79 470.41 477.15 461.56 462.58 457.97 473.76 465.33 443.08 440.99 436.28 461.63 447.91 444.98 454.42 449.15 453.41 451.74 436.27 430.86 442.43 466.56 460.91 447.85 450.9 465.22 459.96 476.77 438.04 421.57
-9999 -9999 687.84 700.61 714.47 778.18 714.48 711.81 707.51 691.24 688.32 708.83 715.83 719.04 724.27 730.09 719.86 704.84 718.3 713.24 695.17 701.57 722 718.77 712.61 724.55 728.12 695.23 643.26 617.57 617.71 573.58 562.71 557.63 550.88 550.59 544.21 533.35 528.72 523.88 547.77 519.13 480.49 475.85 465.4 465.28 457.75 460.04 451.91 455.69 463.12 458.67 449.93 449.94 462.44 478.59 465.53 459.09 450.82 459.21 474.99 454.38 432.46 431.54 455.5 453.54 438.82 425.57 425.36 441.86 428.79 414.83 415.86
-9999 696.8438 698.34 718.22 754.03 727.96 698.51 702.7 683.66 675.0105 685.58 694.51 703.43 708.7 709.23 706.81 687.09 694.94 696.11 680.82 677.14 679.53 684.59 699.95 690.54 679.76 655.6 645.76 615.09 583.77 578.39 552.34 551.39 542.76 539.34 532.92 518.88 514.77 522.56 511.97 501.36 477.15 473.85 466.83 461.01 462.97 459.55 457.04 456.45 459.21 465.75 462.68 472.6 476.2 473.27 480.81 492.87 470.98 463.93 479.18 484.23 471.03 457.69 443.17 450.59 449.53 429.57 418.44 416.59 416.68 417.09 417.77 418.7
-9999 725.45 727.82 750.6 767.4 741.63 683.1808 675.2444 668.8506 673.39 683.43 684.92 689.73 682.88 677.07 677.51 672.88 675.2 673.75 670.97 662.64 662.31 660.45 654.19 655.1 652.07 630.85 606.08 599.1 576.57 542.41 533.33 522.89 517.33 516.49 510.33 504.61 498.94 504.13 508.75 495.61 476.31 472.29 469.34 467.77 466.87 468.71 482.8 485.55 468.18 474.18 478.84 473.1 479.53 482.18 488 495.35 495.24 480.22 469.86 463.91 482.92 470.58 444.48 452.08 433.62 423.89 419.88 418.51 420.25 421.49 422.01 422.02
-9999 768.1735 794.72 793.98 799.63 744.2783 679.5696 667.68 666.03 667.88 667.24 661.86 653.62 657.72 659.98 656.76 653.74 647.22 648.33 665.66 664.65 667.77 661.37 653.54 647.99 645.49 647.13 624.17 573.06 548.51 528.14 518.82 509.57 505.5 505.05 499.79 496.74 493.84 498.91 499.06 480.29 477.65 477.49 479.58 481.71 481.25 482.04 482.26 484.37 491.6 490.63 481.02 493.98 521.25 502.45 505.68 499.96 491.3 484.42 494.03 475.28 470.73 470.22 455.4 455.52 440.38 433.79 427.93 426.1 426.89 429.37 428.69 428.61
-9999 801.79 819.71 801.65 742.32 708.3 671.1358 665.6 663.77 663.61 667.07 662.49 658.34 660.94 648.71 649.59 650.2 648.14 645.48 649.63 647.91 652.63 679.52 677.58 655.65 635.48 651.08 618.37 558.02 529.42 519.93 516.21 508.92 501.82 499.02 498.3 499.36 502.66 497.77 491.29 493.02 495.28 493.92 503.48 503.29 504.46 506.55 494.5 500.01 503.37 507.14 500.62 494.19 510.65 497.92 502.89 507.94 509.21 517.08 513.41 491.08 481.09 488.72 475.54 458.03 451.16 443.29 438.63 442.57 441.85 443.49 455.5 446.71
816.2222 829.13 826.11 783.67 721.0745 -9999 -9999 664.7 662.31 658.86 654.14 654.88 654.04 657.17 653.53 654.46 660.92 657.79 649.43 651.33 646.26 648.13 645.98 669.94 670.5 615.54 589.32 564.37 538.63 532.36 529.91 525.64 517.76 515.73 512.83 512.88 519.92 520.22 506.96 517.19 521.53 526.94 528.07 523.16 544.05 522.7 523.25 512.36 521.28 526.82 533.16 530.87 525.38 501.19 517.41 515.77 510.86 502.86 518.45 513.86 516.84 502.42 491.9 489.64 484.24 476.97 484.26 467.89 452.76 449.77 448.11 451.52 449.24
774.08 780.3943 770.1081 748.7402 714.8222 672.5 667.7191 656.6 653.4 654.09 655 649.86 647.07 643.86 651.8 662.37 671.17 668.48 655.83 647.85 643.97 633.23 652.65 641.79 614.53 607.55 558.49 545.48 549.52 541.38 540.86 535.83 529.02 525.76 525.75 521.6 527.88 534.19 524.6 515.39 530.5 547.81 553.93 543.48 542.87 543.47 538.49 547.5 550 562.8 554.94 547.16 529.54 520.21 520.74 512.6 510.7 516.52 517.09 516.32 524.9 530.89 518.56 505.06 496.1 499.7 508.76 493.33 461.41 462.11 466.4 458.24 456.57
-9999 -9999 -9999 721.6486 695.6754 676.75 667.96 657.17 646.33 640.2 638.84 636.42 637.22 651.06 661.2 660.06 665.79 664.49 651.69 624.98 617.16 606.5 602.11 604.96 587.77 564.25 554.97 544.77 554.78 563.42 569.56 561.64 547.34 544.54 543.4 538.95 544.07 550 546.07 535.45 550 558.7 571.46 573.35 556.32 572.77 570.83 583.63 572.44 558.62 549.48 544.54 541.11 540.16 555.89 534.1 538.46 549.17 541.01 540.9 538.76 541.66 537.22 525.47 521.49 512.67 494.78 483.48 497.27 471.31 480.6 473.2 468.53
-9999 -9999 -9999 -9999 695.75 685.31 685.7172 653.4353 631.8351 625.5165 632.57 622.07 620.9 640.03 640.84 641.48 652.06 638.01 618.45 611.27 599.37 588.66 587.63 591.89 585.43 561.41 541.15 547.77 553.48 572.18 578.9 592.12 611.93 590.83 602.14 562.66 560.97 574.55 570.31 560.18 549.77 588.49 585.81 582.13 572.68 598.22 609.02 593.21 585.47 567.09 570.46 572.69 572.75 565.18 563.12 554.55 548.55 545.93 555.57 580.42 587.13 564.8 549.91 538.13 511.21 509.01 511.68 499.23 488.45 493.8 490.15 488.82 488.62
-9999 -9999 -9999 -9999 710.0617 708.9429 -9999 630.8235 -9999 614.7692 611.85 609.72 607.74 602.34 611.53 613.26 605.26 602.47 599.55 597.3 584.34 574.03 578.5 574.73 565.88 547.17 534.49 543.62 550.22 560.05 578.17 600 638.88 642.23 636.55 606.58 575.9 600.97 595.48 585.98 569.35 575.26 588.14 601.54 597.78 608.24 605.89 597.17 600.77 602.17 592.73 595.9 595.42 585.45 587.9 586.49 580.9 573.66 564.25 560.05 570.02 598.96 588.18 577 563.15 522.99 499.45 521.55 537.08 547.68 545.57 503.84 494.84
-9999 -9999 -9999 -9999 -9999 -9999 -9999 -9999 613.4464 611.9081 604.1473 592.54 590.47 594.4 587.2 605.76 599.24 591.9 594.9 606.65 589.38 578.62 564.92 559.18 545.17 532.58 537.3 540.49 545.57 564.71 571.06 602.69 621.3 569.66 584.94 590.94 606.08 608.5 612.25 614.99 602.31 597.7 612.76 603.93 611.57 612.36 611.3 616.16 620.36 616.96 618.08 624.27 619 612.94 610.06 609.94 606.3 597.44 594.66 588.28 573.4 569.66 556.18 566.26 562.1 553.73 504.33 527.35 519.47 518.42 529.1 507.34 496.78
-9999 -9999 -9999 -9999 -9999 -9999 -9999 -9999 -9999 608.62 608.38 599.75 584.42 577.95 567.7 576.55 580.87 588.09 589.74 581.13 588.67 599.88 574.22 550.11 539.19 529.07 533.02 533.97 541.93 547.58 565.06 579.79 566.28 561.61 571.98 576.55 594.55 609.19 623.42 630.82 633.63 629.15 628.01 626.73 626.29 629.07 621.9 632.03 634.22 622.3 623.48 623.33 639.38 649.92 627.42 619.37 623.92 615.02 611.78 605.18 603.85 594.89 583.96 550.82 561.02 543.02 514.59 511.69 506.05 490.04 483.78 475.08 450.72
