layers/wordclim/current/bio_14.asc
ncols         166
nrows         93
xllcorner     -9.4959440078468
yllcorner     36.000324005443
cellsize      0.083333337679505
NODATA_value  -9999
[rows 0 to 36 of 93, columns 83 to 165 of 166]
-9999 -9999 -9999 -9999 -9999 -9999 -9999 -9999 -9999 -9999 -9999 -9999 -9999 -9999 -9999 -9999 -9999 -9999 -9999 -9999 -9999 -9999 -9999 -9999 -9999 -9999 -9999 -9999 -9999 -9999 -9999 -9999 -9999 -9999 -9999 -9999 -9999 -9999 -9999 -9999 -9999 -9999 -9999 -9999 -9999 -9999 -9999 -9999 -9999 -9999 -9999 -9999 -9999 -9999 -9999 -9999 -9999 -9999 -9999 -9999 -9999 -9999 -9999 -9999 -9999 -9999 -9999 -9999 -9999 -9999 -9999 -9999 -9999 -9999 -9999 -9999 -9999 -9999 -9999 -9999 -9999 -9999 -9999
-9999 -9999 -9999 -9999 -9999 -9999 -9999 -9999 -9999 -9999 -9999 -9999 -9999 -9999 -9999 -9999 -9999 -9999 -9999 -9999 -9999 -9999 -9999 -9999 -9999 -9999 -9999 -9999 -9999 -9999 -9999 -9999 -9999 -9999 -9999 -9999 -9999 -9999 -9999 -9999 -9999 -9999 -9999 -9999 -9999 -9999 -9999 -9999 -9999 -9999 -9999 -9999 -9999 -9999 -9999 -9999 -9999 -9999 -9999 -9999 -9999 -9999 -9999 -9999 -9999 -9999 -9999 -9999 -9999 -9999 -9999 -9999 -9999 -9999 -9999 -9999 -9999 -9999 -9999 -9999 -9999 -9999 -9999
-9999 -9999 -9999 -9999 -9999 -9999 -9999 -9999 -9999 -9999 -9999 -9999 -9999 -9999 -9999 -9999 -9999 -9999 -9999 -9999 -9999 -9999 -9999 -9999 -9999 -9999 -9999 -9999 -9999 -9999 -9999 -9999 -9999 -9999 -9999 -9999 -9999 -9999 -9999 -9999 -9999 -9999 -9999 -9999 -9999 -9999 -9999 -9999 -9999 -9999 -9999 -9999 -9999 -9999 -9999 -9999 -9999 -9999 -9999 -9999 -9999 -9999 -9999 -9999 -9999 -9999 -9999 -9999 -9999 -9999 -9999 -9999 -9999 -9999 -9999 -9999 -9999 -9999 -9999 -9999 -9999 -9999 -9999
-9999 -9999 -9999 -9999 -9999 -9999 -9999 -9999 -9999 -9999 -9999 -9999 -9999 -9999 -9999 -9999 -9999 -9999 -9999 -9999 -9999 -9999 -9999 -9999 -9999 -9999 -9999 -9999 -9999 -9999 -9999 -9999 -9999 -9999 -9999 -9999 -9999 -9999 -9999 -9999 -9999 -9999 -9999 -9999 -9999 -9999 -9999 -9999 -9999 -9999 -9999 -9999 -9999 -9999 -9999 -9999 -9999 -9999 -9999 -9999 -9999 -9999 -9999 -9999 -9999 -9999 -9999 -9999 -9999 -9999 -9999 -9999 -9999 -9999 -9999 -9999 -9999 -9999 -9999 -9999 -9999 -9999 -9999
55.21818 -9999 -9999 -9999 -9999 -9999 -9999 -9999 -9999 -9999 -9999 -9999 -9999 -9999 -9999 -9999 -9999 -9999 -9999 -9999 -9999 -9999 -9999 -9999 -9999 -9999 -9999 -9999 -9999 -9999 -9999 -9999 -9999 -9999 -9999 -9999 -9999 -9999 -9999 -9999 -9999 -9999 -9999 -9999 -9999 -9999 -9999 -9999 -9999 -9999 -9999 -9999 -9999 -9999 -9999 -9999 -9999 -9999 -9999 -9999 -9999 -9999 -9999 -9999 -9999 -9999 -9999 -9999 -9999 -9999 -9999 -9999 -9999 -9999 -9999 -9999 -9999 -9999 -9999 -9999 -9999 -9999 -9999
55.55 55.91919 57.41096 57.36666 59.31147 60.37705 62.44048 62.90625 65.25 68.06 66.82433 -9999 -9999 -9999 -9999 -9999 -9999 -9999 -9999 -9999 -9999 -9999 -9999 -9999 -9999 -9999 -9999 -9999 -9999 -9999 -9999 -9999 -9999 -9999 -9999 -9999 -9999 -9999 -9999 -9999 -9999 -9999 -9999 -9999 -9999 -9999 -9999 -9999 -9999 -9999 -9999 -9999 -9999 -9999 -9999 -9999 -9999 -9999 -9999 -9999 -9999 -9999 -9999 -9999 -9999 -9999 -9999 -9999 -9999 -9999 -9999 -9999 -9999 -9999 -9999 -9999 -9999 -9999 -9999 -9999 -9999 -9999 -9999
54.29 55.34 57.12 58.3 60.96 62.3 61.91 64.41 65 66.71 64.86 65.22 65.61 64.89 -9999 -9999 -9999 -9999 -9999 -9999 -9999 -9999 -9999 -9999 -9999 -9999 -9999 -9999 -9999 -9999 -9999 -9999 -9999 -9999 -9999 -9999 -9999 -9999 -9999 -9999 -9999 -9999 -9999 -9999 -9999 -9999 -9999 -9999 -9999 -9999 -9999 -9999 -9999 -9999 -9999 -9999 -9999 -9999 -9999 -9999 -9999 -9999 -9999 -9999 -9999 -9999 -9999 -9999 -9999 -9999 -9999 -9999 -9999 -9999 -9999 -9999 -9999 -9999 -9999 -9999 -9999 -9999 -9999
51.36 52.82 55.07 56.88 58.35 58.98 59.75 62.5 63.49 63.8 61.96 61.6 61.39 63.0137 -9999 -9999 -9999 -9999 -9999 -9999 -9999 -9999 -9999 -9999 -9999 -9999 -9999 -9999 -9999 -9999 -9999 -9999 -9999 -9999 -9999 -9999 -9999 -9999 -9999 -9999 -9999 -9999 -9999 -9999 -9999 -9999 -9999 -9999 -9999 -9999 -9999 -9999 -9999 -9999 -9999 -9999 -9999 -9999 -9999 -9999 -9999 -9999 -9999 -9999 -9999 -9999 -9999 -9999 -9999 -9999 -9999 -9999 -9999 -9999 -9999 -9999 -9999 -9999 -9999 -9999 -9999 -9999 -9999
49.22 49.73 52.92 52.81 53.05 55.29 58.74 58.71 61.06 61.08 61.15 61.82 63.41 63.175 -9999 63.71429 63.39286 -9999 -9999 -9999 -9999 -9999 -9999 -9999 -9999 -9999 -9999 -9999 -9999 -9999 -9999 -9999 -9999 -9999 -9999 -9999 -9999 -9999 -9999 -9999 -9999 -9999 -9999 -9999 -9999 -9999 -9999 -9999 -9999 -9999 -9999 -9999 -9999 -9999 -9999 -9999 -9999 -9999 -9999 -9999 -9999 -9999 -9999 -9999 -9999 -9999 -9999 -9999 -9999 -9999 -9999 -9999 -9999 -9999 -9999 -9999 -9999 -9999 -9999 -9999 -9999 -9999 -9999
49.64 51.35 55 53.09 52.45 54.67 57.85 57.74 56.92 56.82 56.91 56.92 58.36 58.78 59.85 60.23 60.4 61.32 63.50537 64.36066 65.92 73.10345 -9999 -9999 -9999 -9999 -9999 -9999 -9999 -9999 -9999 -9999 -9999 -9999 -9999 -9999 -9999 -9999 -9999 -9999 -9999 -9999 -9999 -9999 -9999 -9999 -9999 -9999 -9999 -9999 -9999 -9999 -9999 -9999 -9999 -9999 -9999 -9999 -9999 -9999 -9999 -9999 -9999 -9999 -9999 -9999 -9999 -9999 -9999 -9999 -9999 -9999 -9999 -9999 -9999 -9999 -9999 -9999 -9999 -9999 -9999 -9999 -9999
44.41 45.79 47.02 50.72 51.19 52.29 53.29 56.65 53.74 51.68 52.32 53.17 53.88 55.08 55.27 56.27 59.33 56.15 59.2 59.56 62.63 71.43 74.19736 -9999 -9999 -9999 -9999 -9999 -9999 -9999 -9999 -9999 -9999 -9999 -9999 -9999 -9999 -9999 -9999 -9999 -9999 -9999 -9999 -9999 -9999 -9999 -9999 -9999 -9999 -9999 -9999 -9999 -9999 -9999 -9999 -9999 -9999 -9999 -9999 -9999 -9999 -9999 -9999 -9999 -9999 -9999 -9999 -9999 -9999 -9999 -9999 -9999 -9999 -9999 -9999 -9999 -9999 -9999 -9999 -9999 -9999 -9999 -9999
45.35 45.65 48.65 50.14 49.51 49.72 53.12 52.03 51.13 48.11 47.56 47.8 49.55 49.23 48.98 50.95 51.49 51.68 52.42 52.46 57.77 62.96 67.63 77.51613 75.50746 81.19231 77.48864 87.50505 92.61194 -9999 -9999 -9999 -9999 -9999 -9999 -9999 -9999 -9999 -9999 73.87 82.3 91.01282 93.2 -9999 -9999 -9999 -9999 -9999 -9999 -9999 -9999 -9999 -9999 -9999 -9999 -9999 -9999 -9999 -9999 -9999 -9999 -9999 -9999 -9999 -9999 -9999 -9999 -9999 -9999 -9999 -9999 -9999 -9999 -9999 -9999 -9999 -9999 -9999 -9999 -9999 -9999 -9999 -9999
43.11 42.25 42.55 43.77 44.72 44.69 43.37 42.98 44.66 44.54 46.43 46.66 48.29 48.17 46.23 44.37 46.6 48.15 49.56 48.14 50.28 51.08 52.56 60.42 65.53 81.82 75.84 67.8 85.83 80.05434 -9999 -9999 -9999 82.63889 -9999 92.44444 -9999 -9999 -9999 79.63265 76.69 82.35 87.13 90.1 84.42683 90.26984 89.59091 -9999 -9999 -9999 -9999 -9999 -9999 -9999 -9999 -9999 -9999 -9999 -9999 -9999 -9999 -9999 -9999 -9999 -9999 -9999 -9999 -9999 -9999 -9999 -9999 -9999 -9999 -9999 -9999 -9999 -9999 -9999 -9999 -9999 -9999 -9999 -9999
39.78 39.85 40.39 40.04 37.68 38.72 40.11 39.26 39.04 39.71 42.31 43.43 46.65 46.24 43.9 41.58 43.64 45.32 43.06 42.45 41.45 45.05 47.81 48.88 50.96 58.34 61.28 57.27 67.72 63.71 75.54 81.09 74.13 69.02 82.5 83.36 91.53 79.67 97.48 93.27 89.58 90.91 91.79 86.17 71.67 80.57 80.88 91.6701 -9999 -9999 -9999 -9999 -9999 -9999 -9999 -9999 -9999 -9999 -9999 -9999 -9999 -9999 -9999 -9999 -9999 -9999 -9999 -9999 -9999 -9999 -9999 -9999 -9999 -9999 -9999 -9999 -9999 -9999 -9999 -9999 -9999 -9999 -9999
31.91 32.62 33.18 32.9 32.71 34.03 34.6 35.3 35.34 35.93 37.91 39.32 41.8 40.06 38.1 38.03 38 40.93 41.99 44.56 41.29 39.62 43.6 43.44 46.92 45.6 45.19 53.66 60.62 56.66 60.34 58.78 52.41 59.21 77.79 75.98 69.71 79.44 83.79 79.63 81.86 86.04 92.57 90.84 72.3 64.09 72.35 84.06 -9999 -9999 -9999 -9999 -9999 -9999 -9999 -9999 -9999 -9999 -9999 -9999 -9999 -9999 -9999 -9999 -9999 -9999 -9999 -9999 -9999 -9999 -9999 -9999 -9999 -9999 -9999 -9999 -9999 -9999 -9999 -9999 -9999 -9999 -9999
28.84 27.72 27.62 27.8 29.09 30.67 31.42 32.09 33.16 33.15 34.39 34.22 36.43 36.84 36.09 38.82 40.03 40.89 40.89 43.66 43.82 39.65 40.13 39.69 41.88 40.57 40.86 48.07 52.88 55.27 47.56 48.52 43.75 54.16 61.28 62.77 64.64 71.19 68.59 65.85 72.62 84.51 82.28 81.29 65.51 69.09 76.78 77.39 -9999 -9999 87.17461 85.92632 80.4382 64.62963 58.88235 -9999 -9999 -9999 -9999 -9999 -9999 -9999 -9999 -9999 -9999 35.35714 37.54412 33.20755 -9999 -9999 -9999 -9999 -9999 -9999 -9999 -9999 -9999 -9999 -9999 -9999 -9999 -9999 -9999
30.62 29.23 28.12 28.59 28.25 28.5 28.65 29.39 30.64 30.32 30.78 31.01 31.52 31.96 31.97 33.22 36.1 37 38.38 39.98 40.31 37.4 36.07 39.9 40.14 40.66 43.26 43.98 47.08 50.19 51 44.95 40.51 41.69 46.34 53.09 58.44 64.36 67.43 63.08 63.56 64.88 61.66 64.11 58.89 74.98 67.41 53.44 48.88 58.76 61.8 59.13 56.37 57.52 67.71233 -9999 78.3375 77.56 70.08 64.90588 -9999 -9999 -9999 47.97872 37.05 28.72 25.93 24.57 24.47191 -9999 -9999 -9999 -9999 -9999 -9999 -9999 -9999 -9999 -9999 -9999 -9999 -9999 -9999
35.32 36.1 37.47 33.98 35.5 29.83 27.37 27.22 27.7 28.09 28.22 29.13 29.88 29.65 29.65 30.04 31.11 32.06 32.9 33.17 34.25 31.39 31.1 33.37 38.66 43.23 44.35 45.97 52.22 48.85 47.36 43.94 38.48 37.83 46.46 45.51 54.15 51.81 58.57 53.82 57.88 62.41 51.72 49.42 65.13 68.54 59.54 43.19 53.8 67.02 72.44 72.63 65.41 65.32 66.77 65.05 59.25 62.39 61.34 52.51 47.51 47.87 49.35 46.09 37.13 30.24 24.96 22.48 22.1236 23.47312 -9999 -9999 -9999 -9999 -9999 -9999 -9999 -9999 -9999 -9999 -9999 -9999 -9999
37.98 35.6 39.58 34.88 33.69 30.41 28.13 28.06 26.04 25.68 25.86 26.76 26.72 26.6 27.31 27.29 27.45 27.22 28.06 28.98 29.41 27.75 26.75 26.53 26.33 27.28 28.81 32.11 31.94 33.1 37.71 37.82 39.35 35.93 41.18 38.68 43.37 48.42 51.14 46.47 53.2 46.98 41.65 52.63 65.06 56.37 44.71 46.38 60.58 66.87 68.38 64.17 59.78 46.82 54.65 51.25 46.61 43.84 49.66 48.27 42.26 43.41 42.37 39.73 34.76 29.93 26.1 22.70526 -9999 -9999 -9999 -9999 -9999 -9999 -9999 -9999 -9999 -9999 -9999 -9999 -9999 -9999 -9999
40.86 43.02 40.22 36.96 36.81 33.81 31.59 30.91 26.01 24.98 25.01 24.52 24.73 25.54 25.9 24.7 24.32 24.1 24.43 24.92 25.07 24.29 23.94 24.1 24.04 23.34 23.19 24.47 25.56 26.48 28.91 29.84 31.76 31.23 36.23 37.59 44.02 44.86 46.43 42.18 47.58 38.28 38.66 39.65 50.05 51.47 42.05 47.86 54.02 56.5 47.43 51.38 59.17 38.42 40.29 40.15 42.37 39.65 49.79 52.35 42.77 45.13 44.59 41.98 35.37 31.45 27.4 24.04 21.10448 -9999 -9999 -9999 -9999 -9999 -9999 -9999 -9999 -9999 -9999 -9999 -9999 -9999 -9999
44.47 41.26 37.85 39.43 36.95 34.63 29.69 26.78 25.87 25.03 23.46 23.07 22.72 23.39 24.97 24.47 22.18 22.95 24.58 25.08 23.94 22.24 22.42 21.93 22.13 21.53 21.45 22.36 23.4 24.09 25.61 26.36 26.9 27.73 36.54 39.7 41.58 38.53 41.35 46.62 48.14 39.4 48.91 45.19 42.65 37.84 34.15 35.75 37.28 37.84 39.47 40.7 36.15 32.01 33.57 34.2 37.67 37.75 37.91 44.61 50.22 45.33 44.45 43.75 35.94 31.04 27.6 23.47 21.14286 -9999 -9999 -9999 -9999 -9999 -9999 -9999 -9999 -9999 -9999 -9999 -9999 -9999 -9999
38.51 36.26 38.8 39.62 36.91 33.89 29.77 28.07 27.08 26.76 23.34 22.85 21.78 20.78 20.85 20.76 20.58 21.6 23.37 25.49 23.22 20.56 20.77 21.5 21.06 20.21 20.19 21 21.82 22.28 23.89 24.02 24.58 25.67 28.83 32.14 36.21 36.54 35.66 40.82 37.85 36.29 42.15 34.77 33.14 33.31 33.85 35.26 38.14 35.13 32.57 32.53 32.66 31.34 32.24 32.76 35.67 36.85 37.99 41.34 44.87 46.14 42.62 38.38 33.76 34.64 29.84 24.08 21.12 20.10417 -9999 -9999 -9999 -9999 -9999 -9999 -9999 -9999 -9999 -9999 -9999 -9999 -9999
32.49 31.63 32.03 34.56 35.73 33.62 31.89 31.88 29.31 26.5 24.77 25.09 22.91 20.31 19.71 18.83 18.94 21.27 22.42 22.11 20.83 19.3 19.77 20.76 21.59 20.07 19.6 19.43 20.03 20.94 23.14 22.65 22.45 23.99 25.46 26.97 28.03 28.62 31.11 32.63 32.18 30.44 31.4 30.49 32.34 31.71 32.06 34.1 35.73 36.61 33.42 31.55 31.76 31.14 32.03 33.7 39.95 38.6 40.27 44.16 48.84 47.51 43.68 35.42 32.53 30.99 31.13 26.29 21.76712 -9999 -9999 -9999 -9999 -9999 -9999 -9999 -9999 -9999 -9999 -9999 -9999 -9999 -9999
29.99 29.84 30.74 32.03 32.71 32.46 32.66 32.93 41.61 37.79 27.08 24.62 22.34 20.72 19.6 18.29 17.4 17.41 18.3 19.32 18.57 18.12 19.06 19.85 21.7 20.9 19.53 19.02 19.12 19.94 20.69 20.63 20.96 22.84 22.87 22.94 23.05 24.61 24.37 25 24.99 26 27.58 29.04 30.2 31.9 32.72 33.3 33.85 35.9 36.03 33.42 31.36 31.32 32.58 35.16 39.02 41.1 44.7 50.72 50 43.57 38.11 32.09 31.12 31.35 28.0625 -9999 -9999 -9999 -9999 -9999 -9999 -9999 -9999 -9999 -9999 -9999 -9999 -9999 -9999 -9999 -9999
29.38 29.04 28.57 29.15 29.99 30.06 31.55 34.39 36.29 38.59 33.95 28.03 25.49 21.56 19.5 18.35 17.18 16.28 16 16.49 17.25 17.19 18.68 19.56 20.86 21.78 21.46 20.15 19.03 18.83 19.22 19.41 19.66 20.85 20.9 21.28 22.6 23.53 21.65 22 22.97 24.45 25.77 27.07 28.6 30.74 33.16 35.72 36.75 36.08 35.56 34.08 32.14 32.11 35.3 37.41 39.55 40.16 41.77 43.3 39.66 36.17 34.68 29.29592 29.09195 27.91072 -9999 -9999 -9999 -9999 -9999 -9999 -9999 -9999 -9999 -9999 -9999 -9999 -9999 -9999 -9999 -9999 -9999
28.17 28.14 27.12 27.52 28.63 29.12 30.37 31.3 31.95 30.29 28.35 24.75 24.2 22.38 18.86 17.48 18.11 18.68 17.1 16.51 16.67 16.23 16.85 17.69 17.71 18.35 20.11 21.17 20.33 20.19 21.34 20.18 19.51 19.21 19.42 20.69 21.03 20.28 19.7 20.85 22.48 23.89 24.74 25.55 27.17 30.38 33.16 35.39 35.43 33.31 33.51 34.43 35.73 32.47 37.55 37.62 36.19 34.49 34.27 35.28 37.73 35.60606 33.22368 -9999 -9999 -9999 -9999 -9999 -9999 -9999 -9999 -9999 -9999 -9999 -9999 -9999 -9999 -9999 -9999 -9999 -9999 -9999 -9999
26.58 26.3 27.5 28.43 27.94 27.76 29.39 28.65 28.6 27.88 28.26 23.3 21.12 20.44 17.91 17.23 18.32 20.41 18.54 18.43 18.3 17.15 16.54 16.17 16.43 16.91 17.6 18.45 19.34 18.77 18.91 19.44 19.13 19.74 18.98 18.95 18.92 19.07 19.82 21.16 22.24 22.88 24.02 25.85 28.56 32.09 34.58 34.54 33.9 31.12 29.94 30.72 30.47 29.51 31.17 31.77 30.68 29.29 31.77 31.98936 -9999 -9999 -9999 -9999 -9999 -9999 -9999 -9999 -9999 -9999 -9999 -9999 -9999 -9999 -9999 -9999 -9999 -9999 -9999 -9999 -9999 -9999 -9999
24.39 25.7 27.3 27.69 25.47 25.97 26.42 26.6 25.51 24.06 25.04 25.8 20.29 19.86 18.25 17.82 18.94 19.13 19.35 20.95 20.17 18.79 17.39 16.39 15.61 15.87 16.84 17.84 18.13 18 18 17.81 17.82 18.41 19.28 16.98 17.79 19.1 20.27 21.74 23.18 24.15 24.68 26.88 27.27 27.18 30.12 31.26 33.4 32.44 29.59 27.34 27.18 27.64 27.39 28.15 28.96 27.64894 -9999 -9999 -9999 -9999 -9999 -9999 -9999 -9999 -9999 -9999 -9999 -9999 -9999 -9999 -9999 -9999 -9999 -9999 -9999 -9999 -9999 -9999 -9999 -9999 -9999
25.58 25.4 25.88 24.98 23.26 23.82 24.71 24.47 24.68 21.82 22.2 20.45 24.23 24.78 24.04 20.89 19.84 20.78 20.57 22.25 20.1 17.96 17.1 16.13 15.94 15.57 16.11 17.23 17.68 17.76 17.77 17.46 16.59 17.65 17.13 17.59 18.66 19.76 21.19 23.04 24.5 25.94 28.11 27.3 25.81 22.97 24.58 25.64 29.9 28.09 25.74 25.65 26.58 28.75 27.06 25.41 25.76596 -9999 -9999 -9999 -9999 -9999 -9999 -9999 -9999 -9999 -9999 -9999 -9999 -9999 -9999 -9999 -9999 -9999 -9999 -9999 -9999 -9999 -9999 -9999 -9999 -9999 -9999
25.85 26.39 25.36 23.15 22.38 21.93 21.9 21.61 22.38 21.89 21.31 21.05 23.25 24.84 24.63 23.13 21.34 21.59 21.76 21.73 20.88 18.97 17.86 16.93 16.33 15.85 15.32 15.44 15.34 15.46 15.3 15.27 15.9 17.22 17.36 17.09 17.46 16.7 17.9 20.61 25.61 27.62 30.04 32.35 25.85 20.11 20.65 22.04 23.73 23.52 23.74 24.54 24.36 26.2449 25.34568 23.44118 -9999 -9999 -9999 -9999 -9999 -9999 -9999 -9999 -9999 -9999 -9999 -9999 -9999 -9999 -9999 -9999 -9999 -9999 -9999 -9999 -9999 -9999 -9999 -9999 -9999 -9999 -9999
25.81 26.17 24.89 23.53 22.9 23.61 24.79 24.6 23.69 22.72 24.86 24.26 22.63 23.19 23.09 22.84 22.94 22.64 21.76 21.07 20.56 20.2 19.3 17.65 16.66 16.1 15.85 15.97 15.67 15.42 15.36 15.64 16.46 15.77 15.86 15.91 17.01 14.69 15.97 18.31 18.53 20.91 23.25 20.89 19.59 18.2 18.98 19.93 21.05102 21.40506 22.5 -9999 -9999 -9999 -9999 -9999 -9999 -9999 -9999 -9999 -9999 -9999 -9999 -9999 -9999 -9999 -9999 -9999 -9999 -9999 -9999 -9999 -9999 -9999 -9999 -9999 -9999 -9999 -9999 -9999 -9999 -9999 -9999
25.24 25.65 26.47 27.26 28.2 28.42 27.39 26.69 26.52 25.95 27.17 26.93 24.9 21.45 21.76 21.96 23.23 23.28 21.88 21.28 20.84 21.42 22.6 20.41 18.05 17.9 17.35 17.01 16.73 17.42 16.15 16.34 16.77 16.05 16.98 17.62 18.56 15.79 14.81 15.25 17.29 20.88 17.81 17.28 17.22 16.98765 -9999 -9999 -9999 -9999 -9999 -9999 -9999 -9999 -9999 -9999 -9999 -9999 -9999 -9999 -9999 -9999 -9999 -9999 -9999 -9999 -9999 -9999 -9999 -9999 -9999 -9999 -9999 -9999 -9999 -9999 -9999 -9999 -9999 -9999 -9999 -9999 -9999
24.62 25.59 25.92 27.75 29.31 29.1 27.79 29.66 29.18 28.48 27.43 26.31 25.87 25.2 20.29 21.9 23.74 27.83 24.96 21.95 21.26 21.21 21.41 20.91 20.33 20.66 19.31 18.39 17.24 17.26 17.84 18.51 17.74 17.45 17.97 17.28 17.09 15.18 14.07 16.26 18.8 17.97 16.07042 -9999 -9999 -9999 -9999 -9999 -9999 -9999 -9999 -9999 -9999 -9999 -9999 -9999 -9999 -9999 -9999 -9999 -9999 -9999 -9999 -9999 -9999 -9999 -9999 -9999 -9999 -9999 -9999 -9999 -9999 -9999 -9999 -9999 -9999 -9999 -9999 -9999 -9999 -9999 -9999
23.78 24.15 24.98 25.65 27.15 28.63 29.28 29.13 28.26 27.75 27.83 26.73 23.74 22.69 21.92 19.22 22.43 27.4 28.18 25.06 23.27 21.98 20.47 21.16 22.1 23.03 21.3 19.63 18.02 18.24 19.99 19.71 18.49 19.12 18 18.89 14.92 15.49 16.1 15.35 16.59 16.6 -9999 -9999 -9999 -9999 -9999 -9999 -9999 -9999 -9999 -9999 -9999 -9999 -9999 -9999 -9999 -9999 -9999 -9999 -9999 -9999 -9999 -9999 -9999 -9999 -9999 -9999 -9999 -9999 -9999 -9999 -9999 -9999 -9999 -9999 -9999 -9999 -9999 -9999 -9999 -9999 -9999
22.62 23.87 24.69 23.55 25.52 26.2 28.46 26.83 27.69 28.81 28.78 27.86 24.91 23.22 20.47 18.66 21.89 23.71 25.91 23.64 24.18 23.39 22.73 22.93 24.57 23.95 23.15 21.3 19.4 21.68 22.67 21.13 19.89 20.37 22.19 20.86 14.62 14.46 17.17 14.89899 -9999 -9999 -9999 -9999 -9999 -9999 -9999 -9999 -9999 -9999 -9999 -9999 -9999 -9999 -9999 -9999 -9999 -9999 -9999 -9999 -9999 -9999 -9999 -9999 -9999 -9999 -9999 -9999 -9999 -9999 -9999 -9999 -9999 -9999 -9999 -9999 -9999 -9999 -9999 -9999 -9999 -9999 -9999
22.18 22.94 22.46 23.43 24.77 25.12 26.19 27.09 27.77 27.85 29.69 30.16 27.07 22.52 20.01 20.9 26.71 27.43 26.67 26.83 27.54 26.77 27.98 29.11 28 27.55 25.84 21.47 22.05 21.57 23.57 22.31 23.96 25.6 28.55 19.99 14.04 13.85 14.35 13.95775 -9999 -9999 -9999 -9999 -9999 -9999 -9999 -9999 -9999 -9999 -9999 -9999 -9999 -9999 -9999 -9999 -9999 -9999 -9999 -9999 -9999 -9999 -9999 -9999 -9999 -9999 -9999 -9999 -9999 -9999 -9999 -9999 -9999 -9999 -9999 -9999 -9999 -9999 -9999 -9999 -9999 -9999 -9999
18.09 19.55 22.11 25.77 27.28 28.47 27.56 28.36 29.99 30.02 31.43 30.93 30.6 24.53 20.85 23.15 28.32 26.21 26.38 28.02 29.46 29.56 28.26 29.48 28.76 28.05 25.01 24.09 23.65 25.11 27.11 27.19 29.27 25.45 22.58 16.2 14.23 13.68 13.02062 13.17204 13.54651 13.86957 -9999 -9999 -9999 -9999 -9999 -9999 -9999 -9999 -9999 -9999 -9999 -9999 -9999 -9999 -9999 -9999 -9999 -9999 -9999 -9999 -9999 -9999 -9999 -9999 -9999 -9999 -9999 -9999 -9999 -9999 -9999 -9999 -9999 -9999 -9999 -9999 -9999 -9999 -9999 -9999 -9999
