layers/wordclim/current/bio_10.asc
ncols         166
nrows         93
xllcorner     -9.4959440078468
yllcorner     36.000324005443
cellsize      0.083333337679505
NODATA_value  -9999
[rows 0 to 32 of 93, columns 0 to 72 of 166]
-9999 -9999 -9999 -9999 -9999 -9999 -9999 -9999 -9999 -9999 -9999 -9999 -9999 -9999 -9999 -9999 -9999 180.0488 171.6667 182.7463 182.9242 181.4886 184.4493 184.6667 -9999 -9999 -9999 -9999 -9999 -9999 -9999 -9999 -9999 -9999 -9999 -9999 -9999 -9999 -9999 -9999 -9999 -9999 -9999 -9999 -9999 -9999 -9999 -9999 -9999 -9999 -9999 -9999 -9999 -9999 -9999 -9999 -9999 -9999 -9999 -9999 -9999 -9999 -9999 -9999 -9999 -9999 -9999 -9999 -9999 -9999 -9999 -9999 -9999
-9999 -9999 -9999 -9999 -9999 -9999 -9999 -9999 -9999 -9999 -9999 -9999 -9999 -9999 -9999 -9999 181.9242 180.4947 177.32 181.79 175.83 174.71 182.3333 175.72 177.23 183.6701 -9999 -9999 -9999 -9999 -9999 -9999 -9999 -9999 -9999 -9999 -9999 -9999 -9999 -9999 -9999 -9999 -9999 186.9688 187.25 -9999 -9999 -9999 -9999 -9999 -9999 -9999 -9999 -9999 -9999 -9999 -9999 -9999 -9999 -9999 -9999 -9999 -9999 -9999 -9999 -9999 -9999 -9999 -9999 -9999 -9999 -9999 -9999
-9999 -9999 -9999 -9999 -9999 -9999 -9999 -9999 -9999 -9999 -9999 -9999 -9999 -9999 182.0741 183.8842 182.4747 181 178.56 172.93 169.27 170.77 174.4 168.41 182.1 187.63 188.3263 187.7342 188.1408 192.2 190.9875 190.5 188.0789 191.4675 185.557 188.4697 187.0411 183 180.6932 182.567 183.7821 184.6429 186.2222 186.36 184.89 188.3247 188.3934 184.8333 184.4915 -9999 -9999 -9999 -9999 -9999 -9999 -9999 -9999 -9999 -9999 -9999 -9999 -9999 -9999 -9999 -9999 -9999 -9999 -9999 -9999 -9999 -9999 -9999 -9999
-9999 -9999 -9999 -9999 -9999 -9999 -9999 -9999 -9999 -9999 -9999 -9999 -9999 -9999 -9999 -9999 179.7475 174.07 171.89 174.74 170.66 165.1 162.32 161.95 171.23 181.98 187.08 181.47 188.92 188.7172 181.15 177.84 176.67 183.96 171.6 178.3 181.66 176.96 170.14 179.66 185.101 179.54 178.04 181.65 183.56 183.37 178.98 178.13 185.26 183.5 182.6 180.9359 187.2949 189.2881 188.66 -9999 -9999 -9999 -9999 -9999 -9999 -9999 -9999 -9999 -9999 -9999 -9999 189.5206 -9999 189.2698 186.6563 188.5058 187.8261
-9999 -9999 -9999 -9999 -9999 -9999 -9999 -9999 -9999 -9999 -9999 -9999 -9999 -9999 185.2537 185.9375 180.83 175.23 173.82 170.99 173.47 172.18 172.03 167.46 170.82 173.26 177.4 183.56 182.83 173.04 164.56 170.41 177.12 173.41 168.72 177.91 170.8 165.47 174.72 181.23 181.88 185.31 185.28 180.49 182.51 181.79 179.94 180.23 180.79 181.65 182.36 187.82 188.17 181.4 180.53 178.61 173.25 180.6702 185.6296 190.4658 191.6753 192.4744 190.5417 187.8313 188.551 191.14 189.08 188.5 186.6979 188.51 184.26 185.15 188.131
-9999 -9999 -9999 -9999 -9999 -9999 183.037 184.875 183.8378 -9999 183.2973 183.0121 182.91 185.7475 186.71 -9999 181.85 176.64 170.48 172.31 175 176.52 176.87 179.07 176.52 177.12 176.72 182.85 170.83 167.28 168.82 179.34 174.33 162.24 163.26 173.75 177.86 176.57 170.95 174.83 172.43 172.64 176.26 180.23 179.63 179.6 177.07 171.33 170.3 175.15 168.65 174.74 179.56 170.06 162.55 165.68 172.69 168.04 178.57 176.85 183.38 181.04 182.73 184.31 181.72 185.64 185.39 184.7 178.06 172.88 175.14 177.38 183.12
-9999 -9999 -9999 -9999 -9999 -9999 182.1918 183.34 183.5 184.47 182.35 176.7 178.91 181.57 185.49 184.96 179.01 176.08 172.89 174.7 175.39 179.25 179.66 181.69 181.83 179.33 175.31 178.2 173.44 170.01 175.6 180.49 167.02 159.06 170.42 175.14 173.33 161.28 164.57 161.46 160.71 170.91 153.58 168.86 178.78 171.68 169.02 171.83 169.29 167.55 153.77 162.76 165.5 151.18 124.6 139.58 132.2 137.21 168.45 161.16 168.07 173.72 176.27 171.07 176.09 181.41 177.36 176.77 175.95 162.62 152.12 166.58 176.42
-9999 -9999 -9999 -9999 184.7312 181.12 181.45 178.55 177.28 178.61 176.98 178.91 180.92 180.21 181.41 178.5 175.13 175.34 173.89 176.46 176.94 178.4 182.47 182.69 181.7 178.19 173.48 177.53 166.71 170.99 168.37 176.01 167.58 161.42 168.8 171.23 159.69 148.81 161.02 151.37 157.05 152.64 164.27 164.43 172.14 164.15 165.17 164.6 154.29 148.33 153.51 148.74 143.12 153.04 138.26 131.42 139.65 163.06 173.01 167.09 145.53 157.04 162.09 162.85 164.41 175.74 165.93 172.91 168.92 152.32 148.17 154.38 159.77
-9999 -9999 -9999 183.7216 181.86 177.03 177.76 177.26 177.69 177.79 180.26 182.21 185.33 185.05 183.89 182.42 179.41 175.95 170.84 174.03 178.48 178.89 182.04 182.15 179.35 177.83 172.27 170.47 176.13 174.58 180.98 178.82 164.58 155.82 166.7 154.08 154.33 135.09 133.58 137.59 127.4 138.19 131.73 156.44 165.08 140.73 138.07 144.11 136.66 133.26 144.96 137.71 146.01 149.65 139.02 139.84 127.61 131.48 142.29 152.21 146.41 131.55 141.44 155.66 159.3 161.76 161.02 162.77 160.49 161.26 166.23 167.52 167.92
-9999 -9999 -9999 184.9529 178.6566 177.32 177.31 178.8 180.53 181.79 183.95 186.34 187.8 187.27 184.9 182.54 181.91 176.21 175.1 173.55 177.72 177.08 179.24 184.49 185.65 183.59 175.19 175.23 173.56 182.12 179.8 169.53 167.62 157.99 154.76 147.74 140.16 147.78 147.61 146.92 141.95 147.69 145.76 140.42 146.35 148.58 144.12 148.9 140.88 146.63 156.73 149.33 149.1 151.18 153.36 143.94 130.79 128.36 134.13 146.04 151.82 133.04 141.28 158.37 161.92 163.14 164.11 163.63 164.04 165.68 170.25 175.62 173.75
-9999 -9999 -9999 -9999 183.931 176.88 179.03 182.37 182.18 187.18 190.14 187.97 187.67 190.09 188.77 186.82 187.57 184.62 181.8 179.38 177.2 180.91 184.52 187.35 189.08 185.68 180.88 173.67 180.09 180.39 169.19 155.53 145.03 145.28 154.73 152.22 153.9 148.16 136.6 142.3 137.49 137.34 147.58 156.81 143.89 154.66 156.8 158.74 151.59 160 161.32 153.09 157.95 151.57 156.04 145.75 144.63 144.42 145.81 156.3 160.32 159.98 159.92 162.62 162.51 164.63 162 167.95 166.67 170.57 167.6 171.02 176.09
-9999 -9999 -9999 -9999 186.4 184.9375 187.2273 189.4066 179.43 186.96 190.85 192.63 191.78 193.31 192.7 184.37 184.1 180.83 177.92 181.01 178.12 180.54 187.75 182.59 182.94 188.83 175.87 171.61 174.68 171.34 165.67 145.17 156.45 164.5 173.02 169.87 155.92 142.37 141.63 143.2 151.93 158.95 164.19 165.43 167.06 162.55 170.15 171.05 167.22 169.96 168.1 166.2 166.37 162.38 165.13 158.79 155.31 161.37 161.4 159.94 163.08 164.78 167.82 167.6 164.57 168.83 169.12 164.44 168.26 166.54 162.75 169.66 170.79
-9999 -9999 -9999 -9999 -9999 -9999 177.7935 185.99 185.51 191.37 190.2 189.16 191.64 183.76 185.5 183.27 178.41 179.39 175.55 173.25 181.63 188.11 180.93 179.37 183.58 182.28 172.15 160.72 157.89 162.21 168.51 161.26 173.89 181.8 179.86 180.34 170.98 167.45 167.78 164.81 159.77 161.21 167.29 172.4 174.43 172.6 177.81 178.6 175.1 178.13 172.34 174.28 171.78 171.65 168.63 165.18 164.86 165.33 167.52 165.63 169.43 168.88 170.14 166.11 165.32 166.02 167.2 166.96 169.09 166.2 162.22 167.59 179.18
-9999 -9999 -9999 -9999 -9999 189.2542 183.7872 -9999 -9999 188.51 190.62 185.96 182.37 176.56 171.03 181.57 180.69 175.84 173.99 172.59 183.98 189.23 185.58 187.56 194.98 185.02 171.36 171.67 165.55 158.04 169.96 177.88 185.9 192.15 192.55 189.06 187.62 184.37 177.2 168.67 172.55 176.62 176.67 179.65 180.11 180.06 185.4 184.88 183.38 182.29 179.21 180.06 175.09 177.49 172.46 170.01 170.76 169.89 172.87 171.14 172.81 175.15 173.82 170.05 169.73 167.92 167.92 167.04 166.99 165.45 167.36 174.08 181.65
-9999 -9999 -9999 -9999 -9999 -9999 -9999 194 192.5663 192.31 189.63 186.15 182.05 178.98 172.75 174.65 177.92 174.16 172.35 178.09 182.91 190.83 191.02 199.25 198.35 192.64 183.4 179.21 167.02 165.27 172.78 187.47 194.74 198.73 196.43 190.89 175.73 166.74 163.96 167.1 176.51 180.86 181.66 185.37 185.78 186.48 188.49 189.18 188.47 186.43 184.75 181.2 179.69 181.65 177.34 174.91 176.5 174.86 175.33 176.15 175.4 177.53 178.03 177.29 176.68 176 173.41 168.98 169.62 169.71 173.75 175.66 172.76
-9999 -9999 -9999 -9999 -9999 -9999 -9999 192.1667 190.4891 185.8989 191.95 187.7 179.69 169.33 175.23 182.28 186.64 188.46 189.51 189.44 190.5 192.28 195.98 197.11 190.85 190.04 191.37 190.85 174.76 180.82 185.75 191.29 194.38 182.49 167.8 170 159.03 156 168.45 176.91 182.37 185.69 185.6 189.19 189.29 189.41 190.44 191.92 191.22 188.94 186.34 184.01 183.8 184.92 181.71 178.95 180.18 181.13 180.61 180.58 181.09 181.1 180.45 180.83 180.44 179.51 175.12 173 174.02 174.45 173.58 172.35 173.07
-9999 -9999 -9999 -9999 -9999 -9999 -9999 -9999 -9999 187.9853 190.5806 188.97 185.81 171.02 174.33 188.57 198.45 196.34 200.22 202.37 201.05 184.2 179.59 186.16 187.24 176.36 175.77 194.88 197.3 179.98 175.64 185.51 168.68 164.28 168.86 148.12 145.55 155.41 170.68 176.8 181.89 187.22 190.45 191.5 191.42 191.85 192.18 193.49 191.73 190.05 188.81 187.44 187.84 188.07 185.67 183.46 183.53 184.6 184.56 184.74 184.23 184.62 184.54 184.49 183.47 179.92 177.69 177.59 178.07 178.05 175.64 173.46 172.65
-9999 -9999 -9999 -9999 -9999 -9999 -9999 -9999 190.3462 186.8333 -9999 188.16 184.24 179.49 170.53 185.08 201.74 200.46 195.84 203.53 200.61 187.84 184.81 172.11 168.2 167.43 159.58 183.21 186.89 175.97 160.82 156.43 152.05 152.36 159.58 169.64 163.3 153.13 163.85 177.2 185.74 189.27 191.58 193.38 193.28 193.45 193.55 195.02 191.81 189.71 191.12 190.84 191.32 190.6 189.14 187.94 186.91 187.08 188.13 187.85 188.03 187.16 187.13 186.14 183.69 179.47 180.73 182.15 180.82 178.54 175.82 174.47 171.69
-9999 -9999 -9999 -9999 -9999 -9999 -9999 -9999 -9999 190.4396 190.78 192.59 195.54 185.04 181.4 192.57 198.22 196.53 197.08 194.05 192.7 189.25 190.46 172.18 158.9 153.4 147.15 164.47 182.11 169.44 160.74 146.36 133.75 138.28 148.83 149.33 154.34 165.38 170.64 180.38 185.63 188.98 190.5 193.85 195.05 195.18 195.2 195.78 193.07 192.89 193.79 193.86 193.53 192.18 191.67 191.35 191.19 189.75 190.21 191.04 190.71 189.17 188.59 186.36 183.6 185.76 185.75 183.85 182.59 180.76 178.43 175.61 168.82
-9999 -9999 -9999 -9999 -9999 -9999 -9999 -9999 191.1648 183.44 195.22 196.04 198.7 189.42 200.2 192.59 185.61 177.63 182.48 182.44 183.25 189.43 186.95 181.05 170.06 160.21 163.65 173.91 179.21 165.34 155.03 143.58 145.64 165.14 172.48 171.86 172.46 177.06 182.86 188.23 188.83 191.59 193.27 193.87 196.84 196.05 196.77 196.42 195.82 196.17 195.48 195.86 194.45 193.23 193.95 194 194.4 194.71 192.92 194.28 190.44 187.54 188.41 187.55 189.94 187.24 187.67 186.39 184.18 181.43 178.17 174.03 176.36
-9999 -9999 -9999 -9999 -9999 -9999 -9999 179.7143 180.95 189.79 194.99 197.07 195.25 197.71 179.82 164.22 156.35 164.97 174.77 182.87 186.8 188.74 189.67 182.56 193.89 178.58 176.03 179.68 173.75 167.55 160.74 155.04 153.72 175.35 179.27 180.54 182.72 184.46 187.74 190.74 193.09 194.56 195.7 195.91 196.46 197.59 198.42 197.64 197.14 196.35 197.72 196.86 195.64 195.98 196.15 196.17 196.83 197.54 196.43 196.14 192.25 192.81 193.95 191.61 189.01 187.73 188.4 187.85 186.87 185.73 183.37 180.72 177.01
-9999 -9999 -9999 -9999 -9999 -9999 -9999 182.85 190.16 191.24 191.1 179.12 186.31 181.41 158.03 171.06 176.95 183.97 181.23 171.69 170.06 177.46 181.46 189 203.17 190.94 185.02 189.1 183.47 178.65 178.39 174.46 165.21 182.5 184.8 183.13 181.9 186.79 188.91 190.66 192.26 194.84 196.52 197.56 198.64 199.62 199.11 198.54 198.49 198.82 198.82 197.77 196.35 197.97 197.96 198.27 197.51 195.82 192.94 196.16 197.78 195.29 193.2 191.11 188.11 186.95 187.61 187.33 185.39 184.05 182.84 178.22 176.26
-9999 -9999 -9999 -9999 -9999 -9999 -9999 188.0606 187.8977 183.15 186.97 178.14 191.55 191.19 185.38 186.65 187.42 172.88 160.82 162.51 164.91 166.79 185.97 190.52 204.55 194.98 184.71 191.99 191.87 184 184.24 185.38 184.5 192.58 189.52 191.44 188.73 187.29 185.55 185.04 187.64 190.55 195.18 196.75 198.95 199.8 200.27 200.51 200.98 200.99 200.15 199.11 198.58 198.35 196.58 195.17 194.43 194.61 195.53 199.77 197 194.78 192.94 190.71 189.02 187.8 187.48 187.87 186.92 186.25 185.73 183.49 181.38
-9999 -9999 -9999 -9999 -9999 -9999 -9999 -9999 183.68 180.22 193.55 191.36 195.41 193.74 188 171.95 164.96 157.13 173.31 167.99 171.95 173.39 180.79 192.5 206.79 197.58 186.61 196.28 195.9 195.96 189.01 182.28 190.27 197.8 190.73 195.15 193.17 189.74 191.74 193.63 191.43 191.54 195.6 199.44 200.26 200.22 201.24 201.19 200.69 199.82 200.89 200.63 198.18 196.19 195.78 195.23 195.58 198.13 201.29 199.84 196.67 196.01 194.28 193.36 192.14 191.21 192.47 191.65 190.44 190.86 190.09 189.44 188.3
-9999 -9999 -9999 -9999 -9999 -9999 -9999 -9999 187.4667 190.4286 189.4 189.53 187.8 193.07 190.05 186.06 184.56 188.46 179.14 171.54 172.08 182.13 194.01 202.82 200.6 190 197.03 203.68 206.37 198.53 188.68 178.32 190.91 192.08 195.64 198.4 192 190.8 191.85 194.23 196.1 195.99 197.04 199.33 200.87 201.75 202.63 202.61 201.77 201.11 200.21 198.17 196.95 197.15 196.68 196.64 198.54 202.92 200.14 198.8 197.95 197.47 195.64 194.24 193.54 192.61 196.79 197.77 196.43 194.72 194.58 193.33 191.8
-9999 -9999 -9999 -9999 -9999 -9999 -9999 -9999 189.0658 188.2 189.76 193.21 198.79 199.51 199.41 192.94 190.78 175.09 173.65 179.56 189.97 192.66 200.62 204.38 186.25 198.77 206.53 212.52 212.8 203.43 192.37 188.6 189.34 196.29 198.84 200.21 196.49 195.53 193.74 195.28 195.31 197.35 199.68 200.61 201.04 202.79 203.28 200.71 200.73 200.33 200.29 200.99 200.22 199.22 197.98 198.24 203.14 204.22 201.79 201.68 200.56 198.83 198.35 199.47 199.58 196.52 198.46 195.51 196.05 195.79 195.85 194.3 193.15
-9999 -9999 -9999 -9999 -9999 -9999 -9999 -9999 -9999 188.66 192.63 194.71 196.66 192.81 197.27 198 188.32 190.27 193.56 194.43 200.88 186.99 190.94 182.52 189.76 205.51 213.83 216.78 212.71 204.64 199.62 200.15 199.78 205.5 204.7 203.57 198.51 195.75 197.49 198.71 199.12 197.65 199.54 200.69 202 204.79 204.82 202.82 202.78 203.12 203.63 203.42 203.36 201.99 202.75 204.97 205.72 205.59 205.06 199.62 199.07 197.42 196.08 196.67 197.49 197.18 194.49 192.75 193.72 193 189.52 190.18 188.09
-9999 -9999 -9999 -9999 -9999 -9999 -9999 -9999 -9999 190.46 190.85 193.52 192.94 197.06 197.66 196.56 192.5 193.34 207.38 197.48 182.52 181.21 183.41 191.28 199.9 201.69 204.28 216.19 212.13 199.94 190.14 204.16 208.44 209.18 207.07 205.22 200.43 198.46 201.32 198.79 198.4 200.6 200.46 202.1 203.6 204.4 204.69 203.02 203.67 204.98 205.42 204.8 205.3 205.66 205.2 204.19 205.18 205.79 204.2 200.29 198.59 197.77 197.33 196.81 197.13 196.99 195.98 190.17 184.02 182.87 184.83 192.19 191.76
-9999 -9999 -9999 -9999 -9999 -9999 -9999 -9999 -9999 190.4444 192.23 194.53 196.58 197.39 196.48 198.98 193.63 197.94 206.76 194.22 169.35 190.95 190.11 193.16 203.26 212.88 214.56 213.61 209.19 211.51 204.48 210 208.53 200 196.44 198.1 201.4 204.14 200.76 198.37 197.83 198.48 199.67 200.41 201.6 201.05 200.34 201.57 201.56 202.14 202.82 203.56 203.54 203.93 202.9 202.96 204.81 205.72 203.46 203.4 204.42 202.91 201.86 201.28 199.81 198.89 199.39 193.04 186.55 189.65 191.91 192.55 191.14
-9999 -9999 -9999 -9999 -9999 -9999 -9999 -9999 -9999 190.2911 190.41 192.85 191.59 190.85 195.3 200.42 201.72 207.14 192.98 183.26 199.09 204.5 196.01 206.49 199.07 211.28 202.51 203.25 215.81 216.24 212.24 215.19 207.05 199.29 200.78 204.53 208.01 203.45 201.09 199.91 198.95 198.44 197.74 197.48 197.51 196.92 197.92 199.01 201.2 203.26 200.93 202.68 203.73 204.02 205.39 205.84 205.64 205.05 204.97 205 204.93 204.52 203.16 201.71 200.4 199.93 198.38 196.83 192.79 195.3 193.22 187.33 179.53
-9999 -9999 -9999 -9999 -9999 -9999 -9999 -9999 -9999 190.566 191.57 192.95 194.41 194.32 198.22 199.56 205.65 193.21 189.03 189.46 211.37 208.12 206.12 214.67 213.04 209.21 199.04 200.48 219.27 215.28 209.04 210.79 204.65 204.83 204.09 205.43 200.59 199.68 201.25 201.76 201.58 199.45 198.06 195.45 196.6 197.96 197.51 196.77 198.35 200.85 201.71 202.82 203.46 204.15 204.99 205.58 204.48 204.53 203.27 204.85 204.46 203.9 203.58 202.49 201.19 200.16 199.21 196.88 193.35 191.87 191.23 179.17 160.45
-9999 -9999 -9999 -9999 -9999 -9999 -9999 -9999 -9999 -9999 191.7419 194.92 196.24 196.21 197.42 201.88 201.46 200.74 203.82 201.48 210.64 208.4 208.75 210.75 208.99 212.17 214.22 215.3 222.38 211.43 208.87 212.52 211.65 207.41 202.02 202.02 201.54 200.62 199.6 200.37 201.87 202.81 201.35 201.42 200.83 200.72 200.11 198.75 199.02 200.1 202.16 202.56 202.82 203.31 203.86 204.68 203.07 203.71 201.61 203.38 204.12 202.81 202.15 202.98 201.77 198 193.9 192.28 190.06 183.87 171.51 161.52 164.46
-9999 -9999 -9999 -9999 -9999 -9999 -9999 -9999 -9999 -9999 191.7738 191.87 196.64 198.09 199.57 196.9 185.7 190.95 177.9 182.88 197.76 193.79 198.35 196.65 195.7 199.05 207.4 209.33 220.45 218.56 218.52 217.27 216.75 208.31 204.07 203.26 202.01 201.85 200.41 200.26 200.9 201.5 202.44 202.99 203.04 202.94 201.59 199.77 198.3 198.77 201.04 201.41 201.88 201.85 203.1 202.64 201.34 202.84 200.75 201.75 201.87 200.57 203 201.35 198.88 194.67 188.41 170.92 169.31 169.38 188.11 187.96 173.33
