layers/wordclim/current/bio_07.asc
ncols         166
nrows         93
xllcorner     -9.4959440078468
yllcorner     36.000324005443
cellsize      0.083333337679505
NODATA_value  -9999
[rows 0 to 32 of 93, columns 73 to 145 of 166]
-9999 -9999 -9999 -9999 -9999 -9999 -9999 -9999 -9999 -9999 -9999 -9999 -9999 -9999 -9999 -9999 -9999 -9999 -9999 -9999 -9999 -9999 -9999 -9999 -9999 -9999 -9999 -9999 -9999 -9999 -9999 -9999 -9999 -9999 -9999 -9999 -9999 -9999 -9999 -9999 -9999 -9999 -9999 -9999 -9999 -9999 -9999 -9999 -9999 -9999 -9999 -9999 -9999 -9999 -9999 -9999 -9999 -9999 -9999 -9999 -9999 -9999 -9999 -9999 -9999 -9999 -9999 -9999 -9999 -9999 -9999 -9999 -9999
-9999 -9999 -9999 -9999 -9999 -9999 -9999 -9999 -9999 -9999 -9999 -9999 -9999 -9999 -9999 -9999 -9999 -9999 -9999 -9999 -9999 -9999 -9999 -9999 -9999 -9999 -9999 -9999 -9999 -9999 -9999 -9999 -9999 -9999 -9999 -9999 -9999 -9999 -9999 -9999 -9999 -9999 -9999 -9999 -9999 -9999 -9999 -9999 -9999 -9999 -9999 -9999 -9999 -9999 -9999 -9999 -9999 -9999 -9999 -9999 -9999 -9999 -9999 -9999 -9999 -9999 -9999 -9999 -9999 -9999 -9999 -9999 -9999
-9999 -9999 -9999 -9999 -9999 -9999 -9999 -9999 -9999 -9999 -9999 -9999 -9999 -9999 -9999 -9999 -9999 -9999 -9999 -9999 -9999 -9999 -9999 -9999 -9999 -9999 -9999 -9999 -9999 -9999 -9999 -9999 -9999 -9999 -9999 -9999 -9999 -9999 -9999 -9999 -9999 -9999 -9999 -9999 -9999 -9999 -9999 -9999 -9999 -9999 -9999 -9999 -9999 -9999 -9999 -9999 -9999 -9999 -9999 -9999 -9999 -9999 -9999 -9999 -9999 -9999 -9999 -9999 -9999 -9999 -9999 -9999 -9999
-9999 -9999 -9999 -9999 -9999 -9999 -9999 -9999 -9999 -9999 -9999 -9999 -9999 -9999 -9999 -9999 -9999 -9999 -9999 -9999 -9999 -9999 -9999 -9999 -9999 -9999 -9999 -9999 -9999 -9999 -9999 -9999 -9999 -9999 -9999 -9999 -9999 -9999 -9999 -9999 -9999 -9999 -9999 -9999 -9999 -9999 -9999 -9999 -9999 -9999 -9999 -9999 -9999 -9999 -9999 -9999 -9999 -9999 -9999 -9999 -9999 -9999 -9999 -9999 -9999 -9999 -9999 -9999 -9999 -9999 -9999 -9999 -9999
169.66 170.5955 168.1111 -9999 -9999 166.7701 168.85 173.83 174.5233 176.8333 178.2364 -9999 -9999 -9999 -9999 -9999 -9999 -9999 -9999 -9999 -9999 -9999 -9999 -9999 -9999 -9999 -9999 -9999 -9999 -9999 -9999 -9999 -9999 -9999 -9999 -9999 -9999 -9999 -9999 -9999 -9999 -9999 -9999 -9999 -9999 -9999 -9999 -9999 -9999 -9999 -9999 -9999 -9999 -9999 -9999 -9999 -9999 -9999 -9999 -9999 -9999 -9999 -9999 -9999 -9999 -9999 -9999 -9999 -9999 -9999 -9999 -9999 -9999
180.39 181.13 181.22 175.56 176.3878 169.5556 173.4 175.35 178.56 181.28 185.27 184.5253 186.726 186.4667 186.9016 188.1148 189.6905 192.5625 197.15 205.63 206.9595 -9999 -9999 -9999 -9999 -9999 -9999 -9999 -9999 -9999 -9999 -9999 -9999 -9999 -9999 -9999 -9999 -9999 -9999 -9999 -9999 -9999 -9999 -9999 -9999 -9999 -9999 -9999 -9999 -9999 -9999 -9999 -9999 -9999 -9999 -9999 -9999 -9999 -9999 -9999 -9999 -9999 -9999 -9999 -9999 -9999 -9999 -9999 -9999 -9999 -9999 -9999 -9999
187.5 189.43 185.03 181.78 183.36 186.33 180.25 181.61 185.99 192.44 193.67 193.86 196.17 196.73 197.99 198.88 196.74 204.81 207.26 218.98 214.7 220.74 227.16 229.4 -9999 -9999 -9999 -9999 -9999 -9999 -9999 -9999 -9999 -9999 -9999 -9999 -9999 -9999 -9999 -9999 -9999 -9999 -9999 -9999 -9999 -9999 -9999 -9999 -9999 -9999 -9999 -9999 -9999 -9999 -9999 -9999 -9999 -9999 -9999 -9999 -9999 -9999 -9999 -9999 -9999 -9999 -9999 -9999 -9999 -9999 -9999 -9999 -9999
203.06 191.5 192.14 188.84 190.53 190.47 191.6 192.88 201.61 199.47 199.81 201.51 205.27 207.26 209.13 208.83 209.4 219.47 225.03 228.04 224.82 226.94 230.57 235.0548 -9999 -9999 -9999 -9999 -9999 -9999 -9999 -9999 -9999 -9999 -9999 -9999 -9999 -9999 -9999 -9999 -9999 -9999 -9999 -9999 -9999 -9999 -9999 -9999 -9999 -9999 -9999 -9999 -9999 -9999 -9999 -9999 -9999 -9999 -9999 -9999 -9999 -9999 -9999 -9999 -9999 -9999 -9999 -9999 -9999 -9999 -9999 -9999 -9999
211.12 208.82 211.71 209.33 198.75 199.58 210.62 220.18 212.85 214.86 208.78 208.48 215.54 212.62 211.51 215.33 223.8 226.92 234.18 236.37 238.25 239.74 240.96 241.8875 -9999 241.9881 242.8393 -9999 -9999 -9999 -9999 -9999 -9999 -9999 -9999 -9999 -9999 -9999 -9999 -9999 -9999 -9999 -9999 -9999 -9999 -9999 -9999 -9999 -9999 -9999 -9999 -9999 -9999 -9999 -9999 -9999 -9999 -9999 -9999 -9999 -9999 -9999 -9999 -9999 -9999 -9999 -9999 -9999 -9999 -9999 -9999 -9999 -9999
215.47 216.23 217.06 218.89 216.88 216.01 215.47 220.43 217.7 218.93 223.82 226.45 231.91 228.17 227.7 232.64 236.66 237.96 239.38 241.81 244.33 246.52 246.75 246.98 246.61 245.99 245.46 244.68 243.0753 241.9508 240.5 235.7759 -9999 -9999 -9999 -9999 -9999 -9999 -9999 -9999 -9999 -9999 -9999 -9999 -9999 -9999 -9999 -9999 -9999 -9999 -9999 -9999 -9999 -9999 -9999 -9999 -9999 -9999 -9999 -9999 -9999 -9999 -9999 -9999 -9999 -9999 -9999 -9999 -9999 -9999 -9999 -9999 -9999
220.89 222.85 225.1 222.58 223.82 226.3 225.89 222.55 221.78 223.86 226.54 229.71 232.13 236.95 237.91 239.26 241.12 244.25 245.61 247.76 251.06 252.98 252.78 252 251.29 250.13 247.63 249 246.51 245.45 243.08 237.11 235.3947 -9999 -9999 -9999 -9999 -9999 -9999 -9999 -9999 -9999 -9999 -9999 -9999 -9999 -9999 -9999 -9999 -9999 -9999 -9999 -9999 -9999 -9999 -9999 -9999 -9999 -9999 -9999 -9999 -9999 -9999 -9999 -9999 -9999 -9999 -9999 -9999 -9999 -9999 -9999 -9999
223.19 223.1 224.73 230.38 223.43 228.81 226.93 228.67 232.87 234.99 238.25 239.83 242.68 244.95 245.63 246.63 248.97 250.08 251.66 253.64 258.05 261.38 259.51 258.92 257.57 255.25 253.92 252.81 251.63 250.5 246.62 242.68 239.43 233.4839 234.0448 230.6026 232.0114 226.596 223.0597 -9999 -9999 -9999 -9999 -9999 -9999 -9999 -9999 -9999 -9999 241.44 233.24 225.4872 223.9636 -9999 -9999 -9999 -9999 -9999 -9999 -9999 -9999 -9999 -9999 -9999 -9999 -9999 -9999 -9999 -9999 -9999 -9999 -9999 -9999
234.48 234.03 237.01 235.47 227.73 228.74 230.76 235.44 237.97 240.94 245.13 245.68 247.18 248.75 250.44 251.48 252.59 254.32 257.23 259.58 261.93 263.6 261.78 260.89 260.91 260.77 258.21 255.78 253.99 253.8 251.57 250.13 248.53 243.37 239.88 230.69 233.15 237.88 226.97 230.1956 -9999 -9999 -9999 228.875 -9999 222.7593 -9999 -9999 -9999 235.1837 238.31 232.5 228.18 225.67 229.939 225.3492 225.3788 -9999 -9999 -9999 -9999 -9999 -9999 -9999 -9999 -9999 -9999 -9999 -9999 -9999 -9999 -9999 -9999
235.45 236.66 237.81 239.7 238.43 237.61 237.51 242.9 247.71 249.54 250.56 251.86 253.14 254.67 254.91 256.5 258.25 259.15 259.92 262.96 266.52 266.68 263.4 263.01 263.61 263.35 260.7 258.33 258.28 257.27 256.49 253.85 251.56 250.4 248.56 243.96 241.81 244.18 237.8 240.7 233.1 229.41 234.91 239.45 229.07 229.28 224.58 233.24 221.12 223.32 226.09 225.05 224.44 228.38 238.83 231.44 230.52 223.4742 -9999 -9999 -9999 -9999 -9999 -9999 -9999 -9999 -9999 -9999 -9999 -9999 -9999 -9999 -9999
245.72 245.07 245.58 245.34 242.66 241.93 243.22 244.33 247.38 250.36 253.07 255.97 258.24 259.51 259.44 260.77 261.52 262.66 263.17 265.42 268.69 269.46 267.85 268.05 267.31 266.32 264.67 261.83 260.03 257.35 257.64 257.19 254.14 253.36 250.91 251.13 251 246.24 242.45 245.37 243.5 245.57 251.63 247.41 233.37 234.7 241.87 232.93 229.44 233.67 231.68 228.42 223.53 224.52 237.25 242 235.31 227.29 -9999 -9999 -9999 -9999 -9999 -9999 -9999 -9999 -9999 -9999 -9999 -9999 -9999 -9999 -9999
251.39 251.66 250.85 250.34 250.47 250.15 251.95 252.53 253.4 256.43 258.62 260.92 263.57 263.7 263.62 265.11 265.11 265.86 267.92 268.03 270.31 270.48 271 270.15 269.43 267.23 265.17 262.99 261.54 258.78 257.15 258.2 256.62 255.65 253.97 253.69 253.31 249.96 247.53 246.28 252.15 252.97 258.26 251.77 246.73 247.02 246.24 239.7 243.73 248.13 239.73 228.64 230.29 230.43 241.53 237.62 231.7 230.6 -9999 -9999 222.9365 223.0421 224.9663 231.2778 233.4706 -9999 -9999 -9999 -9999 -9999 -9999 -9999 -9999
259.26 258.71 257.92 259.83 260.63 259.93 260.4 259.32 261.72 265.49 266.24 267.7 269.28 270.42 269.93 269.4 268.32 269.13 270.78 270.09 271.02 271.85 271.98 271.84 271.33 270.52 268.07 266.14 263.74 261.27 259.76 259.78 259.04 255.83 254.93 253.95 252.51 252.35 250.95 249.9 250.34 255.83 261.23 262.52 260.74 256.52 252.49 247.33 243.75 249.72 248.28 245.31 247.11 243.13 245.61 232.93 236.57 243.47 244.6 237.76 234.88 235.08 235.23 233.73 228.2877 -9999 221.4125 221.07 223.01 225.3294 -9999 -9999 -9999
264.11 264.83 264.71 265.74 265.58 267.05 267.46 266.85 269.77 271.27 272.33 273.64 274.18 275.15 275.25 275.48 273.67 272.36 272.44 272.85 273.04 274.29 274.28 273.97 273.56 272.83 271.56 269.62 267.39 265.69 263.54 263.75 262.36 259.58 256.04 253.3 252.67 251.7 248.22 250.74 252.55 256.6 263.18 266.53 260.69 264.07 256.62 261.24 253.52 259 253.2 246.54 255.36 254.53 240.03 236.3 240.51 248.88 240.67 232.6 229.02 227.85 230.21 228.97 227.28 227.39 229.43 226.79 226.68 231.53 234.39 234.26 233.24
268.6 268.76 269.03 269.16 269.66 270.21 272.01 272.95 274.69 276.15 277.06 278.28 277.94 279.11 279.27 279.19 278.46 277.99 275.65 274.63 275 275.8 275.25 274.97 275.35 274.99 273.92 272.96 271.35 269.09 267.06 266.92 266.31 264.58 262.73 260.29 258.86 257.94 258.92 260.08 259.19 261.52 262.64 268.85 266.2 271.54 268.62 263.92 260.88 265.76 256.74 261.47 264.19 250.82 239.34 243.46 249.51 246.07 236.18 231.83 230.11 230.74 231.59 236.02 231.72 232.1 233.64 234.36 231.49 231.95 235.92 235.56 235.96
270.93 271.67 272.35 273.28 273.8 274.7 275.86 275.91 277.92 279.72 279.33 278.36 280.7 281.87 282.33 282.33 282.12 281.42 279.83 277.95 277.83 276.96 276.8 277.41 277.2 276.53 275.79 274.93 274.11 272.95 271.53 270.78 269.78 267.41 265.35 264.67 263.59 260.92 263.03 265.46 266.29 269.32 270.52 275.05 271.64 272.9 267.15 267.18 265.18 269.54 261.53 270.22 266.75 262 249.46 245.97 250.47 244.11 239 235.89 238.57 235.34 230.61 238.12 236.02 235.08 233.69 234.31 229.65 228.33 233.3 232.04 233.02
273.32 274.18 275.32 275.52 275.81 276.22 275.68 277.17 277.59 278.29 279.28 282.26 284.69 283.62 284.75 284.49 284.37 283.35 282.33 281.19 279.51 278.26 277.96 278.43 278.43 277.85 277.48 277.01 275.29 273.76 273.43 273.51 271.7 270.8 268.52 268.35 267.56 265.18 266.67 269.86 271.31 274.56 277.78 280.42 271.38 269.49 268.94 273.99 270.55 263.06 259.83 268.17 254.68 255.31 254.95 256.07 255.75 251.04 247.29 244.34 241.2 239.15 238.91 239.15 236.71 235.42 233.59 233.35 233.49 230.11 227.64 230.69 231.98
277 276.86 277.92 279.16 280.42 281.29 280.22 282.75 281.53 284.89 285.96 288.51 286.54 285.64 287 287 286.49 285.43 284.27 283.48 282.01 281.23 279.77 278.81 278.94 279.03 279.01 278.89 276.94 273.64 274.93 276.14 274.34 271.7 270.97 271.69 271.44 270.22 270.97 273.93 274.89 278.38 281.49 283.8 282.77 280.12 275.58 275.88 277.42 268.85 271.45 271.16 260.85 266.05 263.49 258.96 254.75 250.4 245.77 244.58 242.98 240.85 238.83 237.57 235.56 234.61 232.46 231.81 231.74 230.19 228.87 228.6 230.79
278.88 279.83 280.55 281.7 282.81 284.45 285.81 287.48 289.5 291.3 292.52 294.22 293.84 291.44 289.34 289.08 288.55 286.95 285.96 284.64 283.72 282.44 281.88 280.68 280.31 279.72 280.08 279.36 277.99 277.69 278.33 278.8 276.88 273.91 270.81 272.91 273.69 274.76 275.46 276.91 276.6 280.69 284.82 286.86 288.38 288.89 288.67 288.74 284.21 280.05 278.79 277.77 272.72 269.07 263.25 259.03 254.47 249.62 245.62 242.38 241 239.28 237.12 235.5 234.18 232.73 229.8 229.74 229.13 227.52 225.75 226.31 228.21
280.21 281.01 282.37 283.74 284.97 286.55 288.28 290 291.87 293.5 296.4 297.41 296.36 294.57 292.77 290.84 289.24 287.72 280.86 280.99 284.14 283.12 282.63 282.26 281.53 281.13 281.06 281.04 281.45 280.95 281.85 281.69 278.97 276.22 272.05 272.34 274.66 276.28 277.75 278.95 280.75 283.64 286.98 288.27 292.08 295.02 297.4 296.04 296.47 293.13 288.7 282.49 275.49 268.89 262.79 257.19 252.45 248.22 244.75 241.17 238.64 236.6 234.68 232.92 231.78 230.33 228.75 227.89 226.3 223.44 223.32 226.61 226.82
281.45 282.48 283.47 285.01 286.36 288.17 289.91 291.77 293.6 295.67 297.58 298.25 297.41 296.03 294.51 292.66 290.56 287.44 285.12 281.39 282.1 282.79 281.87 282.26 281.99 281.55 281.3 281.66 283.25 284.53 284.38 283.39 280.29 277.47 274.33 272.36 272.68 275.32 278.57 280.66 282.7 284.94 287.95 290.36 293.7 296.92 298.53 298.21 302.57 297.97 290.72 282.69 274.96 267.69 260.98 255.05 249.92 245.68 241.8 239.26 236.87 234.33 231.79 230.19 229.67 228.17 227.13 226.25 225.33 224.59 224.81 224.63 224.28
282.68 283.46 284.41 286.08 287.17 288.92 290.83 292.59 294.31 296.13 297.87 298.1 297.37 296.49 295.16 293.41 291.26 289.16 287.15 285.5 284.19 283.26 282 281.43 282.2 281.72 281.54 281.1 282.94 285.35 285.67 284.35 282.46 280.25 279.06 277.48 275.09 274.39 277.04 278.78 279.47 283.69 287.51 290.49 293.67 296.71 299.84 302.96 304.81 298.71 289.73 280.78 272.22 264.8 257.8 251.8 247.03 243.14 239.64 236.57 233.53 231.82 229.97 227.55 227.22 225.98 224.41 223.24 222.51 222.48 222.33 221.9596 221.9605
284.07 284.48 285.39 286.34 287.82 289.59 291.21 292.63 294.42 296.1 297.23 297.56 297.27 296.45 295.31 293.55 291.51 289.81 288.25 286.3 283.9 283.34 282.46 281.82 282.05 281.54 281.1 279.05 281.08 281.27 281.57 282.69 282.12 280.9 279.79 278.84 278.57 278.16 278.03 280.01 281.75 283.65 286.09 288.28 291.51 294.84 297.07 299.11 299.47 293.83 285.47 276.81 268.18 260.32 253.58 248.18 244.04 240.44 237.58 233.57 230.12 228.43 226.56 224.19 223.54 222.73 220.95 219.36 219.77 219.7234 -9999 -9999 -9999
285.12 285.57 286.64 287.68 289.04 290.12 291.74 293.2 294.45 295.63 296.51 296.96 297.14 296.38 294.71 293.28 291.78 290.04 288.15 286.05 284.3 282.27 282.02 281.28 281.27 281.08 280.06 279.67 278.93 276.55 277.43 278.78 280.02 279.94 279.36 278.93 278.41 278 278.51 279.49 281.39 283.2 284.94 286.69 288.19 290.86 292.76 293.41 291.06 284.19 276.07 268.73 262.31 255.44 249.77 244.7 241.25 237.67 235.26 231.88 228.08 223.98 222.09 221.04 219.89 219.44 218.75 216.383 -9999 -9999 -9999 -9999 -9999
285.56 286.39 287.55 288.74 290.12 291.55 292.77 293.53 295.13 295.87 296.68 296.81 296.57 295.78 294.02 292.9 291.56 289.7 287.99 285.63 283.99 282.82 280.34 278.42 276.59 277.72 278.12 276.32 276.18 273.46 275.92 278.27 278.69 278.63 278.01 278.01 277.58 277.36 277.62 278.1 279.49 281.28 282.84 284.08 285.36 286.51 286.65 284.8 279.99 273.54 267.29 261.39 255.25 250.98 245.4 240.02 235.67 232.06 231.67 227.41 222.06 219.96 219.58 220.55 218.13 216.07 214.8723 -9999 -9999 -9999 -9999 -9999 -9999
285.62 286.83 288.14 289.04 290.43 291.71 292.96 294.27 295.02 295.9 296.58 296.44 296.2 294.97 293.82 292.57 290.84 289.12 287.31 285.36 283.59 281.99 279.64 277.02 274.67 273.72 273.99 272.75 271.97 271.46 273.2 275.24 276.17 276.53 276.22 276.21 276.19 276.3 276.6 277.63 278.26 278.99 280.15 280.67 281.26 281.32 280.42 279.78 276.76 270.15 260.87 255.05 250.23 246.07 242.35 231.64 227.15 224.81 223.23 219.16 217.04 216.75 215.57 217.0408 215.4568 213.6029 -9999 -9999 -9999 -9999 -9999 -9999 -9999
285.28 287 288.38 289.18 290.61 291.62 293.05 293.91 294.77 295.99 296.61 296.65 296.04 295.16 294.11 292.94 291.49 289.52 287.56 285.18 282.92 280.43 278.34 275.91 273.35 271.46 270.21 269.53 269.23 269.77 271 271.89 272.74 273.98 274.12 274.13 274.29 274.31 274.48 275.13 275.74 276.34 276.82 277.35 277.45 277.12 274.89 273.03 270.08 265.57 260.04 254.39 248.23 241.39 233.09 222.02 218.61 216.84 216.0918 214.0253 213.9848 -9999 -9999 -9999 -9999 -9999 -9999 -9999 -9999 -9999 -9999 -9999 -9999
286.49 287.26 288.65 289.93 290.61 291.98 292.86 293.77 294.67 295.92 296.64 296.65 296.54 296.14 294.9 293.56 292.12 289.73 287.54 285.25 282.81 279.87 277.01 274.72 271.94 269.69 268.55 267.16 266.83 267.12 267.96 267.62 267.08 269.56 271.42 271.31 271.16 271.56 271.92 271.86 272.66 273.02 273.3 273.56 273.01 271.4 269.13 268.11 263.84 259.32 254.99 249.9 241.14 231.89 223.42 216.1605 -9999 -9999 -9999 -9999 -9999 -9999 -9999 -9999 -9999 -9999 -9999 -9999 -9999 -9999 -9999 -9999 -9999
286.98 287.4 288.7 290.22 290 291.07 292.4 293.48 295.24 296.37 296.89 296.82 296.99 296.32 295.12 293.89 292.59 290.48 288.06 285.27 282.68 279.62 276.58 274.01 270.48 268.21 267.35 266.78 265.42 265.12 265.71 265.72 266.16 266.92 267.63 267.38 268.21 268.39 269.11 269.32 269.05 268.68 269.01 268.93 267.95 267.26 265.47 263.18 258.35 255.12 250.91 244.41 235.9155 -9999 -9999 -9999 -9999 -9999 -9999 -9999 -9999 -9999 -9999 -9999 -9999 -9999 -9999 -9999 -9999 -9999 -9999 -9999 -9999
