layers/wordclim/current/bio_01.asc
ncols         166
nrows         93
xllcorner     -9.4959440078468
yllcorner     36.000324005443
cellsize      0.083333337679505
NODATA_value  -9999
[rows 33 to 65 of 93, columns 0 to 72 of 166]
-9999 -9999 -9999 -9999 -9999 -9999 -9999 -9999 -9999 -9999 145.8605 141.38 139.3 138.05 138.24 137.06 130.6 116.51 108.65 112.84 113.44 112.86 121.12 129.82 121.56 116.51 125.56 137.42 141.83 134.67 133.91 136.84 129.16 126.87 125.26 124.75 122.84 120.25 119.99 120.08 118.39 117.96 119.97 120.25 119.87 119.95 120.36 120.48 120.21 118.48 118.08 117.72 117.53 117.38 117.62 117.01 117.81 118.75 117.05 115.79 114.63 115.88 117 116.68 111.65 105.22 82.37 72.57 91.32 104.48 109.81 111.81 105.75
-9999 -9999 -9999 -9999 -9999 -9999 -9999 -9999 -9999 -9999 147.2347 143.53 139.86 133.55 119.97 120.61 123.8 133.03 131.38 128 121.31 118.46 118.66 123.29 120.55 118.11 126.14 136.91 138.08 131.14 127 129.8 131.35 125.81 123.73 123.14 123.6 122.94 123.07 122.44 121.09 120.26 120.35 119.31 118.39 118.28 117.63 118.03 119.72 118.98 117.03 116.4 114.46 114.54 115.61 116.45 117.79 117.67 116.01 113.11 111.62 113.25 113.95 112.9 106.19 97.54 70.83 95.29 86.81 94.32 109.55 117.66 122.38
-9999 -9999 -9999 -9999 -9999 -9999 -9999 -9999 -9999 -9999 148.5169 147.04 142.83 128.32 133.99 128.96 130.77 140.99 138.17 132.42 128.35 126.81 126.91 124.89 124.58 120.19 128.37 134.52 132.83 134.95 128.96 125.78 127.92 128.23 124.57 122.5 122.47 123.95 122.92 122.47 121.5 119.27 118.48 116.42 114.99 113.42 114.06 119.28 118.15 117.97 117.57 115.3 112.5 110.29 110.85 114.13 112.41 114.6 112.32 109.97 107.36 107.71 107.81 100.32 79.9 78.3 68.85 79.56 103.7 117.4 121.4 127.68 125.63
-9999 -9999 -9999 -9999 -9999 -9999 -9999 -9999 -9999 147.4865 149.3261 148.56 147.15 144.44 135.02 137.72 134.65 139.56 135.26 133.77 136.58 136.45 135.58 132.1 131.2 132.85 133.55 131.66 127.99 128.33 128.73 124.5 126.13 126.75 127.36 122.27 122.22 124.37 122.92 120.93 119.74 119.17 115.9 112.85 111.81 116.02 119.59 118.86 117.12 115.49 113.57 110.21 104.1 104.04 102.02 101.09 101.76 106.69 105.2 103.98 95.6 96.93 92.86 91.57 97.11 108.05 110.04 117.11 119.85 116.96 127.16 132.87 128.33
-9999 -9999 -9999 -9999 -9999 -9999 -9999 -9999 -9999 148.3378 148.9175 150.49 151.15 146.59 139.36 128.27 124.71 139.6 142.04 142.24 141.24 137.94 134.46 137.16 140.23 136.89 133.26 119.88 122.28 125.3 124.17 124.11 124.65 128.2 130.44 129.48 126.03 122 119.97 117.43 114.87 112.41 114.35 116.95 117.09 117.53 117.73 116.63 113.52 108.71 103.8 100.99 94.21 93.81 96.18 100.22 105.7 106.68 102.68 98.09 93.99 90.77 93.17 88.69 108.59 121.35 116.19 118.72 129.24 131.66 135.16 136.31 130.49
-9999 -9999 -9999 -9999 -9999 -9999 -9999 -9999 -9999 149.34 149.7 152.04 153.26 150.94 139.04 125.72 145.69 146.97 147.7 144.36 144.6 143.34 143.6 137.72 118.26 112.71 118.88 118.81 121.02 123.26 125.25 122.03 125.37 129.35 129.57 130.06 127.98 117.76 111.44 102.29 111.28 113.79 120.1 121.6 117.02 115.25 117.43 113.74 108.42 106.95 105.67 96.9 85.89 96.77 101.83 100.26 95.63 95.14 99.24 108.82 105.17 112.19 111.95 108.22 120.82 125.23 130.66 133.12 136.32 133.57 136.26 136.99 133.96
-9999 -9999 -9999 -9999 -9999 -9999 -9999 -9999 150.5645 150.36 151.2 152.14 154.67 150.23 144.79 147 149.62 151.25 149.65 148.75 144.99 141.33 122.05 99.37 107.72 116.53 125.52 119.21 123.07 125.99 124.55 121.6 127.37 128.08 124.07 124.57 124.78 119.71 117.94 118.28 119.34 134.05 132.89 125.29 123.83 114.28 112.95 114.96 113.63 107.35 93.39 81.16 79.74 83.07 80.61 88.1 102.52 111.02 118.75 119.34 124.7 129.75 125.09 125.52 131.66 135.78 138.19 134.21 137.53 136.28 136.7 140.57 139.54
-9999 -9999 -9999 -9999 -9999 -9999 -9999 -9999 151.5055 151.91 152.42 152.9 155.52 149.67 150.76 155.33 154.3 152.75 149.97 144.9 141.43 121.21 83.01 98.56 126.35 138.19 138.39 127.6 123.23 124.43 120.78 120.84 121.66 122.5 123.15 122.47 113.43 119.5 122.29 136.14 141.55 138.57 128.92 125.22 112.08 89.13 94.78 111.88 106.73 89.51 83.67 83.14 82.75 92.97 94.4 102.79 108.34 104.19 100.41 107.51 130.15 134.09 135.42 138.29 142.72 139.71 139.58 136.72 136.96 141.23 139.55 140.41 140.13
-9999 -9999 -9999 -9999 -9999 -9999 -9999 -9999 151.96 152.36 152.85 155.18 157.35 151.48 152.32 156.69 154.13 152.25 149.7 142.1 136.26 125.32 97.49 103.09 139.66 144.35 139.96 136.23 128.62 120.38 117.52 112.69 118.03 121.18 117.32 125.3 129.52 136.7 139.72 143.35 147.77 140.41 134.95 126.97 92.9 77.61 97.19 101.95 92.06 81.64 70.09 76.06 85.55 104.94 99.25 101.3 123.31 136.73 131.77 127.58 129.1 133.51 141.46 146.17 142.71 139.88 141.39 138.94 138.4 141.59 142.75 143.51 139.21
-9999 -9999 -9999 -9999 -9999 -9999 -9999 150.3151 152.41 155.6 156.99 158.85 159.47 154.96 155.11 153.49 153.32 148.34 136 123.25 118.23 134.88 140.57 143.26 144.76 142.95 144.7 142.79 138.18 133.72 140.73 142.48 124.75 137.19 143.05 146.27 147.9 142.76 148.51 150.75 151.64 151.28 131.61 104.85 119.66 102.91 77.02 78.91 82.96 113.82 100.41 107.97 129.46 140.93 134.86 147.74 143.93 139.6 134.24 131.48 140.8 147.35 147.74 144.02 140.64 140.87 143.31 139.42 141.04 141.35 142.76 143.21 140.77
-9999 -9999 -9999 -9999 -9999 -9999 -9999 -9999 155.6023 156.45 157.99 159.45 156 155.49 156.95 145.61 137.44 133.03 132.57 127.04 132.02 142.35 139.85 138.26 141.05 145.39 151.03 149.71 147.34 149.31 151.78 149.87 147.04 151 155.59 154.06 150.39 148.65 152.59 153.16 152.59 146.38 130.5 129.95 115.87 130.24 132.9 135.35 142.47 153.87 153.84 153.41 150.85 147.48 145.98 143.87 134.17 129.67 143.72 148.2 149.83 148.05 145.02 142.49 142.37 144.53 142.59 142.79 143.84 140.82 145.3 144.24 139
-9999 -9999 -9999 -9999 -9999 -9999 -9999 154.6267 154.42 156.79 158.88 153.38 151.12 153.03 136.72 127.3 134.59 140.54 140.06 143.12 146.79 135.87 142.95 137.35 149.67 154.05 153.24 153.48 149.94 147.14 148.16 155.03 156.84 159.83 159 156.21 155.85 157.04 159.23 158.99 154.79 149.92 146.51 144.07 144.1 153.31 155.69 158.96 158.65 157.97 157.18 154.97 153.35 152.29 150.19 145.78 147.43 151.14 151.59 150.74 149.7 148.08 145.81 145.04 146.38 147.79 145.35 147.78 144.94 145.99 147.52 144.91 143.24
-9999 -9999 -9999 -9999 -9999 -9999 -9999 154.58 153.97 156.12 157.15 148.87 151.57 150.33 140.81 143.56 148.25 145.95 139.31 138.73 138.21 143.76 155.5 153.8 153.94 156.92 156.82 157.76 155.91 155.13 156.83 158.26 155.09 158.9 159.4 159.65 160.08 161.06 160.72 156.1 152.21 153.61 157.96 160.52 160.77 161.09 160.27 159.95 159.72 158.73 157.55 156.57 155.5 153.47 151.42 153.11 152.82 152.55 152.1 149.2 146.26 146.08 147.35 149.1 149.72 148.13 148.58 150.34 149.4 146.95 142.08 138.04 135.63
-9999 -9999 -9999 -9999 -9999 -9999 155.2698 156.65 154.11 153.91 155.64 151.75 153.74 150.29 150.68 152.44 147.93 141.64 137.82 131.85 145.56 155.59 159.23 157.52 156.61 158.8 163.99 163.11 161.93 158.26 158.96 159.67 160.14 158.75 160.01 159.34 158.22 158.02 154.52 150.3 153.71 157.07 161.25 162.5 161.77 161.25 160.32 157.04 158.95 158.5 156.24 153.25 155.11 153.96 155.08 152.8 147.91 149.42 151.08 152.74 151.69 150.48 150.29 151.51 149.39 148.43 149.41 149.28 147.76 146.14 142.07 138.67 137.05
-9999 -9999 -9999 -9999 -9999 -9999 154.1837 156.21 155.44 152.81 150.46 152.45 156.38 152.42 154.73 154.74 154.29 150.84 143.82 142.87 154.24 158.87 159.03 158.26 162.09 166.11 164.88 164.49 161.06 161.73 161.09 160.41 160.81 161.91 161.84 159.37 157.77 155.33 157.35 159.31 159.24 160.46 158.6 158.82 158.21 160.91 157.42 154.79 157.89 156.12 155.1 154.14 156.83 153.31 153.08 150.97 146.39 146.49 147.54 146.53 147.04 151.04 147.5 143.32 142.62 140.76 139.88 141.79 143.25 143.28 143.74 142.61 139.9
-9999 -9999 -9999 -9999 -9999 152.6786 152.29 153.66 155.33 151.75 151.94 156.44 159.35 157.11 153.41 157.24 153.75 153.95 152.65 156.64 161.49 160.67 163.22 164.91 164.2 162.46 162.84 164.05 161.71 162.23 164.03 163.18 159.66 158.59 159.15 161.75 164.29 161.8 159.51 157.41 157.42 158.22 155.98 154.34 150.38 148.06 148.64 150.42 148.47 146.41 147.99 150.62 148.99 148.05 140.98 142.36 141.28 140.98 139.06 141.02 140.63 143.03 140.34 137.02 139.62 136.87 137.26 138.03 138.87 139.41 140.74 140.68 140.9
-9999 -9999 -9999 -9999 -9999 153.3781 154.9 152.69 150.16 143.78 151.59 156.36 160 161.71 157.99 159.31 156.08 153.59 154.81 160.38 163.76 165.28 166.59 164.42 163.28 163.76 164.84 161.88 163.83 163.91 162.13 160.77 158.93 157.57 156.3 159.06 161.06 161.93 161.29 160.25 159.51 159.81 157.79 156.28 153.84 151.1 147.68 143.82 142.44 134.83 140.58 139.31 145.01 146.1 133.35 133.52 130.83 131.78 130.66 132.35 132.41 138.19 137.83 134.04 132.97 134.53 134.21 135.43 137.8 137.99 140.2 139.81 139.89
-9999 -9999 -9999 -9999 -9999 153.9091 154 144.54 141.78 144.86 148.26 160.82 163.18 164.01 161.15 160.25 160.62 160.57 161.64 162.18 164.95 162.78 163.4 162.01 163.7 162.49 161.89 159.03 159.31 162.39 164.62 162.73 160.95 160.71 159.43 158.92 159.06 162.47 161.05 161.4 161.95 159.93 158.13 155.42 153.22 149.99 149.2 147.21 133.01 131.66 128.94 139.39 138.97 144.18 141.9 134.9 132.68 131.99 121.97 132.85 123.47 126.57 127.79 129.07 128.66 129.56 132.12 137.46 138.77 139.3 139.88 140.46 140.28
-9999 -9999 -9999 153.3095 155.26 153.6 149.8 146.22 149.69 156.83 160.79 163.99 165.64 164.74 165.81 167.04 166.96 167.37 163.99 163.17 161.63 161.93 161.55 160.47 158.13 159.43 159.82 159.46 156.92 158.49 162.02 163.06 163.16 163.48 162.42 161.35 159.96 158.03 159.06 159.02 160.64 159.7 157.87 154.15 151.37 140.64 144.75 144.86 134.6 127.85 142.11 146.95 148.31 146.46 150.52 148.25 147.57 143.63 138.23 139.88 135.32 136.77 138.32 139.21 128.16 122.12 126.45 132.49 136.39 136.48 139.52 141.04 141.2
-9999 -9999 151.8594 154.1861 154.21 153.97 152.28 157.56 159.1 160.12 164.08 166.34 165.7 161.84 162.87 163.66 164.94 162.81 162.38 163.21 163.63 162.68 161.45 159.78 153.37 148.82 151.46 153.86 156.26 157.41 157.61 158.13 161.2 158.45 159.65 161.85 161.7 160.32 159.42 158.34 158.7 157.17 155.22 154.55 153.32 145.14 141.78 143.61 146.38 147.22 149.11 154.57 151.74 154.39 154.11 153.99 150.85 147.21 143.27 137.28 134.13 132.25 139.47 136.09 132.72 132.53 128.73 132.35 135.68 133.97 131.89 138.29 142.16
-9999 -9999 150.84 152.37 153.98 155 156.82 160.4 161.24 163.06 166.1 166.82 164.05 163.36 162.78 162.73 163.52 164.72 165.15 164.88 166.18 164.96 164.35 162.6 158.03 147.06 147.76 156.84 161.84 160.69 160.62 162.78 163.35 160.41 161.62 160.42 158.89 161.22 159.15 156.42 156.68 156.57 155.07 157.47 160.3 157.35 159.85 158.18 157.78 152.43 153.38 158.05 157.23 157.25 148.86 151.46 150.89 146.54 146.7 144.23 143.27 146.3 146.43 141.87 134.38 134.95 137.35 136.14 132.43 133.6 129.67 139.21 143.48
-9999 -9999 152.71 153.67 154.55 149.79 158.73 160.68 162.61 165.67 167.07 165.14 164.87 164.79 164.46 163.86 165.1 166.93 165.16 165.55 167.23 166.08 163.33 163.11 162.77 160.37 158.23 159.66 163.23 163.9 161.41 164.66 163.94 162.52 161.61 159.76 159.01 159.11 158.41 157.7 152.2 155.91 162.48 162.36 163.46 162.57 163.18 161.23 162.26 160.49 157.18 157.1 158.23 156.87 152.08 146.27 148.47 148.86 149.66 145.53 139.71 143.66 148.34 146.91 139.02 138.21 140.92 143.59 143.21 139.43 142.68 146.01 145.74
-9999 153.625 154.35 154.03 152.02 156.61 161.58 162.4 165.68 167.5368 166.75 166.1 165.21 164.77 164.89 165.16 167.38 166.17 165.81 167.35 167.37 166.56 165.5 163.18 163.27 163.19 164.31 163.54 165.14 166.82 165.06 166.22 164.21 163.81 162.7 162.26 163.35 162.77 160.23 160.88 161.87 165.92 165.8 166.19 166.66 165.28 165.06 164.78 164.13 162.68 159.69 159.4 155.54 153.29 152.76 149.29 144.52 149.02 149.41 143.34 140.26 142.21 143.97 146.02 142.23 140.62 144.37 146.32 146.78 146.95 146.73 146.37 145.96
-9999 152.88 154.06 153.04 152.48 156.79 164.7128 166.5111 167.8965 167.7 166.54 166.56 165.86 166.71 167.44 167.15 167.4 166.74 166.54 166.48 167.15 166.74 166.2 166.22 165.23 164.35 165.29 166.73 165.6 166.34 168.26 167.3 167 166.62 165.75 165.95 166.04 166.1 164.39 162.56 164.2 167.62 167.69 167.76 167.55 166.57 165.71 161.47 159.94 163.16 160.88 158.53 159.13 156.07 154.06 151.04 147.43 146.07 148.49 149.59 149.28 141.95 143.42 148.36 143.84 146.79 147.06 146.87 147.17 147.38 147.06 146.92 146.47
-9999 150.7755 149.17 150.65 150.73 158.4021 166.6962 168.24 168.58 168.39 168.24 168.75 169.54 168.89 168.1 168.17 168.15 168.43 167.76 164.94 164.6 163.82 164.05 164.27 163.98 163.09 161.43 162.66 167.15 168.29 168.62 167.73 167.49 167.57 167.25 167.3 167.41 167.42 165.9 165.48 168.55 168.78 168.36 167.35 166.33 165.79 165.11 164.39 163.13 160.62 160.04 161.7 157.35 149.02 152.45 150.14 150.25 150.93 151 146.54 149.68 148.89 146.79 148.64 145.88 147.83 146.73 146.92 147.62 147.5 147.09 147.01 146.86
-9999 149.58 148.81 152.43 160.52 164.7667 169.0988 169.41 169.2 168.65 167.83 167.84 167.88 166.98 168.21 167.39 166.63 166.31 165.95 164.72 164.5 163.36 159.6 159.22 160.89 162.36 159.08 161.64 167.68 169.45 168.3 166.75 166.49 167.59 167.65 167.8 167.43 166.4 167.07 168.08 167.55 166.65 166.67 164.27 163.75 163 162.06 164.35 162.48 161.05 159.62 160.33 160.91 155.49 157.78 154.99 152.16 150.19 146 145.06 149.21 149.79 145.32 146.67 148.98 148.38 148.42 148.19 146.38 146.26 145.92 142.39 144.12
148.321 148.29 150.54 157.02 165.6489 -9999 -9999 169.91 169.27 168.94 168.92 167.93 167.34 166.18 165.82 164.98 163.17 162.68 163.03 162.11 162.33 161.71 161.56 157.96 157.11 163.1 165.39 167.32 169.17 168.11 166.37 165.09 165.26 165.38 165.79 165.54 164.22 163.93 166.23 164.35 163.22 161.85 161.48 162.08 157.41 161.46 160.82 163.09 160.54 158.98 156.65 156.12 156.71 162.07 156.57 155.67 155.55 156.15 149.91 149.27 146.36 147.94 148.44 146.92 146.02 145.8 142.18 144.76 147.58 147.59 147.7 146.16 145.79
154.92 155.5352 158.3513 162.3896 166.9556 170.75 170.3933 170.85 170.01 169.04 167.93 167.72 167.21 166.68 164.56 162.04 159.8 159.01 159.82 160.15 160.28 161.5 158.72 159.69 162.51 162.5 168.3 168.87 166.66 166.26 164.8 164.1 164.2 164.35 164.25 164.74 163.67 162.61 164.22 165.85 163.07 159.61 158.04 160.1 159.92 159.37 160.29 158.19 157.09 153.59 154.75 155.91 159.46 161.05 159.83 160.9 160.04 156.91 154.91 153.1 148.57 144.78 145.75 146.97 147.3 144.49 140.52 142.68 149.31 148.16 146.04 147.05 146.34
-9999 -9999 -9999 164.9595 167.974 169.75 169.78 170.11 170.46 170.11 169.22 168.56 167.3 164.22 161.59 160.59 158.51 157.56 158.04 161.16 162.08 163.42 163.75 162.78 164.62 167.27 167.74 168.13 165.25 162.61 160.6 160.66 162.08 161.98 162 162.68 161.82 161.01 161.58 163.51 160.81 159.03 156.61 155.96 159.35 155.88 156.14 152.99 155.06 157.66 159.52 160.28 160.64 159.87 154.76 159.61 156.89 152.38 152.81 150.82 149.2 146.31 145.41 146.38 145.3 145.5 148.21 149.62 144.49 149.47 145.66 146.21 145.91
-9999 -9999 -9999 -9999 166.66 167.31 166.3232 169.6118 171.5165 171.1209 168.96 169.38 168.27 164.3 163 161.75 158.93 159.71 161.42 161.6 163.07 164.41 164.23 163.11 163.58 166.57 168.73 166.81 164.93 161.12 159.28 156.69 153.4 155.82 153.75 159.77 159.89 157.82 158.55 160.46 162.47 155.35 155.61 156.35 158.44 153.07 150.47 153.74 155.14 158.9 158.19 157.39 156.68 157.93 157.45 158.5 158.91 158.12 153.42 144.61 140.75 144.65 146.53 147.52 152.74 151.23 148.49 149.93 150.81 147.49 146.76 145.48 143.67
-9999 -9999 -9999 -9999 163.0741 162.5286 -9999 171.1765 -9999 171.3462 170.71 169.8 169 168.66 165.87 164.45 164.54 163.75 162.98 162.56 164.07 165.42 164.29 164.56 165.45 167.85 168.82 166.92 165.1 162.71 159.38 155.68 149.79 148.88 149.34 153.64 158.32 154.38 155.3 157.2 160.4 159.6 157.17 154.62 155.6 153.4 153.89 155.77 154.84 154.3 156.41 155.19 154.67 156.91 155.11 154.31 154.41 154.75 155.66 154.64 149.77 139.84 140.66 141.53 143.3 152.19 156.43 148.33 142.09 137.45 136.1 144.61 144.75
-9999 -9999 -9999 -9999 -9999 -9999 -9999 -9999 171.4107 170.551 170.3579 171.17 170.36 168.42 168.64 164.42 164.16 164.29 162.77 160.17 162.27 163.6 165.43 165.99 167.78 169.31 167.89 166.9 165.54 161.97 160.48 155.43 152.46 160 157.62 156.79 154.5 154.22 153.75 153.31 155.91 157.06 154.35 156.3 155.06 154.8 155.37 154.42 153.43 154.22 153.71 151.74 152.41 153.4 153.13 152.01 151.62 152.47 151.46 151.33 153.42 152.4 154.12 149.21 148.22 148.33 159.62 151.16 150.98 148.87 143.67 146.93 147.2
-9999 -9999 -9999 -9999 -9999 -9999 -9999 -9999 -9999 169.53 168.35 168.52 169.88 169.9 170.37 167.91 166.05 163.92 162.67 163.33 161.61 159.4 163.04 166.57 168.04 169.22 168.26 167.73 165.75 164.51 161.57 159.07 161.26 162.03 160.43 160.02 157.37 155.07 153.07 151.94 151.71 152.79 153.27 153.89 154.27 153.94 155.82 153.69 153.33 156.29 156 155.72 151.14 147.43 152.81 154.12 151.08 151.78 151.08 150.86 149.15 149.77 150.74 157.98 152.9 155.92 161.22 159.9 158.79 160.33 159.18 158.45 161.73
