layers/wordclim/current/bio_18.asc
ncols         166
nrows         93
xllcorner     -9.4959440078468
yllcorner     36.000324005443
cellsize      0.083333337679505
NODATA_value  -9999
[rows 0 to 34 of 93, columns 0 to 76 of 166]
-9999 -9999 -9999 -9999 -9999 -9999 -9999 -9999 -9999 -9999 -9999 -9999 -9999 -9999 -9999 -9999 -9999 152.9268 164.3194 149.9403 149.697 151.7045 147.8841 147.4394 -9999 -9999 -9999 -9999 -9999 -9999 -9999 -9999 -9999 -9999 -9999 -9999 -9999 -9999 -9999 -9999 -9999 -9999 -9999 -9999 -9999 -9999 -9999 -9999 -9999 -9999 -9999 -9999 -9999 -9999 -9999 -9999 -9999 -9999 -9999 -9999 -9999 -9999 -9999 -9999 -9999 -9999 -9999 -9999 -9999 -9999 -9999 -9999 -9999 -9999 -9999 -9999 -9999
-9999 -9999 -9999 -9999 -9999 -9999 -9999 -9999 -9999 -9999 -9999 -9999 -9999 -9999 -9999 -9999 149.2879 151.7579 156.09 150.04 157.63 158.65 149.1616 156.69 154.56 147.0206 -9999 -9999 -9999 -9999 -9999 -9999 -9999 -9999 -9999 -9999 -9999 -9999 -9999 -9999 -9999 -9999 -9999 160.0781 160.2885 -9999 -9999 -9999 -9999 -9999 -9999 -9999 -9999 -9999 -9999 -9999 -9999 -9999 -9999 -9999 -9999 -9999 -9999 -9999 -9999 -9999 -9999 -9999 -9999 -9999 -9999 -9999 -9999 -9999 -9999 -9999 -9999
-9999 -9999 -9999 -9999 -9999 -9999 -9999 -9999 -9999 -9999 -9999 -9999 -9999 -9999 147.4259 145.4211 148.1212 150.27 153.65 160.65 164.78 162.16 157.18 163.65 147.33 140.64 139.6316 140.0759 139.6197 135.4364 136.95 138.0714 141.1316 138.6364 145.6709 143.6818 146.4658 152.2361 156.5795 156.5567 156.9359 158.1667 157.6667 158.72 161.52 157.5714 158.0656 162.8333 163.8814 -9999 -9999 -9999 -9999 -9999 -9999 -9999 -9999 -9999 -9999 -9999 -9999 -9999 -9999 -9999 -9999 -9999 -9999 -9999 -9999 -9999 -9999 -9999 -9999 -9999 -9999 -9999 -9999
-9999 -9999 -9999 -9999 -9999 -9999 -9999 -9999 -9999 -9999 -9999 -9999 -9999 -9999 -9999 -9999 151.8889 160 162.16 157.64 161.78 167.62 170.01 169.34 157.51 144.93 138.97 144.67 136.82 136.8081 144.73 148.61 150.15 143.36 156.71 151.15 149 155.26 163.81 156.82 152.697 161.2 165.1 162.28 160.74 161.25 166.22 167.16 159.91 162.27 163.18 165.1667 160.4487 159.0508 161.1 -9999 -9999 -9999 -9999 -9999 -9999 -9999 -9999 -9999 -9999 -9999 -9999 206.5753 -9999 212.9682 217.0417 216.4942 218.3044 -9999 -9999 -9999 -9999
-9999 -9999 -9999 -9999 -9999 -9999 -9999 -9999 -9999 -9999 -9999 -9999 -9999 -9999 142.806 143.0625 150.7 158.36 159.21 161.6 157.33 157.6 156.73 160.96 155.95 152.35 146.85 139.86 140.31 150.28 159.13 152.9 146.25 150.48 155.77 147.66 155.8 162.08 155.32 151 152.62 151.16 153.41 160.74 158.99 159.9 161.7 161.32 160.52 159.72 159.33 155.06 155.61 162.25 164.03 166.49 171.85 168.0957 166.5062 165.5069 167.6753 170.6154 175.3611 181.6145 186.1633 188.83 195.08 199.94 204.2292 206.44 210.15 211.28 210.619 215.46 217.2472 216.2963 -9999
-9999 -9999 -9999 -9999 -9999 -9999 147.4815 145.6 147.9865 -9999 149.6351 149.5663 148.87 143.596 142.6 -9999 150.42 156.8 162.99 159 154.31 151.07 149.36 145.65 147.39 145.56 144.9 137.98 149.88 153.16 150.97 140.28 145.45 157.97 157.27 147.62 144.89 147.47 154 152.35 156.36 158.17 157.32 155.78 157.5 157.26 159.13 163.04 163.65 159.8 165.08 160.69 157.39 165.29 172 170.99 166.28 171.09 165.62 168.74 167.48 171.53 173.96 176.6 181.62 183.6 187.95 192.26 196.97 200.52 202.8 204.43 204.85 208.83 211.37 214.15 214.38
-9999 -9999 -9999 -9999 -9999 -9999 148.8904 148.74 149.53 149.21 153.62 163.98 160.76 155.36 147.98 148.21 155.71 157.65 159.37 155.24 152.6 146.49 144.4 140.73 139.49 140.62 143.94 139.97 143.96 146.56 140.58 135.6 149.01 157.44 145.96 141.9 144.49 157.07 154.96 158.77 160.4 153.78 168.91 158.51 151.88 156.87 158.59 156.97 158.77 159.92 171.18 164.58 162.25 174.81 202.52 188.88 196.06 191.68 165.8 172.33 169.17 167.98 169.36 174.26 175.24 176.61 181.03 184.29 187.52 193.29 201.06 197.49 197.33 199.44 202.22 203.52 204.79
-9999 -9999 -9999 -9999 141.5806 148.64 150 157.17 161.33 161.27 166.21 164.87 162 162.58 158.56 160.13 161.4 158.57 157.51 152.13 149.58 145.77 139.81 137.75 137.16 139.4 142.91 137.58 147.83 142.5 144.45 136.5 144.58 150.73 143.16 140.85 152.64 164.27 152.86 161.97 158.6 162.75 153.72 153.92 149.97 155.65 154.98 156.21 164.74 170.94 166.31 170.48 176.27 167.32 181.82 189.94 181.9 161.2 155.44 160.75 179.09 171.16 169.29 170.24 171.49 169.65 175.49 175.72 180.06 190.14 194.21 193.08 192.47 192.03 190.86 193.21 194.4
-9999 -9999 -9999 139.6804 144.44 154.36 156.12 159.92 162.19 164.8 163.77 163.58 158.99 159.04 158.17 156.67 156.57 157.14 159.72 153.64 146.3 143.59 138.17 136.12 137.35 137.26 141.36 141.65 134.76 135.22 128.11 129.6 142.54 151.37 139.51 153.54 152.54 175.51 177.77 172.46 185.32 172.05 180.5 153.67 146.72 171.26 174.54 168.47 176.5 180.43 167.79 176.13 167.48 163.94 175.24 174.59 189.23 186.9 175.23 165.93 171.59 188.54 178.89 167.06 166.47 166.52 168.9 170.11 173.94 175.54 175.58 177.51 179.68 182.13 183.72 187.09 189.44
-9999 -9999 -9999 136.8 148.6364 153.65 156.8 158.16 158.74 160.43 160.36 159.56 159.35 159.34 158.62 157.07 153.37 155.73 153.7 152.49 145.35 143.72 139.17 131.57 128.46 128.81 135.49 133.67 133.69 123.21 124.45 131.88 132.52 143.82 145.91 154.04 163.43 153.62 154.21 155.17 161.94 154.94 157.73 164.78 157.88 155.62 161.69 156.41 166.61 160.4 150.5 158.15 159.07 157.31 155 165 180.41 183.87 177.26 164.65 159.44 181.13 172.9 157.6 156.53 157.59 158.79 161.04 162.9 164.33 164.76 165.08 167.98 171.35 173.75 176.38 178.86
-9999 -9999 -9999 -9999 141.1897 154.03 154.46 152.69 156.84 152.58 150.02 158.42 162.05 155.56 154.06 151.78 146.24 145.38 145.16 144.51 144.02 137.69 131.55 126.5 122.86 124.14 126.7 130.97 122.9 117.82 128.19 142.5 155.9 154.6 140.95 143.72 141.58 149.35 164.23 156.79 163.62 164.21 151.45 141.05 157.06 144.88 142.92 141.56 150.14 141.24 140.54 149.59 145.01 151.71 147.11 158.18 159.44 159.5 158.78 148.4 145.33 146.74 147.97 147 148.55 148.7 152.28 150.28 152.94 153.39 157.49 158.02 157.86 161.2 165.16 168.27 167.53
-9999 -9999 -9999 -9999 137.525 141.5469 141.7879 142.1099 160.8 152.8 149.51 148.2 152.12 148.21 146.9 152.77 148.47 147.66 147.29 141.12 140.98 135.89 126.35 128.78 126.15 116.55 127.78 128.1 122.19 122.62 126.27 152.11 135.96 124.31 113.68 117.6 135.26 152.95 154.4 152.03 141.43 133.49 128.14 127.52 126.74 132.1 124.76 124.37 128.78 126.7 128.92 131.45 132.09 136.53 133.8 140.42 143.41 137.06 137.03 138.74 136.42 135.96 134.52 136.04 139.9 138.45 140.15 144.71 144 147.16 151.36 149.81 151.46 149.82 151.03 154.13 160.35
-9999 -9999 -9999 -9999 -9999 -9999 154.8478 146.98 151.18 144.93 149.67 153.55 150.87 158.28 154.24 152.04 152.13 147.43 147.63 146.65 135.28 126.11 130.44 129.23 121.67 120.42 126.17 137.05 137.03 128.18 119.03 127.02 110.31 100.65 102.63 102.26 113.6 118.44 118.19 121.99 128.36 127.47 121.29 116.51 115.19 117.7 113.23 113.2 116.99 114.7 120.79 119.28 122.37 123.08 126.4 130.05 130.45 129.28 127.43 129.12 124.81 126.12 126.08 130.49 132.43 132.89 133.45 135.27 135.57 139.12 144.25 142.75 138.36 144.51 145.65 151.3 150.61
-9999 -9999 -9999 -9999 -9999 135.7288 146.0426 -9999 -9999 149.28 149.26 156.31 159.66 161.92 162.77 151.27 148.1 148.55 146.89 144.83 131.03 122.78 122.37 115.85 105.34 110.93 121.18 118.52 123.38 130.7 114.18 103.94 94.35 87.26 85.79 89.77 91.88 95.87 104.06 114.08 110.47 107.05 107.8 105.49 105.88 106.44 102.35 103.4 105.26 106.96 110.22 110.14 115.36 113.6 119.16 121.39 121.17 121.09 118.46 119.62 117.38 115.49 116.72 120.92 122.27 124.89 125.94 128.03 129.5 132.41 132.99 130.98 129.04 130.87 133.28 135.76 138.73
-9999 -9999 -9999 -9999 -9999 -9999 -9999 134 139.2169 142.81 149.04 154.51 157.17 157.37 158.87 154.25 148.08 147.61 145.84 137.43 129.47 117.07 111.7 98.69 95.97 97.69 104.63 106.58 118.75 118.68 108.8 91.33 83.39 78.95 80.09 85.41 101.94 112.8 116.15 112.77 102.98 99.06 99.2 96.3 96.7 96.85 95.58 95.84 96.97 99.5 101.51 105.4 107.37 106.16 110.71 113.56 112.46 113.54 113.13 112.48 111.73 109.34 108.18 109.64 110.87 112.41 115.4 120.16 120.83 122.27 120.92 122.17 126.82 127.75 127.92 129.44 129.81
-9999 -9999 -9999 -9999 -9999 -9999 -9999 135.2292 141.1522 150.4944 144.8 150.74 156.41 160.97 154.25 145.46 138.13 132.38 127.14 121.6 115.63 110.35 101.3 97.13 101.31 98.88 93.61 92.18 107.03 99.45 93.19 85.34 81.43 92.94 109.54 106.32 119.65 123.16 107.92 98.78 93.69 90.91 91.81 89.21 89.97 90.43 90.29 89.7 91.1 93.55 96.56 99.19 100.04 99.65 103.27 106.34 105.82 105.45 106.48 106.24 106.31 105.55 103.91 102.72 103.27 105.39 108.49 111.11 111.38 112.15 114.56 117.9 120.19 121.05 123.57 122.35 121.46
-9999 -9999 -9999 -9999 -9999 -9999 -9999 -9999 -9999 145.4265 144.1613 146.64 149.13 156.81 151.72 137.53 122.25 119.9 109.82 101.34 98.53 118.05 116.49 106.44 101.16 109.14 107.37 86.49 82.66 98.55 101.73 89.89 108.19 112.2 106.26 132.18 134.86 121.84 102.47 95.92 91.09 86.65 84.1 83.82 84.44 85.05 85.42 84.78 87.04 89.38 90.84 93.01 93.17 93.67 96.5 99.02 99.67 99.28 100 100.31 101.25 101.15 100.95 99.46 98.78 101.01 102.69 102.88 103.23 103.98 107.3 111.87 115.48 122.93 123.21 121.13 127.73
-9999 -9999 -9999 -9999 -9999 -9999 -9999 -9999 136.9487 144.7727 -9999 145.36 146.64 147.28 151.54 136.54 114.42 109.66 112.05 96.99 96.69 108.41 108.52 117.91 119.72 117.7 125.15 95.95 90.33 99.96 116.21 120.82 126.26 124.62 114.54 101.68 108.92 121.96 108.47 92.89 84.43 81.58 79.72 79.1 79.66 80.3 80.75 80.45 83.85 86.24 85.81 86.7 87.2 88.5 90.41 92.24 93.57 94.21 93.9 94.63 95.22 96.22 96.65 96.79 97.45 98.64 98.05 97.26 97.99 99.89 103.63 107.21 112.64 120.8 129.8 133.29 137.78
-9999 -9999 -9999 -9999 -9999 -9999 -9999 -9999 -9999 136.2527 138.63 134.91 130.66 139.95 140.02 125.83 114.85 114.4 108.06 106.94 104.7 104.2 99.06 115.62 128.48 132.23 138.02 114.79 93.47 105.41 114.44 132.34 149.11 142.19 126.58 125.67 118.37 104.22 97.66 87.16 81.96 78.81 78.07 75.81 75.22 75.84 76.32 76.55 79.72 80.48 80.78 81.41 82.38 84.42 85.56 86.56 87.37 89.28 89.69 89.48 90.23 92.15 92.65 94.67 96.14 93.99 93.95 95.69 95.4 96.45 98.67 103.17 112.65 127.35 134.32 146.33 147.66
-9999 -9999 -9999 -9999 -9999 -9999 -9999 -9999 128.2967 140.73 127.24 127.4 123.57 132.13 117.18 123.18 126.25 130.59 121.16 118.39 112.79 102.04 101.06 104.73 113.7 121.68 115.81 102.23 94.64 108.79 120.14 134.04 130.55 104.26 94.15 94.42 93.51 87.94 81.75 76.77 76.19 74.03 72.95 73.05 71.27 72.1 72.18 73.32 74.6 75.06 76.42 77.12 79.06 80.89 80.97 81.8 82.32 82.64 84.81 84.56 88.37 91.23 90.99 91.98 90.31 92.38 92.28 92.03 92.47 94.25 97.07 102.37 102.29 106.13 114.47 118.88 122.74
-9999 -9999 -9999 -9999 -9999 -9999 -9999 137.1905 137.58 128.2 122.55 121.61 123.43 120.25 134.97 144.55 148.57 138.46 126.68 114.96 106 100.11 97.03 100.96 87.54 100.03 100.29 94.54 98.71 104.24 111.09 117.23 117.99 89.89 84.51 82.69 80.11 78.11 74.71 72.16 70.25 69.06 68.18 68.65 68.67 68.26 68.25 69.56 70.71 72.36 72.09 73.63 75.59 76.07 76.86 77.57 78.01 78.54 80.12 80.85 84.81 84.84 84.35 86.84 89.31 90.37 90.09 90.48 90.94 91.85 92.7 95.58 100.43 99.57 102.25 111.92 131.46
-9999 -9999 -9999 -9999 -9999 -9999 -9999 128.8333 120.32 121.21 123.51 136.9 129.29 132.46 148.95 136.13 128.53 119.75 118.5 123.08 121.44 109.94 103.37 93.25 78.14 86.76 89.94 84.14 87.41 90.34 88.84 91.79 101.57 80.16 77.21 78.28 79.13 74 71.76 69.92 68.93 66.87 65.55 64.72 64.45 64.24 65.05 66.45 67.37 68.14 68.95 70.73 72.68 72.36 73.37 74.33 75.44 77.76 80.71 79.03 78.57 81.03 83.4 85.61 88.49 90.3 89.54 89.34 91.26 93.55 93.11 96.46 99.38 104.78 99.66 104.64 109.24
-9999 -9999 -9999 -9999 -9999 -9999 -9999 117.2727 118.9205 127.34 124.32 134.16 120.26 120.32 123.54 120.29 115.87 126.81 134.02 129.29 124.14 119.41 97.09 90.33 75.92 81.94 89.16 80.5 78.39 83.82 81.75 78.53 77.84 68.98 70.91 68.6 70.64 71.98 73.44 73.92 71.13 68.45 64.32 63.49 62.32 62.15 62.06 62.7 63.23 64.29 65.7 67.6 69 70.18 72.61 74.49 75.91 76.93 77.12 74.5 77.36 80.03 81.88 84.56 86.54 87.82 88.62 88.76 89.67 90.07 91.95 93.87 95.8 98.52 100.1 103.9 105.89
-9999 -9999 -9999 -9999 -9999 -9999 -9999 -9999 120.77 126.25 111.63 116.03 112.63 114.38 118.34 129.9 133.46 137.46 120.58 122.31 115.47 111.43 101.18 87.39 73.39 78.93 86.44 75.85 74.12 72.17 76.25 80.87 70.91 63.75 68.74 64.52 65.44 68.19 66.12 64.35 66.01 65.9 62.13 59.13 58.89 59.3 59.12 59.85 61.51 63.31 63.43 64.6 67.7 70.46 71.72 72.84 73.31 72.26 70.68 72.93 76.26 77.58 79.66 81.18 82.65 84.13 83.57 84.74 86.19 85.59 86.15 87.34 91.31 92.83 94.22 99.54 100.89
-9999 -9999 -9999 -9999 -9999 -9999 -9999 -9999 110.9111 109.5612 113.43 115.23 117.92 112.13 114.41 115.44 115.1 108.51 113.92 117.51 113.42 101.83 87.75 77.58 77.88 84.71 76.65 69.23 65.42 69.43 75.75 84.35 69.92 67.72 63.95 61.32 65.44 66.68 64.89 62.71 60.47 60.45 59.47 57.41 56.37 56.24 56.42 57.27 58.93 60.74 62.16 65.3 67.12 68.02 69.43 70.17 69.55 66.99 70.09 72.38 73.94 75.29 77.5 79.63 80.54 82.29 79.13 78.91 80.52 82.44 83.08 84.72 86.51 87.91 90.74 94.03 96.11
-9999 -9999 -9999 -9999 -9999 -9999 -9999 -9999 106.2368 109.8 110.25 108.02 103.16 103.28 103.34 108.1 108.21 118.24 116.85 109.18 98.06 91.48 81.37 75.62 89.44 76.58 68.47 62.32 60.29 65.17 72.07 73.92 71.38 64.13 61.13 59.63 61.31 61.8 62.62 60.69 59.97 58.2 56.1 54.72 54.14 53.63 54.24 56.98 58.25 59.9 61 61.52 63.39 65.06 66.82 68.01 65.16 65.14 68.02 69.08 70.95 73.11 74.68 74.41 75.01 78.29 76.98 80.03 80.33 81.01 81.33 83.5 84.82 85.73 86.83 88.03 92.21
-9999 -9999 -9999 -9999 -9999 -9999 -9999 -9999 -9999 107.44 104.62 104.27 103.54 107.91 103.6 102.01 108.28 104.95 99.99 95.75 87.4 95.64 89.78 94.75 85.87 70.69 62.34 58.88 60.14 64.15 66.24 63.94 62.73 57.55 57.09 56.95 59.56 61.12 58.68 57.36 56.35 57.01 54.96 53.5 52.16 50.7 51.85 54.47 55.52 56.87 57.53 58.71 59.84 61.97 62.39 62.01 62.58 63.2 64.49 69.68 71.39 73.71 75.09 76.5 76.48 77.3 79.92 81.99 81.85 82.89 86.67 86.52 88.74 86.48 85.68 86.04 86.58
-9999 -9999 -9999 -9999 -9999 -9999 -9999 -9999 -9999 103.49 105.21 103.92 105.79 102.22 101.44 101.65 103.41 101.05 88.78 92.88 101.99 100.31 95.99 86.78 77.22 73.49 69.78 59.08 60.24 67.62 74.02 61.04 57.12 55.38 55.57 55.61 57.73 58.67 55.56 57.01 56.62 54.07 53.59 51.85 50.6 50.35 51.31 53.76 54.44 55.02 55.22 56.84 57.49 58.67 59.52 61.68 61.85 62.61 64.77 68.69 70.79 72.79 74.56 75.37 76.35 76.89 78.31 84.02 90.13 92.02 90.61 83.98 85.31 88.29 87.73 89.94 89.83
-9999 -9999 -9999 -9999 -9999 -9999 -9999 -9999 -9999 102.1616 102.27 101.7 100.79 100.25 100.9 97.94 100.83 96.04 87.79 94.78 110.97 92.39 90.24 85.06 74.03 64.08 61.42 60.74 62.33 59.19 62.58 57.28 57.02 61.38 62.95 60.58 57.26 54.53 56.04 57.04 56.76 55.15 53.91 53.04 52 52.77 54.01 54.07 55.35 56.28 56.9 56.98 58.33 59.26 60.66 61.9 61.4 61.97 64.56 65.83 66.19 68.31 70.04 71.98 73.63 75.17 75.38 81.11 87.57 85.13 83.51 83.53 85.33 87.15 91.64 95.79 97.88
-9999 -9999 -9999 -9999 -9999 -9999 -9999 -9999 -9999 100.9873 103.26 102.69 104.13 104.58 100.34 95.22 93.18 87.57 96.42 101.44 87.76 82.2 85.61 73.32 77.31 65.31 70.8 68.36 57.7 55.86 57.1 54.03 57.97 62.01 59.88 56.15 53.01 55 55.74 55.7 55.42 55.23 55.3 55.38 55.37 56.21 56.07 56.1 55.34 54.78 57.72 57.53 58.07 58.86 58.99 59.42 60.07 61.7 62.88 64.14 65.16 67.13 68.72 71.43 73.29 74.07 76.22 77.76 81.71 79.58 81.76 87.72 94.9 99.26 100.58 104.03 103.04
-9999 -9999 -9999 -9999 -9999 -9999 -9999 -9999 -9999 99.84906 101.56 101.99 100.78 100.25 96.51 94.45 88.59 96.44 97.92 95.99 77.23 78.94 77.01 66.29 65.89 66.95 73.51 70.67 55.37 56.63 59.64 56.85 59.85 58.62 57.7 55.81 58.15 58.26 55.66 54.57 53.95 54.88 55.48 57.22 56.47 55.45 56.56 58.14 57.87 56.88 57 57.47 57.66 58.52 58.94 59.28 60.2 61.13 63.77 63.84 65.27 67.18 68.38 70.41 72.83 74.12 75.38 77.68 80.9 82.2 83.14 93.49 109.74 110.88 106.76 103.69 107.25
-9999 -9999 -9999 -9999 -9999 -9999 -9999 -9999 -9999 -9999 100.7312 99.12 97.54 97.07 95.49 91.17 90.44 89.79 86.23 85.79 77.13 77.65 74.96 69.53 68.82 64.82 61.64 59.54 53.18 59.52 59.79 55.97 55.55 56.93 59.12 57.96 57.3 57.29 56.97 55.93 54.12 52.77 53.48 53.22 53.1 53.86 54.81 56.83 57.52 57.19 56.4 57.37 58.2 59.02 59.07 59.42 61 61.24 64.06 64.63 65.23 67.52 69.53 70.37 72.56 76.33 80.26 81.53 83.37 88.75 98.5 106.39 105.78 97.58 102.36 96.54 99.17
-9999 -9999 -9999 -9999 -9999 -9999 -9999 -9999 -9999 -9999 97.42857 98.89 94.65 93.36 91.83 93.12 100.05 95.04 102.6 97.44 85.75 86.44 81.27 80.28 79.37 74.91 66.92 63.77 54.59 54.72 53.51 53.21 52.24 56.55 58.44 57.77 57.55 56.82 56.53 56.33 55.01 54.04 53.13 52.38 52.16 52.69 54.4 56.72 58.78 59.01 58.03 58.5 59 59.39 59.28 60.29 62.01 61.71 64.39 64.97 66.16 68.88 68.69 71.62 75.6 79.45 83.99 95.85 97.94 97.82 84.2 85.06 98.58 90.21 82.79 86.22 90.65
-9999 -9999 -9999 -9999 -9999 -9999 -9999 -9999 -9999 -9999 93.05814 96.43 96.55 95.43 93.25 91.88 93.66 100.37 103.14 97.3 94.46 92.43 84.41 75.89 79.72 81.62 72.02 61.69 56.76 59.61 58.34 54.94 57.97 58.35 57.9 56.7 56.86 57.27 56.48 55.39 55.5 55.38 53.04 52.41 52.95 53.25 54.48 56.12 57.39 58.27 58.98 59.54 59.97 60.15 60.37 61.93 62 62 63.67 65.94 67.96 68.51 68.75 70.46 76.4 81.61 97.86 106.26 92.03 82.31 77.19 75.4 81.38 81.45 74.51 75.17 75.15
-9999 -9999 -9999 -9999 -9999 -9999 -9999 -9999 -9999 -9999 89.07143 91.86 93.58 96.15 102.69 100.34 96.17 88.39 86.95 86.66 88.21 87.66 85.37 80.16 80.53 80.15 71.57 62.06 59.12 62.09 63.01 59.43 56.92 59.07 59.29 58.32 56.55 55.96 54.66 54.1 54.41 54.15 53.28 54.25 54.87 55.17 56.51 57.62 57.05 58.05 59.53 60.02 61.5 61.82 61.54 61.46 61.32 61.96 63.51 66.91 69.36 69.34 70.31 72.79 79.09 85.86 106.2 88.03 94.33 89.83 76.71 68.82 64.55 65.56 69.25 67.95 65.71
