layers/wordclim/current/bio_19.asc
ncols         166
nrows         93
xllcorner     -9.4959440078468
yllcorner     36.000324005443
cellsize      0.083333337679505
NODATA_value  -9999
[rows 0 to 32 of 93, columns 74 to 147 of 166]
-9999 -9999 -9999 -9999 -9999 -9999 -9999 -9999 -9999 -9999 -9999 -9999 -9999 -9999 -9999 -9999 -9999 -9999 -9999 -9999 -9999 -9999 -9999 -9999 -9999 -9999 -9999 -9999 -9999 -9999 -9999 -9999 -9999 -9999 -9999 -9999 -9999 -9999 -9999 -9999 -9999 -9999 -9999 -9999 -9999 -9999 -9999 -9999 -9999 -9999 -9999 -9999 -9999 -9999 -9999 -9999 -9999 -9999 -9999 -9999 -9999 -9999 -9999 -9999 -9999 -9999 -9999 -9999 -9999 -9999 -9999 -9999 -9999 -9999
-9999 -9999 -9999 -9999 -9999 -9999 -9999 -9999 -9999 -9999 -9999 -9999 -9999 -9999 -9999 -9999 -9999 -9999 -9999 -9999 -9999 -9999 -9999 -9999 -9999 -9999 -9999 -9999 -9999 -9999 -9999 -9999 -9999 -9999 -9999 -9999 -9999 -9999 -9999 -9999 -9999 -9999 -9999 -9999 -9999 -9999 -9999 -9999 -9999 -9999 -9999 -9999 -9999 -9999 -9999 -9999 -9999 -9999 -9999 -9999 -9999 -9999 -9999 -9999 -9999 -9999 -9999 -9999 -9999 -9999 -9999 -9999 -9999 -9999
-9999 -9999 -9999 -9999 -9999 -9999 -9999 -9999 -9999 -9999 -9999 -9999 -9999 -9999 -9999 -9999 -9999 -9999 -9999 -9999 -9999 -9999 -9999 -9999 -9999 -9999 -9999 -9999 -9999 -9999 -9999 -9999 -9999 -9999 -9999 -9999 -9999 -9999 -9999 -9999 -9999 -9999 -9999 -9999 -9999 -9999 -9999 -9999 -9999 -9999 -9999 -9999 -9999 -9999 -9999 -9999 -9999 -9999 -9999 -9999 -9999 -9999 -9999 -9999 -9999 -9999 -9999 -9999 -9999 -9999 -9999 -9999 -9999 -9999
-9999 -9999 -9999 -9999 -9999 -9999 -9999 -9999 -9999 -9999 -9999 -9999 -9999 -9999 -9999 -9999 -9999 -9999 -9999 -9999 -9999 -9999 -9999 -9999 -9999 -9999 -9999 -9999 -9999 -9999 -9999 -9999 -9999 -9999 -9999 -9999 -9999 -9999 -9999 -9999 -9999 -9999 -9999 -9999 -9999 -9999 -9999 -9999 -9999 -9999 -9999 -9999 -9999 -9999 -9999 -9999 -9999 -9999 -9999 -9999 -9999 -9999 -9999 -9999 -9999 -9999 -9999 -9999 -9999 -9999 -9999 -9999 -9999 -9999
365.9775 376.1296 -9999 -9999 420.5517 422.47 416.98 414.1977 411.1538 407.0182 -9999 -9999 -9999 -9999 -9999 -9999 -9999 -9999 -9999 -9999 -9999 -9999 -9999 -9999 -9999 -9999 -9999 -9999 -9999 -9999 -9999 -9999 -9999 -9999 -9999 -9999 -9999 -9999 -9999 -9999 -9999 -9999 -9999 -9999 -9999 -9999 -9999 -9999 -9999 -9999 -9999 -9999 -9999 -9999 -9999 -9999 -9999 -9999 -9999 -9999 -9999 -9999 -9999 -9999 -9999 -9999 -9999 -9999 -9999 -9999 -9999 -9999 -9999 -9999
349.49 359.32 374.96 385.2959 407.0606 406.3 402.73 396.09 394.6 392.68 393.1717 391.8493 389.25 394.2131 395.2787 401.3214 398.8125 404.92 412.82 403.5 -9999 -9999 -9999 -9999 -9999 -9999 -9999 -9999 -9999 -9999 -9999 -9999 -9999 -9999 -9999 -9999 -9999 -9999 -9999 -9999 -9999 -9999 -9999 -9999 -9999 -9999 -9999 -9999 -9999 -9999 -9999 -9999 -9999 -9999 -9999 -9999 -9999 -9999 -9999 -9999 -9999 -9999 -9999 -9999 -9999 -9999 -9999 -9999 -9999 -9999 -9999 -9999 -9999 -9999
329.43 341.4 354.23 360.88 364.32 378.73 377.17 372.2 367.28 368.7 370.67 373.38 376.37 386.06 390.89 391.71 397.73 400.51 401.78 395.44 394.87 392.99 385.17 -9999 -9999 -9999 -9999 -9999 -9999 -9999 -9999 -9999 -9999 -9999 -9999 -9999 -9999 -9999 -9999 -9999 -9999 -9999 -9999 -9999 -9999 -9999 -9999 -9999 -9999 -9999 -9999 -9999 -9999 -9999 -9999 -9999 -9999 -9999 -9999 -9999 -9999 -9999 -9999 -9999 -9999 -9999 -9999 -9999 -9999 -9999 -9999 -9999 -9999 -9999
312.18 319.35 329.88 335.02 341.18 343.27 344.23 338.02 341.63 342.72 344.03 347.49 352.94 358.97 363.97 370.3 377.36 378.21 381.06 380.18 379.68 375.18 373.9315 -9999 -9999 -9999 -9999 -9999 -9999 -9999 -9999 -9999 -9999 -9999 -9999 -9999 -9999 -9999 -9999 -9999 -9999 -9999 -9999 -9999 -9999 -9999 -9999 -9999 -9999 -9999 -9999 -9999 -9999 -9999 -9999 -9999 -9999 -9999 -9999 -9999 -9999 -9999 -9999 -9999 -9999 -9999 -9999 -9999 -9999 -9999 -9999 -9999 -9999 -9999
286.79 291.26 299.72 308.4 311.09 307.02 310.37 309.6 310.53 313.34 315.99 319.77 324.28 329.5 337.88 346.82 352.59 355.38 360.59 363.77 361.31 354.51 349.775 -9999 339.9405 330.9464 -9999 -9999 -9999 -9999 -9999 -9999 -9999 -9999 -9999 -9999 -9999 -9999 -9999 -9999 -9999 -9999 -9999 -9999 -9999 -9999 -9999 -9999 -9999 -9999 -9999 -9999 -9999 -9999 -9999 -9999 -9999 -9999 -9999 -9999 -9999 -9999 -9999 -9999 -9999 -9999 -9999 -9999 -9999 -9999 -9999 -9999 -9999 -9999
267.42 271.85 275.36 279.98 282.13 282.28 283.48 283.11 284.09 288.41 292.81 303.06 302.61 304.61 313.44 322.47 328.87 336.57 344.29 349.42 351.18 343.75 338.04 330.94 324.71 319.02 313.46 310.4624 305.8197 303.26 317.2586 -9999 -9999 -9999 -9999 -9999 -9999 -9999 -9999 -9999 -9999 -9999 -9999 -9999 -9999 -9999 -9999 -9999 -9999 -9999 -9999 -9999 -9999 -9999 -9999 -9999 -9999 -9999 -9999 -9999 -9999 -9999 -9999 -9999 -9999 -9999 -9999 -9999 -9999 -9999 -9999 -9999 -9999 -9999
250.98 254.85 255.87 259.66 261.63 262.44 258.65 256.59 255.78 256.75 259.72 264 278.57 283.69 291.53 299.86 310.24 314.95 325.63 333.17 334.28 330.16 322.29 316.14 309.62 304.62 295.39 293.51 288.4 290.2 308.26 312.0395 -9999 -9999 -9999 -9999 -9999 -9999 -9999 -9999 -9999 -9999 -9999 -9999 -9999 -9999 -9999 -9999 -9999 -9999 -9999 -9999 -9999 -9999 -9999 -9999 -9999 -9999 -9999 -9999 -9999 -9999 -9999 -9999 -9999 -9999 -9999 -9999 -9999 -9999 -9999 -9999 -9999 -9999
230.63 234.86 240.47 236.04 238.3 235.63 235.25 237.42 239.28 245.6 245.47 258.24 264.73 264.49 268.59 283.9 285.97 291.37 301.19 315.24 323.76 314.9 308.34 300.01 291.51 284.83 277.28 271.57 265.11 270.53 279.55 288.69 314.3656 304.5224 320.5641 304.8296 338.3232 353.6418 -9999 -9999 -9999 -9999 -9999 -9999 -9999 -9999 -9999 -9999 250.6 281.35 318.7308 327.7818 -9999 -9999 -9999 -9999 -9999 -9999 -9999 -9999 -9999 -9999 -9999 -9999 -9999 -9999 -9999 -9999 -9999 -9999 -9999 -9999 -9999 -9999
217.23 224 223.32 215.25 213.97 212.45 214.16 212.62 213.51 225.63 220.23 220.35 226.08 233.79 238.09 240.33 249.47 265 275.62 285.88 294.06 290.16 285.59 279.27 269.82 264.76 259.77 254.93 245.78 244.36 240.67 239.42 257.28 269 320.05 296.12 266.61 326.6 302.5435 -9999 -9999 -9999 301.375 -9999 336.5555 -9999 -9999 -9999 272.6531 257.17 279.95 299.78 313.6 286.7195 314.3016 311.7727 -9999 -9999 -9999 -9999 -9999 -9999 -9999 -9999 -9999 -9999 -9999 -9999 -9999 -9999 -9999 -9999 -9999 -9999
198.17 200.78 203.75 201.52 198 193.47 199.16 208.97 212.59 202.43 201.02 202.36 200 189.62 200.82 215.36 221.62 232.58 246.39 261.23 265.82 264.89 263.15 258.07 248.85 244.88 241.24 230.45 222.5 213.55 216.84 219.02 216.99 218.78 237.85 244.01 227.45 259.13 242.4 281.31 299.33 271.21 248.95 297.33 298.89 330.53 278.01 353.89 333.73 315.42 320.46 323.86 295.9 236.63 272.68 274.19 324.9897 -9999 -9999 -9999 -9999 -9999 -9999 -9999 -9999 -9999 -9999 -9999 -9999 -9999 -9999 -9999 -9999 -9999
187.26 188.74 188.36 182.74 178.46 174.86 169.26 165.23 161.41 155.11 154.04 154.03 151.76 154.49 168.65 180.62 194.39 205.09 217.11 231.86 239.23 243.04 239.75 232.14 226.72 221.06 220.77 217.32 217.56 203.93 193.77 199.88 194.34 200.85 192.36 187.27 211.63 231.74 215.44 224.75 216.67 192.04 212.75 279.53 268.26 241.69 277.54 293.33 273.51 281.61 298.81 329.85 320.99 239.23 212.03 240.05 289.91 -9999 -9999 -9999 -9999 -9999 -9999 -9999 -9999 -9999 -9999 -9999 -9999 -9999 -9999 -9999 -9999 -9999
179.27 176.78 174.86 172.61 167.53 164.99 158.15 149.07 146.09 134.71 122.46 115.88 116.25 130 146.07 158.64 171.37 185.03 193.26 204.57 208.54 216.11 216.35 211.99 213.9 211.97 209.14 204.31 206.31 202.21 185.73 182.36 176.43 179.26 171.06 168.29 188.81 202 207.75 178.71 178.93 160.32 193.11 216.32 218.11 221.51 242.73 228.84 218.78 242.89 293.46 283.44 277.08 217.2 229.96 254.33 258.15 -9999 -9999 315.1429 310.5579 283.7753 216.6852 197.6471 -9999 -9999 -9999 -9999 -9999 -9999 -9999 -9999 -9999 -9999
178.02 174.15 182.66 183.83 173.02 165.9 148.29 148.32 164.85 142.77 131.07 121.01 123.06 123.82 132.17 141.32 153.06 165.48 171.83 179.16 184.18 187.68 189.27 187.6 188.29 191.56 189.28 188.13 187.94 184.57 171.9 163.65 171.71 168.19 166.71 172.07 171.53 179.27 187.22 187.29 164.09 146.78 148.27 161.88 182.19 198.46 217.4 225.18 209.46 210.65 214.2 205.29 212.9 195.76 249.89 221.95 178.19 163.5 195.64 206.96 197.22 188.63 194.2 228.3836 -9999 294.9625 295.43 257.02 231.0353 -9999 -9999 -9999 183.2021 161.05
187.61 192.01 197.51 183.61 201.88 183.14 156.49 175.04 187.05 168.28 171.48 177.47 157.81 165.78 138.28 131.75 138.59 147.41 154.63 159.96 166.69 170.76 170.51 169.46 168.54 168.12 166.85 164.85 161.31 159.88 147.37 142.11 145.01 158.47 170.79 171.87 174.96 194.58 180.37 172.65 158.58 137.84 133.69 160.6 154.92 182.29 172.26 194.58 179.58 193.18 206.35 173.36 166.17 214.7 224.75 196.97 145.46 179.45 224.43 248.17 249.77 219.2 226.42 234.35 222.28 202.31 217.82 216.85 186.28 177.24 180.22 184.32 177.05 158.1
194.71 211.41 212.3 208.93 216.2 189.09 180.35 188.16 167.92 182.45 169.34 187.93 163.48 157 140.91 131.97 136.62 135.12 138.83 143.4 149.21 150.65 150.82 152.59 150.81 148.61 144.69 143.29 141.86 138.97 130.17 123.17 118.55 114.19 113.5 115.63 124.47 121.43 123.75 137.37 135.81 139.03 125.4 141.1 130.06 143.73 160.41 169.93 155.02 177.56 157.22 139.75 175.77 215.33 187.25 150.26 156.04 202.75 228.06 230.71 215.98 202.57 159.4 184.07 174.55 162.51 156.8 175.82 176.42 164.61 169.02 164.49 160.08 150.63
165.89 171.15 175.74 185.25 174.43 181.54 201.35 192.02 183.41 194.61 202.55 189.28 172.96 171.82 157.21 147.26 146 129.45 129.28 132.91 133.83 135.98 139 139.67 134.78 131.6 128.24 125.69 123.57 120.14 114.53 109.86 106.57 103 97.75 94.56 95.48 97.7 99.66 105.87 107.64 112.33 108.77 123.54 125.94 145.85 148.2 154.08 140.18 158.74 127.62 129.24 133.41 167.5 171.99 141.85 160.95 181.74 191.75 160.14 172.34 199.97 132.26 139.32 140.06 148.93 143.57 176.1 185.88 170.2 179.38 174.77 167.04 154.24
147.64 160.59 188.76 198.4 201.46 215.6 209.26 211.34 210.9 208.25 194.05 178.71 183.78 171.52 159.64 136.96 125.73 124.38 124.16 122.15 122.39 123.08 125.33 129.2 126.58 118.44 118.05 119.16 117.16 110.88 103.25 100.55 96.22 93.61 89.46 86.99 86.95 88.97 90.68 94.35 95.54 95.96 96.92 124.3 133.34 138.15 128.07 137.43 154.75 160.1 131.23 162.84 151.7 143.56 128.31 116.33 122.99 128.78 131.37 136.41 139.98 125.09 110.35 116.1 118.97 133.17 136.22 141.93 166 183.48 179.1 175.88 175.23 160.47
143.24 148.5 154.62 159.59 171.36 191.56 183.63 198.04 184.08 183.4 172.98 181.88 183.31 170.56 155.28 136.18 129.1 125.95 125.91 116.16 116.03 113.97 111.6 111.48 110.14 108.01 108 110.09 112.92 103.76 94.04 91.77 90.96 87.45 83.44 81.77 82.15 83.42 84.39 87.88 87.62 88.42 90.23 98.25 107.98 121.36 122.5 119.91 136.27 126.49 121.75 140.86 116.63 111.45 112.78 115.59 121.66 131.82 123.31 114.77 113.77 113.53 107.14 110.49 112.65 125.57 131.28 139.45 158.24 173.48 180.58 173.18 169.16 162.9
146.24 146.63 150.03 155.69 158.74 159.66 156.62 155.78 155.25 158.54 153.88 154.03 161.99 164.19 152.88 143.79 142.45 131.49 121.31 115.88 117.21 111.5 104.64 102.59 99.84 98.56 101.92 102.28 98.71 92.79 86.4 85.3 85.59 86.01 80.22 78.37 77.37 78.08 79.7 85 83.2 81.55 84.91 87.87 92.27 96.39 98.74 106.78 111.6 109.92 104.21 106.43 103.24 108.66 106.82 109.16 117.41 123.82 127.6 116.96 108.26 108.67 104.19 107.83 115.87 140.21 136.37 145.09 162.87 178.58 180.28 177.13 169.06 165.51
134.46 140.38 143.55 145.13 150.38 152.04 152.66 154.14 155.24 149.05 147.27 148.49 150.66 150.95 146.93 145.28 144.26 175.1 159.18 119.18 111 104.6 100.54 97.07 93.6 90.42 88.25 87.61 86.94 82.42 79.68 80.26 80.44 83.99 80.64 76.43 75.46 74.9 76.5 78.12 77.88 77.9 81.94 80.76 80.64 81.83 87.25 86.82 88.8 88.68 91.37 95.72 99.64 102.41 107.75 111.36 114.06 116.9 124.77 125.31 115.27 104.63 103.53 107.82 121.17 137.11 144.32 158.78 185.34 187.55 171.9 170.09 163 162.48
129.32 131.49 134.34 135.62 140.15 138.32 142.88 148.94 147.26 146.02 143.22 138.59 137.82 138.2 135.91 139.26 147.73 152.29 158.47 139.19 117.18 108.64 97.54 92.02 88.96 85.35 82.67 78.64 76.33 75.44 74.34 76.49 77.61 80.05 81.93 80.55 76.92 74.17 73.88 74.71 74.5 74.6 77.16 76.33 76.47 81.37 85.16 79.45 80.56 83.45 87.64 91.48 96.05 101.16 107.02 113.81 122.5 126.7 125.02 123.36 117.17 107.1 106.66 119.97 129.01 136.93 138.52 147.01 158.44 161.65 165 165.91 156.5714 157
125.21 125.62 129.83 128.37 131.06 132 133.47 132.85 135.83 139.77 138.03 130.52 129.37 131.49 130.28 132.51 133.51 133.44 125.03 116.12 103.33 100.77 94.93 86.19 82.78 82.74 82.53 77.23 73.15 71.72 70.23 70.55 71.41 71.05 71.99 76.4 79.17 77.33 77.04 80.58 77.59 75.4 74.26 73.94 76.5 77.56 75.96 74.39 78.37 83.33 88.71 93.46 97.81 104.11 113.73 121.09 126.62 126.11 120.08 120.46 122.69 124.93 112.53 129.6 128.62 124.73 125.21 133.95 146.34 159.53 163.4141 163.3158 -9999 -9999
124 123.13 122.28 123.26 126.81 126 124.64 128.46 130.53 132.19 128.79 131.47 132.75 127.69 123.63 127.07 121.37 118.4 113.43 113.12 95.72 88.85 86.29 80.26 78.22 79.09 81.72 76.51 74.56 72.6 69.61 68.05 66.77 67.32 68.47 69.89 72.23 75 74.44 75.27 77.04 76.71 78.6 75.63 74.73 73.66 73.75 76.64 81.99 87.03 92.08 98.86 106.8 116.22 126.5 133.35 132.87 130.93 123.32 120.09 122.06 120.83 114.09 117.49 118.01 115.89 120.57 134.12 142.883 -9999 -9999 -9999 -9999 -9999
127.26 128.99 127.37 126.14 125.77 124.64 125.82 125.74 123.71 122.58 125.3 129.96 128.24 116.19 115.39 114.01 111.78 105.46 98.29 99.34 99.99 83.46 81.36 77.02 75.39 76.22 75.25 74.47 76.91 74.38 71.03 68.12 66.21 65.2 66.19 68.39 71.21 72.41 73.32 74.89 74.95 75.7 77.75 80.84 72.79 75.36 79.49 84.92 93.18 101.01 106.59 110.15 118.55 120.58 120.75 129.32 132.34 138.3 135.99 128.75 120.44 117.85 119.34 117.36 117.94 122.69 123.5532 -9999 -9999 -9999 -9999 -9999 -9999 -9999
133.4 136.54 137.48 139.47 138.58 131.28 128.28 131.59 130.63 127.39 124.03 123.17 116.43 106.94 106.1 106.56 102.81 100.55 89.22 88.37 82.14 89.93 90.83 87.59 77.79 74.17 75.18 73.78 77.14 72.24 67.74 66.45 65.18 65.48 65.37 66.93 70.3 72.28 74.09 75.94 76.3 74.66 78.93 78.43 80.86 86.23 91.95 99.71 108.85 115.7 121.46 128.92 127.44 123.7 116.74 121.72 124.91 137.27 132.5 123.42 122.64 127.91 138.7 129.14 123.08 125.0745 -9999 -9999 -9999 -9999 -9999 -9999 -9999 -9999
147.1 148.66 147.16 145 139.37 134.62 132.21 130.01 130.22 128.87 127.91 120.85 109.04 103.23 98.56 95.55 91.91 91.44 87.58 83.45 80.77 84.47 89.67 88.85 83.7 76.66 76.7 76.23 75.23 71.81 68.17 66.92 65.89 65.61 65.89 65.83 67.45 68.55 70.08 71.13 72.93 76.28 82.07 84.8 85.71 88.99 87.15 95.45 109.53 126.71 133.83 141.62 148.75 131.64 115.12 117.53 121.59 125.92 122.27 121.3 126.27 126.42 138.7143 133.5556 126.2647 -9999 -9999 -9999 -9999 -9999 -9999 -9999 -9999 -9999
157.63 150.97 154.74 144.76 130.03 130.07 124.99 121.95 130.39 129.03 127.16 119.28 110.5 104.97 104.38 105.04 100.81 94.1 88.31 91.24 87.26 81.94 84.41 84.23 83.09 82.84 80.97 76.71 73.3 70.6 69.56 68.3 66.64 65.79 66.25 67.27 69.06 70.5 71.81 73.84 76.84 81.61 82.05 84.59 87.76 94.96 85.72 96.02 110.89 112.26 122.86 129.82 122.38 118.9 116.02 120.79 122.19 123.0816 118.6329 121.2879 -9999 -9999 -9999 -9999 -9999 -9999 -9999 -9999 -9999 -9999 -9999 -9999 -9999 -9999
153.89 141.5 143.49 136.8 130.38 126.72 120.54 118.92 126.38 126.95 125.65 125.58 125.44 125.25 122.19 114.2 107.38 102.66 96.63 96.56 95.17 89.34 78.52 80.01 80.36 84.03 83.38 77.68 74.26 71.87 73.37 77.06 71.39 68 69.67 70.81 72.28 74.19 78.54 78.36 82.02 86.56 87.66 95.02 101.96 109.85 103.05 97.82 102.03 117.99 130.39 115.33 108.69 111 117.6914 -9999 -9999 -9999 -9999 -9999 -9999 -9999 -9999 -9999 -9999 -9999 -9999 -9999 -9999 -9999 -9999 -9999 -9999 -9999
130.01 131.63 134.48 121.12 118.6 118.37 116.88 120.97 123.13 125.73 126.3 124.18 127.89 129.9 124.95 115.85 118.45 111.7 104.15 96.98 92.93 91.97 90.16 75.26 80.53 85.37 96.84 87.46 76.58 73.55 73.22 73.58 72.54 72.72 75.46 75.41 76.19 77.04 80.01 85.3 90.74 93.11 96.59 103.08 106.49 111.29 107.66 98.92 120.84 132.59 125.74 106.4366 -9999 -9999 -9999 -9999 -9999 -9999 -9999 -9999 -9999 -9999 -9999 -9999 -9999 -9999 -9999 -9999 -9999 -9999 -9999 -9999 -9999 -9999
