layers/wordclim/current/bio_04.asc
ncols         166
nrows         93
xllcorner     -9.4959440078468
yllcorner     36.000324005443
cellsize      0.083333337679505
NODATA_value  -9999
[rows 31 to 61 of 93, columns 0 to 69 of 166]
-9999 -9999 -9999 -9999 -9999 -9999 -9999 -9999 -9999 -9999 3756.409 3891.86 4059.07 4248.39 4416.68 4541.53 4710.17 4867.39 4990.92 5099.65 5209.73 5336.81 5404.53 5474.28 5566 5611.57 5656.09 5698.21 5725.79 5799.5 5842.04 5880.45 5911.76 5956.78 5984.98 6021.43 6057.96 6092.32 6101.2 6139.15 6157.79 6180.31 6187.25 6199.12 6185.43 6179.01 6143.55 6104.78 6076.86 6062.2 6082.76 6094.6 6117.71 6140.65 6148.03 6167.45 6183.68 6209.28 6209.29 6241.01 6265.2 6282.15 6308.56 6336.48 6353.86 6356.74 6332.67 6325.74 6310.07 6265.33
-9999 -9999 -9999 -9999 -9999 -9999 -9999 -9999 -9999 -9999 3716.012 3899.24 4017.93 4193.73 4367.32 4572.58 4772.4 4896.76 5013.59 5123.04 5247.77 5333.12 5424.05 5482.95 5548.06 5610.21 5683.14 5725.4 5752.59 5800.57 5835.93 5883.42 5919.02 5974.25 6011.9 6028.83 6070.85 6103.41 6130.41 6146.78 6170.71 6185.86 6208.24 6210.62 6215.73 6208.83 6152.17 6094.45 6053.12 6038.58 6078.19 6090.41 6119.59 6134.41 6155.22 6165.89 6188.57 6213.28 6214.37 6247.56 6270.3 6293.1 6339.98 6362.89 6391.65 6374.35 6316.48 6156.43 6159.19 6165.09
-9999 -9999 -9999 -9999 -9999 -9999 -9999 -9999 -9999 -9999 3633.198 3861.3 4068.83 4250.28 4406.55 4576.57 4749.79 4898.11 5004.26 5115.88 5208.99 5291.46 5399.08 5498.39 5541.18 5583.14 5670.64 5732.47 5775.54 5829.93 5871.22 5906.15 5950.97 5983.26 6024.5 6046.59 6082.96 6116.17 6142.58 6165.26 6186.55 6202.82 6219.38 6223.91 6226.59 6226.64 6182.04 6076.38 6016.64 6046.32 6076.79 6102.31 6117.1 6130.86 6156.04 6169.94 6191.82 6217.15 6222.48 6242.09 6265.32 6301.68 6356.84 6399.53 6409.03 6354.6 6104.55 6052.22 6226.87 6343.04
-9999 -9999 -9999 -9999 -9999 -9999 -9999 -9999 -9999 -9999 3550.704 3792.7 4042.17 4290.1 4533.24 4661.24 4780.2 4878.54 5019.96 5137.6 5222.49 5306.64 5387.88 5479.01 5537.21 5590.51 5675.12 5747.63 5793.36 5839.79 5877.55 5926.33 5965.94 6004.83 6032.72 6069.22 6100.49 6131.86 6160.79 6177.07 6202.53 6215.57 6229.97 6226.83 6232.31 6216.3 6167.86 6101.42 6059.36 6082.12 6080.98 6110.65 6123.41 6133.22 6155.52 6182.24 6195.85 6206.98 6226.3 6221.42 6250.45 6290.38 6351.77 6379.77 6354.92 6265.44 6016.63 6262.62 6186.05 6270.85
-9999 -9999 -9999 -9999 -9999 -9999 -9999 -9999 -9999 -9999 3489.371 3704.02 3985.33 4340.36 4444.16 4623.61 4751.45 4846.02 4994.76 5127.9 5234.53 5323.97 5408.55 5481.89 5547.78 5598.85 5686.52 5753.48 5804.67 5851.53 5895.99 5934.78 5979.91 6018.96 6055.8 6078.41 6118.03 6141.83 6179.41 6185.99 6218.42 6222.89 6230.38 6237.03 6216.54 6198.58 6177.93 6143.62 6116.4 6116.39 6109.67 6137.09 6139.21 6142.26 6156.14 6183.28 6178.47 6199.07 6199.53 6200.51 6207.69 6248.99 6292.96 6251.74 6064.21 6053.28 6008.19 6122.2 6351.68 6475.37
-9999 -9999 -9999 -9999 -9999 -9999 -9999 -9999 -9999 3242.324 3437.75 3680.1 3927.55 4173.91 4453.04 4592.11 4742 4862.69 5015.41 5133.91 5233.04 5331.11 5421.8 5498.28 5567.62 5634.98 5706.36 5761.15 5804.68 5856.43 5905.02 5941.95 5987.25 6028.06 6074.15 6096.45 6127.51 6159.31 6184.22 6204.95 6219.98 6237.24 6234.87 6227.53 6218.32 6217.32 6212.03 6186.56 6169.59 6146.37 6155.45 6156.63 6147.04 6148.08 6145.2 6141.02 6140.66 6167.57 6150.43 6147.71 6135.8 6171.34 6167.62 6177.7 6247.24 6382.04 6406.42 6466.54 6496.06 6482.55
-9999 -9999 -9999 -9999 -9999 -9999 -9999 -9999 -9999 3249.365 3460.155 3676.24 3896.77 4182.26 4440.21 4666.27 4803.56 4885.67 5000.89 5120.3 5232.15 5340.56 5428.94 5506.51 5586.76 5650.68 5707.86 5728.04 5794.6 5857.34 5908.93 5954.46 5996.54 6047.39 6084.92 6116.51 6151.98 6175.65 6191.41 6212.04 6220.5 6220.55 6237.86 6250.73 6247.65 6243.5 6220.72 6202.68 6188.67 6181.33 6177.29 6164.45 6151.32 6155.27 6154.99 6158.9 6175.83 6185.53 6158.6 6148.83 6153.8 6148.65 6181.08 6162 6363.34 6492.14 6462.28 6491.08 6548.97 6567.31
-9999 -9999 -9999 -9999 -9999 -9999 -9999 -9999 -9999 3325.62 3524.9 3726.51 3935.11 4174.66 4474.03 4687.17 4732.97 4869.15 4994.45 5130.43 5239.93 5346.29 5438.74 5517.66 5526.69 5576.15 5665.27 5732.01 5801.31 5863.83 5925.28 5960.79 6012.7 6063.8 6099.72 6133.59 6163.22 6168.09 6183.55 6166.34 6219 6237.39 6263.62 6281.7 6264.36 6258.7 6256.6 6239.62 6223.57 6219.91 6214.45 6186.48 6168.59 6190.3 6196.51 6192.37 6175.77 6172.32 6185.88 6249.44 6238.68 6319.52 6352.81 6348.86 6469.55 6523.45 6558.45 6577.81 6584.46 6592.32
-9999 -9999 -9999 -9999 -9999 -9999 -9999 -9999 3295.323 3428.58 3614.61 3815.6 3998.82 4247 4481.2 4621.15 4746.26 4873 5014.74 5136.85 5262.9 5370.37 5404.71 5387.01 5488.22 5600.25 5711.49 5743.87 5820.43 5888.74 5931.49 5969.07 6030.26 6075.49 6106.1 6139.61 6176.95 6190.81 6211.4 6225.04 6247.07 6290.92 6309.46 6301.57 6305.24 6274.18 6271.37 6279.48 6275.03 6253.74 6216.82 6190.17 6183.41 6193.36 6181.02 6196.37 6246.2 6286.96 6342.65 6362.18 6419.9 6487.76 6472.04 6503.58 6556.16 6586.02 6601.34 6596.31 6618.35 6612.35
-9999 -9999 -9999 -9999 -9999 -9999 -9999 -9999 3363.165 3517.71 3705.17 3915.4 4088.29 4343.21 4501.66 4604.41 4759.69 4901.1 5041.54 5178.4 5292.55 5333 5288.38 5396.85 5600.02 5706.33 5775.5 5795.14 5834.37 5895.49 5928.81 5979.85 6029.49 6077.4 6117.97 6147.66 6153.01 6195.26 6232.97 6269.1 6296.87 6304.07 6326.35 6319.08 6290.75 6232.52 6247.05 6300.86 6286.75 6240.13 6224.26 6220.31 6218.54 6243.19 6250.6 6276.2 6309.19 6302.08 6284.64 6324.96 6482.59 6534.89 6574.16 6600.98 6639.33 6631.34 6642.25 6621.76 6624.02 6672.01
-9999 -9999 -9999 -9999 -9999 -9999 -9999 -9999 3440.08 3610.81 3804.26 3990.67 4171.81 4408.97 4552.05 4654.47 4807.52 4946.23 5073.11 5204.68 5302.43 5371 5354.68 5439.42 5663.91 5748.59 5799.54 5845.4 5870.45 5884.46 5927.68 5960.27 6025.37 6082.2 6108.22 6162.7 6206.64 6245.95 6272.48 6299.15 6305.51 6320.75 6346.68 6339.59 6258.9 6227.19 6279.49 6295.61 6276.37 6250.46 6224.56 6238.91 6263.73 6321.58 6307.91 6319.76 6412.92 6496.75 6486.53 6491.17 6523.63 6568.1 6627.88 6658.41 6662.8 6671.91 6685.38 6676.59 6670.07 6707.09
-9999 -9999 -9999 -9999 -9999 -9999 -9999 3387.438 3507.99 3646.76 3827.74 4016.87 4227.99 4449.35 4589.68 4723.71 4847.74 4976.63 5115.75 5197.76 5277.92 5425.37 5531.52 5622.41 5703.64 5770.76 5835.03 5882.91 5919.43 5955.01 6015.91 6057.23 6057.1 6131.53 6173.01 6204.58 6234.34 6269.11 6291.74 6308.77 6321.34 6348.17 6348.2 6303.13 6350.87 6317.61 6254.3 6266.67 6285.89 6367.76 6337.44 6364.18 6425.07 6460.01 6454.98 6507.28 6522.36 6545.44 6543.24 6552.88 6617.69 6659.38 6679.5 6699.61 6706.13 6719.15 6729.98 6715.69 6722.9 6731.28
-9999 -9999 -9999 -9999 -9999 -9999 -9999 -9999 3530.932 3704.94 3885.93 4070.28 4317.94 4484.71 4603.76 4760.1 4906.49 5022.86 5132.01 5227.46 5335.57 5463.63 5549.82 5627.16 5715.91 5800.31 5863.48 5918.05 5960.19 6001.04 6039.7 6079.1 6119.45 6148.65 6178.66 6209.4 6250.89 6287.03 6303.3 6329.88 6339.93 6374.04 6369.28 6385.62 6366.66 6405.17 6416.86 6425.93 6441.4 6456.41 6472.43 6496.58 6505.29 6508.94 6521.74 6541.72 6548.74 6533.98 6610.28 6639.18 6671.93 6698.04 6723.87 6742.24 6750.95 6771.45 6768.7 6772.83 6772.1 6763.22
-9999 -9999 -9999 -9999 -9999 -9999 -9999 3444.907 3594.58 3748.23 3913.65 4159.6 4361.98 4508.22 4680.64 4811.44 4925.95 5040.89 5155.57 5269.04 5381.5 5457.12 5582.88 5645.68 5779.21 5840.26 5895.41 5934.8 5979.99 6013.44 6053.87 6089.13 6123.92 6143.24 6176.44 6222.98 6260.45 6288.13 6310.57 6325.5 6355.6 6398.33 6410.62 6423.85 6442.35 6434.99 6447.12 6455.35 6465.92 6482.6 6500.62 6517.04 6541.96 6561.23 6568.89 6585.64 6611.38 6633.3 6654.61 6678.87 6708.42 6733.42 6757.57 6778.85 6807.94 6826.04 6826.38 6819.87 6804.42 6791.38
-9999 -9999 -9999 -9999 -9999 -9999 -9999 3461.81 3640.82 3794.04 3962.21 4216.84 4371.49 4518.53 4685.6 4809.72 4920.85 5043.98 5161.12 5274.15 5377.78 5496.69 5612.86 5729.82 5816.3 5863.43 5905.84 5943.1 5986.88 6023.62 6059.81 6097.17 6140.24 6167.47 6202 6241.85 6263.24 6292.24 6324.42 6362.52 6389.53 6421.59 6404.24 6432.47 6451.02 6439.6 6455.76 6482.19 6498.72 6512.68 6529 6542.62 6561.79 6587.14 6616.57 6623.39 6652.47 6671.75 6687.32 6717.14 6739.51 6768.72 6803.04 6837.12 6864.2 6874.09 6871.67 6850.86 6834.2 6815.2
-9999 -9999 -9999 -9999 -9999 -9999 3350.746 3469.04 3670.63 3848.53 4002.77 4211.57 4356.59 4527.1 4663.75 4784.83 4926.42 5053.74 5166.41 5258.77 5396.99 5508.7 5614.36 5752.42 5857.8 5878.52 5875.6 5929.26 5974.32 6026.73 6065.71 6097.32 6139.32 6178.42 6216.79 6254.26 6290.37 6320.17 6365.19 6401.6 6415.02 6427.89 6424.6 6457.56 6458.56 6459.52 6497.63 6522.67 6546.3 6557.74 6564.7 6580.25 6604.63 6625.77 6629.69 6655.18 6674.05 6697.22 6715.65 6736.74 6761.95 6796.39 6821.98 6853.77 6880.34 6893.72 6890.36 6874.55 6858.74 6844.98
-9999 -9999 -9999 -9999 -9999 -9999 3360.449 3504.06 3681.91 3886.21 4073.34 4216.25 4336.26 4516.5 4641.86 4774.62 4906.2 5040.8 5168.52 5275.04 5381.78 5493.74 5614.41 5739.39 5790.17 5802.16 5871.73 5916.11 5978.55 6012.47 6054.92 6103.82 6138.68 6179.79 6223.34 6267.33 6306.04 6347.97 6376.35 6394.15 6425.69 6433.19 6462.41 6484.49 6495.72 6505.1 6538.05 6544.49 6562.44 6580.46 6587.7 6611.7 6621.71 6647.12 6666.95 6682.35 6703.31 6725.48 6752.64 6772.45 6794.08 6819.27 6846.69 6864.53 6884.05 6885.47 6879.24 6872.94 6858.38 6841.53
-9999 -9999 -9999 -9999 -9999 3281.589 3406.81 3560.88 3713.59 3919.38 4079.48 4193.12 4324.75 4490.02 4653.11 4755.18 4903.52 5027.74 5146.77 5251.1 5339.02 5459.42 5552.93 5642.97 5738.53 5822.11 5871.3 5908.88 5965.39 6007.14 6045.69 6090.19 6154.96 6199.62 6242.75 6271.66 6307.5 6356.82 6391.92 6426.17 6450.89 6472.83 6489.37 6515.88 6541.08 6555.79 6572.2 6580.86 6608.83 6633.03 6627.89 6647.91 6665.74 6676.78 6687.1 6714.38 6736.05 6752.94 6759.32 6787.47 6807.36 6834.02 6846.94 6850.58 6874.91 6863.15 6868.16 6862.95 6861.05 6848.68
-9999 -9999 -9999 -9999 -9999 3277.293 3411.51 3607.98 3793.91 4019.22 4104.62 4215.34 4319.82 4465.25 4619.99 4744.61 4889.49 5017.14 5125.36 5214.98 5304.91 5405.33 5493.21 5614.04 5707.14 5773.83 5825.85 5887.8 5939.82 5990.49 6047.07 6095.61 6150.16 6202.77 6255.47 6297.6 6332.74 6370.16 6407.05 6431.74 6467.98 6480.26 6511.87 6537.7 6554.48 6583 6598.67 6613.55 6639.95 6634.72 6652.66 6677.68 6694.49 6704.79 6708.95 6733.63 6737.7 6750.58 6761.17 6788.86 6802.46 6837.35 6853.3 6853.21 6855.09 6861.13 6858.06 6861.91 6855.72 6844.39
-9999 -9999 -9999 -9999 -9999 3286.778 3458.88 3734.57 3927.64 4041.24 4153.04 4193.35 4316.1 4443.97 4601.28 4736.72 4857.05 4971.47 5079.6 5189.17 5278.58 5398.74 5490.05 5586.81 5661.71 5737.36 5804.99 5864.68 5932.38 5979.44 6032.33 6086.32 6145.39 6197.2 6252.69 6303.7 6352.37 6386.01 6419.78 6453.71 6467.1 6497.15 6532.21 6554.31 6579.36 6606.56 6614.16 6638.35 6646.04 6663.58 6668.85 6702.39 6709.46 6734.77 6757.33 6751.31 6757.55 6778.14 6754.12 6809.72 6781.02 6809.94 6824.76 6837.86 6840.42 6847.38 6856.68 6870.44 6864.77 6854.98
-9999 -9999 -9999 3024.095 3134.88 3335.18 3552.71 3764.58 3882.07 3963.55 4076.02 4185.85 4315.73 4457.13 4572.02 4678.63 4802.75 4914.38 5047.97 5162.65 5268.26 5369.2 5454.55 5532.55 5610.81 5682 5761.14 5832.45 5896.23 5968.82 6024.83 6076.87 6133.51 6183.06 6241.54 6302.17 6350.86 6402.63 6436.05 6472.11 6489.75 6517.1 6548.69 6568.42 6604.13 6624.8 6643.84 6663.73 6669.88 6671.19 6709.47 6722.76 6745.65 6762.95 6772.48 6787.82 6797.43 6812.62 6828.19 6847.92 6848.24 6857.51 6870.67 6878.87 6849.45 6829.05 6839.08 6854.72 6867.86 6855.16
-9999 -9999 2861.641 3014.419 3200.93 3395.12 3586.99 3692.88 3831.89 3976.67 4080.28 4193.81 4328.47 4488.47 4605.22 4720.8 4819 4943.03 5045 5139.48 5238.11 5338.65 5417.72 5487.29 5547.21 5606.22 5698.88 5789.68 5873.29 5946.25 6015.14 6077.74 6135.15 6197.44 6248.31 6295.93 6347.18 6399.03 6440.73 6480.36 6499.39 6541.4 6561.68 6594.09 6603.26 6641.89 6660.89 6674.86 6695.77 6719.35 6734.41 6736.27 6763.26 6771.4 6788.5 6797.32 6813.3 6844.17 6863.15 6861.03 6855.11 6858.55 6879.38 6872.42 6868.33 6867.93 6854.9 6858.77 6859.79 6845.91
-9999 -9999 2946.06 3120.07 3290.06 3458.47 3610.48 3733.47 3869.48 4000.56 4101.56 4228.25 4375.74 4503.33 4610.18 4719.68 4829.23 4924.42 5019.72 5117.51 5201.42 5299.94 5382.77 5460.76 5522.68 5580.89 5663.85 5768.73 5860.18 5932.84 6006.44 6064.5 6120.4 6184.71 6237.44 6290.61 6346.28 6388.18 6438.62 6476.52 6514.63 6543.79 6571.57 6589.53 6615.47 6628.22 6649.05 6683.75 6703.16 6735.46 6739.76 6745.19 6767.83 6786.69 6812.63 6824.43 6840.3 6865.44 6864.49 6867.03 6878.31 6890.4 6894.47 6887.54 6879.23 6880.19 6875.23 6866.9 6854.99 6850.58
-9999 -9999 3046.14 3212.42 3389.06 3609.97 3680.19 3806.29 3928.64 4036.18 4139.22 4279.29 4397.54 4513.27 4613.45 4716.43 4815.07 4906.64 5009.23 5098.43 5179.65 5275.33 5351.76 5437.03 5523.2 5592.82 5666.17 5760.33 5848.31 5920.93 5992.32 6052.62 6108.07 6166.96 6224.08 6290.53 6333.91 6388.33 6436.83 6476.32 6516.23 6539.35 6554.75 6582.18 6597.54 6640.48 6659.71 6678.37 6692.43 6724.49 6749.12 6773.34 6786.06 6808.8 6828.38 6848.34 6860.95 6866.38 6861.28 6880.91 6891.32 6898.22 6886.05 6878.32 6881.86 6873.78 6866.46 6857.15 6850.47 6842.29
-9999 3058.188 3173.03 3344.32 3550.33 3650.26 3751.32 3874.97 3971.3 4079.126 4194.34 4309.38 4426.65 4538.39 4627.49 4719.42 4799.49 4904.09 4997.14 5075.23 5171.53 5258.71 5340.04 5423.91 5505.25 5592.08 5673.37 5758.88 5846.81 5917.76 5984.04 6033.24 6097.2 6148.1 6210.45 6265 6315.62 6365.54 6421.19 6463.24 6497.3 6512.89 6538.52 6572.78 6605.08 6626.55 6649.88 6674.99 6703.88 6731.56 6758.18 6781.9 6808.72 6830.04 6843.94 6864.88 6879.21 6869.08 6879.44 6899.58 6902.78 6904.98 6889.11 6886.23 6888.69 6881.93 6851.87 6839.95 6831.2 6828.09
-9999 3174.22 3323.45 3496.92 3666.85 3773.02 3818.734 3926.011 4022.747 4137.05 4249.96 4345.34 4452.74 4542.04 4619.22 4716.65 4801.38 4892.62 4982.92 5068.45 5150.15 5239.69 5322.05 5411.56 5495.59 5585.3 5671.07 5757.65 5845.74 5921.12 5975.01 6029.48 6072.55 6129.67 6185.42 6236.69 6289.31 6340.2 6394.57 6449.22 6480.55 6498.88 6543.9 6573.85 6586.94 6631.14 6670.09 6698.94 6730.21 6745.74 6779.85 6799.46 6810.71 6827.3 6847.91 6876.46 6890.13 6887.72 6902.56 6902.35 6904.61 6914.07 6895.72 6884.66 6892.13 6854.11 6847.68 6837.35 6822.74 6818.53
-9999 3333.775 3499.28 3653.01 3802.85 3881.928 3914.418 4001.64 4091.65 4197.03 4281.82 4362.9 4456.72 4535.47 4631.22 4715.92 4799.51 4883.26 4964.67 5065.76 5144.42 5237.3 5316.67 5403.39 5490.08 5579.42 5670.34 5756.89 5844.41 5928.52 5986.18 6002.7 6029.39 6090.36 6157 6216.59 6271.51 6323.7 6380.23 6430.48 6459.12 6503.33 6530.31 6565.4 6612.06 6644.38 6671.9 6704.83 6739.18 6768.09 6779.1 6786 6824.91 6860.8 6870.47 6889 6889.35 6895.01 6912.28 6920.89 6915.53 6907.6 6901.41 6889.68 6886.67 6862.42 6850.71 6840.39 6840.44 6829.48
-9999 3445.54 3611.79 3753.99 3871.08 3918.267 3992.185 4073.34 4158.76 4245.98 4328.13 4409.75 4498.11 4571.49 4641.07 4727.12 4806.42 4890.09 4970.14 5056.84 5135.55 5225.53 5320.87 5411.49 5491.61 5579.08 5665.4 5754.72 5836.8 5916.85 6000.96 6015.3 6031.49 6077.38 6147.86 6195 6261.63 6319.76 6369.9 6418.21 6464.55 6507.78 6537.65 6587.5 6631.77 6663.24 6700.86 6715.21 6742.11 6762.75 6791.49 6813.68 6831.59 6854.54 6872.28 6891.13 6904.92 6910.64 6926.03 6932.42 6928.39 6924.01 6910.16 6904.72 6890.61 6877.39 6858.65 6848.75 6842.73 6847.19
3394.63 3537.51 3672.45 3843.97 3962.468 -9999 -9999 4136.64 4213.16 4285.2 4355.46 4441.62 4523.25 4594.43 4667.32 4752.21 4825.68 4903.28 4974.68 5051.93 5134.86 5220.44 5308.09 5406.45 5494.48 5564.17 5650.15 5730.66 5822.05 5893.97 5968.12 6005.7 6042.73 6088.54 6145.24 6205.5 6274.19 6328.33 6367.78 6428.09 6480.94 6529.26 6563.94 6600.09 6652.32 6685.35 6704.94 6713.92 6752.03 6782.73 6811.03 6835.29 6850.04 6853.03 6885.37 6905.49 6907.17 6904.42 6928.18 6934.5 6937.21 6933.64 6918.35 6907.77 6908.18 6901.44 6905.3 6879.78 6858.03 6844.52
3406.36 3533.521 3685.743 3878.247 4001.156 4060.875 4120.168 4174.45 4242.12 4315.11 4394.21 4467.38 4531.24 4603.43 4690.5 4768.97 4843.05 4907.26 4977.34 5042.11 5131.74 5212.89 5313.59 5396.67 5476.24 5562.25 5627.15 5703.92 5796.68 5877.75 5940.25 5989.49 6033.5 6079.22 6141.91 6199.02 6261.51 6319.62 6363.84 6411.3 6471.19 6526.01 6561.05 6622.56 6656.29 6672.41 6705.26 6745.59 6768.91 6799.61 6823.08 6845.83 6855 6857.47 6878.92 6883.53 6893.44 6909.41 6920.06 6927.61 6940.9 6946.98 6935.41 6930.94 6918.78 6917.51 6920.38 6897.16 6861.29 6858.47
-9999 -9999 -9999 3880.108 3970.221 4062.905 4139.77 4196.51 4255.93 4323.88 4399.83 4467.81 4541.16 4634.79 4722.05 4790.09 4859.65 4926.1 4973.06 5033.06 5116.06 5199.21 5285.8 5384.86 5462.19 5524.84 5610.55 5694.47 5773.6 5861.54 5938.53 5995.77 6042.78 6088.46 6142.4 6202.66 6263.61 6318.88 6365.94 6413.57 6477.46 6516.13 6585.48 6625.37 6634.36 6691.72 6719 6750.23 6774.12 6801.67 6820.58 6836.89 6850.77 6859.6 6895.15 6893.18 6909.95 6929.29 6931.77 6935.86 6944.59 6948.78 6944.97 6940.73 6936.87 6932.01 6910.25 6890.52 6901.1 6866.91
