layers/wordclim/current/bio_19.asc
ncols         166
nrows         93
xllcorner     -9.4959440078468
yllcorner     36.000324005443
cellsize      0.083333337679505
NODATA_value  -9999
[rows 0 to 32 of 93, columns 0 to 73 of 166]
-9999 -9999 -9999 -9999 -9999 -9999 -9999 -9999 -9999 -9999 -9999 -9999 -9999 -9999 -9999 -9999 -9999 350.0488 376.9028 335.0298 331.5303 332.7614 320.1159 314.1667 -9999 -9999 -9999 -9999 -9999 -9999 -9999 -9999 -9999 -9999 -9999 -9999 -9999 -9999 -9999 -9999 -9999 -9999 -9999 -9999 -9999 -9999 -9999 -9999 -9999 -9999 -9999 -9999 -9999 -9999 -9999 -9999 -9999 -9999 -9999 -9999 -9999 -9999 -9999 -9999 -9999 -9999 -9999 -9999 -9999 -9999 -9999 -9999 -9999 -9999
-9999 -9999 -9999 -9999 -9999 -9999 -9999 -9999 -9999 -9999 -9999 -9999 -9999 -9999 -9999 -9999 350 353.3158 362.34 343.33 360.07 358.9 329.5555 344.62 334.37 310.1237 -9999 -9999 -9999 -9999 -9999 -9999 -9999 -9999 -9999 -9999 -9999 -9999 -9999 -9999 -9999 -9999 -9999 221.3594 219.6731 -9999 -9999 -9999 -9999 -9999 -9999 -9999 -9999 -9999 -9999 -9999 -9999 -9999 -9999 -9999 -9999 -9999 -9999 -9999 -9999 -9999 -9999 -9999 -9999 -9999 -9999 -9999 -9999 -9999
-9999 -9999 -9999 -9999 -9999 -9999 -9999 -9999 -9999 -9999 -9999 -9999 -9999 -9999 356.537 348.6421 354.0505 358.36 364.83 380.98 388.69 377.28 359.59 371.78 323.38 300.89 293.5158 289.7089 282.9718 266.9636 264.1 260.0238 259.6974 247.2987 254.4051 243.1364 241.0685 243.75 243.6818 236.1959 230.141 225.119 220.6364 218.37 218.7 212.6883 211.8525 215.95 217.2034 -9999 -9999 -9999 -9999 -9999 -9999 -9999 -9999 -9999 -9999 -9999 -9999 -9999 -9999 -9999 -9999 -9999 -9999 -9999 -9999 -9999 -9999 -9999 -9999 -9999
-9999 -9999 -9999 -9999 -9999 -9999 -9999 -9999 -9999 -9999 -9999 -9999 -9999 -9999 -9999 -9999 374.6465 395.28 398.82 382.33 390.7 402.18 403.72 396.7 359.41 320.55 299.25 307.81 281.76 276.0505 287.86 289.84 285.79 262.24 283.67 261.87 249.4 252.68 261.46 237.26 224.101 229.2 227.97 219.76 215.28 214.36 219.68 220.64 211.67 214.37 217.3 220.3974 214.4487 214.1695 217.68 -9999 -9999 -9999 -9999 -9999 -9999 -9999 -9999 -9999 -9999 -9999 -9999 303.6028 -9999 323.381 336.1146 343.3103 353.8261 -9999
-9999 -9999 -9999 -9999 -9999 -9999 -9999 -9999 -9999 -9999 -9999 -9999 -9999 -9999 362.3582 360.4375 381.33 401.11 400.73 404.12 388.18 384.65 377.65 384.21 364.84 349.75 329.05 304.23 298.99 317.92 332.96 309.26 284.71 286.24 289.67 260.94 270.35 275.71 249.07 231.48 225.34 216.06 212.79 216.44 211.61 210.86 212.26 211.53 210.86 210.32 210.91 206.04 207.65 217.34 220.8 226.41 236.85 231.7234 230.5309 230.8082 235.6623 241.2051 249.6528 259.6265 267.9898 274.25 285.28 295.1 305.5833 314.2 325.93 335.04 342.2738 356.18
-9999 -9999 -9999 -9999 -9999 -9999 355.963 354.7625 367.3513 -9999 383.5811 386.6265 386.75 372.2525 369.3 -9999 390.66 407.25 422.95 408.07 390.23 376.72 367.11 351.9 351.71 340.95 333.61 308.66 333.92 335.2 321.83 286.51 291.25 313.69 302.78 268.66 252.66 248.7 254.24 239.81 239 233.68 222.81 212.45 210.38 208.41 210.46 218.59 219.59 212.26 222.3 214.31 209.98 224.25 237.82 237.52 228.68 238.16 229.72 235.74 234.78 242.36 247.33 252.85 261.96 267.21 275.86 285.15 295.4 304.23 312.55 320.96 330.61 339.72
-9999 -9999 -9999 -9999 -9999 -9999 366.4795 372.08 381 385.69 405.16 442.09 434.43 419.16 396.28 395.88 417.9 421.54 424.2 408.15 396.47 373.73 363.64 347.91 339.43 337.76 341.07 324.13 328.62 328.66 304.84 283.9 310 322.46 283.99 264.41 260.94 282.8 267.59 267.96 262.53 233.77 270.01 229.54 206.79 215.54 217.6 212.78 215.09 216.68 242.94 227.81 222.1 248.81 308.73 277.91 292.02 282.09 232.23 243.77 238.78 238.01 241.35 250.2 253.38 257.61 266.3 273.84 281.33 290.62 302.77 304.37 312.96 321.95
-9999 -9999 -9999 -9999 336.1183 365.72 378.2 409.54 430.91 437.02 458.5 457.78 451.12 454.15 441.57 445.79 448.33 436.81 430.54 410.61 398.8 383.43 360.34 349.86 344.03 345.57 350.05 328.62 350.39 328.45 326.15 296.73 309.57 316.22 287.76 273.19 293.8 315.05 274.35 291.3 270.56 274.34 239.22 233.61 213.73 227.61 220.96 219.69 238.88 252.42 238.49 247.03 259.23 238.49 268.9 284.93 267.05 226.35 217.02 226.65 260.27 245.84 243.36 245.78 248.79 247.91 257.84 260.7 268.99 283.25 290 291.14 293.75 300.51
-9999 -9999 -9999 328.9175 352.03 395.98 410.14 431.91 447.43 462.66 464.16 467.31 454.51 455.75 453.39 447.62 445.68 445.44 450.55 427.72 400.64 388.43 367.23 356.71 355.95 350.64 357.39 352.24 325.83 320.33 293.52 290.6 318.34 332.47 293.12 318.41 308.1 353.95 349.54 328.84 351.21 311.36 323.91 250.33 223.81 280.41 283.25 263.05 278.41 283.81 251.24 267.45 245.52 237.01 260.26 257.97 286.87 281.43 257.42 239.56 249.74 280.45 262.78 242.47 242.25 243.09 247.83 251.03 257.92 262.03 264.86 269.85 275.36 280.97
-9999 -9999 -9999 326.4824 377.8182 406 427.09 440.42 450.11 462.49 467.49 468.57 469.86 471.66 469.32 462.75 448.11 453.96 444.1 437.14 410.3 401.4 382.76 354.06 340.47 336.82 352.32 341.91 336.26 301.97 298.62 316.5 311.68 328.38 326.6 336.16 347.46 315.8 307.53 300.11 306.67 282.6 280.85 289.19 266.45 254.66 262.39 245.44 262.54 244.51 219.15 233.73 233.63 228.74 223 243.17 273.6 279.28 265.16 240.77 231.34 269.59 254.79 229.33 227.93 230.26 232.87 237.32 241.42 245.1 248.57 252.61 257.89 262.83
-9999 -9999 -9999 -9999 364.8448 423.12 433.9 436.08 459.93 450.24 445.6 480.98 496.61 473.11 467.44 458.27 436.18 431.63 428.47 424.07 419.17 393.97 370.15 349.67 334.17 334.69 339.18 350.02 320.83 309.29 330.38 357.79 377.3 365.41 327.27 324.21 309.63 315.32 338.59 312.61 318.4 310.44 273.51 242.24 270.53 236.54 226.37 218.21 232.36 209.54 204.94 220.69 209.66 221.79 211.67 233.44 235.43 235.79 234.13 215.32 210.24 212.97 215.23 213.93 216.74 217.65 223.43 221.71 226.16 228.75 235.57 238.27 241.11 245.46
-9999 -9999 -9999 -9999 368.325 387.8281 400.394 412.6483 494.6 469.32 461.95 460.08 476.68 462.33 456.58 477.54 459.23 454.77 451.09 425.71 422.63 401.76 364.65 370.82 358.44 329.17 358.67 360.37 340.1 338.28 342.82 390.33 346.43 312.65 279.47 277.31 304.06 331.36 324.21 309.2 275.84 248.94 228.16 218.31 208.97 214.17 192.07 186.75 191.88 184.59 186.19 188.89 188.34 195.44 189.74 200.84 208.49 197.37 198.14 202 198.33 197.74 196.08 198.7 204.97 203.05 206.03 213 212.62 217.83 223.94 224.05 226.92 227.93
-9999 -9999 -9999 -9999 -9999 -9999 475.0326 450.31 475.83 456.8 481.98 501.44 491.64 519.92 502.46 491.8 489.56 469.2 467.61 460.9 416.48 379.87 393.91 387.46 361.66 354.78 374.28 397.06 392.99 368.07 338.55 346.96 301.09 269.93 264.2 253.31 265.78 264.98 253.1 250.48 254.34 242.44 219.37 200.44 189.9 188.16 173.08 168.55 172.59 165.67 174.31 169.99 173.85 173.89 178.66 184.17 184.74 184.58 182.35 186.18 182.33 184.63 185 191.67 194.69 195.5 196.15 198.95 199.82 204.94 212.38 211.08 207.79 215.24
-9999 -9999 -9999 -9999 -9999 408.0169 456.7128 -9999 -9999 497 501.56 536.1 549.7 554.21 552.13 506.34 490.71 489.58 480.61 469.32 414.94 381.53 383.33 365.26 328.63 350.62 382.2 369.03 374.64 383.9 338.04 304.98 273.18 247.63 236.34 234.94 228.42 225.25 230.79 240.36 221.91 204.59 196.46 183.02 175.67 169.85 155.94 154.32 154.89 155.43 158.98 157.1 164.2 160.46 167.84 171.33 170.48 171.87 168.68 171.87 170.92 169.74 172.75 178.86 180.77 184.44 185.69 188.42 190.44 194.56 195.34 193.56 192.52 195.23
-9999 -9999 -9999 -9999 -9999 -9999 -9999 431.5 464.8795 488.32 525.47 554.48 563.06 557.72 556.93 534.8 507.37 502.4 492.72 457.59 425.37 381.81 369.56 328.77 322.11 331.42 350.29 351.36 375.16 367.69 334.27 283.36 255 235.69 231.27 233.68 256.39 267.03 262.58 244.18 212.75 194.23 184.88 170.3 162.6 155.55 148.21 145.19 144.32 146.01 147.31 151.85 153.47 150.57 156.11 159.56 157.38 159.84 159.62 159.15 161.14 159.75 160.76 163.09 165.04 167.31 170.83 176.95 177.5 179.23 177.63 179.64 186.15 187.14
-9999 -9999 -9999 -9999 -9999 -9999 -9999 460.7083 498.3587 554 527.6 563.57 582.85 586.12 557.59 516.51 482.01 455.64 434.39 419.6 401.07 381.59 356.61 342.17 353.98 345.67 330.59 321.37 357.58 328.43 303.42 277.43 259.08 277.35 302.4 283.96 299.67 294.96 251.45 220.85 199.5 183.69 175.88 162.16 155.53 149.41 143.83 139.15 138.21 139.46 141.91 144.26 144.09 142.49 146.42 149.75 148.11 147.09 147.77 148.42 148.64 149.78 151.56 152.63 154.29 156.27 161.26 164.06 163.56 164.3 167.58 172.28 175.4 176.32
-9999 -9999 -9999 -9999 -9999 -9999 -9999 -9999 -9999 563.9853 556.4409 578.64 580.35 590.9 563.33 498.71 432.88 426.05 393.02 369.12 363.91 419.85 422.05 387.38 372.37 396.39 385.6 315.14 297.54 335.59 335.02 296.62 328.66 327.01 302.38 344.53 337.91 298.68 246.22 220.91 199.64 180.52 166.04 156.89 150.37 144.61 139.71 134.96 134.98 135.46 135.54 136.88 135.95 135.4 137.92 140.17 139.84 138.47 138.75 138.86 139.87 140.43 141.64 143.02 145.21 149.07 151.89 152.1 151.91 152.08 156.76 163.34 168.05 178.31
-9999 -9999 -9999 -9999 -9999 -9999 -9999 -9999 523.2051 580.5606 -9999 602.39 590.56 573.94 581.42 512.2 419.22 411.16 418.41 370.64 372.4 413.3 411.77 442.96 442.08 430.68 440.21 356.24 333.22 352.1 380.18 378.08 376.67 361.05 327.64 288.03 290.4 305.04 264.69 220.19 191.65 175.63 162.6 152.69 145.86 140.33 135.73 130.8 132.44 133.28 130.45 129.95 129.16 129.61 130.97 131.88 132.49 131.87 130.49 130.83 131.28 132.84 134.01 136.16 139.36 144.12 143.45 142.38 143.76 146.3 151.79 156.49 163.99 175.23
-9999 -9999 -9999 -9999 -9999 -9999 -9999 -9999 -9999 564.8132 600.85 564.24 538.76 560.94 550.2 482.8 439.24 434.42 419.33 420.31 414.09 415.83 398.92 449.17 477.43 478.77 482.69 418 352.92 375.31 385.04 410.32 431.67 404.33 359.4 344.41 316.49 273.76 247.61 213.48 190.93 174.41 163.11 150.29 141.68 136.29 131.75 127.7 128.81 126.95 125.15 124.36 124.41 125.61 125.79 125.7 125.22 125.76 124.54 123.39 123.98 126.54 128.24 131.66 135.09 134.08 134.76 136.75 138.28 140.88 145.33 151.36 164.55 185.15
-9999 -9999 -9999 -9999 -9999 -9999 -9999 -9999 528.5604 618.21 536.27 539.23 506.67 536.36 460.75 481.79 498.36 521.44 488.57 475.79 459.69 423.15 420.44 428.71 449.76 466.1 441.05 396.85 367.7 392.14 405.68 421.95 401.29 333.29 299.07 286.15 270.47 245.57 219.78 196.8 183.86 168.61 156.87 148.33 137.57 132.83 127.54 124.67 123.15 121.13 120.83 120.21 121.41 122.6 121.52 121.14 120.03 118.52 118.64 116.49 120.78 124.75 125.27 127.44 126.39 129.55 130.08 131.66 134.07 137.91 143.48 150.9 150.06 154.7
-9999 -9999 -9999 -9999 -9999 -9999 -9999 589.6349 607.09 561.8 525.76 519.06 521.59 494.23 559.03 598.02 607.25 569.8 524.6 481.81 454.37 435.3 419.63 432.05 379.94 417.2 411.87 386.83 389.41 391.83 395.03 394.68 382.66 310.18 285.56 267.55 247.96 230.11 209.67 191.3 175.44 162.26 151.02 142.99 135.43 128.29 122.86 120.98 119.15 118.96 116.57 117.32 118.64 118.17 118.61 118.22 117.03 114.97 113.78 111.83 116.42 117.41 118.15 121.48 124.65 126.85 127.08 128.09 129.85 131.88 135.6 140.21 146.99 145.43
-9999 -9999 -9999 -9999 -9999 -9999 -9999 568.1334 529.27 535.48 552.04 609.25 565.2 571.83 629.49 581.3 547.45 509.04 508.25 529.16 521.24 483.15 457.5 418.61 355.99 385.75 392.21 365.75 367.8 367.18 352.38 347.38 355.71 296.57 276.2 264.04 251.36 225.9 207.24 190.61 175.92 160.24 147.9 138 129.71 123.22 119.4 117.13 115.3 113.93 113.44 114.63 116.45 115.89 116.27 116.26 116.36 116.83 117.36 112.4 111.12 114.46 117.55 120.62 124.05 126.34 126.23 127.46 129.96 132.44 135.03 142.02 146.6 152.88
-9999 -9999 -9999 -9999 -9999 -9999 -9999 525.7273 539.6932 584.4 571.44 606.71 533.02 527.13 538.57 526 510.62 554.54 583.51 565.4 545.57 526.08 451.93 423.06 360.41 381.35 401.07 363.89 349.8 357.91 342.33 323.81 311.5 277.82 268.8 248.3 237.8 225.71 214.58 201.93 183.56 166.5 147.35 136.79 126.98 119.86 115.25 112.19 110.18 109.52 110.29 111.46 112.98 114.48 117.53 118.94 119.69 118.91 116.85 111.93 113.28 115.49 117.55 120.24 122.82 124.37 125.95 125.95 127.76 129.22 130.93 134.62 138.4 142.55
-9999 -9999 -9999 -9999 -9999 -9999 -9999 -9999 562.27 583.58 515.29 530.88 506.67 510.49 531.34 586.75 599.84 612.52 552.15 557.63 532.53 515.24 478.39 425.91 362.06 381.75 403.59 357.86 344.37 329.62 334.07 336.72 301.27 268.66 269.26 242.69 229.42 221.15 201.7 183.86 174.8 162.84 144.61 129.59 121.55 116.06 110.67 108.4 108.06 108.6 107.53 108.68 112.41 116.07 118.35 119.54 120.71 118.74 115.17 114.11 115.08 115.11 116.76 118.05 119.81 121.22 120.99 122.24 124.21 124.78 126.17 127.41 129.62 131.4
-9999 -9999 -9999 -9999 -9999 -9999 -9999 -9999 529.4778 519.5204 533.43 538.38 545.65 513.04 524.35 535.94 532.54 511.88 540.63 555.18 541.62 497.81 443.95 399.2 393.69 417.34 378.97 341.97 318.91 328.28 340.69 352.11 303.3 284.86 259.78 237.18 232.95 220.01 201.56 182.38 164.82 152.97 140.13 126.87 117.06 110.81 106.55 104.15 104.2 105.03 106.59 109.87 112.59 114.28 116.83 119.19 120.78 118.86 117.85 116.22 115.21 114.92 116.06 117.83 118.43 120.34 117.44 117.51 118.91 121.07 121.5 123.3 125.56 126.99
-9999 -9999 -9999 -9999 -9999 -9999 -9999 -9999 513.2763 527.14 524.7 508.77 476.73 474.27 475.4 509.68 515.86 571.6 569.23 539 492.7 472.13 432.1 404.4 453.71 397.54 355.27 320.01 304.71 319.32 335.64 329.54 310.75 276.69 253.44 234.63 224.83 211.2 198.28 180.01 165.39 149.43 134.05 122.07 113.24 105.68 102.51 103.58 103.06 103.95 104.63 105.28 107.92 111.07 114.52 117.35 117.65 117.44 116.67 114.73 114.14 114.62 114.61 113.88 114.03 117.43 116.23 119.19 119.94 120.32 120.7 122.56 124.02 124.77
-9999 -9999 -9999 -9999 -9999 -9999 -9999 -9999 -9999 516.88 499.09 492.68 485.22 511.41 487.63 485.16 532.43 522.14 500.77 490.03 459.46 500.54 478.74 490.01 452.95 383.29 336.56 311.84 311.71 321.84 320.99 302.41 287.11 256.07 242.18 228.94 222.06 211.61 191.05 174.21 158.84 148.1 132.7 119.59 108.49 100.01 98.08 99.42 99.46 99.44 99.81 101.58 103.24 106.91 109.05 110.37 112.37 113.43 112.74 114.52 114.12 114.97 116.3 115.83 116.14 117.4 120.44 122.18 122.63 123.57 127.36 127.22 129.48 126.22
-9999 -9999 -9999 -9999 -9999 -9999 -9999 -9999 -9999 498.52 503.62 492.95 502.21 482.41 483.81 494.94 518.74 514.23 442.06 489.7 537.84 532.52 513.1 474.32 430.37 406.67 380.07 321.65 319.7 341.97 352.88 295.73 268.31 249.92 239.04 226.61 219.55 207.15 185.23 174.58 160.54 143.36 130.9 117.48 105.86 99.68 97.39 98.13 97.41 96.65 96.88 99.1 100.08 102.4 104.58 107.84 108.97 109.41 110.5 112.33 113.13 113.94 114.8 116.04 117.02 117.96 119.96 125.66 132.57 134.34 133.03 125.73 126.18 129.07
-9999 -9999 -9999 -9999 -9999 -9999 -9999 -9999 -9999 491.4445 486.91 478.74 472.64 475.19 488.5 480.71 516.49 496.54 451.45 512.16 587.66 513.32 503.2 477.96 426.73 371.09 348.98 336.73 336.08 311.18 316.35 283.98 271.41 275.69 266.53 244.79 220.52 198.38 188.25 176.75 162.76 147.78 133.21 121.15 110.56 105.38 102.39 99.4 98.75 98.34 98.39 98.86 99.89 101.34 103.51 105.23 105.48 105.91 107.55 108.12 108.12 109.9 111.77 113.37 115.63 117.51 118.41 124.53 130.98 128.7 127.15 126.55 127.79 129.06
-9999 -9999 -9999 -9999 -9999 -9999 -9999 -9999 -9999 486.038 488.11 479.35 494.99 509.77 492.16 470.31 471.99 445.76 522.13 560.84 497.59 477.65 493.79 439.05 449.52 384.33 400.12 380.05 318.94 301.2 297.89 273.17 278.83 280.69 259.54 233.09 209.43 201.54 190 175.9 162.73 149.65 138.24 127.69 118.81 112.93 106.85 102.64 99.25 96.79 99.15 98.71 98.54 99.09 99.54 100.44 101.8 103.18 103.94 104.93 106.02 107.79 110.02 113.24 115.71 118.2 120.28 122.72 126.73 125.02 127.11 132.65 141.6 147.49
-9999 -9999 -9999 -9999 -9999 -9999 -9999 -9999 -9999 477.9434 469.91 465.84 468.53 482.02 470.77 473.28 446.76 522.9 547.53 538.72 440.15 461.43 456.95 402.74 397.19 396.34 418.78 395.04 311.57 309.33 311.95 289.6 289.33 271.13 254.81 234.35 227.22 211.67 192.24 175.56 160.99 150.47 140.24 133.29 122.01 112.67 108.44 106.56 102.78 99.39 98.17 98.01 97.08 97.09 97.38 98.04 99.41 100.22 101.98 102.5 104.21 106.6 109.37 112.78 116.12 119.18 121.52 124.44 127.72 129.35 130.18 142.66 166.82 166.63
-9999 -9999 -9999 -9999 -9999 -9999 -9999 -9999 -9999 -9999 452.0968 441.91 447.86 464.27 471.77 457.17 471.58 485.37 474.84 485.03 443.78 454.55 442.46 422.19 419.7 390.76 366.16 345.69 304.62 326.22 317.23 288.83 274.93 268.1 263.6 245.44 228.36 213.74 198.6 181.54 163.86 148.63 137.95 126.79 116.99 110.35 106.83 105.81 103.3 100.5 98.12 97.92 97.1 96.99 96.47 96.19 97.12 97.54 99.54 100.65 102.08 105.56 109.4 112.48 116.93 122.27 126.84 129.21 131.71 137.9 150.81 164.26 161.67 146.79
-9999 -9999 -9999 -9999 -9999 -9999 -9999 -9999 -9999 -9999 441.0119 451.52 437.54 446.49 453.9 484.97 554.4 536.07 596.32 575.48 510.98 521.62 493.55 485.83 475.41 445.68 397.7 372.38 315.42 306.86 291.35 278.99 264.63 269.41 262.84 245.99 231.66 214.75 201.1 185.94 169.45 154.6 140.62 128.22 117.48 109.95 108.56 107.71 106.22 103.45 100.05 98.28 97.39 96.81 95.19 95.38 95.46 95.17 96.72 98.15 100.6 104.6 107.81 113.74 120.27 125.72 131.1 149.48 152.94 153.76 136.06 136.03 150.7 140.55
