layers/wordclim/current/bio_05.asc
ncols         166
nrows         93
xllcorner     -9.4959440078468
yllcorner     36.000324005443
cellsize      0.083333337679505
NODATA_value  -9999
[rows 33 to 65 of 93, columns 0 to 72 of 166]
-9999 -9999 -9999 -9999 -9999 -9999 -9999 -9999 -9999 -9999 241.7209 245.76 250.66 255.26 260.45 264.21 261.88 249.31 242.71 250.44 253.02 254.18 266.78 279.35 270.03 264.72 277.44 292.16 297.97 291.37 291.61 295.66 288.7 287.42 287.27 288.12 287.55 286.19 287.38 288.87 288.41 289.09 292.19 293.5 293.87 294.53 294.74 293.09 292.03 290.22 290.31 289.92 289.53 289.2 289.16 287.96 287.92 288.1 285.45 283.31 281.09 281.22 281.36 280.03 274.23 269.19 250.66 242.4 259.24 271.19 276.35 278.56 274.01
-9999 -9999 -9999 -9999 -9999 -9999 -9999 -9999 -9999 -9999 239.398 244.96 250.06 251.88 243.62 248 254.94 268.12 269.94 268.77 262.48 260.7 262.46 269.85 267.4 265.41 277.06 291.09 293.51 286.7 283.12 287.58 290.76 286.08 285.26 286.27 288.14 288.89 290.62 291.38 291.1 291.44 292.65 292.4 292.54 292.74 291.76 291.22 291.94 291.36 289.63 289.05 286.87 286.75 287.3 287.68 288.12 287.18 284.74 280.89 278.36 279.04 278.76 276.79 270.64 263.83 241.15 262.81 256.01 263.03 276.93 284.57 289.05
-9999 -9999 -9999 -9999 -9999 -9999 -9999 -9999 -9999 -9999 237.6404 244.96 251.26 247.61 256.98 256.44 262.01 276.08 276.81 273.32 270.61 270.62 272.28 270.92 271.72 267.21 278.88 287.8 286.9 290.4 284.91 282.55 286.52 288.37 285.82 285.22 286.86 290.02 290.58 291.3 291.67 290.55 290.8 289.68 288.7 287.35 288.39 293.01 291.59 291.24 290.43 288.48 285.36 283.12 283.18 285.74 283.27 284.56 281.54 278.24 274.83 274.48 274.08 267.04 249.66 248.34 240.38 250.16 271.64 284.41 288.68 295.24 293.13
-9999 -9999 -9999 -9999 -9999 -9999 -9999 -9999 -9999 226.5676 236.4348 245.51 253.72 259.84 258.85 265.91 266.12 275.09 273.99 274.71 280 281.78 282.46 279.46 279.36 282.4 284.74 283.53 280.13 281.97 283.88 280.34 283.88 286.35 288.8 284.83 286.52 290.26 290.32 289.69 289.86 290.62 288.12 285.85 285.34 290.12 293.92 293.23 291.25 289.36 287.54 284.35 277.92 277.85 275.13 273.76 273.75 277.51 275.11 273.19 265.27 265.97 262.21 260.82 265.71 275.32 277.36 284.13 287.23 285.21 295.55 301.78 297.28
-9999 -9999 -9999 -9999 -9999 -9999 -9999 -9999 -9999 227.6757 237.2784 248.07 257.48 263.13 263.84 257.21 256.34 276.19 281.42 284.12 285.21 283.26 280.57 284.99 290.19 287.2 283.55 267.16 272.15 277.49 277.85 279.57 281.87 287.94 292.11 292.82 290.64 287.98 287.2 286.13 284.85 283.15 286.56 290.23 290.96 292.08 292.34 291.15 288.2 283.56 278.75 275.77 268.98 268.58 270.24 273.71 278.16 278.44 273.87 269.08 265.13 262 263.79 259.79 277.28 289 284.33 287.08 297.51 300.6 305.32 307.46 301.6
-9999 -9999 -9999 -9999 -9999 -9999 -9999 -9999 -9999 233.38 242.15 252.55 262.11 268.71 265.32 254.99 279.78 284.46 288 286.94 289.13 289.65 291.42 285.33 260.32 253.74 263.27 265.02 269.77 274.44 278.69 276.5 282.47 289.09 291.14 293.37 292.81 283.36 278.1 269.74 281.06 284.95 292.64 295.19 291.26 289.92 292.6 289.14 283.94 282.58 281.27 272.48 261.56 272.1 276.47 274.68 269.81 268.94 272.01 280.47 276.46 282.62 282.16 278.62 289.98 294.31 299.69 301.98 305.61 303.58 308.13 310.74 308
-9999 -9999 -9999 -9999 -9999 -9999 -9999 -9999 235.0484 240.28 248.77 258.2 267.75 272.45 273.45 279.6 285.47 289.92 290.96 292.17 290.14 287.57 263.03 233.05 245.23 258.7 272.41 265.22 272.28 277.8 277.57 275.78 284.87 287.65 284.83 287.42 289.46 285.78 285.31 287.05 289.68 306.03 306.08 299.17 298.43 289.28 288.35 290.96 289.85 283.59 269.8 257.78 256.33 259.5 257.21 264.26 277.71 285.32 292.14 292.2 297.06 301.58 296.58 296.8 302.57 306.3 308.45 304.45 307.96 307.22 309.58 316.82 316.55
-9999 -9999 -9999 -9999 -9999 -9999 -9999 -9999 240.0879 246.89 255.5 264.63 274.08 276.49 282.42 289.61 291.88 293 292.48 288.96 286.51 260.86 214.25 232.64 271.54 288.47 290 276.86 272.58 275.69 272.7 274.74 277.99 281.16 283.91 285.24 276.92 285.56 290.21 306.15 312.75 310.91 302.55 299.43 286.7 263.79 270.26 288.49 283.74 266.29 260.84 260.48 260.23 270.18 271.53 279.4 284.45 280.23 276.3 282.53 303.95 307.49 308.76 311.09 315.29 311.93 311.74 308.5 308.54 313.84 313.86 317.21 317.59
-9999 -9999 -9999 -9999 -9999 -9999 -9999 -9999 244.58 252.39 261.3 271.48 280.76 282.15 286.82 293.58 293.95 294.13 293.15 286 280.15 266.86 232.82 240.12 289.58 296.91 292.28 288.58 279.83 270.74 268.96 265.39 273.87 279.75 277.64 288.62 295.26 304.56 309.1 314.06 319.24 313.08 308.83 301.59 267.42 252.42 273.32 279 269.33 259.23 247.95 254.55 264.11 283.06 277.43 279.29 300.22 313 307.86 303.56 304.74 308.84 316.16 320.66 317.1 314.26 315.47 312.9 312.28 316.32 318.8 320.72 317.23
-9999 -9999 -9999 -9999 -9999 -9999 -9999 241.5479 248.66 257.91 267.03 276.85 286.22 288.77 292.07 292.68 294.41 290.08 277.19 261.94 256.59 280.25 289.14 293.72 296.81 295.63 298.75 297.17 292.44 288.11 298.05 301.74 282.6 298.99 307.36 312.24 315.43 311.52 318.78 321.82 323.66 324.12 305.74 279.4 295.45 279.19 253.43 256.13 260.9 292.29 279.25 287.18 307.96 318.78 312.7 324.79 321.3 317.21 311.89 309.05 317.74 323.8 324.06 320.41 317.1 317.19 319.41 315.56 317.22 318.03 320.35 321.44 319.42
-9999 -9999 -9999 -9999 -9999 -9999 -9999 -9999 253.1136 261.22 270.34 279.65 286.37 290.73 294.76 283.2 275.64 272.08 273.15 267.38 275.34 290.53 288.65 287.62 292.48 299.17 306.88 306.28 304.22 307.4 311.65 310.97 309.08 314.82 321.28 320.95 318.69 318.17 323.21 324.87 325.34 320.21 305.28 305.83 292.48 307.42 310.59 313.43 320.59 331.27 331.48 331.29 329.03 326.04 324.82 322.65 313.69 309.21 322.37 326.39 327.96 326.17 323.43 321.02 320.75 322.87 320.83 321.04 322.14 319.58 324.13 323.62 318.95
-9999 -9999 -9999 -9999 -9999 -9999 -9999 248.4533 254.53 263.3 272.16 275.73 280.65 287.38 270.01 260.75 272.42 281.96 283.23 288.65 294.95 282.32 293.06 286.93 304.21 310.34 310.18 311.23 307.9 305.51 308.01 317.21 320.36 324.73 325.19 323.85 324.6 327.18 330.08 331.02 327.97 324.42 322.2 320.49 321.39 330.44 333.01 336.22 336.27 336 335.57 333.81 332.56 331.73 329.79 326.03 327.54 330.56 331.23 330.31 329.32 328.1 325.97 325.36 326.48 327.81 325.61 327.58 325.04 326.1 327.48 325.37 323.95
-9999 -9999 -9999 -9999 -9999 -9999 -9999 249.03 255.52 263.91 271.82 271.74 280.22 283.02 275.15 281.27 289.23 288.45 282.09 283.38 284.22 292.97 308.96 308.84 310.41 314.4 314.8 316.4 315.06 315.22 318.35 321.29 319.3 324.62 326.46 327.88 329.49 331.64 332.28 329.24 326.62 328.72 333.39 336.41 337.46 338.12 337.86 337.98 338.08 337.58 336.81 336.17 335.51 333.91 332.38 333.92 333.69 333.69 332.99 330.55 328 328.02 329.17 330.99 331.76 330.28 330.55 331.84 330.85 328.67 324.38 320.93 318.7
-9999 -9999 -9999 -9999 -9999 -9999 245.0159 251.27 256.37 263.1 271.02 274.02 281.08 282.15 286.06 291.08 288.55 283.07 280.36 274.49 293.6 307.38 313.34 313.67 314.34 316.92 322.59 322.52 321.94 319.24 321.16 323.32 325.18 325.2 327.75 328.46 328.61 329.53 327.36 324.54 328.87 332.79 337.16 339.21 339.03 339.1 339.22 336.56 338.76 338.72 337.05 334.68 336.65 335.85 336.72 334.82 330.72 332.25 333.73 335.14 334.43 333.5 333.52 334.74 333.13 332.27 333.02 332.69 331.08 329.58 326 322.86 321.36
-9999 -9999 -9999 -9999 -9999 -9999 243.8265 251.62 257.72 262.57 266.91 274.12 282.34 283.47 289.31 292.57 295.06 293.7 287.54 288.16 303.71 310.83 313.09 314.35 319.45 323.97 323.87 324.19 321.38 323.31 324.06 324.82 326.6 328.97 330.42 329.37 328.88 327.69 330.8 333.89 334.86 336.7 336.01 336.73 337.21 339.92 337.48 335.71 339.04 337.74 337.12 336.79 339.1 336.47 336.34 334.66 330.94 331.16 332.17 331.44 332.07 335.62 332.73 329.24 328.8 327.17 326.35 327.72 328.81 328.6 328.85 327.61 325.17
-9999 -9999 -9999 -9999 -9999 238.5357 243.36 250.67 258.13 261.81 267.86 276.79 284.15 286.93 287.39 294.17 293.76 296.71 297.38 303.86 310.83 312.24 316.64 319.98 321.12 320.69 321.93 323.93 322.58 324.33 327.73 328.48 326.3 326.5 328.55 332.32 336.04 334.97 333.79 333.07 333.97 335.8 334.53 333.91 330.95 329.64 330.78 333.04 331.82 330.43 332.1 334.91 333.9 333.23 327.15 328.7 328.02 327.89 326.15 328.15 327.99 330.2 327.97 325.16 327.74 325.01 325.4 325.96 326.53 326.72 327.64 327.29 327.15
-9999 -9999 -9999 -9999 -9999 238.7683 245.6 250.63 254.99 256.08 267.71 276.41 284 290.03 290.98 295.44 295.61 295.64 299.29 307.15 312.61 316.06 319.3 319.22 319.77 321.63 323.82 321.69 325.08 326.56 326.43 326.59 326.33 326.34 326.62 330.73 333.89 335.83 336.44 336.5 336.97 338.16 337.2 336.58 335.3 333.54 330.81 328.04 327.41 320.72 326.64 325.86 331.44 332.68 321.35 321.93 319.67 320.71 319.83 321.69 321.9 327.46 327.31 324 323.03 324.55 324.13 325.12 326.87 326.83 328.45 327.59 327.44
-9999 -9999 -9999 -9999 -9999 239.2828 245.94 245.93 249.9 257.4 264.91 279.88 286.34 291.38 293.16 295.9 299.29 302.03 305.55 308.45 313.13 313.31 315.85 316.17 319.59 319.87 320.77 318.66 320.45 325.54 329.69 329.42 329.11 330.29 330.51 331.34 332.71 337.31 337.07 338.51 339.83 339.24 338.4 336.85 335.57 333.47 333.3 332.18 319.5 318.79 316.56 326.98 327.06 332.38 330.77 324.36 322.55 322.21 312.9 323.51 314.71 318.09 319.23 320.76 320.34 321.05 323.43 328.31 329.22 329.23 329.41 329.39 328.81
-9999 -9999 -9999 228.0714 234.42 240.26 244.41 248.41 256.39 267.02 275.14 282.36 288.35 291.82 296.52 300.97 304.15 307.38 307.21 308.93 309.5 311.82 313.11 313.63 312.45 315.7 318.13 319.39 318.1 321.9 327.81 330.39 332.14 333.96 334.26 334.66 334.55 334.03 336.19 337.21 339.73 339.8 339.18 336.46 335.01 325.62 330.26 331.05 322.03 316.09 330.27 335.14 336.89 335.59 339.35 337.78 337.34 334.26 329.71 331.33 327.51 328.94 330.45 331.32 321.22 315.54 319.54 325.04 328.4 328.04 330.14 330.72 330.55
-9999 -9999 220.0625 228.2558 235.37 242.2 247.86 257.35 264.22 270.39 278.32 284.7 288.5 289.82 294.24 298.36 302.49 303.44 305.39 308.5 311.22 312.18 312.51 312.38 305.86 301.83 307.51 312.79 317.92 321.42 323.75 326.21 331.07 329.75 332.51 335.86 337.1 337.02 337.34 337.4 338.68 338.51 337.56 337.94 337.49 330.77 328.32 330.75 334.03 335.61 337.73 343.02 341.02 343.54 343.7 343.75 341.31 338.66 335.55 330.34 327.65 326.1 332.72 329.77 326.69 326.6 323.09 326.24 328.99 327.05 324.87 329.77 332.46
-9999 -9999 221.73 229.93 237.96 245.37 252.92 261.26 267.45 273.91 280.85 285.86 287.96 291.39 294.22 297.47 301.1 304.88 307.8 309.75 313.24 314.26 315.67 315.51 311.55 300.05 303.16 316.94 325.33 325.94 327.96 332.09 334.04 332.65 335.07 335.29 335.13 338.52 337.72 336.51 337.75 338.72 338.2 341.27 344.75 342.8 345.49 345 345.43 341.26 342.23 346.7 346.51 346.92 340.1 342.67 342.47 339.23 339.52 337.51 336.93 339.83 339.99 336.12 329.74 329.92 332.16 330.72 327.14 327.66 323.79 331.37 334.08
-9999 -9999 227.12 234.42 241.72 245.32 256.91 263.94 270.53 277.52 282.87 285.85 289.43 293.03 296.08 298.64 302.44 306.69 307.62 310.21 314.08 315.15 314.49 316.18 318.1 317.34 317.1 321.51 328.24 330.55 329.84 334.86 335.52 335.51 335.93 335.5 335.93 337.28 337.8 338.4 333.94 338.61 345.61 346.34 347.94 348.02 349.28 348.55 349.82 348.75 346.55 347.16 348.36 347.79 344.12 339.43 341.45 342.07 342.81 340.02 334.96 338.63 342.5 341.42 334.65 333.97 336.2 338.11 337.43 333.42 335.35 337.45 336.61
-9999 228.3125 233.28 239.22 244.51 253.48 262.38 268.09 275.11 280.9368 284.44 287.84 290.8 293.76 296.98 299.98 304.48 306.02 308.14 311.86 314.25 315.78 316.86 316.55 319.05 321.58 325.55 327.58 331.81 334.85 334.76 337.33 336.61 337.26 337.61 338.37 340.52 341.29 340.03 341.82 343.79 348.21 348.93 350.04 351.41 351.11 351.62 351.9 352.08 351.5 349.66 350 347.11 345.8 345.58 342.97 339.11 343.18 343.68 338.97 336.49 338.19 339.79 341.58 338.51 337.27 340.13 341.24 340.84 340.49 339.5 338.47 337.15
-9999 231.69 238.13 243.45 249.3 257.77 267.9893 273.9111 279.1839 283.16 286.13 289.53 292.42 296.15 299.43 301.94 304.73 306.62 308.9 311.16 313.89 315.77 317.71 320.18 321.5 323.35 327.16 331.47 333.6 335.84 338.7 338.94 339.83 340.39 340.73 342.19 343.32 344.74 344.29 343.92 346.24 349.97 351.2 352.07 352.7 352.78 353.06 350.09 349.57 352.76 351.59 350.26 350.97 348.7 347.4 345.38 342.73 341.53 343.91 344.87 344.76 338.91 340.17 344.28 340.85 342.99 343.06 342.46 341.97 341.23 340.38 339.17 338.16
-9999 235.0714 239.65 246.63 252.42 263.2577 273.557 278.58 282.5 285.8 289.16 292.67 296.39 298.56 300.73 303.25 305.64 308.2 309.97 309.75 311.64 313.04 315.63 318.28 320.61 322.27 323.28 327.42 334.6 337.98 340.03 339.54 340.06 341.12 342.08 343.44 344.67 345.88 345.89 346.84 350.47 351.49 352.15 352.5 352.59 352.94 353.12 353.21 353.06 351.54 351.45 353.25 350.25 343.67 347.04 345.43 345.72 346.46 346.67 343.18 345.87 345.33 343.72 345.02 342.99 344.35 343.59 343.12 342.9 341.78 340.87 339.93 338.57
-9999 238.15 243.35 252.57 264.87 271.35 278.9012 282.47 285.54 288.32 290.62 293.53 296.29 298.11 301.5 303.25 304.98 306.69 308.57 309.6 311.57 312.92 311.51 313.51 317.67 321.55 320.69 326.19 334.95 339.1 340.11 339.05 339.19 341.11 342.45 343.87 344.84 345.5 347.36 349.22 349.78 350.37 351.41 350.47 351.04 351.3 351.28 353.95 353.12 352.62 351.86 352.86 353.93 349.76 351.98 350 347.97 346.4 343.2 342.65 345.99 346.69 343.01 343.93 345.88 345.11 344.76 344.27 342.34 341.43 340.18 336.72 336.86
236.4198 240.76 248.04 260.74 273.9468 -9999 -9999 285.66 288.12 290.45 293.1 295.03 297.09 298.52 300.55 301.96 302.45 303.9 306.09 307.2 309.68 311.48 313.53 312.61 314.07 322.28 327.13 331.64 335.81 337.41 337.46 337.41 338.32 339.43 341.14 342.39 342.51 343.55 346.59 346.39 346.75 346.8 347.55 349.21 346.18 350.63 351.1 353.55 352.09 351.47 350.16 350.43 351.04 355.69 351.72 351.29 351.31 351.77 347 346.56 344.18 345.59 345.97 344.5 343.72 343.2 340.17 341.67 343.25 342.29 341.66 339.51 338.42
243.92 249.2113 257.2703 268.6364 277.7111 284.125 285.764 288.53 290.43 292.06 293.83 296 298.01 299.99 300.33 300.21 299.98 300.99 303.26 305.35 307.83 311.51 311.25 314.4 319.33 321.93 329.59 332.41 333.03 334.7 335.24 335.74 336.92 338.39 339.8 341.53 341.81 342.43 345.14 347.82 346.67 345.16 344.87 347.83 348.82 349.31 350.97 349.87 349.68 347.4 348.93 350.47 354 355.52 354.89 355.75 355.17 352.86 351.27 349.92 346.18 343.21 343.93 344.96 345 342.34 338.76 339.94 344.45 342.85 340.54 340.37 338.83
-9999 -9999 -9999 272.3784 279 283.9881 286.81 289.35 291.89 294.07 295.84 297.73 299.12 299.01 298.98 299.91 299.83 300.3 301.87 306.7 309.88 313.54 316.16 317.7 321.54 326.02 328.68 331.37 331.11 330.65 330.67 332.29 334.62 335.98 337.54 339.52 340.06 340.97 342.97 345.81 345.12 344.83 344.09 344.57 348.68 346.71 347.74 345.71 348.41 351.63 353.56 354.57 355.15 354.91 351.22 355.05 353.1 349.37 349.79 348.12 346.79 344.37 343.64 344.26 343.14 343.06 344.63 345.02 340.65 343.73 340.27 339.73 338.63
-9999 -9999 -9999 -9999 278.16 282.43 284.6667 289.5412 293.1758 295.5275 296.52 299.23 300.83 300.17 301.23 302 301.34 303.41 306.23 308.17 311.86 315.26 317.27 318.52 321.02 325.26 329.31 329.7 329.98 328.56 328.46 327.62 326.2 329.84 329.61 336.62 338.19 338.14 340.06 343.39 346.48 341.7 343.2 345.25 348.09 344.18 343.1 347 349.03 353.04 352.74 352.53 352.37 353.9 353.73 354.49 354.82 354.18 350.41 342.97 339.73 343 344.43 344.9 348.64 347.1 344.56 345.03 345.22 342.23 340.81 339.18 337
-9999 -9999 -9999 -9999 275.037 278.2571 -9999 291 -9999 296.2308 298.19 300.16 301.96 304.14 304.54 305.52 307.51 308.59 309.63 310.93 314.18 317.33 318.35 320.16 322.55 325.93 328.73 328.88 329.17 328.97 327.69 326 321.98 322.84 324.89 330.64 336.46 334.63 336.93 340.47 344.52 345.44 344.61 343.81 345.49 344.9 346.4 348.75 348.61 348.9 351.31 350.92 350.73 352.9 351.67 351.15 351.33 351.54 352.14 351.37 347.13 338.73 339.42 339.92 341.19 347.4 349.84 343.55 338.59 334.41 332.6 338.36 337.6
-9999 -9999 -9999 -9999 -9999 -9999 -9999 -9999 293.8571 295.5 298.2421 301.36 303.42 304.74 307.29 306.61 308.75 310.86 311.59 310.99 314.68 317.2 319.93 321.86 324.37 326.9 327.24 328.02 328.4 327.14 327.42 324.69 323.74 332 331.74 332.65 332.45 334.09 335.03 336.64 340.55 343 342.22 345.12 345.08 346.33 347.46 347.61 347.58 349.07 349.25 347.93 349 350.1 350.07 349.06 348.94 349.58 348.47 348.49 349.66 348.74 349.66 345.44 344.38 344.25 351.41 345.13 344.53 342.41 338.04 339.48 338.73
-9999 -9999 -9999 -9999 -9999 -9999 -9999 -9999 -9999 294.83 297.02 300.05 303.47 306.21 309.22 310.24 311.57 312.37 313.65 316.01 315.99 315.18 319 322.38 324.27 326.25 326.81 327.4 327.29 327.83 326.96 326.68 329.94 332.29 332.89 334.47 334.18 334.12 333.96 334.91 336.21 338.83 341 342.66 344.51 345.14 347.63 346.96 347.48 350.84 351.11 351.29 347.58 344.53 349.4 350.61 348.14 348.66 347.81 347.68 346.08 346.19 346.73 351.54 347.76 349.37 351.87 350.66 349.32 349.27 347.92 346.35 347.05
