layers/wordclim/current/bio_16.asc
ncols         166
nrows         93
xllcorner     -9.4959440078468
yllcorner     36.000324005443
cellsize      0.083333337679505
NODATA_value  -9999
[rows 0 to 32 of 93, columns 0 to 72 of 166]
-9999 -9999 -9999 -9999 -9999 -9999 -9999 -9999 -9999 -9999 -9999 -9999 -9999 -9999 -9999 -9999 -9999 385.8537 412.7639 371.209 367.5151 369.0227 356.6232 350.9394 -9999 -9999 -9999 -9999 -9999 -9999 -9999 -9999 -9999 -9999 -9999 -9999 -9999 -9999 -9999 -9999 -9999 -9999 -9999 -9999 -9999 -9999 -9999 -9999 -9999 -9999 -9999 -9999 -9999 -9999 -9999 -9999 -9999 -9999 -9999 -9999 -9999 -9999 -9999 -9999 -9999 -9999 -9999 -9999 -9999 -9999 -9999 -9999 -9999
-9999 -9999 -9999 -9999 -9999 -9999 -9999 -9999 -9999 -9999 -9999 -9999 -9999 -9999 -9999 -9999 385.0606 388.221 397.02 378.07 394.76 393.79 364.8788 380.16 370.52 346.8041 -9999 -9999 -9999 -9999 -9999 -9999 -9999 -9999 -9999 -9999 -9999 -9999 -9999 -9999 -9999 -9999 -9999 290.3594 289.3654 -9999 -9999 -9999 -9999 -9999 -9999 -9999 -9999 -9999 -9999 -9999 -9999 -9999 -9999 -9999 -9999 -9999 -9999 -9999 -9999 -9999 -9999 -9999 -9999 -9999 -9999 -9999 -9999
-9999 -9999 -9999 -9999 -9999 -9999 -9999 -9999 -9999 -9999 -9999 -9999 -9999 -9999 391.3148 383.0842 388.0505 391.95 398.19 414.2 421.84 410.74 393.32 405.83 358.21 336.37 329.5684 326.3798 320.3803 305.5273 304.4875 302.2619 303.7763 293.9351 302.7215 294.106 294.6028 299.7361 302.3977 297.5567 293.9744 291.4881 288.4647 287.61 289.51 283.1169 282.7213 288.2667 289.339 -9999 -9999 -9999 -9999 -9999 -9999 -9999 -9999 -9999 -9999 -9999 -9999 -9999 -9999 -9999 -9999 -9999 -9999 -9999 -9999 -9999 -9999 -9999 -9999
-9999 -9999 -9999 -9999 -9999 -9999 -9999 -9999 -9999 -9999 -9999 -9999 -9999 -9999 -9999 -9999 407.1919 427.43 430.75 414.15 422.5 434.14 435.89 429.21 392.59 354.53 334 343.29 318.1 313.3232 326.22 329.4 327.07 306.56 328.61 310.85 301.49 307.4 317.95 298.39 287.4041 295.9 297.42 290.57 286.63 286.3 292.09 293.15 283.29 286.16 288.3 290.9615 284.9744 284.1526 287.26 -9999 -9999 -9999 -9999 -9999 -9999 -9999 -9999 -9999 -9999 -9999 -9999 372.4521 -9999 384.3016 390.3333 391.1839 394.2609
-9999 -9999 -9999 -9999 -9999 -9999 -9999 -9999 -9999 -9999 -9999 -9999 -9999 -9999 394.791 392.3125 412.7 431.86 431.19 434.39 418.47 415.09 408.41 415.25 396.4 382.06 362.14 338.19 333.77 353.39 369.19 346.98 324.19 327.17 331.96 308.08 318.83 325.81 304.72 290.98 287.94 281.12 280.37 287.12 283.01 282.85 284.51 283.5 282.47 281.35 281.23 276.02 277.16 286.57 289.54 293.97 302.35 298.2766 297.7408 298.2603 302.987 308.641 316.625 326.4819 335.0204 341.32 351.58 360.29 366.9688 372.17 376.4 379.18 380.2738
-9999 -9999 -9999 -9999 -9999 -9999 407.2222 403.725 413.7703 -9999 423.7703 424.1205 421.79 405.4546 401.29 -9999 420.72 436.56 451.77 436.77 418.97 405.65 396.35 381.59 381.75 371.65 364.94 340.98 366.75 368.87 356.55 322.89 328.52 351.17 342.05 312.75 300.69 299.5 306.9 296.57 298.32 296.06 288.59 281.13 280.8 279.16 281.02 287.82 288.25 281.45 289.8 282.65 278.06 290.06 300.79 300.11 292.93 300.3 293.91 298.94 299.4 305.73 310.93 316.18 323.9 329.47 337.02 344.24 348.26 350.64 355.79 360.1 365.33
-9999 -9999 -9999 -9999 -9999 -9999 418.4521 421.18 427 428.79 444.9 478.43 468.59 451.37 427.26 425.57 446.37 449.35 451.45 435.25 423.63 401.08 391.25 375.95 367.98 366.84 370.72 354.69 359.8 360.72 338.03 318.33 344.88 357.78 322.13 306.27 305.55 326.79 315.63 317.9 315.11 292.99 323.89 292.48 274.48 282.19 284.11 279.74 281.64 282.69 303.65 290.75 285.86 306.91 354.37 329.62 340.23 331.16 291.9 300.4 296.78 296.96 300.18 306.13 309.89 314.96 320.29 325.07 329.54 330.08 336.69 338.46 344.82
-9999 -9999 -9999 -9999 393.8387 420.83 430.47 457.82 475.38 478.45 496.33 493.11 484.12 484.95 470.78 473.57 475.12 462.88 456.14 436.09 424.27 409.03 386.43 376.23 370.79 372.76 377.81 357.26 379.53 358.66 357.17 329.05 342.59 349.84 323.4 311.43 332.06 353.11 318.85 335.07 319.1 323.59 295.86 292.31 276.69 288.68 283.6 282.55 298.19 308.73 297.19 303.48 312.71 295.44 319.45 331.83 316.52 283.44 276.03 282.99 307.86 296.54 294.67 296.04 297.86 299.85 303.86 307.29 311.54 317.94 321.36 321.65 322.36
-9999 -9999 -9999 389.9897 410.61 450.2 461.24 479.11 490.95 502.53 501.26 501.47 486.6 485.48 481.29 474.05 470.92 469.75 474.26 451.35 424.36 412.14 391.43 381.21 380.73 376 383.25 378.78 353.35 348.75 323.09 321.06 349.15 363.75 326.21 351.76 342.98 387.49 384.21 365.41 386.7 352.37 364.15 303.03 282.06 328.95 331.57 315.03 327.27 331.61 304.58 317.34 298.74 291.11 309.52 306.79 330.05 325.25 304.19 288.94 296.02 320.29 304.69 287.67 287.18 287.05 289.62 291.28 295.07 296.91 298.24 300.57 303.21
-9999 -9999 -9999 388.0941 435.3839 459.61 476.88 486.74 493.09 501.8 503.62 501.89 500.5 499.75 495.52 487.34 471.86 476.56 466.17 458.87 432.15 423.28 404.83 376.82 363.71 360.45 376.31 366.63 361.71 328.58 326.15 344.56 340.61 357.85 356.83 366.91 378.66 349.14 342.9 337.64 345.1 325.39 324.96 332.78 314.67 305.33 311.83 297.89 311.83 296.75 275.28 286.86 286.09 281.37 275.75 291.83 316.31 320.23 307.44 286.23 277.53 308.28 294.79 273.32 271.49 272.55 273.47 275.64 277.68 279.36 281.13 283.24 285.12
-9999 -9999 -9999 -9999 422 475.05 482.67 481.97 501.48 489.57 482.13 512.72 524.89 500.09 492.41 481.61 458.9 453.17 449.1 444.33 439.08 414.1 390.62 370.64 355.73 356.48 361.41 372.75 344.46 333.88 355.44 383.41 403.64 392.57 355.45 353.18 340.01 346.72 369.92 346.32 353.33 347.21 316.33 291.07 315.55 287.66 279.53 272.73 284.18 264.85 260.46 273.04 263.13 272.52 263.25 280.82 281.66 281.06 278.67 261.89 256.7 258.08 259 257 258.33 258.04 261.29 259.21 261.25 262.24 265.87 266.56 267.46
-9999 -9999 -9999 -9999 424.475 441.4375 450.4394 459.1758 532.53 506.4 496.48 491.98 504.79 488.64 480.77 498.58 479.49 474.05 469.58 444.13 440.77 420 383.49 389.67 377.7 349.17 378.76 380.92 361.53 360.49 365.62 414.09 370.97 338.17 306.2 304.75 332.3 360.19 354.53 341.27 313.1 291.48 274.98 268.06 261.14 266.32 248.1 243.59 247.67 240.84 241.7 243.15 241.8 246.99 241.18 250.03 255.67 245.15 244.92 247.26 243.21 241.83 239.57 240.79 244.95 242.55 243.7 247.79 246.18 248.68 251.86 250.65 251.3
-9999 -9999 -9999 -9999 -9999 -9999 517.9457 493.45 514.24 493.8 513.96 528.96 517.3 541.08 522.49 510.61 507 486.28 484 477.05 433.03 396.67 410.48 404.19 378.83 372.45 392.26 415.7 412.21 388 359.3 368.58 323.72 293.74 288.88 278.82 292.14 293.71 285.32 285.78 291.46 283.05 264.75 249.75 242.02 241.62 228.91 224.9 228.17 221.13 228.26 223.46 225.95 225.11 228.43 232.4 232.04 230.86 228.01 230.42 226.18 227.25 226.63 231.28 232.72 232.1 231.5 232.47 231.74 234.28 238.71 235.86 232.04
-9999 -9999 -9999 -9999 -9999 456.8813 500.3192 -9999 -9999 529.6 530.98 559.15 568.94 571.24 568.04 522.81 506.53 504.52 495.08 483.64 429.79 396.67 398.21 380.42 344.71 366.45 398.1 385.72 392.01 402.03 356.71 324.55 293.93 269.73 259.49 258.38 252.65 252.44 261.27 273.69 259.44 246.23 241.33 231.24 226.62 223.1 211.01 209.22 209.13 208.77 211.22 208.62 214.25 209.8 215.61 217.93 216.15 216.51 212.74 214.7 212.95 211.1 212.76 217.02 217.47 219.4 219.2 220.33 220.48 222.18 221.02 217.93 215.68
-9999 -9999 -9999 -9999 -9999 -9999 -9999 473.8333 502.3976 521.2 550.97 573.77 579.1 572.47 570.7 548.49 521.03 515.37 505.44 470.4 438.31 395.19 382.9 343.04 336.52 345.63 364.44 366.08 390.42 383.74 350.98 300.89 273.69 255.41 251.33 254.3 278.24 290.69 288.55 274.39 247.84 233.41 227.56 216.22 211.53 206.95 200.59 197.09 195.71 196.67 197.17 200.67 201.18 197.52 201.86 204.22 201.22 202.62 201.62 200.28 201.19 199.12 199.17 200.07 200.91 201.69 203.38 207.5 206.53 206.18 202.61 202.36 206.63
-9999 -9999 -9999 -9999 -9999 -9999 -9999 500.0625 531.6196 577.6629 552.12 579.86 594.94 597.95 569.5 529.69 495.64 469.11 447.29 431.86 412.95 393.42 368.66 354.32 365.85 357.92 343.36 334.52 370.67 342.44 318.24 292.67 275.24 294.16 320.76 303.17 320.65 317.01 275.44 249.41 232.22 220.23 215.75 205 201.07 196.99 192.38 187.48 186.39 187.16 188.95 190.4 189.32 186.75 189.72 192.11 189.6 187.74 187.78 187.5 186.87 187.12 187.96 187.99 188.39 188.98 192.23 193.46 191.66 190.54 190.67 192.95 194.39
-9999 -9999 -9999 -9999 -9999 -9999 -9999 -9999 -9999 584.1912 575.3441 590.54 589.81 600.48 573.81 512.13 449.04 440.09 406.32 381.21 375.17 429.35 431.34 397.06 382.14 405.92 395.62 326.42 309.52 347.72 347.77 309.97 343.54 342.86 318.78 363.73 358.33 319.35 267.7 246.61 229.55 214.05 202.85 196.42 192.3 188.38 184.53 179.71 179.87 180.22 179.68 180.26 178.36 176.92 178.68 179.98 178.84 176.86 176.38 175.82 175.99 175.77 176.16 176.49 177.45 179.97 181.22 180.22 178.53 176.49 177.23 182.15 185.73
-9999 -9999 -9999 -9999 -9999 -9999 -9999 -9999 552.0897 596.9243 -9999 607.95 597.32 582.98 589.41 524.16 436.17 425.66 430.06 381.84 382.41 421.4 419.47 449.96 449.45 438.48 449.35 364.92 342.36 361.71 391.63 391 391.12 376.35 343.22 303.63 307.95 324.64 284.44 243.17 218.7 206.24 196.38 189.04 184.46 180.59 176.98 172.45 174.38 174.9 171.39 170.26 168.67 168.3 168.9 168.99 168.88 167.72 165.91 165.73 165.41 166.24 166.68 167.82 169.84 173.07 171.27 168.91 168.45 168.39 171.32 174.69 181.08
-9999 -9999 -9999 -9999 -9999 -9999 -9999 -9999 -9999 581.4945 607.58 573.81 550.18 569.6 559.5 496.91 455.11 447.4 430.49 429.23 421.69 422.41 405.22 454.81 483.64 486.01 491.05 425.42 360.07 383.49 395 422.98 447.01 420.12 375.02 361.02 333.71 290.87 265.43 233.72 215.38 202.37 194.22 183.75 177.17 173.34 169.79 166.03 167.59 165.52 163.17 161.68 160.85 161.42 160.87 160.05 159.07 159.14 157.55 156.02 156.14 158.02 158.91 161.43 163.82 161.87 161.27 161.73 161.5 162.06 164.74 169.93 183.21
-9999 -9999 -9999 -9999 -9999 -9999 -9999 -9999 548.6703 621.93 550.27 549.91 520.61 546.96 479.77 496.24 508.55 526.9 494.4 480.83 464.25 428.01 424.71 432.38 453.99 470.99 446.28 401.87 373.04 399.26 414.92 434 413.98 344 309.75 298.35 283.97 259.94 234.94 214.5 205.78 193.98 185.22 179.3 170.26 167.1 162.67 160.34 158.92 156.63 156.05 154.58 155.04 155.54 153.64 152.76 151.1 149.39 149.35 147.14 150.95 154.28 154.18 155.42 153.81 155.95 155.25 155.64 156.54 158.65 164.14 171.74 169.8
-9999 -9999 -9999 -9999 -9999 -9999 -9999 598.1111 611.08 569.72 537.26 529.73 531.82 507.91 565.76 600.76 609.84 572.19 527.45 485.32 457.67 438.28 422.33 433.95 382.98 419.74 414.51 389.9 393.21 397.06 402.1 403.64 392.98 317.59 293.57 276.8 258.51 242.14 223.03 206.91 194.97 185.35 177.14 171.55 165.75 160.1 155.39 154 152.26 151.77 148.9 149.01 149.6 148.48 147.72 146.63 145.16 143.03 142.02 140.39 144.69 145.19 145.42 148.06 150.6 151.92 151.16 151.25 151.61 152.65 156.26 161.12 168.25
-9999 -9999 -9999 -9999 -9999 -9999 -9999 574.1833 537.92 543.09 556.69 609.65 569.21 575.85 631.18 583.55 550.6 513.01 510.48 529.48 521.47 483.48 457.72 419.22 358.58 386.85 393.12 367.24 369.8 369.73 355.59 351.78 362.77 300.9 281.35 271.36 260.92 236.58 219.5 204.59 193.57 181.54 172.04 164.61 158.05 152.76 149.88 148.1 146.12 144.54 143.37 143.78 144.66 142.88 142.52 142.03 141.76 142.21 142.97 138.63 137.46 140.58 143.25 145.83 148.8 150.59 149.48 150.21 152.44 154.75 157.07 164.67 169.29
-9999 -9999 -9999 -9999 -9999 -9999 -9999 530.6061 542.7727 584.92 571.88 606.71 537.92 533.07 543.68 530.94 515.65 555.88 583.51 565.4 545.57 526.13 451.93 423.09 361.43 381.42 401.08 364.12 350.54 359.1 344.05 325.71 313.28 278.67 271.31 252.94 245.06 235.45 226.54 215.68 199.82 186.38 170.23 161.92 153.75 147.86 143.81 140.94 138.98 137.81 138.03 138.44 138.89 139.2 141.15 142.05 142.49 141.63 139.7 135.27 137.29 139.79 142.02 144.95 147.29 148.49 149.57 148.79 150.21 151.82 153 156.93 160.93
-9999 -9999 -9999 -9999 -9999 -9999 -9999 -9999 562.27 583.58 516.27 532.67 511.32 516.04 535.53 587.2 599.95 612.54 552.16 557.63 532.53 515.24 478.39 425.91 362.13 381.78 403.59 357.91 344.43 330 334.75 338 301.67 269.22 270.66 246.26 235.58 230.01 212.45 196.31 189.97 181.67 166.3 153.48 146.97 142.64 137.79 135.69 135.21 135.3 133.51 133.74 136.42 138.85 139.62 139.99 139.9 138.08 135.37 135.24 136.93 137.76 140.08 141.68 143.32 144.88 143.53 144.52 146.18 146.12 147.4 148.62 151.17
-9999 -9999 -9999 -9999 -9999 -9999 -9999 -9999 529.4778 519.5204 533.47 538.68 547.2 516.93 527.84 538.13 534.29 513.01 540.7 555.18 541.62 497.81 443.95 399.2 393.69 417.34 378.97 341.98 319.07 328.33 340.69 353.18 303.35 285.08 260.98 240.72 238.99 228.73 212.25 194.64 179.3 171.11 161.19 150.04 141.67 136.33 132.51 130.17 130.14 130.45 131.09 133.48 135.1 135.24 136.24 137.1 137.08 135.19 135.76 135.38 135.75 136.09 138.36 140.59 141.57 143.64 139.37 138.89 140.02 141.87 141.89 143.93 146.12
-9999 -9999 -9999 -9999 -9999 -9999 -9999 -9999 513.2763 527.14 524.7 509.28 480.61 479.75 481.24 512.21 516.89 571.6 569.23 539 492.7 472.13 432.1 404.4 453.71 397.54 355.27 320.02 304.95 319.39 335.64 329.75 310.85 277.32 255.53 238.78 231.03 219.7 208.96 192.26 179.69 167.13 154.58 144.71 137.44 130.59 127.61 129.05 128.16 128.35 128.1 127.63 128.98 130.58 132.51 133.47 132.36 132.59 133.25 132.96 133.75 135.11 136.11 135.58 135.64 139.77 137.99 141.29 141.13 141.56 141.18 143.04 144.55
-9999 -9999 -9999 -9999 -9999 -9999 -9999 -9999 -9999 516.88 499.09 493.85 489.07 515.17 492.78 489.28 533.04 522.17 500.86 490.08 459.46 500.54 478.74 490.01 452.95 383.29 336.56 311.86 311.72 321.84 320.99 302.41 287.5 258.2 245.55 233.82 228.79 220.5 201.78 186.42 173.17 165.87 153.31 142.25 132.34 124.19 122.72 124.04 123.58 122.79 122.38 122.84 123.24 125.57 125.97 125.72 127.08 128.45 128.89 132.8 133.37 135.54 137.77 138.7 138.44 139.78 142.6 144.99 144.41 145.22 149.89 148.77 151.34
-9999 -9999 -9999 -9999 -9999 -9999 -9999 -9999 -9999 498.52 503.69 495.53 507.2 489.24 489.9 498.61 519.34 514.42 443.01 489.74 537.84 532.52 513.1 474.32 430.37 406.67 380.07 321.65 319.7 341.97 352.88 295.99 269.83 252.86 243.24 232.1 226.77 216.51 196.2 187.46 175.17 161.17 151.66 140.33 129.65 124.18 122.08 122.52 121.05 119.45 118.46 119.27 119.74 120.84 121.99 123.96 124.59 125.41 127.5 130.77 133.09 134.96 136.94 138.74 139.57 140.28 142.1 149.42 158.07 159.72 156.97 146.77 147.41
-9999 -9999 -9999 -9999 -9999 -9999 -9999 -9999 -9999 491.4445 487.94 484.6 481.8 484.71 495.68 486.3 517.21 496.9 452.3 512.16 587.66 513.58 503.21 477.97 426.73 371.09 348.98 336.73 336.08 311.27 316.47 284.63 273.33 278.26 270.89 250.89 228.45 208.05 199.85 190.22 178.02 166.27 154.69 144.86 135.3 130.87 127.8 123.79 122.46 120.98 119.84 119.03 119.76 120.14 121.64 122.75 122.46 123.19 125.89 127.41 127.93 130.56 133.15 135.03 137.57 139.66 140.41 147.54 155.43 151.39 148.72 147.51 148.71
-9999 -9999 -9999 -9999 -9999 -9999 -9999 -9999 -9999 486.038 492.53 490.81 506.63 518.89 500.65 478.14 476.01 449.21 522.24 560.84 497.81 480.28 493.94 439.55 449.52 384.33 400.12 380.05 319.07 301.4 298.18 274.65 280.62 283.88 264.53 239.83 217.92 211.85 202.2 189.84 178.46 168.73 160.84 152.72 145.45 139.98 133.32 127.74 122.59 118.7 120.22 118.61 117.77 117.64 117.78 118.79 120.34 122.08 123.33 125.15 126.54 129.16 131.88 135.43 138.25 140.42 142.88 144.96 149.49 147.04 148.84 154.93 166.6
-9999 -9999 -9999 -9999 -9999 -9999 -9999 -9999 -9999 478.5094 481.29 486.07 487.76 496.45 483.1 481.54 453.97 523.86 547.53 538.72 440.18 462.42 457.46 402.94 397.19 396.34 418.78 395.04 312.01 309.54 312.39 290.7 291.46 274.98 260.39 241.69 236.5 222.9 205.09 189.95 176.91 170.13 163.71 159.61 150.14 140.97 135.6 132.11 126.12 121.03 118.77 117.59 117 117 117 117.24 119.71 120.5 123.64 124.05 126.48 129.35 132.14 135.69 139.26 142.13 144.51 147.3 150.6 151.91 152.42 167.71 197.81
-9999 -9999 -9999 -9999 -9999 -9999 -9999 -9999 -9999 -9999 475.3226 469.81 471.84 482.47 484.81 467.65 476.68 487.3 475.73 485.47 443.93 454.56 442.46 422.19 419.7 390.76 366.16 345.69 304.85 326.23 317.31 290.24 278.02 272.52 269.77 253.47 238.21 225.42 212.1 196.71 180.29 168.18 161.59 153.73 146.42 140.19 134.53 130.38 125.67 121.3 118.26 117.67 117.08 117.08 116.64 117.01 119.92 121.07 125.24 125.36 127 131.22 134.68 136.61 140.67 146.21 151.02 153 155.11 162.33 179.35 195.37 191.44
-9999 -9999 -9999 -9999 -9999 -9999 -9999 -9999 -9999 -9999 465.3095 478.22 462.1 465.92 468.54 492.71 556.08 536.71 596.32 575.48 510.98 521.62 493.55 485.83 475.41 445.68 397.7 372.38 315.57 307.29 292.64 281.25 268.34 274.19 269.33 254.38 241.93 226.72 215.04 201.59 186.41 174.17 164.08 155.21 147.46 141.27 135.5 130.17 126.88 123.33 119.7 118.57 118.16 117.88 117.01 118.89 121.98 122.19 126.13 127.42 129.61 134.17 134.48 139.49 145.88 151.44 157.8 180.57 183.27 183.82 160.71 159.55 177.56
