layers/wordclim/current/bio_14.asc
ncols         166
nrows         93
xllcorner     -9.4959440078468
yllcorner     36.000324005443
cellsize      0.083333337679505
NODATA_value  -9999
[rows 0 to 36 of 93, columns 0 to 82 of 166]
-9999 -9999 -9999 -9999 -9999 -9999 -9999 -9999 -9999 -9999 -9999 -9999 -9999 -9999 -9999 -9999 -9999 34.09756 38.06944 33.52239 33.71212 34.53409 33.46377 33.56061 -9999 -9999 -9999 -9999 -9999 -9999 -9999 -9999 -9999 -9999 -9999 -9999 -9999 -9999 -9999 -9999 -9999 -9999 -9999 -9999 -9999 -9999 -9999 -9999 -9999 -9999 -9999 -9999 -9999 -9999 -9999 -9999 -9999 -9999 -9999 -9999 -9999 -9999 -9999 -9999 -9999 -9999 -9999 -9999 -9999 -9999 -9999 -9999 -9999 -9999 -9999 -9999 -9999 -9999 -9999 -9999 -9999 -9999 -9999
-9999 -9999 -9999 -9999 -9999 -9999 -9999 -9999 -9999 -9999 -9999 -9999 -9999 -9999 -9999 -9999 32.86364 33.89474 35.51 33.74 36.47 37.01 34.10101 36.76 36.26 33.93814 -9999 -9999 -9999 -9999 -9999 -9999 -9999 -9999 -9999 -9999 -9999 -9999 -9999 -9999 -9999 -9999 -9999 41.01563 41 -9999 -9999 -9999 -9999 -9999 -9999 -9999 -9999 -9999 -9999 -9999 -9999 -9999 -9999 -9999 -9999 -9999 -9999 -9999 -9999 -9999 -9999 -9999 -9999 -9999 -9999 -9999 -9999 -9999 -9999 -9999 -9999 -9999 -9999 -9999 -9999 -9999 -9999
-9999 -9999 -9999 -9999 -9999 -9999 -9999 -9999 -9999 -9999 -9999 -9999 -9999 -9999 31.85185 31.48421 32.57576 33.53 34.89 37.49 39.05 38.35 36.99 39.31 34.11 32.02 31.85263 32.16456 32.19718 31.05455 31.675 32.28571 33.5 32.71429 35.31646 34.80303 36 38.26389 39.98864 40.18557 40.44872 40.96429 40.75758 41.11 42.02 40.36364 40.37705 41.88334 41.8983 -9999 -9999 -9999 -9999 -9999 -9999 -9999 -9999 -9999 -9999 -9999 -9999 -9999 -9999 -9999 -9999 -9999 -9999 -9999 -9999 -9999 -9999 -9999 -9999 -9999 -9999 -9999 -9999 -9999 -9999 -9999 -9999 -9999 -9999
-9999 -9999 -9999 -9999 -9999 -9999 -9999 -9999 -9999 -9999 -9999 -9999 -9999 -9999 -9999 -9999 34 36.94 37.94 36.63 38.26 40.35 41.41 41.35 37.69 33.65 31.88 33.92 31.49 31.66667 34.5 35.96 36.63 34.55 39.34 37.69 37.17 39.64 42.81 40.69 39.38384 42.72 44.35 43.29 42.5 42.52 44.21 44.26 41.07 41.64 41.6 42.1282 39.75641 38.81356 39.08 -9999 -9999 -9999 -9999 -9999 -9999 -9999 -9999 -9999 -9999 -9999 -9999 43.09589 -9999 44.14286 45.66667 45.25287 45.95652 -9999 -9999 -9999 -9999 -9999 -9999 -9999 -9999 -9999 -9999
-9999 -9999 -9999 -9999 -9999 -9999 -9999 -9999 -9999 -9999 -9999 -9999 -9999 -9999 30.68657 31.08333 33.86 36.59 37.16 38.17 37 37.28 37.18 38.8 37.32 36.3 34.65 32.55 32.84 36.29 39.43 37.6 35.51 37.17 39.18 36.66 39.66 42.09 40.18 38.95 39.8 39.47 40.43 43.31 42.53 42.77 43.22 42.77 42.14 41.53 40.99 38.88 38.67 40.96 41.21 41.76 43.52 41.18085 39.69136 38.17808 37.98701 38.08974 39.04167 40.48193 40.77551 40.39 41.61 42.36 43.41667 43.42 45.16 45.26 44.66667 46.59 47.23595 46.05556 -9999 -9999 48.43678 50.04 52.75 53.10465 54.53846
-9999 -9999 -9999 -9999 -9999 -9999 30 29.7 30.74324 -9999 31.87838 32.12048 32.22 30.81818 30.76 -9999 33.91 36.3 38.56 37.47 36.14 35.32 34.98 33.93 34.65 34.26 34.19 32.06 36.2 37.43 36.9 33.5 35.42 39.9 39.84 36.85 36.23 37.33 39.79 39.58 41.29 42.19 42.23 41.89 42.56 42.3 42.82 43.93 43.97 42.34 44.17 42.2 40.51 43.44 45.85 44.93 42.59 44.19 40.92 41.59 39.75 40.8 40.54 40.5 41.77 40.86 41.52 42.24 44.64 46.64 46.56 46.36 45.02 47.13 47.98 48.68 47.15 47.91837 46.16162 48.41 49.55 51.01 53.05
-9999 -9999 -9999 -9999 -9999 -9999 30.49315 30.75 31.36 31.59 33.33 37.07 36.34 34.86 32.73 33.07 35.83 36.76 37.6 36.41 35.76 34.02 33.48 32.45 32.26 32.78 34.03 32.85 34.33 35.44 33.55 32.06 36.75 39.85 36.13 35.05 36.15 40.67 40.25 41.76 42.53 40.77 45.83 42.81 40.75 42.31 42.81 42.14 42.73 43.07 47.13 44.48 43.53 48.2 58.27 53.09 55.73 54.02 42.94 45.53 43.37 41.78 41.3 43.14 42.02 40.84 42.41 43.07 43.78 48.28 52.46 48.16 45.63 45.84 47.01 46.14 45.57 46.69 48.39 46.74 47.71 49.69 52.84
-9999 -9999 -9999 -9999 27.60215 30.14 30.86 33.57 35.31 35.67 37.64 37.54 36.91 37.41 36.4 37.22 37.89 37.23 37.13 35.6 34.98 33.93 32.18 31.71 31.62 32.54 33.82 32.21 35.83 34.21 35.06 32.54 35.46 37.77 35.35 34.98 39.32 43.67 39.91 43.47 42.4 43.97 41.13 41.49 40.11 42.37 42.11 42.35 45.33 47.45 45.87 47.37 49.44 46.18 51.45 54.36 51.4 43.18 40.09 42.06 49.76 45.89 44.42 44.3 44.13 41.06 44.36 42.64 44.35 50.4 52.22 50.64 49.3 47.09 43.81 44.57 43.97 45 45.59 46.37 47.2 50.79 50.61
-9999 -9999 -9999 26.6701 28.48 32.05 33.02 34.53 35.75 36.96 37.01 37.3 36.12 36.45 36.48 36.26 36.47 36.89 37.98 36.28 34.08 33.45 31.76 31.29 31.89 31.95 33.47 33.79 31.59 31.89 29.73 30.39 35.4 38.74 34.81 39.89 40.02 47.75 48.66 47.25 51.61 47.58 50.47 42.22 39.94 47.91 49.11 47.14 49.83 51.23 47.12 49.9 46.94 45.82 49.78 49.6 54.82 53.8 49.5 45.85 48.03 54.25 50.5 45.3 44.32 43.82 44.38 44.18 45.44 45.53 44.44 44.59 45 45.7 45.48 47.14 47.22 43.38 44.07 48.51 53.49 50 51.03
-9999 -9999 -9999 25.72941 29.86869 31.89 33.29 34.09 34.7 35.68 36 36.15 36.42 36.74 36.83 36.55 35.6 36.59 36.16 36.01 33.86 33.57 32.29 29.97 29.14 29.35 31.71 31.28 31.52 28.46 28.98 32.38 33.11 36.88 38.17 41.13 44.29 41.54 41.95 42.46 44.71 42.87 43.89 46.04 44.23 43.64 45.5 43.96 46.98 45.14 41.84 44.34 44.58 44.03 43.23 46.81 52.27 53.5 51.2 46.61 44.58 52.38 49.21 42.91 41.95 41.83 41.87 42.33 42.58 42.46 41.53 40.43 41.54 43.05 43.82 44.74 45.75 45.62 45.4 45.23 47.47 46.36 47.11
-9999 -9999 -9999 -9999 27.67241 32.08 32.65 32.56 34.26 33.28 32.79 35.94 37.49 35.7 35.48 35.02 33.46 33.43 33.57 33.55 33.61 31.75 29.96 28.52 27.49 28.02 29.1 31 28.5 28.09 31.62 36.73 41 40.89 37.08 38.29 37.88 40.37 45.11 43.1 45.26 45.56 41.99 39.07 43.84 40.44 39.9 39.44 42.08 39.4 39.14 41.72 40.3 42.44 40.95 44.88 45.42 45.59 45.31 41.53 40.21 40.58 40.82 40.04 40.37 39.92 41.09 39.45 40.24 39.44 40.89 40.37 39.26 40.81 42.36 43.7 42.8 43.83 45.07 44.95 43.04 42.41 43.17
-9999 -9999 -9999 -9999 26.6 28.10938 28.68182 29.16483 35.76 33.48 32.79 32.71 34.32 33.36 33.23 35.36 34.23 34.25 34.35 32.53 32.68 31.25 28.43 29.35 28.67 26.38 29.95 30.81 29.4 30.2 31.92 39.87 35.29 32.13 28.92 30.39 36.01 41.53 42.12 41.62 38.61 36.45 35.03 35.04 34.96 36.53 33.66 33.35 35.34 34.91 35.57 36.19 36.24 37.64 36.66 38.81 40.26 38.12 38.22 38.9 37.96 37.59 36.7 37.05 38.3 37.18 37.4 39.17 38.35 39.25 40.85 39.12 39.38 37.53 37.66 38.88 41.98 38.35 40.69 39.59 40.22 42.14 43.23
-9999 -9999 -9999 -9999 -9999 -9999 33.08696 30.95 32.75 31.08 33.03 34.63 34.06 36.72 35.67 35.2 35.39 34.16 34.4 34.27 30.95 28.29 29.82 29.65 27.74 27.59 30.27 33.87 34.42 32.58 30.07 32.68 27.75 24.74 25.44 25.47 29.26 30.97 31.14 32.53 34.63 34.52 32.89 31.68 31.39 31.26 28.07 28 30.39 30.68 33.03 32.44 33.23 33.37 34.32 35.42 35.61 35.57 34.94 35.68 34.49 34.92 34.68 36.2 36.77 36.67 36.53 36.92 36.6 37.78 39.57 38.29 35.23 37.97 38.06 40.31 39.65 35.36 35.36 36.05 38.02 38.65 39.8
-9999 -9999 -9999 -9999 -9999 26.62712 30.23404 -9999 -9999 32.66 33.06 35.67 36.95 37.86 38.24 34.92 34.12 34.45 34.14 33.74 29.66 27.28 27.71 26.53 23.83 26.07 29.76 29.37 31.05 33.34 28.8 25.71 22.82 20.55 20.01 21.49 22.38 23.91 26.79 30.07 29.19 28.37 28.75 28.31 27.89 25.84 23.2 24.36 26.16 28.12 29.73 29.6 31.06 30.35 31.94 32.63 32.54 32.8 31.99 32.6 32.26 31.71 32.26 33.77 34.02 34.83 34.99 35.47 35.87 36.59 36.43 34.83 33.12 33.44 34.2 35.13 36.27 35.52 34.72 34.03 36.86 40.01 41.35
-9999 -9999 -9999 -9999 -9999 -9999 -9999 27 28.9759 30.6 33.11 35.16 36.15 36.36 36.92 35.73 33.98 34.07 33.7 31.38 29.2 26.18 25.57 22.66 22.29 23.24 25.36 26.22 29.78 29.94 27.17 21.94 19.56 18.16 18.44 20.26 25.69 29.21 30.47 29.61 26.8 25.85 26.01 25.35 24.93 22.57 21.78 23.16 24.59 26.19 26.97 28.02 28.47 27.95 29.25 30 29.56 30.13 30.06 29.85 30.23 29.73 29.79 30.18 30.62 31.03 31.99 33.69 33.64 33.91 32.87 32.8 34.34 34.16 33.85 34.25 34.15 32.39 31.64 31.56 31.19 31.59 32.12
-9999 -9999 -9999 -9999 -9999 -9999 -9999 27.27083 29.73913 33.33708 31.76 33.97 35.81 37.2 35.35 32.79 30.72 29.27 28.16 27.35 26.25 25.09 23.47 22.59 23.64 23.36 22.56 22.19 26.41 24.38 22.61 20.24 19.1 22.61 27.78 26.93 31.04 32.27 27.96 25.37 23.95 23.28 23.74 23.11 23.46 22.79 22.18 23.02 23.8 24.55 25.36 26.05 26.18 25.9 26.85 27.73 27.38 27.15 27.38 27.46 27.43 27.58 27.97 28.05 28.4 28.93 30.39 31.23 31.07 31.16 31.66 32.53 32.93 32.79 33.52 32.66 32.03 31.76 31.1 31.07 30.44 29.35 29.91
-9999 -9999 -9999 -9999 -9999 -9999 -9999 -9999 -9999 31.69118 31.58064 32.75 33.41 35.76 34.32 30.03 26.19 26.1 24.23 23 22.63 26.56 27.27 24.72 23.91 26.47 26.18 20.49 19.47 24.04 25.04 21.7 27.12 28.41 26.79 34.52 35.42 31.75 26.27 24.45 23.11 21.92 21.3 21.31 21.6 21.87 22.03 21.79 22.48 23.2 23.52 24.04 23.96 24 24.72 25.35 25.39 25.11 25.19 25.22 25.53 25.49 25.73 26.04 26.59 27.69 28.63 28.88 28.88 28.9 29.77 31.11 32.02 34.5 34.32 33.22 35.56 35.97 33.64 32.53 29.22 30.1 34.07
-9999 -9999 -9999 -9999 -9999 -9999 -9999 -9999 28.21795 31.33333 -9999 32.05 32.36 32.59 34.04 29.65 24.06 23.82 24.54 21.84 21.94 24.69 24.98 27.86 28.7 28.44 30.85 23.02 21.57 24.45 29.12 30.56 32.22 31.93 29.19 25.59 27.82 31.7 27.87 23.44 21.05 20.29 19.77 19.72 19.98 20.29 20.46 20.36 21.36 22.07 21.79 22.05 22.12 22.35 22.81 23.17 23.44 23.5 23.26 23.38 23.54 23.95 24.15 24.66 25.55 26.95 26.78 26.62 27.13 27.87 29.07 30.05 31.72 34.37 37.33 38.32 39.73 36.51 40.94 36.89 31.54 35.82 38.62
-9999 -9999 -9999 -9999 -9999 -9999 -9999 -9999 -9999 28.20879 29.49 28.25 27.27 29.82 30.08 26.27 23.98 23.98 23.25 23.36 23.21 23.48 22.6 27.22 30.85 32.29 34.23 28.01 22.47 25.85 28.51 33.56 38.5 36.68 32.51 32.32 30.38 26.46 24.67 21.71 20.21 19.42 19.23 18.61 18.46 18.66 18.88 18.95 20 20.16 20.22 20.36 20.5 21.07 21.3 21.38 21.52 21.85 21.76 21.64 21.8 22.41 22.76 23.54 24.36 24.16 24.36 24.9 25.48 26.29 27.47 28.96 32.07 37.05 39.3 43.28 43.5 42.88 44.74 38.67 36.84 38.77 34.75
-9999 -9999 -9999 -9999 -9999 -9999 -9999 -9999 24.5055 29.19 24.8 25.11 24.06 26.87 23.09 24.93 26.4 27.93 26 25.51 24.69 22.54 22.72 23.88 26.69 29.21 27.94 24.47 22.59 26.56 29.73 33.66 32.9 25.93 23.32 23.47 23.29 21.73 20.01 18.61 18.43 17.84 17.54 17.62 17.15 17.46 17.46 17.88 18.26 18.37 18.78 19 19.49 19.9 19.85 19.99 19.93 19.71 20.03 19.74 20.72 21.47 21.53 22.04 21.79 22.59 22.66 23.27 23.97 25.05 26.5 28.47 28.46 29.77 32.58 34.05 35.27 37.58 35.28 37.04 41.81 39.81 38.05
-9999 -9999 -9999 -9999 -9999 -9999 -9999 26.80952 27.25 24.3 22.56 22.44 23.48 22.7 27.87 31.54 33.35 30.37 27.08 24.46 22.81 21.97 21.18 22.65 19.48 23.13 23.48 22.2 23.21 24.72 26.58 28.4 28.74 21.48 20.3 20.02 19.5 18.9 17.9 17.14 16.6 16.17 15.99 16.14 16.1 16.06 16.12 16.54 16.92 17.49 17.45 17.9 18.45 18.5 18.63 18.55 18.43 18.21 18.24 17.94 19.01 19.17 19.3 20.05 20.85 21.31 21.48 21.85 22.45 23.16 24.21 25.49 27.34 27.18 28.02 31.38 38.27 40.87 41.74 45.36 43.97 44.72 44.85
-9999 -9999 -9999 -9999 -9999 -9999 -9999 23.43333 20.69 21.29 22.38 27.31 24.94 26.31 32.62 28.51 26.49 24.16 24.34 26.35 26.37 23.92 22.53 20.31 16.68 19.25 20.37 19.06 19.82 20.48 20.1 20.94 23.64 18.19 17.65 18.16 18.69 17.56 17.02 16.36 16.16 15.35 15 14.8 14.71 14.71 15.06 15.52 15.77 16.16 16.39 16.94 17.59 17.39 17.36 17.25 17.16 17.36 17.79 17.13 16.96 17.72 18.53 19.21 20.11 20.66 20.77 21.07 21.97 22.78 23.53 25.4 26.76 28.53 26.53 28.21 29.95 31.56 34.7 39.69 37.92 41.66 38.48
-9999 -9999 -9999 -9999 -9999 -9999 -9999 18.93939 19.76136 23.01 22.26 26.14 21.55 21.9 23.61 23.03 22.51 26.23 29.13 28.17 26.94 26.14 20.6 19.21 15.72 17.58 19.73 17.74 17.11 18.27 17.72 16.88 16.75 14.75 15.39 15.16 15.9 16.57 17.17 17.44 16.59 15.81 14.52 14.23 13.9 14 13.9 14.28 14.46 14.93 15.35 16.02 16.32 16.39 16.75 17 16.98 16.83 16.58 15.79 16.45 17.12 17.68 18.5 19.17 19.63 20.02 20.34 20.87 21.45 22.07 23.15 24.33 25.67 26.82 27.33 28.49 30.26 31.34 32 31.62 31.56 31.62
-9999 -9999 -9999 -9999 -9999 -9999 -9999 -9999 20.06 22.34 17.54 19.46 18.72 19.78 21.66 26.12 27.83 29.78 24.58 25.65 24.05 23.37 21.17 18.05 14.68 16.44 18.54 16.12 15.62 15.15 15.88 16.9 14.43 13.03 14.27 13.66 14.17 14.98 14.87 14.5 14.91 14.87 13.64 12.86 12.68 12.84 12.9 13.26 13.87 14.52 14.67 15.05 15.53 16.02 16.07 16 15.89 15.46 14.97 15.26 15.9 16.3 16.78 17.35 17.79 18.27 18.33 18.9 19.48 19.76 20.37 20.97 21.85 22.56 23.7 25.45 26.66 27.43 29.11 29.95 30.54 31.04 31.45
-9999 -9999 -9999 -9999 -9999 -9999 -9999 -9999 16.15556 16.10204 18.02 18.98 20.39 18.87 20.07 21.2 21.44 20.16 22.21 23.92 23.34 20.44 17.3 15.11 15.56 17.61 15.82 14.1 13.41 14.07 15.2 17.27 13.83 13.37 12.81 12.52 13.68 14.3 14.11 13.86 13.19 13.17 12.76 12.06 11.82 11.88 12.02 12.35 13.14 13.79 14.15 14.76 15.02 14.95 15.14 15.14 14.81 14.16 14.55 15.05 15.31 15.45 16.04 16.68 16.89 17.51 16.87 17.13 17.62 18.3 18.66 19.44 20.31 21 21.97 22.89 24.04 24.79 26.34 26.44 27.92 29.76 29.47
-9999 -9999 -9999 -9999 -9999 -9999 -9999 -9999 14.71053 16.24 16.83 16.51 15.49 15.85 16.33 18.35 18.87 22.8 23.03 21.09 18.13 17.3 15.24 14.2 18.09 15.12 13.38 12.13 11.78 12.82 14.01 14.37 13.82 12.37 11.95 11.84 12.42 12.75 13.3 12.99 12.89 12.38 11.61 11.16 11 10.86 11.25 12.14 12.86 13.38 13.51 13.52 13.82 14.06 14.26 14.44 13.62 13.39 14.04 14.01 14.42 14.81 15.15 15.26 15.4 16.19 16.07 16.99 17.18 17.51 17.94 18.68 19.35 20.02 20.51 21.08 22.55 22.77 23.91 24.63 25.5 25.85 26.94
-9999 -9999 -9999 -9999 -9999 -9999 -9999 -9999 -9999 15.81 15.24 15.45 15.59 17.34 16.43 16.27 18.84 18.2 17.17 16.74 15.04 18.08 16.94 18.69 16.75 13.19 11.48 10.9 11.48 12.28 12.54 12.05 11.73 10.96 10.99 11.08 11.71 12.27 11.95 11.95 11.73 11.86 11.17 10.7 10.27 9.94 10.45 11.48 11.9 12.36 12.36 12.63 12.77 13.1 13.1 12.92 13 13 13.02 13.98 14.45 14.79 15.01 15.26 15.58 15.67 16.55 17.08 17.27 17.74 18.96 19.25 20.02 19.74 19.63 20.03 20.4 21.06 22.52 22.92 23.24 24.67 25.7
-9999 -9999 -9999 -9999 -9999 -9999 -9999 -9999 -9999 14.86 15.52 15.39 16.27 15.58 15.65 16.12 17.13 16.82 13.42 15.49 18.92 18.97 18.22 16.05 14.02 13.57 12.92 10.67 11.17 12.5 13.69 11.2 10.62 10.39 10.48 10.57 11.07 11.52 11.02 11.55 11.71 10.98 10.78 10.24 9.74 9.76 10.28 11.41 11.69 11.86 11.73 11.99 12 12 12.09 12.69 12.45 12.62 13.14 13.64 13.99 14.37 14.84 15 15.06 15.35 15.84 17.41 19.36 19.99 19.81 18.22 18.88 19.9 19.99 21.02 21.09 21.4 21.9 22.3 23.15 23.89 23.98
-9999 -9999 -9999 -9999 -9999 -9999 -9999 -9999 -9999 14.92929 15.06 14.92 14.92 14.99 15.53 14.99 16.31 15.2 13.04 15.77 21.8 16.19 16.17 15.22 12.9 10.99 10.66 10.72 11.26 10.66 11.24 10.38 10.26 11.03 11.48 11.15 10.78 10.46 10.9 11.09 11.41 11.11 10.98 10.73 10.31 10.78 11.26 11.23 11.59 11.7 11.88 11.86 12 12 12.35 12.6 12.3 12.06 12.87 13.31 13.09 13.25 13.42 14.08 14.31 14.71 14.96 16.49 18.34 17.87 17.75 17.95 18.71 19.32 21.03 22.37 23.16 24.25 24.72 23.56 23.45 25.05 25.55
-9999 -9999 -9999 -9999 -9999 -9999 -9999 -9999 -9999 14.98734 15.47 15.33 16.05 16.43 15.49 14.26 13.99 12.69 15.82 17.99 14.07 12.67 14.37 12 13.44 10.97 12.4 12.02 10 9.72 10.1 9.53 10.24 10.97 10.68 10.23 9.77 10.31 10.61 10.97 11 11 11.12 11.36 11.54 11.85 11.62 11.73 11.38 11.13 11.94 11.99 11.96 12 12 12 12 12.1 12.13 12.81 13 13 13.02 13.86 14.02 14.07 14.95 15.29 16.57 16.18 17.08 18.91 21.81 23.9 24.21 25.13 25.37 25.36 24.48 24.09 24.25 24.46 25.38
-9999 -9999 -9999 -9999 -9999 -9999 -9999 -9999 -9999 14.9434 15.15 15.22 15.11 15.27 14.45 14.16 12.77 15.56 16.33 16.2 11.25 11.69 11.98 10.3 10.48 11.1 12.67 12.11 9.22 9.61 10.21 9.71 10.27 10.25 10.08 9.94 10.54 10.91 10.44 10.3 10.49 10.91 11.07 11.68 11.75 11.38 11.7 11.97 11.81 11.45 11.46 11.73 11.83 12 12 12 12 12.02 12.67 12.6 12.99 13 13 13.14 13.93 14 14.41 15.15 16.24 16.85 17.36 21.35 28.37 28.81 26.77 25.48 27.1 25.04 21.88 22.62 22.17 22.24 25.28
-9999 -9999 -9999 -9999 -9999 -9999 -9999 -9999 -9999 -9999 15.02151 14.61 14.34 14.54 14.38 13.33 13.45 13.58 12.81 13.21 11.2 11.47 11.35 10.89 11 10.4 9.94 9.73 8.55 10 10.06 9.42 9.43 9.73 10.02 10 10.09 10.39 10.75 10.62 10.18 10.17 10.65 10.83 10.98 11 11.01 11.4 11.46 11.26 11.06 11.27 11.84 12 12 12 12.18 12.1 12.82 12.94 13 13.07 13.19 13.02 13.46 14.34 15.54 16.1 16.9 19 23.1 27.15 26.67 22.89 25.4 22.46 23.67 22.63 21.68 21.51 20.78 21.34 24.12
-9999 -9999 -9999 -9999 -9999 -9999 -9999 -9999 -9999 -9999 14.42857 14.84 13.82 13.71 13.53 14.16 16.65 15.36 18.12 16.77 13.52 14.08 13.05 13.18 13.02 12.28 10.82 10.3 8.7 8.85 8.62 8.76 8.61 9.52 9.92 9.97 10 10 10.11 10.51 10.37 10.42 10.33 10.37 10.69 10.85 11 11.05 11.53 11.69 11.35 11.65 12 12 12 12.16 12.93 12.65 13.03 13.02 13.12 13.38 13.04 13.38 14.04 15.05 16.77 22.3 23.16 23.45 18.01 18.27 23.19 20.6 18.21 19.32 20.83 18.15 18.3 19.08 19.63 21.47 22.99
-9999 -9999 -9999 -9999 -9999 -9999 -9999 -9999 -9999 -9999 13.56977 14.48 14.7 14.6 14.16 13.99 14.8 17.31 18.48 16.83 16.25 15.82 13.82 11.86 12.92 13.2 11.59 9.81 8.96 9.71 9.46 8.86 9.51 9.72 9.87 9.69 9.94 10 10.14 10.03 10.36 10.79 10.07 10.35 10.95 10.9 11 11 11.01 11.14 11.76 12 12 12.1 12.32 12.98 13 13 13.05 13.55 13.92 13.59 13.14 13.25 14.19 15.94 23.33 27.34 21.08 17.11 15.87 15.63 17.62 17.84 15.85 16.24 16.36 16.38 16.05 17.45 18.83 21.09 22.99
-9999 -9999 -9999 -9999 -9999 -9999 -9999 -9999 -9999 -9999 12.93878 13.67 14.19 15.15 17.38 16.96 15.78 13.7 13.45 13.56 14.41 14.53 13.99 12.75 12.77 12.69 11.22 9.74 9.21 9.87 10.02 9.57 9.18 9.72 10 9.94 9.72 9.92 9.95 10 10.04 10.12 10.07 10.69 11 11.02 11.14 11.11 11 11.09 11.87 12.02 12.62 12.9 12.89 13 13 13.03 13.57 14.32 14.7 14.3 14.09 14.22 15.77 18.18 27.42 19.31 22.21 20.16 15.96 14.04 13.09 13.46 14.55 14.34 13.9 14.91 16.69 18.85 20.09 20.47 21.56
-9999 -9999 -9999 -9999 -9999 -9999 -9999 -9999 -9999 -9999 12.01124 12.62 13.4 15.88 14.53 15.04 14.36 12.17 12.18 12.76 13.02 12.78 12.44 12.35 11.93 12.07 10.76 9.83 9.77 9.22 9.72 9.96 9.36 9.21 9.69 9.92 9.85 9.45 9.96 10 10 10.27 10.56 10.99 11.28 11.92 11.83 11.16 11.09 11.43 11.85 12.28 13 13.69 13.79 13.38 14.03 13.75 14.36 15.05 15.69 15.75 15.64 17.54 23.66 24.32 28.01 24.65 17.43 14.04 13.11 11.81 12.19 13.63 13.6 13.04 12.57 14.28 17.17 18.37 19.08 18.82 19.75
-9999 -9999 -9999 -9999 -9999 -9999 -9999 -9999 -9999 12 11.98913 12.01 12.34 12.74 14.1 13.27 13.42 12.31 12.57 12.33 11.49 11.13 10.86 11.07 10.88 10.27 9.9 10 10 9.77 9.61 9.91 9.46 9.13 9.15 9.84 9.86 9.08 9.8 10 10.04 10.26 10.94 11.56 11.99 11.31 11.01 11.06 11.48 12 12.48 13.25 14.77 15.03 15.77 16.24 16.08 15.09 15.38 15.66 18.16 18.23 19.58 20.05 18.7 15.95 15.61 14.04 13.46 14.22 12.07 10.72 11.62 12.19 12.68 11.74 12.7 15.94 16.67 17.5 19.34 17.84 17.25
