layers/wordclim/current/bio_01.asc
ncols         166
nrows         93
xllcorner     -9.4959440078468
yllcorner     36.000324005443
cellsize      0.083333337679505
NODATA_value  -9999
[rows 0 to 32 of 93, columns 0 to 72 of 166]
-9999 -9999 -9999 -9999 -9999 -9999 -9999 -9999 -9999 -9999 -9999 -9999 -9999 -9999 -9999 -9999 -9999 134.1463 123.8333 136.403 135.5758 133.3523 136.1884 135.7727 -9999 -9999 -9999 -9999 -9999 -9999 -9999 -9999 -9999 -9999 -9999 -9999 -9999 -9999 -9999 -9999 -9999 -9999 -9999 -9999 -9999 -9999 -9999 -9999 -9999 -9999 -9999 -9999 -9999 -9999 -9999 -9999 -9999 -9999 -9999 -9999 -9999 -9999 -9999 -9999 -9999 -9999 -9999 -9999 -9999 -9999 -9999 -9999 -9999
-9999 -9999 -9999 -9999 -9999 -9999 -9999 -9999 -9999 -9999 -9999 -9999 -9999 -9999 -9999 -9999 136.5455 134.2421 129.79 134.31 126.68 124.79 132.8788 124.76 125.99 132.8969 -9999 -9999 -9999 -9999 -9999 -9999 -9999 -9999 -9999 -9999 -9999 -9999 -9999 -9999 -9999 -9999 -9999 137.75 138.1154 -9999 -9999 -9999 -9999 -9999 -9999 -9999 -9999 -9999 -9999 -9999 -9999 -9999 -9999 -9999 -9999 -9999 -9999 -9999 -9999 -9999 -9999 -9999 -9999 -9999 -9999 -9999 -9999
-9999 -9999 -9999 -9999 -9999 -9999 -9999 -9999 -9999 -9999 -9999 -9999 -9999 -9999 137.6852 139.0947 136.6566 134.13 130.4 123.23 118.34 119.37 122.78 115.45 130.53 136.47 136.6947 135.5316 135.5775 140.1636 138.625 137.9762 135.1579 139.026 132.4177 135.8485 134.5206 130.2917 127.9432 130.6186 132.4359 134.0595 136.0303 136.39 134.96 138.4805 138.1967 134.3 133.4915 -9999 -9999 -9999 -9999 -9999 -9999 -9999 -9999 -9999 -9999 -9999 -9999 -9999 -9999 -9999 -9999 -9999 -9999 -9999 -9999 -9999 -9999 -9999 -9999
-9999 -9999 -9999 -9999 -9999 -9999 -9999 -9999 -9999 -9999 -9999 -9999 -9999 -9999 -9999 -9999 132.4545 124.8 121.6 124.4 118.85 111.82 107.91 107.06 117.12 128.71 134.07 127.25 135.5 135.0202 126.1 122.05 120.67 129.23 114.86 122.92 127.1 122.06 114 126.24 133.0606 127.21 126.04 130.6 132.68 132.24 126.59 125.12 133.35 130.97 129.56 126.9615 134.7308 136.8136 136.08 -9999 -9999 -9999 -9999 -9999 -9999 -9999 -9999 -9999 -9999 -9999 -9999 141.1096 -9999 140.4444 137.3229 139.1379 138.2609
-9999 -9999 -9999 -9999 -9999 -9999 -9999 -9999 -9999 -9999 -9999 -9999 -9999 -9999 140 139.5833 132.79 125.31 122.97 118.99 121.14 119.09 118.1 112.25 115.52 117.55 121.87 128.54 127.27 115.68 105.79 112.26 119.87 115.39 110.14 120.92 112.64 106.45 118 126.54 128.03 132.59 133.13 128.27 130.39 129.27 126.59 126.36 126.62 127.41 127.88 134.23 134.61 126.41 125.42 122.96 116.54 125.6277 131.7037 137.7534 139.5844 140.6923 138.7361 135.9398 137.4184 140.89 138.85 138.73 136.4063 138.55 133.24 134.09 136.9881
-9999 -9999 -9999 -9999 -9999 -9999 140.037 141.6 139.946 -9999 138.2162 137.6626 137.16 140.3333 140.41 -9999 132.71 125.92 118.08 119.67 121.98 123.03 122.49 124.1 120.63 120.98 119.94 126.22 112.42 107.84 109.39 121.15 115.22 101.17 102.22 114.39 119.46 118.34 111.61 116.94 114.48 115.11 120.2 125.94 125.28 124.92 121.2 113.01 111.48 117.57 109.04 116.64 122.58 110.89 102.05 106.04 114.57 109.01 122.02 120.01 128.4 125.83 128.23 130.4 127.49 132.73 132.89 132.05 123.96 117.48 120.13 122.8 129.83
-9999 -9999 -9999 -9999 -9999 -9999 138.3425 138.9 138.61 138.96 135.61 127.67 129.75 132.75 137.05 135.8 128.01 124.24 120.15 121.57 121.39 124.79 124.62 126.24 125.41 122.07 117 119.8 113.93 109.61 115.5 120.91 105.39 96.25 108.82 114.5 112.3 98.34 102.22 98.57 97.61 110.72 89.44 108.71 121.74 111.78 108.03 111.72 108.25 105.99 89.31 100.48 103.55 86.94 56.8 74.1 65.7 71.39 108.32 99.7 108.1 115.42 118.72 112.65 119.01 125.94 121.11 120.5 119.52 102.59 89.91 107.59 119.92
-9999 -9999 -9999 -9999 142.2366 137.03 136.72 132.16 129.72 130.21 126.99 128.28 130.09 128.66 130.13 126.62 122.72 122.64 120.48 122.42 122.02 122.94 126.52 125.97 124.09 119.54 113.77 117.7 105.15 109.31 106.27 114.49 104.68 97.47 105.66 108.18 95.11 82.81 96.37 85.26 91.95 86.58 100.07 100.28 110.29 100.45 101.25 100.36 88.08 81.65 87.5 82.1 76.1 87.61 70.87 63.47 72.77 100.12 112.3 105.39 80.04 93.63 99.88 101.06 102.92 117.2 105.1 113.85 109.06 88.69 83.55 91.04 97.52
-9999 -9999 -9999 141.6082 138.34 131.73 131.58 129.69 129.08 128.02 129.66 130.54 133.55 132.68 131.23 129.86 126.74 122.52 116.07 118.91 122.96 122.54 124.88 124.1 120.33 117.86 111.18 108.6 114.28 112.1 118.84 116.08 99.93 90.17 101.65 87.84 87.69 66.78 64.99 68.87 57.99 69.13 62.12 89.21 99.11 71.56 68.81 75.41 67.25 63.51 76.21 68.53 77.92 82.24 70.51 71.49 58.19 62.8 74.94 86.35 79.74 63.15 74.31 90.83 95.27 98.28 97.28 99.59 96.85 97.79 103.76 105.19 105.79
-9999 -9999 -9999 142.7059 134.2222 131.66 130.53 130.95 131.88 131.86 132.98 134.25 134.62 133.39 131.26 129.35 128.77 122.23 120.27 117.42 121.09 119.22 120.52 125.52 125.83 122.91 113.09 112.5 110.06 119.03 116 104.39 102.02 91.13 87.48 79.69 71.34 79.12 78.63 77.47 72.06 77.97 75.63 69.93 76.15 78.31 73.62 78.72 70.54 76.67 87.73 80.04 79.92 82.56 85.17 74.97 60.64 58.17 64.56 77.89 84.65 63.62 72.8 92.54 96.72 98.25 99.51 98.94 99.43 101.33 106.99 113.37 110.92
-9999 -9999 -9999 -9999 140.1207 130.78 132.12 135.13 133.3 137.96 140.44 135.23 132.99 135.9 134.45 133.05 134.05 130.92 126.78 122.87 119.36 122.25 125.03 127.25 128.16 123.82 117.97 109.73 115.96 115.76 103.19 88.35 76.79 76.65 86.13 83.07 84.52 78.22 66 71.49 66.34 65.99 76.26 85.5 72.22 83.17 85.4 87.49 80.25 89.48 91.22 82.66 88.46 81.56 86.85 75.72 74.71 74.59 76.28 88.37 93.14 92.84 92.93 96.08 95.9 98.48 95.55 102.39 100.99 105.58 102.05 106.06 112.05
-9999 -9999 -9999 -9999 142.875 140.5 142.1061 143.5824 129.72 137.52 140.69 141.71 138.64 139.73 138.47 130.07 130.06 126.02 121.32 123.48 119.23 120.5 127.1 120.89 120.41 125.89 111.39 106.23 108.78 104.74 98.34 76.68 87.58 95.4 103.77 100.04 85.34 71.19 69.97 71.37 79.86 86.61 91.84 92.92 94.38 89.67 97.59 98.84 95.09 98.52 97.08 95.39 96.17 92.21 95.64 89.06 85.41 92.39 92.53 91.25 94.99 97.01 100.68 100.49 97.07 102.02 102.26 96.82 101.11 99.15 94.63 102.67 103.88
-9999 -9999 -9999 -9999 -9999 -9999 130.6413 139.17 137.3 143.17 139.98 136.91 138.44 128.74 130.17 127.98 122.75 122.91 117.47 113.81 121.66 127.13 118.77 116.18 119.82 117.66 106.65 94 90.48 94.27 99.97 91.99 104.21 111.71 109.28 109.35 99.47 95.5 95.43 92.08 86.55 87.5 93.41 98.41 100.22 98.05 103.62 104.89 101.63 105.85 99.94 102.89 100.78 101.2 98.14 94.82 94.91 95.69 98.38 96.42 100.97 100.43 101.96 97.28 96.36 97.16 98.42 98.12 100.43 97 92.46 98.5 111.97
-9999 -9999 -9999 -9999 -9999 145.6102 138.0426 -9999 -9999 139.64 140.51 133.24 127.7 120.86 114.42 125.19 123.61 117.57 114.5 111.79 122.59 126.79 122.27 123.35 130.15 119.31 104.57 104.32 97.38 89.09 100.47 107.65 115.34 121.2 120.82 116.89 115.22 111.66 103.84 94.63 98.3 102.1 101.71 104.57 104.49 103.79 109.72 109.88 109.05 108.75 106.1 107.89 102.77 106.17 101.02 98.84 100.17 99.66 103.21 101.41 103.42 106.29 104.78 100.32 99.98 97.89 97.87 96.76 96.39 94.63 96.64 104.27 113.11
-9999 -9999 -9999 -9999 -9999 -9999 -9999 149 146.4217 144.65 139.5 133.41 127.36 122.92 115.57 116.77 119.32 114.47 111.51 116.36 120.19 126.79 126.24 133.78 132.37 126.03 115.87 110.85 97.81 95.39 102.18 116.43 123.4 127.03 123.66 117.2 101.8 92.43 89.23 91.88 101.09 105.43 105.69 109.45 109.23 109.29 111.78 113.47 113.55 112.03 110.98 107.36 106.49 109.48 105.09 102.93 105.2 103.71 104.6 105.92 105.22 107.92 108.36 107.37 106.69 105.58 102.66 97.34 97.96 97.79 102.3 104.35 101.05
-9999 -9999 -9999 -9999 -9999 -9999 -9999 147.3125 144.1522 136.7978 142.74 135.4 124.44 112.32 117.58 123.63 126.93 127.52 127.21 126.24 126.05 127.02 129.88 130.41 123.68 122.29 123.07 121.85 104.8 110.18 114.56 119.3 121.89 108.99 93.85 95.56 84.35 80.83 92.8 100.86 106.17 109.5 108.93 112.46 112.06 111.98 113.24 115.82 115.46 113.55 111.22 109.54 109.78 111.87 108.61 106.08 108.06 109.48 109.3 109.53 110.26 110.38 109.72 110.09 109.35 108.2 103.15 100.48 101.42 101.58 100.35 99.08 99.69
-9999 -9999 -9999 -9999 -9999 -9999 -9999 -9999 -9999 139.5294 141.0538 136.86 130.93 113.63 115.82 129.2 137.56 133.79 135.75 136.39 134.4 118.33 113.11 118.83 119.19 107.64 106.37 124.86 126.74 108.59 103.57 112.86 95.24 90.29 94.2 73.4 70.41 79.6 94.09 99.93 104.87 109.9 113.41 114.41 114 113.97 114.52 116.69 115.07 113.77 113.12 112.03 113.21 114.07 111.85 109.86 110.5 112.17 112.1 112.71 112.38 113.09 113.13 112.87 111.57 107.47 104.66 104.28 104.49 104.19 101.08 98.91 98.08
-9999 -9999 -9999 -9999 -9999 -9999 -9999 -9999 144.3205 138.0152 -9999 135.55 129.14 122.39 111.6 124.97 140.22 136.91 131.1 136.39 133.08 121.03 117.33 104.58 99.9 98.39 89.56 112.32 115.16 103.54 88.04 83.12 78.27 78.01 84.34 93.78 87.08 76.84 86.67 99.6 107.97 111.46 113.92 115.46 115.28 115.21 115.68 117.55 114.27 112.49 114.57 114.95 116.07 115.75 114.42 113.72 113 113.58 115.01 114.88 115.22 114.53 114.7 113.47 110.6 105.68 106.98 108.15 106.3 103.52 100.26 98.87 95.82
-9999 -9999 -9999 -9999 -9999 -9999 -9999 -9999 -9999 142.5824 140.85 140.76 141.77 128.05 122.3 132.33 136.21 132.54 131.66 127.81 125.7 121.73 122.15 103.88 90.07 83.98 76.89 93.24 109.8 96.58 87.36 72.65 59.77 63.56 73.42 73.27 77.76 88.07 92.77 101.96 107.32 110.52 111.88 115.38 116.71 116.6 117.03 118.09 114.94 115.27 116.69 117.25 117.47 116.34 116.21 116.28 116.41 115.28 116.19 117.37 117.31 115.48 115.06 112.43 109.21 111.41 111.23 108.93 107.04 104.82 102.15 99.08 91.98
-9999 -9999 -9999 -9999 -9999 -9999 -9999 -9999 145.1099 133.77 146.06 144.58 145.34 132.56 142 131.99 123.27 114.32 117.66 116.79 116.57 121.62 118.24 111.9 100.45 90.13 92.69 101.92 106.36 92.07 81.25 69.49 70.89 89.4 96.01 94.81 94.88 99.22 104.49 109.69 110.23 112.89 114.55 114.9 117.96 117.21 118.37 118.06 117.52 118.27 117.98 118.73 117.45 116.45 117.85 118.15 118.99 119.68 117.99 119.71 115.53 112.41 113.39 112.41 114.92 111.84 112.09 110.43 107.9 104.75 100.95 96.63 98.92
-9999 -9999 -9999 -9999 -9999 -9999 -9999 132.3175 132.56 141.4 145.76 145.72 141.27 141.47 120.15 102.91 93.82 101.49 110.13 116.82 119.42 120.44 120.35 112.9 123.04 107.52 104.24 107.04 100.66 93.78 86.47 80.32 78.35 98.96 102.39 103.15 104.89 106.17 109.1 112 114.17 115.63 116.78 116.78 117.27 118.42 119.71 118.77 118.52 117.89 119.66 119 117.83 118.66 119.08 119.6 120.42 121.37 120.69 120.68 116.45 117.09 118.23 115.62 112.76 111.29 111.79 111.05 109.75 108.32 105.65 102.78 98.87
-9999 -9999 -9999 -9999 -9999 -9999 -9999 136.25 143.94 143.16 140.82 124.57 130.9 123.53 97.37 109.55 114.19 119.93 116.16 105.99 103.38 109.57 112.4 118.69 131.77 119.12 112.58 115.92 109.74 104.19 103.49 99.02 89.16 106.06 107.74 105.41 103.74 108.19 110.08 111.69 112.89 115.4 117.04 118.13 119.3 120.33 120.05 119.32 119.43 119.88 120.19 119.34 117.94 119.89 120.21 120.55 120.01 118.4 115.87 119.61 121.28 118.67 116.33 113.9 110.66 109.12 109.97 109.28 107.32 105.75 104.27 99.52 97.19
-9999 -9999 -9999 -9999 -9999 -9999 -9999 142.8182 141.1477 133.34 135.81 123.39 136.84 134.15 125.9 125.5 124.68 108.76 95.78 96.57 98.07 98.92 116.41 119.97 132.98 122.78 111.88 118.44 117.78 109.32 108.94 109.57 108.21 116.17 112.52 113.91 110.5 108.47 106.23 105.36 107.75 110.48 115.41 116.76 118.92 120.13 120.81 121.13 121.6 121.78 121.21 120.25 119.87 119.58 117.7 116.35 115.98 116.07 117.48 122.14 119.39 116.91 115 112.61 110.6 109.4 108.84 109.09 107.93 107.15 106.62 104.13 101.83
-9999 -9999 -9999 -9999 -9999 -9999 -9999 -9999 136.04 129.94 143.88 139 141.44 137.17 128.66 110.23 101.84 92.73 107.98 101.76 104.76 105.16 111.28 121.73 135.05 125.02 113.47 122.6 121.56 121.21 113.7 106.2 113.99 121.24 113.44 117.42 115.06 110.73 112.43 114.03 111.33 111.19 115.4 119.46 120.19 120.22 121.71 121.45 120.79 119.92 121.5 121.21 118.53 116.3 115.89 115.75 116.08 118.99 122.51 121.08 117.9 117.27 115.38 114.36 112.87 111.79 113.04 112.28 110.87 110.99 110.11 109.51 108.03
-9999 -9999 -9999 -9999 -9999 -9999 -9999 -9999 141.1889 142.6429 139.08 136.72 132.45 136.5 130.94 124.82 121.77 124.14 113.52 105 104.65 113.22 123.89 131.72 128.66 117.2 123.66 129.75 132.05 123.42 112.91 101.84 114.43 115.02 118.24 120.39 113.53 111.31 112.15 114.28 116.23 115.6 116.39 118.91 120.62 121.3 122.14 122.43 121.51 120.77 120 117.68 116.35 116.65 116.32 116.14 118.15 123.15 120.41 119.13 118.2 117.91 115.97 114.42 113.56 112.35 116.66 117.4 116.34 114.51 114.1 112.57 110.95
-9999 -9999 -9999 -9999 -9999 -9999 -9999 -9999 143.1842 140.13 139.76 141.51 145.81 144.15 141.62 132.17 128.18 110.48 107.71 112.51 121.76 123.33 130.15 133.12 114.25 125.82 133.14 138.72 138.55 128.25 116.39 112.03 112.19 119.03 121.32 121.72 117.8 115.85 113.7 115.06 115.04 116.67 118.93 119.92 120.35 122.14 122.69 120.12 120.03 119.6 119.72 120.57 119.62 118.71 117.27 117.27 122.38 123.74 121.17 121.31 120.22 118.48 117.79 118.96 119.12 115.76 117.71 114.69 114.96 114.51 114.66 112.92 111.7
-9999 -9999 -9999 -9999 -9999 -9999 -9999 -9999 -9999 140.9 143.58 143.42 143.33 136.27 139.26 137.86 125.4 125.68 127.91 127.55 132.67 117.64 120.25 111.18 117.48 132.46 140.59 143.32 138.23 129.22 123.35 123.51 122.65 128.39 126.96 124.98 119.44 115.94 117.71 118.41 118.67 116.52 118.55 119.8 121.02 123.95 124.03 121.92 121.96 122.3 122.73 122.46 122.79 121.11 121.69 123.9 124.74 124.57 124.09 118.26 117.85 116.24 114.58 115.05 116.03 115.55 112.71 110.69 111.58 110.95 107.41 107.93 105.93
-9999 -9999 -9999 -9999 -9999 -9999 -9999 -9999 -9999 143.39 141.48 142.26 139.07 141.51 139.9 136.25 129.75 128.88 142.66 130.3 113.94 111.52 112.69 119.52 127.21 128.21 130.27 142.31 137.51 124.02 113.49 127.34 131.3 131.81 129.03 126.64 121.25 118.6 121.42 118.12 117.46 119.65 119.28 120.83 122.36 122.95 123.42 121.77 122.54 123.99 124.73 123.96 124.42 124.58 123.78 122.97 123.72 124.2 122.53 118.52 116.84 115.87 115.16 114.55 114.66 114.61 113.43 107.43 101.31 100.09 101.95 109.33 108.88
-9999 -9999 -9999 -9999 -9999 -9999 -9999 -9999 -9999 143.7677 143.55 143.8 143.68 142.21 138.63 139.36 131.03 133.98 142.01 126.74 100.6 120.77 118.99 121.18 130.58 140.11 141.01 139.28 133.95 136.09 128 133.03 131.16 121.82 117.49 118.66 121.65 124.17 120.22 117.47 116.65 116.99 118 118.81 119.96 119.38 119.04 120.24 120.19 120.77 121.51 122.36 122.32 122.28 121.18 121.09 122.79 123.69 121.33 121.09 122.22 120.29 119.14 118.32 116.84 115.62 116.02 109.74 103.25 106.2 108.3 108.84 107.6
-9999 -9999 -9999 -9999 -9999 -9999 -9999 -9999 -9999 143.9114 141.69 141.85 137.87 134.48 137.46 141.16 140.35 144.68 127.11 115.32 130.27 134.26 124.58 134.62 126.02 138.23 128.15 128.07 141 140.71 135.91 138.46 129.31 120.75 121.45 125.29 128.49 123.19 120.33 118.86 117.39 116.59 115.71 115.51 115.44 114.9 116.16 117.36 119.74 121.97 119.64 121.34 122.03 122.58 123.35 123.77 123.14 122.64 122.5 122.24 122 121.41 119.94 118.12 116.49 115.93 114.42 112.83 108.44 111.07 109.09 103.37 95.7
-9999 -9999 -9999 -9999 -9999 -9999 -9999 -9999 -9999 144.3208 143.25 142.23 141.43 138.92 141 140.35 145.18 128.98 122.65 121.9 143.73 138.23 135.22 143.72 140.94 135.99 124.27 125.02 144.5 139.36 132.29 133.5 126.41 126.04 124.85 125.74 120.31 118.9 120.08 120.42 119.81 117.61 115.84 113.35 114.23 115.73 115.48 114.96 116.6 119.19 120.33 121.03 121.97 122.26 122.75 123.09 121.99 122.04 120.27 121.61 121.02 120.24 119.44 118.1 116.68 115.57 114.31 112.01 108.43 107.15 106.64 95.09 76.69
-9999 -9999 -9999 -9999 -9999 -9999 -9999 -9999 -9999 -9999 143.7742 145.03 144.17 141.45 140.39 143.29 140.51 137.43 138.95 134.9 143.1 138.95 138.37 139.45 136.27 138.77 140.24 140.68 147.66 135.06 131.68 134.99 133.55 128.24 122.21 121.83 121.03 119.41 118.36 118.6 119.84 120.72 119 118.69 118.61 118.22 117.78 116.86 117.28 118.68 120.54 120.62 121 120.92 121.68 122.24 120.36 120.78 118.48 119.97 120.25 118.49 117.49 118.14 116.62 112.68 108.54 107.12 104.97 99.13 87.41 77.64 80.33
-9999 -9999 -9999 -9999 -9999 -9999 -9999 -9999 -9999 -9999 144.7024 142.09 145.41 144.32 143.36 137.65 122.78 126.6 111.15 114.82 128.91 123.53 127.08 124.47 122.44 125.01 132.63 134.13 145.31 142.49 141.72 139.81 138.63 129.06 124.09 122.98 121.08 120.72 118.81 118.04 118.7 119.09 119.63 120.14 120.23 120.01 119.16 117.96 116.75 117.21 119.19 119.6 119.63 119.52 120.57 119.85 118.22 119.64 117.64 118.07 117.74 116.07 117.96 115.98 113 108.71 103.03 86.76 85.13 85.16 103 102.66 88.61
