layers/wordclim/current/bio_02.asc
ncols         166
nrows         93
xllcorner     -9.4959440078468
yllcorner     36.000324005443
cellsize      0.083333337679505
NODATA_value  -9999
[rows 33 to 65 of 93, columns 0 to 74 of 166]
-9999 -9999 -9999 -9999 -9999 -9999 -9999 -9999 -9999 -9999 84.45349 88.02 90.69 92.9 95.09 96.52 95.86 90.56 87.63 90.18 90.76 90.58 95.4 100.03 95.53 92.95 97.62 102.51 104.06 102.23 102.49 103.86 102.84 103.21 104.04 105.15 105.93 106.96 108.34 109.8 110.94 112.27 113.9 115.33 116.55 117.74 118.63 118.37 117.91 117.14 116.56 115.86 115.04 114.23 113.4 112.4 111.31 110.22 108.83 107.58 106.25 104.85 103.52 102.28 101.12 102.05 105.71 106.68 104.96 103.61 103.33 103.62 104.83 105.27 104.73
-9999 -9999 -9999 -9999 -9999 -9999 -9999 -9999 -9999 -9999 82.53061 86.71 90.07 91.58 88.58 90.07 92.59 97.25 97.8 96.85 93.53 92.04 92.07 94.47 92.86 91.56 95.87 100.97 101.59 99.46 98.7 100.66 102.2 101.75 102.47 103.82 105.26 106.5 108.13 109.41 110.68 111.97 113.42 114.62 115.86 117.01 117.42 117.58 117.37 116.81 116.1 115.47 114.57 113.82 113.04 112 111.06 109.84 108.49 107.27 105.84 104.6 103.34 102.23 102.32 103.71 107.25 104.37 105.87 105.21 103.62 103.13 102.88 103.35 104.08
-9999 -9999 -9999 -9999 -9999 -9999 -9999 -9999 -9999 -9999 80.94382 85.37 89.55 89.68 92.77 92.48 94.35 99.14 99.24 97.34 95.59 94.85 94.7 93.36 93.06 90.58 95.05 98.32 97.99 99.42 97.98 97.94 99.82 101.23 101.6 102.56 104.2 105.94 107.31 108.7 110.04 111.25 112.48 113.58 114.5 115.06 115.85 116.87 116.72 116.19 115.82 114.91 114.03 113.16 112.3 111.65 110.59 109.57 108.34 107.15 105.99 104.93 104.13 104.24 106.71 106.92 107.84 106.75 103.87 102.68 102.66 102.62 103.13 103.94 103.88
-9999 -9999 -9999 -9999 -9999 -9999 -9999 -9999 -9999 75.27027 79.82609 84.79 89.34 92.57 92.98 95.48 94.99 98.07 97.19 96.76 98.02 97.92 97.4 95.37 94.62 95.28 95.94 95.38 94.15 95.13 96.42 95.99 97.97 99.65 101.27 101.57 103.14 105.2 106.45 107.72 109.04 110.49 111.23 112.04 113.02 114.7 115.78 115.99 115.85 115.5 114.83 114.06 113.01 112.52 111.7 110.98 110.11 109.23 108.18 107.15 106.98 106.17 106.24 105.9 105.05 103.31 103.02 102.3 102.37 103.2 102.94 103.15 103.69 103.98 104.04
-9999 -9999 -9999 -9999 -9999 -9999 -9999 -9999 -9999 75.31081 80.29897 85.14 89.58 93.21 94.32 91.49 90.41 97.68 98.85 99.04 98.72 97.09 95.17 96.15 97.51 95.8 93.97 87.11 89.57 92.18 93.01 94.61 96.34 99.06 101.13 102.4 103.09 103.93 105.2 106.33 107.53 108.48 110.28 112.02 113.1 114.08 114.7 114.97 114.68 113.97 113.32 112.82 111.82 111.54 111.32 110.89 110.24 109.42 108.51 107.88 107.55 107.38 106.72 107.05 104.33 102.92 103.25 103.03 102.13 102.27 103.04 104.12 105.02 105.06 104.64
-9999 -9999 -9999 -9999 -9999 -9999 -9999 -9999 -9999 77.48 82.09 86.65 90.92 94.53 94.31 89.87 98.6 99.67 100.08 99.1 98.89 98.31 98.1 94.87 84.25 80.53 83.95 84.88 87.35 89.84 92.23 92.57 95.47 98.36 100.02 101.6 102.73 102.32 102.79 102.94 106.09 107.97 110.25 111.81 112.23 112.88 113.86 113.83 113.29 113.3 113.12 112.02 110.94 111.56 111.72 110.96 110.23 109.82 109 108.09 107.34 106.41 105.8 105.66 104.21 103.54 103 102.47 102.03 102.62 103.34 105.07 107.17 107.37 106.16
-9999 -9999 -9999 -9999 -9999 -9999 -9999 -9999 77.08064 80.16 84.63 89.17 93 96.21 96.96 98.54 99.96 100.68 100.34 99.87 98.2 96.31 85.82 73.84 76.97 81.36 86.74 83.9 87.28 90.08 90.96 91.52 95.31 97.18 97.71 99.56 101.39 102.16 103.44 105.04 106.68 110.04 111.17 111.62 112.4 112.06 112.59 113.36 113.63 112.98 111.6 110.46 110.36 110.71 110.61 110.71 110.65 110.2 109.59 108.72 107.91 107.03 106.32 105.62 104.89 104.15 103.59 103.15 102.68 102.7 103.54 105.28 108.94 108.99 108.28
-9999 -9999 -9999 -9999 -9999 -9999 -9999 -9999 78.71429 82.62 87.16 91.93 95.74 97.79 99.78 101.3 101.45 101.05 99.98 97.58 95.64 84.84 71.13 73.85 86.26 92.57 92.97 87.88 86.66 88.55 88.61 90.55 92.67 94.83 96.79 98.5 98.44 101.47 103.57 107.3 109.18 110.03 110.24 110.99 110.2 108.1 109.61 112.5 112.29 110.67 110.35 110.63 110.71 111.55 111.49 111.57 111.2 110.75 110.16 109.53 108.75 107.96 107.22 106.49 105.82 105.17 104.54 104.12 103.69 103.49 104.38 106.24 108.44 109.46 109.59
-9999 -9999 -9999 -9999 -9999 -9999 -9999 -9999 80.28 84.67 89.49 94.2 98.26 99.67 100.85 102.29 101.69 100.79 99.31 95.43 92.09 86.07 75.66 76.72 92.44 94.89 92.99 91.54 88.69 86.52 87.16 87.7 91.16 93.97 95.04 98.67 101.31 104.19 106.13 107.85 109.48 109.75 110.29 110.51 107.34 106.53 109.58 110.91 110.47 109.84 109.15 110.11 111.08 112.37 111.91 111.73 111.87 111.65 110.86 110.26 109.47 108.82 108.14 107.52 106.82 106.29 105.72 105.44 105.27 105.28 105.97 107.24 108.95 110.14 110.63
-9999 -9999 -9999 -9999 -9999 -9999 -9999 78.09589 81.47 85.64 90.18 94.91 99.7 101.61 102.16 101.58 100.94 98.2 92.29 85.46 82.65 90.14 92.6 93.57 94.2 93.39 94.47 94.01 92.62 91.75 95.66 97.51 93.29 98.27 101.24 103.16 104.7 104.93 107.07 108.51 109.5 110.42 109.42 107.38 110.13 109.35 107.25 108.26 109.38 112.65 111.92 112.73 113.76 113.95 113.48 113.07 112.9 112.16 111.72 111.01 110.45 109.76 109.2 108.48 108.03 107.52 107.16 106.96 106.81 107.12 107.66 108.64 109.81 110.83 111.59
-9999 -9999 -9999 -9999 -9999 -9999 -9999 -9999 81.82954 86.13 90.65 95.24 99.82 101.5 102.13 96.86 92.95 90.55 89.89 86.68 88.54 93.12 91.51 90.52 91.77 93.88 96.58 96.47 96.16 97.74 99.49 99.68 99.76 101.9 104.16 104.72 105.03 105.76 107.43 108.45 109.34 109.67 109 110.13 109.55 111.83 112.69 113.23 113.94 114.63 114.93 114.87 114.6 114.29 114.04 113.94 113.35 112.76 112.4 111.86 111.3 110.77 110.3 109.7 109.23 108.83 108.56 108.44 108.51 108.88 109.22 110.01 111.11 112.22 112.79
-9999 -9999 -9999 -9999 -9999 -9999 -9999 78.44 82.07 86.13 90.26 93.76 96.5 98.91 91.69 87.37 90.85 93.32 92.7 93.57 94.87 89.5 92.24 89.55 95.04 97.05 97.01 97.69 96.94 96.66 97.9 101.17 102.48 104.04 104.89 105.05 105.77 106.86 108.03 108.96 109.39 109.8 110.56 111.21 112.02 113.18 113.88 114 114.51 114.91 114.99 115 115 114.97 114.54 114.24 113.99 113.6 113.08 112.73 112.24 111.78 111.36 110.94 110.48 110.22 110.03 109.87 110.16 110.36 110.67 111.42 112.06 112.73 113.32
-9999 -9999 -9999 -9999 -9999 -9999 -9999 77.85 81.74 85.69 89.55 91.55 94.89 95.89 92.57 93.96 96.11 94.79 91.64 90.89 90.31 92.35 96.96 96.19 96.24 97.73 98.08 98.95 98.97 99.46 100.82 102.03 101.94 103.83 104.71 105.56 106.54 107.49 108.14 108.55 109.05 110.06 111.31 112.14 112.95 113.43 113.99 114.17 114.83 115 115 115.01 115.08 115.02 115 114.96 114.73 114.26 113.98 113.68 113.4 112.96 112.57 112.15 111.77 111.56 111.43 111.46 111.64 111.94 112.58 113.28 114.07 114.65 115.13
-9999 -9999 -9999 -9999 -9999 -9999 74.2381 77.35 81.13 84.84 88.33 90.8 93.51 94.27 95.2 96.36 94.82 92.05 90.36 87.53 92.75 96.5 97.85 97.03 96.86 97.97 100.49 100.76 100.99 100.5 101.51 102.6 103.55 103.84 104.94 105.67 106.15 106.93 107.29 107.67 109.09 110.41 111.59 112.35 113.02 113.73 114.01 114.6 115 115.04 115.38 115.74 115.9 115.84 115.7 115.58 115.48 115.24 114.92 114.6 114.31 114.05 113.72 113.42 113.25 113.07 112.98 113.04 113.28 113.51 114.08 114.8 115.35 115.81 116.36
-9999 -9999 -9999 -9999 -9999 -9999 73.28571 76.71 80.43 83.77 86.6 89.53 92.32 93.22 94.94 95.63 95.93 94.82 91.97 91.35 95.53 97.13 97.14 96.83 98.54 100.59 100.7 101.35 100.75 101.8 102.48 103.02 103.91 104.93 105.56 105.82 106.12 106.49 107.66 108.87 109.74 110.82 111.44 112.26 112.98 113.89 114.15 114.91 115.06 115.69 115.97 116.01 116.05 116.22 116.23 116.3 116.29 116.19 116.02 115.82 115.68 115.38 115.28 115.26 115.08 115.11 115.24 115.18 115.23 115.45 115.59 116.05 116.48 116.88 117.44
-9999 -9999 -9999 -9999 -9999 69.91071 72.75 76.27 79.66 82.78 85.69 88.74 91.27 92.82 93.31 94.95 94.64 94.97 94.48 95.86 97.44 97.24 98.18 99.09 99.24 99.15 99.95 101.27 101.29 102.38 103.69 104.29 104.05 104.41 105.3 106.46 107.53 107.64 108.09 108.63 109.61 110.7 111.46 112.23 112.94 113.53 114.28 114.97 115.44 116 116.12 116.64 116.92 116.98 117.06 117.09 117.17 117.21 117.26 117.14 117.06 116.88 116.9 117.04 116.9 116.98 117.04 117.15 117.2 117.23 117.37 117.44 117.74 118.19 118.41
-9999 -9999 -9999 -9999 -9999 68.98781 72.19 75.71 78.84 81.39 84.76 87.59 90.19 92.15 93.07 94.34 94.34 93.99 94.54 96.43 97.67 98.37 99.06 98.67 98.72 99.58 100.86 100.76 102.52 103.41 103.83 104.23 104.41 104.82 105.13 106.23 107.19 107.87 108.45 109.2 110.08 111.14 111.93 112.72 113.32 114.06 114.7 115.04 115.71 115.79 116.66 116.91 117.29 117.72 117.62 117.96 117.99 118.08 118.16 118.31 118.33 118.4 118.46 118.56 118.6 118.71 118.78 118.83 118.83 118.93 118.78 119.02 119.2 119.38 119.33
-9999 -9999 -9999 -9999 -9999 68.32323 71.85 75.42 78.27 80.99 83.6 87.11 89.48 91.44 92.65 93.68 94.53 95.19 95.96 96.44 97.53 97.16 97.74 97.63 98.94 99.25 100.1 100.04 101.47 103.68 105.45 105.84 105.98 106.32 106.49 106.68 107.06 108.17 108.53 109.62 110.74 111.48 112.32 113.03 113.85 114.41 115.1 115.79 115.66 116.19 116.58 117.49 117.84 118.22 118.55 118.57 118.78 118.98 118.96 119.31 119.35 119.51 119.78 119.95 120.11 120.31 120.36 120.38 120.41 120.38 120.33 120.34 120.35 120.22 120.25
-9999 -9999 -9999 61.45238 64.39 68.29 72.15 75.46 78.29 81.26 84.05 86.63 88.91 90.74 92.47 94.03 95.09 96.07 96.01 96.28 96.24 96.77 96.94 96.91 96.36 97.99 99.54 100.87 101.3 103.33 105.81 106.81 107.6 108.07 108.13 108.13 108.05 107.95 108.79 109.83 111.09 111.96 112.86 113.4 114.1 114.33 115.49 116.02 116.29 116.41 117.7 118.21 118.66 118.97 119.12 119.52 119.73 119.97 120.27 120.4 120.67 120.92 121.14 121.36 121.39 121.4 121.73 121.89 121.82 121.79 121.68 121.42 121.43 121.11 121.01
-9999 -9999 57.23438 60.88372 64.82 68.54 72.3 75.35 78.44 81.25 83.97 86.31 88.46 90.09 91.64 93 94.25 94.85 95.32 96.18 96.86 97 97.03 96.7 94.38 93.4 96.38 99.21 102.15 104.24 105.59 106.67 108.27 107.98 108.5 109.28 109.44 109.44 109.85 110.62 111.54 112.47 113.31 114.08 114.89 115.17 115.92 116.56 117.41 117.92 118.55 118.98 119.2 119.57 119.93 120.07 120.37 120.73 121.1 121.48 121.63 121.98 122.34 122.53 122.88 123.02 123.16 123.42 123.38 123.2 123.08 122.79 122.32 122.04 121.9
-9999 -9999 58.27 62.15 65.85 69.38 72.69 75.81 78.77 81.54 84.07 86.26 88.21 89.91 91.33 92.59 93.75 94.91 95.9 96.53 97.54 97.95 98.51 98.5 97.03 93.9 95.84 101.85 106.1 107.17 108.29 109.81 110.4 109.84 110.35 110.23 110.08 110.8 111.07 111.47 112.4 113.22 114.02 114.98 115.95 116.48 117.14 117.82 118.21 118.82 119.13 119.59 119.95 120.11 120.67 120.83 121.19 121.58 121.95 122.24 122.77 122.95 123.24 123.74 124.2 124.46 124.68 124.69 124.51 124.43 124.11 123.77 123.02 122.88 122.39
-9999 -9999 60.37 63.81 67.33 71.18 73.68 76.63 79.43 81.94 84.37 86.45 88.32 90.03 91.44 92.64 93.91 95.18 95.93 96.81 98 98.79 98.68 99.55 100.69 100.97 101.86 104.81 108.62 110.34 110.39 112 111.97 111.76 111.78 111.41 111.45 111.87 112.22 112.66 112.91 114.03 115.37 116 116.78 117.31 117.92 118.42 118.97 119.37 119.93 120.1 120.51 120.95 121.21 121.67 121.9 122.25 122.58 123.04 123.58 123.93 124.2 124.82 125.42 125.62 126 125.94 125.71 125.14 124.72 124.06 123.71 123.26 123.01
-9999 60.75 62.86 66.11 69.65 72.39 75.02 77.75 80.24 82.62106 84.81 86.85 88.53 90.14 91.59 92.87 94.37 95.23 96.11 97.53 98.52 99.39 100.12 100.54 102.06 103.91 106.58 108.62 111.41 113.39 113.59 114.03 113.65 113.37 113.16 113.13 113.38 113.49 113.58 114.16 114.89 115.69 116.32 116.87 117.58 118.04 118.6 119.1 119.59 119.99 120.32 120.91 121.17 121.62 121.94 122.21 122.83 122.99 123.22 123.86 124.33 124.87 125.22 125.76 126.45 126.9 127.35 127.22 126.62 125.96 125.27 124.86 124.11 123.95 123.52
-9999 63.07 65.7 68.84 71.8 74.36 76.42553 78.94444 81.34483 83.52 85.49 87.39 89.06 90.58 92.05 93.28 94.52 95.54 96.59 97.58 98.81 99.91 101.13 102.62 103.99 105.69 108.36 111.23 113.65 115.37 115.69 115.54 115.38 115.06 114.72 114.75 114.74 114.96 115 115.24 115.86 116.65 117.14 117.68 118.09 118.83 119.16 119.85 120.11 120.69 121 121.34 121.91 122 122.53 122.94 123.12 123.73 123.91 124.23 124.74 125.36 125.92 126.24 127.16 127.9 128.47 128.27 127.43 126.63 125.87 125.01 124.55 124 123.9
-9999 66.08163 68.91 71.57 74.17 76.30928 78.46835 80.5 82.56 84.51 86.32 88.14 89.67 91.15 92.5 93.74 94.87 96.1 97.05 97.7 98.73 99.84 101.3 102.92 104.71 106.46 108.16 110.97 114.47 116.03 116.54 116.24 116.08 115.96 115.83 115.78 115.76 115.91 116.01 116.35 116.98 117.52 117.94 118.4 118.96 119.44 119.97 120.38 120.93 121.18 121.76 122 122.29 122.79 122.98 123.3 123.89 124 124.12 124.91 124.99 125.56 126.13 126.63 127.49 128.05 129.01 128.86 127.73 126.92 126.01 125.17 124.63 124.05 124
-9999 68.72 71.43 74.04 76.32 77.9 80.07407 81.93 83.82 85.56 87.31 88.84 90.32 91.64 92.96 94.16 95.23 96.12 97.11 98.11 99.31 100.43 101.04 102.49 104.75 107.05 108.13 111.1 114.37 115.86 116.56 116.7 116.58 116.16 116.13 116.08 116.34 116.56 116.92 117.24 117.75 118.02 118.67 119.04 119.67 120.04 120.62 121.04 121.42 121.92 122.13 122.62 122.95 123.01 123.11 123.69 123.98 124.21 124.82 125.02 125.21 125.84 126.36 126.99 127.12 127.79 128.13 128.12 127.58 126.72 126.03 125.7 124.66 124.01 124.04
68.71605 71.07 73.75 76.47 78.69149 -9999 -9999 83.45 85.08 86.69 88.21 89.67 91.09 92.35 93.56 94.55 95.28 96.27 97.17 98.13 99.55 100.81 102.37 103.2 104.68 107.99 110.22 112.36 114.18 115.31 115.94 116.11 116.23 116.17 116.49 116.6 116.77 116.96 117.37 117.82 118.02 118.6 119.02 119.68 119.99 120.75 121.12 121.71 122.01 122.42 122.94 123.04 123.18 123.34 123.86 124 124.03 124.15 124.91 125.02 125.57 125.99 126.07 126.56 126.94 127.29 127.51 127.28 126.67 126.07 125.36 124.95 124.31 124 124.03
70.04 72.53521 75.10811 78.27273 80.15556 82.08334 83.26966 84.65 86.17 87.69 89.22 90.62 91.95 93.2 94.26 95.07 95.69 96.27 97.21 98.17 99.66 101.52 102.61 104.4 106.61 108.26 110.7 112.33 113.49 114.64 115.19 115.77 116.01 116.08 116.29 116.83 117 117.09 117.83 118.17 118.74 119 119.51 120.08 120.79 121.19 121.91 122.04 122.56 122.99 123.09 123.58 123.9 123.91 124.01 124.03 124.01 124.41 124.67 125 125.29 125.81 126 126 126.17 126.55 126.59 126.36 125.7 125.3 125 124.31 123.98 123.61 123.35
-9999 -9999 -9999 79.35135 81.24675 82.94048 84.32 85.77 87.13 88.56 90.09 91.44 92.85 94.04 95.02 95.87 96.51 97.05 97.54 99.08 100.82 102.71 104.36 105.79 107.45 109.21 110.59 111.92 112.89 113.53 114.08 114.7 115.44 115.89 116.04 116.56 117 117.21 117.98 118.57 118.96 119.48 119.99 120.53 121.13 121.77 122.07 122.55 123 123.39 123.85 124 124 124.01 124.24 124.19 124.46 124.77 124.96 124.98 125 125.15 125.44 125.54 125.7 125.63 125.24 124.79 125.02 124.27 124.23 123.74 123.23 123 123.12
-9999 -9999 -9999 -9999 81.89 83.57 85.27273 86.49412 87.73627 89.34066 90.87 92.33 93.73 95.02 96.19 97.17 97.78 98.58 99.48 100.42 102.21 103.93 105.37 106.65 107.89 109.41 110.58 111.63 112.45 112.92 113.37 113.81 113.76 114.63 115 116.21 116.98 117.22 118 118.78 119.45 119.64 120.28 121.04 121.9 121.97 122.24 122.99 123.49 124 124 124.07 124.32 124.53 124.56 124.52 124.29 124.14 124.5 124.85 124.96 124.96 124.89 124.64 124.16 124.12 124.09 123.69 123.42 123.42 123.26 123.06 122.98 122.81 122.59
-9999 -9999 -9999 -9999 82.22222 84.04285 -9999 87.23529 -9999 90.10256 91.48 93.03 94.6 96.04 97.43 98.69 99.85 100.77 101.73 102.73 104.07 105.4 106.46 107.52 108.54 109.5 110.39 111.19 111.96 112.57 112.88 113.19 112.93 113.45 114.23 115.42 116.73 116.99 117.84 118.77 119.73 120.21 120.95 121.23 122.03 122.4 122.98 123.57 123.98 124 124.27 124.67 124.96 124.98 124.97 124.99 124.69 124.26 124.02 124.04 124.18 124.51 124.32 124.19 123.95 122.88 122.04 122.77 123.31 123.5 123.46 122.29 121.95 121.64 121.3
-9999 -9999 -9999 -9999 -9999 -9999 -9999 -9999 89.28571 90.58163 92.2421 93.76 95.38 97.05 98.54 100.02 101.41 102.73 103.73 104.6 105.79 106.79 107.64 108.25 108.98 109.56 110.05 110.76 111.32 111.86 112.31 112.68 112.91 114.25 114.88 115.61 116.13 116.97 117.79 118.56 119.54 120.42 120.97 121.85 122.21 123 123.41 123.95 124.03 124.32 124.75 124.87 125 125 125 124.88 124.46 124.04 124 123.94 123.3 123.1 122.62 122.68 122.51 122.23 120.32 121.32 121.09 121.13 121.67 120.94 120.7 119.88 119.18
-9999 -9999 -9999 -9999 -9999 -9999 -9999 -9999 -9999 91.16 92.89 94.53 96.05 97.72 99.38 101.21 102.95 104.6 105.93 107.16 107.81 108.18 108.7 108.98 109.01 109.27 109.86 110.09 110.62 111.11 111.71 112.06 112.85 113.65 114.5 115.36 116.12 116.93 117.66 118.38 119.28 120.22 121.05 121.97 122.65 123.05 123.86 124 124.21 124.93 124.95 125 124.95 124.79 124.78 124.37 124.05 124 123.75 123.3 122.99 122.78 122.16 120.82 121.06 120.3 118.79 118.71 118.54 117.92 118.05 117.97 117.12 116.76 117.19
