layers/wordclim/current/bio_15.asc
ncols         166
nrows         93
xllcorner     -9.4959440078468
yllcorner     36.000324005443
cellsize      0.083333337679505
NODATA_value  -9999
[rows 0 to 34 of 93, columns 0 to 76 of 166]
-9999 -9999 -9999 -9999 -9999 -9999 -9999 -9999 -9999 -9999 -9999 -9999 -9999 -9999 -9999 -9999 -9999 36 35.43056 35.46269 35.06061 34.84091 34.73913 34.07576 -9999 -9999 -9999 -9999 -9999 -9999 -9999 -9999 -9999 -9999 -9999 -9999 -9999 -9999 -9999 -9999 -9999 -9999 -9999 -9999 -9999 -9999 -9999 -9999 -9999 -9999 -9999 -9999 -9999 -9999 -9999 -9999 -9999 -9999 -9999 -9999 -9999 -9999 -9999 -9999 -9999 -9999 -9999 -9999 -9999 -9999 -9999 -9999 -9999 -9999 -9999 -9999 -9999
-9999 -9999 -9999 -9999 -9999 -9999 -9999 -9999 -9999 -9999 -9999 -9999 -9999 -9999 -9999 -9999 36.74242 36.17895 35.96 35.91 35.23 34.98 34.92929 34.19 33.99 33.90722 -9999 -9999 -9999 -9999 -9999 -9999 -9999 -9999 -9999 -9999 -9999 -9999 -9999 -9999 -9999 -9999 -9999 28.78125 28.69231 -9999 -9999 -9999 -9999 -9999 -9999 -9999 -9999 -9999 -9999 -9999 -9999 -9999 -9999 -9999 -9999 -9999 -9999 -9999 -9999 -9999 -9999 -9999 -9999 -9999 -9999 -9999 -9999 -9999 -9999 -9999 -9999
-9999 -9999 -9999 -9999 -9999 -9999 -9999 -9999 -9999 -9999 -9999 -9999 -9999 -9999 37.57407 37.18947 37.04041 36.85 36.39 36.02 35.75 35.27 35 34.64 34.52 34.19 33.97895 33.4557 33.01408 32.87273 32.2875 31.96428 31.15789 31.03896 30.3038 29.95455 29.68493 29.04167 28.69318 28.56701 28.57692 28.48809 28.58586 28.69 28.54 28.87013 28.68852 28.06667 28.01695 -9999 -9999 -9999 -9999 -9999 -9999 -9999 -9999 -9999 -9999 -9999 -9999 -9999 -9999 -9999 -9999 -9999 -9999 -9999 -9999 -9999 -9999 -9999 -9999 -9999 -9999 -9999 -9999
-9999 -9999 -9999 -9999 -9999 -9999 -9999 -9999 -9999 -9999 -9999 -9999 -9999 -9999 -9999 -9999 37.44444 37.04 36.93 36.62 36.16 35.87 35.22 34.99 34.77 34.47 34.09 33.58 33.27 32.9697 32.12 31.48 31.02 30.81 29.86 29.57 29.37 28.7 27.97 28.36 28.69697 28.16 28 28.31 28.38 28.29 27.76 27.48 28.05 27.73 27.52 27.17949 27.8718 28.08475 28 -9999 -9999 -9999 -9999 -9999 -9999 -9999 -9999 -9999 -9999 -9999 -9999 30.20548 -9999 30.01587 29.54167 29.82759 29.47826 -9999 -9999 -9999 -9999
-9999 -9999 -9999 -9999 -9999 -9999 -9999 -9999 -9999 -9999 -9999 -9999 -9999 -9999 38.73134 38.35417 38.02 37.84 37.46 37.06 36.94 36.44 35.99 35.49 35.1 34.94 34.39 34.05 33.52 32.94 32.18 31.82 31.41 30.75 30.03 29.93 29.08 28.38 28.36 28.56 28.46 28.65 28.75 28.23 28.46 28.09 27.93 27.79 27.66 27.52 27.4 27.83 27.88 27 26.88 26.62 25.96 26.84043 27.49383 28.23288 28.54545 28.78205 28.75 28.50602 28.84694 29.54 29.49 29.58 29.22917 29.57 28.6 28.65 29.08333 28.41 28.38202 29.5 -9999
-9999 -9999 -9999 -9999 -9999 -9999 40.07407 40.075 40.04054 -9999 39.91892 39.81928 39.41 39.24242 39.06 -9999 38.77 38.34 38.01 37.8 37.32 37.03 36.75 36.2 35.89 35.32 34.95 34.64 33.85 33.15 32.88 32.45 31.71 30.93 30.3 29.99 29.59 29.05 28.44 28.25 27.91 27.75 27.85 28.16 28.01 27.89 27.49 26.89 26.6 26.89 26.07 26.51 26.82 25.75 24.9 25.19 25.72 25.16 26.25 26.05 27.02 26.68 27.05 27.45 27.08 28.03 28.11 28.06 26.78 25.65 26.03 26.41 27.57 26.59 26.5 26.46 28.33
-9999 -9999 -9999 -9999 -9999 -9999 40.93151 40.78 40.7 40.66 40.44 40.28 40.14 40.03 39.85 39.6 39.29 39.06 38.74 38.3 38.06 37.74 37.17 36.91 36.49 36 35.44 35.01 34.42 33.92 33.42 32.93 32.09 31.32 31.02 30.46 29.86 29.09 28.78 28.19 27.87 27.88 26.96 27.3 27.91 27.23 26.91 27.01 26.56 26.3 24.99 25.49 25.48 24.1 22.37 23.11 22.21 22.32 24.75 23.81 24.47 25.15 25.51 24.75 25.52 26.55 25.99 25.77 25.57 23.14 21.65 23.71 25.44 25.64 25.28 26.35 27.41
-9999 -9999 -9999 -9999 41.34409 41.09 41.22 41.05 41.09 41.1 41.18 41.12 41.05 40.95 40.66 40.39 40.03 39.8 39.35 39.03 38.68 38.24 37.95 37.44 37.05 36.64 36.06 35.61 35.01 34.48 33.91 33.46 32.8 32.05 31.5 30.93 30.15 29.42 29.09 28.42 28.03 27.62 27.73 27.49 27.56 27.01 26.92 26.64 25.79 25.19 25.1 24.47 23.77 24.23 22.95 22.32 22.47 24.05 24.91 24.12 22 22.77 23.23 23.19 23.18 25.01 23.29 24.31 23.65 21.3 20.56 21.19 21.68 23.07 25.39 25.24 26.28
-9999 -9999 -9999 41.96907 41.95 41.86 41.92 41.96 41.96 42.03 42.03 42.02 41.96 41.83 41.53 41.2 40.87 40.42 39.93 39.73 39.29 38.93 38.58 38.08 37.71 37.21 36.77 36.12 35.82 35.16 34.83 34.13 33.29 32.47 32.12 31.2 30.6 29.67 29.06 28.66 27.93 27.72 27.09 27.5 27.65 26.19 25.71 25.69 24.78 24.35 24.66 23.91 24.01 24.01 22.94 22.73 21.84 21.91 22.14 22.63 21.92 20.85 21.04 21.93 22.26 22.28 22.09 22.13 21.83 21.74 22.28 22.26 22.27 22.04 22.31 21.62 22.1
-9999 -9999 -9999 42.54118 42.28283 42.31 42.53 42.66 42.79 42.85 42.98 42.98 42.84 42.71 42.4 41.99 41.63 41.11 40.76 40.28 39.99 39.55 39.1 38.82 38.31 37.9 37.42 36.95 36.49 36.05 35.47 34.69 34.05 33.17 32.44 31.62 30.88 30.37 29.89 29.3 28.64 28.44 27.87 27.28 27.16 26.8 26.29 26.21 25.32 25.27 25.63 24.77 24.28 24.12 23.94 23.03 22.11 21.64 21.58 21.9 22.05 20.82 20.95 21.94 22.13 22.09 21.96 21.8 21.73 21.79 22.28 22.9 22.46 21.68 21.4 21.06 20.68
-9999 -9999 -9999 -9999 43.13793 43.03 43.21 43.42 43.57 43.74 43.78 43.88 43.81 43.52 43.17 42.8 42.28 41.97 41.45 41.04 40.64 40.12 39.88 39.42 38.99 38.66 38.17 37.61 37.25 36.76 36.04 34.96 33.92 33.36 33.04 32.34 31.79 30.94 30.06 29.66 28.95 28.4 28.34 28.45 27.32 27.64 27.47 27.32 26.34 26.54 26.2 25.11 25.12 24.22 24.05 23.1 22.66 22.43 22.23 22.58 22.54 22.32 22 21.99 21.81 21.93 21.44 21.83 21.55 21.95 21.46 21.66 22.11 21.35 20.76 20.24 20.53
-9999 -9999 -9999 -9999 43.975 43.85938 43.98485 44.25275 44.29 44.53 44.58 44.52 44.53 44.2 43.9 43.49 43 42.65 42.06 41.81 41.27 40.99 40.46 40.06 39.76 39.27 38.85 38.25 37.95 37.31 36.61 35.14 35.14 34.83 34.51 33.68 32.36 31.22 30.63 30.14 29.87 29.78 29.73 29.51 29.46 28.72 29.14 28.93 28.02 27.7 27.03 26.33 25.88 24.97 24.8 23.99 23.44 23.47 23.12 22.82 22.74 22.53 22.57 22.17 21.91 22.01 21.86 21.3 21.34 21.05 20.47 21 20.86 21.5 21.43 21.06 19.77
-9999 -9999 -9999 -9999 -9999 -9999 44.75 44.94 45.05 45.17 45.39 45.44 45.24 44.91 44.7 44.11 43.67 43.16 42.79 42.21 41.98 41.59 41.1 40.89 40.41 40.04 39.5 38.75 38.18 37.77 37.52 36.53 36.65 36.42 35.67 35.03 33.78 32.9 32.25 31.43 30.73 30.33 30.42 30.57 30.61 30.31 30.61 30.28 29.29 28.8 27.76 27.23 26.42 25.97 25.19 24.6 24.06 23.78 23.59 23.06 23.01 22.81 22.68 22.01 21.78 21.65 21.43 21.21 21.25 20.89 20.12 20.47 21.26 20.34 20.22 19.45 19.6
-9999 -9999 -9999 -9999 -9999 45.23729 45.32979 -9999 -9999 46.03 46.2 46.31 45.97 45.32 44.7 44.88 44.28 43.78 43.2 42.93 42.67 42.24 41.89 41.55 41.07 40.8 40.21 39.8 39.05 38.29 38.28 38.19 38.03 37.81 37.4 36.48 35.54 34.49 33.45 32.32 31.94 31.86 31.55 31.75 31.73 31.83 32.11 31.33 30.44 29.49 28.5 27.77 26.79 26.38 25.45 24.93 24.52 24.03 24.02 23.6 23.32 23.15 22.86 22.25 22.04 21.72 21.52 21.13 21 20.85 20.59 20.77 21.08 20.93 20.44 20.01 19.49
-9999 -9999 -9999 -9999 -9999 -9999 -9999 46.16667 46.60241 46.8 47.17 47.18 46.87 46.17 45.42 45.03 44.85 44.18 43.83 43.57 43.12 42.88 42.47 42.04 41.8 41.63 41.15 40.77 39.86 39.42 39.27 39.48 39.14 38.85 38.38 37.46 35.46 34.17 33.19 32.72 32.76 32.57 32.32 32.54 32.64 32.94 32.73 31.76 30.86 29.92 29.03 28.07 27.27 26.88 26.01 25.36 24.96 24.51 24.21 24.06 23.74 23.59 23.13 22.98 22.8 22.25 21.89 21.34 21.15 20.99 21 20.92 20.34 20.13 20.03 19.92 19.45
-9999 -9999 -9999 -9999 -9999 -9999 -9999 46.97917 47.32609 47.8764 47.93 48.08 47.48 46.14 46.11 45.9 45.51 45.03 44.57 44.07 43.89 43.41 43.02 42.74 42.55 42.2 41.98 41.68 41.01 40.7 40.45 40.41 40.04 38.98 37.18 36.52 34.91 33.95 34.01 33.8 33.56 33.21 33.01 32.94 32.94 32.94 32.53 31.84 30.91 30.15 29.16 28.36 27.73 27.04 26.45 25.83 25.51 25.17 24.96 24.67 24.38 24.02 23.74 23.44 23.06 22.61 22 21.7 21.53 21.27 21.11 20.92 20.57 20.15 19.97 19.82 19.76
-9999 -9999 -9999 -9999 -9999 -9999 -9999 -9999 -9999 48.86765 48.78495 49.13 48.6 46.9 46.58 46.62 46.01 45.51 44.99 44.48 44.18 44.07 43.78 43.54 43.32 42.99 42.67 42.57 42.2 41.47 40.78 40.73 39.19 38.33 37.93 35.64 34.62 34.51 34.72 34.35 34.08 33.77 33.46 33.13 33.02 32.73 32.34 31.8 30.99 30.21 29.39 28.55 28.01 27.45 26.87 26.24 25.94 25.8 25.49 25.28 24.98 24.68 24.28 24.09 23.39 22.95 22.38 22.03 21.9 21.63 21.49 21.03 20.72 20.01 19.91 19.72 19.02
-9999 -9999 -9999 -9999 -9999 -9999 -9999 -9999 48.51282 49.37879 -9999 50.19 49.12 47.92 46.93 46.88 46.21 45.89 45.56 45.03 44.86 44.85 44.54 44.17 43.78 43.46 42.53 43.11 43.04 42.25 40.79 39.79 38.68 38.07 37.85 37.76 36.41 34.87 34.71 34.91 34.66 34.15 33.78 33.28 32.97 32.63 32.09 31.58 30.97 30.17 29.44 28.92 28.2 27.64 27.23 26.83 26.48 26.21 26.25 26.07 25.76 25.29 24.97 24.55 23.91 23.21 23.09 22.7 22.15 21.81 21.61 21.2 20.89 20.18 19.64 19.22 18.87
-9999 -9999 -9999 -9999 -9999 -9999 -9999 -9999 -9999 49.87912 51.06 49.98 49.54 48.57 47.72 47.3 46.93 46.35 46.07 45.88 45.68 45.57 45.26 44.81 44.05 43.43 42.59 43.26 43.65 42.66 41.47 39.64 37.85 37.54 37.58 36.78 36.31 36.21 35.66 35.51 34.98 34.46 33.89 33.46 32.96 32.53 32.18 31.5 30.79 30.16 29.65 29.05 28.54 27.98 27.71 27.34 27.09 26.9 26.87 26.9 26.54 25.96 25.67 25.12 24.42 24.14 23.61 23.09 22.64 22.24 21.96 21.6 20.89 19.99 19.49 18.92 18.65
-9999 -9999 -9999 -9999 -9999 -9999 -9999 -9999 49.6044 50.87 49.91 50.05 49.18 48.73 48.04 47.52 47.23 47.04 46.88 46.72 46.41 46.16 46.03 45.87 45.26 44.51 44.3 44.51 44.48 43.06 41.66 39.97 39.38 40.37 40.27 39.23 38.26 37.65 37.12 36.32 35.51 34.85 34.07 33.55 33.03 32.61 32.12 31.61 30.99 30.31 29.75 29.2 28.6 28.12 27.91 27.81 27.53 27.91 27.82 27.79 27.12 26.77 26.25 25.6 25.37 24.74 24.22 23.78 23.31 22.76 22.34 21.88 21.6 21.1 20.5 19.99 19.66
-9999 -9999 -9999 -9999 -9999 -9999 -9999 50.09524 50.72 50.55 50.14 50.05 49.55 49.02 48.4 47.67 47.18 47.34 47.42 47.24 47.1 47.02 46.93 46.76 46.48 46.02 45.7 45.56 44.91 44 42.83 41.63 40.72 41.93 41.52 40.62 39.61 38.75 37.78 36.93 36.01 35.18 34.44 33.63 33.08 32.56 32.1 31.5 31.12 30.5 29.98 29.35 29.03 28.74 28.44 28.07 28.07 28.24 28.5 28.82 28.05 27.64 27.1 26.54 25.77 25.1 24.84 24.45 23.86 23.35 22.95 22.53 21.94 21.77 21.37 20.63 19.63
-9999 -9999 -9999 -9999 -9999 -9999 -9999 50.66667 50.68 50.48 50.73 50.23 49.86 49.27 48.04 48.46 48.26 48.11 48.04 47.99 47.8 47.81 47.68 47.48 47.11 47.09 46.88 46.68 46.18 45.52 45.02 44.1 42.44 43.49 42.64 41.46 40.08 39.29 38.28 37.4 36.2 35.29 34.52 33.9 33.1 32.73 32.19 31.47 31.05 30.36 30.04 29.43 29.19 28.86 28.73 28.43 28.93 28.71 28.47 28.96 28.87 28.23 27.48 26.76 26.13 25.75 25.09 24.96 24.09 23.65 23.47 22.82 22.25 21.71 21.84 21.24 20.84
-9999 -9999 -9999 -9999 -9999 -9999 -9999 51.0303 51.01136 50.95 50.97 50.29 50 49.88 49.12 49 48.85 48.72 48.25 48.21 48.23 48.15 48.53 48.33 48.02 47.99 47.71 47.42 47.16 46.53 46.13 45.72 45.17 45.12 43.8 42.81 41.25 39.91 38.49 37.3 36.36 35.48 34.78 33.96 33.29 32.66 32.24 31.61 31.15 30.96 30.51 29.58 29.33 29.12 28.87 28.2 28.49 28.7 28.94 29.16 28.82 28.25 27.79 27.12 26.62 26.04 25.46 25.13 24.93 24.48 23.9 23.54 23.02 22.43 21.99 21.72 21.19
-9999 -9999 -9999 -9999 -9999 -9999 -9999 -9999 51.47 51.1 51.09 50.87 50.39 49.99 49.8 49.45 49.12 48.8 49.36 49.12 49.28 49.22 49.26 49.29 48.92 48.88 48.51 48.31 47.99 47.59 46.92 46.06 46.33 45.84 44.55 43.39 41.91 40.4 39.18 38.07 36.86 35.7 35.02 34.24 33.69 32.92 32.33 31.8 31.31 30.89 30.25 29.88 29.38 29.12 28.93 28.86 28.57 28.9 29.23 29.06 28.81 28.48 28.13 27.64 27.14 26.79 26.41 25.93 25.38 25.01 24.51 24.13 23.69 23.24 22.84 22.3 21.76
-9999 -9999 -9999 -9999 -9999 -9999 -9999 -9999 52.27778 51.95918 51.3 50.96 50.64 50.31 50.03 50.05 49.93 50.04 50.11 49.98 50.03 50.27 50.36 50.14 49.84 49.76 49.38 49.09 48.56 48.29 47.59 46.25 46.8 45.96 45.03 43.73 42.2 40.68 39.52 38.34 37.35 36.14 35.28 34.47 33.93 33.39 32.77 32.05 31.75 31.07 30.9 29.96 29.78 29.28 29.11 29.01 29.23 29.48 29.3 28.79 28.83 28.76 28.27 28.07 27.72 27.22 26.96 26.64 26.15 25.86 25.51 24.97 24.44 24.02 23.53 23.05 22.43
-9999 -9999 -9999 -9999 -9999 -9999 -9999 -9999 52.39474 51.9 51.62 51.12 50.99 50.65 50.41 50.55 50.65 50.72 50.88 50.92 51.19 51.3 51.31 51.17 50.76 50.71 50.2 49.58 49.08 48.9 48.36 47.48 46.79 46.35 45.32 44.06 42.71 41.31 39.82 38.63 37.62 36.55 35.68 35.03 34.34 33.64 32.95 32.44 31.82 31.38 30.83 30.46 29.97 29.77 29.33 29.11 29.59 29.6 29.37 29.54 29.14 28.95 28.6 28.53 28.11 27.85 27.49 26.98 26.68 26.32 25.95 25.43 24.91 24.57 24.23 23.79 23.11
-9999 -9999 -9999 -9999 -9999 -9999 -9999 -9999 -9999 51.95 51.77 51.18 51 50.99 50.92 50.81 51.09 51.34 51.57 51.75 52.04 51.87 52.07 51.55 51.64 51.56 50.74 50.11 49.82 49.48 48.9 48.25 47.57 46.49 45.57 44.38 43.11 41.39 40.39 39.26 38.09 36.91 36.07 35.36 34.71 34.24 33.53 32.74 32.1 31.61 31.29 30.8 30.48 30.01 29.71 29.85 29.79 29.95 29.74 29.22 29.05 28.99 28.98 28.66 28.23 28.01 27.53 27.14 26.89 26.59 25.97 25.53 25.03 24.88 24.72 24.31 24
-9999 -9999 -9999 -9999 -9999 -9999 -9999 -9999 -9999 51.9 51.49 51.19 51.03 51 51.05 51.12 51.66 51.94 51.81 52.66 52.46 52.49 52.56 52.86 52.87 52.3 51.74 50.89 50.54 49.91 48.92 48.67 47.66 46.66 45.73 44.63 43.32 41.89 40.82 39.36 38.18 37.5 36.51 35.86 35.16 34.65 34.15 32.87 32.32 31.69 31.35 30.9 30.85 30.25 30.25 29.85 29.83 29.78 29.75 29.5 29.24 29.25 28.62 29 28.62 28.18 28 27.32 26.56 26.06 25.86 26.07 25.64 25.09 24.93 24.35 24.06
-9999 -9999 -9999 -9999 -9999 -9999 -9999 -9999 -9999 51.59596 51.23 51.06 51.02 51.09 51.24 51.5 52 52.3 52.44 53.31 52.51 53.86 53.69 53.58 53.63 52.88 52.11 51.53 51.08 50.32 49.68 48.91 48.04 47.06 45.83 44.68 43.63 42.34 41.03 39.72 38.63 37.81 36.98 36.33 35.61 34.91 34.05 33.28 32.43 31.95 31.46 31 30.82 30.44 30.44 30.12 30.3 30.12 29.94 29.85 29.95 29.73 29.65 29.08 29.26 28.9 28.59 27.89 26.95 26.85 26.87 26.41 25.88 25.51 24.82 24.14 23.85
-9999 -9999 -9999 -9999 -9999 -9999 -9999 -9999 -9999 51.25317 51.06 51.07 51.23 51.49 51.64 51.73 52.02 52.21 53.22 53.68 54.57 55.35 54.61 54.82 54.13 53.47 52.95 52.27 51.37 50.69 49.99 49.08 48.23 47.22 46.21 45.02 43.81 42.5 41.28 40.1 39.19 38.17 37.41 36.71 36.16 35.14 34.39 33.4 32.54 32.22 31.27 30.91 30.52 30.09 30.29 30.35 30.26 30.8 30.3 30.04 30.11 29.99 29.79 29.65 29.4 29.11 28.75 28.21 27.79 27.86 27.26 26.41 25.47 24.66 24.29 23.88 23.59
-9999 -9999 -9999 -9999 -9999 -9999 -9999 -9999 -9999 51.01887 51.05 51.31 51.45 51.64 51.72 52.02 52.08 53.25 53.93 54 54.22 55.46 55.16 54.4 54.27 53.84 53.38 52.84 51.58 51.09 50.39 49.56 48.58 47.56 46.46 45.32 43.88 42.51 41.54 40.46 39.46 38.59 37.8 37.15 36.62 36.01 34.77 33.42 32.37 31.85 31.33 30.89 31.07 30.34 30.11 30.54 30.83 30.96 30.25 30.11 30.33 30.33 30.47 30.03 29.73 29.28 29.4 28.83 28.32 27.84 27.38 26.09 24.2 23.86 23.99 24 23.54
-9999 -9999 -9999 -9999 -9999 -9999 -9999 -9999 -9999 -9999 51.49463 51.8 51.76 51.81 51.98 52.12 52.57 53.18 53.64 54.06 54.33 54.99 54.83 54.61 54.8 54.1 53.49 52.72 51.86 51.49 50.73 49.83 48.85 47.92 46.82 45.65 44.31 43.11 41.88 40.71 39.81 39.09 38.26 37.88 37.71 36.76 35.48 33.54 32.37 31.79 31.65 30.96 30.78 30.25 30.38 30.64 31.1 31.01 31 30.53 30.79 30.79 30.47 30.25 29.94 29.55 29.03 28.81 28.33 27.44 26.06 24.85 24.83 25.46 24.71 25.08 24.57
-9999 -9999 -9999 -9999 -9999 -9999 -9999 -9999 -9999 -9999 51.78571 51.99 51.95 51.96 52 52.54 53.5 53.73 54.26 54.84 55.16 55.35 55.45 55.15 54.97 54.65 54.12 53.35 52.21 51.59 50.86 49.91 49.07 48.19 47.01 45.69 44.63 43.3 42.26 41.13 40.14 39.24 38.7 38.43 38.41 37.81 35.51 33.06 31.75 31.25 31.25 30.89 30.93 31 31.12 31.44 31.08 31.27 31.36 31.51 31.28 31.03 30.88 30.48 30.08 29.61 28.91 27.2 26.79 26.54 28.01 27.68 25.77 26.52 27.09 26.5 25.68
-9999 -9999 -9999 -9999 -9999 -9999 -9999 -9999 -9999 -9999 51.94186 51.98 51.99 52.09 52.43 52.78 53.42 54.07 54.56 55.03 55.16 55.43 55.67 55.49 55.08 54.88 54.26 53.4 52.57 52.09 51.22 50.32 49.49 48.27 47.16 46.07 44.79 43.73 42.4 41.34 40.33 39.36 39.13 38.62 38.16 37.19 34.7 32.32 31.06 31.34 30.97 31.11 31.3 31.47 31.68 31.4 31.39 31.83 32.19 31.65 31.76 31.3 31.07 30.9 30.27 29.66 27.38 26.29 27.6 28.68 29.24 29.32 28.21 28.11 28.63 28.14 27.74
-9999 -9999 -9999 -9999 -9999 -9999 -9999 -9999 -9999 -9999 51.96939 51.99 52 52.43 53.37 53.67 53.97 54.02 54.66 55.14 55.57 55.92 55.91 55.73 55.29 55.01 54.48 53.6 52.95 52.34 51.61 50.61 49.67 48.63 47.43 46.19 45.15 43.93 42.86 41.64 40.64 39.77 39.21 38.1 37.29 36.25 34.48 32.78 31.85 31.56 31.49 31.82 31.81 31.73 32.08 31.98 32.24 32.28 32.84 32.64 32.65 32 31.39 31.05 30.17 29.32 26.6 28.48 27.45 27.92 29.6 30.76 31.43 30.91 29.81 29.65 29.75
