layers/wordclim/current/bio_13.asc
ncols         166
nrows         93
xllcorner     -9.4959440078468
yllcorner     36.000324005443
cellsize      0.083333337679505
NODATA_value  -9999
[rows 0 to 33 of 93, columns 77 to 153 of 166]
-9999 -9999 -9999 -9999 -9999 -9999 -9999 -9999 -9999 -9999 -9999 -9999 -9999 -9999 -9999 -9999 -9999 -9999 -9999 -9999 -9999 -9999 -9999 -9999 -9999 -9999 -9999 -9999 -9999 -9999 -9999 -9999 -9999 -9999 -9999 -9999 -9999 -9999 -9999 -9999 -9999 -9999 -9999 -9999 -9999 -9999 -9999 -9999 -9999 -9999 -9999 -9999 -9999 -9999 -9999 -9999 -9999 -9999 -9999 -9999 -9999 -9999 -9999 -9999 -9999 -9999 -9999 -9999 -9999 -9999 -9999 -9999 -9999 -9999 -9999 -9999 -9999
-9999 -9999 -9999 -9999 -9999 -9999 -9999 -9999 -9999 -9999 -9999 -9999 -9999 -9999 -9999 -9999 -9999 -9999 -9999 -9999 -9999 -9999 -9999 -9999 -9999 -9999 -9999 -9999 -9999 -9999 -9999 -9999 -9999 -9999 -9999 -9999 -9999 -9999 -9999 -9999 -9999 -9999 -9999 -9999 -9999 -9999 -9999 -9999 -9999 -9999 -9999 -9999 -9999 -9999 -9999 -9999 -9999 -9999 -9999 -9999 -9999 -9999 -9999 -9999 -9999 -9999 -9999 -9999 -9999 -9999 -9999 -9999 -9999 -9999 -9999 -9999 -9999
-9999 -9999 -9999 -9999 -9999 -9999 -9999 -9999 -9999 -9999 -9999 -9999 -9999 -9999 -9999 -9999 -9999 -9999 -9999 -9999 -9999 -9999 -9999 -9999 -9999 -9999 -9999 -9999 -9999 -9999 -9999 -9999 -9999 -9999 -9999 -9999 -9999 -9999 -9999 -9999 -9999 -9999 -9999 -9999 -9999 -9999 -9999 -9999 -9999 -9999 -9999 -9999 -9999 -9999 -9999 -9999 -9999 -9999 -9999 -9999 -9999 -9999 -9999 -9999 -9999 -9999 -9999 -9999 -9999 -9999 -9999 -9999 -9999 -9999 -9999 -9999 -9999
-9999 -9999 -9999 -9999 -9999 -9999 -9999 -9999 -9999 -9999 -9999 -9999 -9999 -9999 -9999 -9999 -9999 -9999 -9999 -9999 -9999 -9999 -9999 -9999 -9999 -9999 -9999 -9999 -9999 -9999 -9999 -9999 -9999 -9999 -9999 -9999 -9999 -9999 -9999 -9999 -9999 -9999 -9999 -9999 -9999 -9999 -9999 -9999 -9999 -9999 -9999 -9999 -9999 -9999 -9999 -9999 -9999 -9999 -9999 -9999 -9999 -9999 -9999 -9999 -9999 -9999 -9999 -9999 -9999 -9999 -9999 -9999 -9999 -9999 -9999 -9999 -9999
-9999 162.2299 162.18 159.55 158.1512 156.5769 154.6909 -9999 -9999 -9999 -9999 -9999 -9999 -9999 -9999 -9999 -9999 -9999 -9999 -9999 -9999 -9999 -9999 -9999 -9999 -9999 -9999 -9999 -9999 -9999 -9999 -9999 -9999 -9999 -9999 -9999 -9999 -9999 -9999 -9999 -9999 -9999 -9999 -9999 -9999 -9999 -9999 -9999 -9999 -9999 -9999 -9999 -9999 -9999 -9999 -9999 -9999 -9999 -9999 -9999 -9999 -9999 -9999 -9999 -9999 -9999 -9999 -9999 -9999 -9999 -9999 -9999 -9999 -9999 -9999 -9999 -9999
149.8061 156.6768 155.61 153.84 151.03 150.01 148.98 148.8889 148.1233 147.3167 149.082 150.0164 152.8095 153.5208 156.94 161.05 159.5135 -9999 -9999 -9999 -9999 -9999 -9999 -9999 -9999 -9999 -9999 -9999 -9999 -9999 -9999 -9999 -9999 -9999 -9999 -9999 -9999 -9999 -9999 -9999 -9999 -9999 -9999 -9999 -9999 -9999 -9999 -9999 -9999 -9999 -9999 -9999 -9999 -9999 -9999 -9999 -9999 -9999 -9999 -9999 -9999 -9999 -9999 -9999 -9999 -9999 -9999 -9999 -9999 -9999 -9999 -9999 -9999 -9999 -9999 -9999 -9999
140.36 140.7 145.22 144.13 141.9 139.81 139.84 140.28 141.21 142.3 145.57 147.63 148.65 152.15 154.58 156.37 156 156.63 156.17 153.52 -9999 -9999 -9999 -9999 -9999 -9999 -9999 -9999 -9999 -9999 -9999 -9999 -9999 -9999 -9999 -9999 -9999 -9999 -9999 -9999 -9999 -9999 -9999 -9999 -9999 -9999 -9999 -9999 -9999 -9999 -9999 -9999 -9999 -9999 -9999 -9999 -9999 -9999 -9999 -9999 -9999 -9999 -9999 -9999 -9999 -9999 -9999 -9999 -9999 -9999 -9999 -9999 -9999 -9999 -9999 -9999 -9999
130.36 131.87 131.99 131.76 129.16 130.15 130.12 130.36 131.67 133.57 136.05 138.28 141.23 145.13 146.56 148.59 149.9 150.99 149.84 148.8767 -9999 -9999 -9999 -9999 -9999 -9999 -9999 -9999 -9999 -9999 -9999 -9999 -9999 -9999 -9999 -9999 -9999 -9999 -9999 -9999 -9999 -9999 -9999 -9999 -9999 -9999 -9999 -9999 -9999 -9999 -9999 -9999 -9999 -9999 -9999 -9999 -9999 -9999 -9999 -9999 -9999 -9999 -9999 -9999 -9999 -9999 -9999 -9999 -9999 -9999 -9999 -9999 -9999 -9999 -9999 -9999 -9999
120.03 120.44 118.36 119.26 118.61 118.66 119.15 119.95 121.52 123.02 125.16 128.72 133.04 136.18 138.09 140.98 143.01 142.36 139.42 137.7625 -9999 133.8929 130.1429 -9999 -9999 -9999 -9999 -9999 -9999 -9999 -9999 -9999 -9999 -9999 -9999 -9999 -9999 -9999 -9999 -9999 -9999 -9999 -9999 -9999 -9999 -9999 -9999 -9999 -9999 -9999 -9999 -9999 -9999 -9999 -9999 -9999 -9999 -9999 -9999 -9999 -9999 -9999 -9999 -9999 -9999 -9999 -9999 -9999 -9999 -9999 -9999 -9999 -9999 -9999 -9999 -9999 -9999
108.81 109.28 108.89 108.96 108.5 108.69 110.17 111.82 115.84 115.56 116.44 120.41 124.33 127.44 131.32 135.32 138.21 139.65 136.37 134.06 130.86 128.15 125.86 123.28 121.4731 119.3607 117.98 122.7069 -9999 -9999 -9999 -9999 -9999 -9999 -9999 -9999 -9999 -9999 -9999 -9999 -9999 -9999 -9999 -9999 -9999 -9999 -9999 -9999 -9999 -9999 -9999 -9999 -9999 -9999 -9999 -9999 -9999 -9999 -9999 -9999 -9999 -9999 -9999 -9999 -9999 -9999 -9999 -9999 -9999 -9999 -9999 -9999 -9999 -9999 -9999 -9999 -9999
100.86 101.2 101.21 99.56 98.5 97.94 98.23 99.26 100.94 106.71 108.91 112.24 115.94 120.24 123.27 128.96 132.79 133.64 131.97 128.37 125.86 122.84 119.86 116.8 115.27 113.01 113.24 120.15 122.7632 -9999 -9999 -9999 -9999 -9999 -9999 -9999 -9999 -9999 -9999 -9999 -9999 -9999 -9999 -9999 -9999 -9999 -9999 -9999 -9999 -9999 -9999 -9999 -9999 -9999 -9999 -9999 -9999 -9999 -9999 -9999 -9999 -9999 -9999 -9999 -9999 -9999 -9999 -9999 -9999 -9999 -9999 -9999 -9999 -9999 -9999 -9999 -9999
91.95 92.29 91.09 90.66 91.2 91.78 94.07 94.06 98.97 101.6 101.78 103.68 109.82 111.3 114.23 119.73 126.74 131.03 126.8 124.27 120.85 116.54 113.46 110.09 107.46 104.57 105.81 109.92 115.15 127.5806 125.0896 132.1538 126.9432 139.8182 146.4776 -9999 -9999 -9999 -9999 -9999 -9999 -9999 -9999 -9999 -9999 115.54 127.91 141.0769 144.1636 -9999 -9999 -9999 -9999 -9999 -9999 -9999 -9999 -9999 -9999 -9999 -9999 -9999 -9999 -9999 -9999 -9999 -9999 -9999 -9999 -9999 -9999 -9999 -9999 -9999 -9999 -9999 -9999
83.92 83.14 82.29 82.59 81.88 82.05 86.52 84.49 84.59 86.88 90.15 92.13 93.6 98 104.75 109.92 114.39 118.35 116.34 114.57 112.55 108.99 106.11 103.41 100.9 97.18 96.02 94.79 95.7 105.99 112.5 133.69 125.55 114.69 138.34 130.4022 -9999 -9999 -9999 132.625 -9999 145.5185 -9999 -9999 -9999 125.1939 120.58 129.13 136.06 140.44 132.3781 140.7937 139.9697 -9999 -9999 -9999 -9999 -9999 -9999 -9999 -9999 -9999 -9999 -9999 -9999 -9999 -9999 -9999 -9999 -9999 -9999 -9999 -9999 -9999 -9999 -9999 -9999
78.29 76.81 75.04 76.89 80.25 81.48 77.9 77.43 78.17 77.99 74.05 77.96 84.11 87.32 92.45 98.75 105.03 107 105.8 105.36 103.92 100.57 98.16 96.08 91.72 88.31 84.44 86.55 90.09 91.39 94.05 103.68 107.37 101.56 115.24 109.38 124.91 132.02 122.21 114.59 132.98 133.65 144.39 127.4 152.46 146.55 140.93 142.77 143.9 135.59 117.88 129.02 129.47 143.7629 -9999 -9999 -9999 -9999 -9999 -9999 -9999 -9999 -9999 -9999 -9999 -9999 -9999 -9999 -9999 -9999 -9999 -9999 -9999 -9999 -9999 -9999 -9999
71.06 69.4 67.93 65.73 64.45 64.69 64.49 65.68 66.59 66.25 66.22 68.68 71.11 76.81 81.79 87.2 93.59 96.7 97.78 97.05 94.22 91.83 89.25 88.23 86.51 87.37 82.39 79.56 85.09 84.76 89.45 87.4 86.48 97.6 106.75 100.89 105.42 102.71 93.07 101.92 127.21 124.22 114.51 128.17 134.23 127.8 130.87 136.55 146.15 143.41 119.48 111.87 120.29 134.23 -9999 -9999 -9999 -9999 -9999 -9999 -9999 -9999 -9999 -9999 -9999 -9999 -9999 -9999 -9999 -9999 -9999 -9999 -9999 -9999 -9999 -9999 -9999
66.89 65.03 64.3 62.86 61.13 62.02 60.45 58.67 58.36 58.77 61.04 64.1 65.59 68.27 73.94 77.8 82.73 84.87 87.68 87.76 86.06 86.07 84.92 84.29 83.4 86.66 86.85 80.79 81.35 80.51 83.48 81.39 81.49 91.09 97.19 99.96 88.85 89.43 81.84 95.72 105.17 106.44 108.34 117.29 112.7 108.85 118.67 135.63 132.71 131.03 113.45 117.61 124.87 125.88 -9999 -9999 139.9841 138.1053 130.6854 113.3519 108.1176 -9999 -9999 -9999 -9999 -9999 -9999 -9999 -9999 -9999 -9999 94.125 96.85294 95.52831 -9999 -9999 -9999
72.56 68.63 66.85 61.57 62.96 69.21 63.97 61.76 60.1 60.94 60.59 61.41 61.97 63.7 66.86 69.35 72.69 75.05 76.65 77.31 76.51 76.4 77.44 78.28 80.19 82.34 82.73 78.36 76.23 81.75 81.75 82.39 85.73 86.44 90.34 94.06 94.63 85.5 78.27 79.04 84.99 93.65 100.58 108.5 112.41 106.76 108.09 110.72 108.62 111.9 107.31 123.77 116.17 103.88 99.61 109.09 112.21 109.79 107.52 108.26 115.3562 -9999 129.75 129.13 117.71 110.2353 -9999 -9999 -9999 96.73404 94.13 91.78 91.16 91.13 91.65169 -9999 -9999
74.18 80.97 74.44 65.94 72.56 77.04 71.88 73.22 75.46 70.32 72.95 64.54 60.99 61.06 62.34 63.73 65.24 68.08 69.82 69.81 69.36 69.11 70.16 71.68 72.88 73.32 74.77 70.26 69.64 73.12 80.45 86.75 88.12 90.09 98.21 93.1 90.57 85.2 76.43 74.47 86.33 83.96 95.62 91.54 101.49 95.58 102.19 108.71 97.64 96.85 113.48 116.98 109.24 93.92 105.07 116.94 122.66 122.52 114.68 115.94 116.92 113.15 108 110.05 108.66 100.74 95.49 94.8 97.06 97.12 95.71 93.84 91.53 90.7 90.78651 92.01075 -9999
84.95 87.63 77.92 75.08 78.02 71.6 76.67 73.06 79.39 72.41 70.87 66.16 62.88 63.16 60.62 60.28 60.96 63.02 63.38 63.4 64.88 65.01 65.34 64.77 66.15 67.51 68.16 65.3 63.59 63.16 63.03 64.67 67.04 71.6 70.81 71.91 77.93 77.4 78.86 72.67 79.65 74.93 81.03 88.36 92.8 87.12 97.42 90.18 84.28 100.28 113.81 105.94 94.03 97.15 111.32 117.77 118.05 114.22 110.8 100.84 105.79 103.47 100.33 98.13 100.61 98.54 91.18 93.58 95.73 97.26 97.19 95.57 93.67 91.92632 -9999 -9999 -9999
77.37 73.42 76.14 83.55 80.26 77.45 81.82 85.15 80.93 76.19 76.13 71.93 69.01 68.46 61.28 59.8 60.34 60.04 60.85 62.68 63.66 61.78 61.14 60.67 60.88 61.59 61.67 60.11 59.49 59.95 59.99 58.82 58.75 61.05 61.91 62.66 65.66 66.21 68.32 66.4 73.47 74.58 83.4 84.7 87.59 82.26 91.02 78.19 80.37 84 98.84 101.38 90.9 99.11 105.17 108.39 100.67 103.84 109.9 94.04 96.6 96.59 97.85 95.52 100.8 101.01 94.27 96.52 98.88 100.44 100.79 99.56 97.06 94.49 92.07462 -9999 -9999
83.36 84.69 90.11 87.84 88.83 88.91 88.2 83.11 77.91 80.48 76.87 73.74 66.61 62.65 61.56 60.7 58.77 58.24 58.46 60.1 63.13 62.47 58.47 59.82 62.27 62.59 60.42 56.98 57.38 56.44 57.11 55.95 55.98 57.92 58.93 59.32 61.18 61.44 61.38 61.74 75.14 79.26 81.44 77.21 81.52 89.2 91.93 80.56 94.79 91.97 89.78 84.59 79.69 85.1 89.29 91.34 93.79 95.54 91.36 85.18 89.54 91.03 94.25 93.27 91.94 96.88 98.98 98.42 101.14 103.58 104.81 103.03 100.46 96.7 93.08163 -9999 -9999
69.47 74 81.81 78.84 84.65 79.39 79.43 75.71 79.88 81.41 77.52 73.13 67.28 65.3 64.27 64.24 59.36 59.03 57.79 56.44 57.07 57.17 56.96 58.57 61.12 64.29 59.96 54.41 54.73 56.43 55.71 53.94 53.72 55.49 56.64 56.74 59.04 58.33 58.41 59.43 63.89 68.76 74.99 75.71 74.55 82.4 78.56 76.91 86.23 76.1 74.28 76.21 79.1 84 89.88 87.62 84.07 84.56 85.82 81.51 85.53 86.06 90.93 90.38 88.36 92.81 96.04 99.56 103.07 106.74 108.34 106.64 103.82 99.41 94.51 91.08334 -9999
68.55 69.77 70.16 69.12 68.85 68.83 70.22 68.83 69.77 74.02 76.05 73.2 70.94 71.47 68.1 64.45 62.21 63.25 60.56 56.69 55.93 54.8 55.25 59.02 60.3 59.23 56.14 52.13 53.19 55.43 57.48 54.06 53.35 52.9 53.71 55.09 58.58 56.89 55.56 57.61 59.34 61.79 63.89 65.09 69.07 71.64 70.99 68.3 70 68.59 72.32 71.85 74.14 80.22 84.7 87.76 83.37 77.84 79.61 75.89 78.69 84.04 92.86 89.48 89.77 93.32 97.93 99.98 104.08 108.7 109.97 108.35 105.67 101.81 96.65753 -9999 -9999
64.9 67.1 67.8 68.12 68.69 69.25 66.81 66.5 68.13 70.45 72.09 71.95 72.65 73.49 86.54 81.34 66.12 62.93 60.06 58.14 56.66 55.07 53.64 53.41 54.13 54.68 51.4 49.75 51.95 53.99 57.9 56.47 53.8 52.99 52.61 53.92 54.99 54.3 54.19 56.95 56.04 55.98 56.8 59.87 59.49 60.51 60.09 61.39 63.65 65.9 67.73 71.39 74.13 76.24 78.7 83.97 84.81 79.46 72.84 72.84 74.8 82.91 89.09 88.77 91.98 101.42 102.98 100.44 105.22 108.4 109.64 108.68 106.2604 -9999 -9999 -9999 -9999
61.47 63.51 62.93 64.84 67.29 66.7 66.28 65.86 65.44 66.6 68.33 68.86 71.53 76.19 79.27 82.96 76.47 68.3 64.97 59.68 57.02 55.79 54.2 53.28 50.79 48.8 48.19 47.87 51.67 53.97 56.57 58.55 58.1 55.63 53.14 52.78 53.22 52.97 52.97 54.63 53.99 54.15 57.11 59.06 55.9 56 56.99 58.77 60.5 62.92 65.75 69.48 73.72 78.89 81.61 81.08 80.23 76.5 72.07 72.38 78.13 82.43 84.36 83.56 86.4 92.17 96.44 101.74 105.47 107.6633 108.7011 108.25 -9999 -9999 -9999 -9999 -9999
58.84 60.24 60.96 61.8 61.86 63.24 65.08 65.18 63.71 64.63 66.77 67.85 70.16 71.93 73.34 71.11 68.69 63.72 63.34 60.94 56.17 54.52 55.83 56.47 53.38 49.37 47.19 46.26 47.87 50.07 50.57 52.17 55.99 58.18 56.6 56.29 58.29 55.77 54.18 53.17 52.88 54.48 55.07 54.18 53.14 54.68 56.49 58.68 60.79 62.79 66.02 71.36 75.44 78.45 78.23 75.03 75.59 75.97 77.22 73.37 79.39 78.87 77.91 80.25 85.35 91.22 96.64 101.6162 105.3816 -9999 -9999 -9999 -9999 -9999 -9999 -9999 -9999
56.82 58.77 58.87 58.84 60.73 62.08 63.27 62.96 65.09 66.88 66.32 66.26 69.2 68.34 68.63 67.87 68.73 61.63 58.73 58.07 54.48 53.97 55.83 58.64 55.07 53.85 52.34 49.25 47.75 47.15 48.27 49.94 51.63 53.52 55.42 54.59 54.94 55.81 55.2 55.99 53.78 53.24 52.39 52.31 53.67 55.72 57.56 59.46 62.35 66.25 70.87 76.02 79.35 78.95 77.62 74.18 73.45 74.47 74.68 75.22 75.94 76.77 78.62 83.46 87.43 92.51064 -9999 -9999 -9999 -9999 -9999 -9999 -9999 -9999 -9999 -9999 -9999
58.42 58.65 58.7 59.72 60.33 60.13 60.55 62.54 65.5 66.23 62.87 64.04 65.04 65.61 64.26 62.28 64.07 65.51 57.45 57.11 54.89 54.49 56.35 56.33 56.23 58.54 56.61 53.61 50.57 48.71 47.43 48.19 50.77 53.24 54.18 54.34 54.72 54.26 54.37 55.3 56.64 51.72 52.77 54.58 56.68 59.94 62.99 65.23 66.47 70.27 71.47 71.61 74.86 76.04 78.4 77.34 75.82 75.8 77.27 79 80.58 81.3 83.4 87.79787 -9999 -9999 -9999 -9999 -9999 -9999 -9999 -9999 -9999 -9999 -9999 -9999 -9999
64.54 64.61 61.89 61.23 63.36 63.63 63.23 62.96 63.83 62.44 59.94 61.14 62.79 62.62 63.15 59 59.95 57.41 63.55 64.99 64.64 59.27 57.27 58.87 58.12 60.88 56.82 52.4 50.57 48.79 48.53 48.21 49.89 52.71 53.87 54.58 55.27 54.83 53.13 55.38 54.67 55.51 57.43 59.42 62.17 65.72 68.32 70.64 73.79 72.7 71.99 70.21 72.31 73.85 77.53 77.37 77.59 79.28 81.13 83.27 84.92 88.82 90.89362 -9999 -9999 -9999 -9999 -9999 -9999 -9999 -9999 -9999 -9999 -9999 -9999 -9999 -9999
67.38 65.29 63.77 63.43 63.25 64.22 64.61 65.4 63.7 60.17 59.02 58.49 58.62 58.39 59.78 59.31 58.53 58.32 62.41 66.75 67.58 65.53 61.68 62.31 62.27 61.47 58.39 54.69 52.45 50.99 50.17 49.72 49.09 49.64 50.32 50.96 51.28 51.8 53.61 56.66 57.33 57.08 58.42 57.4 59.45 64 71.85 74.89 78.1 80.98 74.45 71.94 73.09 74.93 77.23 78.73 80.79 82.81 84.9 86.83673 89.50617 94.52941 -9999 -9999 -9999 -9999 -9999 -9999 -9999 -9999 -9999 -9999 -9999 -9999 -9999 -9999 -9999
67.43 61.28 62 60.58 60.12 64.88 65.4 65.84 63.73 61.35 60.48 61.87 63.91 63.7 62.26 60.92 64.44 64.05 62.64 65.83 67.07 67.38 67.83 67 64.53 61.94 59.17 57.67 55.59 52.78 51.19 50.46 50.71 51.52 51.8 51.86 52.63 53.94 56.27 55.7 56.35 57.55 60.2 58.97 61.62 65.39 67.84 70.28 73.67 74.11 74.35 74 74.82 76.58 78.88776 80.8481 83.21212 -9999 -9999 -9999 -9999 -9999 -9999 -9999 -9999 -9999 -9999 -9999 -9999 -9999 -9999 -9999 -9999 -9999 -9999 -9999 -9999
63.82 61.54 60.68 58.81 59.16 63.52 65.07 65.67 67.14 68.59 70.12 70.49 68.77 67.62 67.33 66.41 68.21 69.36 68.11 64.04 66.47 67.78 70.06 69.98 66.78 64.19 61.74 62.1 63.72 58.33 54.01 54.32 54.12 54.04 54.46 56.51 55.18 56.47 58.29 57.79 60.36 62.15 64.64 64.04 66.41 69.68 72.26 74.15 76.86 78.96 78.55 76.41975 -9999 -9999 -9999 -9999 -9999 -9999 -9999 -9999 -9999 -9999 -9999 -9999 -9999 -9999 -9999 -9999 -9999 -9999 -9999 -9999 -9999 -9999 -9999 -9999 -9999
56.12 55.97 56.91 57.27 60.21 62.37 64.78 66.44 66.96 70.1 72.62 72.22 70.02 73 72.05 70.61 69.22 69.34 70.52 71.18 65.4 69.32 71.91 76.65 72.63 67 64.25 63.02 61.97 59.58 58.38 59.39 57.86 56.92 56.04 56.77 58.98 61.09 60.97 61.44 63.18 64.47 66.36 68.9 71.7 74.42 75.77 78.73 82.1831 -9999 -9999 -9999 -9999 -9999 -9999 -9999 -9999 -9999 -9999 -9999 -9999 -9999 -9999 -9999 -9999 -9999 -9999 -9999 -9999 -9999 -9999 -9999 -9999 -9999 -9999 -9999 -9999
53.35 52.19 54.3 56.49 60 62.99 64.09 64.82 66.21 67.33 69.77 72.19 73.15 72.69 71.09 70.02 70.03 70.25 68.36 68.87 69.32 66.58 70.81 76.48 77.2 72.55 68.95 65.32 60.67 60.83 61.78 63.54 61.37 59.37 57.6 58.98 62.8 63.41 62.83 64.73 64.91 68.28 70.69 73.25 76 79.17 81.08 82.46 -9999 -9999 -9999 -9999 -9999 -9999 -9999 -9999 -9999 -9999 -9999 -9999 -9999 -9999 -9999 -9999 -9999 -9999 -9999 -9999 -9999 -9999 -9999 -9999 -9999 -9999 -9999 -9999 -9999
