layers/pyrenees/area_1/pca1.asc
NCOLS 98 
NROWS 47 
XLLCORNER 1.40994920711321 
YLLCORNER 42.25542611 
CELLSIZE 0.00833333376415094 
NODATA_value -9999 
[rows 22 to 43 of 47, columns 0 to 49 of 98]
-9999 -9999 -9999 -9999 -9999 -9999 -9999 -9999 -9999 -9999 -9999 -9999 -9999 -9999 -9999 -9999 -9999 -9999 -9999 -9999 -9999 -7.442223072052 -6.66336059570312 -7.50850915908813 -7.80779314041138 -8.3853120803833 -8.77529716491699 -8.21768569946289 -7.80929470062256 -8.87943649291992 -8.69742393493652 -6.98465061187744 -5.86179733276367 -4.79098606109619 -1.55536377429962 -4.02013969421387 -5.32420587539673 -5.87952184677124 -8.40035629272461 -6.2072925567627 -4.45779943466187 -2.56424617767334 -1.88523173332214 -4.54819202423096 -4.37689399719238 -3.62517881393433 -4.65259170532227 -4.56801700592041 -4.09771299362183 -3.72807168960571
-9999 -9999 -9999 -9999 -9999 -9999 -9999 -9999 -9999 -9999 -9999 -9999 -9999 -9999 -9999 -9999 -9999 -9999 -6.93912076950073 -8.06895351409912 -7.31186485290527 -6.58294534683228 -5.70316362380981 -5.53128290176392 -6.59147596359253 -6.38501644134521 -6.54640007019043 -5.86243057250977 -6.22830867767334 -6.40377855300903 -5.39198780059814 -5.86907863616943 -5.09665441513062 -4.2872371673584 -1.8549143075943 -2.71846103668213 -4.35713195800781 -7.77647495269775 -8.77303123474121 -6.26139211654663 -4.65157651901245 -3.01172232627869 -0.747079432010651 -1.19280922412872 -0.980276584625244 -1.3641529083252 -2.47093105316162 -4.39006853103638 -3.91927075386047 -3.17091512680054
-9999 -9999 -9999 -9999 -9999 -9999 -9999 -9999 -9999 -9999 -9999 -9999 -9999 -9999 -9999 -9999 -9999 -9999 -6.59715509414673 -5.18842840194702 -7.53221273422241 -7.18752431869507 -6.93318939208984 -5.15130853652954 -4.18651437759399 -4.7797679901123 -5.10490274429321 -4.32680225372314 -4.59645700454712 -5.21170282363892 -4.48848819732666 -4.35938215255737 -4.23835229873657 -3.47297930717468 -1.89366507530212 -0.275469481945038 -4.52996015548706 -6.42342758178711 -7.60402870178223 -5.80478811264038 -4.58192443847656 -2.83916187286377 0.0194770507514477 0.731154799461365 1.37042486667633 1.08997046947479 -0.616884112358093 -2.63678765296936 -2.22382783889771 -0.591439247131348
-9999 -9999 -9999 -9999 -9999 -9999 -9999 -9999 -9999 -9999 -9999 -9999 -1.27654230594635 -2.47779965400696 -3.29839563369751 -3.40885305404663 -4.51869678497314 -5.8653678894043 -5.9542670249939 -4.41310214996338 -5.58071517944336 -5.47734308242798 -6.78986787796021 -5.86027526855469 -4.58427238464355 -3.0293436050415 -3.01428198814392 -3.17274928092957 -3.042236328125 -2.97711849212646 -3.01556658744812 -3.26406383514404 -2.83839273452759 -1.97408890724182 -0.262990415096283 -0.17869445681572 -2.94684529304504 -5.30369138717651 -6.49121332168579 -5.57594394683838 -4.71366596221924 -3.1959593296051 -1.99579346179962 -0.68948358297348 0.105710998177528 2.21111989021301 0.80886435508728 -0.572757482528687 -0.566532552242279 0.939696073532104
-9999 -9999 -9999 -9999 -9999 -9999 -9999 -9999 -9999 -9999 -9999 -9999 -1.11941540241241 -1.85339176654816 -3.24970984458923 -3.89619731903076 -4.37291193008423 -4.42350149154663 -4.24216985702515 -3.59648466110229 -3.39234304428101 -3.62176537513733 -5.74380826950073 -5.73283100128174 -3.99444317817688 -3.05967116355896 -2.36779737472534 -1.1891747713089 -2.35797381401062 -1.00519680976868 -2.23104238510132 -2.19654726982117 -2.22300696372986 -1.44707918167114 -0.744162321090698 2.14890909194946 -2.40112972259521 -3.3102343082428 -4.89071989059448 -4.68902015686035 -3.55610513687134 -2.48263502120972 -1.86566627025604 -1.63038218021393 0.462310343980789 1.56396543979645 2.3391649723053 0.336961925029755 0.542624652385712 1.8180673122406
-9999 -9999 -9999 -9999 -9999 -9999 -9999 -9999 -9999 -9999 -9999 -9999 -9999 -1.93589520454407 -2.45057392120361 -0.849834501743317 -1.50263047218323 -2.20069241523743 -2.6170597076416 -1.66945743560791 -2.19265699386597 -2.99805426597595 -4.97184705734253 -5.66008424758911 -3.99141693115234 -2.4700403213501 -1.7470645904541 -1.24035680294037 -0.908908545970917 -0.249601691961288 0.652732491493225 -1.07011377811432 -0.883842766284943 -0.335476338863373 1.05363178253174 1.31131649017334 -0.506932735443115 -2.2141637802124 -3.57885980606079 -4.61714267730713 -3.42695164680481 -2.38254976272583 0.0371501892805099 0.193382769823074 -0.0182744357734919 1.87789523601532 3.15120100975037 1.27625775337219 1.39309728145599 2.17813444137573
-9999 -9999 -9999 -9999 -9999 -9999 -9999 -9999 -9999 -9999 -9999 -9999 -9999 -1.83409488201141 -1.69615769386292 -0.186980828642845 0.523833930492401 -0.353026747703552 -0.654265165328979 -2.29801368713379 -2.90474653244019 -3.59077596664429 -3.67928719520569 -3.77573084831238 -2.43790435791016 -2.76538968086243 -1.75381231307983 -0.371364057064056 0.497710675001144 0.617326140403748 1.19625735282898 0.509489119052887 0.065134160220623 0.61602646112442 1.5343462228775 1.96122753620148 -0.209844321012497 -1.30028736591339 -2.43648838996887 -2.32133340835571 -1.95676851272583 -0.759427428245544 0.276582300662994 1.12425112724304 0.979399859905243 0.922710657119751 3.01474356651306 3.5614607334137 2.18446564674377 3.16764831542969
-9999 -9999 -9999 -9999 -9999 -9999 -9999 -9999 -9999 -9999 -9999 -9999 -9999 -9999 0.589877009391785 2.16047477722168 1.55794715881348 0.106914363801479 -1.21459352970123 -0.845187127590179 -1.99002730846405 -1.4274628162384 -1.46619987487793 -1.68526327610016 -1.94221210479736 -2.24879264831543 -2.99080753326416 -2.39864754676819 -0.533231198787689 1.21705591678619 2.54122066497803 1.59453570842743 1.346351146698 2.22347903251648 2.88469099998474 2.72216081619263 1.54890525341034 0.0311247389763594 0.427474498748779 0.486953556537628 -0.184591859579086 0.616178095340729 0.926020920276642 1.68075215816498 2.3308436870575 2.06197834014893 2.36539602279663 4.16536045074463 3.9488685131073 4.77238941192627
-9999 -9999 -9999 -9999 -9999 -9999 -9999 -9999 -9999 -9999 -9999 -9999 -9999 -9999 2.16047477722168 4.73342704772949 2.80083513259888 0.854302525520325 0.835260927677155 0.85846221446991 0.831332623958588 1.81285309791565 0.456982910633087 -0.310518652200699 1.58196043968201 2.02417421340942 1.22338700294495 -0.437791168689728 -2.16397833824158 0.489114671945572 2.51362776756287 3.21423864364624 1.58329164981842 2.01199126243591 2.95714497566223 4.01547193527222 2.68159103393555 2.11258387565613 1.82474720478058 1.50060606002808 1.7817964553833 1.55858182907104 3.07617688179016 1.98831593990326 1.70062804222107 3.01956486701965 4.0269341468811 3.81639933586121 4.85049533843994 5.02701091766357
-9999 -9999 -9999 -9999 -9999 -9999 -9999 -9999 -9999 -9999 -9999 -9999 -9999 -9999 -9999 4.68226766586304 3.46559858322144 2.49134540557861 1.96760833263397 1.94008302688599 3.16241908073425 2.24882102012634 -0.42906242609024 2.74451041221619 4.51234245300293 4.29177379608154 3.91722512245178 3.47420358657837 3.4572422504425 1.76449882984161 2.59680271148682 3.78648066520691 2.96864414215088 2.5823118686676 3.61565780639648 4.69179677963257 3.88567662239075 3.93294978141785 3.92269062995911 2.95803117752075 3.05809187889099 3.33730626106262 3.48996758460999 4.11333227157593 3.16045355796814 4.20839643478394 4.14376211166382 3.30520868301392 5.13774347305298 5.73456478118896
-9999 -9999 -9999 -9999 -9999 -9999 -9999 -9999 -9999 -9999 -9999 -9999 -9999 -9999 -9999 6.08429718017578 4.43163251876831 2.95880103111267 1.83648717403412 2.4160749912262 4.61944770812988 3.60758018493652 0.465619891881943 5.19257593154907 5.40206336975098 5.13468933105469 5.97064447402954 5.96398735046387 5.07965612411499 4.0058913230896 4.65608739852905 4.28024101257324 3.84744191169739 3.95003914833069 4.6855001449585 4.97357082366943 3.87367248535156 4.55271434783936 5.37575769424438 5.36366367340088 4.73521947860718 4.07423877716064 4.92182540893555 5.76121807098389 5.38876390457153 5.49028396606445 5.3128719329834 5.02057409286499 4.80176591873169 6.2392315864563
-9999 -9999 -9999 -9999 -9999 -9999 -9999 -9999 -9999 -9999 -9999 -9999 -9999 -9999 -9999 -9999 2.7278139591217 1.36558079719543 1.9512380361557 4.84752321243286 6.85196876525879 6.77954149246216 7.19512939453125 8.06854724884033 7.47556114196777 7.21085834503174 6.92129993438721 6.90529918670654 7.46519422531128 3.67957830429077 5.12192392349243 5.72829389572144 5.84135770797729 5.39982175827026 5.96093940734863 5.16986417770386 4.27158069610596 6.05686235427856 6.03223276138306 6.61653184890747 6.53329801559448 6.69268608093262 6.68930864334106 6.43100786209106 6.35611867904663 6.48522329330444 6.27895975112915 6.31716823577881 5.83684587478638 6.11909914016724
-9999 -9999 -9999 -9999 -9999 -9999 -9999 -9999 -9999 -9999 -9999 -9999 -9999 -9999 -9999 -9999 5.83195066452026 5.95415925979614 6.30703830718994 7.93976020812988 7.97362947463989 8.5363130569458 6.94754076004028 3.78702974319458 5.82001399993896 5.27148246765137 4.82358455657959 5.32940578460693 7.08407735824585 7.16521644592285 7.27506399154663 6.83148288726807 6.95451354980469 7.25189924240112 6.3748984336853 6.06618738174438 6.97361707687378 6.42093181610107 6.30021190643311 6.68826389312744 6.54772710800171 6.56310939788818 6.37067747116089 6.18247318267822 6.11924314498901 6.0524787902832 6.08882713317871 6.01370143890381 5.63774061203003 5.28680801391602
-9999 -9999 -9999 -9999 -9999 -9999 -9999 -9999 -9999 -9999 -9999 -9999 -9999 -9999 -9999 -9999 7.65451574325562 9.16764259338379 7.74846744537354 7.74740552902222 8.95123767852783 6.95334196090698 5.02792882919312 3.23778033256531 3.31227207183838 3.36906218528748 3.47657775878906 4.59846067428589 3.75511884689331 6.06536531448364 4.84542894363403 4.1755895614624 5.72075700759888 7.00314664840698 5.49386548995972 5.49802780151367 5.3151273727417 6.07467699050903 5.79369020462036 5.71782255172729 5.8627667427063 5.88714694976807 5.85210943222046 5.87006998062134 5.94311666488647 6.01695251464844 6.02618074417114 5.73053455352783 5.1440749168396 4.55118036270142
-9999 -9999 -9999 -9999 -9999 -9999 -9999 -9999 -9999 -9999 -9999 -9999 -9999 -9999 -9999 -9999 -9999 5.02395629882812 8.15691947937012 6.50405740737915 6.9795298576355 6.73057746887207 5.03506469726562 3.92128729820251 4.20656871795654 2.31671977043152 3.25867128372192 3.78722643852234 6.25386190414429 3.92896842956543 3.86248254776001 2.98899102210999 5.97729635238647 6.11391353607178 4.78658533096313 4.80720710754395 4.34768629074097 4.73862838745117 5.41291284561157 4.52799987792969 4.71054744720459 4.62972497940063 5.0699667930603 4.73183822631836 5.60904169082642 4.88322877883911 5.32528924942017 5.64195489883423 5.13272905349731 5.00180625915527
-9999 -9999 -9999 -9999 -9999 -9999 -9999 -9999 -9999 -9999 -9999 -9999 -9999 -9999 -9999 -9999 -9999 5.64703130722046 7.12123775482178 4.6771936416626 4.59000205993652 6.5370512008667 6.72920560836792 5.07793474197388 2.51580095291138 2.58948302268982 3.59890246391296 4.88104295730591 4.59667491912842 2.91488456726074 2.91517901420593 4.32410097122192 5.8339786529541 4.87522792816162 2.83074951171875 2.82736659049988 2.97390794754028 2.23785829544067 3.85702013969421 4.49559926986694 3.43364262580872 4.25268840789795 4.35116243362427 3.72688126564026 4.55692958831787 3.83701157569885 4.90818691253662 4.81409120559692 3.82468676567078 3.70248770713806
-9999 -9999 -9999 -9999 -9999 -9999 -9999 -9999 -9999 -9999 -9999 -9999 -9999 -9999 -9999 -9999 -9999 -9999 6.51492881774902 3.16281843185425 3.20643758773804 4.86052083969116 6.17945003509521 3.74877214431763 2.64482712745667 1.20414686203003 2.20033884048462 4.33035326004028 3.85898542404175 1.87670230865479 2.860102891922 4.73224782943726 5.47034883499146 3.06066155433655 1.45390641689301 0.70310366153717 0.963930010795593 1.46218276023865 4.49613332748413 3.35756921768188 2.10951972007751 3.06091070175171 1.49137330055237 2.21117544174194 3.04759049415588 2.32559037208557 0.580937504768372 1.74653673171997 2.06156754493713 1.82304513454437
-9999 -9999 -9999 -9999 -9999 -9999 -9999 -9999 -9999 -9999 -9999 -9999 -9999 -9999 -9999 -9999 -9999 -9999 5.2810206413269 3.43581104278564 2.12967872619629 3.4280309677124 4.87092018127441 5.04263830184937 3.38517189025879 1.06344711780548 1.40621554851532 2.93375754356384 3.70160865783691 1.90196454524994 2.35204339027405 3.19407725334167 4.71863508224487 2.82453083992004 0.733354389667511 -0.73034679889679 -1.56685066223145 0.584750473499298 3.44148707389832 1.52850484848022 0.943350851535797 2.38156962394714 0.978223979473114 1.39513742923737 3.01634311676025 2.17089748382568 0.176483124494553 0.343189835548401 0.569036722183228 1.72741782665253
-9999 -9999 -9999 -9999 -9999 -9999 -9999 -9999 -9999 -9999 -9999 -9999 -9999 -9999 -9999 -9999 -9999 -9999 -9999 3.25753378868103 3.24657154083252 2.87694096565247 3.88546657562256 3.62612652778625 2.82087063789368 1.0701584815979 1.45821571350098 2.08194851875305 2.75355935096741 2.54975962638855 2.54975962638855 3.79259014129639 3.30688095092773 4.31963062286377 1.43751895427704 0.111927419900894 -1.78018152713776 0.994321703910828 2.06747817993164 0.537553906440735 -0.73638504743576 1.22787523269653 0.595814168453217 -1.22476947307587 1.93968403339386 2.90502071380615 0.176483124494553 -1.4335070848465 0.701321542263031 0.461322098970413
-9999 -9999 -9999 -9999 -9999 -9999 -9999 -9999 -9999 -9999 -9999 -9999 -9999 -9999 -9999 -9999 -9999 -9999 -9999 2.51164126396179 1.66549718379974 1.44576990604401 1.67381656169891 2.13771414756775 2.28083920478821 1.75139927864075 0.255341172218323 1.26552557945251 0.899910926818848 1.05161738395691 1.03973019123077 2.20294833183289 2.52204632759094 2.83285021781921 2.75909948348999 0.639622390270233 -1.26163637638092 0.539055407047272 0.860561192035675 -0.307682037353516 -1.16345131397247 0.423650443553925 -1.08979618549347 -0.244330078363419 0.677291512489319 1.08220708370209 -0.00346702500246465 -1.50431716442108 -2.1461124420166 -1.79850256443024
-9999 -9999 -9999 -9999 -9999 -9999 -9999 -9999 -9999 -9999 -9999 -9999 -9999 -9999 -9999 -9999 -9999 -9999 -9999 -9999 -1.14084243774414 -1.90746831893921 -1.22743320465088 -0.668009221553802 -0.866884648799896 -1.28789639472961 -1.18251919746399 -2.43607592582703 -2.02035021781921 -0.529719293117523 -0.678669214248657 0.142553478479385 1.40183901786804 0.650505065917969 -0.0293207429349422 -0.560354471206665 -2.25738024711609 -1.4824343919754 -1.7185732126236 -2.85837697982788 -2.41665101051331 -1.69316709041595 -1.47696399688721 -1.12466967105865 -0.0182531401515007 -0.992578566074371 -0.565656006336212 0.208413392305374 0.208413392305374 -0.656238079071045
-9999 -9999 -9999 -9999 -9999 -9999 -9999 -9999 -9999 -9999 -9999 -9999 -9999 -9999 -9999 -9999 -9999 -9999 -9999 -9999 -5.31530714035034 -5.54324054718018 -6.26675939559937 -5.82921075820923 -5.51409292221069 -5.70770406723022 -5.85905075073242 -7.53081035614014 -5.48723268508911 -4.80068397521973 -2.99524831771851 -3.2263765335083 -3.41752791404724 -3.11079454421997 -3.09464311599731 -4.00771760940552 -5.29877805709839 -5.57688665390015 -4.25559616088867 -4.80244207382202 -3.12764573097229 -3.70861673355103 -1.08979618549347 -1.0544216632843 -0.680912256240845 1.12774884700775 -0.077279269695282 1.32083463668823 3.12137699127197 2.50921082496643
