layers/pyrenees/area_1/pca2.asc
NCOLS 98 
NROWS 47 
XLLCORNER 1.40994920711321 
YLLCORNER 42.25542611 
CELLSIZE 0.00833333376415094 
NODATA_value -9999 
[rows 22 to 43 of 47, columns 0 to 48 of 98]
-9999 -9999 -9999 -9999 -9999 -9999 -9999 -9999 -9999 -9999 -9999 -9999 -9999 -9999 -9999 -9999 -9999 -9999 -9999 -9999 -9999 0.0789443552494049 0.350011676549911 0.114539660513401 0.180646821856499 0.302189141511917 0.489422649145126 0.203100264072418 0.18113973736763 0.372483998537064 0.226353377103806 0.385417968034744 0.198682010173798 0.00604113051667809 0.304337739944458 0.351014077663422 0.00443124491721392 0.215378895401955 0.313163429498672 0.00212588859722018 -0.182455584406853 -0.115326583385468 -0.202544838190079 -0.207023650407791 -0.224890604615211 0.21551938354969 -0.18301647901535 -0.203880369663239 -0.2873315513134
-9999 -9999 -9999 -9999 -9999 -9999 -9999 -9999 -9999 -9999 -9999 -9999 -9999 -9999 -9999 -9999 -9999 -9999 0.448747307062149 0.420470952987671 -0.0457967631518841 0.371774077415466 0.151191145181656 0.162173211574554 0.302129566669464 0.241624861955643 0.339687496423721 0.0898264944553375 0.317002803087234 0.247712552547455 0.121311530470848 0.192254841327667 0.0635745823383331 0.404529005289078 -0.19632725417614 -0.0196359660476446 -0.047327782958746 -0.0457086376845837 0.173426985740662 0.208511456847191 -0.195540428161621 -0.0728232339024544 -0.0885066911578178 0.138234287500381 -0.048262819647789 0.0831595733761787 -0.216275617480278 -0.281595140695572 -0.261591345071793
-9999 -9999 -9999 -9999 -9999 -9999 -9999 -9999 -9999 -9999 -9999 -9999 -9999 -9999 -9999 -9999 -9999 -9999 0.373562455177307 0.0803245678544044 0.0972042232751846 0.436458826065063 0.410215526819229 0.00660098437219858 0.393307536840439 -0.100375294685364 0.0604513138532639 0.299304366111755 -0.000671474204864353 0.101948089897633 -0.0368264727294445 -0.00296440673992038 -0.157402619719505 -0.0188301112502813 -0.0997448265552521 -0.0327900312840939 -0.200227782130241 0.237351581454277 -0.0395007319748402 0.22806978225708 -0.13602988421917 -0.0263442322611809 -0.151563495397568 -0.211889296770096 -0.299703747034073 -0.381709933280945 -0.151852265000343 -0.19303759932518 -0.316220611333847
-9999 -9999 -9999 -9999 -9999 -9999 -9999 -9999 -9999 -9999 -9999 -9999 0.392786473035812 0.102910675108433 0.154363185167313 0.219379484653473 0.511404037475586 0.223010689020157 0.287282586097717 0.530032873153687 0.0948444381356239 0.140419378876686 0.377238005399704 0.209650829434395 0.0221547838300467 0.137875810265541 0.17436620593071 0.0674803927540779 0.0246203783899546 0.0344133339822292 0.0430130064487457 -0.00761771900579333 -0.0343339964747429 -0.106769450008869 -0.0202387664467096 -0.0384128578007221 0.0411080457270145 0.0124902259558439 -0.0375337116420269 0.0937480479478836 -0.00836604740470648 -0.133368298411369 -0.184450685977936 -0.192339345812798 -0.270561546087265 -0.593596279621124 -0.366556376218796 -0.126296013593674 -0.435893803834915
-9999 -9999 -9999 -9999 -9999 -9999 -9999 -9999 -9999 -9999 -9999 -9999 0.234287217259407 0.477814346551895 0.180321887135506 0.26603826880455 0.48752573132515 0.519573509693146 0.439348042011261 0.275189280509949 0.179039493203163 0.212616160511971 0.2381661683321 0.17336168885231 0.345344632863998 0.0958049073815346 -0.0363732278347015 -0.0139857921749353 -0.0254960861057043 -0.212330386042595 -0.0699550658464432 -0.0498377345502377 -0.0744473412632942 0.254825174808502 -0.0765834972262383 -0.187317460775375 -0.131526306271553 -0.0987133160233498 0.00566982664167881 0.00226359954103827 0.154496788978577 -0.214289247989655 -0.265617340803146 -0.304949104785919 -0.349434077739716 -0.415905267000198 -0.76684159040451 -0.323994874954224 -0.254459738731384
-9999 -9999 -9999 -9999 -9999 -9999 -9999 -9999 -9999 -9999 -9999 -9999 -9999 0.494850039482117 0.0846150293946266 0.356702268123627 0.275405257940292 0.0405016615986824 0.169357255101204 0.387939363718033 0.0360093824565411 0.159807741641998 -0.0819333493709564 0.11510518938303 0.358823090791702 0.113233111798763 0.405896186828613 0.240209013223648 -0.00255420571193099 -0.0267051197588444 -0.320609122514725 -0.294227123260498 0.0320445410907269 -0.00952784810215235 -0.224232226610184 -0.252363801002502 0.0377161130309105 -0.102194935083389 -0.0295429416000843 -0.156900808215141 -0.154707342386246 -0.226735010743141 -0.0846031084656715 -0.237294986844063 -0.107868112623692 -0.596563220024109 -0.80485737323761 -0.49084484577179 -0.423134237527847
-9999 -9999 -9999 -9999 -9999 -9999 -9999 -9999 -9999 -9999 -9999 -9999 -9999 0.499226033687592 -0.00627886969596148 0.178674191236496 0.111572675406933 0.113403052091599 0.164931371808052 0.031518429517746 0.167015060782433 0.183332413434982 0.0728206560015678 0.224942311644554 0.00858002621680498 0.0710039436817169 0.384796649217606 0.0593872554600239 -0.121490769088268 -0.193818673491478 -0.258539527654648 -0.208883956074715 -0.0790848657488823 -0.253369450569153 -0.490460723638535 -0.488775730133057 -0.0529843010008335 0.189701393246651 -0.249564588069916 -0.191008239984512 -0.218226715922356 -0.177012398838997 -0.222182303667068 -0.491143554449081 -0.351325988769531 -0.415408998727798 -0.529047846794128 -1.07837295532227 -0.730498731136322
-9999 -9999 -9999 -9999 -9999 -9999 -9999 -9999 -9999 -9999 -9999 -9999 -9999 -9999 -0.0164008364081383 0.217650145292282 0.0995563715696335 -0.0741315186023712 -0.127742260694504 0.186633348464966 -0.0365126915276051 -0.0533134452998638 0.293549448251724 0.368515312671661 -0.0501804798841476 -0.0139526119455695 0.124837934970856 0.131944730877876 0.0409615077078342 -0.237620770931244 -0.638996958732605 -0.503478646278381 -0.267128080129623 -0.415709555149078 -0.647532641887665 -0.721966028213501 -0.47581759095192 -0.062456164509058 -0.271923124790192 -0.226701259613037 -0.038156770169735 -0.39214551448822 -0.389070749282837 -0.535863280296326 -0.660769283771515 -0.674495995044708 -0.783088684082031 -0.677289843559265 -0.681273818016052
-9999 -9999 -9999 -9999 -9999 -9999 -9999 -9999 -9999 -9999 -9999 -9999 -9999 -9999 0.217650145292282 -0.260929197072983 -0.0460304766893387 -0.0905323475599289 -0.0135642942041159 -0.0863485932350159 -0.104096762835979 0.128395810723305 -0.162016183137894 0.107168138027191 0.156931176781654 0.0122661208733916 -0.240791365504265 0.0794002339243889 -0.105000540614128 -0.210920840501785 -0.654311895370483 -0.305592566728592 -0.461315184831619 -0.467787384986877 -0.712538957595825 -0.590586364269257 -0.301251649856567 -0.566395878791809 -0.54901111125946 -0.355279564857483 -0.501472234725952 -0.360543787479401 -0.796372354030609 -0.635002911090851 -0.676470518112183 -0.843721270561218 -0.696224272251129 -1.09459042549133 -0.992745459079742
-9999 -9999 -9999 -9999 -9999 -9999 -9999 -9999 -9999 -9999 -9999 -9999 -9999 -9999 -9999 -0.406856954097748 -0.17503048479557 0.0442545525729656 -0.335819095373154 -0.31626296043396 -0.135724812746048 -0.313000917434692 0.0407791920006275 -0.119385629892349 -0.418346673250198 -0.519884467124939 -0.359625518321991 -0.268452227115631 -0.257664769887924 -0.387195855379105 -0.704704344272614 -0.876094043254852 -0.759821593761444 -0.686621010303497 -0.44276037812233 -0.68545013666153 -0.589049994945526 -0.593758940696716 -0.59819620847702 -0.704289257526398 -0.916115581989288 -0.975415170192719 -1.08669030666351 -0.701573073863983 -0.848854541778564 -0.770548760890961 -0.665930986404419 -1.00012063980103 -1.60458183288574
-9999 -9999 -9999 -9999 -9999 -9999 -9999 -9999 -9999 -9999 -9999 -9999 -9999 -9999 -9999 -0.816538691520691 -0.340664744377136 -0.0420745387673378 0.13163597881794 0.103717394173145 -0.394290715456009 -0.336700588464737 -0.169981822371483 -0.738004863262177 -0.802235662937164 -0.752859771251678 -1.04225921630859 -0.943029403686523 -0.588187277317047 -0.369593888521194 -0.675637245178223 -0.552373945713043 -0.546682596206665 -0.923037827014923 -0.665294826030731 -0.731880724430084 -0.624645054340363 -1.16545343399048 -0.934287667274475 -0.961214959621429 -1.20996499061584 -0.668366491794586 -1.47171533107758 -1.0701197385788 -1.01792669296265 -1.04536366462708 -1.10986506938934 -1.26341891288757 -1.38315188884735
-9999 -9999 -9999 -9999 -9999 -9999 -9999 -9999 -9999 -9999 -9999 -9999 -9999 -9999 -9999 -9999 -0.0559507273137569 0.240177839994431 -0.325574040412903 -0.546488642692566 -0.725580453872681 -0.857488393783569 -1.12323808670044 -1.39564692974091 -1.23782467842102 -1.08748555183411 -1.04002225399017 -0.931337833404541 -1.19647169113159 -0.465792149305344 -0.886378824710846 -0.857854425907135 -1.06721568107605 -0.963275849819183 -1.0910416841507 -0.879697680473328 -1.18114030361176 -0.992316901683807 -1.27771711349487 -1.31002998352051 -1.35350453853607 -1.47086572647095 -1.42536783218384 -1.34705078601837 -1.22618389129639 -1.40144693851471 -1.83441817760468 -1.77721881866455 -1.2681645154953
-9999 -9999 -9999 -9999 -9999 -9999 -9999 -9999 -9999 -9999 -9999 -9999 -9999 -9999 -9999 -9999 -0.55390065908432 -0.589006543159485 -0.908227860927582 -1.25792610645294 -1.2059314250946 -1.400594830513 -0.914025068283081 -0.271747082471848 -0.907476365566254 -0.779776334762573 -0.635186016559601 -0.617411315441132 -1.40898489952087 -1.26142394542694 -1.31730902194977 -1.21887075901031 -1.25930678844452 -1.49317693710327 -1.19997870922089 -1.1109402179718 -1.25485599040985 -1.37330842018127 -1.16493725776672 -1.24842751026154 -1.20944428443909 -1.37757110595703 -1.21154081821442 -1.58587884902954 -1.33368909358978 -1.66300237178802 -1.69095194339752 -1.43317925930023 -1.24293804168701
-9999 -9999 -9999 -9999 -9999 -9999 -9999 -9999 -9999 -9999 -9999 -9999 -9999 -9999 -9999 -9999 -1.06759285926819 -1.42095518112183 -1.0976744890213 -1.21660530567169 -1.42624640464783 -0.904312074184418 -0.650665462017059 -0.184262752532959 -0.204001039266586 -0.354855835437775 -0.276635348796844 -0.645063400268555 -0.573484897613525 -1.15910255908966 -0.729305922985077 -0.550657689571381 -0.890070259571075 -1.28254592418671 -1.06497395038605 -1.30286765098572 -1.33466053009033 -1.10727024078369 -1.45951390266418 -1.51950466632843 -1.251140832901 -1.22862315177917 -1.59648752212524 -1.24192082881927 -1.59411489963531 -1.31018543243408 -1.42062795162201 -1.59286868572235 -1.60775244235992
-9999 -9999 -9999 -9999 -9999 -9999 -9999 -9999 -9999 -9999 -9999 -9999 -9999 -9999 -9999 -9999 -9999 -0.477439552545547 -1.31354558467865 -1.07460308074951 -1.03874599933624 -0.746068954467773 -0.715445041656494 -0.403986006975174 -0.604873597621918 -0.158743694424629 -0.281433641910553 -0.478199779987335 -1.02568960189819 -0.530744552612305 -0.570754528045654 -0.768455326557159 -0.967764556407928 -1.02347648143768 -0.72628778219223 -1.50621473789215 -0.820642352104187 -1.33564758300781 -0.977332770824432 -0.892207205295563 -0.997093677520752 -1.24039912223816 -1.49661922454834 -1.2415474653244 -1.18808281421661 -1.07029020786285 -1.6474826335907 -1.2523752450943 -1.62959837913513
-9999 -9999 -9999 -9999 -9999 -9999 -9999 -9999 -9999 -9999 -9999 -9999 -9999 -9999 -9999 -9999 -9999 -0.909023404121399 -1.07905507087708 -0.484085947275162 -0.42392960190773 -1.0539927482605 -1.20063638687134 -0.626869440078735 -0.552184879779816 -0.290217459201813 -0.418139278888702 -0.646153390407562 -0.657430291175842 -0.848026871681213 -0.717349410057068 -1.18616759777069 -0.990374505519867 -0.650597095489502 -0.462658137083054 -0.475150614976883 -0.751926422119141 -0.602263808250427 -0.657319962978363 -0.899637937545776 -1.14278709888458 -0.793389797210693 -0.825537085533142 -1.11042034626007 -1.30494594573975 -1.24596261978149 -1.0451877117157 -1.34244990348816 -1.2748110294342
-9999 -9999 -9999 -9999 -9999 -9999 -9999 -9999 -9999 -9999 -9999 -9999 -9999 -9999 -9999 -9999 -9999 -9999 -1.09677386283875 -0.262547850608826 -0.210473701357841 -0.5422483086586 -0.967237830162048 -0.506332159042358 -0.723290383815765 -0.27693173289299 -0.0490941479802132 -0.671343743801117 -0.89629340171814 -0.615614593029022 -0.435980409383774 -0.817077875137329 -1.01915597915649 -0.829854607582092 -0.532374739646912 -0.336839765310287 -0.384047240018845 -0.687451422214508 -0.922069132328033 -0.799462258815765 -0.671637713909149 -0.835267543792725 -0.594436347484589 -0.703656911849976 -0.513668656349182 -0.843754053115845 -0.515260398387909 -0.75534200668335 -0.779764354228973
-9999 -9999 -9999 -9999 -9999 -9999 -9999 -9999 -9999 -9999 -9999 -9999 -9999 -9999 -9999 -9999 -9999 -9999 -0.67311555147171 -0.22961314022541 -0.00191799958702177 -0.318664461374283 -0.531788945198059 -0.726355075836182 -0.280571788549423 -0.353639781475067 -0.153091594576836 -0.845497071743011 -0.884029865264893 -0.477469563484192 -0.453691303730011 -0.800491631031036 -0.820334434509277 -0.457472026348114 -0.357982784509659 -0.147888407111168 -0.243200615048409 -0.480266869068146 -1.10305511951447 -0.621526598930359 -0.48730593919754 -0.740775048732758 -0.460772484540939 -0.551373362541199 -1.07733952999115 -0.712442815303802 -0.589931309223175 -0.600850939750671 -0.525226891040802
-9999 -9999 -9999 -9999 -9999 -9999 -9999 -9999 -9999 -9999 -9999 -9999 -9999 -9999 -9999 -9999 -9999 -9999 -9999 -0.223092645406723 -0.208525493741035 -0.313739120960236 -0.467610001564026 -0.748473644256592 -0.751068770885468 -0.252283900976181 -0.478209376335144 -0.557359337806702 -0.39836323261261 -0.614152371883392 -0.614152371883392 -0.644261121749878 -1.0921825170517 -0.838315367698669 -0.581876456737518 -0.115867651998997 -0.315578669309616 -0.515977561473846 -0.586205184459686 -0.402793556451797 -0.22911562025547 -0.567845463752747 -0.538159608840942 -0.487630814313889 -0.858520865440369 -1.04828286170959 -0.589931309223175 -0.675837695598602 -0.571659922599792
-9999 -9999 -9999 -9999 -9999 -9999 -9999 -9999 -9999 -9999 -9999 -9999 -9999 -9999 -9999 -9999 -9999 -9999 -9999 -0.55636864900589 -0.540708124637604 -0.182701215147972 -0.5323406457901 -0.00641028024256229 -0.121369019150734 -0.457663834095001 -0.227682501077652 -0.347348749637604 -0.314324259757996 -0.322954267263412 -0.316980838775635 -0.602429032325745 -0.165801718831062 -0.449104517698288 -0.415949314832687 -0.48584908246994 -0.543612599372864 -0.403286457061768 -0.408149242401123 -0.238890662789345 -0.552368879318237 -0.398454517126083 -0.66041487455368 -0.349565863609314 -0.551593959331512 -0.656955480575562 -0.367516726255417 -0.556919038295746 -0.334233582019806
-9999 -9999 -9999 -9999 -9999 -9999 -9999 -9999 -9999 -9999 -9999 -9999 -9999 -9999 -9999 -9999 -9999 -9999 -9999 -9999 0.0981843397021294 -0.0355948396027088 0.0821873545646667 -0.426068216562271 -0.033522441983223 -0.425601214170456 -0.471208482980728 -0.18779830634594 -0.251406967639923 -0.146078526973724 -0.434923112392426 -0.12798248231411 -0.589915931224823 -0.400919944047928 -0.244145184755325 -0.243676200509071 -0.239507153630257 -0.472493529319763 -0.304075688123703 -0.255948722362518 -0.340015769004822 -0.267286121845245 -0.544430315494537 -0.713100492954254 -0.584036231040955 -0.691109418869019 -0.683027625083923 -0.572265446186066 -0.572265446186066
-9999 -9999 -9999 -9999 -9999 -9999 -9999 -9999 -9999 -9999 -9999 -9999 -9999 -9999 -9999 -9999 -9999 -9999 -9999 -9999 0.00923891551792622 0.221283614635468 0.301185995340347 0.276477217674255 0.0295763574540615 0.256488233804703 0.0540695935487747 -0.0283036362379789 0.115240573883057 -0.165908262133598 -0.0449787825345993 -0.0654346719384193 -0.0982576683163643 -0.145304575562477 -0.131931707262993 -0.484589338302612 -0.187429219484329 -0.0816509574651718 -0.502903699874878 -0.382464051246643 -0.144966751337051 -0.531804025173187 -0.66041487455368 -0.565106213092804 -0.784080803394318 -0.625611960887909 -0.457363218069077 -0.769023418426514 -1.09127187728882
