layers/pyrenees/area_1/pca2.asc
NCOLS 98 
NROWS 47 
XLLCORNER 1.40994920711321 
YLLCORNER 42.25542611 
CELLSIZE 0.00833333376415094 
NODATA_value -9999 
[rows 0 to 21 of 47, columns 49 to 97 of 98]
-9999 -9999 -9999 -9999 -9999 -9999 -9999 -9999 -9999 -9999 -9999 -9999 -9999 -9999 -9999 -9999 -9999 -9999 -9999 -9999 -9999 -9999 -9999 -9999 -9999 -9999 -9999 -9999 -9999 -9999 -9999 -9999 -9999 -9999 -9999 -9999 -9999 -9999 -9999 -9999 -9999 -9999 -9999 -9999 -9999 -9999 -9999 -9999 -9999
-9999 -9999 -9999 -9999 -9999 -9999 -9999 -9999 -9999 -9999 -9999 -9999 -9999 -9999 -9999 -9999 -9999 -9999 -9999 -9999 -9999 -9999 -9999 -9999 -9999 -9999 -9999 -9999 -9999 -9999 -9999 -9999 -9999 -9999 -0.0188049394637346 -0.321385741233826 -0.299041450023651 -0.63112735748291 -0.42914742231369 -9999 -9999 -9999 -9999 -9999 -9999 -9999 -9999 -9999 -9999
-9999 -9999 -9999 -9999 -9999 -9999 -9999 -9999 -9999 -9999 -9999 -9999 -9999 -9999 -9999 -9999 -9999 -9999 -9999 -9999 -9999 -9999 -9999 -9999 -9999 -9999 -0.422814905643463 -0.0128649147227407 -0.323155045509338 -0.347526490688324 -0.356355309486389 -0.251297205686569 -0.208829089999199 -0.549281299114227 -0.301038354635239 -0.454846143722534 -0.29465064406395 -0.65619957447052 -0.442357033491135 -0.31937038898468 -9999 -9999 -9999 -9999 -9999 -9999 -9999 -9999 -9999
-9999 -9999 -9999 -9999 -9999 -9999 -9999 -9999 -9999 -9999 -9999 -9999 -9999 -9999 -9999 -9999 -9999 -9999 0.104442954063416 -0.161611378192902 0.0092077050358057 -0.0980153307318687 -0.352928012609482 -0.26424840092659 -0.380074620246887 0.0356103181838989 -0.173072159290314 -0.0581549443304539 -0.135912582278252 -0.098663441836834 -0.0919978395104408 -0.196353614330292 -0.465063571929932 -0.454741269350052 -0.478006333112717 -0.482935309410095 -0.526074171066284 -0.568019568920135 -0.530780434608459 -0.421557664871216 -0.358834832906723 -9999 -9999 -9999 -9999 -9999 -9999 -9999 -9999
-9999 -9999 -9999 -9999 -9999 -9999 -9999 -9999 -9999 -9999 -9999 -0.241785436868668 -0.134014904499054 -0.0988909006118774 -0.174141749739647 -0.304153501987457 0.302493959665298 -0.140622690320015 -0.140030354261398 -0.169987291097641 0.239160552620888 0.0706292390823364 -0.245608240365982 -0.0601476058363914 -0.312990784645081 -0.395947217941284 -0.296153455972672 0.00334822665899992 -0.53283953666687 -0.424016743898392 -0.335912197828293 -0.2098428606987 -0.387294501066208 -0.320834100246429 -0.362507104873657 -0.545667886734009 -0.505831182003021 -0.489661604166031 -0.396325647830963 -0.196141451597214 -0.329360961914062 -9999 -9999 -9999 -9999 -9999 -9999 -9999 -9999
-9999 -9999 -9999 0.206351429224014 -0.0117124207317829 0.058385256677866 0.18051989376545 0.0919210836291313 -0.139876201748848 0.205306127667427 -0.102434121072292 -0.134014904499054 -0.113369181752205 0.0948057919740677 0.0197546612471342 -0.0554045289754868 -0.352030336856842 -0.173429921269417 -0.11321035772562 -0.32762223482132 -0.243242532014847 -0.119871765375137 -0.200660318136215 -0.28092035651207 -0.212689489126205 -0.128619804978371 -0.291341453790665 -0.199552595615387 -0.283827185630798 -0.202939569950104 -0.203732550144196 -0.387480407953262 -0.483502089977264 -0.409655749797821 -0.404180020093918 -0.527847707271576 -0.608254849910736 -0.60832804441452 -0.319467276334763 -0.310033410787582 -0.199195623397827 -0.360821187496185 -9999 -9999 -9999 -9999 -9999 -9999 -9999
0.277078151702881 0.151186153292656 0.191947743296623 -0.243709191679955 0.149801686406136 0.0927194505929947 -0.118403404951096 0.0109306313097477 0.0600483268499374 -0.120421573519707 -0.0260185301303864 0.060422956943512 -0.0999622642993927 -0.174641504883766 -0.10048919916153 -0.0792886540293694 -0.165759563446045 -0.0866071358323097 0.0177565403282642 -0.337324172258377 -0.348928660154343 -0.440715819597244 -0.00348814926110208 -0.478929221630096 -0.27649113535881 -0.249233692884445 -0.281721323728561 -0.340137153863907 -0.496989130973816 -0.423781633377075 -0.371419906616211 -0.0992744565010071 -0.256766647100449 -0.471857935190201 -0.361417829990387 -0.402641475200653 -0.517934739589691 -0.364489257335663 -0.603625535964966 -0.60602593421936 -0.612387537956238 -0.620893836021423 -0.644768714904785 -9999 -9999 -9999 -9999 -9999 -9999
-0.163955107331276 -0.1734569221735 0.157200515270233 -0.0106749087572098 0.0603184029459953 0.0179243534803391 -0.00411272561177611 0.283271163702011 -0.212491855025291 0.016740458086133 0.0390219688415527 -0.245110765099525 -0.257551401853561 -0.168419182300568 0.307347804307938 -0.225210458040237 0.166567027568817 -0.184591814875603 -0.152673274278641 -0.0842193886637688 0.0593674033880234 -0.145318910479546 -0.0422771908342838 -0.0941721946001053 -0.534246325492859 -0.248475521802902 -0.0538863725960255 -0.418895274400711 -0.245181709527969 -0.371419906616211 -0.298222303390503 -0.224254176020622 -0.504638314247131 -0.560182511806488 -0.556359469890594 -0.463141053915024 -0.473409742116928 -0.494493365287781 -0.538837552070618 -0.276659041643143 -0.269948154687881 -0.447730332612991 -0.578790545463562 -0.916863262653351 -9999 -9999 -9999 -9999 -9999
0.176089718937874 0.0366114862263203 0.0581756345927715 0.126200705766678 0.324428230524063 -0.0226685367524624 0.22651581466198 -0.120773129165173 -0.1528310328722 -0.216594681143761 -0.284514427185059 -0.031526230275631 0.0871030613780022 0.173182398080826 -0.00548109272494912 0.286563366651535 -0.0309176780283451 -0.389411896467209 -0.26142093539238 -0.249486431479454 -0.409624546766281 -0.214302763342857 -0.146101832389832 -0.0897272452712059 -0.373313367366791 -0.364022046327591 -0.422630131244659 -0.161237865686417 -0.466380298137665 -0.556899309158325 -0.519710779190063 -0.395308881998062 -0.55902886390686 -0.36864823102951 -0.359504163265228 -0.567241966724396 -0.591468751430511 -0.307259768247604 -0.395451545715332 -0.684149503707886 -0.342637300491333 -0.484021574258804 -0.575560450553894 -0.700939893722534 -0.83125102519989 -9999 -9999 -9999 -9999
0.158962368965149 0.259633511304855 0.184715673327446 0.149787977337837 0.001511508715339 -0.158603057265282 0.0948808416724205 -0.144073784351349 -0.330461204051971 0.0900284722447395 -0.167376205325127 -0.258916050195694 0.106546074151993 0.487012982368469 0.0205594226717949 -0.0829109251499176 -0.194176360964775 -0.291940927505493 -0.382928103208542 -0.121295116841793 -0.5030677318573 -0.25811830163002 -0.102921649813652 -0.451927185058594 -0.119013525545597 -0.389916956424713 -0.39034429192543 -0.0797607749700546 -0.626514434814453 -0.243456199765205 -0.424564719200134 -0.55902886390686 -0.586348950862885 -0.464344918727875 -0.431330502033234 -0.6499302983284 -0.567601561546326 -0.530118346214294 -0.723217606544495 -0.638990879058838 -0.648586571216583 -0.620335578918457 -0.750508606433868 -0.812501430511475 -0.893415808677673 -9999 -9999 -9999 -9999
0.0506382919847965 -0.00833397824317217 0.0641148835420609 0.125073328614235 0.228582948446274 -0.0165949258953333 -0.0423703528940678 -0.101162850856781 -0.305781990289688 -0.144205749034882 -0.00889610219746828 0.175976440310478 0.177803501486778 0.437969833612442 0.274766117334366 -0.369861572980881 -0.265084475278854 -0.236244887113571 -0.121295116841793 -0.38317659497261 -0.532254338264465 -0.16147156059742 -0.205647483468056 -0.213343322277069 -0.147518843412399 -0.208900049328804 -0.188514992594719 -0.346814215183258 -0.294484168291092 -0.434789419174194 -0.246096014976501 -0.543354868888855 -0.563028216362 -0.392837464809418 -0.563952505588531 -0.605802476406097 -0.56239777803421 -0.761498987674713 -0.65904700756073 -0.521187722682953 -0.381310492753983 -0.613879203796387 -0.601766526699066 -0.880464017391205 -0.694554507732391 -0.995345115661621 -9999 -9999 -9999
0.0671957358717918 0.217482328414917 -0.124511308968067 -0.195775598287582 0.103439889848232 -0.0920508280396461 -0.0702356770634651 0.109171837568283 0.0346513353288174 0.0483917854726315 -0.363789319992065 0.0488834716379642 -0.167158499360085 -0.259408950805664 -0.321037769317627 -0.188773572444916 -0.394204080104828 -0.38096895813942 -0.420938581228256 -0.489698469638824 -0.538051545619965 -0.184728711843491 -0.360418707132339 -0.17870782315731 -0.41474512219429 -0.427195072174072 -0.297906786203384 -0.575944006443024 -0.518919825553894 -0.500771462917328 -0.269548386335373 -0.502143859863281 -0.498156875371933 -0.587657570838928 -0.586494207382202 -0.279092192649841 -0.60699188709259 -0.680887162685394 -0.715191900730133 -0.777279615402222 -0.51374739408493 -0.551851511001587 -0.700829029083252 -0.679887235164642 -0.61751514673233 -0.908219397068024 -1.02949631214142 -9999 -9999
-0.0659528002142906 -0.0485159121453762 -0.0878767967224121 -0.0805705562233925 -0.0702356770634651 -0.282231062650681 -0.11748581379652 -0.000607687048614025 -0.194832980632782 0.00332920229993761 -0.0707438439130783 -0.000177171066752635 -0.0667911767959595 0.0574800074100494 -0.168141350150108 -0.295111536979675 -0.314206510782242 -0.413649797439575 0.0266204252839088 -0.0855740681290627 -0.511435270309448 -0.0136795891448855 -0.435174614191055 -0.283454447984695 -0.521779656410217 -0.461977511644363 -0.0763989612460136 -0.620574951171875 -0.554441630840302 -0.541600465774536 -0.166688799858093 -0.350775629281998 -0.37622594833374 -0.464670836925507 -0.633767247200012 -0.458204478025436 -0.50926947593689 -0.751460909843445 -0.699711501598358 -0.391531139612198 -0.804252684116364 -0.991435110569 -0.615711390972137 -0.819919049739838 -0.946277976036072 -0.651303589344025 -0.949294865131378 -0.937376916408539 -9999
-0.234952539205551 -0.050798062235117 -0.124717175960541 -0.298000305891037 -0.279249727725983 0.13447193801403 -0.195581033825874 -0.0891918763518333 0.176501721143723 0.0707480534911156 0.109068468213081 0.0962444394826889 -0.370847404003143 -0.172670394182205 -0.20603646337986 -0.302401661872864 -0.464819222688675 -0.0311078317463398 -0.306736141443253 -0.339111149311066 -0.3481804728508 -0.483732134103775 -0.400526076555252 -0.28546068072319 -0.385238975286484 -0.478253036737442 -0.386244177818298 -0.606627106666565 -0.236006215214729 -0.469403684139252 -0.696662187576294 -0.715792834758759 -0.284179002046585 -0.284179002046585 -0.727054536342621 -0.744545876979828 -0.502222895622253 -0.507788360118866 -0.407906740903854 -0.685176074504852 -0.855986833572388 -0.901723146438599 -0.462492674589157 -0.667921602725983 -0.793356955051422 -0.547356307506561 -0.851459443569183 -0.895305156707764 -9999
-0.273246437311172 -0.088234968483448 0.111604742705822 -0.15259076654911 -0.0518619529902935 0.186033919453621 0.152523458003998 0.041779600083828 -0.124356172978878 -0.138638213276863 -0.133450955152512 -0.168141350150108 -0.185642421245575 -0.443755090236664 -0.0740907192230225 -0.189991101622581 -0.260610669851303 -0.472882479429245 -0.514567792415619 -0.381800502538681 -0.299892127513885 -0.626156330108643 -0.717162847518921 -0.260485023260117 -0.497519791126251 -0.585447072982788 -0.416973829269409 -0.499161571264267 -0.556354165077209 -0.674749672412872 -0.397279262542725 -0.545126259326935 -0.544633388519287 -0.284179002046585 -0.499159783124924 -0.384100615978241 -0.529199957847595 -0.565379500389099 -0.787517666816711 -0.679896175861359 -0.708739757537842 -0.79056042432785 -0.718943178653717 -0.839854121208191 -0.780521810054779 -0.846967160701752 -0.944712519645691 -1.15275299549103 -1.14237225055695
-0.316069364547729 -0.218783885240555 -0.167187914252281 -0.30803245306015 -0.208537578582764 -0.0586282014846802 -0.154089361429214 -0.162791505455971 -0.218691095709801 -0.162032142281532 -0.40354311466217 -0.185642421245575 -0.391972422599792 -0.361191689968109 -0.497292727231979 -0.357694387435913 -0.397945284843445 -0.395882368087769 -0.383892357349396 -0.329949378967285 -0.247933760285378 -0.304686427116394 -0.320348292589188 -0.366834610700607 -0.520571887493134 -0.431741684675217 -0.57051283121109 -0.556354165077209 -0.525916218757629 -0.379142135381699 -0.65689605474472 -0.581132829189301 -0.637050211429596 -0.60147750377655 -0.588297843933105 -0.580660402774811 -0.70943683385849 -0.585508346557617 -0.531740009784698 -0.979511320590973 -0.932667553424835 -0.870376467704773 -0.812887609004974 -0.838667571544647 -1.14753496646881 -1.20594561100006 -1.54815721511841 -1.41764616966248 -1.59253585338593
-0.113313011825085 -0.342321485280991 -0.323709815740585 0.199863091111183 -0.0431655719876289 -0.222354620695114 -0.285263210535049 -0.17409048974514 -0.294685542583466 0.0732484683394432 0.00687834247946739 -0.228694051504135 -0.0813863947987556 -0.120590962469578 -0.22748875617981 -0.476637989282608 -0.305512934923172 -0.450050413608551 -0.542171895503998 -0.303407162427902 -0.300275683403015 -0.474114090204239 -0.537679731845856 -0.421251237392426 -0.567931473255157 -0.425082921981812 -0.547025740146637 -0.59015679359436 -0.387383997440338 -0.669671177864075 -0.433489710092545 -0.467348515987396 -0.558325529098511 -0.561833500862122 -0.651679992675781 -0.673443555831909 -0.676937401294708 -0.689470767974854 -0.740076959133148 -0.609169065952301 -0.696735620498657 -0.793485224246979 -1.02386045455933 -1.17498373985291 -1.34982335567474 -1.59476900100708 -1.32074558734894 -1.28880345821381 -1.23742032051086
0.191334664821625 -0.16630294919014 -0.337790548801422 -0.453734785318375 -0.34404069185257 -0.191626638174057 -0.193239569664001 -0.112235046923161 -0.166045174002647 -0.33003705739975 -0.249768391251564 -0.416820406913757 -0.310889571905136 -0.461736023426056 -0.231781512498856 -0.321348965167999 -0.338397324085236 -0.365507751703262 -0.396752953529358 -0.341091513633728 -0.656872928142548 -0.33790585398674 -0.591636002063751 -0.484946727752686 -0.42154449224472 -0.469624787569046 -0.819315016269684 -0.415704876184464 -0.554326117038727 -0.615132749080658 -0.571512222290039 -0.571019291877747 -0.608305513858795 -0.685766041278839 -0.847843825817108 -0.892573535442352 -0.978891551494598 -0.74516099691391 -1.22412919998169 -1.16946947574615 -1.18462073802948 -1.21708977222443 -1.35972809791565 -1.34992122650146 -1.20928978919983 -0.986930370330811 -1.13520503044128 -0.831855297088623 -0.915887176990509
-0.190757527947426 -0.304363310337067 -0.320708692073822 -0.581199765205383 -0.485854357481003 -0.429966539144516 -0.231679320335388 0.0274210032075644 -0.377155929803848 -0.0445065088570118 -0.40143945813179 -0.459292262792587 -0.489298284053802 -0.342090547084808 -0.37476459145546 -0.493895649909973 -0.602348923683167 -0.686687052249908 -0.481397807598114 -0.492649495601654 -0.404028713703156 -0.567909955978394 -0.460234403610229 -0.551842451095581 -0.684093177318573 -0.755293488502502 -0.50771951675415 -0.59122234582901 -0.813023805618286 -0.814960420131683 -0.647991120815277 -0.701820075511932 -0.664761245250702 -0.670598983764648 -0.685510516166687 -0.865199208259583 -0.773895680904388 -0.909911155700684 -1.01115763187408 -1.01515710353851 -0.962072908878326 -0.937353432178497 -1.14615368843079 -0.993435442447662 -1.00003743171692 -0.872749447822571 -0.724537372589111 -1.1194931268692 -9999
-0.11796298623085 -0.202432289719582 0.0523097813129425 -0.387747675180435 -0.652272164821625 -0.487869918346405 -0.103709265589714 -0.0602240636944771 -0.193823590874672 -0.346767783164978 -0.437262564897537 -0.325112849473953 -0.30004420876503 -0.558576703071594 -0.672713935375214 -0.691536128520966 -0.748627364635468 -0.971060693264008 -0.792055070400238 -0.661414802074432 -0.678441286087036 -0.75120210647583 -0.67152327299118 -0.718583166599274 -0.851426362991333 -0.747320950031281 -0.664167463779449 -0.836313962936401 -0.848865211009979 -0.771573007106781 -0.731046736240387 -0.815521836280823 -0.72052401304245 -0.620887041091919 -0.577890515327454 -0.666885316371918 -0.706848204135895 -0.727871835231781 -0.78606641292572 -0.618642628192902 -1.13265514373779 -0.791303932666779 -1.04362905025482 -1.13930296897888 -1.27833950519562 -0.909089148044586 -0.671918153762817 -0.638376533985138 -9999
0.0960229858756065 0.0771960914134979 -0.358360350131989 -0.171631008386612 -0.537349343299866 -0.555756628513336 -0.695500612258911 -0.55183619260788 -0.342978209257126 -0.29792919754982 -0.57695746421814 -0.560671150684357 -0.405337810516357 -0.456785172224045 -0.61838573217392 -0.942773401737213 -0.974881827831268 -1.01740300655365 -0.940328419208527 -0.949295878410339 -1.05476033687592 -0.659187078475952 -0.713852643966675 -0.882477343082428 -0.724413633346558 -0.75505405664444 -0.701107084751129 -0.856371104717255 -0.734775185585022 -0.755898475646973 -0.883696615695953 -0.641750574111938 -0.600109040737152 -0.679805755615234 -0.950156152248383 -0.576994717121124 -0.811420500278473 -1.02463328838348 -0.899810612201691 -0.946097433567047 -0.788215637207031 -0.840976476669312 -0.79728901386261 -0.829741537570953 -1.03085267543793 -0.763509154319763 -1.00176680088043 -9999 -9999
-0.0607545636594296 -0.183429896831512 -0.261671662330627 -0.240720197558403 -0.510850727558136 -0.746753394603729 -0.54360032081604 -0.540163040161133 -0.781068086624146 -0.762400686740875 -0.762400686740875 -0.770135462284088 -0.813542902469635 -0.714471638202667 -0.800976812839508 -1.02028357982635 -1.10896527767181 -1.00629198551178 -1.15284049510956 -0.72017902135849 -1.14874124526978 -1.18297028541565 -1.10069942474365 -1.1015510559082 -0.924504578113556 -0.809260725975037 -0.861002385616302 -0.729149401187897 -0.891864955425262 -0.670216083526611 -0.612057745456696 -0.824635803699493 -0.877205371856689 -1.05606770515442 -0.806490302085876 -0.649433255195618 -0.79340273141861 -0.596572875976562 -0.91241729259491 -0.810214102268219 -1.01956379413605 -0.928349316120148 -1.0128321647644 -1.09404039382935 -0.842797100543976 -0.816540420055389 -9999 -9999 -9999
