layers/pyrenees/area_1/pca2.asc
NCOLS 98 
NROWS 47 
XLLCORNER 1.40994920711321 
YLLCORNER 42.25542611 
CELLSIZE 0.00833333376415094 
NODATA_value -9999 
[rows 22 to 43 of 47, columns 49 to 97 of 98]
-0.0827510356903076 0.0255889128893614 -0.334854453802109 -0.417914509773254 -0.233937084674835 -0.239437207579613 -0.503589808940887 -0.716004312038422 -1.19849526882172 -0.823963642120361 -1.0288417339325 -0.923876523971558 -0.981841087341309 -0.726780116558075 -0.879029333591461 -0.903638899326324 -0.812568604946136 -0.844695091247559 -1.33821380138397 -0.857194602489471 -1.29616475105286 -1.3274792432785 -1.10519170761108 -1.1027467250824 -0.985984981060028 -1.01965951919556 -1.02288556098938 -0.987358927726746 -0.868384063243866 -0.876695930957794 -0.741521000862122 -0.701791644096375 -0.741453230381012 -0.802486479282379 -0.5917649269104 -0.77110344171524 -0.747969567775726 -0.591121971607208 -0.286162108182907 -0.54614645242691 -0.797652006149292 -0.460376590490341 -0.90589851140976 -1.01202583312988 -1.12103664875031 -9999 -9999 -9999 -9999
-0.179202675819397 -0.214407026767731 -0.243737667798996 -0.285501152276993 -0.409653693437576 -0.361420571804047 -0.474618375301361 -0.477594166994095 -0.931834757328033 -1.0886390209198 -1.24321889877319 -0.839785397052765 -0.807367503643036 -0.904131829738617 -1.21695220470428 -0.849117398262024 -1.38248670101166 -1.39294612407684 -1.38667047023773 -0.876021504402161 -1.34396064281464 -1.07534551620483 -1.1027467250824 -1.0780645608902 -1.24516522884369 -1.34648454189301 -1.14883244037628 -1.05616509914398 -1.13829326629639 -0.903231859207153 -0.978728890419006 -0.929252862930298 -0.731764435768127 -0.761388540267944 -0.632758736610413 -0.651690721511841 -0.598940014839172 -0.574286162853241 -0.325642347335815 -0.86052018404007 -0.299756616353989 -0.987145781517029 -0.798163056373596 -0.612990021705627 -0.980132579803467 -9999 -9999 -9999 -9999
-0.114718720316887 -0.146989598870277 -0.221450373530388 -0.250534355640411 -0.341096758842468 -0.504328668117523 -0.701167523860931 -0.855192959308624 -1.02364492416382 -0.719855904579163 -0.892919600009918 -0.93903911113739 -0.87202250957489 -0.816357254981995 -1.3176132440567 -0.888273179531097 -0.984723389148712 -0.89875990152359 -1.2423894405365 -1.33464956283569 -1.19940853118896 -1.16235363483429 -1.17905819416046 -1.32129681110382 -1.14543080329895 -0.977865278720856 -1.02064824104309 -0.891872107982635 -0.893946647644043 -0.870473980903625 -0.825558662414551 -1.13831377029419 -0.813203632831573 -0.786865234375 -0.747969567775726 -0.608515977859497 -0.614048600196838 -0.484663814306259 -0.417134940624237 -0.603051066398621 -0.50260716676712 -0.910932898521423 -0.969947040081024 -0.608801126480103 -9999 -9999 -9999 -9999 -9999
-0.392665058374405 -0.53587806224823 -0.880686163902283 -0.535895168781281 -0.504328668117523 -0.728020548820496 -0.938681066036224 -1.02294445037842 -1.18090450763702 -1.18539679050446 -0.915641248226166 -0.89784574508667 -0.945674002170563 -1.30247449874878 -0.917511582374573 -1.11994707584381 -1.10091376304626 -1.27066254615784 -1.35546946525574 -1.37797749042511 -1.16610336303711 -1.16584706306458 -1.33424091339111 -1.03290712833405 -0.975312411785126 -1.17351615428925 -1.00655961036682 -0.876447379589081 -0.629316508769989 -0.910259187221527 -0.749309122562408 -1.12505793571472 -0.651288211345673 -1.02272856235504 -0.284656047821045 -0.542721271514893 -0.768934488296509 -0.710765898227692 -0.0732348635792732 -0.33212473988533 -0.568246364593506 -0.875515878200531 -0.708893954753876 -9999 -9999 -9999 -9999 -9999 -9999
-0.592305541038513 -0.594926118850708 -0.785792648792267 -0.712601602077484 -0.763108372688293 -0.939497649669647 -1.18128085136414 -0.769397616386414 -0.778808414936066 -1.12533473968506 -0.961465418338776 -1.10098791122437 -1.08425295352936 -1.07847535610199 -1.15895318984985 -1.44921791553497 -1.58024120330811 -1.38846015930176 -1.35181999206543 -1.33018696308136 -1.22419130802155 -1.26147866249084 -1.21074891090393 -1.07123613357544 -0.835159003734589 -0.823476314544678 -0.767733693122864 -0.877834618091583 -0.688771367073059 -0.799593687057495 -1.02540624141693 -0.774815142154694 -0.934158205986023 -1.07563710212708 -0.915341734886169 -0.830489099025726 -0.44796085357666 -0.568792641162872 -0.663763999938965 -0.403542160987854 -0.552770972251892 -0.22944837808609 -9999 -9999 -9999 -9999 -9999 -9999 -9999
-0.72732812166214 -0.541783213615417 -0.939153850078583 -0.99507075548172 -0.717910945415497 -0.990281343460083 -1.05730974674225 -1.08607292175293 -1.21405208110809 -1.07135367393494 -1.1530590057373 -1.45747399330139 -1.46614360809326 -1.16332769393921 -1.16251051425934 -1.13796365261078 -1.32728064060211 -1.38419842720032 -1.43356609344482 -1.29116642475128 -1.27445948123932 -1.06074094772339 -1.01861941814423 -0.789703488349915 -1.05862760543823 -0.940074384212494 -0.749309122562408 -1.01836037635803 -0.871665179729462 -0.759575486183167 -0.717876613140106 -0.651356875896454 -0.793160319328308 -0.896959125995636 -1.01123571395874 -0.932166695594788 -0.701551556587219 -0.429582685232162 -0.571181118488312 -0.310342490673065 -0.427755087614059 -9999 -9999 -9999 -9999 -9999 -9999 -9999 -9999
-0.919071793556213 -0.773247122764587 -0.951442301273346 -1.06036198139191 -1.36175262928009 -1.10526418685913 -1.18662202358246 -1.16539561748505 -1.62168192863464 -1.19249820709229 -1.60792684555054 -1.33997106552124 -1.54595983028412 -1.4991283416748 -1.42541587352753 -1.14565467834473 -1.54751193523407 -1.34902822971344 -1.36872243881226 -1.36248624324799 -1.40237677097321 -1.08953547477722 -0.746340692043304 -0.908802092075348 -0.866472184658051 -0.682435929775238 -0.795382440090179 -0.727600514888763 -0.951745390892029 -0.733585000038147 -0.711750268936157 -0.772283375263214 -0.767984986305237 -0.58752566576004 -0.768776059150696 -0.771071553230286 -0.603718817234039 -0.309946745634079 -0.279446691274643 -0.520553350448608 -9999 -9999 -9999 -9999 -9999 -9999 -9999 -9999 -9999
-1.02706825733185 -0.973299026489258 -0.983321905136108 -1.11203348636627 -1.21259570121765 -1.46369504928589 -1.2320990562439 -1.25670862197876 -1.53320693969727 -1.61823785305023 -1.67432177066803 -1.65936613082886 -1.61659049987793 -1.63332557678223 -1.1393027305603 -1.602370262146 -1.36618089675903 -1.40096414089203 -1.30913841724396 -1.21437692642212 -1.02258849143982 -0.936017394065857 -0.916319370269775 -0.866439878940582 -0.579661190509796 -0.81967556476593 -0.649631679058075 -0.915012657642365 -0.920347511768341 -0.810171902179718 -0.79660302400589 -0.642317891120911 -0.648107707500458 -0.521169424057007 -0.522156894207001 -0.476008474826813 -0.265882283449173 -0.567727863788605 -0.858550548553467 -0.995047271251678 -9999 -9999 -9999 -9999 -9999 -9999 -9999 -9999 -9999
-1.39162051677704 -1.54742872714996 -1.20140612125397 -1.42555820941925 -1.44954812526703 -1.40010273456573 -1.65757524967194 -1.24415743350983 -1.71637547016144 -1.40124952793121 -1.42399311065674 -1.67775905132294 -1.52718365192413 -1.24664986133575 -1.18511950969696 -1.18330132961273 -1.14234173297882 -1.02300322055817 -1.13087677955627 -1.0596559047699 -0.887629628181458 -1.00647854804993 -0.752433896064758 -1.14921832084656 -0.864260911941528 -1.02543115615845 -0.853088021278381 -0.7354616522789 -0.667908549308777 -0.727667450904846 -1.05946171283722 -0.733778953552246 -0.808769583702087 -0.571631491184235 -0.29563844203949 -0.30545100569725 -0.277223169803619 -0.396487355232239 -0.663457155227661 -9999 -9999 -9999 -9999 -9999 -9999 -9999 -9999 -9999 -9999
-1.11169016361237 -1.3895229101181 -1.52618265151978 -1.63386690616608 -1.36497700214386 -1.63872909545898 -1.45622444152832 -1.46531677246094 -1.36054563522339 -1.31897532939911 -1.53685092926025 -1.35014116764069 -1.35764837265015 -1.14399218559265 -1.04146230220795 -0.969683647155762 -0.777195334434509 -0.858313024044037 -0.766075789928436 -0.888964235782623 -0.648810565471649 -0.698098301887512 -1.02777004241943 -1.03195381164551 -0.900154709815979 -0.788421928882599 -0.999666750431061 -1.12481844425201 -1.04229044914246 -0.536655843257904 -0.735986173152924 -0.817399322986603 -0.961957097053528 -0.794615149497986 -0.184986442327499 -0.155356213450432 -0.202973261475563 -0.202973261475563 -9999 -9999 -9999 -9999 -9999 -9999 -9999 -9999 -9999 -9999 -9999
-1.4063972234726 -1.41790521144867 -1.42916309833527 -1.65132534503937 -1.34510183334351 -1.70848178863525 -1.63809418678284 -1.62094593048096 -1.57975256443024 -1.11512231826782 -1.26796090602875 -1.06008410453796 -0.96374523639679 -0.679650723934174 -0.736947238445282 -0.729446768760681 -0.635277688503265 -0.634265959262848 -0.952731549739838 -0.904015719890594 -0.577172935009003 -0.700477123260498 -0.861892521381378 -0.993645787239075 -0.758353531360626 -0.871498942375183 -1.22856903076172 -0.669854283332825 -0.751394629478455 -0.572261989116669 -0.801819026470184 -0.31011638045311 -0.476008474826813 -0.518465936183929 -0.518465936183929 -0.152178138494492 -0.231869906187057 -9999 -9999 -9999 -9999 -9999 -9999 -9999 -9999 -9999 -9999 -9999 -9999
-1.34052681922913 -1.64928615093231 -1.62693703174591 -1.71103096008301 -1.29294967651367 -1.61791038513184 -1.60326731204987 -1.18572998046875 -1.17756760120392 -1.48023760318756 -1.3274427652359 -0.979134142398834 -0.639561712741852 -0.850379347801208 -0.638448238372803 -0.599860429763794 -0.628651261329651 -0.600059747695923 -0.805154323577881 -0.972742259502411 -0.94367927312851 -0.681423366069794 -0.766932368278503 -0.794540584087372 -1.05046808719635 -0.703295111656189 -0.774033546447754 -0.721249103546143 -0.900893449783325 -0.733820259571075 -0.579703152179718 -0.287560403347015 -0.599981307983398 -0.656808078289032 -0.600252747535706 -0.714624047279358 -9999 -9999 -9999 -9999 -9999 -9999 -9999 -9999 -9999 -9999 -9999 -9999 -9999
-1.63256359100342 -1.59808373451233 -1.65919315814972 -1.63540267944336 -1.59311401844025 -1.09049832820892 -1.30588483810425 -1.23357737064362 -0.956531643867493 -1.30484712123871 -1.23383343219757 -1.40792989730835 -1.01000332832336 -0.683675944805145 -0.924708425998688 -0.536550104618073 -0.71326756477356 -0.813494443893433 -0.875318169593811 -1.05448198318481 -0.676924526691437 -0.678245186805725 -0.980644464492798 -1.01301884651184 -0.894047796726227 -0.870334386825562 -0.891265273094177 -0.88525927066803 -0.808988988399506 -0.471317172050476 -0.376429736614227 -0.476977348327637 -0.742491245269775 -0.744865596294403 -0.586833775043488 -9999 -9999 -9999 -9999 -9999 -9999 -9999 -9999 -9999 -9999 -9999 -9999 -9999 -9999
-0.888667821884155 -1.40478146076202 -1.34897863864899 -1.24456083774567 -1.28576564788818 -1.28070306777954 -1.07008028030396 -0.632901608943939 -0.725118398666382 -0.705862522125244 -0.868031561374664 -0.816056311130524 -1.3862099647522 -1.19169294834137 -0.675720512866974 -0.805928349494934 -1.05729556083679 -0.900815844535828 -0.9343421459198 -0.834179878234863 -0.869321048259735 -0.992393672466278 -1.05195951461792 -0.663042306900024 -0.572431445121765 -0.851198971271515 -0.789971232414246 -0.829971671104431 -0.72805792093277 -0.755206167697906 -0.923097431659698 -0.922394096851349 -0.729141414165497 -0.781559467315674 -9999 -9999 -9999 -9999 -9999 -9999 -9999 -9999 -9999 -9999 -9999 -9999 -9999 -9999 -9999
-1.23893249034882 -1.52943849563599 -1.33224368095398 -1.2875953912735 -1.28946805000305 -1.08254337310791 -0.843255043029785 -0.457642495632172 -0.906640410423279 -0.492144972085953 -0.487367272377014 -0.468429684638977 -0.686033725738525 -0.970106244087219 -1.06983423233032 -1.03074204921722 -1.039883852005 -1.17377936840057 -0.985990881919861 -1.04495322704315 -1.07553195953369 -0.930399894714355 -0.757472217082977 -0.724912583827972 -0.783605515956879 -0.958383560180664 -0.826722621917725 -0.672465085983276 -0.721940040588379 -1.13690185546875 -1.17425036430359 -1.17696821689606 -9999 -9999 -9999 -9999 -9999 -9999 -9999 -9999 -9999 -9999 -9999 -9999 -9999 -9999 -9999 -9999 -9999
-0.869499862194061 -1.05308938026428 -1.19239640235901 -1.36121201515198 -1.01657164096832 -0.94244247674942 -0.77593195438385 -0.842290282249451 -0.694925606250763 -0.502647995948792 -0.713571727275848 -0.628397822380066 -0.708109855651855 -0.772590100765228 -0.757292032241821 -0.768926560878754 -0.842741370201111 -0.902907729148865 -1.04826486110687 -0.883106529712677 -0.778430581092834 -0.924389779567719 -0.981548488140106 -1.12171065807343 -1.01912724971771 -0.962796628475189 -1.34225845336914 -1.14091634750366 -1.05843579769135 -1.41339516639709 -1.07003223896027 -9999 -9999 -9999 -9999 -9999 -9999 -9999 -9999 -9999 -9999 -9999 -9999 -9999 -9999 -9999 -9999 -9999 -9999
-0.810277879238129 -0.840235531330109 -1.01822626590729 -0.941640317440033 -0.763618052005768 -0.565034091472626 -0.687122344970703 -0.497908145189285 -0.665050685405731 -0.676071584224701 -0.610169589519501 -0.847619295120239 -0.771088659763336 -0.949133634567261 -0.837612926959991 -0.826436042785645 -0.64702844619751 -0.874801576137543 -0.873907148838043 -0.888920068740845 -0.897986710071564 -0.989234983921051 -0.855550050735474 -1.36375045776367 -0.819170475006104 -1.00340628623962 -1.14283335208893 -1.22301232814789 -1.25603365898132 -9999 -9999 -9999 -9999 -9999 -9999 -9999 -9999 -9999 -9999 -9999 -9999 -9999 -9999 -9999 -9999 -9999 -9999 -9999 -9999
-0.920190632343292 -0.892503321170807 -0.622920095920563 -0.776696026325226 -0.757486581802368 -0.856724083423615 -0.782308638095856 -0.715504169464111 -0.303882002830505 -0.560084402561188 -0.576298892498016 -0.803709864616394 -0.679967284202576 -0.811074435710907 -0.572007715702057 -0.913523197174072 -0.873907148838043 -0.930399894714355 -0.850077867507935 -1.09057140350342 -1.16818821430206 -0.848261296749115 -1.0872198343277 -1.14283335208893 -1.26330626010895 -1.46082890033722 -1.3913733959198 -1.51188015937805 -9999 -9999 -9999 -9999 -9999 -9999 -9999 -9999 -9999 -9999 -9999 -9999 -9999 -9999 -9999 -9999 -9999 -9999 -9999 -9999 -9999
-0.628767967224121 -0.805426597595215 -0.567439019680023 -0.750708937644958 -0.436095744371414 -0.464129596948624 -0.552611589431763 -0.458797872066498 -0.511621832847595 -0.506499826908112 -0.693555355072021 -0.751646101474762 -0.702708661556244 -0.90502804517746 -0.722679495811462 -0.767188310623169 -0.857142686843872 -0.79070657491684 -0.971868872642517 -0.970655620098114 -0.90365606546402 -1.00077641010284 -1.17427313327789 -1.09137403964996 -1.05330228805542 -1.38616263866425 -1.00475919246674 -9999 -9999 -9999 -9999 -9999 -9999 -9999 -9999 -9999 -9999 -9999 -9999 -9999 -9999 -9999 -9999 -9999 -9999 -9999 -9999 -9999 -9999
-0.567439019680023 -0.627928197383881 -0.435898274183273 -0.498827517032623 -0.472317576408386 -0.501588702201843 -0.874504327774048 -0.780120849609375 -0.73095965385437 -0.85098135471344 -0.710796236991882 -0.66659414768219 -0.633542835712433 -0.481984615325928 -0.617682814598083 -0.837364256381989 -0.598436594009399 -1.06958258152008 -1.03918027877808 -1.02662897109985 -1.09463059902191 -0.969738304615021 -0.926946938037872 -1.01512694358826 -1.04284286499023 -9999 -9999 -9999 -9999 -9999 -9999 -9999 -9999 -9999 -9999 -9999 -9999 -9999 -9999 -9999 -9999 -9999 -9999 -9999 -9999 -9999 -9999 -9999 -9999
-0.771838068962097 -0.601903080940247 -0.972961008548737 -0.968404769897461 -1.01183116436005 -1.38067936897278 -1.43204343318939 -0.92492687702179 -1.14086508750916 -0.837359130382538 -0.873907148838043 -0.707280218601227 -0.88598245382309 -0.789898157119751 -0.697096884250641 -0.592303276062012 -0.915350794792175 -0.937794089317322 -0.99370151758194 -0.938287019729614 -1.07159101963043 -1.18027877807617 -9999 -9999 -9999 -9999 -9999 -9999 -9999 -9999 -9999 -9999 -9999 -9999 -9999 -9999 -9999 -9999 -9999 -9999 -9999 -9999 -9999 -9999 -9999 -9999 -9999 -9999 -9999
-1.23327922821045 -0.846606850624084 -1.61540722846985 -1.94455409049988 -1.94429862499237 -1.80615270137787 -1.2282212972641 -1.09845721721649 -0.823119163513184 -0.643003165721893 -0.742636561393738 -0.813987731933594 -0.83413428068161 -0.850209772586823 -1.11828601360321 -0.93770158290863 -0.790962278842926 -9999 -9999 -9999 -9999 -9999 -9999 -9999 -9999 -9999 -9999 -9999 -9999 -9999 -9999 -9999 -9999 -9999 -9999 -9999 -9999 -9999 -9999 -9999 -9999 -9999 -9999 -9999 -9999 -9999 -9999 -9999 -9999
