layers/pyrenees/area_1/pca3.asc
NCOLS 98 
NROWS 47 
XLLCORNER 1.40994920711321 
YLLCORNER 42.25542611 
CELLSIZE 0.00833333376415094 
NODATA_value -9999 
[rows 22 to 43 of 47, columns 0 to 48 of 98]
-9999 -9999 -9999 -9999 -9999 -9999 -9999 -9999 -9999 -9999 -9999 -9999 -9999 -9999 -9999 -9999 -9999 -9999 -9999 -9999 -9999 1.11276185512543 0.814069092273712 1.18023538589478 1.26168322563171 1.44582295417786 1.20659995079041 1.40266668796539 1.26214969158173 1.73885309696198 1.61327266693115 0.837368845939636 0.580310225486755 0.328486055135727 -0.321821272373199 0.081597313284874 0.417078346014023 0.60718959569931 1.74692273139954 0.725644886493683 0.150664910674095 -0.0285259857773781 -0.213063955307007 0.0956283882260323 0.0734608620405197 -0.0674133449792862 0.117370337247849 0.0903719663619995 0.0523506104946136
-9999 -9999 -9999 -9999 -9999 -9999 -9999 -9999 -9999 -9999 -9999 -9999 -9999 -9999 -9999 -9999 -9999 -9999 0.90056973695755 1.54010581970215 1.04118990898132 0.793146550655365 0.52351039648056 0.553515791893005 0.799273729324341 0.699722111225128 0.797194182872772 0.468626379966736 0.835120379924774 0.710347652435303 0.412471145391464 0.574092030525208 0.406085222959518 0.0963342785835266 -0.19505687057972 0.0760816037654877 0.338001281023026 1.21825170516968 1.50910568237305 0.698938071727753 0.0993719473481178 -0.00857125874608755 -0.266101628541946 -0.471597343683243 -0.242848187685013 -0.565644562244415 -0.129809364676476 0.0353479571640491 0.112157307565212
-9999 -9999 -9999 -9999 -9999 -9999 -9999 -9999 -9999 -9999 -9999 -9999 -9999 -9999 -9999 -9999 -9999 -9999 0.865419566631317 0.371037423610687 1.20835161209106 0.900629758834839 0.886757493019104 0.296753764152527 0.0848076790571213 0.203167736530304 0.330371081829071 -0.030638612806797 0.33689546585083 0.398092091083527 0.335379898548126 0.352999567985535 0.21613173186779 0.0547559037804604 -0.091236412525177 -0.311956524848938 0.11438475549221 0.687710165977478 1.30463695526123 0.646723747253418 0.214235454797745 0.0316379480063915 -0.371121466159821 -0.0155005874112248 -0.121137119829655 -0.163708120584488 -0.326614052057266 -0.126355722546577 -0.213925719261169
-9999 -9999 -9999 -9999 -9999 -9999 -9999 -9999 -9999 -9999 -9999 -9999 0.140283510088921 0.0908927246928215 0.202916964888573 0.303165227174759 0.203155934810638 0.639591157436371 0.692862570285797 0.239873170852661 0.492922931909561 0.440231680870056 0.839632511138916 0.607947587966919 0.379381835460663 0.268876016139984 0.275194823741913 0.106017559766769 0.0525830909609795 0.0873016864061356 0.0865545272827148 0.0268867406994104 0.0345353074371815 -0.0602612942457199 -0.28776428103447 -0.244059383869171 0.142817363142967 0.434606164693832 0.636167168617249 0.487933248281479 0.36983847618103 -0.0558602064847946 -0.193543553352356 -0.328097224235535 -0.513594567775726 0.130366250872612 -0.201013594865799 -0.270881474018097 -0.0169063676148653
-9999 -9999 -9999 -9999 -9999 -9999 -9999 -9999 -9999 -9999 -9999 -9999 0.00370533601380885 -0.0950755774974823 0.253949791193008 -0.0515348538756371 0.197572827339172 0.219712972640991 0.172767743468285 0.316296815872192 0.235370054841042 0.353142857551575 0.673799157142639 0.57563978433609 0.0805047750473022 0.19479513168335 -0.0350025519728661 -0.181283220648766 -0.0195362027734518 0.20053043961525 -0.0765363052487373 -0.035282664000988 -0.0832007303833961 -0.350067466497421 -0.243908926844597 -0.123938590288162 -0.14749713242054 -0.0108269192278385 0.329348593950272 0.402041852474213 0.302341789007187 -0.113209053874016 -0.269319295883179 -0.316912055015564 -0.136574223637581 -0.189180836081505 -0.0416475608944893 -0.566968441009521 -0.42972993850708
-9999 -9999 -9999 -9999 -9999 -9999 -9999 -9999 -9999 -9999 -9999 -9999 -9999 -0.0865811556577682 0.0660634636878967 0.126620039343834 0.160667136311531 0.0679930746555328 0.237960487604141 -0.186916545033455 0.061328649520874 0.316323071718216 0.23182986676693 0.521359980106354 0.107480332255363 0.102610990405083 -0.157744139432907 -0.323133289813995 -0.126545816659927 -0.287100732326508 -0.148964673280716 0.116873517632484 -0.0728264525532722 -0.208865359425545 -0.0843479707837105 -0.0496231876313686 -0.2195865213871 -0.0816638320684433 0.098590187728405 0.172881469130516 -0.0493560396134853 -0.1349026709795 -0.311796337366104 -0.438112705945969 -0.370408415794373 0.0370461717247963 0.358297109603882 -0.253453254699707 -0.125331461429596
-9999 -9999 -9999 -9999 -9999 -9999 -9999 -9999 -9999 -9999 -9999 -9999 -9999 -0.0542887821793556 0.366604685783386 -0.107565872371197 0.227107867598534 -0.0584104098379612 -0.050581656396389 0.0384503453969955 0.145009100437164 0.355123102664948 0.201573148369789 0.356978982686996 0.0332536362111568 0.172045364975929 -0.209132105112076 -0.152468293905258 0.07350804656744 0.0163803864270449 -0.0634783208370209 -0.0129424137994647 -0.286297619342804 -0.0198264550417662 0.138065442442894 0.241722702980042 -0.29514867067337 -0.43376749753952 -0.156581863760948 -0.0640382096171379 -0.198227718472481 -0.308220028877258 -0.449036359786987 -0.275666981935501 -0.162605226039886 -0.217100441455841 0.0441688820719719 0.552513897418976 -0.0455839745700359
-9999 -9999 -9999 -9999 -9999 -9999 -9999 -9999 -9999 -9999 -9999 -9999 -9999 -9999 0.12916524708271 0.263002842664719 0.140074819326401 0.123496763408184 0.276752203702927 -0.05098607391119 0.0219550095498562 -0.0789848268032074 -0.265731960535049 -0.223564639687538 -0.00422847457230091 0.0302947275340557 0.250302255153656 0.185968145728111 -0.149002268910408 -0.0231579262763262 0.480580031871796 0.139583915472031 -0.053333405405283 0.269868314266205 0.554649651050568 0.412207841873169 0.166289716959 -0.265781968832016 0.00158405036199838 -0.0417086631059647 -0.26505833864212 -0.14070650935173 -0.16733230650425 0.0856930837035179 0.0821335166692734 -0.0114120272919536 -0.0574452355504036 0.377106785774231 0.352717399597168
-9999 -9999 -9999 -9999 -9999 -9999 -9999 -9999 -9999 -9999 -9999 -9999 -9999 -9999 0.263002842664719 1.17936718463898 0.498303890228271 0.0873339474201202 0.1454818546772 0.0953980311751366 0.0560150630772114 0.215592205524445 -0.00438315188512206 -0.0649210289120674 -0.210275024175644 0.0978433638811111 -0.0240953508764505 -0.143819466233253 -0.065366193652153 -0.0096234455704689 0.451573431491852 0.251715064048767 0.199575006961823 0.293797492980957 0.455637097358704 0.475901573896408 -0.152867645025253 0.184323862195015 0.126424834132195 -0.142410099506378 0.139850243926048 -0.138405725359917 0.375570625066757 0.0604388229548931 0.0329007096588612 0.351799786090851 0.356114953756332 0.564467132091522 0.598721325397491
-9999 -9999 -9999 -9999 -9999 -9999 -9999 -9999 -9999 -9999 -9999 -9999 -9999 -9999 -9999 0.958312094211578 0.781015574932098 0.101827003061771 0.31674000620842 0.350269556045532 0.434074699878693 0.394420921802521 -0.187315836548805 0.37143337726593 0.997765779495239 0.946736812591553 0.672269105911255 0.352854549884796 0.371161371469498 0.349590957164764 0.430527687072754 0.742871403694153 0.434621185064316 0.461364060640335 0.573147118091583 0.80652529001236 0.469981223344803 0.460114002227783 0.460800588130951 0.460405260324478 0.213031411170959 0.658071339130402 0.532633304595947 0.405039399862289 0.346822381019592 0.296093821525574 0.406551361083984 0.147478893399239 0.981491029262543
-9999 -9999 -9999 -9999 -9999 -9999 -9999 -9999 -9999 -9999 -9999 -9999 -9999 -9999 -9999 1.53541994094849 1.08059787750244 0.528919756412506 0.228284031152725 0.158855602145195 1.05655252933502 0.626744627952576 -0.00356726907193661 1.0819708108902 1.11682343482971 1.17169666290283 1.24590826034546 1.45054662227631 0.939283132553101 0.669874727725983 0.822731852531433 0.481033354997635 0.533163964748383 0.739740192890167 0.854542374610901 0.760038197040558 0.459429055452347 0.942771673202515 1.08288049697876 1.03317999839783 0.936375141143799 0.391739338636398 1.08273160457611 0.990792691707611 0.935310482978821 0.950791895389557 0.826799511909485 0.724968254566193 0.75277042388916
-9999 -9999 -9999 -9999 -9999 -9999 -9999 -9999 -9999 -9999 -9999 -9999 -9999 -9999 -9999 -9999 0.463382065296173 -0.146260291337967 0.338769137859344 0.92594838142395 2.09974765777588 1.98538017272949 2.14657640457153 2.16435861587524 1.96258807182312 2.20236134529114 1.81345987319946 1.99662339687347 2.09058284759521 0.611676096916199 1.08353757858276 1.11927425861359 1.33644556999207 1.0261402130127 1.29912865161896 1.10337615013123 0.895994126796722 1.49526476860046 1.09593749046326 1.62329947948456 1.5440639257431 1.41008913516998 1.47969138622284 1.53563892841339 1.68364989757538 1.43696522712708 1.64155757427216 1.74863946437836 1.17659568786621
-9999 -9999 -9999 -9999 -9999 -9999 -9999 -9999 -9999 -9999 -9999 -9999 -9999 -9999 -9999 -9999 1.8611204624176 1.80143141746521 1.85087049007416 2.36445236206055 2.45202708244324 2.27935767173767 1.89773952960968 0.76458477973938 1.43827533721924 1.16175484657288 0.919142961502075 1.37575042247772 1.88127195835114 2.0228316783905 1.9891414642334 1.61939311027527 1.61148273944855 1.8133065700531 1.73260879516602 1.33556509017944 1.62226283550262 1.49336349964142 1.25786864757538 1.74219501018524 1.73788750171661 1.54932188987732 1.711874127388 1.55798816680908 1.15231907367706 1.39585161209106 1.36738646030426 1.03551936149597 0.798567712306976
-9999 -9999 -9999 -9999 -9999 -9999 -9999 -9999 -9999 -9999 -9999 -9999 -9999 -9999 -9999 -9999 2.14181041717529 2.6420750617981 2.09399962425232 1.94439291954041 2.60774350166321 1.9261839389801 1.29719352722168 0.420273125171661 0.395920246839523 0.258129835128784 0.33859246969223 0.881447076797485 0.482175707817078 1.26018071174622 0.813965201377869 0.487147301435471 1.58200073242188 1.57480406761169 0.923078775405884 1.29272973537445 1.21723580360413 1.34002876281738 1.6262059211731 1.52081072330475 1.21061146259308 1.25449740886688 1.45309913158417 1.23858952522278 1.4682035446167 1.19116687774658 1.05971169471741 1.39153492450714 0.98055362701416
-9999 -9999 -9999 -9999 -9999 -9999 -9999 -9999 -9999 -9999 -9999 -9999 -9999 -9999 -9999 -9999 -9999 1.02329933643341 2.35641193389893 1.77895975112915 1.75238347053528 2.11162257194519 1.1875786781311 0.612143456935883 0.861855924129486 -0.0462987944483757 0.304727286100388 0.608343541622162 1.39564990997314 0.580162286758423 0.513121128082275 0.425453215837479 1.53905439376831 1.51418769359589 0.813734114170074 1.07689034938812 0.750560641288757 0.842763006687164 1.01672613620758 0.699892044067383 0.598465859889984 0.94888174533844 1.11296355724335 0.946192979812622 0.840678691864014 0.53568297624588 0.991484940052032 1.25818836688995 0.937449872493744
-9999 -9999 -9999 -9999 -9999 -9999 -9999 -9999 -9999 -9999 -9999 -9999 -9999 -9999 -9999 -9999 -9999 1.41038811206818 2.21652770042419 0.965143382549286 1.01541578769684 1.82067978382111 1.6455260515213 1.28663861751556 0.64810049533844 0.331653147935867 0.620684504508972 0.912778854370117 0.859120905399323 0.339268445968628 0.4638592004776 0.95092511177063 1.42272675037384 0.897049307823181 0.108472935855389 0.0968520194292068 0.461547583341599 0.138436242938042 0.408608883619308 0.67541491985321 0.515484154224396 0.321863144636154 0.748596012592316 0.586692750453949 0.81410425901413 0.491460382938385 0.584067463874817 0.834686160087585 0.428127229213715
-9999 -9999 -9999 -9999 -9999 -9999 -9999 -9999 -9999 -9999 -9999 -9999 -9999 -9999 -9999 -9999 -9999 -9999 1.74466669559479 0.347615957260132 0.374196618795395 0.94834578037262 1.42221331596375 0.553960621356964 0.414740115404129 -0.0750786364078522 0.0739145055413246 0.807096421718597 0.76963609457016 0.0886374190449715 0.153833746910095 0.713882923126221 1.0167818069458 0.396344751119614 0.168789774179459 -0.153584614396095 -0.149208784103394 0.0693500116467476 0.642127156257629 0.262052863836288 0.0809378996491432 0.377887040376663 -0.284733414649963 0.0221443139016628 0.0872969403862953 -0.153369784355164 -0.249301210045815 -0.0280131381005049 -0.038091417402029
-9999 -9999 -9999 -9999 -9999 -9999 -9999 -9999 -9999 -9999 -9999 -9999 -9999 -9999 -9999 -9999 -9999 -9999 1.29726135730743 0.427301704883575 0.151176452636719 0.330040544271469 0.96850597858429 1.17251265048981 0.330432415008545 -0.0782108455896378 0.103323340415955 0.336415886878967 0.728513360023499 0.274210751056671 0.283691585063934 0.440978735685349 0.7086021900177 0.124480590224266 -0.0464477054774761 -0.256877273321152 -0.186211302876472 -0.21553210914135 0.580151915550232 0.125748872756958 -0.193545296788216 -0.0226077605038881 -0.142728015780449 -0.271905541419983 0.146799460053444 0.0124470284208655 -0.270697236061096 -0.272123873233795 -0.268995016813278
-9999 -9999 -9999 -9999 -9999 -9999 -9999 -9999 -9999 -9999 -9999 -9999 -9999 -9999 -9999 -9999 -9999 -9999 -9999 0.381894379854202 0.381948083639145 0.231107339262962 0.705507218837738 0.901090562343597 0.451928228139877 0.0416047275066376 0.180484816431999 0.217637866735458 0.21642903983593 0.548982799053192 0.548982799053192 0.431699901819229 0.534249424934387 0.716337978839874 0.145556300878525 -0.288501590490341 -0.213489890098572 -0.178372099995613 0.11259514093399 -0.155766546726227 -0.340980738401413 -0.316203594207764 -0.267667919397354 -0.00329921976663172 -0.139447033405304 0.182069092988968 -0.270697236061096 -0.105712592601776 -0.318667143583298
-9999 -9999 -9999 -9999 -9999 -9999 -9999 -9999 -9999 -9999 -9999 -9999 -9999 -9999 -9999 -9999 -9999 -9999 -9999 0.640036404132843 0.142717838287354 0.116530135273933 0.158846005797386 0.14451202750206 0.0198608878999949 0.243066117167473 0.0723599344491959 -0.0449503473937511 -0.0255371369421482 -0.0223999954760075 -0.0235299412161112 0.148811355233192 0.024007074534893 0.140608742833138 0.184133842587471 -0.224405705928802 -0.0213719718158245 -0.156232953071594 -0.198228076100349 -0.2962646484375 -0.0243115853518248 -0.15480537712574 -0.16291344165802 -0.423706591129303 -0.280504554510117 -0.352172046899796 -0.42488369345665 -0.02788295596838 -0.187469601631165
-9999 -9999 -9999 -9999 -9999 -9999 -9999 -9999 -9999 -9999 -9999 -9999 -9999 -9999 -9999 -9999 -9999 -9999 -9999 -9999 0.0183473639190197 0.0980678573250771 -0.02291164919734 0.0634046420454979 -0.110103406012058 0.122214488685131 0.0565545968711376 -0.0395888760685921 -0.0999680832028389 -0.214634135365486 0.0483602285385132 -0.239253178238869 0.127574756741524 -0.0725096091628075 -0.401999324560165 -0.328339368104935 -0.00754281738772988 0.0546809956431389 -0.255229204893112 -0.0454535223543644 -0.219660207629204 -0.185728251934052 0.0672684088349342 -0.195282056927681 -0.234817132353783 -0.198674380779266 -0.135411903262138 -0.244859114289284 -0.244859114289284
-9999 -9999 -9999 -9999 -9999 -9999 -9999 -9999 -9999 -9999 -9999 -9999 -9999 -9999 -9999 -9999 -9999 -9999 -9999 -9999 0.516363322734833 0.750465095043182 0.900169432163239 0.74836927652359 0.45957538485527 0.741940379142761 0.808694839477539 1.36126410961151 0.623227000236511 0.228213399648666 0.19365619122982 0.154115453362465 0.120398692786694 0.0686792954802513 0.0897475257515907 0.371015965938568 0.544438660144806 0.647697925567627 0.588593900203705 0.778187811374664 0.075419083237648 0.315635204315186 -0.16291344165802 -0.0491061694920063 -0.274777084589005 -0.348835825920105 -0.529362618923187 -0.460353046655655 0.190438538789749
