layers/pyrenees/area_1/pca3.asc
NCOLS 98 
NROWS 47 
XLLCORNER 1.40994920711321 
YLLCORNER 42.25542611 
CELLSIZE 0.00833333376415094 
NODATA_value -9999 
[rows 22 to 43 of 47, columns 49 to 97 of 98]
-0.0180383641272783 -0.317701756954193 -0.265692591667175 -0.456110656261444 -0.405770570039749 -0.504119694232941 -0.275564283132553 0.281174063682556 0.401246458292007 0.175896868109703 0.0949919000267982 0.109821617603302 0.094619981944561 0.271726548671722 0.157199874520302 0.109281815588474 0.200742349028587 0.160082161426544 0.318434596061707 0.132049307227135 0.316129207611084 0.26336282491684 0.0316421240568161 0.02204929292202 -0.272445470094681 -0.331151902675629 -0.345561027526855 -0.35624498128891 -0.719246745109558 -0.657925486564636 -0.913600742816925 -0.879121482372284 -0.896146237850189 -0.464833557605743 -0.137867599725723 0.404355406761169 0.355046629905701 0.142765536904335 0.453840553760529 -0.0759482383728027 0.320745587348938 0.298353105783463 -0.609358608722687 -0.687227427959442 -0.0844114422798157 -9999 -9999 -9999 -9999
-0.0842701941728592 -0.161581963300705 -0.24345351755619 -0.277976095676422 -0.404931843280792 -0.497612059116364 -0.240103244781494 -0.277284681797028 0.179642498493195 0.0544424019753933 0.405930161476135 0.152526214718819 0.215543270111084 0.108815409243107 0.476604759693146 0.165811330080032 0.312053143978119 0.291892945766449 0.303989082574844 0.0957609564065933 0.222355842590332 0.0996090993285179 0.02204929292202 0.062014501541853 -0.117182351648808 -0.313440322875977 -0.0207523591816425 -0.395068824291229 -0.418154507875443 -0.715072870254517 -0.781835436820984 -0.489912658929825 -0.366946876049042 -0.447841554880142 -0.273572534322739 0.490984976291656 0.827024459838867 0.860068500041962 0.495737552642822 0.282976627349854 1.217001080513 0.136687844991684 -0.416372448205948 0.151434361934662 0.104794763028622 -9999 -9999 -9999 -9999
-0.260697603225708 -0.299622893333435 -0.441080272197723 -0.482543766498566 -0.576066136360168 -0.307348042726517 -0.0654275417327881 -0.122991122305393 0.110182628035545 0.284270644187927 0.137107521295547 0.0564956925809383 0.173232108354568 0.201876908540726 0.269662410020828 0.167743593454361 0.0530219450592995 0.141389563679695 0.435592353343964 0.23385626077652 -0.0610981956124306 -0.015093051828444 0.0095288660377264 -0.265247255563736 0.0102265449240804 -0.323979258537292 -0.409690022468567 -0.684096336364746 -0.693532288074493 -0.671930253505707 -0.549031615257263 -0.715749442577362 -0.462731093168259 0.328546643257141 0.355046629905701 -0.180549249053001 0.152338221669197 0.949231028556824 1.05498802661896 0.764034390449524 0.908798933029175 0.267356336116791 0.114379376173019 0.0957437381148338 -9999 -9999 -9999 -9999 -9999
-0.188158929347992 -0.316467553377151 -0.209636941552162 -0.24047888815403 -0.307348042726517 -0.111499711871147 0.233063653111458 0.169392347335815 0.441831082105637 0.435166656970978 0.182326763868332 0.146933034062386 0.134162470698357 0.387823790311813 0.110261455178261 0.369191408157349 0.380774319171906 0.386270463466644 0.292212933301926 0.220114633440971 0.00109464640263468 -0.0918554812669754 -0.23153854906559 -0.350812345743179 -0.317270308732986 -0.490014553070068 -0.311494171619415 -0.6708003282547 -0.796880066394806 -0.393190383911133 -0.409765809774399 -0.683030903339386 -0.806408822536469 0.0369538106024265 0.461433619260788 0.143161714076996 0.346058040857315 0.494770854711533 1.48988556861877 1.15320014953613 0.818638265132904 0.257966041564941 0.462807208299637 -9999 -9999 -9999 -9999 -9999 -9999
0.0479470752179623 0.094184935092926 -0.0746702030301094 -0.00463702389970422 -0.019240939989686 0.172040641307831 0.422502487897873 0.295243710279465 0.276553392410278 0.325370371341705 0.0972784161567688 0.394578576087952 0.426834881305695 0.426392823457718 0.35039559006691 0.610140264034271 0.562129735946655 0.313183099031448 0.303926259279251 0.328654676675797 0.0362204946577549 -0.0623383857309818 -0.0591574087738991 -0.416575998067856 -0.614737629890442 -0.617627263069153 -0.949744641780853 -0.666306018829346 -0.875411212444305 -0.40847846865654 0.0364827923476696 -0.444634586572647 -0.398243278264999 -0.572070598602295 -0.456602245569229 0.262181431055069 0.919607281684875 0.552710950374603 0.536765515804291 1.11571645736694 0.935425162315369 0.593940317630768 -9999 -9999 -9999 -9999 -9999 -9999 -9999
-0.0446465499699116 0.0464527197182178 0.249869585037231 0.16998602449894 0.316161930561066 0.512081146240234 0.48528316617012 0.472636610269547 0.334636479616165 0.50723797082901 0.388011038303375 0.619997799396515 0.590643584728241 0.35509118437767 0.368876725435257 0.412785798311234 0.369456887245178 0.302753984928131 0.212859496474266 0.325189262628555 -0.000490548787638545 -0.322221636772156 -0.36698043346405 -0.59854531288147 -0.622781276702881 -0.434374868869781 -0.409765809774399 -0.54351407289505 -0.600532233715057 -0.923908293247223 -0.266342341899872 -0.186773374676704 -0.344942271709442 -0.584300756454468 -0.703363358974457 0.181799441576004 0.667464971542358 1.06536555290222 0.871227204799652 1.18858969211578 1.05592322349548 -9999 -9999 -9999 -9999 -9999 -9999 -9999 -9999
0.211894631385803 0.262851536273956 0.586528301239014 0.477039843797684 0.796632289886475 0.914276838302612 0.766074955463409 0.792464256286621 0.937970697879791 0.371728777885437 0.956529915332794 0.657624423503876 0.999612271785736 0.614824414253235 0.683357656002045 0.389313906431198 0.576711297035217 0.323875904083252 0.268800109624863 0.258622765541077 0.178889960050583 -0.388519197702408 -0.537755012512207 -0.434671252965927 -0.442189544439316 -0.32808655500412 -0.471395999193192 -0.398123413324356 -0.157754302024841 -0.865858793258667 -0.325073063373566 0.38354167342186 0.339499473571777 -0.148909032344818 -0.313572883605957 0.372423112392426 0.855196893215179 1.22494328022003 1.21611988544464 0.977623045444489 -9999 -9999 -9999 -9999 -9999 -9999 -9999 -9999 -9999
0.532050907611847 0.544241547584534 0.494335502386093 0.817489147186279 0.785800158977509 1.06073343753815 0.756855547428131 0.708937466144562 1.11336362361908 0.959156334400177 0.919521510601044 0.878907382488251 0.961514592170715 0.929258227348328 0.416885673999786 0.542068064212799 0.296313434839249 0.324655473232269 -0.0744198188185692 -0.0627460852265358 -0.325591146945953 -0.185377150774002 -0.668126165866852 -0.632767081260681 -0.703045427799225 -0.273334383964539 -0.262882918119431 0.167394682765007 0.119018599390984 -0.374410331249237 -0.46341410279274 -0.170153960585594 0.572116434574127 0.625274181365967 0.714288175106049 0.780020117759705 1.247438788414 0.795589864253998 0.361251711845398 0.213242322206497 -9999 -9999 -9999 -9999 -9999 -9999 -9999 -9999 -9999
0.750787794589996 1.02786302566528 0.740869522094727 1.02888989448547 0.988728940486908 1.0084056854248 0.910144567489624 0.733129739761353 0.854024946689606 0.624869346618652 0.583232879638672 0.903173208236694 0.683971047401428 0.317974328994751 -0.00554383592680097 0.000675252988003194 0.00228140875697136 -0.270831048488617 -0.421755015850067 -0.339376509189606 -0.648538947105408 -0.353241205215454 -0.503365039825439 -0.409205853939056 -0.669320106506348 -0.503588974475861 -0.457927525043488 -0.288714408874512 -0.176853910088539 0.398957818746567 -0.0479474477469921 -0.324740916490555 0.314720422029495 0.820399284362793 1.23528647422791 1.20574283599854 1.29774010181427 0.879172742366791 0.477077960968018 -9999 -9999 -9999 -9999 -9999 -9999 -9999 -9999 -9999 -9999
0.912867963314056 1.09835469722748 1.49442064762115 1.36870396137238 1.0061309337616 0.994015872478485 1.19098484516144 0.52387809753418 0.695282697677612 0.685805678367615 0.665061056613922 0.304526090621948 0.318226993083954 0.00319559127092361 -0.322311878204346 -0.260328233242035 -0.504584848880768 -0.605603754520416 -0.519979238510132 -0.62640392780304 -0.754414498806 -0.483794838190079 -0.556266009807587 -0.564330101013184 -0.588564693927765 -0.555691540241241 -0.726981043815613 -0.673813879489899 -0.275693148374557 0.022883715108037 0.438498288393021 0.325041234493256 0.15486541390419 0.399223178625107 0.631180822849274 1.42274510860443 1.42730796337128 1.42730796337128 -9999 -9999 -9999 -9999 -9999 -9999 -9999 -9999 -9999 -9999 -9999
1.07619380950928 1.05109179019928 1.04619061946869 0.983140766620636 1.11529982089996 0.881927847862244 0.981539368629456 1.01175093650818 1.02514410018921 0.375568479299545 0.364536225795746 0.0836846381425858 -0.23633836209774 -0.423100888729095 -0.502792537212372 -0.482273936271667 -0.771821856498718 -0.746439337730408 -0.482331156730652 -0.619059085845947 -0.653776407241821 -0.82161670923233 -0.37712162733078 -0.213987037539482 -0.40585532784462 -0.404097855091095 -0.730068922042847 -0.777680516242981 -0.354331493377686 -0.0307869333773851 0.41182479262352 0.508596777915955 0.780020117759705 0.968575179576874 0.968575179576874 1.39063572883606 1.34118735790253 -9999 -9999 -9999 -9999 -9999 -9999 -9999 -9999 -9999 -9999 -9999 -9999
1.15037322044373 1.33813440799713 0.958806693553925 0.869273543357849 0.754365265369415 1.01115524768829 1.03937947750092 0.396986216306686 0.348649382591248 0.711059391498566 0.330332487821579 -0.222678363323212 -0.384609311819077 -0.591031789779663 -0.772759258747101 -0.738389074802399 -0.735942423343658 -0.736705541610718 -0.324990898370743 -0.435178846120834 -0.41453492641449 -0.299316078424454 -0.361046254634857 -0.409186959266663 0.0147326476871967 -0.259299665689468 -0.447795540094376 -0.343521058559418 0.150608152151108 0.468093514442444 0.663750052452087 0.522409021854401 0.908006846904755 0.572442412376404 0.579831898212433 0.450610041618347 -9999 -9999 -9999 -9999 -9999 -9999 -9999 -9999 -9999 -9999 -9999 -9999 -9999
1.00675821304321 1.00083017349243 0.882400989532471 0.98800003528595 0.92042088508606 0.504183113574982 0.39550569653511 0.440555691719055 -0.136916220188141 0.354963213205338 0.508540213108063 0.233746871352196 -0.232546836137772 -0.434774488210678 -0.424654066562653 -0.685748517513275 -0.448018312454224 -0.483749002218246 -0.376260966062546 -0.304310172796249 -0.244836881756783 -0.216329649090767 0.0552374795079231 -0.00694498885422945 0.217827156186104 0.24571980535984 0.265395849943161 0.275817304849625 0.404689341783524 0.731739163398743 0.92170512676239 0.790567815303802 1.13826751708984 0.48611855506897 -0.0587424859404564 -9999 -9999 -9999 -9999 -9999 -9999 -9999 -9999 -9999 -9999 -9999 -9999 -9999 -9999
0.650703728199005 0.775267124176025 0.29114180803299 0.496252059936523 0.410219520330429 0.434517085552216 0.13054846227169 -0.391068905591965 -0.506216645240784 -0.429462134838104 -0.593855440616608 -0.544881939888 0.30922058224678 0.051935713738203 -0.406286150217056 -0.466687619686127 -0.299420714378357 -0.638461172580719 -0.651023745536804 -0.487976372241974 -0.395722478628159 -0.220014438033104 -0.200290381908417 -0.254063338041306 -0.103407792747021 0.280608505010605 0.388248890638351 0.319529235363007 0.389781445264816 0.478045672178268 0.201374530792236 0.274910002946854 0.458251863718033 0.385949701070786 -9999 -9999 -9999 -9999 -9999 -9999 -9999 -9999 -9999 -9999 -9999 -9999 -9999 -9999 -9999
0.758277595043182 0.605537056922913 0.323398113250732 0.428989678621292 0.406005293130875 0.188696205615997 -0.123172953724861 -0.559009730815887 -0.422622680664062 -0.602874457836151 -0.604263186454773 -0.587008595466614 -0.431207120418549 -0.22444199025631 -0.385624974966049 -0.25079420208931 -0.280181795358658 -0.435147196054459 -0.669676423072815 -0.524999380111694 -0.531459152698517 -0.358555018901825 -0.356072783470154 -0.34492489695549 -0.361006259918213 -0.0754094198346138 -0.40442818403244 -0.247307434678078 -0.204617589712143 -0.275840848684311 -0.691477835178375 -0.329894512891769 -9999 -9999 -9999 -9999 -9999 -9999 -9999 -9999 -9999 -9999 -9999 -9999 -9999 -9999 -9999 -9999 -9999
0.224693030118942 0.179032608866692 0.521163284778595 0.306471943855286 -0.178286343812943 -0.243561595678329 -0.422542780637741 -0.365411460399628 -0.127647623419762 -0.324504971504211 -0.152868404984474 -0.225889399647713 -0.258803218603134 -0.454307556152344 -0.418039590120316 -0.452903717756271 -0.593346059322357 -0.64249324798584 -0.367133647203445 -0.562926054000854 -0.835074722766876 -0.114371508359909 -0.19333553314209 -0.341722041368484 -0.200869396328926 -0.683481156826019 -0.40615040063858 -0.406333774328232 -0.542764365673065 -0.540803849697113 -0.766251444816589 -9999 -9999 -9999 -9999 -9999 -9999 -9999 -9999 -9999 -9999 -9999 -9999 -9999 -9999 -9999 -9999 -9999 -9999
-0.0591267310082912 -0.0723384991288185 0.145492032170296 -0.21551351249218 -0.438408881425858 -0.332852065563202 -0.216404631733894 -0.0875836685299873 0.486566126346588 0.450099736452103 0.503385007381439 0.274209678173065 -0.191125333309174 -0.470706075429916 -0.393958061933517 -0.301979720592499 -0.756320357322693 -0.394126147031784 -0.0622538179159164 -0.338062345981598 -0.37948551774025 -0.640355587005615 -0.551535725593567 -0.435148298740387 -0.904963791370392 -0.75108414888382 -0.442525029182434 -0.759806275367737 -0.581003725528717 -9999 -9999 -9999 -9999 -9999 -9999 -9999 -9999 -9999 -9999 -9999 -9999 -9999 -9999 -9999 -9999 -9999 -9999 -9999 -9999
-0.192076161503792 -0.13919323682785 -0.399781167507172 -0.236007586121559 -0.276401817798615 -0.281346350908279 -0.264458388090134 0.363564550876617 0.500832676887512 0.878200829029083 0.598142445087433 0.35236594080925 -0.219055369496346 0.00874185375869274 -0.16755548119545 0.19076643884182 -0.0622538179159164 -0.358555018901825 -0.378828406333923 -0.29303252696991 -0.596352696418762 -0.53231292963028 -0.783291459083557 -0.442525029182434 -0.534978449344635 -0.222992360591888 -0.137660011649132 -0.309224009513855 -9999 -9999 -9999 -9999 -9999 -9999 -9999 -9999 -9999 -9999 -9999 -9999 -9999 -9999 -9999 -9999 -9999 -9999 -9999 -9999 -9999
-0.24669985473156 -0.287980735301971 -0.425396353006363 0.344420939683914 0.00966312643140554 -0.0244706906378269 -0.37615767121315 -0.0360889583826065 -0.0507883988320827 0.729891180992126 0.491813540458679 0.372831851243973 -0.245966553688049 0.184071332216263 0.425376266241074 0.389844328165054 0.210422918200493 -0.366893023252487 -0.506048500537872 -0.441230118274689 -0.593235075473785 -0.475765824317932 -0.621208488941193 -0.529608011245728 -0.218030869960785 -0.491602599620819 -0.651827931404114 -9999 -9999 -9999 -9999 -9999 -9999 -9999 -9999 -9999 -9999 -9999 -9999 -9999 -9999 -9999 -9999 -9999 -9999 -9999 -9999 -9999 -9999
-0.425396353006363 0.00600976124405861 0.0416617654263973 -0.281609952449799 -0.56722092628479 -0.557479202747345 -0.129252582788467 -0.498533517122269 -0.451845347881317 -0.312372714281082 -0.161129623651505 0.463894993066788 -0.128022640943527 0.0417801514267921 0.576558172702789 0.285987257957458 -0.143071234226227 -0.242211744189262 -0.491592466831207 -0.467400223016739 -0.29808309674263 -0.0620334967970848 -0.053741592913866 -0.105782814323902 -0.197870671749115 -9999 -9999 -9999 -9999 -9999 -9999 -9999 -9999 -9999 -9999 -9999 -9999 -9999 -9999 -9999 -9999 -9999 -9999 -9999 -9999 -9999 -9999 -9999 -9999
-0.249185189604759 -0.213703259825706 -0.214448302984238 -0.180141970515251 0.11582325398922 0.394355863332748 0.254122108221054 -0.178834438323975 -0.203868091106415 -0.266890525817871 -0.0622538179159164 -0.324990570545197 -0.000100052035122644 0.274682879447937 0.438715726137161 -0.133549124002457 -0.0147677212953568 -0.0599859282374382 -0.155452206730843 -0.0604523308575153 -0.253606915473938 -0.316276222467422 -9999 -9999 -9999 -9999 -9999 -9999 -9999 -9999 -9999 -9999 -9999 -9999 -9999 -9999 -9999 -9999 -9999 -9999 -9999 -9999 -9999 -9999 -9999 -9999 -9999 -9999 -9999
0.0372431427240372 -0.130339190363884 0.605963528156281 1.15944468975067 0.724595129489899 0.829801321029663 0.040397759526968 -0.348475068807602 -0.453806340694427 -0.690895855426788 -0.365569770336151 -0.461760312318802 -0.478441923856735 -0.530372321605682 -0.296122252941132 -0.0409898012876511 -0.859720706939697 -9999 -9999 -9999 -9999 -9999 -9999 -9999 -9999 -9999 -9999 -9999 -9999 -9999 -9999 -9999 -9999 -9999 -9999 -9999 -9999 -9999 -9999 -9999 -9999 -9999 -9999 -9999 -9999 -9999 -9999 -9999 -9999
