layers/pyrenees/area_1/pca3.asc
NCOLS 98 
NROWS 47 
XLLCORNER 1.40994920711321 
YLLCORNER 42.25542611 
CELLSIZE 0.00833333376415094 
NODATA_value -9999 
[rows 0 to 21 of 47, columns 49 to 97 of 98]
-9999 -9999 -9999 -9999 -9999 -9999 -9999 -9999 -9999 -9999 -9999 -9999 -9999 -9999 -9999 -9999 -9999 -9999 -9999 -9999 -9999 -9999 -9999 -9999 -9999 -9999 -9999 -9999 -9999 -9999 -9999 -9999 -9999 -9999 -9999 -9999 -9999 -9999 -9999 -9999 -9999 -9999 -9999 -9999 -9999 -9999 -9999 -9999 -9999
-9999 -9999 -9999 -9999 -9999 -9999 -9999 -9999 -9999 -9999 -9999 -9999 -9999 -9999 -9999 -9999 -9999 -9999 -9999 -9999 -9999 -9999 -9999 -9999 -9999 -9999 -9999 -9999 -9999 -9999 -9999 -9999 -9999 -9999 -0.976981818675995 -0.704623222351074 -0.713048219680786 -0.585169315338135 -0.785872161388397 -9999 -9999 -9999 -9999 -9999 -9999 -9999 -9999 -9999 -9999
-9999 -9999 -9999 -9999 -9999 -9999 -9999 -9999 -9999 -9999 -9999 -9999 -9999 -9999 -9999 -9999 -9999 -9999 -9999 -9999 -9999 -9999 -9999 -9999 -9999 -9999 0.0793271362781525 -0.462628304958344 -0.398552983999252 -0.730149269104004 -0.731117963790894 -0.536642134189606 -0.971169888973236 -0.896399915218353 -0.677062749862671 -0.852333784103394 -0.83909022808075 -0.647067189216614 -0.798550546169281 -1.00211703777313 -9999 -9999 -9999 -9999 -9999 -9999 -9999 -9999 -9999
-9999 -9999 -9999 -9999 -9999 -9999 -9999 -9999 -9999 -9999 -9999 -9999 -9999 -9999 -9999 -9999 -9999 -9999 0.986701846122742 1.13849878311157 0.589328050613403 0.559974908828735 0.20352777838707 0.307958006858826 0.145023390650749 -0.351492166519165 -0.840057969093323 -0.7081298828125 -0.557614028453827 -0.769043266773224 -0.74260151386261 -0.92137998342514 -0.886539697647095 -0.811049818992615 -0.834833383560181 -0.759782552719116 -0.895943701267242 -0.557783544063568 -0.903052151203156 -1.05557191371918 -1.02818655967712 -9999 -9999 -9999 -9999 -9999 -9999 -9999 -9999
-9999 -9999 -9999 -9999 -9999 -9999 -9999 -9999 -9999 -9999 -9999 0.271144360303879 0.409140676259995 0.48456996679306 0.387147814035416 0.913459539413452 0.491264045238495 1.14524304866791 1.10515964031219 0.681722939014435 0.913064539432526 0.776254236698151 0.308723300695419 -0.125012680888176 -0.424624234437943 -0.485234946012497 -0.283751964569092 -0.663639903068542 -0.612580537796021 -0.465518087148666 -0.953556597232819 -0.947538614273071 -0.668512165546417 -0.66648918390274 -0.705729007720947 -0.94412362575531 -0.875894367694855 -0.766784489154816 -1.16734147071838 -0.86002117395401 -1.02608716487885 -9999 -9999 -9999 -9999 -9999 -9999 -9999 -9999
-9999 -9999 -9999 -0.153469190001488 -0.459846317768097 -0.294025868177414 -0.232396647334099 -0.244877591729164 0.435778170824051 0.842082262039185 0.500294983386993 0.409140676259995 0.458665460348129 0.660376965999603 0.620813846588135 0.515257060527802 0.17348125576973 0.429158449172974 0.457692623138428 0.245932087302208 0.39692434668541 0.479893505573273 0.41447252035141 0.228362128138542 0.416475117206573 0.500381827354431 0.302891790866852 -0.650380313396454 -0.992129027843475 -0.906150758266449 -0.867693603038788 -0.64425665140152 -0.775203704833984 -0.692358434200287 -0.739020824432373 -0.935558617115021 -0.989486038684845 -1.02512276172638 -0.986575126647949 -1.06756067276001 -0.85632199048996 -1.04478693008423 -9999 -9999 -9999 -9999 -9999 -9999 -9999
-0.382670223712921 -0.287631154060364 -0.218126028776169 0.0281582269817591 -0.29736715555191 -0.25825309753418 0.141426041722298 0.349326431751251 0.702262103557587 0.445723921060562 0.285276055335999 -0.229104578495026 0.395902067422867 0.43515557050705 0.506755292415619 0.517838418483734 0.403713524341583 -0.410594582557678 -0.309034943580627 0.154365971684456 0.209725797176361 0.09504584223032 -0.0479812435805798 0.0632985532283783 0.282366126775742 0.287443071603775 -0.355785638093948 -0.709536969661713 -0.499506503343582 -0.449268370866776 -0.698532283306122 -0.748227298259735 -0.908234596252441 -0.777144014835358 -0.714025557041168 -0.713905394077301 -0.816106379032135 -1.05213379859924 -0.654793202877045 -0.65742564201355 -0.886480450630188 -0.866273522377014 -0.910229742527008 -9999 -9999 -9999 -9999 -9999 -9999
0.0817998126149178 0.0830590575933456 0.453914374113083 0.279709815979004 0.685270845890045 0.293934255838394 1.33249759674072 0.902770102024078 1.00123965740204 0.293430328369141 -0.264737278223038 0.0108229154720902 0.344372004270554 0.422309726476669 1.01504170894623 1.09020888805389 0.778466999530792 0.353475421667099 -0.221345499157906 -0.479024589061737 -0.315423995256424 -0.212343990802765 -0.178688362240791 -0.211173310875893 0.0467497780919075 -0.621756911277771 -0.438635528087616 -0.490798622369766 -0.927106976509094 -0.698532283306122 -0.933874070644379 -0.86514139175415 -0.763624012470245 -0.83064991235733 -0.87301629781723 -0.828514695167542 -0.82442170381546 -0.838361084461212 -0.594084680080414 -0.912977814674377 -0.921796560287476 -1.09594786167145 -0.947587609291077 -0.852873027324677 -9999 -9999 -9999 -9999 -9999
0.577221810817719 0.645450234413147 0.391193807125092 0.703668117523193 0.551697850227356 1.24114549160004 0.9147008061409 1.13242840766907 0.395077377557755 0.0689664259552956 0.0241914968937635 0.536046326160431 0.719272613525391 0.880281448364258 1.33310556411743 1.67801773548126 1.30010032653809 0.175857797265053 0.322430312633514 0.348269611597061 0.0992249995470047 -0.160328090190887 -0.509889721870422 -0.113871291279793 0.21407462656498 0.253371626138687 0.159539192914963 -0.25952410697937 -0.509187817573547 -0.598312854766846 -0.765452086925507 -0.681807279586792 -0.819610476493835 -0.66243976354599 -0.662632286548615 -0.937393546104431 -0.878957808017731 -0.938491106033325 -0.50897479057312 -0.410514801740646 -1.00516974925995 -1.09179365634918 -0.904447793960571 -1.03634655475616 -0.794069647789001 -9999 -9999 -9999 -9999
-0.251173287630081 -0.0813986584544182 0.773006796836853 0.792065024375916 0.268767058849335 0.140961214900017 0.744393944740295 1.13058006763458 0.224433317780495 -0.317377865314484 0.419417589902878 0.99537056684494 0.738486528396606 1.48159551620483 1.38345646858215 0.521267831325531 0.358111053705215 0.3087477684021 0.186158418655396 -0.160864904522896 0.0391740277409554 -0.158087268471718 -0.524591028690338 0.103666007518768 -0.170319840312004 0.122063890099525 0.148846253752708 -0.0941774994134903 -0.118195675313473 -0.896971166133881 -0.661771714687347 -0.819610476493835 -0.927041471004486 -0.822881698608398 -0.737282693386078 -0.914405524730682 -0.585752367973328 -0.241070732474327 -0.758905291557312 -0.606873512268066 -0.690167844295502 -0.887791037559509 -1.01514983177185 -0.736849844455719 -0.796868503093719 -9999 -9999 -9999 -9999
-0.332510888576508 0.310973793268204 0.42138797044754 -0.243193984031677 -0.0952375754714012 0.629313588142395 0.535844206809998 0.171207934617996 -0.0133444350212812 -0.136565402150154 -0.0543377511203289 0.870839178562164 0.903104722499847 1.40167415142059 0.988536238670349 0.891022026538849 0.321026504039764 0.317445605993271 -0.160864904522896 0.159925758838654 -0.0174283683300018 -0.520068764686584 -0.651408851146698 -0.314800649881363 -0.282369643449783 -0.329013019800186 -0.324157506227493 -0.716206014156342 -0.673397541046143 -0.473948538303375 -0.929863214492798 -0.74406224489212 -0.825808525085449 -0.701938569545746 -0.924368798732758 -0.860807299613953 -0.276413023471832 -0.436087042093277 -0.362130343914032 -1.1100822687149 -1.03479766845703 -0.864627361297607 -0.897502720355988 -0.838668763637543 -0.964033007621765 -0.931496679782867 -9999 -9999 -9999
-0.584224581718445 -0.147162556648254 -0.201197504997253 -0.172765046358109 -0.522440612316132 -0.37790659070015 -0.39050018787384 -0.552650094032288 -0.576568305492401 -0.556441485881805 0.207460567355156 0.672018766403198 1.2091406583786 0.994904160499573 0.949317395687103 0.391763240098953 0.134380474686623 0.149984061717987 -0.131950914859772 0.0464018322527409 -0.0290956255048513 -0.611088454723358 -0.370460480451584 -0.53654682636261 -0.389426857233047 -0.38822728395462 -0.248092442750931 -0.590237438678741 -0.505443930625916 -0.566679298877716 -0.89427649974823 -0.75194388628006 -0.839764893054962 -0.828243672847748 -0.895061254501343 -0.921604037284851 -0.334946244955063 -0.677798092365265 -0.714138746261597 -0.736647605895996 -1.09673738479614 -0.873956263065338 -1.01067554950714 -0.940955519676208 -1.22651481628418 -0.796196639537811 -0.537310004234314 -9999 -9999
-0.380695939064026 -0.375711113214493 -0.43227282166481 -0.428847968578339 -0.39050018787384 -0.367527067661285 -0.351697832345963 -0.613276541233063 -0.156388208270073 -0.348659545183182 0.529884219169617 1.33395934104919 1.28124177455902 0.684710383415222 0.436214566230774 0.307810336351395 0.18438147008419 -0.112728148698807 -0.327327996492386 -0.429258197546005 0.0230458695441484 -0.32402902841568 -0.432606965303421 -0.26235231757164 -0.568848192691803 -0.503977835178375 -0.705407977104187 -0.64983731508255 -0.570841431617737 -0.520375669002533 -0.76426488161087 -0.977981090545654 -0.567139983177185 -0.690434753894806 -0.672342538833618 -0.691098272800446 -0.717461049556732 -0.777175903320312 -0.655657649040222 -0.997083365917206 -0.861300945281982 -0.585330605506897 -0.828182756900787 -0.891300201416016 -0.630628943443298 -0.957606196403503 -0.796560227870941 -0.832259953022003 -9999
-0.141625076532364 -0.342385411262512 -0.0565191321074963 0.00634474027901888 0.0306293349713087 -0.267580330371857 0.411577820777893 0.524524748325348 0.897715449333191 0.788341581821442 0.805751919746399 0.727339386940002 0.890089213848114 0.451006770133972 0.41166079044342 0.216857969760895 -0.138154745101929 -0.136052131652832 -0.207764014601707 -0.34332862496376 -0.379719942808151 -0.49786251783371 -0.35379958152771 -0.289838880300522 -0.499580234289169 -0.140607967972755 -0.358632624149323 -0.645656704902649 -0.897259294986725 -0.667833089828491 -0.722742915153503 -0.733608186244965 -0.925070643424988 -0.925070643424988 -0.782290697097778 -0.767460823059082 -0.702525198459625 -0.72525542974472 -0.712800145149231 -0.656063973903656 -0.590893745422363 -0.636204540729523 -0.821289658546448 -0.364321440458298 -0.448600709438324 -1.1250718832016 -1.12029123306274 -1.10703611373901 -9999
-0.17535325884819 -0.395573675632477 -0.20286063849926 0.49468994140625 0.550880491733551 0.915092349052429 0.822792887687683 0.731855869293213 0.523607552051544 0.499398052692413 0.470470815896988 0.436214566230774 0.447970002889633 0.145759090781212 -0.402788281440735 -0.159165486693382 -0.212538614869118 -0.461246639490128 -0.576029896736145 -0.342903047800064 -0.231013849377632 -0.0909202694892883 0.25679486989975 -0.338835418224335 -0.138210222125053 -0.0358599238097668 -0.102969989180565 -0.475265592336655 -0.500203371047974 -0.727815687656403 -0.625832855701447 -0.77298241853714 -0.772516012191772 -0.925070643424988 -1.06364345550537 -1.03969419002533 -0.733892679214478 -0.781866073608398 -0.829044580459595 -0.390696346759796 -0.341056197881699 -0.436042368412018 -0.368030518293381 -0.532939970493317 -0.993646323680878 -1.11362683773041 -0.835868000984192 -0.563103079795837 -0.598319053649902
-0.168458357453346 -0.448029279708862 -0.109065838158131 0.00284323119558394 0.349269449710846 0.569025933742523 0.454050093889236 0.474944949150085 0.39260396361351 0.147469460964203 0.170538440346718 0.447970002889633 0.241440907120705 0.192861974239349 0.0546397753059864 -0.288470655679703 -0.412703603506088 -0.598139584064484 -0.346935093402863 0.00174007448367774 -0.314643174409866 -0.470206826925278 -0.257354438304901 -0.36749479174614 -0.189946293830872 -0.374554187059402 -0.565485119819641 -0.500203371047974 -0.547030866146088 -0.934640467166901 -0.711888134479523 -0.813373208045959 -0.881455838680267 -0.813728094100952 -0.813406646251678 -0.783877670764923 -0.919005274772644 -0.894128441810608 -1.1262149810791 -0.716957628726959 -0.645379304885864 -0.62786865234375 -0.49528756737709 -0.625465333461761 -0.57992696762085 -0.642059743404388 -0.0812894254922867 0.0680455341935158 -0.104257762432098
-0.414327770471573 -0.109542697668076 -0.379302233457565 -0.102764278650284 0.263648480176926 0.391200125217438 0.332310914993286 0.123743630945683 0.246768414974213 -0.24434170126915 -0.0237936247140169 0.3743676841259 -0.0870428532361984 -0.473256081342697 -0.209389492869377 -0.522375285625458 -0.57315582036972 -0.279075592756271 -0.506527721881866 -0.256257027387619 0.0547654293477535 -0.40584859251976 -0.546616613864899 -0.363372683525085 -0.510387241840363 -0.411729991436005 -0.574591636657715 -0.645089328289032 -0.971972942352295 -0.66532826423645 -0.639581680297852 -0.690905749797821 -0.764022588729858 -0.747589290142059 -0.852068185806274 -0.982466697692871 -0.980436861515045 -0.92737877368927 -0.988488554954529 -0.800675749778748 -0.940155267715454 -1.07556915283203 -0.932764828205109 -0.639032304286957 -0.237915873527527 -0.032113753259182 -0.669726729393005 -0.685721516609192 -0.156478747725487
-0.399730026721954 -0.160840794444084 -0.179270043969154 -0.0604062080383301 -0.319668531417847 -0.119837693870068 -0.142106786370277 -0.0217101778835058 -0.0896902829408646 -0.262223124504089 -0.277069568634033 -0.113665573298931 -0.229341506958008 -0.451939016580582 -0.416311860084534 -0.585763156414032 -0.567386865615845 -0.216689705848694 -0.586589634418488 -0.553826093673706 -0.640876710414886 -0.567151188850403 -0.584315836429596 -0.740009307861328 -0.658685863018036 -0.696803867816925 -0.417956441640854 -0.628337860107422 -0.757824599742889 -0.834046304225922 -0.881750047206879 -0.881283640861511 -0.794187128543854 -0.874585509300232 -0.709258675575256 -0.714230895042419 -0.757542371749878 -0.602691531181335 -0.592295587062836 -0.619114816188812 -0.6393061876297 -0.636695742607117 -0.301110565662384 -0.221196398139 -0.603823125362396 -0.865796327590942 -0.949375629425049 -1.05047309398651 -1.03719401359558
0.124315492808819 -0.320473074913025 -0.192448943853378 0.0560369975864887 -0.360173046588898 -0.457449287176132 -0.219727694988251 -0.55404931306839 -0.403274118900299 -0.632242679595947 -0.394506931304932 -0.478292524814606 -0.563852608203888 -0.573449194431305 -0.594813764095306 -0.359185606241226 -0.3799769282341 -0.532864570617676 -0.764784455299377 -0.732509911060333 -0.649985671043396 -0.831459701061249 -0.695326268672943 -0.813497722148895 -0.533142387866974 -0.58325332403183 -0.749050736427307 -0.866667091846466 -0.636254370212555 -0.650861203670502 -0.902584671974182 -0.951171636581421 -0.945351004600525 -0.964331746101379 -0.942878246307373 -0.673757135868073 -0.586069285869598 -0.743650376796722 -0.827688038349152 -0.833886027336121 -0.842918217182159 -0.771026968955994 -0.520705223083496 -0.814837396144867 -0.797784268856049 -1.10797715187073 -0.927342116832733 -0.767124056816101 -9999
0.514380991458893 -0.163890987634659 -0.534832417964935 -0.235576093196869 -0.0125121809542179 -0.382947415113449 -0.377731770277023 -0.308561533689499 -0.453085541725159 -0.571905910968781 -0.713422119617462 -0.563270151615143 -0.549298048019409 -0.417242079973221 -0.57736337184906 -0.0585595108568668 -0.156944289803505 -0.334162473678589 -0.160334706306458 -0.547143757343292 -0.453986912965775 -0.589671015739441 -0.536623299121857 -0.51201993227005 -0.612280607223511 -0.59547221660614 -0.495861381292343 -0.687304079532623 -0.711496293544769 -0.638980031013489 -0.500420749187469 -0.695895731449127 -0.848621726036072 -0.804865956306458 -0.748531818389893 -0.864171147346497 -0.900532186031342 -1.0146815776825 -1.11125290393829 -0.819903135299683 -0.737866938114166 -0.960990488529205 -0.877890586853027 -0.493394941091537 -0.561105668544769 -0.815980315208435 -0.227496206760406 -0.171663761138916 -9999
-0.231314286589622 -0.267602652311325 -0.307792574167252 -0.340290874242783 -0.421286016702652 -0.0428246296942234 -0.045719712972641 -0.376689195632935 -0.150535941123962 -0.147780269384384 -0.341477692127228 -0.301519870758057 -0.626374244689941 -0.323601454496384 -0.473287254571915 -0.274187564849854 0.094422847032547 0.0260753184556961 -0.28378039598465 -0.37309792637825 0.0873504132032394 -0.392285495996475 -0.507177770137787 -0.255932629108429 -0.530910849571228 -0.574036300182343 -0.495719522237778 -0.64465069770813 -0.559803247451782 -0.567351102828979 -0.690625548362732 -0.900998592376709 -0.759484529495239 -0.869640409946442 -0.551427245140076 -0.717785179615021 -0.484620213508606 -0.548797905445099 -0.604210078716278 -0.644407153129578 -0.41911718249321 -0.536772429943085 -0.996197462081909 -0.974333524703979 -0.723515748977661 -0.380658656358719 0.0567649900913239 -9999 -9999
0.0607455857098103 -0.0950350984930992 -0.287160217761993 -0.422736465930939 -0.273243337869644 -0.0730481520295143 -0.00915948022156954 0.00718885334208608 -0.121183484792709 -0.0547821372747421 -0.0547821372747421 -0.114038914442062 -0.125591099262238 -0.0977516919374466 -0.0785007029771805 0.0983603969216347 0.0242774058133364 0.132365971803665 0.03267952054739 -0.13738340139389 -0.0388179272413254 -0.0281182080507278 0.0383065491914749 -0.0587930083274841 -0.243889778852463 -0.588262736797333 -0.704051375389099 -0.567377209663391 -0.646646201610565 -0.892940640449524 -0.835732102394104 -0.703739583492279 -1.0850020647049 -0.670683145523071 -0.484840393066406 -0.276006698608398 -0.465734869241714 -0.18761870265007 0.154320865869522 -0.416983783245087 0.0485343523323536 0.178832799196243 -0.666745483875275 -0.685715854167938 -0.509571611881256 0.281228363513947 -9999 -9999 -9999
