layers/wordclim/future/Iberia_wcB2a_10_hadcm3_2050/bio_04.asc
ncols         166
nrows         93
xllcorner     -9.4959440078468
yllcorner     36.000324005443
cellsize      0.083333337679505
NODATA_value  -9999
[rows 62 to 92 of 93, columns 0 to 69 of 166]
-9999 -9999 -9999 -9999 3861.16 3974.38 4075.99 4136.871 4199.461 4294.912 4409.27 4489.8 4596.41 4701.94 4823.69 4918.94 5010.65 5110.42 5168.26 5280.93 5396.54 5506.47 5619.82 5744.69 5850.49 5945.2 6038.72 6174.18 6286.13 6401.29 6499.04 6612.4 6719.67 6784.76 6885 6946.95 7041.56 7143.7 7210.32 7292.14 7345.03 7455.08 7515.87 7576.61 7628.89 7685.57 7748.86 7809.79 7846.76 7889.45 7929.77 7975.72 7997.85 8028.42 8057.55 8075.94 8097.33 8130.82 8147.5 8181.59 8199.78 8198.02 8202.53 8212.99 8199.29 8207.57 8211.46 8190.73 8189.01 8186.28
-9999 -9999 -9999 -9999 3830.642 3972.386 -9999 4105.294 -9999 4280.769 4384.37 4482.83 4578.03 4669.99 4797.29 4891.63 4992.72 5103.38 5171.8 5287.32 5394.86 5493.74 5614.24 5715.33 5817.34 5918.67 6010.25 6139.63 6242.51 6346.92 6472.37 6575.37 6693.16 6780.19 6862.06 6936.71 7016.26 7119.99 7187.24 7275.51 7338.1 7411.69 7491.84 7559.92 7605.9 7669.62 7731.16 7776.82 7829.1 7878.08 7894.28 7947.25 7978.86 8011.06 8056.57 8077.28 8096.55 8107.82 8130.19 8150.03 8174.2 8205.12 8210.46 8218.68 8224.03 8196.66 8173.29 8191.6 8229.08 8230.27
-9999 -9999 -9999 -9999 -9999 -9999 -9999 -9999 4170.482 4265.725 4365.263 4450.56 4554.36 4663.52 4776.03 4893.47 5009.38 5091.05 5191.34 5318.61 5408.73 5501.15 5600.1 5692.23 5792.84 5889.16 5987.19 6109.02 6202.23 6321.54 6426.74 6540.88 6644.84 6713.75 6803.92 6900.41 7004.91 7096 7156.26 7244.33 7309.56 7385.32 7463.31 7515.5 7574.84 7643.45 7700.42 7745.08 7797.34 7837.76 7881.58 7922.06 7962.26 7993.17 8022.36 8048.18 8086.16 8101.33 8138.75 8145.36 8141.5 8165.35 8169.12 8185.03 8211.87 8210.13 8146.51 8192.06 8185.09 8191.95
-9999 -9999 -9999 -9999 -9999 -9999 -9999 -9999 -9999 4252.78 4368.49 4460.16 4536.18 4636.43 4743.77 4858.1 4989.76 5095.75 5209.26 5313.4 5411.75 5526.67 5606.26 5663.54 5760.85 5848.09 5961.87 6070.42 6150 6268.33 6374.34 6494.22 6566.82 6654.03 6751.07 6845.74 6952.5 7041.59 7126.12 7207.97 7298.05 7356.09 7439.56 7489.32 7551.05 7600.1 7654.9 7714.57 7767.61 7795.39 7854.14 7879.62 7931.55 7956.19 7983.43 8011.74 8060.35 8077.11 8100.46 8107.4 8119.19 8146.95 8162.37 8137.18 8180.9 8191.29 8143.99 8156.92 8153.48 8120.76
-9999 -9999 -9999 -9999 -9999 -9999 -9999 -9999 -9999 4231.06 4351.38 4430.71 4529.01 4631.95 4726.07 4843.33 4957.52 5076.43 5196.15 5311.78 5404.02 5506.76 5577.18 5635.07 5726.66 5824.03 5929.58 6032.62 6102.31 6201.75 6315.85 6446.21 6542.67 6658.17 6744.24 6836.05 6907.82 7002.41 7091.29 7163.69 7248.62 7311.43 7393.72 7460.06 7505.28 7559.97 7612.35 7662.7 7720.52 7769.81 7812.93 7855.34 7872.95 7901.32 7949.2 7962.62 8010.02 8029.98 8059.94 8065.58 8081.36 8092.39 8137.68 8091.19 8127.24 8131.73 8098.92 8146.14 8058.39 8034.4
-9999 -9999 -9999 -9999 -9999 -9999 -9999 -9999 4074.289 4209.92 4367.85 4422.46 4510.67 4592.17 4719.35 4825.64 4942.88 5060.92 5199.61 5298.73 5382.58 5449.39 5513.86 5599.46 5696.57 5782.53 5877.16 5961.59 6051.82 6172.32 6292.1 6395.59 6504.12 6605.32 6709.8 6798.41 6884.88 6971.75 7050.45 7125.59 7199.65 7261.28 7347.75 7415.14 7469.34 7530.49 7566.23 7618.63 7677.52 7717.79 7771.55 7806.5 7834.88 7865.72 7897.69 7922.47 7950.67 7966.49 7992.93 8015.96 7954.54 7978.91 8012.36 7998.51 8023.69 8029.84 8055.8 8000.24 7984.91 7957.43
-9999 -9999 -9999 -9999 -9999 -9999 -9999 -9999 4013.539 4175.16 4298.72 4412.94 4485.46 4573.87 4694.2 4790.58 4935.63 5067.89 5194.25 5313.62 5362.19 5436.61 5479.59 5556.81 5671 5769.63 5851.24 5923.33 6046.89 6165.5 6270.91 6352.58 6440.99 6559.64 6664.34 6763.26 6841.89 6926.07 7014.05 7088.35 7151.18 7227.34 7286.92 7354.82 7424.17 7483.72 7530.21 7570.78 7609.28 7636.72 7684.75 7726.84 7783.36 7828.04 7860.23 7874.95 7900.92 7886.3 7893.3 7895.56 7852.19 7857.83 7851.07 7855.77 7863.59 7857.02 7881.71 7898.74 7913.53 7926.3
-9999 -9999 -9999 -9999 -9999 -9999 -9999 3879.385 3981.71 4156.9 4230.13 4348 4429.04 4544.06 4654.41 4770.2 4913.98 5012.1 5148.17 5273.26 5339.65 5364.49 5437.16 5531.98 5630.13 5711.78 5798.93 5868.02 5961.93 6067.69 6190.78 6320.05 6417.74 6496.25 6597.49 6683.93 6760.69 6869.45 6956.07 7022.43 7106.62 7193.47 7229.58 7307.77 7370.98 7430.98 7486.76 7536.88 7561.37 7596 7616.39 7649.61 7717.41 7750.17 7780.77 7809.19 7823 7786.13 7752.18 7770.57 7740.91 7800.34 7789.4 7828.92 7882.27 7860.78 7863.17 7910.9 7863.14 7860.05
-9999 -9999 -9999 -9999 -9999 -9999 -9999 -9999 3956.151 4078.7 4193.76 4297.26 4394.22 4516.64 4619.25 4754.67 4878.07 4978.39 5083.59 5174.46 5240.4 5322.02 5370.31 5460.98 5567.08 5643.58 5720.64 5817.57 5923.04 6039.95 6146.87 6274.72 6354.01 6450.49 6550.47 6630.69 6712.4 6783.82 6875.96 6970.59 7055.87 7113.8 7164.6 7255.79 7296.71 7367.75 7415.79 7446.4 7484.62 7492.68 7541.14 7543.06 7593.25 7631.56 7663.45 7673.69 7674.22 7673.06 7682.63 7708.25 7721.26 7770.88 7783.21 7768.2 7850.24 7853.96 7853.14 7933.45 7876.68 7912.79
-9999 -9999 -9999 -9999 -9999 -9999 -9999 -9999 3899.964 4035.87 4155.89 4259.7 4357.73 4473.32 4606 4726.94 4832.79 4929.36 5006.74 5087.73 5169.92 5244.71 5304.97 5396.69 5492.88 5554.72 5653.61 5736.27 5845.04 5937.3 6043.18 6131.65 6216.65 6323.97 6435.36 6546.4 6656.2 6729.71 6792.75 6902.86 6991.13 7050.2 7099.96 7139.4 7229.34 7268.72 7327.11 7347.72 7374.37 7407.55 7408.22 7389.77 7434.15 7478.87 7535.39 7578.1 7590.74 7607.22 7626.01 7625.21 7644.09 7708.7 7683.87 7711.37 7755.85 7853.87 7936.33 8009.52 7938.65 7922.7
-9999 -9999 -9999 -9999 -9999 -9999 -9999 -9999 3832.851 3975.839 4101.14 4241.24 4359.34 4456.29 4557.59 4676.69 4787.33 4861.23 4945.33 5026.88 5097.37 5169.68 5233.1 5329.54 5383.39 5480.21 5551.46 5629.86 5741.29 5808.52 5904.33 6012.93 6084.59 6225.76 6352.69 6468.14 6561.44 6659.45 6730.66 6825.11 6893.39 6981.9 7054.15 7058.08 7114.47 7162.08 7216.72 7227.84 7213.02 7235.71 7254.19 7287.81 7341.7 7393.11 7430.74 7477.73 7514.88 7496.97 7468.6 7518.34 7530.18 7603.07 7594.42 7659.51 7745.55 7802.64 7948.38 8001.31 7973.74 7989
-9999 -9999 -9999 -9999 -9999 -9999 -9999 -9999 3777.182 3899.38 4022.39 4199.59 4324.25 4454.76 4513.37 4621.47 4719.75 4812.46 4903.44 4948.48 5016.65 5057.51 5124.95 5219.5 5273.99 5358.46 5472.22 5563.51 5659.57 5706.67 5799.81 5926.95 6014.02 6142.58 6264.03 6345.68 6468.76 6572.82 6653.56 6743.07 6834.32 6893.93 6969.6 6991.59 6995.73 7020.28 7051.2 7075.02 7102.13 7135.89 7162.21 7191.11 7219.22 7272.08 7321.93 7354.77 7367.64 7411.07 7389.92 7451.76 7502.4 7518.58 7583.51 7578.09 7666.55 7813.85 7849.78 7933.99 7954.94 7977.51
-9999 -9999 -9999 -9999 -9999 -9999 -9999 -9999 3748.213 3864.67 3983.11 4121.79 4240.82 4358.4 4465.6 4560.07 4676.17 4754.48 4817.47 4883.28 4954.9 5009.6 5078.33 5115.59 5213.65 5315.03 5404.03 5475.82 5534.88 5612.95 5690.57 5794.55 5925.44 6030.55 6149.51 6247.1 6382.9 6466.14 6541.72 6630.18 6723.36 6796.92 6854.12 6887 6920.14 6951.65 6981.76 6991.98 7038.5 7046.98 7066.47 7105.33 7114.65 7123.14 7142.08 7169.57 7224.24 7257.96 7299.11 7400.85 7466.14 7560.39 7604.09 7559.71 7559.47 7714.11 7777.56 7865.43 7912.62 7920.32
-9999 -9999 -9999 -9999 -9999 -9999 -9999 -9999 3689.963 3834.38 3989.95 4088.53 4195.02 4318.23 4435.96 4521.55 4631.5 4688.03 4776.57 4827.2 4877.95 4950.88 5004.26 5070.24 5098.78 5198.89 5290.94 5352.96 5424.25 5479.54 5574.03 5693.82 5787.71 5897.63 5999.9 6096.16 6235.15 6322.29 6418.78 6526.43 6641.46 6727.22 6795.76 6812.86 6850.81 6883.64 6878.81 6869.86 6900.4 6915.13 6930.8 6970.8 6974.06 6971.64 7007.67 7016.66 7083.96 7141.37 7185.94 7225.25 7300.83 7499.31 7501.03 7474.92 7560.96 7627.23 7741.58 7764.86 7830.56 7852.99
-9999 -9999 -9999 -9999 -9999 -9999 -9999 -9999 3606.276 3789.39 3956.58 4090.69 4161.52 4250.83 4347.99 4447.29 4578.01 4624.84 4693.36 4745.26 4822.2 4862.87 4883.52 4948.34 4989.889 5089.69 5155.55 5231.15 5313.52 5373.01 5437.5 5529.48 5642.23 5744.67 5860.51 5999.38 6116.93 6224.32 6324.28 6435.02 6560.74 6673.17 6706.63 6722.89 6750.15 6741.32 6733.23 6752.69 6746.97 6758.68 6780.44 6783.72 6817.05 6849.51 6874.6 6899.84 6928.38 6967.02 6985.05 7079.25 7213.1 7276.94 7436.87 7464.51 7543.27 7607.9 7666.44 7686.08 7707.91 7744.94
-9999 -9999 -9999 -9999 -9999 -9999 -9999 3405.353 3534.11 3759.48 3926.61 4037.57 4105.85 4192.35 4255.78 4350.97 4467.92 4552.63 4659.7 4720.61 4748.92 4797.54 4821.61 4851.63 4883.75 4960.2 5043.26 5099.24 5173.47 5247.47 -9999 5408.598 5521.41 5656.23 5765.12 5863.75 5987.57 6092.88 6188.32 6304.21 6418.92 6511.72 6584.4 6604.69 6605.29 6598.61 6607.86 6594.35 6625.44 6641.54 6641.79 6661.46 6671.24 6717.9 6776.5 6892.92 6835.08 6859.85 6883.08 6922.57 6948.12 7076.57 7160.45 7238.91 7380.78 7429.26 7513.62 7522.42 7497.25 7546.43
-9999 -9999 -9999 -9999 -9999 -9999 -9999 3256.739 3474.09 3689.58 3844.3 3950.96 4026.23 4095.23 4151.22 4219.1 4330.16 4397.49 4510.93 4619.02 4656.99 4670.43 4703.52 4733.4 4762.64 4845.013 4930.898 4992.724 5085.256 5166.28 5200.976 5314.098 5419.28 5519.68 5624.57 5721.24 5830.54 5938.96 6048.85 6138.05 6240.2 6332.48 6392.57 6437.51 6457 6462.77 6455.34 6468.87 6493.9 6523.06 6523.97 6541.51 6581.65 6626.65 6633.29 6755.04 6734.24 6758.88 6772.38 6802.38 6884.07 7074.31 7046.67 7041.13 7166.39 7091 7157.92 7204.26 7226.22 7344.44
-9999 -9999 -9999 -9999 -9999 -9999 -9999 3119.906 3361.3 3631.6 -9999 3895.283 3943.034 4017.023 4062.242 4117.67 4176.06 4258.16 4376.31 4441.34 4451.87 4481.01 4530.75 -9999 -9999 -9999 -9999 -9999 -9999 -9999 -9999 -9999 5317.227 5404.902 5495.68 5558.92 5671.99 5776.55 5889.43 5995.43 6084.97 6158.91 6226.42 6247.89 6295.97 6320.55 6306.84 6327.96 6367.63 6428.51 6435.89 6450.28 6541.24 6525.38 6535.15 6591.89 6566.79 6596.49 6631.53 6677.14 6814.35 6930.49 7000.36 7097.22 7170.1 7112.06 7173.63 7240.27 7287.74 7348.81
-9999 -9999 -9999 -9999 -9999 -9999 2743.774 -9999 -9999 -9999 -9999 -9999 -9999 -9999 -9999 -9999 -9999 4125.121 4151.326 4236.543 4307.128 -9999 -9999 -9999 -9999 -9999 -9999 -9999 -9999 -9999 -9999 -9999 -9999 -9999 -9999 5451.978 5531.38 5621.1 5739.41 5842.09 5926.744 5990.05 6044.96 6087.08 6130.27 6152.44 6152.2 6201.78 6221.83 6290.94 6318.93 6396.63 6368.35 6434.54 6454.58 6419.22 6409.58 6402.75 6482.39 6527.03 6701.21 6808.84 6969.25 7180.95 7239.99 7139.37 7157.63 7248.9 7313.91 7341.64
-9999 -9999 -9999 -9999 -9999 -9999 -9999 -9999 -9999 -9999 -9999 -9999 -9999 -9999 -9999 -9999 -9999 -9999 -9999 -9999 -9999 -9999 -9999 -9999 -9999 -9999 -9999 -9999 -9999 -9999 -9999 -9999 -9999 -9999 -9999 -9999 5387.554 5473.89 5581.182 5685.337 5779.063 5846.02 5899.33 5946.92 6007.91 6002.83 6012.96 6060.7 6099.24 6123.54 6167.27 6293.72 6324.36 6384.4 6253.04 6227.72 6246.2 6368.73 6534.03 6603.62 6640.01 6750.5 6740.95 6802.15 6910.03 7106.45 7128.69 7105.93 7237.87 7336.42
-9999 -9999 -9999 -9999 -9999 -9999 -9999 -9999 -9999 -9999 -9999 -9999 -9999 -9999 -9999 -9999 -9999 -9999 -9999 -9999 -9999 -9999 -9999 -9999 -9999 -9999 -9999 -9999 -9999 -9999 -9999 -9999 -9999 -9999 -9999 -9999 -9999 5307.82 5397.167 5537.63 5635.01 5732.55 5782.96 5818.44 5839.67 5832.83 5839.62 5913.14 5959.06 6034.98 6103.82 6132.95 6275.23 6302.67 6235.18 6170.03 6108.92 5937.64 6098.18 6164.9 6277.04 6488.29 6319.16 6189.61 6308.12 6854.83 7003.94 7106.15 7168.45 7157.95
-9999 -9999 -9999 -9999 -9999 -9999 -9999 -9999 -9999 -9999 -9999 -9999 -9999 -9999 -9999 -9999 -9999 -9999 -9999 -9999 -9999 -9999 -9999 -9999 -9999 -9999 -9999 -9999 -9999 -9999 -9999 -9999 -9999 -9999 -9999 -9999 -9999 -9999 5255.448 5366.25 5505.95 5598.01 5642.94 5638.7 5652.03 5674.18 5677.51 5795.39 6043.81 6061.9 6000.97 6086.37 6107.85 6307.67 6161.28 6174.71 5785.89 5701.53 5868.97 5769.52 5876.58 6157.05 6218.13 6001.33 5914.85 6139.57 6279.02 6382.289 6696.959 6408.03
-9999 -9999 -9999 -9999 -9999 -9999 -9999 -9999 -9999 -9999 -9999 -9999 -9999 -9999 -9999 -9999 -9999 -9999 -9999 -9999 -9999 -9999 -9999 -9999 -9999 -9999 -9999 -9999 -9999 -9999 -9999 -9999 -9999 -9999 -9999 -9999 -9999 4980.634 5087.21 5227.73 5344.59 5442.86 5462.32 5446.49 5464.87 5509.47 5552.83 5568.08 5785.55 6118.63 6065.8 5997.87 6107.97 6393.39 6188.87 5687.06 5509.28 5441.08 5488.21 5449.62 5483.841 -9999 -9999 -9999 -9999 -9999 -9999 -9999 -9999 -9999
-9999 -9999 -9999 -9999 -9999 -9999 -9999 -9999 -9999 -9999 -9999 -9999 -9999 -9999 -9999 -9999 -9999 -9999 -9999 -9999 -9999 -9999 -9999 -9999 -9999 -9999 -9999 -9999 -9999 -9999 -9999 -9999 -9999 -9999 -9999 -9999 -9999 -9999 4941.381 5053.427 5146.67 5233.09 5261.14 5287.29 5327.97 5363.5 5330.72 5487.69 5600.5 5853.21 5728.74 5787.02 5960.47 6049.18 5754.41 5726.34 5620.3 5483.75 5664.31 5482.742 -9999 -9999 -9999 -9999 -9999 -9999 -9999 -9999 -9999 -9999
-9999 -9999 -9999 -9999 -9999 -9999 -9999 -9999 -9999 -9999 -9999 -9999 -9999 -9999 -9999 -9999 -9999 -9999 -9999 -9999 -9999 -9999 -9999 -9999 -9999 -9999 -9999 -9999 -9999 -9999 -9999 -9999 -9999 -9999 -9999 -9999 -9999 -9999 -9999 4914.188 4997.29 5080.23 5111.94 5113.74 5182.22 5209.38 5452.58 5367.35 5539.35 5398.09 5403.06 5615.7 5539.66 5371.75 5257.13 5411.755 5274.78 5157.908 5145.924 -9999 -9999 -9999 -9999 -9999 -9999 -9999 -9999 -9999 -9999 -9999
-9999 -9999 -9999 -9999 -9999 -9999 -9999 -9999 -9999 -9999 -9999 -9999 -9999 -9999 -9999 -9999 -9999 -9999 -9999 -9999 -9999 -9999 -9999 -9999 -9999 -9999 -9999 -9999 -9999 -9999 -9999 -9999 -9999 -9999 -9999 -9999 -9999 -9999 -9999 4802.164 4867.57 4921.19 4937.33 4930.65 4915.58 4925.99 5152.63 5169.67 4985.43 4903.5 5047.38 5237.94 4940.59 -9999 -9999 -9999 -9999 -9999 -9999 -9999 -9999 -9999 -9999 -9999 -9999 -9999 -9999 -9999 -9999 -9999
-9999 -9999 -9999 -9999 -9999 -9999 -9999 -9999 -9999 -9999 -9999 -9999 -9999 -9999 -9999 -9999 -9999 -9999 -9999 -9999 -9999 -9999 -9999 -9999 -9999 -9999 -9999 -9999 -9999 -9999 -9999 -9999 -9999 -9999 -9999 -9999 -9999 -9999 -9999 -9999 4713.505 4745.57 4787.19 4753.78 4704.92 4720.17 4834.92 5008.8 4763.25 4681.28 4691.24 -9999 -9999 -9999 -9999 -9999 -9999 -9999 -9999 -9999 -9999 -9999 -9999 -9999 -9999 -9999 -9999 -9999 -9999 -9999
-9999 -9999 -9999 -9999 -9999 -9999 -9999 -9999 -9999 -9999 -9999 -9999 -9999 -9999 -9999 -9999 -9999 -9999 -9999 -9999 -9999 -9999 -9999 -9999 -9999 -9999 -9999 -9999 -9999 -9999 -9999 -9999 -9999 -9999 -9999 -9999 -9999 -9999 -9999 -9999 -9999 4593.306 4601.74 4563.43 4525 4671.76 4753.7 4774.5 4591.31 4531.21 4491.625 -9999 -9999 -9999 -9999 -9999 -9999 -9999 -9999 -9999 -9999 -9999 -9999 -9999 -9999 -9999 -9999 -9999 -9999 -9999
-9999 -9999 -9999 -9999 -9999 -9999 -9999 -9999 -9999 -9999 -9999 -9999 -9999 -9999 -9999 -9999 -9999 -9999 -9999 -9999 -9999 -9999 -9999 -9999 -9999 -9999 -9999 -9999 -9999 -9999 -9999 -9999 -9999 -9999 -9999 -9999 -9999 -9999 -9999 -9999 -9999 4450.5 4478.158 4449.383 4411.62 4457.53 4745.78 4439.86 4354.875 4362.58 -9999 -9999 -9999 -9999 -9999 -9999 -9999 -9999 -9999 -9999 -9999 -9999 -9999 -9999 -9999 -9999 -9999 -9999 -9999 -9999
-9999 -9999 -9999 -9999 -9999 -9999 -9999 -9999 -9999 -9999 -9999 -9999 -9999 -9999 -9999 -9999 -9999 -9999 -9999 -9999 -9999 -9999 -9999 -9999 -9999 -9999 -9999 -9999 -9999 -9999 -9999 -9999 -9999 -9999 -9999 -9999 -9999 -9999 -9999 -9999 -9999 -9999 -9999 -9999 4384.586 4419.84 4581.85 4797.75 4290.412 -9999 -9999 -9999 -9999 -9999 -9999 -9999 -9999 -9999 -9999 -9999 -9999 -9999 -9999 -9999 -9999 -9999 -9999 -9999 -9999 -9999
-9999 -9999 -9999 -9999 -9999 -9999 -9999 -9999 -9999 -9999 -9999 -9999 -9999 -9999 -9999 -9999 -9999 -9999 -9999 -9999 -9999 -9999 -9999 -9999 -9999 -9999 -9999 -9999 -9999 -9999 -9999 -9999 -9999 -9999 -9999 -9999 -9999 -9999 -9999 -9999 -9999 -9999 -9999 -9999 -9999 -9999 4327.403 4550.768 -9999 -9999 -9999 -9999 -9999 -9999 -9999 -9999 -9999 -9999 -9999 -9999 -9999 -9999 -9999 -9999 -9999 -9999 -9999 -9999 -9999 -9999
