layers/wordclim/future/Iberia_wcB2a_10_hadcm3_2050/bio_16.asc
ncols         166
nrows         93
xllcorner     -9.4959440078468
yllcorner     36.000324005443
cellsize      0.083333337679505
NODATA_value  -9999
[rows 33 to 65 of 93, columns 73 to 145 of 166]
170.58 161.4 159.1 155.65 151.39 145.9 146.71 146.95 150.53 153.33 150.91 148.53 147.45 145.95 147.72 149.16 147.28 141.85 134.59 128.89 125.2 122.4 116.1 116.95 118.5 114.39 122.85 136.74 139.21 131.72 127.5 124.88 121.87 126.95 131.95 138.04 138.3 140.61 143.11 148.89 158.07 163.67 167.14 174.41 178.86 185.7 188.72 195.14 202.38 208.44 212.83 213.62 -9999 -9999 -9999 -9999 -9999 -9999 -9999 -9999 -9999 -9999 -9999 -9999 -9999 -9999 -9999 -9999 -9999 -9999 -9999 -9999 -9999
160.24 160.03 155.44 149.21 148.71 150.62 154.13 153.89 150.9 149.91 149.64 150.38 150.01 140.55 143.34 142.01 145.63 134.84 134.11 133.8 129.53 124.75 119.58 118.97 116.18 115.2 123.78 128.52 134.82 129.32 132.33 131.91 132.33 134.34 140.91 142.54 146.17 147.04 148.88 159.39 167.73 170.27 174.44 182 190.89 195.61 198.2 204.2 209.46 214.2525 -9999 -9999 -9999 -9999 -9999 -9999 -9999 -9999 -9999 -9999 -9999 -9999 -9999 -9999 -9999 -9999 -9999 -9999 -9999 -9999 -9999 -9999 -9999
165.15 161.96 155.21 147.52 149.34 155.61 154.7 152.3 146.81 145.72 151.16 149.76 143.92 143.35 144.17 140.14 138.89 138.59 136.47 131.25 133.83 132.77 124.81 117.2 114.58 118.68 134.6 138.27 138.12 140.25 143.49 143.89 148.58 153.47 153.47 154.38 154.91 151.15 157.55 162.85 173.61 176.46 185.6 194.66 205.52 200.88 205.08 210.22 213.84 215.7887 -9999 -9999 -9999 -9999 -9999 -9999 -9999 -9999 -9999 -9999 -9999 -9999 -9999 -9999 -9999 -9999 -9999 -9999 -9999 -9999 -9999 -9999 -9999
165.41 162.56 153.57 151.85 159.43 157.03 154.7 155.83 145.78 139.15 138.56 140.16 145.68 155.31 156 155.82 147.1 146.06 147.48 142.71 143.94 136.34 135.51 121.27 114.95 123.99 139.32 136.32 138.71 145.34 150.56 152.11 150.72 156.31 157.23 157.98 155.62 159.52 165.14 173.8 183.46 190.25 200.63 198.41 199.66 200.98 208.72 211.79 211.9691 217.2581 221.407 223 -9999 -9999 -9999 -9999 -9999 -9999 -9999 -9999 -9999 -9999 -9999 -9999 -9999 -9999 -9999 -9999 -9999 -9999 -9999 -9999 -9999
167.43 163.05 154.21 158.72 157.66 153.84 157.41 156.45 144.83 146.48 149.3 152.25 150.91 152.58 155.88 158.28 157.01 154.04 151.79 153.28 160.06 145.97 143.35 132.56 121.56 117.48 134.27 134.24 132.54 138.18 151.53 154.31 160.76 167.07 168.49 174.82 166.98 167.56 169.95 178.47 186.8 191.47 193.42 194.78 197.2 203.2 210.09 214.0532 -9999 -9999 -9999 -9999 -9999 -9999 -9999 -9999 -9999 -9999 -9999 -9999 -9999 -9999 -9999 -9999 -9999 -9999 -9999 -9999 -9999 -9999 -9999 -9999 -9999
170.24 162.89 163.24 163.19 155.27 157.81 159.02 153.04 143.37 148.75 147.12 146.45 142.18 142.21 145.7 151.01 156.49 168.79 164.42 166.93 172.68 159.19 148.59 139.48 127.26 117.19 126.09 134.17 129.11 141.78 165.87 158.55 166.38 177.56 181.84 192.15 178.69 177.42 177.9 181.99 190.48 190.5 193.01 193.3 198.96 205.17 208.72 -9999 -9999 -9999 -9999 -9999 -9999 -9999 -9999 -9999 -9999 -9999 -9999 -9999 -9999 -9999 -9999 -9999 -9999 -9999 -9999 -9999 -9999 -9999 -9999 -9999 -9999
172.36 169.8 167.96 162.46 159.6 160.75 156 147.65 143.54 143.61 138.45 138.45 137.82 144.93 147.01 153.69 159.79 165.08 171.18 168.68 174.44 166.96 151.02 137.58 130.25 121.61 124.7 131.94 129.97 154.43 163.65 168.92 180.66 198.54 199.1 194.42 193.96 185.96 186.07 188.55 191.21 188.06 191.67 195.01 200.64 204.14 206.36 -9999 -9999 -9999 -9999 -9999 -9999 -9999 -9999 -9999 -9999 -9999 -9999 -9999 -9999 -9999 -9999 -9999 -9999 -9999 -9999 -9999 -9999 -9999 -9999 -9999 -9999
173.73 171.8 167.7 161.41 160.81 156.01 147.17 147.19 142.59 149.57 149.93 141.18 144.85 143.07 144.47 147.31 159.19 161.57 167.83 172.12 173.08 160.49 144.4 141.08 139.09 127.46 122.66 121.86 133.67 153.97 158.47 167.82 182 204.76 206.39 198.08 191.48 183.56 179.09 184.29 185.65 189.32 190.9 197.43 201.55 204.4096 -9999 -9999 -9999 -9999 -9999 -9999 -9999 -9999 -9999 -9999 -9999 -9999 -9999 -9999 -9999 -9999 -9999 -9999 -9999 -9999 -9999 -9999 -9999 -9999 -9999 -9999 -9999
173.01 169.47 164.57 162.98 159.07 150.79 151.98 154.4 147.26 146.73 149.46 148.76 150.75 150.27 151.23 152.13 160.79 167.08 167.19 161.14 175.77 166.94 159.51 152.04 142.88 137.16 129 122.63 136.39 151.43 146.32 152.6 170.45 187.55 186.31 190.59 188.38 184.72 179.75 182.38 187.86 193.15 190.49 195.47 202.3537 -9999 -9999 -9999 -9999 -9999 -9999 -9999 -9999 -9999 -9999 -9999 -9999 -9999 -9999 -9999 -9999 -9999 -9999 -9999 -9999 -9999 -9999 -9999 -9999 -9999 -9999 -9999 -9999
167.79 166.51 164.68 159.89 153.21 151.77 158.41 157.48 151.78 156.73 153.49 151.15 150.77 153.84 159.42 151.45 161.41 159.68 159.36 167.04 165.42 163.29 150.54 161.66 138.91 134.57 127.12 132.56 150.98 151.61 143.92 146.21 155.71 165.28 174.14 173.39 181.71 183.92 178.61 178.81 186 190.4 193.38 192.9342 -9999 -9999 -9999 -9999 -9999 -9999 -9999 -9999 -9999 -9999 -9999 -9999 -9999 -9999 -9999 -9999 -9999 -9999 -9999 -9999 -9999 -9999 -9999 -9999 -9999 -9999 -9999 -9999 -9999
167.8 165.18 159.14 153.21 153.04 155.03 159.96 159.79 156.88 158.11 158.21 157.05 160.07 157.81 156.85 156.05 160.6 162.65 163.04 157.78 155.32 148.43 148.19 150.42 138.62 125.6 129.2 145.71 177.39 174.35 154.65 149.23 152.54 156.81 162.11 170.11 174.27 178.08 180.02 180.95 187.06 191.09 191.5 -9999 -9999 -9999 -9999 -9999 -9999 -9999 -9999 -9999 -9999 -9999 -9999 -9999 -9999 -9999 -9999 -9999 -9999 -9999 -9999 -9999 -9999 -9999 -9999 -9999 -9999 -9999 -9999 -9999 -9999
159.61 157.39 157.3 158.91 157.43 157.14 158.95 159.3 158.32 158.38 161.31 159.86 163.43 159.04 154.38 157.96 157.76 159.26 151.79 148.98 151.59 142.55 144.09 151.11 140.41 129.1 138.88 157.33 181.22 173.29 160.83 159.2 158 164.39 163.92 168.88 171.92 175.65 176.99 182.45 187.21 188.5373 -9999 -9999 -9999 -9999 -9999 -9999 -9999 -9999 -9999 -9999 -9999 -9999 -9999 -9999 -9999 -9999 -9999 -9999 -9999 -9999 -9999 -9999 -9999 -9999 -9999 -9999 -9999 -9999 -9999 -9999 -9999
164.24 162.57 162.82 161.98 159.63 158.14 158.72 159.35 154.7 154.53 157.49 157.94 159.1 156.38 158.17 157.57 156.3 154.41 146.22 143.26 140.93 143.45 144.12 140.99 136.79 134.58 134.47 141.99 154.87 165.76 178.63 169.98 162.41 163.55 167.06 174.21 177.03 178.46 178.36 181.04 183.433 -9999 -9999 -9999 -9999 -9999 -9999 -9999 -9999 -9999 -9999 -9999 -9999 -9999 -9999 -9999 -9999 -9999 -9999 -9999 -9999 -9999 -9999 -9999 -9999 -9999 -9999 -9999 -9999 -9999 -9999 -9999 -9999
160.5 160.31 159.9 158.25 156.09 156.78 157.03 156.11 154.86 154.79 153.76 155.82 154.73 151.38 157.9 159.09 158.31 155.07 146.32 146.05 138.85 144.13 149.12 141.19 135.98 139.8 140.07 138.76 144.97 153.1 163.63 171.34 165.61 165.06 168.34 173.42 181.98 185.31 184.64 183.7778 -9999 -9999 -9999 -9999 -9999 -9999 -9999 -9999 -9999 -9999 -9999 -9999 -9999 -9999 -9999 -9999 -9999 -9999 -9999 -9999 -9999 -9999 -9999 -9999 -9999 -9999 -9999 -9999 -9999 -9999 -9999 -9999 -9999
156.5 157.26 156.72 155.06 154.94 154.44 157.15 156.77 156.05 151.64 151.88 154.11 152.24 148.73 151 152.67 155.02 153.06 147.22 144.71 140.74 137.69 137.63 135.59 138.78 142.82 139.63 138.24 142.9 149.87 156.1 158.15 164.45 168.57 174.26 177.43 182.02 186.56 186.46 -9999 -9999 -9999 -9999 -9999 -9999 -9999 -9999 -9999 -9999 -9999 -9999 -9999 -9999 -9999 -9999 -9999 -9999 -9999 -9999 -9999 -9999 -9999 -9999 -9999 -9999 -9999 -9999 -9999 -9999 -9999 -9999 -9999 -9999
156.08 155.51 154.48 153.68 153.59 153.1 154.32 154.01 155.02 151.38 151.22 153.32 150.91 146.13 146.66 151.01 151.38 149.64 147.68 144.01 138.89 133.31 133.36 136.17 145.84 139.63 142.24 143.39 144.19 146.84 151.97 157.85 163.28 168.65 176.15 183.81 187.87 190.04 190.5263 -9999 -9999 -9999 -9999 -9999 -9999 -9999 -9999 -9999 -9999 -9999 -9999 -9999 -9999 -9999 -9999 -9999 -9999 -9999 -9999 -9999 -9999 -9999 -9999 -9999 -9999 -9999 -9999 -9999 -9999 -9999 -9999 -9999 -9999
155.48 152.85 152.56 152.43 152.19 154.18 154.75 150.93 150.37 151.99 148.36 151.12 149.68 146.35 144.52 144.19 145.79 145.14 143.79 143.58 142.86 138.12 133.55 138.47 141.64 138.61 143.36 152.37 153.3 152.66 153.79 159.6 166.09 173.58 179.5 186.76 191.76 193.4362 -9999 -9999 -9999 -9999 -9999 -9999 -9999 -9999 -9999 -9999 -9999 -9999 -9999 -9999 -9999 -9999 -9999 -9999 -9999 -9999 -9999 -9999 -9999 -9999 -9999 -9999 -9999 -9999 -9999 -9999 -9999 -9999 -9999 -9999 -9999
151.99 151.48 150.88 150.41 150.2 150.61 151.39 148.52 148.46 148.92 147.6 145.89 144.49 144.3 146.35 143.66 139.81 139.62 139.16 139.26 137.81 137.58 132.71 136.52 138.98 140.09 140.88 146.16 151.55 157.99 161.94 163.92 169.34 176.91 184.39 192.42 195.09 -9999 -9999 -9999 -9999 -9999 -9999 -9999 -9999 -9999 -9999 -9999 -9999 -9999 -9999 -9999 -9999 -9999 -9999 -9999 -9999 -9999 -9999 -9999 -9999 -9999 -9999 -9999 -9999 -9999 -9999 -9999 -9999 -9999 -9999 -9999 -9999
150.86 150.17 150.53 151.34 149.29 147.11 146.9 145.64 144.69 144.31 143.22 143.17 140.99 143.53 144.78 139.41 137.9 137.23 137.24 135.09 135.04 134 129.86 134.55 138.36 137.78 139.72 144.37 152.58 158.39 163.47 166.73 171.77 179.43 187.57 195.75 200.31 -9999 -9999 -9999 -9999 -9999 -9999 -9999 -9999 -9999 -9999 -9999 -9999 -9999 -9999 -9999 -9999 -9999 -9999 -9999 -9999 -9999 -9999 -9999 -9999 -9999 -9999 -9999 -9999 -9999 -9999 -9999 -9999 -9999 -9999 -9999 -9999
149.89 148.19 148.39 148.77 146.54 145.58 144.48 143 142.78 141.74 140.33 139.04 138.59 139.72 137.82 135.42 135.8 135.45 134.79 133.79 133.41 134.89 133.29 129.82 132.7 136.9 140.87 146.18 152.62 158.03 162.27 166.81 173.18 181.46 190.41 198.07 203.76 -9999 -9999 -9999 -9999 -9999 -9999 -9999 -9999 -9999 -9999 -9999 -9999 -9999 -9999 -9999 -9999 -9999 -9999 -9999 -9999 -9999 -9999 -9999 -9999 -9999 -9999 -9999 -9999 -9999 -9999 -9999 -9999 -9999 -9999 -9999 -9999
148.82 147.31 147.04 146.56 146 145 143.04 143 141.99 141.3 139.74 138.83 137.96 137.87 136.48 135.03 133.32 132.48 132.02 131.58 132.49 133.53 135.31 139.17 138.71 139.68 142.78 147.32 152.92 159.83 163.36 171.14 178.58 184.45 191.84 199.58 206.4 214.0159 -9999 -9999 -9999 -9999 -9999 -9999 -9999 -9999 -9999 -9999 -9999 -9999 -9999 -9999 -9999 -9999 -9999 -9999 -9999 -9999 -9999 -9999 -9999 -9999 -9999 -9999 -9999 -9999 -9999 -9999 -9999 -9999 -9999 -9999 -9999
149 148.94 148.1 148 146.29 146 144.96 143.18 142.97 142.67 141.54 140.64 138.69 136.67 134.31 133.58 131.98 130.86 129.58 129.77 130.61 133.28 133.31 136.93 141.59 145.91 150.37 151.95 152.82 165.63 171.7 172.95 179.18 186.45 193.14 200.79 209.56 217.9394 -9999 -9999 -9999 -9999 -9999 -9999 -9999 -9999 -9999 -9999 -9999 -9999 -9999 -9999 -9999 -9999 -9999 -9999 -9999 -9999 -9999 -9999 -9999 -9999 -9999 -9999 -9999 -9999 -9999 -9999 -9999 -9999 -9999 -9999 -9999
149.27 149 148.85 148.13 147.74 147.59 148.09 147.81 147.61 146.39 144.76 144.81 141.61 137.64 133.79 131.9 130.32 128.88 128.8 128.56 130.36 132.01 135.77 141.19 147.37 155.89 157.48 158.32 156.1 171.48 173.49 171.83 178.05 185.16 192.63 201.69 215.19 222.71 -9999 -9999 -9999 -9999 -9999 -9999 -9999 -9999 -9999 -9999 -9999 -9999 -9999 -9999 -9999 -9999 -9999 -9999 -9999 -9999 -9999 -9999 -9999 -9999 -9999 -9999 -9999 -9999 -9999 -9999 -9999 -9999 -9999 -9999 -9999
149.99 150.71 151.01 150.79 151.11 152.32 155.11 155.1 154.18 152.99 150.27 150.75 148.38 141.55 135.15 131.52 129.42 128.21 127.59 128.24 132.35 138.07 142.64 151.07 158.11 165.48 162.83 161.05 160.03 173.38 175.17 176.62 179.57 184.49 193.35 203.06 218.31 227.69 236.0988 -9999 -9999 -9999 -9999 -9999 -9999 -9999 -9999 -9999 -9999 -9999 -9999 -9999 -9999 -9999 -9999 -9999 -9999 -9999 -9999 -9999 -9999 -9999 -9999 -9999 -9999 -9999 -9999 -9999 -9999 -9999 -9999 -9999 -9999
153.43 153.85 155.83 156.18 157.76 158 154.99 155.67 156.31 157.27 157.25 158.58 153.19 144.72 136.66 132.3 130.33 128.11 127.28 129.73 139.19 146.1 148.49 156.52 158.31 156.86 158.73 161.37 167.48 179.49 177.92 178.29 181.24 185.96 195.61 204.92 218.97 230.37 241.61 251.4464 -9999 -9999 -9999 -9999 -9999 -9999 -9999 -9999 -9999 -9999 -9999 -9999 -9999 -9999 -9999 -9999 -9999 -9999 -9999 -9999 -9999 -9999 -9999 -9999 -9999 -9999 -9999 -9999 -9999 -9999 -9999 -9999 -9999
154.75 155.3 156.77 157.73 157.71 159.6 159.07 156.33 157.09 156.81 156.38 158.22 155.75 147.83 140.63 135.03 132.14 129.35 130.61 132.89 138.8 143.62 147.97 152.88 153.75 155.38 158.05 159.69 164.02 173.77 175.95 176.37 183.88 189.78 194.88 205.15 218.93 230.11 242.61 256.92 271.9254 -9999 -9999 -9999 -9999 -9999 -9999 -9999 -9999 -9999 -9999 -9999 -9999 -9999 -9999 -9999 -9999 -9999 -9999 -9999 -9999 -9999 -9999 -9999 -9999 -9999 -9999 -9999 -9999 -9999 -9999 -9999 -9999
158.06 160.33 159.38 157.19 158.01 160.86 161.24 159.35 158.96 158.44 157.1 156.97 153.66 151.49 147.92 144.62 142.25 137.1 137.93 139.26 141.94 146.23 150.64 152.61 153.59 153.4 160.36 166.72 169.4 169.04 169.92 180.56 187.22 192.2 204.48 212.55 218.25 232.1 242.54 252.54 271.29 288.91 300.3814 -9999 -9999 -9999 -9999 -9999 -9999 -9999 -9999 -9999 -9999 -9999 -9999 -9999 -9999 -9999 -9999 -9999 -9999 -9999 -9999 -9999 -9999 -9999 -9999 -9999 -9999 -9999 -9999 -9999 -9999
162.61 162.04 161.65 160.25 159.81 160.68 161.69 163.75 161.71 156.56 154.79 159.81 163.67 166.25 165.09 164.25 154.8 145.46 139.92 143.89 143 143.95 146.53 148.46 154.67 153.22 155 160.72 165.07 161.91 171.83 181.2 191.03 204.22 212.61 213.63 221.51 236.89 242.63 251.12 263.28 278.42 291.1566 -9999 -9999 -9999 -9999 -9999 -9999 -9999 -9999 -9999 -9999 -9999 -9999 -9999 -9999 -9999 -9999 -9999 -9999 -9999 -9999 -9999 -9999 -9999 -9999 -9999 -9999 -9999 -9999 -9999 -9999
165.21 166.03 167.6 164.34 162.77 161.16 164.2 159.15 157.49 148.92 157.71 171.26 178.22 167.14 167.78 161.89 153.04 144.26 139.25 137.1 137.43 138.89 141.47 144.69 150.76 155.43 155.93 155.55 159.28 161.84 165.34 178.8 194.75 198.94 216.48 222.36 229.26 235.32 242.49 245.78 257.6974 -9999 -9999 -9999 -9999 -9999 -9999 -9999 -9999 -9999 -9999 -9999 -9999 -9999 -9999 -9999 -9999 -9999 -9999 -9999 -9999 -9999 -9999 -9999 -9999 -9999 -9999 -9999 -9999 -9999 -9999 -9999 -9999
173.3 170.26 168.19 165.14 160.56 164.14 158.44 150.7 150.03 157.11 178.46 182.84 180.94 168.15 155.56 150.22 143.3 136.86 134.8 135.43 133.44 131.9 135.63 141.8 144.64 150.7 154.77 153.24 160.25 169.62 164.78 173.51 197.54 194.08 200.78 200.25 217.66 213.35 224 236.5556 -9999 -9999 -9999 -9999 -9999 -9999 -9999 -9999 -9999 -9999 -9999 -9999 -9999 -9999 -9999 -9999 -9999 -9999 -9999 -9999 -9999 -9999 -9999 -9999 -9999 -9999 -9999 -9999 -9999 -9999 -9999 -9999 -9999
174.89 169.24 164.91 164.59 163.6 159.45 151.21 149.4 154.91 160.29 164.3 174.62 175.65 157.7 149.22 143.06 136.12 137.42 132.6 128.68 127.7 130.01 135.63 142.17 142.22 144.51 151.17 164.24 162.82 162.47 162.78 162.76 179.66 177.09 175.65 176.04 188.8919 -9999 -9999 -9999 -9999 -9999 -9999 -9999 -9999 -9999 -9999 -9999 -9999 -9999 -9999 -9999 -9999 -9999 -9999 -9999 -9999 -9999 -9999 -9999 -9999 -9999 -9999 -9999 -9999 -9999 -9999 -9999 -9999 -9999 -9999 -9999 -9999
172.24 164.24 161.35 161.22 158.61 153.47 146.21 147.42 152.35 154.73 170.65 178.7 164.24 143.58 136.79 138.5 138.07 131.8 127.06 130.17 128.23 128.31 130.73 131.79 138.35 143.69 144.66 154.12 157.46 165.71 160.27 153.31 156.22 158.81 157.6 164.641 -9999 -9999 -9999 -9999 -9999 -9999 -9999 -9999 -9999 -9999 -9999 -9999 -9999 -9999 -9999 -9999 -9999 -9999 -9999 -9999 -9999 -9999 -9999 -9999 -9999 -9999 -9999 -9999 -9999 -9999 -9999 -9999 -9999 -9999 -9999 -9999 -9999
163.57 160.95 163.09 161.38 155.31 145.96 156.38 167.39 155.23 178.66 188.44 170.44 166.37 154.98 156.47 160.46 160.24 147.97 138.13 127.88 124.88 127.51 126.78 126.13 133.51 140.27 153.31 153.92 152.34 157.21 157.98 150.09 148.15 150.22 152.3026 -9999 -9999 -9999 -9999 -9999 -9999 -9999 -9999 -9999 -9999 -9999 -9999 -9999 -9999 -9999 -9999 -9999 -9999 -9999 -9999 -9999 -9999 -9999 -9999 -9999 -9999 -9999 -9999 -9999 -9999 -9999 -9999 -9999 -9999 -9999 -9999 -9999 -9999
