layers/wordclim/future/Iberia_wcB2a_10_hadcm3_2050/bio_06.asc
ncols         166
nrows         93
xllcorner     -9.4959440078468
yllcorner     36.000324005443
cellsize      0.083333337679505
NODATA_value  -9999
[rows 0 to 33 of 93, columns 78 to 155 of 166]
-9999 -9999 -9999 -9999 -9999 -9999 -9999 -9999 -9999 -9999 -9999 -9999 -9999 -9999 -9999 -9999 -9999 -9999 -9999 -9999 -9999 -9999 -9999 -9999 -9999 -9999 -9999 -9999 -9999 -9999 -9999 -9999 -9999 -9999 -9999 -9999 -9999 -9999 -9999 -9999 -9999 -9999 -9999 -9999 -9999 -9999 -9999 -9999 -9999 -9999 -9999 -9999 -9999 -9999 -9999 -9999 -9999 -9999 -9999 -9999 -9999 -9999 -9999 -9999 -9999 -9999 -9999 -9999 -9999 -9999 -9999 -9999 -9999 -9999 -9999 -9999 -9999 -9999
-9999 -9999 -9999 -9999 -9999 -9999 -9999 -9999 -9999 -9999 -9999 -9999 -9999 -9999 -9999 -9999 -9999 -9999 -9999 -9999 -9999 -9999 -9999 -9999 -9999 -9999 -9999 -9999 -9999 -9999 -9999 -9999 -9999 -9999 -9999 -9999 -9999 -9999 -9999 -9999 -9999 -9999 -9999 -9999 -9999 -9999 -9999 -9999 -9999 -9999 -9999 -9999 -9999 -9999 -9999 -9999 -9999 -9999 -9999 -9999 -9999 -9999 -9999 -9999 -9999 -9999 -9999 -9999 -9999 -9999 -9999 -9999 -9999 -9999 -9999 -9999 -9999 -9999
-9999 -9999 -9999 -9999 -9999 -9999 -9999 -9999 -9999 -9999 -9999 -9999 -9999 -9999 -9999 -9999 -9999 -9999 -9999 -9999 -9999 -9999 -9999 -9999 -9999 -9999 -9999 -9999 -9999 -9999 -9999 -9999 -9999 -9999 -9999 -9999 -9999 -9999 -9999 -9999 -9999 -9999 -9999 -9999 -9999 -9999 -9999 -9999 -9999 -9999 -9999 -9999 -9999 -9999 -9999 -9999 -9999 -9999 -9999 -9999 -9999 -9999 -9999 -9999 -9999 -9999 -9999 -9999 -9999 -9999 -9999 -9999 -9999 -9999 -9999 -9999 -9999 -9999
-9999 -9999 -9999 -9999 -9999 -9999 -9999 -9999 -9999 -9999 -9999 -9999 -9999 -9999 -9999 -9999 -9999 -9999 -9999 -9999 -9999 -9999 -9999 -9999 -9999 -9999 -9999 -9999 -9999 -9999 -9999 -9999 -9999 -9999 -9999 -9999 -9999 -9999 -9999 -9999 -9999 -9999 -9999 -9999 -9999 -9999 -9999 -9999 -9999 -9999 -9999 -9999 -9999 -9999 -9999 -9999 -9999 -9999 -9999 -9999 -9999 -9999 -9999 -9999 -9999 -9999 -9999 -9999 -9999 -9999 -9999 -9999 -9999 -9999 -9999 -9999 -9999 -9999
70.62069 69.4 64.63 67.47675 67.48718 68.83636 -9999 -9999 -9999 -9999 -9999 -9999 -9999 -9999 -9999 -9999 -9999 -9999 -9999 -9999 -9999 -9999 -9999 -9999 -9999 -9999 -9999 -9999 -9999 -9999 -9999 -9999 -9999 -9999 -9999 -9999 -9999 -9999 -9999 -9999 -9999 -9999 -9999 -9999 -9999 -9999 -9999 -9999 -9999 -9999 -9999 -9999 -9999 -9999 -9999 -9999 -9999 -9999 -9999 -9999 -9999 -9999 -9999 -9999 -9999 -9999 -9999 -9999 -9999 -9999 -9999 -9999 -9999 -9999 -9999 -9999 -9999 -9999
70.70707 67.51 68.41 67.14 64.98 60.76 65.34344 64.42466 69.18333 69.70492 70.54099 68.54762 66.9375 60.18 46.52 48.78378 -9999 -9999 -9999 -9999 -9999 -9999 -9999 -9999 -9999 -9999 -9999 -9999 -9999 -9999 -9999 -9999 -9999 -9999 -9999 -9999 -9999 -9999 -9999 -9999 -9999 -9999 -9999 -9999 -9999 -9999 -9999 -9999 -9999 -9999 -9999 -9999 -9999 -9999 -9999 -9999 -9999 -9999 -9999 -9999 -9999 -9999 -9999 -9999 -9999 -9999 -9999 -9999 -9999 -9999 -9999 -9999 -9999 -9999 -9999 -9999 -9999 -9999
52.5 63.59 64.8 61.24 52.67 53.02 55.26 53.73 54.92 53.76 54.28 61.67 49.41 48.39 31.08 43.17 34.87 24.53 21.7 -9999 -9999 -9999 -9999 -9999 -9999 -9999 -9999 -9999 -9999 -9999 -9999 -9999 -9999 -9999 -9999 -9999 -9999 -9999 -9999 -9999 -9999 -9999 -9999 -9999 -9999 -9999 -9999 -9999 -9999 -9999 -9999 -9999 -9999 -9999 -9999 -9999 -9999 -9999 -9999 -9999 -9999 -9999 -9999 -9999 -9999 -9999 -9999 -9999 -9999 -9999 -9999 -9999 -9999 -9999 -9999 -9999 -9999 -9999
53.06 53.35 54.05 42.13 48.41 50.69 50.37 45.85 44.45 44.55 47.68 49.46 33.38 24.79 22.19 34.01 33.55 28.44 16.30137 -9999 -9999 -9999 -9999 -9999 -9999 -9999 -9999 -9999 -9999 -9999 -9999 -9999 -9999 -9999 -9999 -9999 -9999 -9999 -9999 -9999 -9999 -9999 -9999 -9999 -9999 -9999 -9999 -9999 -9999 -9999 -9999 -9999 -9999 -9999 -9999 -9999 -9999 -9999 -9999 -9999 -9999 -9999 -9999 -9999 -9999 -9999 -9999 -9999 -9999 -9999 -9999 -9999 -9999 -9999 -9999 -9999 -9999 -9999
46.77 30.48 14.49 32.07 31.12 44.89 48.1 37.48 45.69 50.7 45.09 29.29 29.83 14.2 14.17 13.3 8.4 -0.5 -2.575 -9999 -7.988095 -10.58929 -9999 -9999 -9999 -9999 -9999 -9999 -9999 -9999 -9999 -9999 -9999 -9999 -9999 -9999 -9999 -9999 -9999 -9999 -9999 -9999 -9999 -9999 -9999 -9999 -9999 -9999 -9999 -9999 -9999 -9999 -9999 -9999 -9999 -9999 -9999 -9999 -9999 -9999 -9999 -9999 -9999 -9999 -9999 -9999 -9999 -9999 -9999 -9999 -9999 -9999 -9999 -9999 -9999 -9999 -9999 -9999
28.89 31.98 25.3 32.91 33.23 25.86 22.49 10.74 23.34 29.95 21.88 9.96 12.01 17.12 17.68 15.92 14.22 6.16 2.28 -3.21 -5.13 -7.33 -11.36 -17.89247 -21.34426 -25.48 -38.63793 -9999 -9999 -9999 -9999 -9999 -9999 -9999 -9999 -9999 -9999 -9999 -9999 -9999 -9999 -9999 -9999 -9999 -9999 -9999 -9999 -9999 -9999 -9999 -9999 -9999 -9999 -9999 -9999 -9999 -9999 -9999 -9999 -9999 -9999 -9999 -9999 -9999 -9999 -9999 -9999 -9999 -9999 -9999 -9999 -9999 -9999 -9999 -9999 -9999 -9999 -9999
18.71 21.38 30.73 35.22 34.48 32.18 29.06 27.09 16.03 17.08 15.8 14.2 2.62 14.09 22.54 18.38 14.16 10.3 4.44 2.16 -2.36 -11.91 -5.93 -14 -15.8 -22.34 -38.57 -43.88158 -9999 -9999 -9999 -9999 -9999 -9999 -9999 -9999 -9999 -9999 -9999 -9999 -9999 -9999 -9999 -9999 -9999 -9999 -9999 -9999 -9999 -9999 -9999 -9999 -9999 -9999 -9999 -9999 -9999 -9999 -9999 -9999 -9999 -9999 -9999 -9999 -9999 -9999 -9999 -9999 -9999 -9999 -9999 -9999 -9999 -9999 -9999 -9999 -9999 -9999
23.68 29.95 29.3 23.41 21.25 16.05 16.2 8.92 5.52 8.88 10.09 1.28 5.96 9.66 21.26 21.8 19.16 12.24 11.37 11.11 3.49 0.15 -1.83 -4.96 -6.48 -17.95 -27.46 -35.37 -51.66667 -48.52239 -57.32051 -50.02273 -66.57576 -74.98508 -9999 -9999 -9999 -9999 -9999 -9999 -9999 -9999 -9999 -9999 -22.67 -39.05 -57.84615 -61.69091 -9999 -9999 -9999 -9999 -9999 -9999 -9999 -9999 -9999 -9999 -9999 -9999 -9999 -9999 -9999 -9999 -9999 -9999 -9999 -9999 -9999 -9999 -9999 -9999 -9999 -9999 -9999 -9999 -9999 -9999
33.85 32.39 25.8 24.08 20.86 11.94 15.33 16.53 14.65 13.18 15.33 20.63 23.75 18.68 19.49 12.43 11 5.72 5.18 9.42 13.01 5.13 -0.04 -4.49 -2.82 -8.36 -10.77 -13.81 -26.1 -34.16 -60.65 -49.45 -36.01 -65.05 -54.17391 -9999 -9999 -9999 -53.70833 -9999 -69.33334 -9999 -9999 -9999 -36.39796 -28.22 -40.34 -50.24 -56.18 -43.56097 -55.79365 -54.30303 -9999 -9999 -9999 -9999 -9999 -9999 -9999 -9999 -9999 -9999 -9999 -9999 -9999 -9999 -9999 -9999 -9999 -9999 -9999 -9999 -9999 -9999 -9999 -9999 -9999 -9999
25.91 29.18 20.02 11.73 8.96 13.12 13.55 13.07 14.48 22.07 21.09 19.01 23.39 25.97 23.78 14.24 10.5 1.38 2 7.21 12.51 6.01 0.59 4.32 4.17 5.04 -2.8 -8.57 -10.88 -14.35 -25.16 -28.89 -22.15 -36.57 -29.88 -47.38 -55.63 -42.26 -31.37 -53.73 -53.84 -67.36 -42.62 -76.96 -67.98 -59.24 -61.19 -62.33 -49.13 -21.42 -38.26 -38.4 -60.09278 -9999 -9999 -9999 -9999 -9999 -9999 -9999 -9999 -9999 -9999 -9999 -9999 -9999 -9999 -9999 -9999 -9999 -9999 -9999 -9999 -9999 -9999 -9999 -9999 -9999
29.08 29.52 30.63 28.42 26.1 25.38 22.9 21.3 22.62 25.46 24.19 25.36 25.27 27.29 25.5 18.52 13.55 6.12 10.57 15.56 14.28 12.95 4.5 1.42 -4.94 0.8 3.17 -5.03 -5.27 -11.04 -9.09 -7.96 -19.45 -28.45 -21.64 -25.27 -21.4 -10.08 -17.9 -46.96 -40.84 -26.59 -43.85 -51.07 -41.49 -45.04 -52.6 -66.26 -61.56 -24.36 -12.54 -24.61 -45.73 -9999 -9999 -9999 -9999 -9999 -9999 -9999 -9999 -9999 -9999 -9999 -9999 -9999 -9999 -9999 -9999 -9999 -9999 -9999 -9999 -9999 -9999 -9999 -9999 -9999
22.44 21.86 24.2 27.1 24.53 26.02 27.34 26.48 27.46 27.52 24.94 25.84 26.03 23.41 25.14 20.8 21.28 13.89 13.21 14.6 5.86 2.2 -0.54 -1.32 -7.82 -8.63 -1.75 -3.12 -2.72 -6.83 -4.58 -4.6 -14.49 -20.18 -22.01 -9.63 -9.04 -0.02 -12.77 -20.76 -19.87 -19.81 -29.34 -21.06 -13.64 -26.8 -51.11 -45.71 -42.43 -16.07 -21.57 -31.77 -32.93 -9999 -9999 -54.52381 -51.64211 -39.1236 -8.925926 0.05882353 -9999 -9999 -9999 -9999 -9999 -9999 -9999 -9999 -9999 -9999 42.10714 36.33823 41.26415 -9999 -9999 -9999 -9999 -9999
7.75 11.16 20.63 17.94 7.6 15.08 17.76 19.73 19.09 22.18 24.13 27.26 26.4 24.25 27.07 25.98 24.7 23.08 20.82 19.9 14.69 5.82 2.69 -1.02 -4.8 -5.93 -1.06 1.09 -6.23 -6.83 -7.54 -10.99 -11.4 -14.55 -17.42 -16.93 -6.5 2.12 3.96 -0.26 -6.81 -12.04 -19.28 -22.11 -12.28 -12.35 -14.47 -10.42 -14.99 -7.84 -30.33 -17.94 -1.14 4.69 -6.81 -10.18 -4.55 -0.01 -0.73 -12.21918 -9999 -37.9875 -37.14 -17.61 -3.952941 -9999 -9999 -9999 31.14894 44.74 53.71 55.94 56.43 55.1236 -9999 -9999 -9999 -9999
-14.98 -4.79 8.85 -1.34 -7.42 0.03 -1.46 -4.07 3.22 0.49 14.75 23.89 27.26 27.19 26.9 27 23.22 20.76 20.86 20.08 17.56 13.41 10.01 6.84 4.9 1.85 7.17 7.1 1.3 -7.32 -14.18 -15.28 -16.58 -23.89 -17.8 -14.12 -7.55 3.38 7.13 -2.75 1.27 -7.9 -1.61 -9.57 -1.69 -7.06 -13.22 1.02 3.06 -16.47 -20.29 -9.03 10.01 -1.21 -17.34 -25.93 -25.27 -11.6 -13.69 -15.17 -7.57 2.18 -2.11 0.75 16.77 26.99 30.15 29.92 36.51 47.94 54.69 60.58 62.74 61.49438 56.77419 -9999 -9999 -9999
-26.96 -13.01 -8.46 -12.42 -3.11 -9.8 -4.59 -12.72 -1.61 1.13 8.8 15.79 17.44 25.63 28.79 28.43 24.87 25.34 25.29 21.38 20.28 18.79 18.7 14.8 11.34 9.04 11.99 13.14 12.36 11.59 8.13 4.79 0.34 1.66 2.04 -3.09 -0.3 -0.27 7.63 2.22 8.53 4.42 0.05 -1.97 4.83 -3.08 5.18 12.21 -2.07 -17.93 -6.31 8.09 6.4 -10.33 -19.32 -18.75 -11.61 -5.61 11.62 4.82 10.8 17.49 22.99 18.45 23.49 39.74 41.35 46.77 49.53 53.69 58.02 61.55 65.01053 -9999 -9999 -9999 -9999 -9999
-9.63 -13.19 -23.18 -18.26 -14.23 -19.68 -22.54 -16.61 -9.73 -9.21 -2.49 2.57 4.74 19.2 24.67 24.9 27.22 26.22 22 19.69 23.52 23.98 23.75 21.61 18.61 16.75 17.97 17.29 15.13 13.51 14.34 13.93 10.31 10.68 11.16 8.6 10.54 9.52 13.05 7.22 7.43 1.1 1.81 1.22 7.84 2.15 14.92 14.78 13.45 0.51 -0.66 11.68 4.54 -2.45 -5.33 7.81 4.63 -4.02 22.3 20.28 22.96 22.67 29.52 19.12 18.84 37.72 35.74 43.68 49.16 55.36 58.35 62.06 65.09 68.0597 -9999 -9999 -9999 -9999
-27.27 -33.96 -30.62 -31.61 -31.23 -29.19 -22.31 -15.12 -17.94 -12.72 -7.6 3.77 11.57 15.12 18.69 24.67 27.25 27.84 24.49 17.68 18.8 26.51 22.27 15.94 14.2 16.41 21.48 18.99 19.41 16.7 18.05 17.48 13.5 13.43 14.31 14.19 15.11 16.57 17.26 4.49 2.19 1.85 7.33 5.35 0.16 -0.55 12.01 0.55 5.47 9.43 16.58 24.51 21.13 18.83 19.37 18.52 17.26 25.35 35.38 31.44 32.22 29.37 34.27 39.71 30.57 25.09 39.75 47.17 47.29 56.3 60.7 63.49 67.69 69.11224 -9999 -9999 -9999 -9999
-15.11 -24.92 -21.14 -28.2 -20.16 -20.01 -14.96 -20.06 -21.58 -16.05 -9.07 0.2 4.74 7.4 8.72 19.72 21.67 25.83 29.94 28.56 27.95 27.41 22.54 15.67 8.92 14.88 24.16 22.18 17.65 18.07 21.01 21.54 18.04 16.72 18.55 16.12 19.07 19.87 19.36 14.55 11.03 6.56 7.69 10.37 5.86 11.13 14.6 8.58 20.37 25.16 25.99 25.73 23.02 18.5 25.19 32.82 33.55 33.38 40.34 38.23 39.69 35.09 38.89 44.62 40.5 37.83 40.37 51.3 55.65 59.4 56.19 60.63 67.26 69.79 69.66666 -9999 -9999 -9999
-10.95 -11.36 -9.49 -8.16 -8.02 -9.86 -7.98 -8.84 -13.99 -15.96 -11.37 -7.46 -7.18 -1.23 5.98 11.13 10.37 16.8 26.15 28.39 31.24 29.57 19.63 15.73 15.67 19.66 26.38 23.25 18 14.21 19.77 21.72 23.44 23.46 21.56 16.46 20.72 23.91 21.03 19.21 17.11 15.85 15.73 14.03 14.02 16.9 22.4 23.52 28.27 27.3 31.16 31.81 27.92 25.45 24.63 33.27 41.38 42.12 48.08 46.64 41.9 30.85 38.85 40.5 36.04 31.29 39.25 50.69 58.98 60.37 60.99 58.58 63.56 68.80822 -9999 -9999 -9999 -9999
-8.54 -9.53 -9.99 -9.68 -10.33 -6.83 -6.19 -8.08 -10.85 -12.55 -11.36 -11.68 -12.3 -28.44 -20.34 1.9 8.71 15.13 19.94 24.44 28.53 31.81 31.6 27.03 23.07 27.22 29.31 24.17 19.87 13.15 15.47 20.34 22.99 25.94 23.8 22.79 25.32 25.88 21.83 23.44 23.84 22.79 19.93 21.71 23.06 27.13 29.24 30.39 31.53 32.93 32 32.05 32.95 33.02 30.2 31.35 40.58 51.38 53.9 52.01 42.99 35.98 37.88 34.53 25.93 29.66 52.68 58.44 63.17 62.54 60.52 63.125 -9999 -9999 -9999 -9999 -9999 -9999
-4.5 -3.49 -6.39 -9.05 -8.09 -7.6 -6.52 -5.3 -6.67 -8.72 -8.6 -11.73 -17.58 -21.46 -25.06 -15.7 -2.76 3.71 14.58 21.02 24.87 29.55 32.05 34.37 33.53 32.33 32.36 24.07 19.49 15.49 12.62 13.77 19.45 25.13 26.82 26.91 28.23 28.68 25.55 26.89 26.65 21.71 20.04 24.26 27.59 30.59 32.7 34.77 35.59 35.87 34.85 32.97 30.48 30.34 33.47 36.91 44.5 55.9 58.04 47.33 43.16 42.11 48.04 49.58 49.09 57.84 62.2 62.07 67.40816 66 65.58929 -9999 -9999 -9999 -9999 -9999 -9999 -9999
-0.54 -1.51 -2.71 -1.88 -3.89 -6.81 -6.45 -3.91 -4.85 -7.57 -8.46 -11.17 -13.03 -14.48 -10.16 -5.56 3.33 4.96 10.24 21.24 26.3 23.17 21.19 27.23 31.8 33.82 35.53 32.02 27.43 27.18 24.44 17.99 15.75 19.03 20.87 18.54 23.62 27.16 29.3 29.72 26.41 24.95 26.08 27.91 29.35 31.65 33.46 35.2 36.65 36.22 33.96 32.06 31.13 34.47 42.38 45.5 46.03 46.81 60.08 46.92 51.46 59.66 66.64 67.2 64.79 59.82 61.73737 63.67105 -9999 -9999 -9999 -9999 -9999 -9999 -9999 -9999 -9999 -9999
0.64 0.56 0.54 -1.87 -2.97 -4.75 -3.9 -6.99 -9.15 -7.93 -7.06 -10.6 -8.76 -8.66 -6.63 -6.88 5.74 12.23 14.54 22.95 25.39 20.92 14.23 21.17 22.67 23.98 29.47 32.86 35.39 33.39 30.3 27.1 25.16 22.47 25.55 25.54 24.75 26.73 25.88 29.95 30.42 31.72 31.83 29.95 30.07 32.15 34.09 34.46 34.39 32 28.61 27.11 30.6 34.83 45.08 52.04 53.43 57.61 66.13 65.15 66.92 71.77 74.19 69.13 68.1383 -9999 -9999 -9999 -9999 -9999 -9999 -9999 -9999 -9999 -9999 -9999 -9999 -9999
0.23 0.08 -1.25 -2.18 -1.61 -1.07 -3.8 -8.32 -9 -2.87 -4.19 -5.08 -5.47 -2.53 1.58 -0.64 -2.18 13.33 14.8 20.33 21.82 17.54 17.48 17.84 12.97 16.04 21.51 27.34 32.16 36.65 35.38 30.39 27.27 26.75 27.64 27.79 29.84 30.56 29.37 27.25 36.54 34.19 31.36 29.83 28.63 28.52 29.38 32.15 30.67 33 36.75 33.77 35.25 33.74 39.31 49.91 61.97 67.17 68.8 72.93 73.94 73.02 76.2234 -9999 -9999 -9999 -9999 -9999 -9999 -9999 -9999 -9999 -9999 -9999 -9999 -9999 -9999 -9999
-9.28 -5.21 -3.86 -7.18 -7.44 -6.8 -5.92 -6.11 -3.44 0.78 -0.44 -2.36 -1.45 -1.85 6.53 5.47 11.07 0.32 -1.22 -0.39 10.03 14.1 11.35 12.96 8.28 15.83 24.28 28.39 33.28 35.06 36.77 34.02 30.12 29.2 29.31 29.22 31.07 35.76 31.89 34.19 33.1 30.28 28.82 27.25 25.45 24.99 25.88 24.67 29.24 35.8 44.97 45.71 47.39 39.89 48.45 62 66.68 65.65 59.58 70.13 78.11 78.55319 -9999 -9999 -9999 -9999 -9999 -9999 -9999 -9999 -9999 -9999 -9999 -9999 -9999 -9999 -9999 -9999
-10.58 -8.35 -7.86 -7.44 -8.9 -9.51 -10.08 -7.23 -1.12 0.83 3.13 3.7 4.88 3.29 4.98 6.9 7.95 0.96 -5.94 -6.26 -2.53 4.54 3.81 4.86 6.97 12.96 20.26 25.32 29.25 32.53 35.03 37.97 39.25 39.65 39.44 40.53 40.85 38.15 33.19 32.93 34.88 34.43 38.48 36.53 31.24 24.03 22.89 20.63 18.72 35.12 56.65 59.33 59.17 58.3 66.16 70.42 69.29 72.55 65.86735 72.60493 81.67647 -9999 -9999 -9999 -9999 -9999 -9999 -9999 -9999 -9999 -9999 -9999 -9999 -9999 -9999 -9999 -9999 -9999
-4.82 -6.07 -3.75 -2.86 -10.26 -10.86 -11.15 -7.47 -3.36 -1.85 -3.26 -6.01 -5.34 -2.54 1.05 -4.22 -2.97 -0.15 -5.53 -6.87 -6.46 -6.68 -4.23 0.63 5.81 11.7 15.18 19.95 26.81 31.65 34.82 35.99 35.99 38.5 40.22 40.41 39.32 35.99 39.04 39.23 38.97 36.6 46.59 43.87 38.93 42.05 37.25 35.09 45.92 55.06 67.72 68.11 69.26 69.7347 75.58228 74.89394 -9999 -9999 -9999 -9999 -9999 -9999 -9999 -9999 -9999 -9999 -9999 -9999 -9999 -9999 -9999 -9999 -9999 -9999 -9999 -9999 -9999 -9999
-5.39 -4.21 -1.39 -1.8 -8.22 -10.54 -11.09 -13.16 -15.29 -17.19 -17.32 -14.49 -11.93 -11.25 -9.59 -12.38 -13.48 -10.86 -3.2 -6.85 -8.19 -11.11 -9.69 -3.19 1.79 7.21 7.78 6.32 17.15 26.92 28.02 30.58 32.65 34.84 32.55 37.91 37.24 35.6 38.86 35.45 33.92 32.02 42.6 50.3 52.78 46.11 37.95 54.65 64.47 70.13 74.33334 -9999 -9999 -9999 -9999 -9999 -9999 -9999 -9999 -9999 -9999 -9999 -9999 -9999 -9999 -9999 -9999 -9999 -9999 -9999 -9999 -9999 -9999 -9999 -9999 -9999 -9999 -9999
2.55 1.14 0.87 -3.42 -6.6 -10.24 -12.28 -13.1 -17.76 -20.96 -20.16 -16.76 -20.79 -18.91 -16.38 -14.34 -14.34 -15.48 -16.27 -6.7 -12.39 -14.28 -19.04 -12.26 -2.62 2.76 6.45 9.84 15.78 19.7 19.31 24.19 28.41 33.65 34.58 32.33 30.42 33.41 35.03 33.73 36.42 38.07 46.75 57.58 47.94 40.92 49.32 65.57746 -9999 -9999 -9999 -9999 -9999 -9999 -9999 -9999 -9999 -9999 -9999 -9999 -9999 -9999 -9999 -9999 -9999 -9999 -9999 -9999 -9999 -9999 -9999 -9999 -9999 -9999 -9999 -9999 -9999 -9999
8.85 5.42 2.11 -3.26 -7.39 -9.18 -9.85 -12.02 -13.43 -16.85 -19.99 -21.19 -20.44 -17.78 -15.58 -15.64 -15.94 -12.44 -13.35 -13.64 -8.76 -13.99 -19.83 -18.65 -10.88 -3.92 3.27 12.82 14.15 14.27 13.04 18.83 25 31.51 31.98 26.58 27.88 32.09 30.62 34.64 33.49 49.46 48.21 48.37 51.96 52.12 56.86 -9999 -9999 -9999 -9999 -9999 -9999 -9999 -9999 -9999 -9999 -9999 -9999 -9999 -9999 -9999 -9999 -9999 -9999 -9999 -9999 -9999 -9999 -9999 -9999 -9999 -9999 -9999 -9999 -9999 -9999 -9999
