layers/wordclim/future/Iberia_wcB2a_10_hadcm3_2050/bio_08.asc
ncols         166
nrows         93
xllcorner     -9.4959440078468
yllcorner     36.000324005443
cellsize      0.083333337679505
NODATA_value  -9999
[rows 0 to 32 of 93, columns 0 to 72 of 166]
-9999 -9999 -9999 -9999 -9999 -9999 -9999 -9999 -9999 -9999 -9999 -9999 -9999 -9999 -9999 -9999 -9999 108.2927 96.75 109.6119 107.7273 104.8977 107.4928 106.6667 -9999 -9999 -9999 -9999 -9999 -9999 -9999 -9999 -9999 -9999 -9999 -9999 -9999 -9999 -9999 -9999 -9999 -9999 -9999 -9999 -9999 -9999 -9999 -9999 -9999 -9999 -9999 -9999 -9999 -9999 -9999 -9999 -9999 -9999 -9999 -9999 -9999 -9999 -9999 -9999 -9999 -9999 -9999 -9999 -9999 -9999 -9999 -9999 -9999
-9999 -9999 -9999 -9999 -9999 -9999 -9999 -9999 -9999 -9999 -9999 -9999 -9999 -9999 -9999 -9999 110.9394 107.8842 102.4 106.37 97.59 95.11 103.0707 93.77 94.77 101.9278 -9999 -9999 -9999 -9999 -9999 -9999 -9999 -9999 -9999 -9999 -9999 -9999 -9999 -9999 -9999 -9999 -9999 133.0938 134.0192 -9999 -9999 -9999 -9999 -9999 -9999 -9999 -9999 -9999 -9999 -9999 -9999 -9999 -9999 -9999 -9999 -9999 -9999 -9999 -9999 -9999 -9999 -9999 -9999 -9999 -9999 -9999 -9999
-9999 -9999 -9999 -9999 -9999 -9999 -9999 -9999 -9999 -9999 -9999 -9999 -9999 -9999 113.5926 114.2632 110.7879 107.14 102.13 93.86 88.06 88.59 91.22 83.35 98.78 104.57 104.4947 102.7342 102.5775 107.2182 105.7375 105.369 102.3289 106.5844 99.67088 103.8333 102.8356 103.2639 110.9545 122.2165 126.0641 128.381 131 131.88 130.76 134.5844 134.3607 130.2333 129.6271 -9999 -9999 -9999 -9999 -9999 -9999 -9999 -9999 -9999 -9999 -9999 -9999 -9999 -9999 -9999 -9999 -9999 -9999 -9999 -9999 -9999 -9999 -9999 -9999
-9999 -9999 -9999 -9999 -9999 -9999 -9999 -9999 -9999 -9999 -9999 -9999 -9999 -9999 -9999 -9999 105.3939 96.17 91.85 94.26 87.59 79.31 74.98 73.59 83.59 95.36 100.69 92.91 101.53 101.101 91.35 86.9 85.39 95.01 79.36 88.64 93.64 89.62 83.54 117.31 126.0303 120.49 120.15 125.41 128.53 128.09 122.09 120.61 129.53 127.02 125.13 122.2949 130.7821 133.1186 132.54 -9999 -9999 -9999 -9999 -9999 -9999 -9999 -9999 -9999 -9999 -9999 -9999 139.726 -9999 138.6984 134.9063 135.7701 119.1739
-9999 -9999 -9999 -9999 -9999 -9999 -9999 -9999 -9999 -9999 -9999 -9999 -9999 -9999 114.9701 112.9792 104.72 95.79 92.76 87.66 88.94 86.4 85.1 78.03 80.93 82.6 86.31 92.99 91.42 78.89 68.36 75.24 83.34 78.55 72.78 85.04 76.1 69.75 97.72 116.77 120.1 126.19 127.58 123.07 125.59 124.52 121.61 121.34 121.56 122.38 123.06 130.02 130.46 121.72 120.99 118.48 111.89 121.8404 128.4074 134.9178 136.961 138.2821 136.4028 133.6265 135.1939 138.88 136.93 136.77 134.1354 136.36 128.44 118.97 116.9762
-9999 -9999 -9999 -9999 -9999 -9999 117.3704 118.975 116.6351 -9999 113.5946 113.0361 112.08 115.1414 114.13 -9999 103.73 95.32 86.52 87.36 89.14 89.82 88.16 89.62 85.25 84.72 83.19 89.49 74.49 69.58 70.92 83.38 77.02 62.11 63.2 76.19 85.2 95.04 95.39 106.35 104.11 105.57 112 119.26 119.14 118.79 114.68 105.45 103.62 110.73 101.67 110.45 117.24 104.54 95.05 99.69 109.12 103.45 117.66 115.61 124.84 122.08 124.93 127.25 124.15 129.71 129.95 129.1 116.39 98.88 99.97 102.66 106.21
-9999 -9999 -9999 -9999 -9999 -9999 115.1233 115.32 114.34 114.08 109.76 100.65 102.46 104.97 108.97 106.71 97.51 93.06 87.85 88.31 87.86 90.49 89.66 90.47 88.6 84.72 78.9 81.35 75.06 70.31 76.22 81.45 65.14 55.83 68.61 74.72 73.11 61.83 75.28 76.3 81.53 99.61 69.08 97.38 113.6 102.17 97.98 102.97 99.4 97.27 79.23 92.31 95.72 76.96 32.37 57.6 47.69 53.85 102.72 92.7 102.82 110.79 114.43 107.62 114.57 122.35 116.92 116.21 114.38 78.83 57.75 78.18 91.29
-9999 -9999 -9999 -9999 119.9032 113.71 112.72 107.14 103.52 103.46 99.19 99.87 101.31 98.92 99.9 95.59 91.24 90.17 87.11 88.74 87.29 87.4 90.23 88.77 86.07 80.79 74.44 78.19 65.13 68.91 65.28 73.51 63.15 55.89 64.37 67.05 53.64 41.89 68.07 56.26 70.16 67.49 86.69 87.37 99.36 89.26 90.17 89.6 76.72 69.42 76.64 71.46 65.11 78.21 59.53 48.34 59.92 92.89 106.64 99.1 68.16 85.21 93.5 94.71 96.56 112.21 98.75 108.2 97.72 57.96 48.22 56.24 62.93
-9999 -9999 -9999 119.2887 115.37 107.59 106.47 103.65 102.21 100.14 101.16 101.15 103.59 101.77 99.76 98 94.17 89.19 81.95 84.23 87.21 85.9 87.14 85.73 81.01 78.16 70.88 67.88 72.9 70.1 76.72 73.6 57.38 47.97 58.87 45.64 45.35 25.45 24.86 29.44 18.3 38.83 32.2 72.63 85.85 52.31 48.24 58.5 50.01 47.97 64.45 56.02 67.15 72.25 60.35 61.67 39.58 42.79 62.79 78.68 69.91 40.69 57.97 83.23 87.86 90.96 89.46 91.98 84.11 80.98 85.32 75.92 71.55
-9999 -9999 -9999 120.2588 110.404 107.02 104.91 104.29 104.34 103.59 103.96 104.07 103.23 100.99 98.84 96.55 95.55 88.2 85.7 81.71 84.53 81.43 81.88 85.79 85.61 82.08 71.86 70.48 67.56 75.68 72.56 60.94 58.55 48.14 44.4 36.92 28.93 37.53 39.43 41.13 42.68 56.47 55.02 48.32 59.59 64.09 58.68 65.04 56.45 63.9 75.74 68.41 68.72 72.18 75.5 64.61 45.09 40.18 50.8 68.43 76.38 44.77 59.1 84.68 89.09 90.58 91.54 90.65 91.31 91.3 95.06 103.86 85.81
-9999 -9999 -9999 -9999 116.3276 105.68 106.2 108.34 105.44 109.38 111.29 104.08 100.18 102.95 100.99 99.2 99.75 96.44 91.15 86.21 81.63 83.37 84.99 86.37 86.93 82.13 75.48 66.72 72.21 71.33 59.12 45.24 34.39 33.81 41.88 38.83 39.98 35.52 23.82 31.49 31.8 34.35 57.31 69.51 56.79 68.05 70.61 73.45 66.81 76.84 79.27 71.05 77.62 70.97 77.01 65.72 65.04 65.06 67.18 80.31 85.28 85.36 85.37 88.51 88.1 90.53 86.96 93.88 92.23 95.3 83.84 86.93 98.2
-9999 -9999 -9999 -9999 118.825 116 116.4545 117.011 101.22 108.6 110.75 110.51 106.21 106.31 104.11 92.84 93.64 88.53 81.57 82.84 77.07 78.61 85.64 78.87 78.22 82.73 68.07 62.47 64.15 60.19 53.69 34.01 43 49.49 56.55 53.24 40.18 27.39 28.96 31.87 55.87 68.89 74.62 75.98 78.06 73.99 82.23 83.89 80.96 85.19 84.63 83.49 85.13 81.67 85.96 79.43 76.07 84.04 84.58 83.45 87.3 89.53 93.46 92.85 88.77 93.89 93.6 87.3 91.52 86.19 66.53 79.97 74.24
-9999 -9999 -9999 -9999 -9999 -9999 103.837 111.89 108.9 114.3 109.32 104.11 104.86 90.44 90.54 88.1 83.07 82.51 75.68 70.67 77.48 83.27 73.12 70.64 72.96 71.18 59.12 46.76 44.19 49.37 54.3 46.6 56.72 62.9 60.79 60.72 51.83 49.69 70.01 73.05 68.14 70.2 75.92 81.06 82.79 81.15 87.13 89.07 86.79 92.13 86.99 91.12 89.63 90.8 88.26 85.5 86.11 87.59 90.81 88.69 93.76 92.99 94.29 88.96 87.52 87.98 88.83 87.99 89.94 85.65 74.84 76.34 100.09
-9999 -9999 -9999 -9999 -9999 120.2712 111.4574 -9999 -9999 109.84 109.56 96.19 87.35 80.4 73.91 84.33 82.29 75.43 71.27 67.87 76.68 79.75 74.79 74.62 83.55 70.17 54.91 54.83 48.58 40.21 52.61 59.44 65.91 71.45 70.22 66.35 64.97 82.94 84.16 75.78 79.66 83.32 83.5 86.19 86.59 86.02 92.15 93.33 94 94.6 92.87 96.23 91.65 95.98 91.43 89.62 91.57 91.66 95.93 94.14 96.35 99.43 97.52 92.25 91.56 88.67 87.95 86.3 85.14 82.8 83.5 88.45 101.53
-9999 -9999 -9999 -9999 -9999 -9999 -9999 122 118.4337 115.34 105.58 94.07 86.4 81.46 74.07 74.75 76.6 70.99 67.38 70.89 73.17 78.18 76.88 82.74 80.77 74.49 64.43 59.48 46.69 43.97 51.13 66.39 73.17 76.19 71.94 65.59 52.01 46.72 55.29 71.2 81.79 86.38 86.68 90.8 90.41 90.76 93.96 97.04 98.35 97.76 97.79 94.99 95.13 99.33 95.41 93.73 97.03 96.01 97.44 99.3 98.39 101.04 101.2 99.92 98.48 96.51 92.62 86.19 86.03 85.28 89.32 91.44 81.77
-9999 -9999 -9999 -9999 -9999 -9999 -9999 120.6042 114.8696 102.1348 108.31 95.67 82.95 70.91 75.14 79.72 81.71 81.19 79.77 77.82 76.96 76.99 78.61 78.38 71.97 70.2 70.86 69.09 52.17 56.4 62.45 68.08 71.17 58.96 45.31 46.4 36.41 33.81 64.24 80.83 86.33 89.77 89.57 93.48 93.29 93.61 95.65 99.62 99.92 98.91 97.53 96.63 98.21 101.75 99.24 97.25 100.17 102.49 102.75 103.19 104.25 104.06 102.76 102.51 101.06 98.88 92.4 88.74 88.81 88.14 86.47 85 85.69
-9999 -9999 -9999 -9999 -9999 -9999 -9999 -9999 -9999 104.5294 104.4301 95.98 88.47 71.35 72.6 83.36 89.31 84.7 84.84 84.26 82.2 68.57 63.3 67.54 67.33 56.48 54.51 70.44 71.55 54.82 50.05 58.18 41.49 36.45 41.26 24.35 24.27 32.15 61.06 79.93 84.78 89.76 93.74 95.35 95.4 95.74 96.83 100.24 99.17 98.69 99.44 99.06 101.47 103.57 102.19 101.03 102.61 105.4 106.03 107.08 106.64 107.12 106.38 105.38 103.15 97.82 93.46 91.9 91.18 89.64 86.29 84.41 83.49
-9999 -9999 -9999 -9999 -9999 -9999 -9999 -9999 113.6282 101.803 -9999 94.02 86.26 78.91 68.05 78.73 91.07 86.16 80.43 83.26 80.17 69.83 66.21 54.68 49.79 47.57 39.31 58.34 60.22 49.66 35.44 30.35 25.57 24.62 29.97 38.81 37.56 29.19 42.84 78.35 87.81 91.51 94.57 96.25 96.54 96.89 98.17 101.12 98.4 97.22 100.57 102.02 104.61 105.13 104.88 105.31 105.79 107.03 109.19 109.52 109.8 108.61 108.2 106.02 101.93 95.49 95.59 95.7 92.77 88.85 85.62 84.1 80.88
-9999 -9999 -9999 -9999 -9999 -9999 -9999 -9999 -9999 107.4835 100.81 98.94 97.97 83.57 76.95 84.39 86.37 81.62 80.14 76.32 73.69 70.02 69.67 53.7 40.87 34.76 27.74 41.34 55.37 43.12 34.35 21.04 8.89 12.11 20.37 19.58 24.47 37.72 49.26 81.06 87.03 90.62 92.26 95.93 97.81 98.31 99.37 101.24 98.85 100.12 102.43 104.16 105.51 105.24 106.24 107.54 108.87 108.95 110.9 112.82 112.7 110.04 108.73 104.75 100.06 101.49 100.03 96.44 93.35 90.25 87.17 83.93 76.7
-9999 -9999 -9999 -9999 -9999 -9999 -9999 -9999 109.7802 94.83 106.16 102.5 101.68 87.49 94.18 83.62 74.74 66.75 68.72 67.2 66.11 69.4 65.93 60.04 49.31 39.81 41.36 48.67 51.89 38.89 28.86 18 18.68 34.42 39.7 38.03 37.82 43.24 59.66 88.98 90 92.9 94.73 95.88 99.27 99.25 100.6 101.08 101.07 102.81 103.2 104.8 104.51 104.92 107.27 108.86 111.14 113.44 113.24 115.95 110.88 106.8 107.01 104.64 105.83 101.4 100.61 97.77 94.27 89.97 85.7 81.36 83.21
-9999 -9999 -9999 -9999 -9999 -9999 -9999 95.74603 94.61 102.88 105.57 103.55 97.45 95.54 74.13 58.07 49.36 55.47 62.17 66.92 67.97 67.87 67.47 60.4 68.3 54.46 50.87 52.9 46.63 40.03 33.26 27.35 25.49 42.78 45.01 45.43 46.48 47.69 57.21 87.71 93.47 95.6 97.3 97.79 98.39 100.35 102.42 101.72 102.25 102.15 104.84 104.89 104.53 106.26 107.78 109.56 111.81 114.47 115.68 117.26 111.59 111.45 111.62 107.48 103.24 100.68 100.14 98.3 95.97 93.69 90.29 87.27 83
-9999 -9999 -9999 -9999 -9999 -9999 -9999 99.93333 107.14 104.63 100.18 82.08 87.1 78.46 53.57 63.94 66.91 70.83 66.96 57.78 54.58 58.91 60.56 64.93 75.77 64.18 58.16 60.27 54.25 49.02 47.92 43.68 34.61 48.83 49.65 47.44 45.64 49.41 53.19 90.74 92.38 95.45 97.74 99.13 100.72 102.03 102.27 102.26 102.84 103.92 104.8 104.55 103.84 106.61 107.71 109.13 110.35 110.26 108.62 114.05 115.76 111.96 108.83 105.01 100.51 97.8 97.74 96.15 93.34 91.06 88.98 83.99 81.48
-9999 -9999 -9999 -9999 -9999 -9999 -9999 107.1515 104.2045 94.28 95.07 81.28 92.95 88.74 79.41 77.59 75.74 61.13 49.4 49.17 49.7 49.8 63.55 65.8 76.45 67.01 57.3 62.48 61.19 53.47 52.82 52.96 51.25 58.06 54.46 55.28 51.9 49.55 47.56 73.51 87.88 90.91 95.67 97.46 99.71 101.28 102.72 103.71 104.48 105.38 105.15 104.6 105.14 105.57 104.33 103.6 104.25 105.79 108.52 114.54 111.65 108.71 106.01 102.42 99.45 97.42 95.9 95.56 93.56 92.06 90.92 88.11 85.24
-9999 -9999 -9999 -9999 -9999 -9999 -9999 -9999 98.91 90.83 103.99 97.46 97.89 91.57 82.07 64.1 55.74 47.22 59.54 53.5 55.35 54.86 59.02 67.37 78.1 69.16 58.49 65.91 64.72 63.93 56.9 49.77 56.46 62.99 55.46 58.63 55.89 51.41 52.72 73.37 91.21 91.24 95.64 100.2 100.96 101.42 103.32 103.78 103.21 102.43 104.58 104.94 102.87 100.79 100.87 101.57 102.78 106.56 111.57 110.97 108.07 107.36 104.94 103.18 100.98 99.41 99.77 98.36 96.31 95.57 94.19 93.07 91.47
-9999 -9999 -9999 -9999 -9999 -9999 -9999 -9999 104.7111 104.8775 99.3 95.11 88.76 91.25 84.16 77.23 73.46 74.31 63.97 55.83 55.18 61.26 69.26 75.92 72.56 62.13 67.11 72.33 74.16 65.96 56.07 45.77 56.5 57.09 59.65 61.46 54.33 52.03 52.89 68.91 96.04 95.58 96.33 99.58 101.43 102.13 103.21 104.19 103.76 103.43 102.69 101.09 100.18 100.55 100.33 100.66 103.17 108.67 107.27 106.76 106.55 106.4 103.96 102.09 100.62 98.94 102.85 103.05 101.39 98.89 98.33 96.12 94.42
-9999 -9999 -9999 -9999 -9999 -9999 -9999 -9999 107.0132 102.36 100.5 100.33 103.05 99.29 94.75 83.89 78.91 62.19 58.82 61.8 69.11 69.6 74.98 76.8 59.83 69.41 75.56 80.41 80.03 70.35 59.11 54.66 54.65 60.65 62.57 62.71 58.6 56.28 54.53 65.22 94.73 96.6 99.17 100.37 100.76 102.78 103.52 101.59 101.74 101.61 101.92 103.08 102.37 101.47 100.2 100.46 105.02 107.52 106.38 107.53 107.06 105.66 104.9 105.74 105.54 101.44 103.08 99.69 99.26 98.35 98.28 96.24 94.63
-9999 -9999 -9999 -9999 -9999 -9999 -9999 -9999 -9999 103.37 104.8 102.68 100.55 91.4 92.48 89.7 76.44 75.3 76.14 75.05 78.65 64.88 66.19 57.68 62.52 75.35 82.49 84.7 79.85 70.95 65.16 65.41 64.05 69.36 67.7 65.57 60.08 56.25 58.2 67.22 98.62 96.45 98.97 99.97 101.41 104.63 104.92 103.17 103.36 104.23 104.99 105.04 104.98 103.12 104.02 106.15 107.02 107.57 108.18 103.31 103.43 102.11 100.89 101.14 101.6 100.61 97.53 95.23 95.35 94.31 90.54 90.59 88.33
-9999 -9999 -9999 -9999 -9999 -9999 -9999 -9999 -9999 106.13 102.78 101.46 96.02 96.8 93.74 88.01 80.38 78.12 90.09 77.51 62.18 59.27 59.52 64.37 70.72 71.38 72.74 83.56 78.95 66.02 56.25 68.9 72.12 72.5 69.62 67 61.74 58.75 61.16 74.5 97.38 99.72 99.48 100.86 102.66 103.81 104.26 102.89 103.7 105.77 106.56 105.72 106.53 106.56 105.81 104.9 105.98 107.07 106.05 102.68 101.43 100.69 100.1 99.43 99.43 98.97 97.4 91.25 84.91 83.6 85.07 91.66 90.89
-9999 -9999 -9999 -9999 -9999 -9999 -9999 -9999 -9999 107.1313 105.1 103.15 101.04 97.65 92.41 91.3 81.61 82.95 89.64 74.06 50.78 68.95 64.63 66.15 73.77 82.12 82.58 80.69 75.31 77.37 69.5 73.86 72.06 62.86 58.48 59.28 61.93 64.02 61.69 69.66 96.43 96.99 97.97 98.79 100.23 99.93 100.01 101.22 101.31 101.95 102.94 103.84 103.68 103.96 102.68 102.89 104.91 106.23 104.44 104.54 105.87 104.05 103.02 102.42 100.94 99.45 99.3 92.8 86.38 88.85 90.59 90.88 89.69
-9999 -9999 -9999 -9999 -9999 -9999 -9999 -9999 -9999 107.5443 103.01 100.98 94.95 89.8 91.09 93.46 90.75 93.66 75.7 64.26 80.18 86.56 72.32 85.25 69.69 80.25 70.51 70.34 82.18 81.59 76.79 78.89 70.14 61.87 62.04 65.55 68.48 62.95 62.94 72.13 97.42 96.6 95.59 95.43 95.74 95.56 96.68 98.01 100.37 102.83 100.71 102.32 103.37 104.35 105.09 105.53 105.14 105.12 105.12 104.97 105.07 104.5 103.28 101.35 99.55 98.83 97.09 95.27 90.87 93.23 91.07 85.21 78.08
-9999 -9999 -9999 -9999 -9999 -9999 -9999 -9999 -9999 107.6792 104.54 101.61 98.61 94.5 94.93 92.85 95.82 78.46 71.63 70.16 90.05 89.58 85.1 92.02 85.06 78.41 66.93 67.61 85.91 80.59 73.4 74.25 67.43 66.77 65.14 65.69 60.24 58.87 65.38 70.66 99.53 97.36 95.71 93.39 94.56 95.99 95.82 95.2 96.99 100.12 101.33 102.28 103.1 103.61 104.47 104.6 103.8 104.08 102.87 104 103.43 103.04 102.04 100.53 99.1 97.97 96.12 93.82 90.35 89.08 88.21 77.39 60
-9999 -9999 -9999 -9999 -9999 -9999 -9999 -9999 -9999 -9999 109.0323 111.31 104.95 97.37 94.26 95.75 91.14 86.72 87.28 82.4 88.61 85.59 85.25 84.86 79.16 80.98 82 82.2 88.57 76.35 72.59 75.41 74.02 68.82 62.77 61.97 61.02 59.2 63.66 66.63 96.84 100.57 98.72 98.93 98.71 98.46 97.91 97 97.57 99.74 101.54 101.65 102.16 102.03 103.09 103.73 101.88 102.67 100.67 102.07 102.68 101.04 99.6 100.06 98.28 94.1 90.2 88.61 86.47 81.31 70.13 61.03 63.28
-9999 -9999 -9999 -9999 -9999 -9999 -9999 -9999 -9999 -9999 111.0714 108.87 106.92 100.44 97.43 90.09 74.34 76.8 61.86 63.84 75.16 69.33 72.04 69.3 66.63 68.21 74.62 75.94 86.35 83.42 82.31 80.08 78.74 69.45 64.33 63.71 61.39 60.5 66.04 66.29 89.07 99.07 99.45 100.11 100.35 99.94 99.11 97.89 97.21 98.26 99.85 100.7 100.67 100.72 101.78 101.31 99.97 101.2 99.44 99.81 99.77 98.08 99.65 97.56 94.41 90.19 84.84 69.74 67.96 67.79 84.17 83.82 70.39
