layers/wordclim/future/Iberia_wcB2a_10_hadcm3_2050/bio_19.asc
ncols         166
nrows         93
xllcorner     -9.4959440078468
yllcorner     36.000324005443
cellsize      0.083333337679505
NODATA_value  -9999
[rows 32 to 63 of 93, columns 74 to 147 of 166]
148.43 150.17 153.32 137.37 134.57 134.36 132.53 136.87 139.56 142.63 141.62 139.36 143.62 145.72 139.56 129.02 131.91 123.51 115.14 107.26 102.16 100.7 98.56 81.91 88.28 92.3 105.12 94.37 81.75 78.56 78.19 78.12 77.2 77.22 79.52 79.41 80.19 80.99 83.23 89.19 94.62 97.11 100.54 107.08 110.49 114.51 110.95 101.2 123.55 134.59 127.97 107.4366 -9999 -9999 -9999 -9999 -9999 -9999 -9999 -9999 -9999 -9999 -9999 -9999 -9999 -9999 -9999 -9999 -9999 -9999 -9999 -9999 -9999 -9999
140.74 139.44 135.91 131.77 126.59 128.41 130.4 136.45 140.96 140.32 138.05 137.39 135.63 137.81 139.29 136.62 129.66 121.05 112.57 107.74 103.42 93.17 90.36 88.2 78.98 88.05 103.29 105.19 93.08 85.85 80.99 75.44 77.39 81.19 86.04 85.28 84.85 84.28 88.33 97.48 101.37 103.19 109.7 112.13 118.7 104.98 112.81 120.47 126.53 128.04 122.64 -9999 -9999 -9999 -9999 -9999 -9999 -9999 -9999 -9999 -9999 -9999 -9999 -9999 -9999 -9999 -9999 -9999 -9999 -9999 -9999 -9999 -9999 -9999
137.48 132.48 125.96 127.05 131.52 136.81 138.28 135.97 136.17 137.18 138.93 138.71 129.13 132.6 130.95 134.48 121.67 119.33 118.15 112.04 105.99 97.03 91.21 82.76 76.99 85.84 90.65 96.54 88.63 89.55 86.92 84.28 84.91 90.3 89.86 91 90.58 89.63 99.8 106.22 107.1 109.29 115.52 125.39 126.47 102.14 105.59 131.48 109.0707 -9999 -9999 -9999 -9999 -9999 -9999 -9999 -9999 -9999 -9999 -9999 -9999 -9999 -9999 -9999 -9999 -9999 -9999 -9999 -9999 -9999 -9999 -9999 -9999 -9999
137.13 129.87 122.01 126.21 135.67 136.67 134.95 130.65 130.74 138.6 137.65 131.52 131.45 132.64 128.55 126.97 125.01 121.82 115.21 116.95 114.46 103.39 88.04 80.26 82.25 100.71 102.28 99.43 99.25 101.64 98.52 102.87 106.21 102.75 101.25 99.2 92.11 98 101.15 111.63 112.12 122.39 131.34 144.03 123.3 101.16 102.28 105.43 98.47887 -9999 -9999 -9999 -9999 -9999 -9999 -9999 -9999 -9999 -9999 -9999 -9999 -9999 -9999 -9999 -9999 -9999 -9999 -9999 -9999 -9999 -9999 -9999 -9999 -9999
136.44 125.75 124.98 137.31 135.85 134.97 139.32 128.58 122.33 122.54 125.86 132.77 144.5 144.54 144.17 135.46 132.73 132.67 126.88 127.17 118.26 114.89 93.86 80.75 88.47 105.43 98.38 98.5 104.18 107.91 108.35 103.69 108.39 105.48 103.73 98.52 100.61 103.51 112.74 123.27 128.56 139.21 134.57 131.97 111.15 103.44 100.7 97.35052 98.43011 99.51163 100.3913 -9999 -9999 -9999 -9999 -9999 -9999 -9999 -9999 -9999 -9999 -9999 -9999 -9999 -9999 -9999 -9999 -9999 -9999 -9999 -9999 -9999 -9999 -9999
136.34 125.81 133.16 134.49 131.92 138.1 139.5 126.78 130.59 135.31 139.81 138.59 141.26 145.17 147.29 143.69 139.8 137.68 138.32 143.77 127.7 123.73 108.67 89.25 79.78 98.61 95.66 90.17 94.22 107.56 107.99 113.93 119.46 118.65 124.13 109.97 107.69 107.65 115.81 126.58 128.6 127.28 122.78 112.66 106.87 106.79 112.5532 -9999 -9999 -9999 -9999 -9999 -9999 -9999 -9999 -9999 -9999 -9999 -9999 -9999 -9999 -9999 -9999 -9999 -9999 -9999 -9999 -9999 -9999 -9999 -9999 -9999 -9999 -9999
135.31 137.88 139.61 131.41 136.61 139.41 134.97 125.37 133.31 132.73 132.92 129.02 129.54 133.9 139.54 143.88 156.19 150.45 152.1 155.72 140.93 128.63 115.97 95.58 79.07 86.47 94.06 83.46 97.54 125.76 112.58 120.3 130.5 135.01 144.43 124.1 119.28 116.38 120.99 128.28 124.31 122.44 116.58 108.24 102.62 101.47 -9999 -9999 -9999 -9999 -9999 -9999 -9999 -9999 -9999 -9999 -9999 -9999 -9999 -9999 -9999 -9999 -9999 -9999 -9999 -9999 -9999 -9999 -9999 -9999 -9999 -9999 -9999 -9999
145.99 145.32 138.58 136.64 139.94 136.4 128.17 124.35 127.07 122.46 123.75 124.07 132.93 135.49 142.44 147.68 151.99 157.23 153.42 157.03 148.5 130.43 113.17 98.91 83.59 82.93 89.54 83.37 112.31 121.22 125.46 136.82 157.34 155.29 146.63 142.73 128.23 126.44 127.41 127.87 119.17 117.44 117.8 111.42 99.83 98.62 -9999 -9999 -9999 -9999 -9999 -9999 -9999 -9999 -9999 -9999 -9999 -9999 -9999 -9999 -9999 -9999 -9999 -9999 -9999 -9999 -9999 -9999 -9999 -9999 -9999 -9999 -9999 -9999
149.72 145.72 138.32 139.12 134.57 126.37 128.13 124.54 134.62 136.52 126.23 132.38 130.89 133.39 135.62 147.35 148.89 154.02 157.11 155.29 141.02 123.46 116.47 109.47 89.65 79.08 73.64 86.89 110.52 113.64 122.66 137.87 163.42 162.35 149.05 137.62 125.33 115.53 118.14 117.2 117.1 115.06 120.92 116.95 103.3494 -9999 -9999 -9999 -9999 -9999 -9999 -9999 -9999 -9999 -9999 -9999 -9999 -9999 -9999 -9999 -9999 -9999 -9999 -9999 -9999 -9999 -9999 -9999 -9999 -9999 -9999 -9999 -9999 -9999
148.37 142.8 141.47 137.88 129.13 132.07 137.02 129.06 131.02 136.04 136.39 140.25 140.07 141.5 141.54 149.77 154.95 153.52 145.08 158.02 147.05 137.84 129.28 114.8 102.43 87.36 73.42 89.46 105.94 95.13 99.58 120.98 141.45 136.28 138.07 132.54 125.26 113.98 113.18 117.39 119.01 112.74 114.43 120.3902 -9999 -9999 -9999 -9999 -9999 -9999 -9999 -9999 -9999 -9999 -9999 -9999 -9999 -9999 -9999 -9999 -9999 -9999 -9999 -9999 -9999 -9999 -9999 -9999 -9999 -9999 -9999 -9999 -9999 -9999
146.58 144.81 139.78 132.02 131.33 141.28 141.45 135.7 143.28 140.68 139.42 140.36 145.02 150.66 141.52 149.76 146.8 145.06 150.49 147.25 143.01 128.68 138.23 108.68 99.69 83.69 87.14 107.99 105.13 90.67 90.05 99.55 108.82 118.88 114.96 122.05 121.58 108.09 106.37 111.32 113.93 113.96 109.7763 -9999 -9999 -9999 -9999 -9999 -9999 -9999 -9999 -9999 -9999 -9999 -9999 -9999 -9999 -9999 -9999 -9999 -9999 -9999 -9999 -9999 -9999 -9999 -9999 -9999 -9999 -9999 -9999 -9999 -9999 -9999
146.06 139.96 133.08 133.35 137.02 143.69 144.54 142.5 145.1 146.25 145.96 150.07 148.88 147.22 145.55 149.39 149.72 148.58 140.91 136.82 128.28 125.64 125.25 107.97 85.92 87.7 106.45 141.87 135.74 106.7 94.15 95.47 97.52 100.59 107.49 109.04 110.45 109.32 107.23 112.04 115.54 112.0682 -9999 -9999 -9999 -9999 -9999 -9999 -9999 -9999 -9999 -9999 -9999 -9999 -9999 -9999 -9999 -9999 -9999 -9999 -9999 -9999 -9999 -9999 -9999 -9999 -9999 -9999 -9999 -9999 -9999 -9999 -9999 -9999
138.31 138.43 140.5 140.36 140.98 144.17 145.55 145.44 145.68 149.72 149.16 153.52 149.77 143.95 146.88 146.6 146.5 137.5 131.76 132.21 121.4 120.37 125.88 110.03 90.59 99.44 120.88 145.07 133.64 113.73 107.99 102.53 106.13 101.53 103.74 104.44 104.47 104.05 107.33 111.25 111.7313 -9999 -9999 -9999 -9999 -9999 -9999 -9999 -9999 -9999 -9999 -9999 -9999 -9999 -9999 -9999 -9999 -9999 -9999 -9999 -9999 -9999 -9999 -9999 -9999 -9999 -9999 -9999 -9999 -9999 -9999 -9999 -9999 -9999
144.85 145.37 145.31 144.03 142.96 144.66 145.99 142.02 142.48 146.27 147.34 148.82 146.4 147.77 146.54 144.16 141.44 130.28 125.69 121.19 121.88 120.05 114.6 105.38 97.37 93 99.26 112.41 124.44 137.07 121.48 105.83 103.73 104.36 109.61 109.4 106.51 104.58 106 106.9897 -9999 -9999 -9999 -9999 -9999 -9999 -9999 -9999 -9999 -9999 -9999 -9999 -9999 -9999 -9999 -9999 -9999 -9999 -9999 -9999 -9999 -9999 -9999 -9999 -9999 -9999 -9999 -9999 -9999 -9999 -9999 -9999 -9999 -9999
144.31 143.77 142.5 140.44 141.01 142.62 142.05 141.39 141.91 141.14 144.5 143.72 140.03 146.88 147.33 145.01 140.08 129.59 127.6 117.97 121.2 124.11 113.84 103.68 104.74 100.52 93.22 98.1 105.05 116.14 123.02 109.16 103.98 102.59 105.41 113.52 114.9 109.68 108 -9999 -9999 -9999 -9999 -9999 -9999 -9999 -9999 -9999 -9999 -9999 -9999 -9999 -9999 -9999 -9999 -9999 -9999 -9999 -9999 -9999 -9999 -9999 -9999 -9999 -9999 -9999 -9999 -9999 -9999 -9999 -9999 -9999 -9999 -9999
142.32 141.89 140.05 140.53 140.08 143.31 143.28 143.03 138 138.72 142.19 140.21 135.56 137.35 139.02 140.99 136.92 128.18 123.8 118.59 113.65 110.67 106.64 108.3 107.11 98.74 91.82 94.11 98.87 103.81 102.66 106.4 108.24 109.74 108.56 109.9 113.27 109.77 -9999 -9999 -9999 -9999 -9999 -9999 -9999 -9999 -9999 -9999 -9999 -9999 -9999 -9999 -9999 -9999 -9999 -9999 -9999 -9999 -9999 -9999 -9999 -9999 -9999 -9999 -9999 -9999 -9999 -9999 -9999 -9999 -9999 -9999 -9999 -9999
140.62 140.19 139.22 139.3 139.07 140.76 140.75 142.19 137.77 137.94 140.87 137.81 131.54 130.82 135.57 135.33 132.14 128.36 121.71 114.63 107.44 103.92 105.35 113.41 103.9 101.89 98.38 95.17 92.8 95.14 96.72 98.69 102.03 108.37 116.3 114.34 113.37 113.6053 -9999 -9999 -9999 -9999 -9999 -9999 -9999 -9999 -9999 -9999 -9999 -9999 -9999 -9999 -9999 -9999 -9999 -9999 -9999 -9999 -9999 -9999 -9999 -9999 -9999 -9999 -9999 -9999 -9999 -9999 -9999 -9999 -9999 -9999 -9999 -9999
138.41 138.16 138.58 137.66 140.01 142.03 137.37 136.77 139.03 134.16 137.74 135.7 130.18 127.36 126.01 127.07 125.16 122.26 120.27 117.61 109.19 102.49 106.74 107.25 100.8 104.13 111.41 108.44 100.67 95.9 96.66 99.45 103.78 107.18 111.43 115.39 115.4149 -9999 -9999 -9999 -9999 -9999 -9999 -9999 -9999 -9999 -9999 -9999 -9999 -9999 -9999 -9999 -9999 -9999 -9999 -9999 -9999 -9999 -9999 -9999 -9999 -9999 -9999 -9999 -9999 -9999 -9999 -9999 -9999 -9999 -9999 -9999 -9999 -9999
137.17 136.41 135.67 135.06 135.87 137.3 133.21 133.12 135.31 133.4 130.96 128.79 127.12 129.04 124.63 118.83 117.37 115.5 114.21 110.61 107.31 100.4 102.34 102.34 101.36 99.75 103.44 105.47 109.05 110.71 104.49 103.57 106.02 110.56 115.22 116.19 -9999 -9999 -9999 -9999 -9999 -9999 -9999 -9999 -9999 -9999 -9999 -9999 -9999 -9999 -9999 -9999 -9999 -9999 -9999 -9999 -9999 -9999 -9999 -9999 -9999 -9999 -9999 -9999 -9999 -9999 -9999 -9999 -9999 -9999 -9999 -9999 -9999 -9999
136.55 137.42 138.8 135.2 132.53 132.2 130.98 129.67 129.08 127.89 127.63 124.48 125.8 126.21 118.82 115.72 113.75 112.11 107.53 106.08 101.71 95.88 99.17 99.38 97.11 96.94 99.9 105.72 108.94 111.38 108.59 106.34 109.53 113.87 117.48 120.17 -9999 -9999 -9999 -9999 -9999 -9999 -9999 -9999 -9999 -9999 -9999 -9999 -9999 -9999 -9999 -9999 -9999 -9999 -9999 -9999 -9999 -9999 -9999 -9999 -9999 -9999 -9999 -9999 -9999 -9999 -9999 -9999 -9999 -9999 -9999 -9999 -9999 -9999
136 135.59 135.84 133.71 132.04 131.12 129.24 127.8 127.03 124.63 122.82 120.53 120.32 117.37 113.75 112.74 110.12 108.16 105.2 103.19 101.36 98.14 92.36 92.29 93.88 95.88 100.8 104.31 107.46 107.8 105.75 108.04 111.93 117.26 119.37 123.34 -9999 -9999 -9999 -9999 -9999 -9999 -9999 -9999 -9999 -9999 -9999 -9999 -9999 -9999 -9999 -9999 -9999 -9999 -9999 -9999 -9999 -9999 -9999 -9999 -9999 -9999 -9999 -9999 -9999 -9999 -9999 -9999 -9999 -9999 -9999 -9999 -9999 -9999
136.33 135.4 134.59 133.44 132.1 130.04 129.35 127.43 126.91 124.1 121.65 119.12 117.52 115.13 112.33 108.33 105.94 103.78 101.98 101.31 98.67 99.23 100.07 97.95 96.2 97.13 99.41 103.35 107.99 106.83 111.63 114.86 114.37 119.17 122.38 126.77 132.0635 -9999 -9999 -9999 -9999 -9999 -9999 -9999 -9999 -9999 -9999 -9999 -9999 -9999 -9999 -9999 -9999 -9999 -9999 -9999 -9999 -9999 -9999 -9999 -9999 -9999 -9999 -9999 -9999 -9999 -9999 -9999 -9999 -9999 -9999 -9999 -9999 -9999
139.93 138.66 136.92 134.29 133.1 131.07 129.18 128.61 127.85 126.45 124.13 119.02 115.84 112.27 109.22 105.94 103.56 100.97 99.32 98.71 97.8 96.26 96.94 100.27 102.81 105.68 103.35 100.23 113.64 116.96 113.24 113.44 116.71 118.01 122.6 129.97 136.7677 -9999 -9999 -9999 -9999 -9999 -9999 -9999 -9999 -9999 -9999 -9999 -9999 -9999 -9999 -9999 -9999 -9999 -9999 -9999 -9999 -9999 -9999 -9999 -9999 -9999 -9999 -9999 -9999 -9999 -9999 -9999 -9999 -9999 -9999 -9999 -9999 -9999
140.14 139.06 138.03 136.15 135.23 135.32 134.18 133.05 130.56 128.6 127.86 123.03 116.21 111.19 107.32 104.58 101.37 99.18 97.1 96.22 96 98.38 101.55 106.33 113.75 112.77 110.13 104.07 119.04 117.52 110.02 111.5 114.94 118.03 124.33 136.05 142.86 -9999 -9999 -9999 -9999 -9999 -9999 -9999 -9999 -9999 -9999 -9999 -9999 -9999 -9999 -9999 -9999 -9999 -9999 -9999 -9999 -9999 -9999 -9999 -9999 -9999 -9999 -9999 -9999 -9999 -9999 -9999 -9999 -9999 -9999 -9999 -9999 -9999
142.69 142.28 141.49 141.02 141.68 144.14 143.18 141.38 139.04 134.66 134.06 128.77 120.05 112.25 106.74 102.77 99.63 96.97 95.78 97.54 102.45 105.72 112.09 117.96 123.05 117.47 112.51 108.11 120.53 119.3 114.85 113.83 114.8 119.4 126.19 140.47 148.5 153.9383 -9999 -9999 -9999 -9999 -9999 -9999 -9999 -9999 -9999 -9999 -9999 -9999 -9999 -9999 -9999 -9999 -9999 -9999 -9999 -9999 -9999 -9999 -9999 -9999 -9999 -9999 -9999 -9999 -9999 -9999 -9999 -9999 -9999 -9999 -9999 -9999
146.82 148.47 148.37 149.26 147.73 144.27 144.36 144.19 143.98 143.13 142.25 134.42 123.35 113.31 106.86 103.66 99.3 96.16 97.14 104.64 110.77 111.76 117.74 117.71 113.82 113.09 112.38 116.6 126.7 121.34 117.13 115.81 116.22 122.03 129.53 141.91 152.2 158.14 166.8036 -9999 -9999 -9999 -9999 -9999 -9999 -9999 -9999 -9999 -9999 -9999 -9999 -9999 -9999 -9999 -9999 -9999 -9999 -9999 -9999 -9999 -9999 -9999 -9999 -9999 -9999 -9999 -9999 -9999 -9999 -9999 -9999 -9999 -9999 -9999
148.71 149.82 150 148.64 150 148.69 145.3 144.9 143.88 141.99 141.11 136.66 126.74 117.68 109.77 105.39 99.39 99.19 99.74 103.52 107.86 110.78 113.26 112.42 111.88 111.55 110.08 112.59 119.54 118.89 114.71 119.5 121.75 122.13 130.8 142.31 152.22 161.42 172.87 185.6567 -9999 -9999 -9999 -9999 -9999 -9999 -9999 -9999 -9999 -9999 -9999 -9999 -9999 -9999 -9999 -9999 -9999 -9999 -9999 -9999 -9999 -9999 -9999 -9999 -9999 -9999 -9999 -9999 -9999 -9999 -9999 -9999 -9999 -9999
156.23 154.36 150.66 149.92 152.12 151.65 149.19 147.43 145.4 142.72 139.87 134.53 130.84 124.82 119.27 115.38 107.92 107.4 106 106.95 109.58 111.54 112.8 111.31 108.76 113.4 117.38 117.42 113.73 111.17 120.14 123.78 125.11 135.52 140.79 142.16 156.9 164.6 171.46 184.97 200.36 210.0825 -9999 -9999 -9999 -9999 -9999 -9999 -9999 -9999 -9999 -9999 -9999 -9999 -9999 -9999 -9999 -9999 -9999 -9999 -9999 -9999 -9999 -9999 -9999 -9999 -9999 -9999 -9999 -9999 -9999 -9999 -9999 -9999
158.62 157.4 155.18 153.5 152.64 152.71 153.65 149.29 143.2 140.11 142.8 145.32 146.17 143.46 139.96 128.41 116.56 109.91 110.84 107.92 107.28 106.75 106.76 112.07 108.45 107.34 110.24 112.44 106.8 113.75 120.98 128.5 139.76 144.2 142.37 146.68 163.66 165.14 171.72 179.53 191.02 201.3012 -9999 -9999 -9999 -9999 -9999 -9999 -9999 -9999 -9999 -9999 -9999 -9999 -9999 -9999 -9999 -9999 -9999 -9999 -9999 -9999 -9999 -9999 -9999 -9999 -9999 -9999 -9999 -9999 -9999 -9999 -9999 -9999
163.34 164.25 159.43 156.29 153.72 155.82 149.07 145.42 135.02 142.83 154.9 160.87 147.43 145.93 137.43 126.39 115.49 109.15 103.96 102.46 102.32 101.86 103.44 106.61 110.18 108.43 105.4 106.46 105.26 106.53 118.8 132.05 133.38 149.39 152.95 156.21 160.4 165.73 163.48 172.8947 -9999 -9999 -9999 -9999 -9999 -9999 -9999 -9999 -9999 -9999 -9999 -9999 -9999 -9999 -9999 -9999 -9999 -9999 -9999 -9999 -9999 -9999 -9999 -9999 -9999 -9999 -9999 -9999 -9999 -9999 -9999 -9999 -9999 -9999
169.29 165.97 161.55 155.69 157.42 150.09 140.49 138.17 144.16 164.57 166.84 163.84 148.43 132.93 125.42 116.34 107.27 103.62 102.47 98.2 94.58 96.42 100.37 101.09 105.54 107.37 102.14 107.16 114.05 106.44 112.46 135.23 128.78 132.15 128.68 143.54 136.21 143.1667 154.2698 -9999 -9999 -9999 -9999 -9999 -9999 -9999 -9999 -9999 -9999 -9999 -9999 -9999 -9999 -9999 -9999 -9999 -9999 -9999 -9999 -9999 -9999 -9999 -9999 -9999 -9999 -9999 -9999 -9999 -9999 -9999 -9999 -9999 -9999 -9999
168.51 163.36 161.5 159.22 153.31 143.41 139.89 143.79 147.06 149 158.02 157.43 137.46 126.26 117.98 108.7 108.32 101.77 95.07 92.58 93.23 96.99 100.88 98.91 99.32 103.67 114.17 110.61 107.42 104.34 102.05 115.91 110.87 106.2 104.68 114.1622 -9999 -9999 -9999 -9999 -9999 -9999 -9999 -9999 -9999 -9999 -9999 -9999 -9999 -9999 -9999 -9999 -9999 -9999 -9999 -9999 -9999 -9999 -9999 -9999 -9999 -9999 -9999 -9999 -9999 -9999 -9999 -9999 -9999 -9999 -9999 -9999 -9999 -9999
