layers/wordclim/future/Iberia_wcB2a_10_hadcm3_2050/bio_07.asc
ncols         166
nrows         93
xllcorner     -9.4959440078468
yllcorner     36.000324005443
cellsize      0.083333337679505
NODATA_value  -9999
[rows 0 to 32 of 93, columns 0 to 72 of 166]
-9999 -9999 -9999 -9999 -9999 -9999 -9999 -9999 -9999 -9999 -9999 -9999 -9999 -9999 -9999 -9999 -9999 170.7805 177.5833 172.9104 177.5909 180.3523 180.942 184.7727 -9999 -9999 -9999 -9999 -9999 -9999 -9999 -9999 -9999 -9999 -9999 -9999 -9999 -9999 -9999 -9999 -9999 -9999 -9999 -9999 -9999 -9999 -9999 -9999 -9999 -9999 -9999 -9999 -9999 -9999 -9999 -9999 -9999 -9999 -9999 -9999 -9999 -9999 -9999 -9999 -9999 -9999 -9999 -9999 -9999 -9999 -9999 -9999 -9999
-9999 -9999 -9999 -9999 -9999 -9999 -9999 -9999 -9999 -9999 -9999 -9999 -9999 -9999 -9999 -9999 169.6818 172.1053 177.95 178.08 184.24 188.39 186.8182 192.47 194.68 193.433 -9999 -9999 -9999 -9999 -9999 -9999 -9999 -9999 -9999 -9999 -9999 -9999 -9999 -9999 -9999 -9999 -9999 186.8906 184.1731 -9999 -9999 -9999 -9999 -9999 -9999 -9999 -9999 -9999 -9999 -9999 -9999 -9999 -9999 -9999 -9999 -9999 -9999 -9999 -9999 -9999 -9999 -9999 -9999 -9999 -9999 -9999 -9999
-9999 -9999 -9999 -9999 -9999 -9999 -9999 -9999 -9999 -9999 -9999 -9999 -9999 -9999 166.4815 166.7474 170.4141 175.77 180.56 187.81 192.47 193.79 195.55 199.62 195.39 195.62 196.9053 199.5949 202 200.8364 202.2875 203.9643 206.1974 204.3636 207.9367 206.0606 207.137 209.5417 209.6023 206.6289 204.1026 200.3214 197.1616 194.12 192.46 186.3247 184.5246 189.7833 191.2712 -9999 -9999 -9999 -9999 -9999 -9999 -9999 -9999 -9999 -9999 -9999 -9999 -9999 -9999 -9999 -9999 -9999 -9999 -9999 -9999 -9999 -9999 -9999 -9999
-9999 -9999 -9999 -9999 -9999 -9999 -9999 -9999 -9999 -9999 -9999 -9999 -9999 -9999 -9999 -9999 177.1111 184.58 189.8 190.72 196.3 201.11 203.66 207.08 205.33 203.7 203.31 207.84 206.49 208.1515 213.39 216.97 218.56 214.86 223.7 219.9 217.12 220.02 225.96 216.84 210.2222 213.63 212.75 206.35 202.7 200.94 206.32 207.53 198.39 200.96 202.42 206.6538 199.8205 198.6949 198.98 -9999 -9999 -9999 -9999 -9999 -9999 -9999 -9999 -9999 -9999 -9999 -9999 173.5206 -9999 173.5714 174.4896 174.0805 175.4783
-9999 -9999 -9999 -9999 -9999 -9999 -9999 -9999 -9999 -9999 -9999 -9999 -9999 -9999 168.3284 173.6875 180.54 188.87 192.43 197.4 197.86 201.99 204.45 209.6 210.64 212.26 213.52 212.5 215.63 221.67 226.29 226.38 224.35 228.32 231.68 227.05 232.42 236.28 229.54 222.97 221.97 216.59 214.18 217.25 213.07 213.32 214.25 213.7 212.86 211.68 210.99 205.15 205.79 212.07 212.28 213.22 216.63 209.1702 203.8395 198.3425 195.4026 192.8974 192.3333 191.747 188.0408 183.73 181.62 179.58 180.3229 178.44 182.26 182.1 181.1667
-9999 -9999 -9999 -9999 -9999 -9999 159.5926 159.7125 162.6622 -9999 167.1622 169.4699 170.4 169.3737 172.79 -9999 186.03 192.47 198.98 199.48 201.85 203.78 207.54 209.53 213.87 215.93 219.19 218.44 226.19 229.64 231.88 228.67 231.98 239.06 239.91 237.46 235.19 236.15 240.86 236.76 237.63 236.64 233.02 226.89 226.53 225.41 229.36 235.79 236.13 229.81 235.83 229.13 222.94 231 235.64 230.83 225.18 227.28 217.38 217.39 209.55 209.55 204.73 201.3 201.22 195.53 193.28 192.2 197.59 202.23 199.68 197.37 192.1
-9999 -9999 -9999 -9999 -9999 -9999 161.8493 163.43 165.89 167.82 172.57 182.01 183.09 183.19 181.39 186.04 193.31 196.87 200.4 203.13 205.59 207.85 211.44 213.53 217.06 220.23 225.07 226.16 231.15 234.54 235.3 234.45 241.95 244.97 244.76 243.4 244.32 249.95 249.53 251.85 253.38 247.36 255.79 247.94 238.72 246.71 249.71 244.63 246.92 248.24 254.43 246.57 245.25 250.84 257.05 250.63 252.66 250.44 232.96 236.75 230.52 223.64 219.34 222.25 215.51 208.18 210.36 209.41 209.03 221.46 228.62 216.25 206.7
-9999 -9999 -9999 -9999 155.4839 160.76 164.44 169.07 174.89 177.55 184.76 187.89 190.78 194.06 195.03 197.35 199.69 201.13 204.46 207.06 209.56 212.98 214.62 218.3 221.42 226.35 231.12 232.18 238.21 239.49 242.55 241.57 247.01 249.96 250.03 251.4 255.16 257.27 257.68 260.51 260.47 262.46 260.35 261.18 255.85 259 259.49 260.64 264.06 263.57 261.47 262.42 262.1 257.79 261.21 261.29 258.18 247.35 238.61 241.28 251.42 244.1 239.31 237.27 234.97 222.76 230.31 222.66 224.63 236.36 238.93 234.01 229.85
-9999 -9999 -9999 154.8041 158.56 164.8 167.8 172.36 177.65 182.26 186.83 192.11 194.44 198.89 200.22 200.76 201.64 204.66 209.43 210.9 213.64 216.57 219.99 224.12 227.63 231.68 236.46 239.37 241.27 243.75 243.67 247.23 251.97 255.2 256.2 258.97 260.82 262.68 263.75 266.39 266.39 269.56 269.39 269.5 269.1 271.93 271.66 272.28 272.45 272.28 271.47 270.92 269.06 267.36 267.64 266.73 267.01 264.14 261.16 256.9 258.31 261.31 257.3 250.35 246.58 244.06 243.15 240.05 240.14 238.59 234.26 232.79 232
-9999 -9999 -9999 154.6824 160.4343 165.4 169.32 173.85 177.16 182.81 187.87 194.23 199.88 204.86 205.06 204.11 204.38 206.84 210.72 215.2 217.61 222.05 225.83 227.55 231.24 235.3 240.75 243.46 246.1 247.55 249.95 254.59 257.12 259.38 262.21 263.77 265.82 268.79 270.41 272.84 273.26 275.85 276.4 276.65 278.46 279.24 278.65 278.98 278.81 278.67 276.9 276.63 275.33 272.42 271.43 271.42 271.28 270.5 269.61 266.14 263.06 266.79 263.89 256.02 252.74 250.05 248.92 247.69 245.83 243.23 239.09 233.9 235.17
-9999 -9999 -9999 -9999 157.7069 166.02 168.54 171.2 176.65 178.65 181.06 195.24 206.69 203.79 206.08 206.4 205.75 207.98 212.74 216.99 222.06 225.9 229.62 232.26 235.77 240.29 243.82 247.2 249.92 253.22 256.35 258.7 260.91 263.96 266.86 269.3 271.14 273.11 273.98 276.5 277.65 278.79 282.18 284.39 282.98 284.74 285.09 284.57 284.64 283.75 282.46 281.89 279.9 279.38 277.41 277.96 276.63 275.07 274.29 270.9 268.04 266.45 265.5 262.56 260.81 258 258.6 253.64 252.9 248.59 250.14 246.98 242.62
-9999 -9999 -9999 -9999 156.875 159.8125 162.803 164.7033 179.82 178.28 181.88 186.09 196.32 199.91 203.57 207.87 208.7 211.2 216.96 221.22 226.49 229.75 233.44 238.01 242.13 244.34 247.92 251.99 255.27 258.41 261.77 261.13 266.1 269.98 273.69 275.33 276.3 277.13 278.55 281.29 283.18 286.57 289.2 290.23 291.12 291.96 292.51 292.07 291.79 290.44 288.95 287.4 286.11 285 283.08 283.4 281.93 279.75 277.95 277.43 275.21 272.59 269.6 268.57 268 264.35 262.33 264.1 260.83 260.18 262.23 257.05 256.01
-9999 -9999 -9999 -9999 -9999 -9999 168.8804 166.52 172.63 171.96 180.72 190.08 194.98 205.92 209.52 210.72 213.28 216.72 222.12 226.9 229.99 234.55 238.81 242.93 245.89 248.77 252.04 254.23 257.3 261.49 266.12 267.22 272.27 275.78 278.73 281.28 282.23 284.26 286.36 287.75 289.5 292.08 294.09 296.89 298.27 299.71 300.41 300.03 298.35 295.96 295.76 293.56 291.83 291.05 289.81 288.9 288.2 286.19 284.24 283.05 281.27 279.74 277.04 277.77 276.08 274.19 271.86 271.55 268.82 268.85 269.61 267.25 260.02
-9999 -9999 -9999 -9999 -9999 155.1356 163.0851 -9999 -9999 174.05 177.78 191.23 202.52 207.8 211.57 214.4 218.03 222.37 225.5 229.93 234.94 239.83 243.6 246.84 249.59 253.34 255.67 259.27 261.77 264.07 269.76 274.24 276.69 279.31 282.86 284.75 287.3 289.69 291.08 293.3 295.91 297.8 300.33 302.29 304.99 306.72 308.18 306.3 305.14 302.46 300.8 299.54 298.68 296.56 296.45 295 293.42 292.9 291.03 289.48 288.62 285.58 284.13 283.43 282.64 281.64 280.02 278.67 278.45 277.36 275.47 272.52 267.76
-9999 -9999 -9999 -9999 -9999 -9999 -9999 158.5 162.0602 167.04 177.33 189.41 201.39 208.86 214.05 217.17 221.55 225.35 229.29 234.36 239.59 242.94 246.97 251.08 254.35 258.09 261.08 263.83 265.54 268.47 273.68 278.85 281.38 283.91 286 289.53 290.96 291.96 294.3 297.76 300.21 303.21 305.73 307.19 310.21 313.1 312.89 310.83 308.6 308.14 306.17 306.49 304.73 302.47 302.69 301.39 299.86 298.47 298.02 296.31 294.74 293.19 290.83 289.01 287.41 286.79 286.17 285.94 285.34 283.78 280.75 280.23 280.8
-9999 -9999 -9999 -9999 -9999 -9999 -9999 157.5625 162.3587 172.8427 171.85 187.48 203.27 210.44 215.55 220.83 226.23 230.83 235.83 240.31 243.94 247.96 252.38 255.9 258.55 261.27 264.45 268.29 270.23 274.44 278.03 282.94 284.77 287.37 287.72 291.28 290.64 292.92 298.49 302.15 305.13 307.64 309.19 310.95 313.59 316.16 316.01 314.25 313.23 312.15 312.23 310.18 309.3 307.03 306.71 306.84 306.44 305.14 303.77 302.98 301.18 299.02 298.28 296.04 294.05 292.6 293.52 292.73 290.81 289.89 288.35 287.87 288.34
-9999 -9999 -9999 -9999 -9999 -9999 -9999 -9999 -9999 170.3676 174.0968 187.72 202.06 211.24 216.93 223.59 230.38 236.98 243.16 247.99 251.49 249.68 251.59 257.25 261.23 262.72 266.33 272.79 276.03 276.85 279.61 283.73 283.98 286.43 290.73 288.49 290.72 296.06 302.78 305.18 308.08 310.79 312.45 313.7 316.53 316.62 317.75 316.16 317.06 316.2 315.88 314.98 313.03 312.47 312.45 311.88 311.72 310.35 309.46 307.95 307.23 304.92 302.63 301.37 299.97 299.14 298.38 297.93 296.3 295.04 294.22 293.86 293.78
-9999 -9999 -9999 -9999 -9999 -9999 -9999 -9999 163 172.8636 -9999 191.38 204.04 212.68 218.47 225.85 232.88 240.52 244.07 251.88 254.69 252.98 255.6 254.85 257.43 261.01 262.61 273.27 279.08 279.02 277.92 280.15 282.29 285.75 290.96 296.62 297.99 297.83 303.41 308.67 312.38 313.19 313.86 315.26 317.08 319.13 319.23 319.37 320.19 320.8 319.1 318.95 317.64 316.95 317.68 317.31 316.81 316.15 315.97 314.72 313.12 312.02 309.74 307.68 306.2 306.42 304.45 302.76 302.92 302.05 300.56 300.68 300.62
-9999 -9999 -9999 -9999 -9999 -9999 -9999 -9999 -9999 172.7692 180.74 190.43 200.25 213.9 222.33 230.14 237.81 243.92 248.09 251.08 254.18 256.25 260.55 256.92 255.9 258.28 260.41 269.87 278.9 278.43 279.01 279.24 278.83 283.47 289.7 292.93 297.36 303.27 307.17 311.69 313.63 315.39 316.33 317.57 319.7 320.35 321.43 321.31 323.41 322.59 322.62 321.4 320.76 321.81 321.49 321.17 322.01 321.94 321.58 321.51 319.9 317.96 315.39 314.37 313.18 310.33 309.49 308.62 308.07 307.86 306.63 305.89 306.87
-9999 -9999 -9999 -9999 -9999 -9999 -9999 -9999 166.8352 181.47 181.29 192.06 202.5 216.05 226.32 232.34 235.73 235.9 242.53 246.43 250.84 257.45 260.21 261.4 261.92 261.93 267.56 274.54 280.22 278.86 279 278.89 283.98 293.81 299.22 301.75 304.7 308.33 311.13 314.08 315.79 317.26 318.63 320.24 320.82 322.83 322.9 324.18 324.49 324.64 324.59 325.18 325.2 325.28 325.65 325.6 325.39 326.88 327.92 327.34 325.48 324.24 321.48 319.44 317.29 315.82 313.95 313.73 312.8 312.14 312.3 311.49 311.15
-9999 -9999 -9999 -9999 -9999 -9999 -9999 171.0952 176.8 178.76 184.4 194.28 206.7 218.27 224.34 223.98 224.51 231.07 240.08 248.39 254.48 259.25 263.59 263.9 272.62 270.24 272.23 278.83 280.19 281.54 282.6 284.31 287.14 298.21 303.56 306.49 309.27 311.16 313.76 315.87 317.54 319 320.2 322.03 322.84 324.27 325.15 325.72 326.88 327.16 327.2 327.4 327.82 328.63 328.5 328.35 330.01 330.76 331.44 333.28 330.93 328.16 325.07 323.75 321.82 319.86 318.94 317.4 316.48 316.41 315.95 315.41 316.06
-9999 -9999 -9999 -9999 -9999 -9999 -9999 171.0333 171.37 179.72 189.92 204.71 211.42 219.45 219.55 226.94 233.95 241.59 243.9 241.93 244.67 253.14 259.64 267.83 277.82 276.33 278.06 283.46 285.09 286.84 291.48 293.35 292.85 302.61 306.12 309.04 310.09 313.2 315.29 317.26 318.95 320.53 321.94 323.38 324.93 325.58 326.84 328.36 328.43 329.15 328.98 329.38 330.67 330.42 330.98 331.91 332.38 333.72 335.21 335.11 333.49 331.93 329.48 327.17 325.24 324.34 322.5 321.39 320.98 320.05 319.43 319.88 319.9
-9999 -9999 -9999 -9999 -9999 -9999 -9999 168.5758 174.6705 186.38 194.13 205.66 212.16 221.41 226.42 233.29 239.16 236.61 234.25 238.33 242.05 249.06 263.93 270.46 278.4 279.01 278.77 286.26 289.97 290.63 294.4 298.39 302.36 307.54 308.05 310.29 311.85 313.63 316.21 317.9 319.91 321.83 323.22 324.82 326.61 328.18 328.23 329.49 329.56 330.26 330.5 331.67 331.89 332.1 333.79 334.27 334.92 336.36 336.43 335.63 335.66 333.71 331.85 329.68 328.97 326.9 325.34 325.2 323.88 323.12 323.35 323.1 323.06
-9999 -9999 -9999 -9999 -9999 -9999 -9999 -9999 179.19 188.72 191.72 202.81 211.68 221.17 227.71 228.44 229.93 230.52 240.72 241.41 246.65 251.82 261.12 271.19 280.18 281.8 281.24 288.32 291.83 296.05 297.43 298.51 305.14 307.78 310.01 312.44 313.75 315.45 317.31 319.04 320.73 322.26 323.9 325.36 327.38 329.1 329.7 330.83 332.41 331.58 331.06 332.13 333.63 335.31 335.39 335.16 336.62 336.5 336.01 337.07 336.24 334.86 332.92 332.25 330.38 328.83 328.14 327.05 326.31 326.35 325.83 325.65 327.12
-9999 -9999 -9999 -9999 -9999 -9999 -9999 -9999 177.4556 184.5204 194.77 204.72 214.38 220.75 228.64 234.07 239.34 246.31 245.7 244.74 248.08 258.83 270.32 277.84 279.65 279.58 285.87 290.75 295.05 297.29 297.72 296.44 306.14 307.85 311.18 313.15 313.82 316.67 318.8 320.46 321.53 323.22 325.04 326.81 328.42 330.31 330.01 331.4 332.42 332.62 333.8 334.36 334.49 335.46 335.27 336.38 336.12 336.48 337.63 337.35 336.64 335.32 334.84 333.68 331.44 330.38 329.51 328.51 327.86 328.18 327.74 328.02 329.14
-9999 -9999 -9999 -9999 -9999 -9999 -9999 -9999 178.0526 187.3 196.41 204.77 210.23 219.8 229.08 237.51 243.33 240.59 243.41 250.86 261.34 266.65 274.59 279.32 274.29 283.91 290.16 293.43 295.88 298.07 300.06 301.64 304 308.64 312.11 314.2 315.78 317.02 318.7 320.42 322.02 324.14 326.47 328.06 328.71 330.65 331.14 332.07 333.57 334 334.86 334.82 336.16 336.02 336.08 336.91 336.65 336.2 337.06 336.55 336.6 335.47 335.31 333.83 332.36 332.48 330.94 330.33 329.91 330.27 329.68 329.96 331.28
-9999 -9999 -9999 -9999 -9999 -9999 -9999 -9999 -9999 187.84 195.4 203.43 212.68 223.22 230.82 238.72 243.15 249.52 254.96 259.79 267.77 263.77 270.65 269.01 276.96 287.63 291.35 293.57 296.34 299.51 301.66 303.52 306.14 309.81 312.06 314.18 315.82 316.83 318.82 321.41 323.3 325.09 327.46 328.34 330.17 331.8 332.07 333.35 334.56 334.96 336.5 336.51 337.36 337.16 336.88 337.13 337.11 336.81 337.37 336.91 335.81 337.15 336.04 334.66 333.58 333.64 332.43 331.89 331.47 331.91 331.59 332.1 333.09
-9999 -9999 -9999 -9999 -9999 -9999 -9999 -9999 -9999 187.5 196.18 204.86 214.82 222.4 230.89 239.16 245.28 251.26 259.52 263.37 259.62 261.8 266.59 275.25 283.97 287.06 290.09 294.34 297.49 298.07 296.52 303.48 307.21 309.5 311.58 313.72 315.63 318.19 320.35 321.63 323.92 326.52 327.5 329.77 331.58 333.1 333.55 334.58 335.89 336.3 337.35 337.27 338.07 338.09 337.44 338.12 337.85 337.52 338.09 336.92 336.25 336.51 335.4 335.21 334.3 334.17 333.34 332.37 331.74 332.48 332.82 333.48 333.82
-9999 -9999 -9999 -9999 -9999 -9999 -9999 -9999 -9999 187.9596 195.96 205.16 213.89 222.96 231.76 239.38 246.38 253.48 260.64 263.16 250.67 269.35 271.8 276.9 285.27 290.09 292.35 294.26 297.24 298.33 300.25 304.85 306.41 308.42 309.99 312.8 316.64 318.62 320.48 322.25 324.45 326.13 328.67 330.5 332.18 332.87 334.32 335.53 335.66 336.84 337.76 337.85 337.88 338.87 338.25 338.97 338.84 338.51 338.57 337.97 336.95 335.9 335.5 334.72 334.72 333.85 334.21 333.48 332.61 333.04 334.58 334.93 335.48
-9999 -9999 -9999 -9999 -9999 -9999 -9999 -9999 -9999 188.1266 198.09 207.41 216.71 225.25 232.35 239.5 247.05 253.33 256.43 256.25 270.24 279.35 276.42 284.52 283.47 289.54 288.85 292.83 297.22 298.75 301.03 304.3 306.24 307.46 310.24 313.68 316.39 318.54 321.59 323.83 324.52 327.24 329.51 330.38 332.05 334.04 335.34 336.31 336.5 337.92 337.4 338.39 338.94 339.74 339.6 340.48 340.15 339.14 338.54 338.33 337.3 336.28 335.99 335.13 335.09 334.21 333.79 334.64 334.39 334.65 334.82 335.8 336.03
-9999 -9999 -9999 -9999 -9999 -9999 -9999 -9999 -9999 189.2641 198.72 208.68 216.85 225.13 232.02 239.4 245.75 250.71 255.55 259.26 272.33 278.77 279.97 284.62 287.02 287.95 286.87 290.76 295.67 298.25 299.39 303.37 304.88 307.35 310.26 313.65 315.28 318.12 321.38 322.91 325.4 327.45 329.47 331.33 333.38 335.46 336.26 336.09 337.18 338.36 338.22 339.33 339.62 340.52 340.49 340.37 340.26 339.39 338.74 338.5 337.81 336.71 335.47 335.72 335.46 334.89 334.63 334.38 335.21 335.18 335.71 335.46 335.41
-9999 -9999 -9999 -9999 -9999 -9999 -9999 -9999 -9999 -9999 199.7312 208.04 216 224.48 232.06 238.75 246.11 252.79 258.79 261.88 270.48 275.76 278.24 281.9 285.45 288.67 291.11 293.83 296.89 297.2 298.98 303.45 305.5 307.53 308.96 312.11 316.1 318.62 321.56 323.66 326.46 329.34 331.17 333.39 335.12 336.76 336.67 337.32 338.04 337.96 338.97 339.35 340.23 340.11 341.01 340.76 339.6 340.19 339.52 338.37 338.52 337.4 335.8 335.03 334.73 334.91 334.51 334.53 334.55 334.61 335.69 335.95 337.01
-9999 -9999 -9999 -9999 -9999 -9999 -9999 -9999 -9999 -9999 197.3571 207.54 214.44 222.69 231.03 238.55 241.47 248.13 246.04 253.81 266.76 267.75 273.33 275.33 277.53 281.56 288.01 290.78 296.06 297.88 300.96 303.42 305.73 307.87 309.8 312.44 315.45 318.7 320.29 324.19 327.14 329.81 332.52 334.13 336.13 337.97 338.45 338.2 337.66 338.27 339.75 339.9 341.09 341.08 340.95 341.72 341.18 340.14 340.3 339.4 338.26 336.78 336.77 335.2 334.75 334.05 333.69 333.64 334.27 335 337.02 337.58 338.04
