layers/wordclim/future/Iberia_wcB2a_10_hadcm3_2050/bio_01.asc
ncols         166
nrows         93
xllcorner     -9.4959440078468
yllcorner     36.000324005443
cellsize      0.083333337679505
NODATA_value  -9999
[rows 0 to 32 of 93, columns 73 to 145 of 166]
-9999 -9999 -9999 -9999 -9999 -9999 -9999 -9999 -9999 -9999 -9999 -9999 -9999 -9999 -9999 -9999 -9999 -9999 -9999 -9999 -9999 -9999 -9999 -9999 -9999 -9999 -9999 -9999 -9999 -9999 -9999 -9999 -9999 -9999 -9999 -9999 -9999 -9999 -9999 -9999 -9999 -9999 -9999 -9999 -9999 -9999 -9999 -9999 -9999 -9999 -9999 -9999 -9999 -9999 -9999 -9999 -9999 -9999 -9999 -9999 -9999 -9999 -9999 -9999 -9999 -9999 -9999 -9999 -9999 -9999 -9999 -9999 -9999
-9999 -9999 -9999 -9999 -9999 -9999 -9999 -9999 -9999 -9999 -9999 -9999 -9999 -9999 -9999 -9999 -9999 -9999 -9999 -9999 -9999 -9999 -9999 -9999 -9999 -9999 -9999 -9999 -9999 -9999 -9999 -9999 -9999 -9999 -9999 -9999 -9999 -9999 -9999 -9999 -9999 -9999 -9999 -9999 -9999 -9999 -9999 -9999 -9999 -9999 -9999 -9999 -9999 -9999 -9999 -9999 -9999 -9999 -9999 -9999 -9999 -9999 -9999 -9999 -9999 -9999 -9999 -9999 -9999 -9999 -9999 -9999 -9999
-9999 -9999 -9999 -9999 -9999 -9999 -9999 -9999 -9999 -9999 -9999 -9999 -9999 -9999 -9999 -9999 -9999 -9999 -9999 -9999 -9999 -9999 -9999 -9999 -9999 -9999 -9999 -9999 -9999 -9999 -9999 -9999 -9999 -9999 -9999 -9999 -9999 -9999 -9999 -9999 -9999 -9999 -9999 -9999 -9999 -9999 -9999 -9999 -9999 -9999 -9999 -9999 -9999 -9999 -9999 -9999 -9999 -9999 -9999 -9999 -9999 -9999 -9999 -9999 -9999 -9999 -9999 -9999 -9999 -9999 -9999 -9999 -9999
-9999 -9999 -9999 -9999 -9999 -9999 -9999 -9999 -9999 -9999 -9999 -9999 -9999 -9999 -9999 -9999 -9999 -9999 -9999 -9999 -9999 -9999 -9999 -9999 -9999 -9999 -9999 -9999 -9999 -9999 -9999 -9999 -9999 -9999 -9999 -9999 -9999 -9999 -9999 -9999 -9999 -9999 -9999 -9999 -9999 -9999 -9999 -9999 -9999 -9999 -9999 -9999 -9999 -9999 -9999 -9999 -9999 -9999 -9999 -9999 -9999 -9999 -9999 -9999 -9999 -9999 -9999 -9999 -9999 -9999 -9999 -9999 -9999
145.36 144.7865 149.7407 -9999 -9999 151.046 149.76 145.37 148.1046 147.9615 149.8 -9999 -9999 -9999 -9999 -9999 -9999 -9999 -9999 -9999 -9999 -9999 -9999 -9999 -9999 -9999 -9999 -9999 -9999 -9999 -9999 -9999 -9999 -9999 -9999 -9999 -9999 -9999 -9999 -9999 -9999 -9999 -9999 -9999 -9999 -9999 -9999 -9999 -9999 -9999 -9999 -9999 -9999 -9999 -9999 -9999 -9999 -9999 -9999 -9999 -9999 -9999 -9999 -9999 -9999 -9999 -9999 -9999 -9999 -9999 -9999 -9999 -9999
137.47 136.65 136.58 144.63 144.3469 153.1717 149.71 150.04 149.44 147.96 144.89 149.3636 149.137 154.3833 154.9672 156.8197 156.1667 156.8229 152.41 142.35 146.9189 -9999 -9999 -9999 -9999 -9999 -9999 -9999 -9999 -9999 -9999 -9999 -9999 -9999 -9999 -9999 -9999 -9999 -9999 -9999 -9999 -9999 -9999 -9999 -9999 -9999 -9999 -9999 -9999 -9999 -9999 -9999 -9999 -9999 -9999 -9999 -9999 -9999 -9999 -9999 -9999 -9999 -9999 -9999 -9999 -9999 -9999 -9999 -9999 -9999 -9999 -9999 -9999
135.53 133.02 138.98 143.73 142.69 139.87 148.95 149.76 147.11 140.51 141.06 143.36 142.71 144.26 143.11 144.32 151.93 143.17 144.03 130.62 143.28 138.12 130.46 129.33 -9999 -9999 -9999 -9999 -9999 -9999 -9999 -9999 -9999 -9999 -9999 -9999 -9999 -9999 -9999 -9999 -9999 -9999 -9999 -9999 -9999 -9999 -9999 -9999 -9999 -9999 -9999 -9999 -9999 -9999 -9999 -9999 -9999 -9999 -9999 -9999 -9999 -9999 -9999 -9999 -9999 -9999 -9999 -9999 -9999 -9999 -9999 -9999 -9999
123.14 138.56 137.89 142.77 141.67 142.86 143.23 144.1 134.49 140.06 142.23 142.53 139.23 138.53 138.41 141.93 144.32 132.42 126.64 125.9 138.29 139.84 137 125.9452 -9999 -9999 -9999 -9999 -9999 -9999 -9999 -9999 -9999 -9999 -9999 -9999 -9999 -9999 -9999 -9999 -9999 -9999 -9999 -9999 -9999 -9999 -9999 -9999 -9999 -9999 -9999 -9999 -9999 -9999 -9999 -9999 -9999 -9999 -9999 -9999 -9999 -9999 -9999 -9999 -9999 -9999 -9999 -9999 -9999 -9999 -9999 -9999 -9999
120.77 124.14 120.21 123.12 139.92 140.45 126.94 112.26 128.29 128.18 139.95 143.1 134.81 142.21 146.97 142.88 130.22 133.03 120.11 121.64 122.29 118.13 109.53 108.2375 -9999 103.7857 101.6429 -9999 -9999 -9999 -9999 -9999 -9999 -9999 -9999 -9999 -9999 -9999 -9999 -9999 -9999 -9999 -9999 -9999 -9999 -9999 -9999 -9999 -9999 -9999 -9999 -9999 -9999 -9999 -9999 -9999 -9999 -9999 -9999 -9999 -9999 -9999 -9999 -9999 -9999 -9999 -9999 -9999 -9999 -9999 -9999 -9999 -9999
123.25 122.72 121.78 120.52 124.09 127.49 130.48 125.26 132.3 133.07 127.29 124.62 114.51 126.51 133.56 127.45 116.56 119.81 126.4 128.57 128.36 128.22 119.81 116.46 110.83 108 106 101.98 94.66666 91.0164 86.6 71.01724 -9999 -9999 -9999 -9999 -9999 -9999 -9999 -9999 -9999 -9999 -9999 -9999 -9999 -9999 -9999 -9999 -9999 -9999 -9999 -9999 -9999 -9999 -9999 -9999 -9999 -9999 -9999 -9999 -9999 -9999 -9999 -9999 -9999 -9999 -9999 -9999 -9999 -9999 -9999 -9999 -9999
124.52 121.26 118.45 124.09 122.94 121.24 123.89 132.81 137.6 137.58 136.22 134.24 133.27 123.34 125.32 124.56 123.79 113.21 126.56 137.1 134.53 130.57 126.78 120.7 118.51 113.53 102.46 110.22 100.87 99.02 91.46 72.03 66.13158 -9999 -9999 -9999 -9999 -9999 -9999 -9999 -9999 -9999 -9999 -9999 -9999 -9999 -9999 -9999 -9999 -9999 -9999 -9999 -9999 -9999 -9999 -9999 -9999 -9999 -9999 -9999 -9999 -9999 -9999 -9999 -9999 -9999 -9999 -9999 -9999 -9999 -9999 -9999 -9999
130.33 131.75 129.6 120.65 135.41 128.8 134.95 135 130.34 128.88 124.56 125.67 119.06 116.62 120.82 122.53 113.17 119.16 124.25 138.18 141.13 140.26 132.48 132.09 131.69 122.78 119.09 116.98 113.33 111.79 98.18 86.58 77.22 57.95699 61.92537 51.96154 60.18182 41.92929 32.59702 -9999 -9999 -9999 -9999 -9999 -9999 -9999 -9999 -9999 -9999 93.95 73.74 51.42308 46.72727 -9999 -9999 -9999 -9999 -9999 -9999 -9999 -9999 -9999 -9999 -9999 -9999 -9999 -9999 -9999 -9999 -9999 -9999 -9999 -9999
121.59 123.33 117.87 122.35 139.55 140.96 140.22 134.98 134.16 132.13 124.13 128.34 129.58 128.2 127.57 130.58 137.12 141.35 137.55 139.8 133.58 133.16 127.1 126.49 131.96 136.52 127.02 120.7 115.41 117.73 110.99 108.06 104.61 88.55 79.12 48.88 61.21 77.32 43.99 56.18478 -9999 -9999 -9999 57.05556 -9999 39.22222 -9999 -9999 -9999 77.21429 86.67 71.92 60.06 53 67.42683 52.90476 54.27273 -9999 -9999 -9999 -9999 -9999 -9999 -9999 -9999 -9999 -9999 -9999 -9999 -9999 -9999 -9999 -9999
132.14 130.83 129.46 127.27 132.19 136.52 140.46 132.58 124.34 122.02 127.79 129.09 129.23 131.89 140.59 140.3 138.87 144.25 147.63 146.86 138.39 134.78 123.75 124.58 131.18 137.63 129.61 123.23 127.68 127.54 128.55 117.91 110.76 108.11 103.79 90.46 85.88 94.53 76.51 85.41 64.46 55.17 71.03 84.02 57.31 57.4 42.08 70.06 30.7 40.65 50.33 47.9 46.39 61.19 93.45 73.13 72.43 47.48454 -9999 -9999 -9999 -9999 -9999 -9999 -9999 -9999 -9999 -9999 -9999 -9999 -9999 -9999 -9999
122.77 126.12 126.83 129.19 137.32 141.7 142.96 144.87 144.16 142.94 143.75 142.42 141.8 144.14 147.34 146.69 148.38 148.79 151.45 150.9 144.83 140.16 131.62 136.83 142.73 141.42 139.56 129.03 124.45 116.46 123.6 126.39 116.44 115.77 108.55 111.11 112.49 98.37 87.17 96.01 91.47 96.7 111.95 101.62 65.39 71.48 89.26 67.91 59.41 71.59 67.01 57.94 42.14 46.99 89.75 103.83 88.42 63.56 -9999 -9999 -9999 -9999 -9999 -9999 -9999 -9999 -9999 -9999 -9999 -9999 -9999 -9999 -9999
122.46 122.41 127.54 131.26 134.11 138.36 138.73 141.83 145.76 144.47 147.56 150.46 151.13 152.4 152.25 150.39 151.59 152.23 150.52 152.61 149.1 150.02 142.27 140.33 142.05 131.82 127.14 123.47 122.29 114.28 113.02 121.36 119.3 119.61 114.63 117.35 117.28 105.47 98.47 96.12 112.23 113.58 126.24 109.14 97.65 98.59 97.93 85.36 95.33 105.19 87.9 58.56 64.59 67.84 100.05 92.67 79.58 77.86 -9999 -9999 51.92064 54.67368 67.85394 100.3889 110.7941 -9999 -9999 -9999 -9999 -9999 -9999 -9999 -9999
113.61 116.17 121.54 116.74 117.17 125.83 130.33 141.24 139.55 129.36 138.88 143.18 146.21 146.47 149.78 151.85 154.96 154.7 152.28 155.26 154.57 153.92 152.19 149.99 149.14 143.46 132.81 128.75 123.79 118.9 117.09 122.93 125.26 116.19 115.33 114.34 110.27 109.91 106.04 102.79 103.68 117.58 129.82 131.47 126 116.67 109.21 99.22 94.4 107.5 106.51 102.81 107.88 101.58 110.18 80.69 94.75 115.85 122.84 107.3 102.25 107.36 111.87 110.46 95.19178 -9999 65.4625 65.8 86.06 100.9765 -9999 -9999 -9999
111.54 105.92 105.42 103.28 113.05 103.41 115.35 131.18 120.83 114.7 124.16 123.27 120.98 130.5 127.89 143.69 153.41 156.67 156.62 156.72 157.13 153.85 151.41 151.57 150.65 147.86 142.94 138.38 134.17 131.63 127.53 133.63 133.26 126.07 115.47 107.1 105.71 104.15 94.99 102.85 107.62 116.73 131.14 136.82 123.03 129.24 115.43 124.59 112.06 123.48 114.7 104.73 124.56 126.41 98.14 92.4 106.03 131.04 114.1 93.04 82.44 82.34 97.15 94.6 91.94 98.98 110.25 104.33 106.88 126.86 140.06 143.69 142.67
102.95 99.09 91.22 91.95 95.23 92.31 108.67 114.42 110.75 122.11 115.25 122.17 113.48 125.84 129.6 139.06 147 148.99 156.99 160.15 160.27 156.74 156.93 156.8 153.09 151.98 150.16 149.64 144.88 140.16 136.84 140.29 141.6 140.27 138.81 134.15 130.17 125.07 127.37 128.3 122.59 125.82 126.44 138.22 131.07 140.54 134.75 127.46 123.77 133.92 120.59 132.14 141.17 118.83 96.31 110.45 129.37 125.43 102.5 90.93 90.23 97.63 104.54 125.37 115.11 120.99 129.29 135.88 128.79 134.82 155.64 157.4 163.71
119.44 113.73 111.63 110.08 105.78 113.41 110.21 99.74 106.09 111.71 106.16 102.05 109.9 118.59 119.6 127.73 134.1 136.54 152.48 157.85 157.92 160.16 159.02 154.94 152.46 156.13 156.39 155.87 153.31 149.67 147.41 148.52 147.79 144.68 142.17 143.09 142.29 137.04 138.67 140.67 138.59 141.15 140.84 146.78 138.83 139.94 130.32 131.14 129.6 138.84 128.67 147.32 145.4 141.52 120.76 117.56 133.84 122.42 112.59 107.65 122.89 117.57 105.74 138.82 135.11 136.48 135.3 143.19 128.49 127.4 151.97 148.96 158.65
124.05 123.73 116.21 100.4 96.02 95.13 88.16 92.59 92.27 93.4 95.33 104.38 113.57 110.63 117.4 123.52 137.03 145.82 149.65 153.3 159.06 161.27 161.76 158.45 151.4 152.15 160.02 155.39 148.14 145.81 148 153.31 150.18 150.41 146.9 148.55 147.75 142.62 143.52 146.2 145.92 148.82 152.05 154.25 135.85 132.42 131.96 140.25 136.57 127.17 124.84 142.85 123.62 129.47 133.71 142.4 150.96 144.85 140.36 139.28 136.52 133.86 142.83 154.04 148.01 147.34 142.82 148.18 154.22 141.66 134.01 152.68 162.3
116.81 124.9 122.14 119.16 116.96 110.94 100.31 105.81 97.94 107.43 108.39 115.33 109.46 108.16 115.31 123.39 134.42 139.57 142.63 144.11 155.58 157.32 160.82 164.35 162.77 162.22 161.82 156.8 148.82 140.56 147.33 157.17 154.63 149 149.39 153.19 153.96 149.95 149.15 151.94 149.89 154.73 157.17 157.83 152.11 146.86 140.25 141.55 145.16 136.35 143.34 147.14 135.47 151.17 155.35 154.17 151.75 146.6 139.29 146.03 153.54 153.18 151.76 158.81 154.15 155.24 148.63 152.42 159.02 153.27 149.37 152.2 166.48
123.15 121.24 122.09 120.66 118.03 117.24 117.74 120.76 122.25 123.51 122.33 125.74 125 119.18 116.68 122.43 127.08 127.33 134.17 142.17 147.61 146.33 152.98 162.05 164.04 166.36 164.58 154.09 149.43 149.3 153.59 160.82 156.91 150.54 145.43 152.45 155.15 157.76 157.38 156.53 151.03 157.48 163.12 161.09 159.9 157.7 156.14 156.19 152.43 150.7 153.41 158.92 158 161.54 157.58 159.95 158.42 151.67 147.02 144.17 153.15 161.28 159.61 165.34 162.72 156.61 142.14 151.14 152.62 146.72 140.2 149.68 164.2
131.06 129.35 125.48 123.83 123.72 121.2 121.1 121.63 121.9 122.12 127.52 129.03 127.18 124.25 122.6 123.57 123.23 122.63 102.75 111.98 138.24 145.43 152.32 156.92 160.87 164.39 167.41 166.7 162.19 158.06 162.57 165.04 159.02 153.76 145.33 147.99 154.41 158.07 161.24 159.77 159.79 163.97 166.31 162.34 166.02 167.89 167.92 164.12 166.12 166.47 169 168.67 166.83 165.06 163.9 160.18 157.92 156.62 155.01 148.89 148.7 157.79 168.88 170.48 167.75 156.55 147.49 149 144.35 132.55 136.81 165.54 172.51
134.41 132.62 131.37 129.89 129.51 126.85 129 126.81 123.69 126.12 127.83 129.7 131.21 130.05 128.16 127.96 124.39 117.49 113.09 107.97 118.87 133.64 140.58 152.17 158.43 161.67 165.65 167.72 170.4 170.07 169 169.02 159.92 154.42 149.2 145.39 146.95 153.16 160.93 164.07 165.04 167.76 169.73 167.63 170.61 171.81 167.17 165.16 171.79 173.4 173.67 172.59 171.44 169.25 166.37 162.4 157.89 151.92 149.52 151.7 154.14 161.09 172.59 173.92 161.26 155.54 153.67 159.55 160.96 159.8 170.09 175.11 174.94
135.85 135.77 135.78 132.46 134.03 132.34 132.1 131.69 132.64 131.29 129.32 130.18 133.56 133.01 130.11 129.34 126.02 123.77 122.29 126.71 131.48 141.46 142.76 147.97 159.25 163.74 160.28 157.75 163.89 169.15 171.29 173.26 169.38 164.19 163.54 160.19 152.73 149.3 154.18 157.14 155.03 162.62 168.19 171.97 173.83 171.62 171.37 173.96 176.72 175.92 174.44 172.64 170.81 169.14 165.44 158.84 154.42 151.36 153.24 160.59 162.31 161.75 161.54 174.82 159.47 163.71 171.93 178.87 179.25 176.63 170.79 172.8586 175.0789
134.44 136.53 137.32 138.08 137.37 134.67 135.63 136.57 134.22 132.97 131.83 133.49 130.83 128.79 130.41 131.35 127.17 129.27 129.51 131.55 130.81 144.64 151.21 153.49 161.85 163.39 158.7 151.11 158.39 159.62 160.97 166.98 170.57 173.01 170.68 167.31 164.25 161.28 158.54 162.69 164 164.03 167.36 167.4 173.44 175.52 177.85 178.87 176.85 174.73 173.33 171.85 168.41 163.7 157.85 151.42 147.51 149.61 152.89 162.04 168.1 168.65 172.13 180.18 178.19 179.33 183.75 185.49 179.9 178.7234 -9999 -9999 -9999
131.92 133.49 131.96 133.43 134.41 134.95 135.64 134.73 134.69 135.97 136.45 133.97 129.79 129.39 136 134.8 133.89 133.5 136.7 141.18 138.52 136.4 153.04 154.35 159.82 160.94 156.36 155.77 155.32 149.52 152.55 158.4 164.89 169.97 174.44 173.27 168.19 163.77 163.62 165.15 166.54 169.57 171.04 170.66 169.2 180.63 178.85 176.07 173.35 169.14 165.36 163.2 162.3 157.42 157.4 158.89 153.89 153.65 150.54 155.02 164.93 176.23 180.71 181.64 185.23 185.55 183.66 186.2766 -9999 -9999 -9999 -9999 -9999
131.88 128.32 125.69 125.16 123.8 124.49 129.86 132.04 129.37 129.69 131.41 132.95 132.3 135.91 141.15 139.97 137.69 138.54 138.38 147.21 145.77 151.7 139.77 137.45 137.92 149.07 153.17 149.47 150.78 144.72 152.84 161.84 166.04 171.07 172.67 174.97 172.17 167.11 166.36 166.66 167.42 170.44 176.26 172.72 175.79 175.21 172.04 169.76 166.07 161.15 157.82 154.97 150.84 153.84 158.73 166.54 164.86 164.63 155.82 163.33 175.82 179.68 177.69 170.77 181.04 188.82 188.2128 -9999 -9999 -9999 -9999 -9999 -9999
117.48 117.53 116.51 117.65 119.11 123.28 126.56 128.24 129.42 128.56 128.77 128.63 132.46 139.65 142.58 144.49 145.04 146.38 144.5 145.93 148.1 149 141.14 133.25 132.04 135.74 143.25 141.94 142.13 143.61 149.81 157.65 162.88 166.92 170.05 172.8 176.19 176.74 177.35 177.78 179.41 180.09 177.91 172.76 172.9 174.99 174.16 178.42 175.05 166.3 152.97 148.89 144.13 139.85 156.41 175.51 176.12 174.64 172.73 179.22 182.67 180.85 183.75 176.3571 182.642 191.7353 -9999 -9999 -9999 -9999 -9999 -9999 -9999
103.09 109.68 114.73 111.91 119.12 129.9 129.52 132.81 134.63 127.4 127.6 127.74 132.39 137.33 139.82 138.05 135.18 136.09 139.5 142.27 136.24 137.34 140.29 134.25 132 131.74 130.93 132.73 137.37 142.52 148.39 151.93 156.81 164.01 168.98 172.26 173.8 173.87 175.61 177.99 178.55 177.68 174.37 178.09 178.33 178.08 174.43 184.86 180.57 171.99 173.04 165.14 159.8 168.52 174.62 183.25 181.7 181.95 181.898 187.2532 186.3182 -9999 -9999 -9999 -9999 -9999 -9999 -9999 -9999 -9999 -9999 -9999 -9999
118.26 113.21 122.16 120.42 125.43 129.62 132.04 136.06 136.43 130.05 128.41 128.21 126.63 124.78 123.02 123.09 126.68 129.17 130.02 131.93 129.06 127.32 129.8 137.26 132.85 130.5 126.56 126.96 132.97 138.17 143.45 143.36 141.18 153.09 163.62 164.56 167.12 169.49 171.04 168.76 174.76 174.42 172.83 176.43 172.7 170.3 167.23 178.37 185.16 184.76 175.41 163.8 178.52 184.83 186.83 187.8642 -9999 -9999 -9999 -9999 -9999 -9999 -9999 -9999 -9999 -9999 -9999 -9999 -9999 -9999 -9999 -9999 -9999
124.46 133.48 131.12 127.78 137.94 139.12 138.34 138.84 134.73 132.03 128.79 126.97 127.1 122.5 118.98 120.25 124.51 119.97 121.82 124.63 127.07 126.92 125.15 124.11 134.3 127.33 123.11 115.87 122.86 133 138.61 141.93 144.88 151.01 155.08 154.31 159.75 164.1 168.93 169.96 167.52 165.34 168.71 170.58 168.69 171.55 172.46 181.2 189.98 177.66 167.86 174.25 188.2817 -9999 -9999 -9999 -9999 -9999 -9999 -9999 -9999 -9999 -9999 -9999 -9999 -9999 -9999 -9999 -9999 -9999 -9999 -9999 -9999
