layers/wordclim/future/Iberia_wcB2a_10_hadcm3_2050/bio_01.asc
ncols         166
nrows         93
xllcorner     -9.4959440078468
yllcorner     36.000324005443
cellsize      0.083333337679505
NODATA_value  -9999
[rows 33 to 65 of 93, columns 0 to 72 of 166]
-9999 -9999 -9999 -9999 -9999 -9999 -9999 -9999 -9999 -9999 156.5 152.6 150.99 149.97 150.56 149.83 143.69 130.17 122.69 127.42 128.29 128.38 137.12 146.18 138.47 133.82 143.33 155.63 160.51 153.87 153.62 156.85 149.89 147.81 146.61 146.63 145.19 142.75 143.08 143.55 142.26 142.08 144.35 144.93 144.91 145.15 145.8 146.17 146.21 144.6 144.39 144.24 143.78 143.99 144.34 143.81 144.76 145.6 143.97 142.83 141.72 142.99 144.17 143.89 138.96 132.34 109.59 99.94 118.58 131.55 136.82 138.83 132.86
-9999 -9999 -9999 -9999 -9999 -9999 -9999 -9999 -9999 -9999 158.1122 154.89 151.53 145.55 132.38 133.41 137.15 146.84 145.51 142.59 136.4 134.21 134.81 139.82 137.54 135.53 144.06 155.21 156.97 150.42 146.82 150.11 152.04 146.94 145.29 145.1 145.95 145.71 146.23 146.19 145.1 144.66 144.9 144.2 143.53 143.77 143.27 143.94 145.89 145.33 143.65 143.03 141.04 141.44 142.54 143.44 144.84 144.81 143.03 140.42 138.79 140.58 141.46 140.15 133.54 125.01 98.31 122.61 114.28 121.58 136.77 144.91 149.51
-9999 -9999 -9999 -9999 -9999 -9999 -9999 -9999 -9999 -9999 159.4944 158.44 154.66 140.44 146.48 141.83 144.13 154.86 152.44 147.2 143.57 142.69 143.11 141.49 141.73 137.83 146.46 153.21 151.9 154.34 148.93 146.27 148.78 149.5 146.17 144.62 145 146.96 146.26 146.23 145.71 143.73 143.19 141.45 140.23 138.86 139.98 145.39 144.46 144.47 144 142.14 139.38 137.36 137.95 141.3 139.7 141.94 139.83 137.41 135.01 135.43 135.42 127.73 107.4 105.98 96.5 107.28 131.1 144.6 148.73 155.34 152.88
-9999 -9999 -9999 -9999 -9999 -9999 -9999 -9999 -9999 158.3243 160.3696 160.05 158.89 156.64 147.53 150.7 148.26 153.57 149.61 148.68 151.9 152.36 151.95 148.89 148.36 150.52 151.83 150.38 147.14 147.88 148.82 145.06 147.14 148.13 149.16 144.64 144.86 147.52 146.26 144.81 144.12 143.95 140.77 137.94 137.19 141.68 145.74 145.16 143.71 142.18 140.49 137.16 131.14 131.38 129.33 128.46 129.24 134.31 132.99 131.81 123.51 124.72 120.63 119.35 124.89 135.97 137.84 144.82 147.3 144.51 154.61 160.4 155.86
-9999 -9999 -9999 -9999 -9999 -9999 -9999 -9999 -9999 159.1757 160 162.17 162.91 158.8 151.91 141.44 138.44 153.71 156.44 157.27 156.69 153.84 150.78 153.96 157.41 154.78 151.78 138.63 141.75 144.9 144.29 144.9 145.75 149.84 152.46 152.13 148.81 145.33 143.61 141.56 139.41 136.89 139.45 142.16 142.75 143.37 143.91 142.8 140.04 135.69 130.67 128.12 121.66 121.41 123.66 127.75 133.28 134.55 130.64 126.05 122.05 118.79 121.09 116.64 136.59 149.25 144.17 146.7 157.03 159.28 162.73 163.86 157.99
-9999 -9999 -9999 -9999 -9999 -9999 -9999 -9999 -9999 160.18 160.75 163.67 165.07 163.22 151.78 139 159.51 161.13 162.26 159.35 160.14 159.36 159.94 154.59 135.72 130.69 137.31 137.78 140.38 142.96 145.6 142.68 146.51 151.01 151.75 152.6 151 141.29 135.24 126.49 135.82 138.55 145.26 146.99 142.77 141.26 143.67 140.18 135.15 133.86 132.88 124.3 113.45 124.37 129.25 128.07 123.51 123.21 127.25 136.87 133.33 140.26 140.03 136.31 148.71 153.26 158.66 161.12 164.28 161.47 164.19 164.75 161.73
-9999 -9999 -9999 -9999 -9999 -9999 -9999 -9999 161.0323 161.17 162.36 163.81 166.58 162.62 157.67 160.43 163.52 165.4 164.39 163.77 160.67 157.35 138.5 116.42 125.17 134.71 144.1 138.17 142.56 145.96 145.01 142.46 148.76 149.97 146.28 147.26 147.92 143.44 141.88 142.47 143.99 159.03 158.25 150.97 149.68 140.49 139.3 141.7 140.55 134.39 120.67 108.79 107.48 110.66 108.49 116.07 130.56 139.24 146.89 147.51 152.86 157.92 153.2 153.62 159.82 164 166.26 162.29 165.57 164.4 164.63 168.47 167.43
-9999 -9999 -9999 -9999 -9999 -9999 -9999 -9999 162.0989 162.59 163.64 164.44 167.58 162.05 163.7 168.73 168.15 166.93 164.71 160.03 157.12 137.3 99.76 115.74 143.99 156.29 156.91 146.67 142.91 144.45 141.23 141.74 143.15 144.47 145.55 145.31 136.67 143.14 146.35 160.43 166.23 163.65 154.35 150.93 138.06 115.5 121.22 138.69 133.87 116.75 111.23 110.87 110.47 121.01 122.47 130.8 136.54 132.66 128.89 135.99 158.37 162.33 163.79 166.55 171.03 167.83 167.78 164.85 165.13 169.31 167.49 168.4 168.12
-9999 -9999 -9999 -9999 -9999 -9999 -9999 -9999 162.29 163.25 164.05 166.93 169.36 164.08 165.44 170.21 168.13 166.67 164.56 157.54 152.07 141.52 114.16 120.36 157.26 162.6 158.69 155.37 148.35 140.46 137.99 133.89 139.71 143.11 139.73 148.19 152.89 160.44 163.86 167.83 172.47 165.59 160.45 152.76 118.96 104.01 123.71 128.92 119.23 109.12 97.91 104.02 113.55 132.95 127.25 129.45 151.64 165.15 160.03 155.87 157.43 162.07 169.89 174.59 171.24 168.49 169.85 167.42 166.65 169.9 170.88 171.65 167.38
-9999 -9999 -9999 -9999 -9999 -9999 -9999 160.5479 162.97 166.59 168.26 170.64 171.58 167.76 168.25 166.94 167.36 162.71 150.92 138.69 133.98 151.14 157.27 160.57 162.6 161.22 163.42 162.06 157.93 153.74 161.43 163.67 146.46 159.25 165.58 169.31 171.29 166.68 172.84 175.41 176.64 176.5 157.17 130.84 145.79 129.21 103.94 106.22 110.46 141.34 128.17 135.82 157.43 168.96 162.9 175.9 172.32 168.13 162.61 159.91 169.37 175.78 176.26 172.52 169.26 169.4 171.8 167.89 169.45 169.6 171.24 171.54 168.81
-9999 -9999 -9999 -9999 -9999 -9999 -9999 -9999 166.2273 167.43 169.31 171.1 168.2 168.21 170 159.15 151.41 147.54 147.57 142.41 147.78 158.75 156.72 155.68 158.87 163.7 169.8 169.27 167.07 169.44 172.67 171.17 168.73 173.03 178.22 177.23 174.01 172.56 176.93 177.82 177.66 171.79 156.2 155.91 142.08 156.73 159.71 162.41 169.81 181.37 181.5 181.35 178.92 175.43 174.38 172.05 162.57 158.19 172.42 176.87 178.53 176.63 173.7 171.18 171.01 173.21 171.07 171.2 172.31 169.32 173.73 172.44 167.18
-9999 -9999 -9999 -9999 -9999 -9999 -9999 165.0133 165.2 167.82 170.17 165.16 163.46 165.83 149.84 140.86 148.65 155.07 155.05 158.5 162.64 152.27 159.85 154.82 167.59 172.54 172.21 172.99 169.73 167.51 169.18 176.42 178.62 181.93 181.73 179.57 179.53 180.96 183.72 183.75 179.92 175.35 172.38 170.11 170.5 179.85 182.67 186.2 185.95 185.81 185.12 182.98 181.48 180.5 178.54 174.49 176.12 179.76 180.36 179.32 178.39 176.92 174.45 173.75 174.98 176.26 173.99 176.25 173.46 174.5 175.97 173.15 171.64
-9999 -9999 -9999 -9999 -9999 -9999 -9999 164.96 164.62 167.12 168.67 160.65 163.85 163.02 153.94 157.17 162.3 160.41 154.24 154.31 154.21 160.27 172.38 171.33 171.88 175.42 175.73 177.2 175.66 175.44 177.9 179.62 176.95 181.26 182.14 182.8 183.64 185.15 185.19 181.04 177.63 179.04 183.72 186.76 187.34 187.87 187.45 187.48 187.04 186.52 185.54 184.76 183.65 181.86 180.01 181.84 181.51 181.35 180.87 177.94 175.08 174.71 176.1 177.91 178.61 177.08 177.42 178.89 178.03 175.54 170.57 166.55 164.12
-9999 -9999 -9999 -9999 -9999 -9999 165.254 166.98 164.87 164.93 167.2 163.62 166.01 163.18 164 166.24 162 156.18 152.8 147.44 161.59 172.09 176.28 175.2 174.77 177.23 182.98 182.55 181.77 178.84 179.99 181.21 182.05 181.15 182.81 182.81 181.85 182.13 179.16 175.26 179.21 182.67 187.23 188.82 188.12 188.02 187.74 184.31 186.45 186.5 184.27 181.32 183.52 182.5 183.66 181.26 176.33 178.1 179.86 181.56 180.52 179.17 179.07 180.37 178.28 177.33 178.2 178.11 176.42 174.76 170.71 167.3 165.67
-9999 -9999 -9999 -9999 -9999 -9999 164.2245 166.53 166.33 163.87 161.98 164.44 168.62 165.14 168.02 168.36 168.36 165.41 158.82 158.4 170.29 175.21 176.09 175.9 180.05 184.64 183.9 184.22 180.71 182.33 182.23 181.95 182.83 184.13 184.67 183.04 181.67 179.46 181.97 184.34 184.51 186.32 184.55 185.09 185.02 187.85 184.6 182.15 185.76 184.12 183.14 182.38 185.22 181.68 181.29 179.64 175.16 175.32 176.3 175.48 176.03 179.81 176.51 172.34 171.67 169.75 168.8 170.55 172.01 172.01 172.37 171.23 168.61
-9999 -9999 -9999 -9999 -9999 162.2679 162.28 163.98 166.12 162.77 163.4 168.45 171.68 169.97 166.74 170.99 167.86 168.63 167.78 172.27 177.65 177.29 180.21 182.43 182.16 181.12 181.92 183.58 181.91 182.87 185.28 184.79 181.65 181.04 182.05 185.27 188.18 186.05 184.13 182.37 182.52 184.05 182.05 180.56 177.14 175.17 175.85 178.08 176.32 174.38 176.15 178.99 177.42 176.5 169.63 171.16 170.18 169.9 168.08 170.03 169.69 172.05 169.42 166.09 168.64 165.8 166.13 166.95 167.75 168.24 169.53 169.48 169.57
-9999 -9999 -9999 -9999 -9999 162.9634 164.95 163.07 161.07 154.78 163.21 168.37 172.3 174.47 171.27 173.02 170.33 168.2 170.14 175.84 179.9 181.9 183.87 182.11 181.38 182.49 183.86 181.46 183.95 184.51 183.32 182.27 180.91 180.03 179.15 182.4 185.1 186.21 185.88 185.35 184.77 185.72 184.06 182.55 180.67 178.32 175 171.37 170.3 162.86 168.63 167.49 173.34 174.51 162.05 162.29 159.65 160.9 159.74 161.51 161.41 167.23 166.97 163.25 162.12 163.67 163.19 164.32 166.74 166.77 168.77 168.09 168.44
-9999 -9999 -9999 -9999 -9999 163.5455 164.23 154.87 152.47 155.99 159.76 172.88 175.53 176.83 174.38 173.89 174.87 175.27 176.65 177.79 181.06 179.4 180.55 179.53 181.86 181.01 181.04 178.59 179.5 183 185.92 184.3 182.97 183.28 182.59 182.35 183.04 186.72 185.89 186.47 187.35 185.87 184.31 181.74 180.14 177.09 176.42 174.87 160.9 159.53 157.18 167.67 167.32 172.75 170.74 163.78 161.55 160.93 151.01 161.95 152.5 155.59 156.86 158.2 157.85 158.66 161.07 166.43 167.77 167.86 168.41 168.96 168.73
-9999 -9999 -9999 162.381 164.59 163.22 159.84 156.54 160.41 167.98 172.3 176.03 178.09 177.47 179.01 180.62 181.16 181.96 179.01 178.84 177.76 178.39 178.65 178.1 176.22 177.92 178.94 179.18 177.04 179.14 183.26 184.47 185.22 185.96 185.43 184.75 183.87 182.44 183.92 184.26 186.21 185.56 184.05 180.82 178.32 167.82 172.09 172.49 162.53 156.02 170.36 175.42 176.94 175.16 179.4 177.21 176.5 172.46 167.27 169 164.42 165.79 167.42 168.31 157.54 151.52 155.44 161.44 165.33 165.29 168.06 169.38 169.74
-9999 -9999 160.6875 163.2907 163.61 163.59 162.32 167.96 169.91 171.34 175.55 178.39 177.98 174.7 175.93 177.47 179.25 177.46 177.53 178.95 179.74 179.44 178.57 177.52 171.45 167.38 170.69 173.54 176.39 178.14 178.86 179.7 183.25 180.99 182.73 185.28 185.64 184.69 184.31 183.42 184.07 183 181.61 181.25 180.32 172.33 169.12 171.23 174.23 175.39 177.33 183.01 180.43 183.14 183.01 182.84 179.75 176.15 172.44 166.4 163.34 161.58 168.6 165.32 161.91 161.66 157.96 161.56 164.68 162.91 160.83 167.08 171
-9999 -9999 159.71 161.43 163.37 164.84 166.87 170.81 172.05 174.4 177.82 178.92 176.23 176.28 175.89 176.56 177.76 179.39 180.23 180.59 182.24 181.65 181.55 180.19 176.17 165.73 166.99 176.55 182 181.47 181.81 184.46 185.47 183.08 184.78 183.89 182.92 185.61 183.86 181.54 182.11 182.45 181.41 184.06 187.2 184.53 187.13 185.95 185.7 180.58 181.51 186.45 185.78 185.92 177.6 180.12 179.76 175.51 175.81 173.36 172.47 175.63 175.64 171.02 163.63 164.04 166.38 165.24 161.48 162.59 158.55 167.98 172.18
-9999 -9999 161.56 162.76 163.94 159.55 168.74 171.2 173.39 176.92 178.66 177.24 177.11 177.77 177.69 177.77 179.31 181.6 180.18 181.13 183.29 182.8 180.6 180.61 181 179.06 177.52 179.37 183.4 184.66 182.57 186.57 186.13 185.19 184.79 183.33 182.98 183.5 183.19 182.85 177.65 181.93 188.72 188.78 190.39 189.66 190.35 189.12 190.34 188.52 185.47 185.5 186.75 185.67 180.87 175.25 177.44 177.87 178.75 174.71 168.92 172.93 177.46 176.12 168.31 167.62 170.12 172.75 172.29 168.4 171.59 174.9 174.58
-9999 162.2656 163.18 163.43 161.48 166.29 171.82 172.86 176.54 178.9474 178.55 178.17 177.59 177.67 178.15 179.05 181.67 180.9 181.03 182.95 183.48 183.25 182.64 180.75 181.48 181.98 183.66 183.29 185.4 187.41 186.18 188 186.5 186.26 185.8 185.89 187.36 187.3 184.79 185.89 187.35 191.83 191.98 192.7 193.57 192.33 192.52 192.52 192.05 190.68 187.88 187.8 184.13 182.11 181.68 178.27 173.51 178.18 178.55 172.53 169.53 171.34 173.28 175.41 171.48 170.05 173.58 175.56 175.93 176.06 175.68 175.35 174.85
-9999 161.53 162.78 162.29 162.03 166.6 174.8298 177.1 178.7701 178.94 178.25 178.52 178.29 179.55 180.71 180.87 181.57 181.44 181.82 182.22 183.26 183.28 183.24 184.03 183.39 182.91 184.61 186.49 185.86 186.96 189.46 189.01 189.24 189.11 188.8 189.53 189.77 190.52 188.97 187.63 189.81 193.55 193.79 193.99 194.24 193.93 193.02 189.04 187.75 191.13 189.01 186.97 187.71 184.87 182.92 179.91 176.45 175.16 177.68 178.81 178.51 171.32 172.78 177.7 173.1 176.09 176.2 175.98 176.31 176.55 176.1 175.86 175.16
-9999 159.4796 157.93 159.82 160.34 168.2062 176.8481 178.87 179.38 179.48 179.84 180.73 182.26 181.68 181.43 181.86 182.24 183.15 182.99 180.71 180.8 180.28 181.14 181.92 182.09 181.83 180.74 182.37 187.37 188.99 189.79 189.45 189.59 189.92 190.25 190.98 191.35 191.65 190.63 190.51 193.74 194.63 194.59 193.87 193.22 192.78 192.27 191.94 191 188.59 188.38 190.11 185.88 177.78 181.3 179.14 179.36 180.13 180.2 175.68 178.92 178.2 176.16 177.9 175.26 176.94 175.98 176.02 176.75 176.53 176.08 175.98 175.86
-9999 158.26 157.8 161.61 170.18 174.5333 179.3333 179.89 179.97 179.96 179.42 179.81 180.39 179.88 181.6 181.17 180.85 180.91 180.99 180.45 180.62 179.99 176.68 176.71 178.97 181.01 178.47 181.39 187.83 190.1 189.65 188.53 188.65 190 190.69 191.23 191.36 190.62 191.79 193.23 192.98 192.46 192.71 190.6 190.44 190.04 189.33 191.88 190.34 189.07 187.86 188.64 189.41 184.12 186.61 183.93 181.1 179.07 175.18 174.22 178.33 178.97 174.74 175.88 178.27 177.61 177.63 177.32 175.61 175.37 174.88 171.29 173.01
156.8025 156.96 159.49 166.37 175.1064 -9999 -9999 180.32 180.13 180.21 180.52 179.94 179.84 179 179.22 178.66 177.37 177.32 178.13 177.79 178.46 178.34 178.71 175.65 175.17 181.77 184.58 186.79 189.29 188.68 187.54 186.8 187.48 188.09 188.84 188.87 188.18 188.3 190.82 189.45 188.71 187.69 187.58 188.5 184.15 188.51 188.09 190.41 188.39 186.78 184.73 184.67 185.18 190.63 185.4 184.64 184.49 185.26 179.26 178.43 175.44 177.12 177.63 176.11 175.14 174.95 171.44 173.86 176.79 176.61 176.66 174.93 174.57
163.3 164.1831 167.4189 171.6234 176.5778 180.375 180.5281 181.38 180.87 180.35 179.43 179.73 179.71 179.59 177.91 175.76 173.86 173.64 174.93 175.72 176.32 178.07 175.81 177.25 180.64 181.17 187.52 188.33 186.69 186.74 185.96 185.63 186.23 186.97 187.38 188.14 187.56 186.79 188.95 190.9 188.28 185.28 184.29 186.37 186.47 186.42 187.65 185.41 184.91 181.5 182.93 184.29 188.17 189.74 188.7 189.81 189 185.79 183.84 182.31 177.72 173.98 175.04 176.34 176.58 173.7 169.65 171.98 178.58 177.26 175.06 176.1 175.08
-9999 -9999 -9999 174.2838 177.5455 179.4881 179.97 180.66 181.22 181.37 180.68 180.55 179.79 177.13 174.94 174.44 172.78 172.18 173.12 176.62 178.07 179.97 180.81 180.4 182.78 185.98 186.77 187.56 185.22 183.22 181.81 182.28 184.07 184.55 185.04 186.15 185.62 184.99 186.43 188.54 186.25 184.86 182.64 182.44 186 182.98 183.5 180.38 182.79 185.65 187.72 188.58 189.04 188.55 183.62 188.34 185.81 181.17 181.76 179.85 178.28 175.41 174.56 175.66 174.52 174.62 177.3 178.89 173.63 178.77 174.71 175.26 174.9
-9999 -9999 -9999 -9999 176.22 177.12 176.4242 180.1647 182.4615 182.1978 180.44 181.23 180.68 177.15 176.23 175.38 173.01 174.36 176.47 177.19 179.1 180.9 181.18 180.73 181.64 185.09 187.74 186.47 185.01 181.78 180.35 178.14 175.34 178.29 176.61 182.95 183.73 182.06 183.15 185.33 187.73 181.04 181.67 182.84 184.98 180.13 177.7 181.22 182.89 186.95 186.16 185.59 185.05 186.52 186.21 187.32 187.71 187.03 182.47 173.74 169.84 173.78 175.63 176.78 181.93 180.33 177.65 179.09 180.03 176.54 175.78 174.46 172.69
-9999 -9999 -9999 -9999 172.4691 172.3143 -9999 181.9412 -9999 182.3846 182.2 181.74 181.33 181.34 179.27 178.16 178.52 178.23 178 177.93 180.05 181.77 181.26 182.12 183.42 186.19 187.81 186.41 185.1 183.32 180.44 177.15 171.68 171.35 171.99 176.91 182.21 178.44 179.86 182.12 185.73 185.33 183.27 181.17 182.13 180.4 181.1 183.34 182.56 182.12 184.39 183.34 183.08 185.31 183.7 182.95 183.35 183.73 184.66 183.69 178.94 168.93 169.7 170.75 172.45 181.41 185.55 177.4 171.21 166.52 165.13 173.6 173.62
-9999 -9999 -9999 -9999 -9999 -9999 -9999 -9999 182.1429 181.6122 181.8947 183.18 182.73 181.24 181.83 177.9 178.25 178.7 177.79 175.57 178.14 180.04 182.19 183.43 185.76 187.87 186.79 186.16 185.42 182.56 181.48 176.77 174.32 182.32 180.42 179.97 178.09 178.26 178.05 178.1 181.22 182.68 180.3 182.73 181.61 181.69 182.53 181.9 180.97 181.92 181.82 179.92 181 182.03 181.87 180.61 180.57 181.47 180.49 180.31 182.43 181.43 183.16 178.24 177.32 177.52 188.75 180.33 180.06 177.98 172.85 175.87 176.05
-9999 -9999 -9999 -9999 -9999 -9999 -9999 -9999 -9999 180.61 179.76 180.43 182.32 182.54 183.66 181.48 180.02 178.23 177.67 178.64 177.36 175.71 179.86 183.97 185.88 187.74 187.06 186.88 185.71 185.02 182.37 180.4 183.04 184.29 183.26 183.16 180.83 179.13 177.29 176.74 177.04 178.42 179.13 180.11 180.93 180.76 182.85 180.91 180.99 184.04 183.92 183.91 179.42 175.87 181.56 182.73 179.95 180.68 180.04 179.91 178.15 178.93 179.82 186.99 182.09 184.9 190.22 188.96 187.8 189.35 188.18 187.43 190.61
