layers/wordclim/future/Iberia_wcB2a_10_hadcm3_2050/bio_03.asc
ncols         166
nrows         93
xllcorner     -9.4959440078468
yllcorner     36.000324005443
cellsize      0.083333337679505
NODATA_value  -9999
[rows 0 to 35 of 93, columns 82 to 163 of 166]
-9999 -9999 -9999 -9999 -9999 -9999 -9999 -9999 -9999 -9999 -9999 -9999 -9999 -9999 -9999 -9999 -9999 -9999 -9999 -9999 -9999 -9999 -9999 -9999 -9999 -9999 -9999 -9999 -9999 -9999 -9999 -9999 -9999 -9999 -9999 -9999 -9999 -9999 -9999 -9999 -9999 -9999 -9999 -9999 -9999 -9999 -9999 -9999 -9999 -9999 -9999 -9999 -9999 -9999 -9999 -9999 -9999 -9999 -9999 -9999 -9999 -9999 -9999 -9999 -9999 -9999 -9999 -9999 -9999 -9999 -9999 -9999 -9999 -9999 -9999 -9999 -9999 -9999 -9999 -9999 -9999 -9999
-9999 -9999 -9999 -9999 -9999 -9999 -9999 -9999 -9999 -9999 -9999 -9999 -9999 -9999 -9999 -9999 -9999 -9999 -9999 -9999 -9999 -9999 -9999 -9999 -9999 -9999 -9999 -9999 -9999 -9999 -9999 -9999 -9999 -9999 -9999 -9999 -9999 -9999 -9999 -9999 -9999 -9999 -9999 -9999 -9999 -9999 -9999 -9999 -9999 -9999 -9999 -9999 -9999 -9999 -9999 -9999 -9999 -9999 -9999 -9999 -9999 -9999 -9999 -9999 -9999 -9999 -9999 -9999 -9999 -9999 -9999 -9999 -9999 -9999 -9999 -9999 -9999 -9999 -9999 -9999 -9999 -9999
-9999 -9999 -9999 -9999 -9999 -9999 -9999 -9999 -9999 -9999 -9999 -9999 -9999 -9999 -9999 -9999 -9999 -9999 -9999 -9999 -9999 -9999 -9999 -9999 -9999 -9999 -9999 -9999 -9999 -9999 -9999 -9999 -9999 -9999 -9999 -9999 -9999 -9999 -9999 -9999 -9999 -9999 -9999 -9999 -9999 -9999 -9999 -9999 -9999 -9999 -9999 -9999 -9999 -9999 -9999 -9999 -9999 -9999 -9999 -9999 -9999 -9999 -9999 -9999 -9999 -9999 -9999 -9999 -9999 -9999 -9999 -9999 -9999 -9999 -9999 -9999 -9999 -9999 -9999 -9999 -9999 -9999
-9999 -9999 -9999 -9999 -9999 -9999 -9999 -9999 -9999 -9999 -9999 -9999 -9999 -9999 -9999 -9999 -9999 -9999 -9999 -9999 -9999 -9999 -9999 -9999 -9999 -9999 -9999 -9999 -9999 -9999 -9999 -9999 -9999 -9999 -9999 -9999 -9999 -9999 -9999 -9999 -9999 -9999 -9999 -9999 -9999 -9999 -9999 -9999 -9999 -9999 -9999 -9999 -9999 -9999 -9999 -9999 -9999 -9999 -9999 -9999 -9999 -9999 -9999 -9999 -9999 -9999 -9999 -9999 -9999 -9999 -9999 -9999 -9999 -9999 -9999 -9999 -9999 -9999 -9999 -9999 -9999 -9999
37.69231 38.10909 -9999 -9999 -9999 -9999 -9999 -9999 -9999 -9999 -9999 -9999 -9999 -9999 -9999 -9999 -9999 -9999 -9999 -9999 -9999 -9999 -9999 -9999 -9999 -9999 -9999 -9999 -9999 -9999 -9999 -9999 -9999 -9999 -9999 -9999 -9999 -9999 -9999 -9999 -9999 -9999 -9999 -9999 -9999 -9999 -9999 -9999 -9999 -9999 -9999 -9999 -9999 -9999 -9999 -9999 -9999 -9999 -9999 -9999 -9999 -9999 -9999 -9999 -9999 -9999 -9999 -9999 -9999 -9999 -9999 -9999 -9999 -9999 -9999 -9999 -9999 -9999 -9999 -9999 -9999 -9999
37.47 38.08 38.47475 39.0411 39.31667 39.88525 40.16393 40.26191 39.86458 39.82 39.39 39.04054 -9999 -9999 -9999 -9999 -9999 -9999 -9999 -9999 -9999 -9999 -9999 -9999 -9999 -9999 -9999 -9999 -9999 -9999 -9999 -9999 -9999 -9999 -9999 -9999 -9999 -9999 -9999 -9999 -9999 -9999 -9999 -9999 -9999 -9999 -9999 -9999 -9999 -9999 -9999 -9999 -9999 -9999 -9999 -9999 -9999 -9999 -9999 -9999 -9999 -9999 -9999 -9999 -9999 -9999 -9999 -9999 -9999 -9999 -9999 -9999 -9999 -9999 -9999 -9999 -9999 -9999 -9999 -9999 -9999 -9999
37.52 38 38.37 38.87 39.15 39.83 39.86 40.17 39.68 39.69 38.98 38.98 38.75 38.43 38.3 -9999 -9999 -9999 -9999 -9999 -9999 -9999 -9999 -9999 -9999 -9999 -9999 -9999 -9999 -9999 -9999 -9999 -9999 -9999 -9999 -9999 -9999 -9999 -9999 -9999 -9999 -9999 -9999 -9999 -9999 -9999 -9999 -9999 -9999 -9999 -9999 -9999 -9999 -9999 -9999 -9999 -9999 -9999 -9999 -9999 -9999 -9999 -9999 -9999 -9999 -9999 -9999 -9999 -9999 -9999 -9999 -9999 -9999 -9999 -9999 -9999 -9999 -9999 -9999 -9999 -9999 -9999
37.34 37.83 38 38.29 38.81 39.15 39.24 39.52 38.93 38.59 38.43 38.65 38.21 38.01 38 -9999 -9999 -9999 -9999 -9999 -9999 -9999 -9999 -9999 -9999 -9999 -9999 -9999 -9999 -9999 -9999 -9999 -9999 -9999 -9999 -9999 -9999 -9999 -9999 -9999 -9999 -9999 -9999 -9999 -9999 -9999 -9999 -9999 -9999 -9999 -9999 -9999 -9999 -9999 -9999 -9999 -9999 -9999 -9999 -9999 -9999 -9999 -9999 -9999 -9999 -9999 -9999 -9999 -9999 -9999 -9999 -9999 -9999 -9999 -9999 -9999 -9999 -9999 -9999 -9999 -9999 -9999
37.51 37.83 37.99 38.08 38.68 38.96 38.87 38.67 38.56 38.06 38.04 38 37.98 37.91 37.7875 -9999 37.51191 37.625 -9999 -9999 -9999 -9999 -9999 -9999 -9999 -9999 -9999 -9999 -9999 -9999 -9999 -9999 -9999 -9999 -9999 -9999 -9999 -9999 -9999 -9999 -9999 -9999 -9999 -9999 -9999 -9999 -9999 -9999 -9999 -9999 -9999 -9999 -9999 -9999 -9999 -9999 -9999 -9999 -9999 -9999 -9999 -9999 -9999 -9999 -9999 -9999 -9999 -9999 -9999 -9999 -9999 -9999 -9999 -9999 -9999 -9999 -9999 -9999 -9999 -9999 -9999 -9999
37.14 37.56 37.99 37.93 37.96 38.16 38.02 37.87 37.98 37.97 37.99 38 37.59 37.6 37.2 37.3 37.4 37.33 37.11 36.94624 36.72131 36.28 35.53448 -9999 -9999 -9999 -9999 -9999 -9999 -9999 -9999 -9999 -9999 -9999 -9999 -9999 -9999 -9999 -9999 -9999 -9999 -9999 -9999 -9999 -9999 -9999 -9999 -9999 -9999 -9999 -9999 -9999 -9999 -9999 -9999 -9999 -9999 -9999 -9999 -9999 -9999 -9999 -9999 -9999 -9999 -9999 -9999 -9999 -9999 -9999 -9999 -9999 -9999 -9999 -9999 -9999 -9999 -9999 -9999 -9999 -9999 -9999
37 37.26 37.57 37.7 37.83 37.86 37.83 37.7 37.33 37.49 37.19 37.08 37.24 37.36 37.1 37.17 37 36.96 37.02 36.88 36.78 36.53 35.46 35.02632 -9999 -9999 -9999 -9999 -9999 -9999 -9999 -9999 -9999 -9999 -9999 -9999 -9999 -9999 -9999 -9999 -9999 -9999 -9999 -9999 -9999 -9999 -9999 -9999 -9999 -9999 -9999 -9999 -9999 -9999 -9999 -9999 -9999 -9999 -9999 -9999 -9999 -9999 -9999 -9999 -9999 -9999 -9999 -9999 -9999 -9999 -9999 -9999 -9999 -9999 -9999 -9999 -9999 -9999 -9999 -9999 -9999 -9999
37 37 37 37.07 37.02 37.05 37.12 37.04 37.05 37.11 37.16 37 37 37 37 37 37 37 37 37 37 36.59 35.9 35.37 34.13979 34.16418 33.29487 33.80682 32.31313 31.40298 -9999 -9999 -9999 -9999 -9999 -9999 -9999 -9999 -9999 -9999 33.45 32.12 30.51282 29.98182 -9999 -9999 -9999 -9999 -9999 -9999 -9999 -9999 -9999 -9999 -9999 -9999 -9999 -9999 -9999 -9999 -9999 -9999 -9999 -9999 -9999 -9999 -9999 -9999 -9999 -9999 -9999 -9999 -9999 -9999 -9999 -9999 -9999 -9999 -9999 -9999 -9999 -9999
36.34 36.8 36.96 36.99 37 37 37 37 37 37 36.96 36.99 36.98 36.94 36.98 36.99 37 37 36.96 36.93 36.96 36.91 36.76 36.54 35.83 35.13 33.08 33.63 34.51 31.95 32.82609 -9999 -9999 -9999 32.01389 -9999 30.24074 -9999 -9999 -9999 32.37755 32.78 31.69 30.72 30.2 30.9878 29.98413 29.9697 -9999 -9999 -9999 -9999 -9999 -9999 -9999 -9999 -9999 -9999 -9999 -9999 -9999 -9999 -9999 -9999 -9999 -9999 -9999 -9999 -9999 -9999 -9999 -9999 -9999 -9999 -9999 -9999 -9999 -9999 -9999 -9999 -9999 -9999
36.53 36.49 36.6 36.7 36.63 36.56 36.82 36.96 36.86 36.74 36.34 36.22 36.31 36.6 36.58 36.59 36.71 36.65 36.65 36.83 36.87 36.97 36.8 36.43 36.3 36.17 35.44 35.11 35.3 34.16 34.7 33.01 32.11 33.06 33.86 31.67 31.47 30.18 32.04 29.37 29.89 30.26 29.98 29.73 30.58 32.19 30.92 30.8 29.50516 -9999 -9999 -9999 -9999 -9999 -9999 -9999 -9999 -9999 -9999 -9999 -9999 -9999 -9999 -9999 -9999 -9999 -9999 -9999 -9999 -9999 -9999 -9999 -9999 -9999 -9999 -9999 -9999 -9999 -9999 -9999 -9999 -9999
36 36.01 36 36.03 36.01 36 36.08 36.07 36.07 36.02 36 36 36 36 36.01 36.01 36 36.1 36.2 36.46 36.23 36.59 36.77 36.41 36.26 36.03 35.95 35.99 35.22 34.68 34.92 34.6 34.7 35.39 34.67 32.21 32.56 33.42 31.87 31.14 31.68 31.22 30.48 29.54 29.74 31.82 32.33 31.48 30.27 -9999 -9999 -9999 -9999 -9999 -9999 -9999 -9999 -9999 -9999 -9999 -9999 -9999 -9999 -9999 -9999 -9999 -9999 -9999 -9999 -9999 -9999 -9999 -9999 -9999 -9999 -9999 -9999 -9999 -9999 -9999 -9999 -9999
35.92 35.98 35.88 35.8 35.86 35.97 36 36 36 36 36 35.98 35.97 35.99 36 36 36 36 36 36 35.98 35.96 36.01 36 36.01 35.96 35.97 35.99 35.52 35.15 34.88 35.53 35.46 35.8 34.86 34.05 33.97 33.82 32.91 33.32 33.55 32.47 30.58 30.79 30.85 32.19 31.71 30.85 30.72 -9999 -9999 29.36508 29.4421 30 30.98148 31.02941 -9999 -9999 -9999 -9999 -9999 -9999 -9999 -9999 -9999 -9999 31 31.17647 31.75472 -9999 -9999 -9999 -9999 -9999 -9999 -9999 -9999 -9999 -9999 -9999 -9999 -9999
35.91 35.85 35.74 35.68 35.64 35.77 35.86 35.78 35.8 36 35.95 35.89 35.98 35.98 35.96 35.96 35.99 36 36 36 35.98 35.95 36 36.07 35.79 35.89 35.74 35.58 35.62 35.42 34.94 34.86 35.32 35.74 35.71 35.18 34.65 34.09 33.51 33.03 33.51 33.18 32.76 32.78 32.28 32.4 31.12 31.53 31.91 31.92 31.44 31.13 31.04 31.04 30.92 30.68493 -9999 29.5625 29.53 30.21 30.71765 -9999 -9999 -9999 30.76596 30.95 31.04 31.4 31.99 32.02247 -9999 -9999 -9999 -9999 -9999 -9999 -9999 -9999 -9999 -9999 -9999 -9999
36 35.92 35.99 35.95 35.98 35.92 35.91 35.49 35.36 35.43 35.3 35.24 35.3 35.53 35.65 35.48 35.37 35.71 35.74 35.97 36 36 36 35.97 35.94 35.63 35.33 35.2 34.99 34.48 34.67 34.83 35 35.73 35.7 34.96 35.02 34.47 34.6 33.88 33.91 33.48 32.81 33.3 33.03 31.97 31.54 31.86 32.18 31.84 31 30.38 30.31 30.71 30.48 30.39 30.62 30.85 30.69 30.55 30.74 30.16 30.2 30.42 30.16 30.29 30.88 31.18 31.83 32 32.15054 -9999 -9999 -9999 -9999 -9999 -9999 -9999 -9999 -9999 -9999 -9999
36 36 35.99 36 36 35.92 35.6 35.34 35.05 35 35 35.01 35 35 35 35 35 35 35.01 35.03 35.29 35.76 35.93 35.98 36 36 35.93 35.87 35.53 35.51 35.61 35.09 35.26 35.14 35.52 35.01 35.17 34.95 34.62 34.1 34.14 33.44 33.68 33.82 32.76 31.75 32.12 32.21 31.98 31.29 30.77 30.57 30.7 30.76 30.99 30.89 30.95 30.74 30.22 30.23 30.08 29.99 29.98 29.94 29.84 30 30.13 30.97 31.73684 -9999 -9999 -9999 -9999 -9999 -9999 -9999 -9999 -9999 -9999 -9999 -9999 -9999
35.98 36 35.96 35.96 35.85 35.91 35.55 35.32 35.16 35 35 35 35 35 35 35.01 35 35 35 35 35 35 35.16 35.17 35.62 35.78 35.88 35.71 35.62 35.7 35.56 35.32 35.63 35.5 35.79 35.35 35.16 34.85 34.41 34 34.22 33.74 33.93 33.77 33.08 32.56 32.14 32.07 31.96 31.44 31 31.07 30.99 30.68 30.95 30.78 30.52 30.22 30 30.06 30.19 29.73 29.74 29.26 29.18 29.41 30 30.67 31.22 31.97015 -9999 -9999 -9999 -9999 -9999 -9999 -9999 -9999 -9999 -9999 -9999 -9999
35.64 35.63 35.89 35.93 35.94 35.88 35.5 35.02 35 35 35 35 35 35 35 35 35 35 35 35 35 35 35 35.01 35 35.36 35.46 35.64 35.24 35.14 35.2 35.67 35.75 35.84 35.66 34.84 34.91 34.76 34.75 34.17 33.7 33.45 33.76 32.92 32.93 32.79 32.49 32.17 32 31.8 31.22 31 31 30.98 30.42 30.13 30.04 30.03 29.99 29.76 29.93 29.96 29.38 29.04 29.13 28.89 29.62 30.11 31 31.78572 -9999 -9999 -9999 -9999 -9999 -9999 -9999 -9999 -9999 -9999 -9999 -9999
35.79 35.76 35.92 35.81 35.61 35.74 35.51 35.09 35 35 35 34.89 34.94 34.98 34.98 35 34.91 34.77 34.85 34.98 34.98 34.99 35 35 35 35 35.08 35.3 35.21 35.22 35.39 35.59 35.72 35.37 35.67 35.08 35 34.86 34.52 34.46 33.95 33.97 33.78 33.11 33.07 33 32.68 32.11 32 31.51 31.01 31 31 30.49 30.06 30.01 30 30 29.86 29.27 29.35 29.42 29.15 28.51 28.03 28.32 29.02 29.87 30.85 31.7 32.02083 -9999 -9999 -9999 -9999 -9999 -9999 -9999 -9999 -9999 -9999 -9999
35.98 36 36 36 35.78 35.69 35.11 35.01 35 35 35 34.95 34.71 34.74 34.42 34.62 34.99 34.94 34.51 34.41 34.16 34.34 34.68 34.71 34.99 35 35 35.08 35.16 35.69 35.61 35.44 35.47 35.83 35.53 35.2 35.01 35 34.99 34.65 34.19 34.04 33.86 33.52 33.06 33 32.77 32.07 31.99 31.23 31.01 31 30.87 30.4 30.14 30 30 30 29.71 29.45 29.32 29.42 29.08 28.44 28 28.02 28.75 29.74 30.31 31.41096 -9999 -9999 -9999 -9999 -9999 -9999 -9999 -9999 -9999 -9999 -9999 -9999
35.95 36 36 36 35.85 35.27 35.02 35 35 34.72 34.72 34.98 34.63 34.39 34.28 34.09 34.23 34.24 34.27 34.04 34.01 34 34.02 34.24 34.78 34.92 35 35 35 35.58 35.56 35.2 35.86 35.66 35.35 35.33 35.2 35.04 35.03 35 34.96 34.69 34 33.83 33.01 33 32.35 32 31.8 31.12 31 30.98 30.7 30.28 30.04 30 29.96 29.89 29.55 29.47 29.64 29.54 28.77 28.11 28 28.1 28.91 29.59375 -9999 -9999 -9999 -9999 -9999 -9999 -9999 -9999 -9999 -9999 -9999 -9999 -9999 -9999
35.74 35.99 35.99 35.91 35.7 35.06 35 35 35 34.96 34.8 34.92 34.49 34.28 34.06 34 34 34.11 34 34 34 34 34 34 34.14 34.58 34.61 35 35 35.06 35.07 35.32 35.86 35.69 35.23 35.34 35.34 35 35 35 35 34.72 34 33.8 33.04 32.96 32.2 32 31.59 31.13 31 30.74 30.28 30.05 30 29.86 29.69 29.67 29.29 29.06 29.13 29 28.66 28.38 28.84694 28.7931 29 -9999 -9999 -9999 -9999 -9999 -9999 -9999 -9999 -9999 -9999 -9999 -9999 -9999 -9999 -9999
35.68 35.63 35.81 35.1 35 35 35 35 35 35 34.98 34.62 34.28 34.09 34.03 34 34 34 34 34 34 34 34 34 34 34.24 34.47 34.7 35 35 35 35 35.12 35.24 35.67 35.49 35.09 35.03 35.06 35 35 34.56 34.01 33.4 33 32.76 32.03 31.96 31.52 31 30.99 30.71 30.07 30 29.96 29.99 29.55 29.37 29.43 29.06 29.02 29 28.9596 28.90789 -9999 -9999 -9999 -9999 -9999 -9999 -9999 -9999 -9999 -9999 -9999 -9999 -9999 -9999 -9999 -9999 -9999 -9999
35.04 35.13 35.07 35 35.05 35 35 35 35 34.96 34.92 34.34 34.04 34 34 34 34 34 34 34 34 34 34 34 34.01 34.24 34.34 34.3 34.99 35 35 35 35 35 35 35.02 35 35.01 35 35 34.88 34.04 33.88 33.1 32.97 32.24 31.99 31.51 31 31 30.98 30.61 30.03 30 30 29.78 29.29 29.69 29.89 29.31 29.34043 -9999 -9999 -9999 -9999 -9999 -9999 -9999 -9999 -9999 -9999 -9999 -9999 -9999 -9999 -9999 -9999 -9999 -9999 -9999 -9999 -9999
35 35 35 35 35 35 35 35 34.99 34.78 34.64 34.12 34.02 34 34 34 34 33.99 33.97 34 34 34 34 34 34 34.05 34.17 34.07 34.83 34.87 35 35 35 35 35 35.01 35.04 35 35 34.9 34.15 33.96 33.12 33 32.55 32.05 31.97 31.19 31 31 30.91 30.11 30 30 29.99 29.94 29.82 29.41 29.88298 -9999 -9999 -9999 -9999 -9999 -9999 -9999 -9999 -9999 -9999 -9999 -9999 -9999 -9999 -9999 -9999 -9999 -9999 -9999 -9999 -9999 -9999 -9999
35 35 35 35 35 35 34.94 34.89 34.62 34.51 34.21 34.04 34 34 34 34 34 34 34 34 33.98 33.96 34 34 34 34 34 34.37 34.51 34.98 35 35 35 35 35.02 35 35 35 34.78 34.07 33.92 33.26 33 32.63 32.26 32.01 31.61 31.14 31 30.95 30.26 30 30 30 29.89 29.95 29.96 29.91489 -9999 -9999 -9999 -9999 -9999 -9999 -9999 -9999 -9999 -9999 -9999 -9999 -9999 -9999 -9999 -9999 -9999 -9999 -9999 -9999 -9999 -9999 -9999 -9999
35 35 35 35 34.89 34.58 34.4 34.38 34.13 34.28 34 34 34 34 34 34 34 33.95 33.91 33.94 33.91 33.91 34 34 34 34 34 34.33 34.7 34.97 35 35 35 35 35 35 34.99 34.89 34.89 34.18 33.88 33.08 32.87 32.39 32 31.97 31.15 31 30.61 30.28 30 30 30 30 29.85714 29.91358 30 -9999 -9999 -9999 -9999 -9999 -9999 -9999 -9999 -9999 -9999 -9999 -9999 -9999 -9999 -9999 -9999 -9999 -9999 -9999 -9999 -9999 -9999 -9999 -9999 -9999
34.98 34.99 35 34.99 34.8 34.55 34.56 34.51 34.22 34.13 34.1 34 34 34 34 34 33.99 33.91 33.72 33.73 33.88 33.65 33.92 33.83 34 34 34 34.03 34.17 34.75 35 35 35 35 35 35 34.95 34.67 34.88 34.51 33.93 33.6 33 32.62 32.01 31.76 31.01 30.68 30.1 30.0102 30 30 -9999 -9999 -9999 -9999 -9999 -9999 -9999 -9999 -9999 -9999 -9999 -9999 -9999 -9999 -9999 -9999 -9999 -9999 -9999 -9999 -9999 -9999 -9999 -9999 -9999 -9999 -9999 -9999 -9999 -9999
34.73 34.93 34.97 34.95 35 34.92 34.85 34.38 34.24 34.19 34 34 34 34 33.98 33.97 33.71 33.61 33.48 33.42 33.3 33.59 33.46 33.27 33.77 33.97 34 34 34.01 34.5 34.71 35 35 35 35 34.99 34.94 34.28 34.69 34.42 34.04 33.42 32.97 32.61 32 31.4 30.75309 -9999 -9999 -9999 -9999 -9999 -9999 -9999 -9999 -9999 -9999 -9999 -9999 -9999 -9999 -9999 -9999 -9999 -9999 -9999 -9999 -9999 -9999 -9999 -9999 -9999 -9999 -9999 -9999 -9999 -9999 -9999 -9999 -9999 -9999 -9999
34.38 34.91 34.97 34.8 34.99 34.63 34.88 34.6 34.37 34.46 34.03 34 34 34 33.98 33.67 33.31 33.63 33.37 33.02 33.37 33.01 33.16 33.59 33.65 33.76 33.94 33.99 34 34.03 34.37 34.39 34.48 34.87 34.72 34.56 34.48 34.41 34.48 34.53 33.76 33.07 32.98 32.46479 -9999 -9999 -9999 -9999 -9999 -9999 -9999 -9999 -9999 -9999 -9999 -9999 -9999 -9999 -9999 -9999 -9999 -9999 -9999 -9999 -9999 -9999 -9999 -9999 -9999 -9999 -9999 -9999 -9999 -9999 -9999 -9999 -9999 -9999 -9999 -9999 -9999 -9999
34.81 34.34 34.62 34.65 34.88 34.92 34.97 34.6 34.52 34.04 34 34 34 34 33.76 33.45 33.49 33.3 33.05 33.2 33 33.03 33.2 33.41 33.31 33.69 33.55 33.73 34 34 34.01 34.01 34.11 34.25 34.16 34.1 34.15 34.87 34.37 33.97 33.97 33.36 33.02 -9999 -9999 -9999 -9999 -9999 -9999 -9999 -9999 -9999 -9999 -9999 -9999 -9999 -9999 -9999 -9999 -9999 -9999 -9999 -9999 -9999 -9999 -9999 -9999 -9999 -9999 -9999 -9999 -9999 -9999 -9999 -9999 -9999 -9999 -9999 -9999 -9999 -9999 -9999
34.48 34.63 34.97 34.99 34.97 34.99 34.87 34.51 34.26 34.05 34.08 34 34 34 33.89 33.69 33.2 33 33 33 33.01 33.02 33.01 33.09 33.12 33.23 33.16 33.64 33.88 33.99 34 33.99 34 34.03 33.99 33.72 33.85 34.78 34.62 33.85 34 -9999 -9999 -9999 -9999 -9999 -9999 -9999 -9999 -9999 -9999 -9999 -9999 -9999 -9999 -9999 -9999 -9999 -9999 -9999 -9999 -9999 -9999 -9999 -9999 -9999 -9999 -9999 -9999 -9999 -9999 -9999 -9999 -9999 -9999 -9999 -9999 -9999 -9999 -9999 -9999 -9999
34.17 34.83 35 34.83 34.97 35 34.98 34.91 34.66 34.14 34.09 34 34 34 34 33.76 33.39 33.1 33.03 33 33 33 33 33 33 33 33.07 33.29 33.76 33.93 33.93 33.83 33.98 33.75 33.47 33.15 33.95 34.98 34.85 34.18 34 -9999 -9999 -9999 -9999 -9999 -9999 -9999 -9999 -9999 -9999 -9999 -9999 -9999 -9999 -9999 -9999 -9999 -9999 -9999 -9999 -9999 -9999 -9999 -9999 -9999 -9999 -9999 -9999 -9999 -9999 -9999 -9999 -9999 -9999 -9999 -9999 -9999 -9999 -9999 -9999 -9999
