layers/wordclim/future/Iberia_wcB2a_10_hadcm3_2050/bio_11.asc
ncols         166
nrows         93
xllcorner     -9.4959440078468
yllcorner     36.000324005443
cellsize      0.083333337679505
NODATA_value  -9999
[rows 0 to 33 of 93, columns 0 to 75 of 166]
-9999 -9999 -9999 -9999 -9999 -9999 -9999 -9999 -9999 -9999 -9999 -9999 -9999 -9999 -9999 -9999 -9999 100.8781 89.77778 102.3582 100.8485 98 100.6232 99.98485 -9999 -9999 -9999 -9999 -9999 -9999 -9999 -9999 -9999 -9999 -9999 -9999 -9999 -9999 -9999 -9999 -9999 -9999 -9999 -9999 -9999 -9999 -9999 -9999 -9999 -9999 -9999 -9999 -9999 -9999 -9999 -9999 -9999 -9999 -9999 -9999 -9999 -9999 -9999 -9999 -9999 -9999 -9999 -9999 -9999 -9999 -9999 -9999 -9999 -9999 -9999 -9999
-9999 -9999 -9999 -9999 -9999 -9999 -9999 -9999 -9999 -9999 -9999 -9999 -9999 -9999 -9999 -9999 103.2273 100.6947 95.52 99.69 91.25 88.7 96.59596 87.62 88.35 95.03093 -9999 -9999 -9999 -9999 -9999 -9999 -9999 -9999 -9999 -9999 -9999 -9999 -9999 -9999 -9999 -9999 -9999 103.0625 103.7308 -9999 -9999 -9999 -9999 -9999 -9999 -9999 -9999 -9999 -9999 -9999 -9999 -9999 -9999 -9999 -9999 -9999 -9999 -9999 -9999 -9999 -9999 -9999 -9999 -9999 -9999 -9999 -9999 -9999 -9999 -9999
-9999 -9999 -9999 -9999 -9999 -9999 -9999 -9999 -9999 -9999 -9999 -9999 -9999 -9999 105.2778 106.2421 103.2323 99.95 95.59 87.6 81.92 82.52 85.2 77.34 92.45 98.34 98.30526 96.50633 96.26761 100.8727 99.275 98.69048 95.52631 99.88312 92.77215 96.83334 95.80822 91.63889 89.73864 93.27835 95.61539 98.05952 100.7677 101.48 99.99 103.7792 103.2131 98.73333 97.42373 -9999 -9999 -9999 -9999 -9999 -9999 -9999 -9999 -9999 -9999 -9999 -9999 -9999 -9999 -9999 -9999 -9999 -9999 -9999 -9999 -9999 -9999 -9999 -9999 -9999 -9999 -9999
-9999 -9999 -9999 -9999 -9999 -9999 -9999 -9999 -9999 -9999 -9999 -9999 -9999 -9999 -9999 -9999 98.22222 89.83 85.76 88.16 81.78 73.82 69.18 67.77 78.06 89.42 94.62 86.96 95.18 94.63636 85.15 80.55 78.85 88.14 72.88 81.98 86.8 81.64 72.88 87.77 95.72727 90.13 89.6 94.92 97.31 96.56 89.75 87.73 96.62 93.65 91.46 88.11539 96.76923 98.66102 97.84 -9999 -9999 -9999 -9999 -9999 -9999 -9999 -9999 -9999 -9999 -9999 -9999 106.2466 -9999 105.2381 101.6458 103.3678 101.913 -9999 -9999 -9999
-9999 -9999 -9999 -9999 -9999 -9999 -9999 -9999 -9999 -9999 -9999 -9999 -9999 -9999 106.8657 105.4167 97.97 89.67 86.75 82.14 83.49 80.78 79.4 72.61 75.57 76.87 80.68 87.18 85.46 72.93 62.22 68.85 77.16 72.32 66.43 78.75 69.79 62.82 76.38 86.54 89.06 94.86 96.27 91.54 93.8 92.23 88.96 88.19 88 88.47 88.66 95.61 95.97 86.56 85.32 82.5 75.4 85.75532 92.5679 99.31507 101.5195 103.141 101.2917 98.48193 100.5918 104.8 102.89 103.03 100.5 102.73 96.56 97.06 99.85714 94.76 94.02247 99.07407
-9999 -9999 -9999 -9999 -9999 -9999 107.5556 109.2 106.8784 -9999 104.6351 104.3012 103.73 106.8283 106.29 -9999 97.08 89.59 81.16 82.06 83.81 84.48 83.02 83.99 79.82 79.42 77.92 83.73 68.79 63.62 65.06 77.46 71.08 55.99 56.96 70.02 75.76 74.65 67.37 74.23 71.83 72.96 79.65 86.92 86.41 85.84 80.83 70.58 68.34 75.38 65.45 74.19 80.97 67.65 58.07 62.8 72.13 66.27 80.88 78.74 88.33 85.65 88.69 91.45 88.47 94.35 94.87 94.08 85.04 77.65 80.45 83.36 90.99 84.29 83.25 83.08
-9999 -9999 -9999 -9999 -9999 -9999 105.4658 105.7 104.7 105.11 101.06 92.5 94.39 97.51 101.51 99.84 91.61 87.49 82.61 83.65 82.9 85.43 84.41 85.32 83.46 79.61 73.62 75.86 69.55 64.87 70.46 75.83 59.28 49.7 62.43 68.37 66.42 51.52 55.64 51.8 50.59 66.14 42.59 64.6 80.15 67.27 62.71 67.25 62.82 60.33 42.47 55.16 58.15 40.7 9.96 28.11 19.38 25.31 64.66 55.49 64.68 73.16 77.03 70.42 77.7 85.79 80.42 79.9 78.86 59.64 46.05 65.31 79.16 80.67 77.69 84.08
-9999 -9999 -9999 -9999 109.8925 104.03 103.26 97.74 94.78 94.86 91.04 91.81 93.58 91.81 93.1 89.8 85.79 85.15 82.52 83.91 82.78 82.86 85.32 83.92 81.08 75.74 69.33 72.97 59.77 63.39 59.62 67.88 57.21 49.78 57.88 60.5 46.83 34.43 48.46 36.56 43.7 37.74 51.83 52.04 63.92 52.98 53.41 52.43 39.37 33.13 39.37 33.76 28.08 40.19 23.12 15.85 25.63 54.3 67.84 60.33 33.91 48.11 55.02 56.31 58.38 74.55 61.05 70.87 65.86 43.77 38.23 46.23 53.09 64.75 81.62 80.95
-9999 -9999 -9999 109.3093 105.48 98.1 97.19 94.71 93.54 91.64 92.84 93.08 95.75 94.54 93.53 92.3 89.45 84.87 77.45 79.73 82.93 81.24 82.56 81.17 76.45 73.39 65.8 62.68 67.84 64.81 71.22 67.93 51.34 41.57 52.29 39.05 38.56 18.02 15.93 19.36 8.63 19.03 12.5 38.91 49.24 21.48 18.87 25.5 17.45 14.01 26.41 19.17 28.71 33.26 21.88 22.98 10.03 15.18 27.43 39.22 32.63 15.9 27.22 44.27 49.19 52.41 51.47 53.95 50.88 51.96 58.51 60.06 60.78 60.35 63.87 59.7
-9999 -9999 -9999 110.2 100.9293 97.53 95.74 95.37 95.76 95.19 95.48 95.87 95.47 93.98 92.66 91.46 91.11 84.28 81.56 77.58 80.18 77.2 77.66 81.51 80.92 77.4 66.89 65.39 62.41 70.62 67.06 55 52.54 41.76 37.78 30.05 21.76 28.77 27.91 26.57 21.24 26.66 24.29 18.77 24.89 26.77 22.2 27.17 19.55 25.51 36.55 29.37 29.61 32.85 35.75 25.97 12.2 10.02 16.46 30.05 37.07 16.33 25.58 45.65 50.01 51.63 52.8 52.31 52.88 54.84 61.09 68.03 65.38 61.15 60.42 59.39
-9999 -9999 -9999 -9999 106.6552 96.42 97.13 99.51 96.86 100.97 102.99 96.07 92.87 96.03 95.11 94.15 95.23 92.64 87.74 82.73 77.73 79.32 80.84 81.9 82.37 77.23 70.34 61.55 67.02 66.02 53.43 39.16 27.92 27.18 35.39 32.05 33.1 26.97 15.43 20.27 15.35 14.84 24.06 32.29 20.05 30.09 32.03 34.3 27.78 37.21 39.24 31.47 37.51 31.14 36.72 26.02 25.27 25.45 27.51 39.9 44.88 44.65 45.02 48.02 48.01 50.62 47.49 54.67 53.27 58.09 54.61 58.77 65.24 60.36 57.09 54.01
-9999 -9999 -9999 -9999 109.35 106.5 107.3485 107.989 92.76 100.14 102.65 102.52 98.82 99.61 98.16 90.85 91.35 87.34 81.13 81.92 76.44 76.47 81.47 74.91 73.49 77.75 62.94 57.2 58.82 54.49 47.89 27.65 36.74 43.24 50.31 46.79 33.01 20.02 18.52 19.44 26.98 32.74 37.12 37.71 39.22 34.92 42.27 43.63 40.63 44.34 43.6 42.39 43.84 40.27 44.35 38.27 35.05 42.31 42.84 41.72 45.6 47.89 51.58 51.55 48 53.11 53.34 47.91 52.19 50.16 45.68 54.24 55.43 64.85 65.87 63.59
-9999 -9999 -9999 -9999 -9999 -9999 95 103.13 100.42 106.02 101.44 97.25 98.12 88.38 89.57 87.95 83.07 82.51 75.68 70.67 77.48 81.18 72.36 69.32 71.53 68.59 57.54 45.14 41.26 43.97 48.47 40.45 50.58 57.13 54.52 54.42 45.1 41.22 40.72 37.22 31.84 32.64 37.76 41.95 43.09 40.97 46.1 47.77 45.28 50.47 45.14 48.8 47.39 48.6 45.94 43.22 43.79 45.21 48.03 45.94 50.62 50.21 51.95 47.25 46.34 47.04 48.17 47.83 50.24 46.76 42.28 48.52 62.3 53.67 55.24 49.57
-9999 -9999 -9999 -9999 -9999 111.1525 102.6277 -9999 -9999 101.84 101.74 93.39 87.14 80.4 73.91 84.33 82.29 75.43 71.27 67.87 76.68 79.42 74.69 74.62 80.02 69.01 54.76 53.69 46.89 38.76 47.95 53.7 60.3 65.56 64.32 60.22 58.57 54.91 47.41 38.9 41.88 45.23 44.37 46.31 45.82 44.78 50.22 51.16 51.22 52.12 50.26 52.9 48.57 52.65 48.09 46.48 48.1 48.02 52.03 50.46 52.8 55.69 54.23 49.69 49.24 47.1 46.94 45.65 45.15 43.23 45.2 52.96 62.04 62.67 61.16 59.46
-9999 -9999 -9999 -9999 -9999 -9999 -9999 113.5 109.6988 107.19 100.63 93.42 86.4 81.46 74.07 74.75 76.6 70.99 67.38 70.89 73.17 78.18 76.88 82.74 80.72 74.38 64.32 59.03 46.69 43.62 48.87 61.23 67.41 70.18 65.99 59.46 45.26 36.77 33.87 35.58 43.66 47.18 46.89 49.97 48.97 48.8 51.56 54.46 55.36 54.38 54.12 51.42 51.32 54.98 51.19 49.4 52.14 51.31 52.4 53.99 53.37 56.2 56.76 55.72 54.64 53.7 50.46 45.22 45.56 45.4 49.86 52.06 48.9 51.28 54.59 55.29
-9999 -9999 -9999 -9999 -9999 -9999 -9999 111.7292 107.337 98.78651 103.95 95.01 82.95 70.91 75.14 79.72 81.71 81.19 79.77 77.82 76.96 76.99 78.61 78.38 71.97 70.2 70.57 68.51 52.17 56.28 59.88 63.22 65.18 52.74 38.75 39.62 29.37 26.36 36.14 42.83 47.64 50.26 49.16 52.26 51.75 51.42 52.93 56.34 56.52 55.52 53.81 52.8 54.09 57.06 54.3 52.23 54.43 56.3 56.51 57.1 58.12 58.22 57.29 57.41 56.57 55.09 49.7 46.8 47.37 47.58 46.65 45.53 46.3 49.43 49.37 54.18
-9999 -9999 -9999 -9999 -9999 -9999 -9999 -9999 -9999 101.3235 101.9462 95.82 88.47 71.35 72.6 83.36 89.31 84.7 84.84 84.26 82.2 68.57 63.3 67.54 67.33 56.48 54.51 70.44 71.55 54.66 49.57 57.35 40.94 35.77 38.46 20.32 17.3 24.72 36.85 41.57 45.52 50.05 53.32 54.33 53.56 53.46 54.11 56.7 55.61 55.02 55.35 54.81 56.91 58.35 56.77 55.12 56.2 58.57 59 59.82 59.79 60.3 60.22 59.63 58.11 53.61 50.38 49.35 49.23 48.44 46.27 44.58 44.06 39.6 42.19 47.02
-9999 -9999 -9999 -9999 -9999 -9999 -9999 -9999 107.7308 99.65151 -9999 94.02 86.26 78.91 68.05 78.66 90.69 86.16 80.43 83.26 80.17 69.83 66.21 54.68 49.79 47.57 39.31 58.34 60.22 49.66 35.44 30.35 25.57 24.62 29.9 37.68 31.25 21.88 30.21 40.93 48.13 51.56 53.93 55.07 54.53 54.42 55.55 57.82 54.67 53.54 56.36 57.27 59.23 59.46 58.75 58.65 58.64 59.43 61.21 61.34 61.45 60.82 60.87 59.34 56.19 50.95 51.77 52.58 50.28 47.48 45.12 43.9 41.31 36.5 31.45 30.93
-9999 -9999 -9999 -9999 -9999 -9999 -9999 -9999 -9999 104.3736 100.81 98.94 97.97 83.57 76.95 84.32 86.37 81.62 80.14 76.32 73.69 70.02 69.67 53.7 40.87 34.76 27.74 41.34 55.37 43.12 34.35 21.04 8.89 12.11 20.37 19.58 23.03 31.62 35.41 43.24 47.9 50.72 51.45 54.7 56.25 56.24 56.63 58.11 55.23 56.04 57.78 59.06 60.07 59.33 59.71 60.55 61.19 60.5 61.31 62.66 62.46 61.27 60.86 57.84 54.12 56.07 55.5 52.84 50.57 48.34 45.95 43.51 37.43 28.01 24.43 17.3
-9999 -9999 -9999 -9999 -9999 -9999 -9999 -9999 108.1868 94.83 106.16 102.5 101.68 87.49 94.11 83.47 74.74 66.75 68.72 67.2 66.11 69.4 65.93 60.04 49.31 39.81 41.36 48.67 51.89 38.89 28.86 18 18.68 34.42 39.7 38.03 37.82 41.14 45.87 49.99 50.12 52.45 53.81 54.31 57.25 56.56 57.83 57.65 57.64 58.88 59.03 60.19 59.51 59.07 60.89 61.89 63.28 64.24 62.48 63.61 59.99 57.48 58.77 57.36 59.29 55.83 55.57 53.62 50.99 47.85 44.47 40.92 42.86 41.54 36.56 34.81
-9999 -9999 -9999 -9999 -9999 -9999 -9999 95.74603 94.61 102.88 105.57 103.55 97.45 95.54 74.13 58.07 49.36 55.47 62.17 66.92 67.97 67.87 67.47 60.4 68.3 54.46 50.87 52.9 46.63 40.03 33.26 27.35 25.49 42.78 45.01 45.43 46.48 47.62 49.97 51.87 53.41 55.03 56.26 56.2 56.61 57.85 59.31 58.57 58.6 58.48 60.65 60.18 59.39 60.59 61.5 62.58 63.79 65.17 64.54 63.91 60.29 61.65 62.62 59.68 56.64 54.81 54.93 53.95 52.09 50.73 48.38 45.77 42.48 44.74 44.32 37.89
-9999 -9999 -9999 -9999 -9999 -9999 -9999 99.93333 107.14 104.63 100.18 82.08 87.1 78.46 53.57 63.94 66.91 70.83 66.96 57.78 54.58 58.91 60.56 64.93 75.77 64.18 58.16 60.27 54.25 49.02 47.92 43.68 34.61 48.83 49.65 47.44 45.64 49.41 50.71 51.68 52.76 54.9 56.55 57.58 58.6 59.78 59.43 59.04 59.48 60.25 60.92 60.03 59.21 61.14 61.67 62.45 62.72 61.5 59.15 63.11 64.96 62.57 60.16 57.49 54.26 52.45 53.01 51.94 49.85 48.12 46.72 42.59 40.56 37.56 44.72 42.19
-9999 -9999 -9999 -9999 -9999 -9999 -9999 107.1515 104.2045 94.28 95.07 81.28 92.95 88.74 79.41 77.59 75.74 61.13 49.4 49.17 49.7 49.8 63.55 65.8 76.45 67.01 57.3 62.48 61.19 53.47 52.82 52.96 51.25 58.06 54.46 55.28 51.9 49.55 47.16 45.82 48.18 50.51 54.86 56.08 58.14 59.23 60.03 60.89 61.49 61.76 61.31 60.87 60.49 60.45 58.87 57.97 57.84 58.28 60.01 65.04 62.26 60.15 58.08 55.51 53.39 52.23 51.16 51.56 50.14 49.47 48.7 46.42 44.22 42.5 40.78 41.46
-9999 -9999 -9999 -9999 -9999 -9999 -9999 -9999 98.91 90.83 103.99 97.46 97.89 91.57 82.07 64.1 55.74 47.22 59.54 53.5 55.35 54.86 59.02 67.37 78.1 69.16 58.49 65.91 64.72 63.93 56.9 49.77 56.46 62.99 55.46 58.63 55.89 51.41 52.64 53.89 51.56 51.16 54.79 58.79 59.55 59.35 60.82 60.83 60.23 59.56 61.38 61.16 58.84 56.45 56.26 56.78 57.3 60.19 63.99 63.03 60.14 59.63 57.75 56.29 55.01 53.93 54.62 54.03 52.56 52.41 51.42 51.03 49.65 48.99 47.25 43.8
-9999 -9999 -9999 -9999 -9999 -9999 -9999 -9999 104.7111 104.8775 99.3 95.11 88.76 91.25 84.16 77.23 73.46 74.31 63.97 55.83 55.18 61.26 69.26 75.92 72.56 62.13 67.11 72.33 74.16 65.96 56.07 45.77 56.5 57.09 59.65 61.46 54.33 52.03 52.73 54.47 56.01 55.01 55.53 58.43 59.87 60.21 61.22 62.01 61.36 60.66 60.09 57.7 56.95 57.2 57.03 56.88 58.6 63.1 61.06 60.21 59.68 59.33 57.68 55.69 55.11 53.96 57.7 58.2 57.12 55.25 54.83 53.35 52.07 51.14 49.44 48.29
-9999 -9999 -9999 -9999 -9999 -9999 -9999 -9999 107.0132 102.36 100.5 100.33 103.05 99.29 94.75 83.89 78.91 62.19 58.82 61.8 69.11 69.6 74.98 76.8 59.83 69.41 75.56 80.41 80.03 70.35 59.11 54.66 54.65 60.65 62.57 62.71 58.6 56.28 54.13 55.34 55.06 56.07 57.87 59.1 59.56 61.33 61.83 59.57 59.67 59.48 59.61 60.43 59.67 58.82 57.22 57.27 61.76 63.23 61.28 61.88 60.91 59.41 58.82 59.55 59.93 56.38 58.06 55.21 55.32 55.1 55.12 53.46 52.32 51.79 51.64 51.78
-9999 -9999 -9999 -9999 -9999 -9999 -9999 -9999 -9999 103.37 104.8 102.68 100.55 91.4 92.48 89.7 76.44 75.3 76.14 75.05 78.65 64.88 66.19 57.68 62.52 75.35 82.49 84.7 79.85 70.95 65.16 65.41 64.05 69.36 67.7 65.57 60.08 56.25 57.64 58.3 58.24 55.89 57.8 59.32 60.18 63.02 63.32 61.5 61.41 62.46 62.81 62.53 62.67 60.89 61.3 63.2 63.76 63.75 63.41 58.72 58.69 56.96 55.62 55.94 56.65 55.85 53.17 51.7 52.26 51.51 48.46 48.89 47.12 50.24 51.92 52.49
-9999 -9999 -9999 -9999 -9999 -9999 -9999 -9999 -9999 106.13 102.78 101.46 96.02 96.8 93.74 88.01 80.38 78.12 90.09 77.51 62.18 59.27 59.52 64.37 70.72 71.38 72.74 83.56 78.95 66.02 56.25 68.9 72.12 72.5 69.62 67 61.74 58.75 61.08 57.82 57.09 58.55 58.63 60.21 61.76 62.18 62.76 61.46 62.26 64.06 64.9 64.09 64.15 63.98 63.32 62.14 62.71 63.34 62.06 58.77 57.41 56.3 55.79 54.89 55.11 54.83 53.89 48.77 43.56 42.39 43.84 49.89 49.69 47.41 48.75 47.61
-9999 -9999 -9999 -9999 -9999 -9999 -9999 -9999 -9999 107.1313 105.1 103.15 101.04 97.65 92.41 91.3 81.61 82.95 89.64 74.06 50.78 67.04 64.44 65.95 73.77 82.12 82.58 80.69 75.31 77.37 69.5 73.86 72.06 62.86 58.48 59.28 61.93 64.02 59.93 57.02 55.95 56.66 57.74 58.36 59.62 59.1 59.03 60.29 60.51 61.09 61.93 62.71 62.26 62.11 60.87 60.63 62.08 63.01 61.04 60.61 61.43 59.76 58.82 58.21 56.79 55.6 55.68 50.39 44.86 47.22 48.95 49.58 48.48 47.22 44.01 41.83
-9999 -9999 -9999 -9999 -9999 -9999 -9999 -9999 -9999 107.5443 103.01 100.98 94.95 89.8 91.09 93.46 90.75 93.66 75.7 64.26 76.23 78.41 69 77.74 69.69 80.25 70.51 70.34 82.18 81.59 76.79 78.89 70.14 61.87 62.04 65.55 68.48 62.95 59.72 58.46 57.43 56.37 55.7 55.53 55.42 55.62 56.69 58.19 60.47 62.58 60.64 61.59 62.05 62.71 63.06 63.12 62.49 62.13 61.74 61.6 61.26 60.66 59.32 57.53 55.9 55.32 53.9 52.63 48.99 51.24 49.44 44.68 38.55 34.67 34.67 33.43
-9999 -9999 -9999 -9999 -9999 -9999 -9999 -9999 -9999 107.6792 104.54 101.1 98.61 94.5 94.93 92.85 95.82 78.46 71.63 70.16 88.99 82.34 78.72 86.68 83.52 78.41 66.93 67.61 85.91 80.59 73.4 74.25 67.43 66.77 65.14 65.69 60.24 58.87 59.7 60.23 59.41 57.2 55.95 53.57 54.61 56.23 56.45 56.18 57.99 60.41 61.45 61.88 62.32 62.42 62.8 62.63 61.65 61.33 59.92 61 60.33 59.64 58.59 57.04 55.84 54.88 53.43 51.67 48.97 47.96 47.41 37.96 22.9 22.63 27.74 31.62
-9999 -9999 -9999 -9999 -9999 -9999 -9999 -9999 -9999 -9999 104.4946 104.02 101.88 97.37 94.26 95.75 91.14 86.72 87.28 82.4 88.61 83.52 82.55 82.85 79.16 80.98 82 82.2 88.57 76.35 72.59 75.41 74.02 68.82 62.77 61.97 61.02 59.2 58.14 58.54 59.39 60.14 58.65 58.53 58.43 58.47 58.56 58.29 59.24 60.52 61.92 61.78 61.92 61.58 61.89 61.94 60.26 60.5 58.4 59.51 59.5 57.77 56.6 56.9 55.4 51.85 48.62 47.56 45.92 41.29 32.02 24.03 25.89 34.81 30.1 37.82
-9999 -9999 -9999 -9999 -9999 -9999 -9999 -9999 -9999 -9999 105.381 101.39 103.11 100.44 97.43 90.09 74.34 76.8 61.86 63.84 75.16 69.33 72.04 69.3 66.63 68.21 74.62 75.94 86.35 83.42 82.31 80.08 78.74 69.45 64.33 63.71 61.39 60.5 58.97 58.1 58.48 58.86 59.11 59.6 59.81 59.82 59.9 59.69 59.15 59.91 61.2 61.31 61.01 60.58 60.93 60.22 58.53 59.77 57.72 57.86 57.44 55.65 56.83 54.92 51.88 48.4 44.27 32.25 30.7 30.61 44.11 43.86 32.5 39.6 46.69 44.84
-9999 -9999 -9999 -9999 -9999 -9999 -9999 -9999 -9999 -9999 107.2093 100.99 96.97 93.86 92.33 89.51 81.69 68.13 59.78 62.21 61.87 60.52 67.14 74.1 66.04 60.81 68.31 79.08 82.82 75.77 74.7 77.06 69.81 67.34 65.51 64.7 63.28 60.05 60.06 60 58.34 57.75 59.43 59.61 59.81 59.95 61.08 62.86 63.2 61.16 60.67 59.86 59.3 58.94 58.65 57.93 58.63 59.06 57.48 56.12 54.9 55.47 55.96 55.26 50.29 45.55 29.4 21.6 35.52 45.46 49.47 50.81 46.21 46.61 52.33 52.36
