layers/wordclim/future/Iberia_wcB2a_10_hadcm3_2050/bio_17.asc
ncols         166
nrows         93
xllcorner     -9.4959440078468
yllcorner     36.000324005443
cellsize      0.083333337679505
NODATA_value  -9999
[rows 0 to 34 of 93, columns 77 to 153 of 166]
-9999 -9999 -9999 -9999 -9999 -9999 -9999 -9999 -9999 -9999 -9999 -9999 -9999 -9999 -9999 -9999 -9999 -9999 -9999 -9999 -9999 -9999 -9999 -9999 -9999 -9999 -9999 -9999 -9999 -9999 -9999 -9999 -9999 -9999 -9999 -9999 -9999 -9999 -9999 -9999 -9999 -9999 -9999 -9999 -9999 -9999 -9999 -9999 -9999 -9999 -9999 -9999 -9999 -9999 -9999 -9999 -9999 -9999 -9999 -9999 -9999 -9999 -9999 -9999 -9999 -9999 -9999 -9999 -9999 -9999 -9999 -9999 -9999 -9999 -9999 -9999 -9999
-9999 -9999 -9999 -9999 -9999 -9999 -9999 -9999 -9999 -9999 -9999 -9999 -9999 -9999 -9999 -9999 -9999 -9999 -9999 -9999 -9999 -9999 -9999 -9999 -9999 -9999 -9999 -9999 -9999 -9999 -9999 -9999 -9999 -9999 -9999 -9999 -9999 -9999 -9999 -9999 -9999 -9999 -9999 -9999 -9999 -9999 -9999 -9999 -9999 -9999 -9999 -9999 -9999 -9999 -9999 -9999 -9999 -9999 -9999 -9999 -9999 -9999 -9999 -9999 -9999 -9999 -9999 -9999 -9999 -9999 -9999 -9999 -9999 -9999 -9999 -9999 -9999
-9999 -9999 -9999 -9999 -9999 -9999 -9999 -9999 -9999 -9999 -9999 -9999 -9999 -9999 -9999 -9999 -9999 -9999 -9999 -9999 -9999 -9999 -9999 -9999 -9999 -9999 -9999 -9999 -9999 -9999 -9999 -9999 -9999 -9999 -9999 -9999 -9999 -9999 -9999 -9999 -9999 -9999 -9999 -9999 -9999 -9999 -9999 -9999 -9999 -9999 -9999 -9999 -9999 -9999 -9999 -9999 -9999 -9999 -9999 -9999 -9999 -9999 -9999 -9999 -9999 -9999 -9999 -9999 -9999 -9999 -9999 -9999 -9999 -9999 -9999 -9999 -9999
-9999 -9999 -9999 -9999 -9999 -9999 -9999 -9999 -9999 -9999 -9999 -9999 -9999 -9999 -9999 -9999 -9999 -9999 -9999 -9999 -9999 -9999 -9999 -9999 -9999 -9999 -9999 -9999 -9999 -9999 -9999 -9999 -9999 -9999 -9999 -9999 -9999 -9999 -9999 -9999 -9999 -9999 -9999 -9999 -9999 -9999 -9999 -9999 -9999 -9999 -9999 -9999 -9999 -9999 -9999 -9999 -9999 -9999 -9999 -9999 -9999 -9999 -9999 -9999 -9999 -9999 -9999 -9999 -9999 -9999 -9999 -9999 -9999 -9999 -9999 -9999 -9999
-9999 146.5287 150.38 154.94 155.3954 158.2692 159.4 -9999 -9999 -9999 -9999 -9999 -9999 -9999 -9999 -9999 -9999 -9999 -9999 -9999 -9999 -9999 -9999 -9999 -9999 -9999 -9999 -9999 -9999 -9999 -9999 -9999 -9999 -9999 -9999 -9999 -9999 -9999 -9999 -9999 -9999 -9999 -9999 -9999 -9999 -9999 -9999 -9999 -9999 -9999 -9999 -9999 -9999 -9999 -9999 -9999 -9999 -9999 -9999 -9999 -9999 -9999 -9999 -9999 -9999 -9999 -9999 -9999 -9999 -9999 -9999 -9999 -9999 -9999 -9999 -9999 -9999
143.0612 140.2525 146.22 148.27 150.91 155.07 159.76 159.4343 162.7397 161.4333 165.2951 166.541 170.119 170.4271 175.93 184.25 179.3243 -9999 -9999 -9999 -9999 -9999 -9999 -9999 -9999 -9999 -9999 -9999 -9999 -9999 -9999 -9999 -9999 -9999 -9999 -9999 -9999 -9999 -9999 -9999 -9999 -9999 -9999 -9999 -9999 -9999 -9999 -9999 -9999 -9999 -9999 -9999 -9999 -9999 -9999 -9999 -9999 -9999 -9999 -9999 -9999 -9999 -9999 -9999 -9999 -9999 -9999 -9999 -9999 -9999 -9999 -9999 -9999 -9999 -9999 -9999 -9999
140.03 144.5 141.56 142.52 146.89 153.92 157.04 158.51 161.69 164.03 170.21 172.09 170.07 176.93 178.35 183.28 177.03 178.61 180.54 178.68 -9999 -9999 -9999 -9999 -9999 -9999 -9999 -9999 -9999 -9999 -9999 -9999 -9999 -9999 -9999 -9999 -9999 -9999 -9999 -9999 -9999 -9999 -9999 -9999 -9999 -9999 -9999 -9999 -9999 -9999 -9999 -9999 -9999 -9999 -9999 -9999 -9999 -9999 -9999 -9999 -9999 -9999 -9999 -9999 -9999 -9999 -9999 -9999 -9999 -9999 -9999 -9999 -9999 -9999 -9999 -9999 -9999
134.56 136.06 138.42 139.92 147.83 146.37 148.62 151.36 156.55 160.86 164.35 164.41 165.8 172.72 174.97 176.04 171.12 170.33 169.97 173.1644 -9999 -9999 -9999 -9999 -9999 -9999 -9999 -9999 -9999 -9999 -9999 -9999 -9999 -9999 -9999 -9999 -9999 -9999 -9999 -9999 -9999 -9999 -9999 -9999 -9999 -9999 -9999 -9999 -9999 -9999 -9999 -9999 -9999 -9999 -9999 -9999 -9999 -9999 -9999 -9999 -9999 -9999 -9999 -9999 -9999 -9999 -9999 -9999 -9999 -9999 -9999 -9999 -9999 -9999 -9999 -9999 -9999
129.12 130.87 139.15 148.87 141.91 144.61 141.54 142.02 149.12 149.42 150.55 154.46 162.18 162.13 166.7 167.34 166.28 168.04 171.7 171.4875 -9999 172.3095 171.3571 -9999 -9999 -9999 -9999 -9999 -9999 -9999 -9999 -9999 -9999 -9999 -9999 -9999 -9999 -9999 -9999 -9999 -9999 -9999 -9999 -9999 -9999 -9999 -9999 -9999 -9999 -9999 -9999 -9999 -9999 -9999 -9999 -9999 -9999 -9999 -9999 -9999 -9999 -9999 -9999 -9999 -9999 -9999 -9999 -9999 -9999 -9999 -9999 -9999 -9999 -9999 -9999 -9999 -9999
129.16 128.99 129.62 133.8 132.02 133.29 139.3 142.98 151.13 147.6 145.85 149.77 157.09 157.22 155.88 156.09 156.28 156.1 158.41 159.5 162.27 162.23 162.84 165.09 169.4301 171.4918 175.28 191.9138 -9999 -9999 -9999 -9999 -9999 -9999 -9999 -9999 -9999 -9999 -9999 -9999 -9999 -9999 -9999 -9999 -9999 -9999 -9999 -9999 -9999 -9999 -9999 -9999 -9999 -9999 -9999 -9999 -9999 -9999 -9999 -9999 -9999 -9999 -9999 -9999 -9999 -9999 -9999 -9999 -9999 -9999 -9999 -9999 -9999 -9999 -9999 -9999 -9999
123.44 126.19 125.66 122.14 121.08 122.85 125.78 128.2 131.2 139.58 141.13 143.02 144.9 152.62 146.55 142.38 143.99 145.92 147.01 149.97 150.5 153 159.34 152.38 159.59 159.72 167.67 188.19 194.75 -9999 -9999 -9999 -9999 -9999 -9999 -9999 -9999 -9999 -9999 -9999 -9999 -9999 -9999 -9999 -9999 -9999 -9999 -9999 -9999 -9999 -9999 -9999 -9999 -9999 -9999 -9999 -9999 -9999 -9999 -9999 -9999 -9999 -9999 -9999 -9999 -9999 -9999 -9999 -9999 -9999 -9999 -9999 -9999 -9999 -9999 -9999 -9999
109.39 114.83 112.7 114.34 117.96 120.5 125.71 126.06 133.11 135.93 135.1 135.21 142.84 140.72 139 132.72 131.35 132.28 136 135.56 134.97 139.45 141.15 140.66 142.62 142.93 155.49 166.94 178.03 200.7957 197.1045 211.1282 203.0682 224.3838 236.3134 -9999 -9999 -9999 -9999 -9999 -9999 -9999 -9999 -9999 -9999 197.71 216.51 233.1923 239.2364 -9999 -9999 -9999 -9999 -9999 -9999 -9999 -9999 -9999 -9999 -9999 -9999 -9999 -9999 -9999 -9999 -9999 -9999 -9999 -9999 -9999 -9999 -9999 -9999 -9999 -9999 -9999 -9999
101.81 101.87 102.91 107.22 108.36 111.29 118.97 116.58 117.07 119.98 122.61 122.36 118.49 118.37 122.36 122.53 127.11 128.16 132.1 131.82 127.27 123.48 128.53 132.45 135.1 131.95 137.25 139.88 142.92 161.78 173.91 211.31 197.49 179.61 221.35 208.1848 -9999 -9999 -9999 217.1111 -9999 237.463 -9999 -9999 -9999 212.1531 207.38 218.02 227 232.93 223.0732 234.6508 233.3788 -9999 -9999 -9999 -9999 -9999 -9999 -9999 -9999 -9999 -9999 -9999 -9999 -9999 -9999 -9999 -9999 -9999 -9999 -9999 -9999 -9999 -9999 -9999 -9999
99.33 98.13 96.55 103.18 109.72 112.61 109.33 109.74 110.76 109.44 104.12 106.86 110.26 108.3 108.34 110.43 116.25 119.15 126.52 125.99 120.63 115.33 120.07 124.67 120.26 118.99 115.94 124.83 131.63 134.97 139.73 157.74 165.22 155.93 180.28 172.07 199.75 211.73 196.77 187.18 217.43 219.57 237.18 211.78 249.88 241.26 232.87 235.55 237.36 226.71 205 219.55 220.21 237.0206 -9999 -9999 -9999 -9999 -9999 -9999 -9999 -9999 -9999 -9999 -9999 -9999 -9999 -9999 -9999 -9999 -9999 -9999 -9999 -9999 -9999 -9999 -9999
91.22 89.86 90.12 88.31 89.53 90.56 90.03 91.1 92.43 91.62 91.4 94.34 96.18 98.01 98.04 100.12 104.99 108.65 114.9 111.36 106.7 106.8 106.82 113.54 116.45 122.59 115.24 111.31 120.69 121.08 130.12 127.71 126.18 147.41 164.9 155.84 165.06 162.18 147.31 163.64 206.64 204.74 191.21 212.42 222.81 213.91 218.88 227.13 241.17 236.64 206.32 194.42 206.81 225.06 -9999 -9999 -9999 -9999 -9999 -9999 -9999 -9999 -9999 -9999 -9999 -9999 -9999 -9999 -9999 -9999 -9999 -9999 -9999 -9999 -9999 -9999 -9999
88.15 86.15 86.47 85.51 83.29 83.85 81.85 79.05 78.45 78.18 81.42 85.53 87.64 89.71 93.09 92.68 96.14 95.62 101.01 103.03 101.46 108.14 111.14 113.67 113.91 120.78 120.96 110.96 112.59 111.76 117.55 113.79 115.98 134.78 146.36 152.64 134.87 137.83 125.79 152.13 170.61 174.49 179.92 196.05 191.7 189.01 202.69 224.98 221.93 219.75 195.37 201.79 211.51 213.61 -9999 -9999 229.0794 226.3895 216.3483 190.8148 184.5 -9999 -9999 -9999 -9999 -9999 -9999 -9999 -9999 -9999 -9999 104.5 111.25 100.0755 -9999 -9999 -9999
96.64 91.17 88.97 82.39 83.79 92.61 85 81.5 78.71 79.85 79.3 80.43 80.07 82.72 86.02 85.61 87.16 88.19 89.16 90.62 91.15 93.82 101.03 103.34 107.4 111.71 112.7 105.64 102.63 112.55 113.08 114.78 121.82 123.8 133.13 141.29 143.98 129.27 118.36 122.05 135.05 152.74 166.7 181.23 189.62 184.49 188.48 192.92 190.47 192.26 182.71 209.71 198.9 169.59 156.12 179.44 187.26 182.79 178.36 178.95 192.6301 -9999 209.7125 207.36 190.4 178.8588 -9999 -9999 -9999 138.9468 109.29 87.35 81.17 78.17 78.1573 -9999 -9999
97.38 108.26 98.31 85.93 96.12 103.56 94.97 97.08 100.21 92.09 95.58 82.62 76.68 76.96 78.2 79.98 80.67 83.83 85.5 84.93 85.34 86.32 89.05 91.38 93.64 94.52 97.84 90.59 89.85 95.97 109.82 121.82 124.76 129.82 145.72 138.73 135.05 127.58 114.03 112.46 136.46 134.68 157.44 152.95 172.19 166.38 177.71 188.49 169.06 162.2 194.55 199.95 182.97 141.25 172.7 197.68 205.99 204.46 190.52 188.63 191.61 187.85 178.71 181.58 178.06 169.26 163.03 155.44 150.24 136.37 110.62 93 79.24 73.17 72.19101 77.35484 -9999
112.48 116.29 102.28 98.43 103.29 93.03 100.99 95.76 105.31 94.03 91.55 83.69 78.27 78.11 73.77 72.98 73.7 76.36 76.48 76.99 79.38 79.56 79.89 79.73 81.69 83.89 85.05 81.19 79.19 78.7 78.4 81.04 85.41 94.4 94.37 97.86 110.46 112.54 116.61 107.96 123.23 117.03 130.05 145.62 156.41 148.1 168.44 153.53 137.74 169.5 193.53 176.55 144.7 151.14 184.17 196.14 197.12 190.76 180.18 151.53 169.13 165.41 154.68 149.15 163.98 163.3 153.21 147.92 130.23 118.12 104.64 92.16 82.79 74.27368 -9999 -9999 -9999
98.68 93.9 98.37 109.85 104.58 100.79 107.5 113.07 106.02 98.67 98.41 91.69 86.37 85.05 74.02 71.24 71.9 71.47 72.25 74.54 75.58 73.8 72.65 72.14 72.8 73.88 74.16 72.34 71.24 72.49 72.14 71.05 70.93 74.23 77.86 80.71 87.95 91.23 96.94 95.85 110.74 114.66 132.92 137.55 144.92 137.21 155.23 126.59 128.24 130.41 162.82 167.18 136.76 155.58 166.24 173.85 152.85 162.53 177.97 126.2 132.71 133.15 141.65 136.44 161.92 166.72 160.86 164.37 145.07 126.33 106.07 97.16 86.75 78.57 71.95522 -9999 -9999
107.21 109.64 118.16 114.41 116.53 117.31 116.64 108.45 100.7 104.4 99.07 93.06 81.4 75.11 73.3 71.49 68.44 68.01 67.37 69.31 73.44 72.6 67.37 69.26 73.54 74.68 71.36 67.26 67.74 66.62 67.44 66.06 66.28 68.86 72.14 74.8 79.18 81.76 84.29 86.89 111.61 121.57 127.75 121.58 131.43 146.58 151.69 129.24 157.01 149.1 140.59 124.9 112.45 118.99 124.2 126.84 131.13 134.03 119.61 105.35 110.88 113.79 126.77 129.24 134.93 157.17 167.37 159.1 142.91 132.71 109 96.52 87.63 77.62 73.06123 -9999 -9999
85.02 92.29 104.05 100.23 109.57 101.83 101.55 96.47 102.67 104.94 98.5 91.54 82.07 78.53 76.69 76.12 68.57 67.82 65.04 63.42 63.42 63.84 63.66 65.92 70.39 76.15 70.06 62.73 63.98 66.17 65.54 63.68 63.59 65.83 68.99 70.6 75.02 75.81 78.38 81.46 90.77 101.56 113.9 117.12 117.19 132.92 124.33 119.74 138.99 114.63 109.45 110.78 111.74 117.66 126.94 119.16 109.77 108.77 108.53 102.14 105.49 107.65 119.67 124.49 132.45 150.81 161.09 158.3 131.72 115.12 103.93 107.27 95.06 80.79 74.3 72.75 -9999
82.53 84.58 85.79 84.9 84.91 85.41 87.85 86.02 86.91 93.36 96.09 91.44 87.3 87.88 82.09 75.8 72.04 73.19 68.43 62.21 60.41 58.85 59.12 65.63 68.39 67.54 64.12 59.89 61.64 64.34 66.97 63.02 62.01 62.25 64.21 67.04 73.84 72.95 72.48 77.39 82 87.71 93.37 97.05 105.35 110.05 108.92 103.21 104.43 100.24 105.66 104.82 106.16 114.41 119.4 123.06 111.96 103.37 103.67 99.19 102.83 110.82 133.48 129.47 138.04 153.93 159.01 154.63 134.87 108.88 101.44 98.62 99.67 88.05 77.08219 -9999 -9999
76.65 79.9 81.53 82.68 84.07 84.87 82.03 82.15 83.97 87.4 88.95 88.84 89.25 90.93 111.83 103.29 78.05 72.82 67.14 63.32 60.46 58.25 56.15 56.42 57.97 60.08 57.18 56.38 59.28 62.12 67.65 65.66 62.37 61.32 62.7 65.26 67.56 67.6 69.27 75 74.6 76.87 79.94 86.31 86.63 87.8 87.68 90.37 94.72 98.64 99.41 104.75 108.36 110.06 113.9 121.43 120.92 110.37 100.97 98.53 102.82 115.97 131.13 138.26 147.64 155.98 153.68 133.34 116.32 100.74 99.26 100.27 92.42709 -9999 -9999 -9999 -9999
71.2 73.82 73.96 76.96 81.02 80.24 80.22 79.67 79.06 80.82 82.59 83.22 87.87 94.88 99.89 106.24 95.63 81.47 75.55 65.91 61.96 58.7 56.06 54.07 51.69 52.81 54.36 54.96 58.44 61.95 66 69.06 68.33 64.86 62.6 62.96 64.47 65.98 67.03 69.94 70.34 72.5 78.72 83.35 78.5 79.56 82.45 86.51 90.33 94.38 98.94 104.93 110.81 118.5 122.7 120.65 118.96 112.15 101.93 102.59 115.04 123.47 130.92 130.3 132.67 133.1 121.19 110.65 108.13 93.60204 93.56322 91.55357 -9999 -9999 -9999 -9999 -9999
66.27 68.66 70.24 72.08 72.7 74.53 77.39 78.19 75.97 77.54 80.21 81.82 84.65 87.69 90.44 86.76 82.57 73.75 73.29 68.85 59.87 56.77 58.59 60.24 55.61 52.8 52.67 52.03 54.58 57.42 57.62 59.98 65.25 68.62 66.62 66.68 70.74 68.63 67.11 66.6 67.26 70.98 73.67 74.15 73.14 77.09 81.21 85.84 89.48 92.55 98.53 107.73 114.98 121.23 119.85 112.98 112.15 113.41 114.52 103.28 121.15 119.07 112.77 105.48 105.26 108.23 115.97 110.6768 104.1842 -9999 -9999 -9999 -9999 -9999 -9999 -9999 -9999
62.68 65.79 66.4 66.58 70.14 71.77 74.17 73.87 77.35 80.43 79.67 79.73 83.78 82.48 82.73 81.68 83.27 71.11 65.77 64.57 57.8 56.36 59.21 65.35 59.48 59.41 58.77 55.65 53.85 53.6 54.96 56.14 58.79 62.01 64.78 63.86 65.1 67.15 66.63 69.38 66.36 67.09 67.21 68.36 72.61 77.44 80.53 84.18 89.59 95.66 103.8 113.22 119.4 119.64 117.21 107.87 102.27 103.01 101.51 96.04 99.3 99.29 94.99 92.3 99.38 100.1277 -9999 -9999 -9999 -9999 -9999 -9999 -9999 -9999 -9999 -9999 -9999
64.27 65.12 66.24 67.8 69.34 69.37 69.92 72.86 77.81 79.07 74.25 75.83 77.43 79.19 76.6 73.19 76.06 78.41 64.33 63.35 59.64 58.53 61.14 61.89 62.45 67.17 65.12 60.98 57.29 54.85 53.41 54.48 57.66 60.88 62.78 63.34 63.9 63.52 63.69 65.87 69.48 62.4 65.11 69.15 74.8 80.71 86.69 90.43 93.05 99.9 101.32 101.04 109.34 111.46 116.28 112.75 103.2 93.9 92.04 92.69 90.61 91.51 92.61 89.2234 -9999 -9999 -9999 -9999 -9999 -9999 -9999 -9999 -9999 -9999 -9999 -9999 -9999
72.02 72.76 69.49 69.32 73.07 74.13 73.75 73.38 74.82 72.77 69.14 71.09 73.9 73.64 74.73 67.65 69.19 65.42 75.42 77.81 77.74 67.96 64.56 67.94 66.93 72.23 65.45 59 56.89 54.27 54.13 53.75 56.59 60.09 61.49 62.58 63.54 63.43 61.64 64.88 64.06 65.81 70.07 74.79 80.27 86.9 92.33 97.2 103.69 101.48 98 91 94.61 96.68 107.54 100.81 91.88 90.85 92.2 98.84 91.75 86.11 86.7766 -9999 -9999 -9999 -9999 -9999 -9999 -9999 -9999 -9999 -9999 -9999 -9999 -9999 -9999
75.8 73.14 71.98 72.02 72.31 74.34 75.26 76.76 74.43 69.12 67.48 67.67 68.06 67.87 70.03 69.21 68.1 67.84 74.43 81.8 83.86 80.47 74.24 75.22 75.15 73.77 69.3 62.42 59.72 57.79 56.36 55.92 54.61 55.8 56.48 57.46 57.74 57.91 60.47 65.34 65.98 66.45 68.59 66.37 71.7 81.35 96.12 102.06 108.86 114.99 98.57 83.12 83.87 86.03 89.83 86.22 85.68 88.47 86.68 92.56123 88.91358 82.45588 -9999 -9999 -9999 -9999 -9999 -9999 -9999 -9999 -9999 -9999 -9999 -9999 -9999 -9999 -9999
75.73 67.51 68.57 66.87 66.62 74.64 75.45 76.59 74.21 71.31 70.03 73 76.3 76.46 74.29 72.52 78.65 78.64 76.53 82.65 85.12 84.47 85.03 83.77 79.77 76.26 71.47 68.9 65.82 60.97 57.84 57.19 56.94 57.92 58.06 57.82 58.76 59.71 63.25 62.28 63.46 64.69 68.56 61.66 67.29 76.18 77.56 85.19 91.91 86.38 82.87 77.73 78.83 79.69 81.32653 78.83544 81.09091 -9999 -9999 -9999 -9999 -9999 -9999 -9999 -9999 -9999 -9999 -9999 -9999 -9999 -9999 -9999 -9999 -9999 -9999 -9999 -9999
69.68 66.88 66.4 64.11 65.16 72.14 74.76 76.21 79.52 81.99 85.29 86.33 84.34 82.72 83.06 81.92 85.77 87.97 86.46 79.47 81.95 82.85 86.85 86.86 81.26 77.71 75.75 76.77 79.48 70.45 63.09 63.28 61.69 61.69 61.69 64.55 62.16 63.69 65.84 64.56 68.92 71.18 75.48 67.47 65.05 67.63 75.53 85.69 78.34 77.61 76.15 74.18519 -9999 -9999 -9999 -9999 -9999 -9999 -9999 -9999 -9999 -9999 -9999 -9999 -9999 -9999 -9999 -9999 -9999 -9999 -9999 -9999 -9999 -9999 -9999 -9999 -9999
58.78 59.06 60.82 61.77 66.71 70.37 74.75 77.57 79.24 84.44 89.33 88.85 85.75 91.38 91.09 89.35 87.91 88.82 91.57 91.96 76.19 82.99 88.34 101.96 92.43 80.29 77.82 77.84 77.12 73.1 70.16 72.27 68.44 66.19 64.44 65.07 67.89 71.22 69.35 69.74 72.71 72.25 72.12 67.57 64.01 72.95 81.47 79.58 73.52113 -9999 -9999 -9999 -9999 -9999 -9999 -9999 -9999 -9999 -9999 -9999 -9999 -9999 -9999 -9999 -9999 -9999 -9999 -9999 -9999 -9999 -9999 -9999 -9999 -9999 -9999 -9999 -9999
54.11 52.68 56.31 59.72 65.75 70.17 72.42 74.29 77.03 79.59 84.15 88.76 92.06 91.98 90.66 89.66 90.49 91.61 88.2 85.57 82.97 73.32 83.72 100.61 103.99 92.2 85.47 80.9 74.87 75.87 77.13 79.88 74.73 71.25 66.11 68.12 74.68 74.49 72.58 75.49 73.64 77.15 67.68 70.16 72.78 72.11 75.62 75.18 -9999 -9999 -9999 -9999 -9999 -9999 -9999 -9999 -9999 -9999 -9999 -9999 -9999 -9999 -9999 -9999 -9999 -9999 -9999 -9999 -9999 -9999 -9999 -9999 -9999 -9999 -9999 -9999 -9999
50.42 54.99 60.71 62.99 64.15 66.71 69.78 74.78 77.37 75.47 81.55 84.01 90.55 86.5 89.51 92.85 93.84 94.95 91.99 87.82 77.88 71.77 82.87 88.62 95.96 87.76 89.52 86.84 84.24 83.79 86.64 82.67 80.63 75.64 71.11 78.48 82.57 79.3 77.91 79.78 85.65 83.57 68.72 69.44 77.15 70.35354 -9999 -9999 -9999 -9999 -9999 -9999 -9999 -9999 -9999 -9999 -9999 -9999 -9999 -9999 -9999 -9999 -9999 -9999 -9999 -9999 -9999 -9999 -9999 -9999 -9999 -9999 -9999 -9999 -9999 -9999 -9999
