layers/wordclim/future/Iberia_wcB2a_10_hadcm3_2050/bio_19.asc
ncols         166
nrows         93
xllcorner     -9.4959440078468
yllcorner     36.000324005443
cellsize      0.083333337679505
NODATA_value  -9999
[rows 0 to 31 of 93, columns 74 to 147 of 166]
-9999 -9999 -9999 -9999 -9999 -9999 -9999 -9999 -9999 -9999 -9999 -9999 -9999 -9999 -9999 -9999 -9999 -9999 -9999 -9999 -9999 -9999 -9999 -9999 -9999 -9999 -9999 -9999 -9999 -9999 -9999 -9999 -9999 -9999 -9999 -9999 -9999 -9999 -9999 -9999 -9999 -9999 -9999 -9999 -9999 -9999 -9999 -9999 -9999 -9999 -9999 -9999 -9999 -9999 -9999 -9999 -9999 -9999 -9999 -9999 -9999 -9999 -9999 -9999 -9999 -9999 -9999 -9999 -9999 -9999 -9999 -9999 -9999 -9999
-9999 -9999 -9999 -9999 -9999 -9999 -9999 -9999 -9999 -9999 -9999 -9999 -9999 -9999 -9999 -9999 -9999 -9999 -9999 -9999 -9999 -9999 -9999 -9999 -9999 -9999 -9999 -9999 -9999 -9999 -9999 -9999 -9999 -9999 -9999 -9999 -9999 -9999 -9999 -9999 -9999 -9999 -9999 -9999 -9999 -9999 -9999 -9999 -9999 -9999 -9999 -9999 -9999 -9999 -9999 -9999 -9999 -9999 -9999 -9999 -9999 -9999 -9999 -9999 -9999 -9999 -9999 -9999 -9999 -9999 -9999 -9999 -9999 -9999
-9999 -9999 -9999 -9999 -9999 -9999 -9999 -9999 -9999 -9999 -9999 -9999 -9999 -9999 -9999 -9999 -9999 -9999 -9999 -9999 -9999 -9999 -9999 -9999 -9999 -9999 -9999 -9999 -9999 -9999 -9999 -9999 -9999 -9999 -9999 -9999 -9999 -9999 -9999 -9999 -9999 -9999 -9999 -9999 -9999 -9999 -9999 -9999 -9999 -9999 -9999 -9999 -9999 -9999 -9999 -9999 -9999 -9999 -9999 -9999 -9999 -9999 -9999 -9999 -9999 -9999 -9999 -9999 -9999 -9999 -9999 -9999 -9999 -9999
-9999 -9999 -9999 -9999 -9999 -9999 -9999 -9999 -9999 -9999 -9999 -9999 -9999 -9999 -9999 -9999 -9999 -9999 -9999 -9999 -9999 -9999 -9999 -9999 -9999 -9999 -9999 -9999 -9999 -9999 -9999 -9999 -9999 -9999 -9999 -9999 -9999 -9999 -9999 -9999 -9999 -9999 -9999 -9999 -9999 -9999 -9999 -9999 -9999 -9999 -9999 -9999 -9999 -9999 -9999 -9999 -9999 -9999 -9999 -9999 -9999 -9999 -9999 -9999 -9999 -9999 -9999 -9999 -9999 -9999 -9999 -9999 -9999 -9999
392.7978 401.7037 -9999 -9999 445.2414 446.16 438.47 434.2675 431.0385 424.8909 -9999 -9999 -9999 -9999 -9999 -9999 -9999 -9999 -9999 -9999 -9999 -9999 -9999 -9999 -9999 -9999 -9999 -9999 -9999 -9999 -9999 -9999 -9999 -9999 -9999 -9999 -9999 -9999 -9999 -9999 -9999 -9999 -9999 -9999 -9999 -9999 -9999 -9999 -9999 -9999 -9999 -9999 -9999 -9999 -9999 -9999 -9999 -9999 -9999 -9999 -9999 -9999 -9999 -9999 -9999 -9999 -9999 -9999 -9999 -9999 -9999 -9999 -9999 -9999
374.71 385.14 398.34 409.2245 430.8586 428.27 423.26 416.16 412.7 409.38 410.0101 406.0411 403.3 408.6393 407.2131 413.6667 411.5521 416.45 426.23 415.9324 -9999 -9999 -9999 -9999 -9999 -9999 -9999 -9999 -9999 -9999 -9999 -9999 -9999 -9999 -9999 -9999 -9999 -9999 -9999 -9999 -9999 -9999 -9999 -9999 -9999 -9999 -9999 -9999 -9999 -9999 -9999 -9999 -9999 -9999 -9999 -9999 -9999 -9999 -9999 -9999 -9999 -9999 -9999 -9999 -9999 -9999 -9999 -9999 -9999 -9999 -9999 -9999 -9999 -9999
352.87 365.59 377.87 382.9 386.44 400.37 397.61 392.23 384.43 385.74 386.61 387.81 390.81 399.81 403.47 404.57 412.38 412.9 414.46 408.52 406.74 404.93 396.64 -9999 -9999 -9999 -9999 -9999 -9999 -9999 -9999 -9999 -9999 -9999 -9999 -9999 -9999 -9999 -9999 -9999 -9999 -9999 -9999 -9999 -9999 -9999 -9999 -9999 -9999 -9999 -9999 -9999 -9999 -9999 -9999 -9999 -9999 -9999 -9999 -9999 -9999 -9999 -9999 -9999 -9999 -9999 -9999 -9999 -9999 -9999 -9999 -9999 -9999 -9999
334.86 342.06 351.86 356.9 363.32 362.67 363.56 356.18 358.34 359.51 360.04 362.47 367.11 373.36 378.33 385.08 391.54 391.36 394.45 393.88 391.89 386.5 384.8904 -9999 -9999 -9999 -9999 -9999 -9999 -9999 -9999 -9999 -9999 -9999 -9999 -9999 -9999 -9999 -9999 -9999 -9999 -9999 -9999 -9999 -9999 -9999 -9999 -9999 -9999 -9999 -9999 -9999 -9999 -9999 -9999 -9999 -9999 -9999 -9999 -9999 -9999 -9999 -9999 -9999 -9999 -9999 -9999 -9999 -9999 -9999 -9999 -9999 -9999 -9999
308.26 311.78 319.72 328.85 331.49 325.91 328.11 327.33 326.78 328.53 331.31 333.17 338.89 344.51 352.3 361 367.23 368.82 374.61 377.05 373.12 366.01 361 -9999 350.25 340.8393 -9999 -9999 -9999 -9999 -9999 -9999 -9999 -9999 -9999 -9999 -9999 -9999 -9999 -9999 -9999 -9999 -9999 -9999 -9999 -9999 -9999 -9999 -9999 -9999 -9999 -9999 -9999 -9999 -9999 -9999 -9999 -9999 -9999 -9999 -9999 -9999 -9999 -9999 -9999 -9999 -9999 -9999 -9999 -9999 -9999 -9999 -9999 -9999
288.08 290.76 294.5 299.37 300.62 299.71 300.9 300.41 299.21 303.74 309.22 317.74 317.08 319.22 326.43 336.09 343.01 348.98 357.36 362.97 363.73 355.74 349.7 341.76 334.13 326.88 321.2 318.0645 312.3115 309.76 323.7758 -9999 -9999 -9999 -9999 -9999 -9999 -9999 -9999 -9999 -9999 -9999 -9999 -9999 -9999 -9999 -9999 -9999 -9999 -9999 -9999 -9999 -9999 -9999 -9999 -9999 -9999 -9999 -9999 -9999 -9999 -9999 -9999 -9999 -9999 -9999 -9999 -9999 -9999 -9999 -9999 -9999 -9999 -9999
270.49 273.43 274.42 277.44 279.44 278.21 274.18 271.89 270.93 271.98 274.12 278.71 293.26 297.72 304.91 313.2 323.18 327.26 338.77 346.9 346.86 341.47 334.05 326.22 319.52 313.23 304.11 302.1 295.37 297.28 315.38 319.0526 -9999 -9999 -9999 -9999 -9999 -9999 -9999 -9999 -9999 -9999 -9999 -9999 -9999 -9999 -9999 -9999 -9999 -9999 -9999 -9999 -9999 -9999 -9999 -9999 -9999 -9999 -9999 -9999 -9999 -9999 -9999 -9999 -9999 -9999 -9999 -9999 -9999 -9999 -9999 -9999 -9999 -9999
249.02 252.34 257.86 253.02 255.18 250.77 250.22 252.19 254.33 259.97 259.86 273.62 278.54 278.29 282.77 298.16 299.27 305.01 314.13 329.04 336.82 327.5 320.69 311.1 302.37 294.03 286.12 279.43 271.86 277.3 286.09 295.3 321.3763 310.2686 326.4615 309.2727 342.5656 356.3284 -9999 -9999 -9999 -9999 -9999 -9999 -9999 -9999 -9999 -9999 248.73 279.62 316.0513 326 -9999 -9999 -9999 -9999 -9999 -9999 -9999 -9999 -9999 -9999 -9999 -9999 -9999 -9999 -9999 -9999 -9999 -9999 -9999 -9999 -9999 -9999
235.46 241.72 239.9 231.51 229.01 226.54 228.29 226.63 227.48 238.48 232.78 233.1 238.27 246.51 251.21 251.78 261.62 278.35 288.68 299.71 306.86 302.93 298.22 290.53 279.5 273.09 267.78 262.67 252.25 250.61 246.75 245.51 262.86 274.93 326.89 301.52 271.21 330.86 307.2283 -9999 -9999 -9999 303.5972 -9999 337.7592 -9999 -9999 -9999 271.6633 255.04 277.09 297.06 310.88 283.1342 310.619 306.3485 -9999 -9999 -9999 -9999 -9999 -9999 -9999 -9999 -9999 -9999 -9999 -9999 -9999 -9999 -9999 -9999 -9999 -9999
214.74 216.85 219.32 216.6 212.61 207.72 212.84 222.74 226.7 215.2 213.66 214.14 210.85 200.02 211.57 226.14 232.94 244.74 258.72 274.55 279.43 277.35 275.41 268.12 258.5 254.28 249.26 237.88 228.61 219.09 222.7 224.72 221.72 223.59 241.97 248.28 230.39 262.64 246.68 285.27 302.44 273.91 250.44 299.39 298.84 330.77 276.96 353.12 331.95 313.57 317.65 320.09 292.28 233.51 267.57 269.15 319.4845 -9999 -9999 -9999 -9999 -9999 -9999 -9999 -9999 -9999 -9999 -9999 -9999 -9999 -9999 -9999 -9999 -9999
202.88 204.44 203.14 197.16 191.55 188.67 181.15 176.84 172.52 165 163.89 162.97 160.43 162.67 177.96 190.83 204.45 216.5 228.59 244.37 252.27 254.31 250.9 241.82 236.03 230.13 228.66 225.13 223.46 209.05 198.77 205.11 198.45 205.19 195.52 190.37 214.64 235.44 217.34 227.75 218.76 193.9 214.04 281.37 268.91 242.19 277.35 292.43 271.49 279.62 295.8 326.18 317.28 234.81 208.19 235.65 283.62 -9999 -9999 -9999 -9999 -9999 -9999 -9999 -9999 -9999 -9999 -9999 -9999 -9999 -9999 -9999 -9999 -9999
195.08 191.34 188.82 186.16 179.68 177.9 169.9 160.22 156.03 143.77 129.44 122 122.26 136.57 153.8 167.33 180.48 195.11 203.97 215.25 219.61 226.75 227.01 222.44 223.44 221.44 216.43 211.32 212.47 208.22 191.21 187.7 180.81 183.69 174.03 171.08 191.19 204.74 209.89 180.37 180.88 162.12 194.6 217.58 218.56 221.94 241.92 226.93 217.31 239.76 290.52 279.82 273.32 212.92 225.7 248.58 252.3 -9999 -9999 308.6825 301.8842 276.1573 209.8148 191.0588 -9999 -9999 -9999 -9999 -9999 -9999 -9999 -9999 -9999 -9999
193.59 189.24 197.92 198.28 186.55 179.1 159.81 159.51 177.08 152.84 139.17 128.42 130.61 130.89 140.05 149.78 161.74 174.31 181.18 188.53 193.7 197.48 198.45 196.6 196.53 199.92 196.67 195.43 194.4 190.83 178.48 168.16 176.49 172.19 170.56 175.56 174.29 182.38 189.79 189.74 164.91 148.77 149.52 163.17 182.73 198.45 217.04 223.46 208.09 208.31 211.73 202.24 208.69 191.83 244.11 217 172.98 158.51 189.33 200.34 190.34 182.05 186.73 220.4931 -9999 288.3125 289.62 248.7 222.8824 -9999 -9999 -9999 176.734 155.42
204.3 209.29 214.78 198.82 218.68 198.44 169.32 188.5 201.38 181.23 184.1 189.86 168.15 176.72 146.58 140.75 148.01 156.67 164.13 168.72 175.25 179.5 178.45 177.38 175.65 175.16 173.82 171.09 167.49 165.45 152.59 146.62 149.58 163.09 175.88 176.3 179.5 198.13 182.73 174.77 159.72 138.7 134.76 161.87 155.68 182.2 172.09 193.58 178.54 191.01 204.07 171.35 163.15 210.6 219.58 192.07 141.27 174.25 217.47 240.84 241.47 210.95 217.89 225.57 213.92 194.49 209.6 208.61 178.92 169.44 172.36 176.6 170.08 152.57
212.91 231.35 231.63 227.92 234.32 205.45 195.85 203.85 181.34 196.74 182.29 202.68 174.87 167.75 150.31 141.01 145.79 144.29 147.93 152.87 158.51 159.94 160.08 160.27 158.51 155.5 151.33 149.28 147.69 144 134.81 126.94 121.95 117.19 116.35 117.97 127.16 123.67 125.49 139.61 137.46 139.8 125.41 141.3 130.63 143.75 160.31 169.27 154.8 175.76 155.22 137.75 172.74 211.79 182.47 145.72 151.27 196.09 221.11 222.73 208.55 195.4 152.72 176.02 166.67 154.91 149.19 167.51 167.72 156.61 161.03 156.59 152.68 144.22
181.84 187.24 191.93 202.43 189.93 197.78 218.81 208.68 199.4 210.39 218.88 204.47 185.57 184.29 168.26 157.74 156.1 138.45 137.88 141.9 142.83 144.49 147.72 147.7 142.69 138.6 135.24 130.71 128.5 124.24 118.48 112.86 109.57 105.27 99.75 96.41 97.28 98.96 101.04 106.94 108.64 113.36 109.63 124.55 125.38 144.89 148.3 154.08 140.09 157.4 126.6 128.24 130.41 163.5 167.99 137.5 156.17 175.77 185.43 153.5 165.78 192.97 126.38 132.71 133.15 141.65 136.44 167.9 177.48 161.22 170.44 166.77 159.08 147.44
162.51 176.01 206.87 217.46 220.34 235.92 228.06 230.27 229.23 226.31 210.33 192.99 198.52 184.47 171.15 147.65 135.03 133.13 133.15 130.17 130.46 130.94 133.19 137.35 133.93 125.44 123.52 125.04 122.18 115 106.35 103.55 98.59 95.66 91.46 87.99 87.95 89.97 91.68 95.35 96.54 96.96 97 125.32 134.07 138.15 128.07 136.18 154.64 159.1 130.13 161.37 149.43 140.59 124.9 112.45 118.99 124.2 126.84 131.13 134.04 119.61 105.35 110.88 113.79 126.77 129.24 134.93 158.51 175.97 171.12 167.95 168.23 153.62
158.29 163.44 169.9 174.88 187.39 209.91 201.37 216.49 200.52 199.86 188.36 197.18 198.78 184.86 166.92 146.06 139.43 135.7 135.42 124.16 123.93 121.54 118.6 118.51 116.57 114.07 114 116.09 118.03 108.54 97.02 94.59 92.96 89.45 85.44 83.61 83.15 84.42 85.39 88.88 88.62 89.09 91.13 98.46 107.98 121.66 122.5 119.26 136.09 124.49 119.75 139.86 114.63 109.45 110.78 111.74 117.66 126.94 119.16 109.77 108.77 108.53 102.14 105.49 107.65 119.67 124.49 132.45 150.82 165.48 172.54 165.34 162.16 155.9
161.45 161.94 166.01 171.1 174.22 175 171.78 171.06 169.1 172.85 167.45 167.56 175.94 177.81 165.42 155.08 152.78 142.03 130.75 124.94 125.14 118.82 111.64 109.1 105.97 104.53 107.9 107.67 103.75 96.91 90.38 88.3 88.61 89.01 81.66 79.37 78.37 79.08 80.7 86 84.2 81.55 85.28 87.87 92.27 96.39 98.74 106.78 110.72 108.92 103.21 104.43 100.24 105.66 104.82 106.16 114.41 119.4 123.06 111.96 103.37 103.67 99.19 102.83 110.82 133.48 129.47 138.07 155.32 170.55 172.28 169.14 162.06 158.51
148.74 155.71 158.62 160.33 165.84 167.14 167.84 169.32 170.54 162.78 160.3 161.61 164.03 163.7 159.16 157.42 155.6 189.06 171.04 128.51 120 112.08 107.53 103.07 99.6 95.54 93.29 92.56 91.24 86.07 82.77 83.26 83.44 86.99 83.64 77.74 76.46 75.9 77.5 79.12 78.88 78.9 81.97 80.76 80.64 81.83 87.23 86.74 87.8 87.68 90.37 94.72 98.64 99.41 104.75 108.36 110.06 113.9 121.43 120.92 110.37 100.97 98.53 102.82 115.97 131.13 138.26 152.12 177.53 179.47 164.03 162.39 156 155.48
143.88 146.46 148.48 150.23 154.93 152.76 157.24 163.95 162.02 159.94 156.33 151.1 150.29 150.77 147.78 150.67 160.28 164.69 171.58 149.39 125.42 116.98 105.12 98.02 94.81 90.68 87.67 83.02 80.06 78.73 77.34 79.49 80.61 83.12 84.88 83.55 79.16 75.17 74.88 75.71 75.5 75.6 77.16 76.33 76.47 81.37 85.16 78.6 79.56 82.45 86.64 90.48 95.05 99.16 105.02 110.81 118.5 122.7 120.65 118.96 112.17 101.93 102.62 115.04 123.51 131 132.68 140.76 151.9 155.07 158.11 159.42 150.5408 151.0919
139.76 139.56 144.68 142.27 145.06 146.02 147.56 146.57 149.8 153.77 151.84 142.52 141.37 143.6 142.37 143.75 144.96 145.28 135.04 125.18 111.47 108.86 102.93 92.28 88.54 87.74 87.53 81.39 77.15 74.72 73.23 73.55 74.41 74.05 74.1 79.12 81.98 79.72 79.04 82.61 79.59 76.4 75.26 73.94 76.5 77.56 75.96 73.39 77.6 82.33 87.71 92.46 96.81 103.11 111.73 118.77 123.91 122.11 116.08 116.22 118.4 119.85 107.52 123.6 122.56 118.73 119.21 127.95 140.29 152.71 155.9495 155.9474 -9999 -9999
138.93 137.91 137.04 136.72 141.2 140.17 138.23 142.36 144.41 145.77 142.13 144.46 145.81 139.62 135.05 138.81 131.99 128.72 123.59 122.58 103.86 96.24 93.36 85.79 83.22 84.19 86.72 80.98 78.56 76.46 72.61 71.05 69.77 70.12 71.47 71.89 74.69 77.14 76.44 77.27 79.04 78.71 80.6 76.71 74.73 73.66 73.75 76.64 81.84 87.03 91.08 97.86 105.63 115.22 124.5 131.35 129.87 127.98 120.32 116.09 117.7 116.67 110.06 112.49 113.01 110.89 115.57 128.12 136.8617 -9999 -9999 -9999 -9999 -9999
142.47 144.53 142.63 141.31 141.01 138.5 139.92 139.66 137.15 135.76 138.48 143.42 141.49 127.9 126.48 124.92 122.31 115.46 107.64 108.6 108.85 90.79 88.37 83.49 81.39 81.22 79.91 78.88 81.46 78.38 74.24 71.12 69.21 68.2 69.01 71.39 73.69 75.41 75.4 76.89 76.95 77.7 79.75 82.82 72.97 76.08 80.34 84.94 93.55 102 105.41 108.87 117.03 118.77 118.88 126.32 129.34 134.3 131.99 125.75 117.44 114.85 115.14 113.24 113.89 118.47 119.4362 -9999 -9999 -9999 -9999 -9999 -9999 -9999
149.87 152.58 153.54 156.7 155.28 147.11 143.69 146.43 145.47 141.93 137.79 136.23 128.39 117.91 116.84 116.82 113.18 110.79 98.08 97 89.9 97.95 98.88 94.99 84.26 80.17 81.18 79.05 82.4 76.42 71.12 69.45 68.18 68.48 68.37 69.93 73.3 75.24 76.57 78.9 78.3 76.72 80.87 80.26 82.55 87.45 92.66 100.66 109.05 116.29 121.46 128.91 126.88 122.15 115.09 119.87 121.93 134.27 128.5 120.14 119.59 123.91 134.7 125.14 118.95 119.9681 -9999 -9999 -9999 -9999 -9999 -9999 -9999 -9999
165.54 167.33 164.73 162.02 155.66 151.46 148.14 145.75 146.18 143.73 142.44 134.5 120.43 114.05 108.66 104.89 100.18 99.94 96.01 91.29 88.37 92.37 97.45 96.21 90.57 82.96 82.7 82.23 80.63 76.86 72.96 71.01 68.89 68.61 68.89 68.83 70.45 70.82 73.03 73.19 75.85 78.35 83.9 86.49 87.23 90.42 88.45 96.43 110.53 127.82 135.08 142.16 148.75 131.64 114.12 115.74 120.57 124.92 119.27 118.3 122.86 122.87 134.7245 129.5556 122.2647 -9999 -9999 -9999 -9999 -9999 -9999 -9999 -9999 -9999
178.2 170.42 174.43 162.97 147.02 145.89 140.19 136.98 146.15 144.64 142.58 132.89 122.65 116.34 115.45 116.07 111.37 103.01 96.91 100 95.55 89.74 92.31 91.58 90.37 89.85 87.76 82.71 79.28 75.6 74.56 73.11 70.73 69.79 70.25 71.27 71.81 73.06 74 76.02 78.84 83.61 84.05 86.04 89.44 96.56 86.88 97.12 111.89 113.26 123.98 130.69 122.32 118.89 116.02 119.79 121.19 121.9082 117.481 119.2879 -9999 -9999 -9999 -9999 -9999 -9999 -9999 -9999 -9999 -9999 -9999 -9999 -9999 -9999
174.51 159.98 162.21 154.82 147.33 143.38 136.39 134.43 141.95 142.48 141.13 140.87 140.25 139.77 135.92 126.95 118.83 113.62 106.37 105.77 104.39 98.41 86.05 87.77 87.36 91.54 90.44 84.1 79.26 76.78 77.57 81.62 75.81 72.58 73.43 74.29 75.32 77.19 81.54 81.36 85.09 89.57 90.78 98.03 104.95 113.26 105.63 99.84 103.31 118.6 131.83 116 109.64 111 117.6914 -9999 -9999 -9999 -9999 -9999 -9999 -9999 -9999 -9999 -9999 -9999 -9999 -9999 -9999 -9999 -9999 -9999 -9999 -9999
