layers/wordclim/future/Iberia_wcB2a_10_hadcm3_2050/bio_09.asc
ncols         166
nrows         93
xllcorner     -9.4959440078468
yllcorner     36.000324005443
cellsize      0.083333337679505
NODATA_value  -9999
[rows 0 to 32 of 93, columns 73 to 145 of 166]
-9999 -9999 -9999 -9999 -9999 -9999 -9999 -9999 -9999 -9999 -9999 -9999 -9999 -9999 -9999 -9999 -9999 -9999 -9999 -9999 -9999 -9999 -9999 -9999 -9999 -9999 -9999 -9999 -9999 -9999 -9999 -9999 -9999 -9999 -9999 -9999 -9999 -9999 -9999 -9999 -9999 -9999 -9999 -9999 -9999 -9999 -9999 -9999 -9999 -9999 -9999 -9999 -9999 -9999 -9999 -9999 -9999 -9999 -9999 -9999 -9999 -9999 -9999 -9999 -9999 -9999 -9999 -9999 -9999 -9999 -9999 -9999 -9999
-9999 -9999 -9999 -9999 -9999 -9999 -9999 -9999 -9999 -9999 -9999 -9999 -9999 -9999 -9999 -9999 -9999 -9999 -9999 -9999 -9999 -9999 -9999 -9999 -9999 -9999 -9999 -9999 -9999 -9999 -9999 -9999 -9999 -9999 -9999 -9999 -9999 -9999 -9999 -9999 -9999 -9999 -9999 -9999 -9999 -9999 -9999 -9999 -9999 -9999 -9999 -9999 -9999 -9999 -9999 -9999 -9999 -9999 -9999 -9999 -9999 -9999 -9999 -9999 -9999 -9999 -9999 -9999 -9999 -9999 -9999 -9999 -9999
-9999 -9999 -9999 -9999 -9999 -9999 -9999 -9999 -9999 -9999 -9999 -9999 -9999 -9999 -9999 -9999 -9999 -9999 -9999 -9999 -9999 -9999 -9999 -9999 -9999 -9999 -9999 -9999 -9999 -9999 -9999 -9999 -9999 -9999 -9999 -9999 -9999 -9999 -9999 -9999 -9999 -9999 -9999 -9999 -9999 -9999 -9999 -9999 -9999 -9999 -9999 -9999 -9999 -9999 -9999 -9999 -9999 -9999 -9999 -9999 -9999 -9999 -9999 -9999 -9999 -9999 -9999 -9999 -9999 -9999 -9999 -9999 -9999
-9999 -9999 -9999 -9999 -9999 -9999 -9999 -9999 -9999 -9999 -9999 -9999 -9999 -9999 -9999 -9999 -9999 -9999 -9999 -9999 -9999 -9999 -9999 -9999 -9999 -9999 -9999 -9999 -9999 -9999 -9999 -9999 -9999 -9999 -9999 -9999 -9999 -9999 -9999 -9999 -9999 -9999 -9999 -9999 -9999 -9999 -9999 -9999 -9999 -9999 -9999 -9999 -9999 -9999 -9999 -9999 -9999 -9999 -9999 -9999 -9999 -9999 -9999 -9999 -9999 -9999 -9999 -9999 -9999 -9999 -9999 -9999 -9999
179.03 178.7978 183.7407 -9999 -9999 185.0805 184.09 180.26 182.907 182.9615 184.9818 -9999 -9999 -9999 -9999 -9999 -9999 -9999 -9999 -9999 -9999 -9999 -9999 -9999 -9999 -9999 -9999 -9999 -9999 -9999 -9999 -9999 -9999 -9999 -9999 -9999 -9999 -9999 -9999 -9999 -9999 -9999 -9999 -9999 -9999 -9999 -9999 -9999 -9999 -9999 -9999 -9999 -9999 -9999 -9999 -9999 -9999 -9999 -9999 -9999 -9999 -9999 -9999 -9999 -9999 -9999 -9999 -9999 -9999 -9999 -9999 -9999 -9999
173.4 172.87 173.04 180.29 180.1633 188.1616 185.2 185.88 185.58 184.56 181.85 185.9192 185.726 190.6833 191.1148 193.0492 192.4762 194.0313 190.88 182.62 187.9595 -9999 -9999 -9999 -9999 -9999 -9999 -9999 -9999 -9999 -9999 -9999 -9999 -9999 -9999 -9999 -9999 -9999 -9999 -9999 -9999 -9999 -9999 -9999 -9999 -9999 -9999 -9999 -9999 -9999 -9999 -9999 -9999 -9999 -9999 -9999 -9999 -9999 -9999 -9999 -9999 -9999 -9999 -9999 -9999 -9999 -9999 -9999 -9999 -9999 -9999 -9999 -9999
173.84 173.81 176.85 181.23 181.29 181.57 187.68 188.35 187.05 181.33 182.13 183.32 184.64 186.11 182.69 184.6 190.22 185.7 185.12 178.3 189.13 186.58 186.4 187.28 -9999 -9999 -9999 -9999 -9999 -9999 -9999 -9999 -9999 -9999 -9999 -9999 -9999 -9999 -9999 -9999 -9999 -9999 -9999 -9999 -9999 -9999 -9999 -9999 -9999 -9999 -9999 -9999 -9999 -9999 -9999 -9999 -9999 -9999 -9999 -9999 -9999 -9999 -9999 -9999 -9999 -9999 -9999 -9999 -9999 -9999 -9999 -9999 -9999
177.48 180.58 185.77 187.85 190.62 193.58 196.16 195.64 193.75 193.19 195.65 195.82 193.83 192.48 192.56 191.62 194.02 196.58 192.06 194.38 199.44 198.83 197.53 195.7397 -9999 -9999 -9999 -9999 -9999 -9999 -9999 -9999 -9999 -9999 -9999 -9999 -9999 -9999 -9999 -9999 -9999 -9999 -9999 -9999 -9999 -9999 -9999 -9999 -9999 -9999 -9999 -9999 -9999 -9999 -9999 -9999 -9999 -9999 -9999 -9999 -9999 -9999 -9999 -9999 -9999 -9999 -9999 -9999 -9999 -9999 -9999 -9999 -9999
186.27 188.27 186.96 189.26 203.05 204.11 193.3 181.24 195 195.56 205.2 207.76 201.43 206.35 211.53 207.89 198.56 202.23 192.11 194.5 195.84 192.48 184.61 183.725 -9999 180.131 178.4107 -9999 -9999 -9999 -9999 -9999 -9999 -9999 -9999 -9999 -9999 -9999 -9999 -9999 -9999 -9999 -9999 -9999 -9999 -9999 -9999 -9999 -9999 -9999 -9999 -9999 -9999 -9999 -9999 -9999 -9999 -9999 -9999 -9999 -9999 -9999 -9999 -9999 -9999 -9999 -9999 -9999 -9999 -9999 -9999 -9999 -9999
191.58 191.41 190.68 189.84 193.08 196.15 199 194.58 201.13 202.34 197.62 195.43 187.19 197.57 203.95 199.5 190.26 194.05 200.48 203.43 203.87 204.71 196.88 194.08 188.7 186.02 184.11 180.29 173.0753 169.4426 165.32 149.8621 -9999 -9999 -9999 -9999 -9999 -9999 -9999 -9999 -9999 -9999 -9999 -9999 -9999 -9999 -9999 -9999 -9999 -9999 -9999 -9999 -9999 -9999 -9999 -9999 -9999 -9999 -9999 -9999 -9999 -9999 -9999 -9999 -9999 -9999 -9999 -9999 -9999 -9999 -9999 -9999 -9999
195.24 192.73 190.66 195.53 194.75 193.45 196.01 204 208.49 208.81 208.16 206.82 206.49 198.12 199.98 199.75 199.41 190.39 203.42 214.28 212.99 209.63 206.25 200.26 198.04 193.13 181.98 189.99 180.65 178.78 171.37 151.94 146.0658 -9999 -9999 -9999 -9999 -9999 -9999 -9999 -9999 -9999 -9999 -9999 -9999 -9999 -9999 -9999 -9999 -9999 -9999 -9999 -9999 -9999 -9999 -9999 -9999 -9999 -9999 -9999 -9999 -9999 -9999 -9999 -9999 -9999 -9999 -9999 -9999 -9999 -9999 -9999 -9999
202.29 204.04 202.39 194.87 207.9 202.51 208.22 208.79 205.04 204.19 200.79 202.2 196.3 194.51 198.73 200.83 192.28 198.71 204.14 217.94 222.29 222.34 214.31 213.89 213.37 204.43 200.69 198.39 194.44 192.89 179.17 167.86 158.24 139.0753 143 133.0513 141.5227 122.6667 112.9552 -9999 -9999 -9999 -9999 -9999 -9999 -9999 -9999 -9999 -9999 180.25 159.23 136.3462 131.8 -9999 -9999 -9999 -9999 -9999 -9999 -9999 -9999 -9999 -9999 -9999 -9999 -9999 -9999 -9999 -9999 -9999 -9999 -9999 -9999
197.23 199.12 194.67 198.72 213.81 215.36 215.59 211.47 211.15 209.82 203.23 207.37 208.9 208.01 207.94 211.06 217.54 221.96 219.21 222.07 216.68 216.94 210.88 210.05 215.4 219.75 210.37 203.53 198.13 200.36 193.49 190.44 186.84 170.58 161.26 130.54 143.37 159.89 125.83 138.6413 -9999 -9999 -9999 140.6111 -9999 122.5926 -9999 -9999 -9999 163.2041 173.45 158.17 146.06 138.92 154.0854 138.9048 140.5303 -9999 -9999 -9999 -9999 -9999 -9999 -9999 -9999 -9999 -9999 -9999 -9999 -9999 -9999 -9999 -9999
208.87 208.36 207.49 205.72 210.18 214.15 218.4 211.93 204.59 202.85 209.23 210.76 211.05 214.3 222.95 222.76 221.89 227.34 230.97 230.8 223.35 220.45 208.7 209.7 216.14 222.45 214.1 207.67 211.73 211.38 212.44 201.41 194.23 191.2 186.93 173.72 169.31 178.16 160.28 169.32 148.12 138.65 155.18 168.99 141.9 142.26 126.86 156.17 115.61 125.96 136.28 133.98 132.55 148.14 181.96 155.72 160.11 134.1856 -9999 -9999 -9999 -9999 -9999 -9999 -9999 -9999 -9999 -9999 -9999 -9999 -9999 -9999 -9999
203.17 206.52 207.23 209.63 217.37 221.43 223.26 225.5 225.42 225.07 226.38 226.2 226.01 228.74 232.23 231.52 233.47 234.27 236.91 236.89 231.84 227.53 218.7 223.89 229.48 227.95 225.76 214.94 209.96 201.42 208.38 210.95 200.72 199.87 192.64 195.25 196.69 182.77 171.97 181 176.67 182.27 198.36 187.98 150.75 157.41 176.25 154.33 145.45 158.65 154.1 144.88 128.38 133.68 170.03 132.46 157.02 151.03 -9999 -9999 -9999 -9999 -9999 -9999 -9999 -9999 -9999 -9999 -9999 -9999 -9999 -9999 -9999
204.98 205.19 209.98 213.53 216.71 220.97 221.91 225.27 229.3 229.08 232.69 236.44 237.66 239.16 238.96 237.27 238.33 239.21 238.02 240.04 237.27 238.19 230.98 228.73 230.11 219.85 214.74 210.46 208.99 200.47 199.01 207.27 204.7 204.91 199.71 202.5 202.55 190.92 184 181.87 198.55 200.33 213.78 196.72 185.08 186.35 186.09 172.96 183.93 194.61 176.34 146.05 152.52 155.97 142.15 144.78 168.35 163.2 -9999 -9999 139.6667 142.2632 155.7416 155.9259 156.4706 -9999 -9999 -9999 -9999 -9999 -9999 -9999 -9999
198.87 201.39 206.44 202.11 202.83 211.58 216.08 226.88 225.89 216.67 226.15 231.24 234.85 235.4 238.61 240.59 243.62 243.3 241.11 244.14 243.75 243.19 241.6 239.21 238.36 232.56 221.83 217.23 211.61 206.36 204.07 210.16 211.95 202.61 201.38 200.39 196.55 196.19 192.57 189.46 190.87 205.28 218.49 220.63 215.81 206.44 198.87 188.51 183.42 197.72 196.78 192.97 160.66 143.78 112.02 166.46 152.7 74.73 75.87 98.31 110.47 97.89 89.49 94.66 159.137 -9999 152.6125 152.78 173.23 188.2118 -9999 -9999 -9999
198.56 193.46 192.97 191.01 200.79 191.39 203.43 219.33 209.39 203.79 213.62 213.25 211.32 220.98 218.33 234.65 243.99 246.94 247.04 247.28 248 245 242.54 242.48 241.35 238.34 233.19 228.37 223.71 220.68 215.93 221.98 221.51 213.72 202.77 194.2 192.78 191.32 182.55 190.61 195.67 205.4 220.81 227.16 213.36 220.33 206.14 216.19 202.95 215.53 206.14 190.36 106.83 69.63 156.18 174.16 113.85 53.26 65.83 142.89 155.28 156.67 150.56 134.14 139.6 171.2 150.07 171.4 180.28 184.19 212.03 231.48 230.16
191.9 188.15 180.44 181.16 184.39 181.77 198.58 204.52 201.2 212.96 206.16 213.29 204.78 217.56 221.75 231.49 239.54 241.37 249.09 251.96 252.07 249.03 249.01 248.78 245.05 243.87 241.84 240.84 235.7 230.6 226.76 229.79 230.92 229.24 227.12 221.94 217.69 212.84 215.48 216.84 211.68 215.62 216.68 230.13 223.15 233.81 227.8 220.04 216.53 227.57 204.13 90.83 59.31 101.82 154.78 104.85 66.32 58.63 109.37 131.06 158.38 136.37 115.1 69.75 106.22 73.46 61.55 62.94 113.54 114.23 199.88 245.5 251.46
209.55 203.91 202.48 200.77 196.66 204.57 201.59 191.45 197.9 204.08 198.2 194.15 202.39 211.56 212.8 221.29 227.72 230.12 246.14 250.89 251.04 252.93 251.9 248.17 245.47 248.9 248.91 248.45 245.58 241.58 238.88 239.45 238.3 234.55 231.52 232.03 230.83 224.85 227.42 230.39 228.96 232.52 232.96 240.14 232.14 233.8 223.76 224.83 223.38 222.62 181.25 68.87 60.94 58.39 67.02 71.6 67 59.67 95.07 86.26 61.51 83.44 129.6 67.08 61.2 61.45 60.73 68.15 110.16 154 102.64 231.87 246.18
215.62 215.47 208.34 192.58 188.37 187.68 180.71 185.19 185.04 186.48 188.54 198.02 207.63 204.79 211.81 218.23 232.24 240.89 244.67 248.11 253.39 255.36 255.74 252.58 245.66 246.02 253.79 248.99 241.31 238.62 240.6 245.66 241.92 241.85 237.49 239.04 237.47 232.16 233.89 237.36 237.71 241.49 245.84 248.98 229.62 226.22 226.11 235.66 204.19 201.4 155.5 80.61 107.59 58.84 52.33 60.1 68.37 63.8 60.46 60.48 58.86 58.85 65.61 76.16 71.32 71.26 67.9 72.97 78.64 98.83 197.97 235.9 249.5
209.91 218.22 215.49 213.1 211.07 205.31 194.19 200.16 192.04 201.97 203.26 210.76 204.67 203.27 210.71 218.98 230.6 235.73 238.65 240.08 251.36 252.92 255.73 259.15 258.09 257.32 256.6 251.54 242.98 234.37 241.16 250.68 248.02 241.54 241.49 244.92 245.44 241.16 240.66 244.29 242.82 248.98 252.24 253.52 248.32 243.3 236.25 237.98 197.16 208.23 88.17 63.17 85.68 66.15 70.67 70.46 69.37 65.68 60.1 66.7 74.14 74.56 73.95 80.88 77.3 78.69 73.44 77.23 83.66 80.66 165.05 239.58 253.94
217.81 216.06 217.18 215.7 213.13 212.67 213.22 216.6 218.07 219.94 218.8 222.51 222.11 215.9 213.24 219.2 223.82 224.16 230.92 238.74 244.36 242.95 249.27 257.91 259.71 261.91 260.4 249.94 244.98 244.64 248.79 255.94 251.52 244.45 238.2 245.72 248.12 251.12 250.87 250.34 244.92 252.5 259.37 258.07 257.67 256.38 255.01 247.56 233.87 119.42 69.07 70.63 71 75.23 72.71 76.04 75.87 70.65 67.39 65.71 74.33 82.56 81.85 87.78 85.94 80.74 68.52 76.93 82.01 113.93 222.98 236.95 251.11
226.92 225.24 221.78 220.23 220.18 217.77 217.84 218.63 219.15 219.47 225.27 226.99 225.11 222.18 220.29 221.36 221.17 220.19 199.55 208.92 235.59 242.7 249.15 253.49 257.14 261.01 263.99 263.54 258.97 254.86 259.38 261.62 254.72 248.53 239.28 241.71 248.3 252.36 255.63 254.68 255.26 260.13 263.28 260.29 264.77 267.74 268.8 245.47 139.28 74.36 77.81 78.89 78.87 78.82 79.16 76.86 75.97 76.06 75.25 70.63 71.29 80.43 91.36 93.56 91.3 81.62 73.87 77.42 134.15 220.12 223.78 252.28 258.73
230.9 229.41 228.61 227.1 227.32 224.58 226.95 225.01 222.24 224.99 226.48 228.59 230.19 228.83 227.01 226.48 222.69 215.42 210.94 205.1 216.13 231.3 238.37 249.55 255.87 259.3 263.04 265.29 268.56 268.81 267.45 266.68 256.53 250.14 244.27 240.07 241.4 247.96 256.31 259.88 261.3 264.65 267.68 266.55 270.07 272.56 268.79 266.94 106.57 93.47 99.15 125.93 176.05 205.13 135.63 113.16 78.35 72.4 71.25 74.09 77.2 92.84 99.38 107.67 86.04 84.52 91.47 165.28 234.11 247.27 255.94 258.65 255.02
234.08 233.82 234.09 231.18 232.61 231.14 231.14 231.05 232.12 230.63 229.09 230.06 233.3 232.4 229.67 228.84 225.03 222.45 220.93 225.25 229.82 239.48 240.86 245.92 257.18 261.62 258.3 255.78 262.64 268.53 270.43 271.59 266.99 261.27 260.32 256.33 248.12 244.7 250.31 253.49 251.62 259.77 266.22 270.74 273.7 272.52 273.23 276.88 174.67 199.56 259.46 259.83 267.91 264.83 259.99 252.17 247.15 226.46 209.06 219.27 217.28 238.28 249.3 248.3 192.87 218.08 243.18 262.86 251.36 249 253.54 241.3232 240.8553
233.48 235.75 236.53 237.45 236.94 234.79 235.66 236.68 234.45 233.41 232.24 233.98 231.4 228.95 230.73 231.28 226.96 228.86 228.76 230.5 229.56 243.42 249.67 251.78 260.21 262 257.36 249.45 257.23 258.47 259.58 265.37 268.6 270.15 267.78 263.98 260.82 257.94 255.12 259.63 261.18 261.71 265.51 266.33 273.13 276.11 279.07 280.71 279.29 276.29 273.2 269.75 264.96 258.94 252.12 244.68 240.21 241.5 243.99 252.07 257.16 257.52 260.34 263.23 264.06 266.12 259.65 237.21 241.13 240.5426 -9999 -9999 -9999
232.17 233.92 232.47 233.98 235.04 235.39 236.35 235.55 235.71 237.16 237.35 234.98 230.62 230.33 236.74 235.34 234.2 233.66 236.55 240.62 237.89 235.4 251.85 253.08 258.68 259.72 254.66 254.25 253.86 247.74 250.74 256.94 263.5 268.07 271.85 270.65 265.33 261.14 260.44 262.18 263.93 267.33 269.08 269.2 268.69 280.04 279.03 277.02 274.16 269.04 263.56 259.93 257.76 252 250.55 250.98 245.88 244.88 241.48 245.09 253.61 263.36 266.61 257.29 250.64 245.87 249.52 238.7128 -9999 -9999 -9999 -9999 -9999
232.84 229.46 226.93 226.3 225.21 225.82 231.58 233.58 231.18 231.58 233.34 234.99 234.14 237.31 242.7 241.07 238.34 238.87 238.66 247.07 245.52 250.95 238.56 236.04 236.05 247.53 251.65 247.84 248.96 242.64 251.17 260.44 264.44 268.96 270.2 272.34 269.01 264.29 263.58 263.81 264.78 268.11 274.15 271.14 274.53 274.47 271.7 269.19 264.89 258.95 254.46 250.7 245.66 247.54 250.81 257.34 254.8 253.86 245.57 251.9 262.71 260.43 263.92 257.85 250.24 240.44 239.2979 -9999 -9999 -9999 -9999 -9999 -9999
218.9 219.03 218.15 219.5 221.22 225.49 229.3 230.71 232.17 231.18 231.21 231.01 234.66 241.55 244.42 246.16 246.28 247.27 244.98 246.08 248.03 248.59 240.22 231.92 230.49 233.74 239.92 240.11 240.15 241.61 248.16 256.03 261.02 264.82 267.87 270.18 273.13 273.41 274.07 274.46 275.96 276.85 275.34 270.56 270.87 273.05 272.3 276.36 272.52 263.14 248.56 243.49 238.07 233.11 248.27 263.57 262.93 261.61 258.42 261.52 246.56 243.48 243.48 247.0714 244.4198 241.2647 -9999 -9999 -9999 -9999 -9999 -9999 -9999
204.45 211.6 217.01 214.07 221.68 233.04 232.61 235.99 237.94 230.56 231.06 230.97 235.25 240.13 242.24 240.15 237.06 237.5 240.26 242.74 236.18 236.87 239.34 227.74 165.21 128.09 104.46 99.62 133.97 179.57 244.9 249.97 255.1 262.14 266.65 269.67 270.76 270.72 272.37 274.62 275.09 274.54 271.31 274.81 275.25 275.18 271.06 280.69 276.17 267.2 267.06 258.78 252.46 259.04 262.93 266.93 264.5 256.2 251.6225 237.3797 236.2273 -9999 -9999 -9999 -9999 -9999 -9999 -9999 -9999 -9999 -9999 -9999 -9999
221.27 215.92 225.28 223.81 228.97 233.62 235.82 239.95 240.16 233.6 231.91 231.64 229.87 227.97 225.99 225.63 228.83 231.12 231.41 232.64 229.36 227.31 229.23 133.7 55.16 53.24 53.1 55.5 56.33 61.76 131.21 197.3 232.19 250.94 261.16 262.07 263.95 266.09 267.83 265.08 271.14 270.72 269.21 272.68 269.09 266.49 263.4 273.69 278.9 277.56 268.14 256.4 267.84 271.6 269.47 247.3333 -9999 -9999 -9999 -9999 -9999 -9999 -9999 -9999 -9999 -9999 -9999 -9999 -9999 -9999 -9999 -9999 -9999
228.24 237.91 235.52 232.18 242.41 243.63 243.01 243.26 238.9 236.29 232.83 230.88 230.84 226.16 222.19 223.13 227.19 222.44 223.7 225.85 227.83 227.07 217.5 126.03 56.61 49.69 47.97 77.97 53.36 56.55 62.02 84.82 180.95 248.56 252.52 251.55 257.04 261.02 265.36 266.44 263.73 261.74 264.86 266.53 264.65 266.91 267.33 275.08 282.24 270.11 260.27 264.51 275.6479 -9999 -9999 -9999 -9999 -9999 -9999 -9999 -9999 -9999 -9999 -9999 -9999 -9999 -9999 -9999 -9999 -9999 -9999 -9999 -9999
