layers/wordclim/future/Iberia_wcB2a_10_hadcm3_2050/bio_10.asc
ncols         166
nrows         93
xllcorner     -9.4959440078468
yllcorner     36.000324005443
cellsize      0.083333337679505
NODATA_value  -9999
[rows 0 to 32 of 93, columns 73 to 145 of 166]
-9999 -9999 -9999 -9999 -9999 -9999 -9999 -9999 -9999 -9999 -9999 -9999 -9999 -9999 -9999 -9999 -9999 -9999 -9999 -9999 -9999 -9999 -9999 -9999 -9999 -9999 -9999 -9999 -9999 -9999 -9999 -9999 -9999 -9999 -9999 -9999 -9999 -9999 -9999 -9999 -9999 -9999 -9999 -9999 -9999 -9999 -9999 -9999 -9999 -9999 -9999 -9999 -9999 -9999 -9999 -9999 -9999 -9999 -9999 -9999 -9999 -9999 -9999 -9999 -9999 -9999 -9999 -9999 -9999 -9999 -9999 -9999 -9999
-9999 -9999 -9999 -9999 -9999 -9999 -9999 -9999 -9999 -9999 -9999 -9999 -9999 -9999 -9999 -9999 -9999 -9999 -9999 -9999 -9999 -9999 -9999 -9999 -9999 -9999 -9999 -9999 -9999 -9999 -9999 -9999 -9999 -9999 -9999 -9999 -9999 -9999 -9999 -9999 -9999 -9999 -9999 -9999 -9999 -9999 -9999 -9999 -9999 -9999 -9999 -9999 -9999 -9999 -9999 -9999 -9999 -9999 -9999 -9999 -9999 -9999 -9999 -9999 -9999 -9999 -9999 -9999 -9999 -9999 -9999 -9999 -9999
-9999 -9999 -9999 -9999 -9999 -9999 -9999 -9999 -9999 -9999 -9999 -9999 -9999 -9999 -9999 -9999 -9999 -9999 -9999 -9999 -9999 -9999 -9999 -9999 -9999 -9999 -9999 -9999 -9999 -9999 -9999 -9999 -9999 -9999 -9999 -9999 -9999 -9999 -9999 -9999 -9999 -9999 -9999 -9999 -9999 -9999 -9999 -9999 -9999 -9999 -9999 -9999 -9999 -9999 -9999 -9999 -9999 -9999 -9999 -9999 -9999 -9999 -9999 -9999 -9999 -9999 -9999 -9999 -9999 -9999 -9999 -9999 -9999
-9999 -9999 -9999 -9999 -9999 -9999 -9999 -9999 -9999 -9999 -9999 -9999 -9999 -9999 -9999 -9999 -9999 -9999 -9999 -9999 -9999 -9999 -9999 -9999 -9999 -9999 -9999 -9999 -9999 -9999 -9999 -9999 -9999 -9999 -9999 -9999 -9999 -9999 -9999 -9999 -9999 -9999 -9999 -9999 -9999 -9999 -9999 -9999 -9999 -9999 -9999 -9999 -9999 -9999 -9999 -9999 -9999 -9999 -9999 -9999 -9999 -9999 -9999 -9999 -9999 -9999 -9999 -9999 -9999 -9999 -9999 -9999 -9999
200.63 200.382 204.8519 -9999 -9999 206.2184 205.19 201.75 204.3372 204.4103 206.0727 -9999 -9999 -9999 -9999 -9999 -9999 -9999 -9999 -9999 -9999 -9999 -9999 -9999 -9999 -9999 -9999 -9999 -9999 -9999 -9999 -9999 -9999 -9999 -9999 -9999 -9999 -9999 -9999 -9999 -9999 -9999 -9999 -9999 -9999 -9999 -9999 -9999 -9999 -9999 -9999 -9999 -9999 -9999 -9999 -9999 -9999 -9999 -9999 -9999 -9999 -9999 -9999 -9999 -9999 -9999 -9999 -9999 -9999 -9999 -9999 -9999 -9999
196.22 195.63 195.81 202.5 202.3775 209.7879 207.2 207.71 207.38 206.3 203.69 207.6465 207.4794 212.3167 212.6393 214.5082 214.1429 215.9792 213.14 205.54 210.6892 -9999 -9999 -9999 -9999 -9999 -9999 -9999 -9999 -9999 -9999 -9999 -9999 -9999 -9999 -9999 -9999 -9999 -9999 -9999 -9999 -9999 -9999 -9999 -9999 -9999 -9999 -9999 -9999 -9999 -9999 -9999 -9999 -9999 -9999 -9999 -9999 -9999 -9999 -9999 -9999 -9999 -9999 -9999 -9999 -9999 -9999 -9999 -9999 -9999 -9999 -9999 -9999
196.31 194.49 199.43 203.5 203.15 201 208.75 209.91 207.86 202.31 202.71 204.66 204.24 205.48 204.22 205.34 212.34 206.26 208.02 198 209.85 206.62 200.63 200.43 -9999 -9999 -9999 -9999 -9999 -9999 -9999 -9999 -9999 -9999 -9999 -9999 -9999 -9999 -9999 -9999 -9999 -9999 -9999 -9999 -9999 -9999 -9999 -9999 -9999 -9999 -9999 -9999 -9999 -9999 -9999 -9999 -9999 -9999 -9999 -9999 -9999 -9999 -9999 -9999 -9999 -9999 -9999 -9999 -9999 -9999 -9999 -9999 -9999
188.53 201.19 200.77 204.91 204.15 205.42 206.07 207.08 199.37 204.24 206.07 206.79 204 203.39 203.4 206.88 209.08 200.3 196.45 197.08 208.24 210.57 208.92 199.4521 -9999 -9999 -9999 -9999 -9999 -9999 -9999 -9999 -9999 -9999 -9999 -9999 -9999 -9999 -9999 -9999 -9999 -9999 -9999 -9999 -9999 -9999 -9999 -9999 -9999 -9999 -9999 -9999 -9999 -9999 -9999 -9999 -9999 -9999 -9999 -9999 -9999 -9999 -9999 -9999 -9999 -9999 -9999 -9999 -9999 -9999 -9999 -9999 -9999
189 191.86 188.66 191.3 205.23 206.05 195.04 182.87 196.56 196.92 206.89 209.73 203.08 209.29 213.51 210.31 200.11 203.89 193.69 195.72 196.79 193.69 185.61 184.675 -9999 180.869 179.2321 -9999 -9999 -9999 -9999 -9999 -9999 -9999 -9999 -9999 -9999 -9999 -9999 -9999 -9999 -9999 -9999 -9999 -9999 -9999 -9999 -9999 -9999 -9999 -9999 -9999 -9999 -9999 -9999 -9999 -9999 -9999 -9999 -9999 -9999 -9999 -9999 -9999 -9999 -9999 -9999 -9999 -9999 -9999 -9999 -9999 -9999
193.01 193 192.32 191.53 194.57 197.54 200.32 196.09 202.42 203.67 198.77 196.59 188.17 198.86 205.29 200.65 191.25 195.17 201.73 204.54 204.97 205.79 197.86 194.95 189.31 186.65 184.68 180.77 173.5699 170.0984 166.06 151.0345 -9999 -9999 -9999 -9999 -9999 -9999 -9999 -9999 -9999 -9999 -9999 -9999 -9999 -9999 -9999 -9999 -9999 -9999 -9999 -9999 -9999 -9999 -9999 -9999 -9999 -9999 -9999 -9999 -9999 -9999 -9999 -9999 -9999 -9999 -9999 -9999 -9999 -9999 -9999 -9999 -9999
196.43 193.89 191.81 196.62 195.79 194.65 197.21 205.18 209.59 210 209.09 207.76 207.39 198.85 200.79 200.52 200.26 191.22 204.37 215.32 213.83 210.38 206.95 200.9 198.57 193.89 182.71 190.46 181.08 179.11 171.63 152.82 147.0395 -9999 -9999 -9999 -9999 -9999 -9999 -9999 -9999 -9999 -9999 -9999 -9999 -9999 -9999 -9999 -9999 -9999 -9999 -9999 -9999 -9999 -9999 -9999 -9999 -9999 -9999 -9999 -9999 -9999 -9999 -9999 -9999 -9999 -9999 -9999 -9999 -9999 -9999 -9999 -9999
203.43 204.86 203.26 195.79 208.81 203.29 208.72 209.62 205.84 204.86 201.42 202.86 196.95 195.18 199.34 201.4 192.82 199.19 204.68 218.53 222.79 222.8 214.91 214.4 213.67 204.79 200.92 198.57 194.82 192.97 179.68 168.18 158.97 140.2581 144.194 134.4231 142.8636 124.8586 115.5522 -9999 -9999 -9999 -9999 -9999 -9999 -9999 -9999 -9999 -9999 181.56 161.26 139.2179 134.6 -9999 -9999 -9999 -9999 -9999 -9999 -9999 -9999 -9999 -9999 -9999 -9999 -9999 -9999 -9999 -9999 -9999 -9999 -9999 -9999
198.18 200.03 195.43 199.43 214.65 216.03 215.97 211.84 211.47 210.17 203.72 207.68 209.13 208.24 208.08 211.19 217.76 222.4 219.72 222.65 217.16 217.17 211.11 210.26 215.58 219.99 210.53 203.56 198.14 200.36 193.53 190.47 186.91 170.92 162.06 132.37 144.68 160.86 127.94 140.337 -9999 -9999 -9999 142.4861 -9999 125.3519 -9999 -9999 -9999 165.1735 175.26 160.6 148.9 141.96 156.6585 142.2857 143.8333 -9999 -9999 -9999 -9999 -9999 -9999 -9999 -9999 -9999 -9999 -9999 -9999 -9999 -9999 -9999 -9999
209.43 208.67 207.83 206.15 210.72 214.66 218.55 212.04 204.79 202.98 209.23 210.76 211.08 214.32 222.97 222.82 222 227.39 231.35 231.22 223.38 220.53 208.76 209.85 216.31 222.54 214.18 207.68 211.73 211.38 212.44 201.41 194.23 191.2 186.95 174 169.6 178.47 161.04 169.93 149.49 140.57 156.81 169.96 143.81 144.43 129.39 157.77 118.63 128.88 138.93 136.86 135.55 150.9 183.8 163.45 162.93 137.7216 -9999 -9999 -9999 -9999 -9999 -9999 -9999 -9999 -9999 -9999 -9999 -9999 -9999 -9999 -9999
203.5 206.77 207.5 209.78 217.37 221.45 223.34 225.5 225.44 225.07 226.38 226.2 226.01 228.74 232.23 231.52 233.47 234.27 236.91 236.9 231.84 227.53 218.7 223.93 229.49 227.96 225.76 214.94 209.96 201.43 208.38 210.95 200.72 199.87 192.64 195.25 196.75 182.89 172.39 181.3 177.06 182.52 198.5 188.46 152.47 159.03 177.2 156.17 147.74 160.68 156.44 147.49 131.65 136.85 180.53 195.12 179.36 154.17 -9999 -9999 -9999 -9999 -9999 -9999 -9999 -9999 -9999 -9999 -9999 -9999 -9999 -9999 -9999
205.25 205.36 210.13 213.62 216.71 220.98 221.91 225.27 229.3 229.08 232.69 236.44 237.66 239.16 238.96 237.27 238.33 239.21 238.02 240.04 237.27 238.19 230.98 228.73 230.11 219.85 214.74 210.46 208.99 200.47 199.01 207.27 204.7 204.91 199.71 202.5 202.55 190.92 184 182.09 198.63 200.39 213.78 197.02 185.66 186.92 186.79 174.25 184.92 195.31 177.98 148.57 155.05 158.42 191.81 184.22 171.18 169.38 -9999 -9999 143.4762 146.2947 159.4944 192.2037 202.6471 -9999 -9999 -9999 -9999 -9999 -9999 -9999 -9999
198.88 201.39 206.49 202.13 202.83 211.58 216.08 226.88 225.89 216.67 226.15 231.24 234.85 235.4 238.61 240.59 243.62 243.3 241.11 244.14 243.75 243.19 241.6 239.21 238.36 232.56 221.83 217.23 211.61 206.36 204.07 210.16 211.95 202.61 201.38 200.39 196.55 196.19 192.57 189.47 190.92 205.28 218.49 220.63 215.81 206.53 199.22 189.15 184.65 198.71 197.78 194.34 199.89 193.58 202.49 172.33 186.75 208.66 215.69 199.88 194.74 199.78 204.35 202.72 187.0822 -9999 156.9125 156.86 176.99 191.8471 -9999 -9999 -9999
198.56 193.46 192.97 191.01 200.79 191.39 203.43 219.33 209.39 203.79 213.62 213.25 211.32 220.98 218.33 234.65 243.99 246.94 247.04 247.28 248 245 242.54 242.48 241.35 238.34 233.19 228.37 223.71 220.68 215.93 221.98 221.51 213.72 202.77 194.2 192.78 191.33 182.71 190.69 195.67 205.4 220.81 227.16 213.37 220.35 206.21 216.35 203.55 215.85 206.79 196.83 217.57 219.83 190.38 184.92 198.98 224.61 207.16 185.7 175.04 174.85 189.84 186.97 183.93 190.81 202.06 195.91 197.97 217.87 231.04 233.97 232.45
191.9 188.15 180.46 181.16 184.39 181.78 198.58 204.52 201.2 212.96 206.16 213.29 204.78 217.56 221.75 231.49 239.54 241.37 249.09 251.96 252.07 249.03 249.01 248.78 245.05 243.87 241.84 240.84 235.7 230.6 226.76 229.79 230.92 229.24 227.12 221.94 217.69 212.84 215.48 216.84 211.68 215.62 216.68 230.13 223.15 233.81 227.8 220.1 216.54 227.6 213.67 226.05 235.56 212.15 189.08 203.84 223.41 219.22 195.65 183.78 182.95 190.42 197.41 218.25 207.84 213.6 221.42 227.93 220.43 225.93 246.67 247.75 253.41
209.55 203.91 202.48 200.77 196.66 204.57 201.59 191.45 197.9 204.08 198.2 194.15 202.39 211.56 212.8 221.29 227.72 230.12 246.14 250.89 251.04 252.93 251.9 248.17 245.47 248.9 248.91 248.45 245.58 241.58 238.88 239.45 238.3 234.55 231.52 232.03 230.83 224.85 227.42 230.39 228.96 232.52 232.96 240.14 232.14 233.8 223.76 224.83 223.4 233.6 222.66 242.66 240.6 236.59 214.91 211.3 227.96 216.31 206.16 200.85 216.43 210.65 198.71 231.82 227.98 229.14 227.67 235.28 220.24 218.47 242.94 239.33 248.58
215.62 215.47 208.34 192.58 188.37 187.68 180.71 185.19 185.04 186.48 188.54 198.02 207.63 204.79 211.81 218.23 232.24 240.89 244.67 248.11 253.39 255.36 255.74 252.58 245.66 246.02 253.79 248.99 241.31 238.62 240.6 245.66 241.92 241.85 237.49 239.04 237.47 232.16 233.89 237.36 237.71 241.49 245.84 248.98 229.62 226.22 226.11 235.66 231.92 221.8 219.36 238.5 218.05 224.12 228.38 237.32 245.78 239.43 234.64 233.39 230.51 227.58 236.18 246.88 240.83 239.53 234.83 240.01 245.81 232.64 224.48 242.75 251.9
209.91 218.22 215.49 213.1 211.07 205.31 194.19 200.16 192.04 201.97 203.26 210.76 204.67 203.27 210.71 218.98 230.6 235.73 238.65 240.08 251.36 252.92 255.73 259.15 258.09 257.32 256.6 251.54 242.98 234.37 241.16 250.68 248.02 241.54 241.49 244.92 245.44 241.16 240.66 244.29 242.82 248.98 252.24 253.52 248.32 243.3 236.25 237.98 242.08 232.12 239.61 243.47 231.04 247.12 251.01 249.47 246.59 241.15 233.53 240.04 247.49 246.6 244.78 251.47 246.57 247.53 240.62 244.21 250.24 244.02 240.09 242.12 256.05
217.81 216.06 217.18 215.7 213.13 212.67 213.22 216.6 218.07 219.94 218.8 222.51 222.11 215.9 213.24 219.2 223.82 224.16 230.92 238.74 244.36 242.95 249.27 257.91 259.71 261.91 260.4 249.94 244.98 244.64 248.79 255.94 251.52 244.45 238.2 245.72 248.12 251.12 250.87 250.34 244.92 252.5 259.37 258.07 257.67 256.38 255.01 255.25 251.07 248.7 251.28 256.73 255.12 258.03 253.54 255.26 253.38 246.13 241.47 238.4 246.77 254.18 252.25 257.25 254.67 248.68 234.06 242.73 243.43 237.49 230.62 239.57 253.33
226.92 225.24 221.78 220.23 220.18 217.77 217.84 218.63 219.15 219.47 225.27 226.99 225.11 222.18 220.29 221.36 221.17 220.19 199.55 208.92 235.59 242.7 249.15 253.49 257.14 261.01 263.99 263.54 258.97 254.86 259.38 261.62 254.72 248.53 239.28 241.71 248.3 252.36 255.63 254.68 255.26 260.13 263.28 260.29 264.77 267.74 268.8 264.86 267.31 266.93 268.7 267.29 264.17 261.71 259.73 255.51 252.86 251.05 249.15 242.85 242.38 250.8 260.86 262.2 259.03 248.29 239.15 240.56 235.19 223.11 226.63 254.72 260.86
230.9 229.41 228.61 227.1 227.32 224.58 226.95 225.01 222.24 224.99 226.48 228.59 230.19 228.83 227.01 226.48 222.69 215.42 210.94 205.1 216.13 231.3 238.37 249.55 255.87 259.3 263.04 265.29 268.56 268.81 267.45 266.68 256.53 250.14 244.27 240.07 241.4 247.96 256.31 259.88 261.3 264.65 267.68 266.55 270.07 272.56 268.79 266.94 274.8 275.64 274.29 271.61 268.75 265.69 262.04 257.42 252.59 246.15 243.35 244.98 247.14 253.64 264.11 264.79 252.98 246.98 244.98 250.17 250.91 249.42 258.66 263.07 262.68
234.08 233.82 234.09 231.18 232.61 231.14 231.14 231.05 232.12 230.63 229.09 230.06 233.3 232.4 229.67 228.84 225.03 222.45 220.93 225.25 229.82 239.48 240.86 245.92 257.18 261.62 258.3 255.78 262.64 268.53 270.43 271.59 266.99 261.27 260.32 256.33 248.12 244.7 250.31 253.49 251.62 259.77 266.22 270.74 273.7 272.52 273.23 276.88 280.4 278.16 274.81 271.18 267.92 265.12 260.72 253.56 248.62 245.36 246.69 253.14 254.29 253.62 253.18 265.23 250.78 254.36 261.54 267.26 266.87 264.58 258.8 260.2727 261.8684
233.48 235.75 236.53 237.45 236.94 234.79 235.66 236.68 234.45 233.41 232.24 233.98 231.4 228.95 230.73 231.28 226.96 228.86 228.76 230.5 229.56 243.42 249.67 251.78 260.21 262 257.36 249.45 257.23 258.47 259.58 265.37 268.6 270.15 267.78 263.98 260.82 257.94 255.12 259.63 261.18 261.71 265.51 266.33 273.13 276.11 279.07 280.71 279.29 276.29 273.2 269.75 265.25 259.43 252.97 245.98 241.82 243.15 245.86 254.12 259.24 259.46 262.55 269.21 267.52 268.46 271.61 271.79 266.92 265.2766 -9999 -9999 -9999
232.17 233.92 232.47 233.98 235.04 235.39 236.35 235.55 235.71 237.16 237.35 234.98 230.62 230.33 236.74 235.34 234.2 233.66 236.55 240.62 237.89 235.4 251.85 253.08 258.68 259.72 254.66 254.25 253.86 247.74 250.74 256.94 263.5 268.07 271.85 270.65 265.33 261.14 260.44 262.18 263.93 267.33 269.08 269.2 268.69 280.04 279.03 277.02 274.16 269.04 263.56 259.98 258.13 252.7 251.54 252.39 247.33 246.68 243.31 247.05 255.93 265.68 269.56 270.16 272.94 273.02 271.11 271.8936 -9999 -9999 -9999 -9999 -9999
232.84 229.46 226.93 226.3 225.21 225.82 231.58 233.58 231.18 231.58 233.34 234.99 234.14 237.31 242.7 241.07 238.34 238.87 238.66 247.07 245.52 250.95 238.56 236.04 236.05 247.53 251.65 247.84 248.96 242.64 251.17 260.44 264.44 268.96 270.2 272.34 269.01 264.29 263.58 263.81 264.78 268.11 274.15 271.14 274.53 274.47 271.7 269.19 264.89 258.95 254.46 250.82 246.1 248.28 252.08 258.69 256.4 255.73 247.55 254.02 264.74 268.23 266.16 260.32 268.85 274.62 273.2553 -9999 -9999 -9999 -9999 -9999 -9999
218.9 219.03 218.15 219.5 221.22 225.49 229.3 230.71 232.17 231.18 231.21 231.01 234.66 241.55 244.42 246.16 246.28 247.27 244.98 246.08 248.03 248.59 240.22 231.92 230.49 233.74 241.67 240.11 240.15 241.61 248.16 256.03 261.02 264.82 267.87 270.18 273.13 273.41 274.07 274.46 275.96 276.85 275.34 270.56 270.87 273.05 272.3 276.36 272.52 263.14 248.6 243.93 238.79 234.04 249.54 265.43 265.34 263.9 261.89 267.15 270.13 268.33 270.71 264.1939 269.5309 276.7353 -9999 -9999 -9999 -9999 -9999 -9999 -9999
204.45 211.6 217.01 214.07 221.68 233.04 232.61 235.99 237.94 230.56 231.06 230.97 235.25 240.13 242.24 240.15 237.06 237.5 240.26 242.74 236.18 236.87 239.34 233.04 230.22 229.59 228.79 230.59 235.25 240.69 246.64 249.97 255.1 262.14 266.65 269.67 270.76 270.72 272.37 274.62 275.09 274.54 271.31 274.81 275.25 275.18 271.06 280.69 276.17 267.28 267.31 259.01 253.14 260.13 264.56 270.45 268.54 268.65 268.551 273.3165 272.4091 -9999 -9999 -9999 -9999 -9999 -9999 -9999 -9999 -9999 -9999 -9999 -9999
221.27 215.92 225.28 223.81 228.97 233.62 235.82 239.95 240.16 233.6 231.91 231.64 229.87 227.97 225.99 225.63 228.83 231.12 231.41 232.64 229.36 227.31 229.23 236.09 231.13 228.65 224.47 224.63 230.91 236.3 241.67 241.56 239.14 250.94 261.16 262.07 263.95 266.09 267.83 265.08 271.14 270.72 269.21 272.68 269.09 266.49 263.4 273.69 278.95 277.77 268.47 256.94 269.11 273.29 273.6 273.1234 -9999 -9999 -9999 -9999 -9999 -9999 -9999 -9999 -9999 -9999 -9999 -9999 -9999 -9999 -9999 -9999 -9999
228.24 237.91 235.52 232.18 242.41 243.63 243.01 243.26 238.9 236.29 232.83 230.88 230.84 226.16 222.19 223.13 227.19 222.44 223.7 225.85 227.83 227.07 224.61 223.21 232.55 225.33 221 214.26 221.37 230.9 236.9 240.25 242.74 248.56 252.52 251.55 257.04 261.02 265.36 266.44 263.73 261.74 264.86 266.53 264.65 266.91 267.33 275.08 282.24 270.12 260.56 265.34 277.0563 -9999 -9999 -9999 -9999 -9999 -9999 -9999 -9999 -9999 -9999 -9999 -9999 -9999 -9999 -9999 -9999 -9999 -9999 -9999 -9999
