layers/wordclim/future/Iberia_wcB2a_10_hadcm3_2050/bio_19.asc
ncols         166
nrows         93
xllcorner     -9.4959440078468
yllcorner     36.000324005443
cellsize      0.083333337679505
NODATA_value  -9999
[rows 0 to 31 of 93, columns 0 to 73 of 166]
-9999 -9999 -9999 -9999 -9999 -9999 -9999 -9999 -9999 -9999 -9999 -9999 -9999 -9999 -9999 -9999 -9999 397.0244 427.6528 379.1791 375.3182 378.0796 362.7971 356.0454 -9999 -9999 -9999 -9999 -9999 -9999 -9999 -9999 -9999 -9999 -9999 -9999 -9999 -9999 -9999 -9999 -9999 -9999 -9999 -9999 -9999 -9999 -9999 -9999 -9999 -9999 -9999 -9999 -9999 -9999 -9999 -9999 -9999 -9999 -9999 -9999 -9999 -9999 -9999 -9999 -9999 -9999 -9999 -9999 -9999 -9999 -9999 -9999 -9999 -9999
-9999 -9999 -9999 -9999 -9999 -9999 -9999 -9999 -9999 -9999 -9999 -9999 -9999 -9999 -9999 -9999 396.5303 400.4316 411.28 388.67 407.71 406.49 374.5252 391.83 379.14 352.6598 -9999 -9999 -9999 -9999 -9999 -9999 -9999 -9999 -9999 -9999 -9999 -9999 -9999 -9999 -9999 -9999 -9999 250.625 246.7885 -9999 -9999 -9999 -9999 -9999 -9999 -9999 -9999 -9999 -9999 -9999 -9999 -9999 -9999 -9999 -9999 -9999 -9999 -9999 -9999 -9999 -9999 -9999 -9999 -9999 -9999 -9999 -9999 -9999
-9999 -9999 -9999 -9999 -9999 -9999 -9999 -9999 -9999 -9999 -9999 -9999 -9999 -9999 402.537 394.9263 401.2525 405.25 412.69 432.66 441.51 427.46 407.47 422.58 367.51 340.63 332.3895 328.0633 320.2113 302.2364 299.15 294.4762 294.2237 279.7403 288.2405 275.0757 272.8219 275.4722 275.3523 267.5876 260.1282 254.5119 248.0404 245.41 245.83 239.4416 237.8525 242.1667 244.017 -9999 -9999 -9999 -9999 -9999 -9999 -9999 -9999 -9999 -9999 -9999 -9999 -9999 -9999 -9999 -9999 -9999 -9999 -9999 -9999 -9999 -9999 -9999 -9999 -9999
-9999 -9999 -9999 -9999 -9999 -9999 -9999 -9999 -9999 -9999 -9999 -9999 -9999 -9999 -9999 -9999 423.7475 447.29 451.42 432.84 443.9 457 458.77 448.61 407.79 363.25 338.77 350 318.89 312.5151 325.96 329.25 323.9 297.03 321.53 297.57 282.49 286.3 296.44 268.08 252.1212 258.85 256.69 247.32 242.21 241.27 247.19 248.51 237.93 239.9 243.49 246.3333 239.6538 239.5085 243.46 -9999 -9999 -9999 -9999 -9999 -9999 -9999 -9999 -9999 -9999 -9999 -9999 332.5342 -9999 351.1746 363.0938 370.8046 382 -9999
-9999 -9999 -9999 -9999 -9999 -9999 -9999 -9999 -9999 -9999 -9999 -9999 -9999 -9999 410.3582 407.3125 431.2 455.16 453.76 457.66 439.55 437.29 428.36 435.72 413.75 396.89 373.22 344.58 339.69 361.67 377.15 350.25 323.52 325.41 328.39 295.65 306.48 313.69 281.28 261.21 254.23 243.03 239.44 243.58 238.33 236.77 238.4 236.73 235.75 235.22 235.97 230.13 232.05 242.3 246.24 252.66 264.01 257.4681 256.1482 255.6849 260.3247 266.5385 275.9722 287.0121 295.3367 301.11 313.32 324.04 333.3542 341.37 351.91 361.5 369.131 382.48
-9999 -9999 -9999 -9999 -9999 -9999 401.1852 399.75 414.0811 -9999 434.1351 437.759 436.6 419.0808 415.8 -9999 441.87 460.97 480.33 463.41 443.24 425.98 416.58 399.16 399.05 386.76 379.57 349.75 377.98 379.5 365.52 325.25 330.69 355.49 344.32 305.43 286.08 280.85 287.33 270.79 270.03 264.03 251.68 239.76 236.93 233.95 236.5 245.29 246.58 238.31 249.32 240.2 235.3 250.99 266.33 264.99 254.4 264.13 254.44 261.12 260.22 267.71 273.26 279.38 288.19 293.1 302.65 312.81 322.78 330.71 338.59 347.13 356.19 364.38
-9999 -9999 -9999 -9999 -9999 -9999 411.5342 419.51 429.7 434.81 457.48 499.76 490.93 473.63 447.66 446.29 473.06 477.24 480.32 462.68 449.45 423.75 412.23 396.01 384.95 383.2 386.89 367.79 372.89 373 344.98 322.29 352.13 366.37 321.46 298.55 295.69 320.79 303.56 304.08 297.29 264.31 305.89 257.99 231.99 243.1 245.06 239.51 242.32 243.62 273.59 256.34 249.25 277.71 344.18 308.92 324.69 313.69 257.65 270.53 264.28 263.55 266.49 275.35 279.02 283.21 292.67 299.11 306.42 315.32 328.2 329.18 337.11 345.27
-9999 -9999 -9999 -9999 378.2903 411.69 425.96 460.75 485.2 493.89 518.36 516.02 508.3 513.68 499.48 504.32 507.35 496.06 486.72 464.17 452.23 434.85 408.48 396.67 391.61 392.13 397.19 371.73 397.77 372.85 370.22 336.64 351.26 358.77 325.77 309.38 332.88 356.9 310.17 330.84 307.2 310.78 270.77 263.79 241.11 257.06 248.98 247.64 269.5 284 268.43 277.14 290.05 266.9 300.81 317.77 297.81 251.97 241.85 251.47 288.71 271.69 268.18 270.83 273.69 271.59 281.77 284.1 292.09 307.7 313.94 315.23 316 323.35
-9999 -9999 -9999 368.7216 394.9 446.43 462.83 487.74 505.35 522.64 523.57 527.39 512.37 513.87 513.17 506.67 504.6 503.33 510.84 484.94 454.3 440.67 416.54 404.37 402.55 398.02 405.58 399.69 369.61 364.55 333.88 328.48 359.74 375.74 331.59 361.49 349.93 400.7 395.82 371.67 396.82 352.25 365.48 283.67 253.55 317.13 320.33 297.58 314.96 319.26 282.73 300.77 275.4 265.91 291.1 288.46 320.75 313.71 285.95 265.33 276.55 309.75 290.2 266.92 266.27 266.59 270.58 274.07 280.51 284.84 287.33 291.97 296.96 302.98
-9999 -9999 -9999 366.0235 424.0404 456.09 480.48 497.35 508.49 521.05 526.98 530.2 530.44 532.49 529.74 524.04 506.6 513.15 501.94 495.85 465.33 455.21 434.45 401.68 386.28 382.06 399.83 388.08 381.5 341.08 337.33 358.58 353.16 372.18 370.37 380.19 393.04 357.8 348.62 340.48 347.72 319.84 318.13 327.62 301.88 287.86 295.68 276.76 295.02 274.9 246.66 262.1 261.88 256.43 249.32 271.55 304.62 310.85 294.49 267.14 256.64 297.54 281.29 252.94 251.56 252.42 255.24 259.08 263.58 266.61 270.21 272.59 278.35 283.31
-9999 -9999 -9999 -9999 409.4483 475.78 488.13 490.58 518.06 507.11 501.86 542.79 562.86 535.8 528.11 517.9 494.62 488.22 484.36 479.37 475.52 445.93 418.86 396.84 379.1 379.74 384.63 396.78 363.17 350.24 373.96 405.07 426.1 414.1 371.07 366.81 350.41 356.95 383.22 354.23 361.01 352.07 310.56 275.25 305.56 267.49 256.19 247.05 262.16 236.62 231.43 248.21 235.71 248.67 237.44 261.39 262.77 262.99 260.02 239.21 232.72 235.83 237.95 236.44 238.67 238.83 245.31 242.99 247.68 249.53 257.05 258.21 261.08 264.51
-9999 -9999 -9999 -9999 414.15 435.3906 449.7879 462.2747 555.93 528.94 520.76 518.6 537.9 522.29 515.91 539.95 519.22 515.97 511.71 481.77 478.1 456.15 413.86 420.72 407.85 373.61 404.67 406.52 383.64 382.85 387.95 441.84 392.27 353.21 315.88 314.56 345.04 375.99 367.05 350.39 312.88 282.41 258.47 247.58 236.46 242.5 218.3 212.3 217.37 209.12 210.72 213.25 212.37 219.81 213.29 224.74 232.91 220.34 220.29 224.51 220.02 219.56 216.1 219.05 225.4 223.21 225.87 233.44 232.99 238.54 243.14 243.27 246.22 247.41
-9999 -9999 -9999 -9999 -9999 -9999 534.3587 506.15 534.31 512.62 543.63 566.16 553.64 585.85 568.36 556.32 553.78 530.65 529.37 521.64 471.32 431.42 447.05 439.64 410.28 400.28 423.57 449.35 444.7 416.32 384.2 393.8 340.99 305.75 299.29 286.22 300.44 300.67 287.42 283.69 288.25 275.03 249.26 227.42 215.49 213.72 196.63 190.88 195.41 187.31 196.84 191.62 195.58 194.84 199.64 205.35 205.87 204.92 202.39 206.68 202.13 204.4 204.03 211.47 214.31 215.17 215.17 218.54 218.91 224.33 231.37 230.02 225.45 233.38
-9999 -9999 -9999 -9999 -9999 456.0678 511.4681 -9999 -9999 559.85 565.39 605.26 619.55 624.71 622.23 572.96 555.27 552.66 542.38 531.21 469.75 431.79 435.18 412.59 370.76 395.58 431.15 417.45 423.75 434.28 381.25 344.05 309.3 280.23 267.24 265.91 258.59 254.09 260.78 271.87 251.64 233.29 223.46 208.18 199.94 193.5 177.44 175.16 175.64 176.14 179.46 177.15 185.21 180.6 188.53 191.76 190.66 191.21 187.7 190.73 189.49 187.3 190.75 197.26 199.32 203.1 204.42 206.42 208.78 212.9 212.84 210.23 208.83 211.79
-9999 -9999 -9999 -9999 -9999 -9999 -9999 482.5 523.1325 547.95 590.61 624.08 636.42 630.47 629.43 603.43 574.54 568.58 557.3 519.38 482.66 431.15 417.06 372.33 364.45 374.84 396.16 397.17 424.31 415.8 377.98 320.58 288.09 266.01 262.07 264.89 290.38 302.68 297.8 276.97 241.29 220.43 209.97 193.3 184.66 176.88 168.08 164.71 163.57 165.59 166.37 171.44 172.93 169.67 175.62 179.34 176.74 178.76 178.34 177.5 179.53 177.14 178.12 180.17 182.04 184.38 188.2 194.57 195.15 196.17 193.6 195.67 202.85 202.87
-9999 -9999 -9999 -9999 -9999 -9999 -9999 516.1458 557.0217 622.5843 592.85 634.35 656.62 662.19 629.31 583.16 546.1 516.02 491.81 474.88 453.22 430.93 402.52 385.94 400.37 391 373.87 362.33 403.05 371.25 343.04 313.7 292.74 313.69 341.16 320.48 339.62 334.56 284.97 250.65 226.83 208.73 199.59 184.42 176.64 169.6 163.32 158.07 156.96 157.46 159.91 163.25 162.86 160.95 164.81 168.73 165.94 164.64 165.29 166 165.93 166.8 168.89 169.48 171.27 173.19 178.03 180.58 180.01 180.09 183.01 187.51 190.82 191.82
-9999 -9999 -9999 -9999 -9999 -9999 -9999 -9999 -9999 631.5883 625.7205 651.7 654.14 666.74 635.7 563.25 488.79 482.72 443.06 416.06 409.85 474.01 476.35 437.02 419.83 448.47 435.99 356.11 336.35 379.14 379.54 336.07 371.55 369.81 342.01 389.84 382.52 338.29 279.71 251.24 226.47 204.7 189.12 178.65 171.26 164.2 158.69 153.04 153.08 152.73 152.91 154.14 153 153.12 155.71 158.08 156.7 155.11 151.46 153.5 154.91 156.65 157.37 158.9 161.21 165.33 168.43 168.66 167.44 167.54 171.48 178.13 183.01 193.92
-9999 -9999 -9999 -9999 -9999 -9999 -9999 -9999 584.6667 650.3939 -9999 678 664.82 645.77 656.02 578.37 473.29 462.28 471.71 418.77 420.38 467.93 465.89 499.84 498.49 485.63 497.62 402.53 376.23 397.49 428.55 427.39 425.86 408.29 370.55 326.72 329.78 346.34 299.84 249.65 216.87 198.84 184.9 173.75 165.97 159.88 154.06 148.8 149.56 150.72 147.44 146.77 145.72 145.91 147.43 148.81 148.34 147.43 137.28 131.61 136.14 145.57 148.98 151.26 154.58 159.95 159.1 157.85 158.47 161.7 166.41 172.11 178.87 191.54
-9999 -9999 -9999 -9999 -9999 -9999 -9999 -9999 -9999 632.3626 673.12 634.4 606.19 631.33 620.75 544.72 495.33 489.75 474.04 474.81 467.53 469.18 450.18 506.49 537.9 539.3 545.32 472.4 399.48 423.98 434.94 463.61 489.37 458.29 407.4 390.54 358.1 309.66 280.43 241.89 216.05 197.32 185.49 170.67 160.74 154.57 149.75 145.04 146.38 143.9 141.36 140.36 140.41 141.61 141.79 140.77 140.39 136.7 123.15 123.43 125.24 129.67 142.02 146.22 150 148.7 149.53 151.42 153.24 154.96 160.66 166.61 180.34 202.85
-9999 -9999 -9999 -9999 -9999 -9999 -9999 -9999 592.4286 694.11 601.22 607.52 571.14 605.02 517.93 543.4 561.75 587.33 550.17 537.15 517.52 476.35 474.34 483.47 506.57 526.3 498.03 448.11 415.11 442.72 458.24 476.5 453.24 377.59 338.02 324.46 306.58 278.49 249.57 223.13 208.25 191.54 178.59 167.81 156.26 150.8 144.54 141.67 139.89 137.13 136.83 136.18 137.41 138.54 136.79 136.09 134.46 128.45 118.66 118.27 123.92 129.2 138.77 141.15 140.22 142.89 144.12 145.82 148.64 152.9 158.69 166.84 165.22 169.7
-9999 -9999 -9999 -9999 -9999 -9999 -9999 658.7143 681 629.81 589.36 582.44 585.87 555.32 628.05 673.25 682.76 641.24 588.37 542.22 511.39 489.67 473.31 488.4 428.89 469.53 463.16 436.62 439.5 442.27 445.9 446.86 433.36 350.1 323.53 302.89 280.63 261.12 237.79 216.68 198.56 183.55 170.76 161.56 153.57 145.31 139.41 137.08 134.15 134.88 131.95 132.54 133.97 133.26 133.34 132.9 131.03 128.7 115.8 115.81 120.6 122.26 130.31 135.44 138.63 140.47 140.64 142.09 143.86 146.08 150.08 155.1 162.53 160.68
-9999 -9999 -9999 -9999 -9999 -9999 -9999 634.3 592.39 599.89 619.21 682.39 635.15 642.53 705.6 652.43 616.52 571.18 569.98 594.7 587.3 544.14 515.07 471.1 400.48 433.83 440.88 411.12 416.08 415.4 398.47 391.72 401.44 334.65 312.6 298.73 285.31 256.97 235.69 216.22 199.68 181.68 167.45 156.23 147.62 139.82 135.4 132.13 130.3 129.03 128.44 129.63 131.45 130.89 131.27 130.26 130.43 130.83 130.15 117.55 117.82 125.71 131.23 135.11 138.83 141.32 140.18 141.17 142.97 146.96 149.36 157.57 162.2 169.14
-9999 -9999 -9999 -9999 -9999 -9999 -9999 586.2727 604.2159 653.37 639.13 679.18 598.33 591.84 604.51 588.61 573.16 621.78 653.69 636.95 614.57 590.53 507.26 475.92 405.41 428.77 451.83 410.11 395.22 403.27 385.55 364.57 350.87 314.24 304.04 281.36 269.71 255.69 243.02 228.85 208.29 188.88 166.74 154.91 144.29 135.87 130.96 127.07 124.48 124.52 125.23 126.28 127.74 129.19 132.53 133.94 134.69 133.87 131.43 124.81 126.09 129.41 131.55 134.36 137.65 139.37 140.95 140.09 142.19 143.59 145.22 149.75 153.28 158.26
-9999 -9999 -9999 -9999 -9999 -9999 -9999 -9999 625.84 651.8 575.27 593.21 568.14 570.81 594.27 655.69 672.03 685.76 620.3 626.21 597.62 577.92 536.43 478.81 406.94 430.08 454.43 401.46 387.74 370.89 376 380.48 339.82 303.53 304.54 274.86 259.79 250.43 228.58 208.97 198.81 184.84 163.78 147.35 137.81 132 125.36 122.45 122.06 123.19 121.46 122.03 126.87 131 133.35 134.61 135.71 133.74 129.18 128 128.85 129.06 130.76 132.05 133.86 135.56 135.24 136.54 138.94 138.99 140.8 141.44 143.92 146.19
-9999 -9999 -9999 -9999 -9999 -9999 -9999 -9999 590.7222 579.5816 595.62 601.6 609.83 573.16 586.02 598.9 596.65 575.05 605.32 623.04 607.68 557.97 497.48 448.43 443.57 468.7 425.07 383.63 358.54 369.25 384.7 397.81 342.09 321.85 293.3 268.17 264.12 249.49 228.23 207.13 187.04 173.41 158.45 144.21 132.01 125.27 120.55 118.15 118.25 119.03 120.39 123.22 125.8 127.52 130.83 133.37 136.24 133.56 132.85 130.55 129.46 129.14 130.03 132.29 133.25 135.31 131.9 131.86 133.26 136.07 136.5 137.17 140.32 141.11
-9999 -9999 -9999 -9999 -9999 -9999 -9999 -9999 572.2105 588.09 583.67 565.91 531.61 528.91 530.53 569.12 575.78 639.53 636.98 604.49 552.28 528.95 483.95 453.87 509.24 445.96 398.44 358.65 342.43 360.11 378.77 371.87 349.55 311.44 286.73 265.86 254.67 239.25 224.32 204.34 187.6 169.16 151.39 137.44 127.77 119.7 116.45 117.59 117.06 117.95 118.51 118.94 120.99 124.61 128.4 132.01 131.55 131.18 130.48 129.22 128.63 129.08 129.14 127.94 128.43 132.07 130.46 134.05 134.77 135.31 135.7 137.64 138.81 139.66
-9999 -9999 -9999 -9999 -9999 -9999 -9999 -9999 -9999 574.49 554.51 547.45 540.84 570.64 542.38 541.22 595.73 583.97 559.95 549.2 514.63 558.88 535.74 549.96 508.08 429.61 377.35 350.32 351.32 361.77 360.72 339.75 322.83 289.47 273.75 259.12 251.38 239.6 216.06 197.93 179.89 168.04 149.89 134.97 123.21 113.78 111.16 112.88 113.13 113.12 113.64 115.21 116.88 120.06 122.13 123.4 125.37 126.43 125.74 128.52 128.12 129.97 131.26 130.72 130.95 132.61 136.26 138.18 138.48 138.84 143.09 143.25 145.32 141.39
-9999 -9999 -9999 -9999 -9999 -9999 -9999 -9999 -9999 553.79 559.56 549.29 558.01 536.25 537.75 551.59 579.82 574.74 492.08 546.64 600.35 594.09 575.53 532.07 482.22 455.72 425.75 361.43 359.25 384.26 396.79 332.22 303.18 282.35 270.18 256.33 248.54 234.35 209.71 197.75 181.62 162.9 148.5 133.12 120.43 113.25 110.67 111.82 110.48 109.16 110.01 112.7 113.51 115.61 117.58 120.84 121.97 122.6 124.25 126.31 127.13 127.94 128.8 131.04 132.12 133.66 135.68 141.88 148.98 150.61 149.34 141.73 142.24 144.63
-9999 -9999 -9999 -9999 -9999 -9999 -9999 -9999 -9999 545.7778 538.99 531.79 525.05 527.8 542.49 535.46 575.1 552.72 503.57 571.37 655.81 572.22 564.15 535.7 476.43 414.2 390.63 378.23 377.48 349.49 355.4 319.73 306.39 311.74 301.46 276.72 248.62 224.46 213.07 200.53 184.71 168.03 151.16 137.28 125.37 120.05 116.53 113.4 112.61 112.09 112.03 112.2 113.23 114.42 116.43 118.23 118.31 118.87 120.86 121.12 121.4 123.89 125.77 127.37 129.65 132.77 134.41 141.28 148.68 146.22 144.15 143.53 144.01 145.5
-9999 -9999 -9999 -9999 -9999 -9999 -9999 -9999 -9999 538.0886 541.8 532.13 549.47 565.74 546.22 521.83 523.55 495.67 582.43 625.48 554.52 531.93 551.36 489.88 501.69 428.81 447.92 426.73 358.05 338.29 335.29 308.3 314.94 316.27 292.37 262.69 235.87 228.42 215.8 199.6 184.61 170.32 156.76 144.91 134.79 128.11 122.04 117.15 113.25 110.22 112.75 111.71 111.54 113.08 113.45 113.88 114.84 115.19 116.2 117.58 118.13 121.56 124.02 128.09 130.71 133.2 135.29 139.05 144.55 141.87 144.68 149.69 159.78 166.53
-9999 -9999 -9999 -9999 -9999 -9999 -9999 -9999 -9999 527.9811 521.74 516.88 517.95 533.02 522.13 524.75 495.12 583.04 610.49 598.51 488.49 513.3 509.99 449.16 442.95 443.46 468.8 443.48 349.65 347.28 350.02 325.79 325.59 305.28 286.9 264.98 257.72 239.71 218.2 199.16 182.58 171.28 159.04 151.28 138.8 128.53 123.56 121.6 116.97 113.07 111.26 112.01 111.08 111.09 111.38 111.32 112.93 113.62 115.18 115.7 117.65 120.6 123.37 127.59 131.12 134.36 137.6 140.67 144.55 147.31 148.15 161.59 189.11 188.54
-9999 -9999 -9999 -9999 -9999 -9999 -9999 -9999 -9999 -9999 497.9247 487.58 494.52 514.61 522.95 506.56 520.86 539.14 527.35 538.5 493.62 505.55 493.53 470.82 469.3 437.07 409.49 386.57 340.64 365.71 355.81 324.76 309.26 301.67 297.68 277.33 258.92 242.11 225.36 205.95 185.83 169.73 157.34 144.25 133.12 126.22 121.95 120.65 117.62 114.52 112.12 111.92 111.1 110.98 109.94 109.38 110.12 110.54 113.28 115.3 115.92 119.39 123.67 127.41 132.69 138.67 143.81 147.02 150.24 156.6 171.85 187.22 183.27 166.32
