layers/wordclim/future/Iberia_wcB2a_10_hadcm3_2050/bio_15.asc
ncols         166
nrows         93
xllcorner     -9.4959440078468
yllcorner     36.000324005443
cellsize      0.083333337679505
NODATA_value  -9999
[rows 0 to 33 of 93, columns 0 to 76 of 166]
-9999 -9999 -9999 -9999 -9999 -9999 -9999 -9999 -9999 -9999 -9999 -9999 -9999 -9999 -9999 -9999 -9999 51.36585 51.16667 50.86567 50.34848 50.03409 49.92754 49.22727 -9999 -9999 -9999 -9999 -9999 -9999 -9999 -9999 -9999 -9999 -9999 -9999 -9999 -9999 -9999 -9999 -9999 -9999 -9999 -9999 -9999 -9999 -9999 -9999 -9999 -9999 -9999 -9999 -9999 -9999 -9999 -9999 -9999 -9999 -9999 -9999 -9999 -9999 -9999 -9999 -9999 -9999 -9999 -9999 -9999 -9999 -9999 -9999 -9999 -9999 -9999 -9999 -9999
-9999 -9999 -9999 -9999 -9999 -9999 -9999 -9999 -9999 -9999 -9999 -9999 -9999 -9999 -9999 -9999 52.12121 51.92632 51.64 51.19 50.97 50.71 50.23232 49.73 49.13 48.89691 -9999 -9999 -9999 -9999 -9999 -9999 -9999 -9999 -9999 -9999 -9999 -9999 -9999 -9999 -9999 -9999 -9999 37.84375 37.71154 -9999 -9999 -9999 -9999 -9999 -9999 -9999 -9999 -9999 -9999 -9999 -9999 -9999 -9999 -9999 -9999 -9999 -9999 -9999 -9999 -9999 -9999 -9999 -9999 -9999 -9999 -9999 -9999 -9999 -9999 -9999 -9999
-9999 -9999 -9999 -9999 -9999 -9999 -9999 -9999 -9999 -9999 -9999 -9999 -9999 -9999 53.01852 52.88421 52.66667 52.21 52 52.04 51.83 51.21 50.85 50.27 49.76 49.1 48.82105 48.22785 47.43662 46.83636 46.275 45.59524 44.80263 44.07792 43.16456 42.37879 41.60274 40.61111 39.89773 39.18557 38.6282 38.22619 38.29293 37.83 37.3 37.45454 37.63934 37.15 37 -9999 -9999 -9999 -9999 -9999 -9999 -9999 -9999 -9999 -9999 -9999 -9999 -9999 -9999 -9999 -9999 -9999 -9999 -9999 -9999 -9999 -9999 -9999 -9999 -9999 -9999 -9999 -9999
-9999 -9999 -9999 -9999 -9999 -9999 -9999 -9999 -9999 -9999 -9999 -9999 -9999 -9999 -9999 -9999 53.40404 53.16 52.94 52.38 52.4 51.97 51.34 50.77 50.42 49.79 49.17 48.81 47.89 47.22222 46.46 46.07 44.95 44.31 43.27 42.59 41.79 40.85 40.07 39.09 38.84848 37.94 37.36 37.24 37.05 36.89 36.62 36.68 37.4 37.16 36.81 36.88462 37.57692 38.05085 38.24 -9999 -9999 -9999 -9999 -9999 -9999 -9999 -9999 -9999 -9999 -9999 -9999 42.83562 -9999 43.23809 42.69792 43.09195 43.26087 -9999 -9999 -9999 -9999
-9999 -9999 -9999 -9999 -9999 -9999 -9999 -9999 -9999 -9999 -9999 -9999 -9999 -9999 54.14925 53.95833 53.92 53.85 53.76 53.26 52.98 52.61 52.01 51.47 50.97 50.68 50.01 49.29 48.7 47.99 47.23 46.45 45.84 45.01 44.03 42.89 42.18 41.52 40.31 39.65 38.84 38.43 37.91 37.08 37.18 36.83 36.58 36.63 36.75 36.9 37.12 37.24 37.46 37.06 37.14 37.17 37.05 37.98936 38.65432 39.43835 39.92208 40.52564 40.59722 40.6747 41.43877 41.84 42.03 42.32 42.15625 42.58 41.96 42 42.51191 41.9 41.91011 43.38889 -9999
-9999 -9999 -9999 -9999 -9999 -9999 55.96296 55.9 55.85135 -9999 55.83784 55.6506 55.38 55.09091 54.65 -9999 54.87 54.67 54.47 54.01 53.52 53.01 52.9 52.32 51.65 51.17 50.76 49.99 49.23 48.54 47.9 47.13 46.34 45.36 44.66 43.68 42.67 41.9 40.98 39.95 39.17 38.55 37.77 37.5 37.05 37.09 36.52 36.64 36.62 36.63 36.51 36.67 36.64 36.27 36.12 36.56 37.06 36.58 37.79 37.72 38.7 38.75 39.26 39.87 39.68 40.61 40.88 41.04 40.24 39.08 39.6 40.19 41.47 40.45 40.39 40.45 42.09
-9999 -9999 -9999 -9999 -9999 -9999 56.50685 56.7 56.65 56.65 56.7 56.68 56.51 56.33 55.88 55.58 55.73 55.42 55 54.9 54.19 53.84 53.43 53.08 52.41 51.99 51.29 50.67 49.96 49.4 48.53 47.85 47.21 46.49 45.25 44.28 43.67 42.96 42.1 41.41 40.59 39.42 39.64 38.28 37.51 37.66 37.67 37.18 37.05 36.95 36.85 36.65 36.57 35.63 35.07 35.29 35.02 34.93 36.66 36.07 36.62 37.32 37.97 37.19 38.2 39.36 39.02 39.02 38.85 36.59 35.22 37.48 39.18 39.47 39.1 40.41 41.39
-9999 -9999 -9999 -9999 57.11828 57.12 57.23 57.22 57.31 57.61 57.58 57.74 57.56 57.74 57.25 56.84 56.55 56.32 55.9 55.24 54.91 54.48 54.11 53.61 53.08 52.63 52.13 51.34 50.79 50.11 49.35 48.55 47.92 47.15 46.18 45.27 44.7 43.91 42.75 42.63 41.77 41.14 40.14 39.47 38.65 38.49 38.27 37.77 37.68 37.16 36.95 36.46 36.07 36.18 35.25 35.06 35.07 35.68 36.6 36.2 34.62 34.96 35.71 35.88 36.08 37.94 36.53 37.5 36.9 34.58 33.94 34.72 35.38 36.89 39.56 39.45 40.3
-9999 -9999 -9999 57.51546 57.54 57.9 58.11 58.15 58.36 58.41 58.54 58.63 58.34 58.24 58.26 57.84 57.45 56.95 56.67 56.03 55.64 55.21 54.77 54.28 53.77 53.26 52.77 52.06 51.38 50.91 50.31 49.54 48.6 47.75 46.87 46.21 45.47 44.77 43.91 43.28 42.75 42.02 41.25 40.53 39.77 39.61 39.21 38.76 38.14 37.89 37.25 36.93 36.6 36.06 35.77 35.05 34.89 34.65 34.53 34.76 34.28 33.61 33.73 34.61 34.99 35.37 35.1 35.24 35.21 35.21 35.94 35.75 35.83 35.75 36.19 35.27 35.8
-9999 -9999 -9999 58.12941 58.18182 58.38 58.66 58.94 59.03 59.21 59.34 59.68 59.51 59.38 59.09 58.86 58.25 57.74 57.23 57.01 56.43 55.87 55.44 54.94 54.44 53.82 53.46 52.96 52.32 51.57 50.8 50.37 49.65 48.6 47.87 46.84 45.94 45.62 44.79 44.05 43.36 42.66 42.12 41.12 40.65 40.04 39.51 39.16 38.49 38.08 37.71 37.06 36.64 36.27 35.95 35.31 34.97 34.38 34.21 34.19 34.29 33.54 33.72 34.84 35.11 34.97 34.95 34.86 35.24 35.37 36 36.44 36.05 35.63 35.21 34.67 34.32
-9999 -9999 -9999 -9999 58.7931 59.07 59.24 59.43 59.81 59.94 60 60.3 60.52 60.22 59.87 59.4 59.05 58.76 58.07 57.54 57.27 56.8 56.1 55.81 55.22 54.79 54.2 53.47 53.17 52.6 51.9 50.72 49.72 49.19 48.72 47.77 46.95 46.13 45.18 44.68 44.12 43.21 42.81 42.21 41.21 40.87 40.38 39.9 39.09 38.76 38.18 37.51 37.16 36.54 36.13 35.48 35.28 34.99 34.54 34.64 34.71 34.6 34.57 34.79 34.36 34.59 34.31 34.95 34.8 35.2 34.98 35.07 35.67 35.04 34.46 33.67 33.95
-9999 -9999 -9999 -9999 59.475 59.57813 59.95454 60.21978 60.57 60.8 60.92 60.96 60.95 60.83 60.58 60.15 59.48 59.24 58.89 58.44 57.8 57.37 56.93 56.46 56.17 55.53 54.87 54.38 53.9 53.16 52.59 51.07 50.99 50.47 49.99 49.14 47.78 46.72 45.98 45.18 44.83 44.19 43.6 43.2 42.58 41.84 41.7 41.33 40.35 39.75 38.86 38.18 37.5 36.94 36.69 36.21 35.8 35.61 35.14 34.87 34.8 34.87 34.74 34.87 34.48 34.7 34.74 33.97 34.35 34.17 33.24 34.05 33.93 35.17 35.09 34.2 32.71
-9999 -9999 -9999 -9999 -9999 -9999 60.67391 60.95 61.01 61.12 61.65 61.82 61.8 61.36 61.36 60.92 60.25 59.81 59.35 58.9 58.59 58.18 57.76 57.03 56.64 56.12 55.74 54.82 54.22 53.87 53.57 52.56 52.43 51.96 51.15 50.37 49.19 48.16 47.46 46.59 45.78 45.05 44.52 44.21 43.78 43.26 42.92 42.19 41.33 40.38 39.44 38.71 37.99 37.46 36.77 36.26 35.92 35.61 35.34 35.1 34.87 34.54 34.72 34.23 34.07 34.03 34.03 33.76 34.01 33.33 32.72 33.04 34.22 33.17 33.12 32.19 32.32
-9999 -9999 -9999 -9999 -9999 60.72881 60.97872 -9999 -9999 62.12 62.36 62.76 62.44 61.87 61.09 61.6 60.94 60.24 59.79 59.38 59.07 58.65 58.35 57.82 57.32 56.99 56.25 55.88 55.26 54.36 54.13 54.04 53.91 53.33 52.58 51.87 50.71 49.49 48.41 47.3 46.62 46.2 45.61 45.38 45.24 45.07 45 43.61 42.47 41.2 40.19 39.38 38.38 37.91 36.92 36.48 35.99 35.82 35.71 35.13 35 35.07 34.91 34.18 34.28 34.07 33.85 33.53 33.29 33.02 32.83 33.24 33.76 33.44 33.24 32.57 31.92
-9999 -9999 -9999 -9999 -9999 -9999 -9999 61.83333 62.14458 62.54 63.16 63.48 63.41 62.79 61.91 61.66 61.49 60.95 60.25 60.22 59.89 59.23 58.79 58.33 58 57.78 57.21 56.77 55.93 55.55 55.2 55.23 54.77 54.28 53.89 52.99 51.36 49.76 48.81 47.99 47.58 47.09 46.53 46.23 46.1 45.89 45.47 44.18 43.17 41.9 40.74 39.77 39 38.2 37.35 36.95 36.35 35.96 35.67 35.36 35.06 35.09 35.11 34.76 34.35 34.39 33.95 33.37 33.17 33.05 32.73 32.47 32.33 32.12 31.92 31.67 31.3
-9999 -9999 -9999 -9999 -9999 -9999 -9999 62.08333 62.92391 63.73034 63.76 64.19 63.65 62.56 62.71 62.59 62.3 61.76 61.15 60.78 60.22 59.82 59.33 59.02 58.95 58.38 57.89 57.62 56.97 56.75 56.26 56.09 55.68 54.7 53.05 52.34 51.08 50.07 49.85 49.33 48.68 47.72 47.21 46.75 46.43 46.27 45.76 44.49 43.52 42.18 41.08 40.28 39.62 38.71 37.83 37.3 36.88 36.22 35.83 35.75 35.51 35.15 34.99 34.8 34.74 34.48 33.87 33.51 33.28 33.1 32.23 31.73 31.36 31.38 31.11 31.08 31.02
-9999 -9999 -9999 -9999 -9999 -9999 -9999 -9999 -9999 64.27941 64.5914 65.13 64.87 63.16 62.89 63.05 62.49 62.24 61.55 60.86 60.53 60.4 59.95 59.76 59.41 59.23 58.68 58.53 58.03 57.33 56.9 56.68 55.22 54.36 54 51.78 50.76 50.49 50.47 50.02 49.32 48.71 47.77 47.34 46.81 46.27 45.38 44.56 43.39 42.32 41.47 40.53 39.66 39.16 38.2 37.5 36.92 36.5 36.28 36.06 35.61 35.28 35.13 35.09 34.95 34.34 34.01 33.62 33.09 32.81 31.59 31.34 31.01 30.63 30.55 30.42 29.62
-9999 -9999 -9999 -9999 -9999 -9999 -9999 -9999 63.5 64.62122 -9999 65.96 65.19 64.05 63.2 63.13 62.74 62.33 62.1 61.56 61.2 61.05 60.73 60.28 59.9 59.35 58.61 59.12 58.92 58.2 56.67 55.95 54.92 54.3 54.02 53.63 52.57 51.03 50.74 50.56 50.13 49.33 48.56 47.93 46.92 46.13 45.36 44.43 43.76 42.69 41.86 40.93 40.26 39.22 38.55 37.93 37.44 36.94 36.66 36.42 36.04 35.77 35.49 35.17 34.79 34.15 34.06 33.79 33.35 32.4 31.36 30.91 30.85 30.39 30.01 29.82 29.57
-9999 -9999 -9999 -9999 -9999 -9999 -9999 -9999 -9999 64.82417 66.31 65.57 65.37 64.49 63.76 63.68 63.16 62.94 62.66 62.34 61.92 61.61 61.4 60.87 59.89 59.24 58.73 59.25 59.63 58.57 57.47 55.81 54.33 53.84 53.87 53 52.42 52.34 51.64 51.16 50.39 49.75 48.83 47.76 46.99 46.26 45.6 44.69 43.66 42.69 41.82 40.86 40.31 39.7 38.86 38.07 37.61 37.05 36.88 36.75 36.39 36.19 35.94 35.51 34.89 35.01 34.3 33.93 33.17 32.46 32.02 31.25 30.67 30.03 29.94 29.65 29.28
-9999 -9999 -9999 -9999 -9999 -9999 -9999 -9999 64.42857 66.17 64.88 65.46 64.9 64.61 64.07 63.92 63.45 63.07 63.01 62.86 62.32 62.08 62.01 61.88 61.04 60.43 60.16 60.26 60.21 58.94 57.59 56.09 55.61 56.71 56.29 55.39 54.4 53.52 52.9 52.13 51.1 50.04 49.07 48.13 47.1 46.03 45.48 44.83 43.77 43.09 41.93 41.31 40.55 39.98 39.37 39.05 38.37 37.88 37.38 37.55 36.6 36.13 36.03 35.6 35.64 34.9 34.38 33.69 33.11 32.43 32.04 31.37 31.03 30.8 30.09 29.85 29.34
-9999 -9999 -9999 -9999 -9999 -9999 -9999 64.77778 65.68 65.38 65 65 64.97 64.63 64.1 63.48 62.98 63.19 63.25 63.17 62.96 62.85 62.84 62.47 62.1 61.7 61.38 61.33 60.59 59.69 58.62 57.67 56.89 57.88 57.57 56.54 55.48 54.84 53.67 52.52 51.61 50.45 49.45 48.33 47.26 46.58 45.68 44.8 44.08 43.28 42.42 41.36 40.83 40.42 39.99 39.41 39.47 38.4 37.91 37.7 37.2 37.04 36.43 35.67 35.4 34.85 34.73 34.13 33.31 32.74 32.34 31.76 31.26 31.05 30.33 30.02 29.69
-9999 -9999 -9999 -9999 -9999 -9999 -9999 65.06667 65.2 65.29 65.52 65.4 65.33 64.84 63.55 63.84 64.01 63.95 63.81 63.63 63.3 63.35 63.19 63.05 62.84 62.47 62.34 62 61.76 61.25 60.64 59.79 58.24 59.25 58.69 57.22 56.15 55.47 54.28 53.15 51.93 50.85 49.66 48.51 47.63 46.63 45.68 44.59 43.75 43.34 42.43 41.58 40.85 40.91 39.95 39.28 39.14 38.82 38.51 38.15 37.65 37.38 36.5 35.93 35.55 34.54 34.81 34.46 33.65 32.81 32.7 31.69 31.48 31.24 30.9 30.4 29.93
-9999 -9999 -9999 -9999 -9999 -9999 -9999 65.12122 65.53409 65.81 65.9 65.37 65.22 64.97 64.62 64.5 64.47 63.94 63.77 63.88 63.77 63.6 64.03 63.87 63.46 63.28 62.97 62.69 62.61 61.96 61.56 61.38 60.74 60.87 59.49 58.67 57.19 55.65 54.38 52.98 52.1 50.82 49.55 48.81 47.77 46.44 45.8 44.81 43.69 43.53 42.47 41.79 40.98 40.63 40.37 39.3 39.02 38.71 38.81 38.62 38.47 37.48 37.13 36.03 35.72 35.13 34.97 34.65 34.3 33.61 33.04 32.58 31.95 31.53 31.02 30.62 30.21
-9999 -9999 -9999 -9999 -9999 -9999 -9999 -9999 65.67 65.53 65.62 65.41 65.18 64.96 64.87 64.72 64.43 63.98 64.76 64.53 64.55 64.47 64.43 64.49 64.06 64.1 63.76 63.51 63.26 62.83 62.15 61.66 61.8 61.35 60.02 59.15 57.78 56.38 54.94 53.59 52.46 51.08 49.65 48.54 47.08 46.22 45.14 44.45 43.55 43.08 42.09 41.76 40.82 40.72 40.12 39.66 39.77 39.81 39.99 39.13 38.23 37.92 37.48 37.25 36.44 35.91 35.44 34.78 34.54 34.16 33.92 32.99 32.61 32.37 31.74 31.1 30.59
-9999 -9999 -9999 -9999 -9999 -9999 -9999 -9999 66.36667 66.06123 65.71 65.43 65.23 65.03 64.99 64.94 65.01 65.27 65.29 65.18 65.22 65.33 65.35 65.23 65.01 64.91 64.48 64.01 63.55 63.36 62.85 61.69 62.1 61.44 60.46 59.47 58.11 56.56 55.21 53.91 52.61 51.15 49.82 48.82 47.85 46.96 45.58 45.05 43.62 43.14 42.75 41.51 41.15 40.85 40.42 40.22 40.85 40.9 40.16 39.3 38.4 38.05 37.59 37.33 37.07 36.68 36.63 36.2 35.62 35.17 34.76 33.89 33.76 33.05 32.37 31.68 30.88
-9999 -9999 -9999 -9999 -9999 -9999 -9999 -9999 66.52631 65.97 65.68 65.36 64.95 64.84 64.95 65.09 65.47 65.74 65.83 65.96 66.25 66.17 66.16 66.05 65.52 65.62 65.02 64.41 63.99 63.91 63.37 62.77 62.16 61.58 60.79 59.52 58.37 57.03 55.5 54.12 52.85 51.45 49.83 48.41 48.56 47.2 45.85 45.02 43.51 42.8 42.16 41.9 41.55 41.02 41.15 40.64 40.88 40.2 39.9 39.77 39.18 38.41 37.93 37.91 37.44 37.33 37.29 36.54 36.01 35.64 35.44 34.65 34.35 33.66 33.2 32.69 31.69
-9999 -9999 -9999 -9999 -9999 -9999 -9999 -9999 -9999 65.78 65.29 65 65.01 65.05 64.9 65.16 65.93 66.11 66.38 66.66 66.81 66.49 66.84 66.4 66.46 66.33 65.49 64.92 64.62 64.44 63.81 63.16 62.53 61.76 60.85 59.88 58.51 57.15 55.47 54.07 52.85 51.64 49.93 48.99 48.5 46.94 46.15 45.14 43.78 42.64 42.6 42.24 41.56 41.19 40.69 40.94 40.71 40.02 40.33 39.04 38.11 38.3 37.97 37.8 37.87 37.67 36.85 36.62 36.09 35.81 35.24 34.89 34.87 34.22 33.98 33.48 32.7
-9999 -9999 -9999 -9999 -9999 -9999 -9999 -9999 -9999 65.42 65.07 64.98 64.93 64.77 64.9 65.42 66.11 66.43 65.96 67.19 67.18 67.14 67.21 67.5 67.45 66.96 66.31 65.74 65.07 64.78 63.9 63.57 62.73 61.92 60.87 60.07 58.52 57.15 56.01 54.23 52.98 51.87 50.33 49.46 48.25 46.85 46.16 45.01 43.77 42.3 42.33 41.91 41.46 41.84 41.08 40.32 40.02 40.01 39.9 39.51 39.1 38.5 38 37.99 38.01 38.03 37.49 36.54 35.67 35.24 35.33 35.2 35.07 34.61 34.15 33.42 33.08
-9999 -9999 -9999 -9999 -9999 -9999 -9999 -9999 -9999 65.10101 64.85 64.75 64.32 64.35 64.83 65.13 66.25 66.57 66.46 67.66 67 68.3 68.26 68.24 67.96 67.21 66.62 66.19 65.67 64.94 64.29 63.68 62.88 62.17 61.07 59.74 58.79 57.69 56 54.56 53.41 52.18 50.41 49.54 48.59 47.31 45.73 44.63 43.27 42.3 41.56 41.54 40.99 40.77 40.56 40.06 39.81 40.02 39.63 39.6 39.6 39.7 39.27 38.8 38.44 38.01 38.1 37.48 36.61 36.72 36.84 36.32 35.85 35.28 34.39 33.6 32.85
-9999 -9999 -9999 -9999 -9999 -9999 -9999 -9999 -9999 64.89874 64.4 64.1 64.33 64.8 64.9 65.07 65.61 65.92 67.5 67.94 68.77 69.56 68.91 69.05 68.48 67.85 67.33 66.76 65.81 65.09 64.53 63.84 63.19 62.17 61.08 59.98 58.8 57.76 56.58 54.98 53.97 52.54 51.2 49.84 48.55 47.08 46 44.37 43.68 42.52 41.32 40.06 40.41 40.16 40.37 40.3 40.07 40.02 39.49 39.53 39.46 39.82 39.66 38.85 39.1 39.21 38.48 38.24 37.89 37.43 37.16 36.28 35.29 34.25 33.77 33.2 32.71
-9999 -9999 -9999 -9999 -9999 -9999 -9999 -9999 -9999 64.16982 64 63.92 63.96 64.32 64.83 65.23 65.3 67.12 67.92 68.03 68.04 69.47 69.21 68.49 68.39 67.99 67.74 67.09 66.02 65.55 64.75 64.2 63.46 62.27 61.37 60.37 59.42 57.78 56.79 55.38 54.21 52.75 51.57 50.36 49.3 48.01 45.82 44.28 42.63 41.82 40.98 40.53 40.04 40 40.03 40.06 39.57 39.89 38.54 39.02 39.43 39.69 39.82 39.16 39.04 38.27 39.09 38.76 38.28 37.62 37.24 35.74 33.86 33.29 33.32 33.42 32.75
-9999 -9999 -9999 -9999 -9999 -9999 -9999 -9999 -9999 -9999 63.16129 63.47 63.69 64.22 64.73 65.02 65.63 66.78 67.12 67.69 68.04 68.82 68.92 68.67 68.81 68.15 67.48 66.97 66.1 65.96 65.3 64.33 63.53 62.25 61.66 60.52 59.78 58.37 57.08 55.61 54.41 53.36 52.26 50.95 49.97 48.62 47.14 44.57 42.43 42.01 41.22 40.42 40 39.99 39.61 39.67 39.25 39.09 38.99 39 38.94 39.39 39.56 39.27 39.59 38.98 38.53 38.84 38.41 37.35 35.85 34.63 34.48 35.15 34.36 34.69 33.97
-9999 -9999 -9999 -9999 -9999 -9999 -9999 -9999 -9999 -9999 63.19048 63.14 63.61 63.87 64.48 65.48 66.87 67.39 68.14 68.67 68.97 69.19 69.43 69.05 68.96 68.6 68.08 67.45 66.5 66.02 65.11 64.41 63.7 62.64 61.61 60.63 59.41 58.47 57.37 56.18 54.82 53.66 52.71 51.61 50.5 49.35 47.42 44.27 42.62 41.51 41.28 40.78 40.17 39.92 39.24 39.48 38.72 38.93 38.63 38.63 38.89 39.16 39.67 39.43 39.44 39.4 38.37 36.6 36.39 36.11 38.33 38.05 35.68 36.47 37.46 36.57 35.31
-9999 -9999 -9999 -9999 -9999 -9999 -9999 -9999 -9999 -9999 63.41861 63.71 63.95 64.41 64.94 65.62 66.63 67.64 68.09 68.72 68.99 69.06 69.13 69.07 68.97 68.63 68.14 67.5 66.84 66.16 65.55 64.72 63.89 62.74 61.75 60.69 59.43 58.54 57.58 56.35 55 53.66 52.88 51.96 51.04 49.97 47.76 44.26 42.45 41.97 41.04 40.84 40.67 40.29 39.9 38.92 38.97 38.16 38.52 38.19 38.47 38.67 39.24 40.13 39.65 38.85 36.45 36.05 37.71 39.34 40.13 40.4 38.85 38.7 39.24 38.61 37.85
