layers/wordclim/future/Iberia_wcB2a_10_hadcm3_2050/bio_12.asc
ncols         166
nrows         93
xllcorner     -9.4959440078468
yllcorner     36.000324005443
cellsize      0.083333337679505
NODATA_value  -9999
[rows 0 to 32 of 93, columns 73 to 145 of 166]
-9999 -9999 -9999 -9999 -9999 -9999 -9999 -9999 -9999 -9999 -9999 -9999 -9999 -9999 -9999 -9999 -9999 -9999 -9999 -9999 -9999 -9999 -9999 -9999 -9999 -9999 -9999 -9999 -9999 -9999 -9999 -9999 -9999 -9999 -9999 -9999 -9999 -9999 -9999 -9999 -9999 -9999 -9999 -9999 -9999 -9999 -9999 -9999 -9999 -9999 -9999 -9999 -9999 -9999 -9999 -9999 -9999 -9999 -9999 -9999 -9999 -9999 -9999 -9999 -9999 -9999 -9999 -9999 -9999 -9999 -9999 -9999 -9999
-9999 -9999 -9999 -9999 -9999 -9999 -9999 -9999 -9999 -9999 -9999 -9999 -9999 -9999 -9999 -9999 -9999 -9999 -9999 -9999 -9999 -9999 -9999 -9999 -9999 -9999 -9999 -9999 -9999 -9999 -9999 -9999 -9999 -9999 -9999 -9999 -9999 -9999 -9999 -9999 -9999 -9999 -9999 -9999 -9999 -9999 -9999 -9999 -9999 -9999 -9999 -9999 -9999 -9999 -9999 -9999 -9999 -9999 -9999 -9999 -9999 -9999 -9999 -9999 -9999 -9999 -9999 -9999 -9999 -9999 -9999 -9999 -9999
-9999 -9999 -9999 -9999 -9999 -9999 -9999 -9999 -9999 -9999 -9999 -9999 -9999 -9999 -9999 -9999 -9999 -9999 -9999 -9999 -9999 -9999 -9999 -9999 -9999 -9999 -9999 -9999 -9999 -9999 -9999 -9999 -9999 -9999 -9999 -9999 -9999 -9999 -9999 -9999 -9999 -9999 -9999 -9999 -9999 -9999 -9999 -9999 -9999 -9999 -9999 -9999 -9999 -9999 -9999 -9999 -9999 -9999 -9999 -9999 -9999 -9999 -9999 -9999 -9999 -9999 -9999 -9999 -9999 -9999 -9999 -9999 -9999
-9999 -9999 -9999 -9999 -9999 -9999 -9999 -9999 -9999 -9999 -9999 -9999 -9999 -9999 -9999 -9999 -9999 -9999 -9999 -9999 -9999 -9999 -9999 -9999 -9999 -9999 -9999 -9999 -9999 -9999 -9999 -9999 -9999 -9999 -9999 -9999 -9999 -9999 -9999 -9999 -9999 -9999 -9999 -9999 -9999 -9999 -9999 -9999 -9999 -9999 -9999 -9999 -9999 -9999 -9999 -9999 -9999 -9999 -9999 -9999 -9999 -9999 -9999 -9999 -9999 -9999 -9999 -9999 -9999 -9999 -9999 -9999 -9999
1050.54 1065.888 1069.944 -9999 -9999 1143.54 1154.44 1160.99 1158.907 1164.513 1162.364 -9999 -9999 -9999 -9999 -9999 -9999 -9999 -9999 -9999 -9999 -9999 -9999 -9999 -9999 -9999 -9999 -9999 -9999 -9999 -9999 -9999 -9999 -9999 -9999 -9999 -9999 -9999 -9999 -9999 -9999 -9999 -9999 -9999 -9999 -9999 -9999 -9999 -9999 -9999 -9999 -9999 -9999 -9999 -9999 -9999 -9999 -9999 -9999 -9999 -9999 -9999 -9999 -9999 -9999 -9999 -9999 -9999 -9999 -9999 -9999 -9999 -9999
1014.54 1033.07 1051.17 1063.47 1080.449 1103.455 1114.5 1112.74 1113.04 1121.77 1135.26 1140.111 1147.315 1148.683 1172.934 1180.098 1201.143 1193.625 1213.24 1236.94 1206.135 -9999 -9999 -9999 -9999 -9999 -9999 -9999 -9999 -9999 -9999 -9999 -9999 -9999 -9999 -9999 -9999 -9999 -9999 -9999 -9999 -9999 -9999 -9999 -9999 -9999 -9999 -9999 -9999 -9999 -9999 -9999 -9999 -9999 -9999 -9999 -9999 -9999 -9999 -9999 -9999 -9999 -9999 -9999 -9999 -9999 -9999 -9999 -9999 -9999 -9999 -9999 -9999
971.9 986.41 1000.95 1015.68 1029.66 1041.64 1055.79 1057.07 1062.88 1069.59 1082.76 1094.67 1110.12 1124.8 1162.5 1179.51 1180.97 1200.92 1205.18 1201.37 1178.9 1172.72 1166.6 1146.99 -9999 -9999 -9999 -9999 -9999 -9999 -9999 -9999 -9999 -9999 -9999 -9999 -9999 -9999 -9999 -9999 -9999 -9999 -9999 -9999 -9999 -9999 -9999 -9999 -9999 -9999 -9999 -9999 -9999 -9999 -9999 -9999 -9999 -9999 -9999 -9999 -9999 -9999 -9999 -9999 -9999 -9999 -9999 -9999 -9999 -9999 -9999 -9999 -9999
931.07 934.49 946.85 958.18 970.38 982.35 987.29 994.37 1002.81 1007.76 1016.97 1029.09 1048.97 1069.68 1091.04 1103.66 1120.41 1139.16 1138.91 1143.27 1134.14 1126.85 1112.56 1113.589 -9999 -9999 -9999 -9999 -9999 -9999 -9999 -9999 -9999 -9999 -9999 -9999 -9999 -9999 -9999 -9999 -9999 -9999 -9999 -9999 -9999 -9999 -9999 -9999 -9999 -9999 -9999 -9999 -9999 -9999 -9999 -9999 -9999 -9999 -9999 -9999 -9999 -9999 -9999 -9999 -9999 -9999 -9999 -9999 -9999 -9999 -9999 -9999 -9999
882.54 890.11 903.84 917.42 911.65 919.52 932.54 962.5 942.51 949.11 947.87 957 978.7 991.41 1007.29 1033.22 1061.27 1070.45 1077.53 1086.6 1089.28 1085.48 1080.2 1071.262 -9999 1054.988 1035.911 -9999 -9999 -9999 -9999 -9999 -9999 -9999 -9999 -9999 -9999 -9999 -9999 -9999 -9999 -9999 -9999 -9999 -9999 -9999 -9999 -9999 -9999 -9999 -9999 -9999 -9999 -9999 -9999 -9999 -9999 -9999 -9999 -9999 -9999 -9999 -9999 -9999 -9999 -9999 -9999 -9999 -9999 -9999 -9999 -9999 -9999
830.69 841.96 851.79 861.17 867.08 867.39 865.57 878.13 873.51 875.89 898.07 916.46 951.66 945.65 947.78 969.41 999.84 1011.18 1017.81 1030.23 1038.97 1038.6 1030.72 1023 1016.8 1007.1 996.26 992.25 998.1828 994.2623 1001.14 1065.31 -9999 -9999 -9999 -9999 -9999 -9999 -9999 -9999 -9999 -9999 -9999 -9999 -9999 -9999 -9999 -9999 -9999 -9999 -9999 -9999 -9999 -9999 -9999 -9999 -9999 -9999 -9999 -9999 -9999 -9999 -9999 -9999 -9999 -9999 -9999 -9999 -9999 -9999 -9999 -9999 -9999
783 798.94 810.02 807.2 817.27 825.82 822.77 807.59 799.8 803.78 812.01 824.05 838.23 882.49 894.26 912.82 933.53 966.1 959.18 966.1 980.43 984.38 980.22 973.59 962.93 957.98 965.58 934.65 949.09 942.01 963.26 1044.15 1065.776 -9999 -9999 -9999 -9999 -9999 -9999 -9999 -9999 -9999 -9999 -9999 -9999 -9999 -9999 -9999 -9999 -9999 -9999 -9999 -9999 -9999 -9999 -9999 -9999 -9999 -9999 -9999 -9999 -9999 -9999 -9999 -9999 -9999 -9999 -9999 -9999 -9999 -9999 -9999 -9999
731.12 734.1 745.42 769.7 742.24 757.11 743.25 745.13 757.98 768.51 790.81 791 831.61 848.29 845.93 854.5 898.36 896.41 900.97 902.15 920.4 932.04 927.3 914.82 900.06 897.99 888.9 876.49 872.62 863.12 902.67 947.72 989.7 1089.441 1062.716 1122.692 1075.057 1186.566 1244.045 -9999 -9999 -9999 -9999 -9999 -9999 -9999 -9999 -9999 -9999 960.27 1060.55 1172.359 1204.491 -9999 -9999 -9999 -9999 -9999 -9999 -9999 -9999 -9999 -9999 -9999 -9999 -9999 -9999 -9999 -9999 -9999 -9999 -9999 -9999
705.07 707.4 728.98 723.19 684.78 681.03 678.96 691.08 691.57 698.92 737.61 722.34 724.86 741.5 761.49 769.4 763.66 778.97 815.72 832.32 860.06 874.13 878.27 869.77 847.03 820.28 825.82 828.02 827.53 804.02 816.47 817.01 823.27 898.8 948.26 1127.46 1052.87 958.47 1162.98 1091.348 -9999 -9999 -9999 1105.458 -9999 1219.519 -9999 -9999 -9999 1037.122 993.25 1062.82 1124.12 1165.08 1089.146 1170.302 1161.485 -9999 -9999 -9999 -9999 -9999 -9999 -9999 -9999 -9999 -9999 -9999 -9999 -9999 -9999 -9999 -9999
640.12 648.07 655.75 665.76 656.66 645.15 632.31 655.36 688.19 702.08 673.8 671.63 676.08 669.18 638.23 665.72 699.33 706.17 725.39 751.73 790.5 805.8 822.76 818.87 795.98 767.53 773.97 779.4 750.17 733.69 712.52 740.44 762.66 765.65 781.99 855.86 884.82 833.89 948.86 899.6 1032.76 1093.59 1007.85 942.65 1102.08 1107.74 1206.73 1049.54 1280.11 1221.1 1169.48 1184.73 1195.2 1117.36 948.68 1052.4 1057.66 1199.381 -9999 -9999 -9999 -9999 -9999 -9999 -9999 -9999 -9999 -9999 -9999 -9999 -9999 -9999 -9999
623.82 622.02 625.54 622.45 602.36 589.46 582.06 566.44 561.27 554.5 540.19 541.57 543.84 539.72 545.01 579.12 604.92 633.08 653.38 678.13 713.03 734.28 754.58 740.5 716.7 708.65 700.85 717.71 720.55 736.2 696.19 670.59 706.1 695.97 729.8 708.78 697.51 788.14 865.58 814.6 854.87 830.03 751.36 828.01 1047.72 1019.22 938.71 1051.72 1106.67 1047.64 1074.28 1125.25 1219.02 1191.6 956.61 880.2 962.46 1102.89 -9999 -9999 -9999 -9999 -9999 -9999 -9999 -9999 -9999 -9999 -9999 -9999 -9999 -9999 -9999
594.93 603.3 592.08 584.21 577.71 560.66 556.55 540.35 516.77 511.52 483.92 453.14 438.94 442.26 475.95 515.15 543.61 571.65 603.27 618.67 644.96 651.28 676.75 681.16 671.85 692.19 697.8 698.59 691.89 713.26 709.04 657.77 657.68 645.48 665.52 641.87 641.58 719.45 772.76 796.78 703.07 709.82 647.39 766.42 850.92 862.75 878.07 951.51 914.92 888.63 962.95 1112.7 1084.26 1068.37 896.39 935.99 1005.21 1017.68 -9999 -9999 1171.111 1155.337 1080.663 892.0185 837.2059 -9999 -9999 -9999 -9999 -9999 -9999 -9999 -9999
606.78 604.97 590.11 618.3 620.74 584.59 564.42 513.41 516.57 567.97 507.43 476.93 451.62 459.05 459.42 477.21 495.17 522.08 552.16 563.31 579.09 590.3 599.75 604.92 603.24 611.74 637.77 640.66 650.63 660.14 658.6 622.51 600.89 640.21 636.39 638.66 664.88 668.32 702.59 736.16 742.45 663.44 606.97 616.8 671.55 747.78 807.44 873.2 904.76 863.44 871.59 886.01 861.7 884.26 835.04 995.17 917.29 788.27 742.6 839.12 873.05 844.51 820.13 832.32 923.9589 -9999 1102.988 1102.67 986.54 910.7529 -9999 -9999 -9999
600.44 640.08 653.42 671.1 623.88 684.26 623.8 541.96 598 637.85 581.96 591.3 610.19 552.58 577.22 493.81 471.57 483.8 502.14 518.93 529.1 546.76 558.68 557.59 558.56 558.87 566 571.6 575.94 575.35 580.73 543.42 534.48 556.12 612.67 664.84 673.79 691.35 760.82 718.76 697.65 652.78 581.75 569.48 675.17 657.05 757.66 728.85 812.78 766.64 815.42 863.23 762.42 742.68 894.19 923.39 845.78 689.64 798.45 923.69 989.89 991.5 904.45 922.47 942.51 905.85 849.27 887.34 880.18 796.76 765.38 763.05 763.83
637.73 667.07 722.83 724.99 712.74 734.31 645.97 618.44 643.75 578.85 625.61 584.95 643.61 568.2 549.82 501.86 474.65 483.48 471.87 476.19 485.23 502.36 505.89 507.34 513.94 512.68 510.88 504.18 508.56 513.29 513.13 490.02 473.77 466.82 461.46 468.86 483.67 521.33 515.47 525.46 580.27 578.93 591.54 543.73 606.72 569.98 624.21 690.15 730.44 682.75 767.71 700.96 645.05 776.05 897.42 814.81 701.71 725.1 864.67 933.11 939.43 899.85 861.9 743.26 808.39 781.85 748.82 730.02 777.3 773.88 727.15 729.53 693.7
536.17 573.93 591.37 605.29 635.87 600.46 623.57 688.17 657.23 630.23 666.55 694.38 651.73 600.33 595.95 551.75 520.96 515.55 459.87 453.77 462.65 462.75 467 478.18 483.78 470.24 463.22 458.36 455.18 456.8 453.75 440.67 431.23 430.54 426.03 414.96 411.93 424.5 434.9 443.49 469.72 478.23 498.51 485.49 546.72 558.71 635.71 650.07 677.15 631.6 704.03 592.63 606.6 630.6 753.94 771.26 673.66 742.23 803.24 833.75 746.37 780.91 854.74 669.53 691.65 694.36 717 698.94 780.14 802.15 758.13 778.82 744.53
508.8 516.14 557.71 651.83 684.56 695.51 742.3 718.79 727.38 727.32 718.04 668.32 617.96 636.2 597.85 562.01 491.96 455.35 448.72 444.82 433.41 432.57 434.4 442.16 459.38 453.05 427.17 431.43 445.3 445.98 429.5 406.57 406.27 396.71 397.97 388.91 385.47 394.01 404.35 411.85 427.95 433.26 437.43 442.34 552.85 590.92 613.1 577.58 615 682.8 705.33 606.34 726.13 697.4 673.23 623.28 579.83 617.33 646.58 658.86 677.15 689.88 647.3 596.59 624.77 636.89 674.01 679.09 689.44 753.69 795.16 774.1 747.08
535.38 502.78 518.49 539.04 555.1 594.37 663.1 636.35 685.56 636.35 633.99 598.55 631.23 638.63 598.65 550.84 490.92 470.63 460.05 458.81 422.38 420.1 411.31 402.95 403.07 401.24 397.91 404.06 421.43 442.03 413.34 380.33 380.03 386.6 380.68 370.23 368.43 376.43 384.98 390.59 407.35 405.53 410.49 419.46 453.43 495.85 549.53 558.17 551.84 619.44 583.39 572.28 649.79 563.09 547.21 559.84 576.84 609.2 652.18 628.78 601.42 601.42 605.33 577.56 600.14 605.86 648.25 658.62 672.88 729.77 768.48 779.22 725.53
503.59 514.81 515.69 527.89 544.85 553.79 556.57 546.8 544.23 541.07 551.75 536.9 539.48 569.7 581.42 547.54 518.73 517.98 484.19 450.14 430.84 434.58 413.21 387.61 379.73 371.17 370.75 391.64 400.87 394.98 378.12 360.15 363.88 373.59 383.23 362.4 357.6 357.1 363.74 374.07 398.94 391.34 383.25 399.67 415.11 434.41 452.69 465.02 500.6 523.08 519.4 500.84 513.62 502.18 531.74 530.8 545.25 586.31 617.85 637.8 601.97 564.15 571.25 551.57 570.32 605.04 679.45 662.94 684.95 735.1 773.98 774.55 740.28
466.27 475.69 495.57 505.67 510.92 527.27 532.88 534.51 540.1 542.4 519.5 513.8 520.86 534.38 539.19 530.59 529.6 529.97 642.48 589.91 451.29 423.06 397.27 381.96 368.92 356.27 346.79 343.76 349.08 355.48 344.57 339.09 349.41 357.7 380 371.33 355.36 352.83 353.61 362.86 371.13 369.25 370.45 389.97 385.28 387.99 395.49 418.6 419.65 431.5 432.1 446.98 468.36 487.06 500.05 528.08 548.67 563.65 581.27 616.84 621.89 583.66 537.45 532.87 554.65 608.73 657.96 676.28 716.6 786.01 788.69 725.05 697.01
450.35 459.01 466.93 476.7 480.76 494.42 489.78 503.69 524.01 517.23 511.85 503.05 491.48 496.17 502.11 498.23 514.81 548.31 568.84 595.59 530.39 454 424.43 381.76 360.94 349.38 335.91 327.36 318.69 319.77 324.09 325.6 340.1 351.27 367.52 381.15 379.42 365.41 352.81 352.94 355.78 358.37 359.4 370.1 367.98 370.58 393.55 410.37 389.32 394.91 409.46 429.33 447.56 466.97 491.23 519.22 551.26 589.54 610.26 606.27 600.27 574.42 530.34 531.47 588.66 621.77 643.12 640.6 662.75 691.37 681.45 675.85 676.71
444.42 445.59 447.41 463.01 457.34 466.16 470.73 475.5 474.33 482.36 495.15 492.58 470.81 472.52 482.76 484.02 493.83 503.68 509.8 481.91 454.29 409.36 403.07 382.49 345.12 332.19 336.04 341.77 323.52 313.58 313.59 311.87 320.17 329.87 332.3 340.44 363.83 378.53 371.05 371 387.13 373.75 364.76 359.93 358.36 370.23 376.21 372.77 367.64 385.51 407.04 431.55 452.63 471.09 498.34 539.22 571.51 597.39 595.09 571.38 572.11 580.27 586.45 538.63 607.45 601.02 581.62 569.49 590.05 625.98 668.86 672.6667 665.5921
449.45 441.7 440.7 439.34 440.55 453.61 452.51 448.26 462.26 469.76 475.95 467.32 478.67 487.73 474.7 465.82 482.07 467.59 462.06 449.8 450.51 387.87 363.2 355.53 329.09 322.51 332.25 352.26 331.71 330.16 327.5 317.52 314.38 312.89 317.94 326.12 335.84 349.18 361.97 360.41 365.29 371.88 369.86 377.27 364.3 361.75 358.82 360.72 375.43 397.42 419.28 439.82 468.53 501.01 539.54 581.76 610.49 610.07 603.1 571.13 556.07 563.01 558.09 531.71 544.85 546.04 534.41 540.33 582.38 607.1702 -9999 -9999 -9999
459.79 454.46 462.55 457.52 453.44 452.68 450.57 456.2 457.38 451.7 450.04 460.16 478.69 478.27 441.43 442.36 441.89 439.48 422.13 399.86 407.98 414.24 349.73 343.68 327.84 324.13 331.81 332.92 334.4 351.52 344.2 331.52 320.97 314.7 310.69 316.6 330.79 345.08 354.86 358.95 363.51 362.38 363.92 371.98 386.14 353.85 364.45 380.85 402.88 434.93 469.1 489.85 504.79 538.43 548.67 550.85 584.41 596.85 619.96 610.39 580.26 545.72 537.04 539.82 532.33 535.2 547.91 547.0745 -9999 -9999 -9999 -9999 -9999
460.63 477.21 487.87 493.23 501.39 500.14 476.33 467.43 479.19 478.74 470.25 460.46 460.21 440.88 413.41 415.17 420.52 411.82 409.22 370.86 372.09 350.55 387.83 395.22 388.19 348.24 335.76 345.96 343.03 362.91 341.25 321.04 317.28 311.53 314.28 315.13 325.56 343.32 352.9 359.72 367.03 367.31 359.62 375.99 374.04 382.89 402.2 424.09 453.66 488.26 516.29 539.74 571.35 564.94 551.3 524.96 545.25 556.21 604.13 582.83 547.53 545.82 562.82 598.47 564.84 545.22 551.4362 -9999 -9999 -9999 -9999 -9999 -9999
528.76 527.63 533.15 528.98 523.49 503.68 490.84 483.09 477.08 481.56 478.16 477.87 456.84 418.94 403.27 392.35 385.73 375.93 378.85 369.51 358.4 352.06 374.14 400.74 402.31 384.99 358.81 363.03 364.64 362.4 348.21 330.63 324.61 321.02 320.71 322.77 321.23 328.98 334.28 341.69 344.6 351.84 365.55 387.21 395.43 399.76 410.77 404.53 433.95 484.59 552.27 581.72 612.25 639.53 575.13 508.5 514.44 529.88 549.43 534.72 533.37 551.74 550.93 589.4898 574.0741 551.897 -9999 -9999 -9999 -9999 -9999 -9999 -9999
599.55 568.03 544.18 558.84 525.14 475.15 474.7 459.18 450.64 483.02 481.19 478.76 454.45 427.83 412.57 416.79 424.29 414.75 394.83 378.27 396.28 388.34 372.76 390.25 395.36 393.19 395.94 391.32 375.42 364.07 350.43 346.27 339.87 329.64 325.37 327.5 331.81 338.57 343.46 347.14 355.46 366.67 384.52 384.91 393.24 405.36 429.29 399.62 434.17 483.54 493.07 530.34 558.29 534.63 519.81 499.99 510.17 517.07 525.8878 515.8608 528.1212 -9999 -9999 -9999 -9999 -9999 -9999 -9999 -9999 -9999 -9999 -9999 -9999
527.23 554.6 510.69 519.36 498.31 477.05 466.31 446.94 443.6 471.62 478.1 476.83 481.34 485.29 489.93 484.09 462.36 443.76 433.4 416.31 423.76 425.57 410.11 373.11 386.4 392.96 410.1 411.04 390.32 375.84 365.17 370.88 386.21 358.73 341.29 347.31 349.69 354.4 360.9 378.84 376.34 388.61 403.96 406.95 431.57 454.44 480.09 454.9 444.76 460.36 506.5 551.94 513.67 501.9 499.01 497.4445 -9999 -9999 -9999 -9999 -9999 -9999 -9999 -9999 -9999 -9999 -9999 -9999 -9999 -9999 -9999 -9999 -9999
504.75 467.01 475.6 489.18 443.97 438.12 439.85 437.15 453.16 464.12 476.87 482.33 479.77 497.45 509.99 496.95 469.81 487.2 469.89 449.36 430.59 422.8 425.5 425.35 373.63 402.12 422.57 467.97 434.67 392.79 379.07 375.53 374.91 367.8 366.78 377.08 372.96 373.27 374.64 384.35 404.46 425.26 428.83 439.59 460.96 469.76 481.64 472.15 453.28 513.19 551.32 540.35 497.6056 -9999 -9999 -9999 -9999 -9999 -9999 -9999 -9999 -9999 -9999 -9999 -9999 -9999 -9999 -9999 -9999 -9999 -9999 -9999 -9999
