layers/wordclim/future/Iberia_wcB2a_10_hadcm3_2050/bio_02.asc
ncols         166
nrows         93
xllcorner     -9.4959440078468
yllcorner     36.000324005443
cellsize      0.083333337679505
NODATA_value  -9999
[rows 33 to 65 of 93, columns 0 to 73 of 166]
-9999 -9999 -9999 -9999 -9999 -9999 -9999 -9999 -9999 -9999 86.65116 90.68 93.61 96.02 98.29 100.14 99.72 94.72 91.84 94.87 95.76 95.58 100.93 106.03 101.68 99.51 104.38 109.41 111.16 109.51 110.3 111.86 111.03 111.66 112.99 114.6 115.29 116.52 117.98 119.8 121.13 122.6 124.42 126.13 127.5 128.82 129.87 129.78 129.48 128.82 128.03 127.63 126.79 126 125.15 124.05 123.19 121.97 120.56 119.32 117.86 116.48 115.04 113.56 112.84 113.38 116.97 117.81 116.1 114.91 114.74 114.71 115.8 116.15
-9999 -9999 -9999 -9999 -9999 -9999 -9999 -9999 -9999 -9999 84.94898 89.19 92.85 94.58 91.9 93.64 96.59 101.38 102.07 101.52 98.17 97.13 97.72 100.38 98.95 97.95 102.64 107.97 108.88 106.87 106.45 108.77 110.51 110.28 111.47 113.02 114.47 116.14 117.94 119.41 121.14 122.46 124.17 125.57 126.8 128.01 128.42 128.75 129.05 128.32 127.94 127.12 126.43 125.55 124.81 123.82 123.01 121.55 120.27 118.83 117.54 116.29 114.99 113.79 113.75 115 118.26 115.79 117.29 116.47 114.77 114.27 113.78 114.35
-9999 -9999 -9999 -9999 -9999 -9999 -9999 -9999 -9999 -9999 83.24719 88.02 92.55 92.82 96.15 96.05 98.44 103.21 103.44 102.02 100.39 100.11 100.36 99.21 99.32 97.19 101.69 105.27 104.91 106.87 105.75 105.97 108.15 109.74 110.65 111.86 113.47 115.41 117.12 118.77 120.29 121.64 123.12 124.29 125.42 126.14 127.18 128.18 128.01 127.97 127.52 126.69 125.75 125.06 124.18 123.44 122.33 121.07 120.15 118.96 117.61 116.68 115.79 115.78 118.09 118.35 119.15 118.09 115.2 113.97 113.98 114.01 114.37 115
-9999 -9999 -9999 -9999 -9999 -9999 -9999 -9999 -9999 77.37838 82.22826 87.35 92.42 95.68 96.44 99.09 98.83 102.15 101.57 101.18 102.75 103.4 102.94 101.14 100.72 101.54 102.5 102.33 101.28 102.67 104.07 104.08 106.37 108.25 110.37 110.63 112.33 114.68 116.08 117.62 119.33 120.79 121.97 122.91 123.96 125.81 126.99 127.39 127.5 126.98 126.46 125.86 124.79 124 123.24 122.5 121.82 121.06 119.88 119.02 118.83 118.06 118.05 117.61 116.64 114.87 114.69 114.1 113.88 114.45 114.06 114.42 114.87 114.89
-9999 -9999 -9999 -9999 -9999 -9999 -9999 -9999 -9999 77.44595 82.64948 87.81 92.53 96.16 97.59 95.1 94.37 101.82 103.38 103.71 103.54 102.51 100.9 102.05 103.58 102.12 100.48 93.97 96.87 99.71 100.68 102.61 104.79 107.77 109.89 111.4 112.17 113.45 115.06 116.33 117.89 119.07 120.87 122.72 124.01 125.15 126.06 126.26 126.29 125.72 124.97 124.47 123.32 122.98 122.76 122.31 121.97 121.13 120.04 119.62 119.29 119.07 118.31 118.48 115.99 114.69 115.02 114.51 113.54 113.79 114.25 115.33 116.1 116.23
-9999 -9999 -9999 -9999 -9999 -9999 -9999 -9999 -9999 79.6 84.38 89.17 93.76 97.58 97.55 93.19 102.52 103.87 104.44 103.75 103.82 103.81 103.61 100.7 90.15 86.99 90.5 91.8 94.6 97.32 99.86 100.57 103.93 107.07 108.68 110.66 112.22 111.87 112.72 112.65 116.59 118.29 120.65 122.63 122.99 123.88 125.13 125.2 125.02 124.99 124.86 123.56 122.47 123.27 123.23 122.65 122.07 121.53 120.93 120.03 119.21 118.09 117.5 117.35 115.95 115.27 114.82 113.99 113.87 114 114.76 116.34 118.27 118.44
-9999 -9999 -9999 -9999 -9999 -9999 -9999 -9999 79.01613 82.25 87.03 91.76 95.9 99.07 100.08 102.07 103.88 104.72 104.54 104.72 103.2 101.71 91.26 79.48 82.86 87.73 93.24 90.86 94.48 97.57 98.65 99.64 103.6 105.67 106.46 108.56 110.55 111.54 113.08 115.03 117.06 120.44 121.67 122.38 123.4 123.03 123.62 124.74 125.13 124.7 123 121.74 121.96 122.26 122.04 122.26 122.54 122.17 121.43 120.51 119.56 118.81 117.95 117.34 116.77 116.01 115.21 114.79 114.22 114.22 115.01 116.56 120.12 120.21
-9999 -9999 -9999 -9999 -9999 -9999 -9999 -9999 80.48351 84.78 89.66 94.57 98.56 100.73 103.05 104.96 105.19 105 104.21 102.34 100.64 90.09 76.52 79.47 92.19 98.84 99.45 94.73 93.7 95.94 96.41 98.69 100.82 103.25 105.68 107.34 107.76 110.97 113.35 117.36 119.36 120.28 120.49 121.89 121.02 118.85 120.64 123.82 124.02 122.01 121.77 122.01 122.2 122.92 122.85 122.87 122.89 122.18 121.79 121.15 120.3 119.84 119.02 118.15 117.43 116.71 116.21 115.77 115.48 115.28 115.84 117.76 119.82 120.9
-9999 -9999 -9999 -9999 -9999 -9999 -9999 -9999 82.02 86.78 91.92 96.79 101.04 102.67 104.29 105.99 105.39 104.79 103.67 100.04 97.09 91.07 81.26 82.24 98.39 101.08 99.33 98.54 95.69 93.87 94.79 95.79 99.29 102.37 103.75 107.53 110.59 113.9 115.7 117.55 119.52 119.87 120.54 121.16 117.84 117.17 120.58 122.21 121.68 121.04 120.39 121.27 122.2 123.81 123.41 123.12 123.52 123.24 122.62 121.86 121.25 120.4 119.73 119.15 118.5 117.88 117.35 117.07 116.88 116.58 117.27 118.57 120.13 121.37
-9999 -9999 -9999 -9999 -9999 -9999 -9999 79.9726 83.33 87.5 92.55 97.42 102.39 104.64 105.55 105.25 104.61 102.28 96.43 90.06 87.65 95.14 98.14 99.03 99.89 99.68 101.03 100.64 99.73 98.9 103.32 105.35 101.44 106.65 110 111.97 113.77 114.46 116.72 118.43 119.46 120.63 119.7 117.94 120.97 120.11 117.8 119.01 120.45 124.07 123.2 124.09 125.62 125.56 124.84 124.94 124.54 123.91 123.21 122.75 122.03 121.36 120.77 120.18 119.6 119.17 118.61 118.43 118.18 118.23 118.81 119.84 121.16 121.98
-9999 -9999 -9999 -9999 -9999 -9999 -9999 -9999 83.65909 88.13 93 97.69 102.36 104.57 105.33 100.29 96.69 94.55 94.2 91.23 93.48 98.05 96.89 96.02 97.49 99.94 103.08 103.16 103.21 104.84 107 107.53 107.56 110.26 112.63 113.34 114.03 115.18 116.82 118.11 119.23 119.88 119.26 120.74 120.32 122.56 123.54 124.36 125.58 126 126.02 126 126 125.99 125.56 125.1 124.83 124.37 123.99 123.43 122.97 122.4 121.79 121.3 120.73 120.23 119.85 119.78 119.68 120.21 120.58 121.25 122.36 123.22
-9999 -9999 -9999 -9999 -9999 -9999 -9999 80.33334 83.93 88.27 92.44 95.92 99.29 101.91 95.03 90.83 94.45 97.08 96.92 98.04 99.65 94.41 97.61 94.9 100.8 103.05 103.58 104.15 103.68 104.04 105.42 108.88 110.4 112.46 113.03 113.47 114.91 116.44 117.89 118.61 119.53 119.8 120.7 121.49 122.66 123.84 124.83 125.09 126 126 126.03 126 126.13 126 125.95 125.6 125.19 124.96 124.63 124.22 123.82 123.37 122.96 122.4 121.83 121.64 121.43 121.28 121.32 121.56 122.05 122.57 123.19 123.73
-9999 -9999 -9999 -9999 -9999 -9999 -9999 79.67 83.48 87.69 91.74 93.7 97.52 98.89 95.74 97.32 99.59 98.69 95.83 95.41 95.07 97.45 102.15 101.4 102.06 103.8 104.38 105.46 105.75 106.81 108.06 109.53 109.78 111.86 113.28 114.15 115.58 116.72 117.57 117.99 119.16 120.06 121.36 122.37 123.27 124.01 124.99 125.07 126 126.1 126.31 126.5 126.7 126.27 126.14 126.01 126.07 125.82 125.64 125.26 124.71 124.31 124.04 123.57 123.2 122.75 122.76 122.5 122.75 123.28 123.96 124.36 125.07 125.65
-9999 -9999 -9999 -9999 -9999 -9999 75.71429 79.2 82.89 86.93 90.6 93.26 96.27 97.35 98.33 99.68 98.4 95.84 94.62 91.89 97.38 101.3 102.73 102.29 102.64 103.97 106.55 107.11 107.83 107.32 108.68 110.21 111.2 111.97 113.3 114.24 115.15 116.26 116.33 117.08 118.95 120.59 121.53 122.8 123.19 124.01 125 125.46 126.01 126.09 126.95 126.98 126.92 126.84 126.97 126.95 126.84 126.61 126.42 126.2 125.86 125.53 125.21 124.86 124.44 124.33 124.31 124.36 124.59 124.97 125.31 125.87 126.35 126.65
-9999 -9999 -9999 -9999 -9999 -9999 74.55102 78.42 82.03 85.77 88.67 92.05 94.95 95.96 98.09 98.78 99.48 98.77 96.03 95.72 99.89 101.9 102.14 102.02 104.16 106.49 106.7 107.61 107.25 108.8 109.63 110.48 111.54 112.75 113.75 114.12 114.8 115.27 116.7 118.1 119.46 120.73 121.29 122.26 123.32 124.48 125 125.55 126.01 126.8 126.97 127.07 127.05 127.29 127.38 127.37 127.58 127.52 127.35 127.34 126.99 126.67 126.54 126.54 126.43 126.37 126.56 126.33 126.44 126.58 126.79 126.89 127.36 127.65
-9999 -9999 -9999 -9999 -9999 71.39286 74.09 77.86 81.3 84.67 87.48 91.19 93.86 95.39 96.4 98.02 98.26 98.81 98.48 100.15 101.9 101.8 103.03 104.09 104.73 105.01 105.81 107.54 107.8 109.38 110.81 111.59 111.73 112.41 113.42 115 115.93 116.33 117.13 117.85 119.09 120.38 121.16 122.23 123.02 123.98 124.94 125.23 126.17 126.86 127.07 127.57 127.92 127.92 128.17 128.29 128.25 128.4 128.42 128.34 128.23 128.06 128.07 128.22 128.08 128.12 128.04 128.32 128.27 128.29 128.45 128.44 128.57 128.89
-9999 -9999 -9999 -9999 -9999 70.40244 73.61 77.36 80.32 83.31 86.76 90.04 92.64 94.77 96 97.52 97.9 97.78 98.45 100.52 102 103.04 103.98 103.88 104.37 105.39 106.68 106.55 108.75 110.27 110.66 111.35 111.96 112.4 113.21 114.76 115.37 116.51 117.32 118.4 119.44 120.66 121.52 122.63 123.59 124.4 124.93 125.37 126.38 126.49 127.55 127.85 128.21 128.72 128.62 128.96 128.99 129.08 129.23 129.31 129.13 129.3 129.46 129.51 129.52 129.48 129.91 129.96 130.05 130.05 129.78 129.87 129.96 130.06
-9999 -9999 -9999 -9999 -9999 69.69697 73.01 76.81 79.91 82.82 85.48 89.44 91.81 93.91 95.58 96.68 98.15 98.57 99.47 100.36 101.81 102.01 102.41 102.63 104.29 104.8 106.03 105.77 107.79 110.39 112.15 112.93 113.12 113.99 114.49 115.15 115.4 116.69 117.18 118.44 119.82 120.93 121.77 122.84 123.66 124.62 125.34 126 126.12 126.68 127.2 128.21 128.65 129 129.1 129.27 129.47 129.8 130.03 130.31 130.26 130.46 130.57 130.84 130.94 131.14 131.22 131.47 131.48 131.4 131.14 131.18 131.13 131.04
-9999 -9999 -9999 62.40476 65.32 69.51 73.32 76.78 79.96 82.89 85.99 88.92 91.27 93.39 95.25 96.99 98.58 99.44 99.68 100.28 100.43 101.1 101.5 101.66 101.66 103.43 104.97 106.78 107.42 109.73 112.33 113.65 114.77 115.55 115.95 116.19 116.23 116.15 117.44 118.4 120.19 121.05 122.09 123.17 123.96 124.68 125.4 126.07 126.45 126.74 128.15 128.88 129.18 129.49 129.87 129.99 130.37 130.67 130.91 131.25 131.51 131.78 131.8 132.09 132.18 132.19 132.37 132.58 132.69 132.6 132.26 132.14 132.13 131.87
-9999 -9999 57.84375 61.73256 65.9 69.82 73.37 76.76 80.06 83.04 85.9 88.31 90.84 92.6 94.44 95.97 97.49 98.2 99.08 100.12 100.92 101.69 101.28 101.33 99.43 98.72 101.75 104.9 108.15 110.54 111.95 113.57 115.55 115.34 116.14 117.13 117.44 117.51 118.04 119.1 120.4 121.36 122.68 123.29 124.5 124.93 125.43 126.47 127.41 128.05 128.74 129.17 129.84 130 130.09 130.57 130.88 131.26 131.73 131.75 131.94 132.36 132.72 132.84 133.17 133.64 133.6 133.7 133.83 133.56 133.48 133.36 132.81 132.46
-9999 -9999 58.96 62.96 66.95 70.29 73.78 77.18 80.41 83 86.07 88.26 90.53 92.38 93.87 95.59 96.96 98.12 99.36 100.33 101.4 102.49 102.76 103.21 101.96 98.9 101.02 107.28 112.1 113.44 114.49 116.54 117.27 116.91 117.95 117.64 117.83 118.69 119.2 119.97 120.94 121.97 123.02 124.07 125.29 125.88 126.82 127.42 128.07 128.82 129.2 129.85 130.04 130.31 130.93 131.09 131.44 131.84 132.1 132.52 132.96 133.4 133.61 134.02 134.57 134.82 135.02 135.07 134.97 134.83 134.36 133.97 133.41 133.03
-9999 -9999 61.01 64.52 68.4 72.01 74.75 78.11 80.98 83.54 86.37 88.45 90.56 92.3 94.03 95.45 97.06 98.43 99.4 100.47 101.81 103.02 102.87 104.23 105.43 105.85 107.18 110.36 114.36 116.43 116.65 118.35 118.88 118.7 118.96 118.77 119.07 119.31 120.14 120.78 121.19 122.59 124.09 124.97 125.87 126.52 127.01 127.89 128.67 129.02 129.48 130.1 130.4 130.95 131.21 131.76 131.99 132.54 132.73 133.06 133.95 134.33 134.59 135.14 135.72 136.21 136.42 136.41 136 135.57 134.93 134.1 133.84 133.65
-9999 61.3125 63.56 66.95 70.58 73.27 76.12 79.16 81.85 84.29474 86.74 88.85 90.73 92.28 94.36 95.58 97.54 98.27 99.42 100.86 102.39 103.45 104.22 105.16 106.74 108.47 111.64 113.78 117.08 119.22 119.65 120.14 120.11 120.23 120.16 120.38 120.72 121.06 121.14 121.96 123.11 124.06 124.94 125.77 126.58 126.95 127.41 128.35 129.05 129.46 130.01 130.3 131 131.25 131.74 132.1 132.61 132.99 133.11 133.86 134.33 134.87 135.17 135.82 136.86 137.22 137.62 137.62 137.12 136.23 135.69 134.98 134.11 133.97
-9999 63.61 66.4 69.47 72.52 75.24 77.42553 80.38889 82.71265 85.28 87.34 89.39 91.06 92.74 94.73 96 97.52 98.54 99.7 100.92 102.81 103.66 105.19 106.98 108.49 110.35 113.36 116.5 119.08 121.15 121.56 121.58 121.82 121.62 121.51 121.57 121.9 122.25 122.43 123.14 123.86 124.92 125.56 126.08 126.95 127.31 128.13 128.93 129.41 130.03 130.24 130.84 131.02 131.6 131.98 132.39 132.99 133.33 133.58 133.76 134.31 135.24 135.92 136.2 137.11 137.9 138.59 138.57 137.73 136.69 136 135.28 134.43 134
-9999 66.59184 69.52 72.35 74.87 77.30928 79.53165 81.86 83.87 86.04 88.04 89.86 91.67 93.34 95.12 96.34 97.87 98.75 100.29 101.03 102.6 103.51 105.3 107.12 108.8 111.11 112.76 115.78 119.74 121.61 122 122.1 122.46 121.96 122.35 122.28 122.68 122.91 123.47 123.98 124.73 125.2 126.02 126.81 127.24 127.93 128.55 129.29 129.73 130.11 130.47 131 131.35 132.05 132.53 132.88 133.07 133.66 134.01 134.53 134.85 135.29 135.82 136.48 137.36 137.94 139.01 138.94 137.73 136.92 136.11 135.39 134.98 134.3
-9999 69.13 72.1 74.66 76.9 78.78333 81.20988 83.13 85.18 87 88.87 90.66 92.17 93.64 95.56 96.75 98.01 98.68 100.02 101.42 102.89 103.95 104.86 106.7 108.93 111.64 112.7 115.81 119.6 121.06 121.99 122.01 122.02 122.45 122.68 123 122.97 123.47 123.92 124.63 125.05 125.78 126.35 126.84 127.86 128.2 128.89 129.37 130.3 130.43 131.01 131.3 131.95 132.35 132.45 132.92 133.39 133.89 134.09 134.63 135 135.34 136.08 136.66 137 137.59 137.96 138.1 137.42 136.52 136.03 135.7 134.66 134
69.27161 71.31 74.37 76.94 79.23404 -9999 -9999 84.66 86.31 88.11 89.82 91.35 92.89 94.5 95.85 96.89 97.89 98.66 100.06 101.41 102.71 104.41 105.98 107.2 108.68 112.18 114.55 117.04 119.25 120.31 121.26 121.81 122 122 122.21 122.99 123 123.14 124.19 124.69 125.02 126 126.75 127.11 127.74 128.39 129.3 129.95 130.66 130.96 131.19 131.96 132.02 132.08 132.86 132.98 133.03 133.15 133.96 134.41 134.95 135.03 135.2 135.99 136.59 136.9 136.91 136.78 136.32 135.75 135.13 134.92 134.22 133.98
70.52 72.83099 75.56757 78.80519 80.84444 83.08334 84.46067 85.91 87.54 88.99 90.6 92.22 93.79 95.4 96.38 97.35 98.05 98.85 100.21 101.33 102.85 104.97 106.06 108.25 110.51 112.34 114.94 116.94 118.15 119.43 120.32 120.91 121.18 121.94 122 122.74 123.01 123.49 124.08 125.03 125.53 126 126.41 127.57 128.1 128.95 129.91 130.02 130.33 130.99 131.18 131.85 132 132.13 132.51 132.96 133 133.1 133.37 133.86 134.29 134.95 135.01 135.47 135.84 135.97 136.03 136.12 135.24 134.74 134.59 134.04 133.54 133.18
-9999 -9999 -9999 80.01351 81.98701 83.82143 85.4 86.91 88.36 89.92 91.53 93.14 94.7 96.04 97.11 98.17 98.92 99.2 100.38 101.8 104.06 105.89 107.9 109.32 111.27 113.13 114.8 116.31 117.27 118.23 118.97 119.7 120.44 121.28 121.76 122.27 123 123.1 124.02 124.96 125.34 126.04 126.81 127.75 128.41 129.01 129.63 129.93 130.4 131.12 131.27 131.92 132 132.07 132.73 133 133 133.1 133.03 133.36 134 134.25 134.44 134.74 134.7 134.95 134.48 134.33 134.49 133.66 133.6 133.23 132.99 132.86
-9999 -9999 -9999 -9999 82.54 84.66 86.34344 87.57647 89.0989 90.47253 92.34 93.9 95.49 96.97 98.19 99.22 99.88 101.04 102.38 103.18 105.28 106.93 108.67 109.96 111.42 113.31 114.65 115.69 116.72 117.45 118.2 118.6 118.43 119.87 120.4 121.6 122.34 122.94 124 124.87 125.71 125.92 127.01 127.8 128.64 128.93 129.39 130.04 130.85 131.23 131.91 132 132.11 132.33 132.56 132.89 132.68 132.84 132.97 133.16 133.76 133.75 133.89 133.38 133.01 133.12 133.39 133.08 132.75 132.76 132.5 132.32 132.18 132.36
-9999 -9999 -9999 -9999 83.04939 84.82858 -9999 88.23529 -9999 91.32051 92.99 94.41 96.3 97.96 99.31 100.58 101.9 103.11 104.41 105.21 106.93 108.4 109.53 110.97 111.99 113.21 114.31 114.99 116.15 116.69 117.43 117.65 117.51 118.39 119.48 120.54 121.93 122.54 123.4 124.44 125.73 126.3 127.19 127.83 128.36 128.99 129.85 130.57 130.99 131.24 131.81 131.99 132 132.02 132.05 132.22 132.69 132.26 132.18 132.3 132.48 133 133 132.81 132.44 131.54 130.81 131.77 132.37 132.69 132.58 131.59 131.38 131.05
-9999 -9999 -9999 -9999 -9999 -9999 -9999 -9999 90.51786 91.86735 93.6 95.08 97.11 98.85 100.6 101.95 103.34 105.06 106.32 107.11 108.58 109.6 110.57 111.78 112.16 113.06 113.85 114.55 115.32 115.92 116.31 116.92 117.11 118.91 119.67 120.26 121.28 122.06 123.01 123.9 125.26 126.19 126.93 127.85 128.81 129.07 129.95 130.05 130.98 131 131.28 131.43 132 132 132 132 132 132 132 131.87 131.38 131.26 130.94 131.2 131.05 130.72 128.87 129.93 129.67 130.13 130.75 129.94 129.78 129.09
-9999 -9999 -9999 -9999 -9999 -9999 -9999 -9999 -9999 92.41 94.33 95.82 97.46 99.45 101.43 102.95 104.66 106.75 108.24 109.66 110.45 110.78 111.38 112.02 112.3 112.75 113.03 113.96 114.52 114.95 115.49 116.13 117.13 118.01 118.86 119.9 121.01 121.81 122.56 123.82 124.74 125.73 126.77 127.64 128.27 129 129.92 130 130.8 131 130.98 131.64 131.25 131.59 131.98 131.87 131.96 131.85 131.39 131.02 130.98 130.83 130.5 129.18 129.57 128.47 127.19 127.19 127.28 126.68 126.89 126.97 126.01 125.76
