layers/wordclim/future/Iberia_wcB2a_10_hadcm3_2050/bio_10.asc
ncols         166
nrows         93
xllcorner     -9.4959440078468
yllcorner     36.000324005443
cellsize      0.083333337679505
NODATA_value  -9999
[rows 33 to 65 of 93, columns 0 to 72 of 166]
-9999 -9999 -9999 -9999 -9999 -9999 -9999 -9999 -9999 -9999 203.6977 203.6 205.21 207.36 210.24 212.31 209.45 198.86 193.8 200.5 203.32 204.7 215.01 225.5 219.57 215.97 226.99 240.19 245.7 240.83 241.61 245.74 239.84 239.13 238.99 239.69 239.03 237.53 238.58 239.6 239.23 239.34 242.28 243.35 243.77 244.05 244.82 244.43 244.05 242.79 243.29 243.75 243.67 243.98 244.71 244.64 245.8 246.88 245.62 244.82 244.06 246.05 247.81 248.12 243.57 236.79 211.73 201.44 221.96 236.2 241.73 243.77 237.77
-9999 -9999 -9999 -9999 -9999 -9999 -9999 -9999 -9999 -9999 203.5306 204.41 205.11 203.83 194.98 198.21 203.55 214.56 215.77 215.25 211.16 210.57 212.89 219.35 218.68 218.31 227.82 240.27 242.81 237.89 235.34 239.86 242.69 238.62 238.17 239 240.46 241 242.37 243.06 242.33 242.71 243.46 243.07 242.74 243.15 242.61 242.96 244.53 244.49 243.09 242.94 241.42 242.07 243.46 244.7 246.17 246.89 245.36 242.5 241.34 243.96 245.7 245 238.4 228.98 199.99 226.78 217.77 225.98 242.31 250.65 255.47
-9999 -9999 -9999 -9999 -9999 -9999 -9999 -9999 -9999 -9999 203.7753 206.32 207.07 199.82 206.93 205.63 209.85 221.63 222.21 219.5 218.15 219.19 221.07 221.27 222.97 220.78 230.33 238.37 238.41 242.13 238.15 236.36 239.97 241.7 239.56 238.59 240.08 242.55 242.94 243.39 243.5 242.25 242.02 241.09 239.98 238.97 240.05 245.1 244.52 244.45 244.2 242.95 240.39 238.49 239.31 243.33 241.49 244.29 241.93 239.84 237.89 238.7 239.4 231.61 209.54 208.11 198.34 210.51 236.64 251.18 255.24 261.68 259.51
-9999 -9999 -9999 -9999 -9999 -9999 -9999 -9999 -9999 198.1351 203.5217 207.11 210.28 212.35 208.11 213.5 213.66 220.96 219.86 221.11 225.95 228.47 230.03 228.86 229.9 233.46 236.17 235.77 234.3 235.87 238.19 235.74 238.86 240.92 242.77 239.16 240.22 243.74 243.44 242.42 242.41 242.96 240.26 238.09 237.68 242.27 246.33 245.9 244.46 243.2 241.72 238.68 232.8 233.19 231.6 230.76 231.27 236.49 235.23 234.03 225.9 227.45 223.85 222.96 229.49 241.8 243.95 251.51 254.29 251.26 261.67 267.54 263.24
-9999 -9999 -9999 -9999 -9999 -9999 -9999 -9999 -9999 198.8513 203.433 209.12 213.59 214.36 212.05 205.77 205.21 221.39 226.17 229.22 230.93 230.06 229.32 234.06 239.03 237.92 236.26 224.54 229.03 233.44 234.18 236.01 237.77 243.18 246.5 246.97 244.72 242.31 241.31 239.85 238.5 236.5 239.64 242.71 243.65 244.62 245.27 244.07 241.71 237.44 232.78 230.37 224.28 223.98 226.14 230.34 236.25 237.37 233.27 228.68 225.17 222.07 225 220.56 242.2 256.07 250.8 253.57 264.48 266.88 270.62 271.85 265.44
-9999 -9999 -9999 -9999 -9999 -9999 -9999 -9999 -9999 201.16 205 211.35 216.45 218.59 212.51 203.86 224.58 228.27 231.86 231.36 234.39 235.54 238.41 234.86 217.44 213.89 221.95 223.92 227.9 232.1 235.68 234.16 239.03 244.59 246.22 247.76 247.47 238.58 233.35 225.39 235.32 238.66 245.81 248.06 244.29 242.84 245.7 242.56 237.67 236.71 235.94 227.3 216.48 227.72 232.71 231.75 226.99 226.72 230.87 240.98 237.47 245.23 245.57 242.21 255.81 260.63 266.33 268.98 272.37 269.65 272.95 273.51 269.78
-9999 -9999 -9999 -9999 -9999 -9999 -9999 -9999 201.8871 203.97 208 213.13 219 219.3 218.19 223.18 228.35 232.45 234.26 236.06 235.38 234.34 217.55 196.63 206.92 218.2 229.23 224.85 230.48 235.36 235.59 234.1 241.63 243.87 241.2 243.09 244.87 241 240.18 241.76 243.79 259.56 259.16 252.75 251.61 242.99 241.94 244.81 243.8 237.77 224.22 212.49 211.29 214.5 212.55 220.48 235.05 243.96 252.27 252.97 259.12 264.98 260.31 261.23 267.87 272.45 274.63 270.64 274.26 273.14 273.93 278.37 276.01
-9999 -9999 -9999 -9999 -9999 -9999 -9999 -9999 203.8022 207.04 210.98 215.53 221.39 220.32 224.37 231.04 233.17 234.4 235.06 232.95 232.7 215.02 178.58 196.37 226.7 240.26 242.81 233.71 231.17 234.13 232.04 233.97 236.43 238.7 241.04 241.82 234 241.22 245.37 259.77 266.5 264.1 256.02 253.05 240.64 218.31 224.27 242.46 237.83 220.7 215.51 215.09 214.95 225.93 227.26 235.83 241.67 238.33 234.48 241.85 265.74 270.34 272.17 275.43 280.14 276.98 277.13 273.83 273.98 278.84 277.3 278.38 277.56
-9999 -9999 -9999 -9999 -9999 -9999 -9999 -9999 205.45 208.99 213.13 219.06 224.27 223.18 226.85 233.18 233.96 234.82 235.29 230.99 227.91 219.47 193.63 201.24 240.62 247.07 244.99 243.01 237 230.37 229.04 226.31 233.02 237.45 235.47 244.85 250.04 258.89 262.89 267.69 272.54 266.54 262.21 255.46 222.02 207.16 227.7 233.17 223.75 213.58 202.53 208.99 218.68 238.59 233.04 235.58 258.4 272.33 267.49 263.37 265.51 270.84 279.25 284.19 280.92 278.48 279.81 277.33 276.46 280.09 281.51 282.37 277.65
-9999 -9999 -9999 -9999 -9999 -9999 -9999 202.6712 207.24 212.9 217.63 223.15 227.51 227.44 230.33 231.27 234.01 231.68 222.97 213.26 210.33 229.53 237.43 242.35 246.53 246.18 250.35 249.79 247.1 244.36 253.08 256.26 240.27 254.27 261.57 265.9 268.8 265.35 272.1 275.12 276.86 277.69 259.57 233.95 249.32 233.23 208.04 210.68 215.3 246.83 233.98 241.84 263.89 275.98 269.87 283.72 280.23 276.16 271.07 268.67 279.01 285.68 286.51 283.11 279.94 280.35 282.74 278.64 280.3 280.51 282.1 282.25 279.53
-9999 -9999 -9999 -9999 -9999 -9999 -9999 -9999 210.7955 214.6 219.57 224.37 225.56 228.42 232.31 224.4 219.5 217.85 220.15 217.32 224.38 237.31 237.36 237.85 242.96 249.34 256.93 257.6 256.69 260.08 264.31 263.8 262.5 268.02 273.62 273.45 271.58 271.15 276.33 277.68 278.54 273.78 259.32 259.55 246.43 261.67 264.58 267.5 275.49 287.1 287.42 287.77 286.19 283.09 282.21 280.14 271.21 267 281.75 286.74 288.77 287.22 284.89 282.54 282.66 285.2 282.99 283.04 283.93 280.84 285.19 283.52 277.98
-9999 -9999 -9999 -9999 -9999 -9999 -9999 207.8533 210.91 215.7 220.83 220.08 221.76 226.62 214.29 207.82 217.26 225.48 227.56 233.25 239.31 231.12 241.03 237.21 252.38 258.42 259.55 261.37 259.88 258.54 261.15 269.25 272.25 276.97 277.24 276.11 277.52 279.83 283.01 284.09 281.18 277.85 275.3 274.17 275.11 284.55 287.34 291.2 291.77 291.76 291.58 290 289.24 288.67 287.21 283.45 285.18 289.16 290.3 289.6 289.54 288.52 286.38 286.07 287.57 289.15 287.17 289.02 286.09 286.54 287.71 284.84 282.9
-9999 -9999 -9999 -9999 -9999 -9999 -9999 208.23 211.17 215.98 220.15 216.84 222.29 224.3 218.27 223.38 230.41 230.8 226.89 229.21 231.11 239.37 253.44 254.49 257.16 261.79 263.11 265.7 265.37 266.3 269.47 272.46 271.16 276.04 278.03 279.53 281.63 283.77 284.69 281.98 279.47 281.91 286.58 290.17 291.52 292.31 292.38 292.72 293.42 292.81 292.76 292.01 291.31 290.67 289.19 291.11 291.35 291.74 291.77 289.23 286.96 286.9 288.7 291 292.1 290.85 291.22 292.34 291.14 288.19 283.13 278.65 275.99
-9999 -9999 -9999 -9999 -9999 -9999 206.9048 210.26 211.6 214.53 219.56 219.41 224.3 224.55 227.41 231.78 230.14 226.99 225.75 222.18 238.6 251 257.12 258.65 260.4 263.74 269.8 270.52 271.13 269.5 271.63 274.19 275.9 276.34 279.29 280.14 280.41 281.52 279.87 276.9 281.43 285.55 290.54 292.54 292.31 293.02 293.03 290.42 293.18 293.89 291.98 289.76 292.44 291.53 293.01 291.12 286.93 289.15 291.25 293.34 292.61 291.98 292.44 294.07 292.38 291.63 292.49 292.01 289.94 287.93 283.65 279.83 277.98
-9999 -9999 -9999 -9999 -9999 -9999 205.9286 210.46 213.29 214.17 215.78 220.18 226.4 225.93 230.96 233.8 235.93 235.66 231.5 232.9 246.67 253.79 256.96 259.08 264.7 269.6 270.66 272.24 270.21 272.64 273.38 274.85 276.92 279.11 281.15 280.27 280.29 279.47 282.65 285.85 286.93 289.35 288.64 289.54 290.25 293.56 290.74 289.2 292.92 291.93 291.55 291.24 294.13 291.4 291.41 290.59 286.52 286.8 288.07 287.53 289.17 293.21 290.08 286.26 285.93 284.18 283.19 284.37 285.87 285.88 285.94 284.09 281.28
-9999 -9999 -9999 -9999 -9999 202.375 204.96 209.09 213.77 213.75 216.98 223.67 229.29 230.09 230.13 236.07 235.44 238.4 239.52 245.76 253.08 255.05 259.7 263.85 265.76 266.34 268.47 271.46 270.92 273.01 276.72 277.37 275.64 276.5 278.75 282.83 286.32 286.04 284.87 284.19 285.28 287.91 286.45 286.1 283.08 281.79 283.39 285.75 284.61 283.36 285.42 288.48 287.41 287 280.86 282.84 282.04 281.94 280.49 282.72 282.99 285.77 283.62 280.43 283.32 280.2 280.51 281.56 281.95 282.25 283.34 282.67 282.14
-9999 -9999 -9999 -9999 -9999 203.1585 207.69 208.95 210.05 207.79 217.14 224.13 229.98 234.22 234.02 237.93 237.61 238.1 241.53 249.03 254.6 258.52 262.42 263.08 264.22 267.07 269.55 268.83 272.42 274.16 274.45 274.89 274.93 275.57 275.85 280.21 283.82 286.3 286.9 287.47 287.85 289.49 288.82 288.18 287.15 285.31 282.74 279.73 279.23 272.41 278.6 278.06 284.42 285.58 273.5 274.36 272.13 273.63 272.79 274.86 274.94 281.03 281.12 277.65 276.6 278.42 278.02 279.13 281.21 280.81 282.62 281.8 281.67
-9999 -9999 -9999 -9999 -9999 203.8384 207.59 202.52 203.42 209.32 214.51 228.23 232.8 236.27 236.61 238.58 241.37 244.05 246.83 250.26 255.1 255.75 258.81 259.95 263.59 264.85 266.54 265.67 267.92 272.6 276.82 276.6 276.67 278.53 279.32 280.25 282.32 286.86 287.01 288.71 290.25 289.8 289.25 287.17 286.56 284.36 284.39 283.49 270.6 269.8 267.75 278.51 278.41 284.12 282.67 275.98 274.35 273.98 264.15 275.64 266.17 269.54 270.88 272.65 272.43 273.18 275.84 281.32 282.45 282.69 282.2 282.47 282.12
-9999 -9999 -9999 198.2381 202.56 204.21 204.54 204.76 210.4 219.37 225.19 231.11 235.08 237.21 240.66 243.95 246.66 249.77 248.96 250.94 251.96 254.22 256.28 257.76 257.25 260.8 263.62 265.21 264.62 268.63 273.87 276.66 278.67 280.63 281.78 282.26 282.93 282.96 285.17 286.65 289.34 289.61 289.25 286.33 285.38 275.61 280.61 281.57 272.12 266.41 280.69 286.43 288.15 286.51 291.32 289.46 289.17 285.62 280.75 282.91 278.8 280.37 281.64 282.91 272.06 265.76 269.96 276 279.91 279.42 282.07 283.22 283.31
-9999 -9999 194.0156 198.9302 202.45 205.5 207.55 214.62 218.87 222.83 228.44 233.51 235.2 235.26 238.16 241.6 245.12 245.88 247.56 250.53 253.39 254.51 255.55 256.38 251.59 249.48 254.41 258.95 263.63 267.11 269.5 271.67 276.74 275.9 278.83 282.68 284.22 284.59 285.43 285.65 287.37 287.3 286.74 287.2 287.3 280.4 277.87 280.3 283.98 285.41 287.82 293.77 291.54 294.54 294.92 295.2 292.49 289.46 286.05 280.45 277.67 276.03 283.27 280.04 276.85 276.67 272.69 276.1 279.25 277.48 275.02 280.85 284.27
-9999 -9999 194.31 198.83 203.38 207.66 212.24 218.06 221.58 225.97 230.82 234.43 234.41 236.97 238.31 240.77 243.94 247 249.68 251.68 254.89 256.03 257.71 258.37 255.71 246.84 250.07 261.34 268.57 269.77 271.77 275.85 278.15 277.5 280.28 281.04 281.44 285.27 285.01 284.04 285.5 286.63 286.36 289.86 293.45 291.66 295.16 294.78 294.87 290.67 291.79 297.06 296.76 297.03 290.01 292.82 292.69 289.11 289.8 287.45 286.96 289.97 289.96 285.69 278.55 279.16 281.21 279.87 276.08 277.05 272.96 281.98 285.37
-9999 -9999 197.65 201.59 205.39 204.76 215.12 219.66 223.6 228.92 232.54 233.73 235.52 238.17 240.07 241.9 244.97 248.83 249.54 251.8 255.67 256.8 256.47 258.08 260.18 259.81 259.95 263.89 269.73 272.66 272.25 277.33 278.47 279.08 280.26 280.14 281.19 282.66 283.92 284.82 280.75 285.75 292.86 293.98 296.06 296.48 298.12 297.24 299.12 297.69 295.8 296.34 297.76 297.03 293.49 288.22 290.54 291.24 292.44 288.87 283.41 287.3 291.68 290.52 283.08 282.38 284.58 286.96 286.54 282.72 285.61 288.51 288.02
-9999 198.0156 201.02 203.95 205.35 211.87 219.12 222.26 227.35 231.4842 233.24 234.78 236.41 238.45 240.47 243.13 247.09 248.12 250.02 253.18 255.25 256.64 257.7 257.86 259.92 262.55 265.76 267.35 271.35 274.76 275.34 278.23 278.09 279.41 280.54 282 284.91 286.2 285.15 287.3 289.77 294.71 295.56 297.68 298.85 298.77 299.51 300.43 300.36 299.76 298.02 298.74 295.49 294.09 294.03 290.98 286.73 291.78 292.36 286.82 283.75 285.68 287.54 289.65 286.29 284.47 287.76 289.4 289.71 289.84 289.56 289.21 288.22
-9999 198.94 202.66 204.96 207.58 213.99 223.2128 226.9 230.3333 232.44 233.9 235.89 237.47 240.31 242.72 244.84 246.55 248.47 250.41 252.24 254.65 256.39 257.93 260.23 261.65 263.21 266.39 270.3 271.65 274.32 278 278.82 280.55 281.45 282.57 284.88 286.22 288.34 288.49 288.27 291.5 295.88 297.11 298.64 298.92 299.93 299.97 296.88 296.59 300.4 299.04 297.96 298.85 296.55 295.14 292.74 289.69 288.73 291.63 292.73 292.66 285.83 287.3 292.11 287.81 290.15 290.02 289.8 289.78 290.03 289.94 289.16 288.68
-9999 199.2245 200.67 204.9 208.07 217.2062 226.2405 229.91 232.05 233.85 235.76 238.25 241.26 242.16 243.46 245.45 247.3 249.72 250.92 250.78 252.21 253.07 255.59 257.94 260.09 261.64 262.51 265.98 272.69 275.85 278.34 278.54 279.54 281.35 283.3 285.44 287.4 289 289.69 290.45 294.8 296.45 297.45 298.25 298.02 298.86 299.02 299.67 299.14 298.13 298.19 300.24 296.9 289.82 293.58 292.13 292.39 293.24 294.12 290.07 293.05 292.34 290.4 292.23 289.69 291.09 289.88 289.67 290.62 290.16 290.08 289.89 289.07
-9999 199.79 202.05 208.33 218.63 224.1167 229.963 232 233.52 235.02 235.98 238.06 239.66 241.06 243.82 245.1 246.02 247.67 249.07 250.11 251.69 252.71 251.23 252.9 256.75 260.6 260.06 265.06 272.55 276.93 277.94 277.46 278.06 280.79 283.33 284.72 286.61 287.72 290.08 292.69 293.46 293.84 295.36 294.72 295.4 296.06 296.27 299.6 298.58 298.13 297.71 298.7 300.1 295.61 298.64 296.47 294.09 292.62 289.15 288.36 292.57 293.07 289.28 290.31 292.53 291.42 291.56 291.27 289.8 289.66 288.88 285.37 286.58
197.6667 200.06 204.9 214.4 225.234 -9999 -9999 233.64 234.56 236.03 237.65 238.59 239.68 240.43 241.71 242.89 243.13 244.4 246.59 247.48 249.44 251.11 252.92 251.63 252.57 260.77 265.45 269.34 273.48 274.76 275.17 275.29 276.89 278.67 281.06 282.71 283.73 285.36 288.4 288.45 289.21 289.62 290.64 292.39 289.12 294.11 294.9 297.68 296.88 295.68 294.44 294.75 296.18 301.73 297.35 297.07 297.18 298.33 292.92 292.43 289.71 291.27 292.02 290.54 289.8 289.33 286.09 288.1 290.97 290.77 290.68 288.9 288.51
204.1 207.3944 212.7973 220.2078 227.2667 232.125 233.2135 235.26 235.81 236.76 237.25 238.69 239.75 241.2 240.59 240.34 239.75 240.65 243.39 245.03 247.35 250.22 249.84 252.57 257.35 259.92 267.77 270.38 270.43 272.27 273.01 273.68 275.52 277.24 279.02 281.47 282.47 283.08 286.36 289.77 288.46 286.78 286.85 290.11 291.29 292.07 294.13 292.82 292.93 290.29 292.71 294.38 298.59 300.69 300.13 301.48 301.02 298.57 296.98 296 291.82 288.47 289.41 290.99 291.08 288.29 284.44 286.63 292.83 291.3 289.55 290.15 289.19
-9999 -9999 -9999 222.946 227.9481 231.4167 232.83 234.65 236.28 237.64 238.45 239.56 240.21 239.12 238.36 239.05 238.75 239.5 241.53 245.57 248.67 251.87 253.78 255.15 259.15 263.82 266.1 268.82 268.51 268.13 268.32 270.09 273.03 274.73 276.81 279.29 280.11 281.09 283.67 286.77 286.22 285.73 285.13 285.76 290.38 288.08 289.62 287.38 290.76 294.11 296.98 298.36 299.01 299.48 295.1 299.94 297.92 294.27 294.83 293.61 292.29 289.47 289.17 290.34 289.27 289.44 291.77 292.85 288.4 293.18 289.5 289.66 289.11
-9999 -9999 -9999 -9999 226.66 229.04 229.7879 234.2235 237.2857 238.4066 238.19 239.93 240.56 238.78 239.61 240.01 238.9 241.5 243.94 246.17 249.41 252.24 253.89 255.22 258.02 262.19 266.46 267.36 267.6 266.07 266.14 265.94 264.76 268.85 268.5 275.75 277.99 278.17 280.09 283.44 286.83 282.18 283.58 285.7 288.94 285.01 283.83 288.11 290.31 295.03 295.02 295.18 294.92 296.95 297.27 298.78 299.71 299.41 295.46 287.77 284.09 287.9 290 291.33 296.02 294.85 292.26 293.5 294.23 291.05 290.3 289.03 287.58
-9999 -9999 -9999 -9999 222.4938 224.2143 -9999 235.3529 -9999 238.5 239.58 240.26 241.28 242.66 242.05 242.2 243.85 245.04 245.62 247.03 250.25 252.94 254.03 256.18 258.59 262.92 266.15 266.42 266.99 266.94 265.75 264.12 260.68 261.8 263.66 269.66 276.03 273.7 276.38 280.16 284.41 285.43 284.66 283.8 285.55 285.05 286.42 289.4 289.7 290.35 292.5 292.5 293.01 295.36 294.83 294.65 295.1 295.82 297.43 296.74 292.49 283.35 284.22 285.41 287.38 295.61 299.52 291.82 286.41 282.11 280.35 288.2 288.07
-9999 -9999 -9999 -9999 -9999 -9999 -9999 -9999 236.4464 237.3469 238.9053 241.32 242.35 242.24 244.19 242.02 244.01 245.22 245.67 245.2 248.67 251.48 254.63 256.87 260.4 263.93 264.45 265.6 266.43 265.43 265.84 263.13 262.32 270.91 270.78 271.98 271.65 273.28 274.3 275.62 279.74 282.4 281.49 284.35 284.31 285.6 287.33 287.39 287.65 289.38 289.57 288.91 290.37 292.17 292.6 291.69 292.35 293.32 293.3 293.23 295.42 294.96 296.68 292.35 291.92 292.18 302.29 294.72 294.42 292.66 287.81 290.27 290.25
-9999 -9999 -9999 -9999 -9999 -9999 -9999 -9999 -9999 236.26 236.99 238.76 241.66 243.24 245.46 244.84 245.31 244.96 245.7 247.97 247.76 247.75 252.56 257.1 260.26 263.39 264.3 265.6 266.03 266.85 266.05 265.95 269.38 272.11 272.69 274.04 273.54 273.07 272.98 273.79 275.23 277.77 279.84 281.34 283.15 283.84 286.78 286.31 287.12 290.53 291.52 291.75 288.65 285.65 291.34 293.43 291.27 292.44 291.95 292.33 291.19 292.02 293.26 300.28 296.37 299.08 303.71 302.68 301.58 302.66 301.53 300.68 302.93
