layers/wordclim/future/Iberia_wcB2a_10_hadcm3_2050/bio_01.asc
ncols         166
nrows         93
xllcorner     -9.4959440078468
yllcorner     36.000324005443
cellsize      0.083333337679505
NODATA_value  -9999
[rows 33 to 65 of 93, columns 73 to 145 of 166]
133.13 140.53 140.38 141.24 142.98 146.03 143.34 140.53 135.36 131.36 130.34 130.22 128.73 127.6 123.91 120.62 119.39 120.55 123.43 125.56 125.67 125.16 128.71 127.84 126.98 131.8 124.74 116.14 115.39 123.31 130.16 137.6 147.99 148.74 148.36 146.49 152.83 159.6 166.56 165.95 159.74 161.19 165.95 163.82 168.19 166.05 183.51 180.72 178.35 180.72 178.31 181.48 -9999 -9999 -9999 -9999 -9999 -9999 -9999 -9999 -9999 -9999 -9999 -9999 -9999 -9999 -9999 -9999 -9999 -9999 -9999 -9999 -9999
148.22 144.55 146.48 149.78 147.44 143.1 137.75 135.66 136.52 135.17 133.02 130.38 128.49 132.87 127.66 126.4 120.97 126.4 124.51 122.29 122.89 122.99 125.94 126.21 129.5 131.48 125.33 122.75 119.6 126.35 127.19 131.75 137.63 140.33 138.65 143.76 147.45 154.26 161.83 153.87 150.73 156.55 161.26 159.58 154.32 159.67 187.37 187.47 172.29 186.4949 -9999 -9999 -9999 -9999 -9999 -9999 -9999 -9999 -9999 -9999 -9999 -9999 -9999 -9999 -9999 -9999 -9999 -9999 -9999 -9999 -9999 -9999 -9999
147 147.37 150.71 154.05 149.26 140.89 138.81 138.59 141.29 140.31 133.35 132.23 134.5 132.4 129.22 128.98 126.76 125 123.88 124.35 120.1 118.62 122.08 128.51 131.65 128.15 117.36 116.27 118.2 119.39 119.94 124.07 122.47 123.18 128.12 133.23 139.56 154.33 152.55 154.67 147.83 152.61 147.57 143.34 135.23 164.83 192.07 192.5 190.39 195.3803 -9999 -9999 -9999 -9999 -9999 -9999 -9999 -9999 -9999 -9999 -9999 -9999 -9999 -9999 -9999 -9999 -9999 -9999 -9999 -9999 -9999 -9999 -9999
152.38 150.97 155.4 152.92 142.66 142.31 141.44 137.41 144.73 148.32 146.48 142.24 134.82 124.26 120.84 118.53 122.1 120.88 117.19 117.9 114.81 117.06 116.19 125.81 131.96 125.64 115.44 118.95 119.21 117 115.45 117.2 122.1 122.36 127.27 132.35 142.87 145.88 147.66 143.34 137.4 137.95 131.96 144.24 153.28 178.69 190.37 194.47 197.1649 196.957 196.1279 196 -9999 -9999 -9999 -9999 -9999 -9999 -9999 -9999 -9999 -9999 -9999 -9999 -9999 -9999 -9999 -9999 -9999 -9999 -9999 -9999 -9999
157.56 155.61 158.92 149.5 146.57 147.19 140.87 138.67 147.94 143.73 138.4 133.21 132.04 128.08 122.79 118.59 117.51 117.18 115.48 112.15 106.45 112.71 112.32 118.4 127.72 131.75 119.65 121.06 124.71 123.3 116.9 117.97 116.82 115.91 119.4 118.59 132.4 139.49 145.33 142 136.86 140.9 148.48 162.68 177.69 185.04 187.4 184.0638 -9999 -9999 -9999 -9999 -9999 -9999 -9999 -9999 -9999 -9999 -9999 -9999 -9999 -9999 -9999 -9999 -9999 -9999 -9999 -9999 -9999 -9999 -9999 -9999 -9999
162.15 162.2 153.36 148.52 152.3 146.63 142.46 144.95 151.65 143.69 142.76 140.97 142.58 139.51 133.27 125.71 119.65 108.36 109.14 105.47 101.45 106.82 110.83 115.13 125.12 133.69 127.67 122.83 129.59 122.67 108.53 116.71 114.28 110.77 110.59 107.55 123.68 130.94 138.71 139.47 137.59 148.24 158.75 174.99 182.75 189.45 192.6 -9999 -9999 -9999 -9999 -9999 -9999 -9999 -9999 -9999 -9999 -9999 -9999 -9999 -9999 -9999 -9999 -9999 -9999 -9999 -9999 -9999 -9999 -9999 -9999 -9999 -9999
164.21 155.98 150.54 152.12 150.87 145.9 147.48 152.75 153.89 151.34 154 151.31 149.48 139.84 135.29 126.04 118.72 112.43 106.6 105.99 101.78 104.48 111.47 118.71 124.81 132.37 131.28 126.92 131.15 115.85 111.78 111.15 106.71 98.13 101.08 107.49 112.49 125.75 131.2 135.65 141.46 159.23 170.7 177.36 184.2 193.22 196.46 -9999 -9999 -9999 -9999 -9999 -9999 -9999 -9999 -9999 -9999 -9999 -9999 -9999 -9999 -9999 -9999 -9999 -9999 -9999 -9999 -9999 -9999 -9999 -9999 -9999 -9999
160.74 154.75 153.5 156.52 152.49 153.47 158.75 155.43 156.96 147.91 145.12 151.25 145.69 144.3 140.27 135.65 121.7 116.79 109.92 105.46 104.07 109.49 117.13 118.61 120.63 130.36 135.74 138.51 130.66 118.18 117.79 114.43 107.87 96.11 98.36 107.76 117.64 131.34 146.35 149.15 158.21 166.69 177.95 176.25 184.85 192.0121 -9999 -9999 -9999 -9999 -9999 -9999 -9999 -9999 -9999 -9999 -9999 -9999 -9999 -9999 -9999 -9999 -9999 -9999 -9999 -9999 -9999 -9999 -9999 -9999 -9999 -9999 -9999
159.73 158.08 159.06 155.93 156.36 161.24 156.71 151.01 155.85 153.08 147.75 146.4 142.85 141.05 137.8 133.93 122.65 114.52 112.25 114.8 103.74 107.77 110.64 113.52 119.7 125.07 133.28 141.97 131.68 122.62 130.98 130.41 119.4 109.51 115.56 116.07 123.42 133.35 152.44 160.7 162.13 166.69 184.57 187.94 184.8659 -9999 -9999 -9999 -9999 -9999 -9999 -9999 -9999 -9999 -9999 -9999 -9999 -9999 -9999 -9999 -9999 -9999 -9999 -9999 -9999 -9999 -9999 -9999 -9999 -9999 -9999 -9999 -9999
164.7 162.31 159.97 160.98 164.25 162.24 151.22 149.76 153.21 145.99 147.52 146.95 145.75 140.78 133.67 139.69 125.09 122.68 120.04 112.96 112.11 111.53 117.96 110.67 125.74 129.46 140.04 136.25 123.49 125.54 137.42 141.53 137.23 133.36 129.5 137.06 136.44 141.42 164.77 176.82 175.78 179.59 185.17 195.6974 -9999 -9999 -9999 -9999 -9999 -9999 -9999 -9999 -9999 -9999 -9999 -9999 -9999 -9999 -9999 -9999 -9999 -9999 -9999 -9999 -9999 -9999 -9999 -9999 -9999 -9999 -9999 -9999 -9999
161.65 162.27 165.46 168.25 165.02 159.45 151.36 149.31 150.08 146.28 144.54 144.16 139.89 140.16 140.77 139.8 128.46 122.75 119.64 121.61 120.99 123.63 122.32 119.64 128.78 144.54 141.16 127.24 107.44 111.17 129.61 142.03 145.66 149.15 151.78 148.59 153.7 159.93 170.67 181.45 180.29 181.27 191.6818 -9999 -9999 -9999 -9999 -9999 -9999 -9999 -9999 -9999 -9999 -9999 -9999 -9999 -9999 -9999 -9999 -9999 -9999 -9999 -9999 -9999 -9999 -9999 -9999 -9999 -9999 -9999 -9999 -9999 -9999
169.94 170.07 167.47 162.67 160.21 157.51 153.14 150.71 149.57 147.52 143.85 143.57 138.69 141.85 146.46 142.37 135.43 128.08 131.78 131.24 126.44 130.82 128.07 122.11 130.49 145.29 135.67 121.32 108.57 114.57 128.28 134.78 142.8 143.73 156.41 161.21 169.51 177.11 185.55 186.15 186.29 189.8806 -9999 -9999 -9999 -9999 -9999 -9999 -9999 -9999 -9999 -9999 -9999 -9999 -9999 -9999 -9999 -9999 -9999 -9999 -9999 -9999 -9999 -9999 -9999 -9999 -9999 -9999 -9999 -9999 -9999 -9999 -9999
163.29 163.22 160.88 159.07 158.63 157.31 154.44 151.64 153.51 151.97 147.94 146.4 144.22 145.71 143.72 141.77 139.03 135.6 140.01 138.83 137.88 133.16 131.11 132.48 137.06 142.13 146.3 139.29 129.64 122.87 115.88 127.77 144.1 153.21 159.19 157.3 165.8 180.43 190.59 194.47 196.9381 -9999 -9999 -9999 -9999 -9999 -9999 -9999 -9999 -9999 -9999 -9999 -9999 -9999 -9999 -9999 -9999 -9999 -9999 -9999 -9999 -9999 -9999 -9999 -9999 -9999 -9999 -9999 -9999 -9999 -9999 -9999 -9999
165 163.73 162.12 161.5 161.25 158.87 156.24 155.08 154.35 152.71 152.34 148.75 148.72 150.11 143.73 140.16 138.03 137.26 141.55 138.48 142.93 135.59 130.22 135.93 141.73 139.61 143.55 150.55 146 140.44 133.26 130.83 145.85 158.55 170.83 173.98 166.4 172.93 188.71 197.5253 -9999 -9999 -9999 -9999 -9999 -9999 -9999 -9999 -9999 -9999 -9999 -9999 -9999 -9999 -9999 -9999 -9999 -9999 -9999 -9999 -9999 -9999 -9999 -9999 -9999 -9999 -9999 -9999 -9999 -9999 -9999 -9999 -9999
167.35 165.53 164.52 164.5 162.64 161.18 156.81 154.67 153.88 155.85 154.24 150.89 151.22 152.99 149.48 146.26 141.27 140.3 143.25 142.55 143.37 144.51 143.6 144.87 141.73 141.03 148.89 158.38 157.01 152.97 149.82 155.88 155.79 159.6 164 176.83 184.25 185.57 195.96 -9999 -9999 -9999 -9999 -9999 -9999 -9999 -9999 -9999 -9999 -9999 -9999 -9999 -9999 -9999 -9999 -9999 -9999 -9999 -9999 -9999 -9999 -9999 -9999 -9999 -9999 -9999 -9999 -9999 -9999 -9999 -9999 -9999 -9999
167.32 167.37 166 165.38 164.04 162.6 159.36 158.24 154.94 157.12 154.97 151.41 152.38 155.62 154.16 147.98 144.96 143.97 143.98 145.45 148.13 151.83 152.2 148.56 139.83 147.65 149.59 154.18 161.84 170.73 171.48 174.53 180.01 182.23 178.83 171.62 183.84 193.8 198.9474 -9999 -9999 -9999 -9999 -9999 -9999 -9999 -9999 -9999 -9999 -9999 -9999 -9999 -9999 -9999 -9999 -9999 -9999 -9999 -9999 -9999 -9999 -9999 -9999 -9999 -9999 -9999 -9999 -9999 -9999 -9999 -9999 -9999 -9999
167.31 169.28 168.54 167.27 165.99 162.21 158.77 160.75 159.88 156.64 158.46 154.1 153.72 156 155.77 154.45 150.96 149.57 148.48 147.24 146.38 151.52 155.71 149.58 147.99 153.37 150.63 144.22 148.01 162.03 176.62 182.32 188 190.83 191.59 191.7 192.3 197.7872 -9999 -9999 -9999 -9999 -9999 -9999 -9999 -9999 -9999 -9999 -9999 -9999 -9999 -9999 -9999 -9999 -9999 -9999 -9999 -9999 -9999 -9999 -9999 -9999 -9999 -9999 -9999 -9999 -9999 -9999 -9999 -9999 -9999 -9999 -9999
169.94 170.29 169.85 168.7 167.96 166.13 163.3 164.31 162.67 159.35 158.99 159.08 158.76 158.01 154.43 154.67 156.59 155.07 154.28 152.85 153.08 153.88 159.85 155.76 154.37 155.88 158.94 156.31 156.41 155.41 156.68 174.27 187.34 191.96 194.48 195.31 198.78 -9999 -9999 -9999 -9999 -9999 -9999 -9999 -9999 -9999 -9999 -9999 -9999 -9999 -9999 -9999 -9999 -9999 -9999 -9999 -9999 -9999 -9999 -9999 -9999 -9999 -9999 -9999 -9999 -9999 -9999 -9999 -9999 -9999 -9999 -9999 -9999
171.26 171.43 169.91 167.46 168.68 168.93 167.27 166.84 165.87 164.61 163.74 161.75 161.61 158.32 155.65 158.97 158.73 157.8 157.1 158.02 157.54 159.96 165.78 161.88 160.73 164.14 166.28 164.58 159.35 158.65 159.88 172.06 185.22 191.31 195.85 198.46 200.08 -9999 -9999 -9999 -9999 -9999 -9999 -9999 -9999 -9999 -9999 -9999 -9999 -9999 -9999 -9999 -9999 -9999 -9999 -9999 -9999 -9999 -9999 -9999 -9999 -9999 -9999 -9999 -9999 -9999 -9999 -9999 -9999 -9999 -9999 -9999 -9999
172.15 172.78 172.08 170.31 171.12 170.52 169.38 168.96 168.02 166.83 166.29 165.34 164.49 162.35 161.88 162.45 160.77 160.52 159.81 160.45 160.94 161.18 164.01 171.65 172.91 171.33 170.99 165.76 164.99 165.31 170.36 181.25 187.39 190.83 193.49 199.14 201.59 -9999 -9999 -9999 -9999 -9999 -9999 -9999 -9999 -9999 -9999 -9999 -9999 -9999 -9999 -9999 -9999 -9999 -9999 -9999 -9999 -9999 -9999 -9999 -9999 -9999 -9999 -9999 -9999 -9999 -9999 -9999 -9999 -9999 -9999 -9999 -9999
173.2 173.82 173.4 172.91 172.28 171.66 170.71 169.5 168.58 167.22 166.85 166.06 165.37 164.4 163.86 163.25 163.67 163.32 163.21 163.48 163.3 164.01 163.73 163.3 165.9 169.94 171.57 171.92 169.54 167.98 175.11 174.99 177.01 190.93 194.45 199.67 202.35 202.7778 -9999 -9999 -9999 -9999 -9999 -9999 -9999 -9999 -9999 -9999 -9999 -9999 -9999 -9999 -9999 -9999 -9999 -9999 -9999 -9999 -9999 -9999 -9999 -9999 -9999 -9999 -9999 -9999 -9999 -9999 -9999 -9999 -9999 -9999 -9999
173.99 173.69 173 172.99 172.57 171.89 170.77 169.23 167.7 166.09 165.43 164.74 165.6 165.87 165.92 165.37 165.59 165.49 165.95 166.19 166.27 165.89 167.1 166.83 165.15 163.55 162.5 168.19 176.4 163.09 162.67 175.59 183.46 188.5 199.55 201.69 202.77 203 -9999 -9999 -9999 -9999 -9999 -9999 -9999 -9999 -9999 -9999 -9999 -9999 -9999 -9999 -9999 -9999 -9999 -9999 -9999 -9999 -9999 -9999 -9999 -9999 -9999 -9999 -9999 -9999 -9999 -9999 -9999 -9999 -9999 -9999 -9999
174.45 174.11 173.17 172.67 172.37 170.72 168.49 166.51 164.8 163.83 162.9 161.46 163.09 164.9 166.23 166.98 166.88 166.85 167.19 167.6 167.79 167.93 166.11 163.74 159.53 154.23 156.79 162.3 172.54 158.24 164.91 181.82 188.56 193.96 201.17 202.02 196.79 199.06 -9999 -9999 -9999 -9999 -9999 -9999 -9999 -9999 -9999 -9999 -9999 -9999 -9999 -9999 -9999 -9999 -9999 -9999 -9999 -9999 -9999 -9999 -9999 -9999 -9999 -9999 -9999 -9999 -9999 -9999 -9999 -9999 -9999 -9999 -9999
175 173.8 172.24 171.08 169.59 166.81 162.42 160.78 159.96 159 159.34 157.06 158.06 161.87 165.94 167.96 168.15 168.24 168.54 167.99 166.69 162.11 159.52 154.63 150.83 147.47 154.04 160.62 168.77 158.2 164.55 175.49 186.6 194.72 199.34 200.49 191.22 191.04 202.4444 -9999 -9999 -9999 -9999 -9999 -9999 -9999 -9999 -9999 -9999 -9999 -9999 -9999 -9999 -9999 -9999 -9999 -9999 -9999 -9999 -9999 -9999 -9999 -9999 -9999 -9999 -9999 -9999 -9999 -9999 -9999 -9999 -9999 -9999
175.05 173.35 169.59 167.35 164.49 162.66 163.37 160.71 158.37 155.79 154.03 152.42 154.64 159.93 165.21 167.67 168.46 168.94 168.44 166.6 160.22 155.98 155.13 151.14 152.21 156.72 159.39 162.02 160.68 153.69 162.52 173.04 182.68 190.45 193.6 195.01 188.45 186.11 201.35 205.1786 -9999 -9999 -9999 -9999 -9999 -9999 -9999 -9999 -9999 -9999 -9999 -9999 -9999 -9999 -9999 -9999 -9999 -9999 -9999 -9999 -9999 -9999 -9999 -9999 -9999 -9999 -9999 -9999 -9999 -9999 -9999 -9999 -9999
175.28 173.52 170.49 167.95 166.42 162.52 161.2 161.49 158.66 157.14 155.51 153.65 154.13 158.45 162.52 165.99 167.44 168.7 167.06 164.74 162.14 159.22 157.36 156.37 157.75 159.75 161.66 165.51 165.54 161.67 166.45 176.48 177.03 181.34 191.23 192.18 186.81 183.97 189.35 201.03 204.4328 -9999 -9999 -9999 -9999 -9999 -9999 -9999 -9999 -9999 -9999 -9999 -9999 -9999 -9999 -9999 -9999 -9999 -9999 -9999 -9999 -9999 -9999 -9999 -9999 -9999 -9999 -9999 -9999 -9999 -9999 -9999 -9999
174.56 171.12 170.28 169.76 167.64 163.52 160.88 159.85 158.38 156.86 156.13 155.72 156.76 156.99 158.65 159.68 160.32 163.71 162.41 162.48 161.31 159.4 158.22 158.39 160.08 163.16 160.88 159.21 161.73 167.82 174.72 170.22 171.23 176.38 171.37 173.48 182.63 171.28 172.82 182.25 196.42 200.01 200.8041 -9999 -9999 -9999 -9999 -9999 -9999 -9999 -9999 -9999 -9999 -9999 -9999 -9999 -9999 -9999 -9999 -9999 -9999 -9999 -9999 -9999 -9999 -9999 -9999 -9999 -9999 -9999 -9999 -9999 -9999
174.41 172.37 170.79 169.57 167.99 165.29 162.25 158.86 158.57 160.28 159.27 154.36 149.95 146.99 146.63 147.18 152.44 158.77 162.47 160.98 162.45 162.67 163.56 164.1 160.54 164.9 167.2 166.45 167.18 176.27 172.29 168.69 166.11 160.1 160.35 170.08 173.07 159.53 168.29 172.47 183.91 195.26 199.6506 -9999 -9999 -9999 -9999 -9999 -9999 -9999 -9999 -9999 -9999 -9999 -9999 -9999 -9999 -9999 -9999 -9999 -9999 -9999 -9999 -9999 -9999 -9999 -9999 -9999 -9999 -9999 -9999 -9999 -9999
174.93 171.74 168.09 168.46 167.77 166.55 161.73 163.67 163.07 168.32 159.06 147.26 141.04 147.68 146.12 149.94 155.49 161.36 164.86 168.18 169.15 169.42 169.92 168.88 166 164.3 167.72 172.54 173.39 177.02 179.18 171.49 161.89 165.25 155.66 157.79 160.11 163.49 166.08 193.71 194.8026 -9999 -9999 -9999 -9999 -9999 -9999 -9999 -9999 -9999 -9999 -9999 -9999 -9999 -9999 -9999 -9999 -9999 -9999 -9999 -9999 -9999 -9999 -9999 -9999 -9999 -9999 -9999 -9999 -9999 -9999 -9999 -9999
171.77 171.05 169.82 170.11 171.24 165.82 167.93 172.09 170.72 162.89 145.55 141.08 140.46 147.98 156.56 159.64 164.75 170.31 171.84 172.03 175.47 178.85 177.38 173.42 172.99 169.95 169.63 175.52 173.29 169.4 178.85 176.18 160.25 170.3 170.99 180.4 173.78 192.65 197.4111 201.5079 -9999 -9999 -9999 -9999 -9999 -9999 -9999 -9999 -9999 -9999 -9999 -9999 -9999 -9999 -9999 -9999 -9999 -9999 -9999 -9999 -9999 -9999 -9999 -9999 -9999 -9999 -9999 -9999 -9999 -9999 -9999 -9999 -9999
174.5 175.15 175.52 173.02 170.8 171.52 175.61 174.9 167.9 161.71 157.36 148.17 146.41 157.32 162.96 167.32 172.99 171.3 175.98 181.4 183.26 182.46 178.78 174.4 176.97 177.64 174.16 166.42 171.16 175.5 179.93 184.82 176.01 183.55 191.67 198.47 198.2432 -9999 -9999 -9999 -9999 -9999 -9999 -9999 -9999 -9999 -9999 -9999 -9999 -9999 -9999 -9999 -9999 -9999 -9999 -9999 -9999 -9999 -9999 -9999 -9999 -9999 -9999 -9999 -9999 -9999 -9999 -9999 -9999 -9999 -9999 -9999 -9999
180.38 182.8 181.41 178.09 177.2 178.27 182.16 178.28 171.66 167.73 154.1 146.68 155.61 170.62 175.2 172.79 172.64 178.22 183.51 181.77 184.62 186.07 185.12 186.37 182.39 179.37 181 175.79 176.29 172.85 182.02 191.95 194.14 196.16 202.47 204.641 -9999 -9999 -9999 -9999 -9999 -9999 -9999 -9999 -9999 -9999 -9999 -9999 -9999 -9999 -9999 -9999 -9999 -9999 -9999 -9999 -9999 -9999 -9999 -9999 -9999 -9999 -9999 -9999 -9999 -9999 -9999 -9999 -9999 -9999 -9999 -9999 -9999
191.35 188.62 182.5 180.34 182.46 187.56 174.83 163.33 170.4 151 142.32 154.1 155.71 162.56 160.09 156.28 156.1 165.27 173.8 185.65 189.95 188.42 191 194.18 188.53 184.43 174.39 176.73 181.42 180.37 183.9 193.73 199.74 202.08 205.4079 -9999 -9999 -9999 -9999 -9999 -9999 -9999 -9999 -9999 -9999 -9999 -9999 -9999 -9999 -9999 -9999 -9999 -9999 -9999 -9999 -9999 -9999 -9999 -9999 -9999 -9999 -9999 -9999 -9999 -9999 -9999 -9999 -9999 -9999 -9999 -9999 -9999 -9999
