layers/wordclim/future/Iberia_wcB2a_10_hadcm3_2050/bio_07.asc
ncols         166
nrows         93
xllcorner     -9.4959440078468
yllcorner     36.000324005443
cellsize      0.083333337679505
NODATA_value  -9999
[rows 0 to 32 of 93, columns 73 to 145 of 166]
-9999 -9999 -9999 -9999 -9999 -9999 -9999 -9999 -9999 -9999 -9999 -9999 -9999 -9999 -9999 -9999 -9999 -9999 -9999 -9999 -9999 -9999 -9999 -9999 -9999 -9999 -9999 -9999 -9999 -9999 -9999 -9999 -9999 -9999 -9999 -9999 -9999 -9999 -9999 -9999 -9999 -9999 -9999 -9999 -9999 -9999 -9999 -9999 -9999 -9999 -9999 -9999 -9999 -9999 -9999 -9999 -9999 -9999 -9999 -9999 -9999 -9999 -9999 -9999 -9999 -9999 -9999 -9999 -9999 -9999 -9999 -9999 -9999
-9999 -9999 -9999 -9999 -9999 -9999 -9999 -9999 -9999 -9999 -9999 -9999 -9999 -9999 -9999 -9999 -9999 -9999 -9999 -9999 -9999 -9999 -9999 -9999 -9999 -9999 -9999 -9999 -9999 -9999 -9999 -9999 -9999 -9999 -9999 -9999 -9999 -9999 -9999 -9999 -9999 -9999 -9999 -9999 -9999 -9999 -9999 -9999 -9999 -9999 -9999 -9999 -9999 -9999 -9999 -9999 -9999 -9999 -9999 -9999 -9999 -9999 -9999 -9999 -9999 -9999 -9999 -9999 -9999 -9999 -9999 -9999 -9999
-9999 -9999 -9999 -9999 -9999 -9999 -9999 -9999 -9999 -9999 -9999 -9999 -9999 -9999 -9999 -9999 -9999 -9999 -9999 -9999 -9999 -9999 -9999 -9999 -9999 -9999 -9999 -9999 -9999 -9999 -9999 -9999 -9999 -9999 -9999 -9999 -9999 -9999 -9999 -9999 -9999 -9999 -9999 -9999 -9999 -9999 -9999 -9999 -9999 -9999 -9999 -9999 -9999 -9999 -9999 -9999 -9999 -9999 -9999 -9999 -9999 -9999 -9999 -9999 -9999 -9999 -9999 -9999 -9999 -9999 -9999 -9999 -9999
-9999 -9999 -9999 -9999 -9999 -9999 -9999 -9999 -9999 -9999 -9999 -9999 -9999 -9999 -9999 -9999 -9999 -9999 -9999 -9999 -9999 -9999 -9999 -9999 -9999 -9999 -9999 -9999 -9999 -9999 -9999 -9999 -9999 -9999 -9999 -9999 -9999 -9999 -9999 -9999 -9999 -9999 -9999 -9999 -9999 -9999 -9999 -9999 -9999 -9999 -9999 -9999 -9999 -9999 -9999 -9999 -9999 -9999 -9999 -9999 -9999 -9999 -9999 -9999 -9999 -9999 -9999 -9999 -9999 -9999 -9999 -9999 -9999
183.87 184.8315 182.2963 -9999 -9999 181.0345 183.56 188.4 189.1395 190.8333 192.2364 -9999 -9999 -9999 -9999 -9999 -9999 -9999 -9999 -9999 -9999 -9999 -9999 -9999 -9999 -9999 -9999 -9999 -9999 -9999 -9999 -9999 -9999 -9999 -9999 -9999 -9999 -9999 -9999 -9999 -9999 -9999 -9999 -9999 -9999 -9999 -9999 -9999 -9999 -9999 -9999 -9999 -9999 -9999 -9999 -9999 -9999 -9999 -9999 -9999 -9999 -9999 -9999 -9999 -9999 -9999 -9999 -9999 -9999 -9999 -9999 -9999 -9999
196.46 197.21 197.29 191.64 192.3878 185.5556 189.4 191.35 194.56 197.28 201.27 201.5253 203.726 203.4667 203.9016 206.1148 207.6905 211.5625 216.15 225.63 226.9595 -9999 -9999 -9999 -9999 -9999 -9999 -9999 -9999 -9999 -9999 -9999 -9999 -9999 -9999 -9999 -9999 -9999 -9999 -9999 -9999 -9999 -9999 -9999 -9999 -9999 -9999 -9999 -9999 -9999 -9999 -9999 -9999 -9999 -9999 -9999 -9999 -9999 -9999 -9999 -9999 -9999 -9999 -9999 -9999 -9999 -9999 -9999 -9999 -9999 -9999 -9999 -9999
204.5 206.43 202.03 199.78 201.36 204.33 198.25 199.61 203.99 210.44 211.67 212.86 215.17 215.73 216.99 218.88 216.74 225.81 228.26 239.98 235.7 242.74 249.16 252.37 -9999 -9999 -9999 -9999 -9999 -9999 -9999 -9999 -9999 -9999 -9999 -9999 -9999 -9999 -9999 -9999 -9999 -9999 -9999 -9999 -9999 -9999 -9999 -9999 -9999 -9999 -9999 -9999 -9999 -9999 -9999 -9999 -9999 -9999 -9999 -9999 -9999 -9999 -9999 -9999 -9999 -9999 -9999 -9999 -9999 -9999 -9999 -9999 -9999
222.06 210.5 211.14 207.84 209.53 209.47 211.6 212.88 221.61 219.47 219.81 222.51 226.27 228.26 229.13 229.83 230.4 241.47 247.03 251.04 247.82 250.94 254.55 260 -9999 -9999 -9999 -9999 -9999 -9999 -9999 -9999 -9999 -9999 -9999 -9999 -9999 -9999 -9999 -9999 -9999 -9999 -9999 -9999 -9999 -9999 -9999 -9999 -9999 -9999 -9999 -9999 -9999 -9999 -9999 -9999 -9999 -9999 -9999 -9999 -9999 -9999 -9999 -9999 -9999 -9999 -9999 -9999 -9999 -9999 -9999 -9999 -9999
232.13 230.01 232.94 230.5 219.75 220.58 231.69 241.18 233.85 235.87 229.78 229.48 237.54 234.62 233.51 238.29 246.64 250.92 258.13 261.35 263.25 265.6 266.34 268.25 -9999 269.2619 270.8393 -9999 -9999 -9999 -9999 -9999 -9999 -9999 -9999 -9999 -9999 -9999 -9999 -9999 -9999 -9999 -9999 -9999 -9999 -9999 -9999 -9999 -9999 -9999 -9999 -9999 -9999 -9999 -9999 -9999 -9999 -9999 -9999 -9999 -9999 -9999 -9999 -9999 -9999 -9999 -9999 -9999 -9999 -9999 -9999 -9999 -9999
237.58 238.84 239.45 241.2 239.13 238.56 237.72 242.63 240.74 241.96 246.94 249.58 256.07 252.3 251.7 257.65 261.7 263.8 265.36 268.8 271.33 274.52 274.54 275.7 274.9 274.14 274.6 274.68 273.0753 272.9016 272.46 268.3103 -9999 -9999 -9999 -9999 -9999 -9999 -9999 -9999 -9999 -9999 -9999 -9999 -9999 -9999 -9999 -9999 -9999 -9999 -9999 -9999 -9999 -9999 -9999 -9999 -9999 -9999 -9999 -9999 -9999 -9999 -9999 -9999 -9999 -9999 -9999 -9999 -9999 -9999 -9999 -9999 -9999
245.48 248.26 250.23 247.48 249.47 251.87 251 248.14 247 249 251.73 255.45 258.23 263.37 265.06 266.83 268.47 272.79 273.94 276.77 280.06 281.98 282.11 281.82 281.17 280.58 278.68 280.2 278.51 278.45 275.96 270.54 269.4605 -9999 -9999 -9999 -9999 -9999 -9999 -9999 -9999 -9999 -9999 -9999 -9999 -9999 -9999 -9999 -9999 -9999 -9999 -9999 -9999 -9999 -9999 -9999 -9999 -9999 -9999 -9999 -9999 -9999 -9999 -9999 -9999 -9999 -9999 -9999 -9999 -9999 -9999 -9999 -9999
250.4 250.87 252.22 257.92 251.39 256.93 254.45 256.97 261.33 263.47 267.6 269.32 272.29 275.57 276.21 276.68 279.21 280.05 281.75 283.29 288.79 292.17 290.87 290.61 289.82 288.02 286.6 286.34 284.98 284.6 281.55 278.28 274.7 268.957 270.6119 267.7051 270.3182 264.7172 260.8209 -9999 -9999 -9999 -9999 -9999 -9999 -9999 -9999 -9999 -9999 290.32 282.88 274.4615 273.6545 -9999 -9999 -9999 -9999 -9999 -9999 -9999 -9999 -9999 -9999 -9999 -9999 -9999 -9999 -9999 -9999 -9999 -9999 -9999 -9999
264.13 264.56 267.23 265.67 258.41 259.09 261.1 266.86 269.23 273.36 277.76 278.16 279.58 280.9 282.57 284.22 285.2 286.5 289.53 292.76 295.31 297.03 295.46 294.85 295.46 295.32 293.22 290.67 289.27 290.16 287.64 287.03 286.38 280.02 277.33 268.34 272.32 278.04 267.01 270.7065 -9999 -9999 -9999 272.9445 -9999 267.9445 -9999 -9999 -9999 283.9898 287.99 282.93 279.32 277.45 282 277.8413 278.7879 -9999 -9999 -9999 -9999 -9999 -9999 -9999 -9999 -9999 -9999 -9999 -9999 -9999 -9999 -9999 -9999
267.31 269.39 270.58 272.36 271.87 270.93 271.85 277.1 281.08 283.94 284.89 287.08 288.29 289.75 290.68 292.08 293.64 294.22 295.98 298.91 302.47 302.75 299.78 299.51 300.36 300.44 297.73 295.54 295.68 295.1 295.36 291.25 289.58 289.12 287.32 283.32 281.92 285.48 279.49 282.82 275.5 272.53 279.29 285.12 275.01 275.92 271.57 280.96 268.74 272.11 276.15 275.89 276.17 280.28 291.85 285.08 284.26 277.4639 -9999 -9999 -9999 -9999 -9999 -9999 -9999 -9999 -9999 -9999 -9999 -9999 -9999 -9999 -9999
279.72 280.07 280.58 280.28 278.54 276.64 278.97 280.09 283.18 287.16 289.94 293.84 296.1 297.26 298.16 299.17 299.69 301.52 301.82 304.09 307.22 308.24 306.92 307.17 306.62 305.75 304.28 301.27 298.48 295.27 296.31 296.03 293.34 293.43 290.57 291.97 292.78 288.58 284.36 288.26 287.26 290.36 297.73 293.98 279.37 280.63 288.91 280.51 277.9 283.97 282.93 280.46 275.07 277.19 291.38 295.97 290.14 281.69 -9999 -9999 -9999 -9999 -9999 -9999 -9999 -9999 -9999 -9999 -9999 -9999 -9999 -9999 -9999
286.39 286.66 286.85 286.33 287.46 287.14 289.95 290.53 291.4 295.43 297.62 300.92 303.57 304.7 304.62 306.08 307 307.54 309.51 309.56 311.76 312.12 312.4 310.71 310.05 307.92 305.75 303.31 301.84 298.78 296.22 298.23 296.48 296.77 294.72 295.7 296.2 293.44 290.61 290.12 297.53 299.19 305.88 298.4 293.12 294.23 294.27 288.64 293.42 298.75 290.35 279.63 282.21 283.35 295.4 292.47 287.62 286.23 -9999 -9999 278.5873 278.5263 280.5393 286.5 288.9118 -9999 -9999 -9999 -9999 -9999 -9999 -9999 -9999
295.58 295.2 295.78 297.32 298.18 298.75 299.28 299.32 301.7 306.3 307.19 309.69 311.28 313.42 312.93 312.4 312.32 313.12 313.75 313.01 313.9 314.67 314.77 314.7 314.26 313.49 311.04 307.94 305.19 302.55 300.83 301.3 300.62 297.75 296.81 296.76 296.17 295.79 295.22 294.95 296.14 301.98 308.75 309.84 308.67 304.82 301.47 296.02 293.45 300.32 299.67 297.63 299.22 296.49 300.08 286.85 291.45 299.84 301.23 294.21 292.17 291.53 291.8 290.32 284.1096 -9999 275.375 274.79 275.94 277.0941 -9999 -9999 -9999
302.19 302.87 302.88 304.82 304.98 307.09 307.88 308.67 311.24 313.5 314.85 317.03 317.45 318.82 319.82 319.48 318.67 317.36 317.44 317.85 318.02 319.28 319.27 318.97 317.56 316.83 315.56 313.62 311.39 308.68 306.24 306.7 305.27 302.78 298.95 296.6 295.85 295.79 292.72 296.58 298.49 303.5 310.57 314.62 309.19 312.71 305.48 311.28 304.08 310.86 304.73 298.79 308.97 309.29 294.02 291.3 295.53 305.8 296.77 288.98 285.11 283.82 286.26 285.09 283.02 282.73 283.87 281.2 279.74 284.04 287.5 286.52 284.34
307.6 308.76 309.03 309.16 310.67 311.21 314.18 315.23 317.69 319.46 321.08 322.49 322.94 323.49 324.79 325.11 324.46 324.99 322.65 321.63 322 322.8 321.25 320.97 321.35 320.99 319.92 317.96 316.35 314.09 311.06 310.92 310.31 308.58 306.96 305.86 304.46 304.16 306.2 306.98 306.63 308.71 309.53 316.81 314.7 320.92 318.8 313.71 311.59 317.89 309.16 314.37 318.13 305.18 294.12 298.61 306.23 302.57 293.03 288.2 286.27 287.88 288.98 293.23 288.13 287.97 288.65 289.59 285.21 284.94 290.11 288.8 288.62
312.23 312.71 314.35 315.28 315.8 317.85 318.94 319.91 321.92 324.74 324.33 323.36 325.7 328.04 328.38 329.68 329.9 329.23 327.83 325.95 325.83 324.96 324.8 325.41 324.2 323.53 322.79 320.93 320.11 318.95 317.53 315.78 314.78 312.41 310.58 309.86 309.93 307.57 310.22 313.47 314.12 316.57 318.59 323.49 319.9 322.12 317.12 318.09 316.96 321.46 314.19 324.06 320.7 316.97 304.78 301.15 307.43 300.57 296.25 292.74 296.96 293.38 288.17 296.95 293.5 291.73 289.9 290.05 283.31 281.01 287.33 284.66 285.42
315.99 317.76 318.39 318.52 319.81 320.22 320.68 322.17 323.59 324.29 325.28 328.26 331.69 330.62 332.76 332.68 334.09 333.35 332.33 331.19 329.51 328.26 326.96 327.43 327.43 325.85 325.48 325.01 322.29 320.76 320.43 319.51 317.7 316.8 313.52 313.61 312.99 312.42 314.67 317.17 318.38 322.19 324.98 328.36 320.41 318.33 318.74 324.71 322.19 314.56 312.12 321.81 309.13 310.17 310.86 313.25 313.01 309.37 305.51 302.45 300.21 297.67 297.98 298.62 294.85 292.47 289.37 289.17 288.68 283.32 279.42 282.7 283.65
320.01 321.31 322.12 324.16 325.42 327.29 326.22 329.75 328.53 331.89 332.96 336.51 334.54 334.64 336 336.09 337.06 336.21 335.27 334.48 333.01 332.23 329.77 328.81 328.94 328.03 328.01 327.89 324.94 321.64 322.93 323.14 321.34 318.7 316.97 317.69 317.47 316.39 317.89 320.39 321.26 325.51 329.18 331.22 331.22 329.58 325.19 326.37 328.64 321.42 324.06 324.76 315.5 320.87 319.59 316.36 312.22 308.76 304.07 303.1 302.67 300.48 298.28 297.15 292.97 291.81 288.5 287.81 287.2 284.26 281.55 280.55 283.1
324.04 324.83 326.55 327.7 328.81 331.45 332.81 335.48 336.5 339.3 340.52 343.22 342.84 341.44 339.34 340.1 339.55 337.95 337.37 336.51 335.72 334.44 332.88 331.68 331.31 329.72 330.08 328.36 326.99 326.69 326.33 326.8 324.88 320.91 317.81 319.91 319.69 320.82 320.55 322.67 322.73 327.5 331.8 333.62 336.27 337.56 338.22 338.23 334.97 332.15 330.89 330.99 327.35 324.09 319.41 315.64 312.15 307.41 304.27 300.78 299.78 299.2 295.95 293.39 291.74 289.93 285.29 284.74 283 281.26 277.9 278.06 280.1
327.15 327.76 329.55 330.74 332.97 334.55 336.28 339 339.87 342.5 345.4 347.41 346.36 345.57 343.77 341.84 341.24 339.72 332.86 333.03 336.77 335.11 334.63 334.26 332.53 332.13 332.06 331.04 331.45 329.95 330.85 330.69 326.97 324.22 320.05 319.34 321.66 323.28 322.75 324.4 326.95 329.84 333.46 335.88 339.36 342.96 346.26 344.86 346.18 344.27 340.18 335.67 330.17 323.93 319.37 313.89 310.3 306.06 303.7 298.85 296.33 294.53 292.9 290.81 289.63 286.78 284.51 282.65 279.99 275.35 274.26 278.13 277.98
329.45 330.46 332.4 333.28 335.62 337.17 338.92 341.77 342.6 345.67 347.58 349.25 348.41 347.03 346.51 344.66 342.56 339.44 338.12 333.39 334.1 335.07 334.65 334.26 333.99 333.55 332.3 332.66 333.25 334.53 334.38 332.39 329.29 325.47 322.33 320.36 319.68 321.32 324.58 326.66 328.37 330.77 334.43 337.62 340.77 344.55 347.17 346.77 351.72 347.59 342.03 335.77 328.68 322.94 316.67 311.99 307.03 302.64 298.76 296.39 294.94 292.41 290.18 287.44 286.24 284.59 282.31 280.29 278.4 277.61 277.06 276.48 275.23
331.68 332.46 334.4 335.67 336.94 339.25 340.96 343.65 344.4 346.13 348.87 349.1 349.37 348.49 347.16 346.41 344.26 342.16 340.15 338.51 337.26 336.1 334.84 334.42 334.2 333.72 333.54 332.1 333.94 335.35 335.67 334.35 331.46 329.25 327.06 325.48 323.09 320.39 323.09 324.78 325.88 329.61 333.92 336.72 340.6 344.3 347.15 351.02 353.59 348.21 341.22 332.97 326.41 320.4 313.89 308.01 303.2 299.23 297.02 294.17 291.1 289.28 287.2 284.84 282.97 281.53 278.8 277.09 275.25 274.42 273.44 272.3636 271.5132
333.94 334.38 336.39 337.34 338.76 341.16 342.75 344.36 346.5 347.18 348.23 349.56 349.27 348.45 348.31 346.55 344.51 342.81 341.25 339.41 337.31 337.26 335.46 334.82 335.05 333.54 333.1 331.05 332.08 332.27 331.57 332.69 331.12 329.9 328.79 326.84 326.57 325.16 324.03 326.01 328.03 329.83 332.57 334.57 338.59 342.52 344.64 347.56 347.77 343.75 337.24 329.41 322.59 314.28 308.83 303.43 299.21 296.75 294.07 290.5 287.19 285.34 283.34 280.68 279.64 277.45 275.03 271.7 271.36 270.2766 -9999 -9999 -9999
335.54 336.32 337.1 339.29 340.57 341.69 344.3 345.57 346.86 348.89 348.56 348.96 350.14 349.38 347.78 346.39 344.8 343.04 341.38 339.72 337.79 335.66 336.01 334.28 334.27 333.08 332.06 331.67 329.93 327.55 327.43 328.78 330.02 328.94 328.36 327.93 326.41 325 325.51 325.49 327.39 329.29 330.43 333.1 335.56 337.93 340.66 341.4 340.12 335.04 327.79 322.06 315.02 309.53 304.46 299.65 297.18 293.63 290.84 287.67 285.25 280.35 278.21 276.88 275 272.98 271.61 267.3511 -9999 -9999 -9999 -9999 -9999
336.03 337.43 338.55 339.74 342.12 343.55 344.77 345.58 348.13 348.87 349.68 350.81 349.57 348.82 347.81 346.45 344.86 342.99 341.26 339.62 337.89 336.8 333.92 330.96 329.09 330.67 330.12 328.32 327.18 324.46 326.92 328.27 328.69 327.63 327.01 327.01 325.58 324.36 324.62 324.1 325.49 327.33 328.85 330.62 331.74 333.92 334.12 333.42 330.35 324.34 319.55 313.16 308.44 304.45 299.57 295.79 291.37 287.83 287.94 284.04 278.97 276.73 274.99 275.29 272.46 268.36 266.2872 -9999 -9999 -9999 -9999 -9999 -9999
336.62 337.83 340.14 341.04 342.43 343.71 345.96 347.27 348.02 348.9 349.58 350.44 350.2 349.27 348.56 346.56 344.81 343.09 341.1 339.2 337.53 335.99 332.22 329.21 326.81 325.13 325.83 324.68 322.88 322.46 324.2 325.24 326.17 325.53 325.22 325.21 324.19 323.3 323.6 323.63 324.26 324.99 326.18 326.48 328.01 328.2 328.45 329.01 326.35 321.33 311.61 307.19 302.61 298.32 296.59 286.61 282.15 280.81 279.2 275.15 273.04 272.67 270.23 271.051 268.963 265.1471 -9999 -9999 -9999 -9999 -9999 -9999 -9999
337.28 339 340.38 341.18 342.61 344.62 346.05 346.93 347.86 348.99 350.61 350.65 350.04 349.29 348.55 346.99 345.5 343.53 341.72 338.72 336.08 333.69 330.81 327.95 325.35 322.46 321.24 320.74 319.77 320.77 322 321.89 322.74 322.98 323.12 323.13 322.29 322.31 321.48 321.13 321.74 322.34 321.99 323.35 323.55 324.32 322.46 321.87 319.35 315.33 310.34 306.25 300.46 295.12 287.07 276.02 272.61 271.84 271.0918 269.0253 268.9849 -9999 -9999 -9999 -9999 -9999 -9999 -9999 -9999 -9999 -9999 -9999 -9999
338.5 339.26 340.68 342.93 343.71 345.02 346 347.06 348.07 349.92 350.64 350.65 350.54 350.14 348.9 347.56 346.12 343.73 341.54 339.25 335.81 332.87 330.01 326.94 323 320.69 319.55 317.16 316.89 317.83 317.95 317.62 316.98 318.56 320.42 320.31 319.16 319.56 318.92 317.86 318.66 319.02 318.77 318.93 319.54 318.3 317.25 316.35 313.57 308.64 305.83 301.02 293.08 284.89 276.42 269.1605 -9999 -9999 -9999 -9999 -9999 -9999 -9999 -9999 -9999 -9999 -9999 -9999 -9999 -9999 -9999 -9999 -9999
339.13 341 342.04 343.29 343.86 344.89 346.18 347.1 348.33 350.37 350.89 350.82 350.99 350.32 349.12 347.89 346.59 344.48 341.06 338.27 335.68 332.62 329.58 326.01 322.48 320.21 317.35 316.78 315.42 314.31 315.6 315.72 315.16 315.92 316.63 315.38 316.21 316.39 315.11 315.32 315.05 313.96 314.17 314.94 314.15 314.51 312.95 311.91 306.68 304.83 301 295.18 287.9155 -9999 -9999 -9999 -9999 -9999 -9999 -9999 -9999 -9999 -9999 -9999 -9999 -9999 -9999 -9999 -9999 -9999 -9999 -9999 -9999
