layers/wordclim/future/Iberia_wcB2a_10_hadcm3_2050/bio_15.asc
ncols         166
nrows         93
xllcorner     -9.4959440078468
yllcorner     36.000324005443
cellsize      0.083333337679505
NODATA_value  -9999
[rows 34 to 67 of 93, columns 0 to 76 of 166]
-9999 -9999 -9999 -9999 -9999 -9999 -9999 -9999 -9999 -9999 63.5 63.78 64.05 64.77 66.23 66.53 66.91 66.94 67.87 68.41 68.99 69.07 69.29 69.3 69.04 68.95 68.26 67.6 67.02 66.44 65.74 64.93 64.02 63.1 61.85 60.88 59.79 58.62 57.66 56.75 55.4 54.21 53.02 51.96 50.82 49.6 47.46 45 43.47 42.49 41.6 41.13 40.31 39.85 39.29 39.15 39.1 39.34 38.43 38.1 37.68 37.9 38.5 39.35 39.02 38.16 36.28 38.33 37.29 38.03 40.67 42.29 43.12 42.2 40.72 40.57 40.21
-9999 -9999 -9999 -9999 -9999 -9999 -9999 -9999 -9999 -9999 63.73034 63.8 64.03 65.29 65.52 66.3 66.73 66.61 67.35 68.02 68.85 69.05 69.12 69.08 69.11 69.03 68.24 67.6 67.12 66.56 65.89 65.14 64.29 63.61 62.29 61.01 59.99 58.89 57.58 57.31 56.1 54.62 53.32 51.99 50.72 49.06 47.46 45.93 44.4 42.99 42.17 41.46 40.67 39.81 39.67 39.29 38.87 38.88 38.36 37.83 37.26 37.77 38.06 37.91 36.89 36.73 36.48 37.06 40.08 42.84 43.91 45.72 45.09 42.88 42.39 42.51 42.17
-9999 -9999 -9999 -9999 -9999 -9999 -9999 -9999 -9999 64 63.81522 63.94 64.04 64.41 65.56 65.83 66.49 66.78 67.71 68.04 68.21 68.56 68.72 68.92 68.84 68.57 68.31 67.86 67.55 66.89 66.07 65.26 64.51 63.78 62.52 61.52 60.35 59.48 58.16 56.93 56.29 55.09 53.47 52.16 50.87 49.9 48.42 46.67 45.29 43.85 42.73 41.79 40.85 40.27 39.54 39.01 38.57 38.64 38.28 37.94 37.58 37.42 37.55 37.54 38.1 39.76 40.42 42.4 43.74 43.3 46.24 48.43 46.62 45.42 44.45 44.19 42.84
-9999 -9999 -9999 -9999 -9999 -9999 -9999 -9999 -9999 64 64 64.02 64.18 64.53 65.43 66.56 67.1 66.67 66.84 67.38 67.78 68.36 68.65 68.52 68.25 68.25 68.27 68.17 67.68 66.96 66.24 65.57 64.61 63.91 62.67 61.94 60.95 59.68 58.58 57.4 56.2 55.12 53.79 52.73 51.32 50.54 49.26 47.6 45.93 44.76 43.84 43 42.02 41.31 40.52 39.73 39.58 38.97 38.3 38.11 37.62 37.59 37.55 37.7 39.76 42.38 42.02 43.44 46.27 47.79 49.43 50.24 48.84 48.2 46.54 45.91 42.59
-9999 -9999 -9999 -9999 -9999 -9999 -9999 -9999 -9999 64.23 63.98 64.25 64.32 64.58 65.62 66.85 65.98 66.11 66.75 67.19 67.59 67.89 68.14 68.32 69.04 69 68.73 68.24 67.62 67.04 66.48 65.68 64.98 63.89 63.04 62.16 61.2 59.92 58.91 57.68 56.71 55.55 54.55 53.23 51.92 50.62 49.59 47.95 46.56 45.6 44.46 43.68 43.25 42.03 40.95 40.34 39.63 39.15 39.04 39.06 38.73 39.43 39.27 39.34 41.67 43.48 45.17 46.97 48.43 49.03 50.33 51.48 51.12 50.4 48.67 45.02 42.74
-9999 -9999 -9999 -9999 -9999 -9999 -9999 -9999 64.19355 64.17 64.21 64.16 64.69 64.7 65.24 65.59 65.73 66.18 66.59 66.98 67.48 67.88 69.09 70 69.66 68.93 68.28 68.25 67.6 66.84 66.21 65.74 64.87 64.17 63.34 62.47 61.44 60.13 59.26 58.21 57.27 56.82 55.65 54.02 52.75 51.08 49.78 49.09 47.69 46.57 45.67 44.91 44.02 42.86 42.31 41.54 40.86 40.75 41.02 40.97 41.42 42.08 41.51 42.2 44.08 45.54 47.15 47.38 49.12 50 50.92 52.69 53.59 51.37 47.33 44.75 43.77
-9999 -9999 -9999 -9999 -9999 -9999 -9999 -9999 64.2967 64.4 64.43 64.43 64.43 65.17 65.17 65.31 65.87 66.15 66.66 67.27 67.89 68.94 69.18 69.83 68.91 68.07 67.88 67.82 67.49 66.93 66.31 65.87 65.07 64.31 63.46 62.62 61.4 60.56 59.82 58.9 58.48 57.47 55.57 54.34 52.97 51.86 50.69 49.44 48.5 47.47 46.55 45.71 44.8 43.54 42.63 41.89 41.91 41.28 40.68 40.64 42.99 43.55 44.03 44.78 46.14 46.22 47.43 47.52 49.21 50.81 51.44 52.41 52.09 49.47 47.01 45.31 45.17
-9999 -9999 -9999 -9999 -9999 -9999 -9999 -9999 64.79 64.6 64.53 64.45 64.4 65.17 65.31 65.45 65.92 66.48 66.78 67.42 67.94 68.75 69.05 69.25 68.11 67.93 67.72 67.55 67.33 67.19 66.55 65.82 65.12 64.63 63.54 62.69 61.71 61.15 60.24 59.31 58.71 58.01 56.71 55.36 53.45 52.34 51.34 50.21 49.29 48.35 47.8 46.63 45.8 44.97 44.09 44 44.48 45.2 44.35 43.09 43.09 43.78 45.26 46.71 46.25 46.39 47.45 47.85 48.83 50.3 51.04 51.58 50.96 48.74 46.88 46.62 44.9
-9999 -9999 -9999 -9999 -9999 -9999 -9999 65.23288 64.95 65.03 64.91 64.87 64.83 64.97 65.39 65.93 66.16 66.62 67.65 68.49 68.76 68.17 68.13 68.05 67.81 67.83 67.65 67.35 67.31 66.76 66.1 65.41 64.85 64.26 63.53 62.75 62.04 61.42 60.5 59.97 59.55 58.64 56.92 55.29 54.71 53.36 52 51.05 50.19 49.6 48.52 47.58 48.04 48.46 47.39 48.52 47.16 46.43 45.42 44.31 45.72 46.48 46.45 46.73 45.85 46.68 47.97 47.98 49.08 49.72 50.62 50.58 49.78 49.12 47.89 46.72 45.82
-9999 -9999 -9999 -9999 -9999 -9999 -9999 -9999 65.54546 65.28 65.24 65.14 65.13 65.18 65.32 66.26 67.04 67.72 67.88 68.25 68.32 67.89 67.98 68.19 67.97 67.59 66.96 66.68 66.74 66.16 65.82 65.43 64.89 64.3 63.94 63.19 62.21 61.4 61.22 60.87 59.87 58.66 57.49 56.78 55.22 54.87 54.21 53.33 53.23 53.5 52.1 51.73 50.93 50.37 49.3 48.64 46.66 45.76 47.44 47.4 47.33 46.86 46.73 46.53 46.23 46.8 47.28 47.98 48.67 49.2 50.14 49.78 49.18 47.98 47.83 46.83 46.38
-9999 -9999 -9999 -9999 -9999 -9999 -9999 66 66 66 65.91 65.55 65.53 65.8 66.71 67.17 67.28 67.36 67.54 67.61 67.48 68.17 67.85 68.04 67.55 67.06 66.82 66.63 66.68 66.47 65.85 65.31 64.81 64.24 64.29 63.61 62.86 62.31 61.8 60.96 60.24 59.4 58.42 57.54 57.02 56.65 56.57 56.21 55.56 55.51 54.08 52.55 52.38 51.72 50.97 49.53 49.26 49.42 48.64 48.12 47.77 47.18 46.78 46.3 46.56 47.09 47.03 48.14 48.52 49.27 49.86 49.54 49.12 48.79 48.25 46.96 45.88
-9999 -9999 -9999 -9999 -9999 -9999 -9999 66.28 66.27 66.03 66.28 66.25 66.23 66.36 66.85 66.9 66.94 67.24 67.77 67.83 67.88 67.85 67.46 67.29 67.29 67 66.96 66.4 66.18 66.05 65.4 65.43 64.89 64.37 63.69 63.66 63.24 62.53 62.09 61.44 60.78 60.2 59.84 59.59 58.8 58.03 57.81 57.06 56.57 55.57 55.27 54.41 53.53 52.86 51.81 51.25 51.01 50.3 49.76 48.87 48.29 47.37 47.15 47.66 47.5 47.29 47.6 48.35 49.17 49.11 48.36 48.34 47.09 47.1 46.9 46.27 45.59
-9999 -9999 -9999 -9999 -9999 -9999 67.12698 67.01 66.75 66.57 66.35 66.39 66.62 66.65 66.71 66.72 66.93 67.58 67.72 67.88 67.73 67.53 67.18 67.16 67.15 66.9 66.27 66.34 66.04 65.75 65.56 65.57 64.78 64.53 63.82 63.65 63.52 62.97 62.38 61.61 61.28 61.06 60.58 60.76 60.22 59.49 58.83 57.7 57.25 57.19 55.56 54.38 54.09 53.43 53.1 51.96 51.4 50.36 50 49.95 49.78 49.03 48.42 48.56 47.87 47.9 48.42 48.6 48.92 49 48.24 47.63 47.3 46.91 46.39 46.13 45.32
-9999 -9999 -9999 -9999 -9999 -9999 67.42857 67.36 67.3 66.89 67 66.87 66.81 67.15 67.09 67.06 66.98 67.33 67.78 67.68 67.49 67.29 67.35 67.29 67.04 66.54 66.59 66.19 66.04 65.51 65.7 65.37 65.03 64.46 64.08 63.65 63.6 63.23 62.76 62.41 62.02 62.34 61.14 60.87 60.55 60.12 59.23 58.13 58.06 57.02 56.44 55.63 55.75 54.47 53.44 52.72 51.8 50.85 50.63 50.07 49.7 50.13 48.97 48.05 47.75 47.54 47.26 47.91 48.18 48.72 48.33 48.14 47.51 47.44 46.86 46.43 45.99
-9999 -9999 -9999 -9999 -9999 68.30357 68.18 67.75 67.74 67.55 67.28 67.2 67.27 67.13 67.14 67.15 67.3 67.36 67.28 67.55 67.5 67.28 67.32 67.31 66.97 66.86 66.48 66.33 66.1 65.69 65.47 65.49 65.25 64.65 64.37 64.03 63.58 63.44 63.47 62.98 62.4 62 61.77 61.31 60.4 59.48 59.12 58.57 57.73 57.13 56.54 56.15 55.03 54.48 53.46 53.13 52.5 51.93 51.13 50.8 49.81 49.5 48.61 48.2 48.04 47.51 47.62 48.13 48.68 48.22 48.09 48.07 48.1 47.24 47.27 46.38 46.02
-9999 -9999 -9999 -9999 -9999 68.79269 68.63 68.12 68.01 67.59 67.75 67.52 67.58 67.53 67.4 67.54 67.31 67.51 67.52 67.45 67.45 67.37 67.3 67.1 67.17 66.9 66.5 66.52 66.04 65.79 65.6 65.62 65.38 64.86 64.7 64.27 64.27 63.83 63.57 63.4 63.18 62.59 62.34 62.16 61.4 60.48 59.67 58.99 57.98 56.84 56.88 55.97 55.93 55.35 53.83 53.22 52.11 51.66 51.21 50.53 50.25 50.36 49.55 48.98 48.19 48.14 47.97 48.14 48.63 48.39 48.65 48.01 48.33 47.76 47.9 47.3 46.2
-9999 -9999 -9999 -9999 -9999 69.48485 68.95 68.27 68 68.01 67.97 68.19 67.97 67.88 67.7 67.71 67.6 67.63 67.53 67.39 67.63 67.39 67.39 67.22 66.97 66.85 66.69 66.25 66.24 65.72 65.07 64.85 65.01 64.73 64.66 64.59 64.75 64.53 64.43 64.18 63.41 63 62.77 62.46 61.57 61 60.55 59.92 58.25 57.69 56.93 56.88 56.47 56.22 55.52 54.45 53.53 52.77 51.36 51.65 50.47 49.83 49.54 49.31 48.81 48.56 48.81 49.11 49.19 49.12 48.84 48.88 48.74 48.1 47.49 47.1 46.66
-9999 -9999 -9999 70.64286 70.28 69.77 69.35 68.88 68.81 68.91 68.72 68.4 68.65 68.22 68.05 67.67 67.51 67.68 67.65 67.55 67.73 67.47 67.52 67.42 67.2 67.07 66.71 66.34 66.06 65.66 65.31 64.94 64.9 65.12 65.02 64.88 64.96 65.25 64.73 64.67 64.15 63.84 63.35 63.17 62.27 61.05 61.09 60.59 59.14 58.26 58.88 58.62 58.11 57.53 57.39 56.33 55.61 54.37 53.61 53.44 52.58 52.1 51.37 50.83 49.87 49 48.78 49.18 49.36 49.17 49.41 48.52 49.32 48.04 47.32 47.42 46.71
-9999 -9999 71.45313 71.22093 70.8 70.29 70.02 69.8 69.6 69.26 69.06 68.82 68.47 68.28 68.26 68 67.84 67.5 67.89 67.62 67.45 67.77 67.6 67.34 67.56 67.34 67.11 66.65 66.17 65.76 65.45 65.14 65.02 64.78 64.9 64.95 65.11 64.95 65.04 64.83 64.5 64.31 64.1 63.47 63.04 62.23 61.63 61.35 61.09 60.5 60.03 60.76 60.15 59.51 59.11 58.42 57.7 56.57 55.24 54.25 53.51 52.66 52.43 51.71 51.07 50.72 49.81 50.04 50.29 49.62 49.19 48.7 49.14 48.25 48.45 47.7 46.89
-9999 -9999 71.5 71.35 71.03 70.85 70.73 70.55 70.19 69.95 69.77 69.46 69.08 68.68 68.26 67.95 67.92 67.7 67.49 67.48 67.57 67.13 67.44 67.53 67.24 67.15 67.05 66.48 66.15 65.67 65.48 65.14 65.29 65.07 64.99 65.31 65.18 65.3 65.35 65.06 64.98 64.81 64.55 64.15 63.78 63.76 63.98 63.63 63.45 62.29 61.94 62.19 61.78 61.25 59.19 59.1 58.45 57.37 56.95 56.06 55.2 55.22 54.04 53.2 52.05 51.47 51.39 50.96 50.32 50.21 49.29 49.48 49.34 49.32 48.98 48.76 48.02
-9999 -9999 71.68 71.81 71.93 70.92 71.11 70.6 70.4 70.53 70.23 69.66 69.2 68.81 68.65 68.55 68.08 67.93 67.72 67.39 67.64 67.4 67.35 67.15 66.99 66.93 66.65 66.45 65.91 65.47 65.56 65.39 65.48 65.27 65.19 65.18 65.48 65.31 65.39 65.55 65.24 65.23 65.15 65.11 65.13 64.86 64.99 64.53 64.24 63.91 63.23 62.88 62.38 62.2 60.73 59.34 59.49 58.72 58.28 57.17 55.78 55.78 56.1 54.66 53.3 52.76 52.74 52.75 52.24 51.39 51.14 51.1 50.06 50 49.64 48.82 48.16
-9999 72.375 72.68 72.33 72.06 71.84 71.77 71.3 70.96 70.65263 70.51 70.13 69.5 69.08 68.71 68.38 68.25 67.72 67.52 67.43 67.1 67.63 67.39 67.26 67.03 66.78 66.61 66.29 65.82 65.47 65.38 65.22 65.3 65.38 65.36 65.58 65.64 65.55 65.63 65.49 65.5 65.89 65.29 65.72 66.08 66.03 65.6 65.6 65.5 64.68 64.29 63.77 63.16 62.52 62.07 60.78 59.69 59.85 59.28 58.01 57.18 56.54 56.26 55.93 54.5 53.54 53.75 53.44 53.19 52.83 51.79 51.5 51.43 50.34 50.07 49.85 48.57
-9999 73.42 73.55 73.4 72.76 72.31 72.30851 71.86667 71.8046 71.15 70.75 70.17 69.78 69.64 69.21 68.66 68.32 68.01 67.55 67.31 67.05 66.95 67.07 67.36 67.25 66.63 66.66 66.05 65.8 65.41 65.38 65.35 65.56 65.83 66.02 65.8 65.73 65.93 65.81 65.88 66.26 66.2 66.62 66.04 66.04 65.96 66.35 65.56 65.67 65.75 65.21 64.88 64.53 63.92 63.36 61.99 61.45 60.65 60.4 59.98 59.33 57.85 57.21 57.5 56.07 55.72 55.36 54.54 54.1 53.92 53.02 52.64 52.21 51.47 50.33 49.81 48.69
-9999 74.32653 74.28 73.99 73.11 72.81443 72.67088 72.65 71.97 71.61 70.86 70.59 70.02 69.8 69.38 68.95 68.34 67.78 67.84 67.48 66.81 66.82 66.9 66.84 66.78 66.62 66.52 66.23 65.92 65.46 65.24 65.5 66.46 66.44 66.44 66.42 66.48 66.44 66.35 66.77 67.12 67.22 67.07 66.84 66.77 66.59 66.61 66.35 65.95 66.02 65.68 65.57 65.19 64.02 64.1 63.3 62.84 62.23 61.64 60.56 60.53 59.97 58.93 58.56 57.4 56.79 56.23 55.87 55.79 54.51 53.43 52.91 52.42 52.05 51.4 49.76 48.62
-9999 75.26 75.44 74.3 73.84 73.2 72.5679 72.57 71.8 71.62 71.1 70.49 70.19 69.58 69.15 69.09 68.4 67.85 67.71 67.53 67.31 66.7 66.5 66.52 66.97 66.72 66.42 66.28 65.98 65.74 65.33 65.93 66.78 66.57 66.82 66.28 66.63 67.05 67.09 67.22 67.17 67.42 67.43 67.23 67.12 67.16 66.69 67 66.79 66.81 66.43 66.41 66.23 65.55 65.45 64.99 63.67 63.24 62.21 61.62 61.9 61.21 59.67 59.4 59.03 57.86 57.41 57.07 56.65 55.72 54.78 53.94 53.34 53.1 51.94 50.98 49.46
73.95061 75.6 76.26 74.93 73.85107 -9999 -9999 72.56 71.95 71.71 71.1 70.59 70.28 69.72 69.44 68.9 68.27 67.87 67.56 67.61 67.21 66.91 66.66 66.26 66.4 66.7 66.74 66.59 66.34 65.97 65.84 66.46 66.65 66.73 66.91 66.93 67.15 67.04 67.56 67.55 67.51 67.4 67.72 67.83 67.36 67.51 67.54 67.62 67.42 66.95 67.17 66.59 66.6 67.02 66.23 66.04 65.26 64.93 63.71 62.82 62.3 62.12 61.45 60.39 59.85 59.46 57.91 57.51 57.51 57.46 56.22 55.47 54.71 53.4 52.3 51.2 50.13
74.46 75.90141 75.83784 74.63636 73.8 73.54166 73.1573 72.72 72.16 71.87 71.25 70.84 70.22 69.58 69.48 68.82 68.33 67.67 67.16 67.32 67.01 67.01 66.49 66.63 66.58 66.54 67.11 66.72 66.5 66.38 66.67 66.73 66.88 67.09 67.25 67.43 67.52 67.2 67.78 68.08 68.07 67.99 68.07 68.15 67.72 67.99 68.14 67.96 67.71 67.23 67.46 67.6 67.79 67.73 67.38 67.31 66.71 65.89 65.19 64.57 63.7 62.54 62.04 61.87 60.91 60.04 58.54 58.31 58.82 58.14 57.09 56.39 55.69 54.29 53.14 52.27 50.65
-9999 -9999 -9999 74 73.93507 73.39286 73.24 72.85 72.6 72.14 71.39 71.05 70.54 69.62 69.43 68.55 68.25 67.58 67.31 67.02 66.72 66.68 66.68 66.87 66.65 67.02 67.02 67.19 66.92 66.75 67.07 67.13 67.3 67.4 67.77 67.81 67.95 68.08 67.76 68.53 68.31 68.35 68.34 68.43 68.65 68.3 68.57 68.62 68.3 68.38 68.56 68.8 68.67 68.37 67.81 68.1 67.54 66.41 66.36 65.61 64.86 63.81 63.08 62.4 61.84 61.32 61.02 60.5 59.3 59.31 57.98 56.87 56.38 55.83 54.16 52.79 52.02
-9999 -9999 -9999 -9999 73.47 73.44 72.88889 72.81177 72.58242 72.43956 71.77 71.42 70.9 70.05 69.34 68.82 68.2 68.07 67.58 67.26 67.45 67.38 67.44 67.03 66.73 66.85 67.23 67.12 67.33 67.51 67.42 67.54 67.41 67.63 67.8 68.02 68.58 68.53 68.45 68.68 69.19 68.7 69.13 69.17 69.37 68.58 68.6 68.84 68.81 69.33 69.07 69.21 69.32 69.09 68.91 68.97 68.83 67.88 67.01 65.39 64.35 64.55 64.32 63.82 64 63.37 62.17 61.72 60.82 59.73 59.04 57.91 57.17 56.11 55 53.69 52.75
-9999 -9999 -9999 -9999 73.01234 72.82858 -9999 72.82353 -9999 72.39744 72.02 71.38 71.13 70.67 70.21 69.68 69.19 68.53 68.17 68.33 67.84 68.14 67.8 67.41 67.42 67.24 67.77 67.69 67.57 67.83 67.88 68.02 67.76 68 68.1 68.46 68.53 68.94 69.2 69.18 69.02 69.41 69.6 69.49 69.63 69.09 69.24 69.41 69.42 69.35 69.39 69.19 69.74 69.68 69.6 69.22 69.05 68.55 68.3 67.91 66.62 64.68 64.33 64.11 63.6 64.24 64.12 62.4 60.87 59.5 58.33 58.86 58.09 56.97 56.21 55.29 53.98
-9999 -9999 -9999 -9999 -9999 -9999 -9999 -9999 72.19643 72.12245 72.1579 71.91 71.32 70.78 70.39 70.08 69.51 68.66 68.46 67.79 68.44 68.22 68.36 68.06 68.07 67.81 67.83 68.2 67.99 67.98 68.44 68.25 68.38 68.87 68.9 69.03 69.09 69.52 69.44 69.76 69.93 69.9 69.92 70.1 70.17 69.92 69.86 69.97 69.92 69.8 69.84 69.55 69.56 69.89 69.77 69.66 69.19 68.84 68.36 67.89 67.67 67.26 66.86 65.7 65.26 64.65 65.38 63.77 63.24 62.19 60.67 60.09 59.07 58.89 58.14 56.77 55.39
-9999 -9999 -9999 -9999 -9999 -9999 -9999 -9999 -9999 72.22 72.37 71.89 71.42 71.38 70.58 70.14 70.12 69.43 68.9 68.67 67.96 68.38 68.5 68.29 68.67 68.43 68.42 68.6 68.74 68.6 68.53 68.9 69.35 69.52 69.49 69.69 69.56 69.99 70.05 70.11 70.14 70.39 70.51 70.68 70.76 70.76 70.98 70.46 70.61 70.97 70.88 70.68 70.4 69.97 70.45 70.45 70.04 69.7 69.06 68.77 67.93 67.79 67.48 67.8 66.81 66.73 66.48 65.77 65.33 64.4 63.45 62.51 61.79 60.72 59.36 57.6 56.49
-9999 -9999 -9999 -9999 -9999 -9999 -9999 -9999 -9999 72.29 72.21 72.13 71.62 71.43 71.04 70.86 69.95 69.67 69.5 69.21 68.81 68.78 68.85 68.63 68.72 68.81 68.99 68.78 69.39 69.29 69.4 69.39 69.65 69.45 69.59 69.84 70.34 70.07 70.38 70.75 70.72 70.8 70.95 71.15 71.49 71.73 71.92 71.88 71.33 71.14 71.06 71.46 71.6 71.44 71.12 71.32 71.33 70.98 70.14 70.03 69.44 69.3 68.45 68.9 68.01 67.92 67.86 66.87 66.59 65.9 64.92 64.03 63.22 61.72 60 58.65 57.49
-9999 -9999 -9999 -9999 -9999 -9999 -9999 -9999 73.25 72.23 71.62 71.94 72.03 71.86 71.45 71.48 71.09 70.84 69.71 70.21 70.1 69.65 69.82 69.44 68.91 69.3 69.1 69.17 69.89 69.68 69.8 69.68 69.88 69.95 70.33 70.28 70.46 70.5 70.86 70.99 71.51 71.74 71.73 71.38 71.77 71.91 72.54 72.84 72.83 72.6 72.44 71.87 71.31 71.93 72.52 72.34 72.24 72.24 71.7 71.21 71.91 71.4 70.61 70.17 69.8 69.65 68.84 68.43 67.53 66.76 66.26 65.29 64.08 62.39 61.45 60.08 58.3
