layers/wordclim/future/Iberia_wcB2a_10_hadcm3_2050/bio_11.asc
ncols         166
nrows         93
xllcorner     -9.4959440078468
yllcorner     36.000324005443
cellsize      0.083333337679505
NODATA_value  -9999
[rows 0 to 33 of 93, columns 76 to 151 of 166]
-9999 -9999 -9999 -9999 -9999 -9999 -9999 -9999 -9999 -9999 -9999 -9999 -9999 -9999 -9999 -9999 -9999 -9999 -9999 -9999 -9999 -9999 -9999 -9999 -9999 -9999 -9999 -9999 -9999 -9999 -9999 -9999 -9999 -9999 -9999 -9999 -9999 -9999 -9999 -9999 -9999 -9999 -9999 -9999 -9999 -9999 -9999 -9999 -9999 -9999 -9999 -9999 -9999 -9999 -9999 -9999 -9999 -9999 -9999 -9999 -9999 -9999 -9999 -9999 -9999 -9999 -9999 -9999 -9999 -9999 -9999 -9999 -9999 -9999 -9999 -9999
-9999 -9999 -9999 -9999 -9999 -9999 -9999 -9999 -9999 -9999 -9999 -9999 -9999 -9999 -9999 -9999 -9999 -9999 -9999 -9999 -9999 -9999 -9999 -9999 -9999 -9999 -9999 -9999 -9999 -9999 -9999 -9999 -9999 -9999 -9999 -9999 -9999 -9999 -9999 -9999 -9999 -9999 -9999 -9999 -9999 -9999 -9999 -9999 -9999 -9999 -9999 -9999 -9999 -9999 -9999 -9999 -9999 -9999 -9999 -9999 -9999 -9999 -9999 -9999 -9999 -9999 -9999 -9999 -9999 -9999 -9999 -9999 -9999 -9999 -9999 -9999
-9999 -9999 -9999 -9999 -9999 -9999 -9999 -9999 -9999 -9999 -9999 -9999 -9999 -9999 -9999 -9999 -9999 -9999 -9999 -9999 -9999 -9999 -9999 -9999 -9999 -9999 -9999 -9999 -9999 -9999 -9999 -9999 -9999 -9999 -9999 -9999 -9999 -9999 -9999 -9999 -9999 -9999 -9999 -9999 -9999 -9999 -9999 -9999 -9999 -9999 -9999 -9999 -9999 -9999 -9999 -9999 -9999 -9999 -9999 -9999 -9999 -9999 -9999 -9999 -9999 -9999 -9999 -9999 -9999 -9999 -9999 -9999 -9999 -9999 -9999 -9999
-9999 -9999 -9999 -9999 -9999 -9999 -9999 -9999 -9999 -9999 -9999 -9999 -9999 -9999 -9999 -9999 -9999 -9999 -9999 -9999 -9999 -9999 -9999 -9999 -9999 -9999 -9999 -9999 -9999 -9999 -9999 -9999 -9999 -9999 -9999 -9999 -9999 -9999 -9999 -9999 -9999 -9999 -9999 -9999 -9999 -9999 -9999 -9999 -9999 -9999 -9999 -9999 -9999 -9999 -9999 -9999 -9999 -9999 -9999 -9999 -9999 -9999 -9999 -9999 -9999 -9999 -9999 -9999 -9999 -9999 -9999 -9999 -9999 -9999 -9999 -9999
-9999 -9999 100.7356 99.64 95.18 98.15116 98.03846 99.81818 -9999 -9999 -9999 -9999 -9999 -9999 -9999 -9999 -9999 -9999 -9999 -9999 -9999 -9999 -9999 -9999 -9999 -9999 -9999 -9999 -9999 -9999 -9999 -9999 -9999 -9999 -9999 -9999 -9999 -9999 -9999 -9999 -9999 -9999 -9999 -9999 -9999 -9999 -9999 -9999 -9999 -9999 -9999 -9999 -9999 -9999 -9999 -9999 -9999 -9999 -9999 -9999 -9999 -9999 -9999 -9999 -9999 -9999 -9999 -9999 -9999 -9999 -9999 -9999 -9999 -9999 -9999 -9999
91.85 91.52041 101.0808 97.8 98.53 97.81 96.25 92.89 97.90909 97.63013 103.05 104.0164 105.4918 104.381 103.8021 97.85 85.34 88.32433 -9999 -9999 -9999 -9999 -9999 -9999 -9999 -9999 -9999 -9999 -9999 -9999 -9999 -9999 -9999 -9999 -9999 -9999 -9999 -9999 -9999 -9999 -9999 -9999 -9999 -9999 -9999 -9999 -9999 -9999 -9999 -9999 -9999 -9999 -9999 -9999 -9999 -9999 -9999 -9999 -9999 -9999 -9999 -9999 -9999 -9999 -9999 -9999 -9999 -9999 -9999 -9999 -9999 -9999 -9999 -9999 -9999 -9999
89.13 87.85 84.84 94.94 96.08 93.14 85.67 86.54 89.35 88.5 90.22 89.43 90.58 98.36 87.16 86.75 70.3 82.81 75.75 66.51 64.39 -9999 -9999 -9999 -9999 -9999 -9999 -9999 -9999 -9999 -9999 -9999 -9999 -9999 -9999 -9999 -9999 -9999 -9999 -9999 -9999 -9999 -9999 -9999 -9999 -9999 -9999 -9999 -9999 -9999 -9999 -9999 -9999 -9999 -9999 -9999 -9999 -9999 -9999 -9999 -9999 -9999 -9999 -9999 -9999 -9999 -9999 -9999 -9999 -9999 -9999 -9999 -9999 -9999 -9999 -9999
86.25 84.93 86.16 86.71 87.62 76.85 82.87 85.57 85.91 82.17 81.5 81.36 84.77 87.05 72.25 64.59 62.59 75.15 75.44 71.16 59.16438 -9999 -9999 -9999 -9999 -9999 -9999 -9999 -9999 -9999 -9999 -9999 -9999 -9999 -9999 -9999 -9999 -9999 -9999 -9999 -9999 -9999 -9999 -9999 -9999 -9999 -9999 -9999 -9999 -9999 -9999 -9999 -9999 -9999 -9999 -9999 -9999 -9999 -9999 -9999 -9999 -9999 -9999 -9999 -9999 -9999 -9999 -9999 -9999 -9999 -9999 -9999 -9999 -9999 -9999 -9999
62.92 80.93 81.34 66.45 50.57 67.61 67.43 80.54 84.11 74.47 82.73 87.91 83.05 68.33 70.03 55.17 55.62 55.54 50.84 41.89 40.15 -9999 35.11905 32.69643 -9999 -9999 -9999 -9999 -9999 -9999 -9999 -9999 -9999 -9999 -9999 -9999 -9999 -9999 -9999 -9999 -9999 -9999 -9999 -9999 -9999 -9999 -9999 -9999 -9999 -9999 -9999 -9999 -9999 -9999 -9999 -9999 -9999 -9999 -9999 -9999 -9999 -9999 -9999 -9999 -9999 -9999 -9999 -9999 -9999 -9999 -9999 -9999 -9999 -9999 -9999 -9999
57.65 61.58 65.19 68.22 62.31 69.82 70.36 63.87 61 50.18 62.88 69.86 62.53 50.89 53.41 59.26 60.45 59.27 58.01 49.88 46.48 40.98 38.43 36.22 32.12 25.37634 21.80328 17.4 2.655172 -9999 -9999 -9999 -9999 -9999 -9999 -9999 -9999 -9999 -9999 -9999 -9999 -9999 -9999 -9999 -9999 -9999 -9999 -9999 -9999 -9999 -9999 -9999 -9999 -9999 -9999 -9999 -9999 -9999 -9999 -9999 -9999 -9999 -9999 -9999 -9999 -9999 -9999 -9999 -9999 -9999 -9999 -9999 -9999 -9999 -9999 -9999
59.91 58.54 56.53 59.25 68.4 73.12 72.82 71.12 68.62 67.26 56.71 58.32 57.19 56.03 44.86 57.07 66.29 62.75 58.45 54.63 48.96 46.76 42.07 31.96 38.71 30.15 28.4 21.17 3.06 -2.513158 -9999 -9999 -9999 -9999 -9999 -9999 -9999 -9999 -9999 -9999 -9999 -9999 -9999 -9999 -9999 -9999 -9999 -9999 -9999 -9999 -9999 -9999 -9999 -9999 -9999 -9999 -9999 -9999 -9999 -9999 -9999 -9999 -9999 -9999 -9999 -9999 -9999 -9999 -9999 -9999 -9999 -9999 -9999 -9999 -9999 -9999
54.28 69.57 62.3 68.54 68.18 63.06 61.27 56.59 57.25 50.55 47.6 51.38 52.74 43.44 48.55 52.94 65.5 66.68 64.72 57.77 57.26 56.83 48.92 45.67 43.82 40.52 39.21 26.66 15.92 7.26 -10.41935 -6.985075 -16.10256 -8.829545 -25.12121 -33.43283 -9999 -9999 -9999 -9999 -9999 -9999 -9999 -9999 -9999 -9999 19.51 1.99 -17.65385 -21.74545 -9999 -9999 -9999 -9999 -9999 -9999 -9999 -9999 -9999 -9999 -9999 -9999 -9999 -9999 -9999 -9999 -9999 -9999 -9999 -9999 -9999 -9999 -9999 -9999 -9999 -9999
54.11 71.63 73.03 71.87 66 65.06 62.34 54.1 57.79 58.79 56.93 56.29 58.81 64.57 68.03 63.46 64.72 58.26 57.16 51.67 51.06 56.02 60.56 51.67 46.37 41.6 43.85 37.76 35.21 31.96 17.13 8.25 -19.33 -8.34 6.53 -23.62 -12.8587 -9999 -9999 -9999 -12.76389 -9999 -28.81482 -9999 -9999 -9999 4.72449 12.92 0.06 -10.19 -16.26 -3.439024 -16.06349 -14.72727 -9999 -9999 -9999 -9999 -9999 -9999 -9999 -9999 -9999 -9999 -9999 -9999 -9999 -9999 -9999 -9999 -9999 -9999 -9999 -9999 -9999 -9999
57.29 62.08 66.31 69.82 61.68 53.18 50.59 55.56 56.64 56.5 58.55 66.58 65.71 63.94 68.58 71.26 70.06 61.1 57.42 47.84 48.59 54.34 60.41 53.37 47.83 52.06 52.03 53.22 43.87 37.41 34.84 30.92 18.29 14.08 22.03 5.09 13.04 -6.13 -14.58 -0.39 11.03 -12.79 -12.89 -26.55 -1.61 -36.56 -27.78 -19.01 -21.17 -22.5 -9.26 18.97 1.59 1.16 -20.75258 -9999 -9999 -9999 -9999 -9999 -9999 -9999 -9999 -9999 -9999 -9999 -9999 -9999 -9999 -9999 -9999 -9999 -9999 -9999 -9999 -9999
57.31 65.19 69.6 70.49 71.82 70.84 68.83 68.95 66.91 65.85 67.65 70.7 69.8 71.28 71.29 73.41 72.4 65.79 61.28 53.38 58.31 64 62.93 61.36 52.17 48.17 41.37 48.14 50.79 41.83 41.51 34.98 37.28 38.86 25.36 14.69 22.67 18.08 22.73 35.98 26.52 -5.7 -0.34 14.96 -3.65 -11.27 -0.7 -4.66 -12.59 -26.32 -21.66 15.78 27.98 15.11 -6.56 -9999 -9999 -9999 -9999 -9999 -9999 -9999 -9999 -9999 -9999 -9999 -9999 -9999 -9999 -9999 -9999 -9999 -9999 -9999 -9999 -9999
58.07 60.36 64.47 64.56 67.19 70.42 68.39 70.49 72.49 72.22 73.39 73.74 71.77 72.87 73.09 71.25 73.13 69.14 69.97 62.14 60.62 62.14 53.02 49.1 46.39 45.47 38.52 37.63 45.33 43.73 44.54 39.99 42.5 42.52 31.45 24.56 22.16 36.67 37.46 48.05 32.67 22.33 22.86 22.3 11.41 19.92 28.24 13.4 -12.04 -6.55 -3.33 24.52 18.37 7.49 6.14 -9999 -9999 -16 -13.38947 -1.05618 28.2963 37.47059 -9999 -9999 -9999 -9999 -9999 -9999 -9999 -9999 -9999 -9999 85.55357 78.95588 84.64151 -9999
42.53 42.82 50.66 54.65 64.48 62.59 52.64 60.92 64.26 66.45 66.53 69.73 71.9 74.76 74.08 71.84 74.65 73.63 72.76 71.09 68.91 68.11 62.91 53.32 50.19 46.04 41.98 40.71 46.31 48.75 40.79 40.06 39.29 35.34 34.92 31.11 27.67 28.3 40.37 50.73 51.66 46.45 38.13 31.61 22.93 18.88 29.78 29.03 26.06 30.63 25.62 33.04 8.44 20.86 38.88 44.9 32.2 28.22 33.33 37.85 36.98 24.52055 -9999 -1.4375 -0.82 18.61 32.27059 -9999 -9999 -9999 71.59574 87.57 98.42 101.11 101.64 100.4382
29.01 37.99 28.82 39.84 54.14 44.5 38.64 46.77 45.58 43.21 51.2 48.57 62.5 71.74 75.05 75.17 74.99 75.37 71.97 69.76 69.88 68.95 66.49 62.16 58.23 54.72 52.75 49.59 55.5 55.35 49.18 39.62 31.78 30.58 28.88 20.21 27.24 31.43 39.45 51.64 55.6 43.59 48.29 36.56 43.83 33.61 42.73 35.72 27.94 44.3 46.16 23.2 18.56 30.22 51.61 38.02 20.39 11.33 11.84 25.49 23.51 21.7 28.79 38.85 34.27 37.11 54.42 66.04 69.55 69.52 77.2 90.6 98.76 105.52 108.3 106.9101
17.97 20.97 18.05 32.62 37.63 34.15 44.07 37.77 43.8 35.87 46.5 49.62 57.53 64.61 66.39 74.16 77.2 77.27 73.86 74.33 74.38 70.45 69.29 67.79 67.92 63.9 59.81 57.19 61.05 62.65 61.77 60.91 57.06 53.55 48.44 50.11 50.48 44.7 47.17 47.12 56.31 49.66 57.16 51.95 45.9 42.86 50.81 40.48 49.92 57.61 39.96 21.56 33.8 49.83 47.05 28.23 18.5 18.52 25.65 32.02 50.47 42.24 47.73 55.13 61.34 56.07 61.71 79.71 81.6 87.74 91.41 96.54 101.6 105.79 110.1053 -9999
33.33 29.39 36.09 33.05 23.41 29 33.86 28.8 25.08 31.95 39.33 40.04 47 52.19 54.28 68.82 74.09 74.33 76.28 75.31 71.46 69.11 72.74 73.41 73.16 71.03 68.09 66.12 67.55 67.2 64.82 63.12 64.31 63.91 59.82 60.37 61.34 58.79 59.92 58.74 62.96 55.69 55.96 47.92 48.3 47.04 54.41 46.69 61.89 60.94 58.39 41.88 39.9 53.77 44.82 36.74 33.19 46.82 43.01 33.31 62.24 59.59 61.45 60.73 68.15 56.22 55.88 77.21 74.92 83.88 90.14 97.51 101.01 105.65 109.53 112.9254
23.74 19.88 18.94 12.35 16.33 16.04 16.61 18.61 26.41 34.53 31.7 37.37 42.39 54.11 61.78 65.19 68.83 74.73 77.13 77.62 73.93 67.32 68.52 76.28 72.04 65.43 63.51 65.84 71.09 68.8 69.53 66.86 68.7 68.28 63.92 64.03 65.41 64.64 66.08 67.75 68.59 52.93 49.71 48.87 54.96 52.06 44.92 43.46 58.32 43.41 48.63 52.33 60.1 68.37 63.8 60.46 60.48 58.86 57.21 65.61 76.16 71.32 71.26 67.9 72.97 78.64 68.52 62.35 78.82 87.28 87.54 97.69 102.8 106.51 111.67 113.2959
39.55 37.33 32.22 22.62 27.34 20.52 28.78 29.48 35.48 30.08 28.89 34.76 41.75 51.09 55.58 58.2 59.49 70.27 72.17 75.82 79.26 78.06 77.53 77.1 72.45 65.42 57.96 64.48 74.13 71.86 67.49 68.4 71.97 72.65 69.14 67.97 69.77 67.22 70.39 71.71 71.24 65.42 60.59 55.02 55.89 58.56 52.11 57.84 61.44 52.91 66.15 70.67 70.46 69.37 65.68 60.1 66.7 74.14 74.56 73.95 80.88 77.3 78.69 73.44 77.23 83.66 79.06 76.2 78.96 91.03 95.94 100.34 96.97 102.65 110.29 113.62
40.39 37.91 37.17 37.47 39.94 41.44 42.28 41.36 43.95 43.14 37.65 35.23 40.02 44.08 44.29 50.04 57.23 62.24 61.3 67.72 76.72 78.37 80.81 79.15 69.24 65.21 65.38 69.45 76.48 73.28 67.96 64.1 71 73.51 75.45 74.84 73.36 68.01 72.86 76.94 73.72 71.46 68.62 66.77 66.28 63.44 62.63 65.44 70.63 71 75.23 72.71 76.04 75.87 70.65 67.39 65.71 74.33 82.56 81.85 87.78 85.94 80.74 68.52 76.93 78.81 74.1 68.82 77.52 90.03 98.99 100.79 101.59 99.42 105.42 111.9315
42.38 42.34 40.06 39.8 40.34 40.51 40.64 45.27 46.48 44.67 41.55 39.75 40.69 40.24 39.66 21.91 30.13 53.26 59.8 66.18 70.87 74.99 78.35 81.49 80.87 76.57 72.54 76.91 79.62 74.65 70.39 63.26 66.13 72.06 75.06 78.06 76.21 75.39 78.45 79.5 74.76 76.7 77.02 75.79 71.99 73.42 74.36 77.81 78.89 78.87 78.82 79.16 76.86 75.97 76.06 75.25 70.63 71.29 80.43 91.36 93.56 91.3 81.62 73.87 75.82 71.97 62.3 66.71 91.85 98.1 103.56 102.88 100.78 103.9063 -9999 -9999
47.29 46.78 44.47 46.21 43.98 41.53 43.36 44.94 46.26 47.59 46.27 44.21 43.87 40.62 34.59 30.44 26.13 35.92 49.01 55 65.76 71.92 75.25 79.11 81.27 83.44 82.75 82.09 82.74 75.18 70.47 66.25 63.22 64.7 70.48 77.39 79.65 79.99 82.04 82.78 79.45 80.91 80.62 74.89 72.54 77.07 79.71 81.78 82.71 83.64 83.13 82.1 79.77 76.61 72.4 71.25 74.09 77.2 84.52 96.07 97.82 86.04 81.28 80.11 86.14 87.7 87.18 96.83 101.55 101.5 107.6837 106.2414 105.9821 -9999 -9999 -9999
48.85 50.16 48.67 48.33 47.9 48.81 47.41 45.74 46.08 49.09 48.15 45.41 44.48 41.67 39.77 38.17 42.29 46.52 55.49 56.78 61.66 72.27 76.64 73.4 71.17 76.68 81.37 83.75 86.21 83.41 78.77 78.87 76.17 69.56 66.77 71.09 73.4 71.31 77.37 81.57 84.14 84.44 80.69 78.97 79.84 81.48 82.04 83.02 83.65 83.93 84.15 82.03 77.71 74.58 72.78 75.59 83.32 85.74 85.99 86.23 99.82 85.26 89.81 98.23 105.54 106.32 103.87 98.47 100.5859 102.9211 -9999 -9999 -9999 -9999 -9999 -9999
53.16 52.49 49.91 50.96 51.34 49.48 48.38 47.4 48.69 45.99 43.94 45.19 45.97 42.51 44.23 44.32 46.11 45.62 58.06 64.16 66.3 74.17 76.21 71.62 64.81 71.36 72.74 74.24 80.21 84.27 87.25 85.44 82.57 80 77.43 75.08 78.94 79.43 78.93 81.4 80.63 85.09 85.68 86.89 86.7 83.92 82.97 83.8 84.31 82.95 80.56 76.4 71.76 69.25 72.1 76.02 85.91 92.37 93.63 97.58 106.02 104.37 106 110.9 113.66 107.97 106.9787 -9999 -9999 -9999 -9999 -9999 -9999 -9999 -9999 -9999
48.58 49.34 49.78 50.44 49.37 49.15 50.39 51.06 48.64 44.64 44.12 49.94 48.8 47.96 47.47 50.34 54.47 52.12 50.23 65.7 67.01 72.19 73.36 69.01 68.79 68.4 63.51 66.65 72.4 78.74 84.21 88.98 88.49 83.77 80 79.99 81.61 82.31 84.91 85.91 84.72 82.39 92.75 89.99 86.38 83.84 81.14 79.35 78.81 79.55 76.45 77.74 80.25 76.4 77.13 74.78 79.65 90.06 102.05 107.17 108.49 112.77 113.38 112.15 115.8085 -9999 -9999 -9999 -9999 -9999 -9999 -9999 -9999 -9999 -9999 -9999
41.15 39.95 40.45 44.74 46.59 44.16 44.76 46.1 47.15 46.59 49.42 54.01 52.84 51.07 51.93 51.3 59.51 58.56 64.06 53.01 51.05 51.7 62.03 66.05 62.75 64.52 59.36 66.82 75.78 80.16 85.67 87.65 90.17 87.94 83.2 82.88 83.43 83.99 86.59 92.02 88.06 90.73 89.32 85.62 83.4 80.6 77.08 75.01 73.69 70.82 74.65 80.39 88.91 88.62 89.37 81.08 89.19 102.4 106.74 105.25 98.69 109.51 117.97 118.0851 -9999 -9999 -9999 -9999 -9999 -9999 -9999 -9999 -9999 -9999 -9999 -9999
34.41 35.51 38.75 41.71 43.02 43.81 43.36 43.31 43 46.21 52.48 54.98 56.69 57.51 58.49 56.74 58.2 60.17 60.97 53.84 46.7 46.02 49.5 56.58 55.79 56.4 58.25 64.34 71.84 77.24 81.79 85.38 88.48 92.29 93.21 94.27 95.05 96.76 97.61 95.12 89.75 89.58 91.48 90.65 94.71 91.7 83.78 72.63 69.82 66.14 62.83 79.52 100.28 101.79 100.72 99.24 106.58 110.65 109.37 112.46 105.0408 111.9012 121.7353 -9999 -9999 -9999 -9999 -9999 -9999 -9999 -9999 -9999 -9999 -9999 -9999 -9999
29.4 35.16 44.3 43.89 46.85 48.23 41.87 41.83 41.94 45.99 50.36 52.23 50.79 48.09 48.83 51.86 54.55 49.12 50.22 52.81 47.38 45.77 45.95 45.32 47.57 52.32 57.32 63.09 66.72 71.8 79.25 84.8 88.82 90.65 91.23 93.57 96.35 97.29 96.64 93.35 97.05 97.44 97.25 93.59 104.65 100.43 92.28 94.01 86.79 82.68 92.72 100.12 111.07 110.09 110.61 110.7959 116.3924 115.4091 -9999 -9999 -9999 -9999 -9999 -9999 -9999 -9999 -9999 -9999 -9999 -9999 -9999 -9999 -9999 -9999 -9999 -9999
35.93 40.2 43.57 45.65 49.11 49.37 43.68 41.96 41.87 40.36 38.6 36.82 36.84 39.88 42.05 42.85 44.71 42.19 40.83 43.1 50.31 46.39 44.62 41.41 42.24 48.28 53.27 58.52 58.86 57.5 69.21 79.86 81.43 84.48 87.4 89.64 87.77 94.48 94.39 93.02 97.19 93.39 91.18 88.16 100.38 108.28 108.46 98.87 87.57 104 112.01 115.54 117.8272 -9999 -9999 -9999 -9999 -9999 -9999 -9999 -9999 -9999 -9999 -9999 -9999 -9999 -9999 -9999 -9999 -9999 -9999 -9999 -9999 -9999 -9999 -9999
41.96 50.53 51.55 50.76 51.09 47.37 44.99 41.94 40.7 40.48 36.08 33.02 33.82 37.43 33.2 35.19 37.87 40.38 40.27 38.83 38.01 47.79 41.44 38.22 32.01 38.6 48.49 53.9 57.46 61.15 67.42 72.02 71.87 77.52 82.81 88.36 89.84 87.94 86.2 90.17 92.42 90.89 94.39 95.85 106 116.29 102.96 92.72 100.41 116.1831 -9999 -9999 -9999 -9999 -9999 -9999 -9999 -9999 -9999 -9999 -9999 -9999 -9999 -9999 -9999 -9999 -9999 -9999 -9999 -9999 -9999 -9999 -9999 -9999 -9999 -9999
53.11 54.47 57.26 54.62 52.25 47.61 43.92 43.01 43.12 41.21 40.11 37.07 33.96 32.77 33.71 36.51 38.54 38.57 38.35 41.93 41.16 40.68 45.49 39.47 31.92 31.69 39.31 46.18 53.68 64.13 65.62 65.82 64.52 71.52 78.82 86.43 86.5 80.76 82.75 88.22 86.64 91.78 90.25 110.19 107.59 105.59 108.25 105.98 109.38 -9999 -9999 -9999 -9999 -9999 -9999 -9999 -9999 -9999 -9999 -9999 -9999 -9999 -9999 -9999 -9999 -9999 -9999 -9999 -9999 -9999 -9999 -9999 -9999 -9999 -9999 -9999
