layers/wordclim/future/Iberia_wcB2a_10_hadcm3_2050/bio_05.asc
ncols         166
nrows         93
xllcorner     -9.4959440078468
yllcorner     36.000324005443
cellsize      0.083333337679505
NODATA_value  -9999
[rows 0 to 32 of 93, columns 73 to 145 of 166]
-9999 -9999 -9999 -9999 -9999 -9999 -9999 -9999 -9999 -9999 -9999 -9999 -9999 -9999 -9999 -9999 -9999 -9999 -9999 -9999 -9999 -9999 -9999 -9999 -9999 -9999 -9999 -9999 -9999 -9999 -9999 -9999 -9999 -9999 -9999 -9999 -9999 -9999 -9999 -9999 -9999 -9999 -9999 -9999 -9999 -9999 -9999 -9999 -9999 -9999 -9999 -9999 -9999 -9999 -9999 -9999 -9999 -9999 -9999 -9999 -9999 -9999 -9999 -9999 -9999 -9999 -9999 -9999 -9999 -9999 -9999 -9999 -9999
-9999 -9999 -9999 -9999 -9999 -9999 -9999 -9999 -9999 -9999 -9999 -9999 -9999 -9999 -9999 -9999 -9999 -9999 -9999 -9999 -9999 -9999 -9999 -9999 -9999 -9999 -9999 -9999 -9999 -9999 -9999 -9999 -9999 -9999 -9999 -9999 -9999 -9999 -9999 -9999 -9999 -9999 -9999 -9999 -9999 -9999 -9999 -9999 -9999 -9999 -9999 -9999 -9999 -9999 -9999 -9999 -9999 -9999 -9999 -9999 -9999 -9999 -9999 -9999 -9999 -9999 -9999 -9999 -9999 -9999 -9999 -9999 -9999
-9999 -9999 -9999 -9999 -9999 -9999 -9999 -9999 -9999 -9999 -9999 -9999 -9999 -9999 -9999 -9999 -9999 -9999 -9999 -9999 -9999 -9999 -9999 -9999 -9999 -9999 -9999 -9999 -9999 -9999 -9999 -9999 -9999 -9999 -9999 -9999 -9999 -9999 -9999 -9999 -9999 -9999 -9999 -9999 -9999 -9999 -9999 -9999 -9999 -9999 -9999 -9999 -9999 -9999 -9999 -9999 -9999 -9999 -9999 -9999 -9999 -9999 -9999 -9999 -9999 -9999 -9999 -9999 -9999 -9999 -9999 -9999 -9999
-9999 -9999 -9999 -9999 -9999 -9999 -9999 -9999 -9999 -9999 -9999 -9999 -9999 -9999 -9999 -9999 -9999 -9999 -9999 -9999 -9999 -9999 -9999 -9999 -9999 -9999 -9999 -9999 -9999 -9999 -9999 -9999 -9999 -9999 -9999 -9999 -9999 -9999 -9999 -9999 -9999 -9999 -9999 -9999 -9999 -9999 -9999 -9999 -9999 -9999 -9999 -9999 -9999 -9999 -9999 -9999 -9999 -9999 -9999 -9999 -9999 -9999 -9999 -9999 -9999 -9999 -9999 -9999 -9999 -9999 -9999 -9999 -9999
247.97 248.0899 250.8704 -9999 -9999 251.6552 252.96 253.03 256.6163 258.3205 261.0727 -9999 -9999 -9999 -9999 -9999 -9999 -9999 -9999 -9999 -9999 -9999 -9999 -9999 -9999 -9999 -9999 -9999 -9999 -9999 -9999 -9999 -9999 -9999 -9999 -9999 -9999 -9999 -9999 -9999 -9999 -9999 -9999 -9999 -9999 -9999 -9999 -9999 -9999 -9999 -9999 -9999 -9999 -9999 -9999 -9999 -9999 -9999 -9999 -9999 -9999 -9999 -9999 -9999 -9999 -9999 -9999 -9999 -9999 -9999 -9999 -9999 -9999
248.94 248.73 248.8 252.39 252.7143 256.2626 256.91 259.76 261.7 262.26 262.03 266.8687 268.1507 272.65 273.6066 276.6557 276.2381 278.5 276.33 272.15 275.7433 -9999 -9999 -9999 -9999 -9999 -9999 -9999 -9999 -9999 -9999 -9999 -9999 -9999 -9999 -9999 -9999 -9999 -9999 -9999 -9999 -9999 -9999 -9999 -9999 -9999 -9999 -9999 -9999 -9999 -9999 -9999 -9999 -9999 -9999 -9999 -9999 -9999 -9999 -9999 -9999 -9999 -9999 -9999 -9999 -9999 -9999 -9999 -9999 -9999 -9999 -9999 -9999
252.01 251.18 253.73 256.91 257.13 256.83 261.84 264.41 265.23 263.11 264.69 268.12 268.9 270.65 270.75 273.16 278.41 275.22 276.65 271.06 278.87 277.61 273.69 274.07 -9999 -9999 -9999 -9999 -9999 -9999 -9999 -9999 -9999 -9999 -9999 -9999 -9999 -9999 -9999 -9999 -9999 -9999 -9999 -9999 -9999 -9999 -9999 -9999 -9999 -9999 -9999 -9999 -9999 -9999 -9999 -9999 -9999 -9999 -9999 -9999 -9999 -9999 -9999 -9999 -9999 -9999 -9999 -9999 -9999 -9999 -9999 -9999 -9999
251.96 258.58 258.56 260.96 261.12 262.53 264.95 266.93 263.74 267.88 270.5 272.88 272.12 272.71 273.68 277.51 279.86 274.85 271.82 273.23 281.83 284.49 282.99 276.3014 -9999 -9999 -9999 -9999 -9999 -9999 -9999 -9999 -9999 -9999 -9999 -9999 -9999 -9999 -9999 -9999 -9999 -9999 -9999 -9999 -9999 -9999 -9999 -9999 -9999 -9999 -9999 -9999 -9999 -9999 -9999 -9999 -9999 -9999 -9999 -9999 -9999 -9999 -9999 -9999 -9999 -9999 -9999 -9999 -9999 -9999 -9999 -9999 -9999
256.38 258.12 256.66 257.82 266.09 267.35 262.17 255.67 265.92 266.99 274.67 277.58 275.02 280.31 284.21 283.38 275.93 280.75 272.33 275.52 276.55 274 265.84 265.675 -9999 261.2738 260.25 -9999 -9999 -9999 -9999 -9999 -9999 -9999 -9999 -9999 -9999 -9999 -9999 -9999 -9999 -9999 -9999 -9999 -9999 -9999 -9999 -9999 -9999 -9999 -9999 -9999 -9999 -9999 -9999 -9999 -9999 -9999 -9999 -9999 -9999 -9999 -9999 -9999 -9999 -9999 -9999 -9999 -9999 -9999 -9999 -9999 -9999
262.75 263.26 262.94 262.74 264.74 267.45 269.7 267.93 273.65 275.19 272.8 272.07 266.81 275.64 281.65 279.53 271.66 275.81 282.48 286.48 287.25 288.74 280.7 277.98 271.69 269.01 267.27 263.32 255.1828 251.5574 246.98 229.6724 -9999 -9999 -9999 -9999 -9999 -9999 -9999 -9999 -9999 -9999 -9999 -9999 -9999 -9999 -9999 -9999 -9999 -9999 -9999 -9999 -9999 -9999 -9999 -9999 -9999 -9999 -9999 -9999 -9999 -9999 -9999 -9999 -9999 -9999 -9999 -9999 -9999 -9999 -9999 -9999 -9999
269.12 268.31 267.11 270.27 270.73 270.58 272.38 278.87 282.22 283.48 283.91 284.51 285.32 279.4 282.14 282.63 282.67 275.41 288.03 299.31 298.44 296.14 292.41 286.26 283.33 278.22 266.77 274.27 264.51 262.65 253.62 231.97 225.5789 -9999 -9999 -9999 -9999 -9999 -9999 -9999 -9999 -9999 -9999 -9999 -9999 -9999 -9999 -9999 -9999 -9999 -9999 -9999 -9999 -9999 -9999 -9999 -9999 -9999 -9999 -9999 -9999 -9999 -9999 -9999 -9999 -9999 -9999 -9999 -9999 -9999 -9999 -9999 -9999
277.79 279.51 278.37 274.13 283.15 280.61 284.4 286.27 284.74 284.72 283.65 285.52 281.21 281.09 285.09 286.77 280.49 286.01 291.41 304.55 310.59 311.33 303.11 301.98 300.93 291.51 286.75 284.51 280.02 278.12 263.6 250.82 239.33 217.2903 222.0896 210.3846 220.2955 198.1414 185.8358 -9999 -9999 -9999 -9999 -9999 -9999 -9999 -9999 -9999 -9999 267.65 243.83 216.6154 211.9636 -9999 -9999 -9999 -9999 -9999 -9999 -9999 -9999 -9999 -9999 -9999 -9999 -9999 -9999 -9999 -9999 -9999 -9999 -9999 -9999
279.19 281.15 277.98 280.86 291.52 292.94 293.49 292.66 293.31 294.22 289.7 293.49 296.11 295.55 295.75 299.55 305.83 310.25 308.21 312.25 307.74 308.03 301.18 300.03 304.88 308.33 298.35 290.63 284.78 287.34 279.28 276.26 272.57 253.92 243.17 207.69 222.87 242.03 201.96 216.5326 -9999 -9999 -9999 219.2361 -9999 198.6111 -9999 -9999 -9999 247.5918 259.77 242.59 229.08 221.27 238.439 222.0476 224.4848 -9999 -9999 -9999 -9999 -9999 -9999 -9999 -9999 -9999 -9999 -9999 -9999 -9999 -9999 -9999 -9999
290.71 291 290.53 289.64 293.76 296.84 301.03 297.12 292.81 292.9 298.01 300.63 301.36 304.23 312.75 313.17 312.65 317.61 321.95 322.69 316.71 313.25 301.16 301.51 307.57 312.95 303.74 296.13 300 299.27 300.4 288.45 281.01 278.24 272.97 258.16 253.03 263.33 242.92 252.94 228.12 216.9 237.03 253.75 221.28 222.08 204.21 238.34 191.78 204.13 216.91 214.7 213.84 231.15 270.43 246.82 245.86 217.3711 -9999 -9999 -9999 -9999 -9999 -9999 -9999 -9999 -9999 -9999 -9999 -9999 -9999 -9999 -9999
291.02 294.18 294.77 296.45 302.68 305.72 308.49 310.72 311.6 313.26 315.32 316.74 317.4 319.88 323.62 323.36 325.05 326.79 329.11 329.59 325.74 321.79 313.04 317.74 322.18 320.03 317.23 305.77 299.9 290.33 297.11 299.2 288.31 288.16 279.53 282.88 284.82 269.13 255.91 266.62 261.99 268.96 287.65 276.08 232.41 239.79 262.32 236.66 226.83 242.48 237.89 227.86 208.81 215.63 267.02 283.43 265.53 235.96 -9999 -9999 -9999 -9999 -9999 -9999 -9999 -9999 -9999 -9999 -9999 -9999 -9999 -9999 -9999
295.93 296.03 300.46 303.16 306.33 309.58 311.81 314.73 318.5 319.96 323.64 328.26 330.05 332.16 332.14 331.02 332.84 333.57 332.92 334.7 332.56 333.4 326.29 323.92 324.65 313.78 307.95 302.77 300.52 290.96 287.59 296.48 293.36 294.05 287.89 291.12 291.6 278.95 270.43 268.11 287.9 290.15 305.86 285.63 272.36 274.36 274.46 259.3 272.36 285.11 263.55 228.52 236.5 240.92 279.33 270.9 255.85 253.3 -9999 -9999 224.0635 226.8842 241.4157 277.5741 288.9706 -9999 -9999 -9999 -9999 -9999 -9999 -9999 -9999
294.46 296.31 301.25 297.99 298.68 306.5 310.44 319.95 319.64 313.9 322.27 327.45 331.01 332.51 335.11 336.53 339.58 339.52 338 340.08 339.88 339.37 337.85 335.52 334.16 328.18 316.86 310.63 304.17 297.75 294.9 300.24 301.71 291.52 289.98 289.22 285.18 284.39 280.67 277.53 279.21 295.48 310.87 313.8 308.41 298.01 289.43 276.74 271.34 288.04 287.32 283.16 288.8 281.5 292.24 256.52 273.51 298.7 305.92 287.4 281.99 286.98 291.79 289.59 271.8904 -9999 237.3875 237.65 258.33 273.1412 -9999 -9999 -9999
297.04 292.05 291.28 290.76 299.6 292.11 303.09 317.52 309.9 306.08 314.88 315.57 313.38 322.04 320.31 334.23 342.56 344.62 344.63 344.75 345.02 342.5 340.03 339.83 337.64 334.39 328.97 323.63 318.23 313.58 308.09 313.87 312.37 304.08 291.63 282.42 280.57 279.21 268.83 278.78 284.37 295.95 313.95 321.75 306.44 313.98 297.58 309.67 294.51 309.17 297.67 285.57 309.99 312.35 277.55 271.01 286.5 315.81 295.56 271.64 259.18 258.55 274.66 271.4 267.85 275.16 286.05 279.09 280.49 300.81 314.49 316.67 314.26
292.23 289.58 282.22 282.83 286.82 284.25 301.17 306.77 305.27 316.35 311.28 317.9 310.22 321.88 325.92 333.91 340.25 342.43 348.28 350.42 350.43 347.67 346.59 346.26 342.73 341.27 338.71 336.66 331.15 325.43 320.1 322.91 323.45 320.94 318.55 313.99 309.25 304.5 307.86 309.02 303.54 308.41 309.26 324.44 316.92 329.45 323.22 313.76 309.62 322.72 306.08 319.55 330.34 303.11 276.19 292.3 314.32 308.97 282.7 268.88 267.52 276.27 283.37 304.85 292.95 298.77 306.14 312.58 303.66 308.43 329.85 330.15 335.39
310.35 305.37 304.83 303.67 299.91 308.22 305.75 296.73 303.66 310.51 304.65 300.82 309.09 318.31 319.17 327.19 332.47 333.97 347.03 350.62 350.73 352.18 351.02 347.41 343.89 347.05 346.77 344.68 341.72 337.56 334.28 333.75 332.07 327.54 324.09 324.2 323.86 317.88 320.9 324.63 322.72 327.11 328.11 336.54 327.12 329.55 318.22 319.9 318.18 329.3 316.34 338.98 335.48 330.42 305.29 300.49 319.11 305.11 293.8 287.41 304.77 298.01 284.15 319.25 313.78 314.69 312.57 319.57 302.43 299.85 325.05 320.4 329.1
316.52 317.54 311.32 296.8 293.88 292.95 286.72 291.55 291.98 293.06 296.09 305.95 316.57 312.68 320.04 325.08 337.86 344.92 347.45 349.88 354.18 355.51 354.8 351.92 345.11 344.65 351.99 347.28 338.23 334.96 336.84 340.99 336.69 336.21 330.22 331.66 330.47 325.92 328.1 331.48 332.57 337.3 341.55 345.62 324.9 320.52 320.59 332.04 327.54 314.72 311.57 333.82 309.68 315.64 320.29 329.83 337.52 330.5 324.34 321.82 318.73 314.93 323.33 334 326.29 324.69 318.74 323.44 328.39 313.89 304.51 322.45 330.82
312.86 320.97 319.1 317.89 316.44 312.18 301.3 308.61 300.33 311.73 312.95 321.55 314.48 313.06 319.95 327.02 337.26 340.95 342.67 343.2 352.73 353.9 355.6 358.75 357.5 355.98 355.42 350.43 340.61 330.56 337.81 347.3 343.52 336.35 335.04 338.7 339.01 334.43 334.61 338.94 337.38 344.58 349.05 350.58 345.77 340.61 331.75 334.06 339.01 327.28 335.19 339.36 324.08 341.24 344.75 342.35 337.95 331.78 322.57 328.29 335.49 334.03 331.66 337.49 331.2 331.5 323.59 326.7 331.82 324.76 319.38 320.92 334.4
321.08 319.87 322.04 321.3 319.4 320.5 321.45 325.99 328.34 331.28 330.66 335.24 334 327.45 323.38 328.73 332.09 330.77 336.14 342.49 346.85 344.81 349.68 357.83 359.7 360.96 359.65 347.99 342.72 342.36 345.99 353.18 348.13 338.91 332.02 339.68 341.41 344.26 344.01 344.23 339.19 348.22 355.71 354.65 355.48 354.67 354.07 353.96 349 346.17 347.79 353.39 350.87 352.36 346.71 346.8 343.96 335.33 329.72 325.41 333.05 340.58 338.07 341.47 338.38 331.83 316.14 323.59 323.5 317.3 309.19 317.31 330.79
329.6 328.4 326.76 326.06 327.54 326.01 326.75 329.01 330.19 332.17 338.57 341.22 338.28 334.72 331.22 330.48 329.56 327.42 304.42 312.69 338.67 343.82 349.76 354.2 356.97 360.66 363.87 362.64 358.48 353.02 358.07 360 351.14 344.09 333.2 334.81 342 346.27 348.69 348.2 349.74 355.16 359.34 357.71 362.8 366.8 369.05 364.79 367.89 367.33 367.31 364.91 360.56 355.46 352.3 345.89 342.35 339.01 336.72 329.05 327.68 335.11 344.28 344.71 341.64 329.77 320.49 320.53 314.52 301.28 303.92 330.81 336.42
333.9 332.95 333.42 332.69 334.11 332.67 335.43 335.38 333.55 337.58 339.98 342.73 343.11 340.36 337.79 336.06 330.83 321.86 316.66 308.33 318.4 332.31 338.36 348.84 355.01 358.42 361.85 364.71 367.62 368.06 366.71 364.75 353.36 344.96 337.82 332.98 333.45 340.77 349.71 353.48 355.28 359 363.11 363.17 367.66 371.2 368.88 366.81 375.98 375.18 372.62 368.47 363.45 358.53 352.54 346.84 340 333.12 329.1 329.86 331.85 336.91 346.08 345.48 333.57 327.75 324.42 328.33 327.98 326.7 334.9 338.68 337.3
336.61 336.85 338.25 336.3 338.27 338.71 339.45 340.94 342.52 342.24 342.06 342.65 345.46 343.64 339.59 337.95 333.09 329.13 325.67 328.35 331.7 339.43 339.8 344.66 355.44 360.02 356.71 353.29 361.17 367.15 369.49 369.88 363.48 356.68 354.24 349.92 341.08 336.14 342.12 345.65 344.42 353.23 361.08 366.02 370.32 370.71 372.1 377.1 381.5 377.56 372.87 366.43 361.61 357.05 350.11 341.97 335.26 330.36 331.49 336.55 336.6 335.31 334.01 344.92 329.89 332.99 338.46 343.73 342.45 339.21 333.26 334.101 335.1842
336.77 338.9 341.02 342.32 342.34 341.8 343.31 344.9 344.63 344.21 343.48 345.66 342.28 339.3 340.38 339.49 333.91 334.05 332.59 332.78 330.43 343 347.69 349.36 358 358.93 354.02 345.28 353.25 354.94 355.55 362.16 363.98 365.29 362.18 357.14 353.67 350.32 346.5 351.56 353.57 354.58 359.3 360.45 368.54 372.94 376.36 379.39 377.72 373.82 369.39 363.5 357.05 348.67 340.83 332.04 326.32 327.35 328.9 335.58 339.23 338.77 340.95 346.81 344.79 344.37 346.8 345.89 340.49 338.4149 -9999 -9999 -9999
335.9 337.52 336.79 339.48 341.09 341.92 344.38 344.32 344.68 347.28 347.49 345.16 341.82 340.38 344.91 342.2 339.72 337.57 338.85 341.3 337.15 333.48 349.34 349.08 354.6 354.9 349.6 349.15 347.77 340.52 343.47 350.29 357.36 361.1 365.01 363.31 356.8 352.27 352.26 353.13 355.18 359.13 360.99 362.47 362.81 374.47 374.85 372.76 369.95 363.67 356.31 351.44 347.17 340.2 337.46 336.4 330.95 328.88 324.58 326.98 335.16 342.32 345.38 345.68 347.93 346.92 344.63 343.5745 -9999 -9999 -9999 -9999 -9999
335.96 334.12 332.55 332.49 332.97 334.27 339.56 341.72 340.95 341.43 342.88 344.89 343.46 345.38 348.59 346.01 342.5 341.54 339.41 346.15 343.36 347.87 334.24 329.74 328.7 340.7 344.22 339.67 340.14 332.74 342.75 352.55 357.08 360.91 362.07 363.78 359.6 354.48 353.82 353.41 354.71 358.4 364.61 362.51 365.93 367.02 364.4 362.24 357.6 349.79 344.54 339.04 333.11 333.69 335.37 340.76 337.08 335.22 327.83 332.49 340.97 343.41 340.64 334.87 342.59 346.47 344.8404 -9999 -9999 -9999 -9999 -9999 -9999
324.01 324.76 325.33 326.8 328.85 333.13 337.61 339.41 340.58 340 340.07 340.36 342.97 348.15 349.39 349.69 348.51 347.97 344.39 344.18 344.43 343.94 333.18 323.27 320.55 322.6 330.37 328.49 327.74 329.43 337.16 345.5 351.49 354.78 357.75 360.24 362.16 362.55 363.25 363.07 364.79 365.84 364.33 359.67 360.94 363.08 362.88 367.49 362.88 352.57 335.64 330.08 323.24 317.04 331.71 343.26 341.48 339.98 337.5 341.31 343.46 341.96 342.78 336.9184 341.5679 346.8235 -9999 -9999 -9999 -9999 -9999 -9999 -9999
312.08 318.66 323.81 321.74 328.86 339.8 339.98 343.18 345 338.73 339.75 339.5 342.57 345.93 346.7 343.73 339.49 338.19 339.18 339.77 331.86 330.72 330.66 322.42 318.48 316 314.56 316.51 320.4 326.58 333.7 337.07 342.69 349.79 354.77 357.95 358.28 358.3 359.98 361.35 362.15 361.66 357.98 362.39 362.78 363.29 359.06 368.46 363.22 354.26 352.39 343.5 335.55 341.04 342.13 343.74 340.72 341.1 340.8265 344.6076 343.8788 -9999 -9999 -9999 -9999 -9999 -9999 -9999 -9999 -9999 -9999 -9999 -9999
326.13 321.96 330.67 330.69 335.19 339.63 341.79 345.67 346.27 341.7 340.1 339.56 337.38 334.85 331.71 330.24 331.63 331.8 330.29 329.66 323.43 319.39 319.15 323.74 316.15 312.5 308.44 307.47 313.7 319.62 325.16 325.4 323.3 335.71 347.34 348.33 349.74 352.21 353.76 350.41 356.57 356.26 354.37 357.79 354.99 352.22 349.27 358.95 363.87 361.42 351.94 338.97 347.73 349.36 346.55 343.4938 -9999 -9999 -9999 -9999 -9999 -9999 -9999 -9999 -9999 -9999 -9999 -9999 -9999 -9999 -9999 -9999 -9999
331.86 340.89 339.45 337.33 345.95 347.44 347.32 347.97 344.91 343.77 340.65 338.54 337.89 332.56 328.16 327.73 329.83 323.69 322.15 321.89 321.34 318.28 314.1 309.74 315.78 307.82 303.07 297.74 303.16 311.69 318.36 322.17 325 331.7 336.33 334.69 340.4 344.8 348.76 349.9 347.38 344.38 347.58 349.97 347.88 350.93 351.02 358.66 364.26 352.77 341.92 344.5 353.493 -9999 -9999 -9999 -9999 -9999 -9999 -9999 -9999 -9999 -9999 -9999 -9999 -9999 -9999 -9999 -9999 -9999 -9999 -9999 -9999
