layers/wordclim/future/Iberia_wcB2a_10_hadcm3_2050/bio_11.asc
ncols         166
nrows         93
xllcorner     -9.4959440078468
yllcorner     36.000324005443
cellsize      0.083333337679505
NODATA_value  -9999
[rows 34 to 67 of 93, columns 0 to 75 of 166]
-9999 -9999 -9999 -9999 -9999 -9999 -9999 -9999 -9999 -9999 109.4184 103.46 97.55 89.28 74.55 73.66 75.61 83.3 80.2 75.79 68.97 65.57 65.2 68.47 65.21 62.31 69.36 78.52 79.17 72.42 68.33 70.68 71.82 66.31 63.99 63.19 63.61 62.96 62.93 62.19 60.77 60.04 59.86 59.04 58.13 58.85 58.95 60.47 62.57 61.4 59.73 58.56 56.64 56.63 57.01 57.69 58.85 58.62 56.85 54.39 52.39 53.48 53.51 51.73 46.53 40.46 20.81 38.74 32.47 37.7 49.01 55.84 59.81 58.51 55.55 57.3
-9999 -9999 -9999 -9999 -9999 -9999 -9999 -9999 -9999 -9999 111.0899 107.56 100.76 84.08 88.08 81.88 82.52 90.98 86.82 80.17 75.39 73.34 72.52 70.01 68.99 64.35 71.38 76.48 74.51 76.17 70.22 67.04 68.56 68.61 64.75 62.69 62.49 63.89 62.77 62.26 61.42 59.2 58.37 56.39 55.52 54.54 55.58 60.92 60.4 60.08 59.86 57.45 54.81 52.92 53.4 55.85 54.29 56.15 54.12 51.85 49.46 49.51 49.2 42.9 28.21 27.19 19.53 27.26 45.02 55.25 58.63 64.22 62.33 57.21 57.55 60.7
-9999 -9999 -9999 -9999 -9999 -9999 -9999 -9999 -9999 112.7027 112.337 109.39 105.29 100.56 89.05 90.43 86.23 89.7 84.06 81.4 83.2 82.4 80.66 76.71 74.98 75.75 76.38 74.02 70.14 69.96 70.11 65.86 67.01 67.28 67.34 62.49 62.38 64.33 62.72 60.84 59.81 59.21 56.22 53.53 52.75 56.86 60.32 60.34 59.04 57.59 55.98 52.79 47.86 47.73 45.92 45.03 45.7 49.58 48.38 47.49 40.75 41.41 38.11 36.85 40.8 48.79 49.83 55.14 57.14 54.83 63.34 68.21 64.51 61.79 60.44 64.47
-9999 -9999 -9999 -9999 -9999 -9999 -9999 -9999 -9999 113.2703 111.5773 111.37 109.52 102.6 93.39 81.48 77.1 89.73 90.62 89.74 87.83 83.89 79.66 81.45 83.36 80.18 76.3 63.53 65.08 67.24 65.97 65.69 65.76 68.69 70.16 69.44 66 62.14 60.36 57.89 55.68 53.24 54.97 57.27 57.42 58.3 58.66 57.88 55.44 51.73 47.23 44.82 38.76 38.49 40.72 44.22 48.74 49.71 46.68 42.63 39.15 36.47 38.14 34.78 49.53 58.8 54.64 56.87 64.91 67.04 69.63 70.87 66.17 66.11 64.46 67.58
-9999 -9999 -9999 -9999 -9999 -9999 -9999 -9999 -9999 113.63 111.91 112.25 111.36 106.7 93.24 79.29 97.07 96.83 96.39 91.89 91.2 89.09 88.29 82.24 64.42 58.81 63.46 62.69 63.99 65.49 66.9 63.76 66.39 69.83 69.64 69.78 67.83 58.7 52.91 44.9 52.48 54.53 60.2 61.49 57.49 56.16 58.38 55.05 50.7 49.46 48.47 40.76 31.16 40.69 45.15 43.76 40.01 39.73 43.18 51.18 48.03 53.15 52.44 49.49 58.78 62.1 66.54 68.62 71.34 68.52 70.4 71.21 69.28 69.99 70.11 62.3
-9999 -9999 -9999 -9999 -9999 -9999 -9999 -9999 115.3387 113.92 112.88 111.62 112.25 106.02 98.91 99.47 100.8 101.19 98.25 96.12 91.52 87.22 69.49 49.44 55.46 62.26 69.53 63.18 65.97 68.09 66.48 63.98 68.33 68.73 64.63 65.1 64.88 60.49 58.65 58.96 59.88 72.81 71.74 64.94 63.46 55.3 54.45 55.96 55.11 49.65 37.47 26.83 25.6 28.42 26.6 33.13 45.82 52.92 58.98 59.27 63.4 66.97 62.82 62.81 67.65 71.11 73.09 69.24 71.96 70.87 70.51 73.65 74.04 71.58 64.19 59.49
-9999 -9999 -9999 -9999 -9999 -9999 -9999 -9999 115.9011 114.64 113.27 111.65 112.83 104.85 104.42 107.61 105.36 102.56 98.54 92.6 88.26 69.82 36.36 48.94 71.57 81.62 81.11 70.82 66.35 66.62 63.54 63.22 63.49 63.89 63.95 63.32 55.01 60.27 62.72 74.98 80.07 77.33 67.98 64.46 53.13 32.87 37.98 53.2 48.93 33.72 28.81 28.5 28.2 37.21 38.48 45.59 50.43 47.01 43.86 49.53 67.69 70.5 71.48 73.6 77.37 74.36 73.82 71.37 71.44 74.58 72.7 73.6 74.09 68.06 62.66 61.62
-9999 -9999 -9999 -9999 -9999 -9999 -9999 -9999 115.67 114.46 112.87 113.39 113.9 106.05 105.64 108.95 105 101.96 98.15 90.3 84.09 73.33 48.63 52.94 83.37 87.17 82.64 78.68 71.37 63.48 60.78 56.28 60.35 62.5 58.91 66.03 69.57 75.92 78.71 81.85 85.86 78.95 73.44 66.16 35.99 22.43 39.97 44.57 35.74 26.57 16.52 22.04 30.35 47.11 42.1 43.96 62.97 74.1 69.53 65.67 66.44 69.9 76.53 80.36 76.98 74.43 75.16 73.03 72.41 75.02 75.71 76.6 73.14 66.86 65.46 66.6
-9999 -9999 -9999 -9999 -9999 -9999 -9999 115.0137 115.93 117.54 117.17 116.99 115.68 109.5 108.24 105.45 104.15 98.2 85.55 73.5 68.4 81.63 85.73 87.5 87.96 85.94 86.95 84.58 79.84 75.32 81.82 82.9 66.54 77.15 82.29 85.21 86.72 81.73 86.75 88.94 89.5 89.16 70.65 46.6 59.55 44.62 22.04 24.14 27.54 54.75 42.98 49.58 68.3 78.42 72.94 84.15 80.58 76.48 71.24 68.53 76.1 81.58 81.78 78.29 74.96 75 76.84 73.31 74.52 74.78 75.98 76.51 74.21 71.01 68.97 67.1
-9999 -9999 -9999 -9999 -9999 -9999 -9999 -9999 119.0568 118.15 117.77 117.2 111.7 109.8 109.99 98.24 89.14 84.16 82.52 76.95 80.48 88.57 85.2 83.23 85.03 88.35 92.69 90.98 88.33 89.63 92.13 89.93 86.71 89.91 94.27 92.8 89.07 87.28 90.66 91.13 90.43 84.27 69.59 68.78 56.02 68.91 71.52 73.95 80.29 90.73 90.74 90.12 87.51 84 82.47 80.05 71.21 67.39 79.57 83.3 84.49 82.43 79.06 76.64 76.34 78.12 75.97 75.98 76.89 74.32 78.13 77.18 72.65 67.82 68.79 72.09
-9999 -9999 -9999 -9999 -9999 -9999 -9999 119.4133 117.58 118.27 118.66 111.15 107.21 107.52 90.71 81.09 86.82 91.04 89.76 91.46 93.79 82.87 88.27 82.52 92.9 96.11 94.78 94.66 90.89 88.27 88.9 94.81 96.07 98.52 97.58 94.96 94.32 95.1 97.08 96.5 92.55 87.45 84.28 81.7 81.48 90.12 92.68 95.72 94.91 94.35 93.48 91.41 89.39 88 86.01 81.85 83.21 86.38 86.47 85.16 83.83 82.07 79.25 78.37 79.33 80.47 77.97 80.1 77.57 78.72 80.13 77.91 76.48 75.4 75.76 73.74
-9999 -9999 -9999 -9999 -9999 -9999 -9999 119.41 116.81 117.59 116.77 106.55 107.81 105.06 94.6 96.3 99.58 96.07 89.26 87.71 86.32 90.09 99.74 97.44 96.81 98.88 98.3 98.8 96.51 95.94 97.05 97.93 94.57 97.66 97.75 98.09 98.29 98.92 98.3 93.59 90.08 90.92 95.14 97.04 97.28 97.52 97.02 96.47 95.88 94.81 93.53 92.27 90.99 88.69 86.66 88.29 87.72 87.39 86.56 83.41 80.29 79.74 80.51 81.86 82.19 80.55 80.96 82.62 81.84 79.49 75.02 71.59 69.55 69.1 69.26 67.61
-9999 -9999 -9999 -9999 -9999 -9999 121.3968 121.57 117.1 115.2 115.17 109.68 110.17 105.16 104.6 104.99 99.45 92.4 88.18 81.85 93.09 101.33 103.75 101.23 99.3 100.66 105.76 104.29 102.59 99.19 99.23 99.56 99.27 97.55 98.24 98.05 96.49 95.97 92.34 88.01 91.36 94.04 98.04 98.82 98.17 97.53 96.7 93.11 94.73 94.39 92.07 88.88 90.73 89.38 90.3 87.67 82.71 83.93 85.2 86.59 85.28 83.69 83.09 84.15 81.89 80.83 81.41 81.57 80.23 78.56 75.29 72.29 70.9 70.61 69.66 68.37
-9999 -9999 -9999 -9999 -9999 -9999 120.5714 120.92 118.54 113.98 109.88 110.73 113.04 107.71 108.75 107.53 105.82 101.67 93.86 92.21 101.65 104.66 103.77 102.29 105.1 108.59 106.74 106.18 102.04 102.59 101.63 100.38 100.16 100.51 100.37 98.33 96.26 93.48 95.11 96.62 96.36 97.43 95.3 94.99 94.66 97.05 93.55 90.85 93.87 91.91 90.68 89.7 92.25 88.72 87.95 85.89 81.38 81.23 81.78 80.62 80.81 84.09 80.89 76.83 76 74.24 73.24 74.93 76.06 76.22 76.79 75.75 73.64 72.94 71.28 70.56
-9999 -9999 -9999 -9999 -9999 119.9643 118.4 118.09 118.23 112.75 111.61 114.98 116.31 112.61 107.93 110.29 105.63 105 102.66 105.42 108.94 107.06 108.53 109.58 107.95 105.43 105.29 105.85 103.33 103.38 104.63 103.3 98.98 97.58 97.86 100.39 102.43 99.63 97.06 94.68 94.31 94.96 92.63 90.56 87.14 84.86 85.04 86.58 84.68 82.47 83.63 86.08 84.56 83.47 76.43 77.57 76.14 75.81 74.24 75.68 74.86 76.62 74.01 70.83 73.13 70.75 70.84 71.45 72.13 72.7 74.23 74.33 74.55 72.66 72.86 72.31
-9999 -9999 -9999 -9999 -9999 120.9878 121.11 116.95 112.84 104.51 111.42 114.89 117.21 117.27 112.63 112.57 108.24 104.91 105.39 109.46 111.67 112.01 112.93 109.61 107.63 107.54 107.9 104.51 105.69 105.27 102.95 101.07 98.84 97 95.48 97.84 99.14 99.7 98.58 97.27 96.31 96.6 94.39 92.33 89.9 87.47 84.05 80.25 78.92 71.76 76.72 75.26 80.41 81.38 69.6 69.32 66.57 67.55 66.52 67.47 67.24 72.4 72.05 68.45 67.47 68.78 68.26 68.88 70.99 71.52 73.61 73.04 73.59 72.9 74.8 74.35
-9999 -9999 -9999 -9999 -9999 121.5152 120.06 108.26 103.69 105.48 108.11 119.56 120.34 119.96 116.01 113.68 113.28 112.21 112.17 111.71 113.23 110.02 110.36 107.96 109.01 106.94 105.77 102.28 101.92 104.14 105.64 103.14 100.68 99.92 98.72 97.71 97.27 100.04 98.53 98.37 98.77 96.71 94.47 91.4 89.53 85.92 85.26 83.05 69.98 68.68 66.02 75.23 74.72 79.38 76.97 70.21 68.27 67.26 58.57 67.94 59.63 62.19 63.07 64.2 63.68 64.07 66.24 70.98 72.1 72.59 73.28 73.84 73.85 75.11 75.57 75.48
-9999 -9999 -9999 123.9762 124.62 120.93 115.11 109.54 111.79 118.29 120.7 122.88 122.89 120.48 120.72 120.61 120.02 119.13 114.86 113.19 110.65 109.71 109.38 107.62 104.89 105.12 104.62 103.61 100.35 100.99 103.48 103.53 102.99 102.57 101.63 99.97 98.27 96.11 96.62 96.08 97.52 96.13 94.07 90.58 87.48 77.14 80.98 80.8 71.4 65.2 77.73 82.13 83.02 81.05 84.61 82.34 81.68 77.78 72.85 74.14 69.93 71.15 72.16 72.87 63.21 57.94 61.34 66.63 69.7 69.92 72.93 74.44 74.95 76.54 77.07 75.53
-9999 -9999 124.2969 124.9186 122.99 120.72 117.43 121.23 121.57 121.32 123.99 125.05 123.08 117.95 117.86 117.96 118.33 115.01 113.72 113.65 113.05 111.41 109.92 107.75 101.69 97.01 98.13 99.48 100.28 100.43 99.62 99.24 101.18 98.15 99.18 100.53 99.87 98.05 96.86 95.31 95.56 93.67 91.87 90.74 89.5 81.42 77.84 79.69 82.09 82.42 84.03 89.05 85.97 88.39 87.76 87.55 84.57 80.72 77.41 71.64 68.89 67.12 73.29 70.2 67.18 66.73 63.48 66.7 69.77 68.24 66.35 72.22 76.11 77.48 78.48 77.66
-9999 -9999 122.44 121.86 121.91 121.37 121.57 123.7 123.62 124.07 125.97 125.35 121.23 119.6 117.87 117.44 117.03 117.23 116.69 115.51 115.85 114.08 113.05 110.73 106.33 95.69 95.43 102.35 105.34 103.31 102.46 103.6 103.33 100.27 101.02 99.14 97.31 99.05 96.36 93.9 93.56 93.38 91.53 93.66 96.06 93.07 94.87 93.3 92.69 87.14 87.89 92.11 91.23 91.16 83 85.16 84.25 79.96 80.58 78.06 77.15 79.87 79.73 75.45 68.73 68.88 71.08 69.83 66.77 67.77 64.3 72.98 77.19 78.52 79.07 78.9
-9999 -9999 122.95 122.39 121.39 114.84 122.58 123.56 124.41 126.32 126.8 123.51 121.98 121.1 119.68 118.49 118.77 119.55 116.81 116.57 117.11 115.54 112.52 111.29 110.32 107.49 104.99 104.83 106.61 106.31 103.19 105.41 104.1 102.34 100.96 98.56 97.49 96.96 95.74 94.67 89.5 92.91 98.74 98.09 99.02 97.67 98.04 96.23 97.3 95.03 91.62 91.12 92.02 90.63 85.88 80.38 82.04 82.59 83.39 79.23 73.75 77.31 81.84 80.06 72.61 72.18 74.6 77.19 76.92 73.45 76.46 79.27 79.21 79.07 79.01 78.97
-9999 123.5313 123.26 121.3 117.4 120.93 125.02 124.85 127.35 127.7684 126.1 124.34 122.15 121.02 120.24 119.75 121.15 119.07 118.11 118.43 117.84 116.24 114.46 111.73 110.89 109.85 110.02 108.12 108.14 108.65 106.55 106.88 104.7 103.62 102.15 101.03 101.73 100.73 97.63 97.83 98.79 102.05 101.75 101.84 101.91 100.32 100.07 99.93 98.62 96.68 93.76 93.17 89.23 87 86.4 82.91 78.14 82.82 82.97 77.05 74.18 76 77.92 79.41 75.64 74.47 78.09 79.99 80.61 80.96 80.53 80.41 79.69 79.86 79.91 79.14
-9999 121.52 121.03 118.71 116.53 120.01 127.4362 128.4667 128.954 127.52 125.4 124.5 122.79 122.92 123.03 121.79 121.1 119.87 118.96 117.83 117.74 116.77 115.31 114.63 112.49 110.88 110.78 110.68 108.61 108.23 109.33 108.19 107.42 106.44 105.19 104.81 104.3 104.02 101.78 99.89 101.04 103.9 103.79 103.53 102.76 101.78 100.34 96.25 94.34 97.11 94.55 92.6 92.67 89.99 87.72 84.63 81.27 79.79 81.97 82.86 82.75 75.8 76.94 81.64 77.31 80.25 80.62 80.7 81.15 81.72 81.13 81.04 80.46 80.03 79.36 78.3
-9999 117.5714 114.55 114.77 113.73 120.6495 128.6456 129.41 129.05 127.66 126.9 126.7 126.71 125.3 123.73 122.84 121.88 121.77 120.22 116.74 115.75 114.09 113.45 112.85 111.41 110.12 107.31 107.16 110 109.91 109.32 108.59 107.99 107.54 106.72 106.33 105.8 105.32 103.63 102.59 105.6 105.22 104.47 103.09 101.69 100.8 99.71 98.72 97.2 94.64 94.32 95.93 91.32 83.14 86.15 83.78 83.97 84.65 84.78 80.34 83.2 82.53 80.15 81.92 79.36 81.27 80.29 80.78 81.56 81.81 81.3 81.4 81.01 80.67 78.87 75.78
-9999 115.12 113.11 115.48 122.77 126.45 130.2222 130.2 129.09 127.89 126.17 125.49 124.83 123.47 123.76 122.03 121.08 119.84 118.7 116.84 115.64 114.15 109.34 108.04 108.61 109.31 105.27 106.17 110.52 110.94 109.2 107.66 107.16 107.85 107.5 107.04 105.85 104.48 104.88 105.94 104.67 103.35 102.78 99.97 99.14 97.97 96.75 98.95 96.97 95.64 93.76 94.17 94.49 89.06 91.03 88.36 85.77 83.69 79.75 78.82 82.81 83.56 79.23 79.87 82.26 81.89 81.98 81.93 80.66 80.37 80.02 76.61 78.43 80.81 79.24 76.65
114.716 113.2 114.19 119.52 126.8191 -9999 -9999 130.18 128.85 127.84 127.09 125.42 124.2 122.63 121.46 120.02 117.57 116.32 116.2 114.39 114.11 112.55 111.16 106.89 105.31 110.16 110.81 111.36 112.34 110.03 108.3 106.54 106.01 105.96 105.91 104.87 103.29 102.41 104.01 102.1 100.55 98.67 97.88 98.06 93.1 96.45 96.02 98.15 95.29 93.26 90.64 90.14 90.42 95.31 89.94 89.07 89.24 89.83 83.66 82.82 80.25 81.79 82.14 80.78 79.81 79.65 76.18 78.81 81.73 81.46 81.74 80.39 80.38 80.61 77.65 76.87
121.16 120.5916 122.1622 124.5455 128.4667 131.4167 131.0674 130.87 129.54 127.81 125.95 124.97 124.26 123.18 120.15 117.06 114.04 112.65 113.26 112.8 112.17 112.25 108.5 108.51 110.49 109.64 113.81 112.93 110.24 108.94 106.91 105.7 105.1 105.18 104.53 104.53 102.94 101.18 102.12 103.6 100.26 96.6 94.62 96.02 95.41 94.72 95.81 93.26 91.87 88.07 89.04 89.92 93.29 94.78 93.38 94.41 93.52 90.47 88.5 86.59 82.12 78.34 79.37 80.56 81.08 78.44 74.59 76.95 83.48 82.52 80.17 81.42 80.99 80.68 79.06 77.33
-9999 -9999 -9999 127.2973 129.6623 130.7857 130.48 130.01 130.12 128.88 127.25 126 124.26 120.68 117.25 115.61 113.02 111.25 111.67 113.94 113.94 114.16 113.43 111.63 112.66 114.36 113.41 112.54 109.09 106.04 103.34 102.66 103.22 102.98 102.32 102.54 101.11 99.62 99.65 101.47 98.5 96.25 93.22 92.36 95.07 91.84 91.89 88.29 90.09 92.42 93.71 94.07 94.38 93.7 88.58 93.06 90.25 85.76 86.26 84.35 82.53 79.63 79.1 79.84 78.82 79.28 82.08 83.66 78.77 83.91 79.88 80.61 80.47 80.9 77.87 74.89
-9999 -9999 -9999 -9999 128.61 128.48 126.9495 129.6941 131.3846 130.1648 126.94 127.12 125.17 120.86 118.75 116.74 113.38 113.51 115.12 114.39 114.91 115.04 113.92 112.02 111.67 113.79 114.84 112.12 109.54 105.12 102.37 99.11 95.31 97.26 94.64 99.98 99.43 96.88 97.35 98.37 100.1 92.63 92.62 92.76 94.82 89.42 86.58 88.85 90.26 93.64 92.21 91.36 90.73 91.86 91.23 92.09 92.19 91.26 86.72 78.65 74.79 78.37 80.06 81.08 86.04 84.64 82.22 83.9 84.86 81.95 81.04 79.95 78.45 77.91 77.48 76.44
-9999 -9999 -9999 -9999 125.3951 123.9 -9999 131.9412 -9999 130.6282 128.99 127.56 126.36 125.45 121.82 119.61 118.94 117.36 116.54 115.17 115.62 115.93 114.12 113.68 113.58 115.16 115.32 112.42 110.12 107.13 102.88 98.64 92.31 90.92 90.86 94.34 98.3 93.53 94.55 95.53 98.2 96.95 94.34 91.33 91.89 89.66 89.44 91.16 90.04 89.14 91.08 89.7 89.03 90.89 89.05 88.01 88.17 88.52 89.37 87.87 83.28 73.92 74.59 75.57 77.2 85.97 90.3 82.49 76.45 72.25 71.09 79.24 79.77 80.96 81.86 82.31
-9999 -9999 -9999 -9999 -9999 -9999 -9999 -9999 131.5 129.9388 129.0421 129.42 128.21 125.4 124.51 119.41 118.52 118.08 116.13 112.64 113.81 114.39 115.16 115.09 116.03 116.89 114.65 112.2 110.76 106.55 104.41 98.65 95.1 101.66 99.28 97.62 94.63 93.75 93.07 92.06 94.25 94.77 91.68 93.22 91.53 90.88 91.28 90.2 88.89 89.45 88.71 86.52 87.07 87.86 87.52 86.17 85.66 86.49 84.7 84.77 87.16 86.18 87.61 83 82.01 82.26 93.78 85.41 85.37 83.47 78.65 81.67 82.4 87.07 90.05 89.27
-9999 -9999 -9999 -9999 -9999 -9999 -9999 -9999 -9999 129.17 127.13 126.62 127.95 126.99 126.7 123.21 120.56 117.48 115.9 115.62 112.99 110.17 112.82 115.8 116.43 117.12 115.04 113.46 111.36 109.32 105.93 102.6 103.88 104.41 102.14 100.86 97.61 94.97 92.86 91.36 90.52 91 90.81 90.99 91.24 90.83 92.27 89.76 89.13 91.56 91.03 90.54 85.92 82.3 87.59 88.5 85.22 85.78 85.07 85.12 83.46 83.87 84.76 91.99 87.08 89.62 95.34 94 93.03 94.89 94 93.41 97.32 98.63 96.37 90.39
-9999 -9999 -9999 -9999 -9999 -9999 -9999 -9999 -9999 127.26 124.42 126.91 126.4 126.17 126.54 124.94 123.22 120.69 118.52 115.35 114.86 113.47 114.49 116.14 117.39 116.13 115.35 112.94 112.59 111.3 109.84 104.54 100.63 93.94 94.18 97.07 97.98 95.23 92.75 94.99 93.17 90.06 88.86 90.36 93.15 94.76 97.24 94.67 89.66 87.58 86.6 89.52 91.72 90.58 86.74 90.17 91.93 89.86 87.08 89.44 88.93 90.62 86.4 96.1 93.63 94.97 99.91 94.45 102.87 104.46 103.48 101.74 105.08 99.94 93.24 91.35
-9999 -9999 -9999 -9999 -9999 -9999 -9999 -9999 130.9808 125.38 119.3 124.38 126.64 127.68 125.97 125.21 123.17 120.99 118.54 118.2 118.38 118.83 119.89 118.52 116.66 116.29 116.12 115.37 113.09 110.4 108.01 104.93 100.37 95.93 94.32 90.65 91.02 92.1 89.18 90.53 96.22 98.01 93.98 88.81 90.9 92.61 96.24 97.83 97.91 95.39 93.38 88.8 86.75 89.2 94.74 93.17 95.17 97.58 94.38 96.11 104.41 102.89 101.24 103.6 102.83 103.79 102.78 107.53 108.84 109.57 105.29 110.11 107.2 101.88 102.37 101.22
