layers/wordclim/future/Iberia_wcB2a_10_hadcm3_2050/bio_11.asc
ncols         166
nrows         93
xllcorner     -9.4959440078468
yllcorner     36.000324005443
cellsize      0.083333337679505
NODATA_value  -9999
[rows 34 to 67 of 93, columns 76 to 151 of 166]
60.2 58.31 54.39 49.58 47.93 48.62 47.23 45.24 42.47 40.57 44.83 40.31 39.11 34.23 38.88 37.26 35.5 36.08 36.4 39.37 39.54 42.79 45.16 39.74 37.92 35.13 42.11 43.51 48.48 54.51 57.82 56.6 62.14 66.53 73.75 82.14 74.66 72.22 78.61 84.13 82.96 77.94 84.75 115.37 115.91 100.06 116.1111 -9999 -9999 -9999 -9999 -9999 -9999 -9999 -9999 -9999 -9999 -9999 -9999 -9999 -9999 -9999 -9999 -9999 -9999 -9999 -9999 -9999 -9999 -9999 -9999 -9999 -9999 -9999 -9999 -9999
63.81 59.49 52.18 50.35 50.34 52.51 51.45 45.16 44.03 46.16 44.23 41.48 41.22 39.2 37.53 36.64 37.28 33.39 32.14 35.59 41.55 44.79 41.93 32.5 31.81 33.94 35.55 36.78 41.34 40.27 41.39 46.85 52.22 59.01 74.35 73.31 76.08 69.7 75.33 70.76 66.9 59.45 91.37 120.88 121.9 120 125.7887 -9999 -9999 -9999 -9999 -9999 -9999 -9999 -9999 -9999 -9999 -9999 -9999 -9999 -9999 -9999 -9999 -9999 -9999 -9999 -9999 -9999 -9999 -9999 -9999 -9999 -9999 -9999 -9999 -9999
62.43 53.43 53.14 52.62 48.75 55.04 58.34 56.59 53.04 46.17 36.59 33.62 31.55 34.77 33.79 30.45 31.09 28.52 30.71 30.06 38.99 45.1 39.45 30.59 34.16 34.87 33.56 32.63 34.78 39.97 40.71 46.21 51.7 62.66 66.33 68.75 65.24 59.9 60.98 55.34 68.66 78.79 107.12 119.61 124.47 127.7526 127.9247 127.8372 127.7391 -9999 -9999 -9999 -9999 -9999 -9999 -9999 -9999 -9999 -9999 -9999 -9999 -9999 -9999 -9999 -9999 -9999 -9999 -9999 -9999 -9999 -9999 -9999 -9999 -9999 -9999 -9999
59.16 56.87 57.22 51.56 49.58 57.58 53.85 49.29 44.58 43.57 39.96 35.22 31.37 30.48 30.27 28.71 25.63 20.66 26.86 26.56 32.38 41.37 45.37 34.65 36.22 40.04 39.22 33.93 35.35 34.91 34.67 38.39 38.35 52.67 60.26 66.82 64.02 59.65 64.61 73.05 88.78 106.05 114.32 117.1 113.9255 -9999 -9999 -9999 -9999 -9999 -9999 -9999 -9999 -9999 -9999 -9999 -9999 -9999 -9999 -9999 -9999 -9999 -9999 -9999 -9999 -9999 -9999 -9999 -9999 -9999 -9999 -9999 -9999 -9999 -9999 -9999
57.9 60.99 56.25 52.65 54.98 60.94 53.65 52.81 51.39 52.92 50.01 44.65 37.67 32.31 22.25 23.15 19.69 16.3 21.24 25.33 29.33 38.99 47.19 41.92 37.93 44.61 38.85 26.33 34.49 32.72 29.82 30.3 28.05 44.46 52.34 60.66 61.84 60.71 72.31 84.35 102.89 111.94 119.34 122.96 -9999 -9999 -9999 -9999 -9999 -9999 -9999 -9999 -9999 -9999 -9999 -9999 -9999 -9999 -9999 -9999 -9999 -9999 -9999 -9999 -9999 -9999 -9999 -9999 -9999 -9999 -9999 -9999 -9999 -9999 -9999 -9999
60.74 59.64 55.47 56.78 61.57 62.59 60.49 63.11 60.47 58.86 50.32 46.2 38.12 31.47 25.66 20.44 20.39 16.55 19.16 25.71 32.47 38.68 45.97 45.19 41.57 46.06 32.46 29.41 29.28 25.46 17.85 21.33 28.14 33.81 47.32 53.26 58.37 65.08 84.42 97.69 105.62 113.83 123.86 127.78 -9999 -9999 -9999 -9999 -9999 -9999 -9999 -9999 -9999 -9999 -9999 -9999 -9999 -9999 -9999 -9999 -9999 -9999 -9999 -9999 -9999 -9999 -9999 -9999 -9999 -9999 -9999 -9999 -9999 -9999 -9999 -9999
64.37 60.95 61.93 66.95 63.93 65.52 57.08 54.73 60.26 55.23 54.2 50.65 46.49 33.89 29.55 23.47 19.49 18.39 23.61 30.89 32.52 34.65 44.14 49.5 52.51 45.9 34.75 35.17 32.68 26.79 16.03 18.66 28.23 38.89 53.19 69.04 72.59 83.04 92.83 105.85 104.53 115.01 123.1205 -9999 -9999 -9999 -9999 -9999 -9999 -9999 -9999 -9999 -9999 -9999 -9999 -9999 -9999 -9999 -9999 -9999 -9999 -9999 -9999 -9999 -9999 -9999 -9999 -9999 -9999 -9999 -9999 -9999 -9999 -9999 -9999 -9999
63.79 64.44 68.98 64.97 59.58 63.99 61.72 56.94 56.03 52.71 51.21 48.2 44.73 34.58 27.39 25.56 27.85 18.09 21.91 24.93 27.81 33.92 39.27 47.31 55.99 46.92 39.22 47.7 48.21 38.12 28.9 35.39 36.75 44.47 55.26 75.7 85.14 87.37 93.19 113.2 117.35 114.8902 -9999 -9999 -9999 -9999 -9999 -9999 -9999 -9999 -9999 -9999 -9999 -9999 -9999 -9999 -9999 -9999 -9999 -9999 -9999 -9999 -9999 -9999 -9999 -9999 -9999 -9999 -9999 -9999 -9999 -9999 -9999 -9999 -9999 -9999
68.33 71.5 69.84 59.4 58.31 61.43 55.27 56.66 56.47 55.51 50.76 44.44 50.12 36.84 34.76 32.54 26.31 25.73 25.61 31.59 25.26 39.58 43.69 53.98 50.81 39.49 42.24 54.24 58.87 55.69 52.37 49.27 57.61 57.79 63.77 89.27 102.84 102.39 107.12 113.72 125.5 -9999 -9999 -9999 -9999 -9999 -9999 -9999 -9999 -9999 -9999 -9999 -9999 -9999 -9999 -9999 -9999 -9999 -9999 -9999 -9999 -9999 -9999 -9999 -9999 -9999 -9999 -9999 -9999 -9999 -9999 -9999 -9999 -9999 -9999 -9999
74.98 71.95 66.8 59.53 57.71 58.83 55.22 53.69 53.8 49.85 50.12 50.81 50.05 39.81 34.85 32.26 34.24 33.76 36.76 35.83 33.64 42.6 58.07 55.68 42.81 24.66 28.65 47.2 59.96 64.13 68.79 72.37 69.71 75.84 83.12 96.09 108.32 107.52 109.14 120.4432 -9999 -9999 -9999 -9999 -9999 -9999 -9999 -9999 -9999 -9999 -9999 -9999 -9999 -9999 -9999 -9999 -9999 -9999 -9999 -9999 -9999 -9999 -9999 -9999 -9999 -9999 -9999 -9999 -9999 -9999 -9999 -9999 -9999 -9999 -9999 -9999
69.62 67.36 65.15 61.11 58.95 58.07 56.28 53.07 53.09 48.61 51.74 56.35 52.77 46.46 39.8 43.52 43.26 39.09 43.61 41.31 36.05 44.36 59.14 50.53 37.69 26.03 32.39 46.28 53.39 61.73 63.36 77.66 83.59 93.44 102.49 112.44 113.62 113.88 118.0299 -9999 -9999 -9999 -9999 -9999 -9999 -9999 -9999 -9999 -9999 -9999 -9999 -9999 -9999 -9999 -9999 -9999 -9999 -9999 -9999 -9999 -9999 -9999 -9999 -9999 -9999 -9999 -9999 -9999 -9999 -9999 -9999 -9999 -9999 -9999 -9999 -9999
65.97 65.61 64.91 62.17 59.83 61.51 60.38 56.86 55.75 53.84 55.56 53.66 52.21 49.96 46.76 51.39 50.62 50.1 46.06 44.44 45.89 51.05 56.55 61.22 54.84 46.23 40.58 34.28 46.65 63.49 74 81.15 79.55 89.78 106.69 118.52 123.19 125.5876 -9999 -9999 -9999 -9999 -9999 -9999 -9999 -9999 -9999 -9999 -9999 -9999 -9999 -9999 -9999 -9999 -9999 -9999 -9999 -9999 -9999 -9999 -9999 -9999 -9999 -9999 -9999 -9999 -9999 -9999 -9999 -9999 -9999 -9999 -9999 -9999 -9999 -9999
67.8 67.9 65.93 63.62 62.8 62.08 61 60.86 57.91 58.08 59.83 53.79 50.53 48.37 48.4 53.01 50.35 55.01 48.6 43.85 49.82 55.88 54.48 59.07 66.31 62.65 57.68 51.41 49.86 65.75 79.75 94.22 98.32 91 98.72 116.63 126.6768 -9999 -9999 -9999 -9999 -9999 -9999 -9999 -9999 -9999 -9999 -9999 -9999 -9999 -9999 -9999 -9999 -9999 -9999 -9999 -9999 -9999 -9999 -9999 -9999 -9999 -9999 -9999 -9999 -9999 -9999 -9999 -9999 -9999 -9999 -9999 -9999 -9999 -9999 -9999
70.58 68.93 67.93 63.99 62.46 61.86 63.93 62.77 59.9 60.49 62.18 59.24 56.46 52.11 51.48 54.89 54.55 55.82 57.4 57.02 58.75 56.18 55.99 64.53 75.21 74.25 70.84 68.4 75.63 76.36 81.35 87.19 101.93 110.98 113.2 125.1 -9999 -9999 -9999 -9999 -9999 -9999 -9999 -9999 -9999 -9999 -9999 -9999 -9999 -9999 -9999 -9999 -9999 -9999 -9999 -9999 -9999 -9999 -9999 -9999 -9999 -9999 -9999 -9999 -9999 -9999 -9999 -9999 -9999 -9999 -9999 -9999 -9999 -9999 -9999 -9999
71.63 70.61 69.5 66.57 65.54 62.94 65.38 63.36 60.45 61.33 64.73 63.52 58 55.49 55.32 55.55 57.51 60.54 64.74 65.52 62.4 54.62 62.77 65.51 71.15 79.98 90.42 91.97 95.99 103.41 106.79 104.01 96.5 110.97 122.79 128.7105 -9999 -9999 -9999 -9999 -9999 -9999 -9999 -9999 -9999 -9999 -9999 -9999 -9999 -9999 -9999 -9999 -9999 -9999 -9999 -9999 -9999 -9999 -9999 -9999 -9999 -9999 -9999 -9999 -9999 -9999 -9999 -9999 -9999 -9999 -9999 -9999 -9999 -9999 -9999 -9999
73.26 72.39 68.94 66.14 68.44 67.83 65.1 66.82 62.8 62.7 65.07 65.37 64.09 61.58 60.62 59.96 59.39 59.09 64.44 69.37 63.81 62.82 68.98 66.98 61.09 65.51 81.31 97.82 105.02 112.57 116.76 118.73 119.8 121.08 127.5638 -9999 -9999 -9999 -9999 -9999 -9999 -9999 -9999 -9999 -9999 -9999 -9999 -9999 -9999 -9999 -9999 -9999 -9999 -9999 -9999 -9999 -9999 -9999 -9999 -9999 -9999 -9999 -9999 -9999 -9999 -9999 -9999 -9999 -9999 -9999 -9999 -9999 -9999 -9999 -9999 -9999
74.64 74.05 72.76 70.4 71.83 70.37 67.64 67.51 67.68 67.56 67.21 63.97 64.59 67.23 66.1 65.68 64.7 65.71 67.17 73.67 70.4 69.78 71.62 75.72 73.74 74.66 74.27 76.21 96.39 111.95 118.32 122.39 124.27 128.91 -9999 -9999 -9999 -9999 -9999 -9999 -9999 -9999 -9999 -9999 -9999 -9999 -9999 -9999 -9999 -9999 -9999 -9999 -9999 -9999 -9999 -9999 -9999 -9999 -9999 -9999 -9999 -9999 -9999 -9999 -9999 -9999 -9999 -9999 -9999 -9999 -9999 -9999 -9999 -9999 -9999 -9999
73.61 74.89 75.27 74.31 74.09 73.59 72.5 72.04 70.41 70.53 67.79 65.45 69.14 69.32 68.82 68.92 70.15 70.28 73.55 80.1 77.1 76.5 80.7 83.73 82.42 77.92 77.78 79.92 94.16 109.66 117.62 123.77 127.71 130.55 -9999 -9999 -9999 -9999 -9999 -9999 -9999 -9999 -9999 -9999 -9999 -9999 -9999 -9999 -9999 -9999 -9999 -9999 -9999 -9999 -9999 -9999 -9999 -9999 -9999 -9999 -9999 -9999 -9999 -9999 -9999 -9999 -9999 -9999 -9999 -9999 -9999 -9999 -9999 -9999 -9999 -9999
76.36 77.09 76.81 76.27 76.34 75.65 74.87 74.35 73.89 73.51 71.93 71.93 72.67 71.53 71.74 71.79 72.66 73.88 74.8 78.42 87.22 89.3 88.34 88.9 83.8 83.86 85.28 91.35 104.62 111.98 117.03 121.04 128.26 131.72 -9999 -9999 -9999 -9999 -9999 -9999 -9999 -9999 -9999 -9999 -9999 -9999 -9999 -9999 -9999 -9999 -9999 -9999 -9999 -9999 -9999 -9999 -9999 -9999 -9999 -9999 -9999 -9999 -9999 -9999 -9999 -9999 -9999 -9999 -9999 -9999 -9999 -9999 -9999 -9999 -9999 -9999
78.91 78.71 78.5 77.47 76.99 76.29 75.45 74.89 74.93 74.5 74.26 74 73.52 74.58 74.71 75.29 76.1 76.34 77.87 78.2 78.63 82.18 86.95 89.87 90.72 89.12 88.31 96.91 97.56 100.38 116.94 122.03 128.42 131.76 132.1905 -9999 -9999 -9999 -9999 -9999 -9999 -9999 -9999 -9999 -9999 -9999 -9999 -9999 -9999 -9999 -9999 -9999 -9999 -9999 -9999 -9999 -9999 -9999 -9999 -9999 -9999 -9999 -9999 -9999 -9999 -9999 -9999 -9999 -9999 -9999 -9999 -9999 -9999 -9999 -9999 -9999
78.99 78.92 78.81 77.81 76.7 75.77 74.53 74.02 73.64 74.76 75.66 76.13 76.35 76.65 77.15 78.18 79.08 79.44 80.08 81.98 82.37 81.56 80.27 80.16 86.95 96.7 83.25 83.45 97.96 107.43 113.72 127.16 129.88 131.69 132.3333 -9999 -9999 -9999 -9999 -9999 -9999 -9999 -9999 -9999 -9999 -9999 -9999 -9999 -9999 -9999 -9999 -9999 -9999 -9999 -9999 -9999 -9999 -9999 -9999 -9999 -9999 -9999 -9999 -9999 -9999 -9999 -9999 -9999 -9999 -9999 -9999 -9999 -9999 -9999 -9999 -9999
78.85 78.77 77.62 75.47 74.26 73.01 72.54 71.82 70.65 72.75 74.93 76.88 78.07 78.46 78.74 79.37 80.58 81.28 82.17 81.07 79.34 75.65 71 74.41 80.71 92.64 78.04 85.72 104.76 112.88 119.53 128.45 129.79 124.73 127.59 -9999 -9999 -9999 -9999 -9999 -9999 -9999 -9999 -9999 -9999 -9999 -9999 -9999 -9999 -9999 -9999 -9999 -9999 -9999 -9999 -9999 -9999 -9999 -9999 -9999 -9999 -9999 -9999 -9999 -9999 -9999 -9999 -9999 -9999 -9999 -9999 -9999 -9999 -9999 -9999 -9999
77.36 76.28 73.91 69.8 68.69 68.36 67.77 68.6 66.67 67.87 71.95 76.65 79.04 79.97 80.62 80.87 81.15 80.74 76.41 74.41 70.35 66.76 64.21 71.59 79.07 88.54 78.18 85.39 97.95 110.43 120.31 126.47 128.16 118.38 118.58 131.037 -9999 -9999 -9999 -9999 -9999 -9999 -9999 -9999 -9999 -9999 -9999 -9999 -9999 -9999 -9999 -9999 -9999 -9999 -9999 -9999 -9999 -9999 -9999 -9999 -9999 -9999 -9999 -9999 -9999 -9999 -9999 -9999 -9999 -9999 -9999 -9999 -9999 -9999 -9999 -9999
73.63 71.37 69.91 70.79 68.71 67.09 64.84 63.29 62.35 64.64 70.3 75.83 78.97 80.34 81.18 81.05 80.34 74.17 70.12 69.92 66.87 68.33 73.52 77.24 80.86 80.2 73.44 83.32 95.36 106.45 115.89 119.83 121.87 115.07 113.01 129.58 133.5 -9999 -9999 -9999 -9999 -9999 -9999 -9999 -9999 -9999 -9999 -9999 -9999 -9999 -9999 -9999 -9999 -9999 -9999 -9999 -9999 -9999 -9999 -9999 -9999 -9999 -9999 -9999 -9999 -9999 -9999 -9999 -9999 -9999 -9999 -9999 -9999 -9999 -9999 -9999
74.19 73.08 69.6 68.84 69.5 67.31 66.07 64.99 63.74 64.34 69.02 73.74 77.28 79.44 81.34 79.92 78.31 76.2 73.78 72.62 72.35 74.13 77.11 79.79 84.34 85.19 81.77 87.48 98.9 100.36 105.9 116.89 118.74 113.24 110.73 116.8 129.16 132.6269 -9999 -9999 -9999 -9999 -9999 -9999 -9999 -9999 -9999 -9999 -9999 -9999 -9999 -9999 -9999 -9999 -9999 -9999 -9999 -9999 -9999 -9999 -9999 -9999 -9999 -9999 -9999 -9999 -9999 -9999 -9999 -9999 -9999 -9999 -9999 -9999 -9999 -9999
76.6 74.45 70.57 68.63 68.32 67.2 65.78 65.63 65.86 67.24 67.91 69.89 71.16 72.29 76.31 75.67 76.34 75.63 73.98 73.76 74.33 76.89 80.67 79.11 77.99 81.12 88.48 96.54 92.53 94.33 100.67 95.88 98.63 109.1 97.41 99.58 109.78 124.44 128.14 129.2062 -9999 -9999 -9999 -9999 -9999 -9999 -9999 -9999 -9999 -9999 -9999 -9999 -9999 -9999 -9999 -9999 -9999 -9999 -9999 -9999 -9999 -9999 -9999 -9999 -9999 -9999 -9999 -9999 -9999 -9999 -9999 -9999 -9999 -9999 -9999 -9999
76.41 75.28 73.27 70.1 67.47 67.76 69.54 68.99 64.83 60.91 58.58 58.72 59.43 64.9 71.65 76.11 74.96 76.86 78.04 79.29 80.54 77.41 82.59 85.87 85.81 87.2 97.27 93.82 91.09 89.03 83.35 84.2 95.27 98.92 85.32 94.92 99.9 112.07 123.91 128.506 -9999 -9999 -9999 -9999 -9999 -9999 -9999 -9999 -9999 -9999 -9999 -9999 -9999 -9999 -9999 -9999 -9999 -9999 -9999 -9999 -9999 -9999 -9999 -9999 -9999 -9999 -9999 -9999 -9999 -9999 -9999 -9999 -9999 -9999 -9999 -9999
75.38 75.26 74.49 70 72.38 72.02 77.62 68.99 58.01 52.55 59.39 58.26 62.31 68.24 74.46 78.74 82.51 84 84.78 85.93 85.65 83.35 81.92 86.42 92.19 93.42 98.34 101.45 93.97 84.58 88.86 79.67 82.42 85.27 89.65 93.06 121.97 123.5 -9999 -9999 -9999 -9999 -9999 -9999 -9999 -9999 -9999 -9999 -9999 -9999 -9999 -9999 -9999 -9999 -9999 -9999 -9999 -9999 -9999 -9999 -9999 -9999 -9999 -9999 -9999 -9999 -9999 -9999 -9999 -9999 -9999 -9999 -9999 -9999 -9999 -9999
77.05 78.87 73.8 76.32 80.94 80.04 72.65 55.94 52.08 51.88 59.91 68.6 72.35 77.91 84.26 86.24 86.65 90.79 94.7 93.99 90.28 90.5 88.17 88.48 95.4 93.62 90.58 101.18 99.02 83.18 94.47 95.8 106.44 99.75 120.46 126.1444 130.5397 -9999 -9999 -9999 -9999 -9999 -9999 -9999 -9999 -9999 -9999 -9999 -9999 -9999 -9999 -9999 -9999 -9999 -9999 -9999 -9999 -9999 -9999 -9999 -9999 -9999 -9999 -9999 -9999 -9999 -9999 -9999 -9999 -9999 -9999 -9999 -9999 -9999 -9999 -9999
80.24 78.6 79.96 84.51 84.14 77.55 71.89 68 59.23 58.13 69.26 75.45 80.25 86.51 85.41 90.65 96.88 99.07 98.53 95.33 91.61 94.88 96.28 93.39 86.08 91.5 96.68 102.18 107.98 99.81 108.39 117.95 126.03 126.1892 -9999 -9999 -9999 -9999 -9999 -9999 -9999 -9999 -9999 -9999 -9999 -9999 -9999 -9999 -9999 -9999 -9999 -9999 -9999 -9999 -9999 -9999 -9999 -9999 -9999 -9999 -9999 -9999 -9999 -9999 -9999 -9999 -9999 -9999 -9999 -9999 -9999 -9999 -9999 -9999 -9999 -9999
85.81 85.26 87 91.51 88.02 81.77 78.31 64.77 58.01 67.46 83 88.17 86.27 86.63 92.75 98.68 97.57 100.97 102.52 102.23 104.24 100.65 98.1 100.5 95.78 96.92 94.08 104.27 115.9 119.12 122.26 129.99 133.4359 -9999 -9999 -9999 -9999 -9999 -9999 -9999 -9999 -9999 -9999 -9999 -9999 -9999 -9999 -9999 -9999 -9999 -9999 -9999 -9999 -9999 -9999 -9999 -9999 -9999 -9999 -9999 -9999 -9999 -9999 -9999 -9999 -9999 -9999 -9999 -9999 -9999 -9999 -9999 -9999 -9999 -9999 -9999
88.7 91.08 97 84.67 73.33 80.76 61.79 53.33 65.68 67.66 75.14 73.04 69.76 69.94 79.87 88.86 101.81 106.6 105.71 108.96 112.45 107.09 103.47 93.94 96.93 102.33 102.02 106.48 117.98 125.15 128.77 133.4079 -9999 -9999 -9999 -9999 -9999 -9999 -9999 -9999 -9999 -9999 -9999 -9999 -9999 -9999 -9999 -9999 -9999 -9999 -9999 -9999 -9999 -9999 -9999 -9999 -9999 -9999 -9999 -9999 -9999 -9999 -9999 -9999 -9999 -9999 -9999 -9999 -9999 -9999 -9999 -9999 -9999 -9999 -9999 -9999
93.23 94.75 86.38 80.55 74.35 74.06 55.58 57 65.29 52.36 67.14 61.45 61.54 62.96 73.53 94.03 102.07 106.97 107.51 109.43 107.81 115.05 112.53 107.58 112.58 117.78 119.06 126.55 131.41 132.62 134.3152 133.2759 -9999 -9999 -9999 -9999 -9999 -9999 -9999 -9999 -9999 -9999 -9999 -9999 -9999 -9999 -9999 -9999 -9999 -9999 -9999 -9999 -9999 -9999 -9999 -9999 -9999 -9999 -9999 -9999 -9999 -9999 -9999 -9999 -9999 -9999 -9999 -9999 -9999 -9999 -9999 -9999 -9999 -9999 -9999 -9999
95.52 90.93 84.6 59.8 80.32 58.62 48.51 50.54 51.41 52.97 54.65 57.29 54.76 69.03 69.3 85.84 99.29 102.65 103.28 102.61 98.68 109.24 120.14 119.32 120.52 122.77 126.31 130.23 132.95 133.65 -9999 -9999 -9999 -9999 -9999 -9999 -9999 -9999 -9999 -9999 -9999 -9999 -9999 -9999 -9999 -9999 -9999 -9999 -9999 -9999 -9999 -9999 -9999 -9999 -9999 -9999 -9999 -9999 -9999 -9999 -9999 -9999 -9999 -9999 -9999 -9999 -9999 -9999 -9999 -9999 -9999 -9999 -9999 -9999 -9999 -9999
