layers/wordclim/future/Iberia_wcB2a_10_hadcm3_2050/bio_17.asc
ncols         166
nrows         93
xllcorner     -9.4959440078468
yllcorner     36.000324005443
cellsize      0.083333337679505
NODATA_value  -9999
[rows 0 to 34 of 93, columns 0 to 76 of 166]
-9999 -9999 -9999 -9999 -9999 -9999 -9999 -9999 -9999 -9999 -9999 -9999 -9999 -9999 -9999 -9999 -9999 104.0976 114.375 101.8657 102.5303 105.0795 102.1884 102.2879 -9999 -9999 -9999 -9999 -9999 -9999 -9999 -9999 -9999 -9999 -9999 -9999 -9999 -9999 -9999 -9999 -9999 -9999 -9999 -9999 -9999 -9999 -9999 -9999 -9999 -9999 -9999 -9999 -9999 -9999 -9999 -9999 -9999 -9999 -9999 -9999 -9999 -9999 -9999 -9999 -9999 -9999 -9999 -9999 -9999 -9999 -9999 -9999 -9999 -9999 -9999 -9999 -9999
-9999 -9999 -9999 -9999 -9999 -9999 -9999 -9999 -9999 -9999 -9999 -9999 -9999 -9999 -9999 -9999 100.0758 103.0316 107.01 102.13 110.03 111.28 103.6364 110.68 109.53 102.9794 -9999 -9999 -9999 -9999 -9999 -9999 -9999 -9999 -9999 -9999 -9999 -9999 -9999 -9999 -9999 -9999 -9999 115.8438 115.4615 -9999 -9999 -9999 -9999 -9999 -9999 -9999 -9999 -9999 -9999 -9999 -9999 -9999 -9999 -9999 -9999 -9999 -9999 -9999 -9999 -9999 -9999 -9999 -9999 -9999 -9999 -9999 -9999 -9999 -9999 -9999 -9999
-9999 -9999 -9999 -9999 -9999 -9999 -9999 -9999 -9999 -9999 -9999 -9999 -9999 -9999 98.07407 96.95789 99.53535 102.13 105.41 111.77 115.86 114.62 110.67 117.56 103.8 98.12 97.53684 98.22785 98.6338 95.21819 97.2 98.89286 102.2632 99.79221 107.2785 105.5909 109.5069 114.9028 118.2614 117.2371 116.7692 116.75 114.9293 115.21 117.23 112.6623 112.7377 117.2 117.5932 -9999 -9999 -9999 -9999 -9999 -9999 -9999 -9999 -9999 -9999 -9999 -9999 -9999 -9999 -9999 -9999 -9999 -9999 -9999 -9999 -9999 -9999 -9999 -9999 -9999 -9999 -9999 -9999
-9999 -9999 -9999 -9999 -9999 -9999 -9999 -9999 -9999 -9999 -9999 -9999 -9999 -9999 -9999 -9999 102.4242 110.23 112.98 109.65 113.65 119.71 122.92 122.58 112.2 102.18 97.72 102.84 96.24 97.09091 104.57 108.3 110.98 104.99 117.41 112.59 111.8 117.91 125.75 119.03 113.9192 121.24 124.14 120.5 118.46 117.87 122.15 122.1 114.45 116.36 116.99 118.7436 112.7436 109.8644 111.18 -9999 -9999 -9999 -9999 -9999 -9999 -9999 -9999 -9999 -9999 -9999 -9999 122.0685 -9999 125.746 130.2188 130.0115 132.3478 -9999 -9999 -9999 -9999
-9999 -9999 -9999 -9999 -9999 -9999 -9999 -9999 -9999 -9999 -9999 -9999 -9999 -9999 94.55224 94.97916 101.89 109.35 110.56 112.91 109.8 110.94 111.59 115.69 111.23 108.4 104.22 98.56 99.65 108.86 117.12 112.67 107.19 111.22 116.2 110.29 117.58 123.32 118.43 114.24 115.12 112.68 113.87 119.97 117.61 117.81 119.11 118.41 117.63 115.8 115.04 109.86 109.38 116.17 117.13 119.58 124.9 117.883 113.7901 110.411 109.3766 109.8846 112.6944 116.3735 116.3673 115.54 118.82 120.71 124.3333 124.24 130.29 131.27 130.9048 137.04 139.7528 137.2037 -9999
-9999 -9999 -9999 -9999 -9999 -9999 94.96296 93.8125 96.21622 -9999 98.10811 98.6265 98.49 94.67677 94.38 -9999 101.44 107.97 114.36 111.09 107.78 105.55 104.45 101.51 104.13 103.04 103.01 97.15 108.03 111.78 110.26 101.44 106.09 118.05 117.57 109.51 107.49 109.96 116.62 116.02 119.6 120.67 119.6 117.09 118.46 117.66 119.52 123.72 124.15 119.98 125.04 120.01 115.8 124.26 130.49 127.6 122.05 127.18 118.25 120.08 115.11 117.75 117.21 117.25 120.3 118.29 119.85 121.8 128.86 135.18 135.41 135.55 131.94 138.37 141.54 144.1 140.93
-9999 -9999 -9999 -9999 -9999 -9999 96.20548 96.08 97.14 97.23 101.17 110.58 108.8 104.6 98.8 99.35 106.33 108.65 111.25 108.02 106.97 101.74 100.27 97.5 96.79 98.62 101.83 99.4 103.52 106.2 101.11 97.29 109.29 116.24 107.59 104.35 106.85 118.09 116.52 120.02 121.58 115.97 128.49 120.43 114.36 119.06 120.61 118.47 120.6 122.02 132.45 125.89 124.31 136.11 158.53 147.45 153.88 150.83 124.15 130.54 125.8 121.65 120.41 125.8 122.04 118.71 123.59 125.62 127.63 140.19 149.54 140.18 134 135.39 139.15 137.36 136.65
-9999 -9999 -9999 -9999 89.82796 96.02 97.29 103.91 107.87 108.34 112.95 111.13 109.05 109.78 107.22 109.2 111.67 110.15 109.81 106.31 104.59 101.44 96.33 95.98 95.79 97.89 101.52 97.19 106.98 102.69 104.74 98.3 104.91 110.3 104.66 103.2 113.58 123.42 114.51 122.19 119.13 122.69 115.74 117.01 113.06 118.92 118.16 118.76 125.88 130.89 127.79 131.75 136.35 129.07 141.07 148.15 141.68 124.15 116.8 122.17 140.33 131.93 128.13 127.78 127.61 120.11 128.8 124.84 128.92 142.9 147.47 144.31 140.53 137.05 130.65 132.67 132.05
-9999 -9999 -9999 88.27835 92.59 100.86 102.43 105.75 107.98 111 110.63 110.78 107.51 108.02 107.48 106.72 107.26 108.48 111.78 108.09 101.88 100.29 95.64 94.19 95.93 96.52 100.89 101.46 95.52 96.25 90.22 91.97 104.06 111.64 102.59 113.88 113.88 130.54 132.68 129.26 138.7 129.39 135.28 117.52 112.05 130.41 132.34 128.37 134.16 137.02 128.68 134.74 128.31 126.43 135.06 135.21 147.09 145.9 135.88 128.38 133.71 147.96 141.14 128.73 126.68 125.21 126.67 126.66 129.33 129.94 127.1 128.58 129.52 131.52 131.78 135.22 136.11
-9999 -9999 -9999 86.24706 96.13131 100.62 103.55 105.18 105.73 107.15 107.28 106.92 107.21 107.81 108.27 107.24 105.15 108.03 106.98 106.62 101.34 100.53 97.38 90.92 89.01 89.65 95.67 94.58 95.38 87.27 88.75 96.64 98.06 106.51 109.05 115.38 121.77 115.4 116.38 117.01 121.06 117.5 119.02 124.84 120.3 118.47 122.8 118.88 126.11 121.55 114.62 119.87 120.86 119.31 118.04 127.07 139.07 142.03 136.94 127.72 124.1 141.7 135.71 120.91 118.78 118.83 119.6 120.72 120.16 120.56 119.18 117.66 119.63 122.67 124.99 127.56 130.07
-9999 -9999 -9999 -9999 90.53448 101.42 102.08 100.54 104.36 101.4 99.54 106.8 110.38 105.31 104.87 103.77 99.03 98.6 100 100.16 100.37 95 90.38 86.32 84.19 85.48 88.4 93.48 87.04 85.7 94.33 105.47 113.89 114.04 105.41 107.62 106.52 111.42 121.18 116.82 120.99 121.95 113.69 107.43 117.41 109.66 108.7 107.48 113.41 106.88 106.73 112.23 109.39 113.75 110.93 120.31 120.94 121.98 121.46 114.43 112.87 114 115.03 113.31 114.29 112.41 115.11 111.66 113.64 112.39 115.5 114.75 113.03 116 119.89 122.42 121.18
-9999 -9999 -9999 -9999 87.825 91 91.31818 91.86813 108.2 101.32 98.94 98.23 102.08 99.59 99.17 105.43 102.31 102.28 102.3 96.81 98.36 94.41 86.41 89.21 87.05 80.78 90.44 92.7 89.08 91.15 94.65 111.49 101.27 93.91 86.53 89.7 101.76 112.77 113.53 112.65 105.44 100.27 97.24 96.6 96.09 99.68 94.64 94.1 97.36 95.52 97.32 98.34 98.6 101.11 99.39 103.64 107.25 103.32 103.87 105.7 104.79 104.36 104.15 104.37 107.41 105.4 105.89 109.77 107.13 108.96 113.01 109.86 110.84 106.57 107.26 110.42 117.44
-9999 -9999 -9999 -9999 -9999 -9999 103.3696 96.1 100.48 95.25 99.5 103.37 101.63 109.15 105.76 104.71 106.37 103.04 103.4 103.25 93.52 86 90.45 90.67 85.08 84.71 91.16 99.01 100.01 95.05 89.85 95.24 83.85 76.79 78.1 77.75 85.76 88.76 88.39 91.18 95.39 94.84 91.28 87.95 86.94 88.92 85.38 85.22 87.88 86.39 89.96 88.71 90.45 89.84 92.51 94.46 95.06 95.63 94.43 96.38 95.43 96.73 97.01 100.69 102.42 102.45 101.61 102.7 101.86 104.56 108.27 105.02 99.81 105.77 106.17 110.92 110.12
-9999 -9999 -9999 -9999 -9999 86.83051 95.69149 -9999 -9999 99.26 99.42 105.75 110.36 113.63 115 104.88 103.19 104.33 103.58 101.95 90.72 83.8 85.26 81.55 74 80.09 89.81 88.17 91.55 96.23 86.16 78.19 70.89 66.01 64.78 67.34 69 72.17 77.83 85.15 82.51 80.19 80.49 78.42 78.65 79.08 75.37 76.39 78.07 79.47 81.57 80.88 83.64 81.85 85.41 86.63 86.55 87.47 85.71 88 88 87.87 89.5 93.47 94.37 96.47 96.83 97.82 98.44 99.8 99.13 95.68 92.73 94.31 95.64 98.23 101.25
-9999 -9999 -9999 -9999 -9999 -9999 -9999 85 90.48193 93.86 99.88 105.75 109.35 109.66 112.42 108.65 104.23 104.46 103.01 96.11 89.92 81.42 79.46 71.01 69.8 72.36 78.31 79.9 88.22 87.9 81.2 68.5 62.6 59.04 59.7 63.44 75.26 82.97 85.03 82.9 76.32 73.24 73.29 70.97 71.22 71.42 70.24 70.35 70.89 72.69 73.52 75.53 75.91 75.46 77.95 79 78.15 79.78 79.84 79.55 80.97 80.75 81.44 83.66 85.56 86.88 89.28 92.16 91.64 91.95 90.28 90.56 93.06 93.4 93.85 94.98 94.59
-9999 -9999 -9999 -9999 -9999 -9999 -9999 88.10416 92.04348 101.6629 96.72 102.98 109.8 114.66 108.81 101.54 95.51 91.86 88.54 85.46 82.3 78.51 73.69 70.81 74.23 72.97 70.62 69.01 79.61 73.87 69.47 64.15 60.79 68.69 80.05 77.76 86 87.84 78.67 72.41 68.42 66.4 66.94 64.67 65.1 65.46 65.33 64.97 65.94 68.37 69.05 69.86 69.85 69.22 70.84 72.16 71.74 71.75 72.03 72.49 72.92 74.13 75.4 76.66 78.24 80.26 83.86 85.57 84.9 84.34 85.36 88 89.54 89.63 91.51 89.73 88.68
-9999 -9999 -9999 -9999 -9999 -9999 -9999 -9999 -9999 98.02941 97.26881 100.48 103.63 111.46 107.02 95.29 84.52 83.71 77.86 73.58 72.27 83.85 84.93 77.48 75.15 81.57 80.8 64.8 61.68 72.71 74.33 66.42 78.31 80.79 76.33 93.02 94.43 85.83 74.22 69.52 66.51 62.78 61.3 60.69 60.97 61.34 61.6 60.91 62.3 63.71 63.73 64.48 63.62 63.41 64.88 65.66 65.55 65.38 65.56 65.5 66.8 67.66 68.78 70.24 72.23 75.61 78.54 79.3 79.2 78.65 80.1 83.74 86.42 92.49 92.22 90.19 96.16
-9999 -9999 -9999 -9999 -9999 -9999 -9999 -9999 90.74359 98.40909 -9999 100.67 102.68 103.77 107.57 96.56 80.15 79.07 80.4 71.44 71.37 79.88 79.89 86.2 87.21 85.81 90.36 71.14 67.14 73.62 83.27 86.08 89.01 87.59 81.28 73.26 77.09 84.95 76.9 66.49 60.59 58.09 57.42 56.85 57.27 57.81 57.78 57.39 59.05 59.91 59.45 59.38 58.91 59.04 59.48 59.48 59.64 59.68 59.38 59.39 60.37 62.13 63.91 65.55 68.51 72.22 72.93 73.52 74.97 76.52 79.14 81.32 84.78 91.74 99.02 101.37 104.57
-9999 -9999 -9999 -9999 -9999 -9999 -9999 -9999 -9999 91.17583 94.13 92.26 90.08 98.54 99.19 88.88 82.52 81.53 78.22 77.95 76.67 77.03 74.28 84.56 92.05 94.29 97.77 83.05 68.92 76.2 81.5 92.17 102.17 97.6 87.3 86.8 82.21 72.76 68.88 62.22 58.47 55.81 55.25 54.07 53.22 53.81 53.94 53.59 55.81 55.6 55.21 55.29 54.71 54.93 55.32 55.11 55 55.46 55.01 54.34 55.42 57.29 58.75 61.82 65 65.02 67.01 69.65 71.46 73.31 74.83 78.5 86.29 98.25 103.16 113.04 113.99
-9999 -9999 -9999 -9999 -9999 -9999 -9999 -9999 83.37363 95.79 83.88 84.9 83.12 92.13 82.7 86.84 89.74 92.7 86.89 85.04 82.26 75.5 75.45 76.78 82.56 86.69 83.44 74.79 69.22 77.48 84.08 92.55 89.91 73.12 66.88 66.9 65.72 62.4 58.17 54.49 54.05 52.69 51.38 51.14 50.42 50.47 49.88 50.41 50.76 50.09 51.94 51.34 51.4 51.9 51.39 50.72 50.27 49.63 50.13 48.9 52.33 55.1 56.04 58.65 58.78 61.87 63.56 66.18 68.36 71.73 74.17 78.79 77.9 80.29 87.27 90.77 93.74
-9999 -9999 -9999 -9999 -9999 -9999 -9999 92.12698 92.81 84.55 80.09 80.37 83.26 82.3 96.18 103.63 106.32 98.61 90.01 82.96 78.66 75.18 71.88 74.41 65.4 73.37 73.23 69.22 71.19 74.15 78.05 81.54 81.25 63.69 59.64 59.05 57.4 55.27 52.81 51.16 49.24 48.07 47.87 47.7 47.35 46.73 46.64 46.93 47.01 48.23 47.62 48.01 48.99 48.32 47.68 47.34 46.17 46.53 45.98 45.25 48.58 49.95 51.75 55.21 57.78 59.96 61.11 62.95 65.01 67.75 69.99 72.82 76.19 75.53 77.35 84.59 100.63
-9999 -9999 -9999 -9999 -9999 -9999 -9999 84.21667 76.29 77.75 81.35 95.52 89.17 92.98 107.13 97.41 91.29 85.2 84.89 88.24 87.05 80.26 75.84 69.25 58.07 64.17 66.09 61.72 63.46 64.92 63.89 65.1 70.66 56.84 54.42 55.42 55.73 51.55 49.92 48.77 47.75 45.53 44.76 43.95 43.25 43.3 43.52 44.46 45.27 45.08 45.3 45.52 46.57 45.29 46.6 46.05 45.3 46.03 46.26 44.43 44.66 47.18 50.41 53.44 56.48 59.02 59.76 61.39 64.43 67.6 68.78 73.53 76.06 79.48 74.79 77.13 81.48
-9999 -9999 -9999 -9999 -9999 -9999 -9999 73.78788 75.56818 84.54 82.45 93.55 80.56 81.68 86.26 84.81 82.89 90.43 95.71 92.42 88.56 85.48 71.49 67.06 56.25 60.88 65.01 59.07 57.26 60.07 58.78 56 55.28 49.02 50.46 48.48 49.63 50.31 50.6 50.63 48.44 46.15 43.72 42.4 41.62 41.01 41.04 41.61 41.29 41.62 42.66 43.63 43.8 43.97 45.46 46.69 46.02 46.18 44.79 43.24 44.38 47.45 49.48 52.63 55.04 56.69 58.38 59.72 61.89 64.67 66.07 67.95 70.91 73.83 75.64 76.56 79.01
-9999 -9999 -9999 -9999 -9999 -9999 -9999 -9999 77.57 84.14 70.25 75.45 73.36 76.39 81.84 92.76 95.9 98.89 86.44 87.21 82.39 79.59 73.34 64.9 54.41 58.14 62.96 55.5 53.86 52.49 54.87 56.95 50.33 45.64 48.64 45.04 45.63 46.6 46.09 44.47 44.33 44.34 42.38 39.85 39.83 39.91 39.39 39.53 39.84 40.76 41.46 41.99 43.2 44.31 45.35 45.81 45.15 44.27 42.03 42.79 44.52 46.74 48.52 50.28 52.61 54.33 55.4 57.29 59.64 61.47 62.57 64.06 65.7 66.28 68.57 72.7 75.21
-9999 -9999 -9999 -9999 -9999 -9999 -9999 -9999 67.88889 67.07143 72.39 75.55 79.25 74.86 78.11 80.91 80.83 76.63 81.21 83.72 81.2 73.29 64.66 57.94 57.68 62.11 56.14 50.86 47.51 50.5 53.96 58.52 49.22 47.49 45.12 42.84 44.84 45.4 44.46 42.74 40.83 40.88 39.82 37.89 37.13 36.61 36.45 36.72 38.56 38.99 39.76 41.67 42.11 42.38 43.98 44.12 43.22 42.62 43.31 43.79 44.63 46.11 48.3 49.66 51.73 53.25 52.34 53.56 56.12 58.34 58.98 60.56 61.77 63.28 65.39 67.51 70.25
-9999 -9999 -9999 -9999 -9999 -9999 -9999 -9999 63.40789 68.69 70.21 68.72 65.22 66.07 67.16 73.73 74.83 83.96 83.38 77.97 70.28 66.77 60.33 56.31 65 56.44 50.38 45.51 43.85 47.24 51.28 51.64 49.49 45.41 42.75 42.16 42.13 41.87 42.27 41.03 39.9 38.92 37.4 36.94 34.41 33.68 35.29 36.16 37.86 38.43 38.9 38.89 39.91 41.06 42.2 42.97 41.5 42.3 42.72 42.65 43.76 45.57 47.14 47.44 48.43 51.1 50.8 54.11 55.71 57.13 57.68 59.37 60.39 61.45 62.23 63.14 66.78
-9999 -9999 -9999 -9999 -9999 -9999 -9999 -9999 -9999 67.6 65.31 65.96 65.65 71.55 68 67.49 75.58 73.58 69.18 67.3 61.92 69.07 65.53 67.73 62.14 52.08 45.39 42.71 43.84 46.24 47.37 45.47 44.55 40.7 40.27 39.89 40.82 41.38 40.33 39.34 38.36 38.2 36.93 35.25 33.46 32.91 33.54 34.93 36.12 37.04 36.26 37.4 37.94 39.45 40.44 40.22 40.98 41.75 41.26 43.91 45.18 46.36 48.01 48.98 49.44 50.59 53.1 55.42 56.84 58.28 61.46 61.09 63.01 61.33 60.71 61.09 62.13
-9999 -9999 -9999 -9999 -9999 -9999 -9999 -9999 -9999 64.76 66.93 66.21 68.82 66.29 66.87 68.06 70.92 70.02 58.69 65.04 72.68 71.64 68.33 62.29 56.55 54 51.14 43.01 44.01 47.99 51.52 43.2 40.81 39.31 39.26 38.52 39.94 40.35 38.04 38.78 38.33 36.42 36.04 34.35 32.82 33.18 33.33 34.9 35.42 35.94 35.73 36.99 37.16 37.89 38.66 40.35 40.44 41.57 42.27 43.78 44.81 46.07 47.84 49.03 49.86 50.38 52.13 56.92 62.04 64.64 64.01 59.38 60.27 62.49 62.01 64.35 64.21
-9999 -9999 -9999 -9999 -9999 -9999 -9999 -9999 -9999 64.94949 64.89 64.44 64.17 64.8 67 65.13 69.47 65.91 58.4 66.53 79.3 65.74 64.44 61.54 54.08 47.46 45.15 44.27 45.3 42.7 44.64 41.13 40.32 42.51 43.02 41.92 39.39 37.34 38.24 39.09 38.33 37.01 36.77 35.63 34.2 34.2 34.82 35.38 36.28 36.85 37.24 36.89 38.06 38.6 39.61 40.36 40.88 40.92 42.17 42.68 42.26 43.3 45.18 47.17 48.48 49.84 50.55 55.33 60.11 59.72 58.7 59.06 59.93 61.24 65.62 68.35 70.18
-9999 -9999 -9999 -9999 -9999 -9999 -9999 -9999 -9999 65.02531 66.39 65.59 68.23 70.26 66.84 62.56 62.14 57.25 67.35 72.58 61.67 57.83 61.14 53.56 56.12 47.8 50.84 49.33 41.68 40.42 41.42 38.82 41 42.52 41.68 39.14 36.79 37.42 37.94 38.13 37.87 37.1 37.12 37.31 37.3 37.39 36.79 37 36.38 35.62 37.93 37.99 38.04 38.78 38.75 38.98 40.01 40.6 41.2 41.98 42.59 42.99 44.3 47.14 48.56 49.47 51.16 53.31 56.78 56.27 57.57 61.85 68.64 73.52 73.83 75.89 76
-9999 -9999 -9999 -9999 -9999 -9999 -9999 -9999 -9999 65.75471 64.85 64.5 64.35 65.57 62.91 62.4 57.65 67.38 70.15 68.31 53.52 55.45 54.78 48.38 48.08 48.56 52.23 50.74 39.88 40.44 42.25 40.44 41.66 41.12 40.13 38.7 39.14 39.64 37.63 37.2 36.62 37.07 37.09 38.29 38.22 37.06 37.66 38.45 38.54 37.46 37.44 37.73 38.81 39 38.9 39 40 40.09 42.45 42.52 42.99 43.44 44.02 47.58 48.59 50.98 51.51 53.4 56.35 57.88 58.94 68.24 84.7 85.66 80.83 77.17 80.87
-9999 -9999 -9999 -9999 -9999 -9999 -9999 -9999 -9999 -9999 64.95699 62.1 62.4 62.71 62.71 59.68 60.68 61.79 59.25 59.63 53.52 54.38 52.6 50.14 50.43 47.25 44.9 42.99 38.45 42.31 42.51 39.54 39.11 40.41 40.88 39.57 38.18 38.62 38.54 37.67 36.71 35.69 36.47 36.21 36.16 36.17 36.33 37.5 38.4 37.51 37.06 38.27 38.84 39 39 39 40.3 41.1 42.64 43.18 43.55 44.43 45.38 47.79 49.1 52.11 54.97 56.04 58.18 63.12 72.68 82.01 80.92 71.78 77.26 70.17 72.96
-9999 -9999 -9999 -9999 -9999 -9999 -9999 -9999 -9999 -9999 63.28571 64.53 61.24 61.35 60.67 63.32 71.78 67.88 74.51 70.2 61.52 61.77 58.52 57.56 56.23 53.23 48.28 45.64 39.51 38.87 38.08 37.73 36.73 39.79 40.1 39.28 39.77 38.03 37.83 37.68 37.44 36.79 36.06 35.51 35.7 35.79 36.5 38.12 38.83 38.7 37.84 38.65 39 39.53 39.25 39.81 41.03 41.66 42.93 44.02 44.5 45.62 46.06 48.03 50.77 52.96 57.97 70.15 72.51 73.53 60.37 60.64 72.66 66 59.22 62.01 66.01
-9999 -9999 -9999 -9999 -9999 -9999 -9999 -9999 -9999 -9999 60.52325 63.89 65.37 65.06 63.66 63.75 66.5 73.03 75.99 70.82 68.53 66.18 60.8 54.81 56.15 56.55 50.55 44.45 40.84 42.51 41.04 38.76 40.83 40.8 40.23 39.59 39.6 39.2 37.62 37.66 37.81 37.79 36.04 35.41 35.97 36.03 36.69 37.58 37.47 38.04 38.76 39 39.08 40.1 40.37 41.56 41.43 42 42.69 45.13 46.23 45.91 46.57 47.54 51.86 55.47 71.6 80.74 67.52 58.28 54.48 53.29 58.68 58.93 53.67 54.12 54.47
-9999 -9999 -9999 -9999 -9999 -9999 -9999 -9999 -9999 -9999 58.27551 61.5 64.25 68.84 76.18 73.99 70.91 63.78 63.14 63.3 64.6 63.88 61.58 57.13 56.26 55.17 50.35 44.91 42.44 43.73 43.82 41.29 39.76 41.09 41.14 39.92 39.22 38.79 37.9 36.34 36.81 36.95 36.28 36.84 36.9 37.15 37.99 38.54 38.02 38.12 39.21 39.4 40.84 41.1 41.54 41.46 41.32 41.99 43.26 46.02 47.57 48.3 48.47 49.7 54.28 59.85 80.43 63.33 70.13 65.74 54.54 49.19 46.03 47.03 49.91 49.01 47.52
