layers/wordclim/future/Iberia_wcB2a_10_hadcm3_2050/bio_06.asc
ncols         166
nrows         93
xllcorner     -9.4959440078468
yllcorner     36.000324005443
cellsize      0.083333337679505
NODATA_value  -9999
[rows 0 to 33 of 93, columns 0 to 77 of 166]
-9999 -9999 -9999 -9999 -9999 -9999 -9999 -9999 -9999 -9999 -9999 -9999 -9999 -9999 -9999 -9999 -9999 67.09756 55.31944 68.23881 65.75758 62.48864 64.69566 63.04546 -9999 -9999 -9999 -9999 -9999 -9999 -9999 -9999 -9999 -9999 -9999 -9999 -9999 -9999 -9999 -9999 -9999 -9999 -9999 -9999 -9999 -9999 -9999 -9999 -9999 -9999 -9999 -9999 -9999 -9999 -9999 -9999 -9999 -9999 -9999 -9999 -9999 -9999 -9999 -9999 -9999 -9999 -9999 -9999 -9999 -9999 -9999 -9999 -9999 -9999 -9999 -9999 -9999 -9999
-9999 -9999 -9999 -9999 -9999 -9999 -9999 -9999 -9999 -9999 -9999 -9999 -9999 -9999 -9999 -9999 69.45454 66.90527 60.8 64.64 55.11 51.91 59.57576 49.94 50.38 56.90722 -9999 -9999 -9999 -9999 -9999 -9999 -9999 -9999 -9999 -9999 -9999 -9999 -9999 -9999 -9999 -9999 -9999 63.98438 65.11539 -9999 -9999 -9999 -9999 -9999 -9999 -9999 -9999 -9999 -9999 -9999 -9999 -9999 -9999 -9999 -9999 -9999 -9999 -9999 -9999 -9999 -9999 -9999 -9999 -9999 -9999 -9999 -9999 -9999 -9999 -9999 -9999 -9999
-9999 -9999 -9999 -9999 -9999 -9999 -9999 -9999 -9999 -9999 -9999 -9999 -9999 -9999 71.40741 73.25263 69.84849 65.66 60.23 51.07 44.44 44.83 47.44 39.65 54.65 60.11 59.87368 57.53165 56.92958 61.25455 59.3625 58.46429 54.90789 59.14286 51.73418 55.4697 54.32877 49.45833 47.43182 50.91753 53.42308 56.30952 59.55556 60.84 59.92 65 65.09836 59.71667 58.40678 -9999 -9999 -9999 -9999 -9999 -9999 -9999 -9999 -9999 -9999 -9999 -9999 -9999 -9999 -9999 -9999 -9999 -9999 -9999 -9999 -9999 -9999 -9999 -9999 -9999 -9999 -9999 -9999 -9999
-9999 -9999 -9999 -9999 -9999 -9999 -9999 -9999 -9999 -9999 -9999 -9999 -9999 -9999 -9999 -9999 63.88889 53.87 48.95 50.78 43.99 35.63 31.46 29.5 39.14 50.29 55.05 47.14 55.38 54.10101 44.09 39.43 37.49 46.54 30.6 39.24 44.09 38.45 29.35 43.89 52.42424 46.05 45.38 51.67 54.89 54.86 47.68 45.68 56.24 53.17 51.23 47.64103 57.16667 59.47458 58.8 -9999 -9999 -9999 -9999 -9999 -9999 -9999 -9999 -9999 -9999 -9999 -9999 75.31507 -9999 74.57143 70.96875 72.89655 71.21739 -9999 -9999 -9999 -9999 -9999
-9999 -9999 -9999 -9999 -9999 -9999 -9999 -9999 -9999 -9999 -9999 -9999 -9999 -9999 73.49254 71.58334 62.78 52.89 49.09 43.78 45.73 42.5 40.44 33.54 35.92 36.8 40.44 46.61 44.59 31.95 21.31 27.34 34.78 29.61 23.52 35.08 25.98 18.82 31.9 42.05 44.27 50.44 51.78 46.23 49.42 48.5 46.18 46 46.23 47.24 47.67 55.62 56.1 46.2 45.22 42.66 35.74 46.76596 54.40741 62.08219 65.07792 67.28205 65.875 63.74699 66.80612 71.85 70.55 71.41 69.11459 71.81 65.52 66.34 69.36905 64.1 63.25843 68.57407 -9999 -9999
-9999 -9999 -9999 -9999 -9999 -9999 75.55556 77.1125 74.41892 -9999 72.05405 71.16868 70.33 73.32323 72.83 -9999 60.77 51.87 42.45 43.97 45.31 45.21 43.51 43.85 39.31 38.68 36.92 42.65 27.59 22.11 22.87 34.47 27.96 13.2 13.8 25.92 31.29 29.77 22.4 29.37 26.98 28.01 34.28 41.78 41.19 40.93 36.18 26.16 24.48 32.08 22.16 31.27 38.91 25.23 16.1 21.5 31.17 25.49 40.97 39.23 49.97 47.81 51.73 55.28 52.81 59.96 61.15 61.05 51.8 44.26 47.67 51.11 59.44 52.48 51.52 51.51 60.75 60.32653
-9999 -9999 -9999 -9999 -9999 -9999 73.47945 73.5 72.27 72.83 68.3 58.31 59.77 62.39 66.7 63.84 53.71 49.69 44.22 44.48 43.1 45.49 43.88 44.35 42.65 38.49 32.32 34.13 27.24 22.06 27.27 32.37 16.12 7.12 18.38 23.86 22.09 8.24 11.79 8.1 6.54 20.52 -1.37 18.78 33.89 21.48 17.25 22.3 18.1 15.31 -1.7 10.99 14.07 -2.65 -31.78 -14.11 -22.18 -16.43 22.85 13.79 23.64 33.03 37.86 31.35 40.02 49.5 44.34 44.49 43.89 24.12 10.45 31.01 45.72 47.51 44.75 51.7 57.13 55.77
-9999 -9999 -9999 -9999 79.19355 72.62 71.31 66.28 62.46 62.05 57.05 56.88 57.51 54.62 55.49 51.16 47.36 46.25 43.09 44.04 42.43 42.09 44.26 42.74 39.61 33.88 27.18 30.16 17.23 20.28 16.72 24.38 14.01 7.64 14.52 16.55 3.81 -7.78 4.3 -6.58 -0.42 -6.03 6.58 6.8 17.53 7.47 7.8 6.87 -5.44 -11.17 -5.22 -10.49 -15.67 -4.09 -20.14 -26.85 -17.28 10.59 24.67 17.58 -8.05 6.59 13.99 15.93 18.76 36.45 22.9 33.91 29.18 6.83 1.57 9.96 17.29 29.9 48.08 47.42 53.12 51.59
-9999 -9999 -9999 78.79382 74.74 67.38 66.34 63.19 61.11 58.75 58.81 57.27 59.11 56.57 54.46 53.5 49.93 45.28 37.71 39.32 41.96 40.03 41 38.87 34.09 30.6 23.23 19.79 24.25 21.29 28.29 24.68 9 -0.25 9.14 -3.58 -4.38 -23.3 -25.54 -22.64 -32.65 -23.55 -29.89 -5.84 3.25 -22.4 -24.91 -18.94 -26.37 -29.8 -18.28 -25.05 -16.08 -11.63 -22.13 -20.95 -32.97 -27.78 -15.87 -4.13 -10.35 -25.92 -14.34 2.79 8.17 12.11 11.73 15.11 12.84 14.43 21.74 23.62 24.52 24.25 28.11 23.72 27.32 46.34
-9999 -9999 -9999 79.91765 70.93939 67.29 64.96 64.16 63.93 62.4 61.39 60.15 57.85 54.75 53.45 51.71 51.2 44 40.69 36.66 38.5 35.27 35.14 38.62 37.74 33.98 23.57 21.96 19.74 27.21 23.68 12.24 9.68 -0.59 -4.64 -12.04 -19.9 -13.81 -15.03 -16.61 -21.76 -17.35 -19.61 -25.07 -19.86 -18.34 -22.48 -18.2 -25.21 -19.81 -9.38 -16.37 -15.91 -12.03 -9.3 -18.39 -31 -32.96 -26.81 -13.53 -6.34 -26.1 -16.76 3.58 8.47 10.98 12.96 13.09 14.43 17.33 24.22 31.9 29.4 25.17 24.42 23.49 21.54 25.61
-9999 -9999 -9999 -9999 77.27586 66.34 66.83 68.96 65.53 69.44 70.66 60.67 54.04 57.97 55.78 54.27 54.89 51.3 45.81 40.5 35.53 36.71 37.91 38.43 38.28 33.12 26.61 19.03 23.57 22.51 10.62 -2.5 -13.13 -14.04 -7.06 -10.3 -9.95 -15.91 -26.84 -23.1 -27.8 -28.79 -20.48 -13.3 -23.76 -14.77 -13.15 -11.2 -17.44 -9.09 -7.24 -14.59 -9 -14.82 -9.49 -19.46 -19.97 -19.31 -17.29 -5.54 -0.34 -0.05 0.96 4.93 5.74 9.06 6.91 14.87 14.06 19.91 16.9 21.63 28.47 23.64 20.05 16.88 22.79 21.26
-9999 -9999 -9999 -9999 80.5 77.46875 78.21212 78.87912 61.65 69.16 70.9 69.8 63.75 63.14 60.1 51 50.59 45.58 39.29 39.49 33.98 33.61 37.86 31.09 29.47 34.03 20.38 14.7 15.89 11.68 5.27 -13.09 -5.22 0.32 6.15 2.43 -10.31 -22.89 -24.63 -24.17 -16.83 -11.75 -7.86 -7.45 -6.75 -11.01 -4.43 -3.19 -6.31 -3.04 -3.85 -4.79 -3.64 -6.86 -3.38 -8.91 -11.6 -4.87 -4.06 -4.59 -0.79 2.05 6.41 7.36 4.7 10.45 11.72 7.07 12.22 11.01 7.09 15.96 17.41 27.39 28.64 26.15 16.21 31.76
-9999 -9999 -9999 -9999 -9999 -9999 65.77174 74.43 71.01 76.5 70.69 64.95 63.89 50.87 50.68 47.85 42.23 41.02 34.28 29.38 34.48 37.44 29.02 25.66 28.37 25.4 15.23 4.23 0.46 2.28 5.53 -1.65 6.87 12.03 9.27 8.69 0.05 -3.81 -3.74 -7.18 -12.49 -12.33 -7.93 -4.38 -3.72 -5.68 -1.39 -0.06 -2.28 1.91 -2.95 0.08 -1.32 -0.63 -2.86 -5.65 -5.09 -3.57 -0.92 -2.12 2.66 2.78 5.38 1.77 2.05 3.62 6.08 6.38 9.77 7.23 3 9.51 23.89 15.06 16.59 10.75 15.19 33.11
-9999 -9999 -9999 -9999 -9999 83.79661 74.44681 -9999 -9999 72.89 72.39 61.1 51.66 43.06 35.89 44.11 41.35 34.57 30.34 26.45 33.62 35.32 30.45 30.87 35.5 25.38 12.67 11.22 4.9 -2.49 5.06 9.6 15.02 19.28 17.88 14.63 12.68 9.24 2.22 -6.17 -3.51 -1.26 -2.29 -0.89 -1.77 -2.73 1.84 2.42 2.34 2.85 1.06 2.85 -1.25 1.81 -2.14 -3.57 -2.19 -2.25 1.06 0.31 2.5 6.29 5.78 2.66 3.38 2.25 3.2 3.23 3.59 2.77 5.48 13.55 22.88 23.4 21.61 19.95 17.28 21.89
-9999 -9999 -9999 -9999 -9999 -9999 -9999 86.5 82.87952 79.86 71.93 61.93 51.59 44.63 36.19 35.64 36.18 30.67 26.74 28.88 30.14 34.63 32.94 37.83 35.86 29.5 20.27 15.56 4.47 1.65 5.58 15.62 20.88 23.3 20 13.63 0.62 -7.34 -10.62 -9.44 -2.33 0.16 -0.25 2.04 0.96 0.28 2.38 4.64 5.46 4.33 3.91 0.77 0.36 3.26 -0.28 -1.92 0.18 -0.59 0.37 2.01 1.98 5.24 6.96 7.3 7.52 7.79 5.88 1.91 3.43 4.33 9.67 11.83 8.77 11.3 14.11 14.19 16.17 24.14
-9999 -9999 -9999 -9999 -9999 -9999 -9999 85.60416 80.75 70.86517 76.75 64.62 48.09 34.61 37.12 40.32 40.92 39.15 36.89 34.28 33.55 32.96 33.96 33.45 27.46 25.76 25.7 23.5 9.01 12.17 14.89 17.14 19.53 8.12 -4.57 -4.14 -13.7 -17.27 -8.74 -2.7 0.74 2.66 1.51 4.02 2.78 2.12 3.22 6.37 6.06 4.76 2.77 2.18 2.94 5.22 2.09 0 0.67 1.93 2.15 3.06 4.39 5.52 5.89 7.42 8.23 8.24 4.3 2.93 4.98 6.53 6.27 5.32 6.07 9.54 9.37 13.61 16.83 18.87
-9999 -9999 -9999 -9999 -9999 -9999 -9999 -9999 -9999 74.38235 74.70968 65.65 54.68 35.39 35.01 43.84 47.8 41.9 40.8 39.91 37.26 26 21.34 24.14 23.34 13.79 11.65 24.87 25.64 10.63 5.7 12.85 -1.93 -6.85 -4.92 -21.89 -25.22 -18.7 -8.2 -4.21 -0.9 2.47 5.05 5.17 4.23 4.73 5.14 7.61 5.81 4.77 4.58 3.49 4.96 5.93 3.49 1.52 2.01 3.64 3.59 4.41 5.04 6.66 7.93 9.17 9.03 6.42 4.79 5.65 7.27 8 6.38 4.5 3.6 -1.12 1.11 5.47 0.67 0.5
-9999 -9999 -9999 -9999 -9999 -9999 -9999 -9999 81.5641 71.93939 -9999 62.77 52 42.69 31.15 39.28 49.1 43.06 37.61 38.38 35.22 27.06 23.44 13.75 9.3 7.09 -0.7 14.63 15.52 6.98 -5.49 -10.39 -15.41 -16.58 -12.71 -6.29 -12.48 -21.39 -14.47 -4.81 0.94 3.36 6.17 7.15 6.65 6.07 6.3 8.18 4.54 2.87 5.08 5.47 6.48 6.02 4.55 3.4 2.48 2.69 3.94 4.27 5.16 5.67 7.07 7.41 6.15 2.79 5.12 7.61 6.92 5.44 3.39 2.52 -0.03 -5.15 -10.82 -11.6 -14.06 -5.38
-9999 -9999 -9999 -9999 -9999 -9999 -9999 -9999 -9999 76.04395 71.23 67.47 64.42 47.04 38.88 44.32 44.43 38.79 37.06 33.12 30.45 27.02 26.11 12.96 2.37 -3.47 -10.08 0.74 12.05 1.64 -6.24 -18.83 -30.19 -28.23 -21.4 -22.53 -19.93 -12.75 -9.79 -3.28 0.95 3.44 4.05 6.91 7.63 7.38 7.59 8.49 4.98 5.39 6.58 7.38 7.32 5.68 5.11 4.82 4.4 2.85 3.03 4.15 4.71 4.27 5.45 4.61 2.67 6.53 7.67 6.72 5.9 4.95 3.29 1.15 -5.11 -15.37 -19.18 -26.81 -26.33 -23.85
-9999 -9999 -9999 -9999 -9999 -9999 -9999 -9999 79.96703 64.48 75.58 70.19 66.99 50.33 54.81 43.54 34.64 28.15 28.45 26.62 25.06 26.87 23.46 18.24 9.36 1.2 1.47 7.51 9.4 -1.78 -11.03 -21.45 -21.41 -8.3 -4.16 -5.91 -6.79 -4.23 -0.05 3.2 3.15 5.3 6.41 6.33 9.04 7.94 8.73 8.32 7.56 8.42 7.8 8.17 6.58 5.17 6.17 5.84 5.99 5.46 2.76 3.85 1.46 0.22 2.49 2.86 6.96 5.51 7.06 6.73 5.52 3.35 0.75 -2.39 -0.44 -1.88 -7.34 -9.52 -11.61 -15.89
-9999 -9999 -9999 -9999 -9999 -9999 -9999 66.22222 64.55 71.88 73.6 70.1 61.62 57.74 36.32 21.81 14.65 19.26 23.89 26.51 26.67 25.87 24.8 18.78 24.08 12.78 10.37 10.86 5.38 -0.58 -6.99 -13.1 -15.6 -1.12 0.27 0.09 0.69 1.8 3.52 5.11 6.59 7.55 8.38 7.92 8.21 9.12 10.31 9.08 8.69 7.65 9.49 8.41 6.74 7.08 7.03 6.97 6.57 6.12 4.26 3.03 0.84 2.85 5.62 4.88 3.86 3.93 5.59 6.31 5.83 5.47 3.55 1.58 -1.59 0.53 -0.22 -7.07 -21.72 -25.93
-9999 -9999 -9999 -9999 -9999 -9999 -9999 69.7 76.32 72.75 67 47.05 50.39 41.07 18.68 27.41 29.02 31.26 27.61 20.56 17.56 19.88 20.14 22.45 30.07 21.32 15.63 16.71 11.48 6.78 5.01 0.76 -7.4 4.05 4.35 1.84 0.57 3.51 4.52 5.15 5.7 7.49 8.55 9.14 10.08 10.78 10.24 9.38 9.45 9.85 10.08 8.73 7.16 8.6 8.04 7.85 6.58 3.55 0.26 2.73 4.75 3.92 3.33 2.76 1.31 1.21 3.2 3.36 2.7 1.96 1.29 -2.26 -4.23 -7.15 -0.34 -3.02 -6.27 -8.98
-9999 -9999 -9999 -9999 -9999 -9999 -9999 76.0303 72.18182 61.09 60.58 45.55 55.44 49.81 41.32 38.67 35.91 23.94 14.34 13.96 14.3 13.09 22.44 23.22 31.85 23.74 15.17 18.67 17.07 10.24 8.84 8.51 6.47 11.65 9.1 9.61 6.28 3.83 1.55 0.24 1.72 3.37 7.22 7.97 9.54 10.25 10.93 11.19 11.5 11.77 10.9 9.98 9.31 8.71 6.44 4.71 3.04 2.33 2.61 6.41 4.06 2.83 2.08 1.35 0.56 0.91 1.29 2.62 2.44 2.31 2.46 0.51 -1.16 -2.96 -4.96 -4.51 -6.4 -9.41
-9999 -9999 -9999 -9999 -9999 -9999 -9999 -9999 65.88 56.85 68.53 60.22 59.37 52.34 43.33 27.48 20.13 12.67 22.36 17.78 18.91 17.65 19.62 25.46 33.33 25.36 16.27 21.68 19.96 18.74 12.37 6.05 10.86 16.77 9.89 12.51 10.16 5.67 6.74 7.56 4.66 4.13 7.63 11.02 11.16 10.86 11.82 11.6 10.64 10.79 12.34 11.97 8.42 5.76 5.03 4.92 4.72 6.59 9.16 6.99 4.12 3.89 3.05 2.89 2.93 2.85 4.94 4.97 4.24 5.17 4.84 4.52 3.07 2.45 0.64 -2.79 -4.68 -5.43
-9999 -9999 -9999 -9999 -9999 -9999 -9999 -9999 70.75555 69.46939 62.68 57.13 49.95 52.23 44.77 37.82 34.04 33.81 25.81 19.43 18.45 22.09 26.87 31.99 29.11 20.05 23.4 27.19 28.29 20.52 11.97 3.29 11.26 12.21 13.71 14.78 9.11 6.47 6.51 7.8 9.11 8.09 8.62 10.45 11.69 11.98 13.15 13.23 12.56 11.88 11.08 8.72 7.39 7.64 7.26 7.06 8.86 11.8 8.43 6.55 5.53 5.33 4.25 3.17 3.85 3.24 8.24 9.45 8.71 7.7 8.06 6.63 5.23 4.45 2.49 1.02 -0.59 -1.51
-9999 -9999 -9999 -9999 -9999 -9999 -9999 -9999 71.89474 65.89 62.41 61.23 63.62 58.98 53.75 42.98 37.85 24.64 21.85 23.59 28.04 27.77 31.82 32.96 19.43 25.95 30.5 34.36 33.75 24.72 14.56 10.59 11.03 15.26 16.46 16.16 12.48 10.72 8.32 8.76 8.16 9.13 10.68 11.38 12.57 13.59 13.87 11.88 11.55 10.85 10.96 11.73 10.7 9.95 8.76 8.94 13.22 14.11 11.08 10.48 8.31 6.9 6.65 8.06 9.02 6.33 9.09 6.74 7.15 7.4 8.05 6.44 5.45 4.93 4.39 3.85 0.63 1.33
-9999 -9999 -9999 -9999 -9999 -9999 -9999 -9999 -9999 65.77 65.59 63.49 60.32 50.66 50.91 47.34 35.74 34.24 34.64 33.09 34.93 25.1 25.32 18.58 21.41 30.96 36.69 38.38 33.61 25.56 20.15 20.7 19.18 23.35 21.4 19.18 14.19 11 11.77 11.76 11.48 9.4 10.6 12.41 12.97 15.06 15.29 13.51 13.19 13.29 13.3 13.23 13.37 12.13 12.93 15.15 15.53 15.02 14.18 8.73 8.15 5.37 4.17 5.16 6.13 6.18 4.54 3.27 4.38 4.11 1.51 1.85 0.4 2.83 4.52 4.63 4.98 3.58
-9999 -9999 -9999 -9999 -9999 -9999 -9999 -9999 -9999 67.49 63.63 61.39 55.35 55.12 51.23 45.61 38.55 36.34 45.39 34.51 22.57 20.85 20.55 23.79 27.76 27.85 28.82 37.69 33.25 21.89 14.39 24.12 26.71 26.58 23.65 20.99 15.72 12.91 14.73 11.78 10.93 11.94 12.36 13.25 14.05 14.45 14.67 13.36 13.74 14.7 15.17 14.59 14.9 15.07 14.82 14.02 14.67 14.97 12.97 9.44 7.54 6.44 6.09 5.07 5.24 5.89 5.39 0.83 -3.81 -4.53 -3.01 2.87 2.56 0.36 1.2 -0.31 0.19 0.52
-9999 -9999 -9999 -9999 -9999 -9999 -9999 -9999 -9999 67.13131 64.94 62.08 59.33 55.18 49.54 47.84 39.28 39.98 44.94 31.94 14.95 26.36 24.23 24.82 30.43 37.08 37.44 35.62 30.56 32.98 25.68 29.04 27.11 18.46 14.42 14.57 16.19 17.93 14.03 11.7 10.54 11.24 11.55 11.85 12.63 12.02 11.29 12.21 12.02 12.41 13.05 13.61 13.37 13.37 12.6 12.41 13.68 14.14 12.13 11.63 12.42 11 10.28 9.54 7.65 7 7.74 2.73 -2 0.37 1.99 2.47 1.19 -0.07 -3.31 -6 -7.25 -9.15
-9999 -9999 -9999 -9999 -9999 -9999 -9999 -9999 -9999 67.26582 61.9 59.07 52.88 47.67 48.12 49.36 46.84 48.91 33.68 25.4 33.94 34.9 27.69 34.06 27.49 35.96 27.93 27.17 36.92 37.12 32.44 34.1 25.74 17.99 17.97 20.57 22.58 17.19 13.94 12.46 12.49 11.16 9.71 9.24 8.92 8.05 8.79 9.97 11.92 13.47 11.87 12.91 13.21 13.36 14.06 14.04 13.52 13.17 12.87 13 12.72 12.28 11.21 9.6 7.67 7.62 6.48 5.22 2.03 4.19 2.5 -1.98 -8.44 -12.61 -13.07 -14.81 -14.24 -13.58
-9999 -9999 -9999 -9999 -9999 -9999 -9999 -9999 -9999 66.54717 62.36 58.27 55.28 51.01 51.04 48.68 51.14 36.74 30.39 29.87 44.58 38.44 35.74 42.01 39.15 34.89 25.52 25.39 41.55 36.43 30.13 30.4 23.84 22.97 21.07 21.16 16 14.11 14.24 14.94 14.2 11.93 9.96 7.45 7.8 8.72 8.54 7.95 9.36 11.51 12.28 12.77 13 13.24 13.46 13.56 12.94 12.88 11.37 12.84 12.06 11.42 11.02 9.86 8.09 7.25 6.4 4.62 2.21 1.33 0.7 -8.76 -24.6 -25.2 -20.34 -16.57 -19.44 -13.75
-9999 -9999 -9999 -9999 -9999 -9999 -9999 -9999 -9999 -9999 61.64516 60.25 57.49 53.04 50.34 51.21 47.12 43.07 43.92 40.01 44.72 40.25 39.23 39.43 35.87 37.5 38.15 38.01 44.25 33.34 29.98 31.92 30.22 25.23 19.56 18.26 16.87 14.91 13.1 13.59 14.27 14.09 12.66 12.07 11.56 11.16 10.54 9.47 9.93 11.17 12.53 12.39 12.5 12.47 12.7 12.9 11.72 11.85 9.46 11.13 11.32 9.88 9.37 9.93 8.22 5 1.91 1.01 -0.33 -4.96 -14.74 -23.26 -21.5 -12.37 -17.3 -10.01 -12.24 -8.52
-9999 -9999 -9999 -9999 -9999 -9999 -9999 -9999 -9999 -9999 62.71429 57.53 58.69 55.92 53.09 46.65 34.09 36.35 24.41 25.85 34.17 29.66 31.21 28.99 26.82 28.07 32.82 34.4 42.69 39.93 38.86 36.48 35 26.29 21.36 19.9 17.41 16.09 14.94 13.65 13.48 13.22 13.21 12.97 12.88 12.22 11.46 10.6 9.62 10.14 11.42 11.6 11.43 11.06 11.65 10.89 9.33 10.72 8.62 9.07 9.03 7.75 9.65 8.22 5.08 2.07 -1.94 -14.4 -15.96 -16.14 -2.16 -2.42 -14.55 -7.27 -0.11 -2.59 -5.96 2.09
-9999 -9999 -9999 -9999 -9999 -9999 -9999 -9999 -9999 -9999 64.88372 57.58 53.42 50.42 48.67 46.18 39.87 29.65 23.05 25.14 24.69 23.49 28.07 33.18 27.06 23.14 28.59 37.57 40.39 34.15 32.99 34.61 27.72 25.06 22.87 21.83 19.41 16.02 16.3 15.46 13.52 12.9 13.4 13.04 12.67 12.1 12.34 12.72 12.83 11.29 10.63 10.14 9.42 9.08 9.22 8.25 8.84 9.13 7.75 6.8 5.96 7.33 8.61 8.76 4.13 -0.6 -17.56 -25.58 -11.07 -0.69 3.43 5.06 -0.03 -0.19 5.74 5.4 5.63 6.5
