layers/wordclim/future/Iberia_wcB2a_10_hadcm3_2050/bio_15.asc
ncols         166
nrows         93
xllcorner     -9.4959440078468
yllcorner     36.000324005443
cellsize      0.083333337679505
NODATA_value  -9999
[rows 0 to 33 of 93, columns 77 to 153 of 166]
-9999 -9999 -9999 -9999 -9999 -9999 -9999 -9999 -9999 -9999 -9999 -9999 -9999 -9999 -9999 -9999 -9999 -9999 -9999 -9999 -9999 -9999 -9999 -9999 -9999 -9999 -9999 -9999 -9999 -9999 -9999 -9999 -9999 -9999 -9999 -9999 -9999 -9999 -9999 -9999 -9999 -9999 -9999 -9999 -9999 -9999 -9999 -9999 -9999 -9999 -9999 -9999 -9999 -9999 -9999 -9999 -9999 -9999 -9999 -9999 -9999 -9999 -9999 -9999 -9999 -9999 -9999 -9999 -9999 -9999 -9999 -9999 -9999 -9999 -9999 -9999 -9999
-9999 -9999 -9999 -9999 -9999 -9999 -9999 -9999 -9999 -9999 -9999 -9999 -9999 -9999 -9999 -9999 -9999 -9999 -9999 -9999 -9999 -9999 -9999 -9999 -9999 -9999 -9999 -9999 -9999 -9999 -9999 -9999 -9999 -9999 -9999 -9999 -9999 -9999 -9999 -9999 -9999 -9999 -9999 -9999 -9999 -9999 -9999 -9999 -9999 -9999 -9999 -9999 -9999 -9999 -9999 -9999 -9999 -9999 -9999 -9999 -9999 -9999 -9999 -9999 -9999 -9999 -9999 -9999 -9999 -9999 -9999 -9999 -9999 -9999 -9999 -9999 -9999
-9999 -9999 -9999 -9999 -9999 -9999 -9999 -9999 -9999 -9999 -9999 -9999 -9999 -9999 -9999 -9999 -9999 -9999 -9999 -9999 -9999 -9999 -9999 -9999 -9999 -9999 -9999 -9999 -9999 -9999 -9999 -9999 -9999 -9999 -9999 -9999 -9999 -9999 -9999 -9999 -9999 -9999 -9999 -9999 -9999 -9999 -9999 -9999 -9999 -9999 -9999 -9999 -9999 -9999 -9999 -9999 -9999 -9999 -9999 -9999 -9999 -9999 -9999 -9999 -9999 -9999 -9999 -9999 -9999 -9999 -9999 -9999 -9999 -9999 -9999 -9999 -9999
-9999 -9999 -9999 -9999 -9999 -9999 -9999 -9999 -9999 -9999 -9999 -9999 -9999 -9999 -9999 -9999 -9999 -9999 -9999 -9999 -9999 -9999 -9999 -9999 -9999 -9999 -9999 -9999 -9999 -9999 -9999 -9999 -9999 -9999 -9999 -9999 -9999 -9999 -9999 -9999 -9999 -9999 -9999 -9999 -9999 -9999 -9999 -9999 -9999 -9999 -9999 -9999 -9999 -9999 -9999 -9999 -9999 -9999 -9999 -9999 -9999 -9999 -9999 -9999 -9999 -9999 -9999 -9999 -9999 -9999 -9999 -9999 -9999 -9999 -9999 -9999 -9999
-9999 44.35632 43.4 41.34 40.77907 39.82051 38.78182 -9999 -9999 -9999 -9999 -9999 -9999 -9999 -9999 -9999 -9999 -9999 -9999 -9999 -9999 -9999 -9999 -9999 -9999 -9999 -9999 -9999 -9999 -9999 -9999 -9999 -9999 -9999 -9999 -9999 -9999 -9999 -9999 -9999 -9999 -9999 -9999 -9999 -9999 -9999 -9999 -9999 -9999 -9999 -9999 -9999 -9999 -9999 -9999 -9999 -9999 -9999 -9999 -9999 -9999 -9999 -9999 -9999 -9999 -9999 -9999 -9999 -9999 -9999 -9999 -9999 -9999 -9999 -9999 -9999 -9999
42.38776 44.63636 42.87 41.89 40.44 39.07 37.63 37.67677 36.63014 36.5 36.06557 35.85246 35.76191 35.79167 35.37 35.08 35.83784 -9999 -9999 -9999 -9999 -9999 -9999 -9999 -9999 -9999 -9999 -9999 -9999 -9999 -9999 -9999 -9999 -9999 -9999 -9999 -9999 -9999 -9999 -9999 -9999 -9999 -9999 -9999 -9999 -9999 -9999 -9999 -9999 -9999 -9999 -9999 -9999 -9999 -9999 -9999 -9999 -9999 -9999 -9999 -9999 -9999 -9999 -9999 -9999 -9999 -9999 -9999 -9999 -9999 -9999 -9999 -9999 -9999 -9999 -9999 -9999
41.01 40.21 41.8 41.14 39.52 37.23 36.52 36.16 35.42 35.18 34.77 34.6 35.18 34.99 35.01 34.9 35.9 35.62 35.24 35.12 -9999 -9999 -9999 -9999 -9999 -9999 -9999 -9999 -9999 -9999 -9999 -9999 -9999 -9999 -9999 -9999 -9999 -9999 -9999 -9999 -9999 -9999 -9999 -9999 -9999 -9999 -9999 -9999 -9999 -9999 -9999 -9999 -9999 -9999 -9999 -9999 -9999 -9999 -9999 -9999 -9999 -9999 -9999 -9999 -9999 -9999 -9999 -9999 -9999 -9999 -9999 -9999 -9999 -9999 -9999 -9999 -9999
39.94 39.96 39.16 38.7 36.25 36.44 35.94 35.26 34.37 34.08 34.01 34.29 34.75 34.51 34.18 34.48 35.81 35.95 35.81 34.91781 -9999 -9999 -9999 -9999 -9999 -9999 -9999 -9999 -9999 -9999 -9999 -9999 -9999 -9999 -9999 -9999 -9999 -9999 -9999 -9999 -9999 -9999 -9999 -9999 -9999 -9999 -9999 -9999 -9999 -9999 -9999 -9999 -9999 -9999 -9999 -9999 -9999 -9999 -9999 -9999 -9999 -9999 -9999 -9999 -9999 -9999 -9999 -9999 -9999 -9999 -9999 -9999 -9999 -9999 -9999 -9999 -9999
38.31 38.04 35.08 33.06 34.52 33.65 34.51 34.61 33.31 33.67 33.96 33.89 33.51 34.27 33.48 34.13 34.81 34.08 32.63 32.3875 -9999 31.07143 30.32143 -9999 -9999 -9999 -9999 -9999 -9999 -9999 -9999 -9999 -9999 -9999 -9999 -9999 -9999 -9999 -9999 -9999 -9999 -9999 -9999 -9999 -9999 -9999 -9999 -9999 -9999 -9999 -9999 -9999 -9999 -9999 -9999 -9999 -9999 -9999 -9999 -9999 -9999 -9999 -9999 -9999 -9999 -9999 -9999 -9999 -9999 -9999 -9999 -9999 -9999 -9999 -9999 -9999 -9999
34.85 35.08 34.46 33.45 33.87 33.24 32.32 31.92 31.17 31.89 32.51 32.53 32.1 32.82 34.05 35.08 35.79 35.93 34.5 33.68 32.06 31.38 30.41 29.4 28.06452 26.98361 26 24.39655 -9999 -9999 -9999 -9999 -9999 -9999 -9999 -9999 -9999 -9999 -9999 -9999 -9999 -9999 -9999 -9999 -9999 -9999 -9999 -9999 -9999 -9999 -9999 -9999 -9999 -9999 -9999 -9999 -9999 -9999 -9999 -9999 -9999 -9999 -9999 -9999 -9999 -9999 -9999 -9999 -9999 -9999 -9999 -9999 -9999 -9999 -9999 -9999 -9999
33.74 33.11 32.94 33.27 33.19 32.34 31.66 31.45 31.44 30.92 31.36 31.75 32.21 31.8 33.77 36.3 36.97 36.44 35.78 34.19 33.18 31.86 29.53 30.07 28.26 27.37 25.97 23.93 23.25 -9999 -9999 -9999 -9999 -9999 -9999 -9999 -9999 -9999 -9999 -9999 -9999 -9999 -9999 -9999 -9999 -9999 -9999 -9999 -9999 -9999 -9999 -9999 -9999 -9999 -9999 -9999 -9999 -9999 -9999 -9999 -9999 -9999 -9999 -9999 -9999 -9999 -9999 -9999 -9999 -9999 -9999 -9999 -9999 -9999 -9999 -9999 -9999
34.22 32.84 32.96 32.35 31.49 31.1 30.35 30.24 30.23 29.99 30.29 30.91 30.9 31.85 33.13 36.07 38.28 38.98 36.84 36.43 35.39 33.05 31.49 30.62 29.38 28.27 26.24 24.85 23.77 22.55914 22.26866 21.65385 21.17045 21.12121 20.8806 -9999 -9999 -9999 -9999 -9999 -9999 -9999 -9999 -9999 -9999 17.61 17.37 17.79487 17.83636 -9999 -9999 -9999 -9999 -9999 -9999 -9999 -9999 -9999 -9999 -9999 -9999 -9999 -9999 -9999 -9999 -9999 -9999 -9999 -9999 -9999 -9999 -9999 -9999 -9999 -9999 -9999 -9999
33.71 33.39 32.47 31.32 30.77 29.94 29.23 29.16 29.22 29.07 29.53 30.27 31.63 33.24 34.31 35.72 35.91 36.54 34.95 34.43 34.72 34.63 32.26 30.47 29.05 28.4 26.93 25.69 24.95 23.28 22.43 21.43 21.13 21.45 20.34 20.22826 -9999 -9999 -9999 19.02778 -9999 19.14815 -9999 -9999 -9999 17.33673 16.92 17.14 17.31 17.53 17.02439 17.52381 17.37879 -9999 -9999 -9999 -9999 -9999 -9999 -9999 -9999 -9999 -9999 -9999 -9999 -9999 -9999 -9999 -9999 -9999 -9999 -9999 -9999 -9999 -9999 -9999 -9999
32.01 31.91 31.77 30.32 29.38 29.16 28.56 28.36 28.35 28.22 28.43 29.35 30.5 32.23 34.15 35.53 35.81 35.62 32.98 33 33.74 34.01 32.07 29.97 29.79 28.84 28.15 26.26 25.03 23.91 23.3 22.02 21.47 21.32 20.72 20.37 19.72 19.22 19.17 19 18.68 18.42 18.59 18.1 18.48 18 17.88 17.88 17.93 17.23 15.8 16.52 16.51 18.03093 -9999 -9999 -9999 -9999 -9999 -9999 -9999 -9999 -9999 -9999 -9999 -9999 -9999 -9999 -9999 -9999 -9999 -9999 -9999 -9999 -9999 -9999 -9999
31.69 31.53 30.9 30.47 29.33 28.48 27.45 26.82 26.45 26.46 26.86 28.29 29.84 31.39 33.3 34.51 35.3 35.37 33.65 34.38 34.45 33.54 32.66 30.12 28.82 27.08 27.02 26.36 25.06 24.23 23.26 22.6 22.39 21.22 20.52 20.47 20.06 19.65 19.81 19.47 18.87 18.36 18.4 18.04 17.73 17.51 17.47 17.57 17.77 17.7 15.88 15.72 16.27 17.2 -9999 -9999 -9999 -9999 -9999 -9999 -9999 -9999 -9999 -9999 -9999 -9999 -9999 -9999 -9999 -9999 -9999 -9999 -9999 -9999 -9999 -9999 -9999
30.82 30.61 30.05 29.1 28.41 27.82 26.81 26.22 25.14 24.75 25.92 27.46 29.05 30.57 31.93 33.49 34.07 34.92 33.96 33.44 33.35 31.16 29.93 28.53 27.75 26.03 25.4 25.44 24.62 24.18 23.34 23.03 22.49 21.26 20.92 20.44 20.54 19.97 20.17 19.55 19.13 18.77 18.41 18 17.84 17.84 17.28 17.75 17.2 17.22 16.27 16.31 16.5 16.86 -9999 -9999 18.98413 19.25263 18.89888 18.33333 18.38235 -9999 -9999 -9999 -9999 -9999 -9999 -9999 -9999 -9999 -9999 34.98214 34.25 36.81132 -9999 -9999 -9999
29.51 29.45 29.16 28.52 27.97 27.65 26.7 26.03 25.37 25.21 25.66 26.59 28.48 30.05 31.04 32.44 33.16 33.66 33.91 33.47 32.95 31.82 29.98 28.64 27.33 25.86 25.23 25.26 24.9 23.7 23.07 22.67 22.05 21.61 20.94 20.51 20.37 20.37 20.43 20.28 19.81 19.26 18.77 18.43 17.98 18.06 17.44 16.99 16.92 16.81 16.68 17.07 16.76 17.59 18.76 17.8 17.89 18.06 18.32 18.65 19.36986 -9999 21.8375 22.57 22.8 23.11765 -9999 -9999 -9999 28.7234 34.28 39.62 41.85 42.97 43.17978 -9999 -9999
29.33 28.95 28.75 28.48 27.94 27.69 27.22 27.15 27.02 26.64 26.92 26.9 28.1 29.48 30.75 31.56 32.62 32.51 32.57 32.44 32.3 31.28 30.22 29.01 27.79 26.97 25.64 25.63 25.22 24.13 22.81 22.04 21.68 21.31 20.57 20.64 20.69 20.73 21.05 20.84 19.99 19.78 18.99 19.26 18.57 18.68 18.09 17.29 17.59 17.53 17.09 17.03 17.39 19.79 17.91 17.84 18.57 18.93 19.11 20.18 20.62 20.87 21.04 21.95 22.82 22.82 24.43 26.3 27.4 29.93 35.31 39.75 43.97 46.05 46.24719 44.34409 -9999
29.05 28.97 28.47 28.17 27.97 27.62 27.72 27.18 27.4 26.78 26.77 27.07 27.75 28.85 30.38 31.37 31.93 32.18 32.35 32.38 31.64 31.09 30.46 29.57 28.27 27.22 26.24 25.93 25.46 25.1 25.01 24.78 24.24 23.57 23.33 22.9 22.02 21.48 21.23 21.66 20.65 20.52 20.02 19.72 19.13 19.2 18.56 18.72 19.45 18.04 17.61 17.9 20.16 19.65 18.5 18.59 19.03 19.41 20.05 21.33 21.09 21.27 21.88 22.65 23.04 24.15 26.92 28.65 31.89 34.6 37.79 41.43 44.14 46.74737 -9999 -9999 -9999
29.26 29 28.46 28.21 28.06 27.96 27.72 27.49 27.24 26.89 26.99 27.11 27.19 27.71 29.56 30.49 31.2 31.58 31.6 31.42 31.1 30.79 30.15 29.62 28.54 27.67 26.9 26.4 26.01 25.64 25.58 25.52 26.24 26.09 25.49 24.86 23.75 23.18 22.69 22.27 21.31 21.25 20.41 19.95 19.66 19.99 19.15 20.46 20.4 20.61 18.91 18.67 21.23 19.68 19.93 19.85 21.03 20.6 20.68 23.97 23.32 23.81 23.53 24.16 23.63 24.38 26.73 27.2 30.62 34.2 38.87 41.32 44 46.2 48.26866 -9999 -9999
29.08 28.89 28.75 28.23 28.05 27.85 27.6 27.22 27.14 27.14 26.9 27.02 27.61 28.06 29.07 30.12 30.86 31.06 31.73 31.43 30.34 29.99 30.52 29.3 27.59 26.62 26.56 26.37 26.1 26.03 26.37 26.86 27.1 26.94 26.42 25.98 25.1 24.69 24.26 23.9 21.95 21.31 21.02 21.16 20.84 20.13 20.02 21.01 19.61 20.05 20.62 22.26 23.83 23.62 23.4 23.62 23.22 23.17 25.11 26.8 26.48 26.11 25.1 25.43 25.62 24.96 25.59 28.44 31.77 33.78 39.24 42.5 44.76 47.19 48.27551 -9999 -9999
29.59 29.19 28.93 28.51 28.04 27.99 27.9 27.76 27.34 27.07 26.96 26.85 27.24 27.65 28.14 28.63 30.24 30.48 31.42 31.71 31.67 30.91 30.64 29.23 27.79 25.94 26.2 27.03 26.21 26.07 26.58 27.34 27.53 27.51 26.92 27.01 26.49 25.85 25.58 24.98 23.47 22.67 21.92 21.88 21.93 21.24 21.91 22.53 21.26 23.32 24.18 24.58 25.02 24.36 23.69 25.18 26.48 26.62 26.59 27.51 27.43 27.13 26.08 26.27 26.13 26.3 27.44 29.09 34.27 37.85 41.2 40.25 43.37 46.99 48.4 48.45833 -9999
29.77 29.29 29.01 28.74 28.47 28.06 27.82 27.59 27.58 27.05 26.94 26.82 26.9 26.97 27.5 28.22 28.98 29.13 29.92 31.48 31.35 31.72 31.28 29.09 27.5 26.77 26.54 27.11 26.89 26.42 26.36 27.26 28.34 28.55 28.53 28.14 26.83 27.12 26.96 26.16 25.71 24.43 24 23.76 23.23 23.26 23.73 24.54 24.98 25.78 25.61 26.05 26.45 25.37 25.48 25.23 26.72 28.03 27.89 28.67 28.45 27.63 25.86 26.55 26.44 26.46 27.29 29.18 33.66 40.13 42.75 43.58 42.64 45.4 48.12329 -9999 -9999
30.27 29.88 29.3 29.08 28.85 28.48 28.11 27.89 27.66 27.21 26.95 26.78 26.88 26.46 25.53 25.87 27.71 28.63 29.89 30.74 31.29 31.85 31.53 30.91 29.43 27.76 27.85 27.15 27.03 26.93 26.28 26.82 28.51 29.88 29.04 28.84 28.53 28.66 28.28 27.44 27.48 26.98 26.54 25.29 25.25 25.66 26.51 26.85 27.26 27.15 27.64 27.39 27.47 27.59 27.03 26.17 26.52 28.2 29.91 30.32 29.65 27.59 26.49 26.85 26.99 27.97 28.88 33.03 37.63 42.88 43.94 43.25 45.47917 -9999 -9999 -9999 -9999
30.63 30.47 29.93 29.57 29.08 28.97 28.71 28.22 27.91 27.59 27.14 26.91 26.3 26.04 25.38 25.06 25.5 27.09 28.05 29.77 30.7 31.6 32.24 32.77 31.42 28.73 27.55 27.58 27.39 27.18 26.96 27.19 27.61 28.99 29.61 29.94 29.86 30.16 29.78 29.2 29.21 28.86 27.09 26.42 27.24 27.85 28.56 29.23 29.62 29.23 29.51 28.89 28.4 27.58 26.81 27.62 28.08 29.5 32 31.81 29.04 28.18 27.89 28.98 29.74 30.78 34.13 37.92 39.86 45.02041 45.62069 46.26786 -9999 -9999 -9999 -9999 -9999
31.45 30.89 30.4 29.8 29.36 29.18 28.8 28.49 27.97 27.55 27.28 26.81 26.79 26.25 26.01 26.15 26.72 27.76 27.84 28.74 30.75 31.86 31.12 30.46 30.48 28.86 28.11 29 28.86 28.37 29.06 29.25 28.75 28.23 29.09 29.56 29.24 29.67 30.73 30.71 30.84 29.68 29.04 29.04 29.57 29.36 29.98 30.44 30.54 31 30.38 29.26 28.73 28.33 28.93 30.25 30.61 30.52 30.75 33.67 30.24 31.03 33.13 35.51 36.44 36.66 35.83 38.75758 41.63158 -9999 -9999 -9999 -9999 -9999 -9999 -9999 -9999
32.12 31.6 31 30.73 30.11 29.66 28.97 28.75 28.03 27.69 27.25 27.01 26.46 26.46 26.25 26.48 26.22 28.11 28.99 29.65 31.18 31.6 30.77 28.7 29.44 28.28 27.8 28.34 29.76 30.39 30.47 30.69 31.04 30.4 29.84 30.86 31.16 31.06 31.28 30.43 32.08 32.29 32.59 32.11 31.38 30.88 31.65 32.16 31.97 31.35 30.17 29.21 28.55 28.92 29.55 31.52 33.36 33.39 34.15 36.46 35.78 36.33 38.73 40.42 38.72 39.41489 -9999 -9999 -9999 -9999 -9999 -9999 -9999 -9999 -9999 -9999 -9999
32.59 32.18 30.93 30.68 30.12 29.55 29.02 28.77 27.99 27.51 27.66 27.35 26.96 26.55 26.94 27.47 27.34 26.95 29.56 29.95 30.58 30.61 30.21 29.61 28.97 27.59 27.88 28.26 29.29 30.39 32 31.89 31.7 31.34 31.94 32.57 32.4 33.15 33.49 32.61 32.1 35.58 34.61 32.96 32.36 31.83 31.49 31.91 32.31 31.62 32.03 32.74 31.32 31.17 30.71 31.68 33.63 36.59 38.04 38.8 40.25 40.22 40.06 42.76596 -9999 -9999 -9999 -9999 -9999 -9999 -9999 -9999 -9999 -9999 -9999 -9999 -9999
32.27 31.9 31.81 31.04 29.97 29.51 29.27 28.99 28.08 28.05 28.2 27.97 27.48 27.3 26.98 28.27 28.29 28.95 27.62 27.86 27.76 29.16 29.46 28.78 28.69 27.83 28.62 29.5 30.05 31.19 31.93 33.27 33.19 33.1 33.01 33.42 33.61 34.27 35.52 34.76 35.58 35.33 34.34 33.53 32.99 32.48 32.02 31.79 31.28 32.46 34.07 36.2 35.92 35.62 33.28 35.01 38.19 39.08 39.17 36.91 40.7 44.75 45.46809 -9999 -9999 -9999 -9999 -9999 -9999 -9999 -9999 -9999 -9999 -9999 -9999 -9999 -9999
32.25 32.17 31.76 31.05 30.57 29.8 29.33 28.84 28.54 28.82 28.59 28.18 28.13 27.99 27.63 28.05 28.41 28.58 28.06 27.06 27.26 27.77 28.44 28.09 27.9 28.09 28.45 29.58 29.78 31.7 32.8 33.43 34.96 35.43 36.19 36.44 37.43 37.69 37.47 35.8 36 37.29 36.9 38.45 37.66 35.4 32.67 32.16 31.21 30.43 34.71 40.37 40.43 39.49 38.7 40.79 41.78 41.12 42.55 40.28571 43.1358 48.29412 -9999 -9999 -9999 -9999 -9999 -9999 -9999 -9999 -9999 -9999 -9999 -9999 -9999 -9999 -9999
32.84 33.06 32.31 32.2 31.65 30.21 29.81 29.25 28.88 28.63 28.48 27.82 27.25 27.08 27.61 27.58 27.06 27.32 28.11 27.46 27.18 27.94 27.55 27.69 27.96 28.42 28.72 29.27 29.7 31.12 32.79 33.75 34.73 35.81 36.56 37.57 38.13 38.69 37.35 38.77 39.52 39.76 38.96 43.37 41.66 39.08 40.13 37.62 36.44 39.55 41.61 44.98 43.81 43.65 43.16327 44.56962 44.12121 -9999 -9999 -9999 -9999 -9999 -9999 -9999 -9999 -9999 -9999 -9999 -9999 -9999 -9999 -9999 -9999 -9999 -9999 -9999 -9999
33.97 33.78 33.44 32.88 32.14 30.67 29.98 29.47 28.44 27.88 26.88 26.43 26.4 26.33 26.23 26.41 26.24 26.13 26.83 28.39 28.19 27.94 27.35 27.31 28.21 28.99 29.34 29.32 28.6 30.19 32.52 33.32 34.32 35.21 35.77 35.65 37.73 38.06 37.49 39.12 38.1 38.29 37.56 41.88 45.51 45.8 42.4 38.8 44.57 47.28 48.11 48.19753 -9999 -9999 -9999 -9999 -9999 -9999 -9999 -9999 -9999 -9999 -9999 -9999 -9999 -9999 -9999 -9999 -9999 -9999 -9999 -9999 -9999 -9999 -9999 -9999 -9999
35.79 35.28 34.35 33.56 32.28 31.41 30.23 29.3 28.72 27.9 27.32 26.43 26.51 25.67 25.44 25.74 26.23 26.39 26.28 26.54 29.45 28.37 27.14 25.07 26.67 29.05 29.47 29.32 29.69 30.44 31.68 31.79 33.28 34.45 35.9 36.78 36.49 36.09 37.58 38.44 38.4 39.47 40.66 44.58 48.87 44.47 41.29 44.23 50.28169 -9999 -9999 -9999 -9999 -9999 -9999 -9999 -9999 -9999 -9999 -9999 -9999 -9999 -9999 -9999 -9999 -9999 -9999 -9999 -9999 -9999 -9999 -9999 -9999 -9999 -9999 -9999 -9999
37.25 37.19 35.93 34.58 32.97 32.05 31.03 30.28 29.39 28.6 27.82 26.94 25.88 25.54 25.17 25.63 25.46 25.81 27.05 27.54 28.25 30.4 28.07 25.26 24.97 26.85 27.91 28.99 30.66 31.01 30.94 30.3 32.06 33.8 36.42 36.52 35.09 35.9 37.36 37.3 39.21 39.17 45.42 45.31 45.36 46.9 46.81 48.34 -9999 -9999 -9999 -9999 -9999 -9999 -9999 -9999 -9999 -9999 -9999 -9999 -9999 -9999 -9999 -9999 -9999 -9999 -9999 -9999 -9999 -9999 -9999 -9999 -9999 -9999 -9999 -9999 -9999
