layers/wordclim/future/Iberia_wcB2a_10_hadcm3_2050/bio_17.asc
ncols         166
nrows         93
xllcorner     -9.4959440078468
yllcorner     36.000324005443
cellsize      0.083333337679505
NODATA_value  -9999
[rows 35 to 69 of 93, columns 0 to 76 of 166]
-9999 -9999 -9999 -9999 -9999 -9999 -9999 -9999 -9999 -9999 56.79775 58.44 61.95 71.78 67.07 68.54 66.05 58.63 58.91 60.11 60.26 58.88 57.68 56.5 54.64 54.02 49.29 45.34 44.56 42 42.86 42.76 41.11 39.66 40.34 40.53 39.58 38.49 38.89 36.54 36.69 37.45 37.97 38.96 38.96 40.5 40.58 38.58 38.54 38.89 39.25 40.3 41.87 43.33 43.41 42.51 43.92 43.11 45.13 47.44 49.87 50.5 51.36 56.58 70.75 72.63 81.41 74.85 57.89 48.68 46.43 41.89 42.97 47.62 47.37 45.17 43.51
-9999 -9999 -9999 -9999 -9999 -9999 -9999 -9999 -9999 55.91892 55.67391 56.69 58.46 60.54 65.93 63.36 63.87 60.01 60.46 59.05 56.21 54.23 53.11 52.63 51.42 48.79 46.81 46.04 45.78 43.91 42.97 43.52 41.78 39.98 39.06 40.37 40.08 38.09 38.8 38.92 37.65 37.52 39.28 40.68 41.28 39.01 37.79 38.49 39.41 40.16 41.25 42.95 46.46 46.59 48.44 49.33 49.33 47.1 47.9 49.38 55.2 55.55 59.56 61.83 59.35 53.28 52.7 48.47 46.64 48.59 42.21 37.79 40.74 42.76 43.85 41.85 44.24
-9999 -9999 -9999 -9999 -9999 -9999 -9999 -9999 -9999 54.32433 54.69072 54.5 54.63 58.84 63.61 68.56 68.67 60.74 57.93 55.85 54.02 53.1 52.99 50.39 47.55 47.4 46.65 50.76 47.55 45.64 44.73 43.48 42.3 39.23 38.11 37.61 38.31 39.37 39.4 40.34 40.92 41.66 40.54 39.2 39.15 38.21 38.41 39.43 41.05 43.38 45.77 47.41 51.7 52.58 51.42 49.85 46.4 46.45 49.53 52.76 56.32 59.43 59.12 63.11 51.91 44.79 48.26 46.8 41.16 39.31 36.68 35.6 38.12 38.61 40.32 39.32 46.9
-9999 -9999 -9999 -9999 -9999 -9999 -9999 -9999 -9999 54.19 55.32 53.78 53.44 55.74 63.15 69.29 57.72 55.97 54.32 54.56 52.75 50.97 49.79 50.19 57.18 57.11 52.56 50.91 48.66 46 44.03 44.36 41.73 39.63 38.51 37.4 37.62 41.55 43.62 47.81 42.91 41.43 38.29 37.48 39.42 40.09 38.62 40.58 43.56 44.27 45.43 50.23 56.89 51.32 48.53 49.57 52.91 53.71 51.76 46.58 49.31 46.35 47.47 50.73 44.26 42.15 39.88 38.87 36.98 37.64 36.04 34.75 35.82 36.27 36.9 43.39 47.77
-9999 -9999 -9999 -9999 -9999 -9999 -9999 -9999 53.30645 54.64 54.92 55.09 52.69 56.5 60.07 57.91 55.26 52.91 52.71 51.84 51.96 52.26 58.58 67.59 61.21 55.01 49.89 50.69 47.65 45.54 45.04 44.62 41.55 40.19 41.18 39.9 38.94 41.3 40.95 40.44 39.45 32.47 32.7 35.88 36.54 40.89 41.42 39.75 40.85 44.09 52.53 59.89 60.77 59.49 61.36 57.02 48.87 44.41 41.19 41.38 39.74 37.86 40.6 41.01 38.32 37.24 36.74 38.07 36.78 36.54 35.8 33 33.04 34.8 40.69 45.11 45.59
-9999 -9999 -9999 -9999 -9999 -9999 -9999 -9999 52.35165 53.1 54.29 55.28 54.21 56.98 56.32 52.63 52.28 52.22 52.23 53.03 53.06 60.57 79.4 68.12 52.61 46.37 44.77 48.23 48.13 46.5 46.27 45.28 43.95 42.43 41.68 41.26 45.01 41.6 39.38 33.24 29.68 30.55 35.06 36.26 42.07 54.82 51.3 42.31 44.43 54.31 57.83 58.45 58.81 53.03 52.55 48.27 45.76 49.13 51.34 47.37 36.96 35.56 35.32 34.72 32.88 35.45 35.74 37.53 37.21 33.76 33.93 32.91 33.59 37.78 41.63 43.64 42.45
-9999 -9999 -9999 -9999 -9999 -9999 -9999 -9999 51.43 51.96 53.79 54.04 53.9 56.78 55.42 52.42 52.39 51.91 51.85 53.96 55.18 58.42 71.81 66.82 47.37 43.55 44.26 44.66 46.67 48.08 47.68 49.14 45.47 43.08 44.86 40.52 38.08 34.28 32.44 30.72 28.52 29.99 31.95 35.43 53 63 49.74 47.04 53.35 59.67 67.33 63.39 57.62 46.86 50.27 50.19 38.9 32.09 34.58 37.13 36.86 35.31 32.89 30.86 33.03 34.78 34.23 35.87 36.12 33.3 32.95 32.46 34.4 38.91 40.39 40.41 43.64
-9999 -9999 -9999 -9999 -9999 -9999 -9999 49.56165 49.6 48.83 49.59 50.28 51.63 55.22 53.74 53.52 52.33 53.22 57.05 61.67 62.66 53.8 49.98 47.25 45.45 44.11 42.09 41.73 42.24 43.21 39.22 37.83 43.98 37.85 34.74 32.39 30.77 32.16 29.51 28.02 27.1 26.97 34.31 46.5 39.18 47.35 62.55 60.98 59.66 41.89 49.68 45.07 34.02 29.1 32.24 26.55 28.88 30.49 33.11 35.09 31.6 29.84 30.34 31.31 34.02 34.22 32.84 35.02 33.96 33.64 33.08 33.26 34.59 36.56 38.28 40.14 40.94
-9999 -9999 -9999 -9999 -9999 -9999 -9999 -9999 46.03409 47.15 47.93 48.87 53.11 53.91 52.4 55.59 58.27 58.78 57.76 59.07 55.68 49.85 49.84 49.03 46.66 43.55 40.2 39.99 39.07 37.13 34.87 34.63 35.07 31.89 28.99 29.11 29.99 30.12 27.71 26.68 26.72 28.53 34.83 34.54 40.91 34 32.89 31.83 28.77 24.22 24.62 24.66 25.32 26.42 27.12 28.48 32.54 35.09 29.09 28.58 28.33 29.6 30.96 31.49 32.85 32.76 33.54 33.35 32.71 33.71 32.07 33.1 35.38 39.01 38.64 38.09 37.4
-9999 -9999 -9999 -9999 -9999 -9999 -9999 44.18667 45.15 45.26 45.37 50.9 53.49 52.65 59.74 63.55 58.65 55 54.41 52.03 49.5 52.59 48.57 49.71 43.3 40.6 39.88 38.42 37.8 37.89 36.4 32.48 30.81 29 27.6 27.94 27.58 26.19 25.03 24.92 25.56 27.19 28.21 28.85 28.44 24.94 23.79 22.11 22.02 22.07 22.58 24.01 24.48 24.91 25.4 27.58 27.22 25.83 26.06 27.25 28.01 29.65 31.06 31.68 31.66 31.39 32.41 31.33 32.38 31.43 30.84 32.74 33.73 34.42 34.8 37.34 40.52
-9999 -9999 -9999 -9999 -9999 -9999 -9999 42.95 44.68 45.13 44.84 51.22 50.8 51.71 55.82 54.39 51.78 51.36 53.64 53.2 52.59 49.14 43.17 42.98 41.35 39.54 37.79 36.56 36.36 35.1 33.74 30.88 31.46 29.48 28.34 26.56 25.7 25 25 25.43 26.33 25.61 23.68 21.86 21.83 21.97 22 22 22 22 22.31 23.02 23.64 24.36 25.4 24.85 25.28 25.57 26.09 27.69 29.25 30.58 30.65 29.94 30.17 31.13 30.85 29.85 29.98 30.79 33.41 35.68 37.71 38.91 39.37 41.28 42.7
-9999 -9999 -9999 -9999 -9999 -9999 39.52381 39.27 42.67 44.31 45.15 48.13 47.74 49.86 49.94 48.82 50.78 52.29 53.75 55.95 48.93 43.31 41.16 41.27 40.86 38.65 35.02 34.28 34 34.17 32.45 30.28 29.78 29.5 28.22 26.54 26.22 25.9 26.67 27.88 25.65 24.12 21.95 21.05 21.06 21.26 21.85 22.77 22 22 22.78 24.19 23.36 23.76 23.58 25.15 26.83 26.48 26.04 25.71 26.54 27.6 28.41 27.93 29.63 30.47 29.91 29.81 30.45 31.03 33.42 35.58 37.03 37.98 39.27 40.58 41.83
-9999 -9999 -9999 -9999 -9999 -9999 37.59184 38.09 40.07 43.69 46.42 46.29 44.96 46.83 45.92 45.89 46.25 47.66 49.65 49.75 44.02 41.24 40.63 40.47 37.81 35 34.18 33.49 34.22 33.13 30.7 30.35 29.32 28.25 27.08 27.58 26.66 27.06 25.74 24.54 24.27 22.4 22.98 22.66 22.45 21.31 22.53 23.55 21.84 22.56 23.08 23.45 22.3 23.93 24.36 25.39 27.12 27.97 27.71 28.16 28.42 26.95 29.08 31.31 31.91 33.04 33.62 32.49 31.91 31.75 32.75 33.64 35.07 36 38.13 38.93 39.66
-9999 -9999 -9999 -9999 -9999 35.10714 36.99 37.85 38.39 42.36 43.82 42.5 41.35 43.65 45.3 43.52 45.35 44.65 45.31 42.13 39.56 39.73 37.92 36.28 36.24 36.5 35.5 33.67 33.7 32.73 30.73 29.51 29.87 29.5 28.37 26.18 24.38 24.77 24.76 24.87 24.7 23.99 24.29 24.71 25.88 26.3 25.7 25.08 25.45 25.95 25.56 24.96 25.73 26.22 28.09 27.45 27.55 28.62 29.72 29.21 30.35 29.95 31.54 33.22 32.61 34.39 34.38 33.66 33.07 33.39 33.05 34.01 34.19 35.6 36.97 37.99 38.71
-9999 -9999 -9999 -9999 -9999 33.02439 33.46 36.49 40.25 45.98 42.21 40.68 39.69 39.41 42.02 40.54 42.71 44.23 43.48 39.64 37.88 36.53 35.34 36.2 36.22 35.32 34.15 34.52 32.67 31.79 31.68 29.99 29.95 29.75 29.03 27.22 25.2 24.69 24.4 24.27 24.06 23.53 23.6 23.39 24.39 25.07 26.21 27.19 27.9 30.82 28.16 28.97 27.04 26.88 31.24 31.02 32.66 32.33 33.25 33.22 33.44 30.92 32.09 33.75 34.83 34.64 35.19 34.47 33.31 33.55 32.98 34 34.12 35.2 35.5 36.31 37.76
-9999 -9999 -9999 -9999 -9999 31.17172 32.82 41.04 44.26 43.35 42.77 36.68 36.19 36.5 39.08 39.68 39.03 39.22 39.07 38.66 36.13 37.49 36.43 36.89 35.79 35.58 35.19 36.09 34.74 32.21 30.55 30.41 29.16 28.17 27.96 26.97 25.7 24.59 24.64 23.76 23.19 23.36 23.46 24.01 24.62 25.15 25.42 26.03 31.68 31.8 32.93 28.83 28.54 27.04 27.46 30.63 31.79 32.05 37.16 32.49 37.38 36.32 36.07 35.62 36.46 36.48 35.29 32.41 32.02 32.09 32.17 33.38 33.69 34.01 35 35.61 36.56
-9999 -9999 -9999 26.90476 27.54 29.96 34.21 38.82 37.86 34.8 33.43 33.11 33.32 35.02 35.32 35.13 35.96 34.76 36.58 36.85 37.08 37.04 37.11 36.99 38.15 36.77 35.92 35.53 35.58 33.9 31.24 30.03 28.87 26.49 26.05 25.38 25.05 25.22 24.71 24.35 23.41 23.32 23.44 24.41 24.91 29.04 27 26.97 30.94 33.66 27.42 25.56 25.09 25.68 24.09 25.29 25.86 27.66 29.65 29.06 30.78 31.19 30.86 30.56 35.89 39.37 37.73 34.77 32.56 33.06 32.05 33 32.9 33.68 34.45 35.5 36.86
-9999 -9999 24.89063 25.46512 27.3 29.03 31.57 30.2 31.04 32.31 31.25 31.26 32.18 35.93 36.46 35.79 35.71 36.94 36.18 36.27 36.22 35.43 35.95 36.72 40.06 42.12 39.69 37.71 36.07 34.14 33.18 31.86 29.6 29.72 27.43 25.47 25 25.04 24.74 24.57 23.99 23.95 24.05 23.98 24.05 26.92 27.85 26.94 25.7 25.44 24.64 21.67 23.04 21.94 22.2 22.26 23.7 25.4 27.45 29.69 30.99 32.29 29.97 31.55 32.99 33.32 35.87 34.03 32.14 33.64 35.62 33.46 33.11 33.01 33.13 34.31 35.56
-9999 -9999 25.65 26.47 27.05 28.06 28.44 28.07 29.07 29.17 28.9 29.64 32.06 33.08 34.73 35.48 35.6 35.2 35.31 35.09 33.81 34.81 34.02 34.79 36.92 42.11 41.05 35.9 32.44 32.12 31.25 29.8 27.5 28.4 26.79 25.4 25.91 24.74 24.71 24.97 24.38 24.06 24.08 22.93 21.71 22.34 20.28 20.64 20.4 22.75 22.22 20.27 20.43 20.49 24.35 23.18 23.42 25.35 25.18 26.48 27.07 25.96 25.98 28.2 31.79 31.67 30.78 31.57 33.93 33.66 36.71 32.92 31.71 31.53 31.85 32.97 34.55
-9999 -9999 26.09 26.15 26.73 31.76 27.51 28.07 28 27.81 27.98 29.99 31.29 31.92 32.4 33.07 33.06 32.83 33.6 34.07 32.04 32.91 33.86 33.95 34.08 34.79 35.46 33.84 31.46 30.63 30.62 28.16 26.59 26.55 26.42 26.1 25.54 25.05 24.69 24.5 25.87 24.1 21.07 20.64 19.77 20 19.83 19.54 19.35 19.9 20.61 20.56 20.3 20.23 22.29 25.11 24.08 23.9 23.56 25.53 28.19 26.38 23.97 25.09 29.12 29.48 28.33 27.25 27.74 30.75 29.85 28.44 30.27 31 31.36 32.57 34.07
-9999 26.67188 26.29 26.91 29.05 27.45 26.34 27.3 26.61 26.48421 27.51 28.51 30.2 31.62 31.9 32.18 31.43 32.56 33 32.73 32.96 31.67 32.58 33.03 32.95 32.34 31.5 31.59 30.29 28.9 28.54 27.01 26.95 25.71 25.68 25 24.26 23.79 24.03 23.28 22.68 21.06 20.97 20 19 19.08 18.97 18.54 18.39 19.05 19.78 19.74 20.72 21.5 21.61 23.21 25.67 23.43 23.5 26.12 27.6 26.72 25.83 24.46 27.04 27.82 25.64 24.93 25.33 25.78 27.2 27.81 28.69 30.66 31 31.66 33.24
-9999 27.61 27.31 28.29 29.51 27.93 24.80851 24.37778 24.55172 26.14 27.43 28.2 28.64 29.14 29.45 30.1 30.35 31.16 31.86 32.25 32.32 32.72 31.22 30.24 30.6 30.83 30.2 29.68 29.78 28.79 26.83 26.17 25.24 24.37 24.31 23.71 22.83 22.18 22.63 22.65 21.6 20.61 20 20 19.78 19.42 18.45 19.82 19.64 18.48 19.42 19.79 19.57 20.25 20.84 22.11 23.6 24.57 23.51 22.98 22.96 26.35 25.57 22.94 25.13 23.66 23.01 23.16 24.4 25.08 26.95 27.26 28 29.17 31.03 32.07 34.08
-9999 29.77551 31.42 30.25 31.3 28.06186 24.44304 24.53 24.08 25.46 26.36 26.96 27.29 27.28 28.08 28.9 29.37 29.59 30.19 31.39 32.14 32.91 32.38 31.36 30.46 30.76 30.96 30.55 28.29 27.25 26.46 25.25 24.01 23.02 22.97 22.39 21.15 21.3 21.82 21.03 19.64 19.23 19.64 20 19.83 19.58 19.56 19.44 19.72 19.83 19.67 19.27 20.04 22.89 21.28 22.11 22.09 21.81 21.15 23.79 22.05 22.4 23.43 22.65 23.73 23.17 23.01 23 23.09 25 26.75 27 28 28.68 30.86 33.9 35.79
-9999 32.74 32.61 31.78 27.62 26.05 24 24.2 24.96 25.39 26.41 26.97 27.35 27.99 27.94 28.32 29.45 30 30 30.04 30.81 31.71 33.5 33.65 30.94 30.21 31.68 30.33 27.27 25.87 26 24.73 24 22.99 22.34 21.68 21.3 21.29 20.83 20.04 20.07 20.05 19.71 20.23 20.07 20.05 20.15 19.28 19.72 19.67 19.78 19.35 18.9 20.28 19.49 20.31 21.26 21.89 23.49 24.05 21.54 21.41 23.65 22.99 21.93 22.92 23.05 23.06 23.59 25.32 26.24 28.78 28.73 28.4 30.5 32.71 35.17
35.93827 34.61 32.82 30.14 26.58511 -9999 -9999 24.05 24.92 25 25.39 26.45 26.93 27.45 27.82 28.53 29.84 30.12 30.03 30.03 30.31 30.99 31.48 33.33 33.55 29.3 27.9 26.73 25.94 25.1 25.67 24.5 24 23.99 22.82 22.54 22.07 22.07 20.67 21.03 21.32 21.46 21.08 20.54 21.59 20.21 20.43 19.49 20.31 20.84 20 20.06 19.88 18.39 19.61 19.73 19.75 19.48 21.87 21.93 23.2 22.03 21.76 22.63 23.26 23.16 25.5 24.53 23.57 23.5 25.9 26.67 27.6 28.84 30.97 32.75 33.98
33.28 31.2676 29.66216 28.28572 26.42222 24 23.93258 24 24.28 25.12 25.27 25.93 26.84 27.45 27.38 28.78 29.93 30.52 30.72 30.33 30.39 30.35 31.71 31.52 30.11 29.13 25.58 25.26 25.85 25.69 25.05 25 24 23.88 23 22.42 21.99 22.89 21.38 20.13 21.08 22.01 22.01 20.94 20.71 20.64 20.45 20.91 20.75 21.64 21.1 19.94 18.95 18.39 18.44 18.11 18.18 19.02 19.64 20.42 22.09 23.83 23.17 22.5 22.58 24.06 26.8 25.85 23.08 23.63 25.87 26.13 26.26 28.76 30.14 31.77 33.74
-9999 -9999 -9999 28.39189 25.7013 24.59524 24.07 24.03 24 24.41 24.93 25.36 25.89 27.54 28.22 28.7 29.46 30.03 30.19 29.28 29.28 29.18 29.25 29.57 28.62 26.19 26 24.76 25.42 26.08 26.03 25.65 24.15 24.11 23.21 22.77 22.4 23 22.75 20.72 21.54 21.87 22.2 22.18 20.67 21.88 21.15 21.67 21.21 20.46 19.54 18.73 18.42 18.33 19.6 18.2 18.78 20.38 20.22 21.08 21.49 22.99 23.41 23.01 23.64 23.68 22.85 23.15 25.48 23.46 25.91 26.39 26.66 27.04 29.89 32.28 32.74
-9999 -9999 -9999 -9999 27.21 25.51 25.9495 24.22353 23.5055 23.87912 24.61 24.12 24.25 26.47 27.18 27.56 28.63 28.13 28.01 28.29 27.72 27.11 27.49 28.05 28.14 26.51 24.56 25.26 24.62 25.76 26.24 26.35 27.41 25.83 25.98 23.51 22.76 23.27 22.99 21.66 20.73 23.02 22.19 21.74 20.7 22.59 23.12 22.21 21.65 19.48 19.83 20.01 19 18.74 18.65 18.3 18.07 18.24 19.84 23.51 25.35 23.57 22.84 22.51 20.51 21.29 22.66 22.63 22.83 24.34 24.86 26.82 27.66 28.54 29.9 30.86 31.41
-9999 -9999 -9999 -9999 28.93827 28.37143 -9999 23 -9999 23.05128 23.04 23.15 23.23 23.41 24.37 25.33 25.45 25.89 26.28 25.44 25.25 25.3 26.11 26.48 26.43 25.22 23.15 23.81 24.82 24.25 25.1 26.17 28.23 28.19 27.57 25.16 23.51 23.84 23.25 22.4 21.3 21.32 21.23 22.12 21.46 22.38 22.01 21.53 21.7 21.87 20.91 21.36 19.26 18.72 18.99 19.01 18.81 18.73 18.41 18.77 21.46 25.71 25.64 25.23 24.69 21.29 20.05 23.4 26.56 29.24 30.45 26.75 26.86 27.16 27.59 27.83 29.5
-9999 -9999 -9999 -9999 -9999 -9999 -9999 -9999 24 23.0102 22.68421 22.52 22.75 23 23.06 24.12 24.47 24.84 25.49 26.7 25.06 25.2 24.86 24.67 23.88 23.11 23.47 23.03 23.24 24.59 23.78 25.34 26.46 22.91 23.6 23.68 24.16 23.56 23.26 23 22.21 21.85 21.95 21.06 21.05 21.06 21.03 21.66 22 21.86 21.72 21.9 21.58 20.18 20 20.22 20.23 19.98 20.49 20.56 19.77 20.22 19.96 22.41 22.56 22.74 19.15 22.41 22.5 23.71 26.62 25.52 25.93 24.1 23.44 24.46 26.31
-9999 -9999 -9999 -9999 -9999 -9999 -9999 -9999 -9999 23.67 22.91 22.89 22.49 22.42 22.58 23 23.01 23.75 24.45 24.46 25.66 25.56 24.8 24.07 23.14 22.37 22.71 21.69 21.93 22.46 23.34 23.1 21.96 21.32 21.74 21.66 22.93 23.02 23.02 23.02 23.14 22.41 21.94 21.63 21.11 21.39 20.81 21.75 21.73 20.05 19.91 19.94 21.36 21.96 20.05 19.5 20.34 19.92 20.57 20.69 21.39 21.34 21.07 19.01 20.5 19.49 18.49 19.03 19.41 19.24 19.82 20.38 19.44 19.29 20.84 23.67 24.57
-9999 -9999 -9999 -9999 -9999 -9999 -9999 -9999 -9999 23.73 23.69 21.56 21.89 21.72 21.4 21.72 22.39 22.96 22.66 23.61 23.97 23.95 23.58 23.25 22.66 22.81 22.01 22.05 21.1 21.01 20.88 22.46 22.67 25.3 24.81 22.93 22.13 23 23 21.95 22.03 23.11 22.78 21.6 20.57 19.99 18.62 19.28 21.16 21.42 21.65 20.11 19.12 19.54 20.17 18.76 18.09 18.73 19.8 18.96 19.46 19.05 20.61 17.84 18.84 18.41 17.29 19.01 16.77 16.54 16.75 17.68 16.66 18.79 21.31 22.83 22.5
-9999 -9999 -9999 -9999 -9999 -9999 -9999 -9999 21.34615 23.01 24.66 22.08 21.01 20.62 20.89 20.13 20.17 21.21 22.59 21.34 21.34 21.14 20.58 21.32 22.28 22.03 21.97 21.93 20.19 20.51 21.19 21.73 23.11 23.62 24.01 25.08 24.36 23.41 23.91 23.49 20.9 19.74 20.69 22.38 21.21 20.38 18.87 17.96 17.64 18.46 18.85 20.24 21.05 19.87 17.71 17.69 17.01 16.4 17.21 16.94 14.82 15.23 15.99 15.67 16.06 15.87 16.22 15.51 15.43 15.36 16.14 15.41 16.22 18.07 18.03 18.71 21.3
-9999 -9999 -9999 -9999 -9999 -9999 -9999 -9999 20.84615 22.66 23.16 21.81 20.55 20.05 19.28 19.52 20.06 21.63 21.35 20.99 20.44 20.73 19.49 20.59 21.81 22.38 21.83 21.84 20.9 22.56 23.52 22.52 21.23 23.5 24.64 24.28 24.05 26.41 25.29 22.99 21.41 19.23 18.29 19.07 20.73 21.67 20.58 18.51 16.41 15.36 16.62 16.83 18.76 19.33 18.59 17.78 16.89 14.51 14.59 14.35 13.3 13.47 13.27 13.35 13.79 14 14.17 14.15 14.46 14.86 14.86 16.43 19.18 21.58 21.45 19.72 18.02
-9999 -9999 -9999 -9999 -9999 -9999 -9999 21.03846 20.76344 22.09 20.75 20.12 19.98 19.05 19 19 19.61 19.94 20.07 20.82 20.01 19.79 19.12 19.22 19.73 21.03 20.74 20.05 21.08 20.03 20.41 22.87 23.13 22.97 23.09 20.37 19.35 20.95 21.67 19.31 20.56 21.38 17.73 19.31 20.29 19.2 21.29 20.61 17.95 16.8 15.11 15.07 16.72 16 15.46 16.05 15.42 13 11.65 11.92 11.24 13.64 13.01 13.79 14 14 14.07 14.2 14 14.02 14.23 15.25 16.31 16.03 16.3 16.65 17.43
