layers/wordclim/future/Iberia_wcB2a_10_hadcm3_2050/bio_09.asc
ncols         166
nrows         93
xllcorner     -9.4959440078468
yllcorner     36.000324005443
cellsize      0.083333337679505
NODATA_value  -9999
[rows 33 to 65 of 93, columns 0 to 72 of 166]
-9999 -9999 -9999 -9999 -9999 -9999 -9999 -9999 -9999 -9999 202.6279 202.39 204.14 206.59 209.7 212.01 209.22 198.82 193.48 199.98 202.35 203.73 213.77 224.14 217.67 214.08 224.64 238.81 244.94 239.66 240.06 244.86 237.91 236.12 235.55 237.62 236.98 233.92 235.15 238.41 236.94 237.12 242.28 243.35 243.77 244.05 244.36 242.68 238.33 236.34 236.42 237.44 237.82 243.59 244.71 242.48 242.56 246.88 241.04 242.98 243.25 242.28 242.83 242.89 239.08 231.99 208.24 199.26 221.12 236.16 241.73 243.77 237.77
-9999 -9999 -9999 -9999 -9999 -9999 -9999 -9999 -9999 -9999 202.5714 203.32 204.17 202.84 194.74 198.08 203.44 214.46 215.7 215.02 210.33 209.59 211.51 217.88 216.82 216.18 225.45 238.57 242 235.49 232.41 237.07 240.09 235.37 234.6 235.32 237.55 237.52 241.97 239.97 239.9 241.92 243.46 243.07 242.74 243.15 240.27 241.22 240.67 237.9 238.7 238.6 237.41 237.67 243.46 244.7 246.17 246.83 243.89 241.7 241.34 243.73 244.14 242.22 233.99 224.61 197.06 226.22 217.12 225.87 242.31 250.65 255.47
-9999 -9999 -9999 -9999 -9999 -9999 -9999 -9999 -9999 -9999 203.0899 205.38 206.27 199.18 206.6 205.4 209.65 221.54 222.08 219.08 217.23 217.93 219.87 219.52 221.17 218.46 228.02 235.93 235.86 239.97 235.1 232.89 236.41 238.53 235.7 234.76 236.14 239.98 242.22 243.39 243.5 241.95 241.88 240.99 239.98 238.97 239.82 244.66 241.12 240.67 240.21 240.45 236.39 234.6 237.82 243.09 241.49 244.29 241.75 239.84 237.89 238.7 238.92 230.12 206.52 205.09 195.85 208.88 236.26 251.18 255.24 261.68 259.51
-9999 -9999 -9999 -9999 -9999 -9999 -9999 -9999 -9999 197.4595 202.9022 206.6 209.63 211.62 207.72 213.13 213.57 220.95 219.69 220.47 225.35 227.4 228.91 227.27 227.83 231.47 233.65 233.01 231.26 232.86 235.02 232.22 234.88 236.99 238.97 235.01 236.53 240.17 240.81 240.39 241.45 241.88 238.47 235.17 235.7 241.83 246.33 245.26 243.66 243.07 240.73 235.35 229.95 230.27 229.29 230.03 230.78 236.49 235.23 233.88 225.44 227.4 222.55 222.19 227.71 241.74 243.9 251.51 254.29 251.26 261.67 267.54 263.24
-9999 -9999 -9999 -9999 -9999 -9999 -9999 -9999 -9999 198.0135 202.8041 208.4 212.89 213.8 211.58 205.75 205.18 221.34 226.14 228.88 230.34 229.02 227.74 232.07 237.5 235.49 233.64 221.52 225.81 229.95 230.63 232.19 233.88 238.98 242.48 243.3 240.68 237.37 236.63 236.28 234.34 232.55 237.19 241.78 243.53 244.62 245.15 244.07 240.47 232.32 227.72 225.5 218.71 221.25 223.79 229.85 236.25 237.37 233.27 228.46 225.17 220.94 224.27 219.54 242.06 256.07 250.8 253.57 264.48 266.88 270.62 271.85 265.44
-9999 -9999 -9999 -9999 -9999 -9999 -9999 -9999 -9999 200.3 204.21 210.54 215.7 218.12 212.17 203.79 224.36 228.25 231.78 230.79 233.79 234.35 237.49 233.19 215.23 211.29 219.07 220.77 224.6 228.33 232.17 230.19 235.05 240.48 242.45 243.78 244.21 233.75 229.07 220.41 230.91 235.08 243.86 247.64 244.23 242.42 245.26 240.83 232.8 233.81 233.1 223.82 211.92 226.31 231.71 231.15 225.82 226.72 230.75 240.98 237.47 245.23 245.57 242.11 255.81 260.63 266.33 268.98 272.37 269.65 272.95 273.51 269.78
-9999 -9999 -9999 -9999 -9999 -9999 -9999 -9999 200.7419 203.03 207.2 212.19 218.27 218.64 217.72 222.78 228.24 232.45 234.2 235.78 234.5 233.05 215.89 194.89 204.76 215.43 226.39 221.17 227.19 231.76 231.64 230.12 237.44 239.35 236.83 238.76 239.92 237.23 236.47 238.58 240.5 259.04 259.04 252.21 251.37 240.73 239.42 244.75 243.68 236.6 221.36 207.98 206.87 211.8 208.46 218.29 234.16 243.96 252.27 252.97 259.12 264.98 260.31 261.23 267.87 272.45 274.63 270.64 274.26 273.14 273.93 278.37 276.01
-9999 -9999 -9999 -9999 -9999 -9999 -9999 -9999 202.4615 205.85 210.1 214.66 220.58 219.68 223.73 230.68 233.15 234.4 234.86 232.31 231.76 213.46 177.44 194.45 224.5 237.88 239.8 230.57 227.73 230.7 227.99 229.79 232.14 234.34 236.57 236.87 229.13 237.89 242.1 258.98 266.44 263.95 255.29 252.99 238.6 213.78 220.62 242.09 236.39 217.11 211.04 210.93 209.62 225.21 226.78 235.54 241.21 237.88 234.36 241.85 265.74 270.34 272.17 275.43 280.14 276.98 277.13 273.83 273.98 278.84 277.3 278.38 277.56
-9999 -9999 -9999 -9999 -9999 -9999 -9999 -9999 204.23 208.13 212.12 218.16 223.53 222.48 226.37 232.84 233.81 234.8 235.03 230.59 226.93 218.18 192.23 199.57 238.42 244.72 241.93 239.98 233.57 226.93 225.14 222.22 228.88 233.25 230.77 241.39 247.4 257.88 262.32 267.69 272.54 266.36 262.21 254.96 218.14 202.7 224 230.81 221.13 209.4 197.23 203.65 214.84 237.5 231.46 234.33 258.16 272.33 267.49 263.37 265.51 270.84 279.25 284.19 280.92 278.48 279.81 277.33 276.46 280.09 281.51 282.37 277.65
-9999 -9999 -9999 -9999 -9999 -9999 -9999 201.3699 206.03 211.85 216.76 222.16 226.75 226.89 229.95 230.96 233.85 231.64 222.68 212.67 209.49 228.24 235.64 240.47 243.92 243.84 247.2 247.02 243.79 240.85 249.58 254.7 236.45 252.35 260.57 265.51 268.6 265.01 272.1 275.12 276.86 277.69 258.34 230.37 247.6 230.28 202.64 205.46 211.63 245.66 231.89 240.67 263.82 275.98 269.87 283.72 280.23 276.16 271.07 268.67 279.01 285.68 286.51 283.11 279.94 280.35 282.74 278.64 280.3 280.51 282.1 282.25 279.53
-9999 -9999 -9999 -9999 -9999 -9999 -9999 -9999 209.6477 213.65 218.57 223.27 224.68 227.8 232.1 224.27 219.5 217.84 219.92 216.69 223.62 236.18 235.77 236.06 240.78 246.67 254.13 254.97 255.28 259.23 264.31 263.58 261.4 267.59 273.62 273.45 271.58 271.15 276.33 277.68 278.54 273.78 258.26 258.93 244.41 260.99 264.02 267.29 275.42 287.1 287.42 287.77 286.19 283.09 282.21 280.14 271.21 267 281.75 286.74 288.77 287.22 284.89 282.54 282.66 285.2 282.99 283.04 283.93 280.84 285.19 283.52 277.98
-9999 -9999 -9999 -9999 -9999 -9999 -9999 206.76 209.6 214.54 219.71 219.25 221.43 226.43 214.25 207.82 217.26 225.48 227.19 232.61 238.43 230.1 239.34 235.59 250.02 257.09 257.68 260.2 257.95 256.84 259.82 268.86 272.2 276.97 277.24 276.11 277.52 279.83 283.01 284.09 281.18 277.85 275.3 274.17 275.11 284.55 287.34 291.2 291.77 291.76 291.58 290 289.24 288.67 287.21 283.45 285.18 289.16 290.3 289.6 289.54 288.52 286.38 286.07 287.57 289.15 287.17 289.02 286.09 286.54 287.71 284.84 282.9
-9999 -9999 -9999 -9999 -9999 -9999 -9999 207.11 209.53 214.56 219.04 216.14 221.76 224.04 218.27 223.38 230.41 230.78 226.8 228.71 230.39 238.37 252.18 252.67 255.41 261.13 262.39 265.29 264.62 266.19 269.24 272.41 271.02 276.04 278.03 279.53 281.63 283.77 284.69 281.98 279.47 281.91 286.58 290.17 291.52 292.31 292.38 292.72 293.42 292.81 292.76 292.01 291.31 290.67 289.19 291.11 291.35 291.74 291.77 289.23 286.96 286.9 288.7 291 292.1 290.85 291.22 292.34 291.14 288.19 283.13 278.65 275.99
-9999 -9999 -9999 -9999 -9999 -9999 205.4921 209.02 210.38 213.25 218.31 218.32 223.41 224.03 227.15 231.7 230.1 226.97 225.75 221.98 238.05 250.25 256.82 257.9 258.98 263.19 269.8 270.52 271.09 269.42 271.63 274.19 275.9 276.34 279.29 280.14 280.41 281.52 279.87 276.9 281.43 285.55 290.54 292.54 292.31 293.02 293.03 290.42 293.18 293.89 291.98 289.76 292.44 291.53 293.01 291.12 286.93 289.15 291.25 293.34 292.61 291.98 292.44 294.07 292.38 291.63 292.49 292.01 289.94 287.93 283.65 279.83 277.98
-9999 -9999 -9999 -9999 -9999 -9999 204.551 209.1 212.02 212.84 214.38 219.25 225.83 225.72 230.69 233.61 235.82 235.62 231.49 232.83 246.07 252.66 256.71 258.59 264.43 269.6 270.66 272.24 270.21 272.64 273.38 274.85 276.92 279.11 281.15 280.27 280.23 279.47 282.65 285.85 286.93 289.35 288.64 289.54 290.25 293.56 290.74 289.2 292.92 291.93 291.55 291.24 294.13 291.4 291.41 290.59 286.52 286.8 288.07 287.53 289.17 293.21 290.08 286.26 285.93 284.18 283.19 284.37 285.87 285.88 285.94 284.09 281.28
-9999 -9999 -9999 -9999 -9999 200.9643 203.51 207.49 212.32 212.12 215.74 222.39 228.13 229.32 229.7 235.64 235.2 238.4 239.52 245.75 252.86 254.86 259.34 263.81 265.76 266.34 268.35 271.46 270.75 273.01 276.72 277.37 275.64 276.5 278.75 282.83 286.32 286.04 284.87 284.19 285.28 287.91 286.45 286.1 283.08 281.79 283.39 285.75 284.61 283.36 285.42 288.48 287.41 287 280.86 282.84 282.04 281.94 280.49 282.72 282.99 285.77 283.62 280.43 283.32 280.2 280.51 281.56 281.95 282.25 283.34 282.67 282.14
-9999 -9999 -9999 -9999 -9999 201.6098 206.12 207.3 208.42 206.29 216.05 222.73 228.73 233.3 233.33 237.51 237.54 237.92 241.48 248.91 254.49 258.52 262.31 263.02 264.22 267.07 269.55 268.81 272.42 274.16 274.45 274.89 274.93 275.57 275.85 280.21 283.82 286.3 286.9 287.47 287.85 289.49 288.82 288.18 287.15 285.31 282.74 279.73 279.23 272.41 278.6 278.06 284.42 285.58 273.5 274.36 272.13 273.63 272.79 274.86 274.94 281.03 281.12 277.65 276.6 278.42 278.02 279.13 281.21 280.81 282.62 281.8 281.67
-9999 -9999 -9999 -9999 -9999 202.3535 205.94 201.06 202.03 207.66 213.58 226.89 231.63 235.07 235.82 237.9 240.98 243.75 246.72 250.2 255.09 255.73 258.81 259.95 263.59 264.85 266.54 265.59 267.92 272.6 276.82 276.6 276.67 278.53 279.32 280.25 282.32 286.86 287.01 288.71 290.25 289.8 289.25 287.17 286.56 284.36 284.39 283.49 270.6 269.8 267.75 278.51 278.41 284.12 282.67 275.98 274.35 273.98 264.15 275.64 266.17 269.54 270.88 272.65 272.43 273.18 275.84 281.32 282.45 282.69 282.2 282.47 282.12
-9999 -9999 -9999 196.8571 201.01 202.53 202.66 202.93 208.9 217.69 223.87 229.7 233.87 235.8 239.48 242.93 246.19 248.96 248.57 250.71 251.92 254.22 256.28 257.76 257.25 260.8 263.62 265.21 264.62 268.63 273.87 276.66 278.67 280.63 281.78 282.26 282.93 282.96 285.17 286.65 289.34 289.61 289.25 286.33 285.38 275.61 280.61 281.57 272.12 266.41 280.69 286.43 288.15 286.51 291.32 289.46 289.17 285.62 280.75 282.91 278.8 280.37 281.64 282.91 272.06 265.76 269.96 276 279.91 279.42 282.07 283.22 283.31
-9999 -9999 192.5469 197.2209 200.8 203.71 205.58 212.87 217.24 221.01 226.87 231.84 233.92 233.41 237.22 240.28 244.23 245.28 247.26 250.24 253.26 254.51 255.48 256.38 251.45 249.38 254.35 258.89 263.63 267.11 269.5 271.67 276.74 275.9 278.83 282.68 284.22 284.59 285.43 285.65 287.37 287.3 286.74 287.2 287.3 280.4 277.87 280.3 283.98 285.41 287.82 293.77 291.54 294.54 294.92 295.2 292.49 289.46 286.05 280.45 277.67 276.03 283.27 280.04 276.85 276.67 272.69 276.1 279.25 277.48 275.02 280.85 284.27
-9999 -9999 192.62 197.14 201.47 205.83 210.26 216.07 219.88 224.11 229.17 232.72 232.66 235.14 237.45 240.17 242.88 246.24 249.12 251.25 254.7 255.95 257.66 258.36 255.62 246.72 249.89 261.34 268.55 269.77 271.77 275.85 278.15 277.5 280.28 281.04 281.44 285.27 285.01 284.04 285.5 286.63 286.36 289.86 293.45 291.66 295.16 294.78 294.87 290.67 291.79 297.06 296.76 297.03 290.01 292.82 292.69 289.11 289.8 287.45 286.96 289.97 289.96 285.69 278.55 279.16 281.21 279.87 276.08 277.05 272.96 281.98 285.37
-9999 -9999 195.87 199.72 203.41 202.71 212.99 217.53 221.62 227.06 230.7 231.96 233.65 236.43 238.84 240.73 244.27 248.12 249.19 251.46 255.16 256.75 256.21 258.08 260.18 259.81 259.95 263.89 269.73 272.66 272.25 277.33 278.47 279.08 280.26 280.14 281.19 282.66 283.92 284.82 280.75 285.75 292.86 293.98 296.06 296.48 298.12 297.24 299.12 297.69 295.8 296.34 297.76 297.03 293.49 288.22 290.54 291.24 292.44 288.87 283.41 287.3 291.68 290.52 283.08 282.38 284.58 286.96 286.54 282.72 285.61 288.51 288.02
-9999 195.9219 198.95 201.85 203.06 209.63 216.84 219.85 225.32 229.5684 231.25 233.02 234.49 236.76 238.93 241.33 245.81 247.15 249.21 252.62 254.94 256.51 257.6 257.83 259.92 262.55 265.72 267.16 271.35 274.76 275.34 278.23 278.09 279.41 280.54 282 284.91 286.2 285.15 287.3 289.77 294.71 295.56 297.68 298.85 298.77 299.51 300.43 300.36 299.76 298.02 298.74 295.49 294.09 294.03 290.98 286.73 291.78 292.36 286.82 283.75 285.68 287.54 289.65 286.29 284.47 287.76 289.4 289.71 289.84 289.56 289.21 288.22
-9999 196.62 200.28 202.69 205.04 211.47 220.8404 224.3556 228.1609 230.37 231.79 233.87 235.42 238.28 241.55 243.28 246.19 247.42 249.71 251.57 254.4 256.26 257.89 260.22 261.49 262.82 266.05 270.11 271.65 274.32 278 278.82 280.55 281.45 282.57 284.88 286.22 288.34 288.49 288.27 291.5 295.88 297.11 298.64 298.92 299.93 299.97 296.88 296.59 300.4 299.04 297.96 298.85 296.55 295.14 292.74 289.69 288.73 291.63 292.73 292.66 285.83 287.3 292.11 287.81 290.15 290.02 289.8 289.78 290.03 289.94 289.16 288.68
-9999 196.6531 197.93 202.27 205.3 214.3711 223.8481 227.36 229.63 231.32 233.55 236.17 239.09 240.11 241.83 243.8 246.27 249.04 250.27 250.47 251.96 252.91 255.49 257.9 260.09 261.64 261.87 265.37 272.69 275.85 278.34 278.54 279.54 281.35 283.3 285.44 287.4 289 289.69 290.45 294.8 296.45 297.45 298.25 298.02 298.86 299.02 299.67 299.14 298.13 298.19 300.24 296.9 289.82 293.58 292.13 292.39 293.24 294.12 290.07 293.05 292.34 290.4 292.23 289.69 291.09 289.88 289.67 290.62 290.16 290.08 289.89 289.07
-9999 196.94 199.06 205.37 215.67 221.2333 227.1975 229.34 231.04 232.5 233.59 235.7 237.83 239.44 242.89 243.33 244.88 246.91 249.07 249.91 251.37 252.56 251.23 252.89 256.75 260.6 259.29 265.06 272.55 276.93 277.94 277.46 278.06 280.79 283.33 284.72 286.61 287.72 290.08 292.69 293.46 293.84 295.36 294.72 295.4 296.06 296.27 299.6 298.58 298.13 297.71 298.7 300.1 295.61 298.64 296.47 294.09 292.62 289.15 288.36 292.57 293.07 289.28 290.31 292.53 291.42 291.56 291.27 289.8 289.66 288.88 285.37 286.58
195.5062 197.69 202.83 211.67 222.0213 -9999 -9999 230.62 231.58 233.21 234.98 236.14 238.15 239.78 241.56 242.65 242.52 244.26 246.59 247.48 249.4 251.1 252.92 251.31 252.52 260.42 265.05 269.34 273.48 274.76 275.17 275.29 276.89 278.67 281.06 282.71 283.73 285.36 288.4 288.45 289.21 289.62 290.64 292.39 289.12 294.11 294.9 297.68 296.88 295.68 294.44 294.75 296.18 301.73 297.35 297.07 297.18 298.33 292.92 292.43 289.71 291.27 292.02 290.54 289.8 289.33 286.09 288.1 290.97 290.77 290.68 288.9 288.51
200.5 204.3662 209.1622 216.5065 223.6889 229.0417 230.1011 232.04 232.98 233.85 234.35 236.29 237.41 238.82 240.59 240.34 239.75 240.65 243.39 245.03 247.35 250.09 249.81 252.43 257.11 259.35 267.66 270.38 270.43 272.27 273.01 273.68 275.52 277.24 279.02 281.47 282.47 283.08 286.36 289.77 288.46 286.78 286.85 290.11 291.29 292.07 294.13 292.82 292.93 290.29 292.71 294.38 298.59 300.69 300.13 301.48 301.02 298.57 296.98 296 291.82 288.47 289.41 290.99 291.08 288.29 284.44 286.63 292.83 291.3 289.55 290.15 289.19
-9999 -9999 -9999 219.1351 224.1688 227.8095 229.57 231.5 233.26 234.73 235.53 237.65 237.56 237.33 238.06 238.94 238.75 239.5 241.53 245.57 248.67 251.78 253.7 255.14 259.15 263.79 266.1 268.82 268.51 268.13 268.32 270.09 273.03 274.73 276.81 279.29 280.11 281.09 283.67 286.77 286.22 285.73 285.13 285.76 290.38 288.08 289.62 287.38 290.76 294.11 296.98 298.36 299.01 299.48 295.1 299.94 297.92 294.27 294.83 293.61 292.29 289.47 289.17 290.34 289.27 289.44 291.77 292.85 288.4 293.18 289.5 289.66 289.11
-9999 -9999 -9999 -9999 222.78 225.37 226.3434 230.9529 234.1319 235.4066 235.47 238.14 240.13 237.32 238.8 239.82 238.9 241.5 243.94 246.17 249.41 252.24 253.87 255.05 257.98 262.19 266.46 267.36 267.6 266.07 266.14 265.94 264.76 268.85 268.5 275.75 277.99 278.17 280.09 283.44 286.83 282.18 283.58 285.7 288.94 285.01 283.83 288.11 290.31 295.03 295.02 295.18 294.92 296.95 297.27 298.78 299.71 299.41 295.46 287.77 284.09 287.9 290 291.33 296.02 294.85 292.26 293.5 294.23 291.05 290.3 289.03 287.58
-9999 -9999 -9999 -9999 218.7407 221.1286 -9999 232.1176 -9999 235.6667 236.73 238.57 240.67 242.42 241.64 241.97 243.85 245.04 245.62 247.03 250.25 252.9 253.93 255.88 258.53 262.89 266.15 266.42 266.99 266.94 265.75 264.12 260.68 261.8 263.66 269.66 276.03 273.7 276.38 280.16 284.41 285.43 284.66 283.8 285.55 285.05 286.42 289.4 289.7 290.35 292.5 292.5 293.01 295.36 294.83 294.65 295.1 295.82 297.43 296.74 292.49 283.35 284.22 285.41 287.38 295.61 299.52 291.82 286.41 282.11 280.35 288.2 288.07
-9999 -9999 -9999 -9999 -9999 -9999 -9999 -9999 233.1786 234.3878 235.8211 238.61 240.38 241.95 244 241.85 244.01 245.22 245.67 245.2 248.67 251.48 254.42 256.85 260.4 263.93 264.45 265.6 266.43 265.43 265.84 263.13 262.32 270.91 270.78 271.98 271.65 273.28 274.3 275.62 279.74 282.4 281.49 284.35 284.31 285.6 287.33 287.39 287.65 289.38 289.57 288.91 290.37 292.17 292.6 291.69 292.35 293.32 293.3 293.23 295.42 294.96 296.68 292.35 291.92 292.18 302.29 294.72 294.42 292.66 287.81 290.27 290.25
-9999 -9999 -9999 -9999 -9999 -9999 -9999 -9999 -9999 233.52 233.92 235.89 238.86 241.38 243.65 244.49 245.31 244.96 245.7 247.97 247.76 247.75 252.29 257.09 260.26 263.39 264.3 265.6 266.03 266.85 266.05 265.95 269.38 272.11 272.69 274.04 273.54 273.07 272.98 273.79 275.23 277.77 279.84 281.34 283.15 283.84 286.78 286.31 287.12 290.53 291.52 291.75 288.65 285.65 291.34 293.43 291.27 292.44 291.95 292.33 291.19 292.02 293.26 300.28 296.37 299.08 303.71 302.68 301.58 302.66 301.53 300.68 302.93
