layers/wordclim/future/Iberia_wcB2a_10_hadcm3_2050/bio_18.asc
ncols         166
nrows         93
xllcorner     -9.4959440078468
yllcorner     36.000324005443
cellsize      0.083333337679505
NODATA_value  -9999
[rows 0 to 34 of 93, columns 77 to 153 of 166]
-9999 -9999 -9999 -9999 -9999 -9999 -9999 -9999 -9999 -9999 -9999 -9999 -9999 -9999 -9999 -9999 -9999 -9999 -9999 -9999 -9999 -9999 -9999 -9999 -9999 -9999 -9999 -9999 -9999 -9999 -9999 -9999 -9999 -9999 -9999 -9999 -9999 -9999 -9999 -9999 -9999 -9999 -9999 -9999 -9999 -9999 -9999 -9999 -9999 -9999 -9999 -9999 -9999 -9999 -9999 -9999 -9999 -9999 -9999 -9999 -9999 -9999 -9999 -9999 -9999 -9999 -9999 -9999 -9999 -9999 -9999 -9999 -9999 -9999 -9999 -9999 -9999
-9999 -9999 -9999 -9999 -9999 -9999 -9999 -9999 -9999 -9999 -9999 -9999 -9999 -9999 -9999 -9999 -9999 -9999 -9999 -9999 -9999 -9999 -9999 -9999 -9999 -9999 -9999 -9999 -9999 -9999 -9999 -9999 -9999 -9999 -9999 -9999 -9999 -9999 -9999 -9999 -9999 -9999 -9999 -9999 -9999 -9999 -9999 -9999 -9999 -9999 -9999 -9999 -9999 -9999 -9999 -9999 -9999 -9999 -9999 -9999 -9999 -9999 -9999 -9999 -9999 -9999 -9999 -9999 -9999 -9999 -9999 -9999 -9999 -9999 -9999 -9999 -9999
-9999 -9999 -9999 -9999 -9999 -9999 -9999 -9999 -9999 -9999 -9999 -9999 -9999 -9999 -9999 -9999 -9999 -9999 -9999 -9999 -9999 -9999 -9999 -9999 -9999 -9999 -9999 -9999 -9999 -9999 -9999 -9999 -9999 -9999 -9999 -9999 -9999 -9999 -9999 -9999 -9999 -9999 -9999 -9999 -9999 -9999 -9999 -9999 -9999 -9999 -9999 -9999 -9999 -9999 -9999 -9999 -9999 -9999 -9999 -9999 -9999 -9999 -9999 -9999 -9999 -9999 -9999 -9999 -9999 -9999 -9999 -9999 -9999 -9999 -9999 -9999 -9999
-9999 -9999 -9999 -9999 -9999 -9999 -9999 -9999 -9999 -9999 -9999 -9999 -9999 -9999 -9999 -9999 -9999 -9999 -9999 -9999 -9999 -9999 -9999 -9999 -9999 -9999 -9999 -9999 -9999 -9999 -9999 -9999 -9999 -9999 -9999 -9999 -9999 -9999 -9999 -9999 -9999 -9999 -9999 -9999 -9999 -9999 -9999 -9999 -9999 -9999 -9999 -9999 -9999 -9999 -9999 -9999 -9999 -9999 -9999 -9999 -9999 -9999 -9999 -9999 -9999 -9999 -9999 -9999 -9999 -9999 -9999 -9999 -9999 -9999 -9999 -9999 -9999
-9999 189.0919 191.61 195.41 195.9302 197.7051 199.1636 -9999 -9999 -9999 -9999 -9999 -9999 -9999 -9999 -9999 -9999 -9999 -9999 -9999 -9999 -9999 -9999 -9999 -9999 -9999 -9999 -9999 -9999 -9999 -9999 -9999 -9999 -9999 -9999 -9999 -9999 -9999 -9999 -9999 -9999 -9999 -9999 -9999 -9999 -9999 -9999 -9999 -9999 -9999 -9999 -9999 -9999 -9999 -9999 -9999 -9999 -9999 -9999 -9999 -9999 -9999 -9999 -9999 -9999 -9999 -9999 -9999 -9999 -9999 -9999 -9999 -9999 -9999 -9999 -9999 -9999
180.0306 182.3131 185.18 185.9 188.09 190.75 195.09 195.0202 197.1918 198.7333 202.9836 205.2951 209.6429 211.0521 216.09 219.29 216.4595 -9999 -9999 -9999 -9999 -9999 -9999 -9999 -9999 -9999 -9999 -9999 -9999 -9999 -9999 -9999 -9999 -9999 -9999 -9999 -9999 -9999 -9999 -9999 -9999 -9999 -9999 -9999 -9999 -9999 -9999 -9999 -9999 -9999 -9999 -9999 -9999 -9999 -9999 -9999 -9999 -9999 -9999 -9999 -9999 -9999 -9999 -9999 -9999 -9999 -9999 -9999 -9999 -9999 -9999 -9999 -9999 -9999 -9999 -9999 -9999
172.48 174.97 176.48 177.13 180.17 183.48 185.33 188.03 191.12 193.7 200.38 202.96 203.54 205.75 208.58 207.37 206.74 205.89 204.07 201.53 -9999 -9999 -9999 -9999 -9999 -9999 -9999 -9999 -9999 -9999 -9999 -9999 -9999 -9999 -9999 -9999 -9999 -9999 -9999 -9999 -9999 -9999 -9999 -9999 -9999 -9999 -9999 -9999 -9999 -9999 -9999 -9999 -9999 -9999 -9999 -9999 -9999 -9999 -9999 -9999 -9999 -9999 -9999 -9999 -9999 -9999 -9999 -9999 -9999 -9999 -9999 -9999 -9999 -9999 -9999 -9999 -9999
163.54 165.23 166.64 168.64 171.67 172.95 174.53 177.12 180.49 183.87 187.75 189.35 191.06 193.07 193.62 194.87 193.79 193.54 192.69 193.2055 -9999 -9999 -9999 -9999 -9999 -9999 -9999 -9999 -9999 -9999 -9999 -9999 -9999 -9999 -9999 -9999 -9999 -9999 -9999 -9999 -9999 -9999 -9999 -9999 -9999 -9999 -9999 -9999 -9999 -9999 -9999 -9999 -9999 -9999 -9999 -9999 -9999 -9999 -9999 -9999 -9999 -9999 -9999 -9999 -9999 -9999 -9999 -9999 -9999 -9999 -9999 -9999 -9999 -9999 -9999 -9999 -9999
154.21 156.43 160.62 166.61 162.65 164.28 163.97 164.88 169.47 170.82 172.43 176.12 180.55 179.79 182.08 182.59 182.29 183.49 186.06 185.55 -9999 186.0833 184.5536 -9999 -9999 -9999 -9999 -9999 -9999 -9999 -9999 -9999 -9999 -9999 -9999 -9999 -9999 -9999 -9999 -9999 -9999 -9999 -9999 -9999 -9999 -9999 -9999 -9999 -9999 -9999 -9999 -9999 -9999 -9999 -9999 -9999 -9999 -9999 -9999 -9999 -9999 -9999 -9999 -9999 -9999 -9999 -9999 -9999 -9999 -9999 -9999 -9999 -9999 -9999 -9999 -9999 -9999
147.89 148.13 149.55 151.7 151.64 152.68 157.29 159.42 165.29 163.42 162.57 164.58 171.23 171.21 169.99 169.84 169.68 170.37 172.95 174.03 176.41 176.32 176.04 177.56 180.7419 183.2459 186.54 201.4483 -9999 -9999 -9999 -9999 -9999 -9999 -9999 -9999 -9999 -9999 -9999 -9999 -9999 -9999 -9999 -9999 -9999 -9999 -9999 -9999 -9999 -9999 -9999 -9999 -9999 -9999 -9999 -9999 -9999 -9999 -9999 -9999 -9999 -9999 -9999 -9999 -9999 -9999 -9999 -9999 -9999 -9999 -9999 -9999 -9999 -9999 -9999 -9999 -9999
139.67 141.7 141.92 140.34 139.13 140.9 142.27 144.84 146.71 153.55 154.57 155.93 159.2 165.71 159.86 155.86 156.86 158.24 159.32 162.16 162.52 165.54 171.45 163.61 170.26 171.43 176 197.77 202.4868 -9999 -9999 -9999 -9999 -9999 -9999 -9999 -9999 -9999 -9999 -9999 -9999 -9999 -9999 -9999 -9999 -9999 -9999 -9999 -9999 -9999 -9999 -9999 -9999 -9999 -9999 -9999 -9999 -9999 -9999 -9999 -9999 -9999 -9999 -9999 -9999 -9999 -9999 -9999 -9999 -9999 -9999 -9999 -9999 -9999 -9999 -9999 -9999
127.3 130.7 128.98 129.88 133.2 135.19 139.13 138.62 144.85 147.42 146.64 145.97 152.24 150.9 149.59 143.28 142.11 143.63 147.31 146.54 143.37 150.37 148.26 149.82 153.65 149.22 164.53 173.2 185.87 209.7742 205.194 217.3077 209.7614 229.7677 240.806 -9999 -9999 -9999 -9999 -9999 -9999 -9999 -9999 -9999 -9999 199.57 217.89 234.8205 239.6364 -9999 -9999 -9999 -9999 -9999 -9999 -9999 -9999 -9999 -9999 -9999 -9999 -9999 -9999 -9999 -9999 -9999 -9999 -9999 -9999 -9999 -9999 -9999 -9999 -9999 -9999 -9999 -9999
117.66 118.18 116.63 118.15 116.42 119.58 129.3 125.87 123.23 124.8 127.87 127.39 124.35 128.59 133.06 133.2 136.24 133.61 139.79 138.79 132.71 131.85 134.52 132.96 135.55 131.95 138.95 140.62 144.65 166.95 182.78 219.11 206.11 185.84 227.56 215.087 -9999 -9999 -9999 221.3472 -9999 240.8333 -9999 -9999 -9999 214.6327 208.7 219.41 228.94 235.14 223.8781 236.0952 234.1818 -9999 -9999 -9999 -9999 -9999 -9999 -9999 -9999 -9999 -9999 -9999 -9999 -9999 -9999 -9999 -9999 -9999 -9999 -9999 -9999 -9999 -9999 -9999 -9999
113.07 111.2 107.98 107.47 115.24 118.16 109.33 109.74 111.94 111.24 104.43 107.73 112.36 111.89 113.9 115.56 119.12 119.91 128.98 130.67 124.01 116.87 124.37 125.04 120.26 118.99 115.94 124.83 131.87 135.09 139.94 162.36 170.44 160.46 188.14 178.13 206.71 218.19 203.59 192.2 221.43 223.39 240.65 214.69 252.31 244.04 235.82 238.59 239.68 229.11 206.54 220.98 221.99 238.7732 -9999 -9999 -9999 -9999 -9999 -9999 -9999 -9999 -9999 -9999 -9999 -9999 -9999 -9999 -9999 -9999 -9999 -9999 -9999 -9999 -9999 -9999 -9999
92.52 91.84 91.54 88.31 89.79 90.56 90.03 91.1 92.43 91.62 91.4 94.34 96.18 98.01 98.14 100.21 104.99 108.65 114.9 112.39 107.18 106.91 106.82 113.54 116.45 122.96 115.24 111.31 120.69 121.08 131.48 127.91 127.23 149.76 171.59 159.21 171.84 166.18 148.66 168.02 212.61 209.23 195.38 216.56 226.69 216.89 221.94 230.37 244.87 240.65 208.79 198.98 209.13 227.99 -9999 -9999 -9999 -9999 -9999 -9999 -9999 -9999 -9999 -9999 -9999 -9999 -9999 -9999 -9999 -9999 -9999 -9999 -9999 -9999 -9999 -9999 -9999
89.08 86.4 86.47 85.51 83.29 83.85 81.85 79.05 78.45 78.18 81.42 85.53 87.64 89.71 93.09 92.68 96.14 95.62 101.01 103.03 101.75 108.14 111.14 113.67 113.91 120.78 120.96 110.96 112.59 111.76 117.55 113.79 115.98 134.89 147.73 155.9 135.79 139.17 125.79 154.83 174.41 179.49 185.25 200.49 195.93 192.91 205.77 228.72 225.69 223.9 201.94 206.78 215.73 217.17 -9999 -9999 233.9048 231.5474 222.0225 196.3889 188.5294 -9999 -9999 -9999 -9999 -9999 -9999 -9999 -9999 -9999 -9999 119.0357 124.8676 116.2453 -9999 -9999 -9999
96.64 91.17 88.97 82.39 83.79 92.61 85 81.5 78.71 79.85 79.3 80.43 80.07 82.72 86.02 85.61 87.16 88.19 89.16 90.62 91.15 93.82 101.03 103.34 107.4 111.71 112.7 105.64 102.63 112.55 113.08 114.78 121.82 123.8 133.13 141.49 144.73 129.27 118.36 122.05 135.13 154.35 170.26 185.47 194.29 188.72 192.55 197.02 194.41 199.07 193.63 214.85 205.63 188.98 182.48 195.4 199.29 194.74 191.51 191.29 199.7534 -9999 217.225 215.45 198.27 186.7412 -9999 -9999 -9999 147.2447 122.2 105.07 99.41 97.92 99.01124 -9999 -9999
97.38 108.32 98.31 85.93 96.12 103.56 94.97 97.08 100.21 92.09 95.58 82.62 76.68 76.96 78.2 79.98 80.67 83.83 85.5 84.93 85.34 86.32 89.05 91.38 93.64 94.52 97.84 90.59 89.85 95.97 109.82 121.82 124.76 129.93 148.06 139.72 135.25 127.58 114.03 112.46 137.22 135.09 160.52 155.26 177.71 170.07 182.17 193.31 178.47 177.92 200.88 205.72 196.48 175.76 190.54 205.42 213.03 212.41 200.87 201.63 202.56 195.89 188.27 190.32 186.62 175.02 166.26 160.15 156.39 144.94 123.75 109.36 99 93.86 94.48315 99.51613 -9999
112.48 116.35 102.28 98.43 103.29 93.03 100.99 95.76 105.31 94.03 91.55 83.69 78.27 78.11 73.77 72.98 73.7 76.36 76.48 76.99 79.38 79.56 79.89 79.73 81.69 83.89 85.05 81.19 79.19 78.7 78.4 81.04 85.41 94.4 94.37 97.86 110.46 112.54 116.61 107.96 123.23 117.03 130.05 146.39 158.16 148.92 173.51 163.71 155.1 182.31 200.39 191.06 174.94 180.12 198.98 206.36 206.48 201.49 196.73 183.23 188.48 184.72 180.89 175.94 178.29 174.1 158.08 153.51 139.96 131.25 120.92 109.36 102.6 95.71579 -9999 -9999 -9999
98.68 93.9 98.37 109.85 104.58 100.79 107.5 113.07 106.02 98.67 98.41 91.69 86.37 85.05 74.02 71.24 71.9 71.47 72.25 74.54 75.58 73.8 72.65 72.14 72.8 73.88 74.16 72.34 71.24 72.49 72.14 71.05 70.93 74.23 77.86 80.71 87.95 91.23 96.94 95.85 110.74 114.66 132.92 137.8 145.97 137.45 159.68 134.83 143.59 156.17 180.53 184.12 168.63 182.05 190.25 194.65 184.23 188.07 195.42 175.75 177.96 178.2 179.04 173.94 179.76 178.47 167.22 167.34 153.03 138.94 124.09 115.37 107.32 101.79 96.59702 -9999 -9999
107.21 109.64 118.16 114.41 116.53 117.31 116.64 108.45 100.7 104.4 99.07 93.06 81.4 75.11 73.3 71.49 68.44 68.01 67.37 69.31 73.44 72.6 67.37 69.26 73.54 74.68 71.36 67.26 67.74 66.62 67.44 66.06 66.28 68.86 72.14 74.8 79.18 81.76 84.29 86.89 111.61 121.57 127.75 121.58 131.93 149.5 158.5 138.47 168.39 166.98 165.16 157.47 149.07 160.04 167.65 170.26 174.48 176.98 171.4 162.03 170.06 172.12 175.14 173.31 169.96 175.11 175.91 165.14 153.45 145.96 128.15 118.48 110.08 103.07 100.0306 -9999 -9999
85.02 92.29 104.05 100.23 109.57 101.83 101.55 96.47 102.67 104.94 98.5 91.54 82.07 78.53 76.69 76.12 68.57 67.82 65.04 63.42 63.42 63.84 63.66 65.92 70.39 76.15 70.06 62.73 63.98 66.17 65.54 63.68 63.59 65.83 68.99 70.6 75.02 75.81 78.38 81.46 90.77 101.56 113.9 117.12 117.63 134.16 130.28 128.54 153.24 138.44 136.95 141.6 147.67 156.7 166.4 163.07 158.48 160.21 161.9 155.73 163.8 164.09 171.41 169.63 166.29 171.62 171.31 166.79 148.48 137.02 127.23 129.04 118.84 107.41 102.34 100.8958 -9999
82.53 84.58 85.79 84.9 84.91 85.41 87.85 86.02 86.91 93.36 96.09 91.44 87.3 87.88 82.09 75.8 72.04 73.19 68.43 62.21 60.41 58.85 59.12 65.63 68.39 67.54 64.12 59.89 61.64 64.34 66.97 63.02 62.01 62.25 64.21 67.04 73.84 72.95 72.48 77.39 82 87.71 93.37 97.09 105.44 111.45 111.65 109.89 119.08 119.37 129.83 133.09 137.67 148.36 156.64 162.38 156.51 148.15 151.04 146.79 151.93 161.05 171.03 168.16 169.29 171.4 171.83 167.83 153 134.7 127.4 124.91 125.03 115.32 105.9041 -9999 -9999
76.65 79.9 81.53 82.68 84.07 84.87 82.03 82.15 83.97 87.4 88.95 88.84 89.25 90.93 111.83 103.29 78.05 72.82 67.14 63.32 60.46 58.25 56.15 56.42 57.97 60.08 57.18 56.38 59.28 62.12 67.65 65.66 62.37 61.32 62.7 65.26 67.56 67.6 69.27 75 74.6 76.87 79.94 86.42 87.78 90.76 90.67 94.1 98.44 117.3 122.92 130.64 136.27 141.35 145.65 154.68 156.95 149.93 139.32 139 144.92 158.07 165.37 166.75 169.23 172.58 169.97 155.52 142.7 130.74 129.05 127.94 121.6354 -9999 -9999 -9999 -9999
71.2 73.82 73.96 76.96 81.02 80.24 80.22 79.67 79.06 80.82 82.59 83.22 87.87 94.88 99.89 106.24 95.63 81.47 75.55 65.91 61.96 58.7 56.06 54.07 51.69 52.81 54.36 54.96 58.44 61.95 66 69.06 68.33 64.86 62.6 62.96 64.47 65.98 67.03 69.94 70.34 72.5 78.72 83.35 80.54 81.38 84.49 87.64 95.2 112.1 119.06 126.35 134.69 143.63 148.9 149.29 148.38 143.14 133.87 134.42 148.64 156.43 158.34 156.17 156.93 157.67 149.64 142.35 139.24 126.9388 126.2069 123 -9999 -9999 -9999 -9999 -9999
66.27 68.66 70.24 72.08 72.7 74.53 77.39 78.19 75.97 77.54 80.21 81.82 84.65 87.69 90.44 86.76 82.57 73.75 73.29 68.85 59.87 56.77 58.59 60.24 55.61 52.8 52.67 52.03 54.58 57.42 57.62 59.98 65.25 68.62 66.62 66.68 70.74 68.63 67.11 66.6 67.26 70.98 73.67 74.15 73.84 77.59 81.29 85.9 97.06 110.2 118.44 128.03 136.06 142.25 141.82 137.62 138.66 140.62 142.1 132.42 148.48 147.09 142.9 137.31 138.07 141.5 146.58 143.3535 137.7105 -9999 -9999 -9999 -9999 -9999 -9999 -9999 -9999
62.68 65.79 66.4 66.58 70.14 71.77 74.17 73.87 77.35 80.43 79.67 79.73 83.78 82.48 82.73 81.68 83.27 71.11 65.77 64.57 57.8 56.36 59.21 65.35 59.48 59.41 58.77 55.65 53.85 53.6 54.96 56.14 58.79 62.01 64.78 63.86 65.1 67.15 66.63 69.38 66.36 67.09 67.21 68.36 72.61 77.44 80.53 85.39 102.87 116.6 124.43 134.35 140.97 141.72 140.71 134.45 131.33 133.15 132.67 127.67 131.35 132.25 129.64 127.64 134.27 136.2766 -9999 -9999 -9999 -9999 -9999 -9999 -9999 -9999 -9999 -9999 -9999
64.27 65.12 66.24 67.8 69.34 69.37 69.92 72.86 77.81 79.07 74.25 75.83 77.43 79.19 76.6 73.19 76.06 78.41 64.33 63.35 59.64 58.53 61.14 61.89 62.45 67.17 65.12 60.98 57.29 54.85 53.41 54.48 57.66 60.88 62.78 63.34 63.9 63.52 63.69 65.87 69.48 62.4 65.11 69.15 74.8 80.71 86.69 92.75 111.36 121.24 123.72 124.94 133.04 136.35 141.21 139.74 133.41 126.87 125.9 126.17 125.14 126.58 128.12 125.7234 -9999 -9999 -9999 -9999 -9999 -9999 -9999 -9999 -9999 -9999 -9999 -9999 -9999
72.02 72.76 69.49 69.32 73.07 74.13 73.75 73.38 74.82 72.77 69.14 71.09 73.9 73.64 74.73 67.65 69.19 65.42 75.42 77.81 77.74 67.96 64.56 67.94 66.93 72.23 65.45 59 56.89 54.27 54.13 53.75 56.59 60.09 61.49 62.58 63.54 63.43 61.64 64.88 64.06 65.81 70.07 74.79 80.27 86.9 95.09 113.01 124.91 124.27 122.4 118.06 122.38 125.84 135.33 131.31 125.6 125.54 127.46 132.94 127.38 124.39 124.7979 -9999 -9999 -9999 -9999 -9999 -9999 -9999 -9999 -9999 -9999 -9999 -9999 -9999 -9999
75.8 73.14 71.98 72.02 72.31 74.34 75.26 76.76 74.43 69.12 67.48 67.67 68.06 67.87 70.03 69.21 68.1 67.84 74.43 81.8 83.86 80.47 74.24 75.22 75.15 73.77 69.3 62.42 59.72 57.79 56.36 55.92 54.61 55.8 56.48 57.46 57.74 57.91 60.47 65.34 65.98 66.45 68.59 66.37 71.7 81.35 97.39 120.7 131.47 137.42 125.1 115.12 117.32 120.01 123.2 121.52 122.12 125.02 123.98 128.8673 126.8148 122.5735 -9999 -9999 -9999 -9999 -9999 -9999 -9999 -9999 -9999 -9999 -9999 -9999 -9999 -9999 -9999
75.73 67.51 68.57 66.87 66.62 74.64 75.45 76.59 74.21 71.31 70.03 73 76.3 76.46 74.29 72.52 78.65 78.64 76.53 82.65 85.29 84.99 85.93 84.48 80.19 76.34 71.47 68.9 65.82 60.97 57.84 57.19 56.94 57.92 58.06 57.82 58.76 59.71 63.25 62.28 63.46 64.69 68.56 61.66 67.29 79.66 97.93 105.38 118.09 116.69 115.84 115.57 117.36 118.43 119.1225 118.4304 119.8939 -9999 -9999 -9999 -9999 -9999 -9999 -9999 -9999 -9999 -9999 -9999 -9999 -9999 -9999 -9999 -9999 -9999 -9999 -9999 -9999
69.68 66.88 66.4 64.11 65.16 72.14 74.76 76.21 79.52 81.99 85.29 86.33 84.34 82.72 83.06 81.92 85.77 87.97 86.46 80.25 84.89 87.49 91.47 91.92 86.42 81.63 76.92 76.97 79.49 70.45 63.09 63.28 61.69 61.69 61.69 64.55 62.16 63.69 65.84 64.56 68.92 71.18 75.48 67.47 68.88 83.93 102.39 113.34 111.93 114.48 115.42 115.9506 -9999 -9999 -9999 -9999 -9999 -9999 -9999 -9999 -9999 -9999 -9999 -9999 -9999 -9999 -9999 -9999 -9999 -9999 -9999 -9999 -9999 -9999 -9999 -9999 -9999
58.78 59.06 60.82 61.77 66.71 70.37 74.75 77.57 79.24 84.44 89.33 88.85 85.75 91.38 91.09 89.35 87.91 88.82 91.57 93.44 84.38 91.9 96.28 104.51 97.59 87.37 82.05 79.28 77.37 73.1 70.16 72.27 68.44 66.19 64.44 65.07 67.89 71.22 69.35 69.74 72.71 72.25 72.12 67.57 64.01 73.26 101.07 112.72 112.2817 -9999 -9999 -9999 -9999 -9999 -9999 -9999 -9999 -9999 -9999 -9999 -9999 -9999 -9999 -9999 -9999 -9999 -9999 -9999 -9999 -9999 -9999 -9999 -9999 -9999 -9999 -9999 -9999
54.11 52.68 56.31 59.72 65.75 70.17 72.42 74.29 77.03 79.59 84.15 88.76 92.06 91.98 90.66 89.66 90.49 91.61 89.46 91.01 92.64 88.8 95.67 104.43 105.78 98.5 91.89 85.01 75.97 75.99 77.13 79.88 74.73 71.25 66.11 68.12 74.68 74.49 72.58 75.49 73.64 77.15 67.68 70.16 73.9 83.03 109.35 112.32 -9999 -9999 -9999 -9999 -9999 -9999 -9999 -9999 -9999 -9999 -9999 -9999 -9999 -9999 -9999 -9999 -9999 -9999 -9999 -9999 -9999 -9999 -9999 -9999 -9999 -9999 -9999 -9999 -9999
50.42 54.99 60.71 62.99 64.15 66.71 69.78 74.78 77.37 75.47 81.55 84.01 90.55 86.5 89.51 92.85 93.84 94.95 92.91 93.61 91.31 90.33 96.45 99.56 102.15 96.35 95.84 91.12 86 83.95 86.64 82.67 80.63 75.64 71.11 78.48 82.57 79.3 77.91 79.78 85.65 83.57 68.72 69.44 80.9 86.36364 -9999 -9999 -9999 -9999 -9999 -9999 -9999 -9999 -9999 -9999 -9999 -9999 -9999 -9999 -9999 -9999 -9999 -9999 -9999 -9999 -9999 -9999 -9999 -9999 -9999 -9999 -9999 -9999 -9999 -9999 -9999
