layers/wordclim/future/Iberia_wcB2a_10_hadcm3_2050/bio_02.asc
ncols         166
nrows         93
xllcorner     -9.4959440078468
yllcorner     36.000324005443
cellsize      0.083333337679505
NODATA_value  -9999
[rows 0 to 32 of 93, columns 0 to 73 of 166]
-9999 -9999 -9999 -9999 -9999 -9999 -9999 -9999 -9999 -9999 -9999 -9999 -9999 -9999 -9999 -9999 -9999 72.87805 75.06944 74.25373 75.63636 76.73864 76.95652 78.0303 -9999 -9999 -9999 -9999 -9999 -9999 -9999 -9999 -9999 -9999 -9999 -9999 -9999 -9999 -9999 -9999 -9999 -9999 -9999 -9999 -9999 -9999 -9999 -9999 -9999 -9999 -9999 -9999 -9999 -9999 -9999 -9999 -9999 -9999 -9999 -9999 -9999 -9999 -9999 -9999 -9999 -9999 -9999 -9999 -9999 -9999 -9999 -9999 -9999 -9999
-9999 -9999 -9999 -9999 -9999 -9999 -9999 -9999 -9999 -9999 -9999 -9999 -9999 -9999 -9999 -9999 72.18182 73.46316 75.29 75.66 77.55 78.94 78.63636 80.6 81.22 81.13402 -9999 -9999 -9999 -9999 -9999 -9999 -9999 -9999 -9999 -9999 -9999 -9999 -9999 -9999 -9999 -9999 -9999 79.0625 77.17308 -9999 -9999 -9999 -9999 -9999 -9999 -9999 -9999 -9999 -9999 -9999 -9999 -9999 -9999 -9999 -9999 -9999 -9999 -9999 -9999 -9999 -9999 -9999 -9999 -9999 -9999 -9999 -9999 -9999
-9999 -9999 -9999 -9999 -9999 -9999 -9999 -9999 -9999 -9999 -9999 -9999 -9999 -9999 70.46296 71.06316 72.76768 74.55 76.34 78.24 79.95 80.68 81.29 82.53 81.92 81.91 82.57895 83.50633 84.57746 84.21819 85.0125 85.79762 86.88158 86.41558 88.07595 87.65151 88.12329 89.30556 89.88636 88.82475 87.92308 86.42857 84.24242 82.35 81.12 77.09091 75.29508 78.21667 78.64407 -9999 -9999 -9999 -9999 -9999 -9999 -9999 -9999 -9999 -9999 -9999 -9999 -9999 -9999 -9999 -9999 -9999 -9999 -9999 -9999 -9999 -9999 -9999 -9999 -9999
-9999 -9999 -9999 -9999 -9999 -9999 -9999 -9999 -9999 -9999 -9999 -9999 -9999 -9999 -9999 -9999 74.82829 77.12 78.61 79.41 80.87 82.33 83.52 84.66 84.7 84.39 84.58 86.36 86.03 86.88889 88.99 90.15 91.04 90.23 93.17 92.56 91.84 93.52 95.67 92.89 90.16161 92.61 92.86 89.28 86.14 84.52 86.77 86.79 81.33 82.34 82.48 83.73077 80.28205 79.27119 79.08 -9999 -9999 -9999 -9999 -9999 -9999 -9999 -9999 -9999 -9999 -9999 -9999 64.05479 -9999 63.33333 63.67708 63.35632 63.69565 -9999
-9999 -9999 -9999 -9999 -9999 -9999 -9999 -9999 -9999 -9999 -9999 -9999 -9999 -9999 71.50746 73.45834 75.68 78.14 79.55 81.05 81.77 83.05 84.07 85.55 86.27 87.04 87.59 87.86 88.94 91.08 92.51 92.79 92.58 93.95 95.34 95.1 96.93 98.48 97.04 95.14 95.01 93.12 92.48 94.54 91.71 90.76 90.93 89.78 88.4 87.35 86.27 82.97 82.56 85.09 84.87 84.68 85.89 82.32979 79.79012 76.9863 75.36364 73.84615 73.375 72.73494 70.67347 68.42 67.41 66.32 66.375 65.11 66.47 66.08 65.36905 66.51
-9999 -9999 -9999 -9999 -9999 -9999 63.37037 64.1 65.27027 -9999 67.82433 69.22891 70.33 70.9798 72.49 -9999 76.84 79.23 81.14 82.35 83.13 83.86 84.98 86 87.43 88.42 89.29 89.6 91.69 93.07 93.78 93.67 95.18 97.32 98.13 98.03 97.83 98.82 100.37 100.2 100.95 101.22 100.07 97.89 97.54 96.25 96.78 98.72 98.13 94.89 96.76 93.63 90.37 92.96 94.13 91.51 89.07 89.43 84.89 84.5 80.77 80.53 78.32 76.59 76.29 73.26 72.03 71.13 73.35 75.03 73.64 72.48 69.85 71.67
-9999 -9999 -9999 -9999 -9999 -9999 63.93151 64.65 65.91 67.08 69.22 72.5 73.53 74.33 74.57 76.28 79 80.75 82.32 83.32 84.24 85.23 86.22 87.14 88.32 89.51 91.02 91.58 93.13 94.43 95.19 95.4 97.54 98.48 99.43 99.79 100.75 102.37 102.96 103.75 104.37 104.21 104.99 104.46 101.78 103.65 103.9 101.46 101.83 101.75 102.72 99.44 98.71 100.13 100.34 98.62 98.93 97.92 91.15 92.4 89.43 86.37 84.07 84.72 81.65 78.02 78.61 77.98 77.46 82.92 85.98 80.2 75.52 74.83
-9999 -9999 -9999 -9999 61.44086 63.07 64.33 66.27 68.16 69.63 72.23 73.65 75.07 76.88 77.83 79.5 81.12 82.27 83.49 84.32 85.56 86.61 87.34 88.56 89.56 91.06 92.53 93.25 94.91 95.82 96.96 97.29 98.94 100.06 101.14 101.87 102.88 103.11 104.96 105.28 105.87 106.51 107.74 107.68 106.64 106.68 106.9 106.48 106.58 105.39 105.12 104.87 104.01 102.69 102.88 102.05 101.18 97.33 93.22 94.03 97.7 94.44 91.91 90.77 89.38 83.93 86.9 83.01 83.69 89.15 90.12 87.82 85.85 82.25
-9999 -9999 -9999 60.90722 62.1 63.96 65.17 66.91 68.59 70.61 72.31 74.31 75.58 77.4 78.94 80.52 82.18 83.31 84.84 85.85 86.78 87.91 88.65 89.84 91.15 92.58 93.64 94.86 96.11 97.14 97.56 98.8 100.24 101.02 102.48 103.06 104.13 102.95 103.5 104.78 103.77 106.15 105.81 109.1 109.75 107.9 107.65 108.18 107.34 106.69 107.64 106.64 106.43 105.89 105.01 104.52 103.37 101.95 101.1 99.6 99.86 100.05 98.72 95.7 93.67 92.08 91.32 89.89 89.85 89.06 86.98 86.35 86 86.14
-9999 -9999 -9999 60.76471 62.59596 63.98 65.59 66.87 68.19 70.31 72.14 74.19 76.46 78.63 80.36 82 83.05 84.51 85.64 86.87 87.97 88.8 89.99 90.95 92.33 93.48 94.96 96.1 97.19 98.19 98.92 100.51 101.68 102.17 103.19 103.65 103.58 105.53 106.51 107.64 107.45 109.14 109.22 108.8 110.41 111.06 110.43 110.97 109.66 109.94 110.31 109.46 108.79 107.97 107.36 106.39 105.23 104.45 104.34 103.31 101.98 102.22 101.21 97.85 96.08 94.66 93.45 92.7 91.87 90.6 88.46 85.97 86.6 87.87
-9999 -9999 -9999 -9999 61.62069 64.05 65.04 65.77 67.76 68.36 69.8 74.05 77.69 78.28 80.61 82.2 83.51 84.87 86.63 87.74 88.77 89.99 91.29 92.37 93.44 94.7 96.03 97.15 98.05 99.39 100.55 100.84 100.93 101.97 104.19 105.21 106.2 106.65 105.87 107.72 107.83 108.45 111.04 113.18 111.23 113.12 113.66 113.8 112.46 113.33 112.74 111.71 110.96 110.2 109.58 108.58 107.82 107.08 106.03 104.53 102.97 101.87 100.87 99.5 98.52 96.96 96.86 94.46 93.88 91.93 92.33 90.89 88.95 90.49
-9999 -9999 -9999 -9999 61.175 62.09375 62.80303 63.49451 68.37 67.94 69.41 71.23 74.86 77.22 79.72 83.39 84.62 86.2 87.48 88.66 89.89 91.05 92.49 93.58 94.69 95.95 96.94 97.89 99.33 100.52 101.66 100.19 102.88 105.14 106.95 108.16 107.56 106.95 107.59 109.01 111.28 113.31 114.8 115.73 116.43 116.42 117.38 117.34 116.57 116.02 114.93 114.09 113.17 112.32 111.39 110.35 109.39 108.37 107.4 106.51 105.25 103.84 102.13 101.22 100.82 98.84 97.57 98.11 96.3 96.18 96.96 94.23 93.91 91.38
-9999 -9999 -9999 -9999 -9999 -9999 64.80434 63.78 65.73 65.68 68.83 72.33 74.65 79.67 82.14 84.05 85.7 87.09 88.17 89.36 90.91 92.22 93.23 94.65 95.94 96.98 97.43 97.55 98.94 100.59 102.47 102.98 105.44 106.97 108.1 109.77 110.22 111.14 112.37 113.25 113.79 114.91 116.75 118.31 119.01 119.35 119.95 119.8 119.05 117.99 117.27 115.99 114.97 114.03 113.28 112.66 111.71 110.66 109.52 108.69 106.87 105.86 104.29 104 102.98 101.97 100.73 100 98.76 98.9 99.47 97.98 94.46 96.68
-9999 -9999 -9999 -9999 -9999 60.38983 62.51064 -9999 -9999 65.87 67.36 73.05 78.01 81.01 82.82 84.9 86.59 87.58 88.87 89.68 91.96 93.5 94.5 95.9 97.05 97.86 98.33 99.57 100.03 100.71 103.43 105.24 106.69 108.3 109.66 110.51 112.03 113.34 114.41 114.98 116.36 117.8 119.07 120.23 121.13 121.89 122.36 121.61 120.57 119.57 118.54 117.79 117.17 115.95 115.46 114.55 113.47 112.64 111.33 110.3 109.03 107.6 106.53 106.03 105.1 104.19 103.27 102.85 102.22 101.81 101.02 98.87 96.79 96.83
-9999 -9999 -9999 -9999 -9999 -9999 -9999 61 61.72289 62.97 67.13 72.55 77.78 81.2 83.3 85.1 87.01 88.15 89.04 90.95 92.97 94.32 95.68 96.89 98.21 99.4 100.08 100.97 100.86 102.18 104.19 106.82 108.07 109.08 110.31 111.82 112.81 112.89 113.8 115.67 117.84 119.42 120.43 121.6 122.77 123.8 123.68 122.76 121.73 121.18 120.33 119.76 118.88 117.79 117.23 116.61 115.61 114.64 113.62 112.33 111.41 109.94 108.38 107.37 106.22 105.34 104.7 104.52 103.78 103.38 101.95 101.27 101.78 101.45
-9999 -9999 -9999 -9999 -9999 -9999 -9999 60.875 62.01087 65.60674 65 71.69 79.27 81.67 84.22 86.35 88.79 90.32 91.78 93.09 94.24 95.3 96.84 98.17 99.14 100 101.02 102.68 102.49 104.36 106.02 108.11 109.16 109.8 109.7 111.17 110.87 111.87 115.23 117.45 119.08 120.46 121.46 122.29 123.29 124 124.03 123.61 122.87 122.51 121.94 121.09 120.36 119.16 118.74 118.32 117.32 116.33 115.25 114.37 113.09 111.8 110.72 109.26 108.07 107.09 106.85 106.48 105.51 104.75 104.38 104.29 104.18 103.85
-9999 -9999 -9999 -9999 -9999 -9999 -9999 -9999 -9999 65.67647 66.7957 72.92 79.04 82.24 84.34 88.08 90.14 91.92 93.31 94.69 95.69 95.46 95.61 97.67 99.1 99.29 100.54 103.89 105.23 104.79 105.86 108.09 107.28 108.02 110.11 108.37 109.1 112.11 116.45 118.27 119.65 121.04 122.01 123 123.98 124 124.7 124.06 124.12 123.93 123.13 122.75 121.77 120.99 120.41 119.99 119.32 118.41 117.42 116.31 115.21 113.76 112.32 110.91 109.83 108.99 108.35 107.56 106.78 106.07 105.93 106.16 106.35 107.3
-9999 -9999 -9999 -9999 -9999 -9999 -9999 -9999 63.47436 67.39394 -9999 75.38 80.53 83.66 84.74 88.92 91.57 93.52 94.88 96.3 97.49 96.78 97.16 95.65 96.5 97.76 97.67 103.27 105.48 105.3 104.16 104.73 105.19 106.57 109.57 112.44 113.06 112.23 115.38 118.47 120.67 121.78 122.6 123.35 124.04 125 124.99 124.23 124.84 124.65 123.97 123.48 122.96 122.27 121.74 121.24 120.74 120.09 119.21 118.27 117.08 115.92 114.23 112.96 111.94 111.2 109.86 108.85 108.3 107.86 107.99 108.04 108.51 109.35
-9999 -9999 -9999 -9999 -9999 -9999 -9999 -9999 -9999 68.02198 71.75 76.03 80.57 85.17 88.13 91.4 94.01 95.62 96.62 96.72 97.44 97.73 98.77 96.22 94.65 94.9 95.35 100.43 105.51 104.53 104.21 102.7 101.68 104.18 107.61 109.12 111.36 114.62 117.06 119.49 121.03 122.22 123.13 124 124.29 124.9 125.05 125.27 125.74 125.47 125.01 124.48 123.94 123.52 123.15 122.69 122.33 121.68 121.02 120.2 119.04 117.82 116.39 115.17 114.02 112.58 111.19 110.72 109.99 109.88 109.79 109.96 110.77 111.4
-9999 -9999 -9999 -9999 -9999 -9999 -9999 -9999 67.37363 72.68 73.07 77.53 82.13 87.17 91.88 92.86 92.53 91.36 93.37 94.38 95.61 98.39 98.79 98.37 97.08 96.32 98.93 102.59 105.41 103.71 103.05 102.16 104.34 109.63 112.51 113.84 115.09 117.18 119.04 120.43 121.65 122.53 123.43 124 124.9 125.31 125.71 126.01 126 125.96 125.39 125.1 124.97 124.86 124.64 124.13 123.77 123.41 122.97 122.25 121.04 119.96 118.19 116.52 114.8 113.83 112.63 111.8 111.41 111.36 111.58 111.7 111.29 111.95
-9999 -9999 -9999 -9999 -9999 -9999 -9999 69.87302 71.93 73.15 75.53 79.81 84.43 89.23 89.05 85.58 84.4 87.4 91.18 95.22 97.02 98.59 100.27 99.02 103.48 100.97 101.61 104.26 104.29 104.42 104.52 104.57 105.58 112.14 114.2 115.67 117.17 118.36 119.73 120.97 122.04 123.03 123.72 124.5 125.04 125.73 125.99 126 126.05 126.1 126 126.01 125.89 125.38 125.1 125.1 124.79 124.61 124.53 124.1 122.75 120.98 119.16 117.79 116.51 115.33 114.21 113.16 112.32 112 112.01 112.12 112.66 112.66
-9999 -9999 -9999 -9999 -9999 -9999 -9999 70.96667 71.68 74.74 78.62 83 86.47 88.29 83.34 88.12 91.22 94.56 94.1 90.43 90.65 94.8 97.51 101.45 106.52 104.67 104.53 107.03 106.92 107.19 108.77 109.22 108.47 113.89 115.54 116.54 117.13 118.94 120.13 121.23 122.4 123 124.02 124.99 125.04 125.87 126 126.6 126.31 126.72 126.45 126.77 126.7 126.16 126.08 126 125.97 125.76 125.41 124.56 123.41 121.81 120.14 118.75 117.59 116.51 115.39 114.45 113.89 113.63 113.52 113.87 113.91 114.41
-9999 -9999 -9999 -9999 -9999 -9999 -9999 71.81818 74.07954 77.84 81.08 84.08 87.82 90.82 91.68 93.86 95.59 90.61 86.53 87.69 88.41 91.22 99.82 102.75 107.51 106.41 104.77 107.94 109.34 108.94 110.28 112.19 113.51 116.41 116.73 117.71 118.51 119.25 119.81 120.68 122.05 123.24 124.14 124.98 125.51 126 126 126.88 126.91 126.9 127 127 127 127 127.01 127.01 126.88 126.11 125.83 124.5 123.54 122.35 120.8 119.37 118.18 116.96 116.02 115.05 114.78 114.05 114 114 114.35 115.03
-9999 -9999 -9999 -9999 -9999 -9999 -9999 -9999 76.11 78.98 81.6 85.36 88.7 91.51 92.9 89.44 87.5 85.65 91.35 89.05 91.02 93.06 97.79 103.85 109.07 107.92 105.63 109.44 110.7 111.88 111.79 111.38 115.1 117.23 117.08 118.55 119.49 119.56 120.76 121.9 122.19 123.41 124.22 124.94 125.27 126.02 126.06 126.75 127 127 127 127.04 127.26 127.43 127 127 126.86 126.06 125.21 124.33 123.43 122.17 120.76 119.54 118.32 117.13 116.32 115.23 114.96 114.29 114.09 114.21 114.97 115.04
-9999 -9999 -9999 -9999 -9999 -9999 -9999 -9999 76.94444 79.7551 83.44 86.88 89.58 92.49 94.3 94.9 95.49 98.08 94.7 91.65 92.14 98.05 104.69 108.55 108.09 105.75 109.02 111.68 113.02 112.61 111.82 109.92 115.02 116.25 117.75 118.9 118.95 119.5 120.71 121.65 122.83 123.77 124.1 125.02 125.16 126 126.08 126.94 127.07 127.57 127.98 128 127.95 127.78 127.46 127.5 127.01 126.2 125.44 124.31 123.07 121.7 120.78 119.67 118.35 117.25 116.25 115.04 114.94 114.64 114.22 114.12 114.93 115.13
-9999 -9999 -9999 -9999 -9999 -9999 -9999 -9999 78.36842 81.57 84.87 88.12 90.32 93.54 96.55 98.29 99.22 92.94 92.59 96.29 102.33 104.18 107.98 109.72 103.67 109.37 112.04 113.73 113.93 113.72 112.48 112.61 114.16 116.54 118.06 118.99 119.15 119.97 120.72 121.8 122.87 123.72 124.12 124.92 125.13 125.8 126.35 127.1 127.78 127.97 128 128 128 128 127.85 127.04 126.64 125.91 124.97 123.83 122.86 121.59 120.17 118.84 117.91 117.12 116.09 115.51 115.02 114.83 114.68 115 115.24 115.5
-9999 -9999 -9999 -9999 -9999 -9999 -9999 -9999 -9999 82.82 85.72 88.68 91.86 94.65 97.56 99.91 98.64 100.71 102.54 103.71 107.42 101.79 104.8 101.26 105.49 111.67 113.76 114.48 114.39 114.22 113.97 114.9 115.47 117.21 118.17 118.9 119.06 119.91 120.86 122.03 123.08 123.49 124.04 124.94 125.11 125.99 126.65 127.05 127.67 128 128 128 127.99 127.75 127.23 127.03 126.13 125.39 124.74 123.59 122.21 121.37 120.14 118.97 117.65 116.93 116.34 116 115.59 115.27 115.51 115.51 115.96 115.95
-9999 -9999 -9999 -9999 -9999 -9999 -9999 -9999 -9999 83.74 86.88 89.99 92.9 95.75 98.46 100.44 100.95 102.36 107.27 106.16 99.88 99.96 101.43 105.98 110.47 110.98 111.81 114.38 114.52 112.53 110.48 114.83 116.3 117.35 117.9 118.73 119.01 119.87 121.3 122 122.75 123.59 124.29 125 125.47 126.11 126.94 127.58 127.88 128 128 128 127.99 127.14 127 126.7 125.97 125.09 124.1 122.83 121.62 120.43 119.31 118.27 117.28 116.97 116.02 116 116 116.04 116.03 115.3 115.61 116.56
-9999 -9999 -9999 -9999 -9999 -9999 -9999 -9999 -9999 84.58586 87.67 90.83 93.68 96.37 98.78 101.32 101.97 104.59 107.93 105.65 92.95 106 105.25 107.45 111.62 114.18 114.51 113.96 113.99 114.46 113.62 115.4 115.63 115.42 115.67 116.97 118.8 120.21 120.84 121.72 122.6 123.57 124.58 125.41 125.99 126.68 127.46 127.94 128.02 128.34 128 127.99 127.68 127.17 126.96 126.13 125.18 124.22 123.19 122.14 120.96 119.59 118.54 117.72 116.83 116 115.65 115.64 115.95 115.13 115.11 115.24 115.92 116.39
-9999 -9999 -9999 -9999 -9999 -9999 -9999 -9999 -9999 85.4557 88.76 91.74 93.99 96.51 99.08 101.88 104.04 106.27 103.5 100.12 109.16 113.39 108.57 113.36 109.87 113.5 110.3 111.06 114.46 114.83 114.53 115.49 115.03 114.47 115.67 117.37 119.12 119.75 120.78 121.41 122.2 123.38 124.64 125.26 126.27 127.01 127.95 128.45 128.63 128.18 128.05 128.04 127.87 127 126.4 125.73 124.87 123.91 122.67 121.44 120.31 119.25 118.15 117.15 116.07 115.28 114.88 114.65 114.94 114.91 115.07 115.8 116.73 117.68
-9999 -9999 -9999 -9999 -9999 -9999 -9999 -9999 -9999 86.26415 89.55 92.52 95.13 97.33 99.49 101.66 104.21 102.25 102.29 102.67 111.94 113.34 112.03 114.07 113.33 111.81 108.22 109.18 113.97 113.87 112.57 114.15 113.44 114.68 115.45 116.92 117.34 118.76 119.93 121.11 122.17 123.41 124.66 125.25 126.48 127.68 128.13 128.5 128.96 128.96 128.49 127.98 127.34 126.99 126.12 125.23 124.47 123.43 122.29 121.16 119.56 118.2 117.1 116.11 115.36 114.67 114.15 114.06 114.57 115 115.11 116.62 118.24 118.77
-9999 -9999 -9999 -9999 -9999 -9999 -9999 -9999 -9999 -9999 89.75269 92.47 95.08 97.21 99.33 101.6 103.33 104.89 107.07 106.08 110.82 110.9 110.86 111.44 111.51 111.86 112.15 112.63 114.26 111.9 111.9 113.69 114.29 114.2 114.11 115.22 116.75 117.84 119.26 120.38 122.09 123.79 124.74 126.21 127.25 128.19 128.83 129.08 129.01 128.96 128.19 128 127.19 126.54 125.91 124.84 123.64 122.77 121.51 120.25 119.15 117.86 116.3 115.16 114.28 113.95 114.04 114.23 114.66 115.4 117.09 118.03 118.17 117.92
-9999 -9999 -9999 -9999 -9999 -9999 -9999 -9999 -9999 -9999 88.59524 91.91 94.57 97.02 99.33 100.14 96.94 100.45 94.49 97.27 105.86 103.61 105.94 104.66 104.11 105.42 108.71 109.81 113.09 112.54 113.01 113.78 114.4 113.27 113.4 114.86 116.05 117.41 118.47 119.95 121.92 123.27 124.81 126.19 127.53 128.81 129.24 129.24 129.03 128.71 128.44 127.8 127.08 126.33 125.36 124.54 123.42 122.36 121.11 119.72 118.44 116.95 115.76 114.2 113.2 113.29 114.27 116.42 116.52 116.92 115.35 115.77 117.8 117.22
