layers/wordclim/future/Iberia_wcB2a_10_hadcm3_2050/bio_12.asc
ncols         166
nrows         93
xllcorner     -9.4959440078468
yllcorner     36.000324005443
cellsize      0.083333337679505
NODATA_value  -9999
[rows 0 to 32 of 93, columns 0 to 72 of 166]
-9999 -9999 -9999 -9999 -9999 -9999 -9999 -9999 -9999 -9999 -9999 -9999 -9999 -9999 -9999 -9999 -9999 1009.976 1088.222 974.9702 968.9697 979.2045 946.6667 935.1818 -9999 -9999 -9999 -9999 -9999 -9999 -9999 -9999 -9999 -9999 -9999 -9999 -9999 -9999 -9999 -9999 -9999 -9999 -9999 -9999 -9999 -9999 -9999 -9999 -9999 -9999 -9999 -9999 -9999 -9999 -9999 -9999 -9999 -9999 -9999 -9999 -9999 -9999 -9999 -9999 -9999 -9999 -9999 -9999 -9999 -9999 -9999 -9999 -9999
-9999 -9999 -9999 -9999 -9999 -9999 -9999 -9999 -9999 -9999 -9999 -9999 -9999 -9999 -9999 -9999 999.803 1013.189 1042.3 992.65 1042.9 1042.93 969.5455 1014.36 990.14 929.5051 -9999 -9999 -9999 -9999 -9999 -9999 -9999 -9999 -9999 -9999 -9999 -9999 -9999 -9999 -9999 -9999 -9999 809.5469 804.0769 -9999 -9999 -9999 -9999 -9999 -9999 -9999 -9999 -9999 -9999 -9999 -9999 -9999 -9999 -9999 -9999 -9999 -9999 -9999 -9999 -9999 -9999 -9999 -9999 -9999 -9999 -9999 -9999
-9999 -9999 -9999 -9999 -9999 -9999 -9999 -9999 -9999 -9999 -9999 -9999 -9999 -9999 1005.315 988.4 1006.818 1019.61 1041.27 1090.85 1115.38 1087.9 1044.14 1081.86 955.27 897.97 882.8105 877.3671 863.0845 825.6 825.0875 821 828.6711 798.6494 829.519 806.0303 810.726 829.2361 839.7955 828.6288 819.7308 814.2262 802.1414 801.14 806.66 784.6364 780.3115 796.9667 800.017 -9999 -9999 -9999 -9999 -9999 -9999 -9999 -9999 -9999 -9999 -9999 -9999 -9999 -9999 -9999 -9999 -9999 -9999 -9999 -9999 -9999 -9999 -9999 -9999
-9999 -9999 -9999 -9999 -9999 -9999 -9999 -9999 -9999 -9999 -9999 -9999 -9999 -9999 -9999 -9999 1054.455 1113.92 1126.82 1088.64 1115.48 1149.56 1156.16 1140.5 1045.57 945.36 893.01 923.03 855.47 846.3131 885.18 897.77 896.12 838.57 904.92 856.04 829.84 851.05 884.88 829.91 797.1212 828.47 836.13 816.72 801.93 798.22 814.44 814.51 779.38 786.55 788.83 795.1923 772.0897 766.2881 774.98 -9999 -9999 -9999 -9999 -9999 -9999 -9999 -9999 -9999 -9999 -9999 -9999 977.3835 -9999 1010.603 1032.823 1038.632 1053.957
-9999 -9999 -9999 -9999 -9999 -9999 -9999 -9999 -9999 -9999 -9999 -9999 -9999 -9999 1012.478 1008.313 1068.2 1126.27 1126.79 1139.32 1100.63 1097.63 1080.1 1101.28 1052.97 1016.81 966.76 905.08 896.07 952.39 998.56 941.91 883.82 895.89 910.71 845.11 878.47 901.59 841.92 803.13 798.45 780.31 780.55 805.37 790.28 785.98 789.79 782.63 776.64 771.06 767.83 745.74 747.32 777.15 785.57 799.71 827.19 807.2447 798.3333 793.6849 803.1818 815 839.0139 868.0602 887.7449 896.63 926.27 950.08 973.0521 984.15 1007.55 1017.35 1022.226
-9999 -9999 -9999 -9999 -9999 -9999 1013.704 1006.85 1036.135 -9999 1070.797 1076.385 1072.66 1031.828 1025.24 -9999 1088.37 1135.97 1181.4 1145.63 1102.46 1066.36 1044.54 1007.72 1011.94 987.02 972.6 910.24 980.6 989.57 961.3 873.79 893.22 959.7 937.5 855.9 822.12 820.5 844.13 817.67 823.97 818.63 801.76 782.61 783.19 774.6 776.85 792.29 791.89 772.33 796.25 773.32 756.09 795.15 831.93 828.42 800.81 826.32 797.52 812.37 804.69 823.62 835.44 848.28 870.89 880.44 899.43 921.23 945.05 964.37 976.93 988.63 995.21
-9999 -9999 -9999 -9999 -9999 -9999 1037.219 1049.14 1067.42 1075.47 1123.34 1219.52 1196.73 1155.19 1094.71 1094.57 1156.19 1168.73 1177.78 1138.44 1109.13 1053.59 1029.1 991.83 973.13 971.87 984.55 942.57 958.86 963.28 905.33 857.74 932.46 971.65 875.43 831.96 831.61 895.58 863.91 870.69 861.04 801.54 892.2 802.64 754.04 771.75 774.58 763.16 767.97 771.38 839.7 801.23 784.72 855.96 1024.48 939.16 979.11 951.03 803.39 837.82 819.13 814.15 818.51 843.25 846.33 852.51 874.71 888.25 903.41 934.56 971.32 955.86 958.21
-9999 -9999 -9999 -9999 966.2688 1038.26 1066.13 1141.51 1192.02 1206.74 1258.62 1253.13 1234.46 1243.38 1211.09 1223.28 1231.09 1204.33 1187.01 1136.64 1109.92 1071.51 1015.8 990.72 980.67 985.04 999.12 943.77 1007.14 953.68 952.92 881.32 919.55 944.11 874.02 842.84 903.72 966.38 868.24 918.37 872.98 884.18 801.93 791.88 749.41 785.53 769.52 766.61 817.45 855.64 820.71 844.77 879.58 824.04 908.72 955.47 904.82 787.77 758.63 785.45 884.76 838.17 825.95 830.28 835.74 823.35 853.34 851.89 871.97 921.22 940.07 933.71 929.08
-9999 -9999 -9999 948.6701 1003.63 1110.95 1142.62 1193.58 1227.73 1264.12 1266.21 1274.07 1240.62 1243.65 1238.3 1223.9 1218.56 1217.7 1232.15 1175.65 1108.76 1079.21 1026.89 1001.93 1000.14 990.73 1011.14 998.72 933.36 923.75 857.59 852.74 931.74 977.23 877.28 953.51 932.91 1063.59 1059.4 1007.84 1076.21 972.76 1012.19 822.31 758.6 910.97 922.68 872.2 917.34 931.81 845.38 893.46 833.91 812.71 879.8 873.42 958.52 944.15 873.28 820.03 850.22 941.44 886.72 821.99 818.29 816.18 826.75 831.43 847.21 855.46 852.36 861.55 869.83
-9999 -9999 -9999 940.1177 1063.384 1126.37 1174.95 1207.57 1229.24 1256.39 1268.17 1272.76 1275.68 1279.79 1273.06 1257.23 1218.66 1232.68 1208.9 1192.97 1126.47 1105.34 1059.35 986.97 955.55 947.38 986.75 961.95 949.88 864.84 859.69 911.55 903.87 956.72 958.38 989.59 1028.44 948.83 933.67 921.06 945.4 886.25 887.39 916.66 859.18 830.4 856.11 813.81 864.24 817.66 749.79 792.51 795.24 783.41 768.92 828.86 917.44 933.73 892.96 822.82 795.42 906.93 862.14 781.54 774.09 777.84 782.56 791.98 798.15 803.94 806.16 805.31 817.81
-9999 -9999 -9999 -9999 1024.69 1162.86 1185.69 1188.46 1244.27 1219.16 1206.52 1295.45 1339.96 1279.98 1262.1 1238.33 1185.74 1171.51 1164.23 1152.29 1141.42 1078.12 1019.16 968.84 930.01 933.22 943.35 974.56 900.62 873.18 931.26 1012.58 1072.22 1048.09 948.72 945.77 914.24 938.96 1011.45 946.39 969.91 955.9 859.39 780.04 861.65 772.43 749.24 730.31 773.65 712.99 703.62 748.77 720.59 756.84 730.58 796.35 802.2 805.11 798.8 744.7 728.49 736.19 742.34 735.71 742.84 739.95 756.12 744.77 756.02 755.42 772.7 772.95 772.26
-9999 -9999 -9999 -9999 1027.25 1071.578 1097.727 1122.033 1316.78 1257.51 1239.02 1234.05 1274.85 1240.36 1226.85 1280.53 1235.92 1225.58 1214.7 1149.55 1142.69 1092.94 1000.12 1014.47 983.78 910.1 982.64 987.79 937.45 938.66 953.96 1092.37 976.46 888.6 806.05 808.32 891.38 975.75 962.6 928.73 843.18 775.22 723.75 703.61 682.97 701.46 645.47 633.99 652.36 636.05 644.48 654.38 655.58 677.66 662.57 696.04 719.77 688.31 691.05 701.42 690.73 687.85 680.46 687.07 703.7 696.55 702.05 721.19 715.2 727.97 743.62 735.09 739.87
-9999 -9999 -9999 -9999 -9999 -9999 1267.12 1206.45 1263.1 1216.34 1276.3 1322.21 1299.05 1370.23 1331.48 1306.02 1301.11 1251.66 1247.64 1230.3 1120.39 1032.22 1064.72 1048.94 982.62 962.7 1013.9 1076.95 1069.52 1005.45 932.64 962.83 841.82 763.24 753.56 728.98 772.24 779.44 754.3 755.19 774.39 748.72 692.08 644.65 621.24 621.93 583.1 574.5 589.69 574.42 602.01 592.83 605.9 607.27 624.01 641.67 644.55 644.94 639.11 651.46 639.48 646.02 645.6 666.34 674.46 674.67 674.39 681.34 679.61 693.06 713.13 702.19 678.83
-9999 -9999 -9999 -9999 -9999 1101.542 1213 -9999 -9999 1302 1313.02 1393.1 1426.4 1440.52 1438 1331.85 1296.89 1292.11 1269.97 1243.6 1111.18 1029.21 1032.51 983.3 892.42 944.44 1024.15 993.43 1010.98 1040.33 920.32 834.66 754.9 692.01 666.57 667.47 657.46 657.58 681.02 717.52 674.8 635.56 618.99 588.06 574.1 562.88 527.87 527.09 532.44 538.73 551.48 548.83 573.56 564.25 588.96 600.8 600.33 603.73 594.38 605.96 603.64 598.81 607.59 626.04 630.47 640.7 642.86 649.39 654.19 663.69 660.49 646.63 635.43
-9999 -9999 -9999 -9999 -9999 -9999 -9999 1148.167 1226.458 1275.8 1355.36 1418.72 1444.23 1437.39 1440.9 1389.04 1327.8 1315.67 1293.49 1209.63 1129.96 1023.44 989.42 890.8 871.13 890.12 935.16 938.29 1003.85 986.37 900.96 768.09 697.35 650.04 640.64 651.76 726.02 768.64 765.89 721.23 641.59 597.59 578.89 544.67 528.73 515.4 498.45 496.05 496.81 504.58 511.31 527.43 534.37 529.6 548.46 561.42 556.59 565.54 565.86 564.91 571.75 566.62 569.31 576.05 580.76 586.96 597.85 616.11 614.65 615.84 606.16 607.44 626.06
-9999 -9999 -9999 -9999 -9999 -9999 -9999 1210.958 1287.63 1406.663 1353.05 1426.47 1475.69 1497.79 1431.3 1338.51 1262.97 1201.37 1149.83 1110.9 1064.53 1015.95 952.55 913.98 939.98 918.43 880.13 854.58 944.61 873.04 811.26 742.92 697.1 751.1 829.86 787.04 844.34 840.96 725.91 648.65 596.45 561.72 546.58 515.51 502.59 491.63 480.61 472.54 473.98 481.17 489.28 500.39 502.68 500.44 515.75 528.13 525.18 524.28 528.22 530.64 531.95 534.93 540.93 543.79 548.57 553.69 567.97 576.28 573.67 571.43 575.44 586.43 594.84
-9999 -9999 -9999 -9999 -9999 -9999 -9999 -9999 -9999 1412.647 1400.634 1442.18 1452.22 1496.39 1437.27 1291 1143.55 1127.37 1046.01 987.97 970.62 1099.64 1102.9 1015.6 975.76 1033.29 1007.22 831.09 787.47 883.75 885.38 787.5 882.09 884.26 821.89 956.78 949.13 846.01 705.67 642.56 591.32 545.8 514.67 495.43 483.21 472.06 464.37 454.26 458.65 463.81 467.08 474.5 472.46 473.91 485.3 494.43 494.86 493.94 496.86 498.53 502.75 504.73 507.62 510.64 517.28 531.24 540.85 541.17 537.22 534.84 541.23 559.53 573.14
-9999 -9999 -9999 -9999 -9999 -9999 -9999 -9999 1328.833 1437.015 -9999 1474.59 1464.26 1443.53 1471.31 1318.27 1109.98 1086.75 1099.86 986.74 987.43 1081.34 1073.12 1143.31 1140.74 1114.18 1145.35 924.07 864.46 913.47 998.51 1003.23 1010.15 974.41 887.38 786.21 804.84 859.36 751.99 633.54 562.13 526.21 499.79 478.09 465.14 455.71 447.49 440 446.25 453.21 448.35 450.04 449.75 451.14 457.98 464.58 467.82 468.95 468.34 471.37 473.08 478.19 481.87 487.92 498.69 515.49 511.79 507.7 510.54 517.37 529.04 540.81 563.15
-9999 -9999 -9999 -9999 -9999 -9999 -9999 -9999 -9999 1395.549 1451.5 1391.23 1344.26 1406.98 1394.81 1248.96 1153.08 1137.63 1102.75 1098.38 1079.72 1078.32 1033.81 1153.09 1226.55 1234 1251.66 1078 908.02 969.78 1004.26 1088.49 1165.64 1097.14 976.67 945.11 874.25 760.34 697.53 610.04 556.06 517.76 495.81 465.89 448.98 439.8 432.49 425.41 433.14 431.1 428.23 429.06 431.35 436.99 440.48 441.83 443.99 448.32 447.81 446.36 449.73 457.16 461.68 473.56 485.57 480.19 481.87 488.49 493.05 498.54 509.73 527.1 570.07
-9999 -9999 -9999 -9999 -9999 -9999 -9999 -9999 1321.11 1491.33 1329.38 1334.97 1276.45 1352.2 1197.07 1247.24 1280.76 1326.81 1249.27 1217.72 1177.26 1088.77 1078.78 1093.39 1146.61 1190.84 1128.75 1012.6 936.66 1009.53 1058.05 1116.5 1066.88 878.45 789.52 765.41 732.72 674.34 612.24 557.68 531.47 498.76 474.82 457.52 434.48 426.64 415.75 413.01 412.19 408.66 411.99 412.42 418.49 423.82 422.18 423.61 423.71 421.88 426.05 422.04 440 452.47 452.72 458.21 453.65 463.82 465.35 471.8 478.45 489.62 504.78 528.41 523.22
-9999 -9999 -9999 -9999 -9999 -9999 -9999 1440.508 1470.24 1373.52 1302.02 1290.43 1304.68 1255.52 1405.51 1498.22 1523.64 1433.51 1323.87 1224.41 1158.9 1110.07 1069.19 1097.23 969.59 1055.57 1039.31 976.75 986.9 999.82 1018.03 1030.11 1006.29 801.86 742.92 704.12 662.03 623.68 578.2 539.04 505.07 476.68 454 439.09 424.78 409.76 400.98 399.34 395.8 400.38 395.57 400.58 407.42 406.9 408.52 408.4 407.86 407.73 407.9 406.07 422.54 425.48 426.41 438.54 448.71 454.95 454.29 457.91 462.62 469.53 480.06 494.64 515.42
-9999 -9999 -9999 -9999 -9999 -9999 -9999 1385.35 1302.54 1317.4 1352.34 1485.36 1395.68 1419.57 1566.13 1451.11 1375.45 1285.74 1280.44 1327.1 1310.3 1216.23 1151.75 1056.77 906.5 972.22 982.77 916.47 923.68 922.91 888.41 880.85 918.92 753.18 707.76 688.6 668.22 608.9 568.72 534.68 503.97 469.23 443.05 423.1 408.07 394.77 388.68 386.19 384.33 383.17 383.64 389.64 396.96 394.56 398.52 399.53 402.37 408.85 414.65 403.76 400.39 412.43 422.88 434.17 445.96 454.42 451.56 455.13 463.03 471.64 477.9 501.45 515.33
-9999 -9999 -9999 -9999 -9999 -9999 -9999 1287.424 1318.83 1415.62 1387.3 1479.09 1319.7 1313.45 1345.9 1317 1285.37 1386.71 1453.1 1412.77 1363.11 1313 1131.51 1061.29 912.16 955.13 999.52 908.28 872.37 891.2 852.7 806.04 777.86 693.55 681.02 638.91 624.22 604.83 586.73 565.28 524.66 486.18 441.56 419.82 399.61 385.03 376.46 371.67 368.74 369.49 373.14 378.08 382.93 387.65 397.86 406.27 409.99 410.9 407.74 394.23 403.35 413.73 420.74 431.21 441.03 446.39 450.3 448.71 454.39 459.9 464.17 475.95 488.13
-9999 -9999 -9999 -9999 -9999 -9999 -9999 -9999 1357.91 1413.64 1258.43 1300.57 1254.5 1268.33 1320.7 1449.52 1486.16 1519.62 1371.43 1383.95 1321.97 1278.12 1188.11 1062.18 911.2 952.25 1000.11 887.14 853.39 815.94 826.92 839.34 743.73 667.64 679.39 621.53 599.3 588.9 550.37 513.65 499.04 475.45 434.65 401.04 384.99 375.5 363.3 359.63 360.96 364.5 362.87 366.74 379.48 390.18 397.95 403.33 405.78 401.45 391.05 394.5 403.89 408.53 416.36 422.02 428.58 433.64 432.93 437.56 443.78 444.9 449.48 453.2 460.1
-9999 -9999 -9999 -9999 -9999 -9999 -9999 -9999 1276.967 1257.857 1296.71 1313.37 1336.45 1266.72 1298.88 1326.44 1322.04 1274.87 1336.74 1371.13 1336.28 1229.65 1102.1 995.29 980.22 1029.24 935.31 847.8 792.47 810.3 841.71 879.27 749.01 708.26 654.13 606.81 607.57 586.39 549.69 508.7 470.98 448.74 422.55 393.9 371.35 358.59 350.3 347.15 350.85 354.81 358.94 369.49 376.59 380.79 389.78 396.23 398.54 390.95 396.2 397.63 400.12 403.43 411.41 419.93 424.36 430.17 418.47 418.06 423.95 431.72 433.17 438.9 444.74
-9999 -9999 -9999 -9999 -9999 -9999 -9999 -9999 1234.763 1273.34 1271.31 1239.7 1175.72 1174.27 1180.23 1259.73 1273.97 1403.85 1397.73 1326.5 1214.92 1164.23 1068.7 1001.9 1114.63 978.16 878.53 795.78 758.61 789.43 827.53 815.46 769.02 688.06 640.51 603.39 586.58 563.42 540.5 502.54 472.41 439.1 406.39 381.61 361.11 344.91 340.46 346.35 348.14 351.5 353.72 354.78 361.28 370.05 380.01 388.45 383.16 384.04 389.29 389.17 393.16 399.91 404.36 403.03 404.59 418.07 412.8 425.77 427.81 429.88 429.08 436.66 440.6
-9999 -9999 -9999 -9999 -9999 -9999 -9999 -9999 -9999 1247.36 1211.88 1202.8 1191.47 1255.66 1202.61 1199.11 1307.2 1282.3 1232.29 1206.65 1133.31 1226 1172.3 1199.55 1107.44 941.35 834.38 776.53 774.06 792.73 789.94 745.82 711.82 644.5 615.51 589.78 580.9 565.15 521.96 487.56 455.75 437.51 404.13 375.32 351.41 331.58 328.41 335.09 337.07 338.71 339.4 343.5 347.56 357.71 362.4 363.4 368.82 374.99 376.72 391.89 394.25 402.68 411.1 411.45 412.24 417.44 428.7 437.05 437.67 439.79 454.17 452.69 459.82
-9999 -9999 -9999 -9999 -9999 -9999 -9999 -9999 -9999 1204.91 1221.45 1204.34 1228.7 1186.28 1190.63 1216.29 1271.15 1259.93 1091.81 1198.66 1308.89 1294.34 1251.23 1155.75 1049.7 992.87 930.77 796.3 790.38 840.03 870.02 731.67 671.88 632.22 610.83 585.05 576.82 555.04 506.63 489.21 460.91 425.59 400.73 370.53 344.95 332.59 328.07 332.65 331.27 329.16 329.48 336.46 339.66 344.86 350.42 360.52 364.05 368.02 374.92 386.36 393.99 400.09 405.49 412.9 415.59 419.22 426.94 448.09 473.08 480.05 473.99 448.15 450.12
-9999 -9999 -9999 -9999 -9999 -9999 -9999 -9999 -9999 1187.808 1181.06 1171.05 1162.28 1170.19 1200.05 1182.22 1259.8 1212.95 1109.88 1244.95 1426.47 1242.59 1221.21 1159.57 1037.14 907.86 857.67 829.47 826.96 768.92 782.53 706.88 680.84 695.19 679.27 632.52 578.46 532.3 516.33 496.12 468.64 438.17 408.03 381.97 357.84 348.86 343.4 336.77 337.17 336.77 336.96 336.93 341.37 345.03 352.16 358.07 359.17 360.05 369.59 373.54 375.23 384.11 392.74 400.1 408.82 416.91 419.28 443.16 467.72 459.11 452.22 451.76 454.13
-9999 -9999 -9999 -9999 -9999 -9999 -9999 -9999 -9999 1174.987 1189.48 1175.63 1214.29 1246.64 1206.41 1154.76 1155.21 1093.61 1267.09 1354.15 1204.43 1153.28 1194.15 1064.63 1088.16 936.06 974.18 928.65 787.37 746.69 740.29 684.65 699.39 709.19 663.77 604.74 552.73 542.79 522.33 493.6 469.53 444.36 421.99 401.02 382.91 370.65 356.92 347.62 337.38 330.14 340.09 337.92 338.16 341.74 342.62 345.53 351.24 355.98 360.38 365.86 370.39 378.95 388.54 401.62 411.03 417.2 424.82 434.7 451.34 444.11 452.01 472.26 505.82
-9999 -9999 -9999 -9999 -9999 -9999 -9999 -9999 -9999 1157.472 1153.3 1151.02 1154.25 1182.52 1155.82 1157.78 1095.18 1267.65 1323.64 1300.54 1068.25 1114.74 1106.38 980.88 965.73 964.36 1017.25 963.69 770 765.2 773.54 723.05 725.22 687.46 652.93 609.37 600.05 570.18 528.97 494.28 464.86 446.89 427.53 416.45 392.65 370.69 361.88 359.85 350 340.3 337.06 337.85 337.74 338.97 340.6 341.3 349.75 352.13 361.46 363.44 370.48 378.78 387.89 401.15 412.47 422.24 429.25 439.68 452.46 459.57 463.04 509.94 599.86
-9999 -9999 -9999 -9999 -9999 -9999 -9999 -9999 -9999 -9999 1118.72 1098.57 1109.11 1144.83 1157.89 1121.15 1147.72 1178.16 1152.67 1173.45 1075.72 1098.2 1071.16 1023.68 1017.53 950.67 894.6 847.17 752.71 803.88 785.45 721.76 692.69 682.01 677.14 638.77 603.22 575.79 545.81 510.9 472.52 441.73 421.77 398.24 378.61 363.69 355.37 355.09 350.82 343.03 337.85 339.53 339.96 341.78 340.4 341.06 348.01 350.57 361.2 364.82 369.82 381.42 392.61 402.53 414.9 434.62 451.02 459.27 468.56 492.48 541.98 591.16 580.51
-9999 -9999 -9999 -9999 -9999 -9999 -9999 -9999 -9999 -9999 1092.083 1120 1087.16 1101.47 1114.42 1179.63 1337.24 1290.5 1430.95 1379.02 1228.03 1249.81 1186.64 1168.35 1144.74 1075.51 964.32 908.44 778.4 759.12 726.03 699.74 668.4 687.1 676.58 641.57 614.72 579.29 552.74 523.13 488.46 457.58 427.7 401.57 379.22 362.35 359.12 360.13 359.26 353.68 344.94 343.43 342.21 342.97 340.82 343.44 347.2 349.36 359.21 365.03 372.7 384.91 392.8 409.43 431.67 449.63 472.19 539.84 550.48 553.31 483.12 483.05 541.08
