layers/wordclim/future/Iberia_wcB2a_10_hadcm3_2050/bio_16.asc
ncols         166
nrows         93
xllcorner     -9.4959440078468
yllcorner     36.000324005443
cellsize      0.083333337679505
NODATA_value  -9999
[rows 33 to 65 of 93, columns 0 to 72 of 166]
-9999 -9999 -9999 -9999 -9999 -9999 -9999 -9999 -9999 -9999 475.4419 499.57 514.51 527.48 529.96 539.54 574.23 640.32 673.14 649.39 637.06 626.01 574.48 520.83 536.59 535.43 475.03 407.69 369.52 374.26 355.2 327.07 328.79 314.49 297.05 277.06 262.63 249.35 231.32 214.7 204.32 194.18 181.61 172.4 165.46 158.14 149.36 138.27 131.93 132.08 130.81 129.65 129.11 128.38 127.41 127.57 128.03 128.79 131.03 134 137.63 140.74 145.07 151.13 161.03 167.32 192.99 210.97 186.67 173.44 169.38 167.61 171.87
-9999 -9999 -9999 -9999 -9999 -9999 -9999 -9999 -9999 -9999 462.3061 484.81 509.75 551.19 628.56 626.79 609.22 558.07 566.24 579.45 602.76 603.57 589.29 551.76 543.77 532.59 476.91 412.4 386.46 390.56 383.43 352.12 326 320.11 304.71 285.35 265.27 247.11 229.06 214.65 204 194.63 185.33 178.37 171.39 163.68 156.35 146.11 137.11 134.81 134.11 132.85 133.89 132.04 129.65 128.21 127.54 128.43 129.57 133.43 137.51 140.63 145.98 153.63 163.6 174.23 212.92 181.87 192.14 185.44 173.51 166.38 161.77
-9999 -9999 -9999 -9999 -9999 -9999 -9999 -9999 -9999 -9999 451.9438 463.8 491.45 577.28 550.26 580.1 569.88 515.64 528.67 553.14 568.64 565.72 551.12 543.93 527.61 526.93 468.46 421.07 407.76 379.78 378.94 367.35 339.59 317.64 307.65 292.05 271.72 249.16 234.3 220.47 208.38 200.6 192.15 186.55 180.35 175.31 165.73 149.38 144.18 139.6 136.94 136.99 138.23 138.64 135.72 130.47 131.81 129.36 130.27 132.72 137.19 142.96 149.58 163.12 194.48 198.37 216.47 202.55 179.3 170.54 168.66 164.24 164.14
-9999 -9999 -9999 -9999 -9999 -9999 -9999 -9999 -9999 446.3784 442.6087 452.98 465.97 487.37 543.56 531.03 549.02 523.13 543.53 545.83 524.57 514.58 506.05 508.11 497.75 471.19 447.58 434.96 430.6 406.94 383.19 375.86 349.35 326.11 303.77 297.31 277.26 254 240.11 229.43 217.29 205.54 200.39 197.35 190.44 174.71 160.97 154.43 150.53 147.83 146.41 147.34 153.74 149.99 150.25 148.49 144.69 135.79 134.99 135.84 153.28 155.01 167.6 174.49 172.06 165.9 168.95 168.3 169.72 173 169.03 165.75 166.6
-9999 -9999 -9999 -9999 -9999 -9999 -9999 -9999 -9999 438.473 441.9072 440.56 446.48 475.91 519.83 579.93 599.89 520.66 504.45 499.44 497.39 506.23 512.01 485.28 454.53 453.79 450.79 487.72 454.13 421.55 403.06 381.62 357.92 325.71 299.26 282.47 273.14 264.63 252.1 242.71 234.98 227.8 209.68 194.08 185 175.97 168.31 163.09 161.3 163.61 167.15 167.4 175.65 172.68 164.39 153.28 141.65 137.22 140.39 148.29 157.95 167.73 167.47 178.43 163.01 158.43 166.58 169.31 168.04 169.92 169.98 169.51 171.06
-9999 -9999 -9999 -9999 -9999 -9999 -9999 -9999 -9999 434.12 438.74 434.4 434.25 453.09 519.8 592.79 488.03 479.56 475.27 487.86 479.59 476.87 467.14 483.07 566.66 570.66 517.72 494.66 462.88 432.47 403.73 393.08 359.59 326.59 306.61 285.62 272.46 281.08 281.01 290.32 249.21 230.34 204.95 190.48 189.35 184.43 173.09 172.06 174.63 171.22 168.54 179.94 199.88 172.45 157.32 157 161.78 160.24 152.65 139.23 143.49 142.07 147.57 157.36 154.32 157.44 160.07 164.53 167.13 172.28 173.17 173.88 174.98
-9999 -9999 -9999 -9999 -9999 -9999 -9999 -9999 422.2258 428.76 433.43 436.18 429.37 457.83 490.48 481.4 467.19 458.29 463.77 464.6 475.86 486.36 580.34 694.67 623.88 551.88 487 494.61 456.76 422.91 407.05 396.76 356.06 332.95 325.54 305.55 286.46 282.58 269.6 254.12 237.76 195.18 186.2 189.13 182.76 190.95 185.17 175.07 170.67 176.36 201.44 220.75 217.6 204.77 205.77 187.32 158.31 144.32 136.31 136.64 135.66 136.39 142.97 147.51 149.47 152.95 157.4 165.68 168.69 173.63 176.79 175.19 176.72
-9999 -9999 -9999 -9999 -9999 -9999 -9999 -9999 416.1648 422.54 427.23 435.13 428.51 462.38 459.58 437.07 443.95 449.32 459.9 480.69 494.34 595.82 767.56 698.25 524.79 450.39 431.6 460.07 458.95 432.43 424.84 404.39 379.59 354.65 332.35 315.52 324.01 288.83 263.88 217.69 195.72 190.4 197.04 193.42 210.39 257.61 231.67 184.92 187.57 218.92 225.4 219.87 214.28 186.94 180.32 162.76 155.51 162.03 164.84 153.05 136.48 136.8 139.44 141.74 143.59 150.87 156.41 164.4 170.27 169.97 174.11 174.13 172.95
-9999 -9999 -9999 -9999 -9999 -9999 -9999 -9999 413.25 418.24 424.76 421.6 420.11 455.01 452.13 431.71 443.12 451.17 460.37 495.57 519.15 571 694.96 663.02 459.82 422.41 427.17 425.17 438.93 452.93 441.78 437.22 395.72 364.26 356.06 312.51 281.33 247.88 225.91 206.31 188.55 191.29 191.8 196.65 264.34 297 230.06 209.94 227.89 244.85 267.06 243.48 217.57 175.61 181.09 178.86 146.58 130.54 135.94 138.28 138.64 138.35 137.26 137.83 143.92 150.63 154.3 161.62 166.66 167.33 168.04 167.55 170.42
-9999 -9999 -9999 -9999 -9999 -9999 -9999 408.5616 406.26 400.58 402.7 403.5 409.87 436.11 437.73 446.64 445.45 467.69 527.07 588.91 609.75 516.14 480.05 455.16 434.73 429.84 407.21 399.01 401.17 401.08 355.78 331.29 375.12 315.23 279.57 255.54 237.07 235.41 209.7 195.64 185.35 177.08 204.96 250.84 209.22 235.36 290.78 274.57 259.1 184.87 207.07 184.58 148.79 134.32 140.08 126.57 128.47 131.3 135.82 138.24 134.29 132.48 134.59 140.41 145.81 149.34 152.05 159.71 162.46 165.42 165.62 165.07 166.5
-9999 -9999 -9999 -9999 -9999 -9999 -9999 -9999 387.9318 392.15 395.47 397.52 422.51 429.5 425.15 477.02 516.94 538.91 539.22 563.66 536.26 476.13 479.35 477.76 452.32 418.01 378.62 370.93 364.26 340.38 317.75 308.11 301.53 273.89 247.11 237.58 233.18 224.18 205.33 194.71 186.36 188.83 210.97 202.37 221.4 186.51 175.47 166.67 153.51 137.33 134.14 132.06 131.85 132.62 132.14 132.49 139.33 143.12 131.73 131.01 131 133.31 137.58 141.64 144.4 145.93 151.29 154.74 157.02 162.31 159.57 160.94 165.18
-9999 -9999 -9999 -9999 -9999 -9999 -9999 378.1333 387.08 386.57 385.36 419.08 436.35 434.93 511.44 557.43 525.13 498.04 498.41 481.21 457.73 505.85 463.3 480.93 412.88 379.79 370.61 354.68 354.56 349.85 329.9 290.87 270.93 249.13 238.04 233.8 222.77 208.44 195.14 186.61 185.36 186.22 183.5 180.57 173.86 155.28 148.67 142.28 139.33 136.98 134.78 133.8 134.06 133.19 132.84 134.61 132.52 129.44 128.96 130.97 132.33 134.59 138.1 140.39 141.37 142.83 148.02 148.8 153.84 155.13 154.81 158.4 159.57
-9999 -9999 -9999 -9999 -9999 -9999 -9999 371.06 383.84 382.99 387.61 432.73 428.61 439.07 484.48 475.65 454.43 464.72 496.98 496.83 494.41 463.71 402.92 402.45 391.08 368.14 355.7 338.01 331.51 320.4 299.32 280.78 276.38 251.79 237.52 225.72 213.43 201.27 194.04 194.61 192.86 182.76 169.26 160.22 153.64 149.48 147.58 144.74 141.29 139.65 138.08 136.65 135.58 135.39 135.39 132.81 132.48 132.02 131.88 133.92 137.13 137.7 137.41 137.55 138.37 141.45 143.32 144.55 147.98 151.69 157.39 162.52 164.33
-9999 -9999 -9999 -9999 -9999 -9999 355.1905 357.93 375.81 385.84 385.95 411.73 410.67 430.53 433.41 427.17 450.07 480.53 496.88 522 456.13 404.71 380.83 382.48 378.48 357.55 321.74 316.4 308.12 307.71 292.87 276.08 261.33 252.55 237.41 226.53 218.11 209.25 207.65 207.02 191.85 179.66 167.75 160.26 156.26 152.04 151.39 151.21 146 143.61 142.9 142.89 139.14 138.79 136.1 136.76 139.22 136.99 135.21 133.77 135.61 136.57 137.13 136.92 139.27 141.28 142.58 144.65 147.79 150.82 155.45 159.12 160.61
-9999 -9999 -9999 -9999 -9999 -9999 351.1429 351.73 364.44 384.2 403.48 401.87 391.2 415.4 408.38 410.65 413.58 431.82 463.45 465.66 410.27 386.2 379.54 377.51 351.88 322.96 317.91 307.69 309.97 294.22 283.29 273.09 259.46 243.67 231.65 227.33 220.65 216.79 203.39 191.87 185.05 176.6 173.42 167.78 163.74 156.44 156.84 157.23 150.38 149.62 148.15 146.43 142.03 142.71 141.58 141.73 143.66 142.95 141.28 141.31 141.62 138.42 141.2 144.9 145.9 148.73 150.97 150.78 150.88 152.14 152.5 153.97 156.14
-9999 -9999 -9999 -9999 -9999 343.375 352.5 356.36 358.81 383.27 388.42 377.42 371.37 385.33 404.81 391.47 409.24 408.55 414.34 396.29 371.23 371.96 357.45 343.39 338.49 337.54 325.46 308.25 305.29 291.16 271.65 262.37 260.89 252.22 239.59 221.49 206.48 203.25 200.41 198.15 190.65 182.59 181.18 178.52 179.14 177.49 171.93 166.66 165.29 164.46 159.76 153.67 152.71 152.18 157.11 153.35 152.44 151.26 151.91 148.97 148.52 147.06 149.14 152.11 150.93 154.18 154.56 155.2 155.66 155.77 154.78 154.9 154.83
-9999 -9999 -9999 -9999 -9999 333.0854 334.78 352.97 375.43 411.2 384.59 371.02 362.43 359.9 378.65 376.28 391.48 404.22 399.18 373.08 356.13 346.24 335.42 339.65 339.23 328.94 313.64 315.91 295.23 282.95 277.45 268.33 261.52 254.34 246.15 227.17 214.13 205.06 198.72 193.67 189.34 183.03 181.29 178.73 177.72 177.01 177.61 179.54 177.63 184.65 174.07 172.6 162.38 158.43 171.01 167.83 168.7 165.68 165.71 161.91 161.76 155.51 155.12 158.58 159.71 158.05 158.88 158.22 156.38 156.41 154.55 154.99 154.99
-9999 -9999 -9999 -9999 -9999 325.7273 334.19 385.97 406.09 400.16 394.62 348.84 343.75 343.72 360.41 365.86 365.51 367.04 362.76 358.82 345.66 351.86 345.68 348.04 332.95 330.74 322.85 323.06 312.02 286.26 265.14 259.84 254.44 243.57 235.66 228.36 219.46 203.56 200.42 193.48 186.73 184.9 183.9 183.58 182.45 182.76 180.01 178.77 197.82 195.45 195.7 177.62 174.78 165.85 165.53 171.97 172.02 170.86 181.71 166.42 176.34 171.59 169.02 166.55 166.49 164.99 161.92 156.56 155.36 155.19 153.97 153.6 153.76
-9999 -9999 -9999 308.5952 309.98 324.08 348.29 374.46 368 346.02 337.04 329.95 328 335.92 333.92 330.07 333.03 331.22 344.18 346.95 353.1 350.84 349.51 350.4 355.75 341.51 329.38 319.09 316.17 295.96 270.83 256.93 244.98 234.17 227.85 222.68 217.02 214.48 205.03 199.35 191.86 188.55 187.21 189.22 189.28 204.9 193.03 188.32 200.57 207.58 182.69 173.58 168.82 168.41 161.22 161.97 160.62 162.16 165.68 162.89 165.91 162.56 160.27 157.76 169.84 176.36 170.45 162.88 158.34 158.19 155.23 153.5 153.15
-9999 -9999 301.4688 303.6512 312.78 322.15 337.63 325.83 327.52 331.72 322.17 317.73 323.41 341.88 340.65 338 333.53 341.48 345.51 340.86 337.15 340.07 342.91 346.48 374.19 386.23 362.52 338.64 315.31 297.47 283.07 269.09 248.35 246.78 234.64 221.52 214.21 209.79 205.87 203.52 198.58 196.85 196.56 193.73 191.29 202.22 203.5 196.86 188.38 184.19 178.88 169.76 170.33 165.23 163.99 161.74 162.46 163.78 165.45 169.85 171.25 171.22 162.06 164.18 166.69 165.73 169.43 163.9 159.23 161.07 163.57 155.99 151.88
-9999 -9999 309.14 314.12 316.89 322.01 322.13 316.12 319.64 318.52 310.68 310.91 325.72 329.6 332.89 335.7 333.66 328.01 326.28 327.22 320.51 322.62 322.8 327.36 344.1 382.89 370.67 320.84 287.26 280.21 267.77 249.63 238.25 238.24 227.89 224.76 221.89 210.35 209.6 210.21 205.11 202.14 201.26 192.64 183.85 186.55 180 179.79 177.58 182.16 179.63 172 170.43 167.78 174.29 169.51 167.5 169.09 166.43 166.86 165.4 160.21 158.09 160.94 167.51 164.88 160.46 160.87 164.84 162.89 167.57 155.54 150.39
-9999 -9999 312.51 317.26 322.64 345.39 318.2 315.59 314.18 308.07 306.28 315.82 318.37 319.21 322.86 325.17 319.09 313.19 317.99 314.71 307.71 310.4 319.04 316.43 313.01 318.16 317.91 301.93 275.11 261.72 261.12 239.3 233.23 230.59 226.66 225.11 221.87 216.66 213.7 211.18 220.02 207.34 191.43 189.04 184.83 183.81 180.38 180.44 178.05 179.11 180.14 178.05 174.41 173.54 176.1 180.3 175.76 172.71 168.68 170.05 173.79 166.4 159.15 158.48 164.64 163.09 158.22 154.06 153.55 157.74 153.8 149.38 149.04
-9999 319.1719 319.15 325.62 339.44 326.98 312.73 313.83 305.24 302.0842 305.6 310.75 313.57 315.81 315.37 314.04 305.44 308.23 307.51 301.08 298.09 298.75 300.85 307.56 302.51 296.6 284.2 277.41 261.66 246.02 241.55 229.71 229.1 224.52 222.06 219.21 213.35 209.99 212.69 207.09 202.49 192.65 189.85 186.81 184.86 185.52 183.33 182.06 181.1 181.49 182.28 180.87 182.75 183.59 181.63 183.34 185.88 177.76 174.13 177.61 177.84 172.36 167.04 162.86 163.53 162.16 155.67 152.02 150.92 150.18 150 150 149.93
-9999 332.6 333.32 342.29 346.63 333.94 307.8404 303.5555 299.1609 301.26 305.69 305.7 306.71 304.78 300.99 299.91 298.7 299.31 298.18 295.55 291.72 291.14 288.86 285.1 284.8 281.57 271.39 258.41 253.76 241.54 225.62 222.43 217.35 215.43 215.27 211.33 208.19 204.55 205.76 206.49 201.02 192.88 191.63 190.19 189.34 188.43 188.21 191.92 192.86 186.09 186.95 188.26 185.44 186.26 185.91 186.35 188.73 187.31 181.44 176.78 173.35 177.84 172.77 165.57 166.4 158.96 154.6 152.71 152.04 151.97 151.74 151.7 150.51
-9999 353.2551 363.11 362 360.99 335 307.7342 300.2 298.48 300.01 298.96 296.08 292.02 292.7 292.84 291.95 289.19 285.17 285.54 292.34 292.15 292.36 289.06 284.51 280.22 279.04 277.72 265.58 241.57 229.12 221.44 217.66 214.5 213.62 212.06 209.54 206.23 204.01 205.49 205.41 197.94 196.18 195.72 195.48 196.58 195.45 195.4 194.65 194.86 196.16 194.89 191.12 194.14 201.83 194.39 194.15 191.86 187.79 184.46 185.76 178.94 176.18 174.4 169.63 168.21 161.75 158.1 155.47 154.49 154.15 154.12 153.83 153.69
-9999 369.18 375.64 364.55 337.65 321.0833 304.6173 300.01 297.95 298.71 299.44 296.58 293.75 294.68 288.33 288.27 287.01 286.68 284.17 284.7 284.06 284.54 295.94 295.44 284.59 273.48 278.22 263.03 234.07 223.06 219.23 217.89 216.38 213.36 212.53 209.91 209.01 209.68 207.52 204.11 204.44 204.33 203.04 205.55 206.15 205.99 205.77 200.88 201.83 202.62 202.44 199.44 196.47 200.95 195.1 195.26 196.38 195.09 196.06 193.88 185.78 181.25 181.78 176.11 170.32 166.33 162.22 159.43 160.24 159.46 159.06 162.38 159.02
372.1234 379.57 380.3 358.07 327.6915 -9999 -9999 299.64 297.01 295.5 292.51 293.2 291.64 291.98 289.98 289.78 291.17 289.97 284.93 286.17 282.3 282.02 280.36 289.59 289.23 264.07 251.22 238.01 228.11 225.17 223.51 223.67 220.28 219.99 218.1 216.82 218.8 217.79 212.41 215.58 216.27 217.4 218.48 215.83 222.78 214.8 214.78 209.53 211.45 211.96 213.86 211.93 209.19 200.66 204.56 202.61 198.99 195.55 199.2 196.09 195.62 189.57 184.66 182.91 179.53 175.45 176.98 170.34 164.55 162.78 161.91 161.58 160.17
354.54 360.831 356.1757 343.4935 324.9778 306.5 302.4944 295.83 293.7 293.84 293.28 290.68 288.32 286.78 289.55 292.6 295.96 293.81 286.61 282.31 280.98 275.51 282.66 277.99 264.04 259.16 236.98 230.69 232.3 229.15 229.29 228.13 225.05 224.27 223.86 222.08 223.15 224.25 220.58 216.67 221.93 227.77 229.09 224.36 224.2 224.39 221.8 223.99 224.1 227.09 223.7 220.03 213.33 209.26 207.95 203.89 201.68 202.72 201.45 199.9 201.53 202.46 196.41 190.52 186.34 185.83 187.48 180.64 169.34 168.25 168.3 164.77 163.64
-9999 -9999 -9999 329.973 317.4805 308.869 303.3 296.49 290.47 287.69 286.23 285.81 284.98 289.91 293.63 292.18 294.03 291.54 284.49 272.18 267.4 261.69 260.22 260.62 251.63 240.53 234.98 231.35 235.01 238.25 241.18 237.9 233.17 231.41 231.82 229.33 230.2 231.96 230.19 226.18 231.08 233.13 236.89 237.87 232.48 237.29 235.63 239.84 234.87 228.5 224.34 221.64 219.3 218.53 221.96 213.44 214.63 217.45 213.39 212.21 210.14 209.74 206.68 199.41 197.36 193.07 185.65 180.35 183.45 173.41 175 171.13 168.19
-9999 -9999 -9999 -9999 318.22 312.18 309.3839 293.9647 284.2747 281.4066 284.15 278.64 277.05 285.17 283.93 282.72 286.7 280.38 270.42 265.67 260.45 255.4 253.69 254.99 250.86 238.96 230.44 233.04 235.16 242.49 245.65 250.75 258.72 250.45 254.94 239.06 238.08 243.23 241.41 237.29 232.76 246.79 246.27 243.8 240.44 248.33 251.86 245.23 241.53 234.86 234.48 234.5 233.5 229.96 228.3 224.4 221.05 218.94 221.26 229.23 229.43 220.46 214.07 208.02 197.59 195.38 194.84 188.81 183.84 183.84 180.73 178.47 176.65
-9999 -9999 -9999 -9999 322.1482 320.0714 -9999 285.6471 -9999 275.9231 274.64 272.96 272.02 269.31 271.33 272.57 267.71 264.19 261.91 260.8 254.85 249 250 246.79 242.14 233.29 229.53 232.44 234.58 239.53 245.73 254.68 270.91 273.46 270.12 257.99 245.9 255.33 253.38 248.79 241.76 244.77 249.18 253.35 251.94 254.73 252.81 249.76 249.8 250.2 245.48 245.66 244.81 239.95 240.21 239.2 235.97 232 227.13 224.4 226.52 234.81 230.36 225.08 218.72 203.64 194.3 199.48 203.04 204.46 201.76 186.22 180.87
-9999 -9999 -9999 -9999 -9999 -9999 -9999 -9999 276.9286 275.1939 271.9053 266.55 264.4 265.66 261.79 269.53 265.15 259.96 260.51 264.12 256.83 250.47 243.97 239.92 234.19 228.1 231.34 232.36 234.62 242.05 244.82 256.73 264.75 245.24 250.61 252.68 259.19 260.61 261.48 262.63 257.58 255.04 260.59 256.35 259.33 259.29 257.97 259.6 259.99 257.69 257.47 258.44 256.34 253.18 251.28 250.16 247.67 243.32 241.94 238.28 231.4 228.24 222.47 224.63 221.33 217.14 199.29 205.77 201.41 199.32 200.22 190.78 183.35
-9999 -9999 -9999 -9999 -9999 -9999 -9999 -9999 -9999 272.75 272.13 268.06 261.24 258.22 251.7 255.47 257.17 259.66 258.86 254.7 256.4 259.52 248.27 237.13 232.19 228.64 230.61 230.82 234.37 237.04 244.03 248.89 245.48 243.43 247.35 249.51 255.78 261.98 267.96 270.82 271.45 269.03 268.69 268.33 267.08 266.81 264.2 266.62 266.45 262.56 262.02 261.33 266.92 270.16 261.86 258.05 258.46 253.92 251.59 248.02 245.64 240.75 235 222.69 225.49 218.27 206.37 204.47 200.75 192.25 187.38 181.78 171.51
