layers/wordclim/future/Iberia_wcB2a_10_hadcm3_2050/bio_04.asc
ncols         166
nrows         93
xllcorner     -9.4959440078468
yllcorner     36.000324005443
cellsize      0.083333337679505
NODATA_value  -9999
[rows 31 to 61 of 93, columns 0 to 69 of 166]
-9999 -9999 -9999 -9999 -9999 -9999 -9999 -9999 -9999 -9999 3905.054 4078.82 4240.12 4447.33 4644.44 4794.73 4997.08 5183.87 5319.13 5467.37 5596.55 5760.44 5831.47 5947.86 6052.56 6141.55 6203.58 6275.37 6335.49 6428.43 6504.53 6577.62 6629.4 6710.17 6763.92 6823.99 6887.4 6953.86 6980.18 7034.25 7087.55 7121.2 7148.73 7167.71 7194.53 7198.35 7173.35 7151.2 7135.47 7137.86 7167.12 7185.08 7217.01 7238.21 7263.11 7285.7 7311.79 7340.25 7351.47 7377.52 7403.06 7423.32 7450.04 7471.68 7501.71 7511.08 7486.95 7481.87 7459.1 7415.95
-9999 -9999 -9999 -9999 -9999 -9999 -9999 -9999 -9999 -9999 3866.56 4062.06 4207.14 4398.29 4599.43 4832.94 5074.8 5209.71 5345.19 5493.12 5648.2 5755.87 5861.76 5954.72 6059.27 6149.11 6248.11 6312.93 6370.43 6438.91 6520.17 6592.98 6656.43 6731.86 6803.62 6837.93 6910.89 6967.94 7022.11 7063.78 7101.11 7139.95 7182.45 7205.04 7235.61 7239.2 7196.4 7153.5 7134.72 7129.02 7177.86 7199.1 7230.44 7266.57 7293 7317.28 7340.48 7355.55 7376.82 7410.42 7428.39 7458.8 7509.59 7523.81 7540.6 7534.26 7478.67 7322.54 7330.88 7331.28
-9999 -9999 -9999 -9999 -9999 -9999 -9999 -9999 -9999 -9999 3780.64 4025.82 4245.88 4462.3 4646.18 4843.48 5051.39 5201.66 5346.46 5495.88 5613.31 5715.89 5844.79 5974.61 6059.58 6128.61 6244.09 6334.81 6394.43 6487.55 6558.34 6624.86 6693.66 6761.47 6825.81 6884.81 6934.82 6986.55 7044.69 7081.42 7130.61 7160.38 7206.85 7243.92 7258.68 7270.13 7243.65 7151.76 7111.74 7145.02 7177.13 7229.71 7248.64 7275.94 7310.04 7336.07 7356.16 7382.72 7394.39 7420.02 7437.07 7483.64 7531.51 7567.03 7592.19 7540.91 7296.89 7239.37 7418.62 7537.72
-9999 -9999 -9999 -9999 -9999 -9999 -9999 -9999 -9999 -9999 3687.367 3955.85 4218.2 4505.79 4781.44 4943.53 5073.83 5191.22 5362.67 5517.92 5626.6 5734.57 5845.26 5963.18 6058.41 6153.02 6240.57 6357.95 6425.23 6507.9 6575.92 6654.1 6716.65 6782.56 6857.33 6915.82 6964.89 7016.55 7074.36 7131.15 7159.12 7198.37 7236.66 7262.19 7282.98 7272.1 7248.87 7186.46 7163.26 7196.73 7213.43 7249.76 7277.12 7305.99 7335.76 7351.91 7364.57 7397.32 7409.23 7405.28 7433.83 7487.64 7552.54 7585.27 7563.15 7475.39 7221.97 7470.08 7392.8 7481.84
-9999 -9999 -9999 -9999 -9999 -9999 -9999 -9999 -9999 -9999 3628.045 3869.7 4168.52 4565.81 4689.39 4893.24 5038.58 5156.12 5342.04 5501.87 5640.15 5757.97 5871.31 5977.87 6084.82 6168.27 6263.56 6362.18 6446.55 6523.85 6599.28 6661.18 6746.91 6811.74 6882.22 6930.68 6989.38 7045.58 7100.3 7136.08 7177.8 7213.08 7243.98 7275.36 7276.77 7285.2 7274.33 7249.64 7241.68 7244.73 7254.79 7302.29 7312.83 7326.06 7335.12 7374.81 7379.91 7400.24 7389.33 7400.41 7422.53 7457.23 7499.08 7465.95 7275.09 7273.09 7225.63 7350.89 7573.85 7698.38
-9999 -9999 -9999 -9999 -9999 -9999 -9999 -9999 -9999 3361.054 3573.402 3838.42 4114.92 4387.3 4696.74 4853.88 5041.62 5184.59 5362.51 5506.9 5637.83 5763.22 5891.76 6002.24 6099.71 6200.64 6292.79 6365.57 6464.25 6531.93 6618.05 6690.35 6766 6834.56 6903.34 6952.84 7001.38 7068.51 7119.35 7161.18 7205.79 7239.75 7267.02 7294.32 7301.61 7311.42 7314.64 7302.44 7295.21 7299.99 7318.96 7330.81 7316.97 7329.77 7342.12 7350.61 7339.85 7374.22 7366.45 7367.11 7348.89 7381.36 7384.52 7406.49 7484.04 7615 7647.88 7709.67 7733.28 7723.78
-9999 -9999 -9999 -9999 -9999 -9999 -9999 -9999 -9999 3357.892 3593.732 3835.63 4081.2 4388.51 4679.1 4929.48 5093.03 5199.44 5345.71 5494 5641.17 5765.83 5905.33 6009.36 6121.46 6210.9 6294.96 6345.94 6458.01 6539.99 6624.48 6713.32 6780.01 6868.19 6932.08 6978.68 7042.11 7088.3 7138.56 7183.53 7215.76 7237.88 7289.96 7311.94 7331.46 7350.54 7350.17 7332.23 7341.02 7340.31 7341 7343.91 7350.6 7354.32 7356.64 7371.62 7402.34 7398.02 7372.25 7370.01 7386.56 7383.13 7425.51 7404.28 7606.28 7738.13 7709.52 7729.42 7806.77 7822.56
-9999 -9999 -9999 -9999 -9999 -9999 -9999 -9999 -9999 3434.98 3644.91 3885.64 4119.02 4394.54 4708.92 4948.43 5026.94 5186.55 5349.63 5505.26 5647.15 5777.76 5912.69 6017.03 6061.37 6143.17 6255.94 6362.11 6460.95 6564.19 6654.28 6715.73 6807.48 6876.2 6947.62 7001.41 7072.3 7104.13 7130.06 7153.51 7223.72 7277.05 7312.73 7350.9 7366.27 7360.31 7385.53 7389.49 7385.98 7394.1 7409.07 7388.47 7366.27 7405.96 7417.18 7435.9 7410.06 7404.24 7427.08 7487.55 7483.04 7565.84 7605.51 7609.92 7734.17 7776.81 7815.5 7836.13 7854.16 7862.98
-9999 -9999 -9999 -9999 -9999 -9999 -9999 -9999 3384.774 3532.31 3728.93 3977.7 4189.65 4457.56 4703.96 4876.3 5036.14 5184.54 5367.06 5522.92 5675.39 5807.68 5880.88 5892.02 6025.75 6169.81 6301.33 6375.78 6485.94 6591.99 6665.47 6723.52 6828.23 6889.07 6955.22 7016.81 7085.02 7121.37 7169.17 7218.59 7258.74 7337.64 7365.29 7387.85 7406.88 7404.43 7404.25 7444.3 7443.64 7431.91 7406.32 7390.93 7396.26 7406.69 7410.39 7444.1 7481.6 7529.07 7594.09 7615.85 7675.73 7747.5 7742.48 7777.77 7824.78 7861.25 7867.67 7867.11 7897.8 7894.72
-9999 -9999 -9999 -9999 -9999 -9999 -9999 -9999 3443.648 3621.53 3828.57 4082.92 4265.85 4550.98 4719.66 4860.43 5047.85 5214.27 5392.67 5547.83 5706.95 5774.37 5765.15 5911.29 6142.64 6261.92 6369.48 6427.49 6509.2 6612.18 6656.42 6747.8 6824.59 6897.34 6984.38 7037.54 7074.29 7139.8 7202.65 7265.95 7320.1 7343.47 7391.82 7411.67 7406.79 7366.58 7393.41 7466.42 7465.95 7424.56 7424.64 7431.89 7439.95 7487.08 7487.72 7519.35 7546.72 7561.99 7545.59 7590.3 7757.6 7818.63 7850.17 7883.2 7914.53 7917.15 7930.35 7911.71 7913.94 7958.36
-9999 -9999 -9999 -9999 -9999 -9999 -9999 -9999 3518.57 3712.25 3927.43 4151.64 4342.69 4611.1 4779.96 4905.67 5098.36 5259.38 5425.99 5576.63 5704.24 5814.59 5836.5 5953.72 6205.22 6309.99 6400.54 6486.6 6539.18 6602.79 6661.84 6734.8 6826.36 6911.8 6975.2 7048.82 7111.58 7192.81 7244.27 7293.45 7326.47 7373.83 7415.73 7444.62 7383.3 7360.34 7444.06 7469.17 7456.74 7443.25 7432.61 7458.01 7493.94 7564.76 7555.77 7582.88 7677.54 7757.04 7755.5 7755.49 7796.21 7858.39 7911.89 7940.76 7953.09 7962.54 7980.57 7973.91 7968.57 8001.4
-9999 -9999 -9999 -9999 -9999 -9999 -9999 3440.151 3590.05 3744.69 3949.93 4172.08 4398.64 4639.41 4816.59 4971.18 5135.74 5291.33 5465.23 5582.59 5679.75 5871.19 6002.24 6125.42 6246.91 6331.16 6441.12 6520.49 6592.59 6666.69 6752.09 6820.95 6863.11 6973.51 7045.28 7101.26 7147.85 7218.76 7277.02 7309.26 7354.85 7391.95 7433.85 7414.61 7479.37 7465.66 7412.69 7434.85 7471.45 7569.7 7558.95 7592.33 7674.98 7723.52 7715.27 7786.97 7797.33 7811.19 7820.37 7836.8 7914.3 7952.61 7979.7 7987.98 7995.6 8015.35 8031.52 8020.23 8030.92 8028.74
-9999 -9999 -9999 -9999 -9999 -9999 -9999 -9999 3611.705 3795.73 4001.52 4212.8 4484.93 4673.87 4828.54 5000.75 5188.5 5326.57 5487.7 5606.51 5733.35 5906.48 6030.06 6131.33 6250.49 6361.94 6462.5 6559.58 6631.26 6715.58 6778.74 6840.43 6916.64 6992.03 7037.1 7091.74 7178.56 7230.2 7288.39 7318.83 7382.19 7437.58 7464.55 7506.2 7512.39 7574.41 7585.5 7601.74 7641.87 7670.09 7692.07 7721.39 7756.95 7776.21 7802.99 7818.43 7827.49 7823.87 7895.48 7943.91 7969.25 7991.57 8027.07 8044.58 8059.03 8081.64 8085.46 8084.88 8076.8 8062.35
-9999 -9999 -9999 -9999 -9999 -9999 -9999 3483.493 3668.18 3831.3 4020.23 4291.02 4519.24 4699.73 4902.52 5054.81 5201.51 5353.85 5490.01 5639.1 5776.03 5904.87 6061.34 6144.04 6311.35 6404.13 6493.38 6569.59 6656.42 6723.54 6783.06 6858.39 6920.43 6999.86 7048.44 7117.11 7184.3 7242.84 7290.15 7351.78 7396.28 7465.23 7504.59 7547.44 7589.28 7603.67 7614.96 7636.14 7674.55 7708.03 7735.13 7755.65 7795.93 7821.82 7850.05 7867.13 7887.67 7905.08 7940.01 7974.27 8019.22 8050.9 8072.8 8097.84 8123.03 8137.56 8148.53 8137.21 8124.55 8102.45
-9999 -9999 -9999 -9999 -9999 -9999 -9999 3504.15 3709.26 3871.92 4073.9 4351.52 4522.26 4711.34 4905.05 5050.74 5195.05 5360.94 5494.51 5648.72 5777.34 5936.92 6077.4 6221.66 6348.83 6431.36 6497.08 6581.7 6656.68 6724.18 6781.72 6859.33 6944.69 7008.9 7070.26 7127.15 7183.1 7251.24 7301.35 7385.33 7430.95 7488.19 7505.67 7552.79 7590.05 7617.04 7633.61 7674.15 7716.99 7741.03 7777.64 7794.48 7816.3 7874.2 7901.81 7906.94 7936.91 7964.79 7994.18 8022.61 8055.67 8081.95 8112.17 8145.61 8174.12 8198.7 8200.54 8171.86 8158.06 8135.09
-9999 -9999 -9999 -9999 -9999 -9999 3365 3499.46 3728.35 3920.9 4112.13 4332.83 4510.73 4720.06 4869.54 5025.21 5196.56 5368.38 5502.07 5625.87 5802.35 5940.26 6067.38 6240.32 6374.37 6434.37 6463.36 6558.06 6644.81 6719.41 6788.49 6868.4 6938.82 7022.25 7094.15 7143.65 7217.76 7282.85 7353.2 7419.44 7460.44 7502.35 7531.35 7574.88 7603.03 7643.74 7683.8 7716.15 7754.04 7785.03 7804.31 7834.6 7873.28 7893.27 7917.47 7940.11 7976.04 8008.27 8028.65 8053.45 8079.9 8121.37 8152.04 8179.25 8203.57 8219.33 8216.75 8196.53 8173.4 8161.83
-9999 -9999 -9999 -9999 -9999 -9999 3369.775 3533.03 3734.61 3957.54 4182.38 4328.16 4483.73 4683.52 4846.42 5006.77 5165.53 5339.11 5501.68 5629.16 5773.28 5916.56 6069.87 6231.65 6310.93 6352.71 6462.24 6551.32 6643.02 6702.63 6773.44 6868.24 6945.02 7016.08 7093.13 7145.68 7231.31 7303.17 7363.53 7415.49 7473.49 7518.62 7575.38 7608 7662.25 7681.82 7712.05 7747.79 7774.02 7809.83 7835.9 7874.37 7893.37 7924.13 7954.79 7986.77 8012.56 8034.1 8057.31 8084.18 8126.25 8147.67 8162.18 8179.28 8200.82 8201.22 8201.46 8184.05 8185.21 8176.5
-9999 -9999 -9999 -9999 -9999 3259.5 3414.69 3590.23 3767.48 3985.04 4171.58 4301.83 4466.28 4657.59 4854.18 4989.14 5162.56 5318.11 5469.1 5597.13 5732.3 5876.06 5998.16 6125.16 6251.13 6374.36 6460 6541.07 6619.04 6698.54 6779.58 6848.71 6957.76 7043.12 7111.89 7164.42 7217.48 7315.02 7371.42 7444.7 7487.11 7557.54 7595.7 7656.25 7685.18 7722.95 7766.67 7785.47 7818.72 7859.65 7880.34 7902.63 7935.84 7966.95 7986.03 8016.63 8044.67 8059.55 8065.87 8094.24 8131.29 8162.77 8178.27 8181.75 8198.26 8181.87 8195.13 8205.7 8192.25 8182.44
-9999 -9999 -9999 -9999 -9999 3251.073 3421.2 3631.61 3839.49 4086.33 4188.56 4322.93 4465.42 4633.77 4813.55 4973.04 5149.55 5313.4 5443.14 5565.14 5691.42 5819.51 5937.75 6101.88 6212.75 6327.92 6409.38 6513.1 6590.18 6667.57 6772.91 6850.81 6944.04 7030.29 7109.89 7180.84 7255.02 7321.56 7392.02 7461.26 7512.79 7557.97 7621.04 7670.47 7718.39 7751.96 7786.12 7818.04 7850.64 7873.49 7911.55 7937.41 7978.05 7991.46 7991.26 8026.22 8047.61 8072.22 8078.42 8112.49 8119.89 8147.94 8168.63 8176 8177.87 8190.44 8194.24 8206.7 8199.89 8180.85
-9999 -9999 -9999 -9999 -9999 3257.939 3460.62 3734.35 3950.45 4109.37 4221.91 4303.67 4451.28 4607.93 4789.43 4956.81 5105.27 5250.65 5378.76 5532.28 5653.21 5809.72 5919.11 6060.35 6157.49 6284.25 6391.23 6487.65 6581.26 6658.97 6751.92 6834.92 6928 7028.34 7113.2 7184.95 7276.16 7331.09 7402.68 7460.03 7508.17 7568.96 7637.83 7670.14 7726.88 7769.55 7798.11 7847.82 7870.75 7889.59 7921.28 7962.02 7983.61 8014.34 8038.45 8052.28 8070.6 8096.29 8071.14 8130.21 8101.07 8121.96 8144.3 8161.9 8168.77 8186.12 8195.91 8207.36 8206 8198.31
-9999 -9999 -9999 2951.833 3091.21 3298.84 3537.4 3767.37 3906.32 4007.26 4137.53 4290.42 4441.29 4617.51 4760.24 4893.4 5047.12 5193.57 5349.26 5505.53 5646.07 5774.93 5877.17 6008.75 6107.59 6220.74 6334.51 6429.89 6531.03 6641.32 6727.86 6823.29 6916.58 7001.77 7088.62 7172.42 7263.91 7349.49 7410.67 7477.89 7532.25 7589.1 7644.71 7676.17 7746.71 7781.83 7828.17 7868.17 7881.71 7908.27 7947.15 7988.55 8014.69 8029.29 8063.03 8083.99 8108.64 8123.34 8135.22 8163.71 8175.33 8181.91 8187.61 8203 8181.37 8158.94 8175.64 8186.18 8203.01 8183.89
-9999 -9999 2771.5 2942.047 3148.79 3353.59 3563.99 3695.31 3852.51 4016.32 4134.25 4291.07 4449.07 4645.56 4782 4920.52 5055.45 5212.38 5346.66 5469.67 5607.77 5729.03 5846.13 5965.84 6032.98 6143.97 6273.18 6378.01 6501.9 6611.26 6720.62 6817.47 6918.39 7003.15 7080.43 7170.02 7247.62 7329.01 7407.79 7480 7530.31 7601.11 7642.96 7695.55 7745.7 7799.7 7845.88 7864.57 7907.44 7935.9 7972.6 7991 8025.66 8048.24 8075.68 8100.66 8114.7 8147.82 8162.71 8174.15 8176.58 8177.63 8197.01 8197.88 8203.23 8208.45 8190.62 8194.07 8196.79 8182.96
-9999 -9999 2854.71 3051.22 3227.11 3414.28 3587.79 3735.69 3886.67 4035.82 4154.69 4321.54 4491.43 4656.84 4787.39 4916.16 5064.06 5178.78 5314.16 5439.95 5555.15 5685.8 5796.82 5911.9 6007.21 6101.04 6224.82 6347.75 6482.74 6592.26 6696.55 6798.93 6889.57 6984.3 7061.38 7157.68 7245.02 7315.05 7410.82 7476.83 7543.47 7583.17 7647 7687.55 7733.13 7780.42 7825.06 7875.33 7892.94 7946.49 7972.68 7993.79 8022.2 8048.12 8094.31 8109.22 8135.2 8161.65 8169.86 8181.61 8197.57 8200.88 8201.94 8206.56 8203.8 8218.82 8210.33 8199.21 8191.15 8178.63
-9999 -9999 2953.37 3138.54 3323.13 3560.08 3657.48 3797.96 3939.31 4064.84 4192.34 4372.44 4504.54 4646.49 4787.17 4910.42 5037.86 5154.27 5303.46 5405.85 5536.02 5663.15 5775.47 5884.28 6005.59 6103.99 6201.83 6340.42 6465.25 6578.64 6678.85 6776.02 6867.95 6963.2 7056.43 7147.1 7223.25 7306.12 7399.45 7463.91 7523.16 7571.61 7609.85 7671.32 7713.41 7773.57 7816.55 7852.97 7881.38 7929.13 7972.53 8014.76 8041.52 8068.87 8109.17 8128.77 8145.18 8142.36 8164.95 8183.97 8190.99 8202.15 8187.39 8200.06 8216.72 8207.03 8191.54 8177.77 8177.42 8172.33
-9999 2940.375 3074.59 3267.01 3476.72 3594.85 3717.24 3855.71 3973.32 4106.095 4248.41 4391.23 4534.38 4659.92 4780.19 4904.76 5020.53 5153.66 5259.28 5383.38 5503.04 5626.78 5745.18 5859.67 5972.95 6093.78 6204.85 6330.67 6450.08 6557.9 6660.04 6750.35 6829.81 6931.5 7019.92 7114.43 7196.01 7282.75 7365.8 7442.62 7493.2 7542.02 7589.77 7658.21 7697.74 7755.25 7791.71 7830.53 7881.86 7929.26 7970.49 8024.23 8054.89 8080.06 8104.01 8130.29 8152.56 8154.05 8172.05 8195 8184.24 8190.93 8186.42 8191.9 8214.51 8198.82 8173.61 8155.78 8151.4 8146.49
-9999 3050.69 3209.54 3401.94 3589.04 3711.52 3780.245 3900.244 4017.69 4158.78 4301.26 4426.2 4557.33 4659.66 4767.75 4891.27 5010.59 5140.5 5246.41 5369.32 5481.83 5597.51 5725.23 5833.67 5963.91 6075.55 6197.48 6323.91 6434.32 6554.62 6645.11 6725.14 6813.61 6893.64 6976.7 7077.02 7149.71 7241.06 7330.71 7411.28 7469.11 7526.81 7569.59 7633.78 7681.2 7747.63 7794.38 7847.91 7903.07 7932.12 7979.68 8020.22 8037.22 8058.76 8095.18 8124.18 8145.24 8164.38 8182.68 8187.8 8188.64 8202.87 8201.34 8195.98 8201.17 8177.86 8161.04 8146.36 8124.8 8127.66
-9999 3206.041 3380.23 3549.22 3720.96 3811.897 3861.721 3975.81 4080.96 4202.4 4317.45 4425.73 4551.4 4648.83 4774.12 4886.44 5006.94 5113.49 5226.36 5361.63 5468.15 5577.41 5714.08 5817.8 5938.95 6051.79 6187.17 6303.28 6424.29 6547.03 6646.71 6697.36 6763.97 6845.72 6950.77 7037.52 7133.41 7218.41 7304.1 7366.39 7428.18 7499.52 7562.51 7631.23 7687.36 7744.38 7794.18 7858.98 7890.05 7941.33 7973.44 7982.23 8034.72 8080.59 8098.84 8135.84 8136.22 8158.68 8184.02 8194.56 8190.67 8190.01 8198.79 8195.79 8197.33 8175.47 8164.92 8142.74 8149.63 8140.53
-9999 3317.14 3486.8 3649.79 3782.37 3855.35 3938.074 4032.7 4142.16 4251.63 4355.23 4472.49 4563.58 4674.76 4783.84 4897.82 5001.02 5109.9 5214.05 5334.46 5446.6 5564.26 5705.73 5818.75 5934.59 6044.11 6169.09 6306.12 6404.68 6536.95 6644.05 6698.51 6732.02 6820.23 6926.95 6996.63 7114.57 7200.27 7271.99 7342.29 7417.81 7482.86 7559.11 7631.51 7689.32 7754.53 7801.96 7845.25 7882.16 7920.31 7974.83 7991.23 8023.68 8065.11 8096.58 8122.67 8133.97 8159.33 8189.08 8193.19 8198.42 8188.3 8210.38 8206.81 8195.47 8177.62 8165.89 8155.01 8156.19 8165.01
3248.259 3399.52 3550.95 3732.78 3877.383 -9999 -9999 4097.11 4189.53 4293.62 4379.83 4497.21 4590.47 4691.46 4794.11 4903.28 5008.27 5116.51 5214.31 5329.68 5423.58 5564.53 5691.96 5812.34 5915.57 6023.21 6143.06 6257.28 6382.25 6496.84 6584.68 6660.16 6734.63 6820.43 6909.73 7004.77 7109.29 7185.28 7242.76 7336.62 7419.35 7502.85 7561.97 7632.37 7690.09 7748.91 7788.22 7810.62 7885.9 7916.27 7973.93 8006.52 8035.46 8051.41 8099.23 8122.07 8121.55 8135.54 8179.35 8190.08 8191.42 8190 8199.62 8200.33 8204.6 8195.6 8209.53 8179.66 8172.02 8162.3
3245.9 3401.577 3547.649 3760.221 3896.067 3981.083 4052.73 4136.03 4211.97 4318.71 4411.3 4521.99 4598.5 4699.18 4804.53 4921.64 5020.39 5118.1 5213.48 5308.95 5415.44 5544.41 5675.58 5788.33 5887.16 6004.83 6117.5 6235.35 6349.59 6462.15 6564.48 6633.86 6723.91 6802.18 6887.13 6977.66 7076.39 7162.01 7235.49 7317.78 7407.33 7479.38 7550.7 7616.78 7682.16 7722.34 7769.58 7824.22 7883.8 7921.71 7963.23 8002.42 8013.75 8045.48 8070.95 8087.77 8103.91 8129.84 8148.32 8178.58 8190.66 8210.34 8209.98 8222.48 8205.16 8210.32 8214.15 8201.92 8170.82 8161.68
-9999 -9999 -9999 3757.203 3867.883 3977.048 4056.05 4143.19 4213.25 4314.81 4408.54 4513.11 4613.76 4717.76 4824.22 4934.23 5013.3 5117.96 5198.47 5277.58 5398.54 5525.97 5640.72 5765.52 5869.87 5970.67 6077.46 6202.53 6318.1 6424.25 6530.84 6620.57 6716.37 6781.92 6881.25 6973.26 7051.23 7141.13 7234.85 7294.29 7390.08 7457.75 7541.38 7598.5 7643.37 7703.93 7762.82 7810.39 7868.12 7893.9 7947.7 7974.5 8000.24 8038.23 8074.75 8078.52 8109.61 8148.73 8157.96 8177.99 8190.75 8192.85 8205.9 8224.7 8221.43 8217.51 8194.24 8177.56 8200.02 8172.05
