layers/wordclim/future/Iberia_wcB2a_10_hadcm3_2050/bio_13.asc
ncols         166
nrows         93
xllcorner     -9.4959440078468
yllcorner     36.000324005443
cellsize      0.083333337679505
NODATA_value  -9999
[rows 0 to 33 of 93, columns 76 to 151 of 166]
-9999 -9999 -9999 -9999 -9999 -9999 -9999 -9999 -9999 -9999 -9999 -9999 -9999 -9999 -9999 -9999 -9999 -9999 -9999 -9999 -9999 -9999 -9999 -9999 -9999 -9999 -9999 -9999 -9999 -9999 -9999 -9999 -9999 -9999 -9999 -9999 -9999 -9999 -9999 -9999 -9999 -9999 -9999 -9999 -9999 -9999 -9999 -9999 -9999 -9999 -9999 -9999 -9999 -9999 -9999 -9999 -9999 -9999 -9999 -9999 -9999 -9999 -9999 -9999 -9999 -9999 -9999 -9999 -9999 -9999 -9999 -9999 -9999 -9999 -9999 -9999
-9999 -9999 -9999 -9999 -9999 -9999 -9999 -9999 -9999 -9999 -9999 -9999 -9999 -9999 -9999 -9999 -9999 -9999 -9999 -9999 -9999 -9999 -9999 -9999 -9999 -9999 -9999 -9999 -9999 -9999 -9999 -9999 -9999 -9999 -9999 -9999 -9999 -9999 -9999 -9999 -9999 -9999 -9999 -9999 -9999 -9999 -9999 -9999 -9999 -9999 -9999 -9999 -9999 -9999 -9999 -9999 -9999 -9999 -9999 -9999 -9999 -9999 -9999 -9999 -9999 -9999 -9999 -9999 -9999 -9999 -9999 -9999 -9999 -9999 -9999 -9999
-9999 -9999 -9999 -9999 -9999 -9999 -9999 -9999 -9999 -9999 -9999 -9999 -9999 -9999 -9999 -9999 -9999 -9999 -9999 -9999 -9999 -9999 -9999 -9999 -9999 -9999 -9999 -9999 -9999 -9999 -9999 -9999 -9999 -9999 -9999 -9999 -9999 -9999 -9999 -9999 -9999 -9999 -9999 -9999 -9999 -9999 -9999 -9999 -9999 -9999 -9999 -9999 -9999 -9999 -9999 -9999 -9999 -9999 -9999 -9999 -9999 -9999 -9999 -9999 -9999 -9999 -9999 -9999 -9999 -9999 -9999 -9999 -9999 -9999 -9999 -9999
-9999 -9999 -9999 -9999 -9999 -9999 -9999 -9999 -9999 -9999 -9999 -9999 -9999 -9999 -9999 -9999 -9999 -9999 -9999 -9999 -9999 -9999 -9999 -9999 -9999 -9999 -9999 -9999 -9999 -9999 -9999 -9999 -9999 -9999 -9999 -9999 -9999 -9999 -9999 -9999 -9999 -9999 -9999 -9999 -9999 -9999 -9999 -9999 -9999 -9999 -9999 -9999 -9999 -9999 -9999 -9999 -9999 -9999 -9999 -9999 -9999 -9999 -9999 -9999 -9999 -9999 -9999 -9999 -9999 -9999 -9999 -9999 -9999 -9999 -9999 -9999
-9999 -9999 195.9195 195.87 191.04 189.407 187.4615 183.5636 -9999 -9999 -9999 -9999 -9999 -9999 -9999 -9999 -9999 -9999 -9999 -9999 -9999 -9999 -9999 -9999 -9999 -9999 -9999 -9999 -9999 -9999 -9999 -9999 -9999 -9999 -9999 -9999 -9999 -9999 -9999 -9999 -9999 -9999 -9999 -9999 -9999 -9999 -9999 -9999 -9999 -9999 -9999 -9999 -9999 -9999 -9999 -9999 -9999 -9999 -9999 -9999 -9999 -9999 -9999 -9999 -9999 -9999 -9999 -9999 -9999 -9999 -9999 -9999 -9999 -9999 -9999 -9999
177.57 180.7347 189.0404 186.34 184.18 180.77 178.04 176.67 176.7071 174.3014 173.3667 175.5082 175 178.2857 179.2708 181.47 186.3 184.527 -9999 -9999 -9999 -9999 -9999 -9999 -9999 -9999 -9999 -9999 -9999 -9999 -9999 -9999 -9999 -9999 -9999 -9999 -9999 -9999 -9999 -9999 -9999 -9999 -9999 -9999 -9999 -9999 -9999 -9999 -9999 -9999 -9999 -9999 -9999 -9999 -9999 -9999 -9999 -9999 -9999 -9999 -9999 -9999 -9999 -9999 -9999 -9999 -9999 -9999 -9999 -9999 -9999 -9999 -9999 -9999 -9999 -9999
167.55 169.31 169.67 173.85 172.57 169.89 165.96 165.98 166.48 166.15 167.41 171.29 172.19 173.46 177.57 178.8 180.92 180.43 179.59 179.12 175.99 -9999 -9999 -9999 -9999 -9999 -9999 -9999 -9999 -9999 -9999 -9999 -9999 -9999 -9999 -9999 -9999 -9999 -9999 -9999 -9999 -9999 -9999 -9999 -9999 -9999 -9999 -9999 -9999 -9999 -9999 -9999 -9999 -9999 -9999 -9999 -9999 -9999 -9999 -9999 -9999 -9999 -9999 -9999 -9999 -9999 -9999 -9999 -9999 -9999 -9999 -9999 -9999 -9999 -9999 -9999
156.02 157.24 159.01 157.93 157.69 154.57 154.34 154.31 154.64 154.91 157.1 160.07 161.22 164.68 169.26 169.62 171.95 173.46 173.09 171.87 170.6986 -9999 -9999 -9999 -9999 -9999 -9999 -9999 -9999 -9999 -9999 -9999 -9999 -9999 -9999 -9999 -9999 -9999 -9999 -9999 -9999 -9999 -9999 -9999 -9999 -9999 -9999 -9999 -9999 -9999 -9999 -9999 -9999 -9999 -9999 -9999 -9999 -9999 -9999 -9999 -9999 -9999 -9999 -9999 -9999 -9999 -9999 -9999 -9999 -9999 -9999 -9999 -9999 -9999 -9999 -9999
141.11 144.7 145.22 141.66 142.74 141.98 140.69 141.26 142.27 142.92 144.63 147.17 150.14 155.22 158.82 159.55 163.06 165.36 163.26 159.92 157.9875 -9999 152.2024 148.0357 -9999 -9999 -9999 -9999 -9999 -9999 -9999 -9999 -9999 -9999 -9999 -9999 -9999 -9999 -9999 -9999 -9999 -9999 -9999 -9999 -9999 -9999 -9999 -9999 -9999 -9999 -9999 -9999 -9999 -9999 -9999 -9999 -9999 -9999 -9999 -9999 -9999 -9999 -9999 -9999 -9999 -9999 -9999 -9999 -9999 -9999 -9999 -9999 -9999 -9999 -9999 -9999
129.64 131.2 131.77 130.32 130.38 129.8 128.81 130.6 132.6 136.23 135.88 136.95 140.4 144.95 148.58 151.73 156.39 159.76 160.2 156.36 153.72 148.68 145.57 141.72 138.81 136.7097 133.2131 131.72 136.6897 -9999 -9999 -9999 -9999 -9999 -9999 -9999 -9999 -9999 -9999 -9999 -9999 -9999 -9999 -9999 -9999 -9999 -9999 -9999 -9999 -9999 -9999 -9999 -9999 -9999 -9999 -9999 -9999 -9999 -9999 -9999 -9999 -9999 -9999 -9999 -9999 -9999 -9999 -9999 -9999 -9999 -9999 -9999 -9999 -9999 -9999 -9999
120.39 121.64 122.01 120.98 119.09 117.8 116.09 116.46 117.66 119.65 125.44 127.95 130.87 135.12 140.17 142.58 149.1 153.52 153.22 151.28 147.13 142.94 139.51 134.86 131.52 129.86 125.98 126.3 131.47 132.5789 -9999 -9999 -9999 -9999 -9999 -9999 -9999 -9999 -9999 -9999 -9999 -9999 -9999 -9999 -9999 -9999 -9999 -9999 -9999 -9999 -9999 -9999 -9999 -9999 -9999 -9999 -9999 -9999 -9999 -9999 -9999 -9999 -9999 -9999 -9999 -9999 -9999 -9999 -9999 -9999 -9999 -9999 -9999 -9999 -9999 -9999
112.68 110.72 111.13 108.85 108.33 108.97 109.83 111.44 111.45 117.35 119.41 119.58 121.86 128.08 129.75 133.16 138.44 146.54 150.09 145.34 142.47 137.26 132.4 127.66 123.93 120.93 116.65 118.05 119.89 123.18 132.9032 127.8955 133.9615 126.5227 139.1515 143.5522 -9999 -9999 -9999 -9999 -9999 -9999 -9999 -9999 -9999 -9999 99.72 110.77 123 125.9818 -9999 -9999 -9999 -9999 -9999 -9999 -9999 -9999 -9999 -9999 -9999 -9999 -9999 -9999 -9999 -9999 -9999 -9999 -9999 -9999 -9999 -9999 -9999 -9999 -9999 -9999
104.51 101.18 100.18 98.38 98.72 97.89 98.02 102.37 100.04 100.24 102.05 105.87 108.25 109.05 114.15 122.1 126.98 132.28 135.6 133.31 131.2 127.81 123.67 119.44 116.42 113.59 108.41 107.02 104.08 103.17 109.14 113.57 133.44 122.87 111.06 133.23 124.0543 -9999 -9999 -9999 121.2083 -9999 132.8519 -9999 -9999 -9999 107.8469 102.34 109.62 115.52 119.99 110.5122 119.6667 118.6364 -9999 -9999 -9999 -9999 -9999 -9999 -9999 -9999 -9999 -9999 -9999 -9999 -9999 -9999 -9999 -9999 -9999 -9999 -9999 -9999 -9999 -9999
95.54 94.16 92.42 90.29 91.93 95.87 97.37 92.15 91.46 92.13 90.37 85.98 91.44 97.89 101.64 107.61 114.08 121.35 123.61 121.26 120.62 117.97 114.22 111.56 108.1 103.15 98.41 93.98 93.93 94.36 92.32 92.94 99.69 102.03 94.05 107.04 100.2 114.49 120.23 109.5 100.35 118.36 117.98 129.15 109.87 136 127.88 121.69 123.08 123.95 114.42 94.18 106.07 107.72 124.6907 -9999 -9999 -9999 -9999 -9999 -9999 -9999 -9999 -9999 -9999 -9999 -9999 -9999 -9999 -9999 -9999 -9999 -9999 -9999 -9999 -9999
87.91 85.48 83.49 81.74 78.41 76.5 74.65 71.1 70.54 70.38 69.17 69.82 76.87 83 89.36 95.2 100.68 108.1 111.74 112.05 111.2 106.9 104.14 101.32 99.12 97.2 95.71 89.44 84.02 86.14 82.62 85.09 80.44 78.26 87.47 95.95 88.26 92.25 88.28 79.05 87.21 111.71 107.38 98.36 109.9 115.16 108.66 111.12 116.48 126.5 123.34 95.18 87.8 98.12 115.36 -9999 -9999 -9999 -9999 -9999 -9999 -9999 -9999 -9999 -9999 -9999 -9999 -9999 -9999 -9999 -9999 -9999 -9999 -9999 -9999 -9999
81.77 80.52 78.01 76.83 73.07 69.07 67.67 62.55 56.62 53.25 52.44 58.71 66.6 72.96 79.02 86.02 90.51 95.41 97.94 100.32 100.42 98.51 97.61 96.36 93.64 91.05 90.46 88.31 80.13 78.33 74.7 75.57 71.34 69.85 78.01 83.51 85.09 74.18 74.31 67.32 80.81 89.78 91.18 92.18 99.17 95.37 92.53 99.34 115.16 110.65 108.94 90.41 95.38 104.75 108.11 -9999 -9999 129.3333 130.0842 123.0787 102.2593 96.05882 -9999 -9999 -9999 -9999 -9999 -9999 -9999 -9999 -9999 -9999 103.1429 106.0882 104.6792 -9999
84.41 84.73 79.99 76.75 68.92 68.52 75.51 65.79 59.92 55.34 56.15 56.68 60.58 65.2 71.23 77.13 80.7 83.93 86.57 88.45 88.49 87.51 86.64 87.42 85.03 84.03 82.57 80.66 74.69 70.03 73.17 70.76 69.85 71.54 70.83 74.14 77.75 78.69 69.65 63.09 64.25 70.44 79.22 84.88 91.53 94.29 89.65 89.77 90.32 85.91 89.33 84.93 104.49 96.08 82.61 79.33 90.59 96.27 94.28 92.35 95.61 109.9315 -9999 134.8375 135.8 125.8 118.1529 -9999 -9999 -9999 105.8723 103.15 100.78 100.16 100.13 100.5393
91.45 84.41 92.39 83.96 72.18 79.7 85.01 76.8 78.22 80.39 71.92 75.71 63.4 61.13 64.77 68.88 72.78 75.69 78.64 80.56 79.75 79.27 77.79 77.11 75.92 73.74 71.71 69.87 63.76 60.41 61.23 66.7 71.95 71.87 73.57 81.06 76 73.93 69.29 60.74 59.72 70.91 69.03 79.49 76.46 84.87 79.36 84.03 87.14 77.12 76.06 92.88 97.53 89.35 74.76 85.84 103.05 112.23 114.48 105.5 109.85 114.42 112.12 105.69 112.88 113.68 102.44 100.42 103.53 106.29 106.25 105.71 103.84 101.51 100.4 100.0112
97.84 96.22 98.58 86.34 82.39 85.84 76.3 82.83 77.06 85.57 74.28 71.78 65.16 61.3 63.72 63.76 65.57 68.1 70.64 71.42 71.48 71.59 70.56 68.41 66.09 64.37 63.01 60.57 56.2 52.3 50.89 50.8 51.09 52.48 56.3 55.96 56.74 61.84 61.56 62.28 57.88 63.93 60.16 65.23 72.06 76.14 70.42 78.83 72.45 68.89 80.33 94.56 86.08 76.74 79.2 95.59 105.59 108.41 105.65 101.99 86.95 97.99 95.38 91.59 90.37 99.96 101.34 99.31 103.52 105.73 107.27 107.19 105.57 103.67 101.9263 -9999
81.08 85.27 80.29 82.71 91.57 87.25 83.5 87.94 91.69 85.84 78.32 78.01 72.26 67.86 67.78 61.38 61.38 63.56 64.22 64.72 66.2 65.65 63.45 60.92 59.1 56.5 54.92 52.1 49.33 48.1 47.82 47.42 46.57 47.19 48.84 49.95 50.99 52.29 53.13 54.94 53.28 58.38 59.48 66.6 67.9 70.03 66.16 72.47 64.38 66.4 69.34 79.94 82.47 75.07 81.42 90.01 95.22 85.14 90.98 102.92 78.05 81.76 83.93 88.54 87.41 101.85 106.96 102.01 106.38 109.14 111.2 111.73 110.13 107.08 104.49 102.0746
86.85 91.07 92.41 98.72 95.05 95.87 95.75 94.64 87.65 80.96 83.58 77.77 73.05 63.81 58.97 59.19 59.77 58.45 58.88 59.09 60.04 61.71 59.7 55.87 54.24 53.97 51.91 48.39 45.79 45.71 45.12 46.02 45.44 45.24 46.46 47.65 48.6 49.25 49.96 50.38 51.04 59.4 62.58 64.44 61.94 65.36 71.66 74.53 66.16 77.28 75.01 73.73 70.76 67.73 71.52 74.27 76.26 78.58 80.08 76.2 71.68 74.79 76.85 83.48 85.88 89.37 99.58 108.06 108.48 112.07 114.58 115.81 114.03 111.15 106.75 103.0816
71.17 73.26 78.55 87.68 83.89 89.74 83.45 83.21 78.62 82.27 83.24 77.99 71.06 63.36 60.88 59.77 60.15 56.13 56.21 55.29 53.89 53.88 52.6 51.06 50.44 50.51 50.05 45.8 43.48 43.46 44.87 44.53 43.92 43.75 44.75 46.13 46.85 48.62 47.85 48.46 49.38 51.45 54.98 59.74 60.8 60.61 66.46 64.34 64.1 71.14 64.76 64.41 66.45 68.8 71.39 75.1 74.53 73.05 73.05 72.75 71.61 73.62 75.38 81.29 84.86 89.33 98.19 106.18 111.09 115.07 117.74 119.46 117.64 114.82 109.9 104.51
69.65 71.5 72.57 72.96 71.61 71.1 70.13 71.74 69.74 69.97 73.63 75.15 70.61 66.62 66.44 62.27 57.93 55.97 56.38 53.98 51.32 50.05 48.48 47.53 48.26 46.92 44.41 42.36 42.52 42.81 43.54 44.2 43.01 43 43.17 44.48 45.68 48.11 47.84 46.63 48.12 49.43 50.48 52.12 53.45 56.74 59.19 59.8 58.92 61.01 60.35 63.61 64.34 66.63 69.9 73.21 75.54 73.2 71.03 71.88 71.7 74.26 78.06 88.76 88.07 92.36 100.94 109.12 111.58 116.08 121.3 122.97 120.85 117.67 112.71 106.7671
66.65 67.26 68.93 69.55 69.78 70.21 70.79 67.17 66.51 67.37 68.79 69.21 67.94 67.77 67.19 80.5 73.55 57.32 54.31 51.19 49.78 47.56 46.24 43.86 42.41 41 40.18 40.77 40.91 41.61 42.24 43.82 43.41 43 44 44 44.87 46.12 46.42 45.98 47.7 47.55 47.77 48.48 49.86 50.24 51.73 52.8 55 57.77 60.06 62.12 65.38 67.77 69.92 71.94 75.4 76.57 74.6 72.23 73 75.62 80.42 87.72 92.12 99.38 113.06 114.83 112.1 117.22 120.9 122.64 121.29 118.2604 -9999 -9999
62.23 62.89 64.97 63.92 65.38 68.17 67.24 66.58 64.96 63.2 63.37 64.15 63.11 64.99 69.37 70.9 73.81 65.45 56.57 53.29 48.22 45.71 44.39 42.57 40.88 38.65 38.71 39.35 39.88 40.77 41.68 42.99 44.98 45.12 44.57 44.11 44.43 45.33 45.89 46 46.73 46.77 47.04 48.57 49.42 48.63 49.13 51.38 54.83 57.78 60.47 64.06 66.82 70.15 73.99 76.1 77.45 77.53 76.4 75.16 76.2 80.02 84.42 88.63 90.8 96.13 102.77 107.49 113.71 117.47 119.7755 121.3333 120.6786 -9999 -9999 -9999
60.54 59.87 60.93 61.22 61.81 61.14 62.41 63.87 63.43 60.08 60 61.24 61.13 62.26 63 63.62 59.76 56.25 50.59 49.71 47.53 43.35 41.84 40.87 40.28 38.15 38.01 38.77 39.06 39.86 40.48 42.03 42.79 44.33 45.59 45.61 46.28 48.11 47.42 47.28 46.42 46.64 47.62 47.88 47.45 47.41 48.9 52.41 56.58 59.64 63.39 66.35 70.47 73.89 77.4 78.2 77.27 78.19 79.26 81.35 80.49 85.42 86.45 87.33 90.25 96 102.5 108.64 114.5354 118.3816 -9999 -9999 -9999 -9999 -9999 -9999
57.88 57.44 59.36 58.81 58.17 59.85 60.65 61.04 59.78 61.28 62.27 59.69 58.53 60.43 58.01 57.12 55.35 54.86 47.6 44.52 43.47 40.27 39.07 39.05 39.63 38.39 38.59 39.09 39 39.59 40.04 41.6 42.39 43.19 44.23 45.3 46.34 47.03 48.05 48.39 48.19 47.79 47.99 47.97 48.1 49.04 51.68 55.72 59.62 63.66 67.36 71.63 76.63 79.75 80.53 80.96 79.62 80.87 82.22 82.92 84.11 85.16 86.3 88.58 93.81 98.4 103.9787 -9999 -9999 -9999 -9999 -9999 -9999 -9999 -9999 -9999
59.95 59.45 59.44 58.12 58.67 58.59 57.91 57.36 58.41 60.69 60.38 55.38 55.09 54.9 54.26 51.54 48.77 49.45 49.53 42.37 41.28 39.04 37.8 37.91 38.09 38.5 39.8 39.79 39.56 39.77 40.02 41.78 42.55 43.42 44.55 46.39 47.1 47.77 48.18 48.7 49.11 50.93 49.65 50.12 51.28 53.71 57.78 62.62 65.88 68.56 73.25 75.69 77.11 80.26 82 85.82 85.95 84.76 85.08 86.96 88.96 90.6 91.35 93.69 98.7766 -9999 -9999 -9999 -9999 -9999 -9999 -9999 -9999 -9999 -9999 -9999
64.47 65.38 64.92 61.95 60.5 61.21 61.02 59.97 58.7 57.92 55.21 51.63 51.59 51.69 50.48 49.75 44.67 44.7 42.1 45.4 45.72 44.09 39.27 37.92 38.79 38.97 41.13 39.87 39.11 39.9 40.6 42.13 43.02 43.93 46.2 47.24 48.18 49 49.7 49.85 51.97 52.26 52.99 55.25 57.56 60.65 65.43 68.9 72.3 76.64 77.89 78.73 78.17 81.2 82.85 87.24 87.21 87.42 89.28 92.13 94.29 96.3 100.79 103.2234 -9999 -9999 -9999 -9999 -9999 -9999 -9999 -9999 -9999 -9999 -9999 -9999
68.82 67.91 65.29 63.47 62.43 61.61 61.94 60.69 60.44 57.53 52.53 50.17 48.12 47.16 45.33 45.65 44.17 42.55 41.47 43.5 45.49 45.03 42.96 40.58 41.47 41.95 42.24 41.1 40.13 40.53 41.94 42.81 43.71 45.29 46.74 47.74 48.79 49.71 50.71 52.79 54.37 55.41 57.27 58.72 59.45 63.39 67.98 74.51 78.84 82.32 85.8 82.92 80.94 82.09 83.96 87.1 89.24 91.78 93.81 96.24 98.69388 101.6296 107.4265 -9999 -9999 -9999 -9999 -9999 -9999 -9999 -9999 -9999 -9999 -9999 -9999 -9999
73.13 68.6 61.94 61.41 59.26 58.11 61.95 61.39 60.69 56.87 53.38 51.22 51.11 51.62 50.09 46.99 44.52 46.29 44.57 42.32 43.74 44.3 44.69 45.3 45.24 44.14 43.22 42.3 42.34 42.19 42.62 43.49 45.03 46.64 47.94 49.2 50.35 51.75 53.96 55.56 56.54 58.83 60.3 63.32 63.71 67.49 72.18 75.57 78.27 81.28 83.04 83.35 83 83.82 86.58 89.56123 91.8481 94.21212 -9999 -9999 -9999 -9999 -9999 -9999 -9999 -9999 -9999 -9999 -9999 -9999 -9999 -9999 -9999 -9999 -9999 -9999
68.06 65.08 62.13 60.65 57.95 57.34 60.27 60.57 60.24 60.37 60.01 60.02 59.04 55.84 52.88 51.2 48.8 48.57 48.28 45.77 42.53 44.29 45.45 47.45 47.83 46.34 45.39 44.67 45.71 46.71 44.81 45.21 46.88 48.05 49.41 50.81 53.26 54.84 56.54 58.44 60.82 63.11 66.32 69.31 70.56 73.87 77.64 80.29 82.51 86.36 88.84 88.49 85.83951 -9999 -9999 -9999 -9999 -9999 -9999 -9999 -9999 -9999 -9999 -9999 -9999 -9999 -9999 -9999 -9999 -9999 -9999 -9999 -9999 -9999 -9999 -9999
64.49 58.01 57.02 56.93 56.39 58.28 59.38 60.68 60.36 59.59 61.63 62.74 60.17 56.47 57.85 54.78 51.93 49.24 47.26 47.45 47.54 44.1 47.06 49.09 52.58 50.72 47.9 46.9 46.04 46.41 46.25 47.53 48.76 49.73 51.05 52.97 55.26 57.32 60.05 62.3 64.69 67.7 70.56 73.29 76.85 79.78 82.96 85.03 88.53 92.1831 -9999 -9999 -9999 -9999 -9999 -9999 -9999 -9999 -9999 -9999 -9999 -9999 -9999 -9999 -9999 -9999 -9999 -9999 -9999 -9999 -9999 -9999 -9999 -9999 -9999 -9999
57.46 55.94 53.96 55.02 55.47 57.93 59.97 59.79 59.06 58.66 58.35 59.44 60.16 59.12 56.8 53.84 50.89 49.05 47.66 45.72 46.4 47.06 45.84 48.94 52.99 54.04 51.94 49.96 48.44 46.48 47.76 49.28 51.09 51.69 53.45 55.14 57.2 60.4 62.87 65.43 68.25 71.43 74.42 78.71 81.42 84.76 89.13 91.23 92.7 -9999 -9999 -9999 -9999 -9999 -9999 -9999 -9999 -9999 -9999 -9999 -9999 -9999 -9999 -9999 -9999 -9999 -9999 -9999 -9999 -9999 -9999 -9999 -9999 -9999 -9999 -9999
