layers/wordclim/future/Iberia_wcB2a_10_hadcm3_2050/bio_01.asc
ncols         166
nrows         93
xllcorner     -9.4959440078468
yllcorner     36.000324005443
cellsize      0.083333337679505
NODATA_value  -9999
[rows 0 to 32 of 93, columns 0 to 72 of 166]
-9999 -9999 -9999 -9999 -9999 -9999 -9999 -9999 -9999 -9999 -9999 -9999 -9999 -9999 -9999 -9999 -9999 141.9756 131.875 144.4627 143.6364 141.5114 144.4348 144.2879 -9999 -9999 -9999 -9999 -9999 -9999 -9999 -9999 -9999 -9999 -9999 -9999 -9999 -9999 -9999 -9999 -9999 -9999 -9999 -9999 -9999 -9999 -9999 -9999 -9999 -9999 -9999 -9999 -9999 -9999 -9999 -9999 -9999 -9999 -9999 -9999 -9999 -9999 -9999 -9999 -9999 -9999 -9999 -9999 -9999 -9999 -9999 -9999 -9999
-9999 -9999 -9999 -9999 -9999 -9999 -9999 -9999 -9999 -9999 -9999 -9999 -9999 -9999 -9999 -9999 144.3788 142.2421 137.96 142.49 134.89 133.17 141.4747 133.33 134.84 141.7629 -9999 -9999 -9999 -9999 -9999 -9999 -9999 -9999 -9999 -9999 -9999 -9999 -9999 -9999 -9999 -9999 -9999 147.7969 148.4038 -9999 -9999 -9999 -9999 -9999 -9999 -9999 -9999 -9999 -9999 -9999 -9999 -9999 -9999 -9999 -9999 -9999 -9999 -9999 -9999 -9999 -9999 -9999 -9999 -9999 -9999 -9999 -9999
-9999 -9999 -9999 -9999 -9999 -9999 -9999 -9999 -9999 -9999 -9999 -9999 -9999 -9999 145.6111 147.0316 144.6768 142.28 138.6 131.65 126.78 127.89 131.44 124.39 139.56 145.61 146.0737 144.7975 145.1268 149.8364 148.3625 147.9167 145.1184 149.026 142.4684 146.0152 144.7397 140.4444 138.2955 141.0722 142.8846 144.5119 146.7374 147.14 145.71 149.3377 149.0984 145.15 144.5254 -9999 -9999 -9999 -9999 -9999 -9999 -9999 -9999 -9999 -9999 -9999 -9999 -9999 -9999 -9999 -9999 -9999 -9999 -9999 -9999 -9999 -9999 -9999 -9999
-9999 -9999 -9999 -9999 -9999 -9999 -9999 -9999 -9999 -9999 -9999 -9999 -9999 -9999 -9999 -9999 140.7374 133.17 130.02 132.88 127.59 120.72 117.14 116.35 126.55 138.18 143.64 136.93 145.38 145.0101 136.21 132.17 130.84 139.51 125.41 133.64 137.9 132.84 124.81 137.26 144.1313 138.4 137.28 141.92 144.1 143.55 138.07 136.63 144.87 142.77 141.28 138.859 146.5385 148.7458 148.08 -9999 -9999 -9999 -9999 -9999 -9999 -9999 -9999 -9999 -9999 -9999 -9999 153.5616 -9999 152.7143 149.5208 151.4483 150.2609
-9999 -9999 -9999 -9999 -9999 -9999 -9999 -9999 -9999 -9999 -9999 -9999 -9999 -9999 148.0597 147.7292 141.15 133.73 131.68 127.78 130.02 128.35 127.38 121.6 125.07 127.19 131.69 138.54 137.36 125.81 116.05 122.81 130.65 126.33 121.03 132.08 123.86 117.7 129.3 137.97 139.55 144.42 145.03 140.12 142.19 141.15 138.62 138.58 138.85 139.69 140.17 146.53 147.18 139 138.08 135.64 129.31 138.4681 144.5679 150.6164 152.3247 153.5769 151.7083 148.9639 150.4286 153.89 151.89 151.76 149.4896 151.59 146.27 147.15 150
-9999 -9999 -9999 -9999 -9999 -9999 147.2222 148.9 147.2027 -9999 145.6892 145.6385 145.1 148.2626 148.59 -9999 141.2 134.54 126.88 128.58 131.15 132.3 132 133.87 130.54 130.99 130.12 136.61 122.72 118.4 120.18 132.22 126.36 112.38 113.51 125.92 131.12 130.18 123.53 128.98 126.55 127.4 132.54 138.27 137.68 137.36 133.76 125.92 124.31 130.4 121.95 129.6 135.56 124.04 115.27 119.27 127.88 122.54 135.58 133.57 141.92 139.33 141.78 144.01 141.03 146.17 146.26 145.58 137.57 131.05 133.59 136.46 143.43
-9999 -9999 -9999 -9999 -9999 -9999 145.4384 146.28 145.99 146.48 143.39 135.61 137.81 140.9 145.33 144.34 136.71 133.12 129.1 130.74 130.79 134.51 134.44 136.16 135.5 132.54 127.53 130.35 124.77 120.78 126.81 132.22 116.85 107.92 120.65 126.45 124.48 110.59 114.48 111.06 110.13 123.4 102.49 121.7 134.76 124.86 121.16 124.93 121.6 119.49 102.96 114.22 117.27 100.66 70.76 88.14 79.82 85.46 122.29 113.76 122.17 129.49 132.87 126.72 133.1 140.02 135.31 134.75 133.68 116.86 104.23 121.84 134.18
-9999 -9999 -9999 -9999 149.2688 144.15 144.08 139.56 137.18 137.85 134.77 136.27 138.28 137.05 138.73 135.32 131.68 131.62 129.59 132 131.68 132.86 136.38 136.18 134.43 130.24 124.56 128.91 116.51 120.71 117.74 126.22 116.53 109.54 117.98 120.7 107.71 95.59 109.41 98.39 105.11 99.81 113.35 113.78 123.77 114.25 115.09 114.38 102.27 95.93 101.92 96.51 90.58 102.1 85.34 78.11 87.46 114.69 126.94 119.99 94.87 108.49 114.7 115.7 117.67 131.97 119.9 128.67 123.89 103.57 98.43 105.95 112.37
-9999 -9999 -9999 148.567 145.34 139 138.86 137.23 136.67 135.79 137.58 138.69 141.94 141.17 139.9 138.73 135.72 131.88 125.55 128.6 132.83 132.55 135.05 134.63 131.06 128.78 122.35 120.13 125.86 123.75 130.75 128.21 112.22 102.77 114.36 100.89 100.86 80.13 78.4 82.49 71.8 83.22 76.37 103.36 113.34 86.08 83.41 90.27 82.11 78.36 91.19 83.64 93.01 97.38 85.89 86.82 73.55 78.21 90.23 101.74 95.21 78.74 89.77 106.1 110.6 113.78 112.81 115.08 112.25 113.21 119.24 120.61 121.17
-9999 -9999 -9999 149.7177 141.3535 138.92 138.01 138.39 139.57 139.76 141.08 142.56 142.96 141.96 140.12 138.36 138.08 131.62 129.98 127.4 131.13 129.49 131.13 136.23 136.89 134.17 124.66 124.14 121.96 131.24 128.4 116.98 114.92 104.22 100.74 93.21 85.04 92.99 92.6 91.69 86.46 92.32 90.35 84.78 91.26 93.54 88.88 93.95 85.95 92.05 103.32 95.67 95.49 98.16 101.02 90.86 76.66 74.34 80.68 93.93 100.64 79.81 88.96 108.63 112.72 114.18 115.6 115.03 115.63 117.59 123.24 129.64 127.15
-9999 -9999 -9999 -9999 147.3621 138.18 139.65 142.69 141.12 145.97 148.73 143.68 141.59 144.53 143.54 142.18 143.45 140.74 136.76 133.05 129.79 132.96 135.82 138.28 139.48 135.55 129.81 121.69 128.26 128.23 115.82 101.38 90.21 90.24 99.7 97.02 98.62 92.55 80.67 86.19 81.5 81.23 91.62 100.81 87.85 98.92 101.09 103.35 96.26 105.85 107.48 99.06 104.83 98.09 103.38 92.3 91.28 91.3 93.05 105.18 109.76 109.45 109.67 112.74 112.59 115.14 112.22 119.1 117.7 122.35 118.91 122.78 128.83
-9999 -9999 -9999 -9999 150.2 147.9531 149.6212 151.1648 137.73 145.63 149.09 150.03 147.28 148.74 147.55 139.41 139.69 136 131.48 133.86 129.93 131.33 138.17 132.24 132.22 137.75 123.51 118.56 121.42 117.7 111.5 90.18 101.29 109.29 117.76 114.34 99.86 86.2 85.16 86.76 95.41 102.29 107.66 108.95 110.42 105.97 114.05 115.19 111.79 115.25 113.95 112.23 113.08 109.2 112.65 106.15 102.57 109.65 109.86 108.53 112.09 114.19 117.85 117.72 114.19 119.27 119.53 114.14 118.34 116.41 112.11 120.17 121.22
-9999 -9999 -9999 -9999 -9999 -9999 138.2609 147.02 145.33 151.48 148.49 145.48 147.22 137.84 139.44 137.59 132.57 133.04 127.8 124.36 132.4 138.28 130.21 128.03 131.63 129.83 119.03 106.71 103.53 107.55 113.61 105.71 118.14 126.08 123.85 124.2 114.58 110.96 111.14 107.8 102.55 103.73 109.83 115.08 116.84 115.03 120.64 122.03 118.9 123.2 117.57 120.57 118.26 118.81 115.88 112.68 112.8 113.57 116.22 114.22 118.82 118.22 119.67 115.22 114.19 115.01 116.24 115.99 118.42 114.95 110.4 116.5 130.04
-9999 -9999 -9999 -9999 -9999 153.0847 145.6596 -9999 -9999 148.04 148.96 142.04 136.75 130.13 124.04 134.95 133.72 127.85 124.85 122.6 133.8 138.19 133.99 135.29 142.37 131.81 117.38 117.43 110.93 102.89 114.36 121.85 129.78 135.99 135.83 132.28 130.85 127.46 119.79 111.02 114.9 118.89 118.75 121.62 121.97 121.48 127.25 127.47 126.87 126.63 124.2 126.07 121.02 124.44 119.43 117.16 118.49 117.97 121.63 119.91 121.84 124.75 123.25 118.69 118.48 116.55 116.44 115.46 115.19 113.21 115.21 122.93 131.71
-9999 -9999 -9999 -9999 -9999 -9999 -9999 157 154.7108 153.14 148.2 142.26 136.6 132.31 125.2 126.81 129.55 124.9 122.22 127.52 131.56 138.37 138.16 145.9 144.73 138.71 128.96 124.29 111.7 109.4 116.55 131.08 138.32 142.31 139.24 132.9 117.72 108.81 106.09 108.84 118.27 122.92 123.3 126.93 126.93 127.26 129.97 131.9 132.12 130.57 129.6 126.16 125.27 128.17 123.97 121.78 124.15 122.65 123.56 124.89 124.25 126.87 127.33 126.42 125.78 124.8 121.79 116.62 117.19 117.13 121.5 123.7 120.33
-9999 -9999 -9999 -9999 -9999 -9999 -9999 155.625 152.4348 145.3483 151.61 144.52 133.76 121.95 127.42 133.84 137.38 138.18 138.35 137.4 137.66 138.93 142.05 142.75 136.39 135.52 136.65 135.6 118.93 124.5 129.35 134.36 137.3 124.7 109.83 111.8 100.9 97.76 109.92 118.23 123.76 127.3 126.84 130.74 130.56 130.8 132 134.85 134.43 132.69 130.57 128.75 129.3 131.4 128.18 125.69 127.52 128.93 128.86 129.29 129.92 130.08 129.51 129.59 129.11 127.97 122.72 120.18 121.1 121.35 120.07 118.8 119.6
-9999 -9999 -9999 -9999 -9999 -9999 -9999 -9999 -9999 148.1618 149.9355 146.02 140.44 123.36 125.88 139.59 148.18 144.64 146.86 147.84 146.17 130.55 125.65 131.61 132.4 121.32 120.15 139 141.09 123.38 118.77 128.26 111.02 106.39 110.55 90.26 87.63 97 111.71 117.68 122.82 128.18 131.94 133.21 132.99 133.02 134.05 136.21 134.57 133.48 133.02 131.95 133.31 134.09 132.01 130.03 130.59 132.31 132.28 133.01 132.75 133.26 133.37 133.23 131.82 127.68 124.82 124.43 124.78 124.34 121.54 119.32 118.5
-9999 -9999 -9999 -9999 -9999 -9999 -9999 -9999 152.8333 146.7727 -9999 144.88 138.77 132.3 121.86 135.41 151.07 147.96 142.56 148.12 145.43 133.37 129.86 117.76 113.33 111.94 103.85 126.67 129.97 118.76 103.61 99 94.53 94.5 101.33 111.04 104.58 94.66 104.79 117.91 126.68 130.3 133.14 134.95 134.92 135.1 135.56 137.86 134.65 132.86 135.16 135.36 136.62 136.33 135.22 134.49 133.85 134.3 135.79 135.7 136.07 135.26 135.41 134.36 131.52 126.57 127.82 129.09 127.29 124.46 121.29 119.89 116.94
-9999 -9999 -9999 -9999 -9999 -9999 -9999 -9999 -9999 151.5055 149.95 150.24 151.45 138.16 132.8 143.04 147.18 143.91 143.28 139.8 138 134.32 135.18 117.25 103.79 98.14 91.46 107.89 124.89 112.06 103.34 89.04 76.4 80.74 90.81 91.03 95.79 106.23 111.4 120.87 126.5 130.17 131.58 135.18 136.85 137.01 137.56 138.77 135.72 136.22 137.73 138.27 138.82 137.47 137.35 137.56 137.74 136.7 137.46 138.73 138.59 136.9 136.47 133.88 130.46 132.87 132.6 130.36 128.52 126.29 123.71 120.7 113.69
-9999 -9999 -9999 -9999 -9999 -9999 -9999 -9999 153.8681 142.74 155.33 154.26 155.28 142.77 152.55 142.83 134.29 125.84 129.65 129.09 129.1 134.56 131.59 125.62 114.45 104.49 107.32 117.04 121.87 107.93 97.55 86.15 87.95 106.76 113.61 112.8 113.14 117.85 123.51 128.88 129.7 132.65 134.71 135.17 138.48 138.19 139.43 139.27 138.74 139.85 139.39 140.32 139.04 138.22 139.61 139.85 140.77 141.35 139.88 141.62 137.32 134.35 135.35 134.39 136.91 133.75 134.05 132.4 129.99 126.75 123.07 118.88 121.03
-9999 -9999 -9999 -9999 -9999 -9999 -9999 140.9365 141.32 150.46 155.02 155.47 151.36 151.93 130.84 113.86 105.09 113.14 122.2 129.24 132.36 133.45 133.88 126.75 137.28 122.02 119.13 122.48 116.41 109.99 103.08 97.16 95.77 116.69 120.35 121.46 123.6 125.3 128.56 131.61 134.02 135.94 137.43 137.8 138.32 139.81 141.37 140.62 140.5 139.82 141.87 141.04 140.05 140.85 141.29 141.92 142.57 143.79 142.94 143.06 138.74 139.52 140.72 138.02 135.18 133.71 134.28 133.59 132.26 130.91 128.25 125.38 121.58
-9999 -9999 -9999 -9999 -9999 -9999 -9999 144.9667 152.84 152.32 150.34 134.45 141.18 134 108.17 120.67 125.82 131.93 128.35 118.66 116.34 122.99 126.17 132.69 146.25 133.93 127.85 131.52 125.76 120.73 120.36 116.42 106.92 123.96 125.85 124.09 122.82 127.69 129.98 131.73 133.16 136.24 138.09 139.48 141.01 142.14 142.1 141.48 141.81 142.47 142.81 141.91 140.67 142.54 142.82 143.17 142.83 141.12 138.37 142.4 144.15 141.56 139.26 136.9 133.61 132.12 132.98 132.24 130.21 128.73 127.32 122.64 120.31
-9999 -9999 -9999 -9999 -9999 -9999 -9999 151.6667 150.1364 142.66 145.54 133.44 147.24 144.93 136.86 136.74 136.46 120.74 108.28 109.32 111.08 112.55 130.43 134.3 147.57 137.66 127.56 134.49 134.21 126.07 126.18 127.32 126.14 134.49 131.12 132.99 130.13 128.34 126.55 125.87 128.67 131.56 136.83 138.33 140.94 142.18 143.15 143.64 144.42 144.75 144.05 143.23 142.96 142.69 140.88 139.74 139.35 139.24 140.65 145.33 142.54 140.25 138.38 135.95 133.89 132.82 132.12 132.66 131.52 130.72 130.12 127.44 125.21
-9999 -9999 -9999 -9999 -9999 -9999 -9999 -9999 145.28 139.41 153.71 149.14 151.81 147.89 139.78 121.73 113.74 104.99 120.62 114.72 118.02 118.96 125.25 136.36 149.94 140.62 129.39 138.8 138.31 138.23 131.07 124.09 132.15 139.92 132.42 136.84 134.89 130.87 132.97 134.69 132.49 132.71 137.23 141.73 142.56 142.68 144.27 144.47 143.98 143.16 144.59 144.52 142.03 139.42 139.25 139.37 139.92 142.77 146.31 144.91 141.73 141.12 139.16 138.14 136.76 135.7 137 135.96 134.67 134.94 134 133.45 132.01
-9999 -9999 -9999 -9999 -9999 -9999 -9999 -9999 150.4222 152.2755 149.06 147.07 142.94 147.4 142.14 136.44 133.87 136.64 126.33 118.03 118.21 127.15 138.22 146.6 143.79 133.04 139.81 146.48 149.03 140.65 130.67 119.87 132.76 133.99 137.72 140.17 133.62 131.87 133.09 135.56 137.83 137.55 138.46 141.38 143.44 144.25 145.17 145.81 145.23 144.53 143.85 141.64 140.32 140.64 140.32 140.23 142.52 147.21 144.58 143.22 142.5 142.04 140.18 138.52 137.84 136.57 141.04 141.84 140.55 138.78 138.69 136.91 135.43
-9999 -9999 -9999 -9999 -9999 -9999 -9999 -9999 152.5395 149.8 149.9 151.89 156.43 155.13 153.07 143.99 140.32 123.04 120.63 125.76 135.54 137.51 144.7 148.1 129.7 141.75 149.47 155.46 155.72 145.89 134.5 130.24 130.98 138.18 141.07 141.79 138.3 136.62 134.83 136.77 136.94 138.74 141.46 142.76 143.44 145.44 146.2 143.82 143.95 143.64 143.91 144.74 143.9 143 141.86 142.05 146.82 148.36 145.82 145.96 144.83 143.12 142.38 143.45 143.84 140.32 142.36 139.19 139.51 139.31 139.33 137.56 136.45
-9999 -9999 -9999 -9999 -9999 -9999 -9999 -9999 -9999 150.82 153.82 154 154.27 147.52 150.75 149.84 137.84 138.37 140.92 141.05 146.63 132.08 134.95 126.35 133.14 148.55 157.09 160.21 155.63 147.04 141.61 142.2 141.69 148.02 147 145.34 140.3 137.04 139.11 140.27 140.76 139.22 141.44 142.9 144.43 147.41 147.75 146.09 146.13 146.72 147.41 147.28 147.56 145.85 146.51 148.79 149.48 149.53 149.11 143.39 142.9 141.31 139.76 140.16 141.06 140.57 137.73 135.7 136.59 136.05 132.38 132.95 131.29
-9999 -9999 -9999 -9999 -9999 -9999 -9999 -9999 -9999 153.41 151.79 152.83 149.96 152.82 151.59 148.43 142.41 141.66 155.8 144.11 128.08 126.04 127.62 134.91 143.19 144.63 146.94 159.5 155.08 142.08 131.88 146.37 150.63 151.55 149.19 147.15 142.2 139.8 143.15 140.18 140.04 142.25 142.45 144.32 146.11 146.91 147.49 146.15 147.06 148.8 149.66 148.98 149.5 149.56 149.13 148.1 148.89 149.4 147.82 143.91 142.34 141.22 140.67 140.01 140.15 140.15 139.04 133.14 126.82 125.66 127.52 134.84 134.36
-9999 -9999 -9999 -9999 -9999 -9999 -9999 -9999 -9999 153.899 153.96 154.49 154.8 153.58 150.43 151.52 143.67 147 155.51 140.57 114.89 135.42 134.14 136.96 146.8 156.42 157.88 156.73 151.74 154.24 146.78 152.43 150.59 141.9 137.72 139.5 142.84 145.76 142.21 139.71 139.17 140.07 141.47 142.45 143.9 143.5 143.35 144.84 145 145.57 146.57 147.56 147.36 147.82 146.63 146.64 148.67 149.42 147.08 146.82 147.73 146.19 144.95 144.24 142.56 141.28 141.79 135.43 128.92 131.98 134.1 134.65 133.29
-9999 -9999 -9999 -9999 -9999 -9999 -9999 -9999 -9999 154.2025 152.04 152.64 149.01 146.17 149.43 153.54 153.14 157.81 140.6 129.38 144.77 149.02 139.87 150.4 142.52 154.82 145.31 145.77 159.08 159.16 154.89 157.83 149.05 140.86 141.9 146.3 149.86 145.06 142.42 141.36 140.46 139.97 139.53 139.33 139.5 139.23 140.92 142.17 144.65 147.25 144.92 146.53 147.52 148.35 149.15 149.69 149.18 148.48 148.5 148.29 147.96 147.34 145.88 144.07 142.47 141.92 140.3 138.83 134.7 137.25 135.08 129.43 121.88
-9999 -9999 -9999 -9999 -9999 -9999 -9999 -9999 -9999 154.6038 153.76 153.01 152.73 150.68 153.1 152.98 157.9 142.32 136.36 136.08 158.23 153.22 150.58 159.68 157.42 152.77 141.44 142.78 162.88 158.06 151.5 153.22 146.42 146.41 145.52 146.91 141.95 140.9 142.63 143.34 142.97 141.08 139.71 137.4 138.66 140.46 140.42 140.04 141.87 144.77 146.03 146.81 147.76 148.2 148.74 149.29 148.1 148.08 146.51 147.95 147.52 146.81 146 144.61 143.16 142.01 140.76 138.46 135.14 133.81 132.91 121.5 103.13
-9999 -9999 -9999 -9999 -9999 -9999 -9999 -9999 -9999 -9999 154.3441 155.89 155.63 153.34 152.6 155.77 153.39 150.89 152.85 149.15 157.62 154.15 154 155.61 152.86 155.8 157.67 158.57 166.03 153.95 150.91 154.69 153.69 149.1 143.17 143.14 142.9 141.69 140.87 141.65 143.29 144.37 142.95 143.11 143.38 143.12 142.86 142 142.74 144.49 146.46 146.65 147.15 147.05 147.92 148.51 146.69 147.35 144.94 146.46 146.88 145.34 144.31 144.76 143.09 139.36 135.24 133.65 131.53 125.83 114.13 104.48 107.12
-9999 -9999 -9999 -9999 -9999 -9999 -9999 -9999 -9999 -9999 155.2857 153.32 156.86 156.23 155.63 150.26 135.72 140.18 125.06 129.28 143.66 138.89 142.95 140.79 139.17 142.09 150.25 152.21 163.77 161.5 161.33 159.62 159.03 149.85 145.18 144.65 143.14 143.12 141.83 141.38 142.39 143.08 143.94 144.6 145.14 144.97 144.33 143.27 142.34 143.22 145.37 145.86 145.86 146.02 146.92 146.37 145 146.22 144.09 144.75 144.64 143.05 144.91 142.96 139.88 135.65 130.04 113.68 112.08 112.18 129.93 129.52 115.51
