layers/wordclim/future/Iberia_wcB2a_10_hadcm3_2050/bio_13.asc
ncols         166
nrows         93
xllcorner     -9.4959440078468
yllcorner     36.000324005443
cellsize      0.083333337679505
NODATA_value  -9999
[rows 0 to 33 of 93, columns 0 to 75 of 166]
-9999 -9999 -9999 -9999 -9999 -9999 -9999 -9999 -9999 -9999 -9999 -9999 -9999 -9999 -9999 -9999 -9999 161.2439 174.25 154.6866 153.3788 155.3636 149.5942 146.9091 -9999 -9999 -9999 -9999 -9999 -9999 -9999 -9999 -9999 -9999 -9999 -9999 -9999 -9999 -9999 -9999 -9999 -9999 -9999 -9999 -9999 -9999 -9999 -9999 -9999 -9999 -9999 -9999 -9999 -9999 -9999 -9999 -9999 -9999 -9999 -9999 -9999 -9999 -9999 -9999 -9999 -9999 -9999 -9999 -9999 -9999 -9999 -9999 -9999 -9999 -9999 -9999
-9999 -9999 -9999 -9999 -9999 -9999 -9999 -9999 -9999 -9999 -9999 -9999 -9999 -9999 -9999 -9999 159.6667 161.4947 167.52 158.81 166.87 166.57 154.3333 161.41 156.67 146.5979 -9999 -9999 -9999 -9999 -9999 -9999 -9999 -9999 -9999 -9999 -9999 -9999 -9999 -9999 -9999 -9999 -9999 117.4844 116.9231 -9999 -9999 -9999 -9999 -9999 -9999 -9999 -9999 -9999 -9999 -9999 -9999 -9999 -9999 -9999 -9999 -9999 -9999 -9999 -9999 -9999 -9999 -9999 -9999 -9999 -9999 -9999 -9999 -9999 -9999 -9999
-9999 -9999 -9999 -9999 -9999 -9999 -9999 -9999 -9999 -9999 -9999 -9999 -9999 -9999 160.7037 158.6316 161.6768 164.15 167.55 177.02 180.71 175.44 167.26 174.11 151.82 141.3 138.9789 137.2278 133.9296 126.5455 126.1375 124.0833 123.9474 117.961 122.1013 116.9242 117.6575 120.1806 121.9091 119.9278 119.2692 118.9167 117.9697 117.75 117.53 114.4026 113.8689 115.75 115.4576 -9999 -9999 -9999 -9999 -9999 -9999 -9999 -9999 -9999 -9999 -9999 -9999 -9999 -9999 -9999 -9999 -9999 -9999 -9999 -9999 -9999 -9999 -9999 -9999 -9999 -9999 -9999
-9999 -9999 -9999 -9999 -9999 -9999 -9999 -9999 -9999 -9999 -9999 -9999 -9999 -9999 -9999 -9999 172.0808 182.34 184.32 176.72 182.22 187.27 187.74 184.29 168.73 150.62 140.75 145.82 133.57 130.8889 136.21 138.22 136.37 125.06 135.32 125.72 120.71 123.03 127.65 120.24 116.8081 120.85 122.27 119.82 116.98 116.38 117.84 117.39 113.01 113.49 112.18 113.4487 110.8462 111.3898 113.92 -9999 -9999 -9999 -9999 -9999 -9999 -9999 -9999 -9999 -9999 -9999 -9999 162.0548 -9999 170.6508 173.6458 175.7471 179.0435 -9999 -9999 -9999
-9999 -9999 -9999 -9999 -9999 -9999 -9999 -9999 -9999 -9999 -9999 -9999 -9999 -9999 164.0298 163.9375 174.5 185.78 185.83 187.37 179.99 179.83 176.43 179.01 170.07 164.39 154.64 143.11 141.73 150.28 157.13 146.16 135.89 136.65 138.31 124.58 129.46 133.25 122.33 117.21 116.82 115.07 115.41 118.68 116.75 115.14 115.03 113.73 112.5 111.3 110.59 106.06 106.66 112.26 114.57 117.86 123.21 121.4468 121.5432 122.5069 124.7143 128.1154 132.875 138.4217 143.2551 145.85 151.79 156.83 161.3333 163.94 167.58 170.48 172.5952 175.8 178.6292 182.1296
-9999 -9999 -9999 -9999 -9999 -9999 166.5556 164.9375 169.946 -9999 176.5946 176.9398 175.74 168.2323 166.96 -9999 179.89 188.18 196.89 189.81 181.59 175.3 172.13 164.8 164.53 159.31 156.91 145.29 156.52 156.99 152.03 135.72 137.84 148.49 144.72 128.6 120.95 119.95 123.37 119.17 119.89 119.53 117.41 115.4 115.21 113.97 112.49 114.13 113.65 110.72 114.58 110.75 108.35 116.02 122.87 122.87 119.26 123.11 120.03 123.17 123.67 127.59 130.73 134.06 137.5 140.9 145.43 149.98 153.41 154.53 158.22 161.56 165.61 166.64 169.75 173.07
-9999 -9999 -9999 -9999 -9999 -9999 171 174.09 177.27 178.35 186.56 203.32 200.61 192.7 181.42 181.51 193.91 195.73 196.73 190.66 185.13 174.54 169.51 163.47 159.22 158.16 159.11 152.37 154.14 153.95 143.06 134.41 146.51 152.37 134.64 125.67 125.4 136.48 129.84 130.89 128.71 117.72 133.89 118.2 111.17 112.4 112.65 111.12 111.49 111.69 124.7 117.33 115.01 126.74 153.02 139.42 145.83 141.59 120.41 125.56 123.9 124.3 126.49 129.18 131.47 134.5 138.25 141.62 143.57 145 148.73 150.91 154.24 157.38 159.54 164.25
-9999 -9999 -9999 -9999 159.1398 172.52 177.59 191.22 200.2 203.83 213.15 212.08 208.25 211.17 204.86 206.75 207.74 203.93 200.5 191.13 186.77 179.39 168.42 163.14 161.63 161.67 163.05 153.09 163.72 153.71 152.48 139.11 144.93 149.49 136.54 129.98 140.21 150.38 132.01 141.94 132.83 135.18 119.66 117.99 110.54 116.87 113.7 112.78 121.87 127.83 121.83 125.9 131.22 121.95 135.51 142.3 134.64 116.84 112.96 117.39 131.62 124.74 124.19 125.45 126.87 127.99 131.18 132.47 135.36 139.15 141.3 142.15 142.29 145.62 151.27 153.4
-9999 -9999 -9999 155.9897 166.37 187.28 193.26 202.46 208.95 215.18 217.07 217.81 211.19 211.35 212 209.03 207.82 207.06 210.06 199.41 186.84 182.1 172 166.5 165.4 163.89 166.2 163.35 151.42 149.79 137.61 136.24 148.67 155.24 137.84 150.82 146.64 167.54 165.95 157.51 167.52 150.82 156.54 125.53 114 139.68 141.19 132.5 139.36 141.91 127.75 134.77 125.17 121.27 131.36 130.27 142.67 140.07 128.61 120.94 125.28 138.21 130.61 122.18 122.45 123.05 123.89 125.34 127.98 129.56 131.05 131.89 133.71 135.67 137.95 137.96
-9999 -9999 -9999 155.3765 178.5051 190.65 199.89 207.2 211.13 216.14 217.91 219.88 219.87 220.41 219.11 217.45 210.31 211.81 206.41 204.08 191.55 186.57 178.99 165.63 158.89 156.53 163.61 158.62 155.57 140.2 138.47 147.5 145.39 152.91 152.51 157.17 162.67 150.63 147.55 144.92 148.09 138.19 137.96 141.93 132.41 127.64 131.07 124.01 131.3 123.65 112.39 118.76 118.56 116.25 113.6 122.29 135.08 137.36 131.4 120.69 116.54 132.75 126.39 115.7 115.22 115.28 116.38 118.17 119.91 121.45 123.04 123.94 125.58 126.88 128.21 128.6
-9999 -9999 -9999 -9999 172.0517 198.47 203.16 203.64 216.39 211.25 208.36 225.05 234.05 222.73 219.82 215.27 206.39 203.61 200.91 197.59 195.67 183.8 172.45 163.82 156.07 155.44 156.37 160.15 148.4 143.1 151.92 163.67 172.13 168.77 152.62 151.61 145.71 148.8 159.33 148.84 153.01 149.93 134.7 121.72 134.08 119.84 115.68 112.09 118.19 108.18 105.96 112.74 107.59 112.84 108.12 117.53 118.17 118.17 117.19 108.88 106.38 107.62 108.62 108 108.39 108.76 110.98 110.48 112.06 113.22 115.78 115.92 117.05 118.26 120.18 120.33
-9999 -9999 -9999 -9999 172.9 181.7344 186.8485 192.022 230.96 220.53 216.8 215.93 224 219.06 216.32 225.32 216.08 214.46 210.91 198.77 195.55 187.11 170.12 171.21 166.07 152.82 163.94 163.84 154.79 154.95 156.69 176.67 158.38 143.98 129.9 130.47 142.94 155.37 152.81 147.11 133.43 122.5 114.14 110.38 106.87 109.51 100.81 98.5 100.68 97.11 97.53 98.47 97.75 100.66 97.77 102.66 105.78 100.49 100.64 102.21 100.41 100.09 98.53 99.79 102.2 101.47 102.71 105.45 105.34 107.15 108.34 108.47 109.37 109.93 110.63 110.99
-9999 -9999 -9999 -9999 -9999 -9999 220.587 209.16 221.43 212.06 226.78 236.81 232.68 244.71 238.85 232.9 229.6 219.23 217.54 212.42 193.27 178.1 181.81 177.51 165.71 161.49 169.52 177.94 175.73 165.21 154.01 157.72 138.06 124.74 122.63 118.31 124.5 125.88 121.62 121.51 124.02 119.52 110.24 102.66 98.55 98.44 91.95 89.83 91.41 87.66 91.4 88.92 90.28 89.89 91.69 93.86 93.81 93.42 92.22 93.66 91.91 92.66 92.82 95.54 96.71 96.91 97.04 98.19 98.51 100.31 102.17 101.58 100.3 102.88 103.46 105.06
-9999 -9999 -9999 -9999 -9999 185.322 208.7447 -9999 -9999 231.25 234.46 254.22 260.31 259.91 255.27 239.83 231.01 226.93 220.42 214.96 192.52 176.92 177.15 168.05 151.42 158.97 170.35 165.51 167.17 170.83 151.54 137.55 125.09 114.14 109.63 109.34 106.93 106.48 110.35 115.76 108.62 102.66 99.92 94.72 92.41 90.71 84.39 83.31 83.09 82.74 83.96 82.48 85.48 83.18 86.23 87.55 86.72 87.08 85.3 86.56 85.84 85.33 86.52 89.18 89.85 91.34 91.64 92.71 93.26 94.72 93.96 93.25 92.7 93.54 94.4 94.53
-9999 -9999 -9999 -9999 -9999 -9999 -9999 193.8333 212.1687 225.08 245.71 261.8 267.53 262.8 257.87 247.33 237 231.02 224.05 210.49 195.73 176.23 169.31 152.32 147.79 150.24 156.59 156.04 166.24 162.94 148.93 127.41 115.25 106.99 105.98 107.76 119.39 125.1 124.1 117.22 104.1 96.83 93.67 87.86 85.51 83.08 79.9 78.33 77.49 77.96 77.93 79.75 79.92 78.02 80.18 81.46 79.97 80.8 80.41 79.92 80.67 79.9 80.21 81.15 81.93 83.02 84.29 86.8 86.76 87.23 85.36 85.95 88.65 88.91 88.7 89.17
-9999 -9999 -9999 -9999 -9999 -9999 -9999 204.3958 224.6956 257.3932 245 266.15 273.92 269.6 258.88 242.17 228.5 214.89 203.15 194.32 185.42 175.13 163.12 155.24 159.45 154.47 147.24 142.61 156.55 145.45 134.86 123.87 115.98 124.36 135.9 128.84 137.71 136.67 118.86 106.36 97.8 91.54 89.15 83.57 81.37 79.54 77.01 74.28 73.71 73.86 74.53 75.95 75.24 73.84 75.3 76.44 75.26 74.35 74.38 74.47 74.29 74.71 75.42 75.86 76.51 77.15 79.21 80.18 79.82 79.79 80.19 81.68 82.81 83.11 84.38 83.2
-9999 -9999 -9999 -9999 -9999 -9999 -9999 -9999 -9999 258.0147 258.8817 274.55 276.12 271.51 258.97 236 206.65 202.86 186.03 173.31 168.29 188.06 185.87 170.99 163.42 172.8 167.47 138.7 130.88 145.92 146.77 130.68 144.84 144.72 134.93 153.73 151.88 136.22 116.06 105.95 97.54 89.77 83.91 80.47 78.57 76.24 74.22 71.42 71.3 71.24 70.83 70.99 69.92 69.92 70.73 71.23 70.66 69.62 69.38 69.23 69.51 69.67 70.13 70.72 71.57 73.18 74.5 74.38 74.06 73.8 74.32 77.12 79.16 83.47 83.17 81.32
-9999 -9999 -9999 -9999 -9999 -9999 -9999 -9999 229.9872 264.2273 -9999 286.18 278.72 265.36 262.77 238.26 199.19 193.51 194.56 172.62 170.24 183.86 180.44 189.67 187.8 182.39 187.07 153.37 143.67 151.06 162.98 163.86 163.9 158.17 145.04 128.97 131.27 138.27 122.34 104.21 92.43 86.19 81.73 78.21 75.52 73.61 71.43 69.06 69.68 69.71 68.13 67.31 66.32 65.98 66.11 66.58 66.45 65.86 64.83 64.77 64.72 65.34 65.96 66.81 68.08 70.36 69.83 69.15 69.71 70.33 71.6 73.62 76.89 81.81 87.26 89.16
-9999 -9999 -9999 -9999 -9999 -9999 -9999 -9999 -9999 251.5714 277.02 262.24 253.88 260.33 251.37 226.1 206.26 201.03 192.96 189.17 183.44 180.79 173.41 189.78 198.9 198.89 201.81 176.05 149.8 158.98 163.51 174.49 185.47 174.94 157.31 151.94 141.28 124.37 114.43 100.67 91.7 85.26 81.26 76.01 72.37 70.54 69.03 67.24 67.71 66.29 64.82 63.87 63.36 63.46 63.08 62.63 62.16 62.11 61.3 60.65 60.76 61.69 62.43 64.12 65.61 64.97 65.27 66.18 66.56 67.25 69.06 70.79 76.8 86.06 90.18 97.67
-9999 -9999 -9999 -9999 -9999 -9999 -9999 -9999 224.5824 276.88 236.45 245.49 232.63 246.72 215.91 222.13 223.27 226.39 211.47 205.22 196.24 180.53 178.36 179.35 185.97 191.61 181.56 165.46 153.8 164.18 170.52 177.97 170.38 144.2 130.73 126.54 121.05 111.5 101.61 92.57 87.92 82.19 77.83 74.73 70.17 68.06 65.89 64.79 64.01 62.89 62.5 61.64 61.72 61.69 60.58 59.78 58.62 58.18 57.99 56.59 58.73 60.55 60.7 61.51 61.15 62.41 62.39 62.97 64.18 65.78 67.86 71.19 69.99 71.96 76.89 79.11
-9999 -9999 -9999 -9999 -9999 -9999 -9999 249.3333 262.83 241.36 225.98 227.62 234.67 225.38 246.27 253.17 251.29 237.09 219.64 203.78 191.01 181.35 173.46 177.58 156.63 170.04 167.48 159.17 160.43 162.1 164.37 165.1 161.34 131.99 123.76 117.3 110.19 104 96.48 89.53 83.72 78.81 74.88 71.8 68.64 65.79 63.25 62.27 60.98 61.49 59.68 59.37 59.56 58.65 58.13 57.54 56.75 55.72 55.08 53.86 56.02 56.58 56.78 58.5 60.1 60.84 60.92 61.25 61.69 62.57 64.01 66.02 68.97 68.05 68.43 74.16
-9999 -9999 -9999 -9999 -9999 -9999 -9999 232.75 215.19 221.83 235.12 264.9 249.24 249.69 259.21 243.11 231.07 214.91 210.68 215.83 210.5 194.9 183.88 169.01 144.66 154.96 157.11 146.82 149.6 150 144.9 143.82 148.57 124.55 118.23 114.68 110.92 101.46 94.82 88.86 83.69 77.8 73.06 69.1 65.87 63.04 61.15 60.26 59.18 58.45 57.66 57.64 57.7 56.94 56.63 56.25 56.05 55.89 55.97 53.56 52.8 54.81 56.16 57.74 59.49 60.41 60.27 60.85 61.56 62.5 63.53 66.77 68.7 71.51 66.83 68.56
-9999 -9999 -9999 -9999 -9999 -9999 -9999 205.3333 215.3409 242.91 239.88 257.91 229.36 227.53 228.75 222.24 215.18 225.42 232.33 226.89 219.03 211.54 182.42 170.65 144.71 152.72 161.22 145.39 140.13 144.24 138.99 132.54 128.26 114.88 112.57 106.47 104.04 100.69 97.59 93.61 86.94 80.47 72.76 68.52 64.56 61.17 59.42 57.59 56.25 56.21 56.01 55.79 55.75 55.66 56.58 56.79 56.9 56.26 55.41 52.73 53.42 54.86 55.77 56.99 58.68 59.44 59.97 59.92 60.52 61.01 61.49 62.91 64.71 66.58 68 68.1
-9999 -9999 -9999 -9999 -9999 -9999 -9999 -9999 222.7 237.06 205.5 217.59 211.67 214.41 221.21 236.19 239.97 243.39 222.52 225.38 216.08 209.46 194.93 173.75 147 155.87 163.79 144.22 137.6 131.15 133.82 136.24 122.73 109.88 111.63 103.2 99.65 98.19 91.41 85.26 82.85 78.74 71.42 65.25 61.76 59.7 57 55.44 54.91 55.24 53.69 53.56 54.85 56.03 56.33 56.4 56.32 55.6 54.46 53.61 54.07 54.4 55.36 55.81 56.54 57.43 57.16 57.72 58.83 58.93 59.6 60.09 60.8 61.37 62.57 65.28
-9999 -9999 -9999 -9999 -9999 -9999 -9999 -9999 211.5556 206.1225 212.1 217.48 224.66 211.08 214.13 215.32 213.56 206.58 220.12 226.44 221.7 205.09 183.62 165.05 163.26 172.23 155.54 139.17 128.5 131 136.18 141.17 122.13 115.61 107.71 100.29 100.63 97.25 91.06 84.48 78.32 74.32 69.4 64.13 60.05 57.33 54.93 53.62 53.4 53.13 53.21 53.83 54.31 54.25 55.29 55.6 55.54 55.11 55.07 54.38 54.06 54.04 54.71 55.61 56.68 57.68 55.93 55.7 56.76 57.71 57.86 57.88 59.06 59.69 60.49 61.21
-9999 -9999 -9999 -9999 -9999 -9999 -9999 -9999 205.5526 209.14 206.71 200.81 190.8 191.26 191.58 203.23 206.21 233.03 233.41 222.51 205.34 197.45 181.39 170.75 189.65 166.21 147.41 131.25 123.96 129.85 135.2 131.99 124.22 111.64 104.69 98.89 96.75 93.11 89.41 83.32 78.48 72.77 66.76 61.96 58.77 54.96 53.51 53.48 52.75 52.45 52.03 51.59 51.97 53 53.91 54.25 53.18 53.54 53.95 53.24 53.34 54.12 54.2 53.95 54.19 56.05 55.14 56.48 57.06 57.38 57.49 58.22 58.68 58.94 58.62 58.91
-9999 -9999 -9999 -9999 -9999 -9999 -9999 -9999 -9999 204.15 195.73 192.72 192.92 203.81 193.62 193.08 216.41 214.5 207.31 204.46 193.52 210.1 203.9 206.76 191.54 162 140.63 128.75 128.91 132.02 130.33 121.78 114.77 103.5 99.65 96.08 95.28 92.98 86.05 80.77 75.57 72.32 66.37 61.23 57.1 52.86 51.75 51.8 51.05 50.31 49.82 49.58 49.85 50.6 50.82 50.64 50.92 51.44 51.54 53.65 53.71 54.22 54.96 54.8 55.06 55.77 57.36 58.11 58.31 58.61 60.33 59.96 61.6 59.55 58.62 58.17
-9999 -9999 -9999 -9999 -9999 -9999 -9999 -9999 -9999 196.22 196.4 194.62 199.35 191.18 190.47 195.98 211.58 212.36 182.32 206.55 226.53 224.68 218.66 203.48 185.15 173.5 160.53 135.41 133.41 141.32 144.3 119.83 108.45 100.62 97.81 94.57 93.95 90.89 83.47 81.04 76.44 70.63 66.31 61.09 55.99 52.88 51.55 51.2 49.9 48.32 47.97 48.2 47.88 48.7 49.08 49.97 50.08 50.38 51.67 52.86 53.53 53.98 54.3 54.99 55.2 56.32 56.95 59.67 62.89 63.68 63 59.29 59.53 60.95 59.9 60.76
-9999 -9999 -9999 -9999 -9999 -9999 -9999 -9999 -9999 192.1212 189.75 190.16 188.21 187.86 191.41 189.64 211.2 205.3 187.58 217.49 245.98 220.59 217.47 206.78 184.97 159.3 148.2 142.75 141.22 129.19 130.19 115.59 110.04 110.87 108.46 101.91 94.09 86.83 84.65 82.28 78.22 72.91 67.7 62.98 58.39 55.82 53.67 51.54 50.36 49.5 48.46 47.68 47.68 47.82 48.76 49.23 49.13 49.24 50.37 50.85 50.91 52.43 53.15 53.73 54.66 55.52 56.6 59.62 62.57 61.46 60.8 60.5 60.17 60.86 62.95 64.09
-9999 -9999 -9999 -9999 -9999 -9999 -9999 -9999 -9999 189.2532 194.61 192.99 196.78 198.79 192.86 184.4 188.83 181.5 219.5 237.72 215.01 210.09 215.94 193.22 195.18 165.77 170.84 162.19 134.31 125.58 123.03 112.13 113.42 113.05 105.06 96.62 89.01 88.78 86.08 81.91 78.37 74.05 70.05 66.35 62.73 59.7 56.5 53.17 50.31 47.89 48.21 46.93 46.6 47.41 47.39 47.61 48.08 48.76 49.06 49.55 50 51.64 52.66 54.76 55.79 56.57 57.43 58.42 60.76 59.65 60.68 63.12 67.32 69.93 69.67 70.38
-9999 -9999 -9999 -9999 -9999 -9999 -9999 -9999 -9999 187.2076 191.24 191.49 189.55 189.4 185.02 185.58 176.75 217.29 231.48 228.96 188.73 201.93 201.05 175.79 172.7 171.01 179.21 168.98 131.23 129.32 129.17 119.5 118.1 109.23 102.78 97.59 97.03 92.72 86.81 81.67 77.33 74.52 71.13 69.15 65.11 60.57 57.01 54.84 51.25 48.58 46.93 47.22 47 47 47 47 47.71 48.04 48.91 50.01 50.78 51.69 52.68 54.68 56.14 57.05 57.96 59.7 61.09 61.69 61.94 67.92 78.97 78.83 74.67 71.47
-9999 -9999 -9999 -9999 -9999 -9999 -9999 -9999 -9999 -9999 188.4086 184.72 182.9 185.07 183.82 178.46 188.64 200.16 198.65 204.96 189.53 196.44 192.69 183.53 182.73 168.74 156.62 147.69 128.38 136.84 131.79 119.28 112.19 107.96 106.64 101.78 97.14 93.38 89.46 84.06 78.64 74.23 71.16 67.25 63.55 60.33 56.6 53.68 50.55 48.54 47.2 47 47 46.98 46.22 46.34 47.15 47.46 49 50 50.41 51.78 53.42 54.93 56.51 58.88 61.16 62.6 63.56 66.38 72.57 78.57 76.67 69.68 72.81 67.18
-9999 -9999 -9999 -9999 -9999 -9999 -9999 -9999 -9999 -9999 182.6429 186 179.54 178.13 176.78 191.99 226.56 221.47 251.19 244.41 219.55 224.55 214.9 210.79 205.69 192.02 170.5 159.5 133.25 128.52 120.72 115.18 107.95 108.72 106.08 101.64 98.15 93.25 90.14 86.49 81.28 76.69 72.22 67.96 64.18 60.96 57.9 53.6 50.88 48.79 47.36 47 47 46.9 46.18 46.58 47.06 47.06 48.16 49.3 50.51 52 53.69 55.87 58.86 61.39 64.2 72.57 73.92 74.13 65.42 65.24 72.08 67.34 62.39 63.15
-9999 -9999 -9999 -9999 -9999 -9999 -9999 -9999 -9999 -9999 175.4767 184.4 185.74 186.41 187.09 193.24 210.74 239.27 254.88 248.23 244.64 240.94 222.51 202.98 207.67 205.78 182.34 155.59 139.52 140.29 131.72 119.9 119.26 112.57 105.84 100.96 97.67 95.58 90.92 86.16 82.88 78.93 73.46 69.66 66.86 63.88 59.65 52.31 48.32 48.34 47.96 47.55 47.4 47.21 47 47 46.98 47 47.88 49.31 50.49 51.59 53.53 55.7 59.75 62.92 74.06 81.73 71.13 65.07 63.03 61.98 64.25 63.76 59.49 58.74
