layers/wordclim/future/Iberia_wcB2a_10_hadcm3_2050/bio_09.asc
ncols         166
nrows         93
xllcorner     -9.4959440078468
yllcorner     36.000324005443
cellsize      0.083333337679505
NODATA_value  -9999
[rows 0 to 32 of 93, columns 0 to 72 of 166]
-9999 -9999 -9999 -9999 -9999 -9999 -9999 -9999 -9999 -9999 -9999 -9999 -9999 -9999 -9999 -9999 -9999 184.3659 176.1944 187.3433 187.8182 186.4886 189.5797 190.4394 -9999 -9999 -9999 -9999 -9999 -9999 -9999 -9999 -9999 -9999 -9999 -9999 -9999 -9999 -9999 -9999 -9999 -9999 -9999 -9999 -9999 -9999 -9999 -9999 -9999 -9999 -9999 -9999 -9999 -9999 -9999 -9999 -9999 -9999 -9999 -9999 -9999 -9999 -9999 -9999 -9999 -9999 -9999 -9999 -9999 -9999 -9999 -9999 -9999
-9999 -9999 -9999 -9999 -9999 -9999 -9999 -9999 -9999 -9999 -9999 -9999 -9999 -9999 -9999 -9999 186.2879 185.0316 182.29 187.01 181.15 180.48 188.3838 182.07 183.97 190.4433 -9999 -9999 -9999 -9999 -9999 -9999 -9999 -9999 -9999 -9999 -9999 -9999 -9999 -9999 -9999 -9999 -9999 176.8594 177.1538 -9999 -9999 -9999 -9999 -9999 -9999 -9999 -9999 -9999 -9999 -9999 -9999 -9999 -9999 -9999 -9999 -9999 -9999 -9999 -9999 -9999 -9999 -9999 -9999 -9999 -9999 -9999 -9999
-9999 -9999 -9999 -9999 -9999 -9999 -9999 -9999 -9999 -9999 -9999 -9999 -9999 -9999 186.3148 188.2526 187.0606 185.78 183.74 178.68 175.32 177.09 180.98 175.37 189.01 195.03 195.8947 195.4177 196.1972 200.4 199.15 199.0833 196.8289 200.0519 194.2532 197.0758 185.1096 176.3333 173 173.4845 174.6923 175.5833 177.2626 177.31 175.57 178.961 178.7869 175.4833 175 -9999 -9999 -9999 -9999 -9999 -9999 -9999 -9999 -9999 -9999 -9999 -9999 -9999 -9999 -9999 -9999 -9999 -9999 -9999 -9999 -9999 -9999 -9999 -9999
-9999 -9999 -9999 -9999 -9999 -9999 -9999 -9999 -9999 -9999 -9999 -9999 -9999 -9999 -9999 -9999 184.7475 179.19 177.75 180.92 177.35 172.02 170.27 169.9 179.09 189.97 195.34 190.02 197.72 197.6465 190.5 187.38 186.36 193.65 181.89 188.2 191.85 183.92 174.93 171.32 177.1212 171.38 169.84 173.34 175.19 174.8 170.27 169.32 176.77 175.19 174.19 172.5769 179.4359 181.5932 180.96 -9999 -9999 -9999 -9999 -9999 -9999 -9999 -9999 -9999 -9999 -9999 -9999 183.274 -9999 182.8413 180.1979 182.2988 181.6087
-9999 -9999 -9999 -9999 -9999 -9999 -9999 -9999 -9999 -9999 -9999 -9999 -9999 -9999 189.806 190.9792 186.51 181.24 180.16 177.88 180.23 179.81 179.54 175.88 179.56 182.15 186.88 192.99 192.47 183.3 175.37 181.38 188.06 184.67 180.23 189.08 182.52 178.3 182.72 177.83 175.39 178.12 178.14 173.19 175.01 174.05 172.48 172.79 173.39 174.22 175.08 180.63 181.15 174.32 173.43 171.3 165.8 173.7234 178.9753 184.2329 185.5195 186.2821 184.5694 181.759 182.7245 185.49 183.38 182.96 180.9896 183.15 178.83 179.92 183.1548
-9999 -9999 -9999 -9999 -9999 -9999 186.4444 188.275 187.527 -9999 187.2027 187.5904 187.29 190.1717 191.73 -9999 187.76 182.9 177.29 179.59 182.58 184.44 185.39 187.81 185.89 186.83 186.78 193.1 181.8 178.59 180.26 190.76 186.45 174.87 176.02 186.21 190.37 189.24 184.55 187.19 180.81 176.74 174.5 175.16 173.17 173.1 170.36 166.59 166.81 168.82 164.48 168.4 173.18 164.43 163.86 165.97 169.6 167.14 173.42 171.52 177.92 175.44 177.25 179.18 176.17 180.23 180.05 179.12 172.66 167.24 169.5 173.04 178.39
-9999 -9999 -9999 -9999 -9999 -9999 185.7397 187.06 187.49 188.54 186.58 181.27 183.82 186.82 191.11 191.01 185.32 183.06 180.27 182.34 183.61 188.02 188.94 191.2 191.54 189.73 186.11 189.37 185.06 182.21 187.87 193 180.49 173.3 184.2 188.84 186.9 176.17 179.27 176.58 176.13 183.87 168.91 173.63 175.2 174.32 174.33 173.29 173.67 169.58 167.41 168.15 172.52 164.04 142.56 154.08 149.33 153.09 170.89 167.56 167.32 171.36 171.81 167.17 171.34 176.71 173.27 171.92 171.05 164.71 162.83 167.86 172.04
-9999 -9999 -9999 -9999 187.8602 184.6 185.42 182.69 181.61 183.12 181.84 183.87 186.38 186.04 187.56 184.88 182.29 182.78 181.86 185.04 185.9 187.83 191.89 192.9 192.19 189.55 185.22 189.74 179.34 183.72 182.43 189.8 182 176.34 183.59 186.17 175.72 165.23 177.43 168.46 173.67 169.7 180.89 180.72 187.29 176.39 178.7 181.36 172.36 166.55 171.53 167.43 162.08 170.36 157.3 150.67 158.85 177.71 181.22 177.81 164.18 172.06 174.05 174.2 177.64 178.39 177.61 175.42 173.56 168 166.42 170.85 175.75
-9999 -9999 -9999 187.0825 185.3 181.26 182.01 181.67 182.21 182.9 185.45 187.54 191.21 191.22 190.32 189.57 186.83 184.15 179.78 183.18 188.21 188.82 192.6 193.21 191 189.98 184.89 183.93 189.57 188.35 194.93 193.7 179.8 172.33 182.94 170.92 171.21 152.57 151.4 155.53 145.8 156.95 150.68 174.98 183.64 159.82 157.59 163.94 156.68 153.31 165.29 158.02 166.61 170.4 159.8 160.58 148.48 152.02 162.69 172.35 166.67 152.29 161.41 175.13 178.84 181.28 180.54 182.11 179.97 180.67 185.92 187.02 187.47
-9999 -9999 -9999 188.4235 182.596 181.65 181.9 183.52 185.76 187.33 189.53 192.54 194.04 194.09 192.16 190.13 190.17 184.83 184.25 183.17 187.86 187.88 190.56 196.37 198.01 196.31 188.64 189.13 188.15 196.97 195 185.65 184.05 174.94 171.96 165.65 158.5 166.44 166.3 165.97 161.14 167.22 165.29 160.41 166.75 169.13 164.64 169.63 162.21 167.92 177.84 170.75 170.45 172.54 175.24 165.99 152.81 150.53 156.45 168.22 173.82 155.4 163.05 179.37 182.79 184.01 185.02 184.45 184.91 186.7 191.32 196.7 194.63
-9999 -9999 -9999 -9999 188.1207 181.43 183.9 187.8 187.83 192.99 196.69 194.45 194.66 197.45 196.59 195.18 196.47 193.88 191.47 189.7 188.24 192.59 196.57 199.77 202.11 199.63 195.09 188.46 195.34 196.32 185.54 172.65 162.7 163.51 172.98 170.79 172.76 167.23 156.3 162.22 157.96 157.96 168.32 177.39 165.24 175.99 178.23 180.24 173.75 182.33 183.66 175.85 180.71 174.37 178.91 168.74 167.68 167.45 169.21 179.94 183.26 182.76 182.6 185.01 184.74 186.74 184.44 190.1 189.09 193.02 190.18 193.59 198.56
-9999 -9999 -9999 -9999 191.125 189.75 192.6515 195.1978 185.42 193.26 197.8 199.96 199.54 201.44 201.06 193.31 193.37 190.62 188.37 192.06 189.93 192.46 200.32 196.25 197 203.46 190.82 187.3 190.99 188.14 183.01 163.11 174.79 183.06 191.75 189.03 175.51 162.89 162.08 164.02 172.67 180.03 185.92 187.28 188.79 184.82 192.74 193.66 190.05 193.27 191.76 189.83 190.31 186.51 189.47 183.21 179.69 185.88 186 184.51 187.65 189.16 191.79 191.61 188.55 192.73 192.78 188.01 191.91 190.07 186.46 193.43 194.53
-9999 -9999 -9999 -9999 -9999 -9999 183.5435 192.08 191.96 198.51 197.69 197.03 199.89 192.4 194.44 192.55 188.34 189.99 186.65 185.25 193.65 201.41 194.5 193.68 198.25 197.27 188.29 177.4 175.3 179.99 186.69 179.61 192.65 201.16 199.56 200.34 191.19 188.17 189.2 186.35 181.55 183.17 189.74 195.42 197.46 196.36 201.48 202.42 199.19 202.5 196.82 199.14 196.68 197.02 193.98 190.7 190.69 191.05 193.01 191.21 195.29 194.61 195.7 191.91 190.85 191.09 192.21 192.26 194.37 191.49 187.33 192.72 204.42
-9999 -9999 -9999 -9999 -9999 194.8305 189.8298 -9999 -9999 196.36 198.46 194.44 191.15 185.51 181.17 191.7 191.25 187.05 185.73 185.15 197.21 203.09 200.01 202.26 210.37 201.2 188.29 188.9 183.49 176.56 188.73 197.09 205.41 212.13 212.66 210.06 209.08 206.07 198.95 190.87 195.5 199.57 200.25 203.4 204.42 204.55 210.35 209.88 208.69 207.47 204.74 205.7 200.92 203.41 198.46 196.36 197.4 196.8 199.73 198.01 199.96 202.49 200.65 196.86 196.37 194.62 194.63 193.81 193.79 192.08 193.78 200.57 208.46
-9999 -9999 -9999 -9999 -9999 -9999 -9999 201 200.1928 200.53 198.53 194.9 191.17 188.6 183.35 185.89 189.16 186.06 184.95 191.4 196.67 204.95 205.77 214.98 214.61 209.44 200.65 197.1 185.55 184.09 192.3 207.31 215 219.92 217.75 212.3 197.68 189.45 187.06 190.21 200.31 205.36 206.46 210.45 211.28 212.02 214.49 215.42 215.08 213.07 211.06 207.59 206.45 208.55 204.56 202.25 204.07 202.71 203.22 204.03 203.32 205.76 206 205.39 204.82 204.19 201.11 196.66 197.68 197.65 201.69 203.74 200.93
-9999 -9999 -9999 -9999 -9999 -9999 -9999 199.7708 198.5 194.2921 201.31 197.27 189.14 179.76 186.13 193.5 198.5 200.9 202.82 203.35 204.73 207.2 211.87 213.62 207.52 207.39 209.37 209.3 193.96 200.37 205.94 212.14 215.55 203.93 189.99 192.68 181.74 178.93 192.2 201.53 207.23 211.14 211.5 215.19 215.72 216.29 217.59 219.44 218.69 216.64 213.94 211.7 211.87 212.9 209.85 207.54 208.8 209.61 209.13 209.58 210.11 210.29 209.8 209.85 209.42 208.62 204.33 202.36 203.24 203.98 202.85 201.7 202.47
-9999 -9999 -9999 -9999 -9999 -9999 -9999 -9999 -9999 197.0441 199.957 199.02 196.1 182.13 185.96 200.35 211.14 209.66 214.1 216.92 216.39 199.91 196.09 203.13 204.87 194.43 194.31 214.01 217.07 200.14 196.36 206.64 190.33 186.6 191.63 171.43 169.53 179.5 195.1 201.86 207.56 213.5 217.36 218.67 219.16 219.31 220.67 221.87 220.39 218.27 217.18 215.82 216.6 217.02 214.84 212.78 213.07 214.33 214.19 214.48 214.15 214.96 214.79 214.82 213.84 210.21 208.03 208.22 208.75 208.7 206.4 204.14 203.29
-9999 -9999 -9999 -9999 -9999 -9999 -9999 -9999 198.7821 195.6818 -9999 198.31 194.83 190.85 182.99 197.33 215.03 214.25 210.2 218.73 216.45 203.9 201.39 189.79 186.27 185.89 178.67 202.85 207.38 196.53 182.08 178.35 174.58 175.14 182.85 193.66 187.49 178.06 189.27 203.25 212.74 216.51 219.36 221.76 222.05 222.39 222.76 224.55 221.16 218.82 220.24 220.26 220.75 220.28 219.29 218.27 217.41 217.38 218.4 218.28 218.59 217.92 217.97 217.42 215 210.93 212.3 214.07 212.74 210.59 207.58 206.35 203.68
-9999 -9999 -9999 -9999 -9999 -9999 -9999 -9999 -9999 199.8132 200.75 203.12 206.6 196.54 193.33 205.6 211.91 210.56 211.82 209.57 208.79 205.78 208 190.1 177.39 172.8 166.97 184.61 202.88 190.5 182.38 168.98 157.18 162 173 173.99 179.42 190.8 196.73 207.03 213.4 217.51 219.09 223.06 224.81 225.11 225.06 225.31 223.13 222.88 223.96 224.34 224.17 222.7 222.35 222.34 222.5 221.21 221.6 222.57 222.45 220.82 220.44 218.39 215.56 217.88 218.17 216.53 215.92 214.08 211.78 209.1 202.19
-9999 -9999 -9999 -9999 -9999 -9999 -9999 -9999 200 192.7 205.46 206.93 210.14 201.05 212.73 205.75 199.45 192.1 197.82 198.3 199.65 206.96 204.68 199.31 189.17 179.9 183.84 194.75 200.58 187.07 177.29 166.87 169.51 189.27 196.81 196.72 197.91 203.4 209.59 216.46 217.53 221.19 222.78 223.2 227.14 226.58 227.17 227.2 226.57 227.23 226.51 227.29 225.83 224.62 225.83 225.7 226.29 226.63 225.65 226.83 222.65 220.05 221.22 220.4 222.99 220.35 221.08 219.77 217.85 215.78 212.87 208.83 211.03
-9999 -9999 -9999 -9999 -9999 -9999 -9999 187.9524 189.84 199.54 205.26 208 206.99 209.96 192.66 178.02 170.73 179.79 190.43 198.85 203.81 206.16 207.81 201.15 213.33 198.44 196.46 200.79 195.19 189.74 183.6 178.43 177.85 199.37 204.12 206.32 209.51 211.44 215.06 219.94 222.56 224.93 226.56 227.2 227.27 228.68 229.62 229.12 228.82 228.16 230.08 228.83 227.74 228.5 228.77 229.17 229.37 230.02 229.15 229.19 225.34 226.09 227.36 225.1 222.69 221.58 222.27 221.9 221.29 221.52 219.17 216.71 213.23
-9999 -9999 -9999 -9999 -9999 -9999 -9999 191.2333 199.15 201.05 201.58 189.95 198.07 193.82 171.47 184.91 191.6 199.28 197.01 188.48 187.41 195.25 199.73 208.09 223.17 211.59 206.16 211.06 205.56 200.95 201.65 198.61 189.55 207.45 210.13 209.18 208.6 214.07 217.18 220.38 222.29 224.81 227.04 228.37 229.66 231.48 231.2 230.58 230.77 231.33 231.63 230.54 229.4 231.29 231.46 231.74 230.91 229.21 226.79 230.15 231.76 229.47 227.49 225.41 222.76 221.28 222.26 222.01 220.48 220.22 219.82 215.34 213.26
-9999 -9999 -9999 -9999 -9999 -9999 -9999 196.3939 197.25 192.86 197.45 189.22 203.46 203.72 198.57 200.46 202.24 188.31 177.17 179.2 182.27 185.07 205.04 210.28 225.18 216.19 206 214.45 214.93 207.14 208.51 209.82 209.64 218.87 216.53 219.34 216.89 215.13 214.26 214.2 217.58 220.51 226.18 227.8 230.61 232.14 232.76 233.53 234.18 234.47 233.85 232.84 232.31 232.18 230.87 229.76 228.9 228.78 229.9 234.13 231.46 229.44 227.83 225.9 224.24 223.42 222.78 223.52 222.93 223.6 223.78 221.59 219.43
-9999 -9999 -9999 -9999 -9999 -9999 -9999 -9999 192.91 190.1 204.18 202.7 207.53 206.43 201.23 186.3 180.04 172.89 189.78 185.09 190.01 191.83 199.9 212.74 227.62 219.18 208.53 219.33 219.47 220.59 213.88 207.27 216.29 224.93 217.88 223.33 221.75 218.21 221.5 223.33 221.62 222.4 226.85 231.57 232.72 232.96 234.58 234.71 234.46 233.53 234.64 234.71 232.52 230.35 230.55 229.9 230.76 233.26 236.67 235.23 232.12 231.61 229.8 229.28 228.05 227.31 228.64 228.13 227.1 228.93 229.07 228.46 227.41
-9999 -9999 -9999 -9999 -9999 -9999 -9999 -9999 197.0222 200.5918 200.09 200.65 199.72 205.83 203.49 200.35 199.71 204.49 195.82 188.95 190.46 200.88 213.92 223.63 221.99 211.56 219.64 227.29 231.07 223.64 213.63 203.47 217.19 218.77 223.29 227.24 220.76 219.73 221.65 224.92 227.27 227.47 228.96 231.78 234.13 235.17 235.99 236.67 236.03 235.56 234.87 233.14 231.3 232.24 231.87 231.91 234.24 238.6 236.2 234.71 234.02 233.53 231.98 230.49 229.77 229.05 233.56 234.59 234.36 234.01 234.53 233.44 231.87
-9999 -9999 -9999 -9999 -9999 -9999 -9999 -9999 198.5132 198.32 200.99 204.96 211.09 212.26 213.31 207.5 206.26 191.4 190.59 197.37 208.55 211.87 220.94 225.47 207.5 220.95 230.05 236.66 237.56 229 217.9 214.26 215.53 224.38 227.56 229.8 226.03 224.81 223.87 226.1 227.08 229.18 232.1 233.77 234.34 236.56 237.57 235.26 235.69 235.13 235.49 236.23 235.62 234.84 233.88 234.26 239.49 240.69 238.12 238.15 237.39 235.79 235.32 236.4 236.9 233.79 235.84 233.15 233.91 236.2 236.72 235.22 234.65
-9999 -9999 -9999 -9999 -9999 -9999 -9999 -9999 -9999 198.92 203.7 206.28 209.18 206.01 211.09 212.67 203.88 206.58 210.72 212.55 219.63 206.8 211.08 203.42 210.95 228.35 237.72 241.36 238.19 230.53 225.85 226.94 227.57 234.68 234.6 233.95 228.37 225.81 228.8 230.24 232.05 230.6 232.56 234.64 236.25 239.09 239.49 238.1 238.1 238.41 238.77 239.03 239.87 238.19 239.08 241.68 242.07 242.38 242.34 236.68 236.2 234.84 233.27 234.05 235.01 234.92 232.63 230.8 232.28 233.45 230.91 231.86 230.31
-9999 -9999 -9999 -9999 -9999 -9999 -9999 -9999 -9999 200.67 201.58 205.13 205.36 210.09 211.78 211.39 208.27 209.57 224.67 215.69 201.67 200.97 203.71 212.34 221.88 224.87 228.24 241.23 238.09 225.64 216 231.77 237.07 239.04 237.28 235.86 231.2 229.39 233.26 230.76 231.82 233.74 234.38 236.37 238.1 239.32 239.39 238.27 238.99 240.72 241.61 240.94 241.74 242.37 241.97 241.18 242.17 242.93 241.34 238.02 236.74 235.87 235.36 235.01 235.03 235.52 234.81 228.95 222.85 222.79 227.1 234.68 234.27
-9999 -9999 -9999 -9999 -9999 -9999 -9999 -9999 -9999 200.6667 202.99 206.32 209.06 210.58 210.38 213.79 209.54 214.72 224.45 212.58 188.47 210.73 210.86 214.7 226.01 236.61 239.08 238.78 234.8 238.21 231.4 238.88 236.99 228.72 224.9 227.8 232.22 236.26 232.79 230.76 231.6 232.11 233.64 235.14 236.48 236.05 235.63 237.53 237.17 238.03 239.09 240.1 240.05 240.63 239.79 240.49 242.39 243.45 241.34 241.13 242.5 241.36 240.35 239.85 238.46 237.34 237.98 231.88 226.1 232.18 234.85 235.37 234.06
-9999 -9999 -9999 -9999 -9999 -9999 -9999 -9999 -9999 200.6203 201.28 204.41 204.03 204.52 209.51 215.45 217.72 224.01 210.53 201.74 218.74 224.92 216.92 228.8 221.82 235.63 226.69 227.86 242.32 243.78 240.43 244.28 235.38 227.79 229.9 235.39 240.03 235.4 233.77 233.82 233.74 232.28 232 232.17 232.84 232.1 233.76 234.7 237.57 239.51 237.43 239.19 240.42 241.51 242.67 243.44 243.24 243.13 243.38 243.5 243.32 242.72 241.76 240.43 239.43 239.1 237.82 236.49 235.35 239.14 236.95 231.46 223.5
-9999 -9999 -9999 -9999 -9999 -9999 -9999 -9999 -9999 200.7359 202.28 204.68 206.71 207.82 212.41 214.95 221.51 210.25 206.78 208.37 231.15 228.9 227.33 237.56 236.66 233.37 222.59 225.24 246.07 242.91 236.87 240.05 233.34 235.16 234.46 236.97 231.53 232.58 234.26 236.6 236.99 234.4 233.1 231.14 234.59 236 234.05 232.86 234.49 237.04 238.51 239.58 241.27 241.4 242.44 243.49 242.64 242.85 241.97 243.1 243.54 243.04 242.67 241.99 240.67 239.9 238.84 236.72 236.57 236.11 235.5 223.37 204.23
-9999 -9999 -9999 -9999 -9999 -9999 -9999 -9999 -9999 -9999 202.6344 206.7 208.59 209.58 211.6 217.02 217.49 217.9 222.1 220.59 230.53 229.42 230.36 233.63 232.23 236.74 239.43 241.48 249.87 239.11 236.85 241.63 242.06 237.5 231.4 232.19 233.21 233.62 233.91 234.03 237.68 240.42 239.65 240.18 240.58 240.81 238.21 234.64 236.22 236.4 238.72 239.68 240.13 240.59 241.84 242.6 241.55 246.89 241.53 242.52 243.45 242.28 241.64 242.53 242.17 238.06 234.16 233.63 233.46 228.46 215.91 205.78 209.27
-9999 -9999 -9999 -9999 -9999 -9999 -9999 -9999 -9999 -9999 202.869 203.68 209.32 211.57 213.9 212.25 202.23 208.17 195.97 201.66 217.82 214.38 219.68 218.91 218.75 222.72 232.13 235.07 248.41 246.75 248.18 247.65 247.85 238.27 233.87 233.67 234.03 234.67 234.55 233.99 236.53 238.89 241.04 242.15 243.02 243.33 242.12 239.85 235.12 235.06 237.63 238.54 239.25 240.67 241.53 241.09 240.26 246.76 240.51 241.63 242.74 240.6 242.89 241.36 238.7 234.92 229.62 212.68 212.38 213.82 233.36 233.3 218.51
