layers/wordclim/future/Iberia_wcB2a_10_hadcm3_2050/bio_05.asc
ncols         166
nrows         93
xllcorner     -9.4959440078468
yllcorner     36.000324005443
cellsize      0.083333337679505
NODATA_value  -9999
[rows 33 to 65 of 93, columns 73 to 145 of 166]
340.58 347.08 347.3 348.31 350.06 352.78 351.24 349.43 345.59 342.45 342.47 341.71 339.52 337.52 332.04 327.45 324.66 323.66 323.92 323.04 320.24 315.94 315.26 311.48 308 308.22 303.21 297.56 295.85 302.26 308.69 315.76 327.01 328.14 326.71 324.99 331.61 337.61 344.36 343.73 337.36 337.73 342.84 340.53 345.26 342.32 357.57 354.79 350.88 352 347.57 348.12 -9999 -9999 -9999 -9999 -9999 -9999 -9999 -9999 -9999 -9999 -9999 -9999 -9999 -9999 -9999 -9999 -9999 -9999 -9999 -9999 -9999
353.81 350.94 352.28 354.91 353.69 350.94 347.38 346.06 347.04 345.96 344.04 341.29 338.99 341.91 336.11 333.33 326.72 329.33 325.33 319.89 317.54 314.68 313.65 310.59 308.16 306.69 303.7 301.29 299.17 304.56 304.73 309.56 315.56 317.55 315.71 321.06 323.72 330.41 337.84 329.73 325.43 331.44 335.67 333.71 328.85 333.2 358.66 357.36 343.67 353.9293 -9999 -9999 -9999 -9999 -9999 -9999 -9999 -9999 -9999 -9999 -9999 -9999 -9999 -9999 -9999 -9999 -9999 -9999 -9999 -9999 -9999 -9999 -9999
353.81 353.88 355.99 358.26 355.35 349.91 348.84 349.28 351.62 350.97 344.95 343.62 345.02 342.17 338.23 336.33 331.65 328 324.6 322.47 316.38 311.56 311.11 312.16 311.09 305.96 299.49 298.17 298.9 298.72 299.19 302.67 300.33 300.98 305.36 308.97 314.86 328.91 326.23 328.1 321.16 325.58 320.1 316.37 307.95 336.04 359.74 358.78 356.14 358.4648 -9999 -9999 -9999 -9999 -9999 -9999 -9999 -9999 -9999 -9999 -9999 -9999 -9999 -9999 -9999 -9999 -9999 -9999 -9999 -9999 -9999 -9999 -9999
359.8 357.79 359.84 358.05 351.75 352.04 351.83 349.19 354.99 357.97 356.54 352.99 346.2 335.13 330.83 327.2 328.56 325.5 320.23 317.28 312.44 311.78 308.6 311.38 312.97 307.22 299.7 300.19 299.74 297.76 295.29 296.31 300.24 300 303.26 307.68 317.24 319.01 320.39 316 309.43 309.52 304.42 315.4 323.1 346.34 355.31 357.45 359.0412 356.914 354.7209 353.7391 -9999 -9999 -9999 -9999 -9999 -9999 -9999 -9999 -9999 -9999 -9999 -9999 -9999 -9999 -9999 -9999 -9999 -9999 -9999 -9999 -9999
366.36 363.31 364.26 357.41 355.85 356.75 352.55 351.24 358.65 355.55 350.38 345.72 344.08 339.75 333.8 328.67 324.66 322.58 319.17 313.96 306.97 308.99 306.5 308.56 312.76 312.86 303.3 303.31 305.2 302.65 297.19 297.51 295.13 294 296.37 295.26 306.03 312.21 317.22 313.15 307.87 310.92 317.97 330.11 343.47 349 350.1 347.2128 -9999 -9999 -9999 -9999 -9999 -9999 -9999 -9999 -9999 -9999 -9999 -9999 -9999 -9999 -9999 -9999 -9999 -9999 -9999 -9999 -9999 -9999 -9999 -9999 -9999
373.55 371.64 362.99 358.86 361.87 357.94 355.2 357.54 361.92 356.08 355.1 353.5 354.4 350.16 343.83 335.54 328.33 315.91 313.91 308.69 303.2 305.74 306.13 307.25 312.36 316.94 310.13 305.47 309.79 303.56 290.72 296.34 293.79 290.1 288.3 285.01 298.34 303.27 309.55 309.7 307.6 316.43 325.05 338.34 345.18 350.02 351.69 -9999 -9999 -9999 -9999 -9999 -9999 -9999 -9999 -9999 -9999 -9999 -9999 -9999 -9999 -9999 -9999 -9999 -9999 -9999 -9999 -9999 -9999 -9999 -9999 -9999 -9999
377.95 368.34 362.78 363.85 362.84 359.4 360.78 364.15 365.3 363.53 365.51 362.45 360.59 352.22 347.13 336.66 327.97 320.25 312.91 309.48 303.84 304.2 308.1 310.67 313.44 317.65 315.33 310.5 311.99 298.52 294.45 292.92 287.32 279.44 280.99 285.45 288.03 298.66 302.7 305.21 309.37 324.31 333.08 338.82 343.75 350.27 352.52 -9999 -9999 -9999 -9999 -9999 -9999 -9999 -9999 -9999 -9999 -9999 -9999 -9999 -9999 -9999 -9999 -9999 -9999 -9999 -9999 -9999 -9999 -9999 -9999 -9999 -9999
375.53 368.93 367.46 369.58 366.25 366.12 370.35 367.84 369.29 361.51 359.41 364.17 359.58 357.05 352.84 347.5 332.46 324.9 316.59 310.6 306.36 309.28 313.51 312.59 312.16 317.14 320.13 321.32 313.28 300.75 299.28 295.58 289.12 277.66 278.48 285.31 292.71 302.42 313.9 315.59 322.41 328.43 336.6 335.61 341.94 347.1446 -9999 -9999 -9999 -9999 -9999 -9999 -9999 -9999 -9999 -9999 -9999 -9999 -9999 -9999 -9999 -9999 -9999 -9999 -9999 -9999 -9999 -9999 -9999 -9999 -9999 -9999 -9999
375.68 373.73 374.3 371.24 370.34 374.18 370.52 366.21 369.21 367.26 363.24 361.31 358.38 356.55 351.76 347.18 334.29 324.32 319.22 319.82 307.53 309.1 308.63 309.05 312.2 314.61 318.81 324.74 314.53 305.71 311.03 308.33 298.42 289.32 293.23 291.79 296.94 304.01 318.05 322.98 323.65 326.4 340.25 342.45 339.9634 -9999 -9999 -9999 -9999 -9999 -9999 -9999 -9999 -9999 -9999 -9999 -9999 -9999 -9999 -9999 -9999 -9999 -9999 -9999 -9999 -9999 -9999 -9999 -9999 -9999 -9999 -9999 -9999
381.48 379.1 376.67 376.16 378.55 376.68 367.93 365.93 368.81 363.34 363.69 363.35 362.57 357.38 350.03 354.97 337.34 332.98 328.42 318.27 315.64 313.04 316.52 307.2 317.96 319.01 325.8 321.03 308.03 308.18 316.11 317.99 313.4 308.02 303.95 308.79 307.21 309.16 325.68 333.25 331.62 333.88 338.61 346.4474 -9999 -9999 -9999 -9999 -9999 -9999 -9999 -9999 -9999 -9999 -9999 -9999 -9999 -9999 -9999 -9999 -9999 -9999 -9999 -9999 -9999 -9999 -9999 -9999 -9999 -9999 -9999 -9999 -9999
379.88 380.33 382.85 383.77 380.81 376.17 368.62 367.03 367.83 363.92 362.74 361.77 358.23 358.57 357.88 356.02 342.2 333.54 328.37 328.09 324.22 324.45 321 316.41 322.12 331.6 327.01 313.89 296.11 297.59 309.92 318.15 319.18 320.39 319.91 316.44 318.9 322.25 327.72 334.11 332.84 334.11 341.4659 -9999 -9999 -9999 -9999 -9999 -9999 -9999 -9999 -9999 -9999 -9999 -9999 -9999 -9999 -9999 -9999 -9999 -9999 -9999 -9999 -9999 -9999 -9999 -9999 -9999 -9999 -9999 -9999 -9999 -9999
388.47 388.3 384.95 380.72 378.47 375.17 371.62 369.63 368.03 366.45 362.6 362.64 358.18 360.38 364.27 358.97 349.78 340.22 340.55 337.51 330.79 331.22 326.53 318.98 323.9 333.34 323 309.37 297.11 300.56 309.89 313.29 316.77 315.92 323.26 325.12 328.01 331.55 335.87 335.2 335.97 338.3582 -9999 -9999 -9999 -9999 -9999 -9999 -9999 -9999 -9999 -9999 -9999 -9999 -9999 -9999 -9999 -9999 -9999 -9999 -9999 -9999 -9999 -9999 -9999 -9999 -9999 -9999 -9999 -9999 -9999 -9999 -9999
383.98 382.75 380.59 379.05 377.48 376.49 373.96 370.66 372.32 370.22 367 364.83 363.13 364.22 361.29 358.63 353.28 347.75 349.15 344.69 340.94 334.32 330.32 328.07 329.58 331.25 332.12 324.86 315.49 307.2 300.1 307.83 318.13 321.79 324.02 321.59 325.54 332.16 338.02 339.56 341.0206 -9999 -9999 -9999 -9999 -9999 -9999 -9999 -9999 -9999 -9999 -9999 -9999 -9999 -9999 -9999 -9999 -9999 -9999 -9999 -9999 -9999 -9999 -9999 -9999 -9999 -9999 -9999 -9999 -9999 -9999 -9999 -9999
385.64 384.35 383.14 382.4 380.83 378.72 375.54 374.57 372.98 371.76 371.18 367.51 367.16 367.05 361.43 356.09 352.29 348.76 350.02 345.12 345.09 336.68 329.65 332.14 334.32 329.35 329.97 332.89 327.71 321.64 314.32 309.91 319.05 325.74 331.34 330.33 324.72 327.33 335.56 340.3737 -9999 -9999 -9999 -9999 -9999 -9999 -9999 -9999 -9999 -9999 -9999 -9999 -9999 -9999 -9999 -9999 -9999 -9999 -9999 -9999 -9999 -9999 -9999 -9999 -9999 -9999 -9999 -9999 -9999 -9999 -9999 -9999 -9999
388.87 387.02 385.97 384.73 383.11 381.66 376.96 375.32 373.34 374.93 372.51 369.71 368.42 369.28 364.9 361.23 354.43 351.79 351.02 348.03 346.23 343.67 340.61 339.09 334.3 331.22 334.89 339.18 335.11 330.29 325.97 328.02 326.04 325.69 326.66 331.88 334.18 333.24 338.63 -9999 -9999 -9999 -9999 -9999 -9999 -9999 -9999 -9999 -9999 -9999 -9999 -9999 -9999 -9999 -9999 -9999 -9999 -9999 -9999 -9999 -9999 -9999 -9999 -9999 -9999 -9999 -9999 -9999 -9999 -9999 -9999 -9999 -9999
390.12 389.93 387.67 386.55 385.19 382.94 380.17 377.65 375.41 375.51 373.51 369.55 369.69 370.3 368.21 361.48 357.5 354.07 352.01 349.8 349.56 349.79 347.66 342.54 332.57 336.13 335.31 336.23 339 342.35 339.39 339.05 339.74 338.71 334.88 328.44 333.06 337.67 340.7105 -9999 -9999 -9999 -9999 -9999 -9999 -9999 -9999 -9999 -9999 -9999 -9999 -9999 -9999 -9999 -9999 -9999 -9999 -9999 -9999 -9999 -9999 -9999 -9999 -9999 -9999 -9999 -9999 -9999 -9999 -9999 -9999 -9999 -9999
391.24 392.22 390.35 389.04 386.76 383.42 380.37 380.54 379.57 375.84 375.44 371.86 369.99 370.73 368.57 366.31 361.22 358.39 354.57 351.62 348.73 349.09 349.81 343.06 339.6 341.16 336.77 330.12 329.75 336.54 343.08 344 344.71 342.68 340.61 338.51 336.6 338.9149 -9999 -9999 -9999 -9999 -9999 -9999 -9999 -9999 -9999 -9999 -9999 -9999 -9999 -9999 -9999 -9999 -9999 -9999 -9999 -9999 -9999 -9999 -9999 -9999 -9999 -9999 -9999 -9999 -9999 -9999 -9999 -9999 -9999 -9999 -9999
394.27 393.24 392.37 391.12 389.03 387.09 383.53 383.91 381.14 378.21 376.26 375.58 373.81 371.17 367.42 365.55 365.47 361.61 359.09 355.13 353.14 351.49 353.27 348.13 344.97 342.62 342.31 338.24 336.07 333.21 331.93 339.2 343.89 343.68 341.47 339.56 339.6 -9999 -9999 -9999 -9999 -9999 -9999 -9999 -9999 -9999 -9999 -9999 -9999 -9999 -9999 -9999 -9999 -9999 -9999 -9999 -9999 -9999 -9999 -9999 -9999 -9999 -9999 -9999 -9999 -9999 -9999 -9999 -9999 -9999 -9999 -9999 -9999
396.26 394.72 393.23 389.83 390.13 389.68 387.03 386.08 383.95 382.32 380.09 376.89 375.79 371.51 368.56 368.55 366.11 363.83 360.44 359.07 356.65 356.02 357.7 351.88 348.91 348.91 347.98 344.29 338.89 335.14 333.8 338.83 343.72 343.41 343.23 341.98 340.16 -9999 -9999 -9999 -9999 -9999 -9999 -9999 -9999 -9999 -9999 -9999 -9999 -9999 -9999 -9999 -9999 -9999 -9999 -9999 -9999 -9999 -9999 -9999 -9999 -9999 -9999 -9999 -9999 -9999 -9999 -9999 -9999 -9999 -9999 -9999 -9999
396.71 396.76 395.6 392.93 392.3 391.36 388.91 388.06 385.83 383.34 382.08 379.44 378.04 374.57 373.02 371.02 367.55 365.67 362.53 360.98 359.36 357.39 356.12 358.99 357.51 354.14 351.63 345.25 342.27 340.22 340.93 343.99 345 344.4 343.45 343.62 343.47 -9999 -9999 -9999 -9999 -9999 -9999 -9999 -9999 -9999 -9999 -9999 -9999 -9999 -9999 -9999 -9999 -9999 -9999 -9999 -9999 -9999 -9999 -9999 -9999 -9999 -9999 -9999 -9999 -9999 -9999 -9999 -9999 -9999 -9999 -9999 -9999
398.32 397.88 396.91 395.06 394.05 391.64 390.06 387.74 386.49 383.9 382.64 380.15 378.81 375.87 373.47 371.72 369.57 367.66 365.02 363.43 361.27 358.62 356.47 354.25 353.67 353.97 351.9 349.77 345.97 342.81 343.96 341.72 340.7 345 345.1 346.1 346.83 346.9048 -9999 -9999 -9999 -9999 -9999 -9999 -9999 -9999 -9999 -9999 -9999 -9999 -9999 -9999 -9999 -9999 -9999 -9999 -9999 -9999 -9999 -9999 -9999 -9999 -9999 -9999 -9999 -9999 -9999 -9999 -9999 -9999 -9999 -9999 -9999
399.45 398.56 396.34 395.24 394.44 392.44 390.75 387.8 385.92 383.06 381.95 379.36 379.28 376.91 375.72 373.18 370.92 369.39 367.92 365.42 363.56 361.42 359.34 357 353.96 350.61 346.75 348.27 351.09 339.7 337.5 343.21 344.69 345.44 349.97 349.86 349.72 349.6465 -9999 -9999 -9999 -9999 -9999 -9999 -9999 -9999 -9999 -9999 -9999 -9999 -9999 -9999 -9999 -9999 -9999 -9999 -9999 -9999 -9999 -9999 -9999 -9999 -9999 -9999 -9999 -9999 -9999 -9999 -9999 -9999 -9999 -9999 -9999
400.6 399.35 397.21 395.9 394.62 391.64 389.32 386.28 384.21 381.68 380.06 377.03 377.13 376.4 376.08 374.16 372.72 370.34 368.79 366.74 364.89 363.27 359.11 355.56 350.65 344.86 343.74 345.31 349.9 337.52 339.94 348.12 349.32 350.78 352.97 352.38 348.52 349.59 -9999 -9999 -9999 -9999 -9999 -9999 -9999 -9999 -9999 -9999 -9999 -9999 -9999 -9999 -9999 -9999 -9999 -9999 -9999 -9999 -9999 -9999 -9999 -9999 -9999 -9999 -9999 -9999 -9999 -9999 -9999 -9999 -9999 -9999 -9999
400.96 398.67 396.68 395.08 393.03 389.22 385.09 382.11 380.71 378.17 377.46 373.82 373.55 374.1 375.81 374.53 373.77 371.3 369.7 367.89 364.44 359.54 354.94 349.68 344.98 340.61 342.42 345.07 348.51 338.49 340.7 344.71 349.61 353 354.92 353.55 347.16 346.52 353.2346 -9999 -9999 -9999 -9999 -9999 -9999 -9999 -9999 -9999 -9999 -9999 -9999 -9999 -9999 -9999 -9999 -9999 -9999 -9999 -9999 -9999 -9999 -9999 -9999 -9999 -9999 -9999 -9999 -9999 -9999 -9999 -9999 -9999 -9999
400.32 398.39 394.95 392.53 388.67 386.42 385.93 382.15 379.74 376.91 373.35 370.96 370.9 373.72 375.21 375.45 373.6 372.92 369.78 367.29 360.2 355.39 353.13 347.44 346.33 347.78 346.81 346.69 343.99 336.17 340.52 344.78 348.64 352.02 352.96 352.95 347.04 345.05 354.54 357.6607 -9999 -9999 -9999 -9999 -9999 -9999 -9999 -9999 -9999 -9999 -9999 -9999 -9999 -9999 -9999 -9999 -9999 -9999 -9999 -9999 -9999 -9999 -9999 -9999 -9999 -9999 -9999 -9999 -9999 -9999 -9999 -9999 -9999
400.64 398.72 395.77 392.97 390.05 386.54 384.45 382.69 379.94 377.79 374.32 372 370.18 372.41 373.06 374.3 372.94 372.63 370.04 366.03 362.77 358.17 355.03 352.7 350.92 350.52 349.08 349.93 348.14 342.67 344.07 348.03 346.87 348.62 352.87 352.74 347.3 344.85 347.3 356.21 358.2388 -9999 -9999 -9999 -9999 -9999 -9999 -9999 -9999 -9999 -9999 -9999 -9999 -9999 -9999 -9999 -9999 -9999 -9999 -9999 -9999 -9999 -9999 -9999 -9999 -9999 -9999 -9999 -9999 -9999 -9999 -9999 -9999
400.35 397.06 395.75 394.4 390.85 387.04 384.17 382.36 379.48 377.31 374.62 373.38 372.96 371.12 371.14 369.62 368.82 368.99 366.83 364.45 362.36 359.19 355.94 354.26 353 353.46 349.15 346.17 346.11 347.85 350.55 345.64 345.08 346.28 341.61 340.99 346.77 336.68 336.12 342.71 353.1 356.3 355.9794 -9999 -9999 -9999 -9999 -9999 -9999 -9999 -9999 -9999 -9999 -9999 -9999 -9999 -9999 -9999 -9999 -9999 -9999 -9999 -9999 -9999 -9999 -9999 -9999 -9999 -9999 -9999 -9999 -9999 -9999
400.27 398.07 396.1 394.22 391.07 388.3 385.23 381.44 379.46 379.64 377.79 372.3 367.71 363.33 361.96 360.92 362.84 366.24 366.72 364.29 363.02 361.73 360.9 358.79 354.68 355.4 355.08 351.95 350.8 355.6 350.34 346.51 342.35 336.66 334.66 340.64 340.7 328.81 334.5 335.93 343.33 351.49 354.8193 -9999 -9999 -9999 -9999 -9999 -9999 -9999 -9999 -9999 -9999 -9999 -9999 -9999 -9999 -9999 -9999 -9999 -9999 -9999 -9999 -9999 -9999 -9999 -9999 -9999 -9999 -9999 -9999 -9999 -9999
400.74 397.64 394.04 393.52 390.84 388.81 384.43 384.76 383.39 384.8 377.36 367.31 360.37 364.43 361.09 362.89 365.9 368.01 369.21 369.31 368.76 366.62 365.62 362.5 359.18 355.14 356.04 358.33 356.53 357.8 356.88 350.13 340.93 341.13 332.72 332.33 331.89 333.4 333.39 352.84 352.1053 -9999 -9999 -9999 -9999 -9999 -9999 -9999 -9999 -9999 -9999 -9999 -9999 -9999 -9999 -9999 -9999 -9999 -9999 -9999 -9999 -9999 -9999 -9999 -9999 -9999 -9999 -9999 -9999 -9999 -9999 -9999 -9999
398.41 397.05 395.08 394.36 392.94 388.15 388.57 390.22 388.04 380.69 366.76 362.11 360.53 364.45 369.62 369.9 372.1 374.91 373.71 372.63 372.79 374 370.81 366.95 364.74 361.08 358.68 362.1 358.04 353.93 358.5 354.28 341.17 346.27 344.55 349.17 343.34 355.11 356.7889 358.6032 -9999 -9999 -9999 -9999 -9999 -9999 -9999 -9999 -9999 -9999 -9999 -9999 -9999 -9999 -9999 -9999 -9999 -9999 -9999 -9999 -9999 -9999 -9999 -9999 -9999 -9999 -9999 -9999 -9999 -9999 -9999 -9999 -9999
399.17 398.52 397.67 394.93 392.47 391.74 393.1 391.32 385.81 380.36 375.14 367.37 364.69 371.7 373.57 375.41 377.09 375.06 377.07 378.69 378.98 376.95 373.51 368.58 369.59 368.15 364.64 356.38 357.84 359.83 360.91 362 353.1 357.15 360.35 362.58 360.7297 -9999 -9999 -9999 -9999 -9999 -9999 -9999 -9999 -9999 -9999 -9999 -9999 -9999 -9999 -9999 -9999 -9999 -9999 -9999 -9999 -9999 -9999 -9999 -9999 -9999 -9999 -9999 -9999 -9999 -9999 -9999 -9999 -9999 -9999 -9999 -9999
402.59 402.78 401.04 397.86 396.03 395.44 396.28 392.87 387.58 383.91 373.21 365.6 371.16 380.2 382 378.37 377.31 379.84 381.69 379.44 380.58 381.2 379.27 379.46 374.85 371.86 371.28 365.11 364.17 359.25 363.79 368.36 367.32 366.08 367.35 366.641 -9999 -9999 -9999 -9999 -9999 -9999 -9999 -9999 -9999 -9999 -9999 -9999 -9999 -9999 -9999 -9999 -9999 -9999 -9999 -9999 -9999 -9999 -9999 -9999 -9999 -9999 -9999 -9999 -9999 -9999 -9999 -9999 -9999 -9999 -9999 -9999 -9999
408.21 405.67 401.24 398.64 398.34 399.66 391.39 383.04 386.24 371.68 364.21 371.41 371.42 374.3 371.56 367.86 365.84 371.51 376.72 383.32 385.73 383.53 385.1 386.08 381.56 376.84 366.99 367.83 369.33 366.29 366.58 370.87 372.01 370.84 370.3816 -9999 -9999 -9999 -9999 -9999 -9999 -9999 -9999 -9999 -9999 -9999 -9999 -9999 -9999 -9999 -9999 -9999 -9999 -9999 -9999 -9999 -9999 -9999 -9999 -9999 -9999 -9999 -9999 -9999 -9999 -9999 -9999 -9999 -9999 -9999 -9999 -9999 -9999
