layers/wordclim/future/Iberia_wcB2a_10_hadcm3_2050/bio_08.asc
ncols         166
nrows         93
xllcorner     -9.4959440078468
yllcorner     36.000324005443
cellsize      0.083333337679505
NODATA_value  -9999
[rows 0 to 32 of 93, columns 73 to 145 of 166]
-9999 -9999 -9999 -9999 -9999 -9999 -9999 -9999 -9999 -9999 -9999 -9999 -9999 -9999 -9999 -9999 -9999 -9999 -9999 -9999 -9999 -9999 -9999 -9999 -9999 -9999 -9999 -9999 -9999 -9999 -9999 -9999 -9999 -9999 -9999 -9999 -9999 -9999 -9999 -9999 -9999 -9999 -9999 -9999 -9999 -9999 -9999 -9999 -9999 -9999 -9999 -9999 -9999 -9999 -9999 -9999 -9999 -9999 -9999 -9999 -9999 -9999 -9999 -9999 -9999 -9999 -9999 -9999 -9999 -9999 -9999 -9999 -9999
-9999 -9999 -9999 -9999 -9999 -9999 -9999 -9999 -9999 -9999 -9999 -9999 -9999 -9999 -9999 -9999 -9999 -9999 -9999 -9999 -9999 -9999 -9999 -9999 -9999 -9999 -9999 -9999 -9999 -9999 -9999 -9999 -9999 -9999 -9999 -9999 -9999 -9999 -9999 -9999 -9999 -9999 -9999 -9999 -9999 -9999 -9999 -9999 -9999 -9999 -9999 -9999 -9999 -9999 -9999 -9999 -9999 -9999 -9999 -9999 -9999 -9999 -9999 -9999 -9999 -9999 -9999 -9999 -9999 -9999 -9999 -9999 -9999
-9999 -9999 -9999 -9999 -9999 -9999 -9999 -9999 -9999 -9999 -9999 -9999 -9999 -9999 -9999 -9999 -9999 -9999 -9999 -9999 -9999 -9999 -9999 -9999 -9999 -9999 -9999 -9999 -9999 -9999 -9999 -9999 -9999 -9999 -9999 -9999 -9999 -9999 -9999 -9999 -9999 -9999 -9999 -9999 -9999 -9999 -9999 -9999 -9999 -9999 -9999 -9999 -9999 -9999 -9999 -9999 -9999 -9999 -9999 -9999 -9999 -9999 -9999 -9999 -9999 -9999 -9999 -9999 -9999 -9999 -9999 -9999 -9999
-9999 -9999 -9999 -9999 -9999 -9999 -9999 -9999 -9999 -9999 -9999 -9999 -9999 -9999 -9999 -9999 -9999 -9999 -9999 -9999 -9999 -9999 -9999 -9999 -9999 -9999 -9999 -9999 -9999 -9999 -9999 -9999 -9999 -9999 -9999 -9999 -9999 -9999 -9999 -9999 -9999 -9999 -9999 -9999 -9999 -9999 -9999 -9999 -9999 -9999 -9999 -9999 -9999 -9999 -9999 -9999 -9999 -9999 -9999 -9999 -9999 -9999 -9999 -9999 -9999 -9999 -9999 -9999 -9999 -9999 -9999 -9999 -9999
104.91 104.1011 109.0185 -9999 -9999 101.046 101.38 100.28 105.3605 104.7949 106.3636 -9999 -9999 -9999 -9999 -9999 -9999 -9999 -9999 -9999 -9999 -9999 -9999 -9999 -9999 -9999 -9999 -9999 -9999 -9999 -9999 -9999 -9999 -9999 -9999 -9999 -9999 -9999 -9999 -9999 -9999 -9999 -9999 -9999 -9999 -9999 -9999 -9999 -9999 -9999 -9999 -9999 -9999 -9999 -9999 -9999 -9999 -9999 -9999 -9999 -9999 -9999 -9999 -9999 -9999 -9999 -9999 -9999 -9999 -9999 -9999 -9999 -9999
94.47 93.46 93.2 101.94 97.77551 101.6566 99.64 101.33 104.73 103.2 99.76 104.4141 104.0548 109.4333 110.2787 112.082 111.2976 111.0833 105.6 93.64 97.20271 -9999 -9999 -9999 -9999 -9999 -9999 -9999 -9999 -9999 -9999 -9999 -9999 -9999 -9999 -9999 -9999 -9999 -9999 -9999 -9999 -9999 -9999 -9999 -9999 -9999 -9999 -9999 -9999 -9999 -9999 -9999 -9999 -9999 -9999 -9999 -9999 -9999 -9999 -9999 -9999 -9999 -9999 -9999 -9999 -9999 -9999 -9999 -9999 -9999 -9999 -9999 -9999
90.74 87.72 94.13 99.07 96.6 92.18 98.36 101.83 100.56 93.19 93.8 96.23 95.3 96.97 96.12 97.3 104.97 94.76 94.73 78.96 91.65 85.29 76.37 74.48 -9999 -9999 -9999 -9999 -9999 -9999 -9999 -9999 -9999 -9999 -9999 -9999 -9999 -9999 -9999 -9999 -9999 -9999 -9999 -9999 -9999 -9999 -9999 -9999 -9999 -9999 -9999 -9999 -9999 -9999 -9999 -9999 -9999 -9999 -9999 -9999 -9999 -9999 -9999 -9999 -9999 -9999 -9999 -9999 -9999 -9999 -9999 -9999 -9999
74.74 91.69 90.74 95.9 93.98 93.38 94.83 95.59 85.05 90.87 93.15 93.32 89.61 88.78 88.61 92.09 94.34 80.48 73.47 71.8 84.21 84.89 81.03 69.23288 -9999 -9999 -9999 -9999 -9999 -9999 -9999 -9999 -9999 -9999 -9999 -9999 -9999 -9999 -9999 -9999 -9999 -9999 -9999 -9999 -9999 -9999 -9999 -9999 -9999 -9999 -9999 -9999 -9999 -9999 -9999 -9999 -9999 -9999 -9999 -9999 -9999 -9999 -9999 -9999 -9999 -9999 -9999 -9999 -9999 -9999 -9999 -9999 -9999
70.31 73.72 69.34 72.56 90.62 90.68 75.52 59.65 76.35 75.83 88.24 91.55 82.28 90.23 95.16 90.53 76.55 78.42 64.24 65.09 65.08 60.77 52.11 50.575 -9999 46.03571 43.53571 -9999 -9999 -9999 -9999 -9999 -9999 -9999 -9999 -9999 -9999 -9999 -9999 -9999 -9999 -9999 -9999 -9999 -9999 -9999 -9999 -9999 -9999 -9999 -9999 -9999 -9999 -9999 -9999 -9999 -9999 -9999 -9999 -9999 -9999 -9999 -9999 -9999 -9999 -9999 -9999 -9999 -9999 -9999 -9999 -9999 -9999
71.2 70.34 69.03 67.29 71.1 74.26 77.13 71.13 78.39 79.03 72.4 69.77 58.93 71.21 78.26 71.33 60.03 62.68 68.61 70.06 69.35 68.5 60.23 56.72 51.57 48.83 46.85 42.9 36.34409 32.88525 28.78 14.62069 -9999 -9999 -9999 -9999 -9999 -9999 -9999 -9999 -9999 -9999 -9999 -9999 -9999 -9999 -9999 -9999 -9999 -9999 -9999 -9999 -9999 -9999 -9999 -9999 -9999 -9999 -9999 -9999 -9999 -9999 -9999 -9999 -9999 -9999 -9999 -9999 -9999 -9999 -9999 -9999 -9999
78.34 69.15 63.22 69.24 67.71 65.74 68.33 77.2 82.04 81.52 79.74 77.34 75.93 65.73 67.25 66.25 65.26 54.42 66.67 75.97 72.76 68.61 64.96 59.39 57.13 52.56 42.69 49.54 41.04 39.52 32.62 15.29 10.02632 -9999 -9999 -9999 -9999 -9999 -9999 -9999 -9999 -9999 -9999 -9999 -9999 -9999 -9999 -9999 -9999 -9999 -9999 -9999 -9999 -9999 -9999 -9999 -9999 -9999 -9999 -9999 -9999 -9999 -9999 -9999 -9999 -9999 -9999 -9999 -9999 -9999 -9999 -9999 -9999
89.71 81.18 74.31 63.73 78.99 71.6 77.68 77.26 72.09 70.19 65.57 66.27 59.83 56.88 60.64 62.29 53.17 58.31 62.72 75.1 76.87 75.33 68.42 68.18 67.81 59.82 56.59 54.7 51.27 49.97 37.76 27.48 22.71 2.064516 8.089552 -2.653846 12.03409 -6.747475 -13.26866 -9999 -9999 -9999 -9999 -9999 -9999 -9999 -9999 -9999 -9999 60.37 42.68 22.57692 18.30909 -9999 -9999 -9999 -9999 -9999 -9999 -9999 -9999 -9999 -9999 -9999 -9999 -9999 -9999 -9999 -9999 -9999 -9999 -9999 -9999
74.37 67.69 59.22 64.49 100.1 99.61 91.56 75.59 74.05 71.6 63.39 67.17 67.91 66.45 65.7 68.26 74.1 77.71 73.35 74.95 68.76 67.72 62.43 61.95 66.86 71.35 62.56 57.09 53.87 63.49 70 68.22 67.93 48.69 37.54 -1.59 20.18 45.41 5.68 22.13043 -9999 -9999 -9999 28.19444 -9999 11.5 -9999 -9999 -9999 45.53061 53.81 40.7 30.13 24.12 36.95122 23.80952 25.06061 -9999 -9999 -9999 -9999 -9999 -9999 -9999 -9999 -9999 -9999 -9999 -9999 -9999 -9999 -9999 -9999
101.86 98.62 90.34 77.52 89.3 96.61 104.97 80.85 62.91 59.98 65.09 65.98 65.96 70.97 77.27 75.41 73.85 78.56 81.4 80.25 71.36 67.78 58.22 58.96 64.83 71.33 65.88 69.1 85.9 91.68 93.63 83.82 77.27 74.73 70.78 58.41 54.3 62.06 45.69 53.63 33.88 25.73 40.12 51.77 27.87 27.93 12 38.92 3.28 12.75 21.41 19.1 17.85 31.15 67.93 47.53 44.5 18.87629 -9999 -9999 -9999 -9999 -9999 -9999 -9999 -9999 -9999 -9999 -9999 -9999 -9999 -9999 -9999
84.97 91.15 90.31 89.98 103.82 108.59 109.54 110.95 107.28 106.23 108.31 103.49 99.85 106.38 110.83 106.4 101.71 89.65 86.61 82.93 76.3 72.02 64.06 69.02 75.02 79.57 102.83 91.81 89.06 81.53 88.27 90.89 82.05 81.39 74.95 77.18 78.29 65.3 54.85 62.97 58.53 63.02 78.33 67.08 34.94 40.22 55.8 36.9 29.36 40.07 35.91 27.77 13.86 18.16 69.62 97.25 69.68 34.97 -9999 -9999 -9999 -9999 -9999 -9999 -9999 -9999 -9999 -9999 -9999 -9999 -9999 -9999 -9999
88.62 88.32 93.46 97.29 99.72 104.11 103.91 106.64 110.14 108.48 110.95 113.12 113.39 114.8 114.74 113.11 114.08 111.74 99.63 105.64 88.86 88.44 75.81 77.42 95.9 86.95 90.01 87.32 86.38 79.16 78.01 85.73 84.03 84.49 79.94 82.37 82.28 71.3 64.83 62.53 77.17 88.37 113.36 78.68 65.62 65.25 63.2 52.22 60.93 69.45 54.4 28.43 36.12 39.09 95.11 80.77 52.78 53.64 -9999 -9999 23.25397 27.29474 44.64045 100.6852 120.3824 -9999 -9999 -9999 -9999 -9999 -9999 -9999 -9999
74.67 76.56 83.52 64.39 64.26 82.15 86.86 104.71 100.47 80.32 97.57 102.86 107.62 107.72 110.94 113.33 116.65 116.11 113.87 116.66 115.74 114.91 113.2 110.84 110.39 104.75 94.94 91.3 87.02 82.7 81.21 86.94 89.11 80.74 80.04 79.16 75.24 75.07 71.23 68.35 68.88 104.81 137.56 135.18 118.5 97.36 81.08 65.51 60.33 85.52 96.27 93.62 105.54 100.02 123.69 63.43 94.22 149.52 168.08 128.62 117.16 126 139.12 130.65 92.15069 -9999 39.975 42.36 62.3 84.14117 -9999 -9999 -9999
73.01 51.7 50.64 41.28 61.04 40.17 55.74 86.12 63.67 53.85 69.4 64.37 61.73 82.79 77.59 104.42 113.86 117.17 116.96 117.52 117.83 114.2 111.75 112.07 110.94 108.31 104.04 99.93 95.87 93.68 90.34 96.14 96.07 89.69 85.74 78.03 74.89 73.31 61.8 74.1 85.02 114.76 138.79 144.11 126.37 134.17 102.39 130.49 113.57 127.4 116.59 104.54 134.97 148.79 98.02 92.07 122.62 188.88 143.15 96.13 77.58 75.34 105.45 101.25 88.01 96.24 120.44 102.61 102.68 140.53 154.64 152.74 124.52
53.54 40.54 27.55 27.8 32.15 28.78 47.08 54.85 47.49 68.67 51.61 64.28 46.94 75.41 82.43 97.91 106.61 109 116.4 119.84 120.02 116.22 116.64 116.56 113.01 111.92 110.11 109.86 105.37 101.29 98.6 101.99 103.43 116.54 145.14 141.39 137.24 126.51 134.75 133.38 123.08 133.32 134.05 145.5 138.69 148.07 142.79 136.18 132.72 142.67 130.08 141.61 164.52 129.73 93.84 133.88 179.93 169.63 121.14 93.72 93.1 104.72 125.15 176.89 146.84 153.54 179.15 194.82 165.07 174.03 189.17 169.79 173.87
81.46 72.77 72.52 69.97 57.68 66.89 51.08 33.48 39.7 46.7 38.88 35.53 45.32 60.96 61.7 82.2 93.59 96.17 111.7 116.88 116.97 119.19 118.09 114.23 111.91 115.36 115.69 115.29 112.98 109.72 107.38 108.68 114.94 149.51 148.61 149.5 148.74 143.75 145.47 147.36 145.35 147.82 147.71 153.46 146 147.21 138.45 139.54 138.25 147.44 138.05 165.92 173.78 198.75 141.94 143.17 187.1 165.3 146.43 138 172.04 159.46 126.13 199.71 197.78 198.65 194.54 206.14 162.52 152.21 209.54 175.53 166.04
85.43 84.74 77.6 50.7 40 36.17 24.07 26.02 25.89 26.95 28.74 36.71 46.82 43.19 58.92 76.06 96.13 104.59 108.1 111.72 117.82 119.7 120.46 116.7 110 110.81 118.49 114.25 107.41 105.35 107.4 112.38 144.16 156.48 153.07 154.6 153.94 148.76 149.75 152.29 151.95 154.88 158.22 160.31 143.2 140.18 140.06 148.08 144.6 136.06 134.72 160.01 135.53 150.62 176.97 205.08 214.91 209.05 204.43 203.16 198.96 190.88 203.95 217.37 211.22 210.52 205.84 211.04 217.12 189.39 155.91 179.19 174.22
77.85 85.4 82.35 79.31 76.88 68.01 47.69 44.22 31.5 44.07 42.99 45.68 40.68 38.95 70.78 81.01 93.1 97.9 100.9 102.3 113.64 115.04 118.85 121.97 120.61 120.06 119.19 114.69 107.5 100.08 106.2 148.01 160.54 155.01 155.27 159.12 159.72 155.69 154.87 157.4 155.56 160.22 162.86 163.69 158.32 153.47 147.57 149.03 152.94 144.8 152.08 164.64 151.99 209.91 219.33 218.34 215.78 210.67 203.32 210.06 217.59 217 215.63 222.14 217.33 218.29 211.66 215.01 221.48 214.88 194.58 174.16 178.5
83.09 80.88 81.55 80.22 77.62 76.77 77.22 79.6 78.08 76.72 71.92 82.64 83.57 72.9 74.65 81.25 85.67 86.33 92.56 100.04 105.26 104.2 110.81 119.41 121.14 123.28 121.63 111.71 107.42 107.37 121.45 165.88 162.36 156.14 151.15 158.15 160.64 162.89 162.51 161.64 156.32 162.63 168.03 166.22 165.3 163.61 162.47 165.19 159.57 158.22 171.47 209.23 199.46 225.35 221.68 224.08 222.41 215.49 211.13 208.16 216.94 225.01 223.06 228.42 225.72 219.62 201.41 211.71 213.6 193.49 158.08 161.94 176.3
90.22 88.17 84.3 82.57 82.46 79.8 79.79 80.25 80.32 80.02 79.8 80.81 85.02 82.3 80.96 81.97 81.66 81.23 63.09 71.9 96.13 102.93 109.61 114.14 118 121.22 124 122.98 118.56 114.59 156 170.11 164.15 159.2 150.83 153.41 159.71 162.93 165.76 164.44 164.5 168.54 170.85 167.08 170.76 172.77 173.28 171.18 199.23 221.95 232.51 225.91 204.19 214.35 214.98 201.58 217.61 217.77 218.71 212.92 212.61 221.48 231.49 233.44 230.64 219.24 209.6 205.59 184.05 147.79 148.88 177.48 184.52
92.82 91 89.43 87.78 87.38 84.72 86.58 84.58 81.63 83.56 81.38 79.95 88.05 87.91 85.89 85.87 82.41 76.29 72.43 67.87 78.08 91.61 98.06 109.18 115.04 118.06 121.9 123.58 125.62 141.96 171.96 174.13 164.68 159.45 154.31 150.58 152.04 158 165.26 168.28 169.26 171.96 173.86 171.91 174.91 176.2 172.19 172.26 226.54 236.5 238.39 227.67 194.58 178.76 182.91 175 180.11 166.17 167.92 195.77 189.79 194.25 198.64 210.8 208.16 214.98 194.37 198.06 179.37 171.53 181.88 187.04 186.94
93.82 93.45 92.99 89.72 91.12 89.54 89.08 88.64 89.33 88.21 86.14 87.03 90.41 90.11 87.35 86.5 83.63 81.57 80.3 84.74 89.19 98.61 99.84 104.92 115.54 119.58 116.23 113.95 119.66 159.26 176.11 177.82 173.96 168.84 168.03 164.82 157.72 153.99 158.33 161.06 159.27 166.47 171.76 175.57 177.61 175.76 175.77 207.43 233.38 235.07 188.23 188.13 179.06 177.92 174.84 168.87 164.7 162.16 164.37 171.72 173.63 173.08 172.94 186.4 171.47 178.38 183.66 190.54 190.57 188.19 182.69 184.8283 186.9342
91.82 93.45 94.27 94.54 94.14 91.17 91.96 92.68 90.68 89.55 88.33 90.1 87.36 85.62 87.18 88.17 84.26 86.39 86.86 88.96 88.48 101.67 107.93 109.91 117.66 119.49 114.69 107.67 125.51 163.5 165.82 171.54 175.15 177.27 175.02 171.49 168.36 165.17 162.57 166.47 167.7 167.75 170.81 170.95 177.13 179.13 181.77 183.16 201.81 183.91 179.74 179.19 176.57 172.52 167.11 161.38 158.01 160.34 163.89 173.5 179.62 180.32 183.84 191.74 189.85 190.96 195.19 196.8 191.52 190.3511 -9999 -9999 -9999
88.6 90.07 88.26 89.56 90.41 90.74 91.57 90.54 90.55 91.8 92.1 89.82 85.9 85.79 92.24 91.17 90.25 89.97 93.37 97.93 95.22 93.44 109.64 110.5 115.84 116.71 112.46 134.43 159.1 154.85 157.61 163.14 168.97 173.97 178.25 176.77 171.91 167.63 167.18 168.44 169.75 172.7 174.26 173.82 172.46 183.7 182.6 180.31 178.13 174.71 171.94 170.49 170.31 166.36 166.91 168.98 164.21 164.46 161.47 166.47 176.49 188.2 192.59 193.53 196.86 196.89 195.08 197.7021 -9999 -9999 -9999 -9999 -9999
87.98 84.29 81.51 81.12 79.69 80.55 85.32 87.33 85.05 85.37 87.12 88.43 88.05 91.28 96.71 95.54 93.45 94.45 94.58 103.45 102.31 107.79 96.45 94.66 99.77 117.02 141.18 154.87 155.93 150.16 157.82 166.65 170.53 175.36 176.78 178.47 175.65 170.61 169.69 169.69 170.36 173.24 178.73 175.37 178.32 178.04 175.27 173.67 170.9 166.86 164.42 162.38 158.99 162.68 168.32 176.76 175.36 175.71 166.99 174.84 187.63 191.57 189.61 182.51 192.6 200.14 199.5 -9999 -9999 -9999 -9999 -9999 -9999
73.74 73.73 72.36 73.58 74.84 78.68 81.7 83.28 84.36 83.77 84.15 84.12 87.78 94.73 97.74 99.7 100.17 101.64 100.29 101.8 103.99 105.17 97.88 90.98 101.76 136.25 148.88 147.43 147.75 148.96 154.73 162.25 167.07 171.17 173.78 176.32 179.34 179.68 179.89 180.21 181.59 182.03 179.82 175.12 175.21 177.5 177.23 181.57 179.07 171.37 159.56 156.32 152.28 148.67 165.73 186.3 187.75 186.4 184.44 191.34 194.87 193 195.87 188.3673 194.3951 203.3235 -9999 -9999 -9999 -9999 -9999 -9999 -9999
59.83 65.71 70.31 67.81 74.29 84.55 84.2 87.56 89.14 82.53 82.36 82.84 87.32 92.23 94.77 93.23 90.69 91.87 95.51 98.04 92.71 93.82 102.94 114.02 139.48 143.01 147.88 142.74 143.04 147.93 153.57 156.59 161.24 167.81 172.52 175.39 176.9 176.72 178.33 180.08 180.27 179.42 176.07 179.41 179.88 179.73 176.79 187.11 183.67 176.36 178.48 171.64 167.4 177.11 184.6 194.73 193.8 194.32 194.1633 199.6582 198.5909 -9999 -9999 -9999 -9999 -9999 -9999 -9999 -9999 -9999 -9999 -9999 -9999
73.75 68.46 76.9 74.95 79.72 83.51 85.93 89.96 90.46 84.33 82.74 82.7 81.54 80.16 78.71 78.94 82.4 84.9 85.87 88.11 85.65 84.3 108.31 147.66 176.38 185.53 181.07 180.77 179.63 146.6 148.54 148.33 145.91 157.14 167.02 168.1 170.31 172.37 173.6 170.97 176.48 176 174.25 177.53 174.18 172.19 169.86 180.34 187.54 188.09 180.28 170.24 186.01 193.64 197.18 199.4198 -9999 -9999 -9999 -9999 -9999 -9999 -9999 -9999 -9999 -9999 -9999 -9999 -9999 -9999 -9999 -9999 -9999
78.79 87.33 84.62 81.38 91.18 92.49 91.76 92.04 88.32 86.02 82.93 81.33 81.61 77.73 74.79 75.96 80.05 76.09 78.08 81.1 83.73 93.68 112.67 148.03 189.75 184.79 177.21 162.84 173.56 165.68 143.66 146.76 149.57 155.12 158.88 157.99 163.2 166.94 171.65 172.34 169.77 167.46 170.37 171.95 170.33 172.91 174.39 182.42 191.4 180.74 173.16 180.37 195.4084 -9999 -9999 -9999 -9999 -9999 -9999 -9999 -9999 -9999 -9999 -9999 -9999 -9999 -9999 -9999 -9999 -9999 -9999 -9999 -9999
