layers/wordclim/future/Iberia_wcB2a_10_hadcm3_2050/bio_18.asc
ncols         166
nrows         93
xllcorner     -9.4959440078468
yllcorner     36.000324005443
cellsize      0.083333337679505
NODATA_value  -9999
[rows 35 to 69 of 93, columns 0 to 76 of 166]
-9999 -9999 -9999 -9999 -9999 -9999 -9999 -9999 -9999 -9999 63.96629 65.4 67.71 73.66 68.7 69.83 67.32 58.95 59.25 61.84 63.17 61.57 60 59.22 57.49 57.62 51.64 46.64 46.02 43.01 44.53 45.11 42.38 40.89 42.01 42.5 41.18 39.16 39.07 36.54 36.69 37.51 38 38.98 38.96 40.5 40.62 38.65 39.03 39.43 39.85 40.69 42.52 43.97 43.66 42.55 43.92 43.11 45.16 47.44 49.87 50.5 51.46 56.93 71.76 73.83 82.68 75.43 58 48.68 46.43 41.89 42.97 47.62 47.37 45.17 43.51
-9999 -9999 -9999 -9999 -9999 -9999 -9999 -9999 -9999 62.48649 62.07609 62.6 63.49 64.49 67.42 64.73 64.72 60.11 61 60.53 57.45 55.71 54.32 54.52 53.69 50.76 48.67 48.28 48.47 46.39 44.74 45.78 43.5 41.69 40.8 42.46 41.09 39.01 39.41 39.39 37.86 37.74 39.66 41.26 41.7 39.09 37.79 38.59 39.53 40.18 41.41 43.46 46.92 47.06 48.87 49.46 49.42 47.1 47.9 49.41 55.3 55.56 59.89 62.03 59.74 53.29 52.71 48.47 46.64 48.59 42.21 37.79 40.74 42.76 43.85 41.85 44.24
-9999 -9999 -9999 -9999 -9999 -9999 -9999 -9999 -9999 60.58108 61.10309 60.25 59.92 62.53 65.33 69.47 70.2 60.94 58.06 56.27 54.98 54.73 55.55 52.58 48.72 49.13 49 54.56 51.01 48.48 47.48 46.2 44.45 41.1 39.38 38.56 39.51 40.85 40.81 41.08 41.8 42.72 41.07 39.37 39.17 38.21 38.43 39.43 41.25 44.25 46.57 48.28 52.8 53.16 51.97 49.95 46.4 46.45 49.53 52.8 56.32 59.71 59.27 63.32 51.94 44.79 48.26 46.8 41.16 39.31 36.68 35.6 38.12 38.61 40.32 39.32 46.9
-9999 -9999 -9999 -9999 -9999 -9999 -9999 -9999 -9999 59.29 59.75 57.99 57.66 58.3 64.11 69.44 58.29 55.99 54.51 55.25 53.48 52.21 50.54 52.15 62.47 63.1 57.12 55.09 52.77 49.47 46.98 47.77 44.13 40.96 39.53 38.54 38.62 43.1 45.19 50.33 44.13 42.29 38.71 37.55 39.43 40.16 38.69 40.83 44.31 44.69 45.91 50.91 58.53 51.79 48.75 49.71 53.16 53.71 51.78 46.58 49.31 46.35 47.47 50.75 44.26 42.15 39.88 38.87 36.98 37.64 36.04 34.75 35.82 36.27 36.9 43.39 47.77
-9999 -9999 -9999 -9999 -9999 -9999 -9999 -9999 58.48387 59.18 58.98 59.08 56.07 58.57 60.85 58.57 55.54 52.91 52.79 52.15 53.09 54.11 64.49 78.75 69.89 60.67 53.79 55.19 51.77 48.86 48.09 48.08 43.54 41.75 42.49 41.46 40.37 42.5 42.14 41.71 40.5 32.56 32.72 35.97 36.59 41.3 41.81 39.76 40.87 44.27 53.7 61.33 62.25 60.32 62.43 57.56 49.04 44.41 41.19 41.38 39.74 37.86 40.6 41.01 38.32 37.24 36.74 38.07 36.78 36.54 35.8 33 33.04 34.8 40.69 45.11 45.59
-9999 -9999 -9999 -9999 -9999 -9999 -9999 -9999 56.42857 56.95 57.4 57.97 56.84 57.95 56.98 53.39 52.37 52.24 52.69 54.36 55.11 67.09 93.93 79.74 57.61 49.22 46.94 51.54 51.74 50.03 49.99 48.97 46.98 44.87 43.21 42.88 47.36 43.05 40.48 33.45 29.69 30.58 35.18 36.27 42.48 56.85 52.49 42.37 44.7 55.45 59.36 59.52 60.02 53.18 52.64 48.32 45.86 49.21 51.36 47.37 36.96 35.56 35.32 34.72 32.88 35.45 35.74 37.53 37.21 33.76 33.93 32.91 33.59 37.78 41.63 43.64 42.45
-9999 -9999 -9999 -9999 -9999 -9999 -9999 -9999 55 55.21 56.21 55.78 55.42 57.63 55.98 53.11 52.56 52.1 52.54 56.07 58.13 63.63 82.63 76.73 49.98 45.67 46.78 46.89 49.76 52.35 52 53.82 49.27 45.78 47.17 41.98 38.87 34.57 32.54 30.72 28.52 30.05 31.95 35.51 54.76 65.77 50.7 47.58 54.39 61.31 69.49 65.05 58.83 47.13 50.67 50.49 38.94 32.09 34.58 37.13 36.86 35.31 32.89 30.86 33.03 34.78 34.23 35.87 36.12 33.3 32.95 32.46 34.4 38.91 40.39 40.41 43.64
-9999 -9999 -9999 -9999 -9999 -9999 -9999 53.0274 53 51.85 51.99 52.13 52.89 55.43 53.81 53.72 52.8 54.42 60.5 67.65 69.95 57.82 52.55 49.67 47.68 46.23 43.74 43.28 44.39 45.65 40.66 38.45 46.6 38.57 34.96 32.51 30.81 32.23 29.51 28.02 27.1 26.97 34.59 47.52 39.63 48.25 65.27 63.38 61.43 42.19 50.37 45.34 34.03 29.1 32.24 26.55 28.88 30.49 33.11 35.09 31.6 29.84 30.34 31.31 34.02 34.22 32.84 35.02 33.96 33.64 33.08 33.26 34.59 36.56 38.28 40.14 40.94
-9999 -9999 -9999 -9999 -9999 -9999 -9999 -9999 49.25 50.08 50.18 50.66 53.49 54.01 52.4 55.61 59.41 59.92 61.93 64.41 60.36 52.74 53.12 52.36 49.45 45.62 41.4 40.98 39.47 37.38 34.87 34.68 35.32 31.99 28.99 29.11 29.99 30.12 27.71 26.68 26.72 28.53 35.01 34.63 41.3 34.15 32.97 31.86 28.79 24.22 24.62 24.66 25.32 26.42 27.12 28.48 32.54 35.09 29.09 28.58 28.33 29.6 30.96 31.49 32.85 32.76 33.54 33.35 32.71 33.71 32.07 33.1 35.38 39.01 38.64 38.09 37.4
-9999 -9999 -9999 -9999 -9999 -9999 -9999 47.38667 47.44 47.33 47.03 51.52 53.5 52.69 59.75 63.55 58.94 56.35 57.59 54.42 51.28 56.26 51.03 53.21 44.59 41.11 40.49 38.77 38.3 38.43 36.78 32.57 30.82 29 27.6 27.94 27.58 26.19 25.03 24.92 25.56 27.19 28.21 28.85 28.44 24.94 23.79 22.11 22.02 22.07 22.58 24.01 24.48 24.91 25.4 27.58 27.22 25.83 26.06 27.25 28.01 29.65 31.06 31.68 31.66 31.39 32.41 31.33 32.38 31.43 30.84 32.74 33.73 34.42 34.8 37.34 40.52
-9999 -9999 -9999 -9999 -9999 -9999 -9999 45.79 47.31 47.33 46.75 51.37 50.82 51.71 55.82 54.49 51.83 52.28 56.54 56.7 55.95 51.54 44.02 44.25 42.16 39.77 38.03 36.69 36.58 35.13 33.79 30.89 31.49 29.48 28.34 26.56 25.7 25 25 25.43 26.33 25.61 23.68 21.86 21.83 21.97 22 22 22 22 22.31 23.02 23.64 24.36 25.4 24.85 25.28 25.57 26.09 27.69 29.25 30.58 30.65 29.94 30.17 31.13 30.85 29.85 29.98 30.79 33.41 35.68 37.71 38.91 39.37 41.28 42.7
-9999 -9999 -9999 -9999 -9999 -9999 42.66667 42.75 44.87 45.81 46.01 48.34 47.93 49.86 49.94 48.82 50.78 53.38 54.92 58.97 51.1 44.16 41.35 41.68 41.48 38.84 35.02 34.28 34.01 34.19 32.45 30.28 29.78 29.5 28.22 26.54 26.22 25.9 26.67 27.88 25.65 24.12 21.95 21.05 21.06 21.26 21.85 22.77 22 22 22.78 24.19 23.36 23.76 23.58 25.15 26.83 26.48 26.04 25.71 26.54 27.6 28.41 27.93 29.63 30.47 29.91 29.81 30.45 31.03 33.42 35.58 37.03 37.98 39.27 40.58 41.83
-9999 -9999 -9999 -9999 -9999 -9999 41.14286 41.14 42.45 45.06 46.63 46.35 45.15 46.83 45.92 45.91 46.25 48.29 50.83 51.41 45.15 42.21 40.83 40.78 37.9 35 34.18 33.49 34.22 33.13 30.7 30.35 29.32 28.25 27.08 27.58 26.67 27.06 25.74 24.54 24.27 22.4 22.98 22.66 22.45 21.31 22.53 23.55 21.84 22.56 23.08 23.45 22.3 23.93 24.36 25.39 27.12 27.97 27.71 28.16 28.42 26.95 29.08 31.31 31.91 33.04 33.62 32.49 31.91 31.75 32.75 33.64 35.07 36 38.13 38.93 39.66
-9999 -9999 -9999 -9999 -9999 38.71429 40.03 40.5 40.64 43.3 44.16 42.76 42.12 43.76 45.3 43.58 45.39 44.9 46.43 42.96 39.88 40.07 38.29 36.3 36.24 36.5 35.55 33.67 33.75 32.73 30.73 29.51 29.87 29.5 28.37 26.18 24.38 24.77 24.76 24.87 24.7 23.99 24.29 24.71 25.88 26.3 25.7 25.08 25.45 25.95 25.56 24.96 25.73 26.22 28.09 27.45 27.55 28.62 29.72 29.21 30.35 29.95 31.54 33.22 32.61 34.39 34.38 33.66 33.07 33.39 33.05 34.01 34.19 35.6 36.97 37.99 38.71
-9999 -9999 -9999 -9999 -9999 36.68293 36.99 38.69 41.55 46.03 42.5 41.2 40.28 39.87 42.07 40.74 42.71 44.23 43.52 39.98 38.15 36.55 35.44 36.24 36.22 35.32 34.15 34.53 32.67 31.79 31.68 29.99 29.95 29.75 29.03 27.22 25.2 24.69 24.4 24.27 24.06 23.53 23.6 23.39 24.39 25.07 26.21 27.19 27.9 30.82 28.16 28.97 27.04 26.88 31.24 31.02 32.66 32.33 33.25 33.22 33.44 30.92 32.09 33.75 34.83 34.64 35.19 34.47 33.31 33.55 32.98 34 34.12 35.2 35.5 36.31 37.76
-9999 -9999 -9999 -9999 -9999 34.35353 35.53 42.29 44.63 43.62 43.11 37.51 37.19 37.29 39.24 39.8 39.13 39.28 39.39 38.95 36.22 37.56 36.43 36.89 35.79 35.58 35.19 36.13 34.74 32.21 30.55 30.41 29.16 28.17 27.96 26.97 25.7 24.59 24.64 23.76 23.19 23.36 23.46 24.01 24.62 25.15 25.42 26.03 31.68 31.8 32.93 28.83 28.54 27.04 27.46 30.63 31.79 32.05 37.16 32.49 37.38 36.32 36.07 35.62 36.46 36.48 35.29 32.41 32.02 32.09 32.17 33.38 33.69 34.01 35 35.61 36.56
-9999 -9999 -9999 30.76191 31.2 33.59 36.09 39.79 38.7 35.99 34.99 34.53 34.4 35.84 36.06 35.87 36.47 35.39 36.72 36.94 37.16 37.04 37.11 36.99 38.16 36.77 35.92 35.53 35.58 33.9 31.24 30.03 28.87 26.49 26.05 25.38 25.05 25.22 24.71 24.35 23.41 23.32 23.44 24.41 24.91 29.04 27 26.97 30.94 33.66 27.42 25.56 25.09 25.68 24.09 25.29 25.86 27.66 29.65 29.06 30.78 31.19 30.86 30.56 35.89 39.37 37.73 34.77 32.56 33.06 32.05 33 32.9 33.68 34.45 35.5 36.86
-9999 -9999 29.01563 29.17442 30.25 31.96 33.86 32.81 33.1 33.71 32.85 32.69 33.51 36.11 36.51 36.56 35.94 36.99 36.21 36.28 36.49 35.43 36.01 36.72 40.24 42.24 39.76 37.75 36.07 34.14 33.18 31.86 29.6 29.72 27.43 25.47 25 25.04 24.74 24.57 23.99 23.95 24.05 23.98 24.05 26.92 27.85 26.94 25.7 25.44 24.64 21.67 23.04 21.94 22.2 22.26 23.7 25.4 27.45 29.69 30.99 32.29 29.97 31.55 32.99 33.32 35.87 34.03 32.14 33.64 35.62 33.46 33.11 33.01 33.13 34.31 35.56
-9999 -9999 29.65 30.03 30.15 30.45 30.6 30.03 30.95 30.92 30.57 31.1 32.88 33.47 34.76 35.48 35.67 35.35 35.38 35.2 33.97 35.08 34.15 34.8 37.11 42.45 41.39 35.9 32.45 32.12 31.25 29.8 27.5 28.4 26.79 25.4 25.91 24.74 24.71 24.97 24.38 24.06 24.08 22.93 21.71 22.34 20.28 20.64 20.4 22.75 22.22 20.27 20.43 20.49 24.35 23.18 23.42 25.35 25.18 26.48 27.07 25.96 25.98 28.2 31.79 31.67 30.78 31.57 33.93 33.66 36.71 32.92 31.71 31.53 31.85 32.97 34.55
-9999 -9999 28.71 28.86 29.57 33.32 29.91 29.99 30 29.75 29.88 30.9 31.92 32.5 32.86 33.11 33.17 33.01 33.6 34.07 32.08 32.94 34.43 33.95 34.08 34.79 35.46 33.84 31.46 30.63 30.62 28.16 26.59 26.55 26.42 26.1 25.54 25.05 24.69 24.5 25.87 24.1 21.07 20.64 19.77 20 19.83 19.54 19.35 19.9 20.61 20.56 20.3 20.23 22.29 25.11 24.08 23.9 23.56 25.53 28.19 26.38 23.97 25.09 29.12 29.48 28.33 27.25 27.74 30.75 29.85 28.44 30.27 31 31.36 32.57 34.07
-9999 28.70313 28.33 28.88 30.93 29.47 28.48 29.18 28.47 28.11579 29.1 29.76 30.59 31.67 32.21 32.4 31.88 32.66 33.03 32.86 33.03 31.72 32.59 33.08 32.95 32.34 31.52 31.66 30.29 28.9 28.54 27.01 26.95 25.71 25.68 25 24.26 23.79 24.03 23.28 22.68 21.06 20.97 20 19 19.08 18.97 18.54 18.39 19.05 19.78 19.74 20.72 21.5 21.61 23.21 25.67 23.43 23.5 26.12 27.6 26.72 25.83 24.46 27.04 27.82 25.64 24.93 25.33 25.78 27.2 27.81 28.69 30.66 31 31.66 33.24
-9999 28.94 28.4 29.36 30.77 29.5 26.48936 26.24444 26.1954 27.59 28.29 28.83 29.43 29.61 29.73 30.22 30.35 31.2 31.88 32.25 32.35 32.85 31.45 30.25 30.81 31.07 30.44 29.75 29.78 28.79 26.83 26.17 25.24 24.37 24.31 23.71 22.83 22.18 22.63 22.65 21.6 20.61 20 20 19.78 19.42 18.45 19.82 19.64 18.48 19.42 19.79 19.57 20.25 20.84 22.11 23.6 24.57 23.51 22.98 22.96 26.35 25.57 22.94 25.13 23.66 23.01 23.16 24.4 25.08 26.95 27.26 28 29.17 31.03 32.07 34.08
-9999 30.96939 32.05 31.36 31.95 28.97938 25.4557 25.02 25.73 26.64 27.2 27.55 27.7 28.1 28.67 29.14 29.55 29.64 30.19 31.39 32.14 32.95 32.44 31.43 30.46 30.76 31.29 30.78 28.29 27.25 26.46 25.25 24.01 23.02 22.97 22.39 21.15 21.3 21.82 21.03 19.64 19.23 19.64 20 19.83 19.58 19.56 19.44 19.72 19.83 19.67 19.27 20.04 22.89 21.28 22.11 22.09 21.81 21.15 23.79 22.05 22.4 23.43 22.65 23.73 23.17 23.01 23 23.09 25 26.75 27 28 28.68 30.86 33.9 35.79
-9999 33.24 32.78 31.98 28.49 27.26667 25.77778 26 26.06 26 26.98 27.02 27.39 27.99 27.94 28.45 29.45 30 30 30.04 30.81 31.75 33.68 33.9 30.99 30.21 32.13 30.33 27.27 25.87 26 24.73 24 22.99 22.34 21.68 21.3 21.29 20.83 20.04 20.07 20.05 19.71 20.23 20.07 20.05 20.15 19.28 19.72 19.67 19.78 19.35 18.9 20.28 19.49 20.31 21.26 21.89 23.49 24.05 21.54 21.41 23.65 22.99 21.93 22.92 23.05 23.06 23.59 25.32 26.24 28.78 28.73 28.4 30.5 32.71 35.17
36.25926 34.64 32.82 30.41 27.52128 -9999 -9999 25.62 25.93 26 26.51 27.47 26.93 27.45 27.82 28.53 29.84 30.12 30.03 30.03 30.31 31.03 31.67 34.42 33.97 29.58 28.07 26.73 25.94 25.1 25.67 24.5 24 23.99 22.82 22.54 22.07 22.07 20.67 21.03 21.32 21.46 21.08 20.54 21.59 20.21 20.43 19.49 20.31 20.84 20 20.06 19.88 18.39 19.61 19.73 19.75 19.48 21.87 21.93 23.2 22.03 21.76 22.63 23.26 23.16 25.5 24.53 23.57 23.5 25.9 26.67 27.6 28.84 30.97 32.75 33.98
33.66 31.39437 29.87838 28.67533 27.44444 25.375 25.01124 25 25.08 25.55 26.22 26.72 27.15 27.57 27.38 28.78 29.93 30.52 30.72 30.33 30.39 30.35 32.01 32.23 30.71 29.62 25.64 25.26 25.85 25.69 25.05 25 24 23.88 23 22.42 21.99 22.89 21.38 20.13 21.08 22.01 22.01 20.94 20.71 20.64 20.45 20.91 20.75 21.64 21.1 19.94 18.95 18.39 18.44 18.11 18.18 19.02 19.64 20.42 22.09 23.83 23.17 22.5 22.58 24.06 26.8 25.85 23.08 23.63 25.87 26.13 26.26 28.76 30.14 31.77 33.74
-9999 -9999 -9999 28.91892 26.74026 25.83333 25.11 24.97 24.93 24.9 24.97 25.36 26.11 27.54 28.22 28.7 29.46 30.03 30.19 29.28 29.28 29.18 29.52 29.58 28.62 26.21 26 24.76 25.42 26.08 26.03 25.65 24.15 24.11 23.21 22.77 22.4 23 22.75 20.72 21.54 21.87 22.2 22.18 20.67 21.88 21.15 21.67 21.21 20.46 19.54 18.73 18.42 18.33 19.6 18.2 18.78 20.38 20.22 21.08 21.49 22.99 23.41 23.01 23.64 23.68 22.85 23.15 25.48 23.46 25.91 26.39 26.66 27.04 29.89 32.28 32.74
-9999 -9999 -9999 -9999 27.21 26.43 26.49495 24.57647 24 23.97802 24.61 24.12 24.25 26.47 27.18 27.56 28.63 28.13 28.01 28.29 27.72 27.11 27.55 28.83 28.19 26.51 24.56 25.26 24.62 25.76 26.24 26.35 27.41 25.83 25.98 23.51 22.76 23.27 22.99 21.66 20.73 23.02 22.19 21.74 20.7 22.59 23.12 22.21 21.65 19.48 19.83 20.01 19 18.74 18.65 18.3 18.07 18.24 19.84 23.51 25.35 23.57 22.84 22.51 20.51 21.29 22.66 22.63 22.83 24.34 24.86 26.82 27.66 28.54 29.9 30.86 31.41
-9999 -9999 -9999 -9999 28.96296 28.47143 -9999 24.70588 -9999 23.5641 23.26 23.17 23.23 23.41 24.37 25.33 25.45 25.89 26.28 25.44 25.25 25.3 26.21 27.03 26.67 25.25 23.15 23.81 24.82 24.25 25.1 26.17 28.23 28.19 27.57 25.16 23.51 23.84 23.25 22.4 21.3 21.32 21.23 22.12 21.46 22.38 22.01 21.53 21.7 21.87 20.91 21.36 19.26 18.72 18.99 19.01 18.81 18.73 18.41 18.77 21.46 25.71 25.64 25.23 24.69 21.29 20.05 23.4 26.56 29.24 30.45 26.75 26.86 27.16 27.59 27.83 29.5
-9999 -9999 -9999 -9999 -9999 -9999 -9999 -9999 24 23.76531 23.02105 22.91 22.91 23 23.06 24.12 24.47 24.84 25.49 26.7 25.06 25.2 24.91 25.05 23.89 23.11 23.47 23.03 23.24 24.59 23.78 25.34 26.46 22.91 23.6 23.68 24.16 23.56 23.26 23 22.21 21.85 21.95 21.06 21.05 21.06 21.03 21.66 22 21.86 21.72 21.9 21.58 20.18 20 20.22 20.23 19.98 20.49 20.56 19.77 20.22 19.96 22.41 22.56 22.74 19.15 22.41 22.5 23.71 26.62 25.52 25.93 24.1 23.44 24.46 26.31
-9999 -9999 -9999 -9999 -9999 -9999 -9999 -9999 -9999 23.67 23.01 22.91 22.5 22.42 22.58 23 23.01 23.75 24.45 24.46 25.66 25.56 24.8 24.08 23.14 22.37 22.71 21.69 21.93 22.46 23.34 23.1 21.96 21.32 21.74 21.66 22.93 23.02 23.02 23.02 23.14 22.41 21.94 21.63 21.11 21.39 20.81 21.75 21.73 20.05 19.91 19.94 21.36 21.96 20.05 19.5 20.34 19.92 20.57 20.69 21.39 21.34 21.07 19.01 20.5 19.49 18.49 19.03 19.41 19.24 19.82 20.38 19.44 19.29 20.84 23.67 24.57
-9999 -9999 -9999 -9999 -9999 -9999 -9999 -9999 -9999 23.73 23.69 21.56 21.89 21.72 21.4 21.72 22.39 22.96 22.66 23.61 23.97 23.97 23.7 23.3 22.66 22.81 22.01 22.05 21.1 21.01 20.88 22.46 22.67 25.3 24.81 22.93 22.13 23 23 21.95 22.03 23.11 22.78 21.6 20.57 19.99 18.62 19.28 21.16 21.42 21.65 20.11 19.12 19.54 20.17 18.76 18.09 18.73 19.8 18.96 19.46 19.05 20.61 17.84 18.84 18.41 17.29 19.01 16.77 16.54 16.75 17.68 16.66 18.79 21.31 22.83 22.5
-9999 -9999 -9999 -9999 -9999 -9999 -9999 -9999 21.34615 23.01 24.66 22.08 21.01 20.62 20.89 20.13 20.17 21.21 22.59 21.34 21.34 21.17 21.1 21.72 22.28 22.03 21.97 21.93 20.19 20.51 21.19 21.73 23.11 23.62 24.01 25.08 24.36 23.41 23.91 23.49 20.9 19.74 20.69 22.38 21.21 20.38 18.87 17.96 17.64 18.46 18.85 20.24 21.05 19.87 17.71 17.69 17.01 16.4 17.21 16.94 14.82 15.23 15.99 15.67 16.06 15.87 16.22 15.51 15.43 15.36 16.14 15.41 16.22 18.07 18.03 18.71 21.3
-9999 -9999 -9999 -9999 -9999 -9999 -9999 -9999 20.84615 22.66 23.16 21.81 20.55 20.05 19.28 19.52 20.06 21.63 21.35 20.99 20.44 20.79 19.99 21.01 21.86 22.38 21.83 21.84 20.9 22.56 23.52 22.52 21.23 23.5 24.64 24.28 24.05 26.41 25.29 22.99 21.41 19.23 18.29 19.07 20.73 21.67 20.58 18.51 16.41 15.36 16.62 16.83 18.76 19.33 18.59 17.78 16.89 14.51 14.59 14.35 13.3 13.47 13.27 13.35 13.79 14 14.17 14.15 14.46 14.86 14.86 16.43 19.18 21.58 21.45 19.72 18.02
-9999 -9999 -9999 -9999 -9999 -9999 -9999 21.03846 20.76344 22.09 20.75 20.12 19.98 19.05 19 19 19.61 19.94 20.07 20.82 20.01 20 20.09 20.01 19.83 21.03 20.74 20.05 21.08 20.03 20.41 22.87 23.13 22.97 23.09 20.37 19.35 20.95 21.67 19.31 20.56 21.38 17.73 19.31 20.29 19.2 21.29 20.61 17.95 16.8 15.11 15.07 16.72 16 15.46 16.05 15.42 13 11.65 11.92 11.24 13.64 13.01 13.79 14 14 14.07 14.2 14 14.02 14.23 15.25 16.31 16.03 16.3 16.65 17.43
