layers/wordclim/future/Iberia_wcB2a_10_hadcm3_2050/bio_05.asc
ncols         166
nrows         93
xllcorner     -9.4959440078468
yllcorner     36.000324005443
cellsize      0.083333337679505
NODATA_value  -9999
[rows 33 to 65 of 93, columns 0 to 72 of 166]
-9999 -9999 -9999 -9999 -9999 -9999 -9999 -9999 -9999 -9999 257.7209 262.76 268.66 274.26 280.45 285.21 283.88 272.31 266.71 276.44 280.02 282.18 295.78 310.35 302.03 297.72 311.72 328.16 334.97 330.15 331.46 336.59 331.64 331.33 332.26 335.12 335.55 335.19 337.38 339.87 340.41 342.09 346.19 348.5 349.87 351.53 352.74 351.09 351.03 350.22 350.31 350.92 350.53 351.2 351.16 349.96 350.92 351.1 348.45 347.31 345.09 345.22 345.36 344.03 339.23 334.19 315.66 307.4 324.24 336.19 341.35 344.56 340.01
-9999 -9999 -9999 -9999 -9999 -9999 -9999 -9999 -9999 -9999 255.398 261.96 268.06 270.88 263.62 269 276.94 291.12 293.96 294.77 289.48 288.7 291.46 299.94 299.4 298.42 311.19 327.61 331.2 325.21 323.65 329.35 333.71 330.05 331.21 333.27 336.14 337.89 341.62 343.38 344.1 345.44 347.65 348.4 349.54 349.74 349.76 350.22 351.94 351.36 350.63 350.05 348.87 348.75 350.3 350.68 351.12 351.18 348.74 344.89 342.36 344.04 343.76 341.79 335.64 328.83 306.15 327.81 322.01 329.03 342.93 350.57 355.05
-9999 -9999 -9999 -9999 -9999 -9999 -9999 -9999 -9999 -9999 253.6404 261.96 269.26 266.61 276.98 277.44 284.01 299.08 300.81 298.32 297.61 298.62 301.28 300.92 303.72 300.21 313.05 324.07 324.31 329.95 325.5 324.28 330.35 333.36 331.82 332.22 335.86 340.02 341.58 343.3 344.67 344.55 345.8 345.68 345.7 345.35 347.39 352.01 351.59 352.24 351.43 350.48 347.36 346.12 346.18 348.74 347.27 348.56 345.54 343.24 339.83 339.48 339.08 332.04 314.66 314.34 306.38 316.16 337.64 350.41 354.68 361.24 359.13
-9999 -9999 -9999 -9999 -9999 -9999 -9999 -9999 -9999 241.5676 252.4348 262.51 271.72 278.84 278.85 286.91 288.12 298.09 297.99 299.71 306.03 309.78 311.46 309.64 310.68 315.44 319.49 319.49 318.14 321.18 324.45 323.05 327.75 331.33 335.79 332.83 335.52 340.26 341.32 342.69 343.86 345.62 344.12 342.85 342.34 348.12 352.92 353.23 352.25 350.36 349.54 346.35 340.92 340.85 339.13 337.76 337.75 342.51 340.11 338.19 330.27 330.97 328.21 326.82 331.71 341.32 343.36 350.13 353.23 351.21 361.55 367.78 363.28
-9999 -9999 -9999 -9999 -9999 -9999 -9999 -9999 -9999 242.6757 253.2784 264.07 274.48 281.13 283.84 278.21 278.34 299.19 305.42 309.12 311.21 310.29 309.57 315.18 321.53 320.47 318.11 302.43 309.62 316.45 319.15 322.21 325.77 333.91 339.11 340.82 339.64 338.98 339.2 339.13 338.85 338.15 342.56 347.23 348.96 351.08 352.34 351.15 349.2 345.56 340.75 338.77 331.98 332.58 334.24 337.71 343.16 343.44 338.87 334.08 331.13 328 329.79 325.79 343.28 355 350.33 353.08 363.51 366.6 371.32 373.46 367.6
-9999 -9999 -9999 -9999 -9999 -9999 -9999 -9999 -9999 248.38 257.15 268.55 279.11 286.71 284.32 274.99 301.78 307.46 312 311.94 315.13 316.65 319.84 315.39 291.38 286.02 296.83 300.95 307.1 313.16 320.08 319.19 327.34 335.08 338.14 341.37 342.81 334.36 330.1 322.74 335.06 339.95 348.64 352.19 349.26 348.92 352.6 350.14 344.94 344.58 344.27 335.48 325.56 336.1 340.47 339.68 334.81 333.94 338.01 346.47 342.46 348.62 348.16 344.62 355.98 360.31 365.69 368.98 372.61 370.58 375.13 376.74 374
-9999 -9999 -9999 -9999 -9999 -9999 -9999 -9999 249.0484 254.28 263.77 274.2 284.75 290.45 292.45 299.6 306.47 311.92 314.96 317.17 316.14 314.57 291.09 262.06 276.23 290.86 306.16 301.03 309.62 317.74 319.07 318.56 329.71 333.65 331.83 336.42 339.46 336.78 337.31 341.05 344.68 362.03 363.08 357.17 357.43 349.28 348.35 351.96 351.85 345.59 332.8 320.78 320.33 323.5 322.21 329.26 342.71 351.32 358.14 358.2 363.06 367.58 362.58 363.8 369.57 373.3 375.45 371.45 374.96 374.22 376.58 383.82 382.55
-9999 -9999 -9999 -9999 -9999 -9999 -9999 -9999 253.0879 260.89 270.5 280.63 291.08 294.49 301.42 309.61 312.88 315 315.48 312.96 312.51 287.86 242.25 261.65 302.48 321.13 324.06 312.97 309.99 315.7 314.06 318.58 322.92 327.16 331.91 334.24 326.92 336.56 343.21 360.15 367.75 366.91 359.55 357.43 345.7 323.79 331.26 349.49 345.74 329.29 323.84 324.48 324.23 335.18 336.53 344.4 350.45 346.23 342.3 348.53 369.95 374.49 375.76 378.09 382.29 378.93 378.74 375.5 375.54 380.84 380.86 384.21 383.59
-9999 -9999 -9999 -9999 -9999 -9999 -9999 -9999 257.58 266.39 276.3 287.48 297.76 300.15 305.82 313.58 314.95 316.13 316.15 310 305.15 292.86 260.83 269.16 320.59 329.64 327.38 324.91 317.49 310.58 310.24 309.05 318.85 325.74 325.64 337.62 345.26 356.56 362.1 368.06 374.24 369.08 365.83 359.59 326.42 312.42 334.32 341 331.33 322.23 311.95 318.55 328.11 348.06 342.43 345.29 366.22 379 373.86 369.56 371.74 375.84 383.16 387.66 384.1 381.26 382.47 379.9 379.28 383.32 385.8 387.72 383.23
-9999 -9999 -9999 -9999 -9999 -9999 -9999 253.5479 261.66 271.91 282.03 292.85 303.22 306.77 311.07 312.68 315.41 312.08 300.19 285.94 281.59 306.25 316.25 322.19 327.78 328.06 333.91 333.76 331.42 328.53 339.93 345.72 327.59 345.99 355.36 361.24 366.43 363.52 371.78 375.82 378.66 381.12 363.74 338.4 354.45 339.19 314.43 318.13 323.9 355.29 343.25 351.18 372.96 383.78 377.7 390.79 387.3 383.21 377.89 376.05 384.74 390.8 391.06 387.41 384.1 384.19 386.41 382.56 384.22 385.03 387.35 387.44 385.42
-9999 -9999 -9999 -9999 -9999 -9999 -9999 -9999 266.1136 275.22 285.34 294.65 302.37 307.73 312.76 302.2 295.64 293.08 296.15 291.38 300.34 316.53 315.73 315.97 323.41 331.62 342.1 343.02 343.53 348.3 353.65 354.97 354.08 361.82 369.28 369.95 369.69 370.17 376.21 378.87 381.34 377.21 363.28 364.83 352.48 368.42 371.59 375.43 383.59 394.27 395.48 395.29 394.03 391.04 390.82 388.65 379.69 375.21 388.37 393.39 394.96 393.17 390.43 388.02 387.75 389.87 387.83 388.04 389.14 386.58 391.13 389.62 384.95
-9999 -9999 -9999 -9999 -9999 -9999 -9999 260.4533 267.53 276.3 286.16 290.73 296.65 304.38 288.01 279.75 292.42 302.96 305.23 311.65 318.95 308.32 320.15 315.26 335.12 342.94 345.48 348.08 347.25 346.32 350 361.21 365.36 371.73 373.19 372.85 375.6 379.18 383.08 385.02 383.97 381.42 380.2 379.49 381.39 391.44 394.01 398.22 399.27 399 399.57 398.81 397.56 396.73 395.79 392.03 393.54 396.56 398.23 397.31 396.32 395.1 392.97 392.36 393.48 394.81 392.61 394.58 392.04 393.1 393.48 391.37 389.95
-9999 -9999 -9999 -9999 -9999 -9999 -9999 261.03 267.52 276.91 285.82 286.74 296.22 300.02 293.15 300.27 309.23 309.45 304.09 306.38 308.22 317.97 335.72 337.04 341.19 346.88 349.99 353.37 353.67 356.16 360.35 365.29 364.3 371.62 374.46 376.88 380.49 383.64 385.28 384.24 382.62 385.72 391.39 395.41 397.46 399.12 399.86 399.98 401.08 401.58 400.81 401.17 400.51 398.91 398.38 399.92 399.69 399.69 399.99 397.55 395 395.02 396.17 397.99 398.76 397.28 397.55 398.84 397.85 394.67 390.38 386.93 384.7
-9999 -9999 -9999 -9999 -9999 -9999 256.0159 262.27 268.37 276.1 285.02 289.02 297.08 299.15 304.06 310.08 308.55 304.07 302.36 297.49 317.6 332.39 340.2 341.89 345.13 349.47 356.97 359.53 360.68 360.23 363.16 367.32 370.18 372.2 375.75 377.46 379.61 381.53 380.36 378.54 384.87 389.79 395.16 398.21 399.03 400.1 401.22 398.56 401.76 402.72 401.05 399.68 401.65 400.85 402.72 400.82 396.72 398.25 399.73 402.14 401.43 400.5 400.52 401.74 400.13 399.27 400.02 399.69 397.08 395.58 392 388.86 387.36
-9999 -9999 -9999 -9999 -9999 -9999 253.8265 262.62 269.72 275.57 280.91 288.12 297.34 299.47 306.31 310.57 314.06 313.7 308.54 310.16 326.81 335.05 339.97 342.68 349.5 356.82 358.26 361.45 360.07 364.31 366.06 368.82 371.6 374.97 378.42 378.37 379.88 379.69 383.8 387.89 390.86 393.7 394.01 395.73 397.21 400.92 399.48 397.71 402.04 401.74 401.12 401.79 404.1 401.47 402.34 400.66 396.94 397.16 398.17 397.44 399.07 402.62 399.73 396.24 395.8 394.17 393.35 393.72 394.81 394.6 394.85 393.61 391.17
-9999 -9999 -9999 -9999 -9999 247.5357 253.36 261.67 270.13 273.81 280.86 290.79 299.15 302.93 304.39 312.17 312.76 316.71 318.38 325.86 334 336.81 342.74 348.69 351.34 353.52 356.37 361.12 361.35 365.3 369.73 371.48 371.3 372.5 376.55 381.32 386.04 386.97 386.79 387.07 388.97 392.8 392.53 392.91 390.95 390.64 392.78 395.04 394.82 393.43 396.1 398.91 398.9 398.23 392.15 394.7 394.02 393.89 392.15 394.15 393.99 396.2 394.97 392.16 394.74 391.01 391.4 391.96 392.53 392.72 393.64 393.29 392.15
-9999 -9999 -9999 -9999 -9999 247.7683 255.6 261.63 265.99 268.08 280.71 290.41 299 306.03 307.98 313.44 314.61 315.64 320.29 329.15 335.61 340.97 345.68 348.03 350.12 354.57 358.32 357.94 363.83 366.56 368.43 369.59 371.33 372.34 373.62 379.73 383.89 387.83 389.44 390.5 391.97 394.16 395.2 395.58 395.3 394.54 391.81 390.04 390.41 383.72 390.64 389.86 396.44 397.68 386.35 386.93 385.67 386.71 385.83 387.69 387.9 393.46 393.31 390 389.03 390.55 390.13 391.12 392.87 392.83 394.45 392.59 392.44
-9999 -9999 -9999 -9999 -9999 248.2828 255.94 255.93 260.9 269.4 277.91 293.88 301.34 306.38 309.16 312.9 317.29 321.03 325.55 329.72 335.89 338.26 342.39 344.08 350.11 351.94 355.31 354.99 359.28 365.54 371.69 372.42 373.11 376.29 377.51 380.34 382.71 388.31 390.07 392.51 394.83 395.24 395.4 394.85 394.57 393.47 394.3 394.18 382.5 381.79 380.56 390.98 391.06 397.38 395.77 389.36 387.55 388.21 378.9 389.51 380.71 384.09 385.23 386.76 386.34 387.05 389.43 394.31 395.22 395.23 394.41 394.39 393.81
-9999 -9999 -9999 236.0714 242.42 249.26 254.41 258.41 267.39 279.02 288.14 295.36 302.35 306.82 312.52 317.97 322.15 326.38 327.21 330.47 332.44 335.92 340.09 341.9 343.17 347.82 351.69 355.62 356 361.9 368.81 373.39 376.14 378.96 381.26 382.66 384.55 385.03 388.19 390.21 394.73 395.8 396.18 394.46 394.01 385.62 391.26 393.05 384.03 379.09 393.27 399.14 400.89 399.59 404.35 402.78 402.34 399.26 394.71 397.33 393.51 394.94 396.45 397.32 387.22 381.54 385.54 391.04 394.4 393.04 395.14 395.72 395.55
-9999 -9999 227.0625 235.2558 243.37 251.2 256.86 267.35 275.22 282.39 290.32 297.7 302.5 304.82 310.24 315.36 320.49 322.44 325.5 329.58 334.17 336.78 338.68 340.66 336.05 334.71 341.71 349.2 355.62 360.42 364.75 368.21 375.07 374.75 378.51 383.86 386.1 387.02 389.34 390.4 392.68 393.51 394.56 395.94 396.49 390.77 388.32 391.75 396.03 397.61 400.73 406.02 405.02 407.54 407.7 408.75 406.31 403.66 400.55 395.34 392.65 391.1 398.72 395.77 392.69 392.6 388.09 391.24 393.99 392.05 389.87 394.77 397.46
-9999 -9999 228.73 236.93 245.96 254.37 261.92 271.26 278.45 284.91 292.85 298.86 301.96 306.39 309.22 313.47 318.1 322.9 327.61 330.87 335.64 339.07 341.78 344.05 341.7 332.09 337.57 352.24 362.87 364.87 367.96 374.09 377.04 377.65 381.07 382.29 384.13 388.52 388.72 389.51 391.75 393.72 394.2 398.27 402.75 401.8 405.49 406 406.43 403.26 404.23 409.7 409.51 409.92 404.1 406.67 406.47 404.23 404.52 402.51 401.93 404.83 404.99 401.12 394.74 394.92 397.16 395.72 392.14 392.66 388.79 396.37 398.08
-9999 -9999 234.12 241.42 249.72 253.32 265.91 273.94 280.53 288.52 294.87 298.85 302.43 307.03 311.08 314.65 319.48 324.81 327.68 331.61 336.67 340.21 340.9 343.95 348.01 348.68 349.89 356.52 364.53 369.43 369.84 375.86 378.52 379.51 381.93 382.5 383.93 386.28 388.8 390.4 386.94 392.61 400.61 402.34 404.94 406.02 408.28 408.55 410.82 409.75 408.55 409.16 411.36 410.79 407.12 403.43 405.45 406.07 406.81 404.02 399.96 403.63 407.5 406.42 399.65 398.97 401.2 403.11 402.43 398.42 400.35 401.45 400.61
-9999 234.3125 240.28 246.22 252.51 261.48 271.38 277.09 285.11 291.9368 296.44 299.84 303.8 307.76 311.98 315.98 321.67 324.3 327.5 333.58 337.14 340.02 343.35 344.5 348.22 352.95 358.05 361.25 367.77 372.66 374.76 378.33 378.61 381.26 382.61 384.37 388.52 390.29 390.03 392.82 396.79 402.21 403.93 406.04 408.41 409.11 409.62 410.9 412.08 411.5 410.66 412 409.11 407.8 408.58 405.97 402.11 407.18 407.68 402.97 400.49 402.19 403.79 405.58 403.51 402.27 405.13 406.24 405.84 404.49 403.5 402.47 401.15
-9999 237.69 244.13 250.45 256.3 265.77 276.9893 282.9111 289.1839 294.16 297.13 301.53 305.42 310.15 314.43 317.15 321.01 325.05 328.45 332.12 337.16 340.33 343.65 347.22 350.95 353.95 360.01 365.4 368.33 373.38 377.7 378.94 381.83 383.39 384.73 388.19 390.32 392.74 393.29 394.92 398.24 402.97 405.2 407.07 408.7 409.78 411.06 408.09 408.57 412.76 411.59 411.26 411.97 410.7 409.4 407.38 405.73 404.53 406.91 407.87 408.76 402.91 404.17 408.28 404.85 406.99 407.06 406.46 405.97 405.23 404.38 403.17 402.16
-9999 241.0714 245.65 253.63 259.42 271.2577 281.557 287.58 292.5 295.8 300.16 304.67 309.39 311.7 314.92 318.51 321.99 325.97 329.88 331 334.14 337 341.85 345.8 349.38 353.3 355.6 360.89 370.53 374.97 379.03 379.54 381.06 383.12 386.08 388.44 390.67 393.88 394.89 396.84 401.47 403.49 405.15 406.5 407.59 408.94 410.12 411.21 411.06 410.54 411.45 413.25 411.25 404.67 408.04 407.43 407.72 408.46 409.67 406.18 408.87 408.33 406.72 409.02 406.99 408.35 407.59 407.12 406.9 405.78 404.87 403.93 402.57
-9999 244.15 249.35 259.57 271.87 279.35 286.9012 291.47 295.54 298.32 301.62 305.53 308.29 311.11 315.85 318.68 321.51 324.59 327.74 330.23 334.35 337.08 336.91 341.38 346.89 352.19 353.53 360.16 369.95 376.1 378.11 378.05 380.19 383.11 385.45 387.87 390.84 392.5 395.36 398.22 399.78 401.37 403.41 403.47 405.04 406.3 407.28 410.95 411.12 410.62 410.86 411.86 413.93 409.76 412.98 411 408.97 408.4 405.2 404.65 408.99 409.69 406.01 406.93 408.88 408.11 407.76 408.27 406.34 405.43 404.18 399.72 399.86
241.4198 246.76 254.04 267.74 280.9468 -9999 -9999 294.66 297.12 300.45 304.1 306.03 309.09 311.52 314.56 316.65 319.25 322.02 325.55 328 331.8 335.89 339.39 339.88 342.59 353.19 359.1 364.64 370.81 373.41 374.46 376.41 378.32 380.43 383.14 386.39 387.51 389.55 393.59 394.39 395.75 397.8 399.55 402.21 399.18 404.63 406.1 409.55 409.09 408.47 408.16 408.43 410.04 414.69 411.72 411.29 412.31 412.77 408 408.56 406.18 407.59 407.97 407.5 406.72 406.2 403.17 404.67 406.25 405.29 404.66 402.51 401.42
248.92 255.2113 263.2703 274.6364 284.7111 291.125 293.764 297.53 299.43 302.06 303.83 307 310.01 312.99 314.08 315.14 316.14 318.31 322.98 326.46 330.3 335.18 336.39 341.92 348.24 351.9 361.59 365.41 367.03 369.7 372.24 373.74 375.92 378.39 381.8 384.53 385.81 387.43 391.14 395.82 395.67 395.16 395.87 399.83 401.82 402.31 404.97 404.87 405.68 403.4 405.93 408.47 412 414.52 413.89 415.75 415.17 412.86 412.27 410.92 407.18 405.21 405.93 406.96 407 405.34 401.76 402.94 407.45 405.85 403.54 403.37 401.83
-9999 -9999 -9999 278.3784 286 290.9881 294.81 297.35 300.89 304.07 305.84 308.73 311.12 311.67 312.87 315.13 316.25 317.97 320.96 326.91 332.5 337.56 341.59 344.42 349.43 356.02 359.68 363.37 364.11 365.65 366.67 369.29 372.62 375.98 378.54 381.52 383.06 384.97 388.97 392.81 393.12 393.83 394.09 395.57 400.68 398.71 400.74 399.71 403.41 406.63 409.56 411.57 412.15 412.91 409.22 414.05 412.1 409.37 409.79 408.12 407.79 405.37 404.64 406.26 405.14 405.06 406.63 407.02 403.65 406.73 403.27 402.73 401.63
-9999 -9999 -9999 -9999 285.16 289.43 292.6667 297.5412 302.1758 304.5275 306.52 310.23 311.83 312.25 314.43 316.27 316.9 321.28 325.33 328.59 333.63 338.41 341.83 345.3 348.92 354.26 359.31 361.7 362.98 362.56 363.46 364.62 364.2 368.84 369.61 377.62 380.19 382.14 385.06 389.39 393.48 389.7 392.2 395.25 399.09 395.18 395.1 400 403.03 407.04 407.74 408.53 408.37 410.9 410.73 412.49 412.82 413.18 409.41 402.97 399.73 403 405.43 405.9 409.64 409.1 406.56 407.03 407.22 404.23 402.81 401.18 400
-9999 -9999 -9999 -9999 281.037 285.2571 -9999 299 -9999 305.2308 308.19 310.16 313.01 316.24 317.65 319.94 323.15 325.51 328.02 330.59 336.16 340.52 342.78 346 349.55 354.93 358.73 359.88 361.17 361.97 362.69 362 358.98 360.84 363.89 370.64 378.46 377.63 380.93 385.47 390.52 392.44 392.61 392.81 395.49 394.9 397.4 400.75 401.61 402.9 405.31 405.92 405.73 408.9 408.67 408.15 409.33 409.54 411.14 410.37 406.13 398.73 399.42 399.92 402.19 408.4 410.84 404.55 400.59 396.41 394.6 400.36 399.6
-9999 -9999 -9999 -9999 -9999 -9999 -9999 -9999 301.8571 304.5 307.2421 311.38 314.57 317.03 320.54 321.17 324.67 328 329.97 330.81 335.59 339.54 343.61 347.6 351.31 354.9 356.24 358.02 359.4 360.14 361.42 359.69 359.74 369 369.74 372.65 373.45 376.09 378.03 380.64 385.55 389 389.22 393.12 394.08 395.33 397.46 398.61 399.58 401.07 402.25 401.93 403 405.1 406.07 405.06 405.94 406.58 406.47 406.49 408.66 407.74 408.66 405.44 404.38 404.25 412.41 406.13 405.53 404.41 400.04 401.48 400.73
-9999 -9999 -9999 -9999 -9999 -9999 -9999 -9999 -9999 303.83 306.02 310.05 313.74 317.52 321.81 323.89 326.4 328.59 331.05 335.72 337.01 337.55 342.66 347.2 350.16 353.25 354.81 357.4 358.29 359.83 359.96 360.68 364.94 368.29 370.89 373.47 374.18 375.12 375.96 377.91 380.21 383.83 387 389.66 392.51 393.14 396.63 396.96 398.48 401.84 403.11 404.29 400.58 398.53 404.4 405.61 404.14 404.66 404.81 404.68 404.08 404.19 405.73 410.54 407.76 409.37 411.87 411.66 410.32 410.27 408.92 408.35 409.05
