layers/wordclim/future/Iberia_wcB2a_10_hadcm3_2050/bio_18.asc
ncols         166
nrows         93
xllcorner     -9.4959440078468
yllcorner     36.000324005443
cellsize      0.083333337679505
NODATA_value  -9999
[rows 0 to 34 of 93, columns 0 to 76 of 166]
-9999 -9999 -9999 -9999 -9999 -9999 -9999 -9999 -9999 -9999 -9999 -9999 -9999 -9999 -9999 -9999 -9999 109.6829 118.2083 107.4478 107.7424 110.5114 107.5797 107.6061 -9999 -9999 -9999 -9999 -9999 -9999 -9999 -9999 -9999 -9999 -9999 -9999 -9999 -9999 -9999 -9999 -9999 -9999 -9999 -9999 -9999 -9999 -9999 -9999 -9999 -9999 -9999 -9999 -9999 -9999 -9999 -9999 -9999 -9999 -9999 -9999 -9999 -9999 -9999 -9999 -9999 -9999 -9999 -9999 -9999 -9999 -9999 -9999 -9999 -9999 -9999 -9999 -9999
-9999 -9999 -9999 -9999 -9999 -9999 -9999 -9999 -9999 -9999 -9999 -9999 -9999 -9999 -9999 -9999 105.6212 108.0842 112.02 107.52 113.71 114.39 108.4848 114.21 113.01 108.0412 -9999 -9999 -9999 -9999 -9999 -9999 -9999 -9999 -9999 -9999 -9999 -9999 -9999 -9999 -9999 -9999 -9999 128.3281 128.5577 -9999 -9999 -9999 -9999 -9999 -9999 -9999 -9999 -9999 -9999 -9999 -9999 -9999 -9999 -9999 -9999 -9999 -9999 -9999 -9999 -9999 -9999 -9999 -9999 -9999 -9999 -9999 -9999 -9999 -9999 -9999 -9999
-9999 -9999 -9999 -9999 -9999 -9999 -9999 -9999 -9999 -9999 -9999 -9999 -9999 -9999 103.9074 102.7684 104.7778 106.92 110.12 115.19 118.41 117.17 114.13 119.45 107.64 102.69 102.5579 102.8101 102.9014 100.4182 101.875 103.1786 106.6316 104.6494 110.7468 110.0303 112.9863 118.1806 121.6818 122.4845 123.2821 124.2024 123.6768 125.92 128.41 125.8312 126.1639 129.9333 131.7627 -9999 -9999 -9999 -9999 -9999 -9999 -9999 -9999 -9999 -9999 -9999 -9999 -9999 -9999 -9999 -9999 -9999 -9999 -9999 -9999 -9999 -9999 -9999 -9999 -9999 -9999 -9999 -9999
-9999 -9999 -9999 -9999 -9999 -9999 -9999 -9999 -9999 -9999 -9999 -9999 -9999 -9999 -9999 -9999 107.5152 114.01 115.49 112.98 115.94 120.83 123.28 123.47 114.39 105.77 102.1 106.34 100.56 101.7172 107.88 110.9 113.26 108.12 118.48 114.88 114.28 119.28 126.54 121.72 118.9192 125.9 129.12 128.05 126.78 128.28 132.05 132.25 126.7 129.31 130.75 132.4359 128.0897 127.4915 129.12 -9999 -9999 -9999 -9999 -9999 -9999 -9999 -9999 -9999 -9999 -9999 -9999 168.9589 -9999 175.0794 178.4792 178.4942 180.0435 -9999 -9999 -9999 -9999
-9999 -9999 -9999 -9999 -9999 -9999 -9999 -9999 -9999 -9999 -9999 -9999 -9999 -9999 101.0597 100.9375 106.71 112.8 113.53 115.88 112.7 113.05 113.23 117.01 113.02 110.34 106.54 102.39 102.74 110.24 118 113.88 109.19 113.13 117.28 111.53 118.49 123.39 119.43 116.1 117.53 116.85 118.78 125.85 124.18 124.47 126.92 126.66 126.39 126.47 125.84 123.06 123.41 129.3 130.9 133.27 137.27 135.1915 133.716 133.0685 134.8052 136.9103 141.5833 147.1325 151.1633 153.4 159.23 163.01 167.5208 169.36 173.49 174.37 174.9643 178.53 179.8202 179 -9999
-9999 -9999 -9999 -9999 -9999 -9999 103.1852 102.05 103.7162 -9999 104.973 105.0723 104.46 100.7374 100.91 -9999 106.41 111.23 116.1 113.84 110.48 108.43 107.21 105.2 106.56 105.28 104.95 100.53 109.37 112.38 111.5 103.57 107.56 118.54 117.99 110.59 109.22 111.38 116.91 116.53 119.75 121.3 121.56 120.19 122.19 121.97 124.13 127.15 127.5 125.28 128.9 126.13 123.67 130.62 135.89 135.12 131.52 136.24 131.89 134.59 133.83 137.66 139.96 142.69 146.15 148.69 152.53 156.91 160.26 163.82 165.83 168.11 168.3 171.44 174.56 176.88 177.76
-9999 -9999 -9999 -9999 -9999 -9999 104.6438 104.2 105.08 104.68 107.88 115.57 113 109.16 103.94 104.72 110.15 111.64 113.41 110.5 109.37 104.91 103.21 100.04 99.65 101.12 103.76 101.15 104.84 106.85 102.38 99.86 109.94 116.41 108.46 105.47 107.56 118.38 116.81 120.37 121.74 116.25 128.62 121.09 116.55 120.22 121.49 121.15 122.41 124.01 132.99 128.38 126.63 137.17 158.56 148.59 154.26 151.61 131.05 136.26 134.18 134.35 135.45 140.01 140.84 142.75 146.21 149.65 151.85 157.22 163.24 161.32 161.44 164.1 166.41 168.45 169.41
-9999 -9999 -9999 -9999 99.41936 104.58 105.49 110.8 113.84 114.1 117.78 115.94 113.64 113.95 111.2 113.24 114.06 112.45 111.74 108.48 107.51 104.18 99.62 98.53 98.57 99.99 102.83 98.93 107.65 103.72 105.26 100.06 105.67 110.49 105.51 104.19 113.84 123.45 114.68 122.21 119.3 122.72 116.05 117.26 113.5 119.37 118.63 119.55 126.05 131.23 128.12 131.95 136.48 129.69 141.09 148.23 141.85 126.95 122.24 126.87 141.3 135.73 134.42 135.38 137.03 136.11 140.93 142.19 146.07 153.56 157.44 156.86 157.11 156.9 157.2 160.02 160.84
-9999 -9999 -9999 97.5567 101.16 108.01 110.19 112.56 114.26 116.56 115.56 115.54 112.14 112.28 111.24 111.2 111.01 111.35 113.52 109.42 104.38 102.61 98.46 96.98 97.94 98.63 101.77 101.98 97.27 97.63 92.29 93.64 104.7 111.7 102.9 114.09 113.98 130.54 132.68 129.26 138.7 129.39 135.28 117.75 112.35 130.46 132.36 128.52 134.16 137.02 128.68 134.74 128.31 126.43 135.06 135.21 147.09 146.16 136.35 129.73 134.23 148.16 141.87 131.99 132.16 132.44 135.17 136.45 139.41 141.76 141.85 144.6 145.99 149.11 150.49 153.84 156.35
-9999 -9999 -9999 95.70588 103.7778 107.37 109.95 111.82 112.26 113.09 113.06 112.44 112.41 112.38 112.05 110.27 108.53 110.38 108.87 108.07 103.04 102.66 99.12 93.5 91.37 92.22 96.92 95.68 95.91 89.44 90.48 97.29 99 106.9 109.17 115.48 121.77 115.41 116.38 117.26 121.31 117.5 119.42 124.92 120.35 118.48 122.81 118.88 126.11 121.64 114.69 119.87 120.86 119.31 118.04 127.07 139.07 142.03 136.94 127.72 124.1 141.7 135.94 123.5 123.25 125.18 126.84 129.01 130.16 132.03 133.45 134.24 136.65 139.06 142 144.83 146.61
-9999 -9999 -9999 -9999 99.4138 108.4 108.98 108.27 111.4 108.3 106.37 112.17 114.8 110.12 109.01 107.49 103.64 102.53 102.3 101.88 101.59 97.49 93.18 89.53 86.73 88.1 90.14 94.18 88.45 87.69 95.1 105.52 113.95 114.04 105.46 107.72 106.68 111.6 121.19 117.11 121.02 122.12 114.1 107.96 118.14 109.99 109.23 108.01 113.62 107.51 107.02 112.43 109.49 114.42 111.26 120.31 120.94 121.98 121.46 114.43 112.9 114.06 115.57 114.61 117 117.37 120.3 119.6 122.48 123.12 126.83 128.44 128.57 131.05 134.1 137.3 138.1
-9999 -9999 -9999 -9999 96.65 99.4375 99.66666 99.91209 114.16 108.32 105.95 105.08 107.98 104.83 103.85 108.17 105.76 104.89 104.13 99.29 99.27 96.28 89.32 91.16 88.85 83.37 91.75 93.04 89.7 91.82 94.93 111.55 101.32 94.3 86.99 90.11 102.44 113.04 113.9 113.37 106.68 101.07 97.43 96.88 96.22 100.17 94.69 94.12 97.45 95.81 97.74 98.97 99.08 101.57 99.52 104.75 107.58 103.32 103.87 105.7 104.79 104.57 104.36 105.94 109.05 109.32 110.87 114.65 114.7 117.4 121.2 120.46 122.9 121.75 123 126.3 131.02
-9999 -9999 -9999 -9999 -9999 -9999 109.8478 103.47 107.47 103.06 106.08 108.85 107.04 112.27 108.91 107.42 108.07 104.71 104.41 103.66 95.11 89.07 92.3 91.67 86.58 85.99 91.76 99.09 100.02 95.27 90.2 95.96 84.13 76.81 78.24 77.83 86.03 89.31 88.63 91.87 96.45 95.97 91.6 87.95 86.94 88.93 85.38 85.22 88.05 86.46 91.13 89.88 91.66 91.09 93.66 95.88 96.54 96.23 94.91 96.38 95.62 97.46 97.26 100.89 102.71 103.43 104.94 107.07 107.59 110.89 115.24 114.33 111.91 117.42 118.31 122.79 123.42
-9999 -9999 -9999 -9999 -9999 95.89831 103.2872 -9999 -9999 106.35 106.23 110.69 113.17 114.84 115.41 106.62 105.22 105.62 104.55 102.26 92.17 86.54 87.15 83.81 77.13 81.73 90.18 88.7 91.92 96.76 86.61 78.34 71.12 66.01 64.78 67.34 69 72.17 77.94 85.74 82.56 80.19 80.49 78.42 78.65 79.08 75.37 76.39 78.07 79.53 82.33 82.23 86.2 84.89 89.05 90.55 88.83 91.23 88.97 89.07 88.2 88.67 90.1 93.77 94.59 96.98 97.79 99.91 102.49 105.35 105.5 104.47 103.38 105.34 108.19 110.53 112.85
-9999 -9999 -9999 -9999 -9999 -9999 -9999 94 98.86747 101.62 106.12 110.14 112.11 111.42 112.55 108.92 105.32 104.91 103.33 96.81 91.14 84.04 81.89 73.55 72.75 73.8 78.99 80.34 88.74 89.52 81.7 68.51 62.6 59.04 59.7 63.44 75.6 83.86 86.63 84.15 76.35 73.24 73.29 70.97 71.22 71.42 70.24 70.35 70.89 72.8 74.76 77.67 78.93 78.61 81.58 83.88 83.42 85.1 85.48 84.55 85.58 83.64 84.09 85.32 86.27 87.2 89.86 94.06 94.84 95.99 96.51 96.63 100.63 99.62 100.51 102.71 98.76
-9999 -9999 -9999 -9999 -9999 -9999 -9999 96.85416 100.2391 107.2247 103.29 107.25 111.52 114.98 109.24 102.74 97.75 93.63 90.41 87.16 83.84 81.22 75.98 72.14 75.25 73.39 71.3 69.13 80.06 74.56 69.67 64.15 60.79 69.15 81.55 78.93 88.36 91.02 79.42 72.42 68.42 66.4 66.94 64.67 65.1 65.46 65.33 64.97 65.94 68.54 69.99 71.8 73 72.65 75.6 77.79 77.43 77.62 78.54 78.78 79.22 79.14 80.24 80.31 80.68 81.32 84.47 85.66 85.33 86 87.92 92.38 94.97 93.57 95.99 92.89 90.71
-9999 -9999 -9999 -9999 -9999 -9999 -9999 -9999 -9999 104.0441 103.2473 104.81 105.78 111.67 107.51 97.42 87.99 86.38 80.57 75.03 73.67 84.77 85.41 77.94 75.46 81.9 81.29 64.93 61.68 73.57 75.85 66.87 80.25 83.03 78.02 96.01 99.08 89.16 75.08 69.75 66.58 62.78 61.3 60.69 60.97 61.34 61.61 61.14 62.3 64.45 65.49 66.94 66.94 67.16 69.9 71.4 71.93 72.28 73 73.36 74.25 74.49 74.82 74.44 75.17 77.9 79.59 79.52 79.29 78.94 80.16 83.92 86.42 92.61 92.22 92.48 97.75
-9999 -9999 -9999 -9999 -9999 -9999 -9999 -9999 97.8718 103.803 -9999 104.08 104.6 104.91 107.65 97.66 82.99 81.18 81.34 72.08 72.5 80.21 80.27 86.63 87.51 87.54 91.87 71.58 67.22 74.8 86.58 89.41 92.15 91.48 84.58 74.8 79.56 89.07 78.97 66.93 60.59 58.09 57.42 56.85 57.27 57.84 57.79 57.65 59.62 61.65 61.41 61.95 62.11 63.11 64.7 66.24 67.03 67.25 67.64 68.31 68.76 69.4 69.94 70.91 72.69 75.8 74.86 73.91 75.06 76.52 79.14 81.32 84.78 91.74 99.05 101.37 104.57
-9999 -9999 -9999 -9999 -9999 -9999 -9999 -9999 -9999 96.96703 98.76 96.66 94.06 100.02 100.26 90.78 83.64 82.44 79.4 78.2 77.22 77.54 74.48 85.57 93.49 96.62 99.03 85.57 69.34 78.26 85.03 96.99 108.95 104.38 92.3 91.22 86.64 75.59 70.37 62.7 58.58 55.81 55.25 54.09 53.22 53.84 54.31 54.38 56.48 57.15 57.43 58.05 58.86 59.83 60.71 62.2 63.02 64.08 64.67 64.42 65.03 66.4 66.78 68.61 70.5 68.87 69.09 70.53 71.53 73.31 74.83 78.5 86.29 98.25 103.16 113.11 113.99
-9999 -9999 -9999 -9999 -9999 -9999 -9999 -9999 91.54945 100.79 90.77 90.22 87.95 94.51 85.15 88.24 90.39 92.89 87.03 85.27 82.45 75.74 75.64 77.32 84.88 90.24 86.32 76.57 70.24 80.77 89.13 98.94 96.04 75.85 68.49 68.35 67.21 63.73 58.88 54.53 54.1 52.72 51.63 51.7 50.5 50.95 51.08 51.47 52.49 52.63 54.02 54.59 56.07 56.51 57.17 57.96 58.48 58.71 60.38 60.15 63.65 65.46 64.77 65.79 64.58 66.41 66.12 67.83 69.2 71.93 74.17 78.79 77.9 80.29 87.27 90.77 93.74
-9999 -9999 -9999 -9999 -9999 -9999 -9999 98.5873 98.63 91.54 87.47 86.86 88.29 85.36 97.01 103.63 106.32 98.68 90.33 83.29 78.91 75.33 71.97 75.32 65.61 74.5 74.64 70.25 73.06 77.48 81.93 86.51 86.56 65.35 61.08 59.71 57.83 55.94 53.64 51.16 49.24 48.13 47.89 47.93 47.97 47.45 47.76 48.04 48.23 50.34 50.09 51.59 53.14 53.55 53.71 53.85 54.34 55.79 57.33 57.19 60.19 60.11 60.15 62.4 64.2 64.68 64.3 65.11 66.16 67.75 69.99 72.82 76.19 75.53 77.35 84.59 100.63
-9999 -9999 -9999 -9999 -9999 -9999 -9999 91.93333 85.4 86.02 88.68 98.84 92.92 95.11 107.13 97.51 91.47 85.45 85.29 89.16 88.17 81.08 77.25 69.87 58.09 64.62 66.77 61.99 64.32 66.51 64.89 66.73 74.32 58.11 55.57 56.46 56.9 52.82 50.72 48.89 48.01 46.33 45.48 44.92 44.45 44.24 45.05 46.44 46.87 47.18 47.65 48.87 50.68 50.36 52.01 52.93 53.19 54.62 56.74 55.62 55.3 57.03 59.01 60.79 62.61 64.3 63.64 64.19 66.71 68.09 68.78 73.53 76.06 79.48 74.79 77.13 81.48
-9999 -9999 -9999 -9999 -9999 -9999 -9999 83.57576 85.375 91.63 89.26 96.81 85.79 85.78 88.34 85.8 82.99 90.55 95.78 93.72 89.85 87.67 72.24 67.54 56.25 61.01 66.15 59.33 57.6 61.31 59.54 56.72 56.24 49.39 50.78 48.7 50.24 51.74 51.76 52.07 49.76 47.55 44.87 43.83 42.96 42.83 42.78 43.24 43.7 44.6 45.02 46.46 47.65 48.59 50 52.49 53.6 53.84 53.9 52.4 54.16 56.65 57.38 59.68 61.13 61.84 62.62 62.85 64.14 64.98 66.07 67.95 70.91 73.83 75.64 76.56 79.01
-9999 -9999 -9999 -9999 -9999 -9999 -9999 -9999 86.83 91.01 79.6 82.66 80.02 81.42 84.26 93.15 96.08 98.92 87.21 89 84.47 82.52 75.44 65.3 54.41 58.34 63.92 55.75 54.09 52.65 55.53 58.56 50.89 45.83 49.25 45.44 46.3 47.92 46.82 45.31 45.8 45.75 43.5 41.09 40.89 41.27 41.12 41.59 42.55 43.46 43.53 44.49 46.82 48.87 49.65 50.84 51.31 50.32 48.87 50.67 53.23 54.73 55.96 56.87 58.27 59.32 59.65 60.74 61.04 61.91 62.59 64.06 65.7 66.28 68.57 72.7 75.21
-9999 -9999 -9999 -9999 -9999 -9999 -9999 -9999 79.08889 77.66327 80.85 82.54 84.32 79.86 81.36 82.74 82.26 77.21 82.62 85.41 84.56 75.31 65.13 57.95 58.05 63.03 56.46 50.88 47.52 50.64 55.25 61.22 50.18 48.61 45.83 43.09 46.27 46.99 45.89 43.76 41.85 41.9 41.21 39.56 38.37 38.25 38.42 39.27 40.76 41.94 42.58 44.91 46.18 47.05 47.95 48.21 47.89 46.29 48.47 50.22 51.86 53.06 54.68 56.01 57.34 58.2 55.49 55.57 56.81 58.53 58.98 60.56 61.77 63.28 65.39 67.51 70.25
-9999 -9999 -9999 -9999 -9999 -9999 -9999 -9999 75.25 78.34 78.9 76.89 74.08 73.72 72.43 76.63 75.9 84.54 83.7 79.13 70.98 67.47 60.47 56.43 66.97 56.9 50.4 45.51 43.85 47.34 52.25 53.1 50.99 45.8 43.29 42.38 42.89 43.05 43.63 42.04 41.31 40.11 38.98 38.38 36.14 35.77 36.96 39.03 40.24 41.33 41.74 41.85 43.16 44.47 45.26 46.32 44.92 45.17 46.96 47.63 49.57 51.48 52.63 52.52 52.54 54.84 54.01 56.45 56.61 57.28 57.68 59.37 60.39 61.45 62.23 63.14 66.78
-9999 -9999 -9999 -9999 -9999 -9999 -9999 -9999 -9999 77.52 75.2 74.92 74.05 77.58 73.83 72.17 77.31 73.7 69.74 67.63 62.12 71.29 67.05 70.72 64.05 52.27 45.39 42.71 43.84 46.44 47.87 45.91 44.99 40.87 40.36 40.12 41.77 42.85 41.05 40.27 38.9 39.16 38.61 36.83 35.46 34.53 35.03 37.22 38.34 39.45 39.01 39.43 40.11 41.96 42.93 42.84 43.58 44.15 44.9 48.53 50.11 51.92 53 53.11 53.15 54.04 56.15 57.99 57.9 58.7 61.55 61.09 63.01 61.33 60.71 61.09 62.13
-9999 -9999 -9999 -9999 -9999 -9999 -9999 -9999 -9999 74.45 75.98 74.81 76.29 73.46 71.86 72.15 72.93 71.18 59.33 65.3 74.87 74.32 71.56 64.39 57.45 54.39 51.55 43.01 44.1 49.03 53.84 43.5 41 39.38 39.52 38.84 40.57 41.25 38.73 40.01 38.97 37.78 37.58 35.85 34.6 34.35 35.03 36.81 37.44 38.02 37.95 38.87 39.16 39.83 40.52 42.68 42.85 43.61 45.1 47.15 48.81 50.79 52.56 53 53.06 53.28 54.82 59.52 64.1 65.47 64.04 59.38 60.27 62.49 62.01 64.35 64.21
-9999 -9999 -9999 -9999 -9999 -9999 -9999 -9999 -9999 73.39394 73.55 73.28 72.65 72.92 72.95 70.82 72.12 67.61 58.44 67.44 84.21 67.39 66.48 62.62 54.73 47.46 45.18 44.51 45.69 43.04 45.29 41.21 40.8 43.68 44.78 42.9 40.34 37.85 39.14 40.04 38.95 38.12 37.85 37.04 36 36.03 37.07 37.07 38.34 39.05 39.56 38.74 39.59 40.26 41.66 42.3 41.88 41.97 44.24 45.3 45.51 46.85 48.04 49.98 51.61 52.71 52.95 57.36 62.05 59.81 58.7 59.06 59.93 61.24 65.62 68.35 70.18
-9999 -9999 -9999 -9999 -9999 -9999 -9999 -9999 -9999 73.17722 75.25 74.78 76.08 76.4 72.93 68.4 65.06 59.59 68.71 74.92 62.56 57.94 62.15 53.76 57.16 47.92 51.89 50.67 41.96 40.48 41.55 38.94 41.76 44.14 42.5 39.95 37.3 38.24 38.75 38.7 38.28 38.08 38.14 38.39 38.35 38.74 38.66 38.94 37.34 36.78 39.67 39.53 39.07 39.86 39.99 40.42 41.01 41.71 42.83 44.14 45.09 46 46.72 49.57 51.29 52.07 53.02 54.64 57.08 56.27 57.57 61.85 68.65 73.52 73.83 75.89 76
-9999 -9999 -9999 -9999 -9999 -9999 -9999 -9999 -9999 73.69811 74.06 74.32 73.39 72.78 69.56 67.46 60.77 68.54 71.07 70.18 53.52 55.49 55.22 48.43 48.22 49.11 54.1 51.97 40.03 40.63 43.01 40.74 42.57 41.44 40.79 39.2 40.15 40.26 38.36 37.57 36.95 37.76 37.96 39.25 38.49 37.45 38.56 40 39.56 38.78 38.91 39.47 39.64 40 39.94 40.28 41 41.13 43.77 43.84 45.23 46 46.38 49.27 50.9 53 52.69 54.53 56.58 57.88 58.94 68.27 84.78 85.66 80.83 77.17 80.87
-9999 -9999 -9999 -9999 -9999 -9999 -9999 -9999 -9999 -9999 75.22581 72.65 71.74 70.94 69.51 66.13 64.84 63.44 59.37 60.69 53.64 54.81 53.27 50.83 50.95 47.52 45.13 43.25 38.45 42.75 43.06 39.97 39.39 41.02 41.93 40.96 39.3 39.29 39.01 38.55 37.12 35.77 36.48 36.21 36.16 36.17 36.81 38.78 39.17 38.93 38.32 39.17 39.84 40.03 40.07 40.42 41.31 41.24 44.06 44.63 45.23 46.32 47.53 49.35 50.12 53.5 56.08 56.83 58.47 63.18 72.82 82.15 80.95 71.78 77.26 70.17 72.96
-9999 -9999 -9999 -9999 -9999 -9999 -9999 -9999 -9999 -9999 73.39286 74.7 70.81 69.59 67.6 66.33 73.25 68.96 77.48 73.9 62.88 64.19 60.21 59.69 58.85 55.36 49.17 46.52 39.53 39.11 38.17 37.81 36.85 40.56 41.53 40.89 40.55 38.82 38.53 38.59 38.01 37.04 36.13 35.51 35.7 35.79 36.6 38.38 39.82 40.01 39.29 39.65 40.02 40.39 40.28 41.07 42.02 41.71 44.39 44.94 45.27 46.82 47.64 49.37 52.29 54.9 59.07 71.27 73.16 73.73 60.39 60.64 72.66 66 59.22 62.01 66.01
-9999 -9999 -9999 -9999 -9999 -9999 -9999 -9999 -9999 -9999 69.68604 72.51 72.51 70.96 68.55 66.29 67.86 75.78 80.47 74.82 72.77 70.57 63.9 56.55 59.3 60.52 53 45.24 41.13 42.95 41.63 39.12 41.45 41.76 41.89 40.35 40.2 40.27 38.61 37.97 38.37 38.35 36.04 35.41 35.97 36.03 36.77 37.84 38.39 39.27 39.76 40 40.03 40.17 40.37 41.93 42 42 43.67 45.48 46.39 46.63 47.61 48.59 53.32 57.06 73.12 82.06 67.82 58.29 54.48 53.29 58.68 58.93 53.67 54.12 54.47
-9999 -9999 -9999 -9999 -9999 -9999 -9999 -9999 -9999 -9999 67.21429 69.33 70.71 72.64 77.39 75.11 72.06 64.68 63.56 64.44 67.58 67.72 65.46 60.5 60.07 59.38 52.63 45.62 42.77 44.88 45.6 42.62 40.52 42.23 42.66 41.68 40.19 39.65 38 37.09 37.39 37.14 36.28 36.84 36.9 37.15 38.45 38.82 38.57 39.09 39.87 40.06 41.5 41.82 41.54 41.46 41.32 42 43.51 46.18 47.57 48.34 48.75 50.17 55.22 60.81 81.92 63.47 70.33 65.77 54.54 49.19 46.03 47.03 49.91 49.01 47.52
