layers/wordclim/future/Iberia_wcB2a_10_hadcm3_2050/bio_03.asc
ncols         166
nrows         93
xllcorner     -9.4959440078468
yllcorner     36.000324005443
cellsize      0.083333337679505
NODATA_value  -9999
[rows 36 to 71 of 93, columns 0 to 81 of 166]
-9999 -9999 -9999 -9999 -9999 -9999 -9999 -9999 -9999 45.21622 44.92391 44.14 43.72 42.61 41.09 41.13 40.08 40.27 39.37 38.56 38.46 37.99 37.53 36.58 36.19 36.1 35.83 35.63 34.85 34.93 35.05 34.82 34.95 35.03 35 34.99 35.05 35.55 35.89 35.8 35.99 36 36 36.14 36.35 36.78 36.97 37 36.99 36.91 36.2 36 36 35.91 35.13 35 35 34.96 34.16 34.05 34.49 34.15 34.37 34.37 33.84 33.32 33.21 33.02 32.99 33.04 32.77 32.83 32.98 33 33 32.76 33 33.88 33.95 34 34 34
-9999 -9999 -9999 -9999 -9999 -9999 -9999 -9999 -9999 45.17567 44.69072 44.51 43.96 42.73 41.48 39.7 38.71 39.99 39.76 39.23 38.59 37.9 36.98 36.8 36.69 36.14 35.35 33.82 33.93 34.35 34.1 34.23 34.55 34.86 35 35 35 35.04 35.12 35.27 35.79 35.78 35.96 36 36 36.18 36.15 36.26 36.36 36.04 35.99 35.86 35.41 35.09 35.03 35 35 34.71 34.11 34.42 34.24 34.5 34.29 34.44 33.45 33 33.13 33.04 32.52 32.36 32.11 32.64 33 33 33 32.95 33.5 33.71 33.77 34 34 34.02
-9999 -9999 -9999 -9999 -9999 -9999 -9999 -9999 -9999 45.02 44.81 44.22 43.93 42.99 41.4 39.19 40.79 40.45 39.9 39.11 38.58 38.11 37.62 36.37 33.91 32.97 33.33 33.13 33.53 33.92 33.93 34 34.04 34.54 34.77 34.97 35 35 34.99 34.85 35.2 35.35 35.82 36 36 36 36 36 36 36 35.92 35.39 35.02 35 35 35 35 34.95 34.58 34 34 33.89 33.48 33.48 33.03 33 32.85 32.02 32 32.01 32.01 32.47 33.02 33.05 33.01 33.45 33.75 33.35 33.85 34 34 34.05
-9999 -9999 -9999 -9999 -9999 -9999 -9999 -9999 45.01613 44.97 44.76 44.1 43.88 42.97 41.77 41.38 41.2 40.72 39.86 39.25 38.31 37.56 34.84 31.94 32.32 32.94 33.8 32.96 33.37 33.75 33.66 33.89 34.03 34.03 34.09 34.25 34.58 34.71 34.95 34.93 35.11 35.55 35.71 35.74 35.85 35.67 35.83 35.97 35.92 35.77 35.36 35.06 35 35 35 35 34.91 34.36 34.08 34 33.74 33.08 33.01 33.02 32.99 32.78 32.2 32.4 32.05 32.01 32 32.12 33.1 33.17 33.13 33.28 33.5 33.69 33.98 34 34.03 34.02
-9999 -9999 -9999 -9999 -9999 -9999 -9999 -9999 45 44.88 44.56 43.99 43.95 42.62 42.14 42.06 41.19 40.57 39.68 38.57 37.53 34.93 31.88 31.84 34.19 35.08 34.92 33.61 33.08 33.21 33.13 33.2 33.36 33.97 34 34.02 34.04 34.5 34.59 35.03 35.16 35.39 35.06 35.17 35.16 34.78 35.03 35.38 35.46 35.03 35.01 35 35 35 35 34.91 34.42 34.34 34.38 34.15 33.43 33 33 33 32.89 32.61 32.3 32.44 32.37 32 32 32.17 32.97 33.3 33.17 33.35 33.51 33.94 34 34 34.03 34.03
-9999 -9999 -9999 -9999 -9999 -9999 -9999 -9999 44.75 44.46 44.08 43.99 43.85 42.59 42.15 41.97 40.93 40.15 39.37 37.98 36.83 35.13 32.77 32.56 35.38 35.39 34.66 34.3 33.47 32.74 32.9 32.68 33.04 33.48 33.39 34.11 34.51 34.79 34.94 35 35.01 35.01 35 35 34.73 34.48 34.94 34.96 34.95 34.92 34.72 34.84 34.97 35 35 34.57 34.29 34 34 33.97 33.23 33 33 33 32.99 32.82 32.55 32.65 32.58 32.03 32.03 32.35 32.9 33.02 33.27 33.67 33.98 34 34 34.03 34.3 34.61
-9999 -9999 -9999 -9999 -9999 -9999 -9999 44.73973 44.31 44.17 44.04 43.99 43.67 42.69 42.06 41.42 40.57 39.48 37.46 35.74 34.76 35.76 36 35.72 35.5 35.08 34.9 34.64 34.01 33.63 34.35 34.32 33.38 33.97 34.59 34.91 34.94 34.83 35 35 35 35 34.84 34.69 34.95 34.89 34.37 34.48 34.54 34.99 34.88 34.94 35 34.9 34.66 34.02 34 34 34 33.85 33.05 33 33 33 33 32.94 32.65 32.75 32.43 32.35 32.37 32.98 33 33.07 33.4 33.87 34 34 34 34.48 34.86 34.93
-9999 -9999 -9999 -9999 -9999 -9999 -9999 -9999 44.11364 43.97 43.78 43.96 43.16 42.71 42.09 40.37 38.83 37.71 36.93 35.86 35.87 36.26 35.59 35.2 34.87 34.97 35.01 34.98 34.8 34.81 34.98 34.7 34.38 34.73 35 35 34.97 34.95 35 35 35 34.97 34.76 34.91 34.79 34.94 34.99 35 35 35 35 35 35 34.98 34.29 34.05 34 34.02 34 33.44 33.04 33 33 33 33 32.93 32.81 32.87 32.67 32.96 32.99 33 33.01 33.22 33.83 33.96 34 34 34.02 34.62 34.94 35
-9999 -9999 -9999 -9999 -9999 -9999 -9999 44.16 43.89 43.92 43.85 42.8 42.35 41.95 39.61 38 38.12 38.19 37.54 37.35 37.14 35.45 35.6 34.81 35.41 35.56 35.03 35 34.64 34.63 34.59 34.99 34.98 35 35 35 34.99 35 35 35 34.99 34.98 34.96 34.93 34.95 35 35 35 35 35 35 35 34.92 34.62 34.12 34 34 34 33.97 33.44 33.16 33 33 33 33 32.98 32.99 32.91 32.95 33 33 33 33.03 33.19 33.71 33.99 34 34.1 34.32 34.98 35 35
-9999 -9999 -9999 -9999 -9999 -9999 -9999 43.9 43.43 43.72 43.24 41.98 41.98 41.44 39.82 39.49 39.26 38.5 37.38 36.71 36.15 36.11 36.63 35.99 35.59 35.62 35.16 35.22 35.04 34.99 34.99 34.99 34.88 34.97 35 34.97 34.98 35 35 34.98 34.99 34.94 34.99 35 35 35 35 35 35 35 35 34.96 34.8 34.2 34 34 34 34 33.98 33.57 33.07 33 33 33 33 33 33 33 33 33 33.01 33.01 33.43 33.98 34 34 34 34.25 34.65 35 35 35
-9999 -9999 -9999 -9999 -9999 -9999 43.69841 43.92 43.12 43.09 42.84 42.03 41.79 41.01 40.51 40.04 39.05 37.84 37.1 36.04 36.6 36.92 36.82 36.04 35.65 35.41 35.94 35.83 35.69 35 35.03 35 35 34.94 35 35 34.96 34.9 34.53 34.32 34.78 34.84 34.95 35 34.99 35 35 35 35 34.99 35 34.71 34.28 34.07 34 34 34 34 34 33.96 33.69 33.19 33 33 33 33 33 33 33.01 33 33.22 33.6 33.96 34 34 34 34 34.46 34.93 35 35 35
-9999 -9999 -9999 -9999 -9999 -9999 43.42857 43.24 43.07 42.39 41.87 41.98 41.84 40.95 40.71 40.03 39.57 38.69 37.55 36.95 37.23 37.11 36.61 36.03 36.11 36.3 35.99 35.97 35.35 35.22 35.05 35.01 35 35 34.96 35 34.63 34.42 34.55 34.82 34.86 34.74 34.47 34.65 34.79 34.97 34.95 34.86 34.91 34.93 34.7 34.05 34.01 34.06 34 34 34 34 34 34 33.75 33.43 33.05 33.06 33.03 33.02 33.08 33.35 33.17 33.4 33.66 33.77 33.92 34 34 34 34.23 34.59 34.94 35 35 35
-9999 -9999 -9999 -9999 -9999 43.44643 42.97 42.69 42.65 42.32 41.77 41.99 41.68 40.96 40.2 40.01 39.4 38.93 38.12 37.98 37.92 37.31 37.18 36.84 36.33 35.98 35.87 35.93 35.53 35.4 35.47 35.15 35 35 34.8 35 34.97 34.56 34.37 34.22 34.61 34.35 34.12 34.36 34.1 34.26 34.49 34.23 34.46 34.61 34.05 34.36 34.09 34 34.03 34 34 34 34 34 33.99 33.96 33.83 33.9 33.69 33.92 33.84 33.92 33.87 33.92 34 34 34 34 34 34.21 34.63 34.51 35 35 35 35.02
-9999 -9999 -9999 -9999 -9999 43.04878 42.92 42.61 41.99 41.27 41.48 41.54 41.31 41.02 40.17 40.1 39.41 38.77 38.18 38.16 38.11 37.77 37.59 36.97 36.44 36.12 36.02 35.81 35.92 35.87 35.28 35.07 35 34.95 34.84 34.74 34.59 34.43 34.37 34.34 34.28 34.54 34.13 34.33 34.43 34.39 34.47 34.23 34.04 34.02 34.24 34.05 34 34.01 34.05 34 34 34 34 34 34 34 34 34 34 34 34 34 34 34 34 34 34 34.04 34.17 34.39 34.48 34.99 35 35 35 35.03
-9999 -9999 -9999 -9999 -9999 42.78788 42.46 41.64 41.2 41.09 40.89 41.56 41.07 41.02 40.7 40.05 39.9 39.16 38.82 38.33 38.24 37.75 37.11 36.94 36.76 36.18 36.01 35.7 35.85 35.98 35.93 35.72 35.03 35.01 35 34.89 34.54 34.65 34.14 34.16 34.13 34.32 34.05 34.28 34.33 34.4 34.34 34.13 34 34.01 34.01 34.05 34.1 34 34 34 34 34 34.01 34 34.01 34 34.03 34.02 34 34.02 34 34 34 34 34 34.04 34.16 34.08 34.97 34.97 34.95 35 35 35 35 35.28
-9999 -9999 -9999 42.90476 42.82 42.46 41.86 41.43 41.5 41.56 41.49 41.78 41.27 40.95 40.82 40.38 40.09 39.78 39.02 38.44 37.99 37.65 37.06 36.79 36.13 36.16 36.04 35.95 35.91 35.77 35.98 35.81 35.66 35.54 35.04 35 34.36 34.09 34.18 34.14 34.2 34.03 34.1 34.17 34.16 34.27 34.14 34 34.01 34 34.17 34 34.06 34.11 34 34 34 34 34 34 34 34 34 34 34.14 34.43 34.07 34.13 34.13 34.49 34.29 34.23 34.69 34.82 35 34.95 35 35 35 35 35 35.14
-9999 -9999 42.875 43.01163 42.44 42.35 41.95 41.99 41.86 41.6 41.88 41.2 41.2 40.82 40.3 40.01 39.83 39.31 39.01 38.87 38.04 37.93 37.21 36.96 36.13 35.68 35.73 35.9 36 36 35.8 35.87 35.89 35.3 35.01 35 35 34.67 34.27 34.22 34.23 34.3 34.44 34.05 34.44 34.12 34.15 34.03 34.13 34.14 34.06 34.2 34.19 34.01 34 34 34 34 34 34.01 34.05 34.16 34.02 34.03 34.21 34.14 34.7 34.63 34.6 34.66 34.77 34.98 34.89 35 35 35 35 35 35 35 35 35.56
-9999 -9999 42.47 42.47 42.19 41.98 41.97 41.91 41.78 41.71 41.92 41.11 40.97 40.64 40.24 40.13 39.99 39.65 39.13 38.97 38.53 38.15 37.91 37.42 36.65 35.79 35.61 36.35 36.84 36.65 36.21 36.15 36.01 35.79 35.49 35.05 35 34.94 34.88 34.43 34.23 34.43 34.5 34.69 34.8 34.84 34.71 34.22 34.29 34.57 34.36 34.71 34.1 34.26 34 34.02 34.04 34.01 34.03 34.06 34.09 34.27 34.28 34.41 34.92 34.82 34.87 34.97 34.95 35 34.94 34.97 35 35 35 35 35 35 35 35 35.1 35.42
-9999 -9999 42.28 42.1 42.12 41.62 41.89 41.81 41.88 41.79 41.76 41.02 41 40.75 40.47 40.02 40 39.94 39.16 39 38.85 38.27 38 37.99 37.35 37.13 36.93 36.97 37.11 37.07 36.88 36.88 36.16 36 35.93 35.05 35 35 34.97 34.65 34.57 34.84 34.99 35 35 34.99 34.74 34.89 34.67 34.89 34.41 34.24 34.17 34.14 34.14 34.03 34.11 34.4 34.55 34.27 34.21 34.39 34.66 34.95 34.97 35 35 35 35 35 35 35 35 35 35 35 35 35 35 35 35.13 35.39
-9999 42.71875 42.21 42.03 41.78 41.79 41.82 41.88 41.92 41.6 41.31 41.13 40.97 40.54 40.71 40 40.12 39.97 39.45 39 38.99 38.89 38.02 38.01 37.97 37.59 37.93 37.81 37.86 37.87 37.18 37 36.77 36.26 35.98 35.96 35.38 35.06 35 34.96 35 35 35 35 35 35 35 35 35 34.74 34.69 34.18 34.5 34.37 34.19 34.14 34.56 34.26 34.24 34.41 34.43 34.94 35 35 35 35 35 35 35 35 35 35 35 35 35 35 35 35 35 35 35 35.04
-9999 42.66 42.21 42.01 41.73 41.45 41.85106 41.93333 41.83908 41.49 41.31 41.09 40.96 40.66 40.84 40.59 40.16 39.98 39.68 39.03 39.01 38.93 38.44 38.58 38.02 38 38 38 38.04 38 37.9 37.29 37 36.92 36.11 36 36 35.47 35.05 35 35 35 35 35 35 34.99 35 35 34.93 34.99 34.6 34.84 34.82 34.54 34.49 34.44 34.36 34.36 34.56 34.52 34.47 35 35 35 35 35 35.02 35.2 35 35 35 35 35 35 35 35 35 35 35 35 35.27 35.3
-9999 42.29592 42.19 41.88 41.5 41.38144 41.93671 41.89 41.66 41.61 41.28 41.12 41.01 41 40.99 40.76 40.51 40 39.9 39.1 39.02 38.97 38.5 38.55 38.2 38 38 38 38.02 38 37.87 37.28 37.04 37 36.42 36.04 36 35.91 35.51 35.18 35.04 35 35 35 35 35 35 35 34.99 34.98 34.56 34.98 34.59 34.73 34.81 34.79 34.81 34.88 34.85 34.68 34.9 35 35 35 35 35 35.09 35.25 35 35 35 35 35 35 35 35 35 35 35 35 35.09 35.16
-9999 42.23 42.25 41.74 41.58 41.71667 41.98766 41.91 41.54 41.56 41.13 41.02 41.09 41 41 40.82 40.37 40 39.91 39.62 39.07 38.98 38.63 38.04 38.2 38.28 38 38 38.02 38 37.9 37.28 37 37 36.76 36.55 36 36 35.96 35.78 35.35 35.15 35 35 35 35 35 35 35 35 34.99 34.98 34.99 34.96 34.61 34.96 34.92 34.88 34.75 34.8 35 35 35 35 35 35 35.01 35.1 35 35 35 35 35 35 35 35 35 35 35 35 35.01 35
43 42.57 42.64 41.88 41.75532 -9999 -9999 41.87 41.68 41.65 41.3 41.35 41.03 41 41 40.72 40.17 40 39.95 39.6 39.1 38.99 38.89 38.39 38.28 38.39 38.2 38.34 38.02 38 37.9 37.42 37 37 36.77 36.18 36 36 36 35.81 35.18 35 35 35 35 35 35 35 35 35 35 35 35 34.99 35 35 34.8 34.83 34.9 34.65 34.98 35 34.99 35 35 35 35 35 35 35 35 35 35 35 35 35 35 35 35 35 35 35.01
43.42 42.97183 42.86486 42.25974 41.73333 42 42.02247 41.88 41.97 41.53 41.65 41.69 41.1 41.13 41 40.81 40.18 40 39.93 39.58 39.16 39.04 38.89 38.76 38.79 38.78 38.43 38.46 38 38 37.55 37.15 37.04 37 36.58 36.48 36.01 36 36 36 35.69 35.08 35 35 35 35 35 35 35 34.99 35 34.98 35 35 34.97 34.99 35 35 34.7 34.94 34.87 34.55 34.78 34.98 35 34.99 34.97 35 35 35 35 35 35 35 35 35 35 35 35 35 35 35
-9999 -9999 -9999 42.68919 42.25974 42.26191 42 42.07 42 41.82 41.89 41.83 41.48 41.06 40.99 40.93 40.26 40 39.99 39.91 39.72 39.3 39.11 39 39 38.9 38.9 38.5 38 37.94 37.65 37.05 37 37 36.96 36.27 36 36 36 36 35.63 35.28 35 35 35 35 35 35 35 35 35 35 35 35 34.97 35 35 34.81 34.71 34.72 34.21 34.38 34.5 34.68 34.7 34.95 34.85 34.99 34.85 34.96 34.82 34.99 34.97 34.97 34.94 34.95 34.79 35 35 35 35 35
-9999 -9999 -9999 -9999 42.63 42.53 42.12121 42.18824 42.0989 42.04396 41.99 41.98 41.99 41.36 41.1 41.08 40.69 40.25 40.27 40 40 39.95 39.67 39.02 39 39 39 38.22 38 37.94 37.61 37.01 36.79 36.79 36.49 36.14 36.1 36 36 36 35.95 35.41 35.03 35.03 35.05 35 35 35 35 35 35 35 35 35 35 35 34.98 34.88 34.94 34.39 34.41 34.59 34.17 34.1 34.32 34.15 34.37 34.47 34.47 34.56 34.5 34.38 34.21 34.75 34.94 34.89 34.88 35 35 35 35 35
-9999 -9999 -9999 -9999 43 42.51429 -9999 42.58823 -9999 42.42308 42.13 42.02 42 42 41.71 41.2 41.01 40.99 40.98 40.31 40.01 40 39.78 39.48 39.02 39 38.89 38.29 38.01 37.98 37.34 37 36.83 36.52 36.42 36.14 36 36 36 36 36 36 35.63 35.24 35.12 35.01 35 35 35 35 35 35 35 35 35 35 34.88 34.42 34.2 34.24 34.2 34.06 34.07 34.1 34.01 34 34.02 34.06 34 34.07 34.16 34.08 34.27 34.34 34.49 34.45 34.79 34.9 34.97 35 35 35
-9999 -9999 -9999 -9999 -9999 -9999 -9999 -9999 43 42.71429 42.77895 42.34 42.13 42.02 42.01 41.49 41.12 41.09 41.01 40.59 40.36 40.01 40 39.92 39.14 39 39 38.32 38 37.99 37.34 37 36.94 37 36.82 36.12 36 36 36 36 36 36 35.78 35.65 35.57 35.08 35.37 35 35 35 35 35 35 35 35 35 34.97 34.89 34.02 34.01 34.01 34 34 34 34.01 34 34 34 34 34 34.03 34.01 34.01 34.01 34.01 34.04 34.13 34.55 34.82 34.94 35 35
-9999 -9999 -9999 -9999 -9999 -9999 -9999 -9999 -9999 42.94 42.93 42.3 42.51 42.38 42.31 41.98 41.84 41.66 41.31 41 40.92 40.06 40 40 39.75 39.02 39 38.57 38 37.97 37.55 37.02 37 37 36.66 36.37 36.14 36 36 36 36 36 35.94 35.71 35.31 35.91 35.85 35 35 35 35 35 35 35 35 35 34.96 34.85 34.19 34 34 34 34 34 34 33.99 33.96 33.81 33.94 33.97 34 33.98 34 34 34 34 34 34.21 34.55 34.93 35 35
-9999 -9999 -9999 -9999 -9999 -9999 -9999 -9999 -9999 43.09 42.85 42.91 42.62 42.68 42.47 42.01 42 42 41.73 41.33 41.01 40.8 40.28 40.02 39.58 39.02 39 38.33 38 38 37.73 37.01 36.98 36.78 36.32 36.28 36.3 36 36 36 36 35.98 36 35.89 35.99 36 36 35.46 35.08 35 35 35 35 35 35 35 34.82 34.4 34.09 34 34 34 34 34 33.95 33.9 33.37 33.56 33.4 33.24 33.4 33.69 33.8 33.98 34 34 34 34.12 34.56 34.91 35 35
-9999 -9999 -9999 -9999 -9999 -9999 -9999 -9999 43.73077 43.26 42.9 43 42.86 42.94 42.62 42.2 42.11 42.04 42 41.92 41.14 41 40.68 40.03 39.92 39.18 38.99 38.41 38 37.95 37.18 37 36.98 36.52 36.31 36.05 36 36 36 36 36 36 36 35.96 36 36 35.99 35.99 35.68 35.6 35.05 35 35 35 35 35 34.62 34.29 34.1 34 34 34 34 33.9 33.59 33.33 33.04 33.04 33.01 33.03 33 33.11 33.56 33.86 33.99 34 34 34.01 34.48 34.97 34.94 35
-9999 -9999 -9999 -9999 -9999 -9999 -9999 -9999 43.93407 43.45 43.06 43 43 43 42.93 42.8 42.22 42.15 42.15 42 41.71 41.02 40.99 40.04 39.85 39.08 39 38.34 38 37.51 37.01 37 37 36.59 36.27 36.06 36 36 35.99 36 36 36 36 36 35.99 35.94 35.86 35.97 36 35.99 35.53 35.06 35 35 35 35 34.89 34.22 34.12 34 34 34 34 33.89 33.32 33.08 33 33 33 33 33 33 33.19 33.92 34 34 34 34 34.58 34.71 34.86 34.99
-9999 -9999 -9999 -9999 -9999 -9999 -9999 44.46154 44.06452 43.77 43.43 43.22 43.21 43 42.98 42.76 42.28 42.4 42.07 42 41.73 41.07 40.83 40 39.87 39 38.9 38.11 38 37.7 37.03 37 37 36.74 36.22 36.14 36 36.01 36 36 36 36 36.04 36 36 36 35.99 36 35.97 35.98 36 35.58 35.21 35.01 35 35 34.93 34.7 34.42 34 34 34 34 33.66 33.02 33.01 33 33 33 33 33 33 33.04 33.2 33.78 33.99 34 34 34.17 34.75 34.99 35
-9999 -9999 -9999 -9999 -9999 -9999 -9999 -9999 44.22641 44.01 43.58 43.59 43.26 43.01 43 42.88 42.5 42.81 42.2 42 41.64 41.08 40.91 40.02 39.89 39.08 38.89 38.02 37.99 37.58 37.03 37 36.98 36.67 36.1 36 36.05 36 36.03 36 36.05 36.07 36.39 36.05 36 36 36 36 36 36 36 36 35.65 35.16 35 35 35 34.79 34.39 34 34 34 33.88 33.6 33.06 33 32.99 32.82 33 32.99 33 33 33.01 33.23 33.6 33.94 34 34.07 34.78 34.98 34.88 34.9
-9999 -9999 -9999 -9999 -9999 -9999 -9999 -9999 44.70909 44.05 43.9 43.71 43.45 43.02 43 42.77 42.53 42.32 42 42 41.78 41.06 40.81 40.06 39.85 39.06 38.77 38.04 38 37.25 37 36.99 36.78 36.44 36.24 36 36 36 36.19 36.1 36.12 36.19 36.72 36.94 36.62 36.62 36.33 36.4 36.23 36.01 36 36 35.99 35.76 35 35 35 34.88 34.41 34.02 34 34 33.99 33.29 33.01 33 32.71 32.51 32.67 32.87 33.12 33.51 33.67 33.82 33.66 33.96 34 34.09 34.84 34.29 34.15 34.03
