layers/wordclim/future/Iberia_wcB2a_10_hadcm3_2050/bio_13.asc
ncols         166
nrows         93
xllcorner     -9.4959440078468
yllcorner     36.000324005443
cellsize      0.083333337679505
NODATA_value  -9999
[rows 34 to 67 of 93, columns 76 to 151 of 166]
53.67 54.17 55.86 58.38 58.79 57.88 58.1 58.34 59.21 59.45 55.94 57.15 56.84 58.31 53.75 52.73 52.53 50.67 48.14 46.98 47.23 46.57 46.51 49.21 50.62 52.91 51.29 52.13 51.71 50.82 50.78 52.67 52.79 54.16 55.67 57.03 60.49 63.73 66.03 68.21 71.61 74.8 78.55 84.1 86.9 87.96 93.35354 -9999 -9999 -9999 -9999 -9999 -9999 -9999 -9999 -9999 -9999 -9999 -9999 -9999 -9999 -9999 -9999 -9999 -9999 -9999 -9999 -9999 -9999 -9999 -9999 -9999 -9999 -9999 -9999 -9999
52.58 54.17 58.03 58.39 57.71 55.71 55.8 58.96 58.78 56.35 56.52 57.28 56.08 55.61 54.83 53.9 51.12 52.05 51.04 47.91 45.97 45.29 47.24 52.44 53.74 53.94 54.46 55.28 55 55.67 56.77 56.46 56.52 56.91 56.81 59.73 62.24 66.22 68.22 72.12 75.37 79.49 81.71 88.11 91 92.84 95.42254 -9999 -9999 -9999 -9999 -9999 -9999 -9999 -9999 -9999 -9999 -9999 -9999 -9999 -9999 -9999 -9999 -9999 -9999 -9999 -9999 -9999 -9999 -9999 -9999 -9999 -9999 -9999 -9999 -9999
53.92 58.49 58.06 57.57 59.23 55.15 52.31 52.64 54.11 57.27 62.24 63.33 63.42 59.97 58.7 59.32 56.86 57.08 52.78 52.18 47.29 45.75 48.82 53.81 53.44 54.14 55.83 56.27 56.8 56.34 57.66 57.52 57.65 57.57 59.44 62.17 65.81 69.59 72.77 76.38 77.17 79.66 83.92 89.87 91.98 93.07217 96.6129 98.98837 100 -9999 -9999 -9999 -9999 -9999 -9999 -9999 -9999 -9999 -9999 -9999 -9999 -9999 -9999 -9999 -9999 -9999 -9999 -9999 -9999 -9999 -9999 -9999 -9999 -9999 -9999 -9999
57.17 57.23 56.28 58.64 59.06 54.38 55.9 58.19 60.77 60.22 62.15 64.11 65.12 64.54 62.69 62 62.3 64.7 57.84 56.32 51.09 47.63 47.02 51.7 52.04 51.85 53.3 56.39 57.1 58.61 60.17 60.7 62.83 61.33 62.4 63.99 67.57 70.93 73.77 75.3 78.06 81.54 86.04 89.96 91.69149 -9999 -9999 -9999 -9999 -9999 -9999 -9999 -9999 -9999 -9999 -9999 -9999 -9999 -9999 -9999 -9999 -9999 -9999 -9999 -9999 -9999 -9999 -9999 -9999 -9999 -9999 -9999 -9999 -9999 -9999 -9999
59.22 55.87 58.13 59.7 57.74 53.61 57.01 57.32 58.31 57.13 57.93 60.64 63.51 65.26 70.33 67.53 68.38 69.83 63.82 59.02 54.2 48.95 47.04 49.58 51.93 50.84 53.98 59.71 58.02 59.82 63.13 65.05 69.4 65.3 65.41 67.16 69.29 73.13 74.21 76.95 79.45 83.14 87.64 90.1 -9999 -9999 -9999 -9999 -9999 -9999 -9999 -9999 -9999 -9999 -9999 -9999 -9999 -9999 -9999 -9999 -9999 -9999 -9999 -9999 -9999 -9999 -9999 -9999 -9999 -9999 -9999 -9999 -9999 -9999 -9999 -9999
58.65 57.99 59.47 57.99 54.89 53.56 54.37 52.7 54.31 55.43 60.19 62.12 65.76 67.89 69.72 70.8 69.66 71.1 67.36 60.53 53.48 49.32 47.69 49.03 51.11 50.86 56.7 58.8 60.29 64.05 70.5 70.91 70.31 70.59 68.99 69.88 72.3 73.88 74.48 77.78 80.43 84.21 87.68 89.34 -9999 -9999 -9999 -9999 -9999 -9999 -9999 -9999 -9999 -9999 -9999 -9999 -9999 -9999 -9999 -9999 -9999 -9999 -9999 -9999 -9999 -9999 -9999 -9999 -9999 -9999 -9999 -9999 -9999 -9999 -9999 -9999
58.3 58.85 57.35 53.99 54.56 52.96 57.65 59.53 56.35 60.31 60.37 62.25 63.85 68.67 69.27 70.52 71.52 70.89 65.64 58.09 55.49 53.44 48.74 48.03 48.34 51.43 56.14 57.36 60.12 64.59 72.95 74.23 71.58 70.52 69.03 68.78 71.68 73.49 76.46 78.61 81.22 84.78 87.61446 -9999 -9999 -9999 -9999 -9999 -9999 -9999 -9999 -9999 -9999 -9999 -9999 -9999 -9999 -9999 -9999 -9999 -9999 -9999 -9999 -9999 -9999 -9999 -9999 -9999 -9999 -9999 -9999 -9999 -9999 -9999 -9999 -9999
59.26 58.12 54.58 55.93 57.77 54.99 56.1 59.86 61.43 64.44 65.19 66.69 67.68 70.44 71.97 70.76 67.98 72.72 68.55 64.58 60.95 55.01 51.17 49.11 47.86 51.61 55.14 54.09 55.45 60.88 67.11 67.39 69.21 69.86 69.76 70.17 72.27 74.56 77.73 79.08 82.39 85.10976 -9999 -9999 -9999 -9999 -9999 -9999 -9999 -9999 -9999 -9999 -9999 -9999 -9999 -9999 -9999 -9999 -9999 -9999 -9999 -9999 -9999 -9999 -9999 -9999 -9999 -9999 -9999 -9999 -9999 -9999 -9999 -9999 -9999 -9999
58.24 55.6 55.52 59.3 59.38 57.31 61.72 61.93 63.02 64.81 67.99 71.19 68.58 71.34 70.36 68.67 70.43 68.99 67.58 61.35 64.78 52.89 49.51 47.72 49.72 54.58 54.67 52.83 53.37 56.59 60.49 64.34 64.78 68.65 70.07 70.98 72.81 75.93 77.94 80.77 81.92105 -9999 -9999 -9999 -9999 -9999 -9999 -9999 -9999 -9999 -9999 -9999 -9999 -9999 -9999 -9999 -9999 -9999 -9999 -9999 -9999 -9999 -9999 -9999 -9999 -9999 -9999 -9999 -9999 -9999 -9999 -9999 -9999 -9999 -9999 -9999
55.48 55.72 57.37 60.3 60.78 60.15 62.9 65.02 66.27 70.06 70.66 71.14 71.39 72 71.74 70.07 67.39 65.63 61.86 60.22 60.24 52.67 45.27 46.79 52.4 64.94 62.62 55.37 55.05 56.86 59.34 62.2 65.35 67.91 70.45 72.58 73.8 76.83 78.83 80.65909 -9999 -9999 -9999 -9999 -9999 -9999 -9999 -9999 -9999 -9999 -9999 -9999 -9999 -9999 -9999 -9999 -9999 -9999 -9999 -9999 -9999 -9999 -9999 -9999 -9999 -9999 -9999 -9999 -9999 -9999 -9999 -9999 -9999 -9999 -9999 -9999
58.41 58.35 58.5 59.88 60.66 61.2 63.24 66.58 67.93 71.83 70.99 69.88 72.2 71.61 71.12 66.68 64.09 63.92 59.27 58.12 60.14 53.38 46.81 49.72 57.09 66.42 62.53 58.52 58.54 58.98 62.27 63.91 67.16 69.45 72.31 73.34 75.59 77.12 78.23881 -9999 -9999 -9999 -9999 -9999 -9999 -9999 -9999 -9999 -9999 -9999 -9999 -9999 -9999 -9999 -9999 -9999 -9999 -9999 -9999 -9999 -9999 -9999 -9999 -9999 -9999 -9999 -9999 -9999 -9999 -9999 -9999 -9999 -9999 -9999 -9999 -9999
60.31 59.67 59.51 60.26 60.93 59.4 61.18 64.5 66.83 69.22 68.81 70.69 71.55 70.6 69.12 63.57 61.28 59.08 59.11 57.77 54.99 51.01 48.96 49.3 51.26 55.85 59.89 64.59 62.3 61.83 63.67 66.05 69.05 71.31 74.4 74.93 76.04 76.54639 -9999 -9999 -9999 -9999 -9999 -9999 -9999 -9999 -9999 -9999 -9999 -9999 -9999 -9999 -9999 -9999 -9999 -9999 -9999 -9999 -9999 -9999 -9999 -9999 -9999 -9999 -9999 -9999 -9999 -9999 -9999 -9999 -9999 -9999 -9999 -9999 -9999 -9999
59.36 58.34 58.86 59.52 59.33 59.45 61.26 62.17 65.33 66.46 65.1 69.67 70.68 70.13 68.01 62.69 61.7 56.65 58.58 59.11 54.12 50.22 51.08 51.7 52.24 54.08 56.49 60.77 63.45 63.73 65.48 69.66 72.08 74.5 76.51 78.56 78.30303 -9999 -9999 -9999 -9999 -9999 -9999 -9999 -9999 -9999 -9999 -9999 -9999 -9999 -9999 -9999 -9999 -9999 -9999 -9999 -9999 -9999 -9999 -9999 -9999 -9999 -9999 -9999 -9999 -9999 -9999 -9999 -9999 -9999 -9999 -9999 -9999 -9999 -9999 -9999
58.63 58.9 58.68 59.93 59.66 60.39 59.3 60.99 63.51 63.85 62.1 64.34 65.7 67.04 65.56 61.29 59.49 56.68 53.36 52.29 50.7 51.59 53.14 52.71 53.61 55.24 58.06 60.26 62.18 65.23 67.46 70.94 74.83 78.65 80.32 81.41 -9999 -9999 -9999 -9999 -9999 -9999 -9999 -9999 -9999 -9999 -9999 -9999 -9999 -9999 -9999 -9999 -9999 -9999 -9999 -9999 -9999 -9999 -9999 -9999 -9999 -9999 -9999 -9999 -9999 -9999 -9999 -9999 -9999 -9999 -9999 -9999 -9999 -9999 -9999 -9999
58.18 58.32 58.1 58.79 58.78 59.88 58.6 60.53 62.88 61.78 59.34 59.8 63.07 63.89 61.95 60.29 57.34 53.73 50.1 49.75 50.64 54.25 53.34 54.26 55.43 56.99 60.32 62.56 66.23 69.77 73.29 75.87 76.88 81.74 84.3 85.3421 -9999 -9999 -9999 -9999 -9999 -9999 -9999 -9999 -9999 -9999 -9999 -9999 -9999 -9999 -9999 -9999 -9999 -9999 -9999 -9999 -9999 -9999 -9999 -9999 -9999 -9999 -9999 -9999 -9999 -9999 -9999 -9999 -9999 -9999 -9999 -9999 -9999 -9999 -9999 -9999
58 57.72 58.43 59.09 57.25 57.2 58.82 57.85 59.92 59.89 58.27 57.57 57.59 58.51 57.54 56.54 55.64 54.52 50.85 49.99 51.67 53.68 53.95 55.58 57.89 58.92 61.49 64.78 69.07 73.67 78.26 81.57 85.12 86.73 87.54256 -9999 -9999 -9999 -9999 -9999 -9999 -9999 -9999 -9999 -9999 -9999 -9999 -9999 -9999 -9999 -9999 -9999 -9999 -9999 -9999 -9999 -9999 -9999 -9999 -9999 -9999 -9999 -9999 -9999 -9999 -9999 -9999 -9999 -9999 -9999 -9999 -9999 -9999 -9999 -9999 -9999
57.12 57 57.18 57.45 55.91 55.83 57.04 57.14 56.35 55.86 55.7 57.48 56.12 53.44 52.91 51.97 51.36 50.09 50.07 50.15 51.51 53.76 54.86 56.02 57.92 59.71 62.68 64.68 69.52 75.34 80.41 84.65 89.3 92.03 -9999 -9999 -9999 -9999 -9999 -9999 -9999 -9999 -9999 -9999 -9999 -9999 -9999 -9999 -9999 -9999 -9999 -9999 -9999 -9999 -9999 -9999 -9999 -9999 -9999 -9999 -9999 -9999 -9999 -9999 -9999 -9999 -9999 -9999 -9999 -9999 -9999 -9999 -9999 -9999 -9999 -9999
57.87 56.72 55.4 55.35 54.75 54.43 54.33 53.64 53.94 53.3 54.42 55.47 52.17 50.37 49.76 49.1 48.17 48.39 49.99 50.05 51.6 53.95 55.16 56.7 58.62 61.23 63.68 66.07 70.47 76.1 81.58 86.4 91.73 93.73 -9999 -9999 -9999 -9999 -9999 -9999 -9999 -9999 -9999 -9999 -9999 -9999 -9999 -9999 -9999 -9999 -9999 -9999 -9999 -9999 -9999 -9999 -9999 -9999 -9999 -9999 -9999 -9999 -9999 -9999 -9999 -9999 -9999 -9999 -9999 -9999 -9999 -9999 -9999 -9999 -9999 -9999
57.1 56.24 56 55.12 54 53.8 53.13 52.52 51.53 51.32 51.43 50.55 48.64 48.34 47.61 47.34 47.67 48.05 49.99 50.63 51.31 53.77 55.48 57.4 59.48 62.55 64.73 68.14 72.82 77.03 81.79 85.88 90.85 92.74 -9999 -9999 -9999 -9999 -9999 -9999 -9999 -9999 -9999 -9999 -9999 -9999 -9999 -9999 -9999 -9999 -9999 -9999 -9999 -9999 -9999 -9999 -9999 -9999 -9999 -9999 -9999 -9999 -9999 -9999 -9999 -9999 -9999 -9999 -9999 -9999 -9999 -9999 -9999 -9999 -9999 -9999
56.56 56 56 54.04 54 53.4 53.02 51.77 50.93 50.5 49.51 48.68 47.41 46.18 46.06 46.76 47.04 47.93 49.78 50.97 53.39 54.63 56.2 58.05 60.37 63.27 65.83 69.32 72.58 76.41 81.73 85.05 89.33 91.74 93.55556 -9999 -9999 -9999 -9999 -9999 -9999 -9999 -9999 -9999 -9999 -9999 -9999 -9999 -9999 -9999 -9999 -9999 -9999 -9999 -9999 -9999 -9999 -9999 -9999 -9999 -9999 -9999 -9999 -9999 -9999 -9999 -9999 -9999 -9999 -9999 -9999 -9999 -9999 -9999 -9999 -9999
58 56.29 56 54.96 54.18 53.97 53.57 52.83 51.99 49.98 48.74 46.93 46.14 45.45 45.72 45.96 46.65 47.46 49.66 50.79 53.31 55.16 56.99 59.01 61.48 63.82 66.63 69.33 72.99 77.49 81.03 85.4 87.78 90.72 92.30303 -9999 -9999 -9999 -9999 -9999 -9999 -9999 -9999 -9999 -9999 -9999 -9999 -9999 -9999 -9999 -9999 -9999 -9999 -9999 -9999 -9999 -9999 -9999 -9999 -9999 -9999 -9999 -9999 -9999 -9999 -9999 -9999 -9999 -9999 -9999 -9999 -9999 -9999 -9999 -9999 -9999
58.13 57.7 57.01 57.02 56.35 55.76 54.71 53.76 53.4 51.41 49.08 46.63 45.51 45 45.09 45.75 46.19 48.29 49.47 51.16 53.99 56.27 58.82 60.44 62.46 64.05 67.64 69.85 73.51 77.7 80.65 84.23 86.65 89.93 91.36 -9999 -9999 -9999 -9999 -9999 -9999 -9999 -9999 -9999 -9999 -9999 -9999 -9999 -9999 -9999 -9999 -9999 -9999 -9999 -9999 -9999 -9999 -9999 -9999 -9999 -9999 -9999 -9999 -9999 -9999 -9999 -9999 -9999 -9999 -9999 -9999 -9999 -9999 -9999 -9999 -9999
59.35 59.15 59.34 60.19 59.8 59.1 58.14 56.21 55.98 53.89 50.63 47.38 45.29 45 45 45.06 46 48.47 50.64 52.55 56.02 58.31 61.18 62.28 63.07 64.44 68.21 70.14 73.08 76.93 79.9 83.26 85.65 88.93 90.51 92.93827 -9999 -9999 -9999 -9999 -9999 -9999 -9999 -9999 -9999 -9999 -9999 -9999 -9999 -9999 -9999 -9999 -9999 -9999 -9999 -9999 -9999 -9999 -9999 -9999 -9999 -9999 -9999 -9999 -9999 -9999 -9999 -9999 -9999 -9999 -9999 -9999 -9999 -9999 -9999 -9999
62.08 62.41 62.07 60.29 60.06 60.02 59.9 59.53 59.28 56.01 51.78 48.06 45.48 45 45 45 46.13 50.01 52.43 53.87 57.32 58.56 59.26 61.06 63.2 65.57 69.28 70.38 73.06 76.11 79.04 82.48 84.83 88 89.73 92.45 93.21429 -9999 -9999 -9999 -9999 -9999 -9999 -9999 -9999 -9999 -9999 -9999 -9999 -9999 -9999 -9999 -9999 -9999 -9999 -9999 -9999 -9999 -9999 -9999 -9999 -9999 -9999 -9999 -9999 -9999 -9999 -9999 -9999 -9999 -9999 -9999 -9999 -9999 -9999 -9999
63.05 62.4 62.91 62.31 60.61 60.24 59.81 59.08 58.87 57.41 52.94 49.59 46.69 45.39 45.09 45.74 47.11 49.87 51.92 53.8 56.49 57.69 59.05 61.01 62.93 64.98 68.31 70.16 72.6 75.63 78.42 81.51 83.84 87.07 89.01 91.81 94.14 101.4925 -9999 -9999 -9999 -9999 -9999 -9999 -9999 -9999 -9999 -9999 -9999 -9999 -9999 -9999 -9999 -9999 -9999 -9999 -9999 -9999 -9999 -9999 -9999 -9999 -9999 -9999 -9999 -9999 -9999 -9999 -9999 -9999 -9999 -9999 -9999 -9999 -9999 -9999
62.96 62.74 63.51 63.19 62.33 61.71 60.7 59.45 58.59 56.48 54.9 52.75 50.44 49.06 47.12 47.7 49.45 50.68 52.42 55.02 56.55 57.61 58.73 61.57 64.07 65.62 67.33 69.38 72.6 75.26 77.99 81.26 83.44 86.18 88.27 91.04 92.78 99.8 110.52 117.2577 -9999 -9999 -9999 -9999 -9999 -9999 -9999 -9999 -9999 -9999 -9999 -9999 -9999 -9999 -9999 -9999 -9999 -9999 -9999 -9999 -9999 -9999 -9999 -9999 -9999 -9999 -9999 -9999 -9999 -9999 -9999 -9999 -9999 -9999 -9999 -9999
64.7 63.9 63.75 63.59 63.96 62.29 60.19 58.5 59.71 60.62 61.04 59.89 58.52 53.93 49.61 48.28 50.54 51.09 52.1 54.25 55.54 57.88 58.72 60.34 63.01 65.01 65.83 69.25 72.31 75.53 78.76 81.72 82.92 85.75 88.43 90.56 91.9 95.22 103.56 111.7952 -9999 -9999 -9999 -9999 -9999 -9999 -9999 -9999 -9999 -9999 -9999 -9999 -9999 -9999 -9999 -9999 -9999 -9999 -9999 -9999 -9999 -9999 -9999 -9999 -9999 -9999 -9999 -9999 -9999 -9999 -9999 -9999 -9999 -9999 -9999 -9999
66.58 65.46 64.27 65.12 62.47 61.07 57.27 60.08 64.44 66.79 61.45 60.95 57.72 53.72 49.38 48.36 49.24 50.02 51.09 53.2 54.88 57 59.05 60.34 62.04 63.83 66.38 68.09 71.48 75.81 77.75 81.92 83.59 86.18 87.78 90.11 89.76 93.5921 -9999 -9999 -9999 -9999 -9999 -9999 -9999 -9999 -9999 -9999 -9999 -9999 -9999 -9999 -9999 -9999 -9999 -9999 -9999 -9999 -9999 -9999 -9999 -9999 -9999 -9999 -9999 -9999 -9999 -9999 -9999 -9999 -9999 -9999 -9999 -9999 -9999 -9999
67.77 65.33 65.94 62.9 59.26 58.43 60.59 68.48 69.31 67.9 61.92 56.35 53.44 50.1 47.4 47.43 49.01 49.23 49.79 51.49 54.3 55.79 58.05 59.95 61.4 63.81 67.26 67.56 70.15 75.95 76.3 78.9 79.81 83.8 83.22 85.13333 87.11111 -9999 -9999 -9999 -9999 -9999 -9999 -9999 -9999 -9999 -9999 -9999 -9999 -9999 -9999 -9999 -9999 -9999 -9999 -9999 -9999 -9999 -9999 -9999 -9999 -9999 -9999 -9999 -9999 -9999 -9999 -9999 -9999 -9999 -9999 -9999 -9999 -9999 -9999 -9999
67.8 66.95 64.61 60.39 59.01 60.55 61.99 62.66 66.02 65.79 57.97 54.02 50.83 47.63 47.71 46.95 47.64 48.17 49.33 51.46 54.26 55.18 56.62 59.05 63.31 63.98 64.82 66.86 68 72.36 73.09 74.6 75.3 78.36487 -9999 -9999 -9999 -9999 -9999 -9999 -9999 -9999 -9999 -9999 -9999 -9999 -9999 -9999 -9999 -9999 -9999 -9999 -9999 -9999 -9999 -9999 -9999 -9999 -9999 -9999 -9999 -9999 -9999 -9999 -9999 -9999 -9999 -9999 -9999 -9999 -9999 -9999 -9999 -9999 -9999 -9999
66.71 64.98 62.6 58.67 58.43 59.79 60.02 65.38 67.82 61.46 52.81 49.13 49.43 48.75 46.58 45.74 47.85 48.18 48.81 50.1 51.28 53.99 56.17 57.35 60.95 62.56 65.16 66.05 65.91 68.32 69.75 70.96 72.64103 -9999 -9999 -9999 -9999 -9999 -9999 -9999 -9999 -9999 -9999 -9999 -9999 -9999 -9999 -9999 -9999 -9999 -9999 -9999 -9999 -9999 -9999 -9999 -9999 -9999 -9999 -9999 -9999 -9999 -9999 -9999 -9999 -9999 -9999 -9999 -9999 -9999 -9999 -9999 -9999 -9999 -9999 -9999
67.21 63.92 59.15 63.24 67.05 61.19 69.73 72.69 64.94 62.58 57.44 57.53 57.93 57.24 52.12 48.6 47.28 47.35 48.48 49 49.57 52.33 55.03 58.97 60.6 61.15 63.11 65.04 64.77 66.06 67.45 68.28947 -9999 -9999 -9999 -9999 -9999 -9999 -9999 -9999 -9999 -9999 -9999 -9999 -9999 -9999 -9999 -9999 -9999 -9999 -9999 -9999 -9999 -9999 -9999 -9999 -9999 -9999 -9999 -9999 -9999 -9999 -9999 -9999 -9999 -9999 -9999 -9999 -9999 -9999 -9999 -9999 -9999 -9999 -9999 -9999
66.33 63.59 65.4 66.34 67.64 65.83 74.29 72.11 66.11 71.92 62.43 64.52 63.23 61.92 56.29 47.7 47.35 47.36 48.21 48.86 50.48 50.03 52.85 55.3 55.8 57.42 59.05 59.87 61.32 62.96 64.93478 67.44827 -9999 -9999 -9999 -9999 -9999 -9999 -9999 -9999 -9999 -9999 -9999 -9999 -9999 -9999 -9999 -9999 -9999 -9999 -9999 -9999 -9999 -9999 -9999 -9999 -9999 -9999 -9999 -9999 -9999 -9999 -9999 -9999 -9999 -9999 -9999 -9999 -9999 -9999 -9999 -9999 -9999 -9999 -9999 -9999
66.57 66.78 67.71 78.57 66.03 75.22 79.45 76.76 74.93 72.66 70.76 68.12 68.23 59.84 59.33 51.58 48.15 48.3 49.09 50.07 52.85 51.3 50.78 52.26 53.55 55.85 57.1 58.15 59.8 61.87 -9999 -9999 -9999 -9999 -9999 -9999 -9999 -9999 -9999 -9999 -9999 -9999 -9999 -9999 -9999 -9999 -9999 -9999 -9999 -9999 -9999 -9999 -9999 -9999 -9999 -9999 -9999 -9999 -9999 -9999 -9999 -9999 -9999 -9999 -9999 -9999 -9999 -9999 -9999 -9999 -9999 -9999 -9999 -9999 -9999 -9999
