layers/wordclim/future/Iberia_wcB2a_10_hadcm3_2050/bio_14.asc
ncols         166
nrows         93
xllcorner     -9.4959440078468
yllcorner     36.000324005443
cellsize      0.083333337679505
NODATA_value  -9999
[rows 38 to 75 of 93, columns 0 to 83 of 166]
-9999 -9999 -9999 -9999 -9999 -9999 -9999 -9999 -9999 11 11.12 10.02 9.99 10.4 12.11 13.93 10.54 9.99 9.59 9.7 8.86 8.18 7.64 7.87 9.48 9.21 8.3 7.98 7.32 7.01 6.69 6.98 6.36 6 5.98 5.89 5.99 6.97 7.44 8.75 7.55 7.44 6.87 6.78 7.05 7.38 7.17 7.77 8.84 8.88 9.26 10.38 12.01 10.36 9.55 9.57 10.42 10.59 9.88 8.75 9.22 8.61 8.94 9.73 8.2 7.98 7.78 7.27 7 7.14 7 6.78 6.91 6.93 7.04 8.97 9.68 9.11 10.34 11.42 11.13 10.23 12.03 12.36
-9999 -9999 -9999 -9999 -9999 -9999 -9999 -9999 10.80645 10.99 11 11 9.71 10.48 11.24 10.59 9.85 9.29 9.1 8.85 8.97 9.03 9.77 11.33 9.97 8.69 7.92 8 7.02 7 6.76 7 6.17 6.26 6.62 6.24 6.26 6.84 6.92 6.96 6.83 5.31 5.41 6.31 6.46 7.73 7.88 7.45 7.95 8.84 11.01 12.89 13.11 12.61 13.05 11.65 9.49 8.32 7.53 7.65 7.2 7 7.43 7.65 7.15 6.99 7 7 7 6.99 6.98 6.12 6.03 6.49 8.06 9.07 9.1 9.38 10.1 10.18 9.58 9.75 10.43 10.27
-9999 -9999 -9999 -9999 -9999 -9999 -9999 -9999 10 10.35 10.79 11 10.66 10.62 10.29 9.3 9.09 8.94 8.98 9.28 9.18 10.56 14.83 11.69 8.57 7.37 6.94 7.67 7.05 7 7.08 7.04 6.9 6.85 6.73 6.76 7.75 7.02 6.55 5.38 4.43 4.76 6.11 6.19 7.81 11.52 10.53 8.29 8.82 11.3 12.27 12.36 12.44 10.71 10.54 9.48 8.91 9.63 10.1 9.08 6.64 6.41 6.4 6.3 5.87 6.51 6.77 7 7 6.46 6.51 6.08 6.06 7.25 7.98 8.18 8.07 8.8 8.85 8.35 8.93 9.09 10.94 11.74
-9999 -9999 -9999 -9999 -9999 -9999 -9999 -9999 10 10 10.49 10.4 10.36 10.34 10.01 9.01 9.02 8.89 8.89 9.29 9.47 10 13.01 11.63 7.45 6.37 6.73 6.93 7.45 7.29 7.42 7.99 7.32 6.94 7.47 6.53 6.01 5.36 5.07 4.68 4.28 4.6 5.16 6.21 10.83 13.88 9.99 9.31 11.06 12.96 14.79 13.61 12.07 9.14 10.01 9.91 7.1 5.51 5.93 6.57 6.61 6.23 5.58 5.01 5.66 6.15 6.07 6.77 6.85 6.11 6.01 6 6.25 7.4 7.74 7.51 7.99 7.99 7.72 8.73 9.7 9.09 9.74 11.22
-9999 -9999 -9999 -9999 -9999 -9999 -9999 9.506849 9.66 9.29 9.42 9.41 9.69 10.58 9.4 9.39 9.01 9.15 10.09 10.86 10.97 8.89 7.99 7.44 7.13 6.58 6.17 6.25 6.46 6.75 5.76 5.49 6.83 5.62 4.98 4.53 4.22 4.83 4.07 3.96 3.98 4 5.77 8.89 7.19 9.35 13.7 13.24 12.92 8.06 10.11 8.94 5.91 4.79 5.53 4.26 4.6 5.1 5.44 6.01 5.26 5 5 5.01 5.87 5.96 5.59 6.2 6.05 6.01 6 6 6.15 6.4 6.85 7.45 7.39 7.31 7.56 9.42 9.77 9.42 11.27 11.14
-9999 -9999 -9999 -9999 -9999 -9999 -9999 -9999 8.454545 8.96 8.91 9.06 10.15 10.23 9.83 10.01 10.74 10.71 10.21 10.23 9.36 8 7.89 7.72 7.31 6.63 6 6 5.3 5.1 4.5 4.55 4.81 4.1 3.49 3.72 4 4.1 3.71 3.61 3.7 4.29 5.76 5.81 7.49 5.8 5.52 5.36 4.71 3.73 4 4 4 4.12 4.26 4.62 5.49 6.01 4.61 4.35 4.44 4.94 5 5.02 5.25 5.98 6 6 6 6 5.62 5.76 6.14 6.79 6.65 6.82 6.73 7.01 7.81 9.33 10.19 10.01 11.09 11.86
-9999 -9999 -9999 -9999 -9999 -9999 -9999 8.013333 8.28 8.35 8.24 9.63 10.21 9.99 11.66 12.41 10.93 9.81 9.63 8.9 8.26 8.5 7.61 7.79 6.34 5.9 5.92 5.28 5.12 5.3 4.91 4 4 4 3 3.23 3.34 3.19 3 3 3.2 3.78 4.19 4.31 4.25 3.59 3.4 3.03 3.01 3.03 3.14 3.8 4 4 4 4.17 4.28 3.76 3.91 4 4.06 4.85 5.09 5.6 5.64 5.39 5.84 5.39 5.8 5.53 5.21 5.58 5.68 5.74 6.01 6.63 7.08 7.42 8.01 9.25 9.87 10.2 10.67 11.86
-9999 -9999 -9999 -9999 -9999 -9999 -9999 7.63 7.97 7.99 8.14 9.71 9.55 9.66 10.58 10.06 9.3 8.93 9.48 9.39 9.18 8.16 6.6 6.73 6 5.87 5.05 5.01 4.97 4.98 4.8 4 4.03 4 4 3 3 3 3 3.04 3.26 3.19 2.88 2.38 2.67 2.95 3 3 3 3 3 3.01 3.64 4 4 4 4 4 4 4 4.52 4.83 4.92 4.78 4.87 5.18 5.11 4.89 5.02 5.15 5.77 6 6 6.99 6.93 7 7.06 7.39 7.87 8.72 9.56 9.38 10.08 11.14
-9999 -9999 -9999 -9999 -9999 -9999 6.952381 6.95 7.49 7.93 7.99 8.83 8.66 9.04 8.93 8.6 8.91 9.17 9.47 9.99 8.16 6.72 6 6.04 6 5.73 4.99 4.98 4.79 4.76 4.43 4 4 4 4 3 3 3.03 3.17 3.46 3.09 2.81 2.3 2.01 2.06 2.26 2.82 3 3 3 3.04 3.57 3.35 3.76 3.48 3.93 4 4 4 4 4 4.06 4.19 4.13 4.61 4.81 4.64 4.59 4.77 4.98 5.48 5.9 6.25 6.51 6.88 7 7 7 7.32 8.26 8.59 9.12 9.69 10.06
-9999 -9999 -9999 -9999 -9999 -9999 6.183673 6.23 6.78 7.55 8.21 8.1 7.79 8.16 7.88 7.77 7.77 8.03 8.51 8.46 6.9 6.02 5.97 5.95 5.38 4.84 4.93 4.48 4.91 4.39 4.07 4.04 3.88 3.79 3.72 3.93 3.12 3.24 3.12 3.02 3 2.08 2.47 2.49 2.51 2.17 2.8 3.07 3 3.08 3.15 3.17 3 3.44 3.61 3.92 4 4 4 4.02 4.2 4 4.31 4.81 5 5.33 5.51 5.13 4.98 4.99 5 5.11 5.64 5.86 6.15 6.47 6.7 7 7.69 8.18 8.42 8.94 9.01 9.41
-9999 -9999 -9999 -9999 -9999 6 6.05 6.19 6.43 7.3 7.49 7.14 7.01 7.4 7.57 7.03 7.35 7.23 7.42 6.56 5.88 5.89 5.5 5.11 4.97 5.02 4.97 4.51 4.64 4.29 3.98 3.98 4 4 3.99 3.42 3 3 3 3 3 3 2.84 2.99 3.39 3.73 3.66 3.38 3.61 3.74 3.62 3.66 3.79 3.95 4.22 4.01 4 4 4.33 4.28 4.46 4.05 4.78 5.1 5.01 5.41 5.47 5.1 5.02 5.18 5.01 5.01 5.08 5.56 5.65 6.01 6.09 6.76 7.08 7.85 8 8.92 8.96 9.12
-9999 -9999 -9999 -9999 -9999 5.439024 5.47 6.05 6.8 8.05 7.22 6.78 6.56 6.44 7.03 6.4 6.79 6.98 6.74 5.94 5.41 5.17 4.91 4.94 4.97 4.86 4.64 4.79 4.27 4.01 4 4 4 4 3.98 3.76 3.04 3 3 3 3 3 3 2.7 2.94 3.17 3.6 4.14 4.03 4.74 4.12 4.35 4 4 4.81 4.79 5.07 4.98 5.27 5.16 5.23 4.51 4.7 5.2 5.35 5.22 5.25 5.13 4.99 5.02 4.95 5 5.01 5.2 5 5.13 5.77 6 6.94 7.92 7.62 8.09 8.91 8.69
-9999 -9999 -9999 -9999 -9999 4.969697 5.21 7.29 7.84 7.46 7.38 5.94 5.92 5.99 6.34 6.6 5.86 5.81 5.8 5.69 5.06 5.08 5.01 5 4.95 4.96 4.94 5.07 4.97 4.04 3.98 4 4 3.74 3.92 3.59 3.19 3 3 3 3 3 3 3 3 3.08 3.22 3.54 5.03 4.88 5.15 4.27 4.21 4 4.06 4.69 4.87 4.92 6.06 4.89 6.02 5.65 5.61 5.48 5.57 5.55 5.2 4.44 4.28 4.23 4.15 4.38 4.67 5 5 5 5.03 5.47 6.13 6.77 6.83 7.35 8.32 8.59
-9999 -9999 -9999 4.095238 4.12 4.78 5.43 6.52 6.24 5.47 5.1 5.07 5.14 5.46 5.52 5.47 5.69 4.9 5.07 5.07 5.16 5 5 5.1 5.52 5.18 5.03 5.03 5.03 4.54 4.02 3.91 3.76 3.15 3.01 3 3 3.08 3 3 3 3 3 3 3.04 4.23 3.75 3.76 4.82 5.47 3.85 3.51 3.4 3.54 3.2 3.53 3.66 3.96 4.08 4.05 4.3 4.24 4.18 4.05 5.31 6.14 5.86 4.87 4.29 4.43 4.03 4 4.01 5 5 5 5.06 5 5.19 6.03 6.02 6.4 6.95 7.28
-9999 -9999 3.953125 4 4.03 4.4 4.95 4.66 4.78 4.98 4.84 4.82 5.08 5.78 5.89 5.87 5.66 6 5 5 5 5 5 5.15 6.06 6.42 5.93 5.48 5 4.73 4.46 4.19 3.92 4 3.52 3.13 3 3.02 3 3 3 3 3 3 3.05 3.61 3.96 3.7 3.48 3.43 3.15 2.44 2.8 2.56 2.59 2.71 3.02 3.45 3.81 4.07 4.51 4.66 4.07 4.37 4.57 4.45 5.13 4.56 4 4.41 5.03 4.14 4.97 4.96 4.96 5 5.01 5 5 6 6 6 6.12 6.7
-9999 -9999 3.98 4 4.08 4.06 4.14 4.06 4.34 4.27 4.08 4.14 4.91 5.04 5.5 5.74 5.77 5.58 5.49 4.76 4.38 4.66 4.76 4.94 5.41 6.58 6.29 5.15 4.21 4.12 4 3.94 3.39 3.66 3.16 3.09 3.27 3 3 3 3 3 3 3.01 3 3.04 2 2.02 2.07 2.62 2.55 2.08 2.12 2.1 3.16 2.8 2.97 3.27 3.14 3.38 3.44 3.18 3.07 3.5 4.11 4.07 3.87 4.06 4.47 4.39 5.3 4.26 4.17 4.16 4.17 4.96 5 5 5 6 6 6 6 6.08
-9999 -9999 3.95 4 4.07 5.03 4 4 4 4 4 4.39 4.77 4.96 5 5 5 5 5.01 5.06 4 4.1 4.87 4.94 5 5 5.05 4.64 4.05 4.02 4.04 3.44 3.26 3.2 3.09 3.13 3.25 3.07 3.08 3.03 3.28 2.89 2.67 2.87 2.39 2.74 2.65 2 2 2.02 2.13 2.12 2.08 2.03 2.57 3.29 2.93 2.91 2.83 3.25 3.71 3.26 2.91 2.93 3.56 3.61 3.26 3.13 3.2 3.77 3.56 3.25 3.97 4 4 4.57 5 5 5 5.95 6 6 6 6.24
-9999 4 4 4.07 4.44 4.07 3.85 3.99 3.97 4 4.02 4.04 4.44 4.93 4.99 4.98 4.78 4.99 5 5 5 4 4.14 4.63 4.54 4.36 4.01 4.03 3.99 3.6 3.52 3.11 3.17 3 3.03 3.01 3 3 3.02 2.97 2.94 2.05 2.13 2 2 2.08 2.02 2 2 2 2.04 2.02 2.15 2.34 2.32 2.86 3.35 2.82 2.74 3.39 3.5 3.33 3.02 2.52 3.11 3.18 2.39 2.11 2.33 2.78 3 3 3.39 4 4 4.03 4.91 5 5 5.97 6 6.18 6.34 6.87
-9999 4.02 4 4.13 4.37 4.1 3.191489 3.144444 3.183908 3.9 4 4 4.07 4.33 4.29 4.3 4.22 4.58 4.79 4.96 4.96 5 4 4 4.05 4 4 4 3.98 3.65 3 3 3 3 3 2.98 2.69 2.25 2.6 2.85 2.38 2 2 2 2 2 2 2.4 2.05 2 2 2 2 2.06 2.1 2.49 2.87 3.07 2.81 2.53 2.51 3.22 2.93 2.2 2.49 2.06 2 2 2 2.08 2.95 3 3 3.75 4.01 4.23 4.98 5 5.05 6.14 6.59 6.95 7.33 7.45
-9999 4.234694 4.59 4.44 4.72 4.072165 3.126582 3 3.02 3.64 3.77 3.98 4 4 4 4 4 4 4.11 4.66 4.96 5 5 4 4 4 4.07 4.05 3.48 3.04 3 3 3 3 2.97 2.4 2.03 2.03 2.1 2.09 2 2 2 2 2 2 2 2.03 2.25 2 2.02 2 2.02 2.74 2.26 2.41 2.49 2.29 2.05 2.8 2.24 2.22 2.47 2.21 2.2 2.01 2 2 2 2 2.75 3 3 3.57 4.02 4.83 5 5.21 5.77 6 6.54 7.23 7.99 8.63
-9999 5.2 4.53 4.54 3.81 3.35 3 3 3.01 3.39 3.99 4 4 4 4 4 4 4 4 4.01 4.41 4.79 5.02 5.08 4 4 4.43 3.99 3.15 3 3 3 3 2.99 2.34 2.17 2.11 2.14 2 2 2 2 2.01 2.13 2.06 2.04 2.15 2 2.21 2 2 2 2 2.18 2.08 2.17 2.22 2.36 2.77 2.89 2.12 2 2.43 2.22 2.01 2 2.01 2.01 2.07 2.29 2.99 3.59 3.49 3.4 4.09 4.46 5.12 5.04 5.89 5.99 6.18 7 7.79 8.17
6.135802 5.78 4.88 4.26 3.617021 -9999 -9999 3 3 3 3.36 3.85 3.99 4 4 4 4 4.01 4.03 4.01 4.14 4.39 4.65 5.12 5.06 3.82 3.52 3.18 3 3 3 3 3 3 2.82 2.66 2.88 2.37 2.05 2.24 2.28 2.35 2.51 2.31 2.82 2.18 2.48 2.05 2.55 2.88 2 2.02 2.14 2.01 2.04 2 2.01 2 2.35 2.33 2.66 2.27 2.06 2.19 2.29 2.15 2.78 2.49 2.15 2.16 2.84 3.18 3.25 3.62 4.14 4.87 5 5 5.57 6.01 6.87 7 7.75 8.01
5.6 4.422535 4 3.935065 3.733333 3 3 3 3 3 3.25 3.72 3.95 4 4 4 4.03 4.14 4.14 4.05 4.15 4.16 4.59 4.51 4.36 3.77 3 3 3 3 3 3 3 3 3 2.64 2.86 2.96 2.14 2 2.21 2.72 2.95 2.56 2.61 2.51 2.45 2.8 2.72 3.01 3 2.06 2.04 2 2 2 2 2.04 2.07 2.1 2.4 2.88 2.6 2.37 2.2 2.62 3.3 2.98 2.07 2.43 3.06 3.08 3.19 3.76 4.05 4.79 5 5 5.26 5.85 6.93 6.91 6.97 7.21
-9999 -9999 -9999 4 3.558442 3 3 3 3 3 3 3.16 3.55 4 4 4 4.1 4.08 4.02 4 4 4 4 4 4 3 3 3 3 3.12 3.08 3.03 3 3 3 2.8 2.88 3 2.79 2.28 2.49 2.77 3 3 2.54 3 2.95 3.01 3 2.79 2.41 2 2 2 2.06 2.02 2.03 2.32 2.1 2.15 2.32 2.93 2.93 2.65 2.76 2.71 2.35 2.35 3.06 2.5 3.11 3.29 3.48 3.91 4.4 5.03 5 5 5.09 6.16 5.94 6.15 5.98 7.32
-9999 -9999 -9999 -9999 3.77 3.39 3.393939 3.094118 3 3 3 3 3.08 3.81 3.86 3.81 4.01 3.92 3.97 3.99 3.93 3.76 3.87 4 4 3.9 2.9 3 3 3.06 3.08 3.27 3.71 3.3 3.4 2.96 2.95 3.01 2.99 2.66 2.14 2.96 3 2.96 2.64 3 3 3 2.93 2.34 2.68 2.94 2 2 2 2 2 2.04 2.24 3.09 3.61 3.12 2.76 2.62 2.09 2.29 2.56 2.58 2.5 3.06 3.22 3.77 4.12 4.28 4.78 4.97 5 5 5.34 5.08 4.91 5.13 6.23 9.73
-9999 -9999 -9999 -9999 3.925926 4.114286 -9999 3 -9999 3 3 3 3 3 3.02 3.07 3.01 3 3.13 3.09 3 3 3.27 3.44 3.5 3.17 2.19 2.74 3 3.01 3.02 3.21 3.92 3.9 3.86 3.27 2.99 3 3 2.97 2.35 2.5 2.69 2.91 2.99 3 3 3 2.98 3 2.96 3 2 2 2 2 2 2 2 2.04 2.51 3.78 3.72 3.46 3.35 2.48 2.19 2.94 3.69 4.3 4.64 3.86 3.85 4.07 4.15 4.15 4.55 4.92 4.82 4.47 4.74 5.5 6.63 7.48
-9999 -9999 -9999 -9999 -9999 -9999 -9999 -9999 3 3 3 2.91 2.92 3 3 3.01 3 3 3.03 3.34 3 3.07 3 3 3 3 3 2.24 2.48 2.92 2.97 3.17 3.43 2.72 2.96 3 3.03 3 3 3 2.94 2.83 3 2.89 3 3 3 3 3 3 3 3 3 2 2 2.02 2.04 2.02 2.29 2.38 2.05 2.25 2.28 2.98 2.98 3.08 2.22 2.97 2.97 3.22 4 3.7 3.67 3.32 3.16 3.45 3.94 4.04 3.99 3.5 4.09 5.07 5.72 8.1
-9999 -9999 -9999 -9999 -9999 -9999 -9999 -9999 -9999 2.99 3 2.95 2.71 2.7 2.76 3 3 3.01 3 3 3.03 3.16 3.05 3 3 3 3 2 2.02 2.05 2.64 2.84 2.52 2.31 2.49 2.52 2.85 3 3 3 3.02 3 3 3 3 3 2.72 3 3 2.66 2.58 2.63 2.93 3 2.12 2.09 2.26 2.09 2.53 2.62 2.92 2.92 2.84 2.2 2.71 2.35 2.22 2.29 2.41 2.33 2.41 2.48 2.07 2.12 2.46 3.32 3.53 3.36 2.83 4.43 6.01 5.26 8.54 10.23
-9999 -9999 -9999 -9999 -9999 -9999 -9999 -9999 -9999 2.92 3 2.26 2.43 2.34 2.27 2.45 2.75 2.96 3 3 3.01 2.88 2.74 2.86 2.89 3 3 3 2 2 2 2.4 2.7 3.26 3 2.84 2.66 3 3 2.86 2.79 2.93 3.08 3 2.6 2.33 2.02 2.31 2.83 2.96 2.99 2.66 2.5 2.68 2.19 2.14 2.09 2.07 2.43 2.2 2.51 2.46 2.94 2.24 2.27 2.26 2.12 2.55 2.01 2 2 2 2.02 2.25 3.06 3.36 3.19 2.98 4.01 4.8 6 6.36 9.73 9.79
-9999 -9999 -9999 -9999 -9999 -9999 -9999 -9999 2 2.55 3 2.48 2.04 2 2 2 2.03 2.08 2.69 2.23 2.14 2.03 2 2.27 2.85 2.99 3 3 2 2 2.03 2.25 2.63 2.94 2.99 3.17 3.15 3.03 3.14 3.08 2.35 2.08 2.46 2.97 2.68 2.47 2.15 2.08 2.06 2.24 2.37 2.7 2.95 2.77 2.31 2 2 1.97 2 2 1.95 2.03 2.05 2.04 2.1 2.06 2.03 2.02 2 2 2 2 2.02 2.32 2.17 2.19 2.96 3.59 4.34 8.33 5.23 8.98 11.3 11.2
-9999 -9999 -9999 -9999 -9999 -9999 -9999 -9999 2 2.41 2.68 2.34 2 2 2 2 2 2.33 2.08 2.12 2 2.04 2 2.01 2.82 3 3 3 2.02 2.39 2.62 2.46 2.17 2.72 3.22 3.19 3.12 3.75 3.5 2.89 2.53 2.08 1.99 2.06 2.45 2.84 2.53 2.22 1.68 1.43 1.85 2.01 2.53 2.66 2.57 2.54 1.99 1.69 1.86 1.88 1.57 1.72 1.72 1.71 1.82 2 2 2 2 2 2 2.18 2.9 3.55 3.51 2.9 2.31 2.97 6.2 6.98 7.82 13.16 12.11 13.59
-9999 -9999 -9999 -9999 -9999 -9999 -9999 2 2 2.21 2 2 2 2 2 2 2 2 2 2.02 2 2 2 2 2.14 2.73 2.64 2.51 2.9 2 2.11 2.66 2.6 2.65 2.65 2.2 2.05 2.41 2.55 2.01 2.28 2.57 1.81 2.23 2.38 2.15 2.81 2.63 2.09 1.85 1.47 1.54 1.98 1.9 1.86 2.1 1.82 1.5 1.07 1.19 1.03 1.78 1.65 1.95 2 2 2 2 2 2 2 2.12 2.35 2.1 2.11 2.02 2.22 3.01 5.08 7.66 11.58 13.85 10.98 11.49
-9999 -9999 -9999 -9999 -9999 -9999 -9999 -9999 2 2 2 2 2 2 2 2 2 2 2 2 2 2 2 2 2.05 2.18 2 2.42 3.01 2.13 2.14 2.56 2.54 2.82 2.74 2.59 2.37 1.89 1.89 2 2 1.88 1.36 1.87 1.75 1.7 2.1 1.95 1.66 1.13 1.23 1.07 1.16 1.16 1.39 1.26 1.01 1.01 1.27 1.36 1.75 2 2 2 2 2 2 2 2 2 2.2 2.33 2.17 2.55 2.26 2.03 2.7 4.8 9.22 9.7 11.82 10.08 7.31 8.06
-9999 -9999 -9999 -9999 -9999 -9999 -9999 -9999 2 2 2 2 2 2 2 2 2 2 2 2 2 2 2 2 2 2 2 2.27 2.52 2.4 1.48 1.73 1.53 1.75 1.76 1.99 2 1.87 1.31 1.72 1.71 1.7 1.06 1.15 1.01 1 1.01 1.02 1.01 1 0.9 0.61 1 1 1 1 1.03 1.14 1.6 1.74 1.93 2 2 2 2 2 2.36 2.98 2.38 2.14 3.67 4.72 5.19 4.66 3.05 2.79 2.61 5.56 9.76 6.7 5.87 5.83 5.39 5.49
-9999 -9999 -9999 -9999 -9999 -9999 -9999 -9999 1.361702 1.645161 1.72 1.95 2 1.99 2 2 2 2 2 2 2 2 1.97 2 2 2 2 2 2 2.01 1 1.03 1 1.09 1.6 1.6 1.64 1.67 1.21 1.04 1 1.01 1 0.74 0.7 0.68 0.94 0.63 0.19 0.17 0.11 0.45 1 1 1 1 1.35 1.23 1.01 1.57 1.91 2 2 2 2.01 2.25 3.52 4.64 3.57 3.76 4.11 6.01 9.02 4.93 4.85 4.2 3.68 3.23 4.46 4.79 4.49 4.33 4.27 5.3
-9999 -9999 -9999 -9999 -9999 -9999 -9999 -9999 1 1.03 1.08 1.58 1.81 2 1.99 2 2 2 2 2 1.99 1.77 1.69 1.94 1.8 1.99 2 2 2 2 2 1 1 1 1.05 1 1.13 1.06 1.05 1 1 0.98 0.81 0.42 0 0.01 0.02 0 0 0 0 0.32 0.56 0.99 1 1 1.01 1.65 1.41 2.01 2 2.04 2 2 2.18 3.54 3.58 4.84 6.31 5.4 4.55 5.18 5.5 5.23 5.08 4.39 3.86 3.2 3.89 3.97 3.77 3.92 4.18 5.71
-9999 -9999 -9999 -9999 -9999 -9999 -9999 -9999 1 1 1 1.01 1.07 1.41 1.47 1.94 2 2 2 2 2 1.98 1.8 1.4 1.82 1.95 2 2 1.98 1.97 1.8 0.88 1 1 1 1 1 1 0.98 0.8 0.6 0.18 0.01 0 0 0 0 0 0 0 0 0.48 0.87 0.72 1 1 1 1.21 1.93 2.42 2.81 2.94 3.33 2.47 2.26 3.3 3.74 5.35 6.57 6.49 5.12 5.99 5.19 5.34 5.19 5.17 4.14 3.56 3.47 3.97 4.55 3.98 4.64 6.22
-9999 -9999 -9999 -9999 -9999 -9999 -9999 -9999 1 1.02 1.3 1.01 1 1.26 1.75 1.97 2 2 2 2 1.97 1.93 1.92 1.85 1.07 1.69 1.84 1.73 1.72 1.11 1.17 1.64 0.63 0.6 0.6 0.5 0.68 0.26 0.03 0.03 0.21 0.03 0 0 0 0 0 0 0 0 0 0.41 0.51 0.63 1 1 1 1.5 2 2.04 2.56 3.59 3.11 2.63 3.28 3.59 4.74 4.72 5.25 4.64 4.46 4.33 4.46 5.38 4.95 4.34 4.07 5 5.49 6.54 5.62 4.23 5.42 6.85
