layers/wordclim/future/Iberia_wcB2a_10_hadcm3_2050/bio_03.asc
ncols         166
nrows         93
xllcorner     -9.4959440078468
yllcorner     36.000324005443
cellsize      0.083333337679505
NODATA_value  -9999
[rows 0 to 35 of 93, columns 0 to 81 of 166]
-9999 -9999 -9999 -9999 -9999 -9999 -9999 -9999 -9999 -9999 -9999 -9999 -9999 -9999 -9999 -9999 -9999 42.04878 41.81944 42.50746 42.0303 42.02273 41.98551 41.78788 -9999 -9999 -9999 -9999 -9999 -9999 -9999 -9999 -9999 -9999 -9999 -9999 -9999 -9999 -9999 -9999 -9999 -9999 -9999 -9999 -9999 -9999 -9999 -9999 -9999 -9999 -9999 -9999 -9999 -9999 -9999 -9999 -9999 -9999 -9999 -9999 -9999 -9999 -9999 -9999 -9999 -9999 -9999 -9999 -9999 -9999 -9999 -9999 -9999 -9999 -9999 -9999 -9999 -9999 -9999 -9999 -9999 -9999
-9999 -9999 -9999 -9999 -9999 -9999 -9999 -9999 -9999 -9999 -9999 -9999 -9999 -9999 -9999 -9999 42.01515 42.23158 41.84 42.06 41.59 41.38 41.69697 41.27 41.17 41.4433 -9999 -9999 -9999 -9999 -9999 -9999 -9999 -9999 -9999 -9999 -9999 -9999 -9999 -9999 -9999 -9999 -9999 41.85938 41.25 -9999 -9999 -9999 -9999 -9999 -9999 -9999 -9999 -9999 -9999 -9999 -9999 -9999 -9999 -9999 -9999 -9999 -9999 -9999 -9999 -9999 -9999 -9999 -9999 -9999 -9999 -9999 -9999 -9999 -9999 -9999 -9999 -9999 -9999 -9999 -9999 -9999
-9999 -9999 -9999 -9999 -9999 -9999 -9999 -9999 -9999 -9999 -9999 -9999 -9999 -9999 41.90741 42.14737 42.16162 41.95 41.8 41.17 41.04 41.11 41.02 40.8 41.47 41.2 41.43158 41.34177 41.21127 41.41818 41.5875 41.70238 41.78947 41.96104 41.96202 42.0303 42 42.01389 42.26136 42.50515 42.66667 42.65476 42.15152 41.97 41.73 40.84415 40.31147 40.76667 40.62712 -9999 -9999 -9999 -9999 -9999 -9999 -9999 -9999 -9999 -9999 -9999 -9999 -9999 -9999 -9999 -9999 -9999 -9999 -9999 -9999 -9999 -9999 -9999 -9999 -9999 -9999 -9999 -9999 -9999 -9999 -9999 -9999 -9999
-9999 -9999 -9999 -9999 -9999 -9999 -9999 -9999 -9999 -9999 -9999 -9999 -9999 -9999 -9999 -9999 41.70707 41.18 40.95 41.08 40.74 40.47 40.53 40.3 40.82 40.97 41.02 40.97 41.05 41.15152 41.1 40.99 41.07 41.48 41.13 41.68 41.87 41.99 41.8 42.21 42.39394 42.82 43.04 42.79 41.95 41.54 41.58 41.33 40.55 40.44 40.25 40.07692 39.78205 39.42373 39.2 -9999 -9999 -9999 -9999 -9999 -9999 -9999 -9999 -9999 -9999 -9999 -9999 36.17808 -9999 36 36 36 36 -9999 -9999 -9999 -9999 -9999 -9999 -9999 -9999 -9999
-9999 -9999 -9999 -9999 -9999 -9999 -9999 -9999 -9999 -9999 -9999 -9999 -9999 -9999 42 41.83333 41.41 40.96 40.9 40.7 41 40.73 40.58 40.3 40.4 40.43 40.58 40.96 40.87 40.58 40.37 40.43 40.78 40.72 40.68 41.26 41.16 41.17 41.83 42.06 42.19 42.49 42.7 43.03 42.49 42.11 41.95 41.49 41.04 40.81 40.33 40.02 39.69 39.82 39.52 39.22 39.09 38.90425 38.71605 38.28767 38.01299 37.89743 37.72222 37.42169 37.0102 36.89 36.81 36.46 36.25 35.97 35.98 35.83 35.55952 35.74 35.73034 35.35185 -9999 -9999 35.18391 35.6 36.54 36.88372
-9999 -9999 -9999 -9999 -9999 -9999 39.14815 39.7625 39.74324 -9999 40.09459 40.3494 40.82 41.48485 41.45 -9999 40.77 40.77 40.25 40.98 40.83 40.75 40.48 40.56 40.21 40.45 40.14 40.54 40.06 40.01 40 40.44 40.51 40.17 40.48 40.91 41.04 41.25 41.18 41.83 41.96 42.34 42.41 42.59 42.53 42.14 41.8 41.44 41.01 40.92 40.56 40.29 40 39.91 39.52 39.09 39.01 38.94 38.58 38.26 38.03 37.97 37.88 37.54 37.3 37.01 36.85 36.48 36.61 36.61 36.37 36.17 35.9 35.99 35.9 35.98 35.42 35.5102 34.76768 35.52 36.07 36.72
-9999 -9999 -9999 -9999 -9999 -9999 39.08219 39.04 39.19 39.46 39.66 39.37 39.69 40.17 40.63 40.49 40.34 40.42 40.74 40.42 40.4 40.48 40.13 40.16 40.1 40.09 39.98 40.01 39.93 39.89 40.04 40.14 39.96 39.8 40.09 40.52 40.77 40.44 40.8 40.71 40.76 41.68 40.56 41.69 42.1 41.49 41.07 40.89 40.8 40.49 39.86 39.86 39.9 39.58 38.45 38.81 38.63 38.65 38.7 38.56 38.16 38.04 37.92 37.71 37.36 37 36.86 36.81 36.56 36.97 37.03 36.58 36.06 36.14 36.15 35.98 35.57 35.63 35.9 35.68 36.14 36.86
-9999 -9999 -9999 -9999 39.07527 38.75 38.73 38.75 38.35 38.81 38.69 38.78 38.96 39.05 39.39 39.92 40.09 40.48 40.16 40.11 40.22 40.06 40.07 40.01 40 39.89 39.64 39.82 39.28 39.68 39.46 39.81 39.59 39.65 39.97 39.99 39.79 39.62 40.25 39.88 40.19 40.05 40.87 40.74 41.24 40.76 40.67 40.43 39.87 39.5 39.78 39.56 39.28 39.46 38.9 38.65 38.62 38.96 38.58 38.44 38.25 38.05 37.94 37.86 37.61 37.14 37.15 36.84 36.78 37.15 37.1 36.99 36.86 36.49 35.97 36.04 35.83 35.97 36.14 36.31 36.51 37.22
-9999 -9999 -9999 38.85567 38.63 38.26 38.34 38.18 38.04 38.17 38.11 38.08 38.35 38.41 38.98 39.72 40.16 40.02 40.05 40.07 40.03 40 39.94 39.81 39.64 39.52 39.05 39.04 39.33 39.41 39.63 39.49 39.23 39.03 39.58 39.32 39.48 38.7 38.73 38.9 38.35 38.93 38.73 40.04 40.35 39.19 39.11 39.22 38.86 38.68 39.25 38.83 38.94 39.05 38.78 38.8 38.18 38.14 38.11 38.06 38.01 37.9 37.99 37.91 37.53 37.09 37.03 37 36.96 36.96 36.67 36.67 36.56 36.65 36.69 36.75 36.46 35.95 36.09 36.85 37.46 37.3
-9999 -9999 -9999 38.83529 38.47475 38.23 38.15 37.99 38 38.01 37.9 37.73 37.77 37.83 38.72 39.87 40.02 40.38 40.06 39.95 40 39.53 39.29 39.48 39.49 39.12 38.98 38.99 38.98 39.1 39.03 38.99 39 38.86 38.79 38.74 38.45 38.73 38.88 38.93 38.86 39.04 39.08 38.92 39.14 39.3 39.18 39.34 38.82 38.92 39.29 39.01 39 39.09 39.03 38.76 38.27 38.1 38.09 38.16 38.14 37.94 37.98 37.93 37.6 37.2 37.01 36.99 36.99 36.91 36.48 36.09 36.22 36.5 36.43 36.59 36.68 36.74 36.73 36.88 37 37.01
-9999 -9999 -9999 -9999 38.5 38.08 38.06 38.02 37.87 37.82 38.08 37.33 37.05 37.91 38.69 39.37 40.04 40.27 40.13 40 39.52 39.34 39.11 39.1 39.05 38.99 38.99 38.82 38.9 38.89 38.82 38.51 38.21 38.16 38.62 38.64 38.64 38.52 38.18 38.4 38.35 38.43 38.87 39.36 38.88 39.25 39.44 39.61 39.02 39.54 39.46 39.05 39.1 38.98 38.99 38.55 38.44 38.35 38.01 38 38 37.87 37.45 37.34 37.08 37 36.98 36.96 36.77 36.4 36.38 36.21 36.08 36.24 36.28 36.55 36.43 36.51 36.81 36.89 36.92 37
-9999 -9999 -9999 -9999 38.35 38.32813 38.04546 38.04396 37.56 37.64 37.68 37.77 37.68 38.13 38.78 39.62 40.07 40.25 39.88 39.67 39.19 39.01 39.05 38.94 38.75 38.99 38.67 38.27 38.35 38.29 38.18 37.9 38.13 38.39 38.72 38.95 38.36 38.07 38.19 38.26 38.83 38.99 39.12 39.39 39.61 39.43 39.83 39.92 39.48 39.45 39.09 39.01 38.99 38.95 39 38.36 38.24 38.07 38 37.96 38 37.78 37.3 37.01 37.04 36.98 36.8 36.85 36.39 36.54 36.53 36.14 36.13 36.01 36 36.11 36.24 36.02 36.15 36.34 36.5 36.92
-9999 -9999 -9999 -9999 -9999 -9999 37.92391 37.92 37.64 37.79 37.57 37.6 37.87 38.15 38.82 39.41 39.75 39.75 39.19 39 39 38.85 38.59 38.41 38.6 38.44 38.11 37.96 37.99 38 38 38.01 38.03 38.09 38.04 38.66 38.73 38.75 38.86 38.93 38.88 38.91 39.06 39.28 39.27 39.19 39.36 39.45 39.33 39.34 39 39 39 38.88 38.67 38.46 38.05 38 38 38 37.53 37.05 37.01 37 36.98 36.82 36.6 36.16 36.08 36.05 36.17 36.03 35.99 36.1 35.99 36.07 36.06 35.96 36 36 36.08 36.12
-9999 -9999 -9999 -9999 -9999 38.33898 37.92553 -9999 -9999 37.29 37.38 37.84 38.08 38.45 38.73 39.02 39.15 38.97 38.92 38.58 38.74 38.6 38.18 38.2 38.19 38.02 37.99 37.95 37.76 37.8 37.92 37.97 38 38 38.1 38.08 38.64 38.78 38.97 38.86 38.95 39 39.02 39.06 39.01 39.03 39.03 39.02 39 39 39 39 39 38.77 38.31 38.09 38 38 37.97 37.74 37.03 37.02 37 36.99 36.84 36.55 36.27 36.34 36 36 36 35.98 35.8 35.96 35.86 35.99 36 35.89 35.97 35.96 36.09 36.5
-9999 -9999 -9999 -9999 -9999 -9999 -9999 38 37.6506 37.09 37.35 37.87 38.07 38.35 38.3 38.73 38.92 38.62 38.34 38.14 38.11 38.31 38.12 38 38 38 38 37.93 37.54 37.62 37.67 37.99 37.98 38 38 38 38.08 38.08 38.02 38.19 38.93 39 39 39 39 39 39 39 39 39 39 38.77 38.69 38.42 38.01 38.03 38.01 38 37.86 37.25 37.04 37 36.97 36.83 36.41 36.01 36 36 35.99 36 35.97 35.73 35.9 35.96 35.71 35.86 35.93 35.6 35.9 35.83 35.99 36
-9999 -9999 -9999 -9999 -9999 -9999 -9999 38.14583 37.82609 37.47191 37.28 37.72 38.54 38.19 38.59 38.68 38.95 38.69 38.34 38.07 38.02 37.97 37.98 37.99 37.99 37.84 37.81 37.83 37.41 37.55 37.7 37.9 37.96 37.9 37.73 37.84 37.73 37.85 38.06 38.15 38.67 38.85 39 39 39 38.98 38.99 39 38.99 38.99 38.63 38.66 38.23 38.05 38 38 37.96 37.76 37.33 37 37 37 36.89 36.3 36.02 36 36 36 35.96 35.76 35.92 35.93 35.76 35.94 36 35.83 35.78 35.53 35.67 35.68 35.89 35.83
-9999 -9999 -9999 -9999 -9999 -9999 -9999 -9999 -9999 38.05882 37.87097 38.33 38.69 38.45 38.42 38.99 38.72 38.17 37.87 37.65 37.61 37.87 37.63 37.46 37.49 37.16 37.09 37.67 37.72 37.31 37.28 37.63 37.26 37.25 37.41 37.1 37.02 37.43 38 38.19 38.06 38.37 38.53 39 38.93 39 38.9 39 38.68 38.85 38.43 38.44 38.09 38 38 38 38 37.88 37.2 37.03 37 37 36.78 36.11 36 36 36 35.91 35.65 35.46 35.53 35.75 35.95 35.96 35.93 35.83 35.99 36 35.85 35.93 35.49 35.66
-9999 -9999 -9999 -9999 -9999 -9999 -9999 -9999 38.32051 38.4697 -9999 38.92 39.03 38.82 38.25 38.85 38.89 38.38 38.3 37.72 37.96 37.95 37.57 37 36.99 36.97 36.66 37.25 37.08 37.09 36.99 36.93 36.75 36.79 37.15 37.41 37.47 37.17 37.53 37.96 38 38.04 38.6 38.89 38.6 39 38.99 38.23 38.46 38.13 38.09 38 38 38 38 37.97 37.82 37.5 37.04 37 37 36.84 36.19 36.01 36 36 35.68 35.32 35.02 35.04 35.43 35.35 35.79 35.93 35.99 36 35.96 35.95 36 35.96 35.67 35.95
-9999 -9999 -9999 -9999 -9999 -9999 -9999 -9999 -9999 38.92308 39.21 39.47 39.84 39.43 39.05 39.23 39.03 38.84 38.41 37.99 37.99 37.76 37.34 36.96 36.52 36.22 36.08 36.64 37.16 37 36.87 36.28 36.02 36.23 36.61 36.73 36.87 37.29 37.65 37.97 38 38.12 38.21 38.48 38.09 38.41 38.15 38.43 38.3 38.31 38.05 38.05 38 38 38 38 37.57 37.17 37 37 36.94 36.54 36.16 36 36 36 35.34 35.18 35.02 35.01 35.15 35.34 35.8 35.98 35.94 35.95 35.97 35.95 35.89 35.96 35.95 36
-9999 -9999 -9999 -9999 -9999 -9999 -9999 -9999 39.9011 39.68 39.88 39.92 40.05 39.8 40.02 39.54 38.78 38.17 37.95 37.87 37.75 37.95 37.51 37.1 36.56 36.2 36.54 36.82 37 36.72 36.52 36.11 36.19 36.79 37 37.04 37.08 37.43 37.97 38 38 38 38 38 38.33 38.2 38.63 38.22 38.14 38 38 38 38 38 38 37.94 37.7 37.06 37 37 36.95 36.68 36.02 36 35.9 35.53 35.07 35 35 35 35.06 35.21 35.08 35.24 35.53 35.46 35.74 35.85 35.8 35.93 35.88 35.99
-9999 -9999 -9999 -9999 -9999 -9999 -9999 40.39682 40.21 40.51 40.45 40.7 40.35 40.37 39.13 37.66 37.17 37.31 37.46 37.76 37.76 37.6 37.77 37.02 37.47 36.85 36.93 36.96 36.83 36.71 36.55 36.37 36.29 36.99 37 37.01 37.21 37.63 37.88 37.99 38 38 38 38 38.02 38 38 38 38 38 38 38 38 37.69 37.66 37.69 37 37 37 37 36.75 36.2 36 36 35.97 35.78 35.1 35 35 35 35 35 35 35 35 35.17 35.45 35.47 35.79 35.34 35.7 35.53
-9999 -9999 -9999 -9999 -9999 -9999 -9999 40.96667 41.39 41.03 40.93 40.07 40.45 39.77 37.52 38.28 38.45 38.72 38.12 36.85 36.55 36.89 36.99 37.37 37.91 37.4 37.02 37.19 36.98 36.9 36.85 36.81 36.52 37.02 37.08 37.06 37.02 37.61 37.68 37.99 38 38 38 38 38 38 38 38 38 38 38 38 38 38 37.8 37.34 37.02 37 37 36.97 36.64 36 36 36 36 35.47 35.11 35 35 35 35 35 35 35.01 35 35.01 35.05 35.23 35.33 35.46 35.53 35.57
-9999 -9999 -9999 -9999 -9999 -9999 -9999 42.06061 41.98864 41.26 41.28 40.41 40.89 40.57 40.03 39.77 39.42 37.77 36.4 36.29 36.08 36.14 37.25 37.63 37.99 37.67 37 37.18 37.18 36.97 36.96 37.03 37 37.06 37.12 37.41 37.56 37.57 37.17 37.37 37.92 37.99 38 38 38 38 38 38 38 38 38 38 38 38 37.82 37.62 37.09 37 37 36.82 36.12 36 36 36 35.25 35.01 35 35 35 35 35 35 35 35 35 35.01 35.05 35.09 35.08 35.64 35.7 35.97
-9999 -9999 -9999 -9999 -9999 -9999 -9999 -9999 41.95 41.37 42.05 41.64 41.38 40.84 40.32 38.67 37.55 36.58 37.5 36.36 36.43 36.47 36.89 37.79 38.39 37.79 37.09 37.4 37.44 37.31 37.08 36.91 37.04 37.52 37.02 37.5 37.75 37.28 37.76 37.93 37.95 38 38 38 37.96 38 38 38 38 38 38 38 37.93 37.56 37.12 37.08 37 37 36.92 36.24 36 36 36 35.51 35.03 35 35 35 34.98 34.41 34.41 34.6 34.98 34.99 35 35 35 35 35.02 35.29 35.31 35.77
-9999 -9999 -9999 -9999 -9999 -9999 -9999 -9999 42.86666 42.77551 42.37 41.91 41.27 41.44 40.72 40.09 39.4 39.29 38.07 36.92 36.61 37.37 38.2 38.65 38.26 37.21 37.68 37.86 37.86 37.32 37 36.63 37 37.07 37.13 37.62 37.31 37 37.1 37.64 37.92 38 38 38 37.62 38 38 37.99 38 38 38 38 37.99 37.8 37.46 37.43 37.01 37 36.63 36.08 36 36 35.74 35.04 35 35 34.99 34.51 34.81 34.39 34.14 34.08 34.08 34.14 34.83 34.69 35 35 35 35 35.01 35.48
-9999 -9999 -9999 -9999 -9999 -9999 -9999 -9999 43.57895 42.99 42.8 42.53 42.37 42 41.7 40.91 40.31 38.11 37.56 37.86 38.67 38.63 38.8 38.78 37.24 38.02 38.03 38.03 38 37.82 37 36.82 37.02 37.06 37.1 37.15 37.02 37 37.26 37.76 37.92 37.82 37.66 37.77 37.54 37.65 37.82 38 37.95 38 38 38 37.76 37.98 37.77 37 37 37 36.69 36.04 36 36 35.2 35 35 34.98 34.91 34.5 34.02 34 34.05 34.17 34.13 34.17 34.11 34.38 34.9 34.97 35 35 35 35.12
-9999 -9999 -9999 -9999 -9999 -9999 -9999 -9999 -9999 43.61 43.33 43.04 42.76 41.86 41.77 41.33 40.1 39.89 39.69 39.37 39.62 38.05 38.19 37.11 37.56 38.34 38.74 38.47 38 37.78 37.2 37.16 37.06 37.23 37.17 37.13 37 37.04 37.25 37.6 37.63 37.49 37.11 37.62 37.1 37.36 37.74 37.95 37.83 38 37.49 37.42 37.06 37.08 37.03 37 37 37 36.41 36 36 35.44 35.03 35 35 34.87 34.37 34.13 34.12 34.06 34.28 34.06 34 34 34.08 34.01 34.23 34.65 34.82 34.92 35 35
-9999 -9999 -9999 -9999 -9999 -9999 -9999 -9999 -9999 44.1 43.83 43.4 42.74 42.56 42.06 41.53 40.65 40.24 40.91 39.74 37.87 37.65 37.54 38.02 38.37 38.16 37.97 38.17 37.95 37.31 36.75 37.27 37.32 37.37 37.22 37.19 37 37.01 37.24 37.44 37.14 37.15 37.35 37 37.17 37.12 37.93 37.77 37.76 37.6 37.01 37.01 37 37 37 37 36.94 36.58 36 36 35.92 35.14 35 35 34.76 34.58 34.01 34.1 34.33 34.04 34.07 34 34 34 34.01 34.46 34.37 34.36 34.77 34.74 34.95 35
-9999 -9999 -9999 -9999 -9999 -9999 -9999 -9999 -9999 44.45454 44.16 43.86 43.26 42.78 42.09 41.85 40.91 40.7 40.91 39.63 36.64 38.9 38.26 38.33 38.63 38.93 38.84 38.17 37.84 37.82 37.36 37.41 37.31 36.99 36.97 37 37 37.04 37.03 37.02 37 37.35 37.12 37.41 37.2 37.69 37.89 37.93 37.95 37.53 37 37 37 37 37 37 36.19 36 35.99 35.8 35.31 35 35 34.93 34.22 34.04 34 34.01 34.07 34 34 34 34 34 34.2 34.54 34.91 34.85 34.97 34.97 35 34.99
-9999 -9999 -9999 -9999 -9999 -9999 -9999 -9999 -9999 44.97468 44.29 43.79 42.76 42.35 42.12 42 41.6 41.49 39.79 38.51 39.95 40.05 38.77 39.47 38.26 38.63 37.65 37.37 37.93 37.94 37.63 37.51 37.05 36.94 36.96 37 37.03 37.01 37 37 37 37 37 37.26 37.51 37.6 37.96 37.78 37.81 37.18 37.12 37.04 37 37 36.98 36.25 36 36 35.86 35.16 35 35 34.93 34.24 34 34 34 34 34 33.99 34 34 34.18 34.42 34.53 34.71 34.67 34.73 34.88 34.74 34.98 35
-9999 -9999 -9999 -9999 -9999 -9999 -9999 -9999 -9999 45 44.68 43.87 43.3 42.74 42.47 41.96 41.95 40.29 39.49 39.03 40.8 40.13 39.51 39.66 39.03 38.3 37.2 37.13 37.98 37.67 37.16 37.2 36.7 37.01 36.79 36.94 37 37 37 37 37 37.01 37 37.14 37.39 37.74 37.8 37.97 37.96 37.93 37.45 37 37 37 36.57 36.04 36 36 35.67 35.01 35 34.75 34.17 34 34 34 34 34 33.76 34 34 34.18 34.8 34.84 34.85 34.53 34.77 34.57 34.32 34.2 34.43 34.86
-9999 -9999 -9999 -9999 -9999 -9999 -9999 -9999 -9999 -9999 44.45161 43.97 43.48 42.77 42.29 42.03 41.49 41.06 40.84 39.93 40.53 39.71 39.35 39.15 38.51 38.3 38.01 37.78 37.96 37.16 36.92 36.95 36.86 36.8 36.44 36.32 36.38 36.44 36.73 36.97 37 37 37 37.23 37.31 37.46 37.97 38 38 37.96 37.18 37 37 36.98 36.19 36 36 35.76 35 35 34.94 34.38 34 34 33.93 33.83 33.98 33.93 33.97 34.08 34.43 34.74 34.6 34.26 34.52 34.18 34.13 34.11 34.05 34.11 34.13 34.35
-9999 -9999 -9999 -9999 -9999 -9999 -9999 -9999 -9999 -9999 44.40476 43.9 43.56 43.01 42.52 41.5 39.68 39.96 37.87 37.82 39.19 38.18 38.27 37.52 36.96 36.95 37.18 37.32 37.77 37.31 36.96 37.03 36.94 36.12 36 36 36.13 36.07 36.41 36.56 37 37 37 37.05 37.31 37.75 37.97 38 38 37.71 37.22 37 37 36.36 36 36 35.95 35.26 35 35 34.65 34.03 34 33.79 33.07 33.28 34 34.47 34.38 34.44 33.84 33.89 34.32 34.1 33.82 33.92 34 34 34 34 34.04 34.3
-9999 -9999 -9999 -9999 -9999 -9999 -9999 -9999 -9999 -9999 44.39535 43.69 42.93 42.38 41.88 41.44 40.34 38.54 37.18 37.22 37.04 36.4 37.16 37.77 36.46 35.76 36.34 37.2 37.12 36.49 36.42 36.51 36.01 36.01 36 36 36 36 36.04 36.39 36.89 36.97 37 37 37.04 37.34 37.91 38 38 37.79 37.04 37 36.87 36.03 36 35.95 35.28 35 35 34.67 34.08 34 33.89 33.16 33.01 33.34 34.6 34.71 34.01 33.6 33.51 33.17 33.56 33.56 33.33 33.42 33.5 33.73 33.87 33.98 34 34.05
-9999 -9999 -9999 -9999 -9999 -9999 -9999 -9999 -9999 -9999 44.82653 43.75 42.95 41.72 39.68 39.32 39.65 40.13 39.6 38.7 37.36 36.81 36.46 36.6 35.86 35.36 36.05 36.87 36.65 35.93 35.57 35.96 35.98 35.82 35.8 35.96 35.88 36 36 36 36.32 36.46 36.95 37 37 37.14 37.16 37.54 37.45 37.17 37 36.99 36.31 36 36 35.82 35.1 35 34.91 34.23 34 34 33.74 33.02 33.29 33.87 35.07 34.03 34.44 34.04 33.21 33.01 32.96 33 33.03 33.06 33.02 33.24 33.8 34 34.09 34.06
-9999 -9999 -9999 -9999 -9999 -9999 -9999 -9999 -9999 -9999 44.79775 44.09 43.26 41.04 41.1 40.23 40.07 40.61 39.93 38.95 37.91 37.38 37.02 36.31 35.92 35.18 35.74 36.19 35.71 35.8 35.27 35.05 35.15 35.24 35.11 35.45 35.14 35.93 36 36 36 36.05 36.41 36.94 36.99 36.96 37 37 37 37 37 36.37 36.01 36 35.97 35.43 35 34.98 34.63 34.03 34 34 33.89 33.97 34.84 34.92 35.22 34.68 33.5 33.04 32.98 32.98 33 33 33 33.01 32.99 33.21 33.91 34 34 34
