layers/wordclim/future/Iberia_wcB2a_10_hadcm3_2050/bio_12.asc
ncols         166
nrows         93
xllcorner     -9.4959440078468
yllcorner     36.000324005443
cellsize      0.083333337679505
NODATA_value  -9999
[rows 33 to 65 of 93, columns 0 to 72 of 166]
-9999 -9999 -9999 -9999 -9999 -9999 -9999 -9999 -9999 -9999 1064.186 1117.32 1146.01 1167.77 1169.88 1184.03 1252.17 1389.06 1455.35 1401.08 1372.97 1347.63 1240.79 1124.9 1158.3 1156.96 1031.36 889.37 811.26 823.93 786.85 728 735.81 710.72 679.23 641.56 616.46 595.81 559.24 524.49 501.31 473.94 437.62 412.61 393.63 379.42 374 362.21 353.8 355.03 352.24 349.24 347.87 346.96 344.21 346.46 346.14 348.55 355.1 363.7 373.73 382.55 392.18 407.69 438.86 460.53 550.26 609.15 526.33 477.29 461.44 454.74 475.36
-9999 -9999 -9999 -9999 -9999 -9999 -9999 -9999 -9999 -9999 1033.969 1082.33 1132.6 1214.35 1370.02 1364.43 1326.05 1216.55 1227.66 1252.03 1299.55 1300.11 1268.6 1188.26 1172.81 1150.08 1034.01 899.62 847.2 859.17 847.1 785.01 731.84 725.22 699.02 662.32 623 591.86 554.92 523.9 501.3 477.12 450.7 432.71 416.64 403.23 395.54 382.04 365.22 360.92 360.82 357.27 361.08 357.53 351.49 347.94 344.42 345.43 349.58 361.09 373.19 383.55 396.42 414.97 447.43 482.54 612.11 505.38 542.86 518.39 468.25 441.06 423.68
-9999 -9999 -9999 -9999 -9999 -9999 -9999 -9999 -9999 -9999 1005.786 1032.73 1090.59 1266.92 1206.43 1265.32 1241.61 1124.67 1148.82 1197.75 1227.05 1217.23 1188.28 1173.73 1138.1 1135.53 1018.8 921.02 893.91 837.44 839.33 819.66 763.46 719.44 705.01 678.11 640.76 596.94 568.82 536.43 510.56 493.98 473.14 459.61 446.89 438.94 421.81 389.4 381.47 372.85 367.69 368.66 372.73 375.14 368.24 353.8 355.96 348.1 352.08 360.71 374.33 388.99 406.88 448.39 549.17 562.03 622.01 576.75 487.95 448.6 438.15 418.25 419.59
-9999 -9999 -9999 -9999 -9999 -9999 -9999 -9999 -9999 990.7027 984.6087 1006.52 1033.86 1075.62 1189.77 1161.18 1196.31 1138.16 1177.25 1180.93 1135.04 1112.9 1095.35 1100.16 1077.43 1022.08 974.11 950.34 941.5 894.47 848.34 837.79 785.36 738.33 696.62 689.12 652.74 605.55 581.6 559.76 533.3 507.7 499.38 494.06 479.05 440.3 411.7 401.62 396.23 391.86 390.92 395.32 413.67 405.07 408.36 404.13 393.1 368.24 366.9 370.37 420.77 424.92 463.02 484.29 473.16 448.1 454.16 443.66 442.44 454.18 428.67 410.96 419.38
-9999 -9999 -9999 -9999 -9999 -9999 -9999 -9999 -9999 972.3243 979.701 976.24 986.07 1047.89 1138.09 1263.55 1303.72 1133.5 1097.8 1083.91 1078.75 1095.69 1108.85 1052.19 988.88 986.57 981.08 1061.88 993.51 926.11 891.96 849.88 804.98 738.33 687.37 656.58 641.96 630.64 610.34 593.08 577.56 565.12 525.07 488.63 467.49 446.86 430.91 422.55 422.52 431.62 443.97 446.95 472.35 464.92 445.21 416.3 382.57 371.24 381.97 405.26 434.51 463.28 462.3 495.1 438.79 415.93 439.92 442.01 426.42 425.7 418.37 413.06 421.59
-9999 -9999 -9999 -9999 -9999 -9999 -9999 -9999 -9999 958.44 970.41 959.34 958.5 997.27 1136.24 1287.95 1064.79 1046.45 1032.94 1058.05 1040.52 1034.3 1013.46 1047.9 1225.7 1233.58 1121.52 1075.82 1013.59 950.61 891.93 875.36 808.41 741.46 702.77 664.86 641.8 669.56 676.67 706.69 613.26 571.79 512.99 480.77 482.24 472.35 445.19 447.07 458.14 451.94 447.85 480.76 539.16 465.16 425.53 425.9 441 436.18 414.03 375.57 388.09 380.53 396.16 424.55 405.82 408.98 410.01 416.3 417.5 428.18 424.24 420.78 423.94
-9999 -9999 -9999 -9999 -9999 -9999 -9999 -9999 935.1774 947.31 954.67 960.18 944.54 1005.37 1072.22 1049.85 1018.7 997.74 1008.76 1008.35 1032.71 1054.59 1256.73 1498.34 1346.83 1195.67 1060.86 1077.93 1001.41 933.14 903.34 886.93 803.23 758.32 748.9 709.33 673.14 672.48 649.79 620.12 585.61 483.04 464.95 477.71 465.79 492.05 480.05 454.31 445.69 464.19 537.89 594.87 588.96 555.98 560.94 510.51 429.53 386.44 361.75 362.46 356.89 356.21 374.81 385.67 385.22 389.24 396.45 418.71 420.23 427.46 430.06 420.48 417.63
-9999 -9999 -9999 -9999 -9999 -9999 -9999 -9999 920.022 931.36 940.25 954.15 939.85 1009.53 1004.79 955.91 967.71 978.32 1000.91 1043.89 1069.38 1288.61 1673.6 1508.65 1135.38 981.27 942.69 1006.65 1007.21 955.73 943.88 902.6 855.24 807.17 765.11 733.48 760.86 687.67 636.34 532.62 481.36 472.66 494.44 490.19 538.53 664.73 602.4 482.38 492.57 581.73 603.04 590.11 578.27 503.42 486.56 439.46 419.07 438.18 447.04 411.09 355.98 354.65 360.46 364.13 364.91 383.53 394.51 415.76 425.06 416.31 424.09 420.74 416.35
-9999 -9999 -9999 -9999 -9999 -9999 -9999 -9999 909.83 920.66 933.83 926.56 921.72 992.15 986.76 941.69 965.16 979.79 1000.2 1073.49 1123.41 1233.76 1510.96 1437.36 999.85 921.35 932.93 931.34 965.53 998.39 980.7 977.57 892.12 828.51 818.71 727.96 664.41 592.24 546.99 505.51 465.42 474.92 479.99 497.16 676.38 766.48 599.01 550.16 601.29 651.89 717.29 655.41 585.64 469.75 487.51 482.1 388.3 339.54 353.28 362.81 363.39 360.23 352.76 350.33 367.09 383.81 390.3 408.14 417.62 412.56 411.78 407.7 417.44
-9999 -9999 -9999 -9999 -9999 -9999 -9999 899.8904 894.61 879.72 884.31 883.68 896.84 952.45 954.02 970.29 967.55 1015.41 1141.25 1274.86 1320.96 1117.03 1039.76 988.11 946.48 937 890.18 876.68 883.46 887.72 794.95 746.93 849.25 722.06 648.72 600.37 563.21 565.35 510.87 479.01 456.29 439 513.29 633.84 533.98 605.5 756.42 720.11 684.69 486.82 549.93 490.32 389.67 348.3 365.31 326.23 332.66 341.12 354.06 362.25 347.29 338.86 343.45 358.04 374.11 380.65 383.86 403.83 406.53 409.93 407.49 405.3 410.84
-9999 -9999 -9999 -9999 -9999 -9999 -9999 -9999 852.2273 861.35 866.71 870.3 922.8 937.42 926.18 1038.31 1121.3 1165.53 1166.87 1221 1158.64 1030.48 1041.36 1037.31 983.54 913.68 834.51 819.3 807.26 761.01 712.21 695.35 688.17 631.59 575.93 559.58 555.27 539.96 498.37 475.95 459.02 469.2 528.62 509.94 563.18 477.13 451.28 430.12 392.96 348.19 342.45 337.46 337.64 341.22 340.62 342.59 364.05 376.86 341.39 336.17 335.09 342.48 353.9 363.44 371.47 372.64 385.41 391.25 394.36 407.68 395.81 399.25 413.32
-9999 -9999 -9999 -9999 -9999 -9999 -9999 830.92 849.22 845.97 842.14 915.72 952.16 945.34 1110.77 1211.36 1138.48 1076.83 1078.57 1040.16 990.42 1095.21 1006.16 1044.83 898.76 834.17 816.85 785.83 786.78 780.26 741.3 660.91 622.52 578.14 557.8 551.38 530.89 502 473.47 456.01 457.1 462.05 458.97 454.78 440.48 393.54 375.15 356.35 349.35 344.91 340.67 340.93 340.79 338.85 339.84 346.92 341.64 333.69 332.61 336.56 340.82 347.76 357.14 362.24 363.8 365.26 378.94 377.55 389.48 389.27 385.89 395.48 399.45
-9999 -9999 -9999 -9999 -9999 -9999 -9999 815.66 840.56 838.86 845.36 942.77 931.15 953.45 1051.63 1031.15 985.17 1006.81 1073.8 1074.64 1070.15 1004.43 874.77 876.2 854.57 807.31 784.08 749.65 738.38 717.07 677.02 639.42 634.69 585.53 559.3 535.29 511.04 486.24 471.03 475.34 474.53 452.71 421.14 399.82 386.71 375.93 369.03 362.44 355.71 351.23 347.75 345.4 344.11 344.33 346.65 339.47 338.19 337.27 338.54 346.4 354.8 357.61 356.98 355.13 356.5 365.39 368.68 367.95 374.45 384.13 400.89 414.22 421.95
-9999 -9999 -9999 -9999 -9999 -9999 779.3333 782.47 822.33 842.06 843.1 897.59 891.91 934.81 939.37 927.06 974.9 1038.56 1074.91 1131.38 986.88 877.26 830.02 834.37 828.06 785.74 714.05 701.74 687.39 691.1 662.28 629.62 602.86 588.66 559.15 538.31 523.72 505.28 505.81 507.72 473.5 444.37 415.85 399.44 391.33 382.91 379.47 381.39 366.34 360.55 361.04 363.95 353.55 352.01 346.58 350.14 358.2 353.23 348.07 343.95 347.78 351.88 354.02 352.83 361.16 366.08 366.25 370.56 378.25 384.88 399.12 411.28 416.06
-9999 -9999 -9999 -9999 -9999 -9999 770.0816 770.68 795.72 837.96 877.65 874.41 850.21 898.93 883.63 889.42 896.17 932.92 1000.28 1007.29 888.28 837.55 825.63 823.32 770.58 711.94 703.52 684.79 691.71 664.25 642.3 624.28 598.01 570.1 547.36 541.33 529.6 524.18 495.74 470.19 455.7 436.17 432.03 420.15 411.07 392.87 396.21 397.94 378.46 377.72 374.77 371.44 358.93 363.74 361.55 363.39 370.89 369.55 365.3 366.98 366.01 355.47 365.94 378.39 381.68 390.24 395.91 392.98 391.03 392.71 393.11 397.38 406.16
-9999 -9999 -9999 -9999 -9999 752 770.83 778.96 782.42 833.7 845.48 821.69 806.37 836.52 877.99 848.91 885.95 884.46 897.69 857.32 806.4 807.9 777.3 750.18 742.47 742.21 719.33 685.18 683.12 656.43 619.01 601.98 603.43 590.1 565.86 529.09 496.69 492.75 488.04 484.16 469.37 453.35 450.64 446.78 451.54 450.67 438.11 423.17 421.1 420.13 408.12 392.6 391.51 390.67 406.57 396.83 394.6 392.98 396.54 389.1 389.4 384.03 391.3 401.64 396.02 406.22 406.54 406.23 405.04 406.82 402.47 403.31 402.7
-9999 -9999 -9999 -9999 -9999 729.7927 733.26 773.01 817.82 895.21 835.25 807.38 786.7 779.84 820.59 814.8 848.3 874.35 863.16 808.53 774.02 753.18 731.93 744.15 743.07 722.6 694.01 700.57 661.83 638.91 630.6 615.7 605.56 595.38 581.6 543.96 514.91 494.68 483.86 474.35 465.43 452.34 449.75 446.07 446.21 447.78 452.28 458.93 455.58 477.78 445.75 444.36 417.14 408.07 445.63 438.34 443.26 435.78 436.66 428.27 426.75 407.22 407.51 417.97 422.75 417.95 420.19 416.61 409.65 410.3 404.65 407.99 407.3
-9999 -9999 -9999 -9999 -9999 711.7273 731.37 843.53 886.42 871.57 856.9 756.06 744.84 744.96 778.89 791.91 791.08 793.94 786 778.47 750.34 765.45 753.67 760.28 730.65 726.77 713.61 719.33 696.3 646.6 607.31 599.85 590.93 571.75 559.93 546.5 527.49 492.65 487.24 472.81 459.88 458.15 456.3 458.15 459.36 462.37 457.53 456.55 508.88 504.04 506.85 457.28 450.85 426.18 427.04 447.5 449.88 447.57 482.55 438.81 470.43 455.5 449.4 442.92 444.44 440.89 431.01 411.93 408.06 407.22 406.67 406.73 406.4
-9999 -9999 -9999 663.0714 669.11 705.08 761.62 817.71 801.51 751.53 731.02 715.65 710.2 727.28 724.16 717.12 722.11 717.96 747.16 752.98 766.75 762.09 761.09 764.37 776.58 748.59 727.73 709.14 707.33 669.75 619.94 593.58 571.41 549.51 541.11 530.76 521.66 517.61 498.86 487.17 470.82 465.41 464.71 471.63 475.27 516.6 488.72 479.51 514.48 535.71 466.91 441.93 430.25 430.79 412.43 414.35 412.77 420.57 433.17 424.67 434.94 427 420.32 414.63 452.83 474.82 457.57 433.25 418.91 419.29 410.36 407.92 405.79
-9999 -9999 638.8594 647.593 673.34 699.65 735.98 709.04 711.69 718.16 697.91 687.72 700.84 740.44 737.27 731.41 723.19 741.01 748.07 739.65 734.27 738.65 747.34 756.79 813.07 841.41 796.76 751.26 705.87 671.9 647.35 621.66 580.42 580.71 555.98 528.02 513.61 506.2 499.56 495.25 485.56 482.71 483.08 480.1 476.55 507.18 512.52 497.36 477.81 467.62 453.93 426.59 431.01 416.73 413.63 408.68 413.37 420.51 428.96 443.83 450.66 452.94 425.55 433.85 442.59 440.63 453.02 437.08 423.49 430.14 439.27 417.78 404.64
-9999 -9999 655.79 669.93 679.96 693.95 698.59 685.15 691.92 688.49 672.16 672.8 704.51 714.59 723.1 727.76 722.51 711.52 708.38 711.15 696.56 704.2 703.84 714.17 752.13 840.58 816.17 713.74 646.88 636.12 614.66 580.77 557.5 561.73 540.3 533.15 532.05 505.76 506.61 510.6 500.29 493.39 493.14 475.71 456.26 463.15 446.18 446.83 441.95 457.12 450.58 429.03 425.47 419.93 444.45 430.79 427.06 435.71 429.21 432.49 431.27 417.14 410.61 422.05 443.87 438.28 425.47 427.87 441.36 436.15 452.87 416.49 401.86
-9999 -9999 661.82 675.46 689.39 750.41 688.05 684.85 680.73 665.64 660.71 681.15 688.76 692.49 698.94 704.28 693.02 679.4 691.3 687.03 669.85 677.39 696.77 693.25 687.76 702.08 706.12 674.74 623.23 599.12 601.28 557.57 545.85 542.13 536.71 535.57 529.13 519.51 514.85 510.6 533.73 505.52 467.58 462.64 453.24 452.4 445.16 445.6 439.31 442.56 448.27 443.22 434.85 434.51 445.86 461.65 448.98 441.35 432.93 440.01 454.38 434.11 412.6 411.13 434.33 431.98 417.47 404.45 404.03 420.13 409.48 396.83 397.79
-9999 673.8594 674.88 693.68 729.53 703.27 673.27 678.54 659.51 651.5158 658.68 667.77 676.64 682.99 683.19 680.3 662.36 670.07 670.64 657.58 653.75 654.48 660.07 674.78 667.36 657.58 634.28 625.27 595.69 566.71 561.17 535.78 536.48 527.06 524.91 519.16 506.17 501.51 509.36 499.02 489.16 466.05 462.22 455.46 449.99 451.88 448.09 445.24 443.76 445.97 450.97 448.12 456.78 460.61 457.75 465.36 476.22 454.25 447.16 460.04 463.82 449.86 437.2 423.77 430.5 429.04 408.37 397.48 396.35 395.84 399.09 399.76 400.7
-9999 703.26 706.57 729.84 745.06 719.11 660.5638 652.4889 644.5287 647.77 657.36 658.48 661.48 657.13 650.82 650.33 648.38 650.49 649.67 647.66 640.42 640.57 636.59 629.64 631.47 628.48 609.16 586.12 579.6 558.41 525.35 517.42 506.38 502.27 503.76 497.48 491.85 486.65 491.93 495.45 484.12 464.84 461.83 458.93 457.51 456.65 457.26 470.55 473.15 455.96 461.02 466.18 459.84 464.65 466.27 471.71 479.62 479.01 464.49 452.58 445.63 463.5 451.38 427.48 434.4 414.3 402.93 398.86 399.69 401.05 402.7 404.05 403.3
-9999 750.9592 776.39 775.55 778.7 721.4124 658.1266 645.34 641.14 643.23 642.06 636.16 627.7 631.33 633.15 632.51 628.86 622.52 623.58 642.29 642.97 644.79 638.67 630.34 624.42 623.4 624.34 602.8 554.25 530.37 511.12 502.3 493.12 490.51 490.81 489.39 484.35 481.8 488.3 488.17 469.43 467.3 468.03 469.37 472.22 471.35 472.36 472.52 474.43 480.13 478.37 469.04 480.37 506.77 487.51 490.93 485.85 476.31 469.53 477.48 458.64 453.88 452.87 439.09 438.14 421.97 413.46 406.8 404.81 408.33 410.32 411.02 411.07
-9999 788.07 805.46 785.06 723.78 688.3 651.7901 644.16 641.14 639.67 642.51 637.4 632.98 636.09 624.75 624.83 624.91 624.59 621.58 625.7 625.5 630.02 656.41 656.76 633.76 612.88 628.24 597.89 539.08 510.63 502.48 498.55 493.64 488.2 488.03 486.53 487.27 491.26 487.07 480.64 483.06 485.12 483.08 492.54 495.04 495.88 497.48 484.99 489.88 492.93 495.62 488.99 483.08 497.92 484.1 488.54 495.01 495.21 501.54 497.94 476.12 465.84 471.89 457.93 441.5 433.85 424.83 419.41 423.31 424.69 424.4 436.6 428.52
801.0864 814.75 813.63 767.21 700.9255 -9999 -9999 643.18 639.04 634.58 629.38 630.75 629.15 631.65 628.93 629.67 634.91 633.47 625.3 628.46 622.86 624.95 623.61 648.34 648.58 594.71 569.3 544.6 523.06 514.92 511.21 509.02 502.29 502.74 500.63 500.24 508.05 508.6 495.99 506.35 511.24 516.61 518.99 514.16 534.77 514.91 516.31 504.34 512.68 517.36 522.93 519.89 514.16 491.23 505.53 503.28 498.58 491.08 505.44 499.32 500.83 485.79 475.7 473.06 468.07 459.56 467.3 450.49 435.52 431.9 431.66 433.21 432.06
759.14 766.8732 756.6216 731.7143 692.8222 651.2083 645.7416 634.32 630.63 631.18 630.05 626.15 622.85 620.15 628.11 637.35 646.05 644.62 631.52 623.6 621.17 611.25 630.3 622.52 595.15 586.56 539.19 528.39 531.99 524.65 524.01 520.27 513.31 512.2 512.78 510.17 517.47 523.47 514.3 505.7 521.19 538.46 544.23 533.47 533.67 534.99 530.07 539.02 541.77 553.8 545.69 537.72 520.36 511.22 510.69 501.87 500.35 505.67 504.98 504.06 511.32 516.48 504.29 490.02 481.29 484.02 492.55 477.18 446.33 446.31 450.01 441.51 440.19
-9999 -9999 -9999 701.4459 673.2857 654.8929 646.47 634.82 623.58 617.65 615.8 614.52 613.81 627.38 637.83 637.54 642.43 640.69 627.13 602.76 594.87 584.91 582.28 586.46 569.35 545.87 536.72 526.82 536.51 545.3 551.86 545.23 531.58 529.4 530.22 526.51 531.29 537.14 536.06 525.47 540.44 549.31 560.95 563.98 548.98 565.4 562.75 575.3 564.47 550.96 542.07 536.22 532.41 531.83 545.25 523.58 528.42 539.69 530.6 529.52 527.21 527.73 523.33 510.1 507.31 498.11 480.97 469.41 481.96 456.13 464.68 457.36 452.11
-9999 -9999 -9999 -9999 676.99 664.39 663.1717 629.6824 608.8681 603.4066 610.16 598.92 597.15 617.23 618.12 618 628.43 614.71 595.73 588.5 578.37 568.62 569 573.61 567.13 542.98 524.79 531.15 535.46 554.18 562.31 575.5 596.35 576.8 588.42 549.77 548.85 562.94 560.26 550.99 541.06 578.82 576.97 573.87 565.36 590.39 601.32 586.52 578.47 560.8 563.45 565.66 565.05 557.52 554.76 546.3 539.83 537.16 545.39 569.13 574.66 552.72 537.4 525.35 499.23 497.03 499.12 485.97 475.29 479.2 475.19 473.88 472.57
-9999 -9999 -9999 -9999 689.9506 687.3286 -9999 609.7647 -9999 592.3718 589.73 587.95 586.18 581.01 587.94 592.18 583.95 579.6 576.73 575.47 564.56 552.9 559.46 555.67 547.85 530.45 519.08 527.28 533.79 543.56 560.69 584.3 624.06 629.12 623.67 594.3 564.47 588.84 585.19 575.35 560.11 567.89 579.85 592.92 591.17 602.65 600.65 592.7 595.71 598.93 588.91 590.58 587.2 577.11 578.74 577.38 571.95 564.73 555.42 550.62 560.18 586.71 576.26 564.72 549.76 512.34 489.57 509.06 523.34 532.96 529.41 488.83 479.32
-9999 -9999 -9999 -9999 -9999 -9999 -9999 -9999 593.4643 591.4898 583.8947 572.68 569.51 573.23 565.87 584.78 577.3 569.99 573.61 585.18 568.12 557.56 545.2 539.38 528.17 515.06 521.16 524.07 530.27 548.59 555.66 586.89 605.83 556.52 571.91 578.2 594.9 596.89 601.42 605.74 593.93 589.86 604.6 595.77 604.8 605.74 604.9 611.39 615.33 612.43 613.64 619.34 614.52 606.96 604.26 603.43 599.39 590.23 588.5 580.14 564.87 560.46 547.84 556.48 550.69 542.97 496.24 516.97 508.73 507.05 515.96 494.91 482.12
-9999 -9999 -9999 -9999 -9999 -9999 -9999 -9999 -9999 587.09 586.38 577.72 563.11 556.74 547.14 556.3 559.79 566.73 567.81 561.47 569.05 577.35 555.24 533.31 522.08 512.7 517.48 517.51 526.59 533.73 550.37 564.34 552.84 548.24 559.95 565.36 583.72 600.1 613.37 621.55 624.62 620.47 620.26 619.52 618.69 621.98 616.53 626.49 628.63 619.56 619.18 619.55 634.99 643.84 622.62 614.24 617.94 609.28 605.99 598.82 596.76 586.76 574.63 543.82 553.04 536.08 507.7 504.35 497.57 481.54 473.69 464.66 441.51
