layers/wordclim/future/Iberia_wcB2a_10_hadcm3_2050/bio_05.asc
ncols         166
nrows         93
xllcorner     -9.4959440078468
yllcorner     36.000324005443
cellsize      0.083333337679505
NODATA_value  -9999
[rows 0 to 32 of 93, columns 0 to 72 of 166]
-9999 -9999 -9999 -9999 -9999 -9999 -9999 -9999 -9999 -9999 -9999 -9999 -9999 -9999 -9999 -9999 -9999 237.8781 232.9028 241.1492 243.3485 242.8409 245.6377 247.8182 -9999 -9999 -9999 -9999 -9999 -9999 -9999 -9999 -9999 -9999 -9999 -9999 -9999 -9999 -9999 -9999 -9999 -9999 -9999 -9999 -9999 -9999 -9999 -9999 -9999 -9999 -9999 -9999 -9999 -9999 -9999 -9999 -9999 -9999 -9999 -9999 -9999 -9999 -9999 -9999 -9999 -9999 -9999 -9999 -9999 -9999 -9999 -9999 -9999
-9999 -9999 -9999 -9999 -9999 -9999 -9999 -9999 -9999 -9999 -9999 -9999 -9999 -9999 -9999 -9999 239.1364 239.0105 238.75 242.72 239.35 240.3 246.3939 242.41 245.06 250.3402 -9999 -9999 -9999 -9999 -9999 -9999 -9999 -9999 -9999 -9999 -9999 -9999 -9999 -9999 -9999 -9999 -9999 250.875 249.2885 -9999 -9999 -9999 -9999 -9999 -9999 -9999 -9999 -9999 -9999 -9999 -9999 -9999 -9999 -9999 -9999 -9999 -9999 -9999 -9999 -9999 -9999 -9999 -9999 -9999 -9999 -9999 -9999
-9999 -9999 -9999 -9999 -9999 -9999 -9999 -9999 -9999 -9999 -9999 -9999 -9999 -9999 237.8889 240 240.2626 241.43 240.79 238.88 236.91 238.62 242.99 239.27 250.04 255.73 256.779 257.1266 258.9296 262.0909 261.65 262.4286 261.1053 263.5065 259.6709 261.5303 261.4658 259 257.0341 257.5464 257.5256 256.631 256.7172 254.96 252.38 251.3247 249.623 249.5 249.678 -9999 -9999 -9999 -9999 -9999 -9999 -9999 -9999 -9999 -9999 -9999 -9999 -9999 -9999 -9999 -9999 -9999 -9999 -9999 -9999 -9999 -9999 -9999 -9999
-9999 -9999 -9999 -9999 -9999 -9999 -9999 -9999 -9999 -9999 -9999 -9999 -9999 -9999 -9999 -9999 241 238.45 238.75 241.5 240.29 236.74 235.12 236.58 244.47 253.99 258.36 254.98 261.87 262.2525 257.48 256.4 256.05 261.4 254.3 259.14 261.21 258.47 255.31 260.73 262.6465 259.68 258.13 258.02 257.59 255.8 254 253.21 254.63 254.13 253.65 254.2949 256.9872 258.1695 257.78 -9999 -9999 -9999 -9999 -9999 -9999 -9999 -9999 -9999 -9999 -9999 -9999 248.8356 -9999 248.1429 245.4583 246.977 246.6956
-9999 -9999 -9999 -9999 -9999 -9999 -9999 -9999 -9999 -9999 -9999 -9999 -9999 -9999 241.8209 245.2708 243.32 241.76 241.52 241.18 243.59 244.49 244.89 243.14 246.56 249.06 253.96 259.11 260.22 253.62 247.6 253.72 259.13 257.93 255.2 262.13 258.4 255.1 261.44 265.02 266.24 267.03 265.96 263.48 262.49 261.82 260.43 259.7 259.09 258.92 258.66 260.77 261.89 258.27 257.5 255.88 252.37 255.9362 258.2469 260.4247 260.4805 260.1795 258.2083 255.494 254.8469 255.58 252.17 250.99 249.4375 250.25 247.78 248.44 250.5357
-9999 -9999 -9999 -9999 -9999 -9999 235.1481 236.825 237.0811 -9999 239.2162 240.6385 240.73 242.697 245.62 -9999 246.8 244.34 241.43 243.45 247.16 248.99 251.05 253.38 253.18 254.61 256.11 261.09 253.78 251.75 254.75 263.14 259.94 252.26 253.71 263.38 266.48 265.92 263.26 266.13 264.61 264.65 267.3 268.67 267.72 266.34 265.54 261.95 260.61 261.89 257.99 260.4 261.85 256.23 251.74 252.33 256.35 252.77 258.35 256.62 259.52 257.36 256.46 256.58 254.03 255.49 254.43 253.25 249.39 246.49 247.35 248.48 251.54
-9999 -9999 -9999 -9999 -9999 -9999 235.3288 236.93 238.16 240.65 240.87 240.32 242.86 245.58 248.09 249.88 247.02 246.56 244.62 247.61 248.69 253.34 255.32 257.88 259.71 258.72 257.39 260.29 258.39 256.6 262.57 266.82 258.07 252.09 263.14 267.26 266.41 258.19 261.32 259.95 259.92 267.88 254.42 266.72 272.61 268.19 266.96 266.93 265.02 263.55 252.73 257.56 259.32 248.19 225.27 236.52 230.48 234.01 255.81 250.54 254.16 256.67 257.2 253.6 255.53 257.68 254.7 253.9 252.92 245.58 239.07 247.26 252.42
-9999 -9999 -9999 -9999 234.6774 233.38 235.75 235.35 237.35 239.6 241.81 244.77 248.29 248.68 250.52 248.51 247.05 247.38 247.55 251.1 251.99 255.07 258.88 261.04 261.03 260.23 258.3 262.34 255.44 259.77 259.27 265.95 261.02 257.6 264.55 267.95 258.97 249.49 261.98 253.93 260.05 256.43 266.93 267.98 273.38 266.47 267.29 267.51 258.62 252.4 256.25 251.93 246.43 253.7 241.07 234.44 240.9 257.94 263.28 258.86 243.37 250.69 253.3 253.2 253.73 259.21 253.21 256.57 253.81 243.19 240.5 243.97 247.14
-9999 -9999 -9999 233.5979 233.3 232.18 234.14 235.55 238.76 241.01 245.64 249.38 253.55 255.46 254.68 254.26 251.57 249.94 247.14 250.22 255.6 256.6 260.99 262.99 261.72 262.28 259.69 259.16 265.52 265.04 271.96 271.91 260.97 254.95 265.34 255.39 256.44 239.38 238.21 243.75 233.74 246.01 239.5 263.66 272.35 249.53 246.75 253.34 246.08 242.48 253.19 245.87 252.98 255.73 245.51 245.78 234.04 236.36 245.29 252.77 247.96 235.39 242.96 253.14 254.75 256.17 254.88 255.16 252.98 253.02 256 256.41 256.52
-9999 -9999 -9999 234.6 231.3737 232.69 234.28 238.01 241.09 245.21 249.26 254.38 257.73 259.61 258.51 255.82 255.58 250.84 251.41 251.86 256.11 257.32 260.97 266.17 268.98 269.28 264.32 265.42 265.84 274.76 273.63 266.83 266.8 258.79 257.57 251.73 245.92 254.98 255.38 256.23 251.5 258.5 256.79 251.58 258.6 260.9 256.17 260.78 253.6 258.86 267.52 260.26 259.42 260.39 262.13 253.03 240.28 237.54 242.8 252.61 256.72 240.69 247.13 259.6 261.21 261.03 261.88 260.78 260.26 260.56 263.31 265.8 264.57
-9999 -9999 -9999 -9999 234.9828 232.36 235.37 240.16 242.18 248.09 251.72 255.91 260.73 261.76 261.86 260.67 260.64 259.28 258.55 257.49 257.59 262.61 267.53 270.69 274.05 273.41 270.43 266.23 273.49 275.73 266.97 256.2 247.78 249.92 259.8 259 261.19 257.2 247.14 253.4 249.85 250 261.7 271.09 259.22 269.97 271.94 273.37 267.2 274.66 275.22 267.3 270.9 264.56 267.92 258.5 256.66 255.76 257 265.36 267.7 266.4 266.46 267.49 266.55 267.06 265.51 268.51 266.96 268.5 267.04 268.61 271.09
-9999 -9999 -9999 -9999 237.375 237.2813 241.0152 243.5824 241.47 247.44 252.78 255.89 260.07 263.05 263.67 258.87 259.29 256.78 256.25 260.71 260.47 263.36 271.3 269.1 271.6 278.37 268.3 266.69 271.16 270.09 267.04 248.04 260.88 270.3 279.84 277.76 265.99 254.24 253.92 257.12 266.35 274.82 281.34 282.78 284.37 280.95 288.08 288.88 285.48 287.4 285.1 282.61 282.47 278.14 279.7 274.49 270.33 274.88 273.89 272.84 274.42 274.64 276.01 275.93 272.7 274.8 274.05 271.17 273.05 271.19 269.32 273.01 273.42
-9999 -9999 -9999 -9999 -9999 -9999 234.6522 240.95 243.64 248.46 251.41 255.03 258.87 256.79 260.2 258.57 255.51 257.74 256.4 256.28 264.47 271.99 267.83 268.59 274.26 274.17 267.27 258.46 257.76 263.77 271.65 265.57 279.14 287.81 288 289.97 282.28 280.45 282.62 280.57 277.01 279.75 286.16 292.51 294.55 294.03 299.02 299.97 296.07 297.87 292.81 293.64 290.51 290.42 286.95 283.25 283.11 282.62 283.32 280.93 283.93 282.52 282.42 279.54 278.13 277.81 277.94 277.93 278.59 276.08 272.61 276.76 283.91
-9999 -9999 -9999 -9999 -9999 238.9322 237.5319 -9999 -9999 246.94 250.17 252.33 254.18 250.86 247.46 258.51 259.38 256.94 255.84 256.38 268.56 275.15 274.05 277.71 285.09 278.72 268.34 270.49 266.67 261.58 274.82 283.84 291.71 298.59 300.74 299.38 299.98 298.93 293.3 287.13 292.4 296.54 298.04 301.4 303.22 303.99 310.02 308.72 307.48 305.31 301.86 302.39 297.43 298.37 294.31 291.43 291.23 290.65 292.09 289.79 291.12 291.87 289.91 286.09 286.02 283.89 283.22 281.9 282.04 280.13 280.95 286.07 290.64
-9999 -9999 -9999 -9999 -9999 -9999 -9999 245 244.9398 246.9 249.26 251.34 252.98 253.49 250.24 252.81 257.73 256.02 256.03 263.24 269.73 277.57 279.91 288.91 290.21 287.59 281.35 279.39 270.01 270.12 279.26 294.47 302.26 307.21 306 303.16 291.58 284.62 283.68 288.32 297.88 303.37 305.48 309.23 311.17 313.38 315.27 315.47 314.06 312.47 310.08 307.26 305.09 305.73 302.41 299.47 300.04 297.88 298.39 298.32 296.72 298.43 297.79 296.31 294.93 294.58 292.05 287.85 288.77 288.11 290.42 292.06 289.57
-9999 -9999 -9999 -9999 -9999 -9999 -9999 243.1667 243.1087 243.7079 248.6 252.1 251.36 245.05 252.67 261.15 267.15 269.98 272.72 274.59 277.49 280.92 286.34 289.35 286.01 287.03 290.15 291.79 279.24 286.61 292.92 300.08 304.3 295.49 283.15 287.14 276.94 275.65 289.75 299.45 305.87 310.3 310.7 314.97 316.37 318.28 319.23 320.62 319.29 316.91 315 312.36 312.24 312.25 308.8 306.84 307.11 307.07 305.92 306.04 305.57 304.54 304.17 303.46 302.28 300.84 297.82 295.66 295.79 296.42 294.62 293.19 294.41
-9999 -9999 -9999 -9999 -9999 -9999 -9999 -9999 -9999 244.75 248.8065 253.37 256.74 246.63 251.94 267.43 278.18 278.88 283.96 287.9 288.75 275.68 272.93 281.39 284.57 276.51 277.98 297.66 301.67 287.48 285.31 296.58 282.05 279.58 285.81 266.6 265.5 277.36 294.58 300.97 307.18 313.26 317.5 318.87 320.76 321.35 322.89 323.77 322.87 320.97 320.46 318.47 317.99 318.4 315.94 313.4 313.73 313.99 313.05 312.36 312.27 311.58 310.56 310.54 309 305.56 303.17 303.58 303.57 303.04 300.6 298.36 297.38
-9999 -9999 -9999 -9999 -9999 -9999 -9999 -9999 244.5641 244.803 -9999 254.15 256.04 255.37 249.62 265.13 281.98 283.58 281.68 290.26 289.91 280.04 279.04 268.6 266.73 268.1 261.91 287.9 294.6 286 272.43 269.76 266.88 269.17 278.25 290.33 285.51 276.44 288.94 303.86 313.32 316.55 320.03 322.41 323.73 325.2 325.53 327.55 324.73 323.67 324.18 324.42 324.12 322.97 322.23 320.71 319.29 318.84 319.91 318.99 318.28 317.69 316.81 315.09 312.35 309.21 309.57 310.37 309.84 307.49 303.95 303.2 300.59
-9999 -9999 -9999 -9999 -9999 -9999 -9999 -9999 -9999 248.8132 251.97 257.9 264.67 260.94 261.21 274.46 282.24 282.71 285.15 284.2 284.63 283.27 286.66 269.88 258.27 254.81 250.33 270.61 290.95 280.07 272.77 260.41 248.64 255.24 268.3 270.4 277.43 290.52 297.38 308.41 314.58 318.83 320.38 324.48 327.33 327.73 329.02 329.8 328.39 327.98 329.2 328.78 328.08 327.49 326.6 325.99 326.41 324.79 324.61 325.66 324.61 322.23 320.84 318.98 315.85 316.86 317.16 315.34 313.97 312.81 309.92 307.04 301.76
-9999 -9999 -9999 -9999 -9999 -9999 -9999 -9999 246.8022 245.95 256.87 262.25 269.49 266.38 281.13 275.88 270.37 264.05 270.98 273.05 275.9 284.32 283.67 279.64 271.28 263.13 269.03 282.05 289.62 277.08 267.97 257.44 262.57 285.51 295.06 295.84 297.91 304.1 311.08 317.28 318.94 322.56 325.04 326.57 329.86 330.77 331.63 332.5 332.05 333.06 332.39 333.35 331.78 330.45 331.82 331.44 331.38 332.34 330.68 331.19 326.94 324.46 323.97 322.3 324.25 321.33 321.01 320.46 318.32 315.49 313.05 309.1 310.71
-9999 -9999 -9999 -9999 -9999 -9999 -9999 237.3175 241.35 250.64 258 264.38 268.32 276.01 260.66 245.79 239.16 250.33 263.97 274.9 281.15 285.12 288.39 282.68 296.7 283.02 282.6 289.69 285.57 280.96 275.61 271.21 271.54 297.09 303.83 306.58 309.96 312.96 317.28 320.98 324.13 326.55 328.58 329.95 331.05 333.39 335.46 334.8 335.57 334.81 336.69 335.81 334.56 335.71 335.53 335.32 336.58 336.88 335.7 336.31 331.77 331.01 330.69 328.63 325.68 323.79 324.53 323.71 322.31 321.88 319.5 316.99 314.47
-9999 -9999 -9999 -9999 -9999 -9999 -9999 240.7333 247.69 252.47 256.92 251.76 261.81 260.52 238.23 254.35 262.97 272.85 271.51 262.49 262.23 273.02 279.78 290.28 307.89 297.65 293.69 300.17 296.57 293.62 296.49 294.11 285.45 306.66 310.47 310.88 310.66 316.71 319.81 322.41 324.65 328.02 330.49 332.52 335.01 336.36 337.08 337.74 337.88 339 339.06 338.11 337.83 339.02 339.02 339.76 338.96 337.27 335.47 337.84 338.24 335.85 332.81 329.93 326.55 325.55 325.7 324.75 323.68 322.01 320.72 317.62 315.67
-9999 -9999 -9999 -9999 -9999 -9999 -9999 244.6061 246.8523 247.47 254.71 251.21 267.6 271.22 267.74 271.96 275.07 260.55 248.59 252.29 256.35 262.15 286.37 293.68 310.25 302.75 293.94 304.93 307.04 300.87 303.24 306.9 308.83 319.19 317.15 319.9 318.13 317.46 317.76 318.14 321.63 325.2 330.44 332.79 336.15 338.43 339.16 340.68 341.06 342.03 341.4 341.65 341.2 340.81 340.23 338.98 337.96 338.69 339.04 342.04 339.72 336.54 333.93 331.03 329.53 327.81 326.63 327.82 326.32 325.43 325.81 323.61 321.9
-9999 -9999 -9999 -9999 -9999 -9999 -9999 -9999 245.07 245.57 260.25 263.03 271.05 273.51 271.04 255.92 250.06 243.19 263.08 259.19 265.56 269.47 280.74 296.65 313.51 307.16 297.51 310 311.79 314.79 309.8 304.56 316 324.55 319.9 324.95 323.91 321.12 324.05 326.6 325.39 326.39 331.53 336.38 338.54 339.96 341.52 342.43 343.05 342.37 343.4 344.1 342.05 341.07 340.42 340.08 341.34 343.09 345.17 344.06 340.36 338.75 335.97 335.14 333.31 331.68 333.08 332.02 330.55 331.52 330.67 330.17 330.19
-9999 -9999 -9999 -9999 -9999 -9999 -9999 -9999 248.2111 253.9898 257.45 261.85 264.33 272.98 273.41 271.89 273.38 280.12 271.51 264.17 266.53 280.92 297.19 309.83 308.76 299.63 309.27 317.94 323.34 317.81 309.69 299.73 317.4 320.06 324.89 327.93 322.93 323.14 325.31 328.26 330.64 331.31 333.66 337.26 340.11 342.29 343.16 344.63 344.98 344.5 344.88 343.08 341.88 343.1 342.53 343.44 344.98 348.28 346.06 343.9 342.17 340.65 339.09 336.85 335.29 333.62 337.75 337.96 336.57 335.88 335.8 334.65 334.37
-9999 -9999 -9999 -9999 -9999 -9999 -9999 -9999 249.9474 253.19 258.82 266 273.85 278.78 282.83 280.49 281.18 265.23 265.26 274.45 289.38 294.42 306.41 312.28 293.72 309.86 320.66 327.79 329.63 322.79 314.62 312.23 315.03 323.9 328.57 330.36 328.26 327.74 327.02 329.18 330.18 333.27 337.15 339.44 341.28 344.24 345.01 343.95 345.12 344.85 345.82 346.55 346.86 345.97 344.84 345.85 349.87 350.31 348.14 347.03 344.91 342.37 341.96 341.89 341.38 338.81 340.03 337.07 337.06 337.67 337.73 336.4 336.73
-9999 -9999 -9999 -9999 -9999 -9999 -9999 -9999 -9999 253.61 260.99 266.92 273 273.88 281.73 286.06 278.89 283.76 289.6 292.88 302.7 288.87 295.97 287.59 298.37 318.59 328.04 331.95 329.95 325.07 321.81 324.22 325.32 333.16 333.46 333.36 330.01 327.83 330.59 333.17 334.78 334.49 338.06 340.75 343.14 346.86 347.36 346.86 347.75 348.25 349.8 349.74 350.73 349.29 349.81 352.28 352.64 351.83 351.55 345.64 343.96 342.52 340.21 339.82 339.71 339.82 336.97 335.16 335.85 336.02 333.1 333.95 333.49
-9999 -9999 -9999 -9999 -9999 -9999 -9999 -9999 -9999 254.99 259.81 266.25 270.17 277.52 282.12 284.77 283.83 287.6 304.91 297.88 282.19 282.65 287.14 299.04 311.73 314.91 318.91 332.03 330.74 319.96 310.91 327.6 333.92 336.08 335.23 334.71 331.35 331.1 335.08 333.41 334.85 338.46 339.86 343.02 345.63 347.55 348.22 347.94 349.63 351 352.52 351.86 352.97 353.16 352.26 352.14 352.52 352.49 351.06 346.36 343.79 342.95 341.49 340.28 339.54 340.06 338.73 333.2 327.93 327.95 329.81 336.35 336.38
-9999 -9999 -9999 -9999 -9999 -9999 -9999 -9999 -9999 255.0909 260.9 267.24 273.22 278.14 281.3 287.22 285.66 293.46 305.58 295.1 265.62 295.71 296.03 301.72 315.7 327.17 329.79 329.88 327.8 331.31 325.93 333.89 333.52 326.88 324.41 327.37 332.83 336.55 334.51 333.95 334.99 337.37 340.22 342.35 344.81 344.89 345.61 347.74 347.68 349.25 350.81 351.46 351.25 352.24 350.85 351.38 352.52 352.65 350.7 349.6 349.37 346.9 345.78 344.26 342.37 340.85 341.95 336.21 330.61 333.41 336.57 337.4 336.67
-9999 -9999 -9999 -9999 -9999 -9999 -9999 -9999 -9999 255.3924 259.99 266.48 269.59 272.92 280.47 288.86 293.89 302.24 290.11 281.65 304.18 314.25 304.11 318.58 310.96 325.5 316.78 320 334.14 335.87 333.47 338.4 331.98 325.45 328.21 334.25 338.97 335.73 335.53 336.29 337.01 338.4 339.22 339.62 340.97 342.09 344.13 346.28 348.42 351.39 349.27 351.3 352.15 353.1 353.66 354.52 353.67 352.31 351.41 351.33 350.02 348.56 347.2 344.73 342.76 341.83 340.27 339.86 336.42 338.84 337.32 333.82 327.59
-9999 -9999 -9999 -9999 -9999 -9999 -9999 -9999 -9999 255.8113 261.08 266.95 272.13 276.14 283.06 288.08 296.89 287.45 285.94 289.13 316.91 317.21 315.71 326.63 326.17 322.84 312.39 316.15 337.22 334.68 329.52 333.77 328.72 330.32 331.33 334.81 331.28 332.23 335.62 337.85 339.6 339.38 339.43 338.78 341.18 344.18 344.8 344.04 346.54 349.87 350.5 352.1 352.62 353.76 353.95 353.93 353.2 352.27 350.11 351.34 349.87 348.13 346.49 345.58 343.55 342.14 341.03 339 337.42 336.51 336.41 326.7 310.81
-9999 -9999 -9999 -9999 -9999 -9999 -9999 -9999 -9999 -9999 261.3763 268.29 273.49 277.52 282.4 289.96 293.23 295.86 302.71 301.89 315.2 316.01 317.47 321.33 321.32 326.17 329.26 331.84 341.14 330.54 328.96 335.37 335.72 332.76 328.52 330.37 332.97 333.53 334.66 337.25 340.73 343.43 343.83 345.46 346.68 347.92 347.21 346.79 347.97 349.13 351.5 351.74 352.73 352.58 353.71 353.66 351.32 352.04 348.98 349.5 349.84 347.28 345.17 344.96 342.95 339.91 336.42 335.54 334.22 329.65 320.95 312.69 315.51
-9999 -9999 -9999 -9999 -9999 -9999 -9999 -9999 -9999 -9999 260.0714 265.07 273.13 278.61 284.12 285.2 275.56 284.48 270.45 279.66 300.93 297.41 304.54 304.32 304.35 309.63 320.83 325.18 338.75 337.81 339.82 339.9 340.73 334.16 331.16 332.34 332.86 334.79 335.23 337.84 340.62 343.03 345.73 347.1 349.01 350.19 349.91 348.8 347.28 348.41 351.17 351.5 352.52 352.14 352.6 352.61 350.51 350.86 348.92 348.47 347.29 344.53 346.42 343.42 339.83 336.12 331.75 319.24 318.31 318.86 334.86 335.16 323.49
