layers/wordclim/future/Iberia_wcB2a_10_hadcm3_2050/bio_14.asc
ncols         166
nrows         93
xllcorner     -9.4959440078468
yllcorner     36.000324005443
cellsize      0.083333337679505
NODATA_value  -9999
[rows 0 to 37 of 93, columns 0 to 83 of 166]
-9999 -9999 -9999 -9999 -9999 -9999 -9999 -9999 -9999 -9999 -9999 -9999 -9999 -9999 -9999 -9999 -9999 27.17073 30.30556 26.53731 26.69697 27.90909 27.05797 27.18182 -9999 -9999 -9999 -9999 -9999 -9999 -9999 -9999 -9999 -9999 -9999 -9999 -9999 -9999 -9999 -9999 -9999 -9999 -9999 -9999 -9999 -9999 -9999 -9999 -9999 -9999 -9999 -9999 -9999 -9999 -9999 -9999 -9999 -9999 -9999 -9999 -9999 -9999 -9999 -9999 -9999 -9999 -9999 -9999 -9999 -9999 -9999 -9999 -9999 -9999 -9999 -9999 -9999 -9999 -9999 -9999 -9999 -9999 -9999 -9999
-9999 -9999 -9999 -9999 -9999 -9999 -9999 -9999 -9999 -9999 -9999 -9999 -9999 -9999 -9999 -9999 26.19697 27.01053 28.31 26.78 28.95 29.31 27.51515 29.68 29.15 27.38144 -9999 -9999 -9999 -9999 -9999 -9999 -9999 -9999 -9999 -9999 -9999 -9999 -9999 -9999 -9999 -9999 -9999 34.3125 34.26923 -9999 -9999 -9999 -9999 -9999 -9999 -9999 -9999 -9999 -9999 -9999 -9999 -9999 -9999 -9999 -9999 -9999 -9999 -9999 -9999 -9999 -9999 -9999 -9999 -9999 -9999 -9999 -9999 -9999 -9999 -9999 -9999 -9999 -9999 -9999 -9999 -9999 -9999 -9999
-9999 -9999 -9999 -9999 -9999 -9999 -9999 -9999 -9999 -9999 -9999 -9999 -9999 -9999 25.09259 25.07368 25.9495 26.66 27.82 29.8 31.08 30.53 29.44 31.68 27.54 25.9 25.70526 25.8481 25.91549 25.05455 25.675 26.28572 27.35526 26.68831 28.91139 28.51515 29.49315 31.75 33.04546 33.24742 33.42308 33.86905 33.68687 34.05 34.89 33.36364 33.37705 34.85 34.83051 -9999 -9999 -9999 -9999 -9999 -9999 -9999 -9999 -9999 -9999 -9999 -9999 -9999 -9999 -9999 -9999 -9999 -9999 -9999 -9999 -9999 -9999 -9999 -9999 -9999 -9999 -9999 -9999 -9999 -9999 -9999 -9999 -9999 -9999 -9999
-9999 -9999 -9999 -9999 -9999 -9999 -9999 -9999 -9999 -9999 -9999 -9999 -9999 -9999 -9999 -9999 27.08081 29.27 30.03 29.13 30.31 32.3 33.15 33.07 29.96 27.15 25.72 27.31 25.37 25.50505 27.84 29.02 29.47 27.83 31.71 30.38 30.4 32.46 35.04 33.36 32.21212 35.01 36.41 35.4 34.66 34.86 36.34 35.71 33.09 33.64 33.57 34.03846 32.02564 30.71186 31 -9999 -9999 -9999 -9999 -9999 -9999 -9999 -9999 -9999 -9999 -9999 -9999 32.89041 -9999 33.23809 34.65625 33.95402 34.56522 -9999 -9999 -9999 -9999 -9999 -9999 -9999 -9999 -9999 -9999 -9999
-9999 -9999 -9999 -9999 -9999 -9999 -9999 -9999 -9999 -9999 -9999 -9999 -9999 -9999 24.50746 24.6875 26.95 29.08 29.59 30.24 29.27 29.55 29.69 30.94 29.6 28.75 27.57 25.87 26.07 28.84 31.43 29.98 28.65 29.97 31.62 29.61 31.98 33.98 32.38 31.38 32.09 31.74 32.56 35.01 34.39 34.27 34.44 34.15 33.8 33.18 32.7 30.9 30.54 32.45 32.62 32.98 33.97 32.11702 30.95062 29.89041 28.96104 29.08974 29.91667 31 30.86735 30.49 31.53 31.49 32.29167 32.41 33.79 33.57 33.22619 34.61 35.08989 33.75926 -9999 -9999 35.47126 36.62 37.95 38.24419 39.30769 39.78182
-9999 -9999 -9999 -9999 -9999 -9999 23.88889 23.65 24.58108 -9999 25.22973 25.57831 25.62 24.53535 24.59 -9999 26.92 28.85 30.6 29.58 28.82 28.31 27.98 26.93 27.46 27.23 27.21 25.5 28.73 29.73 29.29 26.67 28.19 31.8 31.73 29.25 28.77 29.71 31.74 31.68 33.13 33.69 33.6 33.12 33.74 33.43 33.91 34.79 34.77 33.48 34.27 32.78 31.51 33.81 35.68 34.51 32.69 33.98 31.38 31.56 30.23 30.99 30.75 30.86 31.28 30.53 31.07 31.59 33.13 34.65 34.57 34.34 32.88 34.52 35.11 35.61 33.85 34.42857 33.11111 34.92 35.3 36.38 37.75 39.53
-9999 -9999 -9999 -9999 -9999 -9999 24.52055 24.39 25 25.11 26.29 29.41 28.84 27.66 25.97 26.25 28.4 29.06 29.88 28.95 28.53 27.02 26.48 25.45 25.26 25.78 26.88 25.92 27.08 27.9 26.43 25.33 29.01 31.5 28.5 27.58 28.53 32.1 31.8 32.95 33.6 31.73 35.67 33.37 31.73 32.85 33.21 32.73 33.17 33.02 36.37 34.17 33.46 37.1 44.38 40.37 42.4 41.1 32.59 34.08 32.42 31.19 30.82 31.96 31.14 30.24 31.42 31.87 31.98 35.33 38.34 35.18 32.84 33 33.88 33.2 32.29 33.1 34.44 33.22 33.41 34.85 37.04 38.09
-9999 -9999 -9999 -9999 22.12903 24.14 24.86 27.15 28.39 28.85 30.52 29.67 29.22 29.54 28.83 29.43 29.9 29.25 29.24 28.4 27.97 26.9 25.22 24.71 24.62 25.54 26.74 25.32 28.23 26.94 27.66 25.65 27.55 29.35 27.5 27.18 30.6 34.03 31.05 33.87 32.52 33.77 31.54 31.82 30.69 32.54 32.3 32.14 34.39 36.04 34.84 35.92 37.6 34.59 38.65 40.83 38.61 32.26 29.62 31.16 36.94 34.02 32.95 32.38 32.19 29.96 32.38 31.11 31.9 36.29 37.6 36.5 35.07 33.38 30.88 31.51 30.67 31.44 31.84 32.36 32.52 35.11 35.02 35.59
-9999 -9999 -9999 21.6701 23.25 26.05 26.73 27.63 28.75 29.93 29.78 30.25 29.12 29.45 29.01 28.84 28.94 29.11 29.98 28.86 27.08 26.44 24.83 24.36 25 25.17 26.4 26.64 24.49 24.72 23.01 23.52 27.49 30.11 26.64 30.57 30.71 36.81 37.5 36.41 39.31 36.11 38.34 32.04 30.37 36.44 36.91 35.34 37.43 38.53 35.33 37.44 34.83 34.02 36.96 36.82 40.75 40.01 36.12 33.49 35.16 39.67 36.91 32.61 31.78 31.49 31.9 31.79 32.21 32.23 31.39 31.56 31.41 31.92 31.69 32.95 32.62 29.96 30.41 33.53 36.35 34.01 34.69 33.51
-9999 -9999 -9999 20.72941 24.25253 25.85 27.25 27.99 28.38 28.79 29.08 29.14 29.38 29.64 29.83 28.91 28.42 29.13 28.72 28.62 26.86 26.51 25.29 23.68 23.14 23.26 24.59 24.23 24.43 22.01 22.38 24.75 25.28 28.25 29.22 31.17 33.58 31.47 31.77 32.18 33.47 32.11 32.81 34.48 33.13 32.41 33.8 32.54 34.85 33.48 30.5 32.4 32.57 32.17 31.56 34.12 38.2 38.53 36.91 33.54 32.01 37.74 35.46 30.37 29.67 29.62 29.78 29.99 29.65 29.7 29 28.28 29 29.76 30.19 30.82 31.49 31.05 30.8 30.88 31.77 30.89 31.49 33.3
-9999 -9999 -9999 -9999 22.87931 26.15 26.74 26.56 28.02 27.28 26.68 28.98 30.23 28.72 28.56 28.13 26.48 26.43 26.57 26.55 26.62 24.86 23.59 22.38 21.49 21.7 22.44 23.98 22.02 21.44 24.1 28.13 31.07 30.99 28.07 28.99 28.31 30.16 33.77 32.23 33.58 33.81 31.12 28.88 32.01 29.51 29.07 28.72 30.7 28.34 28.17 29.96 28.97 30.44 29.37 32.26 32.2 32.29 32.11 29.42 28.49 28.78 28.96 27.82 28.18 27.79 28.69 27.5 27.79 27.17 28.22 27.9 27.04 27.58 28.63 29.66 29.03 29.26 30.06 29.96 28.65 28.01 28.47 29.25
-9999 -9999 -9999 -9999 22.075 23.10938 23.57576 24.07692 29.15 27.24 26.68 26.67 28.04 26.84 26.76 28.51 27.55 27.25 27.33 25.55 25.68 24.52 22.42 23.13 22.14 20.38 23.16 23.43 22.45 23.09 24.08 30.19 26.71 23.93 21.54 22.68 26.9 30.77 31.18 30.86 28.08 26.46 25.47 25.11 25.12 26.21 24.69 24.3 25.16 24.72 25.1 25.53 25.54 26.55 25.44 26.94 27.91 26.52 26.5 26.91 26.38 26.11 25.53 25.43 26.42 25.65 25.83 27.12 26.48 26.53 27.71 26.35 26.65 25.3 25.17 25.98 27.94 25.27 26.85 26.04 26.43 27.45 28.07 29.5
-9999 -9999 -9999 -9999 -9999 -9999 27.38043 25.56 27.06 25.71 26.92 28.25 27.94 29.98 28.66 28.21 28.37 27.16 27.38 27.25 24.28 22.25 23.49 23.41 21.43 21.39 23.11 25.93 26.35 24.51 22.68 24.71 20.7 18.37 18.71 18.79 21.58 22.34 22.46 23.6 24.82 24.75 23.58 22.38 22.26 22.89 21.88 21.73 22.41 21.92 23 22.62 23.14 22.91 23.53 24.29 24.39 24.4 23.94 24.42 23.58 24 23.75 24.48 24.73 24.77 24.71 24.98 24.75 25.51 26.46 25.62 23.57 25.3 25.06 26.53 26.13 23.31 23 23.39 24.71 24.65 25.43 27.45
-9999 -9999 -9999 -9999 -9999 22.23729 25.06383 -9999 -9999 26.99 27.22 29.15 30.02 30.86 31.24 27.92 27.29 27.56 27.13 26.78 23.63 21.37 21.71 20.41 18.22 20.06 22.74 22.38 23.46 25.19 21.67 19.13 16.9 15.13 14.69 15.42 16.11 17.31 19 21.38 20.51 20 20.2 19.58 19.83 20.02 18.76 19.05 19.47 19.82 20.47 20.49 21.05 20.51 21.66 22.07 22.04 22.19 21.71 22.06 21.86 21.59 21.89 22.93 22.61 23.15 23.37 23.53 23.97 24.53 24.01 22.85 22 22.03 22.27 22.9 23.47 23.05 22.45 21.66 23.51 25.55 25.88 24.97
-9999 -9999 -9999 -9999 -9999 -9999 -9999 22 23.9759 25.36 27.38 29.12 29.99 29.56 29.94 28.75 27.31 27.32 26.78 25.02 23.21 20.53 20.03 17.52 17.27 17.46 19.35 19.68 22.48 22.54 20.24 16.14 14.34 13.16 13.31 14.58 18.23 20.82 21.48 20.83 18.55 17.9 18.03 17.23 17.55 17.72 17.08 17.06 17.2 17.65 17.97 18.78 19 18.69 19.49 20 19.64 20.11 20.06 19.86 20.17 19.74 19.79 20.17 20.54 20.32 20.96 22.13 22.04 22.27 21.63 21.69 22.2 22.04 21.86 22.26 21.8 20.49 20 20 19.32 19.76 20.06 19.62
-9999 -9999 -9999 -9999 -9999 -9999 -9999 23.10417 24.6413 27.79775 26.57 28.07 29.81 30.82 28.91 26.66 24.72 23.29 22.56 21.63 20.79 19.59 18.36 17.49 18.04 17.63 16.99 16.53 19.84 18.08 16.68 14.88 13.83 16.28 20.02 19.16 22.13 22.76 19.4 17.56 16.29 15.95 16.14 15.28 15.5 15.8 15.71 15.5 15.84 16.54 16.44 17.05 17.18 16.9 17.64 18.15 17.95 17.81 17.98 17.98 18.04 18.06 18.27 18.28 18.45 18.93 19.96 20.12 20.05 20.04 20.43 21.07 21.34 20.79 21.52 20.79 20.21 19.76 19.1 19.2 18.89 18.05 18.3 17.67
-9999 -9999 -9999 -9999 -9999 -9999 -9999 -9999 -9999 26.39706 26.33333 27.34 27.42 29.7 27.93 24.38 21.26 21.01 19.46 18.33 17.84 20.82 21.41 19.05 18.37 20.19 19.97 15.19 14.26 17.76 18.35 15.84 19.58 20.51 19.05 24.35 25.01 22.02 18.18 16.6 15.85 14.78 14.29 13.95 14.03 14.15 14.21 14.08 14.48 15.2 15.03 15.27 15.24 15.24 15.72 16.29 16.39 16.11 16.19 16.22 16.53 16.49 16.64 16.79 17.01 17.71 18.54 18.68 18.55 18.18 18.78 19.85 20.21 21.98 21.79 20.79 22.38 22.58 20.73 19.93 17.93 18.46 20.64 18.4
-9999 -9999 -9999 -9999 -9999 -9999 -9999 -9999 23.84615 26.57576 -9999 26.96 27.13 26.98 28.09 24.18 19.56 19.06 19.59 17.29 17.25 19.47 19.6 21.61 22.21 21.71 23.11 17.14 15.86 18.06 21.45 21.97 23.19 22.82 20.77 17.97 19.27 22 19.11 15.68 14.04 13.29 12.77 12.72 12.98 13.29 13 12.99 13.42 14.07 13.79 13.78 13.84 13.96 14.11 14.33 14.46 14.5 14.35 14.41 14.54 14.95 15.15 15.59 16.06 17.07 16.97 16.69 17.3 17.73 18.29 19.06 19.8 21.65 23.51 24.09 24.5 22.51 25.28 22.7 18.97 21.72 23.47 21.04
-9999 -9999 -9999 -9999 -9999 -9999 -9999 -9999 -9999 23.79121 24.83 23.81 22.6 24.89 24.83 21.63 19.4 19.38 18.45 18.5 18.25 18.46 17.6 20.9 23.58 24.47 25.33 20.76 16.45 18.8 20.61 23.88 27.32 26.01 22.73 22.45 21.07 18.05 16.51 14.42 13.12 12.42 12.32 12.01 11.46 11.66 11.88 11.95 12.76 12.83 12.87 13 13 13.2 13.35 13.38 13.5 13.67 13.74 13.58 13.69 14 14.2 14.83 15.65 15.27 15.54 15.96 16.22 16.71 17.12 18.07 20.15 23.24 24.26 26.75 26.86 26.43 27.23 23.51 22.33 23.54 20.66 22.65
-9999 -9999 -9999 -9999 -9999 -9999 -9999 -9999 20.95604 24.83 21.09 20.95 20.05 22.3 19.01 20.54 21.75 22.76 20.81 20.48 19.57 17.54 17.69 18.24 20.38 21.49 20.45 17.92 16.23 18.9 20.96 23.74 23.17 17.93 16.09 16.15 15.79 14.87 13.35 12.18 11.93 11.6 11 11.13 10.93 10.99 11 10.88 11.26 11.37 11.76 11.83 12 12.13 12.05 12.15 12.1 12.11 12.4 12.16 13.16 13.98 13.82 14.17 14.04 14.52 14.61 15.16 15.8 16.16 17.09 17.94 17.71 18.34 20.11 21.03 21.72 22.79 21.4 22.47 25.04 23.86 22.69 24.14
-9999 -9999 -9999 -9999 -9999 -9999 -9999 23.11111 23.42 20.94 19.34 19.29 19.56 19.01 23.2 26.03 27.5 24.71 22.04 19.43 17.8 17.25 16.18 17.45 15.02 17.12 17.11 16.05 16.46 17.57 18.72 20.01 20 14.72 13.92 13.7 13.39 12.77 11.9 11.14 10.6 10.15 9.99 10.1 10.09 9.82 9.95 10 10.01 10.49 10.45 10.86 11 11 11 11 11 11 11.14 11.18 12.03 12.07 12.4 13.21 13.9 13.76 13.82 14.27 14.64 15 15.62 16.37 17.41 17.25 17.58 19.16 23.36 24.89 25.41 27.21 26.37 26.81 26.91 26.23
-9999 -9999 -9999 -9999 -9999 -9999 -9999 20.35 17.82 18.23 19.3 23.34 21.25 22.13 27.23 23.76 21.78 19.89 19.69 21.22 21.11 18.85 17.51 15.71 12.63 14.39 14.67 13.46 14 14.5 13.94 14.56 16.33 12.49 11.86 12.26 12.55 11.55 11.01 10.35 10.19 9.35 9 9 8.71 8.71 9.06 9.52 9.74 9.92 10 10.08 10.59 10.45 10.71 10.98 11 11 11.16 10.95 11.07 11.31 11.95 12.68 13.09 13.71 13.74 13.99 14.8 15.08 15.32 16.67 17.3 17.79 16.41 17.27 18.29 19.22 20.72 23.79 22.64 24.94 22.69 22.68
-9999 -9999 -9999 -9999 -9999 -9999 -9999 16.72727 17.18182 20.01 19.23 22.47 18.29 18.35 19.85 19.15 18.66 21.51 23.69 22.5 21.45 20.49 15.98 14.86 11.72 13.31 14.19 12.47 12.04 12.62 12.2 11.6 11.45 9.76 10.28 10.12 10.67 11.18 11.04 11.22 10.41 9.78 9.01 8.34 8.02 8 8.04 8.29 8.46 8.93 9 9.08 9.46 9.84 10.53 10.96 11 11 10.91 10.31 10.73 11.42 11.74 12.66 13 13.02 13.37 13.57 13.98 14.49 14.84 15.02 15.77 16.33 16.9 17.04 17.63 18.3 18.74 19 18.75 18.63 18.74 19.18
-9999 -9999 -9999 -9999 -9999 -9999 -9999 -9999 17.61 19.42 15.29 16.52 15.77 16.69 18.13 21.97 23.11 24.51 20.17 20.63 19.14 18.35 16.47 13.92 11.17 12.11 13.33 11.22 10.73 10.43 10.96 11.6 9.44 8.9 9.52 8.67 9.17 9.95 9.83 9.5 9.12 9.2 8.56 7.84 7.68 7.81 7.9 8 8.04 8.52 8.67 9 9.27 9.94 10.35 10.81 10.89 10.43 9.77 10.24 10.72 10.99 11.42 11.74 12.31 12.72 12.64 12.87 13.06 13.39 13.54 13.85 14.12 14.43 15.09 16.18 16.68 16.92 17.54 17.93 18.21 18.37 18.54 17.82
-9999 -9999 -9999 -9999 -9999 -9999 -9999 -9999 14.06667 14.05102 15.65 16.43 17.48 16.14 16.96 17.71 17.95 16.75 18.15 19.25 18.76 16.23 13.29 11.82 11.86 12.82 11.21 10.22 9.41 9.81 10.48 11.87 9.18 8.9 8.73 7.98 8.69 9.3 9.11 8.86 8.17 8.17 7.76 7.21 6.82 6.88 7.02 7.35 7.98 8 8.23 8.98 9.02 9.43 9.88 9.99 9.81 9.21 9.69 10.15 10.55 10.75 11 11.36 11.81 12.29 11.52 11.43 12.1 12.64 12.86 13.08 13.48 13.81 14.16 14.59 15.42 15.3 16.21 15.91 16.82 17.71 17.34 17.26
-9999 -9999 -9999 -9999 -9999 -9999 -9999 -9999 12.71053 14.24 14.79 14.51 13.48 13.63 13.66 15.38 15.75 18.92 19.04 17.25 14.57 13.67 11.82 11 13.49 11.29 9.83 8.77 8.19 8.81 9.77 9.74 9.13 8.32 7.95 7.77 8 8 8.31 8.14 7.89 7.43 7.02 7 6 6 6.29 7.14 7.85 8 8.13 8.24 8.64 8.99 9.08 9.5 9.15 9.03 9.35 9.41 9.95 10.46 10.67 10.6 10.93 11.47 11.13 11.84 12.04 12.38 12.48 12.89 13.2 13.42 13.51 13.73 14.35 14.35 14.72 14.99 15.29 15.39 15.76 16.24
-9999 -9999 -9999 -9999 -9999 -9999 -9999 -9999 -9999 13.81 13.24 13.45 13.59 15.11 14.03 13.59 15.85 15.2 13.98 13.45 11.94 14.29 13.33 13.94 12.49 10 8.45 7.83 8.02 8.32 8.54 8.05 7.73 7.13 7.13 7.08 7.7 7.99 7.89 7.87 7.01 7.03 6.97 6.7 5.96 5.89 6.03 6.53 6.92 7.66 7.03 7.37 7.91 8.28 8.61 8.74 9 9 9 9.69 10.07 10.78 11 11 10.88 11.25 11.81 12.43 12.45 12.67 13.34 13.35 13.88 13.35 13.23 13.24 13.25 13.49 14.11 14.28 14.14 14.76 15.18 15.78
-9999 -9999 -9999 -9999 -9999 -9999 -9999 -9999 -9999 12.86 13.52 13.39 14.27 13.57 13.64 13.83 14.16 13.97 11.07 12.72 15.21 15.01 14.07 12.29 10.89 10.07 9.45 7.64 7.85 8.53 9.4 7.28 7.08 6.97 7.02 6.57 7.07 7.52 7.02 7.55 6.97 6.88 6.78 6.24 5.74 5.76 6 6.46 6.75 7.05 7 7 7.16 7.83 8.03 8.65 8.45 8.62 9.01 9.58 9.93 10.37 10.84 11 11 11 11.46 12.71 13.72 14 13.81 13.03 13.2 13.68 13.43 13.86 13.83 13.76 13.9 14.01 14.34 14.49 14.38 14.46
-9999 -9999 -9999 -9999 -9999 -9999 -9999 -9999 -9999 13.0101 13.06 12.92 12.92 12.99 13.53 12.97 13.85 12.82 10.96 12.88 17.11 12.86 12.75 11.88 9.77 8.2 7.69 7.58 7.83 7.42 7.47 6.99 6.81 7.12 7.49 7.15 6.82 6.5 6.9 7.09 7 7 6.98 6.73 6.31 6.04 6.41 6.67 7.14 7.64 7.83 7.03 7.59 7.97 8.29 8.6 8.3 8.06 8.63 9.05 9.07 9.24 9.42 10.08 10.31 10.71 11.02 12.07 13.24 13.01 12.79 13 13.02 13.3 14.03 14.73 15.27 15.74 15.81 14.82 14.53 15.66 15.65 15.11
-9999 -9999 -9999 -9999 -9999 -9999 -9999 -9999 -9999 13.01266 13.48 13.33 14.05 14.43 13.49 12.26 11.99 10.69 13.13 14.82 11.51 10.2 11.35 9.31 10.1 8.23 8.83 8.75 6.97 6.75 7.11 6.49 6.95 7.12 6.99 6.84 6.15 6.36 6.61 6.97 7 7 7 7 7 6.93 7.24 7.28 7.26 7.13 7.94 7.99 7.35 7.83 7.97 8 8 8.1 8.13 8.81 9 9 9.02 10 10.02 10.07 11 11.21 12.29 11.82 12.44 13.38 14.87 15.98 16.1 16.49 16.44 16.35 15.69 15.34 15.19 15.14 15.9 15.81
-9999 -9999 -9999 -9999 -9999 -9999 -9999 -9999 -9999 13.9434 13.15 13.22 13.11 13.27 12.45 12.16 10.77 13.16 13.65 13.37 9.15 9.51 9.41 8.1 8.01 8.26 9.05 8.77 6.71 6.73 7.2 6.72 6.92 6.79 6.88 6.87 6.54 6.91 6.44 6.3 6.49 6.91 7 7.26 7.01 7 7.52 7.97 7.81 7.45 7.46 7.73 7.83 8 7.94 8 8 8.02 8.67 8.6 8.99 9 9 9.87 10 11 11 11.08 11.98 12.39 12.69 14.87 18.96 19.09 17.92 17.02 17.81 16.38 14.37 14.72 14.13 14.02 15.9 15.91
-9999 -9999 -9999 -9999 -9999 -9999 -9999 -9999 -9999 -9999 14.02151 12.99 13 12.54 12.38 11.33 11.45 11.58 10.76 10.96 9.17 9.36 9.03 8.48 8.67 7.89 7.52 7.21 6.33 6.95 7.05 6.45 6.3 6.73 7 7 6.09 6.39 6.75 6.62 6.18 6.17 6.65 6.83 6.98 7 7.01 7.4 7.46 7.26 7.06 7.27 7.84 8 8 8 8.12 8.07 8.82 8.94 9 9.01 9.18 9.79 10 10.99 11.58 11.97 12.53 13.68 15.98 18.2 17.86 15.61 16.92 15.19 15.76 14.88 14.13 13.93 13.24 13.46 14.88 15.51
-9999 -9999 -9999 -9999 -9999 -9999 -9999 -9999 -9999 -9999 13.42857 13.84 12.76 12.51 11.68 12.17 14.55 13.26 15.2 13.95 11.2 11.28 10.34 10.09 9.75 9.2 8.17 7.48 6.26 6.15 5.92 5.88 5.72 6.52 6.92 6.97 7 6 6.11 6.51 6.37 6.42 6.33 6.37 6.69 6.85 7 7.05 7.53 7.69 7.35 7.65 8 8 8 8 8.08 8.01 8.88 9 9 9.08 9.01 9.82 10.16 11.2 12.41 15.44 15.9 16.02 12.71 12.83 15.8 14.14 12.55 13.18 14.26 12.4 12.32 12.58 12.76 13.8 14.5 15.56
-9999 -9999 -9999 -9999 -9999 -9999 -9999 -9999 -9999 -9999 12.56977 13.48 13.7 13.06 12.16 12.07 12.74 14.83 15.36 13.81 13.21 12.11 11.13 9.61 9.96 9.91 8.62 7.07 6.29 6.73 6.48 5.94 6.51 6.72 6.87 6.69 6.94 7 6.14 6.03 6.36 6.79 6.07 6.35 6.95 6.9 7 7 7.01 7.14 7.76 8 8 8 8 8 8 8 8.51 8.98 9 9 9 9.3 10.79 11.53 15.79 18.02 14.41 12.08 11.28 11.12 12.53 12.59 11.36 11.38 11.32 11.3 10.76 11.62 12.28 13.63 14.18 14.78
-9999 -9999 -9999 -9999 -9999 -9999 -9999 -9999 -9999 -9999 11.93878 12.67 13.19 14.06 15.5 14.88 13.78 11.69 11.45 11.55 12.17 11.74 11.04 10.06 9.86 9.57 8.25 6.93 6.43 6.87 7.02 6.58 6.18 6.72 7 6.94 6.72 6.92 6 6 6.04 6.12 6.07 6.69 7 7.02 7.14 7.11 7 7.09 7.87 8 8.11 8.07 8 8 8 8 8.12 8.82 9 9.83 9.83 10.08 11.13 12.5 17.89 13.29 14.98 14.13 11.44 10.05 9.38 9.62 10.22 10.09 9.94 10.61 11.65 12.75 12.97 13.37 13.59 14
-9999 -9999 -9999 -9999 -9999 -9999 -9999 -9999 -9999 -9999 11.01124 11.62 12.4 14.88 13.36 13.49 12.58 10.41 10.18 10.73 10.99 10.58 10.02 9.56 9.1 9.07 7.77 6.92 6.79 6.31 6.72 6.96 6.36 6.21 6.69 6.92 6.85 6.45 6.96 6 6 6.27 6.56 6.99 7.28 7.92 7.83 7.16 7.09 7.43 7.85 8.04 8.34 8.82 8.58 8.11 8.38 8.18 8.52 9.14 9.96 9.93 10.27 11.44 15.18 15.71 17.95 16.41 12.12 10.04 9.45 8.33 8.61 9.91 9.91 9.41 9.04 9.86 11.72 12.47 12.52 12.19 12.57 14.18
-9999 -9999 -9999 -9999 -9999 -9999 -9999 -9999 -9999 11 10.98913 11.01 11.34 11.74 13.1 12.27 12.16 10.89 10.58 10.33 9.49 9.11 8.79 8.58 8.35 7.69 7.2 7 7 6.77 6.61 6.91 6.46 6.13 6.15 6.84 6.86 6.08 6.8 7 6.04 6.26 6.94 7.56 7.86 7.31 7.01 7.06 7.48 7.96 8.11 8.52 9.6 9.52 9.78 9.83 9.79 9.09 9.38 9.52 10.86 10.91 11.92 12.59 12.26 10.75 10.67 9.81 9.44 9.81 8.47 7.47 8.33 8.85 9.02 8.67 9.11 10.91 10.97 11.55 12.74 11.69 11.25 11.81
-9999 -9999 -9999 -9999 -9999 -9999 -9999 -9999 -9999 10.31081 10.65979 10.37 10.39 11.26 12.22 13.53 13.46 11.13 10.37 9.75 9 8.78 8.76 8.13 7.47 7.47 7.27 7.96 7.3 6.94 6.86 6.82 6.57 6.03 5.95 5.88 6.22 6.93 7 7 7.11 7.62 7.21 6.92 7.03 7.04 7.1 7.53 7.97 8.89 9.34 9.69 10.71 10.75 10.48 9.83 8.76 8.6 9.47 10.18 11.14 12.06 11.87 12.96 10.17 8.41 9.48 9.24 8.22 7.78 7.03 7.01 7.51 7.63 8.2 7.65 9.52 10.32 10.53 11.84 12.09 10.92 11.88 13.11
