layers/wordclim/future/Iberia_wcB2a_10_hadcm3_2050/bio_12.asc
ncols         166
nrows         93
xllcorner     -9.4959440078468
yllcorner     36.000324005443
cellsize      0.083333337679505
NODATA_value  -9999
[rows 33 to 65 of 93, columns 73 to 145 of 166]
473.35 442.49 440.1 435.02 425.9 412.06 421.91 431.31 453.34 468.92 469.64 469.02 472.77 473.78 485.98 497.31 497.48 483.7 462.52 445.8 437.08 431.28 406.49 403.47 402.03 376.06 411.52 466.31 474.59 437.03 412.2 392.24 367.32 376.17 388.85 407.14 398.38 393.2 387.25 402.4 435.52 446.88 449.73 471.36 477.03 500.03 472.15 494.51 517.08 529.04 538.43 528.74 -9999 -9999 -9999 -9999 -9999 -9999 -9999 -9999 -9999 -9999 -9999 -9999 -9999 -9999 -9999 -9999 -9999 -9999 -9999 -9999 -9999
423.41 430.62 419.56 403.46 410.77 426.93 447.04 454.62 451.03 455.14 461.69 472.62 478.23 453.02 471.36 472.14 491.68 457.74 459.97 463.4 452.03 443.29 420.96 411.1 388.15 375.04 410.23 429.07 451.3 423.84 428.88 417.63 406.06 406.4 425.33 420.45 422.42 414.94 408.32 445.92 471.16 468.88 473.49 494.26 527.29 531.6 484.46 498.85 548.2 520.0404 -9999 -9999 -9999 -9999 -9999 -9999 -9999 -9999 -9999 -9999 -9999 -9999 -9999 -9999 -9999 -9999 -9999 -9999 -9999 -9999 -9999 -9999 -9999
434.22 427 408.46 389.6 406.82 439.63 446.23 445.24 433.93 438.2 467.41 468.8 454.63 461.01 470.96 464.69 467.83 469.89 468.23 456.15 470.61 470.6 444.03 402.31 381.16 395.34 460.41 470.15 463.32 463.54 471.21 461.26 476.1 486.93 474.3 467.04 456.28 422.33 442.04 450.46 489.21 488.44 521.24 552.69 595.55 532.3 491.77 499.1 510.65 498.2535 -9999 -9999 -9999 -9999 -9999 -9999 -9999 -9999 -9999 -9999 -9999 -9999 -9999 -9999 -9999 -9999 -9999 -9999 -9999 -9999 -9999 -9999 -9999
421.9 419.21 395.4 399.89 437.94 439.07 440.42 456.17 425.84 409.67 416.12 430 458.04 501.29 513.94 519.49 496.28 495.9 506.43 496.14 504.86 484.75 482.61 422.21 384.89 417.28 477.98 458.89 462.3 481.99 497.27 497.57 481.41 494.97 484.76 476.32 451.69 455.57 464.74 494.85 530.56 545.84 583.83 559.51 546.65 505.77 500.01 498.54 492.5567 498.5807 504.5233 506.8261 -9999 -9999 -9999 -9999 -9999 -9999 -9999 -9999 -9999 -9999 -9999 -9999 -9999 -9999 -9999 -9999 -9999 -9999 -9999 -9999 -9999
414.7 411.03 390.37 420.37 428.57 425.45 449.3 455.83 418.12 434.02 453.48 474.82 477.59 492.27 511.65 527.28 526.96 521.61 521.75 532.62 558.17 514.19 509.78 469.01 413.63 389.74 456.41 450.12 434.91 450.64 495.6 497.78 516.88 534.75 530.95 546.47 496.11 483.53 478.91 505.39 539.6 543.1 534.13 512.85 495.64 497.6 507.31 523.5532 -9999 -9999 -9999 -9999 -9999 -9999 -9999 -9999 -9999 -9999 -9999 -9999 -9999 -9999 -9999 -9999 -9999 -9999 -9999 -9999 -9999 -9999 -9999 -9999 -9999
413.88 401.1 420.48 433.51 414.53 434.34 449.16 437.04 410.49 441 443.62 451.15 442.24 450.55 471.83 499.18 523.42 574.5 563.44 577.23 597.13 557.85 526.59 495.36 435.68 388.29 418.33 446.14 415.62 461.78 553.36 513.33 537.32 570.79 583.89 614.87 544.09 524.38 510.22 521.06 544.52 525.94 512.13 487.31 487.98 488.72 491.08 -9999 -9999 -9999 -9999 -9999 -9999 -9999 -9999 -9999 -9999 -9999 -9999 -9999 -9999 -9999 -9999 -9999 -9999 -9999 -9999 -9999 -9999 -9999 -9999 -9999 -9999
415.41 428.12 436.88 425.95 426.35 440.85 435.07 413.09 406.43 416.4 406.23 415.4 421.93 458.22 474.1 507.28 534.65 558.57 583.91 580.84 601.27 580.27 532.16 484.33 446.1 403.19 407.86 431.57 414.34 509.11 538.55 552.56 590.23 655.05 647.95 620.96 607.48 554.41 544.79 542.53 539.04 499.59 487.42 484.62 486.22 476.96 477.48 -9999 -9999 -9999 -9999 -9999 -9999 -9999 -9999 -9999 -9999 -9999 -9999 -9999 -9999 -9999 -9999 -9999 -9999 -9999 -9999 -9999 -9999 -9999 -9999 -9999 -9999
428.54 435.91 433.51 417.42 427.4 420.23 399.03 409.53 402.37 438.84 449.47 422.84 445.82 447.07 461.85 479.42 530.18 546.31 573.15 590.69 595.41 558.51 507.94 495.14 479.42 423.08 394.12 381.12 426.18 503.82 513.17 542.86 592.04 674.98 672.93 627.36 588.41 540.1 498.82 504.15 492.73 485.81 472.56 491.46 484.43 478.2048 -9999 -9999 -9999 -9999 -9999 -9999 -9999 -9999 -9999 -9999 -9999 -9999 -9999 -9999 -9999 -9999 -9999 -9999 -9999 -9999 -9999 -9999 -9999 -9999 -9999 -9999 -9999
433.2 430.64 420.56 425 419.61 399.36 414.12 433.54 415.33 424.74 445.71 450.92 466.43 471.83 484.85 496.95 535.56 563.9 568.3 550.67 602.38 575.61 552.9 532.9 493.97 461.23 416.92 377.41 432.01 487.35 451.82 467.23 535.65 601.65 583.02 589.82 566.66 537.58 487.58 478.24 488.39 491.66 458.48 464.34 484.9634 -9999 -9999 -9999 -9999 -9999 -9999 -9999 -9999 -9999 -9999 -9999 -9999 -9999 -9999 -9999 -9999 -9999 -9999 -9999 -9999 -9999 -9999 -9999 -9999 -9999 -9999 -9999 -9999
418.85 421.04 422.87 415.15 398.81 402.22 439.78 445.48 431.46 461.09 456.36 456.71 464.01 485.18 511.49 486.67 533.78 535.34 538.54 566.81 565.14 561.47 521.45 559.41 472.71 448.61 400.65 417.94 489.08 482.81 434.62 429.45 459.88 490.31 521.98 503.48 524.67 518.49 459.54 441.46 458.85 462.89 460.09 442.4474 -9999 -9999 -9999 -9999 -9999 -9999 -9999 -9999 -9999 -9999 -9999 -9999 -9999 -9999 -9999 -9999 -9999 -9999 -9999 -9999 -9999 -9999 -9999 -9999 -9999 -9999 -9999 -9999 -9999
427.32 421.03 408.27 394.25 400.85 417.12 445.17 453.22 449.43 464.41 473.97 476.36 496.91 496.14 496.61 498.97 528.5 541.67 547.93 533.07 528.76 508.17 509.99 517.8 467.79 396.36 408.08 475.34 593.78 576.15 482.05 438.16 437.02 440.12 446.76 470.54 471.06 466.94 452.61 437.11 453.06 462.02 444.9318 -9999 -9999 -9999 -9999 -9999 -9999 -9999 -9999 -9999 -9999 -9999 -9999 -9999 -9999 -9999 -9999 -9999 -9999 -9999 -9999 -9999 -9999 -9999 -9999 -9999 -9999 -9999 -9999 -9999 -9999
402.02 397.83 403.91 415.73 420.53 427.86 444.03 452.87 456.47 464.47 481.42 485.55 506.64 497.05 482.33 498 511.89 527.74 504.69 497.25 511.2 483.3 489.92 514.87 469.94 405.97 444.94 519.01 600.33 567.19 501.37 480.62 459.2 469.33 443.07 444.99 437.5 431.18 419.78 429.99 441.81 439.791 -9999 -9999 -9999 -9999 -9999 -9999 -9999 -9999 -9999 -9999 -9999 -9999 -9999 -9999 -9999 -9999 -9999 -9999 -9999 -9999 -9999 -9999 -9999 -9999 -9999 -9999 -9999 -9999 -9999 -9999 -9999
422.72 420.99 426.34 430.87 430.58 432.19 443.18 453.09 444.29 450.82 468.1 477.16 488.33 483.78 494.16 500.52 502.7 504.53 476.87 471.73 467.08 481.77 484.97 474.19 450 427.57 414.71 442.84 491.73 532.24 576.24 523.99 466.49 449.18 445.98 464.09 454.55 430.74 414.23 412.86 414.3299 -9999 -9999 -9999 -9999 -9999 -9999 -9999 -9999 -9999 -9999 -9999 -9999 -9999 -9999 -9999 -9999 -9999 -9999 -9999 -9999 -9999 -9999 -9999 -9999 -9999 -9999 -9999 -9999 -9999 -9999 -9999 -9999
416.66 419.75 422.18 422.19 421.46 428.67 437.52 440.73 443.11 449.79 452.04 468.14 470.4 464.22 493.29 503.2 506.13 500.65 473.54 477.42 451.86 476.01 494.95 466.41 439.23 447.59 436.43 412.72 434.19 461.97 500.93 523.21 471.91 444.73 427.28 432.02 464.45 460.03 429.42 412.2121 -9999 -9999 -9999 -9999 -9999 -9999 -9999 -9999 -9999 -9999 -9999 -9999 -9999 -9999 -9999 -9999 -9999 -9999 -9999 -9999 -9999 -9999 -9999 -9999 -9999 -9999 -9999 -9999 -9999 -9999 -9999 -9999 -9999
408.05 414.38 415.59 413.46 419.31 423.39 438.74 444.06 447.68 437.55 444.06 459.52 458.57 449.15 464.08 476.77 491.62 488.56 469.31 465.06 454.2 443.27 443.45 435.96 447.78 452.49 425.12 398.11 408.07 428.42 447.8 439.68 451.75 452.48 453.24 435.96 431.39 439.06 419.83 -9999 -9999 -9999 -9999 -9999 -9999 -9999 -9999 -9999 -9999 -9999 -9999 -9999 -9999 -9999 -9999 -9999 -9999 -9999 -9999 -9999 -9999 -9999 -9999 -9999 -9999 -9999 -9999 -9999 -9999 -9999 -9999 -9999 -9999
409.54 409.43 410.76 411.71 414.98 419.3 430.19 433.87 444.17 435.07 442.85 456.84 451.87 436.87 441.75 466.75 475.12 472.12 467.52 455.09 438.28 418.92 415.62 428.03 463.86 434.12 431.26 420.05 404.18 390.04 398.22 402.26 403.85 410.24 431.06 460.08 443.93 430 424.6184 -9999 -9999 -9999 -9999 -9999 -9999 -9999 -9999 -9999 -9999 -9999 -9999 -9999 -9999 -9999 -9999 -9999 -9999 -9999 -9999 -9999 -9999 -9999 -9999 -9999 -9999 -9999 -9999 -9999 -9999 -9999 -9999 -9999 -9999
410.43 403.28 404.33 408.75 409.55 421.77 434.52 424.5 426.55 438.3 429.36 445.99 444.66 434.5 433.08 435.75 445.88 448.49 447.37 448.9 447.91 425.28 407.5 430.18 437.5 419.04 434.14 463.77 455.37 420.95 394.36 393.43 395.28 405.45 415.06 428.12 436.96 430.9149 -9999 -9999 -9999 -9999 -9999 -9999 -9999 -9999 -9999 -9999 -9999 -9999 -9999 -9999 -9999 -9999 -9999 -9999 -9999 -9999 -9999 -9999 -9999 -9999 -9999 -9999 -9999 -9999 -9999 -9999 -9999 -9999 -9999 -9999 -9999
402.81 401.66 401.46 401.61 404.76 408.8 418.79 412.12 416.9 427.63 426.79 424.62 423.36 424.7 437.58 432.44 420.25 422.92 423.57 425.46 422.02 417.63 396.85 411.63 417.98 417.21 412.02 427 435.46 448.43 452.53 420.06 405.42 411.46 421.29 433.97 429.51 -9999 -9999 -9999 -9999 -9999 -9999 -9999 -9999 -9999 -9999 -9999 -9999 -9999 -9999 -9999 -9999 -9999 -9999 -9999 -9999 -9999 -9999 -9999 -9999 -9999 -9999 -9999 -9999 -9999 -9999 -9999 -9999 -9999 -9999 -9999 -9999
400.42 398.73 401.71 408.54 402.51 399.96 404.14 403.3 404.09 407.15 406.68 411.94 410.1 421.76 429.63 411.88 408.34 409.23 410.2 404.56 405.85 397.21 377.98 393.38 401.5 394.61 393.18 406.05 431.42 443.8 450.7 431.41 414.34 419.14 425.53 433.55 435.4 -9999 -9999 -9999 -9999 -9999 -9999 -9999 -9999 -9999 -9999 -9999 -9999 -9999 -9999 -9999 -9999 -9999 -9999 -9999 -9999 -9999 -9999 -9999 -9999 -9999 -9999 -9999 -9999 -9999 -9999 -9999 -9999 -9999 -9999 -9999 -9999
398.5 394.93 396.54 399.83 396.02 395.35 397.96 397.02 397.59 397.06 396.34 396.44 396.96 403.6 401.56 395.45 399.37 397.84 398.16 396.05 392.9 393.09 385.19 363.12 366.01 376.59 384.76 406.37 419.75 430.47 428.6 414.08 414.95 423.64 434.63 434.26 439.35 -9999 -9999 -9999 -9999 -9999 -9999 -9999 -9999 -9999 -9999 -9999 -9999 -9999 -9999 -9999 -9999 -9999 -9999 -9999 -9999 -9999 -9999 -9999 -9999 -9999 -9999 -9999 -9999 -9999 -9999 -9999 -9999 -9999 -9999 -9999 -9999
396.67 393.94 394.12 394.54 393.8 393.08 394.48 396.2 395.52 397.48 394.22 394.79 392.3 394.02 391.86 390.26 384.86 384.51 383.71 381.64 384.55 383.55 386.86 393.03 389.86 384.07 386.6 395.09 410.45 427.77 419.57 433.2 442.58 426.2 433.98 436.67 444.04 456.3175 -9999 -9999 -9999 -9999 -9999 -9999 -9999 -9999 -9999 -9999 -9999 -9999 -9999 -9999 -9999 -9999 -9999 -9999 -9999 -9999 -9999 -9999 -9999 -9999 -9999 -9999 -9999 -9999 -9999 -9999 -9999 -9999 -9999 -9999 -9999
399.57 399.59 399.34 398.99 396.97 395.57 396.43 397.57 399.27 401.6 400.71 400.66 391.64 387.32 383.71 382.3 377.23 374.29 372.64 371.15 372.6 376.95 376.32 382.63 394.46 406.57 418.42 409.85 395.12 446.71 459.08 435.1 429.82 434.2 424.1 435.22 448.79 462.9899 -9999 -9999 -9999 -9999 -9999 -9999 -9999 -9999 -9999 -9999 -9999 -9999 -9999 -9999 -9999 -9999 -9999 -9999 -9999 -9999 -9999 -9999 -9999 -9999 -9999 -9999 -9999 -9999 -9999 -9999 -9999 -9999 -9999 -9999 -9999
401.38 401.05 400.86 400.35 399.89 402.03 407.4 410.32 413.5 411.84 410.82 413.55 402.73 390 380.72 374.44 371.56 367.98 367.12 365.2 367.34 369.45 380.5 396.02 416.52 444.71 442.31 431.69 407.66 466.65 455.68 418.75 417.64 420.42 419.95 434.6 467.52 479.77 -9999 -9999 -9999 -9999 -9999 -9999 -9999 -9999 -9999 -9999 -9999 -9999 -9999 -9999 -9999 -9999 -9999 -9999 -9999 -9999 -9999 -9999 -9999 -9999 -9999 -9999 -9999 -9999 -9999 -9999 -9999 -9999 -9999 -9999 -9999
403.46 406.44 408.44 410.46 413.46 419.89 432.95 435.46 434.87 433.9 428.64 433.79 425.28 402.82 382.95 371.42 366.5 362.29 360.74 362.17 371.64 392.03 407.04 432.63 454.63 476.48 457.66 439 419.96 469.01 459.1 437.3 422.7 417.19 423.88 439.16 484.12 501.92 494.8148 -9999 -9999 -9999 -9999 -9999 -9999 -9999 -9999 -9999 -9999 -9999 -9999 -9999 -9999 -9999 -9999 -9999 -9999 -9999 -9999 -9999 -9999 -9999 -9999 -9999 -9999 -9999 -9999 -9999 -9999 -9999 -9999 -9999 -9999
410.9 414.96 425.22 429.4 436.15 438.33 432.22 438.44 443.06 449.59 453.76 458.55 442.66 413.07 386.37 372.17 364.68 359.3 358.14 365.41 395.78 420.2 427.19 450.2 451.36 440.01 438.27 435.9 450.38 487.44 466.11 444.7 431.72 425.24 436.86 451.73 489.65 515.12 504.18 514.8571 -9999 -9999 -9999 -9999 -9999 -9999 -9999 -9999 -9999 -9999 -9999 -9999 -9999 -9999 -9999 -9999 -9999 -9999 -9999 -9999 -9999 -9999 -9999 -9999 -9999 -9999 -9999 -9999 -9999 -9999 -9999 -9999 -9999
415.9 420.51 427.86 433.2 434.26 443.6 443.22 438.66 444.45 446.42 448.09 454.05 447.12 421.75 399.51 380.75 371.23 360.48 364.49 374.19 389.77 405.78 419.51 430.07 429.72 429.06 429.79 424.33 433.06 458.94 453.92 433.93 447.1 448.95 439.16 457.04 491.7 517.33 528.67 531.74 550.3134 -9999 -9999 -9999 -9999 -9999 -9999 -9999 -9999 -9999 -9999 -9999 -9999 -9999 -9999 -9999 -9999 -9999 -9999 -9999 -9999 -9999 -9999 -9999 -9999 -9999 -9999 -9999 -9999 -9999 -9999 -9999 -9999
428.67 437.35 436.55 432.06 434.91 446.4 450.36 449.48 449.28 450.62 448.4 447.17 437.21 431.5 420.13 410.65 403.14 384.87 389.36 390.82 397.55 411.02 421.1 425.29 422.69 417.05 433.75 449.79 448.81 435.56 423.95 452.53 462.91 461.53 495.01 506.28 496.72 544.28 558.79 558.03 561.68 585.48 602.0309 -9999 -9999 -9999 -9999 -9999 -9999 -9999 -9999 -9999 -9999 -9999 -9999 -9999 -9999 -9999 -9999 -9999 -9999 -9999 -9999 -9999 -9999 -9999 -9999 -9999 -9999 -9999 -9999 -9999 -9999
440.2 440.85 441.59 440.59 440.71 444.35 450.63 459.8 453.69 440.25 438.32 455.02 470.76 480.27 478.02 473.81 443.71 411.76 393.42 402.86 397.28 399.22 401.2 403.7 423.19 411.37 409.75 422.06 429.89 406.75 431.66 456.62 479.36 516.62 530.61 512.13 519.5 577.56 567.17 572.32 569.52 573.43 585.3494 -9999 -9999 -9999 -9999 -9999 -9999 -9999 -9999 -9999 -9999 -9999 -9999 -9999 -9999 -9999 -9999 -9999 -9999 -9999 -9999 -9999 -9999 -9999 -9999 -9999 -9999 -9999 -9999 -9999 -9999
445.27 451.65 459.07 451.54 447.19 444.52 457.04 443.05 438.77 410.7 443.73 491.91 518.27 481.16 485.02 463.52 433.51 403.85 386.44 375.34 372.94 374.65 377.63 386.22 402.23 415.5 409.14 399.45 404.93 402.29 403.92 444.28 493.33 493.97 546.75 551.67 558.9 564.23 571.32 519.6 536.8289 -9999 -9999 -9999 -9999 -9999 -9999 -9999 -9999 -9999 -9999 -9999 -9999 -9999 -9999 -9999 -9999 -9999 -9999 -9999 -9999 -9999 -9999 -9999 -9999 -9999 -9999 -9999 -9999 -9999 -9999 -9999 -9999
468.03 463.44 459.7 452.2 439.58 452.96 436.7 412.83 411.52 437.08 511.1 526.92 524.39 481.42 440.12 421.16 395.94 370.8 363.53 364.46 353.98 344.2 352.68 371.74 376.93 394.69 402.55 387.18 406.34 430.13 401.58 422.88 501.88 473.62 483.79 464.05 507.54 463.16 472.2778 486.7936 -9999 -9999 -9999 -9999 -9999 -9999 -9999 -9999 -9999 -9999 -9999 -9999 -9999 -9999 -9999 -9999 -9999 -9999 -9999 -9999 -9999 -9999 -9999 -9999 -9999 -9999 -9999 -9999 -9999 -9999 -9999 -9999 -9999
468.95 457.52 446.49 447.37 447.08 435.49 411.17 407 426.84 445.14 459.72 496.08 501.74 443.49 413.47 391.9 366.43 370.74 352.42 334.6 328.65 334.15 350.97 370.28 365.31 367.64 386.66 426.28 415.06 403.77 394.51 385.51 433.93 414.76 397.24 387.21 408.8378 -9999 -9999 -9999 -9999 -9999 -9999 -9999 -9999 -9999 -9999 -9999 -9999 -9999 -9999 -9999 -9999 -9999 -9999 -9999 -9999 -9999 -9999 -9999 -9999 -9999 -9999 -9999 -9999 -9999 -9999 -9999 -9999 -9999 -9999 -9999 -9999
456 437.24 432.49 434.2 427.88 413.55 390.51 396.5 415.47 424.09 479.24 508.67 460.21 388.39 366.12 372.64 370.48 347.8 329.61 336.4 327.14 324.2 329.23 328.43 347.21 362.65 360.57 387.32 391.71 414.56 384.53 353.7 353.46 356.01 345.14 353.9231 -9999 -9999 -9999 -9999 -9999 -9999 -9999 -9999 -9999 -9999 -9999 -9999 -9999 -9999 -9999 -9999 -9999 -9999 -9999 -9999 -9999 -9999 -9999 -9999 -9999 -9999 -9999 -9999 -9999 -9999 -9999 -9999 -9999 -9999 -9999 -9999 -9999
425.5 424.54 435.87 432.51 413.44 384.22 422.81 460.61 424.18 502.9 536.42 476.77 464.2 426.15 433.23 446.44 445.64 401.93 365.36 324.53 311.99 318.59 312.16 305.34 326.61 346.9 388.23 383.84 372.01 381.47 374.82 341.46 326.74 326.37 325.4868 -9999 -9999 -9999 -9999 -9999 -9999 -9999 -9999 -9999 -9999 -9999 -9999 -9999 -9999 -9999 -9999 -9999 -9999 -9999 -9999 -9999 -9999 -9999 -9999 -9999 -9999 -9999 -9999 -9999 -9999 -9999 -9999 -9999 -9999 -9999 -9999 -9999 -9999
