layers/wordclim/future/Iberia_wcB2a_10_hadcm3_2050/bio_02.asc
ncols         166
nrows         93
xllcorner     -9.4959440078468
yllcorner     36.000324005443
cellsize      0.083333337679505
NODATA_value  -9999
[rows 33 to 65 of 93, columns 74 to 147 of 166]
115.72 116.18 116.55 117.05 117.29 118.7 120.18 121.48 122.78 123 123.16 123.24 123.24 122.82 122.02 121.3 120.54 119.04 117.62 116.11 114.38 112.49 110.77 109.31 107.83 107.7 107.35 106.57 105.99 105.8 105.96 106.85 106.64 106.46 106.22 106.72 107.45 108.28 108.36 107.76 107.97 108.44 107.94 108.07 107.12 108.82 106.86 104.77 102.92 99.91 97.56 -9999 -9999 -9999 -9999 -9999 -9999 -9999 -9999 -9999 -9999 -9999 -9999 -9999 -9999 -9999 -9999 -9999 -9999 -9999 -9999 -9999 -9999 -9999
114.94 115.12 114.86 116.11 118.01 119.91 121.25 121.74 122.53 122.94 123.68 123.96 123.17 123.04 122.48 121.45 120.39 119.23 117.75 116.21 114.57 112.8 111.03 108.88 107.19 107.06 106.51 106.11 105.5 105.02 105.01 105.19 105.04 104.77 104.99 105.26 105.83 106.51 105.73 105.03 105.77 106.21 105.56 104.4 104.46 107.35 105.87 102.36 101.4141 -9999 -9999 -9999 -9999 -9999 -9999 -9999 -9999 -9999 -9999 -9999 -9999 -9999 -9999 -9999 -9999 -9999 -9999 -9999 -9999 -9999 -9999 -9999 -9999 -9999
114.88 114.35 113.75 115.83 118.79 120.13 120.95 121.45 122.35 123.8 124.06 123.8 123.87 123.66 122.98 121.97 120.82 119.59 118.13 116.68 115.19 113.33 111.02 109.07 107.73 107.9 107.14 106.12 105.35 104.95 104.59 104.03 103.63 103.55 103.59 103.86 104.86 104.54 104.51 103.66 103.95 102.91 102.08 100.41 103.38 105.9 104.42 102.29 100.1127 -9999 -9999 -9999 -9999 -9999 -9999 -9999 -9999 -9999 -9999 -9999 -9999 -9999 -9999 -9999 -9999 -9999 -9999 -9999 -9999 -9999 -9999 -9999 -9999 -9999
114.91 113.21 114.38 118.09 119.04 120.03 121.66 121.55 122.07 123 123.71 124.53 124.7 124.12 123.25 122.6 121.42 120.21 118.63 117.21 115.63 114.21 111.72 109.4 108.3 108.56 106.93 106.11 105.2 104.87 104.02 103.47 103.25 103.06 103.13 103.52 103.36 103.4 102.44 101.61 101.46 100.31 101.02 101.21 103.34 103.76 102.44 100.7216 98.44086 95.90697 94.43478 -9999 -9999 -9999 -9999 -9999 -9999 -9999 -9999 -9999 -9999 -9999 -9999 -9999 -9999 -9999 -9999 -9999 -9999 -9999 -9999 -9999 -9999 -9999
115.72 114 116.73 118.28 118.93 121.13 122.47 122.05 123.52 124.48 125.16 125.63 125.49 124.92 124.12 123.11 121.83 120.69 119.52 117.92 116.41 114.84 112.91 110.55 108.42 108.21 107.27 105.88 105.15 104.78 104.07 103.43 102.97 102.37 102 102.2 102.03 102.16 101.83 100.87 100.69 101.02 101.54 102.13 102 101.35 99.97872 -9999 -9999 -9999 -9999 -9999 -9999 -9999 -9999 -9999 -9999 -9999 -9999 -9999 -9999 -9999 -9999 -9999 -9999 -9999 -9999 -9999 -9999 -9999 -9999 -9999 -9999 -9999
117.3 117.58 118.64 118.47 120.35 122.13 122.64 122.65 124.47 125.27 125.79 125.97 126.12 125.91 125.32 123.99 122.18 121.21 119.69 118.12 116.89 115.48 113.57 111.42 108.92 107.97 107.14 105.71 105.32 105.42 104.3 103.75 102.99 102.04 101.36 101.48 101.15 101.07 100.87 100.26 100.27 100.26 100.62 100.52 100.27 99.4 -9999 -9999 -9999 -9999 -9999 -9999 -9999 -9999 -9999 -9999 -9999 -9999 -9999 -9999 -9999 -9999 -9999 -9999 -9999 -9999 -9999 -9999 -9999 -9999 -9999 -9999 -9999 -9999
119.37 119.51 119.73 120.37 121.75 122.52 122.65 123.5 124.57 125.16 125.92 126.29 126.94 126.99 126.28 125.01 123.2 121.5 120.22 118.53 117.39 116.06 114.13 112.32 109.83 108.3 107.63 105.97 106.31 105.68 104.96 104.03 103.08 102.07 101.63 101 100.89 100.28 99.96 99.6 99.72 99.52 99.43 98.85 98.53 98.12 -9999 -9999 -9999 -9999 -9999 -9999 -9999 -9999 -9999 -9999 -9999 -9999 -9999 -9999 -9999 -9999 -9999 -9999 -9999 -9999 -9999 -9999 -9999 -9999 -9999 -9999 -9999 -9999
120.62 120.84 120.9 121.72 122.04 122.3 123.65 124.09 125.98 126.88 126.77 127.89 128.24 128.52 128.19 126.08 124.36 122.52 120.83 119.21 118.02 116.61 114.97 113.01 110.69 108.48 106.69 106.33 106.55 105.88 104.92 104.28 103.4 102.55 101.68 101.09 100.61 99.94 99.39 98.89 98.36 97.86 97.71 97.12 96.77109 -9999 -9999 -9999 -9999 -9999 -9999 -9999 -9999 -9999 -9999 -9999 -9999 -9999 -9999 -9999 -9999 -9999 -9999 -9999 -9999 -9999 -9999 -9999 -9999 -9999 -9999 -9999 -9999 -9999
121.79 122.08 122.51 122.83 122.77 123.98 125.39 125.67 126.69 128.09 128.61 129.55 130.13 130.05 129.65 127.22 125.12 123.51 122.23 119.94 118.68 117.19 115.63 113.93 112.02 109.59 107.13 106.88 106.78 105.21 104.41 104.08 103.52 102.59 101.88 101.27 100.73 99.37 98.57 97.94 97.21 96.22 96.13 95.84146 -9999 -9999 -9999 -9999 -9999 -9999 -9999 -9999 -9999 -9999 -9999 -9999 -9999 -9999 -9999 -9999 -9999 -9999 -9999 -9999 -9999 -9999 -9999 -9999 -9999 -9999 -9999 -9999 -9999 -9999
122.71 123.35 123.47 123.45 124.2 126.26 126.73 127.12 128.77 129.35 129.95 130.9 131.7 131.27 131.65 128.49 126.99 125.34 122.72 121.09 119.5 118.06 116.09 114.43 112.41 110.02 108.73 108.28 107.04 105.14 104.14 103.78 103.16 102.36 101.49 100.76 100.13 98.1 96.62 96.17 95.49 94.82 94.53947 -9999 -9999 -9999 -9999 -9999 -9999 -9999 -9999 -9999 -9999 -9999 -9999 -9999 -9999 -9999 -9999 -9999 -9999 -9999 -9999 -9999 -9999 -9999 -9999 -9999 -9999 -9999 -9999 -9999 -9999 -9999
123.86 124 124.15 124.87 125.88 127.11 128.07 128.56 129.48 130.63 131.46 132.22 132.87 133.29 133 129.85 127.48 125.65 124.21 122.4 120.76 118.88 117.03 114.94 112.4 110.92 110.36 109.76 108.54 106.15 104.66 103.66 102.59 101.6 100.83 99.77 98.8 96.86 94.97 94.69 94.16 93.19318 -9999 -9999 -9999 -9999 -9999 -9999 -9999 -9999 -9999 -9999 -9999 -9999 -9999 -9999 -9999 -9999 -9999 -9999 -9999 -9999 -9999 -9999 -9999 -9999 -9999 -9999 -9999 -9999 -9999 -9999 -9999 -9999
124.4 124.88 125.99 126.75 127.29 128.3 128.95 129.7 130.61 131.58 132.41 133.05 133.67 134.13 134.09 131.68 128.88 127.8 125.94 123.7 121.94 119.72 117.78 115.69 113.43 111.96 111.47 110.25 108.99 107.07 105.71 104.18 103.22 101.22 99.87 98.1 96.19 94.21 93.33 92.8 92.34328 -9999 -9999 -9999 -9999 -9999 -9999 -9999 -9999 -9999 -9999 -9999 -9999 -9999 -9999 -9999 -9999 -9999 -9999 -9999 -9999 -9999 -9999 -9999 -9999 -9999 -9999 -9999 -9999 -9999 -9999 -9999 -9999 -9999
125.97 126.74 127.54 127.91 128.36 129.27 129.95 130.44 131.15 132.18 132.73 133.41 133.99 134.01 133.88 132.33 130.26 128.9 126.84 124.77 122.75 120.7 118.71 116.44 114.4 112.52 111.36 110.51 109.35 108.53 106.61 104.85 102.86 101.19 100.49 98.61 95.53 92.98 91.45 90.59794 -9999 -9999 -9999 -9999 -9999 -9999 -9999 -9999 -9999 -9999 -9999 -9999 -9999 -9999 -9999 -9999 -9999 -9999 -9999 -9999 -9999 -9999 -9999 -9999 -9999 -9999 -9999 -9999 -9999 -9999 -9999 -9999 -9999 -9999
127.06 127.89 128.11 128.47 129.36 129.97 130.43 131.08 131.76 132.37 133.02 133.25 133.5 133.98 133.15 132.15 130.53 128.97 127.17 125.02 123.15 121.28 119.26 117.47 115.52 113.55 111.53 110.43 109.2 108.42 107.15 105.23 102.93 100.43 98.58 98.62 97.06 93.27 91.07071 -9999 -9999 -9999 -9999 -9999 -9999 -9999 -9999 -9999 -9999 -9999 -9999 -9999 -9999 -9999 -9999 -9999 -9999 -9999 -9999 -9999 -9999 -9999 -9999 -9999 -9999 -9999 -9999 -9999 -9999 -9999 -9999 -9999 -9999 -9999
128.15 128.61 128.96 129.34 129.99 130.72 131.33 131.95 132.02 132.49 133 133.07 133.05 133.11 132.99 132.14 130.63 128.85 127.35 125.4 123.48 121.79 119.78 118.01 116.14 114.25 111.89 110.6 109.32 108.21 106.36 105.13 103.3 101.6 98.65 96.29 94.78 92.35 -9999 -9999 -9999 -9999 -9999 -9999 -9999 -9999 -9999 -9999 -9999 -9999 -9999 -9999 -9999 -9999 -9999 -9999 -9999 -9999 -9999 -9999 -9999 -9999 -9999 -9999 -9999 -9999 -9999 -9999 -9999 -9999 -9999 -9999 -9999 -9999
129.32 129.3 129.71 130.13 130.44 131.08 131.94 132.47 132.26 132.82 132.98 133.02 132.68 132.47 132.49 131.68 130.35 128.9 127.39 125.51 123.65 121.74 120.54 118.62 116.61 115.13 113.01 110.77 108.5 106.93 105.01 102.83 100.9 100.03 99.87 96.58 94 92.8421 -9999 -9999 -9999 -9999 -9999 -9999 -9999 -9999 -9999 -9999 -9999 -9999 -9999 -9999 -9999 -9999 -9999 -9999 -9999 -9999 -9999 -9999 -9999 -9999 -9999 -9999 -9999 -9999 -9999 -9999 -9999 -9999 -9999 -9999 -9999 -9999
130.18 130.11 130.48 130.85 131.29 131.89 132 132.29 132.85 132.66 133.01 132.97 132.57 132.22 131.99 131.16 130.2 128.75 127.46 125.89 123.87 122.04 120.93 119.25 117.25 115.89 114.49 112.82 110.17 107.25 104.95 102.56 100.2 98.64 97.04 95.63 94.04256 -9999 -9999 -9999 -9999 -9999 -9999 -9999 -9999 -9999 -9999 -9999 -9999 -9999 -9999 -9999 -9999 -9999 -9999 -9999 -9999 -9999 -9999 -9999 -9999 -9999 -9999 -9999 -9999 -9999 -9999 -9999 -9999 -9999 -9999 -9999 -9999 -9999
131 130.97 131.05 131.06 131.5 132 132.03 132.41 132.98 132.88 132.85 132.36 132.27 132.21 131.66 130.84 129.88 128.77 127.42 125.79 124.24 122.21 121.44 119.66 117.82 116.1 114.61 113.12 111.69 110.17 106.89 103.35 100.97 98.74 96.92 95.09 -9999 -9999 -9999 -9999 -9999 -9999 -9999 -9999 -9999 -9999 -9999 -9999 -9999 -9999 -9999 -9999 -9999 -9999 -9999 -9999 -9999 -9999 -9999 -9999 -9999 -9999 -9999 -9999 -9999 -9999 -9999 -9999 -9999 -9999 -9999 -9999 -9999 -9999
131.97 131.9 131.87 131.86 131.99 132 132.14 132.18 132.19 132.51 132.48 132.15 132.06 131.96 131.09 130.26 129.6 128.53 127.28 125.8 124.14 122.28 121.36 120.01 117.98 116.32 114.89 113.7 112.34 110.78 108.2 104.87 101.99 99.91 97.51 95.81 -9999 -9999 -9999 -9999 -9999 -9999 -9999 -9999 -9999 -9999 -9999 -9999 -9999 -9999 -9999 -9999 -9999 -9999 -9999 -9999 -9999 -9999 -9999 -9999 -9999 -9999 -9999 -9999 -9999 -9999 -9999 -9999 -9999 -9999 -9999 -9999 -9999 -9999
132.39 132.32 132.07 132.16 132 132.12 132.4 132.59 132.01 132.02 132 132.01 131.95 131.2 130.76 130.05 129.49 128.42 127.31 126 124.6 122.99 121.1 119.68 118.21 116.85 115.65 114.11 112.63 110.71 107.98 105.73 103.45 101.62 99.25 97.67 -9999 -9999 -9999 -9999 -9999 -9999 -9999 -9999 -9999 -9999 -9999 -9999 -9999 -9999 -9999 -9999 -9999 -9999 -9999 -9999 -9999 -9999 -9999 -9999 -9999 -9999 -9999 -9999 -9999 -9999 -9999 -9999 -9999 -9999 -9999 -9999 -9999 -9999
133.04 132.9 132.35 132.47 132.12 132.04 132.65 132.51 132.49 132.03 132 132 131.89 131.01 130.89 130 129.44 128.31 127.12 126.02 124.72 123.74 122.54 121 119.14 117.32 116 114.59 113.39 111.36 109.96 108.31 104.84 103.04 101.3 99.63 99.36508 -9999 -9999 -9999 -9999 -9999 -9999 -9999 -9999 -9999 -9999 -9999 -9999 -9999 -9999 -9999 -9999 -9999 -9999 -9999 -9999 -9999 -9999 -9999 -9999 -9999 -9999 -9999 -9999 -9999 -9999 -9999 -9999 -9999 -9999 -9999 -9999 -9999
133.38 133 133 132.99 132.32 132.5 132.94 132.73 132.89 132.97 132.15 132 131.46 131.02 130.86 129.92 129.07 128.27 127.08 126.05 125.23 124.07 123.01 121.77 120.54 118.95 117.2 115.28 114.64 113.53 111.07 108.77 106.82 104.14 102.68 101.84 100.899 -9999 -9999 -9999 -9999 -9999 -9999 -9999 -9999 -9999 -9999 -9999 -9999 -9999 -9999 -9999 -9999 -9999 -9999 -9999 -9999 -9999 -9999 -9999 -9999 -9999 -9999 -9999 -9999 -9999 -9999 -9999 -9999 -9999 -9999 -9999 -9999 -9999
133.92 133.16 133 133 132.91 133.14 133 133.01 133.01 132.99 132.73 132.18 131.64 131 130.63 130 129.23 128.68 127.35 126.65 125.42 124.54 123.71 122.63 121.32 120.11 118.42 116.54 115.86 114.34 111.74 109.54 107.59 105.5 104.38 103.99 103.3 -9999 -9999 -9999 -9999 -9999 -9999 -9999 -9999 -9999 -9999 -9999 -9999 -9999 -9999 -9999 -9999 -9999 -9999 -9999 -9999 -9999 -9999 -9999 -9999 -9999 -9999 -9999 -9999 -9999 -9999 -9999 -9999 -9999 -9999 -9999 -9999 -9999
133.96 133.77 133.47 133.43 133.17 133.84 133.47 133.31 133.01 133 133 132.07 131.96 130.89 130.05 130 129.2 128.64 127.98 126.94 126.21 125.33 124.39 123.46 122.16 120.78 119.51 117.8 116.7 115.28 113.4 111.24 109.13 107.62 106.43 106.36 105.55 104.3827 -9999 -9999 -9999 -9999 -9999 -9999 -9999 -9999 -9999 -9999 -9999 -9999 -9999 -9999 -9999 -9999 -9999 -9999 -9999 -9999 -9999 -9999 -9999 -9999 -9999 -9999 -9999 -9999 -9999 -9999 -9999 -9999 -9999 -9999 -9999 -9999
134 134 134 133.99 133.61 133.61 133.23 133.16 133.15 133 133 132.29 132 131.08 130.09 129.94 129.05 128.86 128.01 127.46 126.76 125.91 125.04 123.89 122.79 121.53 119.99 118.76 117.56 116.42 114.64 112.72 111.06 109.6 108.46 107.87 106.93 105.84 105.5179 -9999 -9999 -9999 -9999 -9999 -9999 -9999 -9999 -9999 -9999 -9999 -9999 -9999 -9999 -9999 -9999 -9999 -9999 -9999 -9999 -9999 -9999 -9999 -9999 -9999 -9999 -9999 -9999 -9999 -9999 -9999 -9999 -9999 -9999 -9999
134.06 133.92 133.57 133.29 133.35 133.37 133.05 133 133.02 133 132.96 132.12 131.68 131.02 130.42 129.75 129.21 129.01 128.36 127.82 127 126.15 125.2 124.29 123.33 122.22 120.79 119.57 118.51 117.16 115.48 114.15 112.8 110.97 109.77 108.9 108.03 107.03 106.72 106.7015 -9999 -9999 -9999 -9999 -9999 -9999 -9999 -9999 -9999 -9999 -9999 -9999 -9999 -9999 -9999 -9999 -9999 -9999 -9999 -9999 -9999 -9999 -9999 -9999 -9999 -9999 -9999 -9999 -9999 -9999 -9999 -9999 -9999 -9999
133.93 133.66 133.04 133 133.07 133.15 133 132.99 133 132.85 132.03 132 131.95 131.5 130.64 130.03 129.82 129.24 128.62 128.02 127.61 126.64 125.9 124.79 123.82 122.76 121.43 120.45 119.01 117.62 116.37 115.18 113.73 112.39 110.86 110.02 108.83 107.57 106.99 107.17 106.79 106.2062 -9999 -9999 -9999 -9999 -9999 -9999 -9999 -9999 -9999 -9999 -9999 -9999 -9999 -9999 -9999 -9999 -9999 -9999 -9999 -9999 -9999 -9999 -9999 -9999 -9999 -9999 -9999 -9999 -9999 -9999 -9999 -9999
133.04 133 133 132.97 132.78 132.96 133 132.8 132.5 132.28 132.04 132 131.62 131.03 131 130.15 129.92 129.11 128.99 128.01 127.54 126.94 126.03 125.25 124.35 123.24 122.13 120.99 120.03 118.7 117.29 115.82 114.53 112.98 111.92 110.63 109.01 108.02 107.12 106.6 106.36 105.7349 -9999 -9999 -9999 -9999 -9999 -9999 -9999 -9999 -9999 -9999 -9999 -9999 -9999 -9999 -9999 -9999 -9999 -9999 -9999 -9999 -9999 -9999 -9999 -9999 -9999 -9999 -9999 -9999 -9999 -9999 -9999 -9999
132.98 132.99 132.47 132.14 132.08 132.64 132.17 131.83 131.1 131.59 132 131.94 131.5 130.93 130.79 130.03 129.84 129.29 128.63 128.08 127.36 127.01 126.27 125.88 124.92 123.86 122.81 121.79 120.79 119.64 118.21 116.36 115.1 113.44 112 110.76 109.6 108.63 108.32 106.9868 -9999 -9999 -9999 -9999 -9999 -9999 -9999 -9999 -9999 -9999 -9999 -9999 -9999 -9999 -9999 -9999 -9999 -9999 -9999 -9999 -9999 -9999 -9999 -9999 -9999 -9999 -9999 -9999 -9999 -9999 -9999 -9999 -9999 -9999
132.32 132.18 131.93 131.41 131.8 131.38 130.69 130.72 131.3 132.04 131.92 131.65 130.91 130.52 129.96 129.67 128.99 128.69 128.58 128.04 127.88 127.02 126.99 126.21 125.22 124.22 123.58 122.41 120.93 120.36 118.74 116.52 115.65 114.2 112.84 111.6 110.56 109.1556 108.0635 -9999 -9999 -9999 -9999 -9999 -9999 -9999 -9999 -9999 -9999 -9999 -9999 -9999 -9999 -9999 -9999 -9999 -9999 -9999 -9999 -9999 -9999 -9999 -9999 -9999 -9999 -9999 -9999 -9999 -9999 -9999 -9999 -9999 -9999 -9999
130.72 130.56 130.77 130.85 130.46 129.83 129.68 130.64 131.01 131.07 131.33 130.89 130.52 129.74 129.48 128.64 128.88 128.38 127.98 127.86 127.87 127.71 126.99 126.81 125.97 125.03 123.62 122.87 121.8 120.79 119.46 117.47 116.36 114.56 112.88 111.6622 -9999 -9999 -9999 -9999 -9999 -9999 -9999 -9999 -9999 -9999 -9999 -9999 -9999 -9999 -9999 -9999 -9999 -9999 -9999 -9999 -9999 -9999 -9999 -9999 -9999 -9999 -9999 -9999 -9999 -9999 -9999 -9999 -9999 -9999 -9999 -9999 -9999 -9999
128.6 128.65 129.12 129.24 128.81 127.93 128.5 129.3 129.88 131.02 130.95 130.38 128.92 128.34 128.45 128.07 128 127.24 127.87 127.7 127.82 127.92 127.05 126.92 126.38 125.91 124.46 123.39 121.91 121.37 119.87 118.17 116.12 113.86 112.3846 -9999 -9999 -9999 -9999 -9999 -9999 -9999 -9999 -9999 -9999 -9999 -9999 -9999 -9999 -9999 -9999 -9999 -9999 -9999 -9999 -9999 -9999 -9999 -9999 -9999 -9999 -9999 -9999 -9999 -9999 -9999 -9999 -9999 -9999 -9999 -9999 -9999 -9999 -9999
126.44 127.5 127.91 127.36 126.3 128.61 130.25 129.09 130.97 131.3 130.02 129.96 129.17 129 129.05 128.66 128.1 127.97 127 127.12 127.16 127.19 127.76 127.54 126.83 125.32 124.72 123.91 122.73 121.75 120.15 118.08 116.03 114.1974 -9999 -9999 -9999 -9999 -9999 -9999 -9999 -9999 -9999 -9999 -9999 -9999 -9999 -9999 -9999 -9999 -9999 -9999 -9999 -9999 -9999 -9999 -9999 -9999 -9999 -9999 -9999 -9999 -9999 -9999 -9999 -9999 -9999 -9999 -9999 -9999 -9999 -9999 -9999 -9999
