layers/wordclim/future/Iberia_wcB2a_10_hadcm3_2050/bio_19.asc
ncols         166
nrows         93
xllcorner     -9.4959440078468
yllcorner     36.000324005443
cellsize      0.083333337679505
NODATA_value  -9999
[rows 32 to 63 of 93, columns 0 to 73 of 166]
-9999 -9999 -9999 -9999 -9999 -9999 -9999 -9999 -9999 -9999 485.4405 497.07 484.56 493.15 501.24 535.6 614.07 593.59 662.33 638.97 568.45 580.22 550.46 540.13 529.88 496.79 443.23 416.51 353.45 344.01 326.74 313.6 297.53 304.15 296.78 277.72 262.73 243.22 228.02 211.91 192.69 176.43 160.37 146.06 133.59 124.95 123.7 122.6 120.71 117.38 113.23 111.28 110.39 109.72 108.29 108.38 108.46 108.17 109.85 111.8 115.1 118.41 122.65 129.2 136.96 143.03 149.75 170.51 174.41 175.35 155.43 154.78 171.52 160.42
-9999 -9999 -9999 -9999 -9999 -9999 -9999 -9999 -9999 -9999 475.3721 499.44 514.51 527.48 529.96 539.54 574.23 640.32 673.14 649.39 637.06 626.01 574.48 520.83 536.59 535.43 475.03 407.69 369.52 374.26 355.2 327.07 328.79 314.49 297.05 277.06 262.63 249.35 230.53 211.32 197.96 182.96 164.39 151.44 140.84 133.62 131.64 124.74 119.85 118.57 116.23 113.4 111.78 110.12 107.93 106.62 105.61 106.3 107.25 109.42 112.41 116.82 121.36 127.94 138.51 145.42 172.92 193.45 167.92 154.2 150.22 148.16 152.74 151.35
-9999 -9999 -9999 -9999 -9999 -9999 -9999 -9999 -9999 -9999 462.3061 484.81 509.75 551.19 628.56 626.79 609.22 558.07 566.24 579.45 602.76 603.57 589.29 551.76 543.77 532.59 476.91 412.4 386.46 390.56 383.43 352.12 326 320.11 304.71 285.35 265.27 247.11 228.41 211.7 198.34 185.18 170.62 160.02 151.35 144.42 139.87 133.04 125.08 121.63 119.61 116.4 115.44 112.26 108 105.65 103.09 101.97 102.2 104.52 108.16 113.76 120.64 127.66 138.76 150.58 193.86 160.51 172.44 165.96 152.77 145.59 139.27 137.53
-9999 -9999 -9999 -9999 -9999 -9999 -9999 -9999 -9999 -9999 451.9438 463.8 491.45 577.28 550.26 580.1 569.88 515.64 528.67 553.14 568.64 565.72 551.12 543.93 527.61 526.93 468.46 421.07 407.76 379.78 378.94 367.35 339.59 317.64 307.65 292.05 271.72 249.16 233.72 217.91 203.56 193.22 180.88 171.99 163.98 158.59 149.85 136.65 131.7 125.77 122.21 120.26 118.92 117.36 112.95 106.42 103.98 100.82 99.66 100.53 104.07 111.82 120.51 135.3 170.66 176.21 197.61 183.37 158.58 149.47 147.1 141.28 139.94 141.85
-9999 -9999 -9999 -9999 -9999 -9999 -9999 -9999 -9999 446.3784 442.6087 452.98 465.97 487.37 543.56 531.03 549.02 523.13 543.53 545.83 524.57 514.58 506.05 508.11 497.75 471.19 447.58 434.96 430.6 406.94 383.19 375.86 349.35 326.11 303.77 297.31 277.26 254 239.8 227.25 213.26 199.51 192.51 187.45 178.33 160.55 147.36 141.22 136.96 132.97 130.17 128.92 132.28 126.89 125.41 121.44 114.47 103.95 100.86 100.45 119.52 121.77 137.35 146.68 145.92 141.64 146.38 147.13 149.28 152.95 147.3 142.27 142.35 140.35
-9999 -9999 -9999 -9999 -9999 -9999 -9999 -9999 -9999 438.473 441.9072 440.56 446.48 475.91 519.83 579.93 599.89 520.66 504.45 499.44 497.39 506.23 512.01 485.28 454.53 453.79 450.79 487.72 454.13 421.55 403.06 381.62 357.92 325.71 299.26 282.47 273.14 264.63 252.02 241.17 231.51 223.21 203.53 185.88 174.01 163.83 155.27 149.22 146.67 147 149.04 147.56 154.07 149.16 139.52 126.38 111.86 104.97 105.99 113.6 124.66 136.42 137.09 150.62 137.35 135.96 144.96 148.53 148.87 150.65 149.21 146.89 146.53 141.28
-9999 -9999 -9999 -9999 -9999 -9999 -9999 -9999 -9999 434.12 438.74 434.4 434.25 453.09 519.8 592.79 488.03 479.56 475.27 487.86 479.59 476.87 467.14 483.07 566.66 570.66 517.72 494.66 462.88 432.47 403.73 393.08 359.59 326.59 306.61 285.62 272.46 281.08 281 290.1 246.9 226.55 199.57 183.34 181.26 174.36 161.37 158.98 159.96 155.14 151.29 161.02 181.21 150.5 133.12 131.1 134.07 129.26 120.27 106.62 109.5 111.12 118.39 129.75 130.28 135.98 141.19 147.29 150.13 154.01 153.18 151.83 150.98 144.73
-9999 -9999 -9999 -9999 -9999 -9999 -9999 -9999 422.2258 428.76 433.43 436.18 429.37 457.83 490.48 481.4 467.19 458.29 463.77 464.6 475.86 486.36 580.34 694.67 623.88 551.88 487 494.61 456.76 422.91 407.05 396.76 356.06 332.95 325.54 305.55 286.46 282.58 269.56 253.48 236.09 191.38 181.24 183.14 175.23 182.76 175.25 163.14 156.97 161.33 187.43 206.32 201.33 185.75 185.71 164.46 132.97 115.3 107.05 106.96 107.53 110.85 117.32 123.4 128.51 133.78 140.26 149.96 152.89 156.48 156.96 153.55 152.13 147.47
-9999 -9999 -9999 -9999 -9999 -9999 -9999 -9999 416.1648 422.54 427.23 435.13 428.51 462.38 459.58 437.07 443.95 449.32 459.9 480.69 494.34 595.82 767.56 698.25 524.79 450.39 431.6 460.07 458.95 432.43 424.84 404.39 379.59 354.65 332.35 315.52 324.01 288.83 263.85 216.75 193.09 186.9 192.78 188.16 204.48 252.97 224.66 174.46 175.83 207.59 213.11 205.58 198.31 166.51 157.42 138.47 130.96 136.01 137.4 123.83 111.26 113.54 117.32 121.06 124.87 133.25 139.82 149.47 155.53 153.23 156.26 154.63 150.86 151.25
-9999 -9999 -9999 -9999 -9999 -9999 -9999 -9999 413.25 418.24 424.76 421.6 420.11 455.01 452.13 431.71 443.12 451.17 460.37 495.57 519.15 571 694.96 663.02 459.82 422.41 427.17 425.17 438.93 452.93 441.78 437.22 395.72 364.26 356.06 312.51 281.33 247.88 225.84 205.32 185.72 187.63 187.44 191.89 261.1 294.31 223.77 201.56 219.4 236.2 259.33 231.75 202.47 156.51 160.73 158.42 125.05 109.45 112.36 113.21 114.19 116 116.69 118.71 125.75 133.44 138.27 146.85 151.55 151.12 150.73 148.87 150.71 153.24
-9999 -9999 -9999 -9999 -9999 -9999 -9999 408.5616 406.26 400.58 402.7 403.5 409.87 436.11 437.73 446.64 445.45 467.69 527.07 588.91 609.75 516.14 480.05 455.16 434.73 429.84 407.21 399.01 401.17 401.08 355.78 331.29 375.12 315.23 279.57 255.54 237.07 235.41 209.6 194.27 182.57 173.24 201.3 247.58 204.53 230.84 288.05 270.5 253.62 173.9 195.15 169.72 132.36 117.97 122.01 110.16 110.48 112.26 114.49 115.97 114.02 113.41 115.63 121.81 127.88 131.39 135.11 143.77 146.75 148.95 147.86 146.12 146.84 148.35
-9999 -9999 -9999 -9999 -9999 -9999 -9999 -9999 387.9318 392.15 395.47 397.52 422.51 429.5 425.15 477.02 516.94 538.91 539.22 563.66 536.26 476.13 479.35 477.76 452.32 418.01 378.62 370.93 364.26 340.38 317.75 308.11 301.53 273.89 247.11 237.58 233.18 224.17 204.7 193.37 183.75 185.5 207.76 198.18 216.9 180.33 168.22 158.14 142.64 125.65 121.36 118.55 117.52 117.43 116.08 115.31 120.41 123.22 113.9 112.56 112.74 114.83 118.98 123.49 127.24 129.19 134.74 138.5 140.79 146.37 142.31 142.75 146.8 149.12
-9999 -9999 -9999 -9999 -9999 -9999 -9999 378.1333 387.08 386.57 385.36 419.08 436.35 434.93 511.44 557.43 525.13 498.04 498.41 481.21 457.73 505.85 463.3 480.93 412.88 379.79 370.61 354.68 354.56 349.85 329.9 290.87 270.93 249.13 238.04 233.8 222.77 208.37 193.75 184.24 182.65 182.96 179.68 175.95 168.71 148.48 140.5 131.87 127.99 126.14 122.65 120.62 120.33 118.86 117.85 118.67 116.4 113.68 113.16 113.74 114.74 116.76 120.2 123.04 124.85 126.66 131.87 133.15 137.67 138.61 137.84 140.68 141.36 141.02
-9999 -9999 -9999 -9999 -9999 -9999 -9999 371.06 383.84 382.99 387.61 432.73 428.61 439.07 484.48 475.65 454.43 464.72 496.98 496.83 494.41 463.71 402.92 402.45 391.08 368.14 355.7 338.01 331.51 320.4 299.32 280.78 276.38 251.79 237.52 225.72 213.33 201.04 192.45 192.62 190.28 179.19 164.89 155.14 148.97 143.03 138.48 134.7 130.72 128.24 126.12 124.08 122.67 121.54 120.88 118.25 117.38 116.59 116.63 118.09 119.87 120.57 120.79 121.06 122.11 126.11 127.93 129.01 132.55 136.23 141.15 145.28 146.93 146.44
-9999 -9999 -9999 -9999 -9999 -9999 355.1905 357.93 375.81 385.84 385.95 411.73 410.67 430.53 433.41 427.17 450.07 480.53 496.88 522 456.13 404.71 380.83 382.48 378.48 357.55 321.74 316.4 308.12 307.71 292.87 276.08 261.33 252.55 237.41 226.53 218.11 208.51 206.77 205.61 189.15 176.02 163.25 155.36 150.83 146.1 143.51 142.26 135.76 132.72 131.44 130.83 126.35 125.71 122.55 122.65 124.61 122.15 120.2 118.85 119.38 120.42 120.88 121.12 124.19 125.54 126.67 128.94 132.43 135.33 140.22 143.71 144.88 144.35
-9999 -9999 -9999 -9999 -9999 -9999 351.1429 351.73 364.44 384.2 403.48 401.87 391.2 415.4 408.38 410.65 413.58 431.82 463.45 465.66 410.27 386.2 379.54 377.51 351.88 322.96 317.91 307.69 309.97 294.22 283.29 273.09 259.46 243.67 231.65 227.33 220.49 215.95 201.63 189.53 181.78 172.75 169.09 163.07 158.37 150.47 150.24 149.1 141.01 139.64 137.24 134.99 130.01 130.03 128.17 127.8 129.49 128.36 126.48 126.49 125.57 122.21 125.23 129.38 130.63 133.7 136.46 136.58 136.51 137.61 137.62 138.97 141.49 141.71
-9999 -9999 -9999 -9999 -9999 343.375 352.5 356.36 358.81 383.27 388.42 377.42 371.37 385.33 404.81 391.47 409.24 408.55 414.34 396.29 371.23 371.96 357.45 343.39 338.49 337.54 325.46 308.25 305.29 291.16 271.65 262.37 260.89 252.22 239.59 221.34 205.69 201.65 198.3 194.58 186.64 179.21 177.4 174.48 174.83 172.87 166.66 159.44 157.37 155.82 150.55 143.59 141.89 140.57 144.95 141.02 139.43 137.79 138.22 135.18 134.75 132.38 134.49 137.97 135.86 139.51 139.93 140.7 140.81 141.31 140.17 140.17 139.65 141.14
-9999 -9999 -9999 -9999 -9999 332.9756 334.77 352.97 375.43 411.2 384.59 371.02 362.43 359.9 378.65 376.28 391.48 404.22 399.18 373.08 356.13 346.24 335.42 339.65 339.23 328.94 313.64 315.91 295.23 282.95 277.45 268.33 261.52 254.34 246.15 227.09 213.13 201.63 195.31 189.74 185.36 178.64 176.83 174.71 173.41 172.7 173.12 174.19 171.28 178.6 165.16 163.37 152.36 148.4 159.96 156.25 156.91 153.47 153.37 149.82 148.73 141.46 141.23 144.93 146.34 144.66 145.58 144.7 142.97 143.05 140.52 142 141.31 141.68
-9999 -9999 -9999 -9999 -9999 324.8081 334.15 385.97 406.09 400.16 394.62 348.84 343.75 343.72 360.41 365.86 365.51 367.04 362.76 358.82 345.66 351.86 345.68 348.04 332.95 330.74 322.85 323.06 312.02 286.26 265.14 259.84 254.44 243.57 235.66 227.73 217.44 199.87 196.22 189.57 183.12 180.96 179.62 179.37 178.87 179.33 176.17 174.67 193.2 190.2 189.83 169.41 166.08 156.04 155.48 161.9 161.65 159.59 170.84 154.94 165.28 159.33 156.79 154.36 154.47 153.4 149.62 144.01 142.96 141.84 141.49 141.97 141.22 138.89
-9999 -9999 -9999 301.119 304.66 321.9 348.27 374.46 368 346.02 337.04 329.95 328 335.92 333.92 330.07 333.03 331.22 344.18 346.95 353.1 350.84 349.51 350.4 355.75 341.51 329.38 319.09 316.17 295.96 270.83 256.93 244.98 234.17 227.12 220.5 214.24 211.24 200.98 194.95 187.47 184.93 183.6 185.74 185.78 201.23 189.25 184.34 196.97 204.03 176.27 165.55 160.2 159.62 152.55 152.14 150.72 152.05 155.29 152.07 155.28 151.66 147.95 145.66 158.9 166.28 159.76 151.69 147.12 147.37 143.99 142.73 141.62 137.93
-9999 -9999 288.625 294.3721 306.78 319.37 337.45 325.83 327.52 331.72 322.17 317.73 323.41 341.88 340.65 338 333.53 341.48 345.51 340.86 337.15 340.07 342.91 346.48 374.19 386.23 362.52 338.64 315.31 297.47 283.07 269.09 248.35 246.72 233.8 219.31 211.07 205.75 201.7 199.1 194.14 192.49 192.36 189.74 187.24 198.65 200.1 193.03 184.4 179.23 172.74 162.14 162.42 156.27 154.74 152.12 152.59 154.33 156.37 160.89 162.65 162.75 151.73 154.04 156.92 155.69 159.56 154 149.64 151.43 153.89 145.98 140.96 138.08
-9999 -9999 296.08 303.98 309.68 317.75 321.3 316.12 319.64 318.52 310.68 310.91 325.72 329.6 332.89 335.7 333.66 328.01 326.28 327.22 320.51 322.62 322.8 327.36 344.1 382.89 370.67 320.84 287.26 280.21 267.77 249.63 238.23 237.8 226.14 222.18 219.34 206.29 205.24 205.99 200.95 198.02 197.19 188.17 179.36 182.05 174.69 174.21 172.08 176.15 173.41 164.9 162.93 159.9 167.35 161.57 159.47 161.41 158.65 158.92 157.63 152.23 148.39 151.8 158.94 156.37 151.83 152.16 156.34 154.33 158.99 145.59 140 137.83
-9999 -9999 298.24 307 315.67 342.79 316.32 315.43 314.18 308.07 306.28 315.82 318.37 319.21 322.86 325.17 319.09 313.19 317.99 314.71 307.71 310.4 319.04 316.43 313.01 318.16 317.91 301.93 275.11 261.72 261.12 239.24 232.43 228.91 224.61 222.63 218.53 213.35 209.57 206.92 216.33 203.56 186.91 184.38 179.89 178.81 174.94 174.78 172.8 173.16 174.3 171.7 167.55 167.09 170.06 174.62 169.21 165.91 162.2 163.76 167.63 159.72 151.62 149.35 157.05 155.39 150.08 145.59 144.78 149.39 145.04 140.33 139.84 139.98
-9999 302.8281 304.98 315.15 332.87 322.44 310.97 313.73 305.24 302.0842 305.6 310.75 313.57 315.81 315.37 314.04 305.44 308.23 307.51 301.08 298.09 298.75 300.85 307.56 302.51 296.6 284.2 277.41 261.66 246.02 241.34 228.21 227.61 221.93 218.96 215.8 208.51 205.56 208.07 202.92 198.33 187.75 185.36 182.28 179.73 180.15 177.98 176.19 175.69 175.36 176.75 175.24 177.98 178.14 176.01 178.18 180.88 172.62 169.07 172.1 172.54 166.98 161.83 156.36 157.09 155.83 148.01 144.41 143.12 142.17 141.9 141.84 141.71 140.78
-9999 315.76 319.88 332.61 340.67 330.6 305.4681 302.6667 299.1264 301.26 305.69 305.7 306.71 304.78 300.99 299.91 298.7 299.31 298.18 295.55 291.72 291.14 288.86 285.1 284.8 281.57 271.39 258.41 253.76 241.4 224.48 219.52 213.49 211.59 210.04 206.07 202.99 199.66 201.02 201.6 196.81 187.84 185.62 184.87 183.85 183.17 183.12 187.52 188.68 181.25 182.88 183.81 180.35 182.19 181.86 182.69 184.62 183.2 177.12 172.38 169.21 174.2 168.97 159.63 160.57 153.1 148.48 146.32 145.52 145.62 145.31 145.16 143.73 142.86
-9999 336.4286 349.97 352.73 355.71 331.6804 305.6076 299.43 298.48 300.01 298.96 296.08 292.02 292.7 292.84 291.95 289.19 285.17 285.54 292.34 292.15 292.36 289.06 284.51 280.22 279.04 277.72 265.58 241.55 227.92 217.58 212.58 207.93 204.55 203.44 203.1 200.1 198.27 200.58 199.56 191.21 189.85 189.46 189.51 189.98 189.22 189.62 189.68 189.59 191.42 190.37 186.31 190.12 199.81 191.95 191.96 188.74 184.84 181.34 183.11 175.52 173.08 171.53 165.62 164.3 157.61 153.51 150.39 149.48 149.08 148.7 148.1 147.42 146.66
-9999 351.98 363.24 357.19 332.91 318 303.0247 299.41 297.95 298.71 299.44 296.58 293.75 294.68 288.33 288.27 287.01 286.68 284.17 284.7 284.06 284.54 295.94 295.44 284.59 273.48 278.22 263.03 233.39 218.53 213.71 210.76 207.12 203.63 203.41 201.62 201.97 203.61 200.63 197.17 198.09 198.49 197.2 200.59 201.21 201.27 201.43 195.7 197.2 198.67 198.97 195.93 192.97 197.84 192.39 193.7 194.43 193.84 195.05 193.18 184.66 179.79 180.68 174.47 167.4 163.15 159.11 156.63 157.35 156.47 155.77 158.78 154.85 149.58
355.8025 363.68 367.34 351.07 325 -9999 -9999 299.3 297.01 295.5 292.51 293.2 291.64 291.98 289.98 289.78 291.17 289.97 284.93 286.17 282.3 282.02 280.36 289.59 289.23 264.07 251.22 237.83 226.37 220.57 217.22 215.25 211.64 210.24 209.14 207.87 210.97 210.47 205.19 209.24 211.01 212.83 213.37 211.03 218.62 209.97 210.62 205.52 208.34 209.52 211.38 209.97 207.1 197.86 202.86 201.11 198.06 194.23 199.05 196 195.59 189.25 184.54 182.87 179.07 174.75 176.25 169.12 163.36 161.41 159.78 159.08 157.38 154.43
337.42 344.8451 344.1757 337.5065 322.0889 304.3333 301.2809 295.13 293.69 293.84 293.28 290.68 288.32 286.78 289.55 292.6 295.96 293.81 286.61 282.31 280.98 275.51 282.66 277.99 264.04 259.16 236.98 229.68 230.22 225.03 224.21 220.66 216.33 214.89 215.03 213.22 216.17 217.92 213.61 210.08 215.66 222.77 224.54 220.16 219.52 220.28 217.62 220.47 221.68 225.78 222.57 219.16 211.75 207.37 206.63 203.07 201.44 202.35 201.35 199.57 201.39 202.46 196.41 190.52 186.34 185.8 187.47 180.57 169.05 167.92 167.92 163.75 161.96 160.35
-9999 -9999 -9999 322.9189 312.2078 305.381 302.07 295.92 290.47 287.69 286.23 285.81 284.98 289.91 293.63 292.18 294.03 291.54 284.49 272.18 267.4 261.69 260.22 260.62 251.63 240.53 234.83 229.34 232.47 235.41 236.95 232.96 226.23 223.79 223.58 220.72 222.83 225.21 224.08 219.17 225.24 228.73 233.23 234.71 226.92 233.49 232.07 237.49 232.39 226.77 222.8 220.39 218.35 217.17 221.67 212.97 214.63 217.43 213.39 212.21 210.14 209.74 206.68 199.41 197.36 193.06 185.65 180.35 183.45 173.41 175 171.12 168.03 163.3
-9999 -9999 -9999 -9999 313.06 308.68 307.5454 292.4588 283.4945 281.4066 284.15 278.64 277.05 285.17 283.93 282.72 286.7 280.38 270.42 265.67 260.45 255.4 253.69 254.99 250.86 238.95 229.58 231.21 232.15 240 242.16 247.4 254.96 245.18 249.95 231.75 231.41 236.69 234.58 230.91 226.69 242.09 241.61 239.89 235.59 245.67 250.08 243.82 239.91 232.41 232.73 233.4 233.4 229.89 228.29 224.4 221.05 218.94 221.26 229.23 229.43 220.46 214.07 207.98 197.59 195.38 194.74 188.67 183.7 183.62 180.58 178.29 176.34 172.73
-9999 -9999 -9999 -9999 316.2716 315.8857 -9999 283.6471 -9999 275.8205 274.64 272.96 272.02 269.31 271.33 272.57 267.71 264.19 261.91 260.8 254.85 249 250 246.79 242.12 232.84 227.45 229.42 231.34 234.73 241.23 250.97 267.79 269.23 266.14 252.63 238.32 249.57 247.39 242.06 235 239 244.37 249.48 248.22 253.01 251.57 247.12 247.9 249.52 245.04 245.63 244.81 239.94 240.21 239.2 235.97 232 227.13 224.4 226.52 234.81 230.27 224.86 218.67 203.47 194.17 199.07 202.3 203.68 200.4 185.27 180.04 174.13
