layers/wordclim/future/Iberia_wcB2a_10_hadcm3_2050/bio_16.asc
ncols         166
nrows         93
xllcorner     -9.4959440078468
yllcorner     36.000324005443
cellsize      0.083333337679505
NODATA_value  -9999
[rows 0 to 32 of 93, columns 73 to 145 of 166]
-9999 -9999 -9999 -9999 -9999 -9999 -9999 -9999 -9999 -9999 -9999 -9999 -9999 -9999 -9999 -9999 -9999 -9999 -9999 -9999 -9999 -9999 -9999 -9999 -9999 -9999 -9999 -9999 -9999 -9999 -9999 -9999 -9999 -9999 -9999 -9999 -9999 -9999 -9999 -9999 -9999 -9999 -9999 -9999 -9999 -9999 -9999 -9999 -9999 -9999 -9999 -9999 -9999 -9999 -9999 -9999 -9999 -9999 -9999 -9999 -9999 -9999 -9999 -9999 -9999 -9999 -9999 -9999 -9999 -9999 -9999 -9999 -9999
-9999 -9999 -9999 -9999 -9999 -9999 -9999 -9999 -9999 -9999 -9999 -9999 -9999 -9999 -9999 -9999 -9999 -9999 -9999 -9999 -9999 -9999 -9999 -9999 -9999 -9999 -9999 -9999 -9999 -9999 -9999 -9999 -9999 -9999 -9999 -9999 -9999 -9999 -9999 -9999 -9999 -9999 -9999 -9999 -9999 -9999 -9999 -9999 -9999 -9999 -9999 -9999 -9999 -9999 -9999 -9999 -9999 -9999 -9999 -9999 -9999 -9999 -9999 -9999 -9999 -9999 -9999 -9999 -9999 -9999 -9999 -9999 -9999
-9999 -9999 -9999 -9999 -9999 -9999 -9999 -9999 -9999 -9999 -9999 -9999 -9999 -9999 -9999 -9999 -9999 -9999 -9999 -9999 -9999 -9999 -9999 -9999 -9999 -9999 -9999 -9999 -9999 -9999 -9999 -9999 -9999 -9999 -9999 -9999 -9999 -9999 -9999 -9999 -9999 -9999 -9999 -9999 -9999 -9999 -9999 -9999 -9999 -9999 -9999 -9999 -9999 -9999 -9999 -9999 -9999 -9999 -9999 -9999 -9999 -9999 -9999 -9999 -9999 -9999 -9999 -9999 -9999 -9999 -9999 -9999 -9999
-9999 -9999 -9999 -9999 -9999 -9999 -9999 -9999 -9999 -9999 -9999 -9999 -9999 -9999 -9999 -9999 -9999 -9999 -9999 -9999 -9999 -9999 -9999 -9999 -9999 -9999 -9999 -9999 -9999 -9999 -9999 -9999 -9999 -9999 -9999 -9999 -9999 -9999 -9999 -9999 -9999 -9999 -9999 -9999 -9999 -9999 -9999 -9999 -9999 -9999 -9999 -9999 -9999 -9999 -9999 -9999 -9999 -9999 -9999 -9999 -9999 -9999 -9999 -9999 -9999 -9999 -9999 -9999 -9999 -9999 -9999 -9999 -9999
404.1 409.4382 414.2592 -9999 -9999 445.2414 447 441.69 439.2675 438.8974 435.5273 -9999 -9999 -9999 -9999 -9999 -9999 -9999 -9999 -9999 -9999 -9999 -9999 -9999 -9999 -9999 -9999 -9999 -9999 -9999 -9999 -9999 -9999 -9999 -9999 -9999 -9999 -9999 -9999 -9999 -9999 -9999 -9999 -9999 -9999 -9999 -9999 -9999 -9999 -9999 -9999 -9999 -9999 -9999 -9999 -9999 -9999 -9999 -9999 -9999 -9999 -9999 -9999 -9999 -9999 -9999 -9999 -9999 -9999 -9999 -9999 -9999 -9999
386.15 392.35 398.94 406.64 414.2143 431.0808 429.12 423.91 419.16 419.33 421.52 424.1515 424.4795 424.0167 432.5082 434.6066 443.1786 440.2813 446.38 455.95 446.7567 -9999 -9999 -9999 -9999 -9999 -9999 -9999 -9999 -9999 -9999 -9999 -9999 -9999 -9999 -9999 -9999 -9999 -9999 -9999 -9999 -9999 -9999 -9999 -9999 -9999 -9999 -9999 -9999 -9999 -9999 -9999 -9999 -9999 -9999 -9999 -9999 -9999 -9999 -9999 -9999 -9999 -9999 -9999 -9999 -9999 -9999 -9999 -9999 -9999 -9999 -9999 -9999
366.6 370.22 377.92 384.49 389.01 392.46 401.75 399.45 397.57 394.61 398.26 401.99 405.76 411.29 424.34 430.12 432.73 440.82 443.05 442.64 436.41 433.45 430.37 421.54 -9999 -9999 -9999 -9999 -9999 -9999 -9999 -9999 -9999 -9999 -9999 -9999 -9999 -9999 -9999 -9999 -9999 -9999 -9999 -9999 -9999 -9999 -9999 -9999 -9999 -9999 -9999 -9999 -9999 -9999 -9999 -9999 -9999 -9999 -9999 -9999 -9999 -9999 -9999 -9999 -9999 -9999 -9999 -9999 -9999 -9999 -9999 -9999 -9999
343.82 351.32 354.44 359.34 362.66 367.11 367.23 368.39 366.86 368.78 371.7 374.63 379.34 387.13 394.81 401.51 409.78 416.98 416 418.96 419.64 417.54 411.97 408.1233 -9999 -9999 -9999 -9999 -9999 -9999 -9999 -9999 -9999 -9999 -9999 -9999 -9999 -9999 -9999 -9999 -9999 -9999 -9999 -9999 -9999 -9999 -9999 -9999 -9999 -9999 -9999 -9999 -9999 -9999 -9999 -9999 -9999 -9999 -9999 -9999 -9999 -9999 -9999 -9999 -9999 -9999 -9999 -9999 -9999 -9999 -9999 -9999 -9999
321.75 325.71 328 334.06 336.35 337.94 336.44 342.41 339.17 339.57 341.26 345.16 350.78 356.91 364.11 373.03 382.49 389.33 389.58 395.45 398.62 394.29 386.27 381.15 -9999 370 360.2143 -9999 -9999 -9999 -9999 -9999 -9999 -9999 -9999 -9999 -9999 -9999 -9999 -9999 -9999 -9999 -9999 -9999 -9999 -9999 -9999 -9999 -9999 -9999 -9999 -9999 -9999 -9999 -9999 -9999 -9999 -9999 -9999 -9999 -9999 -9999 -9999 -9999 -9999 -9999 -9999 -9999 -9999 -9999 -9999 -9999 -9999
301.7 304.68 307.06 309.56 312.47 313.42 310.74 312.92 311.54 311.88 317.64 323.8 333.81 333.96 337.28 345.74 353.85 361.23 368.91 377.43 382.72 383.17 374.22 367.84 359.58 352.72 345.46 339.7 336.6774 329.9672 327.82 342.2931 -9999 -9999 -9999 -9999 -9999 -9999 -9999 -9999 -9999 -9999 -9999 -9999 -9999 -9999 -9999 -9999 -9999 -9999 -9999 -9999 -9999 -9999 -9999 -9999 -9999 -9999 -9999 -9999 -9999 -9999 -9999 -9999 -9999 -9999 -9999 -9999 -9999 -9999 -9999 -9999 -9999
281.75 286.33 288.4 287.51 290.7 292.28 291.2 285.87 282.26 282.11 284.3 288.47 294.02 308.75 314.93 322.24 330.33 340.34 345.45 356.52 364.01 363.4 358.65 350.89 342.87 336.09 329.84 321.01 319.13 312.68 314.06 332.51 336.5395 -9999 -9999 -9999 -9999 -9999 -9999 -9999 -9999 -9999 -9999 -9999 -9999 -9999 -9999 -9999 -9999 -9999 -9999 -9999 -9999 -9999 -9999 -9999 -9999 -9999 -9999 -9999 -9999 -9999 -9999 -9999 -9999 -9999 -9999 -9999 -9999 -9999 -9999 -9999 -9999
263.2 264.03 265.27 270.65 263.41 265.9 261.14 260.61 264.31 266.98 273.16 272.55 286.53 292.71 293.02 297.89 312.59 315.18 321.36 330.9 345.06 352.05 342.67 335.86 326.45 317.64 309.27 301.33 295.5 287.72 294.05 303.51 312.37 339.2258 328.5075 345.0513 328.5227 362.7677 377.1045 -9999 -9999 -9999 -9999 -9999 -9999 -9999 -9999 -9999 -9999 282.88 313.08 348.3077 357.2364 -9999 -9999 -9999 -9999 -9999 -9999 -9999 -9999 -9999 -9999 -9999 -9999 -9999 -9999 -9999 -9999 -9999 -9999 -9999 -9999
248.71 249.41 254.86 252.84 241.02 238.86 236.29 238.53 237.16 238.52 250.98 245.66 246.57 252.1 259.7 264.75 266.79 277.01 293.04 303.09 314.42 321.11 317.05 311.26 303.46 293.45 287.21 282.04 277.15 266.74 266.1 262.55 261.59 280.19 292.88 344.55 320.08 292.78 350.42 328.7609 -9999 -9999 -9999 329.1528 -9999 363.5 -9999 -9999 -9999 304.7143 289.8 312.7 331.36 344.89 320.1829 347.2381 343.7879 -9999 -9999 -9999 -9999 -9999 -9999 -9999 -9999 -9999 -9999 -9999 -9999 -9999 -9999 -9999 -9999
226.9 228.01 228.6 230.95 227.43 223.24 218.26 223.24 232.97 236.91 226.04 224.68 226.58 224.06 214.31 225.63 240.03 246.57 257.79 272.04 287.01 291.5 289.2 287.25 280.97 270.7 266.7 262.18 252.15 244.15 236.23 239.28 243.31 240.7 243.7 263.32 270.52 254.35 286.44 271.33 308.87 325.8 300.26 279.31 326.97 328.14 358.26 310.59 379.97 361.23 346.48 350.99 354.99 329.66 273.07 307.12 309.04 358.3196 -9999 -9999 -9999 -9999 -9999 -9999 -9999 -9999 -9999 -9999 -9999 -9999 -9999 -9999 -9999
216.23 215.04 215.48 213.43 207.53 203.52 199.67 193.62 189.63 185.75 179.07 178.08 178.34 176.46 179.12 193.04 205.07 217.86 229.21 240.64 255.44 262.61 265.12 261.83 252.98 247.35 242.59 240.75 238.45 238.87 227.41 217.77 224.86 219.6 227.29 219.22 215.19 239.58 260.56 244.72 256.17 247.53 223.99 245.93 310.87 301.64 277.57 310.14 326.65 308.15 316.42 332.11 362.07 353.28 275.32 251.56 278.7 326.02 -9999 -9999 -9999 -9999 -9999 -9999 -9999 -9999 -9999 -9999 -9999 -9999 -9999 -9999 -9999
204.67 206.72 202.66 199.7 196.92 191.5 188.52 181.27 172.68 169.6 159.22 148.86 141.69 142.29 155.19 170.01 182.4 194.39 207.68 216.33 226.16 229.78 236.42 236.49 232.66 233.6 232.4 229.68 226.01 228.44 225.48 209.46 208.41 202.91 206.85 198.68 196.83 217.82 232.98 238.75 210.32 211.48 193.12 226.96 251.68 254.2 258.32 279.56 266.64 258.14 280.96 329.67 318.92 315.01 258.7 270.75 293.53 299.21 -9999 -9999 353.6667 350.2 325.955 265.4074 247.0882 -9999 -9999 -9999 -9999 -9999 -9999 -9999 -9999
205.52 204.15 199.29 206.98 207.48 194.96 187.97 170.75 170.14 185.62 165.41 154.19 145.09 147.41 148.9 156.09 165.49 176.91 188.02 194.79 201.21 206.09 209.52 209.46 208.2 208.19 212.78 210.56 210.79 209.96 208.86 197.57 190 199.27 196.27 195.37 201.34 202.26 211.19 219.5 221.6 197.56 181.45 184.69 198.68 219.75 236.4 255.99 263.63 250.62 251.37 254.75 248.33 255.83 241.38 291.42 267.02 230.09 219.87 246.7 257.67 248.92 242.1 247.05 278.1096 -9999 343.9625 346.47 310.18 284.6588 -9999 -9999 -9999
201.42 214.04 218.16 223.33 206.82 225.86 205.7 178.54 194.92 207.06 188.01 190.56 196.37 177.06 185.48 159.82 155.57 162.47 169.75 176.95 182.28 187.97 191.75 191.18 191.54 189.18 189.33 188.7 188.03 185.78 184.56 173.38 168.76 172.73 187.11 201.59 202.4 206.8 227.34 213.81 207.71 194.21 175.87 172.53 200.12 194.43 222.05 214.5 236.86 223.73 236.87 250.16 221.71 215.94 260.56 269.24 247.37 207.88 234.9 273.93 296.25 298.21 272.09 281.23 288.97 277.89 259.46 274.25 273.38 242.35 231.37 233.65 237.95
211.81 221.26 239.06 239.12 234.61 240.97 211.48 201.66 209.02 186.71 201.58 186.72 206.08 180.35 174.88 160.83 154.49 158.91 158.54 161.95 165.43 171.29 172.81 173.18 174.23 172.94 171.12 167.9 166.78 166.23 163.88 155.96 149.55 146.09 144.92 147.65 151.67 161.51 160.43 162.52 176.89 175.64 178.47 166.52 182.54 171.62 186.55 204.23 215.27 202.38 224.39 206.38 191.56 227.8 263.33 239.5 212.06 218.29 257.46 279.62 282.43 272.27 261.73 228.4 248.1 239.14 230.95 224.82 239.21 237.99 222.3 226.43 224
180.13 190.67 195.85 198.61 208.06 195.86 202.38 223.19 212.36 202.47 213.65 221.99 207.39 190.06 187.35 174.16 165.21 164.82 151.93 152.17 155.92 157.29 157.67 160.52 161.57 157.73 154.48 152.05 149.4 148.15 145.38 140.99 135.78 134.97 135.23 133.61 134.49 138.38 140.99 143.29 149.05 150.17 155.4 150.82 166.42 169.71 190.05 193.46 201.45 188.75 208.01 178.34 182.52 189.67 223.85 228.81 206.2 223.91 243.1 252.43 228.9 238.75 262.2 213.94 218.47 220.63 226.28 220.78 243.72 250.57 230.96 237.24 234.96
171.33 172.3 184.52 213.58 223.13 225.67 239.68 231.54 233.25 232.32 228.76 211.9 194.88 200.5 186.85 176.07 155.88 145.97 145.65 146.32 144.35 145.02 146.56 147.49 151.14 148.43 141.5 140.6 142.62 141.49 136.07 129.07 127.99 126.28 128.46 127.61 128.08 130.41 133.17 135.03 138.92 139.28 139.45 140.41 169.07 178.97 185.26 175.19 185.4 203.9 210.65 183.2 216.39 209.29 203.96 192.92 184.26 195.85 204.28 208.24 213.76 217.98 209.86 198.39 206.84 209.76 218.28 219.91 220.62 235.78 248.85 239.35 238.9
179.17 168.18 172.06 177.11 181.17 192.45 213.75 204.54 218.94 201.78 200.61 188.57 197.76 199.44 186.37 171.39 154.1 148.16 145.7 146.15 138.67 138.69 136.96 134.73 133.7 131.99 129.97 130.42 133.44 136.79 128.65 120.36 120.5 124.4 124.28 122.86 123.33 126.05 127.73 129.88 134.16 132.61 133.1 134.81 142.03 153.59 168.05 170.21 168.72 187.56 178.19 175.93 197.25 175.64 173.28 178.99 185.74 195.02 206.05 202.33 197.79 199.22 200.48 194.66 202.03 203.37 214.28 217 219.01 231.69 241.22 244.25 241.38
169.34 172.03 171.44 173.9 177.68 179.36 179.4 175.49 173.45 171.46 173.78 168.41 168.66 176.14 179.3 168.95 160.34 160.77 151.2 141.9 137.34 138.34 133.27 127.35 125.24 122.69 121.02 124.31 125.1 122.52 117.25 114.91 117.35 120.1 123.81 120.54 120.42 121.33 123.13 125.79 131.89 129.88 126.95 130.24 134.13 137.62 141.54 144.79 154.84 162.02 162.01 157.87 162.77 161.47 170.97 172.49 178.21 189.38 199.43 205.88 198.82 190.24 192.8 189.07 194.96 205.04 222.69 220.27 225.69 236.19 248.83 248.49 246.21
158.16 160.27 165.42 167.65 168.15 171.52 171.92 171.39 171.43 171.65 163.38 160.99 162.42 165.58 166.52 163.66 162.94 162.36 195.18 179.38 139.9 132.73 126.31 122.78 118.8 115.94 112.34 110.61 110.7 110.62 108.93 109.96 113.57 115.96 122.39 121.74 119.68 121.04 121.37 123.02 125.33 124.96 124.18 129.17 127.31 126.81 127.68 132.23 132.57 137.33 139.6 145.13 153.48 159.22 164.48 173.62 180.32 186.09 191.13 200.9 203.65 196.27 185.58 185.44 192.2 206.07 218.33 224.34 235.92 259.3 259.97 244.21 245.25
154.43 155.86 156.86 158.52 158.96 162.42 159.35 161.98 166.83 163.64 161.26 157.57 153.32 154.25 155.74 153.77 157.84 166.71 171.57 179.21 159.69 138.42 130.69 119.45 114.03 111.08 107.38 104.44 102.47 102.26 104.38 107.11 111.07 114.15 119.29 124.5 125.35 123.38 121.36 121.95 122.28 123.54 123.12 125.2 124.26 123.74 127.65 131.28 125.75 128.66 135.07 142.87 150.49 157.24 165.34 174.11 183.38 194.47 199.76 200.31 199.83 195.03 186.99 187.37 200.81 210.48 215.96 217.2 225.59 235.68 238.22 243.55 246.01
153 152.26 151.96 154.98 152.62 154 153.8 153.98 151.87 153.36 155.93 154.79 147.61 147 149.39 149.07 151.57 153.38 154.51 145.34 137.14 124.76 122.74 117.56 108.54 105.26 104.79 106.28 101.16 99.8 103.38 104.88 107.98 110.31 112.38 115.63 121.98 126.58 125.69 126.56 131.01 127.83 126.04 124.09 123.26 124.76 124.83 122.54 121.42 127.89 136.68 145.71 154.16 161.76 169.97 181.9 191.59 199.77 200.45 195.87 197.14 199.9 203.51 194.4 209.9 209.88 208.19 208.89 217.72 229.06 239.29 245.202 246.8158
155.65 152.14 150.48 148.96 148 150.77 148.79 146.46 148.84 150.74 151.03 147.54 149.84 151.32 146.15 143.18 147.09 141.89 139.73 135.73 134.69 117.76 111.12 109.02 102.75 100.69 102.89 106.76 101.83 102.28 104.29 105.14 107.02 108.59 110.03 113.06 116.53 120.37 124.28 125.73 127.45 129.01 128.75 129.29 126.76 125.64 124.38 124.17 126.97 133.92 143.16 152 162.25 172.44 183.88 196.72 204.65 205.92 205.31 199.29 198.62 201.06 201.38 198.17 201.61 203.36 204.03 208.94 220.06 228.7128 -9999 -9999 -9999
159.21 156.71 157.71 154.92 152.26 150.94 148.07 149.02 147.99 145.23 143.24 144.97 149.2 147.85 136.59 135.84 134.95 133.34 127.42 121 122.47 123.46 106.59 104.52 100.36 99.64 101.03 100.94 101.89 107.57 107.88 107.66 107.71 108.57 109.04 112.18 115.97 120.5 124.46 126.46 128.64 129.41 129.54 130.71 134.67 128.62 129.91 132.84 138.81 148.58 160.24 168.9 174.73 185.72 190.54 193.3 202.13 206.47 213.75 212.91 207.39 202.41 203.37 205.69 206.83 208.08 212.56 216.7553 -9999 -9999 -9999 -9999 -9999
160.01 163.73 165.72 165.77 166.81 165.85 157.29 152.95 154.4 152.67 149.14 145.4 143.76 137.26 128.67 128.09 128.25 125.11 123.35 112.53 112.22 106.7 114.58 116.12 113.3 103.42 100.37 103.43 104.23 110.51 107.81 105.7 107.44 108.1 111.11 112.55 116.22 122.15 125.71 128.62 131.26 132.85 131.44 135.57 135.9 138.22 142.63 148.54 156.72 168.11 176.95 184.84 194.94 195.77 195.22 191.54 198.4 202.52 213.67 211 205.54 207.29 213.75 220.69 218.68 221.35 224.734 -9999 -9999 -9999 -9999 -9999 -9999
179.9 178.54 179.31 177.1 174.11 167.5 161.93 158.08 154.72 154.48 151.51 150.08 143.03 131.5 125.79 121.33 118.6 114.83 114.87 111.56 107.99 105.47 110.97 116.79 115.73 111.38 105.86 108.06 109.78 111.11 109.68 108.16 109.34 110.97 112.98 115.67 117.69 121.09 124.14 127.24 129.62 132.75 137.48 141.21 144.28 147.22 150.11 150.56 158.87 171.7 189.61 199.2 208.8 217.12 204.4 193.49 196.29 201.02 206.25 206.35 208.19 213.77 216.99 224.6735 226.321 229.9559 -9999 -9999 -9999 -9999 -9999 -9999 -9999
201.06 191.08 183.34 186.29 175.36 159.88 158.07 151.87 147.91 155.27 153.02 150.85 142.1 133.6 128.36 127.65 128.26 124.46 117.91 112.55 116.12 113.66 108.97 112.49 113.47 113.5 115.17 115.33 112.97 112.03 110.78 112.42 112.71 113.23 114.92 118.13 121.73 124.61 127.91 130.87 134.56 139.5 143.94 145.89 149.32 153.46 159.86 157.43 166.26 178.21 183.9 191.87 200.5 199.85 199.15 197.71 199.7 203.4 206.602 206.6329 211.0758 -9999 -9999 -9999 -9999 -9999 -9999 -9999 -9999 -9999 -9999 -9999 -9999
181.54 188.16 174.95 175.97 168.69 161.13 156.38 149.16 146.54 152.24 152.07 150.14 149.72 149.02 148.68 145.91 138.11 131.6 127.47 121.89 123.04 122.62 117.3 108.36 111.79 114.69 119.76 120.84 117.5 115.97 115.45 119.03 123.81 119.93 119.57 123.35 125.99 129.16 132.97 139.2 141.56 146.37 150.64 154.39 160.79 168.19 174.95 174.15 177.67 183.51 192.64 201.85 202.17 204.36 204.91 202.1975 -9999 -9999 -9999 -9999 -9999 -9999 -9999 -9999 -9999 -9999 -9999 -9999 -9999 -9999 -9999 -9999 -9999
176.77 166.05 166.8 168.6 154.88 151.59 150.25 146.75 149.4 150.52 152.21 151.38 148.87 152.47 154.66 149.28 140.32 143.42 136.87 129.97 124.51 120.8 121.18 121.21 110.17 117.93 123.93 135.74 129.23 120.87 119.46 120.02 122.32 123.17 126.39 129.94 131.79 134.54 137.95 142.94 149.42 156.42 158.8 164.01 171.26 175.77 181.46 185.62 188.07 197.8 204.99 208.74 208.5634 -9999 -9999 -9999 -9999 -9999 -9999 -9999 -9999 -9999 -9999 -9999 -9999 -9999 -9999 -9999 -9999 -9999 -9999 -9999 -9999
