layers/wordclim/future/Iberia_wcB2a_10_hadcm3_2050/bio_07.asc
ncols         166
nrows         93
xllcorner     -9.4959440078468
yllcorner     36.000324005443
cellsize      0.083333337679505
NODATA_value  -9999
[rows 33 to 65 of 93, columns 73 to 145 of 166]
340.77 341.34 341.9 342.68 343.56 343.93 345.82 347.32 348.85 349.84 351.65 351.56 351.54 350.95 348.89 347.44 345.85 344.1 341.7 338.62 335.88 331.88 327.7 324.83 321.64 316.98 317.2 317.39 314.5 313.14 312.61 312.49 314.19 313.99 312.44 311.95 312.78 312.61 312.85 311.75 310.78 309.85 310.75 309.91 310.62 308.83 308.11 306.58 302.51 300.04 295.45 291.26 -9999 -9999 -9999 -9999 -9999 -9999 -9999 -9999 -9999 -9999 -9999 -9999 -9999 -9999 -9999 -9999 -9999 -9999 -9999 -9999 -9999
341.23 341.51 341.68 341.85 343.11 345.21 347 348.2 349.35 350.22 351.1 351.39 351.54 350.64 349.72 348.3 346.65 344.66 342.47 338.59 335.52 332.5 328.43 325.09 319.37 315.84 316.76 315.19 314.92 312.33 310.63 310.4 310.99 309.9 309.09 309.63 308.85 309.38 309.83 307.65 305.74 306.59 306.44 305.41 304.45 303.56 304.3 301.82 299.38 294.9091 -9999 -9999 -9999 -9999 -9999 -9999 -9999 -9999 -9999 -9999 -9999 -9999 -9999 -9999 -9999 -9999 -9999 -9999 -9999 -9999 -9999 -9999 -9999
342.26 342.33 341.76 341.2 343.61 346.79 348 349.2 350.18 351.25 351.95 352.46 352.19 351.62 350.9 349.39 346.73 344.66 342.43 339.58 336.76 333.03 328.94 324.28 319.81 317.05 318.63 317.13 315.45 312.97 310.86 310.07 308.25 307.75 307.02 305.99 305.88 307.03 305.57 304.44 302.99 302.96 301.4 300.67 298.14 300.68 299.77 296.21 294.05 290.0423 -9999 -9999 -9999 -9999 -9999 -9999 -9999 -9999 -9999 -9999 -9999 -9999 -9999 -9999 -9999 -9999 -9999 -9999 -9999 -9999 -9999 -9999 -9999
344.18 343.64 341.36 342.38 346.4 347.82 348.81 350.54 351.04 351.45 352.46 353.96 354.42 353.45 352.33 350.95 348.15 346.07 343.77 340.19 337.34 334.38 331.21 325.31 320.37 319.54 320.01 316.31 314.65 313.58 311.49 309.19 307.99 307.19 305.32 304.67 304.7 303.63 303.11 301.06 299.09 298.43 297.85 298.02 297.41 297.66 295.28 291.47 289.0206 285.6237 282.0698 280.1304 -9999 -9999 -9999 -9999 -9999 -9999 -9999 -9999 -9999 -9999 -9999 -9999 -9999 -9999 -9999 -9999 -9999 -9999 -9999 -9999 -9999
346.79 345.39 342.94 345.4 347.33 348.56 351.7 352.78 353.08 354.46 354.66 355.3 355.37 354.77 353.69 352.28 349.43 347.52 345.12 342.48 339.67 334.94 332.19 328.28 323.15 318.36 318.88 316.85 314.1 312.05 311.69 310.36 307.4 306.47 305.25 304.22 302.09 301.66 301.27 299.66 297.23 296.41 296.5 295.58 294.91 293.06 291.3 289.6383 -9999 -9999 -9999 -9999 -9999 -9999 -9999 -9999 -9999 -9999 -9999 -9999 -9999 -9999 -9999 -9999 -9999 -9999 -9999 -9999 -9999 -9999 -9999 -9999 -9999
350.79 348.68 347.73 348.52 349.8 351.81 353.9 354.31 353.64 355.46 356.1 356.79 356.64 355.44 354.98 353.66 351.49 348.32 345.18 342.57 339.98 337.34 333.86 330.3 324.54 319.68 317.66 316.4 313.25 312.91 312.63 309.86 308.93 306.92 304.83 303.65 301.72 299.51 298.58 297.67 295.83 294.79 293.38 291.37 290.51 288.41 286.62 -9999 -9999 -9999 -9999 -9999 -9999 -9999 -9999 -9999 -9999 -9999 -9999 -9999 -9999 -9999 -9999 -9999 -9999 -9999 -9999 -9999 -9999 -9999 -9999 -9999 -9999
354.36 351.96 352.14 352.1 352.87 354.3 355.36 354.64 355.49 356.55 356.76 356.84 357.21 357.62 356.79 354.5 352.14 349.26 346.58 342.93 340.4 337.88 334.95 330.33 326.18 320.64 318.4 316.7 313.17 313.89 312.98 311.2 309.15 307.52 305.72 303.93 301.21 299.13 297.75 295.77 293.45 291.67 289.18 288.46 286.51 283.82 282.72 -9999 -9999 -9999 -9999 -9999 -9999 -9999 -9999 -9999 -9999 -9999 -9999 -9999 -9999 -9999 -9999 -9999 -9999 -9999 -9999 -9999 -9999 -9999 -9999 -9999 -9999
355.8 355.64 355.47 355.25 355.64 355.38 355.5 356.71 357.6 358.22 359.22 359.09 360.05 359.11 358.54 357.46 354.14 350.41 347.31 344.52 340.9 338.62 335.2 332.11 328.47 322.67 319.25 315.41 314.23 313.5 311.6 310.33 309.66 308.48 305.48 303.04 300.52 297.31 294.72 293.55 290.11 287.69 284.55 285.2 282.74 280.6867 -9999 -9999 -9999 -9999 -9999 -9999 -9999 -9999 -9999 -9999 -9999 -9999 -9999 -9999 -9999 -9999 -9999 -9999 -9999 -9999 -9999 -9999 -9999 -9999 -9999 -9999 -9999
358.96 358.54 358.3 358.4 357.7 357.47 358.22 359.47 358.8 359.92 361.45 361.07 361.87 361.94 360.43 359.18 355.52 351.77 348.11 345.98 342.12 339.75 336.02 333.09 329.3 325.34 319.91 316.04 314.38 313.57 310.23 307.47 307.56 307.58 304.94 301.18 299.1 296.83 292.35 288.76 287.65 284.62 280.75 279.53 279.9024 -9999 -9999 -9999 -9999 -9999 -9999 -9999 -9999 -9999 -9999 -9999 -9999 -9999 -9999 -9999 -9999 -9999 -9999 -9999 -9999 -9999 -9999 -9999 -9999 -9999 -9999 -9999 -9999
361.21 361.1 361.13 359.78 359.21 359.77 361.18 360.89 361.43 363.03 362.62 363.17 363.99 364.54 363.72 363.5 357.69 354.76 351.7 345.97 343.3 340.13 337.34 333.4 329.01 325.08 320.59 318.2 316.92 313.13 308.83 306.22 305.31 303.16 302.3 298.53 297.02 293.83 286.85 281.68 280.85 278.14 277.35 274.8947 -9999 -9999 -9999 -9999 -9999 -9999 -9999 -9999 -9999 -9999 -9999 -9999 -9999 -9999 -9999 -9999 -9999 -9999 -9999 -9999 -9999 -9999 -9999 -9999 -9999 -9999 -9999 -9999 -9999
363.45 363.23 362.89 361.49 361.89 362.67 362.46 363.32 364.03 363.78 365.48 365.42 366.05 366.87 365.99 365.08 360.11 355.37 352.11 349.2 345.19 341.78 337.5 334.47 330.1 323.55 320.84 320.01 320.69 317.8 310.27 305.84 303.14 300.11 296.36 294.76 291.5 288.14 281.82 276.58 276.53 275.89 272.6818 -9999 -9999 -9999 -9999 -9999 -9999 -9999 -9999 -9999 -9999 -9999 -9999 -9999 -9999 -9999 -9999 -9999 -9999 -9999 -9999 -9999 -9999 -9999 -9999 -9999 -9999 -9999 -9999 -9999 -9999
365.31 365.1 364.17 364.46 364.7 363.83 364.39 365.29 366.01 366.74 366.38 366.94 367.63 367.33 367.38 365.9 361.95 357.62 353.86 350.27 346.76 341.96 338.49 334.61 330.14 324.74 321.95 321.33 320.58 317.24 311.36 307.81 303.11 300.67 294.64 290.82 283.4 278.25 273.14 271.58 272.43 270.5373 -9999 -9999 -9999 -9999 -9999 -9999 -9999 -9999 -9999 -9999 -9999 -9999 -9999 -9999 -9999 -9999 -9999 -9999 -9999 -9999 -9999 -9999 -9999 -9999 -9999 -9999 -9999 -9999 -9999 -9999 -9999
367.67 366.69 366.79 366.96 366.05 365.83 366.24 366.81 367.16 366.72 367.66 366.85 367.43 367.74 366.78 365.64 361.99 358.53 354.91 350.41 346.24 342.73 339.36 334.59 329.84 325.63 321.23 319.54 318.47 315.94 314.92 309.24 303.32 296.67 291.99 291.09 284.29 274.44 268.49 265.78 265.1959 -9999 -9999 -9999 -9999 -9999 -9999 -9999 -9999 -9999 -9999 -9999 -9999 -9999 -9999 -9999 -9999 -9999 -9999 -9999 -9999 -9999 -9999 -9999 -9999 -9999 -9999 -9999 -9999 -9999 -9999 -9999 -9999
368.74 368.78 368.82 368.96 367.69 367.65 367.71 368.06 367.44 367.98 368.12 367.68 367.58 366.37 366.51 364.08 361.64 357.76 354.21 350.89 345.61 342.81 339.5 335.46 331.23 326.29 321.77 317.19 315.28 313.52 312.4 308.57 302.25 295.04 286.48 281.38 282.34 277.36 267.45 262.4647 -9999 -9999 -9999 -9999 -9999 -9999 -9999 -9999 -9999 -9999 -9999 -9999 -9999 -9999 -9999 -9999 -9999 -9999 -9999 -9999 -9999 -9999 -9999 -9999 -9999 -9999 -9999 -9999 -9999 -9999 -9999 -9999 -9999
370.58 370.54 370.38 369.02 369.33 370.5 369.22 369.55 368.62 368.39 367.54 368.4 366.84 365.8 364.47 363.28 360.35 357.58 353.31 349.79 346.31 341.69 338.15 334.22 331.33 327.75 322.28 315.7 311.86 310.08 307.71 302.76 299.08 293.8 289.18 279.49 272.48 268.47 262.17 -9999 -9999 -9999 -9999 -9999 -9999 -9999 -9999 -9999 -9999 -9999 -9999 -9999 -9999 -9999 -9999 -9999 -9999 -9999 -9999 -9999 -9999 -9999 -9999 -9999 -9999 -9999 -9999 -9999 -9999 -9999 -9999 -9999 -9999
372.59 372.21 370.83 370.72 371.64 370.45 370.63 369 369.69 367.9 368.16 367.58 366.8 364.06 363.36 361.79 359.82 356.1 353.38 348.93 345.49 340.95 337.49 334.51 331.47 326.91 322.15 317.07 310.84 303.66 298.72 294 286.61 281.88 280.8 281.71 271.54 263.5 260.9868 -9999 -9999 -9999 -9999 -9999 -9999 -9999 -9999 -9999 -9999 -9999 -9999 -9999 -9999 -9999 -9999 -9999 -9999 -9999 -9999 -9999 -9999 -9999 -9999 -9999 -9999 -9999 -9999 -9999 -9999 -9999 -9999 -9999 -9999
374.08 373.17 372.07 372.78 371.41 371.97 371.26 369.99 370.02 368.71 367.24 367.42 365.3 364.07 361.61 361.4 358.78 356.49 352.81 349.25 346.1 340.64 336.27 334.35 331 326.58 323.71 321.04 315.89 307.24 297.14 290.51 282.76 276.43 271.95 268.41 265.01 259.9893 -9999 -9999 -9999 -9999 -9999 -9999 -9999 -9999 -9999 -9999 -9999 -9999 -9999 -9999 -9999 -9999 -9999 -9999 -9999 -9999 -9999 -9999 -9999 -9999 -9999 -9999 -9999 -9999 -9999 -9999 -9999 -9999 -9999 -9999 -9999
375.46 373.89 373.2 373.65 372.51 372.31 371.03 370.55 369.25 368.97 367.5 366.39 364.67 363.28 362.79 360.1 357.51 354.14 351.78 348.44 344.08 340.96 336.14 333.71 330.84 325.87 321.26 317.68 314.18 311.28 307.71 294.75 282.7 276.14 269.55 265.24 260.32 -9999 -9999 -9999 -9999 -9999 -9999 -9999 -9999 -9999 -9999 -9999 -9999 -9999 -9999 -9999 -9999 -9999 -9999 -9999 -9999 -9999 -9999 -9999 -9999 -9999 -9999 -9999 -9999 -9999 -9999 -9999 -9999 -9999 -9999 -9999 -9999
376.52 374.6 375.33 374.25 373.18 372.39 370.95 370.75 369.18 368.67 367.3 365.49 365.28 363.29 362.57 359.25 356.22 354.26 350.74 347.96 345.08 339.79 334.55 331.42 328.51 324.03 319.68 315.85 314.47 310.44 306.59 297.44 286.53 276.97 270.41 264.68 259.62 -9999 -9999 -9999 -9999 -9999 -9999 -9999 -9999 -9999 -9999 -9999 -9999 -9999 -9999 -9999 -9999 -9999 -9999 -9999 -9999 -9999 -9999 -9999 -9999 -9999 -9999 -9999 -9999 -9999 -9999 -9999 -9999 -9999 -9999 -9999 -9999
376.5 375.78 376.09 374.7 373.24 372.46 371.19 370.69 368.99 367.33 366.68 364.67 364.58 362.72 361.44 358.43 355.77 353.56 350.21 347.36 344.37 340.29 334.89 328.68 325.14 322.27 319.01 316.77 312.54 309.03 303.29 293 286.13 279.16 273.95 266.63 262.92 -9999 -9999 -9999 -9999 -9999 -9999 -9999 -9999 -9999 -9999 -9999 -9999 -9999 -9999 -9999 -9999 -9999 -9999 -9999 -9999 -9999 -9999 -9999 -9999 -9999 -9999 -9999 -9999 -9999 -9999 -9999 -9999 -9999 -9999 -9999 -9999
377.59 377.67 376.56 374.93 374.07 371.85 371.15 369.74 369.1 367.75 366.75 364.38 364.35 361.87 359.87 358.18 354.99 352.89 349.38 346.75 343.9 338.82 336.02 332.99 328.58 323.82 318.94 315.42 312.02 309.28 301.58 298.35 294.14 280.58 275.82 270.21 267.3 266.8413 -9999 -9999 -9999 -9999 -9999 -9999 -9999 -9999 -9999 -9999 -9999 -9999 -9999 -9999 -9999 -9999 -9999 -9999 -9999 -9999 -9999 -9999 -9999 -9999 -9999 -9999 -9999 -9999 -9999 -9999 -9999 -9999 -9999 -9999 -9999
378.37 378.52 376.34 375.26 374.6 372.9 371.88 370.1 369.42 368.09 367.25 364.89 364.75 361.75 360.18 357.73 354.44 352.35 349.96 346.15 343.49 339.68 335.5 332.46 330.26 327.47 323.67 318.15 310.6 311.71 308.86 300.03 291.83 285.15 276.58 273.4 271.73 270.606 -9999 -9999 -9999 -9999 -9999 -9999 -9999 -9999 -9999 -9999 -9999 -9999 -9999 -9999 -9999 -9999 -9999 -9999 -9999 -9999 -9999 -9999 -9999 -9999 -9999 -9999 -9999 -9999 -9999 -9999 -9999 -9999 -9999 -9999 -9999
378.74 378.36 376.46 375.91 375.14 373.35 372.9 371.05 370.58 369 367.72 365.69 364.89 362.09 359.94 357.08 355.17 352 349.73 346.22 343.61 339.97 336.56 334.39 333 331.34 326.54 321.98 314.02 315.15 309.73 299.17 291.94 285.74 279.15 276.86 278.01 276.42 -9999 -9999 -9999 -9999 -9999 -9999 -9999 -9999 -9999 -9999 -9999 -9999 -9999 -9999 -9999 -9999 -9999 -9999 -9999 -9999 -9999 -9999 -9999 -9999 -9999 -9999 -9999 -9999 -9999 -9999 -9999 -9999 -9999 -9999 -9999
378.95 378.28 377.05 376.23 375.82 374.7 374.18 372.15 371.4 369.33 368.08 365.82 364.45 362.77 360.04 356.49 354.8 351.52 349.23 347.15 343.46 342.38 339.48 337.6 335.6 333.31 328.31 323.9 317.11 316.44 311.34 303.19 295.63 288.32 284.28 281.23 283.84 283.04 276.9012 -9999 -9999 -9999 -9999 -9999 -9999 -9999 -9999 -9999 -9999 -9999 -9999 -9999 -9999 -9999 -9999 -9999 -9999 -9999 -9999 -9999 -9999 -9999 -9999 -9999 -9999 -9999 -9999 -9999 -9999 -9999 -9999 -9999 -9999
378.31 378.54 378.06 377.63 376.41 375.56 374.16 372.15 371.41 370.9 368.6 367.46 364.98 362.93 360.32 357.48 354.26 352.4 349.31 346.94 345.56 344.14 341.97 338.8 336.04 332.6 328.17 323.47 321.08 319.02 313.81 306.35 299.28 292.66 289.36 287.32 287.75 287.61 280.4 279.9464 -9999 -9999 -9999 -9999 -9999 -9999 -9999 -9999 -9999 -9999 -9999 -9999 -9999 -9999 -9999 -9999 -9999 -9999 -9999 -9999 -9999 -9999 -9999 -9999 -9999 -9999 -9999 -9999 -9999 -9999 -9999 -9999 -9999
378.22 378.69 377.96 377.14 375.8 375.96 374.32 372.2 371.11 370.52 368.03 367.15 364.68 362.8 359.77 357.02 353.6 351.36 350.13 347.74 346.36 343.92 341.88 339.82 335.98 332.95 328.68 323.95 320.97 318.32 314 306.86 304.26 299.74 293.03 291.1 290.38 290.13 285.94 283.52 282.2836 -9999 -9999 -9999 -9999 -9999 -9999 -9999 -9999 -9999 -9999 -9999 -9999 -9999 -9999 -9999 -9999 -9999 -9999 -9999 -9999 -9999 -9999 -9999 -9999 -9999 -9999 -9999 -9999 -9999 -9999 -9999 -9999
378.18 378.9 377.99 376.79 375.03 375.37 374.13 372.62 370.88 370.08 367.85 366.42 364.89 362.74 361.2 358.25 356.32 352.81 351.39 348.62 346.95 345.14 342.15 339.65 335.99 332.71 329.7 326.67 323.3 317.93 312.78 311.42 308.88 302.9 302.25 298.77 294.62 294.97 291.21 288.26 285.19 285.04 283.6392 -9999 -9999 -9999 -9999 -9999 -9999 -9999 -9999 -9999 -9999 -9999 -9999 -9999 -9999 -9999 -9999 -9999 -9999 -9999 -9999 -9999 -9999 -9999 -9999 -9999 -9999 -9999 -9999 -9999 -9999
377.66 378.3 377.92 376.68 374.68 374.49 373.91 372.43 370.67 369.26 368.02 366.53 365.7 363.46 362.08 360.64 357.33 354.67 351.55 349.88 346.95 344.77 342.57 339.1 337.67 333.49 329.33 325.86 323.22 318.2 315.75 314.22 311.57 309.75 306.53 302.09 298.5 298.6 294.17 291.01 286.92 284.28 283.1446 -9999 -9999 -9999 -9999 -9999 -9999 -9999 -9999 -9999 -9999 -9999 -9999 -9999 -9999 -9999 -9999 -9999 -9999 -9999 -9999 -9999 -9999 -9999 -9999 -9999 -9999 -9999 -9999 -9999 -9999
377.36 378.2 378.07 377.04 374.53 373.58 373.5 371.48 370.44 366.57 367.82 367.82 365.93 363.78 361.59 359.91 357.46 354.05 351.69 348.18 346.01 343.1 341.23 338.38 337.06 334.09 330.05 326.75 323.46 320.24 316.25 315.64 314.54 309.53 309.25 305.79 302.28 299.43 295.29 287.91 285.4737 -9999 -9999 -9999 -9999 -9999 -9999 -9999 -9999 -9999 -9999 -9999 -9999 -9999 -9999 -9999 -9999 -9999 -9999 -9999 -9999 -9999 -9999 -9999 -9999 -9999 -9999 -9999 -9999 -9999 -9999 -9999 -9999
377.89 377.01 376.75 375.78 373 373.25 371.41 368.56 367.41 367.4 369.08 368.15 366.75 363.38 361.03 357.95 355.11 352.28 349.16 347.54 344.25 341.88 339.61 339.16 336.51 334.02 331.15 328.3 325.46 323.75 318.5 315.77 315.54 309.99 306.79 301.25 300.98 293.36 288.6111 285.8889 -9999 -9999 -9999 -9999 -9999 -9999 -9999 -9999 -9999 -9999 -9999 -9999 -9999 -9999 -9999 -9999 -9999 -9999 -9999 -9999 -9999 -9999 -9999 -9999 -9999 -9999 -9999 -9999 -9999 -9999 -9999 -9999 -9999
375.26 373.82 373.32 372.85 372.56 370.74 367.58 366.46 367.66 367.66 366.44 366.88 365.42 362.18 358.78 356.02 351.89 351.36 348.23 344.37 342.68 341.09 341.03 339.92 337.07 334.4 333.13 331.2 327.59 324.59 320.45 315.72 312.79 308.49 302.73 296.73 294.027 -9999 -9999 -9999 -9999 -9999 -9999 -9999 -9999 -9999 -9999 -9999 -9999 -9999 -9999 -9999 -9999 -9999 -9999 -9999 -9999 -9999 -9999 -9999 -9999 -9999 -9999 -9999 -9999 -9999 -9999 -9999 -9999 -9999 -9999 -9999 -9999
372.15 369.66 368.89 370.17 368.86 366.95 363.51 363.86 365.22 365.02 367.28 366.3 362.95 357.41 354.85 353.2 352.03 348.99 345.28 344.78 342.88 342.02 340.93 338.61 337.38 336.73 334.01 331.67 329.36 326.65 321.76 315.39 309.89 304.95 298.66 294.2949 -9999 -9999 -9999 -9999 -9999 -9999 -9999 -9999 -9999 -9999 -9999 -9999 -9999 -9999 -9999 -9999 -9999 -9999 -9999 -9999 -9999 -9999 -9999 -9999 -9999 -9999 -9999 -9999 -9999 -9999 -9999 -9999 -9999 -9999 -9999 -9999 -9999
365.44 365.64 367.68 367.04 365.19 361.05 365.7 368.84 364.61 368.47 368.87 364.94 362.96 359.04 358.49 358.28 356.05 352.69 349.72 344.54 342.61 342.01 339.95 338.28 338.86 337.43 335.71 333.87 330.42 327.2 323.05 315.65 309.23 304.04 298.6974 -9999 -9999 -9999 -9999 -9999 -9999 -9999 -9999 -9999 -9999 -9999 -9999 -9999 -9999 -9999 -9999 -9999 -9999 -9999 -9999 -9999 -9999 -9999 -9999 -9999 -9999 -9999 -9999 -9999 -9999 -9999 -9999 -9999 -9999 -9999 -9999 -9999 -9999
