layers/wordclim/future/Iberia_wcB2a_10_hadcm3_2050/bio_16.asc
ncols         166
nrows         93
xllcorner     -9.4959440078468
yllcorner     36.000324005443
cellsize      0.083333337679505
NODATA_value  -9999
[rows 0 to 32 of 93, columns 0 to 72 of 166]
-9999 -9999 -9999 -9999 -9999 -9999 -9999 -9999 -9999 -9999 -9999 -9999 -9999 -9999 -9999 -9999 -9999 425.2195 454.8333 406.8507 402.7727 405.7046 392.2029 385.9849 -9999 -9999 -9999 -9999 -9999 -9999 -9999 -9999 -9999 -9999 -9999 -9999 -9999 -9999 -9999 -9999 -9999 -9999 -9999 -9999 -9999 -9999 -9999 -9999 -9999 -9999 -9999 -9999 -9999 -9999 -9999 -9999 -9999 -9999 -9999 -9999 -9999 -9999 -9999 -9999 -9999 -9999 -9999 -9999 -9999 -9999 -9999 -9999 -9999
-9999 -9999 -9999 -9999 -9999 -9999 -9999 -9999 -9999 -9999 -9999 -9999 -9999 -9999 -9999 -9999 422.8636 426.4948 435.09 414.33 432.81 431.78 401.4243 416.91 406.38 381.0515 -9999 -9999 -9999 -9999 -9999 -9999 -9999 -9999 -9999 -9999 -9999 -9999 -9999 -9999 -9999 -9999 -9999 303.625 302.4808 -9999 -9999 -9999 -9999 -9999 -9999 -9999 -9999 -9999 -9999 -9999 -9999 -9999 -9999 -9999 -9999 -9999 -9999 -9999 -9999 -9999 -9999 -9999 -9999 -9999 -9999 -9999 -9999
-9999 -9999 -9999 -9999 -9999 -9999 -9999 -9999 -9999 -9999 -9999 -9999 -9999 -9999 428.2408 420.3789 426.0909 428.08 435 454.45 463.03 450.72 431.49 445.02 392.57 366.98 360.4632 357 348.9155 332.2727 331.2875 327.7619 328.7105 314.8831 325.0506 313.5606 312.7808 317.4167 319.2727 313.134 308.9487 306.0833 302.5555 301.65 302.62 296.0649 295.7213 301.4833 303.1526 -9999 -9999 -9999 -9999 -9999 -9999 -9999 -9999 -9999 -9999 -9999 -9999 -9999 -9999 -9999 -9999 -9999 -9999 -9999 -9999 -9999 -9999 -9999 -9999
-9999 -9999 -9999 -9999 -9999 -9999 -9999 -9999 -9999 -9999 -9999 -9999 -9999 -9999 -9999 -9999 445.1919 467.57 471.28 453.2 464 476.53 476.83 468.46 429.72 387.43 364.42 376.2 346.59 341.1818 355.3 359.5 356.23 331.49 355.25 333.85 321.23 326.48 337.48 313.24 301.1313 310.69 311.93 304.62 299.52 299.27 305.53 306.89 296.55 299.69 300.28 303.4102 297.1795 296.3729 300.18 -9999 -9999 -9999 -9999 -9999 -9999 -9999 -9999 -9999 -9999 -9999 -9999 388.0411 -9999 400.4127 404.3229 405.7242 410.8261
-9999 -9999 -9999 -9999 -9999 -9999 -9999 -9999 -9999 -9999 -9999 -9999 -9999 -9999 432.4925 427.3125 450.09 472.58 471.99 475.48 458.19 455.96 445.94 453.35 432.68 418.36 396.24 369.28 364.17 385.95 402.75 378.02 353.4 356.26 359.89 330.43 341.62 349.33 322.06 305.48 301.85 294.06 293.02 300.12 295.73 294.74 296.65 295.69 294.86 293.84 293.89 286.34 287.76 298.26 301.75 306.7 315.9 311.6915 310.1975 311 314.9221 320.9744 329.9445 340.8675 350.2449 354.53 365.62 375.23 382.7396 387.22 391.85 393.55 395.8214
-9999 -9999 -9999 -9999 -9999 -9999 443.2963 439.475 450.3108 -9999 462.9595 463.6265 460.77 441.8283 435.59 -9999 459.06 476.61 494.55 478.24 458.96 441.74 433.05 416.84 417.06 406.01 399.77 372.6 399.06 401.29 388.78 351.62 357.71 382.8 372.14 336.99 320 317.33 324.66 312.92 314.38 311.63 303.31 294.87 294.5 292.87 294.2 301.89 302.55 295.31 304.63 296.93 290.02 303.29 315.25 314.71 306.85 314.02 307.39 311.59 311.99 318.94 324.77 330.71 338.13 344.36 351.54 359.27 363.1 365.51 371.69 376.92 382.66
-9999 -9999 -9999 -9999 -9999 -9999 454.137 458.85 465.02 466.8 485.09 522.1 509.64 490.98 464.49 462.85 487.3 490.6 492.92 475.89 461.35 437.03 426.23 411.05 402.3 401.01 405 385.9 391.26 392.13 367.37 346.85 375.95 390.31 347.92 328.39 326.86 350.52 336.09 337.66 332.87 308.19 342.98 307.51 287.34 297 299.38 293.5 295.85 297.19 320.4 306.26 301 321.37 375.42 347.71 359.5 349.59 305.44 314.78 309.99 310.15 313.55 318.72 322.88 328.56 334.66 339.13 343.01 345.51 355.23 356.08 361.33
-9999 -9999 -9999 -9999 427.5807 456.86 467.57 497.89 517.03 522.18 540.31 535.34 525.24 528.09 512.3 515.23 517 505.54 497.19 473.77 462.26 445.78 421.16 410.03 405.63 406.55 411.81 387.51 413.14 390.14 388.55 357.72 372.33 380.14 349.98 335.45 357.92 380.57 339.88 358.86 340.53 343.75 312.87 308.92 291.62 304.9 299.46 297.43 314.72 326.29 313.75 320.66 330.83 312.08 336.46 350.65 333.76 297.46 289.5 297.2 324.66 310.1 308.19 308.99 310.85 312.65 317.24 319.92 323.99 333.79 339.11 339.29 339.37
-9999 -9999 -9999 422.0722 444.45 489.47 501.7 521.2 532.87 545.32 544.52 544.95 528.18 526.9 524.06 516.05 512.7 510.41 515.91 490.68 461.17 449.34 426.89 415.61 413.94 410.04 417.85 411.18 383.29 379.31 351.42 347.91 378.13 394.04 352.37 380.89 370.72 419.57 415.5 393.32 417.23 377.06 389.37 321.52 298.17 350.1 353.26 334.63 348.2 351.77 322.19 336.22 315.99 307.72 327.75 322.84 349.09 344.52 319.54 302.88 310.77 338.49 319.73 300.99 300.58 300.67 302.38 304.31 308.94 311.2 311.73 313.9 317.69
-9999 -9999 -9999 420.1176 471.5858 496.28 515.8 528.4 535.2 543.21 545.31 545.53 544.04 543.15 538.58 531.04 512.03 516.91 505.42 499.09 469.76 460.03 440.53 409.92 395.19 391.47 408.53 397.96 392.41 355.13 352.43 373.2 369.05 387.72 386.74 396.26 408.88 376.43 368.47 361.39 369.31 347.25 346.69 354.38 334.05 323.81 331 315.85 331.02 314.71 290.44 303.08 302.28 297.16 291.31 308.74 335.7 338.42 324.12 301.18 292.06 324.99 310.12 287.05 284.39 284.71 285.84 288.3 290.61 292.67 294.82 295.24 298.28
-9999 -9999 -9999 -9999 455.6035 513.61 522 521.16 542.91 529.79 521.63 555.75 571.18 543.84 532.48 521 497.93 491.55 486.84 481.42 477.35 449.42 423.95 403.01 386.41 387.29 391.14 403.23 372.22 360.88 383.81 414.16 436.04 425.43 385.2 380.71 365.96 372.87 398.16 371.56 379.88 372.6 337.34 309.73 335.21 304.79 295.91 288.26 300.86 279.61 274.77 288.31 277.4 287.88 277.77 296.92 297.92 297.38 293.25 275.52 269.78 271.41 272.57 270.51 271.26 270.02 273.65 271.49 273.77 275.02 279.47 279.58 280.4
-9999 -9999 -9999 -9999 458.175 476.6094 486.4394 494.5494 574.99 548.37 537.57 532.72 545.39 528.55 520.19 540.66 519.84 516.13 511.72 481.8 478.1 456.53 416.2 422.74 410.69 378.37 408 410.16 389.2 389.36 394.72 447.29 400.72 364.39 330.18 329.71 358.18 388.08 381.25 366.29 333.49 309.56 291.39 284.51 276.88 281.59 262.18 257.2 261.74 254.25 255.1 256.8 255.25 260.99 254.63 264.48 270.66 259.14 258.94 259.57 255.38 253.94 251 252.55 256.69 254.41 255.85 259.37 257.92 260.69 263.91 262.88 264.07
-9999 -9999 -9999 -9999 -9999 -9999 558.7609 531.97 553.25 531.02 555.44 572.12 557.89 586.61 568.44 556.32 553.78 530.65 529.37 521.64 471.32 431.62 447.12 439.79 410.3 400.72 423.94 449.44 444.95 417.74 387.94 398.03 348.92 316.73 311.49 300.33 314.65 314.71 303.83 304.54 310.62 301.16 281.1 264.56 255.98 255.64 240.73 236.34 239.88 232.22 240.01 234.82 237.48 236.59 240.22 244.58 244.18 242.93 239.89 242.54 238.02 238.24 237.64 242.72 244.33 243.77 243.14 244.46 243.83 245.66 249.9 247.23 242.74
-9999 -9999 -9999 -9999 -9999 488.6949 535.8405 -9999 -9999 570.27 572 606.34 619.57 624.71 622.23 572.96 555.27 552.66 542.38 531.21 469.75 431.81 435.18 412.59 370.88 395.58 431.16 417.55 423.99 434.36 383.1 348.56 316.67 290.12 278.91 277.81 271.45 268.58 276.9 290.45 274.73 261.06 255.61 244.53 240.53 236.69 223.38 220.4 220.27 219.86 222.5 219.63 225.84 220.94 227.35 229.94 227.98 228.46 224.08 226.26 224.4 222.66 224.48 228.07 228.72 230.92 230.81 232.23 232.51 234.51 232.4 228.41 225.93
-9999 -9999 -9999 -9999 -9999 -9999 -9999 506.8333 540.2048 558.95 594.33 624.12 636.42 630.47 629.43 603.43 574.54 568.58 557.3 519.38 482.66 431.15 417.06 372.33 364.45 374.84 396.16 397.17 424.31 415.81 378.31 323.34 293.44 273.56 269.96 273.3 298.8 312.1 309 291.49 263.21 247.48 241.04 228.62 223.55 218.39 211.59 208.31 206.94 207.09 207.25 211.1 211.65 207.82 212.39 215 211.72 213.3 212.26 210.87 211.88 209.84 209.91 211.05 211.04 212.19 213.75 218.37 217.37 217.12 212.58 212.39 217.54
-9999 -9999 -9999 -9999 -9999 -9999 -9999 535.2708 568.4239 624.8764 595.14 634.44 656.62 662.19 629.31 583.16 546.1 516.02 491.81 474.88 453.22 430.93 402.52 385.94 400.37 391 373.9 362.36 403.05 371.26 343.24 314.38 295.13 315.76 343.36 324.67 344.69 341.16 295.12 266.2 246.5 233.3 228.42 216.64 212.2 208.98 203.87 198.48 197.39 198.16 198.95 201.34 200.09 197.21 200.49 203.1 200.29 198.29 198.29 198.06 197.38 197.73 198.71 198.84 199.37 199.98 202.57 203.99 202.14 201.01 200.83 203.18 204.81
-9999 -9999 -9999 -9999 -9999 -9999 -9999 -9999 -9999 634.2353 626.5806 651.71 654.14 666.74 635.7 563.25 488.79 482.72 443.06 416.06 409.85 474.01 476.35 437.02 419.83 448.47 435.99 356.11 336.35 379.14 379.6 336.2 371.73 369.91 342.23 390.07 383.77 342.34 286.88 263.31 244.78 227.81 215.55 208.42 204.2 199.66 195.51 190.01 190.08 190.42 189.87 190.52 187.41 186.64 188.59 189.91 188.7 186.5 185.94 185.36 185.64 185.4 185.89 186.37 187.45 190.23 191.84 190.81 188.02 185.94 186.24 191.7 195.69
-9999 -9999 -9999 -9999 -9999 -9999 -9999 -9999 591.282 651.9697 -9999 678 664.82 645.77 656.02 578.37 473.29 462.28 471.71 418.77 420.38 467.93 465.89 499.84 498.49 485.63 497.62 402.53 376.23 397.49 428.55 427.39 425.86 408.29 370.55 326.77 330.28 347.82 303.94 258.92 233.26 219.77 209.59 201.55 195.57 191.52 187.31 183.45 185.38 185.91 182.37 181.08 179.23 176.8 177.41 178 177.89 176.68 174.59 174.41 174.04 175.02 175.65 176.85 179.06 182.9 180.92 178.38 178.14 178.49 181.18 183.69 190.47
-9999 -9999 -9999 -9999 -9999 -9999 -9999 -9999 -9999 634.1539 673.12 634.4 606.19 631.33 620.75 544.72 495.33 489.75 474.04 474.81 467.53 469.18 450.18 506.49 537.9 539.3 545.32 472.4 399.48 423.98 434.94 463.61 489.37 458.29 407.4 390.54 358.11 310.62 283.57 249.79 229.84 215.72 206.92 194.73 188.23 184.25 180.79 176.97 178.52 176.1 173.38 171.68 170.85 171.42 170.87 169.05 168.14 168.23 166.55 165.02 164.79 166.56 167.53 170.27 172.86 171 170.63 171.44 171.44 172.05 174.95 178.94 191.48
-9999 -9999 -9999 -9999 -9999 -9999 -9999 -9999 592.6594 694.11 601.22 607.52 571.14 605.02 517.93 543.4 561.75 587.33 550.17 537.15 517.52 476.35 474.34 483.47 506.57 526.3 498.03 448.11 415.11 442.72 458.24 476.5 453.24 377.59 338.02 324.46 306.58 278.51 251.15 229.14 219.59 206.58 197.59 190.93 181.09 177.26 172.67 170.34 168.95 166.63 166.05 164.55 165.04 165.48 163.34 162.18 160.22 157.93 157.85 155.28 159.62 163.28 163.16 164.44 162.83 165.08 164.29 164.8 166.11 168.42 172.76 179.21 176.54
-9999 -9999 -9999 -9999 -9999 -9999 -9999 658.7143 681 629.81 589.36 582.44 585.87 555.32 628.05 673.25 682.76 641.24 588.37 542.22 511.39 489.67 473.31 488.4 428.89 469.53 463.16 436.62 439.5 442.27 445.9 446.86 433.36 350.1 323.53 302.89 280.63 261.12 238.6 221.01 208.93 197.65 188.85 182.6 176.14 170.1 165.94 164.32 162.26 162.69 159.28 159.23 159.93 158.57 157.72 155.63 154.16 152.03 150.02 148.05 152.77 153.45 153.6 156.71 159.6 160.92 160.16 160.25 160.6 161.52 164.13 167.98 174.01
-9999 -9999 -9999 -9999 -9999 -9999 -9999 634.3 592.39 599.89 619.21 682.39 635.15 642.53 705.6 652.43 616.52 571.18 569.98 594.7 587.3 544.14 515.07 471.1 400.48 433.83 440.88 411.12 416.08 415.4 398.47 391.72 401.44 334.65 312.6 298.73 285.31 256.97 235.71 219.1 207.26 193.66 183.32 175.09 169.05 163.26 159.88 158.1 156.12 154.64 153.37 153.78 154.66 152.88 152.52 152.03 151.76 152.21 152.97 147.59 144.71 148.48 151.24 154.3 157.59 159.26 158.4 158.93 160.41 161.62 163.26 169.74 173.44
-9999 -9999 -9999 -9999 -9999 -9999 -9999 586.2727 604.2159 653.37 639.13 679.18 598.33 591.84 604.51 588.61 573.16 621.78 653.69 636.95 614.57 590.53 507.26 475.92 405.41 428.77 451.83 410.11 395.22 403.27 385.55 364.57 350.87 314.24 304.04 281.36 269.71 255.69 243.02 230.19 214.28 199.25 181.46 173.27 164.59 157.87 153.81 150.57 148.28 147.81 147.97 148.26 148.4 148.85 151.15 152.05 152.49 151.63 149.65 143.73 146.19 149.1 150.71 153.37 156.23 157.5 158.09 156.65 157.45 158.38 158.98 161.56 164.85
-9999 -9999 -9999 -9999 -9999 -9999 -9999 -9999 625.84 651.8 575.27 593.21 568.14 570.81 594.27 655.69 672.03 685.76 620.3 626.21 597.62 577.92 536.43 478.81 406.94 430.08 454.43 401.46 387.74 370.89 376 380.48 339.82 303.53 304.54 274.86 259.79 250.43 228.58 209.62 203.23 193.99 178 164.43 157.1 152.64 147.26 144.74 144.21 144.89 142.55 142.79 145.88 148.78 149.62 149.99 149.9 148.07 144.67 144.19 146.25 147.18 149.54 150.8 152.47 153.14 152.38 153.17 154.71 154.5 155.52 155.96 157.27
-9999 -9999 -9999 -9999 -9999 -9999 -9999 -9999 590.7222 579.5816 595.62 601.6 609.83 573.16 586.02 598.9 596.65 575.05 605.32 623.04 607.68 557.97 497.48 448.43 443.57 468.7 425.07 383.63 358.54 369.25 384.7 397.81 342.09 321.85 293.3 268.17 264.12 249.49 228.23 207.5 191.48 183.13 172.73 160.77 151.69 145.94 141.51 139.17 139.19 139.45 140.09 142.57 144.31 144.48 146.24 147.08 146.75 144.46 145.32 144.82 145.05 145.22 147.42 150 151.4 153.4 149.55 148.23 149.8 151.52 151.42 151.87 153.51
-9999 -9999 -9999 -9999 -9999 -9999 -9999 -9999 572.2105 588.09 583.67 565.91 531.61 528.91 530.53 569.12 575.78 639.53 636.98 604.49 552.28 528.95 483.95 453.87 509.24 445.96 398.44 358.65 342.43 360.11 378.77 371.87 349.55 311.44 286.73 265.86 254.67 239.25 224.32 204.68 191.69 179.16 165.74 154.96 147.39 139.64 136.68 138.06 137.16 137.35 137.1 136.63 137.98 140.12 142.38 143.27 140.66 140.32 142.33 141.69 142.6 144.62 145.37 144.67 144.95 149.71 147.53 151.38 151.76 152.18 150.92 152.15 152.8
-9999 -9999 -9999 -9999 -9999 -9999 -9999 -9999 -9999 574.49 554.51 547.45 540.84 570.64 542.38 541.22 595.73 583.97 559.95 549.2 514.63 558.88 535.74 549.96 508.08 429.61 377.35 350.32 351.32 361.77 360.72 339.75 322.83 289.47 273.75 259.12 251.38 239.6 216.06 198.31 184.61 177.95 164.35 152.47 142.25 133.26 131.72 133.04 132.51 131.63 131.21 131.5 132.24 134.59 135.05 134.75 135.8 137.06 137.89 142.8 142.36 144.75 147.64 147.27 147.7 149.31 152.81 155.09 154.68 155.35 158.9 157.87 160.27
-9999 -9999 -9999 -9999 -9999 -9999 -9999 -9999 -9999 553.79 559.56 549.29 558.01 536.25 537.75 551.59 579.82 574.74 492.08 546.64 600.35 594.09 575.53 532.07 482.22 455.72 425.75 361.43 359.25 384.26 396.79 332.22 303.18 282.35 270.18 256.33 248.54 234.35 209.71 198.55 186.6 173.41 163.25 151.03 139.35 133.22 131.08 131.52 129.81 127.63 126.92 127.87 128.18 129.69 130.99 132.96 133.59 134.6 137.25 140.75 142.96 144.68 145.2 147.99 148.62 150.63 152.34 158.51 165.64 167.14 165.13 157.03 157.03
-9999 -9999 -9999 -9999 -9999 -9999 -9999 -9999 -9999 545.7778 538.99 531.79 525.05 527.8 542.49 535.46 575.1 552.72 503.57 571.37 655.81 572.9 564.19 535.74 476.43 414.2 390.63 378.23 377.48 349.49 355.4 319.73 306.39 311.74 301.46 276.72 248.62 224.46 213.17 201.62 190.23 178.92 166.54 156.37 145.43 140.55 136.94 132.79 131.32 129.96 128.5 127.37 128.1 128.55 130.52 131.75 131.46 132.2 135.19 136.76 137.31 140.5 142.85 144.96 147.57 149.81 151.39 158.11 164.74 162.05 160.12 159.28 159.16
-9999 -9999 -9999 -9999 -9999 -9999 -9999 -9999 -9999 538.0886 541.8 532.13 549.47 565.74 546.22 521.83 523.55 495.67 582.43 625.48 555.67 537.08 552.13 491.93 501.69 428.81 447.92 426.73 358.05 338.29 335.29 308.3 314.94 316.27 292.37 262.69 235.87 228.42 216.01 201.27 191.73 182.61 173.89 165.25 157.03 150.5 143.55 137.25 131.59 127.13 128.82 126.61 125.77 126.64 126.78 127.79 129.34 131.08 132.33 134.15 135.54 138.98 141.88 146.27 149.25 151.42 153.89 156.11 161.14 158.75 160.73 165.91 174.64
-9999 -9999 -9999 -9999 -9999 -9999 -9999 -9999 -9999 527.9811 521.74 516.93 517.95 533.02 522.13 524.75 495.12 583.04 610.49 598.51 488.58 516.37 511.66 450.26 443 443.46 468.8 443.48 349.65 347.28 350.02 325.79 325.59 305.28 286.9 264.98 257.72 239.71 218.65 202.19 190.03 184.08 176.93 172.61 162.84 152.3 145.73 142.02 135.21 129.7 126.86 126.59 126 126 126 126.24 128.71 129.37 132.02 133.9 136.28 139.15 142.11 146.49 150.26 153.13 155.59 159.09 162.49 163.86 164.41 176.95 202.59
-9999 -9999 -9999 -9999 -9999 -9999 -9999 -9999 -9999 -9999 500.129 491.14 495.01 514.61 522.95 506.56 520.86 539.14 527.35 538.5 493.62 505.8 493.93 470.9 469.3 437.07 409.49 386.57 340.64 365.71 355.81 324.76 309.26 301.67 297.68 277.33 258.92 242.11 225.91 209.38 193.18 182.69 175.56 166.81 158.76 151.34 144.65 140.08 134.71 130.3 127.26 126.67 126.08 126.07 125.23 125.64 127.99 128.71 132.25 133.98 135.86 139.69 143.96 147.19 151.61 157.42 162.75 166.4 168.72 175.06 188.38 201.64 197.81
-9999 -9999 -9999 -9999 -9999 -9999 -9999 -9999 -9999 -9999 487.1905 499.7 485.12 493.15 501.24 535.6 614.07 593.59 662.33 638.97 568.45 580.22 550.46 540.13 529.88 496.79 443.23 416.51 353.45 344.01 326.74 313.6 297.53 304.15 296.78 277.72 262.73 243.22 228.83 215.37 199.71 188.7 178.23 168.5 159.94 152.57 146.39 140.15 136.37 132.33 128.7 127.57 127.16 126.88 125.78 126.51 127.68 128.92 132.02 134.25 137.16 141.54 144.98 150.77 157.73 163.74 169.98 189.51 192.41 192.83 173.67 173.1 187.3
