layers/wordclim/future/Iberia_wcB2a_10_hadcm3_2050/bio_07.asc
ncols         166
nrows         93
xllcorner     -9.4959440078468
yllcorner     36.000324005443
cellsize      0.083333337679505
NODATA_value  -9999
[rows 33 to 65 of 93, columns 0 to 72 of 166]
-9999 -9999 -9999 -9999 -9999 -9999 -9999 -9999 -9999 -9999 192.8372 205.18 215.24 223.84 231.78 239.03 244.01 242.66 243.66 251.3 255.33 258.69 267.71 277.17 274.97 274.58 283.13 290.59 294.58 296 298.47 301.98 303.92 306.27 309.39 313.29 316.14 319.17 321.08 324.41 326.89 329.19 332.79 335.46 337.2 339.43 340.4 338.37 338.2 338.93 339.68 340.78 341.11 342.12 341.94 341.71 342.08 341.97 340.7 340.51 339.13 337.89 336.75 335.27 335.1 334.79 333.22 332.98 335.31 336.88 337.92 339.5 340.04
-9999 -9999 -9999 -9999 -9999 -9999 -9999 -9999 -9999 -9999 187.9388 201.44 213.82 224 228.65 234.84 240.8 249.46 254.85 259.03 259.05 260.75 264.07 270.23 272.06 273.29 280.39 289.92 293.12 293.06 295.29 299.77 303.71 305.24 308.88 312.4 315.79 318.09 322.49 325.54 328.31 331.03 333.85 335.72 337.77 338.68 339.39 339.11 339.55 339.84 340.96 341.37 342.58 342.68 343.47 343.21 342.48 342.85 341.9 340.73 339.5 339.25 337.87 337.47 335.9 335.17 332.61 335.55 336.37 337.86 339.62 340.66 341.36
-9999 -9999 -9999 -9999 -9999 -9999 -9999 -9999 -9999 -9999 184.0112 197.13 211.68 223.53 230.91 235.77 242.32 251.04 256.2 258.76 261.75 264.47 267.67 269.26 272.8 272.79 279.93 287.27 289.33 294.31 294.93 296.99 302.41 306.08 308.52 311.29 315.99 318.76 322.28 325.18 328.21 330.53 332.97 334.65 336.68 338.01 339.94 340.4 340.56 341.85 341.91 343.32 343.08 343.91 343.53 343.69 343.94 343.36 342.42 342.04 340.32 339.28 338.14 337.19 334.25 334.62 334.17 335.96 338.83 340.82 341.92 343.15 342.87
-9999 -9999 -9999 -9999 -9999 -9999 -9999 -9999 -9999 168.6757 181.4891 195.84 209.66 221.93 231.88 238.53 243.01 250.75 255.04 258.65 263.74 268.26 271.12 272.29 274.49 277.65 281.95 283.91 285.86 289.5 293.32 296.06 300.58 304.64 309.82 311.77 314.41 318.37 321.66 325.52 328.67 331.43 332.89 334.7 335.92 338.37 340.91 341.79 342.31 342.35 343.76 343.9 343.14 343.2 343.45 343.24 342.97 344.03 342.89 341.84 339.71 339.09 338.64 338.59 338.94 339.78 340.04 341.03 341.79 342.12 344.3 345.57 344.9
-9999 -9999 -9999 -9999 -9999 -9999 -9999 -9999 -9999 169.1487 182.7526 195.3 208.28 222.3 232.4 236.71 240.39 251.59 256.91 261.27 264.95 266.98 269.34 273.55 278.4 279.08 279.88 273.89 280.4 286.12 290.71 294.71 299.1 305.53 310.15 313.32 314.96 318.8 321.58 324.51 326.64 328.92 332.19 335.6 337.81 339.83 341.56 341.81 342.69 343.43 342.88 343.65 342.57 343.6 343.67 344.11 345.43 345.04 343.55 342.32 342.17 340.61 341.35 340.13 341.86 343.27 342.43 342.75 344.44 345.57 347.71 349 347.82
-9999 -9999 -9999 -9999 -9999 -9999 -9999 -9999 -9999 174.97 186.54 198.98 211.47 224.1 232.95 234.8 247.96 253.77 258.74 262.1 265.79 268.91 272.53 272.69 261.23 259.87 267.28 272.3 278.02 283.75 290.28 292.79 299.68 305.34 309.37 313.22 316.27 317.01 318.59 319.29 325.43 329.33 333.75 336.96 338.02 339.76 342.01 343.38 342.95 343.91 345.22 343.75 343.12 344.75 345.49 346.22 345.19 344.69 345.65 346.54 345.24 345.57 345.75 344.45 345.54 346.08 346.16 346.88 347.46 347.95 351.01 352.59 351.9
-9999 -9999 -9999 -9999 -9999 -9999 -9999 -9999 173.3387 180.91 192.85 205.59 216.65 228.09 236.75 243.46 249.43 254.47 259.88 263.54 266.16 267.72 257.79 244.63 252.25 261.54 271.68 271.52 278.53 285.78 289.18 291.92 299.93 304.56 307.01 311.26 315.25 317.44 320.61 324.71 328.43 334.54 337.55 338.82 341.1 341.05 341.52 344.21 345.52 344.65 343.86 342.12 343 343.74 344.54 345.65 347.86 349.72 350.45 349.99 350.23 351.56 350.08 350.42 350.54 350.24 349.68 348.48 348.9 349.31 352.67 358.12 356.7
-9999 -9999 -9999 -9999 -9999 -9999 -9999 -9999 177.011 187.25 199.41 212.51 222.31 233.33 241.19 246.51 251.91 256.21 259.72 261.8 264.47 254.16 236.92 244.73 265.7 277.27 280.68 277.42 278.38 284.41 286.58 292.17 297.23 301.96 307.39 310.5 311.36 317.15 322.66 329.06 333.02 335.39 337.37 339.18 338.4 336.09 339.34 344.29 345.24 343.26 342.81 344.31 344.73 347.4 348.14 349.34 351.19 350.18 349.24 349.7 353.04 355.15 354.98 354.43 354.36 352.98 352.37 350.92 350.07 352.95 355.24 358.69 358
-9999 -9999 -9999 -9999 -9999 -9999 -9999 -9999 181.75 193.07 205.9 218.05 228.36 238.04 244.42 249.47 254.11 257.44 260.18 260.16 260.03 255.79 244.71 248.2 274.53 281.09 282.38 283.18 281.76 281.84 284.75 288.58 295.64 301.31 305.49 311.27 316.6 323.09 327.12 330.82 334.02 335.92 338.22 339.46 334.87 334.5 340.44 343.78 342.92 342.85 342.58 344.52 346.53 350.99 350.45 351.59 354.59 356.58 355.77 355.33 357.24 357.55 357.67 357.66 356.7 355.97 355.44 354.23 353.87 355.88 358.2 359.91 360.12
-9999 -9999 -9999 -9999 -9999 -9999 -9999 177.1644 185.71 195.75 207.71 218.92 232.09 241.97 247.3 251.23 254.77 255.75 253.51 248.65 248.35 262.18 268.88 272.59 277.72 279.95 285.25 287.16 288.9 289.94 297.22 302.65 298.98 308.92 314.64 317.92 322.49 324.8 328.99 332.15 334.93 338.44 338.69 336.13 340.96 340.17 337.47 340.23 343.23 349.53 349.21 351.27 355.62 356.96 356.27 358.47 358.78 358.76 358.53 359.14 360.79 360.77 360.47 360.21 359.62 359.11 358.78 357.88 358.12 358.83 360.24 360.2 361.63
-9999 -9999 -9999 -9999 -9999 -9999 -9999 -9999 187.0227 198.44 210.14 220.35 234.54 242.22 247.05 245.76 246 247.25 251.27 251.02 257.06 266.75 268.29 269.28 275.47 281.4 288.54 291.22 294.09 298.16 302.34 306.03 308.34 313.73 318.25 319.87 323.48 326.47 329.98 333.17 336.73 338.93 339.23 342.13 342.22 346.89 348.33 350.84 353.16 354.14 356.09 356.93 358.36 358.82 360.17 360.72 360.52 359.64 360.93 362.96 363.22 363.35 363.32 363.24 362.77 362.65 362.06 361.84 361.84 361.93 362.87 363.33 363.32
-9999 -9999 -9999 -9999 -9999 -9999 -9999 179.6933 189.57 198.98 208.8 221.37 231.83 239.75 236.44 235.91 244.13 251.1 254.44 259.35 264.72 262.46 270 268.69 280.87 286.17 289.96 293 295.5 297.37 301.19 308.04 311.66 316.29 319.33 320.87 324.95 328.26 331.37 334.07 337.3 340.08 342.57 344.73 347.5 349.85 350.96 352.74 354.44 355.24 357.29 359.24 359.81 360.32 361.55 362.48 362.78 362.68 364.14 365.26 365.37 365.81 365.94 366.12 366.1 366.12 365.79 365.35 365.01 364.99 365.04 365.29 365.44
-9999 -9999 -9999 -9999 -9999 -9999 -9999 179.8 189.81 198.96 209.52 220.55 230.01 236.28 237.73 243.84 250.33 253.05 253.05 256.51 259.3 265.84 275.16 278.66 283.44 287.64 291.47 294.86 297.24 300.96 304.76 309.45 311.72 316.86 320.08 322.2 326.24 329.22 332.21 336.03 338.29 341.38 343.61 346.27 348.66 350.58 352.81 353.76 355.49 357.63 358.66 360.35 361.02 361.77 363.68 363.85 364.43 364.88 367.03 367.68 368.07 368.54 368.79 369.05 369.29 369.16 368.83 368.28 367.87 367.71 367.62 367.82 367.69
-9999 -9999 -9999 -9999 -9999 -9999 171.4603 178.56 190.06 199.66 209.39 219.46 227.76 234.34 240.23 246.03 248.89 249.93 251.77 251.77 262.73 271.09 276.11 280.25 285.01 288.44 292.5 296.46 299.41 302.48 305.8 310.27 313.6 317.51 321.01 323.09 327.01 329.79 332.53 335.24 339.38 342.33 344.69 347.51 349.46 351.67 354.55 355.47 357.42 359.54 360.47 362.26 362.79 363.7 365.02 365.94 366.57 368 368.18 369.37 369.83 370.44 370.87 371.29 371.84 371.96 371.58 371.03 369.54 370.21 369.91 369.84 369.87
-9999 -9999 -9999 -9999 -9999 -9999 169.6327 179.03 188.52 199.59 209.4 216.94 224.64 231.77 238.16 243.55 248.55 251.68 252.66 255.66 264.7 270.47 275.34 279.62 284.5 289.33 292.6 296.96 299.05 303.59 306.85 311.05 314.34 317.77 322.06 323.98 327.6 330.25 333.68 336.7 340.68 343.31 346.05 348.62 351.08 353.44 355.96 356.97 358.85 361.11 361.91 363.94 364.4 365.56 367.26 367.7 368.54 370.13 370.66 371.18 372.58 372.57 373.42 373.93 374.33 374.24 373.92 372.57 373.09 372.75 372.38 372 371.89
-9999 -9999 -9999 -9999 -9999 162.5179 170.59 180.3 188.67 198.27 207.34 215.17 222.77 230.16 236.32 241.99 246.62 251.28 254.92 260.19 265.45 269.72 273.7 279.46 283.74 288.1 291.6 296.52 299.42 304.13 308.09 311.54 315.02 317.91 322.62 324.97 328.39 332.19 334.95 337.83 340.58 344.6 347.04 350.08 352.29 354.92 357.33 358.55 360.94 362.07 363.71 364.79 366.81 367.48 368.18 370.08 371.92 372.47 372.64 373.26 373.71 374.1 375.48 375.7 376.14 374.68 374.84 375.6 375.41 374.88 374.44 374.07 372.69
-9999 -9999 -9999 -9999 -9999 161.3171 170.02 179.84 189.06 199.58 206.85 214.2 221.17 228.49 235.1 240.65 245.7 249.64 254.24 259.65 264.4 269.54 273.06 278.23 282.22 287.29 291.48 294.23 300.07 303.91 308.34 311.57 315.82 318.92 322.08 326.76 329.07 333.09 336.09 338.82 341.98 344.64 348.43 351.31 353.69 356.41 357.59 359.83 362.39 362.62 365.26 366.47 368.52 369.14 369.5 370.58 372.74 373.2 373.54 374.56 374.98 376.33 376.71 376.59 376.52 376.83 376.7 377.73 377.41 376.96 376.67 374.94 374.42
-9999 -9999 -9999 -9999 -9999 161.0202 169.92 182.16 191.99 199.41 206.66 212.85 219.91 225.79 232.63 238.48 243.78 248.63 253.27 257.84 262.82 267.71 271.34 275.03 280.97 284.81 289.76 292.79 298.52 303.96 309.78 312.92 316.12 320.61 323.69 327.67 329.6 333.32 336.98 340.04 343.01 345.75 348.78 351.49 354.03 356.77 359.03 361.51 362.98 363.84 365.51 367.91 368.65 370.92 371.97 372.95 373.26 374.98 374.15 376.55 375.39 376.47 376.83 377.45 377.47 377.69 379.15 379.7 379.39 378.97 377.47 376.77 376.19
-9999 -9999 -9999 144.0476 150.8 162.12 172.98 182.95 190.57 197.33 204.8 210.77 218.02 225.13 231.18 236.92 242.39 247.53 252.13 256.99 261.12 265.29 269.5 272.59 276.3 281.48 286.69 292.72 296.56 303.19 308.98 314.37 318.02 321.51 325.47 328.54 332.25 334.05 337 340.07 344.29 347.24 350.1 352.46 355.52 357.57 360.34 363.05 363.29 364.69 367.57 369.55 370.41 371.52 374.22 375 375.48 376.6 377.49 378.94 379.17 379.58 380.1 380.63 379.39 378.58 380.3 381.01 381.28 379.64 379.11 378.24 377.4
-9999 -9999 133.5156 142.093 153.19 163.09 173.06 180.61 189.01 197.5 203.6 210.48 217.76 224.97 231.06 236.61 241.91 246.57 250.92 255.33 260.57 264.8 267.24 270.99 270.95 273.67 281.28 289.39 296.67 302.72 308.7 313.24 319.11 321.82 325.56 330.01 332.97 335.56 338.56 341.53 344.48 347.59 351.11 354.22 356.55 358.98 360.33 362.85 365.38 367.16 369.11 369.67 371.84 373.64 374.42 375.85 376.77 378.13 379.11 379.44 379.31 379.78 382 382.09 381.83 382.98 381.18 381.57 381.94 381.1 380.39 379.76 378.65
-9999 -9999 137.04 146.59 156.64 165.79 174.04 182.07 190.45 197.27 204 211.25 218.55 224.93 229.58 234.92 239.99 245.05 250.37 254.89 259.78 264.94 268.08 272.39 273.37 272.46 279.57 290.89 301.03 305.71 310.61 316.55 320.15 323.94 327.33 330.13 333.86 337.01 339.88 342.83 345.83 348.68 351.56 354.22 357.02 359.51 361.7 364.32 365.92 368.24 368.86 370.52 372.86 373.6 375.99 376.6 377.41 379.67 380.28 380.74 381.37 382.12 382.37 382.67 382.71 383.74 384.16 383.89 382.95 382.45 381.75 381.03 378.61
-9999 -9999 142.27 151.25 160.13 171.14 176.98 184.98 191.6 198.41 205.06 212.62 218.24 224.07 229.67 234.83 239.6 244.72 250 254.7 259.79 265.18 267.6 272.02 277.76 281.27 285.73 294.33 302.65 309.18 312.88 318 322.17 325.02 328.87 331.68 334.27 337.31 341.32 344.25 345.54 348.65 351.73 354.5 356.79 359.38 361.87 364.33 366.27 367.54 370.1 372.5 373.92 374.92 376.15 378.41 379.07 379.67 379.97 381.1 383.01 383.44 383.25 383.63 385.34 385.27 385.37 384.95 384.42 383.32 382.2 380.18 379.4
-9999 141.9844 148.52 157.4 167.33 173.42 180.29 187.22 193.54 200.6 207.16 212.7 218.98 224.74 230.04 234.84 239.59 244.32 248.96 255.15 259.88 264.5 269.7 272.9 278.13 284.95 291.7 297.8 305.96 311.79 316.69 320.36 323.06 326.67 329.44 332.07 336.14 338.94 341.64 344.5 348.36 351 352.72 354.99 357.6 360.39 361.71 363.8 366.13 368.67 371.07 373.32 374.41 375.57 377.53 378.66 379.67 380.82 381.1 382.52 383.38 383.48 383.64 384.06 386.89 386.95 386.55 385.95 384.71 382.75 381.8 380.67 379.48
-9999 147.6 155.19 163.61 172.1 178.96 183.5957 189.6333 196.1839 203.02 208.36 214.15 220.04 225.3 230.03 234.13 238.79 244.47 249.19 254.17 259.87 264.57 269.83 274.05 280.34 286.14 293.92 301.11 307.53 314.28 318.43 321.14 324.79 327.1 329.77 333.71 336.36 339.25 341.79 345.73 348.3 350.75 353.45 356.01 358.78 361.16 363.92 365.37 367.94 369.89 371.43 373.53 374.1 376.27 377.48 378.75 380.65 381.1 381.42 381.8 383.46 384.54 384.56 385.57 386.75 386.39 386.72 386.02 384.69 383.31 382.34 381.12 380
-9999 155.449 162.66 171.17 178.33 184.3814 187.7342 193.51 199.53 204.67 209.98 215.49 220.66 224.83 229.77 234.42 239.09 243.92 249.56 254 258.93 263.64 270.02 274.45 280.18 286.95 292.87 299.98 309.2 315.23 320.37 322.06 324.19 326.87 330.52 332.99 335.73 339.48 342.46 345.43 348.13 350.66 353.44 356.36 358.96 361.26 363.74 366.3 367.9 370.31 372.16 372.76 375.42 377.14 377.83 379.73 380.21 380.51 381.96 383.25 383.3 383.66 384.1 385.97 386.94 386.81 387.57 386.85 385.12 383.68 382.63 381.51 380.45
-9999 161.64 168.52 176.81 182.65 186.9167 191.7407 197 202.78 207.14 212.34 217.58 221.44 226.05 230.57 235.16 239.71 244.22 248.85 253.58 259.13 264.07 268.64 275.24 280.53 287.06 292.98 300.42 308.48 315.46 320.25 321.95 324.47 326.84 329.7 332.57 336.49 339.42 342.42 345.02 347.95 350.97 353.63 356.51 358.96 361.69 364.41 366.5 368.93 370.09 372.3 373.15 374.94 376.45 377.98 378.81 379.8 381.36 382.22 382.94 384.01 384.12 385.63 385.58 385.67 385.74 385.45 386.1 385.31 384.28 383.14 381.81 380.01
159.1358 165.67 172.6 181.84 187.9787 -9999 -9999 200.52 204.91 209.32 214.32 218.19 222.89 227.36 231.49 235.44 240.39 244.53 248.79 253.45 258.34 264.61 270.09 275.21 279.55 287.89 294.43 300.89 307.93 313.53 317.59 321.32 323.67 326.09 329.15 333.26 336.27 339.14 341.79 345.04 348.09 351.97 354.7 357.46 359.33 362.05 364.63 366.4 368.81 370.35 372.85 373.91 375.44 375.33 377.88 378.59 379.87 379.93 381.23 382.85 383.53 383.72 384.59 385.63 385.9 385.92 386.13 385.15 383.84 382.56 381.49 380.47 379.32
160.74 167.4225 174.6081 184.1039 191 195.125 198.6517 203.2 206.59 211.29 215.37 219.74 224.05 228.51 232.47 236.6 240.39 244.02 249.05 253.44 258.66 264.32 269.7 276.42 282.58 287.31 294.6 300.25 305.67 310.82 316.05 319.02 321.92 324.83 329.21 332.15 335.08 338.34 341.32 345.11 348.34 351.55 354.41 357.5 360.32 361.78 364.11 366.65 368.91 370.5 372.51 374.37 374.8 376.18 376.95 378.04 378.49 379.35 380.73 381.18 382.2 385.06 384.97 384.76 384.57 385.55 385.66 384.63 382.5 381.79 381.34 379.95 378.74
-9999 -9999 -9999 185.6351 191.4935 195.7738 200.8 203.86 207.86 212.77 216.33 220.78 225.41 229.84 234.43 238.23 241.92 245.26 248.48 253.16 259.62 265.42 271.24 276.75 282.31 288.59 293.09 298.56 303.64 308.86 312.99 317.07 320.28 324.45 327.76 330.91 334.02 337.46 341.52 344.52 347.89 351.12 354.52 357.13 359.67 361.56 363.89 366.49 368.85 370.06 371.75 373.48 374.13 375.74 377.08 377.65 378.38 380.11 380.33 380.58 382.85 383.14 383.4 384.21 384.04 383.75 382.68 381.4 382.97 380.82 381.07 379.8 378.83
-9999 -9999 -9999 -9999 191.7 196.82 202.3434 204.6118 208.3956 212.1868 217.3 221.8 225.58 230.8 235.01 238.85 242.81 247.28 250.66 254.88 260.4 266.08 271.42 277.8 282.92 287.51 291.52 297.34 302.4 306.72 310.59 315.04 318.54 322.35 325.65 329.56 332.74 337.49 340.42 344.1 347.23 350.55 353.58 356.49 359.14 360.8 363.54 366.34 368.54 369.36 371.23 373.14 373.96 375.53 375.98 377.01 377.19 378.52 379.13 380.95 382.31 382.19 382.84 382.24 380.89 381.7 381.57 380.41 379.76 379.74 378.87 378.38 378.85
-9999 -9999 -9999 -9999 190.9136 197.2143 -9999 204.8235 -9999 212.5 217.49 221.51 226.14 230.82 235.86 240.67 244.84 248.85 252.94 257.2 263.08 267.93 272.91 277.56 282.17 287.03 291.57 295.18 299.98 304.39 309.38 313.02 316.09 319.84 323.53 327.67 332.28 336.1 339.23 343.16 346.17 349.5 352.47 355.66 358.36 360.46 363.13 365.25 367.35 369.56 370.32 372.43 372.99 374.47 376.2 376.68 377.9 377.84 378.72 379.71 380 381.73 381.76 381.31 381.76 379.17 377.16 378.79 381.18 381.13 380.47 377.84 376.62
-9999 -9999 -9999 -9999 -9999 -9999 -9999 -9999 208.4821 212.9694 217.0632 221.33 226.86 232.23 236.69 242.58 247.33 251.81 256.24 260.76 265.11 269.23 273.25 278.39 281.81 285.78 289.92 293.96 298.34 302.73 306.68 310.62 314.27 318.22 322.19 326.94 330.76 334.45 337.79 341.84 345.29 348.25 351.69 354.73 357.77 359.57 361.64 364.21 366.53 367.69 369.7 371.55 372.09 373.61 374.97 375.42 376.9 376.8 378.72 378.58 378.48 378.35 377.6 378.88 378.66 378.23 374.56 376.93 376.32 377.26 377.9 376 374.82
-9999 -9999 -9999 -9999 -9999 -9999 -9999 -9999 -9999 213.42 217.82 223.11 226.47 231.66 236.67 242.48 248.07 253.73 258.54 264.03 268.07 271.96 275.12 277.63 280.57 283.96 287.98 292.29 296.22 300.55 303.87 308.02 311.38 315.3 320.56 324.63 328.66 332.43 336.4 340.36 343.64 346.89 350.65 353.54 356.72 357.96 360.37 363.15 365.4 366.67 368.62 370.35 370.93 372.38 373.42 373.72 376.22 376.16 376.99 376.64 377.39 377.12 377.61 374.53 376.63 375.06 371.6 372.73 372.23 370.35 370.19 370.22 367.19
