layers/wordclim/future/Iberia_wcB2a_10_hadcm3_2050/bio_02.asc
ncols         166
nrows         93
xllcorner     -9.4959440078468
yllcorner     36.000324005443
cellsize      0.083333337679505
NODATA_value  -9999
[rows 0 to 32 of 93, columns 74 to 147 of 166]
-9999 -9999 -9999 -9999 -9999 -9999 -9999 -9999 -9999 -9999 -9999 -9999 -9999 -9999 -9999 -9999 -9999 -9999 -9999 -9999 -9999 -9999 -9999 -9999 -9999 -9999 -9999 -9999 -9999 -9999 -9999 -9999 -9999 -9999 -9999 -9999 -9999 -9999 -9999 -9999 -9999 -9999 -9999 -9999 -9999 -9999 -9999 -9999 -9999 -9999 -9999 -9999 -9999 -9999 -9999 -9999 -9999 -9999 -9999 -9999 -9999 -9999 -9999 -9999 -9999 -9999 -9999 -9999 -9999 -9999 -9999 -9999 -9999 -9999
-9999 -9999 -9999 -9999 -9999 -9999 -9999 -9999 -9999 -9999 -9999 -9999 -9999 -9999 -9999 -9999 -9999 -9999 -9999 -9999 -9999 -9999 -9999 -9999 -9999 -9999 -9999 -9999 -9999 -9999 -9999 -9999 -9999 -9999 -9999 -9999 -9999 -9999 -9999 -9999 -9999 -9999 -9999 -9999 -9999 -9999 -9999 -9999 -9999 -9999 -9999 -9999 -9999 -9999 -9999 -9999 -9999 -9999 -9999 -9999 -9999 -9999 -9999 -9999 -9999 -9999 -9999 -9999 -9999 -9999 -9999 -9999 -9999 -9999
-9999 -9999 -9999 -9999 -9999 -9999 -9999 -9999 -9999 -9999 -9999 -9999 -9999 -9999 -9999 -9999 -9999 -9999 -9999 -9999 -9999 -9999 -9999 -9999 -9999 -9999 -9999 -9999 -9999 -9999 -9999 -9999 -9999 -9999 -9999 -9999 -9999 -9999 -9999 -9999 -9999 -9999 -9999 -9999 -9999 -9999 -9999 -9999 -9999 -9999 -9999 -9999 -9999 -9999 -9999 -9999 -9999 -9999 -9999 -9999 -9999 -9999 -9999 -9999 -9999 -9999 -9999 -9999 -9999 -9999 -9999 -9999 -9999 -9999
-9999 -9999 -9999 -9999 -9999 -9999 -9999 -9999 -9999 -9999 -9999 -9999 -9999 -9999 -9999 -9999 -9999 -9999 -9999 -9999 -9999 -9999 -9999 -9999 -9999 -9999 -9999 -9999 -9999 -9999 -9999 -9999 -9999 -9999 -9999 -9999 -9999 -9999 -9999 -9999 -9999 -9999 -9999 -9999 -9999 -9999 -9999 -9999 -9999 -9999 -9999 -9999 -9999 -9999 -9999 -9999 -9999 -9999 -9999 -9999 -9999 -9999 -9999 -9999 -9999 -9999 -9999 -9999 -9999 -9999 -9999 -9999 -9999 -9999
66.83146 65.44444 -9999 -9999 64.70115 66.26 69.72 70.75581 72.85897 74.47272 -9999 -9999 -9999 -9999 -9999 -9999 -9999 -9999 -9999 -9999 -9999 -9999 -9999 -9999 -9999 -9999 -9999 -9999 -9999 -9999 -9999 -9999 -9999 -9999 -9999 -9999 -9999 -9999 -9999 -9999 -9999 -9999 -9999 -9999 -9999 -9999 -9999 -9999 -9999 -9999 -9999 -9999 -9999 -9999 -9999 -9999 -9999 -9999 -9999 -9999 -9999 -9999 -9999 -9999 -9999 -9999 -9999 -9999 -9999 -9999 -9999 -9999 -9999 -9999
71.85 71.98 68.95 69.22449 65.54546 68.26 69.94 72.36 74.87 77.71 78.53535 80.50685 81.06667 82.34426 83.60656 84.57143 85.1875 86.93 90.02 89.77027 -9999 -9999 -9999 -9999 -9999 -9999 -9999 -9999 -9999 -9999 -9999 -9999 -9999 -9999 -9999 -9999 -9999 -9999 -9999 -9999 -9999 -9999 -9999 -9999 -9999 -9999 -9999 -9999 -9999 -9999 -9999 -9999 -9999 -9999 -9999 -9999 -9999 -9999 -9999 -9999 -9999 -9999 -9999 -9999 -9999 -9999 -9999 -9999 -9999 -9999 -9999 -9999 -9999 -9999
75.66 73.58 72.01 72.75 74.41 71.75 73.26 76.12 80.07 81.61 82.86 84.59 85.59 87.26 88.4 88.06 90.56 91.4 94.59 92.93 94.98 97.13 98.19 -9999 -9999 -9999 -9999 -9999 -9999 -9999 -9999 -9999 -9999 -9999 -9999 -9999 -9999 -9999 -9999 -9999 -9999 -9999 -9999 -9999 -9999 -9999 -9999 -9999 -9999 -9999 -9999 -9999 -9999 -9999 -9999 -9999 -9999 -9999 -9999 -9999 -9999 -9999 -9999 -9999 -9999 -9999 -9999 -9999 -9999 -9999 -9999 -9999 -9999 -9999
76.74 77.12 75.44 76.24 76.55 77.79 78.83 83.57 83.12 84.05 85.76 88 89.61 90.75 91.27 92 95.16 96.75 97.78 96.8 97.47 98.52 100.3699 -9999 -9999 -9999 -9999 -9999 -9999 -9999 -9999 -9999 -9999 -9999 -9999 -9999 -9999 -9999 -9999 -9999 -9999 -9999 -9999 -9999 -9999 -9999 -9999 -9999 -9999 -9999 -9999 -9999 -9999 -9999 -9999 -9999 -9999 -9999 -9999 -9999 -9999 -9999 -9999 -9999 -9999 -9999 -9999 -9999 -9999 -9999 -9999 -9999 -9999 -9999
85.25 86.58 85.31 80.12 80.92 86.54 91.42 88.54 89.64 87.74 88.14 91.87 91.67 91.87 93.69 96.54 98.11 100.06 100.99 101.59 102.01 101.9 102.3 -9999 102.1429 102.9107 -9999 -9999 -9999 -9999 -9999 -9999 -9999 -9999 -9999 -9999 -9999 -9999 -9999 -9999 -9999 -9999 -9999 -9999 -9999 -9999 -9999 -9999 -9999 -9999 -9999 -9999 -9999 -9999 -9999 -9999 -9999 -9999 -9999 -9999 -9999 -9999 -9999 -9999 -9999 -9999 -9999 -9999 -9999 -9999 -9999 -9999 -9999 -9999
88.2 88.67 89.49 88.77 88.53 88.6 91.2 90.57 91.47 93.88 95.58 98.09 97.12 97.4 99.46 100.52 101.28 101.93 102.99 103.86 104.4 104.44 104.39 104.23 104.03 104 103.59 102.3333 101.6721 100.58 96.82758 -9999 -9999 -9999 -9999 -9999 -9999 -9999 -9999 -9999 -9999 -9999 -9999 -9999 -9999 -9999 -9999 -9999 -9999 -9999 -9999 -9999 -9999 -9999 -9999 -9999 -9999 -9999 -9999 -9999 -9999 -9999 -9999 -9999 -9999 -9999 -9999 -9999 -9999 -9999 -9999 -9999 -9999 -9999
91.42 92.57 91.52 92.4 93.66 93.58 92.39 92.35 93.59 95.27 97.13 98.43 100.56 101.31 101.93 102.48 103.25 104.12 104.84 105.87 106.82 107.04 106.63 106.39 105.74 104.3 105.61 104.06 103.96 102.23 97.53 95.77631 -9999 -9999 -9999 -9999 -9999 -9999 -9999 -9999 -9999 -9999 -9999 -9999 -9999 -9999 -9999 -9999 -9999 -9999 -9999 -9999 -9999 -9999 -9999 -9999 -9999 -9999 -9999 -9999 -9999 -9999 -9999 -9999 -9999 -9999 -9999 -9999 -9999 -9999 -9999 -9999 -9999 -9999
91.29 92.01 94.95 91.93 94.6 93.98 95 97.21 98.62 100.27 101.16 102.8 103.84 104.29 104.71 105.34 105.8 106.68 107.19 108.37 109.33 109.17 108.96 108.8 108.07 107.52 107.56 107 106.89 104.23 101.2 98.62 93.25806 94.02985 90.69231 92.67046 86.80808 83.28358 -9999 -9999 -9999 -9999 -9999 -9999 -9999 -9999 -9999 -9999 98.6 92.24 85.05128 83.50909 -9999 -9999 -9999 -9999 -9999 -9999 -9999 -9999 -9999 -9999 -9999 -9999 -9999 -9999 -9999 -9999 -9999 -9999 -9999 -9999 -9999 -9999
96.47 97.95 97.35 93.66 94.26 95.5 98.03 99.26 101.04 103.19 103.57 104.32 105.06 105.97 106.63 107.04 107.56 108.48 109.16 110.03 110.44 109.93 109.85 110.23 110.25 109.68 108.85 108.08 108.47 107.29 106.69 106.01 101.71 98.92 90.19 93.23 97.42 86.77 90.20652 -9999 -9999 -9999 88.75 -9999 82.48148 -9999 -9999 -9999 93.33673 95.97 91.11 87.36 85.2 88.95122 84.90476 85.06061 -9999 -9999 -9999 -9999 -9999 -9999 -9999 -9999 -9999 -9999 -9999 -9999 -9999 -9999 -9999 -9999 -9999 -9999
97.3 97.93 98.94 98.49 98.34 98.51 101.5 103.86 105.18 105.4 106.26 106.92 107.48 107.67 108.45 109.21 109.32 109.65 110.35 111.66 111.82 110.94 110.81 111.15 111.29 110.24 109.27 109.87 109.81 109.99 108.33 106.9 106.47 105.32 101.89 100.31 102.35 97.01 99.43 92.51 89.11 93.97 98.05 88.58 88.43 83.44 91.52 80.19 82.55 85.09 84.1 83.61 87.25 95.52 89.73 89.05 83.19588 -9999 -9999 -9999 -9999 -9999 -9999 -9999 -9999 -9999 -9999 -9999 -9999 -9999 -9999 -9999 -9999 -9999
101.09 101.39 101.45 100.4 100.05 100.79 101.57 103.23 104.87 106.06 107.63 108.79 109.12 109.38 110.04 110.27 110.88 110.79 111.62 112.72 112.95 112.66 112.88 112.52 112.06 112.03 111.11 110.24 108.92 109.66 109.75 108.11 108 106.45 106.89 107.24 103.4 100.01 102.31 100.91 102.41 106.68 103.34 91.49 92.73 98.03 90.75 87.95 91.4 89.77 87.03 82.68 83.84 94.23 97.24 92.82 86.64 -9999 -9999 -9999 -9999 -9999 -9999 -9999 -9999 -9999 -9999 -9999 -9999 -9999 -9999 -9999 -9999 -9999
104.05 103.59 103.43 103.5 103.51 104.61 105.06 105.33 106.93 107.88 108.72 109.79 110.19 110.51 111.4 111.39 111.74 112.44 112.29 113.08 113.15 113.89 113.56 113.14 112.36 111.67 110.94 110.35 108.83 108.25 109.39 108.69 108.75 107.54 108.02 108.16 105.58 103.69 102.64 107.04 107.33 110.77 105.48 101.47 101.53 100.99 96.52 99.23 101.75 95.77 86.97 88.41 88.78 96.61 94.17 90.38 89.34 -9999 -9999 83.09524 83.4 85.5618 90.55556 91.73529 -9999 -9999 -9999 -9999 -9999 -9999 -9999 -9999 -9999 -9999
107.1 107.03 108.14 108.68 108.26 108.49 107.7 108.91 111.2 111.24 111.93 112.31 113.07 112.97 112.93 112.74 113.18 113.82 113.28 113.65 113.98 113.99 113.93 113.97 113.81 112.77 112.03 111.23 110.21 109.51 110.01 110.11 108.19 107.99 107.51 106.54 106.46 105.54 104.39 104.5 108.16 111.61 112.03 110.34 107.21 104.41 100.83 98.56 102.07 100.94 99.13 99.89 97.32 98.94 90.81 93.45 97.44 98 94.08 92.51 92.59 92.66 91.74 88.67123 -9999 82.7375 82.45 84.63 86.11765 -9999 -9999 -9999 88.70213 89.75
110.09 110.06 110.61 110.77 111.53 111.87 111.54 113.2 114.2 114.65 115.48 115.58 115.83 116.06 115.67 114.72 114.18 114.25 114.19 114.1 114.66 114.92 114.87 114.3 114.01 113.89 113.31 112.74 112.01 111.24 111.75 111.18 110.03 107.73 106.05 105.59 104.98 102.26 104.25 105.52 108.15 112.07 113.68 109.75 111.48 106.64 109.09 104.39 107.24 103.66 99.76 104.55 104.06 95.57 93.33 95.79 100.21 95.91 91.12 88.24 87.52 89.55 88.42 87.46 87.84 88.64 87.37 86.71 88.35 88.51 88.07 87.82 87.8 88.34
111.78 111.76 111.86 112.37 112.6 114.02 114.49 115.45 116.2 116.89 117.51 117.6 117.89 117.62 117.05 116.51 116.21 115.09 114.6 114.78 114.87 114.99 115 115 114.82 114.31 113.98 113.42 112.88 112.21 112.28 112.43 111.88 111.65 110.84 110.09 109.49 110.19 110.48 109.34 110.56 110.79 114.05 112.03 114.8 112.93 110.01 107.99 110.44 105.11 107.54 108.77 101.66 94.81 97.41 100.27 98.42 93.04 90.16 89.19 89.88 90.29 92.11 89.94 89.91 89.71 89.38 88.05 87.63 87.96 87.49 87.35 86.83 87.03
112.68 113.26 113.85 114.16 114.95 115.55 115.61 116.77 117.84 117.76 117.38 118.18 118.66 118.82 118.82 118.64 118.07 116.78 115.92 115.92 115.67 115.66 115.89 115.6 115 114.96 114.55 113.99 113.78 113.47 113.32 113.02 112.59 111.95 111.78 111.67 110.85 111.89 112.96 113 114.1 114.59 116.71 114.64 114.89 111.59 110.99 109.85 112.02 107.5 111.68 109.56 106.93 100.53 98.43 100.49 97.21 94.27 92.54 94.19 92.37 89.69 92.59 91.36 90.45 89.32 88.6 86.96 86.36 86.48 85.88 85.33 85.1 85.33
113.26 114.28 114.68 115.06 115.49 115.24 116.17 116.35 116.81 117.23 118.89 120.24 119.82 120.25 119.75 119.43 118.69 118.05 117.34 116.41 115.93 115.97 115.93 116 115.38 115.05 114.99 114.1 113.68 113.77 114 113.56 113.39 112.64 112.99 112.89 112.1 112.88 113.94 114.84 116.19 117.29 118.41 113.39 112.13 111.87 114.04 112.05 107.85 106.03 110.23 103.3 103.33 103.05 103.32 102.73 100.19 98.1 96.42 94.83 93.39 92.83 92.39 91.06 90.04 88.67 87.9 86.77 85.74 85.08 84.39 83.76 83.26 83.12
114.26 114.97 115.9 116.62 117.67 117.28 118.7 118.29 120.11 120.45 122.12 120.92 120.51 121.13 120.99 120.43 119.58 119 118.42 117.11 116.73 116.07 115.81 115.98 115.77 115.2 115.19 114.54 113.31 113.66 114.11 113.83 113 112.96 113.79 113.98 113.66 114.14 115.2 115.62 117.3 118.44 119.38 118.6 117.12 114.57 114.37 114.69 110.4 111.69 111.33 106.12 108.34 107.01 104.66 102.25 99.68 97.12 96.24 95.52 94.01 92.49 91.59 89.9 88.94 87.8 86.89 86.03 84.93 84.13 83.17 82.3 81.47 81.39
115.8 116.42 117.28 118.02 118.8 119.91 120.86 121.88 123 123.79 124.66 124.63 123.32 122.43 121.97 121.38 120.34 119.53 118.69 117.99 117.27 116.69 115.99 116 115.99 115.94 115.06 114.45 114.01 114.1 114.67 114.02 113.13 112.35 113.77 114.27 115.11 115.53 116.24 115.92 117.94 119.8 120.11 120.71 120.78 120.23 119.89 117.37 115.49 114.62 113.82 111.33 109.48 106.55 104.48 102.02 99.11 96.95 95.15 94.12 93.15 91.7 90.54 89.12 87.98 86.71 85.79 84.76 84.02 83.24 82.35 81.27 79.99 79.87
115.66 116.77 117.63 118.63 119.63 120.68 121.92 122.84 123.97 125.74 126.46 125.76 124.68 123.51 122.49 121.44 120.53 116.97 116.94 118.42 117.57 117.01 116.42 116 116 116 115.4 115.29 114.71 114.98 115 114.24 113.8 112.57 113.03 114.31 115.19 116.11 116.68 117.43 119.1 120.25 120.67 122.12 123.21 123.83 123.12 122.86 121.36 119.26 116.2 112.71 109.38 106.35 103.21 100.72 98.31 96.43 94.28 92.73 91.62 90.52 89.28 88.15 86.75 85.88 84.83 83.93 83.03 82.28 81.03 80.11 79.6 79.33
115.93 116.67 117.52 118.72 120.11 120.9 122.33 123.35 124.75 125.99 126.47 125.94 124.93 124.01 122.9 121.71 120.35 118.94 117.26 117.42 117.3 116.88 116.18 116 115.92 115.53 115.34 115.02 115.14 115.12 114.98 114.27 113.66 112.95 112.25 112.74 114 115.96 117.04 118.12 119.45 120.46 121.23 122.53 123.87 123.88 123.43 125.54 123.18 119.85 116.07 112.36 108.86 105.32 102.28 99.39 96.84 94.96 93.19 91.72 90.38 89.13 87.76 86.41 85.66 84.71 83.58 82.7 82.01 81.11 80.41 79.82 79.7347 79.21839
116.05 116.72 117.87 118.5 119.77 121.13 122.51 123.38 124.7 125.63 125.81 125.11 124.69 124.03 123.26 122.05 121.17 119.92 118.94 118.02 117.3 116.67 116.05 115.96 115.54 115.1 114.57 114.9 115.02 115.22 115.02 114.7 114.27 114.2 113.98 113.33 113.17 114.52 115.64 115.92 118.03 119.8 121.34 122.75 123.41 124.47 125.56 126.2 123.35 119.39 115.13 110.91 107.2 103.83 100.44 97.72 95.65 93.74 92.11 90.49 89.04 87.8 86.34 85.59 84.47 83.44 82.99 81.89 81.06 80.11 79.94949 79.28947 -9999 -9999
116.17 116.83 117.58 118.69 119.84 120.93 122 123.04 123.99 124.8 125 124.92 124.76 123.96 123.17 122.08 121.16 120 119.04 117.79 117.12 116.36 115.84 115.47 115 114.53 113.76 113.97 114.06 114 114.39 114.59 114.75 114.81 114.34 114.28 114.65 114.52 115.87 116.73 117.54 118.82 119.42 121.13 122.44 123.4 123.92 123.6 120.97 116.8 112.78 108.97 104.8 101.27 98.29 95.67 94.15 92.56 90.62 89.04 87.61 86.41 85.26 84.09 83.1 82.78 81.99 81.09 80.57447 -9999 -9999 -9999 -9999 -9999
116.93 117.7 118.38 118.93 119.96 120.87 121.91 122.68 123.51 123.99 124.35 124.56 124.39 123.48 122.74 121.86 120.93 119.84 118.78 117.57 116.57 115.98 115.55 114.96 114.55 113.83 113.64 113.1 112.44 112.29 112.59 113.47 113.82 114.13 114.25 114.01 114.16 114.57 115.44 116.17 117.16 118.23 118.88 119.42 120.97 121.41 121.31 119.77 116.37 112.42 108.76 105.46 102.15 99.38 96.87 94.76 92.96 91.11 89.51 87.74 86.04 85.05 84.15 83.22 82.35 81.29 81.04256 -9999 -9999 -9999 -9999 -9999 -9999 -9999
117.57 118.52 119.2 120.1 120.88 121.16 121.99 122.94 123.61 123.99 124.01 124.03 123.39 122.61 121.94 121.35 120.37 119.41 118.27 117.32 116.31 115.42 114.35 113.38 113.55 113.25 112.43 112.08 111.05 111.61 112.32 112.9 113.06 113.49 113.79 113.82 113.54 114.05 114.78 115.24 116.31 117.5 117.66 118.06 118.56 118.21 117.07 114.74 111.34 108.13 104.98 101.9 99.81 97.24 94.86 92.77 90.66 89.99 87.84 85.41 84.29 83.33 83.05 82.21 81.81 81.02128 -9999 -9999 -9999 -9999 -9999 -9999 -9999 -9999
118.31 119.05 119.55 120.22 120.9 121.68 122.02 122.76 123.34 123.95 124 123.63 122.9 122.24 121.35 120.58 119.8 118.95 117.81 116.96 116.11 114.86 113.42 112.21 111.46 111.39 110.92 110.4 110.04 110.7 111.34 111.86 112.15 112.42 112.62 113.29 113.63 114.1 114.66 115.4 115.98 116.43 116.12 116.39 116.35 115.82 115.67 113.84 110.27 104.85 102.2 99.59 97.01 95.74 91.07 88.51 87.26 86.29 84.44 83.51 82.94 82.27 81.68367 81.23457 81 -9999 -9999 -9999 -9999 -9999 -9999 -9999 -9999 -9999
118.87 118.96 119.81 120.3 120.39 121.01 121.43 122.06 123 123.18 123.52 123.13 122.75 122.14 121.53 120.97 120.08 119.14 117.93 116.69 115.42 114.26 112.82 111.54 110.52 109.71 109.31 108.98 109.39 109.75 109.92 110.21 110.81 111.44 111.76 112.02 112.42 112.87 113.56 113.99 114.4 114.36 114.98 115.12 114.83 113.45 113.23 111.62 108.25 105.81 102.57 99.11 96.2 92.33 86.98 84.78 83.62 83.03061 82.22785 82.04546 -9999 -9999 -9999 -9999 -9999 -9999 -9999 -9999 -9999 -9999 -9999 -9999 -9999 -9999
118.41 118.43 119.36 119.37 119.96 120.6 120.94 121.58 122.75 123.03 123.32 123.58 123.21 122.83 121.91 121.14 120.17 119.17 117.66 116.43 114.92 113.49 111.85 110.39 109.36 108.7 107.92 107.66 107.87 108.28 107.95 107.56 108.75 109.69 110.06 110.48 110.94 111.46 111.31 112.32 112.62 112.7 113.23 112.65 111.8 110.54 110.87 109.54 107.01 103.88 100.36 96.98 92.65 88.09 84.04939 -9999 -9999 -9999 -9999 -9999 -9999 -9999 -9999 -9999 -9999 -9999 -9999 -9999 -9999 -9999 -9999 -9999 -9999 -9999
116.73 117.48 118.63 117.9 118.72 119.73 120.48 121.69 122.47 123.07 123.1 123.17 123 122.51 122.02 121.54 120.47 119.19 117.61 116.32 114.71 113.1 111.53 109.87 108.67 108.02 107.61 106.95 106.7 106.76 107.1 107.23 107.61 107.99 107.81 108.53 109.05 109.63 110.12 110.06 109.85 110.4 110.47 109.91 109.99 109.25 109.01 107.44 104.49 101.6 98.58 95.11268 -9999 -9999 -9999 -9999 -9999 -9999 -9999 -9999 -9999 -9999 -9999 -9999 -9999 -9999 -9999 -9999 -9999 -9999 -9999 -9999 -9999 -9999
