layers/wordclim/future/Iberia_wcB2a_10_hadcm3_2050/bio_08.asc
ncols         166
nrows         93
xllcorner     -9.4959440078468
yllcorner     36.000324005443
cellsize      0.083333337679505
NODATA_value  -9999
[rows 33 to 65 of 93, columns 73 to 145 of 166]
86.58 93.18 93.04 93.93 95.55 98.68 96.15 93.41 88.52 85.12 84.08 84.3 82.78 81.93 78.93 76.04 75.13 76.63 79.48 81.73 82.08 94.31 172.53 184.56 183.97 188.82 181.83 143.35 142.06 153.01 135.58 142.55 152.45 152.96 152.51 150.47 156.38 162.81 169.15 168.34 162.61 163.8 167.99 165.86 169.92 168.12 183.25 181.42 180.54 183.11 182.66 186.8 -9999 -9999 -9999 -9999 -9999 -9999 -9999 -9999 -9999 -9999 -9999 -9999 -9999 -9999 -9999 -9999 -9999 -9999 -9999 -9999 -9999
100.22 96.73 98.49 101.64 99.52 95.5 90.23 88.58 89.5 88.39 86.28 83.8 82.38 86.85 82.27 81.26 76.24 81.7 80.22 78.31 79.26 110 155.87 183.52 186.43 188.27 182.87 180.47 136.35 172.39 140.52 136.89 142.38 144.88 143.07 147.97 151.33 157.82 164.88 157.29 154.13 159.49 163.86 162.44 157.67 162.49 186.55 187.14 175.06 188.4545 -9999 -9999 -9999 -9999 -9999 -9999 -9999 -9999 -9999 -9999 -9999 -9999 -9999 -9999 -9999 -9999 -9999 -9999 -9999 -9999 -9999 -9999 -9999
98.63 99.13 102.43 105.78 100.83 92.91 91.1 91.15 93.86 92.94 86.24 85.5 87.94 86.28 83.67 83.32 81.59 80.17 79.35 80.2 76.34 75.31 141.98 185.89 188.77 185.52 155.89 137.95 139.25 127.21 127.86 129.2 127.85 128.13 133.02 137.92 144.06 158.04 156.45 158.06 151.89 156.14 151.47 147.51 140.58 167.08 190.57 191.67 190.84 196.8028 -9999 -9999 -9999 -9999 -9999 -9999 -9999 -9999 -9999 -9999 -9999 -9999 -9999 -9999 -9999 -9999 -9999 -9999 -9999 -9999 -9999 -9999 -9999
103.47 101.91 106.41 104.29 94.05 94.01 93.33 89.54 96.61 100.39 98.76 95.2 88.2 78.43 75.43 73.54 77.01 76.07 72.93 73.88 71.34 75.78 103.64 169.83 189.52 179.24 142.25 167.17 139.16 122.16 120.7 122.44 127.45 127.41 132.29 137.25 147.17 150.36 151.87 147.73 142.01 142.69 137.21 148.64 157.13 179.58 189.9 194.28 197.9691 198.8925 199.5814 200.6087 -9999 -9999 -9999 -9999 -9999 -9999 -9999 -9999 -9999 -9999 -9999 -9999 -9999 -9999 -9999 -9999 -9999 -9999 -9999 -9999 -9999
107.69 106.01 109.52 100.54 97.62 98.38 92.45 90.52 99.41 95.75 90.87 86.17 85.26 81.75 77 73.32 72.43 72.41 71.22 68.14 62.81 69.35 73.46 124.97 167.2 189.66 143.11 131.62 135.54 128.18 122.02 123.12 122.09 121.4 124.61 124.1 137.26 144.15 149.79 146.8 141.72 145.8 152.89 165.93 179.54 186.04 188.13 185.5745 -9999 -9999 -9999 -9999 -9999 -9999 -9999 -9999 -9999 -9999 -9999 -9999 -9999 -9999 -9999 -9999 -9999 -9999 -9999 -9999 -9999 -9999 -9999 -9999 -9999
111.6 111.9 103.82 99.09 102.76 97.58 93.6 96.32 103.1 95.46 94.94 93.49 95.24 92.35 86.5 79.55 74.27 63.66 64.76 61.45 57.9 63.35 69.87 112.12 133.25 152 138.33 127.25 133.77 127.05 113.47 121.68 119.82 116.26 116.11 113.39 128.95 136.06 143.88 144.65 142.75 152.96 162.86 177.69 184.76 191.02 194.21 -9999 -9999 -9999 -9999 -9999 -9999 -9999 -9999 -9999 -9999 -9999 -9999 -9999 -9999 -9999 -9999 -9999 -9999 -9999 -9999 -9999 -9999 -9999 -9999 -9999 -9999
113.24 105.65 100.63 102.27 101.09 96.66 98.33 103.88 105.16 102.96 105.89 103.29 101.46 92.33 88.36 79.91 72.99 67.18 61.86 61.81 58.17 60.87 77.43 110.99 129.03 140.95 135.83 131 135.15 120.56 116.87 116.43 112.57 90.57 93.45 113.21 118.08 131.03 136.5 140.92 146.56 163.75 174.44 180.66 187.31 195.77 198.98 -9999 -9999 -9999 -9999 -9999 -9999 -9999 -9999 -9999 -9999 -9999 -9999 -9999 -9999 -9999 -9999 -9999 -9999 -9999 -9999 -9999 -9999 -9999 -9999 -9999 -9999
109.89 104.33 103.1 106.31 102.48 103.79 109.19 106.13 107.99 99.17 96.66 102.82 97.55 96.8 92.97 88.91 75.78 71.35 64.96 61.04 59.92 65.42 88.11 116 119.41 134.26 139.37 141.83 134.69 122.85 122.58 119.42 111.55 81.91 85.97 113.18 123.38 136.94 151.65 154.41 162.99 171.19 181.89 180.09 188.51 195.3615 -9999 -9999 -9999 -9999 -9999 -9999 -9999 -9999 -9999 -9999 -9999 -9999 -9999 -9999 -9999 -9999 -9999 -9999 -9999 -9999 -9999 -9999 -9999 -9999 -9999 -9999 -9999
108.72 107.26 108.41 105.66 106.36 111.26 107.12 101.6 106.63 103.89 99.01 98.17 94.92 91.78 87.85 83.73 75.26 69.05 67.12 69.93 59.8 63.71 66.76 84.71 123.23 128.88 136.97 145.22 135.58 127.01 135.44 135.15 124.52 114.81 121.13 121.81 129.27 139.1 158.08 166.3 167.63 171.87 189.4 192.58 189.4878 -9999 -9999 -9999 -9999 -9999 -9999 -9999 -9999 -9999 -9999 -9999 -9999 -9999 -9999 -9999 -9999 -9999 -9999 -9999 -9999 -9999 -9999 -9999 -9999 -9999 -9999 -9999 -9999
113.62 111.17 109.13 110.44 114.04 112.21 101.19 100.16 103.73 96.95 98.86 98.63 97.35 78.61 63.26 76.57 78.71 77.1 74.86 68.1 67.59 67.35 73.72 68.93 126.14 133.3 143.54 139.76 127.69 129.86 141.71 146.01 142.15 138.55 135.13 142.89 142.37 147.2 170.68 182.81 181.95 185.58 191.09 201.0395 -9999 -9999 -9999 -9999 -9999 -9999 -9999 -9999 -9999 -9999 -9999 -9999 -9999 -9999 -9999 -9999 -9999 -9999 -9999 -9999 -9999 -9999 -9999 -9999 -9999 -9999 -9999 -9999 -9999
110.5 111.19 114.61 117.51 114.56 108.81 101.38 99.52 100.68 97.22 95.89 95.77 89.48 76.21 69.07 60.88 76.17 77.18 74.32 76.52 76.18 79.03 82.19 83.89 129.8 148.39 144.93 129.98 92.89 104.12 134.19 146.92 150.73 154.59 157.38 154.68 160.03 166.35 177.15 188.39 187.1 187.93 198.4773 -9999 -9999 -9999 -9999 -9999 -9999 -9999 -9999 -9999 -9999 -9999 -9999 -9999 -9999 -9999 -9999 -9999 -9999 -9999 -9999 -9999 -9999 -9999 -9999 -9999 -9999 -9999 -9999 -9999 -9999
118.84 118.86 116.64 112.08 109.48 107.05 102.98 100.94 100.01 98.41 95.02 95.09 86.68 74.1 81.42 63.08 68.04 81.6 85.84 85.5 81.14 85.75 87.46 80.02 127.39 149.49 139.49 116 86.63 108.86 133.23 139.85 148.21 149.35 162.57 167.66 176.39 184.44 193.57 194.22 194.21 197.6418 -9999 -9999 -9999 -9999 -9999 -9999 -9999 -9999 -9999 -9999 -9999 -9999 -9999 -9999 -9999 -9999 -9999 -9999 -9999 -9999 -9999 -9999 -9999 -9999 -9999 -9999 -9999 -9999 -9999 -9999 -9999
112.01 111.97 109.94 108.02 107.77 106.81 104.29 101.73 103.91 102.82 99.06 97.9 95.83 95.05 81.96 67.19 85.64 87.44 94.12 93.3 92.15 88.06 86.43 110.45 141.3 146.64 150.72 143.84 134.43 127.45 112.83 133.05 149.79 159.66 165.93 164.07 172.81 188.36 199.44 203.42 206.1753 -9999 -9999 -9999 -9999 -9999 -9999 -9999 -9999 -9999 -9999 -9999 -9999 -9999 -9999 -9999 -9999 -9999 -9999 -9999 -9999 -9999 -9999 -9999 -9999 -9999 -9999 -9999 -9999 -9999 -9999 -9999 -9999
113.78 112.6 110.77 110.51 110.34 108.29 106.01 105.3 104.68 103.43 103.48 100.17 100.56 102.44 95.55 90.68 90.7 90.41 95.28 92.53 97.37 90.47 85.71 99.99 146.03 144.14 148.2 155.58 151.12 145.75 138.59 133.18 151.7 165.08 178.1 181.67 174.01 180.88 198.03 207.303 -9999 -9999 -9999 -9999 -9999 -9999 -9999 -9999 -9999 -9999 -9999 -9999 -9999 -9999 -9999 -9999 -9999 -9999 -9999 -9999 -9999 -9999 -9999 -9999 -9999 -9999 -9999 -9999 -9999 -9999 -9999 -9999 -9999
116.01 114.35 113.27 113.48 111.72 110.82 106.56 104.78 104.17 106.63 105.6 102.11 102.96 105.12 102.05 99.12 94.45 93.57 97.18 96.78 98.13 99.57 99.12 102.35 117.9 138.51 153.75 163.65 162.63 158.69 155.83 162.16 162.13 166.52 171.4 185.17 193.2 194.76 206.03 -9999 -9999 -9999 -9999 -9999 -9999 -9999 -9999 -9999 -9999 -9999 -9999 -9999 -9999 -9999 -9999 -9999 -9999 -9999 -9999 -9999 -9999 -9999 -9999 -9999 -9999 -9999 -9999 -9999 -9999 -9999 -9999 -9999 -9999
115.89 116.21 114.94 114.41 113.35 112.37 109.1 108.36 105.55 107.95 106.13 102.67 103.99 107.78 106.82 100.7 98.16 97.56 98.17 99.89 103.26 107.13 107.91 104.75 97.51 143.02 154.68 159.58 167.71 177.29 178.5 182.11 187.92 190.76 187.5 180.04 193.21 203.88 209.4605 -9999 -9999 -9999 -9999 -9999 -9999 -9999 -9999 -9999 -9999 -9999 -9999 -9999 -9999 -9999 -9999 -9999 -9999 -9999 -9999 -9999 -9999 -9999 -9999 -9999 -9999 -9999 -9999 -9999 -9999 -9999 -9999 -9999 -9999
116.21 117.73 117.48 116.59 115.56 111.73 108.67 111.13 110.53 107.58 109.57 105.37 105.64 108.16 108.06 107.09 104.29 102.97 102.75 101.81 101.58 107.07 111.81 105.83 105.12 135.9 148.48 143.71 153.96 168.47 183.93 190.36 196.56 199.84 201.1 201.69 202.73 208.6064 -9999 -9999 -9999 -9999 -9999 -9999 -9999 -9999 -9999 -9999 -9999 -9999 -9999 -9999 -9999 -9999 -9999 -9999 -9999 -9999 -9999 -9999 -9999 -9999 -9999 -9999 -9999 -9999 -9999 -9999 -9999 -9999 -9999 -9999 -9999
118.89 119.25 118.83 117.97 117.56 115.67 113.25 114.69 113.46 110.43 110.35 110.53 110.75 110.26 106.93 107.51 109.99 109.05 108.62 107.81 108.41 109.65 116.47 112.68 112.21 114.58 152.07 159.21 162.61 158.77 163.51 182.17 196.12 201.35 204.56 205.84 205.84 -9999 -9999 -9999 -9999 -9999 -9999 -9999 -9999 -9999 -9999 -9999 -9999 -9999 -9999 -9999 -9999 -9999 -9999 -9999 -9999 -9999 -9999 -9999 -9999 -9999 -9999 -9999 -9999 -9999 -9999 -9999 -9999 -9999 -9999 -9999 -9999
120.13 120.33 119.05 116.94 118.35 118.69 117.28 117.11 116.8 115.93 115.36 113.66 114.29 110.75 108.39 112.2 112.36 112.09 111.89 113.12 113.49 116.19 122.95 119.31 118.98 123.07 131.95 153.38 162.34 164.6 165.76 180.02 194.26 199.55 191.07 186.07 171.22 -9999 -9999 -9999 -9999 -9999 -9999 -9999 -9999 -9999 -9999 -9999 -9999 -9999 -9999 -9999 -9999 -9999 -9999 -9999 -9999 -9999 -9999 -9999 -9999 -9999 -9999 -9999 -9999 -9999 -9999 -9999 -9999 -9999 -9999 -9999 -9999
121.05 121.85 121.29 120.18 121.06 120.57 119.47 119.4 119.07 118.47 117.91 117.6 116.83 115.23 115.03 115.99 114.75 114.77 114.79 115.97 117.26 117.68 121.08 129.65 131.83 130.74 130.93 130.42 134.83 153.83 176.02 183.49 181.77 170.21 163.17 168.68 172.06 -9999 -9999 -9999 -9999 -9999 -9999 -9999 -9999 -9999 -9999 -9999 -9999 -9999 -9999 -9999 -9999 -9999 -9999 -9999 -9999 -9999 -9999 -9999 -9999 -9999 -9999 -9999 -9999 -9999 -9999 -9999 -9999 -9999 -9999 -9999 -9999
122.13 122.85 122.69 122.73 122.49 122.07 121.38 120.12 119.9 118.89 118.35 118.57 117.94 117.45 117.14 116.66 117.92 117.79 118.3 119.32 119.76 120.9 121.2 121.4 124.51 129.58 132.15 132.85 131.08 135.21 143.68 140.97 144.39 158.36 163.23 169.5 173.24 174.0476 -9999 -9999 -9999 -9999 -9999 -9999 -9999 -9999 -9999 -9999 -9999 -9999 -9999 -9999 -9999 -9999 -9999 -9999 -9999 -9999 -9999 -9999 -9999 -9999 -9999 -9999 -9999 -9999 -9999 -9999 -9999 -9999 -9999 -9999 -9999
123.01 122.83 122.75 122.98 122.96 122.66 121.7 120.51 119.11 117.84 117.15 117.14 118.56 119.09 119.47 119.3 119.84 120.35 121.18 122.29 122.98 123.07 124.52 125.19 124.02 122.94 122.67 129.45 138.83 125.38 125.53 140.15 149.56 155.71 168.71 171.68 173.56 174.3636 -9999 -9999 -9999 -9999 -9999 -9999 -9999 -9999 -9999 -9999 -9999 -9999 -9999 -9999 -9999 -9999 -9999 -9999 -9999 -9999 -9999 -9999 -9999 -9999 -9999 -9999 -9999 -9999 -9999 -9999 -9999 -9999 -9999 -9999 -9999
123.32 123.41 123.01 122.82 122.85 121.53 119.41 117.78 116.19 115.76 114.88 113.72 116.08 118.35 120.01 121.14 121.9 122.69 123.16 123.76 124.48 125.5 124.15 122.25 117.93 113.34 116.66 123.37 135.06 120.54 128.39 146.83 155.03 161.59 170.48 172.12 167.14 170.15 -9999 -9999 -9999 -9999 -9999 -9999 -9999 -9999 -9999 -9999 -9999 -9999 -9999 -9999 -9999 -9999 -9999 -9999 -9999 -9999 -9999 -9999 -9999 -9999 -9999 -9999 -9999 -9999 -9999 -9999 -9999 -9999 -9999 -9999 -9999
124.04 123.42 122.11 121.13 120.09 117.6 113.4 112.06 111.61 110.76 111.47 109.54 111 115.54 120 122.28 123.37 124.15 124.65 124.71 123.65 119.55 117.57 112.96 109.34 106.69 114.2 121.74 131.13 120.83 128.12 140.83 153.55 162.61 168.86 170.59 161.33 161.63 174.5926 -9999 -9999 -9999 -9999 -9999 -9999 -9999 -9999 -9999 -9999 -9999 -9999 -9999 -9999 -9999 -9999 -9999 -9999 -9999 -9999 -9999 -9999 -9999 -9999 -9999 -9999 -9999 -9999 -9999 -9999 -9999 -9999 -9999 -9999
124.97 123.43 119.55 117.45 115.1 113.58 114.6 112.16 110.18 108.07 105.97 104.85 107.75 113.78 119.61 122.39 123.77 124.89 124.85 123.4 117.23 113.18 113.16 109.72 111.36 116.28 120.01 123.32 122.86 116.14 126.14 138.42 149.49 158.88 162.73 165.03 158.61 156.37 173.55 178.3036 -9999 -9999 -9999 -9999 -9999 -9999 -9999 -9999 -9999 -9999 -9999 -9999 -9999 -9999 -9999 -9999 -9999 -9999 -9999 -9999 -9999 -9999 -9999 -9999 -9999 -9999 -9999 -9999 -9999 -9999 -9999 -9999 -9999
125.28 123.79 121.17 118.64 117.29 113.49 112.46 113.1 110.47 109.47 108.44 106.42 107.28 112.28 116.97 120.88 123.1 124.73 123.55 121.55 119.28 116.87 115.62 115.36 117.51 120.09 122.87 127.55 128.19 124.73 130.37 141.9 143.48 148.98 160.35 162.12 156.91 154.59 160.95 174.36 178.2239 -9999 -9999 -9999 -9999 -9999 -9999 -9999 -9999 -9999 -9999 -9999 -9999 -9999 -9999 -9999 -9999 -9999 -9999 -9999 -9999 -9999 -9999 -9999 -9999 -9999 -9999 -9999 -9999 -9999 -9999 -9999 -9999
124.94 121.78 121.27 120.68 118.64 114.63 112.44 111.86 110.96 109.71 109.04 108.75 110.45 111.17 113.34 114.49 115.56 119.71 119.03 119.66 118.87 117.31 116.97 117.56 119.92 123.75 122.18 121.03 124.35 131.36 139.2 135.41 137.57 143.63 139.23 141.97 152.76 141.01 143.22 154.49 170.19 174.35 175.7938 -9999 -9999 -9999 -9999 -9999 -9999 -9999 -9999 -9999 -9999 -9999 -9999 -9999 -9999 -9999 -9999 -9999 -9999 -9999 -9999 -9999 -9999 -9999 -9999 -9999 -9999 -9999 -9999 -9999 -9999
124.74 123.1 121.83 120.55 119.28 117.27 114.15 111 111.56 113.65 112.58 107.9 103.88 101.32 101.51 102.26 107.94 115.14 119.18 118.12 120.27 121.23 122.5 123.71 120.74 125.91 128.93 128.86 130.32 140.45 137.26 134.11 132.17 126.31 127.26 138.65 142.55 128.45 138.68 143.86 156.95 169.93 174.9277 -9999 -9999 -9999 -9999 -9999 -9999 -9999 -9999 -9999 -9999 -9999 -9999 -9999 -9999 -9999 -9999 -9999 -9999 -9999 -9999 -9999 -9999 -9999 -9999 -9999 -9999 -9999 -9999 -9999 -9999
125.38 122.41 119 119.57 119.3 118.72 113.91 116.04 116.02 121.77 112.89 101.01 95.36 102.36 100.96 105.29 111.62 118.13 121.85 126.11 127.47 127.95 129.29 128.96 126.55 125.43 129.63 135.53 136.98 141.57 144.54 137.46 127.9 132.29 122.6 125.53 128.65 132.97 136.47 167.13 168.9342 -9999 -9999 -9999 -9999 -9999 -9999 -9999 -9999 -9999 -9999 -9999 -9999 -9999 -9999 -9999 -9999 -9999 -9999 -9999 -9999 -9999 -9999 -9999 -9999 -9999 -9999 -9999 -9999 -9999 -9999 -9999 -9999
93.46 115.66 120.9 121.67 123.17 118.01 120.75 125.25 124.26 116.57 99.21 95.14 94.75 102.86 112.15 115.63 121.42 127.76 129.48 130.1 134.07 138.32 137.51 134.01 134.06 131.56 131.77 138.87 137.09 133.84 144.74 142.63 126.35 137.9 139.27 150.25 143.78 164.79 170.5 175.5238 -9999 -9999 -9999 -9999 -9999 -9999 -9999 -9999 -9999 -9999 -9999 -9999 -9999 -9999 -9999 -9999 -9999 -9999 -9999 -9999 -9999 -9999 -9999 -9999 -9999 -9999 -9999 -9999 -9999 -9999 -9999 -9999 -9999
90.17 103.35 123.44 124.97 123.1 124.37 128.78 128.51 121.64 115.77 111.93 102.76 101.44 112.9 119.2 124.28 130.64 129.13 134.36 140.36 142.65 142.34 139.15 135.34 138.57 139.97 136.74 129.47 135.17 140.71 145.77 151.78 143.31 152.14 161.79 169.92 170.554 -9999 -9999 -9999 -9999 -9999 -9999 -9999 -9999 -9999 -9999 -9999 -9999 -9999 -9999 -9999 -9999 -9999 -9999 -9999 -9999 -9999 -9999 -9999 -9999 -9999 -9999 -9999 -9999 -9999 -9999 -9999 -9999 -9999 -9999 -9999 -9999
96.46 113.69 128.13 129.97 130.14 131.77 135.89 132.42 126.2 122.35 108.67 101.45 111.21 127.12 132.35 130.49 130.57 136.66 142.67 141.33 144.7 146.65 146.22 147.85 144.37 141.89 144.22 139.42 140.69 138.01 148.41 159.5 163.02 165.9 173.8 177.2308 -9999 -9999 -9999 -9999 -9999 -9999 -9999 -9999 -9999 -9999 -9999 -9999 -9999 -9999 -9999 -9999 -9999 -9999 -9999 -9999 -9999 -9999 -9999 -9999 -9999 -9999 -9999 -9999 -9999 -9999 -9999 -9999 -9999 -9999 -9999 -9999 -9999
103.96 118.42 121.78 128.9 135.28 141.93 129.16 117.86 125.42 105.51 96.97 109.21 111.53 118.93 116.86 113.62 113.99 123.74 132.81 145.85 150.75 149.65 152.35 156.28 151.02 147.32 137.82 140.56 146.11 145.84 150.53 161.83 169.05 172.83 177.0658 -9999 -9999 -9999 -9999 -9999 -9999 -9999 -9999 -9999 -9999 -9999 -9999 -9999 -9999 -9999 -9999 -9999 -9999 -9999 -9999 -9999 -9999 -9999 -9999 -9999 -9999 -9999 -9999 -9999 -9999 -9999 -9999 -9999 -9999 -9999 -9999 -9999 -9999
