layers/wordclim/future/Iberia_wcB2a_10_hadcm3_2050/bio_10.asc
ncols         166
nrows         93
xllcorner     -9.4959440078468
yllcorner     36.000324005443
cellsize      0.083333337679505
NODATA_value  -9999
[rows 0 to 32 of 93, columns 0 to 72 of 166]
-9999 -9999 -9999 -9999 -9999 -9999 -9999 -9999 -9999 -9999 -9999 -9999 -9999 -9999 -9999 -9999 -9999 188.6341 180.375 191.597 191.9091 190.5341 193.6667 194.2273 -9999 -9999 -9999 -9999 -9999 -9999 -9999 -9999 -9999 -9999 -9999 -9999 -9999 -9999 -9999 -9999 -9999 -9999 -9999 -9999 -9999 -9999 -9999 -9999 -9999 -9999 -9999 -9999 -9999 -9999 -9999 -9999 -9999 -9999 -9999 -9999 -9999 -9999 -9999 -9999 -9999 -9999 -9999 -9999 -9999 -9999 -9999 -9999 -9999
-9999 -9999 -9999 -9999 -9999 -9999 -9999 -9999 -9999 -9999 -9999 -9999 -9999 -9999 -9999 -9999 190.5152 189.3053 186.62 191.21 185.1 184.19 191.9192 185.61 187.26 193.7216 -9999 -9999 -9999 -9999 -9999 -9999 -9999 -9999 -9999 -9999 -9999 -9999 -9999 -9999 -9999 -9999 -9999 198.4844 198.8077 -9999 -9999 -9999 -9999 -9999 -9999 -9999 -9999 -9999 -9999 -9999 -9999 -9999 -9999 -9999 -9999 -9999 -9999 -9999 -9999 -9999 -9999 -9999 -9999 -9999 -9999 -9999 -9999
-9999 -9999 -9999 -9999 -9999 -9999 -9999 -9999 -9999 -9999 -9999 -9999 -9999 -9999 190.8333 192.6947 191.3434 190.21 187.87 182.51 178.97 180.62 184.34 178.53 192.44 198.44 199.1684 198.5063 199.4084 203.5273 202.275 202.0357 199.7105 203.013 197.3924 200.2576 199.0411 195.2222 192.6932 194.7113 195.7436 196.631 198.4747 198.85 197.46 200.9091 200.918 197.7 197.4407 -9999 -9999 -9999 -9999 -9999 -9999 -9999 -9999 -9999 -9999 -9999 -9999 -9999 -9999 -9999 -9999 -9999 -9999 -9999 -9999 -9999 -9999 -9999 -9999
-9999 -9999 -9999 -9999 -9999 -9999 -9999 -9999 -9999 -9999 -9999 -9999 -9999 -9999 -9999 -9999 189.1313 183.34 181.33 184.59 181.03 175.5 172.88 172.7 182.12 193.13 198.36 192.77 200.52 200.3232 193.17 189.99 188.9 196.41 184.39 191.03 194.57 189.91 183.32 192.85 198.4545 192.97 191.47 195.24 197.27 197.17 192.8 191.98 199 197.67 196.76 195.2436 201.8846 203.8136 203.18 -9999 -9999 -9999 -9999 -9999 -9999 -9999 -9999 -9999 -9999 -9999 -9999 204.9863 -9999 204.5397 201.7292 203.7012 203
-9999 -9999 -9999 -9999 -9999 -9999 -9999 -9999 -9999 -9999 -9999 -9999 -9999 -9999 194.1194 195.5417 190.44 184.92 184.03 181.3 183.84 183.06 182.86 178.65 182.34 184.58 189.19 195.56 195.04 185.4 177.11 183.41 190.3 186.66 182.13 191.63 184.69 179.33 188.53 195.22 196.3 199.67 199.74 194.98 196.99 196.45 194.71 195.18 195.96 196.91 197.87 203.19 204.01 197.4 196.53 194.61 189.25 196.8192 201.7778 206.5069 207.7273 208.641 206.8472 204.3132 205.1633 207.79 205.61 205.28 203.2813 204.96 200.81 201.81 204.5595
-9999 -9999 -9999 -9999 -9999 -9999 190.6667 192.7125 191.7432 -9999 191.5135 191.8916 191.76 194.5758 196.12 -9999 191.68 186.85 180.82 182.74 185.82 187.46 188.22 190.38 188.33 189.42 189.48 195.56 183.83 180.45 182.16 193.02 188.05 176.13 177.28 188.23 192.35 191.46 186.02 190 187.78 188.09 191.85 195.96 195.5 195.38 193.25 187.6 186.65 191.45 184.96 191.21 196.23 187.06 179.9 182.96 190 185.29 196.16 194.26 200.92 198.39 199.87 201.73 198.9 203.15 202.93 202.15 195.75 190.67 192.78 195.17 200.98
-9999 -9999 -9999 -9999 -9999 -9999 189.8767 191.29 191.67 192.65 190.88 185.5 187.86 191.1 194.87 194.78 189.04 186.4 183.64 185.72 186.55 190.87 191.7 194.01 194.2 192.06 188.31 191.42 186.85 183.9 189.62 194.84 181.85 173.88 185.5 190.5 188.59 176.98 180.19 177.55 176.95 187.09 170.02 185.63 195.92 188.98 186.54 189.3 187 185.24 171.36 180.46 183.32 169.06 142.64 157.75 150.62 155.43 186.94 179.71 186.58 192.4 194.9 189.6 194.72 200.02 196.22 195.66 194.76 181.56 170.86 185.35 195.27
-9999 -9999 -9999 -9999 192.0968 188.59 189.45 186.68 185.59 187.01 185.75 187.81 190.23 189.69 191.27 188.6 185.67 185.86 184.95 187.93 188.63 190.55 194.63 195.37 194.27 191.51 186.97 191.58 180.95 185.45 183.22 191.13 182.89 176.84 184.52 187.39 176.26 165.42 178.17 168.56 174.37 170.15 181.88 182.45 190.18 182.26 183.48 183.22 172.92 167.3 172.64 167.91 162.3 172.22 157.41 150.81 159.14 182.57 192.56 186.62 165.25 176.82 182.09 182.68 184.35 195.78 185.97 193.07 189.15 172.45 168.17 174.38 179.77
-9999 -9999 -9999 191.134 189.38 184.84 185.83 185.43 185.98 186.58 189.22 191.12 194.73 194.87 193.82 192.8 190 187.14 182.33 185.59 190.63 191.16 194.69 195.19 192.83 191.73 186.68 185.03 190.98 189.62 196.36 194.79 180.44 172.5 183.39 171.23 171.49 152.57 151.42 155.56 145.8 156.95 150.68 175.38 184.38 159.99 157.62 164.12 156.72 153.31 165.3 158.02 166.62 170.43 159.8 160.58 148.48 152.27 163.01 173.01 167.24 152.61 162.38 176.67 180.14 182.92 182.02 183.98 181.85 182.58 187.63 188.93 189.41
-9999 -9999 -9999 192.4353 186.2525 185.2 185.43 187.1 189.06 190.82 192.97 195.64 197.46 197.42 195.44 193.31 193.04 187.48 186.86 185.62 190.1 189.87 192.46 198.17 199.66 197.97 189.85 190.37 189 198.08 195.94 186.17 184.47 175.29 172.24 165.67 158.5 166.48 166.34 165.97 161.14 167.3 165.3 160.45 166.76 169.14 164.68 169.69 162.21 167.92 177.86 170.75 170.45 172.54 175.24 165.99 152.81 150.53 156.45 168.24 173.95 155.4 163.5 180.46 184.01 185.12 186.3 185.84 186.39 188.18 192.86 198.06 196.16
-9999 -9999 -9999 -9999 191.6207 184.71 187.2 190.97 190.86 196.19 199.33 197.64 197.8 200.29 199.6 197.86 198.9 196.34 193.94 191.87 190.13 194.37 198.17 201.38 203.47 200.71 196.12 189.36 196.15 197.05 185.96 172.78 162.71 163.54 173.02 170.86 172.87 167.28 156.3 162.22 157.97 157.96 168.35 177.43 165.24 176.02 178.25 180.24 173.77 182.43 183.72 175.85 180.74 174.37 178.91 168.74 167.68 167.45 169.21 179.94 183.76 183.29 183.46 186.16 186.01 187.96 185.58 191.38 190.42 194.26 191.48 194.83 199.81
-9999 -9999 -9999 -9999 194.225 192.7656 195.7273 197.9231 188.42 195.97 200.34 202.5 202 204.03 203.45 195.69 195.74 193.01 190.51 193.96 191.47 194.28 201.7 197.43 198.21 204.42 191.74 187.63 191.44 188.58 183.25 163.11 174.86 183.24 192 189.04 175.58 162.9 162.09 164.02 172.7 180.07 185.94 187.35 188.8 184.94 192.74 193.66 190.16 193.4 191.83 189.85 190.32 186.51 189.47 183.21 179.69 185.88 186 184.51 187.65 189.21 192.38 192.25 189.29 193.54 193.74 189.17 193.11 191.39 187.74 194.51 195.68
-9999 -9999 -9999 -9999 -9999 -9999 186.3044 194.63 194.53 200.81 200.08 199.35 202.01 194.58 196.43 194.85 190.61 191.92 188.51 186.51 195.3 202.45 195.72 194.66 199.15 198.2 188.72 177.6 175.31 180.01 186.74 179.62 192.69 201.16 199.58 200.39 191.2 188.21 189.23 186.49 181.66 183.26 189.81 195.42 197.46 196.36 201.48 202.42 199.3 202.51 197.16 199.26 196.75 197.07 193.99 190.71 190.69 191.05 193.01 191.21 195.29 194.62 195.79 192.11 191.14 191.66 192.83 192.76 195.07 192.18 188.18 193.59 205.31
-9999 -9999 -9999 -9999 -9999 197.5424 192.1915 -9999 -9999 198.23 200.44 196.29 193.25 187.48 182.39 193.52 193.27 188.75 187.06 186.18 198.35 204.12 200.8 203.14 211.04 201.67 188.48 189.23 183.57 176.58 188.78 197.09 205.46 212.13 212.66 210.06 209.08 206.07 199.02 191.2 195.5 199.57 200.25 203.4 204.42 204.55 210.35 209.88 208.69 207.5 205.19 206.26 201.2 203.47 198.82 196.57 197.51 196.82 199.73 198.01 199.96 202.49 200.67 196.86 196.73 195.03 194.92 194.02 194.33 192.68 194.58 201.27 208.84
-9999 -9999 -9999 -9999 -9999 -9999 -9999 203 202 201.94 199.9 196.5 192.89 190.21 184.61 186.9 190.57 187.22 185.83 192.34 197.74 205.62 206.45 215.36 214.99 209.7 200.95 197.18 185.62 184.12 192.34 207.31 215 219.92 217.75 212.3 197.73 189.59 187.28 190.58 200.34 205.36 206.46 210.45 211.28 212.02 214.49 215.42 215.08 213.15 211.57 208.33 206.89 209.01 205.05 202.56 204.44 202.73 203.36 204.23 203.48 205.9 206.15 205.49 204.84 204.29 201.45 197.11 198.14 198.29 202.42 204.22 201.23
-9999 -9999 -9999 -9999 -9999 -9999 -9999 201.2917 200.0978 195.7303 202.23 198.31 190.49 181.08 187.37 194.75 199.46 202.02 203.63 203.92 205.36 207.93 212.1 213.71 207.92 207.48 209.46 209.3 194.03 200.44 205.96 212.14 215.55 203.97 190.12 192.81 182.06 179.27 192.61 201.53 207.23 211.14 211.5 215.19 215.72 216.29 217.59 219.44 218.69 216.81 214.41 212.33 212.41 213.67 210.34 207.95 209.18 209.99 209.81 210.15 210.45 210.67 210.32 210.48 209.92 208.86 204.4 202.38 203.34 204.17 202.99 202 202.91
-9999 -9999 -9999 -9999 -9999 -9999 -9999 -9999 -9999 198.1324 200.914 199.85 197.16 182.93 186.54 201.24 211.83 210.17 214.4 217.17 216.5 200.38 196.2 203.18 204.94 194.47 194.32 214.03 217.07 200.17 196.66 206.72 190.49 186.86 191.87 171.57 169.88 179.97 195.68 202.07 207.63 213.5 217.36 218.67 219.16 219.31 220.68 222.12 220.39 218.96 218.2 216.93 217.45 218.02 215.67 213.46 213.71 215.2 214.87 214.9 214.65 215.46 215.3 215.6 214.57 210.79 208.35 208.26 208.77 208.75 206.4 204.14 203.29
-9999 -9999 -9999 -9999 -9999 -9999 -9999 -9999 200.3077 196.9394 -9999 199.12 195.99 191.7 183.18 197.86 215.45 214.59 210.34 218.91 216.55 204 201.54 189.8 186.27 185.98 178.76 202.91 207.4 196.89 182.49 178.6 174.76 175.42 183.39 194.03 188.2 178.49 190.08 203.54 212.74 216.51 219.36 221.76 222.05 222.45 222.78 224.81 221.71 219.96 221.45 221.3 221.78 221.58 220.44 219.32 218.44 218.54 219.41 219.33 219.68 219.06 219.02 218.35 215.78 211.39 212.81 214.35 212.79 210.59 207.58 206.35 203.68
-9999 -9999 -9999 -9999 -9999 -9999 -9999 -9999 -9999 200.8022 201.47 203.93 207.32 197.19 194.13 206.1 212.22 210.73 212.18 209.74 208.89 205.9 208 190.13 177.45 172.84 166.97 184.85 203.11 190.86 183.01 169.25 157.26 162.32 173.47 174.3 180.2 191.54 197.5 207.56 213.53 217.51 219.09 223.1 224.81 225.16 225.5 226.6 223.89 224.45 225.4 225.49 225.21 223.82 223.48 223.47 223.61 222.63 223.05 223.85 223.56 222.07 221.62 219.63 216.63 219.13 219.32 217.38 215.99 214.08 211.78 209.1 202.19
-9999 -9999 -9999 -9999 -9999 -9999 -9999 -9999 201.1319 193.79 206.11 207.7 210.71 201.64 213.2 206.24 199.62 192.29 197.88 198.44 199.74 206.97 204.69 199.34 189.28 180.07 184.12 195.09 200.94 187.65 177.82 167.06 169.91 189.91 197.78 197.86 198.89 204.39 210.45 216.51 217.58 221.24 223.11 223.99 227.26 227.38 228.34 228.3 227.67 228.67 228.13 228.89 227.4 226.34 227.2 227.17 227.95 228.31 226.89 228.28 224.21 221.54 222.41 221.86 224.29 221.72 222.23 221.02 218.91 216.02 212.87 208.83 211.03
-9999 -9999 -9999 -9999 -9999 -9999 -9999 189.3492 190.99 200.41 206.04 208.71 207.41 210.41 193.11 178.08 170.73 179.79 190.47 199.1 203.86 206.18 207.83 201.52 213.41 198.59 196.82 201.28 195.89 190.39 184.31 179.14 178.54 200.7 205.27 207.21 209.99 212.32 216.16 219.94 222.56 225.04 226.58 227.63 228.06 229.43 231.21 230.45 230.42 229.5 231.31 230.51 229.66 230.25 230.61 231.04 231.27 231.77 231.23 231.19 227.25 227.99 229.13 226.79 224.29 223.26 224.06 223.56 222.6 221.52 219.17 216.71 213.23
-9999 -9999 -9999 -9999 -9999 -9999 -9999 192.6333 200.43 201.91 202.58 190.86 198.75 194.41 171.51 185.06 191.74 199.52 197.12 188.48 187.45 195.26 200.25 208.26 223.17 211.75 206.51 211.24 206.01 201.8 202.46 199.35 190.59 208.69 211.39 210.52 209.91 215.4 218.33 220.56 222.61 226.21 228.05 229.69 231.48 232.42 232.66 232.48 232.62 233.28 233.32 232.6 231.54 233.01 233.45 233.78 232.8 231.05 228.81 232.18 233.86 231.49 229.52 227.48 224.56 223.29 224.12 223.78 222.3 221.07 219.82 215.34 213.26
-9999 -9999 -9999 -9999 -9999 -9999 -9999 197.9697 198.2727 193.86 198.48 189.97 204.13 204.49 199.07 200.84 202.28 188.35 177.17 179.24 182.29 185.14 205.3 210.38 225.18 216.25 206.7 214.58 215.24 208 209.04 210.65 210.71 219.45 217.07 219.68 217.79 216.92 215.79 215.81 218.99 222.21 227.93 229.4 232.1 233.8 234.48 235.43 236.04 236 235.74 234.99 234.38 234.62 232.94 231.88 230.97 230.92 232.36 236.44 233.82 231.91 230.08 228.18 226.41 225.51 224.9 225.91 224.89 224.19 223.78 221.59 219.43
-9999 -9999 -9999 -9999 -9999 -9999 -9999 -9999 194.13 191.13 205.03 203.46 208.1 207.09 201.85 186.49 180.13 172.89 189.83 185.09 190.13 192.24 200.09 212.9 227.62 219.28 209.29 219.51 219.72 220.78 214.63 208.44 216.89 225.29 218.78 224 222.93 219.96 222.76 224.67 223.35 224.3 228.58 233.33 234.63 234.96 236.57 236.78 236.69 236.25 237.47 237.26 235.11 233.16 232.9 232.72 232.94 235.81 239.18 237.84 234.65 233.99 232.2 231.67 230.57 229.62 231.05 230.34 229.15 229.75 229.12 228.46 227.41
-9999 -9999 -9999 -9999 -9999 -9999 -9999 -9999 198.1555 201.6531 200.94 201.55 200.46 206.45 204.07 200.77 199.94 204.6 195.91 189.03 190.49 201.13 213.98 223.64 222.18 212.18 219.89 227.32 231.08 223.86 214.81 204.68 218.44 220.15 224.53 227.68 222.18 221.8 223.44 226.7 228.95 229.39 230.85 233.71 236.17 237.3 238.22 238.92 238.68 237.96 237.72 235.54 234.22 235.17 234.67 234.82 236.78 241.33 238.98 237.47 236.85 236.44 234.98 233.35 232.66 231.72 236.19 237.61 236.22 234.5 234.53 233.44 231.87
-9999 -9999 -9999 -9999 -9999 -9999 -9999 -9999 199.7368 199.39 201.78 205.73 211.79 213.06 213.67 207.94 206.49 191.45 190.59 197.44 208.62 212.02 221.03 225.55 208.46 221.28 230.07 236.66 237.56 229.15 219.07 215.74 217.22 225.06 228.63 230.2 227.37 226.77 225.96 227.96 228.95 231.38 234.38 235.8 236.95 239.3 240.08 237.71 238.12 238.17 238.48 239.33 238.67 237.84 236.95 237.63 242.38 243.47 241.28 241.17 240.41 238.79 238.49 239.5 239.93 236.9 238.82 236.06 236.42 236.63 236.72 235.22 234.65
-9999 -9999 -9999 -9999 -9999 -9999 -9999 -9999 -9999 200.18 204.67 207.27 209.99 206.68 211.74 213.14 204.4 206.65 210.77 212.64 219.66 207.09 211.29 203.95 211.97 228.52 237.72 241.36 238.19 230.87 226.57 227.71 228.27 235.05 234.74 234.53 230.11 227.94 230.43 232.24 233.2 232.64 234.81 236.73 238.51 241.79 241.94 240.82 241.1 241.61 242.51 242.69 243.18 241.65 242.34 244.78 245.71 245.66 245.57 239.95 239.62 238.2 237.01 237.67 238.66 238.4 235.73 233.83 235.05 234.64 231.18 231.86 230.31
-9999 -9999 -9999 -9999 -9999 -9999 -9999 -9999 -9999 201.86 202.85 206.24 206.34 210.93 212.09 211.87 208.43 209.81 224.75 215.74 201.8 201.25 204.19 213.12 222.7 225.31 228.54 241.23 238.22 226.82 217.73 232.21 237.48 239.17 237.88 236.65 232.66 231.12 235.01 233.17 233.28 236.14 236.63 238.56 240.84 242.22 242.36 241.46 242.74 244.18 245.22 244.73 245.45 246.08 245.86 245.11 245.91 246.44 245.2 241.58 240.1 239.51 238.84 238.49 238.57 239.07 238.22 232.4 226.17 225.28 227.19 234.68 234.27
-9999 -9999 -9999 -9999 -9999 -9999 -9999 -9999 -9999 202.0909 204.27 207.2 210.14 211.36 210.97 214.37 209.73 215.04 224.45 212.68 188.8 211.11 211.37 215.32 226.34 236.61 239.12 239.06 235.4 238.66 232.53 239.04 237.92 230.63 227.62 230.16 233.93 237.62 235.04 233.33 233.29 234.48 236.56 237.84 239.43 239.2 239.22 240.94 240.95 241.99 243.14 244.29 244.26 244.99 243.91 244.61 246.33 247.32 245.59 245.4 246.54 245.26 244.22 243.96 242.35 241.39 242.14 235.79 229.39 232.51 234.85 235.37 234.06
-9999 -9999 -9999 -9999 -9999 -9999 -9999 -9999 -9999 202.1519 202.42 205.7 205.18 205.01 210.13 215.89 217.92 224.12 210.62 201.74 218.98 224.97 217.5 228.97 222.69 235.76 227.75 229.25 242.78 243.92 240.76 244.55 237.16 230.15 232.02 237.12 240.94 237.37 235.67 235.59 234.91 235.3 235.08 235.03 235.55 235.89 237.42 238.88 241.43 244.16 241.87 244.19 245.15 245.93 247.32 247.87 247.69 247.52 247.57 247.92 247.6 247.47 246.32 244.73 243.58 243.11 241.79 240.49 236.51 239.14 236.95 231.46 223.52
-9999 -9999 -9999 -9999 -9999 -9999 -9999 -9999 -9999 202.3962 203.73 205.97 208.04 208.73 213.13 215.32 221.74 210.39 206.85 208.47 231.15 228.93 227.62 237.6 236.79 233.82 224.3 226.81 246.33 243.22 238.04 240.79 235.36 235.99 236.37 238.14 234.39 234.28 236.57 237.72 237.95 236.65 235.87 233.96 235.61 237.32 237.57 237.17 239.14 242.04 243.36 244.7 245.59 246.38 247.45 248.44 247.39 247.47 246.28 248.1 247.99 247.63 247.03 246.34 245.31 244.58 243.4 240.88 237.5 236.11 235.5 223.46 204.44
-9999 -9999 -9999 -9999 -9999 -9999 -9999 -9999 -9999 -9999 203.8602 208.08 209.91 210.57 212.41 217.5 218.01 218.01 222.12 220.72 230.6 229.66 230.71 233.98 232.67 237.07 239.8 241.94 249.87 239.96 237.87 242.83 242.67 239.42 234.29 235.45 235.76 235.72 235.46 236.92 239.02 240.7 239.68 240.18 240.58 240.81 240.31 239.75 240.37 242.04 244.46 244.83 245.66 246.06 247.03 247.96 246.54 247.59 245.61 247.38 248.17 246.93 246.48 247.48 246.42 242.77 238.47 237.23 234.69 228.67 216.38 206.23 209.35
-9999 -9999 -9999 -9999 -9999 -9999 -9999 -9999 -9999 -9999 204.0119 205.03 210.33 212.38 214.58 212.62 202.37 208.25 196.11 202.16 218.11 215.05 220.59 220.1 220.08 224.17 233.46 236.31 248.46 247.24 248.45 247.86 248.19 240.71 237.17 237.09 236.74 237.58 236.91 237.15 238.46 239.88 241.31 242.15 243.02 243.33 242.62 241.39 240.34 241.21 243.81 244.5 245.15 245.53 246.77 246.63 245.5 247.01 245.37 246.49 246.74 245.67 248 246.48 243.77 239.79 233.68 215.99 214.41 214.39 233.43 233.3 218.51
