layers/wordclim/future/Iberia_wcB2a_10_hadcm3_2050/bio_04.asc
ncols         166
nrows         93
xllcorner     -9.4959440078468
yllcorner     36.000324005443
cellsize      0.083333337679505
NODATA_value  -9999
[rows 31 to 61 of 93, columns 70 to 139 of 166]
7334.06 7276.49 7317.24 7401.72 7386.98 7433.65 7447.14 7471.64 7509.47 7505.56 7518.79 7512.47 7493.01 7487.44 7479.06 7469.41 7456.22 7439.81 7427.85 7424.18 7413.97 7394.43 7369.7 7343.06 7314.68 7290.87 7271.88 7229.01 7201.99 7185.26 7167.28 7171.01 7186.13 7193.5 7177.88 7152.11 7157.52 7142.21 7122.79 7085.29 7067.78 7060.69 7044.36 7028.08 7020.9 7028.93 7015.94 7027.82 7017.5 7011.1 6954.06 6865.89 6802.74 6800.46 6783.86 6599.31 6432.44 6299.46 6180.876 -9999 -9999 -9999 -9999 -9999 -9999 -9999 -9999 -9999 -9999 -9999
7488.44 7493.76 7403.62 7483.86 7549.85 7536.93 7524.06 7575.39 7574.8 7569.91 7571.32 7549.28 7539.55 7524.33 7502.42 7497.16 7480.02 7444.08 7439.94 7447.76 7414.92 7389.79 7367.93 7346.86 7319.81 7283.18 7259.72 7239 7205.39 7177.02 7166.52 7179.73 7167.71 7180.83 7179.44 7150.6 7134.95 7122.78 7096.08 7093.55 7056.96 7021.01 7018.16 7004.65 6998.94 6978.28 6977.88 6965.52 6931.35 6901.6 6831.68 6714.97 6743.99 6749.98 6622.03 6443.774 -9999 -9999 -9999 -9999 -9999 -9999 -9999 -9999 -9999 -9999 -9999 -9999 -9999 -9999
7582.64 7604.44 7574.92 7577.29 7632.07 7621.35 7627 7639.27 7646.55 7636.54 7616.31 7589.07 7561.73 7557.82 7541.89 7543.66 7529.64 7494.24 7467.58 7446.15 7425.99 7420.19 7397.51 7375.85 7339.3 7298.99 7271.17 7231.15 7195.59 7206.78 7199.45 7177.77 7179.13 7174.63 7162.09 7157.8 7135.77 7105.59 7099.47 7063.27 7034.22 7003.54 6976.34 6972.05 6958.65 6935.81 6923.96 6893.05 6868 6750.11 6725.12 6691.86 6650.39 6596.63 6521.22 -9999 -9999 -9999 -9999 -9999 -9999 -9999 -9999 -9999 -9999 -9999 -9999 -9999 -9999 -9999
7624.52 7673.11 7694.55 7703.64 7688.63 7690.84 7694.03 7688.88 7665.8 7641.67 7628.31 7616.1 7605.38 7593.34 7575.9 7564.88 7553.45 7525.79 7502.03 7475.56 7468.63 7457.52 7416.49 7390.04 7359.95 7321.95 7289.36 7237.08 7204.16 7228.73 7217.12 7220.56 7201.92 7178.44 7164.79 7156.28 7128.19 7119.33 7091.08 7056.3 7017.12 6977.76 6979.89 6964.46 6930.73 6899.19 6877.21 6874.38 6814.26 6640.66 6604.6 6669.55 6509.727 -9999 -9999 -9999 -9999 -9999 -9999 -9999 -9999 -9999 -9999 -9999 -9999 -9999 -9999 -9999 -9999 -9999
7723.25 7755.25 7748.13 7729.08 7737.06 7743.13 7746.65 7734.4 7694.19 7682.33 7662.54 7661.37 7659.78 7621.18 7610.13 7593.15 7576.82 7552.59 7535.09 7501.42 7488.33 7465.87 7438.23 7409.72 7379.3 7345.17 7322.51 7277.44 7258.98 7270.22 7258.72 7243.68 7219.97 7199.39 7181.01 7161.18 7136.49 7108.55 7073.41 7045.16 6990.39 6965.89 6939.98 6941.96 6906.43 6889.07 6882.37 6866.45 6733.61 6542.82 6495.6 6471.17 6388.774 -9999 -9999 -9999 -9999 -9999 -9999 -9999 -9999 -9999 -9999 -9999 -9999 -9999 -9999 -9999 -9999 -9999
7782.95 7807.58 7809.85 7792.67 7788.36 7803.23 7787.04 7743.54 7728.69 7712.4 7696.86 7716.61 7702.21 7692.29 7653.07 7630.34 7581.22 7555.37 7527.72 7524.58 7508.46 7473.18 7451.89 7426.91 7406.73 7395.63 7361.68 7328.16 7322.22 7315.18 7292.65 7269.85 7237.96 7218.95 7199.89 7181.27 7144.9 7102.89 7073.97 7026.66 6983.29 6959.57 6938.72 6928.85 6905.9 6903.53 6840.69 6770.83 6613.4 6497.76 6414.23 6353.752 6318.107 6271.209 6251.696 -9999 -9999 -9999 -9999 -9999 -9999 -9999 -9999 -9999 -9999 -9999 -9999 -9999 -9999 -9999
7863.69 7868.63 7832.47 7824.4 7823.17 7834.02 7801.21 7775.86 7774.37 7751.74 7737.2 7745.78 7723.49 7691.88 7663.44 7642.43 7621.97 7590.45 7562.04 7528.99 7515.63 7490.24 7475.88 7445.05 7423.28 7411.79 7389.28 7368.41 7354.27 7336.55 7329.51 7305.19 7285.54 7238.33 7224.57 7189.38 7154.76 7133.32 7099.29 7036.71 6996.08 6955.05 6937.08 6907.9 6863.11 6811.72 6717.12 6604.82 6509.19 6455.72 6449.84 -9999 -9999 -9999 -9999 -9999 -9999 -9999 -9999 -9999 -9999 -9999 -9999 -9999 -9999 -9999 -9999 -9999 -9999 -9999
7908.56 7924.72 7874.98 7866.39 7865.9 7840.74 7820.38 7846.26 7812.36 7782.94 7768.21 7761.54 7739.71 7716.65 7691.85 7684.51 7655.5 7629.68 7593.51 7566.43 7530.07 7510.48 7485.8 7460.4 7445.13 7430.98 7419.51 7403.79 7403.51 7386.43 7353.53 7348.29 7297.26 7248.13 7231.09 7200.99 7174.98 7127.57 7094.43 7053.4 6998.73 6946.5 6923.38 6897.29 6825.23 6734.02 6599.22 6521.02 6434.31 6378.58 -9999 -9999 -9999 -9999 -9999 -9999 -9999 -9999 -9999 -9999 -9999 -9999 -9999 -9999 -9999 -9999 -9999 -9999 -9999 -9999
7931.04 8006.05 7927.43 7897.02 7878.39 7866.48 7866.27 7859.69 7828.03 7820.28 7808.8 7798.3 7759.29 7747.95 7729.5 7709.91 7677.25 7649.46 7608.58 7581.1 7560.94 7533.32 7502.72 7478.67 7466.55 7460.77 7451.08 7439.19 7433.27 7426.74 7398.25 7379.91 7305.16 7266.93 7240.72 7207.1 7176.96 7136.21 7107.76 7058.88 7007.7 6977.84 6923.32 6859.51 6727.76 6607.09 6539.1 6459.63 6345.22 6296.14 -9999 -9999 -9999 -9999 -9999 -9999 -9999 -9999 -9999 -9999 -9999 -9999 -9999 -9999 -9999 -9999 -9999 -9999 -9999 -9999
7969.07 8001.68 7972.85 7920.32 7901.32 7903.94 7908.92 7895.53 7864.19 7852 7833.09 7807.96 7789.3 7767.32 7752.94 7730.47 7695.8 7674.27 7653.4 7605.71 7579.21 7557.53 7529.22 7504.22 7490.06 7487.18 7470.69 7456.25 7460.16 7466.05 7467.8 7395.19 7326.49 7280.18 7236.42 7214.88 7178.25 7150.43 7106.24 7055.58 6978.91 6881.13 6831.88 6738.81 6637.6 6516.2 6498.4 6395.41 6318.397 -9999 -9999 -9999 -9999 -9999 -9999 -9999 -9999 -9999 -9999 -9999 -9999 -9999 -9999 -9999 -9999 -9999 -9999 -9999 -9999 -9999
8018.91 8030.17 8003.57 7952.81 7936.04 7934.31 7924.71 7891.14 7882.66 7861.35 7841.72 7829.97 7809.83 7787.32 7757.38 7733.88 7712.61 7684.77 7662 7625.82 7592.58 7572.69 7566.23 7528.26 7514.27 7484.42 7472.61 7463.92 7454.06 7463.78 7464.62 7406.33 7334.72 7302.41 7248.74 7217.94 7181.83 7143.31 7092.61 7050.3 6968.57 6816.18 6717.81 6674.33 6591.24 6402.24 6359.65 6365.085 -9999 -9999 -9999 -9999 -9999 -9999 -9999 -9999 -9999 -9999 -9999 -9999 -9999 -9999 -9999 -9999 -9999 -9999 -9999 -9999 -9999 -9999
8042.56 8031.58 8025.49 7986.03 7979.65 7962.19 7940.04 7913.48 7901.93 7882.11 7851.43 7844.5 7812.39 7794.5 7764.48 7747.83 7728.66 7695.75 7682.63 7642.07 7614.32 7599 7564.09 7544.65 7518.99 7514.32 7469.63 7484.7 7460.43 7449.42 7444.84 7377.87 7337.76 7288.51 7227.65 7177.3 7148.2 7105.47 7039.39 6982.72 6900.47 6682 6527.58 6496.4 6433.34 6366.44 6257.395 -9999 -9999 -9999 -9999 -9999 -9999 -9999 -9999 -9999 -9999 -9999 -9999 -9999 -9999 -9999 -9999 -9999 -9999 -9999 -9999 -9999 -9999 -9999
8071.72 8062.18 8036.8 8016.79 8002.52 7989.56 7950.68 7939.26 7929.27 7895.59 7879.93 7859.55 7829.99 7803.91 7782.89 7766.54 7741.99 7715.62 7693.4 7663.22 7632.21 7615.3 7580.73 7559.05 7537.23 7522.23 7499.56 7485.53 7441.7 7419.4 7402.88 7350.38 7323.85 7273.22 7201.74 7131.79 7042.05 6963.59 6940.74 6843.43 6752.79 6562.52 6422.76 6409.19 6381.22 6273.591 -9999 -9999 -9999 -9999 -9999 -9999 -9999 -9999 -9999 -9999 -9999 -9999 -9999 -9999 -9999 -9999 -9999 -9999 -9999 -9999 -9999 -9999 -9999 -9999
8095.95 8082.45 8066.53 8038.68 8032.36 7997.61 7970.5 7956.83 7927.51 7911.56 7883.13 7875.61 7844.23 7815.33 7798.88 7774.58 7744.15 7712.77 7692.51 7672.09 7654.34 7622.15 7602.71 7578.46 7558.28 7535.27 7507.47 7473.9 7423 7413.12 7374.93 7342.12 7313.96 7269.7 7210.99 7119.78 7060.98 6903.37 6792.14 6637.28 6498.81 6355.5 6312.54 6316.83 6281.716 -9999 -9999 -9999 -9999 -9999 -9999 -9999 -9999 -9999 -9999 -9999 -9999 -9999 -9999 -9999 -9999 -9999 -9999 -9999 -9999 -9999 -9999 -9999 -9999 -9999
8118.74 8093.53 8069.27 8055.91 8044.99 8012.08 7992.36 7979.04 7950.91 7922.17 7895.57 7894.27 7851.56 7838.22 7801.06 7771.19 7747.33 7724.19 7703.13 7669.34 7657.41 7621.13 7595.43 7567.98 7546.23 7536.35 7507.36 7473.28 7418.09 7370.06 7360.7 7338.36 7300.49 7269.56 7204.43 7098.9 6945.89 6825.9 6812.49 6651.49 6407.61 6232.97 6149.57 6141.691 -9999 -9999 -9999 -9999 -9999 -9999 -9999 -9999 -9999 -9999 -9999 -9999 -9999 -9999 -9999 -9999 -9999 -9999 -9999 -9999 -9999 -9999 -9999 -9999 -9999 -9999
8136.47 8109.08 8098.29 8073.35 8061.12 8040.5 8026.5 8001.02 7967.76 7951.74 7922.53 7904.57 7868.93 7848.28 7816.34 7782.69 7744.3 7739.08 7707.96 7688.42 7650.83 7618.36 7604.93 7559.94 7543.46 7528.74 7490.82 7456.78 7410.53 7348.09 7284.66 7265.65 7247.59 7232.59 7175.38 7044.7 6877.54 6657.51 6563.59 6605.25 6484.95 6232.71 6084.475 -9999 -9999 -9999 -9999 -9999 -9999 -9999 -9999 -9999 -9999 -9999 -9999 -9999 -9999 -9999 -9999 -9999 -9999 -9999 -9999 -9999 -9999 -9999 -9999 -9999 -9999 -9999
8160.23 8132.36 8111.15 8085.01 8064.39 8043.48 8025.49 8003.98 7983.85 7963.37 7935.82 7904.47 7890.45 7842.91 7831.25 7784.21 7761.5 7728.27 7700.36 7675.89 7647.48 7600.61 7579.41 7548.39 7515.8 7483.89 7449.04 7431.35 7388.84 7308.53 7184.33 7152.11 7135.03 7103.38 6993.98 6933.46 6829.88 6713.01 6489.41 6325.28 6264.32 6101.96 -9999 -9999 -9999 -9999 -9999 -9999 -9999 -9999 -9999 -9999 -9999 -9999 -9999 -9999 -9999 -9999 -9999 -9999 -9999 -9999 -9999 -9999 -9999 -9999 -9999 -9999 -9999 -9999
8169.15 8137.4 8114 8102.03 8082.06 8040.8 8022.63 8019.46 7983.97 7972.8 7940.86 7913.22 7879.61 7860.2 7819.48 7792.59 7750.02 7724.55 7705.44 7677.38 7632.69 7607.55 7567.97 7527.87 7479.61 7442.86 7430.28 7417.08 7341.21 7279.61 7192.94 7073.45 6924 6852.24 6751.13 6603.7 6506.84 6488.36 6537.23 6302.01 6129.61 6042.592 -9999 -9999 -9999 -9999 -9999 -9999 -9999 -9999 -9999 -9999 -9999 -9999 -9999 -9999 -9999 -9999 -9999 -9999 -9999 -9999 -9999 -9999 -9999 -9999 -9999 -9999 -9999 -9999
8165.41 8147.16 8128.26 8105.06 8081.72 8050.8 8035.44 8015.92 7998.55 7965.67 7933.74 7915.44 7873.11 7849.85 7827.22 7792.58 7764.81 7714.62 7700.16 7656.66 7633.85 7597.47 7562.94 7531.73 7472.41 7407.58 7407.62 7371.7 7294.5 7263.02 7260.09 7189.84 6991.24 6771.39 6621.92 6475.93 6360.33 6271.39 6207.56 6145.75 6047.798 -9999 -9999 -9999 -9999 -9999 -9999 -9999 -9999 -9999 -9999 -9999 -9999 -9999 -9999 -9999 -9999 -9999 -9999 -9999 -9999 -9999 -9999 -9999 -9999 -9999 -9999 -9999 -9999 -9999
8166.21 8154.55 8138.47 8114.89 8082.24 8072.21 8046.95 8020.29 8001.35 7959.94 7931.64 7902.37 7876.72 7849.78 7813.26 7782.82 7757.92 7732.53 7695.07 7644.49 7607.46 7574.18 7541.6 7502.8 7457.04 7376.04 7355.78 7317.41 7257.31 7188.14 7154.65 7098.47 7050.14 6994.53 6714.99 6458.39 6318.56 6200.24 6120.01 6023.04 -9999 -9999 -9999 -9999 -9999 -9999 -9999 -9999 -9999 -9999 -9999 -9999 -9999 -9999 -9999 -9999 -9999 -9999 -9999 -9999 -9999 -9999 -9999 -9999 -9999 -9999 -9999 -9999 -9999 -9999
8172.3 8162.35 8146.98 8110.98 8085.82 8072.2 8047.36 8018.02 7997.25 7964.58 7945.66 7904.5 7878.99 7842.01 7805.54 7775.21 7746.72 7723.22 7669.68 7636.97 7598.92 7553.73 7510.81 7474.93 7412.32 7329.49 7284.73 7251.13 7180.03 7111.01 7067.17 7062.32 7009.68 6946.32 6736.77 6490.89 6315.17 6178.49 6072.62 5984.84 -9999 -9999 -9999 -9999 -9999 -9999 -9999 -9999 -9999 -9999 -9999 -9999 -9999 -9999 -9999 -9999 -9999 -9999 -9999 -9999 -9999 -9999 -9999 -9999 -9999 -9999 -9999 -9999 -9999 -9999
8164.44 8158.53 8139.21 8103.39 8083.73 8064.75 8034.73 8018.87 7994.11 7961.45 7937.59 7903.28 7867.78 7855.13 7803.23 7778.13 7745.82 7692.84 7657.77 7621.96 7579.39 7538.66 7498.51 7454.16 7411.54 7322.5 7204.19 7144.18 7104.57 7058.02 7052.17 6995.24 6941.22 6824.05 6604.2 6460.74 6340.39 6233.14 6084.98 6006.21 -9999 -9999 -9999 -9999 -9999 -9999 -9999 -9999 -9999 -9999 -9999 -9999 -9999 -9999 -9999 -9999 -9999 -9999 -9999 -9999 -9999 -9999 -9999 -9999 -9999 -9999 -9999 -9999 -9999 -9999
8167.39 8157.8 8129.96 8109.29 8094.36 8068.61 8032.14 8006.2 7978.88 7952.89 7937.4 7906.66 7874.7 7854.48 7804.04 7774.84 7726.55 7690.6 7660.99 7605.17 7569.24 7519.79 7469.29 7433.84 7381.22 7336.64 7281.94 7209.5 7114.89 7030.28 6983.02 6946.04 6900.44 6749.91 6691.38 6612.26 6346.17 6240.77 6119.01 6041.58 6017.841 -9999 -9999 -9999 -9999 -9999 -9999 -9999 -9999 -9999 -9999 -9999 -9999 -9999 -9999 -9999 -9999 -9999 -9999 -9999 -9999 -9999 -9999 -9999 -9999 -9999 -9999 -9999 -9999 -9999
8155 8146.55 8132.52 8114.58 8099.44 8060.91 8042.61 8033.74 7991.16 7961.73 7930.5 7904.15 7870.24 7855.71 7817.74 7775.55 7722.09 7692.21 7643.87 7603.22 7553.63 7513.98 7451.72 7417.5 7364.57 7312.2 7245.91 7216.2 7177.16 7126.22 7010.85 6866.39 6935.09 6893.33 6693.1 6527.06 6411.04 6204.93 6130.89 6079.41 6044.97 -9999 -9999 -9999 -9999 -9999 -9999 -9999 -9999 -9999 -9999 -9999 -9999 -9999 -9999 -9999 -9999 -9999 -9999 -9999 -9999 -9999 -9999 -9999 -9999 -9999 -9999 -9999 -9999 -9999
8146.42 8139.33 8137.01 8119.59 8098.34 8076.27 8038.77 8034.56 7995.18 7980.17 7944.7 7924.85 7884.34 7849.63 7832.06 7787.21 7736.84 7693.04 7639.86 7590.72 7541.78 7511.23 7456.83 7411.91 7366.68 7314.36 7275.7 7258.67 7247.92 7179.35 7078.49 6915.34 6998.14 6876.37 6634.56 6488.25 6369.36 6215.89 6157.75 6171.68 6122.32 -9999 -9999 -9999 -9999 -9999 -9999 -9999 -9999 -9999 -9999 -9999 -9999 -9999 -9999 -9999 -9999 -9999 -9999 -9999 -9999 -9999 -9999 -9999 -9999 -9999 -9999 -9999 -9999 -9999
8140.5 8136.88 8121.78 8108.46 8096.2 8079.58 8066.75 8041.34 8015.36 7998.45 7967.63 7943.74 7919.89 7882.84 7835.85 7808.92 7750.93 7686.89 7633.27 7589.97 7531.63 7488.3 7448.01 7406.49 7400.14 7371.24 7338.04 7323.84 7293.79 7195.99 7095.07 6955.07 6990.5 6883.01 6711.71 6528.46 6375.21 6246.06 6180.31 6256.53 6235.54 6093.457 -9999 -9999 -9999 -9999 -9999 -9999 -9999 -9999 -9999 -9999 -9999 -9999 -9999 -9999 -9999 -9999 -9999 -9999 -9999 -9999 -9999 -9999 -9999 -9999 -9999 -9999 -9999 -9999
8150.62 8141.35 8126.56 8104.03 8089.99 8086.71 8082.48 8055.38 8040.84 7997.1 7974.21 7951.34 7922.33 7903.38 7864.42 7821.96 7758.56 7700.95 7637.73 7589.26 7529.59 7491.21 7453.9 7456.49 7436.95 7402.88 7359.65 7310.17 7241.24 7153.87 7069.39 7040.28 7037.86 6907.86 6745.02 6580.24 6411.5 6334.13 6266.7 6305.59 6311.34 6122.51 6079.232 -9999 -9999 -9999 -9999 -9999 -9999 -9999 -9999 -9999 -9999 -9999 -9999 -9999 -9999 -9999 -9999 -9999 -9999 -9999 -9999 -9999 -9999 -9999 -9999 -9999 -9999 -9999
8160.48 8156.41 8125.94 8102.76 8106.94 8108.09 8092.23 8071.92 8050.88 8020.67 7971.16 7946.86 7930.06 7879.77 7865.41 7830.37 7765.52 7703.73 7652.53 7586.59 7512.71 7501.29 7471.58 7442.09 7415.25 7380.67 7338.06 7278.12 7215.13 7137.04 7053.62 6991.14 6971.44 6877.36 6711.17 6648.92 6538.94 6370.99 6322.58 6340.64 6337.17 6246.59 6120.99 6088.925 -9999 -9999 -9999 -9999 -9999 -9999 -9999 -9999 -9999 -9999 -9999 -9999 -9999 -9999 -9999 -9999 -9999 -9999 -9999 -9999 -9999 -9999 -9999 -9999 -9999 -9999
8149.94 8141.52 8135.7 8111.2 8109.88 8098.53 8079.62 8063.82 8056.67 8026.14 7984.07 7949.58 7931.8 7896.91 7857.96 7815.83 7775.32 7734.99 7684.33 7646.44 7568.84 7525.59 7480.93 7448.15 7422.44 7370.13 7320.86 7249.94 7193.45 7150.79 7109.01 7039.1 6915.36 6792.44 6783.39 6704.82 6595.55 6604.44 6526.54 6379.81 6453.64 6395.28 6279.09 6140.57 6117.5 6085.433 -9999 -9999 -9999 -9999 -9999 -9999 -9999 -9999 -9999 -9999 -9999 -9999 -9999 -9999 -9999 -9999 -9999 -9999 -9999 -9999 -9999 -9999 -9999 -9999
8174.45 8152.42 8145.44 8109.58 8113.1 8103.48 8087.07 8054.44 8035.56 8022.98 7999.15 7938.12 7915.59 7890.71 7871.64 7850.15 7813.32 7779.18 7744.52 7684.56 7595.25 7531.34 7502.41 7435.52 7388.9 7342.5 7290.08 7260.57 7176.1 7100.69 7044.11 6987.25 6851.07 6820.54 6787.32 6760.98 6770.25 6707.7 6544.2 6479.67 6562.83 6436.14 6359.88 6218.71 6103.88 6060.024 -9999 -9999 -9999 -9999 -9999 -9999 -9999 -9999 -9999 -9999 -9999 -9999 -9999 -9999 -9999 -9999 -9999 -9999 -9999 -9999 -9999 -9999 -9999 -9999
8189.05 8168.91 8153.86 8129.54 8136.97 8114.05 8106.91 8061.69 8026.77 8030.06 7975.33 7950.59 7879.98 7891.49 7907.56 7878.34 7818.62 7779.88 7730.34 7661.45 7585.71 7517.67 7441.76 7400.39 7352.7 7300.56 7253.19 7222.67 7183.06 7100.67 6998.1 6943.87 6835.79 6759.05 6768.07 6804.48 6710.42 6736.57 6662.95 6595.47 6514.8 6431.41 6154.17 6111.119 -9999 -9999 -9999 -9999 -9999 -9999 -9999 -9999 -9999 -9999 -9999 -9999 -9999 -9999 -9999 -9999 -9999 -9999 -9999 -9999 -9999 -9999 -9999 -9999 -9999 -9999
