layers/wordclim/future/Iberia_wcB2a_10_hadcm3_2050/bio_08.asc
ncols         166
nrows         93
xllcorner     -9.4959440078468
yllcorner     36.000324005443
cellsize      0.083333337679505
NODATA_value  -9999
[rows 33 to 65 of 93, columns 0 to 72 of 166]
-9999 -9999 -9999 -9999 -9999 -9999 -9999 -9999 -9999 -9999 108.4767 102.77 97.14 93.86 92.33 89.51 81.69 68.13 59.78 62.21 61.87 60.52 67.14 74.1 66.04 60.81 68.31 79.08 82.82 75.77 74.7 77.06 69.81 67.34 65.51 64.7 63.28 60.58 67.47 68.16 81.25 98.07 99.75 100.18 99.93 99.85 100.27 100.82 100.67 99.06 98.84 98.65 98.52 98.67 98.74 98.53 99.57 100.06 98.84 97.67 96.6 97.77 98.68 98.08 92.88 86.6 65.46 56.27 73.43 85.42 90.14 92 86.23
-9999 -9999 -9999 -9999 -9999 -9999 -9999 -9999 -9999 -9999 109.4184 103.46 97.55 89.28 74.55 73.66 75.61 83.3 80.2 75.79 68.97 65.57 65.2 68.47 65.21 62.31 69.36 78.52 79.17 72.42 68.33 70.68 71.82 66.31 63.99 63.19 63.61 63.13 69.32 70.35 73.84 99.34 100.08 99.05 98.21 98.34 97.72 98.41 100.1 99.57 97.91 97.4 95.48 95.84 96.8 97.76 99.28 99.6 97.84 95.3 93.75 95.33 95.5 94.11 87.59 79.61 54.81 76.88 69 75.64 89.44 97.26 101.53
-9999 -9999 -9999 -9999 -9999 -9999 -9999 -9999 -9999 -9999 111.0899 107.56 100.76 84.08 88.08 81.88 82.52 90.98 86.82 80.17 75.39 73.34 72.52 70.01 68.99 64.35 71.38 76.48 74.51 76.17 70.22 67.04 68.56 68.61 64.75 62.69 62.49 64.05 69.3 70.37 69.58 84.68 98.02 96.3 95.08 93.38 94.51 99.57 98.68 98.61 98.51 96.15 93.63 91.73 92.35 95.57 94.13 96.51 94.74 92.49 90.01 90.04 89.61 82.39 63.31 61.87 52.83 62.23 84.36 96.59 100.58 106.62 104.07
-9999 -9999 -9999 -9999 -9999 -9999 -9999 -9999 -9999 112.7027 112.337 109.39 105.29 100.56 89.05 90.43 86.23 89.7 84.06 81.4 83.2 82.4 80.66 76.71 74.98 75.75 76.38 74.02 70.14 69.96 70.11 65.86 67.01 67.28 67.34 62.49 62.38 64.33 68.72 69.18 67.97 68.7 88.36 92.98 91.85 96.38 99.96 99.05 97.7 96.33 94.48 91.16 85.68 85.86 84.14 83.4 84.4 89.31 88.11 86.98 78.78 79.68 75.61 74.18 79.1 89.05 90.68 97.25 99.05 95.95 105.78 111.06 106.53
-9999 -9999 -9999 -9999 -9999 -9999 -9999 -9999 -9999 113.2703 111.5773 111.37 109.52 102.6 93.39 81.48 77.1 89.73 90.62 89.74 87.83 83.89 79.66 81.45 83.36 80.18 76.3 63.53 65.08 67.24 65.97 65.69 65.76 68.69 70.16 69.44 66 62.14 63.83 66.08 63.84 61.43 65.57 90.56 97.31 97.93 98.09 96.77 93.93 89.7 84.97 82.52 76.47 76.13 78.55 82.57 87.86 89.13 85.5 80.95 76.96 73.48 75.7 71.39 89.64 101.26 96.2 98.49 108.02 110.24 113.1 114.07 108.19
-9999 -9999 -9999 -9999 -9999 -9999 -9999 -9999 -9999 113.63 111.91 112.25 111.36 106.7 93.24 79.29 97.07 96.83 96.39 91.89 91.2 89.09 88.29 82.24 64.42 58.81 63.46 62.69 63.99 65.49 66.9 63.76 66.39 69.83 69.64 69.78 67.83 58.7 53.51 47.6 60.31 62.67 68.68 90.09 96.17 95.73 97.67 93.96 88.99 87.69 86.75 78.65 68.33 78.5 83.58 82.17 78.03 77.54 81.4 90.64 87.32 93.53 92.97 89.3 100.7 104.96 110.12 112.17 115.16 111.57 113.95 114.51 111.11
-9999 -9999 -9999 -9999 -9999 -9999 -9999 -9999 115.3387 113.92 112.88 111.62 112.25 106.02 98.91 99.47 100.8 101.19 98.25 96.12 91.52 87.22 69.49 49.44 55.46 62.26 69.53 63.18 65.97 68.09 66.48 63.98 68.33 68.73 64.63 65.1 64.88 60.49 60.38 65.44 67.53 81.31 80.08 87.77 101.47 88.9 92.06 95.08 93.85 88.04 72.43 63.23 62.28 65.33 63.52 70.49 84.3 92.4 99.62 100.29 105.08 109.64 105.12 105.37 111.15 115.02 117.21 113.06 116.03 114.17 114.2 117.91 116.43
-9999 -9999 -9999 -9999 -9999 -9999 -9999 -9999 115.9011 114.64 113.27 111.65 112.83 104.85 104.42 107.61 105.36 102.56 98.54 92.6 88.26 69.82 36.36 48.94 71.57 81.62 81.11 70.82 66.35 66.62 63.54 63.22 63.49 63.89 63.95 63.32 55.01 60.27 64.46 83.18 88.51 85.64 76.7 80.69 71.32 42.08 59.33 91.79 87.05 68.58 64.15 65.56 65.24 74.87 76.32 84.21 89.49 85.49 82.13 88.79 109.86 113.66 114.76 117.45 121.8 118.54 118.26 115.37 115.32 118.76 116.69 117.54 117.08
-9999 -9999 -9999 -9999 -9999 -9999 -9999 -9999 115.67 114.46 112.87 113.39 113.9 106.05 105.64 108.95 105 101.96 98.15 90.3 84.09 73.33 48.63 52.94 83.37 87.17 82.64 78.68 71.37 63.48 60.78 56.28 60.35 62.5 58.91 66.03 69.57 75.92 81.82 90.15 94.29 87.29 82.24 74.61 42.96 28.84 53.99 74.89 64.32 51.25 41.31 51.9 67.16 85.98 80.68 82.6 103.58 116.38 111.45 107.36 108.91 113.12 120.43 125 121.59 118.59 119.81 117.39 116.49 119.03 119.91 120.58 116.3
-9999 -9999 -9999 -9999 -9999 -9999 -9999 115.0137 115.93 117.54 117.17 116.99 115.68 109.5 108.24 105.45 104.15 98.2 85.55 73.5 68.4 81.63 85.73 87.5 87.96 85.94 86.95 84.58 79.84 75.32 81.82 82.9 66.54 77.15 82.29 85.21 86.72 82.69 92.3 97.46 98.53 98 79.16 54.51 79.01 58.12 28.77 34.55 44.74 91.47 77.52 88.42 109.34 120.28 114.48 126.84 123.1 118.91 113.67 110.99 119.87 126 126.33 122.49 118.97 119.14 121.37 117.38 118.77 118.9 120.01 120.24 117.57
-9999 -9999 -9999 -9999 -9999 -9999 -9999 -9999 119.0568 118.15 117.77 117.2 111.7 109.8 109.99 98.24 89.14 84.16 82.52 76.95 80.48 88.57 85.2 83.23 85.03 88.35 92.69 90.98 88.33 89.63 92.13 89.93 86.71 89.91 94.27 92.8 89.07 88.24 98.43 99.83 99.45 93.3 78.07 77.43 65 99.08 104.39 111.77 121.65 133.34 133.26 132.66 130.05 126.44 125.34 123.11 113.48 109.13 122.63 126.9 128.53 126.5 123.16 120.65 120.39 122.44 120.28 120.3 121.3 118.19 122.53 121.23 115.73
-9999 -9999 -9999 -9999 -9999 -9999 -9999 119.4133 117.58 118.27 118.66 111.15 107.21 107.52 90.71 81.09 86.82 91.04 89.76 91.46 93.79 82.87 88.27 82.52 92.9 96.11 94.78 94.66 90.89 88.27 88.9 94.81 96.07 98.52 97.58 94.96 94.41 101.29 105.8 105.28 101.73 96.55 93.09 90.51 94 132.59 135.19 138.46 138.1 137.14 136.1 134.28 132.39 131.63 129.4 124.93 126.52 130.02 130.33 129.16 127.89 126.14 123.56 122.61 123.65 125.03 122.57 124.78 121.97 123.15 124.72 121.9 120.17
-9999 -9999 -9999 -9999 -9999 -9999 -9999 119.41 116.81 117.59 116.77 106.55 107.81 105.06 94.6 96.3 99.58 96.07 89.26 87.71 86.32 90.09 99.74 97.44 96.81 98.88 98.3 98.8 96.51 95.94 97.05 97.93 94.57 97.66 97.75 98.46 102.77 107.83 107.57 102.63 99.14 99.92 104.12 109.52 131.39 140.53 140 139.59 138.76 137.81 136.48 135.72 134.54 132.28 130.23 132 131.52 131.03 130.53 127.29 124.25 123.76 125.07 126.71 127.2 125.21 125.55 127.27 126.35 123.87 119.03 114.95 112.58
-9999 -9999 -9999 -9999 -9999 -9999 121.3968 121.57 117.1 115.2 115.17 109.68 110.17 105.16 104.6 104.99 99.45 92.4 88.18 81.85 93.09 101.33 103.75 101.23 99.3 100.66 105.76 104.29 102.59 99.19 99.23 99.56 99.27 97.55 98.24 98.05 101.41 105.03 100.54 97.06 100.46 103.19 107.34 108.47 132.19 140.73 139.93 136.36 137.82 137.57 135.29 132.18 134.02 132.85 133.77 131.29 126.18 127.7 129.2 130.78 129.66 128.13 127.68 128.86 126.7 125.52 126.19 126.27 124.51 122.93 119.04 115.92 114
-9999 -9999 -9999 -9999 -9999 -9999 120.5714 120.92 118.54 113.98 109.88 110.73 113.04 107.71 108.75 107.53 105.82 101.67 93.86 92.21 101.65 104.66 103.77 102.29 105.1 108.59 106.74 106.18 102.04 102.59 101.63 100.38 100.16 100.51 100.47 98.69 101.15 101.24 104.11 106.11 105.6 106.8 104.54 110.22 126.8 140.37 136.76 133.94 136.99 135.2 133.9 132.91 135.38 131.83 131.26 129.39 124.92 124.94 125.78 124.63 124.92 128.66 124.92 120.74 119.86 117.99 116.92 118.81 120.09 120.29 120.9 119.76 116.87
-9999 -9999 -9999 -9999 -9999 119.9643 118.4 118.09 118.23 112.75 111.61 114.98 116.31 112.61 107.93 110.29 105.63 105 102.66 105.42 108.94 107.06 108.53 109.58 107.95 105.43 105.29 105.85 103.33 103.38 104.63 103.3 98.98 97.58 97.95 104.44 111.69 108.96 106.51 104.05 103.63 104.48 102.05 99.79 97.95 106.72 116.36 129.72 127.59 125.41 126.75 129.31 127.59 126.47 119.45 120.87 119.83 119.29 117.28 119.08 118.46 120.46 117.72 114.44 116.85 114.14 114.23 115 115.79 116.37 117.97 118.03 118.29
-9999 -9999 -9999 -9999 -9999 125.2439 121.36 116.95 112.84 104.51 111.42 114.89 117.21 117.27 112.63 112.57 108.24 104.91 105.39 109.46 111.67 112.01 112.93 109.61 107.63 107.54 107.9 104.51 105.69 105.27 102.95 101.07 98.84 97 96.34 102.52 108.53 109.14 108.21 106.76 105.69 106.22 103.58 101.45 100.73 104.49 110.76 120.3 119.31 110.35 119.23 117.97 123.66 124.35 112.04 111.98 109.32 110.19 108.98 110.53 110.5 115.9 115.51 111.76 110.66 111.95 111.19 112.36 114.78 115.02 117.28 116.99 117.12
-9999 -9999 -9999 -9999 -9999 128.5051 121.04 108.26 103.69 105.48 108.11 119.56 120.34 119.96 116.01 113.68 113.28 112.21 112.17 111.71 113.23 110.02 110.36 107.96 109.01 106.94 105.77 102.28 101.92 104.14 105.64 103.14 100.68 99.92 102.85 106.22 106.73 109.83 108.1 108.01 108.31 106.26 103.74 100.87 98.88 95.3 106.36 121.05 99.06 105.22 103.81 118.04 117.55 122.56 120.43 113.47 111.24 110.26 100.55 110.85 101.71 104.65 105.76 106.88 106.37 106.93 109.23 114.48 115.79 116.32 116.95 117.53 117.53
-9999 -9999 -9999 132.1429 132.71 128.99 117.71 109.54 111.79 118.29 120.7 122.88 122.89 120.48 120.72 120.61 120.02 119.13 114.86 113.19 110.65 109.71 109.38 107.62 104.89 105.12 104.62 103.61 100.35 100.99 103.48 103.53 104.17 103.69 110.83 109.22 107.58 105.71 106.3 105.78 107.05 105.7 103.63 100.17 97.1 86.59 92.93 108.02 98.58 93.12 120.93 125.75 126.85 124.93 128.98 126.68 125.86 121.84 116.25 117.64 113.13 114.32 115.72 116.62 105.76 99.73 103.91 109.77 113.41 113.42 116.55 118.14 118.52
-9999 -9999 132.875 133.0465 131.25 128.85 122.54 121.31 121.57 121.32 123.99 125.05 123.08 117.95 117.86 117.96 118.33 115.01 113.72 113.65 113.05 111.41 109.92 107.75 101.69 97.01 98.13 99.48 100.28 100.43 99.62 99.24 103.18 103.69 106.66 109.7 109.23 107.89 106.53 104.9 105.14 103.16 101.58 100.35 103.62 90.6 89.42 102.89 117.55 125.84 127.85 133.22 130.32 133.3 132.82 132.27 128.81 125.1 121.02 114.82 111.86 109.99 117.02 113.69 110.14 109.79 106.02 109.49 112.69 111.1 109.14 115.6 119.75
-9999 -9999 130.75 130.17 130.19 129.51 129.66 125.67 123.62 124.07 125.97 125.35 121.23 119.6 117.87 117.44 117.03 117.23 116.69 115.51 115.85 114.08 113.05 110.73 106.33 95.69 95.43 102.35 105.34 103.31 102.46 104.4 110 108.06 110.15 108.51 107.11 108.65 106.06 103.2 103.16 102.91 101.18 106.85 132.35 131.76 138.95 137.38 136.93 131.31 131.97 136.9 136.03 135.94 127.07 129.3 128.72 124.41 124.48 121.88 120.94 123.64 123.77 119.07 111.61 112.04 114.45 113.2 109.7 111.01 107.12 116.69 121.05
-9999 -9999 131.51 130.66 129.68 121.94 130.71 127.98 124.41 126.32 126.8 123.51 121.98 121.1 119.68 118.49 118.77 119.55 116.81 116.57 117.11 115.54 112.52 111.29 110.32 107.49 104.99 104.83 106.61 106.31 103.28 110.39 113.25 111.54 110.13 108.05 107.14 106.65 105.5 104.43 98.96 102.6 113.55 115.34 139.62 141.83 142.54 140.89 141.73 139.34 136.08 135.99 136.93 135.21 130.22 124.3 126.44 126.85 127.46 123.34 117.55 121.41 125.95 124.36 116.37 115.84 118.24 120.97 120.57 116.89 120.45 123.85 123.99
-9999 131.9219 131.43 129.65 125.67 129.06 133.06 128.84 127.51 127.7684 126.1 124.34 122.15 121.02 120.24 119.75 121.15 119.07 118.11 118.43 117.84 116.24 114.46 111.73 110.89 109.85 110.02 108.12 108.14 109.82 111.82 115.95 113.85 112.81 111.4 110.73 111.26 110.24 107.36 107.65 108.47 111.89 118.47 144.6 146.23 144.82 144.94 144.47 143.54 141.69 138.56 138.27 134.2 131.91 131.16 127.53 122.64 127.27 127.53 121.41 118.2 119.81 121.83 123.85 119.8 118.44 122.11 124.14 124.63 124.56 124.48 124.32 124
-9999 129.98 129.52 126.98 124.95 127.99 135.4149 135.7111 131.3793 127.52 125.4 124.5 122.79 122.92 123.03 121.79 121.1 119.87 118.96 117.83 117.74 116.77 115.31 114.63 112.49 110.88 110.78 110.68 108.61 114.19 137.22 138.12 142.59 126.42 132.72 127.7 123.9 121.92 111.63 109.39 121.8 145.6 147.79 147.82 147.38 146.69 145.29 140.23 138.78 142.14 139.76 137.45 138.11 134.9 132.58 129.57 125.79 124.23 126.62 127.62 127.13 119.72 121.33 126.27 121.56 124.35 124.93 124.9 125.24 125.57 125.02 125.22 124.9
-9999 126.0204 122.91 123.14 121.79 128.5773 136.2532 136.85 131.78 127.66 126.9 126.7 126.71 125.3 123.73 122.84 121.88 121.77 120.22 116.74 115.75 114.09 113.45 112.85 111.41 110.12 107.31 107.16 111.49 143.79 151.32 150.5 150.11 149.75 149.21 149.19 148.54 144.29 133.35 128.82 148.12 148.88 148.52 147.28 146.54 145.77 144.69 143.77 142.3 139.57 139.16 140.99 136.21 124.76 130.39 128.43 128.71 129.38 129.24 124.54 127.57 126.96 124.89 126.56 123.71 125.45 124.57 124.99 125.7 125.9 125.1 125.31 125.7
-9999 123.55 121.24 123.76 130.49 134.0667 138 137.4 130.05 127.89 126.17 125.49 124.83 123.47 123.76 122.03 121.08 119.84 118.7 116.84 115.64 114.15 109.34 108.04 108.61 109.31 105.27 106.17 141.54 152.86 151.1 149.26 149.46 149.86 149.91 149.9 147.73 147 147.09 147.85 148.65 147 145.76 138.64 144.08 143.01 141.6 143.9 141.74 140.86 139.06 139.54 140.02 134.5 136.7 133.83 130.76 128.61 123.96 114.81 122.31 127.96 123.69 124.76 127.01 125.76 126.24 126.18 124.44 124.74 124.03 120.87 122.97
123.0864 121.51 122.42 127.29 134.4468 -9999 -9999 135.69 129.08 127.84 127.09 125.42 124.2 122.63 121.46 120.02 117.57 116.32 116.2 114.39 114.11 112.55 111.16 106.89 105.31 110.16 110.99 120.76 152.65 151.74 149.64 148.01 148.27 148.07 148.14 147.85 146.44 145.07 147.83 142.71 134.66 123.77 124.55 131.07 133.07 141.39 140.64 142.63 140.5 138.61 135.99 134.74 134.12 140.38 132.93 134.68 130.33 134.91 113.25 108.17 93.9 99.99 108.53 99.01 115.88 122.37 104.07 119.53 125.64 126.07 126.23 124.93 124.68
129.34 128.6901 130.1757 132.2467 135.8445 138.875 138.3483 138.07 133.02 127.81 125.95 124.97 124.26 123.18 120.15 117.06 114.04 112.65 113.26 112.8 112.17 112.25 108.5 108.51 110.49 109.64 118.81 152.79 150.95 150.02 148.48 147.26 147.18 147.25 147.31 147.39 145.73 144.06 146.11 147.44 141.61 128.99 126.24 136.32 139.53 139.58 140.08 137.63 135.49 128.37 133.35 132.67 137.67 139.91 137.85 139.59 126.79 118.04 105.19 107.3 89.3 81.39 83.3 81.9 82.87 88.78 79.63 92.95 115.95 117.28 119.24 124.74 124.51
-9999 -9999 -9999 135.027 137.2467 138.131 137.81 137.48 134.36 128.88 127.25 126 124.26 120.68 117.25 115.61 113.02 111.25 111.67 113.94 113.94 114.16 113.43 111.63 112.66 114.36 126.06 153.18 149.43 140.72 141.64 142.85 145.15 144.96 145.14 145.56 142.48 135.12 143.49 145.06 139.42 137.73 127.45 125.36 139.93 134.39 135.19 127.44 132.57 137.87 139.48 138.63 139.6 139.28 122.3 123.79 101.21 95.74 89.41 84.35 82.53 79.63 79.1 80.6 80.16 81.22 83.86 85.31 82.74 88.04 84.98 90.44 107.54
-9999 -9999 -9999 -9999 136.26 135.91 134.1919 137.4706 138.6374 130.3407 126.94 127.12 125.17 120.86 118.75 116.74 113.38 113.51 115.12 114.39 114.91 115.04 113.92 112.02 111.67 121.27 147.28 152.13 149.51 142.21 129.45 116.9 114.11 125.59 118.1 140.17 141.68 129.71 138.87 141.24 143.47 119.55 111.27 124.78 138.89 125.45 116.22 129.16 133.31 139.3 136.23 130.17 116.12 107.34 100.83 99.42 92.65 92.18 86.72 78.65 74.79 78.58 80.48 83.63 88.57 87.69 86.71 87.92 89.47 88.77 88.89 89.44 87.51
-9999 -9999 -9999 -9999 133.0247 131.3286 -9999 139.2353 -9999 136.3718 129.47 127.56 126.36 125.45 121.82 119.61 118.94 117.36 116.54 115.17 115.62 115.93 114.12 113.68 113.87 144.86 155.25 152.5 150.58 147.45 139.16 129.36 101.88 102.58 100.76 113.64 135.31 109.58 128.35 137.11 142.2 133.26 118.12 105.44 126.75 111.13 126.36 135.05 126.69 129.13 124.73 101.04 89.03 94.09 89.97 88.01 88.17 88.52 89.37 87.87 83.39 75.54 77.98 82.58 82.38 90.79 94.77 90.39 86.26 81.91 80.81 89.53 89.99
-9999 -9999 -9999 -9999 -9999 -9999 -9999 -9999 139.0357 137.2755 129.7158 129.42 128.21 125.4 124.51 119.41 118.52 118.08 116.13 112.64 113.81 114.39 115.16 115.99 129.63 156.45 154.58 152.72 151.23 146.03 141.98 131.08 114.51 141.38 131.64 128.62 108.71 103.68 116.1 114.33 128.37 130.86 109.28 126.49 118.39 103.55 104.93 103.76 99.9 100.48 96.65 95.68 90.27 87.86 87.52 86.17 85.66 86.49 84.7 84.77 87.16 86.18 91.63 89.36 91.4 92.49 102.78 95.67 95.95 93.93 88.8 92.33 92.08
-9999 -9999 -9999 -9999 -9999 -9999 -9999 -9999 -9999 137.2 133.65 127.41 128.03 126.99 126.7 123.21 120.56 117.48 115.9 115.62 112.99 110.17 112.82 119.68 141.93 156.55 155.04 153.8 151.84 150.38 146.77 142.62 144.47 144.8 142.68 141.84 124.42 132.36 117.35 110.38 107.24 109.86 113.62 114.74 119.83 122.92 127.31 114.82 113.61 121.14 118.44 111.3 86.84 82.3 87.59 88.5 85.22 85.78 85.07 85.12 83.46 83.87 91.89 100.94 97.77 100.41 105.6 104.57 103.91 105.73 104.69 103.41 103.06
