layers/wordclim/future/Iberia_wcB2a_10_hadcm3_2050/bio_13.asc
ncols         166
nrows         93
xllcorner     -9.4959440078468
yllcorner     36.000324005443
cellsize      0.083333337679505
NODATA_value  -9999
[rows 34 to 67 of 93, columns 0 to 75 of 166]
-9999 -9999 -9999 -9999 -9999 -9999 -9999 -9999 -9999 -9999 168.6122 176.62 181.54 194.44 229.59 230.36 226.49 207.96 213.34 221.67 231.83 232.67 226.81 213.68 209.83 204.46 182.1 157.18 145.98 146.26 141.82 128.7 118.25 115 108.61 104.29 99.05 94.58 89.78 85.66 82.28 79.33 75.03 72.15 69.08 65.51 61.5 55.62 51.14 50.05 49.62 49.05 49.58 48.63 47.44 47.06 46.24 46.51 47.02 48.7 50.23 51.46 53.76 56.38 60.79 65.41 82.51 68.81 73.51 70.25 64.28 60.94 58.63 57.98 58.01 56.25
-9999 -9999 -9999 -9999 -9999 -9999 -9999 -9999 -9999 -9999 163.0674 166.85 173.66 207.21 197.2 212.69 210.65 190.07 197.83 209.47 218.08 217.21 211.91 209.02 203.26 201.59 179.08 159.76 154.34 141.99 140.35 134.77 123.57 113.79 109.73 106.39 101.21 94.86 91.18 87.74 84.02 81.37 77.84 75.04 72.08 69.78 65.04 57.59 54.68 52.18 51 50.93 51.45 51.59 50.4 48.05 48.17 46.96 47.21 48.29 50.07 52.85 55.31 60.89 74.56 76.22 84.02 77.9 67.05 62.36 61.1 58.61 58.54 59.38 58.12 55.17
-9999 -9999 -9999 -9999 -9999 -9999 -9999 -9999 -9999 159.0811 158.337 161.07 164.18 171.34 195.57 192.39 202.59 193.56 203.86 206.31 200.24 197.04 194.22 195.1 191.16 180.15 170.4 164.64 162.3 152.09 141.8 137.84 126.25 116.89 108.16 107.79 102.77 96.61 93.43 90.36 86.68 82.89 80.82 79.83 76.44 69.4 63.15 59.48 57.18 55.91 55.14 55.3 57.77 56.28 56.31 55.42 53.43 49.93 49.45 49.74 56.97 57.56 62.84 65.73 64.55 61.47 62.62 61.76 62.06 63.35 60.67 58.94 59.26 58.83 57.88 54.47
-9999 -9999 -9999 -9999 -9999 -9999 -9999 -9999 -9999 154.8108 156.0103 155.24 156.97 168.04 187.27 214.09 223 193.75 188.64 187.46 187.71 193.01 195.87 184.88 172.69 172.77 170.95 183.75 169.86 157.3 149.07 139.2 129.15 116.57 106.45 102.92 101.36 100.12 97.11 94.71 92.77 90.89 84.31 78.23 73.91 69.74 66.3 63.58 62.19 62.67 63.95 63.82 67.25 66.07 62.54 57.84 52.55 50.5 51.75 54.88 58.8 62.89 62.8 67.71 60.61 58.04 61.65 62.45 60.98 61.19 60.6 60.36 60.82 59.64 57.85 54.85
-9999 -9999 -9999 -9999 -9999 -9999 -9999 -9999 -9999 152.16 153.74 152.89 153.01 161.78 189.52 219.44 178.79 176.73 176.57 182.81 180.31 179.89 176.9 183.23 215.26 215.62 195.64 185.94 172.71 159.62 148.55 143.29 129.6 115.99 109.28 103.74 100.86 105.46 107.52 111.39 97.62 91.1 81.86 76.4 75.84 73.42 68.2 67.22 67.88 66.04 64.9 69.58 77.79 66.05 59.69 59.49 61.34 60.08 57.08 51.43 53.2 52.58 54.7 58.68 56.8 57.52 58.27 59.84 60.4 62 61.69 62.15 62.49 60.75 58.05 58.58
-9999 -9999 -9999 -9999 -9999 -9999 -9999 -9999 148.1452 151.74 153.01 154.71 152.86 164.7 177.88 176.09 171.52 168.36 171.35 173.45 179.32 183.52 220.38 265.27 237 208.66 183.04 186.05 170.11 156.19 149.1 144.9 128.05 118.48 116.26 110.42 106.13 106.18 103.04 98.34 92.86 77.61 74.43 75.76 72.97 75.99 73.29 68.89 66.68 68.64 78.76 86.69 85.3 79.83 80.54 72.62 60.35 53.62 50.08 50.15 49.49 49.59 52.38 54.07 54.71 55.85 57.45 60.38 61.12 63.16 63.65 63.3 63.84 61.53 60.59 60.74
-9999 -9999 -9999 -9999 -9999 -9999 -9999 -9999 147.4945 149.5 151.89 156.26 154.34 168.27 167.87 159.77 163.24 165.97 170.87 179.72 186.02 225.89 290.32 264.03 198.29 169.04 161.11 170.93 170.4 159.36 155.43 147.06 136.62 126.25 118.55 115.01 119.1 108.3 100.8 85.24 77.4 75.69 78.65 77.38 83.66 101.88 91.95 73.11 73.9 86.4 88.87 86.89 84.41 72.79 69.6 62.21 59.03 61.17 62.28 57.45 50.45 50.37 51.16 51.81 52.26 55.12 56.99 60.02 62.28 61.55 62.88 62.11 61.52 62.21 62.09 60.68
-9999 -9999 -9999 -9999 -9999 -9999 -9999 -9999 147.25 149.82 152.91 152.37 151.99 166.83 166.22 158.23 162.99 167.36 171.37 185.03 194.45 215.91 261.87 249.62 171.71 157.61 158.33 157.04 162.21 166.07 160.87 158.1 142.4 129.39 127.16 113.93 104.52 94.18 87.46 80.78 74.4 75.82 76.66 78.72 104.16 116.19 91.43 83.47 90.58 97.22 106.13 96.35 85.63 68.06 70.21 69.51 55.92 49.03 50.86 51.46 51.41 51.09 50.67 50.51 52.74 55.27 56.38 59.27 60.77 60.55 60.49 59.94 60.96 62.56 61.18 59.28
-9999 -9999 -9999 -9999 -9999 -9999 -9999 146.0685 145.37 144.43 145.66 146.15 149.42 159.98 161.65 164.76 164.52 173.26 197.65 221.77 230.05 193.29 179.43 169.63 161.43 158.72 150.23 146.46 146.16 146.12 128.12 118.13 133.28 112.76 101.77 94.71 89.55 89.87 81.51 76.54 73.39 70.62 81.34 98.79 83.19 93.62 114.77 108.91 102.83 73.28 81.6 72.31 57.68 51.54 53.8 48.1 48.72 49.71 50.82 51.59 49.99 49.2 49.79 52.33 53.98 55.05 55.95 59.03 59.88 60.94 60.43 59.82 60.25 60.96 60.63 60.2
-9999 -9999 -9999 -9999 -9999 -9999 -9999 -9999 139.5455 141.5 142.73 145.24 155.67 158.77 156.66 176.15 192.61 200.83 201.26 210.76 200.67 177.41 178.43 178.42 167.85 154.17 138.56 135.27 132.13 122.49 113.11 109.21 107.77 99.55 91.58 89.07 88.49 86.01 80.4 76.57 73.69 75.02 83.59 80.89 88.24 74.7 70.21 66.49 60.89 53.9 52.25 51.23 50.94 51.06 50.63 50.61 53.62 54.96 50.17 49.15 49.09 49.74 51.58 53.02 53.8 54.16 56.22 57.36 57.93 59.95 58.26 58.59 60.42 61.74 60.62 57.97
-9999 -9999 -9999 -9999 -9999 -9999 -9999 136.8933 140.32 140.05 140.17 153.17 160.23 160.39 188.99 206.51 194.18 185.19 185.5 178.37 169.3 188.47 171.86 177.77 152.08 139.03 134.59 127.99 127.95 125.15 117.36 104.42 98.68 92.44 89.34 88.11 85.58 81.32 76.55 73.5 73.42 74.32 73.55 72.47 69.99 62.41 59.95 56.5 54.94 54.06 52.64 51.9 52.63 52.09 51.59 52.1 51.09 49.6 49.31 49.55 49.79 50.61 52.13 52.93 52.91 53.39 55.52 55.58 57.17 57.31 56.8 57.95 58.37 58.24 57.25 57.35
-9999 -9999 -9999 -9999 -9999 -9999 -9999 133.89 138.5 138.52 141.42 158.65 156.98 161.09 179.6 176 168.16 171.99 184.76 184.6 183.48 171.03 147.93 147.29 142.57 133.76 128.49 121.37 117.95 114.08 107.32 102.49 101.6 93.92 89.44 86.7 83.01 78.97 76.17 77.11 76.71 73.1 67.91 64.79 62.67 60.35 59.17 57.88 56.04 55.26 54.44 53.8 53.31 53.05 52.89 51.82 51.56 51.36 51.14 51.67 52.43 52.5 52.31 52.11 52.21 53.36 53.82 54.09 55.4 56.52 58.48 60.27 60.97 60.91 60.11 60.45
-9999 -9999 -9999 -9999 -9999 -9999 128.0318 128.9 136.26 140.15 140.57 150.09 150.77 158.42 159.15 156.98 166.41 177.28 183.34 192.65 168.54 148.3 139.01 139.81 137.55 129.12 115.3 112.75 110.03 110.39 106.33 101.41 97.2 95.25 90.33 87.35 85.07 82.52 82.17 82.21 76.75 72.48 67.68 64.84 63.54 61.61 61.3 60.92 58.46 57.42 56.94 56.64 54.73 55.11 53.58 53.72 54.75 53.5 52.54 51.83 52.04 52.37 52.39 52.36 53.33 53.92 54.26 54.82 55.76 56.76 58.59 59.73 60.21 60.15 59.95 59.94
-9999 -9999 -9999 -9999 -9999 -9999 126.1531 126.49 132.26 139.71 146.65 146.39 142.68 152.25 149.74 150.63 151.71 158.79 170.48 171.04 149.62 140.94 138.13 136.6 127.15 115.86 113.69 110.72 111.66 107.48 104.17 101.02 97.51 92.67 89.14 88.55 86.58 85.57 80.82 77.02 74.63 71.33 70.33 68.35 67.18 64.11 64.15 63.78 60.58 60.31 59.5 58.64 56.54 56.78 56.26 56.16 56.71 56.58 55.75 55.56 55.18 53.61 54.62 56.17 56.4 57.45 58.19 57.93 57.59 58.02 57.92 58.39 58.96 59.03 59.3 59.27
-9999 -9999 -9999 -9999 -9999 123.4821 126.82 128.29 129.44 138.11 140.8 137.69 135.26 140.59 148.03 143.73 149.94 149.58 151.5 144.9 135.21 134.65 129.18 123.53 121.16 120.54 116.9 111.61 111.58 107.16 101.18 99.05 99.18 96.18 92.84 86.98 81.65 80.62 80.27 79.31 76.77 73.89 73.83 72.98 73.36 72.72 70.59 68.23 67.48 66.95 64.79 61.99 61.39 61.42 63.19 61.63 61.11 60.44 60.59 59.18 58.85 57.72 58.5 59.51 58.52 59.6 59.5 59.87 59.66 59.63 58.92 58.66 58.49 59.02 58.72 58.68
-9999 -9999 -9999 -9999 -9999 119.1829 120.06 126.71 135.29 148.43 139.14 134.39 131 130.86 137.95 136.67 142.33 147.7 145.21 135.23 129.3 124.87 120.5 121.67 121.92 118.44 113.87 115.38 109 105.73 104.16 101.61 99.99 98.21 95.87 89.69 85.41 81.61 79.49 77.84 77.01 74.59 74.16 73.27 73.25 73.08 73.43 73.87 72.94 75.72 70.95 70.44 66.08 64.36 69.22 67.78 68 66.62 66.86 65.16 64.67 61.44 61.17 62.51 62.86 61.92 62.05 61.64 60.6 60.38 59.05 59 58.97 59.15 58 58
-9999 -9999 -9999 -9999 -9999 117.0707 119.62 137.64 144.99 143.3 142.39 125.55 123.84 124.01 130.57 132.74 132.49 132.51 131.43 129.72 124.23 126.12 124.05 125.4 120.7 120.1 118.53 119.1 115.9 107.52 100.9 100.05 98.29 95.18 92.95 90.79 87.56 81.64 80.65 78.55 76.29 75.53 75.47 75.45 75.1 75.34 74.55 74.34 81.57 80.5 80.5 72.72 71.33 67.79 67.65 70.14 70.07 69.25 73.69 67.11 71.16 68.55 67.38 66.18 66 65.2 63.75 61.37 60.61 60.12 59.17 59.02 58.95 58.1 57.99 57.48
-9999 -9999 -9999 114.3095 113.53 116.26 123.16 133.44 131.41 123.86 120.49 118.13 118.3 120.89 120.33 118.86 120.19 119.52 124.15 124.59 127.17 125.85 126.37 126.91 129.28 125.59 121.51 119.12 118.67 112.1 104.17 99.53 95.94 92.75 90.66 89 86.86 86.65 83 80.75 78.66 77.61 77.16 78.03 78.21 84.64 79.94 78.16 83.02 85.76 75.63 71.51 69.4 69.29 66.21 66.05 65.28 65.84 67.26 66.38 67.57 65.92 64.3 62.96 68.21 70.92 68.17 64.62 62.3 62.1 60.6 60.03 59.64 57.95 57.41 57.59
-9999 -9999 113.9063 112.9419 114.27 115.46 119.01 115.1 115.87 117.96 114.79 113.28 115.5 122.35 122.46 121.27 119.71 122.56 124.22 122.59 121.63 123.39 125.03 126.86 137.02 141.89 134.8 127.02 118.94 113.8 109.21 104.54 98.38 97.88 93.62 89.28 86.69 85.05 83.81 83.22 81.38 80.82 81.1 80.32 79.43 83.6 84.25 82 78.63 76.67 74.2 70.25 70.23 67.92 67.75 66.65 66.8 67.29 67.95 69.73 70.15 70.07 65.47 66.22 67.22 66.56 67.99 65.51 63.19 63.71 64.73 61.25 58.98 57.9 57.05 57.03
-9999 -9999 115.57 115.33 114.57 114.47 114.16 112.3 113.7 113.79 111.71 111.71 116.97 118.24 119.41 120.63 119.58 117.81 117.99 118.26 117 118.12 118.39 121.19 127.92 141.88 138.59 121.36 110.51 108.23 104.26 98.97 95.3 95.46 92.14 90.78 89.86 86.1 85.81 86.21 84.27 83.59 83.34 80.03 76.62 78.24 75.35 75.25 74.2 75.98 75.03 71.65 70.87 69.67 72.49 70.31 69.33 69.97 68.64 68.78 68.1 66 64.26 65.31 68.15 66.88 64.79 64.76 66.29 65.34 67.06 61.32 58.77 58.01 57.09 57
-9999 -9999 115.02 114.9 115.44 124.71 114.84 114.24 114.05 111.45 110.92 114.58 115.3 115.47 116.89 117.66 115.63 113.98 115.88 114.96 113.12 114.25 118.36 118.03 117.2 120.37 120.9 115.97 106.76 102.31 102.88 95.57 93.55 93.35 92.07 91.67 90.84 88.58 87.51 87.06 90.54 85.85 79.65 79.16 77.63 77.18 75.62 75.5 75.15 75.21 75.49 74.54 72.87 72.39 73.52 75.48 73.18 71.87 70.23 70.75 72.08 68.89 65.75 64.46 67.38 66.37 64.14 62.43 61.93 63.32 61.4 59.33 59.04 59 58.93 58.1
-9999 115.9844 115.41 117.97 124.42 119.7 114.49 115.45 112.1 110.6526 111.76 113.55 114.23 115.47 115.21 114.34 112 112.9 112.67 111.26 110.67 111.91 112.6 115.24 114.73 112.9 109.51 107.52 102.14 97.6 96.6 92.28 92.83 91.21 90.56 89.94 87.27 86.26 87.83 85.81 83.91 80.48 79.41 78.44 77.65 78.28 77.16 76.64 76.42 76.25 76.77 76.29 77.32 77.32 76.34 76.7 77.85 74.28 72.83 74.12 74.14 71.88 69.46 67.17 67.19 66.52 63.45 62 61.02 60.18 60 60 59.93 59.27 59 58.85
-9999 123.01 123.85 128.43 130.05 124.7 114.2872 112.9444 111.5977 111.65 113.43 113.17 113.19 112.6 111.09 110.58 110.32 110.14 110.51 109.97 108.31 108.98 108.76 108.63 108.72 108.12 105.24 100.86 100.24 96.26 90.63 90.19 88.56 88.28 87.84 86.44 86.16 84.83 85.45 85.72 84.3 81.31 80.36 80.16 79.76 79.54 79.54 81.07 81.98 79.12 79.55 79.72 78.44 78.95 78.73 78.98 79.81 79.16 76.59 74.71 73.23 74.9 72.63 68.8 68.91 65.76 63.46 62.47 62.05 61.97 61.74 61.63 60.42 59.99 59.86 59.65
-9999 135.4286 139.72 139.7 138.26 127.6907 116.7468 113.42 112.48 113.03 112.24 110.54 109.47 109.26 109.08 108.84 107.79 106.2 106.95 109.15 109.36 109.88 108.96 108.59 107.6 108.02 108.17 104.72 95.82 91.44 88.82 87.89 87.48 86.71 86.44 86.3 85.22 84.67 85.93 85.56 82.49 82.03 82.34 82.35 82.56 82.19 82.84 82.65 82.52 83.29 82.81 81.26 82.82 86.27 83.1 83 81.48 79.74 78.18 78.72 75.71 74.5 73.52 70.81 70.08 67.34 65.66 64.13 63.54 63.15 62.84 62.47 62.17 61.82 61.8 62.3
-9999 146.2 150.24 144.25 131.42 123.65 116.8395 114.73 113.37 113.55 113.24 111.75 110.91 110.53 108.18 108.3 107.58 107.31 106.49 106.72 107.05 107.68 112.8 112.58 109.99 106.38 108.75 103.92 93.44 88.98 87.5 87.77 87.7 86.3 87 85.9 86.17 87.21 86.18 84.91 85.66 85.83 85.37 86.71 87.09 87.25 87.28 85.2 85.71 86.66 86.64 85.41 84.14 85.94 83.51 83.76 83.84 83.13 83.59 82.89 79.49 77.43 77.66 74.83 71.62 69.71 67.93 66.59 66.76 66.19 65.72 66.77 65 62.75 62.73 63.05
147.3086 153.08 154.95 143.36 128.766 -9999 -9999 116.35 114.39 113.89 112.41 112.29 111.17 110.67 110.29 109.48 109.64 109.17 107.12 107.88 106.78 107.76 107.41 111.33 112.37 103.15 99.53 95.07 91.53 90.09 89.49 89.99 89.25 89.41 89.06 88.69 90.35 90.32 88.12 90.12 90.64 91.3 91.89 91.03 93.99 90.65 91.43 89.38 90.55 90.87 91.5 90.76 89.67 86.42 88.19 87.42 85.98 84.19 85.54 84.19 83.8 81.11 79.05 78.08 76.28 74.29 74.63 71.69 69.13 68.25 67.62 66.92 66.14 64.88 65.44 64.65
141.82 146.5352 144.5946 137.4545 128.4444 120.9583 118.809 116.13 115.07 114.08 113.28 112.36 110.88 109.39 110.57 111.04 112.29 111 108.17 107.23 106.41 105.55 108.7 107.85 103.46 102.1 94.86 92.4 93.33 92.09 92.69 92.2 91.15 91.37 91.47 91.2 92.12 92.89 91.88 90.46 92.61 95.77 96.58 94.73 94.48 95.28 94.3 95.47 95.71 97.11 96.44 94.84 92.16 90.52 90.03 88.47 87.53 87.57 86.84 85.77 86.19 86.03 83.47 80.94 78.97 78.46 78.92 76.21 71.49 70.83 70.61 68.73 68.1 67.43 66.19 65.73
-9999 -9999 -9999 132.027 126.3117 122.75 120.15 117.05 114.57 112.93 111.79 111.04 110.13 111.97 112.77 111.47 112.19 110.81 108.38 103.63 102.62 101.49 100.98 102.26 99.59 96.31 94.6 93.24 94.8 96.14 97.69 96.46 95.14 94.67 95.14 94.2 94.9 96.37 95.76 94.05 96.8 98.08 99.86 101.2 98.08 100.63 100.15 102.66 100.86 98.56 96.94 95.87 95.05 94.41 95.91 92.63 93.15 93.83 92.04 91.24 90.01 89.27 87.85 84.69 83.37 81.42 78.22 75.93 76.97 72.64 73.04 71.55 70.26 68.76 68.61 68.92
-9999 -9999 -9999 -9999 127.58 124.56 123.5152 116.9059 113.1978 111.4176 112.28 109.57 108.6 111.17 110.17 109.25 110.85 107.58 104.08 102.62 101.12 99.83 100.15 101.01 99.64 96.37 92.83 94.12 95.12 98.77 99.8 102.51 105.8 102.3 104.94 98.43 98.71 100.84 100.06 99.02 97.46 103.51 103.87 103.18 101.68 105.42 107.53 105.14 103.78 101.16 101.18 101.82 101.49 99.92 99.11 97.44 95.9 94.85 95.4 97.45 97.4 93.68 90.91 88.22 83.97 82.76 82.2 79.83 77.02 76.91 75.53 74.5 73.75 72.35 71.07 69.54
-9999 -9999 -9999 -9999 129.8148 128.5143 -9999 114.1176 -9999 110.0641 109.59 108.41 107.18 106.22 106.5 106.82 104.84 103.05 102.85 101.83 100.28 98.59 99.45 98.81 97.97 94.65 93.1 94.23 95.11 97.17 100.14 104.3 110.6 112.06 110.97 106.65 101.47 105.61 105.52 103.65 101.04 102.8 105.01 106.94 107.05 108.61 108.22 106.76 107.02 108.16 106.42 106.54 106.16 104.15 104.07 103.26 101.81 99.98 97.85 96.5 96.69 99.25 97.02 94.71 91.83 85.89 81.96 84.13 85.37 85.83 84.6 78.21 75.93 73.52 70.91 68.53
-9999 -9999 -9999 -9999 -9999 -9999 -9999 -9999 111.125 110.398 108.9053 106.42 105.18 105.65 103.75 106.7 104.93 102.63 103.42 104.43 102.18 100.22 98.44 97.32 95.54 93.11 94.1 94.44 95.65 98.5 100.25 105.17 108.21 100.52 102.92 104.5 106.9 108.39 108.86 109.08 107.85 107.16 109.57 108.7 110.06 110.16 109.91 111.55 112.1 111.43 111.39 112.04 110.97 109.61 108.77 108.04 106.72 104.65 103.43 101.52 98.49 96.83 94.22 94.66 93.56 91.74 84.27 86.82 85.03 84.07 84.38 80.37 77.01 72.29 68.91 67.31
-9999 -9999 -9999 -9999 -9999 -9999 -9999 -9999 -9999 109.79 109.98 108.02 104.68 103.81 101.2 102.95 102.93 104.3 103.88 102.12 103.18 104.61 100.9 96.84 95.35 93.28 94.21 93.96 95.68 96.19 99.91 101.96 100.45 99.59 101.8 102.56 105.41 108.74 111.15 112.95 113.46 112.78 113.57 113.5 113.38 113.78 113.69 115.01 115.32 113.75 113.81 113.46 115.82 116.73 113.22 111.67 111.37 109.11 107.96 106.28 104.55 102.31 99.26 94.21 95.33 92.7 87.56 86.81 85.26 81.14 79.22 76.76 72.12 68.7 67.65 68.37
-9999 -9999 -9999 -9999 -9999 -9999 -9999 -9999 -9999 110.72 111.75 107.28 105.24 104.12 101.21 101.47 100.9 101.91 101.88 102.71 102.2 101.68 100.13 97.09 94.89 94.7 94.16 94.92 95.83 95.59 96.38 100.63 105.3 112.05 112.01 108.02 107.83 110.76 113.36 111.61 113.27 116.9 117.94 116.54 115.78 114.64 113.18 115.05 118.53 120.39 120.6 118.56 117.24 117.03 117.67 114.8 112.45 111.51 110.72 107.86 105.83 102.88 102.43 96.2 95.21 92.94 88.61 90.4 82.63 78.7 76.88 74.93 70.58 70.2 71.01 69.4
-9999 -9999 -9999 -9999 -9999 -9999 -9999 -9999 107.4615 110.95 115.75 108.79 104.82 102.42 101.5 101.18 101.01 102.05 102.44 100.43 99.4 96.96 95.56 95.55 96.37 95.1 94.35 93.9 95.67 97.16 99.41 101.29 106.79 111.25 112.59 116.53 116.96 115.64 119.41 118.28 112.83 112.09 116.12 121 120.56 119.31 116.95 116.41 117.43 119.64 120.67 122.56 122.91 121.02 118.2 117.49 115.1 112.26 111.25 108.49 102.7 100.95 99.14 95.73 93.91 91.41 90.51 85.02 81.78 78.53 78.99 72.31 71.2 70.83 67.98 66.15
