layers/wordclim/future/Iberia_wcB2a_10_hadcm3_2050/bio_04.asc
ncols         166
nrows         93
xllcorner     -9.4959440078468
yllcorner     36.000324005443
cellsize      0.083333337679505
NODATA_value  -9999
[rows 0 to 30 of 93, columns 70 to 139 of 166]
-9999 -9999 -9999 -9999 -9999 -9999 -9999 -9999 -9999 -9999 -9999 -9999 -9999 -9999 -9999 -9999 -9999 -9999 -9999 -9999 -9999 -9999 -9999 -9999 -9999 -9999 -9999 -9999 -9999 -9999 -9999 -9999 -9999 -9999 -9999 -9999 -9999 -9999 -9999 -9999 -9999 -9999 -9999 -9999 -9999 -9999 -9999 -9999 -9999 -9999 -9999 -9999 -9999 -9999 -9999 -9999 -9999 -9999 -9999 -9999 -9999 -9999 -9999 -9999 -9999 -9999 -9999 -9999 -9999 -9999
-9999 -9999 -9999 -9999 -9999 -9999 -9999 -9999 -9999 -9999 -9999 -9999 -9999 -9999 -9999 -9999 -9999 -9999 -9999 -9999 -9999 -9999 -9999 -9999 -9999 -9999 -9999 -9999 -9999 -9999 -9999 -9999 -9999 -9999 -9999 -9999 -9999 -9999 -9999 -9999 -9999 -9999 -9999 -9999 -9999 -9999 -9999 -9999 -9999 -9999 -9999 -9999 -9999 -9999 -9999 -9999 -9999 -9999 -9999 -9999 -9999 -9999 -9999 -9999 -9999 -9999 -9999 -9999 -9999 -9999
-9999 -9999 -9999 -9999 -9999 -9999 -9999 -9999 -9999 -9999 -9999 -9999 -9999 -9999 -9999 -9999 -9999 -9999 -9999 -9999 -9999 -9999 -9999 -9999 -9999 -9999 -9999 -9999 -9999 -9999 -9999 -9999 -9999 -9999 -9999 -9999 -9999 -9999 -9999 -9999 -9999 -9999 -9999 -9999 -9999 -9999 -9999 -9999 -9999 -9999 -9999 -9999 -9999 -9999 -9999 -9999 -9999 -9999 -9999 -9999 -9999 -9999 -9999 -9999 -9999 -9999 -9999 -9999 -9999 -9999
3947.563 3956.391 3986.174 -9999 -9999 -9999 -9999 -9999 -9999 -9999 -9999 -9999 -9999 -9999 -9999 -9999 -9999 -9999 -9999 -9999 -9999 -9999 -9999 -9999 -9999 -9999 -9999 -9999 -9999 -9999 -9999 -9999 -9999 -9999 -9999 -9999 -9999 -9999 -9999 -9999 -9999 -9999 -9999 -9999 -9999 -9999 -9999 -9999 -9999 -9999 -9999 -9999 -9999 -9999 -9999 -9999 -9999 -9999 -9999 -9999 -9999 -9999 -9999 -9999 -9999 -9999 -9999 -9999 -9999 -9999
4108.24 4125.03 4126.476 4181.15 4204.146 4181.167 -9999 -9999 4185.678 4210.75 4273.94 4269.628 4285.949 4286.345 -9999 -9999 -9999 -9999 -9999 -9999 -9999 -9999 -9999 -9999 -9999 -9999 -9999 -9999 -9999 -9999 -9999 -9999 -9999 -9999 -9999 -9999 -9999 -9999 -9999 -9999 -9999 -9999 -9999 -9999 -9999 -9999 -9999 -9999 -9999 -9999 -9999 -9999 -9999 -9999 -9999 -9999 -9999 -9999 -9999 -9999 -9999 -9999 -9999 -9999 -9999 -9999 -9999 -9999 -9999 -9999
4434.18 4410.69 4333.53 4420.09 4438.74 4453.29 4370.94 4384.755 4298.586 4352.06 4372.19 4403.19 4426.78 4458.86 4423.384 4432.891 4406.75 4386.377 4395.18 4413.476 4493.552 4599.75 4786.13 4848.108 -9999 -9999 -9999 -9999 -9999 -9999 -9999 -9999 -9999 -9999 -9999 -9999 -9999 -9999 -9999 -9999 -9999 -9999 -9999 -9999 -9999 -9999 -9999 -9999 -9999 -9999 -9999 -9999 -9999 -9999 -9999 -9999 -9999 -9999 -9999 -9999 -9999 -9999 -9999 -9999 -9999 -9999 -9999 -9999 -9999 -9999
4959.54 4750.21 4587.71 4572.94 4620.25 4557.85 4520.53 4563.32 4615.83 4523.42 4545.87 4589.92 4672.29 4654.76 4627.65 4651.53 4640.14 4626.42 4624.02 4591.42 4769.14 4837.32 5084.36 5036.98 5169.49 5296.54 5373.9 -9999 -9999 -9999 -9999 -9999 -9999 -9999 -9999 -9999 -9999 -9999 -9999 -9999 -9999 -9999 -9999 -9999 -9999 -9999 -9999 -9999 -9999 -9999 -9999 -9999 -9999 -9999 -9999 -9999 -9999 -9999 -9999 -9999 -9999 -9999 -9999 -9999 -9999 -9999 -9999 -9999 -9999 -9999
5164.33 5086.96 5026.36 4903.61 4725.09 4741.54 4697.74 4726.48 4724.85 4746.43 4762.55 4885.98 4840.92 4819.56 4838.85 4879.43 4888.46 4899.11 4893.85 4894 5114.88 5251.92 5336.83 5275.23 5343.34 5437.61 5538.616 -9999 -9999 -9999 -9999 -9999 -9999 -9999 -9999 -9999 -9999 -9999 -9999 -9999 -9999 -9999 -9999 -9999 -9999 -9999 -9999 -9999 -9999 -9999 -9999 -9999 -9999 -9999 -9999 -9999 -9999 -9999 -9999 -9999 -9999 -9999 -9999 -9999 -9999 -9999 -9999 -9999 -9999 -9999
5102.56 5090.23 5080.31 5087.77 5063.26 5110.03 5084.57 4917.86 4938.11 5106.42 5261.42 5134.24 5162.95 5045.62 5023.16 5138.15 5065.66 5031.88 5096.05 5260.94 5329.06 5501.16 5556.84 5603.71 5658.62 5700.3 5725.587 -9999 5770.94 5792.518 -9999 -9999 -9999 -9999 -9999 -9999 -9999 -9999 -9999 -9999 -9999 -9999 -9999 -9999 -9999 -9999 -9999 -9999 -9999 -9999 -9999 -9999 -9999 -9999 -9999 -9999 -9999 -9999 -9999 -9999 -9999 -9999 -9999 -9999 -9999 -9999 -9999 -9999 -9999 -9999
5210.92 5136.83 5169.47 5223.82 5250.36 5266 5302.85 5273.71 5256.03 5248.14 5318.93 5279.41 5301.81 5375.99 5404.89 5502.52 5418.51 5391.09 5496.41 5587.07 5633.54 5649.89 5713.11 5766.73 5831.26 5848.78 5871.4 5872.59 5871 5877.11 5885.45 5872.699 5877.672 5890.3 5883.896 -9999 -9999 -9999 -9999 -9999 -9999 -9999 -9999 -9999 -9999 -9999 -9999 -9999 -9999 -9999 -9999 -9999 -9999 -9999 -9999 -9999 -9999 -9999 -9999 -9999 -9999 -9999 -9999 -9999 -9999 -9999 -9999 -9999 -9999 -9999
5416.51 5382.57 5321.37 5386.41 5423.76 5469.33 5425.33 5449.9 5486.07 5479.33 5433.8 5416.67 5444.6 5484.13 5530.69 5572.9 5656.65 5671.59 5705.15 5734.12 5819.02 5842.67 5896.08 5968.02 6009.28 6016.22 6008.27 6005.52 6002.45 5969.75 5998.05 5976.82 5965.61 5960 5944.72 5946.053 -9999 -9999 -9999 -9999 -9999 -9999 -9999 -9999 -9999 -9999 -9999 -9999 -9999 -9999 -9999 -9999 -9999 -9999 -9999 -9999 -9999 -9999 -9999 -9999 -9999 -9999 -9999 -9999 -9999 -9999 -9999 -9999 -9999 -9999
5635.81 5560.46 5558.72 5486.86 5499.3 5529.07 5615.27 5516.18 5596.68 5569.42 5612.25 5669.01 5705.19 5759.09 5789.29 5821.49 5865.44 5878.07 5902.04 5941.46 5986.78 6020.27 6061.61 6163.44 6232.73 6197.74 6191.2 6177.84 6148.03 6127.21 6109.79 6088.76 6077.53 6055.7 6041.17 6027.09 6009.817 6016.88 6006.667 6032.943 5994.505 5975.627 -9999 -9999 -9999 -9999 -9999 -9999 -9999 -9999 -9999 -9999 6413.76 6329.29 6270.026 6278.073 -9999 -9999 -9999 -9999 -9999 -9999 -9999 -9999 -9999 -9999 -9999 -9999 -9999 -9999
5793.47 5747.63 5648.62 5722.8 5728.35 5783.54 5762.43 5653.8 5659.28 5711.29 5785.78 5816.76 5863.4 5941.24 5951.78 5976.4 6007.8 6026.93 6055.54 6071.6 6108.26 6177.84 6235.27 6277 6320.06 6299.75 6284.46 6292.56 6288.01 6258.84 6209.35 6185.85 6183.67 6160.97 6139.24 6126.63 6097.64 6097.55 6054.48 6089.23 6123.15 6064.07 6107.076 -9999 -9999 -9999 6186.292 -9999 6176.981 -9999 -9999 -9999 6371.479 6428.64 6381.61 6351.34 6343.72 6395.061 6359 6370.727 -9999 -9999 -9999 -9999 -9999 -9999 -9999 -9999 -9999 -9999
5922.5 5866.61 5804.06 5807.23 5844.24 5876.28 5904.27 5890.64 5879.58 5894.69 5973 6022.67 6056.57 6097.08 6121.89 6139.74 6176.37 6198.47 6217.94 6247.39 6277.21 6318.39 6366.44 6423.88 6441.53 6373.48 6379.76 6395.23 6391.03 6346.77 6312.28 6303.24 6282.47 6266.76 6218.44 6194.15 6182.91 6172.54 6166.44 6175.04 6196.53 6191.17 6220.72 6189.82 6184.41 6242.59 6301.62 6249.64 6272.69 6256.05 6350.45 6251.09 6286.31 6326.92 6340.98 6349.09 6409.83 6543.01 6464.56 6470.06 6393.186 -9999 -9999 -9999 -9999 -9999 -9999 -9999 -9999 -9999
6036.71 6026.57 6045.96 6035.92 6035.72 6041.9 6042.64 6023.13 6017.19 6051.5 6080.83 6120.28 6180.86 6226.29 6293.81 6326.08 6356.86 6374.25 6384.69 6406.85 6433.84 6447 6481.9 6545.67 6554.88 6524 6528.42 6518.61 6498.96 6467.69 6413.63 6376.16 6320.21 6323.41 6301.14 6264.84 6253.07 6241.63 6241.69 6240.93 6246.53 6262.52 6282.74 6296.2 6331.11 6411.73 6402.29 6305.56 6339.75 6435.09 6373.03 6350.13 6426.87 6425.93 6406.55 6360.54 6380.42 6548.27 6625.34 6546.59 6452.2 -9999 -9999 -9999 -9999 -9999 -9999 -9999 -9999 -9999
6203.21 6208.13 6208.35 6185.52 6195.65 6186.5 6170.53 6192.55 6193.09 6227.93 6247.1 6276.49 6341.11 6393.42 6458.76 6511.6 6518.4 6504.2 6526.03 6527.19 6551.12 6588.16 6586.51 6625.12 6629.87 6643.98 6623.99 6616.65 6575.86 6527.39 6479.56 6453.88 6396.56 6380.3 6380.76 6347.47 6328.31 6303.15 6304.6 6304.99 6313.24 6311.46 6335.77 6385.16 6426.98 6512.81 6489.01 6468.39 6499.91 6517.95 6468.33 6543.7 6618.34 6534.46 6432.13 6466.64 6479.85 6635.52 6597.53 6533.99 6529.38 -9999 -9999 6448.111 6451.989 6470.809 6558.907 6583.353 -9999 -9999
6350.59 6340.72 6330.25 6334.46 6336.5 6335.12 6345.83 6353.01 6376.36 6387.71 6403.35 6435.36 6472.52 6517.81 6577.8 6624.2 6651.17 6655.05 6650.43 6641.14 6653.64 6675.21 6684.64 6703.36 6714.9 6718.26 6710.9 6702.54 6688.25 6639.79 6592.16 6530.66 6491.04 6455.36 6449.16 6425.95 6384.79 6364.08 6357.61 6371.1 6367.53 6388.57 6407.22 6439.02 6496.95 6591.4 6640.34 6664.75 6647.92 6633.9 6593.67 6574.29 6680.58 6681.8 6669.21 6701.26 6668.87 6725.23 6552.94 6616.75 6726.8 6751.18 6664.71 6637.84 6632.42 6630.03 6611.7 6529.452 -9999 6415.45
6443.31 6449.51 6453.99 6449.66 6451.34 6447.27 6452.23 6465.28 6473.08 6492.77 6534.28 6535.7 6548.97 6598.59 6625.53 6649.38 6700.44 6701.5 6774.06 6774.71 6763.72 6762.48 6776.83 6787.62 6808.87 6806.69 6796.12 6783.44 6762.2 6733.65 6698.77 6659.91 6615.87 6564.36 6551.25 6526.43 6479.19 6440.14 6417.13 6414.85 6430.05 6438.54 6460.96 6491.12 6551.5 6649.14 6739.67 6695.93 6771.61 6709.49 6802.13 6724.64 6835.28 6767.89 6703.36 6845.22 6857.72 6656.62 6635.53 6704.94 6830.4 6715.27 6607.19 6569.6 6549.91 6587.83 6556.84 6522.62 6512.21 6537.15
6560.01 6563.28 6549.13 6533.13 6527.57 6518.5 6517.19 6525.03 6536.52 6593.17 6618.55 6628.36 6685.4 6674.86 6704.74 6687.31 6752.02 6785.11 6852.15 6879.52 6883.26 6875.54 6862.49 6868.3 6887.91 6878.01 6868.69 6867.9 6857.34 6843.09 6797.38 6767.48 6725.08 6667.47 6635.24 6615.78 6564.46 6522.61 6469.34 6442.62 6465.38 6496.17 6541.47 6575.4 6628.46 6673.57 6819.45 6818.03 6933.87 6909.76 6868.46 6859.26 6968.53 6849.19 6942.15 7000.97 6822.34 6676.33 6758.02 6854.85 6811.52 6676.65 6619.39 6592.39 6601.66 6616.65 6674.54 6615.1 6617.74 6618.57
6659.55 6656.24 6657.59 6656.11 6649.46 6660.88 6663.03 6657.48 6685.02 6695.08 6684.64 6704.59 6742.95 6720.54 6713.42 6750.41 6808.01 6828.08 6877.54 6920.5 6928.84 6969.5 6958.26 6956.89 6945.37 6945.57 6949.1 6936.88 6916.41 6903.18 6890.09 6860.08 6818.91 6788.42 6744.29 6706.97 6655.02 6600.69 6571.13 6539.94 6486.28 6557.23 6632.06 6683.24 6761.4 6825.21 6937.13 6922.47 6985.88 6930.11 6960.37 6959.98 7055.59 6955.81 7111.72 7077.31 7021.58 6850.78 6798.21 6879.51 6800.74 6732.97 6689.56 6742.69 6690.05 6622.31 6721.87 6681.18 6654.27 6638.67
6744.88 6755.95 6759.29 6758.31 6775.5 6763.67 6722.85 6717.68 6721.97 6719.47 6726.11 6730.89 6752.77 6755.34 6802.35 6847.31 6852.99 6899.78 6939.4 7010.35 7039.05 7046.43 7039.53 7024.27 7006.31 7006.21 7021.36 7015.54 6988.18 6987.06 6965.65 6919.37 6881.05 6857.95 6846.99 6789.98 6756.26 6690.46 6677.07 6639.28 6597.13 6664.21 6735.07 6782.32 6874.73 6969.44 7052.13 6958.2 6958.27 6986.68 7099.13 7081.56 6987.29 6956.21 7101.72 6920.74 6934.96 6949.02 6981.05 6983.6 6929.22 6876.56 6832.61 6796.1 6760.46 6756.85 6741.65 6707.48 6671.55 6628.34
6834.08 6832.87 6843.87 6832.49 6861.16 6861.98 6875.74 6880.4 6867.67 6824.52 6857.31 6821.7 6868.55 6889.44 6930.72 6907.02 6908.62 6951.55 6989.04 7057.44 7088.21 7094.09 7096.21 7111.29 7106.31 7072.82 7071.63 7080.62 7068.25 7063.31 7045.19 6990.87 6931.7 6934.81 6940.01 6904.6 6825.31 6790.91 6781.13 6776.35 6748.82 6762.63 6833.51 6875.36 6982.42 7065.67 7128.99 7157.79 7167.24 7122.86 7159.76 7216.24 7102.83 7163.25 7166.53 7032.37 7120.81 7090.69 7042.01 6983.57 6927.43 6863.65 6848.76 6821.18 6787.08 6765.01 6740.86 6699.09 6686.61 6634.37
6916.48 6928.55 6928.52 6931.58 6939.75 6948.9 6940.21 6943.96 6944.15 6953.72 6982.31 6980.26 7009.18 7010.49 7038.5 7048.17 7035.56 7032.49 7054.41 7080.64 7082.43 7110.9 7132.93 7154.42 7137.55 7133.9 7134.34 7139.99 7137.09 7143.03 7107.66 7071.15 7050.43 7045.53 7047.83 6990.64 6917.49 6833.85 6859.63 6855.33 6887.02 6895.95 6932.58 6932.65 7035.44 7142.23 7211.46 7290.29 7340.05 7369.67 7396.23 7358.62 7310.44 7297.21 7303.7 7238.86 7185.47 7111.95 7045.62 6987.47 6924.95 6869.77 6825.97 6805.22 6769.44 6732.76 6695.27 6673.62 6658.85 6605.32
7004.53 7008.43 7017.93 7026.86 7024 7033.91 7032.04 7035.06 7030.6 7039.92 7054.65 7060.93 7069.04 7097.89 7114.86 7114.75 7114.15 7107.86 7116.48 7119.63 7109.59 7021.19 7056.62 7165.92 7180.56 7181.26 7184.01 7169.14 7184.82 7189.01 7191.23 7186.23 7168.31 7161.91 7130.83 7056.19 6992.51 6904.5 6889.99 6922.5 6945.75 6968.89 7001.79 7054.87 7124.98 7204.96 7266.32 7359.81 7456.31 7543.21 7543.34 7577.21 7537.63 7477.27 7387.57 7284.18 7194.21 7105.54 7031.51 6967.79 6909.03 6865.1 6811.56 6778.35 6743.62 6688.71 6660.81 6639.43 6615.52 6589.99
7071.9 7086.09 7091.28 7092.18 7102.08 7112.08 7105.08 7121.49 7118.96 7138.61 7144.92 7133.29 7156.55 7164.71 7175.15 7190.28 7175.54 7188.99 7185.39 7174.52 7136.42 7114.9 7064.41 7101.35 7173.7 7202.49 7218.18 7232.46 7239.83 7242.15 7256.87 7287.54 7306.59 7267.81 7207.16 7118.35 7046.13 6989.81 6947.05 6941.82 6974.55 7025.75 7072.4 7112.56 7172.25 7252.06 7332.09 7411.8 7506.1 7579.51 7605.38 7718.74 7648.73 7534.14 7411.12 7281.32 7180.81 7080.56 6997.07 6930.72 6869.22 6819.92 6773.88 6740.47 6699.93 6635.84 6599.9 6621.36 6593.34 6558.77
7145.74 7156.4 7180.23 7175.53 7175.46 7189.33 7188.34 7198.34 7206.28 7204.84 7225.23 7220.88 7217.18 7226.87 7240.35 7248.21 7244 7243.52 7241.09 7216.19 7195.38 7190.99 7197.96 7204.32 7223.84 7228.41 7234.65 7268.63 7276.86 7274.95 7262.34 7316.09 7351.62 7320.56 7256.99 7194.44 7151.49 7110.24 7062.28 7016.82 6990.94 7039.33 7076.29 7093.72 7174.17 7250.93 7319.52 7415.18 7509.37 7605.38 7705.42 7773.44 7673.09 7518.99 7376.02 7245.03 7134.33 7041.72 6945.42 6881.81 6832.13 6778.99 6721.54 6677.47 6650.56 6625.85 6550.5 6581.42 6541.05 6476.93
7210.43 7223.59 7229.55 7232.29 7252.72 7255.25 7265.95 7264.59 7283.99 7279.03 7295.28 7284.99 7289.04 7288.54 7297.1 7295.07 7278.94 7291.05 7282.62 7254 7254.71 7252.02 7242.99 7226.47 7265.56 7273.63 7280.2 7306.51 7294.96 7294.4 7257.46 7301.14 7290.2 7270.8 7259.28 7221.61 7181.5 7153.92 7111.25 7103.76 7098.39 7081.46 7109.16 7153.26 7185.31 7248.7 7303.34 7387.91 7476.09 7536.58 7612.69 7655.48 7586.74 7449.42 7309.46 7189.24 7066.56 6978.74 6905.84 6846.02 6797.14 6741.05 6671.03 6615.18 6582.95 6541.86 6467.16 6470.02 6449.59 6372.59
7249.46 7290.8 7284.09 7291.6 7301.57 7298.85 7318.68 7326.39 7319.79 7329.31 7338.01 7339.3 7357.92 7333.49 7333.82 7324.68 7322.09 7335.81 7328.57 7312.6 7304.99 7307.88 7303.37 7285.07 7264.54 7298.44 7301.84 7318.29 7313 7289.49 7290.77 7280.06 7231.83 7229.06 7240.04 7240.11 7203.06 7169.23 7151.72 7134.37 7125.05 7109.26 7116.71 7158.94 7190.25 7219.34 7276.54 7332.22 7374.65 7437.92 7495.38 7486.57 7400.04 7278.16 7175.97 7077.33 6990.43 6894.82 6824.19 6793.23 6739.66 6706.35 6656.25 6580.88 6479.92 6432.41 6402.55 6346.42 6334.75 6312.76
7333.41 7338.03 7336.58 7334.2 7332.55 7326.09 7333.77 7330.54 7339.1 7368.09 7367.59 7368.93 7371.98 7377.45 7386.55 7373.14 7392.99 7399.41 7383.88 7352.55 7340.38 7346.1 7349.29 7333.77 7332.76 7281.35 7251.29 7228.26 7276.89 7279.14 7261.58 7247.76 7206.8 7238.42 7248.56 7235.53 7201.12 7174.6 7155.95 7120.64 7125.01 7116.71 7114.97 7133.23 7171.88 7195.93 7230.95 7266.32 7321.47 7344.14 7340.94 7291.92 7208.28 7124.81 7046.73 6975.58 6911.5 6817.48 6732.32 6669.58 6612.32 6632.85 6560.01 6442 6402.88 6398.2 6433.87 6339.18 6217.12 6166.404
7396.91 7384.87 7336.83 7315.56 7317.43 7328.96 7338.16 7356.57 7382.35 7411.88 7411.5 7417.42 7405.91 7409.02 7407.37 7415.41 7426.39 7429.3 7425.77 7408.1 7395.55 7374.77 7367.18 7355.55 7341.99 7295.11 7260.26 7229.36 7220.02 7250.16 7228.09 7209.01 7199.44 7220.21 7229.55 7214.51 7198.42 7172.14 7146.64 7115.9 7102.89 7098.57 7093.03 7093.16 7102.99 7140.68 7167.75 7195.16 7203.68 7209.12 7211.44 7182.82 7128.13 7016.22 6942.15 6892.35 6839.37 6767.81 6553.7 6484.24 6474.37 6459.53 6369.11 6322.83 6325.43 6291.22 6340.847 6269.778 6140.441 -9999
7431.59 7360.49 7252.79 7262.48 7321.09 7358.99 7335.72 7391.21 7452.68 7461.22 7466.25 7468.92 7440.93 7460.17 7447.46 7452.74 7452.47 7455.32 7435.73 7416.58 7398 7376.29 7369.15 7327.29 7312.2 7297.9 7265.42 7227.99 7199.72 7188.23 7181.21 7182.05 7200.63 7216.48 7200.15 7201.85 7183.85 7156.03 7128.13 7099.79 7082.23 7072.41 7056.02 7052.11 7067.78 7076.24 7080.51 7090.23 7097.59 7080.53 7037.78 7021.9 6990.91 6921.64 6879.39 6805.11 6677.59 6542.69 6325.7 6291.41 6277.38 6277.643 6228 6239.318 -9999 -9999 -9999 -9999 -9999 -9999
