layers/wordclim/future/Iberia_wcB2a_10_hadcm3_2050/bio_09.asc
ncols         166
nrows         93
xllcorner     -9.4959440078468
yllcorner     36.000324005443
cellsize      0.083333337679505
NODATA_value  -9999
[rows 33 to 65 of 93, columns 73 to 145 of 166]
238.05 245.59 245.52 246.44 248.45 251.67 248.68 245.74 240.31 235.95 234.93 234.69 232.97 231.71 227.62 223.94 222.31 223.1 225.84 227.24 226.96 225.76 121.7 51.24 49.09 54.28 47.42 86.65 89.48 46.58 53.2 63.08 134.41 224.9 245.85 244.14 249.99 256.28 262.66 261.94 255.88 257.2 261.44 259.32 263 260.66 276.6 273.25 270.35 272.03 268.64 270.54 -9999 -9999 -9999 -9999 -9999 -9999 -9999 -9999 -9999 -9999 -9999 -9999 -9999 -9999 -9999 -9999 -9999 -9999 -9999 -9999 -9999
254.3 250.51 252.42 255.58 253.58 249.03 243.36 241.45 241.99 240.42 238.31 235.5 233.35 237.26 231.91 230.07 224.52 229.57 227.33 224.61 224.65 224.2 151.58 47.88 51.39 53.62 47.69 45.49 41.16 49.25 46.67 50.46 76.3 213.07 236.73 241.38 244.56 250.85 257.78 250.03 246.95 252.14 256.44 254.48 249.18 253.71 279.1 278.52 264.24 276.0707 -9999 -9999 -9999 -9999 -9999 -9999 -9999 -9999 -9999 -9999 -9999 -9999 -9999 -9999 -9999 -9999 -9999 -9999 -9999 -9999 -9999 -9999 -9999
253.56 253.98 257.44 260.76 255.89 247.38 245.44 244.62 247.25 246.14 238.91 237.7 239.68 237.26 233.82 233.27 230.44 228.5 226.92 226.94 222.32 220.34 187.33 50.03 53.26 49.91 58.34 49.42 46.61 44.74 102.07 99.68 126.06 191.14 226.46 230.88 236.79 250.48 248.56 250.43 243.79 247.97 242.73 238.48 230.1 257.83 282.54 282.25 279.62 283.2394 -9999 -9999 -9999 -9999 -9999 -9999 -9999 -9999 -9999 -9999 -9999 -9999 -9999 -9999 -9999 -9999 -9999 -9999 -9999 -9999 -9999 -9999 -9999
259.71 258.3 262.68 260.11 249.93 249.2 248.29 244.24 251.22 254.5 252.43 248.08 240.42 229.58 225.96 223.25 226.41 224.92 220.74 221.06 217.74 219.46 218.51 100.22 53.17 47.6 56.88 35.15 34.87 61.01 54.53 102 123.43 208.56 225.52 230.38 239.97 242.29 243.73 239.29 233.4 233.48 227.46 238.79 246.8 270.23 280.11 282.92 284.701 283.8065 282.3372 281.6956 -9999 -9999 -9999 -9999 -9999 -9999 -9999 -9999 -9999 -9999 -9999 -9999 -9999 -9999 -9999 -9999 -9999 -9999 -9999 -9999 -9999
264.92 263.2 266.47 257.2 254.14 254.67 248.36 246.17 254.8 250.46 244.91 239.5 238.02 234 228.45 223.89 222.12 221.68 219.55 216.05 210.04 215.88 215.23 194.86 58.85 46.78 47.68 36.22 40.04 39.22 90.72 139.51 200.32 215.27 218.32 217.09 229.78 236.28 241.54 238.08 232.55 236 242.69 255.32 268.94 275.11 276.66 273.1596 -9999 -9999 -9999 -9999 -9999 -9999 -9999 -9999 -9999 -9999 -9999 -9999 -9999 -9999 -9999 -9999 -9999 -9999 -9999 -9999 -9999 -9999 -9999 -9999 -9999
270.02 270.02 261.55 256.47 260.4 254.62 250.34 252.51 258.7 250.71 249.5 247.15 248.82 245.26 238.92 231.24 224.98 213.56 214.08 210.06 205.66 210.38 214.13 218.14 101.15 47.19 41.92 37.93 44.61 71.93 209.3 164.01 208.94 210.64 209.82 206.32 221.59 228.09 234.98 235.55 233.27 242.55 251.94 266.13 272.9 278.44 280.68 -9999 -9999 -9999 -9999 -9999 -9999 -9999 -9999 -9999 -9999 -9999 -9999 -9999 -9999 -9999 -9999 -9999 -9999 -9999 -9999 -9999 -9999 -9999 -9999 -9999 -9999
272.43 264.57 259.37 260.59 259.48 254.54 255.83 260.67 261.4 258.38 260.78 257.63 255.9 246.1 241.29 231.93 224.37 217.87 211.81 210.85 206.34 208.68 215.44 218.38 154.07 45.97 45.19 41.57 46.06 126.51 213.04 212.01 206.99 198.14 200.49 206.49 210.78 222.99 227.99 231.55 236.42 252.21 261.91 267.59 273.4 280.64 283.1 -9999 -9999 -9999 -9999 -9999 -9999 -9999 -9999 -9999 -9999 -9999 -9999 -9999 -9999 -9999 -9999 -9999 -9999 -9999 -9999 -9999 -9999 -9999 -9999 -9999 -9999
269.68 263.82 262.85 265.69 261.73 262.18 267.26 263.61 264.77 255.71 252.69 258.26 252.62 250.78 246.52 241.85 227.55 222.53 215.54 210.57 208.99 214.1 221.46 222.69 174.9 49.82 49.5 52.51 45.9 125.34 187.73 209.72 208.5 196.32 198.15 206.52 215.81 228.15 241.59 243.62 251.19 258.19 267.65 265.7 273.07 279.0241 -9999 -9999 -9999 -9999 -9999 -9999 -9999 -9999 -9999 -9999 -9999 -9999 -9999 -9999 -9999 -9999 -9999 -9999 -9999 -9999 -9999 -9999 -9999 -9999 -9999 -9999 -9999
269.44 267.42 268.61 265.57 265.27 269.99 265.42 259.52 263.96 261.06 255.46 254.09 250.2 248.2 244.61 240.31 228.93 220.57 218.08 220.48 209.24 212.86 215.12 217.73 223.66 164.28 53.01 55.99 78.64 154.19 106.87 187.08 219.95 209.55 215.06 214.82 221.34 229.87 246.55 253.2 254.05 257.47 272.53 275.22 272.4146 -9999 -9999 -9999 -9999 -9999 -9999 -9999 -9999 -9999 -9999 -9999 -9999 -9999 -9999 -9999 -9999 -9999 -9999 -9999 -9999 -9999 -9999 -9999 -9999 -9999 -9999 -9999 -9999
274.91 272.52 270.08 270.68 273.47 271.33 260.3 258.45 261.62 254.41 255.47 254.72 253.33 247.91 240.83 246.42 231.66 228.9 226.2 216.38 217.25 216.53 222.87 215 229.99 212.5 82.39 86.59 158.79 166.72 148.4 227.14 236.89 232.61 228.14 234.72 233.17 236.94 256.65 266.2 264.77 267.73 272.36 281.3553 -9999 -9999 -9999 -9999 -9999 -9999 -9999 -9999 -9999 -9999 -9999 -9999 -9999 -9999 -9999 -9999 -9999 -9999 -9999 -9999 -9999 -9999 -9999 -9999 -9999 -9999 -9999 -9999 -9999
272.46 273.03 275.76 278.01 274.77 269.17 260.78 258.57 259.15 254.96 253.01 252.43 247.87 247.75 248.05 246.7 235.09 227.26 226.1 227.18 226.15 228.86 227.36 224.45 233.16 238.33 221.66 222.96 210.26 213.62 231.09 242.08 244.45 246.67 247.86 244.43 247.98 252.79 260.57 269.15 267.9 268.45 277.2046 -9999 -9999 -9999 -9999 -9999 -9999 -9999 -9999 -9999 -9999 -9999 -9999 -9999 -9999 -9999 -9999 -9999 -9999 -9999 -9999 -9999 -9999 -9999 -9999 -9999 -9999 -9999 -9999 -9999 -9999
280.82 280.9 277.85 273.12 270.5 267.39 263.03 260.06 258.88 256.61 252.49 252.11 246.91 249.64 253.62 249.34 242.33 232.63 237.23 236.57 232.04 236.23 233.07 226.97 234.64 248.37 238.89 224.4 211.39 217.03 229.78 235.23 241.44 241.65 251.66 254.72 260.51 265.85 271.84 271.87 272.18 275.2836 -9999 -9999 -9999 -9999 -9999 -9999 -9999 -9999 -9999 -9999 -9999 -9999 -9999 -9999 -9999 -9999 -9999 -9999 -9999 -9999 -9999 -9999 -9999 -9999 -9999 -9999 -9999 -9999 -9999 -9999 -9999
275.03 274.7 271.64 269.79 269.07 267.69 264.46 261.21 263.05 261.02 256.94 254.89 252.47 253.62 251.1 248.97 245.71 242.34 246.22 244.61 243.31 238.31 236.26 237.08 241.3 245.31 248.68 241.77 232.06 225.02 217.5 228.28 242.55 249.13 253.12 251.28 257.19 267.75 274.96 277.39 279.7938 -9999 -9999 -9999 -9999 -9999 -9999 -9999 -9999 -9999 -9999 -9999 -9999 -9999 -9999 -9999 -9999 -9999 -9999 -9999 -9999 -9999 -9999 -9999 -9999 -9999 -9999 -9999 -9999 -9999 -9999 -9999 -9999
276.92 275.52 273.83 272.99 272.08 269.27 266.74 265.04 264.16 262.04 261.31 257.57 257.1 257.79 251.53 247.34 245.13 243.69 247.59 244.5 248.04 240.87 235.53 240.29 245.68 242.81 245.78 251.51 246.99 241.25 234.02 230.83 243.78 253.56 262.27 263.92 257.11 261.61 273.08 279.3535 -9999 -9999 -9999 -9999 -9999 -9999 -9999 -9999 -9999 -9999 -9999 -9999 -9999 -9999 -9999 -9999 -9999 -9999 -9999 -9999 -9999 -9999 -9999 -9999 -9999 -9999 -9999 -9999 -9999 -9999 -9999 -9999 -9999
279.58 277.49 276.19 275.99 273.46 271.76 267.49 265.14 264.03 265.64 263.25 259.89 259.52 260.75 257.13 253.43 245.8 246.05 249.15 248.07 248.53 249.04 247.8 248.41 245.17 243.91 250.54 257.87 256.11 251.77 248.29 252.63 251.79 253.89 256.49 265.51 270.26 270.8 278.35 -9999 -9999 -9999 -9999 -9999 -9999 -9999 -9999 -9999 -9999 -9999 -9999 -9999 -9999 -9999 -9999 -9999 -9999 -9999 -9999 -9999 -9999 -9999 -9999 -9999 -9999 -9999 -9999 -9999 -9999 -9999 -9999 -9999 -9999
279.87 279.56 277.89 276.95 275.67 273.48 270.37 268.63 265.23 266.69 264.27 260.19 260.84 263.14 261.47 255.13 251.65 250.03 249.45 250.73 252.83 255.7 255.5 251.77 243.18 249.56 250.89 254.2 259.81 266.25 265.75 267.21 270.41 271.21 267.55 261.12 269.44 276.7 280.5132 -9999 -9999 -9999 -9999 -9999 -9999 -9999 -9999 -9999 -9999 -9999 -9999 -9999 -9999 -9999 -9999 -9999 -9999 -9999 -9999 -9999 -9999 -9999 -9999 -9999 -9999 -9999 -9999 -9999 -9999 -9999 -9999 -9999 -9999
280.31 281.56 280.46 279.01 277.43 273.39 269.7 271.36 270.37 266.34 267.57 262.84 262.22 263.82 263.03 261.3 255.45 255.75 253.78 252.44 251.18 255.28 258.43 252.47 250.5 254.72 251.68 245.36 247.97 258.71 269.7 272.97 276.34 277.33 276.6 275.85 275.44 279.2234 -9999 -9999 -9999 -9999 -9999 -9999 -9999 -9999 -9999 -9999 -9999 -9999 -9999 -9999 -9999 -9999 -9999 -9999 -9999 -9999 -9999 -9999 -9999 -9999 -9999 -9999 -9999 -9999 -9999 -9999 -9999 -9999 -9999 -9999 -9999
282.83 282.47 282.2 280.5 279.41 277.47 274.08 274.87 272.71 269.08 268.31 267.51 266.95 265.84 261.79 261.61 258.34 256.25 259.4 257.7 257.27 257.52 262.06 257.86 256.16 256.44 258.62 255.56 254.93 253.26 253.6 266.5 275.44 277.79 278.42 278.11 280 -9999 -9999 -9999 -9999 -9999 -9999 -9999 -9999 -9999 -9999 -9999 -9999 -9999 -9999 -9999 -9999 -9999 -9999 -9999 -9999 -9999 -9999 -9999 -9999 -9999 -9999 -9999 -9999 -9999 -9999 -9999 -9999 -9999 -9999 -9999 -9999
284.2 283.86 282.43 279.55 280.23 280.2 277.89 277.07 276.02 274.31 272.94 270.19 269.52 265.39 260.09 263.18 261.76 259.57 258.73 262.38 261.28 262.84 267.18 262.82 261.27 263.57 264.83 262.28 257.28 255.71 256.04 264.76 273.75 277.15 279.56 280.54 280.81 -9999 -9999 -9999 -9999 -9999 -9999 -9999 -9999 -9999 -9999 -9999 -9999 -9999 -9999 -9999 -9999 -9999 -9999 -9999 -9999 -9999 -9999 -9999 -9999 -9999 -9999 -9999 -9999 -9999 -9999 -9999 -9999 -9999 -9999 -9999 -9999
285.1 285.32 284.5 282.23 282.52 281.93 279.91 279.15 278 276.3 275.41 273.62 272.61 270.17 268.72 268.69 266.61 264.31 262.77 264.53 264.56 263.98 265.46 271.07 271.57 269.6 268.56 263.49 261.73 261.3 264.4 271.82 275.51 277.17 278.2 281.35 282.55 -9999 -9999 -9999 -9999 -9999 -9999 -9999 -9999 -9999 -9999 -9999 -9999 -9999 -9999 -9999 -9999 -9999 -9999 -9999 -9999 -9999 -9999 -9999 -9999 -9999 -9999 -9999 -9999 -9999 -9999 -9999 -9999 -9999 -9999 -9999 -9999
286.17 286.52 285.89 284.58 283.7 282.84 280.96 279.75 278.6 277 275.89 275 273.65 272.09 270.72 268.63 266.87 268.39 267.45 267.19 266.48 266.08 265.55 264.14 265.75 268.37 268.81 268.5 265.48 263.45 268.05 266.97 267.71 277.3 279.13 282.45 283.77 283.7778 -9999 -9999 -9999 -9999 -9999 -9999 -9999 -9999 -9999 -9999 -9999 -9999 -9999 -9999 -9999 -9999 -9999 -9999 -9999 -9999 -9999 -9999 -9999 -9999 -9999 -9999 -9999 -9999 -9999 -9999 -9999 -9999 -9999 -9999 -9999
287 286.38 285.77 285 284.45 283.16 281.84 279.84 277.81 276.04 275.08 273.78 274.2 272.91 270.75 266.13 265.38 267.84 269.79 269.6 269.11 268.06 268.75 267.2 265.26 263.33 261.19 265.31 271.18 259.06 257.96 267.53 272.76 275.88 283.85 284.54 284.86 284.5555 -9999 -9999 -9999 -9999 -9999 -9999 -9999 -9999 -9999 -9999 -9999 -9999 -9999 -9999 -9999 -9999 -9999 -9999 -9999 -9999 -9999 -9999 -9999 -9999 -9999 -9999 -9999 -9999 -9999 -9999 -9999 -9999 -9999 -9999 -9999
287.87 287.16 286.13 284.99 284.38 282.26 279.96 277.5 275.54 273.87 272.74 270.94 271.6 272 270.32 267.29 265.64 265.39 271.21 270.74 270.8 270.43 267.96 265.08 260.59 255.18 256.78 260.59 268.12 255.31 259.91 272.95 277.17 280.56 285.65 285.29 280.24 281.83 -9999 -9999 -9999 -9999 -9999 -9999 -9999 -9999 -9999 -9999 -9999 -9999 -9999 -9999 -9999 -9999 -9999 -9999 -9999 -9999 -9999 -9999 -9999 -9999 -9999 -9999 -9999 -9999 -9999 -9999 -9999 -9999 -9999 -9999 -9999
288.38 286.84 285 283.85 281.91 278.97 274.42 272.44 271.05 269.88 269.63 266.91 267.38 270.11 271.17 270.87 267.49 266.77 267.34 270.84 269.73 265.2 262.15 257.1 253.26 249.44 254.3 259.43 265.08 255.16 259.65 267.76 275.79 281.51 284.12 284.16 276.26 275.74 284.7654 -9999 -9999 -9999 -9999 -9999 -9999 -9999 -9999 -9999 -9999 -9999 -9999 -9999 -9999 -9999 -9999 -9999 -9999 -9999 -9999 -9999 -9999 -9999 -9999 -9999 -9999 -9999 -9999 -9999 -9999 -9999 -9999 -9999 -9999
288.26 286.38 282.89 280.46 277.48 275.6 275.43 272.39 270.13 267.06 264.97 262.88 264.46 268.64 271.35 268.23 268 268 266.55 268.2 262.97 259.82 258.48 254.11 254.3 257.72 258.99 260.34 258.65 251.51 258.24 266.05 272.96 277.96 279.93 280.3 274.36 272.01 284.11 287.0536 -9999 -9999 -9999 -9999 -9999 -9999 -9999 -9999 -9999 -9999 -9999 -9999 -9999 -9999 -9999 -9999 -9999 -9999 -9999 -9999 -9999 -9999 -9999 -9999 -9999 -9999 -9999 -9999 -9999 -9999 -9999 -9999 -9999
288.6 286.79 284.03 281.17 279.4 275.5 273.73 273.21 270.18 268.51 266.24 264.13 263.92 267.35 268.24 269.75 268.05 267.88 266.03 268.13 265.95 262.8 260.42 258.89 259.32 260.39 260.97 263.45 262.73 258.47 261.69 268.88 268.48 271.08 277.99 278.31 273.16 270.22 273.92 283.54 286.2388 -9999 -9999 -9999 -9999 -9999 -9999 -9999 -9999 -9999 -9999 -9999 -9999 -9999 -9999 -9999 -9999 -9999 -9999 -9999 -9999 -9999 -9999 -9999 -9999 -9999 -9999 -9999 -9999 -9999 -9999 -9999 -9999
288.21 284.89 283.76 282.91 280.54 276.43 273.49 272.11 270.41 268.06 266.93 266.17 266.57 266.1 267.13 265.93 265.34 267.11 263.36 267.14 265.47 263.12 261.28 260.52 261.32 263.39 260.62 258.3 259.54 263.73 268.55 263.94 263.71 267.07 262.33 263.06 269.7 259.47 260.09 267.56 279.28 282.33 282.5361 -9999 -9999 -9999 -9999 -9999 -9999 -9999 -9999 -9999 -9999 -9999 -9999 -9999 -9999 -9999 -9999 -9999 -9999 -9999 -9999 -9999 -9999 -9999 -9999 -9999 -9999 -9999 -9999 -9999 -9999
288.06 286.28 284.49 282.88 280.9 278.22 274.84 271.31 270.37 271.51 270.14 265.23 260.6 256.98 256.28 256.05 260.32 265.23 267.32 266.2 266.47 266.1 266.06 265.97 261.93 264.96 266.09 264.37 264.24 271.04 266.53 262.7 259.61 253.76 252.96 259.89 261.89 249.66 256.32 259.23 268.15 277.46 280.8554 -9999 -9999 -9999 -9999 -9999 -9999 -9999 -9999 -9999 -9999 -9999 -9999 -9999 -9999 -9999 -9999 -9999 -9999 -9999 -9999 -9999 -9999 -9999 -9999 -9999 -9999 -9999 -9999 -9999 -9999
288.72 285.87 281.94 282.64 280.88 279.31 274.54 275.69 274.89 278.7 270 258.95 252.26 258 255.85 258.87 263.13 267.77 270.27 272.2 272.73 272.14 271.67 270.14 266.74 264.43 266.58 269.82 269.72 271.52 272.43 265.18 256.21 257.97 248.75 249.79 250.74 252.96 254.14 276.84 277.0263 -9999 -9999 -9999 -9999 -9999 -9999 -9999 -9999 -9999 -9999 -9999 -9999 -9999 -9999 -9999 -9999 -9999 -9999 -9999 -9999 -9999 -9999 -9999 -9999 -9999 -9999 -9999 -9999 -9999 -9999 -9999 -9999
285.98 285.01 284.04 283.72 284.18 278.77 280.35 283.59 281.7 273.79 257.73 253.19 252.14 258.47 265.53 267.63 271.48 275.75 276.18 275.9 277.97 280.27 278.17 273.91 272.95 269.63 268.39 272.59 269.61 265.24 272.29 269.02 254.6 261.89 261.59 268.45 262.39 276.91 280.2 283.2064 -9999 -9999 -9999 -9999 -9999 -9999 -9999 -9999 -9999 -9999 -9999 -9999 -9999 -9999 -9999 -9999 -9999 -9999 -9999 -9999 -9999 -9999 -9999 -9999 -9999 -9999 -9999 -9999 -9999 -9999 -9999 -9999 -9999
288.56 288.72 288.94 286.25 283.84 283.9 286.94 285.78 279.16 272.89 268.39 259.75 257.33 266.85 271.18 274.6 278.58 276.34 280.04 284.06 284.81 283.5 279.87 275.02 276.45 276.34 272.37 264.71 267.78 270.5 273.35 276.13 267.64 272.88 278.64 283.23 281.9865 -9999 -9999 -9999 -9999 -9999 -9999 -9999 -9999 -9999 -9999 -9999 -9999 -9999 -9999 -9999 -9999 -9999 -9999 -9999 -9999 -9999 -9999 -9999 -9999 -9999 -9999 -9999 -9999 -9999 -9999 -9999 -9999 -9999 -9999 -9999 -9999
293.56 295.67 293.89 290.74 289.31 289.89 292.55 288.76 282.21 278.12 265.37 258.19 265.81 278.5 281.79 279.07 278.3 282.4 286.17 284.08 285.83 286.75 285.17 285.38 281.21 277.88 278.49 272.96 272.6 268.14 275.17 282.23 282.68 283.09 286.9 287.859 -9999 -9999 -9999 -9999 -9999 -9999 -9999 -9999 -9999 -9999 -9999 -9999 -9999 -9999 -9999 -9999 -9999 -9999 -9999 -9999 -9999 -9999 -9999 -9999 -9999 -9999 -9999 -9999 -9999 -9999 -9999 -9999 -9999 -9999 -9999 -9999 -9999
302.94 300.43 294.76 292.48 293.76 297.3 285.81 275.35 281.1 263.03 254.83 264.93 265.73 271.26 268.73 264.69 263.99 271.39 278.12 287.32 290.28 288.56 289.8 291.96 286.59 282.16 272.46 273.67 276.74 274.84 276.71 283.56 287.07 287.84 289.2368 -9999 -9999 -9999 -9999 -9999 -9999 -9999 -9999 -9999 -9999 -9999 -9999 -9999 -9999 -9999 -9999 -9999 -9999 -9999 -9999 -9999 -9999 -9999 -9999 -9999 -9999 -9999 -9999 -9999 -9999 -9999 -9999 -9999 -9999 -9999 -9999 -9999 -9999
