layers/wordclim/future/Iberia_wcB2a_10_hadcm3_2050/bio_06.asc
ncols         166
nrows         93
xllcorner     -9.4959440078468
yllcorner     36.000324005443
cellsize      0.083333337679505
NODATA_value  -9999
[rows 34 to 67 of 93, columns 0 to 77 of 166]
-9999 -9999 -9999 -9999 -9999 -9999 -9999 -9999 -9999 -9999 67.45918 60.52 54.24 46.88 34.97 34.16 36.14 41.66 39.11 35.74 30.43 27.95 27.39 29.71 27.34 25.13 30.8 37.69 38.08 32.15 28.36 29.58 30 24.81 22.33 20.87 20.35 19.8 19.13 17.84 15.79 14.41 13.8 12.68 11.77 11.06 10.37 11.11 12.39 11.52 9.67 8.68 6.29 6.07 6.83 7.47 8.64 8.33 6.84 4.16 2.86 4.79 5.89 4.32 -0.26 -6.34 -26.46 -7.74 -14.36 -8.83 3.31 9.91 13.69 12.58 9.43 10.6 13.06 10.58
-9999 -9999 -9999 -9999 -9999 -9999 -9999 -9999 -9999 -9999 69.62921 64.83 57.58 43.08 46.07 41.67 41.69 48.04 44.61 39.56 35.86 34.15 33.61 31.66 30.92 27.42 33.12 36.8 34.98 35.64 30.57 27.29 27.94 27.28 23.3 20.93 19.87 21.26 19.3 18.12 16.46 14.02 12.83 11.03 9.02 7.34 7.45 11.61 11.03 10.39 9.52 7.16 4.28 2.21 2.65 5.05 3.33 5.2 3.12 1.2 -0.49 0.2 0.94 -5.15 -19.59 -20.28 -27.79 -19.8 -1.19 9.59 12.76 18.09 16.26 11.55 11.55 14.23 17.06 11.74
-9999 -9999 -9999 -9999 -9999 -9999 -9999 -9999 -9999 72.89189 70.94566 66.67 62.06 56.91 46.97 48.38 45.11 47.34 42.95 41.06 42.29 41.52 40.34 37.35 36.19 37.79 37.54 35.58 32.28 31.68 31.13 26.99 27.17 26.69 25.97 21.06 21.11 21.89 19.66 17.17 15.19 14.19 11.23 8.15 6.42 9.75 12.01 11.44 9.94 8.01 5.78 2.45 -2.22 -2.35 -4.32 -5.48 -5.22 -1.52 -2.78 -3.65 -9.44 -8.12 -10.43 -11.77 -7.23 1.54 3.32 9.1 11.44 9.09 17.25 22.21 18.38 15.62 14.15 18.48 15.67 5.35
-9999 -9999 -9999 -9999 -9999 -9999 -9999 -9999 -9999 73.52702 70.52577 68.77 66.2 58.83 51.44 41.5 37.95 47.6 48.51 47.85 46.26 43.31 40.23 41.63 43.13 41.39 38.23 28.54 29.22 30.33 28.44 27.5 26.67 28.38 28.96 27.5 24.68 20.18 17.62 14.62 12.21 9.23 10.37 11.63 11.15 11.25 10.78 9.34 6.51 2.13 -2.13 -4.88 -10.59 -11.02 -9.43 -6.4 -2.27 -1.6 -4.68 -8.24 -11.04 -12.61 -11.56 -14.34 1.42 11.73 7.9 10.33 19.07 21.03 23.61 24.46 19.78 19.57 17.92 21.32 12.01 8.52
-9999 -9999 -9999 -9999 -9999 -9999 -9999 -9999 -9999 73.41 70.61 69.57 67.64 62.61 51.37 40.19 53.82 53.69 53.26 49.84 49.34 47.74 47.31 42.7 30.15 26.15 29.55 28.65 29.08 29.41 29.8 26.4 27.66 29.74 28.77 28.15 26.54 17.35 11.51 3.45 9.63 10.62 14.89 15.23 11.24 9.16 10.59 6.76 1.99 0.67 -0.95 -8.27 -17.56 -8.65 -5.02 -6.54 -10.38 -10.75 -7.64 -0.07 -2.78 3.05 2.41 0.17 10.44 14.23 19.53 22.1 25.15 22.63 24.12 24.15 22.1 22.76 22.96 15.26 10.34 12.07
-9999 -9999 -9999 -9999 -9999 -9999 -9999 -9999 75.70968 73.37 70.92 68.61 68.1 62.36 55.7 56.14 57.04 57.45 55.08 53.63 49.98 46.85 33.3 17.43 23.98 29.32 34.48 29.51 31.09 31.96 29.89 26.64 29.78 29.09 24.82 25.16 24.21 19.34 16.7 16.34 16.25 27.49 25.53 18.35 16.33 8.23 6.83 7.75 6.33 0.94 -11.06 -21.34 -22.67 -20.24 -22.33 -16.39 -5.15 1.6 7.69 8.21 12.83 16.02 12.5 13.38 19.03 23.06 25.77 22.97 26.06 24.91 23.91 25.7 25.85 23.59 16.38 10.64 11.75 9.97
-9999 -9999 -9999 -9999 -9999 -9999 -9999 -9999 76.07692 73.64 71.09 68.12 68.77 61.16 60.23 63.1 60.97 58.79 55.76 51.16 48.04 33.7 5.33 16.92 36.78 43.86 43.38 35.55 31.61 31.29 27.48 26.41 25.69 25.2 24.52 23.74 15.56 19.41 20.55 31.09 34.73 31.52 22.18 18.25 7.3 -12.3 -8.08 5.2 0.5 -13.97 -18.97 -19.83 -20.5 -12.22 -11.61 -4.94 -0.74 -3.95 -6.94 -1.17 16.91 19.34 20.78 23.66 27.93 25.95 26.37 24.58 25.47 27.89 25.62 25.52 25.59 19.73 13.29 11.99 14.33 10.61
-9999 -9999 -9999 -9999 -9999 -9999 -9999 -9999 75.83 73.32 70.4 69.43 69.4 62.11 61.4 64.11 60.84 58.69 55.97 49.84 45.12 37.07 16.12 20.96 46.06 48.55 45 41.73 35.73 28.74 25.49 20.47 23.21 24.43 20.15 26.35 28.66 33.47 34.98 37.24 40.22 33.16 27.61 20.13 -8.45 -22.08 -6.12 -2.78 -11.59 -20.62 -30.63 -25.97 -18.42 -2.93 -8.02 -6.3 11.63 22.42 18.09 14.23 14.5 18.29 25.49 30 27.4 25.29 27.03 25.67 25.41 27.44 27.6 27.81 23.11 16.72 15.19 16 12.84 12.64
-9999 -9999 -9999 -9999 -9999 -9999 -9999 76.38356 75.95 76.16 74.32 73.93 71.13 64.8 63.77 61.45 60.64 56.33 46.68 37.29 33.24 44.07 47.37 49.6 50.06 48.11 48.66 46.6 42.52 38.59 42.71 43.07 28.61 37.07 40.72 43.32 43.94 38.72 42.79 43.67 43.73 42.68 25.05 2.27 13.49 -0.98 -23.04 -22.1 -19.33 5.76 -5.96 -0.09 17.34 26.82 21.43 32.32 28.52 24.45 19.36 16.91 23.95 30.03 30.59 27.2 24.48 25.08 27.63 24.68 26.1 26.2 27.11 27.24 23.79 20.27 18 15.54 16.38 19.34
-9999 -9999 -9999 -9999 -9999 -9999 -9999 -9999 79.09091 76.78 75.2 74.3 67.83 65.51 65.71 56.44 49.64 45.83 44.88 40.36 43.28 49.78 47.44 46.69 47.94 50.22 53.56 51.8 49.44 50.14 51.31 48.94 45.74 48.09 51.03 50.08 46.21 43.7 46.23 45.7 44.61 38.28 24.05 22.7 10.26 21.53 23.26 24.59 30.43 40.13 39.39 38.36 35.67 32.22 30.65 27.93 19.17 15.57 27.44 30.43 31.74 29.82 27.11 24.78 24.98 27.22 25.77 26.2 27.3 24.65 28.26 26.29 21.63 16.43 17.1 19.96 22.28 18.92
-9999 -9999 -9999 -9999 -9999 -9999 -9999 80.76 77.96 77.32 77.36 69.36 64.82 64.63 51.57 43.84 48.29 51.86 50.79 52.3 54.23 45.86 50.15 46.57 54.25 56.77 55.52 55.08 51.75 48.95 48.81 53.17 53.7 55.44 53.86 51.98 50.65 50.92 51.71 50.95 46.67 41.34 37.63 34.76 33.89 41.59 43.05 45.48 44.83 43.76 42.28 39.57 37.75 36.41 34.24 29.55 30.76 33.88 34.09 32.05 30.95 29.29 27.03 26.24 27.38 28.69 26.82 29.23 27.03 28.11 28.44 26.08 24.51 23.16 23.2 20.78 16.26 13.77
-9999 -9999 -9999 -9999 -9999 -9999 -9999 81.23 77.71 77.95 76.3 66.19 66.21 63.74 55.42 56.43 58.9 56.4 51.04 49.87 48.92 52.13 60.56 58.38 57.75 59.24 58.52 58.51 56.43 55.2 55.59 55.84 52.58 54.76 54.38 54.68 54.25 54.42 53.07 48.21 44.33 44.34 47.78 49.14 48.8 48.54 47.05 46.22 45.59 43.95 42.15 40.82 39.49 37.14 34.7 36.07 35.26 34.81 32.96 29.87 26.93 26.48 27.38 28.94 29.47 28.12 28.72 30.56 29.98 26.96 22.76 19.11 17.01 16.31 16.06 13.8 12.09 11.43
-9999 -9999 -9999 -9999 -9999 -9999 84.55556 83.71 78.31 76.44 75.63 69.56 69.32 64.81 63.83 64.05 59.66 54.14 50.59 45.72 54.87 61.3 64.09 61.64 60.12 61.03 64.47 63.07 61.27 57.75 57.36 57.05 56.58 54.69 54.74 54.37 52.6 51.74 47.83 43.3 45.49 47.46 50.47 50.7 49.57 48.43 46.67 43.09 44.34 43.18 40.58 37.42 38.86 37.15 37.7 34.88 30.15 30.25 31.55 32.77 31.6 30.06 29.65 30.45 28.29 27.31 28.44 28.66 27.54 25.37 22.09 19.02 17.49 16.9 15.57 14.32 13.44 13.14
-9999 -9999 -9999 -9999 -9999 -9999 84.19388 83.59 81.2 75.98 71.51 71.18 72.7 67.7 68.15 67.02 65.51 62.02 55.88 54.5 62.11 64.58 64.63 63.06 65 67.49 65.66 64.49 61.02 60.72 59.21 57.77 57.26 57.2 56.36 54.39 52.28 49.44 50.12 51.19 50.18 50.39 47.96 47.11 46.13 47.48 43.52 40.74 43.19 40.63 39.21 37.85 39.7 35.91 35.08 32.96 28.4 27.03 27.51 26.26 26.49 30.05 26.31 22.31 21.47 19.93 19.43 21.15 21.72 21.85 22.47 21.61 19.28 18.29 16.48 15.59 15.71 13.78
-9999 -9999 -9999 -9999 -9999 85.01786 82.77 81.37 81.46 75.54 73.52 75.62 76.38 72.77 68.07 70.18 66.14 65.43 63.46 65.67 68.55 67.09 69.04 69.23 67.6 65.42 64.77 64.6 61.93 61.17 61.64 59.94 56.28 54.59 53.93 56.35 57.65 54.78 51.84 49.24 48.39 48.2 45.49 42.83 38.66 35.72 35.45 36.49 33.88 31.36 32.39 34.12 32.09 30.75 23.97 24.62 22.1 21.42 19.51 20.89 20.28 22.1 19.49 16.46 18.6 16.33 16.56 16.36 17.12 17.84 19.2 19.22 19.46 17.53 17.72 16.84 15.83 13.55
-9999 -9999 -9999 -9999 -9999 86.45122 85.58 81.79 76.93 68.5 73.86 76.21 77.83 77.54 72.88 72.79 68.91 66 66.05 69.5 71.21 71.43 72.62 69.8 67.9 67.28 66.84 63.71 63.76 62.65 60.09 58.02 55.51 53.42 51.54 52.97 54.82 54.74 53.35 51.68 49.99 49.52 46.77 44.27 41.61 38.13 34.22 30.21 28.02 21.1 25.38 23.39 27.92 28.54 16.85 16.35 12.93 13.51 12.29 13.13 12.92 17.13 16.6 13.41 12.51 13.72 13.43 13.39 15.46 15.87 17.78 17.65 18.02 17.16 19.05 18.28 16.26 15.35
-9999 -9999 -9999 -9999 -9999 87.26263 86.02 73.77 68.91 69.99 71.25 81.03 81.43 80.59 76.53 74.42 73.51 72.4 72.28 71.88 73.07 70.55 71.05 69.05 69.14 67.13 65.55 62.2 60.76 61.58 61.91 59.5 56.99 55.68 53.82 52.67 53.11 54.99 53.09 52.47 51.82 49.49 46.62 43.36 40.54 36.7 35.27 32.67 19.52 17.95 15.05 23.07 22.41 26.46 23.8 16.41 14.29 13.23 4.75 12.96 5.32 7.62 8.4 9.31 8.87 9.36 10.28 14.61 15.83 16.26 16.94 17.62 17.62 18.81 19.35 19.17 17.47 16.52
-9999 -9999 -9999 92.02381 91.62 87.14 81.43 75.46 76.82 81.69 83.34 84.59 84.33 81.69 81.34 81.05 79.76 78.85 75.08 73.48 71.32 70.63 70.59 69.31 66.87 66.34 65 62.9 59.44 58.71 59.83 59.02 58.12 57.45 55.79 54.12 52.3 50.98 51.19 50.14 50.44 48.56 46.08 42 38.49 28.05 30.92 30 20.74 14.4 25.7 29.59 30.48 28.07 30.13 27.78 26.86 22.66 17.22 18.39 14.34 15.36 16.35 16.69 7.83 2.96 5.24 10.03 13.12 13.4 16.03 17.48 18.15 19.74 20.12 17.9 15.58 16.95
-9999 -9999 93.54688 93.16279 90.18 88.11 83.8 86.74 86.21 84.89 86.72 87.22 84.74 79.85 79.18 78.75 78.58 75.87 74.58 74.25 73.6 71.98 71.44 69.67 65.1 61.04 60.43 59.81 58.95 57.7 56.05 54.97 55.96 52.93 52.95 53.85 53.13 51.46 50.78 48.87 48.2 45.92 43.45 41.72 39.94 31.79 27.99 28.9 30.65 30.45 31.62 36.35 33.18 33.9 33.28 32.9 29.54 25.53 21.44 15.9 13.34 11.32 16.72 13.68 10.86 9.62 6.91 9.67 12.05 10.95 9.48 15.01 18.81 20.21 20.98 19.51 18.23 19.06
-9999 -9999 91.69 90.34 89.32 88.58 87.88 89.19 88 87.64 88.85 87.61 83.41 81.46 79.64 78.55 78.11 77.85 77.24 75.98 75.86 74.13 73.7 71.66 68.33 59.63 58 61.35 61.84 59.16 57.35 57.54 56.89 53.71 53.74 52.16 50.27 51.51 48.84 46.68 45.92 45.04 42.64 44.05 45.73 42.29 43.79 41.68 40.51 35.02 35.37 39.18 36.65 36.32 28.11 30.07 29.06 24.56 24.24 21.77 20.56 22.71 22.62 18.45 12.03 11.18 13 11.83 9.19 10.21 7.04 15.34 19.47 20.73 20.21 20.35 20.13 19.98
-9999 -9999 91.85 90.17 89.59 82.18 88.93 88.96 88.93 90.11 89.81 86.23 84.19 82.96 81.41 79.82 79.88 80.09 77.68 76.91 76.88 75.03 73.3 71.93 70.25 67.41 64.16 62.19 61.88 60.25 56.96 57.86 56.35 54.49 53.06 50.82 49.66 48.97 47.48 46.15 41.4 43.96 48.88 47.84 48.15 46.64 46.41 44.22 44.55 42.21 38.45 36.66 37.44 35.87 30.97 25.02 26.38 26.4 26.84 22.92 16.95 20.19 24.25 22.79 14.31 13.7 15.83 18.16 18.01 15.1 18.15 21.27 21.21 21.08 20.04 20 19.98 19.84
-9999 92.32813 91.76 88.82 85.18 88.06 91.09 89.87 91.57 91.33685 89.28 87.14 84.82 83.02 81.94 81.14 82.08 79.98 78.54 78.43 77.26 75.52 73.65 71.6 70.09 68 66.35 63.45 61.81 60.87 58.07 57.97 55.55 54.59 53.17 52.3 52.38 51.35 48.39 48.32 48.43 51.21 51.21 51.05 50.81 48.72 47.91 47.1 45.95 42.83 39.59 38.68 34.7 32.23 31.05 27.31 22.44 26.36 26.58 20.45 17.11 18.71 20.15 21.52 16.62 15.32 18.58 20.29 21.13 21.74 21.7 21.8 21.67 21.86 20.99 20.75 19.99 19.48
-9999 90.09 88.94 86.84 84.2 86.81 93.39362 93.27778 93 91.14 88.77 87.38 85.38 84.85 84.4 83.02 82.22 80.58 79.26 77.95 77.29 75.76 73.82 73.17 70.61 67.81 66.09 64.29 60.8 59.1 59.27 57.8 57.04 56.29 54.96 54.48 53.96 53.49 51.5 49.19 49.94 52.22 51.75 51.06 49.92 48.62 47.14 42.72 40.63 42.87 40.16 37.73 37.87 34.43 31.92 28.63 25.08 23.43 25.49 26.07 25.3 18.37 19.61 22.71 18.1 20.6 20.34 20.44 21.28 21.92 22.04 22.05 22.16 22.01 20.39 19.63 18.85 17.21
-9999 85.62245 82.99 82.46 81.09 86.87629 93.82278 94.07 92.97 91.13 90.18 89.18 88.73 86.87 85.15 84.09 82.9 82.05 80.32 77 75.21 73.36 71.83 71.35 69.2 66.35 62.73 60.91 61.33 59.74 58.66 57.48 56.87 56.25 55.56 55.45 54.94 54.4 52.43 51.41 53.34 52.83 51.71 50.14 48.63 47.68 46.38 44.91 43.16 40.23 39.29 40.49 35.83 27.53 30.21 27.7 27.51 27.95 27.71 22.93 25.57 24.67 22.62 23.05 20.05 21.54 20.02 20.27 21.78 22.1 22.24 22.42 22.12 22.01 19.85 16.89 14.9 12.26
-9999 82.51 80.83 82.76 89.22 92.43333 95.16049 94.47 92.76 91.18 89.28 87.95 86.85 85.06 85.28 83.52 81.8 80.37 78.89 76.65 75.22 73.01 68.27 66.14 66.36 65.13 60.55 59.74 61.47 60.64 57.86 56.1 55.72 56.27 55.75 55.3 54.35 53.08 52.94 53.2 51.83 50.4 49.78 46.96 46.08 44.61 42.87 44.45 42.19 40.53 38.56 38.71 38.99 33.31 35 32.19 29.17 27.04 22.98 21.71 24.98 25.57 20.38 21.35 23.21 22.37 22.31 22.17 21.03 21.15 21.04 17.91 19.85 22.42 20.03 17.81 15.83 14.25
82.28395 81.09 81.44 85.9 92.96809 -9999 -9999 94.14 92.21 91.13 89.78 87.84 86.2 84.16 83.07 81.21 78.86 77.49 76.76 74.55 73.46 71.28 69.3 64.67 63.04 65.3 64.67 63.75 62.88 59.88 56.87 55.09 54.65 54.34 53.99 53.13 51.24 50.41 51.8 49.35 47.66 45.83 44.85 44.75 39.85 42.58 41.47 43.15 40.28 38.12 35.31 34.52 34.6 39.36 33.84 32.7 32.44 32.84 26.77 25.71 22.65 23.87 23.38 21.87 20.82 20.28 17.04 19.52 22.41 22.73 23.17 22.04 22.1 22.17 18.16 17.76 17.61 15.82
88.18 87.78873 88.66216 90.53247 93.71111 96 95.11236 94.33 92.84 90.77 88.46 87.26 85.96 84.48 81.61 78.54 75.75 74.29 73.93 73.02 71.64 70.86 66.69 65.5 65.66 64.59 66.99 65.16 61.36 58.88 56.19 54.72 54 53.56 52.59 52.38 50.73 49.09 49.82 50.71 47.33 43.61 41.46 42.33 41.5 40.53 40.86 38.22 36.77 32.9 33.42 34.1 37.2 38.34 36.94 37.71 36.68 33.51 31.54 29.74 24.98 20.15 20.96 22.2 22.43 19.79 16.1 18.31 24.95 24.06 22.2 23.42 23.09 22.61 19.77 18.18 17.54 16.39
-9999 -9999 -9999 92.74324 94.50649 95.21429 94.01 93.49 93.03 91.3 89.51 87.95 85.71 81.83 78.44 76.9 74.33 72.71 72.48 73.75 72.88 72.14 70.35 67.67 67.12 67.43 66.59 64.81 60.47 56.79 53.68 52.22 52.34 51.53 50.78 50.61 49.04 47.51 47.45 48.29 45.23 42.71 39.57 38.44 41.01 37.15 36.85 33.22 34.56 36.57 37.81 38.09 38.02 37.17 32.14 36.4 33.72 29.26 29.46 27.54 24.94 22.23 21.24 22.05 21.1 21.31 23.95 25.62 20.68 25.91 22.2 22.93 22.8 23.38 19.44 15.97 16.48 16.31
-9999 -9999 -9999 -9999 93.46 92.61 90.32323 92.92941 93.78022 92.34066 89.22 88.43 86.25 81.45 79.42 77.42 74.09 74 74.67 73.71 73.23 72.33 70.41 67.5 66 66.75 67.79 64.36 60.58 55.84 52.87 49.58 45.66 46.49 43.96 48.06 47.45 44.65 44.64 45.29 46.25 39.15 38.62 38.76 39.95 34.38 31.56 33.66 34.49 37.68 36.51 35.39 34.41 35.37 34.75 35.48 35.63 34.66 30.28 22.02 17.42 20.81 22.59 23.66 28.75 27.4 24.99 26.62 27.46 24.49 23.94 22.8 21.15 20.52 20.04 18.33 18.58 19.94
-9999 -9999 -9999 -9999 90.12346 88.04285 -9999 94.17647 -9999 92.73077 90.7 88.65 86.87 85.42 81.79 79.27 78.31 76.66 75.08 73.39 73.08 72.59 69.87 68.44 67.38 67.9 67.16 64.7 61.19 57.58 53.31 48.98 42.89 41 40.36 42.97 46.18 41.53 41.7 42.31 44.35 42.94 40.14 37.15 37.13 34.44 34.27 35.5 34.26 33.34 34.99 33.49 32.74 34.43 32.47 31.47 31.43 31.7 32.42 30.66 26.13 17 17.66 18.61 20.43 29.23 33.68 25.76 19.41 15.28 14.13 22.52 22.98 23.91 24.7 24.35 22.08 19.91
-9999 -9999 -9999 -9999 -9999 -9999 -9999 -9999 93.375 91.53061 90.17895 90.05 87.71 84.8 83.85 78.59 77.34 76.19 73.73 70.05 70.48 70.31 70.36 69.21 69.5 69.12 66.32 64.06 61.06 57.41 54.74 49.07 45.47 50.78 47.55 45.71 42.69 41.64 40.24 38.8 40.26 40.75 37.53 38.39 36.31 35.76 35.82 34.4 33.05 33.38 32.55 30.38 30.91 31.49 31.1 29.64 29.04 29.78 27.75 27.91 30.18 29.39 31.06 26.56 25.72 26.02 37.85 29.2 29.21 27.15 22.14 25.48 25.91 30.44 33.12 32.15 27.69 27.17
-9999 -9999 -9999 -9999 -9999 -9999 -9999 -9999 -9999 90.41 88.2 86.94 87.27 85.86 85.14 81.41 78.33 74.86 72.51 71.69 68.94 65.59 67.54 69.57 69.59 69.29 66.83 65.11 62.07 59.28 56.09 52.66 53.56 52.99 50.33 48.84 45.52 42.69 39.56 37.55 36.57 36.94 36.35 36.12 35.79 35.18 36.26 33.81 33.08 35.17 34.49 33.94 29.65 26.15 30.98 31.89 27.92 28.5 27.82 28.04 26.69 27.07 28.12 36.01 31.13 34.31 40.27 38.93 38.09 39.92 38.73 38.13 41.86 42.77 40.03 33.56 31.6 33.15
-9999 -9999 -9999 -9999 -9999 -9999 -9999 -9999 -9999 88.56 84.89 86.9 85.44 84.64 84.73 82.45 80.2 77.29 74.13 70.5 69.47 67.97 68.39 69.43 69.96 68.32 67.12 64.68 63.06 61.48 59.43 54.24 50.56 43.62 43.17 45.34 45.8 42.4 39.14 40.99 39.02 35.82 34.19 35.35 37.3 38.5 40.72 38.08 33.35 31.11 30.06 32.72 34.3 33.27 28.9 32.33 34.42 32.39 29.97 32.48 32.09 34.11 30.16 40.29 38.26 40.03 45.23 39.86 48.6 50.33 49.25 47.36 50.22 44.6 37.21 34.94 36.58 38.02
-9999 -9999 -9999 -9999 -9999 -9999 -9999 -9999 92.34615 86.48 79.61 84.19 85.28 85.84 83.52 82.31 79.52 76.63 73.13 72.26 72.22 72.48 73.06 71.1 69.04 68.49 67.94 66.5 63.86 60.9 58.17 54.87 49.43 44.5 43.04 39.52 39.04 39.67 36.11 36.67 41.65 42.94 38.98 33.54 35.13 36.34 39.65 41.09 41.06 38.06 36.24 30.99 29.13 31.55 36.79 35.46 37.53 40.22 37.47 39.41 47.97 46.87 45.55 48.38 47.9 49.53 48.78 53.54 54.85 55.49 51.36 55.85 52.99 46.92 47.07 45.37 39.16 33.73
