layers/lidar/original_vars/mdt.asc
NCOLS 197
NROWS 268
XLLCORNER 587674
YLLCORNER 4631485
CELLSIZE 1.000000
NODATA_VALUE -9999.0000
[rows 156 to 181 of 268, columns 60 to 119 of 197]
1119.0000 1118.0000 1118.0000 1118.0000 1117.0000 1117.0000 1117.0000 1116.0000 1116.0000 1115.0000 1115.0000 1114.0000 1114.0000 1113.0000 1113.0000 1112.0000 1112.0000 1112.0000 1111.0000 1111.0000 1111.0000 1111.0000 1110.0000 1110.0000 1109.0000 1109.0000 1108.0000 1108.0000 1108.0000 1108.0000 1107.0000 1106.0000 1106.0000 1105.0000 1105.0000 1104.0000 1104.0000 1103.0000 1103.0000 1103.0000 1103.0000 1103.0000 1103.0000 1103.0000 1102.0000 1102.0000 1101.0000 1101.0000 1100.0000 1100.0000 1100.0000 1099.0000 1099.0000 1099.0000 1098.0000 1099.0000 1098.0000 1098.0000 1097.0000 1097.0000
1118.0000 1118.0000 1118.0000 1117.0000 1117.0000 1117.0000 1116.0000 1116.0000 1115.0000 1115.0000 1115.0000 1114.0000 1114.0000 1113.0000 1113.0000 1112.0000 1112.0000 1112.0000 1111.0000 1111.0000 1111.0000 1111.0000 1110.0000 1109.0000 1109.0000 1108.0000 1108.0000 1108.0000 1108.0000 1108.0000 1107.0000 1106.0000 1105.0000 1105.0000 1104.0000 1104.0000 1103.0000 1103.0000 1103.0000 1103.0000 1103.0000 1103.0000 1103.0000 1103.0000 1102.0000 1101.0000 1101.0000 1100.0000 1100.0000 1099.0000 1099.0000 1099.0000 1099.0000 1098.0000 1098.0000 1098.0000 1098.0000 1097.0000 1097.0000 1096.0000
1118.0000 1117.0000 1117.0000 1117.0000 1117.0000 1116.0000 1116.0000 1115.0000 1115.0000 1115.0000 1114.0000 1114.0000 1113.0000 1113.0000 1112.0000 1112.0000 1112.0000 1112.0000 1111.0000 1111.0000 1111.0000 1110.0000 1110.0000 1109.0000 1109.0000 1108.0000 1108.0000 1108.0000 1108.0000 1107.0000 1106.0000 1105.0000 1105.0000 1104.0000 1104.0000 1103.0000 1103.0000 1103.0000 1103.0000 1103.0000 1103.0000 1103.0000 1103.0000 1102.0000 1101.0000 1101.0000 1100.0000 1100.0000 1100.0000 1099.0000 1099.0000 1099.0000 1099.0000 1098.0000 1098.0000 1097.0000 1097.0000 1096.0000 1096.0000 1096.0000
1118.0000 1117.0000 1117.0000 1117.0000 1117.0000 1116.0000 1116.0000 1115.0000 1115.0000 1114.0000 1114.0000 1113.0000 1113.0000 1112.0000 1112.0000 1112.0000 1112.0000 1111.0000 1111.0000 1111.0000 1110.0000 1110.0000 1109.0000 1109.0000 1108.0000 1108.0000 1108.0000 1108.0000 1107.0000 1106.0000 1106.0000 1105.0000 1104.0000 1104.0000 1103.0000 1103.0000 1103.0000 1102.0000 1102.0000 1102.0000 1102.0000 1102.0000 1102.0000 1101.0000 1100.0000 1100.0000 1099.0000 1099.0000 1099.0000 1099.0000 1099.0000 1098.0000 1098.0000 1098.0000 1097.0000 1097.0000 1096.0000 1096.0000 1096.0000 1095.0000
1117.0000 1117.0000 1117.0000 1117.0000 1117.0000 1116.0000 1115.0000 1114.0000 1114.0000 1114.0000 1114.0000 1113.0000 1112.0000 1112.0000 1112.0000 1111.0000 1111.0000 1111.0000 1111.0000 1110.0000 1110.0000 1109.0000 1109.0000 1108.0000 1108.0000 1108.0000 1108.0000 1107.0000 1107.0000 1106.0000 1105.0000 1104.0000 1104.0000 1104.0000 1103.0000 1103.0000 1102.0000 1102.0000 1102.0000 1101.0000 1101.0000 1101.0000 1101.0000 1100.0000 1099.0000 1099.0000 1099.0000 1099.0000 1099.0000 1098.0000 1098.0000 1098.0000 1097.0000 1097.0000 1097.0000 1096.0000 1096.0000 1096.0000 1095.0000 1095.0000
1117.0000 1117.0000 1117.0000 1117.0000 1116.0000 1115.0000 1115.0000 1114.0000 1114.0000 1114.0000 1113.0000 1113.0000 1112.0000 1112.0000 1111.0000 1111.0000 1111.0000 1110.0000 1110.0000 1110.0000 1109.0000 1108.0000 1108.0000 1108.0000 1107.0000 1107.0000 1107.0000 1107.0000 1106.0000 1105.0000 1105.0000 1104.0000 1104.0000 1103.0000 1103.0000 1102.0000 1102.0000 1101.0000 1101.0000 1101.0000 1100.0000 1100.0000 1100.0000 1099.0000 1099.0000 1099.0000 1099.0000 1098.0000 1098.0000 1098.0000 1098.0000 1097.0000 1097.0000 1097.0000 1096.0000 1096.0000 1096.0000 1095.0000 1095.0000 1095.0000
1117.0000 1117.0000 1116.0000 1116.0000 1116.0000 1115.0000 1114.0000 1113.0000 1113.0000 1113.0000 1113.0000 1112.0000 1112.0000 1112.0000 1111.0000 1111.0000 1110.0000 1110.0000 1109.0000 1109.0000 1108.0000 1108.0000 1107.0000 1107.0000 1107.0000 1107.0000 1106.0000 1106.0000 1105.0000 1105.0000 1104.0000 1104.0000 1104.0000 1103.0000 1102.0000 1102.0000 1101.0000 1101.0000 1100.0000 1100.0000 1100.0000 1099.0000 1099.0000 1099.0000 1099.0000 1099.0000 1098.0000 1098.0000 1098.0000 1098.0000 1097.0000 1097.0000 1097.0000 1096.0000 1096.0000 1096.0000 1095.0000 1095.0000 1095.0000 1094.0000
1117.0000 1116.0000 1116.0000 1116.0000 1115.0000 1114.0000 1114.0000 1113.0000 1113.0000 1113.0000 1112.0000 1112.0000 1111.0000 1111.0000 1111.0000 1110.0000 1110.0000 1109.0000 1109.0000 1108.0000 1108.0000 1107.0000 1107.0000 1107.0000 1107.0000 1106.0000 1106.0000 1105.0000 1105.0000 1104.0000 1104.0000 1103.0000 1103.0000 1102.0000 1102.0000 1101.0000 1101.0000 1100.0000 1100.0000 1100.0000 1099.0000 1099.0000 1099.0000 1099.0000 1099.0000 1098.0000 1098.0000 1098.0000 1098.0000 1097.0000 1097.0000 1097.0000 1096.0000 1096.0000 1096.0000 1095.0000 1095.0000 1095.0000 1094.0000 1094.0000
1116.0000 1116.0000 1116.0000 1115.0000 1114.0000 1114.0000 1113.0000 1113.0000 1113.0000 1112.0000 1112.0000 1111.0000 1111.0000 1111.0000 1110.0000 1110.0000 1110.0000 1109.0000 1108.0000 1108.0000 1107.0000 1107.0000 1106.0000 1106.0000 1106.0000 1105.0000 1105.0000 1104.0000 1104.0000 1103.0000 1103.0000 1103.0000 1102.0000 1101.0000 1101.0000 1100.0000 1100.0000 1100.0000 1100.0000 1099.0000 1099.0000 1099.0000 1099.0000 1098.0000 1098.0000 1098.0000 1098.0000 1098.0000 1097.0000 1097.0000 1097.0000 1096.0000 1096.0000 1096.0000 1095.0000 1095.0000 1095.0000 1094.0000 1094.0000 1093.0000
1116.0000 1115.0000 1115.0000 1115.0000 1114.0000 1113.0000 1113.0000 1113.0000 1112.0000 1112.0000 1111.0000 1111.0000 1111.0000 1110.0000 1110.0000 1110.0000 1109.0000 1109.0000 1108.0000 1107.0000 1107.0000 1106.0000 1106.0000 1106.0000 1105.0000 1105.0000 1104.0000 1104.0000 1103.0000 1103.0000 1102.0000 1102.0000 1101.0000 1101.0000 1100.0000 1100.0000 1100.0000 1100.0000 1099.0000 1099.0000 1099.0000 1099.0000 1098.0000 1098.0000 1098.0000 1098.0000 1098.0000 1097.0000 1097.0000 1096.0000 1096.0000 1096.0000 1095.0000 1095.0000 1095.0000 1095.0000 1094.0000 1094.0000 1093.0000 1093.0000
1115.0000 1115.0000 1115.0000 1114.0000 1114.0000 1113.0000 1113.0000 1112.0000 1112.0000 1112.0000 1111.0000 1111.0000 1111.0000 1110.0000 1110.0000 1110.0000 1109.0000 1108.0000 1108.0000 1107.0000 1107.0000 1106.0000 1105.0000 1105.0000 1104.0000 1104.0000 1103.0000 1103.0000 1103.0000 1102.0000 1102.0000 1101.0000 1101.0000 1101.0000 1101.0000 1100.0000 1100.0000 1100.0000 1099.0000 1099.0000 1098.0000 1098.0000 1098.0000 1098.0000 1098.0000 1098.0000 1097.0000 1097.0000 1096.0000 1096.0000 1096.0000 1095.0000 1095.0000 1095.0000 1094.0000 1094.0000 1094.0000 1093.0000 1093.0000 1093.0000
1115.0000 1115.0000 1114.0000 1114.0000 1114.0000 1113.0000 1113.0000 1112.0000 1112.0000 1111.0000 1111.0000 1111.0000 1110.0000 1110.0000 1110.0000 1109.0000 1109.0000 1108.0000 1107.0000 1107.0000 1106.0000 1105.0000 1105.0000 1104.0000 1103.0000 1103.0000 1103.0000 1103.0000 1102.0000 1102.0000 1102.0000 1101.0000 1101.0000 1100.0000 1100.0000 1100.0000 1099.0000 1099.0000 1099.0000 1098.0000 1098.0000 1098.0000 1098.0000 1098.0000 1097.0000 1097.0000 1097.0000 1096.0000 1096.0000 1096.0000 1095.0000 1095.0000 1094.0000 1094.0000 1094.0000 1094.0000 1093.0000 1093.0000 1093.0000 1092.0000
1115.0000 1114.0000 1114.0000 1114.0000 1113.0000 1113.0000 1112.0000 1112.0000 1111.0000 1111.0000 1111.0000 1111.0000 1110.0000 1110.0000 1109.0000 1109.0000 1108.0000 1107.0000 1107.0000 1106.0000 1105.0000 1105.0000 1104.0000 1103.0000 1103.0000 1103.0000 1102.0000 1102.0000 1102.0000 1102.0000 1101.0000 1101.0000 1101.0000 1100.0000 1100.0000 1099.0000 1099.0000 1099.0000 1098.0000 1098.0000 1098.0000 1098.0000 1098.0000 1097.0000 1097.0000 1097.0000 1096.0000 1096.0000 1096.0000 1095.0000 1095.0000 1094.0000 1094.0000 1094.0000 1093.0000 1093.0000 1093.0000 1093.0000 1092.0000 1092.0000
1115.0000 1114.0000 1114.0000 1113.0000 1113.0000 1113.0000 1112.0000 1111.0000 1111.0000 1111.0000 1111.0000 1110.0000 1110.0000 1109.0000 1109.0000 1108.0000 1108.0000 1107.0000 1106.0000 1105.0000 1104.0000 1104.0000 1104.0000 1103.0000 1103.0000 1103.0000 1102.0000 1102.0000 1102.0000 1101.0000 1101.0000 1101.0000 1100.0000 1100.0000 1100.0000 1099.0000 1099.0000 1098.0000 1098.0000 1098.0000 1098.0000 1098.0000 1097.0000 1097.0000 1097.0000 1096.0000 1096.0000 1096.0000 1095.0000 1095.0000 1094.0000 1094.0000 1094.0000 1093.0000 1093.0000 1092.0000 1092.0000 1092.0000 1092.0000 1092.0000
1114.0000 1114.0000 1113.0000 1113.0000 1113.0000 1112.0000 1112.0000 1111.0000 1111.0000 1111.0000 1110.0000 1110.0000 1109.0000 1109.0000 1108.0000 1108.0000 1107.0000 1106.0000 1106.0000 1105.0000 1104.0000 1104.0000 1104.0000 1103.0000 1103.0000 1103.0000 1102.0000 1102.0000 1102.0000 1101.0000 1101.0000 1100.0000 1100.0000 1100.0000 1099.0000 1099.0000 1099.0000 1098.0000 1098.0000 1098.0000 1098.0000 1097.0000 1097.0000 1097.0000 1096.0000 1096.0000 1096.0000 1095.0000 1095.0000 1094.0000 1094.0000 1094.0000 1093.0000 1093.0000 1092.0000 1092.0000 1092.0000 1092.0000 1092.0000 1091.0000
1114.0000 1114.0000 1113.0000 1113.0000 1113.0000 1112.0000 1112.0000 1111.0000 1111.0000 1110.0000 1110.0000 1109.0000 1109.0000 1108.0000 1108.0000 1107.0000 1107.0000 1106.0000 1105.0000 1104.0000 1104.0000 1103.0000 1103.0000 1103.0000 1103.0000 1102.0000 1102.0000 1102.0000 1102.0000 1101.0000 1101.0000 1100.0000 1100.0000 1099.0000 1099.0000 1099.0000 1098.0000 1098.0000 1098.0000 1098.0000 1097.0000 1097.0000 1097.0000 1096.0000 1096.0000 1096.0000 1095.0000 1095.0000 1094.0000 1094.0000 1094.0000 1093.0000 1093.0000 1093.0000 1092.0000 1092.0000 1092.0000 1092.0000 1092.0000 1091.0000
1114.0000 1113.0000 1113.0000 1113.0000 1112.0000 1112.0000 1111.0000 1111.0000 1110.0000 1110.0000 1109.0000 1109.0000 1108.0000 1108.0000 1107.0000 1107.0000 1106.0000 1105.0000 1105.0000 1104.0000 1104.0000 1103.0000 1103.0000 1102.0000 1102.0000 1102.0000 1102.0000 1102.0000 1102.0000 1101.0000 1101.0000 1100.0000 1100.0000 1099.0000 1099.0000 1099.0000 1098.0000 1098.0000 1098.0000 1098.0000 1097.0000 1097.0000 1097.0000 1096.0000 1096.0000 1095.0000 1095.0000 1094.0000 1094.0000 1094.0000 1093.0000 1093.0000 1093.0000 1092.0000 1092.0000 1092.0000 1092.0000 1092.0000 1092.0000 1091.0000
1113.0000 1113.0000 1113.0000 1112.0000 1112.0000 1111.0000 1111.0000 1110.0000 1110.0000 1109.0000 1109.0000 1108.0000 1107.0000 1107.0000 1106.0000 1105.0000 1105.0000 1105.0000 1104.0000 1104.0000 1103.0000 1103.0000 1102.0000 1102.0000 1102.0000 1102.0000 1102.0000 1102.0000 1101.0000 1101.0000 1100.0000 1100.0000 1099.0000 1099.0000 1098.0000 1098.0000 1098.0000 1098.0000 1098.0000 1097.0000 1097.0000 1097.0000 1096.0000 1096.0000 1095.0000 1095.0000 1094.0000 1094.0000 1094.0000 1093.0000 1093.0000 1092.0000 1092.0000 1092.0000 1092.0000 1092.0000 1092.0000 1092.0000 1092.0000 1091.0000
1113.0000 1113.0000 1112.0000 1112.0000 1112.0000 1111.0000 1110.0000 1110.0000 1109.0000 1109.0000 1108.0000 1107.0000 1107.0000 1106.0000 1105.0000 1105.0000 1105.0000 1105.0000 1104.0000 1104.0000 1103.0000 1103.0000 1102.0000 1102.0000 1102.0000 1102.0000 1101.0000 1101.0000 1101.0000 1101.0000 1100.0000 1100.0000 1099.0000 1098.0000 1098.0000 1098.0000 1098.0000 1098.0000 1097.0000 1097.0000 1097.0000 1096.0000 1096.0000 1095.0000 1095.0000 1095.0000 1094.0000 1094.0000 1093.0000 1093.0000 1092.0000 1092.0000 1092.0000 1092.0000 1092.0000 1092.0000 1092.0000 1092.0000 1092.0000 1091.0000
1113.0000 1113.0000 1112.0000 1112.0000 1111.0000 1111.0000 1110.0000 1110.0000 1109.0000 1108.0000 1108.0000 1107.0000 1106.0000 1106.0000 1105.0000 1105.0000 1105.0000 1105.0000 1104.0000 1103.0000 1103.0000 1102.0000 1102.0000 1102.0000 1102.0000 1102.0000 1101.0000 1101.0000 1101.0000 1100.0000 1100.0000 1099.0000 1099.0000 1098.0000 1098.0000 1098.0000 1098.0000 1097.0000 1097.0000 1097.0000 1096.0000 1096.0000 1096.0000 1095.0000 1095.0000 1094.0000 1094.0000 1093.0000 1093.0000 1093.0000 1092.0000 1092.0000 1092.0000 1092.0000 1092.0000 1092.0000 1092.0000 1092.0000 1091.0000 1091.0000
1113.0000 1112.0000 1112.0000 1112.0000 1111.0000 1111.0000 1110.0000 1110.0000 1109.0000 1108.0000 1107.0000 1106.0000 1106.0000 1105.0000 1105.0000 1105.0000 1104.0000 1104.0000 1103.0000 1103.0000 1103.0000 1102.0000 1102.0000 1102.0000 1102.0000 1101.0000 1101.0000 1101.0000 1100.0000 1100.0000 1099.0000 1099.0000 1098.0000 1098.0000 1098.0000 1097.0000 1097.0000 1097.0000 1097.0000 1096.0000 1096.0000 1096.0000 1095.0000 1095.0000 1094.0000 1094.0000 1093.0000 1093.0000 1093.0000 1092.0000 1092.0000 1092.0000 1092.0000 1092.0000 1092.0000 1092.0000 1092.0000 1092.0000 1091.0000 1090.0000
1112.0000 1112.0000 1112.0000 1112.0000 1111.0000 1111.0000 1110.0000 1109.0000 1108.0000 1108.0000 1107.0000 1106.0000 1105.0000 1105.0000 1105.0000 1104.0000 1104.0000 1104.0000 1103.0000 1103.0000 1102.0000 1102.0000 1102.0000 1102.0000 1102.0000 1101.0000 1101.0000 1100.0000 1100.0000 1099.0000 1099.0000 1098.0000 1098.0000 1098.0000 1097.0000 1097.0000 1097.0000 1097.0000 1096.0000 1096.0000 1096.0000 1095.0000 1095.0000 1094.0000 1094.0000 1094.0000 1093.0000 1093.0000 1092.0000 1092.0000 1092.0000 1092.0000 1092.0000 1092.0000 1092.0000 1091.0000 1091.0000 1091.0000 1090.0000 1089.0000
1112.0000 1112.0000 1112.0000 1111.0000 1111.0000 1110.0000 1110.0000 1109.0000 1108.0000 1107.0000 1106.0000 1106.0000 1105.0000 1105.0000 1104.0000 1104.0000 1104.0000 1103.0000 1103.0000 1102.0000 1102.0000 1102.0000 1102.0000 1102.0000 1101.0000 1101.0000 1101.0000 1100.0000 1100.0000 1099.0000 1098.0000 1098.0000 1098.0000 1097.0000 1097.0000 1097.0000 1096.0000 1096.0000 1096.0000 1096.0000 1095.0000 1095.0000 1095.0000 1094.0000 1094.0000 1093.0000 1093.0000 1093.0000 1092.0000 1092.0000 1092.0000 1092.0000 1092.0000 1092.0000 1092.0000 1091.0000 1091.0000 1090.0000 1089.0000 1088.0000
1112.0000 1112.0000 1111.0000 1111.0000 1110.0000 1110.0000 1109.0000 1108.0000 1108.0000 1107.0000 1106.0000 1106.0000 1105.0000 1105.0000 1104.0000 1104.0000 1103.0000 1103.0000 1103.0000 1102.0000 1102.0000 1101.0000 1101.0000 1102.0000 1101.0000 1101.0000 1100.0000 1100.0000 1100.0000 1099.0000 1098.0000 1098.0000 1097.0000 1097.0000 1097.0000 1096.0000 1096.0000 1096.0000 1095.0000 1095.0000 1095.0000 1095.0000 1094.0000 1094.0000 1093.0000 1093.0000 1093.0000 1092.0000 1092.0000 1092.0000 1092.0000 1092.0000 1092.0000 1092.0000 1091.0000 1091.0000 1090.0000 1089.0000 1088.0000 1088.0000
1112.0000 1111.0000 1111.0000 1110.0000 1110.0000 1109.0000 1108.0000 1108.0000 1107.0000 1107.0000 1106.0000 1106.0000 1105.0000 1105.0000 1104.0000 1104.0000 1103.0000 1103.0000 1102.0000 1102.0000 1102.0000 1101.0000 1101.0000 1101.0000 1101.0000 1101.0000 1100.0000 1100.0000 1099.0000 1098.0000 1098.0000 1097.0000 1097.0000 1096.0000 1096.0000 1096.0000 1096.0000 1095.0000 1095.0000 1095.0000 1095.0000 1094.0000 1094.0000 1094.0000 1093.0000 1093.0000 1092.0000 1092.0000 1092.0000 1092.0000 1092.0000 1092.0000 1092.0000 1092.0000 1091.0000 1090.0000 1089.0000 1088.0000 1088.0000 1087.0000
1112.0000 1111.0000 1111.0000 1110.0000 1109.0000 1109.0000 1108.0000 1107.0000 1107.0000 1107.0000 1106.0000 1106.0000 1105.0000 1105.0000 1104.0000 1104.0000 1103.0000 1103.0000 1102.0000 1102.0000 1102.0000 1101.0000 1101.0000 1101.0000 1101.0000 1101.0000 1100.0000 1100.0000 1099.0000 1098.0000 1097.0000 1097.0000 1096.0000 1096.0000 1096.0000 1095.0000 1095.0000 1095.0000 1095.0000 1094.0000 1094.0000 1094.0000 1094.0000 1094.0000 1093.0000 1092.0000 1092.0000 1092.0000 1092.0000 1092.0000 1092.0000 1092.0000 1092.0000 1091.0000 1090.0000 1089.0000 1088.0000 1088.0000 1087.0000 1087.0000
