layers/lidar/original_vars/slp.asc
NCOLS 197
NROWS 268
XLLCORNER 587674
YLLCORNER 4631485
CELLSIZE 1.000000
NODATA_VALUE -9999.0000
[rows 120 to 149 of 268, columns 0 to 67 of 197]
4.5369 4.4406 3.0698 1.4308 2.4211 3.0321 2.2605 2.3580 3.3205 2.2222 1.7230 3.6846 4.9168 3.4891 3.2170 2.7229 3.8386 5.5467 5.8345 6.5665 9.0052 7.2749 3.2803 3.4259 1.3431 4.9732 15.3948 16.8513 10.4534 5.0524 3.8297 5.4434 8.0654 8.8284 8.0511 8.3731 10.3473 13.8454 18.9423 21.1679 19.4116 16.5772 11.7898 8.7381 9.3976 10.6894 11.3657 9.4684 8.2723 10.3776 15.1599 17.6763 13.4766 11.1535 12.1924 10.9318 8.9415 7.5747 8.2324 5.9471 2.2777 7.6569 22.6416 30.0717 26.6976 15.8499 7.5416 6.7260
3.1245 2.8473 2.5428 1.3984 0.3745 2.6770 3.5728 3.1390 4.0080 2.5547 1.6481 3.2825 4.2912 2.0615 2.8917 4.5729 6.5406 7.0618 6.8441 8.8835 10.2042 6.6279 2.1964 3.3113 4.1226 6.7999 13.7201 15.9919 11.5621 6.0302 4.3903 5.4065 8.9752 10.3900 9.0672 8.2716 9.8196 14.8208 19.1020 20.0159 17.8842 15.4331 11.8309 8.9184 8.7741 9.8864 10.8840 10.1029 7.6196 6.7934 13.8550 18.6529 11.6105 7.5428 10.2808 10.1343 7.1362 6.1462 10.1107 8.2444 4.9002 6.5783 21.5112 29.7832 26.0380 15.6025 9.9293 10.2955
2.4552 2.3254 2.6302 2.2413 1.2296 3.3166 4.5723 3.7696 4.2330 2.7456 1.4138 2.3828 4.4575 2.9208 3.0764 5.3566 6.9102 6.4552 6.4406 8.5582 8.6826 5.7306 4.1554 4.6262 6.7328 5.3440 11.1260 16.0471 12.6665 7.3196 4.9065 4.8833 9.1184 11.6712 9.1491 7.9443 11.1093 16.3616 17.5096 15.9840 15.3592 14.5078 11.9365 9.5323 9.0052 10.1557 11.0255 11.0171 8.7652 6.1489 11.8988 17.5199 11.2679 6.9038 8.6890 9.0814 5.7285 5.7077 10.2530 10.8207 6.9297 7.7715 21.7541 28.6387 23.7636 13.1871 9.6863 12.5267
2.6389 2.9922 3.6830 3.5896 1.2139 3.1669 4.4315 3.3753 4.0396 3.0750 2.1841 1.3151 4.5681 3.9719 3.3595 4.4243 4.5909 3.5921 4.8476 7.4000 7.1352 4.9731 4.7902 6.6036 8.4829 6.4059 10.2149 16.2305 13.5117 8.7767 5.1860 5.1247 8.7085 11.3383 8.8972 7.8860 11.1271 14.3818 13.8532 12.3369 14.0007 14.7163 12.2577 9.3360 8.5906 10.2636 11.3967 11.8374 10.6236 6.2326 8.7538 15.0202 11.3597 7.1811 7.8107 8.1883 5.3734 6.2748 9.2604 10.4537 8.6369 12.9123 22.7139 25.9771 20.9728 12.0070 8.2578 11.5791
3.0131 3.6167 4.8008 5.5976 2.7804 2.7966 5.0844 4.3254 4.8051 3.6683 2.6275 0.3376 4.8737 4.8955 3.0377 3.5035 4.3415 4.0080 5.6312 6.3644 4.9760 4.1772 3.6615 6.8222 10.3036 12.2148 14.9918 14.9176 12.8443 9.6398 5.1524 4.7132 6.6634 8.6417 9.1747 9.7729 10.6267 11.4675 11.9163 12.3148 14.2188 14.5637 12.1037 8.4399 7.3505 9.7598 11.9879 13.2368 13.2074 8.0131 6.5716 11.5704 12.1556 10.2626 9.5270 7.3567 5.3606 5.7881 7.0610 9.8032 11.2164 16.4287 21.8657 22.7437 19.5989 13.8441 9.6123 10.3847
4.0854 4.5169 5.1251 7.0085 5.2022 3.9311 5.8268 5.7709 4.9888 2.4731 4.0068 2.1739 6.3334 5.4815 1.7488 2.6104 5.0515 6.7266 7.4260 5.3023 3.2378 4.7260 5.5869 7.1360 11.7128 13.2671 12.3582 11.1162 10.7982 9.1592 5.3524 4.1889 4.2826 4.8588 9.5907 12.8297 10.9966 9.9254 11.6218 14.1266 15.1271 13.9778 11.6740 7.4092 5.5315 8.6285 11.6227 12.3698 12.8930 10.4920 8.2564 9.0792 10.6618 12.1672 11.5605 7.7862 5.1217 3.5203 6.0774 10.7126 13.2874 17.5558 20.5732 20.7073 18.9290 15.4642 11.3336 10.1320
4.9917 5.0160 4.5494 7.1552 6.6320 5.3479 5.0352 4.9840 3.7079 1.9271 5.5122 3.2223 6.2221 5.4549 1.6075 2.2498 6.9029 9.9979 8.9732 5.6606 4.2458 6.2386 7.9663 8.2660 13.1181 12.5805 7.5988 7.1386 7.9528 7.6861 5.3200 3.9950 3.9060 3.5341 8.3882 13.2761 10.1076 9.0694 11.7447 14.8853 15.7276 14.6135 12.3423 7.1432 4.1509 8.4656 12.4532 11.5165 8.5079 7.9861 9.1020 7.9417 8.0970 10.6089 10.9404 8.6019 5.9557 4.5319 8.4088 12.1182 14.8530 18.0245 19.6790 20.0611 18.4397 15.7273 12.3986 9.4237
4.1197 4.0885 3.2824 5.9239 6.4026 5.2024 3.5652 2.7624 3.6244 3.9534 6.0435 8.8680 6.5087 3.0951 1.7265 4.3762 8.7906 10.3214 7.6462 3.5205 4.2226 8.3142 10.2853 10.0475 12.3346 11.2048 5.9725 5.4030 6.2349 6.6068 5.3186 3.7364 3.6209 5.7915 9.5305 9.6830 7.6218 9.1476 12.5380 14.6187 15.6606 16.4811 13.8781 7.7746 6.1654 10.3246 12.3761 10.5711 5.7280 4.1590 7.3769 8.1006 7.8948 8.2374 8.6412 8.3313 7.0771 8.2171 11.9896 14.8820 16.5372 17.0526 18.1119 19.0590 17.5541 15.2331 12.2616 9.3630
2.9104 3.1780 2.5470 3.7101 5.0502 4.4736 3.2875 3.1757 4.0045 5.6771 4.1153 7.2223 8.4008 5.3853 3.3498 6.9973 8.1901 8.4794 6.9848 3.9950 5.6334 9.4670 10.7046 9.3318 9.3524 9.2097 5.9164 4.7961 5.5480 6.6883 5.5151 3.1983 3.4902 6.3587 7.6347 6.1498 4.6629 7.8293 12.8977 14.0449 14.9792 17.7576 15.3085 9.3163 8.7173 9.8000 9.2031 9.1533 6.5097 4.3272 6.6472 8.2152 7.4974 5.9895 6.6969 7.9841 8.1009 11.0044 14.9220 16.9461 15.3847 13.7131 16.2874 17.7954 17.1175 15.3481 12.4948 11.9191
3.1333 3.3563 3.3061 3.0635 4.1619 3.5353 2.7368 4.4355 4.8141 4.1982 4.8882 4.5183 5.8333 7.8804 7.8829 9.1144 8.2074 8.1450 7.9694 6.9261 7.5373 8.4690 8.2271 6.3274 6.8220 7.7454 5.9905 4.9354 5.5041 7.1266 4.7992 1.5704 3.7850 7.3154 8.5812 7.8120 6.8608 8.5912 12.3577 12.5896 12.8574 17.3914 17.5567 12.8564 10.5562 7.7043 5.7614 7.7749 8.3626 6.6297 7.7950 9.1267 6.8628 3.3748 4.1477 8.5437 10.9700 13.1194 15.3943 16.7467 14.2336 12.3103 15.7488 17.7815 18.3338 17.7540 16.5369 16.8587
3.3932 3.6569 4.0520 3.6210 4.9477 4.3762 3.8489 4.1799 1.8788 1.9526 5.7359 4.5682 1.9397 5.5497 9.6037 10.1882 9.1816 9.1980 9.0738 7.3133 5.7037 5.5947 5.8065 7.0094 8.2395 7.9299 6.7314 5.7369 5.7068 6.7779 3.7705 1.2008 4.6667 8.9286 10.2630 10.0212 9.7772 11.7184 12.6948 11.2933 10.4209 15.5746 19.2277 16.0694 10.0506 5.0776 3.8702 5.7537 7.2543 6.7867 9.3897 10.5610 7.4550 4.2194 4.1913 10.0755 14.8105 15.4223 13.8049 13.5460 13.6411 13.0730 16.6876 20.1945 21.5559 21.0155 19.3634 18.0581
3.1249 2.6823 3.3713 3.1520 5.5248 6.6347 6.3229 5.2012 4.0178 3.5316 6.8507 3.5925 1.6142 4.4079 6.3975 6.9653 6.6463 6.8436 6.5461 4.5835 3.7995 4.4834 4.1122 5.9071 8.4795 8.2620 7.3923 6.7295 6.1704 6.3042 4.0987 3.5063 6.6876 9.8223 10.5792 10.8695 10.6114 10.7702 10.8139 10.7351 11.9522 15.5484 17.9445 15.3548 9.4224 4.9584 4.6853 6.4815 8.2145 9.0945 10.9089 10.8412 7.9610 5.6093 6.8840 12.0040 17.3560 16.7742 11.8225 9.3371 10.9930 13.5398 19.5150 24.2339 24.6668 22.9178 20.2018 18.2373
3.4200 1.5966 2.9061 2.9838 3.5225 4.8391 4.8977 4.6681 5.0123 4.9618 6.3248 2.9530 1.4689 4.3786 6.9543 5.0622 3.4897 4.2377 4.8130 4.6414 4.9687 5.5033 4.3168 5.2478 9.1735 8.8718 7.8677 8.0771 6.6831 5.6137 4.5036 5.5674 8.8881 10.6737 12.4374 13.2140 11.0643 8.4145 8.6309 11.3308 13.8188 14.7023 14.0044 11.5536 9.0764 7.0111 6.3243 7.4451 9.6937 11.2476 11.4206 9.9137 7.8319 6.7295 8.4250 13.0993 17.6866 16.6132 10.5753 7.6921 8.9771 13.7973 22.5101 27.7033 27.4598 24.2064 19.3333 16.5672
4.0242 2.3753 2.7518 3.9911 1.1791 1.6625 2.2660 3.1331 3.5789 3.1579 4.3673 2.4257 1.8340 2.5902 5.9282 6.7492 4.8562 3.2229 4.9920 7.3888 6.6228 5.9763 5.1005 5.9679 10.7514 10.5457 9.8638 9.8975 6.5423 4.4196 5.6481 9.0518 10.9307 11.6086 13.6108 12.4788 8.4079 6.5477 10.3679 14.4081 13.2581 11.4474 10.0740 8.4861 8.2908 8.2652 7.0874 7.5511 11.3290 13.1502 11.1587 8.7783 8.0241 8.7948 9.9459 12.9520 17.0504 16.7560 10.8951 7.5123 9.6871 16.6482 24.5259 28.9444 28.7780 23.7265 16.5204 13.7213
4.1673 3.5283 3.3900 4.2039 0.8421 0.8537 1.9574 2.3247 2.9970 2.8261 3.5662 2.0106 1.2835 1.3129 4.4565 6.8571 6.8568 3.9950 6.0649 8.9975 5.7218 4.9423 4.9231 6.4148 10.1949 11.0112 10.2076 8.9842 5.6529 5.0544 10.4887 13.9674 11.8340 10.1999 10.0030 7.7786 6.5026 9.6307 14.0659 13.6030 10.5851 9.3862 8.7898 8.3651 8.9645 8.8604 6.1404 5.2292 12.7762 16.5345 11.9256 8.2253 8.2764 11.0210 11.9850 13.5789 16.9006 16.4671 9.6441 6.5493 10.0492 17.8933 24.9354 28.6440 28.1901 22.2512 14.1954 9.9601
4.5298 4.5122 3.9697 3.5767 1.6237 1.3231 2.1949 2.2491 2.1479 2.0005 2.5925 0.9699 2.8374 1.8269 4.1246 5.9657 6.7288 5.7133 7.7366 10.6021 8.5115 8.0478 7.8354 6.3797 8.0122 10.1183 10.1486 8.1753 3.6166 3.1936 10.7145 11.1587 6.2657 6.5205 5.8710 5.6355 8.9347 13.0206 12.2612 8.4219 7.9259 9.3884 9.7872 9.8548 10.0672 8.8914 4.9139 0.9105 10.9313 19.7642 15.6844 8.7006 8.3576 12.6554 12.6433 12.6891 15.1340 14.3452 8.2650 6.6819 12.2345 20.4145 26.1344 27.9620 26.6687 21.2648 13.6773 8.1740
5.0227 5.0635 3.2302 2.3536 1.6764 2.1184 2.5742 2.8463 1.9960 1.9091 1.9924 0.8367 3.9642 0.7074 4.2263 4.7041 3.9618 3.2732 5.6376 8.0494 7.3163 8.0699 9.5834 10.1872 10.6005 12.2114 14.6380 14.9083 10.3961 6.5597 10.9187 12.2690 8.2342 6.6895 5.1630 4.8126 10.0003 14.4045 12.0913 7.9442 7.7345 9.9289 10.8753 11.1970 10.9788 8.4397 4.6449 4.5524 10.0347 19.5105 17.8525 11.3729 10.6337 12.8089 10.7723 9.9920 13.0460 13.3423 9.7206 8.0037 14.3103 24.0174 26.6197 25.9532 25.1047 21.3179 15.9883 15.0596
3.9604 4.5808 3.7965 2.5066 2.0632 2.2408 2.0028 2.4773 1.4174 2.1288 2.1455 2.2243 4.8563 4.4789 5.6848 5.4461 3.9835 3.2889 4.7125 5.7434 5.6507 5.6351 8.0815 11.5793 12.0732 11.0902 13.3167 16.7600 15.0552 9.9539 10.2158 11.0556 8.7274 7.3726 5.9891 6.0553 10.0099 12.2962 10.6734 8.9569 9.2260 10.7062 11.2440 11.3004 10.9585 8.7020 5.9716 7.9147 13.8726 19.2136 18.2465 14.3205 12.5007 10.0820 7.7553 10.4216 14.0047 14.2830 11.3989 9.8007 17.2717 26.3857 24.3134 22.4841 24.3358 22.3923 18.5959 18.3182
2.4968 3.1863 3.2254 2.6642 2.5302 2.1010 0.4342 1.8946 1.0168 1.0434 1.7456 2.8780 4.4577 5.6947 5.3817 5.0876 3.6167 2.7228 3.1798 4.1554 4.9134 4.1186 4.2906 7.3074 9.1898 6.4332 5.3849 11.3148 15.5252 12.8724 11.5456 10.9187 8.3037 7.2478 7.5639 8.0981 9.8923 10.2446 7.8035 8.6255 11.2127 11.5948 11.1282 9.8732 9.0768 10.6052 11.8470 12.5610 15.6431 18.2720 16.9922 13.3535 10.6038 7.3229 8.1378 13.9372 16.3691 14.8849 12.4820 13.0904 19.8693 24.8557 19.8102 20.1398 25.6301 22.9866 18.0571 16.3806
2.7443 3.2585 3.0966 2.1042 2.2754 3.0639 1.5021 1.3196 1.5629 0.3507 0.5115 2.4855 1.1331 1.7935 3.5017 4.3025 3.0809 2.0127 1.7888 2.5042 3.8294 3.7159 2.6710 6.4911 8.7612 6.5804 1.7035 6.3068 14.4805 15.2923 14.3932 12.8754 9.5561 7.4985 8.4089 8.8743 9.8259 11.2630 8.8963 8.7076 12.0403 12.4279 11.8409 9.3615 6.1383 10.3776 17.4065 16.4987 14.5885 15.5238 13.7990 9.7049 7.7259 7.4564 11.3188 16.6158 16.6553 14.4487 13.9493 15.9815 19.2936 20.0372 16.5838 21.4628 27.8905 22.9070 17.3196 15.7807
2.9964 3.7393 4.1203 2.3692 2.5339 4.0088 3.3277 2.8069 2.6608 1.7183 0.9815 1.9985 2.7187 2.6841 3.6798 4.2737 3.2118 2.3861 2.1686 1.9653 1.5501 2.7173 5.0143 7.8209 8.4360 5.6744 1.1010 3.8398 10.6206 13.7422 15.1685 14.7685 11.6721 9.5525 10.7336 10.1013 10.3556 13.2223 10.4659 8.8388 10.3924 12.8139 14.7429 13.2155 12.1442 15.1665 19.6781 16.8798 12.5045 13.0996 11.8550 8.1016 5.6027 8.5129 14.7185 16.4973 14.6474 13.6244 15.1377 16.6118 16.7792 15.9416 16.8583 23.9084 27.9057 23.0582 18.0762 15.5544
2.6061 3.4016 4.7641 3.4239 3.4782 4.3088 4.0849 2.8960 3.0402 3.6347 4.2171 4.0813 5.0673 4.1229 3.3975 3.2815 2.3044 2.0876 2.6528 3.0110 2.5867 1.5035 5.4422 9.0080 8.4118 4.8378 2.1743 4.5226 8.3185 11.0980 13.2360 13.9456 11.7547 11.3945 14.2595 12.6744 11.3441 12.7571 9.9901 6.7936 8.3350 13.5559 18.1094 15.9528 15.3593 18.1621 18.2447 14.6019 11.5016 12.2741 11.7039 7.6522 5.1104 9.7442 17.0300 17.1528 14.4832 14.7356 16.1276 15.4575 14.4382 16.2652 21.4677 26.0899 25.9134 22.5898 18.2180 13.3155
1.7817 2.4805 4.3019 3.8317 3.4578 3.7885 4.4305 2.4900 2.6885 3.6057 4.3751 3.7775 2.9341 1.8058 1.7658 2.3417 2.0905 1.5879 2.2412 2.9081 3.1670 2.7703 3.6887 9.1367 8.9046 5.2753 2.9603 4.8230 6.9653 9.2631 11.6516 11.9498 10.5268 12.0022 16.0266 15.2543 12.5586 11.4973 9.6159 8.5140 9.8762 14.5597 18.5186 16.0736 14.0246 15.1293 14.3124 12.6845 11.9507 12.5793 11.8642 7.7792 6.7350 12.4321 18.2354 17.5998 15.0873 15.6844 15.7554 14.3118 15.3989 20.9950 26.4818 25.7738 21.9463 20.1775 17.0449 12.1859
1.0766 1.1725 2.2735 2.5227 0.6867 0.5734 2.8180 3.4997 3.7497 3.8082 2.9650 2.8020 1.1632 1.1308 2.3420 3.0392 2.0694 1.0306 2.1407 3.1455 3.3367 4.1006 2.7613 7.4261 8.0669 5.8317 4.7499 6.5563 7.7510 9.0195 10.7542 9.8144 9.5628 12.5835 16.4334 16.7827 14.7301 12.1438 10.2705 10.3852 11.4830 13.8386 15.8817 15.6465 14.8048 13.7029 11.0795 9.5378 10.1388 12.1584 13.7427 11.6942 11.3348 15.0250 17.4538 15.9644 14.0347 14.9272 15.6671 16.6265 19.1135 22.4948 24.2995 20.1168 17.1779 17.6400 15.0261 12.5149
2.5314 2.4556 2.6686 3.2913 2.7032 1.5444 2.8378 3.8722 4.0064 4.0467 2.6903 2.4003 2.0410 1.9077 0.4400 3.7298 2.2097 1.7557 3.4004 3.4246 2.4211 2.3265 1.5571 4.7253 7.3634 6.2037 4.4379 7.3778 9.4073 8.7218 8.5081 8.2505 9.4636 12.9433 16.0458 16.7466 17.0103 15.4698 13.0712 12.3923 12.0101 12.2270 13.1447 14.4804 15.6196 15.0781 10.9557 7.4541 9.2586 13.0173 16.0327 13.0748 12.8086 14.3512 14.0159 12.8644 13.1449 15.0597 17.7259 20.5346 20.1132 19.4666 21.1127 18.1214 17.2624 17.7930 11.7504 11.9951
5.0360 5.2048 5.1575 5.2950 6.0071 6.6362 5.2544 3.4688 2.2718 3.7040 3.6862 3.8902 4.0919 4.9649 4.4642 2.4268 2.6141 3.6776 3.8819 2.6804 2.5209 0.5695 1.8986 3.0168 7.3617 7.5915 4.8204 6.3230 8.7804 8.5658 8.2656 8.6071 10.0174 12.8410 13.9555 13.9856 16.9283 17.9805 15.4695 13.8439 12.5200 11.5375 11.7154 13.3320 15.4838 15.5338 11.8256 8.1727 10.5827 15.2449 18.1797 14.4648 11.8043 11.3665 9.7841 10.1670 13.2474 16.5386 20.2051 22.5944 18.6998 17.4317 21.8339 21.3935 20.4384 18.3469 10.1335 12.2075
5.1749 5.1381 4.7340 4.4907 4.3498 4.5494 4.2853 4.8302 3.2394 5.0810 4.2350 5.4248 5.5438 5.8167 6.9220 5.3265 5.5533 6.2123 3.6565 1.5431 2.7043 2.0881 2.8955 5.0202 8.0760 5.5591 3.6244 5.7259 7.6795 7.6937 8.3151 10.3127 13.6906 15.1287 12.6916 11.6878 16.5576 19.3133 15.7730 13.7891 13.4151 11.9485 11.4347 12.9808 15.2473 15.4112 12.9678 11.1402 13.9115 17.6175 19.2460 16.2652 11.2672 9.4760 8.7250 10.1103 14.8129 19.1036 21.9577 23.2309 19.0520 17.3905 23.0822 24.5533 20.6400 15.2087 12.0986 17.5647
3.6391 3.2539 3.6340 3.6179 1.9628 1.5074 3.2520 4.4232 4.2716 5.7047 3.6726 4.1913 4.0982 4.0832 5.3348 6.2584 6.7666 5.3037 3.0599 2.5605 3.8684 3.3978 2.5094 3.8972 4.6842 4.8991 8.2491 9.1219 7.6418 5.3317 6.7231 11.3255 18.8009 19.9894 13.5986 12.0572 16.7425 19.0645 14.9661 13.3810 14.0778 12.3531 11.7017 13.3204 15.2963 15.6509 14.4419 14.2443 16.0887 17.4450 18.5069 16.9940 11.9648 10.0530 10.4360 13.5103 18.7168 21.9410 23.0108 23.0557 19.7056 17.4870 23.4168 25.1192 16.2094 12.1311 16.2301 21.3897
2.7145 2.0362 3.1042 4.3819 3.2377 2.6287 3.5475 3.6625 2.8444 4.6541 1.8780 2.0994 2.0166 2.4462 2.9034 3.1083 4.4128 3.9673 3.7722 3.8467 3.7638 2.0819 0.9204 2.3587 2.2163 5.6194 5.4758 10.9480 8.0922 3.0815 2.5595 6.0227 18.3970 23.3476 17.2614 13.6428 15.8661 17.6034 15.1559 14.0201 14.1807 12.5639 12.2443 13.9729 16.0049 16.6026 15.1286 14.9224 16.1835 16.4899 18.2450 18.3455 13.8284 12.1059 12.2139 15.8616 20.9961 22.2597 22.1612 22.0614 19.9915 18.4411 24.0779 25.8468 18.2630 17.2439 21.0995 23.7488
2.8565 2.5529 2.8811 4.6673 4.4565 3.6355 4.4987 5.6963 4.2099 4.3700 1.7281 1.9246 1.4950 2.9745 3.0866 2.7228 3.4072 3.0530 2.9527 2.7730 1.5703 0.6526 0.5178 1.4811 0.2421 4.0299 3.3507 10.8756 7.8761 2.6105 0.2055 3.2022 14.7599 22.4446 19.9780 16.0318 15.7920 16.9709 16.3192 15.2730 14.4756 13.1513 12.9781 14.8282 17.3855 18.1240 14.7384 14.0128 16.7587 17.3342 18.9670 19.6880 17.0010 15.3477 14.8816 16.6621 21.2953 20.9479 20.3662 19.6535 17.2835 17.6254 24.3750 26.8890 22.0952 20.8128 22.4137 24.0916
