layers/lidar/original_vars/slp.asc
NCOLS 197
NROWS 268
XLLCORNER 587674
YLLCORNER 4631485
CELLSIZE 1.000000
NODATA_VALUE -9999.0000
[rows 30 to 59 of 268, columns 68 to 135 of 197]
9.2915 8.0022 8.6539 10.1665 8.4129 7.3493 7.9355 9.2865 8.9051 7.2461 6.3827 7.9499 9.8464 8.2293 5.7935 5.7671 7.3320 6.8970 5.0728 5.6937 7.3547 6.8269 6.5732 6.9416 7.0834 7.0828 6.9937 6.5803 5.9793 5.6510 6.1687 6.7436 6.1103 5.1084 4.9471 6.4161 5.7292 4.4010 3.7729 3.8490 3.6098 3.9018 4.6015 4.8496 4.8827 4.7107 5.0415 4.9657 6.1107 6.6095 7.3840 8.5990 12.4562 16.3973 17.3736 16.9516 14.8668 11.9113 9.6066 8.3844 7.6302 6.5146 5.2928 5.6288 6.7451 4.6433 4.3488 7.7125
10.1231 9.1526 8.5200 9.2523 8.0695 6.8111 7.6472 9.5240 7.6900 5.7748 6.1754 7.8448 8.9892 7.5619 5.5828 5.9619 7.3431 7.0335 5.3169 5.4829 6.8713 6.3287 5.9361 6.6710 7.1303 7.5051 7.6271 7.0935 6.6346 6.7999 6.7732 6.7324 5.9603 4.8643 5.4045 6.5126 6.8097 4.6871 3.7287 3.8592 3.8687 4.1398 4.7389 4.6793 4.6152 5.2393 6.0122 6.1939 6.9516 6.6293 7.2601 7.9197 10.8408 14.9378 16.1728 15.5101 13.4369 10.8926 8.6347 7.6870 7.9082 7.6513 6.6719 6.5599 6.7466 5.9344 7.7038 9.1956
11.1388 9.5902 7.4301 7.7826 8.1978 6.4348 6.8335 8.6289 6.5274 6.0666 7.0696 7.9267 8.4093 7.3675 6.0892 6.5796 7.6394 7.6905 6.2267 6.1472 7.0840 6.6626 5.9380 6.0582 6.3960 7.1334 7.5700 7.2010 6.8641 6.9961 6.4913 6.7123 6.3465 5.3237 5.6236 5.6217 6.5365 4.5515 4.3308 4.5758 4.3424 4.3536 4.6333 4.5735 4.0424 5.4358 6.3157 6.4334 5.6306 4.9059 5.7369 7.1742 10.4636 15.5608 17.3024 15.1921 11.6029 9.6044 8.0314 6.8051 7.1305 7.5331 8.0278 7.9558 6.2862 6.7713 8.9810 9.5194
10.4602 8.8168 7.3894 8.1383 9.6887 6.9151 6.2783 7.8374 6.6270 6.7194 7.6143 7.9020 7.6357 6.9102 6.2048 6.7616 7.8987 7.9546 6.5576 6.0083 6.4730 6.4705 5.7439 5.3610 5.6314 6.4017 6.8089 7.2050 6.8172 6.3765 6.0198 6.5658 6.7874 6.2562 5.8730 5.4739 6.5014 4.6866 5.0990 5.5352 5.1424 4.4237 4.3641 5.0285 4.6220 5.5917 5.1199 5.3167 4.3926 4.3246 4.4729 5.2611 9.1406 16.7190 19.8332 15.6516 8.5661 7.7935 9.1790 8.2984 7.7303 7.1266 8.3966 9.5843 7.0346 6.5929 8.3506 8.3671
9.6929 8.4062 7.9099 9.1738 10.1627 6.7462 5.8922 7.4204 6.6765 6.0812 6.7075 6.4988 6.2430 6.7784 6.8164 7.3001 8.3710 8.3469 7.0233 5.7273 5.4495 5.7089 5.2045 5.2022 5.8064 6.2070 6.0561 6.7960 6.7762 6.2428 6.2591 6.6308 6.6014 6.1508 5.8506 6.2466 7.5669 5.1429 4.6097 4.7841 5.0937 4.7487 4.8128 5.6674 5.6959 5.8746 5.3394 5.6674 4.9008 4.5023 3.4766 2.3626 7.2787 17.0400 21.7058 16.4572 5.7964 3.9273 7.6312 9.2727 10.2310 9.2340 9.4155 11.1555 8.5008 5.8647 7.4907 7.2660
9.8050 9.2438 8.5963 8.8411 8.5262 5.7021 5.8819 7.0130 6.3138 5.7924 6.0453 5.6232 6.1856 7.5648 7.7272 8.0486 8.8725 8.6443 7.2685 6.0016 5.6582 6.2987 6.4201 6.4656 6.6206 6.5392 6.1285 6.3571 6.2143 5.5958 5.8460 6.4562 6.2358 5.4595 4.9337 5.4414 7.6913 5.2151 3.3129 3.2032 3.8399 4.0299 4.4020 5.2738 5.7320 6.2997 6.6784 7.2167 6.9836 5.2377 2.8105 2.6168 7.9626 15.9416 20.3509 16.9947 6.8287 3.3800 5.0895 7.3790 9.4105 9.3562 9.5685 11.5893 9.9815 5.0933 7.3245 7.7112
10.2963 10.3561 9.7047 8.6865 7.0063 5.1437 5.5403 6.0494 5.6377 5.6254 6.1829 6.6104 7.5679 8.5662 8.6544 8.7612 8.9859 8.4831 7.1959 6.2940 6.5232 7.5046 7.7868 7.2602 6.6860 6.4649 6.3897 6.3986 6.0379 5.3335 5.4642 6.2878 6.6025 6.0782 5.0506 4.7409 7.0760 5.7414 3.6270 3.2370 2.9899 1.7674 1.4335 2.3841 4.0190 5.3046 6.1525 7.0783 8.3432 6.8243 4.8967 5.6285 8.9639 13.2171 16.1955 16.4534 12.8888 10.5183 9.1884 8.7038 8.7511 7.9327 8.5860 11.1825 11.8532 7.9474 9.3199 9.7299
10.4902 10.7474 10.0552 8.4674 6.6040 5.2185 4.9973 5.4635 5.8979 6.6352 7.7110 8.3934 8.6876 9.1821 9.4710 9.2124 8.7524 8.1535 7.2403 6.2174 6.0423 6.9179 7.3494 6.4041 5.7150 5.8893 6.4181 6.8173 7.0806 6.6118 6.2538 6.3811 6.7887 6.7922 5.8038 5.3280 7.3401 7.4055 5.7072 4.8786 4.2371 3.6397 3.0249 2.9527 2.0718 2.9128 6.3146 7.7258 9.0330 8.9306 8.3730 8.7628 9.1056 9.8625 12.0021 14.9162 16.6225 15.9305 13.9083 12.1647 10.1747 8.5314 8.6177 11.0026 12.6281 10.0301 10.5981 11.2278
10.3036 10.5064 9.9443 8.4726 6.9058 5.7517 5.4929 6.4734 7.6648 8.9686 9.8547 9.6319 8.9885 9.4075 10.0547 9.4399 8.4977 7.7694 7.5454 6.6512 5.9372 6.4601 6.9546 5.4932 4.6586 4.8934 5.8445 6.4939 7.4419 7.3992 6.8518 6.6064 6.9642 7.4016 6.8857 6.1116 7.0533 7.7585 7.4125 7.1387 6.3279 6.8426 7.8712 6.4660 4.1841 3.7093 9.6951 9.6819 8.8179 10.6307 11.6679 12.0886 10.0362 8.5388 9.7290 11.7838 14.1532 16.0447 17.3735 17.6796 13.9328 10.5010 9.0685 10.3366 12.0727 9.9934 9.8157 12.7205
10.1390 10.1819 9.8199 8.8073 7.6296 7.1218 7.3685 8.2085 9.0506 10.4445 10.9527 9.8024 8.7719 9.3662 10.0720 9.2391 8.4204 7.9934 8.3452 7.5829 7.1704 7.0732 6.6050 5.0543 4.3751 4.9429 6.4568 6.7367 7.4385 8.0159 8.2249 8.4237 8.6010 8.7886 8.6581 7.7352 6.9399 5.2606 7.0975 9.6361 8.9665 8.4348 8.9529 8.8637 8.7056 8.9490 12.3445 10.1450 7.3861 10.9666 13.9737 15.7977 14.3903 11.8849 10.7157 10.2925 10.6159 13.2866 17.1647 21.4825 19.3499 14.8053 13.4633 14.7742 16.4561 15.0963 12.6753 16.5646
9.8811 9.9471 9.6976 8.9284 7.9490 8.1470 9.0106 9.1494 9.5878 10.8665 10.7670 9.7678 9.3617 9.4389 9.6876 9.0293 8.3405 7.9804 8.0490 6.7183 5.4605 5.1882 5.5505 5.3730 5.7037 7.1338 8.4851 8.0210 8.0563 9.0021 10.0546 10.9687 10.8540 9.7983 8.7685 8.7707 9.9000 8.4292 9.1088 9.9631 10.8705 10.3684 10.1474 10.6713 11.4298 11.7958 12.7320 10.2509 7.8948 10.7216 14.7163 17.8392 18.3755 17.2748 16.0060 14.1621 9.6700 7.1371 8.5271 16.3227 19.8075 19.3548 20.5423 23.0034 24.4037 23.6398 20.6331 21.4499
9.2544 9.6857 9.6964 8.9134 7.3371 7.6059 8.9604 8.9215 9.5391 10.5079 9.8059 9.0284 8.7775 8.6204 9.3124 8.9871 7.7395 6.7851 6.2495 4.7247 3.2506 3.8820 6.0604 7.4854 8.9744 10.1450 10.0107 8.8106 8.3205 8.8986 9.5822 9.9458 9.9655 9.3243 8.0061 8.3316 11.0995 12.6835 11.1181 9.6986 10.6998 10.4235 10.4224 11.8585 12.6921 11.1820 9.3149 7.7913 7.1245 9.4367 12.8257 16.3668 18.6145 20.2406 21.7144 22.9804 21.9275 15.0731 7.6031 8.7653 15.4109 20.0473 20.5259 21.7369 24.4778 26.4811 25.0445 23.2585
8.3090 9.3630 10.0016 9.7134 7.8618 7.7814 9.1339 9.1248 9.3399 9.6944 8.6891 7.7133 7.1385 7.5293 8.5679 7.9398 6.3917 5.4890 4.9101 4.0795 3.7995 5.2970 8.0903 10.4311 12.2196 12.4313 10.9966 9.1663 8.1404 8.0028 7.7629 7.1469 7.5926 8.2462 7.6396 7.4216 8.7826 10.5526 11.1202 11.1541 11.4518 11.6240 12.9193 14.0515 13.7823 11.3894 7.7388 7.1945 7.9106 8.7648 10.6976 13.6930 16.5544 19.1716 22.2148 26.2085 29.7548 27.5201 18.4606 9.6913 12.8811 15.2995 13.5068 14.5790 18.3807 22.5521 22.1412 20.1378
6.7487 8.8023 10.2525 10.8323 9.8113 9.0440 9.3186 8.5231 8.2925 8.5294 7.5873 6.6993 6.2625 6.5496 7.0569 6.5342 5.5015 5.0197 4.9150 4.9609 5.0466 6.0843 9.2885 12.1037 12.9643 11.8245 10.4781 9.0013 8.1026 7.7450 7.2986 6.8557 7.2715 7.8867 7.4727 6.7188 7.9697 9.8541 11.4143 12.3911 12.9949 13.8885 14.4845 13.2530 13.5381 14.5622 14.3672 13.6990 12.4491 10.6566 10.8969 12.3297 14.2869 15.9646 17.2961 18.5681 20.7326 24.8423 24.9390 17.1376 15.6210 14.9578 13.9455 14.8039 15.8274 18.1581 17.6529 16.0555
6.1289 8.1963 10.1249 11.1844 10.4105 8.3472 8.1370 6.8494 6.5221 7.4202 6.8079 5.8726 5.5021 5.3659 5.6664 5.9167 5.3770 5.1704 5.6402 6.2969 6.8682 8.1893 11.0371 12.7654 11.4830 8.0075 7.1598 7.6052 7.8373 7.8945 7.8009 7.8425 8.1743 8.5680 8.5837 8.6918 10.6782 12.2612 13.1422 13.5763 13.4328 12.3291 10.5710 10.7934 13.9268 17.0306 18.4476 18.0955 15.5212 12.8579 11.7250 11.7467 12.8199 13.0273 11.9327 11.0473 12.7131 19.7048 23.1104 19.1275 18.0940 20.5742 23.5897 20.9661 16.5704 15.7302 15.1359 13.6235
7.9549 7.3493 9.2399 10.8907 11.2495 9.1630 8.1749 6.2533 5.1836 6.5778 5.8326 4.7437 4.8511 4.7406 5.0882 5.6855 5.1975 5.2954 6.3134 7.6141 8.8817 10.5429 12.4434 12.9675 9.9952 5.8654 5.1778 6.7081 7.7406 8.2068 8.5707 9.0375 9.4847 9.7254 9.7339 10.8540 13.4123 14.5987 14.6648 14.4583 13.8578 12.3561 11.1572 13.6304 15.8041 17.0144 17.4637 16.7734 15.1919 13.8301 13.2943 13.0563 12.7581 11.6679 9.9990 9.6200 11.4969 16.9609 19.4083 16.8633 16.5585 18.6559 20.8731 19.1311 15.1298 14.8597 15.1897 13.2180
9.8473 4.8272 7.2056 9.8555 12.0498 11.7861 9.8127 7.3857 5.3126 5.6335 4.4707 3.6535 4.4950 4.6141 4.9600 5.4035 5.0938 5.4851 6.9114 8.5740 9.4508 10.0348 11.0169 11.6027 9.0732 7.1455 7.4743 8.1050 8.4879 8.8937 9.4698 10.2160 10.9953 11.4010 10.8764 11.7437 14.0144 14.3380 13.9157 14.2883 14.7368 15.2038 14.8294 14.9045 14.8180 15.2713 15.2293 13.8758 13.2095 13.4632 14.2571 14.2496 12.8581 12.0130 11.9630 11.8572 12.2614 15.9059 18.4907 17.1855 14.1385 10.8023 8.1832 10.0139 11.2655 13.3949 15.1304 14.5392
14.0793 5.0076 5.0476 7.9183 10.2654 11.0123 9.5798 8.1541 6.1686 4.5075 3.8062 3.7308 4.8119 5.0210 5.0942 5.1758 4.9632 5.3828 7.2711 9.1635 8.9141 7.5489 8.3515 10.6898 9.8966 10.1009 10.6608 9.9746 9.4080 9.5578 10.2743 11.4396 12.7244 13.7445 13.7231 13.9336 14.4485 13.4398 12.7101 13.5427 14.8166 16.0883 16.3018 15.8893 15.6317 13.7661 12.3535 10.5729 11.0885 12.9198 13.4627 12.6549 11.6147 11.6627 13.1335 13.4411 13.1733 15.0747 17.5637 17.1510 12.9853 8.5647 7.4136 8.9552 9.8952 10.6377 12.1727 13.5318
19.7559 11.6314 6.7580 6.7098 8.7233 9.7049 8.5177 7.2326 5.4305 3.4776 3.9572 4.6291 5.4524 5.6173 5.5256 5.4237 5.1235 5.0809 7.4818 9.9508 9.0623 7.1416 9.1374 13.3272 13.2392 12.2277 11.6869 10.4836 9.6675 9.7977 10.7034 12.2424 13.9014 15.0986 15.1726 14.8487 14.6289 13.8132 13.0569 12.9259 13.1082 13.5099 13.7232 14.0760 13.9867 11.2634 10.7812 9.0898 10.3406 11.6211 11.4652 10.7814 10.8509 11.3715 12.0400 11.9896 12.3573 12.8723 13.9870 14.6847 13.8426 12.7238 14.4058 15.1302 12.2527 8.7909 8.4701 10.0466
24.5614 18.3964 11.6020 7.5911 7.5552 8.6963 8.7410 7.1222 4.2522 2.2998 4.4344 5.5970 6.1896 6.3493 6.2906 6.2991 6.2779 6.3874 8.4002 10.8513 10.3764 9.7245 11.8990 14.7498 13.6332 11.3237 10.7650 9.7363 8.7662 9.3551 10.5728 11.7931 12.8314 13.9245 14.0495 13.7594 14.0230 14.0769 13.2164 11.8704 10.6850 10.5139 10.5003 10.3818 10.4686 9.4733 11.2590 10.0485 10.5340 8.8945 7.8688 8.2167 10.9190 12.4484 11.8209 11.0172 11.5797 11.7976 11.8369 12.6357 14.8443 14.3380 13.6848 13.4794 13.0601 9.8609 8.7230 9.1203
27.4174 23.4107 16.3135 9.9980 6.6020 8.2131 10.6255 9.0225 3.8457 2.4419 5.8876 6.8701 7.1070 7.0390 6.9274 7.1542 7.4860 7.8123 9.1134 11.4029 12.0703 11.4929 11.1253 11.9792 12.1156 10.4917 8.5720 8.5034 8.0478 9.3831 10.6495 11.2139 11.3237 12.1932 12.9015 13.0254 13.0122 12.2936 9.8893 8.5503 8.8907 11.0137 12.7756 12.6669 11.4787 11.2462 14.0550 12.4959 9.6781 8.1562 7.8540 9.2755 13.3806 14.7374 13.7110 12.4366 12.7347 14.4394 16.1079 15.7293 15.4110 13.0495 9.5097 9.5376 12.3363 11.5995 10.5044 10.0008
28.5632 26.2050 19.6771 12.6750 7.9655 10.0056 14.0350 12.1628 3.9120 6.7155 8.8576 8.5752 8.0730 7.4848 7.0666 7.2074 7.4892 7.4215 8.4909 11.5485 13.1704 11.3066 7.6870 8.8386 12.4020 11.4959 6.5646 7.6319 9.2133 10.4993 11.5722 11.9985 11.7758 11.7540 11.8086 11.6840 11.1010 9.7360 8.1102 8.6830 10.4323 12.6399 14.0889 13.8518 11.9306 11.7235 14.1380 14.4316 11.0435 9.9864 10.7859 13.6400 16.0752 16.5618 16.1484 14.4104 13.7108 14.3108 15.2549 14.2342 14.0811 14.3861 12.1807 11.3595 11.8567 11.2314 10.3195 9.4268
27.8512 26.0666 21.0492 14.7123 8.1337 9.4950 16.5889 16.0281 11.9931 12.8945 11.1271 9.7556 8.7806 7.6408 6.6346 6.2785 6.4251 6.5171 8.3304 11.7089 13.3975 10.6417 6.3739 8.0223 13.8573 12.7683 8.4678 8.8692 11.2734 12.6349 13.9444 13.9216 13.0082 11.9936 10.5571 8.8495 7.6437 8.1507 10.5574 13.3127 12.9682 12.3997 12.3087 12.4834 11.2408 9.3839 9.9731 14.0269 16.0657 16.3026 16.8495 17.5853 17.0772 15.7158 15.7994 14.6660 13.9189 13.1412 12.4276 11.1989 12.7961 15.3480 14.0403 12.1680 13.9198 13.7336 10.1762 7.8067
23.1019 22.7683 21.7018 17.4487 10.1138 4.1362 14.3261 16.7915 13.1043 9.1789 8.2826 9.3599 8.6735 7.4434 5.9562 4.9379 5.5044 6.4676 8.3261 10.9098 12.3367 9.9035 7.4060 11.2841 15.9811 14.6778 11.8956 11.3906 12.7810 14.4073 15.0895 13.5029 12.2146 11.7360 10.1900 7.2628 4.5121 6.4607 8.9930 9.2926 9.3786 9.9939 10.5278 11.6455 12.6349 11.9141 12.2609 15.3651 19.4812 22.5059 22.8861 20.0100 17.0339 15.2212 16.1542 15.9084 15.7796 16.3793 16.7030 15.8649 15.4216 15.5709 13.4857 12.4249 16.9774 16.9031 11.6150 8.0603
16.5345 17.6679 20.6563 18.8756 14.2536 4.8954 8.4157 13.5047 11.5299 6.3655 7.2597 8.4405 7.3898 7.0027 6.0553 4.7773 5.5106 6.9415 8.1309 9.6386 10.8524 10.1046 9.3662 13.8222 17.0192 15.7149 13.3882 12.3494 12.9352 13.9567 12.8661 9.8185 9.1710 10.5930 11.0052 10.0330 8.5800 8.1530 8.5912 6.2518 7.8927 9.9599 11.0114 12.3371 14.9313 16.2229 15.5254 13.7855 13.3690 15.2960 16.7724 16.6760 16.7832 16.0072 16.7137 17.4395 18.1022 18.7190 18.5313 17.9136 17.2191 16.4958 13.6364 13.0605 18.3359 19.6186 15.1033 10.8412
12.9774 13.5225 17.1989 17.6476 16.4863 10.9580 5.9800 11.3151 12.8491 11.2107 9.2714 7.8329 6.7774 5.8525 5.9062 5.4956 5.8029 6.8176 7.5058 8.3451 9.4944 10.8026 12.4803 14.6080 15.2972 14.2785 12.2999 11.0263 11.2381 11.3177 9.4879 8.1067 8.5859 10.5599 12.9470 14.0845 14.4493 12.7883 11.4752 10.7899 11.6324 12.5834 13.5279 14.3219 15.7643 16.8941 15.5077 11.3667 7.2819 7.1802 9.0778 13.1688 16.7227 17.0578 18.2446 19.1838 19.1223 18.8720 17.4368 16.5377 16.8784 18.0311 15.6728 14.1809 18.9867 21.8025 19.9803 15.9123
12.3178 11.1978 13.6311 15.9701 18.0226 15.5041 6.3255 9.4385 11.7104 11.8070 9.6489 6.9534 6.1340 4.7705 4.8213 5.0811 5.0744 6.1769 6.9244 7.1215 7.6916 10.8735 14.4495 15.3557 14.5818 12.7370 9.7722 8.6316 9.1544 8.5444 6.8657 7.4373 9.3957 12.0336 15.4143 16.4114 15.7836 14.3430 12.9219 11.9385 11.9974 13.9391 15.5562 15.6508 15.9266 17.0713 17.7748 16.5958 12.6053 10.9115 11.0834 13.3622 15.7970 17.1193 19.3108 18.9761 17.7015 17.9734 15.9122 14.6658 15.3807 18.5257 17.7967 15.5581 19.0575 22.9791 25.3795 25.2947
11.9259 9.2224 10.7140 14.5927 19.3223 18.1494 8.2153 8.2250 11.0466 11.3848 9.7270 6.1270 4.9370 5.9148 5.1167 4.4436 3.6106 5.9711 7.1274 6.7407 6.4739 9.8524 14.0476 15.0916 15.5030 14.2017 10.7379 8.6991 8.3801 7.3828 5.6990 5.3209 7.7255 11.4594 14.2815 15.4686 14.6174 13.3726 12.3422 12.5335 13.3358 14.7260 15.0009 14.8328 15.4291 16.7770 19.5096 22.3318 21.2118 17.1795 13.8131 14.5059 16.0034 15.7455 16.1439 16.5816 16.5839 18.1714 15.8643 12.6638 13.0113 17.2171 18.7368 17.6969 20.3824 24.2472 27.1801 29.0848
11.4021 8.4695 9.7488 15.7416 22.0577 19.6209 10.7484 7.9158 9.7316 10.8172 10.7202 9.0883 6.9030 7.8282 5.3823 4.9100 3.1982 6.9625 8.0300 7.1160 7.4428 9.6733 12.0104 13.4298 15.1143 15.0157 12.6167 10.4020 8.8361 7.4529 5.3054 2.5599 5.6533 10.7542 7.4684 9.6001 11.2902 13.3026 14.8091 15.9029 15.8297 15.0845 13.8649 13.3400 13.8834 14.9157 17.8696 23.0399 25.7988 24.3400 21.6324 20.6985 19.2175 16.3160 15.0450 16.0695 17.0155 18.7610 17.2040 13.8048 13.1785 15.4074 16.8988 16.5224 19.3465 23.1763 24.3187 24.4634
13.1354 10.0244 11.0819 17.8179 22.3910 17.3751 9.1064 5.3480 6.7413 9.1686 11.0149 11.1315 8.3018 6.2233 3.4766 4.7910 4.2479 8.3334 8.3769 6.0924 6.9370 9.0987 10.3062 12.1845 14.5634 15.0184 13.7507 11.9044 9.6215 7.6692 4.8661 2.9104 4.4731 12.3447 5.8825 4.2533 9.5542 14.6366 17.9641 17.7823 15.6241 13.9257 12.7249 11.8669 12.1541 12.6383 14.1643 17.5445 22.7238 26.5761 28.3045 27.0647 22.9256 18.5542 16.4463 16.6278 17.6439 19.6432 17.9959 14.0238 13.1904 13.9847 15.0002 13.5294 15.1126 18.8379 20.7810 20.8150
