layers/lidar/original_vars/slp.asc
NCOLS 197
NROWS 268
XLLCORNER 587674
YLLCORNER 4631485
CELLSIZE 1.000000
NODATA_VALUE -9999.0000
[rows 210 to 239 of 268, columns 68 to 135 of 197]
38.4162 39.9765 39.7770 39.8327 41.6841 45.6211 47.9904 44.3421 37.9593 35.3585 35.3042 35.8261 34.5722 31.1212 28.6689 30.6063 34.0641 34.3773 32.2004 29.0957 24.4442 22.1009 24.5127 26.0114 24.9919 18.8859 7.3964 4.5386 6.0913 3.2482 4.1643 7.0529 5.1112 2.5973 2.6307 1.2246 0.3470 1.3705 4.6791 5.3086 3.6826 3.0634 3.4647 3.2666 3.5370 4.2143 5.4235 6.1121 5.5912 5.1010 5.0579 3.9410 3.7604 5.5383 4.9182 7.5146 12.7350 16.9746 20.1894 22.5147 23.8940 24.3365 23.4614 19.3110 16.2873 14.7874 12.4967 9.2007
38.9293 39.7857 39.9471 40.3563 41.3856 45.2049 47.8353 43.6619 37.3378 35.2310 34.6984 34.0552 31.9569 28.8318 27.5802 31.7602 37.1097 37.4273 34.8688 31.1937 23.8643 19.5243 22.8026 24.0245 22.1183 15.8076 4.7723 3.7561 5.7930 4.0435 3.6162 7.0835 6.5795 3.9660 4.4865 4.9348 5.4908 4.6195 6.4175 6.2572 4.7200 4.7009 5.3311 4.9018 4.8309 5.3214 6.3354 7.0567 7.1525 6.7664 6.1049 5.2323 5.1217 5.5874 4.4984 9.7100 15.0872 18.1255 20.1940 21.5962 22.1452 21.3016 18.4649 13.3070 10.4618 9.1437 6.5897 3.4612
37.8858 38.6681 39.7087 40.4596 40.8172 43.9207 46.3609 43.5952 39.3050 37.1317 35.3070 32.6276 28.8897 26.1974 27.5697 33.5312 38.8947 39.1381 36.3534 31.0029 20.5286 17.3692 20.6375 21.0135 18.6817 13.5038 5.3891 1.3944 3.8902 4.3753 4.7071 8.0625 7.7592 4.9755 5.7190 7.2961 8.9706 9.2325 8.3330 7.6358 7.2483 7.8706 8.8530 8.9233 8.1216 7.4808 7.4909 7.7034 7.9230 7.7821 6.8725 6.1115 6.5728 8.0414 9.9202 14.7709 17.9484 19.0922 19.9557 20.4612 20.2179 18.5446 15.1380 10.4882 6.4376 3.0593 0.6244 3.7187
35.9181 37.2751 38.7219 39.6163 40.0823 42.1863 44.0465 43.8154 42.2515 39.8328 36.9097 31.9686 24.8356 21.7154 27.5455 35.9144 40.6964 40.4555 36.5811 29.1778 17.7638 13.8043 16.6448 17.1305 15.2018 11.2418 5.9057 1.1663 2.3040 4.4115 5.9013 7.9746 7.7869 5.4896 5.9515 7.1709 8.0065 9.0935 8.6847 8.6445 8.8337 9.5082 11.2964 12.6676 11.7162 9.9347 8.7437 7.7056 7.0225 7.0432 6.6372 6.5173 7.7550 10.5214 14.0119 17.1748 18.5298 18.8133 18.9901 18.9201 18.2116 16.0935 12.3573 7.3028 2.8394 5.3410 9.8768 13.3241
34.8786 36.0823 37.1457 37.9735 38.9384 40.9007 43.2094 44.6536 44.2506 41.9524 38.6339 31.4105 19.0191 13.5122 27.1639 40.1538 44.3712 42.6427 36.2012 26.6069 17.7363 13.6445 14.1932 14.5538 12.6542 9.4852 6.0293 3.2477 3.0160 4.5424 5.2696 6.2126 7.3114 5.9246 5.6916 7.1388 8.5959 9.1230 9.3586 9.2214 8.9947 9.3258 10.4673 12.0234 12.5428 11.3047 9.8592 8.5722 7.4687 6.6722 6.6238 7.5546 9.2198 11.9533 14.5183 16.3795 17.3384 17.6285 17.4615 17.0645 16.0917 13.5363 9.3818 3.9859 7.1654 15.2316 21.7276 26.2236
34.5722 35.1443 35.5679 36.2010 37.3784 39.6413 43.7181 46.3651 45.6293 42.8387 38.7627 29.6003 13.1143 5.0224 24.3397 43.5341 48.4893 46.0835 35.8720 22.3294 16.4350 14.8205 14.6150 13.8236 11.2667 8.6510 6.4504 4.8271 4.6694 5.4568 5.8040 6.1912 7.9528 7.4405 6.3013 8.0090 11.1781 11.9233 12.7250 11.3484 9.7798 10.1379 9.6936 8.9477 9.7925 10.7058 10.9732 11.3047 11.4772 10.8067 10.5739 10.7588 11.7086 13.3362 14.2919 15.1439 15.7135 15.7728 15.4247 14.8526 13.5590 10.5350 5.9283 2.7646 15.3256 28.0374 35.3402 39.5063
34.6445 34.3682 34.1058 34.5213 35.9493 38.8244 44.6853 48.3254 46.8802 42.3746 36.3992 27.0224 11.2341 5.9042 25.0085 44.0339 50.3402 48.3906 33.4889 16.1092 15.8159 17.0607 15.9574 14.0261 11.1979 8.9375 7.1773 5.6896 5.5479 5.6852 5.7645 6.8947 9.0454 9.7815 8.9440 10.4515 15.0254 16.2154 17.7958 17.7092 17.7823 18.1751 14.9733 10.8399 9.1432 10.5158 12.3057 13.7958 15.1580 15.5078 15.0558 14.5942 14.3954 13.9990 13.3519 13.2505 13.1119 12.7461 12.5553 12.0669 10.3994 7.3099 4.5006 6.6286 25.8176 43.4841 48.5690 49.6165
34.7451 33.7820 32.7617 32.5883 34.5357 39.6896 46.2961 49.3746 47.2116 40.5039 32.1120 23.5450 12.5335 9.7726 25.1774 41.7388 49.5934 48.9987 34.9403 17.3657 18.3490 19.6891 17.4695 14.9228 12.2592 10.0893 8.1393 6.3982 5.7970 5.5376 4.7467 5.3694 8.3100 11.1858 10.8424 11.8914 15.9814 16.7165 17.5441 19.7521 22.9789 24.6802 21.9565 17.9215 14.1430 13.6824 14.4920 15.5806 16.5202 16.8863 16.7056 16.1953 15.1740 13.6169 12.1607 10.9632 9.9400 9.2210 9.4285 9.4946 8.2879 7.9939 14.2727 26.2240 46.2738 58.5539 58.6405 55.5499
34.8789 33.6796 32.1449 31.0448 32.9263 41.3244 48.1409 49.3664 46.3005 38.0597 27.4368 18.6380 12.8512 14.7280 26.6152 41.0412 49.0510 49.0691 39.7593 26.7940 23.2112 21.9425 19.1041 16.2320 13.4880 11.2962 9.3335 7.3551 5.8867 5.8317 4.8418 3.7625 8.5824 13.7986 11.7531 10.5352 13.5865 14.0834 8.7183 10.7084 16.1273 15.9796 17.0974 18.5987 16.6816 15.6369 15.5277 16.0998 16.8291 17.1999 17.0256 16.2420 14.7435 12.6682 10.4286 8.1169 6.1915 5.3591 6.7239 8.6999 10.1786 13.2111 25.4388 43.4880 58.6492 64.1662 60.4760 54.6849
35.8904 34.2992 33.0146 32.7119 35.4467 43.8114 49.2924 48.8791 45.3526 36.3606 22.8699 11.7448 9.4044 15.1544 27.2214 42.4484 50.7071 50.1579 43.2697 34.3334 28.1980 24.3355 20.7889 17.5850 14.8336 12.8511 11.2248 9.3353 7.3844 7.7453 7.5800 7.4330 12.6718 17.3094 12.1636 8.4244 12.2821 15.0026 9.3292 8.1001 11.1233 6.9637 7.6654 13.1999 14.8670 15.1032 15.0445 15.3533 16.2458 16.8963 16.7234 15.8408 14.1766 11.6577 8.5982 5.2479 1.6823 2.9847 7.3946 11.8990 16.3072 21.6390 35.5477 50.6339 58.9740 59.8446 50.0443 40.1636
37.8168 34.7829 34.2737 35.8339 39.7654 45.3206 48.2043 47.4112 44.4800 34.5801 18.0004 6.0122 1.9394 7.4112 20.1473 43.7226 55.3110 53.4546 46.4813 38.5792 32.0542 26.8265 22.2029 18.5552 15.9419 14.4944 13.7537 13.5002 13.3919 14.0290 14.4674 15.8317 18.5767 17.5116 9.7804 6.1360 11.5112 15.6050 8.9159 7.2909 8.8768 6.2798 5.2161 9.3816 12.6062 14.2620 15.0995 15.6070 16.0584 16.4113 16.0550 14.8601 13.1794 10.6774 7.4982 4.6892 3.8463 7.0076 11.7017 17.4094 24.1448 32.3825 43.7888 52.7769 55.6762 52.8073 39.7413 23.2450
37.9102 33.5762 34.7128 37.4236 40.7146 43.7616 45.0810 44.2121 41.2414 30.3442 13.2455 5.9893 8.1754 13.1674 24.5481 52.6557 61.9997 57.0710 48.3056 40.0028 33.3891 27.4253 21.8964 18.3392 16.4869 15.7378 15.5853 16.4641 17.9304 19.0236 19.5758 19.7689 18.6374 13.6731 6.7577 4.5538 10.0343 13.1221 6.1011 3.0716 6.8838 7.0226 6.7017 8.5757 11.3729 13.5326 15.0651 15.8672 15.9349 15.8942 15.6780 14.5238 12.9938 11.0573 8.7469 7.8942 8.9846 11.9428 16.4801 22.4541 29.6882 37.9859 46.0878 50.9138 51.3313 47.3883 37.3681 23.5872
36.6708 32.6181 35.5242 38.6163 40.8478 42.1044 41.8485 39.7308 35.5087 26.5832 15.0041 11.3806 19.7541 35.5000 55.2939 67.2799 67.0699 57.4047 46.2039 37.6132 31.1632 25.0329 19.5182 16.8728 15.9145 15.6102 15.8211 16.4155 17.0088 17.5223 17.5246 16.0640 13.4255 9.3549 6.3069 4.4494 8.9023 9.1536 6.0349 5.6361 7.8340 9.0021 9.0517 9.7434 11.5883 13.3595 14.6857 15.3856 15.5382 15.4537 15.4378 15.0289 14.1795 12.9151 11.9687 12.2061 13.6996 16.6873 20.8958 26.2931 32.5069 38.7793 44.0859 47.1363 47.1347 43.6568 35.7810 24.4997
37.5283 35.0061 38.2141 40.5923 41.2601 40.8896 38.9914 35.1286 29.5327 23.0678 17.9225 18.6565 28.3552 44.1973 59.4394 65.3155 57.8796 43.3367 36.3304 31.0710 26.4166 21.5241 17.1839 15.1738 14.5788 14.4856 14.5046 14.1858 13.7674 13.2719 11.8308 9.1813 6.7142 5.2752 6.9597 9.1188 11.0411 8.1878 3.7555 5.9654 10.8747 11.9862 11.6995 11.7218 12.4796 13.5079 14.5563 15.2619 15.4354 15.2562 15.3926 15.9645 16.1187 15.6629 15.7298 16.4583 18.0229 20.8646 24.4862 28.9636 33.8246 38.3571 41.9410 43.8470 43.5766 40.9646 34.4430 23.7143
38.4270 38.2828 41.8624 42.8595 41.6280 40.2420 36.9196 30.9980 24.3548 19.4796 18.3206 22.7932 33.3644 46.4809 56.5861 58.0024 43.4626 22.1736 23.5431 23.5820 21.6097 18.5948 15.5073 13.5181 12.7505 12.1530 11.3229 10.3100 9.7616 9.0496 7.4328 5.5072 4.5402 4.7825 11.4584 16.9919 16.8599 13.5122 10.9176 10.8618 14.8925 14.9673 14.1220 13.5498 13.4153 13.6568 14.2075 14.6284 14.5385 14.3371 15.0951 17.1379 18.6965 19.0178 19.3846 20.1694 21.6523 24.0075 26.9101 30.4024 34.1309 37.4861 39.9376 40.9011 40.1118 37.7242 31.3840 20.2185
39.5081 40.6703 43.2851 42.9221 41.1472 40.4522 35.5463 26.5033 19.1225 15.1682 15.9923 23.1340 36.1239 48.3012 54.6549 54.1278 45.2134 31.3658 23.7068 21.0135 18.8079 16.3307 13.7031 11.3945 9.5311 7.2895 6.4953 6.6788 6.6370 6.1000 5.7372 6.4597 8.2894 15.2600 24.1560 24.6055 21.5871 18.7724 17.9848 18.1268 18.2176 16.6976 15.2883 14.2570 13.6326 13.2401 13.1196 12.8941 12.5413 11.8788 12.9737 18.0249 21.9398 22.4377 22.6320 23.2039 24.4779 26.3564 28.5160 31.0646 33.9784 36.6013 38.3019 38.1703 36.2929 33.5141 27.9218 18.7376
40.5313 41.3305 41.7974 41.0186 40.6992 40.2612 32.2034 20.0924 14.1788 11.2229 12.0240 19.4855 36.2743 49.8275 53.9990 52.3976 46.3449 37.1083 28.6312 22.6424 18.3267 15.1851 12.2143 9.1537 6.5022 4.5275 4.7037 5.7673 5.7355 5.3415 6.7486 10.7702 18.5781 30.8684 33.5202 27.5680 22.5564 19.6654 18.2072 17.3885 16.7193 15.5840 14.4208 13.5415 12.8007 11.8227 10.0696 7.9920 9.1840 8.9120 9.8377 18.4996 24.6838 25.2216 25.1448 25.4573 26.4155 27.8805 29.4791 31.2852 33.4632 35.5129 36.8511 35.3012 31.9339 29.5085 25.9633 20.4196
41.0455 41.0865 39.9487 39.0947 39.8981 38.7652 30.5880 18.8708 12.7467 10.0596 10.0668 15.3710 34.1963 50.1475 53.9477 51.8628 46.9831 39.8476 31.9986 24.7364 18.8187 14.6406 10.8405 6.9175 4.6079 4.7463 5.6750 5.8552 5.9497 6.8540 10.3776 16.1224 23.4764 30.3809 23.7278 18.2999 17.7214 16.5145 15.5447 14.7368 13.7635 12.8747 12.1454 11.5343 10.6963 9.0684 5.0703 4.2731 8.8393 10.7158 14.3271 21.5983 26.1608 26.7980 26.7693 26.9741 27.6137 28.6801 29.7635 30.8725 32.2798 33.6670 34.5100 31.9187 28.2383 27.2039 25.7524 22.9152
40.8930 40.1970 38.6650 37.7195 38.2141 36.5046 30.5455 22.3853 15.8321 12.8244 13.9069 21.1825 37.0408 50.4838 53.9446 51.7032 47.4876 41.4856 34.0671 26.1551 18.8548 13.2400 8.2777 3.8331 2.3761 4.3098 5.9907 8.2008 11.0031 13.4282 16.5428 19.4607 20.9079 19.8443 9.8573 6.8043 10.9460 11.8811 11.9793 11.6129 10.7665 9.8957 9.1582 8.4941 7.5123 5.5773 0.9112 6.8148 11.1263 14.7941 18.9624 23.4422 26.4025 27.4436 27.7376 27.9770 28.3289 28.8879 29.3802 29.8785 30.5050 31.0999 31.3029 29.5270 27.4730 27.2489 26.9684 25.6754
39.6451 38.6686 37.9626 37.3084 37.2562 35.6252 31.3062 25.9734 20.2342 17.5591 20.6607 30.7127 43.4652 51.7647 53.8189 51.5345 47.8400 42.6427 35.6292 26.8092 17.5648 10.5673 5.7279 2.7175 2.3950 6.2282 11.8609 17.6627 21.1438 21.5284 20.6738 19.2527 16.7888 13.4277 7.6392 3.7760 6.3011 7.6999 8.0685 7.6827 6.8546 6.1314 5.6441 5.1485 4.7117 4.9823 6.5104 10.3010 14.5739 18.8100 21.9473 24.7818 26.7349 27.7474 28.2736 28.4999 28.6228 28.6554 28.5480 28.5215 28.4272 28.2334 27.7412 26.9896 27.1252 28.2136 28.8072 28.0839
37.6456 37.3983 38.1213 38.2786 37.9279 35.9412 32.3162 28.5515 24.2188 23.6467 30.2932 40.6107 48.7032 52.5168 53.1154 50.9030 47.3902 42.7276 36.6639 26.2052 14.4502 7.1538 4.8013 4.4776 4.9257 10.2303 18.7231 22.3527 21.2830 20.6348 18.6981 16.0402 12.9618 9.9759 6.1095 3.2054 4.0227 4.7641 5.0015 4.7543 3.9089 3.0753 2.6675 2.8474 4.3247 7.0991 10.6210 14.5932 18.6287 21.8534 23.9375 25.7985 27.0925 27.9684 28.5563 28.7051 28.5843 28.1613 27.4926 26.8786 26.2437 25.5165 24.3460 23.6029 25.4933 29.0098 30.6843 29.6097
36.8768 37.5895 39.5062 40.5189 39.5262 36.4749 33.4002 30.8372 28.7986 30.6164 37.7080 45.3078 49.7712 51.7021 51.7889 49.6633 45.7856 40.5686 33.6337 19.2686 7.8900 4.4117 3.1345 3.2846 4.6754 12.5563 20.5914 19.9225 13.5244 12.9694 13.5383 11.9739 9.8490 7.4365 4.5336 2.6952 2.7613 2.8120 2.7062 2.6305 1.8843 0.6546 1.1361 3.1510 5.8031 9.1974 13.0114 16.8241 20.2979 23.0372 24.9806 26.4038 27.4167 28.1788 28.6407 28.6866 28.3245 27.5521 26.3432 25.1241 24.2107 23.2985 21.5158 19.7489 22.2407 28.8041 31.9902 30.2564
36.7067 38.6041 41.5471 43.0327 41.6971 38.1967 35.4796 33.6529 33.0219 35.2722 40.1178 44.6722 48.1161 50.5000 50.7927 48.4862 43.3822 36.0442 26.3843 11.6321 2.1300 3.4532 1.2828 4.0872 6.7772 14.9965 20.3629 17.6819 11.7064 7.9459 8.2326 8.0725 7.0232 5.3255 3.5850 2.3552 2.2295 1.9613 1.4684 1.5723 1.5255 1.5659 2.8359 4.9989 7.7429 11.0365 14.5847 18.0697 21.1683 23.7305 25.5979 26.8601 27.7475 28.3083 28.5716 28.5851 28.2379 27.3442 25.4361 23.4655 22.6034 21.9035 20.3958 18.8451 21.1024 28.2621 31.9260 30.1282
36.3262 39.2345 43.2016 45.1717 44.4021 41.5929 38.7564 36.6325 35.8419 37.1647 40.1902 43.5765 47.1167 50.0719 50.7423 47.6573 40.2661 30.2334 19.0222 7.5616 2.0547 3.3979 1.8708 8.0452 12.8917 18.0705 19.5342 15.8676 11.2135 6.8979 5.1725 5.2429 4.8744 3.9631 2.9643 2.3101 2.4495 2.2694 1.9673 2.0659 2.4126 3.0630 4.4852 6.6832 9.4891 12.7219 16.0363 19.1950 22.0394 24.4389 26.1563 27.2450 27.9364 28.2836 28.3722 28.3442 28.1954 27.7071 24.8893 21.5887 21.5467 22.1649 22.0423 22.4364 24.8376 28.7773 30.4081 29.1374
37.1389 40.2443 44.9893 47.7357 47.6928 45.3884 42.1331 39.1398 37.4200 37.4845 39.3120 42.7866 47.1997 50.8827 52.3143 47.3096 35.7045 23.4649 13.0960 5.6952 4.2789 4.6257 7.0921 13.4551 18.4019 20.1275 17.9840 13.4796 9.6470 6.4565 4.4510 3.8989 3.5842 3.1160 2.6604 2.6598 3.1285 3.0657 2.6784 2.5238 3.0248 4.1813 5.7952 8.0813 11.0632 14.3363 17.4432 20.4732 23.0745 25.1213 26.6998 27.6404 28.1113 28.1772 27.8915 27.4878 27.1256 26.7491 22.2246 18.3618 21.5367 24.4493 25.2787 25.8908 26.6964 27.5642 27.6333 27.0840
38.4502 41.9555 47.8088 51.5122 51.8610 49.3950 45.2102 40.8836 37.8204 36.5209 37.1959 41.0275 47.4510 52.4659 53.4356 43.2289 23.8740 13.7228 7.7691 5.0086 5.1727 7.2287 11.6583 16.6207 19.7282 18.4642 13.9860 10.2266 7.7826 5.6151 4.1784 3.4561 3.1132 3.0523 2.9944 3.2027 3.5516 3.5517 3.2045 2.6859 3.2441 4.8757 6.7615 9.3254 12.5874 15.8402 18.8115 21.8168 24.1555 25.9045 27.4052 28.2095 28.3948 28.0954 27.3685 26.3409 24.8952 22.6237 17.6192 17.6354 24.5244 27.9320 28.3289 27.9137 27.0620 25.9451 24.5680 23.7405
36.1927 41.4805 50.5794 56.1170 56.5930 53.6609 47.9905 41.7323 37.0650 34.1582 33.5478 37.3641 47.6849 54.5028 53.7050 41.3629 16.8137 4.6670 3.9809 3.6868 3.9987 7.9582 12.2872 15.4945 16.4706 14.0542 9.4559 6.8099 5.4656 4.3262 3.7573 2.9299 2.7287 3.3417 3.8326 3.5129 2.7894 3.7143 4.8603 3.9594 3.7835 5.5983 7.6974 10.4822 13.9205 17.4007 20.4930 23.3093 25.3126 26.9894 28.4745 29.0824 28.9632 28.3450 27.2731 25.7076 23.3548 19.6268 18.1278 23.9038 29.9059 31.4027 31.0063 29.2518 26.5894 23.9482 21.4163 19.5818
28.9656 35.3866 51.7436 60.5436 61.0759 57.6679 49.4738 40.5277 34.7275 30.3732 29.5431 34.1628 47.5417 55.5356 53.4168 41.7284 18.7989 3.2212 3.7467 4.2790 6.0678 9.5873 11.7323 12.9682 12.8937 11.1696 8.1069 5.6828 4.3073 3.7012 3.3227 2.4498 2.3552 4.0750 5.5661 4.2635 1.3791 1.6477 4.6437 5.3196 5.0802 6.4114 8.5377 11.4943 15.4148 19.3337 22.5034 25.1634 26.9800 28.6250 29.9468 30.2101 29.7767 28.8199 27.3487 25.7368 24.1378 23.2507 25.8166 30.8404 33.4713 33.5133 32.9014 29.7337 24.5051 20.7631 18.7169 17.2582
25.2093 29.9995 51.6277 62.5409 63.3157 59.2004 47.3284 36.3269 31.1341 25.0554 25.9500 34.7596 47.9824 55.6562 54.0965 42.1216 18.0951 4.6511 4.7916 6.1880 8.0114 9.8325 10.4754 10.8584 11.0410 9.6983 7.2951 5.4044 4.2506 3.3242 2.5095 2.1059 0.0798 3.7001 7.2261 5.2730 1.2874 2.1959 4.4839 5.8484 6.1560 7.2335 9.2619 12.3747 17.0520 21.7953 25.1769 27.5327 29.1630 30.5221 31.3988 31.2751 30.5050 29.2227 27.6413 26.4217 25.7295 26.3287 28.9711 32.1530 33.6896 33.5019 32.0925 26.7521 20.3851 17.9334 17.3391 17.3245
31.6078 40.0133 53.6611 61.0191 61.9570 58.0890 47.2135 37.3898 30.7283 22.2348 24.4412 35.5810 48.1502 56.8557 56.6528 41.5490 13.5335 4.1400 3.8514 4.9735 6.3800 8.2552 9.0081 9.5452 9.8563 8.4616 6.4072 4.6983 3.7053 2.6350 2.8242 5.4316 7.0407 4.1636 5.9247 6.3844 2.3080 2.6839 4.5993 6.1109 7.1341 8.3440 9.8966 12.4310 18.6187 25.0863 28.4408 30.1689 31.2543 32.1371 32.6396 32.3937 31.4085 29.8413 28.2113 26.9660 26.3270 26.9380 28.9098 31.2058 32.4991 32.0868 29.2825 22.8086 17.1878 16.0805 16.0795 16.8111
