layers/lidar/original_vars/slp.asc
NCOLS 197
NROWS 268
XLLCORNER 587674
YLLCORNER 4631485
CELLSIZE 1.000000
NODATA_VALUE -9999.0000
[rows 180 to 209 of 268, columns 0 to 67 of 197]
10.9436 9.8360 7.5411 6.2666 7.1292 6.5447 6.8845 8.1334 9.7458 9.8230 8.6531 10.0620 9.3108 8.0630 7.5684 8.1967 8.4008 7.9646 11.2587 11.9306 9.2915 7.3065 4.2719 3.8570 4.8722 3.8044 5.4554 6.7674 7.8107 10.5268 10.3433 8.5576 8.7565 10.3923 12.7982 11.8216 6.8679 8.9349 16.6468 21.8625 24.7276 26.2429 28.2783 31.3885 34.1092 34.6334 32.2112 32.5755 42.4734 50.8832 51.2314 38.9915 24.6457 24.2237 25.2742 26.3232 25.9025 25.5244 25.5135 25.4186 24.9470 27.1557 31.9690 36.5929 40.1524 42.1438 40.1448 35.0425
7.5295 7.2644 6.3674 6.5863 6.8644 4.7249 4.0419 4.9349 6.7913 8.2061 8.6445 10.9664 12.4226 11.0296 9.3249 9.9050 9.4963 8.4856 11.7927 10.0176 5.8195 5.0490 4.0884 4.6147 5.9304 4.5654 5.5771 6.5096 7.0459 11.0500 10.9089 9.1498 9.6277 10.7615 12.3230 10.9327 7.2969 9.6537 18.1743 24.5417 26.6319 25.6981 27.6145 31.0603 33.5175 33.7069 31.6745 32.3379 45.1015 53.2056 50.6945 39.4701 26.2328 23.5302 24.9793 25.9682 24.8351 24.8594 27.2958 28.6920 27.9380 28.9082 32.5129 36.2468 38.3983 38.3917 33.2524 26.6376
6.5320 6.6777 6.4199 7.8724 9.2019 7.3292 5.5457 4.9115 4.8487 5.3800 6.0133 8.8291 11.2862 11.1951 10.2123 11.2191 11.7074 11.1304 12.3376 9.2211 7.2764 5.5086 7.4945 7.9934 6.3681 4.2447 6.2065 5.4341 4.6020 8.8847 11.5511 9.9653 9.3275 9.7334 11.2111 11.3224 11.0018 14.8975 21.5638 27.3490 26.5591 23.0722 26.6158 31.6648 34.4250 34.9678 35.2635 39.1474 48.9446 54.1436 49.7614 38.5873 28.5491 25.4218 25.7544 25.6599 24.2625 24.9433 29.0143 30.9344 30.0963 30.6054 32.9500 35.7740 36.8778 34.0417 26.8787 21.9894
5.7856 6.2825 5.6570 6.9624 9.8405 9.6518 7.3010 6.8098 7.7694 8.0354 5.7800 5.6819 7.0877 8.0052 7.5363 8.5656 9.6487 10.5491 11.6226 10.4265 12.0518 10.4277 11.1902 9.7061 7.4242 5.7926 7.6309 6.4544 3.0619 7.0590 12.9771 11.0494 8.4545 8.2791 10.5041 11.9673 11.2911 14.1866 22.0322 25.8202 22.3163 20.3390 26.7976 34.2354 37.0960 37.6905 38.9543 42.6394 48.9905 53.0220 47.7185 35.7171 29.1017 27.0129 26.0632 25.3366 25.3619 27.3414 30.7621 31.5467 30.2337 30.5660 32.5580 35.0347 35.3985 29.8048 22.4301 20.5393
5.5415 6.0045 4.4775 4.3698 7.1592 9.1978 7.2902 7.2643 9.3586 11.4596 9.2050 5.3491 4.3154 5.0310 5.2171 5.6260 5.4832 7.6259 9.6355 9.2866 11.5952 10.8003 10.0056 8.2524 7.8766 8.0724 8.4365 7.7415 7.0833 9.1398 13.4815 10.5695 7.5226 7.8130 11.1019 13.1693 11.8632 13.7937 21.6125 24.2779 23.2455 25.3394 31.8647 38.6385 40.1221 39.8511 40.5429 42.5664 46.9071 50.7316 45.2148 33.2891 30.3818 29.0158 25.5460 24.6421 26.4528 28.8952 30.6975 30.0108 28.2823 28.7626 31.0657 33.5892 33.2469 27.4272 21.4811 20.3942
5.9474 6.6544 4.6114 3.4946 5.1144 8.2380 7.5583 6.7051 7.0110 9.3667 10.2189 7.2531 5.3855 4.8382 6.5123 8.7965 9.0583 8.0350 8.0549 6.6612 7.0378 7.7365 8.5103 7.4806 5.7316 4.9518 6.5173 8.3720 8.7871 10.2909 11.5158 8.8850 6.4650 7.6900 12.6558 14.3460 12.3228 14.5467 22.4195 28.1399 31.1312 34.8591 39.4255 42.0649 41.2877 40.4044 40.6440 41.7672 44.6834 47.5885 43.9788 35.6870 33.7550 29.9330 23.0400 23.5061 27.4390 29.7012 30.1092 27.9573 25.3037 26.3757 29.6211 31.9268 30.5933 26.4716 23.2312 21.3209
6.1052 7.6840 7.1190 4.3568 3.3099 6.0742 7.7453 6.7912 6.0825 6.8695 8.3035 8.0804 8.2605 8.8328 11.2469 14.6367 15.7132 12.1336 7.5738 3.9166 2.6838 5.4957 8.0278 6.0845 4.3999 3.9961 7.5318 9.7102 8.0646 7.0223 7.8460 7.4924 6.7879 8.7203 14.1689 15.0812 12.8720 15.2319 24.0518 33.3179 36.8579 38.3283 40.1119 40.4106 39.4510 39.2948 39.7750 40.9901 43.1171 44.4984 42.3829 38.0192 35.6619 30.0174 22.7066 24.2570 28.2727 30.3184 30.1770 26.7186 23.9265 26.4649 30.4585 31.3161 28.7895 25.5781 23.9040 22.6238
5.9938 7.1466 7.9572 7.0272 5.9231 6.7776 7.8864 6.3947 5.1543 5.9518 6.3501 7.5880 10.5402 12.2800 12.3608 12.3615 12.6622 12.4372 8.6283 5.4656 5.0135 7.4767 7.0077 4.9701 5.5028 7.9465 9.9332 9.9318 7.5385 6.3272 6.3547 7.3850 8.4383 10.0732 13.4371 14.4805 14.0403 16.5114 26.3824 37.5560 41.3534 40.7993 38.8824 37.1263 36.6738 37.3313 38.1954 39.8053 41.4051 41.3429 39.7024 38.0359 36.4701 31.4681 24.7817 23.7766 25.9835 28.7947 28.6007 24.7343 24.5116 28.5193 31.2512 29.7786 26.3410 24.3298 23.8213 24.1650
6.2778 6.6565 7.1720 7.9230 8.1908 7.1539 7.2947 6.5729 5.6142 6.4717 5.9091 8.2767 11.0286 11.5416 9.4144 5.7399 4.6355 7.0245 7.2057 8.1981 9.9071 8.8365 5.6273 5.6310 8.1439 9.3407 8.8906 8.9724 7.7204 6.7401 6.3074 7.9325 9.3024 9.0207 10.6061 13.7607 16.1537 19.0867 28.6038 40.0662 45.2564 42.9768 36.9648 33.7938 33.8602 35.0291 36.9578 39.1033 39.5009 37.8874 36.6156 37.1771 37.3410 32.9763 24.4748 20.2687 22.7543 26.9150 27.8318 26.1696 26.6455 28.0295 27.7821 25.3781 23.2942 23.2581 23.9678 25.2094
7.1914 8.9958 10.4839 8.4265 5.5733 5.0787 5.7086 6.9657 7.9938 9.2374 9.0940 8.9574 8.7255 8.6756 8.2874 5.8853 3.9764 4.8327 7.6493 9.7288 10.3714 7.1265 3.8017 5.8834 8.5667 8.2828 8.2453 9.4550 8.6183 6.9400 6.4973 8.1869 7.7380 6.8295 9.1543 14.4827 19.7375 22.6691 29.1655 40.7461 47.0782 42.0540 31.8501 28.7939 29.9945 33.0994 37.0989 38.7027 36.6853 33.8487 33.4735 35.8151 37.5407 34.0956 25.3244 20.4328 23.2081 27.3471 29.8839 29.8982 28.1129 25.9503 23.6335 22.0688 22.1622 23.0877 24.2784 25.6254
8.3827 9.5877 11.1422 10.5100 5.5977 4.2431 5.1626 5.9127 6.9578 9.1106 9.4704 6.7730 6.4085 7.3352 9.2338 10.0304 9.3184 10.6506 11.3806 10.9056 9.5906 9.5757 7.2238 7.9033 7.7759 7.8765 9.3656 10.0167 8.3069 6.6860 6.5016 7.9148 6.0423 5.1767 9.0286 16.2705 23.5170 25.5524 29.4012 40.2871 46.1547 40.8767 30.5884 26.5361 28.1085 33.7295 38.7780 38.4960 33.8616 30.0497 30.1358 34.3173 37.9458 35.7437 28.3547 23.3494 25.0219 28.8692 32.0830 30.3556 25.7168 22.8635 20.7037 20.1948 21.8008 23.6031 24.7918 25.7764
10.3344 9.3403 9.5615 12.2672 9.0112 6.6933 7.6111 6.2124 4.6608 6.6624 9.1526 9.1427 9.5657 9.5533 9.9680 10.4004 10.9955 12.0596 10.8829 9.2337 8.2484 10.2856 9.8985 7.9458 8.1339 8.9299 9.7573 9.0159 6.9811 5.8027 5.5106 7.0240 5.4272 4.3985 8.6619 17.8860 25.6728 27.6541 30.9212 39.0604 43.0041 39.3740 32.2429 27.8203 28.8650 34.7185 39.3849 38.3835 32.6523 28.1806 28.6333 33.8469 38.1572 36.8383 30.2617 24.4871 25.2529 28.8691 31.6460 28.4982 23.1817 20.9031 19.4288 18.8872 21.5923 24.5402 25.4005 26.0056
10.3567 9.2320 9.4055 12.2440 11.8728 9.7994 8.1459 7.7643 7.0828 7.9512 8.7763 10.7312 10.5289 7.3469 7.3511 7.3763 9.2204 9.7606 9.5229 8.9437 8.9285 9.8894 9.3477 8.2288 10.5577 10.4386 8.4403 6.8032 6.0590 5.6590 4.4069 6.1121 3.9887 2.9449 9.2144 19.2521 26.3918 29.6118 33.2459 38.2081 40.3442 37.9235 33.1823 29.7756 30.0766 34.7239 39.0308 38.0874 32.7465 28.7363 30.1263 34.2817 36.2471 35.1690 30.0940 24.8268 25.8000 30.0268 32.3670 29.0601 23.6379 21.4086 20.5620 19.5792 21.8939 24.7989 25.5182 26.2533
8.7272 8.1541 8.8101 10.7612 10.4236 8.2769 6.2296 6.9398 8.6311 8.1998 7.5090 8.4711 7.8987 5.8302 6.2853 4.9183 6.9006 7.4265 8.6875 8.9192 9.3766 11.0083 12.2287 13.0427 14.3996 11.2205 7.3977 6.5894 7.6543 7.3492 5.6016 7.7130 6.9777 7.1226 12.2196 20.2432 26.1609 30.7180 35.2503 38.8991 39.8015 37.6378 34.0726 31.3364 30.8615 35.1835 40.2600 39.0048 33.7590 30.3115 30.5676 31.8171 33.0001 33.0421 29.0003 24.7352 27.5813 33.6626 34.7240 29.6511 22.5987 21.0991 21.5813 19.9418 20.5177 22.9752 24.9319 26.5543
9.2592 9.0170 9.2927 10.0283 7.8233 7.2754 7.6403 7.1544 7.3237 7.5385 8.2290 8.1202 7.5332 8.4164 9.3071 5.4543 4.1750 5.8357 6.3792 6.5251 6.6868 8.9062 11.9866 12.9226 12.6306 10.2139 9.0112 8.3285 8.0091 7.8772 9.4266 12.0706 10.5559 10.6743 14.2073 19.8880 25.2266 30.8770 37.0322 41.1474 41.2732 38.4935 35.1434 33.0092 32.8158 37.3710 44.0314 43.6502 37.7182 32.9530 31.0778 30.1906 31.7809 31.9731 28.0149 26.0092 30.6835 36.4359 35.0473 27.0340 19.1878 20.3073 21.7061 17.4443 16.9650 21.0688 24.9174 27.3620
10.3048 10.1401 10.4408 11.2344 7.6860 7.8285 9.5235 7.8112 6.6838 8.6940 9.4513 8.1687 7.1063 7.8809 10.4732 10.6735 7.4995 9.3213 6.6956 6.4932 5.5132 5.9756 7.3013 7.7715 7.9408 7.3185 8.0974 5.9128 4.5631 6.1572 12.4330 15.2879 12.2047 10.9949 14.0000 19.5208 24.5488 29.8345 39.0937 45.5812 44.3146 39.4149 35.8516 34.7521 35.7851 40.4327 47.1443 46.4227 37.6030 31.8866 31.5010 32.5866 33.3259 30.9123 27.9575 29.5445 34.1786 36.8736 32.9259 21.6769 13.2666 20.5463 25.6242 20.8792 18.7120 22.5502 26.8208 29.1849
10.9397 11.2064 12.3365 13.6898 11.6489 11.7707 12.0522 10.4609 7.4152 8.6734 6.8312 5.8407 5.3352 6.5143 9.1784 12.1573 11.3014 10.4056 7.3844 7.7143 6.1699 5.7807 5.6421 5.0595 5.0323 4.0330 5.1143 3.2794 5.1085 9.6024 14.6895 15.3690 15.3108 14.0418 14.8074 22.0271 27.2584 31.1303 42.4026 50.7155 46.6130 37.9984 34.9535 35.6843 38.1838 42.2375 46.0186 42.5351 29.8148 23.5713 25.3722 28.8980 30.0014 28.2647 28.7525 32.0709 35.2058 35.3050 30.1369 18.8710 11.0908 16.7388 23.1800 19.1269 19.0649 25.2692 30.6205 32.2635
10.2318 11.3984 13.9377 15.9724 15.8535 15.1829 14.4498 14.2356 10.4580 8.4602 5.6059 5.4231 5.1097 6.8462 8.0051 8.8872 7.2848 7.1817 5.8796 6.4862 4.9290 5.6163 5.4394 4.4031 1.4611 2.4833 2.3803 4.8425 10.0088 14.0686 16.1162 15.1524 16.0028 17.0626 19.4727 29.2780 34.7907 38.7872 46.3697 51.3371 44.1562 33.4076 32.9032 36.0224 39.5688 42.0811 42.0436 36.5834 27.4374 22.0281 22.1588 27.9741 30.8590 29.4522 30.5705 32.7730 33.9858 32.6942 28.0990 21.8648 23.7717 29.9245 26.3496 15.1378 15.1793 27.1895 35.4171 35.7936
7.4983 8.8708 12.2571 15.2831 15.4885 13.7398 13.0487 14.1484 12.8204 11.3619 10.8751 11.0243 8.6504 6.7107 6.4061 7.1564 5.0151 5.5358 5.1838 6.6347 5.3581 4.8480 3.9093 5.0316 4.8786 4.5695 5.9672 9.7002 14.2254 16.5573 17.0126 16.3828 17.2970 21.7825 29.0511 37.6356 41.5123 43.7590 45.9522 45.9707 39.4692 32.2163 32.9010 37.2965 40.7999 41.3331 38.4402 32.5811 27.6766 24.7452 24.7761 30.2183 33.9322 32.9524 32.1118 31.3752 30.2668 28.8612 27.6368 26.7709 28.3826 28.3317 22.0917 16.0408 16.0432 29.3231 39.1956 37.7548
7.6194 8.0337 9.4762 11.8285 12.7504 11.9058 11.6949 12.7693 12.3304 11.1620 11.3930 12.2459 9.6990 6.4693 7.0173 9.2087 7.9011 6.8267 6.0617 7.3737 7.7504 8.1456 8.4010 9.7189 12.1562 13.4638 13.2987 14.5394 17.7011 19.0667 18.7849 18.8034 20.7195 26.0208 33.9926 40.8740 44.2908 44.0058 41.4020 39.0769 36.0526 33.8862 35.1886 39.1394 41.4157 39.4924 34.0841 29.3492 28.3195 27.9813 28.3731 32.1537 35.4783 34.8861 32.7730 29.3039 24.1225 23.8830 29.7280 31.6322 28.6986 21.6577 15.0407 18.1693 23.3709 32.4063 39.5418 36.3985
9.2175 8.7369 8.0167 8.1067 9.3055 10.0543 10.7949 12.2627 11.3754 7.5234 6.6434 8.5629 8.3943 6.8635 9.8168 13.2337 12.9915 9.8170 7.3345 6.9529 8.4198 12.7351 14.6525 14.1374 13.2674 13.0721 14.6710 18.3602 21.5395 21.9281 20.7320 21.0092 23.5494 27.8147 33.8527 40.0488 42.5559 38.5733 34.1441 33.5821 33.2039 34.7630 37.3067 39.6464 40.5716 35.4963 27.5778 27.8010 31.2209 30.7673 29.0837 31.7816 35.6164 35.1499 31.9772 26.6652 16.5227 17.1209 33.9143 37.0169 28.0216 19.6267 16.7802 21.3959 27.6822 33.7972 37.1716 33.6679
7.9063 7.1886 5.9833 5.3162 6.6762 7.3079 7.7500 10.0676 12.3083 8.9724 5.7688 7.3783 8.4645 7.2355 9.8666 11.3647 13.0672 10.9563 8.9639 9.0323 11.1236 13.5773 13.0783 12.9906 12.4869 12.7858 16.9369 21.9764 25.0585 24.9785 22.8704 23.0796 26.3375 29.5129 33.8406 39.2068 38.9000 31.9114 30.0194 32.2621 33.1968 36.5658 38.7595 38.5472 37.4504 29.2726 21.4617 28.3706 34.5542 31.8807 28.1488 30.8491 35.4872 34.3679 29.0097 21.8585 10.0689 11.0940 35.4494 40.1348 27.8785 20.1422 20.0951 23.9436 29.1828 33.5660 35.0688 32.8346
7.4147 7.4850 6.6773 5.7869 7.2638 8.2515 7.6505 8.3893 11.8777 12.1273 8.9838 9.1777 11.0447 9.1254 8.6919 7.2983 9.6892 9.9950 9.1945 10.5538 11.9412 11.3885 9.9023 10.7498 12.8582 16.5537 21.5300 24.9015 26.5637 26.2249 26.1780 27.8895 29.4568 30.1398 32.9510 36.6544 33.9955 29.0193 32.2977 35.5474 37.0272 39.5676 39.9399 37.4908 32.4992 23.3990 20.3496 29.8842 35.6358 32.3627 30.1235 32.8592 36.2727 33.4956 25.1827 15.8630 4.3237 9.2555 32.4984 40.0102 32.5296 25.3254 24.1504 26.3319 29.8280 32.8271 33.8755 32.9468
6.5345 7.0377 7.8611 9.2368 10.5894 11.0500 9.4563 8.2074 9.5187 11.1671 10.7352 12.2295 14.5874 13.6152 9.8224 7.6537 8.3608 9.4372 8.4704 10.2923 10.7377 9.9430 10.3937 11.3188 14.0182 19.3659 24.2762 26.1443 25.7470 24.7323 26.6348 29.5634 29.1759 28.8784 32.1480 34.3922 31.0695 30.0697 34.8346 37.0860 37.6571 38.4617 38.3811 35.2866 26.7787 18.9273 22.8356 32.0453 35.9907 33.8009 32.8418 34.5987 35.4363 31.2664 22.1442 10.9342 3.1090 9.5684 29.8695 40.5118 37.9260 31.5658 28.1503 28.3572 30.4854 32.7680 33.4364 32.8502
6.0958 4.7301 4.5392 8.2295 9.5534 9.9790 9.0626 8.8293 9.6672 9.6254 7.7945 12.1411 14.6045 15.3610 13.3264 11.1849 10.3099 11.0344 10.3580 11.4601 11.1466 10.3404 11.6716 12.8845 15.9100 20.6602 23.7952 23.9971 22.4992 21.4527 22.6700 23.6083 24.1282 27.0234 32.9559 35.0778 31.6023 30.7958 34.2932 35.1843 33.5701 33.1892 33.6721 29.0638 18.3701 14.4423 24.2142 33.5359 35.9522 34.9516 33.8473 33.8900 32.8910 28.0407 19.3774 7.7691 1.8205 8.3282 30.0283 44.5938 43.1979 35.1546 29.8174 29.0615 30.6511 32.4567 32.1592 31.3017
11.0718 9.2895 7.8618 7.5470 6.5247 7.8468 8.5973 10.5442 12.8926 13.5866 10.6092 13.0334 12.1198 12.8252 12.7046 11.8074 11.3188 12.0800 12.0476 12.0954 11.4798 10.8211 11.6866 13.1053 15.6731 19.0993 20.7026 20.0622 18.1754 17.5431 19.4326 20.8161 22.1329 26.2573 32.7440 33.7860 28.9389 28.1382 31.6552 32.0175 29.8225 30.2995 30.9248 25.2946 15.9747 16.0986 27.0795 34.9984 35.4338 34.4598 33.1823 32.8132 31.6746 25.9826 16.8396 7.6875 6.2721 12.3375 32.5274 48.7692 46.3481 34.2473 27.9151 28.2018 30.1157 30.7676 29.2011 28.7328
14.9628 14.3720 11.6335 7.9878 6.3455 7.3315 9.1409 10.7070 13.1182 16.8791 16.5462 13.6585 10.2024 9.2435 8.4217 8.5857 9.8519 11.2173 11.5232 11.4722 12.4176 13.5324 13.1294 14.3823 17.2174 19.6667 21.0501 20.7538 18.4902 16.4817 19.7591 24.5304 24.8027 26.8677 32.1290 32.3582 26.7021 26.0437 27.8957 25.4576 26.0601 29.8012 30.6690 26.4899 21.2111 23.2489 31.2508 35.4865 33.3415 30.1981 30.9759 34.7030 33.7698 25.4382 15.6727 11.1268 13.9772 21.6995 36.2991 48.7365 44.8720 30.7797 25.5947 27.5504 29.3913 28.2537 26.9560 28.4559
14.3717 12.9335 8.7467 6.9424 7.9974 9.0624 10.2381 9.9565 10.3053 12.2500 11.8583 8.6571 8.1501 6.2535 5.7509 7.3509 9.0498 9.9481 9.9920 11.3847 14.3461 15.8626 16.8666 19.4549 22.4828 23.7862 24.9669 25.0749 23.9921 23.1821 26.0973 29.6573 27.1902 28.0794 32.1716 32.5771 27.1206 23.4115 21.2245 16.5461 22.8460 30.8024 31.5690 29.1049 27.3866 29.3225 33.6619 35.3378 30.4014 23.1291 27.2942 37.4337 37.1429 24.2951 13.1068 13.0552 19.2281 28.0321 38.1386 44.2838 40.4602 30.7432 26.3905 27.2639 27.8411 25.8233 26.0499 30.1720
12.0232 12.6864 10.2880 8.9839 9.8188 10.9265 10.6988 8.7952 7.7133 7.1033 6.2026 6.6237 8.6307 6.9520 7.2287 9.2139 10.9206 11.8080 12.7288 16.2597 18.1090 16.3681 17.2674 22.4691 25.2923 25.6770 26.7345 27.2071 26.5239 27.3150 30.4255 30.8153 27.4776 27.6396 30.0036 30.0039 23.4968 17.8884 15.6787 12.8038 21.5736 32.0278 32.8365 31.2381 31.3494 32.9414 34.7429 34.3120 25.8857 15.4712 21.4483 37.6526 40.5287 25.8150 14.1521 17.7240 23.7557 30.4365 36.6800 38.8207 35.6707 30.7008 27.5288 26.7636 26.2086 24.8003 26.4074 31.8237
11.9769 13.5730 13.2692 10.0363 8.2630 9.7035 9.6365 8.6040 7.5151 7.0136 7.8259 9.5905 11.5013 10.3508 10.3698 11.8952 13.7433 15.5051 16.6943 18.7607 18.0376 15.3129 15.2815 21.7371 23.7976 23.6807 24.8670 24.2767 22.1948 22.9300 25.9728 26.6836 25.1002 24.4523 25.4639 25.1958 19.7896 15.1283 15.5221 18.7860 27.4058 33.8624 33.6714 32.4283 33.2591 34.3823 34.4892 32.4135 21.3364 8.7537 13.6296 36.6893 44.7021 30.9841 19.2546 22.0586 26.0421 30.7439 34.8100 34.6861 31.5785 29.1950 27.4904 26.4042 25.5448 24.9590 27.0592 32.5757
