layers/pyrenees/area_2/pca1.asc
NCOLS 98 
NROWS 44 
XLLCORNER 1.343282537 
YLLCORNER 42.5470927915823 
CELLSIZE 0.00833333376415095 
NODATA_value -9999 
[rows 0 to 23 of 44, columns 0 to 53 of 98]
-9999.000000000000000 -9999 -9999 -9999 -9999 -9999 -9999 -9999 -9999 -9999 -9999 -9999 -9999 -9999 -9999 -9999 -9999 -9999 -9999 -9999 -9999 -9999 -9999 -9999 -9999 -9999 -9999 1.93748104572296 3.00866961479187 3.74147081375122 4.5030460357666 5.09190797805786 5.62689304351807 6.85874032974243 -9999 -9999 -9999 -9999 -9999 -9999 -9999 -9999 -9999 -9999 -9999 -9999 -9999 -9999 -9999 -9999 -9999 -9999 -9999 -9999
-9999 -9999 -9999 -9999 -9999 -9999 -9999 -9999 -9999 -9999 -9999 -9999 -9999 -9999 -9999 -9999 -9999 -9999 -9999 -9999 -9999 -9999 1.61139488220215 1.1341724395752 1.28894221782684 1.69941544532776 1.32505536079407 1.78550231456757 3.81342315673828 4.09419345855713 4.87064981460571 5.97064924240112 6.45154428482056 7.98375415802002 8.13697338104248 9.13699626922607 -9999 -9999 -9999 -9999 -9999 -9999 -9999 -9999 -9999 -9999 -9999 -9999 -9999 -9999 -9999 -9999 -9999 -9999
-9999 -9999 -9999 -9999 -9999 -9999 -9999 -9999 -9999 -9999 -9999 -9999 -9999 -9999 -9999 -9999 -9999 -9999 2.35614657402039 2.50759601593018 2.72012805938721 2.96095085144043 3.19166302680969 3.56879353523254 3.54175567626953 3.23852849006653 2.25961184501648 2.46513843536377 2.47792601585388 2.82876372337341 3.46790623664856 4.06783246994019 5.13551712036133 6.90511226654053 8.88126277923584 9.01350975036621 7.17585039138794 7.14262676239014 8.33572578430176 -9999 -9999 -9999 -9999 -9999 -9999 -9999 -9999 -9999 -9999 -9999 -9999 -9999 -9999 -9999
-9999 -9999 -9999 -9999 -9999 -9999 -9999 -9999 -9999 -9999 -9999 -9999 -9999 -9999 2.4938657283783 3.69537448883057 4.65903234481812 4.97216081619263 4.97424030303955 4.6398754119873 5.07575750350952 4.88466596603394 4.91471815109253 6.26793622970581 6.35088396072388 6.67788887023926 4.72836446762085 4.13756275177002 4.14468812942505 3.11986899375916 2.93558382987976 4.88211250305176 5.79549407958984 9.07527446746826 9.46392059326172 9.08422470092773 7.05729341506958 6.53462028503418 7.32751035690308 7.00658559799194 6.81293344497681 -9999 -9999 -9999 -9999 -9999 -9999 -9999 -9999 -9999 -9999 -9999 -9999 -9999
-9999 -9999 -9999 -9999 -9999 -9999 -9999 -9999 -9999 -9999 -9999 2.90240478515625 0.516767024993896 0.316741645336151 1.52260875701904 3.69717597961426 3.96105623245239 4.9030294418335 5.22257804870605 6.43768548965454 7.07413244247437 7.21044731140137 7.18340921401978 7.55526447296143 8.17443943023682 8.45813369750977 7.61066961288452 7.17822122573853 8.61032676696777 7.30086898803711 8.57048988342285 7.12122011184692 7.9551830291748 9.39472770690918 9.15874099731445 8.15146923065186 7.00550699234009 6.20634269714355 5.341956615448 4.96824645996094 5.39781761169434 4.58630275726318 2.41239976882935 2.59665632247925 -9999 -9999 -9999 -9999 -9999 -9999 -9999 -9999 -9999 -9999
-9999 -9999 -9999 -9999 -9999 -9999 -9999 -9999 -9999 5.17819404602051 4.36898994445801 2.65459871292114 0.732296466827393 0.908297955989838 2.43072628974915 1.15429306030273 1.61622452735901 2.99423718452454 3.34442496299744 4.75990867614746 6.14424610137939 6.71890830993652 7.39358472824097 7.70211219787598 7.85457992553711 7.10979413986206 8.13225173950195 7.52123737335205 7.55774593353271 8.74138641357422 8.95189094543457 9.01658630371094 9.14838981628418 9.10376739501953 7.37433052062988 7.28410196304321 7.17548990249634 5.88396596908569 5.005530834198 3.72976350784302 2.89305973052979 3.40854859352112 1.7727198600769 0.685304522514343 2.15005707740784 2.33269619941711 -9999 -9999 -9999 -9999 -9999 -9999 -9999 -9999
-9999 -9999 -9999 -9999 -9999 -9999 2.04279518127441 0.115396715700626 1.42802679538727 3.29145979881287 2.31459403038025 1.05799090862274 -0.784929096698761 -0.821597397327423 -0.373081862926483 -0.714708507061005 -0.880795300006866 0.197356790304184 1.06816339492798 2.85433459281921 4.10739469528198 4.3677225112915 5.2742223739624 6.74477577209473 5.73603820800781 7.3958911895752 8.87094593048096 8.73244190216064 8.9755687713623 7.74834299087524 9.29999732971191 9.32710647583008 9.34286880493164 9.15293407440186 8.26666069030762 6.44279718399048 6.81074857711792 6.52520942687988 5.10826444625854 3.65657138824463 2.02722239494324 1.02281773090363 0.0176037959754467 -0.83367258310318 -0.416137933731079 -0.542334020137787 0.810539484024048 2.29054427146912 4.10697889328003 -9999 -9999 -9999 -9999 -9999
-9999 -9999 -9999 -9999 4.34737682342529 5.50799798965454 4.32137441635132 3.51186203956604 1.79269421100616 0.953584730625153 1.44384205341339 -0.372435867786407 -1.78298163414001 -1.54263877868652 -2.18984079360962 -0.120687790215015 2.53773260116577 1.76204514503479 0.403782725334167 2.53363370895386 3.14719009399414 4.40664768218994 4.29739093780518 7.51682281494141 7.73288488388062 8.49436664581299 8.67352485656738 8.79152297973633 8.93363380432129 9.53504848480225 9.57374382019043 8.92323398590088 6.72408199310303 6.45083236694336 7.75636529922485 8.3656005859375 8.67715263366699 8.32515335083008 6.12094497680664 4.96573495864868 3.74224257469177 1.57493555545807 0.561187624931335 -0.924904346466064 -2.81412768363953 -2.0328164100647 -0.02776781283319 1.66472828388214 3.54287242889404 3.37509632110596 1.70434868335724 -9999 -9999 -9999
-9999 -9999 3.33551239967346 5.6306300163269 4.5339789390564 2.9746265411377 4.6639986038208 3.86674332618713 3.65717720985413 2.33613228797913 0.787977695465088 -1.06890678405762 -0.831418335437775 -0.48193895816803 -0.218973934650421 0.464146137237549 1.16030168533325 4.20339965820312 5.6631064414978 5.71003007888794 5.52370405197144 6.68540668487549 6.90697336196899 6.76555156707764 6.62108516693115 6.75230360031128 6.35998439788818 6.61692523956299 7.11317348480225 8.03360557556152 9.27806282043457 9.45772552490234 8.18506050109863 6.31419897079468 5.52775287628174 7.23203659057617 7.82331418991089 7.68661737442017 6.88257837295532 5.79666423797607 4.19654846191406 2.89015293121338 1.23470020294189 0.215465113520622 -1.29719221591949 -0.573310375213623 0.671946942806244 1.16284656524658 1.69971716403961 2.48274445533752 0.530323565006256 -0.485375583171844 -0.760449469089508 0.277918070554733
-9999 2.70657420158386 1.66475331783295 2.46910548210144 4.95695781707764 3.09909415245056 1.57293677330017 2.27141571044922 1.56531798839569 1.6287556886673 -0.102429114282131 -2.43009543418884 -0.791930675506592 2.9404399394989 3.40119552612305 3.26735258102417 2.6279079914093 3.26735258102417 0.599410891532898 5.66943740844727 4.44222402572632 4.62350559234619 5.80888557434082 5.94655513763428 4.32583236694336 4.32778882980347 4.89199304580688 5.29376649856567 5.7611517906189 6.26422691345215 8.67826271057129 9.47687721252441 9.50957679748535 7.37052249908447 7.70722341537476 7.31460618972778 6.03536748886108 5.56884241104126 5.87149143218994 6.49394607543945 5.07905673980713 3.35675716400146 0.28758978843689 -0.255564302206039 -1.56488561630249 -1.75516939163208 -1.76956391334534 -0.837915480136871 0.0314914807677269 0.716651976108551 0.703438937664032 -1.85506403446198 -1.69185733795166 0.839613318443298
0.613907814025879 -0.329014748334885 0.244657263159752 2.41153717041016 4.71484041213989 3.19266581535339 0.755030453205109 0.376788288354874 -0.533931851387024 -0.605538725852966 -2.83694338798523 -3.83607602119446 -5.07249641418457 -0.714708507061005 -0.984503746032715 0.604203701019287 -0.214814230799675 -0.691690146923065 -0.693331778049469 1.70454263687134 2.10162115097046 3.14156699180603 4.31796836853027 4.43772888183594 3.3787693977356 3.65586590766907 5.12174701690674 5.4923849105835 5.46247386932373 7.55676937103271 8.27972888946533 7.04538154602051 9.17270660400391 9.471022605896 6.93638324737549 7.99004554748535 6.06739473342896 3.89834403991699 2.18738484382629 4.47881317138672 5.28210639953613 3.13481712341309 2.17090797424316 0.693246603012085 -0.82521003484726 0.104848489165306 -2.46002817153931 -2.40180134773254 -2.35851359367371 -1.50627970695496 -1.15420007705688 -3.39598798751831 -2.39421510696411 -0.915800869464874
2.25534677505493 0.723254442214966 1.20141839981079 2.37183165550232 4.30210733413696 2.98134469985962 1.92080521583557 1.37922477722168 -1.25709366798401 -1.26749289035797 -2.24824047088623 -1.92084276676178 -3.66994571685791 -3.48208141326904 -2.18958473205566 -4.2215428352356 -3.28392267227173 -3.66191029548645 -2.02312922477722 -1.27257108688354 0.133275091648102 2.33483982086182 1.63503348827362 2.62925124168396 2.09661269187927 3.34869933128357 4.34260320663452 5.80318641662598 6.64440822601318 9.18673515319824 6.73134899139404 5.26990127563477 5.78493976593018 9.39667797088623 8.66085720062256 8.324631690979 6.23531484603882 4.86658239364624 3.9247670173645 2.03594541549683 2.4294171333313 4.84686183929443 3.43885183334351 2.09241938591003 0.659889757633209 0.690165281295776 0.0394044183194637 -1.85692059993744 -2.62737536430359 -3.61504459381104 -3.36793279647827 -5.3369517326355 -4.42846775054932 -4.02069568634033
2.39263010025024 2.06420922279358 0.353091925382614 1.80562281608582 3.40375065803528 2.78098201751709 1.81079578399658 0.848682165145874 -0.935605406761169 0.0175819005817175 0.614105701446533 -0.122521765530109 -1.6434246301651 -0.965785145759583 -3.29469347000122 -2.5104558467865 -0.944462716579437 -1.84231519699097 -3.17962169647217 -1.85166728496552 -1.75432682037354 -1.97814130783081 -0.930779814720154 0.589089691638947 2.99769711494446 4.74671268463135 5.79836273193359 5.33770656585693 5.80919551849365 8.61050319671631 7.88470649719238 5.26528024673462 3.42190861701965 5.2302451133728 9.46915721893311 9.51790046691895 6.46275615692139 4.48611545562744 2.54204630851746 2.3111400604248 2.90867352485657 5.66072940826416 6.43925333023071 5.03914546966553 3.17611026763916 1.75957429409027 0.992686450481415 -1.11202478408813 -1.76266860961914 -1.46243870258331 -2.63960981369019 -4.14257287979126 -2.35397720336914 -4.02069568634033
2.69082117080688 0.781277656555176 -0.633490264415741 2.10185122489929 2.08237290382385 2.38589549064636 0.819848299026489 0.827883660793304 0.620345234870911 1.81923758983612 2.7521493434906 3.16082978248596 0.706509470939636 0.70084822177887 -0.874980330467224 -0.925744116306305 -0.161183953285217 -0.15494441986084 -1.97814130783081 -1.9249951839447 -1.21166241168976 -0.564828932285309 -0.193527847528458 0.914805114269257 1.91679930686951 2.92852878570557 3.82509589195251 4.38614320755005 5.76085472106934 8.94204235076904 7.84977674484253 5.90536594390869 3.49415421485901 3.87626266479492 5.67176008224487 7.03161239624023 8.97622871398926 9.26394081115723 7.71673965454102 6.38454675674438 4.92685174942017 5.82980823516846 6.70891332626343 5.62142896652222 4.61401510238647 4.04812574386597 2.70793843269348 1.40715861320496 1.11778390407562 0.497091203927994 -0.580533266067505 -0.666523277759552 -1.26977372169495 -2.01299262046814
4.44771671295166 3.36084604263306 0.755164921283722 0.374151617288589 0.487692445516586 0.494574397802353 -0.444025129079819 -2.27200484275818 -0.72186154127121 -0.791930675506592 0.915599465370178 2.41658902168274 4.20713186264038 3.17629837989807 2.08445620536804 0.285214722156525 2.98059582710266 0.310664594173431 -0.306266218423843 0.121608033776283 -0.188698247075081 1.35171496868134 2.10545587539673 2.33905100822449 3.26333832740784 3.95536804199219 5.47591352462769 7.09657144546509 8.89780902862549 8.43249797821045 6.83649396896362 6.2262487411499 5.00076866149902 3.92626857757568 5.48557615280151 7.23262596130371 8.12222862243652 9.30795574188232 8.48253536224365 9.25741767883301 9.09214401245117 8.65609264373779 7.34636449813843 6.18764734268188 6.14408588409424 5.33819055557251 4.16832113265991 4.06850528717041 4.44695901870728 2.6921820640564 2.01794576644897 0.781429469585419 0.601220369338989 0.36636671423912
6.78436517715454 5.77810049057007 4.04197597503662 3.69163632392883 1.93577396869659 0.645613491535187 0.211325198411942 -1.5551176071167 -1.81144869327545 -2.36446905136108 -2.55481147766113 -2.11621117591858 2.07017397880554 5.0930814743042 4.82115793228149 3.69317865371704 4.70400619506836 3.85202741622925 1.8674418926239 1.75084292888641 3.58780884742737 2.98935341835022 3.48148345947266 6.03498077392578 6.76087331771851 8.44771575927734 7.89909410476685 7.89285469055176 7.03425884246826 6.00426197052002 7.44439792633057 6.79308795928955 5.6699652671814 3.55004739761353 4.278892993927 6.02053308486938 5.6167254447937 4.72483539581299 4.58900213241577 6.679527759552 9.1504077911377 9.16109180450439 9.16058349609375 6.99026489257812 7.1158881187439 4.35561180114746 5.0687518119812 6.19620752334595 6.47763204574585 5.25614643096924 4.31991672515869 3.51943016052246 2.94031763076782 2.56503939628601
-9999 5.62559700012207 4.25748872756958 4.18043613433838 2.98863387107849 1.07371091842651 0.0499986596405506 -1.78535711765289 -0.0150965275242925 0.912205457687378 0.636855840682983 1.51904773712158 1.24075841903687 3.58436894416809 4.39129781723022 5.28387212753296 5.71386623382568 4.97702312469482 4.93661260604858 6.83776330947876 6.72855424880981 8.0702657699585 8.30340480804443 6.94367694854736 4.29803037643433 6.80026388168335 7.48395252227783 5.57786130905151 3.56812047958374 3.00618243217468 5.29742383956909 6.78507137298584 5.83283615112305 2.75154447555542 2.68921899795532 3.8864905834198 3.71789884567261 5.27934551239014 6.37014532089233 8.46905899047852 9.07538318634033 7.6881537437439 9.15537643432617 8.21869850158691 8.25813961029053 7.60672950744629 7.06496667861938 7.76159811019897 6.49786472320557 6.44553518295288 5.56967353820801 5.0892128944397 4.61479377746582 3.63907289505005
-9999 3.12599611282349 -0.493600398302078 -0.153011441230774 3.52510094642639 3.5630784034729 -1.07701635360718 -3.05679678916931 -2.78022789955139 -2.0678858757019 -0.00394144235178828 3.51599073410034 4.43176317214966 4.84659147262573 6.20003223419189 6.59297180175781 6.74591112136841 7.89420938491821 8.04564666748047 8.11705493927002 8.16487979888916 5.64484071731567 4.03156328201294 2.71944808959961 4.11638450622559 5.90864562988281 7.78736782073975 5.17237663269043 3.54130959510803 2.40465331077576 4.45304393768311 4.43895196914673 3.9406111240387 3.24365592002869 1.02904224395752 1.890101313591 4.07391595840454 5.94861888885498 7.74291610717773 8.80154418945312 6.87942028045654 4.80816173553467 7.6340069770813 8.52744007110596 9.01708793640137 8.96731185913086 8.77599239349365 8.61190605163574 8.1296501159668 7.71494722366333 7.11886310577393 5.57799291610718 4.74748849868774 5.31687068939209
-9999 -9999 1.96449136734009 -1.03290140628815 0.155215010046959 1.30346083641052 -3.47375130653381 -2.10839200019836 -0.760692954063416 -0.241044297814369 -0.13821405172348 -0.708684384822845 -2.44030117988586 0.381273806095123 2.31714940071106 5.77490997314453 7.87824773788452 7.94059801101685 6.44767332077026 4.65967035293579 3.46141695976257 4.39979076385498 1.5914261341095 1.70692837238312 3.80696392059326 5.45943450927734 7.2317795753479 7.48417854309082 4.30927991867065 1.90078449249268 3.54295110702515 3.7034900188446 2.77105689048767 0.54962956905365 0.140442937612534 0.946086645126343 2.50735306739807 5.44860744476318 7.85945320129395 6.69133615493774 4.04717254638672 3.97867465019226 6.09893321990967 5.84212064743042 5.76961088180542 6.83165311813354 7.30966901779175 8.07992935180664 7.23432540893555 8.80266761779785 8.62658023834229 8.16856575012207 7.53225135803223 6.90644884109497
-9999 -9999 -0.568341135978699 -3.09539341926575 -0.564754605293274 -1.66982161998749 -4.14249801635742 -2.09366917610168 -2.98910665512085 -3.17123985290527 -2.22920393943787 -0.646182894706726 -0.287739992141724 -0.301966488361359 1.74361062049866 6.2987961769104 5.82942390441895 3.15432095527649 3.75899934768677 4.89876937866211 2.03373622894287 3.3865704536438 1.44433796405792 1.69635105133057 3.85600996017456 4.66904020309448 6.06528949737549 7.27231073379517 3.8558177947998 1.57506465911865 0.116668492555618 -1.41192173957825 -0.00683888979256153 -0.896717667579651 0.404592335224152 0.517490446567535 1.77055621147156 5.17179489135742 7.44336414337158 4.47740364074707 2.04424810409546 1.67230010032654 3.61119604110718 1.93986320495605 3.55548453330994 5.54687023162842 4.7272744178772 5.16762971878052 5.241051197052 6.57954978942871 7.11072444915771 8.33452987670898 6.76178550720215 5.4389591217041
-9999 -9999 -3.35304999351501 -4.78313684463501 -2.35354566574097 -4.79924345016479 -5.71179103851318 -4.09444284439087 -5.36260366439819 -5.52283620834351 -4.14929246902466 -2.20515537261963 0.223324045538902 2.68723011016846 5.83984708786011 6.9899959564209 3.96245718002319 0.568614423274994 1.16468930244446 3.42595195770264 2.89730548858643 0.293612867593765 0.0980938225984573 -0.38413217663765 1.11631596088409 3.51199316978455 6.58619928359985 5.67364931106567 4.44481611251831 3.3378210067749 2.28875803947449 0.336485922336578 -1.36523985862732 -0.848949313163757 -0.840721487998962 -0.0447072759270668 1.69597744941711 5.27737045288086 7.71853828430176 4.07417964935303 0.810310065746307 1.52363288402557 2.51851320266724 0.297782391309738 -0.505512058734894 3.14138197898865 3.07157611846924 1.97740769386292 4.71640539169312 4.51307106018066 5.69500112533569 7.85290002822876 8.03500461578369 7.32775163650513
-9999 -9999 -9999 -7.18609571456909 -5.13366842269897 -7.66140031814575 -6.08019781112671 -6.48131132125854 -6.38442707061768 -5.34723854064941 -3.21959042549133 -2.06605267524719 2.70412540435791 4.24725103378296 6.14032983779907 3.01085162162781 5.00973892211914 1.13942098617554 -1.21137404441833 1.04650926589966 -0.240793913602829 -1.10996425151825 -2.8288037776947 -1.97041571140289 2.13737082481384 5.76112365722656 5.67364931106567 3.03123235702515 1.29475975036621 0.238159358501434 1.42520260810852 0.391521364450455 -1.69711494445801 -1.73013925552368 -1.17881393432617 -0.588351011276245 2.85932159423828 4.98524045944214 6.28714323043823 3.50914001464844 0.248042270541191 0.666216254234314 1.13423371315002 -0.0358203053474426 1.35378158092499 0.632301688194275 -0.32442718744278 1.79943931102753 4.56131458282471 2.72112393379211 2.63502335548401 3.35137104988098 6.1759033203125 8.07219886779785
-9999 -9999 -9999 -7.48424911499023 -6.8581485748291 -7.13684463500977 -6.48072957992554 -6.39350271224976 -4.51542091369629 -2.194664478302 -1.89623761177063 0.494082808494568 2.61434435844421 5.62610340118408 3.30816960334778 0.47282475233078 4.97851705551147 2.00960969924927 -1.64501893520355 -3.46958947181702 -1.66607415676117 -2.16575312614441 -2.84760284423828 1.30893099308014 5.87423944473267 3.62630105018616 0.574793934822083 -0.982140123844147 -0.190262839198112 -1.51615047454834 -3.09355330467224 -3.09799695014954 -1.73013925552368 -1.14852583408356 -0.724747240543365 1.00233328342438 1.91259825229645 2.07711100578308 6.38855743408203 4.32056093215942 0.516768217086792 -0.558168828487396 -0.944615125656128 -0.633329093456268 -0.137943953275681 -0.472604662179947 0.936033844947815 2.32695841789246 1.70243430137634 1.07930433750153 0.743561148643494 2.16625905036926 3.45502161979675 5.88717460632324
-9999 -9999 -9999 -9999 -5.55876064300537 -4.46328735351562 -2.63877606391907 -2.76154780387878 -2.04981446266174 -1.46320044994354 -0.252396196126938 2.33082604408264 3.94781374931335 4.38669633865356 -1.07659506797791 -1.75649166107178 2.44923901557922 3.34609436988831 0.0447465851902962 -3.64172601699829 -5.25964212417603 -4.85028791427612 -1.13904523849487 1.25441610813141 2.91915345191956 2.9299910068512 -1.69881916046143 -2.66519618034363 -2.92641472816467 -3.56478381156921 -4.64394664764404 -3.43935394287109 -2.68295097351074 0.715220868587494 0.982359647750854 0.999191701412201 -0.137662753462791 1.18505382537842 3.9030921459198 4.27377653121948 0.928521394729614 -1.43091690540314 -1.81646776199341 -1.57228767871857 -1.41008484363556 -1.24349129199982 0.63096684217453 1.12947618961334 -0.160894632339478 -0.746727705001831 0.557472169399261 2.56946873664856 3.40647149085999 2.88152432441711
