layers/pyrenees/area_2/pca2.asc
NCOLS 98 
NROWS 44 
XLLCORNER 1.343282537 
YLLCORNER 42.5470927915823 
CELLSIZE 0.00833333376415095 
NODATA_value -9999 
[rows 0 to 23 of 44, columns 0 to 52 of 98]
-9999.000000000000000 -9999 -9999 -9999 -9999 -9999 -9999 -9999 -9999 -9999 -9999 -9999 -9999 -9999 -9999 -9999 -9999 -9999 -9999 -9999 -9999 -9999 -9999 -9999 -9999 -9999 -9999 1.45360231399536 1.35287809371948 1.34029352664948 1.29036426544189 1.45749497413635 1.35098493099213 1.29498112201691 -9999 -9999 -9999 -9999 -9999 -9999 -9999 -9999 -9999 -9999 -9999 -9999 -9999 -9999 -9999 -9999 -9999 -9999 -9999
-9999 -9999 -9999 -9999 -9999 -9999 -9999 -9999 -9999 -9999 -9999 -9999 -9999 -9999 -9999 -9999 -9999 -9999 -9999 -9999 -9999 -9999 1.61277210712433 1.21419215202332 1.19476532936096 1.57052171230316 1.21055674552917 1.35849332809448 1.70657289028168 1.4655989408493 1.41776239871979 1.43640375137329 1.41383612155914 1.55651938915253 1.51116919517517 1.24790382385254 -9999 -9999 -9999 -9999 -9999 -9999 -9999 -9999 -9999 -9999 -9999 -9999 -9999 -9999 -9999 -9999 -9999
-9999 -9999 -9999 -9999 -9999 -9999 -9999 -9999 -9999 -9999 -9999 -9999 -9999 -9999 -9999 -9999 -9999 -9999 1.72982573509216 1.67028141021729 1.45998466014862 1.62562716007233 1.39938914775848 1.43979918956757 1.41260480880737 1.42644286155701 1.54271984100342 1.56160497665405 1.37860000133514 1.35737109184265 1.31447339057922 1.30803835391998 1.42557537555695 1.27423191070557 1.16255581378937 1.05810630321503 1.16047704219818 1.18691611289978 1.17216348648071 -9999 -9999 -9999 -9999 -9999 -9999 -9999 -9999 -9999 -9999 -9999 -9999 -9999 -9999
-9999 -9999 -9999 -9999 -9999 -9999 -9999 -9999 -9999 -9999 -9999 -9999 -9999 -9999 1.72454261779785 1.65781247615814 1.63508188724518 1.62331402301788 1.62540590763092 1.61969220638275 1.38851892948151 1.44695663452148 1.5498229265213 1.35936176776886 1.64108324050903 1.40207409858704 1.50382339954376 1.41014897823334 1.51838874816895 1.37600648403168 1.29702401161194 1.43116617202759 1.33225870132446 1.10199391841888 1.52848660945892 1.12923002243042 1.24333465099335 1.09104776382446 1.21861839294434 1.19576406478882 1.19616234302521 -9999 -9999 -9999 -9999 -9999 -9999 -9999 -9999 -9999 -9999 -9999 -9999
-9999 -9999 -9999 -9999 -9999 -9999 -9999 -9999 -9999 -9999 -9999 1.47688364982605 1.14213287830353 1.23331439495087 1.75370395183563 1.49244236946106 1.54920959472656 1.53998231887817 1.47514152526855 1.3244343996048 1.6419073343277 1.59171032905579 1.56451594829559 1.57634460926056 1.62411999702454 1.53140330314636 1.42434906959534 1.0921767950058 1.26779568195343 1.03804123401642 1.47552812099457 1.18023705482483 1.4485377073288 1.12060117721558 1.18302226066589 1.34453451633453 1.09104371070862 1.15384471416473 1.23338806629181 1.07811427116394 1.08784770965576 1.19731605052948 1.23723113536835 1.2102278470993 -9999 -9999 -9999 -9999 -9999 -9999 -9999 -9999 -9999
-9999 -9999 -9999 -9999 -9999 -9999 -9999 -9999 -9999 1.47735476493835 1.73401236534119 1.65622937679291 1.59485816955566 1.29582047462463 1.55679368972778 1.20617425441742 1.61009442806244 1.53181731700897 1.48452067375183 1.50023257732391 1.81370007991791 1.22527992725372 1.52448344230652 1.1686178445816 1.49177992343903 1.73777401447296 1.42056369781494 1.43881225585938 1.43996644020081 1.20328485965729 1.17308557033539 1.11902856826782 1.05535769462585 1.1419483423233 1.18834698200226 1.08327293395996 1.24291777610779 1.16482520103455 1.08513712882996 0.97632098197937 1.35473799705505 1.26977491378784 0.954289853572845 0.989952385425568 0.932295739650726 0.765710830688477 -9999 -9999 -9999 -9999 -9999 -9999 -9999
-9999 -9999 -9999 -9999 -9999 -9999 1.61660051345825 1.23054277896881 1.76175057888031 1.58285915851593 1.44972670078278 1.29916262626648 1.37542724609375 1.37151527404785 1.40535616874695 1.28636705875397 1.37370431423187 1.23378431797028 1.14032745361328 1.43548810482025 1.4109081029892 1.35114550590515 1.43872976303101 1.23136484622955 1.20737183094025 1.59673154354095 1.39643728733063 1.09134864807129 1.34469950199127 1.45372533798218 0.911428868770599 0.967725932598114 1.00025272369385 1.10765933990479 1.04536306858063 1.12596929073334 1.05427527427673 1.13424372673035 1.12157201766968 1.36483645439148 0.904864728450775 0.968303799629211 1.05986595153809 0.762762248516083 1.0898517370224 0.976280570030212 0.85195529460907 0.685742139816284 1.24441850185394 -9999 -9999 -9999 -9999
-9999 -9999 -9999 -9999 1.84044671058655 1.97294569015503 1.59865748882294 1.45355105400085 1.46131861209869 1.30663287639618 1.76338493824005 1.44281196594238 1.37773334980011 0.954086124897003 0.881759285926819 1.2377827167511 1.45052325725555 1.55281615257263 1.22413969039917 1.38241577148438 1.42446351051331 1.37236642837524 1.25571072101593 1.4758129119873 1.14548146724701 1.53616261482239 1.16117680072784 1.27060747146606 1.06809866428375 1.41542136669159 1.50232827663422 1.05763924121857 1.02210855484009 1.12147700786591 0.968553721904755 0.875133633613586 1.15000188350677 1.2561422586441 1.10361397266388 0.934417724609375 0.988872289657593 0.940961241722107 0.978083729743958 0.687203228473663 0.963208973407745 0.918093621730804 0.999468564987183 0.799586772918701 1.16608536243439 1.16788959503174 0.737250506877899 -9999 -9999
-9999 -9999 1.88582015037537 1.804044008255 1.7524995803833 1.5361944437027 2.0112509727478 1.62887561321259 1.60680496692657 1.68755054473877 1.60732209682465 1.45442354679108 1.363640666008 1.43383347988129 1.1318621635437 1.17460441589355 1.23052608966827 1.2727187871933 1.3325936794281 1.21231472492218 1.25137972831726 1.28030931949615 1.17388617992401 1.49762535095215 1.23742318153381 1.45133233070374 1.18230807781219 1.23323941230774 1.04311192035675 1.29269433021545 1.10638892650604 0.902053117752075 1.25567746162415 1.01397025585175 1.17546188831329 1.09334945678711 0.874708473682404 0.993055105209351 0.874303460121155 0.864322364330292 1.20020461082458 0.850781381130219 1.08257079124451 1.05315363407135 0.618920743465424 0.604621052742004 0.874291658401489 0.785955131053925 0.765697002410889 0.5999556183815 0.792073726654053 0.598559379577637 0.6094611287117
-9999 1.63719630241394 1.57979226112366 1.72520887851715 1.77150869369507 1.71332168579102 1.68374073505402 1.76238739490509 1.71250319480896 1.59795165061951 1.41689240932465 1.08115673065186 1.30477941036224 1.6343549489975 1.38565313816071 1.38676702976227 1.58470296859741 1.38676702976227 1.1113303899765 1.32942306995392 1.13729476928711 1.14731347560883 1.24722456932068 1.22796595096588 1.1599760055542 1.37453556060791 1.34084796905518 1.15951502323151 1.12521362304688 1.11019194126129 1.16794538497925 0.925684690475464 0.956569910049438 1.03579807281494 0.991667866706848 1.08659267425537 1.00447928905487 1.12738108634949 1.00536525249481 0.999528229236603 1.03115916252136 1.19630253314972 1.07499444484711 1.11474049091339 0.700581014156342 0.79399973154068 0.762419402599335 0.68781703710556 0.927856028079987 0.803503572940826 0.895394802093506 0.562211811542511 0.538705289363861
1.38453447818756 1.52162718772888 1.41876840591431 1.61972200870514 1.71196663379669 1.3458856344223 1.27659726142883 1.37158250808716 1.39112293720245 1.42675793170929 1.21529424190521 1.26862955093384 0.890875637531281 1.28636705875397 1.31737804412842 1.07824850082397 1.13604581356049 1.31539988517761 1.30987060070038 1.53445661067963 1.4557774066925 1.4169557094574 1.43743300437927 1.32528293132782 1.3274599313736 1.2198748588562 1.17681002616882 1.08637022972107 1.13472008705139 0.963657975196838 0.993573009967804 1.04657065868378 1.28278148174286 0.905032992362976 0.957646727561951 0.811011135578156 1.04645550251007 0.949005544185638 0.875816524028778 1.06508719921112 0.937458872795105 0.635824024677277 0.767921924591064 0.916624307632446 0.995155990123749 0.858927845954895 0.866221904754639 0.80741012096405 0.803238034248352 0.701076447963715 0.530584156513214 0.435643285512924 0.621823906898499
1.62293946743011 1.24263429641724 1.69033467769623 1.77998578548431 1.6355288028717 1.51361513137817 1.43738412857056 1.67231249809265 1.45422899723053 1.44376957416534 1.04066073894501 1.05391347408295 1.17624843120575 1.20396542549133 0.93801873922348 0.834514856338501 1.12755763530731 1.17175626754761 0.925954759120941 0.947167336940765 1.07265853881836 1.56908142566681 0.962335526943207 1.22811686992645 1.35678398609161 1.13175845146179 1.16645038127899 1.18066382408142 1.04990875720978 1.2890989780426 1.13398337364197 0.875568807125092 1.12920665740967 0.825067460536957 0.876651287078857 0.897737741470337 1.05546498298645 1.23320484161377 0.885183095932007 0.77121102809906 0.688092172145844 0.737870931625366 1.19454979896545 0.773099422454834 0.813208401203156 0.865147590637207 0.819069385528564 0.636903464794159 0.762204587459564 0.476121425628662 0.453316301107407 0.576651215553284 0.540042698383331
1.8009045124054 1.57074868679047 1.35814332962036 1.51347279548645 1.55582106113434 1.63967478275299 1.41060614585876 1.27351438999176 1.40713798999786 1.24002146720886 1.14154326915741 1.20994746685028 1.27802562713623 1.33620488643646 1.01849186420441 1.18059086799622 1.29979944229126 0.842035293579102 1.13399732112885 0.906410098075867 0.951395213603973 0.833605647087097 1.30426728725433 1.07548487186432 1.40881764888763 1.20679771900177 1.18680429458618 1.10599303245544 1.1034574508667 0.857378602027893 0.870860993862152 0.88088047504425 1.22713780403137 0.959615647792816 0.839770197868347 1.13215243816376 0.872078418731689 1.00041532516479 0.982081353664398 0.707489669322968 1.07193434238434 0.735761940479279 0.875599980354309 0.819792747497559 0.708761870861053 0.50336104631424 0.73779034614563 0.575006484985352 0.578817367553711 0.7992884516716 0.842515766620636 0.47129961848259 0.813864588737488
1.64576101303101 1.22872877120972 1.525958776474 1.47192478179932 1.55144453048706 1.58554112911224 1.25708794593811 1.25259566307068 1.14781892299652 1.50011944770813 1.44427633285522 1.43493592739105 1.18233072757721 1.17863988876343 1.33961462974548 1.3186262845993 1.14102399349213 1.14729952812195 0.833605647087097 0.825592041015625 1.17737030982971 1.14888715744019 1.05707466602325 1.11022293567657 0.825259506702423 1.33218348026276 1.13757383823395 1.12055647373199 1.12004792690277 1.01538002490997 0.799541234970093 1.04221975803375 1.05562591552734 1.06038379669189 0.890430092811584 0.974610507488251 0.669718325138092 0.657090067863464 0.754274725914001 0.973403930664062 0.432993620634079 0.835387170314789 0.914891242980957 0.820869565010071 1.00866401195526 0.57517147064209 0.573061048984528 0.77410614490509 0.701610743999481 0.766597211360931 0.88711017370224 0.895557940006256 0.564903259277344
1.47324740886688 1.74277305603027 1.24304211139679 1.22874629497528 1.30519342422485 1.20981311798096 1.44766497612 0.972581624984741 1.3564760684967 1.30477941036224 1.24657928943634 1.45264065265656 1.45945608615875 1.4305614233017 1.41176354885101 1.16425704956055 1.36357235908508 1.11529994010925 1.05465054512024 1.05503845214844 1.05439698696136 1.06905460357666 1.30782723426819 1.09096169471741 1.3273264169693 1.19513010978699 1.04535007476807 0.897407114505768 0.894812047481537 0.795517265796661 0.988007783889771 0.992244482040405 0.967921018600464 0.884690225124359 0.960408985614777 0.728947520256042 0.745391309261322 0.757962942123413 0.811297178268433 0.731211602687836 0.601365625858307 0.619274318218231 0.706633567810059 0.88191282749176 0.797075510025024 0.334079831838608 0.570518434047699 0.798066258430481 0.66925173997879 0.621942698955536 0.707964897155762 0.688084840774536 0.689803540706635
1.78977608680725 1.89464485645294 1.68825423717499 1.65548133850098 1.33797812461853 1.23145079612732 1.27902770042419 1.02445948123932 1.08613562583923 0.965476036071777 1.00555229187012 1.00515031814575 1.46647357940674 1.31664037704468 1.27342081069946 1.27933287620544 1.10940790176392 1.19902741909027 0.873538732528687 0.903494536876678 1.18999290466309 1.36850261688232 1.23306465148926 0.928471386432648 0.804904580116272 0.842347025871277 0.736850321292877 0.730574667453766 0.875826954841614 1.14642107486725 0.827496588230133 0.826761305332184 0.784045279026031 1.13443303108215 0.959755003452301 0.922669231891632 0.743213593959808 0.835505962371826 0.890110373497009 0.776163995265961 0.782254815101624 0.805573999881744 0.790750086307526 0.748425006866455 0.813930928707123 0.554100692272186 0.508949756622314 0.596560776233673 0.49872213602066 0.3748639523983 0.503409147262573 0.491042196750641 0.520475268363953
-9999 1.80414485931396 1.43057882785797 1.61018586158752 1.5068953037262 1.30862212181091 1.25822865962982 1.1019434928894 1.10913372039795 1.2165402173996 1.22652053833008 1.08116710186005 1.43788433074951 1.40550327301025 1.23605608940125 1.1303071975708 1.35297024250031 1.1532689332962 1.03288769721985 1.00249254703522 1.0263614654541 0.910321593284607 1.21479761600494 1.00350689888 1.03198218345642 0.883471548557281 0.797886967658997 0.840835154056549 1.08819735050201 0.896906435489655 0.832554638385773 0.775741934776306 0.75877982378006 1.13238275051117 1.11562359333038 0.999630153179169 1.11672079563141 0.847720801830292 0.69023871421814 0.759741961956024 0.647395431995392 0.617920517921448 0.706287503242493 0.876963317394257 0.678426086902618 0.569401443004608 0.661043286323547 0.68332701921463 0.638534963130951 0.702667891979218 0.304729849100113 0.737361192703247 0.622658789157867
-9999 1.47597205638885 1.3042277097702 1.21031093597412 1.54441452026367 1.33706045150757 1.37286531925201 1.09677517414093 1.04960870742798 0.898397624492645 1.09982264041901 1.49220168590546 1.2310585975647 1.22573065757751 0.978805363178253 1.07989609241486 1.37042784690857 1.36650764942169 1.28983747959137 1.21818912029266 1.25079584121704 1.21159672737122 1.08363687992096 1.46952080726624 1.20050871372223 0.885796964168549 0.812199115753174 1.02511715888977 0.996288657188416 1.12690019607544 0.940231502056122 0.723623037338257 0.884222209453583 0.782671511173248 0.864673435688019 0.774103701114655 0.870011210441589 0.687377750873566 0.585540890693665 0.526895523071289 0.753468811511993 0.743751049041748 0.584439694881439 0.558830499649048 0.486599773168564 0.779669165611267 0.572316586971283 0.752637445926666 0.541830062866211 0.533988118171692 0.609904289245605 0.313097357749939 0.315552890300751
-9999 -9999 1.14079487323761 1.41335737705231 1.20886063575745 1.06630444526672 1.18498980998993 0.985546946525574 1.40742135047913 1.17585122585297 1.15458834171295 1.18947017192841 1.00440335273743 1.12133073806763 1.4589376449585 1.1936571598053 1.34960973262787 1.41738367080688 1.08209097385406 1.21266937255859 1.21548354625702 1.27126348018646 0.819424510002136 1.07230246067047 0.743738114833832 0.811897099018097 0.908506572246552 0.769790887832642 1.02989077568054 0.797422885894775 1.00181782245636 1.0440434217453 1.19261527061462 0.834813714027405 0.95351654291153 0.792941629886627 0.676647126674652 0.822718143463135 0.668352901935577 0.550623416900635 0.832541823387146 1.04770219326019 0.630572319030762 0.641367495059967 0.866684019565582 0.732285678386688 0.494384497404099 0.589292645454407 0.56310361623764 0.479215025901794 0.72637265920639 0.620735704898834 0.443517357110977
-9999 -9999 1.22604608535767 1.19826972484589 1.15406477451324 1.06513583660126 0.775198698043823 0.961894869804382 1.13364481925964 1.07766246795654 0.985126554965973 1.14042365550995 1.0511714220047 1.06485641002655 0.89062488079071 0.987046957015991 1.03294253349304 1.0720306634903 1.16702282428741 1.0535284280777 0.874158024787903 1.07541167736053 0.829335629940033 0.844914793968201 1.05633270740509 1.19099152088165 0.883985459804535 0.723198890686035 0.782329916954041 0.670621991157532 0.903276324272156 0.836207866668701 0.967534601688385 0.736578285694122 0.816815257072449 0.790491759777069 0.528925597667694 0.56365704536438 0.593943774700165 0.368959546089172 0.578549027442932 0.572378635406494 0.419399678707123 0.463706076145172 0.69737833738327 0.395292460918427 0.237674087285995 0.45162096619606 0.355301469564438 0.341505944728851 0.232261270284653 0.501425862312317 0.440825372934341
-9999 -9999 1.17464804649353 0.814974963665009 0.918611168861389 0.846595227718353 0.892838060855865 0.742367744445801 0.784939587116241 0.86001455783844 0.780802547931671 1.0292466878891 1.09583878517151 1.2802848815918 1.16977286338806 1.01060581207275 1.37248265743256 1.06121110916138 0.899148225784302 1.17042541503906 0.970516562461853 0.989494442939758 0.891287088394165 1.17418301105499 1.0367283821106 0.859258234500885 0.901414394378662 0.745073556900024 0.922417759895325 0.559551894664764 0.757640480995178 0.781827747821808 0.812272548675537 0.661732792854309 0.679546535015106 0.832201361656189 0.625605583190918 0.347151786088943 0.64372992515564 0.896721422672272 0.895208418369293 0.669884264469147 0.656146764755249 0.838114321231842 0.616538345813751 0.377647042274475 0.346287161111832 0.617354929447174 0.192005842924118 0.436643540859222 0.139040037989616 0.440364837646484 0.115003198385239
-9999 -9999 -9999 0.75229287147522 0.746130466461182 0.837860524654388 0.614125311374664 0.532330751419067 0.662148714065552 0.774504780769348 1.08174896240234 0.991674065589905 1.24959099292755 1.36265540122986 1.03768086433411 1.41141307353973 0.982691049575806 0.815516352653503 0.870185077190399 0.85773503780365 1.05730545520782 0.842700064182281 0.847452104091644 0.875842571258545 0.827383816242218 0.929021120071411 0.745073556900024 0.912562727928162 0.847359836101532 0.843971192836761 0.675786435604095 0.785739302635193 0.690120458602905 0.709594249725342 0.679543197154999 0.611745655536652 0.48402014374733 0.830273389816284 0.685542523860931 0.558458089828491 0.903776466846466 0.676997005939484 0.750775992870331 0.424592286348343 0.640052676200867 0.62986433506012 0.372099727392197 0.460515588521957 0.383246153593063 0.539731621742249 0.515852212905884 0.373299062252045 0.0732197314500809
-9999 -9999 -9999 0.815202116966248 0.605998039245605 0.810067892074585 0.98619818687439 0.621021032333374 0.808611035346985 1.03025984764099 0.832929491996765 1.10751557350159 0.884636282920837 1.01248013973236 1.19306993484497 0.981652498245239 1.00228989124298 0.878744959831238 0.712152302265167 1.03161120414734 0.643642961978912 0.703388512134552 0.914729118347168 0.890575230121613 0.861002027988434 0.89993542432785 0.973666429519653 0.682658016681671 0.84965306520462 0.858193635940552 1.00627875328064 0.989235162734985 0.709594249725342 0.618474721908569 0.691376626491547 0.740183711051941 0.588156580924988 0.530161142349243 0.527692675590515 0.579637229442596 0.781069278717041 0.866209983825684 0.595093071460724 0.564477860927582 0.260813295841217 0.831338167190552 0.638357818126678 0.421983808279037 0.484296530485153 0.559418201446533 0.649390161037445 0.461104065179825 0.253925502300262
-9999 -9999 -9999 -9999 0.898525476455688 0.760397017002106 0.909821212291718 0.958463966846466 0.925441145896912 1.00802278518677 1.07079350948334 1.39097213745117 1.22241854667664 0.947540402412415 0.866723895072937 0.869785845279694 1.10518097877502 1.33520174026489 0.938789188861847 0.609955549240112 0.750034868717194 0.646781980991364 0.793807327747345 0.848292589187622 0.978439807891846 0.985461890697479 0.691442131996155 0.798926711082458 0.920368611812592 0.67184841632843 0.709494650363922 0.627882361412048 0.562822282314301 0.922254025936127 0.792575120925903 0.826270937919617 0.558943390846252 0.568698525428772 0.615333020687103 0.556033134460449 0.676489412784576 0.595365941524506 0.59891152381897 0.559820830821991 0.587091743946075 0.465746998786926 0.705831587314606 0.561881840229034 0.76142030954361 0.525855004787445 0.59965193271637 0.415820598602295 0.252213388681412
