layers/pyrenees/area_2/pca3.asc
NCOLS 98 
NROWS 44 
XLLCORNER 1.343282537 
YLLCORNER 42.5470927915823 
CELLSIZE 0.00833333376415095 
NODATA_value -9999 
[rows 0 to 22 of 44, columns 0 to 52 of 98]
-9999.000000000000000 -9999 -9999 -9999 -9999 -9999 -9999 -9999 -9999 -9999 -9999 -9999 -9999 -9999 -9999 -9999 -9999 -9999 -9999 -9999 -9999 -9999 -9999 -9999 -9999 -9999 -9999 -0.481784790754318 -0.138242974877357 -0.190244600176811 0.0971876233816147 0.321527808904648 0.105932340025902 0.0526592768728733 -9999 -9999 -9999 -9999 -9999 -9999 -9999 -9999 -9999 -9999 -9999 -9999 -9999 -9999 -9999 -9999 -9999 -9999 -9999
-9999 -9999 -9999 -9999 -9999 -9999 -9999 -9999 -9999 -9999 -9999 -9999 -9999 -9999 -9999 -9999 -9999 -9999 -9999 -9999 -9999 -9999 -0.361185014247894 -0.120633266866207 -0.149009928107262 -0.356195062398911 -0.112125866115093 0.0379103347659111 0.205052092671394 -0.0705675929784775 0.29378804564476 -0.362600117921829 0.16312213242054 -0.320786267518997 -0.372475445270538 -0.626994907855988 -9999 -9999 -9999 -9999 -9999 -9999 -9999 -9999 -9999 -9999 -9999 -9999 -9999 -9999 -9999 -9999 -9999
-9999 -9999 -9999 -9999 -9999 -9999 -9999 -9999 -9999 -9999 -9999 -9999 -9999 -9999 -9999 -9999 -9999 -9999 0.274421870708466 0.24676550924778 -0.0351235754787922 0.121257409453392 -0.173702642321587 -0.0730204284191132 -0.125436946749687 -0.116225108504295 0.0694137290120125 -0.384177982807159 -0.133706092834473 -0.129751324653625 -0.226883411407471 -0.280355542898178 0.337268382310867 0.0824606344103813 -0.264030128717422 -0.392975062131882 -0.0362367257475853 -0.0503809452056885 -0.178522422909737 -9999 -9999 -9999 -9999 -9999 -9999 -9999 -9999 -9999 -9999 -9999 -9999 -9999 -9999
-9999 -9999 -9999 -9999 -9999 -9999 -9999 -9999 -9999 -9999 -9999 -9999 -9999 -9999 0.179498538374901 0.125753358006477 0.515907764434814 0.463991910219193 0.468023955821991 0.495967775583267 0.331073403358459 0.333259403705597 0.467711061239243 0.569713592529297 0.292337954044342 0.224379554390907 0.380199193954468 0.357173413038254 0.030699796974659 -0.0798923596739769 -0.167264103889465 0.329830169677734 0.156992673873901 -0.291491657495499 -0.551063179969788 -0.255885720252991 0.0496373251080513 -0.0697841048240662 0.0177723523229361 -0.0312165524810553 0.074697770178318 -9999 -9999 -9999 -9999 -9999 -9999 -9999 -9999 -9999 -9999 -9999 -9999
-9999 -9999 -9999 -9999 -9999 -9999 -9999 -9999 -9999 -9999 -9999 -0.0741997137665749 -0.171723455190659 -0.0950594991445541 -0.0841459631919861 -0.0582135133445263 0.519257068634033 0.433423191308975 0.284806370735168 0.576076924800873 0.278878301382065 0.206615447998047 0.154198929667473 0.159811198711395 0.154759600758553 0.0217648800462484 0.00308524025604129 0.361867278814316 -0.0998038277029991 0.298269540071487 -0.00705766165629029 -0.0694956853985786 0.0246812496334314 -0.232438012957573 -0.198046758770943 -0.0788606554269791 0.293087035417557 0.0083538731560111 0.144412964582443 -0.0261971205472946 -0.0314656756818295 -0.223138630390167 -0.177472114562988 -0.198517099022865 -9999 -9999 -9999 -9999 -9999 -9999 -9999 -9999 -9999
-9999 -9999 -9999 -9999 -9999 -9999 -9999 -9999 -9999 0.232870563864708 0.613149702548981 0.141141101717949 -0.337244123220444 -0.0727034583687782 0.0439848862588406 -0.131936386227608 -0.361656010150909 -0.0154463620856404 0.0272925924509764 0.430968880653381 0.0507110953330994 0.501687049865723 0.113579578697681 0.295530378818512 0.0929549410939217 -0.0552957989275455 0.0461123399436474 0.0310094952583313 0.0233830325305462 -0.139921188354492 -0.176826953887939 -0.271138519048691 -0.366932928562164 -0.220000550150871 0.0374114848673344 0.321790486574173 0.0590001456439495 0.130382537841797 0.000625058833975345 -0.00466676522046328 -0.0732170045375824 -0.165445074439049 -0.321764141321182 -0.207749038934708 -0.327092528343201 -0.0257822033017874 -9999 -9999 -9999 -9999 -9999 -9999 -9999
-9999 -9999 -9999 -9999 -9999 -9999 0.05070636048913 -0.124379940330982 -0.173177674412727 0.00448480993509293 -0.0317826196551323 0.0132058449089527 -0.246074542403221 -0.259548664093018 -0.295649468898773 -0.388529777526855 -0.310227483510971 -0.100898437201977 -0.192317023873329 0.00545829255133867 0.350679636001587 0.195743039250374 0.293882489204407 0.526542842388153 0.458160698413849 0.242524728178978 -0.0430481620132923 0.177404627203941 -0.143098279833794 0.0833658650517464 -0.0148265762254596 0.0129364402964711 -0.382830172777176 -0.274257987737656 -0.271100878715515 0.446380436420441 0.355743616819382 0.476378858089447 0.13079646229744 -0.072264052927494 -0.325136929750443 -0.282308459281921 -0.518900632858276 -0.219720721244812 -0.513862252235413 -0.669036448001862 -0.364925593137741 -0.0994968861341476 -0.166106283664703 -9999 -9999 -9999 -9999
-9999 -9999 -9999 -9999 0.645574510097504 0.19802126288414 0.48842465877533 0.313351213932037 -0.0419899858534336 -0.0454839281737804 -0.171796873211861 -0.228614911437035 -0.196869298815727 -0.0682312324643135 -0.0855131670832634 0.028286112472415 0.00129171635489911 0.175258576869965 -0.0273670852184296 -0.0523536428809166 -0.13458114862442 0.249289497733116 0.1662777364254 0.104765966534615 0.31179490685463 0.0984895899891853 0.297178775072098 0.42884486913681 0.164128959178925 -0.156082034111023 -0.51923942565918 0.143968760967255 0.349358707666397 0.439716011285782 0.274435490369797 -0.0259323474019766 -0.11190028488636 -0.147479042410851 0.460411638021469 -0.141109228134155 0.0195254702121019 -0.282872527837753 -0.22614623606205 -0.290623724460602 -0.388550162315369 -0.438345551490784 -0.63311380147934 -0.403679728507996 -0.162832200527191 -0.2241151034832 -0.49838525056839 -9999 -9999
-9999 -9999 0.395723015069962 0.430521696805954 0.578456103801727 0.47885736823082 0.317912578582764 0.507629632949829 0.519642889499664 0.255315065383911 -0.305775791406631 -0.198543578386307 -0.275210410356522 -0.240402668714523 -0.106849886476994 -0.115905106067657 -0.082310676574707 0.202791154384613 0.670865416526794 0.459730952978134 0.570380508899689 0.603172540664673 0.497452020645142 0.205022558569908 0.51758998632431 0.121727757155895 0.539995968341827 0.509525895118713 0.286264926195145 -0.104272715747356 -0.19310350716114 -0.0352153442800045 -0.0940338894724846 0.302804827690125 0.128691598773003 0.384657144546509 0.109906308352947 0.317442864179611 0.166987419128418 0.239017888903618 0.277557700872421 0.0957955718040466 -0.0822932943701744 -0.583570241928101 -0.303613275289536 -0.397405594587326 -0.342612862586975 -0.444672435522079 -0.451996147632599 -0.173839166760445 -0.432631611824036 -0.397006154060364 -0.351841598749161
-9999 0.058256458491087 0.0967694297432899 0.17703215777874 0.646957755088806 0.193275883793831 -0.247390627861023 0.316178381443024 -0.18840080499649 -0.328880548477173 -0.245923057198524 0.122821539640427 -0.289284646511078 0.16454453766346 0.363962948322296 -0.126430079340935 0.165419980883598 -0.126430079340935 -0.148084819316864 0.669927954673767 0.051454346626997 0.00158355175517499 0.601521372795105 0.584173500537872 0.0709098801016808 0.385023564100266 0.300353765487671 0.536828279495239 0.511829972267151 0.533641576766968 0.309741288423538 0.0160861257463694 0.0761003121733665 0.303392797708511 0.32193711400032 0.381428182125092 0.453112691640854 0.514090597629547 0.389707118272781 0.487844586372375 -0.016290757805109 -0.23695120215416 -0.550031244754791 -0.502024531364441 -0.254985928535461 -0.128481134772301 -0.628033459186554 -0.275311887264252 -0.681701064109802 -0.392982602119446 -0.300426423549652 -0.268986344337463 -0.448128193616867
0.00271624978631735 -0.233671024441719 0.16503544151783 0.151223599910736 0.588954150676727 0.243706881999969 -0.0426944345235825 0.107231386005878 -0.273110389709473 -0.266657382249832 -0.127903759479523 -0.0190338008105755 0.245780631899834 -0.388529777526855 -0.35394623875618 -0.195028051733971 -0.0987858101725578 -0.32333055138588 -0.34371092915535 -0.352984488010406 0.069704994559288 -0.000245852075750008 0.492139786481857 0.364442884922028 -0.0714166536927223 0.211174473166466 0.550205111503601 0.49184438586235 0.515619575977325 0.242737084627151 0.226445451378822 0.341069310903549 -0.165303841233253 -0.0215182602405548 0.26250371336937 0.0890145897865295 0.463192701339722 0.0275571439415216 0.109543949365616 0.122213870286942 -0.0994130671024323 -0.143317297101021 -0.0165944937616587 -0.252132534980774 -0.530408203601837 -0.336196452379227 -0.432397931814194 -0.49336439371109 -0.561574637889862 -0.196090713143349 -0.386524468660355 -0.196701064705849 -0.687779903411865
0.149308949708939 -0.107673466205597 -0.270877450704575 0.267285048961639 0.555209398269653 -0.0137830451130867 -0.0115584312006831 -0.22068889439106 -0.199758604168892 -0.219918802380562 0.0946815982460976 -0.00144590204581618 -0.0884822383522987 -0.0367040894925594 -0.0489002540707588 0.15981537103653 -0.134480476379395 -0.0951466634869576 -0.0290190372616053 -0.0419047139585018 -0.175223410129547 0.121610067784786 0.13482940196991 -0.115161530673504 -0.101667411625385 0.11078143119812 0.231870219111443 0.623395264148712 0.456922441720963 -0.138976395130157 0.548954725265503 0.324540823698044 0.53265368938446 -0.0964199006557465 0.0758796259760857 0.0709753707051277 0.452123761177063 0.253498196601868 -0.0246659554541111 -0.031911876052618 -0.0916573628783226 0.426218122243881 0.292334347963333 -0.0169106293469667 -0.38307324051857 -0.342420339584351 -0.409115552902222 -0.20464451611042 -0.52293187379837 -0.148660525679588 -0.162478357553482 0.0594939291477203 -0.0630002468824387
0.307605445384979 0.0321232452988625 0.0733741074800491 0.0611138977110386 0.465007781982422 0.174317792057991 -0.0512196943163872 -0.041193749755621 -0.260065615177155 0.0526471212506294 -0.0951079055666924 -0.0279203858226538 -0.28829625248909 -0.317657887935638 -0.252857685089111 -0.220033168792725 -0.323207467794418 -0.0905192717909813 -0.0456684567034245 -0.0587029121816158 -0.0934441611170769 -0.0770564079284668 -0.309559345245361 -0.199842393398285 -0.0198485795408487 0.208231657743454 0.633958220481873 0.524541676044464 0.492399632930756 0.0947907492518425 0.192327678203583 0.32984322309494 0.34122696518898 0.44452291727066 -0.0629996657371521 -0.324099600315094 0.341344088315964 0.0710636749863625 0.236756026744843 -0.0539158955216408 -0.283862739801407 0.160545647144318 0.337493509054184 0.329527825117111 0.403692275285721 -0.25625804066658 -0.421866148710251 -0.301385223865509 -0.296478480100632 -0.534983456134796 -0.362941175699234 -0.0793901458382607 -0.472808063030243
0.0780411288142204 -0.12851494550705 -0.158626049757004 -0.0717485919594765 0.0753377005457878 0.0928103849291801 -0.0748497173190117 -0.0815141424536705 -0.0830117911100388 0.0594987086951733 0.0185577087104321 -0.0539569854736328 -0.0726747438311577 -0.0802724212408066 -0.2348443120718 -0.286919087171555 -0.0850358903408051 -0.0729397758841515 -0.0770564079284668 -0.145454436540604 -0.355807453393936 -0.477891683578491 -0.0911615118384361 -0.103942677378654 0.0432254076004028 -0.098536029458046 0.152786135673523 0.676728665828705 0.586035013198853 0.194479301571846 0.570410847663879 0.520473837852478 0.116379179060459 0.12728376686573 0.301064819097519 0.369286239147186 -0.141302794218063 -0.191397398710251 0.166479602456093 0.381308704614639 0.482640027999878 0.350622266530991 0.371262699365616 0.308903813362122 0.11614153534174 0.226679429411888 -0.202739879488945 -0.450048625469208 -0.459996700286865 -0.339495301246643 -0.615241765975952 -0.610902488231659 -0.346285372972488
0.355029463768005 0.674386382102966 -0.107015669345856 -0.0224241279065609 0.0598214603960514 -0.0423277541995049 -0.206367775797844 0.0231707729399204 -0.256661862134933 -0.289284646511078 -0.0263289734721184 -0.00690362695604563 0.517138183116913 -0.0492614060640335 0.0415334664285183 -0.00406787870451808 -0.0388723649084568 -0.0923308804631233 -0.106354206800461 -0.128634721040726 -0.0916325300931931 -0.163936212658882 -0.131409227848053 0.323533445596695 0.424747407436371 0.237399101257324 0.479887694120407 0.628490209579468 0.505244553089142 0.490252494812012 0.433560758829117 0.519371151924133 0.394800007343292 -0.0251323599368334 0.47878423333168 0.539913475513458 0.519620418548584 -0.0144214332103729 0.143339514732361 -0.0875402465462685 -0.250185161828995 0.324918419122696 0.574615180492401 0.33382648229599 0.318035811185837 0.424804776906967 0.230709254741669 -0.101626515388489 -0.237010791897774 -0.109792716801167 0.0514884665608406 -0.39304718375206 -0.444446593523026
0.447042167186737 0.61212146282196 0.63215160369873 0.609212040901184 -0.106715336441994 0.00480162538588047 -0.00666257552802563 -0.00320752151310444 0.0813612043857574 0.00495248707011342 0.120991088449955 0.0903756618499756 0.117490254342556 0.724000155925751 0.693657040596008 0.314231365919113 0.552904427051544 0.192306190729141 0.128042489290237 0.104909673333168 0.297904282808304 -0.0390925407409668 0.359398663043976 0.847247898578644 0.629241287708282 0.57279646396637 0.542929351329803 0.53083324432373 0.724814116954803 0.589177966117859 0.594657063484192 0.671528100967407 0.266774833202362 0.248385652899742 0.445969462394714 0.386461645364761 0.236173748970032 0.384003609418869 0.417870998382568 0.654062867164612 0.0111982068046927 0.0541509874165058 0.0148591324687004 0.235276162624359 0.298279732465744 0.280872076749802 0.636847078800201 0.0921483486890793 0.0159733984619379 0.47687566280365 0.186718806624413 0.232230916619301 -0.19409105181694
-9999 0.502056539058685 0.276426702737808 0.559789180755615 -0.00436884351074696 0.050894983112812 0.0811784192919731 0.110834196209908 -0.130590870976448 -0.0598675534129143 0.00502180214971304 0.275143265724182 -0.361242592334747 0.444243490695953 0.726062536239624 0.541530907154083 0.786015391349792 0.559035539627075 0.503538429737091 0.772482752799988 0.752272427082062 0.599008083343506 0.384028255939484 0.803866147994995 0.564031600952148 0.76942253112793 0.60786384344101 0.346625447273254 0.17532105743885 -0.000988745363429189 0.309737056493759 0.595522165298462 0.288799464702606 -0.173154577612877 -0.212791696190834 0.174999877810478 0.237781152129173 0.330391317605972 0.594950079917908 0.568348228931427 0.276895463466644 0.446137994527817 0.393191754817963 0.163985878229141 0.481211960315704 0.345019370317459 0.14816115796566 0.114479087293148 0.181852206587791 0.242287054657936 0.438635021448135 0.251543760299683 -0.235981091856956
-9999 0.43714565038681 0.0499552451074123 -0.0219690315425396 0.53526109457016 0.327051490545273 -0.248148962855339 -0.218426316976547 -0.274201482534409 -0.0693906918168068 -0.142091289162636 0.598828434944153 0.67249858379364 0.66229122877121 0.766539394855499 0.837165653705597 0.580137014389038 0.546099781990051 0.478066027164459 0.435490727424622 0.437598407268524 0.67565244436264 0.579637348651886 0.111659772694111 0.332684338092804 0.773197114467621 0.663909614086151 0.567959070205688 0.128811597824097 -0.22370782494545 0.493005156517029 0.826318562030792 -0.0102113345637918 -0.118362054228783 -0.244155064225197 0.025039141997695 0.0310923960059881 0.177716925740242 0.469156175851822 0.251892447471619 0.686519384384155 0.25126126408577 0.3824422955513 0.282301992177963 0.198386982083321 0.120807223021984 0.327662914991379 0.0491285249590874 0.360867857933044 0.295445531606674 0.536285877227783 0.454763174057007 0.0164841469377279
-9999 -9999 0.331443578004837 -0.179824471473694 -0.0630032569169998 0.230316534638405 -0.0419773273169994 0.0704079866409302 -0.159522488713264 -0.0229521226137877 -0.0537170022726059 -0.422323763370514 0.139946117997169 -0.0518157966434956 0.192372307181358 1.0316241979599 0.580026209354401 0.642119109630585 1.03388810157776 0.722848773002625 0.331708639860153 0.741416454315186 0.0207151640206575 -0.308890163898468 0.45211073756218 0.351548105478287 0.72343897819519 0.574306428432465 0.141267314553261 0.0679919198155403 0.149191960692406 0.189015209674835 -0.0612612366676331 -0.353380978107452 -0.152586057782173 -0.316561639308929 -0.0140860816463828 0.313045620918274 0.550196349620819 0.439535945653915 -0.0396182537078857 0.208924114704132 0.610815167427063 0.135265707969666 0.421056777238846 0.655766606330872 0.407353132963181 0.429141014814377 0.501992404460907 0.286388725042343 0.146234959363937 0.0329894497990608 0.393703490495682
-9999 -9999 0.102208413183689 -0.122468061745167 -0.0113258277997375 0.0707041099667549 0.140303879976273 0.0439093634486198 -0.211656644940376 -0.127303451299667 0.0619887225329876 0.0193936340510845 -0.105891980230808 -0.077443353831768 0.145515650510788 0.846287250518799 0.957056641578674 0.761547267436981 0.230757221579552 0.541485488414764 0.145717516541481 0.200160905718803 0.102192252874374 0.0659675002098083 0.0805999785661697 0.689022183418274 0.781198084354401 0.60554313659668 0.526653826236725 -0.0365411229431629 -0.192520782351494 -0.0388153195381165 -0.146068572998047 -0.246124893426895 -0.246412888169289 -0.282037228345871 -0.209046959877014 0.74282318353653 0.572571277618408 0.561210453510284 -0.107437215745449 -0.133081123232841 0.189901649951935 -0.240166455507278 -0.177362844347954 0.545565843582153 0.418208122253418 0.614181220531464 0.450736403465271 0.25777930021286 0.185768246650696 0.359625995159149 0.390610367059708
-9999 -9999 -0.0448065027594566 0.215615928173065 -0.0207572802901268 0.269899815320969 0.359472304582596 0.0920519083738327 0.320093512535095 0.363268077373505 0.15161769092083 0.13390189409256 -0.0607492364943027 0.361985802650452 1.05830335617065 0.868360102176666 0.483025789260864 -0.0773672610521317 0.134426325559616 0.257829070091248 0.110926777124405 -0.160627648234367 -0.226863324642181 -0.40803998708725 -0.146394684910774 0.547401547431946 0.781361758708954 0.717464804649353 0.463843464851379 0.334872841835022 0.0370718203485012 -0.323956608772278 -0.0275222584605217 -0.298525393009186 -0.269363701343536 -0.3192398250103 -0.0483745522797108 0.504335641860962 0.560305535793304 0.527495384216309 -0.21104171872139 0.0383969955146313 -0.060837347060442 -0.271754920482635 -0.338216066360474 0.155982345342636 0.0988423675298691 -0.0228976625949144 0.336562603712082 0.0115299019962549 0.766462802886963 0.423095852136612 0.641303479671478
-9999 -9999 -9999 0.992739975452423 0.129415109753609 0.705437004566193 0.759945809841156 0.629336297512054 0.80817437171936 0.2471933811903 -0.124492712318897 0.100824318826199 -0.133889615535736 0.887917160987854 0.865047693252563 0.511876344680786 0.499386459589005 0.0466129183769226 -0.0927222445607185 0.11790119856596 -0.0717543810606003 -0.130620092153549 -0.361115306615829 0.0944754630327225 0.0858936309814453 0.841980993747711 0.717464804649353 0.0343621820211411 0.122653156518936 -0.265115410089493 -0.0388728007674217 -0.293667405843735 -0.19965010881424 -0.119775332510471 -0.218642681837082 -0.291747868061066 0.259484350681305 0.418711692094803 0.59633880853653 0.362584084272385 -0.172083005309105 -0.399040102958679 -0.31877276301384 -0.0504823289811611 -0.416169404983521 -0.48677858710289 -0.105900339782238 -0.181505441665649 0.518938720226288 -0.109162658452988 -0.170399636030197 0.160760119557381 0.676949083805084
-9999 -9999 -9999 0.607186257839203 0.816477537155151 0.641267895698547 0.123589716851711 0.754732191562653 0.30574706196785 0.141028538346291 -0.104254946112633 0.0107173332944512 0.597718119621277 0.950868606567383 0.344478607177734 -0.156145825982094 0.525005996227264 0.157088458538055 -0.218093395233154 -0.183694094419479 -0.288682788610458 -0.16086782515049 -0.301402151584625 0.200983107089996 0.850086450576782 0.0442644543945789 -0.160780400037766 -0.278801739215851 -0.3056480884552 -0.0172422546893358 -0.193621262907982 -0.224477931857109 -0.119775332510471 -0.285960972309113 -0.237666577100754 -0.344784796237946 -0.0723955035209656 -0.108542047441006 0.580312132835388 0.127740994095802 -0.288481473922729 -0.625549018383026 -0.285695195198059 -0.381019473075867 -0.22579687833786 -0.683525502681732 -0.384081125259399 -0.2072534263134 -0.144818976521492 -0.454291671514511 -0.439735621213913 -0.207000851631165 0.0245172921568155
