layers/wordclim/future/Iberia_wcB2a_10_hadcm3_2080/bio_04.asc
ncols         166
nrows         93
xllcorner     -9.4959440078468
yllcorner     36.000324005443
cellsize      0.083333337679505
NODATA_value  -9999
[rows 62 to 92 of 93, columns 0 to 69 of 166]
-9999 -9999 -9999 -9999 3960.83 4074.66 4205.293 4268.659 4320.055 4430.615 4545.44 4629.19 4746.62 4891.54 4976.01 5075.84 5177.45 5274.79 5362.4 5455.93 5575.38 5697.09 5827.26 5960.12 6061.64 6161.81 6271.54 6400.81 6528.13 6647.63 6755.93 6860.19 6956.9 7041.57 7151.8 7211.18 7317.72 7417.11 7482.61 7585.85 7633.67 7736.72 7823.33 7893.63 7940.68 8021.62 8077.5 8114.01 8166.39 8205.16 8267.19 8296.85 8337.8 8361.16 8399.81 8427.64 8445.93 8481.75 8518.22 8537.59 8552.87 8572.62 8587.76 8575.37 8564.07 8572 8578.36 8570.96 8576.63 8581.62
-9999 -9999 -9999 -9999 3944.222 4075.729 -9999 4225.647 -9999 4407.526 4517.98 4622.81 4720.56 4827.96 4953.6 5057.21 5151.46 5256.3 5346.8 5471.23 5577.56 5685.98 5812.03 5919.46 6028.15 6126.86 6241.05 6359.52 6481.16 6604.86 6731.03 6820.06 6940.75 7030.9 7119.84 7214.72 7289.88 7394.66 7468.95 7558 7614.08 7705.01 7778.79 7868.45 7919.77 7996.48 8050.52 8098.78 8147.83 8198.07 8243.91 8277.25 8321.54 8356.35 8399.46 8428.27 8452.95 8471.43 8496.92 8503.75 8536.72 8567.12 8580.84 8580.19 8582.25 8560.35 8544.05 8589.78 8611.81 8609.79
-9999 -9999 -9999 -9999 -9999 -9999 -9999 -9999 4290.286 4384.735 4499.011 4592.21 4699.53 4820.62 4923.98 5048.67 5159.73 5258.95 5365.25 5494.51 5598.85 5695.76 5787.42 5892.26 5987.15 6093.45 6209.47 6329.3 6452.61 6560.27 6674.05 6784.08 6896.18 6973.05 7071.54 7176.57 7278.5 7361.36 7442.84 7538.33 7611.05 7676.34 7777.98 7830.72 7905.17 7964.7 8009.67 8078.16 8127.56 8179.59 8233.31 8265.27 8312.33 8340.62 8370.96 8414.69 8445.17 8459.01 8480.98 8507.58 8506.51 8529.57 8534.37 8542.83 8561.98 8572.19 8505.16 8574.27 8576.1 8569.36
-9999 -9999 -9999 -9999 -9999 -9999 -9999 -9999 -9999 4375.25 4497.46 4589.27 4690.74 4794.75 4892.35 5021.81 5135.57 5276.28 5373.9 5498.12 5609.89 5715.29 5799.67 5864.5 5970.19 6064.94 6196.25 6280.28 6383.46 6506.18 6617.4 6734.79 6811.52 6914.96 7025.48 7116.48 7217.37 7325.01 7427.22 7485.47 7568.66 7645.76 7749.6 7800.64 7861.17 7931.62 7976.76 8039.02 8089.96 8126.87 8189.17 8237.68 8286.6 8307.78 8340.18 8374.99 8409.81 8431.45 8452.72 8481.15 8494.11 8511.73 8526.47 8505.69 8540.23 8556.96 8514.57 8522.9 8535.41 8509.34
-9999 -9999 -9999 -9999 -9999 -9999 -9999 -9999 -9999 4363 4488.06 4566.57 4666.25 4786.73 4870.32 4990.53 5105.3 5230.11 5364.77 5495.81 5597.24 5683.44 5765.64 5847.85 5925.78 6038.46 6139.9 6246.44 6344.06 6448.64 6539.6 6676.54 6800.04 6912.03 7002.15 7103.26 7169.36 7289.99 7384.1 7460.87 7535.91 7622.24 7713.47 7764.82 7823.53 7887.61 7923.29 8001.94 8051.42 8114.2 8154.94 8187.96 8228.01 8272.45 8313.61 8334.61 8368.06 8391.1 8421.37 8433.11 8452.98 8464.83 8507.76 8470.17 8510.86 8503.96 8485.65 8521.77 8449.52 8414.03
-9999 -9999 -9999 -9999 -9999 -9999 -9999 -9999 4189.211 4322.41 4498.42 4564.53 4646.86 4744.47 4843.87 4964.61 5096.97 5227.95 5361.63 5479.25 5561.18 5626.32 5702.95 5796.28 5901.09 5987.24 6081.51 6167.55 6291.7 6394.75 6507.57 6624.55 6755.26 6868.35 6959.48 7057.14 7165.32 7248.93 7336.89 7405.06 7488.39 7567.38 7655.54 7712.09 7796.58 7850.71 7887.69 7942.57 7994.49 8048.17 8096.61 8151.07 8195.5 8236.69 8249.94 8290.35 8310.15 8315.33 8359.79 8379.95 8326.58 8352.43 8386.76 8386.55 8415.63 8412.69 8430.96 8392.82 8369.18 8353.84
-9999 -9999 -9999 -9999 -9999 -9999 -9999 -9999 4123.363 4291.96 4441.42 4531.33 4606.99 4718.9 4818.06 4944.66 5087.07 5232.16 5366.09 5491.42 5532.11 5607.69 5656.82 5755.66 5874.91 5964.03 6057.31 6145.48 6269.14 6387.67 6505.28 6588.93 6683.62 6807.55 6925.75 7009.7 7108.27 7217.33 7286.91 7368.47 7453.21 7526.59 7578.75 7662.41 7748.75 7801.7 7850.25 7904.88 7940.64 7962.3 8010.83 8079.18 8140.61 8178.32 8198.48 8217 8259.53 8234.1 8247.86 8259.73 8222.7 8234.32 8234.53 8240.34 8254.4 8242.82 8255.95 8272.15 8300.83 8315.94
-9999 -9999 -9999 -9999 -9999 -9999 -9999 3985.808 4084.215 4264.08 4358.61 4464.04 4561.54 4675.37 4785.65 4914.82 5056.35 5171.61 5308.95 5450.04 5500.73 5538.5 5622.11 5731.6 5820.59 5912.15 6010.67 6086.53 6190.51 6301.22 6415.63 6547.21 6653.94 6761.41 6851.81 6927.83 7031.29 7140.19 7220.21 7301.65 7407.05 7479.5 7536.12 7610.07 7688.36 7736.25 7810.45 7855.48 7874.26 7908.74 7941.96 7989.66 8065.6 8087.23 8115.05 8150.91 8179.82 8153.18 8103.17 8127.82 8118.27 8175.51 8172.51 8198.6 8263.96 8240.76 8228.26 8269.3 8225.49 8243.01
-9999 -9999 -9999 -9999 -9999 -9999 -9999 -9999 4057.585 4204.42 4308.58 4419.2 4520.05 4647.89 4769.27 4899.87 5016.86 5121.97 5238.91 5340.84 5408.25 5490.9 5559.89 5661.44 5755.43 5854.6 5923.12 6025.78 6156.12 6279.05 6368.54 6495.32 6589.25 6697.98 6812.18 6876.06 6988.19 7063.38 7145.21 7250.93 7334.97 7405.56 7462.69 7562.1 7610.16 7686.91 7736.89 7756.65 7802.93 7810.15 7877.48 7883.39 7930.43 7961.13 7997.08 8025.04 8020.59 8028.29 8055.53 8069.99 8093.74 8143.43 8167.3 8145.85 8201.72 8230.16 8226.96 8301.5 8234.7 8296.07
-9999 -9999 -9999 -9999 -9999 -9999 -9999 -9999 4005.273 4150.2 4262.66 4371.02 4485.25 4608.19 4734.71 4860.62 4984.21 5069.03 5166.36 5265.88 5338.15 5424.89 5500.29 5594.47 5678.98 5756.7 5843.5 5954.04 6074.85 6154.42 6259.34 6378.59 6453.99 6576.58 6685.44 6803.37 6929.94 6999.97 7076.75 7177.32 7269.03 7349.9 7387.01 7452.05 7532.75 7579.83 7640.92 7664.96 7686.53 7741.74 7731.36 7742.46 7780.68 7828.52 7862.31 7922.75 7931.23 7946.47 7975.13 7997.08 7997 8078.05 8055.77 8092.5 8125.33 8230.17 8307.67 8375.14 8307.48 8311.55
-9999 -9999 -9999 -9999 -9999 -9999 -9999 -9999 3925.936 4086.365 4199.57 4350.99 4489.97 4585.99 4681.79 4800.27 4928.71 5010.7 5102.76 5199.33 5260.55 5339.69 5415.5 5516.63 5576.63 5673.09 5747.78 5848.41 5957.62 6039.58 6129.03 6254.05 6327.28 6486.7 6598.91 6723.12 6833.26 6920.88 7007.13 7105.5 7190.7 7278.02 7341.01 7362.55 7411.88 7464.77 7531.92 7542.09 7523.7 7565.15 7587.93 7634.37 7695.5 7745.54 7776.57 7824.47 7866.51 7854.8 7818.83 7874.98 7892.7 7959.77 7975.06 8034.38 8115.58 8172.54 8321 8387.82 8353.46 8365.52
-9999 -9999 -9999 -9999 -9999 -9999 -9999 -9999 3872.788 4012 4137.34 4315.27 4440.24 4571.67 4646.3 4758.44 4874.51 4959.8 5046.88 5110.23 5159.44 5237.17 5311.71 5408.16 5467.65 5548.11 5665.93 5763.96 5865.48 5926.29 6021.14 6160.3 6250.84 6399.26 6498.38 6590.45 6740.45 6834.99 6935.76 7028.01 7126.07 7187.16 7260.88 7291.11 7302.53 7334.54 7369.7 7386.5 7420.05 7470.28 7501.7 7541.92 7566.62 7623.41 7666.52 7698.18 7707.13 7763.17 7752.79 7789.18 7875.47 7892.79 7955.28 7953.54 8038.98 8191.04 8227.63 8319.99 8340.29 8357.84
-9999 -9999 -9999 -9999 -9999 -9999 -9999 -9999 3838.426 3969.95 4088.73 4234.37 4352.91 4490.55 4582.82 4698.99 4810.78 4895.47 4970.68 5038.7 5107.28 5187.6 5247.33 5294.6 5406.43 5514.14 5603.63 5679.75 5740.3 5819.3 5907.76 6017.21 6154.13 6276.47 6382.67 6501.79 6638.33 6735.64 6817.7 6918.57 7004.26 7085.05 7149.18 7182.2 7223.56 7265.92 7287.93 7318.49 7353.17 7386.01 7393.67 7439.57 7453.19 7457.83 7510.86 7516.95 7564.75 7598.68 7661.34 7753.16 7809.28 7929.2 7985.09 7923.36 7938.64 8081.92 8152.8 8245.94 8280.38 8296.86
-9999 -9999 -9999 -9999 -9999 -9999 -9999 -9999 3782.259 3938.72 4086.32 4192.14 4301.85 4443.04 4553.91 4657.69 4765.12 4829.11 4920.92 4991.66 5052.98 5112.24 5178.95 5256.77 5271.58 5391.44 5483.26 5562.11 5626.62 5697.88 5791.8 5920.25 6021.75 6133.37 6239.68 6347.29 6484.58 6582.57 6690.61 6803.27 6930.31 7013.01 7068.99 7117 7161.97 7203.86 7206.98 7201.01 7224.35 7251.3 7274.99 7310.74 7325.93 7330.75 7349.13 7360.66 7416.04 7491.75 7537.92 7574 7670.16 7862.45 7848.2 7848.85 7929.64 7993.68 8113.18 8148.71 8195.25 8206.76
-9999 -9999 -9999 -9999 -9999 -9999 -9999 -9999 3698.299 3895.87 4043.35 4186.99 4274.33 4366.46 4462.91 4571.35 4701.32 4777.97 4845.89 4901.23 4975.51 5026.2 5066.6 5135.98 5165.422 5283.11 5352.39 5437.63 5527.4 5593.23 5665.23 5762.78 5863.09 5981.57 6107.4 6249.17 6380.38 6490.78 6597.72 6721.53 6856.41 6955.38 7003.67 7024.91 7062.72 7069.76 7053.96 7059.56 7076.72 7091.95 7109.07 7133.52 7158.49 7192.44 7228.35 7258.36 7272.19 7312.87 7348.58 7441.21 7564.74 7642.61 7798.1 7822.35 7916.71 7972.41 8026.21 8060.33 8080.02 8104.34
-9999 -9999 -9999 -9999 -9999 -9999 -9999 3489.5 3640.15 3843.17 4014.16 4143.32 4215.83 4312.4 4368.49 4467.88 4600.32 4698.26 4798.52 4871.82 4905.79 4955.47 4994.08 5027.19 5059.69 5152.76 5230.71 5288.43 5372.47 5452.83 -9999 5633.621 5746.18 5884.16 6007.19 6113.76 6244.09 6355.78 6466.42 6588.15 6706 6792.03 6864.88 6901.1 6908.79 6915.61 6927.68 6933.92 6955.52 6962.79 6973.47 6984.15 7014.78 7066.53 7125.57 7251.6 7182.37 7199.96 7239.12 7283.28 7331.3 7439.98 7527.8 7610.34 7743.32 7798.75 7883.95 7893.11 7868.92 7916.64
-9999 -9999 -9999 -9999 -9999 -9999 -9999 3333.308 3566.98 3773.29 3941.96 4047.62 4125.09 4215.05 4260.02 4353.29 4457.59 4528.44 4657.56 4762.16 4793.85 4823.05 4860.42 4902.32 4948.256 5032.312 5105.237 5191.638 5293.154 5366.52 5423.415 5528.076 5638.61 5750.62 5864.36 5971.75 6068.62 6193 6305.71 6410.99 6522.7 6618.56 6693.07 6732.34 6762.01 6780.97 6786.18 6805.88 6811.53 6841.18 6850.12 6874.35 6910.34 6975.68 6985.8 7091.07 7076.8 7113.33 7130.87 7170.5 7240.87 7438.05 7407.39 7394.12 7544.98 7460.3 7521.09 7574.15 7609.75 7718.79
-9999 -9999 -9999 -9999 -9999 -9999 -9999 3196.167 3449.55 3727.84 -9999 3997.811 4060.629 4124.788 4174.808 4249.206 4305.13 4401.53 4521.37 4586.02 4610.51 4635.83 4685.141 -9999 -9999 -9999 -9999 -9999 -9999 -9999 -9999 -9999 5543.792 5622.652 5718.94 5806.83 5914.42 6020.79 6150.07 6249.57 6352.43 6442.14 6500.49 6546.8 6592.75 6620.09 6648.34 6644.5 6695.88 6744.71 6760.16 6784.45 6891.8 6863.08 6872.63 6948.57 6914.99 6951.8 6987.84 7034.45 7174.37 7285.39 7355.22 7458.61 7533.73 7474.79 7539.71 7596.93 7661.17 7711.64
-9999 -9999 -9999 -9999 -9999 -9999 2825.868 -9999 -9999 -9999 -9999 -9999 -9999 -9999 -9999 -9999 -9999 4253.483 4289.022 4372.239 4456.829 -9999 -9999 -9999 -9999 -9999 -9999 -9999 -9999 -9999 -9999 -9999 -9999 -9999 -9999 5695.283 5770.18 5863.37 5983.12 6103.01 6198.221 6277.79 6333.57 6384.93 6421.95 6450.17 6476.59 6535.03 6545.15 6603.23 6648.97 6735.49 6711.57 6774.55 6797.04 6771.27 6749.76 6752.58 6840.7 6866.35 7049.83 7157.28 7324.97 7528.07 7599.67 7497.56 7509.22 7603.12 7674.02 7681.23
-9999 -9999 -9999 -9999 -9999 -9999 -9999 -9999 -9999 -9999 -9999 -9999 -9999 -9999 -9999 -9999 -9999 -9999 -9999 -9999 -9999 -9999 -9999 -9999 -9999 -9999 -9999 -9999 -9999 -9999 -9999 -9999 -9999 -9999 -9999 -9999 5637.703 5726.26 5828.404 5940.57 6037.781 6122.15 6190.28 6250.14 6297.92 6294.93 6316.56 6374.26 6416.56 6454.23 6492.92 6622.92 6641.08 6718.89 6586.6 6562.55 6602.37 6709.17 6874.63 6953.46 6985.63 7097.16 7089.59 7151.21 7268.12 7457.96 7479.29 7461.76 7593.8 7677.28
-9999 -9999 -9999 -9999 -9999 -9999 -9999 -9999 -9999 -9999 -9999 -9999 -9999 -9999 -9999 -9999 -9999 -9999 -9999 -9999 -9999 -9999 -9999 -9999 -9999 -9999 -9999 -9999 -9999 -9999 -9999 -9999 -9999 -9999 -9999 -9999 -9999 5553.141 5645.536 5780.522 5905.4 5989.08 6070.55 6101.75 6139.37 6129.46 6127.87 6216.05 6280.47 6347.76 6408.53 6454.42 6586.28 6618.17 6550.85 6485.97 6441.37 6267.3 6444.06 6499.72 6613.3 6824.64 6676.8 6539.23 6662.67 7221.86 7354.06 7449.87 7527.1 7512.92
-9999 -9999 -9999 -9999 -9999 -9999 -9999 -9999 -9999 -9999 -9999 -9999 -9999 -9999 -9999 -9999 -9999 -9999 -9999 -9999 -9999 -9999 -9999 -9999 -9999 -9999 -9999 -9999 -9999 -9999 -9999 -9999 -9999 -9999 -9999 -9999 -9999 -9999 5499.5 5618.78 5752.96 5867.2 5916.7 5924.71 5946.1 5967.9 5980.76 6079.92 6336.69 6364.78 6322.68 6389.98 6414.52 6627.12 6473.57 6502.97 6110.71 6031.99 6203.7 6110.78 6218.35 6494.59 6551.85 6355.95 6254.38 6482.54 6617.91 6734.145 7044.443 6766.18
-9999 -9999 -9999 -9999 -9999 -9999 -9999 -9999 -9999 -9999 -9999 -9999 -9999 -9999 -9999 -9999 -9999 -9999 -9999 -9999 -9999 -9999 -9999 -9999 -9999 -9999 -9999 -9999 -9999 -9999 -9999 -9999 -9999 -9999 -9999 -9999 -9999 5220.925 5325.84 5473.39 5595.12 5686.65 5738.62 5719.57 5749.22 5793.79 5839.3 5851.51 6069.77 6402.86 6357.69 6301.21 6415.07 6684.53 6499.52 6015.22 5833.2 5765 5811.14 5772.96 5816.622 -9999 -9999 -9999 -9999 -9999 -9999 -9999 -9999 -9999
-9999 -9999 -9999 -9999 -9999 -9999 -9999 -9999 -9999 -9999 -9999 -9999 -9999 -9999 -9999 -9999 -9999 -9999 -9999 -9999 -9999 -9999 -9999 -9999 -9999 -9999 -9999 -9999 -9999 -9999 -9999 -9999 -9999 -9999 -9999 -9999 -9999 -9999 5173.81 5289.813 5389.99 5480.75 5516.59 5552.86 5595.68 5638.92 5611.31 5770.59 5885.23 6130.09 6018.62 6080.92 6250.95 6357.15 6067.57 6037.9 5929 5793.71 5984.83 5786.258 -9999 -9999 -9999 -9999 -9999 -9999 -9999 -9999 -9999 -9999
-9999 -9999 -9999 -9999 -9999 -9999 -9999 -9999 -9999 -9999 -9999 -9999 -9999 -9999 -9999 -9999 -9999 -9999 -9999 -9999 -9999 -9999 -9999 -9999 -9999 -9999 -9999 -9999 -9999 -9999 -9999 -9999 -9999 -9999 -9999 -9999 -9999 -9999 -9999 5139.396 5246.2 5339.86 5355 5358.82 5432.21 5477.64 5729.45 5640 5806.65 5679.03 5692.52 5884.89 5821.22 5655.91 5538.68 5711.811 5579.98 5452.265 5460.868 -9999 -9999 -9999 -9999 -9999 -9999 -9999 -9999 -9999 -9999 -9999
-9999 -9999 -9999 -9999 -9999 -9999 -9999 -9999 -9999 -9999 -9999 -9999 -9999 -9999 -9999 -9999 -9999 -9999 -9999 -9999 -9999 -9999 -9999 -9999 -9999 -9999 -9999 -9999 -9999 -9999 -9999 -9999 -9999 -9999 -9999 -9999 -9999 -9999 -9999 5021.612 5087.22 5145.73 5187.7 5168.84 5170.72 5185.79 5416.51 5435.3 5264.64 5182.37 5325.49 5518.27 5206.446 -9999 -9999 -9999 -9999 -9999 -9999 -9999 -9999 -9999 -9999 -9999 -9999 -9999 -9999 -9999 -9999 -9999
-9999 -9999 -9999 -9999 -9999 -9999 -9999 -9999 -9999 -9999 -9999 -9999 -9999 -9999 -9999 -9999 -9999 -9999 -9999 -9999 -9999 -9999 -9999 -9999 -9999 -9999 -9999 -9999 -9999 -9999 -9999 -9999 -9999 -9999 -9999 -9999 -9999 -9999 -9999 -9999 4922.663 4979.26 5004.82 4991.02 4958.57 4971.17 5078.99 5264.33 5011.84 4931.89 4976.71 -9999 -9999 -9999 -9999 -9999 -9999 -9999 -9999 -9999 -9999 -9999 -9999 -9999 -9999 -9999 -9999 -9999 -9999 -9999
-9999 -9999 -9999 -9999 -9999 -9999 -9999 -9999 -9999 -9999 -9999 -9999 -9999 -9999 -9999 -9999 -9999 -9999 -9999 -9999 -9999 -9999 -9999 -9999 -9999 -9999 -9999 -9999 -9999 -9999 -9999 -9999 -9999 -9999 -9999 -9999 -9999 -9999 -9999 -9999 -9999 4821.061 4815.63 4776.79 4770.79 4923.62 4996.07 5027.54 4847.66 4788.24 4741.292 -9999 -9999 -9999 -9999 -9999 -9999 -9999 -9999 -9999 -9999 -9999 -9999 -9999 -9999 -9999 -9999 -9999 -9999 -9999
-9999 -9999 -9999 -9999 -9999 -9999 -9999 -9999 -9999 -9999 -9999 -9999 -9999 -9999 -9999 -9999 -9999 -9999 -9999 -9999 -9999 -9999 -9999 -9999 -9999 -9999 -9999 -9999 -9999 -9999 -9999 -9999 -9999 -9999 -9999 -9999 -9999 -9999 -9999 -9999 -9999 4669.674 4704.881 4668.319 4635.3 4684.73 4975.98 4682.82 4604.469 4604.727 -9999 -9999 -9999 -9999 -9999 -9999 -9999 -9999 -9999 -9999 -9999 -9999 -9999 -9999 -9999 -9999 -9999 -9999 -9999 -9999
-9999 -9999 -9999 -9999 -9999 -9999 -9999 -9999 -9999 -9999 -9999 -9999 -9999 -9999 -9999 -9999 -9999 -9999 -9999 -9999 -9999 -9999 -9999 -9999 -9999 -9999 -9999 -9999 -9999 -9999 -9999 -9999 -9999 -9999 -9999 -9999 -9999 -9999 -9999 -9999 -9999 -9999 -9999 -9999 4610.149 4650.15 4802.54 5018.91 4531.485 -9999 -9999 -9999 -9999 -9999 -9999 -9999 -9999 -9999 -9999 -9999 -9999 -9999 -9999 -9999 -9999 -9999 -9999 -9999 -9999 -9999
-9999 -9999 -9999 -9999 -9999 -9999 -9999 -9999 -9999 -9999 -9999 -9999 -9999 -9999 -9999 -9999 -9999 -9999 -9999 -9999 -9999 -9999 -9999 -9999 -9999 -9999 -9999 -9999 -9999 -9999 -9999 -9999 -9999 -9999 -9999 -9999 -9999 -9999 -9999 -9999 -9999 -9999 -9999 -9999 -9999 -9999 4547.105 4769.036 -9999 -9999 -9999 -9999 -9999 -9999 -9999 -9999 -9999 -9999 -9999 -9999 -9999 -9999 -9999 -9999 -9999 -9999 -9999 -9999 -9999 -9999
