layers/wordclim/future/Iberia_wcB2a_10_hadcm3_2080/bio_07.asc
ncols         166
nrows         93
xllcorner     -9.4959440078468
yllcorner     36.000324005443
cellsize      0.083333337679505
NODATA_value  -9999
[rows 0 to 32 of 93, columns 73 to 145 of 166]
-9999 -9999 -9999 -9999 -9999 -9999 -9999 -9999 -9999 -9999 -9999 -9999 -9999 -9999 -9999 -9999 -9999 -9999 -9999 -9999 -9999 -9999 -9999 -9999 -9999 -9999 -9999 -9999 -9999 -9999 -9999 -9999 -9999 -9999 -9999 -9999 -9999 -9999 -9999 -9999 -9999 -9999 -9999 -9999 -9999 -9999 -9999 -9999 -9999 -9999 -9999 -9999 -9999 -9999 -9999 -9999 -9999 -9999 -9999 -9999 -9999 -9999 -9999 -9999 -9999 -9999 -9999 -9999 -9999 -9999 -9999 -9999 -9999
-9999 -9999 -9999 -9999 -9999 -9999 -9999 -9999 -9999 -9999 -9999 -9999 -9999 -9999 -9999 -9999 -9999 -9999 -9999 -9999 -9999 -9999 -9999 -9999 -9999 -9999 -9999 -9999 -9999 -9999 -9999 -9999 -9999 -9999 -9999 -9999 -9999 -9999 -9999 -9999 -9999 -9999 -9999 -9999 -9999 -9999 -9999 -9999 -9999 -9999 -9999 -9999 -9999 -9999 -9999 -9999 -9999 -9999 -9999 -9999 -9999 -9999 -9999 -9999 -9999 -9999 -9999 -9999 -9999 -9999 -9999 -9999 -9999
-9999 -9999 -9999 -9999 -9999 -9999 -9999 -9999 -9999 -9999 -9999 -9999 -9999 -9999 -9999 -9999 -9999 -9999 -9999 -9999 -9999 -9999 -9999 -9999 -9999 -9999 -9999 -9999 -9999 -9999 -9999 -9999 -9999 -9999 -9999 -9999 -9999 -9999 -9999 -9999 -9999 -9999 -9999 -9999 -9999 -9999 -9999 -9999 -9999 -9999 -9999 -9999 -9999 -9999 -9999 -9999 -9999 -9999 -9999 -9999 -9999 -9999 -9999 -9999 -9999 -9999 -9999 -9999 -9999 -9999 -9999 -9999 -9999
-9999 -9999 -9999 -9999 -9999 -9999 -9999 -9999 -9999 -9999 -9999 -9999 -9999 -9999 -9999 -9999 -9999 -9999 -9999 -9999 -9999 -9999 -9999 -9999 -9999 -9999 -9999 -9999 -9999 -9999 -9999 -9999 -9999 -9999 -9999 -9999 -9999 -9999 -9999 -9999 -9999 -9999 -9999 -9999 -9999 -9999 -9999 -9999 -9999 -9999 -9999 -9999 -9999 -9999 -9999 -9999 -9999 -9999 -9999 -9999 -9999 -9999 -9999 -9999 -9999 -9999 -9999 -9999 -9999 -9999 -9999 -9999 -9999
185.66 186.5955 184.1111 -9999 -9999 182.7586 184.73 189.77 190.4419 192.8077 194.2909 -9999 -9999 -9999 -9999 -9999 -9999 -9999 -9999 -9999 -9999 -9999 -9999 -9999 -9999 -9999 -9999 -9999 -9999 -9999 -9999 -9999 -9999 -9999 -9999 -9999 -9999 -9999 -9999 -9999 -9999 -9999 -9999 -9999 -9999 -9999 -9999 -9999 -9999 -9999 -9999 -9999 -9999 -9999 -9999 -9999 -9999 -9999 -9999 -9999 -9999 -9999 -9999 -9999 -9999 -9999 -9999 -9999 -9999 -9999 -9999 -9999 -9999
198.39 199.13 199.22 193.56 194.3878 187.5556 190.39 192.35 195.56 199.25 203.24 202.5354 204.726 205.45 205.8525 207.0984 209.5833 213.5625 218.15 227.63 229.9595 -9999 -9999 -9999 -9999 -9999 -9999 -9999 -9999 -9999 -9999 -9999 -9999 -9999 -9999 -9999 -9999 -9999 -9999 -9999 -9999 -9999 -9999 -9999 -9999 -9999 -9999 -9999 -9999 -9999 -9999 -9999 -9999 -9999 -9999 -9999 -9999 -9999 -9999 -9999 -9999 -9999 -9999 -9999 -9999 -9999 -9999 -9999 -9999 -9999 -9999 -9999 -9999
206.5 208.43 204.03 200.78 202.36 205.33 199.25 200.61 205.98 212.44 213.67 213.86 217.17 217.73 218.99 220.88 218.74 226.81 230.26 241.98 238.7 245.74 253.16 256.38 -9999 -9999 -9999 -9999 -9999 -9999 -9999 -9999 -9999 -9999 -9999 -9999 -9999 -9999 -9999 -9999 -9999 -9999 -9999 -9999 -9999 -9999 -9999 -9999 -9999 -9999 -9999 -9999 -9999 -9999 -9999 -9999 -9999 -9999 -9999 -9999 -9999 -9999 -9999 -9999 -9999 -9999 -9999 -9999 -9999 -9999 -9999 -9999 -9999
224.24 212.6 213.23 209.87 211.53 211.47 213.6 214.88 222.61 220.48 220.81 223.51 227.27 229.26 232.13 231.83 233.4 243.47 250.03 254.04 250.82 253.94 258.57 264.0137 -9999 -9999 -9999 -9999 -9999 -9999 -9999 -9999 -9999 -9999 -9999 -9999 -9999 -9999 -9999 -9999 -9999 -9999 -9999 -9999 -9999 -9999 -9999 -9999 -9999 -9999 -9999 -9999 -9999 -9999 -9999 -9999 -9999 -9999 -9999 -9999 -9999 -9999 -9999 -9999 -9999 -9999 -9999 -9999 -9999 -9999 -9999 -9999 -9999
234.35 231.73 234.58 232 220.87 222.58 233.7 243.61 235.89 237.87 232.78 232.48 239.54 237.62 236.51 241.3 249.67 252.92 260.17 263.37 266.25 267.69 269.66 271.5125 -9999 273.369 274.9643 -9999 -9999 -9999 -9999 -9999 -9999 -9999 -9999 -9999 -9999 -9999 -9999 -9999 -9999 -9999 -9999 -9999 -9999 -9999 -9999 -9999 -9999 -9999 -9999 -9999 -9999 -9999 -9999 -9999 -9999 -9999 -9999 -9999 -9999 -9999 -9999 -9999 -9999 -9999 -9999 -9999 -9999 -9999 -9999 -9999 -9999
241.38 241.82 242.4 245.05 242.77 241.56 240.72 245.63 243.22 243.96 248.94 251.59 258.22 254.37 253.7 259.66 264.44 265.94 268.38 270.81 274.33 277.52 278.67 278.85 279.34 278.6 278.91 278.91 278.0753 277.8524 277.4 272.7069 -9999 -9999 -9999 -9999 -9999 -9999 -9999 -9999 -9999 -9999 -9999 -9999 -9999 -9999 -9999 -9999 -9999 -9999 -9999 -9999 -9999 -9999 -9999 -9999 -9999 -9999 -9999 -9999 -9999 -9999 -9999 -9999 -9999 -9999 -9999 -9999 -9999 -9999 -9999 -9999 -9999
248.46 250.28 253.24 250.46 251.48 253.87 253.98 250.14 249 251 254.45 257.78 260.23 266.18 267.39 268.85 271.67 275 275.69 278.77 282.06 284.98 285.78 285.97 285.31 284.83 282.77 285.46 283.61 283.5 281.95 275.95 274.3026 -9999 -9999 -9999 -9999 -9999 -9999 -9999 -9999 -9999 -9999 -9999 -9999 -9999 -9999 -9999 -9999 -9999 -9999 -9999 -9999 -9999 -9999 -9999 -9999 -9999 -9999 -9999 -9999 -9999 -9999 -9999 -9999 -9999 -9999 -9999 -9999 -9999 -9999 -9999 -9999
254.4 253.87 255.24 260.97 253.39 259.93 257.45 258.97 264.33 266.47 268.64 270.32 274.36 276.63 278.21 278.79 281.51 283.28 284.79 286.68 292.12 295.58 294.52 295.03 293.84 292.16 291.85 291.54 291.19 290.97 286.62 283.1 280.08 273.3656 275.1493 271.3846 274.8182 269.3839 265.0895 -9999 -9999 -9999 -9999 -9999 -9999 -9999 -9999 -9999 -9999 300.52 291.21 281.8077 280.3455 -9999 -9999 -9999 -9999 -9999 -9999 -9999 -9999 -9999 -9999 -9999 -9999 -9999 -9999 -9999 -9999 -9999 -9999 -9999 -9999
268.19 267.57 270.29 268.7 260.41 261.09 263.1 268.86 271.23 274.36 279.76 280.16 281.59 283.97 285.61 286.28 288.22 289.5 292.57 294.76 297.44 299.27 298.61 298.2 298.91 298.79 297.3 295.6 294.61 295.52 293.94 293.25 292.56 287.71 284.44 273.05 278.06 284.71 270.71 277.3152 -9999 -9999 -9999 280.3472 -9999 273.1667 -9999 -9999 -9999 293.7245 298.61 292.07 287.23 284.36 291.2439 286 286.9546 -9999 -9999 -9999 -9999 -9999 -9999 -9999 -9999 -9999 -9999 -9999 -9999 -9999 -9999 -9999 -9999
270.31 271.39 272.58 275.36 273.87 272.93 273.85 279.13 284.17 287.01 287.94 289.08 290.34 291.82 291.68 294.08 295.64 296.22 297.98 300.91 304.47 305.75 303.15 302.86 303.7 304.49 301.98 300.03 301.12 300.19 300.43 298.47 296.79 296.34 295.38 291.28 290.71 294.41 287.81 291.98 283.14 279.92 287.43 293.89 281.42 282.37 278.28 290.31 275.8 279.32 283.86 284.39 284.43 290.57 304.93 295.85 295.11 286.1237 -9999 -9999 -9999 -9999 -9999 -9999 -9999 -9999 -9999 -9999 -9999 -9999 -9999 -9999 -9999
282.72 282.07 282.58 283.28 280.54 279.64 281.97 282.09 285.18 289.16 291.94 295.84 298.1 299.26 300.16 301.17 302.69 303.52 303.82 306.09 310.22 311.24 309.94 310.17 309.63 309.75 308.3 305.82 303.94 301.87 303.24 303.97 301.54 301.82 299.95 301.21 301.39 296.76 293.29 297.32 297.19 300.29 308 303.97 287.17 291.3 300.92 290.65 287.19 294.14 292.79 289.73 284.2 286.65 304.1 310.92 303.52 292.57 -9999 -9999 -9999 -9999 -9999 -9999 -9999 -9999 -9999 -9999 -9999 -9999 -9999 -9999 -9999
290.39 290.66 289.85 289.33 289.46 290.14 291.95 292.53 294.4 297.43 299.62 302.92 305.57 306.7 305.62 307.08 308 308.54 310.51 311.56 313.76 314.12 314.4 313.71 314.05 312.05 310.1 307.79 306.24 303.75 303.11 304.75 304.02 304.12 303.13 304.13 304.78 301.55 300.61 300.22 307.85 309.46 316.2 309.59 305.54 306.83 306.99 300.56 306.14 312.67 304 290.69 293.76 295.01 309.98 306.38 300.12 298.45 -9999 -9999 289.5873 289.6105 293.9888 304.8148 307.9706 -9999 -9999 -9999 -9999 -9999 -9999 -9999 -9999
299.18 298.67 298.92 300.73 301.48 301.89 302.36 301.32 304.72 308.41 309.22 310.7 312.28 314.42 313.93 314.4 313.32 314.12 316.75 316.01 316.9 317.67 317.77 317.7 317.26 317.49 315.05 313.13 310.62 307.93 306.69 307.94 308.4 305.93 306.06 306.06 305.52 306.14 305.25 304.95 306.14 313.39 320.01 322.99 321.96 318.01 314.54 309.61 306.96 315.35 314.76 312.55 315.18 311.8 315.84 301.59 307.47 315.74 318.17 311.17 307.82 309.26 310.8 309.06 301.0411 -9999 290.425 288.94 291.99 294.7059 -9999 -9999 -9999
305.75 306.13 306.15 307.98 308.16 309.3 310.06 309.76 313.5 314.77 317 318.44 318.79 321.05 320.95 322.48 320.67 318.36 319.44 319.85 320.02 321.28 321.27 320.97 321.56 320.83 319.56 317.62 315.39 313.85 312.54 312.87 312.39 310.85 307.98 305.75 306 305.89 302.68 306.65 309.63 314.98 322.75 327.68 322.5 326.96 319.77 325.78 318.25 326.08 320.91 314.77 325.18 325.48 310.29 307.17 313.19 322.88 314.91 306.64 301.87 300.53 305.34 302.57 300.28 301.26 303.08 299.93 298.71 303.96 306.49 305.49 303.33
311.68 311.79 312.03 312.16 312.74 313.3 316.35 317.46 320.01 321.94 322.44 324.96 324.11 326.02 326.12 327.16 326.46 325.99 324.65 323.63 324 324.8 324.25 323.97 324.35 323.99 322.92 321.96 320.35 319.09 317.1 316.92 317.07 316.57 315.89 314.86 314.58 314.41 316.44 318.12 317.87 321.04 322.94 329.89 328.88 334.94 332.92 329.12 327.01 333 324.5 331.49 335.17 322.31 310.33 316.49 323.23 320.8 311.28 305.57 304.68 305.96 307.25 313.24 308.14 308.87 309.61 309.57 305.19 304.92 309.11 307.8 307.62
314.86 316.29 316.77 317.46 318.99 320.23 321.17 321.95 323.97 326.9 325.38 325.37 327.81 330.31 330.73 331.16 332.12 331.41 329.83 328.95 328.83 327.96 327.8 327.41 327.2 326.53 325.79 324.93 324.11 322.95 321.53 320.8 319.99 319.91 319.34 319.86 319.93 318.57 321.22 324.47 326.12 329.57 331.6 336.49 334.04 337.12 332.37 333.28 332.26 337.49 330.56 340.08 337.7 333.98 322.11 319.47 325.48 319.69 314.73 312.03 317.02 313.31 307.58 316.95 314.5 312.73 309.9 311.05 304.25 301.96 307.33 303.66 304.42
319.29 320.18 321.94 321.59 321.81 323.23 322.68 324.17 324.6 325.29 327.28 330.26 333.78 332.64 334.86 334.96 335.31 335.35 334.33 333.19 331.51 330.26 329.96 330.43 330.43 329.85 329.48 328.01 326.29 324.76 324.43 324.51 322.72 322.13 321.67 322.58 323.99 323.42 325.67 329.17 331.38 335.19 338.98 342.36 334.57 333.62 333.95 339.71 338.31 331.67 329.28 338.87 326.29 328.33 329 331.25 332.01 328.37 325.51 323.45 320.21 317.68 317.98 318.62 315.85 314.47 311.37 310.17 309.68 304.32 300.42 302.7 303.65
324.65 324.86 325.86 327.8 328.91 329.33 328.22 330.81 329.53 333.95 335.04 338.51 336.54 336.64 338.05 338.53 338.4 337.41 336.27 336.48 334.01 333.23 331.77 331.81 331.94 332.03 332.01 331.89 329.94 325.64 326.93 328.14 326.34 323.92 324.37 325.02 325.87 326.14 328.89 332.39 334.26 338.51 342.18 345.22 346.22 344.58 341.22 342.37 344.66 337.53 341.06 341.76 332.63 338.87 337.59 334.36 331.22 328.76 324.07 324.1 322.67 321.48 319.28 318.15 314.97 313.81 310.5 308.81 308.2 305.26 302.55 300.55 303.1
327.84 328.76 330.47 331.29 331.24 333.65 335.21 337.1 340.07 341.94 343.98 345.66 345.14 343.45 340.36 341.39 341.23 339.65 339.9 338.64 337.72 336.44 334.88 333.68 333.31 333.72 334.08 333.36 330.99 330.69 331.33 331.8 329.88 327 324.15 326.93 328.53 330.5 332.27 334.67 336.73 341.5 345.8 348.62 351.27 352.56 353.22 354.23 350.97 348.15 347.89 347.99 344.35 342.09 337.41 334.64 331.15 328.41 324.27 321.78 320.78 320.2 317.95 316.39 313.74 311.93 307.29 306.74 305 302.26 297.9 298.06 300.1
330.21 332.01 332.33 333.7 335.91 337.06 338.66 341.29 343.11 344.89 349.14 350.18 348.91 346.77 344.93 344.15 342.51 340.95 334.91 335.39 339.12 337.12 336.63 336.26 335.53 335.13 335.06 335.04 335.45 334.95 335.85 335.69 332.97 330.22 326.23 327.28 330.37 331.75 334.23 336.37 338.95 343.84 347.46 349.88 354.36 357.96 361.26 361.86 363.18 361.27 358.18 353.67 348.17 342.93 337.37 332.89 329.3 327.06 323.7 320.85 318.33 316.53 315.9 312.81 311.63 308.78 306.51 304.65 301.99 296.35 295.25 299.13 297.98
333.45 333.48 334.47 336.01 338.36 340.16 341.91 344.7 345.79 348.01 351.22 351.05 350.38 349.81 348.03 347.31 344.56 341.44 339.12 335.44 336.31 337.67 336.83 337.26 336.99 335.55 335.3 335.66 338.25 339.53 339.38 338.39 335.29 332.47 329.33 327.54 328.49 331.78 335.7 338.86 341.37 344.77 348.43 352.62 356.77 360.55 363.17 363.77 368.72 365.59 360.03 353.77 347.68 340.94 335.67 330.99 327.03 323.64 320.76 319.39 316.94 314.41 312.18 310.44 308.24 306.59 304.31 302.29 300.4 298.61 298.06 296.48 295.23
334.68 335.46 336.41 339.08 340.17 341.92 343.83 346.59 348.31 350.12 351.77 352.06 351.37 351.49 349.86 348.05 345.26 344.2 342.2 340.99 339.99 339.26 337 336.43 337.2 336.72 336.54 336.1 337.94 340.35 340.67 339.35 337.46 335.25 334.06 332.48 330.49 330.98 334.26 337.05 338.78 343.61 347.92 352.72 356.6 360.3 364.15 368.02 370.59 366.21 359.22 351.97 344.41 338.4 332.89 328.01 324.2 320.23 319.02 316.17 313.1 312.28 309.2 306.84 305.97 303.53 300.8 299.09 297.25 295.42 294.44 293.3636 291.5132
337.07 337.48 338.39 339.34 341.82 343.59 345.21 346.63 349.42 351.1 351.23 352.54 352.03 350.77 349.93 349.27 346.82 345.27 343.73 341.96 339.42 339.31 338.46 337.82 338.05 336.54 336.1 334.05 336.08 337.27 337.57 338.69 337.12 335.9 334.79 333.84 333.57 333.88 335 337.68 340.75 343.21 346.57 349.57 354.59 358.52 361.64 364.56 365.77 361.75 354.24 347.41 340.59 334.28 328.83 323.43 320.21 317.75 316.07 312.5 310.19 308.34 306.34 302.68 301.64 299.45 297.03 293.7 293.36 292.2766 -9999 -9999 -9999
339.12 339.57 340.64 341.68 344.04 345.12 346.74 348.2 349.45 351.61 351.51 351.88 351.67 351.74 350.7 349.12 347.62 346 344.1 342.05 340.18 338.01 338.02 337.28 337.27 337.08 335.06 334.67 333.93 332.55 333.43 334.78 336.02 335.94 335.36 334.93 334.41 334.02 335.12 337.19 340.02 342.65 345.32 348.1 350.56 354.93 356.66 358.4 357.12 352.04 345.79 340.06 335.02 329.53 324.46 320.65 318.18 314.63 311.84 310.67 307.25 303.35 301.21 299.88 297 295.98 293.61 289.3511 -9999 -9999 -9999 -9999 -9999
340.56 341.39 342.51 343.4 344.62 345.99 348.7 349.53 351.08 351.54 351.57 352.81 352.44 351.71 350.02 348.9 347.54 345.7 343.99 341.63 339.99 338.82 336.2 334.14 332.46 333.72 334.12 331.32 331.18 329.46 331.92 334.27 334.69 334.63 334.01 334.01 333.58 333.38 334.34 335.91 338.21 340.84 343.43 344.62 346.74 349.92 351.12 350.42 347.35 342.34 337.55 333.16 327.44 324.45 320.57 315.79 312.37 308.83 308.94 305.04 300.97 298.73 297.99 298.29 294.46 291.36 288.2872 -9999 -9999 -9999 -9999 -9999 -9999
340.1 342.13 343.23 344.13 345.59 346.98 348.5 349.91 350.84 352.31 351.98 351.89 351.88 350.95 349.82 348.57 346.84 346.12 344.31 341.36 339.59 337.99 335.64 332.68 330.32 329.52 329.99 328.75 327.97 327.46 329.2 331.24 332.17 332.53 332.22 332.21 332.19 332.3 333.21 335.14 335.87 337.75 339.82 341.46 343.01 344.2 345.45 346.01 344.35 338.33 330.61 326.19 322.61 318.32 316.59 307.61 303.15 300.81 300.2 296.15 294.04 294.67 293.23 294.051 290.963 288.1471 -9999 -9999 -9999 -9999 -9999 -9999 -9999
340.29 342 343.39 344.18 345.77 347.51 349.87 350.83 351.71 352.22 352.61 351.88 351.74 351.09 350.05 348.9 347.22 345.48 343.54 341.18 338.76 336.35 334.32 331.83 329.2 327.26 325.9 325.29 325.23 325.77 327 327.89 328.74 329.98 330.12 330.13 330.29 330.38 331.41 332.03 333.65 335.41 336.9 338.34 339.55 339.32 339.46 338.87 337.35 334.33 330.34 325.25 320.46 315.12 307.07 297.02 293.61 292.84 292.0918 290.0253 289.9849 -9999 -9999 -9999 -9999 -9999 -9999 -9999 -9999 -9999 -9999 -9999 -9999
342.76 343.55 345.09 346.22 347.23 348.77 349.69 350.77 351.63 352.37 352.86 352.91 352.64 351.15 349.93 348.61 347.17 345.08 342.79 340.76 338.03 335.08 332.52 330.65 327.57 326.02 323.61 322.44 322.81 323.12 323.96 323.62 323.08 325.56 327.42 327.31 327.25 327.58 328.16 329.37 331.04 332.42 332.77 333.93 334.54 334.3 333.25 334.35 330.57 327.64 324.83 321.02 313.08 304.89 296.42 290.1605 -9999 -9999 -9999 -9999 -9999 -9999 -9999 -9999 -9999 -9999 -9999 -9999 -9999 -9999 -9999 -9999 -9999
343.61 344.31 345.55 346.92 347 348.07 349.4 350.48 352.24 353.1 353.04 352.82 352.99 352.32 351.12 349.89 347.59 345.48 343.06 340.27 337.77 334.62 332.58 330.07 326.1 323.26 322.35 321.78 320.62 321.06 321.71 321.72 322.16 322.92 323.63 322.38 323.49 324.44 325.96 327.03 326.97 327.78 329.01 329.94 330.15 329.51 328.95 327.91 325.68 322.83 320 315.18 306.9155 -9999 -9999 -9999 -9999 -9999 -9999 -9999 -9999 -9999 -9999 -9999 -9999 -9999 -9999 -9999 -9999 -9999 -9999 -9999 -9999
