layers/wordclim/future/Iberia_wcB2a_10_hadcm3_2080/bio_11.asc
ncols         166
nrows         93
xllcorner     -9.4959440078468
yllcorner     36.000324005443
cellsize      0.083333337679505
NODATA_value  -9999
[rows 33 to 65 of 93, columns 0 to 75 of 166]
-9999 -9999 -9999 -9999 -9999 -9999 -9999 -9999 -9999 -9999 110.0581 103.44 99.55 96.65 95.25 92.98 85.3 71.07 63.12 65.79 65.43 64.49 70.81 77.74 70.15 65.27 72.85 83.38 87.41 80.53 79.38 81.99 74.68 72.5 70.98 70.53 68.38 65.76 65.79 65.66 63.91 63.8 65.5 65.98 65.72 65.99 67.46 69.02 69.54 67.34 66.68 66.19 65.58 65.18 65.34 64.27 64.65 65.27 63.56 62.13 60.91 61.51 61.99 61.12 56.82 51.81 35.63 27.8 41.36 51.51 55.5 57.2 52.49 52.55 58.44 58.51
-9999 -9999 -9999 -9999 -9999 -9999 -9999 -9999 -9999 -9999 112.2245 106 100.18 92.01 77.67 77.15 78.85 86.33 83.47 79.18 72.43 69.55 69.13 72.17 69.39 66.79 73.35 82.64 83.82 77.21 72.97 75.4 76.61 70.98 69.69 68.9 68.95 68.08 68.52 67.9 66.05 65.84 65.82 64.88 64.34 64.62 65.07 66.67 68.68 67.65 65.8 64.97 62.77 62.74 63.54 64.09 64.82 64.55 62.9 60.17 58.55 59.67 59.51 58.04 52.77 46.69 27.05 44.71 38.28 43.47 55.16 61.84 65.81 64.93 61.68 63.46
-9999 -9999 -9999 -9999 -9999 -9999 -9999 -9999 -9999 -9999 113.8764 109.92 103.5 87.12 91.26 85.25 85.82 93.98 90.04 83.83 78.89 77.09 76.44 73.65 73.14 68.68 75.36 80.53 78.92 80.76 74.83 71.68 73.37 73.44 70.27 68.36 68.02 69.14 68.18 67.84 66.43 65.07 64.38 62.56 61.46 60.5 61.54 67.3 66.9 66.57 65.89 63.7 60.87 58.89 59.36 62.03 60.32 62.09 60.01 57.8 55.5 55.47 54.99 49.06 34.39 33.34 25.74 33.38 50.9 61.25 64.63 70.22 68.29 63.1 63.95 66.85
-9999 -9999 -9999 -9999 -9999 -9999 -9999 -9999 -9999 115.3243 114.8478 111.58 108.21 103.54 92.27 93.48 89.6 92.68 87.38 85.19 86.82 86 84.37 80.41 79.16 80.19 80.27 78 74.42 74.66 74.49 70.41 71.76 72.17 72.86 68.15 67.6 69.5 68.29 66.14 64.95 64.89 62.13 59.71 58.65 62.73 66.19 66.55 65.45 63.84 62.05 58.89 53.59 53.71 51.78 50.8 51.62 55.58 54.21 53.32 46.55 47.13 43.87 42.82 46.82 54.7 56.04 61.34 63.14 60.82 69.34 74.23 70.41 67.75 66.51 70.44
-9999 -9999 -9999 -9999 -9999 -9999 -9999 -9999 -9999 115.7973 114.1959 113.51 112.66 105.63 96.43 84.37 80.04 92.62 93.87 93.4 91.38 87.46 83.49 85.24 87.37 84.04 80.2 67.51 69.33 71.81 70.46 70.4 70.65 73.57 75.48 74.85 71.16 67.31 65.53 63.09 60.83 58.62 60.81 63.27 63.39 64.05 64.46 63.62 61.52 57.44 53.08 50.76 44.68 44.41 46.46 49.83 54.48 55.45 52.27 48.64 45.04 42.33 44.15 40.81 55.67 64.98 60.94 62.71 70.91 73.04 75.76 76.85 72.22 72 70.44 73.46
-9999 -9999 -9999 -9999 -9999 -9999 -9999 -9999 -9999 116.21 114.45 114.99 114.51 110.01 96.07 82.23 100.05 99.79 99.44 95.56 94.71 92.53 91.98 86.03 68.16 62.71 67.3 66.94 68.29 70.1 71.41 68.45 71.23 74.65 74.64 75.29 73.05 63.8 58.04 50.11 57.59 59.78 66.09 67.27 63.42 61.81 63.92 60.62 56.61 55.43 54.47 46.8 37.31 46.95 51.23 49.73 45.99 45.66 48.97 56.52 53.84 58.97 58.56 55.55 64.84 68.15 72.72 74.66 77.34 74.56 76.54 77.15 75.22 76.01 75.95 68.29
-9999 -9999 -9999 -9999 -9999 -9999 -9999 -9999 118.0968 116.5 115.26 114.47 115.34 108.87 101.36 102.7 103.82 103.99 101.36 99.8 95.06 90.82 73.04 53.11 59.34 66.16 73.49 67.34 70.24 72.7 71.21 68.2 73.21 73.43 69.63 69.84 70.03 65.34 63.84 64.28 65.07 78.06 77.25 70.61 69.22 60.98 59.82 61.5 60.46 55.51 43.43 32.6 31.73 34.45 32.65 39.22 51.51 58.51 64.56 64.83 69.3 72.97 69.03 69.09 73.92 77.23 79.1 75.38 78.02 76.77 76.61 79.58 80.04 77.74 70.32 65.59
-9999 -9999 -9999 -9999 -9999 -9999 -9999 -9999 118.6264 117.09 115.91 114.48 115.44 107.76 107.06 110.83 108.2 105.47 102.01 95.97 91.73 73.52 40.01 52.6 75.29 85.27 85.13 75.04 70.69 71.32 67.86 67.47 67.81 68.48 68.95 68.03 60.11 65.25 67.69 80.36 85.05 82.33 73.25 70.37 58.94 38.7 43.65 58.63 54.18 39.11 34.54 34.18 33.79 42.9 44.1 51.26 56.03 52.56 49.38 55.15 73.49 76.54 77.45 79.61 83.62 80.57 80.34 77.57 77.57 80.57 78.87 79.62 80.12 74.18 68.97 68.05
-9999 -9999 -9999 -9999 -9999 -9999 -9999 -9999 118.44 117.06 115.53 116.32 116.54 108.94 108.4 111.83 107.87 104.84 101.61 93.46 87.22 77.13 52.35 56.43 87.09 91.08 86.59 82.77 75.55 67.87 65.01 60.6 64.95 67.23 63.91 70.86 74.35 80.89 83.58 86.74 90.96 83.98 78.47 71.61 41.76 28.17 45.59 49.9 41.03 31.78 21.72 27.53 35.88 52.9 47.9 49.79 68.58 79.63 75.15 71.34 72.42 75.89 82.46 86.4 83.21 80.56 81.67 79.42 78.3 80.83 81.79 82.57 79.13 72.85 71.78 72.79
-9999 -9999 -9999 -9999 -9999 -9999 -9999 117.9726 118.52 120.06 119.41 119.75 118.61 112.05 110.98 108.46 106.97 101.32 89.11 76.74 71.51 85.37 89.29 91.13 91.82 89.84 90.94 88.57 84.07 79.83 85.9 87.31 71.13 81.97 87.16 89.99 91.38 86.16 91.64 93.84 94.49 94.16 75.66 51.71 64.98 50.4 27.62 29.25 32.66 60 48.2 54.94 74.07 84.02 78.61 90.03 86.24 82.09 76.82 74.24 82.05 87.7 88.03 84.25 80.98 80.78 82.77 79.15 80.43 80.58 81.9 82.65 80.47 77.12 75.04 73
-9999 -9999 -9999 -9999 -9999 -9999 -9999 -9999 121.5568 120.53 119.94 120.06 114.6 112.36 112.77 101.06 91.92 87.11 86.01 80.08 83.58 92.13 88.82 86.69 88.62 92.16 96.6 95.18 92.6 94.02 96.3 94.13 91.19 94.84 99.06 97.4 93.68 91.61 95.31 96.02 95.39 89.16 74.59 73.76 61.48 74.66 76.87 79.32 85.58 95.96 95.92 95.4 92.79 89.48 88.17 85.78 77.02 73.03 85.22 88.94 90.01 87.97 85.28 82.63 82 83.97 81.93 81.88 82.78 79.92 83.9 83.12 78.85 74.01 74.65 77.82
-9999 -9999 -9999 -9999 -9999 -9999 -9999 121.92 120.03 120.6 120.81 113.73 109.81 110.15 93.58 83.91 89.63 94.15 92.9 94.61 97.14 86.59 91.67 86.05 96.38 100.02 98.66 98.63 95.18 92.26 92.88 99.09 100.4 103.28 102.33 99.47 98.97 99.89 101.64 101.09 97.37 92.42 89.21 86.61 86.76 95.5 97.9 100.8 100.46 99.64 98.81 96.57 94.86 93.63 91.5 87.31 88.63 91.79 92.01 90.78 89.73 88.1 85.51 84.42 85.29 86.36 83.89 85.97 83.48 84.58 86.18 83.95 82.45 81.37 81.39 79.4
-9999 -9999 -9999 -9999 -9999 -9999 -9999 121.9 119.28 119.76 119.23 109.19 110.44 107.65 97.65 99.03 102.41 99.27 92.4 90.84 89.65 93.71 103.22 100.73 100.47 102.71 102.04 102.76 100.81 99.75 101.19 102.12 98.94 102.43 102.65 102.7 103.06 103.75 103.01 98.1 94.79 95.59 99.86 101.94 101.94 102.85 102.02 101.64 101.05 99.88 98.74 97.79 96.65 94.46 92.4 94.1 93.48 93.14 92.38 89.22 86.33 85.82 86.57 87.86 88.17 86.5 86.84 88.16 87.66 85.59 81.1 77.66 75.49 74.97 74.89 73
-9999 -9999 -9999 -9999 -9999 -9999 123.4603 124 119.31 117.35 117.88 112.24 112.78 107.81 107.41 107.96 102.28 95.53 91.25 85.05 96.4 104.63 106.98 104.25 102.78 104.33 109.87 108.23 106.65 102.85 103.23 103.69 103.91 102.36 103.27 102.37 100.72 100.63 96.93 92.58 95.98 98.81 102.85 103.64 102.91 102.79 101.74 98.23 99.96 99.31 96.99 94.11 96.03 94.85 95.78 93.04 88.37 89.72 90.96 92.34 91.46 89.8 89.38 89.84 87.4 86.3 87.3 87.19 85.91 84.56 81.19 78.29 76.89 76.19 75.18 74.12
-9999 -9999 -9999 -9999 -9999 -9999 122.6429 123.29 120.64 116.21 112.62 113.18 115.63 110.3 111.76 110.48 108.76 104.54 96.99 95.11 104.86 108.06 106.95 105.55 108.61 112.08 110.89 110.03 106.04 106.39 105.6 104.41 104.7 105.4 105.12 102.3 100.34 97.93 99.56 101.2 100.65 102.31 100.25 99.8 99.38 101.97 98.55 95.86 98.78 96.83 95.6 94.61 97.32 93.84 93.26 91.11 86.68 86.44 87.07 86.16 86.47 90.26 86.33 82.31 81.32 79.7 79.01 80.35 81.82 82.04 82.45 81.68 79.32 78.43 76.66 76.15
-9999 -9999 -9999 -9999 -9999 122.4643 120.66 120.51 120.34 115.09 113.99 117.24 118.89 115.29 110.64 113.26 108.6 107.87 105.57 108.27 112.34 110.59 111.72 112.82 111.4 109 109.18 109.69 107.26 107.36 108.53 107.18 103.49 102.72 102.46 104.51 106.71 104 101.5 99.12 98.82 99.75 97.58 95.28 91.54 89.33 90.13 91.57 89.53 87.26 88.9 90.88 89.62 88.65 81.99 83.11 81.9 81.46 79.61 81.06 80.38 82.24 79.77 76.64 78.8 76.29 76.7 77.28 77.97 78.41 79.82 80.09 80.22 78 78.67 77.96
-9999 -9999 -9999 -9999 -9999 123.1219 123.34 119.32 114.98 106.87 113.98 117.15 119.39 120.25 115.53 115.51 111.04 107.86 108.28 112.52 115.02 115.51 116.31 113.12 111.21 110.98 111.67 108.18 109.63 109.2 106.82 105.19 102.99 101.62 99.9 101.98 103.87 104.05 103.2 101.69 100.75 100.99 99.16 96.82 94.66 92.08 88.83 85.17 83.66 76.52 81.6 80.4 85.57 86.41 74.88 74.81 72.35 73.05 71.93 73.2 73.07 77.82 77.4 73.98 72.88 74.19 73.89 74.79 76.9 77.46 79.52 78.75 79.36 78.53 80.44 79.94
-9999 -9999 -9999 -9999 -9999 123.6667 122.3 110.44 105.97 108.01 110.29 121.81 123.02 122.76 118.86 116.64 116.02 114.89 115.2 114.79 116.64 113.72 113.67 111.59 112.36 110.43 109.62 106.09 105.84 108.16 109.38 107.12 105.03 104.53 102.89 101.93 101.93 104.49 103.02 102.79 103.02 101.04 99.15 96.07 93.87 90.68 90.07 88.18 74.84 73.39 70.7 80.08 79.7 84.46 82.35 75.94 73.74 72.96 64.15 73.36 65.17 67.82 68.26 69.43 69.16 69.74 72.07 76.75 78.01 78.46 79.12 79.51 79.76 80.71 81.29 81.23
-9999 -9999 -9999 125.9762 126.62 123.07 117.41 111.86 114.13 120.29 123.27 125.19 125.67 123.53 123.48 123.81 122.59 122.13 117.92 116.26 113.81 113.56 112.58 110.91 108.07 108.91 108.38 107.08 104.24 104.82 107.39 107.56 107.45 107.23 105.76 104.14 102.57 100.69 101.11 100.35 101.75 100.47 98.8 94.85 91.99 81.72 85.93 85.77 76.12 69.8 82.44 86.88 88.26 86.4 90.07 87.77 86.98 83.14 78.12 79.43 75.2 76.33 77.51 78.15 68.52 63.39 67.02 72.37 75.67 75.86 78.89 80.17 80.76 81.87 82.57 81.55
-9999 -9999 126.2969 126.9186 125.22 122.72 119.66 123.53 123.81 123.65 126.41 127.45 125.55 120.58 120.66 120.42 120.76 118.01 116.8 116.72 116.28 114.71 113.12 111.04 105.11 100.86 101.96 102.71 104.08 104.18 103.4 103.2 105.83 102.45 103.18 104.61 104.52 102.71 101.29 99.94 99.83 98.07 96.23 95.07 93.97 86.14 82.72 84.43 86.62 87.16 88.81 93.88 91.26 93.58 93.28 93.01 90.21 86.61 82.74 76.91 74.17 72.33 78.43 75.33 72.3 72.1 69.11 72.36 75.12 73.85 72.04 77.84 81.69 83.09 84 83.29
-9999 -9999 124.44 124.16 124.03 123.37 123.71 125.78 125.39 126.49 128.41 128.16 123.89 122.46 120.77 119.85 119.59 120.08 119.75 118.67 119.19 117.61 116.28 113.98 109.57 99.59 99.18 105.57 109.28 107.29 106.19 107.61 107.72 104.27 105.02 103.28 101.91 103.68 101.08 98.18 97.89 97.5 95.84 98.06 100.37 97.86 99.87 97.95 97.44 91.91 92.59 97.01 96.13 96.22 88.18 90.84 90.08 85.86 85.74 83.28 82.37 85.06 85.05 80.91 74.04 74.51 76.93 76.17 72.41 73.52 70.1 78.77 83.09 84.32 84.61 84.37
-9999 -9999 124.95 124.39 123.39 116.91 124.88 125.66 126.53 128.85 129.12 125.87 124.85 123.84 122.43 121.14 121.37 122.52 119.93 119.74 120.5 118.86 115.6 114.74 113.67 111.19 108.31 108.1 110.46 110.3 107.06 109.42 108.14 106.34 105.06 103 102.2 101.67 100.18 99.38 93.76 97.1 103.09 102.53 103.57 102.43 102.93 101.17 101.86 99.61 96.3 96.08 97.24 95.87 91.52 85.69 87.64 87.96 88.57 84.94 79.4 82.53 87.32 86 78.24 77.78 80.44 83 82.88 79.12 82.31 85.27 85.21 85.07 84.77 84.7
-9999 125.5313 125.32 123.49 119.4 123.11 127.03 126.81 129.35 130.2211 128.52 126.62 124.94 123.89 122.97 122.42 123.62 122.07 120.95 121.69 120.84 119.55 118 114.9 114.47 113.59 113.39 111.67 112.26 112.64 110.15 111.16 108.7 107.76 106.21 105.58 106.13 105.1 102.15 102.46 103.19 106.82 106.48 106.55 106.68 105.32 104.92 104.3 103.32 101.68 98.75 98.3 94.74 92.59 91.89 88.41 83.72 88.27 88.53 82.81 79.77 81.51 83.29 85.01 81.5 80.09 83.83 85.61 86.21 86.46 86.47 86.32 85.69 85.86 85.92 85.1
-9999 123.52 123.03 120.71 118.53 122.01 129.5745 130.6444 130.954 130.06 128.16 126.78 125.71 125.72 125.7 124.39 124.01 122.96 122.09 121.32 121.31 120 118.73 117.67 116.2 114.66 114.19 114.5 112.56 111.99 113.34 112.26 111.42 110.57 109.27 109.22 108.79 108.45 106.46 104.3 105.65 108.4 108.48 108.12 107.75 106.62 105.2 100.95 99.2 102.17 99.67 97.7 98.18 95.03 93.05 90.16 86.67 85.2 87.42 88.58 88.25 81.31 82.71 87.41 83.08 86.12 86.09 86.05 86.93 86.91 86.7 86.25 86.16 86.01 85.28 84.3
-9999 119.5918 116.47 116.77 115.52 122.7216 130.8734 131.72 131.18 130.07 129.55 128.96 129.43 127.87 126.28 125.5 124.67 124.79 123.37 119.98 119.15 117.38 116.76 116.07 115.19 113.33 110.77 110.73 113.87 113.61 113.53 112.59 112.09 111.56 110.88 110.45 110.03 109.99 108.33 107.31 109.79 109.45 109.1 108.06 106.58 105.62 104.75 103.68 102.25 99.68 99.14 100.93 96.32 88.42 91.67 89.31 89.13 89.73 89.8 85.47 88.51 87.86 85.97 87.62 85.1 87.11 85.96 86.07 87.07 86.98 87 86.63 86.12 86.01 84.65 81.46
-9999 117.12 115.11 117.48 124.77 128.5667 132.4321 132.2 131.27 130.3 128.91 127.73 127.47 126 126.48 124.78 123.5 122.94 121.78 119.84 119.15 117.2 112.67 111.41 112.41 112.7 108.78 109.95 114.32 114.74 113.22 111.66 111.33 112.27 111.72 111.3 110.59 109.36 109.48 109.98 108.75 107.84 107.7 104.76 104.14 103 101.63 103.7 101.62 100.15 98.76 99.47 99.78 94.56 96.57 93.8 90.95 88.99 84.96 83.97 87.88 88.61 84.5 85.68 88.11 87.69 87.72 87.31 85.99 85.97 85.68 82.11 83.93 86.4 84.81 82.27
116.8272 115 116.19 121.29 129.0532 -9999 -9999 132.18 131.16 130.39 129.67 127.78 126.8 125.17 124.26 122.48 120.53 119.42 119.21 117.47 117.21 115.67 114.53 110.39 108.89 113.41 114.69 115.57 115.97 114.03 111.72 110.49 110.11 110.3 109.97 109.41 108.03 107.28 108.77 106.26 104.66 103.59 102.87 102.9 98.06 101.44 100.62 102.5 99.55 98.44 95.81 95.29 95.94 100.92 95.55 94.54 94.35 94.89 88.89 88.08 85.39 86.87 87.45 85.92 85.05 84.96 81.62 84.36 87.24 87.38 87.64 86.27 86.11 85.9 82.9 82.36
123.16 122.4225 124.0135 126.5844 130.3333 133.5417 133.1798 132.87 131.82 130.39 128.35 127.3 126.69 125.85 122.95 119.71 117.71 116.06 116.19 115.82 115.24 115.62 112.03 112.14 114 113.06 117.69 117.13 113.9 112.83 110.59 109.78 109.67 109.39 108.54 108.57 107.7 106.08 106.82 107.8 105.2 101.43 99.5 101.04 100.41 99.72 100.04 97.72 97.03 93.38 94.09 95.32 98.6 100.33 98.86 99.57 98.65 95.54 93.6 91.78 87.44 83.98 85.14 86.3 86.57 83.89 80.04 82.38 89.19 87.97 85.93 87.1 86.62 86.23 84.28 82.93
-9999 -9999 -9999 129.2162 132.3247 133.2262 132.48 132.01 132.12 131.47 129.56 128.28 126.86 123.22 119.68 118.61 116.12 114.45 114.8 116.96 117.42 117.61 117.06 115 116.24 117.85 117.22 116.67 113 109.92 107.2 106.77 107.6 107.06 106.41 107.41 105.97 104.45 104.28 105.99 103.3 101.06 98.25 97.3 100.03 96.16 96.36 93.48 95.19 97.62 99.13 99.51 99.81 99.14 93.97 98.38 95.72 91.18 91.43 89.58 88.04 85.42 84.67 85.79 84.71 85.07 87.6 89.27 84.44 89.4 85.81 86.57 86.07 86.51 83.74 80.48
-9999 -9999 -9999 -9999 131.16 130.93 128.9495 131.8118 133.4725 132.3846 129.48 129.56 127.96 123.13 121.25 119.74 116.66 116.99 117.95 117.39 118.3 118.47 117.32 115.38 115.39 117.16 118.47 115.83 112.86 108.56 106.15 103.34 99.7 101.52 99.02 104.44 104.16 101.37 102.26 103.06 105.05 97.69 97.58 97.76 99.74 94.24 91.69 94.34 95.48 98.84 97.65 97.03 96.22 97.34 96.75 97.48 97.63 96.68 92.33 83.95 80.27 83.83 85.79 86.95 92.1 90.68 88.28 89.79 90.56 87.53 86.93 85.89 84.51 83.89 83.24 82.44
-9999 -9999 -9999 -9999 127.8148 126.2429 -9999 133.9412 -9999 133.1538 131.58 130.25 129.01 127.84 124.45 122.54 122.26 120.9 119.54 118.18 119.08 119.5 117.53 117.4 117.36 118.6 118.97 116.42 113.48 110.63 106.49 102.65 96.55 95.04 95.1 98.6 102.75 98.41 99.17 100.22 103.16 101.93 99.23 96.33 97.1 94.69 95.05 96.48 95.25 94.44 96.38 94.95 94.34 96.19 94.29 93.47 93.48 93.74 94.59 93.81 89.16 79.81 80.46 81.45 83.2 91.97 96.13 88.13 82.12 77.91 76.89 85.26 85.65 86.78 87.95 88.54
-9999 -9999 -9999 -9999 -9999 -9999 -9999 -9999 133.625 132.4898 131.2105 131.74 130.41 127.74 127.14 122.53 121.84 121.13 119.17 115.68 117.05 117.77 118.72 118.94 119.93 120.74 118.12 116.75 114.3 110.47 108.28 102.87 99.41 106.01 103.61 101.85 99.04 98.75 97.8 96.81 99.1 99.76 96.68 98.38 96.57 96.54 96.62 95.4 94.07 94.47 93.71 91.69 92.23 93.08 93.08 91.79 91.06 91.85 90.83 90.76 93.04 92.14 93.76 89.12 88.14 88.48 99.89 91.3 91.09 89.26 84.34 87.65 88.28 93.02 95.8 94.97
-9999 -9999 -9999 -9999 -9999 -9999 -9999 -9999 -9999 131.42 129.43 129.36 130.19 129.39 129.05 126.22 123.62 120.57 118.9 118.54 116.17 113.6 116.5 119.53 120.38 120.97 118.69 117.78 115.29 113.14 109.93 106.69 108.33 108.46 106.55 105.53 102.55 99.88 97.16 96.17 95.16 96 95.81 96.2 96.53 95.87 97.26 95.04 94.43 97.32 96.7 96.1 91.36 87.97 93.1 94.01 91.1 91.7 90.83 90.71 89.21 89.76 90.55 98.05 93 95.83 101.48 100.19 99.19 100.75 99.8 99.42 103.23 104.54 101.73 96.01
