layers/wordclim/future/Iberia_wcB2a_10_hadcm3_2080/bio_03.asc
ncols         166
nrows         93
xllcorner     -9.4959440078468
yllcorner     36.000324005443
cellsize      0.083333337679505
NODATA_value  -9999
[rows 0 to 36 of 93, columns 0 to 81 of 166]
-9999 -9999 -9999 -9999 -9999 -9999 -9999 -9999 -9999 -9999 -9999 -9999 -9999 -9999 -9999 -9999 -9999 41.63415 41.11111 41.77612 41.68182 41.23864 41.4058 41.25758 -9999 -9999 -9999 -9999 -9999 -9999 -9999 -9999 -9999 -9999 -9999 -9999 -9999 -9999 -9999 -9999 -9999 -9999 -9999 -9999 -9999 -9999 -9999 -9999 -9999 -9999 -9999 -9999 -9999 -9999 -9999 -9999 -9999 -9999 -9999 -9999 -9999 -9999 -9999 -9999 -9999 -9999 -9999 -9999 -9999 -9999 -9999 -9999 -9999 -9999 -9999 -9999 -9999 -9999 -9999 -9999 -9999 -9999
-9999 -9999 -9999 -9999 -9999 -9999 -9999 -9999 -9999 -9999 -9999 -9999 -9999 -9999 -9999 -9999 41.62121 41.49474 41.25 41.27 41.03 40.96 41.16162 41.01 41 41.01031 -9999 -9999 -9999 -9999 -9999 -9999 -9999 -9999 -9999 -9999 -9999 -9999 -9999 -9999 -9999 -9999 -9999 41.6875 41.13462 -9999 -9999 -9999 -9999 -9999 -9999 -9999 -9999 -9999 -9999 -9999 -9999 -9999 -9999 -9999 -9999 -9999 -9999 -9999 -9999 -9999 -9999 -9999 -9999 -9999 -9999 -9999 -9999 -9999 -9999 -9999 -9999 -9999 -9999 -9999 -9999 -9999
-9999 -9999 -9999 -9999 -9999 -9999 -9999 -9999 -9999 -9999 -9999 -9999 -9999 -9999 41.88889 41.91579 41.65657 41.39 41.08 40.74 40.54 40.79 40.88 40.44 40.9 40.94 41 40.97468 40.90141 41.03637 41 41 41.11842 41.32468 41.70886 41.69697 41.89041 41.98611 42.02273 42.08247 42.07692 42.09524 41.85859 41.6 41.45 40.46753 40.08197 40.2 40.1017 -9999 -9999 -9999 -9999 -9999 -9999 -9999 -9999 -9999 -9999 -9999 -9999 -9999 -9999 -9999 -9999 -9999 -9999 -9999 -9999 -9999 -9999 -9999 -9999 -9999 -9999 -9999 -9999 -9999 -9999 -9999 -9999 -9999
-9999 -9999 -9999 -9999 -9999 -9999 -9999 -9999 -9999 -9999 -9999 -9999 -9999 -9999 -9999 -9999 41.15152 40.89 40.64 40.77 40.68 40.11 40 39.85 40.15 40.29 40.43 40.84 40.96 40.95959 40.79 40.74 40.9 40.96 40.94 41.16 41.22 41.66 41.62 42.11 42.34343 42.66 42.85 42.58 42.03 41.54 41.46 41.03 40.35 40.34 40.15 39.97436 39.65385 39.47458 39.12 -9999 -9999 -9999 -9999 -9999 -9999 -9999 -9999 -9999 -9999 -9999 -9999 36.82192 -9999 36.28571 36.11458 36.08046 36 -9999 -9999 -9999 -9999 -9999 -9999 -9999 -9999 -9999
-9999 -9999 -9999 -9999 -9999 -9999 -9999 -9999 -9999 -9999 -9999 -9999 -9999 -9999 41.68657 41.375 40.89 40.76 40.49 40.35 40.26 40.04 40 40 40.01 40.14 40.27 40.42 40.28 40.07 39.99 40.31 40.4 40.5 40.72 41.02 41.1 41.15 41.73 42.01 42.2 42.19 42.46 42.79 42.36 42.02 41.56 41.06 40.93 40.62 40.18 40.01 39.95 39.95 39.35 39.05 38.91 38.70213 38.39506 38.13699 38 37.92308 37.80556 37.44578 37.05102 37.01 36.92 36.96 36.6875 36.17 36.29 36.24 36.07143 36.05 36.10112 35.66667 -9999 -9999 35.42529 36.03 36.9 37.24419
-9999 -9999 -9999 -9999 -9999 -9999 39.14815 39.475 39.89189 -9999 40.09459 40.25301 40.67 41.12121 41.03 -9999 40.7 40.23 40.06 40.01 40 40 40 40.1 40.01 40 40 40.09 39.87 39.9 39.93 40.06 40.26 39.97 40.13 40.89 40.94 41.03 40.99 41.51 41.73 41.87 42.27 42.57 42.43 41.99 41.61 41.04 40.88 40.6 40.35 40.04 39.92 39.79 39.44 39.11 39.01 38.88 38.52 38.28 38.02 37.99 37.8 37.49 37.25 37.02 37.01 36.75 36.69 36.85 36.59 36.42 36.14 36.21 36.15 36.17 35.54 35.67347 35.12121 35.99 36.64 37.21
-9999 -9999 -9999 -9999 -9999 -9999 39.0137 39.18 39.19 39.54 39.27 39 38.95 39.64 40.21 40.3 40.06 40.09 40 40 40 40 40 40 40 40 39.88 39.69 39.64 39.39 39.94 40 39.93 39.62 40 40.28 40.51 40.21 40.47 40.45 40.61 41.34 40.39 41.58 41.97 41.43 41.21 40.88 40.69 40.29 39.84 39.79 39.88 39.38 38.71 38.83 38.58 38.56 38.74 38.41 38.12 38.01 37.96 37.86 37.38 37.05 37.07 36.95 36.94 37.1 37.34 36.88 36.43 36.37 36.47 36.26 35.93 36.06 36.36 36.14 36.7 37.16
-9999 -9999 -9999 -9999 39.12903 38.83 38.8 38.65 38.33 38.4 38.16 38.1 38.32 38.74 39.24 39.51 39.89 39.95 39.97 39.92 40 39.98 40 39.9 39.86 39.48 39.28 39.22 39.07 39.19 39.26 39.62 39.35 39.52 39.75 39.88 39.85 39.46 40.15 39.63 40.19 39.9 40.66 40.65 41.08 40.49 40.5 40.51 39.88 39.54 39.72 39.37 39.14 39.16 38.75 38.37 38.54 38.67 38.17 38.05 38 38 37.96 37.65 37.43 37.07 37.08 36.97 36.93 37.15 37.18 37.08 37.01 36.79 36.16 36.16 35.96 36.16 36.25 36.39 36.69 37.53
-9999 -9999 -9999 38.85567 38.67 38.21 38.17 37.91 37.95 37.75 37.91 37.62 38.03 38.23 38.72 39.28 39.77 39.94 39.59 39.84 39.96 39.97 39.8 39.37 39.03 39 38.98 39.01 39.01 39.09 39.27 39.15 39.05 38.9 39.35 39.12 39.24 38.57 38.65 38.69 38.31 38.74 38.63 40.06 40.38 39.25 39.11 39.19 38.92 38.81 39.17 38.77 38.87 38.95 38.64 38.27 37.98 37.96 38.05 38.01 38 37.73 37.89 37.78 37.44 37.27 37.17 37.02 37.07 37.04 36.99 36.85 36.82 36.89 36.84 36.97 36.7 36.32 36.54 37.04 37.5 37.69
-9999 -9999 -9999 38.92941 38.41414 38.03 38.04 37.84 37.85 37.45 37.39 37.31 37.38 37.71 38.46 39.05 39.74 39.8 39.65 39.69 39.75 39.26 39.06 39.05 39 39 38.96 38.88 38.8 39.04 38.96 38.78 38.88 38.77 38.74 38.56 38.3 38.76 38.71 39.06 38.8 39.24 39.21 38.98 39.15 39.3 39.09 39.13 38.99 39.15 39.04 38.96 38.93 38.86 38.93 38.39 38 37.89 37.98 38.01 38 37.77 37.77 37.51 37.16 37.06 37 37 36.96 36.82 36.51 36.16 36.31 36.6 36.73 36.89 36.87 36.79 36.84 36.94 37.11 37.23
-9999 -9999 -9999 -9999 38.63793 37.99 38.04 37.95 37.6 37.4 37.38 37.16 36.95 37.5 38.13 38.87 39.48 39.97 40.01 39.88 39.16 39.01 39 39 39 38.96 38.81 38.63 38.72 38.5 38.6 38.33 38.07 38.08 38.47 38.62 38.72 38.53 38.27 38.55 38.38 38.47 38.85 39.34 38.85 39.39 39.28 39.06 38.9 38.98 39 38.9 38.88 38.67 38.61 38.05 38.04 38.01 38 37.96 37.86 37.55 37.26 37.03 37 37 37 36.82 36.62 36.3 36.34 36.22 36.08 36.32 36.45 36.59 36.61 36.73 36.99 36.96 37.01 37.08
-9999 -9999 -9999 -9999 38.4 38.10938 38.16667 38.08791 37.08 37.22 37.44 37.3 37.34 37.73 38.04 38.8 39.72 39.97 39.72 39.33 38.98 38.94 38.83 38.61 38.6 38.48 38.25 38.05 38.06 38.11 38.05 37.65 37.98 38.19 38.72 38.86 38.5 38.06 38.2 38.25 38.68 39.08 39.21 39.2 39.1 39.04 39 39 39 39 39 39 38.91 38.7 38.44 38.31 38.13 38 38 37.95 37.78 37.34 37.12 37 37 36.97 36.65 36.72 36.5 36.49 36.68 36.34 36.31 36.02 36.02 36.22 36.71 36.36 36.63 36.68 36.95 37
-9999 -9999 -9999 -9999 -9999 -9999 37.70652 37.87 37.16 37.22 37.38 37.14 37.14 37.81 38.1 38.97 39.2 39.47 38.96 38.7 38.93 38.44 38.27 38.23 38.1 38.06 37.97 37.61 37.84 38 37.99 37.98 38.02 38.16 38.42 38.36 38.73 38.65 38.87 38.96 38.82 38.97 39 39 39 39 39 39 39 39 39 38.99 38.8 38.27 38.07 38.02 38 37.98 37.97 37.73 37.3 37.09 37 37 36.99 36.91 36.62 36.38 36.08 36.21 36.38 36.09 35.99 36.05 36.06 36.31 36.34 36 36.01 36.23 36.42 36.92
-9999 -9999 -9999 -9999 -9999 38.23729 37.84043 -9999 -9999 37.14 37.05 37.13 37.54 37.97 38.03 38.69 38.99 38.91 38.57 38.27 38.16 38.14 38.08 38.01 38 37.98 37.66 37.81 37.71 37.64 37.89 37.98 38 38 38 38.09 38.38 38.85 38.85 38.85 39 39 38.99 39 39 39 38.98 38.99 38.94 38.97 38.89 38.44 38.09 38.02 38 38 37.97 37.86 37.34 37.07 37.02 37 37 37 36.7 36.27 36.13 36.03 36.12 36.12 36.11 36.04 36 36 36 36 36.03 36.1 36.08 36.02 36.44 36.94
-9999 -9999 -9999 -9999 -9999 -9999 -9999 38 37.46988 37.05 36.96 37.11 37.84 38.01 38 38.31 38.8 38.15 38.07 37.97 38 38 38 37.99 37.99 38 37.89 37.63 37.45 37.44 37.68 38 37.99 38 38 38 38.03 38.06 38.14 38.39 38.58 39 38.86 38.97 38.9 38.86 38.78 38.38 38.91 38.76 38.64 38.25 38.06 38 38 38 37.91 37.9 37.34 37.12 37.02 37 37 36.91 36.19 36.06 36.01 36.02 36 36 36 35.97 36 36 35.99 36 36 36 36 36 36 36.04
-9999 -9999 -9999 -9999 -9999 -9999 -9999 37.54167 37.25 37.11236 36.7 37.41 37.98 37.83 38.13 38.54 38.62 38.24 38 37.99 37.82 37.91 37.63 37.64 37.68 37.71 37.75 37.79 37.39 37.37 37.84 37.77 38 37.83 37.74 37.86 37.61 37.86 38 38.15 38.53 38.57 38.23 38.36 38.28 38.98 38.65 38.82 38.22 38.22 38.04 38 38 38 38 37.95 37.71 37.35 37.01 37 37 37 36.85 36.48 36 36 36 36 36 36 36 36 36 36 36 36 36 36 35.99 36 36 36
-9999 -9999 -9999 -9999 -9999 -9999 -9999 -9999 -9999 37.52941 37.16129 37.96 38.15 37.9 38.1 38.65 38.24 38.01 37.69 37.44 37.5 37.76 37.18 37.29 37.16 37.02 37.02 37.68 37.7 37.34 37.41 37.52 37.27 37.4 37.57 37.09 37.14 37.59 38 38 38 38.05 38.01 38.22 38.65 38 38 38.27 38.04 38.2 38.02 38 38 38 38 37.84 37.67 37.07 37 37 37 36.94 36.85 36.33 36 36 36 35.91 35.71 35.76 35.99 36 36 36 36 36 36 36.01 36.02 36 36 36
-9999 -9999 -9999 -9999 -9999 -9999 -9999 -9999 37.98718 37.74242 -9999 38.44 38.67 38.5 37.99 38.66 38.42 38 37.94 37.35 37.41 37.24 37.25 36.98 36.94 36.93 36.54 37.04 37.18 37.12 36.98 36.9 36.61 36.8 37.19 37.65 37.24 37.37 37.66 37.97 38 38 38 38 38.01 38 38 38 38 38 38 38 38 38 37.99 37.67 37.18 37.01 37 37 36.94 36.78 36.24 36.01 36 36 35.89 35.53 35.08 35.22 35.72 35.99 35.96 36 36 36 36 36 36.01 36.02 36.07 36.09
-9999 -9999 -9999 -9999 -9999 -9999 -9999 -9999 -9999 38.31868 38.74 38.8 39 38.8 38.77 38.83 38.74 38.09 38 37.98 37.78 37.27 37.36 36.63 36.27 36.18 36.05 36.44 37.07 36.92 36.82 36.17 36.08 36.3 36.71 36.7 37.03 37.43 37.81 38 38 38 38 38 38 38 38 38 38 38 38 38 37.99 37.83 37.74 37.41 37.08 37 37 37 36.93 36.36 36.01 36 36 35.85 35.5 35.13 35 35.06 35.26 35.78 35.93 36 36 36 36 36 36 36.02 36.04 36.06
-9999 -9999 -9999 -9999 -9999 -9999 -9999 -9999 39.43956 38.99 39.13 39.14 39.19 39.08 39.57 38.83 38.31 37.75 37.76 37.67 37.09 37.44 37.04 37.04 36.48 36.15 36.37 36.8 36.96 36.68 36.29 36.08 36.18 36.87 37 37.06 37.15 37.61 37.77 38 38 38 38 38 38 38 38 38 38 38 38 38 37.88 37.87 37.52 37.06 37.02 37 37 36.96 36.53 36.05 36.01 36 35.99 35.92 35.36 35.02 35 35 35 35.12 35.17 35.57 35.83 36 36 36 36 36 36 36.04
-9999 -9999 -9999 -9999 -9999 -9999 -9999 39.84127 39.71 39.82 39.98 39.88 39.57 39.95 38.91 37.33 36.62 37.05 37.38 37.61 37.7 37.53 37 36.96 37.33 36.72 36.48 36.96 36.75 36.52 36.22 36.4 36.33 36.96 37 37.04 37.56 37.49 37.68 38 38 37.95 37.83 38 38 38 38 38 37.99 37.92 37.97 37.83 37.7 37.54 37.04 37 37 37 37 36.6 36.21 36.06 36 35.98 35.62 35.52 35.17 35 35 35 35.01 35.04 35.25 35.27 35.34 35.86 36 36 36 35.99 36 36
-9999 -9999 -9999 -9999 -9999 -9999 -9999 40.51667 40.58 40.29 40.19 39.64 39.67 39.43 37.25 37.88 37.83 38.21 37.79 36.71 36.4 36.76 36.93 37.26 37.78 37.24 37.01 37.05 36.93 36.87 36.81 36.84 36.61 37 37.17 37.17 37.16 37.53 37.68 37.64 37.76 37.6 37.9 37.95 38 37.96 38 37.64 38 38 37.94 37.9 37.72 37.19 37.05 37 37 37 37 36.59 36.07 36 36 36 36 35.29 35.1 35 35 35 35 35.06 35.12 35.39 35.11 35.4 35.47 35.69 35.98 36 36 36
-9999 -9999 -9999 -9999 -9999 -9999 -9999 41.18182 40.94318 40.6 40.39 39.84 40.14 39.97 39.31 39.14 38.73 37.4 36.22 35.91 35.95 36.05 37.25 37.47 37.96 37.38 36.89 37.22 37.05 36.88 36.93 37.01 37.03 37.42 37.32 37.49 37.32 37.05 37.28 37.14 37.06 37.22 37.68 37.86 37.52 37.62 37.01 37.89 37.99 38 37.97 37.91 37.93 37.19 37.06 37 37 37 37 36.5 36.1 36 36 35.93 35.28 35 35 35 35 35 35 35 35.01 35 35.04 35.18 35.48 35.98 36 36 36 36
-9999 -9999 -9999 -9999 -9999 -9999 -9999 -9999 41.2 40.74 41.11 40.7 40.88 40.35 39.56 38.1 37.12 36.51 37.06 36.27 36.33 36.28 36.84 37.6 37.99 37.6 37.06 37.41 37.21 37.35 36.99 36.94 37.01 37.55 37.19 37.29 37.38 37.24 37.1 37.16 37.02 37.01 37.27 37.51 37.22 37.33 37.21 37.98 37.68 37.02 37.06 37.11 37.45 37.08 37 37 37 37 36.97 36.44 36 36 35.92 35.51 35.2 35 35 35 34.99 35 34.99 35 35 35 35 35.02 35.16 35.36 35.74 35.99 36 36
-9999 -9999 -9999 -9999 -9999 -9999 -9999 -9999 42.2 41.94898 41.64 40.95 40.64 40.56 40.03 39.25 38.87 38.88 37.77 36.68 36.42 37.16 37.81 38.05 37.74 37.14 37.46 37.78 37.83 37.53 37.01 36.47 37 37.07 37.16 37.24 37.16 37 37.01 37 37.01 37 37 37 37 37 37.58 37 37.01 37.17 37.27 37.16 37.1 37.04 37.01 37 37 36.91 36.4 36.05 36 35.99 35.66 35.04 35 35 35 35 35 34.93 34.79 34.77 34.95 34.92 35 35 35.02 35 35.04 35.17 35.75 36
-9999 -9999 -9999 -9999 -9999 -9999 -9999 -9999 42.84211 42.32 41.91 41.55 41.7 41.11 40.87 39.99 39.69 37.8 37.46 37.6 38.2 38.25 38.4 38.37 37.13 37.79 37.97 38 37.95 37.71 37.03 36.82 37 37.03 37.02 37.19 37 37 37 37 37 37 37 37 37 37 37 37 37.2 37.31 37.28 37 37 37 37 37 37 36.92 36.4 36.01 36 35.59 35.07 35 35 35 34.99 34.66 34.21 34.29 34.24 34.37 34.75 34.88 34.99 35 35 35 35 35.06 35.31 35.52
-9999 -9999 -9999 -9999 -9999 -9999 -9999 -9999 -9999 42.65 42.36 42.1 41.96 41.22 40.88 40.5 39.64 39.29 39.29 39.02 38.85 37.75 37.78 36.89 37.29 37.97 38 38 37.8 37.52 37.04 37 37 37.01 37.04 37 37 37 37 37 37 37 37 37 37 37 37 37 37.13 37 37 37 37 37 37 36.99 36.93 36.24 36 36 35.96 35.38 35 35 35 34.8 34.66 34.74 34.2 34.03 34.32 34.21 34.91 34.72 34.78 34.84 35 34.98 35 35 35.07 35.42
-9999 -9999 -9999 -9999 -9999 -9999 -9999 -9999 -9999 43.16 42.8 42.69 42.03 41.66 41.14 40.85 40.13 39.64 40.13 39.33 37.66 37.3 37.3 37.66 38.01 37.9 37.78 38 37.69 36.97 36.51 37.01 37 37 37.01 36.98 37 37 37 37 37 37 37 37 37 37 37 37 37 37 37 37 37 37 37 36.55 36.25 36 36 35.8 35.16 35 35 34.98 34.71 34.37 34.05 34.39 34.52 34.64 34.76 34.09 34.16 34.22 34.46 34.82 34.86 34.94 35 35 35 35.11
-9999 -9999 -9999 -9999 -9999 -9999 -9999 -9999 -9999 43.81818 43.36 43.08 42.37 41.9 41.46 40.96 40.32 40.11 40.17 39.1 36.53 38.22 37.75 37.75 37.96 38.13 38.01 37.83 37.32 37.31 36.93 37 36.79 36.83 36.47 36.48 36.53 37 36.99 37 37 37 37 37 37 37 37 37 37 37 37 37 37 37 36.74 36 36 36 35.99 35.24 35 35 34.91 34.47 34.15 34.02 34 34 34.06 34.11 34.04 34.02 34 34.2 34.61 34.8 34.98 35 35 35 35 35.03
-9999 -9999 -9999 -9999 -9999 -9999 -9999 -9999 -9999 44.01266 43.85 43.19 42.37 41.66 41.51 41.14 40.98 40.78 39.33 38.05 39.31 39.38 38.27 38.66 37.62 37.99 37.28 37.05 37.45 37.26 36.98 36.98 36.42 36.33 36.07 36.33 36.58 36.78 36.11 36.73 36.92 37 37 37 37 37 37 37 37 37 37 37 36.89 36.98 36.15 36 36 36 35.67 35.01 35 34.75 34.06 34 34 34 34 34 34 34 34 34 34.45 34.62 34.66 34.89 34.97 34.99 35 35 35 35
-9999 -9999 -9999 -9999 -9999 -9999 -9999 -9999 -9999 44.15094 43.99 43.43 42.85 41.97 41.82 41.38 41.18 39.84 38.78 38.4 39.92 39.57 38.65 38.88 38.27 37.7 36.71 36.62 37.44 36.96 36.54 36.38 36.2 36.18 36.1 36.03 36 36.01 36 36.13 36.47 36.98 36.96 36.92 37 37 37 37 37 37 37 37 36.52 36.27 36 36 35.98 35.74 35.01 35 34.97 34.12 34 34 33.99 33.99 34 34 34 34 34 34.34 34.92 34.98 35 34.84 34.97 35 34.95 34.88 34.98 34.99
-9999 -9999 -9999 -9999 -9999 -9999 -9999 -9999 -9999 -9999 43.87097 43.5 42.93 42.19 41.76 41.61 40.95 40.42 40.01 39.17 39.61 39.22 38.54 38.15 38.03 37.62 37.45 37.1 37.05 36.58 36.18 36.3 36.14 36.11 35.91 35.99 36 36 36 36 36.01 36.11 36.84 37 37 37 37 37 37 37 37 36.87 36.72 36 36 36 35.55 35 35 34.9 34.42 34 34 33.89 33.61 33.24 33.87 33.9 33.82 34.1 34.55 34.84 34.72 34.43 34.57 34.43 34.44 34.44 34.32 34.46 34.71 34.82
-9999 -9999 -9999 -9999 -9999 -9999 -9999 -9999 -9999 -9999 43.96429 43.07 43.02 42.41 41.84 41.11 39.31 39.27 37.17 37.27 38.43 37.57 37.56 36.85 36.37 36.33 36.71 36.47 36.96 36.6 36.48 36.2 36.2 35.88 35.79 35.75 35.94 35.76 36 36 36 36 36.34 36.81 36.96 37 37 37 37 37 37 36.6 36.01 36 36 35.95 35.19 35 34.95 34.57 34.01 34 33.91 33.2 33.01 33.02 33.59 34.5 34.45 34.53 33.93 33.93 34.44 34.15 34.05 34.07 34.07 34 34 34 34.18 34.85
-9999 -9999 -9999 -9999 -9999 -9999 -9999 -9999 -9999 -9999 44.05814 43.02 42.58 41.72 41.44 41 40.06 37.95 36.7 36.81 36.49 36.17 36.5 37.1 35.95 35.12 35.69 36.41 36.31 35.95 35.61 35.91 35.18 35.24 35.04 35.47 35.37 35.06 35.89 35.96 36 36 36.09 36.51 36.8 37 37 37 37 37 36.96 36.3 36 36 35.99 35.27 35 35 34.29 34.02 34 33.99 33.26 33 33 33.26 34.55 34.63 33.97 33.39 33.18 33.32 33.67 33.71 33.61 33.89 33.9 33.91 33.99 34 34.04 34.7
-9999 -9999 -9999 -9999 -9999 -9999 -9999 -9999 -9999 -9999 44 43.34 42.61 41.28 39.32 39.01 39.08 39.41 38.97 38.18 37.02 36.25 35.83 36.09 35.42 34.79 35.27 36 35.85 35.39 34.91 35.11 35.09 35 35 35 35.01 35 35.33 35.67 35.94 36 36 36.02 36.28 36.75 36.97 36.97 37 36.74 36.18 36 36 35.84 35.28 35.03 35 34.84 34.07 34 34 33.83 33.06 33 33.14 33.63 34.86 33.78 34.33 34.02 33.22 33.02 33.03 33.02 33.12 33.25 33.15 33.62 33.87 34 34.15 34.71
-9999 -9999 -9999 -9999 -9999 -9999 -9999 -9999 -9999 -9999 44.04494 43.65 42.72 40.59 40.75 39.8 39.58 40.15 39.22 38.32 37.38 36.86 36.25 35.59 35.34 34.5 34.93 35.39 35.12 35.1 34.75 34.25 34.67 34.71 34.95 34.98 35 35 35.01 35.36 35.17 35.81 35.98 36 36 36.02 36.05 36.45 36.44 36.08 36.01 35.95 35.35 35.01 35 35 34.84 34.37 34 34 34 33.57 33.32 33.48 34.56 34.7 34.81 34.4 33.43 33.06 33 32.9 32.93 33 33 33 33 33.3 33.97 34 34.04 34.14
-9999 -9999 -9999 -9999 -9999 -9999 -9999 -9999 -9999 44.67567 44.03261 43.67 42.95 42.18 40.8 40.52 39.78 39.87 38.7 38.03 38.02 37.37 36.82 36 35.48 35.41 35.09 34.75 34.36 34.29 34.3 34.01 34.11 34.09 34.56 34.55 34.24 34.95 35 35 35 35.11 35.48 35.78 35.89 36 36 36 36 36 35.7 35.25 35.03 35 35 34.97 34.61 34.02 34 34 34.01 33.99 34.07 34 33.68 33.13 33.12 32.97 32.92 32.99 32.73 32.48 33 33 33 32.95 33.12 33.96 33.98 34 34.14 34.24
