layers/wordclim/future/Iberia_wcB2a_10_hadcm3_2080/bio_17.asc
ncols         166
nrows         93
xllcorner     -9.4959440078468
yllcorner     36.000324005443
cellsize      0.083333337679505
NODATA_value  -9999
[rows 34 to 67 of 93, columns 0 to 77 of 166]
-9999 -9999 -9999 -9999 -9999 -9999 -9999 -9999 -9999 -9999 54.84694 56.97 59.43 63.74 71.98 70.51 67.01 60.13 59.88 60 61.16 59.73 57.7 54.12 53.26 51.78 47.03 42.42 39.72 40.12 40.12 37.43 36.34 36.24 36.64 36.22 33.87 33.31 32.9 32.11 31.99 31.43 31 31.28 31.49 31.05 31.01 31.3 30.51 30.92 31.33 31.42 32.57 32.87 32.73 33 32.98 32.92 33.12 34.79 35.89 35.6 35.87 37.12 40.05 44 58.57 45.58 50.2 47.15 40.14 37.13 35.48 36.14 37.97 37.4 36.43 38.09
-9999 -9999 -9999 -9999 -9999 -9999 -9999 -9999 -9999 -9999 53.79775 54.59 57.5 67.41 62.88 64.78 62.51 54.9 55.52 57.7 58.3 56.58 54.05 52.93 50.96 50.93 45.84 42.72 41.21 39.51 39.37 38.75 36.98 35.9 35.9 36.42 34.65 33.8 32.98 32.44 32.02 32.1 31.93 32.75 32.89 33.7 33.51 30.8 30.96 30.98 31.06 32.2 33.72 34.85 34.01 33.24 33.96 33.39 34.48 36.01 37.06 37.41 37.89 41.63 51.84 52.97 58.36 53.46 42.16 36.66 35.28 32.76 33.64 36.05 36.25 35.81 34.93 37.12
-9999 -9999 -9999 -9999 -9999 -9999 -9999 -9999 -9999 52.91892 52.67391 53.65 54.41 55.96 61.53 58.85 59.8 55.86 57.36 56.98 53.84 52.12 50.83 50.6 48.27 46.21 44.25 43.94 42.13 41.19 39.64 39.88 37.48 36.11 35.33 36.02 34.8 33.78 33.35 33.59 32.72 32.28 33.4 34.93 35.03 32.47 31.1 31.12 31.13 31.91 32.99 34.46 36.5 36.73 37.41 38 37.61 36.57 36.97 37.51 41.55 41.39 43.89 45.31 43.41 38.69 38.48 36.13 35.38 36.68 32.83 30.22 32.41 33.97 35.37 33.42 34.88 39.48
-9999 -9999 -9999 -9999 -9999 -9999 -9999 -9999 -9999 51.32433 51.69072 51.5 51.77 55.66 59.24 65.05 66.17 55.87 53.69 51.74 50.88 50.83 50.64 47.98 44.67 44.22 44 46.95 44.63 41.7 41.15 39.82 39.11 35.74 34.79 34.16 34.37 34.18 34.77 35.33 35.95 35.33 34.26 32.78 32.5 32.24 31.96 32.13 32.8 35.22 37.09 37.81 40.65 40.7 40.26 38.62 36.48 36.04 37.66 40.05 42.22 44.2 43.6 46.14 38.41 33.58 35.95 35.17 31.7 30.89 29.71 29.1 31.03 31.76 32.21 31.51 35.4 37.29
-9999 -9999 -9999 -9999 -9999 -9999 -9999 -9999 -9999 50.19 51.32 50.78 50.44 52.58 60.21 66.21 54.03 51.97 50.51 51.27 49.53 48.64 46.68 47.05 53.64 53.5 49.7 47.58 45.45 43.21 40.99 40.61 38.72 35.96 35.33 34.09 33.9 36.32 38.3 41.34 37.08 35.5 32.78 31.09 32.67 33.55 32.62 34.24 35.29 35.9 36.29 39.8 45.44 40.35 38.21 38.61 40.77 40.95 39.29 35.8 37.34 35.4 35.94 37.66 32.83 32.13 30.53 29.76 29.12 30.04 29.54 28.71 29.63 29.59 29.82 33.67 35.69 34.82
-9999 -9999 -9999 -9999 -9999 -9999 -9999 -9999 49.5 50.16 50.26 50.29 49.69 53.24 56.77 54.68 52.51 50.48 50.41 49.18 49.3 49.26 55.65 64.33 57.28 51.82 46.76 47.54 44.89 41.98 41.5 40.99 37.8 36.88 36.79 35.94 35 36.04 35.95 35.49 34.44 28.56 28.47 30.78 30.92 34.1 34.45 33.68 33.56 36.02 42.38 47.79 48.55 46.58 47.5 44.4 38.53 34.95 32.24 32.28 30.87 29.46 31.11 31.44 29.59 29.08 29 29.02 29 29.29 29.5 27.15 27.04 28.13 32.17 34.82 34.5 35.48
-9999 -9999 -9999 -9999 -9999 -9999 -9999 -9999 49.35165 50.1 50.61 50.81 49.72 54.32 53.54 49.73 49.41 49.48 50.01 51.1 51.36 57.75 75.33 64.84 49.84 44.3 41.68 44.39 45.08 42.72 42.84 41.27 40.4 39.27 38.01 36.93 39.96 36.92 34.77 29.22 26.66 27.33 29.9 31.11 35.51 46.07 42.84 34.9 36.44 44.14 46.91 46.59 46.93 41.46 41.04 37.66 35.99 38.07 39.62 36.44 29.39 28.21 28.45 27.87 26.18 28.29 28.67 29 29 28.02 27.78 27.08 27.11 30.13 32.38 33.05 32.47 34.22
-9999 -9999 -9999 -9999 -9999 -9999 -9999 -9999 48.43 48.96 50.79 50.54 49.74 53.2 52.32 48.71 49.45 49.42 49.57 52.07 52.54 55.44 68.1 63.25 44.73 41.52 41.91 41.16 42.85 45.02 44.36 45.05 41.69 39.71 40.35 36.33 33.71 30.58 29.06 27.14 25.49 26.68 28.3 30.75 44.57 52.57 41.57 39.42 43.9 48.38 54.35 50.89 46.11 37.41 39.83 39.74 31.21 26.81 28.39 29.66 29.64 28.43 26.52 25.01 26.28 27.99 27.66 28.76 28.85 26.82 26.46 26.44 27.65 30.62 31.43 31.21 32.99 33.18
-9999 -9999 -9999 -9999 -9999 -9999 -9999 46.9589 46.8 46.29 46.91 47.57 49.13 52.01 50.87 50.76 49.66 50.78 55.45 59.09 59.9 51.46 47.82 45.2 43.92 41.85 40.34 39.35 39.64 39.84 36.5 34.61 39.98 34.26 31.24 29.5 28.45 28.66 27.07 26.39 24.95 24.37 29.75 39.83 33.74 40.18 52.15 50.84 49.34 34.77 40.52 36.87 28.86 24.85 27.13 23.41 24.58 25.89 27.41 28.58 26.04 24.84 24.91 25.27 27.55 27.66 26.6 28.2 28.05 27.07 26.33 26.67 27.26 28.5 29.6 30.57 30.6 30
-9999 -9999 -9999 -9999 -9999 -9999 -9999 -9999 43.20454 44.62 45.18 46.08 50.44 51.51 50 53.23 56.21 57.24 56.51 57.25 53.88 48.32 47.98 47.08 44.82 41.57 38.91 36.35 36.41 34.56 32.3 31.83 32.3 29.89 26.99 27.15 27.99 27.96 26.13 25.13 24.45 25.89 30.89 29.76 34.83 29.64 28.44 27.59 25.17 22.07 21.94 21.36 21.83 23.14 23.57 24.57 27.44 28.94 24.62 23.73 23.64 24.8 25.01 25.86 26.45 25.66 27.03 27.46 26.61 27.21 25.83 26.09 27.92 29.54 29.63 29.04 28.58 29.57
-9999 -9999 -9999 -9999 -9999 -9999 -9999 40.93333 42.17 42.73 42.97 48.62 51.65 51.03 57.4 60.56 56.67 52.55 51.96 49.58 46.99 50.44 46.49 47.49 41.19 38.6 37.88 35.98 35.65 35.68 33.92 30.7 29.12 26.79 26.02 26.26 25.97 24.77 24 23.91 23.5 24.55 25.15 25.81 25.75 22.13 21.61 21.07 21.04 21.03 20.52 21.8 21.14 21.25 21.91 23.67 23.34 22.58 22.01 22.7 23.33 24.74 25 25.08 24.83 24.6 25.55 25.31 26.33 25.81 25.22 25.88 26.31 27.08 27.32 28.41 29.94 30.55
-9999 -9999 -9999 -9999 -9999 -9999 -9999 40.08 40.92 41.31 42.24 49.25 48.87 50.19 55.19 53.2 50.56 49.75 51.62 50.66 50.12 46.77 40.43 40.54 39.68 36.99 35.63 34.46 34.11 33.15 31.04 29.67 29.89 27.79 25.85 25.14 24.42 23.65 23.67 24.23 24.98 24.03 22.47 21.49 21.25 21 21.02 21 21 21 21 21.39 21 21 21.58 21.35 21.46 21.59 21.68 23.08 24.49 24.82 24.92 24.77 23.96 24.66 24.62 24.05 24.46 25.1 26.64 27.76 28.98 28.99 29.22 30.56 31.06 31.69
-9999 -9999 -9999 -9999 -9999 -9999 36.84127 37.27 40.39 41.31 41.89 45.94 45.85 48.44 48.67 47.64 49.33 51.05 51.33 53.41 45.93 41.16 38.81 38.34 37.86 35.8 32.78 32.1 31.29 32.23 30.52 29.18 28.32 27.75 25.64 25.14 24.9 24.49 25.26 25.86 24.43 22.99 21.35 21 20.19 20.27 20.88 21.59 21.12 21.09 21.65 21.99 21.95 21 21.03 21.39 23.11 22.83 21.24 21.16 22.18 23.12 23.72 23.61 24.03 24.71 24.17 23.99 24.5 25.1 26.47 27.67 28.25 28.51 28.88 29.84 29.97 30.73
-9999 -9999 -9999 -9999 -9999 -9999 35.15306 35.3 37.87 41.13 43.26 43.16 42.14 45.24 44.49 44.62 45.13 46.58 48.99 47.83 42.39 39.56 39.12 38.2 35.77 32.22 32.06 31.48 31.7 30.23 29.68 29.22 27.93 26.93 25.59 25.59 25.09 25.24 24.09 23.08 22.45 21.32 21.88 21.84 21.73 20.49 21.57 22.31 21.37 21.62 21.83 21.88 21.29 21.97 21.36 21.84 23.05 23.62 23.46 23.64 23.71 22.48 23.79 25.62 26.13 27.04 27.43 26.8 25.6 25.64 25.42 25.61 27.16 27.74 28.15 28.31 28.79 30.04
-9999 -9999 -9999 -9999 -9999 34.10714 34.74 35.14 36.06 39.96 41.11 38.82 38.35 40.68 43.56 41.84 43.72 43.65 44.31 41.78 39.16 39.11 36.78 34.95 34.72 35 32.71 31.52 31.75 30.74 28.54 27.94 28.04 27.45 26.94 24.49 22.79 22.79 23.1 23.37 22.78 22.37 22.77 23.05 23.93 24.47 24.02 23.37 23.97 24 23.54 22.17 22.83 22.5 24.9 24.39 24.69 24.75 25.38 25.02 25.35 24.08 25.79 27.1 26.83 27.48 27.47 26.37 26.07 26.49 26.03 26.14 26.24 27.53 27.65 27.15 27.82 29.52
-9999 -9999 -9999 -9999 -9999 32.02439 32.46 35.49 37.91 43.7 40.07 38.67 36.69 36.45 39.44 39.06 41.38 42.48 41.97 39.29 37.4 36.16 34.93 35.22 34.57 33.82 32.03 32.45 31.05 30.25 28.93 28.4 28.04 28 27.06 25.39 23.35 22.54 22.34 22.17 22.15 22 22.23 22.32 22.88 23.37 24.54 25.21 25.56 27.63 25.84 26.42 23.88 23.67 27 26.91 27.91 27.36 27.97 27.53 27.67 26.11 26.41 27.77 27.84 27.37 27.47 26.79 26.21 26.39 25.97 26 26.1 26.71 26.18 26.13 26.77 27.46
-9999 -9999 -9999 -9999 -9999 30.17172 31.82 39.98 43.48 42.51 41.23 34.34 34.19 33.5 36.2 37.18 37.6 37.9 37.67 37.11 35.58 36.57 36.06 35.86 34.15 34.15 33.78 33.45 32.4 30.47 29.46 28 28 27.31 26.98 26.24 24.5 22.27 22 22 21.94 21.96 22.05 22.71 23 23.54 23.76 24.01 28.42 28.85 29.42 26.23 25.9 24.04 24.5 26.47 27.25 27.13 30.76 27.11 30.32 29.48 29.4 28.98 28.86 28.56 28 25.62 25.39 25.27 25.17 25.38 25.69 25.49 26 26 26.03 26.47
-9999 -9999 -9999 25.90476 26.54 29.17 33.3 37.53 36.7 33.69 32.54 32.28 31.42 32.25 32.63 32.5 32.98 33.05 35.1 35.54 36.15 36.08 36.11 35.97 37.06 35.69 34.41 33.89 33.33 31.39 29.98 29.14 27.4 26.01 25.91 25.55 24.03 22.99 22.53 22 21.96 21.96 22 23.13 23.35 26.67 25.17 25.15 27.93 30.12 25.1 23.84 23.28 23.86 22.26 23.1 22.64 23.2 24.87 24.44 26.14 25.66 25.1 24.86 28.51 30.89 29.36 26.88 25.62 25.89 25.04 24.98 24.73 24.23 25.59 25.99 26.06 26
-9999 -9999 24.67188 24.46512 26.3 28.03 30.52 29.2 30.09 31.32 30.28 30.32 31.82 33.95 33.6 33.62 33.01 34.37 34.95 34.92 35.01 35 35.23 36.52 38.62 39.81 37.58 35.33 33.36 31.6 30.89 30.12 27.68 27.47 26.28 25.09 24.77 23.16 22.06 22 22 22.03 22.23 22.66 22.89 25.11 26.14 25.27 24.16 23.93 22.91 20.93 21.71 20.87 21.11 20.87 22.27 22.04 23.2 24.89 26.14 26.74 24.79 25.86 26.65 26.8 28.07 26.37 25.23 26.09 27.22 25.33 23.19 23.08 24.13 25.09 25.84 25.99
-9999 -9999 25.28 25.83 26.23 27.06 27.81 27.48 28.7 28.97 28.79 28.64 31.48 32.44 32.97 33.04 33.46 32.81 32.84 33.58 32.57 33.16 33.71 34.62 36.39 40.22 38.96 33.84 31.15 30.76 29.89 28.5 26.68 26.81 25.36 25.25 25.49 23.05 23 22.3 22.02 22.21 22.4 22.01 20.71 21.16 20.28 20.61 20.33 22.02 21.27 19.7 19.87 19.72 23 21.75 21.93 23.1 22.16 22.78 23.26 22.69 22.78 23.88 25.68 25.65 24.95 25.06 26.31 26.08 27.85 24.64 23.31 23.25 23.17 23.97 24.82 25.29
-9999 -9999 25.24 25.7 26.39 30.72 26.51 27.07 27.52 27.21 27.86 29.46 30.51 31.42 32.28 30.37 30.52 30.34 31.43 31.92 31.04 31.88 33.61 33.81 34.01 34.27 33.96 32.54 30.4 29.01 29.2 26.44 25.71 25.3 24.97 25.11 24.83 24.29 23.33 22.26 24.47 22.76 20.79 20.56 19.02 19.11 18.55 19.03 18.51 19.19 20.03 19.88 19.42 19.55 21.18 23.48 22.3 22 21.98 22.15 23.95 22.94 20.93 21.97 23.92 24.18 23.17 22.39 22.56 24.16 23.24 22.25 22.97 23 23 23.57 24.65 25
-9999 25.70313 25.37 26.3 28.55 27.2 26.3 26.88 25.64 25.48421 27.01 28.49 30.04 31.03 31.48 32.06 29.42 30.56 30.35 30.16 30.14 30.61 31.51 32.38 32.24 32.13 30.9 30.21 29.24 27.9 26.98 25.33 25.37 24.71 24.31 24.18 23.36 23.01 23.51 22.06 21.69 20.24 19.96 19.33 19 18.09 17.96 17.54 17.4 18.05 18.93 18.94 19.94 20.54 20.6 22.01 23.27 21.96 21.62 23.22 24.09 22.96 22.4 21.38 22.58 22.89 21.47 21.05 21.3 21.78 22 22 22.39 23 23 23.03 24.19 25.03
-9999 26.64 26.34 27.65 29.06 27.75 24.28723 24.35556 24.55172 25.9 26.43 27.2 28.64 29.13 29.35 30.06 29.2 29.11 29.85 29.96 29.96 29.73 30 30.15 30.18 30.04 29.2 29.01 28.98 27.78 25.73 25 24.45 24.03 23.87 23.7 22.83 21.94 22.33 22.57 20.85 19.61 19.02 19.02 18.81 17.42 17.45 18.64 18.88 17.48 18.43 18.88 18.62 19.41 19.79 20.94 22.18 22.92 22.16 21.17 21.19 23.06 22.27 20.73 21.37 20.36 20.01 20.11 20.4 21.04 21.95 22 22 22.75 23.01 23.35 24.8 25.62
-9999 28.61225 30.21 30.11 31.1 27.7732 23.5443 23.53 24.08 25.46 26.36 26.22 26.29 27.23 28.08 28.9 29.37 28.03 27.84 29.35 29.95 30.15 30.01 29.94 30 30 29.96 29.56 27.91 26.67 26.09 24.83 24.19 23.99 22.67 21.46 20.76 20.43 21 20.85 18.68 18.23 18.65 19 18.83 18.58 17.56 17.41 17.5 18.4 18.4 17.74 19.08 21.66 20.23 20.87 20.91 20.44 19.99 22.24 20.82 21.04 21.72 20.45 20.57 20.1 20.01 20 20.05 20.51 21.75 22 22 22.57 23 24.22 25.96 26.52
-9999 31.03 31.65 30.41 27.05 25.08333 23 23.2 23.97 25.05 26.41 26.95 27 27.34 27.46 28.32 29.45 30 28.37 28.03 28.81 29.63 30.87 31.11 30.18 29.68 30.78 29.14 26.61 25.34 25.41 24.49 24.12 23.59 22.39 20.68 20.5 20.41 19.83 19.18 19.07 19.05 18.9 19.47 19.16 19.13 19.02 17.28 17.53 17.96 18.55 18.1 17.77 19.24 18.53 19.13 19.81 20.52 22.02 22.53 20.54 20.31 22.32 21.72 20.65 20.02 20.05 20.05 20.4 20.85 22.12 22.79 22.66 22.4 23.21 23.83 25.71 26.14
34.90123 33.2 31.81 29.49 26.5 -9999 -9999 24 24 24.19 25.17 26.45 27.26 27.29 27.75 28.53 29.84 30 28.18 28.95 28.29 28.91 29.36 30.71 30.97 28.31 27.02 25.82 24.44 24.77 25.37 24.65 24.05 23.99 23.14 21.54 22.02 21.4 19.7 20.41 20.45 20.49 20.22 19.77 20.57 19.27 19.06 18.44 17.94 18.66 19.08 19.08 18.51 16.6 18.29 18.49 18.41 18.19 20.27 20.51 21.84 20.94 20.74 21.4 21.48 21.22 22.27 21.28 20.42 20.44 21.32 22.24 22.34 22.62 23.23 23.46 24.31 25.94
32.48 30.76056 28.91892 28.05195 26.42222 24 23.93258 24 24.28 24.13 25.1 25.93 26.84 27.45 27.38 28.78 29.93 30.29 30.46 28.65 28.99 27.8 29.28 28.9 27.89 27.13 24.99 24.08 24.66 24.54 24.84 24.49 24 23.88 23.27 22.42 21.87 22.61 20.38 19.16 20.45 20.87 20.91 20.11 19.86 19.58 19.19 19.36 19.4 20.13 19.54 18.9 17.4 16.71 16.57 15.97 16.31 17.75 18.34 18.8 20.3 22.17 21.89 21.3 21.31 22.11 23.83 22.82 20.08 20.62 22.03 22 22.19 22.76 23.06 23.22 24.29 25.3
-9999 -9999 -9999 27.41892 25.61039 24.59524 24.07 24.03 24 24.41 24.79 25 25.82 27.54 28.22 28.4 29.46 29.97 30.15 29 28 26.18 26.25 26.74 25.88 24.84 24.78 24.02 24.46 25.14 26.05 25.61 24.37 24.08 23.6 22.75 22.74 22.8 21.84 20.14 21 20.67 21.1 20.84 19.78 20.04 19.83 20.5 19.69 18.76 17.37 16.88 16.62 15.94 18.44 16.28 17.4 18.99 18.65 19.2 19.86 21.61 21.83 21.55 21.87 21.79 20.69 20.32 22.7 20.51 22.43 22.55 22.49 22.91 23.33 24.75 24.98 25.46
-9999 -9999 -9999 -9999 26.1 25.51 25.92929 24.22353 23.5055 23.87912 24.61 24.12 24.25 26.47 27.18 27.56 28.13 28.13 28.01 28.29 26.72 26.11 25.04 25.1 25.26 24.44 23.51 24.26 24.09 25.13 25.76 26.87 27.1 26.12 25.27 23.39 22.88 23.06 22.74 21.47 19.9 21.55 21.09 20.7 19.79 20.38 20.72 20.01 19.39 18.14 18.15 17.92 17.98 17.34 17.53 16.57 16.52 16.88 18.45 21.43 22.99 21.73 20.81 20.33 18.52 19.55 20.66 20.32 20.27 22.18 22.16 23.53 23.97 23.16 23.2 23.68 24 23.5
-9999 -9999 -9999 -9999 27.92593 27.88571 -9999 23 -9999 23.05128 23.12 23.15 23.23 23.41 24.37 25.33 25 25 25.28 25.44 25.25 24.3 25.11 24.32 23.67 22.72 21.61 23.32 23.81 24.03 24.93 26.1 27.73 27.63 27.25 24.6 22.96 23.04 22.94 22.37 20.61 20.2 20.43 20.4 20.23 20.05 19.97 19.31 19.25 19.03 18.32 18.36 18.26 17.55 17.99 18.01 17.81 17.73 17.38 17.59 19.25 23.2 23.06 22.72 22.16 19.14 17.82 20.85 23.5 25.23 26.4 23.39 23.38 23.56 23.1 22.54 23.39 23.92
-9999 -9999 -9999 -9999 -9999 -9999 -9999 -9999 23 23.0102 22.68421 22.52 22.75 23 23.06 24.12 24.47 24.77 25.04 25.7 25.06 25.19 23.75 22.64 21.88 21.11 21.18 22 22.89 23.58 23.79 25.32 26.44 22.94 23.62 23.91 23.66 23 23.01 22.99 21.83 20.46 20.95 19.94 20.04 20.06 19.6 19 19 18.91 18.78 18.97 18.59 18.18 18 18.26 18.47 17.98 18.49 18.56 17.77 18.22 17.92 19.9 20.25 20.54 16.83 19.86 20.01 21.09 23.32 22.71 22.77 20.95 20.55 21.25 22.49 22.98
-9999 -9999 -9999 -9999 -9999 -9999 -9999 -9999 -9999 23.67 22.91 22.89 22.49 22.42 22.58 22.37 22.83 23.72 24.3 23.48 24.66 25.56 24.58 22.46 21.14 21 20.71 20.69 21.03 21.46 22.71 23.1 22.23 21.32 21.74 21.69 22.29 22.74 23 23 22.29 21.18 20 20.1 20.11 20.32 19.09 19 18.99 18.19 18.06 17.81 18.98 20.12 18.2 17.68 18.83 18.13 18.57 18.69 19.39 19.34 19.07 16.89 18.5 17.49 16.21 16.93 17.37 17.09 17.79 18.13 17.44 17.29 17.84 20.21 21.34 20.84
-9999 -9999 -9999 -9999 -9999 -9999 -9999 -9999 -9999 23.73 23.73 21.56 21.89 21.72 21.4 21.72 21.57 22.06 22.66 23.2 23.5 23.4 23.21 21.73 20.57 20.81 20.71 20.21 20.1 20.01 20.03 21.46 22.71 25.3 24.87 23.04 22.13 22.39 22.79 21.56 21.5 21.49 20.83 20.13 19.5 18.66 17.6 18.02 18.65 18.75 18.78 17.62 16.79 17.12 18.43 17.06 16.36 16.65 18.19 17.3 17.52 17.1 18.61 15.62 16.8 16.27 15.04 16.92 14.38 13.92 14.39 15.54 14.02 16.57 19.28 20 19.47 19.11
-9999 -9999 -9999 -9999 -9999 -9999 -9999 -9999 21.34615 23.01 24.66 22.08 21.01 20.62 20.89 20.13 20.09 20.44 21.65 21.34 21.34 20.73 20.48 21.17 21.26 20.03 19.97 19.93 19.95 19.51 20.19 21.03 22.35 23.62 24.01 24.95 24.49 23.61 23.31 22.4 20.19 19.06 19.54 20.87 19.95 18.91 17.73 17.12 16.89 17.22 17.24 17.7 18.36 17.28 15.53 15.92 15.17 14.53 15.07 14.63 12.64 13.01 13.67 13.5 13.88 13.8 14.14 12.68 12.31 12.26 13.9 13.07 13.66 15.73 15.94 16.59 18.49 20.65
