layers/wordclim/future/Iberia_wcB2a_10_hadcm3_2080/bio_01.asc
ncols         166
nrows         93
xllcorner     -9.4959440078468
yllcorner     36.000324005443
cellsize      0.083333337679505
NODATA_value  -9999
[rows 33 to 65 of 93, columns 0 to 72 of 166]
-9999 -9999 -9999 -9999 -9999 -9999 -9999 -9999 -9999 -9999 161.3721 157.23 155.69 155.02 155.59 155.14 149.42 135.72 128.51 133.29 134.48 134.7 143.46 152.67 145.21 140.87 150.42 162.85 168.03 161.59 161.5 164.9 157.93 156.32 155.32 155.42 153.87 151.84 152.13 152.82 151.66 151.6 154.04 154.58 154.85 155.19 156 156.32 156.34 154.76 154.65 154.57 154.42 154.4 154.76 154.14 155.17 156.06 154.54 153.26 152.21 153.5 154.64 154.33 149.26 142.72 120.16 110.42 129.07 142.28 147.41 149.34 143.34
-9999 -9999 -9999 -9999 -9999 -9999 -9999 -9999 -9999 -9999 162.8469 159.5 156.19 150.64 137.57 138.89 142.62 152.42 151.29 148.45 142.42 140.24 141.19 146.23 144.37 142.57 150.93 162.54 164.45 158.04 154.64 158.04 160.08 155.27 153.83 153.98 154.82 154.5 155.5 155.27 154.24 154.15 154.6 153.59 153.46 153.72 153.26 154.07 156.01 155.46 153.83 153.5 151.56 151.77 152.9 154.13 155.45 155.33 153.86 150.86 149.5 151.17 151.77 150.72 144.06 135.43 108.92 133.15 124.75 132.24 147.36 155.46 160.16
-9999 -9999 -9999 -9999 -9999 -9999 -9999 -9999 -9999 -9999 164.1573 163.04 159.43 145.42 151.66 147.28 149.7 160.4 158.17 153.15 149.55 148.68 149.46 148.09 148.39 144.86 153.36 160.41 159.4 162.03 156.81 154.16 156.81 157.77 154.7 153.37 153.78 155.83 155.41 155.38 154.76 153.28 152.85 151.23 150.09 148.81 149.8 155.55 154.81 154.53 154.44 152.42 149.78 147.56 148.43 151.74 150.09 152.41 150.39 147.98 145.39 145.77 145.85 138.36 118.01 116.53 107.14 117.79 141.72 155.38 159.29 165.73 163.63
-9999 -9999 -9999 -9999 -9999 -9999 -9999 -9999 -9999 162.7838 164.9239 164.69 163.83 161.65 152.87 156.04 153.7 159.01 155.36 154.44 157.96 158.5 158.35 155.48 155.18 157.4 158.73 157.56 154.55 155.57 156.61 152.96 155.19 156.4 157.59 153.15 153.65 156.31 155.27 153.9 153.25 153.11 150.38 147.67 146.84 151.52 155.43 155.08 153.86 152.3 150.58 147.44 141.6 141.7 139.67 138.84 139.74 144.72 143.2 142.26 133.9 135.18 131.12 129.77 135.46 146.29 148.34 155.25 157.97 155.12 165.34 170.92 166.39
-9999 -9999 -9999 -9999 -9999 -9999 -9999 -9999 -9999 163.5811 164.6289 166.65 167.9 163.88 157.1 146.67 143.75 159.17 162.29 162.97 162.72 160.05 157.15 160.62 164.26 161.58 158.59 145.88 148.98 152.49 152.08 152.82 153.74 158.05 160.73 160.42 157.51 153.98 152.37 150.64 148.46 146.4 148.86 151.73 152.52 153.24 153.66 152.82 150.12 145.68 140.8 138.36 131.73 131.43 133.83 138.18 143.76 144.98 141.08 136.42 132.42 129.26 131.7 127.21 147.04 159.72 154.65 157.14 167.56 169.89 173.37 174.47 168.83
-9999 -9999 -9999 -9999 -9999 -9999 -9999 -9999 -9999 164.73 165.36 168.25 170.06 168.2 156.91 144.18 164.8 166.44 167.89 165.25 166.05 165.47 166.4 161.19 142.29 137.44 144.12 144.92 147.7 150.48 153.12 150.57 154.5 159.26 159.9 161.12 159.56 149.94 143.98 135.47 144.83 147.89 154.81 156.43 152.47 150.92 153.43 149.92 144.82 143.98 142.89 134.31 123.63 134.59 139.8 138.31 133.7 133.54 137.61 147.3 143.78 150.76 150.58 146.98 159.3 163.87 169.33 171.71 174.98 172.26 174.84 175.44 172.36
-9999 -9999 -9999 -9999 -9999 -9999 -9999 -9999 165.4677 165.75 166.96 168.54 171.52 167.65 162.77 165.69 168.81 170.82 169.95 169.72 166.45 163.58 144.93 122.8 131.8 141.31 150.96 145.33 149.79 153.4 152.55 150.27 156.57 157.97 154.41 155.6 156.43 151.94 150.59 151.52 152.99 168.08 167.62 160.34 159.16 150.15 149.1 151.23 150.32 144.3 130.69 118.88 117.55 120.92 118.69 126.42 140.95 149.48 157.27 157.84 163.24 168.15 163.83 164.36 170.48 174.68 177.07 173 176.4 175.06 175.26 179.21 178.15
-9999 -9999 -9999 -9999 -9999 -9999 -9999 -9999 166.5165 167.2 168.23 169.25 172.33 167.09 168.72 173.88 173.41 172.38 170.32 166 162.96 143.36 105.96 122.11 150.55 162.96 163.85 153.8 150.12 151.78 148.85 149.48 150.97 152.5 153.71 153.56 145.05 151.68 154.84 169.36 175.2 172.6 163.63 160.21 147.52 125.02 131.02 148.38 143.48 126.45 121.04 120.9 120.49 130.9 132.55 141.07 146.73 142.69 138.93 146.24 168.91 172.83 174.33 177.26 181.72 178.61 178.47 175.54 175.66 179.8 178.28 179.3 178.88
-9999 -9999 -9999 -9999 -9999 -9999 -9999 -9999 166.96 167.8 168.7 171.78 174.23 168.9 170.34 175.37 173.31 171.94 170.09 163.22 158.04 147.66 120.48 126.67 163.92 169.33 165.52 162.4 155.56 147.8 145.63 141.45 147.52 151.17 147.91 156.4 161.25 168.95 172.38 176.7 181.37 174.56 169.43 161.93 128.44 113.71 133.43 138.47 128.9 118.72 107.56 113.86 123.54 143.03 137.44 139.54 161.66 175.28 170.48 166.32 167.94 172.44 180.27 185.14 181.68 178.92 180.41 177.94 177.14 180.53 181.59 182.42 178.05
-9999 -9999 -9999 -9999 -9999 -9999 -9999 164.7397 167.44 170.9 172.81 175.32 176.45 172.48 173.19 172.14 172.71 168.18 156.61 144.42 139.91 157.16 163.59 166.91 169.07 167.89 170.25 168.98 165.13 161.42 168.84 171.29 154.28 167.17 173.65 177.39 179.78 174.92 181.33 184.12 185.43 185.39 166.15 139.87 155.01 138.86 113.5 115.62 119.91 150.85 137.85 145.59 167.33 179.02 173.03 186.12 182.53 178.43 172.88 170.23 179.65 186.49 186.97 183.15 179.73 179.96 182.47 178.45 180.05 180.36 181.81 182.25 179.71
-9999 -9999 -9999 -9999 -9999 -9999 -9999 -9999 170.5568 171.83 173.79 175.81 173 173.03 175.03 164.26 156.71 152.94 153.12 148.17 153.74 164.74 162.89 161.86 165.33 170.38 176.51 175.97 174.3 176.73 179.95 178.61 176.28 181 186.26 185.37 182.19 181.01 185.28 186.6 186.56 180.54 165.1 165.09 151.28 166.29 169.18 172.01 179.31 191 191.26 191.19 188.78 185.45 184.41 182.05 172.7 168.36 182.56 187.07 188.83 187.3 184.2 181.69 181.65 183.82 181.75 181.92 182.91 179.83 184.35 183.26 178.07
-9999 -9999 -9999 -9999 -9999 -9999 -9999 169.1467 169.44 172.04 174.73 169.88 168.05 170.67 154.83 145.91 153.84 160.4 160.63 164.24 168.64 158.32 165.99 161.06 173.99 179.06 178.89 179.89 177 174.86 176.33 183.94 186.2 189.87 189.76 187.56 187.63 189.35 191.89 192.15 188.67 184.2 181.26 179.15 179.62 189.24 192.1 195.67 195.6 195.26 194.62 192.84 191.28 190.58 188.47 184.35 186.16 189.75 190.45 189.68 188.92 187.32 184.97 184.23 185.53 187.12 184.74 186.91 184.03 185.18 186.66 184.03 182.32
-9999 -9999 -9999 -9999 -9999 -9999 -9999 169.16 168.92 171.25 173.05 165.36 168.49 167.84 159.02 162.21 167.5 165.82 159.86 159.84 160.11 166.25 178.41 177.51 178.57 182.02 182.41 184.04 182.96 182.7 184.99 187.09 184.61 188.96 190.06 190.88 191.96 193.36 193.49 189.3 186.07 187.87 192.51 195.53 196.33 196.94 196.82 196.76 196.76 195.92 195.05 194.06 193.64 191.57 189.75 191.9 191.69 191.45 191.17 188.33 185.48 185.39 186.59 188.48 189.27 187.58 188.06 189.77 188.85 186.39 181.25 177.34 174.8
-9999 -9999 -9999 -9999 -9999 -9999 169.1746 171.25 169.14 169.13 171.53 168.23 170.63 167.76 168.88 171.1 167.14 161.56 158.34 152.96 167.43 178.04 182.28 181.2 181.03 183.9 189.9 189.57 188.87 185.79 187.15 188.62 189.66 188.84 190.64 190.76 190.1 190.21 187.35 183.64 187.58 191.4 195.7 197.61 197.17 197.13 196.74 193.56 195.84 195.61 193.79 191 193.11 192.18 193.56 191.3 186.43 188.31 189.96 191.91 191.04 189.76 189.61 190.91 188.89 187.95 189.01 188.98 187.32 185.61 181.48 178.2 176.42
-9999 -9999 -9999 -9999 -9999 -9999 168.2245 170.81 170.39 168.1 166.38 168.94 173.25 169.99 172.97 173.35 173.5 170.72 164.27 163.96 176.14 181.24 182.13 182.09 186.5 191.16 190.67 191.1 187.94 189.26 189.41 189.36 190.42 191.93 192.6 190.71 189.52 187.54 190.17 192.76 193 194.69 193.36 193.93 193.87 196.78 193.7 191.21 194.99 193.46 192.6 192.01 194.96 191.6 191.28 189.4 185.23 185.37 186.51 185.71 186.31 190.49 186.9 182.74 182.17 180.36 179.55 181.26 182.8 182.84 183.24 182.09 179.33
-9999 -9999 -9999 -9999 -9999 166.1429 166.38 168.22 170.16 167.04 168.04 172.86 176.31 174.69 171.66 175.9 173.08 174.03 173.12 177.73 183.33 183.19 186.3 188.76 188.62 187.7 188.61 190.38 188.72 189.85 192.41 192.1 189.11 188.74 189.87 193 196.08 194.11 192.49 190.72 191.1 192.41 190.65 189.36 185.95 184.05 184.82 187.12 185.52 183.73 185.52 188.52 187.03 186.34 179.5 181.13 180.21 180.09 178.23 180.25 179.99 182.35 179.8 176.65 179.39 176.56 176.97 177.75 178.52 178.9 180.28 180.17 180.19
-9999 -9999 -9999 -9999 -9999 166.8415 168.95 167.15 165.11 159.03 167.79 172.79 176.93 179.34 176.12 177.96 175.42 173.58 175.46 181.61 185.64 187.76 189.84 188.26 187.85 188.87 190.56 188.37 190.97 191.67 190.49 189.7 188.52 187.7 187.04 190.3 192.82 194.39 194.18 193.63 193.34 193.98 192.55 191.36 189.15 187.08 183.99 180.46 179.4 172.13 178 177.14 183.03 184.25 171.98 172.24 169.83 171.04 170 171.66 171.93 177.84 177.54 173.82 172.69 174.43 174.09 175.28 177.43 177.58 179.64 178.99 179.27
-9999 -9999 -9999 -9999 -9999 167.2828 168.01 158.96 156.66 160.26 164.22 177.24 180.17 181.51 179.21 179.02 180.04 180.6 182.19 183.44 186.72 185.26 186.57 185.78 188.2 187.54 187.75 185.42 186.29 189.99 193 191.59 190.55 190.91 190.08 190.09 190.91 194.76 193.94 194.72 195.67 194.22 192.84 190.54 188.6 185.86 185.41 183.8 170.06 169.01 166.43 176.99 177.01 182.67 180.7 173.75 171.51 171.15 161.17 172.3 162.91 166.26 167.29 168.7 168.33 169.13 171.78 177.39 178.64 178.75 179.47 179.8 179.81
-9999 -9999 -9999 166.0952 168.4 167.13 163.8 160.57 164.55 172.18 176.77 180.41 182.76 182.31 183.82 185.68 186.26 187.4 184.51 184.45 183.4 184.22 184.7 184.33 182.44 184.5 185.69 185.9 184.08 186.16 190.37 191.87 192.76 193.52 193.23 192.64 191.86 190.51 192.03 192.31 194.39 193.83 192.69 189.17 187.11 176.57 181.1 181.24 171.58 165.21 179.64 184.7 186.5 185 189.29 187.22 186.57 182.83 177.54 179.26 174.86 176.49 178.08 178.79 167.94 161.78 166.07 172.33 176.27 176.09 179.08 180.34 180.71
-9999 -9999 164.375 166.9535 167.39 167.37 166.34 171.9 173.91 175.47 180.03 182.86 182.68 179.3 180.9 182.48 184.28 182.82 182.91 184.34 185.35 185.17 184.57 183.64 177.81 174.03 177.2 180.22 183.32 185.16 185.93 187.07 190.82 188.62 190.43 193.1 193.62 192.86 192.32 191.62 192.55 191.64 189.98 189.56 188.85 181.18 178.05 180.37 183.27 184.43 186.52 192.52 189.97 192.8 192.85 192.95 189.88 186.53 182.74 176.68 173.74 171.97 179.06 175.62 172.5 172.25 168.65 172.27 175.53 173.81 171.68 177.83 181.91
-9999 -9999 163.38 164.99 167.1 168.5 170.88 174.76 175.93 178.58 182.09 183.47 181.06 180.96 180.86 181.52 182.87 184.63 185.76 186.05 188.01 187.54 187.55 186.45 182.56 172.18 173.58 183.23 188.8 188.47 188.94 191.64 193.02 190.48 192.33 191.6 190.82 193.72 192.04 189.76 190.61 190.99 189.71 192.72 195.94 193.53 196.06 194.99 194.69 189.85 190.83 195.95 195.32 195.76 187.47 190.45 189.93 185.84 185.95 183.57 182.81 185.87 186.24 181.73 174.21 174.87 177.27 176.15 172.38 173.58 169.55 178.97 183.26
-9999 -9999 165.31 166.42 167.73 163.3 172.69 175.11 177.51 181.23 183.05 181.67 181.88 182.34 182.61 182.61 184.33 186.89 185.6 186.82 189.05 188.45 186.56 186.85 187.26 185.54 183.98 185.99 190.27 191.74 189.73 193.53 193.5 192.63 192.26 191.19 190.99 191.57 191.33 191.13 185.98 190.28 197.33 197.55 198.96 198.53 199.39 198.17 199.61 197.81 194.72 195.08 196.31 195.51 190.76 185.24 187.62 188.09 188.95 185.05 179.2 183.51 188.28 186.86 178.99 178.29 180.97 183.64 183.39 179.45 182.69 185.94 185.62
-9999 165.7969 166.91 166.79 165.08 170.11 175.59 176.78 180.51 183.1263 182.67 182.47 182.16 182.36 183 183.77 186.6 186.1 186.45 188.63 189.18 188.89 188.75 186.97 187.73 188.26 189.96 189.98 192.34 194.54 193.25 195.24 193.9 193.92 193.53 193.83 195.24 195.14 193.05 194.26 195.75 200.12 200.56 201.32 202.29 201.34 201.52 201.52 201.15 200.08 197.56 197.39 193.75 191.97 191.4 188.18 183.71 188.35 188.82 182.99 179.93 182.08 183.92 185.93 182.33 180.82 184.56 186.39 186.74 187.05 186.68 186.37 185.89
-9999 165.03 166.38 165.85 165.64 170.32 178.7234 181.0667 182.8506 183.11 182.54 182.91 182.92 184.3 185.52 185.66 186.68 186.8 187.31 187.67 188.84 189.19 189.4 189.98 189.54 189.49 191 193.12 192.75 193.96 196.46 196.3 196.63 196.68 196.56 197.24 197.83 198.48 197.35 196.06 198.21 201.9 202.54 202.88 203.32 203 202.13 198.25 196.9 200.83 198.61 196.64 197.37 194.59 192.84 190.15 186.67 185.35 187.97 189.33 189.18 181.87 183.42 188.4 183.92 186.89 187.12 186.92 187.4 187.47 187.09 186.9 186.34
-9999 162.8367 161.55 163.56 163.91 171.8969 180.8354 182.85 183.41 183.72 184.12 185.24 186.48 186.28 186.21 186.83 187.32 188.39 188.4 186.02 186.46 186.26 187.2 187.89 188.26 188.21 187.06 189.09 194.22 195.75 196.86 196.73 196.92 197.71 197.9 198.61 199.11 199.69 198.96 198.93 202.54 202.88 203.27 202.82 202.16 201.98 201.68 201.28 200.26 197.97 197.82 199.89 195.53 187.73 191.38 189.36 189.49 190.27 190.7 186.37 189.6 188.9 186.77 188.66 186.01 187.91 186.89 187.02 187.74 187.74 187.46 187.27 186.22
-9999 161.75 161.32 165.29 173.73 178.2167 183.1728 183.73 184.19 184.14 183.71 184.27 184.85 184.55 186.31 186.05 185.89 186.26 186.48 185.82 186.33 185.95 182.69 182.89 185.35 187.55 184.81 188.03 194.71 197.09 196.79 195.75 195.94 197.7 198.64 199.12 199.24 198.89 200.1 201.84 201.3 201.23 201.59 199.54 199.52 199.13 198.42 201.17 199.62 198.67 197.49 198.51 199.33 194.14 196.7 194.33 191.42 189.57 185.55 184.86 189.14 189.84 185.33 186.72 189.06 188.63 188.67 188.35 186.85 186.67 186.19 182.45 184.06
160.1728 160.41 162.93 169.87 178.7872 -9999 -9999 184.14 184.32 184.46 184.74 184.45 184.32 183.59 183.91 183.5 182.45 182.56 183.48 183.18 184.27 184.13 184.62 181.71 181.64 188.33 191.12 193.78 196.03 195.79 194.7 194.06 194.8 195.6 196.39 196.83 196.21 196.6 199.26 197.78 197.23 196.6 196.52 197.44 193.33 197.52 197.34 200.02 197.99 196.48 194.58 194.63 195.3 200.9 195.57 194.84 194.98 195.73 189.67 189.16 186.36 188 188.47 186.9 186.05 185.93 182.41 185.14 187.86 187.84 187.99 186.4 186.11
166.68 167.6761 170.7027 175.2208 180.1333 184 184.3371 185.12 184.92 184.57 183.84 183.97 184.08 184.2 182.65 180.61 179.03 178.79 180.09 181.28 182.02 183.94 181.76 183.29 186.82 187.62 193.98 195.21 193.64 193.87 193.01 192.88 193.83 194.59 194.87 196.08 195.82 195.1 197.2 199.4 197.11 194.07 193.01 195.35 195.62 195.63 196.82 194.95 194.47 191.23 192.69 194.18 198.18 199.98 198.91 200.17 199.44 196.55 194.57 192.87 188.52 184.86 185.89 187.24 187.6 184.72 180.73 182.94 189.74 188.71 186.42 187.34 186.78
-9999 -9999 -9999 177.7297 181.2338 183.3214 183.67 184.51 185.17 185.37 185.03 184.73 184.26 181.69 179.42 179.28 177.89 177.25 178.53 182.19 183.88 185.84 186.76 186.46 189.14 192.26 193.2 194.44 192.12 190.3 188.88 189.53 191.68 192.14 192.64 194.15 193.75 193.46 194.51 197 194.88 193.57 191.48 191.52 195.18 192.12 192.66 190.07 192.44 195.5 197.57 198.62 199.08 198.73 193.83 198.84 196.36 191.92 192.3 190.58 189.1 186.31 185.5 186.62 185.54 185.79 188.46 189.98 184.97 190.09 186.2 186.6 186.17
-9999 -9999 -9999 -9999 179.86 180.8 180.202 183.9882 186.3956 186.4396 184.65 185.62 185.22 181.71 180.95 180.47 178.13 179.49 181.77 182.6 184.7 186.76 187.17 186.83 188 191.52 194.46 193.23 191.84 188.7 187.42 185.62 182.73 185.91 184.44 191.01 191.92 190.21 191.59 194.09 196.55 189.68 190.66 192.01 194.21 189.22 187.31 190.59 192.62 196.68 196.36 195.62 195.27 196.67 196.75 197.85 198.35 197.77 193.3 184.5 180.71 184.7 186.66 187.84 193.04 191.54 188.95 190.48 191.35 188.17 187.24 185.93 184.11
-9999 -9999 -9999 -9999 176.2469 175.9143 -9999 185.6471 -9999 186.8333 186.43 186.2 185.83 186.1 183.79 183.09 183.7 183.36 183.26 183.54 185.7 187.63 187.27 188.21 189.74 192.68 194.67 193.2 192.07 190.36 187.65 184.49 179.3 178.95 180.02 184.93 190.27 186.72 188.39 190.9 194.42 194.19 192.17 190.26 191.42 189.71 190.84 193 192.26 192.22 194.56 193.38 193.36 195.61 194.16 193.5 193.7 194.45 195.52 194.61 189.88 179.89 180.84 181.82 183.73 192.63 196.88 188.8 182.57 178.04 176.62 185.21 185.44
-9999 -9999 -9999 -9999 -9999 -9999 -9999 -9999 185.8036 185.7857 186 187.48 187.12 185.81 186.51 182.84 183.32 183.72 183.23 181.13 183.88 185.82 188.22 189.62 191.92 194.28 193.45 193.08 192.38 189.59 188.68 184.29 181.9 190.12 188.4 188.25 186.32 186.69 186.75 186.85 189.99 191.67 189.53 191.98 190.85 191.17 192.3 191.66 190.99 192.11 191.77 189.83 191.25 192.34 192.42 191.37 190.91 192.17 191.39 191.27 193.42 192.56 194.34 189.49 188.53 188.88 200.22 191.68 191.45 189.47 184.28 187.37 187.82
-9999 -9999 -9999 -9999 -9999 -9999 -9999 -9999 -9999 184.71 183.85 184.73 186.69 187.25 188.24 186.37 184.96 183.46 183.05 184.13 183.14 181.59 185.99 189.99 192.21 194.16 193.73 193.79 192.46 192.05 189.79 187.82 190.54 192.03 191.14 191.29 189.22 187.66 186.07 185.45 185.81 187.33 188.33 189.37 190.25 190.43 192.57 190.83 190.77 194.05 193.98 194.04 189.92 186.3 191.93 193.34 190.47 191.41 190.88 190.85 189.2 189.9 190.9 198.39 193.41 196.38 201.76 200.51 199.56 200.92 199.79 199.07 202.25
