layers/wordclim/future/Iberia_wcB2a_10_hadcm3_2080/bio_07.asc
ncols         166
nrows         93
xllcorner     -9.4959440078468
yllcorner     36.000324005443
cellsize      0.083333337679505
NODATA_value  -9999
[rows 33 to 65 of 93, columns 0 to 72 of 166]
-9999 -9999 -9999 -9999 -9999 -9999 -9999 -9999 -9999 -9999 195.8372 208.18 218.24 227.84 235.78 242.25 247.28 247.25 248.74 256.02 259.34 263.64 274.26 283.5 280.69 279.86 289.99 299.31 303.49 304 307.47 310.98 312.92 314.27 318.39 321.29 325.14 328.17 330.08 334.41 336.89 339.19 342.79 344.46 346.2 348.43 349.4 348.37 347.2 347.93 349.68 348.78 350.11 350.12 349.94 350.71 350.08 349.97 348.7 347.51 347.13 345.89 344.75 343.27 341.1 341.23 339.39 339.11 341.56 343.15 344.07 343.61 344.37
-9999 -9999 -9999 -9999 -9999 -9999 -9999 -9999 -9999 -9999 190.9388 204.44 216.82 228 231.65 237.85 244.82 254.28 260.05 264.33 264.03 265.63 270.18 276.71 277.47 279.62 287.98 297.92 302.12 301.03 303.29 307.77 312.71 315.24 316.88 321.4 324.79 328.09 331.49 334.54 337.31 341.03 343.85 345.72 346.77 348.68 348.39 348.11 348.55 349.84 349.96 351.37 351.58 351.68 351.47 351.21 350.48 350.85 349.9 348.77 347.5 346.25 344.87 343.49 342.26 341.7 338.67 342.02 341.61 343.21 344.77 345.67 345.37
-9999 -9999 -9999 -9999 -9999 -9999 -9999 -9999 -9999 -9999 187.0112 200.13 214.68 226.53 233.91 239.77 246.41 255.4 261.91 264.5 266.63 269.41 273.75 276.41 278.09 278.86 288.5 295.27 298.33 302.31 302.93 305.99 310.41 315.08 316.52 320.29 323.99 328.76 332.28 334.18 338.21 340.53 342.97 344.65 346.68 347.01 348.94 350.4 349.56 350.85 351.91 352.32 353.11 353.07 352.67 352.69 352.03 351.43 350.53 349.4 348.93 347.71 346.5 344.7 341.31 340.64 340.19 342.08 344.99 345.88 346.92 348.15 347.87
-9999 -9999 -9999 -9999 -9999 -9999 -9999 -9999 -9999 171.6757 184.4891 198.84 212.66 224.93 233.88 242.53 247.03 254.9 259.84 264.1 269.28 274.12 277.16 279.15 281.37 285.08 289.92 292.91 293.86 297.5 301.32 304.06 309.58 313.64 317.82 319.77 324.41 328.37 331.66 335.52 337.67 340.43 341.89 343.7 345.92 348.37 349.91 350.79 351.31 351.35 352.76 353.95 352.82 352.93 352.85 352.58 351.58 352.82 351.88 350.69 347.96 347.26 345.98 345 345.16 346.09 346.18 347.08 347.79 348.18 350.3 351.57 349.9
-9999 -9999 -9999 -9999 -9999 -9999 -9999 -9999 -9999 172.1487 185.7526 199.3 212.28 226.3 235.4 240.71 244.39 255.62 261.43 265.08 270.03 273.35 274.89 280.25 286.28 286.07 287.75 282.5 288.4 295.12 298.71 302.71 308.1 313.53 319.15 322.32 324.96 327.8 331.58 334.51 335.64 338.98 342.22 345.6 347.81 349.83 351.56 351.81 351.69 352.58 352.42 353.03 351.67 352.75 353.04 353.61 355.1 354.74 352.32 350.62 349.22 347.69 347.6 346.21 348.01 349.27 348.54 348.79 350.44 351.57 353.71 355 353.82
-9999 -9999 -9999 -9999 -9999 -9999 -9999 -9999 -9999 177.97 190.54 202.98 215.47 228.1 236.95 238.8 251.96 257.77 262.84 266.29 270.4 274.83 278.44 279.08 269.32 267.58 275.17 280.3 287.02 292.75 298.28 301.79 307.68 314.34 318.37 322.22 325.27 327.01 328.61 329.38 336.45 339.4 343.78 346.96 348.02 349.76 352.01 353.39 353.14 353.39 354.47 353.08 352.26 354.3 355.13 355.81 354.5 353.87 353.76 355.78 353.83 353.83 353.11 351.67 352.57 353.08 353.16 352.88 352.46 352.95 356.01 358.59 357.9
-9999 -9999 -9999 -9999 -9999 -9999 -9999 -9999 176.3387 184.91 196.85 209.59 220.65 232.09 240.75 247.46 253.43 258.47 263.88 267.41 270.3 273.22 264.3 250.96 259.86 269.33 279.64 279.52 287.53 293.78 297.18 300.92 307.93 313.56 316.01 321.26 324.25 327.46 330.61 334.8 338.48 344.54 346.55 347.82 350.11 350.15 351.54 354.23 355.55 354.87 352.98 352.17 352 352.74 353.55 354.79 356.99 358.87 359.51 359.25 359.34 359.56 357.08 356.42 356.54 356.24 355.68 354.48 354.9 354.31 357.67 363.12 362.7
-9999 -9999 -9999 -9999 -9999 -9999 -9999 -9999 181.011 191.25 203.41 216.51 227.31 237.33 245.19 250.51 255.91 260.21 263.75 266.06 268.11 259.01 243.56 251.16 273.7 285.27 288.68 285.42 287.38 292.41 294.58 300.17 305.23 310.96 316.39 320.5 321.36 327.18 331.67 339.06 343.02 345.39 347.37 348.18 348.53 345.24 348.45 354.36 355.42 353.39 352.89 354.31 353.73 356.5 357.27 358.72 360.25 359.31 358.4 358.94 362.08 362.15 361.98 361.43 360.36 358.98 358.37 356.92 356.07 358.95 360.24 363.69 364
-9999 -9999 -9999 -9999 -9999 -9999 -9999 -9999 185.75 197.07 209.9 222.05 233.36 242.04 248.42 253.47 258.11 261.44 264.2 264 264.4 261.51 251.01 255.71 282.53 289.09 289.38 291.18 290.76 289.84 293.75 296.58 303.64 310.31 314.49 321.27 327.6 332.09 336.12 340.82 344.02 345.92 349.22 350.46 345.93 344.57 350.67 352.96 353.06 352.92 351.58 354.52 356.6 360.1 359.54 359.66 363.68 365.61 364.81 364.36 364.25 364.55 364.67 364.66 363.7 362.97 361.44 360.23 359.87 361.88 363.2 364.91 365.12
-9999 -9999 -9999 -9999 -9999 -9999 -9999 181.1644 189.71 198.75 210.71 222.92 235.09 244.97 250.3 254.23 258.77 259.75 257.51 252.62 252.69 267.75 275.64 280.58 285.72 287.95 292.25 295.16 296.9 298.94 306.22 310.65 306.98 316.92 323.64 327.92 332.49 334.8 338.99 342.15 344.93 347.44 348.75 346.26 351.99 351.22 347.51 349.3 352.26 359.59 359.26 361.34 365.67 366.96 366.32 367.47 367.78 367.76 367.53 367.14 367.79 367.77 367.47 367.21 366.62 366.11 365.78 364.88 364.12 364.83 365.24 366.2 366.63
-9999 -9999 -9999 -9999 -9999 -9999 -9999 -9999 190.0227 201.44 213.14 225.35 238.54 246.22 251.05 249.76 250 251.27 255.28 254.86 261.17 272.13 275.03 277.27 283.47 289.4 295.54 299.22 302.09 306.16 311.34 315.03 316.34 321.73 327.25 329.87 333.48 336.47 340.98 343.17 345.73 348.93 349.26 352.14 352.32 356.93 359.38 360.86 362.18 364.14 366.09 366.93 368.36 368.82 369.17 370.72 369.53 368.78 369.93 369.96 370.22 370.35 370.32 370.24 369.77 369.65 369.06 368.84 368.84 368.93 368.87 369.33 368.32
-9999 -9999 -9999 -9999 -9999 -9999 -9999 182.6933 192.57 202.98 213.8 226.37 235.83 243.75 240.44 239.91 248.13 255.1 258.63 262.8 269.66 267.92 275.72 276.66 288.87 294.17 296.96 301 303.5 305.37 310.19 317.04 319.66 324.29 328.33 330.87 334.95 338.26 342.37 345.07 346.3 350.08 352.57 354.73 357.5 359.85 361.96 363.74 364.44 365.24 367.29 368.24 369.81 370.32 370.55 372.48 372.78 371.68 372.14 372.26 372.37 373.81 373.94 373.12 373.1 373.12 372.79 372.35 372.01 371.99 371.04 371.29 371.44
-9999 -9999 -9999 -9999 -9999 -9999 -9999 182.8 193.81 203.96 214.52 225.55 234.01 240.28 241.73 247.84 254.33 257.05 257.35 259.9 264.23 272.13 282.16 286.66 291.44 294.64 298.47 302.86 306.24 308.96 313.76 318.45 319.72 324.86 328.08 332.2 336.24 339.22 342.21 346.03 348.29 350.38 353.61 356.27 358.66 360.58 362.81 364.76 365.49 367.63 368.66 369.35 371.02 371.77 372.68 373.85 374.43 374.88 375.03 374.68 375.07 375.54 375.79 376.05 376.29 376.16 375.83 375.28 374.87 374.71 373.62 373.82 373.69
-9999 -9999 -9999 -9999 -9999 -9999 174.4603 182.56 194.06 204.66 214.39 222.46 230.76 237.34 243.23 249.03 251.89 253.93 256.12 255.61 267.57 277.33 283.11 288.25 293.01 296.44 300.5 304.46 307.41 310.48 314.8 318.27 322.6 325.51 329.01 333.09 336.01 339.79 342.53 346.24 349.38 352.33 354.69 357.51 359.46 361.67 364.55 366.47 367.42 369.54 371.47 371.26 372.79 373.7 374.02 375.94 376.57 377 377.18 377.37 376.83 377.44 377.87 378.29 378.84 378.96 378.58 378.03 377.54 376.21 375.91 375.84 375.87
-9999 -9999 -9999 -9999 -9999 -9999 173.6327 183.03 193.52 203.59 213.4 220.94 228.64 235.77 242.16 247.55 252.55 255.76 256.96 260.36 270.48 276.44 282.34 287.62 292.5 297.33 300.6 304.96 307.05 311.59 315.85 319.05 323.34 326.77 330.06 333.98 336.6 340.25 343.68 347.7 350.68 353.31 356.05 358.62 361.08 363.44 365.96 366.97 368.85 371.11 371.91 373.94 373.4 375.56 376.26 376.7 378.54 379.13 379.66 380.18 380.58 379.57 380.42 380.93 381.33 381.24 380.92 380.57 380.09 378.75 378.38 378 377.89
-9999 -9999 -9999 -9999 -9999 166.5179 174.59 184.3 192.67 203.27 212.34 219.17 226.77 234.16 240.32 245.99 250.62 255.35 259.19 264.84 270.4 275.68 281.7 287.46 291.74 296.1 299.6 303.52 307.42 312.13 316.09 320.54 324.02 325.91 330.62 333.97 338.39 342.19 344.95 347.83 351.58 354.6 357.04 360.08 362.29 364.92 366.33 368.55 370.94 373.07 373.71 375.79 376.81 377.48 378.18 379.08 380.92 381.47 381.64 382.26 382.71 383.1 382.48 382.7 383.14 382.68 382.84 382.6 382.41 380.88 380.44 380.07 378.69
-9999 -9999 -9999 -9999 -9999 165.3171 174.02 183.84 194.06 204.58 210.85 218.2 225.17 232.49 238.1 243.65 248.74 252.86 257.65 264.49 269.72 275.54 281.06 285.23 290.22 295.29 298.48 302.23 308.07 311.91 316.34 320.57 323.82 327.92 331.08 334.76 339.07 342.09 346.09 348.82 351.98 355.64 358.43 361.31 363.69 365.41 367.59 369.83 372.39 373.62 375.26 377.47 378.52 378.14 379.51 380.58 380.75 382.21 382.57 383.57 384.01 385.33 385.71 384.59 384.55 384.83 384.7 384.73 383.41 382.96 382.67 381.94 380.42
-9999 -9999 -9999 -9999 -9999 165.0202 173.92 187.16 196.99 204.41 210.66 215.85 222.91 229.79 236.63 242.48 247.91 252.85 257.97 262.65 268.79 273.71 278.34 283.03 288.97 292.81 296.76 300.79 305.52 311.96 317.78 320.92 325.12 329.61 331.69 335.67 338.6 343.32 345.98 350.04 353.01 355.75 359.78 362.49 365.03 367.77 369.03 371.51 372.98 373.85 375.52 377.91 379.65 380.92 381.97 381.99 382.3 382.99 382.33 385.59 384.54 385.57 385.96 386.51 385.62 385.77 386.21 385.7 385.39 384.97 384.47 383.77 382.19
-9999 -9999 -9999 147.0476 154.8 166.12 176.98 187.95 195.57 201.33 207.8 214.77 222.02 229.13 235.18 240.94 246.45 252.33 257.19 261.87 267.06 271.29 276.5 280.59 283.3 289.48 294.69 299.72 304.56 311.19 316.98 322.37 327.02 330.51 333.47 337.54 340.25 344.05 347 350.07 354.29 357.24 360.1 363.46 366.52 368.57 370.34 372.05 373.29 374.73 377.57 379.55 380.41 382.52 382.22 384 384.48 385.6 386.49 386.94 387.17 388.58 389.1 389.63 388.5 385.89 386.39 387.01 387.28 386.64 386.11 384.24 383.4
-9999 -9999 137.5156 146.093 157.19 167.09 178.06 185.61 193.01 200.5 207.6 214.48 221.76 228.97 235.06 240.07 245.61 251.64 255.28 260.91 265.57 270.8 275.24 277.99 278.95 280.67 288.28 296.39 304.67 310.72 316.7 322.24 327.11 330.82 334.56 338.01 341.97 344.56 348.56 351.53 354.48 358.59 361.11 364.22 366.55 368.98 371.33 372.85 375.38 377.16 379.11 380.67 381.84 382.64 383.42 383.85 384.77 387.13 388.11 388.44 388.31 388.78 390 390.09 389.83 389.98 388.2 388.57 388.94 388.12 387.43 385.76 384.65
-9999 -9999 141.04 150.59 160.64 169.79 179.04 187.07 194.45 201.27 208 215.25 221.55 227.93 233.65 239.16 245.16 250.41 255.27 260.88 265.78 270.94 275.08 279.39 281.37 279.46 286.57 298.89 308.03 313.71 319.61 324.55 329.15 331.94 335.33 339.13 341.86 346.01 348.88 351.83 355.83 358.68 361.56 365.22 368.02 370.51 371.7 373.32 375.92 378.24 379.86 380.52 382.86 383.6 383.99 385.6 386.41 387.67 389.28 389.74 390.37 391.12 391.37 391.67 391.71 391.74 392.16 390.89 389.95 389.46 387.76 387.03 385.61
-9999 -9999 145.27 155.25 164.13 176.14 181.98 188.98 195.6 202.41 209.06 215.62 222.24 228.07 233.94 239.13 245.1 249.23 254.96 259.7 265.79 270.18 274.6 280.02 284.76 288.27 293.73 301.33 310.65 317.18 320.88 327 330.17 334.02 336.87 339.68 343.27 346.31 349.32 353.25 355.54 359.65 362.73 365.5 367.79 370.38 371.87 374.33 376.27 377.54 380.1 382.5 382.92 383.92 385.15 386.41 388.07 388.67 388.97 390.1 391.01 392.44 392.25 392.63 393.34 393.27 393.37 392.95 391.42 389.34 388.2 387.18 386.4
-9999 145.9844 151.52 161.4 171.33 178.42 184.29 192.22 197.54 204.6 210.16 216.7 222.98 228.74 234.07 239.25 244.26 249.19 253.95 260.15 264.88 270.5 275.7 279.9 286.13 291.95 298.7 305.8 312.96 319.79 324.69 328.36 332.06 333.67 337.44 341.07 344.14 346.94 350.64 353.5 357.36 360 362.72 364.99 367.6 369.39 371.71 373.8 376.13 378.67 380.07 382.32 383.41 385.57 385.53 387.66 388.67 388.82 390.1 391.52 392.38 392.48 392.64 393.06 394.89 394.95 394.55 392.95 391.71 390.75 388.8 387.67 386.48
-9999 151.6 159.19 168.61 177.1 183.96 187.5957 193.6333 200.1839 206.02 212.36 218.15 224.04 228.72 233.73 238.82 244.61 248.47 254.19 260.17 264.87 270.57 275.83 282.05 287.34 293.14 300.92 308.11 315.53 322.28 326.43 330.14 332.79 335.1 337.77 341.71 344.36 348.25 350.79 354.73 357.3 359.75 362.45 366.01 367.78 370.16 372.92 374.37 376.94 378.89 381.43 382.53 384.1 385.27 386.48 387.75 389.65 390.1 390.42 390.8 392.46 393.54 393.56 393.57 394.75 394.39 394.72 394.02 392.69 391.31 390.34 389.12 388
-9999 158.449 167.66 175.17 183.33 188.3814 192.7342 197.51 202.53 208.67 213.98 219.49 223.68 228.83 234.49 239.28 245.02 248.92 254.56 259 264.93 269.64 276.02 281.45 287.18 293.95 299.87 307.98 316.2 323.23 328.37 330.06 332.19 334.87 338.52 340.99 344.73 347.48 351.46 354.43 357.13 359.66 363.44 365.36 367.96 370.26 372.74 375.3 377.9 379.31 381.16 382.76 384.42 386.14 386.83 388.73 389.21 389.51 390.96 392.25 392.3 392.66 394.1 393.97 394.94 394.81 395.57 394.85 393.12 391.68 390.63 389.51 387.45
-9999 164.64 173.52 180.81 187.65 190.9167 196.7407 200 205.78 211.14 215.34 220.58 225.63 230.31 234.57 240.12 243.71 249.22 253.85 259.58 264.13 270.07 274.64 281.24 287.53 294.06 299.98 307.42 316.48 322.46 328.25 330.95 331.47 334.84 337.7 341.57 344.49 347.42 351.42 354.02 356.95 360.97 362.63 365.51 367.96 370.69 373.41 375.5 377.93 380.09 381.3 383.15 383.94 385.45 386.98 387.81 388.8 390.36 391.22 391.94 393.01 393.12 393.63 393.58 393.67 394.74 394.45 394.1 393.31 392.28 391.14 389.81 388.01
163.1358 169.67 177.6 185.84 192.9787 -9999 -9999 203.52 208.91 213.32 217.32 222.19 226.89 231.64 235.89 241.44 244.39 248.53 253.79 258.45 264.34 269.61 276.09 281.21 286.55 294.89 301.43 308.89 314.93 321.53 325.59 328.32 330.67 334.09 337.15 341.26 344.27 348.14 350.79 354.04 358.09 359.97 362.7 365.46 368.33 371.05 373.63 375.4 377.81 380.35 381.85 383.91 384.44 384.33 386.88 387.59 388.87 388.93 391.23 391.85 392.53 392.72 393.59 393.63 393.9 393.92 394.13 393.15 391.84 390.56 389.49 388.47 387.32
164.74 171.4225 178.6081 189.1039 195 200.125 201.6517 206.2 210.59 214.29 219.37 223.74 227.47 231.98 237.47 241.6 245.39 249.02 253.05 258.44 263.66 270.32 275.7 281.42 287.58 294.31 301.6 307.25 313.67 318.82 324.05 326.02 329.92 332.83 337.21 340.15 344.08 347.34 350.32 354.11 356.34 359.55 362.41 365.5 368.32 370.78 373.11 375.65 377.91 380.5 382.51 382.37 383.8 385.18 385.95 387.04 387.49 389.35 389.73 390.18 392.2 393.06 392.97 392.76 393.57 393.55 393.66 392.63 390.5 389.79 389.34 387.95 386.74
-9999 -9999 -9999 190.6351 195.4935 199.7738 203.8 207.86 210.86 215.77 220.33 224.03 229.01 233.84 238.43 242.23 245.92 250.26 253.48 258.16 264.62 270.42 277.24 281.75 288.31 293.59 300.09 306.56 311.64 316.86 319.99 325.07 328.28 332.45 335.76 338.91 343.02 346.46 349.52 352.52 355.89 359.12 362.52 365.13 367.67 371.56 372.89 375.49 377.85 379.06 380.75 382.48 383.13 384.74 386.08 386.65 387.38 389.11 389.33 390.58 390.85 391.14 392.4 392.21 392.04 391.75 391.68 390.4 389.97 387.82 388.07 386.8 386.83
-9999 -9999 -9999 -9999 195.7 199.82 205.3434 208.6118 211.3956 216.1868 220.3 224.8 230.24 235.53 239.8 242.85 247.81 251.28 255.66 259.88 265.4 272.08 277.42 282.8 287.92 293.51 298.52 304.34 309.4 314.72 317.59 322.04 325.54 330.35 333.65 338.56 341.74 345.49 348.42 352.1 355.23 358.55 361.58 365.49 368.14 370.8 373.54 375.34 376.54 378.36 380.23 382.14 382.96 384.53 385.98 386.01 387.19 387.52 389.13 389.95 390.31 391.19 390.84 391.24 389.89 388.7 388.57 387.41 387.76 387.74 386.87 386.38 385.85
-9999 -9999 -9999 -9999 195.9136 200.2143 -9999 207.8235 -9999 215.5 220.49 225.51 229.9 234.68 240.86 244.67 248.84 253.85 257.94 263.2 268.08 272.93 277.91 282.56 288.17 292.03 297.57 302.18 307.98 311.39 316.38 320.02 324.09 327.84 331.53 336.67 340.28 343.1 347.23 351.16 354.17 357.5 360.47 364.66 367.36 370.46 372.13 374.25 375.35 377.56 379.32 381.43 381.99 383.47 385.2 385.68 386.9 386.84 387.72 387.71 389 389.73 390.76 389.31 388.76 387.17 385.16 386.79 388.18 388.13 388.47 385.84 384.62
-9999 -9999 -9999 -9999 -9999 -9999 -9999 -9999 212.4821 216 221.0632 225.09 230.75 236.23 240.69 246.58 251.33 255.81 261.24 265.76 270.11 275.23 278.25 283.39 286.81 291.78 295.92 300.96 305.34 308.73 313.68 317.62 322.27 326.22 331.19 334.94 337.76 342.45 345.79 349.84 353.29 356.25 360.69 363.73 366.77 368.57 370.64 373.21 374.53 376.69 378.7 380.55 382.09 382.61 383.97 385.42 385.9 386.8 386.72 387.58 385.48 386.35 385.6 385.88 386.66 386.23 381.56 384.93 384.32 384.26 384.9 383 382.82
-9999 -9999 -9999 -9999 -9999 -9999 -9999 -9999 -9999 216.42 221.82 226.14 231.46 236.58 241.59 246.48 252.07 258.73 263.54 269.03 273.07 276.96 280.12 282.63 286.57 289.96 293.98 298.29 301.22 306.55 310.87 316.02 319.38 323.3 328.56 331.63 335.66 340.43 344.4 348.36 351.64 354.89 359.65 361.54 364.72 366.96 369.37 372.15 374.4 375.67 377.62 379.35 380.93 381.38 382.42 383.72 384.22 385.16 383.99 384.64 385.39 385.12 384.61 382.53 383.63 383.06 379.6 379.73 380.23 378.35 378.19 377.22 374.19
