layers/wordclim/future/Iberia_wcB2a_10_hadcm3_2080/bio_12.asc
ncols         166
nrows         93
xllcorner     -9.4959440078468
yllcorner     36.000324005443
cellsize      0.083333337679505
NODATA_value  -9999
[rows 0 to 32 of 93, columns 0 to 72 of 166]
-9999 -9999 -9999 -9999 -9999 -9999 -9999 -9999 -9999 -9999 -9999 -9999 -9999 -9999 -9999 -9999 -9999 1037.268 1115.583 1003.149 993.7879 1003.17 970.029 955.2576 -9999 -9999 -9999 -9999 -9999 -9999 -9999 -9999 -9999 -9999 -9999 -9999 -9999 -9999 -9999 -9999 -9999 -9999 -9999 -9999 -9999 -9999 -9999 -9999 -9999 -9999 -9999 -9999 -9999 -9999 -9999 -9999 -9999 -9999 -9999 -9999 -9999 -9999 -9999 -9999 -9999 -9999 -9999 -9999 -9999 -9999 -9999 -9999 -9999
-9999 -9999 -9999 -9999 -9999 -9999 -9999 -9999 -9999 -9999 -9999 -9999 -9999 -9999 -9999 -9999 1029.712 1042.379 1069.78 1020.76 1069.8 1071.79 993.4747 1039.29 1013.82 949.4639 -9999 -9999 -9999 -9999 -9999 -9999 -9999 -9999 -9999 -9999 -9999 -9999 -9999 -9999 -9999 -9999 -9999 816.0625 812.2115 -9999 -9999 -9999 -9999 -9999 -9999 -9999 -9999 -9999 -9999 -9999 -9999 -9999 -9999 -9999 -9999 -9999 -9999 -9999 -9999 -9999 -9999 -9999 -9999 -9999 -9999 -9999 -9999
-9999 -9999 -9999 -9999 -9999 -9999 -9999 -9999 -9999 -9999 -9999 -9999 -9999 -9999 1037.037 1017.611 1037.101 1050.04 1071.69 1121.96 1145.47 1115.48 1071.59 1109.18 978.81 918.2 902.5052 897.6835 882.2535 844.6182 842.6375 837.3095 843.3158 815.3896 844.962 818.6515 823.5891 840.8889 851.9773 838.5876 829.3333 822.6786 813.8586 810.36 816.34 793.2468 788.5574 805.6833 805.4068 -9999 -9999 -9999 -9999 -9999 -9999 -9999 -9999 -9999 -9999 -9999 -9999 -9999 -9999 -9999 -9999 -9999 -9999 -9999 -9999 -9999 -9999 -9999 -9999
-9999 -9999 -9999 -9999 -9999 -9999 -9999 -9999 -9999 -9999 -9999 -9999 -9999 -9999 -9999 -9999 1088.899 1151.69 1159.68 1118.27 1145.8 1179.86 1188.01 1172.48 1073.44 969.1 913.34 943.13 875.76 863.0101 903.67 918.07 913.72 853.8 921.27 871.01 844.07 863.7 897.38 842.52 809.1212 839.29 848.99 825.39 811.92 806.45 823.6 822.66 785.77 793.5 795.98 802 779.4231 772.322 780.42 -9999 -9999 -9999 -9999 -9999 -9999 -9999 -9999 -9999 -9999 -9999 -9999 988 -9999 1023.825 1047.396 1053.839 1069.609
-9999 -9999 -9999 -9999 -9999 -9999 -9999 -9999 -9999 -9999 -9999 -9999 -9999 -9999 1043.881 1041.5 1101.74 1160.99 1161.1 1172.82 1131.83 1125.02 1109.25 1130.74 1081.78 1043.68 990.59 926.03 915.88 975.41 1020.83 960.39 902.04 912.94 930.35 860.43 894.03 916.25 855.24 817.17 810.47 791.59 792.66 817.28 803.15 796.7 799.95 793.52 785.56 779.58 776.23 755.45 755.94 785.25 794.08 807.19 835.16 815.3617 806.9383 801.0685 811.7662 824.8589 846.6945 875.7831 896.5 908.53 937.81 959.73 981.625 994.67 1019.68 1033 1037.44
-9999 -9999 -9999 -9999 -9999 -9999 1047.519 1042.625 1072.959 -9999 1106.541 1112.615 1108.83 1067.444 1060.85 -9999 1122.72 1172.68 1216.34 1177.18 1132.33 1097.2 1074.99 1034.58 1038.5 1012.67 996.7 931.72 1003.59 1013.88 982.56 891.06 911.26 977.52 955.8 872.82 836.54 835.15 856.32 829.02 836.52 832.6 812.39 795.81 791.65 784.03 786.62 801.15 797.83 776.29 802.29 778.09 762.05 802.28 838.38 837.21 810.02 835.92 804.78 820.47 813.52 833.6 843.46 856.05 880.33 888.96 908.8 931.19 958.1 976.79 990.32 1002.24 1011.38
-9999 -9999 -9999 -9999 -9999 -9999 1072.562 1085.76 1104.75 1113.14 1162.6 1262.63 1236.91 1193.79 1131.88 1130.74 1194.18 1206.22 1212.56 1171.29 1143.5 1084.2 1058.41 1018.73 998.52 996.45 1008.22 966.74 981.96 985.47 927.11 875.95 952.15 991.92 894.17 850.35 847.46 911.5 876.96 883.74 876.36 816.7 906.21 816.58 764.54 780.74 783.19 771.81 775.82 778.31 847.53 807.22 789.41 865.18 1036.62 950.95 991.51 962.77 812.8 845.13 828.01 821.25 827.64 852.27 854.8 859.97 882.43 899.84 915.65 946.52 984.2 968.27 970.82
-9999 -9999 -9999 -9999 999.5591 1073.48 1102.46 1182.07 1234.49 1245.79 1301.26 1300.25 1280.53 1287.07 1254.2 1265.53 1270.37 1241.19 1222.36 1172.01 1143.72 1104.7 1045.27 1017.56 1003.34 1010.67 1025 971.43 1032 976.33 974.63 900.27 939.91 966.09 894.12 861.44 922.22 983.98 883.24 933.74 885.83 899.69 814.71 801.2 759.17 794.18 776.56 773.39 824.82 863.97 826.02 851.12 888.23 830.17 918.34 966.87 914.69 794.94 763.75 790.63 892.26 847.72 837.48 840.67 845.39 832.86 863.55 862.67 884.86 933.1 952.77 946.62 944.48
-9999 -9999 -9999 981.134 1038.63 1149.54 1180.69 1236.79 1271.67 1308.99 1312.4 1321.75 1285.46 1287.03 1280.28 1263.33 1257.3 1258.5 1271.52 1211.78 1142.14 1110.29 1055.17 1029.99 1028.14 1015.53 1035.31 1023.64 957.33 944.92 877.87 872.43 953.6 1000.54 896.74 972.5 950.41 1085.14 1079.64 1028.91 1099.02 991.31 1032.21 831.62 766.42 922.14 934.88 882.53 927.04 945.92 854.01 903.34 843.73 820.37 889.03 882.34 970.07 955.51 881.84 829.53 859.19 952.35 896.66 830.79 826.13 826.83 837.75 840.59 857.47 865.26 864.84 873.96 884.04
-9999 -9999 -9999 970.3882 1101.202 1170.06 1219.67 1252.25 1274.68 1302.49 1314.11 1317.59 1322.42 1326.43 1318.97 1299.32 1259.66 1275.97 1249.03 1229.58 1160.86 1135.57 1089.62 1015.57 980.63 973.28 1014.19 987.14 974.62 885.44 880.83 935.11 924.85 978.86 980.09 1013.58 1052.63 969.16 951.55 939.37 964.89 901.88 901.18 928.98 870.13 840.61 867.16 823.21 874.95 828.46 757.42 802.01 803.01 791.67 776.12 836.59 929.58 948.37 905.42 830.45 802.4 918.84 871.91 789.69 783.37 788.97 793.29 800.83 808.21 813.19 813.71 814.52 827.92
-9999 -9999 -9999 -9999 1061.414 1205.44 1226.86 1229.59 1288.4 1261.7 1247.52 1342.96 1386.61 1321.87 1306.43 1283.13 1225 1210.18 1199.59 1187.66 1176.47 1111.95 1049.73 997.62 956.76 958.28 970.93 1000.66 925.66 895.38 956.57 1039.63 1101.38 1074.87 973.39 968.07 934.1 959.14 1035.08 966.66 990.21 973.69 872.77 788.48 873.82 782.37 759.17 739.56 782.86 720.96 710.06 757.82 728.47 766.89 739.04 805.33 813.02 814.85 810.49 752.68 735.86 742.56 749.09 743.06 749.51 749.76 764.56 752.93 762.56 762.77 781.92 782.31 779.73
-9999 -9999 -9999 -9999 1060.05 1107.906 1135.03 1164.099 1365.76 1300.85 1281.81 1276.71 1320.02 1283.97 1268.45 1324.38 1276.68 1263.85 1252.31 1186.61 1179.18 1125.37 1029.51 1044.59 1011.22 934.34 1012.03 1016.91 966.07 964.75 981.89 1123.51 1002.37 913.23 825.72 826.5 911.37 999.12 985.64 949.14 860.95 790.43 735.53 713.38 692.78 712.75 653.83 642.06 660.43 641.96 650.39 659.96 660.65 684.25 669.01 704.35 727.61 696.28 698.85 709.97 698.04 696.28 688.64 694.52 712.03 702.51 708.72 729.49 724.09 735.98 753.84 744.14 749.14
-9999 -9999 -9999 -9999 -9999 -9999 1312.598 1250.42 1311.45 1262.47 1322.02 1370.94 1347.51 1417.75 1376.25 1353.05 1344.21 1292.59 1289.68 1270.81 1155.71 1063.19 1095.69 1078.28 1011.68 992.86 1045.64 1109.61 1100.22 1036.82 959.82 989.29 864.24 781.65 770.86 745.75 789.39 796.42 772.16 772.33 790.51 762.26 701.54 653.81 629.65 629.82 590.52 581.38 597.25 580.34 608.45 598.64 612.56 614.33 631.83 650.15 652.31 652.98 647.31 660.08 644.87 653.48 652.91 674.06 681.22 681.88 681.55 687.63 685.32 700.81 720.43 709.56 685.09
-9999 -9999 -9999 -9999 -9999 1142.898 1258.043 -9999 -9999 1350.2 1359.24 1444.44 1479.28 1492.19 1488.93 1377.27 1340.42 1336.96 1315.42 1283.01 1146.13 1062.14 1062.43 1015.04 922.32 976.2 1057.87 1024.55 1042.1 1073.83 948.18 859.52 775.61 709.39 682.51 683.76 672.35 672.89 698.49 734.19 688.57 646.88 628.83 596.55 581.23 568.68 531.6 531.52 537.76 543.1 556.84 554.42 578.79 569.32 595.2 606.68 605.72 611.83 603.59 612.35 609.62 604.61 613.77 632.86 638.39 648.25 651.5 657.11 661.12 670.32 669.12 654.07 641
-9999 -9999 -9999 -9999 -9999 -9999 -9999 1192.5 1269.205 1321.47 1404.74 1474.1 1497.13 1489.36 1489.92 1438.02 1371.12 1359.23 1336.52 1247.29 1164.25 1056.12 1021.82 917.18 899.71 919.49 965.46 968.05 1032.95 1016.11 927.95 789.64 717.42 668.1 656.54 667.79 744.66 786.78 784.32 738.35 654.8 608.56 588.39 552.98 535.97 519.92 503.83 499.61 502.07 509.46 516.77 534.71 540.72 535.55 553.76 566.23 562.12 571.33 570.9 570.71 577.42 573.41 574.56 580.76 587.24 593.24 603 621.7 622.44 623.18 612.09 612.47 631.5
-9999 -9999 -9999 -9999 -9999 -9999 -9999 1256.042 1338.946 1459.73 1400.67 1478.22 1529.16 1549.46 1479.89 1385.56 1303.18 1238.19 1187.93 1148.92 1099.18 1049.69 984.1 944.24 970.32 948.3 909.68 883.69 977.47 900.52 836.01 764.35 718.3 771.67 853.71 809.82 866.71 863.62 743.63 663.88 609.2 571.22 555.83 522.86 508.52 496 484.63 475.96 478.47 485.68 496.03 507.13 508.93 505.08 519.45 533.74 529.75 528.34 531.88 534.56 536.73 540.39 545.89 547.04 552.6 556.48 573.08 581.95 578.35 577.29 581.82 592.94 600.77
-9999 -9999 -9999 -9999 -9999 -9999 -9999 -9999 -9999 1465.103 1450.548 1496.55 1506.39 1550.94 1489.35 1336.36 1181.77 1163.06 1080.85 1020.15 1003.76 1137.7 1140.51 1049.69 1009.74 1068.94 1039.24 859.03 812.41 913.33 914.28 811.58 908.34 911.46 847.27 985.31 977.37 868.39 722.16 657.36 603.89 555.97 521.58 502.89 488.45 476.82 468.29 457.93 464.54 469.46 472.21 479.91 480.3 479.38 490.15 500.45 501.6 498.33 501.03 503.56 506.83 509.6 513.17 516.85 522.29 536.15 545.24 543.69 542.02 538.25 548.14 566 579.45
-9999 -9999 -9999 -9999 -9999 -9999 -9999 -9999 1379.731 1491.803 -9999 1532.09 1521.53 1497.7 1525.2 1364.32 1145.97 1123.92 1139.41 1020.76 1021.19 1114.68 1106.62 1181.41 1178.38 1148.52 1181.41 955.57 893.26 943.17 1030.39 1034.86 1041.55 1006.22 916.5 806.78 827.08 882.6 772.35 650.02 574.53 535.72 505.99 485.74 472.04 461.62 452.43 443.37 452.96 459.87 454.69 455.59 456.21 458.34 465.64 470.88 476.29 476.7 474.54 475.16 478.2 483.45 487.61 493.36 504.21 520.43 516.88 513.13 516.66 522.79 533.39 547.03 570.89
-9999 -9999 -9999 -9999 -9999 -9999 -9999 -9999 -9999 1446.44 1505.8 1442.45 1392.66 1458.8 1445.67 1292.75 1192.4 1176.95 1137.17 1134.71 1115.29 1115.7 1069.07 1192.34 1269.75 1277.85 1294.55 1114.92 937.68 1001.82 1038.18 1126.49 1203.99 1133.41 1006 972.8 900.8 783.22 716.01 623.94 568.57 530.14 505.51 475.24 456.32 445.88 436 430.54 436.99 436.22 434.47 434.74 435.9 442.34 445.08 447.9 449.46 455.56 453.66 451.15 454.21 462.79 469.11 479.85 491.48 484.85 485.09 492.92 497.08 501.88 514.53 532.28 575.63
-9999 -9999 -9999 -9999 -9999 -9999 -9999 -9999 1367.736 1545.48 1375.11 1380.72 1320.66 1396.42 1239.54 1287.98 1322.84 1369.96 1292.42 1259.31 1216.3 1126.51 1114.99 1132.11 1189.08 1232.69 1168.08 1048.74 970.32 1044.09 1093.34 1154.82 1103.93 907.93 814.93 788.79 756.06 692.44 628.05 571.23 545.27 510.59 484.07 465.92 440.86 433.25 423.13 419.8 418.02 415 417.98 417.16 424.6 430.7 429.32 431.15 430.04 428 433.15 428.8 444.35 458.22 458.19 464.91 460.49 469.82 470.01 474.48 482.85 492.2 510.24 534.57 529.23
-9999 -9999 -9999 -9999 -9999 -9999 -9999 1492.778 1521.54 1419.88 1347.19 1333.2 1345.68 1293.78 1453.32 1548.95 1577.72 1483.88 1371.07 1267.66 1200.51 1149.1 1107.34 1133.17 1002.91 1093.76 1078.32 1013.09 1021.22 1034.81 1053.59 1065.58 1040.51 831.11 767.63 726.58 682.22 642.08 593.48 553.37 518.08 489.51 464.74 449.39 433.41 417.11 406.55 405.81 404.26 406.1 400.75 405.08 411.14 412.94 415.29 417.21 415.49 412.17 413.52 412.99 429.76 432 432.55 443.02 454.37 460.63 460.57 462.96 466.59 472.84 483.46 497.17 519.27
-9999 -9999 -9999 -9999 -9999 -9999 -9999 1435.617 1347.44 1360.61 1397.41 1538.29 1440.23 1465.68 1620.62 1501.16 1421.13 1331.34 1325.83 1373.45 1354.41 1259.01 1193.17 1095.97 939.7 1007.33 1019.77 949.94 956.28 956.26 920.19 914.75 952 781.81 733.37 710.79 689.65 626.96 585.32 549.7 518.13 482.3 454.32 433.94 416.65 403.07 394.55 393.43 390.23 387.78 388.62 394.27 402.91 401.68 404.07 407.14 409.15 415.58 421.35 409.34 409.05 419.7 428.53 439.95 451.89 459.51 458.1 461.1 469.49 476.02 483.29 505.72 519.46
-9999 -9999 -9999 -9999 -9999 -9999 -9999 1330.727 1360.432 1463.5 1435.55 1529.91 1361.84 1356.75 1391.1 1363.29 1329.8 1435.82 1505.24 1459.31 1409.05 1359.63 1172.45 1100.43 946.27 990.99 1038.66 941.9 902.87 924.12 885.48 836.42 806.95 719.27 704.35 661.05 646.17 624.6 605.34 581.5 539.56 500.42 453.82 430.27 409.41 393.6 382.53 375.28 372.62 371.61 377.38 384.26 389.88 394.63 404.56 412.45 416.71 418.08 413.87 401.15 408.42 417.64 425.89 437.3 446.68 451.51 456.11 454.5 459.49 465.19 469.12 480.75 493.4
-9999 -9999 -9999 -9999 -9999 -9999 -9999 -9999 1403.78 1461.35 1300.87 1345.57 1295.19 1313.3 1366.32 1501.17 1535.8 1573.11 1418.75 1431.98 1369.01 1324.51 1231.07 1102.87 944.68 986.1 1036.9 921.15 886.55 848.09 858.3 868.98 771.87 693.5 702.78 640.94 618.49 608.72 565.85 527.23 513.07 488.59 444.72 409.29 391.82 380.2 369.15 364.75 366.13 370.42 367.94 373.35 385.59 396.12 403.35 409.95 412.98 408.29 399.06 402.6 410.85 412.92 420.78 426.75 434.26 438.69 437.61 441.55 446.72 447.43 451.56 454.71 462.02
-9999 -9999 -9999 -9999 -9999 -9999 -9999 -9999 1318.444 1299.98 1338.3 1357.09 1381.71 1313.28 1344.74 1374.05 1368.03 1316.84 1383.82 1418.5 1384.73 1274.78 1142.25 1032.94 1017.03 1068.61 972.37 880.25 821.76 841.69 871.12 911.39 777.61 735.12 679.13 628.37 629.02 606.07 567.36 523.56 485.42 461.61 433.33 402.5 380.25 366.56 357.15 353.22 355.1 359.25 364.9 376.5 384.4 389.72 398.26 404.51 407.29 399.82 404.37 405.01 406.84 409.21 416.61 424.24 426.48 435.01 423 422.53 428.06 434.03 435.15 440.55 447.5
-9999 -9999 -9999 -9999 -9999 -9999 -9999 -9999 1273.75 1310.47 1311.04 1279.86 1211.6 1210.96 1220.43 1302.75 1320.9 1452.93 1445.7 1373.29 1259.21 1207.57 1110.03 1039.14 1157.56 1015.9 913.38 826.63 789.12 819.43 856.91 846.84 801.1 715.71 662.81 623.51 608.14 581.44 557.97 517.92 488.07 452.58 416.89 390.62 371.23 354.78 348.29 352.48 353.2 356.94 358.49 360.14 369.57 378.48 389.21 397.17 392.14 394.34 398.51 397.03 400.51 405.87 409.27 407.52 408.58 423.36 417.03 429.86 430.54 431.71 433.17 438.37 442.78
-9999 -9999 -9999 -9999 -9999 -9999 -9999 -9999 -9999 1285.87 1247.46 1239.32 1227.39 1295.48 1241.55 1240.34 1351.55 1325.57 1274.81 1249.62 1175.76 1272.69 1216.35 1243.4 1149.17 981.16 866.57 805.87 802.47 825.13 820.97 775.43 741.14 668.27 637.02 610.39 602.18 583.38 537.55 502.87 470.56 449.55 413.94 385.36 359.23 338.44 335.32 341.24 342.46 345.17 346.57 350.43 354.17 365.99 370.55 371.94 377.82 382.85 382.94 399.96 402.67 409.2 414.52 416.01 417.86 422.08 432.56 440.65 439.89 442.44 457.32 454.45 462.41
-9999 -9999 -9999 -9999 -9999 -9999 -9999 -9999 -9999 1239.57 1256.48 1237.81 1264.28 1221.68 1226.72 1256.86 1315.87 1303 1131.35 1240.57 1354.27 1344.65 1296.96 1199.18 1089.17 1032.35 966.42 826.62 820.44 873.52 903.15 762.65 697.96 655.5 631.69 606.45 595.54 571.4 522.8 504.78 476.08 436.08 409.26 379.24 352.33 339.12 334.09 338.85 337.43 335.65 335.02 343.4 346.8 353.69 359.26 368.68 371.47 374.73 381.64 395.09 402.59 408.02 412.05 417.7 420.98 425.67 430.92 452.53 478.46 484.48 479.03 450.63 450.78
-9999 -9999 -9999 -9999 -9999 -9999 -9999 -9999 -9999 1219.313 1216.33 1204.14 1195.5 1203.63 1237.18 1219.32 1302.53 1254.95 1147.85 1288.09 1472.65 1291.65 1266.94 1202.62 1078.49 945.67 891.71 860.23 857.98 799.12 812.17 734.41 705.24 719.23 704.03 654.27 599.49 550.31 533.98 512.55 482.81 449.2 416.38 388.8 365.04 354.98 350.17 341.63 342.43 342.51 343.35 343 347.74 352.89 358.47 365.7 367.09 368.3 378.21 383.36 384.17 392.07 398.94 407.61 414.58 422.29 424.63 446.88 472.35 462.41 454.9 453.41 458.49
-9999 -9999 -9999 -9999 -9999 -9999 -9999 -9999 -9999 1206.278 1221.92 1207.88 1246.89 1284.89 1242.69 1189.6 1193.47 1130.02 1310.5 1402.12 1246.93 1196.35 1238.77 1104.45 1130.98 972.51 1010.31 963.19 817.22 775.04 766.1 709.06 724.71 734.94 687.5 625.79 573.36 561.06 539.2 510.33 483.21 455.71 431.59 408.69 390.14 378.04 364.24 353.49 344.83 337.05 345.29 343.03 343.43 346.83 349.25 353.48 358.52 365.73 368.78 374.04 379.93 386.08 395.8 407.83 415.56 424.02 431.35 438.8 454.95 445.67 453.43 476.11 510.73
-9999 -9999 -9999 -9999 -9999 -9999 -9999 -9999 -9999 1189.094 1183.13 1181.59 1186.93 1217 1190.38 1193.23 1127.83 1307.97 1365.68 1344.77 1106.29 1152.9 1142.84 1018.14 1001.54 998.22 1054.06 999.58 799.61 792.82 802.47 749.91 751.51 712.86 676.92 631.73 619.8 589.6 545.18 507.35 478.92 458.83 438.29 426.57 400.4 378.01 369.34 367.02 356.99 346.68 343.03 343.45 343.84 346.22 348.01 349.74 356.43 360.66 368.47 371.48 379.54 386.37 395.47 406.69 416.52 428.06 434.92 444.3 457.09 461.8 465.53 512.94 601.98
-9999 -9999 -9999 -9999 -9999 -9999 -9999 -9999 -9999 -9999 1146.559 1125.09 1138.46 1173.22 1186.51 1150.31 1182.12 1212.7 1187.69 1212.73 1112.07 1133.7 1106.17 1060.8 1053.51 982.68 927.34 878.72 780.77 833.24 814.9 747.75 716.38 706.71 701.45 662.78 623.84 594.69 562.83 526.58 486.27 453.4 431.51 406.62 384.59 369.95 362.8 361.2 356.32 349.48 343.78 346.26 346.9 348.51 347.72 348.17 354.58 357.03 368.24 370.08 376.3 389.21 400.18 408.18 421.42 440.35 456.24 463.5 471.94 494.25 544.42 592.82 583.57
-9999 -9999 -9999 -9999 -9999 -9999 -9999 -9999 -9999 -9999 1116.345 1145.36 1110.42 1128.15 1141.95 1212.04 1376.59 1328.69 1473.44 1422.57 1266.53 1291.43 1223.75 1209.76 1183.42 1113.87 998.29 940.16 805.3 788.15 752.22 724.59 694.03 711.33 700.12 665.01 633.97 596.77 570.42 538.77 502.91 469.37 438.43 409.92 385.2 369.13 366.37 366.51 365.72 360.44 352.19 352.17 350.41 349.08 347.37 350.47 354.17 354.42 365.78 370.36 376.95 389.68 397.75 416.12 437.58 455.57 475.81 543.23 554.07 555.53 485.61 485.16 542.34
