layers/wordclim/future/Iberia_wcB2a_10_hadcm3_2080/bio_10.asc
ncols         166
nrows         93
xllcorner     -9.4959440078468
yllcorner     36.000324005443
cellsize      0.083333337679505
NODATA_value  -9999
[rows 0 to 32 of 93, columns 0 to 72 of 166]
-9999 -9999 -9999 -9999 -9999 -9999 -9999 -9999 -9999 -9999 -9999 -9999 -9999 -9999 -9999 -9999 -9999 194.3171 186.5833 197.597 197.9394 196.9659 199.942 200.1667 -9999 -9999 -9999 -9999 -9999 -9999 -9999 -9999 -9999 -9999 -9999 -9999 -9999 -9999 -9999 -9999 -9999 -9999 -9999 -9999 -9999 -9999 -9999 -9999 -9999 -9999 -9999 -9999 -9999 -9999 -9999 -9999 -9999 -9999 -9999 -9999 -9999 -9999 -9999 -9999 -9999 -9999 -9999 -9999 -9999 -9999 -9999 -9999 -9999
-9999 -9999 -9999 -9999 -9999 -9999 -9999 -9999 -9999 -9999 -9999 -9999 -9999 -9999 -9999 -9999 196.2424 195.5158 192.41 197.21 191.5 190.27 198.4545 191.87 193.35 200.6289 -9999 -9999 -9999 -9999 -9999 -9999 -9999 -9999 -9999 -9999 -9999 -9999 -9999 -9999 -9999 -9999 -9999 205.4844 206.0192 -9999 -9999 -9999 -9999 -9999 -9999 -9999 -9999 -9999 -9999 -9999 -9999 -9999 -9999 -9999 -9999 -9999 -9999 -9999 -9999 -9999 -9999 -9999 -9999 -9999 -9999 -9999 -9999
-9999 -9999 -9999 -9999 -9999 -9999 -9999 -9999 -9999 -9999 -9999 -9999 -9999 -9999 196.463 198.3158 197.4646 196.05 194.29 188.64 185.27 187.05 190.63 185.3 198.97 204.8 205.7368 205.5063 206.2535 210.2909 209.275 209.0357 206.7105 210.2467 204.3924 207.6515 206.1644 202.4028 200.0341 201.9588 203.3333 204.2857 205.9596 206.21 204.88 208.3377 208.3443 205.55 205.0678 -9999 -9999 -9999 -9999 -9999 -9999 -9999 -9999 -9999 -9999 -9999 -9999 -9999 -9999 -9999 -9999 -9999 -9999 -9999 -9999 -9999 -9999 -9999 -9999
-9999 -9999 -9999 -9999 -9999 -9999 -9999 -9999 -9999 -9999 -9999 -9999 -9999 -9999 -9999 -9999 194.8889 189.77 187.4 191.13 187.05 181.88 179.12 179.29 188.91 199.98 205.24 199.77 207.52 207.3232 200.41 197.16 196.32 203.82 191.66 198.53 202.03 197.52 190.55 200.33 205.7879 200.51 199.16 203.14 204.92 204.82 200.65 199.96 207.16 205.62 204.76 202.9231 209.5513 211.8136 211.18 -9999 -9999 -9999 -9999 -9999 -9999 -9999 -9999 -9999 -9999 -9999 -9999 212.3973 -9999 212.2381 209.3021 211.1954 210.4783
-9999 -9999 -9999 -9999 -9999 -9999 -9999 -9999 -9999 -9999 -9999 -9999 -9999 -9999 200.209 201.1042 196.6 191.1 190.2 187.31 190.47 189.29 189.52 185.04 188.96 191.51 196.19 202.73 202.37 192.85 184.7 190.74 197.64 194.06 189.57 199.25 192.3 186.96 196.53 203.39 204.05 207.64 207.71 203.15 205.1 204.6 203.1 203.54 204.31 205.26 206.01 211.33 211.91 205.24 204.72 202.81 197.42 204.9362 209.9877 214.9178 216.1039 216.8846 214.9028 212.2289 212.9694 215.5 213.5 213.06 211.1875 212.78 208.5 209.36 212.3214
-9999 -9999 -9999 -9999 -9999 -9999 196.3333 198.1625 197.2973 -9999 197.1351 197.5422 197.39 200.697 201.81 -9999 197.68 192.96 187.11 189.46 192.7 194.09 195.08 197.31 195.33 196.42 196.48 202.77 191.02 187.81 189.65 200.74 195.88 184.24 185.44 196.09 200.31 199.6 194.13 198.19 195.92 196.33 200.01 204.27 203.81 204.15 201.75 196.32 195.33 200.36 193.83 199.89 205.09 195.5 188.03 191.27 198.32 194.14 204.57 202.85 209.23 206.87 208.63 210.06 207.51 211.63 211.49 210.59 203.95 198.65 200.8 203.04 208.79
-9999 -9999 -9999 -9999 -9999 -9999 195.6164 196.62 197.28 198.24 196.72 191.14 193.71 196.71 201.21 200.84 195.4 192.66 190.05 192.29 193.09 197.64 198.56 201.01 201.41 199.06 195.5 198.8 194.67 191.69 197.37 202.68 189.48 181.9 193.57 198.55 197.18 185.45 189.05 186.18 185.71 196.06 178.81 194.3 204.3 197.64 195.36 198.34 196 194.24 180.6 189.62 192.5 178.4 151.84 166.9 159.71 164.64 195.94 188.59 195.46 201.04 203.52 198.41 203.49 208.92 204.86 204.32 203.28 189.75 179.28 193.71 203.56
-9999 -9999 -9999 -9999 197.4194 194 194.83 191.97 191.18 192.76 191.36 193.47 196.07 195.67 197.31 194.93 191.71 192.53 191.64 194.35 195.19 197.55 201.63 202.37 201.88 198.7 194.6 199.27 188.39 193.3 191.08 199.24 191.19 185.27 193.26 195.88 184.73 173.91 186.6 177.5 183.55 179.33 191.06 191.4 199.29 191.7 192.81 192.45 182.65 176.63 181.74 177.34 171.85 181.69 167.11 160.28 168.74 192.07 201.99 196.09 174.53 185.82 190.9 191.88 193.41 204.72 194.93 201.78 197.78 180.92 176.81 183.08 188.45
-9999 -9999 -9999 196.4021 194.79 190.18 191.03 190.84 191.71 192.27 194.75 197.32 200.84 200.93 200.16 198.87 196.59 193.45 188.7 192.52 197.63 197.97 201.69 202.66 200.48 198.94 193.97 193.01 199.13 197.69 204.72 202.93 189.07 180.8 192.15 180.07 180.47 161.53 160.42 165.08 155.16 166.25 159.95 184.9 193.84 169.84 167.25 173.86 166.42 163.12 174.9 167.82 176.45 180.06 169.42 170.31 158.13 162.01 172.73 182.67 176.73 162.09 171.88 186.09 189.76 192.35 191.55 193.22 190.86 191.6 196.36 197.93 198.41
-9999 -9999 -9999 197.6588 191.697 190.5 190.89 192.59 194.68 196.26 199 201.64 203.47 203.42 201.44 199.51 199.52 194.01 193.86 192.62 197.1 196.87 199.83 205.69 207.3 205.41 197.95 198.4 197.14 206.15 204.37 194.66 193.3 183.89 181.24 174.72 167.84 175.72 175.62 175.65 170.85 176.72 175.04 170.2 176.54 178.93 174.54 179.92 172.22 177.9 188.23 181.1 180.89 182.96 185.41 175.92 162.85 160.38 166.1 178.05 183.82 165.04 173.22 190.32 193.9 195.12 196.04 195.54 195.91 197.66 202.08 207.45 205.75
-9999 -9999 -9999 -9999 196.931 190.27 192.54 196.41 196.33 201.84 205.36 203.37 203.7 206.55 205.6 204.17 205.62 203.34 200.61 198.76 197.13 201.57 205.75 208.97 211.19 208.43 204.05 197.52 204.62 205.37 194.58 181.55 171.3 172.54 182.22 180.04 182.36 176.96 166.14 172.21 167.75 167.97 178.26 187.7 175.42 186.31 188.71 191.06 184.06 192.79 194.13 186.29 191.41 185.21 189.55 179.22 178.06 177.89 179.16 189.94 193.76 193.36 193.21 196.16 196.01 198.15 195.39 201.27 200.49 204.05 201.22 204.45 209.51
-9999 -9999 -9999 -9999 199.35 198.2656 200.9848 203.5055 193.7 201.98 206.18 208.5 208.04 210.03 209.99 202.22 202.46 199.65 197.01 200.96 198.85 201.66 209.34 205.02 205.59 212.19 199.87 196.33 199.89 197.26 192.16 172.33 183.8 192.47 201.34 198.64 185.39 172.59 172.01 174.39 183.34 190.5 195.89 197.66 199.55 195.38 203.33 204.47 200.94 203.89 202.44 200.61 201.24 197.37 200.33 193.98 190.29 196.61 196.55 195.07 198.08 199.78 202.68 202.6 199.75 203.96 204.27 199.58 203.38 201.54 197.75 204.66 205.64
-9999 -9999 -9999 -9999 -9999 -9999 191.6087 200.11 200.34 206.61 205.91 205.15 208.19 200.8 203.01 201.47 197.11 198.76 195.37 193.69 202.5 210.01 203.22 202.18 207.07 206.41 196.98 186.23 183.86 188.87 195.55 189.1 202.25 210.35 209.08 209.97 201.18 198.4 199.12 196.55 192.07 193.93 200.06 205.68 207.96 206.24 212.05 213.32 210.01 213.51 207.84 210.14 207.83 208.02 204.98 201.7 201.4 202.09 204.05 202.43 206.11 205.63 206.63 202.82 202 202.61 203.8 203.61 205.56 202.85 198.93 203.87 215.83
-9999 -9999 -9999 -9999 -9999 202.8644 197.5957 -9999 -9999 203.67 206.32 202.15 199.32 193.93 188.91 200.07 199.75 195.54 194.36 193.34 205.69 211.65 208.16 210.86 219.09 209.82 196.65 197.83 192.24 185.37 197.87 206.02 214.81 221.3 222.39 219.53 218.7 215.76 209.54 201.5 205.73 210.35 210.74 214.38 214.85 215.04 221.16 220.71 219.79 218.95 216.11 217.27 212.34 215.33 210.31 208.13 209.02 208.29 211.21 209.49 210.92 213.1 211.8 207.94 207.94 206.04 206.09 205.04 204.99 203.28 205.4 212.08 219.83
-9999 -9999 -9999 -9999 -9999 -9999 -9999 209 207.5663 207.94 205.33 202.74 199.07 196.64 191.2 193.62 197.57 194.34 192.96 199.69 205.06 213.42 214.69 223.38 223.13 218.11 209.5 205.88 194.41 193.13 201.26 216.33 224.28 229.03 227.27 222.68 208.06 199.72 197.45 201.13 210.94 215.82 217.14 221.19 222.23 223.01 225.51 226.43 226.31 224.42 222.94 219.5 218.25 220.59 216.59 214.33 216.07 214.62 215.14 215.87 215.16 217.25 217.59 216.69 216.2 215.37 212.96 208.52 209 209.21 213.24 215.37 212.37
-9999 -9999 -9999 -9999 -9999 -9999 -9999 206.7292 205.4348 201.573 208.11 204.31 197.04 187.19 193.53 201.42 206.56 208.82 210.63 211.17 212.8 215.65 219.88 221.81 216.31 216.09 218.03 218.24 203.07 209.49 215.14 221.45 225.07 214.12 199.97 202.64 192.78 190.08 202.96 211.95 217.9 221.88 222.59 226.49 226.89 227.05 228.87 230.43 230.43 228.27 225.72 223.92 223.86 225.18 222.19 219.69 220.95 221.98 221.47 221.55 222.07 222.13 221.28 221.64 221.44 220.51 215.95 213.95 215.02 215.49 214.51 213.55 214.46
-9999 -9999 -9999 -9999 -9999 -9999 -9999 -9999 -9999 203.75 207.1075 206.03 203.44 189.25 193.14 207.99 218.66 217.6 221.94 224.6 224.22 207.87 204.04 211.49 213.03 203.14 203.31 223.03 225.86 209.42 205.74 216.5 200.5 196.64 202.06 182.26 180.27 190.69 206.39 213.12 218.78 224.42 228.43 230.12 230.38 230.92 231.94 233.71 232.11 230.71 229.66 228.75 229.35 229.45 227.12 225.64 225.89 226.68 226.46 226.66 226.37 226.73 226.79 226.57 225.9 222.53 220.14 220.02 220.65 220.42 217.8 216.01 215.18
-9999 -9999 -9999 -9999 -9999 -9999 -9999 -9999 205.8077 202.8333 -9999 205.33 201.99 197.97 189.65 204.93 222.35 221.78 217.61 226.36 224.28 212.02 210.09 198.01 194.78 194.73 187.81 212.15 216.54 206.08 192.07 188.43 184.55 185.93 193.65 204.56 198.83 189.66 200.82 214.63 223.82 227.87 231.17 233.34 233.46 234.04 234.81 236.35 233.56 231.79 233.31 233.31 233.93 233.31 232.03 230.99 230.17 230.33 231.33 230.99 231.22 230.45 230.65 229.51 227.36 223.35 224.54 225.83 224.44 222.2 219.44 218.24 215.69
-9999 -9999 -9999 -9999 -9999 -9999 -9999 -9999 -9999 206.7802 207.67 210.1 213.53 203.71 201.04 212.82 219.24 218.19 219.58 217.23 216.35 213.9 216 198.71 186.26 181.54 175.97 194.25 212.33 200.59 192.35 179.55 167.7 172.88 184 185.2 191.03 202.58 208.51 218.68 224.71 228.74 230.87 234.62 236.54 237.23 237.64 238.86 236.09 236.43 237.31 237.58 237.42 236.23 235.62 235.33 235.4 234.27 234.68 235.44 235.38 233.7 233.4 231 228.43 230.65 230.53 229.24 227.93 225.78 223.3 220.4 213.97
-9999 -9999 -9999 -9999 -9999 -9999 -9999 -9999 206.956 199.84 212.22 213.57 216.99 208.43 219.77 212.9 207.01 199.6 205.42 206.06 207.87 214.96 212.98 208.05 197.96 189.02 193.08 204.3 210.36 197.19 187.73 177.36 180.37 200.23 208.4 208.5 210.02 215.37 221.86 227.57 229.5 232.73 234.9 236.4 239.54 239.35 240.7 240.75 240.24 240.74 240.72 240.66 239.46 238.43 239.34 239.34 239.75 240.22 238.62 239.94 236.15 233.24 234.19 233.29 235.91 233.07 233.62 232.22 230.28 227.78 224.36 220.77 223
-9999 -9999 -9999 -9999 -9999 -9999 -9999 194.9048 196.82 206.21 212.18 215.02 213.81 216.85 199.82 185.08 177.83 187.28 197.97 207.25 211.86 214.33 216.24 210.05 222.41 207.73 206.2 210.68 205.5 200.17 194.1 189.42 188.89 211.26 216 218.06 221.06 223.52 227.64 231.52 234.13 237.12 238.58 239.7 240.4 242.19 243.38 242.91 242.92 242.26 243.97 243.1 241.77 242.32 242.96 243.05 243.36 244.33 243.01 242.86 239.1 239.62 240.65 238.6 235.89 234.93 235.53 235.01 234.14 233.06 230.75 228.28 224.78
-9999 -9999 -9999 -9999 -9999 -9999 -9999 197.95 206.24 207.93 208.24 197.18 205.22 201 178.41 192.04 198.77 206.71 204.78 196.34 195.03 203.9 208.62 217.18 231.86 220.79 215.42 220.45 215.86 211.78 212.46 209.46 200.94 219.22 222.39 221.49 221.03 226.67 229.71 232.56 234.7 238.27 240.52 241.96 244.21 245.41 245.1 245.3 245.35 246.02 246.21 245.09 244.11 245.57 245.52 245.88 245.67 243.66 241.02 244.2 245.79 243.42 241.38 239.05 236.27 235.1 235.98 235.63 233.82 232.49 231.35 226.96 224.96
-9999 -9999 -9999 -9999 -9999 -9999 -9999 203.697 204.2614 199.99 204.52 196.34 210.47 210.99 205.87 207.9 209.78 195.9 184.61 187.24 190.83 193.37 213.22 219.17 234.04 225.3 216.03 223.99 225.14 218 218.77 221.38 221.23 230.03 228.07 230.9 228.91 228.7 227.62 227.52 231.33 234.55 240.06 242.13 244.99 246.65 247.37 247.73 249.01 248.99 248.82 247.77 247.23 247.35 245.58 243.94 243.19 243.51 244.69 248.84 246.17 244.04 242.35 239.92 238.3 237.42 236.86 237.45 236.7 235.58 235.11 233.01 231.32
-9999 -9999 -9999 -9999 -9999 -9999 -9999 -9999 199.9 197.22 211.33 209.86 214.43 213.58 208.64 193.66 187.55 180.15 197.72 192.94 197.95 200.3 208.91 221.46 236.95 228.59 218.38 229.11 229.47 230.5 224.68 218.81 228.07 235.88 230.02 235.15 234.17 231.41 234.58 237.29 235.53 236.41 241.52 246.27 247.19 247.6 249.58 249.95 249.55 249.19 250.33 250.23 248.06 246.04 245.43 245.1 245.75 248.21 251.63 249.97 246.95 246.43 244.7 243.49 242.43 241.48 242.66 242.42 241.15 241.43 240.46 239.84 238.86
-9999 -9999 -9999 -9999 -9999 -9999 -9999 -9999 204.0333 207.4286 207.22 208.06 207.26 213.31 211.04 208.03 207.24 212.17 203.74 197.36 198.53 209.86 222.55 232.45 231.3 221.56 229.46 237.14 240.59 233.95 224.83 215.74 228.83 231.22 235.47 239.3 233.88 233.18 235.39 238.7 241.16 241.88 243.57 246.57 248.76 249.97 251.23 252.05 251.35 251.07 250.58 248.53 247.25 247.57 247.31 247.77 249.78 254.16 251.28 249.93 249.15 249.07 247.3 245.49 245.16 244.03 248.2 249.17 248 246.29 246.32 244.81 243.73
-9999 -9999 -9999 -9999 -9999 -9999 -9999 -9999 205.5526 205.31 207.78 211.98 218.29 219.9 220.5 215.02 213.99 199.01 198.35 205.29 216.7 220.64 229.46 234.38 217.16 230.9 239.53 246.52 247.68 239.29 229.37 226.24 228.23 235.97 239.63 241.49 239.13 238.75 238.12 240.34 241.28 243.81 246.94 248.81 249.7 251.91 253.02 250.98 251.35 251.16 251.27 252.53 251.81 251.09 249.98 250.24 255.23 256.35 253.85 253.77 252.56 251.01 250.75 251.72 252.1 249.08 251.21 248.18 248.67 248.55 248.62 247.08 246.06
-9999 -9999 -9999 -9999 -9999 -9999 -9999 -9999 -9999 205.97 210.81 213.51 216.42 213.05 218.67 220.32 211.47 214.45 218.89 220.64 228.26 215.07 220.32 212.8 221.06 237.81 247.28 251.01 248.15 241.22 237.02 238.55 239.13 246 245.87 245.7 241.63 239.94 242.68 244.41 245.75 245.03 247.9 249.81 251.41 254.58 255.43 253.79 254.1 254.97 255.19 255.42 256.18 254.72 255.68 257.92 258.63 258.65 258.25 253.23 252.36 250.93 249.35 250.13 250.99 250.55 247.77 245.87 246.94 246.61 243.16 243.95 241.99
-9999 -9999 -9999 -9999 -9999 -9999 -9999 -9999 -9999 207.73 208.99 212.57 212.78 217.91 219.28 218.84 216.08 217.59 232.57 223.84 209.96 209.94 213.08 222.31 231.72 234.45 238 251.14 247.96 237.11 227.99 243.16 248.29 249.82 249.07 248.15 244.24 243 246.96 245.17 245.57 248.56 249.06 251.56 253.95 254.73 255.37 254.64 255.5 257.43 258.15 258.2 258.47 259.32 258.99 258.05 258.76 259.77 258.2 254.6 252.92 252 251.57 251.08 251.42 251.56 250.56 244.82 238.57 237.28 239.38 247.02 246.49
-9999 -9999 -9999 -9999 -9999 -9999 -9999 -9999 -9999 207.8485 210.51 213.71 216.61 218.22 218.19 221.59 217.18 222.44 232.41 220.96 196.98 219.96 220.03 224.31 235.58 246.06 249.35 248.8 245.4 248.99 243.05 249.48 248.85 241.75 238.86 241.46 245.72 249.38 246.76 245.34 245.83 247.25 248.79 250.39 252.14 252.37 252.46 253.91 254.65 255.18 256.18 257.49 257.88 258.2 257.12 257.6 259.38 260.35 258.18 258.21 259.42 257.91 256.86 256.39 255.29 254.1 254.59 248.5 241.92 244.98 247.2 248.09 246.91
-9999 -9999 -9999 -9999 -9999 -9999 -9999 -9999 -9999 207.9241 208.73 212.14 211.58 211.94 217.13 223.04 225.44 231.99 218.75 210.24 226.94 233.84 226.35 238.03 231.88 245.07 237.14 239.25 252.78 254.11 251.24 255.33 248.1 241.29 243.74 248.34 252.81 249.24 247.74 247.16 247.43 247.48 247.77 248.07 248.57 248.61 250.71 251.99 254.39 257.26 255.29 257.26 258.33 258.92 260.43 260.89 260.85 260.69 260.64 260.93 260.73 260.24 259.11 257.58 256.31 255.71 254.13 252.74 248.54 251.23 249.17 243.31 235.66
-9999 -9999 -9999 -9999 -9999 -9999 -9999 -9999 -9999 208.2076 210.21 212.3 214.47 215.31 219.95 222.48 229.55 218.01 215.25 216.63 239.9 237.48 236.82 246.25 245.99 243.49 234.04 236.59 256.81 253.47 248.43 251.3 245.78 247.38 247.5 249.75 245.87 246.16 248.34 249.77 250.42 249.07 248.37 246.76 248.61 250.26 250.37 250.17 252.54 255.15 256.54 257.57 259.1 259.59 260.6 261.58 260.73 260.78 259.63 261.12 260.99 260.94 260.08 259.33 258.06 257.08 255.98 253.58 250.32 248.97 248.27 236.14 217
-9999 -9999 -9999 -9999 -9999 -9999 -9999 -9999 -9999 -9999 210.5161 214.18 216.37 217.57 219.41 224.88 225.56 225.82 229.91 228.72 239.34 238.15 239.64 243.14 242.21 246.44 249.86 251.55 260.27 250.19 248.64 253.28 253.5 250.16 245.94 246.8 247.4 247.33 247.53 248.85 251.13 252.78 252.31 252.72 253.33 253.68 253.31 252.69 253.5 255.09 257.64 257.77 258.82 259.38 260.12 261.29 259.73 260.53 258.6 260.62 261.21 260.16 259.48 260.48 259.3 255.53 251.26 249.75 247.74 241.55 229.16 218.9 222.03
-9999 -9999 -9999 -9999 -9999 -9999 -9999 -9999 -9999 -9999 210.2857 211.38 216.76 219.38 221.73 220.17 209.74 216.16 204.52 210.41 226.52 224.02 229.45 229.08 229.65 233.69 243.33 246.4 258.45 257.66 258.72 258.57 258.96 251.73 248.32 248.73 248.46 248.94 248.61 248.98 250.61 252.36 253.64 255.15 255.92 256.18 255.48 254.04 253.22 254.46 256.86 257.9 258.16 258.79 260.27 259.97 258.56 260.56 258.57 259.39 259.75 258.57 261 259.35 256.88 252.67 246.6 228.64 227.04 227.1 246.13 245.89 231.42
