layers/wordclim/future/Iberia_wcB2a_10_hadcm3_2080/bio_10.asc
ncols         166
nrows         93
xllcorner     -9.4959440078468
yllcorner     36.000324005443
cellsize      0.083333337679505
NODATA_value  -9999
[rows 33 to 65 of 93, columns 0 to 72 of 166]
-9999 -9999 -9999 -9999 -9999 -9999 -9999 -9999 -9999 -9999 210.1163 209.92 211.8 214.17 217.39 219.64 217.08 206.95 201.96 208.83 211.37 213.64 224.02 234.64 228.67 225.62 236.49 250.12 255.99 251.09 252.05 256.24 250.78 249.99 250.09 251.16 250.78 249.53 250.38 251.8 251.34 251.85 254.63 255.63 255.89 256.95 257.57 256.94 256.94 255.8 256.39 256.88 256.74 257.28 257.95 257.66 258.87 260.16 258.87 257.85 257.3 259.04 261.11 261.46 256.89 249.99 224.51 214.29 234.83 249.1 254.6 256.65 250.52
-9999 -9999 -9999 -9999 -9999 -9999 -9999 -9999 -9999 -9999 209.8571 210.84 211.81 210.51 202.18 205.75 211.24 222.53 223.89 223.48 219.78 219.03 221.82 228.35 228.19 227.7 237.34 250.03 253.04 247.88 245.93 250.13 253.41 249.98 249.06 250.06 251.94 252.54 254.11 254.53 254.27 254.9 255.88 255.41 255.51 255.91 255.14 255.94 257.2 257.49 256.19 256.17 254.57 255.07 256.43 258.12 259.69 259.91 258.5 255.54 254.72 257.17 258.65 258.03 251.56 242.11 213.12 239.76 230.63 238.81 255.13 263.46 268.1
-9999 -9999 -9999 -9999 -9999 -9999 -9999 -9999 -9999 -9999 209.9663 212.6 213.68 206.32 214.22 212.99 217.62 229.67 230.22 228.01 226.73 227.67 230.13 230.47 232.19 230.11 240.13 247.91 248.57 252.32 248.27 246.97 250.85 252.44 250.63 250.35 251.44 254.35 254.94 255.21 255.71 254.52 254.78 253.45 252.51 251.44 252.54 258 257.39 257.46 257.4 255.91 253.74 251.46 252.7 256.33 254.8 257.36 255.44 253.02 250.95 251.8 252.7 244.99 222.83 221.28 211.5 223.35 249.57 263.93 267.89 274.55 272.68
-9999 -9999 -9999 -9999 -9999 -9999 -9999 -9999 -9999 204.4595 209.663 213.9 216.96 219.08 215.22 220.9 221.4 228.67 228.17 229.59 234.72 237.35 238.85 237.87 239.19 242.63 245.84 245.77 244.15 246.47 248.85 246 249.65 251.99 253.86 250.59 251.94 255.16 255.16 254.3 254.42 255.06 252.74 250.24 249.89 254.79 258.59 258.56 257.52 256.01 254.56 251.87 246.04 246.42 244.5 243.89 244.44 249.61 248.04 247.51 239.27 241.02 237.09 236.14 242.62 254.66 256.9 264.42 267.39 264.59 274.81 280.73 275.91
-9999 -9999 -9999 -9999 -9999 -9999 -9999 -9999 -9999 205.027 209.6082 215.79 220.32 221.29 219.11 213.23 213.08 229.36 234.43 237.43 239.33 239.15 237.91 243.19 248.49 247.13 245.9 234.58 238.97 243.77 244.66 246.42 248.35 253.86 257.47 258.1 256.22 253.38 252.84 251.74 250.1 248.78 251.75 255.2 255.9 257.22 257.69 256.97 254.55 250.4 245.7 243.48 236.97 236.68 239.25 243.71 249.23 250.61 246.45 241.84 238.17 235.28 238.11 233.54 255.13 268.89 263.93 266.7 277.58 280.09 283.62 284.87 278.97
-9999 -9999 -9999 -9999 -9999 -9999 -9999 -9999 -9999 207.3 211.39 217.82 222.99 225.45 219.53 211.16 232.06 236.18 239.92 240.14 242.78 244.51 247.26 243.97 226.8 223.56 231.48 233.88 238.03 242.1 246.06 245.09 249.78 255.47 257.06 259.33 258.68 249.94 244.92 236.72 247.13 250.7 258.07 260.49 256.61 255.46 258.07 255.16 249.99 249.65 248.47 240 229.48 240.71 245.67 244.61 239.87 239.8 244.04 254.43 250.76 258.66 258.9 255.46 269.04 274.07 279.54 282.02 285.49 282.72 285.87 286.72 283.04
-9999 -9999 -9999 -9999 -9999 -9999 -9999 -9999 207.3387 210.2 214.39 219.71 225.41 226.22 225.4 230.58 236.13 240.31 242.24 244.4 243.7 243.16 226.61 205.63 216.36 227.69 238.92 234.35 240.31 245.42 246.02 244.65 252.2 254.61 252.12 254.25 255.98 252.45 251.68 253.53 255.68 271.01 271.33 264.64 263.91 255.24 254.56 257.12 256.66 250.41 237.06 225.34 224.25 227.39 225.62 233.21 248.04 257.24 265.61 266.34 272.35 278.26 273.59 274.39 280.99 285.64 288.03 283.94 287.24 285.99 286.8 291.68 289.51
-9999 -9999 -9999 -9999 -9999 -9999 -9999 -9999 209.5714 213.34 217.21 222.03 227.67 227 231.51 238.3 240.84 242.29 243.05 241.66 240.9 223.41 187.72 205.49 235.88 249.92 252.24 243.6 241.25 244.02 242.32 244.55 246.93 249.31 251.89 252.76 245.18 252.58 256.5 271.51 277.95 275.96 267.92 264.86 252.86 230.28 236.9 254.89 250.41 233.35 227.87 228.07 227.95 238.54 240.32 248.99 255.03 250.99 247.26 255.12 279.2 283.6 285.41 288.89 293.55 290.37 290.3 287.09 287.43 292.25 290.65 291.91 290.76
-9999 -9999 -9999 -9999 -9999 -9999 -9999 -9999 211.45 215.27 219.31 225.65 230.8 229.9 233.66 240.57 241.52 242.53 243.34 239.44 236.74 227.98 202.48 210.29 249.95 256.83 254.41 252.67 247.15 240.32 239.2 236.43 243.72 248.42 246.33 255.96 261.41 269.93 274.16 279.01 284.28 278.51 274.16 267.52 233.98 219.64 239.79 245.56 236.14 226.07 215.01 221.66 231.51 251.43 246.19 248.39 271.18 285.57 280.92 276.89 278.67 283.89 292.21 297.34 294.06 291.68 293.13 290.49 289.6 293.49 294.51 295.3 290.79
-9999 -9999 -9999 -9999 -9999 -9999 -9999 208.4794 213.24 218.94 223.79 229.51 233.86 233.89 237.1 238.48 241.62 239.47 231.17 221.42 218.96 238.04 246.39 251.43 255.65 255.85 259.66 259.5 257.2 254.72 263.04 266.75 250.72 264.73 272.23 276.65 280.04 276.28 283.42 286.7 288.7 289.4 271.46 245.79 261.47 245.62 220.44 222.8 227.69 259.3 246.49 254.46 276.41 288.66 282.78 296.32 293.23 289.42 284.31 282.14 291.94 298.67 299.49 296.24 293.18 293.49 295.87 291.89 293.73 293.77 295.26 295.71 292.95
-9999 -9999 -9999 -9999 -9999 -9999 -9999 -9999 216.5 220.74 225.82 231.02 232.13 235.16 239.31 231.58 227.3 225.73 228.11 225.49 233.04 246.15 246.19 246.83 252.28 258.69 266.02 266.89 266.82 270.09 274.31 274.13 273.1 278.5 284.62 284.53 282.81 282.44 287.57 289.41 290.18 285.44 270.96 271.66 258.2 273.67 276.73 280.16 287.49 299.4 299.77 300.28 298.75 295.63 294.89 293.14 284.08 280.21 294.87 299.64 301.65 300.61 298.11 295.72 295.86 298.28 296.15 296.33 297.31 294.17 298.27 297.07 291.7
-9999 -9999 -9999 -9999 -9999 -9999 -9999 213.4933 216.51 221.72 227.31 226.65 228.15 233.35 221.29 214.92 224.89 233.18 235.7 241.34 247.96 239.77 249.59 246.45 261.39 267.84 268.91 270.99 269.57 268.35 271.15 279.47 282.49 287.04 287.93 286.99 288.26 290.88 294.3 295.03 292.43 289.23 287.31 286.03 287.19 296.5 299.76 303.65 303.87 304.12 303.87 302.53 301.66 301.53 299.67 296.09 298.44 302.22 303.34 302.75 302.6 301.71 299.77 299.15 301.12 302.52 300.25 302.37 299.23 300.27 301.17 298.35 296.47
-9999 -9999 -9999 -9999 -9999 -9999 -9999 213.99 216.7 221.58 226.26 223.08 228.74 230.77 225.36 230.39 237.92 238.38 234.97 237.43 239.68 247.82 262.09 263.64 266.47 270.87 272.48 275.07 275.39 276.38 279.47 282.63 281.29 286.82 288.53 290.86 292.63 295 295.97 293.1 290.89 292.98 298.44 301.8 303.23 304.15 304.72 304.72 305.5 305.35 304.88 304.71 304.31 302.91 301.45 304.08 304.35 304.74 304.76 302.19 300.09 300.18 301.92 304.04 305.38 303.98 304.28 305.63 304.5 301.84 296.55 292.45 289.51
-9999 -9999 -9999 -9999 -9999 -9999 212.381 215.97 217.49 220.36 225.64 225.58 230.49 230.8 234.23 238.45 237.58 234.6 233.68 230.5 247.21 259.47 265.79 267.34 269.34 273.02 279.07 280.32 280.86 279.34 281.89 284.2 286.31 286.92 289.61 290.59 291.32 292.52 290.58 288.09 292.96 296.78 301.9 304.35 304.39 305 305.02 302.76 305.16 305.89 304.67 302.26 304.65 304.41 305.96 304.12 299.9 302.04 304.16 306.3 305.66 305.06 305.46 307.03 305.54 305.34 306.15 305.64 303.66 301.4 296.89 293.55 291.79
-9999 -9999 -9999 -9999 -9999 -9999 211.4082 216.18 219.04 220.01 221.62 226.56 232.87 232.93 237.83 240.69 243.23 243.02 239.07 241.15 255.23 262.57 265.58 267.92 273.56 278.94 279.87 281.43 280.08 282.57 283.86 284.86 286.98 289.86 291.63 290.75 290.93 290.48 293.47 296.74 298.24 300.49 300.08 301.08 301.84 305.07 302.86 300.9 305.27 303.93 303.66 303.63 306.72 304.3 304.27 302.72 299.52 300.22 301.3 300.91 301.87 306.07 303.41 299.77 299.37 297.48 296.62 298.18 299.55 299.12 299.25 297.85 294.8
-9999 -9999 -9999 -9999 -9999 207.9286 210.16 214.64 219.08 219.6 223.2 230.05 235.62 237.06 237.04 242.77 242.79 245.9 247.36 254.07 261.19 263.61 268.81 272.94 274.86 275.61 277.85 280.79 280.58 282.96 286.19 287.5 286.2 287.05 289.31 293.25 297.15 296.87 296.35 295.26 296.87 298.91 297.62 297.19 294.86 293.8 294.88 297.63 296.73 295.35 297.58 300.81 300.15 299.6 293.48 295.49 295.04 294.96 293.58 295.9 296.15 298.95 296.82 293.74 296.65 293.86 294.23 294.97 295.49 295.55 296.53 296.05 295.9
-9999 -9999 -9999 -9999 -9999 208.439 212.82 214.17 215.54 213.58 223.44 230.12 236.32 240.88 240.61 244.59 244.72 245.33 249.23 257 262.98 267.14 271.09 271.83 273.42 276.18 278.93 278.19 282.28 284.24 284.35 285.25 285.38 286.07 286.66 290.98 294.6 296.85 298.28 298.45 298.98 300.76 300.24 299.6 298.39 297.04 294.58 292 291.1 284.77 290.73 290.51 296.56 297.9 286.22 287.16 284.96 286.53 285.72 287.69 288.38 294.51 294.47 290.95 289.95 291.64 291.19 292.58 294.41 294.51 296.38 295.8 295.45
-9999 -9999 -9999 -9999 -9999 209.1313 212.43 208.44 209.42 214.98 220.71 233.84 239.05 242.61 243.31 245.35 248.57 251.33 255.25 258.11 263.28 264.29 267.51 268.97 272.96 274.09 275.81 275.11 277.52 282.39 286.67 286.49 286.95 288.68 289.54 290.79 292.75 297.54 298.09 299.74 301.56 300.92 300.54 299.2 298.09 296.18 295.91 295.34 282.42 281.93 279.85 290.67 291 296.66 295.4 288.96 287.16 286.74 276.81 288.7 279.28 282.95 284.35 285.82 285.77 286.61 289.3 294.59 295.72 295.9 296.26 296.48 296.11
-9999 -9999 -9999 203.381 207.58 209.63 209.75 210.46 216.1 225.24 231.25 237 241.54 243.61 247.21 251 253.64 256.91 256.83 258.85 260.04 262.84 265.08 266.55 266.25 269.82 272.83 274.68 274.71 278.45 283.99 286.75 288.82 290.96 292.17 293.21 293.79 293.62 296.49 297.7 300.57 300.68 300.32 298.11 296.56 287.45 292.36 293.12 284.12 278.4 293.14 298.47 300.5 299.51 304.15 302.39 302.04 298.62 293.93 296.1 291.95 293.7 295.39 296.29 285.62 279.25 283.56 290.01 293.92 293.32 295.78 296.95 297.07
-9999 -9999 198.8438 203.9302 207.55 210.69 212.85 220 224.46 228.5 234.67 239.51 241.8 241.5 244.96 248.37 252.01 253.06 254.83 258.27 261.17 263.21 264.47 265.11 260.83 258.32 263.46 268.64 273.28 276.72 279.29 281.94 286.68 286.15 289.34 293.1 295.16 295.76 296.44 296.59 298.54 298.67 297.87 298.78 298.39 291.64 289.5 292.25 295.77 297.38 300.1 306.24 304.25 306.96 307.52 308.09 305.5 302.63 299.4 293.58 290.85 289.22 296.57 293.27 289.97 289.75 286.18 289.9 293.09 291.36 289.11 294.73 298.06
-9999 -9999 199.13 203.56 208.48 212.66 217.49 223.45 227.23 231.71 236.79 240.55 240.59 242.98 244.95 247.34 250.94 254.49 257.09 259.42 263.09 264.68 266.25 267.18 264.9 255.97 259.26 270.84 278.15 279.68 281.9 285.94 288.51 287.59 290.95 291.64 292.09 296.32 296.01 294.7 296.5 298.18 297.31 301.31 305.16 303.59 306.88 306.46 306.81 302.8 304.14 309.46 309.28 309.91 302.77 305.97 305.57 302.24 302.63 300.6 300.22 303.3 303.72 299.12 292.01 292.59 294.76 293.62 289.83 290.83 286.59 295.68 299.78
-9999 -9999 202.35 206.25 210.45 209.76 220.32 224.79 229.56 234.81 238.4 239.61 241.85 244.3 246.71 248.41 252.19 256.29 256.94 259.67 263.65 265.14 264.9 267.25 269.17 269 269.4 273.27 279.41 282.58 282.18 287.33 288.47 289.3 290.51 290.62 292.15 294.05 294.9 295.84 292.01 297.25 304.69 305.48 307.91 308.13 309.83 309.29 311.35 310.32 307.65 308.77 310.57 309.92 305.93 301.07 304.07 304.64 305.44 301.94 296.68 300.92 305.46 303.99 296.6 296 298.48 300.93 300.42 296.53 299.54 302.87 302.11
-9999 202.9844 205.74 208.55 210.16 216.89 224.13 227.45 233.08 237.1895 238.9 240.64 242.91 244.66 247.17 249.41 253.74 255.12 257.24 260.95 263.2 264.92 266.45 266.7 269.08 271.57 274.95 276.89 280.88 284.79 285.27 288.3 288.74 290.06 291.01 292.49 295.46 296.68 296.1 298.05 301.11 305.94 307.29 308.89 310.73 310.71 311.47 312.43 312.55 312.08 310.63 311.09 307.81 307 306.73 303.91 300.3 304.76 305.51 300.38 297.41 299.42 301.14 303.12 299.86 298.32 301.76 303.4 303.67 303.84 303.58 303.13 302.52
-9999 203.83 207.33 209.82 212.58 218.94 228.3298 232.2 236.0345 237.89 239.49 241.79 243.76 246.59 249.13 251.25 253.86 255.48 257.67 259.88 262.45 264.72 266.84 269.14 270.46 272.25 275.77 279.64 281.23 284.12 287.94 289.05 290.63 292.17 293.16 295.08 296.94 299.34 299.52 299.96 302.5 307.31 308.45 309.93 311.09 311.7 312.06 308.94 308.68 313.07 311.64 310.28 311.33 309.2 308.14 305.74 303.17 301.99 304.66 306.23 306.19 299.53 300.9 305.66 301.41 304.14 303.94 303.85 304.07 304.07 303.98 303.4 303.03
-9999 203.5408 205.29 209.75 212.78 222.2474 231.4304 235.24 237.5 239.36 241.63 244.37 247.04 248.29 250.16 252.35 254.61 256.72 258.53 257.97 259.88 261.49 264.27 266.74 268.84 270.71 271.62 275.32 282.24 285.56 288.16 288.53 289.76 292.01 293.96 295.87 297.83 299.67 300.69 301.7 306.35 307.8 308.81 309.53 310.02 311.07 311.32 311.6 311.97 310.26 310.9 313.15 309.56 302.8 306.78 305.15 305.58 306.67 307.27 303.41 306.53 305.97 304.15 305.85 303.44 304.9 303.53 303.83 304.64 304.37 304.47 303.98 303.06
-9999 204.11 206.76 213.21 223.26 229.0833 235.1481 237.18 239.16 240.64 241.71 243.95 245.97 247.26 250.16 251.43 252.91 254.83 256.6 257.64 259.55 261.02 259.53 261.82 266.16 269.82 269.23 274.17 282.53 286.72 287.81 287.52 288.51 291.53 293.89 295.72 297.56 298.73 301.35 304.02 304.79 305.74 307.14 306.43 307.31 307.96 308.22 311.79 311 310.8 310.48 311.52 313.01 308.61 311.75 309.75 307.35 305.69 302.41 301.97 306.23 307.04 302.83 304 306.23 305.89 305.68 305.34 303.89 303.66 303.12 299.46 300.74
202.1235 204.45 209.17 219.26 229.8404 -9999 -9999 238.78 240.26 241.63 243.29 244.48 245.78 246.43 248.16 249.31 249.72 251.39 253.63 254.82 257.45 258.73 261.28 260.03 261.83 269.99 274.69 279.15 283 284.58 285.11 285.48 287 289.37 291.43 293.16 294.26 296.36 300.07 299.94 300.49 301.23 302.28 304.11 301.41 306.11 307.14 310.08 309.19 308.33 307.14 307.75 309.3 314.65 310.35 310.46 310.9 311.67 306.28 306.18 303.54 305.34 305.91 304.59 303.82 303.1 300.04 302.49 304.97 304.88 304.77 303.26 302.7
208.6 211.5775 217.1351 225.2078 231.7778 237.0833 237.9213 240 241.03 242.09 242.74 244.4 245.41 246.93 247.36 246.85 246.64 247.65 250.25 252.75 254.61 258.13 257.98 261.33 266.35 269.01 277.17 279.55 280.34 282.08 282.64 283.87 286.01 288.03 289.94 292.44 293.69 294.49 297.42 300.98 300.19 298.46 298.61 302.21 302.97 304.07 306.26 305.33 305.62 303.09 305.66 307.34 311.82 313.97 313.32 315.22 314.72 312.18 310.88 309.55 305.73 302.38 303.3 304.91 305.15 302.55 298.79 300.79 306.91 305.77 303.77 304.32 303.63
-9999 -9999 -9999 227.6622 232.4805 236.4286 237.82 239.76 241.51 242.69 244 245.17 245.8 245.12 244.69 245.47 245.61 246.41 248.61 253.52 256.15 259.5 262.24 264.13 268.23 272.84 275.46 278.42 278 277.91 278.47 280.58 283.64 285.53 287.15 289.71 291.11 292.5 294.7 298.43 297.67 297.54 296.76 298.12 302.34 300.71 302.19 300.11 303.22 307.13 309.95 311.27 312.81 312.48 308.16 313.61 311.39 307.7 308.88 307.09 305.91 303.47 303.2 304.15 303.18 303.48 306.34 307.35 302.79 307.22 303.59 304.35 303.48
-9999 -9999 -9999 -9999 231.16 233.58 234.8384 239.2941 242.4286 243.8462 243.78 245.54 246.83 245.34 245.8 246.46 245.76 248.13 251.68 253.24 256.72 260.15 262.34 264.11 266.72 271.71 275.82 276.66 277.17 275.9 276.36 276.25 274.82 278.95 279.31 286.75 289.13 289.19 291.45 295.42 298.67 293.59 295.98 298.15 301.17 297.57 296.53 300.14 303.07 307.81 308.27 308.18 308.48 310.08 310.68 312.32 313.11 313.15 309.49 301.28 297.9 302.01 304.39 305.33 310.11 309.03 306.58 307.94 308.86 305.72 304.71 303.53 301.81
-9999 -9999 -9999 -9999 227.6667 228.9 -9999 240.3529 -9999 243.8846 245.23 246.06 247.25 248.51 248.26 248.72 250.61 251.8 252.62 254.31 257.68 260.86 262.43 264.73 267.78 271.95 275.54 275.83 276.53 276.91 276.01 274.21 271.04 272.25 274.56 280.82 286.87 285.03 288.09 291.58 296.13 297.12 296.52 295.93 297.83 297.51 299.41 302.4 302.43 302.85 306.18 305.6 306.15 309.21 308.52 308.1 309.09 309.57 311.23 310.6 306.49 297.48 298.71 299.69 301.57 309.91 313.84 306.61 301.09 296.49 295.07 303.16 303
-9999 -9999 -9999 -9999 -9999 -9999 -9999 -9999 241.4821 242.6225 244.4 246.75 247.98 248.31 250.31 248.52 250.24 252 252.82 252.5 256.16 259.31 262.65 265.64 269.31 273.06 273.9 275.41 276.43 275.21 276.05 273.65 272.74 281.83 281.78 283.1 282.81 284.67 285.81 287.59 291.56 294.36 293.65 296.99 297.02 298.5 300.12 300.62 300.65 302.48 303.46 302.04 304.14 305.69 305.97 305.85 306.05 307.24 306.76 307.31 309.56 309.27 310.99 306.45 305.92 306.44 316.37 309.24 309.21 307.17 302.2 304.7 305.12
-9999 -9999 -9999 -9999 -9999 -9999 -9999 -9999 -9999 241.53 242.25 244.35 247.52 249.4 251.55 251.52 251.69 251.98 252.7 255.33 255.6 255.5 260.7 265.48 269.26 272.44 273.67 275.18 275.17 276.64 275.97 276.08 279.89 282.66 283.56 285.18 284.7 284.85 284.72 285.32 286.55 289.5 292.03 293.83 295.76 296.96 299.74 299.23 299.7 303.56 304.56 305.45 302.07 299.06 305.19 307.25 305.13 306.44 305.91 306.65 305.44 306.1 307.51 314.52 310.37 313.46 318.23 317.06 316.32 317.53 316.46 315.25 317.79
