layers/wordclim/future/Iberia_wcB2a_10_hadcm3_2080/bio_13.asc
ncols         166
nrows         93
xllcorner     -9.4959440078468
yllcorner     36.000324005443
cellsize      0.083333337679505
NODATA_value  -9999
[rows 34 to 67 of 93, columns 76 to 151 of 166]
58.83 59.32 61.06 63.46 64.79 63.88 64.1 64.75 65.64 66.01 62.07 63.9 63.47 65.35 60.2 59.62 59.42 57.04 55.01 51.49 49.28 45.81 44.57 46.93 47.94 50.11 46.21 46.1 44.66 44.89 45.96 48.16 49.25 51.47 53.67 55.03 58.91 62.23 64.19 67.21 70.74 74.8 77.62 84.1 87.75 88.61 95.14141 -9999 -9999 -9999 -9999 -9999 -9999 -9999 -9999 -9999 -9999 -9999 -9999 -9999 -9999 -9999 -9999 -9999 -9999 -9999 -9999 -9999 -9999 -9999 -9999 -9999 -9999 -9999 -9999 -9999
56.72 58.66 62.95 64.35 63.62 61.55 61.54 65.11 64.89 62.43 62.66 63.34 62.08 61.87 61.13 60.06 57.72 58.65 57.68 53.5 47.49 44.32 46.02 51.91 52.41 50.62 50.48 51.24 49.66 51.42 53.03 52.58 53.13 53.91 54.81 57.29 60.23 64.42 66.57 70.36 74.67 79.49 81.71 89.06 92 94.8 96.77465 -9999 -9999 -9999 -9999 -9999 -9999 -9999 -9999 -9999 -9999 -9999 -9999 -9999 -9999 -9999 -9999 -9999 -9999 -9999 -9999 -9999 -9999 -9999 -9999 -9999 -9999 -9999 -9999 -9999
58.11 63.49 63.77 63.29 65.09 60.47 57.79 58.13 60.22 63.59 68.81 69.57 69.55 65.59 64.66 65.22 62.18 62.34 58.75 57.54 49.06 44.51 47.56 53.15 49.85 49.76 51.81 53.8 53.32 51.59 54.05 54.08 54.48 55.5 57.08 60.17 64.16 67.59 70.86 75.32 76.66 78.84 83.92 89.87 92.98 95.07217 98.21506 100.9884 103 -9999 -9999 -9999 -9999 -9999 -9999 -9999 -9999 -9999 -9999 -9999 -9999 -9999 -9999 -9999 -9999 -9999 -9999 -9999 -9999 -9999 -9999 -9999 -9999 -9999 -9999 -9999
61.18 62.62 61.59 64.51 65.02 59.43 61.16 64.13 66.26 66 67.07 68.81 69.81 69.08 67.39 66.53 66.88 69.42 62.14 60.53 54.12 46.68 44.47 50.21 49.09 46.79 47.78 52.85 53.28 55.53 58.31 58.75 60.97 58.55 59.41 61.74 65.63 69.92 72.35 74.42 77.06 81.54 86.71 90.94 92.69149 -9999 -9999 -9999 -9999 -9999 -9999 -9999 -9999 -9999 -9999 -9999 -9999 -9999 -9999 -9999 -9999 -9999 -9999 -9999 -9999 -9999 -9999 -9999 -9999 -9999 -9999 -9999 -9999 -9999 -9999 -9999
64.2 60.67 63.03 64.69 62.59 58.99 62.68 62.48 62.84 61.07 61.67 63.72 66.35 68.31 73.44 71.16 72.1 73.47 67.67 61.88 56.9 48.4 44.3 46.69 47.75 45.29 49.31 60.14 54.48 58.14 62.65 64.74 68.91 62.48 63.1 64.2 67.29 71.13 72.92 75.15 78.63 83.14 87.64 91.1 -9999 -9999 -9999 -9999 -9999 -9999 -9999 -9999 -9999 -9999 -9999 -9999 -9999 -9999 -9999 -9999 -9999 -9999 -9999 -9999 -9999 -9999 -9999 -9999 -9999 -9999 -9999 -9999 -9999 -9999 -9999 -9999
63.51 62.88 64.47 62.89 60.07 58.62 59.46 57.43 58.18 58.43 62.7 63.97 67.31 69.36 71.32 73.58 72.04 73.6 69.94 62.68 54.54 48.54 44.38 45.02 46.68 45.13 54.12 58.21 59.78 64.97 73.58 73.09 70.02 68.78 66.01 66.88 69.33 71.88 73.38 76.38 79.9 83.94 87.68 90.34 -9999 -9999 -9999 -9999 -9999 -9999 -9999 -9999 -9999 -9999 -9999 -9999 -9999 -9999 -9999 -9999 -9999 -9999 -9999 -9999 -9999 -9999 -9999 -9999 -9999 -9999 -9999 -9999 -9999 -9999 -9999 -9999
62.75 62.92 62.29 58.7 59.68 57.96 62.63 63.44 59.29 62.01 61.67 62.74 63.73 68.63 69.42 71.51 72.87 72.22 66.29 58.8 55.93 52.59 45.51 43.72 42.02 45.11 52.74 54.01 58.35 65.08 76.59 75.94 70.77 67.11 66.03 65.78 69.73 71.49 74.6 77.61 81.22 84.6 87.61446 -9999 -9999 -9999 -9999 -9999 -9999 -9999 -9999 -9999 -9999 -9999 -9999 -9999 -9999 -9999 -9999 -9999 -9999 -9999 -9999 -9999 -9999 -9999 -9999 -9999 -9999 -9999 -9999 -9999 -9999 -9999 -9999 -9999
63.54 63.12 59.36 60.78 62.88 59.57 60.73 63.23 63.57 65.24 65.46 65.96 66.35 69.53 71.52 70.67 67.35 72.87 68.32 64.57 60.71 54.35 49.16 44.25 40.89 45.46 50.19 47.42 50.73 58.26 66.51 65.1 66.63 66.88 66.78 67.57 70.27 73.36 76.47 78.08 81.43 85.10976 -9999 -9999 -9999 -9999 -9999 -9999 -9999 -9999 -9999 -9999 -9999 -9999 -9999 -9999 -9999 -9999 -9999 -9999 -9999 -9999 -9999 -9999 -9999 -9999 -9999 -9999 -9999 -9999 -9999 -9999 -9999 -9999 -9999 -9999
62.95 60.17 59.9 64.44 64.55 62.21 65.85 64.63 64.57 64.8 67.15 70.18 66.83 69.47 68.34 67.39 69.5 67.79 66.17 59.86 64.01 51.03 47.16 41.98 43.75 50.83 50.11 47.09 49.34 52.59 56.88 60.57 61.78 65.65 67.12 68.12 70.81 73.93 76.61 78.77 80.92105 -9999 -9999 -9999 -9999 -9999 -9999 -9999 -9999 -9999 -9999 -9999 -9999 -9999 -9999 -9999 -9999 -9999 -9999 -9999 -9999 -9999 -9999 -9999 -9999 -9999 -9999 -9999 -9999 -9999 -9999 -9999 -9999 -9999 -9999 -9999
59.94 60.33 61.95 64.99 65.82 64.99 66.56 67.01 66.83 68.89 69.5 70.04 69.39 69.98 69.74 68.66 65.24 63.25 59.46 57.96 58.16 50.1 41.07 41.9 49.39 65.14 62.63 51.81 51.09 52.86 56.03 58.22 61.74 64.91 66.79 69.58 71.8 74.83 77.78 78.72727 -9999 -9999 -9999 -9999 -9999 -9999 -9999 -9999 -9999 -9999 -9999 -9999 -9999 -9999 -9999 -9999 -9999 -9999 -9999 -9999 -9999 -9999 -9999 -9999 -9999 -9999 -9999 -9999 -9999 -9999 -9999 -9999 -9999 -9999 -9999 -9999
62.84 62.92 63.5 64.88 65.69 65.68 66.23 68.06 67.75 70.21 69.94 67.99 70.2 69.46 68.13 64.32 61.46 61.05 56.1 55.53 57.62 50.61 42.76 46.06 55.72 66.04 61.44 54.37 54.59 54.98 58.34 59.91 63.18 66.45 68.33 70.34 72.67 75.12 76.8806 -9999 -9999 -9999 -9999 -9999 -9999 -9999 -9999 -9999 -9999 -9999 -9999 -9999 -9999 -9999 -9999 -9999 -9999 -9999 -9999 -9999 -9999 -9999 -9999 -9999 -9999 -9999 -9999 -9999 -9999 -9999 -9999 -9999 -9999 -9999 -9999 -9999
64.62 63.85 63.77 64.64 65.59 63.74 63.97 65.85 66.47 67.68 67.06 68.75 69.49 68.15 66.12 60.92 58.42 56.06 55.74 54.9 52.46 48.24 45.22 44.69 47.2 52.25 57.2 62.77 58.7 56.84 59.67 62.05 65.05 68.31 71.28 71.93 73.04 74.54639 -9999 -9999 -9999 -9999 -9999 -9999 -9999 -9999 -9999 -9999 -9999 -9999 -9999 -9999 -9999 -9999 -9999 -9999 -9999 -9999 -9999 -9999 -9999 -9999 -9999 -9999 -9999 -9999 -9999 -9999 -9999 -9999 -9999 -9999 -9999 -9999 -9999 -9999
63.68 63.17 63.43 63.81 63.9 63.58 64.17 63.96 65.57 65.27 63.76 67.76 68.37 67.13 65.01 59.98 58.7 53.72 55.34 56.51 51.71 47.34 47.68 47.21 47.23 49.08 51.51 55.97 59.77 58.73 61.48 64.67 68.08 70.5 73.51 74.73 75.30303 -9999 -9999 -9999 -9999 -9999 -9999 -9999 -9999 -9999 -9999 -9999 -9999 -9999 -9999 -9999 -9999 -9999 -9999 -9999 -9999 -9999 -9999 -9999 -9999 -9999 -9999 -9999 -9999 -9999 -9999 -9999 -9999 -9999 -9999 -9999 -9999 -9999 -9999 -9999
62.63 62.9 62.68 64.35 64.62 64.59 62.58 62.9 64.19 63.27 61.56 62.61 63.68 64.07 62.56 58.62 56.78 54.15 51.45 50.22 48.39 48.9 49.27 47.08 48.02 50.24 52.06 55.26 58.18 60.23 63.46 66.02 70.61 74.45 76.73 78.31 -9999 -9999 -9999 -9999 -9999 -9999 -9999 -9999 -9999 -9999 -9999 -9999 -9999 -9999 -9999 -9999 -9999 -9999 -9999 -9999 -9999 -9999 -9999 -9999 -9999 -9999 -9999 -9999 -9999 -9999 -9999 -9999 -9999 -9999 -9999 -9999 -9999 -9999 -9999 -9999
62.18 62.32 62.1 62.88 62.9 63.67 62.02 62.36 63.38 62.26 59.48 59.25 61.09 61.2 59.76 57.9 55.1 52.11 49.05 47.65 47.87 51.44 47.7 48.31 49.46 51.99 54.32 57.56 61.23 64.62 68.57 71.32 72.28 76.95 80.3 81.3421 -9999 -9999 -9999 -9999 -9999 -9999 -9999 -9999 -9999 -9999 -9999 -9999 -9999 -9999 -9999 -9999 -9999 -9999 -9999 -9999 -9999 -9999 -9999 -9999 -9999 -9999 -9999 -9999 -9999 -9999 -9999 -9999 -9999 -9999 -9999 -9999 -9999 -9999 -9999 -9999
62 61.72 62.43 63.29 61.68 61.58 62.15 60.53 61.61 60.9 58.72 57.6 56.9 57.23 56.43 55.12 54.08 53.1 49.77 47.13 48.92 48.52 47.25 49.7 52.33 53.85 55.49 59.7 64.05 67.85 72.32 76.57 80.03 82.15 83.54256 -9999 -9999 -9999 -9999 -9999 -9999 -9999 -9999 -9999 -9999 -9999 -9999 -9999 -9999 -9999 -9999 -9999 -9999 -9999 -9999 -9999 -9999 -9999 -9999 -9999 -9999 -9999 -9999 -9999 -9999 -9999 -9999 -9999 -9999 -9999 -9999 -9999 -9999 -9999 -9999 -9999
61.12 61 61.18 61.45 59.91 60.43 60.98 60.41 59.48 58.45 57.61 57.97 56.56 54.24 53.46 52.13 51.57 50.34 48.95 45.94 47.05 47.71 47.94 50.02 51.92 54.63 56.68 59.66 64.41 69.34 74.41 79.56 83.95 87.07 -9999 -9999 -9999 -9999 -9999 -9999 -9999 -9999 -9999 -9999 -9999 -9999 -9999 -9999 -9999 -9999 -9999 -9999 -9999 -9999 -9999 -9999 -9999 -9999 -9999 -9999 -9999 -9999 -9999 -9999 -9999 -9999 -9999 -9999 -9999 -9999 -9999 -9999 -9999 -9999 -9999 -9999
61.87 60.9 60.2 60.1 59.35 58.78 58.34 57.69 57.55 56.46 56.99 56.89 53.7 52.37 51.54 50.94 49.7 48.88 46.75 44.5 46.22 47.1 48.16 50.7 52.62 55.67 57.68 60.87 65.22 70.1 75.58 81 85.84 88.73 -9999 -9999 -9999 -9999 -9999 -9999 -9999 -9999 -9999 -9999 -9999 -9999 -9999 -9999 -9999 -9999 -9999 -9999 -9999 -9999 -9999 -9999 -9999 -9999 -9999 -9999 -9999 -9999 -9999 -9999 -9999 -9999 -9999 -9999 -9999 -9999 -9999 -9999 -9999 -9999 -9999 -9999
61.1 60.24 60 59.12 58 57.8 57.13 56.3 55.04 54.59 54.31 52.97 51.53 51.12 50.4 49.65 48.24 47.44 47.04 45.6 45.31 46.77 48.48 51.4 53.45 56.55 58.73 62.39 67.13 71.03 75.79 80.58 85.11 87.74 -9999 -9999 -9999 -9999 -9999 -9999 -9999 -9999 -9999 -9999 -9999 -9999 -9999 -9999 -9999 -9999 -9999 -9999 -9999 -9999 -9999 -9999 -9999 -9999 -9999 -9999 -9999 -9999 -9999 -9999 -9999 -9999 -9999 -9999 -9999 -9999 -9999 -9999 -9999 -9999 -9999 -9999
60.56 60 60 58.04 58 57.4 57.04 56.37 55.66 54.08 53.43 52.48 50.96 49.76 48.62 47.65 46.96 46.59 45.92 46.18 46.91 47.63 49.2 52.05 54.08 57.27 59.66 63.31 66.9 69.88 75.73 80 84.03 86.74 88.55556 -9999 -9999 -9999 -9999 -9999 -9999 -9999 -9999 -9999 -9999 -9999 -9999 -9999 -9999 -9999 -9999 -9999 -9999 -9999 -9999 -9999 -9999 -9999 -9999 -9999 -9999 -9999 -9999 -9999 -9999 -9999 -9999 -9999 -9999 -9999 -9999 -9999 -9999 -9999 -9999 -9999
61 60.29 60 59.48 59.09 58.94 58.14 56.83 55.97 54.07 52.74 50.9 50.12 48.29 47.4 46.66 45.24 44.98 45.15 44.82 46.21 48.16 49.99 52.99 54.77 57.82 60.23 63.33 67.29 70.61 75.03 79.4 82.78 85.72 87.30303 -9999 -9999 -9999 -9999 -9999 -9999 -9999 -9999 -9999 -9999 -9999 -9999 -9999 -9999 -9999 -9999 -9999 -9999 -9999 -9999 -9999 -9999 -9999 -9999 -9999 -9999 -9999 -9999 -9999 -9999 -9999 -9999 -9999 -9999 -9999 -9999 -9999 -9999 -9999 -9999 -9999
61.26 60.85 60.55 60.63 60.35 60.04 59.36 58.4 57.71 55.41 52.91 50.63 49.02 47.66 46.79 46.06 45.52 45.12 44.59 45.57 47.41 49.83 52.8 54.26 55.49 58.05 60.95 63.85 67.65 70.78 74.65 78.23 81.65 84.93 86.36 -9999 -9999 -9999 -9999 -9999 -9999 -9999 -9999 -9999 -9999 -9999 -9999 -9999 -9999 -9999 -9999 -9999 -9999 -9999 -9999 -9999 -9999 -9999 -9999 -9999 -9999 -9999 -9999 -9999 -9999 -9999 -9999 -9999 -9999 -9999 -9999 -9999 -9999 -9999 -9999 -9999
63.32 62.96 63.27 64.18 63.68 62.82 61.72 60.62 60.09 58.23 54.63 50.96 48.58 47.21 46.21 45.06 44.32 45.84 47.64 48.99 51.58 54.09 56.68 55.48 56.07 57.44 61.35 64.14 67.28 70.19 73.9 77.26 80.65 83.69 85.51 88.45679 -9999 -9999 -9999 -9999 -9999 -9999 -9999 -9999 -9999 -9999 -9999 -9999 -9999 -9999 -9999 -9999 -9999 -9999 -9999 -9999 -9999 -9999 -9999 -9999 -9999 -9999 -9999 -9999 -9999 -9999 -9999 -9999 -9999 -9999 -9999 -9999 -9999 -9999 -9999 -9999
66.66 66.97 66.61 64.79 64.97 64.62 64.47 63.83 63.28 60.46 56.43 52.08 49.48 47.5 46.11 44.52 45.32 48.53 51.14 51.74 54.46 54.69 52.93 53.73 56.25 58.37 62.28 63.38 66.21 69.58 73.04 76.48 79.83 82.22 84.75 90.08 97.625 -9999 -9999 -9999 -9999 -9999 -9999 -9999 -9999 -9999 -9999 -9999 -9999 -9999 -9999 -9999 -9999 -9999 -9999 -9999 -9999 -9999 -9999 -9999 -9999 -9999 -9999 -9999 -9999 -9999 -9999 -9999 -9999 -9999 -9999 -9999 -9999 -9999 -9999 -9999
67.3 66.8 67.82 66.71 65.2 65.12 64.62 63.16 62.93 61.41 57.57 53.97 50.69 48.55 46.6 46.54 46.94 48.05 50.08 51.37 52.63 52.81 53.06 53.74 55.93 57.94 61.44 63.16 65.87 69.23 72.42 75.57 78.84 81.07 84.12 89.48 100.33 110.194 -9999 -9999 -9999 -9999 -9999 -9999 -9999 -9999 -9999 -9999 -9999 -9999 -9999 -9999 -9999 -9999 -9999 -9999 -9999 -9999 -9999 -9999 -9999 -9999 -9999 -9999 -9999 -9999 -9999 -9999 -9999 -9999 -9999 -9999 -9999 -9999 -9999 -9999
67.68 67.45 68.18 68.02 66.67 65.87 65.32 63.9 62.62 60.48 58.9 56.75 54.87 53.2 50.16 49.98 49.49 49.96 51.65 51.73 52.6 52.49 52.2 54.27 56.88 58.58 60.75 62.38 65.97 69.06 70.99 74.5 78.41 80.19 83.29 87.33 94.27 108.21 120 126.3196 -9999 -9999 -9999 -9999 -9999 -9999 -9999 -9999 -9999 -9999 -9999 -9999 -9999 -9999 -9999 -9999 -9999 -9999 -9999 -9999 -9999 -9999 -9999 -9999 -9999 -9999 -9999 -9999 -9999 -9999 -9999 -9999 -9999 -9999 -9999 -9999
69.7 68.9 68.75 68.59 68.96 67.19 64.73 63.42 64.6 65.59 66.01 64.68 63.26 58.57 53.93 51.02 51.63 50.66 50.65 50.72 51.17 53.21 52.22 53.1 55.98 58.01 59.69 62.25 65.76 69.17 71.76 74.74 76.92 79.76 83.97 86.9 92.16 100.15 112.45 121.5422 -9999 -9999 -9999 -9999 -9999 -9999 -9999 -9999 -9999 -9999 -9999 -9999 -9999 -9999 -9999 -9999 -9999 -9999 -9999 -9999 -9999 -9999 -9999 -9999 -9999 -9999 -9999 -9999 -9999 -9999 -9999 -9999 -9999 -9999 -9999 -9999
71.58 70.46 69.27 70.12 67.25 65.68 61.31 64.57 69.71 71.96 66.42 66.01 62.36 57.83 54.05 51.73 49.36 48.7 48.93 49.05 50.06 51.9 53.38 53.46 55.03 56.83 59.38 61.09 65.12 69.42 70.91 75.4 77.83 80.39 83.41 86.55 93.09 100.2632 -9999 -9999 -9999 -9999 -9999 -9999 -9999 -9999 -9999 -9999 -9999 -9999 -9999 -9999 -9999 -9999 -9999 -9999 -9999 -9999 -9999 -9999 -9999 -9999 -9999 -9999 -9999 -9999 -9999 -9999 -9999 -9999 -9999 -9999 -9999 -9999 -9999 -9999
72.51 70.33 71.41 68.34 64.18 63.36 65.62 73.31 74.26 73.23 67 60.78 57.61 54.24 51.06 49.74 49.31 48.1 46.5 47.22 49.27 49.98 52.11 53.5 54.4 56.88 60.37 60.56 63.97 69.46 69.92 72.65 74.33 77.83 77.64 80.91111 89.39683 -9999 -9999 -9999 -9999 -9999 -9999 -9999 -9999 -9999 -9999 -9999 -9999 -9999 -9999 -9999 -9999 -9999 -9999 -9999 -9999 -9999 -9999 -9999 -9999 -9999 -9999 -9999 -9999 -9999 -9999 -9999 -9999 -9999 -9999 -9999 -9999 -9999 -9999 -9999
72.79 71.95 69.48 65.5 63.98 65.65 67.07 67.75 71.38 71.04 63.09 58.71 55.04 51.74 51.64 49.29 47.07 46.15 46.74 48.55 49.89 49.66 50.17 52.6 57.35 57.15 58.78 59.86 62 66.32 67.02 68.6 70.26 72.36487 -9999 -9999 -9999 -9999 -9999 -9999 -9999 -9999 -9999 -9999 -9999 -9999 -9999 -9999 -9999 -9999 -9999 -9999 -9999 -9999 -9999 -9999 -9999 -9999 -9999 -9999 -9999 -9999 -9999 -9999 -9999 -9999 -9999 -9999 -9999 -9999 -9999 -9999 -9999 -9999 -9999 -9999
71.71 69.98 67.36 63.24 63.19 64.78 65.01 70.69 73.27 66.52 57.02 53.52 53.75 52.95 49.95 47.58 47.95 47.05 46.73 47.35 47.33 48.63 50.41 50.53 54.03 55.58 58.15 59.05 58.91 61.32 63.75 65.19 66.75641 -9999 -9999 -9999 -9999 -9999 -9999 -9999 -9999 -9999 -9999 -9999 -9999 -9999 -9999 -9999 -9999 -9999 -9999 -9999 -9999 -9999 -9999 -9999 -9999 -9999 -9999 -9999 -9999 -9999 -9999 -9999 -9999 -9999 -9999 -9999 -9999 -9999 -9999 -9999 -9999 -9999 -9999 -9999
72.7 69.14 64.15 68.6 72.62 66.75 75.83 78.38 70.09 67.64 62.1 62.21 62.99 62.28 56.7 52.21 47.87 46.23 47.01 46.56 46.09 48.4 49.52 53.99 53.69 54.2 56.14 58.04 57.77 59.28 61.45 62.28947 -9999 -9999 -9999 -9999 -9999 -9999 -9999 -9999 -9999 -9999 -9999 -9999 -9999 -9999 -9999 -9999 -9999 -9999 -9999 -9999 -9999 -9999 -9999 -9999 -9999 -9999 -9999 -9999 -9999 -9999 -9999 -9999 -9999 -9999 -9999 -9999 -9999 -9999 -9999 -9999 -9999 -9999 -9999 -9999
71.92 68.89 70.79 71.84 73.18 71.74 80.71 78.46 71.92 78.07 67.59 69.93 68.94 67.49 61.23 51.3 48.53 47.64 47.61 47.52 48.7 47.48 48.69 50.44 49.3 50.42 52.05 53.45 54.42 56.96 59.45652 61.44828 -9999 -9999 -9999 -9999 -9999 -9999 -9999 -9999 -9999 -9999 -9999 -9999 -9999 -9999 -9999 -9999 -9999 -9999 -9999 -9999 -9999 -9999 -9999 -9999 -9999 -9999 -9999 -9999 -9999 -9999 -9999 -9999 -9999 -9999 -9999 -9999 -9999 -9999 -9999 -9999 -9999 -9999 -9999 -9999
72.14 72.22 73.24 84.84 71.4 81.87 86.39 83.45 81.47 78.99 76.96 74.15 74.86 65.18 64.55 56.1 50.59 49.58 49.88 50.37 52.37 50.08 48.2 48.94 48.66 48.89 50.1 52.11 53.39 55.87 -9999 -9999 -9999 -9999 -9999 -9999 -9999 -9999 -9999 -9999 -9999 -9999 -9999 -9999 -9999 -9999 -9999 -9999 -9999 -9999 -9999 -9999 -9999 -9999 -9999 -9999 -9999 -9999 -9999 -9999 -9999 -9999 -9999 -9999 -9999 -9999 -9999 -9999 -9999 -9999 -9999 -9999 -9999 -9999 -9999 -9999
