layers/wordclim/future/Iberia_wcB2a_10_hadcm3_2080/bio_15.asc
ncols         166
nrows         93
xllcorner     -9.4959440078468
yllcorner     36.000324005443
cellsize      0.083333337679505
NODATA_value  -9999
[rows 34 to 67 of 93, columns 0 to 76 of 166]
-9999 -9999 -9999 -9999 -9999 -9999 -9999 -9999 -9999 -9999 62.69388 62.95 63.35 64.48 66.03 66.38 66.98 66.97 67.81 68.57 69.02 69.6 69.77 69.64 69.72 69.46 68.97 67.92 67.6 67.19 66.65 65.93 64.73 64.03 63.01 61.74 60.88 59.82 58.41 57.22 56.07 55.05 53.84 52.8 51.68 50.62 49.03 46.87 45.35 44.7 43.85 43.61 43.27 42.8 42.63 42.21 41.39 42.15 42.9 41.72 41.77 42.54 42.76 43.25 43 42.7 42.1 43 42.74 43.22 45.13 46.44 47.06 46.23 45 44.75 44.43
-9999 -9999 -9999 -9999 -9999 -9999 -9999 -9999 -9999 -9999 62.78652 62.91 63.25 64.91 65.08 66.02 66.4 66.33 67.33 68.09 68.84 69.07 69.48 69.49 69.41 69.13 68.79 68.02 67.77 66.91 66.64 66.05 65.04 64.11 63.23 61.9 60.99 60.03 58.83 57.6 56.46 55.23 54.32 53.12 51.9 50.13 48.9 47.87 46.75 45.55 44.75 44.06 43.55 43 42.9 42.63 42.18 42.29 42 41.74 41.83 41.96 42.54 42.27 42.17 42.36 42.6 42.82 44.81 46.72 47.39 49.01 48.31 46.79 46.22 45.68 45.34
-9999 -9999 -9999 -9999 -9999 -9999 -9999 -9999 -9999 62.83784 63 62.91 63.25 63.84 65 65.53 66.31 66.56 67.4 67.94 68.22 68.37 68.76 68.94 68.98 68.75 68.43 68.1 68.13 67.45 66.49 66 65.32 64.25 63.1 62.24 61.37 60.21 59.12 57.95 57.01 55.84 54.68 53.16 51.84 51.09 49.86 48.49 47.81 46.72 45.64 44.68 44.46 43.64 43.46 42.94 42.69 41.98 41.81 41.98 41.94 41.89 42.16 42.33 42.84 44.17 44.74 46.32 47.03 47.2 49.69 51.33 49.88 48.7 47.48 47.27 45.91
-9999 -9999 -9999 -9999 -9999 -9999 -9999 -9999 -9999 62.98649 63.04124 63.18 63.18 63.64 64.68 66.22 66.88 66.51 66.73 67.34 67.85 68.26 68.78 68.67 68.55 68.46 68.42 68.63 68.09 67.58 66.65 65.94 65.18 64.26 63.34 62.59 61.46 60.53 59.47 58.16 56.92 56.26 54.98 53.98 52.79 51.68 50.6 49.55 48.46 46.98 46.34 45.74 45.25 44.97 43.97 43.52 43.08 42.85 42.71 42.52 42.23 42.23 42.38 42.69 44.11 46.06 45.95 47.07 49.65 51.01 52.02 52.82 51.57 50.57 49.41 48.37 46.39
-9999 -9999 -9999 -9999 -9999 -9999 -9999 -9999 -9999 63.16 63.23 63.15 63.24 63.72 64.85 66.4 65.34 65.83 66.27 66.95 67.53 67.87 67.92 68.54 69.33 69.35 68.77 68.54 67.85 67.41 66.68 66.07 65.33 64.37 63.45 62.7 61.71 60.81 59.6 58.57 57.5 56.52 55.59 54.77 53.55 52.24 50.94 49.79 49.07 48.12 47.21 46.66 46.44 45.31 44.35 44.27 43.82 43.49 43.29 43.12 43.05 43.17 43.58 43.98 45.65 46.98 48.75 50.33 51.73 52.14 53.16 53.93 53.48 52.85 51.48 48.48 47.26
-9999 -9999 -9999 -9999 -9999 -9999 -9999 -9999 63.27419 63.08 63.34 63.48 63.52 63.8 64.48 64.85 65.07 65.45 66.03 66.5 67.4 68 68.97 70.15 69.8 69.11 68.45 68.4 67.82 67.28 66.72 66.23 65.49 64.47 63.77 63.05 62.09 61.16 60.12 59.15 58.1 57.67 56.44 55.2 54.12 53.06 51.68 50.59 50 49.07 48.42 48.17 47.33 46.7 46.27 45.5 44.79 44.42 44.56 44.63 45.01 45.7 45.59 45.91 47.5 48.77 49.76 51.15 52.24 52.74 53.51 55.46 55.7 54.14 50.6 48.14 47.67
-9999 -9999 -9999 -9999 -9999 -9999 -9999 -9999 63.54945 63.33 63.3 63.45 63.69 64.08 64.27 64.36 64.95 65.34 66.04 66.84 67.43 69.05 69.38 69.85 68.86 68.05 67.99 68.16 67.67 67.39 66.87 66.19 65.63 64.72 63.83 63.2 62.11 61.22 60.47 59.83 59.4 58.32 56.98 55.69 54.51 53.67 52.56 51.57 50.7 50.06 49.44 48.77 47.93 47.35 46.42 45.78 45.8 45.39 44.99 44.78 45.97 46.94 47.02 47.96 49.51 49.29 50.22 51.32 52.58 53.58 54.23 54.99 54.75 52.6 50.28 49.47 48.94
-9999 -9999 -9999 -9999 -9999 -9999 -9999 -9999 63.6 63.62 63.37 63.52 63.65 64.16 64.3 64.55 65.01 65.49 66.15 66.99 67.76 68.76 69.06 69.22 68.1 67.71 67.58 67.87 67.63 67.18 66.91 66.29 65.63 64.79 64.01 63.37 62.61 61.8 60.97 60.5 59.73 59.04 57.85 56.56 55.19 54.34 53.16 52.28 51.46 51.05 50.59 49.55 49.04 48.34 47.53 47.45 47.86 47.83 46.96 46.65 46.58 47.17 48.67 49.98 49.51 49.54 50.77 51.42 52.04 53.57 54.25 54.47 54.05 51.91 50.62 50.15 48.75
-9999 -9999 -9999 -9999 -9999 -9999 -9999 64.13699 64.03 63.87 63.84 63.61 63.58 63.94 64.52 64.84 65.31 65.93 67.02 68.23 68.57 68.03 67.77 67.67 67.3 67.65 67.29 67.41 67.16 66.87 66.21 65.64 65.33 64.64 64.07 63.32 62.65 62.29 61.31 60.43 60.39 59.57 58.38 56.62 56.17 54.92 54.12 53.07 52.62 52.03 51.13 50.43 50.45 50.67 50.03 50.34 49.63 48.59 48.3 47.61 48.67 49.31 49.48 49.68 49.32 49.94 51.09 51.25 52.16 52.45 53.65 53.68 53.17 52.34 51.39 50.2 49.77
-9999 -9999 -9999 -9999 -9999 -9999 -9999 -9999 64.23864 64.3 64.31 63.96 63.95 64.2 64.4 65.55 66.24 66.89 67.25 67.8 67.85 67.33 67.68 67.95 67.62 67.32 66.78 66.96 66.76 66.22 66.08 65.52 65.02 64.57 64 63.45 62.82 62.14 61.75 61.41 60.98 60.11 58.53 57.96 56.68 56.53 55.87 55.23 54.98 54.92 54.87 53.83 53.07 52.23 51.43 50.74 49.38 48.98 50.13 50.43 50.44 49.96 49.87 49.72 49.96 50.71 50.73 51.24 51.85 52.31 53.12 53.08 52.31 51.32 51.05 50.79 50.28
-9999 -9999 -9999 -9999 -9999 -9999 -9999 64.93333 64.98 64.7 64.45 64.44 64.49 64.55 65.82 66.65 66.61 66.8 66.93 66.97 67.04 67.72 67.29 67.88 67.21 66.73 66.77 66.57 66.6 66.4 66.15 65.38 64.9 64.63 64.27 63.82 63.27 63.05 62.18 61.8 61.58 60.85 59.9 59.31 58.4 58.56 57.82 56.99 56.67 55.96 56.11 54.5 54.6 53.85 53.29 51.96 51.73 51.72 52.18 51.28 51.04 50.48 50.53 50.03 50.24 50.64 51.04 51.62 51.56 51.99 52.77 52.54 52.58 52.19 51.61 50.78 49.77
-9999 -9999 -9999 -9999 -9999 -9999 -9999 65.25 65.36 65.3 65.06 65.07 65.03 65.06 65.55 66.01 65.86 66.52 67.07 67.15 67.3 67.29 66.84 66.99 66.92 66.46 66.59 66.24 66.11 65.85 65.58 65.37 64.77 64.53 64.53 64.12 63.65 63.27 62.74 62.39 61.89 61.32 61.02 60.49 59.92 59.51 58.46 57.87 57.38 57.21 56.28 55.44 55.25 54.83 54.13 53.66 53.38 53.33 52.68 52.09 51.6 51.17 51.02 50.58 50.86 50.71 50.92 51.69 52.5 52.09 51.65 51.54 51.49 51.34 50.73 49.49 48.98
-9999 -9999 -9999 -9999 -9999 -9999 66.06349 65.78 65.48 65.65 65.54 65.28 65.25 65.52 65.61 65.46 66.02 66.57 67.14 67.31 67.12 66.95 66.7 66.94 66.95 66.57 66.21 66.07 65.92 65.68 65.48 65.29 64.78 64.59 64.65 64.47 64.03 63.54 63.21 62.51 62.22 61.96 61.61 61.41 61.01 60.24 59.45 58.72 58.07 57.73 56.95 56.32 56 56.1 55.2 54.91 53.51 53.4 53.88 53.44 53.07 52.53 52.02 51.65 51.4 51.1 51.58 51.76 52.16 52.01 51.9 51.26 51.21 50.96 50.54 50.08 49.72
-9999 -9999 -9999 -9999 -9999 -9999 66.35714 66.42 65.94 65.72 66.05 65.95 65.72 65.92 65.93 65.96 66.03 66.23 66.66 66.99 66.66 66.52 66.49 66.79 66.56 66.44 66.32 65.95 65.93 65.8 65.53 65.2 64.95 64.41 64.61 64.5 64.28 64.04 63.6 63.43 63.33 63.02 62.09 61.79 61.04 60.76 59.96 59.33 58.78 58.48 57.53 57.34 56.78 56.35 56.26 55.7 54.63 53.78 53.63 53.29 52.89 53.37 52.63 51.49 51.26 51.24 51.02 51.45 51.57 52.06 51.98 51.99 51.74 51.24 51.07 50.75 50.36
-9999 -9999 -9999 -9999 -9999 67.17857 66.92 66.92 66.69 66.28 66.2 66.47 66.23 66.2 66.02 66.02 66.29 66.37 66.48 66.48 66.34 66.16 66.33 66.26 66.28 66.15 66.4 65.75 65.74 65.42 65.41 65.05 64.97 64.56 64.51 64.62 64.54 64.58 64.32 64.14 63.76 63.28 62.93 62.25 61.15 60.68 60.39 59.99 59.29 58.71 58.34 57.97 57.41 57.3 55.99 55.69 54.96 54.37 54.05 53.8 53.41 53.55 52.44 51.91 51.77 51.27 51.16 51.7 52.22 51.7 51.56 51.92 51.62 51.27 50.96 51.02 50.28
-9999 -9999 -9999 -9999 -9999 67.47561 67.36 66.86 67.01 66.63 66.53 66.26 66.69 66.66 66.59 66.61 66.48 66.69 66.61 66.42 66.26 66.24 66.21 66.3 66.42 66.26 66.14 65.96 65.33 65.2 65.58 65.31 65.14 64.71 64.84 65.03 65.32 65.01 64.99 64.71 64.25 64.16 63.36 63.1 62.42 61.91 61.28 60.48 59.68 59.09 58.71 57.9 57.91 57.7 56.53 55.98 55.16 54.77 54.23 53.75 53.6 53.41 52.99 52.59 52.42 51.91 51.78 52.37 52.33 51.98 51.96 52 51.79 51.43 51.46 51.48 50.5
-9999 -9999 -9999 -9999 -9999 68.25253 68 67.24 66.69 66.68 66.79 67.23 66.89 67.15 66.78 66.78 66.56 66.53 66.46 66.53 66.41 66.46 66.34 66.58 66.4 66.27 66.15 66.15 65.87 65.33 64.7 65.11 64.83 64.82 65.02 64.86 65.34 65.33 65.25 65.08 64.68 64.52 64.34 63.45 62.98 62.61 62.15 61.51 60.13 59.59 58.81 58.79 58.53 58.84 58.03 57.1 56.37 55.95 54.7 55.13 54.04 53.72 53.36 53.13 52.65 52.76 52.57 53.04 52.93 52.51 52.48 52.08 51.84 51.76 51.99 51.51 51.14
-9999 -9999 -9999 69.42857 69.26 68.66 68.33 67.67 67.57 67.51 67.57 67.26 67.17 67.29 67.02 67.03 66.67 66.92 66.74 66.61 66.54 66.54 66.6 66.57 66.65 66.41 66.19 65.87 65.87 65.53 64.97 64.52 64.69 64.9 64.8 64.97 65.5 65.94 65.89 65.48 65.17 64.78 64.45 63.97 63.81 62.48 62.42 61.94 60.88 60.1 60.59 60.31 60.14 59.47 59.45 58.66 58.38 58.07 57.13 56.73 55.69 55.27 54.85 54.69 53.81 52.88 52.83 53.12 53.23 53.04 52.66 52.22 52.56 52.56 51.64 51.58 51.3
-9999 -9999 69.90625 70.01163 69.74 69.33 68.97 68.91 68.55 67.84 67.94 67.95 67.47 67.19 67.37 67.13 67.24 66.92 66.84 66.78 66.52 66.44 66.56 66.42 66.8 66.89 66.48 66.29 65.78 65.52 65.18 64.7 64.86 64.85 65.16 65.09 65.13 66.02 66.17 66.29 65.74 65.39 65.48 64.8 64.17 63.62 62.9 62.73 62.49 62.05 61.92 62.06 61.7 61.33 60.55 60.38 59.53 59.46 58.29 57.63 56.72 55.83 56.05 55.44 54.62 54.63 53.8 53.9 54.06 53.51 52.92 53.18 53.89 52.93 52.02 51.39 50.99
-9999 -9999 70.33 70.28 70.05 69.92 69.56 69.46 69.06 68.86 68.43 68.07 67.85 67.49 67.2 67.19 67.19 66.86 66.75 66.6 66.4 66.57 66.35 66.39 66.44 66.78 66.59 66.03 65.54 65.28 64.84 64.61 64.61 64.87 65.18 65.23 65.33 65.71 66.21 66.4 66.46 65.8 65.63 65.15 65.05 64.58 64.6 64.29 64.1 63.47 63.38 63.3 62.83 62.5 61.05 61.01 60.61 59.67 59.46 58.75 58.25 57.88 57.12 56.12 55.6 55.16 55.04 54.58 54.19 53.85 53.4 53.7 53.83 53.34 53.37 52.69 50.59
-9999 -9999 71.04 70.93 70.64 69.96 70.15 69.62 69.12 69.28 68.98 68.32 68.02 67.66 67.25 67.97 67.55 67.29 67.24 66.84 66.63 66.36 66.29 66.11 65.64 65.81 65.94 65.72 65.11 64.72 64.79 64.75 64.97 65.06 65.3 65.24 65.34 65.65 66.13 66.21 65.93 65.92 65.91 65.67 65.69 65.54 65.4 65.39 65.43 64.65 64.49 64.04 63.74 63.38 62.62 61.27 61.64 61.06 60.38 60.21 59.06 58.55 58.75 57.43 56.67 56.01 55.93 55.84 55.36 54.72 54.51 54.48 54.11 53.71 52.98 52.11 51.35
-9999 71.46875 71.55 71.35 71.13 71.06 70.71 70.25 70.07 69.8421 69.36 68.56 68.4 67.83 67.59 67.05 67.57 67.15 67.2 66.75 66.67 66.33 66.31 66.13 65.87 65.46 65.33 65.1 64.84 64.42 64.66 64.97 64.76 64.97 65.46 65.44 65.66 65.7 65.84 66.38 66.36 66.41 65.96 65.82 66.64 66.14 66.3 65.92 65.93 66.01 65.6 64.94 64.44 63.96 63.8 62.92 62.14 62.05 61.54 60.61 60.02 59.67 59.09 58.78 57.81 57.09 57.01 57.01 56.33 55.94 55.81 55.59 55.43 54.27 54.09 53.85 52.11
-9999 72.31 72.44 72.16 71.79 71.4 71.15958 70.42223 70.33334 69.93 69.6 69.3 68.52 68.14 67.92 67.5 67.36 67.29 66.91 66.65 66.6 66.41 66.39 66.04 65.87 65.78 65.24 64.77 64.62 64.26 64.53 64.61 64.7 64.81 65.09 65.33 65.5 66.1 65.98 66.03 66.73 66.6 67.24 66.44 66.8 67.17 67.24 66.71 66.59 67.04 66.26 65.7 65.85 65.21 64.92 64.24 63.28 62.59 62.14 62.04 61.61 60.49 60.21 60.2 59.01 58.83 58.4 58.08 57.71 56.88 56.56 56.03 55.97 55.36 54.43 53.94 52.95
-9999 73.72449 73.33 72.88 71.98 71.79382 71.81013 71.82 71.15 70.03 69.64 69.37 68.94 68.52 68.27 67.55 67.08 67.36 67.26 66.64 66.21 66.2 66.22 66.15 65.85 65.7 65.47 65 64.37 64.15 64.11 64.53 64.73 64.91 65.57 66.38 66.31 66.83 66.48 66.55 67.12 68.02 67.71 67.39 67.3 67.24 67.8 67.69 67.49 67.29 67 67.02 66.43 65.4 65.83 65.2 64.54 64.19 63.79 62.78 62.93 62.08 61.15 61.04 60.17 59.68 59.05 58.51 58.36 57.94 57.04 56.61 56.41 55.88 55.27 54.5 53.13
-9999 74.87 74.74 73.65 73.02 72.33334 71.97531 71.74 71.26 70.54 70 69.42 69.07 68.61 68.33 67.56 66.94 66.37 66.61 66.84 66.61 66.02 66.24 66.09 65.92 65.61 65.55 65.14 64.82 64.26 64.12 64.6 64.99 65.15 65.71 66.22 66.72 67.17 67.1 67.42 67.52 67.54 67.88 67.54 67.8 67.84 68.09 68.5 68.3 68.06 67.49 67.54 67.64 66.92 66.67 66.36 65.85 65.2 64.57 63.91 63.97 63.38 62.03 61.66 61.12 60.97 60.36 59.64 59.57 58.93 57.89 57.47 57.37 56.92 56.12 55.36 53.65
73.37037 74.93 75.37 74.3 73.06383 -9999 -9999 71.86 71.13 70.52 70.42 69.55 68.83 68.84 68.1 67.84 66.94 66.74 66.85 66.56 66.33 65.91 65.85 65.92 65.81 65.57 65.6 65.22 65.32 64.69 64.32 64.74 65.17 65.3 65.85 66.78 66.86 67.04 67.59 67.59 67.59 67.75 67.96 68.08 68.3 68.66 68.67 68.46 68.94 68.29 68.09 68.03 68.12 68.57 67.79 67.66 67 66.86 65.82 65.5 64.53 64.11 63.41 62.68 62.34 61.64 60.67 60.79 60.18 59.91 59.33 58.75 58.25 57.31 56.72 56.09 54.9
73.84 75.02817 75.02702 73.8961 72.88889 72.70834 72.30337 72.29 71.59 71.2 70.59 69.83 69.4 68.61 68.08 67.71 66.99 66.41 66.1 66.26 65.91 66.37 66.07 65.99 65.51 65.84 65.92 65.97 65.52 65.42 65.26 65.37 65.57 66 66.03 66.68 67.24 67.18 67.73 68.56 68.16 68.39 68.71 68.71 68.87 68.96 69.24 69.14 69.07 69.03 68.84 68.72 69.26 69.13 69.09 69.54 68.81 67.84 67.35 66.8 65.79 64.76 64.28 63.91 63.71 62.59 61.64 61.37 61.77 61.09 60.15 59.28 58.86 58.22 57.41 56.61 55.78
-9999 -9999 -9999 73.25676 72.74026 72.58334 72.64 72.36 71.79 71.63 70.89 70.29 69.72 68.62 68.36 67.67 67.2 66.32 65.83 65.73 65.81 66.52 66.34 65.95 66.28 66.36 66.08 66.25 66.17 66.06 65.88 65.91 66.27 66.48 66.8 67.09 67.4 67.68 67.87 68.4 68.52 68.91 69.07 69.32 69.58 69.55 69.8 69.75 69.65 69.76 70.38 70.4 70.27 70.39 69.27 69.94 69.38 68.3 68.2 67.63 67.04 65.8 65.21 64.65 64.69 64.04 63.69 63.22 62.16 62.49 61.22 60.53 59.89 58.91 58.12 57.35 56.44
-9999 -9999 -9999 -9999 72.87 72.54 72.17171 72.10588 71.46154 71.42857 71.16 70.45 70.35 69.27 68.54 67.94 67.6 66.95 66.43 65.97 66.56 66.39 66.52 66.66 66.7 66.28 66.55 66.28 66.54 66.53 66.48 66.5 67.03 67.06 67.6 67.58 67.92 68.31 68.42 68.71 69.2 69.53 69.53 69.72 70.11 69.93 70.14 70.19 70.11 70.81 70.47 70.6 70.62 70.34 70.52 70.68 70.48 69.92 69.28 67.77 66.91 66.79 66.72 66.55 66.63 65.71 64.77 64.41 64.02 62.59 62.33 60.99 60.07 59.86 58.72 58.42 57.17
-9999 -9999 -9999 -9999 72.39507 71.95715 -9999 72.29412 -9999 71.80769 71.24 71.22 70.58 70.18 69.33 68.65 68.3 67.83 67.16 67.01 66.82 66.94 66.83 67.09 67.15 67.22 67.37 67.05 66.61 67.12 67.28 67.2 67.57 67.6 68.02 68.3 68.66 68.93 68.96 69.07 69.75 69.85 70.25 70.26 70.27 71.12 70.9 70.98 70.92 70.85 71.42 71.27 71.47 71.41 71.14 70.77 70.79 70.35 70.08 70.01 69.19 67.26 66.97 66.59 66.44 66.88 66.86 65.16 64.12 62.89 62.01 62.39 61.37 60.5 60 59.28 58.12
-9999 -9999 -9999 -9999 -9999 -9999 -9999 -9999 71.80357 72.03061 71.81052 71.41 70.94 70.64 69.84 69.23 68.63 67.95 67.57 67.37 67.31 67.34 67.44 67.85 67.75 67.77 68.41 67.76 67.6 67.55 67.69 67.72 67.84 68.42 68.49 68.67 69.25 69.62 69.63 69.92 70.18 70.65 70.6 70.88 71.15 71.29 71.25 71.55 71.93 71.75 71.89 71.73 71.82 71.59 71.74 71.45 71.31 71.29 70.82 70.37 70.42 69.95 69.49 68.51 68.13 67.46 68.03 66.72 66.07 65.28 63.85 63.45 62.47 62.3 61.51 60.47 59.06
-9999 -9999 -9999 -9999 -9999 -9999 -9999 -9999 -9999 71.77 72.14 71.65 71.16 70.75 70.21 69.83 69.52 69.03 68.2 68.49 67.55 67.52 67.4 68.19 68.49 68.3 69.05 68.75 68.69 68.52 68.19 68.56 68.48 69.14 69.28 69.5 69.74 69.94 70.1 70.36 70.76 70.99 71.46 71.43 71.97 71.77 72.04 72.2 72.17 72.63 72.9 72.92 72.23 71.87 72.49 72.65 71.99 71.9 71.44 71.4 70.54 70.17 69.82 70.34 69.66 69.39 69.41 68.68 67.86 67.54 66.5 65.53 65.08 64.28 63.35 61.68 60.38
-9999 -9999 -9999 -9999 -9999 -9999 -9999 -9999 -9999 71.76 71.54 71.91 71.54 71.36 71.02 70.45 69.98 69.54 68.9 68.73 68.55 68.24 68.48 68.75 69 69.11 68.77 69.14 69.36 69.37 69.25 69.36 69.31 69.18 69.41 70 70.2 70.49 70.53 70.89 71.13 71.56 71.85 72.18 72.39 72.72 73.07 72.8 73.06 73.02 73.21 73.44 73.64 73.54 72.99 73.22 73.45 73.18 72.24 72.28 71.86 71.81 70.77 71.66 70.88 70.52 70.63 69.83 69.8 69.33 68.57 67.43 67.07 65.15 63.39 62.18 61.6
-9999 -9999 -9999 -9999 -9999 -9999 -9999 -9999 72.46154 72.02 71.21 71.96 72.03 71.88 71.72 71.49 70.97 70.79 69.77 69.33 69.6 69.76 69.74 69.28 69 69.48 69.47 69.5 69.87 69.84 69.8 70.01 69.87 70.04 69.95 70.24 70.38 70.59 71.26 71.4 72.09 72.28 72.6 72.51 72.62 73.04 73.58 73.92 73.89 74.08 73.97 74.06 73.76 74.31 74.91 74.57 74.67 74.68 74.22 74.16 74.44 74.03 73.27 73.17 72.63 72.36 71.64 71.89 71.32 70.7 69.32 68.68 67.65 66.16 65.01 63.7 62.54
