layers/wordclim/future/Iberia_wcB2a_10_hadcm3_2080/bio_16.asc
ncols         166
nrows         93
xllcorner     -9.4959440078468
yllcorner     36.000324005443
cellsize      0.083333337679505
NODATA_value  -9999
[rows 0 to 32 of 93, columns 73 to 145 of 166]
-9999 -9999 -9999 -9999 -9999 -9999 -9999 -9999 -9999 -9999 -9999 -9999 -9999 -9999 -9999 -9999 -9999 -9999 -9999 -9999 -9999 -9999 -9999 -9999 -9999 -9999 -9999 -9999 -9999 -9999 -9999 -9999 -9999 -9999 -9999 -9999 -9999 -9999 -9999 -9999 -9999 -9999 -9999 -9999 -9999 -9999 -9999 -9999 -9999 -9999 -9999 -9999 -9999 -9999 -9999 -9999 -9999 -9999 -9999 -9999 -9999 -9999 -9999 -9999 -9999 -9999 -9999 -9999 -9999 -9999 -9999 -9999 -9999
-9999 -9999 -9999 -9999 -9999 -9999 -9999 -9999 -9999 -9999 -9999 -9999 -9999 -9999 -9999 -9999 -9999 -9999 -9999 -9999 -9999 -9999 -9999 -9999 -9999 -9999 -9999 -9999 -9999 -9999 -9999 -9999 -9999 -9999 -9999 -9999 -9999 -9999 -9999 -9999 -9999 -9999 -9999 -9999 -9999 -9999 -9999 -9999 -9999 -9999 -9999 -9999 -9999 -9999 -9999 -9999 -9999 -9999 -9999 -9999 -9999 -9999 -9999 -9999 -9999 -9999 -9999 -9999 -9999 -9999 -9999 -9999 -9999
-9999 -9999 -9999 -9999 -9999 -9999 -9999 -9999 -9999 -9999 -9999 -9999 -9999 -9999 -9999 -9999 -9999 -9999 -9999 -9999 -9999 -9999 -9999 -9999 -9999 -9999 -9999 -9999 -9999 -9999 -9999 -9999 -9999 -9999 -9999 -9999 -9999 -9999 -9999 -9999 -9999 -9999 -9999 -9999 -9999 -9999 -9999 -9999 -9999 -9999 -9999 -9999 -9999 -9999 -9999 -9999 -9999 -9999 -9999 -9999 -9999 -9999 -9999 -9999 -9999 -9999 -9999 -9999 -9999 -9999 -9999 -9999 -9999
-9999 -9999 -9999 -9999 -9999 -9999 -9999 -9999 -9999 -9999 -9999 -9999 -9999 -9999 -9999 -9999 -9999 -9999 -9999 -9999 -9999 -9999 -9999 -9999 -9999 -9999 -9999 -9999 -9999 -9999 -9999 -9999 -9999 -9999 -9999 -9999 -9999 -9999 -9999 -9999 -9999 -9999 -9999 -9999 -9999 -9999 -9999 -9999 -9999 -9999 -9999 -9999 -9999 -9999 -9999 -9999 -9999 -9999 -9999 -9999 -9999 -9999 -9999 -9999 -9999 -9999 -9999 -9999 -9999 -9999 -9999 -9999 -9999
439.84 445.8427 451.7963 -9999 -9999 502.3563 503.13 496.27 491.9651 488.6282 483.7818 -9999 -9999 -9999 -9999 -9999 -9999 -9999 -9999 -9999 -9999 -9999 -9999 -9999 -9999 -9999 -9999 -9999 -9999 -9999 -9999 -9999 -9999 -9999 -9999 -9999 -9999 -9999 -9999 -9999 -9999 -9999 -9999 -9999 -9999 -9999 -9999 -9999 -9999 -9999 -9999 -9999 -9999 -9999 -9999 -9999 -9999 -9999 -9999 -9999 -9999 -9999 -9999 -9999 -9999 -9999 -9999 -9999 -9999 -9999 -9999 -9999 -9999
422.71 427.87 435.83 452.16 464.3673 488.7677 487.82 483.34 474.42 472.61 470.85 471.5252 471.7808 470.8333 479.8033 482.3934 491.881 490.0208 498.65 506.32 494.2838 -9999 -9999 -9999 -9999 -9999 -9999 -9999 -9999 -9999 -9999 -9999 -9999 -9999 -9999 -9999 -9999 -9999 -9999 -9999 -9999 -9999 -9999 -9999 -9999 -9999 -9999 -9999 -9999 -9999 -9999 -9999 -9999 -9999 -9999 -9999 -9999 -9999 -9999 -9999 -9999 -9999 -9999 -9999 -9999 -9999 -9999 -9999 -9999 -9999 -9999 -9999 -9999
400.03 405.85 414.98 428.23 435.13 439.01 455.62 452.62 446.93 441.7 442.55 446.31 452.25 458.29 472.54 480.48 481.67 489.46 493.58 493.39 486.42 484.66 479.37 469.55 -9999 -9999 -9999 -9999 -9999 -9999 -9999 -9999 -9999 -9999 -9999 -9999 -9999 -9999 -9999 -9999 -9999 -9999 -9999 -9999 -9999 -9999 -9999 -9999 -9999 -9999 -9999 -9999 -9999 -9999 -9999 -9999 -9999 -9999 -9999 -9999 -9999 -9999 -9999 -9999 -9999 -9999 -9999 -9999 -9999 -9999 -9999 -9999 -9999
375.61 384.42 389.85 400.63 405.41 412.84 414.16 415.45 409.05 412.65 414.39 416.68 423.18 431.92 440.76 448.58 457.7 465.94 463.64 467.07 467.7 465.69 459.85 455.3151 -9999 -9999 -9999 -9999 -9999 -9999 -9999 -9999 -9999 -9999 -9999 -9999 -9999 -9999 -9999 -9999 -9999 -9999 -9999 -9999 -9999 -9999 -9999 -9999 -9999 -9999 -9999 -9999 -9999 -9999 -9999 -9999 -9999 -9999 -9999 -9999 -9999 -9999 -9999 -9999 -9999 -9999 -9999 -9999 -9999 -9999 -9999 -9999 -9999
352.62 357.11 360.96 367.16 374.47 376.6 373.39 379.53 376.12 377.99 380.11 384.38 390.79 397.61 405.34 416.5 427.27 434.7 436.63 442.98 445.6 442.18 431.88 426.075 -9999 411.5595 400.8929 -9999 -9999 -9999 -9999 -9999 -9999 -9999 -9999 -9999 -9999 -9999 -9999 -9999 -9999 -9999 -9999 -9999 -9999 -9999 -9999 -9999 -9999 -9999 -9999 -9999 -9999 -9999 -9999 -9999 -9999 -9999 -9999 -9999 -9999 -9999 -9999 -9999 -9999 -9999 -9999 -9999 -9999 -9999 -9999 -9999 -9999
330.6 334.03 337.92 340.75 344.56 345.56 344.74 348.42 347.02 348.77 355.17 361.34 373.93 373.43 377.13 386.66 396.98 405.3 415.54 424.01 429.78 430.47 420.44 412.32 403.19 394.27 386.5 379.66 374.7634 369.2295 366.54 381.5862 -9999 -9999 -9999 -9999 -9999 -9999 -9999 -9999 -9999 -9999 -9999 -9999 -9999 -9999 -9999 -9999 -9999 -9999 -9999 -9999 -9999 -9999 -9999 -9999 -9999 -9999 -9999 -9999 -9999 -9999 -9999 -9999 -9999 -9999 -9999 -9999 -9999 -9999 -9999 -9999 -9999
309.92 314.91 318.39 317.65 322.19 323.11 323.15 317.28 314.46 314.28 316.77 321.55 327.71 345.48 352.49 361.07 370.93 382.23 388.11 401.96 410.46 411.32 405.81 393.52 385.98 377.03 369.36 358.86 355.47 348.49 350.95 370.81 374.2895 -9999 -9999 -9999 -9999 -9999 -9999 -9999 -9999 -9999 -9999 -9999 -9999 -9999 -9999 -9999 -9999 -9999 -9999 -9999 -9999 -9999 -9999 -9999 -9999 -9999 -9999 -9999 -9999 -9999 -9999 -9999 -9999 -9999 -9999 -9999 -9999 -9999 -9999 -9999 -9999
287.39 288.83 293.31 299.8 292.6 295.59 290.49 290.11 293.46 296.06 304.32 304.64 320.27 328.48 328.8 334.4 351.95 354.33 361.56 373.19 388.25 397.95 386.91 378.96 368.1 356.43 347.28 337.02 330.34 321.64 327.36 338.12 346.95 375.9785 363.806 382.4487 362.7159 400.7677 416.9105 -9999 -9999 -9999 -9999 -9999 -9999 -9999 -9999 -9999 -9999 293.35 326.83 366.3846 375.0727 -9999 -9999 -9999 -9999 -9999 -9999 -9999 -9999 -9999 -9999 -9999 -9999 -9999 -9999 -9999 -9999 -9999 -9999 -9999 -9999
272.43 274.08 281.13 279.16 267.44 265.44 263.61 266.02 264.08 265.61 280.32 274.63 275.28 282.55 291.87 297.54 300.98 312.47 330.58 342.41 354.01 362.17 356.04 350.39 342.82 330.46 323.44 316.33 309.92 299.25 295.99 291.94 290.89 310.62 323.65 381.53 353.74 319.08 387.74 358.7391 -9999 -9999 -9999 354.3611 -9999 391.1482 -9999 -9999 -9999 318.4796 302.71 326.39 346.47 359.25 331.9878 360.746 359.6818 -9999 -9999 -9999 -9999 -9999 -9999 -9999 -9999 -9999 -9999 -9999 -9999 -9999 -9999 -9999 -9999
248.24 250.55 252.66 255.36 251.93 247.55 241.76 248.91 261.58 265.85 253.49 252.24 254.22 252.08 240.95 254.65 272.12 279.17 292.2 307.54 323.78 328.79 326.91 323.46 316.7 306.08 300.16 295.07 281.29 271.14 259.88 263.54 266.45 262.99 264.75 286.66 293.52 273.81 310.18 290.44 334.1 352.82 321.6 295.51 349.26 350.07 382.65 325.16 406.78 384.37 364.31 367.58 370.67 343.31 283.9 320.44 323.66 375.8454 -9999 -9999 -9999 -9999 -9999 -9999 -9999 -9999 -9999 -9999 -9999 -9999 -9999 -9999 -9999
238.15 237.1 238.37 237.15 229.34 223.68 219.74 213.2 208.65 204.52 197.58 196.77 197.09 194.98 198.79 215.57 229.62 246.15 258.98 272.11 289.5 297.16 300.1 296.32 286.28 278.84 272.05 270.67 265.94 264.83 248.24 236.68 243.61 236.55 244.02 233.64 227.34 256.21 278.75 260.17 269.23 260.66 233.09 256.76 329.62 316.37 288.99 326.06 342.31 322.84 330.51 347.4 378.18 371.14 289.16 259.98 290.97 343.51 -9999 -9999 -9999 -9999 -9999 -9999 -9999 -9999 -9999 -9999 -9999 -9999 -9999 -9999 -9999
224.15 226.79 222.89 219.69 217.19 210.95 208.02 200.04 189.07 185.79 173 159.78 152.67 153.51 169.19 188.44 203.6 218.33 234.11 243.03 256.35 259.98 268.48 267.09 261.88 263.13 260.18 257 249.73 252.7 246.71 226.97 222.69 215.42 218.48 208.13 204.78 228.99 244.17 251.44 218.81 219.78 199.76 236.84 261.73 264.97 269.82 292.41 278.71 269.83 293.11 344.12 335.74 330.28 267.99 283.14 308.52 314.19 -9999 -9999 374.619 370.9684 345.7978 275.5 255.1176 -9999 -9999 -9999 -9999 -9999 -9999 -9999 -9999
225.88 224.69 219.76 229.98 230.6 217.15 208.53 187.14 187.3 206.8 181.44 168.72 157.36 160.26 161.71 171.64 181.5 195.49 209.95 217.43 225.6 230.85 233.97 235.4 232.56 232.92 235.48 232.81 231.08 230.6 227.07 210 200.63 209.55 205.95 204.13 210.34 209.54 219.06 228.41 229.8 204.6 186.36 189.19 205.5 229.65 247.54 267.49 277.5 261.88 263.47 266.4 257.68 265.37 246.72 306.43 276.43 229.33 213.48 251.15 264.33 254.06 246.06 253.06 293.3972 -9999 369.1 370.37 332.41 305.8941 -9999 -9999 -9999
221.83 236.3 241.87 247.63 230.32 252.04 228.36 196.14 218.85 233.73 211.17 214.74 222.26 198.85 208.87 177.36 170.53 178.39 188.03 195.63 201.83 209.49 213.4 212.21 210.77 209.2 207.26 205.23 203.01 198.13 196.64 180.82 175.31 178.88 195.79 209.47 211.21 214.46 237.49 222.18 214.71 199.64 178.17 173.05 206.06 199.6 230.81 221.3 247.87 230.94 246.16 260.01 224.02 216.24 270.8 282.74 252.46 195.17 234.52 286.16 312.46 316.74 284.05 291.85 304.29 293.9 271.46 290.46 291.03 255.99 246.22 251.36 260
233.77 244.41 264.94 265.54 260.8 270.46 236.57 226.45 235.36 209.97 228.22 211.87 234.69 204.29 197.08 178.61 168.79 174.58 172.98 177.29 180.97 187.47 188.86 188.17 189.43 187 184.32 178.14 176.6 174.73 171.15 161.21 154.62 150.53 146.61 147.53 150.89 161.41 158.68 161.72 177.11 177.25 180.31 166.03 184.42 171.82 188.31 209.34 221 204.13 230.18 206.72 186.27 229.65 274.06 243.31 201.87 209.58 263.11 292.52 297.39 283.3 268.89 220.14 250.97 241.3 227.15 220.76 245.34 248.26 234.81 243.06 242.39
196.55 209.83 215.64 220.96 232.31 218.67 227.58 252.51 240.73 229.89 244.06 254.02 237.41 217.01 215.03 196.96 184.65 183.41 164.59 164.41 168.58 169.19 169.67 172.87 173.55 166.74 163.02 158.53 155.16 153.12 149.91 144.76 141.76 138.93 135.09 131.08 128.61 130.31 133.73 136.44 143.42 146.65 151.76 146.91 165.6 168.75 192.64 196.33 203.44 187.83 210.85 172.92 175.61 182.02 223.14 228.66 194.4 218.56 241.91 255.11 220.48 236.6 269.39 191.21 200.53 202.62 214 207.83 250.91 263.63 244.26 257.25 256.11
185.04 187.58 202.79 237.14 248.58 253.09 270.99 263.16 265.73 265.11 261.9 243.35 224.71 231.13 215.67 200.5 172.79 159.45 157.33 157.27 154.48 154.48 155.14 156.23 160.04 156.87 146.69 146.06 147.65 145.94 139.82 133.17 131.31 127.15 125.57 122.52 120.79 121.31 124.83 126.27 131.63 132.65 133.05 133.95 167.44 178.55 185.93 173.32 184.91 206.1 213.81 179.39 217.85 205.31 197.12 180.22 166.38 175.93 183.93 187.75 194.51 200.65 183.2 166.77 175.11 179.6 197.55 202.69 210.56 241.68 264.88 261.08 260.88
194.29 181.79 187.44 194.31 200.66 215.66 241.26 231.17 249.46 231.3 231.06 217.95 229.21 230.49 214.53 195.29 171.21 162.51 158.59 158.15 146.27 145.97 142.49 139.67 138.71 137.46 134.88 134.83 137.73 141.08 132.34 123.23 121.48 121.76 119.79 116.19 115.13 117.59 118.72 121.12 124.58 123.62 124.56 126.39 136.77 149.17 166.27 167.39 164.74 186.13 174.35 169.67 194.58 165.11 160.14 163.92 167.79 176.35 189.83 180.56 170.41 170.84 171.65 165.11 170.64 174.26 190.49 199.93 209.45 233.79 254.68 265.54 261.67
181.17 184.85 184.71 189.2 196.31 200.03 200.75 197.11 196.62 196.08 199.52 193.65 193.93 203.96 206.44 192.31 180.73 179.02 165.08 152.56 145.51 146.43 139.12 130.62 127.79 125.98 124.69 127.99 129.43 126.59 121.44 115.72 114.34 116.92 118.33 112.39 111.99 111.83 112.98 116.09 122.48 119.16 117.38 121.74 124.98 131.09 135.74 139.09 149.81 157.51 155.08 149.42 154 151.47 159.09 158.34 162.81 174.06 182.41 188.64 176.02 166.42 167.82 164.27 168.76 179.98 213.1 208.13 219.39 242.63 265.26 267.72 269.38
167.48 170.37 178.02 181.32 182.87 189.52 191.55 192.81 194.58 196.45 188.57 185.4 187.15 190.04 190.67 185.21 182.64 181.39 219.87 199.9 148.97 139.13 130.25 125.03 122.33 118.82 115.34 113.04 113.49 113.91 110.24 109.09 110.78 111.32 116.61 114.48 110.64 110.06 111.11 113.15 115.14 114.77 115.75 119.37 118.85 118.38 119.26 125.78 125.06 128.48 130.55 135.88 141.94 148.95 154.46 162.52 167.31 172.09 176.33 187.29 188.97 178.17 166.85 167.13 172.34 189.26 210.11 221.05 240.13 276.96 279.9 261.62 266.06
162.18 164.77 167.13 170.05 171.42 176.86 174.66 180.99 188.35 186.24 184.46 180.87 174.8 174.23 174.84 171.86 176.02 185.78 191.21 198.93 174.02 146.6 135.66 122.06 116.97 113.79 109.49 107.44 104 102.55 104.05 103.71 107.06 109.34 114.39 116.4 115.71 113.43 110.67 110.74 111.84 113.06 113.32 115.32 115.33 114.8 120.33 124.4 116.96 119.54 125.63 133.47 139.85 146.75 155.55 163.72 172.74 185.4 191.47 189.89 188.49 182.74 173.14 174.52 189.37 201.57 212.33 215.6 228.01 243.64 249.45 258.37 266.11
160.26 160.83 160.99 164.88 162.76 165.37 167.03 168.82 168.16 171.41 176.26 174.96 165.16 163.81 166.46 165.3 167.79 168.56 168.27 156.87 145.2 129.75 126.6 121.02 110.44 107.45 107.9 108.13 102.77 99.38 100.1 99.8 101.28 103.04 104.88 106.89 112.58 116.88 114.96 115.49 120.7 117.22 114.97 114.54 113.85 116.73 117.12 114.19 112.01 119.9 128 136.78 145.12 153.43 161 173.78 184.69 191.86 193.23 187.05 188.28 192.22 196.02 183.06 204.35 203.88 200.16 203.72 215.53 232.35 250.25 261.4445 266.6974
162.25 159.13 157.67 155.86 156.96 161.34 159.67 157.78 162.6 165.06 167.53 163.64 167.29 167.87 161.83 156.66 160.62 152.96 149.03 142.69 141.48 121.27 114.44 112.03 106.67 104.53 104.79 108.34 102.86 102.81 101.75 99.35 99.46 99.93 101.92 103.89 107.26 110.5 113.06 112.88 115.43 117.83 118.34 120.61 118.66 116.99 115.6 115.6 118.85 126.82 135.58 144.59 155.08 165.6 178.88 192.34 201.4 202.74 201.61 193.56 191.6 195 195.82 191.37 195.8 196.9 196.25 204.49 220.68 233.3617 -9999 -9999 -9999
165.63 163 164.47 162.39 160.99 160.23 157.98 159.33 159.4 156.66 154.91 158.7 164.98 162.29 146.97 146.04 144.16 141.11 132.53 123.76 125.07 126.41 108.99 106.89 103.88 101.64 103.11 103.22 101.75 106.71 104.77 101.87 99.62 99.75 99.49 103.33 106.34 110.22 112.54 115.37 117.06 117.81 119.15 121.66 126.52 118.08 121.65 125.92 133.32 145.16 156.65 165.76 172.05 182.93 188.05 190.02 200.64 204.78 213.01 211.3 204.61 197.64 198.06 201.82 202.39 204.28 210.16 215.5851 -9999 -9999 -9999 -9999 -9999
166.71 171.03 174.01 174.64 177.12 175.94 166.05 162.87 167.2 165.95 161.71 157.23 156.12 147.16 135.3 133.74 134.49 129.18 126.41 113.48 113.96 107.86 116.31 117.86 115.47 105.88 102.13 104.07 104.27 109.04 103.19 98.44 99.49 99.1 100.85 103.35 106.07 110.42 114.48 117.59 120.46 122.9 120.36 126.82 126.81 131.02 136.93 145.37 155.37 168.34 178.6 187.26 197.46 198.25 195.19 188.88 195.85 200.61 215.41 211.6 202.81 204.78 211.86 225.26 219.45 220.12 225.1064 -9999 -9999 -9999 -9999 -9999 -9999
189.18 187.92 189.74 187.51 184.38 176.9 171.27 167.97 164.98 165.47 163.67 162.55 152.76 137.8 130.54 124.26 119.95 116.05 115.67 112.14 109.24 106.53 111.46 117.7 117.54 113.54 106.22 106.7 108.2 107.68 104.65 101.31 100.25 100.75 102.83 104.7 106.31 108.82 112.32 114.99 118 121.8 126.41 133.89 138.51 139.85 145.33 145.51 156.27 174.15 194.93 205.1 215.94 224.79 208.16 193.66 197.09 201.67 207.49 203.92 205.23 213.54 216.74 231.4694 232.0617 234.4118 -9999 -9999 -9999 -9999 -9999 -9999 -9999
212.83 201.69 193.26 197.19 184.28 165.45 165.44 158.84 155.09 165.5 163.77 161.53 151.27 140.05 133.05 131.7 132.36 126.89 118.8 113.09 117.72 114.26 109.32 113.29 114.93 114.83 115.7 114.37 109.8 106.91 104.07 105.04 104.4 103.43 105.16 106.21 108.45 112.78 115.98 118.5 123.17 128.25 135.17 137.91 141.96 147.35 156.69 150.72 164.2 181.85 186.99 198.32 207.31 203.78 202.3 203.54 206.69 207.58 209.2653 204.8987 208.7879 -9999 -9999 -9999 -9999 -9999 -9999 -9999 -9999 -9999 -9999 -9999 -9999
188.68 197.18 181.91 183.44 174.99 166.8 161.82 153.62 151.11 160.27 161.18 159.18 159.23 159.21 158.59 154.78 144.09 135.25 129.41 122.65 123.21 123.48 118.32 109.31 113.62 115.58 120.28 120.02 113.59 109.26 107.01 110.53 115.51 111.17 109.07 111.58 113.92 117.58 121.3 128.19 130.56 136.5 142.86 147.07 157.07 167.02 176.77 174.04 173.46 182.43 199.26 211.95 204.03 202.22 205.11 210.2222 -9999 -9999 -9999 -9999 -9999 -9999 -9999 -9999 -9999 -9999 -9999 -9999 -9999 -9999 -9999 -9999 -9999
181.78 168.66 170.39 172.92 157.12 153.32 152.08 149.65 153.86 156.89 160.3 160.1 157.59 161.97 164.57 157.91 146.08 149.44 140.21 131.41 124.51 122.09 122.97 123.79 111.71 119.65 124.66 134.6 125.45 113.96 110.04 111.24 112.74 113.61 114.75 118.71 120.66 123.36 126.01 131.85 139.89 147.59 153.09 159.93 169.36 176.14 183.71 185.89 183.13 205.93 217.86 216.7 204.831 -9999 -9999 -9999 -9999 -9999 -9999 -9999 -9999 -9999 -9999 -9999 -9999 -9999 -9999 -9999 -9999 -9999 -9999 -9999 -9999
