layers/wordclim/future/Iberia_wcB2a_10_hadcm3_2080/bio_10.asc
ncols         166
nrows         93
xllcorner     -9.4959440078468
yllcorner     36.000324005443
cellsize      0.083333337679505
NODATA_value  -9999
[rows 33 to 65 of 93, columns 73 to 145 of 166]
250.83 258.69 258.48 259.34 260.91 263.78 261 258.29 253.1 248.73 247.62 247.31 245.27 243.9 240.29 236.88 235.44 236.13 238.71 240.24 239.84 238.76 241.66 239.99 238.8 242.85 236.62 228.75 227.98 235.81 242.58 250 260.22 261.05 260.54 258.84 265.04 271.82 278.56 277.98 272.24 273.86 278.6 276.8 281.37 279.13 295.23 292.91 290.25 291.99 289.46 291.92 -9999 -9999 -9999 -9999 -9999 -9999 -9999 -9999 -9999 -9999 -9999 -9999 -9999 -9999 -9999 -9999 -9999 -9999 -9999 -9999 -9999
266.92 263.4 265.22 268.69 266.33 261.86 256.08 254.06 254.84 253.18 250.81 247.76 245.98 250.26 244.91 243.07 237.26 242.57 240.15 237.56 237.87 237.34 239.42 239.34 241.53 242.74 237.72 235.18 232.37 238.99 239.93 244.73 250.17 253.01 250.95 255.95 259.64 266.43 273.77 266.09 263.66 269.16 273.59 272.36 267.16 272.33 298.24 298 283.99 296.6869 -9999 -9999 -9999 -9999 -9999 -9999 -9999 -9999 -9999 -9999 -9999 -9999 -9999 -9999 -9999 -9999 -9999 -9999 -9999 -9999 -9999 -9999 -9999
266.62 267.01 270.51 273.83 268.82 260.06 258.18 257.94 260.36 258.84 251.71 250.36 252.58 250.16 246.84 246.09 243.62 241.59 239.86 240.09 235.7 233.76 236.58 241.99 244.34 241.09 231.07 230.11 231.82 233.25 233.79 237.52 236.17 236.48 241.3 245.76 251.86 265.83 264.45 266.62 259.92 264.71 260.14 255.98 248.08 276.46 301.57 301.44 299.25 303.5775 -9999 -9999 -9999 -9999 -9999 -9999 -9999 -9999 -9999 -9999 -9999 -9999 -9999 -9999 -9999 -9999 -9999 -9999 -9999 -9999 -9999 -9999 -9999
272.71 271.3 275.7 273.05 262.51 262.25 261.51 257.15 264.1 267.45 265.49 261.17 253.42 242.88 238.96 236.44 239.41 237.64 233.91 234.13 230.79 232.93 231.59 240.34 246.15 239.86 230.05 233.14 233.59 231.2 229.6 231.27 235.91 235.61 240.29 245.11 254.87 257.88 259.58 255.47 249.75 250.61 244.92 256.62 265.46 288.92 299.26 302.71 304.9485 304.2903 303.1163 302.6956 -9999 -9999 -9999 -9999 -9999 -9999 -9999 -9999 -9999 -9999 -9999 -9999 -9999 -9999 -9999 -9999 -9999 -9999 -9999 -9999 -9999
278.39 276.28 279.68 270.3 267.38 267.81 261.36 258.68 267.78 263.34 257.87 252.33 250.85 246.65 241.24 237.11 235.45 234.98 232.9 229.28 223.68 229.23 228.46 234.1 242.89 246.83 234.78 236.2 239.56 238.04 231.29 232.38 231.01 229.76 232.9 231.96 244.68 251.41 257.21 254.2 249.08 253.07 260 273.39 287.08 293.67 295.72 292.6808 -9999 -9999 -9999 -9999 -9999 -9999 -9999 -9999 -9999 -9999 -9999 -9999 -9999 -9999 -9999 -9999 -9999 -9999 -9999 -9999 -9999 -9999 -9999 -9999 -9999
283.29 283.49 274.61 269.68 273.46 267.75 263.19 265.66 271.89 263.89 262.6 260.69 262.02 258.57 252.13 244.23 238.16 226.55 227.13 223.34 218.93 223.97 227.79 231.9 241.37 249.37 243.42 238.89 245.12 237.96 223.77 231.41 228.72 224.96 224.42 221.24 236.37 243.5 250.71 251.06 249.44 259.43 269.14 284 290.99 296.8 299.62 -9999 -9999 -9999 -9999 -9999 -9999 -9999 -9999 -9999 -9999 -9999 -9999 -9999 -9999 -9999 -9999 -9999 -9999 -9999 -9999 -9999 -9999 -9999 -9999 -9999 -9999
285.82 277.51 272.19 273.82 272.63 267.7 268.95 273.77 274.63 271.54 273.87 270.99 268.72 259.3 254.29 245.41 237.38 231.06 224.92 224.17 219.61 222.03 228.85 235.66 241.92 249.33 248.25 243.7 247.9 231.86 227.3 226.66 221.45 212.81 215.33 221.14 225.81 238.41 243.3 247.59 252.66 269.37 279.42 285.33 291.47 299.28 302.46 -9999 -9999 -9999 -9999 -9999 -9999 -9999 -9999 -9999 -9999 -9999 -9999 -9999 -9999 -9999 -9999 -9999 -9999 -9999 -9999 -9999 -9999 -9999 -9999 -9999 -9999
282.93 277.09 275.91 278.75 274.69 275.24 280.3 276.55 277.68 268.94 265.8 271.26 265.66 264.25 260.12 255.25 241.26 235.85 228.97 224.16 222.49 227.69 234.95 236.2 237.92 247.68 253.16 256.42 247.5 234.34 233.52 230 222.74 210.99 213.03 221.38 230.92 243.76 257.21 259.82 267.92 275.2 285.13 283.42 291.17 297.4096 -9999 -9999 -9999 -9999 -9999 -9999 -9999 -9999 -9999 -9999 -9999 -9999 -9999 -9999 -9999 -9999 -9999 -9999 -9999 -9999 -9999 -9999 -9999 -9999 -9999 -9999 -9999
282.96 281.13 281.94 278.76 278.99 283.46 278.7 272.92 277.5 274.37 268.98 267.33 263.54 261.53 257.93 253.9 242.32 234.04 231.55 233.73 222.58 226.02 228.83 231.41 237.2 242.5 250.71 259.59 248.58 238.86 246.74 245.82 234.43 224.12 229.65 229.93 236.34 245.24 262.19 269.43 270.66 274.47 290.14 293.09 290.6707 -9999 -9999 -9999 -9999 -9999 -9999 -9999 -9999 -9999 -9999 -9999 -9999 -9999 -9999 -9999 -9999 -9999 -9999 -9999 -9999 -9999 -9999 -9999 -9999 -9999 -9999 -9999 -9999
288.41 285.53 283.26 284.18 286.79 284.79 273.92 272.05 275.21 267.66 268.81 268.08 266.64 261.81 254.49 259.79 245.34 242.45 239.78 232.05 230.99 230.17 236.46 229 243.81 247.16 257.58 253.75 240.54 242.08 252.93 256.44 251.69 247.33 242.9 249.41 247.82 252.21 272.43 282.43 281.72 284.9 289.81 299.3421 -9999 -9999 -9999 -9999 -9999 -9999 -9999 -9999 -9999 -9999 -9999 -9999 -9999 -9999 -9999 -9999 -9999 -9999 -9999 -9999 -9999 -9999 -9999 -9999 -9999 -9999 -9999 -9999 -9999
285.97 286.38 289.31 291.55 288.02 282.53 274.12 272.03 272.23 268.34 266.37 265.84 261.51 261.18 261.58 260.03 248.75 242.93 239.36 241.16 240.18 242.7 240.82 238.28 247.03 261.81 258.22 244.54 224.34 227.7 245.25 256.61 258.78 261.08 262.51 259.24 263.04 268.13 276.9 285.59 284.69 285.41 294.8864 -9999 -9999 -9999 -9999 -9999 -9999 -9999 -9999 -9999 -9999 -9999 -9999 -9999 -9999 -9999 -9999 -9999 -9999 -9999 -9999 -9999 -9999 -9999 -9999 -9999 -9999 -9999 -9999 -9999 -9999
294.45 294.18 291.43 286.5 283.71 281.13 276.56 273.58 272.44 270.22 266.28 265.81 260.37 263.28 267.13 262.93 255.52 248.23 251.66 250.62 245.71 249.73 246.86 240.79 248.61 262.31 252.88 238.65 225.28 231 243.78 249.34 256.06 255.93 266.19 269.45 275.81 281.65 288.61 288.81 289.2 292.3284 -9999 -9999 -9999 -9999 -9999 -9999 -9999 -9999 -9999 -9999 -9999 -9999 -9999 -9999 -9999 -9999 -9999 -9999 -9999 -9999 -9999 -9999 -9999 -9999 -9999 -9999 -9999 -9999 -9999 -9999 -9999
288.5 288.29 285.5 283.61 282.92 280.98 278 274.89 276.45 274.56 270.3 268.42 266.28 266.8 264.67 262.37 259.56 255.81 259.69 258.04 256.58 251.98 249.84 250.65 254.99 259.06 262.52 255.94 246.26 238.96 231.5 242.84 256.74 263.85 267.67 265.85 272.29 283.91 292.08 294.56 297.1546 -9999 -9999 -9999 -9999 -9999 -9999 -9999 -9999 -9999 -9999 -9999 -9999 -9999 -9999 -9999 -9999 -9999 -9999 -9999 -9999 -9999 -9999 -9999 -9999 -9999 -9999 -9999 -9999 -9999 -9999 -9999 -9999
290.56 288.86 287.36 286.34 285.8 282.88 279.96 278.5 277.6 275.64 274.48 270.93 270.31 271.43 264.85 261.21 258.48 257.61 261.12 258.04 261.51 254.32 249.14 254.07 259.03 256.52 259.66 265.38 260.99 255.37 247.69 245.23 257.93 267.91 276.88 279.11 272.41 277.12 289.65 296.8687 -9999 -9999 -9999 -9999 -9999 -9999 -9999 -9999 -9999 -9999 -9999 -9999 -9999 -9999 -9999 -9999 -9999 -9999 -9999 -9999 -9999 -9999 -9999 -9999 -9999 -9999 -9999 -9999 -9999 -9999 -9999 -9999 -9999
293.27 290.85 289.77 289.39 287.18 285.62 280.8 278.72 277.35 278.86 277.07 273.38 273.02 274.51 270.81 267.07 261.92 260.55 263.06 261.8 262.23 262.64 261.46 262.38 259.01 257.71 264.33 271.73 270.25 265.77 262.15 266.5 265.78 268.16 270.96 280.5 286.27 286.85 295.09 -9999 -9999 -9999 -9999 -9999 -9999 -9999 -9999 -9999 -9999 -9999 -9999 -9999 -9999 -9999 -9999 -9999 -9999 -9999 -9999 -9999 -9999 -9999 -9999 -9999 -9999 -9999 -9999 -9999 -9999 -9999 -9999 -9999 -9999
293.43 293.38 291.71 290.56 289.04 287.37 283.95 282.37 278.87 280.42 277.73 274.06 274.39 276.98 274.95 268.85 265.25 264.3 263.66 264.67 266.67 269.34 269.18 265.52 257 263.42 264.76 267.95 273.98 280.25 279.7 281.33 284.61 285.63 282.1 276.09 285.35 292.82 297.1447 -9999 -9999 -9999 -9999 -9999 -9999 -9999 -9999 -9999 -9999 -9999 -9999 -9999 -9999 -9999 -9999 -9999 -9999 -9999 -9999 -9999 -9999 -9999 -9999 -9999 -9999 -9999 -9999 -9999 -9999 -9999 -9999 -9999 -9999
293.67 295.34 294.37 292.8 290.92 287.12 283.3 284.88 283.53 280.2 281.15 276.84 275.91 277.28 276.57 274.64 271.09 269.33 267.83 266.34 264.92 269.02 272.18 266.37 264.48 268.71 265.59 259.02 261.94 272.69 283.38 287.18 290.5 292.02 292.19 291.61 291.59 295.5957 -9999 -9999 -9999 -9999 -9999 -9999 -9999 -9999 -9999 -9999 -9999 -9999 -9999 -9999 -9999 -9999 -9999 -9999 -9999 -9999 -9999 -9999 -9999 -9999 -9999 -9999 -9999 -9999 -9999 -9999 -9999 -9999 -9999 -9999 -9999
296.93 296.46 295.92 294.39 293.02 291.08 287.93 288.75 286.13 282.82 281.65 281.41 280.79 279.04 275.51 275.09 276.32 274.31 273.02 271.42 271.04 271.11 275.77 271.82 270.16 270.47 272.25 269.4 268.55 267.24 267.44 280.5 289.92 292.57 293.94 294.15 296.14 -9999 -9999 -9999 -9999 -9999 -9999 -9999 -9999 -9999 -9999 -9999 -9999 -9999 -9999 -9999 -9999 -9999 -9999 -9999 -9999 -9999 -9999 -9999 -9999 -9999 -9999 -9999 -9999 -9999 -9999 -9999 -9999 -9999 -9999 -9999 -9999
297.92 297.67 296.01 293.58 294.43 294.02 292.01 290.97 289.81 287.85 286.87 284.19 283.55 280.05 276.7 279.31 278.23 277.14 275.71 276.07 274.84 276.52 280.72 276.8 275.41 277.55 278.3 276.2 270.95 269.74 269.87 278.63 287.84 292.06 294.81 296.1 296.9 -9999 -9999 -9999 -9999 -9999 -9999 -9999 -9999 -9999 -9999 -9999 -9999 -9999 -9999 -9999 -9999 -9999 -9999 -9999 -9999 -9999 -9999 -9999 -9999 -9999 -9999 -9999 -9999 -9999 -9999 -9999 -9999 -9999 -9999 -9999 -9999
299.2 299.53 298.19 296.5 296.43 296.05 294.47 293.15 292 290.22 289.26 287.61 286.29 283.97 282.87 282.37 280.29 279.7 278.25 278.23 278.09 277.26 279.47 285.31 285.38 283.49 282.23 277.03 275.34 274.93 278.23 286.01 289.45 291.55 293.06 296.97 298.54 -9999 -9999 -9999 -9999 -9999 -9999 -9999 -9999 -9999 -9999 -9999 -9999 -9999 -9999 -9999 -9999 -9999 -9999 -9999 -9999 -9999 -9999 -9999 -9999 -9999 -9999 -9999 -9999 -9999 -9999 -9999 -9999 -9999 -9999 -9999 -9999
300.13 300.44 299.85 299.02 297.73 296.84 295.31 293.96 292.64 290.94 289.82 288.47 286.99 286 284.97 283.68 283.03 282.35 281.09 280.84 280.36 280.02 279.24 278.18 279.69 282.41 282.64 281.8 279.03 277.13 282.17 281.08 281.76 291.76 293.67 297.31 299.22 299.4286 -9999 -9999 -9999 -9999 -9999 -9999 -9999 -9999 -9999 -9999 -9999 -9999 -9999 -9999 -9999 -9999 -9999 -9999 -9999 -9999 -9999 -9999 -9999 -9999 -9999 -9999 -9999 -9999 -9999 -9999 -9999 -9999 -9999 -9999 -9999
301.2 300.27 299.77 298.22 298.23 297.07 295.78 293.73 291.94 290.04 288.95 287.76 287.7 287.21 286.63 285.5 285.33 284.44 283.92 283.5 282.88 281.76 282.14 281.21 279.12 276.92 274.87 278.95 284.66 273.11 271.82 281.33 286.77 289.81 298.11 299.51 299.97 299.8283 -9999 -9999 -9999 -9999 -9999 -9999 -9999 -9999 -9999 -9999 -9999 -9999 -9999 -9999 -9999 -9999 -9999 -9999 -9999 -9999 -9999 -9999 -9999 -9999 -9999 -9999 -9999 -9999 -9999 -9999 -9999 -9999 -9999 -9999 -9999
301.74 301.17 300.34 299.3 298.6 296.52 293.37 291.53 289.63 288.12 286.82 284.94 285.52 287.07 287.11 287.08 286.5 285.55 285.12 284.81 284.31 283.9 281.26 278.5 274.37 268.79 270.04 273.99 281.73 268.89 273.63 286.22 290.77 294.47 299.68 299.89 295.47 296.82 -9999 -9999 -9999 -9999 -9999 -9999 -9999 -9999 -9999 -9999 -9999 -9999 -9999 -9999 -9999 -9999 -9999 -9999 -9999 -9999 -9999 -9999 -9999 -9999 -9999 -9999 -9999 -9999 -9999 -9999 -9999 -9999 -9999 -9999 -9999
302.09 300.9 299.59 297.75 295.96 293.1 288.48 286.66 285.1 284.08 283.59 281.05 281.48 284.2 287.4 288.45 287.92 287.19 286.39 285.32 283.17 278.83 275.8 270.81 266.75 262.85 267.81 272.61 278.9 269.07 273.31 281.13 289.25 294.91 298.6 298.83 290.84 290.1 299.358 -9999 -9999 -9999 -9999 -9999 -9999 -9999 -9999 -9999 -9999 -9999 -9999 -9999 -9999 -9999 -9999 -9999 -9999 -9999 -9999 -9999 -9999 -9999 -9999 -9999 -9999 -9999 -9999 -9999 -9999 -9999 -9999 -9999 -9999
302.19 300.44 297.18 294.72 291.67 289.71 289.86 286.92 284.47 281.56 278.98 277.03 278.53 282.64 286.7 288.18 288 287.97 286.65 284.47 277.96 273.36 272.12 267.73 267.7 271.11 272.42 273.98 271.74 265.16 271.87 279.59 286.38 291.91 293.67 294.32 288.46 286.11 298.55 301.6429 -9999 -9999 -9999 -9999 -9999 -9999 -9999 -9999 -9999 -9999 -9999 -9999 -9999 -9999 -9999 -9999 -9999 -9999 -9999 -9999 -9999 -9999 -9999 -9999 -9999 -9999 -9999 -9999 -9999 -9999 -9999 -9999 -9999
302.88 300.77 297.99 295.52 293.54 289.78 287.97 287.85 284.95 283.12 280.75 278.17 278.04 281.28 284.53 286.96 287.28 287.78 285.97 282.82 280.11 276.81 274.18 272.74 272.72 273.66 274.45 277.19 276.02 271.98 274.83 282.25 281.59 284.31 291.83 292.36 286.99 284.33 288.26 297.95 300.2537 -9999 -9999 -9999 -9999 -9999 -9999 -9999 -9999 -9999 -9999 -9999 -9999 -9999 -9999 -9999 -9999 -9999 -9999 -9999 -9999 -9999 -9999 -9999 -9999 -9999 -9999 -9999 -9999 -9999 -9999 -9999 -9999
302.8 299.43 298.3 297.51 295.42 291.03 287.94 286.18 284.46 282.94 281.84 280.49 280.63 280.17 281.13 281.31 281.07 283.59 281.59 281.07 279.24 277.06 275.09 274.54 274.94 276.71 273.9 271.66 272.81 277.12 281.88 277.16 277.04 280.48 275.57 276.21 283.49 273.34 273.98 281.41 293.65 296.38 296.701 -9999 -9999 -9999 -9999 -9999 -9999 -9999 -9999 -9999 -9999 -9999 -9999 -9999 -9999 -9999 -9999 -9999 -9999 -9999 -9999 -9999 -9999 -9999 -9999 -9999 -9999 -9999 -9999 -9999 -9999
302.5 300.88 298.82 297.64 295.56 292.61 289.55 285.66 284.75 285.95 284.52 279.5 274.58 271.55 270.39 270.07 274.38 279.37 281.88 279.9 280.49 279.72 279.88 279.54 275.65 278.67 279.64 278.03 277.59 284.33 279.78 275.91 272.85 266.67 265.83 273.59 275.25 263.24 270.26 272.72 282.07 291.55 295.1205 -9999 -9999 -9999 -9999 -9999 -9999 -9999 -9999 -9999 -9999 -9999 -9999 -9999 -9999 -9999 -9999 -9999 -9999 -9999 -9999 -9999 -9999 -9999 -9999 -9999 -9999 -9999 -9999 -9999 -9999
303.18 300.17 296.72 296.8 295.5 293.92 289.16 290.27 289.3 293.19 284.37 273.07 266.71 272.09 270.34 273.09 277.37 282.06 284.17 286.3 286.45 285.98 285.46 283.91 280.64 278.36 279.95 283.21 282.79 285.05 285.51 278.27 269.2 270.81 261.84 262.98 264.31 266.14 267.73 290.62 291.1053 -9999 -9999 -9999 -9999 -9999 -9999 -9999 -9999 -9999 -9999 -9999 -9999 -9999 -9999 -9999 -9999 -9999 -9999 -9999 -9999 -9999 -9999 -9999 -9999 -9999 -9999 -9999 -9999 -9999 -9999 -9999 -9999
300.59 299.92 298.13 298.06 298.56 293.36 294.56 297.86 295.84 288.44 272.41 267.38 266.16 272.99 279.68 281.95 285.51 290 290.4 289.73 291.94 293.9 291.97 287.77 286.51 283.1 281.71 285.9 282.88 278.6 285.3 282.15 267.43 275.01 274.73 281.67 275.24 290.52 294.1222 296.619 -9999 -9999 -9999 -9999 -9999 -9999 -9999 -9999 -9999 -9999 -9999 -9999 -9999 -9999 -9999 -9999 -9999 -9999 -9999 -9999 -9999 -9999 -9999 -9999 -9999 -9999 -9999 -9999 -9999 -9999 -9999 -9999 -9999
303.19 303.53 303.5 300.87 298.22 298.4 301.37 299.99 293.84 287.6 283.05 274.27 271.73 281.09 285.54 288.63 292.97 290.78 293.97 297.98 298.56 297.45 293.18 288.81 290.07 289.69 285.73 277.91 280.77 283.54 286.32 289.24 280.66 285.99 291.89 296.56 295.5676 -9999 -9999 -9999 -9999 -9999 -9999 -9999 -9999 -9999 -9999 -9999 -9999 -9999 -9999 -9999 -9999 -9999 -9999 -9999 -9999 -9999 -9999 -9999 -9999 -9999 -9999 -9999 -9999 -9999 -9999 -9999 -9999 -9999 -9999 -9999 -9999
308.66 310.12 308.88 305.67 304.19 304.83 307.26 303.22 297.16 293.01 280.29 272.57 280.43 293.01 296.21 293.49 292.64 296.76 300.09 298.21 299.98 300.45 298.91 299.11 294.94 291.26 291.96 286.25 285.51 281.29 287.87 295.13 295.89 296.57 300.59 301.6538 -9999 -9999 -9999 -9999 -9999 -9999 -9999 -9999 -9999 -9999 -9999 -9999 -9999 -9999 -9999 -9999 -9999 -9999 -9999 -9999 -9999 -9999 -9999 -9999 -9999 -9999 -9999 -9999 -9999 -9999 -9999 -9999 -9999 -9999 -9999 -9999 -9999
317.94 315.26 309.87 307.48 308.45 312.1 301.08 290.35 295.94 277.88 269.75 279.7 280.19 286.05 282.95 279.21 278.39 285.68 292.22 301.52 304.26 302.12 303.87 305.84 299.89 295.67 285.92 286.8 289.57 287.54 289.53 296.35 300.1 301.07 302.75 -9999 -9999 -9999 -9999 -9999 -9999 -9999 -9999 -9999 -9999 -9999 -9999 -9999 -9999 -9999 -9999 -9999 -9999 -9999 -9999 -9999 -9999 -9999 -9999 -9999 -9999 -9999 -9999 -9999 -9999 -9999 -9999 -9999 -9999 -9999 -9999 -9999 -9999
