layers/wordclim/future/Iberia_wcB2a_10_hadcm3_2080/bio_19.asc
ncols         166
nrows         93
xllcorner     -9.4959440078468
yllcorner     36.000324005443
cellsize      0.083333337679505
NODATA_value  -9999
[rows 33 to 65 of 93, columns 0 to 72 of 166]
-9999 -9999 -9999 -9999 -9999 -9999 -9999 -9999 -9999 -9999 491.1395 515.74 533.25 545.08 549.09 557.44 595.28 666.01 699.93 675.76 665.24 655.55 603.19 543.84 562 563.43 499.97 427.85 388.79 394.87 375.86 345.04 347.79 332.11 314.84 294.22 277.99 264.49 245.42 225.59 211.64 196 176.29 161.53 151.12 143.27 141.17 134.7 130.01 128.02 125.99 124.38 122.5 120.12 118.93 117.62 116.24 115.7 117.27 119.2 122.18 127.11 133.64 141.3 152.55 160.66 191.37 214.07 185.21 170.89 166.46 164.36 170.1
-9999 -9999 -9999 -9999 -9999 -9999 -9999 -9999 -9999 -9999 477.9796 499.17 525.17 571.18 649.5 645.96 631.9 582.11 589.24 601.26 627.48 631.94 615.15 574.42 570.74 559 499.45 431.27 406.58 410.89 402.32 371.31 343.9 338.48 323.97 302.43 280.87 263.61 242.81 225.23 210.81 197.14 182.1 171.2 162.12 154.81 149.41 142.84 135.02 131.2 128.96 125.88 125.44 122.26 118.95 116.12 113.4 113.25 114 115.47 119.32 124.1 132.05 141.22 152.6 166.04 213.09 176.32 190.18 183.37 168.94 161.43 154.4
-9999 -9999 -9999 -9999 -9999 -9999 -9999 -9999 -9999 -9999 464.9438 476.59 504.62 596.7 568.81 599.82 589.27 533.17 548.46 574 591.53 587.09 573.74 567.44 550.55 550.27 490.8 442.08 429.17 398.71 398.56 388.84 358.24 335.39 325.17 308.85 287.84 265.12 247.89 230.5 215.58 205.11 192.79 183.82 175.73 169.33 160.07 145.82 140.86 135.36 131.42 129.46 128.71 127.26 122.67 116.42 114.89 111.95 110.82 111.08 115.29 122.58 132.63 148.33 186.68 193.62 217.21 201.24 175 165.01 162.41 156.28 155.28
-9999 -9999 -9999 -9999 -9999 -9999 -9999 -9999 -9999 457.3784 455.9891 465.37 480.29 500.71 558.64 549.01 567.54 539.37 560.36 566.27 544.31 534.18 527 530.32 518.38 492.11 468.7 456.79 450.99 427.27 402.25 396.39 368.58 343.07 320.31 314.34 294.13 267.9 253.16 240.15 225.87 212.09 205.17 199.04 189.86 171.38 157.4 150.88 147.1 142.55 139.71 139.29 142.98 137.36 136.05 132.07 125.58 113.97 110.84 110.27 130.94 133.81 150.52 160.65 160.25 155.25 160.33 161.82 164.34 167.74 163.3 157.46 156.35
-9999 -9999 -9999 -9999 -9999 -9999 -9999 -9999 -9999 447.473 454.4124 453.6 457.28 487.54 532.61 599.72 620.67 536.92 520.2 516.73 516.17 523.8 531.1 505.38 473.26 472.29 470.57 509.42 475.46 441.22 421.82 399.31 376.8 342.08 313.86 298.24 287.64 278.87 266.7 254.53 243.7 236.78 215.64 196.72 185.66 174.59 165.33 159.73 156.84 157.41 160.17 159.27 165.94 160.88 150.28 137.23 121.99 114.95 116.4 124.41 136.05 149.58 150.39 164.93 149.77 149.01 158.02 163.25 163.29 164.86 162.6 160.12 160.71
-9999 -9999 -9999 -9999 -9999 -9999 -9999 -9999 -9999 443.42 449.29 444.63 444.58 464.35 534.06 609.46 501.52 494.39 488.5 501.55 496.11 494.54 481.89 501.56 590.11 592.59 537.7 515.17 483.12 451.8 420.18 411.28 377.34 341.56 320.6 300.79 286.95 296.42 296.22 304.92 260.11 239.79 211.03 194.48 192.11 185.11 171.71 169.28 171.15 166.35 161.67 172.69 194.71 161.83 143.1 142.11 145.41 140.97 131 116.75 119.83 121.47 129.9 141.75 142.01 149.24 154.14 159.63 163.28 168.78 167.96 166.09 165.68
-9999 -9999 -9999 -9999 -9999 -9999 -9999 -9999 431.2742 438.35 441.42 444.81 438.29 468.58 502.32 491.57 478.52 471.03 476.65 476.05 493.56 503.34 601.21 722.19 648.26 573.3 507.41 516.49 475.75 441.89 426.27 415.25 372.79 349.7 341.82 320.47 300.48 296.32 283.41 267.13 248.11 201.59 190.97 193.21 185.16 194.36 186.17 172.84 167.56 172.24 199.98 221.21 215.76 199.29 199.17 177.21 143.9 124.84 117.07 116.93 117.75 121.4 128.32 134.13 140.02 145.51 152.43 163.2 166.99 170.38 171.63 167.69 166.2
-9999 -9999 -9999 -9999 -9999 -9999 -9999 -9999 423.5604 428.42 435 442.35 437.23 471.93 470.6 447.54 454.76 460.28 472.81 494.26 508.34 615.35 793.36 723.5 543.59 466.55 448.04 479.42 476.65 451.81 445.01 421.12 397.6 371.46 347.95 331.54 340.02 303.05 278.16 228.08 203.13 197.46 203.63 199.03 216.27 268.17 238.22 185.12 186.97 220.74 227.33 219.07 211.48 178.4 168.65 148.81 141.31 146.8 148.94 134.06 119.94 122.96 128.05 131.63 135.62 144.7 151.36 162.97 169.65 166.44 170.35 167.71 164.45
-9999 -9999 -9999 -9999 -9999 -9999 -9999 -9999 418.25 423.74 430.59 430.3 428.68 462.89 459.92 440.5 453.75 460.72 471.76 508.02 533.96 587.72 715.82 684.93 476.17 437.12 440.89 441.58 455.85 469.05 460.26 456.71 413.34 379.3 371.67 327.79 295.09 259.36 237.21 215.57 194.9 198.33 197.83 201.94 275.38 311.34 236.72 214.08 232.56 251.23 275.7 247.07 216.64 167.68 172.32 170.04 134.7 118.2 120.88 122.34 123.83 125.74 127.02 129.56 136.03 144.78 150.27 160.04 165 164.52 164.27 161.79 164.22
-9999 -9999 -9999 -9999 -9999 -9999 -9999 413.5616 412.26 405.31 408.61 408.21 415.58 443.77 445.37 453.09 454.56 477.58 538.84 604.41 627.94 531.32 492.34 468.27 448.4 443.56 419.09 414.28 415.4 413.99 370.46 345.09 389.7 328.09 291 266.76 248.07 246.33 219.15 203.43 191.6 181.66 212.21 261.28 215.33 242.76 303.74 285.29 268.94 184.75 207.2 180.9 140.98 125.75 130.32 118.14 118.75 119.98 122.83 125.27 122.47 121.43 125.15 131.39 138.4 143.07 146.74 156.84 159.3 161.25 160.65 159.62 159.59
-9999 -9999 -9999 -9999 -9999 -9999 -9999 -9999 391.5114 398.12 400 401.94 428.26 438.17 432.47 485.72 526.52 550.86 551.25 576.44 550.33 488.36 493.37 492.77 465.52 431.63 393.05 383.03 377.24 353.32 329.02 318.92 312.98 285.15 256.05 246.89 243.64 234.16 213 201.69 192.32 194.69 218.92 207.94 227.65 190.4 177.22 167.28 151.02 132.21 128.85 125.7 124.65 125.03 123.69 123.26 128.38 131.72 122.18 120.57 120.75 123.87 128.32 133.19 137.78 140.25 146.32 150.73 153.44 158.85 154.84 155 159.76
-9999 -9999 -9999 -9999 -9999 -9999 -9999 380.7467 392.34 390.33 389 423.7 442.76 439.7 519.43 566.21 535.04 507.39 507.7 490.16 469.21 517.34 473.9 494.96 423.41 390.78 382.64 366.13 366.9 361.06 342.68 302.16 281.38 258.98 247.79 242.21 231.46 216.78 202.1 192.58 191.37 191.38 188.38 185.22 177.14 156.46 147.89 138.65 134.94 132.32 129.89 128.51 127.33 125.86 125.09 126.56 124.16 121.68 121.16 121.92 123.86 126.31 129.2 132.74 134.01 136.57 142.56 143.32 149.28 150.26 149.19 151.77 152.37
-9999 -9999 -9999 -9999 -9999 -9999 -9999 373.99 386.44 386.73 390.17 436.36 432.1 444.12 490.26 482.92 462.72 473.38 505.1 506.33 505.43 474.05 410.53 412.65 401.09 376.44 365.83 347.71 341.74 329.52 309.85 290.74 286.39 261.96 247.03 234.68 223.1 208.99 200.01 200.51 198.15 187.72 172.87 162.58 156.25 150.31 145.69 141 138.46 135.24 133.02 131.15 129.54 128.69 127.97 125.77 125.06 124.06 123.78 127.09 128.87 129.57 130.1 130.17 130.93 135.1 136.89 139.16 143.09 146.89 152.38 156.92 158.93
-9999 -9999 -9999 -9999 -9999 -9999 356.0952 357.67 376.36 389.52 390.65 415.35 413.02 435.36 438.35 432.14 456.84 486.73 506.49 532.21 464.7 413.42 389.27 392.44 388.61 366.44 332.61 324.83 316.62 317.03 301.49 285.03 270.51 261.76 245.27 236.14 227.67 216.79 214.94 214.66 197.33 183.83 170.51 162.28 157.83 153.1 149.77 149.41 142.81 140.66 139.36 138.75 135.24 133.39 129.63 131.05 132.98 130.69 128.69 127.36 128.38 129.79 130.29 130.91 133.14 135.24 136.23 138.75 142.89 146.23 151.53 154.75 155.77
-9999 -9999 -9999 -9999 -9999 -9999 352.1429 352.73 364.33 383.44 405.96 404.49 393.08 417.74 411.85 414.17 419.6 436.9 469.3 473.1 417.95 393.54 386.67 385.94 359.69 330.46 327.66 316.54 318.08 302.89 291.98 282.11 267.26 251.1 240.78 235.21 228.87 224.58 209.55 196.98 189.54 180.19 177.33 171.15 165.76 157.49 157.76 156.6 148.01 146.93 145.22 143.18 138.15 138.29 136.67 136.47 138.39 137.42 135.7 135.9 135.1 131.95 135.19 139.53 141 144.49 146.98 147.24 147.31 148.9 148.99 150.2 152.26
-9999 -9999 -9999 -9999 -9999 342.7679 351.57 356.46 358.76 383.04 390.16 379.4 372.19 388.38 409.62 394.78 414.25 414.81 420.82 402.51 378.06 377.6 362.83 349.66 345.87 344.82 333.91 316.23 313.3 298.81 280.38 270.71 269.45 260.51 247.6 228.81 213.4 209.33 205.24 202.89 194.51 186.16 184.36 181.42 181.81 180.6 174.85 166.45 164.95 163.93 158.84 151.31 149.88 148.49 153.13 149.19 148.8 147.1 147.96 145.13 144.79 142.18 144.66 148.23 146.43 149.67 149.93 150.26 151.48 151.91 151.05 150.83 150.65
-9999 -9999 -9999 -9999 -9999 331.6342 335.45 353.62 375.69 411.74 385.32 371.84 364.39 361.74 380.77 379.5 396.04 409.14 403.97 378.74 361.61 351.58 341.67 347.24 346.8 334.92 320.66 323.06 302.06 291.09 284.73 276.82 269.86 261.56 254.64 235.72 220.88 208.38 202.31 197.7 192.38 185.75 183.94 181.59 180.79 179.78 181.29 182.43 179.34 188.33 173.82 171.89 160.82 155.94 169.75 165.83 167.01 163.62 162.99 159.14 158.66 150.99 150.57 154.66 156.41 154.55 155.84 154.71 153.18 153.27 151.25 152 151.37
-9999 -9999 -9999 -9999 -9999 323.1414 333.84 385.21 405.04 400.8 394.74 348.99 344.09 346.03 360.2 368.03 368.71 369.13 366.11 363.17 349.94 357.23 352.37 354.94 339.03 336.82 329.87 331.37 318.07 293.39 272.49 267.5 260.68 251 244.72 234.67 225.51 208.02 203.04 197.17 190.5 188.31 186.91 186.66 185.29 186.32 183.64 181.52 202.24 199.45 199.72 178.45 175 165.09 164.77 171.24 171.66 169.45 181.67 164.65 176.06 170.41 167.6 164.77 164.78 164.51 160.52 154.14 153.12 152.15 151.8 151.96 151.22
-9999 -9999 -9999 299.2619 302.67 319.41 347.17 373.15 366.67 344.73 337.93 331.51 328.32 337.46 336.21 332.34 335.22 334.35 348.38 351.12 357.38 355.12 354.97 356.37 361.81 349.13 335.52 325 323.25 304.5 278.24 262.96 251.72 240.58 234.09 227.64 221.19 218.17 209.03 203.4 194.26 191.49 190.31 192.55 192.96 209.02 196.39 192.47 205.53 214.13 184.16 172.99 169.2 168.41 160.78 160.47 158.76 160.83 165.2 161.79 165.94 162.4 158.37 156.43 169.55 177.51 170.46 162.54 157.18 157.06 153.03 151.76 150.81
-9999 -9999 286.0781 291.9419 305.08 317.18 335.69 324.14 326.66 328.73 321.39 318.37 323.71 343.26 342.11 338.81 336.97 345.09 346.7 345.03 341.44 343.63 348.62 353.35 379.39 393.83 368.64 346.13 322.05 305.18 290.57 275.31 255.98 253.31 240.79 225.39 217.32 213.73 209.15 207.03 201.72 199.25 200.28 196.76 194.58 206.37 208.9 200.8 191.92 186.84 180.12 170.3 170.96 165.06 162.83 160.46 161.86 163.22 165.42 171.17 172.89 172.88 161.89 164.12 166.95 166.29 170.54 164.84 159.89 161.9 164.51 155.42 149.52
-9999 -9999 293.49 301.33 307.05 316.9 319.25 313.97 317.19 318.17 311.66 311.85 324.83 330.49 333.72 335.39 335.04 330.43 328.61 330.24 321.94 326.22 326.37 332.27 349.76 391.67 378.23 326.81 293.73 285.75 273.95 255.04 244.56 244.85 232.93 227.67 226.25 213.23 212.96 214.65 209.19 204.83 204.52 195.08 187.69 190.37 182.6 182.04 179.08 185.49 181.28 172.14 170.65 167.9 176.11 170.37 168.63 170.93 168.05 167.82 166.82 160.84 157.88 160.82 169.37 166.58 161.13 162.84 167.18 164.77 169.02 155.37 149.83
-9999 -9999 295.72 303.34 310.75 340.77 315.51 314.59 312.61 306.87 306.21 314.56 318.73 320.44 321.88 326.66 321.12 314.28 321.8 319.1 310.28 312.25 321.84 319.79 317.11 322.67 323.65 307.47 281.08 266.73 266.29 243.97 238.68 234.71 231 229.49 225.24 219.69 216.35 213.67 223.83 210.3 194.18 191.19 186.3 186.56 181.99 181.83 179.67 181.11 182.59 179.79 175.51 174.87 178.9 183.28 178.84 175.09 171.28 173.32 177.37 169.32 161.39 158.98 166.54 164.77 159.51 154.13 153.2 158.2 154.79 149.66 148.74
-9999 297.7656 299.71 312.33 330.95 320.65 308.14 311.02 303.1 300.179 304.18 308.37 313.4 315.62 315.98 314.83 305.34 309.02 310.01 301.83 301.06 301.9 304.73 310.62 306.62 299.85 287.14 282.14 266.22 250.35 247.27 233.63 231.95 227.41 226.07 221.88 214.94 212.31 215.12 210.46 204.45 194.33 192.38 189.28 186.73 187.26 185.26 183.43 183.5 184.04 185.48 182.86 187.52 187.66 185.83 187.27 190.92 182.22 178.77 182.66 183.2 177.72 171.89 165.81 167.32 165.58 157.62 152.61 151.61 151.08 150.9 150.84 150.64
-9999 311.14 314.38 326.85 337.94 327.46 302.3617 298.3222 297.5977 299.27 303.35 305.19 307.29 303.05 300.83 300.83 298.21 298.84 298.83 297.49 294.29 293.51 292.37 289.3 289.45 286.06 275.77 262 257.76 245.34 230.13 224.3 219.37 215.62 214.47 211.14 207.85 206.16 208.12 209.7 203.8 194.15 192.89 191.07 190.52 191.17 191.03 196.1 196.69 189.24 191.03 191.63 189.11 191.45 190.93 191.71 195.19 193.74 187.16 182.45 179.2 184.03 179.19 168.85 169.97 161.21 157.13 154.39 152.88 152.91 152.49 152.83 151.73
-9999 331.1837 345.2 346.42 350.5 327.7423 301.8987 297.43 296.28 296.59 295.56 293.9 290 291.67 293.65 290.82 289.89 286.52 286.7 293.95 293.19 294.79 291.58 288.39 284.68 282.24 283.04 270.82 245.34 232.29 221.42 216.31 213.22 210.4 210.4 207.66 206.9 204.95 206.78 206.25 198.19 196.89 196 196.68 197.2 197.08 197.36 196.77 198.93 200.77 199.56 195.54 200 209.27 202.15 202.07 198.77 194.92 191.34 193.13 185.44 183.34 181.55 175.16 173.9 166.72 162.57 158.98 158.18 158.11 157.7 157.1 156.16
-9999 346.81 357.32 350.89 328.09 313.0333 297.1234 296.9 295.28 294.46 296.9 294.15 291.02 292.63 287.16 287.16 286.61 285.83 284.17 286.7 285.25 286.87 299.42 298.08 287.52 277.34 284.3 266.94 238.95 223.34 217.37 215.18 211.84 208.05 207.62 207.84 208.78 210 207.23 204.59 204.72 206 205.47 208.57 209.3 209.2 210.39 204.57 206.92 207.43 208.45 205.98 203.5 208.6 202.77 204.19 205.32 204.47 207.08 204.18 194.43 188.89 190.42 184.14 176.57 172.44 168.77 165.69 166.41 165.5 164.65 167.75 164.42
349.2222 358.38 360.06 345.18 320.1064 -9999 -9999 295.98 294.61 292.25 291.3 290.41 288.82 291.52 288.58 289.36 291.68 290.5 285 286.17 283.35 283.58 282.98 293.11 293.8 267.05 253.95 241.93 229.43 224.31 222.32 220.03 217.17 215.24 214.38 213.76 217.72 217.3 212.76 217.08 218.33 221.13 220.84 218.79 227.63 219.07 218.62 213.88 217.42 219.56 221.41 220.95 218.09 208.31 213.63 211.9 209.45 206.05 210.41 206.82 206.91 200.15 194.7 192.18 188.99 184.73 185.82 178.69 172.25 170.42 168.78 168.77 166.81
332.08 338.1972 336.3919 330.5584 317.2444 299.375 296.4832 292.14 289.75 290.84 291.22 287.91 287 284.19 287.19 292.08 295.11 293.25 287.73 283.31 281.13 277.66 284.93 279.85 266.72 263.36 238.86 233.58 233.27 228.75 228.82 226.02 222.07 221.23 221.47 219.53 221.79 224.35 220.02 217.64 223 230.57 234.12 229.12 229.39 229.39 227.23 231.05 231.44 236.51 232.64 229.2 222.24 218.89 218.21 214.6 213.16 213.93 213.61 211.84 213.21 213.48 207.95 201.42 196.52 195.85 198.15 191.3 178.75 177.49 176.54 171.8 170.13
-9999 -9999 -9999 318.027 307.2208 299.9286 298.21 292.68 287.47 286.47 284.77 282.42 282.84 286.7 291.9 290.5 293.16 290.6 284.73 272.05 269.3 263.95 261.27 262.01 255.12 243.51 238.09 232.56 236.11 239.77 241.86 237.45 232.06 229.62 229.82 227.14 230.73 232.95 231.38 226.9 233.5 237.42 242.43 243.67 236.31 244.35 242.88 249.05 243.7 237 233.8 231.9 229.64 228.57 233.83 224.73 226.51 229.98 225.57 224.01 222.39 221.31 218.29 212.26 209.56 204.89 196.78 191.06 194.16 183.1 185.47 180.86 177.31
-9999 -9999 -9999 -9999 306.13 301.94 302.8586 291.0118 280.8352 278.4286 281.58 276.87 276.05 282.22 282.68 282.31 286.05 279.72 269.96 266.45 262.4 256.36 256.25 257.01 254 242.32 232.4 234.26 236.2 244.72 246.05 253.22 261.11 251.73 257.56 239.29 238.45 244.76 243.2 240.05 235.02 252.93 251.25 249.33 245.83 256.29 261 255.28 251.59 244.54 245.34 246.15 245.4 241.63 240.51 236.33 233.69 231.43 234.22 241.47 242.16 233.17 226.14 220.01 208.69 206.12 205.8 199.54 194.06 194.01 190.67 187.85 185.62
-9999 -9999 -9999 -9999 309.4938 310.0571 -9999 278.7647 -9999 272.8205 271.82 271.9 269.87 267.01 270.18 270.26 267.1 264.56 262.59 261.8 255.25 249.16 251.88 249.52 245.87 236.15 229.45 234.2 235.14 239.76 247.57 256.91 274.19 276.42 274.44 259.6 246.34 258.29 256.52 251.53 245.71 248.58 254.76 260.76 258.8 263.69 262.86 258.82 259.86 260.05 257.06 258.63 258.67 253.68 253.81 252.08 249.64 246.35 241.34 238.81 240.55 249.27 243.48 237.54 231.29 215.26 205.26 210.76 214.06 214.75 212.46 196.39 191.04
-9999 -9999 -9999 -9999 -9999 -9999 -9999 -9999 271.1071 272.1837 268.1474 263.72 263.2 264.22 260.04 267.83 264.28 259.87 261.46 266.5 257.34 252.76 244.98 243.19 236.5 229.23 232.17 231.74 234.22 242.79 245.13 259.02 267.08 244.45 250.25 254.42 261.35 262.25 264.3 267.27 260.94 260.09 266.5 264.63 267.58 267.54 268.36 269.93 272.01 270.24 270.81 273.11 270.16 266.81 265.59 265.39 262.69 259.65 256.8 252.69 245.67 243.2 236.66 238.21 234.83 229.61 209.86 216.62 211.75 209.09 210.19 199.54 193.34
-9999 -9999 -9999 -9999 -9999 -9999 -9999 -9999 -9999 269.78 270.12 266.53 260.39 257.34 251.02 255.59 256.98 259.24 259.56 255.11 257.72 261.87 250.6 240.34 234.44 227.93 230.73 230.59 233.6 235.18 242.27 250.06 242.72 241.17 246.52 248.55 257.15 263.98 271.67 274.63 276.4 275.79 275.93 275.75 276.36 278.28 275.35 279.99 280.33 275.87 276.89 276.15 282.37 285.78 276.12 272.82 273.23 268 266.18 262.77 260.19 255.14 249.65 234.9 236.99 229.36 216.98 213.84 209.7 201.7 197.13 191.54 180.79
