layers/wordclim/future/Iberia_wcB2a_10_hadcm3_2080/bio_04.asc
ncols         166
nrows         93
xllcorner     -9.4959440078468
yllcorner     36.000324005443
cellsize      0.083333337679505
NODATA_value  -9999
[rows 0 to 30 of 93, columns 70 to 139 of 166]
-9999 -9999 -9999 -9999 -9999 -9999 -9999 -9999 -9999 -9999 -9999 -9999 -9999 -9999 -9999 -9999 -9999 -9999 -9999 -9999 -9999 -9999 -9999 -9999 -9999 -9999 -9999 -9999 -9999 -9999 -9999 -9999 -9999 -9999 -9999 -9999 -9999 -9999 -9999 -9999 -9999 -9999 -9999 -9999 -9999 -9999 -9999 -9999 -9999 -9999 -9999 -9999 -9999 -9999 -9999 -9999 -9999 -9999 -9999 -9999 -9999 -9999 -9999 -9999 -9999 -9999 -9999 -9999 -9999 -9999
-9999 -9999 -9999 -9999 -9999 -9999 -9999 -9999 -9999 -9999 -9999 -9999 -9999 -9999 -9999 -9999 -9999 -9999 -9999 -9999 -9999 -9999 -9999 -9999 -9999 -9999 -9999 -9999 -9999 -9999 -9999 -9999 -9999 -9999 -9999 -9999 -9999 -9999 -9999 -9999 -9999 -9999 -9999 -9999 -9999 -9999 -9999 -9999 -9999 -9999 -9999 -9999 -9999 -9999 -9999 -9999 -9999 -9999 -9999 -9999 -9999 -9999 -9999 -9999 -9999 -9999 -9999 -9999 -9999 -9999
-9999 -9999 -9999 -9999 -9999 -9999 -9999 -9999 -9999 -9999 -9999 -9999 -9999 -9999 -9999 -9999 -9999 -9999 -9999 -9999 -9999 -9999 -9999 -9999 -9999 -9999 -9999 -9999 -9999 -9999 -9999 -9999 -9999 -9999 -9999 -9999 -9999 -9999 -9999 -9999 -9999 -9999 -9999 -9999 -9999 -9999 -9999 -9999 -9999 -9999 -9999 -9999 -9999 -9999 -9999 -9999 -9999 -9999 -9999 -9999 -9999 -9999 -9999 -9999 -9999 -9999 -9999 -9999 -9999 -9999
4130.052 4143.207 4170.478 -9999 -9999 -9999 -9999 -9999 -9999 -9999 -9999 -9999 -9999 -9999 -9999 -9999 -9999 -9999 -9999 -9999 -9999 -9999 -9999 -9999 -9999 -9999 -9999 -9999 -9999 -9999 -9999 -9999 -9999 -9999 -9999 -9999 -9999 -9999 -9999 -9999 -9999 -9999 -9999 -9999 -9999 -9999 -9999 -9999 -9999 -9999 -9999 -9999 -9999 -9999 -9999 -9999 -9999 -9999 -9999 -9999 -9999 -9999 -9999 -9999 -9999 -9999 -9999 -9999 -9999 -9999
4275.08 4294.14 4290.143 4357.03 4385.843 4359.111 -9999 -9999 4354.586 4387.46 4447.9 4449.849 4467.68 4468.563 -9999 -9999 -9999 -9999 -9999 -9999 -9999 -9999 -9999 -9999 -9999 -9999 -9999 -9999 -9999 -9999 -9999 -9999 -9999 -9999 -9999 -9999 -9999 -9999 -9999 -9999 -9999 -9999 -9999 -9999 -9999 -9999 -9999 -9999 -9999 -9999 -9999 -9999 -9999 -9999 -9999 -9999 -9999 -9999 -9999 -9999 -9999 -9999 -9999 -9999 -9999 -9999 -9999 -9999 -9999 -9999
4618.12 4589.32 4515.78 4600.66 4621.67 4633.94 4545.15 4561.653 4465.616 4521.8 4544.99 4573.93 4596.3 4622.41 4590.465 4602.342 4585.55 4557.656 4567.262 4605.786 4686.125 4770.13 4969.46 5048.703 -9999 -9999 -9999 -9999 -9999 -9999 -9999 -9999 -9999 -9999 -9999 -9999 -9999 -9999 -9999 -9999 -9999 -9999 -9999 -9999 -9999 -9999 -9999 -9999 -9999 -9999 -9999 -9999 -9999 -9999 -9999 -9999 -9999 -9999 -9999 -9999 -9999 -9999 -9999 -9999 -9999 -9999 -9999 -9999 -9999 -9999
5145.04 4935.81 4784.87 4777.3 4816.84 4751.89 4709.55 4741.99 4789.78 4705.17 4716.16 4765.98 4850.07 4860.06 4833.39 4851.11 4826.48 4815.5 4824.63 4777.35 4953.78 5019.73 5280.47 5229.1 5370.4 5523.55 5597.79 -9999 -9999 -9999 -9999 -9999 -9999 -9999 -9999 -9999 -9999 -9999 -9999 -9999 -9999 -9999 -9999 -9999 -9999 -9999 -9999 -9999 -9999 -9999 -9999 -9999 -9999 -9999 -9999 -9999 -9999 -9999 -9999 -9999 -9999 -9999 -9999 -9999 -9999 -9999 -9999 -9999 -9999 -9999
5363.12 5288.37 5226.6 5096.32 4914.11 4930.12 4890.66 4912.66 4911.81 4943.84 4953.37 5071.36 5034.22 5011.03 5017.7 5066.59 5073.03 5107.19 5096.51 5104.45 5312.84 5456.56 5537.49 5487.51 5564.86 5670.23 5760.123 -9999 -9999 -9999 -9999 -9999 -9999 -9999 -9999 -9999 -9999 -9999 -9999 -9999 -9999 -9999 -9999 -9999 -9999 -9999 -9999 -9999 -9999 -9999 -9999 -9999 -9999 -9999 -9999 -9999 -9999 -9999 -9999 -9999 -9999 -9999 -9999 -9999 -9999 -9999 -9999 -9999 -9999 -9999
5285.95 5288.78 5286.72 5298.42 5264.86 5316.21 5285.87 5120.63 5144.18 5311.78 5471.63 5344.62 5364.3 5256.02 5228.53 5338.81 5266.05 5237.1 5300.18 5465.27 5539.42 5714.58 5769.24 5823.65 5861.42 5922 5957.825 -9999 6004.06 6026.857 -9999 -9999 -9999 -9999 -9999 -9999 -9999 -9999 -9999 -9999 -9999 -9999 -9999 -9999 -9999 -9999 -9999 -9999 -9999 -9999 -9999 -9999 -9999 -9999 -9999 -9999 -9999 -9999 -9999 -9999 -9999 -9999 -9999 -9999 -9999 -9999 -9999 -9999 -9999 -9999
5428.26 5360.11 5395.44 5449.99 5460 5471.65 5516.61 5490.31 5475.45 5458.34 5532.97 5482.01 5499.52 5568.68 5617.51 5722.56 5635.89 5615.66 5711.78 5818.41 5851.7 5877.55 5937.56 6002.56 6055.12 6091.79 6107.99 6112.16 6132.18 6130.58 6147.3 6146.828 6163.246 6155.4 6162.035 -9999 -9999 -9999 -9999 -9999 -9999 -9999 -9999 -9999 -9999 -9999 -9999 -9999 -9999 -9999 -9999 -9999 -9999 -9999 -9999 -9999 -9999 -9999 -9999 -9999 -9999 -9999 -9999 -9999 -9999 -9999 -9999 -9999 -9999 -9999
5636.78 5601.12 5543.79 5592.79 5633.48 5681.35 5654.12 5667.76 5704.53 5703.42 5653.75 5640.09 5673.04 5720.8 5772.08 5789.47 5882.99 5894.81 5914.33 5970.79 6031.83 6059.43 6119.59 6199.09 6255.39 6276.07 6262.36 6272.93 6255.3 6222.13 6266.42 6246.2 6253.77 6243.23 6236.34 6245.171 -9999 -9999 -9999 -9999 -9999 -9999 -9999 -9999 -9999 -9999 -9999 -9999 -9999 -9999 -9999 -9999 -9999 -9999 -9999 -9999 -9999 -9999 -9999 -9999 -9999 -9999 -9999 -9999 -9999 -9999 -9999 -9999 -9999 -9999
5862.27 5793.66 5786.02 5703.59 5715.27 5750.59 5850.94 5742.77 5827.88 5795.99 5827.87 5894.85 5935.72 5974.61 6009.11 6046.51 6093.94 6120.22 6139.91 6179.81 6225.24 6256.72 6307.52 6418.11 6480.77 6453.29 6460.54 6450.98 6413.45 6395.73 6385.07 6369.32 6373.25 6339.09 6328.15 6319.85 6306.667 6322.418 6326.949 6355.795 6327.061 6310.224 -9999 -9999 -9999 -9999 -9999 -9999 -9999 -9999 -9999 -9999 6816.35 6752.27 6708.654 6701.327 -9999 -9999 -9999 -9999 -9999 -9999 -9999 -9999 -9999 -9999 -9999 -9999 -9999 -9999
6029.78 5990.75 5891.3 5969.98 5974.38 6014.48 6003.37 5888.96 5907.88 5941.24 6021.64 6072.63 6107.28 6165.5 6178.56 6213.02 6254.77 6273.42 6293.43 6335.09 6369.1 6424.92 6491.93 6542.84 6570.61 6557.04 6562.64 6572.91 6567.12 6533.09 6491.01 6479.73 6470.11 6444.78 6440.54 6442.21 6428.43 6427.03 6371.9 6416.82 6447.67 6407.5 6459.435 -9999 -9999 -9999 6575 -9999 6558.278 -9999 -9999 -9999 6798.979 6854.06 6821.35 6783.55 6772.53 6842.768 6800.349 6814.121 -9999 -9999 -9999 -9999 -9999 -9999 -9999 -9999 -9999 -9999
6154.64 6115.01 6057.37 6060.3 6083.8 6104.16 6144.67 6135.37 6116.57 6128.74 6207.47 6274.01 6305.58 6329.82 6362.43 6392.12 6427.64 6444.22 6483.71 6520.45 6548.37 6583.16 6641.05 6693.29 6693.03 6640.51 6651.78 6679.21 6689.38 6645.04 6602.09 6604.51 6585.46 6572.08 6528.22 6529.6 6521.2 6518.15 6504.47 6527.17 6549.86 6545.28 6576.84 6558.47 6566.35 6633.89 6689.81 6617.85 6657.76 6652.12 6753.1 6656.85 6708.39 6758.38 6778.87 6792.26 6850.55 6986.07 6916.64 6913.34 6845.413 -9999 -9999 -9999 -9999 -9999 -9999 -9999 -9999 -9999
6288.85 6284.3 6302.22 6301.34 6287.72 6291.94 6292.8 6265.28 6261.94 6299.46 6320.34 6375.63 6434.76 6492.5 6549.63 6586.3 6623.61 6640.43 6647.15 6661.36 6683.5 6704.27 6736.49 6801.72 6833.75 6809.56 6821.27 6813.13 6801.67 6770.09 6730.85 6695.89 6663.56 6648.85 6638.41 6602.87 6596.11 6589.38 6600.68 6610.76 6606.15 6626.24 6657.11 6684.72 6723.15 6791.99 6800.39 6703.86 6757.44 6857.09 6793.74 6783.05 6860.98 6865.65 6851.65 6814 6855.52 7022.09 7095.6 7026.33 6924.45 -9999 -9999 -9999 -9999 -9999 -9999 -9999 -9999 -9999
6457.87 6461.34 6462.64 6450.68 6454.67 6437.34 6437.88 6448.58 6465.42 6492.86 6501.65 6542.92 6594.94 6655.5 6720.63 6767.96 6780.45 6776.77 6794.52 6808.06 6824.07 6866.59 6875.32 6926.33 6919.92 6927.97 6919.5 6914.14 6870.17 6845.65 6804.76 6778.66 6721.97 6699.72 6705.16 6687.83 6668.32 6660.15 6652.98 6664.63 6681.67 6699.96 6730.13 6782.88 6820.57 6911.17 6897.87 6888.85 6921.31 6947.55 6907.45 6979.36 7080.58 6996.11 6884.98 6926.39 6940.84 7113.18 7079.56 7003.26 6986.6 -9999 -9999 6928.508 6924.516 6958.382 7048.704 7079.235 -9999 -9999
6591.69 6599.07 6597.45 6596.19 6602.19 6607.29 6622.03 6631.26 6645.02 6663.65 6673.38 6720.25 6746.87 6795.79 6841.45 6889.85 6924.38 6922.95 6935.57 6929.71 6939.79 6970.11 6970.54 6999.86 7017.68 7020.39 7014.81 7016.71 6999.51 6943.98 6916.79 6874.95 6829.73 6800.36 6797.25 6775.19 6742.79 6732.19 6726.67 6738.19 6751.48 6768.06 6793.94 6826.31 6888.96 6996.3 7050.51 7083.1 7074.09 7056.39 7039.72 7020 7129.53 7144 7121.41 7185.54 7153.48 7208.17 7041.9 7125.2 7217.74 7245.69 7160.07 7121.59 7141.24 7155.15 7119.34 7030.973 -9999 6917.025
6735.34 6726.3 6736.76 6731.75 6722.74 6713.56 6727.37 6748.72 6748.86 6774.91 6809.6 6826.81 6835.9 6881.48 6889.56 6911.72 6971.02 6976.58 7057.59 7059.82 7047.54 7065.97 7085.21 7090.83 7113.28 7109.5 7109.42 7105.25 7087 7068.4 7027.02 6981.77 6946.1 6899.51 6899.83 6868.84 6829.88 6806.83 6789.01 6796 6805.47 6810.76 6849.39 6898.33 6954.73 7067.48 7160.26 7120.75 7216.18 7154.02 7252.96 7189.63 7304.13 7252.86 7187.44 7330.29 7341.63 7153.53 7125.19 7199.57 7323.29 7220.67 7119.38 7071.91 7055.25 7098.95 7074.22 7036.72 7037.27 7047.81
6836.62 6833.04 6833.63 6821.66 6813.69 6800.05 6801.23 6827.05 6827.14 6870.92 6894.38 6912.83 6960.19 6950.75 7006.9 6989.98 7055.12 7096.36 7155.22 7176.39 7182.83 7179.15 7168.59 7183.01 7196.38 7186.78 7189.07 7186.65 7187.63 7162.98 7137.2 7097.82 7048.36 7009.43 6993.25 6963.7 6923.96 6884.37 6838.76 6828.33 6848.9 6883.17 6946.32 6984.52 7053.85 7109.72 7247.27 7247.94 7371.44 7371.64 7339.98 7335.7 7429.97 7326.93 7439.63 7498.66 7323.77 7179.5 7263.24 7365.44 7328.48 7196.36 7130.45 7115.83 7125.29 7148.25 7201.22 7140.42 7137.58 7142.8
6950.09 6953.24 6960.73 6958.33 6951.51 6942.28 6947.76 6958.48 6979.57 6980.58 6961.85 6992 7042.02 7015.6 7016.75 7058.64 7123.9 7134.14 7181.74 7226.11 7243.17 7273.29 7268.83 7281.56 7269.77 7278.76 7286.91 7267.63 7252.41 7234.1 7229.31 7213.52 7171.61 7132.02 7107.69 7063.23 7016.17 6978.4 6960.33 6930.45 6892.44 6959.21 7051.05 7103.67 7196.3 7253.29 7368.53 7365.73 7434.55 7392.6 7422.44 7424.84 7533.16 7435.51 7594.18 7565.43 7529.18 7356.44 7317.42 7392.33 7320.23 7258.09 7220.45 7273.77 7220.47 7149.84 7261.84 7218.22 7194.04 7153.32
7034.88 7044.39 7047.95 7045.24 7054.52 7054.44 7020.94 7016.41 7014.73 7004.88 7031.33 7044.57 7046.81 7060.93 7112.45 7154.58 7152.76 7197.85 7236.84 7307.99 7356.9 7374.23 7369.84 7353.38 7336.38 7334.2 7344.71 7339.75 7332.93 7340.31 7323.43 7301.39 7249.7 7228.8 7207.1 7160.28 7135.17 7085.05 7078.43 7054.37 7009.98 7061.98 7155.78 7218.95 7308.71 7400.02 7486.66 7403.36 7413.76 7445.55 7568.5 7562.16 7476.24 7440.72 7610.87 7421.55 7453.36 7462.42 7492.06 7501.02 7444.91 7397.83 7364.69 7328.43 7287.26 7280.39 7271.13 7232.07 7208.24 7164.74
7119.58 7115.23 7127.84 7133.79 7163.64 7164.27 7161.48 7176.63 7157.48 7127.16 7151.71 7140.43 7189.91 7193.33 7235.45 7215.9 7227.49 7273.84 7326.97 7372.49 7407.73 7407.39 7416.11 7422.64 7419.22 7412.38 7409.73 7417.59 7424.92 7414.4 7413.01 7364.64 7303.5 7307.79 7315.33 7264.93 7197.77 7164.74 7168.65 7165.5 7144.4 7173.85 7263.16 7306.05 7413.22 7498.58 7585.06 7613.53 7624.23 7590.21 7625.57 7683.69 7582.45 7656.24 7671.03 7535.91 7632.68 7609.88 7548.3 7497.09 7455.13 7394.27 7386.06 7354.81 7336.23 7303.72 7277.17 7236.75 7217.82 7170.22
7210.32 7223.01 7241.7 7241.31 7245.33 7252.68 7259.1 7254.54 7263.95 7276.09 7284.79 7300.31 7327.53 7330.23 7354.37 7367.67 7352.58 7340.91 7372.61 7400.03 7415.29 7448.66 7486.56 7494.52 7476.76 7485.19 7485.38 7481.32 7484.14 7488.63 7471.47 7436.71 7421.71 7426.3 7431.8 7368.09 7295.73 7224.54 7248.73 7260.32 7301.11 7324.42 7358.57 7382.64 7493.71 7596.08 7671.19 7746.22 7789.94 7828.63 7873.57 7831.45 7800 7793.33 7797.09 7736.24 7694.74 7627.85 7570.69 7517.95 7455.85 7405.42 7366.69 7346.53 7311.55 7275.61 7238.47 7211.23 7192.04 7135.24
7294.09 7301.84 7319.84 7331.24 7343.14 7324.97 7333.72 7336.63 7355.19 7373.42 7375.16 7392.58 7395.32 7427.26 7437.83 7432.66 7435.74 7437.15 7449.29 7459.25 7454.16 7372.74 7409.09 7531.93 7543.98 7543.39 7558.03 7545.12 7545.47 7559.03 7569.53 7570.09 7543.78 7554.26 7529.65 7460.92 7397.53 7308.48 7314.85 7332.79 7353.4 7391.93 7429.19 7488.43 7575.74 7674 7713.54 7818.44 7919.57 8010.73 8039.56 8087.56 8046.31 7993.23 7903.96 7809.66 7717.11 7623.59 7553.31 7484.15 7440.37 7396.43 7352.57 7313.57 7282.18 7232.54 7196.73 7169.65 7157.99 7114.64
7378.29 7394.6 7410.81 7420.09 7417.45 7430.87 7432.45 7437.22 7444.28 7467.29 7471.54 7450.68 7477.41 7489.53 7490.63 7505.06 7513.31 7514.72 7529.14 7513.39 7486.81 7456.13 7419.96 7467.22 7530.49 7562.37 7595.67 7598.59 7600.97 7608.75 7627.57 7682.23 7686.92 7643.06 7605.68 7525.98 7459.66 7397.07 7362.72 7364.27 7398.6 7461.71 7504.27 7563.64 7619 7691.36 7784.42 7882.91 7978.23 8053.17 8091.82 8204.42 8153 8049.94 7921.25 7808.58 7694.11 7601.39 7518.81 7463.27 7410.35 7360.98 7335.54 7297.8 7244.52 7173.39 7142.2 7151.34 7121.71 7097.74
7460.21 7478 7479.01 7483.19 7498.19 7515.1 7524.81 7527.82 7524.69 7532.51 7543.94 7558.26 7549.26 7554.98 7565.27 7580.03 7590.97 7585.74 7583.28 7566.56 7556.86 7549.66 7557.16 7566.15 7599.14 7592.73 7606.44 7638.79 7648.21 7655.83 7651.48 7704.83 7737.9 7721.01 7657.8 7603.95 7553.15 7525.13 7478.15 7434.08 7428.83 7464.88 7515.75 7538.68 7636.99 7725.12 7814.85 7900.43 7988.97 8088.18 8186.84 8263.82 8180.52 8040.76 7899.23 7769.13 7659.28 7567.28 7486.28 7427.35 7372.62 7330.36 7287.04 7230.83 7209.38 7174.45 7096.94 7120.44 7063.79 7004.07
7538.24 7545.12 7540.54 7556.78 7571.13 7582.3 7593.5 7605.29 7608.88 7613.2 7616.58 7609.75 7623.87 7617.98 7645 7636.07 7619.59 7629.96 7639.01 7621.96 7621.24 7623.84 7611.56 7602.23 7646.76 7654.12 7660.49 7683.9 7675.43 7669.7 7624.92 7689.42 7686.69 7679.38 7678.66 7635.18 7600.79 7565.01 7543.19 7520.98 7518.3 7517.73 7563.3 7610.19 7652.5 7712.87 7781.02 7853.78 7946.14 8028.03 8104.94 8165.85 8094.94 7967.2 7830.64 7699.83 7583.39 7503.28 7426.14 7377.4 7340.83 7304.3 7224.92 7166.15 7140.87 7099.78 7011.41 7002.93 6975.94 6894.19
7570.49 7613.99 7619.35 7629.02 7636.15 7642.95 7652.17 7659.16 7662.26 7661.6 7684.88 7675.17 7687.52 7683.85 7683.1 7673.26 7680.71 7690.94 7694.39 7672.09 7663.3 7677.3 7684.39 7665.88 7637.83 7675.63 7673.09 7689.67 7702.01 7672.55 7671.32 7664.8 7622.17 7631.9 7644.37 7631.38 7607.5 7589.93 7576.03 7551.44 7547.47 7560.97 7586.5 7608.33 7658.89 7698.22 7749.61 7812.78 7858.64 7926.22 7989.38 7993.44 7908.15 7795.68 7693.16 7608.85 7524.5 7434.14 7376.05 7331.63 7282.16 7243.23 7197.82 7132.79 7032.05 6975.13 6947.79 6896.49 6874.28 6846.07
7667.45 7684.66 7688.58 7686.95 7679.13 7674.12 7684.72 7690.7 7689.35 7720.67 7717.69 7715.58 7712.51 7714.12 7736.86 7733.55 7744.14 7754.79 7735.3 7717.7 7711.33 7709.55 7704.02 7695.01 7701.01 7662.24 7649.39 7628.76 7670.83 7683.03 7644.16 7648.83 7614.85 7646.74 7658.47 7642.81 7614.55 7594.22 7571.19 7561.37 7552.82 7555.08 7564.16 7595.11 7630.6 7648.35 7700.87 7733 7788.19 7836.18 7836.93 7794.39 7718.6 7649.29 7578.39 7500.05 7443.84 7362.9 7272.68 7212.35 7157.64 7188.19 7107.02 7001.01 6946.99 6946.73 6968.83 6876.41 6762.87 6701.915
7729.83 7706.23 7671.06 7655.58 7670.78 7674.29 7683.32 7709.93 7737.58 7752.35 7758.03 7754.47 7767.3 7769.35 7762.55 7767.29 7782.89 7775.28 7767.02 7771.93 7769.55 7750.68 7730.47 7716.95 7714.25 7673.1 7641.41 7606.71 7611.87 7641.49 7625.09 7611.61 7605.57 7630.92 7649.55 7635.22 7611.67 7592.68 7579.52 7552.85 7546.36 7549.6 7552.12 7549.31 7565.4 7598.62 7639.06 7661.31 7688.48 7695.72 7698.33 7690.76 7627.61 7525.59 7453.24 7412.77 7360.81 7296.38 7084.86 7024.06 7004.23 7002.39 6911.02 6857.52 6875.43 6829.72 6884.827 6802.876 6681.456 -9999
7777.08 7711.98 7605.61 7605.22 7669.88 7712.71 7703.3 7750.52 7808.16 7817.87 7827.21 7836.62 7809.04 7807.81 7795.3 7804.48 7810.36 7811.87 7788.14 7766.31 7759.37 7746.87 7743.42 7716.93 7704.92 7683.16 7641.47 7630.85 7608.22 7601.47 7590.24 7598.82 7612.84 7628.86 7620.45 7613.99 7607.85 7577.44 7557.47 7544.52 7534.76 7533.26 7525.45 7523.92 7533.71 7561.36 7564.76 7580.23 7572.12 7578.02 7531.63 7528.81 7515.62 7438.1 7405.33 7337.48 7223.63 7076.39 6874.25 6833.42 6814.03 6804.704 6751.304 6759.364 -9999 -9999 -9999 -9999 -9999 -9999
