layers/wordclim/future/Iberia_wcB2a_10_hadcm3_2080/bio_12.asc
ncols         166
nrows         93
xllcorner     -9.4959440078468
yllcorner     36.000324005443
cellsize      0.083333337679505
NODATA_value  -9999
[rows 33 to 65 of 93, columns 0 to 72 of 166]
-9999 -9999 -9999 -9999 -9999 -9999 -9999 -9999 -9999 -9999 1088.419 1143.18 1175.23 1194.55 1197.29 1211.8 1284.4 1426.61 1493.54 1442.88 1416.14 1392.53 1280.06 1161.27 1195.75 1196.62 1066.04 918.19 839.15 852.16 813.25 752.33 761.17 733.45 701.26 663.45 634.92 611.51 575.18 539.77 515.48 487.08 448.76 420.92 402.08 387.15 382.38 370.38 362.53 362.35 359.69 358.98 357.82 355.6 353.16 355.41 352.77 353.46 360.6 367.73 376.84 385.36 397.84 414.23 443.64 466.46 555.88 614.53 531.32 482.07 463.18 456.73 475.82
-9999 -9999 -9999 -9999 -9999 -9999 -9999 -9999 -9999 -9999 1056.245 1103.28 1155.75 1243.57 1401.65 1392.28 1359.74 1251.31 1262.75 1284.61 1338.22 1341.85 1305.77 1223.22 1211.83 1187.5 1065.68 927.6 876 886.03 871.34 808.24 756.48 749.68 722.33 683.47 641.94 609.54 571.25 539.56 514.82 489.16 460.79 441.95 425.35 411.58 402.95 390.79 374.48 370.14 367.94 364.72 368.91 365.45 359.67 355.56 351.41 352.64 356.5 365.16 377.03 385.29 400.97 421.21 451.92 487.7 616.09 507.59 545.72 521.19 469.67 442.69 424.42
-9999 -9999 -9999 -9999 -9999 -9999 -9999 -9999 -9999 -9999 1027.629 1052.81 1110.43 1296.78 1235.25 1294.26 1270.13 1151.25 1177.96 1228.74 1259.91 1251.27 1222.25 1207.65 1171.15 1171.9 1049.74 950.12 923.86 863.96 864.67 846.14 786.62 743.99 727.01 699.08 658.49 613.68 584.12 552.77 525.54 507.67 484.98 471.13 457.53 448.68 430.42 396.59 389.37 380.81 374.94 376.01 380.55 382.99 374.36 360.22 362.2 354.02 357.2 363.8 377.15 390.12 409.35 451.37 553.39 567.37 626.09 579.01 490.93 450.45 439.4 419.13 419.9
-9999 -9999 -9999 -9999 -9999 -9999 -9999 -9999 -9999 1007.405 1004.902 1025.4 1054.46 1095.28 1213.95 1187.59 1222.14 1161.06 1203.4 1211.38 1162.75 1141.56 1128.33 1133.6 1106.49 1052.8 1004.21 980.48 967.65 922.74 874.6 864.48 808.86 761.56 718.7 711.59 672.61 622.11 596.32 574.39 548.34 522.3 513.29 506.25 491.11 451.33 420.61 409.95 404.16 399 398.14 402.82 420.31 412.26 414.05 410.13 398.45 371.92 369.28 371.83 423.77 428.52 465.09 486.75 476.58 450.61 456.23 446.31 446.11 455.84 431.14 412.15 418.03
-9999 -9999 -9999 -9999 -9999 -9999 -9999 -9999 -9999 987.027 998.1237 996.15 1003.05 1066.72 1157.96 1293 1333.39 1155.51 1119.67 1108.42 1104.37 1119.61 1135.9 1080.56 1014.53 1011.66 1009.06 1089.84 1020.92 952.44 918.38 874.15 829.71 761.72 706.82 676.1 660.09 647.49 626.59 607.98 590.2 579.21 538.1 499.41 477.94 457.21 439.68 430.83 430.12 440.2 452.71 455.96 480.58 472.85 452.37 421.96 387 374.61 383.93 407.26 436.41 466.39 464.42 498.15 440.14 418.07 440.44 445.48 428.5 427.19 418.9 412.32 420.74
-9999 -9999 -9999 -9999 -9999 -9999 -9999 -9999 -9999 973.91 985.29 975.31 974.34 1014.24 1157.67 1311.78 1084.41 1067 1052.09 1077.51 1062.49 1059.18 1034.52 1072.54 1256.15 1262.58 1150.74 1104.7 1040.18 976.89 916.25 900.33 832.69 761.45 722.49 683.05 659.15 687.01 694.35 724.16 627.93 586.54 525.72 492.25 492.09 482.32 455.24 456.55 466.69 461.25 455.35 490.19 550.22 472.76 431.79 432.5 447.85 441.07 416.68 377.85 390.32 382.65 398.13 425.89 406.81 412.07 410.91 415.5 418.37 430.63 426.17 420.57 423.35
-9999 -9999 -9999 -9999 -9999 -9999 -9999 -9999 948.1613 961.78 966.28 972.03 959.01 1020.88 1090.14 1066.17 1036.14 1015.91 1027.42 1024.9 1055.2 1077.73 1284.04 1532.12 1376.73 1223.81 1087.51 1107.27 1026.13 957.55 929.34 910.03 823.45 779.91 769.65 728.11 689.9 687.14 665.13 636.34 599.75 495.14 476.21 488.29 475.45 503.33 490.91 463.39 454.81 473.67 548.48 607.09 601.48 565.31 569 517.9 435.49 388.79 363.91 363.88 358.5 357.79 376.12 385.99 386.66 391.17 399.07 418.02 421.16 428.87 431.43 418.89 415.45
-9999 -9999 -9999 -9999 -9999 -9999 -9999 -9999 930 940.69 951.67 964.78 952.35 1024.95 1020.3 970.81 982.96 993.8 1017.13 1061.95 1090.09 1313.08 1703.59 1538.89 1159.19 1002.65 964.76 1031.09 1030.41 978.98 969.19 924.52 877.63 829.36 784.69 752.94 780.22 705.23 653.79 544.62 492.87 484.36 506.09 501.99 550.89 681.66 617.02 492.82 504.27 593.62 615.91 601.26 589.35 511.45 492.66 443.76 423.32 440.87 450.13 412.76 356.42 355.44 362.34 364.99 365.76 385.22 396.51 416.07 426.68 417.55 425.36 419.16 414.03
-9999 -9999 -9999 -9999 -9999 -9999 -9999 -9999 917.66 928.72 943.14 938.29 932.43 1003.55 997.91 953.27 979.25 993.55 1014.35 1088.87 1143.98 1254.92 1534.26 1463.8 1020.64 939.98 951.25 951.86 985.17 1019.34 1002.88 1000.79 915.3 848.24 837.77 745.42 680.38 606.31 561.25 516.94 474.18 486.69 491.39 507.8 691.34 783.85 612.37 563.36 613.63 664.51 731.38 667.27 596.43 476.62 494.18 488.08 393.2 344.42 356.4 364.27 364.56 362.1 353.36 350.25 367.23 385.03 391.73 409.27 418.9 413.48 411.54 406.95 415.91
-9999 -9999 -9999 -9999 -9999 -9999 -9999 906.4384 902.41 886.86 892.13 890.43 904.67 961.89 962.42 978.85 979.39 1027.17 1155.64 1294.43 1342.96 1137.09 1054.63 1003.98 965.16 954.08 905.86 895.48 901.07 902.38 813.42 764.78 866.92 737.52 662.04 613.19 576.68 577.49 521.72 490.83 465.95 447.88 525.6 649.88 545.45 618.31 771.89 734.26 698.87 496.23 558.72 498.32 395.71 352.58 369.17 330.95 337.19 345.55 356.84 364.2 347.43 338.1 343.76 358.19 375.24 381.83 384.04 405.14 406.74 409.16 406.86 405.2 408.23
-9999 -9999 -9999 -9999 -9999 -9999 -9999 -9999 856.5568 867.75 870.37 874.59 929.07 947.51 934.58 1046.82 1133.08 1181.37 1183.91 1238.19 1177.09 1047.08 1057.82 1055.07 1000.45 930.81 851.42 831.03 822.66 775.64 726.23 709.32 702.06 645.23 587.32 571.25 567.59 552.52 509.02 485 467.56 477.98 541.08 520.24 574.22 486.85 460.34 438.87 400.13 353.54 346.98 340.94 341.28 346.1 344.96 346.67 368.36 380.55 344.61 335.89 334.74 342.56 353.49 364.41 372.11 373.17 385.53 392.07 395.62 406.86 394.91 395.92 412.04
-9999 -9999 -9999 -9999 -9999 -9999 -9999 833.0267 854.76 850.17 846.79 919.9 959.35 950.86 1118.94 1219.84 1148.66 1085.92 1090.37 1051.99 1005.62 1108.51 1017.43 1059.96 911.2 845.37 829 798.06 800.26 793.73 756.09 674.43 634.37 588.99 568.9 561.62 541.46 512 482.84 466.14 465.66 470.16 467.41 464.77 450.61 400.81 382.08 362.48 355.86 350.1 346.77 347.18 344.78 342.81 343.16 350.86 344.97 336.05 334.5 336.79 341.96 348.32 356.63 361.06 361.89 365.46 377.48 376.17 387.92 388.2 384.63 391.64 394.25
-9999 -9999 -9999 -9999 -9999 -9999 -9999 818.54 841.78 839.65 846.82 945.47 933.97 958.78 1057.94 1037.68 993.58 1017.2 1083.22 1086.62 1083.89 1016.12 883.19 887.1 866.06 815.97 794.35 760.14 750.11 727.51 688.12 650.72 646.61 596.97 568.14 544.57 522.03 495.4 480.14 483.66 483.4 463.34 431.13 409.27 395.74 382.99 376.1 367.45 361.69 357.1 353.44 351.92 349.12 348.56 348.57 342.02 341.39 339.39 339.6 347.88 354.78 357.49 356.4 355.03 355.61 363.24 366.23 366.99 373.47 381.99 397.45 409.23 416.09
-9999 -9999 -9999 -9999 -9999 -9999 778.6667 780.9 821.84 844.55 845.45 898.43 893.67 938.94 943.65 931.23 980.47 1047.25 1085.75 1142.31 996.17 886.79 837.8 843.81 836.36 794.52 724.35 710.43 696.03 701.12 670.72 639.74 613.01 597.65 566.16 548.35 533.81 514.97 514.93 518.99 483.47 453.89 424.8 408.07 398.86 389.48 383.87 386.72 373.22 367.52 367.85 369.57 360.28 356.3 349.57 353.51 361.57 355.9 349.36 344.39 347.87 352.43 354.9 353.44 359.43 364.45 364.33 367.94 375.64 382.13 396.35 406.36 409.54
-9999 -9999 -9999 -9999 -9999 -9999 769.2959 769.15 793.93 834.92 876.96 872.75 848.61 899.64 885.41 890.3 902.42 938.21 1007.3 1014.44 896.26 844.91 832.75 830.4 777.05 717.25 712.62 693.3 699.63 670.69 650.75 632.76 605.91 576.65 555.43 549.04 538.76 534.42 504.7 478.64 463.98 444.77 441.09 429.05 419.53 399.72 403.56 403.66 383.99 383.47 381.04 376.99 363.96 368.2 364.5 365.95 375 373.2 367.73 368.74 366.58 356.01 366.14 378.53 381.13 389.14 394.38 391.4 388.65 390.28 389.19 393.29 401.49
-9999 -9999 -9999 -9999 -9999 750.0536 767.91 775.56 778.77 831.08 844.13 817.47 802.54 835.03 880.2 849.15 889.79 891.26 904.45 863.48 812.81 813.56 781.59 755.05 748.12 748.52 725.53 692.44 690.48 663.12 626.46 609.83 612.2 598.13 573.4 535.58 505.53 500.58 495.37 492.28 477.44 460.2 458.11 454.01 459.03 458.55 446.07 428.59 427.21 426.41 414.01 396.74 395.98 393.22 409.25 400.34 400.06 397.24 399.88 392.01 392.4 383.56 391.02 401.3 394.82 404.38 403.51 400.63 401.01 401.1 397.55 396.77 397.46
-9999 -9999 -9999 -9999 -9999 726.8171 732.04 771.29 815.17 893.23 833.75 804.19 782.8 776.4 817.4 815.14 850.95 877.11 866.11 813.29 777.08 757.66 737 749.38 748.62 727.26 699.1 706.69 667.04 646.21 635.19 623 614.11 601.21 588.77 552.9 522.79 500.1 490.05 482.13 472.62 458.29 456.07 452.59 452.73 453.91 460.73 466.46 461.74 484.89 451.77 449.55 421.16 410.5 449.79 441.69 447.35 439.67 438.49 429.33 428.18 405.89 405.31 415.92 420.05 414.62 416.7 412.13 405.13 405.49 399.22 399.99 400.9
-9999 -9999 -9999 -9999 -9999 706.8586 726.63 838.98 882.04 869.68 854.1 749.85 740.28 741.38 772.36 790.55 791.62 794.03 786.58 779.54 752.24 767.88 757.52 763.85 733.09 731.5 718.21 723.45 699.84 651.47 612.07 604.21 594.94 577.87 568.76 552.45 533.94 499.88 492.91 479.68 467.29 464.49 462.63 464.69 463.9 468.24 463.68 461.76 515.13 511.5 513.87 462.91 455.72 430.13 431.07 451.37 454.12 450.6 485.31 439.86 471.58 456.56 449.01 441.93 441.46 438.95 428.34 407.91 404.16 401.73 400.3 397.72 398.38
-9999 -9999 -9999 657.5 663.05 698.87 755.78 811.99 796.1 746.16 727.06 712.75 705.24 722.59 719.66 714.56 720.12 717.39 747.32 754.18 766.97 763.09 762.25 765.39 780.59 754.08 729.3 711.33 710.39 675.33 624.25 596.76 576.51 556.1 546.06 537.14 527.5 523.95 505.95 494.79 476.42 471.52 470.15 477.55 480.92 521.86 493.6 485.34 519.54 542.92 471.11 445.44 434.66 435.42 416.41 417.4 414.23 420.7 434.43 425.21 437.39 428.98 419.17 412.92 450.49 472.06 452.73 428.59 413.45 413.68 402.49 397.97 395.62
-9999 -9999 634.1406 642.0465 667.8 691.72 728.62 701.42 704.82 710.96 691.28 683.46 695.91 735.04 733.16 727.85 721.26 739.93 744.75 739.31 734.01 739.13 748.47 760.31 815.12 845.41 798.25 753.77 708.54 676.04 651.18 624.92 585.61 584.84 560.85 532.1 518.1 512.75 505.44 501.35 491.1 487.93 489.66 484.88 482.24 512.07 519.4 502.43 482.43 471.44 456.74 431.59 434.47 420.21 416.85 411.55 416.96 420.59 429.49 444.61 451.66 453.14 423.82 432.11 439.79 437.84 448.91 432.97 418.33 424.73 433.51 408.16 392.64
-9999 -9999 649.62 662.47 672.4 688 691.72 677.03 684.24 682.47 668.2 669.12 697.61 708.49 718.94 721.23 719.23 709.47 706.09 709.5 693.75 702.35 703.81 716.08 754.73 842.91 817.53 714.53 648.59 636.75 616.95 582.39 561.23 566.1 543.42 536.76 536.93 509.7 511.75 515.86 505.11 498.5 499.24 480.48 462.51 468.79 452.17 452.2 446.61 462.84 453.62 431.26 429.05 423.61 446.77 432.5 429.2 436.77 430.33 432.32 430.66 416.54 408.84 418.71 440.61 434.62 420.73 424.11 436.23 430.46 444.16 407.16 392.34
-9999 -9999 652.47 665.53 678.6 741.13 681.38 678.14 673.84 657.41 654.84 674.1 682.66 686.59 692.65 697.99 688.06 673.87 689.03 684.96 667.63 674.5 694.65 692.6 688.83 701.43 706.03 674.78 623.46 598.32 601.46 557.7 548.93 544.11 538.91 539.18 533 523.07 517.39 513.5 538.53 509.5 472.84 467.09 455.88 456.72 447.74 448.7 441.9 445.94 452 446.04 436.59 436.87 447.98 463.05 450.04 442.64 433.6 439.61 452.72 432.86 411.43 409.26 430.86 426.77 411.82 399.34 398.6 413.53 401.67 388.45 388.45
-9999 661.7969 663.01 683.58 720.21 693.32 663.98 668.17 649.57 642.3474 650.92 660.87 670.53 675.93 679.08 677.42 655.63 664.83 665.59 650.65 649.17 652.62 659.39 673.41 666.16 656.28 632.78 623.52 594.17 564.48 560.85 534.92 535.41 528.07 526.69 521 508.27 504.79 513.6 503.2 491.12 468.51 465.68 459.36 454.82 455.23 451.43 446.83 446.88 448.71 454.13 451.05 461.19 463.64 459.77 465.15 475.41 455.06 446.88 459.44 463.74 449.05 435.44 420.19 426.51 424.41 403.44 392.82 389.75 389.75 390.09 391.77 391.35
-9999 691.35 693.71 715.79 733.46 706.72 650.0319 640.3778 636.6552 641.16 650.13 652.41 657.52 649.6 646.02 646.68 641.26 642.79 643.12 642.25 634.66 634.24 633.17 628.16 630.69 626.89 607.53 583.52 577.73 556.62 524.65 516.1 507.87 503.4 502.97 497.03 492.17 488.76 494.61 499.84 486.32 466.75 463.74 460.83 458.47 457.94 459.97 472.84 476.17 458.53 464.54 468.21 462.11 467.92 468.33 472.89 480.97 479.96 465.17 452.35 445.15 460.93 448.78 423.34 428.72 408.89 397.75 393.03 391.49 392.91 393.67 394.21 392.66
-9999 733.8469 760.19 759.33 763.94 708.5154 645.2911 633.69 633 634.48 633.39 628.64 620.66 625.11 629.81 626.29 624.28 617.23 617.65 635.18 636.04 638.61 632.93 627.29 622.24 619.84 623.48 601.66 553.05 529.38 509.04 500.29 493.87 491.34 490.25 486.15 484.96 482.5 488.49 488.96 470.21 466.68 467.58 470.64 472.76 473.96 473.75 473.57 475.45 481.64 480.37 471.47 484.16 508.3 489.73 491.92 485.4 476.78 469.47 476.43 457.33 452.22 450.21 434.59 432.56 415.89 408.24 401.21 399.27 399.82 401.9 401.67 399.67
-9999 769.55 786.84 766.4 707.74 672.0833 635.9753 633.56 629.49 628.8 634.14 629.39 623.36 627.57 617.59 617.91 619.34 618.08 613.98 619.69 617.86 623.65 650.32 648.91 628.34 609.42 626.84 593.89 537.69 509.34 499.83 497.15 492.16 485.82 484.43 485.14 487.43 491.32 486.66 480.83 482.85 485.76 485.57 495.81 497.03 497.38 499.24 485.91 490.86 493.38 497.05 491.69 485.96 498.99 486.58 490.73 494.98 494.57 501.94 497.31 473.16 462.52 469.09 454.46 436.35 426.85 417.97 412.01 415.44 415.23 415.93 425.59 416.88
779.6913 794.23 792.63 748.84 685.883 -9999 -9999 631.6 628.72 624.86 620.95 621.97 619.97 623.68 620.48 623.06 629.32 626.96 616.62 619.53 614.28 617.98 617.66 640.42 642.78 589.11 563.6 540.39 518.05 511.56 510.34 507.2 502.11 500 499.17 498.94 507.75 508.06 495.5 507.06 511.11 518.81 518.96 515.14 535.21 515.12 515.19 505.04 511.83 517.49 522.58 521.92 515.71 491.4 505.83 503.38 499.04 490.04 503.56 497.29 499.38 485.01 473.78 469.21 461.62 453.09 458.94 441.93 425.31 422.88 420.86 423.34 420.74
738.54 744.8873 734.5 711.9481 678.1556 637.375 632.4832 622.62 617.69 619.05 621 615.76 613.32 610.05 618.02 629.05 638.23 636.21 624.23 614.95 612.23 603.2 622.39 613.51 587.49 581.42 532.3 522.19 526.13 519.11 520.98 516.96 511.38 511.56 512.82 509.65 514.7 522.29 512.72 504.63 519.62 537.51 544.37 534.26 534.31 534.77 530.12 537.99 539.89 552.44 544.52 537.65 520.38 511.28 510.31 501.63 500.07 504.16 504.14 501.71 507.92 512.5 500.31 485.72 474.46 476.53 484.35 468.17 435.58 435.13 438.02 428.68 426.4
-9999 -9999 -9999 684.3649 657.4675 640.4167 632.83 621.24 611.69 606.92 604.9 601.65 603.93 616.04 626.43 626.74 633.3 631.36 620.08 594.15 586.02 574.2 571.77 575.33 560.76 537.93 530.06 520.8 530.83 541 548.97 541.93 530.24 528.3 529.27 524.87 531.2 537.42 534.4 524.13 539.58 547.5 560.95 563.28 546.39 563.42 561.18 574.01 562.87 549.1 540.66 536.14 532.25 529.67 544.16 522.33 527.49 536.74 527.03 525.74 522.9 525.28 519.84 506.7 500.22 491.24 472.31 460.2 472.22 444.59 453.42 444.41 439.43
-9999 -9999 -9999 -9999 656.46 645.41 647.7273 619.6941 598.8351 592.9451 598.63 588.76 587.46 604.11 606.81 607.94 617.35 604.91 586.39 580.45 570.24 559.65 559.04 562.72 557.37 536.19 515.7 524.26 529.69 550.38 557.01 572.88 591.88 573.13 585.56 548 546.61 560.4 557.78 549.7 538.47 577.57 575.44 572.46 562.76 587.18 597.62 583.67 576.43 558.85 563.49 564.94 564.83 556.28 553.56 544.19 537.39 533.05 542.13 564.11 568.94 547.91 532 518.24 491.35 488.39 489.53 476.07 464.42 468.11 462.79 459.69 458.97
-9999 -9999 -9999 -9999 669.4197 667.7714 -9999 594.8235 -9999 580.8589 577.97 576.11 574.44 568.99 577.6 580.4 574.35 570.84 568.41 566.82 555.3 543.79 550.79 545.91 539.44 521.48 509.06 521.18 527.8 538.24 556.57 578.8 617.95 623.95 619.98 589.45 560.88 586.54 583.96 574.1 558.27 564.82 578.45 591.89 588.24 597.83 595.94 588.32 591.52 592.5 584.83 587.47 587.67 576.24 577.98 576 570.99 563.57 553.12 547.43 554.25 580.4 568.51 556.32 541.83 503.66 479.95 498.1 511.03 518.23 515.74 475.08 465.89
-9999 -9999 -9999 -9999 -9999 -9999 -9999 -9999 577.6607 577.6122 569.8421 560.45 558.12 561.26 554.37 572.77 568.25 561.04 564.8 576.58 559.02 549.64 535.04 530.73 517.96 505.08 512.3 516.36 523.6 543.02 549.86 581.35 601.35 552.63 567.58 575.44 589.82 593.23 597.98 603.18 590.09 586.24 601.37 595.68 602.13 602.89 603.48 606.96 611.22 608.76 609.79 615.28 609.93 602.63 600.18 600.43 596.12 588.09 582.47 575.4 559.73 554.41 541.32 548.68 542.26 533.45 485.72 505.66 496.81 494.65 501.4 478.87 467.38
-9999 -9999 -9999 -9999 -9999 -9999 -9999 -9999 -9999 575.21 573.35 566.04 552.63 546.96 535.91 544.56 548.83 556 559.38 549.45 558.52 569.41 546.58 524.39 513 501.75 508.13 510.15 519.79 525.88 543.59 560.62 547.97 543.15 555.02 560.1 578.3 594.33 610.37 617.43 620.16 616.84 615.72 615.62 616.99 621.01 613.81 623.21 625.28 614.16 616.27 615.8 630.48 640.14 618.43 611.15 614.23 604.33 599.98 592.58 590.11 581.36 567.36 534.17 542.48 525 496.9 492.66 484.67 467.88 459.45 450 426.98
