layers/wordclim/future/Iberia_wcB2a_10_hadcm3_2080/bio_06.asc
ncols         166
nrows         93
xllcorner     -9.4959440078468
yllcorner     36.000324005443
cellsize      0.083333337679505
NODATA_value  -9999
[rows 34 to 67 of 93, columns 0 to 76 of 166]
-9999 -9999 -9999 -9999 -9999 -9999 -9999 -9999 -9999 -9999 69.45918 62.52 56.24 48.88 37.97 37.16 38.14 43.66 41.11 37.74 33.43 30.95 30.39 32.71 31.34 29.13 33.8 40.69 41.08 36.15 32.36 33.58 34 28.81 27.33 25.87 25.35 23.8 24.13 22.84 20.79 19.41 18.8 17.68 17.77 17.06 16.37 17.11 18.39 17.52 15.67 14.68 12.29 13.07 13.83 14.47 15.64 15.33 13.84 11.12 9.86 11.79 12.89 12.3 7.38 1.13 -18.52 -0.21 -6.6 -1.18 11.16 17.9 22.68 21.58 18.43 19.6 22.06
-9999 -9999 -9999 -9999 -9999 -9999 -9999 -9999 -9999 -9999 71.62921 66.83 59.58 45.08 49.07 43.67 43.69 50.04 46.61 41.56 38.86 37.15 36.61 34.66 34.92 31.42 36.12 39.8 37.98 39.64 34.57 31.29 31.94 31.28 28.3 25.93 24.87 25.26 23.3 23.12 21.46 19.02 17.83 16.03 14.02 13.34 13.45 17.61 17.03 16.39 15.52 13.16 10.25 8.05 8.51 12.05 10.24 12.13 10.01 7.84 5.9 6.77 7.58 2.34 -11.65 -12.3 -19.81 -11.92 6.65 17.53 20.76 26.09 24.26 19.55 20.55 23.23 26.06
-9999 -9999 -9999 -9999 -9999 -9999 -9999 -9999 -9999 74.89189 72.94566 68.67 64.06 58.91 49.97 50.38 47.11 49.34 44.95 43.06 45.29 44.52 43.34 40.35 40.19 40.79 40.54 38.58 35.28 35.68 35.13 30.99 31.17 30.69 30.97 26.06 25.11 25.89 23.66 21.17 20.19 19.19 16.23 13.15 11.42 14.75 18.01 17.44 15.94 14.01 11.78 8.4 3.1 2.92 1.28 0.18 1.17 4.69 3.23 2.5 -2.69 -1.29 -3.77 -4.18 0.55 9.23 11.18 17.05 19.44 17.03 25.25 30.21 26.38 23.62 22.15 26.48 24.67
-9999 -9999 -9999 -9999 -9999 -9999 -9999 -9999 -9999 75.52702 72.52577 70.77 68.2 60.83 53.44 43.5 39.95 49.6 50.51 50.85 49.26 46.31 43.23 44.63 46.13 44.39 41.23 31.54 32.22 33.33 32.44 31.5 30.67 32.38 32.96 32.5 28.68 24.18 21.62 18.62 17.21 14.17 15.34 16.63 16.15 16.25 15.78 14.34 12.51 7.98 3.33 0.74 -4.69 -5.17 -3.8 -0.9 3.06 3.7 1.55 -1.54 -4.09 -5.69 -3.81 -6.42 9.27 19.73 15.79 18.29 27.07 29.03 31.61 32.46 27.78 27.57 25.92 29.32 20.01
-9999 -9999 -9999 -9999 -9999 -9999 -9999 -9999 -9999 75.41 72.61 71.57 69.64 64.61 53.37 42.19 55.82 55.69 55.26 52.84 52.34 50.74 50.31 45.7 32.15 29.15 32.55 31.65 32.08 32.41 33.8 30.4 31.66 33.74 32.77 33.15 30.54 21.35 15.49 7.36 13.61 15.55 19.86 20.23 16.24 14.16 15.59 11.75 6.8 6.19 4.8 -2.6 -11.7 -3.2 0.34 -1.13 -4.69 -4.93 -1.75 5.69 3.63 9.79 10.05 7.95 18.41 22.23 27.53 30.1 33.15 30.63 32.12 32.15 30.1 30.76 30.96 23.26 18.34
-9999 -9999 -9999 -9999 -9999 -9999 -9999 -9999 77.70968 75.37 72.92 70.61 70.1 64.36 57.7 58.14 59.04 59.45 57.08 56.63 52.98 49.85 36.3 20.43 25.98 32.32 37.48 32.51 34.09 34.96 33.89 30.64 33.78 33.09 28.82 28.16 28.21 23.32 20.7 20.25 20.2 31.49 30.53 23.35 21.32 13.13 11.81 12.73 11.3 5.72 -5.18 -15.39 -16.67 -14.24 -16.34 -10.53 0.72 7.45 13.63 13.95 18.72 23.02 20.5 21.38 27.03 31.06 33.77 30.97 34.06 32.91 31.91 33.7 33.85 31.59 24.38 19.64 20.75
-9999 -9999 -9999 -9999 -9999 -9999 -9999 -9999 78.07692 75.64 73.09 70.12 69.77 63.16 62.23 65.1 62.97 60.79 57.76 54.16 51.04 36.7 8.2 19.9 38.78 46.86 46.38 38.55 34.61 34.29 31.48 30.41 29.69 29.2 28.52 26.74 19.56 23.38 24.54 35.09 38.73 35.52 26.18 23.25 12.17 -7.45 -3.19 10.13 5.32 -9.1 -14.05 -14.83 -14.5 -6.32 -5.74 0.68 5.2 1.92 -1.1 4.59 22.87 26.34 27.78 30.66 35.93 33.95 34.37 32.58 33.47 35.89 33.62 33.52 33.59 27.73 22.29 20.99 23.33
-9999 -9999 -9999 -9999 -9999 -9999 -9999 -9999 77.83 75.32 72.4 71.43 70.4 64.11 63.4 66.11 62.84 60.69 57.97 52.84 48.12 40.07 19.1 22.93 48.06 51.55 48 44.73 38.73 31.74 28.49 24.47 27.21 28.43 24.15 29.35 31.66 37.47 38.98 41.24 44.22 37.16 31.61 24.13 -4.51 -17.15 -1.35 2.04 -6.73 -15.69 -25.63 -20.97 -13.49 2.96 -2.11 -0.37 17.54 28.39 24.05 20.2 21.49 25.29 32.49 37 34.4 32.29 35.03 33.67 33.41 35.44 35.6 35.81 32.11 25.72 24.19 25 21.84
-9999 -9999 -9999 -9999 -9999 -9999 -9999 78.38356 77.95 78.16 76.32 74.93 73.13 66.8 65.77 63.45 62.64 58.33 48.68 40.29 36.24 47.07 50.37 51.6 52.06 51.11 51.66 49.6 45.52 41.59 45.71 47.07 32.61 41.07 44.72 46.32 46.94 41.72 46.79 47.67 47.73 46.68 28.99 6.14 17.46 2.97 -18.08 -17.17 -14.36 10.7 -1.01 4.84 22.29 31.82 26.38 38.32 34.52 30.45 25.36 22.91 30.95 37.03 37.59 34.2 31.48 32.08 34.63 31.68 34.1 34.2 35.11 35.24 32.79 29.27 27 24.54 25.38
-9999 -9999 -9999 -9999 -9999 -9999 -9999 -9999 81.09091 78.78 77.2 75.3 69.83 67.51 67.71 58.44 51.64 47.83 46.88 43.36 46.28 52.78 50.44 48.69 49.94 53.22 56.56 54.8 52.44 53.14 54.31 51.94 49.74 52.09 55.03 53.08 49.21 46.7 49.23 49.7 48.61 42.28 28.02 26.69 14.16 25.49 27.21 29.57 35.41 45.13 44.39 43.36 40.67 37.22 35.65 32.93 25.16 21.43 33.44 37.43 38.74 36.82 34.11 31.78 31.98 34.22 32.77 33.2 34.3 31.65 35.26 34.29 30.63 25.43 26.1 28.96 31.28
-9999 -9999 -9999 -9999 -9999 -9999 -9999 82.76 79.96 79.32 78.36 70.36 66.82 66.63 53.57 45.84 50.29 53.86 52.79 55.3 57.23 48.86 53.15 48.57 56.25 59.77 58.52 58.08 54.75 51.95 51.81 56.17 57.7 59.44 57.86 54.98 53.65 53.92 54.71 53.95 50.67 45.34 41.63 38.76 37.89 45.59 47.05 49.48 48.83 48.76 47.28 44.57 42.75 41.41 39.24 34.55 35.76 39.88 40.09 39.05 37.95 36.29 34.03 33.24 34.38 35.69 33.82 36.23 34.03 35.11 36.44 34.08 32.51 31.16 31.2 28.78 24.26
-9999 -9999 -9999 -9999 -9999 -9999 -9999 83.23 79.71 78.95 77.3 67.19 68.21 65.74 57.42 58.43 60.9 58.4 53.04 52.87 51.92 55.13 62.56 60.38 59.75 62.24 61.52 61.51 59.43 58.2 58.59 58.84 56.58 58.76 58.38 57.68 57.25 57.42 56.07 51.21 47.33 48.34 51.78 53.14 52.8 52.54 51.05 50.22 49.59 47.95 47.15 45.82 44.49 42.14 39.7 41.07 40.26 39.81 38.96 36.87 33.93 33.48 34.38 35.94 36.47 35.12 35.72 37.56 36.98 34.96 30.76 27.11 25.01 24.31 24.06 21.8 20.09
-9999 -9999 -9999 -9999 -9999 -9999 86.55556 85.71 80.31 77.44 76.63 71.56 71.32 66.81 65.83 66.05 61.66 56.14 52.59 48.72 57.87 64.3 66.09 63.64 62.12 63.03 67.47 66.07 64.27 60.75 60.36 60.05 59.58 58.69 58.74 57.37 55.6 54.74 50.83 46.3 48.49 50.46 54.47 54.7 53.57 52.43 50.67 47.09 48.34 47.18 44.58 42.42 43.86 42.15 42.7 39.88 35.15 36.25 37.55 38.77 38.6 37.06 36.65 37.45 35.29 34.31 35.44 35.66 34.54 33.37 30.09 27.02 25.49 24.9 23.57 22.32 21.44
-9999 -9999 -9999 -9999 -9999 -9999 86.19388 85.59 82.2 76.98 72.51 73.18 74.7 69.7 70.15 69.02 67.51 64.02 57.88 57.5 65.11 67.58 66.63 65.06 67 69.49 68.66 67.49 64.02 63.72 62.21 60.77 60.26 61.2 60.36 57.39 55.28 52.44 53.12 54.19 53.18 53.39 50.96 51.11 50.13 51.48 47.52 44.74 47.19 44.63 43.21 41.85 44.7 40.91 40.08 37.96 33.4 33.03 33.51 32.26 32.49 37.05 33.31 29.31 28.47 26.93 26.43 28.15 29.72 29.85 30.47 29.61 27.28 26.29 24.48 23.59 23.71
-9999 -9999 -9999 -9999 -9999 87.01786 84.77 83.37 82.46 76.54 74.52 77.62 78.38 74.77 70.07 72.18 68.14 67.43 65.46 68.67 71.55 70.09 71.04 71.23 69.6 67.42 67.77 67.6 64.93 64.17 64.64 62.94 59.28 58.59 57.93 59.35 60.65 57.78 54.84 52.24 51.39 51.2 48.49 45.83 42.66 39.72 39.45 40.49 37.88 35.36 36.39 38.12 36.09 35.75 28.97 29.62 28.1 27.42 25.51 26.89 26.28 28.1 26.49 23.46 25.6 23.33 23.56 24.36 25.12 25.84 27.2 27.22 27.46 25.53 25.72 24.84 23.83
-9999 -9999 -9999 -9999 -9999 88.45122 87.58 82.79 77.93 69.5 75.86 78.21 79.83 79.54 74.88 74.79 70.91 68 69.05 72.5 74.21 74.43 74.62 71.8 69.9 69.28 69.84 66.71 66.76 65.65 63.09 61.02 58.51 56.42 55.54 56.97 57.82 57.74 56.35 54.68 52.99 52.52 49.77 47.27 44.61 42.13 38.22 34.21 32.02 25.1 29.38 27.39 31.92 33.54 21.84 21.35 18.92 19.5 18.26 19.12 18.89 23.13 22.6 20.41 19.48 20.72 20.43 21.39 23.46 23.87 25.78 25.65 26.02 25.16 27.05 26.28 25.26
-9999 -9999 -9999 -9999 -9999 89.26263 87.02 74.77 69.91 70.99 73.25 83.03 83.43 82.59 78.53 76.42 75.51 74.4 75.28 74.88 76.07 73.55 73.05 71.05 71.14 69.13 68.55 65.2 63.76 64.58 64.91 62.5 59.99 58.68 57.82 56.67 56.11 57.99 56.09 55.47 54.82 52.49 49.62 46.36 43.54 39.7 39.27 36.67 23.52 21.94 19.04 27.07 26.41 30.46 28.8 22.37 20.25 19.22 10.57 18.92 11.17 13.52 14.27 15.25 15.72 16.28 18.22 22.61 23.83 24.26 24.94 25.62 25.62 26.81 27.35 27.17 26.47
-9999 -9999 -9999 94.02381 93.62 89.14 82.43 76.46 77.82 83.69 85.34 86.59 86.33 83.69 83.34 83.05 81.76 80.85 78.08 76.48 74.32 73.63 72.59 71.31 68.87 68.34 68 65.9 62.44 61.71 62.83 62.02 61.12 60.45 59.79 58.12 56.3 53.98 54.19 53.14 53.44 51.56 49.08 45 41.49 31.05 34.92 34 24.74 18.36 29.7 33.59 34.48 32.07 36.13 33.78 32.86 28.66 23.22 24.39 20.34 21.36 22.35 22.69 13.72 9.65 13.15 18.03 21.12 21.4 24.03 25.48 26.15 27.74 28.12 26.9 24.58
-9999 -9999 95.54688 95.16279 92.18 89.11 84.8 87.74 87.21 86.89 88.72 89.22 86.74 81.85 81.18 80.75 80.58 77.87 77.58 77.25 76.6 74.98 73.44 71.67 67.1 64.04 63.43 62.81 61.95 60.7 59.05 57.97 58.96 55.93 56.95 57.85 57.13 55.46 53.78 51.87 51.2 48.92 46.45 44.72 42.94 34.79 30.99 32.9 34.65 34.45 35.62 40.35 37.18 38.9 39.28 38.9 35.54 31.53 27.44 21.9 19.34 17.32 22.72 19.68 16.86 16.62 14.89 17.67 20.05 18.93 17.44 23.01 26.81 28.21 28.98 28.51 27.23
-9999 -9999 93.69 92.34 91.32 89.58 88.88 90.19 89 89.64 90.85 89.61 85.41 83.46 81.64 80.55 80.11 79.85 80.24 78.98 78.86 77.13 75.7 73.66 70.33 62.63 61 64.35 64.84 62.16 60.35 60.54 59.89 56.71 57.74 56.16 54.27 55.51 52.84 49.68 48.92 48.04 45.64 47.05 48.73 45.29 47.79 45.68 44.51 39.02 39.37 43.18 41.65 41.32 34.11 36.07 35.06 30.56 30.24 27.77 26.56 28.71 28.62 24.45 18.03 18.18 20 19.83 17.19 18.2 15.03 23.34 27.47 28.73 29.21 29.35 29.13
-9999 -9999 93.85 92.17 90.59 83.18 89.93 89.96 90.93 92.11 91.81 88.23 86.19 84.96 83.41 81.82 81.88 83.09 80.68 79.91 79.88 78.03 75.3 73.93 72.25 70.41 67.16 65.19 64.88 63.25 59.96 60.86 59.35 57.49 57.06 54.82 53.66 52.97 51.48 50.15 44.4 46.96 51.88 50.84 51.15 49.64 50.41 48.22 48.55 46.21 42.45 41.66 42.44 40.87 36.97 31.02 32.38 32.4 32.84 28.92 22.95 26.19 30.25 28.79 21.31 20.7 22.83 25.16 26.01 23.08 26.15 29.27 29.21 29.08 29.04 29 28.98
-9999 94.32813 93.76 90.82 86.18 89.06 92.09 90.87 93.57 93.33685 91.28 89.14 86.82 85.02 83.94 83.14 84.08 82.98 81.54 81.43 80.26 78.52 76.65 73.6 72.09 71 69.35 66.45 64.81 63.87 61.07 60.97 58.55 58.59 57.17 56.3 56.38 55.35 52.39 52.32 52.43 55.21 54.21 54.05 53.81 52.72 51.91 51.1 49.95 47.83 44.59 43.68 39.7 37.23 37.05 33.31 28.44 32.36 32.58 26.45 23.11 24.71 26.15 27.52 23.62 22.32 25.58 27.29 28.13 28.74 29.7 29.8 29.67 29.86 29.99 28.75 27.99
-9999 92.09 90.94 87.84 85.2 87.81 94.39362 95.27778 95 93.14 90.77 89.38 87.38 86.85 86.4 85.02 84.22 83.58 82.26 80.95 80.29 78.76 76.82 75.17 72.61 70.81 69.09 67.29 63.8 62.1 62.27 60.8 60.04 60.29 58.96 58.48 57.96 57.49 55.5 53.19 53.94 56.22 55.75 55.06 54.92 53.62 52.14 47.72 45.63 47.87 45.16 42.73 42.87 39.43 37.92 34.63 31.08 29.43 31.49 32.07 31.3 24.37 25.61 29.71 25.1 27.6 27.34 27.44 28.28 28.92 29.04 29.05 29.16 29.01 28.39 27.63 26.85
-9999 87.62245 83.99 83.46 82.09 87.87629 94.82278 96.07 94.97 93.13 92.18 91.18 90.73 88.87 87.15 86.09 84.9 85.05 83.32 80 78.21 76.36 74.83 73.35 72.2 69.35 65.73 63.91 64.33 62.74 61.66 60.48 60.87 60.25 59.56 59.45 58.94 58.4 56.43 55.41 57.34 56.83 55.71 55.14 53.63 52.68 51.38 49.91 48.16 45.23 44.29 45.49 40.83 33.53 36.21 33.7 33.51 33.95 33.71 28.93 31.57 30.67 28.62 30.05 27.05 28.54 27.02 27.27 28.78 29.1 29.24 29.42 29.12 29.01 27.85 24.89 22.9
-9999 84.51 81.83 83.76 90.22 93.43333 96.16049 96.47 94.76 93.18 91.28 89.95 88.85 87.06 87.28 85.52 84.8 83.37 81.89 79.65 78.22 76.01 71.27 69.14 69.36 68.13 63.55 62.74 64.47 63.64 60.86 59.1 59.72 60.27 59.75 59.3 58.35 57.08 56.94 57.2 55.83 54.4 54.78 51.96 51.08 49.61 47.87 49.45 47.19 45.53 43.56 43.71 43.99 39.31 41 38.19 35.17 33.04 28.98 27.71 30.98 31.57 27.38 28.35 30.21 29.37 29.31 29.17 28.03 28.15 28.04 24.91 26.85 29.42 28.03 25.81 23.83
84.28395 82.09 82.44 86.9 93.96809 -9999 -9999 96.14 94.21 93.13 91.78 89.84 88.2 86.16 85.07 83.21 81.86 80.49 79.76 77.55 76.46 74.28 72.3 67.67 66.04 68.3 67.67 66.75 65.88 62.88 59.87 59.09 58.65 58.34 57.99 57.13 55.24 54.41 55.8 53.35 51.66 50.83 49.85 49.75 44.85 47.58 46.47 48.15 45.28 43.12 40.31 39.52 40.6 45.36 39.84 38.7 38.44 38.84 32.77 31.71 28.65 29.87 30.38 28.87 27.82 27.28 24.04 26.52 29.41 29.73 30.17 29.04 29.1 29.17 26.16 25.76 25.61
90.18 88.78873 89.66216 91.53247 94.71111 97 97.11236 96.33 94.84 92.77 90.46 89.26 87.96 86.48 83.61 80.54 78.75 77.29 76.93 76.02 74.64 73.86 69.69 69.5 69.66 67.59 69.99 68.16 64.36 61.88 59.19 58.72 58 57.56 56.59 56.38 54.73 53.09 53.82 54.71 52.33 48.61 46.46 47.33 46.5 45.53 45.86 43.22 41.77 37.9 38.42 40.1 43.2 44.34 42.94 43.71 42.68 39.51 37.54 35.74 30.98 27.15 27.96 29.2 29.43 26.79 23.1 25.31 31.95 31.06 29.2 30.42 30.09 29.61 27.77 26.18 25.54
-9999 -9999 -9999 93.74324 95.50649 97.21429 96.01 95.49 95.03 93.3 91.51 89.95 87.71 83.83 80.44 79.9 77.33 75.71 75.48 76.75 75.88 75.14 73.35 71.67 71.12 71.43 69.59 67.81 63.47 59.79 57.68 56.22 56.34 55.53 54.78 54.61 53.04 51.51 51.45 53.29 50.23 47.71 44.57 43.44 46.01 42.15 41.85 38.22 39.56 42.57 43.81 44.09 44.02 43.17 38.14 42.4 39.72 35.26 35.46 33.54 31.94 29.23 28.24 29.05 28.1 28.31 30.95 32.62 28.68 33.91 30.2 30.93 29.8 30.38 27.44 23.97 24.48
-9999 -9999 -9999 -9999 94.46 94.61 92.32323 94.92941 95.78022 94.34066 91.22 90.43 88.25 83.45 81.42 80.42 77.09 77 77.67 76.71 76.23 75.33 73.41 71.5 70 70.75 70.79 67.36 63.58 58.84 56.87 53.58 49.66 50.49 47.96 52.06 51.45 48.65 49.64 50.29 51.25 44.15 43.62 43.76 44.95 39.38 36.56 38.66 40.49 43.68 42.51 41.39 40.41 41.37 40.75 41.48 41.63 40.66 36.28 28.02 24.42 27.81 29.59 30.66 35.75 35.4 32.99 34.62 35.46 32.49 31.94 30.8 29.15 28.52 27.04 26.33 26.58
-9999 -9999 -9999 -9999 91.12346 90.04285 -9999 96.17647 -9999 94.73077 92.7 90.65 88.87 87.42 83.79 82.27 81.31 79.66 78.08 76.39 76.08 75.59 73.87 72.44 71.38 71.9 71.16 67.7 64.19 61.58 57.31 52.98 46.89 45 44.36 46.97 50.18 46.53 46.7 47.31 49.35 47.94 45.14 42.15 42.13 39.44 40.27 41.5 40.26 39.34 40.99 39.49 38.74 40.43 38.47 37.47 37.43 37.7 38.42 37.66 33.13 24 24.66 26.61 28.43 37.23 41.68 33.76 27.41 23.28 22.13 30.52 30.98 31.91 32.7 33.35 30.08
-9999 -9999 -9999 -9999 -9999 -9999 -9999 -9999 95.375 93.53061 92.17895 92.05 89.71 86.8 85.85 81.59 80.34 79.19 76.73 73.05 73.48 73.31 74.36 73.21 73.5 73.12 70.32 68.06 65.06 61.41 58.74 53.07 49.47 54.78 51.55 49.71 47.69 46.64 45.24 43.8 45.26 45.75 42.53 43.39 41.31 41.76 41.82 40.4 39.05 39.38 38.55 36.38 36.91 37.49 37.1 35.64 35.04 35.78 34.75 34.91 38.18 37.39 39.06 34.56 33.72 34.02 45.85 37.2 37.21 35.15 30.14 33.48 33.91 38.44 41.12 40.15 36.69
-9999 -9999 -9999 -9999 -9999 -9999 -9999 -9999 -9999 92.41 90.2 88.94 89.27 87.86 87.14 84.41 81.33 77.86 75.51 74.69 71.94 68.59 71.54 73.57 73.59 73.29 70.83 69.11 67.07 64.28 60.09 56.66 57.56 56.99 54.33 53.84 50.52 47.69 44.56 42.55 41.57 41.94 41.35 42.12 41.79 41.18 42.26 39.81 39.08 41.17 40.49 39.94 35.65 32.15 36.98 37.89 34.92 35.5 35.82 36.04 34.69 35.07 36.12 44.01 39.13 42.31 48.27 46.93 46.09 47.92 46.73 46.13 49.86 50.77 48.03 41.56 39.6
-9999 -9999 -9999 -9999 -9999 -9999 -9999 -9999 -9999 90.56 86.89 88.9 87.44 86.64 87.73 85.45 83.2 80.29 77.13 73.5 72.47 71.97 72.39 73.43 73.96 72.32 71.12 68.68 68.06 66.48 64.43 59.24 54.56 47.62 48.17 50.34 50.8 47.4 44.14 45.99 44.02 40.82 40.19 41.35 43.3 44.5 46.72 44.08 39.35 37.11 36.06 38.72 40.3 39.27 35.9 40.33 42.42 40.39 37.97 40.48 40.09 42.11 38.16 48.29 46.26 48.03 53.23 47.86 56.6 58.33 57.25 55.36 58.22 52.6 45.21 42.94 44.58
-9999 -9999 -9999 -9999 -9999 -9999 -9999 -9999 94.34615 88.48 81.61 86.19 87.28 87.84 86.52 85.31 82.52 79.63 76.13 75.26 75.22 76.48 77.06 75.1 73.04 72.49 71.94 71.5 68.86 65.9 63.17 59.87 54.43 49.5 49.04 44.52 44.04 44.67 41.11 41.67 46.65 48.94 44.98 39.54 41.13 42.34 45.65 47.09 47.06 44.06 42.24 37.99 37.13 39.55 44.79 43.46 45.53 48.22 45.47 47.41 55.97 54.87 53.55 56.38 55.9 57.53 56.78 61.54 62.85 63.49 59.36 63.85 60.99 54.92 55.07 53.37 47.16
