layers/wordclim/future/Iberia_wcB2a_10_hadcm3_2080/bio_14.asc
ncols         166
nrows         93
xllcorner     -9.4959440078468
yllcorner     36.000324005443
cellsize      0.083333337679505
NODATA_value  -9999
[rows 0 to 37 of 93, columns 0 to 84 of 166]
-9999 -9999 -9999 -9999 -9999 -9999 -9999 -9999 -9999 -9999 -9999 -9999 -9999 -9999 -9999 -9999 -9999 24.02439 26.94444 23.83582 23.80303 24.81818 24.05797 24.18182 -9999 -9999 -9999 -9999 -9999 -9999 -9999 -9999 -9999 -9999 -9999 -9999 -9999 -9999 -9999 -9999 -9999 -9999 -9999 -9999 -9999 -9999 -9999 -9999 -9999 -9999 -9999 -9999 -9999 -9999 -9999 -9999 -9999 -9999 -9999 -9999 -9999 -9999 -9999 -9999 -9999 -9999 -9999 -9999 -9999 -9999 -9999 -9999 -9999 -9999 -9999 -9999 -9999 -9999 -9999 -9999 -9999 -9999 -9999 -9999 -9999
-9999 -9999 -9999 -9999 -9999 -9999 -9999 -9999 -9999 -9999 -9999 -9999 -9999 -9999 -9999 -9999 23 23.94737 25.04 23.87 25.76 26.58 24.45455 26.43 26.03 24.62887 -9999 -9999 -9999 -9999 -9999 -9999 -9999 -9999 -9999 -9999 -9999 -9999 -9999 -9999 -9999 -9999 -9999 32.3125 32.26923 -9999 -9999 -9999 -9999 -9999 -9999 -9999 -9999 -9999 -9999 -9999 -9999 -9999 -9999 -9999 -9999 -9999 -9999 -9999 -9999 -9999 -9999 -9999 -9999 -9999 -9999 -9999 -9999 -9999 -9999 -9999 -9999 -9999 -9999 -9999 -9999 -9999 -9999 -9999 -9999
-9999 -9999 -9999 -9999 -9999 -9999 -9999 -9999 -9999 -9999 -9999 -9999 -9999 -9999 22.31482 22.03158 22.71717 23.72 24.62 26.57 27.67 27.13 26.55 28.21 24.46 22.9 23.03158 23.3038 23.2676 23 23.475 23.95238 24.69737 24.58442 26.3924 25.90909 27.13699 28.91667 30.30682 30.75258 31.02564 31.33333 31.65656 31.96 32.75 31.33766 32.01639 32.93333 33 -9999 -9999 -9999 -9999 -9999 -9999 -9999 -9999 -9999 -9999 -9999 -9999 -9999 -9999 -9999 -9999 -9999 -9999 -9999 -9999 -9999 -9999 -9999 -9999 -9999 -9999 -9999 -9999 -9999 -9999 -9999 -9999 -9999 -9999 -9999 -9999
-9999 -9999 -9999 -9999 -9999 -9999 -9999 -9999 -9999 -9999 -9999 -9999 -9999 -9999 -9999 -9999 23.9899 26.06 26.88 25.81 27.1 28.56 29.77 29.65 27.02 24.07 22.72 24.51 22.76 22.88889 24.98 26.57 27.09 25.58 29.1 28.15 27.71 29.62 31.98 30.91 29.89899 32.37 33.73 33.17 32.55 32.6 34 33.95 31.88 32.33 32.37 32.79487 30.97436 30.38983 30.6 -9999 -9999 -9999 -9999 -9999 -9999 -9999 -9999 -9999 -9999 -9999 -9999 34.09589 -9999 35.07936 36.14583 36.25287 36.69565 -9999 -9999 -9999 -9999 -9999 -9999 -9999 -9999 -9999 -9999 -9999 -9999
-9999 -9999 -9999 -9999 -9999 -9999 -9999 -9999 -9999 -9999 -9999 -9999 -9999 -9999 21.50746 21.97917 23.91 25.8 26.2 27.05 26.02 26.26 26.19 27.85 26.89 26.16 24.86 23.28 23.52 26.04 28.67 27.34 25.76 27.04 28.52 27.08 29.35 31.13 29.73 29.11 29.69 29.57 30.21 32.22 32.27 32.55 32.83 32.57 31.98 31.55 31.45 29.79 29.61 31.45 31.62 31.98 33.4 31.51064 30.39506 29.15068 28.96104 29.83333 30.41667 31.43373 31.71428 31.38 32.41 32.94 33.67708 33.49 35.09 35.8 35.40476 36.85 37.44944 36.53704 -9999 -9999 38.41379 39.68 41.84 42.16279 43.29487 43.81818 -9999
-9999 -9999 -9999 -9999 -9999 -9999 20.88889 20.65 21.58108 -9999 22.18919 22.39759 22.56 21.69697 21.75 -9999 23.94 25.55 27.32 26.45 25.33 24.92 24.79 23.9 24.33 24.61 24.4 22.94 25.94 26.87 26.55 23.95 25.34 29.04 28.98 26.77 26.33 27.11 28.93 29.32 30.56 31.27 31.34 31.09 31.62 31.54 31.97 32.84 32.86 31.62 33.01 31.5 30.23 32.97 34.82 34.11 32.32 33.57 31.03 31.56 30.23 30.99 31.1 31.12 31.99 31.34 31.89 32.26 34.34 35.89 35.91 36.09 35.01 36.69 37.44 37.96 36.78 37.38776 36.0101 37.76 38.55 39.77 41.48 43.45 43.71717
-9999 -9999 -9999 -9999 -9999 -9999 21.47945 21.72 22.17 22.5 23.6 26.26 25.71 24.71 23.17 23.36 25.32 25.93 26.45 25.57 25.15 24.01 23.59 23 23 23.13 23.91 23.17 24.22 24.94 23.69 22.87 26.38 28.58 25.93 25.17 25.94 29.21 28.92 29.96 31.02 29.72 33.45 31.33 29.73 30.85 31.21 30.73 31.69 31.86 34.97 32.96 32.31 35.76 43.35 39.43 41.9 40.57 32.08 34.08 32.42 31.19 30.82 32.72 31.9 31 32.24 32.7 33.2 36.63 39.89 37.1 35.14 35.32 36.24 35.52 35.06 36 37.31 36.02 36.7 38.38 40.8 41.85 42.69
-9999 -9999 -9999 -9999 19.43011 21.15 21.85 23.8 24.79 25.15 26.7 26.53 26.01 26.41 25.58 26.27 26.89 26.23 26.14 25.19 24.8 23.87 22.96 22.7 22.55 23.14 23.82 22.81 25.22 24.11 24.74 22.93 25.08 26.67 24.98 24.73 27.82 30.97 28.15 30.78 30.04 31.17 29.53 29.82 28.76 30.44 30.25 30.38 32.63 34.08 32.97 34.68 36.1 33.73 37.6 39.71 37.54 32 29.62 31.16 36.94 34.02 32.95 32.85 32.95 30.62 33.11 31.88 33.19 37.81 39.3 37.99 37.5 35.74 33.29 33.71 33.34 34.11 34.55 35.18 35.83 38.6 38.33 39.06 40.26
-9999 -9999 -9999 18.7732 20.25 22.88 23.34 24.39 25.15 26.05 26.2 26.31 25.33 25.5 25.53 25.42 25.55 25.89 26.97 25.56 24.05 23.45 22.57 22.27 22.6 22.55 23.68 23.53 22.05 22.23 20.65 21.1 24.62 26.97 24.17 27.81 27.93 33.33 34.08 33.06 36.09 33.23 35.38 29.49 27.78 33.99 34.86 33.47 35.44 36.44 33.41 35.5 33.31 33 35.82 35.72 39.51 38.73 35.66 33.49 35.16 39.67 36.91 33.14 32.41 32.49 32.9 32.79 33.7 33.81 33 33.04 33.41 34.17 34.03 35.31 35.43 32.34 32.9 36.39 40.19 37.67 38.46 36.98 37.43
-9999 -9999 -9999 18.17647 21.27273 22.75 23.9 24.38 24.92 25.69 25.92 26.03 26.26 26.47 25.88 25.63 25.09 25.92 25.53 25.43 23.91 23.67 22.95 21.02 20.14 20.35 22.17 21.83 21.99 19.71 20.12 22.52 22.99 25.37 26.24 28.33 30.57 28.6 28.91 29.3 30.9 29.65 30.26 31.81 30.52 30.13 31.4 30.31 32.4 31.55 29.25 30.95 31.08 30.87 30.21 33.12 37.16 38.08 36.43 33.08 32.01 37.74 35.46 30.7 29.93 30.6 30.78 30.99 31.01 30.93 30.27 29.38 30.32 31.38 32.49 33.21 33.98 33.87 33.66 33.49 35.2 33.89 34.49 36.3 37.5
-9999 -9999 -9999 -9999 19.89655 23.16 23.74 23.3 24.54 23.8 23.42 25.82 26.95 25.64 25.5 25.13 23.64 23.61 23.59 23.59 23.71 22.55 21.08 19.75 19.06 19.37 20.22 21.58 19.45 19.22 21.74 25.27 28.26 28.12 25.53 25.89 25.66 27.35 30.62 29.22 30.72 30.95 28.39 26.35 29.69 27.39 26.99 26.71 28.49 26.55 26.4 28.8 27.73 29.31 28.31 30.94 31.72 31.84 31.69 29 27.95 28.78 28.96 28.38 28.55 28.29 29.48 28.32 28.82 28.3 29.38 28.98 28.1 29.27 30.46 31.88 31.18 32.05 32.44 32.38 30.8 30.38 31.06 31.88 32.92
-9999 -9999 -9999 -9999 19.1 20.21875 20.57576 20.95604 25.95 24.29 23.74 23.38 24.59 23.84 23.76 25.5 24.55 24.23 24.23 23.05 23.12 22.14 19.67 20.33 19.87 18.34 20.48 21.22 20.13 20.68 21.93 26.99 23.89 21.71 19.48 20.54 24.02 27.7 28.07 27.71 25.77 24.33 23.36 23.39 23.33 24.39 23.08 22.96 23.73 23.34 23.65 24.13 24.14 25.47 24.75 26.26 27.36 26.09 26.26 26.72 26.08 26.11 25.53 25.71 26.63 25.76 26.45 27.66 27.22 27.72 28.87 27.67 27.88 26.42 26.51 27.37 29.7 27.16 28.85 28.04 28.44 29.79 30.6 32.06 32.34
-9999 -9999 -9999 -9999 -9999 -9999 24.42391 22.35 23.68 22.51 23.88 25.04 24.69 26.4 25.58 25.18 25.33 24.34 24.34 24.22 21.91 19.85 20.74 20.67 19.1 18.72 20.76 23.29 23.64 22.09 20.33 22.05 18.63 16.42 16.93 16.86 19.5 20.33 20.43 21.31 22.72 22.65 21.24 20.49 20.34 20.89 20.04 20.01 21.08 20.57 21.74 21.32 21.85 21.91 22.87 23.57 23.76 23.7 23.61 24.16 23.35 23.53 23.75 24.82 25.36 25.13 25.27 25.59 25.52 26.27 27.57 26.64 24.57 26.32 26.45 28.02 27.58 24.49 24.55 25.02 26.42 26.69 27.63 30.14 29.55
-9999 -9999 -9999 -9999 -9999 19.54237 22.35106 -9999 -9999 24.1 23.99 25.98 26.91 27.74 27.85 24.91 24.29 24.56 24.1 23.82 20.74 19.27 19.11 18.32 16.64 17.75 20.35 20.11 20.92 22.53 19.41 17.11 15 13.3 12.92 14 14.62 15.29 17.22 19.36 18.86 18 18.2 17.87 18.14 18.32 17.53 17.73 17.97 18.24 19.14 19.05 20.05 19.51 20.66 21.46 21.34 21.6 21.34 21.71 21.48 21.11 21.89 22.93 23.06 23.62 24.02 24.33 24.44 24.99 25 23.91 23 23.03 23.27 24.08 24.97 24.32 23.81 23.35 25.35 27.55 28.56 27.4 27.38
-9999 -9999 -9999 -9999 -9999 -9999 -9999 20 21.38554 22.52 24.45 26.01 26.17 26.34 26.87 25.89 24.31 24.32 24.13 22.14 20.52 18.4 17.76 15.61 15.27 15.9 17.2 17.59 20.05 19.99 18.07 14.35 12.71 12.02 12.18 12.82 16.44 18.81 19.27 18.74 16.85 16.18 16.28 15.92 16.12 16.22 16.08 16.06 16.2 16.49 16.78 17.78 18 17.69 18.49 19.28 19.08 19.42 19.31 19.58 19.81 19.63 19.79 20.17 20.54 20.71 21.43 22.42 22.42 22.65 22.1 22.07 23.15 23.04 23.15 23.4 23.16 22.02 21.64 21.56 21.16 21.35 21.76 21.62 22.05
-9999 -9999 -9999 -9999 -9999 -9999 -9999 20.22917 22.23913 24.86517 23.38 25.14 26.56 27.02 25.59 23.64 21.94 20.96 19.94 19.23 18.43 17.64 16.26 15.57 16.05 15.98 15.13 14.79 17.76 16.08 14.86 13.14 12.43 14.4 17.85 17.27 19.68 20.52 17.39 15.91 14.94 14.18 14.5 14.1 14.46 14.62 14.64 14.5 14.74 15.01 15.44 16.05 16.37 16.18 16.67 17.57 17.34 17.15 17.32 17.56 17.51 17.68 18.2 18.26 18.42 18.74 19.51 19.92 19.83 19.9 20.55 21.25 21.74 21.4 21.89 21.65 21.51 21.39 21.01 20.87 20.31 19.39 19.8 19.18 18.52
-9999 -9999 -9999 -9999 -9999 -9999 -9999 -9999 -9999 23.63235 23.55914 24.42 24.65 26.44 24.87 21.66 18.77 18.39 17.25 16.16 15.83 18.7 18.93 17.11 16.34 18.07 17.5 13.66 12.67 15.86 16.38 14.13 17.44 18.29 16.89 22.01 22.18 19.74 16.4 15.03 14.1 13.14 12.98 12.95 13.03 13.15 13.21 13.08 13.48 14 14.03 14.27 14.72 14.76 15.15 15.77 15.74 15.6 15.59 15.84 15.97 16 16.39 16.41 16.62 17.02 17.4 17.48 17.59 17.5 18.43 19.46 19.96 21.28 21.45 21 22.51 22.89 21.61 21.11 18.92 19.48 21.93 19.74 18.72
-9999 -9999 -9999 -9999 -9999 -9999 -9999 -9999 21.34615 23.63636 -9999 24.04 24.2 24.1 25.16 21.36 17.42 17.12 17.38 15.46 15.25 17.47 17.34 19.17 19.55 19.5 20.78 15.39 14.14 15.96 19.06 19.69 20.82 20.29 18.47 15.93 17.32 19.51 17.07 14 12.85 12.29 11.73 11.71 11.81 11.96 12 11.99 12.42 13.07 12.79 13.05 13.28 13.39 13.7 14.16 14.41 14.44 14.13 14.18 14.22 14.44 14.64 14.8 15.17 16.01 15.95 15.73 16.16 16.67 17.52 17.97 18.85 20.67 22.46 23.27 24.29 22.47 25.3 23.02 19.61 22.13 23.84 21.95 22.37
-9999 -9999 -9999 -9999 -9999 -9999 -9999 -9999 -9999 21.23077 22.2 21.09 20.36 22.26 22.11 19.28 17.3 17.34 16.44 16.5 16.25 16.46 15.59 18.88 21.14 22.19 23.16 18.65 14.77 16.85 18.68 21.69 24.58 23.4 20.32 20.27 18.69 16.3 14.76 13.14 11.93 11.42 11.19 10.61 10.46 10.66 10.88 10.95 11.76 11.83 11.87 12 12 12.2 12.32 12.36 12.33 12.54 12.32 12.24 12.3 12.56 12.8 13.44 13.84 13.8 13.95 14.23 14.52 14.89 15.47 16.72 18.45 21.46 22.95 25.38 25.69 25.39 26.71 23.2 22.23 23.09 20.87 22.8 21.45
-9999 -9999 -9999 -9999 -9999 -9999 -9999 -9999 18.53846 22.35 18.6 18.82 17.89 19.95 16.97 18.26 19.44 20.06 18.7 17.98 17.41 15.54 15.64 16.55 18.3 19.73 18.8 16.13 14.8 17.4 19.19 21.87 20.96 16.32 14.52 14.27 14.22 13.05 11.93 10.6 10.57 10.22 10 10.12 9.93 9.99 10 10.05 10.38 10.37 10.76 10.83 11 11.04 11 10.93 10.83 11.15 11.31 11.12 11.61 11.98 11.94 12.31 12.17 12.55 12.6 12.93 13.2 14.05 15.1 16 16.04 16.68 18.35 19.33 20.13 21.61 20.41 21.62 24.6 23.05 22.13 23.85 25.28
-9999 -9999 -9999 -9999 -9999 -9999 -9999 20.5873 21.01 18.51 17.15 16.66 17.46 16.66 20.79 23.25 24.63 21.85 19.47 17.25 16.34 15.25 14.18 15.65 13.22 15.43 15.67 14.53 15.25 16.15 17.27 18.26 18.15 13.45 12.43 11.98 11.59 11.14 10.09 9.94 9.59 9.16 8.99 9.1 8.92 8.82 8.95 9 9.01 9.49 10 10.01 10.18 10.12 10.02 10.01 10 10 9.99 9.71 10.26 10.38 10.33 10.84 11.04 11.31 11.48 11.85 12.39 12.8 13.4 13.97 15 14.92 15.41 17.41 21.37 22.91 23.62 25.85 25.2 25.75 25.56 25.44 23.6
-9999 -9999 -9999 -9999 -9999 -9999 -9999 18.08333 15.94 16.21 16.93 20.82 18.76 19.83 24.3 21.27 19.53 17.77 17.59 18.54 18.67 16.79 15.63 13.94 11.3 13 13.53 12.42 12.85 13.34 13.06 13.3 14.85 11.11 10.61 10.77 11.12 10.07 9.93 9.34 9.15 8.35 8 8 8.03 8 8.06 8.52 8.74 8.89 8.97 9 9 9 9 9 9 9 9 8.8 8.93 9.66 10.07 10.44 10.9 11 11 11.08 11.92 12.12 12.55 13.95 14.63 15.56 14.49 15.41 16.24 17.07 19.01 22.03 21.1 23.34 21.74 21.93 20.22
-9999 -9999 -9999 -9999 -9999 -9999 -9999 14.72727 15.42045 17.65 17.07 19.97 16.37 16.33 17.75 17.08 16.58 19.32 21 20.26 19.12 18.39 14.43 13.07 10.51 11.75 13.2 11.52 11.11 11.83 11.13 10.63 10.15 8.73 9.28 8.85 9.21 9.47 9.74 9.96 9.27 8.62 8.01 7.91 7.88 7 7.04 7.29 7.46 7.93 8.02 8.2 8.33 8.39 8.75 9 8.98 8.83 8.61 8.11 8.46 8.7 9.07 9.55 10.17 10.63 10.99 10.96 11.06 11.46 11.79 12.37 13.15 14.03 14.71 14.98 15.48 16.15 16.83 17.2 17.14 17.25 17.44 18.12 17.72
-9999 -9999 -9999 -9999 -9999 -9999 -9999 -9999 15.6 17.43 13.4 14.92 14.23 14.97 16.22 19.6 20.76 21.95 18.05 18.39 17.02 16.63 14.72 12.33 9.65 10.95 12.38 10.49 10.1 9.76 9.96 10.6 8.44 7.9 8.4 7.67 8.17 8.95 8.04 8.02 8.03 8.13 7.55 6.86 6.68 6.81 6.9 7 7 7.02 7 7.08 7.53 8.02 8.07 8 7.89 7.48 7.14 8.02 8.22 8.33 8.73 8.89 9.09 9.38 9.34 9.66 10.48 10.6 10.94 11.17 11.66 12.07 12.59 13.48 14.06 14.43 15.45 15.94 16.37 16.37 16.77 16.16 16.1
-9999 -9999 -9999 -9999 -9999 -9999 -9999 -9999 12.7 12.57143 13.92 14.65 15.58 14.25 15.23 15.87 15.81 14.81 16.27 17.24 16.92 14.46 11.95 10.11 10.35 11.69 10.46 9.02 8.55 9.01 9.48 10.89 8.18 7.9 7.73 6.98 7.69 7.92 7.96 7 7.08 7.04 6.7 6.21 6.01 6 6.03 6.27 6.57 6.99 7 7 7.08 7.1 7.15 7.15 7.05 7 7.04 7.33 7.43 7.45 8.04 8.68 8.82 8.97 8.81 8.95 9.01 9.42 9.61 10.02 10.4 10.81 11.26 11.75 12.29 12.85 13.94 14 14.73 15.73 15.71 15.69 15.19
-9999 -9999 -9999 -9999 -9999 -9999 -9999 -9999 11.5921 12.78 12.99 12.64 11.49 11.84 12.28 13.65 13.99 16.84 16.94 15.45 12.97 12.11 10.53 9.85 12.27 10.07 8.56 7.87 7.66 7.81 8.77 8.66 8.13 7.32 6.85 6.78 7 7 7.3 6.85 6.87 6.78 6.02 6 6 5.86 5.96 6 6.03 6.43 6.51 6.51 6.66 6.99 6.98 6.94 6.47 6.37 6.78 6.74 7 7.18 7.4 7.29 7.28 8.19 8.07 8.81 8.96 9 9.05 9.55 9.9 10.36 10.5 10.85 11.55 11.61 12.22 12.56 12.98 13.17 13.78 14.5 14.7
-9999 -9999 -9999 -9999 -9999 -9999 -9999 -9999 -9999 12.41 11.99 12.17 12.03 13.25 12.32 12.23 14.03 13.33 12.5 12.1 10.66 12.89 11.67 12.96 11.41 8.83 7.46 6.9 7.34 7.32 7.54 7.11 6.73 6.13 6.13 6.17 6.7 6.28 6.06 6.08 6.03 6.24 5.88 5.66 5.31 5.05 5.37 5.69 5.92 6 6 6.01 6.01 6.28 6.23 6.07 6 6 6.02 6.83 6.99 7 7.01 7.26 7.58 7.62 7.92 8.09 8.27 8.59 9.32 9.38 10.08 10.07 10.11 10.21 10.36 10.77 11.55 11.65 11.86 12.58 13.12 13.62 13.63
-9999 -9999 -9999 -9999 -9999 -9999 -9999 -9999 -9999 11.86 12.13 12.04 12.5 12.22 11.65 12.08 12.96 12.45 9.5 11.16 13.82 13.65 12.79 11.07 9.69 9.03 8.45 6.67 7.12 7.53 8.43 6.92 6.08 5.97 6.02 6.01 6.07 6 5.91 6 5.97 5.88 5.37 5.02 5 5 5 5.51 5.7 5.86 5.73 5.99 6 6 6 6 6 6 6.16 6.64 6.96 7 7 7 7.06 7.35 7.69 8.36 9.48 9.77 9.69 9.03 9.23 9.76 9.81 10.25 10.25 10.45 10.66 10.93 11.41 11.77 11.96 12.45 13.25
-9999 -9999 -9999 -9999 -9999 -9999 -9999 -9999 -9999 11.92929 12.06 11.77 11.84 11.78 11.71 11.27 12.33 11.26 9.78 11.39 16 11.48 11.5 10.52 8.76 7.2 7.16 6.78 7.24 6.58 6.91 6.38 5.82 6.12 6.48 6.15 5.82 5.5 5.9 6 6 5.11 5 5 5.01 5.07 5.39 5.23 5.59 5.7 5.88 5.86 6 5 5.35 5.6 5.3 6 6.24 6.31 6.09 6.25 6.39 6.99 7 7 7.07 7.95 8.99 8.62 8.67 8.9 9.02 9.35 10.28 10.98 11.36 12.09 12.53 11.59 11.56 12.76 12.87 13.08 13.02
-9999 -9999 -9999 -9999 -9999 -9999 -9999 -9999 -9999 11.98734 12.45 12.33 12.47 12.44 12.04 10.97 10.63 9.59 11.78 13.12 10.24 9.2 10.12 8.32 9.2 7.31 8.28 7.8 6.4 6.03 6.14 5.65 5.96 6.12 5.99 5.84 5.15 5.36 5.61 5.97 6 5 5.12 5.36 5.54 5.85 5.62 5.73 5.38 5.13 5 5 5 5 5 5 5 5.1 5.13 5.81 6 6 6 6.86 7 7 7 7.21 8.01 8.01 8.32 9.23 10.69 11.7 11.89 12.31 12.43 12.44 11.98 11.72 11.93 11.98 12.38 12.75 13.13
-9999 -9999 -9999 -9999 -9999 -9999 -9999 -9999 -9999 11.9434 12.15 12.22 12.09 11.79 11.37 11 9.74 11.7 12.3 12.05 8.07 8.51 8.42 7.1 7.19 7.44 8.5 7.82 5.87 5.81 6.21 5.78 5.92 5.79 5.88 5.87 5.54 5.91 5.44 5.3 5.49 5 5.07 5.67 5.75 5.38 5.7 5.97 5.81 5 5 5 5 5 5 5 5 5.02 5.67 5.6 5.99 6 6 6 6 6 6.41 7.18 7.85 8.17 8.4 10.44 13.9 14.16 13.13 12.52 13.27 12.24 10.71 11.1 10.82 10.9 12.46 12.73 12.98
-9999 -9999 -9999 -9999 -9999 -9999 -9999 -9999 -9999 -9999 12.02151 11.61 11.34 11.54 11.2 10.31 10.38 10.28 9.5 9.71 8.14 8.14 8.08 7.51 7.68 6.89 6.57 6.25 5.48 6 6.05 5.47 5.45 5.73 6 6 5.09 5.39 5.75 5.62 5.18 5 5 5 5 5 5.01 5.4 5.46 5 5 5 5 5 5 5 5.18 5.1 5.82 5.94 6 5.99 6 6 6 6.33 7.03 7.21 7.69 8.67 10.79 13.39 13.09 11.21 12.44 10.98 11.59 11.08 10.61 10.51 10.13 10.42 11.8 12.39 12.66
-9999 -9999 -9999 -9999 -9999 -9999 -9999 -9999 -9999 -9999 11.42857 11.84 10.82 10.71 10.53 10.95 12.96 11.87 13.82 12.66 10.07 10.21 9.39 9.47 9 8.31 7.17 6.58 5.59 5.58 5.12 5.1 5.02 5.52 5.92 5.97 5 5 5.11 5.51 5.37 5 5 5 5 5 5 5.05 5 5 5 5 5 5 5 5.16 5.93 5.65 6 6 6 6 6 6 6.16 6.85 7.57 10.41 10.85 10.98 8.24 8.38 10.82 9.57 8.36 9.42 10.19 8.86 8.91 9.31 9.56 10.46 11.24 12.1 12.75
-9999 -9999 -9999 -9999 -9999 -9999 -9999 -9999 -9999 -9999 11 11.48 11.7 11.6 11.16 10.98 11.53 13.45 14.17 12.85 12.25 11.84 9.94 8.61 8.96 9.2 7.62 6.15 5.79 5.98 5.49 5.1 5.51 5.72 5.87 5.69 5 5 5.14 5.03 5.36 5 5 5 5 5.01 5 5 5 5 5 5 5 5.1 5.32 5.98 6 6 6 6.03 6 6 6 6 6.33 7.26 10.77 12.6 9.59 7.73 7.22 7.06 8.06 8.21 7.18 7.35 7.42 7.53 7.78 8.51 9.14 10.32 11.07 11.91 12.09
-9999 -9999 -9999 -9999 -9999 -9999 -9999 -9999 -9999 -9999 10.93878 11.02 11.19 12.15 13.89 13.41 12.39 10.54 10.44 10.45 10.58 10.53 10 9.22 8.86 8.69 7.39 6.74 5.91 6.08 6.02 5.62 5.31 5.72 6 5.94 5 5 5 5 5.04 5 5 5 5 5.02 5.14 5.11 5 5 5 5.02 5.62 5.9 5.89 6 6 6 6 6.38 6.7 6.31 6.22 6.33 7 8.31 12.66 8.89 10.22 9.34 7.25 6.23 5.74 5.97 6.52 6.42 6.23 6.68 7.63 8.79 9.92 9.9 10.54 11.28 12.03
-9999 -9999 -9999 -9999 -9999 -9999 -9999 -9999 -9999 -9999 10.01124 10.62 11.04 12.88 11.72 11.92 11.16 9.17 9.18 9.74 10.01 9.52 9.11 8.94 8.15 8.07 7.12 6.83 5.98 5.91 5.72 5.96 5.36 5.21 5.69 5.92 5 5 5 5 5 5 5.02 5 5.28 5.92 5.83 5.16 5 5 5 5.28 5.83 6.15 6.14 6.03 6.24 6.14 6.41 6.81 7 6.91 6.78 7.72 10.6 10.88 12.63 11.07 7.91 6.31 5.9 5.18 5.36 5.98 6.01 5.82 5.55 6.41 7.75 8.5 8.68 8.64 9.71 11.18 11.66
-9999 -9999 -9999 -9999 -9999 -9999 -9999 -9999 -9999 10 9.98913 10.01 10.34 10.53 11.2 10.4 10.56 9.46 9.57 9.33 8.57 8.13 7.86 8.07 7.56 7.04 6.72 7 6.01 6 5.61 5.91 5.46 5.14 5.15 5.84 5 5 5 5 5.04 5 5.04 5.56 5.86 5.31 5.01 5.06 5 5.04 5.45 5.97 6.61 6.75 6.86 7.09 7.08 6.98 7 7.15 8.14 7.98 8.53 8.78 8.27 6.95 6.85 6.16 6.05 6.32 5.39 4.64 5.11 5.33 5.67 5.1 5.6 7.12 7.72 7.99 8.9 8.11 7.99 9.12 10.01
-9999 -9999 -9999 -9999 -9999 -9999 -9999 -9999 -9999 9.310811 9.659794 9.37 9.39 10.26 10.83 11.67 12.16 9.2 9 8.24 8 7.88 7.96 7.54 6.52 6.59 6.5 7.13 6.3 6 6 5.82 5.57 5.04 4.95 4.88 5 5 5.04 5.41 5.88 5.61 5.23 5.01 5.06 5.04 5.1 5.53 5.18 5.89 6.45 6.9 7.76 7.55 7.63 7.4 7.04 7 7.2 7.86 8.37 8.82 8.57 9.2 7.08 6 6.42 6.22 5.29 5.05 4.68 4.09 4.89 4.89 4.94 4.75 6.14 6.68 6.92 7.97 8.92 7.77 8.68 9.76 11.56
