layers/wordclim/future/Iberia_wcB2a_10_hadcm3_2080/bio_05.asc
ncols         166
nrows         93
xllcorner     -9.4959440078468
yllcorner     36.000324005443
cellsize      0.083333337679505
NODATA_value  -9999
[rows 33 to 65 of 93, columns 73 to 145 of 166]
353.58 360.08 359.3 360.31 362.06 364.78 363.24 361.43 357.59 354.45 353.47 352.71 350.52 348.52 344.04 339.45 336.66 335.66 335.92 335.04 332.24 327.94 327.26 323.48 320 321.22 316.21 310.56 309.85 316.26 321.69 329.76 341.01 342.14 341.71 340.16 347.37 354.1 361.82 362.29 357.04 359.31 363.83 362.53 367.26 365.32 380.57 377.79 374.88 376 371.57 373.12 -9999 -9999 -9999 -9999 -9999 -9999 -9999 -9999 -9999 -9999 -9999 -9999 -9999 -9999 -9999 -9999 -9999 -9999 -9999 -9999 -9999
366.81 363.94 365.28 367.91 366.69 363.94 359.38 358.06 359.04 357.96 356.04 353.29 350.99 353.91 348.11 345.33 338.72 341.33 336.33 331.89 329.54 326.68 325.65 322.59 321.16 319.69 315.7 314.29 312.17 317.56 318.73 323.56 329.56 332.55 330.86 336.15 340.28 347.71 355.75 347.94 345.95 352.24 357.44 355.71 350.85 356.2 381.66 380.36 366.67 377.9293 -9999 -9999 -9999 -9999 -9999 -9999 -9999 -9999 -9999 -9999 -9999 -9999 -9999 -9999 -9999 -9999 -9999 -9999 -9999 -9999 -9999 -9999 -9999
366.81 366.88 368.99 371.26 368.35 362.91 361.84 361.28 363.62 362.97 356.95 355.62 357.02 354.17 350.23 347.33 343.65 340 336.6 334.47 328.38 324.56 323.11 324.16 323.09 318.96 312.49 311.17 311.9 312.72 313.19 316.67 315.33 315.98 320.36 324.95 331.88 345.72 345.08 347.76 341.01 346.31 342.1 338.37 329.95 358.04 382.74 381.78 379.14 382.4648 -9999 -9999 -9999 -9999 -9999 -9999 -9999 -9999 -9999 -9999 -9999 -9999 -9999 -9999 -9999 -9999 -9999 -9999 -9999 -9999 -9999 -9999 -9999
372.8 370.79 372.84 371.05 364.75 365.04 364.83 361.19 366.99 369.97 368.54 364.99 357.2 347.13 342.83 339.2 340.56 337.5 332.23 329.28 324.44 323.78 320.6 324.38 325.97 320.22 312.7 313.19 312.74 310.76 309.29 310.31 314.24 314.02 318.9 323.35 333.92 337.37 338.64 335.37 330.42 330.46 325.42 337.4 346.1 368.34 378.31 380.45 382.0412 380.914 378.7209 377.7391 -9999 -9999 -9999 -9999 -9999 -9999 -9999 -9999 -9999 -9999 -9999 -9999 -9999 -9999 -9999 -9999 -9999 -9999 -9999 -9999 -9999
380.36 376.31 377.26 370.41 368.85 369.75 364.55 363.24 370.65 367.55 363.38 357.72 356.08 351.75 345.8 340.67 336.66 334.58 331.17 325.96 318.97 321.99 318.5 320.56 324.76 325.86 316.3 316.31 318.2 316.65 311.19 311.51 310.13 309 311.52 310.96 322.85 330 336.02 332.79 328.53 332.63 338.97 352.11 365.47 371 373.1 369.2128 -9999 -9999 -9999 -9999 -9999 -9999 -9999 -9999 -9999 -9999 -9999 -9999 -9999 -9999 -9999 -9999 -9999 -9999 -9999 -9999 -9999 -9999 -9999 -9999 -9999
387.55 384.64 375.99 371.86 374.87 370.94 367.2 369.54 374.92 369.08 367.1 365.5 366.4 363.16 355.83 347.54 340.33 327.91 325.91 320.69 315.2 317.74 319.13 320.25 325.36 328.94 323.13 318.47 322.79 316.56 304.72 310.34 307.79 304.21 303.46 300.57 314.4 321.48 328.76 328.86 327.66 337.43 346.05 360.34 367.18 372.02 374.69 -9999 -9999 -9999 -9999 -9999 -9999 -9999 -9999 -9999 -9999 -9999 -9999 -9999 -9999 -9999 -9999 -9999 -9999 -9999 -9999 -9999 -9999 -9999 -9999 -9999 -9999
391.95 381.34 375.78 376.85 375.84 371.4 372.78 377.15 378.3 375.53 377.51 375.45 372.59 364.22 359.13 349.66 339.97 332.25 324.91 322.48 315.84 316.2 320.1 323.67 326.44 330.65 328.33 323.5 325.99 312.52 308.45 306.92 301.32 293.44 295.05 300.24 304.91 316.02 321.1 325.61 329.85 345.31 354.08 359.82 365.75 372.27 375.52 -9999 -9999 -9999 -9999 -9999 -9999 -9999 -9999 -9999 -9999 -9999 -9999 -9999 -9999 -9999 -9999 -9999 -9999 -9999 -9999 -9999 -9999 -9999 -9999 -9999 -9999
389.53 381.93 380.46 382.58 379.25 379.12 383.35 380.84 381.29 374.51 372.41 376.17 371.58 370.05 364.84 359.5 344.46 336.9 328.59 322.6 319.36 322.28 326.51 324.59 324.16 330.14 333.13 334.32 326.28 314.75 313.28 309.58 303.12 292.66 293.51 300.45 309.12 321.1 332.87 335.54 342.15 349.41 358.59 356.61 363.94 369.1446 -9999 -9999 -9999 -9999 -9999 -9999 -9999 -9999 -9999 -9999 -9999 -9999 -9999 -9999 -9999 -9999 -9999 -9999 -9999 -9999 -9999 -9999 -9999 -9999 -9999 -9999 -9999
389.68 386.73 387.3 384.24 383.34 387.18 383.52 378.21 382.21 380.26 375.24 374.31 370.38 368.55 364.76 359.18 346.29 336.32 332.22 331.82 319.53 321.1 321.63 322.05 325.2 327.61 331.81 337.74 327.53 318.71 324.03 322.36 312.55 303.33 307.68 308.35 313.71 322.05 336.38 342.94 343.62 347.35 361.25 363.45 361.9634 -9999 -9999 -9999 -9999 -9999 -9999 -9999 -9999 -9999 -9999 -9999 -9999 -9999 -9999 -9999 -9999 -9999 -9999 -9999 -9999 -9999 -9999 -9999 -9999 -9999 -9999 -9999 -9999
395.48 392.1 389.67 390.16 391.55 389.68 380.93 378.93 381.81 375.34 376.69 375.35 374.57 370.38 362.03 366.97 350.34 344.98 340.42 331.27 327.64 325.04 328.52 320.2 330.96 332.01 338.8 334.03 322.03 322.18 330.11 331.99 327.49 323.52 319.16 325.3 323.51 327.56 344.25 352.86 352.62 354.86 359.61 367.4474 -9999 -9999 -9999 -9999 -9999 -9999 -9999 -9999 -9999 -9999 -9999 -9999 -9999 -9999 -9999 -9999 -9999 -9999 -9999 -9999 -9999 -9999 -9999 -9999 -9999 -9999 -9999 -9999 -9999
393.88 393.33 395.85 397.77 393.81 389.17 381.62 380.03 379.83 376.92 375.74 374.77 371.23 370.57 370.88 368.02 354.2 346.54 340.37 340.09 337.22 337.45 333 328.41 334.12 344.6 340.01 326.89 309.11 310.59 323.92 332.34 333.45 335.29 335.85 333.48 336.94 340.41 347.58 354.02 353.75 354.11 362.4659 -9999 -9999 -9999 -9999 -9999 -9999 -9999 -9999 -9999 -9999 -9999 -9999 -9999 -9999 -9999 -9999 -9999 -9999 -9999 -9999 -9999 -9999 -9999 -9999 -9999 -9999 -9999 -9999 -9999 -9999
401.47 401.3 398.95 393.72 391.47 389.17 384.62 382.63 381.03 379.45 375.6 375.64 370.18 373.38 376.27 371.97 361.78 352.22 353.55 349.51 342.79 344.22 339.53 331.98 336.9 346.34 336 322.37 310.11 313.56 322.97 326.45 331.72 330.78 339.49 341.41 346.48 350.17 355.49 355.2 355.97 358.3582 -9999 -9999 -9999 -9999 -9999 -9999 -9999 -9999 -9999 -9999 -9999 -9999 -9999 -9999 -9999 -9999 -9999 -9999 -9999 -9999 -9999 -9999 -9999 -9999 -9999 -9999 -9999 -9999 -9999 -9999 -9999
396.98 396.75 394.59 392.05 391.48 389.49 386.96 383.66 385.32 383.22 380 377.83 376.13 376.22 374.29 370.63 366.28 359.75 361.15 357.69 352.94 346.32 342.32 341.07 342.58 344.25 345.12 337.86 328.49 321.2 314.1 321.9 332.36 337.9 340.35 338.89 343.24 351.89 357.02 358.56 360.9588 -9999 -9999 -9999 -9999 -9999 -9999 -9999 -9999 -9999 -9999 -9999 -9999 -9999 -9999 -9999 -9999 -9999 -9999 -9999 -9999 -9999 -9999 -9999 -9999 -9999 -9999 -9999 -9999 -9999 -9999 -9999 -9999
399.64 398.35 397.14 395.4 394.83 391.72 389.54 387.57 386.98 384.76 383.18 380.51 379.16 380.05 373.43 369.09 364.29 361.76 362.02 357.12 358.09 349.68 342.65 344.14 346.32 342.35 342.97 345.89 340.71 334.64 327.32 323.94 333.23 340.95 346.81 348.09 342.56 346.18 354.55 360.3737 -9999 -9999 -9999 -9999 -9999 -9999 -9999 -9999 -9999 -9999 -9999 -9999 -9999 -9999 -9999 -9999 -9999 -9999 -9999 -9999 -9999 -9999 -9999 -9999 -9999 -9999 -9999 -9999 -9999 -9999 -9999 -9999 -9999
402.87 401.02 398.97 398.73 396.11 394.66 389.96 388.32 386.34 387.93 385.51 382.71 381.42 381.28 377.9 373.23 367.43 363.79 364.02 361.03 358.23 356.67 353.61 352.09 347.3 344.22 347.89 352.18 349.11 343.29 339.02 341.11 339.91 340.94 343.21 348.81 352.4 352.24 357.63 -9999 -9999 -9999 -9999 -9999 -9999 -9999 -9999 -9999 -9999 -9999 -9999 -9999 -9999 -9999 -9999 -9999 -9999 -9999 -9999 -9999 -9999 -9999 -9999 -9999 -9999 -9999 -9999 -9999 -9999 -9999 -9999 -9999 -9999
404.12 403.93 401.67 400.55 398.19 396.94 393.17 391.65 388.41 388.51 386.51 382.55 382.69 383.3 380.21 374.48 369.5 367.07 364.01 362.8 362.56 362.79 359.66 354.54 345.57 349.13 348.31 349.23 352 355.35 353.39 353.08 353.9 354 350.44 346.23 351.36 355.67 359.7105 -9999 -9999 -9999 -9999 -9999 -9999 -9999 -9999 -9999 -9999 -9999 -9999 -9999 -9999 -9999 -9999 -9999 -9999 -9999 -9999 -9999 -9999 -9999 -9999 -9999 -9999 -9999 -9999 -9999 -9999 -9999 -9999 -9999 -9999
405.24 406.22 404.35 403.04 400.76 397.42 393.37 394.54 392.57 388.84 389.44 384.86 382.99 383.73 381.57 378.31 374.22 370.39 367.57 364.62 360.73 362.09 362.81 356.06 352.6 354.16 349.77 343.12 342.75 349.54 356.09 357.7 358.6 357.91 357.25 355.49 354.55 357.9149 -9999 -9999 -9999 -9999 -9999 -9999 -9999 -9999 -9999 -9999 -9999 -9999 -9999 -9999 -9999 -9999 -9999 -9999 -9999 -9999 -9999 -9999 -9999 -9999 -9999 -9999 -9999 -9999 -9999 -9999 -9999 -9999 -9999 -9999 -9999
408.27 407.24 406.37 405.12 403.03 401.09 397.53 396.91 395.14 391.21 389.26 388.58 386.81 384.17 380.42 378.55 378.47 374.61 372.09 368.13 366.14 364.49 366.27 361.13 356.97 355.62 355.31 351.24 349.07 346.21 344.94 353.21 358.81 359 358.14 357.35 357.41 -9999 -9999 -9999 -9999 -9999 -9999 -9999 -9999 -9999 -9999 -9999 -9999 -9999 -9999 -9999 -9999 -9999 -9999 -9999 -9999 -9999 -9999 -9999 -9999 -9999 -9999 -9999 -9999 -9999 -9999 -9999 -9999 -9999 -9999 -9999 -9999
410.26 408.72 407.23 403.83 404.13 402.68 401.03 399.08 397.95 395.32 393.09 390.89 388.79 384.51 381.56 381.55 379.11 376.83 373.44 372.07 369.65 369.02 369.7 364.88 361.91 361.91 360.98 357.29 351.89 348.15 346.98 352.54 357.61 359.73 359.77 358.74 357.88 -9999 -9999 -9999 -9999 -9999 -9999 -9999 -9999 -9999 -9999 -9999 -9999 -9999 -9999 -9999 -9999 -9999 -9999 -9999 -9999 -9999 -9999 -9999 -9999 -9999 -9999 -9999 -9999 -9999 -9999 -9999 -9999 -9999 -9999 -9999 -9999
411.71 410.76 409.6 406.93 406.3 404.36 402.91 401.06 399.83 397.34 395.08 393.44 391.04 387.57 386.02 384.02 380.55 378.67 375.53 373.98 372.36 369.39 369.12 371.99 370.51 367.14 364.63 358.25 355.27 353.27 354.21 358.76 359.95 359.86 360.11 361.22 361.41 -9999 -9999 -9999 -9999 -9999 -9999 -9999 -9999 -9999 -9999 -9999 -9999 -9999 -9999 -9999 -9999 -9999 -9999 -9999 -9999 -9999 -9999 -9999 -9999 -9999 -9999 -9999 -9999 -9999 -9999 -9999 -9999 -9999 -9999 -9999 -9999
413.32 411.88 410.91 409.06 408.05 405.64 404.06 401.74 400.49 397.9 395.64 394.15 391.81 388.87 387.47 384.72 382.57 380.66 378.02 376.43 374.27 371.62 369.47 367.25 366.67 366.97 364.9 362.77 358.97 355.81 358.32 356.31 355.57 361.46 361.71 362.99 363.83 363.9048 -9999 -9999 -9999 -9999 -9999 -9999 -9999 -9999 -9999 -9999 -9999 -9999 -9999 -9999 -9999 -9999 -9999 -9999 -9999 -9999 -9999 -9999 -9999 -9999 -9999 -9999 -9999 -9999 -9999 -9999 -9999 -9999 -9999 -9999 -9999
413.45 412.56 411.34 409.24 408.44 406.44 404.75 401.8 399.92 397.06 394.95 393.36 392.28 389.91 388.72 386.18 384.92 382.39 380.92 378.42 376.56 373.42 372.34 370 366.96 363.61 359.75 361.27 364.09 353.7 351.27 357.69 360.71 361.86 366.78 366.86 366.72 366.6465 -9999 -9999 -9999 -9999 -9999 -9999 -9999 -9999 -9999 -9999 -9999 -9999 -9999 -9999 -9999 -9999 -9999 -9999 -9999 -9999 -9999 -9999 -9999 -9999 -9999 -9999 -9999 -9999 -9999 -9999 -9999 -9999 -9999 -9999 -9999
414.6 413.35 412.21 409.9 408.62 405.64 403.32 400.28 398.21 395.68 394.06 391.03 390.13 390.4 389.08 387.16 385.72 383.34 381.79 379.74 377.89 376.27 372.11 368.56 363.65 356.86 356.74 358.31 362.9 350.83 353.7 362.73 365.18 366.75 369.95 369.38 365.52 366.59 -9999 -9999 -9999 -9999 -9999 -9999 -9999 -9999 -9999 -9999 -9999 -9999 -9999 -9999 -9999 -9999 -9999 -9999 -9999 -9999 -9999 -9999 -9999 -9999 -9999 -9999 -9999 -9999 -9999 -9999 -9999 -9999 -9999 -9999 -9999
414.96 413.67 411.68 409.08 407.03 404.22 399.09 397.11 394.71 392.17 391.46 387.82 387.55 388.1 388.81 388.53 386.77 385.3 382.7 380.89 377.44 372.54 368.94 362.68 357.98 353.61 355.42 358.07 361.71 352.65 355.36 360.05 365.4 368.95 370.92 370.55 364.16 362.52 370.2346 -9999 -9999 -9999 -9999 -9999 -9999 -9999 -9999 -9999 -9999 -9999 -9999 -9999 -9999 -9999 -9999 -9999 -9999 -9999 -9999 -9999 -9999 -9999 -9999 -9999 -9999 -9999 -9999 -9999 -9999 -9999 -9999 -9999 -9999
415.32 413.39 409.95 406.53 403.67 401.42 399.93 397.15 393.74 390.91 387.35 384.96 384.9 386.72 389.21 388.45 387.6 385.92 383.78 380.29 374.2 368.39 366.13 360.44 359.33 360.78 359.81 359.69 356.62 350.12 355.02 360.72 365.53 368.02 368.96 368.95 363.04 361.05 371.54 373.6607 -9999 -9999 -9999 -9999 -9999 -9999 -9999 -9999 -9999 -9999 -9999 -9999 -9999 -9999 -9999 -9999 -9999 -9999 -9999 -9999 -9999 -9999 -9999 -9999 -9999 -9999 -9999 -9999 -9999 -9999 -9999 -9999 -9999
415.64 413.72 410.77 406.97 405.05 401.54 398.45 397.69 393.94 391.79 388.32 386 384.18 386.41 387.06 388.3 386.94 385.63 383.04 379.03 375.77 372.17 368.03 365.7 363.92 363.52 362.21 363.24 361.85 357.66 358.59 364.02 362.8 363.62 368.87 368.74 363.3 360.85 363.3 372.21 374.2388 -9999 -9999 -9999 -9999 -9999 -9999 -9999 -9999 -9999 -9999 -9999 -9999 -9999 -9999 -9999 -9999 -9999 -9999 -9999 -9999 -9999 -9999 -9999 -9999 -9999 -9999 -9999 -9999 -9999 -9999 -9999 -9999
415.35 412.06 410.75 408.4 405.85 402.04 398.17 396.36 394.48 391.31 389.62 387.38 386.96 385.12 385.14 383.62 381.82 382.99 379.83 378.45 375.36 372.19 368.94 367.26 366 366.46 362.88 360.22 360.75 362.8 366.28 361.64 360.08 362.28 356.61 356.99 361.77 352.68 352.12 357.71 369.1 371.3 371.9794 -9999 -9999 -9999 -9999 -9999 -9999 -9999 -9999 -9999 -9999 -9999 -9999 -9999 -9999 -9999 -9999 -9999 -9999 -9999 -9999 -9999 -9999 -9999 -9999 -9999 -9999 -9999 -9999 -9999 -9999
415.27 413.07 411.1 409.22 406.07 403.3 400.23 395.44 394.46 393.64 391.79 387.3 381.71 378.33 375.96 374.92 376.84 379.24 380.72 377.29 377.02 374.73 373.9 371.8 367.74 368.73 369.02 367.24 365.47 370.6 366.29 361.51 358.35 351.66 349.66 355.64 355.7 344.81 349.5 350.93 358.33 367.49 369.8193 -9999 -9999 -9999 -9999 -9999 -9999 -9999 -9999 -9999 -9999 -9999 -9999 -9999 -9999 -9999 -9999 -9999 -9999 -9999 -9999 -9999 -9999 -9999 -9999 -9999 -9999 -9999 -9999 -9999 -9999
415.74 412.64 409.04 408.52 405.84 403.81 399.43 399.76 397.39 399.8 391.36 381.31 375.37 378.43 376.09 376.89 379.9 382.01 382.21 383.31 381.76 380.62 378.62 376.53 372.99 369.55 370.81 373.33 371.53 372.8 371.88 365.13 355.93 356.13 347.72 347.33 346.89 347.4 348.39 367.84 367.1053 -9999 -9999 -9999 -9999 -9999 -9999 -9999 -9999 -9999 -9999 -9999 -9999 -9999 -9999 -9999 -9999 -9999 -9999 -9999 -9999 -9999 -9999 -9999 -9999 -9999 -9999 -9999 -9999 -9999 -9999 -9999 -9999
413.41 412.05 410.08 409.36 407.94 403.15 403.57 405.22 402.04 395.69 381.76 376.11 374.53 379.45 383.62 384.9 386.1 388.91 387.71 385.63 386.79 387.37 385.52 380.68 379.54 376.08 373.68 377.1 373.04 368.93 373.5 369.28 355.17 361.27 359.55 364.17 357.34 369.11 371.7889 373.6032 -9999 -9999 -9999 -9999 -9999 -9999 -9999 -9999 -9999 -9999 -9999 -9999 -9999 -9999 -9999 -9999 -9999 -9999 -9999 -9999 -9999 -9999 -9999 -9999 -9999 -9999 -9999 -9999 -9999 -9999 -9999 -9999 -9999
415.17 414.52 413.67 410.93 408.47 406.74 408.1 406.32 400.81 394.36 390.14 382.37 378.69 385.7 388.57 389.41 392.09 389.06 391.07 392.69 392.89 391.81 387.49 383.58 383.59 383.15 378.64 371.38 372.84 373.83 375.91 377 368.1 371.15 374.35 376.58 374.7297 -9999 -9999 -9999 -9999 -9999 -9999 -9999 -9999 -9999 -9999 -9999 -9999 -9999 -9999 -9999 -9999 -9999 -9999 -9999 -9999 -9999 -9999 -9999 -9999 -9999 -9999 -9999 -9999 -9999 -9999 -9999 -9999 -9999 -9999 -9999 -9999
418.59 418.78 417.04 413.86 412.03 411.44 411.28 407.87 402.58 398.91 388.21 380.6 386.16 395.2 396 393.37 391.36 393.84 395.69 394.1 395.58 395.2 394.27 393.46 389.85 385.86 385.28 380.11 378.17 373.25 377.79 383.36 382.32 381.08 382.35 381.641 -9999 -9999 -9999 -9999 -9999 -9999 -9999 -9999 -9999 -9999 -9999 -9999 -9999 -9999 -9999 -9999 -9999 -9999 -9999 -9999 -9999 -9999 -9999 -9999 -9999 -9999 -9999 -9999 -9999 -9999 -9999 -9999 -9999 -9999 -9999 -9999 -9999
424.21 421.67 417.24 414.64 414.34 415.66 407.39 399.04 401.24 386.68 379.21 386.41 385.42 389.3 386.56 381.86 380.59 385.51 390.72 397.32 399.73 398.53 399.1 401.08 395.56 390.84 381.99 381.83 383.33 380.29 380.58 384.87 386.01 384.84 384.3816 -9999 -9999 -9999 -9999 -9999 -9999 -9999 -9999 -9999 -9999 -9999 -9999 -9999 -9999 -9999 -9999 -9999 -9999 -9999 -9999 -9999 -9999 -9999 -9999 -9999 -9999 -9999 -9999 -9999 -9999 -9999 -9999 -9999 -9999 -9999 -9999 -9999 -9999
