layers/wordclim/future/Iberia_wcB2a_10_hadcm3_2080/bio_08.asc
ncols         166
nrows         93
xllcorner     -9.4959440078468
yllcorner     36.000324005443
cellsize      0.083333337679505
NODATA_value  -9999
[rows 0 to 32 of 93, columns 75 to 149 of 166]
-9999 -9999 -9999 -9999 -9999 -9999 -9999 -9999 -9999 -9999 -9999 -9999 -9999 -9999 -9999 -9999 -9999 -9999 -9999 -9999 -9999 -9999 -9999 -9999 -9999 -9999 -9999 -9999 -9999 -9999 -9999 -9999 -9999 -9999 -9999 -9999 -9999 -9999 -9999 -9999 -9999 -9999 -9999 -9999 -9999 -9999 -9999 -9999 -9999 -9999 -9999 -9999 -9999 -9999 -9999 -9999 -9999 -9999 -9999 -9999 -9999 -9999 -9999 -9999 -9999 -9999 -9999 -9999 -9999 -9999 -9999 -9999 -9999 -9999 -9999
-9999 -9999 -9999 -9999 -9999 -9999 -9999 -9999 -9999 -9999 -9999 -9999 -9999 -9999 -9999 -9999 -9999 -9999 -9999 -9999 -9999 -9999 -9999 -9999 -9999 -9999 -9999 -9999 -9999 -9999 -9999 -9999 -9999 -9999 -9999 -9999 -9999 -9999 -9999 -9999 -9999 -9999 -9999 -9999 -9999 -9999 -9999 -9999 -9999 -9999 -9999 -9999 -9999 -9999 -9999 -9999 -9999 -9999 -9999 -9999 -9999 -9999 -9999 -9999 -9999 -9999 -9999 -9999 -9999 -9999 -9999 -9999 -9999 -9999 -9999
-9999 -9999 -9999 -9999 -9999 -9999 -9999 -9999 -9999 -9999 -9999 -9999 -9999 -9999 -9999 -9999 -9999 -9999 -9999 -9999 -9999 -9999 -9999 -9999 -9999 -9999 -9999 -9999 -9999 -9999 -9999 -9999 -9999 -9999 -9999 -9999 -9999 -9999 -9999 -9999 -9999 -9999 -9999 -9999 -9999 -9999 -9999 -9999 -9999 -9999 -9999 -9999 -9999 -9999 -9999 -9999 -9999 -9999 -9999 -9999 -9999 -9999 -9999 -9999 -9999 -9999 -9999 -9999 -9999 -9999 -9999 -9999 -9999 -9999 -9999
-9999 -9999 -9999 -9999 -9999 -9999 -9999 -9999 -9999 -9999 -9999 -9999 -9999 -9999 -9999 -9999 -9999 -9999 -9999 -9999 -9999 -9999 -9999 -9999 -9999 -9999 -9999 -9999 -9999 -9999 -9999 -9999 -9999 -9999 -9999 -9999 -9999 -9999 -9999 -9999 -9999 -9999 -9999 -9999 -9999 -9999 -9999 -9999 -9999 -9999 -9999 -9999 -9999 -9999 -9999 -9999 -9999 -9999 -9999 -9999 -9999 -9999 -9999 -9999 -9999 -9999 -9999 -9999 -9999 -9999 -9999 -9999 -9999 -9999 -9999
108.0741 -9999 -9999 103.8736 102.93 98.62 101.4884 101.4615 103.4364 -9999 -9999 -9999 -9999 -9999 -9999 -9999 -9999 -9999 -9999 -9999 -9999 -9999 -9999 -9999 -9999 -9999 -9999 -9999 -9999 -9999 -9999 -9999 -9999 -9999 -9999 -9999 -9999 -9999 -9999 -9999 -9999 -9999 -9999 -9999 -9999 -9999 -9999 -9999 -9999 -9999 -9999 -9999 -9999 -9999 -9999 -9999 -9999 -9999 -9999 -9999 -9999 -9999 -9999 -9999 -9999 -9999 -9999 -9999 -9999 -9999 -9999 -9999 -9999 -9999 -9999
93.38 97.03 96.08163 104.5556 101.24 102.2 101.49 99.92 99.17 106.7475 107.2329 112.55 113.4426 115.1311 114.131 113.6875 108.45 96.45 100.1622 -9999 -9999 -9999 -9999 -9999 -9999 -9999 -9999 -9999 -9999 -9999 -9999 -9999 -9999 -9999 -9999 -9999 -9999 -9999 -9999 -9999 -9999 -9999 -9999 -9999 -9999 -9999 -9999 -9999 -9999 -9999 -9999 -9999 -9999 -9999 -9999 -9999 -9999 -9999 -9999 -9999 -9999 -9999 -9999 -9999 -9999 -9999 -9999 -9999 -9999 -9999 -9999 -9999 -9999 -9999 -9999
95 94.31 93.26 89.8 98.76 99.85 97.74 92.1 94.34 98.63 98.22 99.87 98.98 100.23 108.08 97.85 98.16 82.33 95.07 88.39 79.4 77.37 -9999 -9999 -9999 -9999 -9999 -9999 -9999 -9999 -9999 -9999 -9999 -9999 -9999 -9999 -9999 -9999 -9999 -9999 -9999 -9999 -9999 -9999 -9999 -9999 -9999 -9999 -9999 -9999 -9999 -9999 -9999 -9999 -9999 -9999 -9999 -9999 -9999 -9999 -9999 -9999 -9999 -9999 -9999 -9999 -9999 -9999 -9999 -9999 -9999 -9999 -9999 -9999 -9999
92.5 91.73 90.04 91.16 91.12 92.32 84.49 90.38 94.56 96.57 92.78 91.95 91.62 95.1 97.34 83.59 76.31 74.77 86.97 87.6 84.03 72.43835 -9999 -9999 -9999 -9999 -9999 -9999 -9999 -9999 -9999 -9999 -9999 -9999 -9999 -9999 -9999 -9999 -9999 -9999 -9999 -9999 -9999 -9999 -9999 -9999 -9999 -9999 -9999 -9999 -9999 -9999 -9999 -9999 -9999 -9999 -9999 -9999 -9999 -9999 -9999 -9999 -9999 -9999 -9999 -9999 -9999 -9999 -9999 -9999 -9999 -9999 -9999 -9999 -9999
72.59 74.39 86.95 87.01 76.05 62.09 78.76 78.8 91.37 94.5 85.33 93.53 98.4 93.76 80.01 81.76 67.58 68.31 68.47 64.22 55.38 53.8 -9999 49.30952 47 -9999 -9999 -9999 -9999 -9999 -9999 -9999 -9999 -9999 -9999 -9999 -9999 -9999 -9999 -9999 -9999 -9999 -9999 -9999 -9999 -9999 -9999 -9999 -9999 -9999 -9999 -9999 -9999 -9999 -9999 -9999 -9999 -9999 -9999 -9999 -9999 -9999 -9999 -9999 -9999 -9999 -9999 -9999 -9999 -9999 -9999 -9999 -9999 -9999 -9999
72.21 70.55 72.84 76.28 79.59 74.58 81.81 82.57 76.08 73.16 62.38 74.58 81.37 74.54 63.14 65.79 71.98 73.13 72.4 71.69 63.66 60.29 54.68 51.97 50.1 46.19 39.6129 36.47541 32.38 18.2069 -9999 -9999 -9999 -9999 -9999 -9999 -9999 -9999 -9999 -9999 -9999 -9999 -9999 -9999 -9999 -9999 -9999 -9999 -9999 -9999 -9999 -9999 -9999 -9999 -9999 -9999 -9999 -9999 -9999 -9999 -9999 -9999 -9999 -9999 -9999 -9999 -9999 -9999 -9999 -9999 -9999 -9999 -9999 -9999 -9999
66.97 72.88 71.37 69.18 71.8 80.64 85.16 84.6 82.93 80.43 79.36 68.99 70.63 69.86 68.56 58.02 70.28 79.55 76.43 71.86 68.37 62.71 60.73 56.07 46.15 52.92 44.66 42.98 36.04 18.51 13.21053 -9999 -9999 -9999 -9999 -9999 -9999 -9999 -9999 -9999 -9999 -9999 -9999 -9999 -9999 -9999 -9999 -9999 -9999 -9999 -9999 -9999 -9999 -9999 -9999 -9999 -9999 -9999 -9999 -9999 -9999 -9999 -9999 -9999 -9999 -9999 -9999 -9999 -9999 -9999 -9999 -9999 -9999 -9999 -9999
76.86 67.26 82.42 74.91 81.16 80.65 75.64 73.82 69.21 69.98 63.34 60.6 64.41 65.81 56.82 61.8 66.09 78.73 80.37 78.73 71.89 71.43 71.13 63.13 60.18 58.45 55.11 53.59 41.47 31.09 23.08 6.107527 9.507463 0.6794872 7.840909 -7.767677 -15.73134 -9999 -9999 -9999 -9999 -9999 -9999 -9999 -9999 -9999 -9999 48.82 26.6 -0.7307692 -1.454545 -9999 -9999 -9999 -9999 -9999 -9999 -9999 -9999 -9999 -9999 -9999 -9999 -9999 -9999 -9999 -9999 -9999 -9999 -9999 -9999 -9999 -9999 -9999 -9999
62.76 67.34 85.25 86.11 84.87 78.91 77.68 75.08 66.96 70.59 71.5 69.87 69.15 71.93 77.63 81.13 76.97 78.62 71.96 71.39 65.81 65.54 70.41 74.65 66.44 60.84 56.16 58.47 52.52 50 46.66 32.31 23.83 -2.39 8.54 22.42 -6.38 4.119565 -9999 -9999 -9999 4.416667 -9999 -10.85185 -9999 -9999 -9999 33.84694 55.92 34.72 26.51 22 42.39024 25.63492 30.95455 -9999 -9999 -9999 -9999 -9999 -9999 -9999 -9999 -9999 -9999 -9999 -9999 -9999 -9999 -9999 -9999 -9999 -9999 -9999 -9999
73.18 70.7 75.5 79.46 83.22 74.75 66.17 63.7 68.64 69.57 69.38 71.42 79.36 78.96 77.37 82.3 85.01 83.87 75.24 72.16 62.25 62.81 68.72 74.88 68.01 62.29 66.5 66.49 67.56 58.02 51.69 49.38 45.54 33.6 29.37 37.25 21.1 28.99 10.82 2.7 16.84 30.57 4.31 5.23 -5.99 26.14 -18.62 -7.61 10.99 10.18 17.07 34.61 66.79 48.8 48.27 25.70103 -9999 -9999 -9999 -9999 -9999 -9999 -9999 -9999 -9999 -9999 -9999 -9999 -9999 -9999 -9999 -9999 -9999 -9999 -9999
68.47 71.04 78.97 83.37 83.93 85.52 84.08 82.22 82.08 80.2 79.21 81.09 84.11 83.46 85.27 85.42 87.57 86.56 80.56 75.91 68.04 72.89 78.26 77.14 75.82 66.48 62.27 55.31 62.07 64.78 56.08 55.82 49.37 51.53 52.94 40.25 30.19 42.3 35.88 47.16 77.36 63.92 16.01 28.72 56.53 30.06 24.2 42.63 40.98 30.06 19.36 24.61 63.25 75.97 62.47 40.34 -9999 -9999 -9999 -9999 -9999 -9999 -9999 -9999 -9999 -9999 -9999 -9999 -9999 -9999 -9999 -9999 -9999 -9999 -9999
67.97 71.79 74.28 78.27 77.95 80.64 83.92 82.24 84.1 86.02 85.86 87.32 87.55 85.7 86.72 87.02 84.92 87.06 83.44 84.32 76.94 75.12 76.83 67.8 63.77 60.73 59.96 53.31 52.23 59.7 58.07 58.79 54.32 59.56 73.61 51.72 45.77 45.55 79.08 80.51 95.64 76.47 64.43 67.4 70.18 58.72 67.65 76.43 61.35 35.19 40.49 43.39 72.24 65.84 54.57 53.19 -9999 -9999 30.01587 32.67368 44.93258 74.83334 84.5 -9999 -9999 -9999 -9999 -9999 -9999 -9999 -9999 -9999 -9999 133.75 126.4559
60.29 55.77 56.21 64.19 68.25 78.48 76.05 65.47 74.6 78.15 80.55 80.53 83.95 86.03 89.23 88.76 86.1 88.88 88.12 87.03 85.76 83.78 82.64 77.55 68.12 64.78 60.67 56.59 55.25 60.75 62.93 55.17 58.09 73.56 67.82 72.45 65.33 69.54 72.89 87.76 98.7 99.91 94.74 86.25 79.68 70.53 66.84 78.15 77.24 74.09 78.77 73.16 80.95 55.18 67.73 87.18 94.8 80.65 75.6 80.43 85.03 83.99 70.23288 -9999 43.3375 43.86 63.1 77.12941 -9999 -9999 -9999 119.3085 136.09 147.02 149.54
44.81 42.65 51.28 39.73 51.03 66.69 54.09 47.56 57.7 56.01 52.96 63.92 60.53 76.79 85.84 89.51 89.61 89.65 89.95 86.46 84.01 84.31 83.59 81 76.68 72.83 69.58 67.58 64.15 70.58 94.25 85.57 71.08 62.71 61.36 68.52 54.92 69.28 78.51 86.75 99.33 104.25 91.82 96.73 84.71 92.59 81.75 91.61 84.2 75.63 92.92 94.71 70.44 65.37 77.83 100.58 85.69 67.02 57.56 57.78 71.64 69.61 67.42 74.04 84.58 79.4 82.22 101.08 113.49 117.35 116.85 124.85 139.2 147.36 154.03
30.83 28.78 31.08 25.36 40.71 46.91 39.68 51.17 43.24 50.34 40.99 55.55 60.16 71.2 79.25 81.21 89.05 92.11 92.18 88.68 88.77 88.78 85.06 84.2 82.61 82.59 78.45 74.38 71.92 94.97 110.53 109.35 108.19 104.37 100.31 95.3 97.08 98.13 92.39 94.86 95.06 104.96 98.26 106.22 101.12 94.75 91.59 100.28 89.04 99.15 107.48 88.25 68.8 81.57 98.69 95.47 75.16 65.02 64.72 71.67 78.3 99.88 88.64 94.14 102.23 108.61 102.47 108.46 127.96 130.04 136.45 139.85 144.99 149.87 154.26
48.6 46.11 39.24 45.7 40.53 29.07 34.55 39.74 34.17 30.32 36.89 45.45 45.89 55.79 65.09 67.17 83.8 88.98 89.03 91.28 90.07 86.12 83.74 87.36 87.72 87.61 85.34 102.87 108.27 115.64 115.44 112.65 110.6 111.71 111.45 106.69 107.69 108.64 106.2 108 107.1 111.99 104.82 105.33 97 97.61 96.34 104.19 96.01 112.28 111 108.19 90.32 88.06 103.06 92.9 84.43 80.4 94.44 90.1 80.22 131.9 110.69 108.82 107.96 115.69 102.33 101.76 125.01 122.61 132 138.59 145.93 149.46 153.74
51.19 31.96 26.17 24.85 18.11 21.87 21.42 22.27 23.85 31.67 39.99 37.24 43.03 49.65 65.67 76.63 80.18 83.6 89.21 91.52 92.01 88.89 82.34 83.3 90.49 86.31 104.11 111.66 114.56 119.64 116.94 117.42 114.63 116.22 115.52 111.1 111.56 113.32 112.74 114.35 116.82 118.33 101.9 98.86 98.3 105.23 102.11 94.27 92.53 108.22 92.06 97.61 101.68 109.95 118.47 113.4 109.77 109.31 107.11 105.19 122.83 133.71 128.17 119.19 115.43 120.56 126.77 115.4 108.82 126.37 135.64 135.79 146.53 151.38 154.45
56.52 52.33 46.66 37.81 28.14 32.81 25.87 34 34.87 40.87 35.68 34.21 40.14 47.41 60.03 68.2 72.25 74.62 85.46 87.18 91.14 94.26 105.81 108.09 124.09 121.7 114.09 107.03 113.23 122.66 120.34 115.86 116.52 120 120.65 116.91 115.85 117.84 115.63 119.38 121.11 121.12 115.51 110.57 104.78 105.9 108.89 101.91 108.02 111.73 102.42 116.74 121.24 120.77 119.28 115.27 109.12 115.77 123.38 123.58 122.39 129.42 125.56 126.82 121.14 124.91 131.29 126.43 123.08 126.23 139.56 145.14 149.59 145.36 150.39
54.98 53.23 45.08 42.78 42.98 45.54 46.76 47.79 46.8 49.34 48.56 43.23 41.02 46.08 49.98 49.78 56.76 68.61 77.35 76.4 82.66 104.27 128.61 130.69 128.99 119.02 114.68 114.89 118.72 125.16 122.02 116.63 112.19 118.5 121.38 123.26 122.73 121.63 116.32 121.55 126.01 123.38 121.63 119.37 117.76 117.53 114.6 113.3 116.26 121.67 121.94 126.07 123.38 126.59 125.9 120.18 116.33 114.28 123.1 131.6 130.44 136.46 134.32 128.92 115.23 124.17 125.78 120.53 114.89 124.46 138.26 148.19 149.81 150.17 147.33
57.78 53.31 49.36 45.68 45.33 45.79 45.72 46.08 50.51 51.85 50.32 47.64 45.63 46.27 45.83 45.08 27.6 35.84 65.59 72.98 88.51 115.57 125.37 128.59 131.6 130.73 126.28 122.19 126.1 128.55 123.53 119.06 111.74 114.4 120.42 123.42 125.86 124.1 123.74 127.07 128.34 124.43 127.12 127.97 127.35 123.68 125.54 126.27 129.4 130.33 129.93 129.71 129.7 127.1 125.95 125.27 124.31 119 119.41 128.59 139.91 141.75 139.67 129.18 120.8 122.66 118.64 107.59 111.99 139.5 146.27 152 151.53 148.75 151.7292
63.04 59.38 56.03 50.92 52.88 49.54 47.19 48.79 50.38 52.24 53.59 52.27 50.14 49.88 46.59 40.08 36.06 31.71 41.96 58.98 76.25 114.92 122.71 125.92 129.58 131 133.22 132.45 131.56 131.99 123.57 119.33 114.76 111.54 112.87 118.65 125.41 128.12 128.53 130.31 131.75 129.07 131.07 131.34 126.5 124.31 129.7 132.1 133.79 134.32 134.68 133.94 132.47 129.87 126.4 121.1 119.39 122.24 125.15 132.34 144.17 146.14 133.82 128.7 127.31 133.53 135.02 134.18 144.29 149.19 149.47 155.6429 154 153.9643 -9999
66.22 63.08 63.67 62.75 56.5 53.85 54.4 53.21 51.72 52.08 54.75 54.09 51.35 50.26 47.4 45.3 43.69 47.56 52.49 77.79 94.22 112.26 123.39 127.51 124.08 121.53 126.84 131.05 133.29 135.31 132.28 127.68 127.2 124.59 118.08 114.81 119.09 121.29 119.26 125.64 130.17 133.21 134.29 131.31 130.21 131.74 133.98 134.17 134.74 134.76 134.65 134.62 132.24 126.98 123.61 121.29 123.95 131.62 133.7 133.57 133.83 147.58 132.53 137.11 145.69 152.85 153.31 151.2 145.95 148.2525 150.6053 -9999 -9999 -9999 -9999
67.4 68.03 67.02 60.42 60.59 57.45 55.49 54.11 53.4 54.38 51.71 49.75 51.01 51.53 47.74 49.82 49.76 51.78 60.16 106.2 115.65 117.42 125.32 127.02 122.54 115.64 121.84 122.83 124.28 129.78 133.54 135.86 134.09 130.85 128.48 125.65 123.05 126.51 127.34 126.98 129.45 129.02 134.08 135.42 137.08 137.51 135.25 134.15 134.55 134.71 133.32 130.22 125.82 120.7 117.87 120.23 123.96 133.95 140.47 141.56 145.16 153.71 151.88 153.38 158 160.42 155.06 154.1702 -9999 -9999 -9999 -9999 -9999 -9999 -9999
61.81 62.75 63.13 61.27 62 55.54 55.2 56.41 56.77 54.07 50.23 49.81 55.56 54.32 54.02 53.73 59.69 72.02 84.06 82.35 117.52 118.77 123.84 124.71 120.46 119.74 119.44 114.23 117.23 122.54 128.45 133.43 137.75 136.8 132.12 128.06 127.67 128.94 129.96 132.49 133.63 132.66 130.77 141.61 139.45 136.28 133.82 131.01 128.99 128.26 128.54 125.13 126.37 128.83 124.58 125.06 122.45 127.5 137.81 149.65 154.97 156.3 160.01 160.22 158.75 161.7553 -9999 -9999 -9999 -9999 -9999 -9999 -9999 -9999 -9999
55.71 53.52 47.66 46.09 55.95 53.03 49.96 50.4 51.98 52.61 52.11 54.98 59.68 60.93 58.21 61.64 65.71 109.63 110.12 115.98 104.2 101.13 103.58 113.79 117.48 114.1 115.24 109.83 117.25 125.75 129.82 134.8 136.74 138.59 136.22 131.15 130.54 130.57 131.21 133.74 139.19 135.63 138.2 137.28 134.13 132.23 129.39 125.87 123.84 122.27 119.37 122.85 128.76 137.32 136.66 137.46 128.33 136.6 150.03 154.42 152.66 145.79 156.24 164.59 164.5532 -9999 -9999 -9999 -9999 -9999 -9999 -9999 -9999 -9999 -9999
47.28 47.8 46.08 48.39 51.44 50.08 49.65 49.03 48.99 48.68 51.88 58.25 61.68 67.81 75.37 92.61 99.4 109.59 112.26 113.47 106.34 98.81 101.39 104.95 113.88 112.14 107.5 108.94 114.56 122.03 126.94 131.18 134.27 136.68 140.17 140.64 141.29 141.87 143.28 143.8 141.5 136.55 136.4 138.59 137.91 142.14 139.23 131.69 120.48 117.56 113.82 110.53 127.43 148.52 149.73 148.65 147.01 154.39 158.23 156.62 159.5 151.7143 158.716 168.3382 -9999 -9999 -9999 -9999 -9999 -9999 -9999 -9999 -9999 -9999 -9999
45.21 41.62 47.68 58.51 56.95 58.64 54.91 48 47.28 47.82 51.66 55.99 58.24 59.7 56.64 60.18 94.56 106.54 101.02 102.29 107.5 129.19 161.53 155.79 163 145.14 118.39 108.06 113.7 116.89 121.68 128.42 133.5 136.41 137.92 138.35 140.07 142.3 142.89 142.19 138.99 142.4 142.64 142.52 139.41 150.02 146.21 138.48 140.69 133.86 129.88 139.8 147.57 158.61 157.85 158.24 158.2959 164.2405 163.1364 -9999 -9999 -9999 -9999 -9999 -9999 -9999 -9999 -9999 -9999 -9999 -9999 -9999 -9999 -9999 -9999
51.44 49.78 53.18 57.98 59.04 63.07 61.93 50.9 47.76 47.62 45.97 44.59 42.82 42.81 46.06 54.26 66.74 96.51 94.26 94.89 124.57 167.27 168.23 165.5 161.18 158.53 167.63 136.09 109.72 109.19 107.3 118.54 128.59 129.5 132.01 134.48 136.21 133.97 140.03 139.81 138.12 141.8 138.13 135.97 133.69 145 152.55 152.91 144.22 133.59 149.98 158.35 162.15 164.7654 -9999 -9999 -9999 -9999 -9999 -9999 -9999 -9999 -9999 -9999 -9999 -9999 -9999 -9999 -9999 -9999 -9999 -9999 -9999 -9999 -9999
58.88 56.03 64.92 66.06 65.75 66.04 60.03 52.92 48.25 46.22 46.43 42.08 38.89 39.92 44.12 39.69 52.5 81.67 92.85 133.5 148.41 154.25 170.62 162.77 157.67 135.22 140.05 163.16 121.19 107.93 110.94 116.84 120.62 120.2 125.23 129.97 134.83 135.85 133.66 131.64 135.07 136.8 135.44 138.41 139.85 148.9 158.59 146.83 137.88 145.62 161.3944 -9999 -9999 -9999 -9999 -9999 -9999 -9999 -9999 -9999 -9999 -9999 -9999 -9999 -9999 -9999 -9999 -9999 -9999 -9999 -9999 -9999 -9999 -9999 -9999
