layers/wordclim/future/Iberia_wcB2a_10_hadcm3_2080/bio_08.asc
ncols         166
nrows         93
xllcorner     -9.4959440078468
yllcorner     36.000324005443
cellsize      0.083333337679505
NODATA_value  -9999
[rows 33 to 65 of 93, columns 75 to 149 of 166]
66.91 67.46 69.17 71.83 69.5 67.1 60.8 51.12 52.43 48.58 47.73 46.45 43.17 40.05 39.06 40.72 63.09 88.57 94.87 125.25 164.57 163.77 163.01 168.43 159.63 129.2 112.92 146.58 109.79 104.15 113.73 114.73 114.52 112.9 119.27 125.92 133.01 132.53 126.61 128.2 133.11 131.49 135.72 134.17 152.11 150.08 148.12 151.22 149.84 153.8 -9999 -9999 -9999 -9999 -9999 -9999 -9999 -9999 -9999 -9999 -9999 -9999 -9999 -9999 -9999 -9999 -9999 -9999 -9999 -9999 -9999 -9999 -9999 -9999 -9999
71.89 75.06 72.83 68.83 63.96 62.49 62.92 61.85 56.64 48.76 47.79 52.03 46.17 45.51 40.08 52.3 77.67 86.81 95.16 144.62 161.29 162.09 165.93 167.81 160.63 157.05 150.6 153.01 110.96 98.55 104.19 107.05 105.41 110.65 114.46 121.14 128.88 121.4 118.36 124.47 129.24 128.04 123.23 128.99 157.34 157.91 142.97 158.3232 -9999 -9999 -9999 -9999 -9999 -9999 -9999 -9999 -9999 -9999 -9999 -9999 -9999 -9999 -9999 -9999 -9999 -9999 -9999 -9999 -9999 -9999 -9999 -9999 -9999 -9999 -9999
76 95.55 76.33 66.51 64.86 64.89 67.36 66.45 57.88 52.54 56.5 50.8 48.79 48.83 49.59 51.86 74.19 92.63 96.32 105.51 150.03 164.61 168.39 164.24 150.04 147.78 145.36 118.56 93.31 91.13 90.01 90.67 95.9 101.16 107.14 121.65 120.56 122.64 116.5 121.37 116.75 112.87 105.65 134.95 162.99 164.11 162.59 168.4507 -9999 -9999 -9999 -9999 -9999 -9999 -9999 -9999 -9999 -9999 -9999 -9999 -9999 -9999 -9999 -9999 -9999 -9999 -9999 -9999 -9999 -9999 -9999 -9999 -9999 -9999 -9999
92.11 90.48 67.76 67.71 67.19 63.52 70.39 73.36 71.48 67.06 57.34 42.71 39.5 37.44 42.18 41.93 48.4 86.01 85.9 98.3 114.28 161.25 168.32 160.91 146.7 145.47 142.75 110.72 82.74 84.67 89.7 90.08 95.19 100.45 110.82 114.06 116.19 112.4 106.88 107.6 102.18 114.5 123.72 149.66 162.3 167.22 170.4433 170.6989 170.8721 171.087 -9999 -9999 -9999 -9999 -9999 -9999 -9999 -9999 -9999 -9999 -9999 -9999 -9999 -9999 -9999 -9999 -9999 -9999 -9999 -9999 -9999 -9999 -9999 -9999 -9999
105.26 79.26 71.02 73.01 66.44 64.44 79.74 69.59 64.38 58.57 55.48 49.17 42.09 46.2 45.77 41.36 45.43 60 49.63 88.63 87.05 129.58 163.12 167.51 148.24 154.96 158.63 134.1 84.1 85.23 84.56 84.29 87.52 87.2 100.73 108.06 114.27 111.65 106.82 111.09 118.94 133.44 148.9 156.93 159.9 156.8085 -9999 -9999 -9999 -9999 -9999 -9999 -9999 -9999 -9999 -9999 -9999 -9999 -9999 -9999 -9999 -9999 -9999 -9999 -9999 -9999 -9999 -9999 -9999 -9999 -9999 -9999 -9999 -9999 -9999
81.99 72.29 76.61 70.95 67.04 69.68 79.06 68.58 67.84 65.8 67.34 63.86 56.31 48.75 46.55 38.19 39.25 36.49 35.34 65.84 77.43 85.67 155.36 169.3 162.32 152.13 163.74 108.25 76.34 84.06 82.34 79.27 79.14 76.67 92.66 100.3 108.23 109.36 107.89 118.66 129.67 146.44 154.76 162.25 165.85 -9999 -9999 -9999 -9999 -9999 -9999 -9999 -9999 -9999 -9999 -9999 -9999 -9999 -9999 -9999 -9999 -9999 -9999 -9999 -9999 -9999 -9999 -9999 -9999 -9999 -9999 -9999 -9999 -9999 -9999
73.71 75.39 74.77 70.15 71.62 77.95 77.86 75.7 78.18 76.03 74.5 62.19 55.7 50.09 45 41.52 36.19 35.96 32.67 58.97 77.75 111.28 158.67 167.5 166.05 160.96 156.39 84.2 79.49 79.19 74.99 67.18 70.28 76.67 82.09 95.5 101.22 106.09 112.02 130.19 142.19 149.65 156.95 166.79 170.44 -9999 -9999 -9999 -9999 -9999 -9999 -9999 -9999 -9999 -9999 -9999 -9999 -9999 -9999 -9999 -9999 -9999 -9999 -9999 -9999 -9999 -9999 -9999 -9999 -9999 -9999 -9999 -9999 -9999 -9999
76.03 79.05 75.46 76.74 87.79 78.81 80.59 72.45 69.6 75.96 69.06 64.84 65.34 58.6 46.83 45.52 40.76 36.36 35.85 74.35 84.4 86.12 108.46 158.05 170.49 173.04 126.04 85.09 85.18 82.25 76.27 65.44 67.78 77.22 87.53 101.49 116.59 119.98 129.45 138.53 150.68 149 158.59 166.2771 -9999 -9999 -9999 -9999 -9999 -9999 -9999 -9999 -9999 -9999 -9999 -9999 -9999 -9999 -9999 -9999 -9999 -9999 -9999 -9999 -9999 -9999 -9999 -9999 -9999 -9999 -9999 -9999 -9999 -9999 -9999
80.94 78.35 78.97 83.79 79.86 74.71 79.73 77.26 72.15 71.05 62.52 63.76 62.39 58.46 48.41 43.45 42.37 54.82 36.19 67.26 75.67 78.73 84.67 102.6 139.81 160.5 109.71 89.4 97.85 97.86 87.67 78.31 84.73 85.59 93.28 103.4 123.23 132.23 134.13 139.09 157.9 161.91 158.9756 -9999 -9999 -9999 -9999 -9999 -9999 -9999 -9999 -9999 -9999 -9999 -9999 -9999 -9999 -9999 -9999 -9999 -9999 -9999 -9999 -9999 -9999 -9999 -9999 -9999 -9999 -9999 -9999 -9999 -9999 -9999 -9999
81.29 82.64 86.19 84.75 74.5 73.48 77.03 70.27 71.87 70.81 66.79 64.63 60.12 66.6 52.88 51.02 49.51 51.18 55.36 75.42 82.65 76.02 90.54 94.5 107.09 103.28 89.41 92.31 104.5 109 105.27 101.86 98.6 106.65 106.58 112 136.4 149.43 148.9 152.92 159.15 170.2895 -9999 -9999 -9999 -9999 -9999 -9999 -9999 -9999 -9999 -9999 -9999 -9999 -9999 -9999 -9999 -9999 -9999 -9999 -9999 -9999 -9999 -9999 -9999 -9999 -9999 -9999 -9999 -9999 -9999 -9999 -9999 -9999 -9999
86.7 89.5 86.84 81.88 74.56 72.9 73.91 70.01 69.31 65.33 64.51 66.87 67.53 66.85 55.81 50.7 48.15 71.5 82.74 87.94 86.87 84.69 93.71 109.43 106.22 92.74 74.41 78.57 96.95 109.79 113.86 118.07 121.43 118.56 124.59 131.59 142.94 154.71 153.78 155.08 166.4318 -9999 -9999 -9999 -9999 -9999 -9999 -9999 -9999 -9999 -9999 -9999 -9999 -9999 -9999 -9999 -9999 -9999 -9999 -9999 -9999 -9999 -9999 -9999 -9999 -9999 -9999 -9999 -9999 -9999 -9999 -9999 -9999 -9999 -9999
88.33 84.29 82.01 80.11 76.18 73.96 73.31 71.52 66.47 65.02 63.96 68.47 73.11 68.92 62.07 55.49 67.61 93.92 90.2 94.98 92.61 87.08 95.59 110.5 101.25 87.58 75.59 81.68 95.83 102.68 111.45 112.94 126.77 132.39 141.41 150.04 159.6 160.56 160.77 164.8209 -9999 -9999 -9999 -9999 -9999 -9999 -9999 -9999 -9999 -9999 -9999 -9999 -9999 -9999 -9999 -9999 -9999 -9999 -9999 -9999 -9999 -9999 -9999 -9999 -9999 -9999 -9999 -9999 -9999 -9999 -9999 -9999 -9999 -9999 -9999
82.13 80.59 80.58 79.78 76.9 74.8 76.93 75.97 71.9 71.07 68.78 72.17 70.3 68.41 65.97 62.73 86.84 101.76 101.19 97.02 95.26 97.14 102.25 107.76 112.36 105.37 96.31 90 83.71 96.12 112.89 123.2 130.04 128.4 138.16 154.21 165.68 170.37 172.8247 -9999 -9999 -9999 -9999 -9999 -9999 -9999 -9999 -9999 -9999 -9999 -9999 -9999 -9999 -9999 -9999 -9999 -9999 -9999 -9999 -9999 -9999 -9999 -9999 -9999 -9999 -9999 -9999 -9999 -9999 -9999 -9999 -9999 -9999 -9999 -9999
83.05 82.95 82.89 80.88 78.55 77.9 77.68 76.57 76.67 71.96 74.05 75.82 70.2 66.83 64.73 73.8 101.59 101.94 106.46 99.46 94.69 100.79 107.05 105.27 109.28 117 113 107.87 101.28 99.23 115.25 128.91 143.05 146.84 139.51 146.77 164.43 174.2929 -9999 -9999 -9999 -9999 -9999 -9999 -9999 -9999 -9999 -9999 -9999 -9999 -9999 -9999 -9999 -9999 -9999 -9999 -9999 -9999 -9999 -9999 -9999 -9999 -9999 -9999 -9999 -9999 -9999 -9999 -9999 -9999 -9999 -9999 -9999 -9999 -9999
85.27 85.63 84.06 82.88 79.1 77.67 77.09 79.57 78.78 75.14 75.81 78.4 75.59 72.88 68.11 71.36 106.29 105.85 107.22 108.66 108.12 109.92 107.04 106.66 114.92 125.36 124.85 121.11 118.48 125.35 125.77 130.59 136.1 150.67 159.41 161.19 172.93 -9999 -9999 -9999 -9999 -9999 -9999 -9999 -9999 -9999 -9999 -9999 -9999 -9999 -9999 -9999 -9999 -9999 -9999 -9999 -9999 -9999 -9999 -9999 -9999 -9999 -9999 -9999 -9999 -9999 -9999 -9999 -9999 -9999 -9999 -9999 -9999 -9999 -9999
87.05 86.41 85.65 84.61 81.81 80.88 78.55 81.21 79.26 75.82 77.1 80.94 86.27 74.25 73.45 92.99 107.17 108.89 112.38 116.33 116.82 113.73 105.33 113.54 116 121.4 129.92 140.13 141.74 145.68 152.29 155.41 152.53 145.26 159.45 170.84 176.6184 -9999 -9999 -9999 -9999 -9999 -9999 -9999 -9999 -9999 -9999 -9999 -9999 -9999 -9999 -9999 -9999 -9999 -9999 -9999 -9999 -9999 -9999 -9999 -9999 -9999 -9999 -9999 -9999 -9999 -9999 -9999 -9999 -9999 -9999 -9999 -9999 -9999 -9999
89.2 88.45 87.64 84.13 81.26 83.56 83.16 80.72 82.37 78.44 78.75 85.61 100.1 107.54 108.53 111.94 111.75 110.81 110.7 116.02 120.76 114.8 113.88 119.7 117.41 111.35 115.89 131.06 147.7 154.77 161.6 164.94 166.98 167.93 169.08 175.4574 -9999 -9999 -9999 -9999 -9999 -9999 -9999 -9999 -9999 -9999 -9999 -9999 -9999 -9999 -9999 -9999 -9999 -9999 -9999 -9999 -9999 -9999 -9999 -9999 -9999 -9999 -9999 -9999 -9999 -9999 -9999 -9999 -9999 -9999 -9999 -9999 -9999 -9999 -9999
90.73 90.03 89.42 87.76 85.55 86.93 85.87 83.34 82.98 83.74 83.99 110.34 88.94 116.51 118.87 117.79 117.42 116.34 117.41 118.65 125.21 121.27 120.66 122.35 126.23 124.2 124.71 124.63 126.51 145.78 160.97 166.7 170.68 172.15 176.62 -9999 -9999 -9999 -9999 -9999 -9999 -9999 -9999 -9999 -9999 -9999 -9999 -9999 -9999 -9999 -9999 -9999 -9999 -9999 -9999 -9999 -9999 -9999 -9999 -9999 -9999 -9999 -9999 -9999 -9999 -9999 -9999 -9999 -9999 -9999 -9999 -9999 -9999 -9999 -9999
90.93 88.94 90.12 90.5 89.38 89.23 88.9 88.2 87.87 86.25 95.96 93.94 102.45 121.03 121.36 120.96 120.68 122.12 122.44 125.13 131.48 127.97 127.57 131.27 134.39 133.08 128.06 128.18 130.21 143.84 158.93 166.39 172.2 175.63 178.51 -9999 -9999 -9999 -9999 -9999 -9999 -9999 -9999 -9999 -9999 -9999 -9999 -9999 -9999 -9999 -9999 -9999 -9999 -9999 -9999 -9999 -9999 -9999 -9999 -9999 -9999 -9999 -9999 -9999 -9999 -9999 -9999 -9999 -9999 -9999 -9999 -9999 -9999 -9999 -9999
92.98 91.78 92.18 92.35 91.47 91.48 91 90.51 90.65 89.79 102.1 119.19 123.45 124.6 123.75 123.73 123.64 124.56 126.15 126.34 129.76 138.22 140.37 139.21 139.14 134.52 134.48 135.41 141.64 154.28 161.54 166.21 169.9 176.68 180.37 -9999 -9999 -9999 -9999 -9999 -9999 -9999 -9999 -9999 -9999 -9999 -9999 -9999 -9999 -9999 -9999 -9999 -9999 -9999 -9999 -9999 -9999 -9999 -9999 -9999 -9999 -9999 -9999 -9999 -9999 -9999 -9999 -9999 -9999 -9999 -9999 -9999 -9999 -9999 -9999
94.27 94.13 93.49 93.63 92.99 92 91.88 90.99 91.05 92.63 121.85 125.65 125.54 125.66 126.76 126.79 127.23 127.89 128.07 129.3 129.73 130.1 133.35 137.82 140.37 141.42 139.37 138.5 147.02 147.64 150.61 166.53 171.23 177.2 180.93 182.1111 -9999 -9999 -9999 -9999 -9999 -9999 -9999 -9999 -9999 -9999 -9999 -9999 -9999 -9999 -9999 -9999 -9999 -9999 -9999 -9999 -9999 -9999 -9999 -9999 -9999 -9999 -9999 -9999 -9999 -9999 -9999 -9999 -9999 -9999 -9999 -9999 -9999 -9999 -9999
94 94.11 94.19 93.77 92.9 92.07 91.11 90.01 89.93 91.95 121.35 127.48 127.77 127.64 128.83 129.34 130.08 130.74 131.15 131.28 133.28 133.74 132.63 131.54 130.81 137.66 146.95 133.59 133.83 148.1 157.7 163.62 176.68 179.67 181.61 182.3939 -9999 -9999 -9999 -9999 -9999 -9999 -9999 -9999 -9999 -9999 -9999 -9999 -9999 -9999 -9999 -9999 -9999 -9999 -9999 -9999 -9999 -9999 -9999 -9999 -9999 -9999 -9999 -9999 -9999 -9999 -9999 -9999 -9999 -9999 -9999 -9999 -9999 -9999 -9999
94.85 94.05 94.08 92.69 90.45 89.81 88.11 87.85 87.69 86.44 95.94 123.52 128.62 129.2 129.99 130.8 131.28 132.29 132.63 133.58 132.27 130.44 126.59 121.84 125.07 131.4 143.14 128.55 136.46 154.99 162.95 169.54 178.45 180.04 175.07 178.08 -9999 -9999 -9999 -9999 -9999 -9999 -9999 -9999 -9999 -9999 -9999 -9999 -9999 -9999 -9999 -9999 -9999 -9999 -9999 -9999 -9999 -9999 -9999 -9999 -9999 -9999 -9999 -9999 -9999 -9999 -9999 -9999 -9999 -9999 -9999 -9999 -9999 -9999 -9999
93.77 93.22 91.75 89.35 85.53 84.12 83.82 83.22 84.01 82.33 84.59 111.44 128.04 130.57 131.72 132.12 132.65 132.46 131.34 127.53 125.52 121.37 117.74 114.69 122.2 129.81 139.28 128.77 135.88 148.43 161.2 170.61 176.57 178.53 169.35 169.75 182.284 -9999 -9999 -9999 -9999 -9999 -9999 -9999 -9999 -9999 -9999 -9999 -9999 -9999 -9999 -9999 -9999 -9999 -9999 -9999 -9999 -9999 -9999 -9999 -9999 -9999 -9999 -9999 -9999 -9999 -9999 -9999 -9999 -9999 -9999 -9999 -9999 -9999 -9999
90.93 89.3 86.95 85.57 86.68 84.15 82.78 80.33 78.97 77.94 80.51 110.36 127.62 130.54 131.66 132.89 132.98 131.58 125.44 121.38 121.16 117.72 119.05 124.28 127.78 131.26 130.45 123.81 134.14 146.15 157.35 166.41 170.31 172.61 166.25 164.19 181.6 186.125 -9999 -9999 -9999 -9999 -9999 -9999 -9999 -9999 -9999 -9999 -9999 -9999 -9999 -9999 -9999 -9999 -9999 -9999 -9999 -9999 -9999 -9999 -9999 -9999 -9999 -9999 -9999 -9999 -9999 -9999 -9999 -9999 -9999 -9999 -9999 -9999 -9999
91.63 90.06 88.95 85.52 84.54 85.31 83.11 81.84 80.56 79.31 80.28 99.16 125.08 129.16 130.83 132.71 131.6 129.75 127.56 125.14 123.87 123.28 125.23 127.56 130.28 134.76 135.79 132.29 138.38 149.67 151.13 156.44 168.2 169.4 164.3 162.15 168.46 181.55 185.7761 -9999 -9999 -9999 -9999 -9999 -9999 -9999 -9999 -9999 -9999 -9999 -9999 -9999 -9999 -9999 -9999 -9999 -9999 -9999 -9999 -9999 -9999 -9999 -9999 -9999 -9999 -9999 -9999 -9999 -9999 -9999 -9999 -9999 -9999 -9999 -9999
85.35 91.78 90.3 86.59 84.44 83.87 83.01 81.92 81.21 81.66 84.87 106.36 119.45 122.41 123.62 127.72 127.03 127.42 126.86 125.3 124.62 125.3 127.81 131.68 129.45 128.38 131.94 139.19 147.12 142.97 145.16 151.18 146.32 149.51 160.25 148.67 150.68 161.57 177.5 181.71 183.268 -9999 -9999 -9999 -9999 -9999 -9999 -9999 -9999 -9999 -9999 -9999 -9999 -9999 -9999 -9999 -9999 -9999 -9999 -9999 -9999 -9999 -9999 -9999 -9999 -9999 -9999 -9999 -9999 -9999 -9999 -9999 -9999 -9999 -9999
90.73 91.64 90.6 88.59 85.97 83.08 83.5 85.45 84.66 80.39 76.59 74.19 82.72 95.63 115.66 122.59 126.98 125.98 127.95 128.59 130.15 131.23 128.34 133.34 136.38 136.25 137.66 148.03 144.57 141.66 139.55 133.5 134.49 145.98 149.46 135.47 146.23 151.24 164.13 176.94 182.3855 -9999 -9999 -9999 -9999 -9999 -9999 -9999 -9999 -9999 -9999 -9999 -9999 -9999 -9999 -9999 -9999 -9999 -9999 -9999 -9999 -9999 -9999 -9999 -9999 -9999 -9999 -9999 -9999 -9999 -9999 -9999 -9999 -9999 -9999
82.05 88.62 90.36 89.83 85.45 87.96 88.03 93.56 84.82 73.53 67.95 79.94 82.77 108.66 119 125.4 129.61 133.49 134.76 135.42 136.61 136.34 133.79 132.64 136.81 142.66 144.1 148.78 151.82 144.69 135.06 139.39 129.67 132.53 136.05 140.34 143.81 174.17 175.9737 -9999 -9999 -9999 -9999 -9999 -9999 -9999 -9999 -9999 -9999 -9999 -9999 -9999 -9999 -9999 -9999 -9999 -9999 -9999 -9999 -9999 -9999 -9999 -9999 -9999 -9999 -9999 -9999 -9999 -9999 -9999 -9999 -9999 -9999 -9999 -9999
87.16 92.58 94.71 89.65 92.09 97 95.97 88.75 71.93 68.1 67.99 77.84 109.06 123.23 128.57 134.85 137.04 137.51 141.54 145.7 144.76 140.99 141.28 138.56 138.91 145.53 144.19 141.08 151.87 149.2 133.24 144.88 146.28 157.28 150.91 172.17 177.5778 182.873 -9999 -9999 -9999 -9999 -9999 -9999 -9999 -9999 -9999 -9999 -9999 -9999 -9999 -9999 -9999 -9999 -9999 -9999 -9999 -9999 -9999 -9999 -9999 -9999 -9999 -9999 -9999 -9999 -9999 -9999 -9999 -9999 -9999 -9999 -9999 -9999 -9999
89.44 93.74 94.59 95.8 100.14 99.98 93.39 87.69 84.1 75.52 74.24 89.15 120.48 131.07 137.26 136.19 141.47 147.36 150.12 149.59 146.2 142.22 145.46 146.7 143.57 136.17 142.05 147.44 152.83 158.89 150.37 159.06 168.63 176.83 177.2568 -9999 -9999 -9999 -9999 -9999 -9999 -9999 -9999 -9999 -9999 -9999 -9999 -9999 -9999 -9999 -9999 -9999 -9999 -9999 -9999 -9999 -9999 -9999 -9999 -9999 -9999 -9999 -9999 -9999 -9999 -9999 -9999 -9999 -9999 -9999 -9999 -9999 -9999 -9999 -9999
94.97 95.6 100.76 103.23 107.73 103.82 97.73 94.18 80.97 74.27 86.42 119.36 139.53 137.03 137.28 143.57 149.53 148.19 151.46 153.35 152.71 154.54 151.22 148.38 150.91 146.45 147.61 144.68 155.08 166.55 169.86 172.67 180.41 183.7821 -9999 -9999 -9999 -9999 -9999 -9999 -9999 -9999 -9999 -9999 -9999 -9999 -9999 -9999 -9999 -9999 -9999 -9999 -9999 -9999 -9999 -9999 -9999 -9999 -9999 -9999 -9999 -9999 -9999 -9999 -9999 -9999 -9999 -9999 -9999 -9999 -9999 -9999 -9999 -9999 -9999
96.01 95.11 104.6 113.39 100.7 89.36 96.65 77.59 69.36 81.98 87.29 104.18 101.32 109.57 119.55 130.36 139.48 152.47 157.4 156.39 159.08 162.66 157.61 153.75 144.11 147.23 152.64 152.72 157.32 168.33 175.86 179.27 183.25 -9999 -9999 -9999 -9999 -9999 -9999 -9999 -9999 -9999 -9999 -9999 -9999 -9999 -9999 -9999 -9999 -9999 -9999 -9999 -9999 -9999 -9999 -9999 -9999 -9999 -9999 -9999 -9999 -9999 -9999 -9999 -9999 -9999 -9999 -9999 -9999 -9999 -9999 -9999 -9999 -9999 -9999
