layers/wordclim/future/Iberia_wcB2a_10_hadcm3_2080/bio_12.asc
ncols         166
nrows         93
xllcorner     -9.4959440078468
yllcorner     36.000324005443
cellsize      0.083333337679505
NODATA_value  -9999
[rows 33 to 65 of 93, columns 73 to 145 of 166]
473.88 441.84 438.38 430.91 421.75 406.96 417.05 426.66 446.4 462.02 464.34 461.51 464.71 464.26 475.36 485.47 484.09 469.93 447.38 427.7 418.08 412 386.33 382.07 380.18 354.19 386.75 439.14 448.23 410.25 387.04 367.74 343.42 351.18 362.12 377.93 371.26 364.33 360.75 373.89 404.67 414.58 417.81 438.54 444.29 467.2 439.9 460.38 482.29 495.34 501.5 493.18 -9999 -9999 -9999 -9999 -9999 -9999 -9999 -9999 -9999 -9999 -9999 -9999 -9999 -9999 -9999 -9999 -9999 -9999 -9999 -9999 -9999
423.69 429.55 417.53 400.31 406.53 421.36 440.62 450.69 443.64 446.58 454.43 463.06 466.5 441.45 458.17 458.3 476.86 441.98 443.04 445.32 432.64 423.71 399.08 389.33 364.81 349.99 383.46 400.74 423.81 395.8 400.56 389.49 379.14 378.46 396.48 390.86 391.7 384.63 378.68 415.07 438.65 437.3 440.72 460.05 490.8 493.9 449.57 462.57 511.08 484.4041 -9999 -9999 -9999 -9999 -9999 -9999 -9999 -9999 -9999 -9999 -9999 -9999 -9999 -9999 -9999 -9999 -9999 -9999 -9999 -9999 -9999 -9999 -9999
432.04 424.22 406.86 387.85 401.91 434.8 441.62 440.09 425.71 429.43 456.41 457.56 442.65 446.9 455.99 450.58 452.37 452.06 449.93 437.54 449.84 448.64 420.11 378.06 357.7 370.2 431.77 440.11 432.45 432.36 440.68 430.11 444.77 454.06 441.71 432.72 421.3 390.46 408.63 419.46 454.12 454.01 482.73 513.68 554.61 493.69 454.25 461.07 474.81 459.1972 -9999 -9999 -9999 -9999 -9999 -9999 -9999 -9999 -9999 -9999 -9999 -9999 -9999 -9999 -9999 -9999 -9999 -9999 -9999 -9999 -9999 -9999 -9999
420.64 417.99 392.56 396.26 434.94 435.13 435.23 450.64 418.06 401.2 406.48 420.84 448.23 490.07 500.1 505.43 480.6 478.16 488.37 474.91 481.67 460.87 458.15 397.02 361.91 390.25 447.76 427.59 430.59 448.75 463.84 463.28 449.11 460.86 450.65 441.69 417.04 420.41 430.81 459.77 494.47 507.97 542.94 519.61 507.94 468.02 462 459.92 454.0206 459.1828 463.8256 467.0435 -9999 -9999 -9999 -9999 -9999 -9999 -9999 -9999 -9999 -9999 -9999 -9999 -9999 -9999 -9999 -9999 -9999 -9999 -9999 -9999 -9999
413.41 407.89 385.93 413.76 423.51 420.11 443.05 450.66 411.62 426.71 445.91 466.58 466.19 479.98 497.46 509.46 509.49 501.8 500.6 510.93 535.74 489.79 486.48 443.48 387.08 363.05 426.56 421.52 403.66 418.06 460.89 464.23 480.86 497.2 493.46 507.72 459.83 447.86 444.02 467.74 500.47 502.39 495.06 473.06 457.99 459.68 468.74 484.2766 -9999 -9999 -9999 -9999 -9999 -9999 -9999 -9999 -9999 -9999 -9999 -9999 -9999 -9999 -9999 -9999 -9999 -9999 -9999 -9999 -9999 -9999 -9999 -9999 -9999
409.95 396.88 415.41 426.88 406.92 426.69 442.75 430.65 402.08 433.09 434.73 439.13 429.55 438.26 458.52 485.41 505.65 552.42 541.09 553.8 569.65 532.47 500.32 469.68 408.8 362.23 389.51 415.49 384.99 430.13 514.7 476.86 500.81 531.11 543.94 571.36 504.88 487.44 471.22 484.25 504.7 486.97 473.71 451.08 450.05 450.07 454.63 -9999 -9999 -9999 -9999 -9999 -9999 -9999 -9999 -9999 -9999 -9999 -9999 -9999 -9999 -9999 -9999 -9999 -9999 -9999 -9999 -9999 -9999 -9999 -9999 -9999 -9999
411.08 423.82 433.34 420.66 420.72 435.02 428.04 406.43 399.69 408.12 395.95 404.34 410.29 445.54 459.81 490.66 515.48 538.04 560.55 556.92 573.52 552.57 505.42 456.94 417.89 373.21 378.1 401.96 383.33 473.59 503.17 514.44 550.09 609.93 603.42 577.14 564.06 514.57 504.41 501.98 497.91 461.42 449.11 447 447.64 439.23 439.48 -9999 -9999 -9999 -9999 -9999 -9999 -9999 -9999 -9999 -9999 -9999 -9999 -9999 -9999 -9999 -9999 -9999 -9999 -9999 -9999 -9999 -9999 -9999 -9999 -9999 -9999
424.92 433.2 428.51 411.43 420.51 414.12 392.61 402.85 395.37 428.5 438.93 412.84 434.72 436.59 447.47 462.2 510.59 524.6 550.62 564.96 565.93 529.72 482.2 466.08 449.12 392.94 364.51 351.57 393.17 466.75 476.16 504.92 551.34 629.02 625.28 583.16 544.38 498.61 459.23 464.66 453.83 446.65 434.56 453.76 446.21 439.8916 -9999 -9999 -9999 -9999 -9999 -9999 -9999 -9999 -9999 -9999 -9999 -9999 -9999 -9999 -9999 -9999 -9999 -9999 -9999 -9999 -9999 -9999 -9999 -9999 -9999 -9999 -9999
430.5 427.84 414.96 418.43 415.31 392.49 405.87 425.57 405.55 414.41 434.68 440.21 454.62 460.45 470.26 479.28 515.48 541.84 544.68 525.35 573.77 546 523.85 503.12 463.03 431.57 385.84 348.62 399.22 451.08 417.76 431.26 496.57 558.77 539.3 545.78 526.14 497 448.3 439.32 450.11 453.28 420.91 427.42 447.9756 -9999 -9999 -9999 -9999 -9999 -9999 -9999 -9999 -9999 -9999 -9999 -9999 -9999 -9999 -9999 -9999 -9999 -9999 -9999 -9999 -9999 -9999 -9999 -9999 -9999 -9999 -9999 -9999
414.7 415.59 416.4 408.72 392.25 394.38 432.1 436.94 421.91 449.79 443.73 446.34 451.06 471.49 495.74 468.87 512.42 512.89 515.51 540.14 536.67 532.05 493.07 527.13 441.55 419 370.47 386.65 452.34 446.35 399.83 394.95 422.82 450.7 481.32 464.92 483.36 477.71 421.45 403.87 421.21 424.88 421.63 406.3947 -9999 -9999 -9999 -9999 -9999 -9999 -9999 -9999 -9999 -9999 -9999 -9999 -9999 -9999 -9999 -9999 -9999 -9999 -9999 -9999 -9999 -9999 -9999 -9999 -9999 -9999 -9999 -9999 -9999
424 417.89 402.2 387.61 393.43 409.15 437.05 442.66 440.36 453.77 461.31 462.82 481.21 480.91 480.81 480.8 508.05 520.48 524.13 507.02 501.57 480.63 479.16 486.65 435.36 367.22 377.97 442.36 553.25 534.07 446.06 403.1 402.28 405.2 410.07 432.9 432.55 427.74 414.14 398.57 415.88 425.51 407.1818 -9999 -9999 -9999 -9999 -9999 -9999 -9999 -9999 -9999 -9999 -9999 -9999 -9999 -9999 -9999 -9999 -9999 -9999 -9999 -9999 -9999 -9999 -9999 -9999 -9999 -9999 -9999 -9999 -9999 -9999
397.32 392.88 397.49 408.15 411.53 419.49 434.11 442.28 445.83 452.85 468.71 469.83 490.82 480.62 465.31 480.06 491.38 504.87 481.2 473.02 483.4 454.28 460.3 482.48 437.84 376.22 411.23 483.17 559.27 526.77 463.15 443.2 420.38 431.72 407.15 408.31 400.4 393.2 383.79 391.74 403.78 403.5224 -9999 -9999 -9999 -9999 -9999 -9999 -9999 -9999 -9999 -9999 -9999 -9999 -9999 -9999 -9999 -9999 -9999 -9999 -9999 -9999 -9999 -9999 -9999 -9999 -9999 -9999 -9999 -9999 -9999 -9999 -9999
417.13 414.3 419.32 420.91 420.64 422.06 431.65 441.24 432.51 437.73 453.45 461.8 471.5 466.4 475.17 481.35 481.33 482.42 454.88 447.76 442.38 452.09 453.01 443.09 417.56 396.6 383.42 409.8 455.11 492.66 534.91 485.12 427.87 414.57 411.4 425.93 417.55 393.87 376.83 375.22 378.3402 -9999 -9999 -9999 -9999 -9999 -9999 -9999 -9999 -9999 -9999 -9999 -9999 -9999 -9999 -9999 -9999 -9999 -9999 -9999 -9999 -9999 -9999 -9999 -9999 -9999 -9999 -9999 -9999 -9999 -9999 -9999 -9999
409.94 413.01 415.62 413.65 413.73 419.25 427.92 431.07 430.93 436.08 438.33 452.74 454.64 446.38 474.23 483.7 483.95 476.99 451.35 451.83 426.18 448.26 464.52 435.25 407.82 415.85 403.42 381.77 398.99 424.08 461.99 484.13 435.88 410.53 392.59 397.91 426.24 422.74 392.9 376.6263 -9999 -9999 -9999 -9999 -9999 -9999 -9999 -9999 -9999 -9999 -9999 -9999 -9999 -9999 -9999 -9999 -9999 -9999 -9999 -9999 -9999 -9999 -9999 -9999 -9999 -9999 -9999 -9999 -9999 -9999 -9999 -9999 -9999
403.98 407.46 407.69 405.48 410.63 412.85 426.76 433.55 434.73 426.24 431.01 444.32 442.62 432.92 444.59 455.3 467.91 465.26 445.12 439.99 429.64 418.07 414.91 406.56 416.59 421.27 392.75 366.18 375.7 395.29 415.35 406.14 416.32 417.09 416.53 401.42 395.41 402.39 385.4 -9999 -9999 -9999 -9999 -9999 -9999 -9999 -9999 -9999 -9999 -9999 -9999 -9999 -9999 -9999 -9999 -9999 -9999 -9999 -9999 -9999 -9999 -9999 -9999 -9999 -9999 -9999 -9999 -9999 -9999 -9999 -9999 -9999 -9999
403.12 402.66 401.99 401.39 407.04 408.77 417.88 421.91 430.77 422.12 428.85 440.39 436.68 421.04 423.41 444.54 451.42 447.44 441.71 429.41 412.9 393.46 388.36 399.96 432.82 403.85 398.21 387.99 374.24 359.24 367.12 369.81 370.9 378.47 397.05 424.32 407.15 394.9 389.5395 -9999 -9999 -9999 -9999 -9999 -9999 -9999 -9999 -9999 -9999 -9999 -9999 -9999 -9999 -9999 -9999 -9999 -9999 -9999 -9999 -9999 -9999 -9999 -9999 -9999 -9999 -9999 -9999 -9999 -9999 -9999 -9999 -9999 -9999
402.83 396.12 395.64 397 399.7 410.81 421.3 412.05 412.87 424.13 414.17 429.15 428.06 417.71 413.38 414.2 423.28 423.49 422.13 422.36 420.13 398.69 380.67 402.07 407.05 388.55 402.51 430.84 421.61 388.61 363.2 363.44 364.5 372.14 384.87 397.01 401.96 396.0319 -9999 -9999 -9999 -9999 -9999 -9999 -9999 -9999 -9999 -9999 -9999 -9999 -9999 -9999 -9999 -9999 -9999 -9999 -9999 -9999 -9999 -9999 -9999 -9999 -9999 -9999 -9999 -9999 -9999 -9999 -9999 -9999 -9999 -9999 -9999
394.29 393.57 393.45 392.43 392.85 397.65 404.67 397.12 401.6 411.88 411.75 409.17 406.36 405.42 416.75 411.02 398.55 400.62 399.23 400.14 395.95 391.06 369.61 383.5 389.56 387.88 381.5 395.07 403.06 414.77 419.66 386.49 373.04 378.48 390.9 401.66 395.82 -9999 -9999 -9999 -9999 -9999 -9999 -9999 -9999 -9999 -9999 -9999 -9999 -9999 -9999 -9999 -9999 -9999 -9999 -9999 -9999 -9999 -9999 -9999 -9999 -9999 -9999 -9999 -9999 -9999 -9999 -9999 -9999 -9999 -9999 -9999 -9999
390.52 390.01 392.01 396.84 389.64 389.16 390.94 390.68 390.52 393.86 391.72 395.41 391.84 402.15 409.02 392.08 388.45 387.17 386.74 381.04 380.26 371.99 352.65 367.02 373.2 365.14 365.8 377.48 400.37 410.51 416.61 398.15 382.94 388.04 395.56 400.04 403.38 -9999 -9999 -9999 -9999 -9999 -9999 -9999 -9999 -9999 -9999 -9999 -9999 -9999 -9999 -9999 -9999 -9999 -9999 -9999 -9999 -9999 -9999 -9999 -9999 -9999 -9999 -9999 -9999 -9999 -9999 -9999 -9999 -9999 -9999 -9999 -9999
388.44 385.81 386.38 389.98 385.86 385.02 385.38 384.5 383.31 381.83 381.73 380.52 382.52 384.23 382.77 376.71 376.78 376.22 376.5 372.46 368.21 369.47 360.31 339.38 340.18 349.39 358.19 379.33 388.85 397 395.72 383.23 383.51 392.71 401.47 402.86 406.98 -9999 -9999 -9999 -9999 -9999 -9999 -9999 -9999 -9999 -9999 -9999 -9999 -9999 -9999 -9999 -9999 -9999 -9999 -9999 -9999 -9999 -9999 -9999 -9999 -9999 -9999 -9999 -9999 -9999 -9999 -9999 -9999 -9999 -9999 -9999 -9999
386.89 383.62 383.86 385.26 384.8 383.08 381.94 380.88 380.02 380.76 380.32 378.28 376.84 375.82 372.9 371.09 365.88 364.31 361.58 359.33 360.61 360.25 363.75 366.33 362.12 356.54 358.66 366.21 380.88 394.88 388.19 400.61 408.84 394.54 402.41 406.04 412.12 422.3651 -9999 -9999 -9999 -9999 -9999 -9999 -9999 -9999 -9999 -9999 -9999 -9999 -9999 -9999 -9999 -9999 -9999 -9999 -9999 -9999 -9999 -9999 -9999 -9999 -9999 -9999 -9999 -9999 -9999 -9999 -9999 -9999 -9999 -9999 -9999
387.95 385.71 385.56 385.83 386.11 383.94 383.7 384.4 384.73 385.28 382.93 382.35 374.1 369.27 365.45 362.63 356.84 354.51 352.22 348.2 350.11 352.53 350.6 355.54 366.52 376.85 389.02 378.41 364.64 414.03 423.9 402.26 397.08 402.41 392.55 403.14 416.18 430.495 -9999 -9999 -9999 -9999 -9999 -9999 -9999 -9999 -9999 -9999 -9999 -9999 -9999 -9999 -9999 -9999 -9999 -9999 -9999 -9999 -9999 -9999 -9999 -9999 -9999 -9999 -9999 -9999 -9999 -9999 -9999 -9999 -9999 -9999 -9999
389.99 390.05 389.64 387.34 387.32 388.38 392.45 394.42 396.02 393.46 393.1 395.32 381.68 369.79 362.4 354.85 351.04 349.14 345.25 342.79 344.2 345.07 354.21 366.79 387.53 413.96 409.36 398.51 377.73 431.67 420.49 388.26 385.91 390.37 389.3 403.73 434.06 446.53 -9999 -9999 -9999 -9999 -9999 -9999 -9999 -9999 -9999 -9999 -9999 -9999 -9999 -9999 -9999 -9999 -9999 -9999 -9999 -9999 -9999 -9999 -9999 -9999 -9999 -9999 -9999 -9999 -9999 -9999 -9999 -9999 -9999 -9999 -9999
392.09 394.65 396.27 397.29 399.74 404.14 417.84 418.73 417.43 415.06 408.68 412.81 404.3 383.49 362.78 353.39 346.33 342.28 340.09 340.11 347.85 365.99 378.4 402.13 423.82 439.38 422.77 407.62 389.91 431.62 424.52 405.69 390.79 385.97 392.92 409.1 449.28 466.77 462.2222 -9999 -9999 -9999 -9999 -9999 -9999 -9999 -9999 -9999 -9999 -9999 -9999 -9999 -9999 -9999 -9999 -9999 -9999 -9999 -9999 -9999 -9999 -9999 -9999 -9999 -9999 -9999 -9999 -9999 -9999 -9999 -9999 -9999 -9999
399.39 401.53 411.53 415.63 421.62 423.2 415.61 422.21 425.63 430.66 431.83 433.74 417.6 391.5 365.2 349.71 343.88 340.37 337.82 343.16 369.92 391.7 399.17 418.74 419.45 406.15 405.33 404.56 417.83 450.43 432.43 411.39 399.49 395.47 405.62 420.97 455.1 479.47 470.99 482.6964 -9999 -9999 -9999 -9999 -9999 -9999 -9999 -9999 -9999 -9999 -9999 -9999 -9999 -9999 -9999 -9999 -9999 -9999 -9999 -9999 -9999 -9999 -9999 -9999 -9999 -9999 -9999 -9999 -9999 -9999 -9999 -9999 -9999
404.81 407.26 414.24 418.67 418.59 429.11 428.09 421.49 424.99 426.53 427.42 429.5 422.34 399.2 377 357.87 349.81 340.59 344.66 351.59 363.25 379.9 390.15 398.92 397.94 400.18 399.46 394.19 399.95 425.46 420.71 400.13 414.35 416.9 408.5 424.95 455.54 482.81 494.21 499.42 517.194 -9999 -9999 -9999 -9999 -9999 -9999 -9999 -9999 -9999 -9999 -9999 -9999 -9999 -9999 -9999 -9999 -9999 -9999 -9999 -9999 -9999 -9999 -9999 -9999 -9999 -9999 -9999 -9999 -9999 -9999 -9999 -9999
415.61 422.22 420.46 416.86 419.17 427.55 429.52 428.64 427.44 430.64 425.89 422.48 411.38 407.24 395.33 386.25 379.4 361.65 364.41 364.43 369.43 381.86 388.8 393.72 392.65 388.72 403.19 417.91 416.08 405.25 391.14 420.16 429.03 427.46 458.31 470.98 461.99 508.74 523.47 524.58 529.56 552.62 567.0206 -9999 -9999 -9999 -9999 -9999 -9999 -9999 -9999 -9999 -9999 -9999 -9999 -9999 -9999 -9999 -9999 -9999 -9999 -9999 -9999 -9999 -9999 -9999 -9999 -9999 -9999 -9999 -9999 -9999 -9999
424.49 425.65 425.69 422.73 420.68 425.2 430.23 438.11 432.32 418.4 416.83 430.93 443.96 452.85 448.96 443.63 416.12 386.05 366.22 374.4 368.47 370.67 371.16 374.84 393.21 381.54 380.38 391.87 398 376 398.94 423.26 446.14 478.19 492.24 476.03 484.01 540.28 531.67 539.08 536.76 542.25 555.0361 -9999 -9999 -9999 -9999 -9999 -9999 -9999 -9999 -9999 -9999 -9999 -9999 -9999 -9999 -9999 -9999 -9999 -9999 -9999 -9999 -9999 -9999 -9999 -9999 -9999 -9999 -9999 -9999 -9999 -9999
432.14 436.07 441.3 432.56 428.01 425.94 437.23 421.57 417.24 389.3 420.56 464.84 486.52 452.04 454.56 434.36 404.86 376.41 362.24 350.98 346.91 348.92 351.31 358.33 374.06 385.93 379.92 370.35 375.34 373.12 373.51 412.32 459.13 458.87 509.42 515.73 522.09 529.05 534.79 491.36 508.1579 -9999 -9999 -9999 -9999 -9999 -9999 -9999 -9999 -9999 -9999 -9999 -9999 -9999 -9999 -9999 -9999 -9999 -9999 -9999 -9999 -9999 -9999 -9999 -9999 -9999 -9999 -9999 -9999 -9999 -9999 -9999 -9999
451.35 445.78 441.01 431.88 419.64 433.01 416.34 394.11 391.9 414.95 480.85 495.39 493.4 453.93 411.06 392.34 370.02 346.45 339.54 339.7 329.33 320.62 325.88 345.72 348.79 367.19 374.81 360.31 376.11 398.8 372.28 393.43 465.86 440.09 452.1 433.82 474.91 433.97 442.7 459.6667 -9999 -9999 -9999 -9999 -9999 -9999 -9999 -9999 -9999 -9999 -9999 -9999 -9999 -9999 -9999 -9999 -9999 -9999 -9999 -9999 -9999 -9999 -9999 -9999 -9999 -9999 -9999 -9999 -9999 -9999 -9999 -9999 -9999
453.06 440.36 428.63 428.2 426.51 415.4 392.08 387.17 405.51 422.52 433.65 467.7 470.02 415.32 387.64 366.1 342.86 344.88 328.21 311.21 306.26 309.46 324.16 341.85 337.89 340.95 359.55 395.82 382.59 374.36 366.27 358.72 403 385.85 369.68 360.83 382.5811 -9999 -9999 -9999 -9999 -9999 -9999 -9999 -9999 -9999 -9999 -9999 -9999 -9999 -9999 -9999 -9999 -9999 -9999 -9999 -9999 -9999 -9999 -9999 -9999 -9999 -9999 -9999 -9999 -9999 -9999 -9999 -9999 -9999 -9999 -9999 -9999
440.78 420.78 415.12 416.45 409.89 395.97 372.82 378.27 393.79 400.77 450.91 476.28 431.09 364.28 342.35 347.65 345.82 323.58 306.88 312.06 304.03 298.9 304.21 303.91 320.51 336.24 335.31 358.54 362.51 384.25 356.53 326.82 326.9 331.18 321.36 330.2436 -9999 -9999 -9999 -9999 -9999 -9999 -9999 -9999 -9999 -9999 -9999 -9999 -9999 -9999 -9999 -9999 -9999 -9999 -9999 -9999 -9999 -9999 -9999 -9999 -9999 -9999 -9999 -9999 -9999 -9999 -9999 -9999 -9999 -9999 -9999 -9999 -9999
411.07 408.08 418.02 414.73 394.86 367.38 401.96 436.58 400.81 474.77 504.11 447.73 434.55 398.2 403.03 414.96 413.92 373.43 340.93 299.67 287.66 294.08 289.42 283.06 303.85 318.59 359.67 355.66 344.12 354.21 347.07 316.02 302.44 303.44 302.8026 -9999 -9999 -9999 -9999 -9999 -9999 -9999 -9999 -9999 -9999 -9999 -9999 -9999 -9999 -9999 -9999 -9999 -9999 -9999 -9999 -9999 -9999 -9999 -9999 -9999 -9999 -9999 -9999 -9999 -9999 -9999 -9999 -9999 -9999 -9999 -9999 -9999 -9999
