layers/wordclim/future/Iberia_wcB2a_10_hadcm3_2080/bio_05.asc
ncols         166
nrows         93
xllcorner     -9.4959440078468
yllcorner     36.000324005443
cellsize      0.083333337679505
NODATA_value  -9999
[rows 33 to 65 of 93, columns 0 to 72 of 166]
-9999 -9999 -9999 -9999 -9999 -9999 -9999 -9999 -9999 -9999 262.7209 267.76 273.66 280.26 286.45 291.43 290.15 278.91 273.84 283.16 287.03 290.13 305.33 319.68 311.75 307 322.58 339.88 346.88 342.15 344.46 349.59 344.64 344.33 346.26 348.12 349.55 349.19 351.38 354.87 355.41 357.09 361.19 363.5 364.87 366.53 367.74 367.09 366.03 365.22 366.31 365.92 366.53 366.2 366.16 365.96 365.92 366.1 363.45 361.31 360.09 360.22 360.36 359.03 353.23 348.19 329.66 321.4 338.24 350.19 355.35 357.56 353.01
-9999 -9999 -9999 -9999 -9999 -9999 -9999 -9999 -9999 -9999 260.3979 266.96 273.06 276.88 269.62 275.01 282.96 297.94 301.16 302.07 297.46 296.58 300.57 309.42 308.81 308.75 321.78 338.61 343.2 337.18 335.65 341.35 346.71 344.05 344.21 347.27 350.14 351.89 355.62 357.38 358.1 360.44 362.65 363.4 364.54 365.74 364.76 365.22 366.94 367.36 365.63 366.05 363.87 364.75 365.3 365.68 366.12 366.18 363.74 359.89 357.36 358.04 357.76 355.79 349.64 342.83 320.15 341.81 335.01 342.03 355.93 363.57 368.05
-9999 -9999 -9999 -9999 -9999 -9999 -9999 -9999 -9999 -9999 258.6404 266.96 274.26 271.61 282.98 283.44 290.1 305.44 308.52 306.06 305.49 306.56 310.36 311.07 313.01 310.28 324.62 335.07 336.31 341.95 337.5 337.28 342.35 346.36 344.82 346.22 348.86 354.02 355.58 357.3 359.67 359.55 360.8 360.68 360.7 360.35 362.39 368.01 366.59 367.24 367.43 365.48 363.36 361.12 361.18 364.74 362.27 363.56 360.54 357.24 354.83 354.48 354.08 347.04 329.66 328.34 320.38 330.16 351.64 363.41 367.68 374.24 372.13
-9999 -9999 -9999 -9999 -9999 -9999 -9999 -9999 -9999 246.5676 257.4348 267.51 276.72 283.84 283.85 292.91 294.14 304.24 304.79 307.16 314.57 318.64 320.5 319.5 321.56 325.87 330.46 331.49 329.14 333.18 336.45 335.05 340.75 344.33 348.79 345.83 349.52 354.26 355.32 356.69 357.86 359.62 358.12 356.85 357.34 363.12 367.92 368.23 367.25 365.36 364.54 362.35 355.92 355.85 354.13 352.76 352.75 357.51 355.11 353.19 345.27 345.97 342.21 340.82 345.71 355.32 357.36 364.13 367.23 365.21 375.55 381.78 376.28
-9999 -9999 -9999 -9999 -9999 -9999 -9999 -9999 -9999 247.6757 258.2784 270.07 280.48 287.13 288.84 284.21 284.34 305.22 311.94 315.93 319.29 319.66 318.12 324.88 332.41 330.46 328.98 314.04 320.62 328.45 331.15 334.21 338.77 345.91 352.11 354.82 353.64 351.98 353.2 353.13 352.85 353.15 357.56 362.23 363.96 366.08 367.34 366.15 364.2 360.56 355.75 353.77 346.98 347.58 349.24 352.71 358.16 358.44 353.87 349.08 345.13 342 343.79 339.79 357.28 369 364.33 367.08 377.51 380.6 385.32 387.46 381.6
-9999 -9999 -9999 -9999 -9999 -9999 -9999 -9999 -9999 253.38 263.15 274.55 285.11 292.71 290.32 280.99 307.78 313.46 318.1 319.13 322.74 325.57 328.75 324.78 301.47 296.73 307.72 311.95 319.1 325.16 332.08 332.19 339.34 348.08 351.14 355.37 355.81 348.36 344.1 336.74 350.06 354.95 363.64 367.19 364.26 363.92 367.6 365.14 359.94 359.58 359.27 350.48 340.56 351.1 355.47 354.68 349.81 348.94 352.01 361.47 357.46 363.62 363.16 359.62 370.98 375.31 380.69 382.98 385.61 383.58 388.13 390.74 388
-9999 -9999 -9999 -9999 -9999 -9999 -9999 -9999 254.0484 260.28 269.77 280.2 290.75 296.45 298.45 305.6 312.47 317.92 320.96 324.04 323.28 323.07 300.6 271.39 285.84 301.65 317.12 312.03 321.62 328.74 331.07 331.56 341.71 346.65 344.83 349.42 352.46 350.78 351.31 355.05 358.68 376.03 377.08 371.17 371.43 363.28 363.35 366.96 366.85 360.59 347.8 336.78 335.33 338.5 337.21 344.26 357.71 366.32 373.14 373.2 378.06 382.58 377.58 377.8 383.57 387.3 389.45 385.45 388.96 387.22 389.58 396.82 396.55
-9999 -9999 -9999 -9999 -9999 -9999 -9999 -9999 259.0879 266.89 276.5 286.63 297.08 300.49 307.42 315.61 318.88 321 321.51 320.22 319.15 295.71 251.76 271.06 312.48 332.13 335.06 323.97 321.99 326.7 326.06 330.58 334.92 340.16 344.91 347.24 340.92 350.56 356.21 374.15 381.75 380.91 373.55 371.43 360.7 337.79 345.26 364.49 360.74 344.29 338.84 339.48 339.23 350.18 351.53 359.4 365.45 361.23 357.3 363.53 384.95 388.49 389.76 392.09 396.29 392.93 392.74 389.5 389.54 394.84 393.86 397.21 397.59
-9999 -9999 -9999 -9999 -9999 -9999 -9999 -9999 263.58 272.39 282.3 293.48 303.76 306.15 311.82 319.58 320.95 322.13 322.17 316.84 312.52 301.58 270.11 278.64 330.59 340.64 337.38 335.91 329.49 321.58 322.24 321.05 330.85 338.74 338.64 350.62 359.26 369.56 375.1 382.06 388.24 383.08 380.83 374.59 341.42 327.42 349.32 355 346.33 337.23 325.95 333.55 343.11 363.06 357.43 359.29 381.22 394 388.86 384.56 385.74 389.84 397.16 401.66 398.1 395.26 396.47 393.9 393.28 397.32 398.8 400.72 397.23
-9999 -9999 -9999 -9999 -9999 -9999 -9999 259.5479 267.66 276.91 287.03 297.85 308.22 311.77 316.07 317.68 321.41 318.08 306.19 292.91 288.93 314.82 326.01 332.18 337.78 339.06 343.91 344.76 342.42 340.53 351.93 357.72 339.59 357.99 368.36 374.24 379.43 376.52 385.78 389.82 392.66 394.12 377.74 352.4 369.45 354.19 329.43 332.13 337.9 370.29 358.25 366.18 387.96 398.78 392.7 405.79 402.3 398.21 392.89 390.05 398.74 404.8 405.06 401.41 398.1 398.19 400.41 396.56 398.22 399.03 400.35 401.44 399.42
-9999 -9999 -9999 -9999 -9999 -9999 -9999 -9999 271.1136 280.22 290.34 300.65 308.37 313.73 318.76 308.2 301.64 299.1 302.16 298.22 307.45 324.91 325.47 325.96 333.41 342.62 352.1 354.02 354.53 359.3 365.65 366.97 366.08 373.82 382.28 382.95 382.69 383.17 390.21 392.87 394.34 391.21 377.28 378.83 366.48 382.42 386.59 390.43 397.59 409.27 410.48 410.29 409.03 406.04 404.82 403.65 394.69 390.21 403.37 407.39 408.96 407.17 404.43 402.02 401.75 403.87 401.83 402.04 403.14 400.58 404.13 403.62 398.95
-9999 -9999 -9999 -9999 -9999 -9999 -9999 265.4533 272.53 282.3 292.16 296.73 302.65 310.38 294.01 285.75 298.42 308.96 311.42 318.1 326.89 316.78 328.87 325.23 345.12 353.94 355.48 359.08 358.25 357.32 362 373.21 377.36 383.73 386.19 385.85 388.6 392.18 397.08 399.02 396.97 395.42 394.2 393.49 395.39 405.44 409.01 413.22 413.27 414 414.57 412.81 412.56 411.73 409.79 407.03 408.54 411.56 412.23 411.31 410.32 410.1 407.97 406.36 407.48 408.81 406.61 408.58 406.04 407.1 407.48 405.37 403.95
-9999 -9999 -9999 -9999 -9999 -9999 -9999 266.03 273.52 282.91 291.82 292.74 302.22 306.02 299.15 306.27 315.23 315.45 310.39 312.77 316.15 327.26 344.72 347.04 351.19 356.88 359.99 364.37 365.67 367.16 372.35 377.29 376.3 383.62 386.46 389.88 393.49 396.64 398.28 397.24 395.62 398.72 405.39 409.41 411.46 413.12 413.86 414.98 415.08 415.58 415.81 415.17 415.51 413.91 412.38 414.92 414.69 414.69 413.99 411.55 409 409.02 410.17 411.99 412.76 411.28 411.55 412.84 411.85 409.67 404.38 400.93 398.7
-9999 -9999 -9999 -9999 -9999 -9999 261.0159 268.27 274.37 282.1 291.02 294.02 302.08 304.15 309.06 315.08 313.55 310.07 308.71 304.33 325.44 341.63 349.2 351.89 355.13 359.47 367.97 370.53 371.68 371.23 375.16 378.32 382.18 384.2 387.75 390.46 391.61 394.53 393.36 392.54 397.87 402.79 409.16 412.21 413.03 414.1 415.22 413.56 415.76 416.72 416.05 413.68 416.65 415.85 416.72 415.82 411.72 413.25 414.73 416.14 415.43 414.5 414.52 415.74 414.13 413.27 414.02 413.69 412.08 409.58 406 402.86 401.36
-9999 -9999 -9999 -9999 -9999 -9999 259.8265 268.62 275.72 280.57 285.91 294.12 303.34 305.47 312.31 316.57 320.06 319.78 314.84 317.86 335.59 344.02 348.97 352.68 359.5 366.82 369.26 372.45 371.07 375.31 378.06 379.82 383.6 387.97 390.42 391.37 391.88 392.69 396.8 401.89 403.86 406.7 407.01 409.73 411.21 414.92 413.48 411.71 416.04 415.74 415.12 415.79 418.1 416.47 416.34 414.66 411.94 412.16 413.17 412.44 413.07 416.62 413.73 410.24 409.8 408.17 407.35 408.72 409.81 408.6 408.85 407.61 405.17
-9999 -9999 -9999 -9999 -9999 253.5357 259.36 267.67 275.13 279.81 286.86 296.79 305.15 308.93 310.39 318.17 318.76 322.78 324.65 333.51 341.95 345.77 352.74 358.69 361.34 363.52 367.37 371.12 372.35 376.3 380.73 383.48 383.3 384.5 388.55 393.32 399.04 399.97 399.79 400.07 402.97 405.8 405.53 405.91 404.95 404.64 405.78 409.04 408.82 408.43 410.1 413.91 412.9 413.23 407.15 408.7 409.02 408.89 407.15 409.15 408.99 411.2 408.97 406.16 408.74 406.01 406.4 406.96 407.53 406.72 407.64 407.29 406.15
-9999 -9999 -9999 -9999 -9999 253.7683 261.6 266.63 271.99 274.08 286.71 296.41 305 312.03 312.98 318.44 319.65 320.86 326.7 336.99 343.93 349.97 355.68 357.03 360.12 364.57 368.32 368.94 374.83 377.56 379.43 381.59 382.33 384.34 386.62 391.73 396.89 399.83 402.44 403.5 404.97 408.16 408.2 408.58 408.3 407.54 405.81 404.04 404.41 398.72 404.64 404.86 410.44 411.68 401.35 401.93 399.67 401.71 400.83 402.69 402.9 408.46 408.31 405 404.03 405.55 405.13 406.12 406.87 406.83 408.45 407.59 406.44
-9999 -9999 -9999 -9999 -9999 254.2828 260.94 261.93 266.9 275.4 283.91 298.88 306.34 312.38 315.16 318.9 323.42 327.25 333.25 337.53 344.86 347.26 351.39 354.08 360.11 361.94 365.31 365.99 369.28 376.54 382.69 383.42 385.11 388.29 389.51 392.34 394.71 401.31 402.07 405.51 407.83 408.24 409.4 408.85 408.57 407.47 408.3 408.18 396.5 395.79 394.56 404.98 406.06 411.38 410.77 404.36 402.55 402.21 392.9 404.51 395.71 399.09 400.23 401.76 401.34 402.05 404.43 408.31 409.22 409.23 409.41 409.39 407.81
-9999 -9999 -9999 241.0714 248.42 255.26 259.41 264.41 273.39 285.02 293.14 301.36 308.35 312.82 318.52 323.99 328.21 333.18 335.27 338.35 341.38 344.92 349.09 351.9 352.17 357.82 362.69 365.62 367 372.9 379.81 384.39 388.14 390.96 393.26 395.66 396.55 398.03 401.19 403.21 407.73 408.8 409.18 408.46 408.01 399.62 405.26 406.05 398.03 393.09 407.27 413.14 414.89 414.59 418.35 417.78 417.34 414.26 409.71 411.33 407.51 409.94 411.45 412.32 402.22 395.54 399.54 405.04 408.4 408.04 410.14 409.72 409.55
-9999 -9999 233.0625 241.2558 249.37 256.2 262.86 273.35 280.22 287.39 296.32 303.7 308.5 310.82 316.24 320.82 326.19 329.51 332.86 338.16 342.17 345.78 348.68 349.66 346.05 344.71 351.71 359.2 366.62 371.42 375.75 380.21 386.07 386.75 391.51 395.86 399.1 400.02 402.34 403.4 405.68 407.51 407.56 408.94 409.49 403.77 402.32 405.75 410.03 411.61 414.73 421.02 419.02 421.54 422.7 422.75 420.31 418.66 415.55 410.34 407.65 406.1 412.72 409.77 406.69 406.6 403.09 406.24 408.99 407.05 404.87 408.77 411.46
-9999 -9999 234.73 242.93 251.96 259.37 267.92 277.26 283.45 290.91 298.85 304.86 306.96 311.39 315.29 319.71 325.27 330.26 335.51 339.86 344.64 348.07 350.78 353.05 351.7 342.09 347.57 363.24 372.87 375.87 379.96 385.09 389.04 388.65 393.07 395.29 396.13 401.52 401.72 401.51 404.75 406.72 407.2 412.27 416.75 415.8 419.49 419 420.43 417.26 419.23 423.7 424.51 424.92 418.1 421.67 421.47 418.23 419.52 417.51 416.93 419.83 419.99 416.12 409.74 409.92 412.16 410.72 407.14 407.66 402.79 410.37 413.08
-9999 -9999 239.12 247.42 254.72 259.32 271.91 278.94 286.53 294.52 300.87 303.85 308.43 313.03 317.35 320.95 326.98 332.32 335.64 339.61 345.67 348.21 349.9 353.95 357.01 358.68 360.89 366.52 375.53 380.43 380.84 387.86 389.52 391.51 393.93 394.5 396.93 399.28 400.8 403.4 399.94 406.61 414.61 416.34 418.94 420.02 422.28 422.55 424.82 423.75 422.55 424.16 425.36 424.79 422.12 417.43 420.45 421.07 421.81 419.02 413.96 418.63 422.5 421.42 414.65 413.97 416.2 418.11 417.43 412.42 414.35 416.45 415.61
-9999 240.3125 245.28 252.22 257.51 267.48 276.38 283.09 291.11 297.9368 301.44 305.84 309.8 313.76 318.01 322.39 328.34 332.17 335.49 341.58 345.14 349.02 352.35 353.5 358.22 362.95 368.05 372.25 377.77 383.66 385.76 389.33 390.61 392.26 394.61 397.37 400.52 402.29 403.03 405.82 409.79 415.21 416.93 419.04 421.41 422.11 423.62 424.9 426.08 426.5 424.66 426 423.11 422.8 422.58 420.97 417.11 421.18 422.68 417.97 415.49 417.19 418.79 420.58 418.51 417.27 420.13 420.24 419.84 419.49 418.5 417.47 416.15
-9999 243.69 250.13 256.45 262.3 271.77 281.9893 288.9111 295.1839 299.16 303.13 307.53 311.42 315.57 320.13 323.84 328.83 332.05 336.45 341.12 345.16 349.33 352.65 357.22 359.95 363.95 370.01 375.4 379.33 384.38 388.7 390.94 392.83 395.39 396.73 400.19 402.32 405.74 406.29 407.92 411.24 415.97 418.2 421.07 422.7 423.78 425.06 422.09 422.57 426.76 426.59 425.26 426.97 424.7 424.4 422.38 420.73 419.53 421.91 422.87 423.76 417.91 419.17 423.28 419.85 421.99 422.06 421.46 420.97 420.23 419.38 418.17 417.16
-9999 246.0714 251.65 258.63 265.42 276.2577 287.557 293.58 297.5 301.8 306.16 310.67 314.41 317.7 321.64 325.37 329.92 333.97 337.88 339 343.14 346 350.85 354.8 359.38 363.3 365.6 371.89 380.53 385.97 390.03 390.54 393.06 395.12 398.08 400.44 403.67 405.88 407.89 409.84 414.47 416.49 419.15 420.5 421.59 422.94 424.12 425.21 426.06 424.54 425.45 428.25 425.25 419.67 423.04 422.43 422.72 423.46 424.67 421.18 423.87 423.33 422.72 424.02 421.99 423.35 422.59 422.12 421.9 420.78 419.87 418.93 416.57
-9999 249.15 255.35 264.57 277.87 284.35 292.9012 296.47 300.54 304.32 306.62 310.53 314.48 317.37 321.85 325.64 328.51 332.59 335.74 339.23 342.35 346.08 345.91 350.38 356.89 362.19 363.53 370.16 380.95 386.1 389.11 390.05 391.19 395.11 397.45 400.87 402.84 404.5 408.36 411.22 412.78 415.37 417.41 417.47 419.04 420.3 421.28 424.95 425.12 425.62 424.86 426.86 427.93 424.76 427.98 426 423.97 423.4 420.2 419.65 423.99 424.69 421.01 421.93 423.88 424.11 423.76 423.27 421.34 420.43 419.18 414.72 414.86
247.4198 251.76 260.04 272.74 286.9468 -9999 -9999 299.66 303.12 306.45 309.1 312.03 315.09 317.8 320.96 324.65 326.25 329.02 333.55 336 340.8 343.89 348.39 348.88 352.59 363.19 369.1 375.64 380.81 384.41 385.46 387.41 389.32 392.43 395.14 398.39 399.51 402.55 406.59 407.39 409.75 410.8 412.55 415.21 413.18 418.63 420.1 423.55 423.09 423.47 422.16 423.43 425.04 429.69 426.72 426.29 427.31 427.77 424 423.56 421.18 422.59 423.97 422.5 421.72 421.2 418.17 419.67 421.25 420.29 419.66 417.51 416.42
254.92 260.2113 268.2703 280.6364 289.7111 297.125 298.764 302.53 305.43 307.06 309.83 313 315.43 318.46 321.08 322.14 324.14 326.31 329.98 334.46 338.3 344.18 345.39 350.92 357.24 361.9 371.59 375.41 378.03 380.7 383.24 384.74 387.92 390.39 393.8 396.53 398.81 400.43 404.14 408.82 408.67 408.16 408.87 412.83 414.82 416.31 418.97 418.87 419.68 418.4 420.93 422.47 427 429.52 428.89 430.75 430.17 428.86 427.27 425.92 423.18 420.21 420.93 421.96 423 420.34 416.76 417.94 422.45 420.85 418.54 418.37 416.83
-9999 -9999 -9999 284.3784 291 296.9881 299.81 303.35 305.89 309.07 311.84 313.98 316.72 317.67 318.87 322.13 323.25 325.97 328.96 334.91 340.5 345.56 350.59 353.42 359.43 365.02 369.68 374.37 375.11 376.65 377.67 381.29 384.62 387.98 390.54 393.52 396.06 397.97 400.97 405.81 406.12 406.83 407.09 408.57 413.68 413.71 414.74 413.71 417.41 421.63 424.56 426.57 427.15 427.91 424.22 429.05 427.1 424.37 424.79 424.12 422.79 420.37 420.64 421.26 420.14 420.06 422.63 423.02 418.65 421.73 418.27 417.73 416.63
-9999 -9999 -9999 -9999 290.16 294.43 297.6667 303.5412 307.1758 310.5275 311.52 315.23 318.49 318.98 321.22 323.27 324.9 328.28 333.33 336.59 341.63 347.41 350.83 354.3 357.92 364.26 369.31 371.7 372.98 373.56 374.46 375.62 375.2 380.84 381.61 390.62 393.19 394.14 398.06 402.39 406.48 402.7 405.2 409.25 413.09 410.18 410.1 414 417.03 422.04 422.74 423.53 423.37 425.9 426.73 427.49 428.82 428.18 425.41 417.97 414.73 419 420.43 421.9 425.64 424.1 421.56 422.03 423.22 420.23 418.81 417.18 415
-9999 -9999 -9999 -9999 287.037 290.2571 -9999 304 -9999 310.2308 313.19 316.16 318.77 322.1 324.65 326.94 330.15 333.51 336.02 339.59 344.16 348.52 351.78 355 359.55 363.93 368.73 369.88 372.17 372.97 373.69 373 370.98 372.84 375.89 383.64 390.46 389.63 393.93 398.47 403.52 405.44 405.61 406.81 409.49 409.9 412.4 415.75 415.61 416.9 420.31 420.92 420.73 423.9 423.67 423.15 424.33 424.54 426.14 425.37 422.13 413.73 415.42 415.92 417.19 424.4 426.84 420.55 415.59 411.41 410.6 416.36 415.6
-9999 -9999 -9999 -9999 -9999 -9999 -9999 -9999 307.8571 309.5306 313.2421 317.14 320.46 323.03 326.54 328.17 331.67 335 337.97 338.81 343.59 348.54 352.61 356.6 360.31 364.9 366.24 369.02 370.4 370.14 372.42 370.69 371.74 381 382.74 384.65 385.45 389.09 391.03 393.64 398.55 402 403.22 407.12 408.08 410.33 412.46 413.61 413.58 416.07 417.25 416.93 419 420.1 421.07 421.06 420.94 422.58 421.47 422.49 423.66 423.74 424.66 420.44 420.38 420.25 427.41 422.13 421.53 419.41 415.04 416.48 416.73
-9999 -9999 -9999 -9999 -9999 -9999 -9999 -9999 -9999 308.83 312.02 315.08 320.73 324.44 328.73 330.89 333.4 336.59 339.05 343.72 345.01 345.55 351.66 356.2 360.16 363.25 364.81 367.4 368.29 370.83 370.96 372.68 376.94 380.29 382.89 385.47 386.18 388.12 388.96 390.91 393.21 396.83 401 403.66 406.51 408.14 411.63 411.96 413.48 416.84 418.11 419.29 416.58 413.53 419.4 421.61 419.14 420.66 419.81 420.68 420.08 420.19 420.73 426.54 422.76 425.37 427.87 426.66 426.32 426.27 424.92 423.35 424.05
