layers/wordclim/future/Iberia_wcB2a_10_hadcm3_2080/bio_07.asc
ncols         166
nrows         93
xllcorner     -9.4959440078468
yllcorner     36.000324005443
cellsize      0.083333337679505
NODATA_value  -9999
[rows 0 to 32 of 93, columns 0 to 72 of 166]
-9999 -9999 -9999 -9999 -9999 -9999 -9999 -9999 -9999 -9999 -9999 -9999 -9999 -9999 -9999 -9999 -9999 173.1707 181.5833 175.9104 179.5909 183.3523 183.942 186.7727 -9999 -9999 -9999 -9999 -9999 -9999 -9999 -9999 -9999 -9999 -9999 -9999 -9999 -9999 -9999 -9999 -9999 -9999 -9999 -9999 -9999 -9999 -9999 -9999 -9999 -9999 -9999 -9999 -9999 -9999 -9999 -9999 -9999 -9999 -9999 -9999 -9999 -9999 -9999 -9999 -9999 -9999 -9999 -9999 -9999 -9999 -9999 -9999 -9999
-9999 -9999 -9999 -9999 -9999 -9999 -9999 -9999 -9999 -9999 -9999 -9999 -9999 -9999 -9999 -9999 171.4394 176.0105 179.95 181.08 187.24 190.39 189.8182 195.47 196.68 196.433 -9999 -9999 -9999 -9999 -9999 -9999 -9999 -9999 -9999 -9999 -9999 -9999 -9999 -9999 -9999 -9999 -9999 189.8906 187.1731 -9999 -9999 -9999 -9999 -9999 -9999 -9999 -9999 -9999 -9999 -9999 -9999 -9999 -9999 -9999 -9999 -9999 -9999 -9999 -9999 -9999 -9999 -9999 -9999 -9999 -9999 -9999 -9999
-9999 -9999 -9999 -9999 -9999 -9999 -9999 -9999 -9999 -9999 -9999 -9999 -9999 -9999 166.7593 168.5053 173.202 177.77 183.56 189.81 195.47 196.79 197.55 203.62 199.39 199.62 200.9053 203.5949 206 203.8364 205.2875 206.9643 209.1974 207.3636 210.9367 210.0606 210.137 212.5417 212.6023 209.6289 208.1026 204.3214 200.1616 197.12 195.46 189.3247 187.541 192.7833 194.2712 -9999 -9999 -9999 -9999 -9999 -9999 -9999 -9999 -9999 -9999 -9999 -9999 -9999 -9999 -9999 -9999 -9999 -9999 -9999 -9999 -9999 -9999 -9999 -9999
-9999 -9999 -9999 -9999 -9999 -9999 -9999 -9999 -9999 -9999 -9999 -9999 -9999 -9999 -9999 -9999 179.0707 187.58 191.8 193.72 198.3 204.11 207.66 211.08 209.33 207.7 207.31 210.84 209.49 211.1515 217.39 219.97 221.56 218.86 226.7 222.9 221.12 224.02 228.96 219.84 212.2222 216.63 215.75 209.35 204.7 202.94 209.32 210.53 201.39 203.96 205.42 208.6538 201.8205 200.7288 201 -9999 -9999 -9999 -9999 -9999 -9999 -9999 -9999 -9999 -9999 -9999 -9999 174.5206 -9999 174.3492 175.4271 175.0805 176.3913
-9999 -9999 -9999 -9999 -9999 -9999 -9999 -9999 -9999 -9999 -9999 -9999 -9999 -9999 170.0149 175.5417 183.54 190.87 195.43 199.4 201.86 204.99 208.45 212.6 214.64 215.26 216.52 215.5 218.63 224.67 230.29 229.38 228.35 231.32 234.68 230.05 234.42 238.28 232.54 225.97 223.97 219.59 217.18 220.25 216.07 215.32 218.25 217.7 216.86 215.68 214.99 208.16 207.79 214.24 215.28 216.23 219.64 212.1702 206.8395 201.3425 197.4026 194.8974 194.3194 193.747 190.0408 185.6 184.5 182.45 183.1146 181.3 184.05 183.93 183.0238
-9999 -9999 -9999 -9999 -9999 -9999 159.5926 159.7125 162.6622 -9999 167.4189 170.1325 171.41 170.7778 174.24 -9999 188.03 195.47 200.98 203.48 205.85 207.78 211.54 212.53 216.87 218.93 222.19 221.44 229.19 233.64 234.88 232.67 234.98 242.08 242.94 239.46 238.19 239.15 243.87 240.76 241.66 241.64 237.02 229.89 229.53 229.41 232.36 238.8 239.15 232.81 238.91 232.14 226.94 235.13 238.79 233.91 228.25 230.73 220.5 220.5 211.74 211.74 207.79 204.31 204.23 198.5 196.28 195.19 200.56 204.28 201.64 199.34 194.02
-9999 -9999 -9999 -9999 -9999 -9999 161.8493 163.43 166.89 167.91 174.49 184.31 186.85 184.96 184.36 188.04 196.31 199.87 204.4 207.13 209.59 211.85 214.44 216.53 220.06 223.23 228.07 230.16 234.15 238.54 237.3 237.45 243.95 248.13 247.77 246.4 248.32 254.02 253.59 254.94 256.48 251.38 258.83 250.95 241.72 250.71 252.72 247.67 250.02 251.31 258.54 250.63 249.58 255.38 260.31 253.93 256.72 254.5 236.65 240.31 233.87 226.38 221.8 224.66 217.99 210.21 212.51 211.39 211.03 223.09 230.51 217.47 207.71
-9999 -9999 -9999 -9999 155.4839 160.76 164.44 170.09 175.7 178.99 187.29 190.88 192.78 197.06 197.03 200.35 202.69 205.13 208.46 210.06 213.56 215.98 217.62 221.3 225.42 229.35 234.12 236.18 240.21 242.49 245.56 244.6 250.07 253.05 254.06 255.43 258.25 261.39 260.77 264.64 263.55 266.59 264.41 264.3 259.89 263.05 262.66 262.74 267.27 266.63 264.73 266.47 265.93 261.76 264.98 264.89 262.88 252 242.94 245.38 255.41 247.95 242.83 241.48 238.53 225.6 233.35 224.98 226.94 239.44 242.04 236.84 232.37
-9999 -9999 -9999 154.8041 158.56 165.8 168.8 174.41 178.72 185.63 189.66 195.11 196.44 200.89 203.22 203.76 205.64 208.66 212.43 214.9 216.64 219.57 222.99 227.12 231.63 234.68 239.46 242.37 244.27 246.75 247.67 251.23 256.04 259.3 260.29 262.1 264.94 265.71 267.76 270.42 270.39 273.56 272.39 272.63 272.21 274.99 274.77 275.46 275.6 275.37 274.95 275.04 273.6 271.94 271.91 271.87 271.88 268.81 265.93 261.65 262.91 266.3 261.35 254.38 250.32 247.01 246.2 243 243.08 241.31 236.2 235.58 234.53
-9999 -9999 -9999 154.6824 161.4343 166.4 170.33 174.36 178.44 185.16 190.68 196.23 202.88 206.86 208.06 208.11 207.38 210.84 214.72 218.2 220.61 225.05 228.83 231.55 235.24 238.3 242.75 246.46 250.1 250.55 253.95 258.62 260.26 262.5 265.31 267.86 269.84 271.91 274.51 274.85 276.26 277.85 279.4 279.65 281.5 282.5 282.07 283.62 281.31 281.45 281.56 280.84 279.42 277.91 277.45 277.08 276.57 275.6 274.45 271.07 269.24 271.79 268.96 261.17 257.8 255.11 252.92 251.69 249.82 248.16 243.09 237.86 239.05
-9999 -9999 -9999 -9999 158.7069 167.02 168.73 171.73 178.17 180.71 184.66 197.24 208.69 207.79 209.08 209.4 209.75 211.98 214.74 219.99 225.06 228.9 232.62 236.26 237.77 242.29 246.82 251.2 253.92 257.22 259.41 261.85 263.99 267.06 270.95 272.41 274.21 276.22 276.99 279.5 280.65 281.79 285.19 287.73 286 288.78 289.69 290.56 289.08 290.04 288.78 287.69 285.97 286.05 284.3 283.87 282.54 281.02 279.33 277.24 274.32 272.65 270.64 267.64 265.91 263.01 262.7 257.64 257.9 253.59 254.19 251 246.61
-9999 -9999 -9999 -9999 156.875 160.8125 161.9242 164.967 181.94 180.52 183.48 189.09 199.32 202.91 207.57 211.87 211.7 214.2 219.96 224.22 229.49 233.75 237.44 241.01 244.13 247.34 251.92 255.99 259.28 261.47 264.91 265.23 270.25 273.08 276.76 278.62 279.45 280.14 281.58 284.29 288.18 289.73 292.51 294.78 297.19 297.05 299.6 299.37 298 297.48 296.16 293.76 292.58 291.45 289.66 288.58 287.09 286.41 284.79 283.25 280.73 277.87 274.61 272.59 272.26 268.45 267.33 268.13 264.83 264.19 265.25 260.06 259.02
-9999 -9999 -9999 -9999 -9999 -9999 169.6739 167.27 174.2 174.8 182.39 193 198.98 208.92 212.52 214.72 217.28 219.72 225.12 229.9 232.99 237.55 241.81 244.93 248.89 252.77 256.04 258.36 260.6 264.72 269.22 271.38 276.38 278.78 281.74 284.35 285.29 287.45 290.56 291.96 293.57 295.62 298.63 302.39 305.31 306.23 307.7 306.54 305.1 303.09 302.66 300.2 299.4 297.61 296.55 295.28 293.76 293.09 290.89 289.93 286.38 284.92 282.13 281.96 280.33 279.31 276.86 275.55 272.82 272.86 273.67 270.27 264.02
-9999 -9999 -9999 -9999 -9999 155.3559 163.5532 -9999 -9999 175.36 179.79 194.14 205.52 211.8 215.57 218.4 220.03 224.37 228.5 232.93 237.94 242.83 245.6 249.84 253.59 257.34 259.67 262.31 264.89 267.24 272.88 277.28 279.69 282.31 285.87 288.78 291.36 292.75 295.27 297.53 300.25 304.11 306.48 308.87 312.12 314.56 315.4 313.4 312.22 309.6 308.11 306.62 306.56 303.67 303.3 302 301.25 299.83 297.27 295.95 293.63 290.58 289.14 288.59 287.76 286.78 285.07 283.75 281.45 280.36 278.48 274.62 270.76
-9999 -9999 -9999 -9999 -9999 -9999 -9999 159.5 163.4458 168.56 179.77 193.48 204.39 211.86 217.05 221.17 224.55 228.35 232.29 237.36 242.59 246.94 250.97 255.08 258.35 262.09 264.08 266.87 268.69 271.68 276.75 280.85 283.38 286.91 291 294.53 295.13 296.07 297.44 301.18 305.96 307.74 311.21 313.95 317.82 320.33 320.89 317.83 315.6 314.14 312.17 312.57 311.04 308.48 308.24 308.39 306.22 305.14 303.46 301.44 299.84 297.19 294.83 293.01 292.41 290.79 290.18 289.97 288.35 286.78 283.75 283.23 283.8
-9999 -9999 -9999 -9999 -9999 -9999 -9999 159.3958 164.3804 175.1124 174.85 190.44 207.27 214.44 218.55 222.83 228.23 233.83 238.83 243.31 247.94 250.96 256.38 259.9 262.55 264.27 267.45 271.29 273.33 277.49 280.07 285.94 288.77 291.47 290.82 294.47 294.79 296.93 302.68 306.68 309.18 312.23 315.62 318.07 321.53 322.16 323.01 320.25 320.23 319.15 318.23 318.18 316.3 314.03 313.81 314.3 312.72 311.14 309.78 307.98 306.18 304.02 302.28 300.04 299.05 297.6 297.52 296.73 294.81 292.89 291.35 291.87 291.35
-9999 -9999 -9999 -9999 -9999 -9999 -9999 -9999 -9999 173.3529 177.7097 190.72 205.06 215.24 220.93 226.59 233.41 239.98 246.18 251.99 254.49 252.68 254.59 260.25 264.23 265.72 269.33 275.79 279.03 278.99 281.79 287.82 288.05 289.57 293.8 291.55 293.73 299.07 305.95 310.2 313.55 316.41 318.82 320.63 322.47 324.62 325.75 324.16 325.06 324.2 322.88 322.98 321.03 319.47 319.45 319.88 318.72 317.35 316.46 314.95 313.23 310.92 308.63 306.37 305.97 305.14 304.38 302.93 301.3 299.04 297.22 297.91 297.85
-9999 -9999 -9999 -9999 -9999 -9999 -9999 -9999 165.9872 176.8333 -9999 194.4 207.1 215.81 220.47 228.97 236.62 243.66 248.08 255.88 258.69 256.98 259.6 258.85 260.43 264.07 266.71 277.29 281.08 282.07 281.21 284.23 286.37 288.84 294.08 299.8 302.03 300.83 306.59 313.09 317.29 319.03 321.33 323.63 325.07 327.13 328.23 327.37 328.19 327.8 326.1 325.95 324.64 323.95 323.68 323.31 323.81 323.16 321.97 320.72 319.12 317.02 314.74 312.68 311.2 311.42 309.45 307.76 306.92 306.05 304.56 303.75 305.09
-9999 -9999 -9999 -9999 -9999 -9999 -9999 -9999 -9999 175.7692 184.91 195 204.56 217.7 224.87 234.03 241.85 247.26 252.14 254.09 257.18 259.25 263.55 260.93 259.03 261.44 263.48 274 282.91 282.61 283.14 283.25 281.83 286.47 292.71 296.93 300.36 306.41 310.7 316.09 318.84 321.38 324.05 325.54 327.7 328.35 328.43 329.31 330.41 330.59 329.62 329.4 328.76 328.81 328.49 328.17 328.01 328.96 328.58 327.51 325.94 323.96 321.39 319.37 318.18 315.33 313.49 313.62 313.07 311.86 310.65 310.23 311.52
-9999 -9999 -9999 -9999 -9999 -9999 -9999 -9999 169.8571 184.49 185.12 196.62 207.48 221.16 231.17 236.55 239.41 239.9 246.6 249.43 254.84 261.45 264.21 264.4 265.08 265.16 270.68 277.63 284.25 283.01 283.09 282.89 287.01 297.12 302.71 305.32 308.15 312.19 316.5 319.12 321.93 324.19 326.42 328.51 328.82 330.83 330.9 332.18 332.49 332.64 332.59 332.18 333.2 333.28 332.65 332.6 332.39 332.88 333.92 334.34 332.97 330.65 327.54 325.44 322.29 320.82 318.95 317.73 316.8 317.14 316.52 316.34 315.6
-9999 -9999 -9999 -9999 -9999 -9999 -9999 174.1111 179.83 182.16 188.64 199.15 211.38 222.16 227.66 226.98 228.51 235.07 243.08 251.39 257.48 262.25 267.59 266.9 275.62 273.25 277.23 281.83 283.23 285.72 286.78 287.46 291.23 302.58 306.94 309.89 312.62 315.46 318.73 320.99 323.51 326.79 328.88 329.02 330.84 332.27 333.15 333.72 334.88 335.16 335.2 335.4 335.82 335.63 336.5 336.35 337.01 337.76 338.58 339.36 337.37 334.35 331.07 329.75 327.82 325.86 323.94 322.4 320.48 319.41 319 319.78 319.56
-9999 -9999 -9999 -9999 -9999 -9999 -9999 173.5833 174.87 183.41 193.74 207.98 216.18 222.67 221.54 230.15 238.16 245.87 247.03 244.93 247.67 257.14 262.64 270.85 280.82 280.34 281.06 287.46 289.09 290.85 294.56 296.52 296.05 306.74 309.28 311.39 314.38 317.51 320.26 323.21 326.05 328.23 329.54 331.36 332.93 334.58 334.84 336.36 335.43 336.15 335.98 337.38 337.67 337.42 337.98 337.91 339.38 340.72 341.64 341.4 339.56 337.04 334.48 332.17 330.24 328.34 326.5 326.39 324.99 324.19 323.67 323.52 323.43
-9999 -9999 -9999 -9999 -9999 -9999 -9999 172.2121 179.2841 190.51 198.84 209.25 216.8 225.22 231.42 238.14 244.68 240.91 237.22 242.32 246.05 252.07 265.93 273.46 282.71 283.21 282.77 289.26 293.97 294.64 297.43 302.39 305.36 310.54 312.05 314.32 316.86 318.75 321.17 323.89 326.95 328.67 330.97 332.82 334.61 336.18 337.23 336.49 337.56 337.26 338.5 338.67 338.89 340.1 340.79 341.27 341.92 342.36 342.43 341.63 340.66 339.73 337.85 335.68 333.97 331.9 330.34 329.2 327.88 327.12 327.35 327.4 327.72
-9999 -9999 -9999 -9999 -9999 -9999 -9999 -9999 182.83 193.15 196.71 207.67 215.64 224.99 232.91 232.69 233.91 233.47 244.75 244.41 249.65 254.82 264.12 275.28 285.78 285.89 284.24 292.32 295.83 299.07 300.43 301.56 309.14 311.78 313.01 316.44 317.88 320.34 323.2 325.81 328.46 329.87 331.88 333.36 335.38 337.1 337.7 338.83 339.41 340.58 340.06 340.08 341.63 342.31 342.39 342.16 342.62 343.5 343.01 343.07 342.24 340.86 338.92 337.25 335.38 333.83 332.14 332.05 331.31 330.35 329.83 329.66 330.12
-9999 -9999 -9999 -9999 -9999 -9999 -9999 -9999 181.2778 189.1735 199.57 209.6 218.85 226.48 234.13 239.03 244.15 250.5 248.85 247.75 251.08 261.86 274.32 282.34 284.91 282.6 289.91 295.13 298.46 300.31 300.72 300.64 309.14 311.85 315.19 317.54 318.87 321.48 324.46 327.12 329.72 331.99 334.03 335.81 337.42 338.31 339.01 340.4 340.42 341.62 341.8 343.35 343.49 343.46 343.27 344.38 343.98 343.48 343.63 343.35 342.64 341.32 339.84 338.68 337.44 336.38 334.51 333.51 332.86 332.18 331.74 332.02 333.14
-9999 -9999 -9999 -9999 -9999 -9999 -9999 -9999 181.75 191.1 201.28 209.77 216.19 225.65 234.97 243.51 248.8 243.73 246.41 254.34 265.88 270.75 279.38 285.29 278.37 288.49 294.03 298.75 300.86 301.21 303.06 304.68 309 312.68 315.8 318.8 320.75 322.93 325.42 328.3 330.91 333.14 335.47 337.06 338.71 339.65 340.14 341.07 341.57 343 342.86 343.82 344.16 344.01 345.04 344.76 344.19 344.12 344.05 343.55 342.6 342.47 341.31 339.83 338.36 337.48 335.94 335.33 334.91 334.27 333.68 334.96 334.28
-9999 -9999 -9999 -9999 -9999 -9999 -9999 -9999 -9999 192.52 200.29 208.28 217.64 227.97 236.67 244.55 247.06 254.19 259.91 264.97 274.14 267.66 275.46 273.22 281.67 291.88 297.26 299.42 302.34 302.92 305 307.84 311.5 313.85 316.64 320.11 321.93 323.9 326.96 329.65 332.15 333.09 336.46 338.34 340.17 340.8 341.07 342.35 342.56 343.96 344.5 345.51 345.36 345.16 345.85 345 344.99 344.81 344.37 344.91 343.81 343.15 342.04 340.66 339.58 338.64 337.43 336.89 336.47 335.98 336.02 336.16 336.41
-9999 -9999 -9999 -9999 -9999 -9999 -9999 -9999 -9999 191.81 201.53 209.4 219.33 228.21 236.55 244.82 250.55 256.21 265.46 268.96 263.36 265.62 270.85 280.67 289.22 292.11 294.9 301.09 302.7 301.91 300.74 309.36 312.67 315.14 317.56 321.07 323.39 324.69 328.63 330.62 332.92 334.52 336.5 338.77 340.58 342.1 342.55 343.58 343.89 345.3 345.35 346.27 346.07 347.09 346.44 346.11 345.85 345.52 345.09 344.92 344.25 343.51 342.4 341.21 340.3 339.17 338.34 337.69 337.34 337.36 336.62 337.52 338.02
-9999 -9999 -9999 -9999 -9999 -9999 -9999 -9999 -9999 191.798 200.94 209.07 218.98 228.04 236.9 245.81 251.08 258.26 266.64 268.05 253.77 274.75 277.49 282.59 291.87 296.01 298.98 300.66 303.13 305.32 306.42 311.43 313.07 314.4 316.27 319.82 324.36 326.06 328.48 331.25 333.45 335.13 337.67 339.5 341.18 342.87 343.32 344.53 344.66 345.84 345.76 346.85 346.88 346.87 347.25 346.97 346.84 346.51 345.57 345.97 344.95 343.9 342.5 341.72 340.72 339.85 339.21 338.77 338.45 337.44 337.67 337.97 339.69
-9999 -9999 -9999 -9999 -9999 -9999 -9999 -9999 -9999 192.4304 201.26 211.32 220.56 229.48 237.74 245.33 251.86 259.29 261.72 261.6 275.66 286.31 282.72 291.87 289.61 296.2 294.56 298.39 304.64 306.17 308.96 311.6 313.95 313.75 318.03 321.37 324.7 327.02 329.59 331.83 334.52 336.24 338.51 340.38 342.05 344.04 345.34 344.31 345.5 346.92 346.4 347.39 347.94 347.74 348.6 348.48 348.15 347.14 346.54 346.33 345.3 344.28 342.99 342.13 341.09 340.21 339.79 339.64 338.49 338.66 338.84 339.58 339.71
-9999 -9999 -9999 -9999 -9999 -9999 -9999 -9999 -9999 193.283 202.08 211.89 220.17 229.15 236.91 243.58 251.33 255.62 261.03 264.98 279.32 285.77 287.78 291.61 293.89 294.29 293.2 296.09 304.22 306.44 306.92 311.36 312.55 315.28 318.18 322.27 324.19 326.12 330.38 332.91 335.4 336.45 339.47 341.33 343.38 344.46 345.26 346.09 346.18 346.36 347.22 347.33 348.62 348.52 348.49 349.37 348.26 347.39 346.74 345.5 344.81 344.71 343.47 342.72 341.46 340.89 340.63 340.38 339.37 339.45 340.03 340.11 339.46
-9999 -9999 -9999 -9999 -9999 -9999 -9999 -9999 -9999 -9999 202.7312 211.04 219.06 228.7 236.48 242.4 250.93 257.51 265.15 267.97 277.33 281.73 285.14 289.4 291.98 295.57 298 301.23 305.88 304.93 307.7 311.33 314.38 315.51 317.85 321.07 325.1 326.62 329.56 333.66 336.46 339.34 340.17 342.39 344.12 345.76 346.67 347.32 347.04 346.96 347.97 348.35 348.23 349.11 349.01 348.76 348.6 348.19 347.52 346.37 345.52 344.4 342.8 342.03 340.73 339.91 340.64 340.73 341.16 340.39 339.95 340 341.13
-9999 -9999 -9999 -9999 -9999 -9999 -9999 -9999 -9999 -9999 200.3571 210.54 217.45 226.72 235.11 242.27 245.05 253.8 251.44 259.08 272.29 274.06 279.89 281.72 283.64 287.73 295.73 298.48 305.04 306.81 308.96 312.4 314.7 315.87 317.8 321.44 324.45 327.7 330.29 333.19 336.14 339.81 342.52 344.13 346.13 347.97 347.45 347.2 347.66 348.27 347.75 348.9 349.09 349.08 349.95 349.72 349.18 349.14 348.3 347.4 346.26 344.78 343.77 342.2 340.75 340.16 340.32 339.02 339.59 340.21 341.3 342.11 342.22
