layers/wordclim/future/Iberia_wcB2a_10_hadcm3_2080/bio_13.asc
ncols         166
nrows         93
xllcorner     -9.4959440078468
yllcorner     36.000324005443
cellsize      0.083333337679505
NODATA_value  -9999
[rows 34 to 67 of 93, columns 0 to 75 of 166]
-9999 -9999 -9999 -9999 -9999 -9999 -9999 -9999 -9999 -9999 169.9898 176.62 181.45 193.38 222.97 223.23 220.97 202.81 208.12 214.45 226.24 227.1 221.29 206.85 204.66 199.46 177.71 152 142.34 142.66 138.6 127.29 116.72 114.17 110.03 105.08 99.76 96.41 91.29 87 83.7 80.57 76.33 73.51 70.8 67.27 62.74 57.37 52.23 51.05 50.97 50.53 51.58 50.63 49.44 49.06 48.24 49.02 50.01 51.02 53.21 54.46 56.76 60.29 64.65 69.87 87.76 73.12 78.69 75.24 69.04 65.93 63.35 62.78 63.43 61.68
-9999 -9999 -9999 -9999 -9999 -9999 -9999 -9999 -9999 -9999 163.0674 166.85 173.57 202.45 193.75 206.36 203.78 183.93 191.39 202.56 211.01 210.09 204.98 202.13 196.7 195.14 173.36 154.78 149.74 138.39 137.39 133.54 122.17 113.29 110.53 107.12 102.02 96.67 92.68 88.43 85.15 82.66 79.14 77.04 73.81 70.78 66.48 58.76 55.83 53.77 52.21 52.1 53.29 53.51 52.49 50.05 50.17 49.43 49.94 50.84 53.01 55.08 58.37 64.26 78.73 81.09 89.36 82.83 71.93 66.87 65.46 63.35 63.37 64.38 63.12 60.02
-9999 -9999 -9999 -9999 -9999 -9999 -9999 -9999 -9999 159.0811 158.337 161.07 165.52 169.85 189.92 187.77 195.2 185.99 195.48 198.26 191.91 189.04 186.44 187.43 183.45 173.71 164.65 159.66 157.97 148.59 139.11 136.73 125.99 116.36 109.03 108.59 104.56 97.61 94.16 91.57 88.03 84.09 82.82 81.08 77.58 70.89 64.57 60.97 59.03 57.42 56.55 57.1 59.75 58.43 58.62 57.73 56.11 51.93 51.45 51.92 59.7 60.65 66.33 69.37 68.72 65.49 66.63 66.17 66.42 68.05 65.61 63.38 63.88 63.89 62.82 58.26
-9999 -9999 -9999 -9999 -9999 -9999 -9999 -9999 -9999 154.8108 157.6701 156.5 156.74 164.85 180.94 205.67 215.55 185.3 179.99 180.12 180.33 183.92 186.67 177.94 166.23 165.55 165.72 178.99 165.85 154.1 146.51 137.51 129.34 116.55 107.15 103.92 102.36 101.12 98.86 96.14 93.54 92.16 85.51 79.4 75.61 71.19 67.3 64.89 63.52 64.11 65.95 65.89 69.34 68.15 64.47 60.14 54.63 52.5 54.05 57.46 61.64 66.43 66.33 71.42 63.98 61.72 65.33 66.41 64.79 65.4 64.6 64.08 65.19 63.51 62.12 57.65
-9999 -9999 -9999 -9999 -9999 -9999 -9999 -9999 -9999 153.08 154.43 152.66 151.79 156.65 181.66 210 170.59 169.74 167.94 173.71 172.93 172.68 168.51 176.87 209.09 209.84 190.68 181.6 169.15 158.34 146.47 141.86 130 116.89 110.19 104.74 101.86 107.14 108.29 112.2 99.08 92.44 83.03 78.15 77.21 74.52 69.72 68.75 69.28 68.07 66.47 71.32 80.19 68.03 61.6 61.79 63.74 62.93 59.26 53.48 55.5 54.77 57.76 61.89 59.85 61.47 61.96 62.98 64.46 66.82 66.23 65.69 66.54 64.24 61.38 62.88
-9999 -9999 -9999 -9999 -9999 -9999 -9999 -9999 148.0484 150.07 151.16 151.52 148.61 157.93 170.15 166.9 162.38 160.91 164.01 164.51 171.93 176.36 214.17 259.83 231.38 203.47 180.04 182.1 166.94 155.26 148.72 143.71 128.96 119.78 117.39 111.42 106.88 106.96 103.74 99.74 94.22 78.23 75.04 76.94 74.08 77.88 74.96 69.91 68.17 70.2 80.73 89.46 87.96 82.29 83.09 74.95 62.71 55.69 52.12 52.38 51.98 52.32 55.38 57.07 57.93 58.85 60.45 64.38 65.12 67.16 67.61 66.21 66.34 64.91 65.5 65.74
-9999 -9999 -9999 -9999 -9999 -9999 -9999 -9999 144.7363 146.44 147.64 149.45 148.04 158.69 158.54 150.87 153.45 156.29 162.8 171.75 176.9 219.79 285.85 258.89 193.06 164.41 157.06 168.91 167.65 158.7 155.29 146.22 137.71 127.92 119.79 115.68 119.96 109.05 102.16 85.98 77.97 76.36 79.83 78.54 85.01 103.53 93.37 74.85 75.73 88.48 91.68 88.88 86.4 74.99 71.78 64.17 61.36 63.62 65.19 59.64 52.06 52.71 53.89 54.63 55.26 58.12 59.99 64.01 66.28 65.55 67.3 66.16 65.5 67.15 67.09 65.64
-9999 -9999 -9999 -9999 -9999 -9999 -9999 -9999 141.86 143.89 146.05 145.9 144.7 155.49 154.34 148.1 153.33 156.76 162.76 176.96 187.09 209.57 257 244.72 167.95 153.14 154.62 155.35 159.93 164.37 161.14 158.77 143.65 131.03 128.22 114.66 105.28 94.86 88.16 81.48 74.87 77.04 77.24 79.25 105.84 118.15 92.87 85.52 92.05 99.49 108.58 98.6 88.26 70.19 72.42 71.72 57.75 50.76 52.24 53.34 54.07 53.77 53 53.5 55.74 58.27 60.16 63.12 64.77 65.1 64.95 64.18 65.83 67.56 66.1 63.98
-9999 -9999 -9999 -9999 -9999 -9999 -9999 139.7671 139.29 137.17 138.97 138.82 140.53 148.98 149.26 152.36 154.03 163.64 187.47 214.78 223.86 186.51 173.15 163.87 156.32 155.67 146.8 145.02 145.3 144.75 128.61 119.28 134.82 113.91 102.59 95.26 90.23 90.62 82.36 77.25 74.05 70.91 82.1 100.32 84.47 94.35 116.63 110.56 105.24 74.94 83.47 74.6 59.15 52.74 55.26 49.78 50.49 51.22 52.69 54.24 52.24 51.2 52.31 54.38 56.8 58.05 58.95 62.64 63.43 64.12 63.88 63.84 64.4 65.02 64.63 64.2
-9999 -9999 -9999 -9999 -9999 -9999 -9999 -9999 132.2386 134.89 135.63 136.22 143.71 147.1 145.15 165.76 181.27 191.88 192.73 203.17 193.65 170.45 173.81 172.91 162.97 151.34 136.42 132.74 131.38 122.18 113.69 109.97 108.59 100.36 91.58 89.78 89.25 86.82 80.4 77.26 74.32 75.47 84.9 81.45 88.92 75.91 71.34 68.09 61.77 54.87 53.92 52.41 52.07 52.66 52.24 52.54 54.89 56.48 52.17 51.15 51.09 52.39 53.8 55.13 56.8 57.16 59.22 60.96 61.68 63.5 62.26 62.59 64.46 65.82 65.32 62.68
-9999 -9999 -9999 -9999 -9999 -9999 -9999 129.6933 132.75 132.17 131.87 143.26 149.38 147.72 178.8 197.27 184.7 175.76 176.43 169.85 162.84 181.8 165.65 174.02 147.14 136.12 132.57 126.53 127.21 125.16 118.9 105.16 99.39 92.44 90.23 88.8 85.58 81.66 77.01 74.3 74.59 74.97 74.09 73.63 71.03 63.41 60.65 57.25 55.94 55.13 54.32 53.8 53.63 53.09 52.83 53.36 52.6 51.6 51.31 51.55 52.49 53.29 54.13 55.86 55.82 56.21 58.1 58.13 60.57 60.89 60.39 61.76 62.08 62.59 61.68 61.85
-9999 -9999 -9999 -9999 -9999 -9999 -9999 127.5 131.59 130.85 131.82 147.39 145.96 149.82 167.35 165.53 157.71 162.36 175.95 176.46 176.05 165.55 141.49 142.89 138.92 129.53 126.2 119.71 117.99 113.99 108.07 102.49 101.6 94.58 90.28 86.7 83.58 79.48 76.75 77.63 77.28 73.85 68.94 65.56 63.11 61.35 60.11 58.18 57.78 56.26 55.44 54.89 54.32 54.22 53.98 53.01 52.93 52.64 52.28 53.67 54.43 54.5 54.62 54.22 54.39 56.14 56.5 56.62 58.5 59.88 62.13 64.05 64.97 64.91 64.29 64.46
-9999 -9999 -9999 -9999 -9999 -9999 121.8254 121.81 127.97 132.39 132.7 140.64 139.84 147.52 148.54 146.31 156.2 167.99 176.39 186.76 160.83 142.38 133.56 135.51 133.9 126.05 114.15 112.19 110 111.06 106.33 101.41 97.79 95.25 90.33 88.24 85.79 82.52 82.7 82.89 77.28 73.1 68.11 65.75 64.54 62.61 61.4 61.92 59.46 58.42 58.16 58.13 56.73 56.11 54.58 55.33 56.13 55.21 54.54 53.83 54.18 54.74 54.8 55.2 55.77 56.26 56.48 57.45 58.76 59.76 62.33 63.68 64.1 64.02 63.94 63.97
-9999 -9999 -9999 -9999 -9999 -9999 121.102 120.77 124.23 130.51 138.05 137.28 133.74 141.78 139.74 140.64 143.01 149.19 161.68 164.48 143.04 135.11 132.74 132.02 123.91 114.3 113.66 110.72 111.66 107.48 104.17 101.8 97.51 92.67 89.88 88.55 86.58 86.24 81.26 77.02 75.24 72.03 71.08 69.52 67.57 64.57 65.15 64.78 61.58 61.31 60.5 59.94 57.68 58.04 57.92 57.77 58.6 58.25 57.44 57.56 57.18 55.61 57.19 58.56 58.85 60.45 61.19 60.93 60.59 61.31 61.29 61.84 62.73 63.03 63.3 63.27
-9999 -9999 -9999 -9999 -9999 118.4107 120.84 122.58 122.82 131.2 133.37 129.63 127.46 132.84 139.18 134.61 140.94 141.4 143.97 137.92 129.35 129.48 125.36 121.05 119.87 120.52 116.83 111.61 111.58 107.16 101.92 99.05 99.18 97.12 92.84 86.98 82.3 81.22 80.3 79.96 77.95 75.13 74.56 73.62 73.96 73.78 71.66 68.74 68.52 67.99 66.35 63.36 62.84 62.89 64.63 63.43 62.78 62.06 62.86 61.49 61.19 60.25 61.17 62.45 61.52 62.61 62.5 62.43 63.33 63.13 62.8 62.32 62.49 63.02 62.72 62.68
-9999 -9999 -9999 -9999 -9999 115.6829 115.82 121.38 129.03 141.34 132.21 127.86 125.9 124.83 130.84 130.82 135.62 139.9 138.74 130.45 124.85 122.59 119.45 121.28 121.84 118.44 113.87 115.38 109 105.73 104.16 101.61 100.68 98.21 95.87 90.39 85.41 81.61 80.26 79.27 77.92 75.59 75 74.4 74.23 74.06 74.6 75.13 74.02 77.64 72.32 71.62 67.46 65.73 71.33 69.88 70.17 69.06 68.9 67.16 67.03 63.72 63.34 65.24 65.53 64.57 65.22 64.73 63.92 63.92 63 63 62.94 63.04 62 62
-9999 -9999 -9999 -9999 -9999 113.9394 115.56 133.27 140.25 138.32 135.98 121.59 120.08 120.12 124.87 127.55 127.58 127.8 127.28 126.29 121.97 125.32 123.43 125.4 120.7 120.1 118.53 119.1 115.9 107.52 100.9 100.05 98.29 95.18 93.72 90.79 88.18 82.38 81.92 79.62 78.06 77.68 76.95 77.05 76.76 77.11 75.95 75.32 82.99 81.87 82.4 74.45 73.06 69.45 69.39 71.95 72.13 71.29 76.53 69.85 73.9 71.72 70.51 69.26 69.08 68.92 67.07 64.45 63.94 63.59 63.1 63.01 62.95 62.1 61.99 61.48
-9999 -9999 -9999 111.3095 110.53 113.26 121.23 130.48 128.32 120.85 117.62 116.31 115.32 117.85 118.18 117.03 117.43 117.96 122.33 123.12 126.12 125.54 126.37 126.91 129.28 125.59 121.51 118.12 118.67 112.1 104.17 99.53 95.94 92.75 90.66 89.45 87.75 86.85 84.45 83.04 79.84 78.73 78.35 79.22 80.06 85.67 81.11 79.58 84.34 87.77 76.73 72.51 71.16 70.99 68.21 68.05 67.28 68.62 70.01 68.38 69.94 68.45 66.7 65.96 71.29 74.09 71.2 68.01 65.69 65.47 63.64 63.06 62.82 61.95 61.41 61.59
-9999 -9999 110.9063 109.9419 111.27 112.58 118.55 114.6 115.37 116.34 113.94 112.69 114.67 121.57 120.98 119.6 119.15 122.07 122.81 122.55 121.63 122.39 125.03 126.86 137.02 141.89 133.76 127.02 118.94 113.8 109.21 104.54 98.38 97.88 94.22 89.28 86.69 85.98 84.8 84.1 82.14 82.07 82.02 80.96 80.27 85.1 85.62 82.78 79.86 77.78 75.2 71.8 71.96 69.92 68.99 68.04 68.8 69.29 69.95 72.22 72.63 72.48 68.49 69.26 70.28 70.15 71.34 68.83 66.7 67.71 68.73 64.9 62.49 61.9 61.05 61.03
-9999 -9999 112.57 112.33 111.58 113.12 114.15 112.3 113.7 113.79 111.71 111.71 115.97 118.19 119.33 119.63 119.5 117.79 117.99 118.26 116 118.12 118.39 121.19 127.92 141.88 138.59 121.36 110.51 108.23 104.26 98.97 95.3 96.05 92.14 90.78 90.52 86.1 86.53 86.9 84.9 84.1 84.02 80.68 78.12 78.84 76.14 76.25 75.21 77.5 76.03 72.65 72.11 71.09 74.49 72.32 71.33 72.4 71.1 71.03 71.11 68.12 67.13 68.11 71.19 69.89 67.76 68.35 69.88 68.83 70.68 65.01 62.78 62.03 61.09 61
-9999 -9999 112.02 112.29 113.68 124.7 114.84 114.24 113.46 111.45 110.92 113.58 115.3 115.47 115.89 117.66 115.63 112.98 115.88 114.96 113.12 114.25 117.59 118.03 117.2 120.37 120.9 115.97 106.76 102.31 102.88 95.57 94.26 93.35 92.64 92.13 90.84 89.29 88.34 87.06 91.23 86.51 80.88 79.98 78.04 78.19 76.62 76.5 76.15 76.21 77.12 76.05 74.2 74.39 75.55 77.33 75.52 74.08 72.32 73.36 74.92 71.5 68.75 67.46 70.45 69.44 67.47 65.47 64.96 66.59 65.07 62.66 62.08 62 61.93 61.1
-9999 114.2969 114.29 117.74 124.42 119.7 114.49 114.73 112.1 110.6526 111.76 112.55 114.23 114.47 115.21 114.34 111 112.9 112.67 110.26 110.67 111.06 112.6 115.24 114.73 112.9 108.6 107.52 102.14 97.6 96.6 93.09 92.83 92.12 91.31 89.94 87.87 86.96 88.46 86.59 84.52 81.1 80.34 79.44 78.65 78.64 78.16 77.64 77.42 78.09 78.65 77.57 79.22 79.25 78.71 79.24 80.28 77.28 75.72 77.07 77.49 75.06 72.52 70.19 70.9 70.04 66.7 65 64.51 64.09 64 64 63.86 62.54 63 62.7
-9999 123.01 123.85 127.25 130.05 124.7 114.2872 111.9889 111.5977 111.65 112.43 113.17 113.19 111.71 111.09 110.58 109.32 110.14 109.51 109.97 108.31 108.98 108.76 107.92 108.72 108.12 105.24 100.86 100.24 96.26 91.5 90.19 89.44 88.28 87.84 87.4 86.16 85.77 86.06 86.5 85.05 81.62 81.68 81.16 80.4 80.54 80.54 82.9 83.01 80.13 81.27 81.38 80.42 81.6 81.2 81.54 82.33 81.69 78.88 77.26 75.87 77.63 75.78 71.8 71.91 68.76 67.11 65.88 65.1 64.97 64.74 65.26 64.42 63.99 63.86 63.65
-9999 135.4286 139.72 138.5 138.26 127.6907 116 113.42 112.48 112.03 111.24 110.54 108.49 109.26 109.08 107.98 107.79 106.2 106.95 109.15 108.87 109.88 108.96 108.59 107.6 108.02 108.17 104.72 95.82 92.28 88.82 88.62 87.48 86.71 87.44 86.3 86.07 85.6 86.58 86.32 83.47 83.07 82.82 83.36 83.62 83.22 83.84 83.65 84.33 84.92 84.59 83.46 84.7 88.24 85.73 85.55 84.17 82.78 81.18 81.75 78.98 77.75 76.74 73.87 73.38 70.81 69.26 67.64 67.24 67.15 66.84 66.47 66.17 65.64 65.6 66.21
-9999 146.2 148.86 142.83 131.42 123.65 115.8395 114.73 113.37 112.55 113.24 111.75 110.35 110.53 108.18 107.52 107.58 106.31 106.49 106.72 107.05 107.68 112.8 112.58 109.99 106.38 109.64 103.92 94.22 88.98 87.5 88.27 87.7 87.28 87 86.83 86.97 87.92 86.93 86.26 86.37 86.57 86.78 87.98 88.55 88.52 88.64 86.92 87.54 87.78 88.44 87.2 86.67 88.51 86.2 87.01 86.99 86.62 87.36 86.09 82.26 79.98 80.86 78.28 74.81 73 71.93 70.59 70.76 70.19 69.72 70.77 69.68 67.5 67.01 67.26
147.3086 153.08 153.43 143.36 128.766 -9999 -9999 116.35 114.39 112.89 112.41 111.56 110.53 110.67 109.31 109.48 109.64 109.17 107.12 106.88 106.78 106.92 107.41 111.33 112.37 103.15 99.53 95.07 91.53 90.09 90.06 89.99 89.79 89.41 89.7 89.59 91.28 91.21 89.36 90.72 91.37 92.7 92.54 92.37 95.33 92.65 92.62 90.69 92.55 92.87 93.5 93.54 92.31 89.08 90.81 90.02 88.49 87.62 89.01 87.45 87.6 84.67 82.23 81.18 80.28 78.29 78.59 75.51 73.01 72.25 71.62 71.61 70.57 69.06 69.64 68.87
141.82 145.1127 143.2162 137.4545 128.4444 119.9583 117.809 116.13 114.07 113.08 113.28 111.66 110.88 109.39 109.61 111.04 111.29 111 108.17 107.23 106.41 105.55 108.7 107.85 103.46 102.89 94.86 93.12 93.33 92.79 92.69 92.73 91.91 91.97 91.97 91.91 92.67 94.11 92.65 91.89 93.94 96.51 98.09 96.18 96.48 96.66 96.35 97.57 97.78 100.11 98.75 97.13 94.88 93.11 92.77 91.55 90.57 90.63 90.68 89.74 89.98 89.83 87.83 85.02 83 82.47 83.69 80.71 75.56 74.84 74.61 72.73 72.1 71.43 71.19 70.73
-9999 -9999 -9999 132.027 126.3117 121.75 120.15 117.05 113.57 112.93 111.79 110.37 110.13 110.97 112.77 111.47 112.19 110.81 107.65 103.63 102.62 101.49 100.98 102.26 100.34 96.31 95.32 93.24 95.51 96.89 98.66 97.41 95.79 95.34 95.85 94.93 96.16 97.11 97.01 95.33 98.35 99.7 101.59 102.62 99.56 102.84 102.36 104.9 102.98 100.56 99.94 98.76 97.9 97.68 99.51 96.04 96.56 97.19 95.25 94.35 94.01 93.27 91.84 89.15 88.38 86.21 82.83 80.51 81.5 77.07 78.04 76.41 75.06 73.61 73.54 73.69
-9999 -9999 -9999 -9999 126.58 123.56 123.5152 116.9059 112.1978 111.4176 111.54 108.8 108.6 110.17 110.17 109.25 110.85 107.58 104.08 102.62 101.12 99.83 100.15 101.01 100.47 96.37 93.48 94.12 95.75 99.67 100.61 103.5 106.77 103.88 105.62 99.82 99.36 102.43 101.64 100.74 99.05 105.87 105.27 104.43 103.8 107.72 110.05 107.54 106.16 103.88 104.01 104.82 104.49 102.92 102.67 101.07 99.55 98.38 99.52 101.8 101.68 98.51 95.49 92.72 88.34 87.11 86.94 84.35 81.93 81.81 80.38 79.32 78.44 76.85 75.36 74.29
-9999 -9999 -9999 -9999 128.8148 127.5143 -9999 113.1176 -9999 110.0641 108.76 108.41 107.18 105.41 106.5 105.82 104.84 103.05 102.85 101.83 100.28 98.59 99.45 99.62 97.97 95.43 93.1 95.01 95.63 98.16 101.81 105.3 112.29 112.73 112.59 107.52 103.22 107.25 106.93 105.34 103.33 104.32 107.21 109.25 108.64 111.23 110.55 109.76 110.09 110.28 109.44 109.54 110.02 108.09 107.95 107.03 106.45 104.54 102.34 101.5 101.7 104.36 101.92 99.38 97.09 90.76 86.65 88.48 89.58 90 89.49 82.84 80.62 78.14 75.77 73.54
-9999 -9999 -9999 -9999 -9999 -9999 -9999 -9999 110.125 110.398 107.9579 106.42 105.18 105.65 103.75 106.7 104.93 103.57 103.42 105.23 102.18 100.84 98.44 98.23 95.54 93.61 94.96 95.1 96.63 99.42 101.01 106.17 109.92 101.88 104.32 106.25 108.53 109.44 109.88 111.53 109.51 109.44 111.85 111.41 112.69 112.84 113.31 114.01 115.47 115.01 114.77 115.98 114.79 113.38 113.5 112.73 111.23 110.09 108.68 106.63 103.49 102.77 99.81 99.99 98.28 96.1 88.41 91.3 89.12 88.01 88.34 84.39 81.85 77.25 73.85 72.29
-9999 -9999 -9999 -9999 -9999 -9999 -9999 -9999 -9999 109.79 109.02 108.02 104.68 103.81 101.2 102.95 102.93 104.3 103.88 102.5 103.18 105.31 101.67 97.63 95.98 93.78 94.94 95.7 96.68 97.95 100.55 103.61 101.22 100.96 103.49 104.24 107.85 110.2 113.37 114.66 115.99 115.23 116.03 115.86 116.83 117.31 116.39 118.41 118.74 117.84 117.89 117.53 120.07 121.02 117.41 116.67 116.37 114.11 112.55 111.28 109.72 107.7 105.12 99.34 100.09 96.85 91.88 90.44 88.5 85.17 83.27 80.95 77.11 74.51 73.27 74.03
-9999 -9999 -9999 -9999 -9999 -9999 -9999 -9999 -9999 110.72 110.94 107.28 105.24 104.12 101.21 101.47 100.9 101.91 101.88 103.27 103.02 102.45 100.86 97.81 95.6 96.02 94.98 96.55 96.77 97.01 97.81 102.07 106.81 113.7 113.68 110.5 109.29 113.14 115.62 113.93 115.78 119.61 120.7 119.99 118.3 118.17 116.62 118.5 122.63 123.9 124.97 122.84 121.42 122.08 122.71 119.81 117.45 117.15 116.13 113.05 110.9 108.82 108.4 101.63 100.51 97.69 93.11 94.26 87.06 83.61 81.56 79.64 75.57 75.71 76.52 75.03
-9999 -9999 -9999 -9999 -9999 -9999 -9999 -9999 106.4615 110.95 114.78 108.79 104.82 102.42 101.5 101.18 101.01 102.05 102.83 101.15 100.09 97.83 96.21 96.74 96.8 96.35 96.06 95.63 97.24 98.83 100.83 103.56 108.37 113.66 114.29 119.21 119.52 118.17 122.07 120.82 116.17 114.77 119.51 124.55 123.87 122.77 121.26 120.62 120.95 123.97 124.99 128.09 128.31 126.42 123.31 123.6 121.05 118.11 117.94 114.78 108.57 106.59 104.77 102.12 99.99 97.1 95.38 90.19 86.93 83.74 83.38 77.31 76.17 76.44 73.65 71.66
