layers/wordclim/future/Iberia_wcB2a_10_hadcm3_2080/bio_15.asc
ncols         166
nrows         93
xllcorner     -9.4959440078468
yllcorner     36.000324005443
cellsize      0.083333337679505
NODATA_value  -9999
[rows 0 to 33 of 93, columns 0 to 76 of 166]
-9999 -9999 -9999 -9999 -9999 -9999 -9999 -9999 -9999 -9999 -9999 -9999 -9999 -9999 -9999 -9999 -9999 52.41463 52.26389 51.68657 51.5 51.14773 50.91304 50.42424 -9999 -9999 -9999 -9999 -9999 -9999 -9999 -9999 -9999 -9999 -9999 -9999 -9999 -9999 -9999 -9999 -9999 -9999 -9999 -9999 -9999 -9999 -9999 -9999 -9999 -9999 -9999 -9999 -9999 -9999 -9999 -9999 -9999 -9999 -9999 -9999 -9999 -9999 -9999 -9999 -9999 -9999 -9999 -9999 -9999 -9999 -9999 -9999 -9999 -9999 -9999 -9999 -9999
-9999 -9999 -9999 -9999 -9999 -9999 -9999 -9999 -9999 -9999 -9999 -9999 -9999 -9999 -9999 -9999 52.90909 52.78947 52.66 52.41 52.14 51.73 51.16162 50.83 50.76 50.02062 -9999 -9999 -9999 -9999 -9999 -9999 -9999 -9999 -9999 -9999 -9999 -9999 -9999 -9999 -9999 -9999 -9999 41 41.07692 -9999 -9999 -9999 -9999 -9999 -9999 -9999 -9999 -9999 -9999 -9999 -9999 -9999 -9999 -9999 -9999 -9999 -9999 -9999 -9999 -9999 -9999 -9999 -9999 -9999 -9999 -9999 -9999 -9999 -9999 -9999 -9999
-9999 -9999 -9999 -9999 -9999 -9999 -9999 -9999 -9999 -9999 -9999 -9999 -9999 -9999 53.96296 53.41053 53.47475 53.25 53.11 53.08 52.59 52.16 51.89 51.42 51.07 50.43 50.05263 49.59494 48.98592 48.54546 47.7625 47.19048 46.84211 46.23376 45.40506 44.74242 44.15068 43.48611 42.97727 42.36082 41.82051 41.77381 41.48485 41.13 41.05 41.06493 40.5082 40.35 40.27119 -9999 -9999 -9999 -9999 -9999 -9999 -9999 -9999 -9999 -9999 -9999 -9999 -9999 -9999 -9999 -9999 -9999 -9999 -9999 -9999 -9999 -9999 -9999 -9999 -9999 -9999 -9999 -9999
-9999 -9999 -9999 -9999 -9999 -9999 -9999 -9999 -9999 -9999 -9999 -9999 -9999 -9999 -9999 -9999 54.05051 54.08 53.9 53.82 53.19 53.01 52.63 52.24 51.66 51.08 50.67 50.1 49.49 49.04041 48.38 47.68 46.94 46.3 45.71 44.85 44.31 43.62 42.95 42.29 42.05051 41.45 41.23 41.04 41 40.54 40.27 40.11 40.33 40.4 40.54 40.34615 40.75641 41.20339 41.44 -9999 -9999 -9999 -9999 -9999 -9999 -9999 -9999 -9999 -9999 -9999 -9999 47.20548 -9999 47.98413 47.89583 48.08046 48.56522 -9999 -9999 -9999 -9999
-9999 -9999 -9999 -9999 -9999 -9999 -9999 -9999 -9999 -9999 -9999 -9999 -9999 -9999 54.83582 54.66667 54.59 54.78 54.44 54.3 54.05 53.56 53.1 52.81 52.26 51.81 51.17 50.69 49.96 49.59 49.12 48.4 47.73 46.95 46.1 45.23 44.58 44.05 43.21 42.61 42.2 41.91 41.65 41.15 40.8 40.37 40.13 40.05 40.03 40.13 40.33 40.67 40.83 40.56 40.8 40.89 40.85 41.60638 42.12346 43.05479 43.94805 44 44.5 44.71084 45.19388 45.95 46.39 46.73 46.94792 47.56 47.2 47.25 47.91667 47.88 48.10112 49.35185 -9999
-9999 -9999 -9999 -9999 -9999 -9999 55.92593 55.7 55.7027 -9999 55.75676 55.85542 55.61 55.37374 55.34 -9999 55.28 55.53 55.33 54.99 54.76 53.98 53.76 53.27 52.93 52.31 51.82 51.27 50.85 50.38 49.72 48.93 48.22 47.76 46.92 45.89 45.11 44.55 43.8 42.83 42.18 41.86 41.41 41.15 40.42 40.2 40.04 40 39.96 40.1 40.09 40 40.35 39.77 39.78 40.17 40.6 40.52 41.49 41.55 42.65 42.78 43.4 43.92 44.08 44.95 45.49 45.81 44.96 44.47 45.08 45.71 47 46.47 46.57 46.8 49
-9999 -9999 -9999 -9999 -9999 -9999 56.12329 56.32 56.51 56.46 56.68 56.95 56.87 56.66 56.47 56.25 56.36 56.19 55.92 55.7 55.3 54.78 54.44 53.88 53.27 53.06 52.45 51.98 51.59 51.05 50.34 49.55 48.95 48.33 47.4 46.53 45.81 45.2 44.63 44.1 43.26 42.33 42.52 41.4 40.83 40.58 40.33 40.46 40.06 39.95 39.96 39.97 39.97 39.83 39.63 39.81 39.52 39.4 40.47 40.06 40.92 41.7 42.19 41.85 42.88 43.98 43.96 44.12 44.09 42.54 41.47 43.49 45.24 45.72 45.79 47.02 48.21
-9999 -9999 -9999 -9999 56.23656 56.67 56.88 57.18 57.5 57.65 57.93 57.89 57.89 57.8 57.7 57.47 57.18 57.08 56.65 56.06 55.96 55.54 54.97 54.36 54 53.78 53.21 52.69 52.2 51.7 51.08 50.37 49.62 48.95 48.09 47.54 46.98 46.44 45.44 45.07 44.24 44.01 42.86 41.99 41.39 41.45 41.05 40.88 40.81 40.66 40.1 39.86 39.88 39.75 39.61 39.36 39.51 39.86 40.42 40.18 39.35 40.01 40.45 40.79 40.99 42.69 41.7 42.85 42.57 40.78 40.29 41 41.9 43.39 46.07 46.14 47.2
-9999 -9999 -9999 56.82474 56.94 57.15 57.58 57.96 58.19 58.5 58.64 58.84 58.92 58.77 58.54 58.32 58.03 57.87 57.3 57.03 56.69 56.01 55.46 55.13 54.82 54.48 54.03 53.5 53.01 52.35 51.78 51.24 50.5 49.9 49.14 48.43 47.77 47.33 46.7 46.07 45.68 44.87 44.58 43.1 42.23 42.65 42.18 41.43 41.43 41.25 40.7 40.27 40.05 39.83 39.78 39.43 39.8 39.68 39.26 39.36 39.35 39.12 39.23 39.8 40.24 40.71 40.54 41.03 40.83 41.12 41.71 42.29 42.55 42.46 42.99 42.44 42.98
-9999 -9999 -9999 57.04706 57.33333 57.78 58.18 58.67 58.94 59.24 59.41 59.61 59.63 59.74 59.56 59.09 58.79 58.52 58 57.68 57.22 56.89 56.35 55.91 55.4 55.04 54.81 54.37 53.77 53.11 52.63 52.04 51.41 50.73 49.93 49.2 48.7 47.89 47.03 46.72 45.99 45.26 45.02 44.19 43.4 42.8 42.76 42.08 41.76 41.27 40.8 40.24 40.12 40 39.81 39.56 39.71 39.5 39.17 39.09 39.02 39.01 39.05 39.7 40.06 40.46 40.59 40.59 40.78 41.2 41.86 42.93 42.72 42.39 42.06 41.91 41.76
-9999 -9999 -9999 -9999 57.98276 58.44 58.89 59.32 59.76 59.89 60.04 60.52 60.87 60.52 60.15 59.99 59.56 59.21 58.92 58.35 58.03 57.43 57.15 56.61 56.07 55.78 55.35 54.93 54.65 54.02 53.3 52.66 51.84 51.17 50.7 50.02 49.2 48.62 47.95 47.25 46.84 46.07 45.4 44.5 43.98 43.43 43.17 42.66 42.15 41.66 41.48 40.84 40.22 40.1 39.85 39.79 39.34 39.25 39.3 39.24 39.4 39.54 39.5 39.71 39.85 40.22 40.06 40.57 40.38 40.95 41.03 41.75 42.44 41.76 41.43 40.74 41.26
-9999 -9999 -9999 -9999 58.65 58.85938 59.22727 59.87912 60.4 60.78 60.77 61.03 61.08 61.02 60.83 60.74 60.13 59.76 59.48 58.99 58.75 58.13 57.75 57.61 56.95 56.46 56.33 55.91 55.63 54.93 54.24 53.3 53 52.2 51.74 50.74 49.93 49.23 48.7 47.9 47.06 46.36 45.52 45.16 44.52 44.05 43.46 43.2 42.59 42.11 41.9 41.12 40.74 40.2 40.14 39.89 39.56 39.59 39.31 39.02 39.16 39.4 39.77 39.84 39.75 40.17 40.34 40.01 40.23 40.31 40.03 40.65 40.56 41.62 41.63 41.54 40.52
-9999 -9999 -9999 -9999 -9999 -9999 60.11956 60.59 60.99 61.19 61.59 61.9 61.86 61.73 61.48 61.29 60.79 60.29 60.02 59.77 59.17 58.82 58.5 58.12 57.9 57.44 57.09 56.44 55.94 55.53 55.06 54.27 54.16 53.6 52.9 52.17 51.02 50.19 49.26 48.42 47.77 47.26 46.44 45.95 45.78 45.14 44.7 44.25 43.34 42.66 42.06 41.61 41.06 40.68 40.33 39.91 39.77 39.74 39.51 39.21 39.3 39.42 39.39 39.22 39.21 39.56 39.7 39.71 39.82 39.83 39.6 39.79 40.85 40.06 40.21 39.84 40.1
-9999 -9999 -9999 -9999 -9999 60.06779 60.48936 -9999 -9999 62.02 62.35 62.74 62.67 62.02 61.49 61.86 61.36 60.84 60.64 60.17 59.89 59.41 59.1 58.85 58.11 57.96 57.88 57.38 56.78 56.08 55.9 55.64 55.36 54.86 54.12 53.54 52.36 51.29 50.23 49.23 48.48 48.05 47.3 46.74 46.26 46.31 45.91 45.09 44.28 43.42 42.49 41.88 41.2 40.94 40.58 40.02 39.81 39.53 39.62 39.55 39.44 39.79 39.56 39.14 39.17 39.36 39.26 39.26 39.16 39.36 39.36 39.89 40.26 40.5 40.25 40.04 39.45
-9999 -9999 -9999 -9999 -9999 -9999 -9999 61.5 62.03614 62.62 63.18 63.44 63.18 62.65 62.07 61.89 61.71 61.23 61.02 60.87 60.6 60.06 59.59 59.02 58.87 58.53 58.66 58.22 57.66 57.2 56.8 56.77 56.24 55.72 55.04 54.58 52.89 51.55 50.9 50.14 49.34 48.66 48.03 47.46 47.08 47.15 46.31 45.2 44.59 43.98 43.12 42.43 41.62 41.01 40.62 40.51 40.01 39.77 39.91 39.67 39.69 39.69 39.73 39.69 39.75 39.67 39.33 38.95 39.22 39.11 39.41 39.26 38.89 39.17 39.13 38.96 38.77
-9999 -9999 -9999 -9999 -9999 -9999 -9999 62.04167 62.69565 63.66292 63.79 64.14 63.58 62.57 62.78 62.67 62.32 61.95 61.74 61.23 60.8 60.52 60.05 59.76 59.92 59.51 59.25 58.89 58.46 58.16 57.63 57.69 57.23 56.61 55.01 54.29 52.91 51.89 51.39 50.76 50.24 49.45 48.75 48.27 47.69 47.6 46.58 45.25 44.31 43.86 43.21 42.4 41.8 41.4 40.76 40.41 40.15 40.07 39.97 39.86 39.69 39.77 39.67 39.67 39.84 39.52 39.22 38.96 39.17 39.03 38.77 38.52 38.53 38.68 38.55 38.45 38.25
-9999 -9999 -9999 -9999 -9999 -9999 -9999 -9999 -9999 64.19118 64.31183 64.81 64.56 63.2 62.86 63.3 62.69 62.35 61.91 61.17 60.97 61.24 60.98 60.67 60.56 60.35 60.06 59.58 59.25 58.81 58.17 58.03 56.94 56.23 55.61 53.9 53.2 52.85 52.33 51.8 50.86 50.09 49.02 48.21 47.84 47.15 46.7 45.85 44.65 44.4 43.55 42.77 42.18 41.56 41.17 40.65 40.53 40.19 40.11 39.94 39.91 39.98 39.78 39.65 39.78 39.64 39.34 39.19 39.23 39.15 38.55 38.36 38.35 38.08 37.95 37.96 37.69
-9999 -9999 -9999 -9999 -9999 -9999 -9999 -9999 63.30769 64.45454 -9999 65.68 64.86 63.92 63.11 63.43 62.9 62.59 62.46 61.71 61.74 61.98 61.77 61.46 61.31 60.88 60.12 60.52 60.25 59.72 58.65 57.8 56.81 56.36 55.74 55.62 54.56 53.3 52.57 52.33 51.61 50.7 49.59 48.66 47.77 47.08 46.75 45.64 45.15 44.15 43.55 43.01 42.59 42.13 41.3 41.01 40.59 40.14 40.26 40.12 40.19 40.06 40.02 40.11 39.73 39.22 39.09 39.21 39.08 38.44 38.08 38.21 38.12 37.9 37.73 37.89 37.71
-9999 -9999 -9999 -9999 -9999 -9999 -9999 -9999 -9999 64.61539 65.83 65.17 64.96 64.35 63.94 63.64 63.27 63.07 62.95 62.68 62.56 62.58 62.3 62.01 61.38 60.67 60.1 60.76 60.97 60.13 59.33 57.75 56.45 55.95 56 55.1 54.73 54.22 53.43 52.84 52.06 51.02 49.93 49.12 48.34 47.16 46.79 46.13 45.33 44.35 43.88 43.32 42.86 42.52 42.11 41.6 41.11 40.84 40.75 40.72 40.38 40.51 40.45 39.93 39.8 39.85 39.8 39.61 39.16 38.74 38.56 38.04 38.1 37.9 37.89 37.93 37.87
-9999 -9999 -9999 -9999 -9999 -9999 -9999 -9999 63.98901 65.61 64.64 65.09 64.35 64.29 63.76 63.61 63.56 63.48 63.42 63.22 63.02 63.07 62.94 62.86 62.37 61.74 61.56 61.77 61.69 60.44 59.43 58.11 57.5 58.47 58.13 57.12 56.22 55.57 54.64 53.64 52.52 51.23 50.28 49.29 48.27 47.35 46.34 46.09 45.54 44.53 44.22 43.45 43.08 42.59 42.2 42.04 41.73 41.12 41.1 40.82 40.68 40.7 40.74 40.27 40.16 39.95 40.04 39.74 39.54 38.94 38.46 38.19 37.95 37.83 37.86 37.58 37.5
-9999 -9999 -9999 -9999 -9999 -9999 -9999 64.82539 65.13 65.08 64.83 64.81 64.74 64.42 64.3 63.85 63.48 63.91 64.05 63.91 63.69 63.77 63.77 63.53 63.19 62.91 62.71 62.87 62.24 61.27 60.4 59.42 58.68 59.73 59.26 58.33 57.52 56.49 55.51 53.93 52.87 52.04 50.76 49.62 48.77 47.69 46.46 46.06 45.48 44.43 44.24 43.83 43.65 42.99 42.87 42.72 42 41.76 41.54 41.55 41.16 41.03 41.5 40.89 40.66 40.81 40.27 39.81 39.2 39.03 38.91 38.66 38.33 38.32 37.93 37.84 37.77
-9999 -9999 -9999 -9999 -9999 -9999 -9999 64.98333 64.98 65.1 65.47 65.32 64.98 64.77 64.03 64.24 64.2 64.31 64.42 64.53 64.46 64.42 64.45 64.23 63.8 63.77 63.66 63.58 63.28 62.68 62.21 61.51 59.93 61.02 60.48 59.18 57.9 57.08 55.51 54.16 53.09 52.17 51.07 49.59 48.99 47.68 46.87 46.13 45.15 44.77 44.47 44.07 43.78 43.62 43.56 43.18 42.93 42.29 42.04 42.12 42.09 41.51 41.38 40.92 40.76 40.48 40.35 40.26 39.24 39.37 38.85 38.63 38.31 38.42 38.06 37.91 37.76
-9999 -9999 -9999 -9999 -9999 -9999 -9999 64.90909 65.01136 65.45 65.67 65.22 64.89 64.97 64.64 64.7 64.56 64.82 64.57 64.64 64.87 64.65 64.9 64.95 64.6 64.73 64.21 64.36 64.1 63.34 63.17 62.82 62.61 62.61 61.39 60.18 58.89 57.45 55.8 54.33 53.5 52.15 50.65 49.77 48.63 47.86 47.02 46.56 45.95 44.97 44.89 44.34 43.72 43.82 43.17 43.28 43.4 43.07 42.99 42.42 42.54 42.32 41.89 41.45 40.95 40.73 40.37 40.34 40.11 39.94 39.45 38.67 38.83 38.48 38.1 37.96 37.98
-9999 -9999 -9999 -9999 -9999 -9999 -9999 -9999 65.52 65.38 65.25 65.02 64.72 64.67 64.85 64.95 64.83 64.59 65.34 65.47 65.69 65.54 65.56 65.81 65.4 65.38 65.14 65 64.57 64.27 63.83 62.97 63.53 63.19 61.83 61 59.5 57.92 56.56 55.01 53.87 52.32 50.98 50.4 49.4 48.26 47.18 46.38 45.75 45.54 45.16 44.6 44.33 43.75 44.18 43.58 44.06 44.36 44.77 42.83 42.73 42.35 42 41.83 41.49 41.18 41.2 40.68 40.22 39.99 39.71 39.49 39.1 38.84 38.33 38.26 38.05
-9999 -9999 -9999 -9999 -9999 -9999 -9999 -9999 66.12222 65.82653 65.44 65.14 64.97 64.89 64.98 65.05 65.44 65.66 65.86 65.99 66.06 66.25 66.47 66.52 66.26 66.16 65.98 65.47 65.04 64.94 64.46 63.14 63.81 63.35 62.01 61.06 59.7 57.97 56.36 55.34 54.01 52.47 51.15 50.1 48.93 48.41 47.65 46.75 45.69 45.51 44.98 44.62 44.14 44.43 44.43 44.65 44.51 45.53 44.54 43.7 43.25 43.24 42.57 42.18 41.94 41.18 41.38 41.33 40.98 40.55 40.34 39.87 39.63 39.34 39 38.85 38.19
-9999 -9999 -9999 -9999 -9999 -9999 -9999 -9999 66.11842 65.83 65.54 65.05 64.95 64.71 64.68 65.25 65.76 66.09 66.14 66.43 66.91 67.25 67.47 67.32 66.88 66.86 66.5 65.72 65.12 65.26 64.92 64.15 63.82 63.23 62.29 61.04 59.74 58.34 56.72 55.49 54.04 52.53 51.14 50.25 49.23 47.95 47.07 46.67 45.93 45.33 44.65 44.5 44.49 44.26 44.31 44.61 45.09 45.25 44.65 44.19 43.58 43.3 43.12 42.95 42.48 41.99 42.04 41.36 41.17 41.04 41.11 40.6 40.23 39.65 39.5 39.1 38.55
-9999 -9999 -9999 -9999 -9999 -9999 -9999 -9999 -9999 65.21 65.07 64.88 64.74 64.86 64.8 65.15 66.09 66.44 66.79 67.17 67.59 67.57 67.99 67.41 67.68 67.51 66.75 65.94 65.71 65.84 65.3 64.54 64.08 63.17 62.37 61.31 59.7 58.66 57.34 55.89 54.14 52.58 51.87 50.35 49.41 48.82 47.23 46.25 46.01 45.25 44.65 44.63 44.69 44.15 44.61 44.93 44.95 45.29 44.93 43.77 43.57 43.32 43.35 43.05 42.66 42.44 42.06 41.89 41.72 41.47 40.89 40.86 40.8 40.28 39.67 39.36 38.97
-9999 -9999 -9999 -9999 -9999 -9999 -9999 -9999 -9999 64.98 64.71 64.41 64.58 64.35 64.76 65.42 66.22 66.73 66.53 67.72 67.75 68.06 68.23 68.52 68.53 68.25 67.58 66.69 66.41 66.15 65.22 64.78 64.09 63.08 62.21 61.25 60.09 58.71 57.3 55.78 54.38 53 51.99 50.9 49.58 49.09 47.49 46.12 45.7 44.94 44.79 44.56 44.05 44.04 44.26 44.14 44.7 44.23 44.31 43.17 43.1 43.13 43 43.66 42.79 42.65 42.38 41.97 41.35 41.43 41.12 41.06 40.97 40.85 40.14 39.95 39.78
-9999 -9999 -9999 -9999 -9999 -9999 -9999 -9999 -9999 64.43434 64.12 63.92 63.86 64.06 64.72 65.14 66.21 66.71 66.75 68.25 67.61 69.25 69.07 69.12 68.99 68.57 67.77 67.24 66.85 66.16 65.63 64.94 64.25 63.47 62.42 61.37 60.23 58.62 57.24 55.72 54.3 53.71 52.39 51.18 49.78 48.44 47.15 46.37 45.69 44.81 44.55 44.41 43.72 44.41 44.42 43.69 44.52 44.09 43.66 43.23 43.21 43.17 43.31 43.23 43.05 42.38 43.2 42.36 41.78 42.01 41.63 41.37 41.25 41.16 40.47 39.77 39.71
-9999 -9999 -9999 -9999 -9999 -9999 -9999 -9999 -9999 64.24051 63.71 63.33 63.69 64.46 64.6 64.78 65.48 65.92 67.65 68.56 69.35 70.25 69.75 69.96 69.51 68.89 68.55 67.86 66.97 66.4 65.75 64.98 64.34 63.47 62.51 61.39 60.23 59.04 57.47 55.77 54.52 53.64 52.33 51.23 50.02 48.44 47.07 45.97 45.34 45.13 44.65 44 44.22 44.52 43.62 43.61 44.08 44.22 44.22 42.94 43.25 43.09 43.31 42.89 43.34 42.68 43.1 42.91 42.35 42.54 42.14 42.21 40.97 40.6 40.26 40.19 39.84
-9999 -9999 -9999 -9999 -9999 -9999 -9999 -9999 -9999 63.73585 62.9 62.68 63.04 63.79 64.25 64.84 65.15 67.04 68.02 68.55 68.74 70.04 70.02 69.41 69.36 68.95 68.67 68.18 66.8 66.53 66.02 65.33 64.57 63.75 62.56 61.15 60.2 58.88 57.6 56.42 54.95 53.75 52.17 51.24 50.22 48.88 47.04 45.81 44.69 44.44 44 44 44 43.97 42.79 42.77 43.76 43.3 43.74 43.12 43.39 43.15 43.11 43.58 43.78 43.85 43.4 43.19 42.93 42.86 42.39 41.72 40.64 40.42 40.41 40.43 39.91
-9999 -9999 -9999 -9999 -9999 -9999 -9999 -9999 -9999 -9999 62.3871 62.45 63.01 63.54 64.18 64.72 65.71 66.86 67.34 68.1 68.37 69.3 69.36 69.53 69.57 69.05 68.52 67.92 66.89 66.95 66.48 65.46 64.56 63.71 62.69 61.17 60.65 59.21 57.87 56.36 55.42 53.83 52.68 51.84 50.7 49.27 47.74 46 44.81 44.14 43.91 43.56 43.3 42.48 42.49 42.68 43.01 43.24 42.08 42.78 42.44 42.83 43.42 43.46 43.65 43.34 43.31 43.51 43.2 42.7 41.78 41.06 41.07 41.3 40.83 40.92 40.56
-9999 -9999 -9999 -9999 -9999 -9999 -9999 -9999 -9999 -9999 62.5 62.88 62.95 63.32 63.87 65.19 66.83 67.42 68.16 68.86 69.24 69.77 69.88 69.85 69.7 69.33 69 68.47 67.05 66.62 66.1 65.23 64.35 63.85 62.65 61.32 60.42 59.53 58.22 56.86 55.29 54.2 53.15 52.07 51.15 50.31 48.03 45.92 44.69 44.21 43.28 43 42.9 42.38 42.79 42.75 42.48 42.67 42.1 42.21 42.38 42.79 43.19 43.46 43.55 43.55 43.15 42.17 42.11 42 43.32 43.21 41.81 42.19 42.72 41.84 41.29
-9999 -9999 -9999 -9999 -9999 -9999 -9999 -9999 -9999 -9999 62.44186 62.73 63.21 63.85 64.65 65.31 66.47 67.64 68.3 68.77 69.09 69.43 69.8 69.67 69.74 69.29 69.01 68.25 67.45 66.98 66.58 65.55 65 63.81 62.77 61.67 60.53 59.46 58.54 57.05 55.76 54.7 53.48 52.61 51.61 50.71 49.04 46.21 44.17 43.77 43.41 43.41 43.3 43.01 42.94 42.15 42 42 42.31 41.89 42.32 42.74 43.2 43.44 43.56 43.36 41.97 42.12 42.76 43.79 44.49 44.74 44.03 43.69 44.16 43.54 43.03
