layers/wordclim/future/Iberia_wcB2a_10_hadcm3_2080/bio_04.asc
ncols         166
nrows         93
xllcorner     -9.4959440078468
yllcorner     36.000324005443
cellsize      0.083333337679505
NODATA_value  -9999
[rows 31 to 61 of 93, columns 70 to 139 of 166]
7693.95 7634.51 7673.99 7757.31 7740.83 7799.22 7799.31 7828.16 7850.93 7860.27 7879.18 7884.13 7853.69 7844.32 7832.96 7838.56 7822.54 7791.81 7779.91 7778.5 7772.72 7753.11 7738.55 7716.84 7684.89 7662.35 7656.07 7617.06 7601.82 7595.76 7577.66 7592.98 7596.79 7612.74 7603.75 7585.43 7587.11 7576.16 7553 7544.48 7521.31 7506.25 7512 7490.11 7498.38 7509.82 7498.16 7502.07 7510.5 7495.78 7454.6 7360.61 7322.68 7328.89 7313.67 7125.4 6961.4 6837.54 6725.111 -9999 -9999 -9999 -9999 -9999 -9999 -9999 -9999 -9999 -9999 -9999
7829.96 7839.56 7755.36 7832.62 7889.03 7888.52 7872.52 7919.67 7930 7922.36 7921.81 7902.67 7892.6 7881.59 7872.8 7868.2 7840.28 7813.99 7802.3 7810.56 7772.76 7759.71 7755.77 7735.18 7709.62 7686.6 7659.49 7629.87 7599.96 7588.18 7584.06 7592.66 7588.69 7598.36 7595.66 7583.48 7574.38 7559.48 7539.71 7518.91 7498.06 7487.89 7472.61 7458.89 7464.27 7447.52 7440.42 7442.27 7418.53 7395.95 7320.12 7225.02 7264.78 7273.09 7149.71 6967.338 -9999 -9999 -9999 -9999 -9999 -9999 -9999 -9999 -9999 -9999 -9999 -9999 -9999 -9999
7939.29 7951.58 7915.27 7927.37 7984.78 7978.42 7988.88 7990.87 7993.87 7979.19 7972.16 7953.72 7928.79 7911.88 7913.93 7894.69 7872.18 7857.51 7835.89 7827.1 7807.3 7799.22 7785.72 7757.22 7726.66 7707.44 7659.67 7632.49 7596.73 7615.59 7615 7608.52 7600.95 7596.29 7592.24 7599.4 7578.67 7552.79 7535.92 7516.61 7493.52 7450.59 7441.48 7438.35 7423.45 7390.36 7390.84 7372.01 7349.72 7220.73 7214.7 7202.97 7146.21 7111.79 7040.78 -9999 -9999 -9999 -9999 -9999 -9999 -9999 -9999 -9999 -9999 -9999 -9999 -9999 -9999 -9999
7977.85 8032.28 8049.31 8043.13 8038.77 8043.31 8064.05 8052.03 8035.78 7997.16 7987.15 7989.11 7976.84 7960.78 7939.85 7923.06 7928.59 7916.14 7893.47 7860.81 7861.77 7830.04 7806.85 7789.78 7770.31 7731.63 7702.48 7653.38 7627.03 7640.05 7629.29 7622.93 7615.41 7604.16 7598.42 7579 7563.65 7543.81 7521.74 7508.29 7480.55 7439.61 7438.54 7431.78 7395.28 7356.61 7351.6 7341.5 7294.75 7123.06 7088.52 7164.23 7031.202 -9999 -9999 -9999 -9999 -9999 -9999 -9999 -9999 -9999 -9999 -9999 -9999 -9999 -9999 -9999 -9999 -9999
8071.9 8112.23 8114.52 8093.3 8096.23 8108.85 8120.81 8095.89 8055.21 8042.89 8035.5 8033.56 8024.47 7997.22 7995.49 7979.08 7972.17 7952.11 7926.69 7895.14 7875.01 7849.21 7837.86 7806.04 7784.42 7755.19 7717.23 7687.15 7678.73 7682.05 7675.41 7663.1 7652.99 7628.44 7608.13 7605.88 7573 7548.67 7519.93 7498 7444.86 7422.31 7409.95 7381.92 7352.54 7356.05 7346.09 7337.15 7210.2 7019.2 6970.01 6952.72 6880.944 -9999 -9999 -9999 -9999 -9999 -9999 -9999 -9999 -9999 -9999 -9999 -9999 -9999 -9999 -9999 -9999 -9999
8146.6 8177.98 8160.69 8147.13 8145.13 8168.25 8146.22 8095.2 8090.74 8079.81 8059.77 8082.69 8083.02 8067.29 8044 8011.85 7976.24 7942.35 7924.45 7907.15 7882.47 7864.67 7849.3 7813.43 7804.36 7781.42 7757.78 7744.87 7732.04 7721.66 7703.55 7693.16 7664.25 7642.93 7617.57 7605.5 7577.04 7550.55 7523.91 7477.01 7449.09 7415.64 7400.36 7390.17 7370.76 7365.45 7308.17 7264.53 7094.9 6963.12 6894.36 6848.897 6810.828 6761.337 6748.783 -9999 -9999 -9999 -9999 -9999 -9999 -9999 -9999 -9999 -9999 -9999 -9999 -9999 -9999 -9999
8219.41 8235.33 8203 8201.15 8192.75 8207.25 8170.19 8149.41 8153 8110.85 8101.6 8121.08 8093.64 8064.74 8039.31 8018.92 7990.66 7963.24 7941.3 7921.88 7918.7 7887.61 7867.68 7846.46 7828.29 7804.18 7786.66 7774.79 7771.84 7747.25 7746.33 7721.16 7701.37 7654.52 7644.71 7616.96 7578.47 7568.05 7545.69 7489.93 7440.64 7403.7 7390.67 7366.58 7330.39 7273.3 7189.59 7067.68 6975 6931.85 6939.085 -9999 -9999 -9999 -9999 -9999 -9999 -9999 -9999 -9999 -9999 -9999 -9999 -9999 -9999 -9999 -9999 -9999 -9999 -9999
8262.1 8289.72 8248.51 8242.78 8246.49 8208.84 8189.87 8201.69 8170.04 8152.91 8145.39 8148.28 8126.05 8101.82 8089 8076.3 8044.96 8009.98 7977.82 7953.44 7916.15 7891.06 7871.95 7849.03 7839.61 7833.93 7822.76 7823.46 7805.87 7789.31 7774.46 7753.69 7720.2 7672.4 7648.91 7621.25 7592.32 7567.88 7542.02 7493.51 7451.98 7405.88 7362.41 7345.94 7274.67 7196.23 7066.6 6979.68 6890.45 6853.08 -9999 -9999 -9999 -9999 -9999 -9999 -9999 -9999 -9999 -9999 -9999 -9999 -9999 -9999 -9999 -9999 -9999 -9999 -9999 -9999
8286.02 8374.76 8308.2 8271.92 8242.15 8222.54 8227.31 8219.74 8203.2 8196.99 8185.18 8179.46 8146.55 8136.74 8118.88 8083.08 8058.17 8028.68 8008.87 7966.72 7945.47 7924.03 7901.97 7876.51 7867 7863.67 7857.81 7856.62 7850.23 7846.75 7814.03 7804.44 7728.08 7689.04 7672.1 7627.89 7599.44 7565.62 7534.78 7504.79 7454.08 7407.69 7362.4 7303.15 7186.6 7067.47 6994.97 6921.05 6819.49 6777.16 -9999 -9999 -9999 -9999 -9999 -9999 -9999 -9999 -9999 -9999 -9999 -9999 -9999 -9999 -9999 -9999 -9999 -9999 -9999 -9999
8339.11 8379.9 8340.42 8285.05 8268.14 8264.25 8268.1 8258.89 8241.01 8221.21 8213.29 8191.55 8170.15 8143.59 8122.73 8109.57 8087.44 8072.31 8048.29 8008.87 7976.66 7947.98 7924.06 7909.39 7901.62 7899.37 7873.83 7855.32 7867.57 7870.26 7870.52 7799.63 7740.62 7702.78 7672.96 7636.93 7597.23 7586.88 7538.4 7497.79 7435.78 7332 7284.67 7179.71 7091.47 6968.23 6956.38 6860.17 6782.614 -9999 -9999 -9999 -9999 -9999 -9999 -9999 -9999 -9999 -9999 -9999 -9999 -9999 -9999 -9999 -9999 -9999 -9999 -9999 -9999 -9999
8378.77 8393.85 8367.91 8327.38 8314.84 8302.28 8294.7 8276.87 8268.22 8240.78 8227.13 8220.59 8193.37 8177.73 8148.43 8127.66 8106.07 8086.13 8062.49 8016.16 7983.73 7963.29 7952.21 7911.7 7897.05 7890.14 7880.91 7863.71 7856.23 7856.91 7867.29 7808.82 7739.72 7713.56 7667.2 7639.89 7597.58 7567.92 7545.28 7473.46 7416.29 7265.71 7164.05 7114.27 7051.13 6868.58 6819.83 6837.695 -9999 -9999 -9999 -9999 -9999 -9999 -9999 -9999 -9999 -9999 -9999 -9999 -9999 -9999 -9999 -9999 -9999 -9999 -9999 -9999 -9999 -9999
8418.18 8406.48 8393.94 8365.58 8333.2 8340.4 8330.21 8290.72 8282.56 8269.75 8241.54 8229.88 8204.73 8181.8 8165.85 8136.72 8127.84 8095.35 8072.83 8039.49 8006.91 7990.93 7960.48 7937.55 7908.46 7910.91 7878.51 7890.1 7873 7861.67 7842.92 7797.4 7752.87 7696.16 7646.63 7602.87 7565.14 7523.32 7459.08 7394.48 7344.19 7118.54 6963.72 6947.21 6889.03 6825.19 6726.684 -9999 -9999 -9999 -9999 -9999 -9999 -9999 -9999 -9999 -9999 -9999 -9999 -9999 -9999 -9999 -9999 -9999 -9999 -9999 -9999 -9999 -9999 -9999
8444.19 8438.96 8407.25 8385.11 8377.04 8372.7 8341.29 8315.54 8301.12 8273.37 8257.49 8235.28 8220.53 8196.53 8175.56 8156.9 8127.91 8112.99 8078.04 8058.71 8032.24 8002.77 7986.74 7969.03 7939.68 7910.2 7903.92 7893.94 7846.47 7824.48 7817.73 7764.38 7731.12 7686.89 7614.92 7540.14 7457.9 7378.46 7365.56 7269.33 7172.72 7019.28 6862.22 6853.54 6830.47 6738.182 -9999 -9999 -9999 -9999 -9999 -9999 -9999 -9999 -9999 -9999 -9999 -9999 -9999 -9999 -9999 -9999 -9999 -9999 -9999 -9999 -9999 -9999 -9999 -9999
8470.51 8455.51 8443.77 8412.32 8408.95 8376.72 8353.44 8339.77 8320.34 8300.52 8281.36 8259.47 8248.25 8218.76 8197.5 8162.77 8145.73 8109.93 8099.03 8071.29 8051.84 8026.89 7990.79 7966.93 7945.54 7929.79 7915.78 7890.79 7825.71 7815.32 7804 7757.46 7718.49 7670.75 7608.78 7534.96 7467.58 7315.26 7208.54 7068.68 6930.93 6799.93 6764.44 6769.29 6731.731 -9999 -9999 -9999 -9999 -9999 -9999 -9999 -9999 -9999 -9999 -9999 -9999 -9999 -9999 -9999 -9999 -9999 -9999 -9999 -9999 -9999 -9999 -9999 -9999 -9999
8489.28 8474.95 8451.59 8437.33 8436.36 8399.34 8369.27 8354.12 8334.61 8314.06 8285.93 8272.54 8242.26 8224.31 8198.08 8177.67 8138.61 8126.52 8097.43 8075.09 8050.92 8026.59 7992.62 7958.38 7945.62 7926.21 7898.19 7871.59 7810.49 7764.48 7772.37 7750.79 7710.92 7672.22 7631.39 7504.48 7365.67 7237.18 7223.97 7075.58 6846.87 6679.5 6601.48 6591.052 -9999 -9999 -9999 -9999 -9999 -9999 -9999 -9999 -9999 -9999 -9999 -9999 -9999 -9999 -9999 -9999 -9999 -9999 -9999 -9999 -9999 -9999 -9999 -9999 -9999 -9999
8505.81 8494.56 8482.13 8462.57 8438.74 8421.28 8397.85 8378.58 8350.92 8330.4 8298.49 8280.88 8257.25 8223.2 8204.21 8171.05 8149.19 8125.29 8109.58 8090.1 8052.4 8016.72 7989.47 7945.05 7934.25 7926.09 7880.88 7836.08 7808.44 7753.89 7682.26 7670.48 7659.6 7621.63 7590.74 7452.94 7284.49 7074.39 6989.09 7032.56 6905.1 6646.58 6530.707 -9999 -9999 -9999 -9999 -9999 -9999 -9999 -9999 -9999 -9999 -9999 -9999 -9999 -9999 -9999 -9999 -9999 -9999 -9999 -9999 -9999 -9999 -9999 -9999 -9999 -9999 -9999
8528.25 8515.07 8499.51 8470.84 8449.61 8428.39 8403.12 8375.39 8376.08 8338.35 8322.92 8297.41 8270.6 8227.93 8212.91 8185.76 8145.51 8134.23 8104.32 8087.88 8051.47 8015.68 7970.14 7939.15 7902.68 7878.6 7847.91 7825.17 7783.33 7714.71 7583.17 7558.97 7539.64 7500.19 7384.68 7335.85 7235.91 7132.36 6905.02 6750.39 6693.56 6521.67 -9999 -9999 -9999 -9999 -9999 -9999 -9999 -9999 -9999 -9999 -9999 -9999 -9999 -9999 -9999 -9999 -9999 -9999 -9999 -9999 -9999 -9999 -9999 -9999 -9999 -9999 -9999 -9999
8535.06 8515.6 8498.41 8490.23 8472.48 8437.5 8420.06 8397.73 8377.23 8351.88 8330.51 8300.59 8264.75 8230.58 8214.13 8180.65 8144.5 8122.9 8104.89 8066.77 8045.01 8006.43 7972.79 7922.25 7871.72 7832.31 7818.01 7815.18 7733.75 7686.93 7599.24 7487.74 7334.45 7259.86 7151.97 7014.32 6920.38 6889.32 6949.49 6721.63 6537.24 6467.658 -9999 -9999 -9999 -9999 -9999 -9999 -9999 -9999 -9999 -9999 -9999 -9999 -9999 -9999 -9999 -9999 -9999 -9999 -9999 -9999 -9999 -9999 -9999 -9999 -9999 -9999 -9999 -9999
8538.36 8541.03 8514.77 8489.58 8480.97 8451.17 8423.44 8391.44 8390.4 8355.24 8330.65 8303.8 8270.51 8235.37 8225.37 8182.36 8151.25 8110.88 8082.77 8056.74 8034.52 7997.72 7972.3 7916.42 7847.57 7792.95 7803.08 7776.9 7697.43 7659.14 7654.98 7581.48 7401.09 7163.54 7035.53 6879.9 6776.87 6684.15 6617.36 6555.88 6456.042 -9999 -9999 -9999 -9999 -9999 -9999 -9999 -9999 -9999 -9999 -9999 -9999 -9999 -9999 -9999 -9999 -9999 -9999 -9999 -9999 -9999 -9999 -9999 -9999 -9999 -9999 -9999 -9999 -9999
8552.89 8545.89 8522.7 8510.04 8475.45 8456.25 8430.79 8400.06 8392.44 8350.12 8328.51 8295.02 8273.26 8231.93 8206.74 8180.26 8136.34 8117.98 8082.14 8041.02 8005.27 7969.61 7925.95 7881.4 7842.01 7765.8 7754.43 7726.11 7657.77 7581.97 7549.62 7498.3 7453.18 7382.07 7117.79 6876.87 6745.91 6614.8 6532.51 6432.8 -9999 -9999 -9999 -9999 -9999 -9999 -9999 -9999 -9999 -9999 -9999 -9999 -9999 -9999 -9999 -9999 -9999 -9999 -9999 -9999 -9999 -9999 -9999 -9999 -9999 -9999 -9999 -9999 -9999 -9999
8547.93 8532.36 8516.8 8500.43 8476.29 8456.35 8442.55 8422.98 8384.07 8366.16 8333.48 8307.92 8265.56 8243.26 8205.54 8170.94 8143.58 8105.78 8067.03 8010.3 7996.8 7937.52 7892.33 7855.01 7801.19 7709.1 7693.09 7654.89 7581.65 7499.58 7468.21 7463.06 7409.07 7335.34 7132.35 6888.84 6736.01 6587.51 6477.15 6382.01 -9999 -9999 -9999 -9999 -9999 -9999 -9999 -9999 -9999 -9999 -9999 -9999 -9999 -9999 -9999 -9999 -9999 -9999 -9999 -9999 -9999 -9999 -9999 -9999 -9999 -9999 -9999 -9999 -9999 -9999
8555.6 8540.89 8521.12 8509.24 8478.64 8454.58 8439.38 8406.55 8390.99 8371.53 8334.89 8311.28 8261.97 8232.34 8195.96 8172.32 8131.9 8102.42 8041.36 8005.06 7965.14 7916.12 7877.63 7834.32 7785.67 7717.54 7611.04 7540.52 7501.92 7449.73 7432.23 7378.89 7322.8 7205.23 7003.92 6858.07 6737.65 6630.38 6481.03 6393.94 -9999 -9999 -9999 -9999 -9999 -9999 -9999 -9999 -9999 -9999 -9999 -9999 -9999 -9999 -9999 -9999 -9999 -9999 -9999 -9999 -9999 -9999 -9999 -9999 -9999 -9999 -9999 -9999 -9999 -9999
8540.66 8538.6 8520.88 8493.07 8480.78 8463.38 8435.87 8414.89 8373.86 8361.41 8344.41 8307.28 8267.25 8234.82 8189.91 8156.46 8128.95 8099.74 8050.2 7992.21 7950.03 7896.72 7851.27 7815.57 7763.35 7715.53 7667.58 7597.12 7511.74 7429.31 7353.31 7324.09 7285.47 7144.45 7087.55 6998.72 6735.75 6621.78 6496.01 6417.69 6397.397 -9999 -9999 -9999 -9999 -9999 -9999 -9999 -9999 -9999 -9999 -9999 -9999 -9999 -9999 -9999 -9999 -9999 -9999 -9999 -9999 -9999 -9999 -9999 -9999 -9999 -9999 -9999 -9999 -9999
8534.49 8534.05 8513.49 8496.01 8480.45 8460.08 8420.75 8422.43 8388.08 8371.64 8333.15 8304.94 8279.53 8242.96 8213.13 8163.42 8115.3 8080.52 8037.03 7993.17 7931.81 7893.46 7840.57 7799.54 7748.17 7690.14 7635.37 7600.75 7561.28 7504.91 7394.7 7249.71 7326.1 7266.64 7074.16 6912.94 6784.71 6577.82 6502.44 6446.15 6421.121 -9999 -9999 -9999 -9999 -9999 -9999 -9999 -9999 -9999 -9999 -9999 -9999 -9999 -9999 -9999 -9999 -9999 -9999 -9999 -9999 -9999 -9999 -9999 -9999 -9999 -9999 -9999 -9999 -9999
8533.71 8523.52 8522.39 8489.39 8472.5 8469.75 8439.89 8422.54 8406.84 8375.81 8346.9 8324.07 8295.81 8251.09 8228.45 8175.87 8135.41 8076.53 8030.88 7989.01 7923.11 7880.82 7825.55 7786.28 7743.07 7687.31 7656.2 7648.41 7621.17 7552.69 7450.31 7292.28 7361.4 7245.19 6984.78 6851.79 6736.9 6587.86 6518.36 6544.25 6484.95 -9999 -9999 -9999 -9999 -9999 -9999 -9999 -9999 -9999 -9999 -9999 -9999 -9999 -9999 -9999 -9999 -9999 -9999 -9999 -9999 -9999 -9999 -9999 -9999 -9999 -9999 -9999 -9999 -9999
8533.94 8536.33 8515.49 8489.68 8486.9 8470.69 8432.76 8418.92 8414.67 8400.24 8380.73 8339.29 8310.05 8268.75 8242.32 8211.25 8153.18 8090.84 8036.39 7976.69 7930.48 7872.9 7829.6 7791.43 7776.29 7743.6 7715.81 7702.52 7662.92 7571.31 7471.12 7328.03 7362.66 7241.01 7062.36 6878.54 6723.1 6620.39 6544.51 6618.64 6583.03 6438.729 -9999 -9999 -9999 -9999 -9999 -9999 -9999 -9999 -9999 -9999 -9999 -9999 -9999 -9999 -9999 -9999 -9999 -9999 -9999 -9999 -9999 -9999 -9999 -9999 -9999 -9999 -9999 -9999
8549.31 8527.34 8523.15 8495.24 8493.37 8486.56 8465.25 8445.14 8439.08 8405.11 8384.42 8357.4 8330.26 8281.31 8259.39 8221.76 8155.79 8088.74 8029.07 7969.66 7910.45 7888.02 7839.6 7828.53 7801.34 7771.01 7733.9 7683.84 7604.63 7534.39 7453.86 7379.93 7389.05 7263.67 7092.87 6933.45 6782.71 6692.6 6619.32 6653.33 6643.12 6455.68 6410.714 -9999 -9999 -9999 -9999 -9999 -9999 -9999 -9999 -9999 -9999 -9999 -9999 -9999 -9999 -9999 -9999 -9999 -9999 -9999 -9999 -9999 -9999 -9999 -9999 -9999 -9999 -9999
8548.71 8545.65 8527.51 8517.18 8501.75 8495.04 8476.97 8456.23 8449.54 8422.39 8384.33 8360.87 8334.45 8291.95 8254.65 8214.04 8166.98 8101.42 8044.39 7970.96 7907.52 7895.26 7851.72 7826.87 7791.2 7755.07 7715.09 7640.61 7589.2 7514.61 7429.91 7336.85 7323.66 7211.84 7051.33 6984 6890.46 6726.11 6668.82 6664.57 6665.02 6577.84 6449.46 6390.463 -9999 -9999 -9999 -9999 -9999 -9999 -9999 -9999 -9999 -9999 -9999 -9999 -9999 -9999 -9999 -9999 -9999 -9999 -9999 -9999 -9999 -9999 -9999 -9999 -9999 -9999
8532.81 8531.09 8524.36 8520.39 8521.44 8503.88 8482.42 8449.49 8441.14 8416.36 8383.7 8358.83 8334.19 8311.7 8261.22 8203.15 8168.26 8131.36 8077.86 8015.48 7957.01 7917.76 7872.61 7826.52 7794.12 7754.41 7711.94 7632.35 7538.92 7509.97 7474.97 7374.62 7264.69 7128.83 7117.48 7047.66 6944.28 6936.3 6845.65 6707.74 6772.96 6711.18 6583.48 6450.86 6404.92 6376.299 -9999 -9999 -9999 -9999 -9999 -9999 -9999 -9999 -9999 -9999 -9999 -9999 -9999 -9999 -9999 -9999 -9999 -9999 -9999 -9999 -9999 -9999 -9999 -9999
8566.98 8540.21 8529.25 8508.83 8521.51 8514.93 8485.5 8452.66 8435.82 8416.37 8389.43 8349.42 8311.58 8285.29 8273.83 8235.22 8209.65 8175.93 8137.93 8064.01 7987.41 7926.4 7880.35 7828.99 7771.22 7722.6 7660.62 7625.63 7533.44 7460.35 7408.17 7336.32 7185.49 7154.41 7132.54 7099.46 7098 7025.6 6873.15 6793.27 6871.56 6741.86 6651.42 6514.24 6397.01 6329.41 -9999 -9999 -9999 -9999 -9999 -9999 -9999 -9999 -9999 -9999 -9999 -9999 -9999 -9999 -9999 -9999 -9999 -9999 -9999 -9999 -9999 -9999 -9999 -9999
8572.19 8558.33 8548.21 8522.79 8522.68 8521.39 8505.52 8459.75 8434.72 8426.84 8377.67 8338.75 8274.95 8285.06 8292.99 8266.49 8203.13 8177.56 8117.71 8055.85 7977.41 7899.74 7827.32 7764.11 7721.17 7658.11 7612.13 7585.76 7550.07 7455.38 7351.5 7275.7 7186.3 7098.97 7107.78 7123.34 7027.78 7054.55 6978.86 6900.47 6800.1 6732.43 6444.02 6401.737 -9999 -9999 -9999 -9999 -9999 -9999 -9999 -9999 -9999 -9999 -9999 -9999 -9999 -9999 -9999 -9999 -9999 -9999 -9999 -9999 -9999 -9999 -9999 -9999 -9999 -9999
