layers/wordclim/future/Iberia_wcB2a_10_hadcm3_2080/bio_13.asc
ncols         166
nrows         93
xllcorner     -9.4959440078468
yllcorner     36.000324005443
cellsize      0.083333337679505
NODATA_value  -9999
[rows 0 to 33 of 93, columns 0 to 75 of 166]
-9999 -9999 -9999 -9999 -9999 -9999 -9999 -9999 -9999 -9999 -9999 -9999 -9999 -9999 -9999 -9999 -9999 154.5122 167.0278 149.5224 148.303 150.2614 144.6956 142.1061 -9999 -9999 -9999 -9999 -9999 -9999 -9999 -9999 -9999 -9999 -9999 -9999 -9999 -9999 -9999 -9999 -9999 -9999 -9999 -9999 -9999 -9999 -9999 -9999 -9999 -9999 -9999 -9999 -9999 -9999 -9999 -9999 -9999 -9999 -9999 -9999 -9999 -9999 -9999 -9999 -9999 -9999 -9999 -9999 -9999 -9999 -9999 -9999 -9999 -9999 -9999 -9999
-9999 -9999 -9999 -9999 -9999 -9999 -9999 -9999 -9999 -9999 -9999 -9999 -9999 -9999 -9999 -9999 154.3788 156.1368 160.59 153.62 161.5 162.45 149.2424 156.14 152.91 141.8557 -9999 -9999 -9999 -9999 -9999 -9999 -9999 -9999 -9999 -9999 -9999 -9999 -9999 -9999 -9999 -9999 -9999 117.4844 116.9231 -9999 -9999 -9999 -9999 -9999 -9999 -9999 -9999 -9999 -9999 -9999 -9999 -9999 -9999 -9999 -9999 -9999 -9999 -9999 -9999 -9999 -9999 -9999 -9999 -9999 -9999 -9999 -9999 -9999 -9999 -9999
-9999 -9999 -9999 -9999 -9999 -9999 -9999 -9999 -9999 -9999 -9999 -9999 -9999 -9999 155.2593 152.0105 156.2929 158.73 162.03 171.19 174.74 169.66 163.14 168.48 148.19 137.93 135.5895 133.8861 130.6901 124.5273 123.075 122.0595 121.8289 116.961 120.3291 115.6818 116.6712 119.1806 120.9545 119.9175 118.2692 117.9167 116.9697 116.75 117.53 114.4026 111.8689 113.75 113.4576 -9999 -9999 -9999 -9999 -9999 -9999 -9999 -9999 -9999 -9999 -9999 -9999 -9999 -9999 -9999 -9999 -9999 -9999 -9999 -9999 -9999 -9999 -9999 -9999 -9999 -9999 -9999
-9999 -9999 -9999 -9999 -9999 -9999 -9999 -9999 -9999 -9999 -9999 -9999 -9999 -9999 -9999 -9999 164.9495 176.35 178.24 172.31 176.2 181.14 183.07 179.68 164.66 147.11 138.42 142.29 130.39 128.7879 133.95 135.96 133.93 123 134.16 123.82 119.73 122.03 126.65 120.24 115.8081 119.85 121.27 118.82 116.98 114.38 115.85 115.39 111.01 111.49 112.8 114.9487 112.5385 113.2203 116.54 -9999 -9999 -9999 -9999 -9999 -9999 -9999 -9999 -9999 -9999 -9999 -9999 172.5069 -9999 181.6667 186.5625 188.7471 192.1304 -9999 -9999 -9999
-9999 -9999 -9999 -9999 -9999 -9999 -9999 -9999 -9999 -9999 -9999 -9999 -9999 -9999 158.4179 158.4167 168.59 179.65 179.7 182.74 175.68 173.91 171.96 174.57 167.39 160.49 150.99 140.71 138.29 147.84 154.52 143.82 133.58 134.35 137.13 123.52 128.29 132.25 121.33 116.27 115.82 114.07 114.41 117.68 115.75 113.14 113.03 111.73 110.55 109.3 109.77 107.74 109.24 114.93 118.33 121.65 127.25 125.3085 125.5432 126.5069 130.7143 134.1154 139.1111 145.0361 149.9898 153.99 161.63 167 171.7708 175.86 179.87 183 185.3095 190.37 193.4045 197.1296
-9999 -9999 -9999 -9999 -9999 -9999 159.4444 159.35 164.1622 -9999 169.2297 170.9518 169.89 162.6162 162.84 -9999 173.83 183.41 190.42 183.63 177.11 170.81 167.79 160.8 160.43 156.72 153.17 142.89 153.87 155.68 149.54 133.48 136.67 147.24 143.4 127.45 119.93 119.6 122.7 117.71 119.14 118.77 116.53 114.46 112.21 110.97 110.57 113.4 113.55 110.22 116.67 112.71 110.91 118.76 125.74 126.83 123.06 127.99 124.59 128.07 129.61 133.59 136.8 140.36 145.36 148.9 154.88 159.79 163.34 165.97 169.74 173.38 177.76 180.38 183.73 187.35
-9999 -9999 -9999 -9999 -9999 -9999 165.2466 168.15 171.22 172.31 180.21 198.2 193.91 186.19 176.9 176.92 187.36 190.74 191.72 184.49 180.53 170.02 166.73 159.47 155.22 155.52 156.61 149.9 151.66 151.52 141.85 132.25 145.29 151.11 133.58 125.67 124.33 135.22 129.61 130.59 128.56 117.5 134.48 117.68 108.31 110.82 111.74 110.88 112.03 113.24 126.68 119.99 117.75 130.7 157.83 144.99 151.57 147.2 125.16 130.53 129.89 130.28 132.49 136.59 138.98 142.2 147.17 150.77 154.2 155.69 159.72 162.06 166.93 170.3 173.9 179.07
-9999 -9999 -9999 -9999 153.7097 166.61 171.48 186.16 195.04 196.9 205.96 206.82 203.04 203.95 199.67 201.6 202.49 198.71 195.39 186.37 182.13 174.89 165.78 160.62 157.63 159.04 160.45 151.88 160.98 151.16 151.22 137.95 143.81 148.2 135.42 129.98 140.21 150.38 133.18 141.94 132.58 136.13 120.13 117.94 109.73 117.11 114.29 113.93 124.66 130.82 124.7 128.86 135.3 125.76 139.7 146.81 139.94 121.42 117.41 121.96 137.85 131.79 131.23 132.52 134.01 135.25 139.67 142.09 145.35 149.54 151.84 152.74 155.09 158.71 164.86 167.2
-9999 -9999 -9999 151.9897 161.93 180.79 186.6 197.34 203.59 209.74 209.69 212.3 205.86 206.07 206.61 203.75 202.58 203.6 204.68 194.42 183.64 177.6 167.81 163.96 162.78 161.23 163.46 160.7 150.11 147.39 136.45 135.12 147.5 155.24 137.84 149.55 146.64 167.54 165.95 158.82 168.94 152.11 158.97 126.23 114.21 141.77 143.39 134.48 142.63 145.2 130.78 137.87 129.06 125.07 135.49 134.33 148.3 145.63 134.81 126.77 132.39 146.02 138.07 129.16 129.36 130.99 133.03 134.52 137.28 139.07 140.6 143.69 145.84 147.89 150.32 151.59
-9999 -9999 -9999 151.3882 173.8485 185.67 194.67 201.83 205.75 210.69 212.42 214.22 214.3 214.83 215.34 211.99 205.04 208.21 202.93 198.9 188.18 183.41 174.52 162.87 156.25 155.23 160.96 155.98 154.27 139.1 137.31 146.33 144.24 152.91 152.51 157.17 163.99 150.63 147.55 146.25 149.44 139.5 140.1 144.1 134.53 129.79 134.29 126.96 134.41 127.59 116.07 122.62 122.39 120.96 118.12 127.19 141.63 144.09 137.72 126.66 122.22 140.32 133.52 122.18 121.77 123.8 125.06 126.97 128.73 130.37 132.06 135.11 136.78 138.26 139.72 141.24
-9999 -9999 -9999 -9999 167.6207 193.31 197.89 200.06 210.84 205.85 202.97 221.19 228.08 217.09 214.27 211.6 201.24 200.12 197.51 194.31 192.33 180.7 169.48 161.11 153.55 152.74 155.17 158.97 147.21 141.88 150.62 163.67 172.13 167.36 152.62 151.61 145.71 150.09 160.66 150.18 154.34 151.3 135.92 123.63 136.24 121.76 118.51 114.84 121.06 110.85 109.33 116.43 111.12 117.33 112.51 122.32 122.94 123.89 122.99 114.18 111.6 113.77 114.76 114.05 115.29 116.68 119.21 118.61 120.36 121.64 125.45 126.55 127.84 129.11 131.04 132.3
-9999 -9999 -9999 -9999 168.475 177.0313 182.0455 188.6264 226.92 214.93 211.22 212.3 220.2 213.49 210.92 221.5 212.42 209.04 207.27 195.43 193.98 183.87 167.2 169.64 163.27 150.1 162.7 162.63 154.79 153.61 155.43 176.67 158.38 143.98 130.94 130.47 142.94 156.7 154.1 148.33 135.74 124.57 116.07 113.09 109.49 112.04 102.49 101 103.13 99.45 100.77 101.7 101.01 104 101.79 106.83 110.07 105.53 105.63 107.28 105.42 105.8 104.99 106.2 109.04 108.82 110.2 113.01 112.83 115.94 118.17 118.37 119.32 119.93 120.79 122.87
-9999 -9999 -9999 -9999 -9999 -9999 214.9456 205.55 217.62 208.43 220.96 232.83 228.68 240.51 232.74 228.99 225.7 215.49 213.95 208.86 190.09 175.08 178.74 175.93 164.21 160.05 168.22 176.59 174.39 165.21 152.81 156.31 138.06 124.74 123.67 119.24 125.54 125.88 122.63 122.51 125.02 121.6 112.16 104.48 101.18 100.88 94.14 92.66 94.32 90.41 94.22 92.51 93.97 93.54 96.18 98.47 98.4 98.8 97.44 99.05 97.1 98.72 98.78 101.78 103.19 104.03 104.18 105.3 105.62 108.59 111.6 110.87 109.51 112.36 113.56 116.23
-9999 -9999 -9999 -9999 -9999 182.0508 205.0957 -9999 -9999 227.4 230.42 249.87 256 255.64 250.92 235.7 227.15 223.11 218.52 211.3 189.28 175.54 174.14 166.46 150.08 157.56 170.35 164.28 165.88 170.83 151.54 137.55 125.09 114.14 109.63 110.27 107.91 107.46 112.12 117.72 110.36 104.4 101.67 96.4 94.03 92.87 86.39 85.31 85.8 85.44 86.73 85.95 89 86.64 90.5 91.86 91.03 91.32 90.3 91.56 90.84 91.12 92.23 94.91 95.68 97.96 98.43 99.58 100.09 102.63 102.59 101.73 101.17 102.8 103.76 104.66
-9999 -9999 -9999 -9999 -9999 -9999 -9999 191.8333 208.4699 221.19 241.42 259.56 262.94 258.43 253.7 245.15 232.97 227.05 222.06 206.94 192.51 174.77 167.94 149.8 146.63 148.86 156.59 156.04 164.96 162.94 148.93 127.41 116.25 107.98 105.98 108.72 120.37 126.13 126.16 119.17 105.82 98.32 96.07 90.12 87.69 85.88 82.52 80.33 80.21 80.5 80.88 83.08 83.26 81.25 83.56 85.55 84 84.89 85.08 84.61 85.47 85.14 85.6 86.66 88.13 89.23 90.54 93.29 93.88 94.38 93.17 93.87 96.65 97.6 97.5 97.9
-9999 -9999 -9999 -9999 -9999 -9999 -9999 202.7292 222.7283 252.9551 240.72 263.91 271.71 264.95 254.54 240.01 224.7 211.14 201.41 192.73 182.37 173.71 161.77 153.95 158.12 153.11 147.24 142.61 156.55 145.45 134.86 123.87 116.98 125.4 137.05 130.96 138.79 137.77 119.83 108.1 99.26 93.18 91.47 85.91 83.66 82.06 79.53 76.7 75.83 76.86 77.7 78.37 78.24 76.84 78.3 79.95 78.72 77.91 78.73 78.72 78.6 79.52 80.24 80.62 82.04 82.82 85.18 86.18 86.44 86.38 87.42 89.33 91.14 91.58 92.72 91.41
-9999 -9999 -9999 -9999 -9999 -9999 -9999 -9999 -9999 255.8529 254.3871 272.19 273.89 266.8 254.66 234 204.9 199.47 184.46 171.83 166.84 186.57 184.28 169.51 163.42 171.19 166 138.7 130.88 147.07 146.77 130.68 144.84 145.91 136 155.01 154.41 138.48 116.98 107.7 98.98 91.4 85.39 82.59 80.57 78.24 76.61 74.12 74.09 74.24 73.83 73.99 73.46 72.58 73.37 74.75 74.11 72.98 73.38 73.23 73.51 74.14 74.6 75.15 76.82 78.61 79.83 79.73 80.1 79.8 81.09 84.74 86.9 91.81 91.38 89.49
-9999 -9999 -9999 -9999 -9999 -9999 -9999 -9999 228.0641 261.9394 -9999 283.79 276.36 263.05 258.2 236.2 197.45 191.82 192.94 171.13 168.77 182.3 178.91 188.12 187.8 182.39 185.42 153.37 143.67 151.06 164.21 163.86 163.9 159.51 146.24 130.09 133.41 140.58 124.33 106.74 94.87 88.4 83.3 80.21 77.52 75.61 74.08 71.31 72.35 72.71 70.94 69.97 69.71 69.4 69.5 69.77 69.62 68.9 68.56 68.45 68.48 69.81 70.32 71.38 73.08 75.36 74.83 74.97 75.6 76.22 78.04 80.88 84.48 89.87 95.93 98.71
-9999 -9999 -9999 -9999 -9999 -9999 -9999 -9999 -9999 249.4176 274.69 259.92 251.72 258.23 251.37 224.13 204.49 199.36 191.43 187.6 181.8 180.79 171.98 188.2 198.91 198.97 200.02 176.05 149.8 158.98 164.77 175.89 185.47 176.5 158.68 153.26 143.66 126.44 116.33 102.31 94.1 87.54 83.29 78.54 75.16 72.77 70.94 69.3 69.77 68.57 67.61 66.86 66.41 66.51 66.09 66.18 65.44 65.44 65.1 64.2 64.34 65.74 66.7 68.4 70.44 69.76 69.97 71.64 72.11 73.06 75.56 78.04 84.43 94.6 99.13 108.09
-9999 -9999 -9999 -9999 -9999 -9999 -9999 -9999 222.5714 274.53 234.38 243.37 230.58 244.64 215.91 220.25 221.36 224.49 211.47 203.52 194.62 180.53 176.88 178.21 186.63 192.94 182.16 165.46 153.8 164.18 171.74 179.36 171.73 145.36 131.79 127.59 123.11 113.38 103.28 94.14 90.29 84.29 79.77 77.29 72.41 70.9 68.21 67.56 66.35 64.89 65.08 63.85 64.72 64.69 63.58 63.23 61.96 60.79 61.29 59.93 62.13 64.53 64.56 65.65 65.82 67.27 67.35 68.46 69.6 70.94 74.09 77.65 77.03 79.18 85.23 87.73
-9999 -9999 -9999 -9999 -9999 -9999 -9999 249.3333 260.56 239.28 225.98 227.62 232.66 223.49 246.28 251.07 250.35 237.25 219.68 202.17 191.34 181.77 174.32 179 157.43 172.18 170.98 160 160.91 162.18 165.61 166.42 162.53 134.03 124.76 118.3 111.93 105.78 97.97 91.12 85.91 80.81 76.57 73.58 71.29 68 65.65 65 63.98 63.49 62.17 62.08 62.56 61.65 61.13 60.56 59.75 58.72 58.15 56.94 59.55 59.97 60.58 62.78 64.37 65.54 65.92 66.27 66.86 67.81 70.01 72.16 75.34 74.82 75.76 82.24
-9999 -9999 -9999 -9999 -9999 -9999 -9999 233.7333 214.63 219.9 235.12 264.9 247.05 247.51 259.69 243.11 229.15 214.91 211.88 220.42 217.68 202.12 191.49 175.03 147.95 160.46 162.58 150.73 152.18 151.47 146.08 144.9 149.81 126.57 119.23 115.68 112.78 103.09 96.28 90.39 85.84 79.73 74.83 70.85 68.15 65.44 63.43 63.16 61.54 60.45 59.71 59.73 60.7 59.75 59.26 59.25 59.05 58.89 59.01 56.56 56.59 58.1 59.68 61.96 63.62 64.82 65.27 65.85 66.6 68.5 69.53 72.92 75.06 78.4 73.39 75.91
-9999 -9999 -9999 -9999 -9999 -9999 -9999 211.6364 218.3523 241.04 239.88 257.91 227.34 227.53 228.76 222.48 214.69 230.63 242.38 235.46 227.88 220.12 189.95 177.6 151.61 160.25 167.73 151.21 144.27 146.85 140.92 133.54 129.26 116.7 114.4 107.41 105.85 102.38 99.17 95.14 89.13 82.52 74.54 70.27 66.78 63.47 61.42 59.97 58.6 57.42 58.07 57.97 58.22 58.18 59.16 59.79 59.9 59.57 58.41 55.73 56.89 58.38 59.4 61.66 62.85 63.44 64.94 64.8 65.5 66.7 67.45 68.91 71.23 73.02 74.77 74.86
-9999 -9999 -9999 -9999 -9999 -9999 -9999 -9999 227.59 239.91 209.3 218.01 209.76 214.41 221.46 240.67 247.19 253.38 229.73 234.57 224.87 217.99 202.86 180.94 153.03 160.95 169.16 150.08 143.16 135.73 136.76 137.89 123.84 111.74 113.43 104.03 101.26 99.73 92.96 86.68 84.97 80.71 73.13 67.48 64.18 61.72 59 57.85 56.93 57.63 56.26 55.97 57.39 58.27 58.66 59.4 59.32 58.6 57.46 56.61 57.3 57.47 58.88 60.02 61.15 62.05 61.93 62.46 63.83 63.95 64.72 65.31 66.79 67.46 68.83 72.35
-9999 -9999 -9999 -9999 -9999 -9999 -9999 -9999 219.3 213.9388 217.05 218.67 222.73 211.08 215.59 219.89 220.09 213.06 227.19 233.85 228.84 211.81 189.61 171.78 168.55 177.81 160.61 143.71 132.68 136.35 140.43 145.03 124.33 117.68 108.64 101.16 102.46 98.85 92.68 85.86 80.27 76 71.17 66.3 62.11 59.33 57.09 55.62 55.35 55.26 55.42 56.41 57.1 57.01 58.23 58.59 58.54 58.11 58.07 57.38 57.3 57.23 58.71 59.61 59.95 61.68 59.93 59.7 60.96 61.84 61.98 63.51 64.63 65.33 66.38 68.03
-9999 -9999 -9999 -9999 -9999 -9999 -9999 -9999 212.3289 215.47 212.43 204.74 191.51 191.32 192.25 208.02 212.97 238.72 238.98 227.95 210.32 203.85 187.3 174.87 194.24 170.19 152.24 135.53 127.98 132.85 138.28 136.11 127.66 113.61 105.54 99.74 98.42 94.6 91.09 85.46 80.47 74.52 68.36 64.26 60.77 56.96 55.44 55.47 54.72 54.47 54.1 53.61 54.59 55.36 56.21 56.92 55.86 56.54 56.95 56.75 56.85 57.12 57.88 57.5 57.57 60.05 59.14 60.95 61.23 61.39 62.49 63.26 63.85 64.17 64.72 64.94
-9999 -9999 -9999 -9999 -9999 -9999 -9999 -9999 -9999 209.26 200.69 196.59 193.12 204.74 195.16 196.28 220.05 218.08 212.35 209.45 198.2 215.18 207.21 209.96 196.16 165.9 144 131.91 130.91 135.07 133.37 124.63 117.39 105.03 100.43 97.59 96.86 94.39 87.7 82.79 77.37 74.03 68.74 63.45 58.66 54.33 53.32 53.36 52.51 52.31 51.82 51.97 51.86 52.85 53.25 53.06 53.92 54.44 54.54 56.65 56.71 58.04 58.96 58.8 59.06 59.77 61.36 62.22 62.76 63.05 65.49 65.38 66.71 65.35 64.04 63.52
-9999 -9999 -9999 -9999 -9999 -9999 -9999 -9999 -9999 199.43 199.36 194.79 199.36 191.25 192.02 200.94 215.14 215.95 185.4 210 230.3 228.46 222.19 206.73 188.12 176.27 163.11 137.47 135.45 143.42 146.47 122.61 110.15 101.76 98.6 96.15 95.31 92.36 85.6 83.04 78.26 71.82 68.02 62.65 57.51 54.83 53.05 52.56 51.9 50.32 49.56 50.2 49.88 50.85 51.08 52 53.08 53.19 53.92 55.86 56.53 57.95 58.3 58.99 59.2 60.32 61.25 64.49 68.1 69.28 68.47 64.48 64.66 66.95 65.84 66.75
-9999 -9999 -9999 -9999 -9999 -9999 -9999 -9999 -9999 193.7778 191.43 190.16 188.21 188.05 193.95 192.62 212.93 206.95 189.18 219.24 247.97 224.27 219.32 208.58 186.56 161.86 150.56 143.83 142.22 130.09 132.19 117.31 110.98 111.85 110.25 103.63 95.59 88.25 86.83 83.97 79.5 74.91 69.51 64.65 59.96 57.51 55.53 53.04 52.36 51 50.46 49.68 49.68 50.41 50.88 51.23 52.11 52.23 53.37 53.85 53.91 55.62 56.43 57.73 58.66 59.52 60.6 63.86 67.39 66.31 65.45 64.99 66.15 66.86 68.99 70.35
-9999 -9999 -9999 -9999 -9999 -9999 -9999 -9999 -9999 190.1646 194.61 192.99 197 200.39 193.79 185.8 190.41 181.5 219.5 239.69 216.73 211.82 215.94 193.22 196.94 167.29 172.29 162.19 135.27 126.45 123.94 112.13 114.4 114.05 106.82 98.15 90.42 90.27 87.55 83.45 79.53 76.05 72.04 68.02 64.82 61.7 57.71 54.89 52.13 49.49 50.21 48.93 48.6 49.41 49.39 49.61 50.18 51.52 52.06 52.55 54 54.82 55.66 57.91 58.79 60.14 61.43 62.42 65.48 64.1 65.35 68.83 73.27 76.07 75.81 77.1
-9999 -9999 -9999 -9999 -9999 -9999 -9999 -9999 -9999 188.8679 191.24 191.49 189.55 191.01 185.02 185.58 176.75 215.5 231.48 228.96 188.73 201.93 199.32 175.79 172.7 171.01 179.21 168.98 131.23 129.32 129.17 119.5 118.1 109.46 104.45 98.24 97.84 94.48 88.28 83.18 79.33 76.52 73.13 71.56 66.89 62.07 58.63 56.63 53.13 50.58 48.93 48.22 49 49 49 49 49.71 51.04 51.91 52.01 53.56 54.69 56.36 57.87 59.32 61.05 61.96 63.7 65.8 66.63 66.88 73.97 85.88 85.66 81.74 78.32
-9999 -9999 -9999 -9999 -9999 -9999 -9999 -9999 -9999 -9999 188.4086 184.72 184.53 185.04 183.3 177.72 187.14 198.55 197.03 203.32 188.01 194.87 191.12 182.09 181.25 167.27 156.62 146.35 127.28 135.64 131.79 118.52 111.42 107.77 107.55 102.6 98.74 95.04 90.91 85.69 80.64 75.58 72.25 69.14 65.26 61.79 58.48 55.31 52.33 50.01 48.2 48 49 48.98 48.61 48.67 49.15 49.92 51.5 52 52.82 54.78 57.03 58 60.44 62.88 65.6 66.91 68 71.07 78.33 84.83 83.37 75.8 79.68 73.5
-9999 -9999 -9999 -9999 -9999 -9999 -9999 -9999 -9999 -9999 182.6429 187.63 179.54 178.01 176.31 190.11 224.69 219.62 247.03 240.45 215.99 222.72 211.48 207.44 202.33 190.47 169.12 156.76 130.99 127.37 119.59 113.4 106.43 108.37 106.91 102.99 99.57 94.99 91.59 88.06 82.79 78.02 74.03 69.66 65.89 62.92 59.1 54.83 52.41 50.46 48.37 49 49 48.8 48.18 48.58 49.12 49.12 50.93 51.65 53.01 55.18 56.69 59.1 62.51 65.36 68.28 77.74 79.24 79.39 70.63 70.5 77.78 73.09 67.82 68.68
-9999 -9999 -9999 -9999 -9999 -9999 -9999 -9999 -9999 -9999 177.1861 184.4 185.72 185.61 185.62 189.36 207.38 235.42 248.76 242.24 238.77 236.97 218.91 198.14 202.62 202.34 179.41 151.7 135.99 137.84 129.67 117.67 117.69 111.41 106.65 102.41 99.36 96.27 92.68 87.56 84.47 80.93 75.25 71.17 68.53 65.35 60.86 54.1 49.58 49.68 49.96 49.55 49.4 49.21 49 49 48.98 49 50.44 51.31 52.98 54.59 56.53 59.21 63.52 66.96 79.4 87.53 76.13 70.23 68.08 67 69.83 69.28 64.77 64.14
