layers/wordclim/future/Iberia_wcB2a_10_hadcm3_2080/bio_11.asc
ncols         166
nrows         93
xllcorner     -9.4959440078468
yllcorner     36.000324005443
cellsize      0.083333337679505
NODATA_value  -9999
[rows 33 to 65 of 93, columns 76 to 151 of 166]
59 60.47 63.18 60.62 58.27 53.61 49.87 49.09 48.58 47.54 46.45 43.17 40.05 39.06 40.12 42.57 44.53 44.59 44.26 47.75 47.33 46.62 51.49 45.23 37.76 37.32 45.2 52.01 59.63 69.77 71.23 71.67 70.41 77.27 84.66 92.55 92.5 86.78 88.95 94.53 92.91 98.02 96.51 116.97 114.31 111.6 114.43 112.18 115.94 -9999 -9999 -9999 -9999 -9999 -9999 -9999 -9999 -9999 -9999 -9999 -9999 -9999 -9999 -9999 -9999 -9999 -9999 -9999 -9999 -9999 -9999 -9999 -9999 -9999 -9999 -9999
66.09 64.33 60.29 55.59 53.77 54.37 53.02 51 48.48 47.24 50.98 46.17 45.03 40.08 44.74 43.1 41.26 41.82 41.9 44.83 45.44 48.74 50.74 45.62 43.65 41.19 47.94 49.41 54.48 60.39 63.83 62.72 68.15 72.26 79.58 88.23 80.66 78.34 84.79 90.64 89.55 84.49 91.17 123.49 123.9 106.27 122.7879 -9999 -9999 -9999 -9999 -9999 -9999 -9999 -9999 -9999 -9999 -9999 -9999 -9999 -9999 -9999 -9999 -9999 -9999 -9999 -9999 -9999 -9999 -9999 -9999 -9999 -9999 -9999 -9999 -9999
69.87 65.56 58.15 56.34 56.28 58.57 57.32 51.01 49.58 51.95 49.83 47.01 46.82 45.13 43.4 42.27 43.01 39.36 37.98 41.32 47.51 50.67 47.62 38.13 37.58 39.74 41.51 42.86 47.08 46.19 47.53 52.87 58.35 65.11 80.29 79.43 82.08 76.27 81.82 77.11 73.28 65.56 98.18 129.7 130.36 128.5 133.9437 -9999 -9999 -9999 -9999 -9999 -9999 -9999 -9999 -9999 -9999 -9999 -9999 -9999 -9999 -9999 -9999 -9999 -9999 -9999 -9999 -9999 -9999 -9999 -9999 -9999 -9999 -9999 -9999 -9999
68.42 59.43 59.33 58.53 54.75 60.87 63.84 62.18 58.62 51.91 42.43 39.5 37.34 40.54 39.53 36.33 36.97 34.5 36.68 36.08 44.95 50.91 45.3 36.32 39.93 40.58 39.35 38.74 40.75 45.94 46.79 52.07 57.72 68.52 72.36 75.02 71.27 66.02 67.24 61.64 74.98 85.05 114.24 128.58 133.39 136.3814 136.5806 136.0233 135.3044 -9999 -9999 -9999 -9999 -9999 -9999 -9999 -9999 -9999 -9999 -9999 -9999 -9999 -9999 -9999 -9999 -9999 -9999 -9999 -9999 -9999 -9999 -9999 -9999 -9999 -9999 -9999
65.08 62.68 63.08 57.83 55.44 63.43 59.6 54.93 50.14 49.4 45.86 41.11 37.46 36.4 36.13 34.83 31.69 26.69 32.67 32.43 38.3 47.12 51.16 40.43 41.88 45.85 45.07 39.69 41.23 40.89 40.89 44.4 44.21 58.31 66.3 72.88 70.38 66.03 70.95 79.3 95.08 112.62 122 125.53 121.9043 -9999 -9999 -9999 -9999 -9999 -9999 -9999 -9999 -9999 -9999 -9999 -9999 -9999 -9999 -9999 -9999 -9999 -9999 -9999 -9999 -9999 -9999 -9999 -9999 -9999 -9999 -9999 -9999 -9999 -9999 -9999
63.89 67.34 62.64 58.6 60.7 66.5 59.43 58.6 56.82 58.39 55.87 50.52 43.55 38.28 28.26 29.13 25.92 22.29 27.24 31.2 35.51 44.63 52.83 47.57 43.75 50.59 44.68 32.3 40.45 38.7 36.03 36.28 34.03 50.2 58.29 66.68 68.13 67.07 78.73 90.7 109.22 118.69 127.17 131.16 -9999 -9999 -9999 -9999 -9999 -9999 -9999 -9999 -9999 -9999 -9999 -9999 -9999 -9999 -9999 -9999 -9999 -9999 -9999 -9999 -9999 -9999 -9999 -9999 -9999 -9999 -9999 -9999 -9999 -9999 -9999 -9999
67.06 65.94 61.42 62.81 67.63 68.43 66.38 68.65 66.36 64.72 55.98 51.93 43.68 37.01 31.56 26.15 25.8 22.15 24.91 31.49 38.15 44.12 51.71 51.04 47.42 51.95 38.38 35.14 35.03 31.57 23.92 27.44 34.32 39.73 53.25 59.29 64.82 71.44 90.82 104.01 112.1 120.36 131.11 135.28 -9999 -9999 -9999 -9999 -9999 -9999 -9999 -9999 -9999 -9999 -9999 -9999 -9999 -9999 -9999 -9999 -9999 -9999 -9999 -9999 -9999 -9999 -9999 -9999 -9999 -9999 -9999 -9999 -9999 -9999 -9999 -9999
70.61 66.84 67.81 72.89 69.52 71.04 62.96 60.64 66.3 60.96 60.02 56.51 52.08 39.73 35.26 29.34 25.3 24.27 29.45 36.37 38.18 40.57 49.78 55.21 58.48 51.76 40.82 41 38.36 32.5 22.33 24.64 34.56 44.77 59.04 74.79 78.68 89.51 99.14 112.15 110.9 121.33 129.5663 -9999 -9999 -9999 -9999 -9999 -9999 -9999 -9999 -9999 -9999 -9999 -9999 -9999 -9999 -9999 -9999 -9999 -9999 -9999 -9999 -9999 -9999 -9999 -9999 -9999 -9999 -9999 -9999 -9999 -9999 -9999 -9999 -9999
69.73 70.33 74.94 70.83 65.52 70.03 67.7 62.76 61.72 58.37 56.96 53.9 50.39 40.48 33.39 31.56 33.82 24.09 27.91 30.61 33.49 39.76 45.11 53.17 61.79 52.75 45.27 53.74 53.83 43.8 35 41.63 42.69 50.73 61.13 81.43 91.04 93.72 99.14 119.27 123.83 121.1463 -9999 -9999 -9999 -9999 -9999 -9999 -9999 -9999 -9999 -9999 -9999 -9999 -9999 -9999 -9999 -9999 -9999 -9999 -9999 -9999 -9999 -9999 -9999 -9999 -9999 -9999 -9999 -9999 -9999 -9999 -9999 -9999 -9999 -9999
74.08 77.4 75.62 65.51 64.34 67.49 60.83 62.52 61.95 61.13 56.54 50.27 55.88 42.76 40.96 38.68 32.31 31.72 31.61 37.54 31.26 45.44 49.31 59.65 56.62 45.29 48.02 60.36 64.84 61.61 58.33 55.61 63.67 64.11 69.81 95.06 108.72 108.52 113.19 120.09 131.9079 -9999 -9999 -9999 -9999 -9999 -9999 -9999 -9999 -9999 -9999 -9999 -9999 -9999 -9999 -9999 -9999 -9999 -9999 -9999 -9999 -9999 -9999 -9999 -9999 -9999 -9999 -9999 -9999 -9999 -9999 -9999 -9999 -9999 -9999 -9999
80.67 77.84 72.96 65.51 63.74 64.47 60.98 59.59 59.3 55.64 55.95 56.7 55.81 45.61 40.74 38.2 40.18 39.71 42.8 41.78 39.57 48.35 64.07 61.36 48.36 30.42 34.63 52.81 65.92 70.08 74.7 78.69 75.77 82.17 89.7 101.79 114.22 113.69 115.14 126.6364 -9999 -9999 -9999 -9999 -9999 -9999 -9999 -9999 -9999 -9999 -9999 -9999 -9999 -9999 -9999 -9999 -9999 -9999 -9999 -9999 -9999 -9999 -9999 -9999 -9999 -9999 -9999 -9999 -9999 -9999 -9999 -9999 -9999 -9999 -9999 -9999
75.44 73.09 71.15 67.1 64.64 63.82 61.8 58.72 58.67 54.39 57.44 61.86 58.07 51.9 45.49 49.31 49.17 45.01 49.39 47.08 41.76 50.09 65.21 56.44 43.18 31.35 38.05 51.93 59.23 67.64 69.41 83.8 89.83 99.54 108.65 118.41 119.49 120.04 124.194 -9999 -9999 -9999 -9999 -9999 -9999 -9999 -9999 -9999 -9999 -9999 -9999 -9999 -9999 -9999 -9999 -9999 -9999 -9999 -9999 -9999 -9999 -9999 -9999 -9999 -9999 -9999 -9999 -9999 -9999 -9999 -9999 -9999 -9999 -9999 -9999 -9999
71.66 71.61 70.78 67.84 65.75 67.35 66.27 62.54 61.46 59.52 60.99 59.31 57.79 55.66 52.45 56.61 56.28 55.85 51.62 50.12 51.86 56.88 62.41 67.05 60.58 52.03 46.08 40.05 52.25 69.44 79.88 87.27 85.84 95.99 112.69 124.54 128.97 131.732 -9999 -9999 -9999 -9999 -9999 -9999 -9999 -9999 -9999 -9999 -9999 -9999 -9999 -9999 -9999 -9999 -9999 -9999 -9999 -9999 -9999 -9999 -9999 -9999 -9999 -9999 -9999 -9999 -9999 -9999 -9999 -9999 -9999 -9999 -9999 -9999 -9999 -9999
73.76 73.9 71.88 69.38 68.61 68.08 66.85 66.63 63.8 63.56 65.26 59.19 56.2 54.18 54.16 58.45 56.19 60.89 54.22 49.47 55.6 61.75 60.21 64.56 72.27 68.22 63.4 57.36 55.56 71.63 85.94 100.24 104.57 97 104.72 123.11 132.8485 -9999 -9999 -9999 -9999 -9999 -9999 -9999 -9999 -9999 -9999 -9999 -9999 -9999 -9999 -9999 -9999 -9999 -9999 -9999 -9999 -9999 -9999 -9999 -9999 -9999 -9999 -9999 -9999 -9999 -9999 -9999 -9999 -9999 -9999 -9999 -9999 -9999 -9999 -9999
76.58 74.93 73.44 69.84 68.1 67.7 69.74 68.74 65.63 65.94 68.18 64.88 62.01 57.57 57.07 60.42 60.39 61.72 63.09 62.56 64.31 61.75 61.86 70.1 81.07 80.2 76.36 74.45 81.52 82.26 87.55 93.08 108.06 117.35 119.2 131.38 -9999 -9999 -9999 -9999 -9999 -9999 -9999 -9999 -9999 -9999 -9999 -9999 -9999 -9999 -9999 -9999 -9999 -9999 -9999 -9999 -9999 -9999 -9999 -9999 -9999 -9999 -9999 -9999 -9999 -9999 -9999 -9999 -9999 -9999 -9999 -9999 -9999 -9999 -9999 -9999
77.25 76.27 74.94 72.38 71.53 68.87 71.15 69.25 66.3 67.23 70.7 69.36 63.7 61.17 60.92 61.34 62.93 66.55 70.54 71.39 67.98 59.99 68.66 71.26 76.9 85.62 95.9 97.83 102.13 109.1 112.64 110.06 102.52 117.06 128.87 134.8026 -9999 -9999 -9999 -9999 -9999 -9999 -9999 -9999 -9999 -9999 -9999 -9999 -9999 -9999 -9999 -9999 -9999 -9999 -9999 -9999 -9999 -9999 -9999 -9999 -9999 -9999 -9999 -9999 -9999 -9999 -9999 -9999 -9999 -9999 -9999 -9999 -9999 -9999 -9999 -9999
79.22 78.38 74.62 71.78 74.15 73.31 70.67 72.41 68.99 68.7 70.98 71.05 69.81 66.97 65.86 65.43 64.65 64.86 70.59 75.24 69.08 68.31 74.51 72.72 66.76 71.25 86.81 103.8 110.91 118.42 122.41 124.83 125.65 127.33 133.7234 -9999 -9999 -9999 -9999 -9999 -9999 -9999 -9999 -9999 -9999 -9999 -9999 -9999 -9999 -9999 -9999 -9999 -9999 -9999 -9999 -9999 -9999 -9999 -9999 -9999 -9999 -9999 -9999 -9999 -9999 -9999 -9999 -9999 -9999 -9999 -9999 -9999 -9999 -9999 -9999 -9999
80.63 79.91 78.34 76.21 77.46 75.96 73.24 73.17 73.6 73.52 73.02 69.64 70.15 72.6 71.43 71.25 70.63 71.38 72.64 79.61 75.8 74.93 77.24 81.08 79.24 80.11 80.13 82.17 102.18 117.94 123.73 128.13 130.35 134.68 -9999 -9999 -9999 -9999 -9999 -9999 -9999 -9999 -9999 -9999 -9999 -9999 -9999 -9999 -9999 -9999 -9999 -9999 -9999 -9999 -9999 -9999 -9999 -9999 -9999 -9999 -9999 -9999 -9999 -9999 -9999 -9999 -9999 -9999 -9999 -9999 -9999 -9999 -9999 -9999 -9999 -9999
79.4 80.76 81.05 80.02 79.46 78.97 78.2 77.6 76.13 76.37 73.69 71.19 74.76 75.16 74.48 74.45 76.12 76.1 79.15 86.05 82.49 81.93 86.11 89.28 88 83.37 83.75 85.84 99.88 115.59 123.5 129.61 133.57 136.47 -9999 -9999 -9999 -9999 -9999 -9999 -9999 -9999 -9999 -9999 -9999 -9999 -9999 -9999 -9999 -9999 -9999 -9999 -9999 -9999 -9999 -9999 -9999 -9999 -9999 -9999 -9999 -9999 -9999 -9999 -9999 -9999 -9999 -9999 -9999 -9999 -9999 -9999 -9999 -9999 -9999 -9999
82.24 82.99 82.73 81.97 81.57 80.94 80.32 80.28 79.69 79.28 77.49 77.22 78.5 77.42 77.55 77.69 78.66 79.76 80.35 84.25 92.88 94.55 93.91 94.16 89.67 89.56 91.05 97.34 110.52 117.78 122.88 126.97 134.1 137.7 -9999 -9999 -9999 -9999 -9999 -9999 -9999 -9999 -9999 -9999 -9999 -9999 -9999 -9999 -9999 -9999 -9999 -9999 -9999 -9999 -9999 -9999 -9999 -9999 -9999 -9999 -9999 -9999 -9999 -9999 -9999 -9999 -9999 -9999 -9999 -9999 -9999 -9999 -9999 -9999 -9999 -9999
84.38 84.01 83.92 82.61 82.03 81.73 80.74 80.85 80.62 80.29 79.5 79.3 79.52 80.48 80.45 81.17 82.06 82.34 83.42 84.03 84.18 87.84 92.54 95.18 96.41 94.43 94.05 102.77 103.36 106.39 122.77 127.81 134.09 137.67 138.2063 -9999 -9999 -9999 -9999 -9999 -9999 -9999 -9999 -9999 -9999 -9999 -9999 -9999 -9999 -9999 -9999 -9999 -9999 -9999 -9999 -9999 -9999 -9999 -9999 -9999 -9999 -9999 -9999 -9999 -9999 -9999 -9999 -9999 -9999 -9999 -9999 -9999 -9999 -9999 -9999 -9999
84.47 84.4 84.04 82.88 81.88 80.92 79.8 79.72 79.42 80.63 81.18 81.45 81.64 82.65 83.15 83.79 84.84 85.3 85.4 87.33 87.77 87.15 86.08 85.36 92.64 102.04 89 89.35 103.86 113.35 119.63 132.98 136.08 137.68 138.2626 -9999 -9999 -9999 -9999 -9999 -9999 -9999 -9999 -9999 -9999 -9999 -9999 -9999 -9999 -9999 -9999 -9999 -9999 -9999 -9999 -9999 -9999 -9999 -9999 -9999 -9999 -9999 -9999 -9999 -9999 -9999 -9999 -9999 -9999 -9999 -9999 -9999 -9999 -9999 -9999 -9999
84.91 84.38 82.91 81.03 80.05 78.52 77.86 77.43 76.04 78.13 80.49 82.11 83.19 83.76 84.56 85.37 86.57 87.14 87.67 86.62 84.9 81.2 76.36 79.63 86.28 98.07 83.93 91.62 110.55 118.78 125.24 134.25 136.03 130.73 133.33 -9999 -9999 -9999 -9999 -9999 -9999 -9999 -9999 -9999 -9999 -9999 -9999 -9999 -9999 -9999 -9999 -9999 -9999 -9999 -9999 -9999 -9999 -9999 -9999 -9999 -9999 -9999 -9999 -9999 -9999 -9999 -9999 -9999 -9999 -9999 -9999 -9999 -9999 -9999 -9999 -9999
83.63 82.04 79.41 75.59 74.33 73.52 73.22 74.01 72.25 73.46 77.53 82.04 84.11 85.21 86.08 86.72 86.92 85.91 82 80.16 75.83 72.51 69.78 77 84.62 94.26 84.06 91.18 103.76 116.49 125.94 131.88 134.08 124.41 124.55 136.7778 -9999 -9999 -9999 -9999 -9999 -9999 -9999 -9999 -9999 -9999 -9999 -9999 -9999 -9999 -9999 -9999 -9999 -9999 -9999 -9999 -9999 -9999 -9999 -9999 -9999 -9999 -9999 -9999 -9999 -9999 -9999 -9999 -9999 -9999 -9999 -9999 -9999 -9999 -9999 -9999
79.54 77.23 75.78 76.73 74.28 72.34 70.18 69.1 67.82 70.21 75.61 81.46 84.39 85.74 86.92 86.98 85.66 79.92 76.02 75.78 72.44 73.88 79.17 82.44 86.12 86.05 79.42 89.26 101.25 112.4 121.23 125.47 127.96 121.12 118.97 135.43 139.5536 -9999 -9999 -9999 -9999 -9999 -9999 -9999 -9999 -9999 -9999 -9999 -9999 -9999 -9999 -9999 -9999 -9999 -9999 -9999 -9999 -9999 -9999 -9999 -9999 -9999 -9999 -9999 -9999 -9999 -9999 -9999 -9999 -9999 -9999 -9999 -9999 -9999 -9999 -9999
80.09 78.94 75.51 74.47 75.05 72.56 71.49 70.44 69.05 70.19 74.42 78.88 83.04 85.28 86.99 85.64 83.8 81.77 79.67 78.04 77.57 79.79 82.3 85.09 89.78 91 87.71 93.48 105.01 106.25 111.25 122.61 124.4 119.4 116.78 122.64 134.78 138.6119 -9999 -9999 -9999 -9999 -9999 -9999 -9999 -9999 -9999 -9999 -9999 -9999 -9999 -9999 -9999 -9999 -9999 -9999 -9999 -9999 -9999 -9999 -9999 -9999 -9999 -9999 -9999 -9999 -9999 -9999 -9999 -9999 -9999 -9999 -9999 -9999 -9999 -9999
82.46 80.63 76.6 74.49 73.85 72.59 71.4 71.03 71.2 72.87 73.27 75.18 76.71 78.02 81.96 81.09 81.45 81.05 79.76 79 79.39 81.97 86.1 84.49 83.41 87.05 94.31 102.35 98.39 99.92 105.95 101.61 104.48 115.06 103.33 105.36 115.65 130.55 134.33 135.5979 -9999 -9999 -9999 -9999 -9999 -9999 -9999 -9999 -9999 -9999 -9999 -9999 -9999 -9999 -9999 -9999 -9999 -9999 -9999 -9999 -9999 -9999 -9999 -9999 -9999 -9999 -9999 -9999 -9999 -9999 -9999 -9999 -9999 -9999 -9999 -9999
82.29 80.92 78.41 75.98 73.09 73.41 75.29 74.55 70.28 66.28 64.1 64.04 64.5 70.39 77.19 81.2 80.01 82 83.17 84.47 85.78 82.69 88.01 90.98 91.21 92.75 103.16 99.74 96.83 94.54 88.77 89.69 101.13 104.67 91.29 100.92 105.67 117.91 129.65 134.9157 -9999 -9999 -9999 -9999 -9999 -9999 -9999 -9999 -9999 -9999 -9999 -9999 -9999 -9999 -9999 -9999 -9999 -9999 -9999 -9999 -9999 -9999 -9999 -9999 -9999 -9999 -9999 -9999 -9999 -9999 -9999 -9999 -9999 -9999 -9999 -9999
81.1 80.65 79.63 75.41 77.96 77.88 83.25 74.62 63.32 57.77 64.81 63.64 67.76 73.66 80.15 84.03 87.97 89.74 90.59 91.7 91.38 88.97 87.54 91.58 97.67 99.21 103.81 106.74 99.69 90.26 94.67 85.02 88.11 91.31 95.67 98.76 127.88 129.3026 -9999 -9999 -9999 -9999 -9999 -9999 -9999 -9999 -9999 -9999 -9999 -9999 -9999 -9999 -9999 -9999 -9999 -9999 -9999 -9999 -9999 -9999 -9999 -9999 -9999 -9999 -9999 -9999 -9999 -9999 -9999 -9999 -9999 -9999 -9999 -9999 -9999 -9999
83.02 84.7 79.58 81.78 86.68 85.74 78.39 61.62 57.71 57.48 65.62 74.21 77.92 83.57 89.6 91.6 92.32 96.18 100.29 99.32 95.81 96.16 93.58 93.93 100.76 99.21 96.15 106.56 104.55 88.89 100.21 101.48 112.09 105.75 126.53 131.8445 136.3175 -9999 -9999 -9999 -9999 -9999 -9999 -9999 -9999 -9999 -9999 -9999 -9999 -9999 -9999 -9999 -9999 -9999 -9999 -9999 -9999 -9999 -9999 -9999 -9999 -9999 -9999 -9999 -9999 -9999 -9999 -9999 -9999 -9999 -9999 -9999 -9999 -9999 -9999 -9999
86.31 84.37 85.93 89.99 89.55 83.14 77.51 73.38 64.85 63.77 74.74 80.73 85.68 92.04 90.72 96.41 102.41 104.79 104.28 100.85 96.81 100.12 101.57 98.7 91.33 97.08 102.37 107.94 113.98 105.62 114.22 123.6 131.7 132.3649 -9999 -9999 -9999 -9999 -9999 -9999 -9999 -9999 -9999 -9999 -9999 -9999 -9999 -9999 -9999 -9999 -9999 -9999 -9999 -9999 -9999 -9999 -9999 -9999 -9999 -9999 -9999 -9999 -9999 -9999 -9999 -9999 -9999 -9999 -9999 -9999 -9999 -9999 -9999 -9999 -9999 -9999
91.8 91.36 92.88 97.18 93.62 87.3 84 70.66 63.67 73.23 88.93 94.09 91.72 92.17 98.14 104.38 102.94 106.31 108.08 107.72 109.57 105.93 103.47 105.91 101.4 102.86 100.08 110.27 121.9 124.83 128.05 135.65 138.7692 -9999 -9999 -9999 -9999 -9999 -9999 -9999 -9999 -9999 -9999 -9999 -9999 -9999 -9999 -9999 -9999 -9999 -9999 -9999 -9999 -9999 -9999 -9999 -9999 -9999 -9999 -9999 -9999 -9999 -9999 -9999 -9999 -9999 -9999 -9999 -9999 -9999 -9999 -9999 -9999 -9999 -9999 -9999
94.28 97.08 103 90.3 78.93 86.28 67.41 59.3 71.55 73.42 80.94 78.88 75.47 75.55 85.57 94.68 107.59 112.33 111.31 114.58 118.32 112.88 109.13 99.57 102.52 108.17 107.94 112.48 123.77 131.1 134.29 138.7895 -9999 -9999 -9999 -9999 -9999 -9999 -9999 -9999 -9999 -9999 -9999 -9999 -9999 -9999 -9999 -9999 -9999 -9999 -9999 -9999 -9999 -9999 -9999 -9999 -9999 -9999 -9999 -9999 -9999 -9999 -9999 -9999 -9999 -9999 -9999 -9999 -9999 -9999 -9999 -9999 -9999 -9999 -9999 -9999
