layers/wordclim/future/Iberia_wcB2a_10_hadcm3_2080/bio_19.asc
ncols         166
nrows         93
xllcorner     -9.4959440078468
yllcorner     36.000324005443
cellsize      0.083333337679505
NODATA_value  -9999
[rows 0 to 32 of 93, columns 0 to 72 of 166]
-9999 -9999 -9999 -9999 -9999 -9999 -9999 -9999 -9999 -9999 -9999 -9999 -9999 -9999 -9999 -9999 -9999 417.0732 449.4861 400.4179 395.3333 398.1932 382 374.9697 -9999 -9999 -9999 -9999 -9999 -9999 -9999 -9999 -9999 -9999 -9999 -9999 -9999 -9999 -9999 -9999 -9999 -9999 -9999 -9999 -9999 -9999 -9999 -9999 -9999 -9999 -9999 -9999 -9999 -9999 -9999 -9999 -9999 -9999 -9999 -9999 -9999 -9999 -9999 -9999 -9999 -9999 -9999 -9999 -9999 -9999 -9999 -9999 -9999
-9999 -9999 -9999 -9999 -9999 -9999 -9999 -9999 -9999 -9999 -9999 -9999 -9999 -9999 -9999 -9999 417.9546 422.0421 432.02 410.59 429.84 429.65 394.4445 411.69 400.67 370.6082 -9999 -9999 -9999 -9999 -9999 -9999 -9999 -9999 -9999 -9999 -9999 -9999 -9999 -9999 -9999 -9999 -9999 265.625 263.75 -9999 -9999 -9999 -9999 -9999 -9999 -9999 -9999 -9999 -9999 -9999 -9999 -9999 -9999 -9999 -9999 -9999 -9999 -9999 -9999 -9999 -9999 -9999 -9999 -9999 -9999 -9999 -9999
-9999 -9999 -9999 -9999 -9999 -9999 -9999 -9999 -9999 -9999 -9999 -9999 -9999 -9999 425.463 415.1263 422.9495 428.01 434.85 456 464.42 450.56 430.77 444.39 387.55 360.42 351.8316 348.1139 339.0563 321.2545 317.65 312.6786 312.3684 297.7662 306.5443 292.2121 290.5891 292.9722 293.7727 283.9588 276.6795 270.9405 265.6667 262.81 263.53 255.987 254.3607 260.1667 261.5763 -9999 -9999 -9999 -9999 -9999 -9999 -9999 -9999 -9999 -9999 -9999 -9999 -9999 -9999 -9999 -9999 -9999 -9999 -9999 -9999 -9999 -9999 -9999 -9999
-9999 -9999 -9999 -9999 -9999 -9999 -9999 -9999 -9999 -9999 -9999 -9999 -9999 -9999 -9999 -9999 446.3535 472.86 475.9 457.72 467.94 480.69 483.91 475.51 430.98 384.31 358.72 369.2 338.61 332.0303 346.3 349.07 344.07 315.65 342.02 315.63 300.69 304.71 315.39 285.91 270.1111 275.55 274.92 264.47 259.81 258.96 265.42 266.73 255.37 259.7 262.65 266.4359 259.3846 258.4237 263.6 -9999 -9999 -9999 -9999 -9999 -9999 -9999 -9999 -9999 -9999 -9999 -9999 368.9863 -9999 391.9365 405.6458 414.6667 426.4783
-9999 -9999 -9999 -9999 -9999 -9999 -9999 -9999 -9999 -9999 -9999 -9999 -9999 -9999 431.2239 429.2083 454.43 479.88 478.28 483.94 465.11 459.63 452.62 460.57 437.72 419.54 394.57 364.78 358.49 383.64 401.05 372.26 343.63 344.79 350.11 314.48 325.94 333.69 300.4 279.8 271.62 260.33 256.36 261.58 255.94 254.48 257.09 256 254.88 254.41 255.26 249.32 250.94 262.74 268 274.35 286.91 280.1383 279.5309 279.7808 286.8441 293.5256 302.5833 315.3253 325.1021 332.1 347.11 358.39 370.7813 380.34 394.12 404.78 412.5833
-9999 -9999 -9999 -9999 -9999 -9999 420.037 420.0875 435.446 -9999 454.3919 459.6747 458.82 441.6566 439.62 -9999 464.53 487.47 505.22 487.29 467.48 449.94 440.04 421.43 421.63 409.11 400.24 371.08 400.7 404.79 388.46 344.78 351.66 379.04 365.99 324.53 305.1 300.71 307.56 289.25 289.04 282.68 269.32 257.66 254.51 252.19 255.58 265.18 266.38 256.72 270.23 260.31 254.44 271.76 287.74 289.02 278.37 289.4 279.26 285.99 285.85 295.15 300.33 307 317.91 324.16 335.35 346.6 358.91 368.26 378.45 387.49 400.24
-9999 -9999 -9999 -9999 -9999 -9999 432.4932 440.9 451.82 456.7 480 526.36 515.87 497.72 471.98 470.54 497.13 503.27 505.35 487.51 474.94 447.5 435.91 417.06 406.95 405.49 409.3 389.96 395.38 395.55 367.95 342.43 374.5 389.73 342.99 319.56 315.32 341.9 324.02 324.46 317.87 283.68 328 278.65 250.91 261.75 263.69 258.54 261.53 263.04 295.09 277.41 269.95 303.35 375.3 339.06 355.28 343.35 282.8 296.15 291.23 289.69 293.9 303.79 307.63 313.1 324.8 333.85 342.14 353.05 366.87 368.93 378.42
-9999 -9999 -9999 -9999 396.5699 431.19 446.41 485.5 510.37 517.83 543.99 543.74 535.99 539.59 526.62 530.65 533.71 521.61 513.02 489.26 477.67 459.38 431.95 419.3 412.71 415.81 420.16 395.44 421.7 395.27 393.78 358.05 373.68 383.01 347.57 331.02 356.16 381.17 332.99 353.69 328.55 334.24 291.33 283.68 260.16 277.42 268.7 267.25 291.59 307.4 290.34 300.85 316.72 290.71 327.71 347.3 325.74 276.11 264.24 275.82 317 300.25 297.44 299.75 303.38 301.68 314.59 317.46 327.78 343.77 351.84 353.24 356.65
-9999 -9999 -9999 387.6907 414.54 467.32 484.28 512.49 530.09 548.56 550.61 555.26 540.02 541.78 539.6 532.89 530.56 532.05 536.99 509.74 478.98 465.41 438.98 427.61 426.83 421.86 430.06 422.79 392.06 385.44 355.09 350.69 384.38 402.85 355.03 384.88 373.62 429.46 424.12 400.48 427.8 379.15 394.75 305 272.69 342 345.43 320.82 339.82 347.3 307.44 326.47 300.7 289.63 317.92 314.38 350.85 344.09 313.97 292.89 305.62 343.13 320.81 296.12 295.3 297.39 302.37 306.27 314.44 319.51 323.01 329.24 336.12
-9999 -9999 -9999 383.9765 445.4243 479.16 504.68 521.45 533.18 548.36 553.29 556.57 558.53 560.81 558.64 550.97 533.55 542.42 529.34 521.23 490.51 479.99 458.83 424.54 408.3 405.23 423.94 411.49 404.79 363.19 360.12 383.14 377.23 397.87 395.83 407.38 422.63 384.08 373.2 366.43 374.38 345.05 343 353.23 325.39 310.56 320.95 300.21 320.99 300.06 268.12 286 285.85 280.07 273.04 297.05 335.18 342.3 324.97 294.42 282.74 329.83 311.68 279.88 278.32 282.65 285.69 290.79 295.31 299.81 303.07 309.01 315.39
-9999 -9999 -9999 -9999 430 498.37 510.21 514.72 543.48 532.27 526.96 571.49 590.53 561.28 554.75 545.63 519.43 515.7 510.75 505.61 501.43 471.18 443.76 419.45 400.62 401.32 408.2 421.24 387.16 372.19 398.73 433.44 457.1 442.76 397.65 392.94 375.35 383.53 412.95 381.29 388.66 379.07 333.98 296.54 330.52 288.88 278.13 267.53 284.86 256.81 251.17 270.63 256.42 272.13 259.01 286.44 288.89 289.51 287.67 263.96 257.51 261.04 263.89 262.18 265.61 267.25 274.31 271.56 276.94 279.45 288.91 293.11 295.67
-9999 -9999 -9999 -9999 431.9 455.2656 470.4091 486.8681 583.49 553.55 545 544.82 563.69 548.4 541.71 569.03 547.06 540.56 537.93 507.63 505.6 480.52 435.98 444.89 430.05 394.7 431.8 433.82 410.54 408.26 414.91 472.9 419.68 378.49 339.31 336.75 369.41 404.04 395.49 377.18 337.59 304.58 279.25 267.36 255.99 262.71 235.29 229.64 235.72 226.31 228.97 232.24 230.78 240.19 233.32 246.93 255.99 242.92 243.2 247.95 243.01 243.63 240.84 244.06 251.26 249.57 252.82 261.37 261.42 268.2 275.86 275.11 278.66
-9999 -9999 -9999 -9999 -9999 -9999 559.4674 530.56 561.19 538.54 568.87 593.07 581.67 615.74 595.12 586.24 582.23 557.92 558.03 549.92 496.75 454.5 471.37 463.94 433.98 425.71 450.68 478.25 473.39 444.41 409.74 419.97 365.35 327.48 320.73 307.41 322.74 322.69 309.2 306.03 310.95 296.6 268.46 245.32 233.2 231.58 212.48 207.55 212.48 203.46 214.02 208.98 214.22 213.71 220.33 226.51 226.97 227.07 224.41 228.98 224.11 227.71 227.84 235.88 239.09 240.7 241.48 245.01 245.37 252.68 261.13 259.4 255.67
-9999 -9999 -9999 -9999 -9999 478.3898 536.2659 -9999 -9999 586.61 590.85 634.49 651.22 656.9 654.63 600.52 583.73 582.42 573.72 560.08 495.04 456.48 458.62 437.24 394.3 420.84 460.25 444.44 451.19 463.64 408.11 368.98 331.42 300.16 286.44 285.92 277.82 274.87 281.81 293.57 271.09 250.85 240.88 224.38 215.64 209.07 191.65 189.66 190.46 191.12 195.12 193.66 202.4 197.33 207.38 211.06 210.09 212.02 208.67 211.93 210.69 209.62 213.11 220.07 223.17 227.68 229.38 232.25 234.58 239.82 241.67 239.56 237.28
-9999 -9999 -9999 -9999 -9999 -9999 -9999 508 546.8915 574.79 619.3 656.55 667.03 659.48 659.12 634.69 602.18 597.88 588.21 546.23 507.6 456.89 441.15 392.5 386.72 397.75 421.8 423.13 451.83 443.99 403.57 342.7 309.19 285.61 280.35 284.21 312.18 326 321.71 299.16 260.54 237.82 226.59 209.35 199.86 191.73 182.94 178.71 178.29 180.13 181.58 187.74 189.23 185.56 191.9 196.84 194.18 197.3 197.01 196.51 198.59 197.28 198.67 201.36 204.35 207.14 210.94 218.45 220.34 222.24 220.32 221.84 230.14
-9999 -9999 -9999 -9999 -9999 -9999 -9999 542.1042 586.8261 653.2247 621.9 665.75 689.39 693.48 659.71 612.96 571.96 540.35 518.37 500.76 477.48 455.64 425.73 408.43 423.88 414.94 397.98 386.73 430.67 396.48 366.17 335.58 314.12 336.59 367.23 345.82 365 360.26 306.92 270.39 244.21 224.78 216.06 200.11 191.26 184.56 177.57 171.12 169.98 172.43 175.08 177.71 178.11 175.44 180.38 184.98 182.86 181.29 182.84 183.12 183.52 185.38 187.56 188.41 191.43 193.22 200.4 203.56 202.85 203.78 207.44 213.45 217.52
-9999 -9999 -9999 -9999 -9999 -9999 -9999 -9999 -9999 663.5294 654.7634 683.78 686.41 699.2 666.73 591.9 512.13 504.3 466.52 439.12 432.94 501.63 504.16 462.47 445.98 476.06 463.05 379.34 358.12 405.23 404.42 358.91 397.82 397.1 367.09 419.54 413.85 365.68 301.25 271.11 244.74 221.52 203.7 193.12 185.01 177.91 172.9 166.07 166.98 167.66 166.91 168.52 167.54 166.78 170.35 173.6 172.82 170.92 171.31 171.98 173 174.11 175.13 176.74 179.46 185.09 188.62 188.19 188.86 188.36 194.72 202.85 209.05
-9999 -9999 -9999 -9999 -9999 -9999 -9999 -9999 613.6282 681.8485 -9999 712.48 698.79 677.49 686.64 606.65 495.88 486.61 497.01 440.06 443.33 493.86 491.88 529.3 529.86 516.08 528.9 429.11 401.16 423.87 459.19 457.88 456.29 439.79 398.87 350.58 355.37 373.53 324.03 270.22 235.12 215.21 199.72 188.27 179.87 173.36 167.5 162.05 164.11 165.12 161.58 160.43 160.11 159.91 162.11 163.17 163.84 162.87 161.9 161.54 162.11 164.15 165.57 168.79 172.95 178.87 177.86 177.48 179.26 182.08 188.42 194.68 204.25
-9999 -9999 -9999 -9999 -9999 -9999 -9999 -9999 -9999 661.7143 704.56 663.81 634.04 662.33 651.91 571.83 520 514.4 498.27 499.39 493.37 497.08 476.62 536.75 572.34 573.95 580.1 503.68 425.01 452.09 465.14 497.18 524.44 492.65 437.75 419.43 387.47 335.01 303 261.02 234.16 214.59 200.3 185.24 174.78 168.26 161.86 158.7 159.4 157.08 154.96 154.35 153.84 155.33 154.9 155.5 154.97 156.18 154.97 153.33 153.56 156.59 159.58 163.49 167.73 166.53 166.67 170.79 172.79 175.66 181.35 188.53 205.53
-9999 -9999 -9999 -9999 -9999 -9999 -9999 -9999 619.1099 725.21 628.55 634.5 596.19 629.99 544.06 569.15 588.94 616.45 579.3 564.11 544.99 504.61 501 512.41 539.06 558.65 529.98 478.14 442.82 472.41 490.09 511.3 486.2 405.77 363.95 348.3 331.12 300.37 268.74 240.47 225.57 207.21 192.57 182.76 169.55 163.84 157.58 154.32 152.06 149.13 149.49 148.61 150.83 151.63 150.22 150.01 149.47 146.69 147.53 144.5 150.03 154.99 155.75 158.3 157.83 161.36 162.1 163.48 167.4 172.06 179.34 188.99 187.85
-9999 -9999 -9999 -9999 -9999 -9999 -9999 691.746 710.54 657.42 616.95 609.33 612.53 580.49 659.19 705.35 718.11 675.92 622.26 571.44 540.29 517.83 500.46 515.1 453.97 498.57 493.44 466.03 469.1 472.05 477.18 478.13 463.46 377.45 347.42 325.47 303.15 281.41 256.2 233.75 214.93 199.68 185.95 175.66 167.43 157.74 151.38 149.17 147.15 146.49 143.54 145.38 146.97 146.27 146.61 147.24 145.31 142.22 140.99 137.93 145.05 146.09 146.85 151.58 155.92 158.55 158.8 160.03 161.19 164.8 170.01 175.42 183.9
-9999 -9999 -9999 -9999 -9999 -9999 -9999 664.95 619.44 626.67 648.38 716.1 662.55 670.48 740.51 683.82 644.05 602.2 601.29 627.58 620 574.64 545.69 500.53 425.33 460.94 469.91 439.25 443 442.26 425.29 420.56 430.74 359.94 336 321.24 307.37 276.23 253.1 232.77 215.49 197.22 181.97 169.37 159.98 152.46 146.69 144.75 141.99 140.2 140.37 141.72 144.45 143.7 143.9 145.26 144.43 145.26 145.38 139.89 139.21 142.74 145.75 150.33 154.99 157.75 158.23 159.46 163 166.28 169.35 178 183.47
-9999 -9999 -9999 -9999 -9999 -9999 -9999 611.8182 628.4318 682.78 669.76 711.37 624.68 619.86 633.42 618.78 600.76 656.21 690.41 668.93 647.26 624.08 536.02 504.49 430.89 455.61 480.56 437.1 420.03 429.76 413.14 390.61 376.92 337.16 326.15 301.86 290.87 275.87 262.16 246.65 225.41 204.91 181.15 167.9 156.38 147.63 141.96 138.2 135.83 134.73 136.65 138.46 140.02 141.71 146.1 147.94 148.64 148.18 144.85 139.25 141.28 143.93 146.18 150.56 153.82 155.37 157.92 157.77 160.14 162.51 164.7 168.89 174.21
-9999 -9999 -9999 -9999 -9999 -9999 -9999 -9999 653.47 680.24 600.51 620.61 592.14 598.58 623.22 688.43 703.83 720.76 651.47 659.83 631.86 611.32 567.36 507.96 431.49 454.92 482.41 428.62 413.44 396.61 401.91 405.23 364.4 326.01 326.72 294.27 279.69 270.23 246.3 224.5 214.42 199.74 177.23 159.77 149.36 142.34 136.04 133.43 132.76 134.47 133.03 134.84 138.94 143.24 146.68 148.54 149.71 147.46 143.18 141.78 143.08 143.13 145.28 147.18 149.92 151.69 152.01 153.35 155.73 156.36 157.94 159.86 163.53
-9999 -9999 -9999 -9999 -9999 -9999 -9999 -9999 617.4111 605.5204 621.88 627.6 636.18 601.53 615.01 628.73 626.64 602.26 636.2 655.17 640.84 588.95 525.04 474.56 469.29 497.53 452.83 408.53 381.77 395.02 409.91 423.83 366.94 345.66 315.09 287.55 284.01 268.26 246.09 222.67 202.25 187.4 171.62 155.87 143.36 136.12 130.74 128.15 128.25 129.16 131.38 136.37 139.42 141.99 145.73 148.18 149.78 148.24 146.72 144.15 143.21 142.92 145.03 146.77 147.48 151.31 147.67 147.83 148.92 151.67 152.32 154.37 157.6
-9999 -9999 -9999 -9999 -9999 -9999 -9999 -9999 596.7237 612.73 609.89 591.25 555.67 552.63 555.81 596.13 605.29 670.64 667.93 634.15 581.28 558.52 512.4 479.26 539.44 472.46 424.54 382.09 364.83 383.31 402.69 396.61 376 334.66 306.51 284.6 274.06 257.18 241.62 219.85 202.77 183.14 163.98 149.74 139.04 129.75 126.51 127.58 127.03 127.97 128.96 129.64 133.55 137.82 142.42 145.88 145.49 146.74 144.93 142.73 142.14 142.62 143.29 141.83 141.94 147.75 145.49 150.22 150.29 150.79 152.27 153.92 155.7
-9999 -9999 -9999 -9999 -9999 -9999 -9999 -9999 -9999 599.13 578.53 572.56 563.81 594.68 566.86 567.36 622.99 610.95 587.53 576.46 541.93 590.42 566.11 579.45 537 456.75 400.83 371.2 372.2 386.24 385.15 362.8 346.34 309.58 292.59 277.55 269.96 257.66 232.74 212.93 194.22 180.99 162.61 146.5 133.07 122.68 120.33 122.15 122.59 123.12 123.1 125.6 128.25 132.23 135 136.73 139.37 140.43 139.74 142.52 142.12 143.79 145.3 144.72 145.98 147.65 151.2 153.29 154.08 155.1 160.63 160.24 163.39
-9999 -9999 -9999 -9999 -9999 -9999 -9999 -9999 -9999 576.01 581.92 571.06 581.8 559.03 560.61 577.07 606.85 601.62 518.36 574.4 631 626.47 606.73 560.79 508.67 483.28 451.51 382.99 381.49 409.28 422.39 355.73 323.66 301.21 288.08 274.65 266.73 251.49 225.56 212.75 196.27 175.16 160.4 143.79 129.89 122.72 119.45 120.5 120.17 118.83 118.99 122.39 123.6 127.31 129.58 133.1 135.97 136.41 137.5 140.31 141.12 142.91 143.8 146.04 147.12 148.56 150.86 158.02 166.92 169.77 168.03 158.05 159.35
-9999 -9999 -9999 -9999 -9999 -9999 -9999 -9999 -9999 564.4445 560.91 552.84 547.25 550.31 567.56 558.45 600.45 578.92 527.65 598.85 687.3 605.31 593.43 563.51 504.22 440.92 414.5 399.9 399.98 371.45 378.54 340.66 325.52 331.65 322.22 296.01 267.19 240.11 229.28 215.29 198.69 180.82 162.96 147.92 135.24 129.19 125.52 121.89 121.62 121.05 121.4 121.2 123.24 125.94 127.78 130 132.29 132.01 134.35 135.12 134.64 137.6 139.09 142.01 145.2 147.76 149.27 156.78 165.07 162.15 159.96 160.08 161.99
-9999 -9999 -9999 -9999 -9999 -9999 -9999 -9999 -9999 558.5063 562 551.72 569.77 590.29 570.1 544.75 546.71 517.69 608.7 655.81 581.69 559.63 580.35 515.78 531.32 454.02 474.09 451.25 379.48 359.44 355.42 326.67 334.43 337.75 312.98 280.92 253.64 245 230.9 213.67 198.1 182.89 169.06 156.06 145.8 138.35 131.03 125.91 122.07 118.82 121.75 120.71 121.54 123.09 123.54 124.44 126.07 128.44 129.51 130.93 133.02 134.81 137.02 141.57 145.04 148.75 151.29 153.93 159.53 157.21 159.91 167.83 179.42
-9999 -9999 -9999 -9999 -9999 -9999 -9999 -9999 -9999 549 539.15 534.33 537.5 554.77 543.71 546.49 515.74 605.74 636.21 627.97 513.99 538.82 535.24 474.21 467.61 466.75 494.75 469.18 369.68 366.99 372.28 346.37 346.07 326.11 306.49 282.29 273.8 256.6 232.93 212.78 196.78 183.71 170.94 163.18 149.59 138.08 132.95 131.02 126.28 122.25 120.26 121.01 121.08 121.09 121.38 122.04 123.41 125.22 126.97 128.3 130.98 133.6 137.05 141.12 145.21 150.18 152.6 156.23 160.87 163.01 164.82 180.84 211.5
-9999 -9999 -9999 -9999 -9999 -9999 -9999 -9999 -9999 -9999 516.9677 505.23 513.83 532.81 541.46 526.25 544.37 562.04 549.84 564.89 516.58 529.22 516.49 495.61 492.66 458.59 433.29 408.92 360.32 386.92 378.48 344.6 328.03 321.68 317.09 295.21 275.21 258.34 240.13 220.11 199.75 181.16 167.77 154.93 143.03 134.83 130.83 129.28 126.4 122.99 120.12 120.92 121.1 120.98 120.33 119.71 120.12 121 123.78 124.65 126.65 132.19 137.28 140.48 146.96 153.67 159.37 162.77 166.43 174.35 191.2 208.18 204.98
-9999 -9999 -9999 -9999 -9999 -9999 -9999 -9999 -9999 -9999 502.9762 516.52 500.6 510.96 519.43 556.71 640.27 619.02 688.69 666.16 593.23 607.4 576.06 568.9 556.53 523.26 467.77 439.3 371.97 363.84 346.51 331.7 315.5 323.25 315.32 295.69 278.54 258.96 243.2 225.67 205.97 187.85 171.42 156.28 143.32 134.91 132.71 131.46 130.68 126.86 122.08 122.28 121.39 119.71 118.1 118.38 118.52 118.23 120.62 122.15 125.1 130.55 135.38 142.06 151.36 158 165.06 189.12 193.34 193.8 172.33 172.38 190.81
