layers/wordclim/future/Iberia_wcB2a_10_hadcm3_2080/bio_09.asc
ncols         166
nrows         93
xllcorner     -9.4959440078468
yllcorner     36.000324005443
cellsize      0.083333337679505
NODATA_value  -9999
[rows 33 to 65 of 93, columns 73 to 145 of 166]
248.47 256.37 256.23 257.17 258.85 261.75 258.85 256.22 250.99 246.73 245.62 245.27 243.36 242.06 238.58 234.89 233.65 234.38 236.76 238.43 237.92 236.9 239.81 238.2 237.12 240.97 234.98 227.36 226.79 234.76 241.57 249.13 259.59 260.79 260.33 258.77 265.04 271.82 278.55 277.95 272.24 273.81 277.26 275.23 279 277.28 292.52 289.7 287.03 288.16 285.36 287.18 -9999 -9999 -9999 -9999 -9999 -9999 -9999 -9999 -9999 -9999 -9999 -9999 -9999 -9999 -9999 -9999 -9999 -9999 -9999 -9999 -9999
264.2 260.77 262.81 266.12 263.94 259.64 253.8 251.63 252.43 250.93 248.61 245.59 243.43 248.17 242.85 240.94 235.23 240.14 237.85 235.4 235.64 235.32 237.43 237.16 239.63 240.88 235.77 233.54 230.98 237.83 238.93 243.77 249.4 252.31 250.83 255.89 259.64 266.43 273.77 266.09 263.66 269.09 272.64 271.4 266.23 271 295.32 294.81 280.5 292.9596 -9999 -9999 -9999 -9999 -9999 -9999 -9999 -9999 -9999 -9999 -9999 -9999 -9999 -9999 -9999 -9999 -9999 -9999 -9999 -9999 -9999 -9999 -9999
263.33 264.12 267.56 271 265.92 257.55 255.5 255.28 257.57 256.43 249.35 247.96 249.98 247.68 244.42 243.76 241.26 239 237.44 237.71 233.28 231.42 234.18 239.54 241.93 238.54 229.17 228.19 230.22 231.71 232.42 236.28 235.3 235.92 240.62 245.72 251.86 265.83 264.45 266.62 259.92 264.71 260.14 255.96 247.99 274.7 298.69 298.38 296.01 299.7465 -9999 -9999 -9999 -9999 -9999 -9999 -9999 -9999 -9999 -9999 -9999 -9999 -9999 -9999 -9999 -9999 -9999 -9999 -9999 -9999 -9999 -9999 -9999
269.16 267.8 272.58 270.1 259.85 259.42 258.48 254.29 261.34 264.62 262.64 258.22 250.51 239.99 236.2 233.58 236.73 235.08 231.51 231.53 228.29 230.44 229.39 237.8 243.54 237.55 228.04 231.32 231.54 229.63 228.28 230.07 234.95 235.17 239.96 244.79 254.81 257.88 259.58 255.47 249.75 250.61 244.92 256.06 264.26 286.37 296.34 299.53 301.268 300.3548 298.8954 298.5217 -9999 -9999 -9999 -9999 -9999 -9999 -9999 -9999 -9999 -9999 -9999 -9999 -9999 -9999 -9999 -9999 -9999 -9999 -9999 -9999 -9999
274.69 272.94 276.41 267.16 264.21 264.72 258.35 256.03 264.85 260.24 254.86 249.26 247.88 243.65 238.24 234.14 232.53 232.03 230.2 226.57 220.97 226.71 226.03 231.66 240.2 243.93 232.74 234.1 237.45 236.21 229.8 231.29 230.06 229.06 232.35 231.86 244.67 251.41 257.21 254.2 249.08 253.07 259.72 271.99 284.86 291.18 292.97 289.5745 -9999 -9999 -9999 -9999 -9999 -9999 -9999 -9999 -9999 -9999 -9999 -9999 -9999 -9999 -9999 -9999 -9999 -9999 -9999 -9999 -9999 -9999 -9999 -9999 -9999
279.6 279.77 271.1 266.34 270.16 264.32 259.92 262.21 268.44 260.69 259.26 257.1 258.46 255.33 248.75 241.11 235.08 224.01 224.16 220.53 216.42 221.31 225.28 229.27 238.44 246.46 240.7 236.56 242.88 236.02 222.39 230.17 227.74 224.21 224.07 221.01 236.36 243.5 250.71 251.06 249.44 259.33 268.23 282.15 288.9 294.44 296.84 -9999 -9999 -9999 -9999 -9999 -9999 -9999 -9999 -9999 -9999 -9999 -9999 -9999 -9999 -9999 -9999 -9999 -9999 -9999 -9999 -9999 -9999 -9999 -9999 -9999 -9999
281.88 273.85 268.44 269.97 268.66 263.91 265.27 270.38 271.06 268.3 270.27 267.54 265.2 255.55 250.7 241.92 234.18 227.97 222.03 221.32 216.96 219.38 226.08 232.84 238.85 246.3 245.41 240.89 245.3 229.7 225.77 225.13 220.58 212.03 214.78 220.69 225.75 238.33 243.26 247.59 252.66 268.63 277.85 283.59 289.4 296.89 299.64 -9999 -9999 -9999 -9999 -9999 -9999 -9999 -9999 -9999 -9999 -9999 -9999 -9999 -9999 -9999 -9999 -9999 -9999 -9999 -9999 -9999 -9999 -9999 -9999 -9999 -9999
278.64 272.89 271.9 274.82 270.71 271.38 276.34 272.88 273.88 265.1 262.11 267.56 261.83 260.38 256.36 251.58 237.69 232.52 225.74 221.16 219.69 224.72 231.99 233.11 235.11 244.5 249.96 253.24 245.05 232.28 231.66 228.42 221.64 210.35 212.43 221.21 230.59 243.68 257.2 259.81 267.3 273.99 283.45 281.54 289.07 295.0241 -9999 -9999 -9999 -9999 -9999 -9999 -9999 -9999 -9999 -9999 -9999 -9999 -9999 -9999 -9999 -9999 -9999 -9999 -9999 -9999 -9999 -9999 -9999 -9999 -9999 -9999 -9999
278.3 276.59 277.7 274.52 274.42 279.18 274.7 269 273.47 270.33 264.93 263.33 259.27 257.43 253.93 249.85 238.63 230.59 228.04 230.22 219.54 222.95 225.74 228.53 234.03 239.31 247.37 256.62 245.9 236.74 244.51 243.89 232.99 223.3 229.07 229.54 236.13 245.02 262.07 268.86 269.77 273.42 288.31 291.22 288.7439 -9999 -9999 -9999 -9999 -9999 -9999 -9999 -9999 -9999 -9999 -9999 -9999 -9999 -9999 -9999 -9999 -9999 -9999 -9999 -9999 -9999 -9999 -9999 -9999 -9999 -9999 -9999 -9999
283.5 280.81 278.6 279.61 282.31 280.24 269.58 267.83 270.96 263.5 264.76 264 262.4 257.44 250.15 255.72 241.4 238.75 235.87 228.63 227.55 226.8 232.91 225.84 240.52 243.98 254.38 250.63 238.04 239.68 250.93 254.54 250.09 245.93 242.01 248.7 247.65 252.13 271.7 281.28 280.35 283.32 288.39 297.5789 -9999 -9999 -9999 -9999 -9999 -9999 -9999 -9999 -9999 -9999 -9999 -9999 -9999 -9999 -9999 -9999 -9999 -9999 -9999 -9999 -9999 -9999 -9999 -9999 -9999 -9999 -9999 -9999 -9999
280.74 281.28 284.28 286.76 283.17 277.78 269.72 267.51 267.84 264.08 262.1 261.43 256.98 256.78 257.12 255.6 244.52 238.91 235.75 237.39 236.27 238.82 237.07 234.7 243.42 258.23 254.99 241.63 222.32 225.64 243.17 254.75 257.38 260.01 262.05 258.92 262.94 267.86 276.02 284.18 283.12 283.98 293.1591 -9999 -9999 -9999 -9999 -9999 -9999 -9999 -9999 -9999 -9999 -9999 -9999 -9999 -9999 -9999 -9999 -9999 -9999 -9999 -9999 -9999 -9999 -9999 -9999 -9999 -9999 -9999 -9999 -9999 -9999
288.89 289.15 286.2 281.45 278.92 276.32 271.78 269.03 267.82 265.42 261.66 260.98 255.98 258.6 262.61 258.52 251.3 244.14 247.71 246.33 241.75 245.71 242.96 237.29 245.27 258.86 249.82 235.8 223.12 228.91 241.72 247.51 254.64 254.87 265.83 269.29 275.35 280.79 287.08 287.19 287.64 290.9702 -9999 -9999 -9999 -9999 -9999 -9999 -9999 -9999 -9999 -9999 -9999 -9999 -9999 -9999 -9999 -9999 -9999 -9999 -9999 -9999 -9999 -9999 -9999 -9999 -9999 -9999 -9999 -9999 -9999 -9999 -9999
282.73 282.98 280.49 277.86 277.46 276.12 273.06 269.97 271.72 269.86 265.58 263.87 261.34 262.12 260.15 257.81 254.97 251.23 254.99 253.82 252.36 248.06 245.92 247.06 251.29 255.66 259.34 252.86 243.66 236.9 230.03 241.21 255.57 263.05 267.3 265.58 271.91 282.8 290.05 292.42 295.0619 -9999 -9999 -9999 -9999 -9999 -9999 -9999 -9999 -9999 -9999 -9999 -9999 -9999 -9999 -9999 -9999 -9999 -9999 -9999 -9999 -9999 -9999 -9999 -9999 -9999 -9999 -9999 -9999 -9999 -9999 -9999 -9999
284.93 283.36 281.71 281.15 280.6 277.72 275.03 273.42 272.59 270.75 269.73 266.38 265.28 266.66 260.07 256.57 253.83 253 256.55 253.51 257.22 250.28 245.32 250.27 255.55 253.38 256.56 262.6 258.39 253.17 245.95 243.45 256.68 267.21 276.64 278.48 271.86 276.29 287.79 294.5959 -9999 -9999 -9999 -9999 -9999 -9999 -9999 -9999 -9999 -9999 -9999 -9999 -9999 -9999 -9999 -9999 -9999 -9999 -9999 -9999 -9999 -9999 -9999 -9999 -9999 -9999 -9999 -9999 -9999 -9999 -9999 -9999 -9999
287.19 285.07 284.09 283.81 281.67 280.51 275.46 273.67 272.21 274.09 271.66 268.5 268.12 269.42 266.08 262.18 257.3 255.78 258.43 257.34 257.87 258.68 257.57 258.64 255.52 254.47 261.11 268.99 267.68 263.57 260.57 265.16 264.73 267.53 270.82 280.01 285.22 285.5 293.1 -9999 -9999 -9999 -9999 -9999 -9999 -9999 -9999 -9999 -9999 -9999 -9999 -9999 -9999 -9999 -9999 -9999 -9999 -9999 -9999 -9999 -9999 -9999 -9999 -9999 -9999 -9999 -9999 -9999 -9999 -9999 -9999 -9999 -9999
287.48 287.36 286.02 285.17 283.51 281.84 278.27 276.86 273.81 275.15 272.39 269.02 269.39 271.98 270.05 263.81 260.38 259.47 259.17 260.27 262.31 265.48 265.41 261.69 253.45 260.14 261.52 265.26 271.56 278.61 278.66 280.82 284.55 285.38 281.7 275.74 284.3 291.05 295.4737 -9999 -9999 -9999 -9999 -9999 -9999 -9999 -9999 -9999 -9999 -9999 -9999 -9999 -9999 -9999 -9999 -9999 -9999 -9999 -9999 -9999 -9999 -9999 -9999 -9999 -9999 -9999 -9999 -9999 -9999 -9999 -9999 -9999 -9999
287.95 289.78 288.56 286.98 285.29 281.81 277.85 279.57 278.39 275.12 275.86 271.74 270.82 272.43 271.4 269.76 266.26 264.72 263.41 261.9 260.63 264.72 268.33 262.48 261.03 265.47 262.37 256.35 259.32 270.83 282.69 287.12 290.32 291.49 291.16 290.26 289.85 294.0107 -9999 -9999 -9999 -9999 -9999 -9999 -9999 -9999 -9999 -9999 -9999 -9999 -9999 -9999 -9999 -9999 -9999 -9999 -9999 -9999 -9999 -9999 -9999 -9999 -9999 -9999 -9999 -9999 -9999 -9999 -9999 -9999 -9999 -9999 -9999
290.7 290.5 289.98 288.96 287.12 285.48 282.31 283.4 280.99 277.7 276.5 276.32 275.82 274.32 270.25 270.08 271.67 269.56 268.65 266.75 266.8 267.06 272.14 268.23 266.74 267.33 269.43 266.81 266.36 265.31 265.88 280.18 289.85 292.1 293.03 292.58 294.41 -9999 -9999 -9999 -9999 -9999 -9999 -9999 -9999 -9999 -9999 -9999 -9999 -9999 -9999 -9999 -9999 -9999 -9999 -9999 -9999 -9999 -9999 -9999 -9999 -9999 -9999 -9999 -9999 -9999 -9999 -9999 -9999 -9999 -9999 -9999 -9999
291.83 291.71 290.22 287.82 288.5 288.2 286.75 285.69 284.57 282.43 281.49 279.11 278.5 274.96 271.67 274.36 273.28 272.43 271.12 271.47 270.72 272.56 277.11 273.5 272.18 274.65 275.76 273.72 268.99 267.85 268.44 278.25 287.84 291.57 293.9 294.63 295.09 -9999 -9999 -9999 -9999 -9999 -9999 -9999 -9999 -9999 -9999 -9999 -9999 -9999 -9999 -9999 -9999 -9999 -9999 -9999 -9999 -9999 -9999 -9999 -9999 -9999 -9999 -9999 -9999 -9999 -9999 -9999 -9999 -9999 -9999 -9999 -9999
293.04 293.24 292.1 290.59 290.44 290.02 288.86 287.61 286.57 284.84 284 282.55 281.1 278.64 278.16 277.51 275.47 274.94 273.75 273.83 273.93 273.55 275.62 282 282.38 280.62 279.71 274.52 273.28 273.32 277.18 285.91 289.44 291.26 292.38 295.47 296.57 -9999 -9999 -9999 -9999 -9999 -9999 -9999 -9999 -9999 -9999 -9999 -9999 -9999 -9999 -9999 -9999 -9999 -9999 -9999 -9999 -9999 -9999 -9999 -9999 -9999 -9999 -9999 -9999 -9999 -9999 -9999 -9999 -9999 -9999 -9999 -9999
294.25 294.64 293.88 293.13 291.88 290.88 289.88 288.54 287.57 285.32 284.6 283.29 282.06 280.86 280.01 278.77 278.46 277.39 276.9 276.66 276.22 276.09 275.57 274.83 276.61 279.45 280.06 279.69 277.1 275.77 281.62 280.83 281.73 291.3 292.99 296.05 297.71 297.746 -9999 -9999 -9999 -9999 -9999 -9999 -9999 -9999 -9999 -9999 -9999 -9999 -9999 -9999 -9999 -9999 -9999 -9999 -9999 -9999 -9999 -9999 -9999 -9999 -9999 -9999 -9999 -9999 -9999 -9999 -9999 -9999 -9999 -9999 -9999
295.01 294.56 293.93 293.04 292.81 291.39 290.28 288.12 286.53 284.92 283.81 282.66 282.84 282.2 281.69 280.8 280.93 279.62 279.57 279.44 278.94 277.91 278.63 277.81 276.11 274.27 272.21 276.83 283.08 271.56 270.42 281.18 286.76 289.54 297.41 298.35 298.59 298.5555 -9999 -9999 -9999 -9999 -9999 -9999 -9999 -9999 -9999 -9999 -9999 -9999 -9999 -9999 -9999 -9999 -9999 -9999 -9999 -9999 -9999 -9999 -9999 -9999 -9999 -9999 -9999 -9999 -9999 -9999 -9999 -9999 -9999 -9999 -9999
295.66 295.17 294.34 293.6 292.74 290.62 288.13 286.34 284.42 283.11 281.84 279.87 280.68 281.97 282.39 282.42 281.93 281.17 280.76 280.76 280.43 280.45 277.64 275.32 271.27 265.86 267.76 271.86 280.17 267.16 272.61 286.22 290.76 294.09 299.01 299 294.24 295.55 -9999 -9999 -9999 -9999 -9999 -9999 -9999 -9999 -9999 -9999 -9999 -9999 -9999 -9999 -9999 -9999 -9999 -9999 -9999 -9999 -9999 -9999 -9999 -9999 -9999 -9999 -9999 -9999 -9999 -9999 -9999 -9999 -9999 -9999 -9999
296.06 294.9 293.59 292.25 290.26 287.49 283.02 281.42 279.98 278.78 278.6 276.18 276.75 279.34 282.68 283.77 283.09 282.87 282 281.44 279.65 275.18 272.57 267.65 263.76 260.28 265.51 270.75 276.91 267.42 272.23 281.11 289.25 294.65 297.89 297.9 290.02 289.19 298.1482 -9999 -9999 -9999 -9999 -9999 -9999 -9999 -9999 -9999 -9999 -9999 -9999 -9999 -9999 -9999 -9999 -9999 -9999 -9999 -9999 -9999 -9999 -9999 -9999 -9999 -9999 -9999 -9999 -9999 -9999 -9999 -9999 -9999 -9999
296.21 294.56 291.35 289.13 286.12 284.41 284.6 281.95 279.6 276.34 274 272.1 273.72 277.89 282.07 283.92 283.91 283.92 282.78 280.56 274.38 269.86 268.75 264.75 264.97 268.54 270.31 271.89 269.99 263.43 270.81 279.48 286.33 291.65 293.43 293.74 287.65 285.18 297.28 300.375 -9999 -9999 -9999 -9999 -9999 -9999 -9999 -9999 -9999 -9999 -9999 -9999 -9999 -9999 -9999 -9999 -9999 -9999 -9999 -9999 -9999 -9999 -9999 -9999 -9999 -9999 -9999 -9999 -9999 -9999 -9999 -9999 -9999
296.8 294.91 292.34 289.94 288.37 284.71 282.93 282.52 279.7 278.13 275.98 273.68 273.47 277.17 279.98 282.78 283.23 283.74 282.02 279.23 276.52 273.42 271.25 269.79 270.12 271.4 272.3 275.14 274.31 270.7 274.23 282.21 281.59 284.31 291.56 291.6 286.17 283.48 287.44 296.69 299.0448 -9999 -9999 -9999 -9999 -9999 -9999 -9999 -9999 -9999 -9999 -9999 -9999 -9999 -9999 -9999 -9999 -9999 -9999 -9999 -9999 -9999 -9999 -9999 -9999 -9999 -9999 -9999 -9999 -9999 -9999 -9999 -9999
297 293.61 292.69 292.41 289.6 285.66 283.09 281.11 279.49 278.02 276.95 276.19 276.12 275.88 277.12 277.24 277.15 279.89 278.12 277.47 276.18 273.55 272.23 271.83 272.56 274.39 271.87 270.02 271.28 276.27 281.8 277.09 277.04 280.41 275.33 275.87 282.84 272.57 272.97 280.14 292.17 294.93 295.5361 -9999 -9999 -9999 -9999 -9999 -9999 -9999 -9999 -9999 -9999 -9999 -9999 -9999 -9999 -9999 -9999 -9999 -9999 -9999 -9999 -9999 -9999 -9999 -9999 -9999 -9999 -9999 -9999 -9999 -9999
296.86 295.3 293.74 292.35 290 287.66 284.53 280.81 280.37 281.22 280.02 275.44 270.24 267.49 266.83 266.53 270.51 275.79 278.62 276.22 277.19 276.76 277.09 276.87 273.24 276.46 277.66 276.35 276.5 284.29 279.73 275.77 272.83 266.63 265.74 273.12 274.57 262.47 269.05 271.66 280.49 289.92 293.4819 -9999 -9999 -9999 -9999 -9999 -9999 -9999 -9999 -9999 -9999 -9999 -9999 -9999 -9999 -9999 -9999 -9999 -9999 -9999 -9999 -9999 -9999 -9999 -9999 -9999 -9999 -9999 -9999 -9999 -9999
297.79 294.77 291.54 291.72 290.38 288.99 284.37 285.67 284.69 288.83 280.15 269.06 262.69 268.37 266.63 269.27 273.95 278.55 280.99 283.11 283.32 283.16 282.8 281.29 278.34 276.33 278.19 281.83 282.58 285.05 285.51 278.27 269.14 270.74 261.5 262.64 263.66 265.27 266.57 289.15 289.4342 -9999 -9999 -9999 -9999 -9999 -9999 -9999 -9999 -9999 -9999 -9999 -9999 -9999 -9999 -9999 -9999 -9999 -9999 -9999 -9999 -9999 -9999 -9999 -9999 -9999 -9999 -9999 -9999 -9999 -9999 -9999 -9999
295.01 294.59 293.13 293.12 293.56 288.54 290.17 293.43 291.4 284.18 268.39 263.52 262.51 269.31 276.32 278.34 282.1 286.75 287.4 286.73 289.1 291.23 289.51 285.13 284.47 281.58 280.53 285.75 282.77 278.47 285.3 282.15 267.39 274.89 274.24 280.99 274.39 289.15 292.6778 295.2064 -9999 -9999 -9999 -9999 -9999 -9999 -9999 -9999 -9999 -9999 -9999 -9999 -9999 -9999 -9999 -9999 -9999 -9999 -9999 -9999 -9999 -9999 -9999 -9999 -9999 -9999 -9999 -9999 -9999 -9999 -9999 -9999 -9999
299.92 299.93 298.9 295.75 293.58 294.02 296.93 295.72 289.44 283.45 279.19 270.47 268.18 277.43 282.11 285.32 289.84 287.69 291.1 295.13 296.5 295.36 290.79 287.07 288.88 289.3 285.47 277.35 280.7 283.54 286.32 289.24 280.64 285.73 291.05 295.56 294.5676 -9999 -9999 -9999 -9999 -9999 -9999 -9999 -9999 -9999 -9999 -9999 -9999 -9999 -9999 -9999 -9999 -9999 -9999 -9999 -9999 -9999 -9999 -9999 -9999 -9999 -9999 -9999 -9999 -9999 -9999 -9999 -9999 -9999 -9999 -9999 -9999
308.19 309.44 308.08 303.14 300.23 300.5 303.12 298.92 292.89 289.17 276.61 269.18 276.93 289.7 293.11 290.37 289.79 293.98 297.22 295.92 298.84 299.83 298.81 299.09 294.86 290.93 291.96 286.21 285.51 281.28 287.87 295.1 295.75 295.97 299.75 300.2564 -9999 -9999 -9999 -9999 -9999 -9999 -9999 -9999 -9999 -9999 -9999 -9999 -9999 -9999 -9999 -9999 -9999 -9999 -9999 -9999 -9999 -9999 -9999 -9999 -9999 -9999 -9999 -9999 -9999 -9999 -9999 -9999 -9999 -9999 -9999 -9999 -9999
317.94 315.26 309.69 306.8 307.3 309.94 297.06 286.56 292.14 274.33 266.38 276.29 277.02 282.93 280.19 276.36 275.93 283.21 289.63 300.53 304.12 301.99 303.79 305.84 299.89 295.65 285.76 286.78 289.57 287.54 289.53 296.32 299.88 300.35 301.7632 -9999 -9999 -9999 -9999 -9999 -9999 -9999 -9999 -9999 -9999 -9999 -9999 -9999 -9999 -9999 -9999 -9999 -9999 -9999 -9999 -9999 -9999 -9999 -9999 -9999 -9999 -9999 -9999 -9999 -9999 -9999 -9999 -9999 -9999 -9999 -9999 -9999 -9999
