layers/wordclim/future/Iberia_wcB2a_10_hadcm3_2080/bio_19.asc
ncols         166
nrows         93
xllcorner     -9.4959440078468
yllcorner     36.000324005443
cellsize      0.083333337679505
NODATA_value  -9999
[rows 0 to 32 of 93, columns 73 to 145 of 166]
-9999 -9999 -9999 -9999 -9999 -9999 -9999 -9999 -9999 -9999 -9999 -9999 -9999 -9999 -9999 -9999 -9999 -9999 -9999 -9999 -9999 -9999 -9999 -9999 -9999 -9999 -9999 -9999 -9999 -9999 -9999 -9999 -9999 -9999 -9999 -9999 -9999 -9999 -9999 -9999 -9999 -9999 -9999 -9999 -9999 -9999 -9999 -9999 -9999 -9999 -9999 -9999 -9999 -9999 -9999 -9999 -9999 -9999 -9999 -9999 -9999 -9999 -9999 -9999 -9999 -9999 -9999 -9999 -9999 -9999 -9999 -9999 -9999
-9999 -9999 -9999 -9999 -9999 -9999 -9999 -9999 -9999 -9999 -9999 -9999 -9999 -9999 -9999 -9999 -9999 -9999 -9999 -9999 -9999 -9999 -9999 -9999 -9999 -9999 -9999 -9999 -9999 -9999 -9999 -9999 -9999 -9999 -9999 -9999 -9999 -9999 -9999 -9999 -9999 -9999 -9999 -9999 -9999 -9999 -9999 -9999 -9999 -9999 -9999 -9999 -9999 -9999 -9999 -9999 -9999 -9999 -9999 -9999 -9999 -9999 -9999 -9999 -9999 -9999 -9999 -9999 -9999 -9999 -9999 -9999 -9999
-9999 -9999 -9999 -9999 -9999 -9999 -9999 -9999 -9999 -9999 -9999 -9999 -9999 -9999 -9999 -9999 -9999 -9999 -9999 -9999 -9999 -9999 -9999 -9999 -9999 -9999 -9999 -9999 -9999 -9999 -9999 -9999 -9999 -9999 -9999 -9999 -9999 -9999 -9999 -9999 -9999 -9999 -9999 -9999 -9999 -9999 -9999 -9999 -9999 -9999 -9999 -9999 -9999 -9999 -9999 -9999 -9999 -9999 -9999 -9999 -9999 -9999 -9999 -9999 -9999 -9999 -9999 -9999 -9999 -9999 -9999 -9999 -9999
-9999 -9999 -9999 -9999 -9999 -9999 -9999 -9999 -9999 -9999 -9999 -9999 -9999 -9999 -9999 -9999 -9999 -9999 -9999 -9999 -9999 -9999 -9999 -9999 -9999 -9999 -9999 -9999 -9999 -9999 -9999 -9999 -9999 -9999 -9999 -9999 -9999 -9999 -9999 -9999 -9999 -9999 -9999 -9999 -9999 -9999 -9999 -9999 -9999 -9999 -9999 -9999 -9999 -9999 -9999 -9999 -9999 -9999 -9999 -9999 -9999 -9999 -9999 -9999 -9999 -9999 -9999 -9999 -9999 -9999 -9999 -9999 -9999
428.91 439.427 451 -9999 -9999 502.3563 503.12 496.21 491.9651 488.5 483.6364 -9999 -9999 -9999 -9999 -9999 -9999 -9999 -9999 -9999 -9999 -9999 -9999 -9999 -9999 -9999 -9999 -9999 -9999 -9999 -9999 -9999 -9999 -9999 -9999 -9999 -9999 -9999 -9999 -9999 -9999 -9999 -9999 -9999 -9999 -9999 -9999 -9999 -9999 -9999 -9999 -9999 -9999 -9999 -9999 -9999 -9999 -9999 -9999 -9999 -9999 -9999 -9999 -9999 -9999 -9999 -9999 -9999 -9999 -9999 -9999 -9999 -9999
409.94 421.58 433.13 451.78 464.0408 488.7677 487.82 483.34 474.41 472.61 470.39 469.505 466.6301 463.5667 468.6393 468.8361 476.0238 473.3021 480.72 490.47 477.1351 -9999 -9999 -9999 -9999 -9999 -9999 -9999 -9999 -9999 -9999 -9999 -9999 -9999 -9999 -9999 -9999 -9999 -9999 -9999 -9999 -9999 -9999 -9999 -9999 -9999 -9999 -9999 -9999 -9999 -9999 -9999 -9999 -9999 -9999 -9999 -9999 -9999 -9999 -9999 -9999 -9999 -9999 -9999 -9999 -9999 -9999 -9999 -9999 -9999 -9999 -9999 -9999
389.22 399.33 412.62 427.96 434.64 438.48 455.62 452.62 446.74 440.86 441.66 443.94 447.3 449.91 461.52 467.42 467.07 474.54 476.92 478.89 471.6 471.05 467.38 458.34 -9999 -9999 -9999 -9999 -9999 -9999 -9999 -9999 -9999 -9999 -9999 -9999 -9999 -9999 -9999 -9999 -9999 -9999 -9999 -9999 -9999 -9999 -9999 -9999 -9999 -9999 -9999 -9999 -9999 -9999 -9999 -9999 -9999 -9999 -9999 -9999 -9999 -9999 -9999 -9999 -9999 -9999 -9999 -9999 -9999 -9999 -9999 -9999 -9999
364.93 378.25 387.91 400.5 405.25 412.72 414.14 415.23 407.77 411.04 412.53 414.14 417.37 424.13 431.44 437.75 444.56 453.49 452.04 455.6 454.81 454.47 449.3 446.0685 -9999 -9999 -9999 -9999 -9999 -9999 -9999 -9999 -9999 -9999 -9999 -9999 -9999 -9999 -9999 -9999 -9999 -9999 -9999 -9999 -9999 -9999 -9999 -9999 -9999 -9999 -9999 -9999 -9999 -9999 -9999 -9999 -9999 -9999 -9999 -9999 -9999 -9999 -9999 -9999 -9999 -9999 -9999 -9999 -9999 -9999 -9999 -9999 -9999
341.88 348.9 354.22 363.65 374.07 376.46 371.33 375.44 373.56 374.75 378.02 380.29 384.98 390.56 396.96 406.17 417.01 424.21 427.74 433.97 436.78 432.9 424.47 418.8375 -9999 404.4286 393.625 -9999 -9999 -9999 -9999 -9999 -9999 -9999 -9999 -9999 -9999 -9999 -9999 -9999 -9999 -9999 -9999 -9999 -9999 -9999 -9999 -9999 -9999 -9999 -9999 -9999 -9999 -9999 -9999 -9999 -9999 -9999 -9999 -9999 -9999 -9999 -9999 -9999 -9999 -9999 -9999 -9999 -9999 -9999 -9999 -9999 -9999
320.33 325.91 330.62 334.69 341.08 342.79 343.01 345.9 344.63 345.8 350.99 355.68 368.04 367.6 369.1 378.67 389.82 397.85 407.64 415.09 421.3 422.21 412.97 406.2 397.37 388.68 379.92 373.15 368.0968 362.4262 359.18 374.1724 -9999 -9999 -9999 -9999 -9999 -9999 -9999 -9999 -9999 -9999 -9999 -9999 -9999 -9999 -9999 -9999 -9999 -9999 -9999 -9999 -9999 -9999 -9999 -9999 -9999 -9999 -9999 -9999 -9999 -9999 -9999 -9999 -9999 -9999 -9999 -9999 -9999 -9999 -9999 -9999 -9999
300.99 306.74 311.45 312.62 317.43 320 320.86 315.36 312.73 311.64 312.33 316.11 321.37 338.47 344.97 354.68 364.8 377.14 380.92 394.48 403.87 405.44 400.15 387.39 379.85 371.84 364.09 352.97 349.46 342.25 344.42 364.52 366.9342 -9999 -9999 -9999 -9999 -9999 -9999 -9999 -9999 -9999 -9999 -9999 -9999 -9999 -9999 -9999 -9999 -9999 -9999 -9999 -9999 -9999 -9999 -9999 -9999 -9999 -9999 -9999 -9999 -9999 -9999 -9999 -9999 -9999 -9999 -9999 -9999 -9999 -9999 -9999 -9999
279.76 282.64 288.49 294.59 289.74 292.43 288.54 288.05 290.9 292.4 300.24 300 315.9 323.11 322.77 328.05 346.11 348.97 355.78 367.12 383.23 392.72 381.74 373.79 362.75 351.16 342.04 331.81 324.87 316.05 321.16 331.71 340.22 370.4624 356.7761 375.5769 354.9432 393.9293 410.3582 -9999 -9999 -9999 -9999 -9999 -9999 -9999 -9999 -9999 -9999 282.53 316.42 357.5898 366.5454 -9999 -9999 -9999 -9999 -9999 -9999 -9999 -9999 -9999 -9999 -9999 -9999 -9999 -9999 -9999 -9999 -9999 -9999 -9999 -9999
264.99 268.14 275.53 274.7 264.77 262.62 260.68 262.82 260.47 261.36 276.44 269.92 269.39 276.52 285.96 290.67 293.68 305.12 324.51 336.96 349.42 358.3 352.28 346.57 338.37 325.69 318.36 312.09 305.23 293.53 289.88 285.34 283.78 303.25 316.96 374.85 345.88 310.38 380.21 349.9783 -9999 -9999 -9999 345.4167 -9999 382.2592 -9999 -9999 -9999 306.7245 288.39 313.89 335.28 348.7 317.6463 348.254 344.4091 -9999 -9999 -9999 -9999 -9999 -9999 -9999 -9999 -9999 -9999 -9999 -9999 -9999 -9999 -9999 -9999
241.29 244.31 247.5 251.1 247.82 244 238.4 244.95 257.89 262.36 249.69 247.49 249.16 246.4 233.68 247.06 265.13 272.1 285.24 301.74 320.12 325.87 323.88 320.3 313.25 302.01 295.51 289.91 276.73 266.35 254.43 257.23 259.63 255.59 257.57 279.11 284.86 264.5 300.73 280.19 325.35 344.33 311.88 283.65 338.85 339.4 374.29 313.75 399.42 374.74 352.99 357.51 360.11 329.08 262.14 300.24 302.01 357.0309 -9999 -9999 -9999 -9999 -9999 -9999 -9999 -9999 -9999 -9999 -9999 -9999 -9999 -9999 -9999
231.18 231.28 233.48 232.79 225.57 220.17 216.17 209.21 204.31 199.53 191.2 189.9 189.92 186.65 190.04 207.84 222.63 239.3 252.83 266.8 285.11 293 297.49 293.63 282.74 275.28 268.42 266.69 260.61 260.08 242.99 229.87 236.57 229.17 236.17 225.59 218.55 246.83 268.93 249.71 259.02 249.11 219.35 243.03 318.43 304.85 273.66 312.5 329.24 306.92 313.97 333.32 364.73 354.94 264.41 232.56 262.68 316.49 -9999 -9999 -9999 -9999 -9999 -9999 -9999 -9999 -9999 -9999 -9999 -9999 -9999 -9999 -9999
218.44 222.45 218.83 216.56 214.52 207.84 204.98 196.33 185.1 180.75 166.82 151.52 143.2 143.49 160.59 180.68 196.2 211.92 229.01 238.12 252.32 256.38 265.63 264.71 259.27 260.79 257.19 253.67 245.97 247.2 241.56 221.37 215.68 208.12 210.52 200.39 196 219.44 233.97 240.72 204.95 205.26 182.97 220.49 245.6 246.99 249.22 273.23 255.83 244.01 270.1 325.43 314.34 304.38 238.64 252.02 277.55 280.72 -9999 -9999 339.3492 334.5368 305.5843 232.6111 211.0294 -9999 -9999 -9999 -9999 -9999 -9999 -9999 -9999
221.57 220.74 215.93 227.83 228.61 215.19 206.54 183.91 184.3 204.62 177.11 162.56 150.15 152.7 153.67 163.73 174.76 189.79 204.8 212.71 221.72 227.26 230.73 232.54 229.42 230.29 232.86 229.05 226.81 225.93 221.42 204.49 194.55 202.57 198.28 195.43 201.01 199.05 208.41 216.24 215.69 187.57 168.08 168.71 183.64 205.71 224.17 243.26 252.25 232.87 234.13 236.2 226.31 233.26 214.34 272.75 240.56 193.07 176.54 211.35 222.91 210.67 201.4 207.25 242.6164 -9999 314.575 314.64 272.32 245.2706 -9999 -9999 -9999
217.87 233.63 240.02 246.31 228.89 251.8 227.84 194.59 218.3 233.46 209.93 213.98 221.56 196.55 206.64 172.41 164.16 172.24 183.15 191.95 198.15 206.59 210.83 209.25 207.99 205.88 204.6 202.26 199.39 193.89 191.21 175.03 168.94 170.57 186.61 200 200.76 203.16 226.19 207.67 198.61 181.34 157.22 151.29 181.74 174.52 204.37 192.42 216.8 199.25 213.82 227.58 190.49 181.7 233.61 244.61 213.65 157.05 193.22 240.73 266.37 266.35 232.75 239.57 248.22 235.43 214.37 230 229.09 196.41 187.24 190.46 194.76
231.21 242.66 264.25 265.36 260.61 270.39 236.3 226.07 235.36 209.89 228.22 211.81 234.69 204.04 196.05 175.57 164.32 170.78 169.05 172.79 178.01 184.61 186.39 186.04 187.19 184.7 181.61 175.47 172.84 170.53 166.32 155.02 145.63 139.45 133.79 132.67 134.43 144.36 140.12 142.21 157.22 155.69 157.73 142.18 159.42 146.41 161.03 179.42 189.2 171.74 196.44 172.66 152.77 191.86 234.3 203.13 162.92 167.18 217.33 243.01 245.86 229.17 214.46 168.71 194.37 184.07 170.56 164.16 184.44 184.93 172.91 178.28 173.06
193.13 207.68 214.03 220.24 232.16 218.51 227.49 252.51 240.73 229.89 244.06 254.02 237.41 216.92 215.03 196.75 184.04 182.06 161.15 160.96 165.45 166.23 168.01 171.45 172.12 164.91 160.88 155.67 151.86 148.8 144.12 135.87 130.12 125.62 121.27 114.15 109.38 109.97 111.69 114.26 120.58 122.32 127.27 123.18 139.4 141.84 163.18 165.03 170.69 154.88 174.29 140.23 140.75 144.97 182.22 184.97 152.62 172.08 193.58 203.57 169.52 182.51 211.06 139.38 146.06 146.07 155.56 149.93 184.34 194.09 177.98 187.74 182.62
182.25 185.15 201.53 237.06 248.58 253.09 270.99 263.16 265.73 265.11 261.9 243.35 224.71 231.13 215.67 200.34 171.99 157.78 155.47 154.91 152.24 152.41 153.35 154.9 159.13 155.3 144.59 143.85 144.76 140.7 132.67 122.45 119.24 112.97 109.81 104.19 99.99 99.59 101.94 103.7 107.81 108.68 108.79 108.85 140.06 150.16 154.4 141.76 152.37 170.6 176.49 143.6 177.83 163.94 154.96 138.1 124.21 131.4 136.6 138.77 143.95 147.81 130.76 114.83 121.05 123.2 138.69 140.24 147.05 173.12 190.5 187.35 183.04
192.31 179.91 186.2 193.92 200.65 215.66 241.26 231.17 249.46 231.3 231.06 217.95 229.21 230.49 214.53 195.29 171.17 162.21 158.26 157.27 144.98 144.93 141.34 138.31 137.05 135.37 132.4 131.46 133.6 135.31 123.87 111.82 108.46 107.12 101.87 96.73 94.61 95.04 95.58 96.92 100.12 99.32 100.09 100.85 109.72 120.28 134.99 135.77 132.64 150.28 138.89 133.03 152.82 125.63 119.72 120.78 122.56 128.93 139.91 130.65 119.79 118.67 118.4 110.44 113.95 116.61 129.3 135.41 144.3 164.35 179.65 187.11 178.59
179.04 183.77 184.3 188.99 196.31 200.03 200.75 197.11 196.62 196.08 199.52 193.65 193.93 203.96 206.44 192.31 180.73 179.02 165.08 152.28 145.17 146.24 138.17 129.68 126.65 123.23 120.83 124.46 123.68 118.8 111.03 102.58 100.95 100.21 100.05 92.66 90.37 89.4 89.44 91.49 96.49 94.21 91.55 95.28 98.37 103.3 107.32 109.38 117.91 123.03 120.59 113.3 114.64 111.04 116.62 114.5 116.61 124.42 131.31 133.98 122.86 112.06 112.22 107.21 110.94 118.91 144.84 140.64 149.39 167.72 184.03 186.39 182.97
165.26 169 177.47 181.25 182.87 189.52 191.55 192.81 194.58 196.45 188.57 185.4 187.15 190.04 190.67 185.21 182.64 181.39 219.87 199.9 148.97 139.13 129.63 124.55 120.31 115.57 110.54 107.7 105.74 104.4 98.5 94.65 95.27 94.44 97.77 93.21 88.43 86.92 85.9 86.58 88.38 87.88 87.9 91.97 90.67 89.64 90.83 96.7 95.9 98.02 96.71 98.37 102.72 107.12 110.37 115.52 118.36 120.27 122.84 131.15 130.85 119.66 108.62 106.26 110.87 124.65 141.06 148.4 162.57 190.28 192.25 175.66 173.89
159.77 162.79 166.42 169.93 171.41 176.86 174.66 180.99 188.35 186.24 184.46 180.87 174.8 174.23 174.84 171.86 176.02 185.78 191.21 198.93 174.02 146.6 135.21 121.11 113.88 110.07 104.14 100.73 95.55 91.81 90.44 87.19 89.77 90.54 93.23 94.83 93.21 88.68 85.17 83.88 84.71 84.5 84.6 86.31 85.39 85.42 90.39 94.46 88.45 87.87 90.45 94.64 98.48 103.14 109.05 114.07 119.94 129.45 133.77 130.73 128.01 121.05 110.22 109.75 123.03 132.83 139.64 141.43 150.3 161.19 164.51 167.49 169.55
157.37 158.4 158.54 164.23 162.25 165.2 167.03 168.82 168.16 171.41 176.26 174.96 165.16 163.81 166.46 165.3 167.79 168.56 168.27 156.87 145.2 129.15 125.36 118.15 106.18 101.74 100.9 100.76 94 87.16 85.54 82.23 82.55 83.41 83.05 83.99 88.16 91.46 88.01 87.64 90.99 87.78 85.35 83.26 82.9 85.5 86.56 84.4 80.57 85.37 90.33 96.14 100.79 105.8 111.13 120.43 128.5 132.85 131.33 124.87 125.09 126.64 128.89 115.6 132.42 131.23 126.93 127.36 136.09 147.83 162.13 166.3333 165.5263
159.9 156.53 155.1 153.88 155.97 161.08 159.67 157.78 162.6 165.06 167.53 163.64 167.29 167.87 161.83 156.66 160.62 152.96 149.03 142.69 141.19 119.35 110.57 107.19 98.85 96.06 96.99 99.3 92.9 89.17 85.9 81.77 79.93 78.19 78.23 79.65 80.89 83.25 85.19 84.44 85.27 87.16 85.71 87.94 84.84 83.73 82.66 80.75 83.77 89.36 94.4 100.06 107.02 114.59 123.83 134.42 140.9 139.26 136.62 128.36 124.58 126.52 124.63 116.93 119.86 120.44 117.9 121.2 135.2 144.0638 -9999 -9999 -9999
163.63 161.3 163.27 161.39 160.27 159.96 157.98 159.33 159.4 156.66 154.91 158.7 164.98 162.29 146.97 146.04 144.16 141.11 132.53 123.61 124.39 124.83 103.47 100.8 95.07 92.39 93.3 92.02 90.31 92.66 88.62 83.84 80.21 77.96 75.4 77.01 79.39 82.21 82.41 83.4 85.66 84.73 84.91 87.17 90.78 81.79 83.61 87.47 93.1 101.98 110.57 116.2 118.99 127.5 128.74 128.17 135.63 138.77 145.02 141.17 133.48 123.34 120.28 121.78 119.63 120.03 123.95 124.2021 -9999 -9999 -9999 -9999 -9999
163.5 168.73 172.23 174.48 177.12 175.94 166.05 162.87 167.2 165.95 161.71 157.23 156.12 147.16 135.3 133.74 134.49 129.18 126.36 112.18 110.58 103.1 111.67 112.84 108.33 95.92 91.17 92.04 89.8 93.12 86.15 80.12 78.46 76.51 76.32 76.3 77.93 80.3 82.28 84.57 86.73 86.3 84.01 89.04 88.25 91.19 95.78 102.36 109.55 119.75 126.89 132.21 139.56 136.9 131.8 124.32 128.1 131.04 143.3 138.05 127.08 126.11 131.25 142.08 131.13 124.34 126.1277 -9999 -9999 -9999 -9999 -9999 -9999
186.85 186.44 188.56 186.87 184.14 176.89 171.16 167.97 164.98 165.47 163.67 162.55 152.76 137.8 130.54 124.26 119.95 115.97 114.9 110.14 104.53 101.39 105.37 111.42 110.07 103.05 94.41 93.8 92.62 90.04 85.65 81.17 79.01 77.6 76.61 76.89 76.83 77.45 78.55 80.08 80.19 82.85 85.97 92.73 95.67 95.75 98.95 96.27 105.11 120.92 138.09 145.83 152.76 159.47 140.93 122.35 124 128.23 132.44 125.76 124.37 129.96 129.74 141.7551 135.9136 128.2647 -9999 -9999 -9999 -9999 -9999 -9999 -9999
211.23 199.98 192.08 196.81 183.96 164.39 165.11 158.82 155.08 165.5 163.77 161.53 151.27 140.05 133.05 131.7 132.36 126.89 118.29 110.32 114.07 108.93 101.97 104.86 104.47 102.11 101.87 98.92 92.33 87.97 84.35 82.87 81.1 77.73 76.79 77.25 77.27 79.1 80.81 81.14 83.64 86.91 92.48 92.89 94.87 97.91 105.42 94.81 106.51 122.08 123.58 133.41 140.76 132.57 127.29 125.06 129.18 129.55 128.3571 122.443 124.697 -9999 -9999 -9999 -9999 -9999 -9999 -9999 -9999 -9999 -9999 -9999 -9999
186.02 195.03 179.8 182.27 173.87 165.58 160.99 153.16 150.68 160.27 161.18 159.18 159.23 159.21 158.59 154.78 144.09 135.23 129.37 121.1 120.59 118.63 111.37 97.3 99.35 98.66 103.05 102.15 93.67 89.16 86.15 87.39 91.53 83.93 79.68 81.18 81.63 83.01 85.27 89.63 88.59 93.1 98.14 99.59 106.54 114.6 122.44 114.96 108.69 113.46 130.05 142.42 125.44 118.16 120.05 126.4444 -9999 -9999 -9999 -9999 -9999 -9999 -9999 -9999 -9999 -9999 -9999 -9999 -9999 -9999 -9999 -9999 -9999
178 164.78 167.24 170.78 153.86 150.66 150.39 148.51 153.39 156.87 160.3 160.1 157.59 161.97 164.57 157.91 146.08 149.44 140.21 130.94 121.31 115.78 114.47 112.01 93.6 99.21 104.69 118.26 106.64 91.77 88.18 87.23 87.58 85.62 85.18 87.31 86.75 87.79 88.22 91.75 97.27 102.94 105.62 108.63 115.71 118.55 124.26 120.23 110.39 133.97 145.88 137.57 116.2394 -9999 -9999 -9999 -9999 -9999 -9999 -9999 -9999 -9999 -9999 -9999 -9999 -9999 -9999 -9999 -9999 -9999 -9999 -9999 -9999
