layers/wordclim/future/Iberia_wcB2a_10_hadcm3_2080/bio_16.asc
ncols         166
nrows         93
xllcorner     -9.4959440078468
yllcorner     36.000324005443
cellsize      0.083333337679505
NODATA_value  -9999
[rows 33 to 65 of 93, columns 73 to 145 of 166]
173.22 162.32 159.83 156.13 151.28 144.58 146.43 147.93 153.74 158.26 156.85 154.79 154.75 153.11 155.23 156.51 153.87 146.92 136.47 128.65 124.94 123.66 118.84 119.7 120.44 115.05 122.09 134.17 135.88 125.71 119.39 115.57 111.03 115.76 120.57 127.16 128.6 129.4 131.66 138.96 149.59 156.09 160.96 170.43 177.27 187.72 186.35 197.05 207.95 218.02 220.4 218.6 -9999 -9999 -9999 -9999 -9999 -9999 -9999 -9999 -9999 -9999 -9999 -9999 -9999 -9999 -9999 -9999 -9999 -9999 -9999 -9999 -9999
159.84 159.72 154.1 146.48 146.62 149.64 154.42 156.27 152.88 152.23 153.18 155.23 155.32 144.68 148.39 146.39 150.74 136.36 134.33 133.73 128.99 126.39 122.29 122.08 117.22 115.24 122.18 125.41 129.86 122.08 123.27 121.57 121.42 123.2 130.44 131.42 135.38 137.25 138.78 151.64 161.97 165.52 170.81 179.88 192.62 198.46 193.09 202.44 220.55 218.5152 -9999 -9999 -9999 -9999 -9999 -9999 -9999 -9999 -9999 -9999 -9999 -9999 -9999 -9999 -9999 -9999 -9999 -9999 -9999 -9999 -9999 -9999 -9999
163.97 159.8 151.95 143.13 146.46 154.24 155.25 153.21 147.19 146.36 154.09 153.24 146.54 146.11 146.94 143.28 141.65 139.05 136.34 131.01 133.95 133.33 126.7 118.7 115.28 118.84 132.48 133.8 131.91 132.03 135.73 134.3 141.14 145.98 144.92 145.26 144.67 140.35 148.22 154.75 167.93 172.38 183.77 196.54 211.85 202.95 200.29 205.46 213.58 211.5775 -9999 -9999 -9999 -9999 -9999 -9999 -9999 -9999 -9999 -9999 -9999 -9999 -9999 -9999 -9999 -9999 -9999 -9999 -9999 -9999 -9999 -9999 -9999
163.53 159.82 148.42 146.9 157.95 156.41 154.41 158.15 145.87 138.39 137.4 140.74 148.82 161.24 163.1 162.57 151.41 148.26 149.09 142.6 143.74 137.07 136.74 122.44 114.96 122.85 135.54 130.38 130.96 136.47 143.3 144.63 142.6 149.01 148.65 148.86 145.46 149.52 156.27 168.24 181.38 189.3 203.52 201.47 203.6 201.06 204.91 207.63 208.8144 215.129 219.6163 223.4783 -9999 -9999 -9999 -9999 -9999 -9999 -9999 -9999 -9999 -9999 -9999 -9999 -9999 -9999 -9999 -9999 -9999 -9999 -9999 -9999 -9999
164.19 158.84 147.73 154.29 155.56 151.97 157.29 158.34 143.75 146.98 152.05 156.69 154.74 157.54 161.97 163.24 160.52 155.92 153.56 154.63 161.98 145.77 144.46 133.41 120.3 115.36 130.35 128.95 123.73 127.45 142.63 145.49 153.57 161.03 162.98 170.05 158.88 158.03 161.2 172.13 185.74 190.89 193.01 193.25 195.32 202.03 209.15 216.7234 -9999 -9999 -9999 -9999 -9999 -9999 -9999 -9999 -9999 -9999 -9999 -9999 -9999 -9999 -9999 -9999 -9999 -9999 -9999 -9999 -9999 -9999 -9999 -9999 -9999
166.73 158.06 159.13 160.63 151.34 155.51 157.83 152.17 142.11 149.98 148.71 148 143.02 144.01 148.59 155.24 159.27 173.38 167.45 170.47 174.39 160.55 149.79 139.78 124.55 114.5 120.94 126.26 118.64 132.42 161.37 151.01 161.67 173.81 180.88 192.39 174.52 172.63 171.53 179.13 189.6 189.56 190.7 191.05 197.28 202.05 207.77 -9999 -9999 -9999 -9999 -9999 -9999 -9999 -9999 -9999 -9999 -9999 -9999 -9999 -9999 -9999 -9999 -9999 -9999 -9999 -9999 -9999 -9999 -9999 -9999 -9999 -9999
168.94 167.1 165.74 159.22 156.73 158.74 154.34 145.97 141.6 142.3 136.63 137.31 137.01 146.97 149.85 157.36 163.03 168.48 174.46 171.43 175.57 167.55 152.05 136.42 125.83 115.17 116.71 122.35 117.66 147.12 159.07 164.4 178.87 200.46 201.52 195.57 193.97 182.28 182.41 186.36 190.27 185.15 187.5 192.6 198.34 201.11 203.36 -9999 -9999 -9999 -9999 -9999 -9999 -9999 -9999 -9999 -9999 -9999 -9999 -9999 -9999 -9999 -9999 -9999 -9999 -9999 -9999 -9999 -9999 -9999 -9999 -9999 -9999
172.88 170.57 165.45 157.83 157.46 153.2 143.96 145.06 140.28 149.62 150.88 140.27 145.99 144.89 146.34 148.84 162.11 164.11 170.51 174.59 173.19 159.73 144.82 139.95 135.04 119.29 112.4 108.8 120.26 145.77 151.04 162.81 180.28 209.07 209.36 198.69 189.54 179.8 172.85 179.28 180.95 184.52 186.45 196.42 199.41 202.2651 -9999 -9999 -9999 -9999 -9999 -9999 -9999 -9999 -9999 -9999 -9999 -9999 -9999 -9999 -9999 -9999 -9999 -9999 -9999 -9999 -9999 -9999 -9999 -9999 -9999 -9999 -9999
173.1 168.43 162.1 160.1 156.66 146.75 148.95 152.63 144 145.54 150.57 150.34 153.79 153.79 155.16 156.1 164.35 170.03 169.16 160.64 176.1 165.92 158.76 152.06 139.84 130.27 116.76 106.62 122.85 141.73 133.1 140.62 163.7 186.98 183.35 188.73 185.89 181.25 173.05 176.02 182.9 189.68 185.79 191.99 202.1951 -9999 -9999 -9999 -9999 -9999 -9999 -9999 -9999 -9999 -9999 -9999 -9999 -9999 -9999 -9999 -9999 -9999 -9999 -9999 -9999 -9999 -9999 -9999 -9999 -9999 -9999 -9999 -9999
167.01 164.73 162.06 157.49 149.61 147.93 157.46 156.94 150.38 157.54 153.96 153.12 153.34 158.73 165.25 155.39 164.38 161.71 160.39 166.7 163.93 162.06 149.84 160.46 134.04 127.86 113.57 119.21 141.86 141.75 129.48 131.92 143.04 155.15 167.37 166.73 176.89 179.24 169.13 169.86 179.29 184.53 188.09 187.7105 -9999 -9999 -9999 -9999 -9999 -9999 -9999 -9999 -9999 -9999 -9999 -9999 -9999 -9999 -9999 -9999 -9999 -9999 -9999 -9999 -9999 -9999 -9999 -9999 -9999 -9999 -9999 -9999 -9999
167.95 164.72 157.4 150.16 150.01 152.82 159.03 159.53 156.52 159.65 159.97 158.95 163.93 163.67 162.96 161.19 164.1 164.57 163.38 156.22 153.65 147.01 146.95 148.96 133.62 114.94 118.17 138.57 176.07 171.99 146.13 136.59 140.12 145.48 150.31 160.62 166.11 169.19 170.81 171.01 180.46 187.63 185.7841 -9999 -9999 -9999 -9999 -9999 -9999 -9999 -9999 -9999 -9999 -9999 -9999 -9999 -9999 -9999 -9999 -9999 -9999 -9999 -9999 -9999 -9999 -9999 -9999 -9999 -9999 -9999 -9999 -9999 -9999
158.31 155.26 154.94 156.48 155.94 156.1 158.41 159.28 158.51 159.32 162.48 161.76 167.61 164.78 158.6 162.56 161.8 160.65 150.62 146.44 149.61 140.84 142.54 149.02 136.04 120.11 130.35 153.57 180.08 171.23 153.61 150.95 147.4 155.04 153.31 158.22 163 165.17 166.66 172.78 179.21 182.6866 -9999 -9999 -9999 -9999 -9999 -9999 -9999 -9999 -9999 -9999 -9999 -9999 -9999 -9999 -9999 -9999 -9999 -9999 -9999 -9999 -9999 -9999 -9999 -9999 -9999 -9999 -9999 -9999 -9999 -9999 -9999
162.77 161.41 161.11 159.85 157.96 156.56 157.75 159.12 154.45 154.48 158.15 159.09 161.47 158.83 161.18 161.88 159.14 154.59 143.62 140.51 138.92 141.38 141.6 139.16 132.09 127.7 125.5 133.67 148.67 162.3 178.22 166 152.35 154.67 158.58 166.59 170.24 170.29 168.6 170.81 175.1031 -9999 -9999 -9999 -9999 -9999 -9999 -9999 -9999 -9999 -9999 -9999 -9999 -9999 -9999 -9999 -9999 -9999 -9999 -9999 -9999 -9999 -9999 -9999 -9999 -9999 -9999 -9999 -9999 -9999 -9999 -9999 -9999
159.51 159.31 158.61 157.36 155.52 155.52 156.16 155.44 154.31 154.65 153.75 156.8 155.6 151.6 159.6 160.86 158.02 152.65 143.92 143.04 136.17 141.82 146.31 138.81 131.57 135.02 133.01 129.43 135.86 144.72 158.14 168.24 158.42 157.27 159.29 165.99 175.95 181.25 177.6 176.1717 -9999 -9999 -9999 -9999 -9999 -9999 -9999 -9999 -9999 -9999 -9999 -9999 -9999 -9999 -9999 -9999 -9999 -9999 -9999 -9999 -9999 -9999 -9999 -9999 -9999 -9999 -9999 -9999 -9999 -9999 -9999 -9999 -9999
156.32 156.61 156.05 154.06 153.94 153.23 156.54 156.83 156.09 151.33 151.51 153.92 151.75 147.01 149.41 150.66 152.24 149.63 143.24 141.01 138.62 134.96 134.2 133.08 136.11 138.76 132.89 129.33 134.19 141.25 149.47 151.81 157.7 163.02 167.76 171.38 176.55 182.46 182.15 -9999 -9999 -9999 -9999 -9999 -9999 -9999 -9999 -9999 -9999 -9999 -9999 -9999 -9999 -9999 -9999 -9999 -9999 -9999 -9999 -9999 -9999 -9999 -9999 -9999 -9999 -9999 -9999 -9999 -9999 -9999 -9999 -9999 -9999
155.13 154.32 153.82 152.68 152.48 152.03 153.43 153.01 154.42 150.24 150.16 152.84 149.73 143.07 142.36 147.3 147.91 145.24 143.51 139.44 135.64 130.85 129.78 133.17 142.61 136.08 136.73 137.5 137.97 138.8 144.6 150.46 155.45 162.92 171.53 179.9 183.64 187.1 188.2105 -9999 -9999 -9999 -9999 -9999 -9999 -9999 -9999 -9999 -9999 -9999 -9999 -9999 -9999 -9999 -9999 -9999 -9999 -9999 -9999 -9999 -9999 -9999 -9999 -9999 -9999 -9999 -9999 -9999 -9999 -9999 -9999 -9999 -9999
154.58 151.57 151.33 151.2 150.32 152.31 154.27 150.1 148.55 150.13 146.04 149.08 147.11 142.07 139.41 138.76 140.22 139.46 139.22 138.8 138.13 133.53 129.59 136.1 137.67 135.77 141.22 149.76 150.35 146.66 147.88 154.06 160.04 167.8 176.25 184.97 190.26 192.7234 -9999 -9999 -9999 -9999 -9999 -9999 -9999 -9999 -9999 -9999 -9999 -9999 -9999 -9999 -9999 -9999 -9999 -9999 -9999 -9999 -9999 -9999 -9999 -9999 -9999 -9999 -9999 -9999 -9999 -9999 -9999 -9999 -9999 -9999 -9999
151.08 150.48 149.81 148.84 147.2 147.64 148.48 145.01 145.39 147.08 145.64 143.47 140.79 139.23 141.18 138.38 134.39 134.48 134.16 134.26 133.24 132.74 128.25 133.14 136.66 137.47 138.81 144.01 149.05 154.71 159.68 160.17 165.08 173.34 183.39 191.96 196.56 -9999 -9999 -9999 -9999 -9999 -9999 -9999 -9999 -9999 -9999 -9999 -9999 -9999 -9999 -9999 -9999 -9999 -9999 -9999 -9999 -9999 -9999 -9999 -9999 -9999 -9999 -9999 -9999 -9999 -9999 -9999 -9999 -9999 -9999 -9999 -9999
149.54 148.2 148.52 149.52 146.75 144.87 144.51 143.16 141.82 141.1 139.11 139.05 136.41 138.12 138.78 133.53 131.9 132.23 132.33 130.76 130.48 129.43 126.77 131.87 134.44 134.8 137.75 142.35 150.62 156.12 162.1 164.41 169.98 178.81 188.48 196.29 203.02 -9999 -9999 -9999 -9999 -9999 -9999 -9999 -9999 -9999 -9999 -9999 -9999 -9999 -9999 -9999 -9999 -9999 -9999 -9999 -9999 -9999 -9999 -9999 -9999 -9999 -9999 -9999 -9999 -9999 -9999 -9999 -9999 -9999 -9999 -9999 -9999
148.77 146.98 146.59 146.74 144.67 143.33 142.3 140.68 138.78 137.74 135.59 134.04 133.24 132.77 131.82 129.42 129.8 130.45 129.79 128.91 128.45 130.96 129.8 127.29 129.12 133.11 137.99 144.74 150.67 156.06 161.01 166.26 172.76 181.88 191.35 200.31 206.2 -9999 -9999 -9999 -9999 -9999 -9999 -9999 -9999 -9999 -9999 -9999 -9999 -9999 -9999 -9999 -9999 -9999 -9999 -9999 -9999 -9999 -9999 -9999 -9999 -9999 -9999 -9999 -9999 -9999 -9999 -9999 -9999 -9999 -9999 -9999 -9999
148.09 146.31 145.42 144.59 143.92 143.09 141.04 140.56 138.05 137.32 135.7 134.62 132.14 130.87 130.48 128.95 127.32 127.48 127.02 126.51 128.28 129.53 131.4 134.78 135.53 135.82 139.94 144.07 151.46 157.87 162.59 170.62 177.59 183.92 193.8 202.28 209.86 217.0318 -9999 -9999 -9999 -9999 -9999 -9999 -9999 -9999 -9999 -9999 -9999 -9999 -9999 -9999 -9999 -9999 -9999 -9999 -9999 -9999 -9999 -9999 -9999 -9999 -9999 -9999 -9999 -9999 -9999 -9999 -9999 -9999 -9999 -9999 -9999
148.4 147.06 146.1 145.6 144.29 143.73 142.59 142.09 141.76 140.16 137.48 135.83 131.94 129.67 128.31 127.56 125.26 125.35 125.58 124.89 125.63 128.43 129.31 132.69 137.62 142 147.5 148.46 149.92 164.26 170.92 172.21 177.93 187.25 193.29 202.49 212.56 222.1919 -9999 -9999 -9999 -9999 -9999 -9999 -9999 -9999 -9999 -9999 -9999 -9999 -9999 -9999 -9999 -9999 -9999 -9999 -9999 -9999 -9999 -9999 -9999 -9999 -9999 -9999 -9999 -9999 -9999 -9999 -9999 -9999 -9999 -9999 -9999
149.54 149.82 148.91 146.26 145.46 145.24 145.64 145.32 144.69 142.98 141.06 140.17 135.35 130.56 127.79 125.41 124.66 124.88 124.8 124.56 125.37 127.42 131.08 136.35 143.86 152.46 154.48 154.37 154.22 169.5 172.01 171.46 176.8 185.16 192.99 203.42 217.82 227.42 -9999 -9999 -9999 -9999 -9999 -9999 -9999 -9999 -9999 -9999 -9999 -9999 -9999 -9999 -9999 -9999 -9999 -9999 -9999 -9999 -9999 -9999 -9999 -9999 -9999 -9999 -9999 -9999 -9999 -9999 -9999 -9999 -9999 -9999 -9999
151.6 151.74 151.71 151.11 150.95 152.02 154.86 154.26 152.76 150.9 147.45 147.14 143.22 135.64 129.73 125.81 124.21 124.21 123.12 123.4 127.18 134.06 138.65 146.07 154.2 161.15 158.65 158.39 157.29 171.31 174.56 175.64 178.39 184.51 193.77 205.03 220.87 232.25 242.1975 -9999 -9999 -9999 -9999 -9999 -9999 -9999 -9999 -9999 -9999 -9999 -9999 -9999 -9999 -9999 -9999 -9999 -9999 -9999 -9999 -9999 -9999 -9999 -9999 -9999 -9999 -9999 -9999 -9999 -9999 -9999 -9999 -9999 -9999
155.25 155.69 157.89 158.37 159.68 159.54 155.5 156.27 156.27 156.71 156.13 155.62 148.63 139.08 131.68 127.3 124.58 124.11 122.54 125.36 133.96 141.57 144.84 152.21 154 152.86 155.27 158.64 164.89 177.52 176.5 176.85 180.02 186.64 195.61 206.96 221.66 234.68 246.84 259.5536 -9999 -9999 -9999 -9999 -9999 -9999 -9999 -9999 -9999 -9999 -9999 -9999 -9999 -9999 -9999 -9999 -9999 -9999 -9999 -9999 -9999 -9999 -9999 -9999 -9999 -9999 -9999 -9999 -9999 -9999 -9999 -9999 -9999
158.74 158.11 159.31 159.88 159.25 162.43 160.75 156.92 157.63 156.7 155.25 154.09 150.9 142.21 135.7 130.03 126.84 124.9 126.16 128.89 133.03 139.33 143.97 147.88 149.46 153.19 155.13 156.69 161.55 172.49 174.68 174.29 183.45 190.12 195.23 207.34 221.07 234.88 248.42 264.87 280.403 -9999 -9999 -9999 -9999 -9999 -9999 -9999 -9999 -9999 -9999 -9999 -9999 -9999 -9999 -9999 -9999 -9999 -9999 -9999 -9999 -9999 -9999 -9999 -9999 -9999 -9999 -9999 -9999 -9999 -9999 -9999 -9999
163.79 165.42 163.65 160.58 160.67 162.24 162.38 160.51 159.24 158.26 155.33 153 148.43 145.07 141.22 138.49 136.89 132.29 133.04 133.97 136.4 141.6 144.66 147.61 149.59 150.81 157.22 164.15 166.79 167.19 167.43 179.77 186.78 191.2 204.7 215.43 220.32 236.43 248.39 259.96 280.51 299.28 311.0928 -9999 -9999 -9999 -9999 -9999 -9999 -9999 -9999 -9999 -9999 -9999 -9999 -9999 -9999 -9999 -9999 -9999 -9999 -9999 -9999 -9999 -9999 -9999 -9999 -9999 -9999 -9999 -9999 -9999 -9999
168.35 167.62 166.51 163.49 162.54 162.77 163.26 164.72 161.73 155.95 153.97 157.06 160.4 162.16 159.56 157.09 148.56 139.81 134.6 138.17 137.39 139.3 140.15 144.12 150.7 150.22 152.14 158.41 162.76 159.78 169.48 180.81 191.27 203.87 212.71 215.06 223.61 242.03 248.4 258.23 271.18 288.37 302.9277 -9999 -9999 -9999 -9999 -9999 -9999 -9999 -9999 -9999 -9999 -9999 -9999 -9999 -9999 -9999 -9999 -9999 -9999 -9999 -9999 -9999 -9999 -9999 -9999 -9999 -9999 -9999 -9999 -9999 -9999
173.27 173.27 173.84 168.75 165.81 163.75 166.39 160.29 157.44 147.03 155.88 169.85 176.23 162.9 162.56 154.58 146.64 138.89 134.69 132.08 132.01 134.46 135.82 140.59 146.47 152.49 152.77 152.8 156.68 159.4 163.3 178.08 195.12 198.96 217.19 224.1 231.99 239.2 247.11 253.15 266.1579 -9999 -9999 -9999 -9999 -9999 -9999 -9999 -9999 -9999 -9999 -9999 -9999 -9999 -9999 -9999 -9999 -9999 -9999 -9999 -9999 -9999 -9999 -9999 -9999 -9999 -9999 -9999 -9999 -9999 -9999 -9999 -9999
181.84 178.49 174.73 170.23 164.49 167.89 161.36 151.7 150.03 156.77 178.09 181.55 179.5 164.48 149.23 143.28 137.49 131.06 129.88 130.57 128.48 126.52 130.48 137.48 140.59 148.06 152.08 150.27 157.3 167.33 163.3 172.33 197.34 194.22 201.95 201.96 219.81 215.94 226.7444 242.873 -9999 -9999 -9999 -9999 -9999 -9999 -9999 -9999 -9999 -9999 -9999 -9999 -9999 -9999 -9999 -9999 -9999 -9999 -9999 -9999 -9999 -9999 -9999 -9999 -9999 -9999 -9999 -9999 -9999 -9999 -9999 -9999 -9999
184.61 178.21 171.85 170.1 168.16 163.06 153.28 150.64 155.73 160.43 162.9 173.23 172.8 153.38 143.06 136.65 130.44 131.64 127.89 123.65 122.79 125.03 131.39 137.71 137.79 141.01 148.45 161.83 159.99 160.64 161.33 161.95 178.69 176.81 175.31 176.88 189.8513 -9999 -9999 -9999 -9999 -9999 -9999 -9999 -9999 -9999 -9999 -9999 -9999 -9999 -9999 -9999 -9999 -9999 -9999 -9999 -9999 -9999 -9999 -9999 -9999 -9999 -9999 -9999 -9999 -9999 -9999 -9999 -9999 -9999 -9999 -9999 -9999
181.81 172.69 168.57 167.2 163.15 156.6 147.77 148.53 152.69 154.25 170.31 177.56 161.19 137.45 130.33 132.7 132.62 126.52 122.72 124.77 123.29 123.31 126.73 127.58 133.46 140.15 141.8 151.7 154.86 163.82 158.3 150.42 153.62 157.63 156.39 164.2949 -9999 -9999 -9999 -9999 -9999 -9999 -9999 -9999 -9999 -9999 -9999 -9999 -9999 -9999 -9999 -9999 -9999 -9999 -9999 -9999 -9999 -9999 -9999 -9999 -9999 -9999 -9999 -9999 -9999 -9999 -9999 -9999 -9999 -9999 -9999 -9999 -9999
173.2 170.35 172.23 168.76 159.74 148.5 160.09 170.75 156.99 182 190.89 169.4 163.61 149.75 151.01 154.15 154.11 142.07 133.01 122.87 119.88 122.7 122.79 122.13 129.81 135.99 150.15 150.61 149.85 155.1 155.43 147.15 146.34 149.22 150.8816 -9999 -9999 -9999 -9999 -9999 -9999 -9999 -9999 -9999 -9999 -9999 -9999 -9999 -9999 -9999 -9999 -9999 -9999 -9999 -9999 -9999 -9999 -9999 -9999 -9999 -9999 -9999 -9999 -9999 -9999 -9999 -9999 -9999 -9999 -9999 -9999 -9999 -9999
