layers/wordclim/future/Iberia_wcB2a_10_hadcm3_2080/bio_06.asc
ncols         166
nrows         93
xllcorner     -9.4959440078468
yllcorner     36.000324005443
cellsize      0.083333337679505
NODATA_value  -9999
[rows 0 to 33 of 93, columns 77 to 153 of 166]
-9999 -9999 -9999 -9999 -9999 -9999 -9999 -9999 -9999 -9999 -9999 -9999 -9999 -9999 -9999 -9999 -9999 -9999 -9999 -9999 -9999 -9999 -9999 -9999 -9999 -9999 -9999 -9999 -9999 -9999 -9999 -9999 -9999 -9999 -9999 -9999 -9999 -9999 -9999 -9999 -9999 -9999 -9999 -9999 -9999 -9999 -9999 -9999 -9999 -9999 -9999 -9999 -9999 -9999 -9999 -9999 -9999 -9999 -9999 -9999 -9999 -9999 -9999 -9999 -9999 -9999 -9999 -9999 -9999 -9999 -9999 -9999 -9999 -9999 -9999 -9999 -9999
-9999 -9999 -9999 -9999 -9999 -9999 -9999 -9999 -9999 -9999 -9999 -9999 -9999 -9999 -9999 -9999 -9999 -9999 -9999 -9999 -9999 -9999 -9999 -9999 -9999 -9999 -9999 -9999 -9999 -9999 -9999 -9999 -9999 -9999 -9999 -9999 -9999 -9999 -9999 -9999 -9999 -9999 -9999 -9999 -9999 -9999 -9999 -9999 -9999 -9999 -9999 -9999 -9999 -9999 -9999 -9999 -9999 -9999 -9999 -9999 -9999 -9999 -9999 -9999 -9999 -9999 -9999 -9999 -9999 -9999 -9999 -9999 -9999 -9999 -9999 -9999 -9999
-9999 -9999 -9999 -9999 -9999 -9999 -9999 -9999 -9999 -9999 -9999 -9999 -9999 -9999 -9999 -9999 -9999 -9999 -9999 -9999 -9999 -9999 -9999 -9999 -9999 -9999 -9999 -9999 -9999 -9999 -9999 -9999 -9999 -9999 -9999 -9999 -9999 -9999 -9999 -9999 -9999 -9999 -9999 -9999 -9999 -9999 -9999 -9999 -9999 -9999 -9999 -9999 -9999 -9999 -9999 -9999 -9999 -9999 -9999 -9999 -9999 -9999 -9999 -9999 -9999 -9999 -9999 -9999 -9999 -9999 -9999 -9999 -9999 -9999 -9999 -9999 -9999
-9999 -9999 -9999 -9999 -9999 -9999 -9999 -9999 -9999 -9999 -9999 -9999 -9999 -9999 -9999 -9999 -9999 -9999 -9999 -9999 -9999 -9999 -9999 -9999 -9999 -9999 -9999 -9999 -9999 -9999 -9999 -9999 -9999 -9999 -9999 -9999 -9999 -9999 -9999 -9999 -9999 -9999 -9999 -9999 -9999 -9999 -9999 -9999 -9999 -9999 -9999 -9999 -9999 -9999 -9999 -9999 -9999 -9999 -9999 -9999 -9999 -9999 -9999 -9999 -9999 -9999 -9999 -9999 -9999 -9999 -9999 -9999 -9999 -9999 -9999 -9999 -9999
-9999 74.89655 74.23 69.26 72.17442 71.51282 72.78181 -9999 -9999 -9999 -9999 -9999 -9999 -9999 -9999 -9999 -9999 -9999 -9999 -9999 -9999 -9999 -9999 -9999 -9999 -9999 -9999 -9999 -9999 -9999 -9999 -9999 -9999 -9999 -9999 -9999 -9999 -9999 -9999 -9999 -9999 -9999 -9999 -9999 -9999 -9999 -9999 -9999 -9999 -9999 -9999 -9999 -9999 -9999 -9999 -9999 -9999 -9999 -9999 -9999 -9999 -9999 -9999 -9999 -9999 -9999 -9999 -9999 -9999 -9999 -9999 -9999 -9999 -9999 -9999 -9999 -9999
64.32653 74.70707 72.52 73.41 72.14 70.01 65.79 70.33334 69.42466 74.2 74.7541 75.55738 73.65476 71.9375 65.18 51.52 53.78378 -9999 -9999 -9999 -9999 -9999 -9999 -9999 -9999 -9999 -9999 -9999 -9999 -9999 -9999 -9999 -9999 -9999 -9999 -9999 -9999 -9999 -9999 -9999 -9999 -9999 -9999 -9999 -9999 -9999 -9999 -9999 -9999 -9999 -9999 -9999 -9999 -9999 -9999 -9999 -9999 -9999 -9999 -9999 -9999 -9999 -9999 -9999 -9999 -9999 -9999 -9999 -9999 -9999 -9999 -9999 -9999 -9999 -9999 -9999 -9999
60.77 57.5 68.59 69.8 66.25 57.67 58.02 60.26 58.73 59.92 58.76 59.28 66.67 55.41 54.39 36.08 48.17 39.87 29.53 26.69 -9999 -9999 -9999 -9999 -9999 -9999 -9999 -9999 -9999 -9999 -9999 -9999 -9999 -9999 -9999 -9999 -9999 -9999 -9999 -9999 -9999 -9999 -9999 -9999 -9999 -9999 -9999 -9999 -9999 -9999 -9999 -9999 -9999 -9999 -9999 -9999 -9999 -9999 -9999 -9999 -9999 -9999 -9999 -9999 -9999 -9999 -9999 -9999 -9999 -9999 -9999 -9999 -9999 -9999 -9999 -9999 -9999
56.59 58.06 58.35 59.05 48.13 54.41 56.69 56.37 51.85 50.45 49.55 52.68 54.46 38.38 29.79 27.19 39.01 38.55 33.42 21.28767 -9999 -9999 -9999 -9999 -9999 -9999 -9999 -9999 -9999 -9999 -9999 -9999 -9999 -9999 -9999 -9999 -9999 -9999 -9999 -9999 -9999 -9999 -9999 -9999 -9999 -9999 -9999 -9999 -9999 -9999 -9999 -9999 -9999 -9999 -9999 -9999 -9999 -9999 -9999 -9999 -9999 -9999 -9999 -9999 -9999 -9999 -9999 -9999 -9999 -9999 -9999 -9999 -9999 -9999 -9999 -9999 -9999
52.34 52.77 36.47 19.44 37.07 36.12 49.89 53.1 42.48 50.69 55.7 50.08 34.26 35.83 20.16 20.15 19.3 14.31 5.18 3.1625 -9999 -2.095238 -4.714286 -9999 -9999 -9999 -9999 -9999 -9999 -9999 -9999 -9999 -9999 -9999 -9999 -9999 -9999 -9999 -9999 -9999 -9999 -9999 -9999 -9999 -9999 -9999 -9999 -9999 -9999 -9999 -9999 -9999 -9999 -9999 -9999 -9999 -9999 -9999 -9999 -9999 -9999 -9999 -9999 -9999 -9999 -9999 -9999 -9999 -9999 -9999 -9999 -9999 -9999 -9999 -9999 -9999 -9999
30.61 33.89 36.98 30.3 37.91 39.23 31.86 28.48 16.59 29.27 35.95 27.87 15.84 17.87 23.1 23.67 21.92 20.22 12.03 8.13 2.28 0.41 -1.64 -5.59 -11.90323 -15.29508 -19.42 -32.03448 -9999 -9999 -9999 -9999 -9999 -9999 -9999 -9999 -9999 -9999 -9999 -9999 -9999 -9999 -9999 -9999 -9999 -9999 -9999 -9999 -9999 -9999 -9999 -9999 -9999 -9999 -9999 -9999 -9999 -9999 -9999 -9999 -9999 -9999 -9999 -9999 -9999 -9999 -9999 -9999 -9999 -9999 -9999 -9999 -9999 -9999 -9999 -9999 -9999
27.25 24.71 27.38 36.73 41.22 40.48 38.18 35.06 33.09 21.96 23.08 21.78 20 8.41 20.96 29.54 25.38 20.16 16.29 10.26 8.02 3.39 -6 -0.27 -8.1 -9.85 -16.33 -31.98 -36.72368 -9999 -9999 -9999 -9999 -9999 -9999 -9999 -9999 -9999 -9999 -9999 -9999 -9999 -9999 -9999 -9999 -9999 -9999 -9999 -9999 -9999 -9999 -9999 -9999 -9999 -9999 -9999 -9999 -9999 -9999 -9999 -9999 -9999 -9999 -9999 -9999 -9999 -9999 -9999 -9999 -9999 -9999 -9999 -9999 -9999 -9999 -9999 -9999
37.76 29.68 35.95 35.3 29.41 27.25 23.01 23.2 15.85 12.46 15.88 16.98 6.98 11.73 15.62 27.26 27.8 25.16 18.24 17.37 17.09 9.35 5.9 3.97 0.6 -0.85 -11.02 -20.28 -27.77 -43.07527 -40.0597 -48 -41.52273 -57.24242 -64.25373 -9999 -9999 -9999 -9999 -9999 -9999 -9999 -9999 -9999 -9999 -14.87 -29.38 -46.19231 -49.38182 -9999 -9999 -9999 -9999 -9999 -9999 -9999 -9999 -9999 -9999 -9999 -9999 -9999 -9999 -9999 -9999 -9999 -9999 -9999 -9999 -9999 -9999 -9999 -9999 -9999 -9999 -9999 -9999
40.11 40.85 39.39 32.8 31.08 27.86 18.94 22.33 22.52 20.58 19.14 21.27 26.61 29.75 24.68 26.49 19.37 17.88 12.57 12.06 16.41 20.01 12.05 6.72 2.17 3.82 -1.68 -3.99 -6.99 -19.79 -27.27 -51.36 -41.19 -28.68 -54.75 -44.78261 -9999 -9999 -9999 -44.11111 -9999 -57.55556 -9999 -9999 -9999 -27.13265 -19.84 -30.48 -39.15 -44.09 -32.80488 -43.95238 -42.4697 -9999 -9999 -9999 -9999 -9999 -9999 -9999 -9999 -9999 -9999 -9999 -9999 -9999 -9999 -9999 -9999 -9999 -9999 -9999 -9999 -9999 -9999 -9999 -9999
28.89 32.91 36.18 26.99 17.64 14.89 19.07 19.55 20.02 21.41 29.07 28.09 26.01 30.39 32.97 30.78 21.24 17.5 8.01 8.65 14.07 19.46 12.87 7.49 11.18 11.08 11.97 2.98 -2.78 -5.1 -8.41 -19.12 -22.68 -16.08 -29.89 -23.04 -39.02 -46.02 -33.4 -23.14 -43.14 -43.29 -56.07 -32.97 -65.02 -56.19 -47.95 -49.69 -50.59 -38.42 -13.5 -28.03 -28.25 -47.75258 -9999 -9999 -9999 -9999 -9999 -9999 -9999 -9999 -9999 -9999 -9999 -9999 -9999 -9999 -9999 -9999 -9999 -9999 -9999 -9999 -9999 -9999 -9999
31.14 35.08 35.52 37.63 35.42 33.1 32.38 29.9 28.3 29.62 32.46 31.19 32.36 32.27 34.29 32.5 25.52 20.55 13.1 17.57 22.55 21.28 19.95 11.21 7.17 0.67 6.63 9.05 0.77 0.34 -5.42 -3.33 -1.57 -12.63 -21.38 -14.7 -18.2 -14.33 -3.35 -10.89 -37.76 -32.51 -19.6 -34.99 -41.36 -31.66 -34.9 -41.87 -54.39 -50.02 -16.08 -5.49 -15.99 -34.61 -9999 -9999 -9999 -9999 -9999 -9999 -9999 -9999 -9999 -9999 -9999 -9999 -9999 -9999 -9999 -9999 -9999 -9999 -9999 -9999 -9999 -9999 -9999
25.87 29.44 28.86 31.2 34.1 31.53 33.02 34.34 33.48 34.46 35.52 32.94 33.84 34.03 31.41 33.14 28.8 29.28 21.89 20.21 21.6 12.73 8.85 5.98 5.43 -1.09 -1.99 4.73 3.34 3.93 -0.24 1.99 1.82 -7.6 -13.18 -15.11 -2.95 -2.31 6.66 -5.96 -14.18 -13.47 -13.53 -22.26 -14.78 -7.56 -19.45 -41.17 -36.26 -33.09 -8.65 -13.48 -22.27 -23.15 -9999 -9999 -42.52381 -39.72631 -28.57303 -3.240741 5 -9999 -9999 -9999 -9999 -9999 -9999 -9999 -9999 -9999 -9999 46.10714 40.33823 45.26415 -9999 -9999 -9999
7.2 14.61 18.08 27.63 24.92 14.49 23.05 25.75 27.73 27.09 30.18 32.13 35.26 34.4 31.25 34.07 32.98 31.7 30.08 27.82 26.9 21.69 12.81 9.5 5.59 1.86 0.58 5.74 7.87 0.59 -0.08 -0.84 -4.34 -4.75 -7.58 -10.42 -9.93 0.09 8.86 9.81 5.45 -1 -6.11 -12.87 -15.62 -6.31 -6.44 -8.39 -4.38 -8.3 -1.6 -22.07 -10.96 4.96 10.75 0.23 -2.83 0.72 4.99 4.53 -6.150685 -9999 -29.0375 -28.29 -10.66 1.435294 -9999 -9999 -9999 35.17021 48.74 57.71 59.94 60.43 59.1236 -9999 -9999
1.44 -8.19 3.03 16.76 6.4 0.31 7.88 6.13 3.59 10.99 8.36 21.75 30.89 35.26 35.19 34.9 35 31.22 28.76 28.86 27.08 24.56 20.41 17.01 13.84 11.89 8.59 14.12 14.07 8.18 -0.43 -7.33 -8.43 -9.68 -16.85 -10.87 -7.26 -1.03 9.2 13.07 2.94 7.02 -2.19 3.89 -3.74 4.09 -1.24 -7.2 6.81 8.87 -9.74 -13.16 -2.69 15.93 4.65 -11 -18.69 -17.98 -5.68 -7.17 -8.43 -2.1 6.97 3.16 5.78 20.85 31 34.18 33.93 40.51 51.94 58.69 64.58 66.74 65.49438 60.77419 -9999
-15.92 -19.05 -5.18 -0.69 -4.74 4.41 -2.16 2.94 -4.89 5.86 8.8 16.75 23.79 25.44 33.63 36.79 36.43 32.87 33.34 33.29 29.38 28.28 26.79 26.7 22.8 18.34 16.04 18.99 20.14 19.36 18.59 15.13 11.67 7.09 8.42 8.9 3.67 5.37 5.32 13.55 8.04 14.51 10.3 5.64 3.61 10.72 2.58 11.06 18.17 3.8 -11.14 -0.19 14.09 12.17 -4.58 -12.69 -12.16 -5.69 0.12 16.61 9.81 14.9 21.53 27.01 22.47 27.51 43.74 45.35 50.77 53.53 57.69 62.02 65.55 69.01053 -9999 -9999 -9999
-8.08 -2.01 -5.42 -15.22 -10.31 -6.39 -10.73 -14.55 -8.72 -2 -1.56 5.03 10.35 12.56 27.2 32.67 32.9 35.22 34.22 30 27.69 31.52 31.98 31.75 29.61 26.61 24.75 25.97 25.29 22.13 20.51 21.34 20.93 17.31 17.68 18.16 15.6 16.54 15.51 19.05 13.08 13.43 6.85 7.62 6.92 13.81 7.78 20.9 20.78 19.44 6.18 5.02 17.63 10.42 3.07 0.38 12.75 9.7 1.57 27.3 25.28 26.96 26.67 33.52 23.18 22.89 41.72 39.74 47.68 53.16 59.36 62.35 66.06 68.09 71.0597 -9999 -9999
-17.93 -19.28 -25.96 -22.62 -22.62 -22.23 -21.19 -14.31 -7.21 -9.96 -4.82 0.12 11.55 19.57 23.12 26.69 32.67 35.25 35.84 32.49 25.68 26.8 34.51 30.27 23.94 22.2 24.41 29.48 26.99 27.41 24.7 26.05 24.48 20.5 20.43 21.31 20.19 21.11 22.57 23.26 10.33 7.9 7.64 13.33 11.23 6.05 5.29 17.95 6.39 11.31 15.29 22.58 30.51 26.13 23.83 24.37 23.52 22.25 30.35 40.38 36.44 36.22 33.37 38.27 43.71 34.57 29.09 43.75 51.17 51.29 60.3 64.7 66.49 70.69 72.11224 -9999 -9999
-1.47 -7.15 -15.92 -12.2 -19.2 -12.22 -12.09 -6.96 -12.06 -13.58 -8.1 -0.51 8.86 13.54 16.4 17.72 28.72 30.67 34.83 37.94 36.56 35.95 35.41 30.54 23.67 16.92 22.88 32.16 30.18 25.65 26.07 29.01 29.54 26.04 23.72 24.55 22.12 25.07 25.87 25.36 20.55 17.03 12.53 13.69 16.35 11.75 17.13 20.6 14.45 26.37 31.16 31.99 31.73 28.02 23.5 30.19 37.82 38.55 38.38 45.34 42.23 43.69 39.09 42.89 48.62 44.5 41.83 44.37 55.3 59.65 63.4 59.19 63.63 70.26 72.79 72.66666 -9999
-0.84 -2.15 -2.76 -1.11 -0.73 -0.66 -2.32 -0.42 -1.14 -6 -6.98 -2.66 0.86 1.12 7.24 14.85 20.13 19.37 25.8 35.15 37.39 39.24 37.57 27.63 23.73 23.67 27.66 34.38 31.25 26 22.21 27.77 29.72 31.44 30.46 28.56 22.46 26.72 29.91 27.03 25.21 23.11 21.85 21.73 20.03 20.02 22.9 28.4 29.52 34.27 33.3 37.16 37.81 32.92 30.45 29.63 38.27 46.38 46.12 52.08 50.64 45.9 34.85 42.85 44.5 40.04 35.29 43.25 54.69 62.98 63.37 63.99 61.58 66.56 71.80822 -9999 -9999
2.63 -0.05 -0.91 -1.28 -1.92 -2.72 0.43 1.04 0.37 -2.05 -3.71 -2.67 -2.95 -3.53 -19.49 -11.7 10.55 17.7 24.13 28.94 33.44 37.53 40.81 39.6 35.03 31.07 35.22 37.31 32.17 27.87 21.15 23.47 28.34 30.99 32.94 30.8 29.79 31.32 31.88 27.83 29.44 29.84 28.79 25.93 27.71 29.06 33.13 35.24 36.39 37.53 38.93 38 38.05 37.95 38.02 34.2 35.35 44.58 55.38 57.9 56.01 46.99 39.98 41.88 38.53 29.93 33.67 56.68 62.44 67.17 65.54 63.52 66.125 -9999 -9999 -9999 -9999
6.75 3.51 4.52 1.68 -1.24 -0.43 -0.24 1.68 2.73 1.55 -0.24 -0.25 -2.73 -8.58 -12.46 -16.11 -6.91 5.64 12.53 23.58 30.02 33.87 38.55 41.05 42.37 41.53 40.33 40.36 32.07 27.49 23.49 20.62 21.77 26.45 32.13 33.82 33.91 35.23 35.68 31.55 32.89 32.65 27.71 26.04 30.26 33.59 36.59 38.7 40.77 41.59 41.87 40.85 38.97 35.48 34.34 37.47 40.91 48.5 59.9 62.04 51.33 47.16 46.11 52.04 53.58 53.09 61.84 66.2 66.07 70.40816 69 68.58929 -9999 -9999 -9999 -9999 -9999
10.1 7.79 6.62 5.35 5.21 3.12 1.29 1.59 4.09 3.15 0.73 -0.1 -2.17 -4.07 -5.53 -1.64 2.71 12.17 13.8 19.23 30.24 35.3 32.17 30.19 35.23 39.8 41.82 43.53 40.02 35.43 35.18 32.44 25.99 22.75 26.03 27.87 25.54 30.62 34.16 35.3 35.72 32.41 30.95 32.08 33.91 35.35 37.65 39.46 41.2 42.65 42.22 38.96 37.06 36.13 38.47 46.38 49.5 50.03 50.81 64.08 50.92 55.46 63.66 70.64 71.2 68.79 63.82 65.73737 67.67105 -9999 -9999 -9999 -9999 -9999 -9999 -9999 -9999
12.52 9.21 9.1 9.27 6.21 4.11 3.25 4.12 1.25 -0.47 0.45 1.22 -1.91 -0.22 -0.14 1.82 2.01 14.69 21.23 23.54 31.95 34.39 29.92 23.23 30.17 30.67 31.98 37.47 40.86 43.39 41.39 38.3 35.1 32.16 29.47 32.55 32.54 31.75 33.73 32.88 35.95 36.42 37.72 37.83 35.95 36.07 38.15 40.09 40.46 39.39 37 33.61 32.11 35.6 38.83 49.08 56.04 57.43 61.61 70.13 69.15 70.92 75.77 78.19 73.13 72.1383 -9999 -9999 -9999 -9999 -9999 -9999 -9999 -9999 -9999 -9999 -9999
9.05 8.8 8.64 7.12 6.23 6.67 6.98 4.28 0.15 -0.36 5.21 4.08 3.1 2.57 5.75 10.25 7.97 6.47 22.32 23.8 29.33 30.82 26.54 26.48 26.84 20.97 24.04 29.51 35.34 40.16 44.65 43.38 38.39 34.27 33.75 34.64 34.79 36.84 37.56 36.37 34.25 42.54 40.19 37.36 35.83 34.63 34.52 35.38 37.15 35.67 38 41.75 38.77 40.25 38.74 43.31 53.91 65.97 71.17 72.8 76.93 77.94 77.02 80.2234 -9999 -9999 -9999 -9999 -9999 -9999 -9999 -9999 -9999 -9999 -9999 -9999 -9999
-0.65 -0.72 2.86 4.19 0.87 0.89 2.31 3.08 2.02 4.67 9.57 8.11 5.96 6.84 6.42 15.52 14.37 20.05 9.04 7.6 8.24 18.98 23.1 20.35 21.96 16.28 23.83 32.28 36.39 41.28 43.06 44.77 42.02 37.12 36.2 36.31 36.22 38.07 42.76 38.89 41.19 39.1 36.28 34.82 33.25 31.45 30.99 30.88 29.67 34.24 40.8 49.97 50.71 52.39 44.89 53.45 66 70.68 69.65 63.58 74.13 82.11 82.55319 -9999 -9999 -9999 -9999 -9999 -9999 -9999 -9999 -9999 -9999 -9999 -9999 -9999 -9999
-4.74 -1.85 0.11 0.5 0.74 -0.31 0.09 -0.53 2.09 8.2 10.57 12.12 12.67 13.85 12.08 13.82 15.84 16.95 9.54 2.59 2.23 6.08 13.38 12.74 12.77 14.97 20.96 28.26 33.32 37.25 40.53 43.03 45.97 46.25 46.65 46.44 47.53 47.85 45.15 40.19 39.93 41.88 40.43 44.48 42.53 37.24 29.03 27.89 25.63 23.72 40.12 61.65 64.33 64.17 63.3 71.16 75.42 73.29 76.55 69.86735 76.60493 85.67647 -9999 -9999 -9999 -9999 -9999 -9999 -9999 -9999 -9999 -9999 -9999 -9999 -9999 -9999 -9999
-4.91 3.29 2.11 4.35 5.29 -1.49 -1.86 -1.38 1.83 5.84 7.65 5.83 3.27 3.71 6.64 9.59 4.1 5.37 8.34 2.59 1.28 1.74 1.66 3.22 8.17 13.81 19.7 23.18 27.95 34.81 39.65 42.82 43.99 43.99 45.5 47.22 47.41 46.32 42.99 46.04 46.23 45.97 42.6 52.59 49.87 43.93 47.05 42.25 40.09 50.92 60.06 72.72 73.11 74.26 74.7347 80.58228 79.89394 -9999 -9999 -9999 -9999 -9999 -9999 -9999 -9999 -9999 -9999 -9999 -9999 -9999 -9999 -9999 -9999 -9999 -9999 -9999 -9999
-0.04 2.86 4.1 6.9 6.64 0.33 -1.76 -2.35 -4.26 -5.3 -7.22 -7.37 -4.54 -2.28 -1.5 -0.1 -2.6 -3.69 -1.37 5.09 1.58 -0.52 -3.17 -1.97 3.89 9.5 15.2 15.78 14.22 25.15 34.92 36.02 38.58 40.65 41.84 39.55 44.91 44.24 42.6 45.86 42.45 40.92 39.02 48.6 56.3 57.78 51.11 42.95 59.65 69.47 75.13 79.33334 -9999 -9999 -9999 -9999 -9999 -9999 -9999 -9999 -9999 -9999 -9999 -9999 -9999 -9999 -9999 -9999 -9999 -9999 -9999 -9999 -9999 -9999 -9999 -9999 -9999
10.95 11.37 9.92 9.49 4.67 1.67 -1.39 -3.28 -4.1 -8.76 -11.96 -11.16 -6.76 -10.79 -8.91 -6.38 -4.43 -4.34 -6.48 -7.33 1.68 -3.44 -6.28 -11.04 -4.46 4.63 10.65 14.45 17.84 23.78 27.7 27.31 32.19 36.41 40.65 41.58 39.33 37.42 40.41 42.03 40.73 43.42 45.07 53.75 62.58 52.94 45.92 54.32 70.57746 -9999 -9999 -9999 -9999 -9999 -9999 -9999 -9999 -9999 -9999 -9999 -9999 -9999 -9999 -9999 -9999 -9999 -9999 -9999 -9999 -9999 -9999 -9999 -9999 -9999 -9999 -9999 -9999
15.5 17.85 14.3 10.77 5.01 0.71 -0.43 -1.11 -3.09 -4.57 -7.85 -10.99 -12.19 -11.44 -8.78 -6.58 -6.64 -6.94 -3.44 -4.35 -4.64 -0.29 -4.99 -10.83 -10.65 -3.07 3.39 11.04 20.82 22.15 22.27 21.04 26.83 33 39.51 38.98 33.58 34.88 39.09 37.62 41.64 40.49 56.46 55.21 53.37 56.96 57.12 61.86 -9999 -9999 -9999 -9999 -9999 -9999 -9999 -9999 -9999 -9999 -9999 -9999 -9999 -9999 -9999 -9999 -9999 -9999 -9999 -9999 -9999 -9999 -9999 -9999 -9999 -9999 -9999 -9999 -9999
