layers/wordclim/future/Iberia_wcB2a_10_hadcm3_2080/bio_03.asc
ncols         166
nrows         93
xllcorner     -9.4959440078468
yllcorner     36.000324005443
cellsize      0.083333337679505
NODATA_value  -9999
[rows 37 to 73 of 93, columns 0 to 81 of 166]
-9999 -9999 -9999 -9999 -9999 -9999 -9999 -9999 -9999 44.32433 44.09278 43.78 43.19 42.17 41.04 39.22 38.28 39.58 39.2 38.82 38.15 37.14 36.3 36.06 36.01 35.36 34.67 33.08 33.18 33.68 33.46 33.76 33.79 34.01 34.11 34.29 34.26 34.32 34.56 34.78 34.99 34.94 35 35.31 35.59 35.93 35.91 35.96 35.92 35.51 35.14 35 35 34.99 35 34.67 34.06 34 34 34 34.02 34.04 34.03 34.17 33.36 32.99 33.05 32.95 32.42 32.32 32.06 32.38 32.99 33 33 32.91 33.39 33.58 33.68 34 34.1 34.13
-9999 -9999 -9999 -9999 -9999 -9999 -9999 -9999 -9999 44.15 43.99 43.73 43.2 42.46 40.84 38.85 40.25 40 39.38 38.67 38.11 37.27 36.88 35.68 33.25 32.2 32.61 32.43 32.77 33.02 33.22 33.01 33.24 33.89 34 34.01 34.06 34 34.01 34.15 34.44 34.88 34.97 35.02 35.02 35.08 35.17 35 35.01 35 35 35 34.73 34.94 34.95 34.31 34 34 34 33.53 33.42 33.14 33.09 33.27 33.01 32.91 32.18 32.02 32 32.02 32 32.4 33 33.01 33 33.16 33.51 33.33 33.86 34 34.07 34.24
-9999 -9999 -9999 -9999 -9999 -9999 -9999 -9999 44.35484 44.01 43.92 43.39 43.05 42.31 41.34 40.91 40.53 40.15 39.25 38.65 37.84 36.72 34.2 31.37 31.66 32.16 33.06 32.11 32.69 32.96 32.88 33 33.24 33.45 33.39 33.54 33.96 33.86 33.98 34.16 34.15 34.88 35 35 34.99 35 35 35 35 34.98 34.65 34.38 34.58 34.71 34.49 34.13 34.05 33.99 33.69 33.27 33.01 33 33 33 32.81 32.34 32.01 32.24 32.03 32 32 32.13 33.05 33 33.03 33.46 33.59 33.72 34 34 34.05 34.26
-9999 -9999 -9999 -9999 -9999 -9999 -9999 -9999 44.02198 43.97 43.83 43.25 43 42.02 41.74 41.56 40.86 40 39.17 38.04 37.19 34.36 31.12 31.37 33.4 34.42 34.23 32.8 32.23 32.45 32.3 32.72 32.82 33 33 33.05 33.2 33.58 33.88 34.42 34.37 34.77 34.35 34.95 34.6 34.35 34.37 34.92 34.8 34.32 34.09 34.02 34.06 34.19 34.01 34 34 33.99 33.91 33.6 33.02 33 33 32.83 32.4 32.13 32.02 32.1 32.06 32 32 32.1 32.85 33.04 33.45 33.84 33.74 33.92 34 34 34.06 34.47
-9999 -9999 -9999 -9999 -9999 -9999 -9999 -9999 43.88 43.8 43.27 43.28 42.99 42.07 41.64 41.26 40.55 39.77 38.87 37.57 36.32 34.55 31.87 31.82 34.41 34.82 34 33.48 32.55 31.97 31.96 32 32.38 32.96 32.79 33.26 33.52 33.93 34.02 34.09 34.53 34.25 34.26 34.04 33.9 33.77 34.12 34.29 34.26 34.11 34.02 34 34 34 34 34 33.99 33.81 33.18 33.09 33.01 33 32.97 32.9 32.48 32.26 32.32 32.17 32.18 32 32.06 32.22 33 33 33.44 33.65 33.97 34 34 34.04 34.57 34.68
-9999 -9999 -9999 -9999 -9999 -9999 -9999 43.73973 43.55 43.97 43.6 43.25 43.07 42.28 41.76 40.9 40.05 39.04 37.16 35.21 34.19 35.32 35.23 34.82 34.71 34.33 34.01 33.82 33.46 32.69 33.39 33.53 32.7 33.41 33.74 33.9 33.97 33.94 34 34.01 34.26 34.32 33.98 33.91 33.98 33.95 33.85 33.97 34 34.04 34 34 34 34 34 34 33.95 33.51 33.04 33.02 33 33 33 32.68 32.41 32.15 32.07 32.06 32.02 32.13 32.44 32.8 33 33.02 33.6 33.85 34 34 34 34.33 34.93 34.99
-9999 -9999 -9999 -9999 -9999 -9999 -9999 -9999 43.625 43.51 43.14 43.01 42.59 41.99 41.61 39.69 38.26 37.12 36.55 35.46 35.26 35.74 34.88 34.26 33.94 34.13 34.65 34 33.91 33.92 34 33.81 33.69 33.85 34 34 34 33.99 34 34 34.02 33.99 33.96 34 33.96 33.99 34 34 34.07 34 34 34 34 34 34 33.75 33.73 33.55 33.13 33 33 33 32.98 32.78 32.58 32.2 32.16 32.15 32.23 32.42 32.74 32.93 33 33.02 33.74 34 33.99 34 34.08 34.84 35 35
-9999 -9999 -9999 -9999 -9999 -9999 -9999 43.33333 43.18 43.12 42.98 42.16 41.68 41.48 39.05 37.43 37.72 37.55 37.07 36.9 36.46 34.87 34.95 33.95 34.6 34.85 34.58 34.32 33.92 33.64 33.6 34 34.02 34 34 34 34 34 34 34 34.01 34 34 34 34 34 34 34 34 34 34 34 34 34 34 33.8 33.6 33.34 33 33 33 33 32.94 32.88 32.47 32.16 32.14 32.18 32.69 32.91 33 33 33.01 33.16 33.59 33.99 34 34 34.09 34.95 35 35
-9999 -9999 -9999 -9999 -9999 -9999 -9999 43.01 42.81 42.64 42.4 41.23 41.08 40.71 39.25 38.91 38.86 37.89 36.79 36.29 35.55 35.35 35.91 35.06 34.8 34.94 34.5 34.42 34.06 34.01 34 33.99 33.97 34.02 34 34 33.98 34 34 34 34 34 34 34 34 34 34 34 34 34 34 34 34 34 33.99 33.27 33.2 33.03 33 33 33 33 33 32.85 32.85 32.76 32.77 32.66 32.92 33 33 33 33.23 33.89 34 34 34 34.01 34.69 35 35 35
-9999 -9999 -9999 -9999 -9999 -9999 43 42.93 42.32 42.06 41.94 41.4 41.24 40.58 39.95 39.77 38.71 37.34 36.47 35.47 35.94 36.21 35.97 35.09 34.9 34.84 35.09 34.92 34.82 34.08 34.07 34.03 34 34 34 34 34 33.95 33.77 33.56 33.91 34 34 34 34 34 34 34 34 34 34 34 34 33.95 33.95 33.7 33.42 33 33 33 33 33 33 33 32.89 32.72 32.91 33 33 33 33 33.11 33.76 34 34 34 34 34.14 34.95 35 35 35
-9999 -9999 -9999 -9999 -9999 -9999 42.61224 42.55 42.04 41.8 41.21 41.08 41.01 40.19 40.08 39.58 39.01 38.15 36.93 36.28 36.58 36.38 35.78 35.1 35.27 35.4 35.1 34.99 34.67 34.43 34.14 34.13 34.04 34.02 34 34 33.78 33.65 33.83 33.87 33.94 34 33.97 34 33.99 33.99 33.97 34 34 34 34 34 34 33.9 33.92 33.82 33.18 33.08 33.01 33 33 33 33 33 32.97 33 33 33 33 33.12 33.13 33.4 33.85 34 34 34 34.1 34.59 34.87 35 35 35.09
-9999 -9999 -9999 -9999 -9999 42.35714 41.97 41.87 41.96 41.42 41.01 41.03 41.03 40.52 39.81 39.47 38.69 38.24 37.62 37.2 37.17 36.61 36.2 35.84 35.5 35.02 34.98 34.96 34.63 34.54 34.62 34.27 34 34 34 34 34 33.97 33.51 33.53 33.35 33.62 33.66 33.84 33.39 33.44 33.97 33.99 33.84 33.86 33.96 33.96 33.89 33.94 33.94 33.74 33.15 33.25 33.35 33.08 33.01 33 33.04 33.01 33 33.03 33.06 33.12 33.23 33.65 33.83 33.99 34 34 34 34 34.39 34.98 35 35 35 35.02
-9999 -9999 -9999 -9999 -9999 42.03659 41.88 41.67 41.16 40.32 40.7 40.92 40.88 40.35 39.98 39.64 38.86 38.12 37.81 37.58 37.34 36.96 36.62 36.02 35.3 35.11 35.24 34.91 35.01 34.99 34.66 34.27 34 33.98 33.98 33.94 33.82 33.85 33.51 33.59 33.42 33.63 33.58 33.67 33.65 33.76 33.89 33.82 33.72 33.23 33.85 33.83 33.94 34 33.74 33.58 33.93 33.59 33.67 33.55 33.45 33.21 33.14 33.63 33.64 33.64 33.76 33.88 33.9 34 34 34 34 34 34 34.32 34.37 35 35 35 35 35.01
-9999 -9999 -9999 -9999 -9999 41.83838 41.74 40.66 40.27 40.2 40.17 40.98 40.95 40.48 40.01 39.48 39.07 38.56 38.13 37.89 37.41 36.98 36.14 35.98 35.61 35.18 35.11 34.85 34.96 35 35 34.95 34.14 34.02 34 33.99 33.99 33.65 33.39 33.49 33.2 33.59 33.27 33.26 33.45 33.18 33.99 33.73 33.27 33.32 33.52 33.89 33.88 33.94 33.73 33.83 33.83 33.94 33.91 33.7 33.96 33.87 33.94 33.98 34 34 34 34 34 34 34 34 34 34 34.62 34.9 34.98 35 35 35 35 35.02
-9999 -9999 -9999 41.97619 41.87 41.38 40.97 40.58 40.5 40.83 41 41 40.91 40.1 40.11 39.98 39.47 39.02 38.22 37.91 37.02 36.93 36.13 35.93 35.33 35.13 35.15 35.02 34.93 34.86 34.99 35 34.84 34.58 34.08 34 34 33.25 33.32 33.35 33.26 33.21 33.4 33.08 33.33 33.04 33.48 33.64 33.32 33.33 33.73 33.73 33.96 33.69 33.97 33.95 33.96 33.96 33.97 33.97 34 33.99 33.99 34 34 34 34 34 34 34 34 34.03 34 34.07 34.56 35 35 35 35 35 35 35.02
-9999 -9999 41.89063 41.83721 41.53 41.45 40.87 40.98 41.02 41 40.99 41 40.66 40 39.94 39.7 39.23 38.73 38.08 37.92 37.34 36.99 36.41 36 35.2 34.81 34.86 35 35 35 34.97 34.87 34.88 34.19 34.01 34.01 34 33.91 33.73 33.42 33.33 33.14 33.44 33.25 33.57 33.45 33.36 33.61 33.56 33.71 33.96 33.91 33.96 33.94 34 34 34 34 34 34 34 34 34 34 34 34 34.02 34.09 34.15 34.23 34.36 34.5 34.45 34.31 34.71 34.95 35 35 35 35 35 35.02
-9999 -9999 41.55 41.34 41.13 41.17 40.95 40.94 40.98 40.99 41 40.79 40.28 40.01 40 39.61 39.01 38.99 38.22 38 37.86 37.22 36.95 36.56 35.63 35.07 34.83 35.49 35.89 35.72 35.34 35.39 35 34.87 34.69 34.09 34 34 33.93 33.67 33.23 33.5 33.6 33.65 33.93 33.73 33.98 33.96 33.93 33.92 33.85 34 33.79 34 34 34 34 34 34 34 34 34 34 34 34 34.07 34.2 34.75 34.7 34.78 35 34.9 34.66 34.95 35 35 35 35 35 35 35.01 35.42
-9999 -9999 41.59 41.12 41.05 40.74 40.79 40.87 40.96 40.96 40.99 40.67 40.07 40 40 39.6 39 39 38.22 38.05 38 37.95 37 36.99 36.64 36.3 35.93 36.01 36.09 36.09 35.97 35.93 35.49 35 34.96 34.65 34 34 34 33.93 33.57 33.65 33.94 34 34 33.98 34 33.99 34 34 34 33.82 34 34 34 34 34 34 34 34 34 34 34 34 34.18 34.54 34.93 35 34.99 34.98 35 35 34.98 35 35 35 35 35 35 35 35.15 35.51
-9999 41.625 41.37 41.02 40.94 40.89 40.93 40.85 40.99 40.89474 40.96 40.62 40.08 40 39.95 39.69 39.22 39 38.73 38.08 38.01 37.99 37.12 37.01 36.94 36.87 36.96 36.78 36.92 36.83 36.44 36.01 35.77 35.53 34.99 35 34.76 34.14 34 34 34 34 34 34 34 34 34 34 34 33.99 34 33.99 34 34 34 34 34 34 34 34 34 34 34 34.21 34.34 34.93 35 35 35 35 35 35 35 35 35 35 35 35 35 35 35.33 35.15
-9999 41.68 41.12 41 40.7 40.62 40.98936 41 41 40.95 40.8 40.66 40.01 40.07 40 39.85 39.3 39.07 38.93 38.27 38.04 38 37.83 37.59 37.02 37.02 37 37.03 37.04 37.02 36.96 36.09 36 36 35.34 35 35 34.72 34.39 34 34.06 34 34 34 34 34 34 34 34 34 34 34 34 34 34 34 34 34 34 34 34 34 34.02 34.44 34.9 35 35 35 35 35 35 35 35 35 35 35 35 35 35 35 35.09 35.5
-9999 41.65306 41.02 41.01 40.48 40.63918 40.96202 41 40.99 40.98 40.87 40.7 40.18 40.3 40.02 40 39.51 39.28 38.97 38.39 38.04 38 37.77 37.56 37.38 37.03 37.01 37 37.03 37.01 36.87 36.21 36 36 35.56 35.02 35 35 34.78 34.3 34.38 34.16 34 34 34 34 34 34 34 34 34 34 34 34 34 34 34 34 34 34 34 34 34.1 34.65 34.98 35 35 35 35 35 35 35 35 35 35 35 35 35 35 35 35.02 35.54
-9999 41.67 41.07 40.99 40.82 40.9 41 41.07 40.99 40.99 40.98 40.51 40.33 40.26 40.23 39.9 39.72 39.16 39 38.62 38.44 38.01 37.78 37.26 37.2 37.15 37.01 37.03 37 37 36.87 36.01 36 36 35.98 35.45 35 35 34.97 34.97 34.81 34.22 34.02 34 34 34 34 34 34 34 34 34 34 34 34 34 34 34 34 34 34 34 34.41 34.87 34.96 34.99 35 35 35 35 35 35 35 35 35 35 35 35 35 35 35 35.72
41.98766 41.8 41.63 41.08 40.91489 -9999 -9999 41.09 40.98 41 40.98 40.77 40.43 40.07 40.01 39.72 39.8 39.18 39 38.67 38.36 38 37.99 37.59 37.23 37.6 37.62 37.04 37.08 37 36.94 36.85 36.11 36 35.96 35.45 35 35 35 34.72 34.52 34.65 34.01 34.01 34 34 34 34 34 34 34 34 34 34 34 34 34 34 34 34 34 34 34.03 34.47 34.65 35 35 35 35 35 35 35 34.99 35 35 35 35 35 35 35 35 35.19
42.3 42.02817 42.02703 41.42857 41.02222 41.04167 41.21348 41.12 41 41.01 40.95 40.85 40.97 40.64 40.01 39.94 39.82 39.02 39 38.63 38.55 38.11 38 37.88 37.97 37.8 37.92 37.34 37 37 36.69 36.91 36.04 36 35.96 35.83 35 35 35 35 34.97 34.87 34.21 34.09 34.05 34 34 34 34 34 34 34 34 34 34 34 34 34 34 34 34 34 34 34.03 34.5 34.77 34.78 34.86 34.96 34.86 34.93 34.97 35 34.97 35 35 35 35 35 35 35.01 35.21
-9999 -9999 -9999 41.64865 41.50649 41.58333 41.17 41.29 41.22 41.05 41.03 41 40.97 40.76 40.06 40.01 39.96 39.19 39 39 38.97 38.92 38.1 38.04 38 38 37.95 37.31 37 36.95 36.6 36.03 36.01 36 35.95 35.4 35 35 35 35 34.97 34.9 34.42 34.44 34.25 34 34 34 34 34 34 34 34 34 34 34 34 34 34 34 34 34 34 34 34.06 34.23 34.04 34.08 34.45 34.34 34.37 34.41 34.35 34.69 34.97 34.99 35 35 35 35 35 35.45
-9999 -9999 -9999 -9999 41.86 42 41.50505 41.64706 41.68132 41.3956 41.67 41.08 41.01 40.85 40.6 40.18 39.89 39.9 39.53 39.05 39.02 38.99 38.76 38.21 38.01 38 38 37.51 37 37 36.59 36.03 36 35.91 35.67 35.24 35.01 35 35 35 35 34.93 34.92 34.36 34.58 34.01 34 34 34.01 34 34 34 34 34 34 34 34 34 34 34 34 34 34 34 34 34 34.07 34.08 34.01 34.02 34.15 34.04 34.2 34.59 34.88 34.96 35 35 35 35 35 35.21
-9999 -9999 -9999 -9999 41.93827 42 -9999 42 -9999 42 41.93 41.54 41.27 41.06 40.9 40.68 40.45 40 39.98 39.6 39.25 39.01 38.99 38.89 38.19 38.02 38 37.65 37 37 36.38 36 35.96 35.52 35.27 35.1 35 35 35 35 35 35 35 34.61 34.71 34.14 34.11 34.47 34.05 34.24 34 34.02 34 34 34 34 34 34 34 34 34 34 34 34 34 34 34 34 34 34.02 34.03 34 34.06 34.23 34.77 34.92 34.98 34.99 35 35 35 35.02
-9999 -9999 -9999 -9999 -9999 -9999 -9999 -9999 42 42.0102 42 41.97 41.61 41.16 41.04 41 40.84 40.73 40.04 39.94 39.9 39.12 39.01 38.99 38.83 38 38 37.4 37 36.99 36.36 36.1 36 36 35.8 35.48 35.01 35 35 35 35 35 34.97 34.97 34.98 34.59 34.97 34.53 34.52 34.59 34.03 34 34 34 34 34 34 34 34 34 34 34 34 34 34 34 34 33.99 34 34 34.03 34 34.01 34.05 34.18 34.54 34.92 35 35 35 35 35.02
-9999 -9999 -9999 -9999 -9999 -9999 -9999 -9999 -9999 42.08 42 42 41.88 41.62 41.21 41.09 41.06 40.94 40.56 40.03 40 39.53 39.35 39 38.86 38.06 38 37.41 37.32 37 36.51 36.03 36 36 35.9 35.84 35.39 35 35 35 35 35 35 35 34.95 35 34.98 34.8 34.47 34.69 34.37 34 34 34.01 34 34 34 34 34 34 34 34 34 33.98 33.99 33.82 33.84 33.94 33.94 33.94 34 34 34 34 34.01 34.26 34.75 34.95 35 35 35 35.01
-9999 -9999 -9999 -9999 -9999 -9999 -9999 -9999 -9999 42.38 42.11 42 42.01 41.96 41.85 41.58 41.44 41.01 40.96 40.79 40.08 39.96 39.73 39 39 38.22 38 37.66 37.13 37 36.96 36.15 36 36 35.83 35.6 35.51 35.01 35 35 35 35 35 35 35 35 35 34.92 34.9 34.76 34.61 34.17 34.11 34.16 34 34 34 34 34 34 34 34 33.96 33.88 33.58 33.45 33.16 33.19 33.2 33.28 33.62 33.93 34 34 34 34.08 34.2 34.86 35 35 35 35.01
-9999 -9999 -9999 -9999 -9999 -9999 -9999 -9999 43 42.74 42.1 42 42.01 41.99 42 41.93 41.65 41.03 41.03 41 40.53 40.11 39.89 39.14 38.99 38.12 38 37.95 37.02 37 36.75 36.11 36 35.95 36 35.44 35.02 35.03 35 35 35 35.01 35 34.99 35 35 35 35 35 35 34.83 34.47 34.36 34.15 34.14 34.02 34 34 34 34 34 33.85 33.63 33.23 33.07 33 33 33 33 33.13 33.18 33.51 33.93 34 34 34 34.07 34.89 35 35 35 35
-9999 -9999 -9999 -9999 -9999 -9999 -9999 -9999 43.02198 42.93 42.68 42.13 42.38 42 42 42 42 41.44 41.13 41.06 41 40.46 40 39.45 39 38.22 38 37.64 37.03 36.94 36.21 36.09 36 35.95 35.86 35.58 35.07 35.02 35 35 35.04 35.25 35.02 35 35 35 35 35 35 35 34.99 34.99 34.88 34.2 34.26 34.01 34 34 34 34 33.99 33.86 33.73 33.2 33 33 33 33 33 33 33.02 33.18 33.84 34 34 34 34.05 34.58 34.98 35 35 35
-9999 -9999 -9999 -9999 -9999 -9999 -9999 43.80769 43.49463 43 42.81 42.79 42.65 42.2 42.08 42 42 41.81 41.58 41.16 40.98 40.64 40 39.36 38.97 38.42 37.93 37.59 37.02 36.91 36.39 36 36 35.82 35.91 35.7 35.36 35.27 35.05 35.39 35.09 35.05 35.2 35.04 35 35 35 35 35 35 35 35 34.83 34.77 34.54 34.1 34 34 34 34 33.97 33.74 33.28 33.06 33 33 33 33 33 33 33 33.01 33.34 33.91 34 34 34 34.21 34.99 35 35 35
-9999 -9999 -9999 -9999 -9999 -9999 -9999 -9999 43.92453 43.42 42.98 42.97 42.76 42.09 42.05 42 42 42 41.25 41.01 40.96 40.68 40 39.19 38.82 38.03 37.8 37.36 37 36.69 36.19 36 36 36 35.6 35.51 35.18 35.42 35.57 35.38 35.42 35.71 35.88 35.3 35.66 35.46 35.21 35.08 35.43 35.41 35.01 35 35 35 34.87 34.35 34.04 34 34 34 33.99 33.76 33.11 33 33 33 32.97 32.82 32.99 33 33 33 33.18 33.78 33.98 34 34.01 34.49 35 35 35 35
-9999 -9999 -9999 -9999 -9999 -9999 -9999 -9999 43.98182 43.78 43 43 42.97 42.56 42.09 42 42 41.77 41.4 41 40.64 40.25 39.99 39.23 38.9 38.19 37.95 37.24 36.99 36.67 36.08 36 35.99 35.99 35.81 35.6 35.08 35.32 35.79 35.93 35.59 35.86 36 35.99 36 36 35.94 35.99 35.87 35.67 35.63 35.23 35 35 35 34.82 34.28 34.01 34 34 34 33.78 33.26 33 33 33 32.78 32.71 32.53 32.95 33.18 33.72 33.88 34.03 34 34 34.02 34.82 35 35 35 35
-9999 -9999 -9999 -9999 -9999 -9999 -9999 -9999 44.29787 43.95699 43.23 43 42.84 42.38 42.15 42.01 41.96 42 41.05 40.99 40.93 40.26 39.99 39.12 38.81 38.01 37.97 37.05 36.95 36.21 36 35.92 35.72 35.55 35.47 35.29 35.07 35.49 35.8 35.98 35.99 35.98 36 36 36.02 36.02 36 36.01 36 36 35.93 35.79 35.14 35 35 35 34.6 34.11 34.01 34 34 33.81 33.59 33.05 33 33 33.04 33.37 33.03 33.16 33.57 34.16 34.67 34.1 34.22 34.09 34.2 34.45 34.92 35 35 35
-9999 -9999 -9999 -9999 -9999 -9999 -9999 -9999 44.4697 44.02 43.64 43 42.89 42.23 42 42 41.97 41.58 41.06 41 40.93 40.01 39.92 39.09 38.63 38.04 37.49 37 36.62 36.05 35.93 35.67 35.3 35.1 35.46 35.36 35.15 35.25 35.58 35.99 35.98 36 36.05 36.28 36.76 36.77 36.52 36.33 36.26 36 36 35.98 35.76 35.15 35 35 34.94 34.29 34 34 34 33.99 33.45 33.6 33.01 33.3 33.19 33.62 34.06 33.97 33.82 34.17 34.18 34.13 34.41 34.19 34.49 34.67 34.94 35 35 35
