layers/wordclim/future/Iberia_wcB2a_10_hadcm3_2080/bio_12.asc
ncols         166
nrows         93
xllcorner     -9.4959440078468
yllcorner     36.000324005443
cellsize      0.083333337679505
NODATA_value  -9999
[rows 0 to 32 of 93, columns 73 to 145 of 166]
-9999 -9999 -9999 -9999 -9999 -9999 -9999 -9999 -9999 -9999 -9999 -9999 -9999 -9999 -9999 -9999 -9999 -9999 -9999 -9999 -9999 -9999 -9999 -9999 -9999 -9999 -9999 -9999 -9999 -9999 -9999 -9999 -9999 -9999 -9999 -9999 -9999 -9999 -9999 -9999 -9999 -9999 -9999 -9999 -9999 -9999 -9999 -9999 -9999 -9999 -9999 -9999 -9999 -9999 -9999 -9999 -9999 -9999 -9999 -9999 -9999 -9999 -9999 -9999 -9999 -9999 -9999 -9999 -9999 -9999 -9999 -9999 -9999
-9999 -9999 -9999 -9999 -9999 -9999 -9999 -9999 -9999 -9999 -9999 -9999 -9999 -9999 -9999 -9999 -9999 -9999 -9999 -9999 -9999 -9999 -9999 -9999 -9999 -9999 -9999 -9999 -9999 -9999 -9999 -9999 -9999 -9999 -9999 -9999 -9999 -9999 -9999 -9999 -9999 -9999 -9999 -9999 -9999 -9999 -9999 -9999 -9999 -9999 -9999 -9999 -9999 -9999 -9999 -9999 -9999 -9999 -9999 -9999 -9999 -9999 -9999 -9999 -9999 -9999 -9999 -9999 -9999 -9999 -9999 -9999 -9999
-9999 -9999 -9999 -9999 -9999 -9999 -9999 -9999 -9999 -9999 -9999 -9999 -9999 -9999 -9999 -9999 -9999 -9999 -9999 -9999 -9999 -9999 -9999 -9999 -9999 -9999 -9999 -9999 -9999 -9999 -9999 -9999 -9999 -9999 -9999 -9999 -9999 -9999 -9999 -9999 -9999 -9999 -9999 -9999 -9999 -9999 -9999 -9999 -9999 -9999 -9999 -9999 -9999 -9999 -9999 -9999 -9999 -9999 -9999 -9999 -9999 -9999 -9999 -9999 -9999 -9999 -9999 -9999 -9999 -9999 -9999 -9999 -9999
-9999 -9999 -9999 -9999 -9999 -9999 -9999 -9999 -9999 -9999 -9999 -9999 -9999 -9999 -9999 -9999 -9999 -9999 -9999 -9999 -9999 -9999 -9999 -9999 -9999 -9999 -9999 -9999 -9999 -9999 -9999 -9999 -9999 -9999 -9999 -9999 -9999 -9999 -9999 -9999 -9999 -9999 -9999 -9999 -9999 -9999 -9999 -9999 -9999 -9999 -9999 -9999 -9999 -9999 -9999 -9999 -9999 -9999 -9999 -9999 -9999 -9999 -9999 -9999 -9999 -9999 -9999 -9999 -9999 -9999 -9999 -9999 -9999
1064.08 1079.101 1085.5 -9999 -9999 1164.586 1175.52 1183.35 1179.593 1184.218 1182.891 -9999 -9999 -9999 -9999 -9999 -9999 -9999 -9999 -9999 -9999 -9999 -9999 -9999 -9999 -9999 -9999 -9999 -9999 -9999 -9999 -9999 -9999 -9999 -9999 -9999 -9999 -9999 -9999 -9999 -9999 -9999 -9999 -9999 -9999 -9999 -9999 -9999 -9999 -9999 -9999 -9999 -9999 -9999 -9999 -9999 -9999 -9999 -9999 -9999 -9999 -9999 -9999 -9999 -9999 -9999 -9999 -9999 -9999 -9999 -9999 -9999 -9999
1032.99 1049.65 1067.65 1081.94 1100.939 1123.697 1135.8 1136.93 1134.52 1145.88 1159.27 1164.374 1173.205 1171.617 1193.918 1201.967 1225.25 1217.281 1236.65 1256.12 1223 -9999 -9999 -9999 -9999 -9999 -9999 -9999 -9999 -9999 -9999 -9999 -9999 -9999 -9999 -9999 -9999 -9999 -9999 -9999 -9999 -9999 -9999 -9999 -9999 -9999 -9999 -9999 -9999 -9999 -9999 -9999 -9999 -9999 -9999 -9999 -9999 -9999 -9999 -9999 -9999 -9999 -9999 -9999 -9999 -9999 -9999 -9999 -9999 -9999 -9999 -9999 -9999
985.1 1002.33 1016.13 1032.23 1046.16 1058.94 1073.89 1076 1080.83 1091.6 1102.85 1113.5 1131.97 1148.58 1186.88 1205.35 1204.68 1222.74 1225.28 1224.95 1200.67 1194.19 1186.47 1163.51 -9999 -9999 -9999 -9999 -9999 -9999 -9999 -9999 -9999 -9999 -9999 -9999 -9999 -9999 -9999 -9999 -9999 -9999 -9999 -9999 -9999 -9999 -9999 -9999 -9999 -9999 -9999 -9999 -9999 -9999 -9999 -9999 -9999 -9999 -9999 -9999 -9999 -9999 -9999 -9999 -9999 -9999 -9999 -9999 -9999 -9999 -9999 -9999 -9999
945.5 947.5 960.87 974.63 985.67 998.42 1005.1 1009.96 1019.09 1025.28 1036.9 1049.68 1068.91 1089.79 1110.65 1126.53 1142.62 1162.99 1160.88 1163.84 1153.06 1145.27 1130.45 1132.11 -9999 -9999 -9999 -9999 -9999 -9999 -9999 -9999 -9999 -9999 -9999 -9999 -9999 -9999 -9999 -9999 -9999 -9999 -9999 -9999 -9999 -9999 -9999 -9999 -9999 -9999 -9999 -9999 -9999 -9999 -9999 -9999 -9999 -9999 -9999 -9999 -9999 -9999 -9999 -9999 -9999 -9999 -9999 -9999 -9999 -9999 -9999 -9999 -9999
894.64 902.94 917.82 930.95 923.95 930.41 945.48 978.31 957.64 966.16 963.21 972.48 995.19 1008.77 1023.29 1050.27 1078.73 1087.21 1097.62 1105.58 1109.68 1104.5 1095.83 1085.55 -9999 1065.06 1047.554 -9999 -9999 -9999 -9999 -9999 -9999 -9999 -9999 -9999 -9999 -9999 -9999 -9999 -9999 -9999 -9999 -9999 -9999 -9999 -9999 -9999 -9999 -9999 -9999 -9999 -9999 -9999 -9999 -9999 -9999 -9999 -9999 -9999 -9999 -9999 -9999 -9999 -9999 -9999 -9999 -9999 -9999 -9999 -9999 -9999 -9999
841.09 851.86 862.86 872.18 878.58 879.99 879.22 892.89 885.7 891.15 912.12 928.53 965.7 959.41 960.97 986.23 1017.11 1028.33 1038.99 1049.6 1056.28 1056.24 1048.28 1038.49 1030.63 1019.86 1006.81 1001.04 1006.839 1003.049 1007.7 1070.034 -9999 -9999 -9999 -9999 -9999 -9999 -9999 -9999 -9999 -9999 -9999 -9999 -9999 -9999 -9999 -9999 -9999 -9999 -9999 -9999 -9999 -9999 -9999 -9999 -9999 -9999 -9999 -9999 -9999 -9999 -9999 -9999 -9999 -9999 -9999 -9999 -9999 -9999 -9999 -9999 -9999
793.66 809.55 822.23 817.26 828.93 835.49 835.67 815.24 807.95 810.56 818.9 833.18 848.96 894.59 905.88 926.54 948.34 981.91 974.47 984.97 999.69 1005.2 1000.13 988.69 978.21 968.76 973.96 941.38 952.44 945.31 965.79 1043.99 1063.303 -9999 -9999 -9999 -9999 -9999 -9999 -9999 -9999 -9999 -9999 -9999 -9999 -9999 -9999 -9999 -9999 -9999 -9999 -9999 -9999 -9999 -9999 -9999 -9999 -9999 -9999 -9999 -9999 -9999 -9999 -9999 -9999 -9999 -9999 -9999 -9999 -9999 -9999 -9999 -9999
738.92 741.84 755.29 779.37 751.46 766.03 751.31 752.29 766.48 776.24 800.02 799.62 841.09 860.23 856.93 866.72 911.63 908.87 914.75 917.18 937.42 951.13 945.17 931.54 912.68 908.12 895.94 882.42 877.05 864.91 902.88 947.27 988.39 1088.258 1059.672 1118.949 1069.795 1181.313 1235.403 -9999 -9999 -9999 -9999 -9999 -9999 -9999 -9999 -9999 -9999 942.9 1041.42 1155.103 1184.891 -9999 -9999 -9999 -9999 -9999 -9999 -9999 -9999 -9999 -9999 -9999 -9999 -9999 -9999 -9999 -9999 -9999 -9999 -9999 -9999
711.82 715.23 736.72 730.33 690.8 687.38 686.59 699.45 697.5 703.26 745.11 729.93 730.79 748.57 768.47 775.56 774.2 791.38 828.02 845.54 874.75 889.79 889.85 881.33 858.26 829.49 833.71 831.98 831.48 806.33 813.65 813.48 820.03 894.22 942.45 1120.69 1043.31 948.41 1153.77 1078.576 -9999 -9999 -9999 1089.097 -9999 1201.981 -9999 -9999 -9999 1016.551 973.72 1044.22 1106.67 1143.91 1065.902 1148.302 1140.849 -9999 -9999 -9999 -9999 -9999 -9999 -9999 -9999 -9999 -9999 -9999 -9999 -9999 -9999 -9999 -9999
646.83 654.37 661.66 672.35 661.49 650.33 635.79 659.64 695.91 709.89 679.32 676.29 680.89 674.67 643.08 670.1 707.03 714.27 734.1 762.84 802.43 817.25 833.42 826.78 804.39 775.92 779.67 781.78 750.12 733.04 711.12 737.33 757.51 759.38 773.56 847.99 874.67 823.76 937.53 885.68 1018.42 1079.18 992.38 923.79 1082.78 1088.13 1186.66 1030.54 1261.37 1199.78 1149.23 1165.6 1176.25 1093.78 922.11 1026.51 1032.5 1178.412 -9999 -9999 -9999 -9999 -9999 -9999 -9999 -9999 -9999 -9999 -9999 -9999 -9999 -9999 -9999
631 628.04 631.97 629.48 606.91 593.11 584.67 569.65 561.55 555.57 540.5 541.52 543.19 538.09 544.99 581.47 607.18 638.31 660.56 686.62 723.73 744.79 764.74 751.21 725.17 713.85 704.79 719.96 719.79 733.98 691.82 664.63 698.48 687.15 719.23 696.88 686.18 777.25 851.92 801.55 835.96 813.69 734.2 809.95 1027.06 995.76 916.33 1030.36 1082.4 1024.52 1049.56 1101.83 1191.35 1165.92 932.58 853.25 935.12 1077.96 -9999 -9999 -9999 -9999 -9999 -9999 -9999 -9999 -9999 -9999 -9999 -9999 -9999 -9999 -9999
599.86 607.54 597.13 588.98 582.81 566.63 561.1 542.03 516.78 512.25 482.89 450.64 436.43 441.55 475.62 516.82 546.94 576.62 607.65 622.16 651.95 658.18 685.47 686.93 675.56 694.83 697.85 699.29 690.25 710.89 703.22 650.69 647.59 635.17 653.33 631.53 628.72 705.91 756.5 780.49 684.98 691.07 630.3 746.9 826.7 839.97 856.6 927.56 888.11 860.86 935.88 1085.39 1058.9 1041.17 868.02 908.36 977.01 988.65 -9999 -9999 1143.349 1128.558 1053.933 863.3148 808.0294 -9999 -9999 -9999 -9999 -9999 -9999 -9999 -9999
613.46 610.08 594.58 623.7 626.4 590.42 568.42 513.87 517.81 571.26 507.75 475.39 449.03 456.78 458.72 476.17 495.54 523.5 554.52 565.79 583.18 595.04 603.17 609.81 605.84 615.08 637.59 638.82 646.08 654.95 652.21 612.07 592.13 627.87 624.18 625.35 649.92 652.98 685.15 717.14 722.34 644.94 588.91 597.96 649.48 725.32 784.29 848.9 879.04 833.69 843.38 855.88 832.63 855.46 804.97 963.34 884.11 757.94 711.54 810.44 842.93 813.08 789.28 801.36 893.5616 -9999 1075.7 1073.66 959.51 885.3176 -9999 -9999 -9999
606.33 646.64 661.29 678.74 630.45 690.76 627.33 542.35 602.57 640.92 583.93 594.63 613.9 553.44 578.35 494.29 469.88 483.46 504.21 520.82 531.36 549.93 561.03 560.03 559.21 559.87 565.24 568.97 571.55 567.7 570.63 533.07 524.05 542.96 599.18 646.38 656.46 671.05 742.82 697.88 675.46 631.77 562.54 548.44 650.17 633.23 730.78 701.97 783.72 736.73 787.07 832.72 730.48 712.38 862.02 891.48 812.43 657.58 763.77 892.32 957.81 959.65 872.18 890.77 911.32 877.84 821.39 858.68 853.25 767.71 737.58 737.37 743.07
644.38 673.97 730 731.09 719.04 744.75 650.9 622.47 646.09 580.34 627.42 586.78 645.58 569.76 550.83 500.84 471.82 482.62 471.24 477.43 486.6 501.51 505.77 505.27 513.41 510.73 508.73 498.62 502.68 506.55 505.64 481.4 464.23 455.31 447.44 454.29 468.66 503.41 496.4 506.8 558.49 557.98 570.3 524.6 583.21 546.22 599.9 663.2 702.29 653.71 737.42 669.59 613.71 742.34 863.05 782.08 668.92 690.4 829.3 900.08 907.15 866.41 827.4 709.88 775.66 749.93 716.52 699.86 746.62 743.89 700.16 705.19 674.29
542.31 579.14 596.21 611.29 641.48 604.35 627.15 694.13 661.62 633 671.16 696.99 653.21 602.14 597.76 552.29 521.3 515.91 457.94 452.55 460.5 461.82 466.18 476.54 481.41 465 458.36 450.92 449.3 449.47 445.17 431.12 423.33 420.31 413.7 401.97 395.96 406.69 415.4 425.13 449.87 458.58 477.33 464.28 523.2 535.33 611.08 622.91 647.44 602.39 672.73 562.51 576.11 598.54 719.81 736.08 640.95 707.18 766.91 797.21 709.93 746.18 819.57 634.95 655.91 658.09 681.09 664.96 748.32 769.75 727.57 749.9 719.18
511.74 518.89 562.12 657.53 688.9 699.4 747.96 724.9 731.74 729.57 720.79 670.97 619.67 638.35 599.22 562.57 490.64 453.28 446.37 442.37 432.85 430.77 431.89 437.89 456.11 448.84 421.7 424.39 438.09 437.03 420.08 397.16 395.21 385.52 384.27 373.49 369.12 377.22 387.36 393.57 409.79 415.82 417.71 421.53 528.36 565.81 585.18 550.46 587.52 651.33 673.93 574.98 691.4 661.13 638.07 591.24 548 582.13 608.88 621.59 639.46 654.05 610.22 562.83 588.32 598.18 638.11 642.37 656.47 721.38 759.88 744.99 720.46
540.19 505.32 521.76 541.41 558.87 598.5 667.52 637.99 688.83 639.55 636.12 600.49 633.01 639.8 598.76 551.02 489.27 466.85 456.51 454.76 418.36 415.72 406.72 398.49 398.65 396.36 391.52 397.62 413.42 431.29 402.86 369.89 368.54 373.99 367.2 354.51 351.37 360.46 366.91 373.13 387.63 385.06 389.14 396.8 432.29 472.32 525.12 531.38 523.93 587.86 555.03 541.56 616.23 531.22 514.77 528 542.91 573.37 615.72 593.41 565.16 565.24 569.22 542.82 563.66 571.39 608.48 623.27 638.64 694.67 733.39 746.5 698.24
506.21 517.67 517.83 528.78 546.2 556.02 556.87 547.24 543.46 542.1 551.72 535.34 537.68 567.67 578.9 544.66 517.54 514.03 478.97 444.31 424.81 429.83 407.98 382.13 373.27 366.48 364.32 384.59 392.72 385.07 368.27 348.45 350.36 359.66 366.45 346.65 342.25 340.01 344.7 356.22 378.77 369.56 362.8 378.14 392.21 412.91 429.65 440.79 473.73 496.33 491.7 473.4 485.43 475.61 501.65 498.24 513.65 552.59 581.63 599.77 565.33 529.65 537.45 518.8 535.04 566.93 643.05 627.19 648.38 699.21 739.01 740.51 712.07
467.12 477.9 497.85 507.55 511.78 528.34 533.02 535.92 539 542.55 518.08 510.73 518.29 531.83 537.32 526.76 524.73 523.94 637.12 583.43 443.95 415.25 390.09 374.83 362.91 350.29 338.33 334.27 339.15 345.09 333.83 329.22 337.34 343.54 361.95 353.08 339.75 334.34 334.57 342.38 350.87 348.84 351.04 368.51 365.03 365.52 372.54 396.72 396.65 407.4 407.4 419.58 438.86 457.79 471.64 497.73 516.16 529.02 544.36 581.14 585.67 548.56 504.54 502.29 520.56 571.61 621.31 640.79 679.43 750.72 752.87 692.79 669.52
452.96 460.61 468.82 479.08 482.19 496.2 490.12 504.92 522.84 516.55 510.63 501.62 488.59 491.73 496.97 491.98 508.79 541.03 561.84 587.65 522.43 447.06 416.36 373.09 352.32 341.1 325.03 317.45 308.96 309.01 313.9 312.49 326.78 336.74 351.6 361.07 359.22 346.12 333.87 332.09 336.46 338.78 338.32 347.89 347.1 349.21 372.07 388.07 367.45 371.46 383.9 402.69 419.35 438.68 462.53 487.68 516.91 555.69 574.84 569.51 562.85 539.45 497.62 497.87 552.84 585.91 606.93 606.35 627.59 656.13 648.34 645.68 648.28
446.55 448.2 450.2 464.32 459.43 468.05 471.64 475.4 472.95 481.75 492.37 489.6 467.57 467.83 477.86 478.31 489.91 497.62 501 474.04 445.9 401.75 394.44 373.72 336.79 324.16 327.44 331.14 313.52 301.98 303.07 299.38 305.27 313.38 316.49 323.69 343.37 358.02 349.42 348.69 363.96 350.33 341.86 337.72 337.36 350.04 355.43 350.51 343.3 362.84 382.45 402.48 422.12 442.44 466.75 504.05 536.28 557.7 557.63 534.15 536.54 545.03 552.13 504.88 572.03 565.39 546.66 539.34 559.19 593.2 637.06 643.3535 636.3947
451.83 444.02 442.16 438.61 442.73 455.45 452.6 447.92 460.68 467.61 474.35 465.21 476.15 481.96 469.07 460.06 475.9 458.35 452.19 439.51 440.87 379.43 354.28 346.29 322.04 315.19 320.89 339.25 319.26 316.74 313.76 302.95 298.71 296.8 301.15 308.84 317.36 328.29 339.41 336.2 340.46 348.15 346.24 354.28 343.5 341.79 336.53 336.85 350.38 371.57 391.53 412.75 438.98 469.06 505.59 546.03 571.18 571.37 565.02 535.03 520.7 528.19 523.68 499.61 512.35 513.61 502.42 508.56 551.92 573.7979 -9999 -9999 -9999
461.01 455.76 461.35 457.29 454.26 452.48 449.62 454.1 454.61 448.62 446.95 456.37 474.31 471.17 434.43 436.01 435.47 430.33 411.72 388.94 395.49 401.39 339.43 333.07 317.02 311.89 320.64 321.18 320.35 336.44 327.52 314.97 304.73 298.13 292.26 299.31 311.73 325.74 332.16 335.06 338.14 337.94 339.72 348.61 362.22 330.71 340.74 356.46 376.96 407.43 438.09 460.51 473.82 505.59 514.63 516.85 547.53 558.85 581.65 571.96 542.72 510.45 502.76 507.76 500.09 502.81 515.23 514.5213 -9999 -9999 -9999 -9999 -9999
462.92 478.97 490.27 493.61 501 497.32 473 464.33 476.34 474.5 465.56 455.66 454.84 434.83 406.42 406.22 411.52 401.6 398.39 360.42 361.1 338.82 373.77 381.11 373.47 335.09 322.7 330.58 328.39 345.95 323.36 303.9 301.09 294.46 295.27 297.31 306.54 320.93 331.11 336.46 343.19 344.02 334.57 351.93 349.75 359.03 376.74 398.99 425.24 459.23 485.58 507.89 536.41 530.95 516.86 492 508.58 519.89 566 547.91 512.56 509.63 526.68 563.12 531.67 513.84 520.6702 -9999 -9999 -9999 -9999 -9999 -9999
531.2 530.06 534.98 529.8 523.16 503.55 487.89 480.42 473.66 476.86 474.08 472.65 450.54 412.67 395.27 382.63 376.45 366.52 368.22 358.16 346.81 340.06 360.09 385.03 385.53 368.61 342.89 346.31 347.5 345.11 329.1 312.99 305.02 302 301.57 302.08 301.29 306.58 311.85 317.86 320.91 327.22 341.22 362.91 371.07 371.55 384.12 376.85 405.93 456.05 518.04 545.67 574.22 599.64 538.4 473.78 481.04 495.39 513.73 498.83 498.87 516.84 516.58 554.8062 540 521.9117 -9999 -9999 -9999 -9999 -9999 -9999 -9999
601.46 567.85 544.21 558.48 522.99 471.21 472.56 456.51 447.24 478.66 475.87 472.84 447.05 420.02 405.07 406.31 413.76 403.2 383.51 364.86 382.47 372.39 355.84 371.73 376.05 374.67 377.5 372.69 355.5 341.67 329.71 326.82 319.75 307.93 305.03 304.9 308.24 315.48 320.69 322.45 330.81 342.41 360.77 360.41 367.42 377.36 400.87 371.6 406.74 454.52 462.99 497.55 524.72 500.83 484.53 465.99 475.08 481.88 489.9286 480.2025 493.106 -9999 -9999 -9999 -9999 -9999 -9999 -9999 -9999 -9999 -9999 -9999 -9999
529.14 555.39 511.57 518.95 496.26 474.69 463.42 443.45 439.38 467.79 472.97 469.69 473.31 477.04 480.9 473.53 449.79 430.61 418.57 401.02 406.96 408.86 391.54 354.69 367.29 371.17 388.73 389.02 367.42 352.79 342.78 348.92 363.31 336.53 319.51 324.2 325.9 329.47 335.28 352.76 348.75 361.78 376.58 379.59 403.14 424.2 447.86 424.55 413.4 429.99 476.37 518.89 478.86 465.41 462.39 462.5309 -9999 -9999 -9999 -9999 -9999 -9999 -9999 -9999 -9999 -9999 -9999 -9999 -9999 -9999 -9999 -9999 -9999
505.22 465.84 474.94 486.71 441.36 434 434.92 431.94 447.88 457.23 470.65 474.77 470.41 486.91 499.64 486.74 457.86 473.85 456.02 434.89 413.32 405.76 406.65 405.12 354.1 379.07 399.9 443 410.76 367.81 354.67 353.22 352.43 344.23 342.1 350.69 347.03 346.29 346.29 357.49 376.63 394.19 399.32 409.46 429.45 437.95 451.71 440.83 421.91 481.42 517.95 504.68 462.0141 -9999 -9999 -9999 -9999 -9999 -9999 -9999 -9999 -9999 -9999 -9999 -9999 -9999 -9999 -9999 -9999 -9999 -9999 -9999 -9999
