layers/wordclim/future/Iberia_wcB2a_10_hadcm3_2080/bio_09.asc
ncols         166
nrows         93
xllcorner     -9.4959440078468
yllcorner     36.000324005443
cellsize      0.083333337679505
NODATA_value  -9999
[rows 0 to 32 of 93, columns 73 to 145 of 166]
-9999 -9999 -9999 -9999 -9999 -9999 -9999 -9999 -9999 -9999 -9999 -9999 -9999 -9999 -9999 -9999 -9999 -9999 -9999 -9999 -9999 -9999 -9999 -9999 -9999 -9999 -9999 -9999 -9999 -9999 -9999 -9999 -9999 -9999 -9999 -9999 -9999 -9999 -9999 -9999 -9999 -9999 -9999 -9999 -9999 -9999 -9999 -9999 -9999 -9999 -9999 -9999 -9999 -9999 -9999 -9999 -9999 -9999 -9999 -9999 -9999 -9999 -9999 -9999 -9999 -9999 -9999 -9999 -9999 -9999 -9999 -9999 -9999
-9999 -9999 -9999 -9999 -9999 -9999 -9999 -9999 -9999 -9999 -9999 -9999 -9999 -9999 -9999 -9999 -9999 -9999 -9999 -9999 -9999 -9999 -9999 -9999 -9999 -9999 -9999 -9999 -9999 -9999 -9999 -9999 -9999 -9999 -9999 -9999 -9999 -9999 -9999 -9999 -9999 -9999 -9999 -9999 -9999 -9999 -9999 -9999 -9999 -9999 -9999 -9999 -9999 -9999 -9999 -9999 -9999 -9999 -9999 -9999 -9999 -9999 -9999 -9999 -9999 -9999 -9999 -9999 -9999 -9999 -9999 -9999 -9999
-9999 -9999 -9999 -9999 -9999 -9999 -9999 -9999 -9999 -9999 -9999 -9999 -9999 -9999 -9999 -9999 -9999 -9999 -9999 -9999 -9999 -9999 -9999 -9999 -9999 -9999 -9999 -9999 -9999 -9999 -9999 -9999 -9999 -9999 -9999 -9999 -9999 -9999 -9999 -9999 -9999 -9999 -9999 -9999 -9999 -9999 -9999 -9999 -9999 -9999 -9999 -9999 -9999 -9999 -9999 -9999 -9999 -9999 -9999 -9999 -9999 -9999 -9999 -9999 -9999 -9999 -9999 -9999 -9999 -9999 -9999 -9999 -9999
-9999 -9999 -9999 -9999 -9999 -9999 -9999 -9999 -9999 -9999 -9999 -9999 -9999 -9999 -9999 -9999 -9999 -9999 -9999 -9999 -9999 -9999 -9999 -9999 -9999 -9999 -9999 -9999 -9999 -9999 -9999 -9999 -9999 -9999 -9999 -9999 -9999 -9999 -9999 -9999 -9999 -9999 -9999 -9999 -9999 -9999 -9999 -9999 -9999 -9999 -9999 -9999 -9999 -9999 -9999 -9999 -9999 -9999 -9999 -9999 -9999 -9999 -9999 -9999 -9999 -9999 -9999 -9999 -9999 -9999 -9999 -9999 -9999
185.58 185.4831 190.3333 -9999 -9999 192 191.23 192.79 193.0698 192.0385 195.6727 -9999 -9999 -9999 -9999 -9999 -9999 -9999 -9999 -9999 -9999 -9999 -9999 -9999 -9999 -9999 -9999 -9999 -9999 -9999 -9999 -9999 -9999 -9999 -9999 -9999 -9999 -9999 -9999 -9999 -9999 -9999 -9999 -9999 -9999 -9999 -9999 -9999 -9999 -9999 -9999 -9999 -9999 -9999 -9999 -9999 -9999 -9999 -9999 -9999 -9999 -9999 -9999 -9999 -9999 -9999 -9999 -9999 -9999 -9999 -9999 -9999 -9999
182.45 184.93 186.53 192.08 200.2857 209.3434 211.23 212.08 211.59 209.63 206.7 209.4949 206.3973 203.2 208.1311 201.4426 203.0119 202.5729 202.19 203.86 204.2297 -9999 -9999 -9999 -9999 -9999 -9999 -9999 -9999 -9999 -9999 -9999 -9999 -9999 -9999 -9999 -9999 -9999 -9999 -9999 -9999 -9999 -9999 -9999 -9999 -9999 -9999 -9999 -9999 -9999 -9999 -9999 -9999 -9999 -9999 -9999 -9999 -9999 -9999 -9999 -9999 -9999 -9999 -9999 -9999 -9999 -9999 -9999 -9999 -9999 -9999 -9999 -9999
194.97 195.3 203.21 208.37 208.06 205.8 213.55 214.32 212.53 207.13 207.75 209.59 209.06 210.2 209.07 210.48 217.38 211.19 213.21 203.86 215.44 212.81 207.48 207.48 -9999 -9999 -9999 -9999 -9999 -9999 -9999 -9999 -9999 -9999 -9999 -9999 -9999 -9999 -9999 -9999 -9999 -9999 -9999 -9999 -9999 -9999 -9999 -9999 -9999 -9999 -9999 -9999 -9999 -9999 -9999 -9999 -9999 -9999 -9999 -9999 -9999 -9999 -9999 -9999 -9999 -9999 -9999 -9999 -9999 -9999 -9999 -9999 -9999
194.17 206.58 206.23 210.51 209.66 210.81 211.63 212.43 204.93 209.72 211.53 211.82 209.3 208.55 209.16 212.36 214.89 206.18 202.68 203.19 214.42 217 216.07 206.9589 -9999 -9999 -9999 -9999 -9999 -9999 -9999 -9999 -9999 -9999 -9999 -9999 -9999 -9999 -9999 -9999 -9999 -9999 -9999 -9999 -9999 -9999 -9999 -9999 -9999 -9999 -9999 -9999 -9999 -9999 -9999 -9999 -9999 -9999 -9999 -9999 -9999 -9999 -9999 -9999 -9999 -9999 -9999 -9999 -9999 -9999 -9999 -9999 -9999
195.06 197.7 194.59 197.17 211.17 212.13 201.2 189.11 202.83 202.86 213 215.58 209.05 215.38 219.53 216.66 206.97 210.24 200.94 203.34 204.81 202.4 195.28 194.675 -9999 191.2381 189.7857 -9999 -9999 -9999 -9999 -9999 -9999 -9999 -9999 -9999 -9999 -9999 -9999 -9999 -9999 -9999 -9999 -9999 -9999 -9999 -9999 -9999 -9999 -9999 -9999 -9999 -9999 -9999 -9999 -9999 -9999 -9999 -9999 -9999 -9999 -9999 -9999 -9999 -9999 -9999 -9999 -9999 -9999 -9999 -9999 -9999 -9999
199.58 199.15 198.5 198.07 201.28 204.33 207.12 202.83 209.13 210.32 205.48 203.65 196.01 205.94 212.08 208.34 200.27 203.7 210.59 213.66 215.44 215.9 208.54 205.3 199.8 197.62 195.67 191.77 185.3548 182.0328 177.54 163.0172 -9999 -9999 -9999 -9999 -9999 -9999 -9999 -9999 -9999 -9999 -9999 -9999 -9999 -9999 -9999 -9999 -9999 -9999 -9999 -9999 -9999 -9999 -9999 -9999 -9999 -9999 -9999 -9999 -9999 -9999 -9999 -9999 -9999 -9999 -9999 -9999 -9999 -9999 -9999 -9999 -9999
203.24 200.55 198.7 204 203.11 201.8 204.4 212.34 216.65 216.87 216.61 215.33 214.61 207.63 209.79 209.47 210.06 200.94 214.53 225.81 224.28 221.08 217.95 211.8 209.97 205.07 193.79 201.97 192.93 191.17 183.83 165.13 159.8947 -9999 -9999 -9999 -9999 -9999 -9999 -9999 -9999 -9999 -9999 -9999 -9999 -9999 -9999 -9999 -9999 -9999 -9999 -9999 -9999 -9999 -9999 -9999 -9999 -9999 -9999 -9999 -9999 -9999 -9999 -9999 -9999 -9999 -9999 -9999 -9999 -9999 -9999 -9999 -9999
211.04 212.45 210.79 203.7 216.38 211.18 216.59 216.93 213.45 213.05 210.25 212.12 206.67 205.6 210.05 212.01 203.53 209.85 215.11 229.4 233.97 233.82 226.12 225.74 225.41 216.05 212.78 210.57 206.83 205.53 191.99 180.91 171.95 153.5161 157.4627 148.1795 156.2614 138.7778 129.7015 -9999 -9999 -9999 -9999 -9999 -9999 -9999 -9999 -9999 -9999 198.17 178.2 156.4231 152.0182 -9999 -9999 -9999 -9999 -9999 -9999 -9999 -9999 -9999 -9999 -9999 -9999 -9999 -9999 -9999 -9999 -9999 -9999 -9999 -9999
206.76 208.18 203.85 207.92 222.86 224.41 224 220.28 220.18 218.89 213.73 218.1 219.5 219.19 218.76 221.96 228.81 233.57 230.72 233.96 228.49 228.41 222.49 222.12 227.56 231.87 222.58 215.83 210.76 213.06 206.02 203.48 200.07 184.72 175.56 146.02 158.98 174.91 142.38 155.1956 -9999 -9999 -9999 158.4306 -9999 141.5741 -9999 -9999 -9999 182.3265 192.18 177.9 166.12 159.77 174.6829 160.254 162.0455 -9999 -9999 -9999 -9999 -9999 -9999 -9999 -9999 -9999 -9999 -9999 -9999 -9999 -9999 -9999 -9999
218.34 217.34 216.27 215.45 219.53 223.44 227.57 221.81 215.75 213.97 219.59 221.37 221.99 224.97 233.46 234.07 233.24 239 242.73 242.83 235.35 232.25 220.77 221.77 228.65 235.09 226.87 219.98 224.73 224.16 224.89 214.12 207.55 204.82 201.15 188.11 184.19 192.92 175.86 185.05 164.97 156.28 172.62 186.11 159.62 160.74 146.05 174.74 135.66 146.17 156.45 154.76 153.48 168.9 201.93 181.85 181.33 156.3196 -9999 -9999 -9999 -9999 -9999 -9999 -9999 -9999 -9999 -9999 -9999 -9999 -9999 -9999 -9999
214.09 216.87 217.84 220.06 226.79 230.83 232.7 235.21 235.98 235.99 237.29 236.95 236.69 239.53 243.01 242.57 244.83 245.68 248.31 248.33 243.5 239.58 230.96 236.17 241.59 240.63 238.29 227.86 222.7 214.54 221.28 224.08 214.17 213.67 206.7 209.35 210.98 197.7 187.54 196.45 192.62 198.46 214.06 204.67 168.95 176.05 194.4 173.25 164.98 178.21 174.17 165.49 149.83 155.54 199.35 214.01 198.56 173.17 -9999 -9999 -9999 -9999 -9999 -9999 -9999 -9999 -9999 -9999 -9999 -9999 -9999 -9999 -9999
216.79 216.72 221.56 225.09 227.61 232.27 232.82 235.93 240.27 239.68 243.39 247.01 247.86 249.63 250.15 248.53 250.05 250.87 249.57 251.8 249.46 250.52 243.18 241.33 243.03 232.49 227.89 223.61 222.12 213.77 212.2 220.43 218.33 218.68 213.85 216.25 216.59 205.68 199.48 197.85 214.18 215.85 229.45 213.36 202.6 204.03 204.17 191.68 202.58 213.65 196.35 167.06 173.54 177.05 210.6 203.22 190.18 188.37 -9999 -9999 163.0159 165.6421 179.1348 212.0741 222.5294 -9999 -9999 -9999 -9999 -9999 -9999 -9999 -9999
210.52 213.08 218.14 213.77 214.27 222.79 227.39 237.75 236.97 227.58 237.26 241.88 245.57 246.29 249.73 252.2 255.11 255.06 253.34 256.4 256.22 255.94 254.42 252.1 251.26 245.94 234.9 230.76 225.25 219.89 217.88 223.53 225.54 216.69 215.65 214.85 211.13 210.8 207.8 205.35 206.68 220.75 234.37 236.87 232.48 223.72 216.29 207 202.29 216.62 216.16 212.55 218.89 212.58 221.53 191.5 206.59 228.24 235.27 219.65 214.38 219.56 224.52 222.67 207 -9999 176.65 176.72 196.76 210.8941 -9999 -9999 -9999
210.54 205.1 204.38 202.73 212.42 203.07 214.84 230.4 220.92 215.61 225.12 224.23 222.47 232.42 229.83 246 255.41 258.7 258.96 259.9 260.29 257.3 254.83 255.14 254.38 251.28 246.52 241.61 237 234.33 229.78 235.59 234.7 227.56 217.17 208.93 208.08 206.66 198.12 206.18 211.71 220.99 236.6 243.5 230.17 237.43 223.87 234.05 221.79 234.11 225.73 215.63 236.41 238.66 209.87 204.08 218.27 244.03 227.04 205.51 194.96 194.79 209.86 207.12 203.93 210.96 221.92 215.77 217.91 237.66 250.22 253.26 251.62
203.96 200.08 192.46 193.16 196.27 193.73 210.16 216 212.8 224.37 217.72 224.95 216.58 229.24 233.27 243.05 251.07 253.28 261.46 264.28 264.74 261.52 261.58 261.84 258 257.17 254.86 254.16 249.3 244.1 240.58 243.63 244.44 242.46 240.86 235.43 231.27 227.09 230.03 232.05 227.39 231.46 233.09 246.28 239.63 250.64 245.19 238.39 235.06 246.04 232.28 245.37 255 231.73 208.7 223.71 243.21 239.08 215.52 203.69 203.16 210.52 217.71 236.98 228.24 233.91 241.88 247.79 240.03 245.78 265.82 266.82 270.93
221.51 215.96 213.95 212.54 208.84 216.08 213.04 203.27 209.58 215.89 209.93 206.09 214.27 223.64 224.85 233.17 239.86 242.69 258.4 263.91 264.11 266.07 265.02 261.42 258.98 262.34 262.25 261.85 259.25 255.01 252.36 253.26 251.74 248.32 245.32 245.27 243.72 238.15 240.96 244.49 244.16 248.28 248.83 256.28 248.98 250.95 241.75 242.82 241.92 252.27 241.9 261.56 259.83 256.03 234.33 231.4 247.91 236.39 226.36 221.53 237.03 231.44 212.27 154.28 208.2 204.2 240.99 255.43 240.37 238.93 262.61 258.58 267.48
227.2 227.04 219.95 204.71 200.48 199.6 192.63 197.4 197.34 198.39 200.39 209.82 219.44 216.7 223.66 229.98 243.78 253.01 257.04 260.53 266.25 268.32 268.81 265.83 258.94 259.67 267.32 262.62 255.52 252.37 254.53 259.45 255.67 255.56 251.53 252.13 251.02 245.7 247.04 251.36 252.69 257.32 261.76 265.05 246.59 244.02 244.01 254.13 250.7 241.05 238.45 258.23 237.53 243.88 248.38 257.31 266.04 259.72 255.17 254.02 250.95 248 147.84 92.39 100.66 91.18 187.7 236.1 266.14 252.91 244.88 262.35 269.78
221.84 229.78 227.42 224.63 222.76 216.62 206.26 211.73 204.25 213.91 214.8 222.31 216.5 215.39 222.8 231.36 242.49 247.87 251 252.6 263.68 265.45 269.28 272.69 271.45 270.96 270.34 265.61 257.2 248.13 254.8 264.72 261.56 255.54 255.49 258.75 258.92 254.6 254.25 258.33 258.21 264.26 268.2 270.13 265.16 260.5 254.11 255.93 260.46 251.24 258.82 263.2 250.72 267.12 271.28 269.42 267.02 261.86 254.29 260.67 267.63 267.69 132.1 100.6 92.49 93.76 139.83 209.08 270.41 264.27 260.04 261.85 271.4
229.22 227.53 228.49 227.3 225.09 224.37 225.08 227.81 229.68 231.39 230.65 233.96 233.37 227.8 225.41 231.33 235.93 236.3 243.28 251.72 257.18 255.71 262.29 271.51 273.48 275.91 274.37 263.67 258.73 258.49 262.83 269.82 265.39 258.4 252.76 259.62 261.63 264.76 264.45 264.32 260.43 268.69 275.3 274.64 274.48 273.14 272.33 273.15 269.21 267.31 270.41 275.88 274.83 277.99 273.86 276.01 273.91 266.84 261.87 259.05 267.5 274.02 240.35 190.23 182.69 119.66 223.64 256.14 264.28 257.88 250.05 258.58 268.99
238.32 236.74 233.09 231.66 231.68 229.55 229.81 230.43 230.9 231.3 236.96 238.55 236.74 234.14 232.36 233.42 233.22 232.31 212.37 221.65 248.62 255.71 262.53 267.38 271.18 275.04 278.19 277.59 273.34 269.02 273.39 275.58 269.04 263.15 253.38 256.43 262.98 266.18 269.69 269.46 269.8 274.8 278.67 276.56 281.6 284.69 285.96 282.87 286.03 285.88 287.96 286.97 284.43 282.03 280.02 275.95 273.17 271.66 270.02 263.66 262.94 268.8 275.64 276.65 273.57 254.87 259.7 259.47 254.97 242.96 246.1 269.2 274.39
242.57 241.13 240.12 238.43 238.43 236 238.48 236.61 233.53 236.23 238.02 239.92 241.57 240.51 238.8 238.87 234.83 227.84 222.92 217.67 229.06 243.92 251.4 263.25 269.69 272.92 277.27 279.87 283.09 282.43 280.64 280.5 270.61 264.43 258.7 254.62 256.66 263.4 271.78 275.11 276.28 279.44 282.43 282.7 287.14 289.56 286.15 284.78 292.76 293.8 293.44 291.18 289.03 286.02 282.4 277.77 273.04 267.02 264.22 265.93 265.8 268.96 278.02 279.2 266.93 262.11 261.6 265.57 266.12 264.64 272.6 276.89 275.73
244.92 245.14 245.3 242.63 244.09 242.46 242.4 242.55 243.5 242.22 240.54 241.59 244.71 244.21 241.4 240.54 237.16 234.9 233.1 237.54 242.15 252.35 253.49 258.92 270.91 275.5 272.38 270.09 276.79 282.3 284.2 285.2 280.76 275.22 274.31 270.81 263.06 259.76 265.39 268.96 267.35 276.11 282.38 286.74 289.99 289.8 290.83 294.66 298.31 296.83 294.42 291.23 288.38 285.6 281.21 274.22 269.79 266.11 266.03 269.1 269.52 268.31 268.05 279.73 265.06 268.66 275.54 281.78 281.51 278.45 272.62 273.8889 275.6711
244.78 246.95 247.8 248.85 248.44 245.97 246.9 247.78 245.57 244.8 243.77 245.56 242.64 240.52 242.08 242.95 238.82 240.86 240.98 242.68 242.01 256.07 262.81 265.17 273.82 275.25 270.83 262.8 271.11 272.32 273.56 279.69 282.73 284.88 282.18 278.83 275.86 272.96 270.52 275.39 276.94 277.68 281.36 282.35 288.72 291.51 295.48 297.91 297.53 294.93 292.19 288.85 285.2 279.56 273.44 266.53 262.59 264.29 263 268.74 273.79 274.12 276.98 283.65 281.79 282.91 286.21 286.3 280.9 279.4043 -9999 -9999 -9999
243.47 244.94 243.75 245.04 246.25 246.64 247.51 247.32 247.08 248.6 248.95 246.46 242.16 241.97 248.42 247.41 245.97 245.2 248.63 253.14 250.28 247.72 264.46 266.03 271.57 273.27 268.19 267.87 267.49 261.4 264.62 270.73 277.04 281.88 286.26 285.27 279.93 276.22 276.29 278.22 279.82 282.85 285.05 285.22 284.99 295.63 294.79 292.83 292.37 288.1 283.49 280.32 278.82 273.41 271.08 270.01 265.66 263.32 259.49 261.87 270.46 280.04 283.97 284.58 287.63 287.81 285.6 285.9468 -9999 -9999 -9999 -9999 -9999
244.41 240.59 237.92 237.87 236.62 237.3 242.94 244.96 242.24 242.82 244.38 246.07 245.29 248.74 253.87 252.48 250.01 250.74 250.46 258.91 257.63 263.16 251.16 248.93 248.99 260.62 265.07 260.97 262.57 256.28 264.84 274.48 278.51 283.22 285.19 286.97 284.36 279.37 278.87 279.6 280.66 283.94 289.08 286.33 290.1 289.92 287.5 285.92 283.1 278.57 274.68 271.65 266.69 268.47 269.57 273.82 271.69 271.17 262.81 268.59 279.29 282.44 280.9 274.56 283.59 289.5 288.1064 -9999 -9999 -9999 -9999 -9999 -9999
230.27 230.71 229.65 230.75 232.34 237.02 240.31 241.53 242.73 242.6 242.75 242.21 245.76 252.99 255.44 257.13 257.82 259.07 256.85 257.82 259.62 260.65 252.54 244.12 242.61 246.41 254.46 253.05 253.11 254.72 261.54 269.81 275.02 278.96 282.34 285.03 288.48 288.14 288.89 289.52 290.96 292.27 290.46 286.36 286.65 289.24 288.44 292.28 288.64 280.39 268.39 263.59 259.03 254.75 267.41 280.24 279.71 277.92 276.26 281.38 284.23 282.97 285.14 278.9082 284.1482 291.2941 -9999 -9999 -9999 -9999 -9999 -9999 -9999
216.1 222.97 228.42 225.87 233.3 244.11 243.87 247.28 249.06 241.79 241.74 241.81 246.04 251 253.25 250.98 248.02 248.68 251.43 254.32 248 248.83 251.4 244.77 242.66 242.35 241.63 243.38 248.27 253.97 260.43 263.83 268.81 276.15 281.02 284.33 285.8 286.11 287.37 289.27 290.27 289.65 286.9 290.55 291.06 290.64 287.07 296.68 292.21 283.77 283.55 275.52 270.4 276.5 279.65 284.93 283.03 282.98 282.9388 287.519 286.8788 -9999 -9999 -9999 -9999 -9999 -9999 -9999 -9999 -9999 -9999 -9999 -9999
232.36 227.17 236.47 235.1 240.09 244.31 246.62 250.69 251.14 244.5 242.69 242.44 241.14 239.23 236.92 236.71 239.89 242.32 242.8 244.28 240.96 238.74 240.71 247.75 242.73 240.53 236.86 237.44 243.6 249.35 254.93 255.11 253.1 265 275.75 276.79 279.37 281.76 283.23 281.35 286.44 286.18 284.81 288.42 284.78 282.46 279.44 289.68 295.05 294.1 284.68 273.59 284.56 288.12 288.43 287.6049 -9999 -9999 -9999 -9999 -9999 -9999 -9999 -9999 -9999 -9999 -9999 -9999 -9999 -9999 -9999 -9999 -9999
239.08 248.23 246.19 242.98 253.14 254.43 253.73 254.12 249.84 247.19 243.97 242.04 241.68 236.79 233.3 234.13 238.15 233.19 234.89 237.37 239.19 238.7 236.34 235.11 244.14 236.98 233.32 226.91 233.75 243.91 249.88 253.37 256.79 262.88 267.1 266.5 271.66 276.02 281.34 282.13 279.65 278.03 280.38 281.97 280.46 282.82 283.45 291.06 298.32 286.63 276.91 281.39 292.2958 -9999 -9999 -9999 -9999 -9999 -9999 -9999 -9999 -9999 -9999 -9999 -9999 -9999 -9999 -9999 -9999 -9999 -9999 -9999 -9999
