layers/wordclim/future/Iberia_wcB2a_10_hadcm3_2080/bio_19.asc
ncols         166
nrows         93
xllcorner     -9.4959440078468
yllcorner     36.000324005443
cellsize      0.083333337679505
NODATA_value  -9999
[rows 33 to 65 of 93, columns 73 to 145 of 166]
168.63 157.45 155.15 151.43 146.95 140.46 143.44 145.97 153.21 158.26 156.85 154.79 154.75 153.11 155.23 156.51 153.87 146.92 136.38 127.49 121.47 117 105.77 102.02 99.32 89.08 99.12 115.63 117.81 104.09 95.73 90.65 83.9 86.57 89.78 94.54 92.69 92.1 92.33 96.21 106.24 109.54 111.82 117.74 121.3 128.16 119.32 126.3 134.42 140.05 138.82 132.66 -9999 -9999 -9999 -9999 -9999 -9999 -9999 -9999 -9999 -9999 -9999 -9999 -9999 -9999 -9999 -9999 -9999 -9999 -9999 -9999 -9999
152.38 153.71 147.72 139.87 141.24 145.83 151.88 154.87 152.07 151.81 153.18 155.23 155.32 144.68 148.39 146.39 150.74 136.34 134.07 132.61 125.66 119.82 109.38 103.08 93.35 85.71 95.89 100.98 107.77 98.29 99.24 95.86 93.13 93.06 99.01 98.17 98.52 97.6 97.1 107.71 115.58 116.13 117.29 124.7 135.09 137.19 110.92 116.38 146.23 131.7778 -9999 -9999 -9999 -9999 -9999 -9999 -9999 -9999 -9999 -9999 -9999 -9999 -9999 -9999 -9999 -9999 -9999 -9999 -9999 -9999 -9999 -9999 -9999
156.97 151.67 143.5 134.17 139.2 150.24 152.45 151.28 145.38 145.25 153.95 153.21 146.52 146.11 146.94 143.28 141.65 139.05 135.86 129.11 130.92 127.41 115.48 99.05 89.93 92.09 111.96 113.97 110.06 109.54 112.16 108.57 112.55 116.01 112.22 109.69 106.83 99.55 105.68 109.51 120.27 120.59 130.42 140.78 152.93 136.48 98.06 100.07 111.86 117.6056 -9999 -9999 -9999 -9999 -9999 -9999 -9999 -9999 -9999 -9999 -9999 -9999 -9999 -9999 -9999 -9999 -9999 -9999 -9999 -9999 -9999 -9999 -9999
154.66 151.1 138.57 137.66 152.01 151.26 150.3 154.89 142.58 135.12 136.02 140.34 148.8 161.24 163.1 162.57 151.41 148.26 148.83 141.46 141.42 131.22 127.95 104.86 91.29 97.68 116.71 108.78 108.68 113.94 118.73 118.26 113.33 118.27 115.03 112.29 105.67 107.82 111.86 121.03 133.04 137.1 148.69 143.07 140.9 128.71 103.67 94.17 91.79382 111.8387 122.7209 123.5217 -9999 -9999 -9999 -9999 -9999 -9999 -9999 -9999 -9999 -9999 -9999 -9999 -9999 -9999 -9999 -9999 -9999 -9999 -9999 -9999 -9999
154.82 149.58 137 146.21 149.12 146.12 152.92 155.04 140.09 144.47 150.84 156.54 154.33 157.48 161.97 163.24 160.45 155.92 153.4 153.69 160.39 140.92 137 120.14 98.74 88.26 108.59 105.44 98.55 102.94 117.44 118.18 123.77 129.62 128.58 134.11 118.76 115.45 115.74 124.04 134.04 135.95 135.3 129.91 126.05 126.22 120.46 121.5319 -9999 -9999 -9999 -9999 -9999 -9999 -9999 -9999 -9999 -9999 -9999 -9999 -9999 -9999 -9999 -9999 -9999 -9999 -9999 -9999 -9999 -9999 -9999 -9999 -9999
157.38 148.64 150.56 153.5 143.7 149.5 153.38 148.46 138.15 147.8 147.4 147.07 142.49 143.75 148.42 155.24 159.16 172.75 166.16 168.68 171.47 156.07 141.56 129.1 105.25 87.06 94.59 102.28 91.21 106.22 136.05 122.29 130.43 140.99 145.31 154.14 132.59 127.89 124.2 129.19 135.77 131.92 129.62 123.56 123.74 123.2 123.99 -9999 -9999 -9999 -9999 -9999 -9999 -9999 -9999 -9999 -9999 -9999 -9999 -9999 -9999 -9999 -9999 -9999 -9999 -9999 -9999 -9999 -9999 -9999 -9999 -9999 -9999
160.1 159.04 158.32 151.45 149.79 153.09 149.7 141.22 137.63 139.54 134.46 136 136.3 146.69 149.73 157.34 163 168.1 173.39 169.71 172.56 163.24 144.02 124.08 108.01 90.95 90.55 97.25 90.56 121.6 131.35 135.31 147.54 168.44 165.41 156.8 152.12 136.38 134.58 134.37 134.56 125.24 122.74 122.67 123.67 121.21 120.38 -9999 -9999 -9999 -9999 -9999 -9999 -9999 -9999 -9999 -9999 -9999 -9999 -9999 -9999 -9999 -9999 -9999 -9999 -9999 -9999 -9999 -9999 -9999 -9999 -9999 -9999
165.1 163.32 158.67 150.49 151.18 147.5 138.32 140.55 136.54 147.63 149.95 139.31 145.84 144.66 146.33 148.81 162.04 163.53 169.4 172.21 170.03 154.52 135.5 127.62 119.4 97.79 85.44 80.42 93.89 119.16 122.28 131.57 147.8 175.75 173.23 159.02 146.5 132.61 121.88 123.77 122.73 121.57 118.61 125.42 124 122.7711 -9999 -9999 -9999 -9999 -9999 -9999 -9999 -9999 -9999 -9999 -9999 -9999 -9999 -9999 -9999 -9999 -9999 -9999 -9999 -9999 -9999 -9999 -9999 -9999 -9999 -9999 -9999
166.39 161.88 154.98 153.74 150.77 140.95 144.32 149.16 140.77 143.25 149.4 150.02 153.79 153.71 155.06 155.94 164.2 169.71 167.35 158.58 172.58 160.9 150.72 141.13 124.66 111.28 93.74 79.93 96.45 113.96 102.37 107.32 129.19 150.03 144.09 146.48 140.71 133.03 119.44 118.46 122.59 124.23 115.6 118.17 125.3415 -9999 -9999 -9999 -9999 -9999 -9999 -9999 -9999 -9999 -9999 -9999 -9999 -9999 -9999 -9999 -9999 -9999 -9999 -9999 -9999 -9999 -9999 -9999 -9999 -9999 -9999 -9999 -9999
160.15 158.02 155.85 151.74 143.89 142.42 154.03 154.03 147.8 156.05 153.22 152.95 153.15 158.53 164.29 154.08 164.01 160.9 159.01 164.15 160.34 155.71 139.87 149.9 117.8 107.81 90.15 93.62 115.51 112.91 97.62 95.94 105.72 115.18 125.98 121.16 128.62 127.3 112.59 110.21 115.21 117.41 117.35 113.1579 -9999 -9999 -9999 -9999 -9999 -9999 -9999 -9999 -9999 -9999 -9999 -9999 -9999 -9999 -9999 -9999 -9999 -9999 -9999 -9999 -9999 -9999 -9999 -9999 -9999 -9999 -9999 -9999 -9999
162.16 158.94 151.65 144.08 144.44 148.46 156.33 156.83 154.51 158.82 159.54 158.95 163.74 162.61 160.74 159.01 163.09 163.39 161.81 153.56 148.32 139.14 135.28 136.11 116.64 92.14 94.03 113.72 151.96 144.64 113.27 99.51 100.38 102.82 105.66 113.41 114.43 114.6 112.73 109.04 115.18 118.53 114.3295 -9999 -9999 -9999 -9999 -9999 -9999 -9999 -9999 -9999 -9999 -9999 -9999 -9999 -9999 -9999 -9999 -9999 -9999 -9999 -9999 -9999 -9999 -9999 -9999 -9999 -9999 -9999 -9999 -9999 -9999
152.85 149.74 149.93 151.93 151.36 152.19 155.31 156.97 156.97 158.42 162.37 161.75 167.28 163.13 156.52 159.52 159.43 159.5 148.69 143.08 143.5 130.58 129.61 134.94 118.54 96.73 106.29 129.13 154.25 142.37 120.06 113.68 107.16 111.73 106.96 108.54 107.8 107.15 106.13 109.13 113.06 113.5224 -9999 -9999 -9999 -9999 -9999 -9999 -9999 -9999 -9999 -9999 -9999 -9999 -9999 -9999 -9999 -9999 -9999 -9999 -9999 -9999 -9999 -9999 -9999 -9999 -9999 -9999 -9999 -9999 -9999 -9999 -9999
158.44 156.45 156.36 155.62 154.21 153.22 155.06 157.14 153.04 153.63 157.23 158.8 161.23 158.06 159.29 159.11 156.48 152.59 141.01 135.44 130.06 130.53 128.77 123.08 111.98 104.25 99.53 105.64 119.53 131.28 144.33 128.21 111.34 108.23 109.54 114.06 113.39 109.59 105.63 105.48 107.5567 -9999 -9999 -9999 -9999 -9999 -9999 -9999 -9999 -9999 -9999 -9999 -9999 -9999 -9999 -9999 -9999 -9999 -9999 -9999 -9999 -9999 -9999 -9999 -9999 -9999 -9999 -9999 -9999 -9999 -9999 -9999 -9999
155.22 155.3 154.8 153.82 152.27 152.58 153.99 153.7 152.12 153.04 152.5 156.2 155.32 151.47 158.3 159.32 156.67 150.71 140.12 136.51 125.44 130.09 132.79 121.17 110.3 111.16 106.53 99.05 103.12 110.65 121.93 128.71 115.08 108.9 106.26 109.67 117.76 117.48 112.14 108.2424 -9999 -9999 -9999 -9999 -9999 -9999 -9999 -9999 -9999 -9999 -9999 -9999 -9999 -9999 -9999 -9999 -9999 -9999 -9999 -9999 -9999 -9999 -9999 -9999 -9999 -9999 -9999 -9999 -9999 -9999 -9999 -9999 -9999
152.71 153.32 152.89 151.05 151.53 150.08 153.82 154.35 154.09 149.69 150.36 153.12 151.18 145.59 148.23 149.25 150.52 147.26 137.49 133.19 127.15 121.18 117.65 112.65 114.31 114.41 104.85 96.53 99.09 103.88 109.58 107.5 111.37 112.29 113.99 112.78 112.3 115.12 112.7 -9999 -9999 -9999 -9999 -9999 -9999 -9999 -9999 -9999 -9999 -9999 -9999 -9999 -9999 -9999 -9999 -9999 -9999 -9999 -9999 -9999 -9999 -9999 -9999 -9999 -9999 -9999 -9999 -9999 -9999 -9999 -9999 -9999 -9999
152.14 151.62 150.19 149.22 149.3 149.07 150.87 150.87 152.59 148.48 148.85 151.45 148.11 140.94 140.2 145.12 145.52 141.35 136.36 130.03 122.53 114.04 110.81 111.54 120.15 110.25 107.07 103.89 100.19 97.15 100.18 101.39 103.01 106.03 112.4 119.87 116.96 116.09 115.5263 -9999 -9999 -9999 -9999 -9999 -9999 -9999 -9999 -9999 -9999 -9999 -9999 -9999 -9999 -9999 -9999 -9999 -9999 -9999 -9999 -9999 -9999 -9999 -9999 -9999 -9999 -9999 -9999 -9999 -9999 -9999 -9999 -9999 -9999
151.57 148.75 148.58 148.78 147.92 150.01 152.23 148.09 146.65 147.9 143.38 147.07 144.74 139.55 136.55 134.06 134.98 133.02 130.36 127.91 125.25 116.15 109 113.51 113.34 106.65 109.29 117.05 113.93 105.94 100.58 102.14 103.67 107.28 112.08 116.88 118.25 118.617 -9999 -9999 -9999 -9999 -9999 -9999 -9999 -9999 -9999 -9999 -9999 -9999 -9999 -9999 -9999 -9999 -9999 -9999 -9999 -9999 -9999 -9999 -9999 -9999 -9999 -9999 -9999 -9999 -9999 -9999 -9999 -9999 -9999 -9999 -9999
148.91 148.08 147.41 146.61 145.03 145.61 145.76 142.14 142.6 144.49 142.96 140.65 137.84 134.98 136.98 132.84 127.41 126.01 122.53 120.51 117.47 114.39 106.27 109.11 108.93 107.62 104.75 108.39 110.6 114.25 115.9 108.06 107.51 111.02 115.56 120.35 120.03 -9999 -9999 -9999 -9999 -9999 -9999 -9999 -9999 -9999 -9999 -9999 -9999 -9999 -9999 -9999 -9999 -9999 -9999 -9999 -9999 -9999 -9999 -9999 -9999 -9999 -9999 -9999 -9999 -9999 -9999 -9999 -9999 -9999 -9999 -9999 -9999
147.95 146.48 146 147.31 144.23 142.33 141.93 140.58 139.06 138.28 136.19 135.09 132.15 133.67 133.75 126.5 123.68 119.83 118.33 115.14 113.52 108.3 102.32 104.44 104.6 102.13 101.97 104.85 110.85 114.49 116.07 111.85 110.94 114.57 119.3 120.94 124.03 -9999 -9999 -9999 -9999 -9999 -9999 -9999 -9999 -9999 -9999 -9999 -9999 -9999 -9999 -9999 -9999 -9999 -9999 -9999 -9999 -9999 -9999 -9999 -9999 -9999 -9999 -9999 -9999 -9999 -9999 -9999 -9999 -9999 -9999 -9999 -9999
147.04 144.99 144.55 144.77 142.68 141.04 140.12 138.24 135.8 134.03 131.63 129.93 128.39 127.88 125.28 120.53 118.85 116.79 115.09 112.31 109.19 108.19 103.92 96.87 96.77 99.01 100.99 106.39 109.37 111.31 111.65 110.09 112.67 117.35 121.5 123.87 126.93 -9999 -9999 -9999 -9999 -9999 -9999 -9999 -9999 -9999 -9999 -9999 -9999 -9999 -9999 -9999 -9999 -9999 -9999 -9999 -9999 -9999 -9999 -9999 -9999 -9999 -9999 -9999 -9999 -9999 -9999 -9999 -9999 -9999 -9999 -9999 -9999
146.93 145.21 144.39 143.59 142.44 141.1 138.04 137.13 134.46 133.93 131.73 130.05 127.16 124.7 122.13 118.25 115.29 112.93 110.34 107.91 107.1 104.67 105.23 105.69 103.61 101.32 102.28 104.32 107.46 112.17 110.81 115.26 119.31 118.36 122.03 126.37 130.28 135.0952 -9999 -9999 -9999 -9999 -9999 -9999 -9999 -9999 -9999 -9999 -9999 -9999 -9999 -9999 -9999 -9999 -9999 -9999 -9999 -9999 -9999 -9999 -9999 -9999 -9999 -9999 -9999 -9999 -9999 -9999 -9999 -9999 -9999 -9999 -9999
148.39 147.05 145.88 144.76 143.29 141.47 139.59 139.09 138.4 136.48 133.48 131.39 126.74 122.84 118.27 116.1 112.1 109.52 106.98 103.45 102.85 102.95 101.26 101.94 105.21 107.87 110.7 107.91 104.22 118 120.23 116.47 116.91 121.34 121.16 126.99 133.28 140.8182 -9999 -9999 -9999 -9999 -9999 -9999 -9999 -9999 -9999 -9999 -9999 -9999 -9999 -9999 -9999 -9999 -9999 -9999 -9999 -9999 -9999 -9999 -9999 -9999 -9999 -9999 -9999 -9999 -9999 -9999 -9999 -9999 -9999 -9999 -9999
149.05 148.96 147.91 145.21 143.87 143.37 143.52 142.89 141.77 139.64 137.22 135.86 129.28 122.75 117.62 113.83 110.62 107.37 104.2 102.74 102 100.41 102.86 106.3 111.7 119.27 116.85 114.2 108 123.24 120.69 113.51 114.6 118.78 121.39 127.84 139.25 145.76 -9999 -9999 -9999 -9999 -9999 -9999 -9999 -9999 -9999 -9999 -9999 -9999 -9999 -9999 -9999 -9999 -9999 -9999 -9999 -9999 -9999 -9999 -9999 -9999 -9999 -9999 -9999 -9999 -9999 -9999 -9999 -9999 -9999 -9999 -9999
150.86 150.7 150.29 149.46 148.84 149.61 152.12 151.06 149.1 146.26 141.91 140.97 136.24 127.58 118.35 113.03 107.56 104.64 102.23 100.94 102.48 107.89 110.93 117.73 123.52 127.46 121.94 117.24 112.15 123.89 122.08 118.44 116.76 117.82 122.46 129.72 143.28 150.9 156.1358 -9999 -9999 -9999 -9999 -9999 -9999 -9999 -9999 -9999 -9999 -9999 -9999 -9999 -9999 -9999 -9999 -9999 -9999 -9999 -9999 -9999 -9999 -9999 -9999 -9999 -9999 -9999 -9999 -9999 -9999 -9999 -9999 -9999 -9999
154.96 155.14 157.16 157.24 158.14 157.51 153.09 153.44 152.97 152.78 150.74 149.52 141.83 130.92 119.54 112.32 107.91 104.37 101.4 102.77 110.69 116.64 118.05 122.96 122.92 117.83 117.13 116.44 120.8 130.52 124.96 120.88 119.19 120.17 124.65 132.65 144.47 154.13 160.76 169.8214 -9999 -9999 -9999 -9999 -9999 -9999 -9999 -9999 -9999 -9999 -9999 -9999 -9999 -9999 -9999 -9999 -9999 -9999 -9999 -9999 -9999 -9999 -9999 -9999 -9999 -9999 -9999 -9999 -9999 -9999 -9999 -9999 -9999
158.74 158.11 159.16 159.36 158.32 160.69 158.69 153.44 153.41 151.77 150.07 148.2 144.26 134.41 124.06 115.8 110.31 105.68 105.28 106.57 108.68 113.57 114.79 117.59 117.13 116.7 116.58 114.23 115.85 123.61 122.88 117.58 122.28 124.59 125.09 132.89 143.91 154.59 163.41 174.84 187.597 -9999 -9999 -9999 -9999 -9999 -9999 -9999 -9999 -9999 -9999 -9999 -9999 -9999 -9999 -9999 -9999 -9999 -9999 -9999 -9999 -9999 -9999 -9999 -9999 -9999 -9999 -9999 -9999 -9999 -9999 -9999 -9999
163.79 165.42 163.65 159.75 159.16 160.19 159.91 157.46 155.59 153.82 150.33 147.08 140.8 136.57 130.85 125.89 121.69 113.99 113.49 111.68 111.9 114.36 115.72 116.81 116.05 114.16 117.74 122.31 121.12 118.04 115.08 123.82 126.27 127.86 138.22 143.67 144.22 158.52 166.25 173.64 187.12 201.85 210.1753 -9999 -9999 -9999 -9999 -9999 -9999 -9999 -9999 -9999 -9999 -9999 -9999 -9999 -9999 -9999 -9999 -9999 -9999 -9999 -9999 -9999 -9999 -9999 -9999 -9999 -9999 -9999 -9999 -9999 -9999
168.35 167.62 166.4 163.2 161.59 161.03 161.12 161.8 158 150.49 147.91 150.3 153.07 154.04 150.7 147.16 135.24 123.04 114.92 115.99 112.39 112.14 111.9 112.28 117.29 111.84 111.77 114.86 117.03 110.28 117.46 124.16 131.86 141.79 147.17 144.67 149.85 165.3 167.47 173.44 180.74 192.29 202.9639 -9999 -9999 -9999 -9999 -9999 -9999 -9999 -9999 -9999 -9999 -9999 -9999 -9999 -9999 -9999 -9999 -9999 -9999 -9999 -9999 -9999 -9999 -9999 -9999 -9999 -9999 -9999 -9999 -9999 -9999
173.27 173.27 173.84 168.7 165.17 162.72 163.69 156.88 153.25 142.07 150.27 163.44 169.07 155.03 153.91 144.55 132.07 121.47 115.25 108.91 107.1 107.07 106.95 107.43 112 114.83 112.47 109.27 110.95 109.56 108.85 121.4 135.61 137.07 152 155.75 158.35 163.1 167.57 165.93 174.5395 -9999 -9999 -9999 -9999 -9999 -9999 -9999 -9999 -9999 -9999 -9999 -9999 -9999 -9999 -9999 -9999 -9999 -9999 -9999 -9999 -9999 -9999 -9999 -9999 -9999 -9999 -9999 -9999 -9999 -9999 -9999 -9999
181.84 178.49 174.73 170 163.65 166.28 158.94 148.49 146.1 152.1 172.71 175.34 172.68 156.8 139.38 131.44 121.96 113.15 109.18 107.78 103.97 100.18 99.61 104.48 105.41 110.29 112.17 106.98 111.26 117.53 109.33 115.52 138.2 130.96 135.78 130.79 145.57 137.29 144.9667 156.381 -9999 -9999 -9999 -9999 -9999 -9999 -9999 -9999 -9999 -9999 -9999 -9999 -9999 -9999 -9999 -9999 -9999 -9999 -9999 -9999 -9999 -9999 -9999 -9999 -9999 -9999 -9999 -9999 -9999 -9999 -9999 -9999 -9999
184.61 178.21 171.85 170.09 167.71 161.85 151.22 147.83 152.18 156.09 157.75 167.31 165.12 144.69 133.32 124.02 114.93 113.91 107.31 101.07 98.48 98.07 101.15 105.14 103.51 103.77 108.7 118.68 113.88 110.95 107.76 105 118.86 113.49 107.75 105.86 116.027 -9999 -9999 -9999 -9999 -9999 -9999 -9999 -9999 -9999 -9999 -9999 -9999 -9999 -9999 -9999 -9999 -9999 -9999 -9999 -9999 -9999 -9999 -9999 -9999 -9999 -9999 -9999 -9999 -9999 -9999 -9999 -9999 -9999 -9999 -9999 -9999
181.81 172.69 168.57 167.2 163.04 155.67 145.95 145.97 149.38 149.08 164.44 170.81 153.26 128.68 119.58 119.66 117.18 108.94 101.63 102.27 98.56 96.29 97 96.12 99.88 103.4 102.65 108.35 108.74 114.52 105.42 95.2 93.67 94.15 90.04 95.02564 -9999 -9999 -9999 -9999 -9999 -9999 -9999 -9999 -9999 -9999 -9999 -9999 -9999 -9999 -9999 -9999 -9999 -9999 -9999 -9999 -9999 -9999 -9999 -9999 -9999 -9999 -9999 -9999 -9999 -9999 -9999 -9999 -9999 -9999 -9999 -9999 -9999
173.2 170.35 172.23 168.76 159.63 147.56 157.63 167.55 152.94 176.53 183.46 162.34 155.73 140.66 141.04 142.64 140.64 125.34 113.28 99.76 95.01 96.06 93.96 91.58 96.68 99.96 111.06 108.56 104.14 106.48 103.39 92.27 85.76 85.63 85.73684 -9999 -9999 -9999 -9999 -9999 -9999 -9999 -9999 -9999 -9999 -9999 -9999 -9999 -9999 -9999 -9999 -9999 -9999 -9999 -9999 -9999 -9999 -9999 -9999 -9999 -9999 -9999 -9999 -9999 -9999 -9999 -9999 -9999 -9999 -9999 -9999 -9999 -9999
