layers/wordclim/future/Iberia_wcB2a_10_hadcm3_2080/bio_02.asc
ncols         166
nrows         93
xllcorner     -9.4959440078468
yllcorner     36.000324005443
cellsize      0.083333337679505
NODATA_value  -9999
[rows 0 to 32 of 93, columns 0 to 73 of 166]
-9999 -9999 -9999 -9999 -9999 -9999 -9999 -9999 -9999 -9999 -9999 -9999 -9999 -9999 -9999 -9999 -9999 72.87805 75.48611 74.37313 75.63636 76.67046 77.21739 78.24242 -9999 -9999 -9999 -9999 -9999 -9999 -9999 -9999 -9999 -9999 -9999 -9999 -9999 -9999 -9999 -9999 -9999 -9999 -9999 -9999 -9999 -9999 -9999 -9999 -9999 -9999 -9999 -9999 -9999 -9999 -9999 -9999 -9999 -9999 -9999 -9999 -9999 -9999 -9999 -9999 -9999 -9999 -9999 -9999 -9999 -9999 -9999 -9999 -9999 -9999
-9999 -9999 -9999 -9999 -9999 -9999 -9999 -9999 -9999 -9999 -9999 -9999 -9999 -9999 -9999 -9999 72.24242 73.86316 75.29 75.85 77.74 78.94 78.9899 80.87 81.78 81.56701 -9999 -9999 -9999 -9999 -9999 -9999 -9999 -9999 -9999 -9999 -9999 -9999 -9999 -9999 -9999 -9999 -9999 79.84375 77.98077 -9999 -9999 -9999 -9999 -9999 -9999 -9999 -9999 -9999 -9999 -9999 -9999 -9999 -9999 -9999 -9999 -9999 -9999 -9999 -9999 -9999 -9999 -9999 -9999 -9999 -9999 -9999 -9999 -9999
-9999 -9999 -9999 -9999 -9999 -9999 -9999 -9999 -9999 -9999 -9999 -9999 -9999 -9999 70.59259 71.16842 73.07071 74.55 76.51 78.24 80.13 81.02 81.57 83.36 82.53 82.57 83.4 84.1519 85.11268 84.85455 85.425 86 87.27631 86.83117 88.74683 88.43939 88.73972 90.05556 90.53409 89.24742 88.57692 87.0119 84.76768 83.05 82.02 77.72727 75.86885 78.63333 78.9661 -9999 -9999 -9999 -9999 -9999 -9999 -9999 -9999 -9999 -9999 -9999 -9999 -9999 -9999 -9999 -9999 -9999 -9999 -9999 -9999 -9999 -9999 -9999 -9999 -9999
-9999 -9999 -9999 -9999 -9999 -9999 -9999 -9999 -9999 -9999 -9999 -9999 -9999 -9999 -9999 -9999 74.63636 77.37 78.93 79.7 81.38 83.02 84.25 84.95 85.27 84.97 85.01 86.87 86.46 87.28283 89.52 90.58 91.59 90.82 93.88 93.03 92.44 94.29 96.46 93.95 90.9697 93.35 93.46 90.15 87.14 85.39 87.77 87.56 82.23 83.27 83.48 84.47436 80.91026 80.10169 79.86 -9999 -9999 -9999 -9999 -9999 -9999 -9999 -9999 -9999 -9999 -9999 -9999 64.9315 -9999 64.33334 64.55209 64.13793 64.47826 -9999
-9999 -9999 -9999 -9999 -9999 -9999 -9999 -9999 -9999 -9999 -9999 -9999 -9999 -9999 71.50746 73.45834 75.93 78.55 80.06 81.43 82.35 83.44 84.44 85.91 86.97 87.66 88.33 88.23 89.31 91.35 93.16 93.66 93.33 94.74 96.47 95.85 97.62 99.28 97.99 96.31 95.94 93.85 93.2 95.35 92.57 91.46 91.76 90.68 89.61 88.53 87.55 84.25 83.82 86.33 85.87 85.62 86.62 83.09574 80.48148 77.79452 76.02597 74.58974 74.08334 73.51807 71.67347 69.65 68.73 67.94 67.86459 66.53 67.94 67.71 66.9881 67.82
-9999 -9999 -9999 -9999 -9999 -9999 63.37037 63.7875 65.5 -9999 67.93243 69.30121 70.52 71.05051 72.39 -9999 77.41 79.8 81.48 82.42 83.56 84.26 85.73 86.58 88 88.5 89.74 90.06 92.45 93.92 94.6 94.51 95.83 97.89 98.79 98.91 98.64 99.49 101.28 101.01 102.01 102.42 101.3 99.15 98.63 97.49 97.73 99.28 98.62 95.62 97.65 94.34 91.37 94.34 95.31 92.78 90.24 90.62 86.01 85.65 81.77 81.53 79.42 77.59 77.29 74.46 73.33 72.51 74.56 76.3 74.81 73.67 71.02 72.77
-9999 -9999 -9999 -9999 -9999 -9999 63.84932 64.83 66.17 67.19 69.29 72.68 73.7 74.23 74.94 76.78 79.48 81.32 82.57 83.85 84.73 85.62 86.81 87.6 88.81 90.19 91.78 92.33 93.77 95.18 95.64 96.15 98.26 99.42 100.43 100.68 101.84 103.39 103.77 104.38 105.44 105.21 105.97 105.52 102.87 104.98 105.33 102.69 102.84 102.76 104.1 100.78 100.3 101.72 102.04 99.99 100.29 99.28 92.61 93.59 90.71 87.27 85.07 85.78 82.72 79.19 79.89 79.16 78.79 84.05 87.21 81.37 76.68 76.08
-9999 -9999 -9999 -9999 61.52688 63.16 64.41 66.53 68.44 69.67 72.38 73.83 75.07 77.11 78.16 80.07 81.62 82.67 84.05 84.62 86.14 87.18 87.82 88.98 90.56 91.66 93.21 94 95.31 96.39 97.72 97.88 99.65 101.08 101.86 102.99 104.1 104.38 106.01 106.14 107.28 107.7 108.77 108.73 107.9 107.81 107.81 107.57 107.75 106.71 106.23 106.11 105.27 103.91 104.03 103.24 102.39 98.46 94.38 95.09 98.59 95.33 93.03 91.94 90.58 84.88 87.96 84.17 84.91 90.39 91.55 89.24 87.35 83.7
-9999 -9999 -9999 60.90722 62.16 64.17 65.48 66.99 68.75 70.88 72.63 74.37 75.7 77.83 79.57 81.07 82.49 83.87 84.99 86.31 87.35 88.31 89.45 90.65 91.82 93.03 94.33 95.57 96.59 97.7 98.45 99.68 101.39 102.28 103.65 103.85 105.11 103.94 104.62 105.94 104.97 107.35 106.82 110.48 111.16 109.27 108.81 109.41 108.74 108.26 109.08 108.06 107.96 107.36 106.29 105.67 104.64 103.37 102.63 101.05 101.22 101.5 99.98 97.06 95.03 93.49 92.96 91.43 91.52 90.71 88.31 87.58 87.19 87.24
-9999 -9999 -9999 60.87059 62.84848 64.23 65.69 66.8 68.32 70.37 72.22 74.19 76.73 78.99 81.05 82.22 83.18 84.81 86.05 87.47 88.42 89.63 90.74 91.87 93.02 94.08 95.44 96.77 97.93 99.19 100.18 101.52 102.46 102.97 104.09 104.61 104.85 106.91 107.78 108.67 108.73 110.33 110.8 110.35 111.57 112.34 111.45 112.27 111.08 111.63 111.77 110.72 110.07 109.36 108.89 107.8 106.64 105.84 105.54 104.61 103.46 103.53 102.37 99.17 97.44 96.18 94.88 94.28 93.28 92.32 90.04 87.64 88.26 89.4
-9999 -9999 -9999 -9999 62.05172 64.2 64.97 65.92 67.87 68.58 69.97 74.22 77.91 78.99 80.83 82.31 83.7 85.64 86.85 88.45 89.53 90.63 91.83 93.11 93.59 95.17 96.67 98.01 99.46 100.39 101.44 101.75 101.68 103.02 105.53 106.29 107.48 108.03 107.44 109.13 108.91 109.68 112.14 114.52 112.52 115.01 115.24 115.35 114.03 114.69 114.11 112.91 112.39 111.71 110.93 109.86 109.15 108.38 107.49 106.14 104.7 103.6 102.5 100.87 100.02 98.5 98.31 95.85 95.53 93.5 93.84 92.38 90.51 91.71
-9999 -9999 -9999 -9999 61.225 62.28125 62.80303 63.63736 68.47 68.08 69.57 71.49 75.44 77.48 79.96 83.46 85.1 86.7 88.18 89.41 90.48 91.86 93 94.03 95.33 96.4 97.84 99.02 100.34 101.27 102.4 101.26 104.24 105.91 108.24 109.24 108.9 108.01 108.93 110.28 112.84 114.85 116.54 117.33 118.24 117.86 118.79 118.73 118.09 117.48 116.75 115.88 114.74 113.93 112.94 112.35 111.26 110.41 109.43 108.44 106.99 105.48 103.76 102.72 102.14 100.21 99.22 99.61 98.01 97.82 98.43 96.03 95.54 93.08
-9999 -9999 -9999 -9999 -9999 -9999 64.75 64.01 65.7 65.91 69.05 72.79 75.04 80.05 82.33 84.65 86.39 87.65 88.82 89.91 91.61 92.65 93.86 95.13 96.64 97.78 98.49 98.42 99.54 101.53 103.66 104.1 106.72 108.37 109.59 110.71 111.39 112.21 114.13 114.76 115.34 116.38 118.21 119.82 120.78 121 121.34 121.16 120.32 119.57 119.09 117.91 117.05 115.84 115.19 114.33 113.28 112.38 111.25 110.46 108.64 107.65 106.11 105.68 104.8 103.86 102.61 101.84 100.38 100.65 101.14 99.47 96.01 98.23
-9999 -9999 -9999 -9999 -9999 60.44068 62.71276 -9999 -9999 66.11 67.64 73.23 78.16 81.38 83.21 85.49 86.95 88.28 89.28 90.36 92.39 94.03 95.15 96.6 97.84 98.86 98.93 100.31 101.06 101.67 104.34 106.43 107.99 109.25 110.58 111.8 113.51 114.66 115.65 116.44 118.09 119.59 120.43 121.82 123.06 123.89 123.75 123.17 122.48 121.45 120.6 119.5 119.05 117.63 117.19 116.43 115.27 114.33 112.85 112.05 110.79 109.15 108.29 107.68 106.59 105.94 105.04 104.27 103.58 103.29 102.46 100.54 98.42 98.42
-9999 -9999 -9999 -9999 -9999 -9999 -9999 61 62 63.42 67.35 72.8 78.18 81.66 83.78 85.84 87.86 88.66 89.66 91.31 93.29 95.09 96.51 97.71 99.02 100.21 100.93 101.56 101.91 103.09 105.36 107.88 109.07 110.2 111.93 113.18 114.01 114.25 115.25 117.19 119.45 120.9 121.94 123.14 124.5 125.36 125.37 124.11 123.63 122.83 121.9 121.62 120.68 119.42 118.84 118.3 116.99 116.38 115.15 113.9 113.03 111.38 110.23 109.03 107.96 106.99 106.45 106.47 105.57 104.81 103.55 102.83 103.48 103.19
-9999 -9999 -9999 -9999 -9999 -9999 -9999 60.6875 62.18478 65.95506 65.05 72.11 79.58 82.11 84.77 86.84 89.17 90.92 92.12 93.53 94.81 96.13 97.62 98.92 99.94 100.76 101.96 103.55 103.61 105.36 107.11 109.11 110.56 111.2 110.89 112.7 112.28 113.53 116.81 119.23 120.59 122.03 122.9 124.03 125.11 126 125.97 125.12 124.69 124.29 123.6 123.03 122.08 121.04 120.62 120.12 119.07 118.05 117.01 115.96 114.68 113.56 112.23 110.94 109.6 108.6 108.49 107.85 106.98 106.44 106.38 106.38 106.12 105.77
-9999 -9999 -9999 -9999 -9999 -9999 -9999 -9999 -9999 66.01471 67.01075 73.3 79.52 82.74 85.1 88.47 90.7 92.63 93.81 95.31 96.53 96.24 96 98.44 99.92 100.15 101.42 105.08 106.36 105.81 106.77 109.26 108.66 109.54 111.4 109.6 110.6 113.79 117.83 119.69 121.22 122.76 123.89 124.83 125.71 126 126.1 125.98 125.91 125.77 125.01 124.65 123.77 122.81 122.36 121.83 121.26 120.07 119.17 118.06 116.99 115.68 114.54 113.1 111.93 111.06 110.44 109.56 108.78 107.89 107.85 108.06 108.21 109.07
-9999 -9999 -9999 -9999 -9999 -9999 -9999 -9999 63.73077 67.5303 -9999 75.74 81.01 84.1 84.92 89.59 92.15 93.8 95.31 96.73 98.25 97.34 98.08 96.74 97.17 98.58 98.88 104.36 106.42 106.46 105.14 106.16 106.44 107.99 111.02 114 114.37 113.87 116.87 120.21 122.25 123.48 124.26 125.05 125.97 126.78 127 126.68 126.95 126.48 125.74 125.19 124.71 124.2 123.74 123.06 122.74 121.88 121.03 120.05 118.88 117.69 116.23 114.85 113.88 113.34 111.86 110.72 110.03 109.81 109.94 110.06 110.47 111.31
-9999 -9999 -9999 -9999 -9999 -9999 -9999 -9999 -9999 68.25275 72.31 76.45 80.79 85.58 88.33 92.11 94.53 95.88 97.29 97.52 98.05 98.28 99.8 96.81 95.42 95.99 96.36 101.53 106.52 105.48 105.54 103.84 103.21 105.55 109 110.57 112.79 116.11 118.58 121.22 122.63 123.88 124.98 125.83 126.47 126.97 127 127.02 127.4 127.04 126.82 126.31 125.91 125.52 125.23 124.69 124.18 123.86 123.32 122.2 121.05 119.7 118.21 116.85 115.72 113.96 113.06 112.58 111.94 111.6 111.56 111.89 112.67 113.5
-9999 -9999 -9999 -9999 -9999 -9999 -9999 -9999 67.64835 72.87 73.46 78.03 82.33 87.56 92.51 93.16 92.79 91.72 94.29 95.13 96.23 99.3 99.66 99.15 98.01 97.2 99.72 103.48 106.57 105.11 104.09 103.52 105.39 111.19 114.18 115.44 116.71 118.66 120.55 122.19 123.23 124.39 125.67 126 126.77 127.31 127.04 127.6 127.99 127.99 127.78 127.17 127.04 126.95 126.5 125.96 125.67 125.13 124.97 124.25 123.26 121.91 120.2 118.63 116.8 115.83 114.63 113.76 113.06 113.11 113.17 113.52 113.28 113.58
-9999 -9999 -9999 -9999 -9999 -9999 -9999 70.11111 72.15 73.24 76.16 80.06 84.57 89.51 89.61 85.96 84.72 88.12 92.04 95.53 97.84 99.53 100.91 99.83 104.4 101.78 102.61 105.26 105.4 105.63 105.49 105.96 107.31 113.49 115.46 117.09 118.65 119.96 121.3 122.73 123.91 124.91 125.64 126.04 126.94 127.9 128 128 128.05 128.02 128 127.97 127.83 127.58 127.2 127.19 126.9 126.61 126.17 125.86 124.53 122.8 120.76 119.52 118.21 117.24 115.94 114.99 114.27 114 113.92 114.3 114.65 114.68
-9999 -9999 -9999 -9999 -9999 -9999 -9999 71.11667 71.82 74.88 78.92 83.46 86.64 88.73 83.59 88.37 91.4 95.07 94.79 91.05 91.29 95.56 98.19 102.31 107.24 105.67 105.45 108.07 108.18 108.28 109.89 110.56 109.67 115.24 116.97 117.81 118.92 120.54 121.78 123 124.14 124.85 125.85 126.57 127 127.87 128 128.06 128.13 128.72 128.45 128.88 128.7 128.16 128.04 127.89 127.79 127.65 127.31 126.54 125.15 123.68 122.22 120.75 119.55 118.12 117.03 116.32 115.81 115.56 115.33 115.6 115.66 116.54
-9999 -9999 -9999 -9999 -9999 -9999 -9999 72 74.28409 78.26 81.28 84.36 88.16 91.29 92.13 94.39 96.15 91.4 87.04 88.29 89.29 92.04 100.36 103.71 108.51 107.36 105.71 109.15 110.57 110.01 111.49 113.7 114.84 117.9 118.27 119.44 120.25 120.47 121.56 122.77 123.78 124.85 125.99 126.83 127.15 127.88 128 128.69 128.99 129 129.02 129.07 129 129 129.06 128.97 128.88 128.25 127.83 126.44 125.48 124.27 122.62 121.2 119.87 118.86 117.88 117.14 116.89 116.05 116 116 116.3 117.05
-9999 -9999 -9999 -9999 -9999 -9999 -9999 -9999 76.31 79.48 81.93 85.53 89.01 91.92 93.31 89.89 88.03 86.43 91.92 89.89 91.77 93.63 98.63 104.73 110.07 108.85 106.67 110.75 111.73 113 112.79 112.58 116.36 118.51 118.53 120.16 120.49 121.21 122.35 123.31 124.08 124.92 126.06 126.52 127.12 128 128.2 129 129.03 129.01 129 129.05 129.53 129.14 129 129 128.93 128.19 127.48 126.72 125.6 124.17 122.76 121.45 120.25 119.13 118.15 117.23 116.9 116.29 116.02 116.06 116.52 116.93
-9999 -9999 -9999 -9999 -9999 -9999 -9999 -9999 77.3 80.22449 83.91 87.01 90.06 92.98 94.79 95.11 96.1 98.65 95.2 92.14 92.75 98.58 105.46 109.15 109.09 106.63 110.19 112.68 113.86 114.01 112.91 111.2 116.38 117.47 119.29 120.28 120.66 121.04 122.42 123.35 124.39 125.09 126 126.75 127.16 128 128.6 128.94 129 129.18 129.47 129.95 130 129.78 129.61 129.26 128.9 127.89 127 126.18 124.96 123.77 122.67 121.46 120.35 119.47 118.31 117.62 117 116.89 116.48 116.5 116.93 117.13
-9999 -9999 -9999 -9999 -9999 -9999 -9999 -9999 78.6579 81.76 85.17 88.16 91 94.08 96.88 98.61 99.86 93.4 93.42 96.93 102.95 104.9 108.69 110.83 104.67 110.37 113.04 114.41 115.02 114.66 113.6 113.72 115.39 117.87 119.31 120.45 121 121.63 122.24 123.6 124.31 125.15 125.99 126.82 127.27 128 128.11 129 129.21 129.94 129.75 129.99 129.93 129.66 129.62 129.04 128.53 127.96 127.23 125.97 124.77 123.59 122.17 121.02 119.76 118.94 118.09 117.62 117.02 116.76 116.57 117.09 117.24 117.71
-9999 -9999 -9999 -9999 -9999 -9999 -9999 -9999 -9999 82.99 85.81 88.79 92.28 95.09 97.8 100.29 99.22 101.08 103.3 104.49 108.06 102.45 105.54 102.26 106.49 112.67 114.6 115.48 115.48 115.11 114.88 116.03 117.21 118.41 119.83 120.35 120.81 121.47 122.5 123.74 124.46 125.19 126.01 126.98 127.02 127.77 128.26 129 129.27 129.94 130 130 129.79 129.64 129.03 128.83 128.01 127.24 126.33 125.64 124.28 123.37 122.03 120.9 119.65 118.78 118.06 117.76 117.2 117.02 117.3 117.23 117.96 118.07
-9999 -9999 -9999 -9999 -9999 -9999 -9999 -9999 -9999 83.96 87.17 90.41 93.28 96.01 98.61 101.12 101.67 102.83 108.08 106.92 100.57 100.51 102.36 107.09 111.33 112.06 112.69 115.5 115.41 113.28 111.39 116.43 117.39 118.72 119.42 120.09 120.78 121.36 122.7 123.18 124.29 125.22 126.02 126.94 127.47 128.16 128.61 129.07 129.76 130 129.95 129.99 129.83 129.34 129 128.53 127.69 126.86 125.82 124.65 123.27 122.27 121.23 120.15 119.14 118.43 118 118 118.17 118.06 117.87 117.19 117.72 118.2
-9999 -9999 -9999 -9999 -9999 -9999 -9999 -9999 -9999 84.82829 88.03 91.08 93.94 96.6 99.41 101.99 102.44 104.97 108.66 106.18 93.74 106.49 106.19 108.1 112.62 114.96 115.38 114.96 114.69 115.48 114.72 116.84 116.73 116.84 116.93 118.49 120.09 121.51 122.23 123.05 124.15 125.16 126.09 127.03 127.98 128.2 129.09 129.53 130 130 130 129.96 129.34 129 128.76 127.9 127.1 126.16 125.26 124.19 122.88 121.59 120.5 119.5 118.68 117.93 117.29 117.48 117.44 117.21 117.07 117.15 117.91 118.48
-9999 -9999 -9999 -9999 -9999 -9999 -9999 -9999 -9999 85.74683 89.06 92.3 94.42 96.64 99.69 102.26 104.38 106.94 104.35 100.76 109.62 114.01 109.48 114.04 110.51 114 111.16 111.92 115.46 115.72 115.71 116.81 116.13 115.82 117.03 118.77 120.31 121.03 121.78 122.95 124 125.21 126.07 127.2 127.98 128.82 129.59 130 130 130 130 130 129.15 129 128.4 127.56 126.66 125.7 124.67 123.53 122.37 120.84 119.69 118.79 117.85 117.09 116.76 116.57 116.66 116.35 116.81 117.57 118.64 119.41
-9999 -9999 -9999 -9999 -9999 -9999 -9999 -9999 -9999 86.49056 89.88 92.97 95.28 97.33 100.29 102.01 104.78 103.05 102.75 103.24 112.56 114.17 112.82 114.65 114.16 112.49 109.32 110.02 115.09 114.87 113.81 115.15 114.67 115.93 116.63 118.16 118.86 119.69 121.33 122.73 123.89 125.01 126.06 126.94 128.25 128.94 130 130.01 130.01 130.09 129.99 129.75 129.17 128.77 127.88 127.19 126.12 125.12 123.81 122.65 121.29 120.2 118.9 117.65 116.89 116.18 116.02 116.01 116.13 116.41 117.06 118.53 120.23 120.71
-9999 -9999 -9999 -9999 -9999 -9999 -9999 -9999 -9999 -9999 89.97849 92.81 95.23 97.66 99.98 102.07 104.13 105.34 107.41 106.53 111.05 111.69 111.48 111.96 112.3 112.59 112.93 113.42 115.34 112.9 113.01 114.64 115.14 115.54 115.31 116.51 118.09 119.07 120.42 121.99 123.64 125.09 126.33 127.63 128.72 129.79 130.62 130.71 130.42 130.04 130 129.74 128.96 128.27 127.7 126.57 125.54 124.42 123.28 121.95 120.75 119.33 117.93 116.79 115.72 115.24 115.89 116.01 116.24 117.23 118.56 119.88 120.14 119.86
-9999 -9999 -9999 -9999 -9999 -9999 -9999 -9999 -9999 -9999 88.88095 92.02 94.74 97.27 99.67 100.84 97.59 100.97 94.79 97.9 106.06 104.3 106.74 105.13 104.7 105.94 109.85 110.35 114.01 113.76 114.12 114.78 115.26 114.37 114.73 115.86 117.28 118.6 119.91 121.43 123.01 124.47 126.3 127.64 129.16 130.31 131 130.93 130.82 130.39 129.9 129.43 128.87 127.91 126.91 126.16 125.14 124.02 122.72 121.59 120.2 118.63 117.37 115.85 115.03 114.99 115.78 118.28 118.62 118.86 117.1 117.64 119.61 119.06
