layers/wordclim/future/Iberia_wcB2a_10_hadcm3_2080/bio_17.asc
ncols         166
nrows         93
xllcorner     -9.4959440078468
yllcorner     36.000324005443
cellsize      0.083333337679505
NODATA_value  -9999
[rows 0 to 33 of 93, columns 0 to 77 of 166]
-9999 -9999 -9999 -9999 -9999 -9999 -9999 -9999 -9999 -9999 -9999 -9999 -9999 -9999 -9999 -9999 -9999 91.53658 100.4306 90.59702 90.62122 92.85227 90.63768 90.65151 -9999 -9999 -9999 -9999 -9999 -9999 -9999 -9999 -9999 -9999 -9999 -9999 -9999 -9999 -9999 -9999 -9999 -9999 -9999 -9999 -9999 -9999 -9999 -9999 -9999 -9999 -9999 -9999 -9999 -9999 -9999 -9999 -9999 -9999 -9999 -9999 -9999 -9999 -9999 -9999 -9999 -9999 -9999 -9999 -9999 -9999 -9999 -9999 -9999 -9999 -9999 -9999 -9999 -9999
-9999 -9999 -9999 -9999 -9999 -9999 -9999 -9999 -9999 -9999 -9999 -9999 -9999 -9999 -9999 -9999 88.12122 90.76842 94.17 90.15 97.19 98.8 91.91919 98.2 96.9 92.01031 -9999 -9999 -9999 -9999 -9999 -9999 -9999 -9999 -9999 -9999 -9999 -9999 -9999 -9999 -9999 -9999 -9999 102.8438 102.2308 -9999 -9999 -9999 -9999 -9999 -9999 -9999 -9999 -9999 -9999 -9999 -9999 -9999 -9999 -9999 -9999 -9999 -9999 -9999 -9999 -9999 -9999 -9999 -9999 -9999 -9999 -9999 -9999 -9999 -9999 -9999 -9999 -9999
-9999 -9999 -9999 -9999 -9999 -9999 -9999 -9999 -9999 -9999 -9999 -9999 -9999 -9999 86.55556 85.25263 87.43434 90 92.68 98.56 103.39 101.59 98.33 104.21 91.63 86.73 86.64211 87.49367 88 85.78181 87.15 88.7381 91.30264 90 96.12658 94.66666 97.45206 101.8472 104.9432 104.1959 103.8205 102.9881 102.3434 102.62 104.29 100.4156 101.1148 103.7333 104.1525 -9999 -9999 -9999 -9999 -9999 -9999 -9999 -9999 -9999 -9999 -9999 -9999 -9999 -9999 -9999 -9999 -9999 -9999 -9999 -9999 -9999 -9999 -9999 -9999 -9999 -9999 -9999 -9999 -9999
-9999 -9999 -9999 -9999 -9999 -9999 -9999 -9999 -9999 -9999 -9999 -9999 -9999 -9999 -9999 -9999 90.76768 97.66 99.86 96.38 101.34 106.4 109.26 108.88 99.98 90.49 86.04 91.66 85.53 85.88889 93.08 97 99.16 94.03 105.07 101.82 100.53 105.99 112.64 105.89 101.2929 107.7 110.43 106.85 104.88 104.8 108.91 109.21 102.81 104.29 104.52 106.1282 100.6154 99.10169 100.1 -9999 -9999 -9999 -9999 -9999 -9999 -9999 -9999 -9999 -9999 -9999 -9999 110.7671 -9999 114.7936 118.8229 119.3218 122 -9999 -9999 -9999 -9999 -9999
-9999 -9999 -9999 -9999 -9999 -9999 -9999 -9999 -9999 -9999 -9999 -9999 -9999 -9999 83.59702 84.3125 90.65 96.69 97.74 100.24 96.88 98.53 98.46 102.79 98.98 97.08 93.01 87.8 88.76 97.22 104.93 100.4 95.56 99.36 104.48 98.63 105.97 111.37 106.2 102.71 102.71 100.58 101.6 106.96 105.36 105.54 106.66 106.02 104.94 103.96 103.52 98.86 98.64 104.27 105.22 107.27 112.44 106.5851 102.9136 98.89041 98.64935 99.92308 102.2778 105.747 106.4796 105.48 108.94 110.87 113.2813 113.39 119.11 120.88 120.5476 125.98 128.5955 126.5 -9999 -9999
-9999 -9999 -9999 -9999 -9999 -9999 84.40741 83.5375 85.79729 -9999 87.35135 87.49397 87.46 83.91919 83.68 -9999 90.57 95.66 101.26 98.43 94.98 94.02 93.01 90.34 92.06 91.61 91.95 86.87 96.61 99.6 98.17 90.24 94.75 105.45 105.79 98.35 96.85 99.17 104.58 104.32 107.62 108.56 106.9 104.93 105.95 105.6 107.16 111.07 110.83 106.88 112.14 107.43 103.49 112.22 118.57 116.51 111.13 115.53 107.07 109.12 104.51 106.81 106.55 106.74 109.93 107.91 109.57 111.64 118.47 123.99 123.6 124.09 121.78 127.63 130.36 132.75 129.58 131.4898
-9999 -9999 -9999 -9999 -9999 -9999 86.36987 86.4 87.14 87.39 90.63 98.93 96.66 92.96 87.81 88.7 94.85 96.77 98.8 95.81 94.29 90.51 89.27 87.41 87.12 88.09 90.77 88.14 91.59 94.05 90.1 86.79 97.61 105.26 96.49 93.6 95.82 106.54 105.02 108.2 110.03 105.23 117.44 109.2 102.99 107.35 108.92 106.94 109.26 110.61 120.58 114.05 112.02 123.23 145.99 134.3 140.39 136.74 112.9 118.9 114.24 110.83 109.99 114.43 111.52 108.85 112.97 114.93 116.91 126.57 135.26 127.39 122.92 123.65 126.71 125.63 125.07 127.28
-9999 -9999 -9999 -9999 81.36559 86.16 87.61 93.02 95.82 96.31 100.33 100.1 98.02 98.78 96.05 97.89 99.68 97.64 97.6 94.05 92.41 90.49 86.47 85.63 85.66 87.64 90.69 86.94 95.25 91.44 93.24 87.24 94.54 99.84 94.01 92.85 102.57 112.2 102.97 111.01 108.05 111.62 104.67 105.24 101.59 107.01 106.27 106.91 114.01 119.18 115.58 119.95 124.69 117.01 128.83 134.96 128.94 111.89 105.65 109.8 126.25 118.4 115.6 115.2 115.38 109.1 115.84 113.01 116.54 128.49 132.61 129.55 127.35 123.24 117.78 119.48 119.24 121.16
-9999 -9999 -9999 80 83.79 91.33 92.55 95.58 97.43 99.49 98.91 99.04 95.47 95.87 96.02 95.53 96.11 97.32 100.1 95.67 90.36 89.48 85.69 84.42 85.88 86.18 89.88 90.23 85.15 85.77 80.46 82.04 93.9 101.48 92.27 103.58 103.54 121.21 122.9 119.33 129.08 119.35 125.68 106.05 100.25 119.41 122.27 117.87 123.83 126.01 117.07 122.88 116.66 114.57 122.7 122.32 132.09 130.2 121.75 115.23 119.95 132.12 124.66 115.25 113.51 113.01 114.6 113.3 115.96 116.66 114.81 115.57 116.17 118.2 117.88 121.52 122.4 115.22
-9999 -9999 -9999 78.29412 87.31313 91.32 93.61 94.7 95.36 96.86 96.91 96.57 96.69 97.21 96.71 96.13 93.92 96.69 95.63 95.35 90.16 90.15 87.01 81.16 78.99 79.75 85.41 84.02 84.63 77.25 78.69 87 88.41 96.72 99.27 105.73 112.46 105.83 106.42 107.13 112.04 107.39 108.8 114.04 109.56 108.15 111.83 108.44 114.61 110.92 104.06 109.04 108.74 107.66 105.97 113.33 124.18 127.34 122.71 113.2 109.95 125.37 119.49 108.12 106.48 107.42 107.45 108.31 108.71 108.16 107.04 104.61 107.17 110.14 112.69 114.99 116.45 116.59
-9999 -9999 -9999 -9999 81.65517 91.55 92.07 90.6 94.21 91.14 89.36 96.04 98.91 94.51 93.97 92.82 88.86 88.9 89.24 89.51 89.91 85.91 80.83 77.13 74.85 76.04 78.85 83.56 77.25 76.3 85.25 96.35 105.81 105.15 96.38 98.24 97.16 102.27 111.84 107.27 111.41 111.99 103.89 96.9 107.11 99.44 97.63 96.59 101.8 96 95.33 101.05 98.34 102.49 99.31 106.33 107.75 108.05 107.53 100.3 98.03 99.57 100.5 99.72 100.32 100.56 103.23 100.45 101.88 100.82 103.96 102.29 100.44 103.84 107.31 110.79 108.71 111.52
-9999 -9999 -9999 -9999 79.125 82.375 82.60606 82.54945 97.62 91.82 89.62 88.42 91.82 89.36 88.77 94.3 91.56 91.48 91.8 87.27 87.73 84.61 77.1 79.52 77.92 71.98 80.62 82.82 79.39 81.28 85.74 103.29 92.21 84.82 77.47 80.35 92.1 103.48 104.16 102.87 96.37 91.1 87.1 86.79 86.2 89.6 85.02 84.57 87.56 85.45 86.5 87.44 87.35 89.99 87.99 91.84 94.56 90.69 91.02 92.77 90.66 90.66 89.74 90.73 93.34 92.31 93.56 96.68 95.97 97.85 100.91 98.24 99.03 95.19 95.93 98.64 104.66 98.26
-9999 -9999 -9999 -9999 -9999 -9999 93.88043 87.19 90.67 86.02 89.89 93.25 91.68 98.36 95.66 94.41 95.36 92.24 92.95 92.63 84.26 77.13 81.04 80.81 75.61 75.04 81.74 90.21 91.42 86.76 80.82 86.51 74.79 67.98 69.43 69.08 76.53 79.48 79.88 82.4 86.12 85.47 81.19 78.05 76.96 78.57 75.37 75.42 78.29 76.67 79.77 78.35 79.51 78.89 80.7 82.99 83.23 82.87 82.09 83.75 81.76 82.64 83.04 85.96 87.76 87.97 88.55 89.82 89.82 92.3 95.59 94.19 89.3 94.53 95.21 98.66 97.75 90.06
-9999 -9999 -9999 -9999 -9999 79.01695 87.34042 -9999 -9999 90.09 89.79 96.53 99.67 102.81 104.32 94.85 92.88 94.01 92.91 91.92 81.27 75.23 75.96 72.99 66.42 71.64 80.68 79.26 82.79 88.62 77.57 70.28 63.46 58.15 57.18 59.85 61.21 63.94 69.65 76.07 73.76 71.19 71.26 69.49 69.83 70.21 67.09 67.63 68.98 69.61 71.06 70.3 73.32 71.52 74.24 75.69 75.11 75.45 74.24 75.35 75.09 74.37 76.16 79.09 79.83 81.27 82.47 83.76 84.95 86.87 87.32 85.64 83.44 84.22 86.3 87.67 90.25 88.69
-9999 -9999 -9999 -9999 -9999 -9999 -9999 78 82.13253 85.21 90.6 96.24 98.81 99.56 101.63 98.69 93.84 94.06 93.24 86.67 80.98 72.96 71.14 63.11 62.06 64.82 69.81 71.64 80.21 80.33 73.56 61.01 55.54 52.72 53.49 56.29 67.81 74.97 76.41 74.45 67.85 64.65 64.68 62.92 62.9 62.91 62.03 62.19 63.03 63.43 63.92 65.53 65.86 64.7 66.36 67.65 67.18 67.85 67.56 67.57 68.31 67.91 68.56 69.71 71.24 72.3 74.65 77.68 78.17 79.17 78.36 79.19 82.46 82.7 82.78 83.84 83.9 81.47
-9999 -9999 -9999 -9999 -9999 -9999 -9999 80.1875 84.42391 92.39326 87.48 93.69 99.77 104.1 98.56 92.14 86.58 82.41 79.22 76.91 73.98 70.78 65.97 63.49 66.12 65.57 63.07 62.24 72.51 66.77 62.48 56.52 53.98 61.35 72.18 70.35 78.03 80.3 70.57 64.77 60.79 58.55 59.23 57.11 57.67 57.93 57.85 58.01 58.15 58.57 59.34 60.16 60.09 59.36 60.47 61.89 60.88 60.09 60.37 60.57 60.88 61.44 62.74 63.36 64.32 65.8 69.08 71.05 71.29 71.8 73.51 75.53 77.52 77.38 79.09 78.23 78.07 77.99
-9999 -9999 -9999 -9999 -9999 -9999 -9999 -9999 -9999 88.95588 88.30108 91.94 94.34 101.94 97.96 86.34 76.51 75.35 70.09 66.56 65.11 75.67 76.85 70.21 67.46 73.56 71.97 58.27 55.11 66.05 67.88 59.74 70.98 73.45 69.06 84.91 85.63 77.16 66.51 61.76 58.71 55.5 53.99 53.69 53.87 54.23 54.15 53.38 54.16 54.25 54.36 54.67 54.51 53.93 54.64 55.59 55.19 54.6 54.48 54.76 55.15 55.53 56.78 57.91 59.14 61.58 63.59 64.36 64.89 65.13 68.06 71.25 73.14 77.89 78.01 76.78 81.21 82.21
-9999 -9999 -9999 -9999 -9999 -9999 -9999 -9999 82.88461 89.56061 -9999 91.53 93.9 94.82 99.15 87.45 72.94 71.45 72.32 64.99 64.5 71.85 71.71 78.58 79.82 78.91 84.01 64.47 60.38 66.53 77.13 79.02 81.4 80.24 74.05 65.6 69.47 75.99 68.45 59.03 54.09 52.02 50.55 50.48 50.53 50.58 49.81 48.92 50.36 51.4 50.14 50.08 49.75 49.47 50.07 50.31 50.4 50.19 49.31 49.69 49.99 51.13 52.04 53.17 55.31 58.59 58.94 59.07 60.37 62.59 65.09 67.31 70.39 76.25 81.97 84.22 87.06 81.45
-9999 -9999 -9999 -9999 -9999 -9999 -9999 -9999 -9999 83.01099 85.65 84.18 82.16 89.9 90.31 81.05 74.53 73.81 71.1 71.03 69.16 69.68 66.55 77.72 85.97 88.73 92.02 76.9 62.3 70 75.25 84.69 93.7 89.27 79.05 78.46 73.54 65.63 61.39 54.87 51.61 49.55 48.97 47.07 46.16 45.59 45.4 45.06 46.48 46.28 46.09 45.5 45.37 45.54 45.29 45.51 45.39 45.4 44.5 44.16 45.09 46.29 47.76 50.17 52.23 52.18 53.15 55.2 56.95 58.15 60.51 63.81 69.79 79.04 83.4 90.96 91.7 91.44
-9999 -9999 -9999 -9999 -9999 -9999 -9999 -9999 76.42857 87.9 77.19 77.89 76.16 84.03 75.4 79.19 82.1 84.55 79.78 77.4 74.49 68.11 68.11 70.15 76.45 81.88 77.61 68.6 62.87 71.41 77.36 85.01 82.11 66.31 60.46 59.98 59.08 55.13 51.48 47.94 47.44 46.06 44.37 44.11 42.93 43.04 42.72 42.32 42.55 42.31 42.67 42.44 42.89 42.99 42.6 41.86 40.92 40.69 41.11 40.14 42.45 44.23 45.04 46.95 47.56 49.37 49.92 51.34 53.36 55.37 58.77 62.93 63.07 65.27 70.52 73.39 75.72 80.18
-9999 -9999 -9999 -9999 -9999 -9999 -9999 84.4127 85.25 77.94 73.82 73.59 76.12 74.64 87.83 95.79 100.2 92.07 83.4 75.88 71.41 67.5 64.62 68.02 59.08 67.42 67.53 63.04 65.43 68.44 71.59 74.48 73.48 57.78 53.99 52.26 50.1 48.71 46.06 44.82 43.11 41.52 40.95 40.97 40.26 39.73 39.64 39.71 39.68 40.08 39.65 39.49 39.86 39.65 39.44 38.81 38.36 37.55 37.19 36.49 39.19 40.01 40.66 42.94 44.95 46.46 47.52 48.85 50.34 52.16 54.29 56.68 60.12 59.93 61.83 67.97 80.3 84.86
-9999 -9999 -9999 -9999 -9999 -9999 -9999 77.51667 70.22 71.81 74.67 87.92 81.58 85.51 100.26 90.02 84.74 78.33 78.01 81.5 80.89 74.04 69.36 63.28 52.44 58.43 60.5 55.83 57.68 59.55 58.35 59.3 63.81 51.26 48.99 49.12 49.02 45.35 44.5 42.83 41.68 39.32 38.18 38 36.57 36.41 36.51 37.04 37.03 36.78 36.58 37.08 38 37.44 37.01 37 36.35 36.54 37.11 35.04 35.71 37.89 39.95 42.08 44.28 45.71 46.25 47.07 49.8 51.51 53.18 56.86 59.31 62.33 58.95 61.52 64.52 68
-9999 -9999 -9999 -9999 -9999 -9999 -9999 67.93939 69.79546 77.94 75.85 85.85 74.32 74.73 79.35 77.86 75.92 84.6 90.58 87.52 83.22 80.4 66.39 61.41 51.01 54.8 59.96 53.34 51.6 55.49 53.28 51.31 50.01 44.17 45.29 43.62 43.68 43.94 44.44 44.02 41.82 40.04 37.72 35.95 35.45 33.96 33.58 33.61 33.54 33.93 34.37 35.14 35.67 35.61 36.77 37 37.23 36.72 36.14 34.11 35.19 36.97 38.55 40.74 43.04 44.58 45.38 46.28 47.18 48.81 50.51 52.99 55.07 57.55 59.42 60.05 61.98 64.66
-9999 -9999 -9999 -9999 -9999 -9999 -9999 -9999 71.69 77.59 64.46 69.77 67.65 70.41 75.4 86.37 90.32 94.05 80.78 82.18 77.54 75.49 68.64 59.22 49.16 52.62 57.77 50.26 49.14 47.79 49.54 52.19 45.56 40.91 43.48 39.97 40.37 41.57 39.87 38.36 38.3 38.08 35.73 32.87 32.13 32.2 32.12 31.97 32.04 32.54 32.6 33.09 34.41 35.4 35.42 36 35.89 34.82 32.96 34.67 35.66 36.14 37.8 38.91 40.61 41.95 42.61 43.72 45.26 45.96 47.45 48.53 50.33 51.66 54 56.9 58.52 59.64
-9999 -9999 -9999 -9999 -9999 -9999 -9999 -9999 62.85556 62.34694 66.53 69.39 72.87 69.06 72.1 74.64 74.51 70.67 75.65 79 77.49 69.09 59.52 52.24 52.23 56.62 50.97 45.84 43.16 45.93 49.03 53.62 44.79 42.82 40.57 37.98 39.71 40.02 39.22 36.33 35.15 34.74 33.31 31.55 31.01 29.73 29.46 29.72 30.8 31.29 31.61 33.21 34 33.97 34.15 34.15 34.89 33.62 34.04 34.33 34.7 35.28 36.6 38.37 39.73 41.22 40.25 40.38 42.11 43.53 44.37 45.86 47.44 48.81 50.29 52.21 54.03 55.19
-9999 -9999 -9999 -9999 -9999 -9999 -9999 -9999 59.32895 63.25 64.54 63.31 59.56 60.85 62.31 67.54 68.64 78.7 78.89 73.56 65.17 61.59 55.03 51.15 60.22 51.12 45.39 41.2 40.21 42.7 46.6 47.05 44.97 40.4 38.33 37.27 37.56 36.83 37.03 35.19 34.67 33.39 31.32 30.12 29.28 28.86 28.96 29.17 29.92 30.68 30.9 30.88 31.98 33.1 33.73 33.91 33.21 33.18 33.64 33.42 33.97 34.68 35.54 35.6 36.47 39.1 38.74 40.93 41.49 42.36 43.21 44.64 46.17 47.33 48.17 48.93 51.62 51.65
-9999 -9999 -9999 -9999 -9999 -9999 -9999 -9999 -9999 62.67 60.84 61.33 60.84 66.03 62.69 62.49 69.43 67.79 64.44 62.5 57.18 64.48 60.61 63.82 57.81 47.68 41.35 39.15 39.91 41.89 42.91 41.36 39.99 36.54 35.61 35.34 36.4 35.57 33.97 33.48 32.4 32.38 30.63 29.31 27.63 26.5 27.32 28.37 28.85 29.63 29.99 30.03 30.04 31.73 31.67 31.72 31.98 31.8 31.67 34.39 34.59 35 35.42 36.67 37.24 38.43 39.67 41.43 41.59 42.5 45 45.35 46.94 46.89 47.03 47.53 48.04 49.07
-9999 -9999 -9999 -9999 -9999 -9999 -9999 -9999 -9999 60.37 62.1 61.34 63.05 61.51 60.76 62.3 66.38 64.87 53.44 59.89 68.44 67.66 64.65 58.69 52.26 49.38 46.5 39.19 39.84 43.67 47.05 39.71 36.83 35.26 34.77 34.46 34.59 34.24 32.93 33.23 32.39 30.83 29.6 28.12 26.81 26.42 26.61 28.18 28.52 28.83 28.98 29.96 30 30.83 31 31.91 31.99 31.95 32.48 34.22 34.89 35.18 35.97 36.14 36.65 38.24 39.32 42.33 45.93 47.26 46.88 44.25 45.16 46.79 47.04 48.65 48.55 49.02
-9999 -9999 -9999 -9999 -9999 -9999 -9999 -9999 -9999 60.14141 60.55 60.08 59.86 60.05 61.51 59.73 64.41 60.96 54.3 61.83 76 61.75 61.01 57.32 50.22 43.02 41.05 40.21 41.27 39.08 40.81 37.51 36.32 38.32 38.4 36.87 34.52 32.41 33.25 33.55 32.82 30.47 29.77 28.86 28.12 28.43 28.35 28.23 28.73 29.34 29.72 29.75 30 29.97 30.34 31.6 31.3 32.01 32.56 33.36 33.16 33.62 34.27 35.79 36 37.13 37.55 40.96 44.72 43.81 43.39 44.16 45.53 46.4 49.32 51.66 52.57 54.23
-9999 -9999 -9999 -9999 -9999 -9999 -9999 -9999 -9999 60.29114 61.97 61.59 63.65 65.11 62.21 58.25 57.78 53.32 63.12 68.47 57.91 54.21 57.54 49.73 52.38 43.95 47.21 45.41 38.43 36.92 37.64 35.12 36.89 38.37 36.72 34.28 32.17 32.75 32.55 32.35 32.14 31.17 30.49 30.31 30.15 30.53 30.21 30.01 29.38 28.41 28.99 29 29.35 29.83 30.75 30.98 31 31.1 31.18 32.81 33 33 33.77 35.86 36 37.4 38.16 39.29 41.72 40.96 42.44 45.41 50.99 54.23 54.81 55.8 56.15 56.17
-9999 -9999 -9999 -9999 -9999 -9999 -9999 -9999 -9999 60.75472 60.88 60.67 60.49 61.16 58.84 58.32 53.61 63.24 66.4 64.21 49.18 51.21 51 44.45 44.22 44.97 48.86 46.64 36.94 37.06 38.61 36.88 37.35 36.41 35.85 34.51 34.14 34.64 32.63 31.32 31.44 31.11 31.59 31.92 30.76 30.05 30.66 31.59 31.18 29.92 29.87 29.99 30 30.52 30.9 31 31 31.02 31.67 32.6 32.99 33.44 34.01 34.87 35.29 36.98 37.91 39.26 41.32 42.35 43.13 50 61.27 61.83 58.36 56.37 58.89 55.26
-9999 -9999 -9999 -9999 -9999 -9999 -9999 -9999 -9999 -9999 59.54839 57.89 57.61 58.76 58.52 55.99 56.86 57.62 55.04 55.81 49.65 50.35 49.18 46.52 46.98 43.71 41.63 39.74 35.76 38.55 38.62 36.05 35.39 35.68 36.68 36.01 33.18 33.5 33.54 32.67 31.18 30.68 30.5 30.04 29.96 30.37 29.34 30.55 30.86 30.26 30.06 30.2 30.36 30.99 31 31 31.18 31.1 33.21 33.18 33.55 33.97 34.41 34.85 36.1 38.16 40.08 40.91 42.19 45.41 52.64 59.4 58.53 52.38 56.46 51.53 53.24 51.36
-9999 -9999 -9999 -9999 -9999 -9999 -9999 -9999 -9999 -9999 58.38095 58.98 56.31 56.27 56.42 59.23 68.33 64.26 71.38 67.43 57.69 58.86 54.97 54.19 52.82 49.87 44.28 42 36.73 36.39 34.81 34.65 33.89 35.51 36.02 35.86 34.77 33.03 32.83 32.68 32.27 31.42 30.6 30.12 29.75 30.11 30.11 30.5 31.26 31.03 30.74 30.85 30.98 31 31 31.16 31.95 31.66 33.76 33.97 34 34.27 34.07 35.83 37.77 39.55 42.28 50.97 52.44 52.85 44.21 44.62 52.52 48.48 44.23 46.55 48.73 44.26
-9999 -9999 -9999 -9999 -9999 -9999 -9999 -9999 -9999 -9999 56.54651 59.69 60.98 60.87 59.3 59.29 62.45 69.89 72.62 68.06 65.63 63.69 57.36 51.78 52.54 53.06 47.26 41.33 38 39.48 37.41 35.06 35.9 36.06 36.16 34.94 34.32 34.2 33.27 32.03 32.38 31.93 30.91 30.1 30.25 30.49 30.06 30.28 31.01 31 31 31 31.08 31.23 31.41 32.56 32.43 32.51 33.49 34.14 34.35 34.32 34.57 35.45 38.32 40.94 52.4 58.57 48.62 42.82 40.64 40.08 43.07 43.36 40.12 40.57 40.71 40.47
