layers/wordclim/future/Iberia_wcB2a_10_hadcm3_2080/bio_13.asc
ncols         166
nrows         93
xllcorner     -9.4959440078468
yllcorner     36.000324005443
cellsize      0.083333337679505
NODATA_value  -9999
[rows 0 to 33 of 93, columns 76 to 151 of 166]
-9999 -9999 -9999 -9999 -9999 -9999 -9999 -9999 -9999 -9999 -9999 -9999 -9999 -9999 -9999 -9999 -9999 -9999 -9999 -9999 -9999 -9999 -9999 -9999 -9999 -9999 -9999 -9999 -9999 -9999 -9999 -9999 -9999 -9999 -9999 -9999 -9999 -9999 -9999 -9999 -9999 -9999 -9999 -9999 -9999 -9999 -9999 -9999 -9999 -9999 -9999 -9999 -9999 -9999 -9999 -9999 -9999 -9999 -9999 -9999 -9999 -9999 -9999 -9999 -9999 -9999 -9999 -9999 -9999 -9999 -9999 -9999 -9999 -9999 -9999 -9999
-9999 -9999 -9999 -9999 -9999 -9999 -9999 -9999 -9999 -9999 -9999 -9999 -9999 -9999 -9999 -9999 -9999 -9999 -9999 -9999 -9999 -9999 -9999 -9999 -9999 -9999 -9999 -9999 -9999 -9999 -9999 -9999 -9999 -9999 -9999 -9999 -9999 -9999 -9999 -9999 -9999 -9999 -9999 -9999 -9999 -9999 -9999 -9999 -9999 -9999 -9999 -9999 -9999 -9999 -9999 -9999 -9999 -9999 -9999 -9999 -9999 -9999 -9999 -9999 -9999 -9999 -9999 -9999 -9999 -9999 -9999 -9999 -9999 -9999 -9999 -9999
-9999 -9999 -9999 -9999 -9999 -9999 -9999 -9999 -9999 -9999 -9999 -9999 -9999 -9999 -9999 -9999 -9999 -9999 -9999 -9999 -9999 -9999 -9999 -9999 -9999 -9999 -9999 -9999 -9999 -9999 -9999 -9999 -9999 -9999 -9999 -9999 -9999 -9999 -9999 -9999 -9999 -9999 -9999 -9999 -9999 -9999 -9999 -9999 -9999 -9999 -9999 -9999 -9999 -9999 -9999 -9999 -9999 -9999 -9999 -9999 -9999 -9999 -9999 -9999 -9999 -9999 -9999 -9999 -9999 -9999 -9999 -9999 -9999 -9999 -9999 -9999
-9999 -9999 -9999 -9999 -9999 -9999 -9999 -9999 -9999 -9999 -9999 -9999 -9999 -9999 -9999 -9999 -9999 -9999 -9999 -9999 -9999 -9999 -9999 -9999 -9999 -9999 -9999 -9999 -9999 -9999 -9999 -9999 -9999 -9999 -9999 -9999 -9999 -9999 -9999 -9999 -9999 -9999 -9999 -9999 -9999 -9999 -9999 -9999 -9999 -9999 -9999 -9999 -9999 -9999 -9999 -9999 -9999 -9999 -9999 -9999 -9999 -9999 -9999 -9999 -9999 -9999 -9999 -9999 -9999 -9999 -9999 -9999 -9999 -9999 -9999 -9999
-9999 -9999 213.7126 213.58 210.04 208.1977 206.141 203.6 -9999 -9999 -9999 -9999 -9999 -9999 -9999 -9999 -9999 -9999 -9999 -9999 -9999 -9999 -9999 -9999 -9999 -9999 -9999 -9999 -9999 -9999 -9999 -9999 -9999 -9999 -9999 -9999 -9999 -9999 -9999 -9999 -9999 -9999 -9999 -9999 -9999 -9999 -9999 -9999 -9999 -9999 -9999 -9999 -9999 -9999 -9999 -9999 -9999 -9999 -9999 -9999 -9999 -9999 -9999 -9999 -9999 -9999 -9999 -9999 -9999 -9999 -9999 -9999 -9999 -9999 -9999 -9999
195.23 198.7755 207.9192 206.47 204.12 200.35 198.98 197.71 197.4848 195.1644 194.05 196.4262 197.6885 201.2381 202.1146 206.59 212.07 208.3784 -9999 -9999 -9999 -9999 -9999 -9999 -9999 -9999 -9999 -9999 -9999 -9999 -9999 -9999 -9999 -9999 -9999 -9999 -9999 -9999 -9999 -9999 -9999 -9999 -9999 -9999 -9999 -9999 -9999 -9999 -9999 -9999 -9999 -9999 -9999 -9999 -9999 -9999 -9999 -9999 -9999 -9999 -9999 -9999 -9999 -9999 -9999 -9999 -9999 -9999 -9999 -9999 -9999 -9999 -9999 -9999 -9999 -9999
184.22 186.16 186.55 192.63 191.12 188.19 185.43 185.49 186.04 187.3 188.71 193.08 195.88 195.76 200.39 203.44 205.86 205.34 206.11 204 200.7 -9999 -9999 -9999 -9999 -9999 -9999 -9999 -9999 -9999 -9999 -9999 -9999 -9999 -9999 -9999 -9999 -9999 -9999 -9999 -9999 -9999 -9999 -9999 -9999 -9999 -9999 -9999 -9999 -9999 -9999 -9999 -9999 -9999 -9999 -9999 -9999 -9999 -9999 -9999 -9999 -9999 -9999 -9999 -9999 -9999 -9999 -9999 -9999 -9999 -9999 -9999 -9999 -9999 -9999 -9999
171.49 172.82 174.81 175 174.74 171.22 172.46 172.52 172.79 174.55 177.12 180.39 183.38 187.27 192.52 193.06 195.75 197.47 198.89 197.43 194.5342 -9999 -9999 -9999 -9999 -9999 -9999 -9999 -9999 -9999 -9999 -9999 -9999 -9999 -9999 -9999 -9999 -9999 -9999 -9999 -9999 -9999 -9999 -9999 -9999 -9999 -9999 -9999 -9999 -9999 -9999 -9999 -9999 -9999 -9999 -9999 -9999 -9999 -9999 -9999 -9999 -9999 -9999 -9999 -9999 -9999 -9999 -9999 -9999 -9999 -9999 -9999 -9999 -9999 -9999 -9999
155.16 159.05 159.58 156.81 158.03 157.15 157.21 157.82 158.96 161.03 163.03 165.88 170.6 176.39 180.55 183.19 186.89 188.34 187.51 183.53 181.35 -9999 174.8452 169.8036 -9999 -9999 -9999 -9999 -9999 -9999 -9999 -9999 -9999 -9999 -9999 -9999 -9999 -9999 -9999 -9999 -9999 -9999 -9999 -9999 -9999 -9999 -9999 -9999 -9999 -9999 -9999 -9999 -9999 -9999 -9999 -9999 -9999 -9999 -9999 -9999 -9999 -9999 -9999 -9999 -9999 -9999 -9999 -9999 -9999 -9999 -9999 -9999 -9999 -9999 -9999 -9999
142.35 144.09 144.69 144.16 145.61 145 145.24 147.17 149.46 154.74 154.42 155.63 159.54 164.78 168.88 174.11 179.49 183.3 183.84 179.47 176.43 172.12 167.32 164.43 161.03 157.4409 154.7213 153 157.4138 -9999 -9999 -9999 -9999 -9999 -9999 -9999 -9999 -9999 -9999 -9999 -9999 -9999 -9999 -9999 -9999 -9999 -9999 -9999 -9999 -9999 -9999 -9999 -9999 -9999 -9999 -9999 -9999 -9999 -9999 -9999 -9999 -9999 -9999 -9999 -9999 -9999 -9999 -9999 -9999 -9999 -9999 -9999 -9999 -9999 -9999 -9999
132.34 134.71 135.21 135.25 132.96 131.5 130.71 131.16 132.57 134.81 142.62 145.57 149.99 154.88 160.67 163.38 170.96 176.03 177.21 174.93 168.94 165.72 161.77 156.43 152.46 150.44 146.42 146.67 152.93 154.1842 -9999 -9999 -9999 -9999 -9999 -9999 -9999 -9999 -9999 -9999 -9999 -9999 -9999 -9999 -9999 -9999 -9999 -9999 -9999 -9999 -9999 -9999 -9999 -9999 -9999 -9999 -9999 -9999 -9999 -9999 -9999 -9999 -9999 -9999 -9999 -9999 -9999 -9999 -9999 -9999 -9999 -9999 -9999 -9999 -9999 -9999
124.83 122.6 123.05 121.42 120.86 121.63 122.39 125.45 125.45 132.14 135.7 135.92 138.51 146.74 148.74 152.64 159.96 167.98 173.69 168.1 164.68 159.1 153.4 149.27 143.76 140.33 136.49 137 140.6 143.22 154.5591 148.8508 155.8974 147.5795 162.2323 167.5373 -9999 -9999 -9999 -9999 -9999 -9999 -9999 -9999 -9999 -9999 116.77 130.07 144.8205 148.2909 -9999 -9999 -9999 -9999 -9999 -9999 -9999 -9999 -9999 -9999 -9999 -9999 -9999 -9999 -9999 -9999 -9999 -9999 -9999 -9999 -9999 -9999 -9999 -9999 -9999 -9999
115.71 111.9 110.87 109.68 110.12 109.14 109.39 115.35 112.67 112.83 115.93 120.3 122.89 124.87 130.81 139.97 146.91 152.83 156.82 154.12 151.77 149.07 143.3 139.47 135.9 131.66 126.91 124.36 122 120.94 128.1 133.21 155.28 144.44 129.56 156.75 144.75 -9999 -9999 -9999 141.8889 -9999 155.6111 -9999 -9999 -9999 126.1633 119.55 129.07 136.53 142.17 129.561 140.9365 139.8788 -9999 -9999 -9999 -9999 -9999 -9999 -9999 -9999 -9999 -9999 -9999 -9999 -9999 -9999 -9999 -9999 -9999 -9999 -9999 -9999 -9999 -9999
105.74 104.36 102.35 100.07 102.5 107.94 109.56 104.47 103.74 104.47 103.5 98.42 104.75 113.09 116.4 123.27 131.82 140.35 143.05 141.42 139.47 137.62 133.22 129.13 126.31 120.61 115.2 110.12 110.15 110.63 108.4 108.97 117.13 119.83 110.75 125.94 116.97 134.9 141.95 129.3 118.37 139.8 139.21 152.66 129.3 161.2 152.79 143.91 145.86 146.14 134.41 109.03 123.24 123.83 144.9897 -9999 -9999 -9999 -9999 -9999 -9999 -9999 -9999 -9999 -9999 -9999 -9999 -9999 -9999 -9999 -9999 -9999 -9999 -9999 -9999 -9999
97.49 94.76 92.57 91.28 88.36 86.08 84.01 80.84 80.11 79.96 78.57 80.05 88.07 95 103.17 109.98 116.26 124.83 129.04 130.48 129.51 125 121.79 118.35 115.98 113.47 111.95 104.75 99.05 100.82 97.71 99.83 95.41 91.95 103.81 112.92 104.87 108.68 104.87 92.36 102.36 131.47 126.95 114.28 129.83 135.43 127.08 129.32 136.5 148.26 144.54 109.81 96.89 109.09 130.12 -9999 -9999 -9999 -9999 -9999 -9999 -9999 -9999 -9999 -9999 -9999 -9999 -9999 -9999 -9999 -9999 -9999 -9999 -9999 -9999 -9999
90.47 89.87 87.25 85.83 82.49 77.66 76.01 70.33 64.37 60.62 59.71 67.24 76.24 83.71 91.24 99.3 104.53 111.28 113.19 116.91 117.04 114.69 114.08 112.55 110.52 106.42 106.74 103.42 94.71 91.81 88.36 88.65 84.42 82.15 92.5 98.25 100.94 86.03 86.31 76.92 92.87 103 104.14 105.03 114.61 107.71 103.51 112.76 133.96 129.69 125.94 99.93 105.47 115.07 116.59 -9999 -9999 138.6984 136.9895 126.427 101.463 95.23529 -9999 -9999 -9999 -9999 -9999 -9999 -9999 -9999 -9999 -9999 102.1429 105.0882 103.6792 -9999
94.22 94.52 89.28 85.79 76.9 76.88 84.89 73.93 68.61 63.31 64.28 64.86 69.91 74.72 81.82 89.02 93.15 97.58 100.8 102.21 103.08 102.02 101.86 102.1 100.18 98.18 97.41 95.18 87.39 82.68 85.89 83.73 82.06 84.72 83.71 87.71 90.91 91.06 78.98 70.74 71.21 78.17 87.5 95.29 103.19 106.77 99.16 99.56 100.13 95.87 98.07 90.21 114 100.98 82.63 77.75 91.33 96.33 93.47 92.35 95.61 109.9315 -9999 136.2375 137.03 125.84 118.1529 -9999 -9999 -9999 105.8723 103.15 100.78 100.16 100.13 100.5393
101.22 94.14 103.13 93.79 80.55 89.69 96.34 86.93 88.65 91.88 82.19 86.65 73.11 70.41 74.79 80.13 84.14 87.52 91.47 93.78 93.03 92.47 91.56 90.11 88.8 86.93 83.81 82.35 74.7 71.5 71.91 78.69 84.04 84.59 85.43 95.2 87.45 83.72 76.34 66.33 63.97 77.48 74.37 87.7 82.6 93.12 85.5 91.7 96.44 81.41 77.73 98.84 103.19 91.21 71.62 84.92 103.59 113.72 116.01 106.52 109.9 115.41 113.09 106.63 113.88 114.65 103.3 101.15 104.51 108.29 108.25 106.71 103.84 101.51 100.4 100.0112
108.34 106.54 110.08 96.4 92.68 96.51 86.37 93.8 87.39 96.95 84.99 82.15 74.61 70.65 73.7 73.76 76.31 79.17 82.25 83.28 83.37 83.57 82.35 80.62 77.32 75.82 74.22 71.46 66.28 61.34 58.52 55.4 54.82 55.35 60.03 58.04 59.35 66.02 65.54 66.92 60.4 68.11 62.97 69.21 77.58 81.67 74.63 84.42 74.87 66.26 82.35 99.1 87.31 73.86 77.51 95.69 106.93 109.46 106.61 102.89 87.72 99.73 97.09 93.18 92.01 100.88 103.21 100.93 105.25 107.73 109.27 109.19 107.57 105.5 103.1263 -9999
89.81 94.51 89.01 93.02 103.01 98.22 93.91 99.63 103.9 97.33 89.55 89.39 82.54 78.25 78.26 70.78 71.38 73.81 74.65 75.24 77.1 77.16 74.03 71.88 69.49 66.65 64.64 61.66 57.94 54.9 52.29 49.98 46.59 44.91 45.29 46.58 47.36 50.28 51.6 53.76 52.39 59.65 61.05 70.38 71.79 74.17 67.63 75.73 62.14 63.24 65.81 79.42 82.39 72.68 81.43 90.19 95.98 85.65 92.6 104.72 79.96 83.97 85.39 90.12 89.09 104.58 109.85 104.68 109.38 112.14 114.2 114.73 113.13 110.08 107.45 104.2985
96.23 100.88 103.05 110.07 106.91 107.81 107.67 106.43 99.33 92.47 95.36 89.59 84.19 73.45 68.42 68.26 68.78 68.28 68.76 69.35 69.98 71.78 70.16 65.02 63.96 63.68 61.34 57.12 51.84 49.79 46.66 45.02 42.76 42.22 42.54 44.25 44.63 46.58 46.88 46.97 47.3 60.5 64.9 67.56 62.26 66.83 74.38 77.14 64.67 78.04 73.62 72.22 68.52 65.43 69.27 72.62 75.32 78.41 81.82 77.08 73.18 76.81 78.93 85.66 88.99 92.7 103.14 112.03 112.48 116.07 118.58 119.94 118.03 115.15 110.75 106.4592
78.95 81.77 87.65 97.72 93.61 100.94 93.9 94.24 89.1 93.88 95.03 88.99 81.88 72.92 70.18 69.21 69.77 64.95 65.21 64.29 63.2 62.79 61.86 60.33 58.85 58.98 59.24 53.33 47.04 44.93 44.12 42.09 40.92 40.75 42.3 42.75 44.03 45.07 44.92 45.02 45.47 48.79 53.05 59.58 59.92 59.25 66.48 62.59 62.18 70.54 63.01 62.68 64.94 66.76 70.57 75.62 73.99 72.19 73.42 74.43 73.62 76.2 78.38 84.21 88.85 93.33 101.86 109.88 115.09 119.07 123.33 125.33 123.14 119.82 114.9 109.16
77.03 79.73 81.02 81.46 79.9 79.95 79.63 81.34 79.03 79.47 84.03 85.74 80.53 76.64 76.57 71.7 67.29 65.19 65.67 63.03 59.72 58.6 56.77 55.81 56.1 55.04 52.08 47.34 42.71 41.48 41.49 41.62 40.01 41 41.07 41.42 43.04 44.57 44.08 43.5 45.32 46.02 48.21 49.62 50.8 54.78 57.81 57.85 57.4 59.92 60.05 63.68 64.72 66.88 71.24 74.26 77.44 74.62 73.11 73.9 74.7 76.63 80.77 92.67 91.96 96.48 105.34 113.99 116.58 121.33 126.7 127.97 126.35 123.23 118.71 112.5753
73.78 74.47 76.94 77.6 78.48 79.14 79.53 76.32 75.45 76.63 78.33 78.97 77.49 77.28 77.3 92.72 85.4 66.64 63.07 59.52 57.78 56.09 54.12 51.86 49.84 47.65 45.65 41.36 38.53 38.72 39.24 41.23 41.41 41 41 42 42.53 43.08 43.03 44.06 44.91 45.35 45.26 45.41 48.11 48.33 49.78 51.92 54.89 57.69 60.79 63.14 66.64 69.12 71.65 73.79 78.29 79.42 77.19 75.21 76.84 78.75 83.98 91.56 97.18 104.76 119.15 121.03 118.1 123.71 127.4 128.64 127.68 124.9792 -9999 -9999
69.18 69.8 71.99 71.36 73.37 76.48 75.52 74.73 73.48 71.64 72.52 73.3 72.75 74.88 79.07 81.64 84.97 76.1 65.77 61.96 56.22 53.65 52.1 49.57 47.88 43.71 38.92 37.14 36.88 37.77 38.68 41.11 42 42.09 42.55 42.1 42.14 42.44 43.78 44 44.06 44.99 44.67 46.66 47.8 46.19 48.39 51.24 55.08 57.79 61.47 65.06 68.09 71.86 76.66 79.1 80.32 80.22 79.74 78.35 80.2 84.21 88.83 93.4 96.69 102.08 109.19 114.27 120.71 124.97 127.6633 128.7012 128.25 -9999 -9999 -9999
67.08 66.21 67.89 68.26 68.97 68.56 69.87 71.87 71.98 68.83 68.68 70.17 70.12 71.52 72.55 73.07 68.85 64.94 58.9 57.78 55.01 50.25 48.35 47.98 47.13 43.15 37.52 35.98 36.06 36.86 37.48 39.03 39.79 42.33 43.5 43.2 43.49 45.74 44.91 44.54 45.27 45.02 46.19 46.26 45.65 45.49 48.88 53.27 56.6 60.64 64.39 67.54 72.24 76.47 79.4 81.11 80.41 81.46 83.43 85.63 83.66 90.01 91.23 91.67 95.91 102 109.02 115.57 121.5354 126.1579 -9999 -9999 -9999 -9999 -9999 -9999
63.1 64.24 66.03 65.55 64.7 66.59 67.6 69.06 67.78 69.4 70.36 68.36 66.79 69.04 66.77 65.71 63.69 63.25 55.02 51.84 50.48 47.29 45.91 45.95 46.09 42.24 39.85 37.44 36 36.59 38.02 38.8 39.39 41.19 42.22 43.19 43.34 44.97 45.63 46.61 47.02 47.51 47.11 46.9 47.19 48.73 51.68 55.9 60.19 64.67 68.66 73.47 78.64 81.82 83.53 84.81 83.26 84.17 85.97 87.55 88.87 90.77 91.76 93.9 99.81 105.36 111.4574 -9999 -9999 -9999 -9999 -9999 -9999 -9999 -9999 -9999
66.15 65.69 65.63 64.89 65.45 65.52 64.93 64.36 65.99 68.71 68.32 62.71 62.82 62.64 62.03 59.25 56 56.87 57.13 48.77 47.65 45.58 43.8 43.87 43.04 41.32 42.07 39.62 36.97 36.77 38.01 38.89 40.55 41.42 42.55 43.39 45.1 45.77 47.16 47.49 48.11 49.93 48.65 50.12 51.28 53.71 58.07 62.92 67.11 69.95 74.62 77.69 79.7 83.26 85.77 88.82 89.72 89.66 89.8 92.31 94.42 96.3 97.99 100.48 105.7979 -9999 -9999 -9999 -9999 -9999 -9999 -9999 -9999 -9999 -9999 -9999
71.29 72.23 71.67 68.18 67.39 69.09 68.72 67.21 65.7 65.57 62.62 58.21 58.23 58.93 57.48 56.71 51.58 51.44 48.26 52.25 52.69 51.21 45.69 43.03 43.05 41.56 42.66 38.88 36.14 37.9 38.3 39.13 41.02 41.93 43.22 45.24 46.18 47 48.7 48.83 50.97 51.38 52.99 54.51 57.56 61.37 66.08 70.25 73.53 78.02 79.98 81.31 80.97 84.19 86.63 90.83 91.51 91.78 94.73 97.03 100.29 102.3 106.98 110.3723 -9999 -9999 -9999 -9999 -9999 -9999 -9999 -9999 -9999 -9999 -9999 -9999
76.26 75.12 72.14 70.72 69.5 68.61 68.94 68.3 67.88 64.6 59.05 56.45 54.61 53.48 52.1 52.24 50.74 48.8 47.53 49.99 52.39 51.95 49.16 44.93 44.1 43.37 41.81 39.17 36.9 38.23 38.94 40.81 41.71 42.66 43.74 45.74 46.79 48.71 49.71 51.79 53.37 55.41 56.36 58.72 59.88 63.69 68.78 75.66 79.99 84.44 87.98 85.24 83.89 85.83 87.93 91.27 93.24 96.65 99.8 102.24 104.6939 108.8272 114.8088 -9999 -9999 -9999 -9999 -9999 -9999 -9999 -9999 -9999 -9999 -9999 -9999 -9999
80.09 75.04 67.8 68.41 65.86 64.51 68.86 68.39 67.65 64.29 60.34 57.72 57.88 58.5 56.82 53.66 51.06 53.03 51.23 48.67 50.3 49.93 48.89 48.55 46.77 43.92 41.54 38.84 38.72 39.19 39.62 41.49 42.52 43.64 45.94 47.2 48.35 50.62 52.66 54.56 56.54 57.94 60.3 62.8 63.71 68.28 73.34 76.77 80.28 83.47 85.3 86.35 87 87.82 90.58 94.12245 96.79747 100.2121 -9999 -9999 -9999 -9999 -9999 -9999 -9999 -9999 -9999 -9999 -9999 -9999 -9999 -9999 -9999 -9999 -9999 -9999
74.42 71.19 68.69 66.87 63.84 63.27 66.98 67.43 67.32 67.66 67.87 67.91 66.7 63.04 60.13 58.13 55.55 55.45 55.15 52.54 47.18 48.15 47.6 49.39 48.59 44.76 42.4 40.18 40.41 42.46 42.34 42.62 43.88 45.05 47.41 48.81 51.63 53.82 55.54 57.32 59.82 62.98 66 69.31 71.01 74.44 78.87 81.92 84.82 88.71 91.84 91.49 89.60493 -9999 -9999 -9999 -9999 -9999 -9999 -9999 -9999 -9999 -9999 -9999 -9999 -9999 -9999 -9999 -9999 -9999 -9999 -9999 -9999 -9999 -9999 -9999
69.97 63.99 62.88 62.88 62.17 64.25 65.85 67.35 67.82 66.9 68.9 70.15 68.02 63.82 65.45 62.43 59.14 55.99 53.96 53.77 52.98 45.87 48.21 50.06 54.96 50.05 43.62 41.46 40.71 41.81 43.25 44.23 45.71 47.73 49.05 50.97 53.26 56.31 58.51 61.29 64.28 67.59 70.56 73.29 76.85 80.56 84.41 86.77 90.87 94.92958 -9999 -9999 -9999 -9999 -9999 -9999 -9999 -9999 -9999 -9999 -9999 -9999 -9999 -9999 -9999 -9999 -9999 -9999 -9999 -9999 -9999 -9999 -9999 -9999 -9999 -9999
63.04 61.44 59.05 60.18 61.16 64.29 66.27 66.18 65.56 65.76 65.44 66.47 67.35 66.74 64.22 60.86 57.61 55.74 54.35 50.3 49.22 48.33 44.75 47.57 53.77 54.29 48.41 44.81 42.53 41.6 44.04 45.74 47.71 49.59 51.45 53.14 56.2 58.81 61.51 63.83 67.25 70.6 74.42 78.71 82.25 86.09 90.61 92.7 95.12 -9999 -9999 -9999 -9999 -9999 -9999 -9999 -9999 -9999 -9999 -9999 -9999 -9999 -9999 -9999 -9999 -9999 -9999 -9999 -9999 -9999 -9999 -9999 -9999 -9999 -9999 -9999
