layers/wordclim/future/Iberia_wcB2a_10_hadcm3_2080/bio_07.asc
ncols         166
nrows         93
xllcorner     -9.4959440078468
yllcorner     36.000324005443
cellsize      0.083333337679505
NODATA_value  -9999
[rows 33 to 65 of 93, columns 73 to 145 of 166]
344.94 345.39 344.94 345.74 346.56 346.93 348.94 350.66 352.58 353.74 353.9 353.82 353.61 353.09 351.89 350.44 348.85 347.1 344.7 341.62 338.88 334.88 330.7 327.83 324.64 321.51 321.2 321.39 320.5 319.33 318.3 318.72 320.19 319.99 319.44 319.12 320.54 321.1 322.31 323.31 323.46 324.43 324.74 324.91 325.62 324.83 324.11 322.58 321.51 319.04 314.45 311.26 -9999 -9999 -9999 -9999 -9999 -9999 -9999 -9999 -9999 -9999 -9999 -9999 -9999 -9999 -9999 -9999 -9999 -9999 -9999 -9999 -9999
345.23 345.51 345.68 345.85 347.11 349.35 350.77 352.14 353.12 354.06 354.76 354.56 354.62 354.14 352.79 351.34 349.65 347.66 344.47 341.59 338.52 335.5 331.43 328.09 323.5 320.19 319.8 319.19 318.92 317.87 317.02 316.99 317.19 316.92 316.27 316.72 317.41 318.68 319.74 318.86 319.26 320.39 321.21 320.41 319.45 319.56 320.3 317.82 316.38 313.9091 -9999 -9999 -9999 -9999 -9999 -9999 -9999 -9999 -9999 -9999 -9999 -9999 -9999 -9999 -9999 -9999 -9999 -9999 -9999 -9999 -9999 -9999 -9999
347.26 346.33 345.76 345.2 347.61 350.79 352.47 352.83 353.47 354.63 355.34 355.8 355.54 354.97 354.1 351.6 349.78 347.66 345.43 342.58 339.76 337.03 331.94 327.28 323.3 321.2 322.63 321.13 319.45 318.1 317.13 316.42 315.74 315.24 314.63 314.25 314.9 315.84 316.42 317.1 315.84 316.69 316.4 315.67 313.21 315.7 315.77 313.21 311.05 308.0423 -9999 -9999 -9999 -9999 -9999 -9999 -9999 -9999 -9999 -9999 -9999 -9999 -9999 -9999 -9999 -9999 -9999 -9999 -9999 -9999 -9999 -9999 -9999
349.18 348.64 346.36 346.38 350.4 351.82 353.1 354.43 354.15 354.45 355.54 356.45 355.75 355.45 354.33 352.95 351.18 349.07 346.77 343.19 340.34 337.38 334.21 329.31 325.19 323.83 324.01 320.31 318.65 317.58 316.49 315.3 314.42 313.49 313.35 312.8 313.43 313.99 313.36 313.44 313.13 312.42 311.96 313.04 313.41 312.66 311.28 308.47 306.0206 303.6237 300.0698 299.1304 -9999 -9999 -9999 -9999 -9999 -9999 -9999 -9999 -9999 -9999 -9999 -9999 -9999 -9999 -9999 -9999 -9999 -9999 -9999 -9999 -9999
352.79 350.39 347.94 350.4 352.33 353.56 354.06 355.75 355.31 356.89 358.45 357.66 357.63 356.91 355.7 354.28 351.43 349.52 347.12 344.48 341.67 338.94 335.19 331.28 326.54 323.26 322.98 320.86 318.51 317.4 316.77 315.36 314.56 313.59 312.68 312.33 311.16 311.46 312.07 311.3 310.89 311.12 310.5 310.58 309.91 308.06 307.3 305.6383 -9999 -9999 -9999 -9999 -9999 -9999 -9999 -9999 -9999 -9999 -9999 -9999 -9999 -9999 -9999 -9999 -9999 -9999 -9999 -9999 -9999 -9999 -9999 -9999 -9999
356.79 353.68 352.73 353.52 353.8 355.81 357 357.64 357.71 359.98 359.54 360.24 360.1 359.87 358.35 356.71 353.49 350.32 347.18 344.57 341.98 339.34 336.86 333.3 328.76 323.68 322.32 320.57 318.15 317.45 317.63 314.86 313.99 313.07 312 311.28 310.15 309.94 309.8 308.83 308.89 308.79 307.38 306.37 305.51 303.41 302.62 -9999 -9999 -9999 -9999 -9999 -9999 -9999 -9999 -9999 -9999 -9999 -9999 -9999 -9999 -9999 -9999 -9999 -9999 -9999 -9999 -9999 -9999 -9999 -9999 -9999 -9999
360.36 356.96 356.14 356.1 356.87 357.3 358.36 358.68 359.5 359.64 359.76 360.85 360.28 361.18 360.35 358.58 355.14 352.26 349.58 346.93 343.4 340.88 337.95 334.33 330.26 326.56 324.13 322.28 319.65 320.04 318.98 317.2 315.15 314.52 312.78 310.72 310.31 308.84 308.25 308.21 306.93 305.67 303.18 302.46 301.51 298.82 298.72 -9999 -9999 -9999 -9999 -9999 -9999 -9999 -9999 -9999 -9999 -9999 -9999 -9999 -9999 -9999 -9999 -9999 -9999 -9999 -9999 -9999 -9999 -9999 -9999 -9999 -9999
361.8 359.64 359.47 359.25 359.64 359.38 359.5 360.71 360.6 362.5 363.74 362.12 363.72 363.64 362.36 360.94 357.15 353.41 350.31 347.52 344.9 342.62 339.2 335.11 331.66 327.45 323.57 320.48 319.56 319.74 317.84 316.61 315.66 315.48 313.51 311.19 310.17 309.09 306.7 306.5 302.85 301.67 299.54 299.2 297.74 295.6867 -9999 -9999 -9999 -9999 -9999 -9999 -9999 -9999 -9999 -9999 -9999 -9999 -9999 -9999 -9999 -9999 -9999 -9999 -9999 -9999 -9999 -9999 -9999 -9999 -9999 -9999 -9999
363.96 362.54 362.3 362.4 361.7 361.47 362.22 362.56 362.8 363.92 364.69 365.57 365.72 365.81 365.03 362.29 358.53 354.77 352.11 348.98 345.12 342.75 340.02 337.09 333.3 329.65 324.5 320.04 319.65 319.07 315.67 313.88 314.06 313.63 311.61 310.94 309.22 307.95 303.68 301.72 300.62 299.57 294.75 293.53 294.9024 -9999 -9999 -9999 -9999 -9999 -9999 -9999 -9999 -9999 -9999 -9999 -9999 -9999 -9999 -9999 -9999 -9999 -9999 -9999 -9999 -9999 -9999 -9999 -9999 -9999 -9999 -9999 -9999
366.21 365.1 365.13 364.78 363.21 363.77 365.2 365.06 365.43 366.53 366.98 366.57 367.64 368.28 365.87 366.26 360.72 356.76 353.7 349.97 346.3 343.13 340.34 337.4 333.35 329.64 324.88 322.44 322.21 319.63 314.84 312.22 311.48 310.92 309.76 308.12 306.45 305.31 298.42 294.29 294.85 293.12 292.35 288.8947 -9999 -9999 -9999 -9999 -9999 -9999 -9999 -9999 -9999 -9999 -9999 -9999 -9999 -9999 -9999 -9999 -9999 -9999 -9999 -9999 -9999 -9999 -9999 -9999 -9999 -9999 -9999 -9999 -9999
368.45 367.23 366.89 366.49 365.89 366.67 366.53 367.42 367.03 368.33 369.19 369.25 369.69 369.52 369.69 367.69 362.11 358.37 354.11 351.21 348.19 344.8 340.58 337.49 333.53 327.61 325.01 324.4 324.74 321.89 316.56 312.03 309.41 307.01 304.3 304.8 302.54 299.3 294.68 289.49 290.44 289.89 287.6818 -9999 -9999 -9999 -9999 -9999 -9999 -9999 -9999 -9999 -9999 -9999 -9999 -9999 -9999 -9999 -9999 -9999 -9999 -9999 -9999 -9999 -9999 -9999 -9999 -9999 -9999 -9999 -9999 -9999 -9999
370.31 370.1 370.17 369.46 369.7 369.83 369.39 370.3 370.16 371.18 371.25 371.82 371.03 372.06 371.38 370.72 365.29 360.62 358.03 353.44 349.81 346.31 342.76 339.64 335.66 328.86 326.28 325.64 324.73 321.46 316.61 313.07 310.06 307.54 302.87 299.11 294.87 289.87 285.76 284.58 285.43 284.5373 -9999 -9999 -9999 -9999 -9999 -9999 -9999 -9999 -9999 -9999 -9999 -9999 -9999 -9999 -9999 -9999 -9999 -9999 -9999 -9999 -9999 -9999 -9999 -9999 -9999 -9999 -9999 -9999 -9999 -9999 -9999
372.67 372.69 372.79 371.96 372.05 370.83 371.24 370.85 371.16 370.79 371.98 371.69 372.33 371.56 371.48 369.39 366.56 361.76 358.75 355.36 350.02 346.24 342.89 339.31 335.32 330.73 326.36 324.68 322.81 321.1 320.01 315.6 309.56 304.78 300.32 300.39 294.99 287.17 280.49 277.78 278.134 -9999 -9999 -9999 -9999 -9999 -9999 -9999 -9999 -9999 -9999 -9999 -9999 -9999 -9999 -9999 -9999 -9999 -9999 -9999 -9999 -9999 -9999 -9999 -9999 -9999 -9999 -9999 -9999 -9999 -9999 -9999 -9999
374.74 374.78 374.82 373.96 373.69 372.65 372.71 372.06 372.44 372.05 371.19 372.25 371.15 370.73 370.39 368.67 364.98 362.15 358.06 354.77 350.3 347.29 343.86 339.15 334.33 331.45 326.96 322.19 320.29 318.57 316.68 314.78 308.44 302.25 293.95 291.14 293.18 289.21 279.44 275.4647 -9999 -9999 -9999 -9999 -9999 -9999 -9999 -9999 -9999 -9999 -9999 -9999 -9999 -9999 -9999 -9999 -9999 -9999 -9999 -9999 -9999 -9999 -9999 -9999 -9999 -9999 -9999 -9999 -9999 -9999 -9999 -9999 -9999
376.58 376.54 375.38 375.02 374.33 374.5 373.22 373.55 372.62 372.39 371.55 372.51 370.96 368.9 368.85 367.13 365.22 361.53 358.25 354.6 349.81 345.93 342.4 338.32 335.49 332 327.3 320.7 317.86 315.08 312.76 307.85 304.95 301.05 297.73 288.42 282.7 280.47 274.17 -9999 -9999 -9999 -9999 -9999 -9999 -9999 -9999 -9999 -9999 -9999 -9999 -9999 -9999 -9999 -9999 -9999 -9999 -9999 -9999 -9999 -9999 -9999 -9999 -9999 -9999 -9999 -9999 -9999 -9999 -9999 -9999 -9999 -9999
378.59 378.21 376.83 376.72 375.64 375.45 374.63 374 373.69 371.9 372.16 371.76 370.85 368.06 366.37 366.35 363.71 360.99 357.26 353.38 349.55 344.95 340.49 337.51 335.82 330.92 327.15 322.07 315.84 308.66 304.72 300.03 293.77 289.17 288.36 291.5 281.84 274.5 272.9868 -9999 -9999 -9999 -9999 -9999 -9999 -9999 -9999 -9999 -9999 -9999 -9999 -9999 -9999 -9999 -9999 -9999 -9999 -9999 -9999 -9999 -9999 -9999 -9999 -9999 -9999 -9999 -9999 -9999 -9999 -9999 -9999 -9999 -9999
380.08 379.17 378.07 377.78 376.41 376.97 375.26 374.99 374.02 372.71 372.24 371.42 369.3 368.07 365.61 364.42 362.95 359.59 357.11 354.42 349.19 344.64 340.27 338.35 335 330.58 327.72 326.18 320.89 312.24 302.15 296.21 289.65 284.66 280.59 277.39 274.96 271.9893 -9999 -9999 -9999 -9999 -9999 -9999 -9999 -9999 -9999 -9999 -9999 -9999 -9999 -9999 -9999 -9999 -9999 -9999 -9999 -9999 -9999 -9999 -9999 -9999 -9999 -9999 -9999 -9999 -9999 -9999 -9999 -9999 -9999 -9999 -9999
381.46 379.89 379.2 378.65 377.51 377.31 376.03 374.55 374.25 372.97 371.5 370.39 369.67 367.28 366.79 364.1 361.51 358.14 355.78 352.44 349.08 345.96 341.14 337.71 333.84 329.87 325.26 322.68 319.18 316.28 312.72 300.76 290.62 284.46 279.22 275.03 270.13 -9999 -9999 -9999 -9999 -9999 -9999 -9999 -9999 -9999 -9999 -9999 -9999 -9999 -9999 -9999 -9999 -9999 -9999 -9999 -9999 -9999 -9999 -9999 -9999 -9999 -9999 -9999 -9999 -9999 -9999 -9999 -9999 -9999 -9999 -9999 -9999
382.52 380.6 380.33 379.25 378.18 376.39 375.95 374.75 374.18 372.67 372.3 371.49 369.28 367.29 366.57 363.25 360.22 358.26 354.74 351.96 349.08 344.79 338.55 336.42 332.51 328.03 323.68 320.85 319.47 315.45 311.77 303.15 292.42 286.29 279.95 274.44 269.34 -9999 -9999 -9999 -9999 -9999 -9999 -9999 -9999 -9999 -9999 -9999 -9999 -9999 -9999 -9999 -9999 -9999 -9999 -9999 -9999 -9999 -9999 -9999 -9999 -9999 -9999 -9999 -9999 -9999 -9999 -9999 -9999 -9999 -9999 -9999 -9999
383.5 381.78 381.09 379.7 378.24 376.46 376.19 374.69 374.99 373.33 371.68 370.67 368.58 366.72 365.44 362.43 359.77 357.56 354.21 351.36 348.37 344.29 339.89 333.68 330.14 326.27 323.01 320.77 317.54 314.08 308.57 299.77 293.08 287.62 283.61 277.23 273.86 -9999 -9999 -9999 -9999 -9999 -9999 -9999 -9999 -9999 -9999 -9999 -9999 -9999 -9999 -9999 -9999 -9999 -9999 -9999 -9999 -9999 -9999 -9999 -9999 -9999 -9999 -9999 -9999 -9999 -9999 -9999 -9999 -9999 -9999 -9999 -9999
384.59 382.67 381.56 379.93 379.07 376.85 377.15 375.74 375.1 373.75 371.75 370.38 368.35 365.87 364.87 362.18 358.99 356.89 353.38 350.75 347.9 343.82 341.02 337.99 333.58 328.82 322.94 319.42 317.02 314.28 307.94 304.94 301.01 290.04 285.43 280.1 277.3 275.8413 -9999 -9999 -9999 -9999 -9999 -9999 -9999 -9999 -9999 -9999 -9999 -9999 -9999 -9999 -9999 -9999 -9999 -9999 -9999 -9999 -9999 -9999 -9999 -9999 -9999 -9999 -9999 -9999 -9999 -9999 -9999 -9999 -9999 -9999 -9999
384.37 383.52 382.34 380.26 380.6 378.9 377.88 376.1 375.42 374.09 372.25 370.89 368.75 365.75 364.18 361.73 359.44 356.35 353.96 350.15 347.49 343.68 340.5 337.46 335.26 332.47 328.67 322.15 315.6 317.71 314.63 306.51 299.85 294.57 286.39 283.4 281.73 280.606 -9999 -9999 -9999 -9999 -9999 -9999 -9999 -9999 -9999 -9999 -9999 -9999 -9999 -9999 -9999 -9999 -9999 -9999 -9999 -9999 -9999 -9999 -9999 -9999 -9999 -9999 -9999 -9999 -9999 -9999 -9999 -9999 -9999 -9999 -9999
384.74 383.36 383.46 381.91 381.14 379.35 378.9 377.05 376.58 375 373.72 371.69 368.89 367.09 363.94 361.08 359.17 356 353.73 350.22 347.61 344.97 341.56 339.39 338 335.34 331.54 325.98 319.02 320.46 315.49 305.78 299.8 294.71 289.13 286.86 288.01 286.42 -9999 -9999 -9999 -9999 -9999 -9999 -9999 -9999 -9999 -9999 -9999 -9999 -9999 -9999 -9999 -9999 -9999 -9999 -9999 -9999 -9999 -9999 -9999 -9999 -9999 -9999 -9999 -9999 -9999 -9999 -9999 -9999 -9999 -9999 -9999
385.95 385.28 384.05 382.23 381.82 381.7 380.18 379.15 377.4 375.33 374.08 371.82 370.45 367.77 364.04 361.49 358.8 356.52 353.23 351.15 348.46 347.38 345.48 342.6 340.6 338.31 333.31 328.9 322.31 322.6 318 310.53 303.42 297.27 293.28 291.23 293.84 292.04 287.9012 -9999 -9999 -9999 -9999 -9999 -9999 -9999 -9999 -9999 -9999 -9999 -9999 -9999 -9999 -9999 -9999 -9999 -9999 -9999 -9999 -9999 -9999 -9999 -9999 -9999 -9999 -9999 -9999 -9999 -9999 -9999 -9999 -9999 -9999
386.31 385.54 385.06 383.63 383.41 382.56 380.16 379.15 377.41 376.9 374.6 373.46 370.98 367.93 365.32 361.48 359.26 356.4 354.31 351.94 351.56 349.14 346.97 343.8 341.04 337.6 333.17 329.47 325.71 324.97 320.31 314.29 308.17 301.66 298.36 296.32 296.75 296.61 291.4 289.9464 -9999 -9999 -9999 -9999 -9999 -9999 -9999 -9999 -9999 -9999 -9999 -9999 -9999 -9999 -9999 -9999 -9999 -9999 -9999 -9999 -9999 -9999 -9999 -9999 -9999 -9999 -9999 -9999 -9999 -9999 -9999 -9999 -9999
386.22 385.69 384.96 383.14 382.8 382.96 380.32 379.2 377.11 376.52 374.03 373.15 370.68 368.8 365.77 363.02 359.6 356.36 355.13 352.74 351.36 349.92 346.88 344.82 340.98 337.95 333.81 330.26 326.68 325.31 320.52 314.85 312.19 307.74 302.03 300.1 299.38 299.13 295.94 293.52 292.2836 -9999 -9999 -9999 -9999 -9999 -9999 -9999 -9999 -9999 -9999 -9999 -9999 -9999 -9999 -9999 -9999 -9999 -9999 -9999 -9999 -9999 -9999 -9999 -9999 -9999 -9999 -9999 -9999 -9999 -9999 -9999 -9999
386.18 385.9 384.99 382.79 382.03 382.37 380.13 378.62 377.88 376.08 374.85 372.42 370.89 368.74 367.2 364.25 361.32 358.81 356.39 354.62 351.95 350.14 347.15 344.65 340.99 337.71 335.43 333.72 330.94 324.88 320.51 319.42 315.88 311.9 310.25 307.77 302.62 303.97 301.21 297.26 295.19 293.04 292.6392 -9999 -9999 -9999 -9999 -9999 -9999 -9999 -9999 -9999 -9999 -9999 -9999 -9999 -9999 -9999 -9999 -9999 -9999 -9999 -9999 -9999 -9999 -9999 -9999 -9999 -9999 -9999 -9999 -9999 -9999
385.66 385.3 384.92 383.68 381.68 381.49 380.91 378.43 377.67 375.26 374.02 373.53 371.92 371 368.6 367.14 363.34 359.67 357.55 354.88 352.95 349.77 347.57 344.11 342.73 338.82 336.27 334.15 330.89 325.2 323.7 321.22 319.57 317.75 314.53 310.09 306.5 307.6 303.17 300.01 295.92 294.28 291.1446 -9999 -9999 -9999 -9999 -9999 -9999 -9999 -9999 -9999 -9999 -9999 -9999 -9999 -9999 -9999 -9999 -9999 -9999 -9999 -9999 -9999 -9999 -9999 -9999 -9999 -9999 -9999 -9999 -9999 -9999
385.36 385.2 385.07 384.04 381.53 380.58 380.5 378.48 376.44 373.57 373.87 374.23 373.54 370.24 369.18 366.16 363.46 360.05 356.69 354.18 351.01 349.1 346.23 344.41 342.87 340.5 337.82 334.75 331.46 327.24 323.25 322.64 321.54 317.53 317.25 313.79 310.28 306.44 304.29 296.91 294.4737 -9999 -9999 -9999 -9999 -9999 -9999 -9999 -9999 -9999 -9999 -9999 -9999 -9999 -9999 -9999 -9999 -9999 -9999 -9999 -9999 -9999 -9999 -9999 -9999 -9999 -9999 -9999 -9999 -9999 -9999 -9999 -9999
384.89 385.01 383.75 382.78 380 380.25 378.41 375.56 373.41 374.46 376.65 374.5 373.01 370.72 367.09 364.95 361.11 358.28 355.16 352.54 350.25 347.25 346.32 344.89 343.31 342.02 339.15 336.3 333.46 330.75 325.5 322.77 322.54 317.99 314.79 309.25 307.98 300.36 297.6111 294.8889 -9999 -9999 -9999 -9999 -9999 -9999 -9999 -9999 -9999 -9999 -9999 -9999 -9999 -9999 -9999 -9999 -9999 -9999 -9999 -9999 -9999 -9999 -9999 -9999 -9999 -9999 -9999 -9999 -9999 -9999 -9999 -9999 -9999
383.26 381.82 380.32 380.85 380.56 377.74 374.58 373.46 374.66 373.75 373.64 374.08 371.51 368.26 365.78 362.02 358.89 357.36 354.23 350.37 348.59 347.95 347.01 346.92 344.07 342.4 340.13 339.2 335.59 330.59 327.45 322.72 320.79 315.49 309.73 303.73 301.027 -9999 -9999 -9999 -9999 -9999 -9999 -9999 -9999 -9999 -9999 -9999 -9999 -9999 -9999 -9999 -9999 -9999 -9999 -9999 -9999 -9999 -9999 -9999 -9999 -9999 -9999 -9999 -9999 -9999 -9999 -9999 -9999 -9999 -9999 -9999 -9999
380.15 377.66 376.89 377.17 376.86 374.95 370.51 370.86 372.22 372.05 374.46 373.45 370.05 364.41 360.85 360.2 358.08 354.99 351.28 351.44 349.88 348.02 347.93 345.61 345.38 343.73 341.01 339.67 335.36 332.65 327.76 322.39 317.89 312.95 306.66 302.2949 -9999 -9999 -9999 -9999 -9999 -9999 -9999 -9999 -9999 -9999 -9999 -9999 -9999 -9999 -9999 -9999 -9999 -9999 -9999 -9999 -9999 -9999 -9999 -9999 -9999 -9999 -9999 -9999 -9999 -9999 -9999 -9999 -9999 -9999 -9999 -9999 -9999
373.44 373.64 375.68 375.04 372.19 368.05 373.7 376.84 371.63 375.8 376.48 372.07 369.15 366.09 365.49 364.33 362.89 358.71 355.72 350.54 348.61 349.01 346.95 346.28 345.86 344.43 343.71 340.87 336.42 333.2 329.05 322.65 316.23 311.04 305.6974 -9999 -9999 -9999 -9999 -9999 -9999 -9999 -9999 -9999 -9999 -9999 -9999 -9999 -9999 -9999 -9999 -9999 -9999 -9999 -9999 -9999 -9999 -9999 -9999 -9999 -9999 -9999 -9999 -9999 -9999 -9999 -9999 -9999 -9999 -9999 -9999 -9999 -9999
