layers/wordclim/future/Iberia_wcB2a_10_hadcm3_2080/bio_18.asc
ncols         166
nrows         93
xllcorner     -9.4959440078468
yllcorner     36.000324005443
cellsize      0.083333337679505
NODATA_value  -9999
[rows 0 to 34 of 93, columns 77 to 153 of 166]
-9999 -9999 -9999 -9999 -9999 -9999 -9999 -9999 -9999 -9999 -9999 -9999 -9999 -9999 -9999 -9999 -9999 -9999 -9999 -9999 -9999 -9999 -9999 -9999 -9999 -9999 -9999 -9999 -9999 -9999 -9999 -9999 -9999 -9999 -9999 -9999 -9999 -9999 -9999 -9999 -9999 -9999 -9999 -9999 -9999 -9999 -9999 -9999 -9999 -9999 -9999 -9999 -9999 -9999 -9999 -9999 -9999 -9999 -9999 -9999 -9999 -9999 -9999 -9999 -9999 -9999 -9999 -9999 -9999 -9999 -9999 -9999 -9999 -9999 -9999 -9999 -9999
-9999 -9999 -9999 -9999 -9999 -9999 -9999 -9999 -9999 -9999 -9999 -9999 -9999 -9999 -9999 -9999 -9999 -9999 -9999 -9999 -9999 -9999 -9999 -9999 -9999 -9999 -9999 -9999 -9999 -9999 -9999 -9999 -9999 -9999 -9999 -9999 -9999 -9999 -9999 -9999 -9999 -9999 -9999 -9999 -9999 -9999 -9999 -9999 -9999 -9999 -9999 -9999 -9999 -9999 -9999 -9999 -9999 -9999 -9999 -9999 -9999 -9999 -9999 -9999 -9999 -9999 -9999 -9999 -9999 -9999 -9999 -9999 -9999 -9999 -9999 -9999 -9999
-9999 -9999 -9999 -9999 -9999 -9999 -9999 -9999 -9999 -9999 -9999 -9999 -9999 -9999 -9999 -9999 -9999 -9999 -9999 -9999 -9999 -9999 -9999 -9999 -9999 -9999 -9999 -9999 -9999 -9999 -9999 -9999 -9999 -9999 -9999 -9999 -9999 -9999 -9999 -9999 -9999 -9999 -9999 -9999 -9999 -9999 -9999 -9999 -9999 -9999 -9999 -9999 -9999 -9999 -9999 -9999 -9999 -9999 -9999 -9999 -9999 -9999 -9999 -9999 -9999 -9999 -9999 -9999 -9999 -9999 -9999 -9999 -9999 -9999 -9999 -9999 -9999
-9999 -9999 -9999 -9999 -9999 -9999 -9999 -9999 -9999 -9999 -9999 -9999 -9999 -9999 -9999 -9999 -9999 -9999 -9999 -9999 -9999 -9999 -9999 -9999 -9999 -9999 -9999 -9999 -9999 -9999 -9999 -9999 -9999 -9999 -9999 -9999 -9999 -9999 -9999 -9999 -9999 -9999 -9999 -9999 -9999 -9999 -9999 -9999 -9999 -9999 -9999 -9999 -9999 -9999 -9999 -9999 -9999 -9999 -9999 -9999 -9999 -9999 -9999 -9999 -9999 -9999 -9999 -9999 -9999 -9999 -9999 -9999 -9999 -9999 -9999 -9999 -9999
-9999 163.1494 165.63 167.12 167.8605 169.641 169.4727 -9999 -9999 -9999 -9999 -9999 -9999 -9999 -9999 -9999 -9999 -9999 -9999 -9999 -9999 -9999 -9999 -9999 -9999 -9999 -9999 -9999 -9999 -9999 -9999 -9999 -9999 -9999 -9999 -9999 -9999 -9999 -9999 -9999 -9999 -9999 -9999 -9999 -9999 -9999 -9999 -9999 -9999 -9999 -9999 -9999 -9999 -9999 -9999 -9999 -9999 -9999 -9999 -9999 -9999 -9999 -9999 -9999 -9999 -9999 -9999 -9999 -9999 -9999 -9999 -9999 -9999 -9999 -9999 -9999 -9999
154.051 154.4848 157.17 157.67 159.19 162.33 165.62 166.1414 168.5069 168.9 171.8361 174.3934 177.0357 178.1563 182.07 183.5 182.2973 -9999 -9999 -9999 -9999 -9999 -9999 -9999 -9999 -9999 -9999 -9999 -9999 -9999 -9999 -9999 -9999 -9999 -9999 -9999 -9999 -9999 -9999 -9999 -9999 -9999 -9999 -9999 -9999 -9999 -9999 -9999 -9999 -9999 -9999 -9999 -9999 -9999 -9999 -9999 -9999 -9999 -9999 -9999 -9999 -9999 -9999 -9999 -9999 -9999 -9999 -9999 -9999 -9999 -9999 -9999 -9999 -9999 -9999 -9999 -9999
146.3 148.61 148.66 149.12 151.36 154.67 157.1 158.45 161.27 163.86 168.18 170.12 170.15 172.57 173.64 172.15 172.61 170.9 169.58 165.92 -9999 -9999 -9999 -9999 -9999 -9999 -9999 -9999 -9999 -9999 -9999 -9999 -9999 -9999 -9999 -9999 -9999 -9999 -9999 -9999 -9999 -9999 -9999 -9999 -9999 -9999 -9999 -9999 -9999 -9999 -9999 -9999 -9999 -9999 -9999 -9999 -9999 -9999 -9999 -9999 -9999 -9999 -9999 -9999 -9999 -9999 -9999 -9999 -9999 -9999 -9999 -9999 -9999 -9999 -9999 -9999 -9999
137.57 139.07 140.27 140.85 144.36 144.74 146.49 148.11 151.19 153.39 155.06 156.52 158.5 160.09 160.74 160.39 159.92 159.67 156.89 157.6164 -9999 -9999 -9999 -9999 -9999 -9999 -9999 -9999 -9999 -9999 -9999 -9999 -9999 -9999 -9999 -9999 -9999 -9999 -9999 -9999 -9999 -9999 -9999 -9999 -9999 -9999 -9999 -9999 -9999 -9999 -9999 -9999 -9999 -9999 -9999 -9999 -9999 -9999 -9999 -9999 -9999 -9999 -9999 -9999 -9999 -9999 -9999 -9999 -9999 -9999 -9999 -9999 -9999 -9999 -9999 -9999 -9999
128.86 130.17 134.73 140.15 136.44 137.93 135.59 136.26 139.57 140.57 141.29 144.78 149.08 148 150.36 149.86 149.88 149.62 151.06 150.5875 -9999 150.9762 149.875 -9999 -9999 -9999 -9999 -9999 -9999 -9999 -9999 -9999 -9999 -9999 -9999 -9999 -9999 -9999 -9999 -9999 -9999 -9999 -9999 -9999 -9999 -9999 -9999 -9999 -9999 -9999 -9999 -9999 -9999 -9999 -9999 -9999 -9999 -9999 -9999 -9999 -9999 -9999 -9999 -9999 -9999 -9999 -9999 -9999 -9999 -9999 -9999 -9999 -9999 -9999 -9999 -9999 -9999
123.48 123.67 123.81 125.97 124.33 125.36 128.74 130.48 136.04 133.85 132.32 135.24 140.39 139.69 138.51 137.91 136.81 136.84 138.4 139.39 141.36 141.35 140.38 141.47 145.2043 146.541 148.44 160.9483 -9999 -9999 -9999 -9999 -9999 -9999 -9999 -9999 -9999 -9999 -9999 -9999 -9999 -9999 -9999 -9999 -9999 -9999 -9999 -9999 -9999 -9999 -9999 -9999 -9999 -9999 -9999 -9999 -9999 -9999 -9999 -9999 -9999 -9999 -9999 -9999 -9999 -9999 -9999 -9999 -9999 -9999 -9999 -9999 -9999 -9999 -9999 -9999 -9999
115.88 117.05 117.2 113.99 113.19 114.15 115.39 116.99 118.81 124.69 124.87 126.93 128.43 133.12 127.55 124.35 124.46 126.11 127.63 129.28 130.05 130.67 135.58 130.65 135.16 135.91 141.48 154.95 159.9342 -9999 -9999 -9999 -9999 -9999 -9999 -9999 -9999 -9999 -9999 -9999 -9999 -9999 -9999 -9999 -9999 -9999 -9999 -9999 -9999 -9999 -9999 -9999 -9999 -9999 -9999 -9999 -9999 -9999 -9999 -9999 -9999 -9999 -9999 -9999 -9999 -9999 -9999 -9999 -9999 -9999 -9999 -9999 -9999 -9999 -9999 -9999 -9999
103.41 106.53 105.01 105.03 107.56 109.43 112.37 112.05 117.39 119.52 117.23 117.67 123.18 120.46 118.72 113.81 112.27 112.46 115.89 115.69 115.29 118.95 119.55 119.75 121.41 121.23 129.72 139.13 146.66 163.7957 159.8806 169.8077 163.5795 178.899 186.7463 -9999 -9999 -9999 -9999 -9999 -9999 -9999 -9999 -9999 -9999 153.41 167.54 182.0641 185.7455 -9999 -9999 -9999 -9999 -9999 -9999 -9999 -9999 -9999 -9999 -9999 -9999 -9999 -9999 -9999 -9999 -9999 -9999 -9999 -9999 -9999 -9999 -9999 -9999 -9999 -9999 -9999 -9999
93.83 94.61 95.25 97.41 97.72 99.32 104.85 102.31 102.37 103.44 104.56 104.52 101.96 101.46 103.81 103.62 106.92 107.42 110.9 110.47 106.95 104.63 108.84 111.59 114.27 111.58 114.56 116.34 119.17 132.4 141.29 168.64 157.92 144.68 175.31 165.0652 -9999 -9999 -9999 169.5139 -9999 184.2222 -9999 -9999 -9999 163.4286 159.26 168.71 176.22 180.32 172.1829 180.9682 180.3636 -9999 -9999 -9999 -9999 -9999 -9999 -9999 -9999 -9999 -9999 -9999 -9999 -9999 -9999 -9999 -9999 -9999 -9999 -9999 -9999 -9999 -9999 -9999 -9999
89.63 88.58 87.63 91.26 96.02 98.33 94.82 94.35 94.43 93.34 88.18 90.07 92.63 91.34 91.16 92.32 96.58 98.42 104.49 104.27 100.58 96.77 100.92 103.66 99.63 99 97.84 104.03 109.26 110.78 114.25 127.38 132.81 126.29 143.84 137.22 156.87 165.53 153.29 145.27 167.86 168.51 181.91 163.21 192.27 184.66 178.98 182.3 183.97 174.51 156.84 168.13 168.96 183.7835 -9999 -9999 -9999 -9999 -9999 -9999 -9999 -9999 -9999 -9999 -9999 -9999 -9999 -9999 -9999 -9999 -9999 -9999 -9999 -9999 -9999 -9999 -9999
81.74 80.81 80.42 78.81 78.69 78.84 77.81 77.88 77.96 76.99 76.58 79.03 80.18 81.94 82.14 83.48 86.16 88.91 93.32 90.9 88.15 88.44 88.37 93.59 96 100.49 95.67 93.42 100.2 99.6 106.1 104.14 103.25 118.31 130.85 123.53 129.39 127.4 116.64 128.85 159.15 156.73 146.82 163 169.36 163.27 167.22 173.68 184.4 181.96 157.68 150.16 158.76 172.86 -9999 -9999 -9999 -9999 -9999 -9999 -9999 -9999 -9999 -9999 -9999 -9999 -9999 -9999 -9999 -9999 -9999 -9999 -9999 -9999 -9999 -9999 -9999
77.99 76.54 76.45 74.57 72.38 72.71 70.1 66.74 65.25 65.09 67.81 70.7 72.67 74.05 75.67 75.54 78.2 78.49 82.39 83.2 82.33 87.05 89.65 91.63 92.23 97.75 98.02 90.56 92.39 92.21 96.76 94.44 94.88 107.75 115.93 120.21 107.55 109.61 101.37 119.13 131.68 134.91 138.65 148.65 144.96 142.68 153.5 171.65 169.24 166.8 150.03 155.33 162.41 163.46 -9999 -9999 176.5714 174.7368 167.7303 149.3519 143.6765 -9999 -9999 -9999 -9999 -9999 -9999 -9999 -9999 -9999 -9999 91.21429 96.26471 89.07547 -9999 -9999 -9999
82.21 78.24 76.06 69.56 70.82 77.93 71.61 68 64.6 64.95 64.55 64.31 65.01 66.96 69.47 68.94 70.15 71.08 72.03 73.35 73.07 75.39 80.9 83.24 86.26 89.12 90.26 85.87 84.34 91.25 91.26 92.93 98.23 99.47 105.15 110.99 112.85 102.53 94.97 97.29 106.04 118.56 127.4 137.82 143.24 138.87 141.76 145.13 143.99 146.98 142.87 159.21 152.09 140.99 136.14 146.1 148.9 145.22 142.7 143.01 150.5342 -9999 164.5 163.81 150.14 141.8118 -9999 -9999 -9999 111.5638 92.63 79.78 76 74.77 75.67416 -9999 -9999
81.45 89.77 82.66 72.41 79.85 85.07 78.6 79.85 81.94 74.45 77.35 65.79 61.4 61.75 62.81 64.07 64.15 65.81 67.19 67.26 67.57 68.21 70.76 72.51 74.68 76.06 78.08 73.65 73.89 78.47 88.42 96.48 99.08 102.44 113.73 107.75 105.06 99.77 90.42 89.43 105.23 103.32 118.99 115.93 129.63 124.66 133.36 140.89 130.35 130.18 147.73 151.3 144.38 128.61 140.8 152.77 158.57 158.09 149.09 150.3 150.93 147.63 141.54 143.12 140.35 132.12 124.77 120.76 118.61 109.79 93.64 81.93 74.46 71.33 72.21349 75.83871 -9999
91.44 95.12 84.14 81.04 84.35 76.76 82.57 77.85 85.49 75.72 72.85 66.06 61.72 61.43 58.9 58.69 59.17 60.33 60.4 60.33 62.2 62.57 62.6 62.05 64.07 66.73 68.32 65.63 64.71 65.16 65.53 68.23 71.64 77.51 77.04 79.6 88.12 88.83 91.86 85.81 95.33 90.82 99.86 110.41 117.43 112.06 126.47 118.36 112.14 132.06 146.69 139.63 127.37 131.25 145.6 151.84 152.7 148.98 145.61 135.03 139.44 137.05 134.15 132.04 133.66 130.01 118.71 115.18 105.51 98.5 90.11 82.43 76.57 72.7579 -9999 -9999 -9999
80.18 76.35 79.4 88.23 84.88 81.84 87.07 90.66 85.37 78.69 78.35 72.49 67.74 66.34 57.26 55.06 55.55 55.36 56.25 57.42 58.17 56.54 56.16 56.16 56.95 58.16 58.44 58.21 58.22 59.42 60.32 59.86 60.18 63.04 65.43 67.7 72.1 74 77.25 76.24 85.79 88.54 100.78 103.87 109.56 104.3 115.99 100.83 105.44 111.46 129.61 132.86 122.38 132.03 138.22 141.55 134.26 138.15 143.62 128.88 130.95 131.2 132.09 129.17 133.08 132.52 125.02 124.81 114.74 103.97 92.37 86.25 79.92 76.07 72.29851 -9999 -9999
84.86 86.92 93.49 91.35 92.73 92.38 91.86 85.95 79.95 82.16 77.63 72.85 63.28 57.8 56.12 54.58 52.55 51.75 51.56 52.43 55.68 55.03 51.63 52.57 55.79 57.21 55.9 53.55 54.38 54.62 55.83 55.31 56.1 59.1 61.05 62.19 64.99 66.82 67.81 69.39 86.48 92.77 96.84 93.04 99.67 109.54 113.92 101.52 120.33 119.07 117.29 111.85 106.14 113.78 119.99 122.5 125.42 127.99 123.96 118.31 123.63 125.82 128.88 127.23 126.02 129.61 128.39 122.11 114.36 109.34 95.35 87.43 81.92 76.41 73.7653 -9999 -9999
68 73.62 82.7 79.32 86.08 80.76 81.49 76.63 80.82 82.25 77.26 71.41 62.84 59.59 57.86 57.21 51.39 50.13 48.39 47.51 47.49 47.64 46.98 48.97 52.87 57.68 53.95 49.7 50.95 53.29 53.47 52.99 53.21 55.36 56.98 58.36 61.35 61.94 63.24 65.45 71.64 78.55 87.56 89.3 89.21 99.91 96.4 95.74 108.05 96.7 95.7 99.52 103.75 110.43 118.27 115.74 112.46 113.93 116.56 112.19 118.41 119.83 124.48 124.13 122.25 125.62 125.1 122.84 108.7 99.96 93.77 95.75 87.96 79.27 75.47 74.27084 -9999
65.29 67.67 67.63 67.12 67.18 68.19 71.39 69.41 69.4 73.06 74.6 70.16 66.95 66.68 61.3 55.92 52.74 53.51 50.19 46.34 44.4 43.96 43.96 47.93 50.48 50.31 48.72 46.75 48.91 51.66 53.64 52.11 51.6 51.66 53.83 55.71 60.09 59.17 58.9 61.66 64.65 68.42 72.37 74.79 80.41 84.52 84.91 83.63 86.52 85.86 91.35 91.45 95.37 104.08 110.02 114.35 109.53 104.16 107.9 104.98 108.4 115.11 123.52 121.23 122.01 125.01 124.78 122.41 111.61 97.43 92.96 91.49 92.1 84.97 77.94521 -9999 -9999
61.69 65.76 67.13 66.69 70.4 69.74 68.09 66.78 69.69 70.85 68.88 67.31 67.51 67.96 83.51 76.49 57.08 52.51 48.21 45.59 43.54 41.76 39.9 39.76 41.63 43.98 43.3 43.32 46.62 49.14 52.96 52.67 51.53 51.02 51.18 53.35 55.48 55.62 56.32 60.02 60.12 61.01 62.79 67.4 68.15 70.58 71.32 73.88 77.13 80.81 83.74 89.52 93.91 96.94 100.6 108.32 110.06 104.68 97.85 98.29 102.18 112.07 118.43 119.29 121.22 124.3 122.62 112.19 103.48 93.84 92.03 92.75 88.64584 -9999 -9999 -9999 -9999
63.62 65.67 65.16 63.71 69.5 69 70.82 69.5 63.14 67.18 66.43 64.1 70.8 74.66 75.75 78.45 68.99 58.91 54.25 46.87 43.34 41.34 38.62 37.24 37.05 38.49 40.43 41.98 45.15 48.27 51.56 53.55 54.12 52.66 51.11 51.31 52.85 54.06 54.72 56.1 56.46 57.38 61.96 64.84 62.74 64.04 66.44 69.89 72.9 76.35 80.41 85.16 90.93 98.79 102.66 102.81 102.49 98.95 92.09 93.22 103.85 109.72 112.35 110.9 111.36 112.66 106.15 101.05 98.91 90.55102 90.21839 88.26786 -9999 -9999 -9999 -9999 -9999
59.82 61.94 63.17 64.54 64.47 65.71 68.2 69.09 67.24 66.1 66.94 65.25 69.13 70.45 69.76 63.52 60.06 52.94 51.98 48.18 42.13 39.57 40.88 41.7 38.91 38.67 39.67 39.97 42.3 44.06 45.53 47.37 51.61 54.64 54.02 53.83 56.33 55.14 54.41 54.4 54.79 57.13 58.52 58.53 58.71 62.02 64.8 67.84 71.06 74.06 78.29 84.76 90.73 95.22 95.75 92.5 93.94 95.37 96.99 90.81 102.95 102.12 99.03 95.84 96.49 98.97 103.77 101.0505 97.18421 -9999 -9999 -9999 -9999 -9999 -9999 -9999 -9999
56.76 59.44 59.77 59.99 62.95 64.86 66.6 66.41 69.15 71.28 70.71 67.59 70.88 70.38 71.49 68.12 67.13 50.73 45.8 44.76 40.63 39.32 41 45.51 42.03 42.49 42.87 41.48 41.29 41.49 43.52 45.59 46.83 49.06 52.09 51.69 52.73 54.15 54.46 56.2 54.61 55.22 54.44 55.67 57.94 61.04 64.43 67.71 70.86 75.86 81.57 88.19 93.16 93.75 93.85 89.3 87.68 88.87 89.02 86.78 89.39 90.52 88.74 87.99 93.12 93.97872 -9999 -9999 -9999 -9999 -9999 -9999 -9999 -9999 -9999 -9999 -9999
57.93 58.61 58.9 60.57 61.57 62.02 62.92 65.44 68.93 69.99 66.09 67.62 68.99 69.54 67.32 59.34 60.46 63.1 51.19 45.39 41.03 40.09 43.28 43.43 44.87 47.49 49.17 47.21 44.21 43.26 42.33 43.55 46.16 48.55 50.09 50.65 51.29 51.62 52.04 54.02 56.48 52.78 53.94 56.69 59.57 63.66 68.05 71.19 73.56 78.52 80.07 81.65 87.03 89.3 93.29 92.21 88.31 84.31 83.93 84.73 84.03 85.32 87 85.59574 -9999 -9999 -9999 -9999 -9999 -9999 -9999 -9999 -9999 -9999 -9999 -9999 -9999
64.73 65.38 62.43 61.75 64.91 65.45 65.56 65.65 66.73 65.14 61.35 63.08 65.54 65.01 65.81 59.97 60.63 56.8 65.99 67.11 66.83 59.83 51.5 53.55 50.74 56.02 49.94 44.09 42.99 42.2 42.95 43.45 45.14 48.02 49.54 50.29 51.69 51.75 51.31 53.51 53.6 54.91 57.23 60.21 63.84 68.15 72.18 75.89 80.4 80 78.62 75.13 78.42 80.71 88.5 85.73 81.85 81.71 83.13 88.52 85.11 83.08 83.46809 -9999 -9999 -9999 -9999 -9999 -9999 -9999 -9999 -9999 -9999 -9999 -9999 -9999 -9999
67.97 65.66 64.21 64.44 64.65 65.44 66.49 67.73 65.52 61.02 59.93 59.57 59.82 59.59 61.38 60.86 60.07 59.64 65.42 71.29 72.44 69.59 64.14 65.12 63.79 63.46 55.69 50.32 48.12 45.71 45.17 44.32 43.8 45.31 46.39 47.55 48.08 48.56 50.74 53.67 54.96 55.27 56.73 56.17 59.76 65.5 74.81 79.28 83.98 88.27 79.5 72.56 74.18 76.69 79.42 78.69 79.02 81.35 80.94 84.57143 83.11111 81.44118 -9999 -9999 -9999 -9999 -9999 -9999 -9999 -9999 -9999 -9999 -9999 -9999 -9999 -9999 -9999
67.5 59.96 61.33 59.83 59.56 65.86 66.56 67.61 65.36 62.69 61.73 63.9 67.06 67.1 65.36 63.09 68.4 68.08 66.21 71.34 73.43 73.81 74.51 73.17 68.88 64.91 58.74 58.55 54.09 47.36 45.32 44.5 45.48 46.99 47.73 47.61 48.59 50.21 52.83 52.59 53.83 55.15 57.87 55.45 58.84 63.75 65.49 70.44 75.02 72.99 71.95 71.68 72.74 74.05 75.40816 76 77.39394 -9999 -9999 -9999 -9999 -9999 -9999 -9999 -9999 -9999 -9999 -9999 -9999 -9999 -9999 -9999 -9999 -9999 -9999 -9999 -9999
62.76 60.12 59.8 57.83 58.37 64.51 66.64 67.64 70.01 72.38 74.97 75.01 73.17 72.03 72.25 71.27 74.54 76.77 75.41 69.92 73.93 75.59 78.78 78.57 73.72 69.57 65.54 63.29 65.89 59.18 48.93 48.97 49.3 48.87 49.13 51.58 50.73 52.41 54.35 54.37 56.92 59.06 61.61 58.65 58.92 60.75 64.57 70.93 68.64 69.51 70.18 70.7037 -9999 -9999 -9999 -9999 -9999 -9999 -9999 -9999 -9999 -9999 -9999 -9999 -9999 -9999 -9999 -9999 -9999 -9999 -9999 -9999 -9999 -9999 -9999 -9999 -9999
53.21 53.06 54.42 55.13 59.09 62 65.81 68.31 69.59 74.12 78 78.05 75.47 80.21 79.49 78.13 76.78 77.74 79.19 80.55 72.94 78.89 82.52 88.95 82.67 74.27 69.67 67.49 62.99 60.16 55.53 53.3 53.01 51.27 50.98 51.97 54.21 56.05 56.23 57.51 59.62 60.02 61.18 60.01 60.31 63.66 68.2 68.91 68.3662 -9999 -9999 -9999 -9999 -9999 -9999 -9999 -9999 -9999 -9999 -9999 -9999 -9999 -9999 -9999 -9999 -9999 -9999 -9999 -9999 -9999 -9999 -9999 -9999 -9999 -9999 -9999 -9999
48.89 47.89 51.23 53.94 58.45 62.64 65.2 65.99 68.62 70.49 74.33 78.05 79.93 79.75 78.55 77.55 78.3 79.12 77.52 78.86 79.99 76.69 81.74 89.34 90.27 83.5 77.98 71.47 63.97 63.62 63.7 61.64 56.91 54.3 53.24 53.67 57.73 58.83 58.56 61.02 60.72 63.43 59.89 61.72 63.18 63.77 66.6 67.68 -9999 -9999 -9999 -9999 -9999 -9999 -9999 -9999 -9999 -9999 -9999 -9999 -9999 -9999 -9999 -9999 -9999 -9999 -9999 -9999 -9999 -9999 -9999 -9999 -9999 -9999 -9999 -9999 -9999
45.39 49.19 54.01 57.33 56.92 59.27 62.29 65.83 68.31 66.07 70.89 73.04 78.66 75.21 77.66 80.55 80.85 82.17 80.08 80.94 78.27 77.36 82.5 84.89 87.63 81.64 80.88 77.24 72.81 70.51 70.93 67.3 60.27 56.87 55.24 59.86 62.69 61.87 61.6 63.58 66.71 66.53 61.53 62.44 65.45 64.94949 -9999 -9999 -9999 -9999 -9999 -9999 -9999 -9999 -9999 -9999 -9999 -9999 -9999 -9999 -9999 -9999 -9999 -9999 -9999 -9999 -9999 -9999 -9999 -9999 -9999 -9999 -9999 -9999 -9999 -9999 -9999
