layers/wordclim/future/Iberia_wcB2a_10_hadcm3_2080/bio_02.asc
ncols         166
nrows         93
xllcorner     -9.4959440078468
yllcorner     36.000324005443
cellsize      0.083333337679505
NODATA_value  -9999
[rows 33 to 65 of 93, columns 0 to 73 of 166]
-9999 -9999 -9999 -9999 -9999 -9999 -9999 -9999 -9999 -9999 87.17442 90.68 93.95 96.33 98.86 100.52 100.3 95.24 92.57 95.56 96.07 96.52 101.66 106.68 102.29 99.85 105.01 110.51 111.96 110.74 111.03 113.03 112.26 112.73 113.88 115.34 116.72 117.52 119.34 121.1 122.46 123.86 125.9 127.47 128.86 130.33 131.07 131.37 130.65 130.14 129.96 128.93 128.1 127.63 126.69 125.65 124.59 123.39 121.94 120.73 119.47 118.24 116.74 115.43 114.43 115.36 118.63 119.69 117.95 116.6 116.33 116.53 117.69 118
-9999 -9999 -9999 -9999 -9999 -9999 -9999 -9999 -9999 -9999 85.03061 89.54 93.36 95.18 92.38 94.07 96.88 101.64 102.8 102.2 98.92 97.88 98.25 101.09 99.66 98.66 103.2 108.88 109.72 108.01 107.32 109.66 111.61 111.41 112.26 114.02 115.73 117.17 119.22 120.56 122.04 123.76 125.42 127.05 128.12 129.5 130.01 130.35 130.26 129.74 129.19 128.71 127.95 127.01 126.18 125.35 124.22 123.04 121.81 120.58 119.44 117.91 116.49 115.4 115.36 116.74 119.99 117.41 118.92 118.27 116.56 116.03 115.78 116.09
-9999 -9999 -9999 -9999 -9999 -9999 -9999 -9999 -9999 -9999 83.41573 88.15 92.82 93.14 96.48 96.57 98.7 103.66 104.13 102.57 100.99 100.63 100.78 99.79 99.6 97.51 102.34 106.09 106.11 107.55 106.75 106.84 109.08 110.74 111.39 112.68 114.65 116.47 118.31 119.97 121.42 123.01 124.48 125.83 126.66 127.41 128.32 129.52 129.44 129.1 128.92 128.01 127.25 126.52 125.82 124.88 123.78 122.66 121.53 120.34 119.43 118.19 117.28 117.48 119.76 120.04 120.7 119.72 117.12 115.87 115.81 115.56 115.81 116.63
-9999 -9999 -9999 -9999 -9999 -9999 -9999 -9999 -9999 77.37838 82.34782 87.69 92.58 96.01 96.6 99.57 99.5 102.68 101.94 101.76 103.59 103.69 103.52 101.84 101.3 102.28 103.16 103.22 102.32 103.46 104.91 105.08 107.27 108.95 111.27 111.63 113.33 115.78 117.21 118.95 120.43 122.08 123.23 124.04 125.2 126.99 128.13 128.47 128.72 128.41 127.63 127.22 126.28 125.71 125.03 124.08 123.17 122.65 121.6 120.42 120.16 119.26 119.3 118.93 118.06 116.31 116.01 115.3 115.6 116.26 115.98 116.06 116.58 116.8
-9999 -9999 -9999 -9999 -9999 -9999 -9999 -9999 -9999 77.31081 82.86598 88.06 92.94 96.63 97.79 95.55 94.65 102.37 103.65 104.04 104.23 102.93 101.17 102.4 104.38 102.63 101.28 94.89 97.29 100.71 101.55 103.45 105.34 108.38 110.89 112.62 113.38 114.38 116.01 117.43 118.71 119.99 122.13 124.13 125.33 126.3 127.26 127.41 127.29 126.89 126.1 125.75 124.82 124.62 124.39 124.08 123.51 122.71 121.77 121.05 120.55 120.41 119.85 120.24 117.67 116.13 116.43 116.17 115.43 115.74 116.16 116.97 117.8 117.85
-9999 -9999 -9999 -9999 -9999 -9999 -9999 -9999 -9999 79.55 84.63 89.6 94.26 97.95 97.9 93.95 102.69 104.23 104.77 104.18 104.26 104.06 104.21 101.04 91.01 87.46 91.35 92.48 95.22 97.93 100.63 101.47 104.28 107.85 109.76 111.66 112.83 112.57 113.65 114.05 117.4 119.53 121.88 123.81 124.11 124.97 126.2 126.25 126.04 125.71 125.82 125.01 123.72 124.57 124.81 124.17 123.27 122.96 122.12 121.21 120.45 119.59 118.98 118.81 117.51 116.9 116.11 115.93 115.15 115.91 116.38 117.95 120.08 120.25
-9999 -9999 -9999 -9999 -9999 -9999 -9999 -9999 79.12904 82.36 87.22 92.02 96.38 99.35 100.64 102.4 104.06 105.09 105.02 104.79 103.52 101.87 91.82 79.9 83.5 88.2 93.92 91.36 95.28 98.25 99.18 100.32 104.17 106.55 107.28 109.3 111.39 112.32 114.02 115.89 117.68 121.44 122.67 123.47 124.24 124.2 124.71 125.87 126.13 125.57 123.93 123.01 123.2 123.54 123.62 123.64 123.76 123.24 122.72 121.89 121.21 120.11 119.59 118.89 118.04 117.44 116.87 116.56 116.13 115.82 116.65 118.28 121.83 121.79
-9999 -9999 -9999 -9999 -9999 -9999 -9999 -9999 80.71429 84.86 89.94 94.93 98.98 100.87 103.43 105.2 105.53 105.42 104.49 102.58 100.97 90.55 77.12 79.95 92.79 99.44 100.28 95.1 94.28 96.64 96.92 99.18 101.28 104.19 106.45 108.34 108.56 111.59 113.96 118.14 120.03 121.34 121.42 122.74 122.03 120 121.5 124.84 124.83 123.25 122.65 123.21 123.31 124.32 124.17 124.21 124.29 123.72 123.23 122.58 121.6 121.02 120.39 119.68 118.93 118.23 117.72 117.38 116.84 116.54 117.38 119.24 121.3 122.26
-9999 -9999 -9999 -9999 -9999 -9999 -9999 -9999 82.28 87.08 92.18 97.28 101.65 102.92 104.53 105.99 105.82 105.12 103.86 100.37 97.37 91.91 81.48 82.72 98.74 101.76 100.07 98.8 96.22 94.38 95.39 96.24 99.87 103.31 104.43 108.46 111.4 114.56 116.34 118.44 120.48 120.87 121.74 121.82 119.1 118.14 121.72 123.05 122.67 122.19 121.4 122.44 123.52 125.07 124.55 124.24 124.72 124.65 123.75 123.08 122.47 121.91 121.24 120.73 119.96 119.5 119.12 118.55 118.45 118.36 118.88 119.99 121.8 122.91
-9999 -9999 -9999 -9999 -9999 -9999 -9999 79.9726 83.54 88.02 92.85 97.75 102.7 104.82 105.61 105.25 104.94 102.69 96.94 90.39 87.65 95.9 98.38 99.5 100.52 100.12 101.38 101.27 100.31 99.37 103.73 105.62 101.94 107.32 110.57 112.61 114.67 115.12 117.45 118.71 120.33 121.42 120.55 118.77 121.56 120.92 118.9 120.09 121.31 125.07 124.22 125.25 126.65 126.71 126.03 125.98 125.81 125 124.39 123.92 123.45 122.84 122.35 121.48 120.96 120.46 120.16 119.86 119.64 119.8 120.37 121.32 122.49 123.73
-9999 -9999 -9999 -9999 -9999 -9999 -9999 -9999 83.72727 88.56 93.29 98.08 102.75 104.82 105.43 100.62 96.95 94.67 94.55 91.68 93.48 98.66 97.32 96.4 97.91 100.36 103.49 103.47 103.56 105.27 107.49 107.77 107.95 110.81 113.23 114.03 114.81 115.76 117.53 118.88 120 120.51 120.26 121.21 120.9 123.45 124.55 125.23 126.14 126.99 127 127 127 127 126.92 126.4 125.95 125.45 125.19 124.71 124.3 123.51 122.96 122.5 122.11 121.74 121.41 121.39 121.47 121.8 122.12 122.88 123.63 124.7
-9999 -9999 -9999 -9999 -9999 -9999 -9999 80.22667 84.14 88.67 92.86 96.51 99.44 102.21 95.03 91.15 94.85 97.32 97.16 98.33 99.74 94.76 97.92 95.25 101.08 103.46 103.79 104.86 104.36 104.13 105.75 109.42 110.74 112.92 113.89 114.11 115.54 116.77 117.98 119 120.05 120.51 121.56 122.33 123.3 124.69 125.66 126 126.51 126.68 127 127.04 127.13 127 127 126.99 126.78 126.29 125.75 125.22 124.82 124.48 124.06 123.58 123.3 122.85 122.67 122.62 123.05 123.29 123.45 124.33 124.87 125.47
-9999 -9999 -9999 -9999 -9999 -9999 -9999 79.59 83.74 87.88 92 94.19 97.72 98.97 95.95 97.7 100.11 98.74 96.03 95.53 95.31 97.58 102.55 101.75 102.37 103.97 104.54 105.88 106.18 106.9 108.48 110.03 110.05 112.75 113.37 114.68 115.86 117.12 117.91 118.69 119.33 120.59 122.19 123.14 124 124.9 125.52 126.01 126.54 127 127.15 127.22 127.48 127.68 127.31 127.01 127.07 126.82 126.42 126.06 126 125.57 125.21 124.74 124.57 124.38 124.29 124.06 124.44 124.81 125.33 126.1 126.78 127.19
-9999 -9999 -9999 -9999 -9999 -9999 75.93651 79.09 83.13 87.04 90.88 93.26 96.34 97.27 98.42 100 98.68 96.05 94.79 92.09 97.52 101.82 103.22 102.59 102.92 104.34 107.04 107.57 108.21 107.83 108.94 110.46 111.7 112.51 113.61 114.67 115.18 116.42 116.75 117.58 119.28 121 122.23 123.02 124.04 124.88 125.57 126 126.75 127.01 127.38 127.74 127.97 127.89 127.9 127.97 127.91 127.4 127.15 127.05 126.72 126.44 126.1 126.03 125.58 125.49 125.48 125.64 125.9 126.15 126.83 127.37 128 128.44
-9999 -9999 -9999 -9999 -9999 -9999 74.77551 78.66 82.52 86.05 89.04 92 95.11 96.15 98.16 99.14 99.68 98.82 96.17 95.89 100.4 102.23 102.3 102.46 104.54 106.66 107.13 107.69 107.75 108.96 109.87 110.79 111.75 113.16 113.96 114.4 114.93 115.79 117.28 118.56 119.68 121.17 122.02 123.03 123.84 124.64 125.29 126.05 126.93 127.09 127.77 128 128.05 128.17 128.38 128.53 128.29 128.27 128.3 128.14 127.9 127.67 127.71 127.64 127.43 127.37 127.63 127.82 127.84 127.95 128.1 128.38 129.13 129.48
-9999 -9999 -9999 -9999 -9999 71.30357 74.09 78.08 81.71 85 88.09 91.12 94.16 95.82 96.43 98.32 98.26 99.02 98.76 100.28 102.05 102.19 103.33 104.46 105.07 105.15 106.15 107.67 107.95 109.29 110.91 111.8 112.05 112.57 113.5 115 116.36 116.94 117.33 118.28 119.41 120.7 121.73 122.72 123.34 124.21 125.14 126.07 126.69 127.35 127.92 128.24 128.72 128.94 129.06 129.03 129.1 129.3 129.42 129.34 129.32 129.06 129.28 129.39 129.22 129.36 129.51 129.49 129.62 129.77 129.92 130.14 130.14 130.65
-9999 -9999 -9999 -9999 -9999 70.48781 73.5 77.41 80.84 83.57 86.83 90.11 93.01 95.05 96.28 97.71 97.86 97.87 98.72 100.64 102.06 103.32 104.17 103.88 104.44 105.29 106.86 107.02 109.33 110.2 110.88 111.71 112.23 112.58 113.23 114.53 115.67 116.69 117.52 118.66 119.72 121.14 122 123.03 123.81 124.65 125.49 126.04 126.75 126.85 127.98 128.72 129 129.47 129.24 129.43 129.93 129.99 130.33 130.49 130.49 130.64 130.66 130.69 130.83 130.91 131.06 131.29 131.12 131.27 131.46 131.39 131.47 131.79
-9999 -9999 -9999 -9999 -9999 69.78788 73.4 77.1 80.27 83.09 85.6 89.44 92.12 94.23 95.81 96.92 98.15 98.92 99.96 100.53 101.93 102.09 102.49 102.87 104.42 104.8 106.1 106.15 107.86 110.32 112.28 113.01 113.39 114.07 114.31 114.94 115.76 116.69 117.39 118.82 119.92 121.24 122.2 123.11 124.14 124.7 126.04 126.66 126.66 127.04 127.65 128.85 129.65 129.94 129.98 130.27 130.36 130.71 130.63 131.23 131.34 131.8 132 132.2 132.19 132.52 132.53 132.64 132.73 132.62 132.6 132.54 132.54 132.4
-9999 -9999 -9999 62.40476 65.54 69.63 73.49 77.19 80.24 83.1 86.12 89.04 91.56 93.39 95.59 97.17 98.47 99.83 99.77 100.25 100.53 101.33 101.83 102.05 101.66 103.5 105.47 106.87 107.64 109.73 112.55 113.81 115.09 115.61 115.79 116.13 116.28 116.53 117.6 118.7 120.34 121.33 122.39 123.17 124.43 124.91 125.91 126.59 126.8 127.18 128.63 129.35 129.96 130.25 130.64 130.95 131.24 131.63 131.91 132.15 132.61 132.92 133.05 133.36 133.47 133.4 133.66 133.89 134.2 134.33 134.04 133.66 133.65 133.33
-9999 -9999 58.23438 61.60465 66.07 69.99 73.7 76.92 80.25 83.04 86 88.75 91.11 92.55 94.64 96.15 97.49 98.29 98.97 99.82 100.86 101.69 101.69 101.68 99.53 98.86 102.05 105.15 108.09 110.4 112.28 113.57 115.37 115.18 116.14 117.06 117.54 117.56 118.57 119.32 120.52 121.69 122.68 123.68 124.69 125.34 126.04 127 127.68 128.52 129.46 129.91 130.28 130.74 131.08 131.12 131.81 132.26 132.73 133.02 133.34 133.53 133.95 134.36 134.75 135.02 134.96 135.42 135.66 135.46 135.41 135.02 134.62 134.28
-9999 -9999 59.27 62.88 67.02 70.72 74.15 77.4 80.57 83.15 86.26 88.54 90.74 92.38 94.33 95.76 96.96 98.43 99.23 100.33 101.72 102.42 102.99 103.37 102.03 99.15 101.31 107.41 111.87 113.44 114.89 116.54 117.18 116.84 117.49 117.75 117.86 118.93 119.27 119.97 120.94 122.04 123.12 124.49 125.71 126.41 127.08 127.54 128.37 129.14 129.79 130.1 130.63 131.11 131.59 132.09 132.33 132.75 133.1 133.87 134.12 134.58 135.1 135.51 136.2 136.46 136.91 137.03 136.75 136.65 136.57 135.91 135.3 135.06
-9999 -9999 61.17 64.6 68.4 72.47 75.01 78.11 80.98 83.65 86.54 88.51 90.67 92.3 94.44 95.64 96.91 98.66 99.2 100.57 102.23 103.02 102.94 104.3 105.5 105.97 107.18 110.16 114.3 116.43 116.86 118.54 118.7 118.76 118.78 118.82 119.12 119.51 120.14 121.17 121.19 122.83 124.23 125.21 126.09 126.73 127.46 128.1 129.01 129.25 129.99 130.52 131.02 131.43 132.02 132.5 132.83 133.14 133.73 134.26 134.95 135.45 135.95 136.4 137.25 137.64 138.14 138.3 138 137.14 136.85 136.1 135.92 135.57
-9999 61.4375 63.45 67.11 70.77 73.61 76.27 79.27 81.85 84.38947 86.81 88.92 90.73 92.56 94.36 95.78 97.16 98.27 99.42 101.03 102.21 103.56 104.29 104.96 106.85 108.79 111.49 113.68 116.98 119.1 119.82 120.19 120.11 120.13 119.98 120.38 120.87 120.8 121.14 121.96 123.11 124.16 124.94 125.79 126.79 127.04 127.97 128.35 129.19 129.84 130.32 130.91 131.57 131.99 132.42 132.98 133.5 133.9 134.44 134.98 135.66 136.19 136.69 137.14 138.05 138.84 139.28 139.22 138.44 138.13 137.36 136.98 136.16 136
-9999 63.81 66.4 69.94 72.86 75.55 77.51064 80.38889 82.90804 85.09 87.34 89.53 90.86 93.14 94.67 96 97.59 98.64 99.77 101.31 102.45 103.83 105.19 107.16 108.49 110.47 113.26 116.42 119.08 120.99 121.5 121.58 121.5 121.41 121.41 121.75 121.84 122.25 122.58 122.99 124.01 124.85 125.72 126.22 126.95 127.62 128.05 128.96 129.81 130.22 130.78 131.2 132 132.09 132.98 133.21 133.9 134.15 134.86 135.34 135.83 136.76 137.03 137.59 138.82 139.17 140.19 140.1 139.27 138.63 138 137.28 136.94 136.04
-9999 66.71429 69.63 72.57 75.24 77.48454 79.70886 81.86 84.01 86.26 88.12 90.24 91.51 93.53 95.18 96.34 97.82 99.28 100.29 100.95 102.45 103.57 105.19 106.99 108.97 110.91 112.76 116.03 119.54 121.68 122 122.01 122 121.96 122.03 122.1 122.57 122.91 123.47 123.71 124.73 125.32 126.02 126.94 127.31 128.02 128.76 129.38 129.97 130.42 131 131.71 132.12 132.9 132.98 133.3 134 134.3 135.01 135.53 135.92 136.67 137.33 137.92 138.92 139.56 140.56 140.58 139.62 138.92 138.11 137.74 136.98 136.46
-9999 69.28 72.18 75.04 77.45 79.05 81.35802 83.21 85.18 87.43 89.12 90.61 92.4 94.1 95.66 96.42 97.63 99.12 100.31 101.42 102.79 104.1 104.71 106.49 108.93 111.37 112.6 115.81 119.29 120.93 121.89 122 122 122.04 122.01 122.84 122.94 123.3 123.83 124.54 125.05 125.88 126.17 126.96 127.47 128.36 129.01 129.86 130.15 130.86 131.45 131.97 132.02 132.77 133 133.51 134.03 134.98 135.15 135.93 136.01 136.76 137.53 138 138.24 139.05 139.89 139.76 139.42 138.34 137.96 137.84 137.32 136.05
69.33334 71.63 74.81 77.47 79.8617 -9999 -9999 84.74 86.42 88.42 90.07 91.42 93.09 94.5 95.77 96.89 97.99 98.92 100.06 101.13 102.79 104.23 105.98 107.13 108.52 112.18 114.55 116.79 118.86 120.05 120.89 121.81 121.93 122 122.03 122.86 123 123.47 124.04 124.22 125.38 125.95 126.15 127.11 127.81 128.75 129.19 130.02 130.42 131.28 131.55 132.07 132.28 132.75 133.45 133.81 134.03 134.46 135.03 135.21 135.95 136.37 137.03 137.56 137.94 138.71 138.87 138.78 138.42 137.93 137.17 137.01 136.31 136.01
70.52 73.08451 76 79.27273 81 83.125 84.26966 85.91 87.54 89.32 90.87 92.22 94.01 95.31 96.48 97.21 98.32 98.77 99.88 101.17 102.85 104.88 106.13 108 110.27 112.16 115.06 116.7 118.15 119.43 120.03 120.91 121.18 121.7 122 122.83 123 123.87 124.01 124.99 125.4 125.93 126.51 127.45 128.19 128.74 129.33 130.15 130.78 131.4 131.93 132.04 132.9 133 133.25 133.55 133.81 134.2 134.37 135.01 135.6 136.02 136.51 137 137.54 137.87 137.91 137.87 137.24 136.9 136.9 136.27 136.07 135.88
-9999 -9999 -9999 80.35135 82.07792 83.94048 85.32 86.91 88.36 90.01 91.71 92.97 94.79 96.12 97.15 97.98 99.02 99.51 100.3 101.8 103.9 105.93 107.73 109.18 111.27 112.87 114.51 116.25 117.27 118.07 118.64 119.62 120.2 120.98 121.38 122.15 122.95 122.99 123.98 124.82 125.52 125.98 126.94 127.63 128.41 129.01 129.63 130.19 130.99 131.84 131.99 132.58 132.81 133 133.55 133.41 134 134.05 134.24 135 135.17 135.93 135.9 136.23 136.63 136.63 136.48 136.19 136.4 135.74 135.81 135.43 135.36 135
-9999 -9999 -9999 -9999 82.67 84.57 86.27273 87.72941 89.0989 90.74725 92.48 93.9 95.67 97.02 98.35 99.17 100.18 100.98 102.13 103.18 105.21 107.04 108.59 109.86 111.48 113.11 114.42 115.63 116.6 117.21 117.61 118.13 118.43 119.63 120.28 121.76 122.04 122.88 123.74 124.64 125.71 126 126.94 127.8 128.9 128.99 129.69 130.54 130.91 131.58 132 132.46 133 133 133.18 133.11 133.4 133.62 133.91 134.32 134.76 135 134.99 135.38 135.07 135.01 135.44 135.08 134.66 135.05 135.11 134.82 134.87 134.89
-9999 -9999 -9999 -9999 83.07407 85.04285 -9999 88.35294 -9999 91.3718 92.99 94.76 96.3 97.77 99.43 100.58 101.98 103.02 104.09 105.32 106.82 108.19 109.38 110.68 111.84 113.09 114.16 114.99 115.81 116.57 116.88 117.43 117.51 118.2 119.05 120.42 121.79 122.3 123.4 124.33 125.37 126.21 127.06 127.69 128.83 129.17 129.98 130.66 131.01 131.58 132 132.45 133 133 133.05 133.22 133.48 133.26 133.5 133.62 133.96 134.36 134.45 134.49 134.42 133.6 133.04 133.89 134.56 134.91 135.29 134.29 134.05 133.93
-9999 -9999 -9999 -9999 -9999 -9999 -9999 -9999 90.57143 92.03061 93.67368 95.23 97.11 98.76 100.33 101.95 103.48 105 106.32 107 108.49 109.49 110.57 111.42 112 112.84 113.71 114.09 114.92 115.31 116.02 116.91 117.25 118.81 119.59 120.44 120.73 121.97 122.88 123.9 124.99 126.19 126.97 127.98 128.98 129.19 130.09 130.61 131.01 131.72 132 132 132.97 132.95 133 133 133 133.05 133 133.06 133.01 132.95 132.47 132.68 132.91 132.88 131.09 132.4 132.31 132.6 133.52 132.77 132.78 132.09
-9999 -9999 -9999 -9999 -9999 -9999 -9999 -9999 -9999 92.45 94.33 95.75 97.73 99.45 101.09 102.95 105.07 106.84 108.19 109.59 110.42 110.78 111.61 111.96 112.01 112.14 112.97 113.21 114.11 114.74 115.16 116.06 116.85 117.82 118.81 119.78 120.64 121.73 122.43 123.55 124.69 125.6 126.86 127.64 128.45 129.05 129.99 130.68 130.95 131.69 131.95 132 132.1 132.16 132.91 132.58 132.65 132.53 132.21 132.16 132.35 132.18 131.81 130.82 131.23 130.72 129.46 129.67 129.91 129.38 129.69 129.92 128.93 128.87
