layers/wordclim/future/Iberia_wcB2a_10_hadcm3_2080/bio_09.asc
ncols         166
nrows         93
xllcorner     -9.4959440078468
yllcorner     36.000324005443
cellsize      0.083333337679505
NODATA_value  -9999
[rows 33 to 65 of 93, columns 0 to 72 of 166]
-9999 -9999 -9999 -9999 -9999 -9999 -9999 -9999 -9999 -9999 209.5116 209.45 211.34 213.84 217.13 219.61 217.07 206.79 201.57 208.14 210.77 212.59 222.81 233.67 227.29 223.87 234.65 249.46 254.94 249.14 250.24 254.24 248.14 247.23 247.51 248.29 247.8 246.71 247.56 248.91 248.49 249.08 252.03 252.7 253.25 253.73 253.88 252.29 251.72 250.67 251.34 252.03 252.43 253.13 253.9 253.66 255.05 256.36 255.49 254.61 254.04 255.88 257.51 258.03 253.58 246.9 222.94 213.08 232.88 246.58 251.93 254.14 248.1
-9999 -9999 -9999 -9999 -9999 -9999 -9999 -9999 -9999 -9999 209.449 210.3 211.26 210.37 202.08 205.68 211.22 222.51 223.89 223.37 218.88 217.98 220.48 226.67 226.29 225.69 235.21 248.49 251.37 245.32 243.24 247.64 250.99 246.99 246.36 247.22 248.84 249.58 250.96 251.36 251.28 251.52 252.59 252.28 252.11 252.39 251.19 250.95 252.11 252.1 251.07 251.29 250.07 250.68 252.24 253.54 255.52 255.93 254.8 252.23 251.37 253.58 255.08 254.3 248.23 239.42 211.71 237.34 228.71 236.55 252.47 260.56 265.44
-9999 -9999 -9999 -9999 -9999 -9999 -9999 -9999 -9999 -9999 209.5506 212.25 213.57 206.1 214.04 212.95 217.57 229.67 230.22 227.84 226.14 226.54 228.83 228.75 230.04 227.93 237.86 245.84 245.97 250.23 245.47 243.98 247.47 249.31 247.44 246.83 248.12 250.96 251.82 251.58 252.32 250.81 251 249.96 248.73 247.54 248.35 253.04 251.87 252.21 252.35 250.76 248.81 247.06 248.29 252.03 250.69 253.22 251.42 249.34 247.21 248.57 249.4 241.99 221.02 219.51 210.13 221.53 246.45 260.45 264.52 271.39 269.57
-9999 -9999 -9999 -9999 -9999 -9999 -9999 -9999 -9999 204.2973 209.4783 213.73 216.88 218.8 215.13 220.9 221.36 228.67 228.17 229.3 234.4 236.78 237.94 236.52 237.24 240.88 243.45 243.24 241.5 243.33 245.32 242.92 246.39 248.25 250.46 246.98 248.72 251.58 251.34 250.94 250.67 251.32 248.81 246.3 245.66 250.44 254.14 253.43 252.18 250.7 249.38 246.64 241.43 242.02 240.07 239.89 240.79 245.9 244.35 243.91 236.07 237.89 234.3 233.44 239.55 250.95 253.11 260.41 263.33 260.6 270.87 276.94 272.43
-9999 -9999 -9999 -9999 -9999 -9999 -9999 -9999 -9999 204.9054 209.6082 215.63 220.2 221.23 218.99 213.2 212.69 229.36 234.43 237.43 239.19 238.47 236.61 242.06 247.38 245.22 243.21 231.59 235.95 240.55 241.39 242.98 245.08 250.46 253.94 254.37 252.58 249.38 249.03 247.83 246.18 244.56 247.71 250.87 251.73 252.42 252.86 251.83 249.24 245.32 240.94 238.58 232.55 232.67 235.17 239.34 244.86 246.57 242.6 238.38 234.93 232.22 234.82 230.69 251.41 264.64 259.75 262.37 273.07 275.44 279.34 281.11 275.24
-9999 -9999 -9999 -9999 -9999 -9999 -9999 -9999 -9999 207.09 211.36 217.7 222.89 225.4 219.39 211.01 232.06 236.18 239.92 240.14 242.77 244.19 246.94 242.64 224.43 220.82 228.45 231 234.9 238.9 242.6 241.21 246.05 251.81 253.19 255.35 254.56 246.15 240.89 232.96 242.92 246.42 253.51 255.66 252.11 250.47 252.9 249.85 244.76 244.43 243.5 235.2 225.36 236.06 241.1 240.05 235.82 235.89 239.9 250.12 246.73 254.29 254.62 251.56 264.45 269.2 274.57 277.02 280.32 277.73 281.22 282.41 279.04
-9999 -9999 -9999 -9999 -9999 -9999 -9999 -9999 207.1935 210.16 214.29 219.61 225.41 226.02 225.39 230.56 236.13 240.31 242.24 244.4 243.6 241.78 224.99 203.89 213.98 224.99 235.93 231.24 237.28 242.11 242.25 241.11 248.4 250.81 248.13 250.3 251.92 248.28 247.39 249.24 251.34 266.29 266.36 259.49 259.03 249.98 249.48 251.35 250.87 244.93 232.11 221.02 220.01 223.37 221.51 229.09 243.49 252.48 260.32 261.25 267.08 272.66 268.62 269.47 275.79 280.17 282.47 278.62 281.92 280.4 281.5 287.03 285.39
-9999 -9999 -9999 -9999 -9999 -9999 -9999 -9999 209.5275 213.01 217.1 221.83 227.65 226.92 231.43 238.2 240.84 242.29 243.04 241.45 240.01 221.97 186.4 203.6 233.69 247.05 249.32 240.53 237.8 240.7 238.89 240.7 243.13 245.5 247.64 248.5 240.94 248.16 251.97 266.6 273.22 271.25 262.75 259.56 247.62 225.73 231.83 249.37 244.86 228.5 223.27 223.47 223.3 233.58 235.6 244.01 250.02 246.15 242.66 250.21 273.42 277.84 279.57 282.9 287.51 284.48 284.45 281.42 281.57 286.29 284.85 286.78 286.27
-9999 -9999 -9999 -9999 -9999 -9999 -9999 -9999 211.23 215.12 219.12 225.51 230.74 229.81 233.66 240.57 241.52 242.53 243.25 238.87 235.46 226.49 200.98 208.54 247.64 253.95 251.42 249.48 243.77 236.65 235.88 232.78 239.88 244.32 242.22 251.56 256.93 265.28 269.34 274.41 280.65 273.5 269.16 261.92 229.13 215.08 234.76 240.01 230.94 221.38 210.63 217.09 226.57 246.05 241 243.12 265.37 279.3 274.96 271.04 273.05 277.98 286.14 291.34 288.06 285.58 286.9 284.47 283.72 287.31 288.82 290.16 285.89
-9999 -9999 -9999 -9999 -9999 -9999 -9999 208.0685 212.91 218.66 223.47 229.19 233.7 233.69 236.94 238.48 241.59 239.35 230.52 220.45 217.59 236.4 244.45 249.35 253.21 253.02 256.67 256.34 253.81 251.18 259.33 262.77 246.73 260.57 267.71 272.09 275.17 271.36 278.46 283.33 286.97 285.54 266.6 240.6 256.09 240.18 215.53 218.03 222.41 253.19 241.05 248.63 270.06 282.11 276.4 289.72 286.48 283.04 277.86 275.75 285.23 292.23 293.08 289.75 286.94 287.25 289.62 285.72 287.45 287.88 289.68 290.14 287.65
-9999 -9999 -9999 -9999 -9999 -9999 -9999 -9999 216.1136 220.53 225.2 230.49 231.8 234.82 239.03 231.53 227.08 225.2 227.61 224.56 231.89 244.34 244.26 244.87 249.9 256.07 263.71 263.63 263.05 266.57 270.44 270.23 268.79 275.54 279.87 280.08 277.75 277.51 284.44 286.44 286.58 281.66 265.18 265.92 252.43 267.45 270.36 274.16 281.25 294.05 295.71 293.06 291.48 288.73 287.99 286.15 277.61 273.81 287.96 292.72 294.89 293.86 291.28 289.18 289.51 291.75 289.98 290.13 291.21 288.14 292.47 291.4 286.23
-9999 -9999 -9999 -9999 -9999 -9999 -9999 212.84 216.01 221.44 226.55 226.19 227.83 233.19 221.17 214.82 224.67 232.7 234.83 240.48 246.84 238.31 247.54 244.43 258.93 266.48 267.06 268.09 266.01 264.84 267.9 276.44 279.8 285.94 285.26 283.64 285.05 288.51 294.13 294.97 287.95 283.81 281.59 280.11 281.82 290.21 293.37 297.31 297.2 297.18 297.27 299.62 294.66 294.15 292.35 288.97 291.47 295.32 296.23 295.66 295.57 294.65 293.03 292.44 294.21 295.65 293.33 295.56 292.7 293.89 295.07 292.37 290.85
-9999 -9999 -9999 -9999 -9999 -9999 -9999 213.48 216.36 221.23 226.09 222.62 228.46 230.7 225.09 230.32 237.77 238.25 234.46 236.49 238.6 246.58 260.94 261.87 264.66 268.79 269.83 273.07 273.27 273.65 276.61 280.17 278.93 285.48 286.12 288.67 291.68 295 295.92 291.9 288.66 291.88 294.6 300.37 299.6 297.36 297.58 301.46 305.15 303.2 298.12 299.95 297.03 295.4 294.3 296.81 296.98 297.26 297.45 295.03 292.49 293.1 294.95 297.03 298.32 296.92 297.31 299.22 298.15 295.54 290.36 286.46 283.95
-9999 -9999 -9999 -9999 -9999 -9999 211.8095 215.77 217.06 220.22 225.5 225.24 230.19 230.72 234.06 238.43 237.41 234.34 233.31 229.92 245.91 258.84 265.68 265.9 267.02 270.94 279.03 279.23 278.67 275.75 280.06 283.08 284.12 283.24 286.51 288.57 289.63 291.01 288.75 282.15 288.44 294.64 299.04 304 298.21 298.72 298.66 297.42 301.44 302.98 301.71 298.22 304.37 296.74 298.59 296.66 292.39 294.57 296.58 298.66 298.45 297.89 298.01 299.81 298.39 297.95 298.71 298.48 297.02 294.9 290.9 287.37 285.79
-9999 -9999 -9999 -9999 -9999 -9999 211.0408 215.87 218.55 219.51 221.15 226.01 232.57 232.67 237.65 240.67 243.21 242.95 238.83 240.67 254.45 261.4 264.7 266.93 273.47 278.59 279.49 281.36 277.41 281.4 283.79 284.47 284.87 287.49 291.05 290.5 288.14 286.36 290.53 294.8 295.26 295.68 295.94 298.16 299.36 301.66 298.37 297.43 302.39 301.4 301.22 300.5 306.64 301.63 297.83 295.69 291.88 292.45 293.7 293.52 294.42 298.77 296.08 292.47 292.12 290.43 289.6 291.27 293 292.85 292.94 291.48 288.72
-9999 -9999 -9999 -9999 -9999 207.25 209.67 214.23 218.64 218.95 222.74 229.55 235.27 236.67 236.54 242.7 242.78 245.82 247.1 253.67 261.11 263.42 268.65 272.54 273.89 274.63 276.4 280.4 279.81 282.12 285.26 285.14 282.58 282.38 287.08 292.63 294.89 293.81 293.5 291.36 293 297.95 294.79 295.09 290.48 288.86 290.1 294.47 292.55 288.29 290.68 293.88 294.04 292.91 286.67 288.93 287.39 287.85 286.31 288.64 288.71 291.33 289.59 286.59 289.37 286.63 287 288.02 288.72 288.96 289.91 289.71 289.85
-9999 -9999 -9999 -9999 -9999 208.0244 212.25 213.64 214.89 212.71 222.83 229.6 235.87 240.43 240.27 244.44 244.7 245.15 249.21 256.95 262.96 266.99 271.04 271.83 272.39 275.65 278.88 277.27 281.15 282.46 283.91 282.62 281.14 282.51 282.33 290.04 292.02 293.17 295.66 296.2 296.92 300.76 300.24 296.84 297.18 294.59 291.45 285.64 285.08 277.1 283.26 284.45 291.83 293.06 279.3 279.59 277.4 278.97 278.45 280.41 281.2 287.16 287.16 283.79 282.94 284.69 284.31 285.74 287.72 287.96 289.74 289.25 289.08
-9999 -9999 -9999 -9999 -9999 208.6869 211.83 207.55 208.53 214.21 220.13 233.67 238.71 242.41 243.05 245.1 248.42 251.32 255.22 258.09 263.27 264.29 267.51 268.97 272.9 273.68 275.75 274.52 276.33 279.97 286.34 284.79 286.25 288.36 289.21 290.01 289.93 294.53 293.88 298.99 301.56 300.92 300.54 298.83 297.79 295.02 294.73 290.91 275.4 275.53 272.26 283.72 284.07 293.2 290.25 283.21 280.52 279.37 269.83 281.6 272.34 275.83 277.3 278.83 278.76 279.68 282.49 287.92 289.07 289.52 289.87 290.07 289.73
-9999 -9999 -9999 202.9524 206.93 209.17 209.05 209.66 215.42 224.49 230.97 236.45 241.01 243.22 247.03 250.84 253.63 256.89 256.8 258.84 259.92 262.54 265.08 266.55 266.2 269.66 272.05 274.49 274.11 275.51 283.11 286.5 287.27 290.86 292.07 290.76 288.08 288.4 293.27 295.27 300.17 300.68 300.32 296.83 295.05 280.7 288.85 290.3 277.55 271.75 286.78 294.32 296.58 295.18 300.07 299.75 299.66 290.99 286.54 288.49 284.33 286.3 288.19 289.19 278.7 272.63 276.87 283.26 287.06 286.98 289.56 290.49 290.64
-9999 -9999 198.5313 203.6279 206.87 209.92 212.09 219.41 223.61 227.75 234.26 238.84 241.23 240.87 244.34 247.97 251.83 252.89 254.77 258.27 261.17 262.92 264.16 264.99 260.73 258.16 262.44 267.08 271.65 274.2 276.46 280.02 284.62 282.64 287.61 289.47 292.36 290.05 291.96 293.04 297.08 297.82 297.59 298.13 298.07 286.84 285.63 289.02 292.33 295.15 297.01 304.79 300.29 305.44 306.9 305.57 302.28 296.21 292.29 286.3 284.12 281.99 289.27 285.99 283.21 282.98 279.58 283.32 286.48 284.7 282.51 288.37 291.89
-9999 -9999 198.6 202.93 207.82 211.83 216.72 222.81 226.32 230.82 236.17 239.72 240.07 242.06 244.37 246.91 250.43 254.05 256.98 259.36 263.09 264.68 266.25 267.13 264.63 255.78 258.73 269.25 277.38 278.85 280.58 284.65 284.79 283.7 286.7 288.12 290.82 292.12 291.53 289.97 293.97 297.75 296.69 301.08 305.16 302.25 306.88 306.37 306.81 302.8 301.48 309.37 309.28 309.91 302.1 305.34 304.71 297.63 296.23 293.51 292.75 295.9 296.13 291.95 285.06 285.7 288.1 287.01 283.42 284.31 280.41 289.48 293.4
-9999 -9999 201.67 205.45 209.57 208.72 219.27 223.86 228.58 233.76 237.52 238.68 241.05 243.53 246.06 247.76 251.68 255.94 256.72 259.48 263.65 265.14 264.75 267.24 269.17 268.61 268.71 272.76 279 280.23 279.19 284.12 284.42 285.51 286.66 285.81 290.57 290.1 292.69 293.37 289.71 295.66 304.69 305.48 307.91 308.13 309.83 309.29 311.35 310.32 307.65 308.77 310.57 309.92 305.28 299.62 303.52 302.08 304.16 295.26 290.57 293.75 298.1 296.63 289.57 289.03 291.57 294.04 293.69 290.03 292.95 296.02 295.67
-9999 202.0313 204.87 207.53 209.19 215.87 223.03 226.32 232.09 236.2316 237.89 239.91 241.75 243.82 246.34 248.87 253.49 254.58 256.86 260.85 263.18 264.91 266.45 266.19 268.36 271.24 273.68 274.99 278.55 281.14 281.97 285.05 285.87 287.91 288.81 290.94 295.46 296.26 295.31 297.67 301.11 305.94 307.29 308.89 310.73 310.71 311.47 312.43 312.55 312.08 310.63 311.09 307.81 307 306.73 303.83 298.93 303.5 304.2 296.05 292.92 293.05 294.56 296.79 292.78 291.45 294.85 296.46 296.96 297.55 296.96 296.42 295.95
-9999 202.57 206.46 208.57 211.33 217.67 226.9787 230.9556 234.8965 236.86 238.36 240.73 242.53 245.71 248.36 250.5 253.48 254.82 257.16 259.83 262.42 264.6 266.66 269.07 269.84 270.63 273.59 277.7 278.39 280.9 287.49 288.17 290.63 292.17 293.16 295.08 296.94 299.34 299.52 299.96 302.5 307.31 308.45 309.93 311.09 311.7 312.06 308.94 308.6 313.07 311.64 310.28 311.33 309.2 308.14 305.67 303.09 301.91 304.66 304.82 304.18 293.12 295.29 303.11 294.24 297.75 297.16 297.22 297.53 297.74 297.18 296.96 296.72
-9999 202.1531 204.06 208.22 211.42 220.5155 230.0253 233.77 236.2 237.95 240.3 243.24 245.95 247.45 249.18 251.63 253.71 256.42 258.2 257.9 259.85 261.4 264.07 266.38 268.33 269.36 269.64 272.86 280.94 283.22 286.43 287.7 287.04 292.01 293.96 295.87 297.83 299.67 300.69 301.7 306.35 307.8 308.81 309.53 310.02 311.07 311.32 311.6 311.97 310.26 310.9 313.15 309.56 302.73 306.78 305.15 305.58 306.67 307.27 301.94 306.23 305.31 302.11 303.75 297.84 301.23 297.07 297.32 298.34 298.25 298.18 297.51 296.99
-9999 202.48 205.17 211.24 221.73 227.2 233.4074 235.66 237.48 239.17 240.27 242.53 244.76 246.07 249.09 250.9 252.02 254 256.42 257.58 259.44 260.83 259.31 261.24 265.23 268.82 267.43 271.7 280.14 282.07 285.14 285.09 287.22 291.53 293.89 295.72 297.56 298.73 301.35 304.02 304.79 305.74 307.14 306.43 307.31 307.96 308.22 311.79 311 310.8 310.48 311.52 313.01 308.61 311.75 309.75 307.35 305.69 302.41 301.9 306.23 306.97 302.83 303.8 304.9 304.13 303.82 301.4 297.37 297.37 297.1 293.35 294.77
200.321 202.42 207 216.91 227.9574 -9999 -9999 236.97 238.41 240.07 241.65 242.83 244.54 245.16 247 248.71 249.5 251.31 253.63 254.82 257.38 258.51 260.82 259.57 260.92 268.39 272.59 276.24 279.57 280.57 280.68 283.44 285.05 289.33 291.43 293.16 294.26 296.36 300.07 299.94 300.49 301.23 302.28 304.11 301.41 306.11 307.14 310.08 309.19 308.33 307.14 307.75 309.3 314.65 310.35 310.46 310.9 311.67 306.28 306.18 303.54 305.34 305.91 304.52 302.27 299.06 293.7 297.13 301.63 299.61 298.53 297.12 296.99
206.42 209.5493 214.8243 222.6623 229.5556 234.75 235.9888 238.04 239.21 240.35 241.18 242.76 244.14 245.83 247.36 246.72 246.64 247.65 250.25 252.75 254.61 258.09 257.57 260.69 265.45 267.36 275.78 276.9 277.07 278.39 279.21 281.7 284.17 287.93 289.94 292.44 293.69 294.49 297.42 300.98 300.19 298.46 298.61 302.21 302.97 304.07 306.26 305.33 305.62 303.09 305.66 307.34 311.82 313.97 313.32 315.22 314.72 312.18 310.88 309.55 305.73 302.38 303.3 304.91 304.75 301.78 295.93 296.02 306.48 303.06 297.85 298.18 297.85
-9999 -9999 -9999 224.973 230 233.7976 235.71 237.69 239.67 240.88 242.25 243.39 244.45 244.18 244.48 245.47 245.61 246.41 248.61 253.52 256.15 259.48 261.92 263.38 267.42 272.25 275.02 276.43 275.09 274.76 276.21 278.27 282.03 285.53 287.15 289.71 291.11 292.5 294.7 298.43 297.67 297.54 296.76 298.12 302.34 300.71 302.19 300.11 303.22 307.13 309.95 311.27 312.81 312.48 308.16 313.61 311.39 307.7 308.88 307.09 305.91 303.47 303.2 304.15 302.44 302.9 306.07 306.36 300.7 306.44 299.06 298.27 297.8
-9999 -9999 -9999 -9999 228.63 231.2 232.5455 237.0824 240.4176 241.9231 242.1 244.36 245.6 244.58 245.28 246.34 245.76 248.13 251.68 253.24 256.72 260.15 262.13 263.37 265.78 269.93 275.72 276.66 275.63 273.75 274.79 275.12 273.73 278.82 279.1 286.75 288.58 289.19 291.45 295.42 298.67 293.59 295.98 298.15 301.17 297.57 296.53 300.14 303.07 307.81 308.27 308.18 308.48 310.08 310.68 312.32 313.11 313.15 309.49 301.28 297.9 302.01 304.39 305.26 310.11 309.03 306.27 307.34 308.8 305.24 303.25 300.54 296.87
-9999 -9999 -9999 -9999 224.7407 226.7286 -9999 238.1176 -9999 241.8718 243.21 245.1 246.85 247.88 248.04 248.59 250.61 251.8 252.62 254.31 257.64 260.79 262.18 264.22 267.05 271.36 274.49 275.77 276.5 276.25 275.49 272.58 270.31 271 273.97 280.82 286.5 285.03 288.09 291.58 296.13 297.12 296.52 295.93 297.83 297.51 299.41 302.4 302.43 302.85 306.18 305.6 306.15 309.21 308.52 308.1 309.09 309.57 311.23 310.6 306.49 297.41 298.52 299.37 301.06 309.91 313.84 306.43 300.43 293.94 291.84 302.32 299.73
-9999 -9999 -9999 -9999 -9999 -9999 -9999 -9999 239.3929 240.6225 242.7368 245.22 246.91 248.1 250.2 248.43 250.24 252 252.82 252.5 256.16 259.3 262.5 265.27 269.3 273.06 273.41 275.34 276.43 275.19 276.05 273.07 271.87 281.51 281.62 282.93 282.81 284.67 285.81 287.59 291.56 294.36 293.65 296.99 297.02 298.5 300.12 300.62 300.65 302.48 303.46 302.04 304.14 305.69 305.97 305.85 306.05 307.24 306.76 307.31 309.56 309.27 310.99 306.45 305.86 306.44 316.37 309.24 309.15 306.93 301.37 303.97 303.75
-9999 -9999 -9999 -9999 -9999 -9999 -9999 -9999 -9999 239.57 240.36 242.61 246.03 248.23 250.54 251.52 251.69 251.98 252.7 255.33 255.6 255.5 260.52 265.29 269.26 272.44 273.67 275.18 275.17 276.64 275.97 276.08 279.89 282.54 283.56 285.18 284.7 284.85 284.72 285.32 286.55 289.5 292.03 293.83 295.76 296.96 299.74 299.23 299.7 303.56 304.56 305.45 302.07 299.06 305.19 307.25 305.13 306.44 305.91 306.65 305.44 306.1 307.51 314.52 310.37 313.46 318.23 317.06 316.32 317.53 316.46 315.25 317.79
