layers/wordclim/future/Iberia_wcB2a_10_hadcm3_2080/bio_02.asc
ncols         166
nrows         93
xllcorner     -9.4959440078468
yllcorner     36.000324005443
cellsize      0.083333337679505
NODATA_value  -9999
[rows 33 to 65 of 93, columns 74 to 147 of 166]
117.41 117.94 118.38 118.6 119.04 120.49 121.9 123.51 124.78 125 125.48 125.75 125.43 124.94 124.08 123.49 122.5 121.43 120.12 118.54 116.88 115.17 113.57 112.17 110.42 109.83 109.84 109.08 108.78 108.3 108.52 109.36 109.3 109.08 108.94 109.55 110.18 111.24 111.44 110.85 111.04 111.63 111.12 111.52 110.32 112.05 110.22 108.3 106.38 103.44 101.52 -9999 -9999 -9999 -9999 -9999 -9999 -9999 -9999 -9999 -9999 -9999 -9999 -9999 -9999 -9999 -9999 -9999 -9999 -9999 -9999 -9999 -9999 -9999
116.83 116.96 116.75 117.91 119.62 121.76 122.92 123.68 124.48 124.98 125.68 125.96 125.43 125.11 124.79 123.81 122.87 121.7 120.24 118.55 117.14 115.08 113.64 111.48 109.64 109.62 109.13 108.92 108.23 108.01 107.97 107.56 107.73 107.57 107.9 108.02 108.83 109.56 108.73 108.35 108.86 109.28 108.82 107.65 107.84 110.81 109.48 105.94 105.2121 -9999 -9999 -9999 -9999 -9999 -9999 -9999 -9999 -9999 -9999 -9999 -9999 -9999 -9999 -9999 -9999 -9999 -9999 -9999 -9999 -9999 -9999 -9999 -9999 -9999
116.53 115.86 115.41 117.58 120.61 121.9 122.79 123.13 124.17 125.63 125.98 125.9 125.95 125.66 124.97 124.29 123.4 121.94 120.54 119.18 117.44 115.84 113.61 111.34 110.32 110.39 109.85 108.96 108.11 107.67 107.02 106.77 106.44 106.21 106.21 106.41 107.69 107.54 107.69 106.49 106.95 106.07 105.29 103.45 106.6 109.38 107.94 105.81 103.9859 -9999 -9999 -9999 -9999 -9999 -9999 -9999 -9999 -9999 -9999 -9999 -9999 -9999 -9999 -9999 -9999 -9999 -9999 -9999 -9999 -9999 -9999 -9999 -9999 -9999
116.74 115.21 116.13 120.02 120.93 122.06 123.65 123.55 123.78 124.87 125.55 126.39 126.52 126 125.2 124.73 123.67 122.39 121.01 119.55 118.04 116.45 114.2 112 111.06 110.8 109.48 108.87 108.11 107.5 107.03 106.37 106.12 106 105.8 106.14 106.36 106.07 105.45 104.63 104.38 103.48 104.14 104.7 106.76 107.19 106.12 104.2165 102.1613 99.80232 98.26087 -9999 -9999 -9999 -9999 -9999 -9999 -9999 -9999 -9999 -9999 -9999 -9999 -9999 -9999 -9999 -9999 -9999 -9999 -9999 -9999 -9999 -9999 -9999
117.29 115.7 118.27 119.93 120.65 122.7 123.97 123.65 125.15 126.48 127.01 127.38 127.24 126.83 126.14 125.04 124.21 122.72 121.35 120.02 118.61 116.97 115.24 112.92 111.07 110.91 109.78 108.6 107.98 107.45 107 106.59 106 105.63 105.01 104.92 104.83 104.78 104.47 103.87 103.81 104.02 104.63 105.43 105.44 104.73 103.3191 -9999 -9999 -9999 -9999 -9999 -9999 -9999 -9999 -9999 -9999 -9999 -9999 -9999 -9999 -9999 -9999 -9999 -9999 -9999 -9999 -9999 -9999 -9999 -9999 -9999 -9999 -9999
118.89 119.04 120.27 120.1 122.03 123.6 124.01 124.33 126.2 126.62 127.58 127.66 128.14 128.12 127.41 126.12 124.26 123.07 121.87 120.4 119.15 117.6 115.8 113.63 111.37 110.61 109.68 108.29 108.15 108.27 107.02 106.42 106.03 105.34 104.84 104.1 104.07 103.93 103.69 103.36 103.5 103.69 103.83 103.99 103.64 103.11 -9999 -9999 -9999 -9999 -9999 -9999 -9999 -9999 -9999 -9999 -9999 -9999 -9999 -9999 -9999 -9999 -9999 -9999 -9999 -9999 -9999 -9999 -9999 -9999 -9999 -9999 -9999 -9999
120.76 121.12 121.25 121.95 123.29 123.94 124.28 125.21 126.19 126.46 127.33 128.19 129.1 129.07 128.33 126.94 125.4 123.72 122.32 120.65 119.43 118.16 116.12 114.45 111.91 110.91 109.93 108.37 108.92 108.38 107.6 106.5 106.02 105.21 104.62 104.07 103.64 103.18 102.97 102.81 102.72 102.59 102.43 102.07 101.75 101.44 -9999 -9999 -9999 -9999 -9999 -9999 -9999 -9999 -9999 -9999 -9999 -9999 -9999 -9999 -9999 -9999 -9999 -9999 -9999 -9999 -9999 -9999 -9999 -9999 -9999 -9999 -9999 -9999
122.34 122.56 122.56 123.34 123.81 123.89 125.26 125.91 127.84 128.7 128.7 129.87 130.11 130.37 130.15 128.13 126.49 124.53 122.91 121.6 120.37 118.73 117.1 115.14 112.91 110.71 109.08 108.98 109.33 108.35 107.52 107.03 106.38 105.62 104.94 104.2 103.5 102.93 102.79 101.89 101.75 101.14 100.8 100.42 100.2651 -9999 -9999 -9999 -9999 -9999 -9999 -9999 -9999 -9999 -9999 -9999 -9999 -9999 -9999 -9999 -9999 -9999 -9999 -9999 -9999 -9999 -9999 -9999 -9999 -9999 -9999 -9999 -9999 -9999
123.28 123.49 123.99 124.26 124.24 125.64 127.15 127.37 128.29 129.43 130.25 131.44 132.13 131.84 131.48 129.2 127.01 125.37 124.2 121.85 120.79 119.47 117.88 116.23 114.21 111.79 109.51 109.42 109.49 107.75 106.95 106.87 106.49 105.49 104.93 104.17 103.35 102.29 101.67 101.17 100.49 99.55 99.01 99.12195 -9999 -9999 -9999 -9999 -9999 -9999 -9999 -9999 -9999 -9999 -9999 -9999 -9999 -9999 -9999 -9999 -9999 -9999 -9999 -9999 -9999 -9999 -9999 -9999 -9999 -9999 -9999 -9999 -9999 -9999
124.31 124.7 124.99 124.95 125.58 127.69 128.35 128.93 130.2 130.85 131.75 132.47 133.49 133.03 133.47 130.44 128.76 127.19 124.82 123.2 121.52 120.4 118.47 116.76 114.78 112.56 110.89 110.78 109.74 107.83 106.94 106.23 106.05 105.08 104.25 103.76 102.99 101.03 99.74 99.26 98.61 97.95 97.48684 -9999 -9999 -9999 -9999 -9999 -9999 -9999 -9999 -9999 -9999 -9999 -9999 -9999 -9999 -9999 -9999 -9999 -9999 -9999 -9999 -9999 -9999 -9999 -9999 -9999 -9999 -9999 -9999 -9999 -9999 -9999
125.11 125.5 125.4 126.3 127.55 128.82 129.67 130.12 131.22 132.31 133.08 133.91 134.58 134.98 134.53 131.54 129.36 127.52 126.19 124.47 122.97 121.03 119.26 117.28 114.71 113.22 112.65 112.21 111.19 109.03 107.13 106.03 105.26 104.13 103.83 102.77 101.63 99.92 97.97 97.62 97.16 96.40909 -9999 -9999 -9999 -9999 -9999 -9999 -9999 -9999 -9999 -9999 -9999 -9999 -9999 -9999 -9999 -9999 -9999 -9999 -9999 -9999 -9999 -9999 -9999 -9999 -9999 -9999 -9999 -9999 -9999 -9999 -9999 -9999
125.98 126.82 127.44 128.18 128.82 130.09 130.64 131.61 132.52 133.25 134.15 134.79 135.53 135.83 135.89 133.3 130.65 129.63 127.75 125.55 123.99 121.98 119.94 118.04 115.79 114.39 113.76 112.69 111.44 109.64 108.25 106.78 106.08 103.95 102.73 100.87 99.1 97.17 96.33 95.93 95.34328 -9999 -9999 -9999 -9999 -9999 -9999 -9999 -9999 -9999 -9999 -9999 -9999 -9999 -9999 -9999 -9999 -9999 -9999 -9999 -9999 -9999 -9999 -9999 -9999 -9999 -9999 -9999 -9999 -9999 -9999 -9999 -9999 -9999
127.79 128.41 128.97 129.43 129.98 130.79 131.77 132.11 132.81 133.73 134.66 135.19 135.54 135.91 135.52 134.17 132.2 130.66 129.02 126.76 124.84 122.89 120.71 118.65 116.8 115.03 113.48 112.67 112.05 110.97 109.36 107.26 105.62 103.71 103.14 101.18 98.39 95.88 94.4 93.30928 -9999 -9999 -9999 -9999 -9999 -9999 -9999 -9999 -9999 -9999 -9999 -9999 -9999 -9999 -9999 -9999 -9999 -9999 -9999 -9999 -9999 -9999 -9999 -9999 -9999 -9999 -9999 -9999 -9999 -9999 -9999 -9999 -9999 -9999
128.93 129.4 129.7 130.15 131.13 131.81 132.27 132.89 133.21 134.01 134.95 134.99 135.33 135.88 135.06 133.88 132.53 130.97 129.22 127.24 125.31 123.6 121.39 119.35 117.75 115.81 113.86 112.72 111.81 110.79 109.62 107.48 105.48 102.88 101.13 101.34 99.75 96.24 94.07071 -9999 -9999 -9999 -9999 -9999 -9999 -9999 -9999 -9999 -9999 -9999 -9999 -9999 -9999 -9999 -9999 -9999 -9999 -9999 -9999 -9999 -9999 -9999 -9999 -9999 -9999 -9999 -9999 -9999 -9999 -9999 -9999 -9999 -9999 -9999
129.84 130.04 130.57 131.11 131.69 132.37 132.9 133.46 133.35 134.01 134.91 135 134.95 134.96 134.42 133.67 132.31 130.72 129.33 127.4 125.64 123.87 121.95 120.18 118.49 116.53 114.23 112.91 111.63 110.68 108.91 107.4 105.96 104.36 101.2 98.62 97.61 95.43 -9999 -9999 -9999 -9999 -9999 -9999 -9999 -9999 -9999 -9999 -9999 -9999 -9999 -9999 -9999 -9999 -9999 -9999 -9999 -9999 -9999 -9999 -9999 -9999 -9999 -9999 -9999 -9999 -9999 -9999 -9999 -9999 -9999 -9999 -9999 -9999
130.77 130.88 131.41 131.98 132.3 132.8 133.24 133.91 133.98 134.16 134.98 135.01 134.82 134.23 134.07 133.42 132.33 130.63 129.24 127.56 125.79 123.9 122.37 121.22 118.93 117.42 115.41 113.33 110.93 109.55 107.74 105.3 103.52 102.48 102.55 99.04 96.59 95.71053 -9999 -9999 -9999 -9999 -9999 -9999 -9999 -9999 -9999 -9999 -9999 -9999 -9999 -9999 -9999 -9999 -9999 -9999 -9999 -9999 -9999 -9999 -9999 -9999 -9999 -9999 -9999 -9999 -9999 -9999 -9999 -9999 -9999 -9999 -9999 -9999
131.88 132.04 132.06 132.85 133.09 133.82 133.94 133.96 134.36 134.27 134.98 134.97 134.74 134.05 133.68 132.91 131.88 130.49 129.35 127.83 125.95 124.21 122.93 121.37 119.56 118.07 116.8 114.98 112.64 109.71 107.62 105.08 102.97 101.33 99.64 98.19 96.55319 -9999 -9999 -9999 -9999 -9999 -9999 -9999 -9999 -9999 -9999 -9999 -9999 -9999 -9999 -9999 -9999 -9999 -9999 -9999 -9999 -9999 -9999 -9999 -9999 -9999 -9999 -9999 -9999 -9999 -9999 -9999 -9999 -9999 -9999 -9999 -9999 -9999
132.63 132.9 132.98 133.06 133.33 134 134 134.03 134.55 134.35 134.4 134.51 134.35 134.21 133.39 132.26 131.47 130.47 129.42 128.13 126.42 124.78 123.44 121.61 120.05 118.26 116.96 115.34 114.35 112.74 109.29 106.12 103.63 101.63 99.59 97.67 -9999 -9999 -9999 -9999 -9999 -9999 -9999 -9999 -9999 -9999 -9999 -9999 -9999 -9999 -9999 -9999 -9999 -9999 -9999 -9999 -9999 -9999 -9999 -9999 -9999 -9999 -9999 -9999 -9999 -9999 -9999 -9999 -9999 -9999 -9999 -9999 -9999 -9999
133.07 133.75 133.71 133.86 133.77 133.97 134 134.03 134.08 134.35 134.32 134.15 134.52 134.27 133.28 132.08 131.36 130.53 129.43 128.18 126.55 124.69 123.49 122.1 120.27 118.54 117.24 116.15 114.89 113.34 110.73 107.34 104.91 102.38 100.19 98.47 -9999 -9999 -9999 -9999 -9999 -9999 -9999 -9999 -9999 -9999 -9999 -9999 -9999 -9999 -9999 -9999 -9999 -9999 -9999 -9999 -9999 -9999 -9999 -9999 -9999 -9999 -9999 -9999 -9999 -9999 -9999 -9999 -9999 -9999 -9999 -9999 -9999 -9999
133.86 133.85 134.01 134.01 134 134 134 134.02 134.59 134.02 134 134.01 134 133.81 133.04 132.05 131.36 130.66 129.61 128.25 126.73 125.38 123.38 121.68 120.5 119.27 118.03 116.66 115.33 113.41 110.6 108.12 106.25 104.31 102.04 100.58 -9999 -9999 -9999 -9999 -9999 -9999 -9999 -9999 -9999 -9999 -9999 -9999 -9999 -9999 -9999 -9999 -9999 -9999 -9999 -9999 -9999 -9999 -9999 -9999 -9999 -9999 -9999 -9999 -9999 -9999 -9999 -9999 -9999 -9999 -9999 -9999 -9999 -9999
134.94 134.46 134.28 134.31 134.32 134.55 134.06 134.51 134.49 134.11 134 134 134 133.4 133.04 132 131.24 130.43 129.48 128.33 127.07 126.09 124.61 123.18 121.75 119.98 118.72 117.46 116.31 113.86 112.42 110.96 107.68 105.92 103.91 102.58 102 -9999 -9999 -9999 -9999 -9999 -9999 -9999 -9999 -9999 -9999 -9999 -9999 -9999 -9999 -9999 -9999 -9999 -9999 -9999 -9999 -9999 -9999 -9999 -9999 -9999 -9999 -9999 -9999 -9999 -9999 -9999 -9999 -9999 -9999 -9999 -9999 -9999
135.06 135 134.98 135 135 135 135 134.89 135 134.87 134.34 134 134 133.52 133 132.21 131.41 130.57 129.44 128.65 127.49 126.31 125.22 124.17 122.83 121.91 120.06 117.98 117.64 116.2 113.79 111.83 109.51 107.06 105.8 104.58 103.8384 -9999 -9999 -9999 -9999 -9999 -9999 -9999 -9999 -9999 -9999 -9999 -9999 -9999 -9999 -9999 -9999 -9999 -9999 -9999 -9999 -9999 -9999 -9999 -9999 -9999 -9999 -9999 -9999 -9999 -9999 -9999 -9999 -9999 -9999 -9999 -9999 -9999
135.94 135.64 135 135 135 135.59 135.42 135.16 135.04 135 134.99 134.37 134.02 133.35 133 132.14 131.41 130.81 129.92 129.14 128.02 127.02 126.23 125.21 124.15 122.91 121.53 119.36 118.68 117.22 114.85 112.54 110.73 108.62 107.59 107.17 106.24 -9999 -9999 -9999 -9999 -9999 -9999 -9999 -9999 -9999 -9999 -9999 -9999 -9999 -9999 -9999 -9999 -9999 -9999 -9999 -9999 -9999 -9999 -9999 -9999 -9999 -9999 -9999 -9999 -9999 -9999 -9999 -9999 -9999 -9999 -9999 -9999 -9999
136 136 135.93 135.8 135.94 136.01 136.09 136 135.84 135.31 135.1 134.99 134.33 133.24 132.9 132.34 131.95 131.03 130.62 129.67 128.96 128.2 127.19 126.12 125.16 123.78 122.33 120.71 119.93 118.28 116.4 114.29 112.2 110.54 109.51 109.36 108.6 107.2963 -9999 -9999 -9999 -9999 -9999 -9999 -9999 -9999 -9999 -9999 -9999 -9999 -9999 -9999 -9999 -9999 -9999 -9999 -9999 -9999 -9999 -9999 -9999 -9999 -9999 -9999 -9999 -9999 -9999 -9999 -9999 -9999 -9999 -9999 -9999 -9999
136.13 136.08 136.09 136.16 136.01 135.9 136.02 136.01 136 135.97 135.85 135.05 134.61 133.96 133.01 132.52 132 131.28 130.99 130.41 129.85 128.91 127.72 126.57 125.73 124.53 123.24 121.82 120.89 119.42 117.57 115.95 114.06 112.7 111.7 111.08 110.01 108.94 108.625 -9999 -9999 -9999 -9999 -9999 -9999 -9999 -9999 -9999 -9999 -9999 -9999 -9999 -9999 -9999 -9999 -9999 -9999 -9999 -9999 -9999 -9999 -9999 -9999 -9999 -9999 -9999 -9999 -9999 -9999 -9999 -9999 -9999 -9999 -9999
136.08 136.08 136.1 136 136.06 136 136 136 136 135.93 135.56 135 134.94 134.13 133.59 132.9 132.04 131.97 131.43 130.96 130.19 129.34 128.41 127.29 126.33 125.22 124.12 122.91 121.59 120.16 118.58 117.39 115.9 114.08 113.08 112.21 111.22 110.41 110.1 109.7612 -9999 -9999 -9999 -9999 -9999 -9999 -9999 -9999 -9999 -9999 -9999 -9999 -9999 -9999 -9999 -9999 -9999 -9999 -9999 -9999 -9999 -9999 -9999 -9999 -9999 -9999 -9999 -9999 -9999 -9999 -9999 -9999 -9999 -9999
136.1 136.02 135.94 136 136.01 136.07 135.75 135.99 136 135.99 135.12 135 134.95 134.5 134 133.73 132.94 132.12 131.92 131 130.61 129.52 128.8 128.01 127.22 126.02 125 123.62 122.44 121.1 119.84 118.49 117.13 115.69 114.59 113.5 112.03 110.84 110.16 110.31 109.66 109.0825 -9999 -9999 -9999 -9999 -9999 -9999 -9999 -9999 -9999 -9999 -9999 -9999 -9999 -9999 -9999 -9999 -9999 -9999 -9999 -9999 -9999 -9999 -9999 -9999 -9999 -9999 -9999 -9999 -9999 -9999 -9999 -9999
135.9 135.93 135.86 135.6 135.69 135.73 135.96 135.9 135.5 135.19 135.47 135.04 135 134.66 134.08 133.88 133 132.64 132 131.39 130.79 130.01 129.5 128.81 127.76 127.02 125.92 124.5 123.38 121.96 120.63 119.17 117.65 116.66 115.31 113.83 112.44 111.31 110.38 109.8 109.49 108.7711 -9999 -9999 -9999 -9999 -9999 -9999 -9999 -9999 -9999 -9999 -9999 -9999 -9999 -9999 -9999 -9999 -9999 -9999 -9999 -9999 -9999 -9999 -9999 -9999 -9999 -9999 -9999 -9999 -9999 -9999 -9999 -9999
135.25 135.62 135.47 135.14 135.23 135.82 135.44 135.34 134.22 134.76 135.07 135.6 134.85 134.85 134.11 133.96 133.05 132.8 132.11 132 131.1 130.78 130.16 129.27 128.25 127.65 126.81 125.53 124.35 122.72 121.5 119.75 118.52 116.94 115.6 114.06 112.95 111.9 111.63 110.2632 -9999 -9999 -9999 -9999 -9999 -9999 -9999 -9999 -9999 -9999 -9999 -9999 -9999 -9999 -9999 -9999 -9999 -9999 -9999 -9999 -9999 -9999 -9999 -9999 -9999 -9999 -9999 -9999 -9999 -9999 -9999 -9999 -9999 -9999
135.01 134.99 134.93 134.54 134.98 134.73 134.07 134.1 134.8 135.84 135.1 135.03 134.85 134.19 133.96 133.47 132.76 132.78 132.28 131.95 131.22 131.08 130.81 129.93 129.11 128.07 127.47 126.19 124.75 123.7 122.19 120.28 119.22 117.82 116.59 114.88 113.68 112.5444 111.4921 -9999 -9999 -9999 -9999 -9999 -9999 -9999 -9999 -9999 -9999 -9999 -9999 -9999 -9999 -9999 -9999 -9999 -9999 -9999 -9999 -9999 -9999 -9999 -9999 -9999 -9999 -9999 -9999 -9999 -9999 -9999 -9999 -9999 -9999 -9999
133.88 133.5 134.02 134.13 133.93 133.3 133.3 134.22 134.64 134.74 135.28 134.76 134.14 133.67 133.32 132.78 132.81 132.54 132 131.77 131.87 131.27 131.04 130.68 129.88 128.82 127.41 126.59 125.5 124.21 123.53 121.32 119.96 118.45 116.51 115.0405 -9999 -9999 -9999 -9999 -9999 -9999 -9999 -9999 -9999 -9999 -9999 -9999 -9999 -9999 -9999 -9999 -9999 -9999 -9999 -9999 -9999 -9999 -9999 -9999 -9999 -9999 -9999 -9999 -9999 -9999 -9999 -9999 -9999 -9999 -9999 -9999 -9999 -9999
131.67 131.78 132.38 132.63 132.34 131.36 132.24 133.13 133.57 134.69 134.88 134.53 133.03 132.45 132.65 132.6 132.06 131.87 131.96 131.91 131.47 132 131.35 130.96 130.53 129.91 128.56 127.32 125.86 125.04 123.94 122.3 120.12 117.86 116.1026 -9999 -9999 -9999 -9999 -9999 -9999 -9999 -9999 -9999 -9999 -9999 -9999 -9999 -9999 -9999 -9999 -9999 -9999 -9999 -9999 -9999 -9999 -9999 -9999 -9999 -9999 -9999 -9999 -9999 -9999 -9999 -9999 -9999 -9999 -9999 -9999 -9999 -9999 -9999
129.75 131 131.32 130.85 129.72 132.19 134.09 132.74 134.69 135.13 134.12 133.99 133.34 133.52 133.32 133.38 132.51 132.52 131.75 131.76 132.05 131.98 132.02 132.02 131.47 129.88 129.05 128.22 126.73 125.57 123.98 121.91 120.03 117.6053 -9999 -9999 -9999 -9999 -9999 -9999 -9999 -9999 -9999 -9999 -9999 -9999 -9999 -9999 -9999 -9999 -9999 -9999 -9999 -9999 -9999 -9999 -9999 -9999 -9999 -9999 -9999 -9999 -9999 -9999 -9999 -9999 -9999 -9999 -9999 -9999 -9999 -9999 -9999 -9999
