layers/wordclim/future/Iberia_wcB2a_10_hadcm3_2080/bio_03.asc
ncols         166
nrows         93
xllcorner     -9.4959440078468
yllcorner     36.000324005443
cellsize      0.083333337679505
NODATA_value  -9999
[rows 0 to 36 of 93, columns 82 to 163 of 166]
-9999 -9999 -9999 -9999 -9999 -9999 -9999 -9999 -9999 -9999 -9999 -9999 -9999 -9999 -9999 -9999 -9999 -9999 -9999 -9999 -9999 -9999 -9999 -9999 -9999 -9999 -9999 -9999 -9999 -9999 -9999 -9999 -9999 -9999 -9999 -9999 -9999 -9999 -9999 -9999 -9999 -9999 -9999 -9999 -9999 -9999 -9999 -9999 -9999 -9999 -9999 -9999 -9999 -9999 -9999 -9999 -9999 -9999 -9999 -9999 -9999 -9999 -9999 -9999 -9999 -9999 -9999 -9999 -9999 -9999 -9999 -9999 -9999 -9999 -9999 -9999 -9999 -9999 -9999 -9999 -9999 -9999
-9999 -9999 -9999 -9999 -9999 -9999 -9999 -9999 -9999 -9999 -9999 -9999 -9999 -9999 -9999 -9999 -9999 -9999 -9999 -9999 -9999 -9999 -9999 -9999 -9999 -9999 -9999 -9999 -9999 -9999 -9999 -9999 -9999 -9999 -9999 -9999 -9999 -9999 -9999 -9999 -9999 -9999 -9999 -9999 -9999 -9999 -9999 -9999 -9999 -9999 -9999 -9999 -9999 -9999 -9999 -9999 -9999 -9999 -9999 -9999 -9999 -9999 -9999 -9999 -9999 -9999 -9999 -9999 -9999 -9999 -9999 -9999 -9999 -9999 -9999 -9999 -9999 -9999 -9999 -9999 -9999 -9999
-9999 -9999 -9999 -9999 -9999 -9999 -9999 -9999 -9999 -9999 -9999 -9999 -9999 -9999 -9999 -9999 -9999 -9999 -9999 -9999 -9999 -9999 -9999 -9999 -9999 -9999 -9999 -9999 -9999 -9999 -9999 -9999 -9999 -9999 -9999 -9999 -9999 -9999 -9999 -9999 -9999 -9999 -9999 -9999 -9999 -9999 -9999 -9999 -9999 -9999 -9999 -9999 -9999 -9999 -9999 -9999 -9999 -9999 -9999 -9999 -9999 -9999 -9999 -9999 -9999 -9999 -9999 -9999 -9999 -9999 -9999 -9999 -9999 -9999 -9999 -9999 -9999 -9999 -9999 -9999 -9999 -9999
-9999 -9999 -9999 -9999 -9999 -9999 -9999 -9999 -9999 -9999 -9999 -9999 -9999 -9999 -9999 -9999 -9999 -9999 -9999 -9999 -9999 -9999 -9999 -9999 -9999 -9999 -9999 -9999 -9999 -9999 -9999 -9999 -9999 -9999 -9999 -9999 -9999 -9999 -9999 -9999 -9999 -9999 -9999 -9999 -9999 -9999 -9999 -9999 -9999 -9999 -9999 -9999 -9999 -9999 -9999 -9999 -9999 -9999 -9999 -9999 -9999 -9999 -9999 -9999 -9999 -9999 -9999 -9999 -9999 -9999 -9999 -9999 -9999 -9999 -9999 -9999 -9999 -9999 -9999 -9999 -9999 -9999
37.91026 38.38182 -9999 -9999 -9999 -9999 -9999 -9999 -9999 -9999 -9999 -9999 -9999 -9999 -9999 -9999 -9999 -9999 -9999 -9999 -9999 -9999 -9999 -9999 -9999 -9999 -9999 -9999 -9999 -9999 -9999 -9999 -9999 -9999 -9999 -9999 -9999 -9999 -9999 -9999 -9999 -9999 -9999 -9999 -9999 -9999 -9999 -9999 -9999 -9999 -9999 -9999 -9999 -9999 -9999 -9999 -9999 -9999 -9999 -9999 -9999 -9999 -9999 -9999 -9999 -9999 -9999 -9999 -9999 -9999 -9999 -9999 -9999 -9999 -9999 -9999 -9999 -9999 -9999 -9999 -9999 -9999
37.78 38.39 38.85859 39.31507 39.63334 40.06557 40.32787 40.45238 40.125 40 39.74 39.05405 -9999 -9999 -9999 -9999 -9999 -9999 -9999 -9999 -9999 -9999 -9999 -9999 -9999 -9999 -9999 -9999 -9999 -9999 -9999 -9999 -9999 -9999 -9999 -9999 -9999 -9999 -9999 -9999 -9999 -9999 -9999 -9999 -9999 -9999 -9999 -9999 -9999 -9999 -9999 -9999 -9999 -9999 -9999 -9999 -9999 -9999 -9999 -9999 -9999 -9999 -9999 -9999 -9999 -9999 -9999 -9999 -9999 -9999 -9999 -9999 -9999 -9999 -9999 -9999 -9999 -9999 -9999 -9999 -9999 -9999
37.68 38.12 38.88 39.06 39.46 40 40.22 40.28 40.08 39.96 39.17 39.06 38.95 38.45 38.12 -9999 -9999 -9999 -9999 -9999 -9999 -9999 -9999 -9999 -9999 -9999 -9999 -9999 -9999 -9999 -9999 -9999 -9999 -9999 -9999 -9999 -9999 -9999 -9999 -9999 -9999 -9999 -9999 -9999 -9999 -9999 -9999 -9999 -9999 -9999 -9999 -9999 -9999 -9999 -9999 -9999 -9999 -9999 -9999 -9999 -9999 -9999 -9999 -9999 -9999 -9999 -9999 -9999 -9999 -9999 -9999 -9999 -9999 -9999 -9999 -9999 -9999 -9999 -9999 -9999 -9999 -9999
37.83 38.11 38.48 38.95 39.22 39.27 39.59 39.55 39.3 39.03 38.71 38.76 38.29 38.02 38.0274 -9999 -9999 -9999 -9999 -9999 -9999 -9999 -9999 -9999 -9999 -9999 -9999 -9999 -9999 -9999 -9999 -9999 -9999 -9999 -9999 -9999 -9999 -9999 -9999 -9999 -9999 -9999 -9999 -9999 -9999 -9999 -9999 -9999 -9999 -9999 -9999 -9999 -9999 -9999 -9999 -9999 -9999 -9999 -9999 -9999 -9999 -9999 -9999 -9999 -9999 -9999 -9999 -9999 -9999 -9999 -9999 -9999 -9999 -9999 -9999 -9999 -9999 -9999 -9999 -9999 -9999 -9999
37.97 38 38.08 38.57 38.84 39.07 38.95 38.84 38.83 38.68 38.52 38.03 37.99 38 37.95 -9999 37.52381 37.48214 -9999 -9999 -9999 -9999 -9999 -9999 -9999 -9999 -9999 -9999 -9999 -9999 -9999 -9999 -9999 -9999 -9999 -9999 -9999 -9999 -9999 -9999 -9999 -9999 -9999 -9999 -9999 -9999 -9999 -9999 -9999 -9999 -9999 -9999 -9999 -9999 -9999 -9999 -9999 -9999 -9999 -9999 -9999 -9999 -9999 -9999 -9999 -9999 -9999 -9999 -9999 -9999 -9999 -9999 -9999 -9999 -9999 -9999 -9999 -9999 -9999 -9999 -9999 -9999
37.92 37.96 38.02 38 38.29 38.58 38.42 38.17 38.1 38.04 38 38 37.88 37.86 37.91 37.51 37.73 37.49 37.35 36.91398 36.72131 36.42 35.7069 -9999 -9999 -9999 -9999 -9999 -9999 -9999 -9999 -9999 -9999 -9999 -9999 -9999 -9999 -9999 -9999 -9999 -9999 -9999 -9999 -9999 -9999 -9999 -9999 -9999 -9999 -9999 -9999 -9999 -9999 -9999 -9999 -9999 -9999 -9999 -9999 -9999 -9999 -9999 -9999 -9999 -9999 -9999 -9999 -9999 -9999 -9999 -9999 -9999 -9999 -9999 -9999 -9999 -9999 -9999 -9999 -9999 -9999 -9999
37.54 37.66 37.98 38 37.99 38 38.04 37.95 37.77 38 38 37.98 37.61 37.57 37.37 37.28 37.19 36.99 37.03 36.98 36.85 36.53 35.59 35.15789 -9999 -9999 -9999 -9999 -9999 -9999 -9999 -9999 -9999 -9999 -9999 -9999 -9999 -9999 -9999 -9999 -9999 -9999 -9999 -9999 -9999 -9999 -9999 -9999 -9999 -9999 -9999 -9999 -9999 -9999 -9999 -9999 -9999 -9999 -9999 -9999 -9999 -9999 -9999 -9999 -9999 -9999 -9999 -9999 -9999 -9999 -9999 -9999 -9999 -9999 -9999 -9999 -9999 -9999 -9999 -9999 -9999 -9999
37.01 37.37 37.64 37.76 37.94 37.62 37.92 37.74 37.65 37.78 37.62 37 37 37.01 37.01 37.02 37 37.01 37 37.02 36.98 36.62 36.05 35.46 34.45161 34.41791 33.75641 34.01136 32.62626 31.73134 -9999 -9999 -9999 -9999 -9999 -9999 -9999 -9999 -9999 -9999 33.24 32.08 30.67949 30.43636 -9999 -9999 -9999 -9999 -9999 -9999 -9999 -9999 -9999 -9999 -9999 -9999 -9999 -9999 -9999 -9999 -9999 -9999 -9999 -9999 -9999 -9999 -9999 -9999 -9999 -9999 -9999 -9999 -9999 -9999 -9999 -9999 -9999 -9999 -9999 -9999 -9999 -9999
37 37 37.02 37.02 37.01 37.05 37.16 37.05 37.08 37.19 37.04 37 37.01 37 37 37 37 37 36.98 36.89 36.98 36.83 36.7 36.41 35.46 35.07 33.49 33.91 34.52 32.45 32.84783 -9999 -9999 -9999 32.13889 -9999 30.53704 -9999 -9999 -9999 32.19388 32.59 31.61 30.9 30.48 31.04878 30.20635 30.09091 -9999 -9999 -9999 -9999 -9999 -9999 -9999 -9999 -9999 -9999 -9999 -9999 -9999 -9999 -9999 -9999 -9999 -9999 -9999 -9999 -9999 -9999 -9999 -9999 -9999 -9999 -9999 -9999 -9999 -9999 -9999 -9999 -9999 -9999
36.98 36.99 36.99 37 37 37 37 37 37 37 37 37 37 37 36.99 37 36.95 36.94 36.82 36.89 36.94 37 36.76 36.49 36.23 36.1 35.34 34.91 35.2 34.03 34.49 32.99 32.21 32.95 33.61 31.83 31.64 30.36 32.04 29.6 29.99 30.41 30.13 29.94 30.63 31.9 30.79 30.75 29.64948 -9999 -9999 -9999 -9999 -9999 -9999 -9999 -9999 -9999 -9999 -9999 -9999 -9999 -9999 -9999 -9999 -9999 -9999 -9999 -9999 -9999 -9999 -9999 -9999 -9999 -9999 -9999 -9999 -9999 -9999 -9999 -9999 -9999
36.24 36.26 36.42 36.68 36.77 36.89 36.97 36.67 36.93 36.94 36.96 36.58 36.34 36.68 36.59 36.57 36.52 36.9 36.75 36.63 36.42 36.56 36.73 36.22 35.99 35.81 35.89 35.91 35.17 34.62 34.84 34.44 34.42 34.89 34.3 32.23 32.34 33.16 31.77 31.1 31.55 31.08 30.63 29.58 29.71 31.49 31.72 31.09 30.05 -9999 -9999 -9999 -9999 -9999 -9999 -9999 -9999 -9999 -9999 -9999 -9999 -9999 -9999 -9999 -9999 -9999 -9999 -9999 -9999 -9999 -9999 -9999 -9999 -9999 -9999 -9999 -9999 -9999 -9999 -9999 -9999 -9999
36.03 36.01 36 36 36 36.33 36.44 36.29 36.49 36.35 36.08 36.04 36.1 36.19 36.33 36.06 36.02 36.1 36.16 36.23 36.01 35.98 36.03 36 36 36 35.98 35.96 35.42 34.85 34.6 35.18 34.95 35.38 34.44 33.69 33.69 33.36 32.59 32.93 33 32.04 30.51 30.65 30.61 31.67 31.31 30.64 30.61 -9999 -9999 29.30159 29.43158 29.64045 30.11111 30.05882 -9999 -9999 -9999 -9999 -9999 -9999 -9999 -9999 -9999 -9999 30.01786 30.36765 30.75472 -9999 -9999 -9999 -9999 -9999 -9999 -9999 -9999 -9999 -9999 -9999 -9999 -9999
36.23 36.09 36.13 36.03 36.01 36 36 36 36 36 36 36 36 36 36 36 36 36 36 36 36 36 35.99 35.96 35.75 35.68 35.59 35.32 35.08 34.85 34.69 34.65 34.9 35.21 35.07 34.8 34.23 33.6 33.06 32.68 32.87 32.76 32.44 32.4 31.78 31.85 30.74 31.05 31.59 31.46 30.85 30.71 30.52 30.22 30 29.9726 -9999 29.125 29.1 29.7 29.96471 -9999 -9999 -9999 29.93617 29.97 30.02 30.74 30.99 31.01124 -9999 -9999 -9999 -9999 -9999 -9999 -9999 -9999 -9999 -9999 -9999 -9999
36.41 36.2 36.35 36.53 36.14 36.06 36 36 36 36 36 36 36 36 36 36 36 36 36 36 36 36 36 35.97 35.91 35.49 34.88 34.89 34.73 34.28 34.48 34.52 34.81 35.05 34.99 34.44 34.46 33.72 33.92 33.26 33.5 32.82 32.24 32.67 32.55 31.45 31.01 31.17 31.6 31.01 30.32 29.93 29.75 29.95 29.78 29.68 29.9 29.99 29.87 29.76 29.65 29.34 29.24 29.4 29.44 29.37 29.95 30.31 30.92 30.98876 31.09678 -9999 -9999 -9999 -9999 -9999 -9999 -9999 -9999 -9999 -9999 -9999
36.01 36.36 36.19 36.32 36.17 36.08 36.01 36 36 35.96 36 36 36 36 35.95 35.97 36 35.99 35.99 36 36 36 36 35.99 35.99 35.9 35.47 35.16 35.02 35 35.02 34.8 34.9 34.87 34.96 34.55 34.89 34.25 33.92 33.58 33.79 32.98 33 32.92 32.07 31.14 31.23 31.65 31.24 30.62 30.2 29.98 29.92 29.89 30 30 29.98 29.74 29.53 29.37 29.17 29 29 28.95 28.94 29.02 29.39 30.01 30.67369 -9999 -9999 -9999 -9999 -9999 -9999 -9999 -9999 -9999 -9999 -9999 -9999 -9999
36.03 36.22 36.11 36.13 36 36 36 36 36 35.8 35.62 35.45 35.39 35.42 35.48 35.65 35.72 35.49 35.84 35.96 35.75 35.8 35.98 35.96 35.58 35.36 35.15 35.05 35 35.02 35.1 35 35 34.99 35 34.78 34.6 33.99 33.89 33.62 33.82 33.01 33.07 32.95 32.76 31.82 31.28 31.55 30.99 30.6 30.3 30.13 30 29.94 30 29.81 29.44 29.34 29.02 29.13 29.07 28.87 29 28.68 28.37 28.85 29.04 29.52 30.18 30.98507 -9999 -9999 -9999 -9999 -9999 -9999 -9999 -9999 -9999 -9999 -9999 -9999
35.98 36 36 36.1 36.03 36 36 36 35.71 35.44 35.21 35.09 35.27 35.2 35.06 35.02 35 35 35 35 35.08 35.24 35.3 35.34 35.6 35.25 35.3 35 35 35 35 35 35 35 35 34.53 34.07 34 34.01 33.63 32.98 32.68 32.94 32.19 32.03 31.94 31.91 31.81 31.02 30.99 30.55 30.08 30 30 29.92 29.28 29.06 29.01 29 28.94 28.92 28.97 28.52 28.15 28.24 28.04 28.77 29.05 29.99 30.7551 -9999 -9999 -9999 -9999 -9999 -9999 -9999 -9999 -9999 -9999 -9999 -9999
35.99 36.02 36.05 36.08 36 36 36 36 35.93 35.9 35.46 35.16 35.02 35.11 35 35 35 35 35 35 35 35 35 35.06 35.06 35 35.39 35.2 35.07 35 35 35 35 35 35 34.95 34.36 33.99 33.98 33.76 33.18 33.11 32.99 32.39 32.4 32.11 32 31.52 31 30.8 30.32 30.04 30 29.8 29.25 29.01 29 29 28.98 28.62 28.4 28.47 28.47 27.82 27.29 27.71 28.16 28.88 29.75 30.41 31 -9999 -9999 -9999 -9999 -9999 -9999 -9999 -9999 -9999 -9999 -9999
36.01 36.04 36.06 36.02 36 36 36 36 35.98 35.28 35.06 35 35 35 35 35 35 35 35 35 35 34.99 35 35 35 35 35 35 35 35 35 35 35 35 35 34.99 34.94 34.5 34.15 33.88 33.76 33.34 33.18 33 32.87 32.01 32 31.37 30.99 30.72 30.04 30 30 29.41 29 29 29 29 28.62 28.47 28.69 28.84 28.34 27.79 27 27.02 27.82 28.59 29.32 30.24657 -9999 -9999 -9999 -9999 -9999 -9999 -9999 -9999 -9999 -9999 -9999 -9999
36 36.01 36 36 36 36 36 35.93 35.65 35.07 35 35 35 35 35 35 35 35 35 34.92 34.65 34.86 34.96 34.9 34.96 35 35 35 35 35 35 35 35 35 35 35 35 34.87 34.2 34.03 33.99 33.89 33.09 32.98 32.26 32 31.92 31.06 30.97 30.48 30 30 29.89 29.15 29.01 29 29 28.95 28.57 28.58 28.72 28.53 27.99 27.73 27.14 27.64 27.88 28.58333 -9999 -9999 -9999 -9999 -9999 -9999 -9999 -9999 -9999 -9999 -9999 -9999 -9999 -9999
36 36 36 36 36 36 36 35.9 35.42 35.03 35.01 35.01 35 35 35 34.99 35 35 35 34.24 34.07 34.02 34.14 34.35 34.48 34.84 34.89 34.9 34.96 35 35 35 35 35 35 35 34.99 34.36 34.1 34.17 34 33.96 33.03 32.96 32.24 32 31.49 31 30.68 30.04 30 29.94 29.36 29.17 29 29 28.79 28.52 28.44 28.22 28.11 28.04 28 27.81 27.93878 27.72414 28.01786 -9999 -9999 -9999 -9999 -9999 -9999 -9999 -9999 -9999 -9999 -9999 -9999 -9999 -9999 -9999
35.93 36 36 36 36 35.97 35.72 35.72 35.27 35 35 35 35 35 34.91 34.85 34.75 34.84 34.52 34.15 34.01 34 34.01 34.07 34.34 34.68 34.99 34.93 34.88 34.85 35 34.88 34.85 35 34.98 35 34.97 34.7 34.76 34.36 34 33.84 33 32.89 32.05 31.91 31.07 30.97 30.57 30 30 29.85 29.06 29 28.99 28.99 28.89 28.72 28.28 28.1 28 28 28 27.93421 -9999 -9999 -9999 -9999 -9999 -9999 -9999 -9999 -9999 -9999 -9999 -9999 -9999 -9999 -9999 -9999 -9999 -9999
35.75 35.95 35.72 35.79 35.96 35.79 35.35 35.37 35.06 35 35 35 35 34.98 34.53 34.14 34.6 34.12 34.01 34 34 34 34 34.12 34.34 34.69 34.94 34.96 35 34.79 35 34.99 34.88 35 35 34.82 34.97 34.8 34.32 34.12 33.99 33.56 33 32.53 32 31.52 31 30.7 30.05 30 30 29.39 29.01 29 29 28.91 28.9 28.53 28.96 28.57 28.08511 -9999 -9999 -9999 -9999 -9999 -9999 -9999 -9999 -9999 -9999 -9999 -9999 -9999 -9999 -9999 -9999 -9999 -9999 -9999 -9999 -9999
35.02 35.1 35.44 35.72 35.73 35.18 35.05 35.01 35 35 35 35 35 34.81 34.4 34.12 34.02 34.02 34 34 34 34 34 34 34 34.13 34.27 34.64 34.82 34.72 34.94 34.84 34.77 34.91 34.92 34.49 34.89 34.55 34.19 34.01 33.78 33.06 32.77 32.03 31.83 31.05 31 30.71 30.1 30 29.91 29.02 29 29 28.99 28.92 28.58 28.54 28.8617 -9999 -9999 -9999 -9999 -9999 -9999 -9999 -9999 -9999 -9999 -9999 -9999 -9999 -9999 -9999 -9999 -9999 -9999 -9999 -9999 -9999 -9999 -9999
35.01 35.05 35 35.05 35.05 35 35 35 35 35 35 34.96 34.78 34.63 34.09 34.11 34 34 34 34 34 34 34 34 34 34.22 34.55 34.85 34.89 34.81 34.97 34.73 34.81 34.84 34.64 34.81 34.3 34.05 34 33.71 33.02 32.56 32.05 31.84 31.52 31.03 30.98 30.22 30 30 29.71 29 29 29 28.95 28.86 28.92 28.88298 -9999 -9999 -9999 -9999 -9999 -9999 -9999 -9999 -9999 -9999 -9999 -9999 -9999 -9999 -9999 -9999 -9999 -9999 -9999 -9999 -9999 -9999 -9999 -9999
35 35 35.01 35.01 35 35 35 35 35 35 34.96 34.89 34.47 34.09 34.08 34.04 34 34 34 34 34 34 34 34 34 34 34.04 34.61 34.85 34.99 34.96 35 35 34.99 34.6 34.32 34.14 34 34 33.68 33.01 32.38 31.94 31.47 31 31 30.21 30 29.96 29.57 29.1 29.02 29 29 28.94898 28.93827 29 -9999 -9999 -9999 -9999 -9999 -9999 -9999 -9999 -9999 -9999 -9999 -9999 -9999 -9999 -9999 -9999 -9999 -9999 -9999 -9999 -9999 -9999 -9999 -9999 -9999
35 35 35 35.05 35 35 35 35 35 35 34.92 34.8 34.54 34.13 34 34 34 34 34 34 34 34 34 34 34 34 34 34.1 34.53 34.56 34.85 34.9 34.69 34.5 34.57 34.39 34.19 34.06 33.99 33.78 33 32.79 32.05 31.52 31.01 30.7 29.98 29.84 29.25 29.05102 29.05063 29.0303 -9999 -9999 -9999 -9999 -9999 -9999 -9999 -9999 -9999 -9999 -9999 -9999 -9999 -9999 -9999 -9999 -9999 -9999 -9999 -9999 -9999 -9999 -9999 -9999 -9999 -9999 -9999 -9999 -9999 -9999
35 35 35 35 35 35 35 35 35 35 34.95 34.9 34.56 34.11 34 34 34 34 34 33.95 33.99 33.97 33.99 33.81 34 34 34 34 34.01 34.27 34.06 34.29 34.32 34.17 34.13 34 34 33.86 33.88 33.86 33.03 32.69 31.98 31.86 31.03 30.4 29.91358 -9999 -9999 -9999 -9999 -9999 -9999 -9999 -9999 -9999 -9999 -9999 -9999 -9999 -9999 -9999 -9999 -9999 -9999 -9999 -9999 -9999 -9999 -9999 -9999 -9999 -9999 -9999 -9999 -9999 -9999 -9999 -9999 -9999 -9999 -9999
35 35 35 35 35 35 35 35 35 35 35 34.88 34.33 34 34 34 34 34 34 33.94 33.88 33.78 33.92 33.91 33.97 33.99 34 34 34 34 34.01 34.06 34 34 34.02 34 33.99 33.86 33.92 33.74 32.96 32.17 31.99 31.91549 -9999 -9999 -9999 -9999 -9999 -9999 -9999 -9999 -9999 -9999 -9999 -9999 -9999 -9999 -9999 -9999 -9999 -9999 -9999 -9999 -9999 -9999 -9999 -9999 -9999 -9999 -9999 -9999 -9999 -9999 -9999 -9999 -9999 -9999 -9999 -9999 -9999 -9999
35 35 35 35 35 35 35 35 35 34.96 34.92 34.58 34.24 34.08 34.01 34 34 33.97 33.94 33.62 33.76 33.54 33.71 33.88 33.87 33.81 33.81 33.94 33.98 34 34 33.95 33.97 33.99 33.91 33.98 33.55 33.99 33.71 33.06 33 32.43 32.04 -9999 -9999 -9999 -9999 -9999 -9999 -9999 -9999 -9999 -9999 -9999 -9999 -9999 -9999 -9999 -9999 -9999 -9999 -9999 -9999 -9999 -9999 -9999 -9999 -9999 -9999 -9999 -9999 -9999 -9999 -9999 -9999 -9999 -9999 -9999 -9999 -9999 -9999 -9999
34.94 34.98 35 35 35 35 35 35 35 35 34.93 34.75 34.27 34.01 34 34 33.99 33.98 33.98 33.94 33.55 33.83 33.82 33.26 33.48 33.35 33.67 33.51 33.8 33.93 33.65 33.29 33.41 33.61 33.54 33.2 33.33 33.93 33.85 32.98 33 -9999 -9999 -9999 -9999 -9999 -9999 -9999 -9999 -9999 -9999 -9999 -9999 -9999 -9999 -9999 -9999 -9999 -9999 -9999 -9999 -9999 -9999 -9999 -9999 -9999 -9999 -9999 -9999 -9999 -9999 -9999 -9999 -9999 -9999 -9999 -9999 -9999 -9999 -9999 -9999 -9999
34.69 34.99 35 35 35 35 35 35 35 35 34.96 34.89 34.1 34.21 34.02 34 34 33.98 33.93 33.87 33.42 33.49 33.03 33.01 33 33.02 33.09 33.04 33.65 33.34 33.35 33 33.01 33 32.86 32.47 33.27 34 33.93 33.56 33 -9999 -9999 -9999 -9999 -9999 -9999 -9999 -9999 -9999 -9999 -9999 -9999 -9999 -9999 -9999 -9999 -9999 -9999 -9999 -9999 -9999 -9999 -9999 -9999 -9999 -9999 -9999 -9999 -9999 -9999 -9999 -9999 -9999 -9999 -9999 -9999 -9999 -9999 -9999 -9999 -9999
34.34 34.88 34.97 35 35 35 35 35 35 34.99 34.98 34.93 34.59 34.07 34 34 34 34 33.94 33.91 33.64 33.46 33.15 33.14 33.11 33.04 33 33.2 33.14 33.14 33 33 32.98 32.97 32.79 32.95 33.72 33.99 34 33.57732 33 32.98837 32.34783 -9999 -9999 -9999 -9999 -9999 -9999 -9999 -9999 -9999 -9999 -9999 -9999 -9999 -9999 -9999 -9999 -9999 -9999 -9999 -9999 -9999 -9999 -9999 -9999 -9999 -9999 -9999 -9999 -9999 -9999 -9999 -9999 -9999 -9999 -9999 -9999 -9999 -9999 -9999
