layers/wordclim/future/Iberia_wcB2a_10_hadcm3_2080/bio_14.asc
ncols         166
nrows         93
xllcorner     -9.4959440078468
yllcorner     36.000324005443
cellsize      0.083333337679505
NODATA_value  -9999
[rows 38 to 75 of 93, columns 0 to 84 of 166]
-9999 -9999 -9999 -9999 -9999 -9999 -9999 -9999 -9999 9 9.12 9.02 8.99 9.4 11.04 12.21 9.45 8.87 8.59 8.7 7.86 7.84 7.01 7.4 8.62 8.4 7.75 7.04 7 6.01 6 5.98 5.36 5 4.98 4.89 4.99 5.26 5.94 6.85 6.08 5.52 4.96 4.88 5.1 5.42 5.23 5.81 5.85 6.03 6.41 7.29 8.9 7.69 7.26 7.49 7.84 7.93 7.63 6.69 7.13 6.51 6.49 6.89 5.64 5.93 5.39 5.03 5 5 4.61 4.22 4.3 4.19 4.22 5.37 6.16 5.98 6.96 7.95 7.84 7.39 8.68 9.22 9.79
-9999 -9999 -9999 -9999 -9999 -9999 -9999 -9999 9 9 9 9 8.71 9.48 10.24 9.59 8.85 8.29 8.1 7.85 7.97 8.03 9.11 10.65 9.18 7.96 7.22 7 7 6 6 6 5.17 5.26 5.62 5.24 5.26 5.44 5.46 5.49 5.41 4.11 4.11 4.61 4.93 5.7 5.71 5.77 5.2 5.94 7.84 9.38 9.63 8.89 9.29 8.71 7.37 6.58 5.68 5.74 5.43 5.05 5.33 5.33 5 4.94 5 5 5 4.93 4.77 4.01 4 4.09 5.17 5.99 5.74 6.26 7.02 7.29 6.84 7.04 7.63 7.61 8.33
-9999 -9999 -9999 -9999 -9999 -9999 -9999 -9999 9 9.35 9 9 8.66 9.62 9.29 8.3 8.09 7.94 7.98 8.3 8.35 9.58 13.79 10.83 7.83 6.44 6.19 6.7 7 6 6.08 6.04 5.9 5.85 5.73 5.74 6.34 5.54 5.17 4.01 3.56 3.71 4.4 4.74 5.76 8.33 7.73 6.19 6.03 8.09 8.88 9.04 9.19 7.62 7.65 7.14 6.72 7.2 7.59 6.91 5.2 4.87 4.83 4.64 4.24 4.96 5 5 5 4.56 4.41 4 4.01 4.65 5.42 5.88 5.52 6.11 6.28 5.9 6.59 6.71 8.16 9.1 8.4
-9999 -9999 -9999 -9999 -9999 -9999 -9999 -9999 9 9 9.49 9 9 9.34 9.01 8.01 8.02 7.89 7.91 8.48 8.67 9.08 12.09 10.54 6.56 6 6.07 6.07 6.49 6.95 6.42 6.98 6.27 5.94 6.07 5.38 4.92 4.31 4.13 3.38 3.18 3.61 3.98 4.59 7.83 10.07 7.39 6.93 8.31 9.19 10.81 10 9.04 6.74 7.42 7.51 5.47 4.44 4.73 5.18 5.12 4.89 4.38 4 4.57 4.99 4.96 5 5 4.7 4.15 4.05 4.34 4.97 5.01 5.31 5.83 5.96 5.44 6.22 7.25 7 7.53 8.67 9.22
-9999 -9999 -9999 -9999 -9999 -9999 -9999 8.506849 8.66 8.29 8.42 8.41 8.59 8.99 8.45 8.39 8.01 8.29 9.64 10.18 10.13 8.53 7.59 6.75 6.52 6.07 6.01 5.31 5.55 5.86 5.04 4.67 5.83 4.89 4.28 4.03 3.97 4.04 4 3.87 3 3 4.39 6.8 5.37 6.81 9.93 9.79 9.56 5.72 7.36 6.49 4.57 3.71 4.32 3.24 3.67 4.13 4.58 4.87 4.39 4.02 4 4.25 4.96 5 4.77 5 5 5 4.24 4.21 4.39 4.76 4.82 5.12 5.22 5.18 5.48 6.98 7.47 7.31 8.67 8.83 9.25
-9999 -9999 -9999 -9999 -9999 -9999 -9999 -9999 7.454545 7.96 7.91 8.06 9.15 9.22 8.73 9.28 9.77 10.07 9.82 10.04 9.06 7.72 7.53 7.35 6.72 5.98 5.3 5 5 4.34 4.05 4.05 4.32 3.81 3.28 3.41 3.99 3.99 3.6 3.48 3 3.36 4.58 4.46 5.58 4.48 4.33 4.24 3.76 3.13 3 3 3.01 3.19 3.49 3.83 4.54 5.06 3.94 3.98 3.97 4 4.01 4.74 4.95 4.61 4.87 4.83 4.61 4.97 4.21 4.11 4.75 5 5 4.88 4.83 5.1 5.94 7.15 7.73 7.84 8.77 9.32 9.68
-9999 -9999 -9999 -9999 -9999 -9999 -9999 7.013333 7.28 7.35 7.24 8.63 9.21 8.99 10.31 11.09 9.93 8.81 8.63 7.92 7.29 8.25 7.24 7.34 6.06 5.13 5 4.97 4.88 4.95 4.4 3.93 3.63 3 3 3.09 3.32 3.17 3 3 3 3.1 3.26 3.43 3.48 3 3 3 3 3 2.44 3 3 3 3.03 3.62 3.47 3.08 3.1 3.7 3.98 4 4 4.08 4.02 4.05 4.48 4.07 4.53 4.3 4.01 4.23 4.29 4.48 4.56 4.78 5.32 5.68 6.19 7.06 7.54 8.13 8.55 9.54 9.86
-9999 -9999 -9999 -9999 -9999 -9999 -9999 6.63 6.97 6.99 7.14 8.71 8.55 8.76 9.9 9.42 8.74 8.25 8.49 8.39 8.19 7.27 5.6 5.73 5.4 4.87 4.77 4.34 4.27 4.25 3.97 3.66 3.79 3.03 3 3 2.9 2.65 2.68 3.04 3.26 3 2.86 2.38 2.67 2.95 3 3 3 3 3 3 3 3 3.06 3.09 3.01 3.01 3.24 3.84 4 4 4 4 4.01 4.22 4.13 4 4.08 4.15 4.53 4.97 5 5 5.04 5.68 6 6 6.19 6.95 7.38 7.43 8.08 8.9 9.48
-9999 -9999 -9999 -9999 -9999 -9999 5.952381 5.95 6.49 6.93 6.99 7.84 7.7 8.3 8.32 7.96 8.48 8.8 8.6 8.99 7.16 6.12 5.01 5.06 5 4.73 4.01 4 3.79 3.99 3.65 3.2 3.03 3.06 3 3 3 2.89 3.13 3.45 3.08 2.79 2.3 2.01 2.06 2.26 2.82 3 3 3 3 3 3 3 3 3 3.36 3.31 3.04 3.03 3.46 3.77 3.9 4 4.08 4.3 4.12 4.05 4 4.16 4.6 4.99 5 5 5 5.43 5.97 6 6.05 6.83 7.06 7.22 8.02 8.19 8.97
-9999 -9999 -9999 -9999 -9999 -9999 5.183673 5.23 5.78 6.55 7.21 7.1 6.79 7.58 7.31 7.33 7.32 7.66 8.41 7.68 6.29 5.77 5.5 5.03 4.7 4.01 4 4 4 3.39 3.22 3.23 3 3 3 2.93 2.85 2.91 2.69 2.47 2.49 2.08 2.47 2.47 2.49 2.17 2.75 3 3 3 3 3 2.86 3 3 3.08 3.49 3.71 3.64 3.78 3.69 3.43 3.82 4.51 4.76 4.99 5 4.91 4.62 4.65 4.42 4.58 4.9 5 5 5.03 5.09 5.96 6 6.66 7.13 7.48 7.44 7.93 8.8
-9999 -9999 -9999 -9999 -9999 6 5.05 5.19 5.43 6.3 6.49 6.14 6.01 6.4 7.05 6.66 7.11 7.05 7.11 6.56 5.88 5.77 5.08 4.57 4.71 4.84 4.07 4 4 3.99 3.02 3 3 3 3 2.42 2 2 2.28 2.68 2.57 2.37 2.84 2.99 3.04 3.29 3.33 3.14 3.35 3.48 3.39 3 3.05 3.12 3.82 3.75 3.97 3.96 4.12 4.01 4.01 4.01 4.55 5 5 5.04 5 5 5 5.01 5 5 5 5 5 5 5.05 5.77 6 6.29 6.91 7.32 7.22 7.88 8.47
-9999 -9999 -9999 -9999 -9999 5.439024 5.47 6.05 5.8 7.05 6.22 5.78 5.56 5.44 6.03 5.89 6.46 6.85 6.64 5.94 5.41 5.17 4.86 4.92 4.68 4.43 4 4.11 3.93 3.96 3 3 3 3 3 3 2.04 2 2 2.08 2.13 2 2.23 2.7 2.92 2.97 3.3 3.66 3.79 4.37 4.05 4.27 3.04 3.05 4.28 4.33 4.63 4.64 4.84 4.89 4.86 4.5 4.7 5.03 5.18 5.04 5.08 5.06 4.96 4.88 4.95 5 5 5.01 5 5 5 5.13 5.99 6.5 6.29 6.68 7.13 7.32 8.13
-9999 -9999 -9999 -9999 -9999 4.969697 5.21 7.13 7.84 7.46 6.38 4.94 4.92 4.99 5.34 5.6 5.62 5.66 5.54 5.44 5.06 5.08 5.01 5 4.2 4.48 4.33 4.08 4.01 3.99 3.92 3 3 3 3 3 3 2 2 2 2 2 2.08 2.71 3 3.01 3.1 3.33 4.43 4.56 4.8 4.15 4.15 3.08 3.34 4.05 4.34 4.53 5.6 4.61 5.57 5.45 5.46 5.27 5.38 5.41 5.15 4.41 4.28 4.23 4.15 4.38 4.67 4.49 5 5 5 5 5.39 5.99 6 6.28 6.94 7.22 7.07
-9999 -9999 -9999 4.095238 4.12 4.78 5.41 6.51 6.24 5.47 5.1 5.07 4.14 4.46 4.52 4.47 4.69 4.65 5.01 4.96 5.16 5 5 5 5 4.79 4.6 4.47 4.03 4.03 3.99 3.91 3 3 3 3 3 2.08 2.12 2 2 2 2 2.69 2.99 3.87 3.43 3.57 4.33 4.86 3.84 3.51 3.4 3.54 2.99 3 3 3.05 3.82 3.55 4.27 4.05 4.16 4.05 5.28 6.07 5.63 4.86 4.29 4.43 4.03 4 4.01 4 4.85 5 5 5 5 5.32 5.88 6 6.06 6.38 6.91
-9999 -9999 3.953125 4 4.03 4.4 4.95 4.66 4.78 4.98 4.84 4.82 5.08 4.78 4.89 4.87 4.66 5 5 5 5 5 5 5.15 5.37 5.73 5.41 4.97 4 4 4 4 3 3.01 3.01 3 3 3 2 2 2 2.03 2.22 2.54 2.62 3.37 3.61 3.43 3.28 3.34 3.15 2.44 2.8 2.56 2.59 2.71 3 3 3.13 3.67 4.09 4.3 4.06 4.37 4.57 4.42 5.05 4.56 4 4.35 4.97 4.14 4 4 4.11 4.69 5 5 5 5 5.07 5.92 6 6 6.05
-9999 -9999 3.98 4 4.08 4.06 4.14 4.06 4.34 4.27 4.08 4.14 4.91 5.04 4.5 4.74 4.77 4.58 4.49 4.76 4.38 4.65 4.76 4.94 5.38 5.84 5.63 4.53 4.05 4 4 3.8 3.38 3 3 3 3 3 3 2.01 2.01 2.11 2.23 2.24 2 2.16 2 2.02 2.07 2.62 2.55 2.08 2.12 2.1 3.16 2.8 2.8 3 3.02 3.1 3.13 3.18 3.07 3.5 4.11 4.07 3.87 4.06 4.45 4.39 5.23 4.26 4.02 4.02 4 4.01 4.82 5 5 5 5 5.46 6 6 6
-9999 -9999 3.95 4 4.07 4.92 4 4 4 4 4 4.39 4.77 4.96 5 4 4 4 4.01 4.06 4 4.1 4.87 4.94 5 4.97 4.39 4.16 4 3.48 3.81 3.12 3.04 3 3 3 3 3 3 2.03 2.76 2.41 2.03 2 2 2 2 2 2 2.02 2.13 2.12 2.08 2.03 2.57 3.29 2.72 2.72 2.73 3.02 3.18 3.26 2.91 2.93 3.56 3.61 3.26 3.13 3.2 3.73 3.56 3.25 3.97 4 4 4 4.65 5 5 5 5 5.61 6 6 6.02
-9999 4 4 4.07 4.4 4.07 3.85 3.99 3.97 4 4.02 4.04 4.44 4.93 4.99 4.98 3.78 3.99 4 4 4 4 4.14 4.63 4.54 4.36 4.01 4 3.99 3.6 3.17 3.02 3 3 3 3 3 3 2.99 2.04 2 2 2 2 2 2 2 2 2 2 2.04 2.02 2.15 2.34 2.32 2.86 3 2.74 2.61 2.93 3.06 3.05 3.02 2.52 3.11 3.18 2.39 2.11 2.33 2.78 3 3 3.39 4 4 4 4.28 5 5 5.05 5.52 6 6 6.07 6.69
-9999 4.02 4 4.13 4.37 4.1 3.191489 3.144444 3.183908 3.9 4 4 4.07 4.33 4.29 4.3 3.22 3.58 3.79 3.96 3.96 4 4 4 4.05 4 4 4 3.98 3.65 3 3 3 3 2.87 2.87 2.69 2.25 2.6 2.85 2 2 2 2 2 2 2 2.04 2.05 2 2 2 2 2.06 2.1 2.49 2.76 2.97 2.79 2.5 2.47 2.92 2.77 2.2 2.49 2.06 2 2 2 2.08 2.95 3 3 3.75 4 4.1 4.7 5 5.05 5.96 6.09 6.31 6.66 6.78 7.05
-9999 4.234694 4.58 4.44 4.69 4.072165 3.126582 3 3.02 3.64 3.77 3.98 4 4 4 4 4 3 3.11 3.66 3.96 4 4 4 4 4 4.07 4.05 3.48 3.04 3 3 3 3 2 2.03 2.03 2.03 2.1 2.09 2 2 2 2 2 2 2 2 2 2 2.02 2 2.02 2.74 2.26 2.41 2.49 2.29 2.05 2.78 2.24 2.22 2.46 2.21 2.2 2.01 2 2 2 2 2.75 3 3 3.57 4 4.01 5 5.21 5.77 5.75 6.01 6.43 7 7.28 7.87
-9999 4.6 4.52 4.52 3.81 3.35 3 3 3.01 3.39 3.99 4 4 4 4 4 4 4 3 3.01 3.41 3.79 4.02 4.08 4 4 4.43 3.99 3.15 3 3 3 3 2.99 2.34 2 2.11 2.14 2 2 2 2 2 2 2 2 2 2 2 2 2 2 2 2.18 2.08 2.1 2.19 2.36 2.72 2.78 2.12 2 2.43 2.22 2.01 2 2.01 2.01 2.07 2.29 2.99 3.56 3.44 3.4 4.02 4.13 4.97 5.04 5.89 5.99 6 6.32 7 7.01 7.51
5.432099 4.97 4.44 4.26 3.617021 -9999 -9999 3 3 3 3.36 3.85 3.99 4 4 4 4 4.01 3.03 3.01 3.14 3.39 3.65 4.12 4.06 3.82 3.52 3.18 3 3 3 3 3 3 2.82 2 2.19 2.35 2.05 2.24 2 2 2 2 2.02 2 2 2 2 2 2 2.02 2.14 2.01 1.87 1.91 1.9 1.93 2.35 2.33 2.66 2.27 2.06 2.19 2.29 2.15 2.78 2.49 2.15 2.16 2.84 3.17 3.21 3.62 4.02 4.01 4 5 5.56 6 6 6.3 7 7 7
4.8 4.211267 4 3.935065 3.733333 3 3 3 3 3 3.25 3.72 3.95 4 4 4 4.03 4.14 4.14 3.05 3.15 3.16 3.59 3.51 3.36 3.43 3 3 3 3 3 3 3 3 3 2.64 2.13 2.89 2.14 2 2.21 2.01 2.02 2 2 2 2 2.02 2.04 2.22 2.04 2.06 2.04 2 1.45 1.23 1.31 1.83 2.03 2.1 2.36 2.8 2.57 2.33 2.18 2.42 3.3 2.98 2.07 2.43 3.06 3.08 3.19 3.76 4 4 4 4.42 5.21 5.75 6 6.19 6.39 6.56 7.33
-9999 -9999 -9999 4 3.558442 3 3 3 3 3 3 3.16 3.55 4 4 4 4.1 4.08 4.02 4 3 3 3 3 3 3 3 3 3 3.12 3.08 3.03 3 3 3 2.8 2.88 3 2.79 2.28 2.46 2 2 2 2 2 2 2.17 2.06 2 2 2 2 1.25 2 1.38 1.75 2.21 2.07 2.12 2.32 2.88 2.86 2.61 2.65 2.57 2.33 2.35 3.06 2.5 3.11 3.29 3.48 3.91 4 4.21 4.09 4.67 4.85 5.76 5.49 5.78 5.09 6.55 8.38
-9999 -9999 -9999 -9999 3.77 3.39 3.393939 3.094118 3 3 3 3 3.08 3.81 3.86 3.81 4.01 3.92 3.97 3.99 2.93 2.76 2.87 3 3 2.9 2.66 3 3 3.06 3.08 3.27 3.71 3.29 3.19 2.94 2.95 3 2.99 2.66 2.14 2.14 2 2 2 2.11 2.2 2.04 2.06 2 2 2 2 1.8 1.92 1.52 1.55 1.75 2.12 2.78 3.15 2.92 2.66 2.49 2.08 2.29 2.5 2.49 2.44 3.06 3.22 3.77 4 4 4 4.03 4.02 4.11 4.91 4.78 4.68 4.99 5.92 8.47 9.45
-9999 -9999 -9999 -9999 3.925926 4.028572 -9999 3 -9999 3 3 3 3 3 3.02 3.07 3.01 3 3.13 3.09 3 2 2.27 2.44 2.5 2.17 2.05 2.61 3 3.01 3.02 3.21 3.89 3.76 3.8 3.18 2.99 3 3 2.97 2.35 2 2 2 2 2.01 2.01 2 2 2.03 2 2 2 1.94 2 2 2 2 2 2.04 2.37 3.36 3.32 3.2 3.1 2.36 1.97 2.8 3.32 3.9 4.64 3.82 3.82 3.93 3.77 3.81 4.06 4.22 4.36 3.99 4 5.22 5.97 6.66 8.27
-9999 -9999 -9999 -9999 -9999 -9999 -9999 -9999 3 3 3 2.91 2.92 3 3 3.01 3 3 3.03 3.34 3 3.07 2 2 2 2 2 2.17 2.48 2.92 2.97 3.17 3.43 2.72 2.96 3 3.03 3 3 3 2.94 2 2 2 2 2 2 2 2 2 2 2.02 2 2 2 2.02 2.04 2.02 2.29 2.38 2.05 2.25 2.25 2.74 2.85 2.98 1.87 2.69 2.76 3.01 3.54 3.7 3.67 3.2 3.07 3.26 3.71 3.98 3.78 3.43 3.87 4.62 5.07 7.24 8.43
-9999 -9999 -9999 -9999 -9999 -9999 -9999 -9999 -9999 2.99 3 2.95 2.71 2.7 2.76 3 3 3.01 3 3 3.03 3.16 3.05 2 2 2 2 2 2.02 2.05 2.64 2.84 2.52 2.31 2.49 2.52 2.85 3 3 3 3 2 2 2 2 2 2 2 2.02 2 2.02 2 2.16 2.57 2.12 2.04 2.26 2.09 2.53 2.62 2.92 2.92 2.84 2.08 2.71 2.35 1.92 2.19 2.37 2.2 2.38 2.41 2.07 2.12 2.46 3.12 3.33 3.2 2.82 4.08 5.49 4.65 7.49 8.97 7.26
-9999 -9999 -9999 -9999 -9999 -9999 -9999 -9999 -9999 2.92 3 2.26 2.43 2.34 2.27 2.45 2.75 2.96 3 3 3.01 2.88 2.74 1.86 1.89 2 2 2 2 2 2 2.4 2.7 3.26 3 2.84 2.66 3 3 2.86 2.79 2.06 2.08 2 2 2 2 2 2 2.03 2.03 1.69 1.53 1.74 2.18 1.94 1.74 1.92 2.43 2.2 2.41 2.34 2.94 1.91 2.21 2.1 1.72 2.47 1.54 1.34 1.64 1.86 1.39 2.22 3.06 3.15 2.94 2.8 3.82 4.55 5.39 5.66 8.5 8.53 7.12
-9999 -9999 -9999 -9999 -9999 -9999 -9999 -9999 2 2.55 3 2.48 2.04 2 2 2 2.03 2.08 2.69 2.23 2.14 2.03 2 2.27 1.85 1.99 2 2 2 2 2.03 2.25 2.63 2.94 2.99 3.17 3.15 3 3 2.99 2.35 2 2 2.13 2.01 2 2 1.95 1.97 1.93 2 1.76 2.11 1.83 1.31 1.61 1.51 1.38 1.73 1.68 1.09 1.22 1.44 1.4 1.53 1.56 1.66 1.17 1.1 1.08 1.82 1.07 1.38 2.08 2.12 2.19 2.8 3.32 4.08 7.34 4.79 7.93 9.71 9.13 9.25
-9999 -9999 -9999 -9999 -9999 -9999 -9999 -9999 2 2.41 2.68 2.34 2 2 2 2 2 2.33 2.08 2.12 2 2.04 2 2.01 2.82 2 2 2 2.02 2.39 2.62 2.46 2.17 2.72 3.22 3.19 3.12 3.63 3 2.76 2.49 2 1.99 2 2.02 2 2 1.97 1.67 1.43 1.78 1.07 1.54 1.77 1.62 1.54 1.61 1.12 1.03 1 1 1 1 1 1 1 1 1 1.02 1.18 1.22 1.81 2.71 2.94 2.97 2.75 2.24 2.75 5.54 6.15 6.96 11.11 10.32 11.08 10.63
-9999 -9999 -9999 -9999 -9999 -9999 -9999 2 2 2.21 2 2 2 2 2 2 2 2 2 2.02 2 2 2 2 2.14 2.73 1.64 1.51 1.9 2 2.11 2.66 2.6 2.65 2.65 2.2 2.05 2.41 2.55 2.01 2.27 2.53 1.79 1.99 2 2 2 2 1.96 1.83 1 1 1.01 1.02 1.02 1.1 1.27 1 1 1 1 1 1 1 1.02 1.06 1 1.1 1.01 1.08 1.14 1.63 1.87 1.87 1.87 1.88 2.22 2.75 4.46 6.69 9.9 11.58 9.44 9.91 8.12
-9999 -9999 -9999 -9999 -9999 -9999 -9999 -9999 2 2 2 2 2 2 2 2 2 2 2 2 2 2 2 2 2.05 2.18 1 1.42 2.01 2.13 2.14 2.56 2.54 2.82 2.74 2.59 2.37 1.89 1.89 2 2 1.88 1.36 1.87 1.73 1.67 1.95 1.89 1.66 1.13 1 1 1 1 1 1 1 1 1 1 1 1 1 1.05 1.13 1.22 1.33 1.79 1.46 1.84 2.01 2.16 2.01 2.31 2.18 1.96 2.68 4.21 7.86 8.42 9.92 8.71 6.37 7.14 6.77
-9999 -9999 -9999 -9999 -9999 -9999 -9999 -9999 2 2 2 2 2 2 2 2 2 2 2 2 2 2 2 2 2 2 2 1.27 1.52 1.4 1.48 1.73 1.53 1.75 1.76 1.99 2 1.87 1.31 1.72 1.71 1.7 1.06 1.15 1.01 1 1.01 1.02 1.01 1 0.9 0.61 1 1 1 1 1 1 1 1 1 1.14 1 1.11 1.27 1.93 2.03 2.45 2.16 2 3.15 4.15 4.66 4.1 2.89 2.72 2.54 5.01 8.9 5.98 5.34 5.22 4.96 5.05 5.42
-9999 -9999 -9999 -9999 -9999 -9999 -9999 -9999 1.361702 1.645161 1.72 1.95 2 1.99 2 2 2 2 2 2 2 2 1.97 2 2 2 2 1 1 1.01 1 1.03 1 1.09 1.6 1.6 1.64 1.67 1.21 1.04 1 1.01 1 0.74 0.7 0.68 0.94 0.63 0.19 0.17 0.11 0.45 1 1 1 1 1 1 1 1 1 1.03 1.07 1.36 1.9 2 2.72 3.88 2.95 3.14 3.48 5.39 8.01 4.35 4.3 3.88 3.47 3.03 4.09 4.4 4.03 4.11 4.02 4.94 5.67
-9999 -9999 -9999 -9999 -9999 -9999 -9999 -9999 1 1.03 1.08 1.58 1.81 2 1.99 2 2 2 2 2 1.99 1.77 1.69 1.94 1.8 1.99 2 2 1 1 1 1 1 1 1.05 1 1.13 1.06 1.05 1 1 0.98 0.81 0.42 0 0.01 0.02 0 0 0 0 0.32 0.56 0.99 1 1 1 1 1 1.02 1.27 1.33 1.81 1.7 2.15 3.19 2.66 4.14 5.65 4.8 3.97 4.58 4.93 4.89 4.89 4.15 3.34 2.98 3.42 3.67 3.16 3.01 3.87 5.19 7.43
-9999 -9999 -9999 -9999 -9999 -9999 -9999 -9999 1 1 1 1.01 1.07 1.41 1.47 1.94 2 2 2 2 2 1.98 1.8 1.4 1.82 1.95 2 2 0.98 0.97 0.8 0.88 1 1 1 1 1 1 0.98 0.8 0.6 0.18 0.01 0 0 0 0 0 0 0 0 0.48 0.87 0.72 1 1 1 1 1 1.43 1.93 2.65 2.97 2.37 2.24 3 3.17 4.53 5.63 5.66 4.81 5.33 4.81 4.85 4.83 4.88 3.85 3.1 3.06 3.64 4.01 3.11 4.31 5.53 6.17
-9999 -9999 -9999 -9999 -9999 -9999 -9999 -9999 1 1.02 1.3 1.01 1 1.26 1.75 1.97 2 2 2 2 1.97 1.93 1.92 1.85 1.07 1.69 1.84 1.73 1.72 0.11 0.17 0.64 0.63 0.6 0.6 0.5 0.68 0.26 0.03 0.03 0.21 0.03 0 0 0 0 0 0 0 0 0 0.41 0.51 0.63 1 1 1 1 1 1.04 1.56 2.98 2.9 2.58 2.98 3.07 3.85 3.79 4.63 4.42 4.4 4.27 3.99 4.47 4.08 3.79 3.58 4.16 4.78 5.8 5.01 3.89 4.45 6.27 7.28
