layers/wordclim/future/Iberia_wcB2a_10_hadcm3_2080/bio_01.asc
ncols         166
nrows         93
xllcorner     -9.4959440078468
yllcorner     36.000324005443
cellsize      0.083333337679505
NODATA_value  -9999
[rows 33 to 65 of 93, columns 73 to 145 of 166]
143.67 151.16 151 151.79 153.54 156.55 153.76 151.12 146.03 141.87 141.01 140.84 139.14 138.07 134.65 131.35 130.31 131.52 134.4 136.42 136.51 136.06 139.68 138.93 138.17 142.89 135.7 127.13 126.43 134.62 141.51 149.03 159.29 160.19 159.89 158.05 164.66 171.37 178.47 177.94 171.7 173.23 178.06 176.14 180.44 178.33 195.93 193.33 190.91 193.18 190.9 194.2 -9999 -9999 -9999 -9999 -9999 -9999 -9999 -9999 -9999 -9999 -9999 -9999 -9999 -9999 -9999 -9999 -9999 -9999 -9999 -9999 -9999
158.81 155.19 157.07 160.36 158.09 153.67 148.16 146.48 147.22 145.68 143.68 140.83 139.06 143.67 138.52 137.13 131.8 137.19 135.43 133.14 133.73 133.75 136.75 137.17 140.69 142.51 136.37 133.77 130.72 137.52 138.48 143.25 149.08 152 150.15 155.45 159.12 166 173.68 165.79 162.79 168.63 173.38 171.83 166.56 172.18 200.03 199.94 184.9 199.1818 -9999 -9999 -9999 -9999 -9999 -9999 -9999 -9999 -9999 -9999 -9999 -9999 -9999 -9999 -9999 -9999 -9999 -9999 -9999 -9999 -9999 -9999 -9999
157.59 158.04 161.4 164.83 159.85 151.48 149.53 149.51 152.07 150.98 144.09 142.74 145.05 143.04 139.88 139.67 137.62 135.79 134.62 135.14 130.92 129.58 133.11 139.59 142.68 139.2 128.37 127.38 129.36 130.69 131.3 135.34 134.13 134.72 139.83 144.85 151.3 166.04 164.5 166.67 159.98 164.8 159.76 155.58 147.57 177.22 204.57 205.07 202.94 207.9437 -9999 -9999 -9999 -9999 -9999 -9999 -9999 -9999 -9999 -9999 -9999 -9999 -9999 -9999 -9999 -9999 -9999 -9999 -9999 -9999 -9999 -9999 -9999
163.12 161.48 165.91 163.46 153.31 152.92 152.3 148.25 155.28 158.89 157.21 152.87 145.45 134.93 131.62 129.38 132.92 131.5 127.81 128.48 125.52 127.97 127.17 136.82 143.08 136.68 126.38 130.02 130.28 128.2 126.78 128.73 133.64 133.89 138.85 144.14 154.66 157.83 159.67 155.41 149.52 150.11 144.3 156.59 165.81 191.34 203.03 207.2 209.8866 209.7742 209.0465 208.8696 -9999 -9999 -9999 -9999 -9999 -9999 -9999 -9999 -9999 -9999 -9999 -9999 -9999 -9999 -9999 -9999 -9999 -9999 -9999 -9999 -9999
168.27 166.2 169.49 160.28 157.3 157.77 151.7 149.38 158.57 154.24 149.06 143.76 142.6 138.72 133.52 129.57 128.27 127.96 126.36 122.92 117.39 123.67 123.24 129.53 138.93 142.85 130.81 132.13 135.79 134.38 128.03 129.33 128.28 127.5 130.78 130.26 144.04 151.24 157.3 154.13 149.06 153.23 160.76 175.08 190.13 197.6 200.03 196.6808 -9999 -9999 -9999 -9999 -9999 -9999 -9999 -9999 -9999 -9999 -9999 -9999 -9999 -9999 -9999 -9999 -9999 -9999 -9999 -9999 -9999 -9999 -9999 -9999 -9999
172.86 172.81 164.05 159.2 163.05 157.4 152.84 155.65 162.2 154.2 153.13 151.41 153.07 150.18 144.01 136.44 130.47 119.18 119.96 116.43 112.39 117.74 121.87 126.37 136.16 144.77 138.76 134.07 140.72 133.86 120.02 128.1 125.82 122.25 122.08 119.22 135.3 142.87 150.81 151.63 149.78 160.45 171.14 187.57 195.35 202.1 205.16 -9999 -9999 -9999 -9999 -9999 -9999 -9999 -9999 -9999 -9999 -9999 -9999 -9999 -9999 -9999 -9999 -9999 -9999 -9999 -9999 -9999 -9999 -9999 -9999 -9999 -9999
174.94 166.68 161.2 162.84 161.65 156.85 158.28 163.6 164.64 162.06 164.42 161.89 160.02 150.42 145.85 136.88 129.42 123.21 117.23 116.8 112.53 115.27 122.4 129.67 135.88 143.53 142.42 138.03 142.44 127.14 123.27 122.74 118.18 109.7 112.74 118.97 124.31 137.73 143.15 147.88 153.73 171.64 183.16 189.88 196.68 205.77 209.24 -9999 -9999 -9999 -9999 -9999 -9999 -9999 -9999 -9999 -9999 -9999 -9999 -9999 -9999 -9999 -9999 -9999 -9999 -9999 -9999 -9999 -9999 -9999 -9999 -9999 -9999
171.55 165.43 164.28 167.21 163.16 164.03 169.58 166.01 167.59 158.49 155.83 161.86 156.21 154.95 150.96 146.37 132.53 127.44 120.78 116.34 114.84 120.37 128.03 129.51 131.63 141.29 146.72 149.68 142.05 129.47 129.3 126.01 119.38 107.81 110.05 119.29 129.53 143.39 158.34 161.35 170.49 179.03 190.46 188.65 197.39 204.6385 -9999 -9999 -9999 -9999 -9999 -9999 -9999 -9999 -9999 -9999 -9999 -9999 -9999 -9999 -9999 -9999 -9999 -9999 -9999 -9999 -9999 -9999 -9999 -9999 -9999 -9999 -9999
170.62 168.97 169.84 166.65 167.03 172.07 167.53 161.84 166.71 163.71 158.37 157.25 153.53 151.78 148.46 144.63 133.46 125.32 123.02 125.59 114.65 118.5 121.54 124.42 130.48 135.88 144.11 153.08 142.74 133.86 142.42 141.93 130.91 121.13 127.26 127.89 135.29 145.16 164.41 172.72 174.35 179.02 196.99 200.43 197.5122 -9999 -9999 -9999 -9999 -9999 -9999 -9999 -9999 -9999 -9999 -9999 -9999 -9999 -9999 -9999 -9999 -9999 -9999 -9999 -9999 -9999 -9999 -9999 -9999 -9999 -9999 -9999 -9999
175.56 172.95 170.52 171.68 174.91 172.97 162.05 160.53 163.97 156.59 158.17 157.73 156.4 151.55 144.47 150.53 135.96 133.58 130.96 123.71 122.9 122.43 128.83 121.65 136.63 140.41 151.08 147.21 134.54 136.78 148.9 153 148.93 144.96 141.08 148.82 148.28 153.31 176.74 188.82 187.92 191.77 197.54 208.2237 -9999 -9999 -9999 -9999 -9999 -9999 -9999 -9999 -9999 -9999 -9999 -9999 -9999 -9999 -9999 -9999 -9999 -9999 -9999 -9999 -9999 -9999 -9999 -9999 -9999 -9999 -9999 -9999 -9999
172.53 172.9 176.2 178.9 175.77 170.27 162 159.87 160.69 156.81 155.12 154.82 150.54 150.88 151.5 150.4 139 133.59 130.43 132.45 131.61 134.59 133.12 130.52 139.66 155.55 152.16 138.19 118.6 122.41 140.89 153.64 157.1 160.79 163.49 160.31 165.46 171.81 182.53 193.26 192.27 193.37 204.0341 -9999 -9999 -9999 -9999 -9999 -9999 -9999 -9999 -9999 -9999 -9999 -9999 -9999 -9999 -9999 -9999 -9999 -9999 -9999 -9999 -9999 -9999 -9999 -9999 -9999 -9999 -9999 -9999 -9999 -9999
180.73 180.7 178.09 173.53 170.96 168.36 164.06 161.37 160.29 158.03 154.52 154.32 149.34 152.62 157.18 153.01 145.88 138.79 142.58 141.82 137.19 141.7 138.91 132.96 141.46 156.3 146.66 132.48 119.54 125.95 139.71 146.12 154.31 155.29 168.05 172.96 181.22 188.78 197.46 198.01 198.32 201.9702 -9999 -9999 -9999 -9999 -9999 -9999 -9999 -9999 -9999 -9999 -9999 -9999 -9999 -9999 -9999 -9999 -9999 -9999 -9999 -9999 -9999 -9999 -9999 -9999 -9999 -9999 -9999 -9999 -9999 -9999 -9999
174.01 174.03 171.7 169.8 169.33 168.02 165.26 162.45 164.22 162.74 158.66 157.2 155.06 156.34 154.38 152.35 149.77 146.24 150.47 149.56 148.53 143.94 141.89 143.36 148.04 153.08 157.32 150.34 140.74 134.04 127.14 139.19 155.48 164.88 170.76 168.95 177.53 192.17 202.53 206.26 209.0515 -9999 -9999 -9999 -9999 -9999 -9999 -9999 -9999 -9999 -9999 -9999 -9999 -9999 -9999 -9999 -9999 -9999 -9999 -9999 -9999 -9999 -9999 -9999 -9999 -9999 -9999 -9999 -9999 -9999 -9999 -9999 -9999
175.67 174.19 172.81 172.33 172.06 169.46 167 165.71 165.11 163.6 162.97 159.6 159.24 160.88 154.26 150.8 148.28 147.85 152.23 149.33 153.61 146.35 141.09 146.88 152.74 150.55 154.48 161.56 157.12 151.58 144.47 142.18 157.26 170.17 182.52 185.62 178.15 184.6 200.53 209.404 -9999 -9999 -9999 -9999 -9999 -9999 -9999 -9999 -9999 -9999 -9999 -9999 -9999 -9999 -9999 -9999 -9999 -9999 -9999 -9999 -9999 -9999 -9999 -9999 -9999 -9999 -9999 -9999 -9999 -9999 -9999 -9999 -9999
178.06 176.05 175.16 175.41 173.33 171.71 167.38 165.43 164.59 166.67 165.16 161.78 161.78 163.71 160.34 156.82 151.85 150.89 154.14 153.35 154.16 155.35 154.52 155.8 152.73 151.98 159.71 169.31 168.24 164.04 160.96 167.18 167.06 171.05 175.61 188.47 195.97 197.3 207.79 -9999 -9999 -9999 -9999 -9999 -9999 -9999 -9999 -9999 -9999 -9999 -9999 -9999 -9999 -9999 -9999 -9999 -9999 -9999 -9999 -9999 -9999 -9999 -9999 -9999 -9999 -9999 -9999 -9999 -9999 -9999 -9999 -9999 -9999
177.94 178.17 176.99 176.29 175 173.36 170.16 168.84 165.87 168.09 165.74 162.08 162.89 166.28 164.71 158.58 155.4 154.86 154.75 156.32 159.04 162.73 163.13 159.37 150.76 158.49 160.54 165.21 173 181.91 182.63 185.82 191.23 193.64 190.36 183.22 195.55 205.53 210.7237 -9999 -9999 -9999 -9999 -9999 -9999 -9999 -9999 -9999 -9999 -9999 -9999 -9999 -9999 -9999 -9999 -9999 -9999 -9999 -9999 -9999 -9999 -9999 -9999 -9999 -9999 -9999 -9999 -9999 -9999 -9999 -9999 -9999 -9999
178.19 180.19 179.54 178.34 176.85 173.02 169.49 171.61 170.71 167.53 169.05 164.77 164.6 166.47 166.29 165.09 161.67 159.98 159.19 157.99 157.22 162.33 166.55 160.34 158.93 164.39 161.57 155.23 159.14 173.09 187.84 193.62 199.32 202.03 203.06 203.29 203.96 209.4681 -9999 -9999 -9999 -9999 -9999 -9999 -9999 -9999 -9999 -9999 -9999 -9999 -9999 -9999 -9999 -9999 -9999 -9999 -9999 -9999 -9999 -9999 -9999 -9999 -9999 -9999 -9999 -9999 -9999 -9999 -9999 -9999 -9999 -9999 -9999
180.92 181.26 180.77 179.73 178.65 176.98 174.21 175.36 173.56 170.31 169.71 169.63 169.48 168.56 164.96 165.35 167.28 165.6 164.85 163.67 163.95 164.67 170.65 166.65 165.42 166.84 169.85 167.36 167.37 166.61 167.83 185.48 198.59 203.13 205.93 206.88 210.31 -9999 -9999 -9999 -9999 -9999 -9999 -9999 -9999 -9999 -9999 -9999 -9999 -9999 -9999 -9999 -9999 -9999 -9999 -9999 -9999 -9999 -9999 -9999 -9999 -9999 -9999 -9999 -9999 -9999 -9999 -9999 -9999 -9999 -9999 -9999 -9999
182.18 182.33 180.93 178.44 179.65 179.72 178.29 177.76 176.82 175.37 174.77 172.73 172.49 169.17 166.49 169.7 169.39 168.61 167.89 168.87 168.36 170.68 176.53 172.94 171.81 175.06 177.28 175.53 170.34 169.79 171.06 183.16 196.43 202.62 207.13 209.7 211.63 -9999 -9999 -9999 -9999 -9999 -9999 -9999 -9999 -9999 -9999 -9999 -9999 -9999 -9999 -9999 -9999 -9999 -9999 -9999 -9999 -9999 -9999 -9999 -9999 -9999 -9999 -9999 -9999 -9999 -9999 -9999 -9999 -9999 -9999 -9999 -9999
183.25 183.78 183.05 181.41 181.77 181.6 180.31 179.84 178.89 177.72 177.36 176.24 175.21 173.2 172.68 173.15 171.62 171.54 170.66 171.24 171.74 171.88 174.87 182.67 183.75 182.26 181.89 176.73 175.95 176.31 181.41 192.6 198.46 202.02 204.74 210.44 212.96 -9999 -9999 -9999 -9999 -9999 -9999 -9999 -9999 -9999 -9999 -9999 -9999 -9999 -9999 -9999 -9999 -9999 -9999 -9999 -9999 -9999 -9999 -9999 -9999 -9999 -9999 -9999 -9999 -9999 -9999 -9999 -9999 -9999 -9999 -9999 -9999
184.22 184.78 184.39 184.01 183.2 182.55 181.63 180.31 179.73 178.14 177.89 177.02 176.19 175.23 174.54 174.24 174.61 174.21 174.09 174.23 174.16 174.85 174.82 174.39 176.98 180.92 182.52 182.82 180.51 179.03 186.35 186.22 188.31 202.2 205.84 210.77 213.5 214.1905 -9999 -9999 -9999 -9999 -9999 -9999 -9999 -9999 -9999 -9999 -9999 -9999 -9999 -9999 -9999 -9999 -9999 -9999 -9999 -9999 -9999 -9999 -9999 -9999 -9999 -9999 -9999 -9999 -9999 -9999 -9999 -9999 -9999 -9999 -9999
185.06 184.52 184.11 184 183.51 182.74 181.74 180.19 178.79 177.09 176.67 175.87 176.61 176.83 176.77 176.24 176.77 176.67 176.86 177.1 177.15 176.79 178.13 177.88 176.14 174.49 173.29 179.23 187.29 174.21 173.79 186.64 194.69 199.58 210.62 212.85 213.96 214.2626 -9999 -9999 -9999 -9999 -9999 -9999 -9999 -9999 -9999 -9999 -9999 -9999 -9999 -9999 -9999 -9999 -9999 -9999 -9999 -9999 -9999 -9999 -9999 -9999 -9999 -9999 -9999 -9999 -9999 -9999 -9999 -9999 -9999 -9999 -9999
185.61 185.41 184.98 184.01 183.57 181.67 179.26 177.66 175.79 174.94 174.14 172.4 174.07 176.05 177.06 177.81 177.82 177.83 178.02 178.59 178.71 178.84 176.98 174.69 170.46 165.19 167.77 173.27 183.61 169.24 176.02 192.85 199.57 204.89 212.2 213.28 208.08 210.23 -9999 -9999 -9999 -9999 -9999 -9999 -9999 -9999 -9999 -9999 -9999 -9999 -9999 -9999 -9999 -9999 -9999 -9999 -9999 -9999 -9999 -9999 -9999 -9999 -9999 -9999 -9999 -9999 -9999 -9999 -9999 -9999 -9999 -9999 -9999
186.01 185.07 183.71 182.6 180.86 177.95 173.4 171.98 171.02 170.23 170.41 168.2 169.21 172.93 176.91 178.96 179.13 179.22 179.4 178.87 177.3 172.97 170.41 165.62 161.78 158.39 164.87 171.56 179.81 169.36 175.44 186.51 197.54 205.5 210.44 211.54 202.47 202.26 213.6173 -9999 -9999 -9999 -9999 -9999 -9999 -9999 -9999 -9999 -9999 -9999 -9999 -9999 -9999 -9999 -9999 -9999 -9999 -9999 -9999 -9999 -9999 -9999 -9999 -9999 -9999 -9999 -9999 -9999 -9999 -9999 -9999 -9999 -9999
186 184.38 180.95 178.78 175.78 173.98 174.71 172.03 169.98 167.12 165.08 163.58 165.74 170.98 176.35 178.8 179.53 180 179.52 177.62 171.26 166.91 165.99 162.12 163.12 167.6 170.24 172.99 171.66 164.73 173.7 184.19 193.8 201.53 204.63 206.08 199.49 197.15 212.54 216.375 -9999 -9999 -9999 -9999 -9999 -9999 -9999 -9999 -9999 -9999 -9999 -9999 -9999 -9999 -9999 -9999 -9999 -9999 -9999 -9999 -9999 -9999 -9999 -9999 -9999 -9999 -9999 -9999 -9999 -9999 -9999 -9999 -9999
186.39 184.58 181.71 179.39 177.63 173.87 172.63 172.79 170.11 168.4 166.81 164.91 165.21 169.64 173.62 177.1 178.48 179.73 178.11 175.81 173.39 170.42 168.5 167.57 168.67 170.6 172.58 176.4 176.72 172.77 177.57 187.57 188.02 192.19 202.15 203.13 197.66 194.99 200.33 212 215.2239 -9999 -9999 -9999 -9999 -9999 -9999 -9999 -9999 -9999 -9999 -9999 -9999 -9999 -9999 -9999 -9999 -9999 -9999 -9999 -9999 -9999 -9999 -9999 -9999 -9999 -9999 -9999 -9999 -9999 -9999 -9999 -9999
185.96 182.51 181.56 181.04 179.24 175.18 172.36 170.96 169.49 168.15 167.47 167.06 168.04 168.16 169.72 170.84 171.52 174.94 173.57 173.54 172.39 170.5 169.25 169.35 171.18 174.34 171.89 170.28 172.77 179.08 185.79 181.18 182.33 187.32 182.22 184.4 193.66 182.16 183.64 193.1 207.41 210.81 211.8144 -9999 -9999 -9999 -9999 -9999 -9999 -9999 -9999 -9999 -9999 -9999 -9999 -9999 -9999 -9999 -9999 -9999 -9999 -9999 -9999 -9999 -9999 -9999 -9999 -9999 -9999 -9999 -9999 -9999 -9999
185.88 184.06 182.26 181.18 179.47 176.97 173.82 170.32 170.05 171.81 170.76 165.81 161.31 158.29 158.11 158.27 163.63 169.91 173.63 172 173.6 173.76 174.65 175.18 171.66 176.27 178.24 177.59 178.22 187.23 183.25 179.78 177.08 170.9 171.06 181.06 183.82 170.29 179.1 183.02 194.44 205.88 210.5783 -9999 -9999 -9999 -9999 -9999 -9999 -9999 -9999 -9999 -9999 -9999 -9999 -9999 -9999 -9999 -9999 -9999 -9999 -9999 -9999 -9999 -9999 -9999 -9999 -9999 -9999 -9999 -9999 -9999 -9999
186.35 183.28 179.64 179.89 179.15 178.04 173.2 175.16 174.7 179.72 170.58 158.83 152.51 159.18 157.62 161.24 166.83 172.61 176.17 179.39 180.56 180.78 181.08 180.1 177.42 175.58 178.75 183.63 184.26 188.06 190 182.48 172.89 176.15 166.39 168.5 170.89 174.2 176.75 204.13 205.1842 -9999 -9999 -9999 -9999 -9999 -9999 -9999 -9999 -9999 -9999 -9999 -9999 -9999 -9999 -9999 -9999 -9999 -9999 -9999 -9999 -9999 -9999 -9999 -9999 -9999 -9999 -9999 -9999 -9999 -9999 -9999 -9999
183.26 182.68 181.49 181.71 182.73 177.34 179.48 183.85 182.23 174.44 157.14 152.65 151.93 159.66 167.95 171.24 176.15 181.83 183.23 183.31 186.77 190 188.8 184.61 184.3 181.18 180.76 186.59 184.36 180.5 189.89 187.1 171.14 181.18 181.72 191.07 184.27 203.33 207.9 211.8095 -9999 -9999 -9999 -9999 -9999 -9999 -9999 -9999 -9999 -9999 -9999 -9999 -9999 -9999 -9999 -9999 -9999 -9999 -9999 -9999 -9999 -9999 -9999 -9999 -9999 -9999 -9999 -9999 -9999 -9999 -9999 -9999 -9999
186.26 186.88 187.2 184.7 182.59 183.29 187.18 186.25 179.5 173.44 169.11 159.97 158 168.9 174.62 178.76 184.48 182.69 187.49 192.89 194.76 194.09 190.02 185.61 188.21 188.91 185.33 177.46 182.18 186.6 191.06 195.88 186.91 194.36 202.23 209.17 208.8919 -9999 -9999 -9999 -9999 -9999 -9999 -9999 -9999 -9999 -9999 -9999 -9999 -9999 -9999 -9999 -9999 -9999 -9999 -9999 -9999 -9999 -9999 -9999 -9999 -9999 -9999 -9999 -9999 -9999 -9999 -9999 -9999 -9999 -9999 -9999 -9999
192.07 194.39 193.28 189.96 189.15 190.33 193.87 189.96 183.51 179.56 165.87 158.34 167.53 182.6 187.07 184.46 184.29 189.82 194.86 193.36 196.09 197.4 196.59 197.68 193.73 190.58 192.24 187.1 187.49 183.95 193.01 202.92 205.08 206.97 213.15 215.3974 -9999 -9999 -9999 -9999 -9999 -9999 -9999 -9999 -9999 -9999 -9999 -9999 -9999 -9999 -9999 -9999 -9999 -9999 -9999 -9999 -9999 -9999 -9999 -9999 -9999 -9999 -9999 -9999 -9999 -9999 -9999 -9999 -9999 -9999 -9999 -9999 -9999
202.98 200.37 194.3 192.15 194.34 199.45 186.93 175.37 182.3 162.81 154.23 166.09 167.51 174.53 171.9 168.18 168.03 177.2 185.33 197.37 201.5 200.02 202.56 205.52 199.94 195.68 185.68 187.81 192.4 191.34 195 204.59 210.64 212.86 215.8684 -9999 -9999 -9999 -9999 -9999 -9999 -9999 -9999 -9999 -9999 -9999 -9999 -9999 -9999 -9999 -9999 -9999 -9999 -9999 -9999 -9999 -9999 -9999 -9999 -9999 -9999 -9999 -9999 -9999 -9999 -9999 -9999 -9999 -9999 -9999 -9999 -9999 -9999
