layers/wordclim/future/Iberia_wcB2a_10_hadcm3_2080/bio_01.asc
ncols         166
nrows         93
xllcorner     -9.4959440078468
yllcorner     36.000324005443
cellsize      0.083333337679505
NODATA_value  -9999
[rows 0 to 32 of 93, columns 73 to 145 of 166]
-9999 -9999 -9999 -9999 -9999 -9999 -9999 -9999 -9999 -9999 -9999 -9999 -9999 -9999 -9999 -9999 -9999 -9999 -9999 -9999 -9999 -9999 -9999 -9999 -9999 -9999 -9999 -9999 -9999 -9999 -9999 -9999 -9999 -9999 -9999 -9999 -9999 -9999 -9999 -9999 -9999 -9999 -9999 -9999 -9999 -9999 -9999 -9999 -9999 -9999 -9999 -9999 -9999 -9999 -9999 -9999 -9999 -9999 -9999 -9999 -9999 -9999 -9999 -9999 -9999 -9999 -9999 -9999 -9999 -9999 -9999 -9999 -9999
-9999 -9999 -9999 -9999 -9999 -9999 -9999 -9999 -9999 -9999 -9999 -9999 -9999 -9999 -9999 -9999 -9999 -9999 -9999 -9999 -9999 -9999 -9999 -9999 -9999 -9999 -9999 -9999 -9999 -9999 -9999 -9999 -9999 -9999 -9999 -9999 -9999 -9999 -9999 -9999 -9999 -9999 -9999 -9999 -9999 -9999 -9999 -9999 -9999 -9999 -9999 -9999 -9999 -9999 -9999 -9999 -9999 -9999 -9999 -9999 -9999 -9999 -9999 -9999 -9999 -9999 -9999 -9999 -9999 -9999 -9999 -9999 -9999
-9999 -9999 -9999 -9999 -9999 -9999 -9999 -9999 -9999 -9999 -9999 -9999 -9999 -9999 -9999 -9999 -9999 -9999 -9999 -9999 -9999 -9999 -9999 -9999 -9999 -9999 -9999 -9999 -9999 -9999 -9999 -9999 -9999 -9999 -9999 -9999 -9999 -9999 -9999 -9999 -9999 -9999 -9999 -9999 -9999 -9999 -9999 -9999 -9999 -9999 -9999 -9999 -9999 -9999 -9999 -9999 -9999 -9999 -9999 -9999 -9999 -9999 -9999 -9999 -9999 -9999 -9999 -9999 -9999 -9999 -9999 -9999 -9999
-9999 -9999 -9999 -9999 -9999 -9999 -9999 -9999 -9999 -9999 -9999 -9999 -9999 -9999 -9999 -9999 -9999 -9999 -9999 -9999 -9999 -9999 -9999 -9999 -9999 -9999 -9999 -9999 -9999 -9999 -9999 -9999 -9999 -9999 -9999 -9999 -9999 -9999 -9999 -9999 -9999 -9999 -9999 -9999 -9999 -9999 -9999 -9999 -9999 -9999 -9999 -9999 -9999 -9999 -9999 -9999 -9999 -9999 -9999 -9999 -9999 -9999 -9999 -9999 -9999 -9999 -9999 -9999 -9999 -9999 -9999 -9999 -9999
150.9 150.382 155.2222 -9999 -9999 156.5402 155.16 150.87 153.6977 153.4487 155.2545 -9999 -9999 -9999 -9999 -9999 -9999 -9999 -9999 -9999 -9999 -9999 -9999 -9999 -9999 -9999 -9999 -9999 -9999 -9999 -9999 -9999 -9999 -9999 -9999 -9999 -9999 -9999 -9999 -9999 -9999 -9999 -9999 -9999 -9999 -9999 -9999 -9999 -9999 -9999 -9999 -9999 -9999 -9999 -9999 -9999 -9999 -9999 -9999 -9999 -9999 -9999 -9999 -9999 -9999 -9999 -9999 -9999 -9999 -9999 -9999 -9999 -9999
143.15 142.34 142.28 150.37 150.102 158.8485 155.36 155.94 155.31 153.81 150.81 155.202 155.1644 160.4333 161.0492 162.918 162.2143 162.8854 158.51 148.61 153.3378 -9999 -9999 -9999 -9999 -9999 -9999 -9999 -9999 -9999 -9999 -9999 -9999 -9999 -9999 -9999 -9999 -9999 -9999 -9999 -9999 -9999 -9999 -9999 -9999 -9999 -9999 -9999 -9999 -9999 -9999 -9999 -9999 -9999 -9999 -9999 -9999 -9999 -9999 -9999 -9999 -9999 -9999 -9999 -9999 -9999 -9999 -9999 -9999 -9999 -9999 -9999 -9999
141.49 139.18 145.03 149.75 148.64 145.77 154.98 155.75 153.15 146.6 147.28 149.5 148.77 150.41 149.31 150.58 158.29 149.51 150.62 137.25 149.9 144.81 137.38 136.18 -9999 -9999 -9999 -9999 -9999 -9999 -9999 -9999 -9999 -9999 -9999 -9999 -9999 -9999 -9999 -9999 -9999 -9999 -9999 -9999 -9999 -9999 -9999 -9999 -9999 -9999 -9999 -9999 -9999 -9999 -9999 -9999 -9999 -9999 -9999 -9999 -9999 -9999 -9999 -9999 -9999 -9999 -9999 -9999 -9999 -9999 -9999 -9999 -9999
129.31 144.66 144.08 148.94 147.79 149.03 149.45 150.34 140.88 146.4 148.71 148.92 145.67 144.95 144.88 148.42 150.91 139.2 133.49 132.71 145.07 146.54 143.87 133.0548 -9999 -9999 -9999 -9999 -9999 -9999 -9999 -9999 -9999 -9999 -9999 -9999 -9999 -9999 -9999 -9999 -9999 -9999 -9999 -9999 -9999 -9999 -9999 -9999 -9999 -9999 -9999 -9999 -9999 -9999 -9999 -9999 -9999 -9999 -9999 -9999 -9999 -9999 -9999 -9999 -9999 -9999 -9999 -9999 -9999 -9999 -9999 -9999 -9999
127.34 130.59 126.74 129.76 146.48 147.04 133.47 118.75 134.82 134.58 146.57 149.7 141.41 148.96 153.82 149.89 137.19 139.94 127.08 128.75 129.43 125.27 116.71 115.625 -9999 111.4167 109.125 -9999 -9999 -9999 -9999 -9999 -9999 -9999 -9999 -9999 -9999 -9999 -9999 -9999 -9999 -9999 -9999 -9999 -9999 -9999 -9999 -9999 -9999 -9999 -9999 -9999 -9999 -9999 -9999 -9999 -9999 -9999 -9999 -9999 -9999 -9999 -9999 -9999 -9999 -9999 -9999 -9999 -9999 -9999 -9999 -9999 -9999
130.03 129.36 128.48 127.2 130.91 134.28 137.38 132.14 139.21 140.13 134.2 131.77 121.54 133.35 140.46 134.42 123.55 126.84 133.57 135.82 135.75 135.74 127.63 124.11 118.32 115.67 113.66 109.53 102.6774 99.14754 94.66 79.24138 -9999 -9999 -9999 -9999 -9999 -9999 -9999 -9999 -9999 -9999 -9999 -9999 -9999 -9999 -9999 -9999 -9999 -9999 -9999 -9999 -9999 -9999 -9999 -9999 -9999 -9999 -9999 -9999 -9999 -9999 -9999 -9999 -9999 -9999 -9999 -9999 -9999 -9999 -9999 -9999 -9999
131.44 128.09 125.48 131.29 130.04 128.27 130.96 139.98 144.65 144.57 143.44 141.52 140.46 130.56 132.64 131.99 131.24 120.61 134.03 144.77 142.28 138.01 134.59 128.42 126.43 121.48 110.44 118.26 109.06 107.3 99.79 80.45 74.67105 -9999 -9999 -9999 -9999 -9999 -9999 -9999 -9999 -9999 -9999 -9999 -9999 -9999 -9999 -9999 -9999 -9999 -9999 -9999 -9999 -9999 -9999 -9999 -9999 -9999 -9999 -9999 -9999 -9999 -9999 -9999 -9999 -9999 -9999 -9999 -9999 -9999 -9999 -9999 -9999
137.66 138.98 136.75 127.9 142.67 135.97 142.16 142.22 137.71 136.33 131.95 133.09 126.5 124.27 128.65 130.37 120.91 126.78 131.84 145.8 149.04 148.08 140.65 140.3 139.87 130.92 127.49 125.41 121.61 120.11 106.74 95.4 86.15 67.07527 70.92538 60.92308 69.20454 51.15152 41.86567 -9999 -9999 -9999 -9999 -9999 -9999 -9999 -9999 -9999 -9999 104.31 84.13 61.97436 57.41818 -9999 -9999 -9999 -9999 -9999 -9999 -9999 -9999 -9999 -9999 -9999 -9999 -9999 -9999 -9999 -9999 -9999 -9999 -9999 -9999
129.18 130.84 125.3 129.88 147.04 148.63 147.7 142.5 141.73 139.78 131.86 136.06 137.14 136.06 135.56 138.43 144.99 149.37 145.51 147.88 141.6 141.27 135.23 134.79 140.13 145.01 135.73 129.27 124.06 126.61 119.79 117.06 113.53 97.55 88.17 58.14 70.76 86.82 53.51 65.92391 -9999 -9999 -9999 67.02778 -9999 49.37037 -9999 -9999 -9999 87.82653 97.25 82.59 70.77 63.74 78.30488 63.8254 65.30303 -9999 -9999 -9999 -9999 -9999 -9999 -9999 -9999 -9999 -9999 -9999 -9999 -9999 -9999 -9999 -9999
139.96 138.68 137.21 135.09 139.97 144.39 148.33 140.43 132.18 129.94 135.59 136.81 136.96 139.82 148.55 148.4 147 152.44 155.83 155.13 146.73 143.27 132.34 133.07 139.68 146.26 138.3 131.97 136.57 136.4 137.36 126.9 119.88 117.34 113.28 99.96 95.3 104.12 86.15 95.33 74.44 65.16 81.04 94.18 67.53 67.69 52.39 80.68 41.4 51.23 61.13 58.67 57.17 72.1 104.45 84.26 83.64 58.63918 -9999 -9999 -9999 -9999 -9999 -9999 -9999 -9999 -9999 -9999 -9999 -9999 -9999 -9999 -9999
130.76 134.12 134.91 137.26 145.47 149.78 151.01 152.98 152.17 151.11 151.98 150.61 149.97 152.47 155.65 154.9 156.98 157.53 159.96 159.45 153.46 148.97 140.38 145.69 151.53 150.44 148.52 138.14 133.4 125.4 132.62 135.47 125.64 125.17 118.19 120.66 122.3 108.25 97.13 105.94 101.48 106.76 122.12 112.01 75.73 82.11 99.91 78.51 69.84 82.27 77.86 68.92 53.11 58.22 101.01 115.1 99.85 74.87 -9999 -9999 -9999 -9999 -9999 -9999 -9999 -9999 -9999 -9999 -9999 -9999 -9999 -9999 -9999
130.51 130.49 135.67 139.62 142.31 146.71 146.92 150.06 154.22 152.89 155.94 158.85 159.23 160.87 161.03 159.04 160.16 160.7 159.05 161.16 157.76 158.78 151.2 149.26 151.06 140.89 136.33 132.6 131.52 123.74 122.26 130.67 128.72 129.16 124.33 126.98 127.04 115.32 108.48 106.21 122.53 123.84 136.62 119.65 108.22 109.12 108.66 95.97 106.11 116.12 98.96 69.7 75.76 78.92 111.31 103.99 91.08 89.21 -9999 -9999 63.49206 66.2421 79.44944 111.8519 122.3235 -9999 -9999 -9999 -9999 -9999 -9999 -9999 -9999
122.02 124.62 129.78 125.03 125.61 134.28 138.87 149.7 147.96 137.84 147.45 151.57 154.89 155.1 158.62 160.82 163.96 163.69 161.32 164.26 163.6 162.98 161.3 159.17 158.28 152.65 142.26 138.37 133.32 128.47 126.82 132.65 134.86 126.08 125.18 124.24 120.17 119.83 116.21 113.07 113.87 127.9 140.4 142.21 136.77 127.51 119.9 110.06 105.34 118.58 117.58 113.84 119.07 112.82 121.31 92.11 106.15 127.38 134.33 118.84 113.73 118.74 123.63 121.88 106.6849 -9999 76.875 77.29 97.65 112.3176 -9999 -9999 -9999
120.23 114.53 114.05 111.92 121.83 111.97 123.87 139.94 129.7 123.69 133.18 132.22 129.98 139.44 136.92 152.76 162.43 165.77 165.86 166 166.43 163.13 160.69 160.79 159.94 157.24 152.37 147.9 143.82 141.4 137.35 143.57 143.16 136.11 125.68 117.23 116.06 114.46 105.21 113.1 118.12 127.12 141.7 147.57 133.77 140.07 126.34 135.55 123.08 134.56 125.85 115.8 135.81 137.66 109.62 103.76 117.51 142.44 125.5 104.51 93.93 93.79 108.78 106.27 103.56 110.47 121.58 115.7 118.44 138.15 151.36 154.98 153.93
111.81 107.85 99.97 100.86 103.85 101.11 117.47 123.3 119.67 131.14 124.32 131.3 122.5 134.99 138.8 148.12 156.14 158.33 166.53 169.63 169.78 166.33 166.55 166.53 162.71 161.65 159.78 159.29 154.77 150 146.96 150.41 151.71 150.32 149.01 144.5 140.49 135.42 137.64 138.93 133.28 136.54 137.28 149.06 141.96 151.56 145.92 138.67 134.96 145.09 131.77 143.48 152.66 130.2 107.82 121.99 140.95 137.09 113.98 102.35 101.83 109.19 116.18 137.06 126.88 132.59 140.95 147.3 140.1 146.13 166.83 168.6 174.9
128.43 122.73 120.69 119.01 114.92 122.54 119.34 108.89 115.28 120.96 115.19 111.25 119.13 127.9 129.07 137.26 143.56 146.19 162.07 167.63 167.82 169.96 168.66 164.67 162.37 166.12 166.19 165.8 163.36 159.67 157.41 158.62 157.87 154.76 152.47 153.47 152.66 147.56 149.3 151.3 149.19 152.03 151.54 157.78 149.93 151.04 141.59 142.31 140.86 150.25 140.1 158.59 156.96 153.21 132.32 129.15 145.5 134.02 124.19 119.43 134.69 129.19 117.38 150.57 146.8 148.11 146.9 154.88 140.1 138.9 163.35 160.27 169.78
133.16 132.84 125.35 109.67 105.32 104.57 97.46 101.85 101.65 102.68 104.62 113.56 122.96 120.11 127.06 133.22 146.63 155.59 159.43 162.91 168.8 171.07 171.67 168.41 161.35 162.34 169.8 165.39 158.35 155.85 158.21 163.46 160.48 160.82 157.45 159.14 158.43 153.41 154.32 157.13 156.86 159.73 163.02 165.32 146.97 143.65 143.2 151.7 148.01 138.71 136.3 154.5 135.11 141.02 145.35 154.02 162.81 156.6 152.1 151.03 148.27 145.74 154.58 165.73 159.81 158.77 154.54 159.69 166.03 153.29 145.71 164.15 173.58
126.29 134.24 131.58 128.66 126.45 120.22 109.7 115.04 107.4 116.71 117.81 124.78 119.19 117.84 124.97 133.27 144.17 149.48 152.54 154.09 165.34 167.17 171 174.54 173.08 172.46 171.83 166.83 159.03 150.71 157.48 167.54 164.87 159.58 160.06 163.92 164.57 160.75 159.93 162.63 160.84 165.7 168.23 169.04 163.32 158.25 151.62 152.99 156.79 147.97 155.08 158.78 147.28 163.09 167.18 165.91 163.6 158.48 151.15 157.88 165.42 165.06 163.59 170.64 165.83 166.9 160.36 164.1 170.5 164.85 160.93 163.75 177.83
132.51 130.72 131.66 130.05 127.6 126.76 127.22 130.19 131.85 133.17 132.19 135.34 134.72 128.88 126.7 132.34 137.1 137.34 144.16 152.28 157.76 156.47 163.18 172.23 174.2 176.59 174.94 164.38 159.79 159.91 164.18 171.25 167.43 161.26 156.2 163.24 165.96 168.7 168.3 167.53 162.1 168.68 174.29 172.36 171.18 169.21 167.78 167.8 164.08 162.13 164.95 170.58 169.69 173.39 169.65 171.98 170.47 163.62 158.96 156 164.95 173.15 171.51 177.23 174.7 168.46 153.88 162.89 164.28 158.37 151.56 161.19 175.71
140.7 138.92 135.17 133.6 133.48 130.84 130.92 131.44 131.51 132.06 137.52 138.99 137.22 134.37 132.64 133.65 133.35 132.71 112.94 122.29 148.55 155.67 162.59 167.4 171.28 175.01 177.97 177.08 172.89 168.74 173.25 175.72 169.89 164.65 156.12 158.92 165.47 169.17 172.33 170.96 170.94 175.15 177.49 173.88 177.53 179.4 179.39 175.78 178.07 178.23 180.77 180.47 178.78 177.02 175.88 172.14 169.98 168.75 167.05 160.87 160.69 169.75 180.95 182.53 179.8 168.51 159.3 160.91 156.09 144.14 148.23 176.96 183.74
144.12 142.5 141.28 139.48 139.3 136.64 138.94 136.73 133.73 135.98 137.75 139.66 141.3 140.13 138.18 138.14 134.51 127.69 123.22 118.15 129.21 144.02 150.86 162.48 168.81 172.15 176.07 178.21 181.03 180.69 179.66 179.79 170.67 165.41 160.11 156.42 158.02 164.5 172.24 175.35 176.49 179.19 181.24 179.24 182.23 183.37 179.04 177.14 183.72 185.23 185.62 184.53 183.45 181.17 178.4 174.51 169.97 163.91 161.5 163.81 166.24 173.16 184.58 185.98 173.29 167.57 165.59 171.57 172.77 171.63 181.82 186.81 186.41
145.8 145.79 145.56 142.33 143.92 142.29 142.05 141.65 142.7 141.37 139.52 140.37 143.65 143 140.27 139.38 136.19 134.03 132.43 137.02 141.77 151.7 153.07 158.47 169.93 174.37 171.08 168.62 174.65 179.87 182.13 184 180.1 175.03 174.5 171.28 163.95 160.61 165.6 168.41 166.56 174.21 179.81 183.68 185.57 183.55 183.34 185.82 188.69 187.73 186.42 184.69 182.98 181.35 177.59 171.05 166.63 163.5 165.46 172.69 174.42 173.87 173.62 187.02 171.56 175.68 183.87 190.82 191.25 188.47 182.62 184.6162 186.8553
144.45 146.53 147.32 148.15 147.47 144.76 145.73 146.72 144.3 142.99 141.99 143.87 140.9 138.85 140.56 141.48 137.46 139.66 139.89 141.95 141.37 155.2 161.99 164.01 172.31 174.15 169.53 162.01 169.3 170.46 171.95 177.98 181.58 184.08 181.78 178.51 175.72 172.75 170.06 174.38 175.45 175.61 178.88 179.18 185.04 187.24 189.7 190.76 188.84 186.62 185.5 183.96 180.57 175.83 170.05 163.67 159.95 161.88 165.07 174.37 180.28 180.89 184.35 192.35 190.42 191.56 195.79 197.61 191.98 190.7766 -9999 -9999 -9999
141.97 143.48 141.99 143.35 144.47 144.93 145.75 145.1 144.96 146.38 146.62 144.08 139.9 139.82 146.5 145.42 144.39 143.98 147.31 151.76 149.22 146.94 163.71 165.05 170.35 171.69 166.98 166.67 166.45 160.52 163.76 169.62 176.01 181.02 185.68 184.68 179.69 175.46 175.23 176.78 178.08 181.21 182.89 182.57 181.09 192.59 190.84 188.02 185.37 181.3 177.61 175.43 174.44 169.71 169.69 171.47 166.41 165.98 162.84 167.34 177.22 188.43 193.13 194.05 197.69 197.85 195.89 198.2553 -9999 -9999 -9999 -9999 -9999
142.44 138.4 135.87 135.22 133.87 134.65 139.95 142.21 139.53 140.11 141.98 143.36 142.78 146.21 151.67 150.5 148.19 149.19 148.75 157.78 156.57 162.22 150.49 148.26 148.81 159.97 164.08 160.4 161.8 155.73 163.89 173.11 177.51 182.38 184.19 186.27 183.68 178.59 177.85 178.17 179.15 182.08 188.04 184.67 187.81 187.2 184.27 182.02 178.25 173.5 170.19 167.4 163.18 166.22 171.13 178.9 177.37 177.3 168.39 175.79 188.22 192.11 190.37 183.36 193.52 201.15 200.5851 -9999 -9999 -9999 -9999 -9999 -9999
127.58 127.71 126.67 127.79 129.28 133.61 137.06 138.5 139.65 139.06 139.17 139.1 142.85 150.06 153.15 155.06 155.71 157.1 155.28 156.71 158.68 159.76 151.92 143.91 142.96 146.7 154.25 152.9 153.07 154.55 160.86 168.79 174.07 178.35 181.54 184.14 187.72 188.1 188.94 189.45 191.04 191.94 189.79 184.81 184.94 187.29 186.43 190.72 187.34 178.53 165.3 161.3 156.64 152.35 169.09 188.03 188.57 186.99 185.17 191.71 195.22 193.59 196.08 188.7857 195.1852 204.2941 -9999 -9999 -9999 -9999 -9999 -9999 -9999
113.38 119.81 124.93 122.24 129.57 140.38 139.94 143.41 145.09 137.99 138.06 138.37 142.83 148 150.38 148.51 145.84 146.77 150.19 152.99 147.03 148.14 151.19 145.24 142.99 142.81 142.06 143.78 148.52 153.8 159.73 163.11 168.06 175.35 180.52 183.63 185.17 185.46 187.3 189.62 190.47 189.59 186.4 190.11 190.41 190.17 186.67 197.08 192.84 184.37 185.4 177.5 172.29 181.11 187.2 195.83 194.52 194.78 194.7347 200.1646 199.1515 -9999 -9999 -9999 -9999 -9999 -9999 -9999 -9999 -9999 -9999 -9999 -9999
128.87 123.61 132.57 131.01 135.8 140.15 142.36 146.53 146.97 140.41 138.7 138.67 137.19 135.5 133.63 133.77 137.29 140.05 140.94 142.85 139.86 138.09 140.58 148.15 143.69 141.51 137.53 138.07 144.16 149.46 154.7 154.74 152.53 164.42 175.09 176.19 178.66 181.17 182.72 180.54 186.73 186.37 184.86 188.61 184.78 182.53 179.6 190.79 197.41 197.1 187.92 176.37 190.92 197.35 199.53 200.6049 -9999 -9999 -9999 -9999 -9999 -9999 -9999 -9999 -9999 -9999 -9999 -9999 -9999 -9999 -9999 -9999 -9999
135 143.93 141.59 138.3 148.44 149.71 149.06 149.51 145.31 142.52 139.59 137.7 137.55 133.11 129.78 131.02 135.14 130.65 132.71 135.41 138.03 137.83 136.09 135.04 145.32 138.36 134.1 126.88 133.83 144.22 149.87 153.2 156.42 162.39 166.45 165.94 171.09 175.87 180.85 181.85 179.45 177.38 180.9 182.83 181.07 183.77 184.87 193.49 202.43 190.23 180.52 186.85 200.9577 -9999 -9999 -9999 -9999 -9999 -9999 -9999 -9999 -9999 -9999 -9999 -9999 -9999 -9999 -9999 -9999 -9999 -9999 -9999 -9999
