layers/wordclim/future/Iberia_wcB2a_10_hadcm3_2080/bio_15.asc
ncols         166
nrows         93
xllcorner     -9.4959440078468
yllcorner     36.000324005443
cellsize      0.083333337679505
NODATA_value  -9999
[rows 0 to 33 of 93, columns 77 to 153 of 166]
-9999 -9999 -9999 -9999 -9999 -9999 -9999 -9999 -9999 -9999 -9999 -9999 -9999 -9999 -9999 -9999 -9999 -9999 -9999 -9999 -9999 -9999 -9999 -9999 -9999 -9999 -9999 -9999 -9999 -9999 -9999 -9999 -9999 -9999 -9999 -9999 -9999 -9999 -9999 -9999 -9999 -9999 -9999 -9999 -9999 -9999 -9999 -9999 -9999 -9999 -9999 -9999 -9999 -9999 -9999 -9999 -9999 -9999 -9999 -9999 -9999 -9999 -9999 -9999 -9999 -9999 -9999 -9999 -9999 -9999 -9999 -9999 -9999 -9999 -9999 -9999 -9999
-9999 -9999 -9999 -9999 -9999 -9999 -9999 -9999 -9999 -9999 -9999 -9999 -9999 -9999 -9999 -9999 -9999 -9999 -9999 -9999 -9999 -9999 -9999 -9999 -9999 -9999 -9999 -9999 -9999 -9999 -9999 -9999 -9999 -9999 -9999 -9999 -9999 -9999 -9999 -9999 -9999 -9999 -9999 -9999 -9999 -9999 -9999 -9999 -9999 -9999 -9999 -9999 -9999 -9999 -9999 -9999 -9999 -9999 -9999 -9999 -9999 -9999 -9999 -9999 -9999 -9999 -9999 -9999 -9999 -9999 -9999 -9999 -9999 -9999 -9999 -9999 -9999
-9999 -9999 -9999 -9999 -9999 -9999 -9999 -9999 -9999 -9999 -9999 -9999 -9999 -9999 -9999 -9999 -9999 -9999 -9999 -9999 -9999 -9999 -9999 -9999 -9999 -9999 -9999 -9999 -9999 -9999 -9999 -9999 -9999 -9999 -9999 -9999 -9999 -9999 -9999 -9999 -9999 -9999 -9999 -9999 -9999 -9999 -9999 -9999 -9999 -9999 -9999 -9999 -9999 -9999 -9999 -9999 -9999 -9999 -9999 -9999 -9999 -9999 -9999 -9999 -9999 -9999 -9999 -9999 -9999 -9999 -9999 -9999 -9999 -9999 -9999 -9999 -9999
-9999 -9999 -9999 -9999 -9999 -9999 -9999 -9999 -9999 -9999 -9999 -9999 -9999 -9999 -9999 -9999 -9999 -9999 -9999 -9999 -9999 -9999 -9999 -9999 -9999 -9999 -9999 -9999 -9999 -9999 -9999 -9999 -9999 -9999 -9999 -9999 -9999 -9999 -9999 -9999 -9999 -9999 -9999 -9999 -9999 -9999 -9999 -9999 -9999 -9999 -9999 -9999 -9999 -9999 -9999 -9999 -9999 -9999 -9999 -9999 -9999 -9999 -9999 -9999 -9999 -9999 -9999 -9999 -9999 -9999 -9999 -9999 -9999 -9999 -9999 -9999 -9999
-9999 50.98851 50.2 48.53 48 47.15385 46.54546 -9999 -9999 -9999 -9999 -9999 -9999 -9999 -9999 -9999 -9999 -9999 -9999 -9999 -9999 -9999 -9999 -9999 -9999 -9999 -9999 -9999 -9999 -9999 -9999 -9999 -9999 -9999 -9999 -9999 -9999 -9999 -9999 -9999 -9999 -9999 -9999 -9999 -9999 -9999 -9999 -9999 -9999 -9999 -9999 -9999 -9999 -9999 -9999 -9999 -9999 -9999 -9999 -9999 -9999 -9999 -9999 -9999 -9999 -9999 -9999 -9999 -9999 -9999 -9999 -9999 -9999 -9999 -9999 -9999 -9999
49.38776 51.71717 50.27 49.44 48.15 46.96 45.79 45.63636 44.73973 44.55 44.29508 44 43.98809 43.92708 43.94 43.99 43.95946 -9999 -9999 -9999 -9999 -9999 -9999 -9999 -9999 -9999 -9999 -9999 -9999 -9999 -9999 -9999 -9999 -9999 -9999 -9999 -9999 -9999 -9999 -9999 -9999 -9999 -9999 -9999 -9999 -9999 -9999 -9999 -9999 -9999 -9999 -9999 -9999 -9999 -9999 -9999 -9999 -9999 -9999 -9999 -9999 -9999 -9999 -9999 -9999 -9999 -9999 -9999 -9999 -9999 -9999 -9999 -9999 -9999 -9999 -9999 -9999
48.05 47.45 49.27 48.57 47.07 45.26 44.58 44.54 44 43.76 43.57 43.68 43.87 43.8 44 43.92 44.27 44.64 44.12 44.15 -9999 -9999 -9999 -9999 -9999 -9999 -9999 -9999 -9999 -9999 -9999 -9999 -9999 -9999 -9999 -9999 -9999 -9999 -9999 -9999 -9999 -9999 -9999 -9999 -9999 -9999 -9999 -9999 -9999 -9999 -9999 -9999 -9999 -9999 -9999 -9999 -9999 -9999 -9999 -9999 -9999 -9999 -9999 -9999 -9999 -9999 -9999 -9999 -9999 -9999 -9999 -9999 -9999 -9999 -9999 -9999 -9999
46.92 47.05 46.8 46.51 44.21 44.5 44.07 43.47 42.88 42.99 43.09 43.42 43.82 43.74 43.42 43.88 44.7 45.05 45.18 44.0274 -9999 -9999 -9999 -9999 -9999 -9999 -9999 -9999 -9999 -9999 -9999 -9999 -9999 -9999 -9999 -9999 -9999 -9999 -9999 -9999 -9999 -9999 -9999 -9999 -9999 -9999 -9999 -9999 -9999 -9999 -9999 -9999 -9999 -9999 -9999 -9999 -9999 -9999 -9999 -9999 -9999 -9999 -9999 -9999 -9999 -9999 -9999 -9999 -9999 -9999 -9999 -9999 -9999 -9999 -9999 -9999 -9999
45.58 45.33 42.75 40.91 42.24 41.69 42.78 42.8 42 42.44 42.95 42.99 42.78 43.66 43.21 43.92 44.19 43.91 42.57 42.05 -9999 40.55952 39.60714 -9999 -9999 -9999 -9999 -9999 -9999 -9999 -9999 -9999 -9999 -9999 -9999 -9999 -9999 -9999 -9999 -9999 -9999 -9999 -9999 -9999 -9999 -9999 -9999 -9999 -9999 -9999 -9999 -9999 -9999 -9999 -9999 -9999 -9999 -9999 -9999 -9999 -9999 -9999 -9999 -9999 -9999 -9999 -9999 -9999 -9999 -9999 -9999 -9999 -9999 -9999 -9999 -9999 -9999
42.12 42.32 42.14 41.64 42.01 41.72 41.18 41.01 40.54 41.21 41.89 41.79 41.36 42.46 43.91 44.86 45.73 45.83 44.4 43.45 41.96 40.86 40.17 39.13 37.34409 36.31147 35.44 33.7069 -9999 -9999 -9999 -9999 -9999 -9999 -9999 -9999 -9999 -9999 -9999 -9999 -9999 -9999 -9999 -9999 -9999 -9999 -9999 -9999 -9999 -9999 -9999 -9999 -9999 -9999 -9999 -9999 -9999 -9999 -9999 -9999 -9999 -9999 -9999 -9999 -9999 -9999 -9999 -9999 -9999 -9999 -9999 -9999 -9999 -9999 -9999 -9999 -9999
41.3 40.92 40.99 41.46 41.5 40.79 40.36 40.15 40.11 40.14 40.81 41.39 41.9 41.68 43.67 46.11 47 46.72 45.76 43.88 43.06 41.89 39.25 39.67 37.91 36.79 35.47 33.74 32.94737 -9999 -9999 -9999 -9999 -9999 -9999 -9999 -9999 -9999 -9999 -9999 -9999 -9999 -9999 -9999 -9999 -9999 -9999 -9999 -9999 -9999 -9999 -9999 -9999 -9999 -9999 -9999 -9999 -9999 -9999 -9999 -9999 -9999 -9999 -9999 -9999 -9999 -9999 -9999 -9999 -9999 -9999 -9999 -9999 -9999 -9999 -9999 -9999
41.64 40.44 40.79 40.41 39.62 39.15 39.02 38.88 39.04 39.3 39.82 40.38 40.61 41.73 43.1 46.11 48.19 49.28 47.03 46.38 45.42 42.85 41.71 40.19 38.8 37.84 35.62 34.23 32.87 31.88172 31.16418 30.97436 30.23864 30.55556 30.25373 -9999 -9999 -9999 -9999 -9999 -9999 -9999 -9999 -9999 -9999 24.48 25.04 25.96154 25.98182 -9999 -9999 -9999 -9999 -9999 -9999 -9999 -9999 -9999 -9999 -9999 -9999 -9999 -9999 -9999 -9999 -9999 -9999 -9999 -9999 -9999 -9999 -9999 -9999 -9999 -9999 -9999 -9999
41.21 40.77 40.04 39.06 38.42 38.05 37.88 37.72 37.75 38.05 38.82 39.69 40.95 42.64 44.09 45.79 45.98 46.71 44.94 44.39 44.94 44.46 42.06 40.23 38.28 37.77 36.13 34.79 33.79 32.26 31.38 30.92 30.34 29.83 29.88 29.06522 -9999 -9999 -9999 27.48611 -9999 27.88889 -9999 -9999 -9999 24.91837 24.08 24.62 24.96 25.49 24.02439 25.19048 25.09091 -9999 -9999 -9999 -9999 -9999 -9999 -9999 -9999 -9999 -9999 -9999 -9999 -9999 -9999 -9999 -9999 -9999 -9999 -9999 -9999 -9999 -9999 -9999 -9999
39.55 39.39 39.1 38.14 38.03 37.73 37.15 36.97 36.99 37.07 37.26 38.5 40.09 41.64 43.69 45.39 45.91 45.86 43.4 42.98 43.76 43.93 41.59 39.77 39.32 38.06 36.93 34.84 33.53 32.29 31.44 30.33 29.83 29.06 28.86 28.05 28.14 28.15 27.55 26.5 27.22 27.02 27.43 25.73 27.54 27 26.12 25.97 25.83 24.72 21.66 23.39 23.47 25.83505 -9999 -9999 -9999 -9999 -9999 -9999 -9999 -9999 -9999 -9999 -9999 -9999 -9999 -9999 -9999 -9999 -9999 -9999 -9999 -9999 -9999 -9999 -9999
38.94 38.57 38.21 37.67 36.63 35.5 34.64 34.06 33.81 33.7 34.43 36.41 38.42 40.54 42.53 43.81 44.95 45.06 43.77 44.44 44.36 43.47 42.37 39.65 38.05 36.22 35.61 34.69 33.04 32.28 31.01 30.19 29.4 28.7 28.17 27.79 27.39 26.87 25.96 25.96 26.91 26.22 25.29 25.76 25.84 25.06 24.94 25.32 26.29 25.9 21.92 20.09 21.79 24.5 -9999 -9999 -9999 -9999 -9999 -9999 -9999 -9999 -9999 -9999 -9999 -9999 -9999 -9999 -9999 -9999 -9999 -9999 -9999 -9999 -9999 -9999 -9999
38.06 37.57 37.11 36.48 35.4 34.39 33.03 31.76 30.44 30.08 32.46 35.04 37.15 39.26 41.18 42.86 43.79 44.37 43.75 43.33 43.02 41.01 39.51 38.07 36.84 35.16 34.01 33.74 32.38 31.44 30.09 29.5 28.64 28.02 27.74 27.45 26.46 25.93 25.22 25.54 25.51 25.14 24.52 24.92 24.04 23.67 23.59 25.24 24.65 24.42 21.05 21.65 22.9 23.35 -9999 -9999 26.5873 26.68421 25.80899 22.88889 22.35294 -9999 -9999 -9999 -9999 -9999 -9999 -9999 -9999 -9999 -9999 39.92857 39.45588 41.67924 -9999 -9999 -9999
37.5 37.16 36.72 35.89 35.2 35.31 33.72 32.63 31.62 31.93 32.38 34.49 36.41 38.25 39.86 41.62 42.54 43.01 43.17 42.88 42.54 41.43 39.1 37.68 36.09 34.77 33.7 32.82 31.96 30.74 29.93 29 28.34 27.67 27.24 26.89 26.52 25.6 24.91 24.6 24.47 24.4 24.52 24.39 24.21 23.25 22.86 22.18 21.37 21.39 20.1 23.27 21.62 19.39 19.23 20.84 21.61 21.6 21.62 22.28 24.82192 -9999 29.0625 29.46 29.26 29.2 -9999 -9999 -9999 34.47872 39.7 44.22 46.27 47.36 47.37078 -9999 -9999
37.29 37.34 36.87 35.88 36.35 36.53 35.59 35.71 36.05 35.19 35.68 34.94 35.86 37.56 39.12 40.03 41.35 42.01 42.01 41.71 41.39 40.74 39.05 37.79 36.4 34.74 33.59 32.68 31.53 30.08 29.15 28.45 27.99 27.3 27.18 26.61 26.21 25.41 24.89 24.33 24.74 24.23 24.43 23.88 23.92 22.74 22.54 22.26 20.48 19.68 21.87 22.45 20.9 19.23 20.2 22.99 24.33 25.21 24.1 24.95 26.25 26.17 25.78 27.36 28.28 27.82 29.42 31.58 33.24 35.87 40.56 44.48 47.98 50.14 49.98877 48.95699 -9999
37.49 37.47 36.93 36.76 36.86 36.1 36.5 35.92 36.48 35.71 35.52 35.11 35.51 36.83 38.14 39.32 40.28 40.8 41.08 41.19 40.23 39.56 38.91 37.79 36.33 34.76 33.04 32.27 31.04 30.08 28.95 28.07 27.28 26.9 26.33 25.99 25.56 25.19 24.87 24.47 24.37 23.86 23.6 23.71 23.36 22.49 22.18 21.35 20.39 20.91 22.55 21.02 20.03 20.39 22.3 24 24.48 24.22 24.02 22.77 24.6 24.41 24.55 25.21 26.76 28.83 31.6 33.89 37.09 40 43.09 46.28 48.98 51.15789 -9999 -9999 -9999
37.48 37.04 37.23 37.29 37 36.74 36.76 36.88 36.52 36.03 36.16 35.69 35.75 36.12 37.36 38.57 39.36 39.95 39.79 39.88 39.51 39.01 38.47 37.53 35.99 34.55 33.35 32.21 31.21 29.9 28.79 28.24 27.85 27.06 26.57 26.1 25.57 25.39 25.09 24.8 24.49 24.03 23.94 23.73 23.15 22.5 22.49 21.88 21.2 20.68 21.12 21.38 21.03 21.37 22.45 23.26 22.21 23.04 25.01 23.16 23.7 24.15 24.95 25.76 28.15 29.62 31.74 33.28 36.45 40.06 44.4 46.89 49.32 51.13 52.9403 -9999 -9999
37.58 37.55 37.52 37.46 37.21 37.14 36.98 36.9 36.62 36.63 36.17 35.93 35.61 36.03 36.5 37.5 38.36 39.01 39.43 39.02 38.3 37.91 37.64 36.54 34.89 33.43 32.41 31.62 30.6 29.37 28.78 28.69 28.1 27.25 27.02 26.52 26.73 25.77 25.64 25.2 24.73 24.38 24.22 23.83 23.48 23.62 23.48 22.68 22.66 21.81 21.82 21.91 22.71 22.42 22.38 22.73 22.89 23.19 23.83 24.66 24.79 25.1 25.39 26.97 28.34 29.52 31.84 34.58 37.88 40.08 45.44 48.61 50.64 52.75 53.83673 -9999 -9999
37.39 37.44 37.44 37.24 37.21 36.83 36.85 36.7 36.7 36.28 36.03 35.57 35.59 35.76 36.11 36.62 37.61 38.11 38.9 39.09 38.78 38.22 37.89 36.19 34.21 32.27 31.62 31.25 30.13 29.06 28.81 28.27 28.15 27.93 27.69 27.62 26.99 26.63 26.3 25.88 25.24 24.93 24.64 24.19 24.16 23.94 23.57 23.5 23.6 23.79 23.86 24.14 23.93 23.72 23.29 24.1 25.07 25.25 25.18 26.24 25.99 26.44 26.61 27.95 29.39 30.98 33.41 35.51 40.62 44.86 48.24 46.98 49.76 53.46 54.76 54.72917 -9999
37.89 37.63 37.5 36.99 37 36.54 36.48 36.39 36.23 36.2 35.87 35.54 35.33 35.22 35.45 36.18 36.67 36.53 37.33 37.98 38.74 38.2 37.92 35.49 33.82 32.65 31.53 30.7 29.29 29.08 28.3 28.05 28.58 28.23 28.06 28.17 27.22 27.05 27.13 27.03 26.33 26.1 25.58 25.21 25.16 25.15 24.96 25.49 25.61 25.96 25.73 26.19 26.15 25.5 25.07 25.39 26.07 27.35 27.04 28.19 27.94 27.73 28.46 29.05 30.21 31.8 33.86 35.78 40.7 47.47 49.96 50.68 49.79 52.49 55.23288 -9999 -9999
37.93 37.82 37.47 37.23 37.21 37.1 37.19 36.96 36.58 35.85 35.53 35.48 35.14 34.95 34.51 34.53 35.34 35.96 36.79 37.63 38.13 38.35 38.65 37.59 35.2 32.93 31.43 31 29.4 28.83 28.36 28.51 28.11 28.87 29.75 29 28.37 28.51 28.59 27.73 27.63 27.62 27.13 26.81 26.71 26.45 27.18 27.92 28 27.82 28.05 27.69 27.61 27.89 27.64 27.12 27.23 28.5 30.21 31.01 30.57 29.33 29.58 30.96 32.51 34.99 36.31 39.97 45.19 50.42 51.74 51.18 53.03125 -9999 -9999 -9999 -9999
37.96 37.53 37.5 37.46 37.22 37.08 36.93 36.73 36.17 36.02 35.72 35.5 35.1 34.43 33.95 33.77 33.89 34.15 34.97 36.49 37.32 38.01 38.72 38.71 36.49 32.82 31.28 30.45 29.74 28.95 28.74 28.36 28.18 28.86 29.4 29.73 29.62 29.73 29.47 29.22 29.61 29.15 28.29 27.76 28.2 29.11 29.62 30.13 29.83 30.12 30.21 29.8 29.48 28.96 28.6 29.35 29.71 30.96 33.44 34.05 31.53 31.21 31.95 33.83 35.37 37.15 41.15 45.37 47.89 53.64286 54.05747 54.875 -9999 -9999 -9999 -9999 -9999
38.33 37.91 37.7 37.36 37.24 37.01 37.03 36.85 36.36 35.64 35.61 35.02 34.7 34.05 34.04 33.61 33.6 34.37 34.53 35.23 36.83 37.85 36.71 35.7 35.24 32.12 30.53 30.72 30.34 29.8 30.08 29.77 29.17 28.84 29.43 29.55 29.79 29.88 30.35 30.96 30.75 30.48 29.87 29.63 30.21 30.77 31.35 31.69 32.1 32.4 32.26 31.77 31.24 30.87 31.64 33.06 33.19 33.59 33.87 36.43 33.95 34.92 36.8 40.05 41.78 42.96 42.91 46.34343 50.01316 -9999 -9999 -9999 -9999 -9999 -9999 -9999 -9999
38.78 38.33 38.12 37.6 37.11 36.86 36.68 36.24 36.06 35.83 35.17 34.74 34.21 34.17 33.75 33.55 33.3 34.43 35.61 35.34 36.7 36.81 35.69 33.2 33.06 31.93 30.66 30.34 30.66 30.99 30.85 30.45 30.88 30.46 30.31 30.53 31.01 30.9 31.61 31.26 32.6 32.34 32.98 33.24 32.54 32.83 33.2 33.84 34.13 33.75 33.49 32.79 32.29 33.13 33.69 35.26 36.86 37.17 38.47 41.09 40.64 40.99 43.36 46.65 45.13 47.03191 -9999 -9999 -9999 -9999 -9999 -9999 -9999 -9999 -9999 -9999 -9999
39.35 39.07 38.4 37.91 37.6 36.95 36.04 35.92 36.05 35.49 34.71 34.35 33.9 33.62 33.71 33.78 33.65 33.22 34.83 35.02 35.65 35.25 33.85 33.3 32.43 31.12 30.35 30.2 30.01 30.62 31.55 32.28 31.49 31.07 31.92 32.53 32.23 33.37 33.53 33.14 33.1 35.25 35.9 34.91 34.73 34.65 34.83 35.13 35.55 34.93 35.76 36.34 35.56 35.65 35.22 36.28 38.65 41.42 43.49 44.14 46.12 46.53 46.77 50.26596 -9999 -9999 -9999 -9999 -9999 -9999 -9999 -9999 -9999 -9999 -9999 -9999 -9999
39.24 38.81 38.55 38.36 37.89 37.28 36.76 36.36 35.94 35.13 35.2 34.4 34.3 33.75 33.58 34.04 34.05 34.22 32.97 32.55 32.39 33.28 33.06 32 31.61 30.48 30.42 30.39 30.81 31.5 31.96 32.97 32.67 32.21 33.15 33.03 33.56 34.6 35.59 35.51 36.24 36.74 36.49 36.47 36.5 36.52 36.46 36.31 35.83 37.06 38.34 40.27 40.33 40.4 38.39 40.11 43.2 44.95 44.76 43.58 47.34 51.71 52.90425 -9999 -9999 -9999 -9999 -9999 -9999 -9999 -9999 -9999 -9999 -9999 -9999 -9999 -9999
39.46 39.07 39.03 38.3 37.92 37.82 37.2 36.45 35.91 35.44 35.18 34.55 34.2 34.12 33.91 33.87 33.6 33.59 33.07 31.92 31.78 31.84 31.75 31 30.77 30.36 30.34 30.27 30.67 30.76 31.97 33.04 34.04 34.53 35.53 35.74 37.51 37.78 37.73 36.9 37.86 38.91 39.61 41.24 40.87 39.73 37.78 37.32 37.12 36.41 39.85 45.32 45.51 44.79 44.19 46.02 47.47 47.59 49.25 47.60204 51.1358 56.5 -9999 -9999 -9999 -9999 -9999 -9999 -9999 -9999 -9999 -9999 -9999 -9999 -9999 -9999 -9999
39.7 39.77 39.31 39.06 38.29 37.79 37.52 36.84 36.39 35.86 35.32 34.86 33.86 33.47 33.45 33.28 32.58 32.58 32.7 32.12 31.62 31.16 30.77 30.34 30.61 30.66 30.33 30.27 30.56 31.55 32.58 33.38 34.28 35.02 35.5 36.88 38.14 38.46 38.04 39.91 40.81 41.85 41.84 45.32 44.98 43.81 44.55 43.02 41.86 44.88 47.08 51.07 50.59 49.88 49.62245 50.81013 50.68182 -9999 -9999 -9999 -9999 -9999 -9999 -9999 -9999 -9999 -9999 -9999 -9999 -9999 -9999 -9999 -9999 -9999 -9999 -9999 -9999
40.29 40.27 39.57 39.15 38.65 38.01 37.32 36.94 36.33 35.73 35.01 34.37 33.78 33.09 32.84 32.65 31.9 31.57 31.55 32.38 31.66 30.82 30.26 29.79 30.16 30.15 29.98 29.77 29.4 30.83 32.11 32.52 33.45 34.83 35.57 36.16 38.71 38.82 38.9 40.7 41.11 41.68 42.1 46.12 48.63 49.77 47.83 44.83 49.78 52.13 53.6 55.03704 -9999 -9999 -9999 -9999 -9999 -9999 -9999 -9999 -9999 -9999 -9999 -9999 -9999 -9999 -9999 -9999 -9999 -9999 -9999 -9999 -9999 -9999 -9999 -9999 -9999
41.29 40.98 40.26 39.69 38.91 38.35 37.84 37.2 36.54 35.75 35.01 34.32 33.75 33.02 32.38 32.01 31.86 31.37 30.99 30.84 32.11 31 30.04 28.64 29.03 29.72 29.63 29.42 29.94 30.82 31.39 31.75 33.06 34.74 36.31 37.14 37.48 37.88 39.6 41.11 41.73 43.66 44.62 48.36 51.7 50.01 47.79 50.15 54.98592 -9999 -9999 -9999 -9999 -9999 -9999 -9999 -9999 -9999 -9999 -9999 -9999 -9999 -9999 -9999 -9999 -9999 -9999 -9999 -9999 -9999 -9999 -9999 -9999 -9999 -9999 -9999 -9999
42.51 41.8 40.85 40.23 39.52 38.78 37.95 37.52 36.78 35.97 35.17 34.46 33.71 33 32.29 31.74 31.27 31.19 31.11 31.04 31.36 32.52 30.11 28.65 28.14 28.45 28.99 29.33 30.36 30.81 30.8 30.94 32.39 34.37 36.15 37.66 36.79 37.78 39.85 40.37 42.71 43.32 48.79 49.71 50.69 52.9 52.84 54.02 -9999 -9999 -9999 -9999 -9999 -9999 -9999 -9999 -9999 -9999 -9999 -9999 -9999 -9999 -9999 -9999 -9999 -9999 -9999 -9999 -9999 -9999 -9999 -9999 -9999 -9999 -9999 -9999 -9999
