layers/wordclim/future/Iberia_wcB2a_10_hadcm3_2080/bio_10.asc
ncols         166
nrows         93
xllcorner     -9.4959440078468
yllcorner     36.000324005443
cellsize      0.083333337679505
NODATA_value  -9999
[rows 0 to 32 of 93, columns 73 to 145 of 166]
-9999 -9999 -9999 -9999 -9999 -9999 -9999 -9999 -9999 -9999 -9999 -9999 -9999 -9999 -9999 -9999 -9999 -9999 -9999 -9999 -9999 -9999 -9999 -9999 -9999 -9999 -9999 -9999 -9999 -9999 -9999 -9999 -9999 -9999 -9999 -9999 -9999 -9999 -9999 -9999 -9999 -9999 -9999 -9999 -9999 -9999 -9999 -9999 -9999 -9999 -9999 -9999 -9999 -9999 -9999 -9999 -9999 -9999 -9999 -9999 -9999 -9999 -9999 -9999 -9999 -9999 -9999 -9999 -9999 -9999 -9999 -9999 -9999
-9999 -9999 -9999 -9999 -9999 -9999 -9999 -9999 -9999 -9999 -9999 -9999 -9999 -9999 -9999 -9999 -9999 -9999 -9999 -9999 -9999 -9999 -9999 -9999 -9999 -9999 -9999 -9999 -9999 -9999 -9999 -9999 -9999 -9999 -9999 -9999 -9999 -9999 -9999 -9999 -9999 -9999 -9999 -9999 -9999 -9999 -9999 -9999 -9999 -9999 -9999 -9999 -9999 -9999 -9999 -9999 -9999 -9999 -9999 -9999 -9999 -9999 -9999 -9999 -9999 -9999 -9999 -9999 -9999 -9999 -9999 -9999 -9999
-9999 -9999 -9999 -9999 -9999 -9999 -9999 -9999 -9999 -9999 -9999 -9999 -9999 -9999 -9999 -9999 -9999 -9999 -9999 -9999 -9999 -9999 -9999 -9999 -9999 -9999 -9999 -9999 -9999 -9999 -9999 -9999 -9999 -9999 -9999 -9999 -9999 -9999 -9999 -9999 -9999 -9999 -9999 -9999 -9999 -9999 -9999 -9999 -9999 -9999 -9999 -9999 -9999 -9999 -9999 -9999 -9999 -9999 -9999 -9999 -9999 -9999 -9999 -9999 -9999 -9999 -9999 -9999 -9999 -9999 -9999 -9999 -9999
-9999 -9999 -9999 -9999 -9999 -9999 -9999 -9999 -9999 -9999 -9999 -9999 -9999 -9999 -9999 -9999 -9999 -9999 -9999 -9999 -9999 -9999 -9999 -9999 -9999 -9999 -9999 -9999 -9999 -9999 -9999 -9999 -9999 -9999 -9999 -9999 -9999 -9999 -9999 -9999 -9999 -9999 -9999 -9999 -9999 -9999 -9999 -9999 -9999 -9999 -9999 -9999 -9999 -9999 -9999 -9999 -9999 -9999 -9999 -9999 -9999 -9999 -9999 -9999 -9999 -9999 -9999 -9999 -9999 -9999 -9999 -9999 -9999
208.3 208.1124 212.463 -9999 -9999 213.4942 212.58 209.05 211.7907 211.9487 213.6727 -9999 -9999 -9999 -9999 -9999 -9999 -9999 -9999 -9999 -9999 -9999 -9999 -9999 -9999 -9999 -9999 -9999 -9999 -9999 -9999 -9999 -9999 -9999 -9999 -9999 -9999 -9999 -9999 -9999 -9999 -9999 -9999 -9999 -9999 -9999 -9999 -9999 -9999 -9999 -9999 -9999 -9999 -9999 -9999 -9999 -9999 -9999 -9999 -9999 -9999 -9999 -9999 -9999 -9999 -9999 -9999 -9999 -9999 -9999 -9999 -9999 -9999
204.06 203.52 203.42 209.96 209.8878 217.1111 214.53 215.5 215.18 214.15 211.4 215.2525 215.4247 220.5167 220.623 222.377 222.3333 224.1354 221.01 213.85 219.5 -9999 -9999 -9999 -9999 -9999 -9999 -9999 -9999 -9999 -9999 -9999 -9999 -9999 -9999 -9999 -9999 -9999 -9999 -9999 -9999 -9999 -9999 -9999 -9999 -9999 -9999 -9999 -9999 -9999 -9999 -9999 -9999 -9999 -9999 -9999 -9999 -9999 -9999 -9999 -9999 -9999 -9999 -9999 -9999 -9999 -9999 -9999 -9999 -9999 -9999 -9999 -9999
204.79 202.95 207.77 211.46 210.94 208.73 216.61 217.59 215.71 210.47 211.3 212.92 212.57 213.78 212.6 214.05 220.82 214.76 216.69 206.91 218.85 215.43 210.19 209.97 -9999 -9999 -9999 -9999 -9999 -9999 -9999 -9999 -9999 -9999 -9999 -9999 -9999 -9999 -9999 -9999 -9999 -9999 -9999 -9999 -9999 -9999 -9999 -9999 -9999 -9999 -9999 -9999 -9999 -9999 -9999 -9999 -9999 -9999 -9999 -9999 -9999 -9999 -9999 -9999 -9999 -9999 -9999 -9999 -9999 -9999 -9999 -9999 -9999
197.21 209.82 209.23 213.47 212.58 213.75 214.6 215.47 207.89 212.82 214.69 215.01 212.48 211.85 212.39 215.74 218.28 209.16 205.62 206.08 217.38 220.06 218.59 209.1096 -9999 -9999 -9999 -9999 -9999 -9999 -9999 -9999 -9999 -9999 -9999 -9999 -9999 -9999 -9999 -9999 -9999 -9999 -9999 -9999 -9999 -9999 -9999 -9999 -9999 -9999 -9999 -9999 -9999 -9999 -9999 -9999 -9999 -9999 -9999 -9999 -9999 -9999 -9999 -9999 -9999 -9999 -9999 -9999 -9999 -9999 -9999 -9999 -9999
198 200.74 197.58 199.88 214.05 215.05 204.04 191.87 205.72 205.6 215.85 218.51 211.96 218.46 222.88 219.74 209.59 213.25 203 205.4 206.79 203.09 195.6 194.825 -9999 191.6786 189.7857 -9999 -9999 -9999 -9999 -9999 -9999 -9999 -9999 -9999 -9999 -9999 -9999 -9999 -9999 -9999 -9999 -9999 -9999 -9999 -9999 -9999 -9999 -9999 -9999 -9999 -9999 -9999 -9999 -9999 -9999 -9999 -9999 -9999 -9999 -9999 -9999 -9999 -9999 -9999 -9999 -9999 -9999 -9999 -9999 -9999 -9999
202.62 201.94 201.28 200.71 203.89 206.95 209.6 205.61 211.88 212.83 207.85 206.26 197.82 208.22 214.71 210.11 201.1 204.66 211.71 214.43 215.44 215.9 208.54 205.3 199.8 197.62 195.67 191.77 185.3548 182.0328 177.54 163.0172 -9999 -9999 -9999 -9999 -9999 -9999 -9999 -9999 -9999 -9999 -9999 -9999 -9999 -9999 -9999 -9999 -9999 -9999 -9999 -9999 -9999 -9999 -9999 -9999 -9999 -9999 -9999 -9999 -9999 -9999 -9999 -9999 -9999 -9999 -9999 -9999 -9999 -9999 -9999 -9999 -9999
205.98 203.21 201.27 206.63 205.46 204.25 206.78 214.91 219.11 219.46 219.04 217.76 217.04 208.89 210.81 210.34 210.75 201.09 214.53 225.81 224.28 221.08 217.95 211.8 209.97 205.07 193.79 201.97 192.93 191.17 183.83 165.13 159.8947 -9999 -9999 -9999 -9999 -9999 -9999 -9999 -9999 -9999 -9999 -9999 -9999 -9999 -9999 -9999 -9999 -9999 -9999 -9999 -9999 -9999 -9999 -9999 -9999 -9999 -9999 -9999 -9999 -9999 -9999 -9999 -9999 -9999 -9999 -9999 -9999 -9999 -9999 -9999 -9999
213.33 214.86 213.22 205.94 218.61 213.31 218.73 219.5 215.97 215.19 211.51 212.89 206.94 205.6 210.05 212.01 203.53 209.85 215.11 229.4 233.97 233.82 226.12 225.74 225.41 216.05 212.78 210.57 206.83 205.53 191.99 180.91 171.95 153.5161 157.4627 148.1795 156.2614 138.7778 129.7015 -9999 -9999 -9999 -9999 -9999 -9999 -9999 -9999 -9999 -9999 198.17 178.2 156.4231 152.0182 -9999 -9999 -9999 -9999 -9999 -9999 -9999 -9999 -9999 -9999 -9999 -9999 -9999 -9999 -9999 -9999 -9999 -9999 -9999 -9999
208.7 210.35 205.61 209.89 224.89 226.51 226.03 222.12 222.33 220.66 213.87 218.1 219.5 219.19 218.76 221.96 228.81 233.57 230.72 233.96 228.49 228.41 222.49 222.12 227.56 231.87 222.58 215.83 210.76 213.06 206.02 203.48 200.07 184.72 175.56 146.02 158.98 174.91 142.38 155.1956 -9999 -9999 -9999 158.4306 -9999 141.5741 -9999 -9999 -9999 182.3265 192.18 177.9 166.12 159.77 174.6829 160.254 162.0455 -9999 -9999 -9999 -9999 -9999 -9999 -9999 -9999 -9999 -9999 -9999 -9999 -9999 -9999 -9999 -9999
220.45 219.38 218.38 216.82 221.28 225.2 229.28 222.77 215.79 213.97 219.59 221.37 221.99 224.97 233.46 234.07 233.24 239 242.73 242.83 235.35 232.25 220.77 221.77 228.65 235.09 226.87 219.98 224.73 224.16 224.89 214.12 207.55 204.82 201.15 188.11 184.19 192.92 175.86 185.05 164.97 156.28 172.62 186.11 159.62 160.74 146.05 174.74 135.66 146.17 156.45 154.76 153.48 168.9 201.93 181.85 181.33 156.3196 -9999 -9999 -9999 -9999 -9999 -9999 -9999 -9999 -9999 -9999 -9999 -9999 -9999 -9999 -9999
214.77 217.77 218.62 220.8 228.36 232.41 234.21 236.24 236.08 235.99 237.29 236.95 236.69 239.53 243.01 242.57 244.83 245.68 248.31 248.33 243.5 239.58 230.96 236.17 241.59 240.63 238.29 227.86 222.7 214.54 221.28 224.08 214.17 213.67 206.7 209.35 210.98 197.7 187.54 196.45 192.62 198.46 214.06 204.67 168.95 176.05 194.4 173.25 164.98 178.21 174.17 165.49 149.83 155.54 199.35 214.01 198.56 173.17 -9999 -9999 -9999 -9999 -9999 -9999 -9999 -9999 -9999 -9999 -9999 -9999 -9999 -9999 -9999
216.79 216.72 221.56 225.09 227.86 232.37 232.82 235.93 240.3 239.68 243.39 247.01 247.86 249.63 250.15 248.53 250.05 250.87 249.57 251.8 249.46 250.52 243.18 241.33 243.03 232.49 227.89 223.61 222.12 213.77 212.2 220.43 218.33 218.68 213.85 216.25 216.59 205.68 199.48 197.85 214.18 215.85 229.45 213.36 202.6 204.03 204.17 191.68 202.58 213.65 196.35 167.06 173.54 177.05 210.6 203.22 190.18 188.37 -9999 -9999 163.0159 165.6421 179.1348 212.0741 222.5294 -9999 -9999 -9999 -9999 -9999 -9999 -9999 -9999
210.52 213.08 218.14 213.77 214.27 222.79 227.39 237.75 236.97 227.58 237.26 241.88 245.57 246.29 249.73 252.2 255.11 255.06 253.34 256.4 256.22 255.94 254.42 252.1 251.26 245.94 234.9 230.76 225.25 219.89 217.88 223.53 225.54 216.69 215.65 214.85 211.13 210.8 207.8 205.35 206.68 220.75 234.37 236.87 232.48 223.72 216.29 207 202.29 216.62 216.16 212.55 218.89 212.58 221.53 191.5 206.59 228.24 235.27 219.65 214.38 219.56 224.52 222.67 207 -9999 176.65 176.72 196.76 210.8941 -9999 -9999 -9999
210.54 205.1 204.38 202.73 212.42 203.07 214.84 230.4 220.92 215.61 225.12 224.23 222.47 232.42 229.83 246 255.41 258.7 258.96 259.9 260.29 257.3 254.83 255.14 254.38 251.28 246.52 241.61 237 234.33 229.78 235.59 234.7 227.56 217.17 208.93 208.08 206.66 198.12 206.18 211.71 220.99 236.6 243.5 230.17 237.43 223.87 234.05 221.79 234.11 225.73 215.63 236.41 238.66 209.87 204.08 218.27 244.03 227.04 205.51 194.96 194.79 209.86 207.12 203.93 210.96 221.92 215.77 217.91 237.66 250.22 253.26 251.62
203.96 200.08 192.46 193.16 196.27 193.73 210.16 216 212.8 224.37 217.72 224.95 216.58 229.24 233.27 243.05 251.07 253.28 261.46 264.28 264.74 261.52 261.58 261.84 258 257.17 254.86 254.16 249.3 244.1 240.58 243.63 244.44 242.46 240.86 235.96 231.87 227.36 230.09 232.13 227.39 231.46 233.09 246.28 239.63 250.64 245.19 238.39 235.06 246.04 232.28 245.37 255 231.73 208.7 223.71 243.21 239.08 215.52 203.69 203.16 210.52 217.71 238.73 228.24 233.91 241.88 247.79 240.03 245.78 265.82 266.94 272.86
221.51 215.96 213.95 212.54 208.84 216.08 213.04 203.27 209.58 215.89 209.93 206.09 214.27 223.64 224.85 233.17 239.86 242.69 258.4 263.91 264.11 266.07 265.02 261.42 258.98 262.34 262.25 261.85 259.25 255.01 252.36 253.26 251.74 248.32 245.6 246.18 245.09 239.6 242.4 245.5 244.17 248.32 248.83 256.28 248.98 250.95 241.75 242.82 241.92 252.27 241.9 261.56 259.83 256.03 234.33 231.4 247.91 236.39 226.36 221.53 237.03 231.44 219.29 252.69 248.4 249.52 247.94 255.43 240.37 238.93 262.61 258.58 267.74
227.2 227.04 219.95 204.71 200.48 199.6 192.63 197.4 197.34 198.39 200.39 209.82 219.44 216.7 223.66 229.98 243.78 253.01 257.04 260.53 266.25 268.32 268.81 265.83 258.94 259.67 267.32 262.62 255.52 252.37 254.53 259.45 255.67 255.56 251.59 253.3 252.44 247.03 248.81 252.55 253.29 257.32 261.76 265.05 246.59 244.02 244.01 254.13 250.7 241.05 238.45 258.23 237.53 243.88 248.38 257.31 266.04 259.72 255.17 254.02 250.95 248 256.66 267.53 261.31 260.3 255.54 260.31 266.14 252.91 244.88 262.47 271.36
221.84 229.78 227.42 224.63 222.76 216.62 206.26 211.73 204.25 213.91 214.8 222.31 216.5 215.39 222.8 231.36 242.49 247.87 251 252.6 263.68 265.45 269.28 272.69 271.45 270.96 270.34 265.61 257.2 248.13 254.8 264.72 261.56 255.54 255.49 259.32 260.11 256.16 255.55 259.44 258.44 264.51 268.22 270.13 265.16 260.5 254.11 255.93 260.46 251.24 258.82 263.2 250.72 267.12 271.28 269.42 267.02 261.86 254.29 260.67 267.63 267.69 265.75 272.26 267.56 268.36 261.37 264.46 270.41 264.27 260.04 262.18 275.53
229.22 227.53 228.49 227.3 225.09 224.37 225.08 227.81 229.68 231.39 230.67 233.96 233.37 227.8 225.41 231.33 235.93 236.3 243.28 251.72 257.18 255.71 262.29 271.51 273.48 275.91 274.37 263.67 258.73 258.49 262.83 269.82 265.39 258.4 252.76 259.81 262.65 265.98 265.92 265.49 260.69 268.69 275.3 274.64 274.48 273.14 272.33 273.15 269.21 267.31 270.41 275.88 274.83 277.99 273.86 276.01 273.91 266.84 261.87 259.05 267.5 275.15 273.24 278.51 275.56 269.54 254.85 263.05 264.28 257.88 250.05 259.19 272.96
238.32 236.74 233.09 231.66 231.68 229.56 229.81 230.43 230.9 231.31 236.97 238.55 236.74 234.14 232.36 233.42 233.22 232.31 212.37 221.65 248.62 255.71 262.53 267.38 271.18 275.04 278.19 277.59 273.34 269.02 273.39 275.58 269.04 263.15 253.38 256.43 263.2 267.08 270.58 270.02 270.84 275.88 279.53 276.56 281.6 284.69 285.96 282.87 286.03 285.88 287.96 286.97 284.43 282.03 280.02 275.95 273.17 271.66 270.02 263.66 263.22 271.71 282.04 283.2 280.03 269.43 259.99 260.69 255.77 243.35 246.85 274.41 280.31
242.91 241.34 240.38 238.61 238.69 236.14 238.7 236.62 233.61 236.25 238.24 240.18 241.57 240.51 238.8 238.87 234.83 227.84 222.92 217.67 229.06 243.92 251.4 263.25 269.69 272.92 277.27 279.87 283.09 282.43 280.64 280.5 270.61 264.43 258.7 254.62 256.66 263.4 271.78 275.45 277.46 280.68 283.85 282.9 287.14 289.56 286.15 284.78 292.76 293.8 293.44 291.18 289.03 286.02 282.4 277.77 273.04 267.02 264.28 266.4 268.49 274.54 284.93 285.79 273.87 267.91 265.98 271.17 271.36 269.68 278.91 283.01 282.31
245.54 245.58 245.58 242.88 244.39 242.75 242.69 242.76 243.67 242.33 240.8 241.79 244.92 244.27 241.41 240.54 237.16 234.9 233.11 237.54 242.15 252.35 253.49 258.92 270.91 275.5 272.38 270.09 276.79 282.3 284.2 285.2 280.76 275.22 274.31 270.81 263.06 259.76 265.39 268.96 267.35 276.17 282.87 287.92 290.72 289.93 290.86 294.66 298.4 296.83 294.42 291.23 288.38 285.65 281.26 274.22 269.79 266.11 267.69 274.22 275.43 274.99 274.41 286.43 271.66 275.23 282.14 288.05 287.71 284.79 278.95 280.202 281.7895
245.4 247.62 248.45 249.33 248.85 246.38 247.31 248.42 246.19 245.26 244.06 246.23 243.09 240.7 242.38 243.25 239.04 241.03 241.09 242.7 242.07 256.07 262.81 265.17 273.82 275.25 270.83 262.8 271.11 272.32 273.56 279.69 282.73 284.88 282.18 278.83 275.86 272.96 270.52 275.48 277.18 277.92 281.93 283.48 289.98 293.22 296.92 298.73 297.79 295.05 292.66 289.83 285.42 279.67 273.44 266.53 262.59 264.36 267.18 275.3 280.38 280.83 283.77 290.37 288.59 289.37 292.36 292.65 287.46 285.8404 -9999 -9999 -9999
244.1 245.7 244.47 245.85 246.98 247.4 248.32 247.83 247.66 249.03 249.35 246.89 242.65 242.47 248.74 247.43 246.2 245.62 248.97 253.17 250.35 247.81 264.51 266.03 271.57 273.27 268.19 267.87 267.49 261.4 264.62 270.73 277.04 281.88 286.26 285.27 279.93 276.22 276.29 278.22 280.03 283.89 286.18 286.56 285.89 297.85 296.9 295.12 293.03 288.13 283.49 280.32 278.82 273.41 272.37 273.55 268.49 267.66 264.28 268.11 277.08 286.85 290.68 291.4 294.08 294.17 291.89 292.4043 -9999 -9999 -9999 -9999 -9999
245.55 241.57 238.96 238.4 237.4 238.12 243.84 245.92 243.14 243.66 245.33 246.93 246.22 249.42 254.76 253.25 250.68 251.32 250.89 259.2 257.95 263.49 251.42 249.05 249.1 260.71 265.08 261.03 262.59 256.36 264.84 274.48 278.51 283.22 285.19 286.97 284.46 279.38 278.9 279.66 280.84 284.69 290.81 288.3 291.92 292.12 289.83 287.95 283.92 278.64 274.68 271.65 266.69 269.08 273.1 279.72 277.53 276.91 268.96 275.38 286.1 289.25 287.77 281.16 289.93 295.79 294.2553 -9999 -9999 -9999 -9999 -9999 -9999
231.09 231.36 230.46 231.41 233.27 237.98 241.38 243.06 243.62 243.28 243.64 243.16 246.73 253.98 256.51 258.16 258.71 259.75 257.53 258.67 260.28 261.09 252.79 244.64 243.05 246.65 254.63 253.17 253.28 254.95 261.61 269.81 275.02 278.96 282.34 285.03 288.49 288.83 289.82 290.69 292.35 293.85 292.03 287.89 288.48 291.25 290.63 295.04 291.94 282.65 268.73 264.2 259.36 254.75 270.19 286.31 286.4 284.82 283 288.1 290.99 289.7 291.82 285.6122 290.3704 297.7353 -9999 -9999 -9999 -9999 -9999 -9999 -9999
216.82 223.9 229.42 226.53 234.2 245.44 245.18 248.54 250.24 242.96 242.91 242.97 247.57 252.32 254.68 252.3 249.38 249.82 252.69 255.48 249.18 249.87 252.32 245.78 243.66 242.95 242.29 243.85 248.75 254.23 260.5 263.83 268.86 276.15 281.02 284.33 285.8 286.29 288.27 290.71 291.7 291.32 288.65 292.57 293.18 293.08 289.86 299.7 295.66 287.27 287.51 279.61 273.82 281.13 285.35 291.41 289.73 289.83 289.7347 294.4177 293.6515 -9999 -9999 -9999 -9999 -9999 -9999 -9999 -9999 -9999 -9999 -9999 -9999
233.99 228.67 238.19 236.46 241.44 245.92 248.21 252.41 252.94 246.22 244.37 244.05 242.46 240.41 238.03 238.04 241.28 243.74 243.94 245.45 242.05 239.82 241.91 249.03 243.97 241.71 237.86 238.27 244.43 249.75 255.38 255.27 253.17 265 275.79 276.79 279.37 281.76 283.32 281.56 287.68 287.59 286.58 290.35 286.93 285.06 281.9 292.94 298.31 297.86 288.84 277.49 289.66 294.13 294.6 294.2346 -9999 -9999 -9999 -9999 -9999 -9999 -9999 -9999 -9999 -9999 -9999 -9999 -9999 -9999 -9999 -9999 -9999
240.88 250.21 248.02 244.58 255 256.4 255.61 255.93 251.69 248.76 245.54 243.54 243.42 238.6 234.86 235.7 239.82 234.81 236.45 238.74 240.8 240.07 237.89 236.54 245.82 238.55 234.64 227.8 234.69 244.71 250.53 253.86 257 263.04 267.1 266.5 271.66 276.02 281.35 282.5 280.17 278.43 281.96 284.15 282.67 285.19 286.31 294.28 302.06 290.56 281.05 285.76 297.507 -9999 -9999 -9999 -9999 -9999 -9999 -9999 -9999 -9999 -9999 -9999 -9999 -9999 -9999 -9999 -9999 -9999 -9999 -9999 -9999
