layers/wordclim/future/Iberia_wcB2a_10_hadcm3_2080/bio_06.asc
ncols         166
nrows         93
xllcorner     -9.4959440078468
yllcorner     36.000324005443
cellsize      0.083333337679505
NODATA_value  -9999
[rows 0 to 33 of 93, columns 0 to 76 of 166]
-9999 -9999 -9999 -9999 -9999 -9999 -9999 -9999 -9999 -9999 -9999 -9999 -9999 -9999 -9999 -9999 -9999 69.70731 57.31944 71.23881 68.75758 65.48864 67.69566 66.04546 -9999 -9999 -9999 -9999 -9999 -9999 -9999 -9999 -9999 -9999 -9999 -9999 -9999 -9999 -9999 -9999 -9999 -9999 -9999 -9999 -9999 -9999 -9999 -9999 -9999 -9999 -9999 -9999 -9999 -9999 -9999 -9999 -9999 -9999 -9999 -9999 -9999 -9999 -9999 -9999 -9999 -9999 -9999 -9999 -9999 -9999 -9999 -9999 -9999 -9999 -9999 -9999 -9999
-9999 -9999 -9999 -9999 -9999 -9999 -9999 -9999 -9999 -9999 -9999 -9999 -9999 -9999 -9999 -9999 72.69697 69 63.8 67.64 58.11 54.91 62.57576 52.94 53.38 59.90722 -9999 -9999 -9999 -9999 -9999 -9999 -9999 -9999 -9999 -9999 -9999 -9999 -9999 -9999 -9999 -9999 -9999 66.98438 68.11539 -9999 -9999 -9999 -9999 -9999 -9999 -9999 -9999 -9999 -9999 -9999 -9999 -9999 -9999 -9999 -9999 -9999 -9999 -9999 -9999 -9999 -9999 -9999 -9999 -9999 -9999 -9999 -9999 -9999 -9999 -9999 -9999
-9999 -9999 -9999 -9999 -9999 -9999 -9999 -9999 -9999 -9999 -9999 -9999 -9999 -9999 76.12963 76.49474 73.06061 68.66 63.23 54.07 47.44 47.83 50.44 41.65 56.65 62.11 61.87368 59.53165 58.92958 64.25455 62.3625 61.46429 57.90789 62.14286 54.73418 58.4697 57.32877 52.45833 50.43182 53.91753 56.42308 59.30952 62.55556 63.84 62.92 68 68.09836 63.71667 62.40678 -9999 -9999 -9999 -9999 -9999 -9999 -9999 -9999 -9999 -9999 -9999 -9999 -9999 -9999 -9999 -9999 -9999 -9999 -9999 -9999 -9999 -9999 -9999 -9999 -9999 -9999 -9999 -9999
-9999 -9999 -9999 -9999 -9999 -9999 -9999 -9999 -9999 -9999 -9999 -9999 -9999 -9999 -9999 -9999 66.92929 56.87 51.95 53.78 46.99 38.63 33.46 31.5 41.14 52.29 57.05 50.14 58.38 57.10101 47.09 42.43 40.49 49.54 33.6 42.24 47.09 41.45 32.35 46.89 56.42424 50.05 49.38 55.67 58.89 58.86 51.68 49.68 60.24 57.17 55.23 51.64103 61.16667 63.47458 62.8 -9999 -9999 -9999 -9999 -9999 -9999 -9999 -9999 -9999 -9999 -9999 -9999 80.31507 -9999 79.79365 76.03125 77.89655 76.30434 -9999 -9999 -9999 -9999
-9999 -9999 -9999 -9999 -9999 -9999 -9999 -9999 -9999 -9999 -9999 -9999 -9999 -9999 77.80597 74.72916 65.78 55.89 52.09 46.78 47.73 44.5 42.44 35.54 37.92 39.8 43.44 49.61 47.59 34.95 24.31 30.34 37.78 32.61 26.52 39.08 29.98 22.82 35.9 46.05 48.27 54.44 55.78 50.23 53.42 52.5 49.18 49 49.23 50.24 50.67 59.62 60.1 50.2 49.22 46.66 39.73 50.76596 58.40741 66.08219 69.07792 71.28205 69.88889 67.74699 70.80612 75.98 74.67 75.54 73.32291 75.95 69.73 70.51 73.5119 68.31 67.49438 72.75926 -9999
-9999 -9999 -9999 -9999 -9999 -9999 80.55556 82.1125 79.41892 -9999 76.79729 75.50603 74.32 77.91919 76.38 -9999 63.77 54.87 45.45 45.97 47.31 47.21 45.51 46.85 42.31 41.68 39.92 45.65 30.59 25.11 25.87 37.47 31.96 17.18 17.77 29.92 35.29 33.77 26.39 32.37 29.95 31.01 37.28 45.78 45.19 44.93 40.18 30.15 28.46 36.08 26.1 35.27 42.91 29.2 20 25.49 35.14 29.41 44.97 43.23 53.97 51.81 55.73 59.28 56.81 63.99 65.15 65.06 55.83 48.27 51.73 55.17 63.52 56.55 55.6 55.58 64.83
-9999 -9999 -9999 -9999 -9999 -9999 78.47945 78.5 77.27 77.74 72.38 61.01 62.01 65.62 69.73 66.84 56.71 51.69 46.22 46.48 45.1 47.49 46.88 47.35 45.65 41.49 35.32 37.13 30.24 25.06 31.27 36.37 20.12 10.96 22.37 27.86 25.09 11.17 14.73 12.01 10.44 24.5 2.59 22.77 37.89 25.48 21.24 26.26 22.03 19.29 2.19 14.93 18 1.24 -26.81 -9.2 -17.29 -11.5 27.81 18.74 28.63 38.03 42.86 36.35 45.02 54.5 49.34 49.51 48.9 29.1 15.29 35.99 50.72 52.51 49.75 56.7 62.13
-9999 -9999 -9999 -9999 84.19355 77.62 76.31 70.26 66.65 65.61 59.52 58.89 60.51 57.62 58.49 54.16 49.36 48.25 45.09 46.04 44.43 45.09 47.26 45.74 42.61 36.88 30.18 33.16 21.23 24.28 20.71 28.35 17.95 10.55 17.49 19.52 7.72 -3.9 8.21 -2.71 3.5 -2.16 10.52 10.68 21.49 11.42 12.67 11.79 -0.57 -6.2 -0.36 -5.61 -10.72 0.8 -15.2 -21.9 -12.4 15.53 29.63 22.57 -3.16 11.54 18.9 20.88 23.75 41.44 27.9 38.91 34.17 11.69 6.38 14.89 22.23 34.89 53.08 52.42 58.12
-9999 -9999 -9999 83.79382 79.74 71.38 70.34 67.14 65.04 61.38 60.98 60.27 62.11 59.57 57.46 55.5 51.93 47.28 39.71 41.32 44.96 43.03 44 41.87 37.09 33.6 26.23 23.79 28.25 25.29 31.29 27.68 11.93 2.65 13.05 0.29 -0.5 -19.33 -21.55 -18.67 -28.65 -19.55 -24.89 -0.97 8.14 -17.44 -19.93 -13.99 -21.39 -24.8 -13.28 -20.05 -11.14 -6.82 -17.16 -15.96 -27.97 -22.84 -10.95 0.8 -5.43 -20.97 -8.44 8.63 14.08 18.04 17.68 21.11 18.79 20.37 27.74 29.62 30.52 30.25 34.11 29.72 33.32
-9999 -9999 -9999 84.91765 74.93939 71.29 68.95 68.65 67.65 65.05 63.58 63.15 60.85 57.75 55.45 53.71 53.2 46 42.69 39.66 41.5 38.27 38.14 41.62 40.74 36.98 27.57 25.96 22.74 30.21 26.68 15.21 13.54 3.29 -0.74 -8.13 -15.92 -9.93 -11.13 -11.62 -16.76 -12.35 -14.61 -20.07 -14.9 -13.34 -17.48 -13.2 -19.21 -13.81 -3.76 -10.41 -10.01 -7.32 -4.52 -13.43 -26 -27.96 -21.81 -8.61 -1.66 -21.1 -11.83 8.43 13.41 15.92 17.96 18.09 19.43 22.33 29.22 36.9 34.4 30.17 29.42 28.49 26.54
-9999 -9999 -9999 -9999 81.27586 70.34 71.64 73.43 69.01 72.38 73.06 63.67 57.04 59.97 57.78 56.27 56.89 53.3 48.81 43.5 38.53 39.71 40.91 41.43 42.28 37.12 30.61 22.03 26.57 25.51 14.56 1.35 -9.21 -10.14 -3.15 -6.41 -5.02 -11.02 -21.85 -18.1 -22.8 -23.79 -15.49 -8.33 -18.76 -9.86 -8.28 -6.39 -12.5 -4.39 -2.51 -9.65 -4.24 -9.83 -4.67 -14.47 -14.97 -14.31 -12.35 -0.88 4.38 4.75 5.82 9.85 10.64 14.05 11.81 19.87 19.06 24.91 21.85 26.61 33.47 29.64 26.03 22.87 28.79
-9999 -9999 -9999 -9999 84.5 81.46875 83.09091 83.61539 64.53 71.92 74.3 72.8 65.75 65.14 62.1 53 52.59 48.58 42.29 42.49 36.98 36.61 40.86 34.09 33.47 37.03 23.38 17.7 18.88 15.62 9.13 -9.19 -1.37 4.22 10.08 7.14 -5.46 -17.9 -19.66 -19.17 -12.83 -6.81 -3.09 -2.71 -2.12 -6.13 0.22 1.26 -1.59 1.74 0.8 0.57 1.89 -1.36 2.03 -3.1 -5.76 0.47 1.1 0.59 4.69 7.77 12.4 13.34 10.44 16.35 17.72 13.04 18.22 17 13.07 21.95 23.4 33.39 34.64 32.13 22.16
-9999 -9999 -9999 -9999 -9999 -9999 69.97826 78.68 74.44 79.66 74.02 67.03 65.89 52.87 52.68 49.85 44.23 44.02 37.28 32.38 37.48 40.44 32.02 29.66 31.37 28.4 18.23 7.1 4.16 6.05 9.43 2.19 10.76 17.03 14.26 13.62 4.99 1 0.06 -2.39 -7.56 -7.4 -3.12 0.32 1.08 -0.93 4.02 5.43 2.97 7.71 2.15 5.44 4.09 4.81 2.4 -0.03 0.35 1.53 4.43 3 8.55 8.6 11.29 7.58 7.8 9.5 12.08 12.38 15.77 13.22 8.94 15.49 29.89 21 22.58 16.69 21.16
-9999 -9999 -9999 -9999 -9999 88.57627 78.97872 -9999 -9999 76.58 75.38 63.19 53.66 45.06 37.89 46.11 44.35 37.57 33.34 29.45 36.62 38.32 34.45 33.87 38.5 28.38 15.67 15.18 8.78 1.34 8.94 13.56 20.02 24.28 22.88 18.62 16.66 14.18 7.03 -1.4 0.81 2.91 1.85 4.45 3.68 2.35 7.62 8.32 8.26 8.71 6.69 8.77 3.87 7.7 3.01 1.43 2.98 2.82 6.82 5.84 8.49 12.29 11.77 8.5 9.26 8.11 9.15 9.15 10.59 9.77 12.47 20.45 29.88 30.4 28.61 26.95 24.28
-9999 -9999 -9999 -9999 -9999 -9999 -9999 90.5 86.49397 83.34 74.49 63.86 53.59 46.63 38.19 37.64 39.18 33.67 29.74 31.88 33.14 37.63 35.94 40.83 38.86 32.5 24.27 19.52 8.32 5.44 9.51 20.62 25.88 28.3 24 17.63 5.45 -2.45 -5.73 -4.53 1.96 5.69 5.07 7.88 6.81 6.05 8.38 10.64 12.46 11.33 10.91 7.69 7.05 10.25 6.17 4.08 6.82 5.74 6.93 8.88 8.88 12.24 13.96 14.3 14.52 14.79 12.87 8.88 10.42 11.33 16.67 18.83 15.77 18.3 21.11 21.19 23.17
-9999 -9999 -9999 -9999 -9999 -9999 -9999 88.77084 83.72826 73.5955 78.75 66.66 50.09 36.61 39.12 43.32 43.92 42.15 39.89 37.28 35.55 35.96 36.96 36.45 30.46 29.76 29.7 27.5 12.91 16.12 19.85 22.14 23.53 12.02 0.33 0.67 -8.85 -12.28 -3.85 2.47 6.42 8.62 7.29 10.02 8.78 9.12 10.22 13.37 13.06 11.76 9.77 8.18 8.94 11.22 7.99 5.54 7.39 8.93 9.14 10.06 11.39 12.52 12.89 14.42 15.23 15.24 11.3 9.93 11.98 13.53 13.27 12.32 13.06 15.54 15.37 20.61 23.83
-9999 -9999 -9999 -9999 -9999 -9999 -9999 -9999 -9999 76.39706 76.09677 67.65 56.68 37.39 37.01 46.84 50.8 44.9 43.8 41.91 40.26 29 24.34 27.14 26.34 17.79 15.65 28.87 29.64 15.49 10.52 16.76 2 -1.99 0.01 -16.95 -20.23 -13.7 -2.37 1.04 4.47 8.44 11.05 12.17 11.23 10.73 11.14 13.61 11.81 10.77 10.58 9.49 10.96 11.93 9.49 7.52 8.01 9.64 9.59 10.41 11.04 12.66 13.93 15.17 15.03 12.42 10.79 11.65 13.27 15 13.38 11.45 10.53 5.28 7.64 12.33 7.26
-9999 -9999 -9999 -9999 -9999 -9999 -9999 -9999 83.57692 73.9697 -9999 64.77 54 44.69 34.15 42.28 52.1 46.06 39.61 40.38 38.22 30.06 26.44 16.75 13.3 11.03 3.2 18.61 20.52 10.93 -1.78 -6.47 -11.49 -11.67 -7.83 -1.47 -7.52 -15.39 -8.56 0.58 6.86 10.36 12.17 13.15 12.65 12.07 12.3 14.18 11.54 9.87 12.08 12.47 13.48 13.02 11.55 10.4 9.48 9.68 10.94 11.27 12.16 12.67 14.07 14.41 13.15 9.79 12.12 14.61 13.92 12.44 10.39 9.45 6.5 1.29 -4.08 -4.87 -7.22
-9999 -9999 -9999 -9999 -9999 -9999 -9999 -9999 -9999 78.04395 73.23 69.47 66.42 49.04 41.88 47.32 47.43 41.79 39.06 36.12 33.45 30.02 29.11 15.95 6.24 0.37 -6.15 4.61 16.04 5.46 -2.37 -14.84 -25.19 -23.23 -16.41 -17.53 -13.93 -6.88 -4.05 2.05 6.75 9.44 10.01 12.91 13.63 14.38 14.59 15.49 11.98 12.39 13.58 14.38 14.32 12.68 12.11 11.82 11.4 9.83 10.03 11.15 11.67 11.27 12.45 11.61 9.67 13.53 14.67 13.72 12.9 11.95 10.27 7.81 1.24 -8.45 -12.21 -19.81 -18.33
-9999 -9999 -9999 -9999 -9999 -9999 -9999 -9999 81.96703 66.48 77.58 72.19 68.99 52.33 57.81 46.54 37.64 30.15 30.45 29.62 28.06 29.87 26.46 22.24 13.2 4.97 5.35 11.42 13.37 2.07 -7.12 -16.45 -16.44 -3.61 0.35 -0.48 -1.24 1.24 4.64 9.13 9.15 11.3 12.41 12.31 16.04 14.94 15.73 15.32 14.56 15.42 14.8 15.17 13.58 12.17 13.17 12.84 12.99 12.46 9.76 10.85 7.97 6.81 9.43 9.86 13.96 12.51 14.06 13.73 12.52 10.35 7.53 3.76 6.11 5.49 0.08 -1.94 -3.79
-9999 -9999 -9999 -9999 -9999 -9999 -9999 68.22222 66.55 73.88 75.6 72.1 63.62 60.74 39.32 24.81 16.65 21.26 26.89 29.51 29.67 28.87 27.8 22.78 28.08 16.77 13.37 14.86 9.34 3.24 -3.17 -8.25 -10.69 3.51 4.89 5.69 6.36 6.75 8.52 11.11 12.59 13.55 14.38 14.92 15.21 16.12 17.31 16.08 15.69 14.65 16.49 15.41 13.74 14.08 14.03 13.97 13.57 13.12 11.12 9.95 7.4 9.66 12.62 11.88 10.86 10.93 12.59 13.31 13.83 13.47 11.5 9.21 5.91 8.23 7.36 0.38 -13.79
-9999 -9999 -9999 -9999 -9999 -9999 -9999 71.7 78.32 74.75 69 49.05 52.39 44.07 21.69 29.41 31.02 33.26 30.61 23.56 20.56 22.88 24.14 26.45 34.07 24.32 19.63 20.71 15.48 10.77 9.93 5.59 -2.6 8.92 10.19 7.49 5.28 8.46 10.5 11.13 11.66 13.49 15.55 16.14 17.08 17.78 17.24 16.38 17.45 17.85 18.08 16.73 15.16 16.6 16.04 15.85 14.58 11.55 7.83 10.44 12.68 11.81 11.33 10.76 9.31 9.21 11.2 11.36 10.69 9.82 9.05 5.1 3.24 0.21 7.11 4.24 1.09
-9999 -9999 -9999 -9999 -9999 -9999 -9999 78.0303 74.18182 63.09 62.58 47.55 57.44 52.81 43.32 40.67 37.91 25.96 17.37 16.97 17.3 16.08 26.44 27.22 34.85 26.74 19.17 22.67 21.07 14.23 13.81 13.51 11.47 16.65 14.1 14.61 11.27 9.71 7.3 5.85 7.4 10.22 14.22 14.97 16.54 17.25 17.93 19.19 19.5 19.77 18.9 17.98 17.31 16.71 14.44 12.71 11.04 10.33 10.61 14.41 12.06 10.81 10.08 9.35 8.56 8.91 9.29 10.62 10.44 10.31 10.46 8.21 6.18 4.24 2.11 2.57 1.01
-9999 -9999 -9999 -9999 -9999 -9999 -9999 -9999 67.88 58.85 70.53 62.22 62.37 55.34 45.33 29.48 22.18 15.72 25.36 20.78 21.91 20.65 23.62 28.46 36.33 28.36 20.27 25.68 23.96 22.74 17.37 11 15.86 21.77 14.89 17.51 15.16 11.67 12.74 13.56 10.64 11.07 14.63 18.02 18.16 17.86 19.82 19.6 18.64 17.79 19.34 19.02 16.42 13.76 13.03 12.92 12.72 14.59 17.16 14.99 12.12 11.89 11.05 10.89 10.93 10.85 12.94 12.97 12.24 13.17 12.84 12.51 11.07 10.39 8.39 5.43 3.36
-9999 -9999 -9999 -9999 -9999 -9999 -9999 -9999 72.75555 71.46939 64.68 59.13 52.95 54.23 46.77 39.82 36.04 36.81 28.81 22.43 21.45 26.09 30.87 34.99 32.11 24.05 27.4 31.19 32.29 25.52 16.97 8.09 16.26 17.21 18.71 19.78 14.11 12.47 12.51 13.8 15.11 15.09 15.62 17.45 18.69 18.98 20.15 20.23 19.56 18.88 18.08 15.73 14.39 14.64 14.26 14.06 16 19.8 16.43 14.55 13.53 13.33 12.25 11.17 11.85 11.24 16.24 17.45 16.71 15.7 16.06 14.63 13.23 12.45 11.47 9.95 7.68
-9999 -9999 -9999 -9999 -9999 -9999 -9999 -9999 73.89474 67.89 64.41 63.23 65.62 60.98 55.75 44.98 39.85 27.64 24.85 26.59 31.04 31.77 34.82 35.96 22.43 29.95 34.5 38.36 37.75 29.72 19.56 15.55 15.03 20.26 21.46 21.16 17.48 16.72 14.32 14.76 14.16 16.13 17.68 18.38 18.57 19.59 20.87 18.88 18.55 17.85 17.96 18.73 17.7 16.96 15.8 16.09 20.68 21.19 18.09 17.48 16.31 14.9 14.65 16.06 17.02 14.33 17.09 14.74 15.15 15.4 16.05 14.44 14.45 13.93 13.39 12.84 9.22
-9999 -9999 -9999 -9999 -9999 -9999 -9999 -9999 -9999 67.77 67.59 65.49 62.32 52.66 52.91 49.34 38.74 37.24 37.64 36.09 37.93 28.1 28.32 21.58 24.41 34.96 40.69 42.38 37.61 30.56 25.15 24.7 23.18 28.35 26.4 24.18 19.19 17 17.77 17.76 17.48 16.4 17.6 18.41 18.97 21.06 22.29 20.51 20.19 20.29 20.3 20.23 20.37 19.13 19.96 22.28 22.65 22.02 21.18 15.73 15.15 13.37 12.17 13.16 14.13 14.18 12.54 11.27 12.38 12.04 9.08 10.79 9.08 11.7 13.42 13.63 13.98
-9999 -9999 -9999 -9999 -9999 -9999 -9999 -9999 -9999 69.49 64.63 63.39 57.35 57.12 53.23 47.61 41.55 39.34 48.39 37.51 25.57 23.85 23.55 26.79 30.76 31.85 32.82 41.69 37.25 26.89 18.39 28.12 30.71 31.58 28.65 25.99 20.72 18.91 20.73 17.78 16.93 18.94 18.36 19.25 20.05 20.45 21.67 20.36 20.74 21.7 22.17 21.59 21.9 22.07 21.82 21.03 21.67 21.97 19.97 16.44 14.54 13.44 13.09 13.07 13.24 13.89 13.39 8.51 3.59 2.59 5.19 11.83 11.36 8.78 9.95 8.15 8.8
-9999 -9999 -9999 -9999 -9999 -9999 -9999 -9999 -9999 69.13131 65.94 64.08 61.33 57.18 51.54 49.84 42.28 42.98 47.94 34.94 18 29.36 27.23 27.82 33.43 41.08 41.44 39.62 34.56 36.98 29.68 33.04 31.11 23.46 19.42 19.57 21.19 23.93 20.03 17.7 16.54 17.24 17.55 17.85 18.63 18.02 18.29 19.21 19.02 19.41 20.05 20.61 20.37 20.37 19.6 19.41 20.68 21.14 19.13 18.63 19.42 18 17.28 16.54 15.65 15 15.74 10.44 5.16 8.97 10.9 11.43 9.98 8.4 4.73 2.04 1.09
-9999 -9999 -9999 -9999 -9999 -9999 -9999 -9999 -9999 68.26582 63.9 61.07 54.88 49.67 50.12 51.36 49.84 51.91 36.68 27.41 36.94 37.9 30.69 37.06 30.49 39.96 31.93 31.17 40.92 41.12 36.44 38.1 29.74 22.99 22.97 25.57 27.58 23.19 19.94 18.46 17.49 17.16 15.71 15.24 14.92 14.05 14.79 16.97 18.92 20.47 18.87 19.91 20.21 20.36 21.06 21.04 20.52 20.17 19.87 20 19.72 19.28 18.21 16.6 15.67 15.62 14.48 13.22 10.93 13.18 11.48 6.24 -0.12 -4.09 -4.37 -5.9 -5.33
-9999 -9999 -9999 -9999 -9999 -9999 -9999 -9999 -9999 67.54717 64.36 60.27 57.28 53.01 53.04 51.68 54.14 39.74 33.39 31.87 47.58 41.44 38.74 45.01 43.15 38.89 29.52 29.39 44.55 40.43 34.13 34.4 27.84 27.97 26.07 26.16 21 20.11 20.24 19.94 19.2 17.93 15.96 13.45 13.8 14.72 14.54 13.95 16.36 18.51 19.28 19.77 20 20.24 20.46 20.56 19.94 19.88 18.37 19.84 19.06 18.42 18.02 16.86 16.09 15.25 14.4 12.62 11.05 10.06 9.38 -0.41 -15.65 -16.21 -11.34 -7.58 -10.44
-9999 -9999 -9999 -9999 -9999 -9999 -9999 -9999 -9999 -9999 63.64516 62.25 59.49 55.04 52.34 54.21 50.12 46.07 45.92 42.01 47.72 43.25 42.23 42.43 39.87 41.5 42.15 42.01 47.25 37.34 33.98 35.92 34.22 30.23 24.56 23.26 21.87 20.91 19.1 18.59 19.27 19.09 18.66 18.07 17.56 17.16 16.54 15.47 15.93 18.17 19.53 19.39 19.5 19.47 19.7 19.9 18.72 18.85 16.46 18.13 18.32 16.88 16.37 16.93 16.22 13 9.78 8.81 7.06 3.26 -6 -14.31 -12.62 -3.63 -8.59 -1.42 -3.53
-9999 -9999 -9999 -9999 -9999 -9999 -9999 -9999 -9999 -9999 64.71429 59.53 60.69 57.92 55.09 49.65 37.09 38.35 26.42 27.85 37.17 32.66 34.21 31.99 30.82 32.07 36.82 37.4 45.69 43.93 42.86 40.48 39 31.29 26.36 24.9 22.41 22.09 19.94 18.65 18.48 18.22 18.21 18.97 18.88 18.22 17.46 16.6 15.62 16.14 18.42 18.6 18.43 18.06 18.65 17.89 16.33 17.72 15.62 16.07 16.03 14.75 16.65 15.22 13.08 9.96 5.43 -6.78 -8.28 -8.35 6.56 6.05 -5.73 1.25 8.58 5.9 2.41
-9999 -9999 -9999 -9999 -9999 -9999 -9999 -9999 -9999 -9999 66.88372 59.58 55.42 52.42 50.67 49.18 42.87 31.66 25.1 27.14 27.69 26.49 31.07 36.18 31.06 27.14 32.59 40.57 43.39 38.15 36.99 38.61 31.72 30.06 27.87 26.83 24.41 21.02 21.3 20.46 18.52 17.9 18.4 19.04 18.67 18.1 18.34 18.72 18.83 17.29 16.63 17.14 16.42 16.08 16.22 15.25 15.84 16.13 14.75 13.8 12.96 14.33 15.61 15.76 12.13 6.96 -9.73 -17.71 -3.32 7.04 11.28 13.95 8.64 8.64 14.69 14.36 14.57
