layers/wordclim/future/Iberia_wcB2a_10_hadcm3_2080/bio_08.asc
ncols         166
nrows         93
xllcorner     -9.4959440078468
yllcorner     36.000324005443
cellsize      0.083333337679505
NODATA_value  -9999
[rows 0 to 32 of 93, columns 0 to 74 of 166]
-9999 -9999 -9999 -9999 -9999 -9999 -9999 -9999 -9999 -9999 -9999 -9999 -9999 -9999 -9999 -9999 -9999 110.8049 99.16666 112.3881 110.6364 107.8523 110.1739 109.2727 -9999 -9999 -9999 -9999 -9999 -9999 -9999 -9999 -9999 -9999 -9999 -9999 -9999 -9999 -9999 -9999 -9999 -9999 -9999 -9999 -9999 -9999 -9999 -9999 -9999 -9999 -9999 -9999 -9999 -9999 -9999 -9999 -9999 -9999 -9999 -9999 -9999 -9999 -9999 -9999 -9999 -9999 -9999 -9999 -9999 -9999 -9999 -9999 -9999 -9999 -9999
-9999 -9999 -9999 -9999 -9999 -9999 -9999 -9999 -9999 -9999 -9999 -9999 -9999 -9999 -9999 -9999 113.5455 110.2632 105.12 109.31 100.52 97.73 105.7879 96.35 97.5 104.5052 -9999 -9999 -9999 -9999 -9999 -9999 -9999 -9999 -9999 -9999 -9999 -9999 -9999 -9999 -9999 -9999 -9999 114.6406 115.5385 -9999 -9999 -9999 -9999 -9999 -9999 -9999 -9999 -9999 -9999 -9999 -9999 -9999 -9999 -9999 -9999 -9999 -9999 -9999 -9999 -9999 -9999 -9999 -9999 -9999 -9999 -9999 -9999 -9999 -9999
-9999 -9999 -9999 -9999 -9999 -9999 -9999 -9999 -9999 -9999 -9999 -9999 -9999 -9999 115.8333 116.6105 113.3737 109.77 105.12 96.73 90.44 91.22 94.09 85.89 101.36 106.99 107.2526 105.4304 105.0423 110.1273 108.6 107.8571 105.1316 109.5325 102.5316 106.6061 105.7534 101.5417 99.60227 103.3918 106.141 108.7976 111.6566 112.58 111.57 115.4545 115.2623 111.2167 110.2034 -9999 -9999 -9999 -9999 -9999 -9999 -9999 -9999 -9999 -9999 -9999 -9999 -9999 -9999 -9999 -9999 -9999 -9999 -9999 -9999 -9999 -9999 -9999 -9999 -9999 -9999
-9999 -9999 -9999 -9999 -9999 -9999 -9999 -9999 -9999 -9999 -9999 -9999 -9999 -9999 -9999 -9999 108 99.03 94.65 96.9 90.49 82.14 77.54 76.16 86.04 97.89 103.06 95.69 104.76 103.9293 94.24 89.58 88.28 97.71 82.26 91.64 96.53 91.41 82.79 97.63 106.0505 100.41 100.34 105.98 108.73 108.69 102.11 100.28 109.47 106.79 104.83 101.5128 110.359 112.5254 111.74 -9999 -9999 -9999 -9999 -9999 -9999 -9999 -9999 -9999 -9999 -9999 -9999 120.0411 -9999 118.6508 114.9479 116.5517 115.0435 -9999 -9999
-9999 -9999 -9999 -9999 -9999 -9999 -9999 -9999 -9999 -9999 -9999 -9999 -9999 -9999 117.5224 115.4792 106.86 95.33 93.52 88 91.47 88.96 87.1 79.87 83.26 85.25 89.49 96.25 94.4 81.86 71.21 77.83 86.34 81.39 75.76 88.07 79.03 72.62 86.17 96.76 99.68 105.9 107.25 102.56 105.35 104.13 100.9 100.82 100.81 101.56 101.94 109.33 109.96 100.74 99.68 96.98 89.93 100.1702 106.9877 114.1233 116.1039 117.4744 115.6111 112.8554 115.051 119.02 117.1 116.93 114.4375 116.63 110.24 110.53 113.4643 107.75 106.7528
-9999 -9999 -9999 -9999 -9999 -9999 119.9259 121.2125 119.1081 -9999 116.6081 115.6506 114.76 117.8081 116.83 -9999 103.52 92.8 84.38 85.2 87.08 91.43 90.69 92.18 88.32 87.73 86.19 92.35 77.28 72.34 73.92 86.31 79.97 65.12 66.15 79.39 85.73 84.75 77.76 84.27 82.24 83.71 90.45 98.14 97.99 97.8 93.02 83.26 81.56 88.94 79.21 88.16 95.22 81.94 72.46 77.41 86.97 80.98 95.7 93.79 103.32 100.59 103.64 106.14 102.95 108.96 109.13 108.53 99.09 91.45 94.21 97.06 104.6 97.47 96.29
-9999 -9999 -9999 -9999 -9999 -9999 117.5342 117.98 116.9 116.97 112.86 99.52 101.79 104.15 108.86 106.13 94.73 90.44 85.47 86.51 85.59 88.37 90.46 93.48 91.7 87.72 81.8 84.11 78.06 73.29 79.34 84.65 68.35 59 71.82 78.34 76 61.54 65.82 62.62 61.46 76.79 53.77 75.96 91.7 79.6 75.51 80.43 76.28 73.97 55.91 68.96 72.63 54.79 23.72 42.45 33.61 39.69 80.03 70.64 80.14 88.38 92.14 85.39 92.7 100.39 94.92 94.52 93.02 73.41 59.26 78.73 92.13 93.6 90.7
-9999 -9999 -9999 -9999 122.3763 116.48 115.4 109.71 106.17 106.4 99.47 98.8 97.52 94.89 96.12 92.67 88.84 88.44 85.64 86.7 85.51 85.83 89.23 87.22 85.86 81.33 76.02 80.82 67.37 71.96 68.49 76.77 66.53 59.46 67.33 70.01 56.97 44.73 58.39 47.36 54.85 49.23 63.6 64.33 76.03 65.41 66.3 65.72 52.66 46.65 53.23 47.82 42.08 54.66 37.38 30.03 40.09 69.75 83.5 76.06 48.58 63.29 70.38 71.72 73.64 89.59 75.79 85.76 80 57.34 51.68 59.49 66.21 78.19 95.23
-9999 -9999 -9999 122.0309 118.16 110.16 109.14 106.37 105.18 102.96 99.01 96.2 98.76 97.54 96.44 95.33 92.58 87.92 80.33 82.53 85.94 84.67 85.88 84.49 79.76 76.46 69.23 67.58 75.91 73.13 79.99 77.14 60.6 50.76 62.09 48.59 48.46 28.81 27.01 30.81 20.5 30.85 24.57 51.06 61.96 34.37 31.95 38.81 31 27.51 40.35 33.04 43.02 47.87 36.45 37.79 24.39 29.95 42.7 54.87 47.79 30.61 42.41 59.87 64.54 67.84 66.46 68.76 65.56 66.2 72.69 73.82 74.11 73.43 76.95
-9999 -9999 -9999 122.9294 113.1313 109.58 107.48 106.99 107.36 105.39 102.15 98.89 98.46 96.99 95.6 94.46 94.06 87.26 84.36 80.68 83.56 80.36 80.86 84.61 84.4 80.72 70.25 68.8 66.98 79.03 75.67 63.03 60.66 49.99 46.39 39.5 31.56 39.67 38.84 37.95 32.9 38.53 36.62 31.24 37.28 39.36 35.18 40.52 33.31 39.62 51.16 44.08 44.75 48.01 51 41.09 26.89 24.42 31.25 45.11 52.42 30.66 40.08 60.87 65.48 66.82 67.89 67.15 67.19 68.98 75.04 81.98 78.94 74.24 73.47
-9999 -9999 -9999 -9999 118.9138 108.28 108.68 111.17 107.35 112.14 110.55 99.13 95.71 98.91 98.15 97.16 98.15 95.63 90.79 85.77 80.91 82.53 83.92 85.46 85.54 80.35 73.8 65.2 71.32 72.5 58.68 43.61 32.32 32.19 43.36 41.15 42.93 37.33 25.9 31.92 27.17 26.63 36.13 44.79 32.86 43.34 46.1 50.26 42.02 51.78 54.54 46.06 52.48 46.19 52.19 41.07 40.59 40.99 43.01 55.73 61.06 60.75 60.82 64.08 63.82 65.99 62.61 69.64 67.69 72.54 68.4 72.29 78.64 73.84 70.07
-9999 -9999 -9999 -9999 121.4 118.375 119.197 119.6484 98.18 107.49 108.94 105.56 101.6 102.42 101.1 93.99 94.46 90.35 84.37 85.22 79.76 79.6 85.17 78.1 76.73 81.69 67.01 61.07 62.62 58.33 51.89 31.63 41.44 50.76 60.04 57.03 42.05 28 28.17 30.63 38.58 44.75 49.9 50.92 53.92 48.88 70.28 76.23 63.06 75.73 65.2 58.15 60.74 56.38 60.64 54.47 51.28 58.97 59.12 58.24 62.02 64.57 68.34 68.13 63.91 68.9 68.95 62.74 66.95 64.69 59.6 68.09 69.11 78.64 79.73
-9999 -9999 -9999 -9999 -9999 -9999 103.1196 114.02 108.72 114.19 105.75 100.07 100.82 91.38 92.74 91.15 85.77 85.9 79.06 74.2 80.55 84.86 75.94 72.61 75.39 72.65 61.42 48.84 45.05 48.11 52.48 44.54 55.65 64.98 64.05 64.65 54.98 51.44 51.88 48.81 44.11 44.88 50.17 56.07 68.95 69.41 91.41 95.87 92.45 98.54 81.7 86.55 67 65.15 62.6 59.9 60.59 62.1 65.52 63.48 68.67 68.04 69.56 64.32 62.79 63.16 64.09 63.2 65.12 61.24 56.21 62.15 76.37 67.01 68.47
-9999 -9999 -9999 -9999 -9999 122.7966 112.0532 -9999 -9999 105.75 104.58 96.24 90.11 83.36 77.05 86.88 85.41 78.89 74.64 70.96 80.36 82.98 78.11 78.06 84.01 73.03 58.51 57.68 51.02 42.74 52.3 58.39 65.12 73.69 74.19 69.92 68.88 66.01 59.11 50.31 53.8 57.1 56.84 66.18 84.96 91.07 99.15 100.33 100.66 101.26 99.68 101.49 70.71 69.8 65.29 63.73 65.61 65.57 69.91 68.19 70.47 73.63 71.8 66.58 65.87 62.93 62.38 60.65 59.91 57.67 59.64 67.14 76.29 76.49 74.77
-9999 -9999 -9999 -9999 -9999 -9999 -9999 125.1667 118.3012 110.17 103.27 95.93 89.25 84.49 77.05 77.64 79.89 74.28 70.56 74.41 76.8 81.64 80.32 86.61 84.83 78.09 68.32 63.23 50.68 47.74 53.36 65.68 71.89 76.92 73.66 67.45 52.37 44.53 43.44 47.31 55.6 60.07 60.18 68.28 96.79 97.7 100.91 103.83 105.32 104.76 104.76 101.76 81.26 75.76 69.02 67.57 70.89 69.96 71.36 73.16 72.44 75.28 75.31 73.94 72.37 70.45 66.41 60.21 60.23 59.49 63.79 65.76 62.32 64.66 67.81
-9999 -9999 -9999 -9999 -9999 -9999 -9999 121.125 111.8043 101.4382 106.55 97.8 85.93 73.79 77.96 82.91 85.07 84.28 83.13 81.42 80.19 80.48 82.43 82.2 75.54 74.2 74.57 72.51 56.4 60.69 64.39 67.59 69.68 57.35 43.66 44.69 34.57 31.24 45.2 54.95 60.24 63.29 62.75 67.59 99.22 100.9 102.85 106.63 106.92 106.09 104.73 103.92 103.42 78.76 72.39 70.6 73.45 75.58 75.97 76.6 77.55 77.56 76.35 76.09 74.64 72.55 66.24 62.58 62.48 61.9 60.92 59.59 60.27 62.86 62.84
-9999 -9999 -9999 -9999 -9999 -9999 -9999 -9999 -9999 103.9118 104.4516 98.82 91.42 74.4 75.61 86.76 92.41 87.82 88.46 87.86 85.62 72.46 67.06 71.29 70.93 60.48 58.51 74.65 76.08 59.03 53.83 61.76 45.55 40.67 43.76 25.29 22.28 29.81 42.68 53.13 58.42 63.02 66.38 68.83 85.38 102.99 104.35 107.45 106.58 106.26 106.92 106.63 106.49 92.39 75.36 74.28 75.81 78.49 79.15 80.03 79.89 80.17 79.81 78.79 76.43 71.18 67.06 65.53 64.6 63.62 60.6 58.44 57.58 53.18 55.65
-9999 -9999 -9999 -9999 -9999 -9999 -9999 -9999 110.1538 102.4697 -9999 97.01 89.25 81.54 71.29 81.89 94.03 89.71 84.04 86.6 83.76 73.66 69.8 58.2 53.63 51.82 43.23 62.86 64.87 53.92 39.87 35.05 30.32 29.86 34.79 42.61 36.41 27.62 35.53 50.27 60.88 64.62 67.43 69.01 73 96.04 104.58 108.5 105.9 105.07 107.5 103.29 90.52 80.43 77.56 77.81 78.41 79.9 82.26 82.71 83.07 81.88 81.39 79.33 75.31 68.82 68.93 69.05 65.73 61.84 58.74 57.65 55.01 50.16 45.23
-9999 -9999 -9999 -9999 -9999 -9999 -9999 -9999 -9999 106.9011 103.84 101.98 101 86.56 80.2 87.52 89.45 85.3 83.6 79.62 77.54 73.63 73.07 57.25 44.98 38.69 32.14 45.74 59.42 47.71 39.19 25.69 14.14 17.05 25.33 24.96 28.69 37.05 41 50.22 60.4 63.6 65.12 68.69 70.68 72.58 103.73 97.22 100.06 97.27 93 78.53 78.1 77.68 78.73 80.28 81.61 81.69 83.38 85.17 84.98 82.5 81.28 77.49 72.87 74.25 72.96 69.4 66.28 63.38 60.5 57.6 51.14 41.64 37.98
-9999 -9999 -9999 -9999 -9999 -9999 -9999 -9999 110.7692 97.7 109.15 105.57 104.34 90.39 97.22 86.69 78.18 70.3 71.85 70.65 69.65 72.94 69.67 63.98 53.42 44.09 45.49 52.89 56.41 43.76 33.57 23.14 23.81 39.18 44.85 43.54 43.1 46.92 51.07 56.2 62.77 65.63 67.47 68.29 71.77 72.99 73.12 90.37 96.35 101.85 96.94 77.27 76.98 77 79.57 81.31 83.55 85.65 85.26 87.96 83.11 79.11 79.15 77 78.51 74.09 73.13 70.38 66.9 63.15 59.11 55.07 56.88 55.5 50.3
-9999 -9999 -9999 -9999 -9999 -9999 -9999 98.25397 97.5 105.6 108.53 106.63 100.5 98.55 77.4 61.23 52.61 58.74 65.39 70.44 71.56 71.49 71.24 64.6 72.3 58.72 55.26 57.19 51.35 44.85 37.96 32.22 30.03 47.87 50.25 50.68 52.29 53.03 55.67 58.03 64.66 68.55 69.98 70.08 70.98 72.71 74.61 80.93 78 74.76 77.36 77.4 77.06 79.15 80.68 82.2 84.37 86.77 87.47 89.03 83.8 83.66 83.72 79.89 75.92 72.95 72.36 70.72 68.5 66.42 63.48 60.66 56.94 59.16 58.5
-9999 -9999 -9999 -9999 -9999 -9999 -9999 102.5667 109.9 107.66 103.19 85.01 90 81.55 56.7 67.19 70.13 74.03 70.38 61.31 58.18 62.67 64.56 69.02 80 68.51 62.23 64.97 59.14 53.76 52.99 48.55 39.35 54.17 55.25 53.17 50.84 54.67 56.8 57.81 62.18 68.48 70.15 71.31 73.13 74.87 74.96 74.39 75.46 76.46 77.64 77.31 76.59 79.31 80.48 81.99 83.02 82.61 80.79 86.08 87.87 84.36 80.96 77.62 73.47 70.76 70.89 69.2 66.48 64.14 62.42 57.62 55.14 52 59.18
-9999 -9999 -9999 -9999 -9999 -9999 -9999 109.7273 106.9773 97.28 97.97 83.79 95.82 91.58 82.45 80.96 79.01 64.24 53 52.79 53.34 53.72 67.63 69.64 80.69 71.29 61.48 67.11 66.01 58.31 57.54 57.76 56.66 63.65 59.78 60.9 57.34 55.16 53.17 51.96 55.73 63.26 68.69 70.2 72.6 74.12 75.08 76.19 77.28 77.84 77.75 77.51 77.79 78.09 76.94 76.5 76.78 78.28 81.13 86.72 84.11 81.06 78.31 75 71.99 70.14 68.66 68.52 66.6 65.13 64.07 61.48 58.98 57.02 55.04
-9999 -9999 -9999 -9999 -9999 -9999 -9999 -9999 101.7 93.8 107.01 100.17 100.69 94.59 85.23 67.3 58.89 50.49 63.08 57.14 59.16 58.75 63.16 71.4 82.33 72.93 62.99 70.57 69.21 68.71 61.71 54.71 61.92 68.34 60.82 64 61.71 57.53 58.77 60.01 59.09 64.19 68.61 72.99 73.56 73.64 75.71 76.29 75.95 75.42 77.57 77.79 75.77 73.54 73.76 74.53 75.58 79.04 83.94 83.12 80.46 79.74 77.39 75.56 73.47 71.89 72.14 70.79 68.8 68.38 67.38 66.31 64.91 63.72 61.9
-9999 -9999 -9999 -9999 -9999 -9999 -9999 -9999 107.7444 107.5306 102.05 97.78 91.72 94.29 87.44 80.35 76.42 77.78 67.47 59.46 58.97 65.49 73.31 79.94 76.67 66.13 71.6 76.92 79.01 70.6 60.81 51.01 62.08 62.61 65.2 66.81 60.6 58.01 58.52 60.59 65.32 68.51 69.4 71.85 73.78 74.49 76.12 76.98 76.61 75.99 75.93 73.73 72.69 73.33 73.46 73.19 75.47 80.9 79.64 79.29 79.03 78.68 76.68 74.87 73.7 71.79 75.27 75.48 73.54 71.39 70.91 68.74 67.19 66.1 64.28
-9999 -9999 -9999 -9999 -9999 -9999 -9999 -9999 109.8684 104.92 102.81 102.91 105.91 102.33 98.09 87.11 81.83 65.64 62.42 65.86 72.87 75.36 79.35 82.29 63.82 73.94 79.89 85.24 84.96 75.2 64.12 59.88 59.76 66.3 67.86 68.06 64.43 62.3 60.13 61.34 65.21 69.53 71.81 72.88 73.36 75.17 76.36 74.47 74.67 74.59 74.87 76.06 75.34 74.49 73.24 73.5 78.19 80.02 78.74 79.83 79.21 78.07 77.34 78.17 78.16 74.24 75.9 72.54 71.87 71.25 70.96 69.14 67.77 66.9 66.56
-9999 -9999 -9999 -9999 -9999 -9999 -9999 -9999 -9999 105.99 107.22 105.42 103.61 94.49 95.69 92.74 79.71 78.7 79.86 78.89 86.14 72.25 74.43 62.05 66.68 79.79 87.12 89.33 84.33 75.74 70.46 70.19 69.39 74.9 72.96 70.99 65.83 62.18 63.88 64.3 70.24 69.44 71.63 72.69 73.7 77.01 77.86 76.11 76.22 76.76 77.32 77.34 77.78 76.35 76.98 79.3 79.89 80.24 80.76 75.68 75.86 74.42 72.98 73.43 73.72 73.1 70.18 68.19 68.65 67.63 63.64 64.01 62.1 65.04 66.66
-9999 -9999 -9999 -9999 -9999 -9999 -9999 -9999 -9999 108.99 105.12 104.56 99.01 99.89 96.49 91.18 83.66 81.58 93.68 83.72 67.91 65.9 65.37 71.9 81.84 76.73 77.15 88.19 83.42 71.03 61.4 73.89 77.19 77.84 74.87 72.72 67.42 64.65 67.22 65.01 70.16 72.74 72.24 73.44 74.7 76.02 76.72 75.5 76.41 78.01 78.98 78.36 78.86 79.04 78.52 77.65 78.67 79.56 78.53 75.25 73.94 72.76 72.32 71.61 71.51 71.43 70.31 64.47 58.65 57.39 58.82 64.98 64.5 61.94 63.1
-9999 -9999 -9999 -9999 -9999 -9999 -9999 -9999 -9999 109.5657 107.81 106.16 104.32 100.88 95.41 94.24 85.01 86.54 93.14 82.24 54.85 78.06 76.01 77.76 88.2 95.69 87.39 85.5 79.99 82.19 74.44 78.93 77.08 67.94 63.91 65.12 67.26 70.02 66.16 66.27 69.62 70.21 71.04 71.7 72.68 72.83 72.92 74.11 74.33 74.72 75.65 76.83 76.79 76.7 75.7 75.82 77.47 78.66 77.08 77.09 78.33 76.68 75.42 74.62 73.03 71.62 71.8 65.79 59.68 62.34 64.13 64.39 63.23 61.65 57.97
-9999 -9999 -9999 -9999 -9999 -9999 -9999 -9999 -9999 109.6076 105.93 104 97.92 92.83 94.15 96.36 94.17 97.32 79.05 69.73 88.55 92.87 83.51 92.87 82.96 95.03 75.55 74.83 86.79 86.56 81.71 83.9 75.2 66.88 67.72 71.23 73.83 68.95 65.92 70.04 70.68 69.86 69.13 68.7 68.76 68.68 69.76 71.36 73.78 75.94 73.84 75.59 76.5 76.77 77.93 78 77.69 77.33 77.6 77.85 77.67 76.88 75.47 73.42 71.84 71.23 69.42 67.79 63.99 66.48 64.39 59.12 52.49 48.36 48.2
-9999 -9999 -9999 -9999 -9999 -9999 -9999 -9999 -9999 110.2642 107.5 104.09 101.82 97.37 97.81 95.87 99.52 82.14 74.73 78.01 100.65 97.11 93.92 100.94 98.3 91.39 72.51 71.95 90.45 85.28 78.23 79.13 72.36 71.81 70.67 71.43 65.93 64.87 66.68 72.8 72.89 70.74 69.22 66.75 67.49 69.52 69.51 69.09 70.84 73.47 74.74 75.35 76.21 76.78 77.4 77.5 76.72 76.88 75.37 76.73 76.33 75.63 74.74 73.06 71.49 70.45 68.85 66.62 63.63 62.4 61.72 51.83 36.03 35.73 40.86
-9999 -9999 -9999 -9999 -9999 -9999 -9999 -9999 -9999 -9999 109.7204 111.4 104.57 99.94 97.15 98.74 94.66 90.36 90.3 86.65 98.57 96.73 95.81 96.65 94.42 95.14 87.98 86.5 93.25 80.98 77.36 80.29 79.02 73.86 68.18 67.79 66.46 65.2 66.06 71.07 72.72 73.76 72.03 71.56 71.73 72.04 71.49 70.72 71.44 73.13 74.88 75.12 75.48 75.8 76.51 76.85 75.32 75.58 73.48 74.86 75.29 73.44 72.29 72.3 71 66.85 63.21 61.97 60.11 55.38 45.47 37.12 39.1 48.54 43.75
-9999 -9999 -9999 -9999 -9999 -9999 -9999 -9999 -9999 -9999 110.5476 106.72 106.77 103.2 100.48 93.62 77.83 80.18 65 67.5 86.48 82.22 84.88 81.56 78.15 79.16 80.24 80.14 90.78 88.15 87.11 84.96 83.87 74.45 69.96 68.84 66.72 66.18 66.15 71.15 72.01 72.2 72.5 73.27 73.41 73.59 72.63 71.92 71.28 71.91 73.49 74.01 74.23 74.35 75.05 74.57 73.21 74.36 72.71 73.01 72.72 71.07 72.55 70.09 67.01 63.4 58.48 45.33 43.67 43.67 58.32 57.98 46.06 53.38 61.2
