layers/wordclim/future/Iberia_wcB2a_10_hadcm3_2080/bio_18.asc
ncols         166
nrows         93
xllcorner     -9.4959440078468
yllcorner     36.000324005443
cellsize      0.083333337679505
NODATA_value  -9999
[rows 0 to 34 of 93, columns 0 to 76 of 166]
-9999 -9999 -9999 -9999 -9999 -9999 -9999 -9999 -9999 -9999 -9999 -9999 -9999 -9999 -9999 -9999 -9999 106.3902 114.5278 105.4179 105.1515 107.0341 104.7681 104.5 -9999 -9999 -9999 -9999 -9999 -9999 -9999 -9999 -9999 -9999 -9999 -9999 -9999 -9999 -9999 -9999 -9999 -9999 -9999 -9999 -9999 -9999 -9999 -9999 -9999 -9999 -9999 -9999 -9999 -9999 -9999 -9999 -9999 -9999 -9999 -9999 -9999 -9999 -9999 -9999 -9999 -9999 -9999 -9999 -9999 -9999 -9999 -9999 -9999 -9999 -9999 -9999 -9999
-9999 -9999 -9999 -9999 -9999 -9999 -9999 -9999 -9999 -9999 -9999 -9999 -9999 -9999 -9999 -9999 103.1818 105.4526 108.51 104.39 110.15 112.4 105.6869 111.14 109.62 105.0103 -9999 -9999 -9999 -9999 -9999 -9999 -9999 -9999 -9999 -9999 -9999 -9999 -9999 -9999 -9999 -9999 -9999 124.1719 124.3077 -9999 -9999 -9999 -9999 -9999 -9999 -9999 -9999 -9999 -9999 -9999 -9999 -9999 -9999 -9999 -9999 -9999 -9999 -9999 -9999 -9999 -9999 -9999 -9999 -9999 -9999 -9999 -9999 -9999 -9999 -9999 -9999
-9999 -9999 -9999 -9999 -9999 -9999 -9999 -9999 -9999 -9999 -9999 -9999 -9999 -9999 101.0926 100.3579 102.1212 104.41 106.74 111.87 115.39 113.44 111.06 116.28 104.44 99.81 99.34737 99.68355 100.7324 98.27273 99.3125 100.7381 103.0132 101.8831 107.8861 106.3939 109.2877 113.9722 117.6932 118.0825 119.1026 119.9167 120.6364 121.63 124.05 120.5974 121.7049 125.5833 125.8644 -9999 -9999 -9999 -9999 -9999 -9999 -9999 -9999 -9999 -9999 -9999 -9999 -9999 -9999 -9999 -9999 -9999 -9999 -9999 -9999 -9999 -9999 -9999 -9999 -9999 -9999 -9999 -9999
-9999 -9999 -9999 -9999 -9999 -9999 -9999 -9999 -9999 -9999 -9999 -9999 -9999 -9999 -9999 -9999 105.1919 111.3 113.05 109.57 113.04 117.33 119.56 119.05 111.6 102.59 98.24 103.24 97.47 97.49495 103.74 107.84 109.67 104.8 114.62 110.92 109.77 114.51 121.62 117.6 114.596 120.95 124.15 122.25 121.58 122.01 125.77 126.29 120.75 122.47 123.23 124.6795 121.1795 120.2034 120.62 -9999 -9999 -9999 -9999 -9999 -9999 -9999 -9999 -9999 -9999 -9999 -9999 152.3699 -9999 155.6984 158.3646 158.4598 159 -9999 -9999 -9999 -9999
-9999 -9999 -9999 -9999 -9999 -9999 -9999 -9999 -9999 -9999 -9999 -9999 -9999 -9999 97.85075 98.22916 104.07 109.4 110.72 112.62 109.3 109.87 109.48 112.92 109.31 107.33 103.94 99.04 99.79 107.07 113.96 109.5 105.03 108.25 112.84 107.39 114.08 118.65 113.87 111.11 112.66 111.91 113.46 118.78 118.71 119.64 121.07 120.74 119.88 119.32 119.29 116.02 115.82 120.9 122.18 124 127.51 124.5319 123.2469 121.6712 122.5195 125.3718 128.0556 132.5301 135.7245 137.76 141.89 145.32 148.1771 149.13 152.13 153.72 153.2024 156.05 157.2921 156.4074 -9999
-9999 -9999 -9999 -9999 -9999 -9999 100.5556 99.575 101.6081 -9999 102.4189 102.4458 102.04 98.38383 97.82 -9999 103.82 108.27 112.91 109.79 107.07 105.39 104.15 101.35 102.66 101.86 101.89 97.05 105.51 107.93 107.18 99.84 103.65 113.24 112.83 105.71 104.27 106.23 111.12 110.71 114.32 115.39 114.91 114.8 116.08 116.08 117.37 119.57 120.02 116.99 120.99 117.66 115.2 121.61 126.02 125.18 121.54 125.23 120.36 122.48 121.68 124.87 126.44 128.16 131.58 132.49 135.59 138.73 142.46 144.41 146.02 147.41 147.37 149.83 151.74 153.75 152.74
-9999 -9999 -9999 -9999 -9999 -9999 101.6849 101.62 102.04 102.64 105.58 113.15 110.68 106.9 101.63 102.24 107.52 108.79 110.13 107.07 105.32 100.93 99.53 98.27 97.26 98.02 100.21 97.61 100.42 102.24 98.6 95.46 105.01 111.16 102.95 100.82 102.65 112.41 110.94 113.69 115.33 110.68 121.89 114.24 109.51 113.16 114.33 113.03 114.84 115.55 123.97 118.54 116.87 125.99 146.41 136.29 141.48 138.17 118.99 123.81 120.96 119.92 120.86 124.92 125.06 125.9 128.9 131.51 133.68 137.28 143.14 140.67 140.31 141.16 143.34 143.95 144.75
-9999 -9999 -9999 -9999 97.13979 101.47 102.77 107.75 110.24 110.34 113.99 114.03 111.92 112.37 109.27 110.43 111.47 109.37 108.94 105.12 103.34 100.48 96.62 95.54 95.02 96.66 98.99 95.93 103.05 99.43 100.75 95.19 101.06 105.48 100.09 98.85 107.57 116.09 107.67 114.93 112.12 115.15 109.02 109.49 105.94 110.83 110.11 110.53 117.29 121.52 118.21 121.83 125.86 119.03 129.43 135.31 129.62 114.97 110.71 114 127.28 121.47 120.01 120.22 121.21 119.86 124.09 124.27 126.96 134.39 137.46 136.36 135.89 135.16 134.04 135.46 136.36
-9999 -9999 -9999 95.82475 99.18 106.31 107.35 110.12 111.52 113.22 112.5 112.54 108.84 108.74 108.93 107.95 108.1 108.73 110.35 106.02 100.86 99.11 95.36 93.92 94.73 94.55 97.64 97.47 92.69 93.01 88.13 89.19 99.06 105.7 97.34 107.2 107.13 123.2 124.69 121.38 129.82 121.26 126.78 109.43 104.24 120.9 123.06 118.94 124.16 126.02 117.37 122.9 116.74 114.88 122.72 122.32 132.09 130.47 122.18 116.06 120.18 132.14 124.78 116.38 115.79 116.13 118.68 118.99 121.71 123.08 123.04 124.29 125.19 127.17 128.24 130.75 132.37
-9999 -9999 -9999 94.01176 102.3838 106.01 108.1 109.12 109.44 110.7 110.66 110.04 109.91 109.92 108.83 107.83 105.01 107.44 106.12 105.25 100.23 99.12 95.9 90.41 88.12 88.5 93.11 91.46 91.65 84.75 85.86 92.48 93.54 100.76 102.85 108.34 114.31 108.34 108.66 109.33 113.54 109.45 110.44 114.57 110.52 108.9 112.28 108.92 114.64 110.95 104.26 109.04 108.74 107.66 105.97 113.33 124.18 127.34 122.71 113.2 109.95 125.37 119.49 108.49 107.64 109.16 109.84 111.1 112.12 113.2 113.37 112.87 114.94 117.09 119.42 121.41 122.71
-9999 -9999 -9999 -9999 97.48276 106.47 106.93 105.34 108.25 105.31 103.21 109.42 111.66 107.12 106.02 104.32 100.22 99.61 99.23 98.86 98.65 94.2 89.24 86.11 83.53 84.47 86.63 90.36 84.5 83.42 90.55 100.08 107.65 106.93 99.04 100.55 99.43 103.81 112.41 107.89 111.89 112.13 104.41 98.28 107.28 100.3 98.47 97.37 102.11 96.36 95.46 101.05 98.34 102.49 99.31 106.33 107.75 108.05 107.53 100.3 98.03 99.57 100.5 99.72 100.32 101.08 103.88 102.59 104.21 104.62 107.46 107.24 106.97 109.43 112.14 114.95 113.65
-9999 -9999 -9999 -9999 95.2 98.03125 98.0303 97.93407 111.33 105.56 103.25 101.97 104.81 101.97 100.82 105.17 102.06 101.29 100.87 96.47 96.34 92.37 85.25 87.01 85.17 80.06 86.78 88.44 85.21 86.54 89.77 104.88 94.92 88.35 81.89 84.33 94.3 104.18 104.92 103.51 97.27 92.69 88.88 88.96 88.39 91.14 86.64 86.25 88.23 85.92 86.57 87.44 87.35 89.99 87.99 91.84 94.56 90.69 91.02 92.77 90.66 90.66 89.74 90.73 93.34 92.38 93.92 96.98 96.6 98.64 101.13 100.98 101.94 100.65 101.55 103.57 107.4
-9999 -9999 -9999 -9999 -9999 -9999 107.9783 101.91 104.86 100.53 103.24 106.03 104.25 109.24 106.45 104.47 104.46 101.29 101.33 100.49 91.9 85.28 88.16 87.49 82.55 81.68 87.18 94.29 94.98 90.09 84.53 89.44 78.72 72.17 72.31 71.72 79.24 81.53 81.11 83.84 87.09 86.3 81.69 79.78 78.31 79.71 76.16 76.34 78.65 77.06 79.79 78.35 79.51 78.89 80.7 82.99 83.23 82.87 82.09 83.75 81.76 82.64 83.04 85.96 87.76 87.97 88.55 89.84 89.99 92.32 95.59 94.72 91.68 95.81 96.51 99.62 99.23
-9999 -9999 -9999 -9999 -9999 94.38983 102.0851 -9999 -9999 103.97 103.39 108.5 110.41 112.33 112.72 104.08 101.56 102.02 100.6 99.01 88.73 83.02 83.1 80.16 74.18 78.24 85.66 84.08 86.92 90.97 79.93 72.63 65.05 58.27 58.26 60.46 61.68 66.09 70.72 76.48 75.08 71.63 71.68 70.47 70.98 70.29 67.48 67.89 69.29 69.65 71.33 70.33 73.32 71.52 74.24 75.69 75.11 75.45 74.24 75.35 75.09 74.37 76.16 79.09 79.83 81.27 82.47 83.76 84.95 86.87 87.32 85.94 84.85 85.92 87.44 88.47 90.7
-9999 -9999 -9999 -9999 -9999 -9999 -9999 93 96.80723 99.43 103.79 107.72 108.92 108.66 109.77 106.56 101.83 101.32 100.05 93.74 87.68 80.44 78.4 71.18 69.92 71.48 75.12 74.01 82.38 82.21 74.52 61.76 58.03 53.3 53.49 56.29 67.96 75.47 76.51 74.58 68.23 65.4 65.1 62.92 63.02 62.91 62.03 62.74 63.17 63.81 64.15 65.98 66.5 64.7 66.36 67.65 67.18 67.85 67.56 67.57 68.31 67.91 68.56 69.71 71.24 72.3 74.65 77.68 78.17 79.17 78.36 79.19 82.46 82.79 82.87 83.84 83.9
-9999 -9999 -9999 -9999 -9999 -9999 -9999 94.875 98.46739 105.1798 100.71 104.97 109.02 111.66 106.41 100.23 94.78 90.5 87.24 84.57 80.16 76.71 69.75 70.75 71.15 71.2 65.52 65.18 73.25 68.19 63.74 56.52 54.45 61.38 72.36 70.41 78.39 80.95 70.74 64.81 60.79 58.55 59.23 57.23 57.67 57.93 57.87 58.16 59.33 60.03 60.21 61.18 60.77 59.46 60.47 62.74 60.88 60.09 60.37 60.57 60.88 61.44 62.74 63.36 64.32 65.8 69.08 71.05 71.29 71.8 73.51 75.53 77.52 77.38 79.09 78.23 78.07
-9999 -9999 -9999 -9999 -9999 -9999 -9999 -9999 -9999 100.2647 100.6774 102.79 103.82 109.24 105.11 94.34 85.11 82.71 76.67 70.59 68.74 80.87 80.82 73.07 69.96 76.12 74.54 58.57 55.14 66.11 68.37 60.26 71.19 73.51 69.25 84.93 85.74 77.64 66.81 61.79 58.71 55.5 53.99 53.69 53.87 54.24 54.52 53.98 55.45 56.81 56.45 55.56 56.6 55.82 54.78 55.59 55.19 55.08 54.48 54.76 55.15 55.53 56.78 57.91 59.14 61.58 63.59 64.36 64.89 65.13 68.06 71.25 73.14 77.89 78.01 76.78 81.21
-9999 -9999 -9999 -9999 -9999 -9999 -9999 -9999 96.10256 101.2879 -9999 100.86 102.43 102.29 105.48 94.69 76.58 75.27 76.18 68 66.98 75.03 74.55 81.03 81.82 80.58 84.55 64.84 60.4 66.65 77.47 79.46 81.86 80.63 74.42 66.38 70.4 77.68 69.25 59.4 54.1 52.02 50.55 50.51 50.7 50.93 50.5 50.36 52.69 55.14 52.44 51.47 53.15 52 51.63 51.75 54.07 53.63 50.34 52.87 52.57 51.79 52.37 53.17 55.31 58.59 58.94 59.07 60.37 62.59 65.09 67.31 70.39 76.25 81.97 84.22 87.06
-9999 -9999 -9999 -9999 -9999 -9999 -9999 -9999 -9999 95.17583 95.63 92.76 89.94 95.57 96.82 84.38 77.65 78.6 74.03 74.26 69.76 72.12 67.13 79.48 86.73 88.92 92.15 77.05 62.49 70.32 76.08 85.28 94.14 90.38 79.92 79.77 75.12 67.16 62.46 55.62 51.84 49.81 49.23 47.74 47.25 47.34 47.76 47.85 49.62 49.91 49.94 48.37 49.53 51.38 51.63 50.08 49.05 49.39 53.36 49.93 46.57 49.74 49.03 50.17 52.23 52.18 53.42 55.2 56.95 58.15 60.51 63.81 69.79 79.04 83.4 90.96 91.7
-9999 -9999 -9999 -9999 -9999 -9999 -9999 -9999 89.76923 99.22 84.96 87.78 83.48 89.95 80.13 82.08 87.19 89.26 83.83 79.77 76.58 69.22 69.08 70.15 76.69 82.11 77.9 68.73 62.98 72.34 78.63 86.92 83.28 67.77 61.39 61.17 60.27 56.28 52.08 48.19 48.1 46.71 45.63 45.69 44.5 44.95 45.08 45.38 45.89 45.84 47.02 47.76 48.75 50.8 50.88 51.68 51.32 51.08 50.79 53.26 54.63 53.1 48.22 51.12 50.11 51.78 50.99 51.52 53.36 55.37 58.77 62.93 63.07 65.27 70.52 73.39 75.72
-9999 -9999 -9999 -9999 -9999 -9999 -9999 96.95238 97.11 90.03 85.85 84.82 83.39 79.99 93.25 99.98 103.18 94.85 85.34 78.47 71.73 67.55 64.62 68.65 59.08 67.47 67.54 63.06 65.73 69.26 73.19 76.58 76.72 58.81 54.66 52.82 50.99 49.38 46.63 45.44 44.28 43.13 42.18 42.73 42.24 41.92 41.87 42.61 43.23 44.62 45.12 45.9 46.87 46.79 48.2 49.02 49.51 49.58 50.46 50.16 54.11 54.18 53.83 52.51 55.7 52.39 52.35 50.85 51.22 52.16 54.29 56.68 60.12 59.93 61.83 67.97 80.3
-9999 -9999 -9999 -9999 -9999 -9999 -9999 90.83334 84.47 84.53 86.31 96.32 89.32 91.64 103.76 94.59 87.77 80.19 80.18 83.59 81.67 74.05 69.85 63.28 52.44 58.43 60.5 55.83 57.74 59.69 58.87 60.34 66.3 51.89 49.43 49.82 50.38 46.33 45.37 44.42 43.67 40.9 40.07 40 39.56 39.53 39.74 41.37 41.63 41.88 42.32 43.43 45 45 45.3 46.1 47.24 48.74 50.8 49.6 50.2 51.79 53.39 54.75 54.1 56.2 53.5 53.88 53.24 58.14 56.86 57.31 59.65 62.33 58.95 61.6 64.52
-9999 -9999 -9999 -9999 -9999 -9999 -9999 83.27273 84.23864 90.21 87.48 94.84 80.65 79.98 83.76 80.83 77.83 86.21 91.32 88.06 84.24 80.77 66.51 61.41 51.01 54.81 59.98 53.34 51.6 55.85 53.69 51.55 50.68 44.23 45.51 43.83 44.66 45.54 46.53 46.78 44.55 42.55 39.99 38.96 38.75 37.83 37.78 38.24 38.7 39.6 40.37 41.52 42.52 43.23 45.22 46.53 47.88 48.38 48.58 47.17 48.74 50.18 51.75 53.73 54.19 55.84 56.59 56.43 55.77 53.11 59.44 58.83 58.6 59.42 60.3 60.64 62.57
-9999 -9999 -9999 -9999 -9999 -9999 -9999 -9999 85.65 89.63 78.15 80.85 73.18 77.16 77.49 89.68 92.31 94.57 81.52 82.7 77.59 75.59 68.69 59.22 49.16 52.62 57.79 50.26 49.15 47.82 49.93 53.2 45.89 40.97 44.03 41.02 41.77 43.33 41.79 40.73 41.06 40.98 38.5 36.11 35.96 36.27 36.12 36.21 36.95 38.37 38.57 39.24 41.43 42.96 43.72 45.03 45.42 44.87 43.78 46.18 48.37 49.04 50.71 51.9 53.03 54.08 53.38 54.16 55.32 53.12 57.09 56.82 58.49 59.23 60.31 61.59 62.46
-9999 -9999 -9999 -9999 -9999 -9999 -9999 -9999 78.52222 73.7551 77.89 77.56 82.53 71.28 77.91 76.81 76.17 70.7 77.11 79.59 77.54 69.14 59.53 52.24 52.25 56.62 50.97 45.84 43.16 45.94 49.64 55.56 45.3 43.57 41.46 39.05 41.69 42.16 41.46 38.81 37.45 37.36 36.83 35.41 35.01 34.11 34.19 34.63 35.76 36.95 37.81 39.79 41.17 41.73 42.56 43.19 43.72 41.83 44.01 45.58 46.54 47.19 48.8 50.69 51.59 52.77 50.43 50.39 51.2 52.65 52.93 54.64 56 57.3 58.89 60.57 62.21
-9999 -9999 -9999 -9999 -9999 -9999 -9999 -9999 75.05264 77.41 76.52 70.09 71.52 70.09 69.28 70.41 70.73 79.43 79.69 73.7 65.17 61.59 55.03 51.15 60.44 51.12 45.39 41.2 40.21 42.73 47.2 48.03 46.27 41.5 39.25 38.39 39.29 39.03 39.54 37.75 37.22 36.8 34.83 34.2 34 33.49 33.61 34.18 35.24 36.5 37.06 37.51 38.96 40.44 41.56 41.94 40.52 40.39 42.63 43.32 44.7 46.2 47.02 46.63 47.42 49.84 49.01 51.27 51.39 51.77 51.79 53.24 54.73 55.66 56.21 57.07 59.92
-9999 -9999 -9999 -9999 -9999 -9999 -9999 -9999 -9999 76.75 73.56 72.49 71.71 72.27 66.54 67.04 70.45 69.83 64.44 62.52 57.23 64.88 60.67 64.3 58.06 47.69 41.35 39.15 39.91 41.91 43.07 41.55 40.99 37.04 36.5 36.45 38.4 38.14 36.38 35.86 35.57 36.03 34 33.15 32.2 30.81 31.79 33.28 33.83 35.45 35.97 36.06 36.21 38.44 38.69 38.35 38.58 39.05 39.63 44.02 44.94 46.23 47.06 47.8 47.95 48.99 50.52 52.52 52.39 53.14 55.8 55.22 57.07 56.19 55.56 55.76 55.35
-9999 -9999 -9999 -9999 -9999 -9999 -9999 -9999 -9999 73.72 74.25 74.32 74.17 71.07 66.58 69.5 68.71 65.7 53.44 59.89 69.14 68.38 65.18 58.78 52.26 49.49 46.72 39.19 39.84 44.28 48.82 40.15 37.14 35.87 35.72 35.57 36.8 36.77 35.25 36.46 35.89 34.11 33.06 31.88 30.87 30.59 31.31 33.3 33.71 34.02 34.22 35.84 36 36.83 37.4 38.24 38.36 38.99 40.05 43.61 45.65 46.01 46.72 47.37 48.35 49.08 50.27 53.81 57.98 59.15 58.2 54.19 54.62 56.58 56.38 57.82 57.63
-9999 -9999 -9999 -9999 -9999 -9999 -9999 -9999 -9999 73.13131 73.28 72.76 72.1 71.43 67.44 60.98 67.05 62.36 54.36 61.96 77.64 62.11 61.59 57.58 50.27 43.02 41.05 40.23 41.3 39.24 41.7 37.65 36.99 39.73 40.77 38.9 36.49 34.84 36.04 36.95 36.35 34.15 33.04 32.7 31.98 32.58 33.6 33.4 34.34 35.05 35.56 35.6 36 36.26 37.36 38.2 37.82 39.05 40.67 42.14 42.29 43.18 44.56 46.17 46.6 48.24 48.19 52.03 56.36 54.56 53.61 53.91 54.88 55.91 59.26 61.87 62.92
-9999 -9999 -9999 -9999 -9999 -9999 -9999 -9999 -9999 72.1519 74.22 73.78 74.03 71.94 70.58 62.68 60.55 53.32 63.24 68.9 58.09 54.21 57.67 49.75 52.67 43.98 47.63 45.93 38.56 36.98 37.77 35.28 37.81 40.23 38.7 36.05 33.95 34.98 35.58 35.7 35.42 34.23 34.3 33.91 34.35 34.84 34.73 34.95 34.32 33.75 34.98 35 35.35 35.86 35.99 37 37.06 38.2 38.88 41.14 42 42.13 43.7 45.89 46.65 48 48.77 49.6 53.06 51.41 52.96 56.64 62.78 66.25 66.82 68.06 68.11
-9999 -9999 -9999 -9999 -9999 -9999 -9999 -9999 -9999 72.1132 73.56 74 72.27 70.67 60.73 62.82 56.7 63.3 66.52 65.18 49.18 51.21 51.08 44.46 44.24 45.17 50.2 47.9 37.22 37.46 39.69 37.65 39.15 38 37.54 36.93 37.15 37.26 35.36 34.57 34.17 33.98 34.48 36.12 34.81 34.38 35.15 36.25 36.23 35 35.04 35 35.02 36.52 36.94 37 37.2 38.06 39.8 40.84 41.98 42.26 43.38 44.87 46.6 48 48.46 49.83 52.46 53.4 54.01 62.23 76.04 76.78 72.16 69.24 72.25
-9999 -9999 -9999 -9999 -9999 -9999 -9999 -9999 -9999 -9999 73.10753 71.89 70.37 69.61 62.04 59.36 58.51 57.62 55.04 56.15 49.65 50.41 49.49 46.87 47.16 43.99 41.94 40.1 35.78 39.41 39.67 36.82 36.33 37.66 39.08 38.8 36.3 36.29 36.01 35.55 34.13 33.08 33.82 33.39 33.12 33.86 33.81 35.45 35.83 35.26 35.08 36.1 36.36 36.99 37 37 37.88 38.17 41.03 41.63 42 43.23 44.34 45.35 46.87 49.02 51.71 52.52 53.73 57.5 65.85 74.05 72.71 65.17 70.02 63.41 65.61
-9999 -9999 -9999 -9999 -9999 -9999 -9999 -9999 -9999 -9999 71.39286 71.78 64.89 64.15 63.26 61.38 69.7 64.65 73.11 68.85 58.11 59.69 56.3 56.05 55.02 51.52 45.34 43.01 36.8 36.7 35.38 35.46 34.8 37.28 38.77 38.66 37.55 35.82 35.53 35.59 35.05 34.07 33.72 33.04 32.47 32.84 33.98 35.36 36.31 37 36.63 36.85 36.98 37 37 37.38 38.93 38.71 41.33 41.95 42.65 43.56 43.65 46.14 48.71 51.32 54.36 64.66 65.92 66.88 55.39 55.55 65.75 59.88 53.92 56.6 59.4
-9999 -9999 -9999 -9999 -9999 -9999 -9999 -9999 -9999 -9999 68.82558 71.12 68.88 67.92 63.63 59.94 62.57 71.12 74.83 70.82 68.67 67.05 59.52 52.54 55.24 56.56 49 41.66 38.44 40.8 38.78 36.5 38.08 38.59 38.19 37.56 36.92 37.27 35.73 35.45 35.5 34.59 33.89 33.06 33 33.29 33.84 35.12 36.37 37 37 37 37.03 37.17 37.37 38.93 39 39 40.62 42.18 43 43.07 43.69 45.14 49.39 52.71 66.78 74.27 61.74 53.76 50.26 48.97 53.23 53.35 48.57 48.99 49.12
-9999 -9999 -9999 -9999 -9999 -9999 -9999 -9999 -9999 -9999 66.04082 67.68 67.62 67.51 73.21 70.94 67.38 60.24 59.89 60.24 62.56 62.58 60.5 56.42 55.96 55.38 49.12 43.25 40.51 42.35 42.64 39.62 37.82 39.18 39.29 38.51 36.67 36.32 35.58 34.87 34.63 34.24 34 34.34 34.62 34.58 35.13 36.54 36.04 36.89 36.99 37.08 38.39 38.75 38.54 38.46 39 38.98 39.94 42.37 43.7 43.59 44.7 46.76 51.31 56.08 74.18 58.17 63.95 59.78 49.85 44.94 41.99 42.9 45.41 44.43 42.85
