layers/wordclim/future/Iberia_wcB2a_10_hadcm3_2080/bio_01.asc
ncols         166
nrows         93
xllcorner     -9.4959440078468
yllcorner     36.000324005443
cellsize      0.083333337679505
NODATA_value  -9999
[rows 0 to 32 of 93, columns 0 to 72 of 166]
-9999 -9999 -9999 -9999 -9999 -9999 -9999 -9999 -9999 -9999 -9999 -9999 -9999 -9999 -9999 -9999 -9999 146.2439 136.1667 148.806 148.1818 146.1136 149 148.6818 -9999 -9999 -9999 -9999 -9999 -9999 -9999 -9999 -9999 -9999 -9999 -9999 -9999 -9999 -9999 -9999 -9999 -9999 -9999 -9999 -9999 -9999 -9999 -9999 -9999 -9999 -9999 -9999 -9999 -9999 -9999 -9999 -9999 -9999 -9999 -9999 -9999 -9999 -9999 -9999 -9999 -9999 -9999 -9999 -9999 -9999 -9999 -9999 -9999
-9999 -9999 -9999 -9999 -9999 -9999 -9999 -9999 -9999 -9999 -9999 -9999 -9999 -9999 -9999 -9999 148.6515 146.6526 142.32 146.99 139.53 137.72 145.9899 137.95 139.24 146.4433 -9999 -9999 -9999 -9999 -9999 -9999 -9999 -9999 -9999 -9999 -9999 -9999 -9999 -9999 -9999 -9999 -9999 152.5938 153.0385 -9999 -9999 -9999 -9999 -9999 -9999 -9999 -9999 -9999 -9999 -9999 -9999 -9999 -9999 -9999 -9999 -9999 -9999 -9999 -9999 -9999 -9999 -9999 -9999 -9999 -9999 -9999 -9999
-9999 -9999 -9999 -9999 -9999 -9999 -9999 -9999 -9999 -9999 -9999 -9999 -9999 -9999 149.8704 151.3368 149.1313 146.57 143.23 136.09 131.36 132.6 136.02 128.87 144.13 150.2 150.6421 149.5696 149.7887 154.5273 153.2 152.6429 149.8026 153.9351 147.3544 150.9394 149.589 145.4722 143.3182 146.0619 147.8846 149.5714 151.6162 152.06 150.76 154.2467 154 150.2 149.4746 -9999 -9999 -9999 -9999 -9999 -9999 -9999 -9999 -9999 -9999 -9999 -9999 -9999 -9999 -9999 -9999 -9999 -9999 -9999 -9999 -9999 -9999 -9999 -9999
-9999 -9999 -9999 -9999 -9999 -9999 -9999 -9999 -9999 -9999 -9999 -9999 -9999 -9999 -9999 -9999 145.1212 137.61 134.57 137.63 132.17 125.33 121.71 120.94 131.15 143.03 148.49 141.86 150.37 149.8485 141.16 137.22 135.95 144.62 130.6 138.77 143.01 137.95 129.93 142.33 149.1212 143.48 142.53 147.24 149.21 148.96 143.45 142.09 150.3 148.02 146.65 144.1667 152 154.0847 153.42 -9999 -9999 -9999 -9999 -9999 -9999 -9999 -9999 -9999 -9999 -9999 -9999 158.8767 -9999 158.1746 154.8958 156.8046 155.5217
-9999 -9999 -9999 -9999 -9999 -9999 -9999 -9999 -9999 -9999 -9999 -9999 -9999 -9999 152.6119 152.2917 145.69 138.35 136.28 132.41 134.95 132.83 132.05 126.33 129.86 132.08 136.83 143.65 142.54 131.02 121.32 127.99 135.78 131.37 126.23 137.45 129.2 122.97 134.69 143.53 145.14 149.82 150.4 145.5 147.82 146.83 144.18 144.16 144.46 145.24 145.76 152.17 152.63 144.53 143.65 141.31 135 144.0745 150.1605 156.3014 158 159.1667 157.3472 154.5422 156.1531 159.5 157.54 157.39 155.0833 157.22 151.86 152.56 155.6667
-9999 -9999 -9999 -9999 -9999 -9999 151.2963 153.0625 151.6216 -9999 150.0676 149.7229 149.44 152.8081 153.07 -9999 145.74 139.16 131.64 133.42 135.87 137.02 136.83 138.83 135.64 136.15 135.31 141.77 127.91 123.6 125.43 137.51 131.76 117.85 119.06 131.39 136.71 135.64 129.26 134.56 132.15 133.03 138.16 144.01 143.47 143.35 139.77 131.88 130.24 136.47 127.99 135.59 141.65 129.92 121.13 125.24 133.78 128.42 141.42 139.53 147.74 145.2 147.69 149.79 146.84 152.11 152.2 151.49 143.41 136.85 139.45 142.2 149.16
-9999 -9999 -9999 -9999 -9999 -9999 149.6986 150.58 150.33 150.91 147.74 139.89 142.32 145.4 150.01 148.89 141.44 137.82 133.92 135.58 135.54 139.43 139.46 141.28 140.85 137.59 132.66 135.58 130.28 126.21 132.26 137.77 122.47 113.55 126.29 132.05 130.15 116.39 120.47 117.05 116.16 129.52 108.41 127.65 140.72 130.93 127.56 131.3 127.9 125.67 109.19 120.32 123.53 106.97 77.15 94.46 86.1 91.87 128.64 119.96 128.43 135.75 139.06 132.87 139.26 146.3 141.43 140.83 139.8 122.94 110.21 127.86 140.06
-9999 -9999 -9999 -9999 153.5699 148.44 148.24 143.71 141.49 142.32 139.21 140.62 142.7 141.6 143.21 139.96 136.23 136.49 134.51 136.7 136.57 137.87 141.65 141.37 139.77 135.38 129.95 134.22 121.92 126.31 123.44 131.92 122.2 115.4 123.86 126.72 113.75 101.58 115.35 104.55 111.45 106.29 119.87 120.27 130.35 120.63 121.52 120.8 108.67 102.25 108.24 103.04 97.11 108.56 91.9 84.54 94.04 121.21 133.39 126.49 101.18 114.73 121.01 122.24 124.13 138.41 126.27 134.97 130.16 109.71 104.67 112.12 118.59
-9999 -9999 -9999 152.7216 149.81 143.03 142.94 141.41 141.11 140.18 141.88 143.08 146.35 145.7 144.43 143.44 140.61 136.63 130.29 133.46 137.87 137.58 140.26 139.9 136.42 134.19 127.88 125.67 131.49 129.48 136.6 134.11 118.31 108.67 120.57 106.91 107.08 86.5 84.88 89.13 78.41 89.53 82.79 109.93 120.14 92.86 90.12 97.01 88.89 85.27 97.99 90.33 99.78 104.02 92.5 93.59 80.35 85.02 97.11 108.51 101.78 85.38 96.43 112.94 117.46 120.42 119.48 121.58 118.88 119.93 125.79 127.24 127.82
-9999 -9999 -9999 153.9059 145.6263 143.02 142.12 142.83 143.96 144.11 145.46 147.1 147.61 146.47 144.75 143.13 142.88 136.54 134.85 132.4 136.33 134.67 136.41 141.63 142.46 139.77 130.26 129.9 127.78 137.05 134.44 123.05 121.01 110.5 107.02 99.65 91.67 99.64 99.13 98.39 93.25 99.16 97.3 91.63 98.02 100.26 95.85 101.11 93.06 99.2 110.41 102.8 102.81 105.44 108.06 98.01 83.71 81.29 87.67 100.91 107.62 86.7 95.81 115.43 119.69 121.19 122.39 121.8 122.16 124.13 129.71 136.22 133.84
-9999 -9999 -9999 -9999 151.431 142.33 143.81 147.08 145.51 150.37 153.12 148.17 146.04 149.4 148.24 147.08 148.4 145.57 141.7 138.18 134.96 138.06 141.23 143.63 145.06 141 135.5 127.49 134.24 134.27 122.01 107.57 96.48 96.66 106.33 103.65 105.37 99.39 87.6 93.2 88.31 88.21 98.68 108.02 94.99 106.14 108.59 110.82 103.67 113.03 114.82 106.36 112.13 105.4 110.63 99.58 98.6 98.58 100.23 112.24 116.93 116.63 116.79 119.93 119.81 122.33 119.35 126.19 124.88 129.44 125.85 129.76 135.74
-9999 -9999 -9999 -9999 154.275 152.1406 153.8636 155.6264 141.95 150.01 153.47 154.69 151.99 153.31 152.46 144.3 144.55 140.94 136.49 139.02 135.12 136.72 143.61 137.81 137.65 143.48 129.45 124.57 127.57 123.85 117.74 96.47 107.81 115.94 124.61 121.12 106.81 93.14 92.3 93.97 102.71 109.59 115.09 116.31 118 113.41 121.61 122.94 119.29 122.95 121.64 120.07 120.86 116.93 120.4 113.87 110.18 117.26 117.33 115.98 119.73 121.69 125.34 125.2 121.76 126.67 126.93 121.49 125.75 123.76 119.33 127.43 128.5
-9999 -9999 -9999 -9999 -9999 -9999 142.5326 151.38 149.78 155.92 152.89 150.07 151.78 142.56 144.33 142.52 137.39 138.11 132.99 129.61 137.85 143.63 135.69 133.59 137.37 135.83 125.09 112.79 109.71 113.74 119.95 112.42 125.03 132.9 130.82 131.24 121.67 118.23 118.37 115.19 110.04 111.4 117.46 122.72 124.75 122.69 128.59 130.04 126.81 131.16 125.47 128.41 126.15 126.63 123.64 120.35 120.42 121.32 124.01 122.02 126.59 126.06 127.55 122.92 121.83 122.7 123.96 123.63 125.94 122.64 118.01 123.95 137.63
-9999 -9999 -9999 -9999 -9999 157.2881 149.9149 -9999 -9999 152.41 153.48 146.57 141.44 134.92 128.75 139.85 138.62 133.01 130.18 127.95 139.05 143.7 139.55 140.98 148.34 137.77 123.48 123.61 117.06 109.29 120.99 128.55 136.71 142.88 143.01 139.44 138.07 134.92 127.55 118.67 122.57 126.62 126.59 129.73 129.98 129.53 135.57 135.91 135.38 134.99 132.41 134.15 129.02 132.56 127.5 125.27 126.58 126.02 129.68 127.85 129.92 132.8 131.34 126.68 126.52 124.37 124.33 123.17 122.81 120.77 122.97 130.73 139.43
-9999 -9999 -9999 -9999 -9999 -9999 -9999 162 159 157.57 152.58 146.97 141.17 137.13 130.14 131.65 134.75 130.07 127.51 132.85 136.96 144.01 144 151.92 150.73 144.88 135.08 130.57 118.04 115.98 123.28 137.93 145.33 149.34 146.48 140.38 125.31 116.52 113.84 116.65 126.08 130.87 131.49 135.55 135.5 135.73 138.5 140.2 140.69 139.18 138.2 134.68 133.93 136.86 132.73 130.35 132.57 131.11 131.95 133.24 132.51 135.19 135.73 134.56 133.86 132.86 129.91 124.57 125.1 124.99 129.39 131.52 128.18
-9999 -9999 -9999 -9999 -9999 -9999 -9999 159.9375 156.7065 149.764 156.12 149.14 138.49 126.71 132.17 138.67 142.5 143.33 143.51 142.92 143.05 144.71 147.9 148.78 142.47 141.62 142.93 142.08 125.62 131.39 136.28 141.41 144.49 132.02 117.21 119.42 108.75 105.6 117.76 126.31 132.09 135.61 135.5 139.23 139.16 139.32 140.86 143.56 143.32 141.57 139.37 137.72 138.08 140.25 136.9 134.43 136.26 137.66 137.48 137.65 138.46 138.59 137.81 138.24 137.48 136.3 131.15 128.58 129.44 129.57 128.39 127.14 127.83
-9999 -9999 -9999 -9999 -9999 -9999 -9999 -9999 -9999 152.6029 154.5484 150.7 145.24 128.17 130.79 144.62 153.16 150.02 152.41 153.36 151.86 136.34 131.49 137.61 138.42 127.49 126.6 145.5 147.98 130.22 125.64 135.52 118.36 113.77 118.3 98.05 95.44 104.95 119.97 126.18 131.37 136.85 140.65 141.87 141.83 142.1 143.03 145.47 143.66 142.48 141.98 141 142.24 143.12 140.9 139.08 139.55 141.17 141.17 141.55 141.31 142.01 142.06 141.79 140.55 136.42 133.5 133.18 133.4 133.12 130.01 127.76 126.99
-9999 -9999 -9999 -9999 -9999 -9999 -9999 -9999 157.2308 151.2424 -9999 149.56 143.47 137.04 126.7 140.46 156.24 153.37 147.9 153.67 150.89 139.24 135.99 123.72 119.56 118.44 110.2 133.56 136.93 125.7 110.82 106.27 101.8 102.21 109.06 118.87 112.59 103.01 113.17 126.42 135.19 139.03 142.05 143.9 144.14 144.15 145 147.05 143.85 142.26 144.47 144.85 145.89 145.6 144.4 143.59 143 143.49 144.95 144.81 145.15 144.3 144.41 143.12 140.38 135.44 136.51 137.77 135.78 133.06 129.77 128.44 125.56
-9999 -9999 -9999 -9999 -9999 -9999 -9999 -9999 -9999 155.9121 154.71 154.9 156.28 143.01 137.69 148.02 152.35 149.28 148.75 145.47 143.78 140.27 141.05 123.39 110.22 104.56 98.15 114.88 131.86 119.26 110.46 96.43 84.09 88.43 98.59 99.04 104.08 114.8 119.84 129.43 135.29 138.9 140.65 144.37 146.13 146.49 147.1 148.28 145.3 145.81 147.19 148.1 148.24 147.01 146.79 146.87 147.11 146.07 146.67 147.82 147.66 145.92 145.54 142.88 139.58 141.89 141.65 139.43 137.57 135.22 132.51 129.38 122.38
-9999 -9999 -9999 -9999 -9999 -9999 -9999 -9999 158.2747 147.36 160.04 158.81 160.04 147.63 157.46 147.91 139.61 131.17 135.13 134.69 134.89 140.5 137.64 131.87 120.77 111.08 114.1 123.99 128.85 115.22 104.87 93.91 95.73 114.44 121.65 121.09 121.69 126.41 132.24 137.81 138.75 141.95 143.88 144.78 148.21 147.6 149.13 148.89 148.55 149.61 149.2 149.82 148.74 147.84 149.18 149.46 150.28 150.99 149.44 151.17 146.94 143.63 144.48 143.43 145.96 142.88 143.19 141.43 138.91 135.77 131.96 127.81 130.06
-9999 -9999 -9999 -9999 -9999 -9999 -9999 145.254 145.74 155.06 159.78 160.16 156.1 156.73 135.84 119.01 110.26 118.6 127.72 135.11 138.18 139.46 140.07 133.13 143.74 128.85 126.2 129.46 123.53 117.19 110.44 104.87 103.47 124.7 128.46 129.9 132.1 133.96 137.3 140.78 143.16 145.25 146.8 147.06 148.22 149.51 151.25 150.61 150.41 149.72 151.82 151.04 149.8 150.73 151.25 151.72 152.44 153.25 152.72 152.71 148.39 149.05 150.13 147.52 144.51 143.07 143.51 142.84 141.52 140.07 137.31 134.52 130.71
-9999 -9999 -9999 -9999 -9999 -9999 -9999 149.1833 157.39 156.94 154.9 139.18 145.9 138.92 113.26 125.92 130.93 137.27 133.94 124.36 122.19 129 132.42 139.23 152.85 140.78 134.69 138.59 133.03 128.07 128.03 123.99 114.59 132.12 134.3 132.67 131.34 136.32 138.95 140.83 142.52 145.58 147.66 149.19 150.72 152.35 152.07 151.51 151.85 152.46 153.02 151.99 150.79 152.64 152.83 153.19 153.1 151.04 148.53 152.28 154.02 151.26 148.97 146.43 143.37 141.59 142.59 141.9 139.83 138.14 136.77 131.96 129.65
-9999 -9999 -9999 -9999 -9999 -9999 -9999 155.9697 154.625 147.29 150.09 138.06 151.93 149.65 141.94 142.02 141.76 126.21 113.93 115.14 117.13 118.49 136.6 140.61 154.22 144.69 134.39 141.49 141.39 133.57 133.64 134.98 134.19 142.68 139.61 141.58 138.67 137.33 135.65 135.1 138.04 141.25 146.59 148.3 150.93 152.24 153.15 153.96 154.61 154.88 154.35 153.65 153.1 152.91 151.08 149.98 149.39 149.25 150.72 155.4 152.63 150.24 148.22 145.73 143.68 142.49 141.88 142.19 141.05 140.1 139.55 137.09 134.87
-9999 -9999 -9999 -9999 -9999 -9999 -9999 -9999 149.65 143.98 158.34 153.91 156.58 152.8 144.89 126.84 119.07 110.42 126.31 120.53 124 125.01 131.79 142.68 156.75 147.32 136.36 145.97 145.48 145.55 138.75 131.89 140.44 148.07 140.89 145.36 143.72 139.99 142.24 144.19 142.07 142.43 147.12 151.66 152.54 152.6 154.78 154.93 154.26 153.49 155.09 154.98 152.45 150.09 149.61 149.73 150.01 152.84 156.39 154.79 151.83 151.05 149.21 147.85 146.48 145.58 146.51 145.75 144.45 144.68 143.78 143.19 141.65
-9999 -9999 -9999 -9999 -9999 -9999 -9999 -9999 154.8111 156.7857 153.61 151.62 147.9 152.45 147.35 141.75 139.15 142.14 132.01 124.08 124.22 133.51 144.4 153.09 150.6 139.81 146.73 153.56 156.43 148.31 138.29 128.06 140.91 142.33 146.01 148.79 142.71 140.97 142.26 144.89 147.29 147.24 148.36 151.35 153.51 154.3 155.36 156.12 155.64 155.07 154.33 152.05 150.72 150.76 150.61 150.64 152.61 157.5 154.66 153.3 152.57 152.23 150.36 148.69 148.07 146.55 150.97 151.72 150.31 148.45 148.16 146.68 145.2
-9999 -9999 -9999 -9999 -9999 -9999 -9999 -9999 156.9868 154.31 154.42 156.58 161.3 160.18 158.21 149.24 145.56 128.67 126.42 131.81 141.47 143.81 151.07 154.76 136.3 148.75 156.45 162.77 163.21 153.58 142.2 138.32 139.23 146.68 149.52 150.56 147.24 145.67 144.16 146.05 146.64 148.62 151.34 152.78 153.38 155.51 156.36 154.34 154.34 154 154.21 155.31 154.41 153.3 152.14 152.18 157.26 158.59 155.97 156.12 155.04 153.33 152.6 153.68 153.88 150.48 152.61 149.38 149.47 149.25 149.26 147.43 146.24
-9999 -9999 -9999 -9999 -9999 -9999 -9999 -9999 -9999 155.18 158.35 158.63 159.19 152.42 155.96 155.11 143.06 144.09 146.82 146.96 152.71 138.06 141.4 132.93 139.78 155.44 164.34 167.46 163.06 154.72 149.45 150.31 149.91 156.36 155.34 154.13 149.24 146.03 148.61 149.79 150.36 149.11 151.32 152.89 154.56 157.85 158.44 156.32 156.42 157.2 157.69 157.71 158.11 156.33 157.2 159.49 160.07 159.9 159.45 153.79 153.21 151.45 149.82 150.22 151.15 150.63 147.81 145.76 146.8 146.17 142.5 143.12 141.2
-9999 -9999 -9999 -9999 -9999 -9999 -9999 -9999 -9999 157.88 156.31 157.69 154.86 157.92 156.77 153.55 147.71 147.38 161.66 150 134.1 132.29 134.11 141.67 149.83 151.32 154.17 166.71 162.47 149.81 139.82 154.33 158.73 159.88 157.91 156.12 151.18 148.95 152.45 149.75 149.45 152.07 152.34 154.32 156.19 157 157.82 156.54 157.35 159.08 159.98 159.42 159.85 159.99 159.43 158.39 159.29 159.99 158.3 154.4 152.45 151.38 150.8 150.14 150.34 150.3 149.12 143.13 136.84 135.71 137.6 144.99 144.64
-9999 -9999 -9999 -9999 -9999 -9999 -9999 -9999 -9999 158.2929 158.55 159.27 159.62 158.66 155.6 156.76 149.06 152.6 161.28 146.58 120.97 141.7 140.5 143.42 153.37 163.41 165.18 163.99 159.17 162.07 154.56 160.37 158.82 150.14 146.52 148.33 151.82 154.95 151.66 149.31 148.82 149.89 151.33 152.29 154.01 153.95 153.93 155.18 155.52 156.22 157.02 158.15 158.12 158.24 157.13 157.14 158.79 159.68 157.44 157.15 158.38 156.49 155.26 154.43 152.94 151.7 151.95 145.77 139.24 142.17 144.19 144.8 143.65
-9999 -9999 -9999 -9999 -9999 -9999 -9999 -9999 -9999 158.443 156.73 157.57 153.85 151.11 154.49 158.75 158.49 163.62 146.43 135.29 150.83 155.32 146.36 156.87 149.05 161.88 152.47 152.94 166.46 167.01 162.75 165.9 157.29 149.2 150.8 155.13 158.82 154.16 151.7 150.83 150.13 149.77 149.44 149.33 149.63 149.71 151.18 152.75 155.25 157.82 155.51 157.28 158.08 158.65 159.98 159.97 159.51 159.22 158.94 158.93 158.61 157.83 156.39 154.67 153.09 152.44 150.72 149.1 144.98 147.5 145.51 139.56 131.99
-9999 -9999 -9999 -9999 -9999 -9999 -9999 -9999 -9999 159.0943 158.47 157.94 157.57 155.59 158.17 158.18 163.55 147.92 142.04 142.01 164.37 159.52 157.16 166.11 164.16 159.94 148.65 150.08 170.34 165.81 159.32 161.21 154.63 154.97 154.31 155.83 150.74 150.1 151.93 152.53 152.64 150.81 149.48 147.4 148.73 150.62 150.63 150.19 152.52 155.12 156.38 157.1 158.14 158.73 159.41 159.6 158.71 158.72 157.14 158.41 157.97 157.3 156.32 155.03 153.57 152.55 151.07 148.68 145.35 144.06 143.42 131.83 113.61
-9999 -9999 -9999 -9999 -9999 -9999 -9999 -9999 -9999 -9999 159.129 160.76 160.42 158.31 157.67 161.07 158.95 156.47 158.38 155.07 163.93 160.47 160.45 162.19 159.54 162.74 164.81 165.78 173.67 161.66 158.79 162.62 161.85 157.18 151.95 151.99 151.83 150.8 150.32 150.83 152.69 154.1 152.73 152.96 153.12 153.24 153.15 152.24 153.1 154.84 156.79 156.96 157.59 157.77 158.25 158.95 157.38 157.66 155.46 157 157.28 155.62 154.53 155.12 153.76 149.76 145.67 144.19 142.14 136.27 124.68 114.93 117.59
-9999 -9999 -9999 -9999 -9999 -9999 -9999 -9999 -9999 -9999 160.0238 157.96 161.7 161.23 160.78 155.79 141.42 145.74 130.9 135.12 149.86 145.09 149.24 147.22 146.06 149.17 157.42 159.46 171.35 169.35 169.17 167.86 167.1 158.34 153.7 153.52 151.9 152.06 150.86 150.84 151.7 152.78 153.59 154.49 155.18 155.15 154.59 153.63 152.51 153.49 155.61 156.16 156.31 156.34 157.51 156.97 155.33 156.94 154.73 155.26 155.3 153.59 155.41 153.38 150.38 146.27 140.59 124.33 122.6 122.56 140.21 140 125.91
