layers/wordclim/future/Iberia_wcB2a_10_hadcm3_2080/bio_16.asc
ncols         166
nrows         93
xllcorner     -9.4959440078468
yllcorner     36.000324005443
cellsize      0.083333337679505
NODATA_value  -9999
[rows 33 to 65 of 93, columns 0 to 72 of 166]
-9999 -9999 -9999 -9999 -9999 -9999 -9999 -9999 -9999 -9999 491.1395 515.74 533.25 545.08 549.09 557.44 595.28 666.01 699.93 675.76 665.26 655.6 604 546.91 562.66 563.43 499.97 427.85 388.79 394.87 375.86 345.04 347.79 332.11 314.84 294.22 277.99 264.49 245.56 227.97 216.73 203.62 186.14 173.43 164.43 156.27 150.31 141.09 135.48 135.2 134.03 133.14 132.26 131.25 130.34 129.81 128.98 128.9 131.11 132.86 136.56 140.04 145.12 151.14 161.25 169.23 200.16 221.16 192.49 177.77 171.87 169.6 175
-9999 -9999 -9999 -9999 -9999 -9999 -9999 -9999 -9999 -9999 477.9796 499.17 525.17 571.18 649.5 645.96 631.9 582.11 589.24 601.26 627.48 631.94 615.15 574.47 570.74 559 499.45 431.27 406.58 410.89 402.32 371.31 343.9 338.48 323.97 302.43 280.87 263.61 243.14 227.94 215.89 204.49 191.03 181.63 173.43 165.43 158.33 149.93 140.83 138.2 137.39 135.94 136.85 134.46 131.55 129.44 127.71 127.99 129.23 131.58 135.6 138.91 145.25 152.71 163.49 176.22 221.87 184.88 197.68 190.15 175.65 168.34 162
-9999 -9999 -9999 -9999 -9999 -9999 -9999 -9999 -9999 -9999 464.9438 476.59 504.62 596.7 568.81 599.82 589.27 533.17 548.46 574 591.53 587.09 573.74 567.44 550.55 550.27 490.8 442.08 429.17 398.71 398.56 388.84 358.24 335.39 325.17 308.85 287.84 265.12 248.32 233.25 220.72 212.02 200.94 193.25 185.72 179.21 169.49 153.13 148.16 143.71 140.28 139.69 140.88 140.66 137.35 131.3 130.83 128.07 128.46 129.97 134.13 139.82 147.96 162.24 198.9 204.57 225.91 209.46 182.62 172.2 169.55 163.9 162.95
-9999 -9999 -9999 -9999 -9999 -9999 -9999 -9999 -9999 457.3784 455.9891 465.37 480.29 500.71 558.64 549.01 567.54 539.37 560.36 566.27 544.31 534.18 527 530.32 518.38 492.11 468.7 456.79 450.99 427.27 402.25 396.39 368.58 343.07 320.31 314.34 294.13 267.9 253.72 242.87 230.57 218.17 212.31 207.34 198.83 180.62 165.81 158.66 155.48 152.03 149.91 150.92 156.56 152.14 152.27 149.46 143.91 133.23 131.35 131.13 150.55 152.76 167.1 175.23 173.34 166.28 169.86 169.86 171.53 175 170.57 165.39 165.28
-9999 -9999 -9999 -9999 -9999 -9999 -9999 -9999 -9999 447.473 454.4124 453.6 457.28 487.54 532.61 599.72 620.67 536.92 520.2 516.73 516.17 523.8 531.1 505.38 473.26 472.29 470.57 509.42 475.46 441.22 421.82 399.31 376.8 342.08 313.86 298.24 287.64 278.87 267.2 256.91 247.84 241.86 222.27 204.68 194.17 183.19 174.08 168.53 166.51 168.39 172.25 172.26 180.39 176.36 166.59 154.56 140.13 134.49 137.13 145.18 155.59 167.58 167.23 179.85 162.64 158.88 167.32 171.05 169.77 171.73 170.86 169.1 169.37
-9999 -9999 -9999 -9999 -9999 -9999 -9999 -9999 -9999 443.42 449.29 444.63 444.58 464.35 534.06 609.46 501.52 494.39 488.5 501.55 496.11 494.54 481.89 501.56 590.11 592.59 537.7 515.17 483.12 451.8 420.18 411.28 377.34 341.56 320.6 300.79 286.95 296.42 296.33 305.91 263.84 244.59 217.33 201.97 200.29 193.67 180.6 178.88 181.65 177.79 173.71 186.08 208.36 176.79 159.32 159.15 163.38 159.96 150.48 135.99 139.78 139.15 146.06 156.38 153.62 158.57 161.68 166.55 170.05 175.27 175.49 174.42 173.96
-9999 -9999 -9999 -9999 -9999 -9999 -9999 -9999 431.2742 438.35 441.42 444.81 438.29 468.58 502.32 491.57 478.52 471.03 476.65 476.05 493.56 503.34 601.33 722.19 648.26 573.3 507.41 516.49 475.75 441.89 426.27 415.25 372.79 349.7 341.82 320.47 300.48 296.32 284.02 269.29 251.98 206.62 197.04 200.27 193 202.78 195.34 182.43 177.87 183.45 211.35 233.4 228.85 213.59 213.95 193.04 160.58 142.32 133.64 133.56 132.77 134.2 141.67 146.49 149.75 153.9 158.98 169.22 172.27 176.52 179.41 176.78 174.87
-9999 -9999 -9999 -9999 -9999 -9999 -9999 -9999 423.5604 428.42 435 442.35 437.23 471.93 470.6 447.54 454.76 460.28 472.81 494.26 508.34 615.4 793.91 723.5 543.59 466.55 448.04 479.42 476.65 451.81 445.01 421.12 397.6 371.46 347.95 331.54 340.02 303.16 279.23 231.3 207.73 202.69 209.9 205.92 223.87 275.15 246.78 195.12 198 231.91 239.12 231.87 225.08 193.53 184.55 165.2 157.28 162.89 165.73 151.22 133.58 134.92 138.87 141.52 143.78 152.22 158.15 168.3 174.59 172.94 177.72 175.77 172.66
-9999 -9999 -9999 -9999 -9999 -9999 -9999 -9999 418.25 423.74 430.59 430.3 428.68 462.89 459.92 440.5 453.75 460.72 471.76 508.02 533.96 587.72 715.82 684.93 476.17 437.12 440.89 441.58 455.85 469.05 460.26 456.71 413.34 379.3 371.67 327.79 295.09 260.23 239.63 219.39 200.16 203.71 204.08 208.97 281.72 316.91 245.57 224.02 242.58 261.31 285.45 258.45 229.21 181.36 186.58 184.18 148.18 130.38 134.06 136.29 137.18 137.6 136.63 138.03 144.44 152.03 156.71 165.24 170.12 170.69 170.81 169.09 171.35
-9999 -9999 -9999 -9999 -9999 -9999 -9999 413.5616 412.26 405.31 408.61 408.21 415.58 443.77 445.37 453.09 454.56 477.58 538.84 604.41 627.94 531.32 492.34 468.27 448.4 443.56 419.09 414.28 415.4 413.99 370.46 345.09 389.7 328.09 291 266.79 248.87 248.02 222.57 207.8 197 187.5 218.27 267.53 222.86 250.61 310.75 293.37 277.78 195.32 218.2 192.98 152.59 136.08 141.83 128.02 129.41 131.28 134.93 137.87 133.07 131.04 134.33 139.82 146.56 150.72 153.5 162.79 165.22 167.39 166.92 166.23 166.57
-9999 -9999 -9999 -9999 -9999 -9999 -9999 -9999 391.5114 398.12 400 401.94 428.26 438.17 432.47 485.72 526.52 550.86 551.25 576.44 550.33 488.36 493.37 492.77 465.52 431.63 393.05 383.03 377.24 353.32 329.02 318.92 312.98 285.15 256.11 247.62 245.23 236.72 217.07 206.72 197.93 200.47 225.19 214.96 235.27 198.51 186.77 176.74 160.34 141.08 137.92 134.78 134.02 134.78 133.83 133.82 140.25 144.23 132.44 130.06 129.67 132.86 137.23 141.14 145.3 147.2 152.68 156.94 159.12 164.46 160.7 161.01 165.75
-9999 -9999 -9999 -9999 -9999 -9999 -9999 380.7733 392.34 390.33 389 423.7 442.76 439.7 519.43 566.21 535.04 507.39 507.7 490.16 469.21 517.34 473.9 494.96 423.41 390.78 382.64 366.13 366.9 361.06 342.68 302.16 281.38 259.33 248.94 243.9 234.17 220.71 206.61 198.41 197.55 197.76 195.24 193.52 185.88 164.96 156.17 147.21 143.65 140.93 138.59 137.48 136.15 134.94 134.33 136.25 133.69 130.57 129.93 130.59 132.39 134.86 137.64 140.99 141.57 142.88 148.67 149.21 154.85 155.64 154.62 157.54 157.99
-9999 -9999 -9999 -9999 -9999 -9999 -9999 374.79 386.44 386.73 390.17 436.36 432.1 444.12 490.26 482.92 462.72 473.38 505.1 506.33 505.43 474.05 410.53 412.65 401.09 376.44 365.83 347.71 341.74 329.52 309.85 290.74 286.39 262.56 249.02 237.31 226.67 213.78 205.6 206.53 204.56 195.28 181.24 171.01 163.86 158.54 154.14 149.46 146.83 143.69 141.54 139.66 138.08 137.45 136.69 134.16 133.83 132.62 131.84 135.29 137.22 137.67 137.7 137.32 137.76 141.66 143.25 144.75 148.27 152.09 157.5 161.54 163.31
-9999 -9999 -9999 -9999 -9999 -9999 360.1905 360.13 376.71 389.52 390.65 415.35 413.02 435.36 438.35 432.14 456.84 486.73 506.49 532.21 464.7 413.42 389.27 392.44 388.61 366.44 332.61 324.83 316.62 317.03 301.49 285.03 270.97 263.33 248.08 239.38 232.03 222.04 220.64 221.94 205.53 192.01 178.84 171.18 166.71 161.55 158.09 158.04 151.13 148.9 147.78 147.3 143.72 141.59 137.79 139.52 141.55 139.03 136.96 135.39 135.88 136.96 137.22 137.26 139.35 141.15 141.92 144.31 148.12 150.84 156.08 159.35 160.24
-9999 -9999 -9999 -9999 -9999 -9999 357.8878 356.62 365.86 383.49 405.96 404.49 393.08 417.74 411.85 414.17 419.6 436.9 469.3 473.1 417.95 393.54 386.67 385.94 359.69 330.46 327.66 316.54 318.08 302.89 291.98 282.37 268.54 253.96 244.1 239.58 233.91 231.43 217.19 205.04 198.16 188.43 185.92 180.35 175.12 166.08 166.64 165.47 156.49 155.7 153.47 151.38 146.08 146.53 145.03 144.98 146.86 145.45 143.37 143.36 142.26 138.61 141.78 145.95 147.06 150.3 152.38 151.84 151.54 152.73 152.6 153.85 156.15
-9999 -9999 -9999 -9999 -9999 351.4643 358.53 361.47 361.78 383.6 390.16 379.4 372.19 388.38 409.62 394.78 414.25 414.81 420.82 402.51 378.06 377.6 362.83 349.66 345.87 344.82 333.91 316.23 313.3 298.87 280.87 272.16 271.78 263.68 251.54 233.92 220.54 216.95 213.35 211.52 203.88 195.19 193.74 190.96 191.48 190.24 184.36 176.03 174.45 173.27 167.51 159.49 158.3 157.09 162.11 157.81 156.92 155.1 155.82 152.54 151.84 148.6 150.97 154.43 151.99 155.17 155.03 155.01 156.13 155.98 154.73 154.23 154.02
-9999 -9999 -9999 -9999 -9999 343.2439 344.29 359.93 379.55 412.73 385.32 371.84 364.39 361.74 380.77 379.5 396.04 409.14 403.97 378.74 361.61 351.58 341.67 347.24 346.8 334.92 320.66 323.06 302.1 291.16 285.41 278.75 273.23 265.86 259.2 242.52 228.51 217.16 211.41 206.93 201.78 195.26 193.4 191.05 190.25 189.34 190.97 192.21 189.2 198.03 183.45 181.23 169.42 164.48 178.85 174.76 175.84 172.15 171.35 166.68 165.81 157.09 156.26 160.28 161.73 159.35 160.38 158.96 156.81 156.79 154.66 154.99 154.47
-9999 -9999 -9999 -9999 -9999 337.1616 344.1 391.84 409.22 403.26 395.16 349.26 344.09 346.03 360.2 368.03 368.71 369.13 366.11 363.17 349.94 357.23 352.37 354.94 339.03 336.82 329.87 331.37 318.08 294.23 274.68 270.61 265.35 255.69 251.3 242.6 234.07 217.1 212.42 206.49 199.82 197.76 196.66 196.49 195.24 196.29 193.67 191.59 211.93 209.27 209.58 187.78 184.27 173.54 173.07 179.78 180.04 177.74 190.18 172.61 183.72 176.8 173.39 170.01 169.63 168.86 164.35 157.34 156.08 155.08 154.19 153.99 153.43
-9999 -9999 -9999 318.5714 320.08 334.72 359.15 382.31 374.08 351.05 340.95 333.45 329.18 337.46 336.21 332.5 335.22 334.35 348.38 351.12 357.38 355.12 354.97 356.37 361.81 349.13 335.52 325.02 323.61 305.74 281.43 267.26 257.16 247.62 241.76 236.15 230.91 228.26 218.68 213.45 204.56 201.85 200.51 202.83 203.15 218.84 206.4 201.82 214.99 223.74 193.49 182.13 177.62 176.67 168.92 168.46 166.51 168.64 172.58 168.07 172 167.86 163.5 161.09 174.39 181.86 174.17 165.25 159.5 159.04 154.92 153.18 152.29
-9999 -9999 310.0469 313.4419 324 333.78 348.98 335.55 336.11 336.55 326.49 321.98 326.12 343.26 342.29 338.82 336.97 345.09 346.7 345.03 341.44 343.63 348.62 353.35 379.39 393.83 368.65 346.46 322.46 307.01 294.1 280.35 262.54 260.78 249.41 234.81 227.21 223.84 219.45 217.45 212.11 209.56 210.47 206.8 204.48 216.42 218.36 210.22 201.16 196 188.88 178.63 179.09 172.75 170.22 167.52 168.79 170.01 171.59 176.86 178.48 177.97 166.61 168.53 171.05 169.75 173.78 167.6 161.15 163.22 165.82 156.59 151.44
-9999 -9999 318.9 324.1 327.17 333.39 333.59 326.05 327.5 325.63 317.69 316.48 328.33 331.77 336.07 336.87 335.04 330.43 328.61 330.24 321.94 326.22 326.37 332.27 349.77 391.67 378.28 328.26 296.13 289.33 278.99 262.99 252.43 253.29 242.28 237.91 235.99 223.37 223.32 224.9 219.47 215.34 214.97 205.69 197.27 199.76 191.71 191.02 188.19 193.9 189.39 179.81 178.09 174.91 183.13 176.93 174.79 176.9 173.6 173.07 171.71 165.13 161.69 164.34 172.07 168.81 163.41 164.53 168.75 166.16 170.35 156.49 150.77
-9999 -9999 322.28 327.25 331.79 357.7 330.45 327.31 323.55 315.35 313.26 319.95 322.11 322.73 324.97 328.03 321.93 314.73 321.8 319.1 310.28 312.25 321.86 320.08 317.26 323.36 325.12 309.6 285 272.03 273.45 252.49 247.93 244.53 241.33 239.68 235.88 230.75 227.47 225.02 235.06 221.39 204.91 201.82 196.68 196.64 191.73 191.38 188.25 189.18 190.66 187.48 183.13 182.34 185.2 189.32 184.36 180.29 175.88 177.6 181.35 172.91 164.31 161.63 169.03 166.97 161.34 155.61 154.68 159.51 155.96 150.69 149.84
-9999 327.1719 327.15 336.86 351.45 338.52 323.79 324.56 315.13 310.2526 312.58 315.33 317.96 319.1 319.76 316.84 307.23 310.22 310.13 302.25 301.58 301.92 304.99 311.05 308.03 302.39 291.05 286.18 271.89 257.47 255.44 243.61 242.68 238.68 236.62 232.78 226.02 223.7 226.67 221.73 215.48 205.27 202.87 199.66 196.82 197.1 194.67 192.56 192.29 192.49 193.62 190.65 193.96 193.62 191.44 192.47 195.85 186.8 182.66 186.2 186.48 180.43 174.14 167.58 168.8 166.72 158.52 153.4 152.41 151.83 151.54 151.36 150.97
-9999 341.76 342.61 350.98 358.97 345.68 318.5957 312.7333 309.9081 310.34 312.75 313.35 313.09 307.92 306.09 304.23 301.11 301.27 299.99 298.64 294.71 294.48 293.89 290.63 291.53 289.02 280.19 267.95 264.86 254.77 239.97 235.09 230.84 227.48 226.58 223.29 220.24 218.49 219.37 220.94 214.98 205.87 204.46 202.3 200.38 200.75 200.2 204.98 206.19 198.25 199.74 199.85 196.86 198.71 197.86 198.21 200.26 198.42 191.23 185.64 181.37 185.84 180.69 170.41 170.75 162.32 157.88 155.22 153.69 153.55 153.1 153.34 152.38
-9999 363.0816 373.52 371.34 371.7 345.8763 318.2785 311.56 309.54 308.42 305.95 302.36 297.33 297.82 298.87 295.43 293.93 289.24 289.15 295.81 294.25 296.15 293.85 290.6 287.81 286.52 287.25 276.56 254.08 242.4 232.86 228.65 225.27 222.76 222.78 220.68 219.52 217.31 219.02 218.29 210.14 208.6 207.35 207.71 207.81 208.31 208.25 207.28 208.07 209.45 207.77 203.34 207.3 216.14 208.15 207.57 203.88 199.59 195.59 196.84 188.25 184.17 182.11 175.31 173.93 166.93 162.64 158.98 158.18 158.11 157.7 157.1 156.2
-9999 379.35 387.18 375.81 348.41 331.4 313.7037 312.07 309.21 306.93 307.04 303.1 299.07 299.41 293.39 292.52 291.26 288.94 287.1 288.38 287.32 289.38 301.03 300.71 291.49 281.74 289.56 273.8 248.02 233.94 229.1 227.72 225.18 221.58 221.18 221.13 221.69 222.65 219.47 216.68 216.57 217.58 216.8 220.44 220.89 220.27 220.06 214.2 215.94 216.05 216.41 213.22 210.26 214.78 208.4 209.21 209.82 208.53 209.77 206.32 196.61 190.36 191.83 184.47 176.57 172.44 168.77 165.69 166.41 165.5 164.65 167.75 164.42
381.4938 390.47 390.71 369.38 339.0532 -9999 -9999 311.88 309.01 305.52 302.45 300.27 297.58 298.18 295.28 295.15 295.43 293.77 288.24 288.21 286.01 286.9 286.14 296.79 297.51 272.86 261.35 249.99 239.93 235.96 234.81 232.51 230.19 228.59 228.83 228.28 232.13 231.49 225.5 229.51 230.5 232.97 232.87 230.4 238.82 229.92 229.05 223.8 226.81 227.39 228.7 227.75 224.31 214.23 218.68 216.35 213.24 209.24 213.03 208.93 208.43 201.12 195.31 192.32 189.02 184.73 185.82 178.69 172.25 170.42 168.78 168.77 166.81
364.2 369.2113 364.5676 353.1039 336.2444 317.5833 314.191 308.8 305.02 303.97 303.08 298.73 295.79 291.93 293.67 297.35 299.3 296.79 290.09 285.98 284.24 280.96 288.83 285.08 272.48 270.42 248.01 244.04 244.65 241.15 241.22 239.12 235.88 235.39 235.81 233.9 236.08 238.54 234.11 231.43 236.62 243.71 245.92 240.55 240.46 239.98 237.33 240.62 240.46 244.85 240.47 236.44 228.89 223.89 222.64 218.37 216.23 216.46 215.46 213.07 213.8 213.66 207.95 201.42 196.52 195.85 198.15 191.3 178.75 177.49 176.54 171.8 170.13
-9999 -9999 -9999 340.0811 327.4805 318.881 316.12 309.46 302.03 299.79 297.06 293.67 292.16 295.05 299.01 296.74 298.35 294.96 287.78 275.55 272.94 268.43 266.33 268 262.08 251.58 247.4 244.01 248.41 251.9 254.78 251.13 245.52 244.52 244.9 242.37 244.94 246.98 245.28 240.69 246.87 250.45 255.08 255.82 248.15 254.63 252.71 258.26 252.33 245.08 241.25 238.75 235.79 234.13 238.61 228.93 230 231.79 226.63 224.35 222.43 221.31 218.29 212.26 209.56 204.89 196.78 191.06 194.16 183.1 185.47 180.86 177.31
-9999 -9999 -9999 -9999 327.22 321.18 321.6263 307.8353 296.6154 293 294.84 288.12 286.22 291.16 289.76 289.44 292.21 284.52 274.27 270.8 266.7 261.85 261.76 263.33 261.65 250.68 242.16 245.91 248.51 257.78 259.79 266.44 275.46 266.83 271.78 254.24 253.49 259.52 256.93 253.91 248.4 266.13 264.14 261.49 257.51 267.5 271.89 264.26 259.93 252.28 253.44 253.53 252.04 247.56 245.77 240.73 236.5 233.54 235.64 242.24 242.38 233.17 226.14 220.01 208.69 206.12 205.8 199.54 194.06 194.01 190.67 187.85 185.62
-9999 -9999 -9999 -9999 331.2592 330.3429 -9999 296.7647 -9999 288.6667 285.59 284.45 281.35 276.74 278.67 278.71 274.06 270.95 268.67 267.03 261.33 256.38 258.81 257.61 254.29 246 240.59 246.13 247.91 253.18 261.47 271.12 289.2 290.74 289.21 275.04 262.26 272.87 271.94 266.89 259.5 262.01 267.86 273.49 270.84 275.36 273.43 269.58 269.88 269.45 265.79 265.62 264.84 259.17 258.54 256.04 252.83 248.76 242.83 238.87 240.55 249.27 243.48 237.54 231.29 215.26 205.26 210.76 214.06 214.75 212.46 196.39 191.04
-9999 -9999 -9999 -9999 -9999 -9999 -9999 -9999 287.9286 288.1122 282.7684 276.99 274.96 274.88 269.69 275.82 272.72 267.9 268.17 272.99 264.73 260.23 253.57 252.57 246.69 240.37 244.63 245.04 248.36 256.45 259.36 273.44 282.57 260.61 266.58 270.19 276.92 278.66 280.52 282.38 275.96 274.81 280.74 277.45 279.81 279.25 279.49 280.39 281.76 279.36 279.17 280.75 277.06 272.87 270.92 268.81 265.4 261.61 257.92 253.08 245.67 243.2 236.66 238.21 234.83 229.61 209.86 216.62 211.75 209.09 210.19 199.54 193.34
-9999 -9999 -9999 -9999 -9999 -9999 -9999 -9999 -9999 285.74 284.99 280.57 272.89 269.13 262.32 264.77 266.35 267.95 267.61 263 265.65 270.31 259.82 250.03 245.24 240.01 243.78 244.49 248.17 250.41 257.92 266.14 259.41 258.22 263.18 265.2 273.95 280.67 287.96 290.67 292.18 290.3 290.01 289.41 290.05 290.2 286.39 290.36 290.07 284.88 285.16 283.62 288.96 291.6 281.01 277 276.64 270.48 267.83 263.63 260.38 255.14 249.65 234.9 236.99 229.36 216.98 213.84 209.7 201.7 197.13 191.54 180.79
