layers/wordclim/future/Iberia_wcB2a_10_hadcm3_2080/bio_05.asc
ncols         166
nrows         93
xllcorner     -9.4959440078468
yllcorner     36.000324005443
cellsize      0.083333337679505
NODATA_value  -9999
[rows 0 to 32 of 93, columns 73 to 145 of 166]
-9999 -9999 -9999 -9999 -9999 -9999 -9999 -9999 -9999 -9999 -9999 -9999 -9999 -9999 -9999 -9999 -9999 -9999 -9999 -9999 -9999 -9999 -9999 -9999 -9999 -9999 -9999 -9999 -9999 -9999 -9999 -9999 -9999 -9999 -9999 -9999 -9999 -9999 -9999 -9999 -9999 -9999 -9999 -9999 -9999 -9999 -9999 -9999 -9999 -9999 -9999 -9999 -9999 -9999 -9999 -9999 -9999 -9999 -9999 -9999 -9999 -9999 -9999 -9999 -9999 -9999 -9999 -9999 -9999 -9999 -9999 -9999 -9999
-9999 -9999 -9999 -9999 -9999 -9999 -9999 -9999 -9999 -9999 -9999 -9999 -9999 -9999 -9999 -9999 -9999 -9999 -9999 -9999 -9999 -9999 -9999 -9999 -9999 -9999 -9999 -9999 -9999 -9999 -9999 -9999 -9999 -9999 -9999 -9999 -9999 -9999 -9999 -9999 -9999 -9999 -9999 -9999 -9999 -9999 -9999 -9999 -9999 -9999 -9999 -9999 -9999 -9999 -9999 -9999 -9999 -9999 -9999 -9999 -9999 -9999 -9999 -9999 -9999 -9999 -9999 -9999 -9999 -9999 -9999 -9999 -9999
-9999 -9999 -9999 -9999 -9999 -9999 -9999 -9999 -9999 -9999 -9999 -9999 -9999 -9999 -9999 -9999 -9999 -9999 -9999 -9999 -9999 -9999 -9999 -9999 -9999 -9999 -9999 -9999 -9999 -9999 -9999 -9999 -9999 -9999 -9999 -9999 -9999 -9999 -9999 -9999 -9999 -9999 -9999 -9999 -9999 -9999 -9999 -9999 -9999 -9999 -9999 -9999 -9999 -9999 -9999 -9999 -9999 -9999 -9999 -9999 -9999 -9999 -9999 -9999 -9999 -9999 -9999 -9999 -9999 -9999 -9999 -9999 -9999
-9999 -9999 -9999 -9999 -9999 -9999 -9999 -9999 -9999 -9999 -9999 -9999 -9999 -9999 -9999 -9999 -9999 -9999 -9999 -9999 -9999 -9999 -9999 -9999 -9999 -9999 -9999 -9999 -9999 -9999 -9999 -9999 -9999 -9999 -9999 -9999 -9999 -9999 -9999 -9999 -9999 -9999 -9999 -9999 -9999 -9999 -9999 -9999 -9999 -9999 -9999 -9999 -9999 -9999 -9999 -9999 -9999 -9999 -9999 -9999 -9999 -9999 -9999 -9999 -9999 -9999 -9999 -9999 -9999 -9999 -9999 -9999 -9999
253.97 254.0899 256.8704 -9999 -9999 257.6552 258.96 259.03 262.6163 264.3205 267.0727 -9999 -9999 -9999 -9999 -9999 -9999 -9999 -9999 -9999 -9999 -9999 -9999 -9999 -9999 -9999 -9999 -9999 -9999 -9999 -9999 -9999 -9999 -9999 -9999 -9999 -9999 -9999 -9999 -9999 -9999 -9999 -9999 -9999 -9999 -9999 -9999 -9999 -9999 -9999 -9999 -9999 -9999 -9999 -9999 -9999 -9999 -9999 -9999 -9999 -9999 -9999 -9999 -9999 -9999 -9999 -9999 -9999 -9999 -9999 -9999 -9999 -9999
254.94 254.73 254.8 258.39 258.7143 262.2626 262.91 265.76 267.7 269.26 269.03 272.8687 274.1507 279.65 280.6066 282.6557 283.2381 285.5 283.33 279.15 283.7433 -9999 -9999 -9999 -9999 -9999 -9999 -9999 -9999 -9999 -9999 -9999 -9999 -9999 -9999 -9999 -9999 -9999 -9999 -9999 -9999 -9999 -9999 -9999 -9999 -9999 -9999 -9999 -9999 -9999 -9999 -9999 -9999 -9999 -9999 -9999 -9999 -9999 -9999 -9999 -9999 -9999 -9999 -9999 -9999 -9999 -9999 -9999 -9999 -9999 -9999 -9999 -9999
259.01 258.18 260.73 262.91 263.13 262.83 267.84 270.41 272.23 270.11 271.69 274.12 275.9 277.65 277.75 280.16 285.41 282.22 284.65 278.06 286.87 285.61 282.69 283.07 -9999 -9999 -9999 -9999 -9999 -9999 -9999 -9999 -9999 -9999 -9999 -9999 -9999 -9999 -9999 -9999 -9999 -9999 -9999 -9999 -9999 -9999 -9999 -9999 -9999 -9999 -9999 -9999 -9999 -9999 -9999 -9999 -9999 -9999 -9999 -9999 -9999 -9999 -9999 -9999 -9999 -9999 -9999 -9999 -9999 -9999 -9999 -9999 -9999
259.13 265.68 265.65 267.99 268.12 269.53 271.95 273.93 270.74 274.89 277.5 279.88 279.12 279.71 281.68 284.51 287.86 281.85 279.82 281.23 289.83 292.49 291.99 285.3014 -9999 -9999 -9999 -9999 -9999 -9999 -9999 -9999 -9999 -9999 -9999 -9999 -9999 -9999 -9999 -9999 -9999 -9999 -9999 -9999 -9999 -9999 -9999 -9999 -9999 -9999 -9999 -9999 -9999 -9999 -9999 -9999 -9999 -9999 -9999 -9999 -9999 -9999 -9999 -9999 -9999 -9999 -9999 -9999 -9999 -9999 -9999 -9999 -9999
264.6 265.84 264.3 265.32 273.21 275.35 270.17 263.05 272.96 273.99 282.67 285.58 282.02 288.31 292.21 291.38 283.93 288.75 280.33 283.52 285.55 282 274.84 274.675 -9999 271.2738 270.25 -9999 -9999 -9999 -9999 -9999 -9999 -9999 -9999 -9999 -9999 -9999 -9999 -9999 -9999 -9999 -9999 -9999 -9999 -9999 -9999 -9999 -9999 -9999 -9999 -9999 -9999 -9999 -9999 -9999 -9999 -9999 -9999 -9999 -9999 -9999 -9999 -9999 -9999 -9999 -9999 -9999 -9999 -9999 -9999 -9999 -9999
271.55 271.24 270.89 271.59 273.38 275.45 277.7 275.93 281.13 283.19 280.8 280.07 274.81 283.64 289.65 287.53 280.28 283.81 291.48 294.48 296.25 297.74 290.7 286.98 281.62 279.01 277.27 273.32 266.1721 262.5574 257.98 240.6724 -9999 -9999 -9999 -9999 -9999 -9999 -9999 -9999 -9999 -9999 -9999 -9999 -9999 -9999 -9999 -9999 -9999 -9999 -9999 -9999 -9999 -9999 -9999 -9999 -9999 -9999 -9999 -9999 -9999 -9999 -9999 -9999 -9999 -9999 -9999 -9999 -9999 -9999 -9999 -9999 -9999
278.1 276.31 276.11 279.25 278.73 278.58 281.36 286.87 290.22 291.48 292.63 292.84 293.32 288.14 290.47 290.63 291.67 283.41 296.65 308.31 307.44 305.14 302.07 296.23 293.33 288.22 276.77 285.19 275.51 273.65 265.62 243.97 237.5789 -9999 -9999 -9999 -9999 -9999 -9999 -9999 -9999 -9999 -9999 -9999 -9999 -9999 -9999 -9999 -9999 -9999 -9999 -9999 -9999 -9999 -9999 -9999 -9999 -9999 -9999 -9999 -9999 -9999 -9999 -9999 -9999 -9999 -9999 -9999 -9999 -9999 -9999 -9999 -9999
287.79 288.51 287.37 283.13 291.15 289.61 293.4 294.27 293.74 293.72 291.65 293.52 290.21 289.09 294.09 295.77 288.49 295.01 300.41 313.94 319.92 320.74 312.76 312.4 310.93 301.51 297.75 295.51 291.79 290.12 275.6 262.82 252.31 230.2903 235.0896 223.3846 233.2955 212.1414 200.8358 -9999 -9999 -9999 -9999 -9999 -9999 -9999 -9999 -9999 -9999 285.65 261.83 235.6154 230.9636 -9999 -9999 -9999 -9999 -9999 -9999 -9999 -9999 -9999 -9999 -9999 -9999 -9999 -9999 -9999 -9999 -9999 -9999 -9999 -9999
289.19 290.15 286.98 289.86 300.52 301.94 302.49 301.66 302.31 302.22 298.7 302.49 304.11 304.55 304.75 307.55 314.83 319.25 317.25 321.25 316.81 317.15 311.18 310.26 315.32 318.8 309.35 302.32 296.78 299.34 292.26 289.26 285.57 267.92 257.17 221.69 236.87 256.03 215.96 232.5326 -9999 -9999 -9999 236.2361 -9999 215.6111 -9999 -9999 -9999 266.5918 278.77 261.59 248.08 240.27 258.439 242.0476 244.4848 -9999 -9999 -9999 -9999 -9999 -9999 -9999 -9999 -9999 -9999 -9999 -9999 -9999 -9999 -9999 -9999
300.71 300 299.53 299.64 302.76 305.84 310.03 306.12 301.81 301.9 307.01 308.63 310.36 313.23 320.75 322.17 321.65 326.61 330.95 331.69 325.71 323.25 311.16 311.51 317.77 323.95 314.85 307.52 312.3 311.27 312.4 301.45 294.01 291.24 286.97 272.16 268.03 278.33 257.92 268.94 244.12 233.9 254.03 270.75 238.28 239.08 222.21 257.34 210.78 223.13 235.91 234.7 233.84 252.15 291.43 267.82 266.86 238.3711 -9999 -9999 -9999 -9999 -9999 -9999 -9999 -9999 -9999 -9999 -9999 -9999 -9999 -9999 -9999
301.02 303.18 303.77 306.45 311.68 314.72 317.49 319.72 320.6 322.26 324.32 325.74 326.4 328.88 332.62 332.36 335.05 335.79 338.11 338.59 335.74 331.79 323.04 327.74 332.18 331.03 328.25 317.03 311.11 302.54 309.87 313.02 302.31 302.16 294.53 297.88 299.82 284.13 271.91 282.62 278.99 285.96 304.65 293.08 249.41 258.79 281.32 255.66 245.83 262.48 257.89 247.86 229.81 236.63 288.02 305.43 287.53 257.96 -9999 -9999 -9999 -9999 -9999 -9999 -9999 -9999 -9999 -9999 -9999 -9999 -9999 -9999 -9999
305.93 306.03 310.46 313.16 315.33 319.58 320.81 323.73 328.5 328.96 332.64 337.26 339.05 341.16 341.14 340.02 341.84 342.57 341.92 344.7 342.56 343.4 336.29 333.92 335.65 324.78 318.95 313.77 311.67 302.66 301.12 309.48 307.36 308.05 302.89 306.12 306.6 293.95 287.43 285.11 304.9 307.15 322.86 303.63 291.36 293.36 293.46 278.3 291.36 305.11 284.55 249.52 257.5 261.92 301.33 292.9 277.85 275.3 -9999 -9999 247.0635 249.8842 265.4157 301.5741 312.9706 -9999 -9999 -9999 -9999 -9999 -9999 -9999 -9999
304.46 306.31 311.25 307.99 308.68 316.5 320.44 328.95 329.64 322.9 332.27 336.45 340.01 341.51 344.11 346.53 348.58 348.52 348 350.08 349.88 349.37 347.85 345.52 344.16 339.18 327.86 322.63 316.21 309.79 307.27 313.68 316.27 306.52 305.98 305.22 301.18 301.39 297.67 294.53 296.21 313.48 328.87 332.8 327.41 317.01 308.43 296.74 291.34 309.04 308.32 304.16 310.8 303.5 314.24 279.52 296.51 320.7 328.92 311.4 304.99 309.98 315.79 313.59 294.8904 -9999 261.3875 260.65 281.33 296.1412 -9999 -9999 -9999
307.04 302.05 301.28 300.76 309.6 301.11 313.09 326.52 319.9 315.08 324.88 324.57 322.38 332.04 329.31 344.23 351.56 353.62 354.63 354.75 355.02 352.5 350.03 349.83 348.64 345.39 339.97 334.63 329.23 325.74 321.13 326.99 326.46 319.03 307.55 298.42 297.57 296.21 285.83 295.78 302.37 313.95 331.95 340.75 325.44 333.98 317.58 329.67 314.51 330.17 319.67 307.57 331.99 334.35 300.55 294.01 310.5 338.81 319.56 295.64 283.18 282.55 299.66 295.4 291.85 299.16 310.05 303.09 304.49 324.81 337.49 339.67 337.26
303.23 299.58 292.22 293.83 296.82 294.25 311.17 316.77 315.27 326.35 320.28 327.9 319.22 331.88 334.92 343.91 350.25 351.43 358.28 360.42 360.43 357.67 357.59 357.26 353.73 352.27 349.71 348.66 343.15 337.43 333.14 335.91 337.21 335.93 334.48 329.99 326.25 321.5 324.86 327.02 321.54 326.41 328.26 343.44 336.92 349.45 343.22 334.76 330.62 343.72 327.08 342.55 353.34 326.11 299.19 316.3 337.32 332.97 306.7 292.88 292.52 300.27 307.37 329.85 317.95 323.77 331.14 336.58 327.66 332.43 352.85 353.15 358.39
320.35 316.37 314.83 313.67 310.91 318.22 315.75 306.73 313.66 320.51 314.65 310.82 319.09 328.31 329.17 336.19 342.47 343.97 357.03 361.62 361.73 363.18 362.02 357.41 354.89 358.05 357.77 356.68 353.72 349.56 346.28 346.77 345.28 342.04 339.85 341.2 340.86 335.88 338.9 342.63 341.72 346.11 347.11 355.54 347.12 350.55 339.22 340.9 339.18 351.3 338.34 360.98 358.48 353.42 328.29 324.49 343.11 330.11 317.8 312.41 329.77 323.01 309.15 344.25 339.78 339.69 336.57 344.57 327.43 324.85 349.05 343.4 352.1
327.52 327.54 322.32 307.8 303.88 303.95 296.72 301.55 301.98 303.06 306.09 315.95 326.57 322.68 330.04 335.08 346.86 354.92 357.45 359.88 364.18 365.51 365.8 362.92 356.11 356.65 363.99 358.28 350.23 346.96 348.84 353.99 349.71 349.54 346.37 348.63 348.47 343.92 346.1 350.48 351.57 356.3 361.55 365.62 344.9 341.52 341.59 353.04 349.54 337.72 334.57 356.82 332.68 339.64 344.29 353.83 362.52 354.5 349.34 347.82 343.73 339.93 348.33 359 352.29 350.69 344.74 348.44 353.39 338.89 329.51 346.45 354.82
324.86 331.97 330.1 328.89 327.44 322.18 312.3 318.61 310.33 321.73 322.95 331.55 324.48 323.06 329.95 338.02 347.26 350.95 352.67 354.2 362.73 363.9 366.6 369.75 368.5 367.98 367.42 362.43 353.61 342.56 349.81 360.3 356.52 349.57 350.44 354.03 355.41 352.18 352.61 356.94 356.38 363.58 368.05 370.58 366.77 361.61 353.75 356.06 361.01 349.28 358.19 362.36 347.08 365.24 368.75 366.35 362.95 356.78 347.57 354.29 360.49 360.03 357.66 363.49 357.2 357.5 349.59 351.7 356.82 349.76 344.38 344.92 358.4
332.08 330.87 333.04 332.3 330.4 331.5 332.45 335.99 339.34 341.28 341.66 345.24 344 337.45 333.38 338.73 342.09 340.77 347.14 353.49 357.85 355.81 360.68 368.83 370.7 372.96 371.65 360.99 354.72 354.36 358.99 366.18 361.13 353 346.36 354.7 358.25 361.94 362.73 363.23 359.19 368.22 375.71 375.65 376.48 375.67 375.07 375.96 371 368.17 370.79 376.39 373.87 376.36 370.71 371.8 368.96 361.33 354.72 351.41 359.05 366.58 364.07 368.47 364.38 357.83 342.14 349.59 349.5 342.3 333.19 341.31 354.79
340.6 340.4 337.76 337.06 338.54 337.01 337.75 340.01 341.19 342.17 349.57 351.22 349.28 344.72 341.22 341.48 339.56 337.42 315.42 323.69 349.67 354.82 360.76 365.2 368.97 372.66 375.87 374.64 370.48 366.02 371.07 373 365.14 358.09 347.38 350.75 358.71 362.74 367.17 367.17 368.74 375.16 379.34 377.71 383.8 387.8 390.05 387.79 390.89 390.33 391.31 388.91 384.56 380.46 376.3 370.89 367.35 365.01 361.72 355.05 353.68 361.11 371.28 370.71 367.64 355.77 346.49 346.53 340.52 326.28 328.92 355.81 360.42
345.9 344.95 344.42 343.69 345.11 343.67 346.43 346.38 344.55 347.58 350.98 352.73 353.11 351.36 347.79 347.06 341.83 332.86 326.66 319.33 329.4 343.31 349.36 360.84 367.01 369.42 373.85 376.71 380.62 381.06 379.71 378.75 367.36 359.96 352.82 348.16 350.26 358.23 367.83 372.68 375.28 380 384.11 384.17 389.66 393.2 390.88 389.81 398.98 399.18 396.62 392.47 388.45 382.53 377.54 371.84 366 359.12 355.1 356.86 357.85 362.91 372.08 372.48 359.57 353.75 350.42 354.33 353.98 351.7 359.9 362.68 361.3
348.61 348.85 349.25 348.3 350.27 349.71 350.45 351.94 353.52 353.24 353.06 353.65 355.46 354.64 350.59 347.95 343.09 340.13 336.67 339.35 342.7 351.43 350.8 355.66 367.44 372.02 368.71 366.29 373.17 380.15 382.49 382.88 377.48 370.68 369.24 364.92 356.48 353.73 360.29 364.92 364.32 374.23 382.08 388.02 392.32 392.71 395.1 400.1 404.5 401.56 396.87 391.43 385.61 381.05 375.11 366.97 361.26 356.36 357.49 362.55 362.6 362.31 360.01 370.92 356.89 358.99 364.46 369.73 368.45 364.21 358.26 359.101 359.1842
348.77 350.9 352.02 353.32 354.34 352.8 354.31 355.9 355.63 355.21 354.48 356.66 353.28 350.3 350.38 350.49 344.91 345.05 343.59 343.78 341.43 354 359.69 361.36 370 370.93 366.02 357.28 366.25 367.94 369.55 376.16 377.98 379.29 376.18 372.14 368.67 366.04 364.47 370.23 373.29 374.96 380.3 382.45 390.54 394.94 399.36 402.39 401.72 397.82 392.39 387.5 381.05 373.67 365.83 357.04 352.32 353.35 354.9 361.58 366.23 365.77 367.95 372.81 370.79 370.37 372.8 371.89 366.49 364.4149 -9999 -9999 -9999
347.9 349.52 348.79 350.48 353.09 353.92 355.38 355.32 355.68 358.28 358.49 356.16 351.82 351.38 355.91 353.2 350.72 348.57 349.85 352.3 348.15 344.48 360.34 361.08 366.6 367.9 361.6 361.15 360.77 353.52 357.47 364.29 371.36 376.1 380.01 378.31 372.8 368.29 368.87 371.83 374.81 379.49 382.88 384.47 384.81 397.47 396.85 395.76 392.95 386.67 380.31 375.44 372.17 365.2 362.46 362.4 356.95 354.88 350.58 353.98 361.16 369.32 372.38 372.68 373.93 373.92 370.63 369.5745 -9999 -9999 -9999 -9999 -9999
348.96 346.12 344.55 344.49 343.97 345.27 351.56 353.72 351.95 352.43 353.88 355.89 354.46 356.38 359.59 357.01 353.5 352.54 350.41 357.15 354.36 358.87 345.24 341.74 340.7 352.7 357.22 351.67 353.14 345.74 355.75 366.55 371.08 375.91 377.07 378.78 375.6 370.5 370.54 372.22 374.43 378.91 386.19 383.51 387.93 389.02 387.4 385.24 380.6 373.79 368.54 364.04 357.11 358.69 361.37 365.76 363.08 361.22 353.83 358.49 366.97 369.41 367.64 361.87 368.59 373.47 370.8404 -9999 -9999 -9999 -9999 -9999 -9999
336.01 337.76 337.33 338.8 340.85 345.13 348.61 350.41 351.58 352 352.07 351.36 353.97 359.15 360.39 360.69 359.51 359.97 356.39 355.18 355.43 354.94 345.18 335.27 332.55 335.6 343.37 341.49 340.74 342.43 350.16 359.5 365.49 369.78 372.75 375.24 378.16 378.55 379.86 381.58 383.4 385.6 384.97 381.65 382.94 386.08 385.88 390.49 386.88 375.57 359.64 354.08 348.24 342.04 356.71 369.26 367.48 364.98 363.5 367.31 369.46 367.96 369.78 363.9184 367.5679 373.8235 -9999 -9999 -9999 -9999 -9999 -9999 -9999
324.08 330.66 335.81 333.74 340.86 350.8 351.98 355.18 357 350.73 350.75 350.5 353.57 356.93 357.7 354.73 350.49 349.19 350.18 350.77 342.86 341.72 342.66 334.42 330.48 329 327.56 328.51 333.4 339.58 346.7 351.07 356.69 364.79 369.77 372.95 374.28 374.37 376.91 379.25 381.06 381.73 379.89 384.38 385.78 385.29 382.06 391.46 387.22 378.26 377.39 367.5 360.55 366.04 367.13 369.74 366.72 367.1 366.8265 370.6076 369.8788 -9999 -9999 -9999 -9999 -9999 -9999 -9999 -9999 -9999 -9999 -9999 -9999
339.13 334.96 343.67 342.69 347.19 351.63 353.79 357.67 358.27 352.7 351.1 350.56 348.38 345.85 342.71 341.24 342.63 342.8 341.29 340.66 335.43 331.39 331.15 335.74 329.15 325.5 320.44 320.47 326.7 332.62 339.16 339.4 337.3 350.71 362.34 363.33 365.83 368.23 370 368.92 375.95 376.66 375.37 379.79 376.99 375.22 372.27 382.95 386.87 385.42 375.94 363.97 372.73 374.36 371.55 369.4938 -9999 -9999 -9999 -9999 -9999 -9999 -9999 -9999 -9999 -9999 -9999 -9999 -9999 -9999 -9999 -9999 -9999
344.86 352.89 351.45 349.33 357.95 359.44 359.32 359.97 356.91 354.77 351.65 349.54 348.89 343.56 339.16 338.73 340.83 334.69 334.15 333.89 333.34 330.28 326.1 322.74 327.78 319.82 316.07 310.74 316.16 325.69 332.36 336.17 340 346.7 351.33 349.69 355.68 360.85 366.61 368.61 366.3 365.2 369.42 371.97 370.88 372.93 374.02 381.66 388.26 375.77 365.92 369.5 377.493 -9999 -9999 -9999 -9999 -9999 -9999 -9999 -9999 -9999 -9999 -9999 -9999 -9999 -9999 -9999 -9999 -9999 -9999 -9999 -9999
