layers/wordclim/future/Iberia_wcB2a_10_hadcm3_2080/bio_17.asc
ncols         166
nrows         93
xllcorner     -9.4959440078468
yllcorner     36.000324005443
cellsize      0.083333337679505
NODATA_value  -9999
[rows 0 to 33 of 93, columns 78 to 155 of 166]
-9999 -9999 -9999 -9999 -9999 -9999 -9999 -9999 -9999 -9999 -9999 -9999 -9999 -9999 -9999 -9999 -9999 -9999 -9999 -9999 -9999 -9999 -9999 -9999 -9999 -9999 -9999 -9999 -9999 -9999 -9999 -9999 -9999 -9999 -9999 -9999 -9999 -9999 -9999 -9999 -9999 -9999 -9999 -9999 -9999 -9999 -9999 -9999 -9999 -9999 -9999 -9999 -9999 -9999 -9999 -9999 -9999 -9999 -9999 -9999 -9999 -9999 -9999 -9999 -9999 -9999 -9999 -9999 -9999 -9999 -9999 -9999 -9999 -9999 -9999 -9999 -9999 -9999
-9999 -9999 -9999 -9999 -9999 -9999 -9999 -9999 -9999 -9999 -9999 -9999 -9999 -9999 -9999 -9999 -9999 -9999 -9999 -9999 -9999 -9999 -9999 -9999 -9999 -9999 -9999 -9999 -9999 -9999 -9999 -9999 -9999 -9999 -9999 -9999 -9999 -9999 -9999 -9999 -9999 -9999 -9999 -9999 -9999 -9999 -9999 -9999 -9999 -9999 -9999 -9999 -9999 -9999 -9999 -9999 -9999 -9999 -9999 -9999 -9999 -9999 -9999 -9999 -9999 -9999 -9999 -9999 -9999 -9999 -9999 -9999 -9999 -9999 -9999 -9999 -9999 -9999
-9999 -9999 -9999 -9999 -9999 -9999 -9999 -9999 -9999 -9999 -9999 -9999 -9999 -9999 -9999 -9999 -9999 -9999 -9999 -9999 -9999 -9999 -9999 -9999 -9999 -9999 -9999 -9999 -9999 -9999 -9999 -9999 -9999 -9999 -9999 -9999 -9999 -9999 -9999 -9999 -9999 -9999 -9999 -9999 -9999 -9999 -9999 -9999 -9999 -9999 -9999 -9999 -9999 -9999 -9999 -9999 -9999 -9999 -9999 -9999 -9999 -9999 -9999 -9999 -9999 -9999 -9999 -9999 -9999 -9999 -9999 -9999 -9999 -9999 -9999 -9999 -9999 -9999
-9999 -9999 -9999 -9999 -9999 -9999 -9999 -9999 -9999 -9999 -9999 -9999 -9999 -9999 -9999 -9999 -9999 -9999 -9999 -9999 -9999 -9999 -9999 -9999 -9999 -9999 -9999 -9999 -9999 -9999 -9999 -9999 -9999 -9999 -9999 -9999 -9999 -9999 -9999 -9999 -9999 -9999 -9999 -9999 -9999 -9999 -9999 -9999 -9999 -9999 -9999 -9999 -9999 -9999 -9999 -9999 -9999 -9999 -9999 -9999 -9999 -9999 -9999 -9999 -9999 -9999 -9999 -9999 -9999 -9999 -9999 -9999 -9999 -9999 -9999 -9999 -9999 -9999
134.8965 138.62 144.18 144.8023 146.7949 147.6545 -9999 -9999 -9999 -9999 -9999 -9999 -9999 -9999 -9999 -9999 -9999 -9999 -9999 -9999 -9999 -9999 -9999 -9999 -9999 -9999 -9999 -9999 -9999 -9999 -9999 -9999 -9999 -9999 -9999 -9999 -9999 -9999 -9999 -9999 -9999 -9999 -9999 -9999 -9999 -9999 -9999 -9999 -9999 -9999 -9999 -9999 -9999 -9999 -9999 -9999 -9999 -9999 -9999 -9999 -9999 -9999 -9999 -9999 -9999 -9999 -9999 -9999 -9999 -9999 -9999 -9999 -9999 -9999 -9999 -9999 -9999 -9999
129.0303 133.65 135.29 138.31 142.93 147.23 147.4848 150.8356 150.7 154.3279 156.6066 160.5714 161.1354 165.16 170.33 168.0946 -9999 -9999 -9999 -9999 -9999 -9999 -9999 -9999 -9999 -9999 -9999 -9999 -9999 -9999 -9999 -9999 -9999 -9999 -9999 -9999 -9999 -9999 -9999 -9999 -9999 -9999 -9999 -9999 -9999 -9999 -9999 -9999 -9999 -9999 -9999 -9999 -9999 -9999 -9999 -9999 -9999 -9999 -9999 -9999 -9999 -9999 -9999 -9999 -9999 -9999 -9999 -9999 -9999 -9999 -9999 -9999 -9999 -9999 -9999 -9999 -9999 -9999
130.23 127.89 129.13 133.37 139.77 142.93 143.72 147.67 150.49 155.77 158.92 157.5 162.61 163.69 166.08 162.29 161.92 162.65 160.02 -9999 -9999 -9999 -9999 -9999 -9999 -9999 -9999 -9999 -9999 -9999 -9999 -9999 -9999 -9999 -9999 -9999 -9999 -9999 -9999 -9999 -9999 -9999 -9999 -9999 -9999 -9999 -9999 -9999 -9999 -9999 -9999 -9999 -9999 -9999 -9999 -9999 -9999 -9999 -9999 -9999 -9999 -9999 -9999 -9999 -9999 -9999 -9999 -9999 -9999 -9999 -9999 -9999 -9999 -9999 -9999 -9999 -9999 -9999
122.8 124.1 125.25 132.36 132.11 134.35 136.9 141.52 144.91 147.25 148.5 150.36 155.24 157.32 157.59 154.49 153.94 152.2 155.1096 -9999 -9999 -9999 -9999 -9999 -9999 -9999 -9999 -9999 -9999 -9999 -9999 -9999 -9999 -9999 -9999 -9999 -9999 -9999 -9999 -9999 -9999 -9999 -9999 -9999 -9999 -9999 -9999 -9999 -9999 -9999 -9999 -9999 -9999 -9999 -9999 -9999 -9999 -9999 -9999 -9999 -9999 -9999 -9999 -9999 -9999 -9999 -9999 -9999 -9999 -9999 -9999 -9999 -9999 -9999 -9999 -9999 -9999 -9999
116.91 125.59 134.94 128 130.43 127.35 128.1 134.17 134.38 134.69 138.47 145.51 145.24 149.78 149.52 149.7 149.49 151.01 150.575 -9999 150.8452 149.875 -9999 -9999 -9999 -9999 -9999 -9999 -9999 -9999 -9999 -9999 -9999 -9999 -9999 -9999 -9999 -9999 -9999 -9999 -9999 -9999 -9999 -9999 -9999 -9999 -9999 -9999 -9999 -9999 -9999 -9999 -9999 -9999 -9999 -9999 -9999 -9999 -9999 -9999 -9999 -9999 -9999 -9999 -9999 -9999 -9999 -9999 -9999 -9999 -9999 -9999 -9999 -9999 -9999 -9999 -9999 -9999
116.59 116.84 120.78 118.57 119.74 124.91 127.86 135.09 131.93 130.49 134.75 140.33 139.46 138.36 137.85 136.81 136.84 138.4 139.39 141.36 141.35 140.38 141.47 145.2043 146.541 148.44 160.9483 -9999 -9999 -9999 -9999 -9999 -9999 -9999 -9999 -9999 -9999 -9999 -9999 -9999 -9999 -9999 -9999 -9999 -9999 -9999 -9999 -9999 -9999 -9999 -9999 -9999 -9999 -9999 -9999 -9999 -9999 -9999 -9999 -9999 -9999 -9999 -9999 -9999 -9999 -9999 -9999 -9999 -9999 -9999 -9999 -9999 -9999 -9999 -9999 -9999 -9999 -9999
112.9 113.2 109.04 108.3 110.13 112.51 114.67 117.45 124.44 124.77 126.85 128.39 133.12 127.55 124.35 124.46 126.11 127.63 129.28 130.05 130.67 135.58 130.65 135.16 135.91 141.48 154.95 159.9342 -9999 -9999 -9999 -9999 -9999 -9999 -9999 -9999 -9999 -9999 -9999 -9999 -9999 -9999 -9999 -9999 -9999 -9999 -9999 -9999 -9999 -9999 -9999 -9999 -9999 -9999 -9999 -9999 -9999 -9999 -9999 -9999 -9999 -9999 -9999 -9999 -9999 -9999 -9999 -9999 -9999 -9999 -9999 -9999 -9999 -9999 -9999 -9999 -9999 -9999
103.24 100.77 101.41 105.5 108.13 111.69 111.96 117.39 119.52 117.23 117.67 123.18 120.46 118.72 113.81 112.27 112.46 115.89 115.69 115.29 118.95 119.55 119.75 121.41 121.23 129.72 139.13 146.66 163.7957 159.8806 169.8077 163.5795 178.899 186.7463 -9999 -9999 -9999 -9999 -9999 -9999 -9999 -9999 -9999 -9999 153.41 167.54 182.0641 185.7455 -9999 -9999 -9999 -9999 -9999 -9999 -9999 -9999 -9999 -9999 -9999 -9999 -9999 -9999 -9999 -9999 -9999 -9999 -9999 -9999 -9999 -9999 -9999 -9999 -9999 -9999 -9999 -9999 -9999 -9999
90.57 92.05 95.7 96.39 98.99 104.85 102.31 102.37 103.44 104.56 104.52 101.96 101.46 103.81 103.62 106.92 107.42 110.9 110.47 106.95 104.63 108.84 111.59 114.27 111.58 114.56 116.34 119.17 132.4 141.29 168.64 157.92 144.68 175.31 165.0652 -9999 -9999 -9999 169.5139 -9999 184.2222 -9999 -9999 -9999 163.4286 159.26 168.71 176.22 180.32 172.1829 180.9682 180.3636 -9999 -9999 -9999 -9999 -9999 -9999 -9999 -9999 -9999 -9999 -9999 -9999 -9999 -9999 -9999 -9999 -9999 -9999 -9999 -9999 -9999 -9999 -9999 -9999 -9999 -9999
87.39 86.32 91.04 96.02 98.33 94.82 94.35 94.43 93.34 88.18 90.07 92.63 91.34 91.16 92.32 96.58 98.42 104.49 104.27 100.58 96.77 100.92 103.66 99.63 99 97.84 104.03 109.26 110.78 114.25 127.38 132.81 126.29 143.84 137.22 156.87 165.53 153.29 145.27 167.86 168.51 181.91 163.21 192.27 184.66 178.98 182.3 183.97 174.51 156.84 168.13 168.96 183.7835 -9999 -9999 -9999 -9999 -9999 -9999 -9999 -9999 -9999 -9999 -9999 -9999 -9999 -9999 -9999 -9999 -9999 -9999 -9999 -9999 -9999 -9999 -9999 -9999 -9999
80.39 80.17 78.75 78.69 78.84 77.81 77.88 77.96 76.99 76.58 79.03 80.18 81.94 82.14 83.48 86.16 88.91 93.32 90.9 88.15 88.44 88.37 93.59 96 100.49 95.67 93.42 100.2 99.6 106.1 104.14 103.25 118.31 130.85 123.53 129.39 127.4 116.64 128.85 159.15 156.73 146.82 163 169.36 163.27 167.22 173.68 184.4 181.96 157.68 150.16 158.76 172.86 -9999 -9999 -9999 -9999 -9999 -9999 -9999 -9999 -9999 -9999 -9999 -9999 -9999 -9999 -9999 -9999 -9999 -9999 -9999 -9999 -9999 -9999 -9999 -9999 -9999
76.54 76.45 74.57 72.38 72.71 70.1 66.74 65.25 65.09 67.81 70.7 72.67 74.05 75.67 75.54 78.2 78.49 82.39 83.2 82.33 87.05 89.65 91.63 92.23 97.75 98.02 90.56 92.39 92.21 96.76 94.44 94.88 107.75 115.93 120.21 107.55 109.61 101.37 119.13 131.68 134.91 138.65 148.65 144.96 142.68 153.5 171.65 169.24 166.8 150.03 155.33 162.41 163.46 -9999 -9999 176.5714 174.7368 167.7303 149.3519 143.6765 -9999 -9999 -9999 -9999 -9999 -9999 -9999 -9999 -9999 -9999 86.875 91.98529 82.43396 -9999 -9999 -9999 -9999 -9999
78.24 76.06 69.56 70.82 77.93 71.61 68 64.6 64.95 64.55 64.31 65.01 66.96 69.47 68.94 70.15 71.08 72.03 73.35 73.07 75.39 80.9 83.24 86.26 89.12 90.26 85.87 84.34 91.25 91.26 92.93 98.23 99.47 105.15 110.99 112.85 102.53 94.97 97.29 106.04 118.56 127.4 137.82 143.24 138.87 141.76 145.13 143.99 146.98 142.87 159.21 152.09 140.99 136.14 146.1 148.9 145.22 142.7 143.01 150.5342 -9999 164.5 163.81 150.14 141.8118 -9999 -9999 -9999 111.5426 90.11 72.2 66.44 63.91 64.16854 -9999 -9999 -9999 -9999
89.77 82.66 72.41 79.85 85.07 78.6 79.85 81.94 74.45 77.35 65.79 61.4 61.75 62.81 64.07 64.15 65.81 67.19 67.26 67.57 68.21 70.76 72.51 74.68 76.06 78.08 73.65 73.89 78.47 88.42 96.48 99.08 102.44 113.73 107.75 105.06 99.77 90.42 89.43 105.23 103.32 118.99 115.93 129.63 124.66 133.36 140.89 130.35 130.18 147.73 151.3 144.38 128.61 140.8 152.77 158.57 158.09 149.09 150.3 150.93 147.63 141.54 143.12 140.35 132.12 124.77 120.76 118.61 109.7 91.27 75.75 64.42 59.24 59.06742 62.68817 -9999 -9999 -9999
95.12 84.14 81.04 84.35 76.76 82.57 77.85 85.49 75.72 72.85 66.06 61.72 61.43 58.9 58.69 59.17 60.33 60.4 60.33 62.2 62.57 62.6 62.05 64.07 66.73 68.32 65.63 64.71 65.16 65.53 68.22 71.52 77.48 77.04 79.6 88.12 88.83 91.86 85.81 95.33 90.82 99.86 110.41 117.43 112.06 126.47 118.36 112.14 132.06 146.69 139.63 127.37 131.25 145.6 151.84 152.7 148.98 145.61 135.02 139.44 137.05 134.15 132.04 133.66 130.01 118.71 115.17 105.3 96.98 85.68 75.61 67.21 60.08421 -9999 -9999 -9999 -9999 -9999
76.35 79.4 88.23 84.88 81.84 87.07 90.66 85.37 78.69 78.35 72.49 67.74 66.34 57.26 55.06 55.55 55.36 56.25 57.42 58.17 56.54 56.16 56.16 56.95 58.16 58.44 58.21 58.22 59.42 60.32 59.79 59.54 62.43 65.28 67.6 72.1 74 77.25 76.24 85.79 88.54 100.78 103.87 109.56 104.3 115.99 100.83 105.44 111.46 129.61 132.86 122.38 132.03 138.22 141.55 134.26 138.15 143.55 126.96 130.47 130.64 132.07 129.17 133.08 132.52 125.02 124.81 114.74 102.87 87.6 78.71 70.23 63.96 57.52239 -9999 -9999 -9999 -9999
86.92 93.49 91.35 92.73 92.38 91.86 85.95 79.95 82.16 77.63 72.85 63.28 57.8 56.12 54.58 52.55 51.75 51.56 52.43 55.68 55.03 51.63 52.57 55.79 57.21 55.9 53.55 54.38 54.62 55.83 55.26 55.35 57.85 60.43 62.19 64.99 66.82 67.81 69.39 86.48 92.77 96.84 93.04 99.67 109.54 113.92 101.52 120.33 119.07 117.29 111.85 106.14 113.78 119.99 122.5 125.42 127.99 122.54 113.12 117.51 119.04 127.38 127.16 126.02 129.61 128.39 122.11 113.67 107.61 88.88 77.65 70.66 62.76 58.66327 -9999 -9999 -9999 -9999
73.62 82.7 79.32 86.08 80.76 81.04 76.63 80.82 82.25 77.26 71.41 62.84 59.59 57.86 57.21 51.39 50.13 48.39 47.51 47.49 47.64 46.98 48.97 52.87 57.68 53.95 49.7 50.95 53.29 53.47 52.98 53.21 55.27 56.95 58.34 61.35 61.94 63.24 65.45 71.64 78.55 87.56 89.3 89.21 99.91 96.4 95.74 108.05 96.7 95.7 99.52 103.75 110.43 118.27 115.74 112.46 113.93 115.48 109.2 111.7 113.15 121.24 123.84 122.25 125.62 125.1 122.78 105.81 93.92 83.77 86.39 76.14 64.47 59.12 57.5625 -9999 -9999 -9999
66.67 67.63 67.12 67.18 68.19 70.02 68.09 68.71 72.7 74.6 70.16 66.95 66.68 61.3 55.92 52.74 53.51 50.19 46.34 44.4 43.96 43.96 47.93 50.48 50.31 48.72 46.75 48.91 51.66 53.64 52.11 51.6 51.62 53.52 55.57 60.09 59.17 58.9 61.66 64.65 68.42 72.37 74.79 80.41 84.52 84.91 83.63 86.52 85.86 91.35 91.45 95.37 104.08 110.02 114.35 109.53 104.08 107.73 104.03 107.31 113.28 123.06 121.21 122.01 125.01 124.78 122.33 108.29 87.42 81.33 78 79.75 70.06 61.09589 -9999 -9999 -9999 -9999
62.59 63.98 65.06 65.77 66.81 63.95 63.7 65.22 67.54 68.56 67.31 67.51 67.96 83.51 76.49 57.08 52.51 48.21 45.59 43.54 41.76 39.9 39.76 41.63 43.98 43.3 43.32 46.62 49.14 52.96 52.67 51.53 51.02 51.18 53.35 55.48 55.62 56.32 60.02 60.12 61.01 62.79 67.4 68.15 70.58 71.32 73.88 77.13 80.81 83.74 89.52 93.91 96.94 100.6 108.32 110.06 104.23 95.36 95.24 99.29 111.45 118.43 119.1 121.05 124.23 122.59 107.34 93.63 79.96 78.03 79.38 73.11459 -9999 -9999 -9999 -9999 -9999 -9999
58.14 58.04 60.1 63.42 63.13 62.65 61.76 60.79 61.76 62.99 62.64 65.52 70.87 74.2 77.89 68.99 58.91 54.25 46.87 43.34 41.34 38.62 37.24 37.05 38.49 40.43 41.98 45.15 48.27 51.56 53.55 54.12 52.66 51.11 51.31 52.84 53.81 54.44 56.1 56.46 57.38 61.96 64.84 62.74 64.04 66.44 69.89 72.9 76.35 80.41 85.16 90.93 98.79 102.66 102.79 102.23 97.51 86.64 86.6 100.88 108.07 110.75 107.3 107.08 108 96.58 88.34 85.93 73.63265 73.90804 72.19643 -9999 -9999 -9999 -9999 -9999 -9999 -9999
53.63 54.6 55.68 55.93 57.57 59.39 59.79 58.04 58.48 60.1 60.75 62.88 64.86 65.77 62.88 59.52 52.94 51.98 48.18 42.13 39.57 40.88 41.7 38.91 38.67 39.67 39.97 42.3 44.06 45.53 47.37 51.61 54.64 54.02 53.83 56.33 55.14 54.4 54.06 54.67 57.13 58.52 58.53 58.71 62.02 64.8 67.84 71.06 74.06 78.29 84.76 90.73 95.22 95.64 90.9 90.47 91.37 92.35 82.73 98.29 96.25 90.79 84.95 84.38 86.81 92.39 87.91919 82.5921 -9999 -9999 -9999 -9999 -9999 -9999 -9999 -9999 -9999 -9999
51.31 51.74 52.05 54.33 55.77 56.89 56.6 58.64 59.88 59 58.67 61.38 59.98 59.83 58.7 59.37 49.85 45.54 44.76 40.63 39.32 41 45.51 42.03 42.49 42.87 41.48 41.29 41.49 43.52 45.59 46.83 49.06 52.09 51.69 52.73 54.15 54.45 56.18 54.16 54.7 54.36 55.66 57.94 61.04 64.43 67.71 70.86 75.86 81.57 88.19 93.16 93.75 93.42 86.03 81.66 82.2 80.15 76.37 78.86 79.26 76.09 73.42 79.42 79.2766 -9999 -9999 -9999 -9999 -9999 -9999 -9999 -9999 -9999 -9999 -9999 -9999 -9999
49.59 50.25 51.77 52.59 52.89 53.88 55.65 58.19 58.7 55.17 55.89 56.71 56.38 54.01 51.46 53.1 54.57 44.65 43.97 40.9 40.09 42.92 43.43 43.86 47.27 46.46 44.6 43.11 42.58 42.33 43.55 46.16 48.55 50.09 50.65 51.29 51.52 51.77 53.84 56.26 50.89 52.57 56.25 59.55 63.66 68.05 71.19 73.56 78.52 79.95 80.95 86.84 88.8 92.74 90.07 81.85 74.47 73.03 73.61 71.99 72.4 73.88 71.12766 -9999 -9999 -9999 -9999 -9999 -9999 -9999 -9999 -9999 -9999 -9999 -9999 -9999 -9999 -9999
54.89 52.51 52.18 54.51 54.79 55.04 54.83 55.45 53.95 50.24 51.21 52.89 52.47 52.75 47.79 48.2 44.9 51.81 53.46 53.15 46.84 44.95 46.61 46.5 50.11 46.8 43.21 42.99 42.2 42.95 43.45 45.14 48.02 49.54 50.29 51.6 51.48 49.87 52.37 51.48 53.14 56.61 60.06 63.78 68.14 72.18 75.89 80.4 79.96 77.67 72.75 75.48 76.62 85.42 79.97 72.42 71.03 72.47 77.73 72.77 69.58 69.43617 -9999 -9999 -9999 -9999 -9999 -9999 -9999 -9999 -9999 -9999 -9999 -9999 -9999 -9999 -9999 -9999
54.48 53.3 53.52 53.8 54.38 54.89 55.85 54.38 50.14 48.71 48.01 48.02 47.07 48.36 47.69 46.78 46.31 50.64 55.8 56.3 54.13 50.24 51.58 51.75 51.77 48.53 45.75 44.27 44.39 44.29 43.82 43.8 45.23 46.06 46.65 46.43 46.48 49.12 52.94 53.37 53.15 54.69 53.17 57.6 65.07 74.8 79.2 83.95 88.27 78.47 65.91 65.96 68.03 70.86 67.9 66.49 68.7 67.88 72.11224 70.22222 67.32353 -9999 -9999 -9999 -9999 -9999 -9999 -9999 -9999 -9999 -9999 -9999 -9999 -9999 -9999 -9999 -9999 -9999
49.69 50.64 49.58 49.37 54.03 54.39 55.05 53.11 50.62 49.72 50.91 53.21 53 51.25 49.62 53.57 53.1 51.06 54.9 56.63 57.15 57.93 57.41 54.42 52.08 49.63 48.97 47.5 44.98 44.64 44.5 45.48 46.99 47.55 47 47.1 48.5 51.52 50.35 51.12 51.45 54.89 48.95 53.78 61.3 62.31 68.67 73.23 68.59 65.05 59.86 60.44 61.5 63.15306 61.94937 63.62121 -9999 -9999 -9999 -9999 -9999 -9999 -9999 -9999 -9999 -9999 -9999 -9999 -9999 -9999 -9999 -9999 -9999 -9999 -9999 -9999 -9999 -9999
49.31 49.32 47.74 48.18 52.38 54.03 54.67 56.3 57.97 59.6 59.92 58.11 56.92 56.04 54.98 57.36 59.02 57.85 53.56 56.58 58.22 61.18 61.46 58.19 55.77 53.43 54.08 56.29 51.17 47.89 48.43 48.7 48.87 49.13 51.56 50.07 51.16 53.07 51.94 55.37 57.65 60.56 54 51.79 53.52 60.22 68.76 61.76 60.19 58.26 56.46914 -9999 -9999 -9999 -9999 -9999 -9999 -9999 -9999 -9999 -9999 -9999 -9999 -9999 -9999 -9999 -9999 -9999 -9999 -9999 -9999 -9999 -9999 -9999 -9999 -9999 -9999 -9999
44.1 45.1 45.66 48.53 50.65 53.21 54.84 55.25 58.58 61.5 61.14 58.83 62.29 61.58 60.1 58.64 59.04 60.61 61.6 55.45 60.41 63.71 69.51 65.56 58.99 56.32 55.68 54.91 53.05 52.32 53.3 52.23 51.11 50.98 51.95 54.14 56.05 55.8 56.2 58.24 57.83 58.33 53.76 50.72 57.81 64.53 62.63 57.53521 -9999 -9999 -9999 -9999 -9999 -9999 -9999 -9999 -9999 -9999 -9999 -9999 -9999 -9999 -9999 -9999 -9999 -9999 -9999 -9999 -9999 -9999 -9999 -9999 -9999 -9999 -9999 -9999 -9999 -9999
39.96 42.28 44.18 47.62 50.23 51.74 52.36 54.16 55.33 58.08 60.82 62.02 61.74 60.76 59.55 59.79 60.22 58.84 59.84 60.7 58.12 62.62 69.51 70.82 66.11 62.45 58.75 54.1 54.32 55.74 57.94 56.32 54.2 53.24 53.67 57.73 58.83 58.27 60.59 58.91 61.31 53.86 55.93 57.09 56.81 59.25 58.92 -9999 -9999 -9999 -9999 -9999 -9999 -9999 -9999 -9999 -9999 -9999 -9999 -9999 -9999 -9999 -9999 -9999 -9999 -9999 -9999 -9999 -9999 -9999 -9999 -9999 -9999 -9999 -9999 -9999 -9999 -9999
