layers/wordclim/future/Iberia_wcB2a_10_hadcm3_2080/bio_16.asc
ncols         166
nrows         93
xllcorner     -9.4959440078468
yllcorner     36.000324005443
cellsize      0.083333337679505
NODATA_value  -9999
[rows 0 to 32 of 93, columns 0 to 72 of 166]
-9999 -9999 -9999 -9999 -9999 -9999 -9999 -9999 -9999 -9999 -9999 -9999 -9999 -9999 -9999 -9999 -9999 430.4146 459.3472 414.0298 409.7121 412.5909 398.7826 391.0151 -9999 -9999 -9999 -9999 -9999 -9999 -9999 -9999 -9999 -9999 -9999 -9999 -9999 -9999 -9999 -9999 -9999 -9999 -9999 -9999 -9999 -9999 -9999 -9999 -9999 -9999 -9999 -9999 -9999 -9999 -9999 -9999 -9999 -9999 -9999 -9999 -9999 -9999 -9999 -9999 -9999 -9999 -9999 -9999 -9999 -9999 -9999 -9999 -9999
-9999 -9999 -9999 -9999 -9999 -9999 -9999 -9999 -9999 -9999 -9999 -9999 -9999 -9999 -9999 -9999 428.0303 431.6211 441.47 421.66 440.51 439.26 406.8081 423.99 414.52 387.5155 -9999 -9999 -9999 -9999 -9999 -9999 -9999 -9999 -9999 -9999 -9999 -9999 -9999 -9999 -9999 -9999 -9999 308.2813 307.4615 -9999 -9999 -9999 -9999 -9999 -9999 -9999 -9999 -9999 -9999 -9999 -9999 -9999 -9999 -9999 -9999 -9999 -9999 -9999 -9999 -9999 -9999 -9999 -9999 -9999 -9999 -9999 -9999
-9999 -9999 -9999 -9999 -9999 -9999 -9999 -9999 -9999 -9999 -9999 -9999 -9999 -9999 433.8518 424.7053 431.606 435.75 442.71 462.53 469.45 456.9 438.89 452.72 400.57 374.48 367.8947 365.1013 358.1972 342.3091 339.2 336.2738 337.0658 324.9091 334.4557 321.7273 321.7534 326.3055 328.6704 321.4124 314.7051 311.0833 306.5555 304.49 306.71 298.4026 295.623 302.2167 304.1695 -9999 -9999 -9999 -9999 -9999 -9999 -9999 -9999 -9999 -9999 -9999 -9999 -9999 -9999 -9999 -9999 -9999 -9999 -9999 -9999 -9999 -9999 -9999 -9999
-9999 -9999 -9999 -9999 -9999 -9999 -9999 -9999 -9999 -9999 -9999 -9999 -9999 -9999 -9999 -9999 451.8283 476.16 477.99 460.91 470.21 483.49 486.73 479.16 438.19 395.14 372.99 383.33 355.88 350.3839 364.69 369.03 365.34 340.06 365.61 342.46 330.43 335.77 346.93 322.12 306.899 314.81 315.91 306.94 302.35 300.16 306.29 307.15 296.1 300.25 303.1 305.141 298.5513 297.9661 302.74 -9999 -9999 -9999 -9999 -9999 -9999 -9999 -9999 -9999 -9999 -9999 -9999 409.6986 -9999 427.2064 437.0417 440.069 446.1739
-9999 -9999 -9999 -9999 -9999 -9999 -9999 -9999 -9999 -9999 -9999 -9999 -9999 -9999 436.4627 434.9792 456.63 480.34 479.07 484.4 466.03 462.05 454.86 462.53 442.88 426.43 403.62 377.67 371.56 395.63 413.3 387.95 362.57 365.44 370.41 339.78 351.24 359.35 331.32 312.77 307.46 297.91 296.27 303.04 297.49 294.71 297.01 295.62 294.19 293.17 294.06 287.21 288.94 300.2 305.25 311.43 322.75 317.5 316.679 317.3288 324.7403 331.7308 341.7222 354.3735 364.6939 372.31 385.6 396.28 406 413.43 421.73 427.1 430.2738
-9999 -9999 -9999 -9999 -9999 -9999 447.3704 445 455.0676 -9999 466.0811 467.8795 465.5 447.1919 442.85 -9999 465.21 487.49 505.22 487.29 467.5 450.61 441.59 424.12 424.69 414.54 406.78 379.91 408.57 413.28 399.2 360.95 368.12 392.94 382.98 346.47 329.94 327.74 333.85 319.32 320.19 315.66 305.67 296.3 292.61 290.08 292.49 300.55 301 292.79 304.44 294.66 289.78 305.15 319.86 321.55 312.19 322.53 313.23 320.15 321.31 329.99 336.24 342.99 353.74 360.21 370.18 380.39 388.32 394.37 401.4 408.01 415.94
-9999 -9999 -9999 -9999 -9999 -9999 458.5479 463.06 469.62 471.66 489.35 528.11 516.86 498.46 472.72 471.11 497.15 503.27 505.35 487.51 474.94 447.5 436.13 418.05 409.3 408.32 412.4 395.51 401.06 402.97 378.57 356.11 386.14 400.7 359.25 339.86 337.06 361.41 345.96 346.79 341.43 313.53 352.08 310.14 285.3 293.69 295.53 291.03 293.26 294.67 322.82 306.42 300.12 329.86 395.42 362.9 378.09 367.03 312.6 324.8 321.04 321.13 325.54 334.34 338.71 345.43 354.12 361.11 368.27 374.04 385.16 386.16 393.63
-9999 -9999 -9999 -9999 431.1398 460.95 471.66 503.32 523.19 524.9 545.24 543.84 536.01 539.59 526.62 530.65 533.71 521.61 513.02 489.26 477.67 459.38 431.95 419.3 412.86 416.1 420.94 398.62 423.47 399.8 399.24 367.4 382.55 391.82 361.41 347.29 370.63 393.35 350.98 369.66 348.77 353.91 316.41 308.46 288.6 303.38 296.02 294.52 315.97 330.96 314.54 324.49 338.87 316.02 349.37 367.05 348.28 303.75 293.32 303.43 339.88 325.36 323.1 325.63 328.67 329.65 337.88 341.68 349.32 361.82 367.85 368.1 370.59
-9999 -9999 -9999 426.9588 449.64 493.23 504.05 525.66 538.63 551.47 551.88 555.26 540.02 541.78 539.6 532.89 530.56 532.05 536.99 509.74 478.98 465.41 438.98 427.61 426.83 421.86 430.06 423.05 394.21 387.95 361.1 358.67 390.2 407.77 365.19 393.68 383.16 434.48 430.14 410.1 435.41 391.49 406.8 323.92 295.33 358.37 361.78 339.38 357.42 364.49 326.97 345.01 321.41 311.83 337.67 334.88 368.36 362.24 334.21 314.99 326.63 360.59 340.48 318.05 317.85 319.51 323.82 325.76 332.15 336.46 338.49 343.56 348.14
-9999 -9999 -9999 423.1294 475.5252 502.14 521.28 533.95 541.01 550.9 554.77 556.57 558.53 560.81 558.64 550.97 533.55 542.42 529.34 521.23 490.51 479.99 458.83 424.54 408.3 405.23 423.94 411.49 404.9 365.58 363.68 385.76 381.21 401.86 400.44 411.49 425.1 390.27 381.69 376.15 384.01 357.58 356.99 364.59 339.6 326.65 336.45 317.6 337.56 318.51 289.36 305.51 305.39 300.98 294.25 316.58 351.52 358.6 342.32 313.82 303.12 346.44 329.36 301.32 300.04 303.81 306.34 309.23 312.86 316.06 318.76 322.61 326.65
-9999 -9999 -9999 -9999 460.6379 517.73 526.19 525.67 547.66 535.73 528.99 571.49 590.53 561.28 554.75 545.63 519.43 515.7 510.75 505.61 501.43 471.18 443.76 419.45 400.62 401.32 408.2 421.24 387.18 372.93 399.11 433.52 457.17 442.92 399.48 395.67 379.77 388.04 415.84 387.1 395.36 387.11 346.02 310.26 342.42 304.67 295.09 286.22 302.16 276.68 272.38 289.08 276.85 291.03 279.84 304.64 306.65 307.69 305.93 283.8 277.76 281.42 283.7 282.51 285.4 286.83 292.59 290.19 293.23 295.11 302.55 304.89 306.31
-9999 -9999 -9999 -9999 460.675 479.2656 489.197 500.4506 584.73 554.91 546.32 544.82 563.69 548.4 541.71 569.03 547.06 540.56 537.93 507.63 505.6 480.52 435.98 444.89 430.05 394.7 431.8 433.82 410.54 408.26 414.91 472.9 419.71 379.47 342.37 340.55 371.89 405.28 398.29 381.58 345.77 315.97 291.71 282 271.88 278.53 254.35 249.64 255.11 247.31 249.56 251.46 250.88 259.47 253.64 266.1 274.61 262.71 263.34 266.61 262.09 262.35 260.28 262.96 269.83 268.01 270.7 277.62 276.8 281.96 287.73 286.34 288.26
-9999 -9999 -9999 -9999 -9999 -9999 566.1413 538.74 563.93 540.48 569.06 593.07 581.67 615.74 595.12 586.24 582.23 557.92 558.03 549.92 496.75 454.5 471.37 463.94 433.98 425.71 450.68 478.25 473.39 444.41 409.74 419.97 365.36 328.18 323.04 311.52 326.37 327.24 315.46 313.37 318.48 306.77 280.08 259.3 248.65 247.85 233.03 229.43 232.92 225.39 233.33 228.23 232.9 232.84 238.96 245.24 245.58 245.88 243.12 247.86 242.16 245.18 245.43 252.53 255.64 256.56 257.47 259.99 259.98 265.88 272.46 269.36 263.83
-9999 -9999 -9999 -9999 -9999 496.1526 543.8192 -9999 -9999 586.85 590.85 634.49 651.22 656.9 654.63 600.52 583.73 582.42 573.72 560.08 495.04 456.48 458.62 437.24 394.3 420.84 460.25 444.44 451.19 463.64 408.11 368.98 331.42 300.99 289.08 288.8 281.93 280.14 288.03 299.83 279.73 261.9 252.21 237.52 230.82 227.38 214.35 212.44 213.06 212.61 215.37 212.19 219.62 215.11 224.42 228.28 227.14 229.18 226.07 229.34 227.92 226.27 229.19 235.75 238.26 242.67 243.58 246.34 247.66 252.1 252.56 248.39 245.69
-9999 -9999 -9999 -9999 -9999 -9999 -9999 515.1667 548.0361 574.79 619.3 656.55 667.03 659.48 659.12 634.69 602.18 597.88 588.21 546.23 507.6 456.89 441.15 392.5 386.72 397.75 421.8 423.13 451.83 443.99 403.57 342.7 309.19 285.78 280.88 284.82 312.57 326.76 322.87 302.44 267.49 247.07 237.04 221.55 214.77 210.4 203.93 200.14 199.45 200.35 201.13 205.31 205.37 201.98 208.01 212.64 210.53 213.13 213.23 212.48 214.67 213.32 213.74 215.94 218.66 220.91 224.51 231.09 232.35 233.39 230.02 230.69 237.28
-9999 -9999 -9999 -9999 -9999 -9999 -9999 544.9167 587.0435 653.2247 621.9 665.75 689.39 693.48 659.71 612.96 571.96 540.35 518.37 500.76 477.48 455.64 425.73 408.43 423.88 414.94 397.98 386.73 430.67 396.48 366.17 335.58 314.12 336.59 367.23 345.82 365 360.26 307.44 273.77 250.28 233.37 224.92 210.77 204.48 200.5 195.39 189.9 188.54 190.16 192.12 194.76 193.15 190.68 195.31 199.77 197.55 196.11 197.6 198.06 198.15 199.86 201.86 201.92 204.36 206.16 212.19 214.81 214.37 214.4 216.55 220.66 224.29
-9999 -9999 -9999 -9999 -9999 -9999 -9999 -9999 -9999 663.5294 654.7634 683.78 686.41 699.2 666.73 591.9 512.13 504.3 466.52 439.12 432.94 501.63 504.16 462.47 445.98 476.06 463.05 379.34 358.12 405.23 404.42 358.91 397.82 397.1 367.09 419.54 413.85 365.68 301.26 272.23 248.7 227.92 211.67 202.63 195.79 190.78 187.35 182.66 182.87 183.45 183.07 183.7 182.39 180.32 183.97 186.94 186.17 184.27 184.77 185.25 186.26 187.26 188.38 189.55 192.3 197.25 199.77 199.67 199.44 198.48 202.6 209.98 214.8
-9999 -9999 -9999 -9999 -9999 -9999 -9999 -9999 613.6282 681.8485 -9999 712.48 698.79 677.49 686.64 606.65 495.88 486.61 497.01 440.06 443.33 493.86 491.88 529.3 529.86 516.08 528.9 429.11 401.16 423.87 459.19 457.88 456.29 439.79 398.87 350.58 355.37 373.53 324.03 270.67 237.97 220.47 206.08 196.34 188.82 183.78 179.99 174.7 178.02 178.68 175.2 173.93 173.27 173.83 174.62 175.68 176.06 174.99 173.74 173.77 173.95 176.25 177.53 180.49 184.25 189.99 188.51 187.43 188.44 190.13 195.58 201.08 209.38
-9999 -9999 -9999 -9999 -9999 -9999 -9999 -9999 -9999 661.7143 704.56 663.81 634.04 662.33 651.91 571.83 520 514.4 498.27 499.39 493.37 497.08 476.62 536.75 572.34 573.95 580.1 503.68 425.01 452.09 465.14 497.18 524.44 492.65 437.75 419.43 387.47 335.01 303 261.04 235.79 218.6 206.33 192.07 182.97 177.28 172.18 169.36 170.77 168.76 166.93 166.1 166.09 167.19 167.3 166.63 165.82 166.69 165.59 163.88 164.36 167.28 170.09 173.9 177.94 176.26 176.43 179.68 180.61 182.58 187.54 194.12 209.94
-9999 -9999 -9999 -9999 -9999 -9999 -9999 -9999 619.1099 725.21 628.55 634.5 596.19 629.99 544.06 569.15 588.94 616.45 579.3 564.11 544.99 504.61 501 512.41 539.06 558.65 529.98 478.14 442.82 472.41 490.09 511.3 486.2 405.77 363.95 348.3 331.12 300.37 268.74 240.47 226.36 210.47 197.95 188.68 176.86 172.36 166.77 164.5 162.44 159.88 160.1 159.76 161.77 162.78 161.19 160.78 158.87 156.71 156.96 153.91 159.3 164.54 165.15 167.45 166.72 170.19 170.22 172.01 174.64 178.21 184.98 193.54 191.7
-9999 -9999 -9999 -9999 -9999 -9999 -9999 691.746 710.54 657.42 616.95 609.33 612.53 580.49 659.19 705.35 718.11 675.92 622.26 571.44 540.29 517.83 500.46 515.1 453.97 498.57 493.44 466.03 469.1 472.05 477.18 478.13 463.46 377.45 347.42 325.47 303.15 281.41 256.2 233.75 215.46 201.82 190.27 181.57 173.59 165.32 160.11 158.23 156.32 156.1 153.74 155.5 157.18 156.29 156.32 156.69 155.34 150.92 149.69 147.46 153.49 154.36 155.3 159.75 163.96 166.28 166.31 166.77 168.13 170.76 174.92 179.78 187.35
-9999 -9999 -9999 -9999 -9999 -9999 -9999 664.95 619.44 626.67 648.38 716.1 662.55 670.48 740.51 683.82 644.05 602.2 601.29 627.58 620 574.64 545.69 500.53 425.33 460.94 469.91 439.25 443 442.26 425.29 420.56 430.74 359.94 336 321.24 307.37 276.23 253.1 232.77 215.65 198.78 185.64 174.94 167.07 159.58 154.61 153.19 150.89 149.35 149.65 150.85 153.61 152.36 152.5 153.76 153.64 153.79 154.17 147.97 147.32 150.9 153.8 157.69 162.35 164.66 164.72 165.68 168.74 171.67 173.93 181.56 186.5
-9999 -9999 -9999 -9999 -9999 -9999 -9999 611.8182 628.4318 682.78 669.76 711.37 624.68 619.86 633.42 618.78 600.76 656.21 690.41 668.93 647.26 624.08 536.02 504.49 430.89 455.61 480.56 437.1 420.03 429.76 413.14 390.61 376.92 337.16 326.15 301.86 290.87 275.87 262.16 246.65 225.42 205.77 184.57 173.1 163.21 155.53 149.32 146.47 144.18 143.14 144.9 146.81 148.35 149.7 153.95 155.91 156.65 155.89 152.93 146.99 148.81 151.38 153.41 157.56 160.48 161.95 163.97 163.5 165.22 167.23 168.89 172.33 176.85
-9999 -9999 -9999 -9999 -9999 -9999 -9999 -9999 653.47 680.24 600.51 620.61 592.14 598.58 623.22 688.43 703.83 720.76 651.47 659.83 631.86 611.32 567.36 507.96 431.49 454.92 482.41 428.62 413.44 396.61 401.91 405.23 364.4 326.01 326.72 294.27 279.69 270.23 246.3 224.5 214.44 201.13 180.89 165.2 156.1 150.43 144.64 141.43 140.77 142.37 140.75 142.35 147 150.66 153.67 155.66 156.27 154.45 151 149.35 150.53 150.63 152.34 153.87 156.34 157.89 157.81 158.48 160.71 160.8 162.62 163.6 166.23
-9999 -9999 -9999 -9999 -9999 -9999 -9999 -9999 617.4111 605.5204 621.88 627.6 636.18 601.53 615.01 628.73 626.64 602.26 636.2 655.17 640.84 588.95 525.04 474.56 469.29 497.53 452.83 408.53 381.77 395.02 409.91 423.83 366.94 345.66 315.09 287.55 284.01 268.26 246.09 222.67 202.38 189.26 175.6 161.73 150.7 144.16 139.57 137.09 136.31 137.35 139.2 143.48 146.59 148.73 152.24 154.39 155.38 154.86 153.62 151.28 150.31 149.99 152.1 154.01 153.68 156.69 153.79 153.41 155.28 156.75 156.89 158.92 160.81
-9999 -9999 -9999 -9999 -9999 -9999 -9999 -9999 596.7237 612.73 609.89 591.25 555.67 552.63 555.81 596.13 605.29 670.64 667.93 634.15 581.28 558.63 512.4 479.3 539.44 472.46 424.54 382.09 364.83 383.31 402.69 396.61 376 334.66 306.51 284.6 274.06 257.18 241.62 219.85 202.95 185.3 168.44 156.04 146.55 138.15 134.95 136.31 135.9 136.82 136.49 137.12 140.87 144.36 148.57 151.35 150.56 152.31 151.78 149.71 149.25 149.65 150.25 149.02 148.91 154.3 151.81 155.65 155.69 155.84 156.85 158.25 159.23
-9999 -9999 -9999 -9999 -9999 -9999 -9999 -9999 -9999 599.13 578.53 572.56 563.81 594.68 566.86 567.36 622.99 610.95 587.53 576.46 542.38 591.07 566.76 579.48 537.02 456.75 400.83 371.2 372.2 386.24 385.15 362.8 346.34 309.58 292.59 277.55 269.96 257.66 232.74 212.93 194.99 184.07 167.88 153.43 141.13 131.45 129.41 131.14 131.32 131.5 131.76 133.59 134.96 138.89 141.28 142.59 145.03 146.45 146.18 149.48 149.11 150.96 152.3 151.58 152.36 153.86 157.03 159.23 159.32 159.25 163.96 163.26 166.32
-9999 -9999 -9999 -9999 -9999 -9999 -9999 -9999 -9999 576.01 581.92 571.06 581.8 559.03 560.61 577.07 606.85 601.62 518.36 574.56 631.57 627.86 607.09 561.28 510.33 483.34 451.51 382.99 381.49 409.28 422.39 355.73 323.66 301.21 288.08 274.65 266.73 251.49 225.56 212.75 197.32 178.82 166.21 151.24 138.29 131.86 128.82 129.63 129.35 127.73 127.49 129.96 131.96 134.5 135.82 139.29 141.91 142.45 143.94 147.16 148.23 149.93 150.62 152.99 153.23 154.73 156.68 163.74 172.17 174.3 171.92 162.08 162.12
-9999 -9999 -9999 -9999 -9999 -9999 -9999 -9999 -9999 564.4445 560.91 552.84 547.25 550.31 567.56 558.45 600.45 578.92 527.65 599.84 687.41 611.49 597.13 567.17 507.68 442.13 414.5 399.9 399.98 371.45 378.54 340.66 325.52 331.65 322.22 296.01 267.19 240.11 229.28 215.31 200.77 185.56 169.77 156.55 144.5 139.09 135.59 131.5 131 129.87 129.79 129.5 131.96 133.68 136.07 137.75 138.92 139.29 141.78 142.37 142.34 144.9 146.85 149.14 151.45 153.79 154.95 162.34 170.39 167.14 164.5 164.19 165.72
-9999 -9999 -9999 -9999 -9999 -9999 -9999 -9999 -9999 558.5063 562 551.72 569.77 590.29 570.1 544.75 546.71 517.69 608.7 656.64 590.21 574.96 588.91 527.97 534.97 455.98 474.09 451.25 379.48 359.44 355.42 326.67 334.43 337.75 312.98 280.92 253.64 245 230.9 214.03 201.32 188.58 176.57 165.39 156.32 149.22 141.51 136.22 131.38 127.44 130.44 128.87 129.72 131.2 131.8 132.95 134.74 137.44 138.47 139.13 141.01 142.82 144.75 148.96 151.38 154.82 157.1 159.39 165.08 162.19 164.51 172.06 182.69
-9999 -9999 -9999 -9999 -9999 -9999 -9999 -9999 -9999 549 539.15 534.33 537.5 554.77 543.71 546.49 515.74 605.74 636.21 629.38 517.43 550.93 546.79 481.74 473.11 468.69 494.83 469.18 369.68 366.99 372.28 346.37 346.07 326.11 306.49 282.29 273.8 256.6 232.93 213.86 200.28 190.05 179.68 173.64 161.44 149.81 144.01 141.19 135.4 130.84 128.59 129.22 130 130 130.29 130.83 132.8 134.53 136.68 137.76 140.51 142.04 145.18 148.6 152.06 156.31 158.4 161.9 166.31 167.95 169.12 184.71 213.96
-9999 -9999 -9999 -9999 -9999 -9999 -9999 -9999 -9999 -9999 517.4516 506.11 513.83 532.81 541.46 526.25 544.37 562.04 549.84 564.96 518.6 534.98 523.39 500.87 497.99 460.9 433.34 408.92 360.32 386.92 378.48 344.6 328.03 321.68 317.09 295.21 275.21 258.34 240.19 221.59 204.13 188.2 177.39 166.65 156.14 148.29 142.9 139.68 135.35 131.24 128.21 129 130 129.98 129.61 129.67 131.18 132.31 135.09 136 137.92 142.6 147.05 149.43 153.78 160.02 165.74 168.7 171.57 178.96 195.78 211.52 207.75
-9999 -9999 -9999 -9999 -9999 -9999 -9999 -9999 -9999 -9999 503.2738 517 500.63 510.96 519.43 556.71 640.27 619.02 688.69 666.16 594.93 609.88 579.29 571.97 558.84 524.15 467.77 439.3 371.97 363.84 346.51 331.7 315.5 323.25 315.32 295.69 278.54 258.96 243.29 227.7 210.88 195.55 181.48 168.42 157.31 149.34 144.58 140.27 138.36 134.6 130.05 130.67 130.18 129.8 129 129.46 130.4 130.1 133.19 134.62 137.26 142.27 145.72 151.48 159.28 165.75 172.97 195.3 198.83 199.13 177.56 176.93 194.19
