layers/wordclim/future/Iberia_wcB2a_10_hadcm3_2080/bio_02.asc
ncols         166
nrows         93
xllcorner     -9.4959440078468
yllcorner     36.000324005443
cellsize      0.083333337679505
NODATA_value  -9999
[rows 0 to 32 of 93, columns 74 to 147 of 166]
-9999 -9999 -9999 -9999 -9999 -9999 -9999 -9999 -9999 -9999 -9999 -9999 -9999 -9999 -9999 -9999 -9999 -9999 -9999 -9999 -9999 -9999 -9999 -9999 -9999 -9999 -9999 -9999 -9999 -9999 -9999 -9999 -9999 -9999 -9999 -9999 -9999 -9999 -9999 -9999 -9999 -9999 -9999 -9999 -9999 -9999 -9999 -9999 -9999 -9999 -9999 -9999 -9999 -9999 -9999 -9999 -9999 -9999 -9999 -9999 -9999 -9999 -9999 -9999 -9999 -9999 -9999 -9999 -9999 -9999 -9999 -9999 -9999 -9999
-9999 -9999 -9999 -9999 -9999 -9999 -9999 -9999 -9999 -9999 -9999 -9999 -9999 -9999 -9999 -9999 -9999 -9999 -9999 -9999 -9999 -9999 -9999 -9999 -9999 -9999 -9999 -9999 -9999 -9999 -9999 -9999 -9999 -9999 -9999 -9999 -9999 -9999 -9999 -9999 -9999 -9999 -9999 -9999 -9999 -9999 -9999 -9999 -9999 -9999 -9999 -9999 -9999 -9999 -9999 -9999 -9999 -9999 -9999 -9999 -9999 -9999 -9999 -9999 -9999 -9999 -9999 -9999 -9999 -9999 -9999 -9999 -9999 -9999
-9999 -9999 -9999 -9999 -9999 -9999 -9999 -9999 -9999 -9999 -9999 -9999 -9999 -9999 -9999 -9999 -9999 -9999 -9999 -9999 -9999 -9999 -9999 -9999 -9999 -9999 -9999 -9999 -9999 -9999 -9999 -9999 -9999 -9999 -9999 -9999 -9999 -9999 -9999 -9999 -9999 -9999 -9999 -9999 -9999 -9999 -9999 -9999 -9999 -9999 -9999 -9999 -9999 -9999 -9999 -9999 -9999 -9999 -9999 -9999 -9999 -9999 -9999 -9999 -9999 -9999 -9999 -9999 -9999 -9999 -9999 -9999 -9999 -9999
-9999 -9999 -9999 -9999 -9999 -9999 -9999 -9999 -9999 -9999 -9999 -9999 -9999 -9999 -9999 -9999 -9999 -9999 -9999 -9999 -9999 -9999 -9999 -9999 -9999 -9999 -9999 -9999 -9999 -9999 -9999 -9999 -9999 -9999 -9999 -9999 -9999 -9999 -9999 -9999 -9999 -9999 -9999 -9999 -9999 -9999 -9999 -9999 -9999 -9999 -9999 -9999 -9999 -9999 -9999 -9999 -9999 -9999 -9999 -9999 -9999 -9999 -9999 -9999 -9999 -9999 -9999 -9999 -9999 -9999 -9999 -9999 -9999 -9999
68.1236 66.61111 -9999 -9999 65.79311 67.49 70.96 71.96512 74.02564 75.58182 -9999 -9999 -9999 -9999 -9999 -9999 -9999 -9999 -9999 -9999 -9999 -9999 -9999 -9999 -9999 -9999 -9999 -9999 -9999 -9999 -9999 -9999 -9999 -9999 -9999 -9999 -9999 -9999 -9999 -9999 -9999 -9999 -9999 -9999 -9999 -9999 -9999 -9999 -9999 -9999 -9999 -9999 -9999 -9999 -9999 -9999 -9999 -9999 -9999 -9999 -9999 -9999 -9999 -9999 -9999 -9999 -9999 -9999 -9999 -9999 -9999 -9999 -9999 -9999
72.95 72.98 69.86 70.32653 66.80808 69.32 71.4 73.85 76.22 79.02 79.63636 81.54794 82.33334 83.60656 84.60656 85.92857 86.72916 88.33 91.34 91.08108 -9999 -9999 -9999 -9999 -9999 -9999 -9999 -9999 -9999 -9999 -9999 -9999 -9999 -9999 -9999 -9999 -9999 -9999 -9999 -9999 -9999 -9999 -9999 -9999 -9999 -9999 -9999 -9999 -9999 -9999 -9999 -9999 -9999 -9999 -9999 -9999 -9999 -9999 -9999 -9999 -9999 -9999 -9999 -9999 -9999 -9999 -9999 -9999 -9999 -9999 -9999 -9999 -9999 -9999
77.15 74.93 73.01 73.95 75.73 72.95 74.45 77.46 81.31 82.85 84 85.88 86.97 88.68 89.77 89.2 92.06 92.88 96.1 94.66 96.48 98.7 99.54 -9999 -9999 -9999 -9999 -9999 -9999 -9999 -9999 -9999 -9999 -9999 -9999 -9999 -9999 -9999 -9999 -9999 -9999 -9999 -9999 -9999 -9999 -9999 -9999 -9999 -9999 -9999 -9999 -9999 -9999 -9999 -9999 -9999 -9999 -9999 -9999 -9999 -9999 -9999 -9999 -9999 -9999 -9999 -9999 -9999 -9999 -9999 -9999 -9999 -9999 -9999
78.12 78.34 76.52 77.59 77.67 78.79 79.9 84.57 84.39 85.42 87.2 89.59 91.06 92.26 92.69 93.4 96.91 98.55 99.49 98.21 98.78 99.92 102.1233 -9999 -9999 -9999 -9999 -9999 -9999 -9999 -9999 -9999 -9999 -9999 -9999 -9999 -9999 -9999 -9999 -9999 -9999 -9999 -9999 -9999 -9999 -9999 -9999 -9999 -9999 -9999 -9999 -9999 -9999 -9999 -9999 -9999 -9999 -9999 -9999 -9999 -9999 -9999 -9999 -9999 -9999 -9999 -9999 -9999 -9999 -9999 -9999 -9999 -9999 -9999
86.3 87.68 86.56 81.46 82.29 87.83 92.53 89.75 91.11 89.5 90.06 93.48 93.21 93.66 95.47 98.25 99.55 101.74 102.58 103.26 103.47 103.61 103.9875 -9999 103.8214 104.3929 -9999 -9999 -9999 -9999 -9999 -9999 -9999 -9999 -9999 -9999 -9999 -9999 -9999 -9999 -9999 -9999 -9999 -9999 -9999 -9999 -9999 -9999 -9999 -9999 -9999 -9999 -9999 -9999 -9999 -9999 -9999 -9999 -9999 -9999 -9999 -9999 -9999 -9999 -9999 -9999 -9999 -9999 -9999 -9999 -9999 -9999 -9999 -9999
89.75 90.32 91.13 90.54 90.1 90.12 92.8 92.16 93.24 95.57 97.13 99.51 98.76 99.21 101.23 102.31 102.88 103.77 104.43 105.35 106.12 106.33 106.52 106.29 106.24 105.98 105.67 104.1828 103.6557 102.66 98.82758 -9999 -9999 -9999 -9999 -9999 -9999 -9999 -9999 -9999 -9999 -9999 -9999 -9999 -9999 -9999 -9999 -9999 -9999 -9999 -9999 -9999 -9999 -9999 -9999 -9999 -9999 -9999 -9999 -9999 -9999 -9999 -9999 -9999 -9999 -9999 -9999 -9999 -9999 -9999 -9999 -9999 -9999 -9999
92.65 93.89 92.8 93.52 94.94 95.09 93.94 93.99 95.3 96.94 98.75 100.2 102.56 103.07 103.7 104.42 105.21 106.06 106.94 107.97 108.46 108.79 108.55 108.22 107.79 106.47 107.77 106.44 105.93 104.29 99.66 97.86842 -9999 -9999 -9999 -9999 -9999 -9999 -9999 -9999 -9999 -9999 -9999 -9999 -9999 -9999 -9999 -9999 -9999 -9999 -9999 -9999 -9999 -9999 -9999 -9999 -9999 -9999 -9999 -9999 -9999 -9999 -9999 -9999 -9999 -9999 -9999 -9999 -9999 -9999 -9999 -9999 -9999 -9999
92.93 93.89 96.83 93.54 96.33 95.54 96.5 99.14 100.26 101.91 103 104.51 105.67 105.95 106.53 107.3 107.77 108.54 109.09 110.01 110.99 111.02 110.96 110.69 110.02 109.94 109.71 109.36 109.18 106.29 103.43 100.63 95.54839 96.22388 92.9359 94.71591 89.20202 85.58209 -9999 -9999 -9999 -9999 -9999 -9999 -9999 -9999 -9999 -9999 101.58 94.93 87.80769 86.45454 -9999 -9999 -9999 -9999 -9999 -9999 -9999 -9999 -9999 -9999 -9999 -9999 -9999 -9999 -9999 -9999 -9999 -9999 -9999 -9999 -9999 -9999
97.96 99.73 99.05 95.33 95.63 97 99.35 101 102.76 105.19 105.57 106.27 107.06 107.86 108.35 108.96 109.56 110.66 111.16 112.04 112.5 112.16 111.99 112.37 112.34 111.68 110.68 109.95 110.54 109.36 108.84 107.91 103.67 101.18 92.83 95.72 99.97 89.13 92.61957 -9999 -9999 -9999 91.34722 -9999 84.88889 -9999 -9999 -9999 96.28571 98.84 93.9 90.22 88.04 91.82927 87.84127 87.93939 -9999 -9999 -9999 -9999 -9999 -9999 -9999 -9999 -9999 -9999 -9999 -9999 -9999 -9999 -9999 -9999 -9999 -9999
99.04 99.85 100.86 100.41 100.34 100.51 103.12 105.86 107.08 107.5 108.1 108.77 109.89 109.74 110.38 111.21 111.2 111.61 112.48 113.93 114.27 113.15 113.01 113.43 113.29 112.53 111.46 112.1 112.09 112.31 110.7 109.46 108.99 108.05 104.47 102.87 104.97 99.56 102.09 94.96 91.63 96.32 100.35 91.1 90.84 85.99 94.56 83.04 85.31 87.84 87.18 86.55 90.48 98.55 92.53 92.17 86.17525 -9999 -9999 -9999 -9999 -9999 -9999 -9999 -9999 -9999 -9999 -9999 -9999 -9999 -9999 -9999 -9999 -9999
102.85 102.97 103.33 102.23 101.74 102.57 103.24 104.77 106.55 107.87 109.41 110.47 111.02 111.44 112.13 112.27 112.88 113.01 113.66 114.97 115.04 114.87 114.96 114.69 114.64 114.4 113.42 112.58 111.56 112.24 112.65 110.83 110.71 109.02 109.45 109.65 106.01 102.8 105.14 103.77 105.03 109.23 106.01 94.04 95.84 101.37 94 90.87 94.37 92.76 90.12 85.54 86.53 97.22 100.22 95.81 89.54 -9999 -9999 -9999 -9999 -9999 -9999 -9999 -9999 -9999 -9999 -9999 -9999 -9999 -9999 -9999 -9999 -9999
105.97 105.71 105.43 105.5 105.59 106.55 106.92 107.4 108.93 109.7 110.72 111.86 112.4 112.9 113.51 113.66 114.1 114.82 114.88 115.66 115.79 115.98 115.89 115.71 114.78 114.11 113 112.72 111.4 110.95 111.86 111.45 111.26 110.32 110.9 110.84 108.19 106.33 105.16 109.72 109.92 113.49 108.28 104.56 104.79 104.17 99.4 102.17 104.76 98.92 90.22 91.51 91.95 99.79 97.4 93.53 92.7 -9999 -9999 86.15873 86.51579 88.5955 93.64815 94.97059 -9999 -9999 -9999 -9999 -9999 -9999 -9999 -9999 -9999 -9999
108.9 108.85 110.03 110.7 110.26 110.56 109.7 110.98 113.54 113.53 114.22 114.52 115.17 114.88 115 114.74 115.18 116.06 115.5 115.98 116.02 116.13 116.05 116 115.94 115.2 114.54 113.47 112.41 111.91 112.33 112.51 110.94 110.49 110.22 109.15 109.16 108.26 107.34 107.46 111.16 114.43 115.14 113.41 110.55 107.44 103.81 101.76 105.35 104.63 102.75 103.31 100.75 102.23 94.17 97.02 101.06 101.44 97.61 95.71 95.85 95.99 94.98 91.83562 -9999 85.875 85.54 87.85 89.42353 -9999 -9999 -9999 91.51064 92.59
111.89 111.99 112.48 112.6 113.45 113.77 113.33 115.18 116.27 116.76 117.67 118.03 118.33 118.01 117.83 116.82 116.3 116.37 116.49 116.55 117.03 117.48 117.11 117 116.94 116.4 115.65 114.99 114.62 113.85 114.15 113.81 112.64 110.33 108.43 108.4 107.71 105.05 107.17 108.29 110.95 115.08 116.76 112.83 114.36 109.64 112.16 107.62 110.57 106.93 103.04 107.9 107.29 98.99 96.65 99.24 103.6 99.37 94.51 91.95 91.21 93.04 91.81 90.66 91.22 91.76 90.5 89.9 91.35 91.67 91.02 90.63 90.71 91.15
113.75 113.92 114.14 114.43 114.73 116.14 116.66 117.73 118.23 119.14 119.8 119.72 120.11 119.99 119.59 118.95 118.66 117.57 117.19 117.17 117.62 117.41 117.06 117.11 117.01 116.98 116.74 116.15 115.64 115.21 115.12 114.93 114.63 114.29 113.42 112.9 111.98 112.78 113.35 112.21 113.36 113.66 116.94 115.06 117.97 115.94 113.15 111.4 113.85 108.63 111.2 111.99 105.02 98.17 100.66 103.78 101.9 96.57 93.8 93.02 93.51 93.76 95.56 93.49 93.27 93.11 92.8 91.4 90.88 91.29 90.61 90.17 89.83 89.95
114.54 115.32 116.09 116.67 116.93 117.61 117.84 119.06 120.22 120.01 119.51 120.7 121.21 121.38 121.35 121.16 120.53 119.17 118.48 118.33 117.96 117.97 117.95 117.98 117.7 117.09 117.03 116.96 116.46 115.99 115.98 115.86 115.25 114.9 114.78 114.67 113.85 114.89 116.13 116.26 117.52 117.86 119.71 117.65 118.04 114.76 114.37 113.01 115.36 110.69 114.75 112.75 110.48 103.86 101.97 103.94 100.72 97.68 95.95 97.58 96.05 93.36 96.33 94.76 93.71 92.69 92.07 90.47 89.73 89.83 89.31 88.57 88.1 88.07
115.14 116.41 117.01 117.18 117.66 117.37 118.22 118.47 118.88 119.43 121.1 122.8 122.23 122.71 122.36 121.86 120.87 120.17 119.53 118.98 118.5 118.4 118.33 118.07 118 117.34 117.04 116.67 116.06 116.21 116.42 115.92 115.92 115.44 115.81 115.83 115.02 115.81 116.94 117.94 119.19 120.45 121.62 116.98 115.45 114.87 117.39 115.28 111.02 109.36 113.59 106.63 106.82 106.5 106.75 106.65 104.01 101.91 100.28 98.62 97.14 96.61 96.18 94.53 93.45 92.35 91.4 90.5 89.34 88.53 87.98 87.12 86.61 86.12
116.4 117.07 118.07 118.76 119.59 119.59 120.9 120.39 122.21 122.88 124.51 123.57 122.86 123.65 123.38 122.96 122.27 121.46 120.87 119.75 119.29 118.98 118.39 118.01 118 118 118 117.23 115.98 116.39 117 116.58 115.85 115.74 116.66 116.85 116.66 117.21 118.51 118.92 120.61 121.9 122.7 121.87 120.51 117.94 117.73 118.15 113.91 114.9 114.5 109.43 111.71 110.57 108.35 105.94 103.51 101.03 100.24 99.11 97.59 95.98 95.15 93.54 92.62 91.43 90.44 89.54 88.53 87.63 86.81 85.69 84.74 84.39
117.8 118.52 119.28 120.06 121.06 122.01 123.07 124.5 125.28 126.35 127.3 126.99 125.77 124.63 124.29 123.86 123.05 122.22 121.39 120.42 119.98 119.34 118.99 118.33 118.21 118.02 117.83 117.08 116.83 116.76 117.49 116.87 116.13 115.26 116.32 116.97 117.9 118.53 119.14 119.08 121.08 122.94 123.45 124.07 123.99 123.61 123.15 120.79 118.73 117.94 117.42 114.99 113.36 110.28 108.14 105.67 103.11 100.85 98.86 97.88 96.82 95.32 94.09 93 91.51 90.34 89.18 88.49 87.93 86.85 86.02 84.81 83.15 83.01
117.77 118.74 119.64 120.54 121.63 122.97 124.25 125.47 126.41 127.9 128.61 128.15 126.89 125.98 125.08 123.93 122.98 119.6 119.59 120.86 120.04 119.38 119 118.65 118 118 118 117.86 117.26 117.87 117.93 116.96 116.28 115.19 115.63 116.83 117.94 119.11 119.68 120.43 122.19 123.45 123.82 125.36 126.48 126.91 126.2 126.24 124.6 122.55 119.61 116.15 113 109.86 107.02 104.47 102.31 100.33 98.28 96.73 95.62 94.35 93.09 91.7 90.64 89.79 88.53 87.58 86.57 85.83 84.62 83.76 83.01 82.88
117.83 118.81 119.71 120.77 121.98 122.78 124.46 125.83 127.13 128.13 128.75 128.14 127.5 126.45 125.72 124.53 122.95 121.35 119.52 119.9 119.97 119.13 119 118.65 118.05 118 118 118 118.03 118.05 118 117.09 116.31 115.66 115.1 115.68 117.16 119.04 119.96 121.02 122.39 123.59 124.64 125.98 127.07 127.18 126.92 128.69 126.71 123.28 119.46 115.84 112.2 108.94 105.76 102.89 100.55 98.66 97.27 95.72 94.27 93.13 91.81 90.41 89.43 88.46 87.49 86.54 85.52 84.83 83.85 83.16 83.0102 82.54023
118.02 118.61 120 120.67 121.94 123.12 124.39 125.4 126.73 127.77 128.04 127.7 127.19 126.55 125.46 124.53 123.62 122.63 121.49 120.69 119.97 118.93 118.23 118.43 118.02 117.91 117.47 117.77 117.94 118.02 118 117.59 117.19 117.03 116.96 116.27 116.22 117.4 118.54 118.92 120.94 122.8 124.48 125.49 126.78 127.88 129.1 129.66 126.76 122.72 118.48 114.39 110.7 107.24 104.01 101.49 99.34 97.56 95.9 94.28 92.96 91.67 90.4 89.59 88.47 87.3 86.47 85.59 84.83 83.93 83.10101 82.61842 -9999 -9999
118.33 118.83 119.58 120.6 121.95 122.97 124.01 125.4 126.45 127.23 127.34 127.18 126.88 126.1 125.37 124.52 123.48 122.5 121.34 120.22 119.73 119.03 118.25 118.01 117.72 117.1 116.19 116.75 116.63 116.72 117.39 117.28 117.31 117.46 117.23 117.13 117.43 117.59 119.1 119.96 120.75 122.23 123.22 124.66 126.15 126.94 127.5 127.39 124.49 120.55 116.45 112.45 108.52 105.02 101.9 99.59 97.92 96.38 94.62 92.81 91.4 90.09 89.11 87.93 87.1 86.15 85.9 84.96 84.06383 -9999 -9999 -9999 -9999 -9999
118.51 119.46 120.04 121.09 122.01 122.94 123.95 124.98 125.78 126.06 126.61 126.83 126.78 125.61 124.97 124.09 123.22 122.07 120.89 120.14 119.06 118.52 117.89 117.29 117.01 116.19 115.9 115.74 114.87 114.92 115.59 116.15 116.67 117.07 117.06 117.07 117.16 117.57 118.44 119.23 120.39 121.51 122.36 122.75 124.49 124.82 124.84 123.52 120.22 116.34 112.68 109.24 105.88 102.99 100.7 98.76 96.72 94.94 93.51 91.25 89.76 88.82 87.93 86.98 85.87 85.29 84.92553 -9999 -9999 -9999 -9999 -9999 -9999 -9999
119.57 120.54 121.13 121.98 122.96 123.36 124.1 125.01 125.56 125.97 126.03 126.11 125.82 124.74 124.25 123.67 122.63 121.61 120.45 119.63 118.74 117.63 116.51 115.7 115.77 115.54 114.79 114.42 113.63 114.38 115.07 115.57 116 116.41 116.79 116.95 116.92 117.24 117.98 118.58 119.69 120.81 120.96 121.75 122.14 121.83 120.59 118.29 114.91 111.63 108.65 105.53 103.62 101.37 98.73 96.35 94.35 93.72 91.74 89.35 88.18 87.44 87.14 85.86 85.57 84.85107 -9999 -9999 -9999 -9999 -9999 -9999 -9999 -9999
120.23 120.86 121.72 122.22 122.72 123.46 124.04 124.61 125.41 125.94 126 125.79 125.09 124.52 123.66 122.78 122.06 121.45 120.16 119.13 118.19 116.93 115.77 114.87 114.19 114.01 113.2 112.96 112.67 113.19 114.06 114.48 115.01 115.42 115.56 116.44 116.82 117.28 117.85 118.47 119.19 119.65 119.68 119.89 119.9 119.46 119.22 117.15 113.44 108.7 105.71 103.24 100.78 99.57 94.81 92.4 91.06 90.09 88.23 87.36 86.94 86.27 85.87755 85.16049 85 -9999 -9999 -9999 -9999 -9999 -9999 -9999 -9999 -9999
120.87 120.88 121.54 121.99 122.11 123 123.49 123.99 125.08 125.7 125.94 125.29 124.81 124.19 123.84 123.21 122.42 121.35 119.95 118.74 117.6 116.48 115.19 114.03 113.09 112.35 111.56 111.61 111.59 112.2 112.53 113.15 113.76 114.44 114.8 115.02 115.6 115.87 116.56 117.22 117.52 117.79 118.34 118.51 118.04 117.06 116.87 115.1 112.1 109.5 106.14 102.7 99.75 95.66 90.48 88.53 87.53 87.03061 86.29114 86.13636 -9999 -9999 -9999 -9999 -9999 -9999 -9999 -9999 -9999 -9999 -9999 -9999 -9999 -9999
120.54 120.48 121.33 121.46 122.02 122.37 122.94 123.51 124.92 125.25 125.39 125.01 125.01 124.81 124.02 123.34 122.32 121.22 119.83 118.65 117.26 115.87 114.57 113.28 112.28 111.22 110.76 110.37 110.48 110.94 110.81 110.36 111.75 112.88 113.06 113.48 113.94 114.52 114.51 115.67 115.99 115.92 116.42 115.97 115.22 113.86 114.36 112.94 110.47 107.43 104.17 100.79 96.37 91.82 87.88889 -9999 -9999 -9999 -9999 -9999 -9999 -9999 -9999 -9999 -9999 -9999 -9999 -9999 -9999 -9999 -9999 -9999 -9999 -9999
118.49 119.46 120.55 119.82 120.37 121.45 122.16 123.75 124.69 125.13 125.32 125.17 125.01 124.82 124.07 123.38 122.27 121.19 119.79 118.47 116.9 115.45 114.07 112.52 111.26 110.88 110.24 109.79 109.7 109.76 109.89 110.18 110.64 111.04 110.89 111.59 112.26 112.95 113.43 113.42 113.13 113.71 114.18 113.53 113.24 112.62 112.54 111.1 108.14 104.89 102.29 98.90141 -9999 -9999 -9999 -9999 -9999 -9999 -9999 -9999 -9999 -9999 -9999 -9999 -9999 -9999 -9999 -9999 -9999 -9999 -9999 -9999 -9999 -9999
