layers/wordclim/future/Iberia_wcB2a_10_hadcm3_2080/bio_08.asc
ncols         166
nrows         93
xllcorner     -9.4959440078468
yllcorner     36.000324005443
cellsize      0.083333337679505
NODATA_value  -9999
[rows 33 to 65 of 93, columns 0 to 74 of 166]
-9999 -9999 -9999 -9999 -9999 -9999 -9999 -9999 -9999 -9999 110.1628 103.52 99.55 96.65 95.25 92.98 85.3 71.07 63.12 65.79 65.71 65.36 76.05 88.05 77.21 65.27 72.85 83.38 87.41 80.53 79.38 81.99 74.68 72.5 70.98 70.53 68.38 65.76 68.84 73.12 71.5 71.26 72.83 73.39 73.06 73.24 73.94 74.51 74.7 72.92 72.67 72.55 72.37 72.12 72.66 72.23 72.87 73.54 72.17 71.03 69.87 70.55 71.04 70.27 65.42 60.06 42 33.62 48.74 59.4 63.68 65.51 60.46 60.46 66.85
-9999 -9999 -9999 -9999 -9999 -9999 -9999 -9999 -9999 -9999 112.2245 106 100.18 92.01 77.67 77.15 78.85 86.33 83.47 79.18 72.43 69.55 69.42 75.29 70.1 66.79 73.35 82.64 83.82 77.21 72.97 75.4 76.61 70.98 69.69 68.9 68.95 68.08 73.67 75.37 73.7 73.32 73.11 72.24 71.85 71.78 71.53 72.48 74.08 73.43 71.81 71.33 69.54 69.74 70.67 71.83 72.91 72.67 71.36 68.86 67.31 68.36 68.35 66.68 60.92 54.1 32.52 51.89 44.98 50.68 63.17 70.25 74.49 73.29 70.06
-9999 -9999 -9999 -9999 -9999 -9999 -9999 -9999 -9999 -9999 113.8764 109.92 103.5 87.12 91.26 85.25 85.82 93.98 90.04 83.83 78.89 77.09 76.44 73.65 73.14 68.68 75.36 80.53 78.92 80.76 74.83 71.68 73.37 73.44 70.27 68.36 68.02 69.3 74.09 75.38 74.31 72.63 71.72 69.85 68.59 67.5 68.26 73.33 72.81 72.51 72.13 70.01 67.64 65.87 66.51 69.66 68.23 70.17 68.37 66.32 63.78 63.83 63.31 56.78 40.23 39.05 30.96 39.37 58.62 69.81 73.36 78.86 76.93 71.65 72.18
-9999 -9999 -9999 -9999 -9999 -9999 -9999 -9999 -9999 115.3243 114.8478 111.58 108.21 103.54 92.27 93.48 89.6 92.68 87.38 85.19 86.82 86 84.37 80.41 79.16 80.19 80.27 78 74.42 74.66 74.49 70.41 71.76 72.17 72.86 68.15 67.6 69.5 74.01 73.84 72.87 72.57 69.62 66.71 65.81 69.76 73.18 72.8 71.66 70.19 68.46 65.39 60.33 60.62 58.81 57.96 58.88 63.44 62.34 61.45 53.94 54.74 51.08 49.77 54.04 62.64 64.16 69.81 71.95 69.25 78.03 83.1 78.86 76.08 74.67
-9999 -9999 -9999 -9999 -9999 -9999 -9999 -9999 -9999 115.7973 114.1959 113.51 112.66 105.63 96.43 84.37 80.04 92.62 93.87 93.4 91.38 87.46 83.49 85.24 87.37 84.04 80.2 67.51 69.33 71.81 70.46 70.4 70.65 73.57 75.48 74.85 71.16 67.39 71.52 70.92 68.7 66.19 68.27 70.52 70.66 71.24 71.29 70.55 67.96 63.94 59.66 57.23 51.41 51.24 53.36 57.22 62.19 63.35 60.33 56.43 52.37 49.39 51.44 47.55 63.58 73.85 69.41 71.56 80.24 82.2 84.83 85.82 80.73 80.25 79.95
-9999 -9999 -9999 -9999 -9999 -9999 -9999 -9999 -9999 116.21 114.45 114.99 114.51 110.01 96.07 82.23 100.05 99.79 99.44 95.56 94.71 92.53 91.98 86.03 68.16 62.71 67.3 66.94 68.29 70.1 71.41 68.45 71.23 74.65 74.64 75.29 73.05 63.8 61.89 56.24 65.31 67.51 73.73 74.78 70.61 68.84 71 67.58 62.97 61.91 61.25 53.48 43.88 53.89 58.39 57.07 53.18 52.88 56.67 64.88 61.69 67.36 66.93 63.41 73.62 77.16 82.14 84.01 86.79 83.73 85.67 85.97 83.39 84.03 85.29
-9999 -9999 -9999 -9999 -9999 -9999 -9999 -9999 118.0968 116.5 115.26 114.47 115.34 108.87 101.36 102.7 103.82 103.99 101.36 99.8 95.06 90.82 73.34 53.11 59.34 66.16 73.49 67.34 70.24 72.7 71.21 68.2 73.21 73.43 69.63 69.84 70.03 66.57 70.81 72.06 72.86 86.21 85.27 78.24 76.76 68.25 66.92 68.66 67.59 62.08 50.08 39.37 38.36 41.25 39.35 46.17 59.02 66.42 72.91 73.48 77.98 81.79 77.82 77.84 83.23 86.65 88.68 85.02 87.66 86.06 85.81 88.77 88.3 85.51 78.38
-9999 -9999 -9999 -9999 -9999 -9999 -9999 -9999 118.6264 117.09 115.91 114.48 115.44 107.76 107.06 110.83 108.2 105.47 102.01 95.97 91.73 73.68 40.95 52.6 75.29 85.27 85.13 75.04 70.69 71.32 67.86 67.47 67.81 68.48 68.95 68.03 60.11 68.27 74.84 88.57 93.26 90.5 81.24 78.19 66.43 45.8 50.79 65.85 61.15 45.93 41.31 40.85 40.62 49.83 51.09 58.7 63.67 60.01 56.84 63.01 82.24 85.49 86.41 88.92 92.84 89.96 89.71 87.28 87.15 90.22 88.3 88.76 88.81 82.47 76.96
-9999 -9999 -9999 -9999 -9999 -9999 -9999 -9999 118.44 117.06 115.53 116.32 116.54 108.94 108.4 111.83 107.87 104.84 101.61 93.46 87.22 77.13 52.35 56.43 87.09 91.08 86.59 82.77 75.55 67.87 65.01 60.6 64.95 67.23 63.91 70.86 75.92 88.19 92.08 95.35 99.24 92.08 86.8 79.42 49.16 35.44 52.85 56.99 48.19 38.92 28.68 34.23 42.76 60.28 55.11 57.03 76.63 88.3 83.81 79.81 80.91 84.75 91.68 95.84 92.55 89.77 91.22 89 87.91 90.6 91.24 91.8 87.94 81.14 79.9
-9999 -9999 -9999 -9999 -9999 -9999 -9999 117.9726 118.52 120.06 119.41 119.75 118.61 112.05 110.98 108.46 106.97 101.32 89.11 76.74 71.51 85.37 89.29 91.13 91.82 89.84 90.94 88.57 84.07 79.83 85.9 87.31 71.13 81.97 87.16 93.19 99.45 94.72 100.36 102.41 102.99 102.27 83.84 59.54 73 57.85 34.84 36.49 39.94 67.84 55.64 62.37 81.78 92.2 86.66 98.68 94.94 90.66 85.65 83.06 91.25 97.15 97.41 93.46 90.16 90.22 92.48 88.66 90.01 90 91.19 91.78 89.21 85.84 83.63
-9999 -9999 -9999 -9999 -9999 -9999 -9999 -9999 121.5568 120.53 119.94 120.06 114.6 112.36 112.77 101.06 91.92 87.11 86.01 80.08 83.58 92.13 88.82 86.69 88.62 92.16 96.6 95.18 92.6 94.02 96.3 94.13 91.19 95.59 106.44 105.99 102.41 100.43 103.97 104.75 104 97.6 82.89 82.27 69.48 82.5 84.93 87.37 93.93 104.74 104.48 103.82 101.33 98.07 96.63 94.25 85.45 81.51 94.13 98.11 99.47 97.5 94.4 91.71 91.56 93.66 90.99 91.22 92.04 89.22 93.3 92.3 87.74 82.65 83.37
-9999 -9999 -9999 -9999 -9999 -9999 -9999 124.8533 120.03 120.6 120.81 113.73 109.81 110.15 93.58 83.91 89.63 94.15 92.9 94.61 97.14 86.59 91.67 86.05 96.38 100.02 98.66 98.63 95.18 92.26 92.88 99.09 100.4 108.26 111.04 108.3 107.71 108.42 110.42 110.15 106.1 101 97.72 95.37 95.37 104.08 106.54 109.56 109.08 108.75 107.66 105.43 103.54 102.43 100.44 96.19 97.48 100.79 101.18 100.39 98.95 97.26 94.76 93.96 94.78 95.94 93.55 95.49 92.85 93.87 95.56 93.08 91.47 90.24 90.55
-9999 -9999 -9999 -9999 -9999 -9999 -9999 130.12 120.46 119.76 119.23 109.19 110.44 107.65 97.65 99.03 102.41 99.27 92.4 90.84 89.65 93.71 103.22 100.73 100.47 102.71 102.04 102.76 100.81 99.75 101.19 102.12 99.84 111.1 111.65 111.38 111.64 112.41 112.03 107.21 103.33 104.49 108.59 110.87 110.84 111.81 110.82 110.57 109.77 108.89 107.86 106.77 105.61 103.36 101.41 103.07 102.45 102.2 101.55 98.58 95.49 94.92 95.82 97.33 97.86 96.04 96.55 98.1 97.25 94.98 90.06 86.53 84.46 83.74 83.72
-9999 -9999 -9999 -9999 -9999 -9999 132.1746 132.2 124.98 117.35 117.88 112.24 112.78 107.81 107.41 107.96 102.28 95.53 91.25 85.05 96.4 104.63 106.98 104.25 102.78 104.33 109.87 108.23 106.65 102.85 103.23 104.48 110.97 111.22 112.11 111.54 110.15 109.47 106.14 101.64 104.84 107.8 111.75 112.7 112.09 111.9 110.7 107.1 108.82 108.32 105.99 103.2 105.03 103.83 104.77 102.16 97.19 98.71 100.07 101.44 100.65 98.99 98.62 99.51 97.17 96 97.04 96.89 95.44 94.16 90.42 87.14 85.83 85.23 84.34
-9999 -9999 -9999 -9999 -9999 -9999 131.2755 131.6 129.18 119.41 112.62 113.18 115.63 110.3 111.76 110.48 108.76 104.54 96.99 95.11 104.86 108.06 106.95 105.55 108.61 112.08 110.89 110.03 106.04 106.39 106.46 110.49 113.5 114.21 114.14 111.3 109.59 107.17 108.89 110.4 109.98 111.26 109.12 109.24 108.66 111.16 107.53 104.79 107.87 105.91 104.77 103.88 106.32 102.83 102.27 100.15 95.62 95.54 96.3 95.17 95.49 99.39 95.55 91.38 90.46 88.73 88.12 89.67 91.2 91.4 91.93 90.96 88.23 87.36 85.7
-9999 -9999 -9999 -9999 -9999 130.9821 129.21 128.95 128.77 122.81 113.99 117.24 118.89 115.29 110.64 113.26 108.6 107.87 105.57 108.27 112.34 110.59 111.72 112.82 111.4 109 109.18 109.69 107.52 111.01 114.52 116.14 112.36 111.5 111.53 113.77 116.01 113.38 110.83 108.49 108.31 108.93 106.65 104.65 100.7 98.52 98.93 100.6 98.63 96.35 97.95 100.38 98.58 97.61 90.87 92.08 90.92 90.41 88.44 89.97 89.35 91.26 88.96 85.65 87.75 85.24 85.57 86.24 86.91 87.48 88.97 89.05 89.34 87.4 87.8
-9999 -9999 -9999 -9999 -9999 131.5976 131.84 127.54 123.38 115.07 114.88 117.15 119.39 120.25 115.53 115.51 111.04 107.86 108.28 112.52 115.02 115.51 116.31 113.12 111.21 110.98 111.67 108.52 112.95 115.44 115.73 114.14 112.12 110.46 109.13 111.22 113.06 113.52 112.58 111.41 110.37 110.46 108.48 106.29 103.79 101.52 98.01 94.25 92.87 85.55 90.47 89.16 94.36 95.35 83.83 83.79 81.28 81.99 80.78 82.06 81.94 86.81 86.38 82.97 81.86 83.37 83.09 83.71 85.87 86.28 88.49 87.99 88.26 87.86 89.6
-9999 -9999 -9999 -9999 -9999 132.2222 130.48 118.83 114.2 116.12 116.28 128.24 124.71 122.76 118.86 116.64 116.02 114.89 115.2 114.79 116.64 113.72 113.67 111.59 112.36 110.43 109.62 106.09 108.99 116.42 118.46 116.21 114.21 113.74 112.15 111.13 111.15 113.95 112.41 112.39 112.69 110.76 108.51 105.38 102.99 100.05 99.29 97.29 83.83 82.39 79.59 88.92 88.78 93.61 91.51 84.85 82.72 81.81 72.63 82.15 73.62 76.44 77.22 78.28 77.85 78.47 80.86 85.58 86.87 87.41 88.08 88.69 88.87 90.11 90.62
-9999 -9999 -9999 134.6429 135.25 131.57 125.71 120.21 122.52 128.38 131.46 133.39 133.72 123.93 123.48 126.1 122.59 122.13 117.92 116.26 113.81 113.56 112.58 110.91 108.07 108.91 108.38 110.71 112.75 113.51 116.44 116.5 116.31 116.43 115.07 113.49 112.26 110.07 110.63 110.09 111.45 110.16 108.17 104.21 101.3 91.27 95.14 94.9 85.19 78.72 91.65 96.14 97.56 95.77 99.73 97.27 96.34 92.19 87.12 88.4 84.12 85.31 86.5 87.18 77.29 71.88 75.59 81.2 84.62 84.83 87.91 89.27 89.74 91.33 91.88
-9999 -9999 135.0156 135.5465 133.71 131.35 127.83 131.77 132.01 131.79 134.62 135.76 134.02 121.49 128.33 124.83 121.08 118.01 116.8 116.72 116.28 114.71 113.12 111.04 105.11 100.86 102.21 108.83 112.77 113.27 112.67 112.25 115.04 111.8 112.59 114.09 113.85 112.33 110.89 109.61 109.62 107.88 105.6 104.64 103.54 95.57 92.18 93.89 96.09 96.48 98.27 103.54 100.72 103.22 103.13 102.85 99.68 95.92 91.77 85.81 82.99 81.11 87.39 84.22 81.21 81.03 77.85 81.08 84.03 82.68 80.89 86.84 90.88 92.45 93.44
-9999 -9999 133.18 132.68 132.68 131.79 131.91 134.13 133.66 134.49 136.72 136.31 132.24 130.54 128.8 128.29 120.02 120.83 120.07 118.76 120.95 120.57 116.46 114.86 111.4 99.59 100.45 114.71 118.28 116.42 115.36 116.67 117.09 113.72 114.41 112.98 111.52 113.04 110.89 108.08 107.69 107.22 105.41 107.77 110.34 107.26 109.6 107.63 106.94 101.66 102.44 106.89 106.01 106.09 97.66 100.07 99.4 95.2 95.02 92.38 91.44 94.1 94.04 89.76 82.94 83.31 85.62 84.74 81.17 82.36 78.67 87.8 92.28 93.7 94.37
-9999 -9999 133.77 132.99 131.99 125.14 132.98 133.99 134.75 137.14 137.33 134.36 133.04 131.99 130.83 129.75 129.81 130.75 120.26 120.51 124.85 123.76 120.99 123.04 122.12 119.78 117.41 117.38 119.46 119.38 116.24 118.66 117.6 115.68 114.37 112.27 111.74 111.12 110.38 109.15 103.41 106.82 113.03 112.64 113.48 112.33 112.65 110.79 111.5 109.61 106.26 106 107.13 105.68 100.83 95.08 96.96 97.26 97.9 94.12 88.5 91.55 96.37 95.22 87.31 86.68 89.36 91.79 91.74 88.01 91.51 94.69 94.98 94.74 93.79
-9999 134.2344 134.02 131.97 127.74 131.18 135.1 134.88 137.64 138.6737 136.55 135.08 133.26 131.98 131.42 131.08 132.26 130.33 128.89 130.05 129.53 127.46 126.39 123.91 123.39 122.59 122.41 120.66 121.22 121.84 119.29 120.29 117.92 117.11 115.84 115.23 115.68 114.7 111.96 112.24 112.91 116.67 116.43 116.26 116.67 115.23 114.86 114.24 113.32 111.68 108.72 108.28 104.48 102.01 101.23 97.81 93.17 97.6 97.82 91.95 88.92 90.41 92.23 94.16 90.27 88.9 92.68 94.53 95.11 95.49 95.52 95.4 94.86 95.13 95.3
-9999 132.17 131.73 129.43 127.09 130.31 137.4894 138.9111 139.0575 138.26 136.15 135.23 133.83 133.87 134.11 133.08 132.41 131.52 130.84 129.92 130.26 129.07 127.42 126.89 125.07 123.66 123.17 123.46 121.42 121.09 122.34 121.34 120.68 120.02 118.74 118.59 118.37 118.04 115.94 113.87 115.56 118.33 118.18 117.99 117.78 116.77 115.29 110.84 109.22 112.17 109.67 107.65 107.86 104.59 102.51 99.74 96.26 94.62 96.79 97.71 97.29 90.2 91.74 96.35 91.76 94.82 95.11 95.1 95.96 96.03 96 95.4 95.39 95.49 94.62
-9999 128.3775 125.05 125.27 124.07 130.7216 138.9367 139.95 139.34 138.36 137.6 137.41 137.67 135.89 134.95 134.2 133.26 133.63 132.21 128.76 128.03 126.48 125.77 125.26 124.33 122.44 119.84 119.89 123.01 122.88 122.78 121.83 121.45 121.05 120.2 120.33 119.91 119.43 118.04 117.06 119.7 119.69 119.02 118.11 116.68 115.8 114.74 113.68 112.31 109.59 108.83 110.5 105.93 98.03 101.35 98.97 98.82 99.18 98.98 94.62 97.63 97.02 95.1 94.7 89.75 91.5 91.27 92.62 92.57 92.33 92.79 93.97 94.94 95.09 93.89
-9999 125.72 123.52 125.86 132.78 136.5167 140.2346 140.41 139.52 138.33 136.81 136.25 135.67 134.11 135.23 133.63 132.11 131.68 130.67 128.6 128.16 126.29 121.73 120.62 121.45 121.86 117.98 119.41 123.58 124.12 122.41 121.18 120.7 121.75 121.08 120.93 120.15 118.57 119.31 119.94 118.87 117.85 117.71 114.98 114.14 112.99 111.6 113.93 111.57 110.38 108.62 109.24 109.54 104.39 106.57 103.6 100.5 98.41 94.33 93.51 97.58 98.32 93.74 93.72 93.36 90.51 88.53 87.4 86.35 86.07 86.56 82.97 86.35 91.65 92.79
125.4321 123.59 124.55 129.51 136.766 -9999 -9999 140.02 139.2 138.3 137.75 136.24 135.03 133.22 132.96 131.33 129.04 128.4 128.18 126.49 126.44 124.71 123.66 119.59 118.13 122.79 123.75 124.87 125.33 123.78 121.14 120.03 119.71 119.72 119.65 119.12 117.22 116.99 118.77 116.28 114.87 113.39 112.88 112.92 108.07 111.41 110.61 113.13 110.19 108.45 105.79 105.22 105.98 111.16 105.59 104.54 104.32 104.83 98.83 97.99 95.01 96.56 97.08 90.8 87 84.96 81.62 84.36 87.24 87.38 87.64 86.27 86.11 86.09 83.37
131.68 130.8732 132.1757 134.5584 138.2 141 141.0112 140.49 139.85 138.21 136.62 135.86 134.98 133.93 131.67 128.55 126.1 124.99 125.22 124.88 124.68 124.81 121.44 121.36 123.33 122.42 126.89 126.64 123.35 122.26 120.08 119.11 119.01 119.18 118.34 118.38 117.22 115.71 116.83 117.8 115.01 111.62 109.58 111.03 110.39 109.58 110.08 108.24 107.04 103.32 104.02 105.36 108.84 110.19 109.02 109.74 108.84 105.54 103.59 101.74 97.3 93.2 90.86 88.16 86.57 83.89 80.04 82.38 89.19 87.97 85.93 87.1 86.62 87.02 89.42
-9999 -9999 -9999 137.2027 139.6494 140.8929 140.24 139.94 140.19 139.47 138.01 136.65 135.16 131.33 128.54 127.45 125.02 123.5 123.82 126.04 126.43 126.8 126.48 124.19 125.65 127.33 126.56 126.25 122.57 119.32 116.64 116.49 117.21 116.93 116.37 116.84 115.53 114.41 114.44 115.66 113.51 111.23 108.25 107.34 110.02 106.15 106.55 103.47 105.21 107.69 109.38 109.98 109.96 109.3 104.13 108.5 105.76 101.14 101.4 99.45 95.62 87.25 84.96 85.79 84.71 85.07 87.6 89.27 84.44 89.4 85.81 86.57 86.07 86.51 83.74
-9999 -9999 -9999 -9999 138.65 138.5 136.7374 139.9529 141.5165 140.7473 137.81 137.73 136.17 131.51 130.05 128.6 125.66 125.78 127.04 126.47 127.5 127.71 126.7 124.82 124.91 126.84 128.04 125.33 122.65 118.09 115.65 113.25 109.29 111.35 108.84 114.1 113.96 111.38 111.68 113.4 115.15 107.65 107.58 107.76 109.79 104.1 101.66 104.37 105.5 109.3 108.05 107 106.41 107.4 106.78 107.58 107.82 106.85 102.29 93.7 89.55 87.98 86.18 86.95 92.1 90.68 88.28 89.79 90.56 87.53 86.93 85.89 84.51 83.89 83.24
-9999 -9999 -9999 -9999 135.6914 134.0286 -9999 142 -9999 141.1282 139.9 138.45 137.18 136.36 133.24 131.29 131.16 129.75 128.59 127.41 128.33 128.78 127.08 126.73 126.85 128.15 128.5 126.05 123.3 120.28 116.3 112.49 106.23 105 104.91 108.51 112.72 108.41 108.82 110.78 113.35 111.93 109.25 106.65 107.12 104.68 105.17 106.57 105.38 104.49 106.52 105.04 104.73 106.46 104.47 103.45 103.46 103.7 104.52 102.01 92.01 80.41 80.46 81.45 83.2 91.97 96.13 88.13 82.12 77.91 76.89 85.26 85.65 86.78 87.95
-9999 -9999 -9999 -9999 -9999 -9999 -9999 -9999 141.7143 140.6735 139.9789 140.19 138.69 136.25 135.97 131.34 130.84 130 128.31 124.78 126.31 127.06 128.43 128.12 129.24 129.99 127.75 126.35 123.9 120.08 118.15 112.66 109.12 116.06 113.3 111.83 108.85 108.68 107.73 106.92 109.19 109.77 106.68 108.51 106.71 106.54 106.82 105.4 104.07 104.56 103.9 101.78 102.94 103.68 103.27 101.85 101.15 101.86 100.81 100.29 97.99 92.14 93.76 89.12 88.14 88.48 99.89 91.3 91.09 89.26 84.34 87.65 88.28 93.02 95.8
-9999 -9999 -9999 -9999 -9999 -9999 -9999 -9999 -9999 139.88 138.01 137.62 138.49 138.01 137.99 134.98 132.71 129.65 128.05 127.65 125.62 122.91 125.85 128.8 129.79 130.16 128.13 127.49 124.94 122.79 119.68 116.55 118.12 118.23 116.17 115.41 112.36 110.02 107.17 106.2 105.55 105.98 105.91 106.42 106.67 105.87 107.31 105.15 104.59 107.38 106.74 106.52 101.85 98.25 103.27 104.29 101.29 102.05 101.15 101.05 98.79 92.34 90.55 98.05 93 95.83 101.48 100.19 99.19 100.75 99.8 99.42 103.23 104.54 101.73
