layers/wordclim/future/Iberia_wcB2a_10_hadcm3_2080/bio_04.asc
ncols         166
nrows         93
xllcorner     -9.4959440078468
yllcorner     36.000324005443
cellsize      0.083333337679505
NODATA_value  -9999
[rows 31 to 61 of 93, columns 0 to 69 of 166]
-9999 -9999 -9999 -9999 -9999 -9999 -9999 -9999 -9999 -9999 4058.86 4215.42 4411.82 4638.27 4831.68 4980.94 5174.18 5355.84 5518.34 5660.53 5801.1 5952.78 6051.64 6170.45 6281.92 6358.69 6457.05 6517.97 6587.49 6686.32 6768.47 6836.74 6900.7 6974.4 7036.56 7104.08 7180.39 7224.24 7272.18 7343.57 7384.11 7416.2 7458.05 7497.26 7508.51 7504.58 7490.19 7472.87 7472.45 7461.71 7494.14 7515.77 7551.77 7577.42 7599.11 7629.87 7652.27 7679.32 7687.8 7720.03 7743.56 7763.36 7791.83 7825.77 7836.81 7849.09 7834.09 7826.03 7822.26 7771.92
-9999 -9999 -9999 -9999 -9999 -9999 -9999 -9999 -9999 -9999 4015.31 4227.22 4370.26 4583.13 4781.94 5010.06 5241.67 5402.3 5561.29 5694.63 5845.55 5965.84 6076.87 6182.06 6289.07 6375.96 6487.33 6564.45 6611.36 6698.05 6768.83 6853.69 6918.93 7015.08 7066.41 7130.29 7213.94 7253.63 7313.47 7361.79 7399.94 7451.25 7500.24 7527.81 7554.32 7545.42 7516.5 7474.24 7457.47 7472.55 7511.69 7538.58 7567.26 7596.83 7631.48 7652.95 7671.16 7710.6 7714.24 7739.48 7770.6 7801.16 7846.32 7875.62 7898.98 7881.85 7836.98 7681.24 7682.98 7685.82
-9999 -9999 -9999 -9999 -9999 -9999 -9999 -9999 -9999 -9999 3936.151 4196.19 4423.34 4638.14 4824.61 5011.68 5221.86 5412.6 5544.12 5697.85 5811.89 5930.72 6073.28 6200.42 6285.19 6356.67 6479.68 6578.16 6644.99 6740.18 6821.8 6881.51 6969.62 7021.59 7096.8 7156.48 7233.74 7289.75 7331.63 7393.88 7449.35 7475.3 7519.88 7544.88 7573.23 7591.95 7558.56 7468.21 7436.51 7482.67 7526.14 7563.13 7589.33 7616.52 7637.97 7666.74 7702.17 7727.44 7747.67 7762.1 7790.45 7835.76 7888.93 7937.18 7944.51 7892.9 7643.77 7585.7 7777.54 7893.74
-9999 -9999 -9999 -9999 -9999 -9999 -9999 -9999 -9999 -9999 3848.143 4124.26 4394.88 4682.85 4953.4 5109.74 5261.41 5390.91 5558.97 5716.54 5845.32 5939.5 6066.93 6184.5 6290.73 6377.13 6489.89 6598.45 6676.07 6749.36 6836.01 6914.37 6996.85 7072.38 7112.5 7189.09 7258.04 7314.8 7360.93 7411.75 7475.93 7508.4 7550.65 7573.35 7592.92 7609.21 7562.67 7514.89 7494.24 7532.01 7555.13 7589.97 7616.98 7635.27 7662.22 7695.13 7722.08 7743.76 7753.44 7758.5 7793.85 7839.96 7900.58 7934.92 7916.17 7831.63 7584.74 7828.62 7757.94 7844.53
-9999 -9999 -9999 -9999 -9999 -9999 -9999 -9999 -9999 -9999 3782.652 4039.92 4345.65 4725.13 4863.94 5065.11 5228.31 5361.35 5542.82 5710.34 5847.94 5965.26 6092.83 6199.83 6292.86 6392.9 6515 6601.55 6698.63 6780.24 6856.05 6937.56 7012.28 7075.35 7144.7 7214.75 7275.33 7339.12 7400.86 7433.53 7503.3 7524.77 7561.19 7592.87 7597.97 7592.91 7592.15 7574.57 7562.59 7579.25 7598.13 7630.54 7657.54 7663.31 7691.13 7713.54 7722.57 7752.28 7755.62 7757.79 7771.82 7820.07 7872.67 7832.35 7645.97 7633.78 7587.53 7701.9 7940.37 8053.52
-9999 -9999 -9999 -9999 -9999 -9999 -9999 -9999 -9999 3510.594 3734.804 4025.29 4280.4 4550.91 4868.16 5038.49 5225.22 5376.06 5575.46 5715.22 5843.84 5980.81 6101.43 6223.04 6324.71 6424.85 6540.76 6624.13 6709.34 6787.09 6880.48 6950.51 7037.94 7104.78 7165.99 7234.6 7308.88 7355.47 7412.06 7473.96 7509.5 7554.87 7573.49 7592.57 7608.42 7632.39 7639.13 7625.37 7627.08 7629.66 7648.47 7668.31 7669.33 7684.04 7690.43 7707.48 7702.99 7727.82 7718.17 7738.02 7724.61 7760.27 7761.23 7776.1 7850.81 7974.26 8002.54 8067 8104.34 8097.62
-9999 -9999 -9999 -9999 -9999 -9999 -9999 -9999 -9999 3513.892 3762.804 4021.49 4244.54 4565.44 4855.12 5115.39 5288.52 5405.8 5559.18 5694.59 5848.48 5994.36 6108.89 6242.79 6355.09 6443.01 6546.67 6603.75 6704.34 6799.21 6891.2 6964.75 7039.97 7130.48 7199.88 7261.57 7332.05 7376.22 7438.04 7489.34 7514.54 7562.14 7593.77 7627.77 7655.03 7668.97 7672.89 7674.75 7669.73 7677.4 7678.95 7690 7684.85 7696.47 7714.62 7727.01 7749.76 7769.98 7739.28 7728.79 7745.43 7749.03 7785.75 7760.63 7954.07 8082.1 8060.92 8095.76 8169.89 8185.45
-9999 -9999 -9999 -9999 -9999 -9999 -9999 -9999 -9999 3588.76 3823.73 4048.32 4275.04 4558.03 4887.7 5127.5 5219.23 5387.62 5549.2 5710.8 5845.41 6004.32 6127.37 6247.13 6300.93 6389.33 6498.7 6608.16 6721.4 6811.71 6906.68 6991.48 7067.87 7152.88 7216.46 7290.27 7348.29 7393.11 7439.22 7443.59 7533.02 7587.93 7620.93 7663.62 7678.78 7689.96 7706.39 7723.23 7702 7732.19 7731.05 7714.45 7711.16 7747.45 7757.82 7770.84 7753.68 7768.86 7783.98 7867.19 7853.35 7932.43 7962.3 7969.81 8089.91 8139.11 8171.22 8199.6 8218.38 8215.14
-9999 -9999 -9999 -9999 -9999 -9999 -9999 -9999 3525.032 3699.52 3908.13 4145.52 4340.98 4633.95 4902.96 5059.01 5228.81 5384.08 5567.47 5715.83 5875.95 6016.44 6107.21 6121.9 6259.43 6415.41 6552.89 6615.52 6732.85 6839.61 6920.71 6994.68 7090.61 7168.16 7232.96 7305.1 7367.35 7422.86 7461.33 7515.99 7569.45 7633.36 7682.14 7689.72 7719.73 7712.18 7735.26 7763.25 7784.43 7764.86 7743.33 7733.97 7733.97 7742.23 7754.3 7780.43 7837.31 7897.74 7962.42 7982.31 8029.57 8109.52 8095.17 8127.75 8179.69 8219.95 8235.56 8234.34 8250.15 8239.27
-9999 -9999 -9999 -9999 -9999 -9999 -9999 -9999 3598.912 3789.54 3998.63 4245.19 4430.11 4716.4 4916.58 5040.29 5241.85 5410.96 5577.04 5764.64 5904.78 5978.84 5991.65 6142.18 6372.05 6506.18 6608.21 6678.99 6754.29 6842.92 6921.57 7017.06 7098.28 7172.11 7253.1 7317.17 7352.42 7434.98 7492.24 7554.82 7621.48 7648.97 7707.96 7708.83 7713.67 7665.65 7711.88 7796.56 7806.9 7771.31 7757.67 7773.88 7787.15 7817.65 7844.28 7878.28 7916.04 7909.3 7902.29 7962.07 8122.38 8172.35 8207.53 8240.64 8268.28 8267.5 8280.89 8260.69 8273.55 8324.45
-9999 -9999 -9999 -9999 -9999 -9999 -9999 -9999 3674.6 3872.52 4098.13 4311.67 4512.91 4789.13 4959.64 5093.46 5288.69 5457.28 5609.68 5781.91 5934.17 6013.78 6049.22 6178.49 6451.49 6549.14 6631.66 6724.09 6797.27 6838.64 6925.25 6989.51 7097.05 7183.58 7247.15 7336.64 7410.23 7480.64 7539.48 7589.94 7625.28 7689.17 7738.34 7761.42 7683.67 7676.46 7752.16 7794.58 7798.36 7786.33 7774.66 7795.72 7831.5 7903.28 7911.61 7924.25 8024.5 8117.93 8124.78 8125.72 8157.52 8208.86 8259.98 8298.2 8306.01 8321.66 8331.32 8323.92 8328.59 8366.43
-9999 -9999 -9999 -9999 -9999 -9999 -9999 3584.507 3740.46 3899.4 4116.67 4323.99 4559.28 4820.46 4998.24 5156.47 5331.61 5486.26 5658.39 5780.34 5900.82 6069.62 6223.99 6352.58 6479.52 6569.97 6668.59 6755.03 6842.99 6924.58 7009.89 7092.61 7128.6 7229.97 7313.05 7367.33 7447.3 7508.19 7571.75 7606.62 7650.11 7704.34 7750.1 7731.44 7795.79 7774.67 7732.92 7763.69 7804.7 7908.62 7905.36 7932.19 8001.88 8064.19 8064.55 8124.91 8139.12 8173.07 8181.94 8201.44 8258.86 8293.02 8318.6 8349.62 8364.65 8381.87 8388.19 8390.27 8403.15 8405.25
-9999 -9999 -9999 -9999 -9999 -9999 -9999 -9999 3753.557 3956.5 4170.97 4381.24 4650.43 4856.49 5009.35 5190.56 5390.61 5526.68 5672.48 5812.79 5955.68 6109.05 6246.42 6359.49 6488.54 6601.99 6696 6785.05 6880.33 6956.85 7038.27 7112.87 7181.66 7253.31 7318.56 7384.64 7461.74 7529.46 7587.88 7625.81 7672.45 7742.44 7770.88 7823.78 7809.57 7877.85 7898.36 7935.63 7966.72 8005.69 8029.07 8059.59 8094.38 8112.1 8144.05 8167 8167.55 8180.96 8248.45 8278.31 8311.18 8347.42 8373.36 8392.25 8418.01 8432.98 8445.58 8453.38 8455.15 8446.33
-9999 -9999 -9999 -9999 -9999 -9999 -9999 3619.813 3812.05 3995.54 4200.32 4465.89 4693.52 4883.91 5084.27 5242.6 5403.93 5539.06 5685.12 5840.63 5990.22 6100.48 6264.67 6379.5 6536.03 6644.79 6731.68 6813.48 6900.45 6970.03 7051.16 7124.29 7185.45 7246.3 7324.1 7393.72 7462.54 7534.97 7590.96 7631.4 7686.2 7769.03 7815.68 7863.21 7900.33 7905.14 7935.53 7970.25 7997.94 8035.42 8059.41 8099.16 8138.12 8169.95 8180.26 8214.12 8249.68 8268.88 8302.37 8321.82 8358.48 8394.48 8426.18 8441.56 8475.99 8494.02 8499.06 8507.31 8495.48 8488.09
-9999 -9999 -9999 -9999 -9999 -9999 -9999 3648.13 3854.64 4031.98 4248.18 4515.82 4696.63 4891.97 5085.79 5239.66 5397.2 5542.79 5690.7 5847.37 5985.38 6132.03 6294.79 6455.1 6574.7 6663.11 6738.18 6806.14 6901.22 6983.59 7054.27 7126.83 7202.37 7265.78 7327.08 7410.94 7476.57 7541.33 7597.93 7678.69 7731.9 7781.72 7818.52 7853.81 7910.56 7912.43 7953.43 7994.67 8042.34 8068.58 8097.64 8124.09 8168.29 8195.21 8221.66 8252.53 8287.91 8315.8 8343.08 8365.9 8390.84 8427.69 8468.54 8504.84 8536.94 8552.87 8548.38 8542.47 8525.68 8510.7
-9999 -9999 -9999 -9999 -9999 -9999 3515.905 3649.38 3882.04 4087.78 4280.94 4490.99 4675.22 4895.15 5049.9 5196.39 5389.25 5558.48 5696.67 5833.1 6003.73 6143.82 6297.16 6467.31 6599.54 6676.78 6694.86 6796.91 6869.92 6975.87 7056.67 7124.57 7208.2 7278.41 7353.81 7423.05 7504.37 7570.34 7636.65 7714.21 7763.24 7799.95 7827.15 7882.31 7918.45 7950.92 7986.63 8043.66 8071.21 8111.95 8144.84 8176.05 8197.2 8235.01 8256.11 8293.31 8312.45 8347.01 8372.83 8395.92 8425.35 8464.47 8492.57 8524.55 8566.07 8597.24 8588.65 8575.34 8558.12 8529.41
-9999 -9999 -9999 -9999 -9999 -9999 3514.908 3679.56 3890.38 4118.45 4334.57 4494.22 4657.64 4882.27 5019.08 5189.37 5363.5 5527.01 5686.19 5843.53 5985.86 6129.16 6292.88 6447.52 6533.96 6594.19 6688.79 6781.37 6887.44 6968.47 7044.92 7126.39 7202.49 7278.87 7352.95 7436.64 7511.79 7597.7 7637.2 7708.32 7772.19 7809.9 7866.1 7912.98 7960.62 7980.42 8038.96 8069.48 8110.97 8137.43 8170.33 8208.16 8217.83 8265.36 8289.08 8311.82 8359.75 8386.46 8412.28 8441.1 8464.86 8485.18 8527.01 8551.68 8574.09 8570.48 8568.44 8570.2 8566.49 8542.7
-9999 -9999 -9999 -9999 -9999 3392.125 3547.22 3730.55 3910.05 4149.16 4335.43 4474.3 4641.52 4845.66 5033.4 5166.32 5359.46 5506.55 5661.04 5810.49 5926.65 6088.08 6231 6352.54 6483.69 6610.18 6691.91 6772.36 6862.03 6948.57 7023.67 7123.75 7222.42 7286.36 7380.9 7440.42 7508.13 7597.54 7671.15 7732.62 7788.16 7843.91 7885.54 7945.44 8011.02 8045.39 8062.15 8099.56 8153.57 8190.02 8201.9 8247.7 8276.77 8293.06 8323.71 8353.36 8384.28 8411.5 8421.09 8455.24 8483.44 8511.78 8533.59 8548.7 8569.49 8563 8564.47 8570.24 8561.87 8549.65
-9999 -9999 -9999 -9999 -9999 3387.183 3548.55 3766.73 3992.49 4250.14 4354.58 4485.99 4648.78 4796.48 4987.55 5148.13 5338.04 5492.49 5635.3 5760.44 5885.96 6032.6 6157.87 6314.32 6442.18 6556.53 6634.52 6744.58 6841 6926.83 7020.36 7113.36 7208.93 7297.37 7382.48 7459.03 7528.91 7600.64 7682.41 7745.24 7802.93 7860.74 7913.32 7966.31 8016.75 8057.39 8100.39 8139.15 8171.67 8209.07 8232.57 8274.86 8303.07 8320.53 8333.08 8362.18 8384.34 8406.98 8426.62 8450.23 8483.95 8517.38 8536.7 8544.39 8552.31 8562.09 8558.7 8574.76 8558.86 8553.3
-9999 -9999 -9999 -9999 -9999 3395.263 3579.68 3893.35 4114.87 4264.45 4393.82 4453.84 4616.48 4775.51 4962.09 5135.27 5290.81 5447.06 5593.26 5721.97 5847.97 6013.44 6136.79 6281.69 6392.2 6516.64 6607.47 6725.67 6821.85 6905.88 7006.45 7095.46 7193.57 7279.17 7370.88 7459.77 7542.59 7614.86 7690.09 7758.36 7812.83 7865.19 7931.25 7992.6 8042.84 8085.22 8105.82 8155.69 8191.19 8223.02 8253.2 8295.82 8316.22 8351.86 8371.75 8391.02 8408.08 8423.26 8402.63 8484.57 8459.52 8487.53 8520.78 8527.33 8544.15 8550.48 8563.28 8577.29 8573.19 8566.4
-9999 -9999 -9999 3085.667 3219.77 3440.95 3673.37 3918.51 4056.96 4176.5 4297.32 4443.3 4603.74 4781.85 4925.95 5072.66 5228.9 5380.03 5552.66 5698.78 5845.9 5968.89 6106.3 6222.08 6328.62 6437.48 6560.62 6676.35 6791.88 6893.75 6984.86 7082.59 7174.83 7254.57 7355.77 7460.6 7546.14 7623.53 7704.77 7769.78 7831.97 7876.32 7932.85 8000.93 8053.91 8099.03 8128.17 8166.46 8206.82 8231.51 8290.45 8315.33 8337.21 8373.86 8398.37 8430.29 8444.03 8464.31 8485.9 8511.42 8522.8 8540.86 8566.96 8580.67 8556.25 8525.64 8544.42 8572.95 8584.38 8564.88
-9999 -9999 2898.094 3074.616 3279.2 3487.66 3705.22 3834.82 4004.74 4175.07 4304.81 4451.78 4624.28 4821.8 4956.65 5104.25 5238.84 5403.3 5529.8 5663.89 5793.97 5945.36 6070.46 6174.44 6270.55 6355.44 6489.2 6629.63 6751.13 6855.82 6971.07 7081.17 7153.37 7265.55 7361.02 7444.06 7522.01 7618.75 7698.9 7768.93 7827.14 7895.07 7943.82 8020.16 8040.79 8097.21 8147.74 8176.68 8224.45 8264.64 8300.43 8326.98 8351.99 8376.43 8406.15 8427.46 8451.03 8485.31 8513.69 8520.28 8524.8 8542.49 8573.93 8567.2 8576.11 8576.64 8562.91 8572.91 8580.49 8566.58
-9999 -9999 2979.22 3162.29 3362.1 3545.5 3724.23 3875.17 4042.26 4184.8 4307.94 4476.6 4660.25 4812.04 4959.16 5091.59 5246.56 5377.39 5497.04 5639.02 5757.33 5891.46 6010.63 6135.34 6245.71 6322.87 6450.46 6602.16 6719.95 6829.6 6956.87 7053.78 7139.56 7243.56 7343.32 7430.98 7505.96 7604.75 7695.09 7750.25 7822.1 7896.44 7944.19 7998.96 8046.55 8089.89 8134.85 8191.49 8222.61 8279.88 8298.35 8329.01 8361.12 8389.76 8430.61 8446.67 8465.24 8501.98 8521.24 8539.64 8555.4 8574.38 8579.18 8579.65 8584.82 8585.83 8575.19 8566.08 8567.23 8552.31
-9999 -9999 3074.87 3254.06 3455.2 3688.01 3788.35 3938.37 4094.05 4211.25 4343.5 4522.31 4668.42 4812.63 4954.39 5082.45 5227.56 5353.32 5485.47 5604.99 5735.58 5858.4 5982.43 6109.62 6222.92 6324.64 6452.94 6587.55 6714.34 6820.54 6932.38 7030.42 7118.84 7224.55 7325.62 7407.75 7498.04 7591.76 7680.54 7745.82 7818.32 7886.1 7923.56 7970.72 8020 8080.3 8128.28 8175.14 8220.92 8257.68 8295.52 8340.38 8369.82 8393.75 8423.63 8462.88 8498.45 8509.67 8515.61 8522.25 8545.14 8577.12 8568.82 8560.26 8582.42 8578.58 8568.79 8563.49 8552.86 8548.5
-9999 3061.141 3188.54 3371.2 3603.1 3722.56 3853.64 3998.51 4124.3 4246.547 4386.85 4544.72 4698.4 4826.36 4950.06 5078.98 5199.17 5327.02 5461.34 5576.5 5707.88 5825.71 5952.92 6081.6 6194.68 6313.83 6437.93 6567.32 6677.61 6801.67 6918.79 6996.95 7107.73 7198.91 7291.14 7378.82 7465.32 7554.31 7647.51 7707.89 7790.91 7833.35 7893.04 7950.02 8008.19 8062.96 8099.16 8161.49 8201.52 8251.99 8301.67 8343.33 8368.96 8415.72 8434.13 8470.58 8510.21 8497.24 8524.23 8551.7 8565.6 8569.03 8563.37 8571.8 8583.01 8578.19 8558.15 8543.03 8537.7 8541.81
-9999 3169.24 3332.65 3526.2 3722.52 3840.9 3915.628 4035.5 4178.977 4287.39 4433.67 4583.02 4708.19 4819.74 4931.62 5068.18 5195.98 5303.44 5434.21 5557.9 5670.41 5801.05 5927.42 6061.25 6176.44 6295.39 6435.15 6549.79 6676.04 6799.07 6889.3 6974.3 7070.36 7158.97 7252.12 7335.66 7419.8 7523.07 7612.8 7705.61 7754.34 7820.71 7867.14 7936.64 7986.19 8047.59 8116.91 8164.5 8210.17 8258.9 8305.7 8341.33 8368.61 8404.51 8441.63 8468.42 8501.11 8512.26 8531.68 8547.89 8562.56 8583.81 8572.14 8572.67 8580.19 8548.11 8545.71 8544.11 8527.63 8528.26
-9999 3308.123 3507.3 3668.71 3849.77 3935.814 3992.658 4109.44 4224.93 4341.05 4460.88 4597.98 4695.67 4813.68 4941.94 5067.85 5189.55 5284.06 5417.69 5538.88 5652.28 5786.69 5914.83 6029.4 6147.15 6280.41 6423.71 6544.57 6660.01 6788 6887.14 6944.57 7013.46 7114.82 7212.99 7301.48 7405.37 7483.12 7583.08 7661.01 7720.36 7794.49 7859.31 7922.37 7991.98 8059.53 8103.83 8156.78 8223.77 8255.51 8308.07 8331.6 8368.1 8420.74 8443.73 8472.28 8493.95 8514.17 8541.43 8559.92 8556.47 8558.38 8572.05 8565.44 8578.7 8547.44 8543.76 8542.93 8546.99 8539.04
-9999 3421.37 3612.42 3771.35 3904.47 3975.083 4072.099 4168.19 4280.07 4385.6 4500.49 4628.91 4728.06 4840.97 4942.94 5064.71 5174.23 5288.57 5405.55 5532.67 5644.86 5778.75 5906.74 6038.21 6155.66 6277.68 6400.77 6523.45 6654.01 6776.04 6891.31 6933.83 6994.38 7070.72 7187.29 7271.45 7373.44 7466.04 7549.19 7630.74 7708.25 7789.29 7848.31 7918.62 7988.47 8048.68 8114.91 8157.04 8216.99 8259.9 8306.72 8327.99 8357.82 8403.55 8436.11 8470.55 8495.43 8513.38 8542.41 8556.21 8558.08 8570.35 8573.82 8578.23 8570.7 8568.73 8552.01 8549.5 8553.57 8550.82
3352.617 3511.22 3657.01 3857.62 3989.277 -9999 -9999 4233.41 4329.08 4425.62 4527.44 4643.33 4746.42 4847.59 4958.84 5077.45 5177.95 5293.05 5394.99 5511.82 5635.2 5753.3 5892.6 6018.05 6136.53 6248.3 6370.71 6488.57 6615.36 6728.43 6848.08 6910.83 6991.71 7082.45 7164.17 7257.09 7360.86 7454 7534.52 7636.67 7706.18 7792.76 7852.96 7917.58 8001.12 8049.06 8120.12 8141.26 8219.09 8241.27 8297.49 8338.61 8370.01 8387.53 8424.78 8462.23 8489.19 8499.92 8535.37 8551.38 8559.81 8571.36 8570.04 8578.46 8585.64 8569.19 8583.65 8569.54 8550.83 8544.2
3356.62 3502.042 3658.284 3881.273 4009 4093.667 4165.854 4257.77 4339.88 4447.98 4556.14 4662.21 4742.75 4847.57 4981.8 5089.11 5183.17 5285.65 5386.68 5493.63 5609.86 5740.65 5869.35 5990.4 6100.2 6228.51 6344.81 6449.37 6593.6 6704.33 6807.28 6892.7 6975.46 7052.6 7162.42 7257.61 7350.64 7439.98 7520.14 7606.73 7689.4 7768.84 7846.02 7910.97 7976.1 8031.54 8096.6 8151.97 8196.22 8246.7 8299.92 8321.12 8355.82 8379.38 8404.86 8450.11 8461.42 8494.56 8519.05 8540.09 8563.86 8580.55 8570.76 8573.59 8577.06 8599.22 8606.86 8588.35 8554.28 8564.61
-9999 -9999 -9999 3872.662 3968.805 4091.738 4186.34 4277.06 4347.08 4431.1 4552.84 4655.4 4749.4 4879.48 4997.84 5086.35 5191.51 5297.69 5381.5 5471.81 5591.66 5708.55 5837.5 5972.69 6078.68 6183.72 6304.03 6424.75 6552.73 6670.24 6789.84 6884.76 6962.94 7051.01 7139.33 7215.83 7324.88 7426.75 7511.62 7589.42 7667.34 7741.91 7836.01 7917.08 7948.2 8043.83 8099.55 8130.98 8185.35 8222.63 8273.03 8304.52 8346.29 8365.05 8410.28 8432.05 8449.84 8497.67 8523.71 8543.34 8548.86 8566.93 8579.41 8580.84 8586 8592.87 8593.44 8576.51 8587.62 8569.4
