layers/wordclim/future/Iberia_wcB2a_10_hadcm3_2080/bio_11.asc
ncols         166
nrows         93
xllcorner     -9.4959440078468
yllcorner     36.000324005443
cellsize      0.083333337679505
NODATA_value  -9999
[rows 0 to 32 of 93, columns 0 to 75 of 166]
-9999 -9999 -9999 -9999 -9999 -9999 -9999 -9999 -9999 -9999 -9999 -9999 -9999 -9999 -9999 -9999 -9999 103.6098 92.31944 105.194 103.7879 100.9659 103.4348 102.5 -9999 -9999 -9999 -9999 -9999 -9999 -9999 -9999 -9999 -9999 -9999 -9999 -9999 -9999 -9999 -9999 -9999 -9999 -9999 -9999 -9999 -9999 -9999 -9999 -9999 -9999 -9999 -9999 -9999 -9999 -9999 -9999 -9999 -9999 -9999 -9999 -9999 -9999 -9999 -9999 -9999 -9999 -9999 -9999 -9999 -9999 -9999 -9999 -9999 -9999 -9999 -9999
-9999 -9999 -9999 -9999 -9999 -9999 -9999 -9999 -9999 -9999 -9999 -9999 -9999 -9999 -9999 -9999 106.1061 103.2105 98.43 102.42 93.95 91.57 99.31313 90.12 91.35 98.03093 -9999 -9999 -9999 -9999 -9999 -9999 -9999 -9999 -9999 -9999 -9999 -9999 -9999 -9999 -9999 -9999 -9999 105.8281 106.5769 -9999 -9999 -9999 -9999 -9999 -9999 -9999 -9999 -9999 -9999 -9999 -9999 -9999 -9999 -9999 -9999 -9999 -9999 -9999 -9999 -9999 -9999 -9999 -9999 -9999 -9999 -9999 -9999 -9999 -9999 -9999
-9999 -9999 -9999 -9999 -9999 -9999 -9999 -9999 -9999 -9999 -9999 -9999 -9999 -9999 108 108.979 106.1212 102.79 98.4 90.41 84.45 85.26 88.2 80.16 95.51 101.23 101.1158 99.16456 98.90141 103.6727 102.2875 101.6667 98.52631 102.8831 95.88608 99.75758 98.80822 94.5 92.625 96.3299 98.66666 101.0476 103.6566 104.33 103.01 106.4545 105.9672 101.6 100.3051 -9999 -9999 -9999 -9999 -9999 -9999 -9999 -9999 -9999 -9999 -9999 -9999 -9999 -9999 -9999 -9999 -9999 -9999 -9999 -9999 -9999 -9999 -9999 -9999 -9999 -9999 -9999
-9999 -9999 -9999 -9999 -9999 -9999 -9999 -9999 -9999 -9999 -9999 -9999 -9999 -9999 -9999 -9999 101.0505 92.55 88.64 90.98 84.78 76.82 72.38 70.75 80.74 92.17 97.07 89.82 98.58 97.72727 88.2 83.76 82.28 91.5 75.91 85.16 89.93 84.72 75.91 90.51 98.78788 93.02 92.61 98.06 100.4 99.95 93.24 91.11 99.96 96.99 94.84 91.4359 100.0128 101.983 100.98 -9999 -9999 -9999 -9999 -9999 -9999 -9999 -9999 -9999 -9999 -9999 -9999 109.9178 -9999 108.4127 104.7604 106.4138 105.1304 -9999 -9999 -9999
-9999 -9999 -9999 -9999 -9999 -9999 -9999 -9999 -9999 -9999 -9999 -9999 -9999 -9999 109.6269 108.125 100.94 92.57 89.55 85.14 86.63 83.72 81.99 75.36 78.12 79.7 84.26 90.47 88.96 76.27 65.5 72.02 80.3 75.33 69.64 81.98 72.85 65.92 79.68 90.02 92.59 98.4 99.61 94.83 97.16 95.63 92.16 91.68 91.21 91.71 91.78 98.89 99.44 90.12 89.06 86.18 79.03 89.24468 95.91358 102.6849 104.9351 106.3974 104.4861 101.7349 104.0102 108.28 106.71 106.71 104.1354 106.51 100.24 100.71 103.5952 98.13 97.25843 102.2037
-9999 -9999 -9999 -9999 -9999 -9999 110.4444 112.0625 109.8784 -9999 107.6487 106.9036 106.41 109.5556 109.1 -9999 100 92.44 84.28 85.09 86.73 87.15 85.92 86.97 83.24 82.82 81.15 87.1 71.98 66.82 68.25 80.5 74.25 59.33 60.22 73.33 79.36 78.25 71.08 77.39 75.13 76.55 83.11 90.82 90.32 89.57 84.5 74.37 72.03 79.16 69.18 77.77 84.55 71.18 61.73 66.47 75.8 69.83 84.33 82.32 91.73 89.14 92.1 94.69 91.77 97.89 98.32 97.79 88.61 81.09 84.04 87.02 94.6 87.75 86.76 86.58
-9999 -9999 -9999 -9999 -9999 -9999 108.274 108.7 107.7 108.12 104.05 95.25 97.22 100.22 104.51 102.84 94.46 90.44 85.47 86.51 85.59 88.32 87.41 88.42 86.83 82.88 76.9 79.21 72.86 67.94 73.89 79.18 62.75 53.31 65.86 71.91 69.84 55.07 59.29 55.78 54.43 69.7 46.14 68.05 83.51 71.01 66.71 71.25 67.01 64.29 46.17 59.05 62.05 44.46 13.9 32.1 23.31 29.34 68.68 59.43 68.69 77.09 80.93 74.18 81.64 89.65 84.38 83.73 82.56 63.47 49.76 69.13 82.59 84.03 81.29 87.76
-9999 -9999 -9999 -9999 112.7742 107.03 106.26 100.65 97.59 97.91 93.74 94.73 96.34 94.89 96.12 92.67 88.84 88.44 85.64 86.7 85.51 85.83 88.64 87.17 84.51 79.38 72.76 76.15 63.08 66.71 63.21 71.47 60.8 53.65 61.55 64.09 50.82 38.27 51.74 40.02 47.49 41.82 56 56.49 67.99 56.97 57.49 56.4 43.29 37.08 43.15 37.62 31.92 43.98 26.98 19.7 29.38 58.19 71.59 64.24 37.7 51.94 58.78 60.12 62.25 78.45 64.95 74.76 69.5 47.34 41.91 49.89 56.75 68.59 85.55 84.86
-9999 -9999 -9999 112.3093 108.48 100.99 100.09 97.37 96.45 94.52 95.46 95.95 98.76 97.54 96.44 95.33 92.58 87.92 80.33 82.53 85.94 84.67 85.88 84.49 79.76 76.46 69.18 66.2 71.17 68.36 74.99 71.82 55.22 45.16 56.29 42.55 42.27 21.95 20.11 23.64 13.04 23.19 16.68 43.02 53.52 25.9 23.19 29.91 21.79 18.31 30.66 23.48 32.98 37.53 26.19 27.35 14.39 19.67 31.78 43.67 36.87 20.24 31.87 48.81 53.59 56.95 55.97 58.23 55.39 56.36 62.93 64.16 64.82 64.29 67.84 63.62
-9999 -9999 -9999 113.2 103.798 100.47 98.49 98.26 98.74 97.65 98.17 98.89 98.46 96.99 95.6 94.46 94.06 87.26 84.36 80.68 83.56 80.36 80.86 84.61 84.4 80.72 70.25 68.8 65.94 74.55 71.04 58.76 56.35 45.63 41.76 34.13 25.85 32.91 31.98 31.05 25.8 30.98 28.85 23.23 29 30.78 26.45 31.41 24.2 30.08 41.23 34.25 34.54 37.47 40.36 30.62 16.89 14.32 20.93 34.42 41.32 20.49 29.52 49.63 54.05 55.57 56.71 56.22 56.83 58.88 64.98 71.97 69.36 65.03 64.34 63.59
-9999 -9999 -9999 -9999 109.6207 99.13 99.94 102.47 99.64 103.72 105.79 99.13 95.71 98.91 98.15 97.16 98.15 95.63 90.79 85.77 80.91 82.53 83.92 85.46 85.54 80.35 73.8 65.2 70.89 69.89 57.03 42.86 31.9 31.25 39.46 36.34 37.52 31.67 19.92 24.72 19.69 18.94 28.41 37.08 24.89 34.85 36.8 39.17 32.5 41.53 43.67 35.85 41.83 35.52 41.15 30.36 29.72 30.16 31.88 44.07 49.05 48.99 49.32 52.52 52.42 55 51.85 59.1 57.5 62.57 58.7 62.97 69.29 64.7 61.04 58.07
-9999 -9999 -9999 -9999 112.05 109.0781 110.1515 110.967 95.45 102.88 105.58 105.56 101.6 102.42 101.1 93.99 94.46 90.35 84.37 85.22 79.76 79.6 85.17 78.1 76.73 81.69 67.01 61.07 62.62 58.33 51.89 31.63 40.83 47.51 54.94 51.43 37.43 24.16 22.78 24.01 31.47 37.47 42.01 42.56 43.68 39.57 46.96 48.18 45.49 49.24 48.35 47.45 48.86 45.33 49.18 43.23 39.97 47.07 47.41 46.44 50.13 52.72 56.4 56.42 52.7 57.81 58.01 52.14 56.64 54.76 50.28 58.59 59.75 69.4 70.68 68.16
-9999 -9999 -9999 -9999 -9999 -9999 97.90218 106.16 103.34 108.68 104.47 100.07 100.82 91.38 92.74 91.15 85.77 85.9 79.06 74.2 80.55 84.86 75.94 72.61 75.39 72.65 61.42 48.84 45.05 48.11 52.48 44.54 55.12 61.79 58.97 58.87 49.33 45.88 45.37 42 36.68 37.47 42.4 46.74 48.09 45.81 51.22 52.95 50.25 55.52 50.14 53.85 52.4 53.38 50.72 47.76 48.58 49.77 52.69 50.84 55.8 55.33 57.13 52.42 51.28 51.99 53.17 52.83 54.98 51.56 46.95 52.93 67.02 58.18 59.73 54.18
-9999 -9999 -9999 -9999 -9999 113.9661 105.3085 -9999 -9999 104.86 104.58 96.24 90.11 83.36 77.05 86.88 85.41 78.89 74.64 70.96 80.36 82.98 78.11 78.06 84.01 73.03 58.51 57.68 51.02 42.74 52.3 58.39 64.93 69.67 68.8 64.68 63.24 59.95 52.31 43.77 46.81 49.79 49.07 51.35 51.17 50.18 55.7 56.64 56.85 57.55 55.88 58.48 53.72 57.87 53.31 51.47 53.19 52.92 56.93 55.42 57.63 60.61 59.19 54.57 54.2 51.9 51.63 50.45 49.91 48.19 50.38 57.83 66.84 67.59 66.02 64.38
-9999 -9999 -9999 -9999 -9999 -9999 -9999 116.5 112.5663 110.01 103.27 95.93 89.25 84.49 77.05 77.64 79.89 74.28 70.56 74.41 76.8 81.64 80.32 86.61 84.83 78.09 68.32 63.23 50.68 47.74 53.36 65.68 71.73 74.76 70.57 63.93 50.17 41.89 38.8 40.32 48.6 52.66 52.27 55.83 54.81 54.13 57.03 59.59 61.17 60.27 60.06 57.15 57.06 60.75 56.93 54.93 57.72 56.52 57.81 59.59 58.86 61.59 62.04 60.84 59.85 58.53 55.29 50.04 50.39 50.2 54.8 56.94 53.85 56.18 59.37 60.09
-9999 -9999 -9999 -9999 -9999 -9999 -9999 114.6042 110.0109 101.4382 106.55 97.8 85.93 73.79 77.96 82.91 85.07 84.28 83.13 81.42 80.19 80.48 82.43 82.2 75.54 74.2 74.57 72.51 56.4 60.69 64.39 67.59 69.68 57.35 43.66 44.69 34.51 31.24 41 48.36 53.2 55.87 54.91 57.97 57.32 57.15 58.61 62.07 62.03 61.25 59.63 58.48 59.82 62.79 59.69 57.6 60.03 61.92 61.93 62.53 63.49 63.57 62.89 62.94 62.14 60.39 55 51.98 52.48 52.6 51.71 50.83 51.59 54.28 54.05 59.36
-9999 -9999 -9999 -9999 -9999 -9999 -9999 -9999 -9999 103.9118 104.4516 98.82 91.42 74.4 75.61 86.76 92.41 87.82 88.46 87.86 85.62 72.46 67.06 71.29 70.93 60.48 58.51 74.65 76.08 59.03 53.83 61.76 45.55 40.67 43.76 25.29 22.28 29.81 42.28 46.95 51.38 55.97 58.99 59.83 59.28 58.98 60.11 63.25 61.74 61.01 61.34 60.83 62.8 64.32 62.72 61.24 62.26 64.22 64.51 65.26 65.25 65.68 65.54 64.92 63.32 58.9 55.69 54.82 54.71 54.21 51.93 49.93 49.41 44.9 47.28 51.9
-9999 -9999 -9999 -9999 -9999 -9999 -9999 -9999 110.1538 102.4697 -9999 97.01 89.25 81.54 71.29 81.89 94.03 89.71 84.04 86.6 83.76 73.66 69.8 58.2 53.63 51.82 43.23 62.86 64.87 53.92 39.87 35.05 30.32 29.86 34.79 42.61 36.41 27.62 35.53 46.4 54.07 57.33 59.56 60.78 60.85 60.88 61.24 63.82 60.78 59.69 62.51 63.59 65.03 65.32 64.67 64.3 64.33 65.24 67.08 67.29 67.59 66.83 66.79 65.29 62.1 56.5 57.18 57.94 55.28 52.48 49.97 48.92 46.43 41.52 36.47 36
-9999 -9999 -9999 -9999 -9999 -9999 -9999 -9999 -9999 106.9011 103.84 101.98 101 86.56 80.2 87.52 89.45 85.3 83.6 79.62 77.54 73.63 73.07 57.25 44.98 38.69 32.14 45.74 59.42 47.71 39.19 25.69 14.14 17.05 25.33 24.96 28.69 37.05 41 48.56 53.21 56.4 57.74 60.93 62.25 62.37 62.99 64.59 61.58 62.46 64.23 65.53 66.28 65.5 65.94 66.46 67.22 66.65 67.64 69.33 68.98 67.04 66.44 63.57 59.85 61.76 61.06 58.29 56.11 53.86 51.46 48.77 42.59 33.26 29.63 22.54
-9999 -9999 -9999 -9999 -9999 -9999 -9999 -9999 110.7692 97.7 109.15 105.57 104.34 90.39 97.22 86.69 78.18 70.3 71.85 70.65 69.65 72.94 69.67 63.98 53.42 44.09 45.49 52.89 56.41 43.76 33.57 23.14 23.81 39.18 44.85 43.54 43.1 46.92 51.07 55.72 56.45 58.55 60.25 60.37 63.99 63.32 64.35 64.33 63.99 65.19 65.17 66.35 65.51 65.07 66.89 67.89 69.28 70.49 69.37 71.36 66.97 63.89 64.18 62.88 64.76 61.28 61.11 59.18 56.52 53.22 49.74 46.28 48.15 46.88 41.9 40.11
-9999 -9999 -9999 -9999 -9999 -9999 -9999 98.25397 97.5 105.6 108.53 106.63 100.5 98.55 77.4 61.23 52.61 58.74 65.39 70.44 71.56 71.49 71.24 64.6 72.3 58.72 55.26 57.19 51.35 44.85 37.96 32.22 30.03 47.87 50.25 50.68 52.29 53.03 55.67 58.03 59.69 61.32 62.32 62.48 63.08 64.37 65.62 65.04 65.02 64.86 66.87 66.4 65.74 67.11 67.91 68.86 70.04 71.36 71.11 71.82 67.49 67.83 68.63 65.68 62.64 60.53 60.52 59.46 57.95 56.57 53.87 51.32 47.96 50.48 50.01 43.32
-9999 -9999 -9999 -9999 -9999 -9999 -9999 102.5667 109.9 107.66 103.19 85.01 90 81.55 56.7 67.19 70.13 74.03 70.38 61.31 58.18 62.67 64.56 69.02 80 68.51 62.23 64.97 59.14 53.76 52.99 48.55 39.35 54.17 55.25 53.17 50.84 54.67 56.8 57.81 58.91 61.25 62.7 63.62 65.08 66.77 66.41 65.68 66.43 67.15 67.73 66.94 66.05 67.93 68.5 69.27 69.6 67.98 65.46 69.77 71.61 68.85 66.3 63.63 60.35 58.43 59.02 58.04 55.99 54.11 52.75 48.61 46.34 43.28 50.22 47.91
-9999 -9999 -9999 -9999 -9999 -9999 -9999 109.7273 106.9773 97.28 97.97 83.79 95.82 91.58 82.45 80.96 79.01 64.24 53 52.79 53.34 53.72 67.63 69.64 80.69 71.29 61.48 67.11 66.01 58.31 57.54 57.76 56.66 63.65 59.78 60.9 57.34 55.16 53.17 51.96 54.18 56.73 61.05 62.48 64.99 66.15 66.97 67.83 68.45 68.73 68.25 67.85 67.37 67.3 65.59 64.74 64.37 64.94 66.75 71.77 68.97 66.43 64.09 61.5 59.45 58.13 57.24 57.38 56.27 55.16 54.63 52.38 50.04 48.26 46.47 46.99
-9999 -9999 -9999 -9999 -9999 -9999 -9999 -9999 101.7 93.8 107.01 100.17 100.69 94.59 85.23 67.3 58.89 50.49 63.08 57.14 59.16 58.75 63.16 71.4 82.33 72.93 62.99 70.57 69.21 68.71 61.71 54.71 61.92 68.34 60.82 64 61.71 57.53 58.77 60.01 57.57 57.22 61.12 65.56 66.22 66.27 67.73 68.09 67.53 66.56 68.38 68.16 65.69 63.4 63.03 63.25 63.75 66.7 70.44 69.4 66.76 66.15 64.43 62.9 61.26 60.08 60.94 59.88 58.36 58.34 57.4 56.99 55.29 54.45 52.91 49.9
-9999 -9999 -9999 -9999 -9999 -9999 -9999 -9999 107.7444 107.5306 102.05 97.78 91.72 94.29 87.44 80.35 76.42 77.78 67.47 59.46 58.97 65.49 73.31 79.94 76.67 66.13 71.6 76.92 79.01 70.6 60.81 51.01 62.08 62.61 65.2 66.81 60.6 58.01 58.52 60.59 62.01 61.3 62.29 64.63 66.28 67 68.15 68.65 68.39 67.61 67.1 64.74 63.47 63.7 63.31 62.88 64.6 69.46 67.38 66.64 66.11 65.84 64.17 62.29 61.88 60.31 63.96 64.36 62.86 61.16 60.9 59.38 57.72 56.69 55.48 54.43
-9999 -9999 -9999 -9999 -9999 -9999 -9999 -9999 109.8684 104.92 102.81 102.91 105.91 102.33 98.09 87.11 81.83 65.64 62.42 65.86 72.87 73.64 78.71 80.97 63.82 73.94 79.89 85.24 84.96 75.2 64.12 59.88 59.76 66.3 67.86 68.06 64.43 62.3 60.13 61.34 61.06 62.52 64.87 65.76 65.88 67.69 68.73 66.69 66.72 66.47 66.5 67.21 66.45 65.34 64.05 63.94 68.29 69.3 67.43 67.88 67.06 65.73 65.24 65.96 66.43 62.78 64.75 61.8 61.35 61.13 61.05 59.32 58.39 58.03 57.55 57.29
-9999 -9999 -9999 -9999 -9999 -9999 -9999 -9999 -9999 105.99 107.22 105.42 103.61 94.49 95.69 92.74 79.71 78.7 79.86 78.7 82.24 68.5 70.17 61.59 66.46 79.79 87.12 89.33 84.33 75.74 70.46 70.19 69.39 74.9 72.96 70.99 65.83 62.18 63.88 64.3 64.24 62.44 64.27 65.61 66.58 69.73 70.38 68.47 68.34 68.77 69.26 69.08 69.18 67.47 68.07 70.07 70.5 70.26 70.21 64.84 64.69 63.14 61.51 62.15 62.62 61.98 59.74 58.04 58.62 58.02 54.4 54.93 53.14 56.04 57.78 58.45
-9999 -9999 -9999 -9999 -9999 -9999 -9999 -9999 -9999 108.99 105.12 104.56 99.01 99.89 96.49 91.18 83.66 81.58 93.68 81.26 65.67 62.99 63.5 68.61 74.76 75.72 77.15 88.19 83.42 71.03 61.4 73.89 77.19 77.84 74.87 72.72 67.42 64.65 67.22 63.82 63.2 65.28 64.83 66.49 67.79 68.73 69.63 68.36 69.13 70.55 71.05 70.33 70.58 70.64 69.99 69 69.57 69.99 68.54 65.12 63.54 62.3 61.79 61.21 61.24 61.24 60.08 54.66 49.34 48.32 49.79 55.93 55.51 53.08 54.58 53.19
-9999 -9999 -9999 -9999 -9999 -9999 -9999 -9999 -9999 109.5657 107.81 106.16 104.32 100.88 95.41 94.24 85.01 86.54 93.14 77.73 54.56 70.65 68.42 69.8 77.59 86.45 87.15 85.5 79.99 82.19 74.44 78.93 77.08 67.94 63.91 65.12 67.26 70.02 66.16 63.02 62.21 63.17 63.95 64.5 65.78 65.81 65.98 67.15 67.2 67.64 68.43 69.12 68.83 68.9 67.67 67.39 68.76 69.38 67.52 67.19 68.24 66.17 65.1 64.06 62.79 61.6 61.84 56.36 50.97 53.38 55.1 55.52 54.47 53.25 49.81 47.34
-9999 -9999 -9999 -9999 -9999 -9999 -9999 -9999 -9999 109.6076 105.93 104 97.92 92.83 94.15 96.36 94.17 97.32 79.05 67.54 79.85 82.11 72.97 81.69 73.8 84.66 75.1 74.83 86.79 86.56 81.71 83.9 75.2 66.88 67.72 71.23 73.83 68.95 65.92 64.46 63.41 62.9 62.11 61.73 61.86 61.81 63.35 64.97 67.2 69.26 67.01 68.41 68.9 69.1 69.84 69.57 68.98 68.51 68.13 68.1 67.76 66.91 65.41 63.34 61.9 61.32 59.96 58.64 55.07 57.36 55.53 50.85 44.61 40.61 40.46 39.32
-9999 -9999 -9999 -9999 -9999 -9999 -9999 -9999 -9999 110.2642 107.5 104.09 101.82 97.37 97.81 95.87 99.52 82.14 74.73 73.49 92.68 86.22 82.68 90.79 87.9 82.79 71.5 71.95 90.45 85.28 78.23 79.13 72.36 71.81 70.67 71.43 65.93 64.87 65.8 65.78 65.45 63.65 62.06 59.73 60.72 62.63 63.21 63.07 64.73 67.15 68.17 68.5 68.99 69.09 69.38 69.37 68.14 68.05 66.25 67.52 66.66 66 64.85 63.3 62.05 60.88 59.54 57.69 55.02 54.03 53.46 43.99 28.9 28.72 33.56 37.48
-9999 -9999 -9999 -9999 -9999 -9999 -9999 -9999 -9999 -9999 107.4946 107.18 104.41 99.94 97.15 98.74 94.66 90.36 90.3 85.76 92.53 87.46 86.48 86.85 83.32 85.34 86.26 86.5 93.25 80.98 77.36 80.29 79.02 73.86 68.18 67.79 66.46 65.2 64.41 64.02 65.51 66.32 64.95 64.68 64.6 65.12 65.27 64.94 65.66 67.21 68.64 68.66 68.54 68.04 68.54 68.79 66.78 66.93 64.52 65.72 65.74 64.26 62.86 62.91 61.48 57.9 54.63 53.58 51.92 47.37 38.14 30.06 31.93 40.86 36.19 43.57
-9999 -9999 -9999 -9999 -9999 -9999 -9999 -9999 -9999 -9999 108.3452 103.96 105.85 103.2 100.48 93.62 77.83 80.18 65 67.4 78.99 73.38 75.9 73 70.75 72.54 79.12 80.14 90.78 88.15 87.11 84.96 83.87 74.45 69.96 68.84 66.72 66.18 64.56 63.91 64.35 65.13 65.18 65.96 65.89 66.38 66.43 66.24 65.56 66.16 67.64 67.84 67.55 66.94 67.59 66.78 65.03 66.11 63.85 63.99 63.5 61.78 62.92 60.9 58.05 54.64 50.26 38.16 36.54 36.58 50.26 50.01 38.69 45.66 52.87 50.74
