layers/wordclim/future/Iberia_wcB2a_10_hadcm3_2080/bio_05.asc
ncols         166
nrows         93
xllcorner     -9.4959440078468
yllcorner     36.000324005443
cellsize      0.083333337679505
NODATA_value  -9999
[rows 0 to 32 of 93, columns 0 to 72 of 166]
-9999 -9999 -9999 -9999 -9999 -9999 -9999 -9999 -9999 -9999 -9999 -9999 -9999 -9999 -9999 -9999 -9999 242.8781 238.9028 247.1492 248.3485 248.8409 251.6377 252.8182 -9999 -9999 -9999 -9999 -9999 -9999 -9999 -9999 -9999 -9999 -9999 -9999 -9999 -9999 -9999 -9999 -9999 -9999 -9999 -9999 -9999 -9999 -9999 -9999 -9999 -9999 -9999 -9999 -9999 -9999 -9999 -9999 -9999 -9999 -9999 -9999 -9999 -9999 -9999 -9999 -9999 -9999 -9999 -9999 -9999 -9999 -9999 -9999 -9999
-9999 -9999 -9999 -9999 -9999 -9999 -9999 -9999 -9999 -9999 -9999 -9999 -9999 -9999 -9999 -9999 244.1364 245.0105 243.75 248.72 245.35 245.3 252.3939 248.41 250.06 256.3402 -9999 -9999 -9999 -9999 -9999 -9999 -9999 -9999 -9999 -9999 -9999 -9999 -9999 -9999 -9999 -9999 -9999 256.875 255.2885 -9999 -9999 -9999 -9999 -9999 -9999 -9999 -9999 -9999 -9999 -9999 -9999 -9999 -9999 -9999 -9999 -9999 -9999 -9999 -9999 -9999 -9999 -9999 -9999 -9999 -9999 -9999 -9999
-9999 -9999 -9999 -9999 -9999 -9999 -9999 -9999 -9999 -9999 -9999 -9999 -9999 -9999 242.8889 245 246.2626 246.43 246.79 243.88 242.91 244.62 247.99 245.27 256.04 261.73 262.779 263.1266 264.9296 268.0909 267.65 268.4286 267.1053 269.5065 265.6709 268.5303 267.4658 265 263.0341 263.5464 264.5256 263.631 262.7172 260.96 258.38 257.3247 255.6393 256.5 256.678 -9999 -9999 -9999 -9999 -9999 -9999 -9999 -9999 -9999 -9999 -9999 -9999 -9999 -9999 -9999 -9999 -9999 -9999 -9999 -9999 -9999 -9999 -9999 -9999
-9999 -9999 -9999 -9999 -9999 -9999 -9999 -9999 -9999 -9999 -9999 -9999 -9999 -9999 -9999 -9999 246 244.45 243.75 247.5 245.29 242.74 241.12 242.58 250.47 259.99 264.36 260.98 267.87 268.2525 264.48 262.4 262.05 268.4 260.3 265.14 268.21 265.47 261.31 266.73 268.6465 266.68 265.13 265.02 263.59 261.8 261 260.21 261.63 261.13 260.65 260.2949 262.9872 264.2034 263.8 -9999 -9999 -9999 -9999 -9999 -9999 -9999 -9999 -9999 -9999 -9999 -9999 254.8356 -9999 254.1429 251.4583 252.977 252.6956
-9999 -9999 -9999 -9999 -9999 -9999 -9999 -9999 -9999 -9999 -9999 -9999 -9999 -9999 247.8209 250.2708 249.32 246.76 247.52 246.18 249.59 249.49 250.89 248.14 252.56 255.06 259.96 265.11 266.22 259.62 254.6 259.72 266.13 263.93 261.2 269.13 264.4 261.1 268.44 272.02 272.24 274.03 272.96 270.48 269.49 267.82 267.43 266.7 266.09 265.92 265.66 267.78 267.89 264.44 264.5 262.89 259.37 262.9362 265.2469 267.4247 266.4805 266.1795 264.2083 261.494 260.8469 261.58 259.17 257.99 256.4375 257.25 253.78 254.44 256.5357
-9999 -9999 -9999 -9999 -9999 -9999 240.1481 241.825 242.0811 -9999 244.2162 245.6385 245.73 248.697 250.62 -9999 251.8 250.34 246.43 249.45 253.16 254.99 257.05 259.38 259.18 260.61 262.11 267.09 259.78 258.75 260.75 270.14 266.94 259.26 260.71 269.38 273.48 272.92 270.26 273.13 271.61 272.65 274.3 275.67 274.72 274.34 272.54 268.95 267.61 268.89 265.01 267.41 269.85 264.33 258.79 259.4 263.39 260.14 265.47 263.73 265.71 263.55 263.52 263.59 261.04 262.49 261.43 260.25 256.39 252.55 253.37 254.51 257.54
-9999 -9999 -9999 -9999 -9999 -9999 240.3288 241.93 244.16 245.65 246.87 245.32 248.86 250.58 254.09 254.88 253.02 251.56 250.62 253.61 254.69 259.34 261.32 263.88 265.71 264.72 263.39 267.29 264.39 263.6 268.57 273.82 264.07 259.09 270.14 274.26 273.41 265.19 268.32 266.95 266.92 275.88 261.42 273.72 279.61 276.19 273.96 273.93 272.05 270.6 260.73 265.56 267.58 256.62 233.5 244.73 239.43 243 264.46 259.05 262.5 264.41 264.66 261.01 263.01 264.71 261.85 260.9 259.93 252.19 245.8 253.46 258.43
-9999 -9999 -9999 -9999 239.6774 238.38 240.75 240.35 242.35 244.6 246.81 249.77 253.29 254.68 255.52 254.51 252.05 253.38 253.55 256.1 257.99 261.07 264.88 267.04 268.03 266.23 264.3 269.34 261.44 266.77 266.27 272.95 268.02 263.6 271.55 274.95 265.97 257.49 268.98 261.93 267.05 264.43 274.93 274.98 281.38 274.47 275.33 274.53 266.7 260.43 264.37 260.86 255.21 262.56 249.78 242.99 250.48 267.53 272.57 267.95 252.25 259.49 261.73 262.36 262.28 267.04 261.25 263.89 261.11 251.13 248.42 251.73 254.6
-9999 -9999 -9999 238.5979 238.3 237.18 239.14 241.55 243.76 247.01 250.64 255.38 258.55 260.46 260.68 259.26 257.57 255.94 252.14 256.22 261.6 262.6 266.99 268.99 268.72 268.28 265.69 266.16 272.52 272.04 278.96 278.91 267.97 261.95 273.34 262.39 264.44 246.38 246.21 251.75 241.74 254.01 247.5 271.66 280.35 257.55 254.84 261.47 254.21 250.57 261.67 254.99 262.46 265.12 254.75 255.91 243.91 245.97 254.98 262.45 257.48 245.33 252.91 263.01 264.4 265.05 263.88 264.11 261.87 261.68 263.94 265.2 265.05
-9999 -9999 -9999 239.6 236.3737 237.69 239.28 243.01 246.09 250.21 254.26 259.38 263.73 264.61 263.51 261.82 260.58 256.84 257.41 257.86 262.11 263.32 266.97 273.17 275.98 275.28 270.32 272.42 272.84 280.76 280.63 273.83 273.8 265.79 264.57 259.73 253.92 261.98 263.38 263.23 259.5 265.5 264.79 259.58 266.6 269.16 264.59 270.42 262.1 267.64 277.8 270.43 269.41 270.59 272.93 263.65 250.57 247.64 252.64 262.46 267.58 250.69 257.13 269.6 271.21 271.03 270.88 269.78 269.25 270.49 272.31 274.76 273.45
-9999 -9999 -9999 -9999 239.9828 237.36 240.37 245.16 247.18 253.09 257.72 260.91 265.73 267.76 266.86 265.67 266.64 265.28 263.55 263.49 263.59 268.61 273.53 277.69 280.05 279.41 277.43 273.23 280.49 282.73 273.97 263.2 254.78 256.92 267.8 266 269.19 265.2 255.14 261.4 257.85 258 269.7 279.4 267.24 278.92 281.41 284.17 276.58 285.65 286.27 278.04 281.73 276.22 279.63 269.4 267.57 266.71 266.98 276.36 278.7 277.4 276.46 277.49 276.55 277.06 274.51 277.51 276.96 278.5 276.04 277.61 280.08
-9999 -9999 -9999 -9999 241.375 242.2813 245.0152 248.5824 246.47 252.44 257.78 261.89 265.07 268.05 269.67 264.87 264.29 262.78 262.25 266.71 266.47 270.36 278.3 275.1 277.6 284.37 275.3 273.69 278.16 277.09 274.04 256.04 268.88 277.3 286.84 285.76 273.99 262.24 261.92 265.12 275.35 282.92 289.42 292.07 295.07 290.92 299.82 300.63 296.41 299.22 296.96 294.33 294.47 290.09 291.69 285.48 281.33 286.88 285.89 283.84 285.42 285.64 287.01 285.93 282.7 284.8 285.05 281.17 283.05 281.19 278.32 282.01 282.42
-9999 -9999 -9999 -9999 -9999 -9999 239.6522 245.95 248.64 254.46 256.41 260.03 264.87 261.79 265.2 264.57 261.51 263.74 262.4 262.28 270.47 277.99 273.83 274.59 280.26 281.17 274.27 265.46 264.76 270.77 278.65 273.57 287.14 295.81 296 297.97 290.28 288.45 290.62 289.57 286.01 288.22 295.51 302.71 306.39 305.3 311.72 311.97 308.07 310.8 304.81 305.64 303.49 302.42 298.95 295.25 294.11 294.62 295.32 292.93 294.93 293.52 293.42 289.54 288.13 288.81 288.94 287.93 288.59 286.08 282.61 285.76 293.91
-9999 -9999 -9999 -9999 -9999 243.9322 242.5319 -9999 -9999 251.94 255.17 257.33 259.18 256.86 253.46 264.51 264.38 261.94 261.84 262.38 274.56 281.15 280.05 283.71 292.09 285.72 275.34 277.49 273.67 268.58 281.82 290.84 299.71 306.59 308.75 307.4 308.02 306.93 302.3 296.13 301.06 307.02 308.33 313.32 315.8 316.91 323.02 321.72 320.48 318.31 314.8 315.39 310.43 311.37 306.31 303.43 304.23 302.65 304.09 301.79 302.12 302.87 300.91 297.09 297.02 294.89 294.22 292.9 292.04 290.13 290.95 295.07 300.64
-9999 -9999 -9999 -9999 -9999 -9999 -9999 250 249.9398 251.9 254.26 257.34 257.98 258.49 255.24 258.81 263.73 262.02 262.03 269.24 275.73 284.57 286.91 295.91 297.21 294.59 288.35 286.39 277.01 277.12 286.26 301.47 309.26 315.21 315 312.16 300.58 293.62 291.71 296.65 307.92 313.43 316.28 321.83 324.63 326.38 329.27 328.47 328.06 325.47 323.08 320.26 318.09 318.73 314.41 312.47 313.04 310.88 310.39 310.32 308.72 309.43 308.79 307.31 306.93 305.58 303.05 298.85 298.77 298.11 300.42 302.06 299.57
-9999 -9999 -9999 -9999 -9999 -9999 -9999 248.1667 248.1087 248.7079 253.6 257.1 257.36 251.05 257.67 266.15 272.15 275.98 278.72 280.59 283.49 286.92 293.34 296.35 293.01 294.03 297.15 298.79 286.24 293.61 299.92 308.08 312.3 303.49 291.15 295.14 285.94 284.65 298.83 309.15 315.6 320.85 322.91 328.09 330.31 331.28 333.23 333.62 333.29 330.91 328 326.36 325.24 325.25 321.8 319.84 320.11 320.07 318.92 318.04 317.57 316.54 315.17 314.46 314.28 312.84 308.82 306.66 306.79 306.42 304.62 304.19 304.41
-9999 -9999 -9999 -9999 -9999 -9999 -9999 -9999 -9999 249.75 253.8065 258.37 261.74 252.63 257.94 273.43 284.21 284.88 289.98 293.9 294.75 281.68 278.93 287.39 290.57 283.51 284.98 304.66 308.67 294.48 292.31 304.58 290.05 287.58 293.81 274.6 273.5 285.37 303.58 311.24 318.02 324.85 329.87 332.8 333.7 335.35 336.89 337.77 336.87 334.97 333.46 332.47 331.99 331.4 328.94 327.4 326.73 326.99 326.05 325.36 324.27 323.58 322.56 321.54 321 317.56 315.17 314.58 314.57 314.04 310.6 309.36 308.38
-9999 -9999 -9999 -9999 -9999 -9999 -9999 -9999 249.5641 250.803 -9999 259.17 261.1 260.5 254.62 271.25 288.72 289.72 287.69 296.26 296.91 287.04 286.04 275.6 273.73 275.1 269.91 295.9 301.6 293 279.43 277.76 274.88 277.17 286.25 298.33 294.51 285.44 298.03 313.67 324.15 329.39 333.5 336.78 337.72 339.2 340.53 341.55 339.73 337.67 338.18 338.42 338.12 336.97 335.23 333.71 333.29 332.84 332.91 331.99 331.28 329.69 328.81 327.09 324.35 321.21 321.57 322.37 320.84 318.49 314.95 313.2 311.59
-9999 -9999 -9999 -9999 -9999 -9999 -9999 -9999 -9999 253.8132 258.14 264.47 270.98 266.74 266.75 281.35 289.28 289.05 291.2 290.21 290.63 289.27 292.66 276.88 265.27 261.81 257.33 278.61 298.95 288.07 280.77 268.41 256.64 263.24 276.3 279.4 286.43 299.53 306.65 318.14 325.59 330.82 334.06 338.45 341.33 342.73 343.02 344.8 342.39 342.98 343.2 343.78 343.08 341.49 340.6 339.99 339.41 338.79 338.61 338.66 337.61 335.23 333.84 330.98 327.85 328.86 328.16 327.34 325.97 323.81 320.92 318.04 312.76
-9999 -9999 -9999 -9999 -9999 -9999 -9999 -9999 251.8242 250.97 262.7 268.81 276.47 273.49 288.98 283.09 277.05 270.05 277.05 279.05 282.9 291.32 290.67 286.64 278.28 270.13 276.03 289.05 297.62 285.08 275.97 266.44 270.57 293.51 303.06 304.84 306.91 313.43 321.14 328.25 331.08 335.49 338.83 340.82 344.86 345.77 346.63 347.5 347.05 348.06 347.39 347.35 346.78 345.45 345.82 345.44 345.38 345.34 343.68 345.19 340.94 337.46 336.97 335.3 336.25 333.33 333.01 331.46 329.32 327.49 324.05 320.1 321.71
-9999 -9999 -9999 -9999 -9999 -9999 -9999 242.3333 246.38 256.04 264.24 271.25 275 282.9 266.98 251.79 245.16 256.33 269.97 280.9 287.15 291.12 295.39 289.68 303.7 290.02 290.6 296.69 292.57 288.96 283.61 279.21 280.54 306.09 311.83 315.58 318.98 322.21 327.25 332.1 336.1 340.34 343.26 343.94 346.05 348.39 350.46 349.8 350.57 349.81 351.69 350.81 349.56 349.71 350.53 350.32 350.58 350.88 349.7 349.31 344.77 344.01 343.69 341.63 338.68 336.79 336.53 335.71 334.31 332.88 330.5 328.99 325.47
-9999 -9999 -9999 -9999 -9999 -9999 -9999 245.2833 253.19 258.16 262.74 257.03 268.57 266.74 243.23 259.56 269.18 279.13 277.64 268.49 268.23 280.02 286.78 297.3 314.89 304.66 300.69 308.17 304.57 301.62 304.49 302.11 293.45 315.66 319.47 318.88 319.66 325.97 330.76 334.34 337.71 341.72 345.09 347.5 350.01 352.36 352.08 352.74 352.88 354 354.06 354.11 352.83 354.02 354.02 353.76 353.96 352.27 349.47 351.84 352.24 348.85 345.81 342.93 339.55 337.55 337.7 337.75 335.68 334.01 332.72 328.62 326.67
-9999 -9999 -9999 -9999 -9999 -9999 -9999 250.2424 253.4659 253.6 261.42 256.8 274.24 278.03 274.74 278.81 282.59 266.87 254.59 259.29 263.35 268.15 292.37 300.68 317.56 309.95 301.94 311.93 315.04 308.87 311.24 315.9 316.83 327.19 326.15 328.93 328.13 328.46 328.47 329.74 334.35 338.89 345.19 347.79 351.15 353.43 355.16 355.68 357.06 357.03 357.4 356.65 356.2 356.81 355.23 353.98 352.96 352.69 353.04 356.04 352.72 350.54 347.93 345.03 342.53 340.81 339.63 339.82 338.32 337.43 337.81 335.61 333.9
-9999 -9999 -9999 -9999 -9999 -9999 -9999 -9999 250.71 252 267.24 269.89 278.01 280.33 278.24 262.17 256.09 249.19 270.11 265.19 271.56 275.47 287.74 303.74 322.11 314.25 304.51 318 319.79 321.81 317.8 312.56 325 333.55 327.9 333.95 333.04 332.01 335.94 339.37 339.1 340.94 346.51 351.38 353.54 354.96 357.52 358.43 358.05 358.37 359.4 359.1 358.05 356.07 355.42 355.08 355.34 358.09 360.17 358.06 354.36 352.75 349.97 348.14 346.31 344.68 345.08 345.02 343.55 343.52 342.67 342.17 341.19
-9999 -9999 -9999 -9999 -9999 -9999 -9999 -9999 254.0333 260.6429 264.25 268.73 271.8 280.71 280.9 278.85 280.19 287.31 277.66 270.18 272.53 287.95 305.19 317.33 317.02 306.65 317.31 326.32 330.75 325.83 317.69 308.73 325.4 329.06 333.9 337.32 332.98 333.95 336.97 340.92 344.83 347.08 349.65 353.26 356.11 357.29 359.16 360.63 359.98 360.5 359.88 359.08 357.88 358.1 357.53 358.44 359.98 363.28 360.06 357.9 356.17 354.65 352.09 349.85 349.29 347.62 350.75 350.96 349.57 347.88 347.8 346.65 346.37
-9999 -9999 -9999 -9999 -9999 -9999 -9999 -9999 255.6447 258.99 265.69 273 281.81 286.63 290.72 288.49 288.65 271.37 271.26 280.93 296.92 302.52 314.2 321.25 300.8 318.44 328.53 337.11 338.61 330.93 322.62 320.23 324.03 332.94 337.26 339.96 338.23 339.65 339.74 343.06 345.07 349.27 353.15 355.44 357.28 359.24 361.01 359.95 360.12 360.85 360.82 362.55 361.86 360.97 360.84 360.85 364.87 365.31 362.14 361.03 358.91 357.37 355.96 355.89 355.38 351.81 353.03 350.07 350.06 349.67 349.73 349.4 348.73
-9999 -9999 -9999 -9999 -9999 -9999 -9999 -9999 -9999 260.29 267.88 273.77 279.96 280.63 289.58 293.89 285.8 291.43 297.55 301.06 312.07 295.76 303.78 294.8 306.08 326.84 337.95 341.8 339.95 333.48 330.15 332.54 334.68 342.2 343.04 344.29 341.12 340.9 344.73 347.41 349.63 349.49 354.06 356.75 359.14 361.86 363.36 362.86 362.75 364.25 364.8 365.74 365.73 364.29 365.81 367.28 367.64 366.83 365.55 360.64 358.96 356.52 354.21 353.82 353.71 352.82 349.97 348.16 348.85 348.02 345.1 346.95 345.49
-9999 -9999 -9999 -9999 -9999 -9999 -9999 -9999 -9999 261.3 266.16 272.79 276.68 285.33 289.78 292.43 292.1 295.55 313.85 306.47 288.93 289.47 294.4 307.46 319.98 323.96 327.72 342.78 339.95 328.8 319.13 337.48 343.38 346.72 346.21 347.06 344.11 343.6 349.36 348.4 349.85 353.46 354.86 358.02 360.63 362.55 364.22 363.94 364.63 367 367.52 367.86 367.97 369.16 368.26 367.14 367.52 367.49 365.06 361.36 358.79 356.95 355.49 354.28 353.54 353.06 351.73 346.2 340.93 339.95 341.81 349.35 349.38
-9999 -9999 -9999 -9999 -9999 -9999 -9999 -9999 -9999 260.9293 266.88 273.15 280.31 285.22 288.44 295.65 293.36 301.24 314.58 302.99 271.77 304.11 304.72 310.41 325.3 337.09 340.42 340.28 337.69 342.3 336.1 344.47 344.18 337.86 335.69 339.39 345.55 349.99 348.51 348.95 349.99 352.37 355.22 357.35 359.81 360.89 361.61 363.74 363.68 365.25 365.81 367.46 367.25 367.24 366.85 366.38 367.52 367.65 364.7 364.6 364.37 361.9 359.78 358.26 356.37 354.85 354.95 349.21 343.61 346.41 348.57 349.4 349.67
-9999 -9999 -9999 -9999 -9999 -9999 -9999 -9999 -9999 260.6962 265.16 272.39 275.44 279.15 287.86 296.69 301.7 311.2 298.4 289.01 312.6 324.21 313.41 328.93 320.1 336.16 326.49 329.56 345.56 347.29 345.4 349.7 343.69 336.74 341 346.94 352.28 350.21 349.53 350.29 352.01 353.4 354.22 355.62 356.97 358.09 360.13 361.28 364.42 367.39 365.27 367.3 368.15 368.1 369.66 369.52 368.67 367.31 366.41 366.33 365.02 363.56 361.2 358.73 356.76 355.83 354.27 352.86 349.42 351.84 350.32 345.82 339.59
-9999 -9999 -9999 -9999 -9999 -9999 -9999 -9999 -9999 260.8302 266.44 272.16 277.45 282.16 289.95 295.26 305.47 295.36 294.42 296.85 326.9 327.21 326.52 336.62 337.04 333.18 322.72 325.48 348.77 346.87 341.05 345.76 340.39 343.25 344.25 348.43 345.19 346.23 350.62 352.85 354.6 354.38 355.43 354.78 357.18 359.18 359.8 360.04 362.54 364.87 366.5 367.1 368.62 368.76 368.95 369.93 368.2 367.27 365.11 365.34 363.87 363.13 361.49 359.58 357.55 356.14 355.03 353 350.42 349.51 349.41 339.7 323.81
-9999 -9999 -9999 -9999 -9999 -9999 -9999 -9999 -9999 -9999 266.3763 273.29 278.55 283.74 288.82 296.61 301.05 303.58 311.07 309.98 325.05 324.98 327.37 331.83 331.85 337.07 340.15 343.24 353.13 342.27 341.68 347.25 348.6 345.74 342.41 344.33 346.97 347.53 348.66 352.25 355.73 358.43 358.83 360.46 361.68 362.92 363.21 362.79 362.97 365.13 367.5 367.74 367.73 368.58 368.71 368.66 367.32 367.04 363.98 364.5 363.84 361.28 359.17 358.96 356.95 352.91 350.42 349.54 348.22 343.65 333.95 325.69 328.51
-9999 -9999 -9999 -9999 -9999 -9999 -9999 -9999 -9999 -9999 265.0714 270.07 278.14 284.64 290.2 291.92 282.14 292.15 277.86 286.93 309.46 306.72 314.1 313.71 314.46 319.8 332.55 335.88 350.73 350.74 351.82 352.88 353.7 347.16 344.16 346.34 346.86 349.79 350.23 351.84 354.62 358.03 360.73 363.1 365.01 366.19 364.91 363.8 363.28 364.41 366.17 367.5 367.52 367.14 368.6 367.61 365.51 366.86 363.92 363.47 362.29 359.53 360.42 357.42 353.83 350.12 345.75 332.24 331.31 331.86 347.86 348.16 336.49
