layers/wordclim/future/Iberia_wcB2a_10_hadcm3_2080/bio_11.asc
ncols         166
nrows         93
xllcorner     -9.4959440078468
yllcorner     36.000324005443
cellsize      0.083333337679505
NODATA_value  -9999
[rows 0 to 32 of 93, columns 76 to 151 of 166]
-9999 -9999 -9999 -9999 -9999 -9999 -9999 -9999 -9999 -9999 -9999 -9999 -9999 -9999 -9999 -9999 -9999 -9999 -9999 -9999 -9999 -9999 -9999 -9999 -9999 -9999 -9999 -9999 -9999 -9999 -9999 -9999 -9999 -9999 -9999 -9999 -9999 -9999 -9999 -9999 -9999 -9999 -9999 -9999 -9999 -9999 -9999 -9999 -9999 -9999 -9999 -9999 -9999 -9999 -9999 -9999 -9999 -9999 -9999 -9999 -9999 -9999 -9999 -9999 -9999 -9999 -9999 -9999 -9999 -9999 -9999 -9999 -9999 -9999 -9999 -9999
-9999 -9999 -9999 -9999 -9999 -9999 -9999 -9999 -9999 -9999 -9999 -9999 -9999 -9999 -9999 -9999 -9999 -9999 -9999 -9999 -9999 -9999 -9999 -9999 -9999 -9999 -9999 -9999 -9999 -9999 -9999 -9999 -9999 -9999 -9999 -9999 -9999 -9999 -9999 -9999 -9999 -9999 -9999 -9999 -9999 -9999 -9999 -9999 -9999 -9999 -9999 -9999 -9999 -9999 -9999 -9999 -9999 -9999 -9999 -9999 -9999 -9999 -9999 -9999 -9999 -9999 -9999 -9999 -9999 -9999 -9999 -9999 -9999 -9999 -9999 -9999
-9999 -9999 -9999 -9999 -9999 -9999 -9999 -9999 -9999 -9999 -9999 -9999 -9999 -9999 -9999 -9999 -9999 -9999 -9999 -9999 -9999 -9999 -9999 -9999 -9999 -9999 -9999 -9999 -9999 -9999 -9999 -9999 -9999 -9999 -9999 -9999 -9999 -9999 -9999 -9999 -9999 -9999 -9999 -9999 -9999 -9999 -9999 -9999 -9999 -9999 -9999 -9999 -9999 -9999 -9999 -9999 -9999 -9999 -9999 -9999 -9999 -9999 -9999 -9999 -9999 -9999 -9999 -9999 -9999 -9999 -9999 -9999 -9999 -9999 -9999 -9999
-9999 -9999 -9999 -9999 -9999 -9999 -9999 -9999 -9999 -9999 -9999 -9999 -9999 -9999 -9999 -9999 -9999 -9999 -9999 -9999 -9999 -9999 -9999 -9999 -9999 -9999 -9999 -9999 -9999 -9999 -9999 -9999 -9999 -9999 -9999 -9999 -9999 -9999 -9999 -9999 -9999 -9999 -9999 -9999 -9999 -9999 -9999 -9999 -9999 -9999 -9999 -9999 -9999 -9999 -9999 -9999 -9999 -9999 -9999 -9999 -9999 -9999 -9999 -9999 -9999 -9999 -9999 -9999 -9999 -9999 -9999 -9999 -9999 -9999 -9999 -9999
-9999 -9999 103.8736 102.77 98.32 101.3953 101.1154 102.9636 -9999 -9999 -9999 -9999 -9999 -9999 -9999 -9999 -9999 -9999 -9999 -9999 -9999 -9999 -9999 -9999 -9999 -9999 -9999 -9999 -9999 -9999 -9999 -9999 -9999 -9999 -9999 -9999 -9999 -9999 -9999 -9999 -9999 -9999 -9999 -9999 -9999 -9999 -9999 -9999 -9999 -9999 -9999 -9999 -9999 -9999 -9999 -9999 -9999 -9999 -9999 -9999 -9999 -9999 -9999 -9999 -9999 -9999 -9999 -9999 -9999 -9999 -9999 -9999 -9999 -9999 -9999 -9999
95.34 94.88776 104.5556 101.24 102.2 101.41 99.92 96.78 101.6162 101.5205 106.75 107.9016 109.3607 108.1071 107.2708 101.66 88.99 92.17567 -9999 -9999 -9999 -9999 -9999 -9999 -9999 -9999 -9999 -9999 -9999 -9999 -9999 -9999 -9999 -9999 -9999 -9999 -9999 -9999 -9999 -9999 -9999 -9999 -9999 -9999 -9999 -9999 -9999 -9999 -9999 -9999 -9999 -9999 -9999 -9999 -9999 -9999 -9999 -9999 -9999 -9999 -9999 -9999 -9999 -9999 -9999 -9999 -9999 -9999 -9999 -9999 -9999 -9999 -9999 -9999 -9999 -9999
92.81 91.52 88.35 98.68 99.85 97 89.52 90.35 92.93 92.01 93.88 93.13 94.35 102.4 91.26 91.13 74.3 87.06 79.84 70.28 68.06 -9999 -9999 -9999 -9999 -9999 -9999 -9999 -9999 -9999 -9999 -9999 -9999 -9999 -9999 -9999 -9999 -9999 -9999 -9999 -9999 -9999 -9999 -9999 -9999 -9999 -9999 -9999 -9999 -9999 -9999 -9999 -9999 -9999 -9999 -9999 -9999 -9999 -9999 -9999 -9999 -9999 -9999 -9999 -9999 -9999 -9999 -9999 -9999 -9999 -9999 -9999 -9999 -9999 -9999 -9999
90.1 88.82 90.16 90.55 91.46 81.09 87.19 89.75 89.99 86.15 85.31 84.94 88.54 90.89 76.29 68.54 66.57 78.91 79.19 74.87 63.38356 -9999 -9999 -9999 -9999 -9999 -9999 -9999 -9999 -9999 -9999 -9999 -9999 -9999 -9999 -9999 -9999 -9999 -9999 -9999 -9999 -9999 -9999 -9999 -9999 -9999 -9999 -9999 -9999 -9999 -9999 -9999 -9999 -9999 -9999 -9999 -9999 -9999 -9999 -9999 -9999 -9999 -9999 -9999 -9999 -9999 -9999 -9999 -9999 -9999 -9999 -9999 -9999 -9999 -9999 -9999
66.87 84.92 85.41 70.47 54.49 71.51 71.15 84.38 87.93 78.37 86.8 91.97 87.22 72.69 74.17 59.34 60.13 59.82 55.06 46.07 44.35 -9999 39.88095 37.375 -9999 -9999 -9999 -9999 -9999 -9999 -9999 -9999 -9999 -9999 -9999 -9999 -9999 -9999 -9999 -9999 -9999 -9999 -9999 -9999 -9999 -9999 -9999 -9999 -9999 -9999 -9999 -9999 -9999 -9999 -9999 -9999 -9999 -9999 -9999 -9999 -9999 -9999 -9999 -9999 -9999 -9999 -9999 -9999 -9999 -9999 -9999 -9999 -9999 -9999 -9999 -9999
61.88 65.7 68.98 72.39 66.52 74.14 74.93 68.28 65.37 54.22 66.91 73.86 66.79 55.03 57.47 63.52 64.55 63.48 62.65 54.36 50.76 45.08 42.52 40.43 36.26 30.01075 26.34426 21.94 7.310345 -9999 -9999 -9999 -9999 -9999 -9999 -9999 -9999 -9999 -9999 -9999 -9999 -9999 -9999 -9999 -9999 -9999 -9999 -9999 -9999 -9999 -9999 -9999 -9999 -9999 -9999 -9999 -9999 -9999 -9999 -9999 -9999 -9999 -9999 -9999 -9999 -9999 -9999 -9999 -9999 -9999 -9999 -9999 -9999 -9999 -9999 -9999
64.13 62.81 60.76 63.34 72.62 77.22 76.79 75.42 72.69 71.78 60.95 62.8 61.74 60.31 49.38 61.72 71.18 67.57 62.67 58.82 53.04 51 46.51 36.48 43.22 34.8 32.96 25.87 7.81 2.5 -9999 -9999 -9999 -9999 -9999 -9999 -9999 -9999 -9999 -9999 -9999 -9999 -9999 -9999 -9999 -9999 -9999 -9999 -9999 -9999 -9999 -9999 -9999 -9999 -9999 -9999 -9999 -9999 -9999 -9999 -9999 -9999 -9999 -9999 -9999 -9999 -9999 -9999 -9999 -9999 -9999 -9999 -9999 -9999 -9999 -9999
58.76 73.89 66.63 72.89 72.64 67.52 65.8 61.25 61.87 55.03 52.26 56.18 57.58 48 52.97 57.29 69.81 71.16 69.18 62.54 62 61.64 53.58 50.6 48.79 45.3 43.9 31.71 21.07 12.41 -5.225806 -1.820896 -11.11539 -3.659091 -19.83838 -28.13433 -9999 -9999 -9999 -9999 -9999 -9999 -9999 -9999 -9999 -9999 25.07 7.59 -11.96154 -15.94545 -9999 -9999 -9999 -9999 -9999 -9999 -9999 -9999 -9999 -9999 -9999 -9999 -9999 -9999 -9999 -9999 -9999 -9999 -9999 -9999 -9999 -9999 -9999 -9999 -9999 -9999
58.61 76.41 77.45 76.4 70.59 69.24 66.81 58.59 62.37 63.16 61.78 60.79 63.31 68.99 72.64 68.23 69.63 62.73 61.92 56.43 55.85 60.86 65.2 56.98 51.18 46.52 48.97 42.8 40.3 37.02 22.13 13.28 -14.06 -2.67 12.01 -18.32 -7.565217 -9999 -9999 -9999 -7.319445 -9999 -22.81482 -9999 -9999 -9999 10.53061 18.74 5.86 -4.37 -10.27 2.536585 -10.19048 -8.727273 -9999 -9999 -9999 -9999 -9999 -9999 -9999 -9999 -9999 -9999 -9999 -9999 -9999 -9999 -9999 -9999 -9999 -9999 -9999 -9999 -9999 -9999
61.89 66.7 71.11 74.82 66.44 57.88 55.27 60.16 60.96 60.93 63.02 71.14 70.39 68.6 73.46 76.14 74.49 65.91 62.52 52.9 53.46 59.16 65.16 58.16 52.49 57.07 57.04 57.98 48.75 42.2 39.75 36.11 23.68 19.21 27.02 10.42 18.63 -0.42 -9.05 5.17 16.79 -6.81 -6.9 -20.77 4.34 -30.79 -21.94 -13.24 -15.4 -16.78 -3.49 24.93 7.5 7.3 -14.62887 -9999 -9999 -9999 -9999 -9999 -9999 -9999 -9999 -9999 -9999 -9999 -9999 -9999 -9999 -9999 -9999 -9999 -9999 -9999 -9999 -9999
62.38 70.3 74.46 75.22 76.88 75.32 73.67 73.71 71.76 70.52 72.43 75.44 74.8 76.45 76.7 78.7 77.58 71.16 66.28 58.38 63.23 68.88 67.97 66.42 57.31 53.15 45.89 52.88 55.78 46.91 46.52 39.86 42.15 43.39 30.57 19.91 27.93 23.44 28.22 41.7 32.27 0.11 5.3 20.82 2.01 -5.64 5.08 1.17 -6.68 -20.56 -16.11 21.66 34.06 21.16 -0.38 -9999 -9999 -9999 -9999 -9999 -9999 -9999 -9999 -9999 -9999 -9999 -9999 -9999 -9999 -9999 -9999 -9999 -9999 -9999 -9999 -9999
63.07 65.36 69.34 69.23 72.19 75.44 73.37 75.51 77.39 77.14 78.55 78.84 76.92 77.87 78.09 75.92 78.04 74.11 74.76 67.37 65.76 67.3 58.18 54.22 51.06 50.34 43.64 42.76 50.48 48.96 49.66 45.03 47.68 47.7 36.52 29.93 27.64 42.38 42.96 53.76 38.44 28.02 28.67 28.06 16.97 25.67 33.76 19.28 -6.05 -0.68 2.29 30.29 24.23 13.73 12.48 -9999 -9999 -9.746032 -6.957895 5.303371 34.22222 43.52941 -9999 -9999 -9999 -9999 -9999 -9999 -9999 -9999 -9999 -9999 91.39286 84.66177 90.30189 -9999
47.43 47.77 55.65 59.59 69.56 67.36 57.64 66.07 69.26 71.45 71.53 74.96 76.98 79.97 79.79 76.95 79.72 78.75 77.76 76.17 74.04 73.37 68.15 58.89 55.51 51.44 47.35 45.96 51.55 53.93 46.09 45.63 44.71 40.76 40.21 36.77 33.4 33.89 46.09 56.47 57.53 52.23 43.88 37.14 28.53 24.74 35.7 34.91 31.98 36.41 31.17 38.51 14.16 26.53 44.82 51.1 38.45 34.53 39.05 43.55 42.76 30.30137 -9999 4.5125 5.26 24.35 37.85882 -9999 -9999 -9999 77.51064 93.47 104.12 106.95 107.74 106.191
34.02 43.01 33.85 44.72 59.21 49.57 43.89 52.01 50.94 48.61 56.55 54.11 67.71 76.82 80.43 80.24 80.5 80.54 77.04 74.91 74.95 74.11 71.54 67.16 63.57 60.3 58.45 55.1 60.98 60.82 54.67 45.12 37.44 36.2 34.62 26.09 32.89 37 44.87 56.93 61.3 49.07 53.73 42.15 49.57 39.23 48.41 41.47 33.45 49.85 51.73 28.81 24.24 36.04 57.43 43.86 26.04 17.18 17.57 31.08 29.25 27.41 34.24 44.47 39.86 42.76 60.23 71.85 75.49 75.34 82.98 96.39 104.4 111.44 114.25 112.8202
23.44 25.89 23.37 37.92 42.88 39.5 49.29 43.15 48.9 40.9 51.64 54.66 62.58 69.87 71.66 79.89 82.88 82.75 79.12 79.51 79.59 75.97 75.08 73.57 73.55 69.45 65.5 63.06 66.45 68.15 67.29 66.52 62.68 59.05 54 55.52 56.06 50.39 52.56 52.57 61.89 55.4 62.96 57.76 51.54 48.49 56.47 46.07 55.71 63.37 45.45 27.15 39.47 55.67 52.84 33.75 24.26 24.26 31.2 37.53 56.19 48.09 53.54 61.05 66.99 61.54 67.24 85.24 87.45 93.72 97.1 102.18 107.16 111.74 116.0737 -9999
38.45 34.59 41.31 38.26 29.07 34.55 39.3 34.17 30.32 36.89 44.36 45.34 52.33 57.68 59.85 74.69 79.93 79.9 82.14 80.67 76.56 74.65 78.37 78.96 78.7 76.44 73.46 71.73 73.28 73.01 70.62 68.98 70.11 69.64 64.98 65.94 66.75 64.02 65.64 64.52 68.86 61.48 61.73 53.74 54.07 52.88 60.37 52.5 67.47 66.58 63.9 47.48 45.5 59.62 50.48 42.55 39.02 52.52 48.7 39.11 68.08 65.36 67.12 66.65 73.89 62.03 61.61 82.73 80.58 89.42 95.59 102.92 106.47 111.3 114.98 118.6866
29.44 25.41 24.51 18.11 21.87 21.42 22.27 23.85 31.67 39.99 37.24 42.94 48.08 59.57 67.54 71 74.24 80.19 82.49 83 79.87 73.25 74.42 81.51 77.38 70.82 68.97 71.51 76.75 74.47 75.17 72.45 74.09 73.65 69.76 69.8 71.23 70.13 71.67 73.64 74.56 58.64 55.39 54.8 61.24 58.17 50.84 49.31 63.95 48.96 54.19 58.18 66.12 74.21 69.7 66.37 66.26 64.47 62.86 71.49 82.11 77.32 76.91 73.69 78.66 84.47 74.2 68.12 84.46 92.73 93.11 103.26 108.54 112.02 117.34 119.2449
45.09 43.04 37.55 28.14 32.81 25.87 34 34.87 40.87 35.68 34.21 40.14 47.11 56.5 60.96 63.91 65.22 75.89 77.73 81.4 85.11 83.73 83.19 82.83 77.9 70.8 63.77 70.23 79.74 77.77 73.46 74.44 77.99 78.73 75.21 73.85 75.5 73.03 76.32 77.61 77.13 71.25 66.51 61.12 61.98 64.59 58.2 63.76 67.22 58.99 72.31 76.55 76.61 75.53 71.72 66.01 72.66 80.08 80.5 79.93 86.88 83.21 84.68 79.29 82.99 89.09 84.61 81.77 84.76 96.66 101.51 105.74 102.52 108.33 115.94 119.46
45.67 43.54 42.78 42.98 45.54 46.76 47.79 46.8 49.34 48.56 43.23 41.02 46.08 49.98 49.78 55.71 62.87 67.96 66.87 73.37 82.17 84.08 86.4 84.85 75.04 70.77 71.18 75.32 82.2 79.23 73.96 69.95 76.49 79.05 81.16 80.33 79.33 73.71 78.74 82.53 79.55 77.61 74.98 72.97 72.48 69.73 68.61 71.48 76.87 77.24 81.29 79.1 82.43 81.91 76.72 73.4 71.68 80.3 88.5 87.82 93.67 91.94 86.61 74.19 82.71 84.38 79.48 74.39 83.16 95.61 104.41 106.03 107.22 105.24 111.16 117.8219
48.25 48.14 45.68 45.33 45.79 45.72 46.08 50.51 51.85 50.32 47.64 45.63 46.27 45.83 45.08 27.6 35.84 58.91 65.53 72.06 76.64 80.42 84.18 87.22 86.38 82.14 78.41 82.7 85.52 80.57 76.14 69.15 71.91 78.06 81.39 84.06 82.21 81.37 84.2 85.14 80.83 82.71 83.07 81.81 77.95 79.59 80.45 83.77 84.91 84.82 84.83 85.34 82.96 82.14 82 81.29 76.54 77.14 86.31 97.39 99.71 97.54 87.62 79.78 81.47 77.69 67.93 71.99 97.43 103.57 108.92 108.45 106.44 109.7083 -9999 -9999
52.63 52.4 50.03 51.7 49.54 47.19 48.79 50.38 52.24 53.59 52.27 50.14 49.88 46.59 40.08 36.06 31.71 41.36 54.44 60.63 71.57 77.78 81.09 84.91 87 89.07 88.5 87.84 88.54 80.85 76.39 72.14 69.06 70.7 76.69 83.39 85.75 86.02 87.8 88.78 85.4 86.92 86.56 81.19 78.87 83.38 85.68 87.79 88.81 89.61 89.23 88.34 86.07 83.03 78.4 77.12 79.91 82.82 90.17 101.91 103.78 92.04 87.28 86.11 92.14 93.67 92.7 102.27 107.14 107.23 113.2755 111.8966 111.8929 -9999 -9999 -9999
54.24 55.78 54.11 53.94 53.85 54.4 53.21 51.72 52.08 54.75 54.09 51.35 50.26 47.4 45.3 43.69 47.56 51.99 61.1 62.38 67.32 78.08 82.7 79.24 77.15 82.55 87.2 89.37 92.05 88.96 84.63 84.78 82.17 75.86 72.7 77.01 79.22 76.99 83.27 87.48 89.88 90.49 87.14 85.29 86.12 87.62 87.98 89.02 89.63 90.07 90.31 88.48 83.82 80.75 78.81 81.56 89.16 91.63 91.67 92.04 105.59 91.26 95.81 104.23 111.54 112.3 109.78 104.38 106.4242 108.7895 -9999 -9999 -9999 -9999 -9999 -9999
59.03 58.32 55.7 56.69 57.45 55.49 54.11 53.4 54.38 51.71 49.75 51.01 51.53 47.74 49.82 49.76 51.59 51.35 63.81 70.07 72.12 80.03 82 77.64 71.01 77.44 78.57 80.07 85.94 90.08 93.25 91.44 88.57 86.16 83.56 80.93 84.71 85.31 84.76 87.08 86.63 91.22 91.87 92.97 92.76 89.95 88.83 89.76 90.35 89.1 86.56 82.53 77.95 75.49 78.11 81.82 91.7 98.2 99.36 103.39 112.01 110.57 112.2 117.11 119.7 114.25 113.2766 -9999 -9999 -9999 -9999 -9999 -9999 -9999 -9999 -9999
54.15 55.25 55.49 56.34 55.45 55.2 56.41 56.77 54.07 50.23 49.81 55.56 54.32 53.82 53.25 56.18 60.27 57.87 55.97 71.46 72.89 78.01 79.36 75.01 74.79 74.72 69.43 72.63 78.38 84.88 90.21 94.98 94.49 90.02 86.19 86.02 87.39 88.44 90.84 92.13 91.12 88.74 99.07 96.25 92.41 89.83 87.18 85.29 84.8 85.4 82.24 83.62 86.29 82.55 83.11 80.79 85.69 96.03 107.88 113.19 114.57 118.71 119.44 118.15 121.8085 -9999 -9999 -9999 -9999 -9999 -9999 -9999 -9999 -9999 -9999 -9999
46.64 45.41 46.09 50.64 52.58 49.96 50.4 51.98 52.61 52.11 54.98 59.68 58.97 56.86 57.66 57.22 65.44 64.46 69.82 58.93 56.91 57.57 68.01 72.05 68.75 70.28 65.08 72.71 81.78 86.37 91.82 93.76 96.45 94.37 89.59 89.15 89.47 90.04 92.74 98.3 94.4 97.05 95.54 91.99 89.69 86.75 83.2 81.23 79.72 76.89 80.65 86.39 94.91 94.55 95.36 86.9 95.15 108.31 112.77 111.39 104.71 115.55 123.96 124.0851 -9999 -9999 -9999 -9999 -9999 -9999 -9999 -9999 -9999 -9999 -9999 -9999
40.06 41.1 44.65 47.53 48.66 49.65 49.03 48.99 48.68 51.88 58.25 61.11 62.74 63.05 64.34 62.59 64.1 66.03 67.11 60 52.61 52.04 55.59 62.7 61.78 62.1 64.03 69.93 77.73 83.34 87.96 91.57 94.59 98.79 99.47 100.37 101.12 102.87 103.88 101.36 96.13 95.87 97.92 97.04 101.17 98.05 90.15 78.81 76.2 72.49 69.16 85.86 106.48 107.9 106.91 105.37 112.75 116.89 115.38 118.53 111.2449 117.963 127.7353 -9999 -9999 -9999 -9999 -9999 -9999 -9999 -9999 -9999 -9999 -9999 -9999 -9999
35.09 41 50.16 49.71 52.51 53.99 47.38 47.28 47.82 51.66 55.99 58.24 56.73 54.11 54.71 57.7 60.62 55.01 56.02 58.86 53.43 51.66 51.68 51.24 53.35 57.75 63.09 68.94 72.59 77.77 85.39 90.73 94.61 96.68 97.11 99.49 101.89 103.22 102.65 99.33 103.17 103.45 103.48 99.7 110.8 106.49 98.18 100 92.81 88.7 98.63 106.31 117.08 116.58 116.93 117.1837 123.1772 122.2727 -9999 -9999 -9999 -9999 -9999 -9999 -9999 -9999 -9999 -9999 -9999 -9999 -9999 -9999 -9999 -9999 -9999 -9999
41.95 46.02 49.64 51.56 54.84 55.26 49.11 47.58 47.62 45.97 44.59 42.82 42.81 45.87 48.2 48.92 50.81 48.07 46.78 49.13 56.25 52.28 50.47 47.05 47.86 53.73 59.24 64.29 64.73 63.29 74.99 85.78 87.45 90.44 93.48 95.54 93.61 100.44 100.28 98.98 103.37 99.58 97.36 94.53 106.6 114.43 114.42 104.89 93.49 109.94 118.21 121.7 124 -9999 -9999 -9999 -9999 -9999 -9999 -9999 -9999 -9999 -9999 -9999 -9999 -9999 -9999 -9999 -9999 -9999 -9999 -9999 -9999 -9999 -9999 -9999
47.9 56.61 57.5 56.92 57.26 53.28 50.77 47.88 46.22 46.43 42.08 38.89 39.92 43.63 39.49 41.3 43.89 46.18 46.16 44.51 43.91 53.65 47.39 43.78 37.59 44.23 54.38 59.86 63.4 67.03 73.32 77.86 77.89 83.6 88.56 94.25 95.84 93.88 92.09 96.26 98.74 97.1 100.47 102.04 112.39 122.24 108.99 98.73 106.39 122.3521 -9999 -9999 -9999 -9999 -9999 -9999 -9999 -9999 -9999 -9999 -9999 -9999 -9999 -9999 -9999 -9999 -9999 -9999 -9999 -9999 -9999 -9999 -9999 -9999 -9999 -9999
