layers/wordclim/future/Iberia_wcB2a_10_hadcm3_2080/bio_18.asc
ncols         166
nrows         93
xllcorner     -9.4959440078468
yllcorner     36.000324005443
cellsize      0.083333337679505
NODATA_value  -9999
[rows 35 to 69 of 93, columns 0 to 76 of 166]
-9999 -9999 -9999 -9999 -9999 -9999 -9999 -9999 -9999 -9999 63.7191 64.29 59.77 70.58 64.55 64.93 62.8 54.9 55.52 58.03 58.93 57.76 55.97 55.33 54.05 54.69 48.42 44.26 42.9 40.88 41.88 41.6 39.3 37.96 38.76 38.99 37.81 36.2 35.93 35.33 34.79 34.92 34.96 35.62 36.12 37.5 37.62 35.73 36.45 36.52 36.66 37.61 39.52 40.83 40.68 39.43 40.41 39.69 41.29 43.09 44.29 45.53 46.56 52.41 65.36 66.92 74.37 68 52.99 44.74 42.49 38.68 39.47 42.97 42.78 41.45 40.01
-9999 -9999 -9999 -9999 -9999 -9999 -9999 -9999 -9999 58.56757 60.20652 58.25 56.8 60.18 62.44 58.85 60.01 55.88 57.36 57.28 54.16 52.58 51.49 51.97 50.5 48.13 46.03 45.77 44.96 43.6 42.14 43.02 40.27 39.03 38.21 39.93 38.3 36.08 36.14 36.59 35.74 35.46 36.6 38.31 39.43 36.39 35.43 35.76 36.05 36.85 38.29 40.45 43.21 43.79 44.62 45.33 44.93 43.21 43.82 44.59 50.44 51.04 54.58 56.57 54.17 48.65 48.19 44.32 43.23 44.75 38.55 34.71 37.23 38.9 40.55 37.98 40.33
-9999 -9999 -9999 -9999 -9999 -9999 -9999 -9999 -9999 53.77027 51.69072 55.29 53.52 56.25 60.39 65.26 67.08 55.87 53.69 51.74 51.01 51.49 52.04 49.05 45.44 45.87 46.11 51.17 48.38 45.07 44.28 43.54 42.26 38.98 37.26 36.62 36.97 37.42 37.92 38.63 39.36 39.47 38.23 36.48 36.29 36.21 36.43 36.72 37.47 40.69 43.14 44.59 48.72 48.68 47.93 45.8 42.9 42.37 44.53 47.57 51.32 54.32 53.7 57.21 47.25 41.26 44.16 43.09 37.67 35.93 33.68 32.6 34.99 35.89 36.88 35.72 42.05
-9999 -9999 -9999 -9999 -9999 -9999 -9999 -9999 -9999 54.73 51.88 53.08 53.19 53.48 61.25 67.03 54.04 51.97 50.51 51.27 49.54 48.87 46.91 48.59 58.83 59.34 54.55 52.76 50.45 47.13 44.77 45.02 42.12 38.88 37.96 36.68 36.74 40.09 42.55 47.15 41.39 39.83 36.29 34.7 36.56 37.57 36.69 38.65 40.72 41.4 41.98 47.05 54.16 47.88 45.05 45.67 48.38 48.51 46.74 42.46 44.47 42.24 43 45.7 40.08 38.9 36.56 35.08 33.91 34.32 33.04 31.75 33.17 32.79 33.27 38.86 42.26
-9999 -9999 -9999 -9999 -9999 -9999 -9999 -9999 52.37097 53.06 51.82 52.76 49.69 54.66 57.04 54.89 52.51 50.48 50.41 49.18 49.37 50.35 60.94 74.34 65.57 57.81 51.08 52.66 49.75 46.05 45.55 45.45 41.15 40.06 40.42 39.06 38.29 39.73 39.67 39.59 38.52 30.96 30.88 33.79 34.22 38.53 38.97 37.95 37.99 41.18 50.02 56.99 58.01 55.55 57.1 53.01 45.17 40.48 37.52 37.59 35.95 34.1 36.65 37.1 35.03 34.14 33.74 34.09 33.44 33.38 32.81 30.19 30.04 31.17 36.69 40.89 40.68
-9999 -9999 -9999 -9999 -9999 -9999 -9999 -9999 51.28571 55.33 53.12 53.66 50.16 54.71 54.01 50.85 49.41 49.48 50.02 51.37 52.29 62.84 88.66 75.36 54.18 46.36 44.19 48.57 49.69 47.03 47.62 45.97 44.43 43.05 42.09 40.35 44.35 40.93 38.69 31.51 28.41 29.14 32.8 34.15 40.02 53.33 49.19 39.56 41.62 51.89 55.45 55.56 55.77 48.82 48.22 44.16 41.84 44.58 47 43.1 33.78 32.43 32.53 31.76 30.12 32.45 32.74 33.74 33.45 31.11 31.16 29.91 29.93 33.78 37.34 38.74 38.17
-9999 -9999 -9999 -9999 -9999 -9999 -9999 -9999 52.07 52.27 53.72 52.67 51.71 53.7 52.43 48.71 49.45 49.42 49.68 52.97 54.82 59.83 77.84 72.17 46.88 42.79 44.02 44.13 46.83 50.25 49.67 51.05 47.03 44.41 45.23 40.23 37 32.86 30.89 28.57 26.47 28.5 30.47 33.62 51.48 61.46 47.73 44.87 51.34 57.12 64.75 60.36 54.62 43.47 46.5 46.28 35.59 30.05 32.15 34.01 33.94 32.61 29.72 27.66 30.03 31.78 31.23 32.59 32.65 30.82 29.95 29.46 30.84 34.93 36.16 36.29 38.81
-9999 -9999 -9999 -9999 -9999 -9999 -9999 52.32877 50.07 49.02 51.23 49.42 50.48 52.66 51.31 50.76 49.72 51.53 57.78 63.79 65.85 54.8 50.34 47.27 45.67 44.36 42.41 41.39 42.33 43.54 39.14 36.87 44.27 37.11 33.28 31.02 29.65 30.46 28.44 27.02 25.25 25.02 32.24 45 37.3 45.42 60.89 59.67 57.73 39.32 46.83 42.21 31.83 27.26 30.14 24.97 27 28.61 30.85 32.39 29.26 27.28 27.17 28.56 31.02 31.22 29.84 31.78 31.15 31.02 30.08 29.77 30.76 32.49 34.27 36.03 36.23
-9999 -9999 -9999 -9999 -9999 -9999 -9999 -9999 48.02273 47.48 49.1 49.05 51.98 52.53 50.73 54.18 57.79 59.55 59.1 61.42 57.44 50.33 50.38 50.18 47.25 43.3 39.69 38.1 38.26 36.15 33.64 33.32 33.95 30.91 27.99 28.11 28.99 29.02 26.71 25.68 25.06 26.81 33.41 32.44 38.77 32.37 30.97 30.02 27 22.94 22.61 22.67 23.41 24.63 25.53 26.66 30.61 32.74 27.34 26.45 26.3 26.94 27.7 29.23 29.85 28.84 30.08 30.35 30.51 31.05 29.07 29.43 31.92 34.24 34.4 33.47 33.38
-9999 -9999 -9999 -9999 -9999 -9999 -9999 46.22667 47.36 45.64 46.98 50.74 52.39 51.47 57.72 62.73 58.63 54.49 54.18 51.57 48.5 54.07 49.06 50.48 42.55 39.14 38.5 36.94 37.18 37.59 35.53 31.46 29.8 27.01 26.6 26.94 26.58 25.19 24.03 23.92 24.31 25.55 26.26 27.09 27.07 23.13 22.64 21.98 21.99 22.01 21.44 22.21 22.48 22.92 23.44 25.4 25.15 23.89 24.16 25.25 25.99 26.85 27.29 28.08 28.02 28 28.58 28.33 29.9 28.99 27.84 29.19 30.04 30.86 31.25 33.07 35.66
-9999 -9999 -9999 -9999 -9999 -9999 -9999 44.91 44.64 44.17 43.94 50.78 49.79 50.59 55.32 53.73 51.29 50.85 53.66 53.33 52.97 48.84 41.21 41.5 40.36 37.77 36.75 35.18 34.79 34.12 31.85 30.28 30.56 28.06 26.34 25.56 24.6 23.65 23.68 24.43 25.34 24.21 23.09 21.7 21.79 21.97 21.99 21.47 21.05 21.29 21.93 22.01 22 22.36 22.93 22.58 22.67 22.81 23.53 25.44 26.51 26.84 26.92 27.13 27.31 27.95 27.85 27.07 27.49 28.11 30.41 31.85 33.74 33.97 34.38 36.28 37.67
-9999 -9999 -9999 -9999 -9999 -9999 41.60318 39.36 44.23 44.43 44.19 47.41 46.42 48.71 48.99 47.96 50.28 53.24 54.18 57.16 47.84 41.69 38.89 38.99 38.76 36.66 32.79 32.42 31.89 33.19 31.02 29.45 28.8 28.5 26.26 25.54 25.22 24.76 25.6 27.07 25.16 23.33 21.76 21.05 21.06 21.15 21.73 22.33 21.64 21.48 22.03 22.53 21.99 22 21.98 22.58 24.9 24.41 23.16 22.74 23.95 25.1 25.74 25.69 26.92 27.66 27.2 27.06 27.54 28.31 30.02 31.8 32.37 33.14 34.28 35.58 36.83
-9999 -9999 -9999 -9999 -9999 -9999 39.05102 38.55 40.85 43.93 45.25 44.54 42.96 45.9 44.7 44.82 45.25 47.18 50.98 50.07 43.3 40.32 39.64 38.75 35.8 32.35 32.19 31.5 32.51 30.55 29.7 29.31 28.43 27.41 25.7 25.64 25.68 26.09 24.65 23.41 22.92 22.04 22.47 22.28 22.08 20.95 22.2 22.77 21.74 21.95 22.16 22.29 21.3 22.32 22.3 22.8 24.83 25.47 25.17 25.62 25.61 24.25 25.97 28.33 28.91 29.95 30.42 29.48 29.26 29.48 29.17 29.92 31.34 31.92 33.16 33.93 34.66
-9999 -9999 -9999 -9999 -9999 38.71429 38.05 39.14 39.47 42.71 43.3 40.57 39.55 41.5 44.13 42.08 44.15 44.26 44.98 42.33 39.25 39.28 36.87 35.15 35.14 35.44 33.3 31.66 31.99 30.99 28.77 28.51 28.87 28.5 27.4 24.6 23.21 23.31 23.55 24.01 23.36 22.51 23.18 23.35 24.55 25.15 24.79 23.8 24.55 25.02 24.51 23.1 23.64 23.43 26.13 25.63 26.3 26.58 27.41 26.88 27.2 26.35 28.45 30.13 29.6 30.88 30.88 30.36 30.04 30.55 30.03 30.68 30.96 31.58 32.65 33.06 33.71
-9999 -9999 -9999 -9999 -9999 34.97561 36.46 39.19 40.55 45.03 41.97 40.52 38.35 37.79 39.91 39.25 41.48 43.1 42.46 39.42 37.42 36.27 34.97 35.22 35.1 34.08 32.05 32.88 31.4 30.74 29.04 28.99 28.95 28.74 28.26 25.57 23.79 23.17 22.73 22.51 22.47 22 22.23 22.7 23.04 23.7 24.95 26.15 26.54 29.28 26.94 27.42 24.52 24.33 28.72 28.72 29.84 30.07 30.71 30.56 30.63 28.42 29.09 30.75 31.57 31.12 31.36 30.87 30.23 30.54 29.97 30 31.01 31.37 31 32.13 32.81
-9999 -9999 -9999 -9999 -9999 33.71717 35.42 42.51 45.18 44.22 42.6 36.38 36.13 35.21 36.6 37.45 37.79 38.02 37.73 37.21 35.59 36.57 36.06 35.86 34.18 34.36 33.81 33.78 32.78 31.16 29.55 28.41 28.16 27.38 27.04 26.38 24.99 22.77 22.66 22.12 21.94 21.96 22.05 22.76 23.04 23.69 23.92 24.63 29.92 30.25 31.29 27.37 27.21 24.54 25.33 27.91 28.88 29.19 34.35 29.69 34 32.97 32.85 32.43 32.84 32.81 31.73 29.23 28.95 29.26 29.16 29.38 30.67 30.47 31 31.61 32.03
-9999 -9999 -9999 30.76191 31.2 33.64 36.54 40.38 38.87 36.09 35.03 34.55 33.41 33.84 33.14 32.88 33.39 33.13 35.12 35.54 36.59 36.42 36.11 35.97 37.15 35.77 34.88 34.01 33.58 32.39 30.21 29.2 27.72 26.03 25.93 26 24.99 23.88 23.03 22.36 22.02 21.96 22 23.3 23.55 27.57 25.63 25.5 29.25 31.82 26.08 24.36 23.8 24.45 22.77 23.43 22.94 24.21 26.45 25.82 28.46 27.71 27.43 27.13 32.38 35.68 33.73 31.1 29.31 29.94 29.04 29 29.49 28.98 30.45 31.5 32.07
-9999 -9999 28.17188 29.43023 30.58 31.98 34.1 32.85 33.25 34.12 32.85 32.69 33.32 35.11 34.37 34.44 33.49 34.67 34.97 34.93 35.01 35.43 35.85 36.72 38.85 40.38 38.6 36.27 34.07 32.41 31.72 30.67 28.1 28.28 26.63 25.73 25.24 24.1 22.77 22.57 22.21 22.15 22.27 22.75 22.93 25.77 26.74 25.79 24.66 24.22 23.29 21.11 22.19 21.06 21.19 21.18 22.68 22.86 24.25 26.35 27.87 29.21 26.96 28.29 29.71 29.93 32.08 30.53 29.08 30.2 31.99 29.46 28.14 28.07 29.13 30.28 31.42
-9999 -9999 29.49 30.11 30.47 30.96 31.28 30.3 31.08 30.93 30.57 31.1 32.86 33.47 33.68 33.46 33.64 33.13 33.07 33.59 32.57 33.16 33.71 34.73 36.85 40.89 39.62 34.69 31.45 31.01 30.25 28.8 27.47 27.59 26.15 25.88 25.71 23.74 23.71 23.01 22.41 22.27 22.49 22.04 20.71 21.33 20.28 20.62 20.33 22.02 21.6 19.71 19.87 19.72 23.08 21.83 22.04 23.7 23 23.82 24.3 23.77 23.98 25.62 28.44 28.36 27.42 28.44 30.28 30.11 32.6 28.89 27.54 27.37 27.85 28.97 30.55
-9999 -9999 28.71 28.86 29.59 33.37 29.98 30.23 30.4 30 29.88 30.9 31.92 32.51 32.86 31.11 31.17 30.49 31.57 31.93 31.04 31.88 33.86 33.82 34.01 34.65 34.46 32.84 30.53 29.63 29.97 27.16 26.55 26.06 25.7 25.95 25.1 24.92 23.69 22.63 24.83 22.99 20.79 20.56 19.02 19.11 18.55 19.03 18.51 19.19 20.03 19.88 19.42 19.55 21.26 23.66 22.37 22.32 22.15 23.07 24.9 24.05 21.97 23.09 26.26 26.68 25.62 24.88 25.34 27.38 26.47 25.28 26.39 27 27.36 28.57 30.07
-9999 29.6875 29.32 29.69 31.13 29.56 28.48 29.18 28.47 28.11579 29.22 29.76 30.59 31.67 32.21 32.4 29.88 30.66 30.36 30.16 30.15 30.66 31.52 33.08 32.95 32.34 31.52 30.98 29.92 28.85 27.82 26.03 25.95 25.14 24.73 24.47 23.36 23.08 23.64 22.12 21.69 20.24 19.96 19.33 19 18.09 17.96 17.54 17.4 18.05 18.93 18.94 19.94 20.54 20.6 22.02 23.45 22.14 21.79 23.77 24.77 23.92 23.45 22.28 24.32 25.02 23.5 22.93 23.24 23.78 24.2 24.81 25.41 26.69 27 27.66 29.24
-9999 29.94 29.39 30.1 31 29.89 27.43617 27.17778 27.18391 27.59 28.29 28.84 29.81 29.61 29.73 30.22 29.35 29.2 29.88 30.28 29.96 30.07 30.22 30.25 30.81 31.07 30.44 29.75 29.8 28.79 25.83 25.17 24.45 24.03 23.87 23.7 22.83 21.94 22.33 22.57 20.85 19.61 19.02 19.02 18.81 17.42 17.45 18.64 18.89 17.48 18.43 18.88 18.62 19.41 19.79 20.95 22.19 22.93 22.16 21.35 21.45 24.03 23.07 21.08 22.89 21.53 21.01 21.16 21.64 22.91 23.95 24.26 24.97 25.77 27.02 28.05 30.08
-9999 30.81633 31.96 31.7 32.39 29.53608 26.41772 26.02 26.73 27.62 27.77 27.55 27.7 28.1 28.67 29.14 29.55 28.03 27.84 29.44 30.46 30.3 30.38 30.36 30.46 30.76 31.51 30.78 28.29 27.25 26.46 25 24.76 23.99 22.67 21.46 20.76 20.43 21 20.85 18.68 18.23 18.65 19 18.83 18.58 17.56 17.41 17.5 18.4 18.4 17.74 19.08 21.67 20.23 20.87 20.91 20.44 19.99 22.44 20.86 21.13 22.01 20.75 21.71 20.71 20.99 21 21.09 21.73 23.7 24 24.52 25.57 26.85 28.7 30.45
-9999 32.46 32.71 31.48 28.64 27.38333 25.77778 26 26.06 27 27.98 28 27.39 27.99 27.94 28.45 29.45 30 28.37 28.21 29.21 30.52 31.83 32.1 30.99 30.21 32.13 30.44 27.27 26.6 26 25 24.4 23.59 22.39 20.68 20.5 20.41 19.83 19.18 19.07 19.05 18.9 19.47 19.16 19.13 19.02 17.28 17.53 17.96 18.55 18.1 17.77 19.24 18.53 19.13 19.81 20.52 22.02 22.54 20.54 20.32 22.32 21.75 20.84 20.29 20.32 20.63 21.59 22.06 23.87 25.52 25.32 25.2 26.51 28.11 30.51
35.67901 33.89 32.38 30.14 27.52128 -9999 -9999 25.62 25.93 26 26.51 27.47 27.87 27.45 27.82 28.53 29.84 30 28.22 28.98 28.91 29.85 30.43 31.89 32.03 29.58 28.07 27.03 25.94 26.1 26.66 25.09 24.47 24 23.14 21.54 22.02 21.4 19.7 20.41 20.45 20.49 20.22 19.77 20.57 19.27 19.06 18.44 17.94 18.66 19.08 19.08 18.51 16.6 18.29 18.49 18.41 18.19 20.27 20.51 21.84 20.94 20.74 21.41 21.7 21.84 23.43 22.32 21.06 21.33 22.41 23.84 24.46 25.15 26.88 27.45 28.94
32.86 30.88732 29.2027 28.45455 27.44444 25.375 25.01124 25 25.08 25.55 26.22 26.72 27.15 27.57 27.38 28.78 29.93 30.29 30.46 28.65 29 28.83 30.72 30.26 28.71 28.62 25.64 25.26 25.87 25.69 25.79 25 24.41 23.9 23.27 22.42 21.87 22.61 20.38 19.16 20.45 20.87 20.91 20.11 19.86 19.58 19.19 19.36 19.4 20.13 19.54 18.9 17.4 16.71 16.57 15.97 16.31 17.75 18.34 18.8 20.3 22.17 21.89 21.3 21.37 22.23 24.28 23.65 20.15 21.08 23.16 23.14 24.08 25.15 25.99 27.15 27.89
-9999 -9999 -9999 27.97297 26.64935 25.84524 25.11 25 25 24.9 24.97 25.36 26.11 27.54 28.22 28.4 29.46 29.97 30.15 29 28.08 27.73 27.89 27.58 26.62 25.21 25 24.76 25.46 26.15 26.65 26.15 24.73 24.08 23.6 22.75 22.74 22.8 21.84 20.14 21 20.67 21.1 20.84 19.78 20.04 19.83 20.5 19.69 18.76 17.37 16.88 16.62 15.94 18.44 16.28 17.4 18.99 18.65 19.2 19.86 21.61 21.83 21.55 21.98 21.88 20.73 20.49 23.09 20.64 23.2 23.54 24.06 24.93 25.96 27.51 28.09
-9999 -9999 -9999 -9999 27.89 26.43 26.54545 25.27059 25 24.95604 24.61 24.12 24.25 26.47 27.18 27.56 28.13 28.13 28.01 28.29 26.76 26.71 26.43 26.88 26.19 25.51 23.56 24.26 24.62 25.84 26.24 27.17 27.41 26.15 25.32 23.39 22.99 23.06 22.74 21.47 19.9 21.55 21.09 20.7 19.79 20.38 20.72 20.01 19.39 18.14 18.15 17.92 17.98 17.34 17.53 16.57 16.52 16.88 18.45 21.43 22.99 21.73 20.81 20.34 18.52 19.55 20.71 20.42 20.28 22.26 22.41 24.06 24.85 25 25.93 26.34 26.69
-9999 -9999 -9999 -9999 28.76543 28.65714 -9999 24.70588 -9999 24.08974 23.88 23.17 23.23 23.41 24.37 25.33 25 25 25.28 25.52 25.52 25 25.84 25.03 24.69 23.25 22.21 23.35 23.82 24.25 25.1 26.59 27.93 27.94 27.39 24.6 23.04 23.04 22.94 22.37 20.61 20.2 20.43 20.4 20.23 20.05 19.97 19.31 19.25 19.03 18.32 18.36 18.26 17.55 17.99 18.01 17.81 17.73 17.38 17.59 19.25 23.21 23.09 22.77 22.24 19.14 17.82 20.88 23.61 25.68 27.04 23.54 23.95 24.21 23.85 23.93 25.59
-9999 -9999 -9999 -9999 -9999 -9999 -9999 -9999 24 23.76531 23.02105 22.93 22.91 23 23.06 24.12 24.47 24.77 25.04 25.7 25.22 25.6 24.29 23.13 21.89 21.11 21.47 22.03 22.89 23.59 23.79 25.47 26.7 23.02 23.66 23.95 23.66 23 23.01 22.99 21.83 20.46 20.95 19.94 20.04 20.06 19.6 19 19 18.91 18.78 18.97 18.59 18.18 18 18.26 18.47 17.98 18.49 18.56 17.77 18.22 17.92 19.9 20.26 20.54 16.83 19.86 20.02 21.13 23.48 22.84 23.03 21.04 20.68 21.42 23.08
-9999 -9999 -9999 -9999 -9999 -9999 -9999 -9999 -9999 23.67 23.01 22.91 22.5 22.42 22.58 22.37 22.83 23.72 24.3 23.48 24.66 25.85 25.6 23.08 21.14 21 20.71 20.69 21.03 21.46 22.71 23.1 22.23 21.35 21.74 21.69 22.29 22.74 23 23 22.29 21.18 20 20.1 20.11 20.32 19.09 19 18.99 18.19 18.06 17.81 18.98 20.12 18.2 17.68 18.83 18.13 18.57 18.69 19.39 19.34 19.07 16.89 18.5 17.49 16.21 16.93 17.37 17.09 17.79 18.13 17.44 17.29 17.84 20.25 21.51
-9999 -9999 -9999 -9999 -9999 -9999 -9999 -9999 -9999 23.73 23.73 21.56 21.89 21.72 21.4 21.72 21.57 22.06 22.66 23.2 23.5 23.65 24.02 22.25 20.76 20.81 20.71 20.21 20.1 20.01 20.03 21.46 22.71 25.3 24.87 23.04 22.13 22.39 22.79 21.56 21.5 21.49 20.83 20.13 19.5 18.66 17.6 18.02 18.65 18.75 18.78 17.62 16.79 17.12 18.43 17.06 16.36 16.65 18.19 17.3 17.52 17.1 18.61 15.62 16.8 16.27 15.04 16.92 14.38 13.92 14.39 15.54 14.02 16.57 19.28 20.02 19.47
-9999 -9999 -9999 -9999 -9999 -9999 -9999 -9999 21.34615 23.01 24.66 22.08 21.01 20.62 20.89 20.13 20.09 20.44 21.65 21.34 21.35 20.98 20.58 21.32 21.28 20.03 19.97 19.93 19.95 19.51 20.19 21.03 22.35 23.62 24.01 24.95 24.49 23.61 23.31 22.4 20.19 19.06 19.54 20.87 19.95 18.91 17.73 17.12 16.89 17.22 17.24 17.7 18.36 17.28 15.53 15.92 15.17 14.53 15.07 14.63 12.64 13.01 13.67 13.5 13.88 13.8 14.14 12.68 12.31 12.26 13.9 13.07 13.66 15.73 15.94 16.59 18.49
-9999 -9999 -9999 -9999 -9999 -9999 -9999 -9999 20.84615 22.66 23.16 21.81 20.55 20.05 19.28 19.52 20.04 20.86 20.35 20.99 20.68 21.13 19.5 20.59 21.81 20.39 19.83 19.87 20.24 21.56 22.79 21.79 20.23 22.65 24.82 24.28 24.02 25.61 24.36 21.86 20.74 18.68 17.97 18.08 19.3 19.83 19.05 17.5 15.4 14.39 15.5 14.85 16.4 16.93 16.26 15.47 15.37 12.88 12.76 12.26 11.72 11.75 11.55 11.64 11.97 12 12 12 12.02 12.22 12.32 13.82 17.06 18.58 18.79 17.68 15.64
-9999 -9999 -9999 -9999 -9999 -9999 -9999 21.03846 20.76344 22.09 20.75 20.12 19.98 19.05 19 19 19.61 19.94 19.07 19.82 19.94 19.88 19.26 19.22 19.73 21.03 18.75 18.08 19.08 19.03 19.85 22.16 22.13 22.25 22.1 20.37 19.7 20.95 21.72 19.31 19.87 20.41 17.49 18.62 18.91 18.05 19.48 18.98 16.82 15.8 13.71 13.6 14.75 14.12 13.62 14.05 13.84 11.5 10.58 10.73 10.21 11.86 11.36 11.84 12.02 12.06 12 12.1 12.01 12.08 12.14 13.19 14.1 13.62 13.86 14.36 15.61
