layers/wordclim/future/Iberia_wcB2a_10_hadcm3_2080/bio_09.asc
ncols         166
nrows         93
xllcorner     -9.4959440078468
yllcorner     36.000324005443
cellsize      0.083333337679505
NODATA_value  -9999
[rows 0 to 32 of 93, columns 0 to 72 of 166]
-9999 -9999 -9999 -9999 -9999 -9999 -9999 -9999 -9999 -9999 -9999 -9999 -9999 -9999 -9999 -9999 -9999 189.8537 182.1389 193.3433 193.7727 192.6023 195.9275 196.3636 -9999 -9999 -9999 -9999 -9999 -9999 -9999 -9999 -9999 -9999 -9999 -9999 -9999 -9999 -9999 -9999 -9999 -9999 -9999 -9999 -9999 -9999 -9999 -9999 -9999 -9999 -9999 -9999 -9999 -9999 -9999 -9999 -9999 -9999 -9999 -9999 -9999 -9999 -9999 -9999 -9999 -9999 -9999 -9999 -9999 -9999 -9999 -9999 -9999
-9999 -9999 -9999 -9999 -9999 -9999 -9999 -9999 -9999 -9999 -9999 -9999 -9999 -9999 -9999 -9999 191.9394 191.0316 188.1 192.77 187.26 186.54 194.5152 188.28 189.83 196.8763 -9999 -9999 -9999 -9999 -9999 -9999 -9999 -9999 -9999 -9999 -9999 -9999 -9999 -9999 -9999 -9999 -9999 182.8594 183.2308 -9999 -9999 -9999 -9999 -9999 -9999 -9999 -9999 -9999 -9999 -9999 -9999 -9999 -9999 -9999 -9999 -9999 -9999 -9999 -9999 -9999 -9999 -9999 -9999 -9999 -9999 -9999 -9999
-9999 -9999 -9999 -9999 -9999 -9999 -9999 -9999 -9999 -9999 -9999 -9999 -9999 -9999 191.7222 193.8737 193.0606 191.57 189.98 184.73 181.32 183.47 187.17 181.56 195.41 201.25 202.1789 202.038 203.0141 207.0727 205.925 205.6905 203.4737 206.8312 200.9873 199.2273 185.1918 179.8194 177.3523 179.2577 180.4744 181.6667 183.2323 183.2 181.78 184.961 184.918 181.6333 181.2203 -9999 -9999 -9999 -9999 -9999 -9999 -9999 -9999 -9999 -9999 -9999 -9999 -9999 -9999 -9999 -9999 -9999 -9999 -9999 -9999 -9999 -9999 -9999 -9999
-9999 -9999 -9999 -9999 -9999 -9999 -9999 -9999 -9999 -9999 -9999 -9999 -9999 -9999 -9999 -9999 190.8283 185.56 183.45 187.32 183.38 178.43 175.92 176.3 185.78 196.71 201.96 196.56 204.4 204.303 197.28 194.31 193.36 200.67 188.71 195.14 196.51 184.89 171.73 177.6 183.2828 177.67 176.04 179.92 181.56 181.25 177.01 176.03 183.15 181.38 180.86 178.9615 185.8333 188.0508 187.64 -9999 -9999 -9999 -9999 -9999 -9999 -9999 -9999 -9999 -9999 -9999 -9999 189.4931 -9999 189.3333 186.7708 188.931 188.2609
-9999 -9999 -9999 -9999 -9999 -9999 -9999 -9999 -9999 -9999 -9999 -9999 -9999 -9999 195.8955 196.9375 192.41 187.31 186.43 183.76 187.09 186.08 186.29 182.09 185.96 188.55 193.42 199.82 199.6 190.09 182.1 188.08 194.82 191.46 187.13 196.45 189.38 184.26 188.9 183.67 181.06 184.76 184.73 179.95 182.12 181.4 179.34 179.64 180.04 181.03 181.72 187.16 188.01 181.14 180.43 178.5 172.8 180.7128 185.9383 191.1644 192.4545 193.1795 191.2083 188.3374 189.3061 192.07 189.85 189.58 187.75 189.84 185.41 186.48 189.4881
-9999 -9999 -9999 -9999 -9999 -9999 191.9259 193.825 193.0676 -9999 192.5811 193.1566 193.08 196.3737 197.45 -9999 193.74 189.13 183.5 186.05 189.31 190.99 191.89 194.34 192.76 193.72 193.78 199.94 188.59 185.59 187.36 198.25 193.61 182.02 183.33 193.49 197.85 196.94 191.5 193.72 186.78 182.52 179.77 181.02 180.2 180.66 177.76 172.28 170.85 175.79 170.99 175.38 180.3 172.47 170.97 172.72 176.98 174.64 180.61 178.72 185.03 182.42 184.31 185.94 183.03 187.48 187.31 186.4 179.78 176.6 178.59 181.2 185.9
-9999 -9999 -9999 -9999 -9999 -9999 191.3014 192.63 193.26 194 192.79 187.17 190.02 192.66 197.09 196.98 191.81 189.52 186.77 189.15 189.99 194.82 195.7 198.17 198.6 196.52 193.34 196.55 192.39 189.56 195.16 200.55 187.49 180.06 191.48 196.33 194.92 183.41 186.81 184.05 183.63 191.63 176.39 183.32 182.19 178.78 178.83 180.49 179.58 178.38 176.04 177.83 180.92 170.77 150.93 161.17 157.94 162.71 181.78 178.34 184.2 185.05 183.99 182.57 182.94 184.6 184.81 183.65 184.1 183.54 174.73 185.65 190.97
-9999 -9999 -9999 -9999 193.6667 190.21 190.7 188.14 187.17 189.05 187.62 189.65 192.14 191.96 193.71 191.39 188.56 189.04 188.42 191.46 192.48 194.6 198.89 199.78 199.67 196.55 192.56 197.01 186.73 191.44 189.25 197.43 189.47 183.72 191.47 194.18 183 172.3 184.87 175.94 181.75 177.72 189.19 189.6 196.78 188.08 189.26 189.63 180.82 174.92 179.88 175.47 170.21 179.68 165.76 159.51 167.34 188.61 194.28 192.38 172.8 182.98 187.8 188.8 189.81 193.37 191.13 196.1 193.81 178.07 173.89 180.07 185.36
-9999 -9999 -9999 192.8351 190.93 186.49 187.46 187.48 188.32 188.76 191.19 193.83 197.09 197.35 196.73 195.63 193.16 190.67 185.84 189.94 194.92 195.6 199.6 200.45 198.43 196.98 192.4 191.11 197.34 196.1 203.27 201.25 187.56 179.42 190.92 178.49 179.21 160.15 159.08 163.54 153.84 164.87 159.03 183.48 192.19 168.43 166.32 172.77 165.63 162.67 173.87 167.37 175.54 178.66 168.86 170.11 158.13 161.45 171.98 181.67 176.06 161.83 171.29 184.07 187.46 189.67 188.78 190.49 188.17 188.95 193.53 194.96 195.42
-9999 -9999 -9999 194.2823 188.1111 187.19 187.56 189.46 191.55 192.95 195.66 198.36 200.33 200.22 198.38 196.46 196.72 191.2 191.06 190.17 194.86 194.88 197.56 203.55 205.52 203.65 196.17 196.97 195.79 204.69 202.97 193.58 192.06 182.5 180.15 173.43 166.6 174.46 174.55 174.18 169.89 175.69 174.01 169.43 175.57 177.94 173.92 179.12 171.78 177.5 187.17 180.89 180.8 182.9 185.39 175.92 162.85 160.38 166.1 178.05 183.79 165.04 173.16 188.75 191.78 192.7 193.59 193.01 193.35 195.09 199.32 204.7 202.63
-9999 -9999 -9999 -9999 193.5 186.98 189.56 193.49 193.45 198.99 202.72 200.65 200.68 203.77 202.71 201.56 203.16 200.76 198.39 196.53 195.24 199.59 203.87 207.34 209.54 206.98 202.94 196.12 203.25 204.45 193.47 180.32 170.41 171.57 181.2 179.11 181.3 176.04 165.38 171.05 167.17 167.6 177.58 186.89 175.01 185.59 188.18 190.28 183.6 192.14 193.57 186.25 191.13 185.21 189.55 179.22 178.06 177.89 179.16 189.94 193.76 193.36 193.21 195.92 195.26 196.03 193.69 199.03 197.85 201.44 198.45 201.7 206.65
-9999 -9999 -9999 -9999 196.55 195.4063 198.197 200.8462 191.12 199.49 203.8 206.24 205.65 207.61 207.6 199.8 199.99 197.5 194.86 199.06 197.12 199.9 207.79 203.47 204.42 210.93 198.68 195.34 198.88 196.39 191.31 171.2 183.09 191.66 200.69 197.99 184.54 171.84 171.51 173.49 182.63 189.78 195.4 196.98 198.79 194.75 202.95 203.86 200.04 203.14 201.83 200.5 201.2 197.37 200.33 193.98 190.29 196.61 196.55 195.07 198.08 199.78 202.68 202.6 199.67 203.08 202.81 198.92 201.44 199.71 195.84 202.24 203.21
-9999 -9999 -9999 -9999 -9999 -9999 189.25 197.8 198.17 204.57 203.87 203.01 206.29 198.65 200.89 199.28 195.12 196.63 193.55 192.3 201.22 208.7 202.06 201.18 205.93 205.5 196.11 185.08 183.04 188.13 194.99 188.43 201.79 210 208.71 209.75 200.72 198.1 198.8 196.02 191.58 193.52 199.94 205.42 207.65 205.77 211.93 212.96 209.47 212.91 207.78 210.14 207.83 208.02 204.98 201.7 201.4 202.09 204.05 202.43 206.11 205.63 206.63 202.82 202 202.61 203.8 203.33 204.6 202.17 198.82 202.23 213.59
-9999 -9999 -9999 -9999 -9999 200.5085 195.5106 -9999 -9999 202.25 204.61 200.67 197.5 191.88 187.01 198.41 198.04 193.96 192.73 192.07 204.52 210.6 207.27 210.22 218.24 209.01 196.22 197.19 191.5 184.78 197.49 205.75 214.62 221.3 222.34 219.49 218.62 215.48 209.38 201.34 205.46 210.3 210.66 214.26 214.67 215.04 221.07 220.54 219.56 218.59 216.11 217.27 212.34 215.33 210.31 208.13 209.02 208.29 211.21 209.49 210.92 213.1 211.8 207.94 207.94 206.04 206.09 205.04 204.99 203.28 205.14 210.51 217.67
-9999 -9999 -9999 -9999 -9999 -9999 -9999 207 206.0602 206.65 204.55 201.34 197.55 195.12 189.39 191.92 196.14 192.93 191.56 198.43 203.94 212.71 214 222.66 222.47 217.73 209.01 205.63 193.8 192.74 201.09 216.31 224 229.02 227.27 222.68 208.01 199.52 197.43 201.02 210.78 215.52 217.03 221.19 222.23 223.01 225.51 226.4 226.17 224.36 222.93 219.5 218.25 220.59 216.59 214.33 216.07 214.62 215.14 215.87 215.16 217.25 217.59 216.69 216.2 215.37 212.96 208.52 209 209.21 213.2 215.22 211.63
-9999 -9999 -9999 -9999 -9999 -9999 -9999 205.5833 204.3044 200.4157 207.46 203.46 195.57 185.81 192.2 200.23 205.55 207.89 210.09 210.6 212.33 215.2 219.67 221.47 215.95 215.62 217.9 218.05 202.86 209.26 214.93 221.45 225.05 214.12 199.92 202.59 192.76 190.04 202.76 211.95 217.9 221.88 222.59 226.47 226.89 227.05 228.87 230.41 230.33 228.26 225.72 223.92 223.86 225.18 222.19 219.69 220.95 221.98 221.47 221.55 222.07 222.13 221.28 221.64 221.44 220.51 215.95 213.95 215.02 215.49 214.51 213.55 214.46
-9999 -9999 -9999 -9999 -9999 -9999 -9999 -9999 -9999 203.0882 206.3656 205.16 202.54 187.95 192.05 207.35 218.21 217.1 221.55 224.38 224.13 207.65 203.58 211.11 212.87 202.86 202.95 223.01 225.86 209.39 205.66 216.42 200.44 196.62 202.06 182.26 180.27 190.64 206.34 213.11 218.78 224.42 228.43 230.12 230.38 230.92 231.86 233.52 231.97 230.59 229.64 228.75 229.34 229.45 227.12 225.64 225.89 226.68 226.46 226.66 226.37 226.73 226.79 226.57 225.9 222.53 220.14 220.02 220.65 220.42 217.8 216.01 215.18
-9999 -9999 -9999 -9999 -9999 -9999 -9999 -9999 205.0256 202.0455 -9999 204.77 201.15 196.96 188.66 204.11 222.18 221.59 217.46 226.19 224.01 211.84 209.68 197.84 194.42 194.37 187.65 212.1 216.54 206.08 192.04 188.36 184.54 185.93 193.64 204.52 198.81 189.61 200.74 214.61 223.82 227.87 231.17 233.33 233.46 233.96 234.56 236.15 233.48 231.77 233.31 233.31 233.87 233.31 232.03 230.99 230.17 230.33 231.33 230.98 231.22 230.45 230.65 229.51 227.36 223.35 224.54 225.83 224.44 222.2 219.44 218.24 215.69
-9999 -9999 -9999 -9999 -9999 -9999 -9999 -9999 -9999 206.011 207.15 209.73 213.05 203.26 200.2 212.6 219.1 217.91 219.35 217.01 216.3 213.78 216 198.43 185.97 181.42 175.91 194.19 212.3 200.53 192.32 179.54 167.7 172.85 183.99 185.17 190.87 202.43 208.33 218.45 224.64 228.57 230.71 234.52 236.28 236.9 237.57 238.73 235.69 236.31 237.3 237.58 237.42 235.82 235.48 235.33 235.39 234.23 234.67 235.44 235.38 233.7 233.4 231 228.43 230.65 230.53 229.24 227.93 225.78 223.3 220.4 213.97
-9999 -9999 -9999 -9999 -9999 -9999 -9999 -9999 206.1758 199.06 211.92 213.04 216.78 208.01 219.53 212.72 206.47 199.11 204.93 205.87 207.66 214.9 212.88 208.05 197.88 188.96 193.06 204.29 210.33 197.06 187.66 177.35 180.34 200.02 208.21 208.11 209.67 215.02 221.6 227.55 228.89 232.49 234.46 235.9 239.09 238.96 240.43 240.55 240.01 240.51 240.5 240.66 239.43 238.35 239.32 239.3 239.72 240.14 238.53 239.82 236.1 233.24 234.19 233.24 235.91 233.07 233.62 232.22 230.28 227.78 224.36 220.77 223
-9999 -9999 -9999 -9999 -9999 -9999 -9999 193.9524 195.84 205.62 211.66 214.66 213.45 216.67 199.37 184.35 177.05 186.86 197.78 206.97 211.8 214.33 216.24 209.9 222.41 207.73 206.2 210.68 205.35 200.08 193.86 189.29 188.66 210.95 215.61 217.87 220.52 223.05 227.3 231.12 233.55 236.26 238.3 238.74 240.2 241.78 243.35 242.74 242.66 241.65 243.54 242.81 241.73 242.15 242.32 242.65 242.91 243.77 242.67 242.6 238.64 239.41 240.5 238.6 235.79 234.93 235.53 235.01 234.14 233.06 230.75 228.28 224.78
-9999 -9999 -9999 -9999 -9999 -9999 -9999 197.25 205.61 207.23 207.59 196.46 204.73 200.38 177.53 191.45 198.43 206.53 204.54 195.87 194.84 203.9 208.62 217.18 231.86 220.79 215.42 220.45 215.81 211.69 212.34 209.07 200.72 218.8 222.09 220.91 220.35 226.05 229.3 231.67 233.85 237.42 239.87 241.38 243.49 245.26 244.53 244.49 244.77 245.53 245.66 244.75 243.58 245.28 245.26 245.17 244.85 243.06 240.76 243.84 245.42 242.93 241.05 238.63 236.11 234.88 235.94 235.57 233.82 232.48 231.35 226.96 224.96
-9999 -9999 -9999 -9999 -9999 -9999 -9999 203.0303 203.4659 199.31 204.16 195.69 210.15 210.71 205.61 207.69 209.59 195.6 184.37 187.05 190.48 193.17 213.21 219.17 234.04 225.3 216.03 223.99 225.14 217.8 218.59 221.19 220.55 229.97 227.86 230.68 228.27 227.66 226.65 226.79 230.42 234.07 239.44 241.4 244.1 246.14 247.01 247.53 248.21 248.71 248.13 247 246.31 246.67 244.91 243.62 242.91 242.66 243.77 247.98 245.59 243.44 241.83 239.74 238.16 236.94 236.62 237.23 236.53 235.58 235.02 233.01 231.32
-9999 -9999 -9999 -9999 -9999 -9999 -9999 -9999 199.1 196.46 210.87 209.39 214.2 213.22 208.5 193.16 186.98 179.95 197.58 192.78 197.92 200.24 208.9 221.46 236.95 228.59 218.38 229.11 229.46 230.47 224.44 218.04 227.71 235.82 229.45 234.3 233.37 230.69 233.67 236.11 234.64 235.8 240.55 245.33 246.53 246.61 248.91 249.07 248.69 248.1 249.38 249.1 247.22 244.81 244.39 244.37 244.9 247.62 250.84 249.07 246.17 245.55 243.91 242.84 241.83 241 242.16 242.11 240.99 241.36 240.16 239.59 238.85
-9999 -9999 -9999 -9999 -9999 -9999 -9999 -9999 203.2333 207.1327 206.86 207.65 206.82 213.22 210.66 207.87 207.06 212.17 203.47 197.16 198.52 209.85 222.54 232.45 231.28 221.56 229.46 237.14 240.59 233.94 224.26 214.8 228.27 230.42 234.69 238.12 232.84 232.16 234.31 237.49 240.47 240.91 242.7 245.39 247.79 249.17 250.16 251.01 250.54 250.06 249.19 247.39 246.11 246.34 246.24 246.67 248.7 253 250.29 249.04 248.14 247.84 246.29 244.78 244.27 243.07 247.58 248.68 247.27 245.82 245.74 244.55 243.15
-9999 -9999 -9999 -9999 -9999 -9999 -9999 -9999 204.9211 204.95 207.21 211.59 217.86 219.54 220.31 214.94 213.86 198.9 198.16 205.26 216.7 220.64 229.46 234.38 217.03 230.9 239.53 246.52 247.68 239.26 228.78 225.58 227.2 234.57 238.66 240.24 237.81 237.63 236.85 239.1 240.37 242.93 245.93 247.85 248.69 250.76 251.93 249.64 249.92 249.88 249.91 251.2 250.43 249.5 248.55 248.92 254.06 255.11 252.76 252.62 251.48 249.96 249.66 250.68 251 248.12 250.17 247.27 247.76 247.69 247.79 246.32 245.25
-9999 -9999 -9999 -9999 -9999 -9999 -9999 -9999 -9999 205.41 210.31 213.07 215.86 212.84 218.46 220.15 211.43 214.21 218.89 220.62 228.25 214.94 220.29 212.5 220.89 237.8 247.28 251.01 248.15 241.2 236.84 238.25 237.84 245.19 244.78 244.32 240.31 238.17 241.2 242.98 244.31 243.6 246.47 248.73 250.34 253.33 253.72 252.41 252.31 253.22 253.52 253.8 254.32 253.05 253.76 255.99 256.91 256.71 256.46 251.5 250.76 249.3 248.01 248.58 249.88 249.46 246.9 245.02 245.87 245.72 242.42 243.41 241.53
-9999 -9999 -9999 -9999 -9999 -9999 -9999 -9999 -9999 207.21 208.41 211.8 212.38 217.31 218.99 218.46 215.92 217.48 232.57 223.84 209.79 209.84 212.92 222.25 231.72 234.37 237.85 251.14 247.96 236.69 226.74 242.53 247.8 249 247.93 246.63 242.79 241.22 245.56 243.44 244.28 247.04 247.59 250.37 252.46 252.96 253.9 252.73 253.45 255.25 255.97 255.74 256.37 256.68 256.88 256.04 256.89 257.85 256.25 252.76 251.03 250.47 249.72 249.48 249.95 250.03 249.14 243.5 237.47 236.22 238.38 245.91 245.49
-9999 -9999 -9999 -9999 -9999 -9999 -9999 -9999 -9999 207.2323 209.68 213 216 217.85 218.02 221.54 216.99 222.33 232.41 220.94 196.7 219.86 219.85 224.13 235.52 246.06 249.35 248.78 245.34 248.8 241.84 249.28 247.99 239.98 237.05 239.79 243.99 247.68 245.31 243.91 243.95 245.39 247.15 249.01 250.33 250.58 250.43 251.71 251.82 252.47 253.47 254.98 255.05 255.37 254.79 254.97 256.88 257.87 255.94 255.87 257.41 255.84 254.84 254.61 253.33 252.39 252.91 246.82 240.49 243.68 245.94 246.65 245.76
-9999 -9999 -9999 -9999 -9999 -9999 -9999 -9999 -9999 206.9367 207.8 211.41 210.97 211.51 216.85 222.88 225.35 231.99 218.71 210.19 226.91 233.84 226.3 238.01 231.54 245.04 236.77 238.46 252.6 254.01 250.97 255.01 246.53 239.45 241.82 246.56 251 247.18 245.89 245.49 245.68 245.51 245.78 246.09 246.67 246.47 248.46 249.37 251.43 254.37 252.38 254.19 255.26 256.12 257.44 258.37 258.59 257.96 257.97 258.23 258.28 257.75 256.83 255.6 254.18 253.89 252.3 251.14 246.87 249.79 247.92 242.34 234.71
-9999 -9999 -9999 -9999 -9999 -9999 -9999 -9999 -9999 207.2641 209.25 211.47 213.74 214.9 219.89 222.42 229.4 218 215.25 216.51 239.9 237.48 236.75 246.23 245.97 243.2 232.71 235.11 256.45 252.94 247.31 250.09 243.85 245.51 245.65 247.78 243.6 244.05 246.14 247.81 248.28 246.98 246.22 244.71 245.94 247.93 247.89 247.07 249.22 251.73 252.88 254.07 255.36 256.26 257.43 258.47 257.53 257.86 256.7 258.1 258.13 258 257.89 256.92 255.78 254.87 253.69 251.44 248.3 247.02 246.41 234.78 216.19
-9999 -9999 -9999 -9999 -9999 -9999 -9999 -9999 -9999 -9999 209.5591 213.17 215.82 217.07 219.34 224.73 225.46 225.82 229.91 228.59 239.34 238.12 239.43 242.86 242.03 246.08 249.43 251.02 260.25 249.12 246.85 251.86 252.03 247.84 243.39 244.37 245.37 244.79 245.01 246.55 249.02 250.59 249.77 250.55 250.68 250.95 250.3 249 249.54 250.92 253.49 253.81 254.99 255.47 256.48 257.92 256.67 257.5 255.46 257.73 258.39 257.16 256.53 257.53 256.44 252.81 248.92 247.49 245.53 239.75 227.84 217.86 220.79
-9999 -9999 -9999 -9999 -9999 -9999 -9999 -9999 -9999 -9999 209.5476 210.58 216.34 219.1 221.32 220.07 209.62 216.13 204.07 210.11 226.37 223.52 228.62 228.01 228.24 232.49 241.86 244.98 258.33 257.17 257.63 257.26 257.5 249.28 245.41 246.17 245.75 246.67 246.12 246.56 247.97 249.88 251.28 252.52 253.2 253.35 251.85 249.89 248.74 249.52 252.2 253.14 253.83 254.47 256.27 256.11 255.06 256.96 255.13 256.25 256.58 255.66 257.96 256.52 254.25 250.28 244.33 227.23 225.8 225.91 244.04 244 229.72
