layers/lidar/aggregated_vars/mds.asc
NCOLS 20 
NROWS 27 
XLLCORNER 587674 
YLLCORNER 4631483 
CELLSIZE 10 
NODATA_value -9999 
1131.359999999999900 1130.24 1130.07 1126.4 1123.56 1122.64 1122.4 1121.07 1120.43 1119.77 1119.5 1121.8 1122.05 1121.62 1121.15 1120.91 1120.73 1119.85 1119.12 1116.82857142857
1131 1130.2 1128.46 1126.61 1123.69 1122.11 1124.01 1120.27 1119.56 1119.07 1118.99 1119.27 1121.97 1120.71 1120.28 1119.99 1119.56 1119.01 1116.99 1113.32857142857
1130.99 1130.23 1128.01 1125.4 1124.15 1121.33 1123.22 1119.48 1118.55 1118.12 1118.01 1118.53 1122.05 1120.03 1120 1119.43 1118.85 1118.13 1112.83 1108.35714285714
1130.63 1129.86 1127.99 1125.81 1124.18 1121.24 1121.81 1120.07 1117.59 1117.13 1118.52 1119.59 1120.41 1119.12 1119.04 1118.73 1117.71 1114.38 1107.13 1102.74285714286
1130.64 1129.32 1127.66 1125.51 1124.1 1121.58 1120.72 1119.11 1119.17 1121.36 1120.93 1117.5 1117.67 1116.78 1117.41 1116.27 1113.32 1107.95 1101.86 1102.25714285714
1130.05 1129.23 1127.92 1125.78 1123.06 1120.98 1118.62 1117.79 1120.71 1120.07 1115.1 1114.73 1114.15 1115.09 1115.7 1113.02 1108.75 1101.91 1098.84 1100.37142857143
1130 1129.49 1128.31 1125.95 1123.45 1121.16 1118.3 1115.77 1116.56 1117.67 1114.21 1113.82 1111.43 1112.31 1112.5 1109.16 1104.13 1097.88 1094.36 1094.61428571429
1130.14 1129.88 1128.57 1127.05 1124.8 1121.77 1118.52 1115.97 1116.94 1117.22 1113.5 1109.73 1109.22 1109.44 1107.63 1104.84 1099.23 1100.18 1093.51 1092
1130.75 1129.86 1129.09 1127.92 1125.21 1121.49 1118.47 1116.65 1114.21 1113.55 1112.83 1108.46 1106.74 1109.06 1104.52 1101.74 1102.3 1096.95 1090.81 1091.88571428571
1130.56 1130.02 1129.65 1127.91 1124.76 1121.68 1119.69 1116.98 1114.39 1111.09 1114.04 1109.97 1104.92 1104.35 1101.22 1096.98 1095.47 1091.22 1090.42 1093.2
1130.45 1130.05 1129.55 1128.24 1124.91 1122.24 1120.51 1118.19 1115.72 1112.67 1110.15 1107.24 1104.66 1101.97 1097.85 1093.38 1090.76 1090.69 1090.7 1093.8
1130.08 1130.01 1129.44 1127.95 1125.33 1123.09 1121.46 1118.97 1116.34 1113.71 1109.98 1106.71 1103.31 1100.12 1096.28 1093.3 1090.33 1089.6 1090.99 1094.1
1130.04 1129.81 1128.66 1127.58 1125.59 1124.09 1121.99 1119.24 1116.43 1113.12 1109.72 1106.08 1102.85 1098.41 1094.67 1092.52 1090.82 1089.44 1091.33 1094.44285714286
1129.48 1129.16 1128.55 1127.21 1125.6 1123.77 1121.25 1118.35 1114.79 1111.86 1108.24 1103.92 1100.88 1096.71 1092.52 1097.02 1089.81 1089.05 1091.85 1095.02857142857
1129 1129 1128.84 1127.34 1124.99 1122.77 1119.89 1116.38 1113.35 1110.09 1106.06 1101.74 1098.43 1094.69 1098.9 1102.87 1088.88 1089.02 1092.37 1096.25714285714
1128.57 1128.66 1128.52 1127.26 1124.44 1120.98 1117.5 1113.51 1109.9 1106.62 1102.81 1099.51 1095.89 1091.69 1094.86 1099.74 1088.9 1089.13 1093.36 1097.24285714286
1127.95 1128 1128 1127.37 1122.77 1118.51 1114.33 1110.19 1106.25 1103.15 1098.7 1095.13 1094.34 1090.88 1089.65 1087.84 1088.27 1091.01 1094.43 1098.02857142857
1127.07 1127.91 1127.34 1126.31 1121.79 1115.77 1111.27 1108.19 1103.84 1099.66 1094.66 1091.86 1089.13 1090.63 1088.97 1088.77 1088.54 1090.95 1095.87 1100.31428571429
1126.12 1126.63 1126.36 1125.23 1121.02 1113.65 1109.4 1105.79 1099.78 1094.5 1091.6 1089.38 1087.05 1090.67 1090.97 1086.06 1091.26 1093.43 1098.16 1102.48571428571
1124.86 1125.15 1125.16 1124.5 1118.12 1112.06 1108.23 1102.11 1096.22 1090.97 1089.03 1088.82 1086.9 1087.58 1087.35 1086.39 1091.28 1096.05 1100.24 1104.3
1123.25 1123.63 1123.16 1120.51 1115.43 1110.33 1105.71 1099.21 1092.42 1088.96 1085.92 1086.1 1089.62 1087.21 1089.86 1091.52 1093.91 1098.26 1102.05 1105.22857142857
1121.52 1121.9 1120.55 1117.93 1113.89 1109.18 1103.87 1096.49 1092.21 1089.71 1084.69 1087.7 1094.3 1087.08 1093.94 1093.29 1096.26 1100.02 1103.33 1106.11428571429
1119.91 1120.04 1119.09 1116.46 1112.14 1108.34 1102.01 1094.77 1093.32 1085.01 1084.56 1083.82 1090.02 1091.19 1092.74 1094.67 1097.82 1101.03 1104.24 1106.95714285714
1118.07 1118.26 1117.4 1115.12 1111.05 1107.23 1101.63 1093.39 1086.51 1083.62 1083.58 1086.52 1092.63 1091.79 1094.05 1095.62 1098.35 1101.88 1105.31 1107.75714285714
1116.1 1115.89 1115.51 1113.58 1110.66 1105.94 1101.09 1093.07 1084.8 1083.01 1084.65 1087.23 1091.81 1093.67 1095.63 1096.89 1099.36 1102.76 1105.74 1108.27142857143
1113.62 1113.91 1114.01 1112.19 1109.17 1103.59 1095.58 1090.29 1083.94 1083.86 1085.3 1089.47 1093.34 1094.93 1098.15 1098.68 1100.31 1103.42 1105.96 1108.2
1112.475 1112.7125 1112.65 1110.6875 1106.9125 1100.75 1093.1875 1085.9625 1082.225 1085.7875 1087.925 1090.8125 1094.475 1096.825 1099.3375 1099.4125 1100.7875 1103.3125 1105.8125 1107.96428571429
