layers/wordclim/past/Iberia_miroc_10_ascii/bio_13.asc
ncols         205
nrows         142
xllcorner     -11.010633712694
yllcorner     33.273793250999
cellsize      0.083333333333334
NODATA_value  -9999
[rows 70 to 104 of 142, columns 0 to 78 of 205]
-9999 -9999 -9999 -9999 -9999 -9999 -9999 -9999 -9999 -9999 -9999 -9999 -9999 133.5 136 137.5 137.25 137.5 137.75 140 144.25 145.5 143.5 147.25 144 140.75 140 137.5 135 139.25 144.25 145.5 146.25 147.25 146.75 142.5 145.25 145.25 139.75 141.5 143.25 144.5 146.5 158.25 159 140.25 127 125.25 124 115.5 111.75 110.25 107 107 108 102.25 100.25 103.5 106.5 104.25 98.5 95 94 92.5 91.75 92.25 90 92.5 91 89.75 88 87 90.5 89.25 86.25 88 85.75 85.5 85
-9999 -9999 -9999 -9999 -9999 -9999 -9999 -9999 -9999 -9999 -9999 -9999 133 134.5 135.75 137 138.75 138 138 142.25 143.75 143.75 148.25 151.5 141 139.75 137.25 133.5 135 138 138.75 140 141.5 141.75 138.75 138.75 140.5 137.5 135.75 136 141 142.25 139.5 137.5 134.25 132 123.75 118 117.75 112 112 110.5 109 106.75 102.25 102.25 103.25 100.75 100.25 95.5 94 93.75 92.25 93.25 91.5 92 91 91.5 94.75 92.25 92.75 93.5 93 95.5 95.25 90.75 88.75 88.5 90.75
-9999 -9999 -9999 -9999 -9999 -9999 -9999 -9999 -9999 -9999 133 -9999 132.5 134.75 135.5 136.5 137.75 138 138.75 144 144.5 146.5 147 144 136.5 134.75 131.75 131 132.75 134 136 137 136 136.5 132.5 134.25 133.75 131.25 130.5 131.5 130.25 130.75 130.25 128.5 123.75 121.25 118.5 113.75 111 108.25 106.75 104.75 104 102.25 100.25 99 98.5 98.5 98.5 94 93 93 92.5 93.25 93.25 95.25 96.5 94 94.75 96 96.5 97 96.5 97.25 99.25 96.25 92.25 92.25 92.75
-9999 -9999 -9999 -9999 -9999 -9999 -9999 -9999 -9999 -9999 -9999 132.5 131 134.5 136.25 137 136.75 136.75 137.75 149 148.25 150.75 152.5 142.75 133 130.5 129.25 129.5 131.75 131.75 129.75 129 128.75 128 129 128 128 130.5 129.5 128 127 125.5 123.75 123.5 122 118.25 115 113 107.5 106.25 104.25 102.75 101.5 99.75 99 98 98.75 99 95.5 93.75 93.5 93.25 94.5 94.5 96 97.75 98 98.5 100.5 98.75 99 99.75 100 101 100.5 99.5 97.5 96.75 91.75
-9999 -9999 -9999 -9999 -9999 -9999 -9999 -9999 -9999 -9999 -9999 131 132.25 134 135.75 135.25 135.5 136.5 141.75 151.75 156.25 153.5 147.5 139 130 128.75 128 127.5 127.5 126 126.5 127.25 127.5 126.5 126 124.25 124 126.25 126 127.75 129.75 126 124.75 122 125.25 122.25 112.25 107.5 104.75 103.5 102.25 101.5 100.5 99 97.75 97.25 98 97 95.25 95 95.75 96.75 98.75 99 100.5 99.25 100 102.25 101.5 101 104.5 110.25 105 105 103.75 102.5 101.75 102.5 97.75
-9999 -9999 -9999 -9999 -9999 -9999 -9999 -9999 -9999 -9999 -9999 -9999 -9999 133.6667 135.25 136.75 136 136.5 148.5 156.75 159.75 151 136.5 130.5 128 127.25 126.5 126 126.75 127 126.5 128 125 124.5 125.5 124.25 123.25 124.5 123 121.75 125.75 131.5 125.75 118 119 114.75 108.25 105.75 105.75 105 104 102.25 101.25 101.25 101.25 101 98.5 98.25 99.25 100.25 99.75 102.5 103.75 103.5 105 103.25 106 106.75 108.5 108 106.25 104.75 106.5 107.5 107.5 106 108.75 107.25 104.5
-9999 -9999 -9999 -9999 -9999 -9999 -9999 -9999 -9999 -9999 -9999 -9999 -9999 -9999 133.6667 134.5 136 135.75 152.25 156.5 156.5 146 135.25 128.25 126.75 125 124.75 125 124.5 124.25 123.75 124 125.5 126.5 128 127.5 124 124 122.75 123.5 125 124.25 122 116.75 109 107.25 107.25 106.25 107 106.5 105.5 104.25 104 102.75 104 103.5 101.75 101.75 104 106 107 104.5 109.25 107.5 107.75 109 109.5 112.5 114.75 114 112.75 109.25 111.75 109.75 108.75 109.25 109 108.25 109
-9999 -9999 -9999 -9999 -9999 -9999 -9999 -9999 -9999 -9999 -9999 -9999 -9999 -9999 -9999 -9999 132 133.5 138 137.75 138.5 137.25 130.75 127.75 125.75 123.5 122 122.25 123.25 123.5 123 123 123.75 124.75 125.75 126 124 120 117.75 115.25 115 114 111.25 111.75 107.25 106.25 108.5 109.25 110 108.5 106.75 106.75 106.5 105.5 106 106.5 105.5 103.5 106.25 109.5 110.5 110.75 109.25 112 113 116.25 117 119.25 117.25 115.5 113.75 115.25 116.25 113.75 114.75 114.75 113.75 114.25 113.5
-9999 -9999 -9999 -9999 -9999 -9999 -9999 -9999 -9999 -9999 -9999 -9999 -9999 -9999 -9999 -9999 -9999 128.5 129.5 130 129.75 131.75 131.75 127.5 127 123.5 119.75 118.5 119.5 119 119.5 123 125.25 125.75 127.5 124 119.5 115.25 113 111 110.5 110.25 110.25 106 105.25 106.25 108.25 112.25 112 113.5 113.5 111.25 112.5 109 108.75 110 109.25 107.25 108.5 113.5 114.5 115.25 112.5 119.25 120.5 122 121.75 118.25 118 119.5 120.5 120 121.5 119 119.5 121.75 122 123.5 123.25
-9999 -9999 -9999 -9999 -9999 -9999 -9999 -9999 -9999 -9999 -9999 -9999 -9999 -9999 -9999 -9999 -9999 126 124.5 124.5 123.3333 127.3333 131 130.75 129 119.75 116.75 116 117.5 116 116.5 117.75 117.75 117.25 116.5 115.25 113.25 111.75 109.5 107.5 107.25 108.75 108 104.75 103.5 105 107.25 110 114 115.75 123.75 123.25 121.5 114.75 112.25 115.25 113.25 112.25 110.25 112.75 116.5 117.5 117 121.75 124.75 123.25 122.5 123.25 124.25 126 126.75 126 127.25 127 126 124.75 123.25 126 128.5
-9999 -9999 -9999 -9999 -9999 -9999 -9999 -9999 -9999 -9999 -9999 -9999 -9999 -9999 -9999 -9999 -9999 -9999 -9999 -9999 -9999 128.3333 127 122.75 116 115.5 115.25 114.25 113 112.25 111.75 112 112.75 114.5 112.75 111.75 111 111.5 108 105.25 105.75 105 103.25 102.25 103 105.25 106.75 109.25 112.25 119.5 122 118 121.5 119.75 116.75 119 118.75 117.75 115.25 116.25 118.5 119.25 120.75 122.25 124 125 128.25 129.25 130 132 132.25 131.5 133.5 133.5 133.25 132 130.5 129.5 127.75
-9999 -9999 -9999 -9999 -9999 -9999 -9999 -9999 -9999 -9999 -9999 -9999 -9999 -9999 -9999 -9999 -9999 -9999 -9999 -9999 -9999 -9999 114.5 111.5 110.25 110.25 112 114.25 113.75 111.5 110.75 111 107.5 111.25 110.5 110.25 111.25 110.25 109 110 107 104 102 100.75 102 102.75 105.5 108.25 111.25 115 117.25 110.75 111.75 114.25 118 119.75 120.25 122.25 121.5 121.5 123 122.75 124.25 125.5 125.75 128.5 131.25 131 133 137 137.5 138.75 137.25 138.5 139.25 137.5 138.25 136.75 134.5
-9999 -9999 -9999 -9999 -9999 -9999 -9999 -9999 -9999 -9999 -9999 -9999 -9999 -9999 -9999 -9999 -9999 -9999 -9999 -9999 -9999 -9999 -9999 -9999 105.5 106 111.75 113.75 113.75 112 109.75 108 106.5 106.75 106.5 108 108.25 109 110.5 111.75 108.25 103.75 101 101 102 104.25 106.25 107.25 108 110.25 111.25 116 119.5 116.75 118.5 120.75 123.75 123.25 125.5 127.5 127 127.25 126.75 127.5 125.5 130.5 133.5 134 136.5 135.25 139.25 144 143.5 140.25 141 141.75 142 139.5 140.5
-9999 -9999 -9999 -9999 -9999 -9999 -9999 -9999 -9999 -9999 -9999 -9999 -9999 -9999 -9999 -9999 -9999 -9999 -9999 -9999 -9999 -9999 -9999 105 107 108.75 110.25 114 117.75 110.75 108.75 107.25 106.5 105 105.5 106 106.75 106.75 105.25 103.75 101.5 101.5 100.75 100.25 100.25 101.75 103.75 105 107 114.5 120 126.25 124.5 124.5 123.25 124.25 126.5 124.25 122.25 124.25 129.5 131.25 128.75 127.5 127.25 127.75 131.5 138.75 140.5 144 144.5 142.5 143.75 144.75 143.5 142.5 143.5 141 136.5
-9999 -9999 -9999 -9999 -9999 -9999 -9999 -9999 -9999 -9999 -9999 -9999 -9999 -9999 -9999 -9999 -9999 -9999 -9999 -9999 -9999 -9999 -9999 -9999 104.75 106.5 109 114 117.75 114 109 106.25 105.25 105.75 105.5 107 107.25 107 105 103.5 100.75 102.25 103 103 101.5 103.5 106 109.25 113.5 112 114.75 121.75 125.25 131 132 134.75 135.75 131.75 125.25 123.25 125.25 129.75 135.25 136.25 132.25 130 131 132 138 140.5 146 149.25 147 146.75 145.75 142 142.25 140.25 132.5
-9999 -9999 -9999 -9999 -9999 -9999 -9999 -9999 -9999 -9999 -9999 -9999 -9999 -9999 -9999 -9999 -9999 -9999 -9999 -9999 -9999 -9999 -9999 -9999 101 107 108.75 113.75 112 110 107 105 105 105.25 107.5 108 108.25 108.75 106.25 103.5 101 102 103 105.25 105.75 105 108.25 112.25 116.25 121.5 118.5 120.75 127.25 124.5 125.5 131 130.75 127.75 131.75 128 124 130 134.25 137.5 139 139.5 137.25 134 133.75 139.25 145 147 147.75 148.5 148.5 143.75 140 135.5 129.75
-9999 -9999 -9999 -9999 -9999 -9999 -9999 -9999 -9999 -9999 -9999 -9999 -9999 -9999 -9999 -9999 -9999 -9999 -9999 -9999 -9999 -9999 -9999 98.5 100.5 105.75 106.5 111 109.25 107.25 106 104.5 105.25 105.25 106.5 106 107 107 105.75 103.25 103 103.75 104.25 103.75 102 103 108 111 115.5 122.25 125.25 130.75 131 126.5 121 123 128.5 127.25 127.5 130.25 125.75 131.25 135 136 143.25 141.5 138 138.75 139.75 138.25 143 145.5 147.5 149.5 148 142 138 134.25 131.5
-9999 -9999 -9999 -9999 -9999 -9999 -9999 -9999 -9999 -9999 -9999 -9999 -9999 -9999 -9999 -9999 -9999 -9999 -9999 -9999 -9999 -9999 -9999 -9999 98.75 101 103.5 110 107.5 105.75 104.5 105 107 109.5 108.5 107.5 106 104.5 104 103 101.25 103.25 104.75 103.25 102.25 106.75 113.5 114.75 115.5 118 119 120.5 121.5 124.75 128.75 123.75 120.75 127.25 127.5 127 121.75 129.25 132 133.25 137.5 139 138.75 136.5 138.5 138 139.25 140.75 144.25 148 147 144.5 142 138.5 134.75
-9999 -9999 -9999 -9999 -9999 -9999 -9999 -9999 -9999 -9999 -9999 -9999 -9999 -9999 -9999 -9999 -9999 -9999 -9999 -9999 -9999 -9999 -9999 -9999 96.75 99.5 104 108 107.25 108.5 106.5 107 106.5 108.5 109.75 108 106.25 107 105.25 104.25 102.25 104.25 101.75 101.75 101.5 104.25 105.75 107 108 111.25 109.25 114.75 118.5 125 125 125.5 122.75 124.25 126.5 129 127.75 121.75 128.75 131.75 136 136.5 134.75 137 136.5 137.5 140.25 142.5 144.25 146.75 146.5 142.75 139.5 135 132.75
-9999 -9999 -9999 -9999 -9999 -9999 -9999 -9999 -9999 -9999 -9999 -9999 -9999 -9999 -9999 -9999 -9999 -9999 -9999 -9999 -9999 -9999 -9999 -9999 95 97.75 101.5 103 104.5 107.75 111.75 110 108.5 110 110.5 109 109 107 104.5 103 102.75 102.75 100.25 100 100.5 102.5 105.25 104 105 109.5 109 115.5 120 118 122.75 124.75 125 124 125 126.25 129.25 126 124 127.25 132.5 131.75 133 135.5 138.75 140.75 144 146.25 146.75 147.25 145.5 142.5 137.25 136.25 132.75
-9999 -9999 -9999 -9999 -9999 -9999 -9999 -9999 -9999 -9999 -9999 -9999 -9999 -9999 -9999 -9999 -9999 -9999 -9999 -9999 -9999 -9999 -9999 -9999 94.5 96.25 102 102 101 105.75 108 112 109.5 111 112.25 112.25 110.5 107.5 105.75 104.25 102.25 100.75 101.25 101.75 102 104.25 106 104 104.25 106.5 111 114.75 117 117.25 124 123.25 122.25 123 124.75 123.5 124.25 123.5 124.75 127 130.25 134.5 138 141.25 142.25 145.75 146.25 148 148.5 147.25 145 143.5 140.5 138.75 137
-9999 -9999 -9999 -9999 -9999 -9999 -9999 -9999 -9999 -9999 -9999 -9999 -9999 -9999 -9999 -9999 -9999 -9999 -9999 -9999 -9999 -9999 -9999 92 94 94.75 98.25 104.5 103.5 103 105 108.5 111.75 114.25 115.5 115 113.5 112.25 109.5 106.75 105.25 103 100.75 102.25 104.25 104.25 102.5 102.75 103.75 106.75 110.5 113 114.25 115.5 118.5 119.75 119.25 120.25 122.25 123.25 124.75 126.5 128.5 132.5 135.5 138 142 145.25 146 149 149 148 148.75 147.25 146.5 144.75 142 138 135
-9999 -9999 -9999 -9999 -9999 -9999 -9999 -9999 -9999 -9999 -9999 -9999 -9999 -9999 -9999 -9999 -9999 -9999 -9999 -9999 -9999 -9999 -9999 91 92.5 93.25 100.75 103 109.25 109.5 106.25 110.25 112.75 117.25 121 119.5 116.75 113.75 111.5 109.5 107.5 105.25 101 102.75 101 102 103 102.5 102.5 105 107 108.75 110 112.75 116.75 117.5 118.5 122 126.25 126.75 127.75 129.25 132.5 136.5 136.75 140 142 146.5 148.5 150.75 151.5 151.25 151.75 149.25 147.5 146 143 139.5 137.25
-9999 -9999 -9999 -9999 -9999 -9999 -9999 -9999 -9999 -9999 -9999 -9999 -9999 -9999 -9999 -9999 -9999 -9999 -9999 -9999 -9999 -9999 -9999 91 92 96.25 100 108 117.75 119.75 109 108.75 110.75 114.75 120.25 122.5 123 120.25 116.75 110.75 107.25 104.5 100.25 101 100.5 100.25 101.75 101.25 101 102.75 105 108 112.5 115 117.75 119 120.5 123.75 126.25 128.25 130 132.75 134.75 135.75 139 143 146.5 148.5 150.75 153 153.75 155 154.5 154.25 150.75 147.25 144 140.25 135.75
-9999 -9999 -9999 -9999 -9999 -9999 -9999 -9999 -9999 -9999 -9999 -9999 -9999 -9999 -9999 -9999 -9999 -9999 -9999 -9999 -9999 -9999 -9999 91.33334 92 97.5 102 102.75 103.25 102.75 105.25 106.25 108.25 112.25 117 117.75 123.25 124.25 118.25 116 111 105.25 101 99.75 99 98.5 99.5 101.25 101.5 103.5 107.25 110 112.5 113 115.5 117.75 119.5 122.5 125.25 127.5 131 134.25 136 139.5 142 146 150.75 153.75 155.5 157 157.75 158.75 159.25 160.5 155 151 146.25 141.25 136.75
-9999 -9999 -9999 -9999 -9999 -9999 -9999 -9999 -9999 -9999 -9999 -9999 -9999 -9999 -9999 -9999 -9999 -9999 -9999 -9999 -9999 -9999 -9999 92 93.5 98.5 99.75 97.5 96.25 97.5 100.5 103.5 106 109.5 113.25 115.5 118.75 118.75 113.75 108.5 104.75 103.25 100.75 100 99.25 98 99.5 100.75 102 104 107.5 109.5 111 112.5 114.5 117.25 119.5 122.5 125 128.5 131.25 135 137.75 143 147 151.25 155.5 161.25 161.75 164.5 165.75 165 162 162 157 153.25 148.75 145.5 143.25
-9999 -9999 -9999 -9999 -9999 -9999 -9999 -9999 -9999 -9999 -9999 -9999 -9999 -9999 -9999 -9999 -9999 -9999 -9999 -9999 -9999 -9999 -9999 92 97 98 96.25 95.75 94.75 97 100 102 106 106.75 109 112.5 114 112.75 109.75 105.25 103.75 102.75 101.5 100.5 99.5 98.25 98.75 100.5 102 103.5 106.25 109.25 112 113.5 114.75 117.25 119.75 122.75 125.75 129 132 135.75 141 146.75 152 156.75 162.25 166.75 169.25 169.5 170.25 168.25 166.5 163.5 159 155 151 147.75 145
-9999 -9999 -9999 -9999 -9999 -9999 -9999 -9999 -9999 -9999 -9999 -9999 -9999 -9999 -9999 -9999 -9999 -9999 -9999 -9999 -9999 -9999 -9999 89 94 94.75 93.5 93.25 93.5 94.75 97.5 100.5 103.25 105.75 108 111.5 112.25 109.5 107.25 104.75 102.25 103.25 102.5 100.25 99 99 100 100.5 102 104 106.25 108.5 110.75 114 115 117.5 120 123 126 130 134.25 139.75 147 151 156.5 164.75 168 171.25 173.25 176.5 173.25 173 169.25 165 161 158.25 156.5 152.75 150
-9999 -9999 -9999 -9999 -9999 -9999 -9999 -9999 -9999 -9999 -9999 -9999 -9999 -9999 -9999 -9999 -9999 -9999 -9999 -9999 -9999 -9999 -9999 88 91.25 91.5 91.75 91 91.75 93.5 94.5 99.75 103 106 107.5 108.75 109.25 106 102 100 -9999 -9999 96 97 98 98.5 100.5 102.25 103.5 105.25 107.25 109.5 111.75 114.5 116.75 119.25 121.75 125 128 132.5 138 145.5 154 158.5 163 169.25 175.5 179 177.75 179.5 179.5 177.25 172 167.5 164.25 161.25 158.25 154.5 149.5
-9999 -9999 -9999 -9999 -9999 -9999 -9999 -9999 -9999 -9999 -9999 -9999 -9999 -9999 -9999 -9999 -9999 -9999 -9999 -9999 -9999 -9999 -9999 -9999 90 89 87.5 88.5 87.5 88.5 92 96.5 97.25 101.5 100.5 102.5 98 -9999 -9999 -9999 -9999 -9999 -9999 -9999 -9999 -9999 100 102.6667 105.5 107.75 109.5 111.5 114.5 117.5 119.5 122.75 124.75 128.25 131.75 136.25 148.25 152 158.75 163 168.5 177.5 183.5 183.75 184.75 184.5 182.5 181.5 176.25 171 166.5 161.5 158.5 154 149.5
-9999 -9999 -9999 -9999 -9999 -9999 -9999 -9999 -9999 -9999 -9999 -9999 -9999 -9999 -9999 -9999 -9999 -9999 -9999 -9999 -9999 -9999 -9999 -9999 -9999 -9999 -9999 -9999 -9999 -9999 -9999 -9999 -9999 -9999 -9999 -9999 -9999 -9999 -9999 -9999 -9999 -9999 -9999 -9999 -9999 -9999 -9999 -9999 105.6667 109.5 112.25 114.5 117.25 120.5 123.5 127.5 129.75 133 136 140 148.75 155.25 163.75 172.5 176.75 183 191 195.75 190.75 186.25 185 189.5 180.25 173.25 166.25 162.25 159.5 156 150.5
-9999 -9999 -9999 -9999 -9999 -9999 -9999 -9999 -9999 -9999 -9999 -9999 -9999 -9999 -9999 -9999 -9999 -9999 -9999 -9999 -9999 -9999 -9999 -9999 -9999 -9999 -9999 -9999 -9999 -9999 -9999 -9999 -9999 -9999 -9999 -9999 -9999 -9999 -9999 -9999 -9999 -9999 -9999 -9999 -9999 -9999 -9999 -9999 -9999 108.5 114.5 118.75 121 124 127 131.5 134.75 138 141.5 147.25 154.5 161.5 170.5 177.25 185 189.5 193.25 197.5 194.25 192.25 190.25 197.5 183.75 172.25 166.5 163.5 160.25 156.25 151.5
-9999 -9999 -9999 -9999 -9999 -9999 -9999 -9999 -9999 -9999 -9999 -9999 -9999 -9999 -9999 -9999 -9999 -9999 -9999 -9999 -9999 -9999 -9999 -9999 -9999 -9999 -9999 -9999 -9999 -9999 -9999 -9999 -9999 -9999 -9999 -9999 -9999 -9999 -9999 -9999 -9999 -9999 -9999 -9999 -9999 -9999 -9999 -9999 -9999 -9999 116 121.5 125 128.25 131 134.25 138.75 143.5 149.5 157 163.5 172 184.25 191 193.5 197.75 198.5 197 194.5 192.25 188.5 185.5 178.25 174.25 168.5 161.5 158 153 144.75
-9999 -9999 -9999 -9999 -9999 -9999 -9999 -9999 -9999 -9999 -9999 -9999 -9999 -9999 -9999 -9999 -9999 -9999 -9999 -9999 -9999 -9999 -9999 -9999 -9999 -9999 -9999 -9999 -9999 -9999 -9999 -9999 -9999 -9999 -9999 -9999 -9999 -9999 -9999 -9999 -9999 -9999 -9999 -9999 -9999 -9999 -9999 -9999 -9999 -9999 -9999 122.3333 128.25 132.5 136 139.5 144.25 150.25 157.5 166.5 174.5 180.25 188.5 195.75 204.25 203.25 203.5 201 197.75 194 188.75 181.75 174.25 168.5 163.5 158.5 151 144.5 133
-9999 -9999 -9999 -9999 -9999 -9999 -9999 -9999 -9999 -9999 -9999 -9999 -9999 -9999 -9999 -9999 -9999 -9999 -9999 -9999 -9999 -9999 -9999 -9999 -9999 -9999 -9999 -9999 -9999 -9999 -9999 -9999 -9999 -9999 -9999 -9999 -9999 -9999 -9999 -9999 -9999 -9999 -9999 -9999 -9999 -9999 -9999 -9999 -9999 -9999 -9999 124 129.5 136.25 140.75 145.5 150.5 158.75 165.75 173.5 183.25 189.5 195.5 201.25 208.25 209.75 208.25 206 201.75 195.75 186 176.25 168.75 159.5 152.25 148 142.75 136.5 127
