layers/wordclim/past/Iberia_miroc_10_ascii/bio_13.asc
ncols         205
nrows         142
xllcorner     -11.010633712694
yllcorner     33.273793250999
cellsize      0.083333333333334
NODATA_value  -9999
[rows 35 to 69 of 142, columns 0 to 78 of 205]
-9999 -9999 -9999 -9999 -9999 -9999 -9999 -9999 -9999 -9999 -9999 -9999 -9999 -9999 -9999 -9999 -9999 -9999 -9999 -9999 199.3333 205.25 211 220.25 228 239 276.5 349.25 321 319.5 310.25 330.25 296 267 258.75 267.75 250.5 248 241.75 231.25 222.5 234.25 251.5 255.5 246.5 220 188.25 207.25 217.5 225.25 226.5 209 184.75 181 177 156.25 139 123.75 115.5 109.25 103.75 99 94.75 93 91.5 89.5 90 88.5 88.25 88.25 88.25 88.75 88 88 86.75 86.25 86 84 84.75
-9999 -9999 -9999 -9999 -9999 -9999 -9999 -9999 -9999 -9999 -9999 -9999 -9999 -9999 -9999 -9999 -9999 -9999 -9999 -9999 204 212 213.5 220 224 288 301.75 336.5 277.25 281.25 280.5 283 281.75 308 308.25 296.5 280 260.25 240.5 228.5 223 223.75 211.5 228.25 218 207.75 203.5 213 219.75 227.25 218 172.25 160.25 156 147.25 136.75 126.5 116.75 110.5 103.5 98.75 95.75 91.5 89.5 87.25 86.5 85.25 85 85 84.5 85 85 84.5 83.75 83 81.25 80.75 80.25 83.25
-9999 -9999 -9999 -9999 -9999 -9999 -9999 -9999 -9999 -9999 -9999 -9999 -9999 -9999 -9999 -9999 -9999 -9999 -9999 -9999 202 218 215.5 217 218.75 287.75 298.5 263.5 288 316.25 315.5 303 322.5 315.5 308.5 288 266.5 263.25 256.5 237.5 228.5 222.75 194.5 208.5 209.25 194.25 201.25 196.25 198 198 199.75 167.25 158.25 150.25 141.25 132.25 123.5 115 107.25 100.75 95.5 91.25 88 84.75 83.5 82 82 82.25 80.5 81.5 81.75 81.5 81.5 81.5 80.5 79.5 80.25 78.25 80.75
-9999 -9999 -9999 -9999 -9999 -9999 -9999 -9999 -9999 -9999 -9999 -9999 -9999 -9999 -9999 -9999 -9999 -9999 -9999 -9999 202 221.25 221.5 220 222.5 256.25 252 298 302.25 326.5 297.75 305.5 317 294 269 268.75 281.75 275 272 264.25 230 209.75 182.75 197.75 206.5 193.5 186.25 193.5 182.25 177.5 176.5 155.5 147.5 142 140 132.25 127.25 120 110.5 102 95.5 90 84.75 81.25 80 79 78.5 77.5 77.25 78.5 79.75 79 79 80 80 81 80 78 78.25
-9999 -9999 -9999 -9999 -9999 -9999 -9999 -9999 -9999 -9999 -9999 -9999 -9999 -9999 -9999 -9999 -9999 -9999 -9999 -9999 209 226 222.75 223.25 228.25 244.5 271 315.5 283.75 308.25 272.5 264.5 269.25 294 291 305.75 291.75 288.25 275.25 265 243.5 227.75 187.75 197.75 213.75 189.5 186.25 181.75 176.75 173.75 162.25 144.75 147.75 136.75 130.75 127 120.5 115.75 111.75 105 93 87.5 82.75 79.25 76.25 75 74.5 75 75.5 75.5 76.5 78.5 79.5 80 80.5 79.5 76.75 76 78.5
-9999 -9999 -9999 -9999 -9999 -9999 -9999 -9999 -9999 -9999 -9999 -9999 -9999 -9999 -9999 -9999 -9999 -9999 -9999 -9999 -9999 221.75 221.5 231 236.25 249 273.75 258.5 249 265.75 282.75 285.5 279 287.75 296.75 282.75 273.25 279.25 273.5 261.5 241 213 191.75 213.5 211.25 190 179.25 179 186.75 186.5 163.5 146.75 141.75 131.5 131 128.25 118.75 109.25 105.25 100 92.5 84.5 79.75 76.75 73.5 72 73 73 72.75 74 76.5 78 78.5 79 78.75 77 76.25 77.75 78.75
-9999 -9999 -9999 -9999 -9999 -9999 -9999 -9999 -9999 -9999 -9999 -9999 -9999 -9999 -9999 -9999 -9999 -9999 -9999 -9999 -9999 214 230 239 243.5 248.25 253 257.25 264 262.75 256.5 246.25 258.5 258.25 257.75 272 278.5 286.25 274.5 257 223.5 212.75 232.25 223 199 178 167 172.25 184 188.25 167.75 154 137.75 129.25 128.75 123.75 119.25 110.5 102.5 95.25 89 82.5 76.75 73.75 70.5 70 70 72 72.25 73.5 74.75 75 76.5 78 77.75 76.5 76.5 76.25 77.5
-9999 -9999 -9999 -9999 -9999 -9999 -9999 -9999 -9999 -9999 -9999 -9999 -9999 -9999 -9999 -9999 -9999 -9999 -9999 -9999 -9999 -9999 229.6667 238.5 243 244.25 252 259.75 252 243.5 235.5 247 247 247.75 255.25 277 287.75 278.25 243.25 246.25 245.25 241 250 211.75 186 173.25 172.75 181 183.5 170.25 161.5 143.25 134 127.5 126 121.75 114.5 107 100 95.75 87 81.25 75.75 70.75 68 69.5 68.75 69.5 69.5 70.5 71 73.25 75 74.5 73.5 74.5 74.5 75.25 75.25
-9999 -9999 -9999 -9999 -9999 -9999 -9999 -9999 -9999 -9999 -9999 -9999 -9999 -9999 -9999 -9999 -9999 -9999 -9999 -9999 -9999 -9999 219.5 232.25 239.75 241 241.25 244 246.25 244.5 247.5 249.75 238.5 251.75 270.25 265.25 237 240.25 266.5 286.75 274.5 265 243.25 219 201.25 173.25 172.25 180 183.25 163.5 155.5 138.25 126.75 124.25 123 120.25 111.25 106.25 99.5 92 87 78.5 72.75 68.25 66.5 66.25 66.5 66.5 66.75 68 69.25 69.5 71 71.25 72 72.5 73 77 78.5
-9999 -9999 -9999 -9999 -9999 -9999 -9999 -9999 -9999 -9999 -9999 -9999 -9999 -9999 -9999 -9999 -9999 -9999 -9999 -9999 -9999 -9999 212 223.75 232.5 234.5 237.75 243.75 242.5 241.25 241.5 235.5 244.5 245.25 271.5 266.25 232.75 276.75 309 289.25 281 267.5 235.5 219 205 180.75 182.5 191.5 190.75 163.25 145.75 141.5 139 128.25 123.75 116.5 109 107 101.75 94.25 86 80 74.5 71.25 69 67.75 68.5 68 67 67.5 68.5 69.25 70.5 72 71 71 74.75 75.75 77.5
-9999 -9999 -9999 -9999 -9999 -9999 -9999 -9999 -9999 -9999 -9999 -9999 -9999 -9999 -9999 -9999 -9999 -9999 -9999 -9999 -9999 -9999 -9999 213.75 223.75 227.25 232.25 238.75 239 235.5 242 250.5 254.75 245 255 244.25 260 294 299.5 272.25 278.25 256.25 253.25 209.25 203.5 203.5 190.25 164.5 169.25 156 154.25 155.5 146.25 132.75 119 115 113.25 107.5 101.75 96.5 90 84 78.25 75 72 71 69.5 68.5 69.75 69.25 69.5 70 71 70.75 71 71.5 73.25 74 74
-9999 -9999 -9999 -9999 -9999 -9999 -9999 -9999 -9999 -9999 -9999 -9999 -9999 -9999 -9999 -9999 -9999 -9999 -9999 -9999 -9999 200 208.3333 217.5 222.25 224 226.25 235.25 237.5 238.5 243.5 250.5 239.5 242.25 239 250.5 292 309 259.75 264.25 271.5 244.75 240 227.75 242.5 223.25 174 173.75 164.75 152 156.25 154.25 139 125.5 121.75 117.75 111.5 106.75 101.75 97 92.75 89.75 84 78 76.75 74 71.5 69.5 71 70 70 70 70 70.25 71.5 73.25 74 74 75.5
-9999 -9999 -9999 -9999 -9999 -9999 -9999 -9999 -9999 -9999 -9999 -9999 -9999 -9999 -9999 -9999 -9999 -9999 -9999 -9999 -9999 198 203.6667 210.75 217 221 222 226.5 234.75 234.5 232.25 238 247 244 245.5 291 284.75 260.25 231.75 247.5 238 221 230.25 219 216 210.5 174.25 184.25 186.5 166.75 163.25 148.5 144.75 131.75 126.75 122.5 115 108.5 100.75 96.75 93 88.75 83.25 78.25 76.25 76.5 74.5 72.5 70.75 70.5 70.5 71.5 72 72 73.25 73.75 76.25 76 76.25
-9999 -9999 -9999 -9999 -9999 -9999 -9999 -9999 -9999 -9999 -9999 -9999 -9999 -9999 -9999 -9999 -9999 -9999 -9999 -9999 -9999 197.25 207.25 210.75 212.5 215 214.25 211.75 229.25 229.75 223.5 233.25 232.75 244 257.5 255.5 279.5 302.75 274.25 284 276.25 268.75 254.25 237 223.25 209 179.25 180 178.75 162.75 150 152.25 147 136 127.25 122.5 117.5 111.25 103.75 97 92 87 82.75 79 76.5 75 73.5 73 71.75 72 72.25 72.75 73 73.5 75.5 75.5 78 77.25 77.5
-9999 -9999 -9999 -9999 -9999 -9999 -9999 -9999 -9999 -9999 -9999 -9999 -9999 -9999 -9999 -9999 -9999 -9999 -9999 -9999 190 196.75 201.5 204 207 210 209.25 205.25 219.25 229.5 228.25 234.5 246.5 255 308.5 324.75 349.75 328 306.5 306 285 271.75 280.5 271.5 237.5 207.75 182.75 179.5 164.5 156.75 156.25 151.25 145.25 135.25 130.5 124 118.75 112.25 106.75 101.25 94.75 89.5 84.5 80.75 76.75 74.5 73.75 73.5 74 74.25 74.25 75.5 75.5 76.75 77 77 78.75 79.5 81
-9999 -9999 -9999 -9999 -9999 -9999 -9999 -9999 -9999 -9999 -9999 -9999 -9999 -9999 -9999 -9999 -9999 -9999 -9999 -9999 188 193.25 198.75 206 208.25 208.75 207 206.5 212.75 226.25 241 259.75 269.25 271.5 272.25 284.25 295.75 304.5 317 317 302.25 271.5 276.5 275 246.25 212 192.5 197 190 172.5 167.5 160.75 149.25 138.25 130.5 124.75 116.25 111.25 108 102.5 96 91.75 87 83.5 79 75.75 72.5 74.25 75 76.75 78 78.25 78 78.5 78 78.5 79.5 82.25 84.25
-9999 -9999 -9999 -9999 -9999 -9999 -9999 -9999 -9999 -9999 -9999 -9999 -9999 -9999 -9999 -9999 -9999 -9999 -9999 -9999 -9999 190 201.5 205 206.5 206.5 205.25 205.25 206.75 217 230.75 264 295.75 312 307 264 274.75 286.25 297.75 301 295.5 288 271.5 274.25 243.25 213.25 204 196 196 184.25 165.5 159 153.25 143 134.25 126 118.75 112 106.75 102.5 98.25 95 91 87.5 84.5 79 76.5 75.5 77 78.25 80.75 82.25 82 80 80.5 80.75 82.75 85.5 87.5
-9999 -9999 -9999 -9999 -9999 -9999 -9999 -9999 -9999 -9999 -9999 -9999 -9999 -9999 -9999 -9999 -9999 -9999 -9999 -9999 -9999 194 196 200 200.75 200.25 200.75 203.5 202.75 209.25 223 250.75 245.5 253 247 245.75 263.25 274.5 275.5 274.25 269.25 267.75 270 264.75 241.25 222.5 217 203.25 193.75 190 174.5 161.25 152.5 145.75 136 126.25 120.5 115.5 110.25 106.25 103.5 99.75 96.25 91.25 84.75 78.75 78.75 79.5 79.75 82.5 87.25 87.75 87.75 87.25 89 86.5 89 90 95.75
-9999 -9999 -9999 -9999 -9999 -9999 -9999 -9999 -9999 -9999 -9999 -9999 -9999 -9999 -9999 -9999 -9999 -9999 -9999 -9999 -9999 180 184.5 189 191.75 194.25 197.25 199.25 200.5 204.5 207.75 223.75 255.5 265.5 300.25 261.25 260 262 249.25 250.5 258.5 261.25 241 224.75 228.25 236 227.75 213.5 202 192.25 180.25 164 150 146 138.5 130 124.5 120.25 117.25 108.5 105.25 102.75 98.75 90.5 84.75 83.5 83 85 88 89 96.5 98.5 103.25 100.75 95.75 90.5 92.75 96.75 102.25
-9999 -9999 -9999 -9999 -9999 -9999 -9999 -9999 -9999 -9999 -9999 -9999 -9999 -9999 -9999 -9999 -9999 -9999 -9999 -9999 172 177.75 180.25 184 186.5 190 194.75 197 200.25 198.75 203 213.25 247 299.25 260 242.75 239 240.25 250.75 252.5 244.75 232.75 247.75 268 247.25 258 238.5 220.5 206.5 197.25 181.75 164 149.25 137.75 134 137.75 134.5 131.75 123.5 125 112.5 100.5 97.5 94 88.75 87 90.75 93.5 98.5 103.75 105.25 98.25 93.25 91.75 93.5 95.5 99 96.75 99.75
-9999 -9999 -9999 -9999 -9999 -9999 -9999 -9999 -9999 -9999 -9999 -9999 -9999 -9999 -9999 -9999 -9999 -9999 -9999 170.3333 171.25 173.25 175.5 180.5 182.25 186.25 191.5 194 197.25 198 197.5 211.75 243.75 249 224.5 224.5 228.75 233.5 233.5 240.75 253 308.75 325 295.75 272.25 254.5 237.25 220.5 207 202.25 182.25 163.5 158.75 147.5 138.75 137.5 140.5 149 131.5 107.75 97 97.75 96.5 96.25 92.25 90.25 89.25 89.75 90.75 104.25 125 116.75 112.5 113.5 108.75 102.25 93.25 88.25 88
-9999 -9999 -9999 -9999 -9999 -9999 -9999 -9999 -9999 -9999 -9999 -9999 -9999 -9999 -9999 -9999 -9999 162 165 169.25 171 170.25 169 174 178.5 182.75 188.75 192 194.5 198.25 195 211.25 217.5 212.75 216.25 216.25 221 229.5 240.5 264.5 363.75 359.75 289.25 254.25 230.75 249.75 235 217 212.25 202 184.5 175.25 164.75 153.5 149 152 134.25 113.75 105.75 95.25 99 98.75 97 109.25 102.75 92.5 92.5 108.75 125.75 126 117.25 109.5 109.25 96.5 84 83.25 85.25 84.75 73.75
-9999 -9999 -9999 -9999 -9999 -9999 -9999 -9999 -9999 -9999 -9999 -9999 -9999 -9999 -9999 -9999 -9999 160.5 163.75 166 167.5 166.75 164.75 168.75 173.25 180 185.75 189 191.75 194.25 194.5 210 211 202.25 208.25 216.25 226.75 237.5 247 308.75 403 385.25 262.25 220.5 212.25 224.75 233 225.75 223.75 215.25 194.75 180.25 170.25 160.75 153 129.5 120.75 107 97.25 101.5 103 102.75 125.75 159.75 123.5 99.75 101.25 110.75 116.25 115.75 121 109.75 111 111 101 93.75 95.5 90.5 77.25
-9999 -9999 -9999 -9999 -9999 -9999 -9999 -9999 -9999 -9999 -9999 -9999 -9999 -9999 -9999 -9999 -9999 157.5 160.75 163 165.75 164 162.75 166 169.5 179 183.5 184.25 188 185.75 184.5 208.75 206.25 204.5 207.25 209 230.5 273.25 292 279 285 271 220.25 218.75 213.75 205.5 212.75 225.5 207.5 199.5 203 174 164.5 138.25 128.25 116.75 111.25 101.75 94 91.25 92.75 111.75 125.5 120.5 142.25 127.5 141.25 124.25 138.75 123.25 96.75 79.75 89 77 67 69 72 76.75 75
-9999 -9999 -9999 -9999 -9999 -9999 -9999 -9999 -9999 -9999 -9999 -9999 -9999 -9999 -9999 -9999 -9999 154.5 158 160.75 162.5 161 159.5 162.5 166.5 177.75 179 176.75 178 180.25 189 194.75 195 202.5 219.5 243 260.25 293.75 297.25 237.25 228.25 218.5 214.5 211.5 199 194.75 188.5 180.5 163.75 155.5 165.75 146 128.25 119 114.75 116.25 105 97.5 94.25 91.25 114.75 109 108.25 116.5 116.5 117 96.75 74.5 76.5 74.5 68.5 65.5 65.75 66.75 74.75 79.75 74 71.5 66.25
-9999 -9999 -9999 -9999 -9999 -9999 -9999 -9999 -9999 -9999 -9999 -9999 -9999 -9999 -9999 -9999 -9999 155 155.75 157.5 159.5 158.5 157.75 160 162.75 169 172.25 175.75 175 182.5 194.75 196.25 215 265.5 268.5 262.5 261.5 258.75 230 241.25 248.5 260.75 223.5 198.25 185.5 181.75 182.5 176 158.5 149 140 125.75 117.5 116 112.75 107 99.25 95.25 92.25 94.25 94.75 102.75 98.25 81 77.5 72 69.25 66.5 66 65 65.5 67.5 67.75 69 71.75 69.25 65 65 64.75
-9999 -9999 -9999 -9999 -9999 -9999 -9999 -9999 -9999 -9999 -9999 -9999 -9999 -9999 -9999 -9999 -9999 150.5 153 154 155 156 156.5 158.5 161.75 168 174.25 172.5 173.5 193.25 199.25 202 240.25 243.25 227.25 223 230 229.75 231.75 247 205.5 207.5 196.5 181.5 179.5 170.25 168.25 164.25 158.75 140 134.5 123.5 116.75 110.5 105.25 101.25 96.5 94.25 95.25 92.5 86.5 83.25 79.5 75.5 73 71 69 67 66.25 66 65 64.5 67 68.25 65.25 64.75 65.5 67 68.25
-9999 -9999 -9999 -9999 -9999 -9999 -9999 -9999 -9999 -9999 -9999 -9999 -9999 -9999 -9999 -9999 -9999 149.5 148.75 151.75 151.75 152.75 153.75 155.75 160.75 163.75 171.25 173 174.5 194.75 189.5 198 212.75 207.75 209.5 235.25 243.5 244.25 236 208.5 187.75 190.5 187.5 179.25 166.75 160 155.5 151 145.25 136.25 132.25 122 116.75 111.75 106.5 99.75 98 98.5 94.5 89.75 83.25 79 77.5 74.75 73.5 72.25 70 68.5 68 67.75 66.25 66 65.5 64.75 68 67.25 66 66.25 69
-9999 -9999 -9999 -9999 -9999 -9999 -9999 -9999 -9999 -9999 -9999 -9999 -9999 -9999 -9999 -9999 -9999 148.6667 146.5 148.25 148.75 149.75 150.75 153.75 159.75 158.75 167.25 174.25 178.75 184 183.25 196.25 190.5 196 203.75 208 236.25 249.25 208.5 187.5 182.25 182.75 180.25 163 152.75 150.75 149.75 146.5 138.25 134 126.75 122.5 114.5 110 109.25 108 103.75 100.25 93.25 87.5 83.5 80.5 79.75 76.5 76 76 72.5 70.25 70.5 70 67 66.75 66 67.5 70.5 70.25 69.25 69 67.25
-9999 -9999 -9999 -9999 -9999 -9999 -9999 -9999 -9999 -9999 -9999 -9999 -9999 -9999 -9999 -9999 -9999 142.5 146.5 145.5 145.75 145 145.25 155.5 159.5 159.5 160.25 170 180.25 176 171.5 180.25 186.25 180.25 186.75 196.75 208.25 200.75 183.75 178 180 172.75 159.75 157.75 155.75 146.25 149.75 142.75 135.5 127 123.75 118.5 112 107.25 102 99.75 96.25 93 90.75 87.25 87 85.5 84.25 81 79.5 79.5 76.75 76 73.25 72.5 71 70.5 71.75 73.25 74.5 74.5 74.75 73.75 74.25
-9999 -9999 -9999 -9999 -9999 -9999 -9999 -9999 -9999 -9999 -9999 -9999 -9999 -9999 -9999 -9999 -9999 140 144.75 143 143 138 139 157.25 158.25 160 162.75 180.75 173 168.75 166.75 169.25 180.75 176 189 189.5 188.25 177.5 171.25 171.25 156.5 158.75 160.75 156.5 150.5 146 140 134.5 130 127.5 125.75 121.75 117.25 108.5 101.25 99.5 98 96.5 94.5 91.5 90.5 89.25 90 90.25 89.75 85.25 85 84.5 83.5 78.25 76.25 76 81 79.25 80 80 82 79.5 79
-9999 -9999 -9999 -9999 -9999 -9999 -9999 -9999 -9999 -9999 -9999 -9999 -9999 -9999 -9999 -9999 -9999 -9999 140.5 -9999 -9999 136 141.3333 151.75 153 165 174 186.25 178.5 162.25 158.25 157.5 166.75 172.25 175.75 179.75 176.75 172.75 160.25 161.25 160.75 162.5 159 158.5 151.25 154.75 145 134.25 127.75 124.5 122.5 119.75 116 110.5 104.25 97.25 95.75 94 92.75 92 91.5 91 90.25 89.5 89.25 91.25 94.5 97 91.25 89 84.75 80 83.75 87.25 88.75 87.25 89.75 87 91.75
-9999 -9999 -9999 -9999 -9999 -9999 -9999 -9999 -9999 -9999 -9999 -9999 -9999 -9999 -9999 -9999 -9999 -9999 135 134 136.25 141.75 146.25 152 155 174.25 180.5 167 161.5 151.25 151.75 153.25 155.75 156 155.75 155.75 160 158.5 163.75 163.75 163 163.25 160.25 154.25 151 151.25 147.5 135.5 124.75 121 118.75 112.75 110.75 106.75 104.25 100.5 100 99 94.25 93.5 92.5 95 94.25 97.25 94.25 92.25 100.75 103 97 88.5 86 84.75 80.75 81.25 80.75 82 88.25 81.5 85.75
-9999 -9999 -9999 -9999 -9999 -9999 -9999 -9999 -9999 -9999 -9999 -9999 -9999 -9999 -9999 -9999 -9999 136.5 139.5 137.5 140.75 143.75 146 149.25 157.75 154.25 151.5 148.25 147 144.5 143 151.75 152 150.25 151 153.5 158.5 160.5 158.5 158.75 160.25 162.25 173.5 170.5 159 150.75 147.5 143 132 123.25 116.75 115.25 108.25 105 102.25 103.5 103.25 100.5 98 96.75 97.5 96.5 97.75 104.25 101.75 101.75 101 97.75 90.25 86 86.75 84 80.75 80.5 80 80.5 82.25 82.75 87.75
-9999 -9999 -9999 -9999 -9999 -9999 -9999 -9999 -9999 -9999 -9999 -9999 -9999 -9999 133 136.25 135 135.3333 138.25 139.5 144.5 144 147 148.25 148 144.75 144.75 144.75 140.5 138.5 145 150 152 152.5 150 153 151.5 150.5 150.25 152.5 153.5 156.25 167.5 187 177 156.25 140 132.5 125.5 122 114.75 115 112 106.5 102.25 101 101.5 102 100 99.75 99.75 99.5 94.5 98.75 97 93.25 91 92.75 92 86.5 86 84.75 85.25 83 83.25 83 83 84.5 83.25
