layers/wordclim/past/Iberia_miroc_10_ascii/bio_13.asc
ncols         205
nrows         142
xllcorner     -11.010633712694
yllcorner     33.273793250999
cellsize      0.083333333333334
NODATA_value  -9999
[rows 70 to 104 of 142, columns 79 to 157 of 205]
81 79 80 85 86.25 81.5 81.5 83 85.75 84.75 77.75 77 76.5 76.5 76 76 76 76 75.75 75.5 76 77 76.75 76.25 75.75 75 75 75 74.5 74.25 73.25 72.25 72 72 72.75 75 76.5 78.75 81.5 83.75 86.5 89.25 92.5 96.25 99.5 104.75 109 112.5 114.25 115.5 115 114.75 113.5 112.25 110 -9999 -9999 -9999 -9999 -9999 -9999 -9999 -9999 -9999 -9999 -9999 -9999 -9999 -9999 -9999 -9999 -9999 -9999 -9999 -9999 -9999 -9999 -9999 -9999
87.5 82 80.25 83.5 82 81.5 79.25 79 79 78 78.5 79 79 78 78 78 77.75 77.5 77.5 79 79 80 80 80 78.5 76.5 76 75.5 76 74.5 74 73 72.25 72 73.25 75.5 78.25 81 82.75 85 87 90.5 93.25 97 101.25 105 108.5 111 113.5 114.75 115 115.75 115.25 113.5 111.3333 -9999 -9999 -9999 -9999 -9999 -9999 -9999 -9999 -9999 -9999 -9999 -9999 -9999 -9999 93 94 94.5 94.5 93.66666 93 -9999 -9999 -9999 -9999
91 87.25 83.5 84.5 83.5 81.75 80.5 80 80 80 80 80 80 80 79.5 79.5 80 81.25 83.5 83 84.5 84 84 85 83.25 80.75 78.75 77 77 76.5 75.5 75 74.5 74.75 76 78.75 81.5 84.75 85.75 86 88 92.25 93.5 97.5 100.75 104.5 107 110.25 112.5 114.5 115 115 115.75 115 112.75 110.6667 108 -9999 -9999 -9999 -9999 -9999 -9999 -9999 -9999 -9999 -9999 -9999 95.66666 97.5 98 99 95.75 95 94 -9999 -9999 -9999 -9999
92.5 90.5 86.5 85 82 81.75 81.5 81.25 81.25 81.5 81.5 81.5 81.5 82.25 83 83.5 85.5 85.25 86.75 88 89.5 89.75 89.25 90 89.25 84.5 80.75 78.5 78 77.25 77.25 77 80 83 83.5 86.5 86 85 86.25 87.25 89 93.25 95.5 97.5 100.25 103.5 106.5 109.5 111.5 113.25 115 115 116 115.75 115.25 113.5 110.25 109 -9999 -9999 -9999 -9999 -9999 -9999 -9999 -9999 95.33334 95.5 96.75 98.25 97.25 96.5 95.5 95 93.5 -9999 -9999 -9999 -9999
96 95.5 90.25 87.25 85 84 83.5 83.5 83.5 83.5 84.5 83.75 83 83.5 85.75 86.75 88.25 90 89 89.5 90.5 91 93.25 94 91.25 87.5 83.5 80.75 79.5 79 79 80.5 82.75 84.5 84.5 85.5 83.25 84 85.5 87.25 90.75 94.25 95.5 97.25 100 102.5 105.5 108 110.5 112.5 114.25 115.25 115.5 117.75 121.25 118.25 113.5 109.5 106.6667 -9999 -9999 -9999 -9999 -9999 -9999 95 95.75 97.5 99 97 94.75 95 93.75 92.33334 -9999 -9999 -9999 -9999 -9999
100.25 99 97.75 94.25 91.5 90.25 86.75 87.75 87 86.5 88.75 87.5 85 87.25 88 87.5 88 90.5 92 91.5 92.25 93 93.25 93.75 91.5 90 87 84.5 83.5 81.5 83 82.25 84 85 85 84.5 83.75 83.75 86 88.5 90.5 93.25 94.5 96.75 100 102 105.25 107.5 109.5 111.5 113.5 114.75 116.5 121.75 125.5 124.25 117.5 111 106.6667 -9999 -9999 -9999 -9999 -9999 -9999 -9999 94.75 97 94.75 94 94 94 93.5 92 -9999 -9999 -9999 -9999 -9999
108.5 104.5 101.25 98.25 97.75 98 94.75 89.75 89.5 90 88.5 87.25 87.75 88.75 89 89 90 92.75 94 94.25 94 95 95.5 95.75 95.75 95.5 95.5 95 92.5 88.25 86.5 87 85.75 85.5 85.5 84.5 84.5 83.5 86.75 89.75 91.75 91.75 94.75 98.25 100.5 103.5 106.5 107 108.75 111.5 113.25 114.25 115.75 116.5 122.5 123.5 118 111.25 -9999 -9999 -9999 -9999 -9999 -9999 -9999 -9999 94.25 95 93 94 94.25 94.25 93.25 -9999 -9999 93 -9999 -9999 -9999
114.25 112.5 109.25 107 105.25 105.5 102.75 99.25 95 96 93.5 91 89.75 90.5 92.25 92 92 92.5 94.75 95.75 93.5 89.25 90.5 98.75 105.5 104.25 105 102 95.5 89.75 86 85.25 83.75 83.25 82 81.5 83.5 84.5 85.25 87.5 90.5 91.5 94 96.75 101.5 104 106.5 107.75 109.5 112.75 112.75 112.5 114.25 113.75 116.5 112.6667 -9999 110.5 106.5 103 -9999 -9999 -9999 -9999 -9999 -9999 94.75 95 95 95.75 96 97.25 93.75 -9999 -9999 -9999 -9999 -9999 -9999
119 116.5 113 111.5 111.25 108.25 101.25 102.25 100 100.25 98.5 98 95.5 94.5 94.5 93.5 91.25 92.25 93.5 89.5 90.75 89.5 101.75 110.25 111.5 103.5 97.5 94 90.5 87 85 82.25 79.5 77.75 77 79 81.5 85 87 86.75 88.75 91.5 92.5 97 101.75 102 106 107 109 108.25 110.25 110 109.75 109 108 108 109.75 108.25 105 101.5 -9999 -9999 -9999 -9999 -9999 -9999 93.33334 96.25 96.25 95 94.75 93.66666 92 -9999 -9999 -9999 -9999 -9999 -9999
128.25 125.5 123 118 112.5 109 111.5 111.75 112.25 108.5 104.5 102 100.5 97.25 94 91.5 92 94.5 89.25 86.5 87.75 97.25 106.75 105.75 106 100 94.75 92 86.75 82.25 79.25 76.5 74.5 73.75 76.5 79.25 80.5 82.25 84.75 87 91 93 93 95 100.75 101.75 101.25 102 104.5 103.5 104 104.75 106.5 103.5 106.25 107.25 106.5 105 103.5 100 -9999 -9999 -9999 -9999 -9999 -9999 -9999 93.5 95 93 92.5 -9999 -9999 -9999 -9999 -9999 -9999 -9999 -9999
131.5 129.5 132 128 122.75 113.5 119 119.25 118 119 110.5 108.5 101 95.75 92.5 93 91.5 87.75 84.25 85.5 93.25 89.25 95.5 110.25 104.75 89.75 84.5 82.75 79.25 79.5 74.5 75.5 73.75 73 75.25 77 79.25 82.5 84.5 89.75 89.25 91 92 91.75 94.75 95 95.75 96.75 98 98.75 99.5 100.25 102 103 104.25 104 104.5 102.5 99.66666 -9999 -9999 -9999 -9999 -9999 -9999 -9999 -9999 -9999 -9999 -9999 -9999 -9999 -9999 -9999 -9999 -9999 -9999 -9999 -9999
133 130.25 126 126.75 125.25 119.5 119.25 116 114.5 112.25 108.75 101 97.5 92.25 93.25 90.25 88.5 83 83.5 90.25 86.75 100.75 110.75 106.75 97 88.5 86.5 90.25 90.75 81.5 77.25 73.25 72 73.75 74.5 75.25 78 79.25 82.5 86.75 88.5 91.25 90 90.5 91 92.25 92.5 93.75 95 95.25 97.5 99 100.25 101.5 101.75 101.5 100.5 99.33334 -9999 -9999 -9999 -9999 -9999 -9999 -9999 -9999 -9999 -9999 -9999 -9999 -9999 -9999 -9999 -9999 -9999 -9999 -9999 -9999 -9999
138.5 137.5 130.25 131.75 128.75 120 123.5 117.5 110.75 108.5 104.5 98.75 94.25 94.5 95 92 83.5 84.75 94.25 100.5 94.75 113.75 115 99.75 112.75 97 104 105.25 103.25 93 81.75 72.25 71 72.5 72.5 73.5 75.25 80 85 84 84.25 86.75 87.25 86.75 88 89 90.75 91.75 92 94.25 94.75 96 98.5 99.25 98.75 98 98 -9999 -9999 -9999 -9999 -9999 -9999 -9999 -9999 -9999 -9999 -9999 -9999 -9999 -9999 -9999 -9999 -9999 -9999 -9999 -9999 -9999 -9999
135.75 138 132.25 127.75 125.25 125 123 113.25 108.75 108.5 101 96 99 96.75 90.5 87 88.5 89.75 100.5 95.75 104.5 117 118.75 112.25 114.5 107 108.75 112.5 104.5 100.5 83.75 74 72.25 72.5 74 78 75.25 75 78 78.75 79.75 81.5 82.25 83.75 85.75 87.25 89.75 90.75 90.5 92.5 94.5 93.25 95.5 96 95 96 -9999 -9999 -9999 -9999 -9999 -9999 -9999 -9999 -9999 -9999 -9999 -9999 -9999 -9999 -9999 -9999 -9999 -9999 -9999 -9999 -9999 -9999 -9999
130.25 128.25 124.5 124.75 124.25 121 115.25 113.75 109.5 109.25 101.5 103.5 103.25 99.75 94.5 90 85.5 98.25 114.75 97 126.75 127 122.25 127.75 130 127 118 109.75 95 93.25 82.5 76.75 75.75 75.75 75.75 75.75 75 73.25 75 77 78.5 80.75 81.75 83.75 84.75 86.75 86.25 87.66666 -9999 90 91.5 92 -9999 -9999 -9999 -9999 -9999 -9999 -9999 -9999 -9999 -9999 -9999 -9999 -9999 -9999 -9999 -9999 -9999 -9999 -9999 -9999 -9999 -9999 -9999 -9999 -9999 -9999 -9999
128.25 123.5 123.25 122.25 118.25 116.5 115.75 112 110.75 106.5 111.75 113.75 106.75 99.5 91 84.75 88.25 102.25 101 122.75 137.75 131 132 120.25 114 107.75 106.25 99.25 95.75 89.25 88.75 91 86 77.25 74 74.5 74 73.25 73.25 75 78 80.5 83.25 83.25 83.5 85.5 86.25 -9999 -9999 -9999 -9999 -9999 -9999 -9999 -9999 -9999 -9999 -9999 -9999 -9999 -9999 -9999 -9999 -9999 -9999 -9999 -9999 -9999 -9999 -9999 -9999 -9999 -9999 -9999 -9999 -9999 -9999 -9999 -9999
133 130.25 126 130 126.25 119.5 122.75 116.75 115.5 111 106.25 99 95 91 86.5 87.75 93.5 107.5 124 136.5 133 112.75 119 111.5 100 102.25 106.5 101 95 91.5 85.5 88 98.25 79.75 85.75 77 74.75 73.75 75.75 79.5 80.5 82.75 83.75 84.25 84.75 85.25 85.25 84 -9999 86 -9999 -9999 -9999 -9999 -9999 -9999 -9999 -9999 -9999 -9999 -9999 -9999 -9999 -9999 -9999 -9999 -9999 -9999 -9999 -9999 -9999 -9999 -9999 -9999 -9999 -9999 -9999 -9999 -9999
133 130.25 127.25 127.5 129 130 134 123.25 124.5 126.5 122.25 114.25 111.5 98.75 90.25 90.25 103.75 131 119.25 115.75 110.75 101 100.5 101.25 98.5 101.25 102.75 98.5 87.75 85 78.25 80.25 80.5 87 86.5 74 73 81 79.75 78.75 78.75 80.75 82.5 83.75 84.5 85 85.75 84.75 85.25 85.5 -9999 -9999 -9999 -9999 -9999 -9999 -9999 -9999 -9999 -9999 -9999 -9999 -9999 -9999 -9999 -9999 -9999 -9999 -9999 -9999 -9999 -9999 -9999 -9999 -9999 -9999 -9999 -9999 -9999
134 128 127.5 127.5 132 140.5 143 135.75 128.75 131 137.25 143.25 122 107.25 102.25 89 96 109.75 99.25 96 94.5 89.75 92 94.5 96.25 100.75 101.25 97.5 98.5 86.75 72.75 73 73.75 77 73 71.5 73 75 75.25 76.5 77.75 79.5 81.75 83.25 84 84.75 85 84.25 84.25 84.5 -9999 -9999 -9999 -9999 -9999 -9999 -9999 -9999 -9999 -9999 -9999 -9999 -9999 -9999 -9999 -9999 -9999 -9999 -9999 -9999 -9999 -9999 -9999 -9999 -9999 -9999 -9999 -9999 -9999
128.75 127.5 125.25 128 129.75 134.5 140 141.25 135 127 126.75 130 120.5 118.75 108.5 101.5 91 91.25 94 87.75 86.5 88 96 110.5 106.75 110.5 117.5 102.5 84.25 83 80 74.75 71.25 70.75 73.75 74.5 72.25 75.25 76.25 77 77.25 78.75 81 82.25 83 83.75 83.5 82.5 82.25 -9999 -9999 -9999 -9999 -9999 -9999 -9999 -9999 -9999 -9999 -9999 -9999 -9999 -9999 -9999 -9999 -9999 -9999 -9999 -9999 -9999 -9999 -9999 -9999 -9999 -9999 -9999 -9999 -9999 -9999
132.5 129.5 123 121.5 131.75 128.25 136.5 144.75 138.5 129.5 133.5 126.25 119.75 114.75 108.5 97.75 85 86.25 84.25 87 81.5 88 95.25 101.75 107.75 103.25 99.25 98.5 94 85.25 76.75 72.25 69.5 73.5 78.25 72.5 71.5 71.75 73.5 77.5 76.25 78.25 80.75 81.5 81.25 81.5 80 81 -9999 -9999 -9999 -9999 -9999 -9999 -9999 -9999 -9999 -9999 -9999 -9999 -9999 -9999 -9999 -9999 -9999 -9999 -9999 -9999 -9999 -9999 -9999 -9999 -9999 -9999 -9999 -9999 -9999 -9999 -9999
143.25 139.25 124.5 119.5 120 126.25 133.5 139.5 135.5 126.75 124.75 121.25 122 116.25 111.25 98.75 96.75 92.75 98.25 93.75 86.25 93.5 105.75 109.25 105.25 99 92 88.75 82 79.25 75.25 71.25 70.5 73.5 73.25 69.5 68 69.5 69.33334 75 72.5 75.5 77.5 77.33334 79 77 -9999 -9999 -9999 -9999 -9999 -9999 -9999 -9999 -9999 -9999 -9999 -9999 -9999 -9999 -9999 -9999 -9999 -9999 -9999 -9999 -9999 -9999 -9999 -9999 -9999 -9999 -9999 -9999 -9999 -9999 -9999 -9999 -9999
135.5 133 127.25 126 124 126.75 119.75 120.75 118.5 123.25 113.25 114 120.75 114.25 103 100.75 106.75 110.5 125.75 114 94.75 95.25 98.5 98.75 91.25 82.75 71.75 69.5 69.5 67.5 68 67.5 68 66.5 67 66.5 66 66 -9999 -9999 -9999 -9999 -9999 -9999 -9999 -9999 -9999 -9999 -9999 -9999 -9999 -9999 -9999 -9999 -9999 -9999 -9999 -9999 -9999 -9999 -9999 -9999 -9999 -9999 -9999 -9999 -9999 -9999 -9999 -9999 -9999 -9999 -9999 -9999 -9999 -9999 -9999 -9999 -9999
133.25 133.5 128 126.25 123.25 130 121.75 111.25 108.5 107 122.75 133.75 129.75 114.75 102.75 101.5 112.75 128.75 149.5 135.25 114.25 106 97 91 82 73.25 69.25 66.5 66 65.25 66.75 65 64.5 63.5 64 63 -9999 -9999 -9999 -9999 -9999 -9999 -9999 -9999 -9999 -9999 -9999 -9999 -9999 -9999 -9999 -9999 -9999 -9999 -9999 -9999 -9999 -9999 -9999 -9999 -9999 -9999 -9999 -9999 -9999 -9999 -9999 -9999 -9999 -9999 -9999 -9999 -9999 -9999 -9999 -9999 -9999 -9999 -9999
136 130.75 127.5 126 120 115.25 109.5 103.25 98 105.25 123.25 130.75 128.75 124.5 112.25 105.25 105.75 110.75 121.75 143.25 146 143.25 143.75 134.5 124 97.25 82 76.75 68.5 64 62 62.5 61.5 61 -9999 -9999 -9999 -9999 -9999 -9999 -9999 -9999 -9999 -9999 -9999 -9999 -9999 -9999 -9999 -9999 -9999 -9999 -9999 -9999 -9999 -9999 -9999 -9999 -9999 -9999 -9999 -9999 -9999 -9999 -9999 -9999 -9999 -9999 -9999 -9999 -9999 -9999 -9999 -9999 -9999 -9999 -9999 -9999 -9999
141.25 135.5 129.75 125.5 118.75 115 109.75 104.75 98.5 101.75 111.25 122.75 142.25 165.75 144.75 122.75 121.75 118.5 107.25 96 97.75 109.25 108 97.5 85.5 82.5 71.25 69.5 68 63.5 61.5 60.5 60 -9999 -9999 -9999 -9999 -9999 -9999 -9999 -9999 -9999 -9999 -9999 -9999 -9999 -9999 -9999 -9999 -9999 -9999 -9999 -9999 -9999 -9999 -9999 -9999 -9999 -9999 -9999 -9999 -9999 -9999 -9999 -9999 -9999 -9999 -9999 -9999 -9999 -9999 -9999 -9999 -9999 -9999 -9999 -9999 -9999 -9999
142.75 140.5 146.25 146.5 126.25 119.5 116.25 109.5 107.25 110 125.75 163.25 193.25 207.75 194.5 176 164.5 158 153.75 133 103.75 78 73 70.5 65 67.75 67 66.75 65 67.75 65 58.25 -9999 -9999 -9999 -9999 -9999 -9999 -9999 -9999 -9999 -9999 -9999 -9999 -9999 -9999 -9999 -9999 -9999 -9999 -9999 -9999 -9999 -9999 -9999 -9999 -9999 -9999 -9999 -9999 -9999 -9999 -9999 -9999 -9999 -9999 -9999 -9999 -9999 -9999 -9999 -9999 -9999 -9999 -9999 -9999 -9999 -9999 -9999
145.75 145 145.75 138.25 130.5 125.75 121 128.25 123.25 110.25 124 184.75 182.75 172 151.25 121 102 103.25 106.25 97.25 80.75 66.25 61.75 60.5 79.75 87.5 72.5 64 62.25 61 59.75 57.75 -9999 -9999 -9999 -9999 -9999 -9999 -9999 -9999 -9999 -9999 -9999 -9999 -9999 -9999 -9999 -9999 -9999 -9999 -9999 -9999 -9999 -9999 -9999 -9999 -9999 -9999 -9999 -9999 -9999 -9999 -9999 -9999 -9999 -9999 -9999 -9999 -9999 -9999 -9999 -9999 -9999 -9999 -9999 -9999 -9999 -9999 -9999
145.5 138 131.25 128.25 146.25 140.25 125 126.25 130.25 113 100.5 104.75 105.5 109 106.75 97.75 82 90 141 139.75 114.5 95 69.25 57.25 59.75 61.25 58.5 59 60.5 59 57.5 56.5 -9999 -9999 -9999 -9999 -9999 -9999 -9999 -9999 -9999 -9999 -9999 -9999 -9999 -9999 -9999 -9999 -9999 -9999 -9999 -9999 -9999 -9999 -9999 -9999 -9999 -9999 -9999 -9999 -9999 -9999 -9999 -9999 -9999 -9999 -9999 -9999 -9999 -9999 -9999 -9999 -9999 -9999 -9999 -9999 -9999 -9999 -9999
146.25 138.5 129 121 120.25 117.75 122.75 130.25 107.75 100.5 89.25 106.5 109.75 109 97.25 98.75 80.25 72.25 88.25 96 74.25 64.5 62.25 52.75 53 54.5 55.25 58 58 56 55.66667 -9999 -9999 -9999 -9999 -9999 -9999 -9999 -9999 -9999 -9999 -9999 -9999 -9999 -9999 -9999 -9999 -9999 -9999 -9999 -9999 -9999 -9999 -9999 -9999 -9999 -9999 -9999 -9999 -9999 -9999 -9999 -9999 -9999 -9999 -9999 -9999 -9999 -9999 -9999 -9999 -9999 -9999 -9999 -9999 -9999 -9999 -9999 -9999
143.25 136.5 127.5 117.25 108.75 105.75 97.5 94.75 88.25 83.25 79.5 83 80.5 77.75 71.5 69.25 66.75 64 63.25 59.5 57.75 55 51.75 50.25 49.5 50.75 55 56.5 54.75 54 -9999 -9999 -9999 -9999 -9999 -9999 -9999 -9999 -9999 -9999 -9999 -9999 -9999 -9999 -9999 -9999 -9999 -9999 -9999 -9999 -9999 -9999 -9999 -9999 -9999 -9999 -9999 -9999 -9999 -9999 -9999 -9999 -9999 -9999 -9999 -9999 -9999 -9999 -9999 -9999 -9999 -9999 -9999 -9999 -9999 -9999 -9999 -9999 -9999
137.5 124.25 116.5 107 101 93.66666 90 84.5 78.5 76 71 77.5 72 66.5 -9999 -9999 -9999 58.33333 59 58.5 57.75 55 52.25 50 -9999 -9999 51.5 51.75 52 -9999 -9999 -9999 -9999 -9999 -9999 -9999 -9999 -9999 -9999 -9999 -9999 -9999 -9999 -9999 -9999 -9999 -9999 -9999 -9999 -9999 -9999 -9999 -9999 -9999 -9999 -9999 -9999 -9999 -9999 -9999 -9999 -9999 -9999 -9999 -9999 -9999 -9999 -9999 -9999 -9999 -9999 -9999 -9999 -9999 -9999 -9999 -9999 -9999 178
133 118.5 110 -9999 -9999 -9999 -9999 -9999 -9999 -9999 -9999 -9999 -9999 -9999 -9999 -9999 -9999 -9999 58 57 56 54 -9999 -9999 -9999 -9999 -9999 51 -9999 -9999 -9999 -9999 -9999 -9999 -9999 -9999 -9999 -9999 -9999 -9999 -9999 -9999 -9999 -9999 -9999 -9999 -9999 -9999 -9999 -9999 -9999 -9999 -9999 -9999 -9999 -9999 -9999 -9999 -9999 -9999 -9999 -9999 -9999 -9999 -9999 -9999 -9999 -9999 -9999 159.5 145 163 169.5 178.5 188 194 188.3333 190.75 195.5
121.5 -9999 -9999 -9999 -9999 -9999 -9999 -9999 -9999 -9999 -9999 -9999 -9999 -9999 -9999 -9999 -9999 -9999 -9999 58 -9999 -9999 -9999 -9999 -9999 -9999 -9999 -9999 -9999 -9999 -9999 -9999 -9999 -9999 -9999 -9999 -9999 -9999 -9999 -9999 -9999 -9999 -9999 -9999 -9999 -9999 -9999 -9999 -9999 -9999 -9999 -9999 -9999 -9999 -9999 -9999 -9999 -9999 -9999 -9999 -9999 -9999 -9999 -9999 130 135.5 136.75 144.5 149.5 153 156.75 161.5 165.75 173.25 181.5 186 189.25 192.5 199.25
-9999 -9999 -9999 -9999 -9999 -9999 -9999 -9999 -9999 -9999 -9999 -9999 -9999 -9999 -9999 -9999 -9999 -9999 -9999 -9999 -9999 -9999 -9999 -9999 -9999 -9999 -9999 -9999 -9999 -9999 -9999 -9999 -9999 -9999 -9999 -9999 -9999 -9999 -9999 -9999 -9999 -9999 -9999 -9999 -9999 -9999 -9999 -9999 -9999 -9999 -9999 -9999 -9999 -9999 -9999 -9999 -9999 -9999 -9999 -9999 -9999 -9999 -9999 123 134 139.25 138.25 136.5 138.25 147.75 155.75 153.5 155.75 165 175 183 189.75 195.75 206
