layers/wordclim/past/Iberia_miroc_10_ascii/bio_1.asc
ncols         205
nrows         142
xllcorner     -11.010633712694
yllcorner     33.273793250999
cellsize      0.083333333333334
NODATA_value  -9999
[rows 34 to 67 of 142, columns 77 to 153 of 205]
98.75 99.5 99.5 97.75 96.25 92.25 90.5 92.5 91.5 89.25 87.5 84.25 81.25 76.5 66.5 63.25 51.25 51.5 65.75 51.25 66.75 83.5 72.75 83.25 75.75 82.75 74 83.25 82 100.25 110 112.75 116.75 116.5 117 112.75 112 112.75 109.25 107.5 104 102.25 98 93.25 90.5 95.25 95.75 92.25 88.75 80.75 74.5 69 64.75 68.25 69.5 75.75 83 94.25 81 93.25 84.75 82 72.75 85.75 74.5 70.5 92.25 74.75 45.25 59.25 66.5 80.25 65.75 49.25 34.5 40.75 66.25
102 100.25 96.5 97.25 94.75 95 95.75 94.5 92.75 90.25 87.25 83.25 80.75 76.75 71.75 62 64.25 64 59.25 70 73.25 64.5 66.75 76.25 72.25 71 67.5 84.25 85.25 89 96.25 97.5 112.25 116.75 117 117.25 116.5 114 111.75 112 110.5 110.75 107 102.75 99.75 101.5 102.5 100.25 98.25 96 93.75 90.75 90.5 93.25 89.25 90 89.25 97.75 95 97 86.25 83.25 85 92.75 83.25 101 99 86 66.75 67.5 89.25 76.5 48.25 39.75 61.25 59.5 48.25
103.25 98.5 96.5 98.25 98 97.5 94.5 95.25 93.5 91.25 88.25 85 82.25 83 83.75 80.25 73.25 61 57.5 63.5 59.75 55.5 64 65.25 57.5 62.25 74.75 69.25 75.75 88 97 101.75 109.25 113 115 117.25 116 112 106 109.75 115.25 112.75 108.75 107.5 106.25 108.25 105.25 103.25 100.25 102.5 101.75 96.25 97.5 99.5 98.25 101 103.75 107 88 88 87.5 93.5 85.25 84.25 78.5 101.25 93.25 93 79.75 83.25 95.5 90 89.5 82.75 81 79.75 82.5
104.25 101.75 103.75 100.75 96.5 93.75 92.25 93.5 93.25 91.75 91 89.25 85.25 81.25 79.5 85.5 81.25 74.25 67.5 57.25 44.25 55.5 47 50 57 64.25 64.25 68.5 73.5 75.5 91 101.25 103.25 104.25 114.25 116.5 119.25 120 115.25 114 117 111.75 104 97.5 101.75 111 108 106.5 105.5 107 106.5 102 102.25 104.75 103.75 107.75 109.5 111.25 101.25 96.25 89.75 94.5 98 88.75 90.75 97 75 91.75 99.75 104.5 107.5 103 94.5 100.25 102.5 100.25 103.75
103.5 104 98.75 98.5 96.5 93.75 92.25 92 91.5 90 87.5 86.75 82.5 79.75 78.25 81.5 80.75 77.25 73.75 72.75 70 71.25 70 76.25 74.75 79.25 75.75 69.75 73.75 84.5 86 88 94.75 100.5 108.25 108.25 112 119.25 121 120.25 118.25 111 102 99.25 105.5 114.5 111 104 103 109.25 111 109.25 107.5 109 105.25 111 115.75 115 110.5 105.75 102.25 102.5 101.5 97.5 101.25 104.5 103.75 113.25 112.75 112 107.5 101.5 95.5 99 107 111.5 108.5
105.75 102 102 98.75 96.25 93.75 94 93.5 93.25 91.75 91.5 90.5 89.5 88 86.5 83 81.25 81.25 80.25 77 79 80.5 80.25 83 84.5 86 84.25 78.25 73.75 75.5 84 82.25 76 87.75 98 100.75 108.75 115 117.5 121 122 114.75 112.25 109.25 114.25 118 113.25 108.25 100.5 105.75 109.75 113.25 114.75 112.25 109.25 115 119.25 116.25 117.5 118 118 116.5 114 113.25 116.25 120 116.25 116.25 114.25 112.5 113.5 111 106.75 99.5 104.75 113 118
101.5 100.5 100.25 99.25 98 97 95.5 98 98 96.75 95.5 94.75 93.25 92 91 89 86.75 84 84 81.75 81 80.5 80 79 83.25 85.25 85 82.25 81.75 83.25 77.5 72.75 59.25 54.5 81.25 94.75 102 110.25 114.5 117.25 121 123 122.75 119 120.25 121.5 113.5 107.75 98.75 99 107.25 111.5 116.5 117.5 118.25 120.5 122.5 118.5 122.5 124.75 122 117.75 123.75 124.75 125.5 124 122.5 120.25 118.75 116.25 111.75 106.25 106 104.5 107 116.25 126
103.25 101 101 100.75 99.5 99.25 96.5 100.75 100 99 98 97.5 96.5 93.5 91.75 91.25 91.25 88.5 89.5 86 88 85.25 83.5 85.75 86 87 88.5 88 86 84.25 81.25 77 71.75 73 80.5 90.25 93.5 105.5 113 117 117.75 119.25 123.5 126.5 126.25 125.25 117.5 113 112.5 108.5 100.25 103 110.25 113.25 112.5 120.25 123.5 124.5 125.75 124.75 122.5 122.5 128.25 128.5 128 126.25 124.75 122.5 119.75 114.25 110.25 105 103.75 108 107 113 124
104.25 104 100.5 98 100.5 101.75 99.25 97.75 94.5 96.25 96 94.5 91.25 91.25 94.25 95 94.75 92.5 92.5 90 89.5 91.25 90 87.75 85 88 88.5 86.5 84.75 85 81.25 81 80.5 86.25 90.75 98.75 102.25 101.75 113.75 117.75 113.25 105.75 112.5 119.75 121 125.25 126.75 122.5 121 117.75 113.25 108.5 110 114.5 113.25 115.5 120.5 122.25 128.25 126.25 128 131 130.75 129 127.25 125.25 123 120.75 115.75 108.75 102.25 102 106.75 117 121.75 116.75 114.75
101.25 99.75 98.75 97.25 97 97.25 98.25 95.75 92.75 90.25 87.5 83.75 90.5 88.5 88.75 91.25 91.5 93.5 94.25 93 92.75 91.75 91.75 91.25 90.75 88.75 82.75 82.5 87.5 86.5 84.5 86.25 87 89.25 81 93.5 107.5 110.75 116 116 110.5 107.75 113.25 106.5 110.5 116.5 120.75 125.75 127.75 124 120 117.5 115.25 117.75 120 121.5 122.25 121.75 123.5 131.75 132.75 131.25 128 124.25 122.25 121.75 118.5 112.5 106.5 104 103.25 104.75 104.25 110.5 117.75 126.5 130.25
102.5 101.5 100.25 99.25 98.5 98.5 97.25 97 89.25 82 84 88 92 92 89.5 87.25 84.25 85.25 84.75 84 87.25 88 85.25 87.25 89.25 89 86.5 86.5 93.25 92.25 90 89.25 91.25 99 98.5 97.5 98 101 102.5 109.75 108.75 106.5 104.75 99.5 103.75 111.75 117.5 123.75 126.5 128.5 122 117.5 117.75 118.25 118.75 121.5 126.75 126.5 124.5 130.5 128.5 125.5 122 117.75 115.25 112 111 111.5 117.25 117.75 109.5 109.75 103.75 109.75 122.75 130.75 133
105 105.25 104.25 102.75 101.25 99 98.5 98 94.5 89.25 92.5 91.75 88 85.25 84.5 80.75 77.25 77.75 77.5 77.25 82.25 86 85 84.5 84.5 85.25 87.25 92.75 96 97.75 97.5 98 96.75 101.5 102.5 104.75 96.5 84.5 87.25 95 102.25 98.5 100.75 96.5 103.75 114.25 118.5 122.25 124.5 127.25 129 124.5 124.5 124.5 126.75 129 130 122.5 126.5 129 123 124.25 121.75 114.25 108 102.25 95.25 96.25 104.5 121 124.5 123.5 115.75 123 132 133 132.25
105.25 104.5 103.25 102.5 100.5 99.25 98.5 96.75 95.25 92.75 92.25 90.5 83.25 70.25 60.25 67.5 71 69.75 74 82.25 82.75 84 86 82.5 82.75 82.75 86.75 93.5 96.75 95.25 94.5 95 94.5 96.75 94.75 97 93 86.75 83.5 84.5 89.25 92.5 91.25 97.25 103 108 113 118.75 122.75 125 127.25 129 130.75 132.75 132.75 130.75 127.5 128.5 130.5 130.5 132.25 136 129.75 121.75 112 108.75 103.5 102 116.5 132.25 130.5 130 130.5 137.25 137 138 141
103.75 104 102.75 101 101 99.5 97.25 94.75 92.5 88.75 86.5 79 62.5 50.5 64.25 62.5 71.75 67.75 72.5 84.25 84.25 88.75 89.75 82.5 81.25 82 83 84.25 84.75 85 83 86.25 88.5 90 85.75 86 89.75 88.5 84.75 85.25 80.5 80.25 88.25 92.25 99 99.5 102.5 112.75 119 121.5 123 123.25 124.75 125.5 128.25 129.5 126.25 130 126.75 124.75 118 132.5 134.5 130.75 127.5 117.25 121.25 130.25 133.75 137.25 136.25 138.5 140.5 143.75 145.5 147.75 147.25
101.5 102.5 99.5 100.5 99.5 97.75 93.5 88 84.5 82 68.75 74 73.25 71.5 79.25 79.25 80.75 81 88.75 87.75 90.5 91.75 89 85.5 83.25 80 79.25 76.25 72 72.25 78 75 78.25 81 80.5 78 75.75 83.25 86.75 80.5 77.25 74.25 81 88 92.75 94.75 91.25 99.75 112.25 111.5 116 119.5 122 121.75 124.25 120.75 122.75 126 122.5 121 122.5 130.25 140.25 136 124 118.5 136.25 140.25 140.75 142 143 146 149.25 151 152.75 155.3333 153.5
100.25 99.25 99.5 99.75 98.5 93 88.75 77 49 59.5 79.5 92 88.75 75.5 78.5 91.5 90.5 87.5 94.5 96.25 94 94 90 85.25 82.75 82.25 80.75 77.25 74.25 74.75 75.5 74 75 77 78.25 79.75 80.75 76.75 83 82 75.75 66 69 79.5 86.75 92.75 102 105.5 104.75 101.25 107.5 113.25 120 120 114.25 114.5 119.25 118.5 120.5 124.75 128.25 135.75 137.5 126.75 120.5 131.75 143.5 148 147.75 146.5 147 150 154 155.5 -9999 -9999 -9999
97.25 95.5 98 98 97.75 93 86 57.75 75.5 79.75 80.25 89.75 96.5 96 98.5 97 97.75 100.75 100.75 99.25 94 91.25 88.25 85.75 85 83.25 81.25 83.75 80 74.75 71.5 74.75 75.25 77.5 78.5 75.75 79.5 80 79.5 84.25 78.75 73.75 70.25 76 77.5 85.25 95.75 96.5 94.75 97 104.25 108.75 115 110.5 107.5 110.5 115.5 114 116.25 109 136.75 133.25 123.25 135.5 140.25 145 149.75 149.75 148.25 147.75 149.25 153.3333 -9999 -9999 -9999 -9999 -9999
94.5 92.5 93.75 96 89.25 73.25 67.5 49 61 69.5 88.5 98.25 104.5 106.5 101.25 99.75 102.25 106 102.5 95.75 91.25 90.25 94 90.75 85 83 84 86.5 81.5 82 78.25 79.75 78.75 74.5 72.5 72.75 75.5 79 82.75 82.5 74 71 70.25 76.5 81.25 84.5 82.5 85.75 85 91 91 105.75 112.25 106.75 98.25 105 105.75 104.75 92.5 111.75 142.25 140.5 131.75 142.25 146.5 149.25 149 148.75 148.5 148.75 150.5 154 -9999 -9999 -9999 -9999 -9999
89.75 83 83.75 83.75 81.75 68.5 72.5 70.75 84.75 97.75 97.75 103.75 110.75 108.5 103.25 103 107.25 107.75 98 93.25 93.5 91 94.25 98.5 94 91 89.25 80.5 77.75 76.75 75 74.75 71.75 74.75 71 70 72 80 84.25 77.25 66 67.25 68.5 66.75 66 66.5 71.25 68.5 74.75 81.25 97.75 104 99.25 101.25 96.75 100.25 88.75 87.5 93.25 125.75 142.5 146.5 146.5 147.75 147 146.75 147.75 148.5 149.25 150.5 151 152.75 -9999 -9999 -9999 -9999 -9999
83.25 77.5 74.25 69.5 66.75 85.75 99 94.75 97.75 105 107.25 114.5 116 110.75 108.75 106 110.75 105.5 96.75 97.75 94 90.5 99.5 102 97.25 90 84.75 77.5 73.25 69.5 73.25 70.75 69.5 66.25 62.75 66 65.75 74.25 81.75 80.75 69 72.5 73.75 72.5 68.75 70.75 71.5 72.75 80.5 80.25 87.25 90.75 98.25 90.75 85 84.25 89.75 106.5 118.25 133.25 139.25 140.5 148.75 148.25 147.5 147.5 148 148.75 150 151 151.5 152 156.5 -9999 -9999 -9999 -9999
84.5 80.5 83.75 85.5 77.5 96.5 104.75 105 109.25 116 114.5 117 117.75 112 112.25 112.25 110.75 100 102.75 99.5 94.25 93 103.75 94.5 88.25 88 88.25 86 81.75 75 69.25 64.5 63 59.75 55.5 63.25 62.5 66.5 78.25 85 75.75 74 79.5 74.75 62.75 69.5 67.5 65.75 62.5 60.25 80 88.75 93.5 93.5 90 96 104.75 121.75 132.5 137.75 140 140.25 148.5 148.75 149 149.5 150 150.5 151 151 151 153 -9999 -9999 -9999 -9999 -9999
96 95.75 104.25 102.5 99.75 106.75 111 117.75 115.5 119 116.5 117.5 119 117.5 117.75 112.75 103 103.5 105 98.75 97.5 103 103.5 97.25 102.75 98.25 99.75 92.5 85.75 77 71 61 59.75 59 52.25 54 60 69.5 75.25 85.25 80 75.5 81.75 71.75 61.75 65.25 61.75 55 59.75 60.25 66.75 79.25 84 87.5 88.75 106.5 117.75 129.25 133.75 142.5 146.5 149 151.25 150.25 150.25 151 151 151 151 151.5 152.25 154.6667 -9999 -9999 -9999 -9999 -9999
100.75 114.5 115.5 111.5 114 120.25 121.25 120.25 117 118.5 119.75 118 121.5 120.5 115.5 108 104.75 107 103.25 100.75 104.5 106.75 108.25 103.75 103.5 104.75 99.5 95 88.75 82.5 73.75 67.75 59 56.25 55 59.5 68.5 71 77.75 83.5 84.75 83.5 81.5 67 65.5 62 55.5 46 47 57.75 65.25 77 89.25 93.75 99.75 115.5 126 126 134.75 145 148.75 150.75 151 151 151.25 152 152 152 152 152.25 153 155.5 -9999 -9999 -9999 -9999 -9999
94.75 110.5 113.25 119 125.5 124.75 121 121.75 119 118.75 122.75 122.5 122.5 121.5 112 108.25 108.75 108.5 106 110.25 113.25 105.5 109.25 102.5 95.25 100.75 96.75 95.5 93.75 87.25 71.5 66.5 63.25 62 55 60.25 65.5 67.25 68.5 79 85.75 92.5 85.25 70.75 75.75 75 63.5 55 58.25 61.25 75 86.25 100.5 101.75 113.5 114 132.75 133 135.75 143.75 152.25 151.5 151 151.25 151.5 152.25 152.5 152.5 152.5 152.25 154.5 -9999 -9999 -9999 -9999 -9999 -9999
112.75 115.5 124.25 129.25 126.5 123.25 120.75 123.25 120 120.5 122.25 122.5 124.25 118.5 115.25 114 112.25 109.75 111.5 114 104.5 101.75 106 101.25 101 99.75 96.5 93 85.5 88.75 77.75 71 69.5 67.25 58.75 60.25 65 61.75 73.5 77 87.75 92.5 78.5 77.5 86.5 87.75 80.5 70.75 71.25 79 75 85.75 110.5 123 118 126.5 135.25 143.25 144.75 152 153 151.5 152 152 152.25 153 153 153.25 153.5 154 158 -9999 -9999 -9999 -9999 -9999 -9999
121.75 129 130.75 128 123.75 121.75 123.5 124.75 121.25 123.75 121.25 124.5 124.75 121 114.75 112.75 113 117 118.25 112.25 102.75 101.25 104.5 100 99.25 96.25 94.5 92.75 88.25 91.75 77 73.5 69.75 66.5 67.25 68.25 70.25 66.5 81 89 91.75 80.75 68.5 70.5 86.25 95 94.75 94.75 94 92.75 99 103.75 115.75 131 132.75 132 140 148.75 150.25 151.25 152 152.5 153 153 153 153 153 153.75 154.5 156 -9999 -9999 -9999 -9999 -9999 -9999 -9999
132.5 132.25 129.75 126.5 124.75 125.5 127 123.5 126.75 125.5 123.5 127.25 125 121.75 117.75 119.75 120.75 118 115 110.5 104.5 102 99.75 94.75 94.25 94 89.25 91.5 96.5 91.25 81.75 77.25 77 78.5 75.5 79.75 78 72.25 81 98.75 91.5 74.5 51 60 82 90.75 95.25 99 108.25 110.5 114.25 116.75 130.25 132 129.25 134.5 144.5 151.75 152.75 151.5 152.25 153 153.75 153.75 153.5 153.5 153.5 155 156.5 -9999 -9999 -9999 -9999 -9999 -9999 -9999 -9999
131.25 130 127.75 127.25 128 129.25 130 129.25 129.75 127.75 128.5 125.75 121 118.75 118.5 118.5 115 111.75 109.25 109 105.25 102.5 103.5 102.75 95.5 98 93 96.5 96.75 95 91.5 83.5 88.75 87.75 83.25 84.75 82 78 84 94.25 89 83.25 75 70 70.25 81.75 92.75 94.5 103.75 106.25 120 133 139.5 142.25 145.25 149.25 153 153.25 152.5 152.25 153 154 154 153.75 153.75 154 154.25 159 -9999 -9999 -9999 -9999 -9999 -9999 -9999 -9999 -9999
133.75 129.5 128.75 129.25 132 131 128.5 130 131.75 129.75 125.25 119.5 117.25 116.25 115.5 114.25 112.25 110.75 111 109.5 106 105.25 105.75 103 102.25 98 99 100.25 96.25 91.25 88.5 88.25 93 91.25 92.75 83.75 81 86.25 91.75 91.5 97.75 93.75 87.75 84.25 74.25 76.25 99.25 111 119.75 115.75 114 128.5 141.25 146.75 148.5 150.5 153.25 153.75 154 154.5 154.5 155 154.5 153 153.25 156.75 161 -9999 -9999 -9999 -9999 -9999 -9999 -9999 -9999 -9999 -9999
131.25 132.75 133.75 132.75 130 127.25 126.5 126 126 126 125.25 125 121.75 119 118 116 114 114 113.25 111.25 108.75 106.25 105.5 106 104.5 102 102 102.75 96.75 94.75 91.5 91 94.5 91.75 93.75 92.5 88.75 92 94.25 91.5 95.25 106 102.25 97.25 91.75 93.75 96.75 106.25 119.25 130.5 128.25 127.25 142.25 149.5 151 151.75 154 155 155.5 155.5 155.5 155.25 155 153.25 155 159.5 -9999 -9999 -9999 -9999 -9999 -9999 -9999 -9999 -9999 -9999 -9999
126 125 127.5 123.75 119.5 121.75 118.75 118.25 120 120.5 122.25 121.75 121.25 119.5 118.5 117.25 116.25 116 114.25 113 108 107.25 105.75 107.75 107 103.25 102 106.25 104 98.25 94.25 92.75 94.75 96.75 99.25 100 100.25 99.5 90.5 96 102.25 111 114.75 115.25 112 118.75 120.25 122.5 119 121.25 137.75 142 149.25 151 154.25 154.5 155.5 156.5 157 157 156.5 156.5 156.25 157.25 158.5 -9999 -9999 -9999 -9999 -9999 -9999 -9999 -9999 -9999 -9999 -9999 -9999
118.75 119.25 121.75 119.75 117.25 118.5 118 117.5 117.25 118.25 117 120.25 119.75 120.75 117.75 119.5 118.25 117.5 116.25 113.75 110.75 111 108.25 108 107.25 102.5 105 106.75 106.25 102 98.75 98.25 97 97.25 97 102.5 104 99.75 96.75 103.25 98.5 96.5 105.5 118.25 128.5 129.75 135.5 139 138.25 134 135.75 146.75 150.75 153.75 153.75 155 157.25 159.25 159.75 159.25 159.75 160 161.5 162 -9999 -9999 -9999 -9999 -9999 -9999 -9999 -9999 -9999 -9999 -9999 -9999 -9999
110.75 104.5 115 116.25 110 106.5 109.75 111 115 117.5 119 119.5 119.5 119.25 119.5 120.75 120.25 119 117.75 114.75 111.25 113.75 111.75 108.25 109.25 108.5 107.25 108.25 106.25 106.5 106 104 103.75 101.75 101.25 103.75 110.25 105.5 102.25 105.75 107.75 101.5 102.25 111.75 119.5 132.5 140.25 143.25 145.25 145.75 148.25 150.75 152 153.5 154.25 157.5 161 162.5 164.5 -9999 -9999 -9999 -9999 -9999 -9999 -9999 -9999 -9999 -9999 -9999 -9999 -9999 -9999 -9999 -9999 -9999 -9999
119.5 113.25 109.75 109.25 115.25 111.5 107.75 111.25 116 118.25 118.25 119 120 120 121.25 121.5 120.75 119.25 118.75 118.25 116.25 116.5 114.25 112.5 112 110.75 111.75 109.75 105.5 106.75 109 108.25 107.75 107.75 107 108.25 113.75 106.75 109 111.25 112.5 112.75 110.75 105.5 107.75 121.5 136.75 142 146.25 148.5 150.75 152 152.75 154.25 156.5 160.25 165 -9999 -9999 -9999 -9999 -9999 -9999 -9999 -9999 -9999 -9999 -9999 -9999 -9999 -9999 -9999 -9999 -9999 -9999 -9999 -9999
