layers/wordclim/past/Iberia_miroc_10_ascii/bio_06.asc
ncols         205
nrows         142
xllcorner     -11.010633712694
yllcorner     33.273793250999
cellsize      0.083333333333334
NODATA_value  -9999
[rows 72 to 107 of 142, columns 0 to 81 of 205]
-9999 -9999 -9999 -9999 -9999 -9999 -9999 -9999 -9999 -9999 86 -9999 82.5 79.75 78.25 76.5 74.5 73 70.75 66.25 64.75 61.25 59.25 61.25 66.5 65.5 67.75 66.25 64.25 63 61.25 59.25 59.25 58.5 59.5 57.75 56.5 56.75 55.5 53.5 53.25 50.75 48.25 46 44 42 40.5 39.25 38.25 37.25 35.5 35 33.25 33 32.5 32 30 28.25 26.75 30.5 30.25 29.75 28.25 26 25.25 22 19.5 20.75 19 14.75 12.25 9.75 7.75 5 0.25 1.5 3 0.5 -3 -4.5 -3 -0.75
-9999 -9999 -9999 -9999 -9999 -9999 -9999 -9999 -9999 -9999 -9999 83.5 83 79.5 77 76 75 73.25 71.25 61 60.75 57.25 54.5 61.25 67.75 68.25 68.25 66 63.75 63.75 63 62.75 62.25 61.25 60.25 58.5 58.5 55.75 54 52.75 51.75 50.25 48 45.25 42.5 41.75 40.75 37.75 38 36.5 35.75 35.75 34.5 34 33.5 32.75 30 29 31.5 31.75 30.75 29.75 27.75 26.5 25 22 20.75 19.5 15.5 16 15.25 11.25 9.25 5.25 3.5 1.25 2.5 0.5 3.25 -1 -2.25 -0.5
-9999 -9999 -9999 -9999 -9999 -9999 -9999 -9999 -9999 -9999 -9999 83 81.5 78 76.25 76 75 73.5 67.5 58.25 53.5 53.75 57 63.25 68.75 68.25 67.75 66.25 65.25 65.25 63.75 62 61.25 59.75 60 58.25 57.25 55 53.5 50.75 48.75 48 45.75 43.5 39.25 37.5 40 39.25 37.5 35.5 35.75 35.25 34.75 35 34.25 33.75 32.25 32 32 31.25 29.75 27 25 23.75 22.25 23.5 21 19 18.25 18.25 12.75 3.25 7.5 6.5 5.5 3.75 2.5 -1.75 1.25 1 -2 -0.5
-9999 -9999 -9999 -9999 -9999 -9999 -9999 -9999 -9999 -9999 -9999 -9999 -9999 78 75.25 73.25 73.75 72.25 60.5 55.25 53.25 57.25 66 69.75 69.25 68.5 66.75 66.25 65 63.25 62.25 59.75 60 59.75 57.5 56 55.5 54.25 52.75 50.75 48.25 42.75 42.5 43.5 40.5 40 41.75 39.75 36.25 34 33.75 34.25 34.25 32.5 31.5 30 31.5 30.5 29.25 27.5 26.5 22.75 21.25 21.75 19.5 21.5 18.5 17 14 13 14.75 16 12.75 9.25 6.5 6.25 -0.75 -0.5 -0.5 1.5 -1 -2
-9999 -9999 -9999 -9999 -9999 -9999 -9999 -9999 -9999 -9999 -9999 -9999 -9999 -9999 75.33334 75 72.75 71.75 56 55.75 58 61.5 66.5 70.25 70 68.5 67 65.25 64.5 63.25 62.5 60.75 58.25 56.5 54.25 52.5 52.75 51.25 50 48.25 45.25 43.5 42.5 42.25 44.5 43.25 41.5 38.25 35.5 34 33.75 33.25 31.75 32 29.75 28.75 30 29.25 25.75 23 20.5 22.75 17.75 19.5 19.5 18.5 18.25 14.25 11.5 10.75 12 15.75 11.75 12 11.25 9 6.5 5 0.75 -1.25 -0.5 0
-9999 -9999 -9999 -9999 -9999 -9999 -9999 -9999 -9999 -9999 -9999 -9999 -9999 -9999 -9999 -9999 75 72.75 68 68 67 66 68.5 70 68.75 68 67.5 66 63.25 62 61.25 59.5 56.75 55 53 51 50.75 51 50.5 50 48.25 47 46.25 44.25 44.25 43 39.75 36.5 33.5 32.75 32.5 31.75 31 30.5 29 27.25 27.5 28.75 25.5 22.25 19.25 17.5 20 17.5 17.25 14.5 12.5 9.25 11.5 13.75 16 13.5 11 13.75 11 8.75 7.5 4.5 2.25 -2.25 -2.5 -2.25
-9999 -9999 -9999 -9999 -9999 -9999 -9999 -9999 -9999 -9999 -9999 -9999 -9999 -9999 -9999 -9999 -9999 75.75 73.5 73 72 68 66.75 67.75 66 67 67.5 67 65 63.25 62.75 57 54 52 49 49.5 51 51.75 51.25 50 48.75 46.25 45.5 46.75 45.5 42.75 39.25 34.25 33 29.5 28 28.5 26.5 28.5 27.75 25.5 25 25.75 24.25 18.5 17.25 16.25 18.5 13 11.75 11.5 10.5 14.75 15 13.5 13.25 13.75 10.75 12.5 11.5 7 3 -1 -2.75 -0.25 0.5 1.5
-9999 -9999 -9999 -9999 -9999 -9999 -9999 -9999 -9999 -9999 -9999 -9999 -9999 -9999 -9999 -9999 -9999 77 77 75 76 71 65 63 63 68 68.25 67.75 63.75 63.25 62.25 59.25 56.5 55.5 54.5 53 52.25 51.75 51.25 50.5 48.75 46.5 45.25 45.75 45.75 42.5 39.5 36 31.75 28.5 21.75 20.75 21 25 26 22.25 22 22.25 24 21 16.75 16.25 16.5 12 10.25 12 13 12.25 13 11.25 10.5 11.75 9.75 8.5 9.25 9.75 9.5 4.75 -2.75 -5.25 -4.25 -2.25
-9999 -9999 -9999 -9999 -9999 -9999 -9999 -9999 -9999 -9999 -9999 -9999 -9999 -9999 -9999 -9999 -9999 -9999 -9999 -9999 -9999 67.66666 67 68.5 73 70.75 68 67.75 66 64.75 64.25 62 58.75 56 55 53.5 51.5 49.75 50.25 50.25 48.5 48.25 48 47.75 45.5 42.5 40 36.25 32.75 26.5 23.5 25.25 21.25 21.75 22.5 20 19 18.75 20.75 19.75 17.25 16.25 14 13.5 13.25 12.25 10.25 9.75 10.25 9.25 9 9.5 7.75 6.5 6.5 6.5 6.5 6.5 5.75 -1.25 -0.75 -6.5
-9999 -9999 -9999 -9999 -9999 -9999 -9999 -9999 -9999 -9999 -9999 -9999 -9999 -9999 -9999 -9999 -9999 -9999 -9999 -9999 -9999 -9999 76.5 77.5 77.25 74.25 69.75 65.5 63.75 63.75 62.5 61 61.25 56.25 54.5 52.25 49.25 49 47.5 45.5 46.5 48 48 48 46 44.25 41 38.25 34.25 30.25 28 32 30 27.5 23.5 21.25 19.25 15.75 16.25 16.5 15.5 14.75 13.75 13 13 11 9.75 11.5 10.25 7.75 6.5 5.75 7.25 5.75 4 5.25 4 3.5 4.75 4.75 7.25 11
-9999 -9999 -9999 -9999 -9999 -9999 -9999 -9999 -9999 -9999 -9999 -9999 -9999 -9999 -9999 -9999 -9999 -9999 -9999 -9999 -9999 -9999 -9999 -9999 80 76.75 68 64.25 62.75 62.25 61.25 61.5 60.5 58 56 53 50.75 47.5 45.5 43 44.75 48 48.75 47.25 45.5 43.5 40.75 39.75 38 35.25 33.75 28.5 25.5 26.75 24.75 21.75 16.5 16.75 15 13 13.75 13.25 13.75 14 16 11.75 10 11.25 9.75 13 9.25 3.5 5 9.75 8.5 6.5 4 6.25 3 5 4.75 14.25
-9999 -9999 -9999 -9999 -9999 -9999 -9999 -9999 -9999 -9999 -9999 -9999 -9999 -9999 -9999 -9999 -9999 -9999 -9999 -9999 -9999 -9999 -9999 80 76.25 72.5 67.25 61.75 56.25 61.25 60.5 61.25 61 58.75 56.5 54 51.25 48.75 49.75 49.25 50 49 49.25 48 46.75 45.25 43.25 41.5 39.75 32 26.75 20.5 21.75 20.25 21.25 20 16.5 18.25 20 17.25 13 12.25 16 16.5 17 17.25 15 8.75 8.75 6 6.25 11 10.25 10.25 12.25 12.25 9.25 12 17.25 16.5 12 17.75
-9999 -9999 -9999 -9999 -9999 -9999 -9999 -9999 -9999 -9999 -9999 -9999 -9999 -9999 -9999 -9999 -9999 -9999 -9999 -9999 -9999 -9999 -9999 -9999 77.25 72.75 66.75 59.25 54.75 57.25 58.75 61.5 59.75 58 54.75 52 49.5 48 49.25 49.75 51.25 48.5 46.5 45.75 46.25 44.75 41.25 37.75 33.75 35 31.75 25.25 21.25 15.5 15 11.75 10.5 13.25 19.5 21 20.25 16.5 10.25 10.25 14.75 19.5 19.5 20.75 15.25 14 8.5 6.25 12 13.25 15 21.5 19.25 19.75 27.5 27.75 28 30.75
-9999 -9999 -9999 -9999 -9999 -9999 -9999 -9999 -9999 -9999 -9999 -9999 -9999 -9999 -9999 -9999 -9999 -9999 -9999 -9999 -9999 -9999 -9999 -9999 79.25 69.25 65.25 58.5 58.25 59.25 60.25 60.25 59 56.75 52.75 50.5 48.5 45.25 47.5 49.75 51 48 46 44.75 43 43.75 40.25 36.25 32.75 27.25 29.75 27 21 23.75 22.5 16.75 17.5 19.5 15.25 18.5 24.25 17.75 14.75 12 11 11.25 16.25 21.75 23.25 19 13.5 14.75 17 15.5 15 23.75 27.5 29.75 34 32.75 35.25 34.75
-9999 -9999 -9999 -9999 -9999 -9999 -9999 -9999 -9999 -9999 -9999 -9999 -9999 -9999 -9999 -9999 -9999 -9999 -9999 -9999 -9999 -9999 -9999 83 77.5 69.75 65.75 59.75 59.25 60.75 60.25 60 58 56.25 53 52 49.75 48 48 50.75 50.25 47.5 46.25 45.5 47.75 46.5 41.25 38.5 35 27.75 24.75 19.5 19.5 23 29.25 27 21 23 21.75 19.5 23.75 19.25 16.25 17 10 13.25 19.5 20.5 20.5 25 20.5 22.25 22 21.75 27.25 32.25 33.5 33.75 34.5 31 31.75 33.5
-9999 -9999 -9999 -9999 -9999 -9999 -9999 -9999 -9999 -9999 -9999 -9999 -9999 -9999 -9999 -9999 -9999 -9999 -9999 -9999 -9999 -9999 -9999 -9999 78.75 73 67.75 59 59.25 61.25 60.25 58.75 55.25 52 50.25 50 51 51 51 50.5 52 49.25 47 47.25 47.5 43 37 36.5 35.5 33.25 33.25 31 29.75 27 22.75 28.75 31.75 24.75 24.25 24.5 32.75 25.25 23.75 24.25 21.5 21.5 23 28.25 28.5 32 32.5 33.25 33 33 33.5 31.25 30.25 31 32.25 30.75 32 32.5
-9999 -9999 -9999 -9999 -9999 -9999 -9999 -9999 -9999 -9999 -9999 -9999 -9999 -9999 -9999 -9999 -9999 -9999 -9999 -9999 -9999 -9999 -9999 -9999 80 73.5 66 59.25 59.25 57.25 57.75 56.5 55.25 52.25 49.75 50 50.75 49.75 50 50 51.5 49.5 50.5 49.5 48.75 46.75 46 45.75 44.5 42 44.25 39.5 35.5 28.75 29 28.75 31.5 30.25 28.5 26.5 28.5 36.5 30.5 29.5 27 28.5 34 32.75 36.25 38.25 36.5 35.25 32.5 30 30 32.25 33.75 33.5 33 29 32.25 32.25
-9999 -9999 -9999 -9999 -9999 -9999 -9999 -9999 -9999 -9999 -9999 -9999 -9999 -9999 -9999 -9999 -9999 -9999 -9999 -9999 -9999 -9999 -9999 -9999 81 74.5 67.75 63.5 60.75 56.25 53 53.25 54.25 50.75 49.5 50.25 48.75 50.5 52 52.75 52.5 50.75 53.25 53 52 50.25 48 51 50.5 46 47.5 40.25 35.5 37.25 33.25 31.75 31.75 34.5 33.25 33.25 30.5 35.75 40 38.75 34.75 39.5 40.25 40.25 38.5 38 35.75 33.25 32.75 30.75 30 31.25 35.5 31.25 31 31.75 29.75 30.25
-9999 -9999 -9999 -9999 -9999 -9999 -9999 -9999 -9999 -9999 -9999 -9999 -9999 -9999 -9999 -9999 -9999 -9999 -9999 -9999 -9999 -9999 -9999 -9999 81 76 65.25 63.75 63.5 58 55 51.25 53.25 50.25 48 48.25 48.75 50.25 51.5 52.25 54 54.75 53.25 52 51.75 49.75 49.25 52 52.75 51 46.25 42.5 40.5 41 34.25 36 39 38 38.25 40.25 41 43.25 42 41.75 42.25 40.5 39.5 38 38.25 36 37.5 36 34 35.25 35.75 32.25 31.5 26 22.5 22.25 23.25 27.75
-9999 -9999 -9999 -9999 -9999 -9999 -9999 -9999 -9999 -9999 -9999 -9999 -9999 -9999 -9999 -9999 -9999 -9999 -9999 -9999 -9999 -9999 -9999 85 80.5 77 68.75 60.5 60.5 61 58.5 54.75 50.75 48 46 46.5 46.25 47 48.5 50.25 52.25 54.5 56.25 53.25 49.75 51 55.25 56.25 56.75 52.5 49.25 47 46 45.25 42.5 43.25 45 45 44.25 44.75 43.75 42.75 41.5 40 39.75 41.25 38.75 38.25 37.75 36.25 37 39.75 39.5 39 35.75 33.75 32.25 28.75 25 4.25 5 19.75
-9999 -9999 -9999 -9999 -9999 -9999 -9999 -9999 -9999 -9999 -9999 -9999 -9999 -9999 -9999 -9999 -9999 -9999 -9999 -9999 -9999 -9999 -9999 84.5 81.5 77.75 65.25 60 54.25 54 56.5 53.25 50.75 46.5 41.5 43 45.5 47 48.25 48.75 50.5 53 57.25 55 55.25 55.75 55.75 58 59.5 57.75 56 54.75 54.75 51.5 47 47.75 47.75 44.75 41.5 43.5 44 43.5 41.25 39.75 42.5 44 43 41 41.25 38.75 39.25 40 39.25 39.75 38.25 34.5 32.75 28.5 22 13.75 10 11.5
-9999 -9999 -9999 -9999 -9999 -9999 -9999 -9999 -9999 -9999 -9999 -9999 -9999 -9999 -9999 -9999 -9999 -9999 -9999 -9999 -9999 -9999 -9999 84.5 80.75 72.75 65.5 54.25 45.5 43.5 54.5 54.75 52.75 50.25 44.25 41 39.75 41.5 44.5 49.5 52.5 55 59.25 58.25 58.25 60.5 60.25 62 64 62.75 61.25 57.75 52.25 50.25 48.25 47.5 48.5 46.25 44.25 45 45 44.5 43.75 45.5 45 44.25 43.25 42.75 42.5 42 41.75 39.5 37.75 34.25 36.5 37 34.5 31.5 27.5 21.75 11 12.75
-9999 -9999 -9999 -9999 -9999 -9999 -9999 -9999 -9999 -9999 -9999 -9999 -9999 -9999 -9999 -9999 -9999 -9999 -9999 -9999 -9999 -9999 -9999 82 79.75 69.75 62.25 59 58 60 58.75 58 57.75 52.75 48.5 48 40.75 39 44.25 45.5 50.5 56.75 61 61.75 62.25 63.5 64 64.5 65.5 63.5 59.75 57 55 54.25 53 52 52 50.5 49 48.75 47.5 46 45.75 46 46 45.25 43.5 42.75 43 41.5 40 37.75 35.25 23.25 31.25 31.5 33.75 32 30 22 23.75 20
-9999 -9999 -9999 -9999 -9999 -9999 -9999 -9999 -9999 -9999 -9999 -9999 -9999 -9999 -9999 -9999 -9999 -9999 -9999 -9999 -9999 -9999 -9999 81 77.5 67.75 64.25 64.75 65.75 64.5 63.75 62 61.25 58 54.5 53 48.25 48 52 56.25 60 61.75 64 64.5 64.5 66 65.25 65.25 66 63.75 61 59.5 58.5 58.5 56.75 55.5 53.75 52.75 51.5 50.5 49.75 48.75 48.25 47.25 47.25 46.25 43.5 39.5 40.25 37.25 32 32 33.75 27.75 31.25 30.75 28.25 28.75 22 12.75 16.5 18.75
-9999 -9999 -9999 -9999 -9999 -9999 -9999 -9999 -9999 -9999 -9999 -9999 -9999 -9999 -9999 -9999 -9999 -9999 -9999 -9999 -9999 -9999 -9999 81 71.5 68 68.75 67.75 67.75 66.25 65 64.25 62.75 63.5 62 60 58 56.75 59.25 61.75 63.75 63.5 65.25 67.25 68 68 68 67.25 67 65.75 63.25 60 58.5 58.25 57.5 56.75 55 54.5 53.25 52.5 52.25 52 51 49 47.5 45.25 41.75 37.5 34 31.75 29.5 29.5 28 29.75 33 33.5 33.75 32.75 24.75 15.75 8.25 -7.25
-9999 -9999 -9999 -9999 -9999 -9999 -9999 -9999 -9999 -9999 -9999 -9999 -9999 -9999 -9999 -9999 -9999 -9999 -9999 -9999 -9999 -9999 -9999 85 76.25 74.75 73.5 72.25 71.5 69 68.25 67 65.75 65.25 65.25 64 63 62.5 63.5 66 67.75 66.5 67 69.5 70.25 70.5 69.25 69.5 68.5 66.75 65 64 62 59.75 59 58.25 56.75 55.75 55 55 54.25 53 50.25 51 49.25 42 40.75 37.75 34.25 25.5 30 24.25 30.25 33.25 35.75 33.25 22.5 19.75 14.5 12 1.5 -7.5
-9999 -9999 -9999 -9999 -9999 -9999 -9999 -9999 -9999 -9999 -9999 -9999 -9999 -9999 -9999 -9999 -9999 -9999 -9999 -9999 -9999 -9999 -9999 87 81.25 79.25 77.5 75.75 74 72.5 72.75 68.5 66.5 65.75 66.25 66.25 65.75 66.75 70.66666 73 -9999 -9999 78 77.5 75.5 75.25 73 70.5 69 68 67 65 63.25 62 60 59 58.25 57.25 56.5 55.5 54.25 51 48.75 49 48.5 44.25 38 31.5 33.75 26.25 17.75 18.5 29.5 35 36 35.5 27.5 26.25 25 17.75 28.75 33.5
-9999 -9999 -9999 -9999 -9999 -9999 -9999 -9999 -9999 -9999 -9999 -9999 -9999 -9999 -9999 -9999 -9999 -9999 -9999 -9999 -9999 -9999 -9999 -9999 84.5 84 85.5 81.5 82 80 78 72.5 74 71 73 73 76.5 -9999 -9999 -9999 -9999 -9999 -9999 -9999 -9999 -9999 78 74.33334 72.25 69.75 68.25 67 65.5 63.5 61.75 59.75 59.5 58.5 57.5 55 50.25 51.75 50.5 51.5 50.5 41 30.75 31.5 25.75 20 18.5 11.75 18.5 25.25 37.25 51.75 40.75 43.75 39.75 20.5 29.25 47.25
-9999 -9999 -9999 -9999 -9999 -9999 -9999 -9999 -9999 -9999 -9999 -9999 -9999 -9999 -9999 -9999 -9999 -9999 -9999 -9999 -9999 -9999 -9999 -9999 -9999 -9999 -9999 -9999 -9999 -9999 -9999 -9999 -9999 -9999 -9999 -9999 -9999 -9999 -9999 -9999 -9999 -9999 -9999 -9999 -9999 -9999 -9999 -9999 76.66666 72.75 71 69 67.5 65 63.5 60.25 60 59.25 58.75 57.5 56.5 56 54 49.5 48.5 44 23.75 6 15.5 26 18.75 -1 14.5 26 52.75 59.25 57.5 61.25 57.25 50.25 47 51
-9999 -9999 -9999 -9999 -9999 -9999 -9999 -9999 -9999 -9999 -9999 -9999 -9999 -9999 -9999 -9999 -9999 -9999 -9999 -9999 -9999 -9999 -9999 -9999 -9999 -9999 -9999 -9999 -9999 -9999 -9999 -9999 -9999 -9999 -9999 -9999 -9999 -9999 -9999 -9999 -9999 -9999 -9999 -9999 -9999 -9999 -9999 -9999 -9999 77 73.25 70 68.75 67.25 65.5 61.75 62.25 61.5 61.75 60 58.5 58.25 55.75 54.25 48.5 44.25 34.75 10 16.25 9.75 7.25 -7 14.5 42.25 53.25 57.25 53.25 59.75 68 70.75 74 72.75
-9999 -9999 -9999 -9999 -9999 -9999 -9999 -9999 -9999 -9999 -9999 -9999 -9999 -9999 -9999 -9999 -9999 -9999 -9999 -9999 -9999 -9999 -9999 -9999 -9999 -9999 -9999 -9999 -9999 -9999 -9999 -9999 -9999 -9999 -9999 -9999 -9999 -9999 -9999 -9999 -9999 -9999 -9999 -9999 -9999 -9999 -9999 -9999 -9999 -9999 76.66666 72.25 70.5 69.5 68.5 68 67.25 67 64.5 61 60 58.25 50.25 46.25 46.75 38.75 29 30.25 31.25 30.75 21 24.25 36.5 28.75 38.5 55 49 62.75 70.75 73.5 78.25 80
-9999 -9999 -9999 -9999 -9999 -9999 -9999 -9999 -9999 -9999 -9999 -9999 -9999 -9999 -9999 -9999 -9999 -9999 -9999 -9999 -9999 -9999 -9999 -9999 -9999 -9999 -9999 -9999 -9999 -9999 -9999 -9999 -9999 -9999 -9999 -9999 -9999 -9999 -9999 -9999 -9999 -9999 -9999 -9999 -9999 -9999 -9999 -9999 -9999 -9999 -9999 77.33334 74 72 71.75 72.25 72.25 70.5 66.5 62.5 60.25 59.75 57.75 54.5 32.25 44 40.25 48.5 45.5 25 48.25 60.5 65.25 65.75 65 65 69.5 71.25 77 81.5 -9999 -9999
-9999 -9999 -9999 -9999 -9999 -9999 -9999 -9999 -9999 -9999 -9999 -9999 -9999 -9999 -9999 -9999 -9999 -9999 -9999 -9999 -9999 -9999 -9999 -9999 -9999 -9999 -9999 -9999 -9999 -9999 -9999 -9999 -9999 -9999 -9999 -9999 -9999 -9999 -9999 -9999 -9999 -9999 -9999 -9999 -9999 -9999 -9999 -9999 -9999 -9999 -9999 80 77.25 73.25 73.75 73.75 73.75 71 68.5 65.5 61 61 61.75 61.5 53.5 44.75 58.5 63.5 59.25 63.75 69.75 73.5 75 77 79.25 76.75 77 78 82 -9999 -9999 -9999
-9999 -9999 -9999 -9999 -9999 -9999 -9999 -9999 -9999 -9999 -9999 -9999 -9999 -9999 -9999 -9999 -9999 -9999 -9999 -9999 -9999 -9999 -9999 -9999 -9999 -9999 -9999 -9999 -9999 -9999 -9999 -9999 -9999 -9999 -9999 -9999 -9999 -9999 -9999 -9999 -9999 -9999 -9999 -9999 -9999 -9999 -9999 -9999 -9999 -9999 -9999 -9999 80 78 75 73.75 73.5 71.5 67.75 64.75 63.25 62.25 64 58.25 54.5 48.25 61.5 65.5 67.25 72 75.5 81 83 -9999 -9999 -9999 -9999 -9999 -9999 -9999 -9999 -9999
-9999 -9999 -9999 -9999 -9999 -9999 -9999 -9999 -9999 -9999 -9999 -9999 -9999 -9999 -9999 -9999 -9999 -9999 -9999 -9999 -9999 -9999 -9999 -9999 -9999 -9999 -9999 -9999 -9999 -9999 -9999 -9999 -9999 -9999 -9999 -9999 -9999 -9999 -9999 -9999 -9999 -9999 -9999 -9999 -9999 -9999 -9999 -9999 -9999 -9999 -9999 -9999 -9999 79 77.75 75.75 73.75 72.75 70.25 66.75 64.25 65.5 63.75 55.25 50.5 56.25 61.75 64.5 71 76.25 81 -9999 -9999 -9999 -9999 -9999 -9999 -9999 -9999 -9999 -9999 -9999
-9999 -9999 -9999 -9999 -9999 -9999 -9999 -9999 -9999 -9999 -9999 -9999 -9999 -9999 -9999 -9999 -9999 -9999 -9999 -9999 -9999 -9999 -9999 -9999 -9999 -9999 -9999 -9999 -9999 -9999 -9999 -9999 -9999 -9999 -9999 -9999 -9999 -9999 -9999 -9999 -9999 -9999 -9999 -9999 -9999 -9999 -9999 -9999 -9999 -9999 -9999 -9999 -9999 79 76.25 74.5 73.25 74 73.25 70.5 66.75 64.5 61.75 60.25 49.5 55.75 68 70.5 75.75 80 -9999 -9999 -9999 -9999 -9999 -9999 -9999 -9999 -9999 -9999 -9999 -9999
