layers/wordclim/past/Iberia_miroc_10_ascii/bio_06.asc
ncols         205
nrows         142
xllcorner     -11.010633712694
yllcorner     33.273793250999
cellsize      0.083333333333334
NODATA_value  -9999
[rows 0 to 35 of 142, columns 82 to 163 of 205]
-9999 -9999 -9999 -9999 -9999 -9999 -9999 -9999 -9999 -9999 -9999 -9999 -9999 -9999 -9999 -9999 -9999 -9999 -9999 -9999 -9999 35.5 26.5 23.5 22.5 25.5 26 24.5 22 20.5 18.5 15.5 13.5 11 8.5 5.5 3 1.5 0 -1.5 -2 -2 -3.5 -5 -5.5 -7.5 -8.5 -9 -7 -8 -10 -10 -10.5 -10.5 -10.5 -13 -14 -14 -17 -17.5 -17.5 -17.5 -15 -12.5 -14 -14.5 -17 -18 -19 -17.5 -17.5 -21.5 -20 -21.5 -25.5 -27 -30.5 -31 -35.5 -41.5 -52.5 -56
-9999 -9999 -9999 -9999 -9999 -9999 -9999 -9999 -9999 -9999 -9999 -9999 -9999 -9999 -9999 -9999 -9999 -9999 -9999 -9999 -9999 -9999 32.5 28.5 24 24 25 24 22.5 21 18.5 16 13.5 11 8.5 5 3 1.25 0 -1.25 -2.25 -3 -3.25 -3.75 -5 -6.5 -6.5 -6 -6.75 -7.75 -8.5 -9 -9.75 -10.25 -11.75 -13.25 -14.25 -15.5 -14.75 -16.25 -15.75 -14.75 -13.5 -13.25 -16 -17.25 -17.5 -18.25 -18 -14.25 -13.5 -17 -20.75 -26.75 -29 -30 -32 -30.75 -35 -39.75 -43.5 -47.75
-9999 -9999 -9999 -9999 -9999 -9999 -9999 -9999 -9999 -9999 -9999 -9999 -9999 -9999 -9999 -9999 -9999 -9999 -9999 -9999 -9999 -9999 -9999 37 29 25.5 24.5 24.25 22.5 21.5 20 17.5 14.75 12.25 10 5 3 1 -0.25 -1.75 -2.25 -2.5 -2.75 -3 -4.75 -5.25 -6 -6.5 -8.5 -10 -9.25 -9.75 -10.75 -10.75 -10.75 -11.75 -11.75 -12 -13.25 -13.75 -12.25 -11.75 -12.75 -14 -16 -13.5 -14.5 -13.25 -15.5 -14 -15 -13.75 -15.25 -23.75 -30.5 -32.25 -30.25 -30.5 -31.5 -34.25 -37.5 -40.25
-9999 -9999 -9999 -9999 -9999 -9999 -9999 -9999 -9999 -9999 -9999 -9999 -9999 -9999 -9999 -9999 -9999 -9999 -9999 -9999 -9999 -9999 -9999 -9999 -9999 29.75 24.25 23 22.5 22.5 21.25 18.5 15.75 12.75 11 4.5 3.5 1 -0.5 -1.5 -2.75 -4 -4 -4.5 -7.25 -8 -7.75 -7.5 -7 -8.25 -8.75 -9.25 -9 -8.25 -8.25 -8.75 -9 -10.5 -11 -11.25 -12.25 -11.5 -11.5 -12.75 -11.75 -11 -11.75 -13.5 -13.5 -15.75 -20.25 -20.25 -20.75 -21.5 -30 -33 -30.25 -32.25 -33.25 -35.25 -35 -34
-9999 -9999 -9999 -9999 -9999 -9999 -9999 -9999 -9999 -9999 -9999 -9999 -9999 -9999 -9999 -9999 -9999 -9999 -9999 -9999 -9999 -9999 -9999 -9999 -9999 34.5 28.75 24.5 23.75 23 22 19 15.75 12.5 9 5 3 1 -0.25 -2.25 -3.75 -4 -4.75 -3.75 -6.25 -8.25 -8.5 -8.5 -9.25 -9.5 -10.5 -10.5 -11 -11.75 -11.75 -12.75 -12.25 -12.25 -12.75 -13.25 -14.25 -14.75 -14.5 -15.5 -13.25 -12.5 -12.5 -17.5 -17 -18 -19.5 -20 -21.75 -25.5 -28.25 -27.25 -23.5 -26.25 -32.75 -32 -28.5 -30.75
-9999 -9999 -9999 -9999 -9999 -9999 -9999 -9999 -9999 -9999 -9999 -9999 -9999 -9999 -9999 -9999 -9999 -9999 -9999 -9999 -9999 -9999 -9999 -9999 -9999 -9999 34 27.75 26 25 22.75 20 16.5 13 9 5.75 4 2.75 0.5 -1.5 -3.5 -4.75 -5.5 -5.5 -5.5 -5.75 -8.5 -9.25 -9.5 -9.25 -9.5 -9.25 -9.5 -10.5 -10.75 -10.75 -10.25 -10.75 -11 -12.25 -14.75 -16.75 -16.25 -17.5 -16.5 -14.75 -15.25 -18 -20.25 -20.25 -20.25 -19 -19.5 -19.5 -20.75 -19.25 -18.25 -22 -23.75 -26.25 -24.5 -28.5
-9999 -9999 -9999 -9999 -9999 -9999 -9999 -9999 -9999 -9999 -9999 -9999 -9999 -9999 -9999 -9999 -9999 -9999 -9999 -9999 -9999 -9999 -9999 -9999 -9999 -9999 36.25 32 29 26 23.75 20.75 17 13.75 9.25 4.25 2.75 1.5 0 -1.25 -4 -5.25 -6.25 -7 -7.75 -7 -7.25 -8 -8 -8.75 -9.5 -10.5 -10.5 -10.5 -10.5 -11.25 -11.25 -11.5 -11.5 -11.75 -14 -14.5 -15 -16 -15.25 -16.25 -17.25 -18.75 -19 -19.5 -18.75 -16.25 -17.75 -16.75 -15.5 -17.25 -17.25 -19 -21 -25.25 -25.75 -24.5
-9999 -9999 -9999 -9999 -9999 -9999 -9999 -9999 -9999 -9999 -9999 -9999 -9999 -9999 -9999 -9999 -9999 -9999 -9999 -9999 -9999 -9999 -9999 -9999 -9999 -9999 38 35.5 31.25 29 26 22.5 18.75 15.25 10.75 5.25 3.25 1 0 -1 -3 -5 -6.5 -7.25 -7 -7.25 -9.5 -10 -10 -10.25 -9 -8 -9 -9.5 -10.75 -10.5 -11.25 -11.5 -11.25 -10.75 -11.25 -10 -11 -11 -11.5 -12.75 -11.75 -13.5 -14 -14.75 -14.5 -15.25 -15 -15.5 -17.5 -18.75 -20.25 -19.75 -18 -18.25 -21.5 -22.25
-9999 -9999 -9999 -9999 -9999 -9999 -9999 -9999 -9999 -9999 -9999 -9999 -9999 -9999 -9999 -9999 -9999 -9999 -9999 -9999 -9999 -9999 -9999 -9999 -9999 -9999 -9999 37.25 33.25 30.25 26.75 23.25 19.75 15.25 10.5 5.75 3.5 1.5 -0.25 -1.5 -2.25 -4.25 -5.75 -7.75 -7.75 -8.25 -10.25 -10.75 -11.5 -12.25 -11.75 -9.5 -8.75 -7.5 -10 -10.25 -8.5 -8.5 -9.25 -9.75 -9.75 -11.25 -14.25 -14.5 -14.75 -16.25 -15.5 -13.25 -13.25 -15.75 -14.5 -16 -17 -18.5 -18.75 -22 -22 -23 -24 -22.25 -24 -24.5
-9999 -9999 -9999 -9999 -9999 -9999 -9999 -9999 -9999 -9999 -9999 -9999 -9999 -9999 -9999 -9999 -9999 -9999 -9999 -9999 -9999 -9999 -9999 -9999 -9999 -9999 -9999 38.75 34.5 31.25 27.75 23.75 20.25 16.5 11 6.25 4.5 1 -0.5 -1.75 -3.75 -4.75 -6.5 -8.25 -9.5 -10.5 -10.5 -10.75 -12.5 -13.25 -12 -11.5 -10.5 -8 -8.75 -9.75 -11 -13 -13.25 -11.75 -13.25 -14 -15.5 -14.5 -13 -14.25 -14.75 -15.25 -15 -15.75 -16.75 -19 -19 -18.25 -18.75 -22.5 -26 -27 -27.25 -26.75 -25.25 -24.75
-9999 -9999 -9999 -9999 -9999 -9999 -9999 -9999 -9999 -9999 -9999 -9999 -9999 -9999 -9999 -9999 -9999 -9999 -9999 -9999 -9999 -9999 -9999 -9999 -9999 -9999 42 38.5 35 31.5 29 25.25 21.25 17.25 11.75 8.25 5.25 2 0.25 -1.5 -3.5 -5.5 -7.75 -9.25 -10.75 -11.75 -12.5 -12.5 -12.5 -13 -12 -12.5 -12.75 -10 -9.5 -10.25 -10.25 -11.75 -12 -12 -12.25 -13.75 -13 -11.25 -12 -13 -12.5 -13 -13 -13 -16.5 -16.5 -17.75 -18 -19.25 -22 -23.5 -23 -25.5 -26.75 -26.5 -28.5
-9999 -9999 -9999 -9999 -9999 -9999 -9999 -9999 -9999 -9999 -9999 -9999 -9999 -9999 -9999 -9999 -9999 -9999 -9999 -9999 -9999 -9999 -9999 -9999 -9999 -9999 43.5 40 35.5 31.75 29 25.75 22 18.75 11 7.75 4.75 2.5 -0.5 -2.25 -3.5 -5.5 -7.5 -10 -11 -11.5 -12.5 -13.25 -13.5 -13.5 -14.25 -13 -13.25 -10.75 -11.75 -11 -10.25 -8.75 -8.5 -9.25 -10.5 -10.5 -10.75 -10.75 -9.75 -10 -11.25 -10.5 -9.5 -12 -15.75 -15 -12 -14.75 -15.75 -18.5 -18 -19.25 -19.75 -21.75 -24 -28.75
-9999 -9999 -9999 -9999 -9999 -9999 -9999 -9999 -9999 -9999 -9999 -9999 -9999 -9999 -9999 -9999 -9999 -9999 -9999 -9999 -9999 -9999 -9999 -9999 -9999 -9999 44 40 36 33.25 30.5 27.25 23 18 12.25 9.5 5.5 2.5 0 -2.25 -4 -6.75 -8.5 -9 -10.25 -11.25 -11.25 -12 -13.25 -13.75 -13.5 -12.25 -12 -10.5 -11 -11.25 -12.75 -10.5 -10.5 -10.75 -9 -9 -9 -8.25 -8.5 -8.75 -9.25 -8.75 -9 -10.5 -14.5 -17 -15 -12.75 -15.5 -14.25 -15.5 -19.5 -19.25 -19.75 -22 -26
-9999 -9999 -9999 -9999 -9999 -9999 -9999 -9999 -9999 -9999 -9999 -9999 -9999 -9999 -9999 -9999 -9999 -9999 -9999 -9999 -9999 -9999 -9999 -9999 -9999 -9999 44.75 39.75 36.75 34 31 27.75 23 17.5 12.25 9.5 5.75 2.75 0.5 -1 -3.5 -6.25 -7.25 -9.5 -10.5 -11.25 -12.25 -12.25 -13.5 -14 -13 -12.5 -11.25 -11 -11.25 -12.25 -12.5 -11 -11.75 -11 -12 -11.5 -10.25 -9.25 -8.75 -8.75 -9.75 -11 -11.25 -12.25 -14 -13.25 -12.75 -13 -13.25 -12.75 -12.25 -16.5 -17.5 -18.25 -18.5 -19
-9999 -9999 -9999 -9999 -9999 -9999 -9999 -9999 -9999 -9999 -9999 -9999 -9999 -9999 -9999 -9999 -9999 -9999 -9999 -9999 -9999 -9999 -9999 -9999 -9999 -9999 47 42.75 39.75 36.5 32 27.5 23.25 17 13.5 10 6 2.5 0.5 -0.5 -1.25 -3.25 -5.75 -8.25 -10.25 -10.75 -10.75 -11.75 -12.75 -12.75 -13.5 -13 -12.25 -11.75 -10.75 -13.25 -12.25 -10.75 -13.25 -12.25 -15.25 -13.75 -12.25 -12.25 -9.25 -9.75 -9.5 -9.75 -10.75 -11.25 -12 -12.5 -10 -8.5 -8.75 -9.25 -9.75 -13.25 -15.5 -16.5 -17.25 -18
-9999 -9999 -9999 -9999 -9999 -9999 -9999 -9999 -9999 -9999 -9999 -9999 -9999 -9999 -9999 -9999 -9999 -9999 -9999 -9999 -9999 -9999 -9999 -9999 -9999 -9999 -9999 46.25 43.25 40 34.5 29.25 24 17.5 14.25 9.75 6.5 3.75 2.25 1 -0.5 -3.75 -6.25 -8.25 -9 -9.75 -11.25 -11.75 -11.25 -12.5 -13.25 -13.75 -13 -12 -12.25 -12.25 -12.5 -10.75 -11 -11.75 -12.75 -12 -14.75 -13.25 -11 -10.25 -11.5 -9.25 -9.5 -11 -9.25 -8.25 -10.5 -11.25 -9.75 -10.75 -11.75 -14.75 -18.5 -21 -25 -20
-9999 -9999 -9999 -9999 -9999 -9999 -9999 -9999 -9999 -9999 -9999 -9999 -9999 -9999 -9999 -9999 -9999 -9999 -9999 -9999 -9999 -9999 -9999 -9999 -9999 -9999 -9999 -9999 -9999 41 37.5 31 24.25 18.5 15 11.75 8.75 7.25 4.5 1.5 -0.75 -2.25 -4.5 -6.75 -8 -9 -9.25 -11.5 -11.75 -12 -13 -14 -14.25 -13 -13 -13 -13.5 -11.5 -13 -12.75 -11.25 -12.75 -15.25 -14.5 -12.25 -10.75 -10.25 -11.5 -10.75 -9 -9 -8.25 -9.25 -10 -10.25 -9.75 -10.25 -15.75 -19.75 -21 -22.75 -25
-9999 -9999 -9999 -9999 -9999 64.5 -9999 -9999 -9999 -9999 -9999 -9999 -9999 -9999 -9999 -9999 -9999 -9999 -9999 -9999 -9999 -9999 -9999 -9999 -9999 -9999 -9999 -9999 -9999 -9999 -9999 34 24.25 18.75 15.25 12.75 10 7.75 5.5 2 -0.25 -2.75 -6.25 -7.25 -9.25 -11 -12.5 -10.5 -10.25 -12 -12.25 -13.75 -14.75 -13.75 -13.25 -14.25 -14.75 -12.75 -13.5 -12.5 -12.25 -12.5 -13.75 -13.25 -13.25 -12.5 -10.75 -10.5 -11 -10.5 -10.75 -10 -9.25 -8.5 -9.25 -7.75 -9 -11.25 -18.25 -20.75 -24.5 -32.75
-9999 -9999 -9999 62 60.5 59.25 59 61 63 -9999 63 59.5 56.5 57.5 59 59 59 58.5 60 -9999 -9999 -9999 -9999 -9999 -9999 -9999 -9999 -9999 -9999 -9999 39 31.25 22.25 19 15.25 13.25 9.25 7 4 1 -0.25 -1.5 -5.25 -7.25 -10.25 -10.75 -12.5 -11.75 -12.75 -12.25 -12 -13.75 -16 -14.5 -14 -15 -14 -14.25 -14.75 -13.25 -13 -13.25 -12 -14.75 -13.75 -12.5 -11.25 -10.25 -10.5 -10.75 -11 -10.25 -10.75 -10.75 -10.25 -6.5 -6.5 -8 -15 -21.5 -24.75 -26.5
55 55.75 56 54.5 54 53.25 50 49.75 51.5 55.5 56.75 55.5 54.75 54.5 54.25 55.25 54.75 53.5 54 57.75 60 58.5 56.75 54.75 53.25 51.5 50 50 47 43 37 26.75 22.75 18.75 16.5 12 10 8 4.75 1.25 -0.75 -3.25 -4.75 -7 -9.25 -11.75 -13.75 -13.75 -14.75 -14.5 -12.75 -12.5 -14.75 -15.75 -15 -14.75 -15 -15 -15.25 -14.5 -13.25 -12.25 -14 -15.5 -13.25 -11.75 -10.5 -12 -9.75 -10.25 -10.5 -10.75 -10.25 -8.25 -7.75 -9.5 -14.5 -16 -12.75 -17 -19 -23.5
46.25 48 47.75 50 50 49.25 43.75 45.75 47.25 46.75 45.25 50.25 52.75 51.25 47 42.75 40 47.25 49 52.5 55 54.75 53.25 50.75 49.25 48.5 46.25 43.5 38.75 35.5 30 24.25 20.75 16.25 14 10.5 7.25 6.25 3.25 -0.25 -2 -2.5 -4 -7.5 -9.5 -13 -15 -16.75 -16.5 -16.75 -14 -13.5 -14.75 -16.5 -15.75 -15.5 -15.75 -16.5 -16.25 -14.75 -13.75 -13.5 -16 -14.25 -12.5 -12.25 -11.5 -10.75 -11.25 -9.75 -8.75 -10 -9.25 -9.25 -16 -22.25 -25.75 -26.75 -24.75 -28 -23.25 -20.5
36.5 40.75 42.75 43 36.25 35.5 32.5 34.25 38 33.25 33.75 35.25 40.25 43.75 45 45 42.75 43.25 40.25 39.25 46 48.75 50 48.5 47.25 45.25 42.25 35.25 30.5 26 19.5 22.25 13.75 11.5 4.25 5.25 4.5 5.25 2.25 0 -1.75 -6.25 -6.5 -6.25 -8 -11.25 -15 -17.5 -18.75 -19 -16.5 -15.75 -14.75 -18 -17.75 -17 -17.5 -18 -16 -15.5 -16.25 -16.25 -16.25 -13.25 -12 -12.75 -13.25 -10.5 -11 -11 -10.25 -8.5 -7.25 -4.75 -6.25 -9.5 -11.75 -11.75 -9.5 -10 -7.25 -3.75
22 29 28.75 26.25 22.75 8.5 5.5 10 29.75 26.25 26 25.75 33.25 28 37.75 41 41 39.25 27.75 29 32.75 34.5 36 38 40.25 39.25 37.75 28.25 9.75 20.75 12.5 6.5 -4.25 -2.75 1.25 1.5 1 0.75 -2.75 -2.5 -5.75 -5.25 -8.5 -11 -11.5 -12 -13 -17 -20.25 -20.5 -17.75 -18.5 -16.5 -20 -19.25 -20.5 -20.5 -18.75 -17.75 -18.75 -18 -16 -14.25 -12 -12.5 -14.75 -12.75 -13 -10.75 -9.75 -9.75 -10.25 -10.5 -7.75 -3.25 -2.75 -2 -1.5 -0.5 -0.25 2.25 3.25
3 23.25 9 15.5 15.25 -9.25 -22.75 1.25 5.5 8.5 17.5 27 30.75 29.75 29 32.75 36.25 24.75 35.25 29.5 27.75 21.75 27.25 22.25 18.25 30.5 10.5 12.25 -1 9.5 7.5 0.25 -6.5 -9.5 -3 1 -8.5 -15.75 -8.75 -9 -11.25 -11.5 -10.25 -12.75 -15.5 -16.25 -15.75 -17 -21 -22.25 -20.75 -21.5 -21 -23 -24.25 -26.5 -23.75 -22.5 -20.25 -19.25 -18.75 -16.75 -17.25 -15.5 -16 -14 -13.25 -12.75 -13.25 -10.5 -9.25 -10.25 -11.25 -10.5 -6.75 -4.75 -6.5 -1.25 -2.5 -2 -0.25 0
-12.25 -3.25 -11 -2.25 -11.5 -18 -13.25 -7.75 -4.5 4.75 13.75 8.75 22.25 26.75 23.5 15.75 8.5 13.75 7.5 20 25.5 13.5 18 19 27 19.75 1.75 -11 -9.5 -4 -7.75 -15 -16.25 -19.75 -22.5 -20 -23 -37.25 -25.5 -12.5 -18.25 -20.5 -23.5 -40.25 -29.75 -33.25 -29.5 -35.25 -33.25 -26.25 -29.25 -29.5 -27.25 -25 -29 -27 -24.5 -22.25 -20.5 -18.75 -18.25 -16.5 -18.25 -19.25 -19.25 -19 -16 -15.75 -15.5 -11.75 -11 -10.5 -10.25 -10.75 -10 -5 -2 -2.75 -7.25 -9 -2 0.75
-12.5 -11.25 -7.75 -7.5 -6.25 -4.25 1.5 3.25 3.5 1 0 0.25 -9.25 10.5 14.75 7.25 -9.5 3.5 6.25 7.25 6.25 -1 11.25 17.5 2 -21.5 -5.5 -8.75 -9 -9 -15.75 -26.25 -30.75 -31.25 -37.5 -36 -40.75 -48.75 -39.75 -37.5 -50 -52.75 -35 -51.25 -53.5 -53 -52 -54.5 -39.5 -42 -59 -54 -49.25 -46.25 -39.25 -42.75 -36.5 -28 -30.25 -28.25 -31.25 -30.25 -25.25 -18.75 -20.5 -22.5 -21.5 -23.75 -19.25 -16 -17.5 -13.75 -12.5 -10.75 -14.5 -11 -7.25 -9.5 -15.25 -13 -7.25 -5
-17.5 -16 -15.75 -12 -11 -6.25 -2.75 6 4.75 -2.75 -3.75 -6 -3.75 -6 -3.75 1.75 2.5 8.75 9.25 5 0.25 -6.5 -11.5 -4.25 -1.75 -2.5 -14.25 -10.25 -7 -11.25 -13.5 -16.25 -22.25 -31.5 -33 -38.5 -37.25 -43.75 -45.25 -51 -67.5 -76.75 -52 -64 -65.75 -78.25 -87 -66.75 -66.75 -56 -77.75 -89 -79.75 -65 -45.75 -65.25 -49.5 -40.25 -42.75 -52.5 -48.5 -38.75 -31.25 -36.75 -26.5 -33.75 -38.5 -43.5 -35.25 -22.75 -25.5 -22.75 -17.5 -18.75 -18 -13 -5.25 -7.75 -13 -14.75 -10.5 -6
-17.25 -12 -13 -11 -10 -9 -14.5 -7.75 -3 5.75 0.25 -7 -4.25 2.5 -5.25 -2.25 5.5 5 5.25 2 -1 -5.75 -15.75 -15.75 -21 -26.5 -30.5 -18.75 -5 -3.5 -8.5 -16 -19 -19.75 -29.5 -37 -33.75 -39 -41.25 -52.75 -66 -69 -75.75 -68.25 -84 -84.5 -100.75 -100.25 -89 -86.5 -77 -106.25 -92.25 -64.5 -50.25 -68.75 -60 -51 -52.5 -59.5 -82 -60 -65.5 -56.5 -34.75 -37.25 -48.75 -59.75 -38.75 -25.25 -48 -55.5 -41 -33.5 -26.5 -24.5 -13.75 -17.5 -12.25 -6 -3.25 1.5
-21.5 -18.5 -17.25 -19.5 -13 -16.5 -19.25 -12 -4 -6.5 0.5 -3.75 -8.25 7.75 3.5 5.5 2.5 -2 -7.75 -16.25 -11.5 -16.75 -17.75 -15.5 -13.5 -16.25 -8.5 -11 -8.5 -12.5 -10 -15.5 -17.75 -15.5 -18 -24.75 -25.25 -32.5 -33.5 -41.5 -43.5 -54.5 -72.75 -74.5 -91.5 -74 -76.75 -98.25 -100.5 -86 -83 -99.5 -84.5 -85 -87.25 -85.5 -75.75 -58.5 -58.75 -68 -84.25 -87.75 -87.75 -73.25 -66 -66.75 -73 -50.75 -47.5 -49.25 -40.25 -35.25 -45 -55 -45 -31 -29.25 -30.75 -21.25 -8 -1 3.75
-24.25 -22 -19.75 -17.5 -18.75 -18.75 -21.5 -15.5 0.25 -4 -5.5 -7.75 -7.5 2 5 6.5 -4.75 -8 -9 -11 -9.75 -9.25 -9.75 -5.75 -4 -3.75 -4 -5 -3 -12.5 -19.75 -27 -26 -20 -15.25 -25.75 -35.75 -33 -29.5 -29.5 -38.25 -40.5 -47.75 -51.25 -72.25 -75.5 -64.5 -82.5 -73.75 -98.5 -102 -83.75 -70.5 -96.25 -92.75 -109.5 -93.25 -102.5 -89.5 -75.25 -74.5 -83.25 -79.25 -67.5 -83.75 -80.5 -95.5 -84 -86.75 -81.25 -73.25 -62 -57 -69 -67.75 -49.25 -64.25 -38.25 -20.5 -9.25 0 6.5
-16.25 -17.5 -18.5 -21.25 -20 -20.75 -14.75 -8.5 -7 -6.25 -6 -6.75 -7.75 -2 3 4.5 1.75 -8.75 -11 -8.75 -11 -10.75 -6.25 -2.75 -4.5 -4.5 -1.5 -0.75 -2.5 -11.75 -14.75 -24.25 -19 -14.5 -12.25 -15.25 -22 -21 -25.75 -22.75 -26 -31.25 -35.5 -39.75 -45.75 -48.25 -47.75 -63.25 -53.5 -63.75 -67 -57.75 -55.75 -68.75 -79.25 -72 -76.25 -96.75 -90 -88.5 -94.25 -99.5 -87.75 -52.5 -56.75 -62.75 -79.25 -87.75 -71.75 -84 -89.75 -72.75 -85 -89.5 -69 -53.75 -45 -29.75 -11 -15.25 -14.75 -4.25
-15 -14.5 -17.75 -20.5 -18.5 -18 -15.5 -15.5 -19.25 -14.25 -13 -10.5 -6.5 -2 0.25 0 1 3.75 2 1 0.5 0.25 -0.75 -0.75 -2.25 -0.75 -0.75 -1.5 -1 -6.25 -9 -16.75 -16.25 -14.5 -21.25 -21.25 -23.25 -27 -35.5 -35.25 -31.25 -39.5 -39.25 -45.5 -40.75 -35.75 -47.5 -55.5 -50.25 -46.25 -46.75 -35 -52.75 -81 -65.5 -54.75 -64.75 -66.25 -59.25 -65.75 -85.5 -92 -88.5 -60.25 -44.5 -61.25 -79.75 -63 -60.25 -91.5 -94.5 -84.75 -67 -55.5 -53.25 -56 -49.5 -46.75 -39.25 -72 -33.75 -6
-15 -15.75 -19 -18.5 -18.5 -16 -17.75 -18.5 -18.25 -20.75 -19 -14.5 -15.25 -16.25 -8.75 -6.75 -1.5 -1.25 -8 -4 -2 -2.25 -1.75 0.25 0 0.25 -0.75 -3.75 -2 -4.75 -4.5 -8.5 -10.25 -9.5 -16 -26.25 -31.25 -35 -40 -40.25 -31 -29 -29.25 -32.5 -31.75 -34.5 -43 -44.5 -53.75 -49 -37 -27.5 -31.75 -36.25 -40.75 -50.75 -64.75 -54.75 -46 -51.5 -64.5 -61 -65.75 -38 -66.75 -58.5 -50.5 -39.5 -63.75 -67.75 -61 -48 -34.25 -35.75 -55 -85.75 -88.5 -71.75 -53 -29.75 -14 -8.25
-16.25 -19.75 -19.5 -17.5 -16.25 -17.75 -18.5 -20.25 -22.25 -28.5 -30 -24.75 -31 -26.75 -28.75 -20 -8.75 -17 -32 -17.25 -19.5 -17.5 -13.25 -11.25 -7 -0.25 0.25 -2.5 -1.25 -1.25 -3.75 -6 -8.25 -7.5 -12.5 -18.5 -23 -26.25 -27.75 -30.25 -25.25 -28.25 -39 -46 -48.5 -48.75 -48.25 -51.75 -49.75 -47.5 -40 -29.5 -27 -33.75 -39 -45.75 -40 -51.25 -41.25 -46.5 -47 -38 -34.25 -47.5 -57.25 -44.25 -26 -26.25 -36.75 -41.5 -41.5 -41 -52.25 -58.25 -58.5 -47.5 -46 -41.25 -27.25 -18.25 -16 -9.75
-20.5 -20.5 -17.75 -17 -18 -18.5 -20.5 -22.25 -27.5 -37.5 -40.75 -52.75 -52 -39.75 -53.25 -39.75 -25 -35.5 -27 -34.5 -28.75 -37.75 -30 -31.5 -15.25 -6.25 -3.25 0.25 -0.25 -0.25 -4.75 -5.25 -4.75 -7.75 -10 -13.25 -14 -17.75 -21.25 -23.5 -19.5 -18.75 -21.75 -24.5 -31.25 -36.75 -41.25 -44.5 -43 -42 -37.5 -32.25 -24.5 -35 -26.25 -32.75 -34 -39.75 -31 -38 -39.5 -24 -35.75 -56.5 -45 -39 -27.75 -37.75 -50.25 -61.75 -56 -34.5 -26 -29.5 -30.25 -24.25 -26 -21.25 -13 -3.5 2.75 5
-19 -16.75 -16.25 -16.5 -18 -19.75 -22.75 -25.5 -28.25 -33.75 -43 -41.75 -42.25 -47.25 -37.25 -35 -44 -42.25 -35 -39.25 -40.75 -44.25 -30.5 -29.5 -27.25 -20.5 -19.25 -6 -1.25 -1.25 -0.75 -1.75 -3.25 -5.75 -5.75 -7.5 -7 -10.25 -13.5 -15.75 -14.75 -14.25 -15.75 -17.25 -18.25 -19.5 -22.25 -23.5 -22.25 -26.5 -26.75 -27.75 -21.75 -24.5 -24.5 -31.5 -33.25 -31.75 -26 -31.5 -19 -19.75 -27.5 -40.75 -39 -22.25 -30.5 -51.25 -57.75 -39 -40.25 -48.5 -20.75 -24.5 -20.25 -18.5 -10.75 -21.5 -17.5 2.5 1.25 8
