layers/wordclim/past/Iberia_miroc_10_ascii/bio_8.asc
ncols         205
nrows         142
xllcorner     -11.010633712694
yllcorner     33.273793250999
cellsize      0.083333333333334
NODATA_value  -9999
[rows 70 to 104 of 142, columns 0 to 79 of 205]
-9999 -9999 -9999 -9999 -9999 -9999 -9999 -9999 -9999 -9999 -9999 -9999 -9999 120.5 117.25 114.75 113.75 112.75 110.75 107.75 104 102 104 100.75 102.5 104.25 104.75 105.25 106.75 104.25 100.75 99.5 98.25 97.75 89.75 94 88.5 87.5 91 91 91.25 91 88.5 81 79.25 83 85.5 83.25 80.25 82.25 82.25 79.75 79.5 76.5 72.25 74.75 74 70.5 65.75 66.75 70.25 72.5 72.25 71.5 71.25 68.75 69.25 65.25 65.75 96.5 97.5 96.25 115.5 114 117.5 112 112 108 107.25 110
-9999 -9999 -9999 -9999 -9999 -9999 -9999 -9999 -9999 -9999 -9999 -9999 120 118.75 116.75 114.5 112 111.75 110.25 106 103.75 103 98.5 96.5 103.5 103 105.5 107 105.5 103 102 100.75 99.25 96.75 99.75 94.75 88.75 93.5 95.25 91.75 88 90 89.5 87.75 86.75 84.75 85.75 86 82.5 83.75 80.75 79 78 76 77.25 75.5 72.25 72.75 72.5 75.5 76 75.75 76.5 74 74.5 72.75 73 70.5 65 82.25 95.5 99.75 110.75 110.5 108.5 113 113.75 110 102.5 105.5
-9999 -9999 -9999 -9999 -9999 -9999 -9999 -9999 -9999 -9999 122 -9999 120.5 117.5 115.75 113.5 112 111 109.25 104.25 103.25 100.25 98.75 100.75 106.5 106.25 108 107.5 105.5 104 102.5 101 100.75 98.5 98.75 91.25 90.5 92.75 93.5 95.75 94.75 92.75 91 89.25 88.75 88.25 87.5 87.25 86.25 85.25 83.75 83 81.25 80.25 80 79.75 78 76.5 74.75 78.75 79.25 78.5 78 76.25 75.25 71.75 69.5 71.5 85.5 81.5 78.5 76.25 111.25 115.25 108.75 110.75 114 111 107.5 105.75
-9999 -9999 -9999 -9999 -9999 -9999 -9999 -9999 -9999 -9999 -9999 121.5 121 117.25 115 114 113.25 112 109.75 99.75 99.75 96.25 93.5 100.75 108 109 108.75 107.5 104.5 104.5 105 104.5 104 102.75 101.5 98.5 97.75 88.75 88 92.75 93.75 93 91.25 89.25 88 88.25 87.75 86.5 87 85.5 85 84.5 83.5 82.25 82.25 81.25 78.75 77.5 79.5 80.5 80 79.25 78 76.5 75 72.5 71.5 70.5 66.25 74.75 82.25 78.75 83.75 115.25 114.25 111.5 113.25 111.25 115.5 109.75
-9999 -9999 -9999 -9999 -9999 -9999 -9999 -9999 -9999 -9999 -9999 121 119.25 116 114.25 114.25 113.5 112 106 97.25 92.75 93.25 96.5 103 109.5 109.25 108.5 107 106 106.75 105.75 103.75 103 101.5 99 96 95.25 89 87.25 84 88.25 90 89.25 88 84.25 83.75 88.25 88.5 87.75 86 93.25 85.25 83.75 84.25 83.5 83 81.25 80.25 81.5 81 79.75 77.25 75.5 74.25 72.5 74 72 69.75 69 69.25 64 54.5 60.25 88.5 116 115 113 108.5 113 112.5
-9999 -9999 -9999 -9999 -9999 -9999 -9999 -9999 -9999 -9999 -9999 -9999 -9999 116 113.75 112 111.75 111 99.75 94.5 93 97.25 106 109.75 110.25 109.5 108 106.75 106 104.5 104 101.5 101.5 101.25 94.75 91.75 89.25 87.75 86 89 90 85 85.75 88.5 86.25 87 90 89 86.5 84.5 84.25 84 84.25 82.25 80.75 79.5 81.5 80 79 77 76.5 73.5 71.5 72.25 70.5 72.5 69.25 68 65 64.75 66.5 75.75 66.75 63.25 69.5 75.25 109 109.5 109.75 112.75
-9999 -9999 -9999 -9999 -9999 -9999 -9999 -9999 -9999 -9999 -9999 -9999 -9999 -9999 114.3333 113.5 111 111.25 95.75 95.5 97.75 101.75 106.75 111.25 110.5 109.5 107.75 106 106 105 104.25 102.25 99.5 93.75 87.25 85.5 86.25 85 83 81.5 85.5 86.5 86 87.75 91.75 91.5 89.5 87.5 85 83.5 83.5 83 81.25 82 79.25 78.5 79.5 78.25 74.75 72.5 70.25 73 67.75 70.25 70.5 69.5 68.5 65.5 63 62.25 64 69.5 68.25 69 68.25 66 76 87 96.25 94.25
-9999 -9999 -9999 -9999 -9999 -9999 -9999 -9999 -9999 -9999 -9999 -9999 -9999 -9999 -9999 -9999 115 112.5 107.75 108.25 107.5 106.5 109.5 110.75 110 109 108.5 107.25 105.25 103.75 103.25 101 98.5 90.5 86 84.25 83.5 84.25 83.75 88.5 91.25 90.75 91.25 90 92.25 91 87.75 85.25 82.5 82.25 82 81.5 81 80 78.5 77 76.5 78.25 75.25 71.5 69.25 68 71 68.25 68.25 65.25 63.25 60.75 63.5 65.75 70 69.5 67 70.75 68 65.5 70.25 85.5 83 77.75
-9999 -9999 -9999 -9999 -9999 -9999 -9999 -9999 -9999 -9999 -9999 -9999 -9999 -9999 -9999 -9999 -9999 116 114.25 113.25 112.25 109.25 107.75 109.25 107 108 109 108.75 106.75 105.25 104 99.25 95.75 87.25 82.5 83 84.25 84.75 85.5 93.5 92.5 91 90.75 93 92.75 90.25 87.25 82.75 81.5 78.75 77.25 77.25 76 78.25 77.75 74.75 74 75.75 74.25 68.75 67.25 66.75 69.5 63 62.5 62 62 66.75 67 65.5 68.75 69.75 66.5 69.5 68.5 63 59.5 66.5 76.75 79.75
-9999 -9999 -9999 -9999 -9999 -9999 -9999 -9999 -9999 -9999 -9999 -9999 -9999 -9999 -9999 -9999 -9999 117 117.5 116 116.3333 112 106.75 104.25 104 109.5 110 109.75 106.5 106.25 105 102 99.75 98.5 91 89.75 86.25 86 90.25 94.5 93.5 91.5 90.75 92.75 93 90.25 87.75 84.25 80 77.5 69 68.5 69.5 74.25 75.75 71.25 71.5 72.5 74.5 71.75 67 66.5 67.5 63.25 61 63.25 65 64.25 66 65 66.25 67.25 65.75 65 65.75 66.25 65.5 60.5 64.5 73.25
-9999 -9999 -9999 -9999 -9999 -9999 -9999 -9999 -9999 -9999 -9999 -9999 -9999 -9999 -9999 -9999 -9999 -9999 -9999 -9999 -9999 108.6667 108.25 110.25 114.25 112.75 110 109.75 109 108 107 105 102.75 99.25 98.5 95 93 86.5 92.25 95.75 94 93.75 94 94.75 92.5 89.75 87.75 84.5 81.25 74.25 71 73.5 69.5 70.75 71.75 69 68.25 69 72 70 68 67 66 65 64.25 64 62.25 61.75 64 64 64 65.5 63.75 62.5 62.5 62.5 62.5 62.25 61.75 59.5
-9999 -9999 -9999 -9999 -9999 -9999 -9999 -9999 -9999 -9999 -9999 -9999 -9999 -9999 -9999 -9999 -9999 -9999 -9999 -9999 -9999 -9999 118.5 119.5 119 116.25 112 108.5 107 107 106.75 104.25 105.5 100.5 99.25 96.5 93.75 93.5 92.5 91.25 92.25 94.25 95 95.25 93 91.75 89.25 86.5 83 78 76 81 79 76.75 72.75 70.25 68.75 66.5 67 67 66 66.5 65.5 64.25 64 63 61.75 63.75 63.75 63 61.5 60.75 63 60.75 59 60.5 59.25 58.75 59.5 59.5
-9999 -9999 -9999 -9999 -9999 -9999 -9999 -9999 -9999 -9999 -9999 -9999 -9999 -9999 -9999 -9999 -9999 -9999 -9999 -9999 -9999 -9999 -9999 -9999 122.5 119.25 111.25 107.75 105.5 106 105.75 106.25 105.5 103.5 101 98.25 96.25 93.5 91.5 89 91.5 94.75 96 94.5 92.5 90.75 89 87.5 86.25 83.5 82 77 74.5 75.75 73.75 71 67.25 67.75 65.25 63 64.25 64.75 65 65 68.25 63.75 62 63 61.5 67 65 59 59.75 65.25 63.5 61.5 59.5 61 58 59
-9999 -9999 -9999 -9999 -9999 -9999 -9999 -9999 -9999 -9999 -9999 -9999 -9999 -9999 -9999 -9999 -9999 -9999 -9999 -9999 -9999 -9999 -9999 123 119 114.75 111 105.75 100.25 105.25 105.5 106 106 104.5 102.5 100.5 97.75 96.25 97 97 97.75 96.75 96 94.75 93.75 93.25 91.25 89.5 87.5 79.75 74.75 68.5 70.25 69.75 70.75 69.75 67 69 70.5 68.75 63.75 63.25 67 68.75 69.75 69.75 67.25 60.5 60.75 60.5 61.75 66.75 65.5 65.5 67.25 67 64.25 67 71.25 70.25
-9999 -9999 -9999 -9999 -9999 -9999 -9999 -9999 -9999 -9999 -9999 -9999 -9999 -9999 -9999 -9999 -9999 -9999 -9999 -9999 -9999 -9999 -9999 -9999 120.25 115.75 110.25 103.75 98.5 101.5 104 106.5 105.5 104 101.5 98.5 96.75 96.25 97 97.25 99 96 94 92.75 93.75 92.25 89.25 85.75 81.5 83 80.25 74 70.25 64.25 64.25 60.75 60.25 63.25 70 73 71.75 67.75 61.5 61.75 67.25 72.25 72 73.25 67.25 66.75 63.5 61 67 68.25 70.25 77 74.25 74 81.75 81.75
-9999 -9999 -9999 -9999 -9999 -9999 -9999 -9999 -9999 -9999 -9999 -9999 -9999 -9999 -9999 -9999 -9999 -9999 -9999 -9999 -9999 -9999 -9999 -9999 122.5 112.25 108.75 102.5 102.75 104 105.75 106.25 105 103.25 100.25 98 96.75 94.25 96.5 98 99 96 94 91.75 90 90.75 87.5 83.75 80 74.75 78 75.75 69.5 72.5 72.25 66 67.25 69.75 65.75 69.75 76.75 69.25 66.5 64 63 63 68.25 74.25 76.25 71.75 67 70 72 70.5 70 78.75 82.5 84.75 88 86.75
-9999 -9999 -9999 -9999 -9999 -9999 -9999 -9999 -9999 -9999 -9999 -9999 -9999 -9999 -9999 -9999 -9999 -9999 -9999 -9999 -9999 -9999 -9999 126 121.25 113 109.75 103.75 104.25 106.25 106.5 106.25 104 103.5 101 100 98.25 97 97 98.75 98 95.5 93.75 92.5 94.25 93.25 88.25 85.5 81.5 75.25 72.5 68 68 72.75 79 77.5 71 73.75 72.75 70.75 76.5 71.5 68.25 69 61.75 64.5 71.75 72.75 73.25 77.5 73 75.5 76.5 77 82.5 87 88.25 87.75 88.25 83.5
-9999 -9999 -9999 -9999 -9999 -9999 -9999 -9999 -9999 -9999 -9999 -9999 -9999 -9999 -9999 -9999 -9999 -9999 -9999 -9999 -9999 -9999 -9999 -9999 122.75 117.25 111.75 103.5 104.75 107 106.5 105.25 102 99 98.25 98.5 99.25 99.75 99.5 99 100 97 94 94.25 94.75 89.75 83.75 82.5 81.75 80.25 80.75 78.75 78 76.25 72.75 79.5 82.5 75.75 76.25 77.25 86 77.5 76.5 77 73.5 73.75 75.75 81.25 80.75 84.25 84.25 85.25 86.75 88.75 88.25 86 84 84.75 84.5 82.5
-9999 -9999 -9999 -9999 -9999 -9999 -9999 -9999 -9999 -9999 -9999 -9999 -9999 -9999 -9999 -9999 -9999 -9999 -9999 -9999 -9999 -9999 -9999 -9999 124 118 110.25 104.5 105 103.5 103.75 103.25 102.25 99.5 98 98.25 99.5 98.5 98.5 98 99.5 96.75 97.5 96.75 95.75 93.75 92.25 91.75 90.75 88.75 91.25 86.75 83.5 77.5 78.25 79.5 82.75 82 80.75 78.25 81.5 90 83.75 82.25 79.5 81.25 86.25 85.5 88.25 90.25 88.5 87.25 85 82.25 82.5 85.25 86.5 86 85 80.75
-9999 -9999 -9999 -9999 -9999 -9999 -9999 -9999 -9999 -9999 -9999 -9999 -9999 -9999 -9999 -9999 -9999 -9999 -9999 -9999 -9999 -9999 -9999 -9999 125.25 119.25 111.75 108.5 106.75 102.75 99.25 100.25 101.25 99 97.5 98.25 97.25 99 100 100.5 100.25 98.5 100.25 99.25 98.5 96 93.75 96.75 96.25 91.75 93.5 87 83.5 86.5 82.75 82.25 83 86.75 86.75 86.25 82.75 89 93.25 91.25 88 91.75 92.5 92.25 90.5 89.75 87.75 85.25 84.75 82 80.75 82.25 85.75 81 81.25 81.75
-9999 -9999 -9999 -9999 -9999 -9999 -9999 -9999 -9999 -9999 -9999 -9999 -9999 -9999 -9999 -9999 -9999 -9999 -9999 -9999 -9999 -9999 -9999 -9999 125.25 120.25 110.25 109 109.5 104.5 102 98.25 100.25 98.5 96.75 96.25 97.25 99 99.5 100.25 102 102 100 98.5 97.25 95.25 94.75 97 98 96.25 92.25 89 87.75 90 83.5 86 90 90.5 90.75 94 95.25 97.25 96.25 95.25 94.5 92.5 91 89 89.75 87.75 88.5 87.25 85 86 86.25 82.5 80.75 75 71.25 72
-9999 -9999 -9999 -9999 -9999 -9999 -9999 -9999 -9999 -9999 -9999 -9999 -9999 -9999 -9999 -9999 -9999 -9999 -9999 -9999 -9999 -9999 -9999 129 124.5 122 114.5 105.75 106.5 107.5 105.5 102 98.75 96.25 95 95.25 95.25 95.5 97 98.75 99.75 101.75 103.25 99.5 95.25 96.25 99.25 100.5 101 96.75 94.5 93 93 93.25 91.25 93 96.25 97.75 98 99.25 98.75 96.75 95.25 92.5 91.75 92 89.5 88.25 88.75 87.25 87.5 90.5 89.75 89 86 83.25 81.25 78.25 73.75 54.75
-9999 -9999 -9999 -9999 -9999 -9999 -9999 -9999 -9999 -9999 -9999 -9999 -9999 -9999 -9999 -9999 -9999 -9999 -9999 -9999 -9999 -9999 -9999 129 126 123 110.75 105.75 100.25 101 104.25 101.25 98.75 94.5 90.25 92.25 94.25 95 96.25 97.5 98.75 100.25 104.25 101 101 100.25 100 101.75 102.75 108 114.25 100 107.25 99 95.5 97.5 98.75 96.75 95 98.25 99.5 97.5 94 91 93.75 94 93 91.25 90.5 88.75 89.25 89.75 88.75 89.5 87.75 83.75 81.75 78 70.75 62.75
-9999 -9999 -9999 -9999 -9999 -9999 -9999 -9999 -9999 -9999 -9999 -9999 -9999 -9999 -9999 -9999 -9999 -9999 -9999 -9999 -9999 -9999 -9999 128.5 125.5 117.75 110.5 100.5 92 90 102.5 102.75 101.5 98.5 92.5 90 88.75 89.75 92.5 97.75 100.75 102.75 106 103.5 103.75 104.5 103.75 104.75 119.25 132.5 132.5 116.5 98.75 97.25 96.5 97.25 98.75 97.5 96.75 99.5 99.25 96.75 95 95.5 95 93.5 92.5 92.25 91.75 91.5 90.75 88.5 87.25 83.25 85.5 86 83.5 80.25 76.25 69.75
-9999 -9999 -9999 -9999 -9999 -9999 -9999 -9999 -9999 -9999 -9999 -9999 -9999 -9999 -9999 -9999 -9999 -9999 -9999 -9999 -9999 -9999 -9999 127 124.25 114.75 107.25 105 105 107.25 106.75 106.25 106.75 102.25 97.75 97.25 90 87.75 93 94 98.5 104.25 108 107.75 107.5 107.5 107.5 106.75 114 132.75 123.75 101.25 100.5 100.5 100.25 100.25 101 100.25 100.25 100.5 98.5 96.5 96 95.5 101.5 93.5 91.75 91 91.25 90 89 86.25 83.25 72.75 80.25 80.75 82.75 80.25 78.5 71
-9999 -9999 -9999 -9999 -9999 -9999 -9999 -9999 -9999 -9999 -9999 -9999 -9999 -9999 -9999 -9999 -9999 -9999 -9999 -9999 -9999 -9999 -9999 125 121.25 112.75 109.75 111.75 112.75 112.5 111.75 110.75 110.25 108 104.75 102.5 97.25 97.5 101 105.25 108.5 109.25 110.5 110.5 110 110 109.25 108.25 108.25 106.75 111.25 110.5 117.5 118 110.75 102.75 102 101.5 101.5 100.25 99.25 98.25 97 94.5 94 93.5 90.75 86.5 87.75 85.5 80.75 80.5 82.5 76.75 80.25 80 77.25 77.75 71 62.75
-9999 -9999 -9999 -9999 -9999 -9999 -9999 -9999 -9999 -9999 -9999 -9999 -9999 -9999 -9999 -9999 -9999 -9999 -9999 -9999 -9999 -9999 -9999 125 115.75 113 114.5 114.5 114.75 114 113 113.25 111.75 113 112.25 110 107.75 106.75 108.25 110.75 112 111.75 111.75 113 113 112.75 112 111.25 110.5 109.25 120.75 104.25 103.5 125.25 125.5 110.75 109.75 101.75 100.75 99.5 99.25 98.75 97 94.75 93.25 91.5 88.25 84.5 81.5 80.5 78 78.25 77 79 82.25 82 82.75 81.25 73.75 65.25
-9999 -9999 -9999 -9999 -9999 -9999 -9999 -9999 -9999 -9999 -9999 -9999 -9999 -9999 -9999 -9999 -9999 -9999 -9999 -9999 -9999 -9999 -9999 129 120.25 119.5 119.25 118.75 118.5 117 116.5 116 115.25 115.25 115.25 114 113.25 113 113.25 114.75 116 114 114 116 116.25 115.75 114 113.5 112.5 111.25 109 108.25 120.5 113 112.25 118.25 110.25 102.25 100.25 100 99 98.5 95.25 95.5 94.25 87.75 87.25 84.75 82 74.25 78.25 73.75 78.75 82 83.75 81.75 72 69.25 64.25 61.5
-9999 -9999 -9999 -9999 -9999 -9999 -9999 -9999 -9999 -9999 -9999 -9999 -9999 -9999 -9999 -9999 -9999 -9999 -9999 -9999 -9999 -9999 -9999 131 125.5 124.25 123.75 121.75 121.5 120.25 120.75 118 116 115.25 116.25 116.25 115.75 117 120.3333 122 -9999 -9999 125 123.5 121.5 120.75 118 115.5 113.75 113 111.5 123 122.25 127.75 132.75 132.25 124.5 115.75 100 98.5 97.75 94.75 92.75 93.25 93.25 89.5 84.25 79.5 81.5 74.5 67.75 68 78.5 83.25 84.75 83.75 76.75 75 74 67.5
-9999 -9999 -9999 -9999 -9999 -9999 -9999 -9999 -9999 -9999 -9999 -9999 -9999 -9999 -9999 -9999 -9999 -9999 -9999 -9999 -9999 -9999 -9999 -9999 129 129 131.5 128.5 129.5 127.5 126 121 122.75 120.75 122.75 122.5 125.5 -9999 -9999 -9999 -9999 -9999 -9999 -9999 -9999 -9999 123 119.6667 117.5 115 113.5 112.5 124.5 135.75 134.5 132.5 132 122 113.5 96.75 92.75 93.75 93.25 95 94 86.25 78.25 79.25 74.5 69 68 62 68.5 74.75 85.5 99.25 88.75 91.5 87.75 70.25
-9999 -9999 -9999 -9999 -9999 -9999 -9999 -9999 -9999 -9999 -9999 -9999 -9999 -9999 -9999 -9999 -9999 -9999 -9999 -9999 -9999 -9999 -9999 -9999 -9999 -9999 -9999 -9999 -9999 -9999 -9999 -9999 -9999 -9999 -9999 -9999 -9999 -9999 -9999 -9999 -9999 -9999 -9999 -9999 -9999 -9999 -9999 -9999 122.3333 117.75 116 114.75 132.5 137.25 136 133.5 131.5 129 119.75 97.5 96.25 97 96 92.5 92.25 89 71.75 56.25 66 75 68.75 50.5 64.5 76 100 106 104.5 108.5 104.75 98.5
-9999 -9999 -9999 -9999 -9999 -9999 -9999 -9999 -9999 -9999 -9999 -9999 -9999 -9999 -9999 -9999 -9999 -9999 -9999 -9999 -9999 -9999 -9999 -9999 -9999 -9999 -9999 -9999 -9999 -9999 -9999 -9999 -9999 -9999 -9999 -9999 -9999 -9999 -9999 -9999 -9999 -9999 -9999 -9999 -9999 -9999 -9999 -9999 -9999 123 119.5 116.25 127.25 138.75 137.75 134.5 133 130.5 129.25 99.5 98.75 98.75 97.25 96 92.5 89.5 81.5 60.75 66.75 61 58.5 44 65.5 90.5 100.5 104.5 101.25 107.25 115.25 117.5
-9999 -9999 -9999 -9999 -9999 -9999 -9999 -9999 -9999 -9999 -9999 -9999 -9999 -9999 -9999 -9999 -9999 -9999 -9999 -9999 -9999 -9999 -9999 -9999 -9999 -9999 -9999 -9999 -9999 -9999 -9999 -9999 -9999 -9999 -9999 -9999 -9999 -9999 -9999 -9999 -9999 -9999 -9999 -9999 -9999 -9999 -9999 -9999 -9999 -9999 122.3333 118.25 116.25 140.25 139 137.75 136 134 131.25 100.75 100.25 98.75 92.75 89.75 91.5 85 77 78.5 80 79.75 71.5 74.5 86 78.75 87.75 102.5 97.5 110 117 120.25
-9999 -9999 -9999 -9999 -9999 -9999 -9999 -9999 -9999 -9999 -9999 -9999 -9999 -9999 -9999 -9999 -9999 -9999 -9999 -9999 -9999 -9999 -9999 -9999 -9999 -9999 -9999 -9999 -9999 -9999 -9999 -9999 -9999 -9999 -9999 -9999 -9999 -9999 -9999 -9999 -9999 -9999 -9999 -9999 -9999 -9999 -9999 -9999 -9999 -9999 -9999 122.6667 119.25 141.75 140.75 140.25 138.5 136.5 119.75 102.5 100.5 100.75 99 97.25 80 89.5 87 94.5 92 75 95.25 106.25 111 111.75 111.25 112 116.5 117.75 123.25 127
-9999 -9999 -9999 -9999 -9999 -9999 -9999 -9999 -9999 -9999 -9999 -9999 -9999 -9999 -9999 -9999 -9999 -9999 -9999 -9999 -9999 -9999 -9999 -9999 -9999 -9999 -9999 -9999 -9999 -9999 -9999 -9999 -9999 -9999 -9999 -9999 -9999 -9999 -9999 -9999 -9999 -9999 -9999 -9999 -9999 -9999 -9999 -9999 -9999 -9999 -9999 126 123 125 135.75 141 140.25 137 114.75 105.75 102 102 102.75 103.25 97.25 91 102.75 107 103.75 108.75 114.5 117.75 119.5 122.5 124.75 122.5 123 124 128 -9999
