layers/wordclim/past/Iberia_miroc_10_ascii/bio_16.asc
ncols         205
nrows         142
xllcorner     -11.010633712694
yllcorner     33.273793250999
cellsize      0.083333333333334
NODATA_value  -9999
[rows 68 to 101 of 142, columns 0 to 76 of 205]
-9999 -9999 -9999 -9999 -9999 -9999 -9999 -9999 -9999 -9999 -9999 -9999 -9999 -9999 -9999 -9999 -9999 352 358.75 354.5 368.25 383.5 396.75 412.5 446.5 438.75 434 425.5 422.5 415.25 410.5 433.75 432.75 428.25 431.5 437.75 452.75 457.25 452.75 453 457.5 462.5 492.25 485 456.25 437 427.75 417.25 390.5 366.75 346.25 341 320 311 304.5 303.25 294.5 286.5 277.25 273.75 274.5 271.25 276 295.5 286.5 286.5 282.75 273.5 249.5 236.25 237.25 232 226 226.5 229.25 233.25 240.5
-9999 -9999 -9999 -9999 -9999 -9999 -9999 -9999 -9999 -9999 -9999 -9999 -9999 -9999 350 356 351 350.3333 356 359.5 381.5 385.25 402.5 410.75 416.75 410.75 414.25 416.5 405 400.25 415.5 428 433.25 435.25 428.75 436.25 432.25 431 431.25 437.25 439.75 447.75 479 529.5 504.5 450.75 411.75 392.5 374 361 339 340 332.5 315.5 302.5 295.5 294.25 291.75 286.25 281.75 282.25 278.5 263 275 270 257 251.5 253.75 251.75 235.5 234 231 235 229.5 233.75 237 241.75
-9999 -9999 -9999 -9999 -9999 -9999 -9999 -9999 -9999 -9999 -9999 -9999 -9999 352 358.5 362 359.75 358.5 359.5 368 385.25 396.5 395 412.75 406.75 401.5 401.75 398.5 391.75 401.5 414.5 416.5 419.25 420.5 421.5 410.25 416.75 419 404.25 408 413.25 417.75 423.75 456.25 458.75 412 377.25 370.75 366.5 338.25 325.5 324 313.5 315.25 320.5 300 294 299.25 306 294.5 278.5 266 262 258 253.5 252.75 247.25 251.5 246 242.75 237 236.25 244.75 245.25 238.25 246.25 244
-9999 -9999 -9999 -9999 -9999 -9999 -9999 -9999 -9999 -9999 -9999 -9999 355 358.25 360 363.75 367.25 364.75 366.75 382.25 391 397.25 418.5 432.25 401.5 401.75 396 387 392 398.25 400.75 402.5 407 407 398.75 399.5 405.25 397.5 392.5 395 408.25 413.25 406.75 403.25 396 391.75 367.25 344.75 344.75 325 325 321.5 317.5 312.25 300.5 299.75 303 294 289.5 274.75 266.5 264 258.25 258.75 252.75 251.5 248.5 249 254.75 248.5 247.5 248 248.5 258.75 261 251.25 247.25
-9999 -9999 -9999 -9999 -9999 -9999 -9999 -9999 -9999 -9999 355 -9999 354.5 361.5 362.5 366 370 371 375.25 395.75 401.25 413.75 420.75 414.5 390.75 390 382.5 383.5 386.25 389.25 393.5 395 392.5 392.75 383.5 388.25 387 381.25 379.75 381.75 380.5 383.25 383.75 380.25 366.75 358.75 346.5 328.25 318.5 309.5 305.75 301.25 300.5 296.75 291.25 288 287.5 286 285.75 269.75 265.25 263.5 261 259 258 260.75 263 255.5 253.75 256.25 256.75 256.75 254.5 258.25 267.5 262 253
-9999 -9999 -9999 -9999 -9999 -9999 -9999 -9999 -9999 -9999 -9999 354 354 362 368.25 370.25 371.25 372.5 379 419.5 422.5 435.25 444.75 416.5 386 379.25 378.25 379.75 385 383.25 377.5 374.5 373.5 371.5 374.25 371.5 372.25 381 376 373.75 373.25 370 367.5 368.5 361.5 346.5 332.5 323.5 304.5 299.5 294.25 291.75 290.75 287 284.5 284 286.75 287 275.5 269.75 268.25 265.5 265.75 265.5 265.5 267 266.75 264.75 267.75 263 259.75 262.5 260.25 264.25 265.5 267 262
-9999 -9999 -9999 -9999 -9999 -9999 -9999 -9999 -9999 -9999 -9999 353 357.75 364.5 369 369.5 371.25 376 396.75 436.5 456 452.5 436 409.25 380 377.5 376.5 376 374.5 370 369.25 370.5 369.75 367.75 365.5 362.25 361.75 367.75 368.75 374.25 380.25 372.75 369.25 364 373.25 359.5 322.25 304.25 294.75 290.5 287 285.5 285.25 282.75 281.25 280.75 283 281 275.25 274.25 274.75 277.5 279 278 277.25 272.25 272.5 274 270.75 268 272.5 287.5 272.75 271 269.75 270 270
-9999 -9999 -9999 -9999 -9999 -9999 -9999 -9999 -9999 -9999 -9999 -9999 -9999 365.3333 371.5 378.5 377.25 381.75 426 453.75 462.25 443 402.25 384.25 377 376 374.5 371.5 371.75 371.75 369.5 373 364.5 362.25 364.75 362.5 360 363.5 360.25 358 369 386.75 373.5 350.75 350.75 334 308.5 297.75 294.75 294.25 291.5 288.25 286.75 289.25 291.75 293.25 285.25 285.5 286.75 289.5 287.75 293.75 292.75 290.5 290.5 283.25 287.25 288 289.25 284.25 278.25 272 273.25 276 275.5 273 286
-9999 -9999 -9999 -9999 -9999 -9999 -9999 -9999 -9999 -9999 -9999 -9999 -9999 -9999 369.6667 374 381 384 442.75 450.5 447.5 427 399.75 379.25 375 371.25 370.75 370.25 367.5 365.5 362.5 362.75 364 367.75 372.5 371 362.25 362.5 361 362.75 367.25 367 362 344.5 318.75 309 306.5 301.75 302 300.75 296.75 294.5 295.75 293.5 299 299.5 294 295.5 301.5 306.5 309.75 299.5 310.75 302.75 298.25 298 296.5 301.25 302.25 300.75 294.5 281.5 287.5 282 279.75 279.25 281
-9999 -9999 -9999 -9999 -9999 -9999 -9999 -9999 -9999 -9999 -9999 -9999 -9999 -9999 -9999 -9999 370 378 396.5 397.75 403.5 403.5 386 378.5 374.25 368.75 364.75 363.5 364 363.5 360.75 359.75 361.5 364.25 367.25 368.25 362.75 353 347.5 340 341.25 339.5 331 328.25 312.75 306.25 311.25 311.25 314.5 308.5 302.5 302 302.5 301.5 305 308.5 306.25 300.25 307.75 316.25 319.75 319 310.5 315.5 313.5 318 318.25 320.25 311.25 303 295.5 297.5 300.5 291 292.75 293.5 292
-9999 -9999 -9999 -9999 -9999 -9999 -9999 -9999 -9999 -9999 -9999 -9999 -9999 -9999 -9999 -9999 -9999 363.5 370.25 374.25 377.5 386.25 388.25 378.25 378.75 368.75 359 355 354.25 352.5 351.5 359.75 364 366 371.75 362.75 350.75 339.75 334.5 329.5 328.75 330.75 327.5 313 306.25 306.5 311 323 321 327 325.75 319 323.75 312.5 313 319.25 317.75 312.75 315.25 330 330.75 332 322.25 336.25 336 334.25 330 316.75 314.5 315 313.5 310.5 314 305.75 306.5 311.75 314
-9999 -9999 -9999 -9999 -9999 -9999 -9999 -9999 -9999 -9999 -9999 -9999 -9999 -9999 -9999 -9999 -9999 358 355.5 359.5 357 371 386.25 386.75 382.25 357.25 349.75 347.5 350 343.75 343.75 346.25 345.25 344 341.75 338 334 329.5 324.75 320 321.5 325 321.5 308.5 301.5 305.25 309.25 316.5 328 334.25 360 359.5 352.75 331 323.75 335 331 327.5 320.75 327.75 338 339 335.75 344.5 348.5 340 333.75 332.5 330 331.25 330.5 327.5 328 327.5 324.25 319.75 315.75
-9999 -9999 -9999 -9999 -9999 -9999 -9999 -9999 -9999 -9999 -9999 -9999 -9999 -9999 -9999 -9999 -9999 -9999 -9999 -9999 -9999 376 373.75 362.75 344 343.25 344.25 342 337.75 334.75 331.5 331 332 336.5 331.5 328.5 327 330.25 320.5 313.5 314 313.5 306.5 299.75 300.75 305.5 309 315.75 324.5 346 355.25 340.75 354 347.75 338.75 348 348.75 344.75 335 337.75 344 345.25 348.75 349 348.5 348 350.75 350.25 346.75 348 347.5 343.25 346.25 346.75 343.5 340 336.25
-9999 -9999 -9999 -9999 -9999 -9999 -9999 -9999 -9999 -9999 -9999 -9999 -9999 -9999 -9999 -9999 -9999 -9999 -9999 -9999 -9999 -9999 335 328 324.25 327 334.25 340.5 340 332.75 328.75 328.25 319.75 328.25 325.25 325.75 327.75 325 322.75 327.25 316.5 308.5 302.25 297 297.75 299.5 304.25 311.5 320.5 332.25 339 317.75 319.75 328.5 341.75 348.5 352.5 359.25 356.25 354 357.25 355.25 358 360.5 358 359.25 362.5 356.75 357.75 362.75 364 365 358.25 360.25 362.25 356 356.75
-9999 -9999 -9999 -9999 -9999 -9999 -9999 -9999 -9999 -9999 -9999 -9999 -9999 -9999 -9999 -9999 -9999 -9999 -9999 -9999 -9999 -9999 -9999 -9999 309 313.25 332.25 339 338.25 332.5 326.25 320.25 315.5 315.25 314.5 318 317.75 320.5 325.25 328.5 318.5 305.75 298.25 297.75 299.25 303.75 307.25 309 310.5 316.25 319.5 334.75 344.75 335.75 342.5 350.75 362.5 362 367.75 373.5 369.25 368.5 366.75 365.75 358.75 368.5 372.25 368 370.5 361 368.25 381.25 377 365.75 367.25 367.5 367.75
-9999 -9999 -9999 -9999 -9999 -9999 -9999 -9999 -9999 -9999 -9999 -9999 -9999 -9999 -9999 -9999 -9999 -9999 -9999 -9999 -9999 -9999 -9999 307 314.75 322.25 329 339.25 350 329.5 322.75 317.75 314 310 309.5 310.5 311.5 311 306.25 302.75 297.75 297 296.5 296.5 295.25 296.75 299.75 302.5 307.75 331.25 347.75 369.25 362 362 357 361.5 370 364 358.25 363.5 378 382 371.25 366.75 363.5 363.75 372 384.25 383 387.25 385.5 376.5 378.5 378 373 369.75 372.25
-9999 -9999 -9999 -9999 -9999 -9999 -9999 -9999 -9999 -9999 -9999 -9999 -9999 -9999 -9999 -9999 -9999 -9999 -9999 -9999 -9999 -9999 -9999 -9999 306.5 315.25 325.75 340 350.5 338 323 313.75 310.5 309 309.5 312.5 311.5 309.5 304.75 300.25 294.25 298.5 302.5 303.5 298 301.25 309 317 328.75 322.25 329.75 352 364 383.75 385.25 397.5 400 387.75 366.5 360.75 365.25 377.25 392.5 393.25 379.75 369.75 369.75 369.25 380.25 381.25 392.25 398.5 388.25 385.5 380.5 367 367.25
-9999 -9999 -9999 -9999 -9999 -9999 -9999 -9999 -9999 -9999 -9999 -9999 -9999 -9999 -9999 -9999 -9999 -9999 -9999 -9999 -9999 -9999 -9999 -9999 295 318.5 325.25 338.75 333.75 327 317.25 310 309.5 308.25 313 313.25 312.25 313.25 306 300 294.75 298.5 302.25 309.5 311.25 307 316.75 325.75 336.5 353.5 342 349.25 370.25 360 362.75 383.25 380.5 372.75 387.25 376 360.75 378.5 388.5 396.5 399.75 400.25 389.5 377.5 373.75 383 392.25 392 391.5 393 390.75 374.75 363.75
-9999 -9999 -9999 -9999 -9999 -9999 -9999 -9999 -9999 -9999 -9999 -9999 -9999 -9999 -9999 -9999 -9999 -9999 -9999 -9999 -9999 -9999 -9999 285.5 293.75 313 318 331.25 325.5 319 314 309 308.75 308.75 310 308.5 308.75 308.5 304.5 299.5 299.5 303.25 305.25 305.75 299.5 300.5 314.75 321.5 334 355.75 364.5 381.25 381.25 365.5 346.5 354.75 373 368.25 372.75 382.5 367.5 382.75 392.5 392.5 413.5 406.5 391.25 390 391.75 383.75 393.25 391 392.75 394.5 384.75 369.75 360.75
-9999 -9999 -9999 -9999 -9999 -9999 -9999 -9999 -9999 -9999 -9999 -9999 -9999 -9999 -9999 -9999 -9999 -9999 -9999 -9999 -9999 -9999 -9999 -9999 287.5 297.5 308.5 328 321 314 310.25 310.25 314.25 321.25 317.25 312 307 303.25 301 298.75 294.5 300.75 306.75 302.5 300 312.75 332.5 333.25 334 341.25 340.5 345.5 348.75 358.75 372.5 354 345.5 368.25 369.5 369.75 353 375.5 382 383.75 394.25 395.75 392.75 382.75 385.75 381.5 383.75 383.25 384.25 387.75 384.75 381.5 377
-9999 -9999 -9999 -9999 -9999 -9999 -9999 -9999 -9999 -9999 -9999 -9999 -9999 -9999 -9999 -9999 -9999 -9999 -9999 -9999 -9999 -9999 -9999 -9999 280.75 292 309 321.5 318.25 320.5 315.25 314.75 313 318.25 320.5 314.5 309.25 309.75 305.25 303.5 297.5 304.5 298 298.75 298.25 303.25 305.5 307.75 308.5 315.5 308.75 323.75 336.25 358.25 359 359.75 351 356.25 365 375 369.75 353.75 373 378.75 389 387 378.25 383.5 379.5 378.75 385.25 391 394.25 399 394.5 384.25 376.25
-9999 -9999 -9999 -9999 -9999 -9999 -9999 -9999 -9999 -9999 -9999 -9999 -9999 -9999 -9999 -9999 -9999 -9999 -9999 -9999 -9999 -9999 -9999 -9999 274.5 284.75 301.5 307.5 311 318.5 327.25 322.75 316.5 321 323 317.5 316.75 310.75 305 300 299.25 300 294 294 295 298 301.75 294.75 295.75 308 304.5 325.75 339.5 333.75 349.25 354.75 356.25 352.5 357.5 362.25 374.75 365.25 358.75 365.5 377.5 372.25 373.5 377.75 385.25 390 397.75 403.25 404 406.75 402.75 394.75 381
-9999 -9999 -9999 -9999 -9999 -9999 -9999 -9999 -9999 -9999 -9999 -9999 -9999 -9999 -9999 -9999 -9999 -9999 -9999 -9999 -9999 -9999 -9999 -9999 271.25 280 301.75 303.25 301.25 312.5 316.75 327.25 319.5 322.25 327.25 326.25 322.25 314.25 308.75 304.5 298.5 294.25 296.5 298.75 300.5 303.5 303.75 295.5 292.25 297.25 311 322 329.75 329 352.5 348.75 344.5 348.25 353.25 351 355.25 353.75 358.5 365.25 371 379.75 387 394.5 397 404.5 404.25 409.5 411.5 408 402.25 401.5 396
-9999 -9999 -9999 -9999 -9999 -9999 -9999 -9999 -9999 -9999 -9999 -9999 -9999 -9999 -9999 -9999 -9999 -9999 -9999 -9999 -9999 -9999 -9999 262.5 269.25 274 288.5 310.25 306.25 303.75 307.75 316.5 324.25 331 334.5 332.75 329.75 327 320.75 312.25 307.75 301 294.5 299.75 306.5 303 292 288 286.75 296.75 307 314.75 318.25 322.5 332.75 334.75 334.25 337.5 344.5 349 354.25 361.25 369.75 379.75 386 389 399.25 406 408.25 415.25 415.75 411 413 410.25 410.75 408.75 403.25
-9999 -9999 -9999 -9999 -9999 -9999 -9999 -9999 -9999 -9999 -9999 -9999 -9999 -9999 -9999 -9999 -9999 -9999 -9999 -9999 -9999 -9999 -9999 259 263.5 269.25 295.5 305 321.75 320.25 311.25 320 326 337 349.5 344 336 330.75 325.75 320.5 314.5 307.75 296 301 296 294.75 293.5 286.75 282.25 288.25 292.75 298.5 302 311.5 326.25 327.75 330.5 342.5 356.75 358.5 362 369.25 380.5 390.5 387.25 393.25 398.5 407.75 413.75 421 422.75 422.25 423.75 419.25 416.5 416 409
-9999 -9999 -9999 -9999 -9999 -9999 -9999 -9999 -9999 -9999 -9999 -9999 -9999 -9999 -9999 -9999 -9999 -9999 -9999 -9999 -9999 -9999 -9999 257 261.75 277.25 292 318.25 344 348.75 317.75 315 319 329.75 346 353 354.5 348.5 340.25 325 314.75 305.5 293.5 296.5 294 288.5 287.5 281.5 275.5 279.25 285 295.25 310.5 318.75 328.25 332.75 336.25 347 356.75 361.25 366.75 377 384.25 386.75 392.25 400.25 408.5 415.25 420.75 427.5 429.75 436 436.25 439.25 429.5 421 414.75
-9999 -9999 -9999 -9999 -9999 -9999 -9999 -9999 -9999 -9999 -9999 -9999 -9999 -9999 -9999 -9999 -9999 -9999 -9999 -9999 -9999 -9999 -9999 256.3333 260.75 280.5 297.75 303.75 305.75 301.5 306.5 308.25 311.75 322 335.5 337 355 358.75 343.75 338.75 326 307.5 293.5 291.25 289 284.75 282.5 281.5 277.25 281.25 292.75 303.25 311 314.75 321.75 329.25 334.5 344 352 359.5 371 380.25 387.25 393.25 398.5 407.25 421 429.75 435 440.75 444.25 449.25 452.5 463.75 446.25 436.5 424.25
-9999 -9999 -9999 -9999 -9999 -9999 -9999 -9999 -9999 -9999 -9999 -9999 -9999 -9999 -9999 -9999 -9999 -9999 -9999 -9999 -9999 -9999 -9999 257.6667 262.5 281.5 290 286.75 286.25 289 294 300.5 304.5 312.25 321.75 327.75 338.75 340.25 328.75 316 305.25 300 292.25 290.25 288 283.25 283.25 282.25 282.5 286.5 296.25 302.75 306.75 312.75 318.5 326.5 334 344 352 362.25 371.25 381.25 391.25 401.5 409.5 419.75 434 452.75 454.5 464.25 473.25 471.5 464.5 467.75 456.25 447.5 437.5
-9999 -9999 -9999 -9999 -9999 -9999 -9999 -9999 -9999 -9999 -9999 -9999 -9999 -9999 -9999 -9999 -9999 -9999 -9999 -9999 -9999 -9999 -9999 256 271 279 277.25 280.5 281.5 286.75 291.75 295.75 304 303.75 308.5 316.25 321.25 322.5 316 306.5 301.25 297.5 293.25 290.25 286.75 283.75 284 285 286 288.75 296.25 306 313.25 316.75 321 329 336.5 346.75 354.25 364.25 375 385.25 398.25 411.75 423 437.5 455.75 472.25 481.5 484.75 488.5 485.25 482.25 475.25 462.5 452 440.5
-9999 -9999 -9999 -9999 -9999 -9999 -9999 -9999 -9999 -9999 -9999 -9999 -9999 -9999 -9999 -9999 -9999 -9999 -9999 -9999 -9999 -9999 -9999 249 261.5 267.25 268.5 271.75 276.5 281.75 286.75 292 298.5 301.25 306 312.75 314.75 312.5 309.75 302.75 296.5 297 294 287.75 283.5 283.75 286 287.25 289.5 293.25 299.25 305.5 312.5 320.5 326 332 339.75 349 357.75 369 380.5 395 413 422 436.5 463.5 472.25 485.25 494 508.25 499.75 503.25 490.75 480 469.5 460 457.75
-9999 -9999 -9999 -9999 -9999 -9999 -9999 -9999 -9999 -9999 -9999 -9999 -9999 -9999 -9999 -9999 -9999 -9999 -9999 -9999 -9999 -9999 -9999 247 255.5 258.5 263 265.75 270.75 277.5 279.5 290 298.5 303.25 305.5 308 310.25 304.75 295 287 -9999 -9999 273 274.5 277.5 278.75 283.75 289.25 293 297.25 302.5 308.5 315.25 322 330 336.5 344 353 361.5 374.5 389.5 409.75 430.75 442.5 455.5 474.75 497 511.75 508.5 519.25 525.25 521.25 500.5 488 476.5 467.75 460.25
-9999 -9999 -9999 -9999 -9999 -9999 -9999 -9999 -9999 -9999 -9999 -9999 -9999 -9999 -9999 -9999 -9999 -9999 -9999 -9999 -9999 -9999 -9999 -9999 252.5 253 250.5 257.5 258 264.5 273 284.5 283.75 293.5 290 294 284.5 -9999 -9999 -9999 -9999 -9999 -9999 -9999 -9999 -9999 280 287 294.25 301.25 305.5 310.5 317.25 326 333.25 341.75 348.25 357.25 367 382.25 414.75 424.25 443 454.25 469.5 501.25 524.5 526 535.25 540 535.75 538 521 504 483.75 461.75 456
-9999 -9999 -9999 -9999 -9999 -9999 -9999 -9999 -9999 -9999 -9999 -9999 -9999 -9999 -9999 -9999 -9999 -9999 -9999 -9999 -9999 -9999 -9999 -9999 -9999 -9999 -9999 -9999 -9999 -9999 -9999 -9999 -9999 -9999 -9999 -9999 -9999 -9999 -9999 -9999 -9999 -9999 -9999 -9999 -9999 -9999 -9999 -9999 291 301.5 308.75 314.5 320.75 328.75 338.5 350 356 365 374 387.25 410.75 429.25 452 481.25 494.5 514.25 552 578 560 542 544.5 565 534.25 510.75 477.5 460.75 452.25
-9999 -9999 -9999 -9999 -9999 -9999 -9999 -9999 -9999 -9999 -9999 -9999 -9999 -9999 -9999 -9999 -9999 -9999 -9999 -9999 -9999 -9999 -9999 -9999 -9999 -9999 -9999 -9999 -9999 -9999 -9999 -9999 -9999 -9999 -9999 -9999 -9999 -9999 -9999 -9999 -9999 -9999 -9999 -9999 -9999 -9999 -9999 -9999 -9999 295.5 309.25 319.25 325.5 334 342.5 355.25 363 372.75 380.25 398.75 421.5 441.75 469 489.75 515.75 533.5 551.25 580.75 569.75 571.5 567 585 542.75 502.25 481.75 467.25 457.75
