layers/wordclim/past/Iberia_miroc_10_ascii/bio_18.asc
ncols         205
nrows         142
xllcorner     -11.010633712694
yllcorner     33.273793250999
cellsize      0.083333333333334
NODATA_value  -9999
[rows 0 to 35 of 142, columns 82 to 163 of 205]
-9999 -9999 -9999 -9999 -9999 -9999 -9999 -9999 -9999 -9999 -9999 -9999 -9999 -9999 -9999 -9999 -9999 -9999 -9999 -9999 -9999 309 320 321.5 318 308 302.5 301 298.5 295 293.5 291.5 289.5 287.5 267 285 264.5 244.5 242 241.5 237.5 234 235 234.5 232.5 234.5 234 234 231 234 238 237.5 238.5 239 239 243.5 248 247 255.5 256.5 257.5 261 257.5 252.5 254 255.5 261.5 260.5 262 256.5 254 261 253.5 254 260 259.5 263.5 260 268.5 279 299.5 306.5
-9999 -9999 -9999 -9999 -9999 -9999 -9999 -9999 -9999 -9999 -9999 -9999 -9999 -9999 -9999 -9999 -9999 -9999 -9999 -9999 -9999 -9999 313 319.75 324.25 317 309.25 306 303.5 300.25 297.5 295.25 292.75 291 288.5 279 268 248.25 246 243.75 241.5 238 234.5 232.75 234 235 234.5 232.5 233.75 234 234.75 236.25 236.75 238.5 241.75 245.5 248 251.25 250.75 255 256.5 255.25 251 251.5 257.25 260 261 260 257 245.75 241.5 246 252.75 265.25 266.25 265.5 267 259.75 268 273.75 279.5 287.75
-9999 -9999 -9999 -9999 -9999 -9999 -9999 -9999 -9999 -9999 -9999 -9999 -9999 -9999 -9999 -9999 -9999 -9999 -9999 -9999 -9999 -9999 -9999 310 321 324.5 321.75 316.5 312.25 307 303.25 301.5 299.25 296.5 292 294.5 264.75 253.75 251.25 248.75 245.5 240.5 238 235.75 237 234.75 234.25 235 237.75 239.5 236.25 237.5 239 239.25 239.75 241.5 245 245.25 248 250.25 247.5 246.75 249 251.75 255.75 250.75 250.75 247.75 250.75 243 244.25 237.5 238 255.5 270 270 261.75 258.5 256.5 260.75 265 269.25
-9999 -9999 -9999 -9999 -9999 -9999 -9999 -9999 -9999 -9999 -9999 -9999 -9999 -9999 -9999 -9999 -9999 -9999 -9999 -9999 -9999 -9999 -9999 -9999 -9999 324.75 329.75 326.75 322 314.5 310.75 307.75 306.25 303.25 298.75 301.25 288 259.75 256.75 253 249 245.5 241.5 239.75 243.5 243 240.25 237.75 236 236 238.25 237.25 238.25 237 235.75 237.5 236.75 241.75 241 242.75 246.75 244.75 245 247 245 242.75 242.75 246.75 242.5 247.5 253.5 252 250 250 267 271.5 260.75 261.75 263.75 263.75 259.5 251.5
-9999 -9999 -9999 -9999 -9999 -9999 -9999 -9999 -9999 -9999 -9999 -9999 -9999 -9999 -9999 -9999 -9999 -9999 -9999 -9999 -9999 -9999 -9999 -9999 -9999 324 332 333 328.5 322.5 317 315 312.75 311.25 308.25 307.5 283.75 280.25 260.75 258.75 254.25 250.75 247 243.25 243.75 246.5 245.75 244 243.5 242.5 243.5 242.75 243 243.5 243.25 243.75 244 243.75 245.5 247.25 249.25 250.25 250 252.5 247.5 245.5 245.25 253.25 251.25 250 250.75 248.75 251 258 261.25 255.5 243.25 247.25 258 254.5 243 245.25
-9999 -9999 -9999 -9999 -9999 -9999 -9999 -9999 -9999 -9999 -9999 -9999 -9999 -9999 -9999 -9999 -9999 -9999 -9999 -9999 -9999 -9999 -9999 -9999 -9999 -9999 329.75 334.75 333.5 328 324.75 322.5 320.5 319 318.25 314.5 298.25 276 273 262 259.75 257 253.5 249.75 246 244.5 245.75 246 244.75 243 242.25 241 239 240.5 239 239.75 240 240 239.5 243.25 249.25 254.25 254.25 256.5 252 249 250.25 252.75 256.5 254.5 252 245.5 243.25 241.25 241.75 233 227.75 236 236.75 238.75 232.25 237.5
-9999 -9999 -9999 -9999 -9999 -9999 -9999 -9999 -9999 -9999 -9999 -9999 -9999 -9999 -9999 -9999 -9999 -9999 -9999 -9999 -9999 -9999 -9999 -9999 -9999 -9999 332.5 337.25 336.75 334 331 329.5 327.5 324.5 323.5 323.25 316.25 292.25 269 266.5 267 262.5 258.75 256.75 253 247.75 246.5 246.5 243.25 242.75 241.75 242.5 242.75 239.75 238.75 240 240.5 241.25 241 241.25 245.75 247 248.25 250.75 248.75 251.25 252 253.75 252.75 250.5 245.5 237.25 237 230.75 226.25 228 225.5 225.75 229.25 238.75 237.25 231.25
-9999 -9999 -9999 -9999 -9999 -9999 -9999 -9999 -9999 -9999 -9999 -9999 -9999 -9999 -9999 -9999 -9999 -9999 -9999 -9999 -9999 -9999 -9999 -9999 -9999 -9999 335 338.5 340.5 339 336.5 334.75 333.25 331.25 330.5 330 313.75 299.5 276.75 272 267.5 266.5 263.75 260.25 255.5 251.75 252.5 251.75 248.25 246 242 238.25 238.5 238.75 238.75 238 239.75 241 238.5 237 238.75 236.5 239.75 240.5 240.25 243 240.5 243.75 242.25 239.5 236 235.25 233 230.25 232.5 232 233.25 228 221.25 218 225.75 225
-9999 -9999 -9999 -9999 -9999 -9999 -9999 -9999 -9999 -9999 -9999 -9999 -9999 -9999 -9999 -9999 -9999 -9999 -9999 -9999 -9999 -9999 -9999 -9999 -9999 -9999 -9999 342.75 344.5 343.5 343.75 342.75 341.25 338.5 338 337 329.75 325 283 278.75 273.5 269.75 266.5 264.25 259.5 255.25 257 256 253.5 252.5 249.5 242.5 238.75 234.25 238.25 237.75 234.25 232 233.25 234.5 234.5 238.25 243.75 245.5 245.75 248.75 245.25 240 236.75 240.5 235 236 234 235 233 239.5 236.75 237.25 237.75 229.5 231.25 231
-9999 -9999 -9999 -9999 -9999 -9999 -9999 -9999 -9999 -9999 -9999 -9999 -9999 -9999 -9999 -9999 -9999 -9999 -9999 -9999 -9999 -9999 -9999 -9999 -9999 -9999 -9999 350.5 352.25 351.75 350 349.5 347.5 345.25 345.25 341.75 336.5 330.5 289.75 284.25 279.25 274.75 271 267.75 265 262.25 257.25 255.5 255 255.5 249.75 246.75 242.5 234 234.25 235.5 238 242.5 242.5 237.5 239.75 241 244.75 242.5 239.5 240.5 241.5 240.25 237.75 237.5 237 239.25 236.5 232.25 232.5 240.75 247.25 247 244.25 241 233.5 230.5
-9999 -9999 -9999 -9999 -9999 -9999 -9999 -9999 -9999 -9999 -9999 -9999 -9999 -9999 -9999 -9999 -9999 -9999 -9999 -9999 -9999 -9999 -9999 -9999 -9999 -9999 354.5 358 361 359.5 358 356.25 355 352.75 352.75 348.25 342 327 304.25 290 283.5 279 276.5 271.5 268.75 266.5 262.5 260 256.5 254.5 250 247.5 247.5 239.25 235.5 235.75 233.75 237.25 236.5 236.5 236.25 238 236.5 232 233 234.25 231.5 231.25 229.25 227.5 234 231.25 231.75 230.75 230.75 236.25 240.25 234 237 239.75 235.75 238.5
-9999 -9999 -9999 -9999 -9999 -9999 -9999 -9999 -9999 -9999 -9999 -9999 -9999 -9999 -9999 -9999 -9999 -9999 -9999 -9999 -9999 -9999 -9999 -9999 -9999 -9999 359.5 365 368.25 368 365.75 363.75 361.25 356.25 361.5 355.75 348.75 341.5 300.25 294.75 288 282.75 279.5 276 271.75 269 264 262.5 260 255.75 254 248.5 245.75 239.25 240.25 236.5 233.25 227.5 226.5 228.75 229.5 228.25 228.5 227 225.75 223.75 223.75 221.5 218.5 221 227.75 224.25 215.25 219 220.75 224.75 219.75 220.75 221.75 224.5 229 238.25
-9999 -9999 -9999 -9999 -9999 -9999 -9999 -9999 -9999 -9999 -9999 -9999 -9999 -9999 -9999 -9999 -9999 -9999 -9999 -9999 -9999 -9999 -9999 -9999 -9999 -9999 365.5 372.25 377.25 375.5 372.5 370.5 369.25 367.25 367.25 360.25 354.25 338.5 313 297.25 291.75 287 281.5 274 271 266.75 261.75 260 259 257 253.75 248 244.75 239 236 235.5 237.5 231 229.25 228 222.75 221.75 221.75 217.75 217 216 216.25 211 211.25 213 223.25 229.25 219.25 213.5 217 211.75 213 220 218.5 217.25 221.75 232
-9999 -9999 -9999 -9999 -9999 -9999 -9999 -9999 -9999 -9999 -9999 -9999 -9999 -9999 -9999 -9999 -9999 -9999 -9999 -9999 -9999 -9999 -9999 -9999 -9999 -9999 371 380.5 381.25 380.75 379 377 377.25 376.5 374 367 360.5 343.5 307.5 299.75 293 286.5 279.75 274 270 265.25 262.5 260.25 259.5 256.5 252.5 249 243 240.5 238.75 238 237 231.25 231 229 229.25 226.5 222 217.25 214 213 212.75 214.75 215.75 215.75 219.25 217 211.75 210.5 210 206 202.25 210 211.25 210.25 210.5 209.5
-9999 -9999 -9999 -9999 -9999 -9999 -9999 -9999 -9999 -9999 -9999 -9999 -9999 -9999 -9999 -9999 -9999 -9999 -9999 -9999 -9999 -9999 -9999 -9999 -9999 -9999 372.6667 379.5 381.75 381.75 383.25 383.5 382.5 385.25 379.25 371.75 364.5 356 317.75 300.5 291 283.25 277.25 272.5 267.5 264.25 260.25 257 255.5 252.75 252.25 249.5 244.25 240.75 237.25 239.25 237 230.75 233.75 229.5 234.25 228.5 224.5 221.75 212 212 209 208 210.75 210.75 211.75 211.75 203.5 197.5 196.75 194.75 194.25 200 206.25 207.5 205.75 207
-9999 -9999 -9999 -9999 -9999 -9999 -9999 -9999 -9999 -9999 -9999 -9999 -9999 -9999 -9999 -9999 -9999 -9999 -9999 -9999 -9999 -9999 -9999 -9999 -9999 -9999 -9999 373.25 374 377.75 383.75 389.25 389.25 390.25 383 376.5 367.5 355.75 316.25 296 289.75 285.25 279 274 268.5 264.25 261.5 257.25 252.75 251.25 250.75 248.5 245 241.75 238 237.5 236.75 230 230 229 227.25 223 228.25 222.75 212.75 210 211.75 204.5 203.75 208 202.75 198 202 203.25 196.75 197.75 197.75 205 214 220.75 231.25 212
-9999 -9999 -9999 -9999 -9999 -9999 -9999 -9999 -9999 -9999 -9999 -9999 -9999 -9999 -9999 -9999 -9999 -9999 -9999 -9999 -9999 -9999 -9999 -9999 -9999 -9999 -9999 -9999 -9999 374 376.5 388 395.5 394.25 385.25 377.5 365.25 352.5 312 296.5 288.5 282 276 271 267.75 263.75 257.75 256.75 253.5 249.5 248.5 248.5 246.75 241.25 239.75 238.5 239 231.25 233.25 230.5 226 224 228.5 223.5 213 207 204 205.75 205.75 203.25 199.75 197.5 199.5 200 198.5 195 194 206.75 217 220.25 224.25 228.5
-9999 -9999 -9999 -9999 -9999 310.5 -9999 -9999 -9999 -9999 -9999 -9999 -9999 -9999 -9999 -9999 -9999 -9999 -9999 -9999 -9999 -9999 -9999 -9999 -9999 -9999 -9999 -9999 -9999 -9999 -9999 378.5 396.25 396 385.75 374.25 362.75 341 320.5 294.75 288 283 278 272.25 267.5 265.25 261.75 252.75 250.25 248.5 247 246.5 246.75 242.5 238 240.5 240.5 233.75 233.5 229.25 227.25 225 223 218.5 214.75 209.75 202.5 203.5 205.75 204.75 206.25 203 199 196.25 194.25 188.5 189.5 192.5 213.75 218.75 229.5 251.75
-9999 -9999 -9999 302 312.25 318.75 320 317 316 -9999 317 330.5 336.5 338 339.5 340 342.5 345.5 343 -9999 -9999 -9999 -9999 -9999 -9999 -9999 -9999 -9999 -9999 -9999 371 389 405.75 395.25 384.5 370.75 362.25 349.75 321 311.25 286.75 279.75 275 269.25 269 262.25 262.25 254.5 253.25 250.25 244.25 245.25 247.75 243 239.5 240.75 238 236 236.5 231.5 228.5 226.25 220.25 223.75 218 210.25 203.5 203 203.75 206 206.25 202.5 203.5 202 198.5 183.25 180.25 180.75 200.75 222.25 230.75 234.5
285.25 291.25 300.75 311.75 320.25 324.25 330 330.75 328 323.5 323.25 329.25 333.5 337.5 341.5 343.75 347.75 352.25 352.5 346.5 339.75 344.75 353.75 357.75 360.5 366.5 364.75 358 357 365.3333 379 408.5 403 391 376.25 366.25 352.5 331.75 314.25 306.25 284.75 279.25 272.5 268 264.25 263.5 262.5 257.25 255.25 251.75 244.5 242.25 244.25 242.75 240.25 240 239.5 238.75 236.75 235.25 230 223.75 227.25 229 217.25 209.75 205 211 204.5 205 205.75 204.75 203 195 190.25 193.25 205.75 208.5 193.5 205.75 211 222
285.25 293.25 302.75 309.25 315.75 318.75 324.25 324 322.75 325 327.75 326 325.5 332 343 351.75 355.25 351.25 351.75 349.5 347.5 349.25 357.5 364.25 368.25 370.5 372.5 375.5 384.25 387.5 397.5 406 396 385.75 370.5 359.75 346 332.75 315 303.5 294.25 273.75 266.75 266 260.75 261.5 260 261.25 256.5 254 244.75 242.25 244.5 246.25 241.75 239.75 241 243.25 239.5 234.5 230.25 229.75 234 228.75 218.5 214.5 211.25 209.25 210.25 205.5 202.5 204.5 202 201.5 220.5 239.75 250 250 239.5 248.75 228 216.25
279.75 285 292 299 307 310 314.25 315.75 317 322.25 323.75 326.5 327 329.25 333.5 336.75 340.25 342.25 346.25 351.5 349.5 349 351.25 360.75 366 371.5 374.75 389 389.5 391.75 390.25 387.25 382.25 372.25 364 351.75 338.25 322.75 302 298.75 285.5 274 264.5 258 253.75 253.25 256.5 260.75 260.5 257 247 244.25 241.25 249.5 245 243.5 245.25 246.75 241 238.25 239.75 238.5 237.25 227.75 220 219 221.25 211.5 212.75 211.5 207.5 203.5 196.75 186.75 187.5 193.5 196.25 194.25 184 183.5 171.5 159.25
272.5 275.5 281.75 288 293.25 298 304.5 306.5 305.25 309.25 311.25 315 316 321.25 321.75 324.25 325 327.25 335.25 339 343.25 347.5 352.25 359 364.5 369.25 371.75 377.5 375.5 374.25 372.5 368.25 361.5 356 347.75 338 326.75 315.75 308.5 291.25 274.5 265.5 266.75 261.25 256 251.25 247.25 251.75 258.25 257.5 247 250 242.75 255.75 250.75 255 255.5 249.25 246 247.75 246 241 234 226.25 225.25 229.25 222 223.5 215.5 210.5 211 212 209 198 177 169 161 156.5 151.75 151 141.75 139
265 262 271.5 274 278 290.25 302 295 295 297.25 297.5 298.25 301 303 306 308.5 308.5 315.5 314 320 326 331.25 336.5 343.75 347 350 353.5 354.25 351 352 350 345.25 342.75 339 330 319.5 317.25 315 301.25 288.75 285.5 267.5 258 257.75 256.75 254.75 246.75 246 256 257.25 253 255.5 252.5 260.75 267.25 270.5 266.75 262.75 258.25 254.5 252.5 245.25 246.75 240.5 240.25 230.75 228.75 227.75 226.75 216.75 212.5 215.25 214.5 209.25 194.25 178.75 181.5 158.5 162 160 153.5 150
260.5 257.5 266 264.5 273 280 281.25 281 281.5 282.25 283 287.5 284.75 288 289.25 295 300.5 299.25 303.75 302.75 304.5 312.5 314.75 319.75 322.75 328 330 330.75 331.25 330.25 329.75 328.5 324.75 323.75 322 315.25 312.75 321 303 282.5 279.75 275 274.75 303 279 284.5 276.5 280.75 278.75 262 269.75 272.25 269.25 263.25 279.5 273.75 267.75 262 259 251.75 251.25 245.75 253 259 258.25 255.5 240.25 241.5 240.5 227.5 223 219.75 215.75 215.5 210.75 186.5 171 171.25 185.75 190.25 164.5 150.5
244.25 248 249.25 251.5 254.25 256 256.5 261.5 263 267.25 270.5 273 281 274.75 274 279.75 292.25 284 285 288.25 291 298 293 295.25 303.5 316.75 310.75 310.25 309.25 309 310.25 315.5 316 314 317.5 313.25 316 325.75 309 302 318 321.5 287.5 315.75 320.75 320.25 317.75 325.75 291.25 294.75 336.5 333.75 324 318.75 309.5 321.5 306.5 283 294 290.25 301.5 300 282.75 260.25 266.75 271.25 268.25 274 259.25 245.5 253.25 236.75 230.75 223 232 216.5 200 204.5 226.75 215 188 177
234 237.25 239.5 239.25 242 242.25 244.25 243.75 246.75 253.25 257.75 260.25 262 266 265 264 264.75 262.25 262.75 266.25 270.75 278.75 284.25 280.25 280.5 283 292.5 287.75 286.5 287.75 288.75 288.5 291.25 298.25 296.75 302.75 296.75 304.25 304.25 312.5 344 360.25 309.5 332.75 335 362.25 380.5 339.25 340.75 320.25 363.25 386.25 375.25 355 325 347 336.75 322.5 335 345.25 355.25 330.25 309.75 326.25 293.5 316.5 320.5 326 311.25 277 286.5 277.75 255.75 257.25 253.25 232 200.25 207.25 224.5 227.75 209.25 188.5
219.75 218.25 221.75 222.25 224.75 229.5 236.75 233.75 234.25 233.25 238.5 244.25 246.25 242 249.25 248.5 244 244.25 243.5 246.75 250.75 257.5 270.25 270.75 276.75 284.75 289 275.25 262.5 258.75 259.25 267 269.25 268 275.75 284.75 277.5 282.25 284.5 305.25 332 334.75 350 330.75 366.75 367.5 403.5 401.5 378.25 373.5 356 415.25 388.5 342.5 335.75 349.5 349.75 332.25 348.75 349.5 377 358.5 360 347.5 322.25 322.25 332 342 319 288.75 325 342.5 309 304.75 285.5 276 239.25 252.75 230.75 203.25 189.25 166.25
208.5 209 210.5 215.75 212.75 219.75 225.5 222 219.5 224 221.5 228 234.25 223 226.5 224.75 227.5 230.75 237.25 249 241.5 250.75 253.5 250.25 249 252.5 243.5 246 243.5 245.75 240 246.25 249.5 245.25 246 251.75 250.25 258.25 257 269.25 271.5 293.5 334.5 338.25 376.5 339 344.5 392.25 395 367.25 362.5 397 369.5 372 377 375 359.75 339.75 350.75 360.5 377.75 384.5 383.25 362.5 357.5 357.5 359.75 333.75 330.75 324.25 314.25 308.5 315.75 328.5 313.25 291.25 284.75 285.25 265 223.25 190 166.25
198 198.75 199 199.75 203 206.25 212 210 201 207.5 210 215.25 218 210.5 208.75 207.25 216.5 219 220.75 222 220.25 220 221.25 214.5 214.25 216.5 217.5 220 217.75 226.25 235 246.5 243.5 234.25 225 236.75 252 244.25 237 236.5 253.75 254 269.25 277.75 324.75 335.25 313.25 353.25 336 388 395.5 362.25 336.75 388 382.75 413.5 385.25 402.25 381.5 360.75 360.25 373 370 352.75 373.25 368.75 391 374 376.5 368.75 357 340.75 332.75 347 345 318.75 338.5 299.25 266 237 197.25 167.5
176.75 181.25 184.25 190.25 190.5 194 192 189.5 192.5 194.5 197 201 203 198.5 193.5 192 194 204.5 206.5 201 203 200.75 192.25 188.75 193.25 197 195.25 196.5 198.25 208 212 225.5 217 211 206.5 208.75 216.75 215.5 226.75 216.25 217.5 229 234 242.5 258.25 270 264.25 301.75 290.75 311.25 318 307.5 309 336.25 354 349.5 358 388 378 376 385.75 394.75 377.75 335.25 341 342.75 364.25 376.75 353.75 370.25 377.25 353.25 369.75 375.25 345.75 324.5 310.75 290.75 253.75 253.25 254 225.25
162.75 164.5 170.75 176.5 176.5 178.25 180 182.5 190 187.5 189.5 190.25 187.25 184 182 181.75 179.5 173 170.75 167.5 164.5 164.25 164.5 165.75 172 174.5 177.75 180.5 181.5 186.5 189.5 199.75 198 194.75 203.25 202 207.25 211.5 224.5 226 217.75 230.25 234 251.25 236.25 222.75 256.75 281.25 272.5 267 274.75 244.75 294.75 349.75 328.75 317.5 340.75 341 340.75 345.75 369.5 381 374.75 335 328 338.5 362.25 340 335.5 378.25 382.75 367.75 343.5 327.75 324 326 317 312.75 301.5 342.25 289 237.25
159.75 153.75 160 162.25 164 164.25 168.75 174.25 176 183.5 184.25 182.5 185 187.5 178.75 177 168.5 164.75 172.25 160.5 159.5 157 156.5 150.5 155.75 159.25 167.5 167.75 168.75 172.5 172 176.25 178 177.25 183 204.75 204.5 218.5 224.75 233.75 209.25 199.5 196.75 202.75 201.75 208.25 236.75 247 270.25 268.5 235.5 213 234.25 258.25 282 301 322.75 330 321.75 320.75 341.25 332.25 338.75 321.25 341.75 330.25 321.25 306.5 338.75 343.25 334.75 318.25 300.75 301.25 324.25 364.25 367 343.5 318 288.5 263.75 252.75
151.5 151.5 150.5 153 151.75 155.75 158.75 164.5 172 184.25 189 184.25 195.75 191.5 197 183.75 167 178.25 205 176.75 179.5 169.5 161.25 161.25 156.5 147.75 149.5 159 155.25 156.75 158.75 161.75 164.5 162.5 173.25 173.75 182.75 186.5 197.25 197 185.75 188 213.75 232.25 242 245.75 247.25 263 250.75 254.25 235.25 212.5 213.5 242.25 266.75 290.25 290 322.25 304.75 312.75 312 314.75 312.5 323.5 324.5 312.5 293 288.75 305.25 307.5 308.25 308 320.25 326.5 326.75 314 311 303.25 288.5 276 271.25 260.25
151.75 150 148.75 147.5 143.75 146.75 151.25 158.75 170.5 191.5 199.25 224.25 226.25 203.25 232 207.5 181.5 202.25 183.75 199.75 185 202.75 186.25 189 164.5 144 144 142.75 144.5 144.5 149.25 150 149.25 151 156 157.75 161 167.75 173 175.5 165 159 160.25 164.25 180.5 198.25 216 226.75 221 229.25 219.5 211.75 197 236.75 218 247.75 263.75 291 273.25 295.5 302.75 272.25 301 319 303 301 289 299 315.25 330 323 298.75 288.5 293 293.75 288 288.75 284 275.25 260.25 250.5 229.75
144 143 143.75 145.25 143 141.25 148.25 155.5 163.5 175.25 195.75 194.5 198.75 208.75 192.25 188.5 206 205.25 190.5 205.75 202.75 208.75 178 176.75 183.5 171.75 166.25 142.25 141.5 135.75 135.75 137 141.25 139.5 138.25 138.75 137.25 147 152.25 153.75 148.5 141.5 141.75 140.75 139.75 141.25 147.5 154.25 155.25 172.5 180.75 190.75 181.5 197.5 201.5 236.75 252.25 256.5 246.5 275.75 236.75 244.75 272.5 289.5 290.75 272 285 312.5 320.5 299 301 310.75 280.25 285.5 282.25 281 274.75 283.25 280 266.25 260 238.25
