layers/wordclim/past/Iberia_miroc_10_ascii/bio_07.asc
ncols         205
nrows         142
xllcorner     -11.010633712694
yllcorner     33.273793250999
cellsize      0.083333333333334
NODATA_value  -9999
[rows 102 to 135 of 142, columns 77 to 153 of 205]
200.5 193 191.75 190.25 190 -9999 -9999 -9999 -9999 -9999 -9999 -9999 -9999 -9999 -9999 -9999 -9999 -9999 -9999 -9999 188 188 187.5 185 -9999 -9999 -9999 -9999 -9999 181 -9999 -9999 -9999 -9999 -9999 -9999 -9999 -9999 -9999 -9999 -9999 -9999 -9999 -9999 -9999 -9999 -9999 -9999 -9999 -9999 -9999 -9999 -9999 -9999 -9999 -9999 -9999 -9999 -9999 -9999 -9999 -9999 -9999 -9999 -9999 -9999 -9999 -9999 -9999 -9999 -9999 211.5 220.5 224.5 230.5 235.5 242
190.75 186.75 186 -9999 -9999 -9999 -9999 -9999 -9999 -9999 -9999 -9999 -9999 -9999 -9999 -9999 -9999 -9999 -9999 -9999 -9999 184 -9999 -9999 -9999 -9999 -9999 -9999 -9999 -9999 -9999 -9999 -9999 -9999 -9999 -9999 -9999 -9999 -9999 -9999 -9999 -9999 -9999 -9999 -9999 -9999 -9999 -9999 -9999 -9999 -9999 -9999 -9999 -9999 -9999 -9999 -9999 -9999 -9999 -9999 -9999 -9999 -9999 -9999 -9999 -9999 208 212.5 213.25 214.25 214.5 220.75 227.75 234 238.75 246 251.5
184 182 -9999 -9999 -9999 -9999 -9999 -9999 -9999 -9999 -9999 -9999 -9999 -9999 -9999 -9999 -9999 -9999 -9999 -9999 -9999 -9999 -9999 -9999 -9999 -9999 -9999 -9999 -9999 -9999 -9999 -9999 -9999 -9999 -9999 -9999 -9999 -9999 -9999 -9999 -9999 -9999 -9999 -9999 -9999 -9999 -9999 -9999 -9999 -9999 -9999 -9999 -9999 -9999 -9999 -9999 -9999 -9999 -9999 -9999 -9999 -9999 -9999 -9999 -9999 208.5 216.5 221.75 222.75 221.5 224.25 233.5 244.75 243.25 246.75 254.75 258.25
-9999 -9999 -9999 -9999 -9999 -9999 -9999 -9999 -9999 -9999 -9999 -9999 -9999 -9999 -9999 -9999 -9999 -9999 -9999 -9999 -9999 -9999 -9999 -9999 -9999 -9999 -9999 -9999 -9999 -9999 -9999 -9999 -9999 -9999 -9999 -9999 -9999 -9999 -9999 -9999 -9999 -9999 -9999 -9999 -9999 -9999 -9999 -9999 -9999 -9999 -9999 -9999 -9999 -9999 -9999 -9999 -9999 -9999 -9999 -9999 -9999 -9999 194.5 200.75 212 219.25 229 229.75 231.25 233 237 241.5 247.5 250.25 256 259.75 264.5
-9999 -9999 -9999 -9999 -9999 -9999 -9999 -9999 -9999 -9999 -9999 -9999 -9999 -9999 -9999 -9999 -9999 -9999 -9999 -9999 -9999 -9999 -9999 -9999 -9999 -9999 -9999 -9999 -9999 -9999 -9999 -9999 -9999 -9999 -9999 -9999 -9999 -9999 -9999 -9999 -9999 -9999 -9999 -9999 -9999 -9999 -9999 -9999 -9999 -9999 -9999 -9999 -9999 -9999 -9999 -9999 -9999 -9999 -9999 180 183 192.25 202 213 225.5 228.25 232.25 233.25 237.25 243 247.25 251.75 254.75 257 259 262.5 269.25
-9999 -9999 -9999 -9999 -9999 -9999 -9999 -9999 -9999 -9999 -9999 -9999 -9999 -9999 -9999 -9999 -9999 -9999 -9999 -9999 -9999 -9999 -9999 -9999 -9999 -9999 -9999 -9999 -9999 -9999 -9999 -9999 -9999 -9999 -9999 -9999 -9999 -9999 -9999 -9999 -9999 -9999 -9999 -9999 -9999 -9999 -9999 -9999 -9999 -9999 -9999 -9999 -9999 -9999 -9999 -9999 -9999 179 182.75 186.75 197 206.25 217.25 222.75 226.75 231.5 237.75 240 245.5 253 258 260 260.5 263.25 266.5 270.5 276.25
-9999 -9999 -9999 -9999 -9999 -9999 -9999 -9999 -9999 -9999 -9999 -9999 -9999 -9999 -9999 -9999 -9999 -9999 -9999 -9999 -9999 -9999 -9999 -9999 -9999 -9999 -9999 -9999 -9999 -9999 -9999 -9999 -9999 -9999 -9999 -9999 -9999 -9999 -9999 -9999 -9999 -9999 -9999 -9999 -9999 -9999 -9999 -9999 -9999 -9999 -9999 -9999 -9999 -9999 -9999 175.5 178.5 192.5 198.25 202.25 210.25 217.75 224.25 225.75 235.75 237 240 243.75 250.25 256.25 259.5 262.5 264.5 267.5 270.5 272.75 277
-9999 -9999 -9999 -9999 -9999 -9999 -9999 -9999 -9999 -9999 -9999 -9999 -9999 -9999 -9999 -9999 -9999 -9999 -9999 180 180 175 -9999 -9999 -9999 -9999 -9999 -9999 -9999 -9999 -9999 -9999 -9999 -9999 -9999 -9999 -9999 -9999 -9999 -9999 -9999 -9999 -9999 -9999 -9999 -9999 -9999 -9999 -9999 -9999 -9999 -9999 178.5 176.75 177.5 178 189.25 196.75 199.5 201.75 207.5 213.5 219.5 223.75 229.75 235 242.25 250 253.75 257.5 263 265.5 268.5 270.25 272.75 275.5 278.25
-9999 -9999 -9999 -9999 -9999 -9999 -9999 -9999 -9999 -9999 -9999 -9999 -9999 -9999 -9999 -9999 -9999 -9999 181 180.3333 174 -9999 -9999 -9999 -9999 -9999 -9999 -9999 -9999 -9999 -9999 -9999 -9999 -9999 -9999 -9999 -9999 -9999 -9999 -9999 -9999 -9999 -9999 -9999 -9999 -9999 -9999 -9999 -9999 177 186.5 181.5 182.25 183 181.75 182.75 195.75 204.25 212 219 222.5 220.25 226.75 231.75 236.75 244 249.75 251.75 257.25 260.5 264.75 268 270.25 273 275.5 277.5 280.25
-9999 -9999 -9999 -9999 -9999 -9999 -9999 -9999 -9999 -9999 -9999 -9999 -9999 -9999 -9999 -9999 -9999 -9999 177 -9999 -9999 -9999 -9999 -9999 -9999 -9999 -9999 -9999 -9999 -9999 -9999 -9999 -9999 -9999 -9999 -9999 -9999 -9999 -9999 -9999 -9999 -9999 -9999 -9999 -9999 -9999 -9999 168 169.6667 195.25 189.5 187 186.75 187.25 187.25 195.25 199.25 204.5 219 228.25 228.5 230 234.5 239.75 246.5 249 253 258 259.75 263.75 267.5 270.5 272.75 274.75 277.5 279.25 281.5
-9999 -9999 -9999 -9999 -9999 -9999 -9999 -9999 -9999 -9999 -9999 -9999 -9999 -9999 -9999 -9999 -9999 -9999 -9999 -9999 -9999 -9999 -9999 -9999 -9999 -9999 -9999 -9999 -9999 -9999 -9999 -9999 -9999 -9999 -9999 -9999 -9999 170 -9999 -9999 -9999 175.5 171.5 175.5 172.25 170.75 168 167.25 181.5 187.5 188.75 191.75 195 192.25 194 195 198.5 208.25 219.75 226.25 231 238.5 242.75 246.5 251.5 255.75 257 262 262 267 270 274.25 274.75 276.5 278.25 278.75 282
-9999 -9999 -9999 -9999 -9999 -9999 -9999 -9999 -9999 -9999 -9999 -9999 -9999 -9999 -9999 -9999 -9999 -9999 -9999 -9999 -9999 -9999 -9999 171.5 -9999 -9999 -9999 -9999 -9999 -9999 -9999 -9999 -9999 -9999 -9999 -9999 -9999 -9999 -9999 -9999 172 178 185.5 195.25 195.5 202.25 192.75 175.5 180.25 190.75 192.25 197.5 194.75 197.25 198.75 201.25 206.75 217.75 229.75 237.75 240.25 244.75 249.5 254 257.75 259.75 262 265.25 265.5 268.25 270.75 274.25 275.5 276.75 278.75 280.25 282
-9999 -9999 -9999 -9999 -9999 -9999 -9999 -9999 -9999 -9999 -9999 -9999 -9999 -9999 -9999 -9999 -9999 -9999 -9999 -9999 -9999 -9999 -9999 -9999 -9999 172 173 -9999 -9999 -9999 -9999 -9999 -9999 -9999 -9999 -9999 -9999 -9999 -9999 171 181.75 194.5 197.5 195.5 193 186.75 182.75 184.5 190.25 195 202.75 201.25 198 201 204.5 209.5 222 233 248.25 252.25 248.25 249 252.25 256.75 260.75 263.25 265.75 268.5 269.5 268.5 271.75 276 276.5 278.5 279.5 280 282
-9999 -9999 -9999 -9999 -9999 -9999 -9999 -9999 -9999 182 -9999 -9999 -9999 -9999 -9999 -9999 -9999 -9999 -9999 175 177.5 175.5 174 -9999 -9999 172 -9999 -9999 -9999 -9999 -9999 -9999 -9999 -9999 -9999 -9999 -9999 172 172.5 176.75 192.75 199.5 196.75 191.25 190.25 191 191.5 193.25 199.25 208.25 211.25 215 210.25 216.5 225.5 223.5 238 249.75 257.25 257.25 253.25 253 253.75 257 261.75 265 268.75 270 270.75 272.5 273.75 276.75 278.75 279.5 281 282.25 284.25
-9999 -9999 186 188.5 187.5 185 -9999 -9999 -9999 -9999 -9999 185.5 -9999 -9999 -9999 -9999 -9999 179.5 182 189.25 183.75 179.5 175.5 -9999 -9999 -9999 -9999 -9999 -9999 -9999 -9999 -9999 -9999 -9999 -9999 -9999 174 176.25 178.25 183.25 191.5 195.75 197 198.75 198.75 199.25 204.25 218.25 230.25 231.75 229 226.25 227 235.5 226.75 241 252.5 253.75 253.75 255.5 255.5 257.5 259.75 260.25 261.75 264 267.5 270.5 273.25 274.5 278.25 280.5 281.25 282 282.75 284 286
-9999 -9999 -9999 189 190 187 -9999 -9999 189 190 190.75 192.25 188.5 186.5 185.75 184.25 184.5 185.5 193.25 192.25 186.25 182.75 178.5 176.3333 176 176 -9999 -9999 -9999 -9999 -9999 -9999 -9999 -9999 175 176.5 179.75 187.25 191.25 196 204 208 209 208.75 216 220.75 230 239.25 232.25 231.5 228 228.75 240.25 241 231.5 244.25 246 250.5 255.25 259.5 261.25 265.25 264.5 266.25 267.5 269 271.5 272 274 277 280 281.5 282.5 282.5 283.5 284.75 287.25
196 195.5 194.5 194 195.5 198.5 200.3333 203 199 203.25 213 204.5 199 196 192.75 192.5 192.5 195.5 204.5 201.5 190.5 188.75 185.5 181.5 181 181 183.75 182.25 179.5 178.75 179.25 179.25 179.5 179 180.25 190 208 199.25 205 213.75 224 227.5 226 225.5 233.25 242 235.75 233.5 235 238 246 248.25 245.75 236.75 240 246 249 253 264 269.25 268.75 266 264.25 268.25 274 270.75 277.5 278.25 277.25 279.75 280.75 282.5 284 284.75 284.5 286 288
220.75 212.5 207.5 214 221 223 218.75 220 209 210.5 230.25 218.5 220.5 225.25 218.75 210 205.75 201.75 208.5 199.25 193.5 194.75 193.25 189.5 188.75 190.75 194.75 193 190.25 187.5 186.75 187.25 187 190.75 212.75 219.75 218.25 205.5 224.75 232 240 240 238.25 241.25 247 241.75 239.75 240 243.5 248 253 246.5 239.75 239 242 247.25 250 257 266 270.25 272 264.75 267.25 269.25 273.5 272.25 277 280.25 281.25 283.25 283 284.75 287.5 286.5 286.25 289 291.25
255.5 237.25 233.25 227.25 230.5 235.25 233.75 227.75 226.5 228.25 244.25 235 243.5 238.5 225.75 212.25 206.5 205.5 212 202.25 200.75 204 207.25 208 210.25 210 203.75 206.5 207 209.25 204.25 207.25 207.5 212.75 238.5 235 223.75 214.75 225.25 226.75 235.75 237 237 244.75 249 246.5 247 253 258.5 261.25 253 247 249.25 248.75 248.75 249.25 257.25 259.5 263.75 266.5 270.75 271.5 269.5 272 274.75 274.5 275.5 281.25 283.75 284.75 284.25 286 287.75 288 290.5 292 292.5
266.75 263.25 260.5 255.75 254 249.5 248.25 252 249.5 244.25 259 256.5 240.5 231.5 223.25 217 211.5 210.75 209.5 209.25 214.25 226.5 232.75 234 227.75 213 216 219.25 219.75 225 232.5 233.25 234 241.75 258.25 240 228.75 231.25 237 239.25 245.75 251.25 245 251 252 253 257.25 264.75 264.75 272.5 263.75 262.75 261.5 254.25 257.5 260.5 261.75 265.25 270.25 273.25 277 277.75 276.25 276 276.75 281 282.25 283 286 286 285 285.5 287.25 288.5 290.5 291.75 292.75
278 275.75 271.5 262 258.75 265.75 274.25 265.75 253.25 254 258.5 249.5 245.25 239.25 235 230.25 226.25 219.25 218.5 221.25 221 223.25 224.25 220 217.75 221.25 227.75 235 239.75 243.5 250 252 260.25 260.5 251.25 240.75 247.75 247.5 254.75 254.75 262.5 258.5 254.25 257.25 259.75 262.75 265 273 271.5 284.75 282.75 270 263.25 261.25 267.25 275 268.25 270.5 279.5 280 280.75 282 282 280.5 279.75 280.25 282.75 284 286 287 285 285.25 285.25 285.75 287 288.5 291
287.25 283.75 275.75 277.25 271.5 271.25 273.75 265.5 267.75 264.75 260.25 257 249.75 244 240.25 232.75 227.5 235.5 236.25 221.5 222.75 223.5 223 227.75 236 242.5 249.5 258.25 270.25 265.5 256.75 253.5 256 256.75 255.25 254.5 262.5 268 274.25 276.5 273 268.75 267.5 266.75 268.5 266 266.5 271 276.5 281.75 282.25 276.25 275.25 272.25 270.75 274.5 274.5 279.5 283.5 283.25 285 286.5 284.75 283.25 282.75 282.5 283.75 287.25 286.75 286 286.25 285.75 285.25 285.25 286.75 288.25 290.25
279.5 279 274.75 273.25 273.5 269.25 272.25 272.5 274.25 273 270.5 260.5 254 250 248.25 241.5 231.5 234 223.75 217.25 219 219.75 228 236.5 249.25 255.25 255 261 263 260.75 264 262.25 264 266.5 267 266 273.5 279.25 280 281.25 279 276.25 274.25 271.25 266.75 266.25 269 273 276 278 278.5 276.5 278 279.25 275.25 278.5 280.25 284.25 286.25 287 288.75 287.5 288 287.25 287.25 287.5 287.5 287.5 287.25 286.75 286.25 286.25 286 287.25 288.5 289.75 291
278.5 280.25 277.5 273 274.5 273.75 277.25 277.75 274 273.25 270.75 267.25 263 260.75 251 245.5 251 228.25 216 210.75 213 214 225 238.25 242.25 245.75 249.5 254.25 257.75 263.5 266.5 270.75 274 275.25 276.25 279.25 276.75 276 277 274.25 277.5 277.25 274.5 270.25 271 268.5 273.25 275.75 275.75 276 276.75 278 278 280.5 281 282.5 283.75 286 288.5 289 288.25 287.75 289 289.25 289 288.75 288 289 289 288 288.5 288 287.75 288.5 289.25 290.25 291.75
280.5 281.25 279.75 281.5 280 280.75 279.5 279 275.25 275.5 273.75 273.5 278.25 272.25 256.5 247 240.25 222.75 212 205.5 203.75 205.75 215.25 226.25 235.5 243.5 249.5 256 261.25 266 269 274.25 277.25 282 284 284 286.5 283.75 278.75 277.25 277.5 276.25 274 273.5 271 270.75 274.75 273.75 273.5 275.75 276.75 279 279 280.75 282.25 283.25 286.5 287 289.25 289.5 289.75 289.25 290.25 290.25 289.5 289 289.5 290.25 290 289.5 289.75 288.75 289.75 290.25 291 292 292.75
285 287.25 285.5 284.75 283.75 283 281 280 279.25 277 275 275 274 272.5 257.75 246 233.5 221.5 212.5 203 197.75 205.75 221.5 234.5 246.75 248.25 253.75 259.5 270.75 275 273 278 281.25 283 286.5 288.5 290 285.25 282.25 279.25 277.5 276 274.75 272 270.25 269.75 272.25 273.25 274.25 277.75 278.75 278 278 279.75 281.75 284.75 287.5 287.75 290.5 290 291.5 291.5 292 292 291.25 289.75 290 290 291 291.5 291.75 291.75 291.25 292 293.5 294 294.25
288.25 286.5 286.5 288 287.75 286.5 285 284 283.25 281.5 279.5 278.25 274 267 259.25 248.5 237 226.75 216.25 203.25 197.75 215.75 236.25 248.75 256 257 263.25 267.75 272.5 278.25 275.75 278 281.25 282.75 285 286 286.5 285.25 283 280.25 279.5 277.75 276.25 275 273.5 273.25 274.5 275.5 276.25 278 277.75 278.25 277.75 280.5 283.25 286.25 288.25 290.25 292 293 292 292.25 292.5 293 292.5 291.75 291.75 292.75 292.75 293.5 294 294.25 293.75 294.25 296.25 295.5 296.75
289.75 290.75 292 293.25 292.25 289 288.75 287.75 287 285 282.25 279.5 276.25 272.25 265 255.75 244.5 236.25 227 224.75 218.75 242 261.25 270.25 276.75 269.5 268.5 272.75 280 279.75 280 282.25 283.5 283.75 284.25 283.5 285 284.25 283.25 281.75 282.5 281.5 279 277.75 277 276.75 275.5 276 276.75 278.25 279.5 279.25 280.25 282.75 285.75 289.25 291.75 293.5 295 295.25 295.25 294.5 294.5 295.25 295.25 295 294.5 294.5 296.25 295.75 295.5 296 296 295.5 297.75 299.25 300.5
296.75 295.75 295 292.75 292.25 292.5 292.25 291.75 290.75 288 285.25 283 280 278.25 274.25 265.75 254.25 246 239.25 234.5 236.75 250.75 248.5 261.5 265 264.25 265.25 266.25 271.25 275 278 280.5 282.75 284.25 283.5 284.25 285.5 285.75 285 284.75 286.5 283.75 282 280.25 278.25 278.25 278.25 277.5 278.5 279.25 280.5 280.75 282.5 285.75 290 292.75 296.25 296 296.5 296.5 295.75 296.5 296.25 297.5 298 297.25 296.75 297.5 299 298.75 298.25 297.75 297.75 298 301.25 302.75 304
296 293.25 294 293.75 294 294.5 294.25 293.75 293.25 291.5 289.25 286.25 284.25 281.75 277.5 270.75 262.5 255 248.5 245.5 247.25 255 256.75 254 264 268.5 268.5 269.25 271.25 271.75 275.25 279.75 283 283.25 285 287 289.75 289 287.5 286.5 286.25 285 283 281.75 281.5 281 280.75 280.5 280.5 281.25 282.75 284 286 287.25 290.25 294.5 299 297.75 298.5 299 299.75 298.5 298.75 299.5 300.5 299.5 300.5 300.5 301 300.75 301 300.75 301 302.5 303.5 306.25 306.75
295 297.75 299.75 298.25 297.75 296.75 296.25 295.25 294 292.75 291.5 290 286.75 282.75 278 273.5 267.75 262.5 262.5 259.25 259.75 264.75 269.75 274.25 276 274.75 275.75 275.75 275.75 273.75 275 278.5 282.75 284.75 287.5 288.5 289 288.5 288 286.75 286.5 286.25 285.25 284.75 284 283.5 283.5 283 283.25 284.75 285 286 287.75 290.5 292 294.5 297.5 299.25 301.5 302.5 302 301.25 301.25 302.75 303 303 303.25 302.25 303.75 304.25 303.75 304 305.25 305.75 307.25 310 311.25
300 300.75 299.75 298 297.75 297.25 296 295.5 296 294.75 293.5 291.25 287.25 283 281.25 277 272 280.5 278.25 286 283.75 280.75 281.5 280.25 278.5 276.75 277.25 277.25 277.75 276.25 277.25 281.25 284.75 286.75 287.75 288.25 289.25 289.5 289 289 288.5 288 287.25 286 286.25 286 286.25 285 286.25 288.25 287.25 288.75 292.25 294.25 295 298.5 300 301.5 303.25 304 304.75 304.25 305.25 306.25 306 305.75 305.25 306 307 307.25 308 306.75 307.5 308.75 312 314 316.75
302 302 300.25 301 299.5 298.5 297.75 296 296.5 296.25 295.25 292.75 289.5 285.75 283.75 281.25 279.5 288.5 293.25 291.75 290.25 288.25 287 283 279.5 279 278.5 279 279.5 278.75 280.75 282.5 285.5 287.75 288.75 289.25 291 290.5 290.25 290 289.75 289.25 289.25 288.75 288.5 288.75 289.25 289.25 290.25 291.75 291 294 295.75 297 299.25 301.5 302.75 305 306.75 308 308.5 308.5 308.5 308 308.25 308.75 308.5 308.75 310 312.25 310.5 310 310.5 311.5 316 318.25 319.25
302.25 302 301.25 300.25 301.25 304.25 301.5 298.25 300.25 296.5 296 294.5 290.75 287.75 288.25 290.25 291 293.25 293.25 291.25 287.75 285.25 283.75 283 281 281 280.25 281.5 282.25 281 283.25 285.75 287.5 287.25 287.75 288.75 290.5 291.25 290.5 292 291.75 291.5 291.5 291 290.75 292.25 292.25 293 294 294.5 295.5 298 298 299.25 302.5 303.75 305.75 308 309.25 310.5 311 310.5 310.75 311.75 312.25 311.5 312.75 312.5 315.75 316 314.75 314.5 314.75 317.5 318.75 317.75 318
