layers/wordclim/past/Iberia_miroc_10_ascii/bio_4.asc
ncols         205
nrows         142
xllcorner     -11.010633712694
yllcorner     33.273793250999
cellsize      0.083333333333334
NODATA_value  -9999
[rows 66 to 98 of 142, columns 0 to 72 of 205]
-9999 -9999 -9999 -9999 -9999 -9999 -9999 -9999 -9999 -9999 -9999 -9999 -9999 -9999 -9999 -9999 -9999 -9999 2570 -9999 -9999 2884.5 3068.667 3259.5 3430.25 3668.5 3858.5 4051.25 4140.25 4205 4308 4447.75 4615.75 4755.25 4884.75 5000.25 5108 5206.5 5286 5399.25 5496.75 5609.5 5679 5767 5813.75 5884.75 5949.75 5979.75 6039.75 6085.25 6150 6205.75 6260 6306.5 6341 6376.75 6417.25 6434 6473.5 6471 6510.75 6555 6568.75 6593.25 6606 6639.75 6630 6635 6656.25 6690.5 6701.25 6735 6727.5
-9999 -9999 -9999 -9999 -9999 -9999 -9999 -9999 -9999 -9999 -9999 -9999 -9999 -9999 -9999 -9999 -9999 -9999 2525 2674.667 2779.25 2935.5 3110.25 3308 3493 3788.5 3939.75 4005.5 4107.25 4180.5 4325.75 4442.75 4588.75 4685 4823.5 4926.5 5064.75 5165.75 5280.75 5374 5473.5 5557 5639.25 5709.5 5780 5837.5 5911 5975.5 6040.75 6092.75 6145.25 6188.75 6249.5 6293.25 6357 6385.25 6430 6461.25 6476.75 6527.25 6534.75 6570.75 6588.75 6612 6620.25 6657.25 6648 6662.5 6681 6716 6722.75 6741 6761.5
-9999 -9999 -9999 -9999 -9999 -9999 -9999 -9999 -9999 -9999 -9999 -9999 -9999 -9999 -9999 -9999 -9999 2523.5 2559.25 2653.5 2805.5 2981.75 3168.75 3356.5 3590.75 3713.75 3836.25 3961.75 4079.75 4179.75 4312.5 4473.5 4603.75 4710.25 4801.5 4941.5 5056 5158.5 5258.25 5342.5 5436.5 5504.5 5575.25 5649.25 5722.75 5813.5 5882.75 5956.25 6010.75 6089.5 6139.5 6193.5 6250.25 6294.75 6346 6403 6438.5 6483.5 6506.5 6540.25 6562.75 6577 6605.5 6635 6668.5 6661 6690.5 6704.5 6727.75 6735.5 6756.5 6774.75 6776.5
-9999 -9999 -9999 -9999 -9999 -9999 -9999 -9999 -9999 -9999 -9999 -9999 -9999 -9999 2481 2479.25 2513 2559.667 2602.75 2677.5 2886.75 3056.5 3245.75 3420.75 3596.75 3712.75 3849.25 3996.5 4085 4205 4362.5 4491 4617.75 4735.75 4834.5 4957.75 5029.75 5129 5224.25 5313.25 5402.25 5477 5530.75 5587.75 5673.5 5769.75 5871.75 5949.25 6011 6076.75 6126.75 6189.5 6242 6292.75 6346.25 6395 6443.5 6474.25 6517.5 6536 6564.75 6593.75 6608.5 6632.75 6652 6685 6700.25 6726 6749.25 6742.25 6765.5 6775.5 6799.25
-9999 -9999 -9999 -9999 -9999 -9999 -9999 -9999 -9999 -9999 -9999 -9999 -9999 2432 2482.25 2520 2585.5 2630.5 2696 2803.75 2980 3166.25 3316.25 3518 3649.75 3769.25 3891 4007.75 4116.25 4250.5 4399.5 4516.25 4604.5 4706.5 4808.5 4908.25 5012.5 5109.75 5192.5 5286.5 5365.75 5447.75 5523.25 5572.75 5654 5772.5 5848.25 5936.75 5995.75 6050.25 6109.25 6171.5 6226 6296.5 6334.5 6381.75 6431.25 6476 6524.75 6551.5 6563.5 6580 6605 6618 6649.5 6682.5 6699.75 6728 6745.75 6773.75 6768.25 6794.5 6822.75
-9999 -9999 -9999 -9999 -9999 -9999 -9999 -9999 -9999 -9999 -9999 -9999 2450 2475 2541.5 2587.5 2670 2720.5 2801.5 2945 3104.5 3268 3482 3653.25 3705.5 3855.25 3950.5 4051.5 4174 4300 4412.25 4515 4625.5 4728.75 4803.5 4910.25 5008.75 5078.25 5164.5 5262.25 5352 5426.5 5510.5 5587 5673.75 5750.75 5855 5911.75 5993.25 6043.25 6107 6164.75 6220 6287.5 6321.5 6375.75 6432 6469.25 6496.25 6519.5 6552.75 6581.25 6599.75 6658.25 6641.5 6679.5 6692.75 6733 6769 6776.75 6792.5 6814 6833.75
-9999 -9999 -9999 -9999 -9999 -9999 -9999 -9999 -9999 -9999 2393 -9999 2476 2536 2592.25 2665.5 2723.75 2814.75 2929 3088.75 3243 3425.75 3597.25 3714.25 3784.75 3897.25 3987 4101.25 4217.25 4331.75 4440.5 4545.25 4630.5 4713.75 4797.25 4893.75 4989 5067 5149 5244.5 5333.25 5419.25 5499.25 5583.25 5676.5 5759 5842.25 5919.75 5976.5 6032 6079.5 6138 6199.75 6248.25 6295.25 6352 6409.75 6456 6494.5 6510.25 6542 6575 6588.5 6618 6667 6695.75 6722.25 6740.75 6767.75 6783.25 6818.25 6837.75 6849
-9999 -9999 -9999 -9999 -9999 -9999 -9999 -9999 -9999 -9999 -9999 2436 2518 2576 2653.75 2718.75 2813.75 2916.5 3024.25 3260.75 3401.75 3579.25 3740.75 3834 3858.5 3964.25 4060.25 4167.25 4268 4354.75 4450 4532.75 4608 4701.75 4806.5 4888 4971.75 5065.25 5149 5228.5 5323.5 5412.25 5492.75 5581.5 5661.25 5762.75 5843.25 5926.25 5980.5 6015 6057 6107.25 6170.5 6232.25 6282.75 6349.5 6395.5 6426.5 6466.25 6497.5 6536.5 6563.75 6595.75 6641.5 6668.75 6707.25 6732.75 6749.25 6793 6796 6811.5 6839 6862.5
-9999 -9999 -9999 -9999 -9999 -9999 -9999 -9999 -9999 -9999 -9999 2494 2559.75 2638 2712.25 2786 2888.75 3006.5 3159 3383.25 3576.5 3723 3846 3919.5 3961.5 4024.5 4126 4214.75 4305.75 4380.5 4463.5 4559 4650 4731.25 4795 4899.25 4960.25 5059.25 5143 5239.5 5323 5401.5 5490.75 5578.25 5672 5764.25 5850.25 5928.25 5990.5 6015.5 6027.75 6089.25 6155.75 6196 6262 6306.75 6374.75 6414.75 6454.25 6499.5 6539 6588.75 6608.75 6652 6692.25 6700.75 6730.25 6765.25 6779.75 6802.75 6836.75 6871.5 6877.25
-9999 -9999 -9999 -9999 -9999 -9999 -9999 -9999 -9999 -9999 -9999 -9999 -9999 2689 2781.25 2879 2970.25 3093.75 3320 3490 3652 3811.75 3902.75 3964 4025.25 4102.25 4193.5 4269 4340 4428.25 4505 4589.25 4658 4745.25 4819.5 4902 4972 5055 5130.5 5211.5 5308.75 5413.75 5495.25 5573.5 5658 5749.5 5825.25 5909.5 5977.5 6002.25 6033.75 6087.5 6132.25 6212 6268.5 6337.25 6374 6408.75 6472.25 6511.75 6548.25 6586 6639.75 6668 6700 6723.75 6757.75 6771.5 6815.75 6830 6837 6842 6872.75
-9999 -9999 -9999 -9999 -9999 -9999 -9999 -9999 -9999 -9999 -9999 -9999 -9999 -9999 2819.667 2905 3043.75 3134.25 3396 3553.5 3689.25 3880.5 4014.5 4005.5 4072 4156.5 4232.5 4318 4376.75 4443 4524 4601 4684.75 4757 4837.5 4911.25 4973.25 5051 5131.25 5211.75 5328.75 5403 5487.25 5565.75 5632 5718.25 5805.75 5887.75 5955.75 5998.25 6033.5 6067.5 6144.25 6199.5 6270.5 6328.5 6368.5 6412.25 6477.75 6530.5 6560 6598 6652 6676 6706.75 6738.25 6769.5 6791.25 6823.75 6838 6849.75 6851.75 6889.75
-9999 -9999 -9999 -9999 -9999 -9999 -9999 -9999 -9999 -9999 -9999 -9999 -9999 -9999 -9999 -9999 3057 3183 3344.5 3476.25 3667 3864.25 3959.5 4047.75 4121.75 4181.5 4250.5 4321.5 4400.5 4477.5 4539.5 4621 4700 4785.25 4857 4908.5 4974.25 5041.25 5130.25 5211.75 5293.75 5382 5466.25 5553.25 5621.5 5702 5800.75 5866.25 5937.5 5988.25 6038 6074 6142.25 6201 6263 6326.25 6369.75 6411.25 6470.5 6525 6559.25 6618 6643.75 6686.25 6711 6748.25 6771 6808.25 6819.75 6839.5 6849.25 6875.25 6895.75
-9999 -9999 -9999 -9999 -9999 -9999 -9999 -9999 -9999 -9999 -9999 -9999 -9999 -9999 -9999 -9999 -9999 3191.25 3330.75 3463 3618 3819.25 3969.75 4059.75 4159.75 4208.75 4253.5 4318.25 4391.25 4463.75 4555.5 4645.5 4722.5 4814.25 4877.5 4917.5 4962.5 5036.5 5111 5202.75 5295.5 5380.75 5456.5 5519.5 5612.75 5689.25 5772 5844.25 5921 5988.75 6061.5 6109.25 6157.5 6208.75 6267 6318.5 6380.5 6421.25 6474.75 6527.75 6576.25 6613.75 6638.75 6691.25 6722.5 6757 6782 6796.25 6819.25 6846.75 6868.5 6867.5 6884.25
-9999 -9999 -9999 -9999 -9999 -9999 -9999 -9999 -9999 -9999 -9999 -9999 -9999 -9999 -9999 -9999 -9999 3205 3297 3436.5 3551.667 3764 3963.5 4074.5 4162.25 4171 4222.75 4295.25 4419.25 4465.25 4543.25 4630 4706.25 4783 4845.75 4921 4974.5 5049.75 5110.25 5205.5 5287.25 5371.5 5450.5 5515 5567.25 5665.5 5752.5 5827.25 5909.5 5979.25 6057.75 6125.25 6156 6209.25 6256.25 6325 6382 6428 6460.25 6520.5 6570.5 6614.25 6645.5 6690.25 6723.75 6750.75 6771 6808.5 6824.75 6843 6860.25 6880.75 6896.25
-9999 -9999 -9999 -9999 -9999 -9999 -9999 -9999 -9999 -9999 -9999 -9999 -9999 -9999 -9999 -9999 -9999 -9999 -9999 -9999 -9999 3779 3898.75 3973.75 4012 4117.75 4213.75 4302.25 4372.25 4447.5 4523 4605.25 4693.5 4768 4842.25 4912 4997.75 5073.25 5148 5200.25 5283 5352.25 5426.75 5485 5560 5649.75 5720.25 5804.5 5884.5 5969.75 6031.25 6085.25 6153.75 6219 6263 6320.5 6373.75 6420 6448.75 6509.25 6561.5 6604 6640.25 6684 6715.5 6748.5 6779.75 6801.5 6833.5 6851.75 6857.25 6877.75 6894.75
-9999 -9999 -9999 -9999 -9999 -9999 -9999 -9999 -9999 -9999 -9999 -9999 -9999 -9999 -9999 -9999 -9999 -9999 -9999 -9999 -9999 -9999 3735 3838 3918.75 4037.75 4175 4282.75 4375.5 4427.75 4516.75 4613.5 4671.75 4777.75 4865.25 4937.25 5021.75 5100.75 5154.75 5220.75 5313.5 5362 5404.75 5479.75 5550.5 5604.75 5690.5 5771.5 5855.75 5927.25 5998.5 6048 6108.75 6167 6238.5 6304 6357 6417.75 6472.5 6510.25 6552 6597 6634.75 6675.25 6710.5 6741.5 6763 6788.5 6815.75 6838.5 6861 6870.5 6889.25
-9999 -9999 -9999 -9999 -9999 -9999 -9999 -9999 -9999 -9999 -9999 -9999 -9999 -9999 -9999 -9999 -9999 -9999 -9999 -9999 -9999 -9999 -9999 -9999 3838.5 3971 4159 4279.75 4388.25 4452 4517.75 4583.75 4671.5 4760 4858.25 4943.5 5020.5 5129 5195 5272.5 5305.5 5341.75 5386.25 5468.25 5540 5596.25 5657.25 5743 5802 5872.75 5932 6027.75 6093.75 6164.5 6213.5 6278.75 6360 6392.5 6447.5 6504.5 6543.25 6591 6622.5 6647 6675.25 6721 6753.25 6778.5 6789.5 6820 6846 6872.75 6874.25
-9999 -9999 -9999 -9999 -9999 -9999 -9999 -9999 -9999 -9999 -9999 -9999 -9999 -9999 -9999 -9999 -9999 -9999 -9999 -9999 -9999 -9999 -9999 3727.5 3861.75 4006.75 4134.25 4270 4396 4429.75 4499.75 4578.25 4655.25 4741.25 4822.5 4926 5020 5109.25 5170.5 5211.25 5268.5 5309.5 5371.25 5436.25 5502.5 5566.25 5625.25 5705.5 5771.25 5872.5 5964.25 6056.25 6091.25 6147.75 6219 6258 6336.75 6374.75 6426.25 6480.5 6533 6564.25 6606.75 6629 6660.5 6685.5 6717.5 6767.75 6786 6797.5 6827 6823.75 6853.5
-9999 -9999 -9999 -9999 -9999 -9999 -9999 -9999 -9999 -9999 -9999 -9999 -9999 -9999 -9999 -9999 -9999 -9999 -9999 -9999 -9999 -9999 -9999 -9999 3806.25 3960.25 4109.75 4250.5 4396 4451 4499.75 4558.5 4647.75 4728.25 4849 4942.5 5041.5 5118.75 5162.5 5212.5 5237 5298 5374.25 5422 5477.25 5520.75 5601.75 5669.25 5774.25 5822.75 5895.25 5993.25 6070.5 6137.5 6190.75 6243.75 6307.5 6364.5 6405.25 6447.5 6486.5 6537.75 6581.5 6613.75 6643.25 6653 6682.75 6703 6743.25 6765 6786.75 6811 6822.25
-9999 -9999 -9999 -9999 -9999 -9999 -9999 -9999 -9999 -9999 -9999 -9999 -9999 -9999 -9999 -9999 -9999 -9999 -9999 -9999 -9999 -9999 -9999 -9999 3746.5 3953.5 4092.5 4231.25 4329.25 4396.5 4460.5 4541 4620.5 4721.25 4838 4945 5032 5136.25 5164 5167 5200.25 5266.75 5326.5 5391.25 5470 5508.75 5587.25 5662.5 5733.25 5825 5876.5 5948.75 6046.25 6087.5 6157.5 6227.75 6276.25 6323.5 6384.5 6417.75 6449 6505 6546.5 6579.75 6615.75 6651.5 6666.25 6656 6675.75 6714.75 6757.5 6772 6768.25
-9999 -9999 -9999 -9999 -9999 -9999 -9999 -9999 -9999 -9999 -9999 -9999 -9999 -9999 -9999 -9999 -9999 -9999 -9999 -9999 -9999 -9999 -9999 3597.5 3719.5 3907.75 4041.5 4188.5 4276.25 4361.25 4422.75 4500.5 4643 4707.75 4794.75 4884.5 4993.25 5062 5110 5130.5 5180.75 5241.25 5293.5 5351.75 5380.25 5446 5538.5 5615 5691.25 5790.5 5865 5940.5 6010.25 6042 6088.25 6157.75 6241.75 6288.25 6338.25 6398.5 6430.75 6478.75 6517.5 6545.25 6583.5 6590.25 6608.25 6629.5 6649.75 6632.75 6689.75 6685.25 6711.25
-9999 -9999 -9999 -9999 -9999 -9999 -9999 -9999 -9999 -9999 -9999 -9999 -9999 -9999 -9999 -9999 -9999 -9999 -9999 -9999 -9999 -9999 -9999 -9999 3657 3809.75 3974.75 4161.25 4243.5 4296 4411.75 4495 4609.25 4694 4794.75 4865.75 4926 4974.25 5035.5 5074.5 5108 5184.75 5250.25 5288.25 5331.5 5433 5524.25 5583 5644 5719.75 5776.5 5860.25 5940.5 6014 6075.5 6120.75 6175.75 6252.5 6304.75 6352.75 6359 6436.25 6467 6494.5 6515 6544.5 6554.75 6534.75 6558.25 6526.25 6558.25 6582.25 6590
-9999 -9999 -9999 -9999 -9999 -9999 -9999 -9999 -9999 -9999 -9999 -9999 -9999 -9999 -9999 -9999 -9999 -9999 -9999 -9999 -9999 -9999 -9999 -9999 3591.75 3764.5 3944.5 4112.75 4197.25 4318.5 4389 4478.5 4563.25 4669.75 4755.25 4826.25 4858.25 4934.75 4985 5023 5052.75 5133.5 5164.25 5212 5270.5 5333.5 5402.25 5468 5530.5 5611 5657.25 5753.75 5856 5948.5 6027.25 6059 6131.5 6192.5 6254.75 6310.75 6353.5 6335.5 6395.75 6429.25 6449.25 6460 6432.5 6444.5 6432.25 6417 6450.5 6476 6513.75
-9999 -9999 -9999 -9999 -9999 -9999 -9999 -9999 -9999 -9999 -9999 -9999 -9999 -9999 -9999 -9999 -9999 -9999 -9999 -9999 -9999 -9999 -9999 -9999 3537 3711.75 3881.75 4023.5 4149.5 4286.5 4395.75 4469.75 4533.5 4623.75 4717 4771.5 4833.75 4865.5 4908.75 4950.25 4987.5 5043.25 5077 5128 5183 5249 5327.5 5344.25 5407.25 5531.25 5562 5701 5806.25 5845.5 5932.25 6017.5 6086.5 6144.75 6207 6256.5 6311.5 6312.5 6296.25 6319.25 6346.5 6310.25 6313 6292.75 6332 6345.75 6377 6414.75 6422.25
-9999 -9999 -9999 -9999 -9999 -9999 -9999 -9999 -9999 -9999 -9999 -9999 -9999 -9999 -9999 -9999 -9999 -9999 -9999 -9999 -9999 -9999 -9999 -9999 3484.25 3643.25 3862.5 3990.75 4079.25 4214.25 4353 4440.5 4504.5 4585.5 4663 4730.25 4776.75 4826 4847 4873 4914 4953 5015.75 5074.25 5125.75 5197.5 5257.25 5291 5331.25 5414 5514 5620.25 5697 5768.25 5876 5950.75 6007.25 6080.25 6141 6188.25 6217.25 6209.25 6223.75 6232.5 6230.25 6244.25 6249 6264.25 6265.5 6300 6271.75 6297.25 6323
-9999 -9999 -9999 -9999 -9999 -9999 -9999 -9999 -9999 -9999 -9999 -9999 -9999 -9999 -9999 -9999 -9999 -9999 -9999 -9999 -9999 -9999 -9999 3320.5 3426.5 3570 3784.75 3978.25 4075 4162.75 4253.5 4373.25 4468.25 4541.25 4616.5 4679.25 4729.25 4771.75 4808.75 4835.75 4865.75 4887.75 4915 4990.5 5073.5 5122.25 5138.75 5176.75 5227.75 5335.5 5430.5 5514.75 5595.5 5674 5757.75 5848.25 5894 5983.5 6063.75 6120.75 6157.25 6185.5 6186.5 6190.5 6192.75 6172 6179.25 6181 6178 6194 6175.5 6162.25 6180.25
-9999 -9999 -9999 -9999 -9999 -9999 -9999 -9999 -9999 -9999 -9999 -9999 -9999 -9999 -9999 -9999 -9999 -9999 -9999 -9999 -9999 -9999 -9999 3231.5 3344.5 3498.25 3765.5 3930.5 4084.25 4190.5 4255.25 4340 4424.75 4505 4589.5 4632 4660.75 4710.25 4743 4775.25 4814.75 4831.5 4823 4910.5 4950.5 5003.25 5056.25 5078 5129.5 5213 5294.25 5375.75 5449.75 5543.75 5675 5736.75 5823.75 5927.75 6043.25 6085.25 6134 6128.25 6124.5 6128.25 6086.25 6055 6046 6058.75 6059.5 6062.5 6070.75 6061.75 6068.5
-9999 -9999 -9999 -9999 -9999 -9999 -9999 -9999 -9999 -9999 -9999 -9999 -9999 -9999 -9999 -9999 -9999 -9999 -9999 -9999 -9999 -9999 -9999 3158 3284.5 3497 3722 3913.75 4078.25 4187.75 4215.25 4289.75 4359 4417.75 4513.25 4584 4624.5 4689.5 4703.75 4698.25 4720.75 4735.5 4737.25 4803.5 4852 4878.75 4941.75 4978.75 5003.75 5068.75 5159 5252.25 5382.75 5478.75 5574.5 5650.5 5732.25 5836 5938.25 5991.25 6038.75 6035.25 6030.25 5999.75 5973.25 5963.25 5958.75 5941.75 5936 5917.25 5935.75 5954.5 5978.25
-9999 -9999 -9999 -9999 -9999 -9999 -9999 -9999 -9999 -9999 -9999 -9999 -9999 -9999 -9999 -9999 -9999 -9999 -9999 -9999 -9999 -9999 -9999 3059.333 3190.25 3440.5 3674.75 3857.5 3992.5 4091.5 4160 4214.75 4240.25 4329.75 4415 4453.5 4558.25 4639.5 4638.25 4664.75 4670 4644.75 4640.75 4694.5 4720.25 4767 4816.5 4879.75 4908 4998.5 5098.5 5185.75 5273.75 5356 5444 5528.5 5600.75 5703.75 5794.25 5857.25 5909.25 5919.25 5895.25 5889.25 5859.75 5856 5857.5 5841 5827 5848.5 5845.25 5871.25 5892.25
-9999 -9999 -9999 -9999 -9999 -9999 -9999 -9999 -9999 -9999 -9999 -9999 -9999 -9999 -9999 -9999 -9999 -9999 -9999 -9999 -9999 -9999 -9999 2968.333 3086.25 3343.5 3590.25 3823.25 3963.5 4028 4074 4137.75 4178 4217 4293.25 4338.75 4443.5 4485 4474 4454 4481.75 4520.5 4528.75 4584.75 4622.5 4662.25 4721.25 4773.75 4823.75 4901 5001 5078.75 5148.25 5218 5302.75 5396 5489 5577 5633 5707.75 5747 5766.75 5763 5764.25 5757.75 5734.5 5738.5 5778.75 5759.25 5774 5813.5 5809 5786.75
-9999 -9999 -9999 -9999 -9999 -9999 -9999 -9999 -9999 -9999 -9999 -9999 -9999 -9999 -9999 -9999 -9999 -9999 -9999 -9999 -9999 -9999 -9999 2886.5 3003.5 3212.25 3456.25 3750 3909.5 3953.25 4001.25 4033.25 4083.75 4097.25 4133.75 4187.25 4246.5 4296.75 4321.25 4324.5 4355 4408 4443.5 4466.25 4529.75 4553.25 4616.5 4662 4721 4789.25 4876.5 4973.25 5052 5112.75 5187.25 5260.75 5357.25 5441 5508.25 5575 5599.5 5621.25 5622.25 5637 5639.75 5634.25 5663.5 5684.5 5707.25 5703.5 5727 5717.5 5749.25
-9999 -9999 -9999 -9999 -9999 -9999 -9999 -9999 -9999 -9999 -9999 -9999 -9999 -9999 -9999 -9999 -9999 -9999 -9999 -9999 -9999 -9999 -9999 2824.5 2827.5 3032.5 3290.5 3526.5 3705.25 3811 3871.25 3919.5 3968.75 3995 4024.5 4063.25 4099.5 4149.25 4187 4237 4241.5 4294.25 4346 4362.5 4396.75 4450 4509 4562.75 4620.25 4687.75 4766.75 4822.75 4906.5 4986 5048.75 5136.25 5228.75 5308.25 5396.25 5421.75 5472.25 5486.25 5514 5495 5496.5 5548.25 5531.5 5549.75 5577.75 5673.5 5602.75 5690.25 5601
-9999 -9999 -9999 -9999 -9999 -9999 -9999 -9999 -9999 -9999 -9999 -9999 -9999 -9999 -9999 -9999 -9999 -9999 -9999 -9999 -9999 -9999 -9999 2763 2804.25 2971 3167 3357 3513 3639 3704.25 3808.25 3866.25 3906.25 3932.5 3969.5 4004.5 4039.5 4034.667 4074 -9999 -9999 4166 4229.5 4270.5 4315.5 4377 4446.25 4516.75 4570.75 4652.5 4711.5 4773.75 4851.5 4922.25 4993.25 5095.25 5190 5261.75 5319.5 5354.25 5390 5396 5377.25 5366.5 5383.5 5447.75 5499.25 5478.5 5567 5654.25 5635 5505.75
