layers/wordclim/past/Iberia_miroc_10_ascii/bio_19.asc
ncols         205
nrows         142
xllcorner     -11.010633712694
yllcorner     33.273793250999
cellsize      0.083333333333334
NODATA_value  -9999
[rows 35 to 69 of 142, columns 77 to 153 of 205]
185.5 187.75 193 195 199.75 199.5 200.5 202.25 204.75 207 212 220.75 229.5 241.75 255.75 284 280.75 283.5 299.75 272.75 266.25 290.25 286.5 261.5 273.25 276.25 285.75 236 234.5 226.25 209.25 211 190.25 191.75 196.5 199.75 202 203.75 203.5 199 194.75 188.5 184.75 181.75 176.75 167.25 157 150.5 144.75 139.25 135.5 137.25 140.75 139.75 151 156.25 162.25 150.25 161 160.5 188.75 198.75 198.5 182.5 204.75 165.5 165.5 188.75 228 225 171 199.25 271.75 294.25 239 246 278.25
175 182.25 187.5 187.25 188.25 190.5 195.5 196.5 198.25 201.25 206.75 212.75 221.25 222.5 223.75 232 251 284.25 296.25 281.5 293.25 306 286 283 303.5 291.75 257.25 272 252.75 218.75 195 189.75 180.25 180.25 181.75 182.75 184.75 188 191.75 184 173 170.25 167.75 161.75 155.75 147.25 141.75 136.75 131.5 124.5 119.5 119 121 124.25 129.75 130.25 131.75 130.25 167.25 171.5 176.75 167.75 189.25 192.5 206.75 157.5 171.25 169.75 194.75 186.25 159 166.75 167 181.75 185.5 191 185.25
168.25 174.5 174.75 179.25 187.5 191.25 195.5 193.5 193.5 196.25 199 202.75 211 220.5 226.75 216.25 226.75 246.25 263.25 290.5 326.75 299.25 321.25 313.5 297 280 277.75 265.25 249.75 244.5 202.25 181.25 178.5 179.75 168.75 168.5 166.25 165 166.25 164.5 157.5 156 158 159.5 148.25 134 129.25 125.25 120.5 114.5 111.5 111.5 112.25 113.25 118 117.75 118.25 119.75 136.75 149.25 166.25 160.5 155 177.25 174 160.75 206.5 170.5 153 143.5 138 144.5 158.5 148.75 145.75 147.75 139.5
172.75 171.25 179 181 184.25 189 192.5 192.5 194 196.25 200.25 204.25 212.5 221 225.75 219.25 223 233.75 243 245.75 254.5 252.5 257.75 243.25 248.25 237.25 242.5 254.5 242.5 210 204.75 200.5 183.75 173.5 162.75 163.75 159.25 151.75 149 145.75 142.75 145.25 149 146 133.25 121.75 118.5 118.75 115.25 107.75 105.5 104.5 106.25 106.25 112 110 108.5 110.75 118 128.5 136.75 139 144.75 153.25 147.75 142.25 145.25 129.75 131 132.5 139.25 148.5 158 152.5 140.75 132.75 135.75
172.5 175.5 176.25 179.25 183 187.25 187.75 189.75 189.75 191.5 194.25 195 199 201.75 204.5 212.25 218 218.25 221.25 229.25 227.75 225 227.25 222.75 222.5 217.5 218.25 228.25 234.75 227 202.5 203.5 214.75 186.5 166.5 162 151.5 143.25 139.75 134 130 131 128.75 126.25 118.25 111.75 111 110.25 113.75 105.75 102.25 99 99.25 101 105.75 103.5 101.75 106 106 108 110 112.75 118.75 122.25 119.25 116.25 122.5 124.5 128.25 132.25 132.25 137.25 142 153.25 145.5 135.25 128
180 178.25 177.25 177.75 180.25 182 184 181 182 184 186 187 190.25 192.25 194.5 197.5 203.75 209 210.5 215.75 218 221 223.75 228 221 217.75 212.75 212.75 209 201.25 210.75 217.25 243 251 188.25 160.75 149 138 131.25 127 121.5 116.5 113 110.5 106.5 104 105 105.75 112.25 110.25 101 97.75 96.5 97 97.5 96.75 96.5 101 99.25 98 100.5 109 100.75 102.25 104.25 109.5 114 119.25 122.75 128.75 136 144.75 146.5 149.75 147 136.25 125
178.75 177.75 176.75 177.5 178 177.75 181.75 177.25 178 180.5 181 181.75 183.5 188.5 191 192.5 192.5 196.75 197.25 202.75 199.5 205.75 212 207.75 207.5 205.75 195.25 192.5 193 191.75 194.5 199.25 206.25 198.75 179.25 158.25 151 134 124 119 115.5 111.75 104.5 100.5 98.5 97.25 99 99.25 98.25 99.75 107.25 104.25 99 98.75 101 95.5 94.5 94.5 94.25 95.5 99.25 100.25 94.75 97.75 101.5 106.25 112 117.5 123.5 133 139.75 148.75 153.25 149 151.5 145.5 135.25
176.25 173.5 176.75 178.5 176 174.25 178.5 180.25 185.5 184.25 185 186.5 190.5 190.25 186.25 185 185.5 188.25 188.25 193.25 192.75 189.25 192.75 197.5 203.75 195.25 188.5 189.25 189.25 183.75 187.25 183.5 178.75 163.75 152.25 137.5 131 129.5 115.5 111.25 111.5 115 106 99.25 97 93.25 90.75 92 91.25 92.5 94.5 98.5 99.25 97.5 100.75 101 97.5 96.75 92.5 95 94 90.5 91.5 96.25 103.75 109.5 116.25 122 131.25 143.75 155 157.75 153 142.5 139.5 148.25 153.25
175 175.75 176 177.5 178 179.5 178.25 182.75 187 193 196 201.5 191.25 194.75 194.75 189.75 190 184.75 183 184.25 183 183.75 184.25 184 183.25 187.25 195.75 193 177 173.75 175.25 166.75 160.25 152 162.75 138.75 120 114 106.75 105.75 107 105.75 101.25 103 99.5 94.5 90.75 87.5 86.75 89 90 93 94.5 94 95.5 95 97 99.25 99.25 92 91.75 93.75 99 107.25 115.25 120.25 126.75 138.25 150 154.75 158 158.5 161.25 156.25 151.25 143.75 142.5
170 170 172.75 174.75 175.5 177.75 179.75 182 192.75 204.75 202 197.25 189.5 189.5 192.5 196.25 200.75 197.5 197.5 199.5 190.5 188.5 193.75 189.25 182.5 180.75 183.25 178.5 160.75 158 158.5 155 147.5 131.25 128.75 127 123.5 116.25 113.25 104.5 102.5 102.25 102 104.5 100.5 93.75 90 87 86.5 86.75 88.75 92 92.5 95.5 96.75 96.75 95 96.75 101.25 96.5 100 105.75 113.5 124.25 130.5 138.75 142.75 145.25 137 138.5 153.5 157 167.5 163.25 150.75 145.5 145.75
163.75 164 167.25 169.25 172.25 176.5 178.75 181 187 195.5 190.75 192 195.75 200.25 200.75 206.75 214 211.5 211.25 210 199.5 192.25 193.25 191 189.25 184.75 178.25 162 151.75 145.25 141.25 136.75 134 123.25 118.75 113 119.75 130.25 123.75 111.25 103 104 100.75 103.75 97.5 90.25 89 86.5 87 86.75 86 89 90.75 92.25 93 94.25 95.25 104.25 103 102.75 111.75 114.5 122 137 147.75 158.75 171.5 171.75 161 140 140.5 145.75 158.5 153.5 146 148.75 153.75
160 161.75 165.5 167.5 173 176.5 180.25 184.5 188.5 191 192 193.75 203.5 227.25 246.25 231 225 226.5 217 199.75 196.75 193.25 188.5 193 189.25 187 175.25 157.75 147 144.5 142 136 131.75 125.25 123.25 116.75 116.5 120.25 121.5 117.25 109.25 105.25 105.25 98 94 92 90.25 88 86 86.75 87 87.75 88.5 89.75 91.75 95.5 100.5 101.75 102.5 105.25 106.5 103.25 117.5 134.75 150.5 156.25 164.75 168.25 151.5 137.5 141.75 146.5 147.75 142.5 145 146.75 147.5
156.75 158.25 162.5 167.5 171.75 178.5 182.75 188.5 192.5 198.25 201.5 212.75 242.25 267.75 237.75 243.25 223.5 231.75 219.5 195 193 182.5 178.25 190.25 190.5 185.25 178.5 172.75 167.5 161.75 159.5 148 138.25 131 132 126.25 116.5 113 113.25 110.5 115.5 113.75 104.25 100.5 95.5 96.25 95.25 90.25 88 88 89.75 92.5 94.75 96.25 97.5 99.25 106 106.25 114.25 120 133.25 118.25 119.5 130 138.75 153.25 148.5 137 136.5 141 146.75 144.25 142.25 140 138.75 139.5 142.75
153.5 156.25 161.5 166.5 173 180.25 189.25 195.75 202 207.75 228.5 222 221.25 224.25 211 210.75 206.5 204.75 186.75 186.25 178.5 175.5 178.5 182.75 184.25 186.25 184.5 185.75 190.5 183.25 165.75 166 154.25 143 137.5 135.5 133.75 116.5 106 111.5 117 122 109.25 101.75 98 97.5 105 99.5 92.5 94.75 94.75 96.25 97.75 102 104.5 111.25 114.25 115.75 125.5 132 136.5 132.75 118 132.75 153.25 159.5 132.5 127 132 140 142.25 138.5 135.75 134 132.75 132 136.5
148.75 153.25 159 164 173.5 187 193.5 208.75 266.25 244.25 213.75 198.75 202 219.25 213.5 190.25 190 192.25 177.25 171.25 173.75 170.5 176.5 183 184.5 182.5 180.25 182.75 183.75 177 169.5 166.25 158.5 148.5 139.5 128.5 119.75 122.75 106.75 106 116.5 134.75 129 110.25 103.25 99 93.25 93.25 97.5 103.5 103 102.25 101.25 105.75 115 120 120.5 128.5 132.75 135 137 133.5 134.25 159.75 165.25 148.25 127 122 127 135.5 137.25 135.25 130.75 128.5 -9999 -9999 -9999
145.75 149 154.75 162.25 172 185.5 194.75 244 215.25 212.75 213.75 203 193 191.5 185.5 184.25 179 169.75 166.75 166.5 174 176.5 180 182.5 180.5 179.5 178.5 170 172.25 176.5 176.25 163.75 156 145.25 137.75 133.75 120.5 112.75 109 96.25 107 116.75 124.5 114.5 115.25 107 98 100.75 106.5 108.25 106.25 107 107.5 115.25 122.5 126.75 128.5 136 140.75 152.75 128 140.5 160 148.75 137.5 128.75 123 126 131.25 135.25 136.5 131 -9999 -9999 -9999 -9999 -9999
140.25 143.75 151.25 159.75 174.5 207.5 219 264.75 241 228 206 197.5 189.5 182.25 185.5 181.75 174 162 164.25 174.75 179.25 178.75 169 172.75 180.75 180.5 174.75 164.75 169 163.75 164.25 153.25 149.75 151 149 139 127 114.25 101.5 98 114.75 120.25 122.75 113.5 108.75 106.75 113.75 113.25 118.75 116.25 120.75 111.5 111.25 122 135 134 139 146.5 165.25 155 122.5 127.25 147.5 125.75 121 126.75 128.5 131.5 134 137.25 136.75 132.6667 -9999 -9999 -9999 -9999 -9999
135 151 156.5 166.25 178.75 211.25 211.75 225.5 207 198.75 201.25 197.75 188.5 186.25 185.25 180.25 166 160.5 174.5 179 176.5 179.25 170.5 162 167.25 168 167.25 178.5 178.75 175.25 170.5 165 165 151.75 152.5 146 136.25 113.75 101 110 133.75 129.25 126.75 132.25 137 139.25 133.5 142.5 135.5 130 115.75 115.25 125.25 129.25 139.25 142.25 159.25 167.5 166.75 139.75 124.75 121.25 120.5 118 119 130.5 134.25 134.25 135.5 136.5 137.75 138 -9999 -9999 -9999 -9999 -9999
143 163.25 178.75 199 210.75 186 183 193.5 196.75 199.25 199.25 194.5 190.75 190.75 184 180 164 167.25 179 174 179 182.5 165 158.25 164 171.75 178 187.5 190.5 191.25 178 175.25 170.5 169 171.75 156.75 152.75 127 106.75 106 128 118.5 116.25 121.5 131.75 130.25 133.5 136.5 128 133.75 129.5 130 127.25 141.75 155 161.75 163 151.5 148.25 133 128.75 129.25 118.25 119.25 120.5 120.5 134.25 137 136.25 138 138.75 140.25 133.5 -9999 -9999 -9999 -9999
149.25 159.75 159.75 164.75 188.25 176.5 181.25 190.25 195.25 198.5 201.5 200 196.75 196.75 188.5 177.5 169 183 172.75 175.25 181.25 181.75 162 174.25 181.75 180 175 174.75 176.5 182.5 187 188.5 186 188 190.25 166.5 161 145.75 115.5 99.25 115.5 117 107.5 118.25 149 136 143.25 151.25 162.75 172 142.5 136 136.25 141.25 151.75 151.5 150 142 139.75 127.5 128.25 129.5 119.75 120.25 120.75 119 128.75 138 137.25 140 140 139 -9999 -9999 -9999 -9999 -9999
142.5 144 148.25 157 166 173.75 182.25 186.5 198 200.75 206.25 205.75 203 201 189.75 184.5 188.75 180.75 173.75 181.25 179.75 168.25 164 173.5 161 166 160.5 168.75 174.75 182 187 199 196 191.25 201.5 191 169.5 142.5 125 101.5 106.25 116.25 105 128.25 154.5 147.5 158 178.25 171.5 174.75 167.25 150.75 150 151.25 156.25 144 141.5 138.5 140.25 126.75 120.5 118.5 117 119.5 119.75 119.5 124.25 139.25 138.5 139.5 139.75 135.6667 -9999 -9999 -9999 -9999 -9999
147 146.75 151 157.5 165 168.5 177.25 186.5 200.5 207.5 207 209.25 204.25 199.25 197 194 191.25 181 182 181.75 172.25 166 161.5 166.75 162.75 159.5 166 169 175.25 178.5 186 190 201.25 200.25 197.5 181 154 143.25 123.5 108.25 100.5 103 107.25 141.5 147 160 176.75 203.5 204 182.25 172 159.5 146.75 147.75 147.25 139.75 137.75 142.75 141.25 134.75 121.75 117.25 118.25 119 119 118.75 124.5 130 139.75 140.25 140.75 135.5 -9999 -9999 -9999 -9999 -9999
162.5 152 155.5 158 160.75 167.5 179 185.75 198 205.75 202.5 201.75 200.25 197.5 201 196.5 190 183.25 181.5 171.75 164.25 172.25 163.5 172.5 182.25 171 175.25 174.75 173.25 176.5 193.75 197 196.25 192.25 200.25 181.75 166.25 156.5 149 120.75 103 89.75 104.25 137.25 129.25 134.5 162.75 185.25 181 177.5 158.5 147.75 137.5 142.75 138.5 144.25 135.25 139.75 141.75 137.5 131.75 129.5 119.5 119.25 124.25 119.25 129.75 136 141.75 141.75 139.25 -9999 -9999 -9999 -9999 -9999 -9999
154 155 154.25 154 160.75 170 178.75 182.25 195 199 199 199.5 195.5 199.25 197.25 192.75 187 185 178 169.75 180.75 183.25 173 178.5 176.5 177 180 184.25 190.75 181.25 189.75 192.75 188.25 184.25 194.75 186.25 169.75 174 142.25 131.5 107 97 123.5 127 112.5 117.25 132.75 156.75 158.75 151.25 163.5 152.5 132.25 128.75 138 136.25 135 131.5 135 131.5 132.75 136.25 137 134 129.25 124 134.75 140.5 141 141.25 135 -9999 -9999 -9999 -9999 -9999 -9999
154.5 152.5 152.5 157.25 164.75 171.5 175.25 180.5 190.25 192.25 197.75 192.5 191 193.25 196.75 194 188.25 177.75 171.25 176.25 187.25 186.5 179.25 184.5 184 187 188.5 189.75 193.75 184.5 194.25 192.5 191 189.75 180.75 172.5 163.5 166.25 132.75 114.25 107.5 124.5 151.25 147.5 120 111.75 117.25 123.25 129.25 136.5 135.75 137 132.75 127 130.5 137 132.75 129.75 131.25 134 136 138.25 138 140 140.25 141.5 141.5 141.5 141 139 -9999 -9999 -9999 -9999 -9999 -9999 -9999
151.5 152.5 156.25 160.5 166.25 168.25 171.75 179.75 181 185.5 190.75 185 188.5 190.5 192.5 185.5 179.75 178.75 178.25 181.5 188.25 188 190 194.5 194.75 193.75 200.5 197.25 188.5 192.25 193 191.25 183.5 174 170.25 156.75 153.75 158.75 138 108 113 145.25 198.75 178.25 134.25 123 121.25 123.5 120.75 125.5 128 131.25 127 129.75 136.5 137 132.75 130.25 132 136.25 138.75 139.25 141 141.5 142 142.5 143 141.25 137.5 -9999 -9999 -9999 -9999 -9999 -9999 -9999 -9999
156 158.25 160 161.25 163.5 165.5 167.25 171.75 174.5 181.25 180.5 184.5 191 191.5 190.5 187 188 189 188.25 185.5 187.75 189.5 186.5 185.25 195.25 191 197 192.75 190.25 189.75 185 184.5 171 164 162.75 152.75 151.5 152.75 138.5 119.75 124.25 132.5 149.25 160 162.25 143.25 130.5 133.5 128.75 133.75 129 125.5 124.25 126 126.75 128.5 130.25 132.25 136.5 139 140.5 140.75 142.25 144 143.5 143.25 143.25 138 -9999 -9999 -9999 -9999 -9999 -9999 -9999 -9999 -9999
158.5 161.75 162.5 163.75 162.25 164 169.75 171 171.75 176.5 182.75 191.25 193.75 194.25 193.25 192.5 191.5 190.25 186.75 185.75 188.75 188.5 184.75 187.25 186.75 192.25 189 185 190.5 191.5 188.25 181.25 167.5 162.5 151.25 159 157.5 143.5 131.5 130 119.25 122.75 132 139.5 160 158.25 129.75 123.75 123.5 131 138 133.25 129 127.25 129 132 133.5 135.75 138.25 140 142.75 144 145.5 147.25 148 142 137 -9999 -9999 -9999 -9999 -9999 -9999 -9999 -9999 -9999 -9999
166.75 163.75 160.75 163.5 166.5 171 173.25 175.75 178 179.75 181.25 182.5 187.25 189.5 188.75 189.75 189.25 186.25 184.75 184.75 186.75 187 186.5 183.5 184.5 186.25 184.25 180.75 187 185.25 184.25 177.5 166 163.5 152.75 149.25 149.75 140.5 133.5 135.75 128 116 119.5 126.75 136.75 137.75 138.75 133.75 130.75 128.75 134.25 140 133.5 131.75 134 136.5 138.75 140.75 142.5 145.25 146.5 147.75 149.5 150.5 148 141.5 -9999 -9999 -9999 -9999 -9999 -9999 -9999 -9999 -9999 -9999 -9999
175.5 176.5 172.75 176.25 182 180.25 185.75 187.5 186.5 186 184.5 187 186.25 188 187 187.75 185.75 183.25 184.25 183.5 188.25 187.75 187.5 180.5 180.5 183.75 184.25 173.75 173 178.5 180 175.5 166 157.5 146.75 140.5 136.25 132.75 144.5 134 124 117 115.5 118 123.25 121.75 125.25 128.75 136 139.5 136.25 137.25 134.75 136.25 137.5 140.5 142.25 145.25 147.25 148.25 149.5 150.75 150.5 150 145.5 -9999 -9999 -9999 -9999 -9999 -9999 -9999 -9999 -9999 -9999 -9999 -9999
191.5 189.25 184.75 185.75 189.5 188 189.25 190.5 191.25 191.5 194 188 188 186.25 188.25 184.75 184 183.75 183.25 183.75 185.75 182.75 183.5 180.25 180 186.25 178.25 170.25 167.25 170.5 172 167 163 157.25 153 139.5 133.75 136.75 139.5 130.25 134.5 137 129 120.75 118 120.75 123.5 125.75 132.25 139.5 142.75 140 140.25 141.5 145.75 146.5 146.5 148 150 151.5 151.25 150 147.5 148 -9999 -9999 -9999 -9999 -9999 -9999 -9999 -9999 -9999 -9999 -9999 -9999 -9999
210.5 218 200 197 204.75 209.75 205.5 203.5 195 192.25 189.5 188 190 189 187 183 182.75 182.25 180 183 185.25 178.5 177.75 181.5 175.75 175 174 168.75 166.5 163 158.5 157 153.75 152 148 140.5 128.75 133 136.25 130.25 128.25 136.25 136.75 130.25 128.5 124.75 125.5 130.5 135.25 140.5 142 143.5 146 148.25 151.5 152.5 150.25 148.5 149 -9999 -9999 -9999 -9999 -9999 -9999 -9999 -9999 -9999 -9999 -9999 -9999 -9999 -9999 -9999 -9999 -9999 -9999
203.75 210.5 214.75 213.25 201.25 207 212.5 205.25 196.5 193.5 192 191 189.75 189 186 183.5 182.5 182.75 180 179.5 179 175.75 175 173.75 171.75 171.5 166 165.25 168.25 161.75 153.5 150.5 147 143.5 140.75 135.75 126.75 134 130.75 128 127.5 128 133.25 140.75 141.75 135 131.75 136 140.25 145 144.75 149.25 152 155.5 158.5 156.75 154.5 -9999 -9999 -9999 -9999 -9999 -9999 -9999 -9999 -9999 -9999 -9999 -9999 -9999 -9999 -9999 -9999 -9999 -9999 -9999 -9999
211.25 219.75 213.75 199.25 197.75 207 214.75 217.25 208.5 200.75 200.75 196.25 191.25 188.75 184.5 182 182.75 184 180 175.25 174.75 172.75 169.75 168.5 166.25 164.5 161.75 163.25 159.5 150.75 149 147 144 138.75 138 131.75 124.5 120.25 123 125 123.25 129 134.25 137.25 140.5 135 136 140 144 147.5 150.5 153.75 159.5 163.5 164.75 164 159 -9999 -9999 -9999 -9999 -9999 -9999 -9999 -9999 -9999 -9999 -9999 -9999 -9999 -9999 -9999 -9999 -9999 -9999 -9999 -9999
217.25 213.75 211.5 205.5 213 219.5 211.25 210.5 205.75 207 208.5 215.5 199.25 190.75 186 182 181 180.5 177.75 175.75 174.5 172.5 169.75 169 164 162.5 158.5 155.75 153 149.5 145.5 142 139.5 135.5 132 132 131.5 126 121 120 121 127.25 134.75 139.5 134.75 137.5 138.75 142 148.5 151 154 160 165.25 170.25 173.25 170.5 -9999 -9999 -9999 -9999 -9999 -9999 -9999 -9999 -9999 -9999 -9999 -9999 -9999 -9999 -9999 -9999 -9999 -9999 -9999 -9999 -9999
