layers/wordclim/past/Iberia_miroc_10_ascii/bio_09.asc
ncols         205
nrows         142
xllcorner     -11.010633712694
yllcorner     33.273793250999
cellsize      0.083333333333334
NODATA_value  -9999
[rows 68 to 101 of 142, columns 0 to 76 of 205]
-9999 -9999 -9999 -9999 -9999 -9999 -9999 -9999 -9999 -9999 -9999 -9999 -9999 -9999 -9999 -9999 -9999 168.5 165.25 168.5 169.5 171 174.75 177.25 175.75 181.75 186.75 192.25 196.25 200.5 204.75 202.75 205.75 209.5 210.5 211.75 211.5 212.5 215 216 216.5 216.25 211.5 212.25 216 218.75 219 219.25 222.5 225.25 227.75 227 230 230.5 229.75 228 228.25 229 230.5 229.75 228.25 226.5 223 213.25 214.25 211.75 210.25 211.5 221 225.25 222.25 225 225.75 225.25 223.25 219.75 215.75
-9999 -9999 -9999 -9999 -9999 -9999 -9999 -9999 -9999 -9999 -9999 -9999 -9999 -9999 172 169 171 169 166.25 166 167 172 174.75 178.5 182 187.25 190.5 194 199 202.75 203 202.25 204.5 206.5 209.75 210.5 213 214.5 216 216.5 216.75 216.25 211.5 203 205.5 214.25 220.25 222.25 223.75 224.5 228 225.75 225.75 228.5 230.25 230.25 228.5 228 228.75 228.75 226.25 225.75 230 223 223.25 227 227.75 224.25 223.75 229.75 228 228.75 225.25 227.25 224.5 222 218.25
-9999 -9999 -9999 -9999 -9999 -9999 -9999 -9999 -9999 -9999 -9999 -9999 -9999 170.5 168.75 167 168.25 168.75 168.75 168.75 169.25 172.5 178 180 185 190 193.75 197.5 201 202 202 203.75 205 206.75 209 212.25 213.5 214.25 218.25 218.75 218.75 218.75 218 212.75 211.25 219.25 224.75 225 223.75 227.75 229.25 228.25 229.75 228.25 225 228.75 229.5 227 223.5 225.25 229.25 232.5 233 232.25 233.25 231.75 232.75 229.5 230 230.5 230.75 230.5 224 222.75 225.75 221 221
-9999 -9999 -9999 -9999 -9999 -9999 -9999 -9999 -9999 -9999 -9999 -9999 170 169.75 170 169.25 168.75 170 171 170.5 172.25 175.75 176.75 178.75 187.5 191.5 195.75 199.75 201.5 202 203.75 205.25 206.25 208.25 211 212.75 213.25 215.75 217.75 218.5 216.75 216.75 218.25 219 220.25 220.75 225 227.75 226.25 229.25 227.75 227.5 227.5 227.75 229.75 229.25 227.25 229 229.75 233.25 235.25 235.5 236.5 236 235.75 235.25 236 234.75 230 232 229.5 228 226 220 217.75 221.75 223
-9999 -9999 -9999 -9999 -9999 -9999 -9999 -9999 -9999 -9999 171 -9999 171.5 170.25 170.5 170.75 170.75 171.75 173 172.5 175.25 176.75 179.75 184.75 192.75 195 199.5 201.5 202.75 203.5 204.25 205.5 207.5 209.25 212 212.5 214.5 216.5 217.5 218 219.5 219.5 220 220.75 223.5 225 227 229.25 230 230.5 230.25 231 230.5 230.75 231.75 232.75 232.5 232.25 232 236.5 237.5 237.75 237.75 237 237.25 234.75 233.25 235.75 235 231 229.5 227.75 227 224.75 218.75 220.75 223.25
-9999 -9999 -9999 -9999 -9999 -9999 -9999 -9999 -9999 -9999 -9999 171.5 173 171.25 171 172 173.75 175 176.25 172.25 175.75 177 178 187.5 195.5 199 201.75 203 202.5 204.5 207 209 210.25 212 212.25 213.25 215 214.25 215.75 216.75 218.25 219.5 220.5 220.5 222.25 225.75 227.75 228.75 231.25 230.75 231 231.75 232 232.5 233.5 234.75 233.25 232.5 236.5 238 238.5 238.75 238.25 237.75 237 235.75 235.25 234.75 231.5 232.5 232.5 230 228.75 224.75 223.25 221.5 223
-9999 -9999 -9999 -9999 -9999 -9999 -9999 -9999 -9999 -9999 -9999 173 173 171.5 172.25 174 176 178 176.25 173 173 177 183.75 192 199.5 201.25 203 203.5 205 207 208 208.5 209.75 210.5 211.75 213.5 214.5 214 214.5 213.75 213.75 216.25 217.75 219 217.75 220.75 228 230.75 231.5 230.5 230.75 232 232.25 233.5 234.5 234.75 235.25 235.5 237.5 238 238.25 237 235.5 235.5 235 237 236.25 234.25 234.25 234.5 230.75 221.5 227 225.5 225.5 224.5 223.25
-9999 -9999 -9999 -9999 -9999 -9999 -9999 -9999 -9999 -9999 -9999 -9999 -9999 172.6667 172.75 174 176.75 178.75 173.5 172.5 175 183.25 195 199.75 202.25 203 203.75 204.75 205.25 206 207 206.75 208.75 210.75 209.75 210.5 212 212.25 213.25 214.25 213.5 210.75 214.25 219.5 220 223.5 229 230.75 230 228.5 229 230.75 231.25 231.75 232 232.25 235.25 234.5 235.25 234.25 234.75 232.75 232.25 233.75 233 236 233.5 232.25 230.5 231.25 233.5 235 232 229 226.75 226.75 220.25
-9999 -9999 -9999 -9999 -9999 -9999 -9999 -9999 -9999 -9999 -9999 -9999 -9999 -9999 174.3333 176.25 177.5 179.75 171 174.75 180.75 190 198.25 202.25 203.5 204.25 204.75 205 205.5 206.5 207.75 207.75 207.25 207 206.25 208.5 210.5 210.5 212.25 211.5 213.25 212 214 218.5 225 227.5 227.75 228.5 227.5 227.25 228 228 229 230.75 230.5 231 233 233.25 231.5 230.5 229 232.5 228.75 232.25 233 233 233 230 228.75 228.5 230.75 234.5 231.5 232 231.5 229.5 227.75
-9999 -9999 -9999 -9999 -9999 -9999 -9999 -9999 -9999 -9999 -9999 -9999 -9999 -9999 -9999 -9999 181 182 181.75 185.75 189.75 193.75 199.75 202.75 203.75 204.5 205.5 206 206 206.25 206.75 207 206.5 206 205.25 207 209.5 210.75 212.75 215.75 214.25 216.25 219.25 220.75 225 226.25 225.5 225.25 224.25 225.5 226.5 226.75 228.25 229.25 229.25 229.25 230.25 232.75 231.5 229.5 227.5 227.75 231.5 230 231 228.75 227.5 226.25 229.25 232 234.5 232.75 230.5 233.75 231.5 229.25 228
-9999 -9999 -9999 -9999 -9999 -9999 -9999 -9999 -9999 -9999 -9999 -9999 -9999 -9999 -9999 -9999 -9999 186 187.5 190.25 193.5 195.25 198 201.25 201.75 203.75 206 207 207 207.75 208.25 205.75 204.25 203.75 205.5 207.25 209.75 210.5 213.75 213.75 215.5 216.5 218.25 222.75 225 225 224.25 221.5 222.25 221 221.75 223.25 223.25 227 227.75 226.75 227.5 230.25 230.5 226 226 226 229.75 225.5 225.5 225.75 226 232 232.75 232.25 231.75 232.75 230.25 232.5 232 227 224
-9999 -9999 -9999 -9999 -9999 -9999 -9999 -9999 -9999 -9999 -9999 -9999 -9999 -9999 -9999 -9999 -9999 187 189.75 192.5 196 196.6667 196.25 196.5 198.75 204.75 206.5 207.5 207.25 208.25 208.75 208 207.5 208 208 209.5 212.5 214 215.75 214.75 216 216.5 218.5 222.25 224.25 223.5 223.75 222.5 220.25 219 213.5 214 215.75 223 225.25 222.75 224.75 227.25 230 228.75 225.5 226.25 227.75 224.75 223.5 226.25 229 229.25 230.5 229 229 231 229.75 229.5 229.75 230 230.5
-9999 -9999 -9999 -9999 -9999 -9999 -9999 -9999 -9999 -9999 -9999 -9999 -9999 -9999 -9999 -9999 -9999 -9999 -9999 -9999 -9999 193.6667 195.75 199.5 205 206.25 206.25 207.75 208.75 209.25 210.25 210.25 210 208 209.25 211 211.25 212.75 214 215.5 216.5 218.25 221 223.25 223.25 223.25 223 222.25 220.5 215.75 214.25 218.5 216.25 219.5 222 220.5 221.25 223.5 227 227 226 226.25 225.75 226.5 226.5 227 226.25 226.25 227.75 226.75 227 228.75 227.5 226.75 226 226.75 227.25
-9999 -9999 -9999 -9999 -9999 -9999 -9999 -9999 -9999 -9999 -9999 -9999 -9999 -9999 -9999 -9999 -9999 -9999 -9999 -9999 -9999 -9999 202 206 207.5 207.75 206.75 205.75 206.5 208.25 209.5 209.75 212 209.5 210.25 211 211.75 212.75 213.25 211.25 215.5 219 221 223.25 223.75 224.25 223.25 222.75 221.25 218.5 218.75 225 225.25 224.25 222 221.25 221.25 220.5 222 223.75 224 225.5 225.5 225.25 226 225.75 225.25 228 227.25 225.25 224.5 224 226.75 224.75 223.75 224.5 224
-9999 -9999 -9999 -9999 -9999 -9999 -9999 -9999 -9999 -9999 -9999 -9999 -9999 -9999 -9999 -9999 -9999 -9999 -9999 -9999 -9999 -9999 -9999 -9999 209 209 205.25 204.25 205.5 207 208.5 210.75 212.25 212.25 212.25 211.5 212.75 212.5 210.75 211.75 214 218.75 221.5 222.5 222.75 222.75 222.25 222.75 223.25 222.5 222.5 220 219.25 222.75 222.25 221.25 219 220.75 219.75 219.5 222.25 223.25 224.75 225.75 229.25 226 225.25 226.75 226.25 230.5 227.5 222.25 222.75 228.25 227.25 225.75 224.25
-9999 -9999 -9999 -9999 -9999 -9999 -9999 -9999 -9999 -9999 -9999 -9999 -9999 -9999 -9999 -9999 -9999 -9999 -9999 -9999 -9999 -9999 -9999 206 205.5 205.25 204.25 202 200 205.75 208 210.5 211.75 213 212.75 213 214 213.75 216 217 219.75 219.75 221 221.75 222.75 223.25 223.5 224.25 223.75 218.75 216.25 212 214.75 216 218.75 218.75 218 221.5 224.25 224.5 221 221.5 226.25 228.25 230.5 231.25 229.5 224.25 225 222.75 224 228.75 228.5 228.5 230.75 231 228.25
-9999 -9999 -9999 -9999 -9999 -9999 -9999 -9999 -9999 -9999 -9999 -9999 -9999 -9999 -9999 -9999 -9999 -9999 -9999 -9999 -9999 -9999 -9999 -9999 205.5 205 202.75 199.75 198 202.25 206.25 210.25 211.5 211.75 212.25 212 212.25 213.75 215.5 217.5 220 219 218.5 219.25 221.5 221.5 220.75 219 217.5 220.5 220 216 214.25 210.25 211.25 209.75 210.25 215.25 224 227.25 227.5 225.25 219.75 221 227.25 233.25 233.25 235 230.5 230.5 225.5 222.25 229 231 233 238.5 236.25
-9999 -9999 -9999 -9999 -9999 -9999 -9999 -9999 -9999 -9999 -9999 -9999 -9999 -9999 -9999 -9999 -9999 -9999 -9999 -9999 -9999 -9999 -9999 -9999 206.75 201.25 201.25 198 200.75 203 207 209.5 210.5 210.75 210.25 211 211.5 211.5 215 217 219.25 217.75 217.5 217 217.5 219.25 218 216.75 214.75 211.75 216.75 216.5 212.75 217.25 218.5 214.75 217 221 218.75 224 231.25 225.75 224 222.5 222.5 223.5 229.25 235 238 234 229 231 232.75 232 231.5 240 242.25
-9999 -9999 -9999 -9999 -9999 -9999 -9999 -9999 -9999 -9999 -9999 -9999 -9999 -9999 -9999 -9999 -9999 -9999 -9999 -9999 -9999 -9999 -9999 205 204.25 200.75 201 198 200.5 204.75 206.75 208.75 210 210.25 210.25 211.5 212 212.75 214.25 217 217.25 216.25 216 216.75 219.5 220.5 217.75 217 215.25 211.5 210.75 208.25 210 215.5 223.75 224 220 223.75 224.75 223.75 230.75 227.25 225 226.5 220.25 223.25 231.25 233 234.25 238 234.5 236.5 236.75 236.75 241.5 245.5 245.75
-9999 -9999 -9999 -9999 -9999 -9999 -9999 -9999 -9999 -9999 -9999 -9999 -9999 -9999 -9999 -9999 -9999 -9999 -9999 -9999 -9999 -9999 -9999 -9999 204 202.25 201.25 197 200.25 203.75 206.75 207 207 205.5 207.5 209.25 212 214 215 216 217.5 216 215 217 218.75 216.5 212.5 213.25 214.25 214.5 216.75 217.25 218.75 218.5 216.5 225 230 225 227.25 229.5 238.25 232.25 232.25 233.5 230 231.25 233.5 238.75 239 242 242.75 244.5 245.25 245.75 245 243.25 241.5
-9999 -9999 -9999 -9999 -9999 -9999 -9999 -9999 -9999 -9999 -9999 -9999 -9999 -9999 -9999 -9999 -9999 -9999 -9999 -9999 -9999 -9999 -9999 -9999 203.25 202 198.75 196.75 199.25 201 203.25 204.75 206.25 205.75 205.75 208.25 210.5 211.5 213 213.25 215.5 214.5 217 217.25 218.25 217.5 218.25 219.75 220.5 221 224.75 222.5 222 218.25 221.25 223.25 228.75 229.75 230.25 229.25 233.75 242.25 237.25 237 234.75 236.75 241.25 240.5 243.5 245 244 243.5 242.75 240.25 239.75 241 241.75
-9999 -9999 -9999 -9999 -9999 -9999 -9999 -9999 -9999 -9999 -9999 -9999 -9999 -9999 -9999 -9999 -9999 -9999 -9999 -9999 -9999 -9999 -9999 -9999 203.25 201.75 198.75 199.25 200 199.5 198.75 201.5 204 204 204.5 207 207.75 210.25 212.75 214 214.75 214.75 217.25 217.75 218.75 217.75 217.75 221.25 222.5 221.5 224.5 221.25 220.25 224.75 223 225 228 233.25 234.75 235.75 234 240.25 244.75 243.25 240.25 243.75 244.5 243.75 243 242.5 241 239.5 239.5 237.5 237.25 238 240.25
-9999 -9999 -9999 -9999 -9999 -9999 -9999 -9999 -9999 -9999 -9999 -9999 -9999 -9999 -9999 -9999 -9999 -9999 -9999 -9999 -9999 -9999 -9999 -9999 201.5 201 196.5 198.75 201.5 199.75 200.25 198.75 202.5 202.25 202.25 204 206 208.75 210.75 212 214.75 216 216 215.75 216 215.5 217 220 222.25 223 221.75 221.5 222.5 226 222.25 227.25 232.75 235.5 237.75 242.5 244.5 246.25 245.5 244.25 244 242.25 241 239.5 240 239 239.5 238.5 237.5 238.5 238.75 235.75 234.75
-9999 -9999 -9999 -9999 -9999 -9999 -9999 -9999 -9999 -9999 -9999 -9999 -9999 -9999 -9999 -9999 -9999 -9999 -9999 -9999 -9999 -9999 -9999 201 199.75 201 199 195 198.25 201.5 201.5 201.25 200 199.5 199.5 201.25 203 204.5 206.75 209.25 211.25 214 216.25 214.75 212.75 215 218.5 220.25 222.25 221 221.25 222.75 224.5 227 227.5 232 236.5 240.5 242.75 245.5 246.5 245.25 243 240.75 240.25 240 237.75 236.75 237.25 235.75 235.75 238.25 238 237.25 235.25 233.25 232
-9999 -9999 -9999 -9999 -9999 -9999 -9999 -9999 -9999 -9999 -9999 -9999 -9999 -9999 -9999 -9999 -9999 -9999 -9999 -9999 -9999 -9999 -9999 199 199 199.75 194.5 193.5 192 195.25 200.25 199.25 198.75 196.5 194.25 197.25 200.25 202.75 204.25 206.5 208.5 211 214.75 213.75 215 215.5 216.25 219.25 221.75 222 223.5 225.5 228.25 229.5 229.5 233.5 237.25 238.25 238.75 243.75 245.75 244 240.5 238 239.75 238.75 237.75 236.25 235.5 234 234.25 235.25 234 234.5 233.5 231 230
-9999 -9999 -9999 -9999 -9999 -9999 -9999 -9999 -9999 -9999 -9999 -9999 -9999 -9999 -9999 -9999 -9999 -9999 -9999 -9999 -9999 -9999 -9999 196.5 196.25 194.75 193.25 187.5 183 184.25 197.25 199.75 200 198.5 195 193.75 193.5 196.5 199.75 204.75 208 210.75 214.75 213.75 215 216.75 217.75 219.5 221 222 224.25 224.5 224.75 226 227.75 231 234.5 235.75 238.5 242.25 243.5 241 239 239 237.25 235.75 234.75 234.25 233.5 232.5 232.75 230.75 230 227.25 229.25 229.25 227.75
-9999 -9999 -9999 -9999 -9999 -9999 -9999 -9999 -9999 -9999 -9999 -9999 -9999 -9999 -9999 -9999 -9999 -9999 -9999 -9999 -9999 -9999 -9999 192 192.75 189.75 188.75 191.5 194 199.75 200.5 201.25 202.5 200.25 197.5 198 193 192.5 198.25 200 204.25 210.5 214 215 215.5 217 218.25 218.5 220.25 220.75 221.25 221.75 223.75 226.25 228.5 230.75 233.5 235.5 237.75 240.25 239.25 237.75 236.25 235.5 233.75 232.75 231 230.25 230 229 228 226.25 223.75 216.25 222 223.25 224.5
-9999 -9999 -9999 -9999 -9999 -9999 -9999 -9999 -9999 -9999 -9999 -9999 -9999 -9999 -9999 -9999 -9999 -9999 -9999 -9999 -9999 -9999 -9999 188 187 185.25 189 197 202 203.5 203.5 204.25 204.5 203 201.25 200.25 198.25 198.75 202.5 206.5 210.25 212.25 214 215 215.5 217.25 217.75 218 219 219.5 220.25 221.25 223.75 226 228 229.75 231.5 233.5 234.5 235.25 235.5 235.25 233.75 231.5 230.75 229.5 227 223.75 224.5 222.5 219 218.75 220 216.25 219 219 217.75
-9999 -9999 -9999 -9999 -9999 -9999 -9999 -9999 -9999 -9999 -9999 -9999 -9999 -9999 -9999 -9999 -9999 -9999 -9999 -9999 -9999 -9999 -9999 185.5 178.75 182 190.25 198 202.75 203 203 203.75 203.75 205.25 205.5 204.25 203.5 204 205.75 209 211 211.5 213 214.75 216.25 216.75 217.5 217.75 218.75 219.75 219.75 219.5 221.25 223.75 225.5 227 228.75 229.75 230.75 231.25 232 231.75 230 228.25 226.5 225 222 218.75 216.25 215 213.5 213.75 213.25 214.25 216.75 217 217.75
-9999 -9999 -9999 -9999 -9999 -9999 -9999 -9999 -9999 -9999 -9999 -9999 -9999 -9999 -9999 -9999 -9999 -9999 -9999 -9999 -9999 -9999 -9999 187 179 183.5 190.5 196.75 200.75 202 203.25 204 204.25 204.5 205.5 205 205.25 206.25 207.5 210.5 211.75 211.25 212.75 215 216.5 217 217 217.75 218 218.75 218.75 220 221 221.5 223 224.5 225.75 226.75 227.25 227.5 228 227.5 224.75 225.25 223.5 218.25 217.75 215.5 213.75 207.5 210.25 208 211.25 213.5 214.75 214 208.25
-9999 -9999 -9999 -9999 -9999 -9999 -9999 -9999 -9999 -9999 -9999 -9999 -9999 -9999 -9999 -9999 -9999 -9999 -9999 -9999 -9999 -9999 -9999 187.5 183.75 186.75 191 195.75 198.5 201.25 203.25 202.75 202.25 202.5 204.25 205 205.5 207.5 211 213 -9999 -9999 219 219.5 219 218.5 217.75 217.25 217 217.5 218.5 218.75 219.5 220.25 220.5 221.5 222.75 223.25 223.5 223.25 223.5 221.5 219 219.5 219.25 216 212 208.5 210 205 200.5 200.5 208 210.75 212 212 208.25
-9999 -9999 -9999 -9999 -9999 -9999 -9999 -9999 -9999 -9999 -9999 -9999 -9999 -9999 -9999 -9999 -9999 -9999 -9999 -9999 -9999 -9999 -9999 -9999 187 191 196 198 202 203 205 203 204.5 204.25 206.75 208 212 -9999 -9999 -9999 -9999 -9999 -9999 -9999 -9999 -9999 220 218.6667 217.75 217 217.25 218 218.5 218.5 218.75 219 219.75 219.25 219.25 218.75 215.75 216.75 216.75 217.25 216 210.25 204.75 205.25 201.75 198.75 198.5 194.5 198.25 202.75 209.25 217.5 212
-9999 -9999 -9999 -9999 -9999 -9999 -9999 -9999 -9999 -9999 -9999 -9999 -9999 -9999 -9999 -9999 -9999 -9999 -9999 -9999 -9999 -9999 -9999 -9999 -9999 -9999 -9999 -9999 -9999 -9999 -9999 -9999 -9999 -9999 -9999 -9999 -9999 -9999 -9999 -9999 -9999 -9999 -9999 -9999 -9999 -9999 -9999 -9999 219 217.25 217 217 217.25 216.75 216.75 216.25 217 216.25 215.75 215.75 215.25 215.75 215.25 211.75 211.25 208.75 197.75 187 194 199.75 196 184 193.5 200.25 214.5 217.75 217
-9999 -9999 -9999 -9999 -9999 -9999 -9999 -9999 -9999 -9999 -9999 -9999 -9999 -9999 -9999 -9999 -9999 -9999 -9999 -9999 -9999 -9999 -9999 -9999 -9999 -9999 -9999 -9999 -9999 -9999 -9999 -9999 -9999 -9999 -9999 -9999 -9999 -9999 -9999 -9999 -9999 -9999 -9999 -9999 -9999 -9999 -9999 -9999 -9999 219 216.75 215.5 215.5 215.5 215.5 214.25 214.5 214.25 215 213.75 213.25 213.5 212 210.5 207.75 205.75 200.5 188 191.75 188.25 187.25 177.75 191 206 211.25 213.75 212.25
