layers/wordclim/past/Iberia_miroc_10_ascii/bio_16.asc
ncols         205
nrows         142
xllcorner     -11.010633712694
yllcorner     33.273793250999
cellsize      0.083333333333334
NODATA_value  -9999
[rows 102 to 135 of 142, columns 77 to 153 of 205]
436 409 377.25 340.5 319 -9999 -9999 -9999 -9999 -9999 -9999 -9999 -9999 -9999 -9999 -9999 -9999 -9999 -9999 -9999 161 159 156 153 -9999 -9999 -9999 -9999 -9999 148.3333 -9999 -9999 -9999 -9999 -9999 -9999 -9999 -9999 -9999 -9999 -9999 -9999 -9999 -9999 -9999 -9999 -9999 -9999 -9999 -9999 -9999 -9999 -9999 -9999 -9999 -9999 -9999 -9999 -9999 -9999 -9999 -9999 -9999 -9999 -9999 -9999 -9999 -9999 -9999 -9999 -9999 408.5 361 409.5 424.5 440.5 466
416.5 383.5 350.5 -9999 -9999 -9999 -9999 -9999 -9999 -9999 -9999 -9999 -9999 -9999 -9999 -9999 -9999 -9999 -9999 -9999 -9999 161 -9999 -9999 -9999 -9999 -9999 -9999 -9999 -9999 -9999 -9999 -9999 -9999 -9999 -9999 -9999 -9999 -9999 -9999 -9999 -9999 -9999 -9999 -9999 -9999 -9999 -9999 -9999 -9999 -9999 -9999 -9999 -9999 -9999 -9999 -9999 -9999 -9999 -9999 -9999 -9999 -9999 -9999 -9999 -9999 346 363 363 382.25 389.75 415.25 420.5 433.25 441.25 466.25 497.5
392 366 -9999 -9999 -9999 -9999 -9999 -9999 -9999 -9999 -9999 -9999 -9999 -9999 -9999 -9999 -9999 -9999 -9999 -9999 -9999 -9999 -9999 -9999 -9999 -9999 -9999 -9999 -9999 -9999 -9999 -9999 -9999 -9999 -9999 -9999 -9999 -9999 -9999 -9999 -9999 -9999 -9999 -9999 -9999 -9999 -9999 -9999 -9999 -9999 -9999 -9999 -9999 -9999 -9999 -9999 -9999 -9999 -9999 -9999 -9999 -9999 -9999 -9999 -9999 332.5 368.75 387 383.75 372.75 374 412.75 447.75 429 427.25 459.25 498.5
-9999 -9999 -9999 -9999 -9999 -9999 -9999 -9999 -9999 -9999 -9999 -9999 -9999 -9999 -9999 -9999 -9999 -9999 -9999 -9999 -9999 -9999 -9999 -9999 -9999 -9999 -9999 -9999 -9999 -9999 -9999 -9999 -9999 -9999 -9999 -9999 -9999 -9999 -9999 -9999 -9999 -9999 -9999 -9999 -9999 -9999 -9999 -9999 -9999 -9999 -9999 -9999 -9999 -9999 -9999 -9999 -9999 -9999 -9999 -9999 -9999 -9999 343 335.5 360.75 369 396 382.75 383.75 374 374.25 398 420 413.75 442.5 432 453.75
-9999 -9999 -9999 -9999 -9999 -9999 -9999 -9999 -9999 -9999 -9999 -9999 -9999 -9999 -9999 -9999 -9999 -9999 -9999 -9999 -9999 -9999 -9999 -9999 -9999 -9999 -9999 -9999 -9999 -9999 -9999 -9999 -9999 -9999 -9999 -9999 -9999 -9999 -9999 -9999 -9999 -9999 -9999 -9999 -9999 -9999 -9999 -9999 -9999 -9999 -9999 -9999 -9999 -9999 -9999 -9999 -9999 -9999 -9999 319 333 350.25 356.5 366 388 386 381.5 350.75 355 338 344.75 349.25 360.5 374 368 378.25 391.75
-9999 -9999 -9999 -9999 -9999 -9999 -9999 -9999 -9999 -9999 -9999 -9999 -9999 -9999 -9999 -9999 -9999 -9999 -9999 -9999 -9999 -9999 -9999 -9999 -9999 -9999 -9999 -9999 -9999 -9999 -9999 -9999 -9999 -9999 -9999 -9999 -9999 -9999 -9999 -9999 -9999 -9999 -9999 -9999 -9999 -9999 -9999 -9999 -9999 -9999 -9999 -9999 -9999 -9999 -9999 -9999 -9999 298.3333 318.5 346.75 358.75 361.75 371.25 371.75 370.75 370 383.25 360 317 300.5 296.25 311.5 336.25 340 363.75 372 386
-9999 -9999 -9999 -9999 -9999 -9999 -9999 -9999 -9999 -9999 -9999 -9999 -9999 -9999 -9999 -9999 -9999 -9999 -9999 -9999 -9999 -9999 -9999 -9999 -9999 -9999 -9999 -9999 -9999 -9999 -9999 -9999 -9999 -9999 -9999 -9999 -9999 -9999 -9999 -9999 -9999 -9999 -9999 -9999 -9999 -9999 -9999 -9999 -9999 -9999 -9999 -9999 -9999 -9999 -9999 272.5 289.75 332.25 345.5 353 360.25 366 370.5 359.25 376.75 359.75 340.75 316.5 304.75 307.75 321.75 336 354.5 350.25 367.5 402.5 395
-9999 -9999 -9999 -9999 -9999 -9999 -9999 -9999 -9999 -9999 -9999 -9999 -9999 -9999 -9999 -9999 -9999 -9999 -9999 189.5 188 182 -9999 -9999 -9999 -9999 -9999 -9999 -9999 -9999 -9999 -9999 -9999 -9999 -9999 -9999 -9999 -9999 -9999 -9999 -9999 -9999 -9999 -9999 -9999 -9999 -9999 -9999 -9999 -9999 -9999 -9999 271.5 269 276 285.75 314.5 325.5 329.5 328 331.25 329 326 320.5 318 315 317 344.5 349.25 342.5 322.25 346.25 376.25 384.5 378 416.25 406.75
-9999 -9999 -9999 -9999 -9999 -9999 -9999 -9999 -9999 -9999 -9999 -9999 -9999 -9999 -9999 -9999 -9999 -9999 191 190.6667 182 -9999 -9999 -9999 -9999 -9999 -9999 -9999 -9999 -9999 -9999 -9999 -9999 -9999 -9999 -9999 -9999 -9999 -9999 -9999 -9999 -9999 -9999 -9999 -9999 -9999 -9999 -9999 -9999 281 300.5 278 282.25 282.5 284.5 293 312 324.25 336.5 344.25 339.5 307 307 309 314 327.75 342.25 333.5 353.5 351.5 365.5 374.75 383.5 397.75 411.5 389.75 418.75
-9999 -9999 -9999 -9999 -9999 -9999 -9999 -9999 -9999 -9999 -9999 -9999 -9999 -9999 -9999 -9999 -9999 -9999 189 -9999 -9999 -9999 -9999 -9999 -9999 -9999 -9999 -9999 -9999 -9999 -9999 -9999 -9999 -9999 -9999 -9999 -9999 -9999 -9999 -9999 -9999 -9999 -9999 -9999 -9999 -9999 -9999 263 273.3333 326 310 290 286 286 292.5 306.5 310 311 335.5 350.75 323.5 295.5 296.75 307 332 335.5 335.5 348.25 334.25 351.5 375.25 366.25 376 392 398.75 387.25 373.5
-9999 -9999 -9999 -9999 -9999 -9999 -9999 -9999 -9999 -9999 -9999 -9999 -9999 -9999 -9999 -9999 -9999 -9999 -9999 -9999 -9999 -9999 -9999 -9999 -9999 -9999 -9999 -9999 -9999 -9999 -9999 -9999 -9999 -9999 -9999 -9999 -9999 238 -9999 -9999 -9999 268.5 271 293 294.25 300.5 288.25 283.75 309 313.75 307.25 307.75 310.5 296 300.25 295 295.75 303 319.75 310 291.5 285 293 315.25 338.75 358.25 344.5 360.5 335.5 377.25 397.25 409.75 389.25 357.75 362 380.75 353.75
-9999 -9999 -9999 -9999 -9999 -9999 -9999 -9999 -9999 -9999 -9999 -9999 -9999 -9999 -9999 -9999 -9999 -9999 -9999 -9999 -9999 -9999 -9999 195 -9999 -9999 -9999 -9999 -9999 -9999 -9999 -9999 -9999 -9999 -9999 -9999 -9999 -9999 -9999 -9999 262 280.25 307 334.25 340 347 338 307.25 309 324.75 320 324.5 306.5 300.5 301.5 299.75 303.5 317.25 335.5 339 313 293.5 306.25 347.5 373.25 369.5 366.25 378.75 353.25 358.5 373.25 377.5 384 365.75 355.75 352 347
-9999 -9999 -9999 -9999 -9999 -9999 -9999 -9999 -9999 -9999 -9999 -9999 -9999 -9999 -9999 -9999 -9999 -9999 -9999 -9999 -9999 -9999 -9999 -9999 -9999 203 207 -9999 -9999 -9999 -9999 -9999 -9999 -9999 -9999 -9999 -9999 -9999 -9999 260 284.75 318.75 338.5 347.5 349.75 345.25 330 316 324 331 346.75 334 313 309.5 311.75 315.75 342.75 362.5 392.75 388 350 318 316.75 340.5 364 377.25 385 397 378 338 353.5 369 347.75 350.5 329.25 327.75 318
-9999 -9999 -9999 -9999 -9999 -9999 -9999 -9999 -9999 206 -9999 -9999 -9999 -9999 -9999 -9999 -9999 -9999 -9999 204 206 204 201 -9999 -9999 208.5 -9999 -9999 -9999 -9999 -9999 -9999 -9999 -9999 -9999 -9999 -9999 257 260.75 275 315.5 337.75 345.25 347.5 352.5 353 347.5 339.5 346.25 356 359.75 366 347.25 357.25 379 357.5 396.75 415 406 396.5 367.75 344.75 319 330.5 349 371.75 389 395.5 374.25 371.25 363 363.5 351 332.5 321.75 312.5 302.75
-9999 -9999 233 234.5 227 218 -9999 -9999 -9999 -9999 -9999 208 -9999 -9999 -9999 -9999 -9999 209 224.3333 227.75 219.5 213 208.5 -9999 -9999 -9999 -9999 -9999 -9999 -9999 -9999 -9999 -9999 -9999 -9999 -9999 259 267.75 277.25 296.75 319.25 337.5 351.5 362.25 366 368.5 372.75 372 367.25 371.25 377.25 380 383.25 396.25 371.75 408.25 426 412 398.5 382.75 364.25 351.5 342.75 331.25 327.75 336.5 351 375 389 387.75 411.5 400.25 364 329.5 304.75 294.5 285
-9999 -9999 -9999 234.5 232 221 -9999 -9999 206 205 213.5 221 213.5 210 210.5 213.5 222.5 234 255.25 259 241 225 218.5 214 217 218 -9999 -9999 -9999 -9999 -9999 -9999 -9999 -9999 257.5 263.5 274.5 287 311.75 336.5 350 369.25 376.25 381.25 385.25 380.5 372.5 355 367.75 371.75 376.5 376.5 385 391.25 374.75 405.5 403 395 385.5 375.75 369 366.5 357.5 355.25 354.25 361.75 368.75 359.75 365.5 381.75 400.5 380 346.5 315.5 292 277.5 268.5
261 247.5 236.5 228 229 240 243.3333 246.5 229.75 239.75 272 252.75 235 230 224 231.75 238.5 253.25 258.75 267 254.75 240 232 227 228 232 237.25 235.75 234 236.5 241.5 249.5 257.75 263 272.25 288.5 314.5 310.5 339.25 360.25 374.25 382 386.25 388.5 375.75 357.25 365.5 365.75 363.5 363.25 357 360.25 374 379.25 380.25 386 384 378 360 346.25 350 350 338 348 355.25 346 366 368.25 364.75 367.5 360.25 347.5 324.75 305 285 269 261.5
338.5 294.25 265.25 280.25 301 297.75 282 278.25 241.25 253.75 302.25 293.5 278 273.5 256.25 243.5 241.75 246.75 249.25 256.75 251.5 247 240.75 235.75 239.25 247.25 250.5 248.75 247.5 248 253 263.5 275.75 288 301.25 313.25 326 326.5 356.75 372.5 374 375 379.5 369.25 352.75 361.5 357.75 351.5 348.5 346.25 340.5 358 366.75 362 363.5 364 359.5 351.25 333 327.25 328.25 331.25 328 328.5 335.75 332.25 340 345 344 339.75 331.5 315.75 299 286.5 274.5 276.5 277
480 378 347.5 320.75 320 321.75 313.25 290.25 285.75 289.75 316 298.75 299.5 277.5 249 229 227.5 231.75 234.25 246 242.5 241 240.75 243.25 245.5 251.25 251.25 254 255.75 260.5 262.25 270.75 284.5 292.75 299.75 315 332.5 339 362.75 376.25 384 384.5 386 367.25 350 352.5 343.25 326 315.75 316.25 334 344.25 343.5 346.75 342.5 340 325.25 323.75 317.75 315.5 312.25 312 312 312.75 316 313.75 314.25 319.5 315.5 310 302.5 291.5 281.5 273 275.25 272 274.5
544.5 499.5 457 415 356.5 345.75 341.75 350 335 320.25 358.25 341.75 281 251.25 229.25 214.5 213 216 220 227.25 229 230 234 237 238.5 243.75 248 252.75 254 255.25 254.75 258.25 263.75 281.25 304 309.75 332.25 350.25 362.75 370.75 369 361 371.75 347.75 340.25 332.25 314 292 297.5 283.75 305 306 305.5 321.25 309.25 301.25 296 290.5 287.75 287 288 290.5 292.5 294.5 297.5 299 297.75 296.25 293 285.5 277 267 261.25 258.75 258 252.5 251
748 753.75 607 414.25 359 435.5 529.5 413.75 340.5 336.25 345 304.25 281.75 258.5 243 230.5 223.75 213.5 215 218.5 214.25 216.25 219 224 227.75 235 241.25 243.5 242.75 244.5 244.5 247 259.25 270.5 273 296.5 315.25 333.75 343.5 348.5 348.5 342 343.5 322.5 305 281.5 275 246.5 273.75 250.5 250.75 279 288 290.75 267.5 251.75 262 263 259.75 263 266.75 270 274 277.5 276.75 277.25 277 273.5 270.5 263.75 254.5 245.5 234.5 227.5 226 223 224.5
815 747.75 625.75 614 505.75 466.5 488.25 374.75 396.25 364.25 338 321 285 256.5 242.5 226 217.75 229 232 210.5 209.25 206.5 205.5 212.5 219 231.5 233.5 246.75 294.5 262 239.5 237.75 237.75 238.25 257 278.5 303.5 346.75 409.5 421 374.25 342 312.5 293.5 269.5 256 249.75 240.25 237 225.25 223.5 243.5 237.5 244.5 245.5 239.25 239.5 239.5 242 247 249.5 252.5 256.25 258.25 258.5 258 257 254.5 251.5 243.5 235 225 213.5 205 204 204.5 204
569.75 567.75 512.25 465 471.5 394.75 419 416 427.5 405 369.5 323.5 289 262.5 252.5 235 214 220 207 197.5 199.5 196.5 204.75 214.25 233 242.75 236.75 247.75 243.5 231.5 236.75 232 232.5 237.75 255 275.5 329 417.5 454.5 446.25 400.5 355.75 322.75 289.5 259.25 243.25 227.75 211.25 202 196 201.5 219 210 213.5 221.75 220 223.25 225.25 228.5 231 235.75 238.25 240.5 241 242 241.5 241.5 238.5 233.5 225.5 218 208.5 199.5 194.5 193 193.5 192.5
514.5 521.5 506.25 446.75 421.5 405.5 435.25 437.5 386.5 374 351 331 307 286 247 230.25 240.25 203.5 191.5 184 188.5 188.25 199 214 215 214.25 216 216.25 218.75 226.5 229.5 232.5 241 254.25 283.5 338 338.25 358.5 377.75 353.5 364.5 348.5 313.5 270 250.25 225.5 220.75 219.75 202.25 191 197 203.5 209 212 210.25 210.5 210.5 215 218.75 222.75 222 224 225 225.75 226.5 226.5 225 222 216.5 210.5 205 197 192 189.75 185.75 185.75 185
518.75 502.5 479.75 464.75 443 437.25 427 413.25 381 369.5 351 338.75 360.5 321.75 245.5 221.5 209.75 186.75 176.5 173.75 173.5 178.5 185 192.25 200 204.25 209 212.5 218 224 228 243 261 317.5 373.5 394.75 422.25 410 361.25 350.5 344.75 318 292 266.75 235.5 218 217 203.5 189.75 188.5 197 208 210.75 205.5 202 199.5 204.5 207 207.5 208.5 207 209 211.25 213 213.5 211.5 208 207.5 201 197.5 192.75 188.75 186.5 184.5 182.75 182 183
516.25 514.5 493.25 482 455.5 439 418.5 399.5 391 375.25 349.25 328 307.25 292.75 229.75 204 185.75 175.25 173.75 170.75 169.5 176.5 187.25 197.5 209.25 205.5 210.5 213.75 241 261.75 238.5 271 287.75 324.25 375 395.5 403.5 392.5 361.5 335.5 315.5 295.75 273.75 248.5 220 204 201.5 195.25 193 195.5 198 197.5 195.5 195 192.75 194.5 196 193 194.5 194.5 196.25 197.5 200.5 199.5 198 196 195 194 190 189.5 187.25 185.5 183.5 181.5 182 182 183.5
512 505.25 514.5 514.25 501.5 462 422.5 435.5 394.75 380.25 348 318 279.25 239.75 208.5 190.5 175.5 172 169.5 166 166.75 176.75 197.5 211 219 217 224.5 228.75 242.25 269.75 249.5 260.25 285 302 332 352.25 357 357 333.5 317 301 283.5 262.5 244.5 220.5 206.5 202.5 197.5 192.5 191.75 189 189.25 188 185.5 183.5 183 180 182.75 183.25 184.5 187 188 187.5 186.5 188 188 185.5 183.5 182 183.5 184 181.5 181 180 183 179.5 182
486.5 502 518.25 497.5 494.75 534.5 494.5 467 429 391.25 344 299.25 256.75 222 196.5 180.25 173.5 172.75 172 175.5 173.5 199.5 232.5 251 273.25 246.5 231 243.5 270.75 269 267.75 285.75 287 294 302 302 314.5 313.5 310.5 303.5 294 278.5 257.5 239.5 224.5 212 204.75 195.5 189 186 184 181 178.5 176.5 173.25 171.5 171.75 173 174.5 176.5 177.5 176.5 176.5 178 178 178.25 176.75 178.75 181 181 179 177.5 176 176.5 178 180.5 185
504.25 508.5 518.75 518.25 542 548 551.75 521 454.5 390.25 336 289.25 249 216.5 188.5 175.5 173.5 173 174.5 175.5 180 200.5 196 216.75 225.5 219.75 216 213.5 217 228.75 244 254.75 262 269.5 275.5 278.5 289 298.5 295.75 293 288.5 269.25 251.5 235 221.5 206.5 199.5 192.5 185 181.25 178.5 177 174.75 169.5 167.5 163 163.75 165 165.5 168 167.5 169.5 170.5 173 176.5 176.5 175.75 175.25 176 176.5 174.5 174 174.5 176.5 181 184 185
470.5 462.5 481.75 492.75 492 471.75 404.25 433.25 415.25 373 330.5 285.75 246.25 214.25 187.25 179 180 178 177.75 178.25 184.5 199 201.25 194.25 213.25 221 216.25 210.5 210.25 210.5 223 239.5 248.5 253 263.75 278.5 293.75 292 284 278.25 269.5 257 241 228 217.5 206 197.5 191.5 184 179.75 177.75 175 171.5 165.5 160 156 157 156.5 158 161 162.5 164.75 166 169.5 171 170 173.25 174.5 174.5 174.5 174.5 174.25 176 180 184.5 185 183
435 459.25 473 448.75 355.75 346.75 336 331 334 346 314 278.75 245.25 211.25 190 188.5 185 184.5 193 190 195 207 221.25 232.25 235.75 232.5 228 220.25 219.25 209.5 211.25 224.5 235 246 261.75 271 270.5 268.25 265 258.75 251 241.5 230.5 221 211.75 203 194.5 188.5 182.5 177.5 174.5 169 166 163.5 157.5 154 152 153 157.25 161.75 161.5 162.5 162.5 166.25 169.5 170.5 172 173.5 176.5 176 174 174.5 180 180.5 185.75 188.75 186.75
433.5 434 418.75 396.5 331.25 318.5 313 323 339 324 291.25 264.25 235.5 204.75 200 195.5 192 234.75 232 267.25 258.5 243.75 252.25 241 232.25 226.25 222 219.75 216.25 209 209.5 220.75 229.75 236.75 242.75 246.5 248.5 249.5 248 244.25 238 230 222 213.75 206.5 198.75 192.5 186.5 181.5 177 172 169.5 170 165.5 160 158 156 156.5 156.75 160 161 161.75 165.5 167.25 168 169 171.25 175 177.5 177 181.5 173.75 177 182 188.25 190 196
401.25 374 345.25 311.5 304.75 301.75 298 302.5 297 277 270.25 251.75 228 202.25 202.25 203 208.5 263 288.75 282.25 273.75 266.5 264.25 240 225.5 218.5 217 217 214.75 206.75 210.25 212.5 221.75 227.75 233 235 238 237 233.5 230.25 225 219.5 213.5 207.5 201.5 196.25 190.25 186 181.5 177.75 172.5 174.25 173 166.75 163.5 161.5 159.25 160.5 162.75 163 163 163.5 163.5 165.5 166.75 169.5 173 175 179 186 177.5 175.5 176 181 190.75 194 191
354 327.25 318.5 310.25 298 319.5 303 282.5 298.75 259.5 262.5 253.25 217.5 201 214 244.5 261 273.5 272.5 263.75 248.5 241.5 236.25 227.5 217 214.5 212.25 212.25 212.25 204.75 209.5 214.75 219 216.75 217.75 220.75 221 224 222.5 220 216.25 211 205.25 201 196.5 193 188 185 182 180.75 176.5 178.25 171.75 166.5 165.5 162 161.5 163 166.5 168 164.75 162.25 163.5 167.5 168.5 170.25 175 179 190.5 189.5 180 181 180 186.25 187.75 179.75 175.75
