layers/wordclim/past/Iberia_miroc_10_ascii/bio_09.asc
ncols         205
nrows         142
xllcorner     -11.010633712694
yllcorner     33.273793250999
cellsize      0.083333333333334
NODATA_value  -9999
[rows 0 to 33 of 142, columns 77 to 153 of 205]
-9999 -9999 -9999 -9999 -9999 -9999 -9999 -9999 -9999 -9999 -9999 -9999 -9999 -9999 -9999 -9999 -9999 -9999 -9999 -9999 -9999 -9999 -9999 -9999 -9999 -9999 151 145 142.5 144.5 149 150.5 151 151 151.5 151.5 151 150.5 158.5 167.5 166.5 165.5 167 166.5 166 167.5 169.5 169 168.5 169.5 168.5 168.5 170 172 171.5 170 171 170 171 171.5 169.5 168.5 168 165.5 165.5 166 165.5 168.5 171.5 119 66 63 61.5 60 62 62 57.5
-9999 -9999 -9999 -9999 -9999 -9999 -9999 -9999 -9999 -9999 -9999 -9999 -9999 -9999 -9999 -9999 -9999 -9999 -9999 -9999 -9999 -9999 -9999 -9999 -9999 -9999 -9999 149.5 147 144.75 147.25 150 151 151.5 152 152.25 152 155.75 163.75 167.5 166.75 166.25 166.5 166.75 167 167.25 168.5 169.75 170.25 170 170 170.5 172 172 172 171.75 171.75 172 171 170 168.75 168.5 167.25 168.25 167.25 167.75 169 171.5 118.75 89.25 62.5 61.75 60.75 62 67.25 69 63.75
-9999 -9999 -9999 -9999 -9999 -9999 -9999 -9999 -9999 -9999 -9999 -9999 -9999 -9999 -9999 -9999 -9999 -9999 -9999 -9999 -9999 -9999 -9999 -9999 -9999 -9999 -9999 -9999 155 149.3333 147.5 148.75 150.25 151.25 152.75 153.5 153 152.75 165.25 169.75 166.5 167.25 167.25 167 166.75 167.5 168.75 169.5 171.25 170.75 171.5 172 172.25 170.75 170.25 171.5 172 172 171 171.5 171 171.5 171.25 170.25 170.25 171.75 172.5 170 116.5 64.25 67 66.5 67.5 65.5 68 66.75 68.75
-9999 -9999 -9999 -9999 -9999 -9999 -9999 -9999 -9999 -9999 -9999 -9999 -9999 -9999 -9999 -9999 -9999 -9999 -9999 -9999 -9999 -9999 -9999 -9999 -9999 -9999 -9999 -9999 -9999 -9999 151.5 148.25 148.75 151 153 154.25 154.25 153.75 157.75 166.5 167 167.5 167.25 167.5 167.25 168 168.5 170.5 171 169 169 170.75 171.75 173 172.75 172.75 173.25 173.25 174.25 174.75 174.75 174.75 173 173.5 173.25 171 171.25 93.75 93.5 69.25 70.25 69.75 68 68.75 65.25 60.25 59.75
-9999 -9999 -9999 -9999 -9999 -9999 -9999 -9999 -9999 -9999 -9999 -9999 -9999 -9999 -9999 -9999 -9999 -9999 -9999 -9999 -9999 -9999 -9999 -9999 -9999 -9999 -9999 -9999 -9999 -9999 156 151.75 150.25 152 154 155 154.75 154.25 153 165.25 168 168.5 168.5 168 168 168 168.75 169.5 171.75 170.5 169.5 169.75 171.25 171 171.5 171.25 171.25 171.25 171 171 171 172 172 170 170 168.5 168 116.75 64 67.25 68.5 68.5 63 63.25 62.5 60.75 60.5
-9999 -9999 -9999 -9999 -9999 -9999 -9999 -9999 -9999 -9999 -9999 -9999 -9999 -9999 -9999 -9999 -9999 -9999 -9999 -9999 -9999 -9999 -9999 -9999 -9999 -9999 -9999 -9999 -9999 -9999 -9999 156.5 153.25 153.5 154.75 156 155.5 154.5 158.25 165 168.75 170.25 170.75 170 169 169 169 169.5 170.75 172.25 172.75 171.5 171 171.25 172.25 172.25 173.25 173.25 172.75 173.75 173 173.5 173.5 172.75 170.5 168 165.75 88.25 61.75 63.75 66 65.25 62.5 59.25 59.5 59.5 61.5
-9999 -9999 -9999 -9999 -9999 -9999 -9999 -9999 -9999 -9999 -9999 -9999 -9999 -9999 -9999 -9999 -9999 -9999 -9999 -9999 -9999 -9999 -9999 -9999 -9999 -9999 -9999 -9999 -9999 -9999 -9999 158.75 156.25 156 156.25 156.25 156.25 156 154.75 166 168.5 169.5 170 170.25 170.25 169 169 169.75 170.25 171 173.5 173.5 172.5 173.25 173.75 173.5 172.5 172.5 173.25 173.75 173 171.5 170.5 171 171 169.5 169.25 169 168.25 143.75 90.25 63.25 61 61.25 60.75 61.5 64.75
-9999 -9999 -9999 -9999 -9999 -9999 -9999 -9999 -9999 -9999 -9999 -9999 -9999 -9999 -9999 -9999 -9999 -9999 -9999 -9999 -9999 -9999 -9999 -9999 -9999 -9999 -9999 -9999 -9999 -9999 -9999 160 160 158.5 158.5 158 157.5 156.75 156 158.75 169 169.75 170 170 171 170.75 170.5 170.5 170.5 172.25 172.5 171.5 171.5 172.5 172.75 174.5 175.75 175 174.5 174 173.5 171.25 171 172 172.5 172.75 174.75 173.5 173.75 174.5 172.75 174.25 172 145.5 118.75 92.5 118.5
-9999 -9999 -9999 -9999 -9999 -9999 -9999 -9999 -9999 -9999 -9999 -9999 -9999 -9999 -9999 -9999 -9999 -9999 -9999 -9999 -9999 -9999 -9999 -9999 -9999 -9999 -9999 -9999 -9999 -9999 -9999 -9999 161.25 160 159 159 158 156.5 156 154 160.75 170.25 170.25 170.75 171 171.5 171.5 171.5 171.5 172.5 172.75 171 171 171 171 171.75 174.25 175.75 176.75 174.25 173 148 174.5 174.25 174 174.75 173.75 170.5 170.25 170.5 169.75 170.25 173 173.5 170.75 172.75 171
-9999 -9999 -9999 -9999 -9999 -9999 -9999 -9999 -9999 -9999 -9999 -9999 -9999 -9999 -9999 -9999 -9999 -9999 -9999 -9999 -9999 -9999 -9999 -9999 -9999 -9999 -9999 -9999 -9999 -9999 -9999 -9999 161.5 160.25 160 159.25 158.5 157.5 156.5 154.5 161.75 166.25 171 170.5 171 171 171.25 172 171.75 171.5 171.25 172 172.25 171.25 170.25 172.25 172.5 174 177.25 176.25 173.5 172 170 170.5 172.5 171.75 171 169.75 171 172.75 172.25 171.5 171.5 172.25 171.25 170.5 168.5
-9999 -9999 -9999 -9999 -9999 -9999 -9999 -9999 -9999 -9999 -9999 -9999 -9999 -9999 -9999 -9999 -9999 -9999 -9999 -9999 -9999 -9999 -9999 -9999 -9999 -9999 -9999 -9999 -9999 -9999 -9999 163.5 161.25 160.25 160 160 159 158.5 157.5 154.5 153.75 166.75 170.5 170.75 171 171.5 171.75 171 171.25 171 171 171 171.25 171.5 171 172 172.5 172 175.25 174.75 173.25 121 119 172.25 172 172.5 172 173 175 174.5 174 175.25 174.75 174.75 175 171 171.25
-9999 -9999 -9999 -9999 -9999 -9999 -9999 -9999 -9999 -9999 -9999 -9999 -9999 -9999 -9999 -9999 -9999 -9999 -9999 -9999 -9999 -9999 -9999 -9999 -9999 -9999 -9999 -9999 -9999 -9999 -9999 164 162 160.25 159.5 159.75 159.5 158.75 158.25 153.25 153.25 153.5 170.25 170 170.5 171.5 172.25 171.5 171.75 171.75 172 171.25 171 170.75 171 170.5 171.75 172.25 174.25 171.75 146.5 174.25 95.75 176.25 175.25 174.5 175.25 175.5 175.5 176.75 177.25 176.75 177.5 179 177 172.75 173.75
-9999 -9999 -9999 -9999 -9999 -9999 -9999 -9999 -9999 -9999 -9999 -9999 -9999 -9999 -9999 -9999 -9999 -9999 -9999 -9999 -9999 -9999 -9999 -9999 -9999 -9999 -9999 -9999 -9999 -9999 -9999 163.5 161.25 160 160 159.75 159.75 158.75 157.25 154 153.75 153.5 157.5 170.75 171.75 172 172 172.5 173.5 173.25 173.25 173.25 172.5 171.75 171 171.5 172.5 173 175.25 173.5 173.75 172 148 174.75 175.25 177.5 177.75 177.75 179.25 179.25 179.25 179.25 180.75 180.5 179.25 174.75 171
-9999 -9999 -9999 -9999 -9999 -9999 -9999 -9999 -9999 -9999 -9999 -9999 -9999 -9999 -9999 -9999 -9999 -9999 -9999 -9999 -9999 -9999 -9999 -9999 -9999 -9999 -9999 -9999 -9999 -9999 -9999 163.5 160.5 160 160 160.5 159.5 158.25 156.5 154 154.5 154 158 167.25 172.75 172.75 173 174.25 174.5 174.75 174.25 173 173 171.5 171 172 172.75 175 173.5 173.25 172.25 172.75 174.5 174 175.5 174.5 175.25 177 179 179.5 180.5 180 178.25 177.5 177.25 175.25 176
-9999 -9999 -9999 -9999 -9999 -9999 -9999 -9999 -9999 -9999 -9999 -9999 -9999 -9999 -9999 -9999 -9999 -9999 -9999 -9999 -9999 -9999 -9999 -9999 -9999 -9999 -9999 -9999 -9999 -9999 -9999 165.3333 163 162 162 161.25 160.25 158.75 155.5 154.75 154.5 154 154 167.5 173.25 174.75 175.5 176 176 176 175 174.5 173.75 172.75 172.75 172.25 172.5 173.75 173.5 174 172.25 172.75 174.75 172.75 174.25 171.75 173.5 175.5 176.25 179.75 179.25 180 179.75 178.75 178.75 178.25 177.75
-9999 -9999 -9999 -9999 -9999 -9999 -9999 -9999 -9999 -9999 -9999 -9999 -9999 -9999 -9999 -9999 -9999 -9999 -9999 -9999 -9999 -9999 -9999 -9999 -9999 -9999 -9999 -9999 -9999 -9999 -9999 -9999 166.75 166.75 165.75 163.75 161 159 156 155 154.5 154.25 154.75 156.25 175.75 175.75 175 175 175.25 175.25 175 174.25 173.75 174 173.25 172.5 171.75 173 173.5 173.25 173 173 175.25 175 174.75 175.25 176 172.75 175.25 178.25 179.5 177.75 180.25 180.75 179.5 181.5 182.5
-9999 -9999 -9999 -9999 -9999 -9999 -9999 -9999 -9999 -9999 -9999 -9999 -9999 -9999 -9999 -9999 -9999 -9999 -9999 -9999 -9999 -9999 -9999 -9999 -9999 -9999 -9999 -9999 -9999 -9999 -9999 -9999 -9999 -9999 169 167 163 158.75 156.75 156 156.75 156.75 158 159 171.25 175.5 176 176.25 175.5 174.75 174.5 175 173.5 173.5 174 172.75 171.75 171.5 172.5 172.5 172.75 172.25 175 173.75 174 176.25 174.75 173 174.25 177.25 179.25 179.5 178.75 179.5 181.25 181.75 182.5
162 -9999 -9999 -9999 -9999 -9999 -9999 -9999 -9999 -9999 162 -9999 -9999 -9999 -9999 -9999 -9999 -9999 -9999 -9999 -9999 -9999 -9999 -9999 -9999 -9999 -9999 -9999 -9999 -9999 -9999 -9999 -9999 -9999 -9999 -9999 166.5 159.25 157 156.75 157.5 158 158.25 163.25 176 175.25 174.5 173.75 173.75 173.25 172 171.75 174.5 174.25 173.75 173.25 172.25 170.75 171.5 172.75 171.25 171.75 141.75 173.25 142.25 175.5 175.75 175.25 176 176.75 177.5 180 179.75 179.5 179.75 179.25 180.25
-9999 -9999 -9999 -9999 -9999 -9999 -9999 -9999 161 158.75 157.25 157.5 160 162 -9999 180 176 173.5 174.5 176 176.5 177 177.5 180 -9999 -9999 -9999 -9999 -9999 -9999 -9999 -9999 -9999 -9999 -9999 170 164 157.5 157.75 157.75 158.75 157.5 157.75 174.75 174.5 175.25 175.25 173.5 173 171 172 170.25 172.5 171.75 172.25 173.75 172.25 169.25 170.75 172.25 171.25 108.75 108.25 75 44.5 109.75 175.25 177.25 174.75 176 178 179.5 180.5 180.25 179.5 179.5 180.75
180.5 178 169.5 161 160.75 157.75 157.25 156 153.5 152.25 152 149.75 167.25 169.25 173.25 175 173.75 173.25 172.75 172.75 174 173.5 172.5 174 179 183 183.5 181.75 182.25 182.75 182.5 184.25 187 173 170.6667 167 159 158.5 158.25 159.5 158.5 164 172.75 176.25 174.5 174.5 173.75 173 172 171.5 169.25 168 169.25 168.5 170.25 172.5 173.25 170.75 170 171.5 140 43.75 43.5 42.75 43.25 44 45.5 76 74 177 179.25 180.25 178.25 181 180.5 180.25 179.5
173 173.5 174.5 169.75 172.5 160.75 160.75 150.75 151 150.75 155 164 166 167.75 167.5 167.25 171 173.75 172.5 168 164.25 162.75 168.75 170.5 174.5 177.75 179.25 178.25 177.5 178 179.25 180.5 180.5 179 175 168.25 161.75 162.5 165.25 170.75 175 175 176.5 175.75 173 173.25 173.5 174.25 171 170.25 167.75 166.75 165.25 166.25 166.75 170.75 171.75 170 168.75 139 108 42.75 42 42 43.25 44 43.5 41 42 77.75 178.75 179 179.5 179.5 181 181.5 180
167.5 167.75 168 167 166.75 165.5 166.75 167 166.25 161.25 161.25 158.75 159.5 163.5 159.75 160 161.5 165.5 168.25 168.75 168.25 166.5 167 166 165.25 171 174.75 177.5 175.5 176 175.5 175.75 171.25 171.75 170.5 169.5 174.75 170.75 171.75 168.25 171 172.75 176.25 175.25 174.5 173.5 170.5 171.75 172.5 171.75 169.5 166.5 163.5 162.25 163.5 168 169 170.5 167.25 74 42.5 41 40.75 42 42.75 41.25 40.75 40.5 43.5 45 44.5 110.25 179.75 179.25 179.25 180.25 181.5
148 156.5 157 158.5 157.25 158.25 162.25 160.75 159 156.25 146.75 144 146.5 159.75 158 157.5 157.75 163 159.25 166.25 168.5 168.25 167 159.75 161 163.5 165 167.25 168.25 170.5 171.75 172 167.5 158.25 169.5 166 164.25 157 160.75 166.25 169.5 171.25 172.5 171 172 170.25 171.75 169.25 167.75 168 168.75 169 165.25 161.25 161.25 166 165.25 137.5 38.75 40 38 37.5 39.75 40.5 39.25 39.5 41 42.75 44.5 44.5 42 44 76 146 180.75 180 178.75
139.5 132 146.5 150.5 147.5 149 161.75 151.75 155.5 154.25 136.75 126.75 143.5 146.5 148.75 155 161.5 164.25 163.25 162.75 166 168.75 161.25 168.25 164.75 163.75 160 163.75 161.75 160.25 168.75 158 160.5 154.75 164.5 165.5 162.75 158.5 158.25 165.5 171 162.75 156.25 164.75 167 165.75 166.5 168.75 166 163.75 163.25 166.5 165.5 160.25 158.75 161.5 161.25 163.25 35.75 33.25 31.5 33.25 35.25 36.25 38 38.5 40.75 39.5 41.25 40.5 42.5 42.5 42.5 42.25 179.25 180 178.5
145.5 132.5 124.75 127 134.75 140.5 146.75 140.5 145.75 138.5 133.25 136.5 140.5 143 149.25 155.5 152 162 165 163 157 152.75 157.5 153.5 162.5 166.5 159 162 163.5 170 166.25 157 150.25 153 158.5 157 152.5 154.25 151.25 149.5 152 149.75 135.5 149 163.75 158.75 157 153.75 134.75 147.5 143.75 148.75 142.75 146.5 155.25 152 152.75 155.5 33.5 28 31 33 35.75 37 39 39.25 41 38.5 36.25 35.5 35.75 40 39.5 38.5 42.25 110.5 178.25
126.5 129 110.5 124.75 141 144.25 144 146 144.75 145.75 146.5 150.5 151.5 151.75 150 149.25 149.5 142.5 157.25 160.75 155.75 143.5 154.5 156.25 158.25 157.75 153 162.75 167.5 159.25 142.5 156.25 156.5 158 160 155 144.5 141.5 141.75 135.5 137.5 132.75 123.25 134.75 136.75 123.5 120.25 142 123 120 120.25 121.5 119.25 138.75 136.25 115.25 122 128.5 69.25 14.75 10.5 18.25 28.5 25 27.5 22.5 23.25 29.75 36.5 34 31.5 32.25 29 33.75 37.75 34.75 39
136 138.25 129.5 133.5 140.5 142.5 143 142.75 145.25 145 148.25 150.25 157 155.5 149.5 149 147.5 149.75 148.5 151 155 157 162 162.75 160.75 158 153.75 151.25 158.75 162 162.5 154 159.25 165 162.5 162 159.75 153.25 144.5 142.75 136.5 138.5 131.5 129.25 122.75 103 93.75 122.75 108.5 106 91.25 82 104.25 106.25 119.5 93.25 80.5 92 109.25 6.5 77 1 12.75 9.25 -4 0.5 12.75 21.25 13.75 26.25 17 10 3 12.75 28.25 23.75 26
138.75 144.5 147.25 148 147.75 146.5 149.75 148 149 149.25 149.25 144.25 149.75 153 159.5 156 150 152.75 158.75 152.5 156.5 163 163.25 164.75 162.75 162 158.75 151.75 152.5 148.5 144.75 141.25 154.75 170.5 174.25 172.25 164.75 160.75 160.25 149.25 140.75 144.5 138.5 135.5 121.75 105.75 102.75 94.75 104.5 85.75 85.5 66.75 67.25 80.75 83.25 94.25 60.25 77.25 78.5 -0.5 41 -12.5 -1.5 -4 -13 24.5 -14 -21 -11.5 15.25 12.25 -3 -16.75 8.5 25.5 -4 -13.5
145.5 149.75 148 151.5 150.25 147 148.25 148.25 145.5 149.75 145.75 143 148.5 155.25 153.25 159 156.25 152.75 166.25 163.5 166.75 164.75 162.25 158.5 152.25 158.25 153.5 153.5 156.5 159.5 158.5 168 167.25 171.75 169 175.25 168.75 165 168.5 164.25 157.25 156 147.75 146.5 136.75 134 121 99.75 97.25 77.75 97 94.75 69.75 67.75 84.5 87.75 68.75 86.25 85.75 83.5 85.75 0.75 -11 -11.5 8.75 54.5 17.75 50.25 -31 -22.5 9.25 1.5 -6.5 -2.25 -5.75 4.5 10.25
151.25 153.25 155.5 154.5 148.5 147.75 148.75 149.75 150.5 148.75 148.25 145.25 149.25 162.5 159 157.5 155.75 157 166 169 171 163.25 161.75 161.75 161.5 164 165 165.75 171.25 173.25 174.25 176 176.75 180.25 173.5 165 155.75 157.75 164.25 171 158 145.5 148.75 151.75 151.5 141.25 139 130.5 125.5 100.5 96 109.5 88 98.25 70.25 66.75 87 103 73 77.25 58.25 45 66.5 16.75 32.5 1 -9.5 -5.75 7.75 22.25 25.5 72.75 -12 17 55.25 -1.5 -21.5
156.25 157 159.5 159.25 158.25 157 155.5 153.5 150 151.25 150 153.5 158.5 159.75 160.25 160.5 160 160.5 166.25 171.5 173.75 172.75 165 164 167.5 166.5 168.25 173.75 178.25 177.25 178.25 181.75 183.75 183.75 177 173.75 161.75 168.25 173.25 175.5 171.75 162.75 162.75 157 160.75 156.25 150 145.5 140 133.5 131 130.75 112 124.25 112 107.25 55 25.25 40.5 60.5 4.25 32.25 72.75 48 17.75 43.5 69.5 17.25 -6.75 -12.25 -19.75 26.5 49 1 52 77.75 -1.25
161.5 161.25 162.25 161.75 162.25 161.5 161 157.5 153.75 155.25 155 154.75 155.5 153.25 157 158.5 160.5 165 169.75 172.75 173.25 176.25 180.25 180.75 181.5 183.25 184 184.5 183.5 183.25 184.5 185.5 185.75 187 183.25 181.5 173 173.5 175.25 167.25 167.25 163.5 158.5 147.75 147 151 141.75 141.5 134 140 145.5 131.5 122.25 97 70.25 5 12 -3.25 26.5 9.75 -13.25 11 8.5 -13.25 -22.25 20 45.75 49 -17 2.5 -18.5 -7.25 -21.5 13.25 43.25 72.5 50.25
165 165.75 166 165.5 165.75 165 163.5 159.5 158.75 158.5 159.25 157.5 156 156.25 154.5 156.5 160.5 160.25 161 168.25 171.25 177.25 179 174.25 180.25 183.75 185 186.5 188.5 188 188.5 188.25 186.5 188.5 186.75 187 183.25 181.25 181.75 174.5 162.25 155.75 150.25 143.5 143 152.5 154.75 153.75 150 150 147.25 138 72 93 30 10 18.25 12.75 7.25 1.75 -10.25 -20 -15.75 -6 -11.25 -24.75 11.25 -23.75 1.25 -25.5 -15.5 -6.5 5.25 9.25 4.25 11.5 -7.75
168.75 168.5 168.75 168.5 168 166.5 162.25 161.75 162.75 163 161.25 159 157.5 155.25 150 148.5 154 148.25 153 151.25 160.75 173.75 166.25 151.5 168.75 167.25 171.25 176.5 179 183.75 190.25 191.75 189 191 191.25 189.5 187 185 185.5 180 172.25 166.5 161.75 159.25 155.25 160.5 156.25 143.75 135.75 132.5 132 132 95.25 31.25 -4.75 4 15.25 17.75 10.25 4.5 -4.25 2 -11.5 0.25 -7 -8.25 1.75 5.75 -6.5 -14.75 -3.5 15.5 15.5 6 -0.5 0.25 0
