layers/wordclim/past/Iberia_miroc_10_ascii/bio_2.asc
ncols         205
nrows         142
xllcorner     -11.010633712694
yllcorner     33.273793250999
cellsize      0.083333333333334
NODATA_value  -9999
[rows 72 to 107 of 142, columns 80 to 159 of 205]
110 110 112 112.25 113 112.5 111.75 110.25 109.5 109.5 109.25 109 108.75 108 108 107.5 107 108 108.25 108 108 108 107.75 107.75 107.5 107.25 107 106.5 106 105 104.75 104.75 104 103.25 102.25 101.25 100 101 99.75 98.25 97.25 96 94 93.75 92 90.5 89.5 89.5 90.25 89.5 89.5 89 89.25 88.5 88.33334 87 -9999 -9999 -9999 -9999 -9999 -9999 -9999 -9999 -9999 -9999 -9999 77 78 77.25 77.25 77 77 77.5 -9999 -9999 -9999 -9999 -9999 -9999
110 110.75 112.25 113 114 113.25 111.5 110.5 109.75 110 109.5 109 109 108.5 107.5 107.25 107.25 108.25 108.25 108 108.75 108 108 108 107.5 107.25 107 106.5 106 105.5 105 105.25 104.5 103.75 103 101.75 100.75 101 100.5 99.25 98 97 95.25 95 94 92.5 91.5 91.5 92.25 91.5 91.5 91 91.25 91 90 89 88 -9999 -9999 -9999 -9999 -9999 -9999 -9999 -9999 78 77.5 77.25 77.75 77.25 77 77 76.75 77 -9999 -9999 -9999 -9999 -9999 -9999
110 111.75 112.25 113 113.25 112.75 111.5 110.5 110.5 110.25 109.5 109 108.25 108 108 107.75 108.5 108.5 108 108 108 108 108 107.5 108 107.75 107 106.25 106 105.5 105 105.75 105 104.25 103.25 102.25 101.5 101.25 100.5 100 99 98 96.5 95.75 95.5 94.25 93.25 92.5 92.5 93.5 93.25 92.75 92.75 93.25 92.5 90.5 88.5 87.33334 -9999 -9999 -9999 -9999 -9999 -9999 79 78 77.5 77.5 77.25 76.75 76.5 76.25 76 -9999 -9999 -9999 -9999 -9999 -9999 -9999
110.75 112 112 112.5 111.75 111.75 111.25 110.25 110.75 110 109.25 108.25 108 107.75 107.5 107 107.5 108 108 108 108 108 107.5 106.75 107.5 106.75 106 106 105.5 105.5 104.75 105.75 105.25 104.25 103.75 102.75 102 101.5 101 100.25 99.75 98.75 97.25 97 96 96 95 94 93.25 94.25 94 94.5 94.25 94.75 93.5 91.75 89.5 87.66666 -9999 -9999 -9999 -9999 -9999 -9999 -9999 78 77.75 76.75 76.5 76.75 76 76 76 -9999 -9999 -9999 -9999 -9999 -9999 -9999
111 111 111.5 111 111 110.75 110.25 110.25 110 109.75 108 107.75 107.75 107 107 107 108 108 108 107.75 107.5 107 106.5 106 107 106.5 106 106 105.25 105 104.5 105 104.75 104.75 104 103 102.75 102.25 101.75 100.75 100.5 99.75 98.25 97.75 97 96.5 95.75 95 93.5 94 93.75 94 94 94.25 93.75 92.25 89.5 -9999 -9999 -9999 -9999 -9999 -9999 -9999 -9999 78 77.25 77 76 77 76 76 -9999 -9999 77 -9999 -9999 -9999 -9999 -9999
111 110.75 110 109.75 110 109.75 109.25 110 109 108 107.5 107 107 107 107 107.25 107.75 107.75 107.25 106.25 105.75 106 106 106 107 106.5 106 106 105.25 105 104.5 105 104.5 104 104.25 103.75 103 102.75 102.5 101.75 100.5 100.5 99 98 97.5 96.25 96.5 95.25 93.75 93.75 94.75 94 94 93.25 91.66666 -9999 89.5 88 87 -9999 -9999 -9999 -9999 -9999 -9999 78 77.25 77 76 76.75 77 76 -9999 -9999 -9999 -9999 -9999 -9999 -9999 -9999
109.75 109 108.5 109.25 109 107.75 108.75 108.25 107.75 107 107 106.75 106.5 107 106.5 106.25 106.25 106.25 105.25 105.5 105.25 106 106 106 106.25 106.25 106 105.5 105 104.75 104.5 104.5 104.75 104 104 103.5 103 102.5 103.25 102.25 101 100.75 99.75 98 98.5 96.75 96.75 95.5 95 94.25 95.25 94.5 93.33334 92 91 90.75 89.5 87.5 86.5 -9999 -9999 -9999 -9999 -9999 -9999 78 77 77.25 76.5 76 76 76 -9999 -9999 -9999 -9999 -9999 -9999 -9999 -9999
108.75 108.25 108 107.5 107 107.5 107.75 107.75 107 106.75 106.5 106 105.75 105.5 104.75 105.75 105.5 104.75 104.5 104.75 105.5 106 105.75 105.75 106 105.75 105.25 105 104.5 104 104 104.5 104.75 104.75 104 103.75 104 103.25 103.5 102.5 101.25 100.5 100.5 98.75 98.5 97.75 97 96.25 95 93.75 94 93.75 91.75 91 90.5 90 88.5 86.75 86 -9999 -9999 -9999 -9999 -9999 -9999 -9999 77 77 76.5 75.5 -9999 -9999 -9999 -9999 -9999 -9999 -9999 -9999 -9999 -9999
107.5 107.75 107.5 107 105.25 106.5 106.5 106.75 107 105.75 106 104.75 103.75 103.25 104 104.5 104 103.5 103.75 104.75 104 104.5 105.5 104.75 105 104.5 104.25 104 103.75 103.5 104 103.75 105 105 104.75 104 103.5 103.75 103 103.25 102.25 101.25 100.75 99.75 99 97.5 96.25 95.5 93.75 92.5 92.5 92.5 91.5 90.75 89.75 88.5 87.75 85.66666 -9999 -9999 -9999 -9999 -9999 -9999 -9999 -9999 -9999 -9999 -9999 -9999 -9999 -9999 -9999 -9999 -9999 -9999 -9999 -9999 -9999 -9999
106.25 105.5 105.5 104.75 103.25 104.25 103.5 103.75 103.75 103.75 102.25 101.75 101.25 102 102.75 103.25 102 102.5 103.5 103 105 105 104.75 104.25 104.5 104 104 104.25 103.75 103.25 103 103 104.25 105 105 104.5 104.5 103.75 103.75 103.5 102.25 102 100.5 100 98.25 97 95.5 94.75 92.75 91.75 91.25 91.75 90.5 89.25 88.75 87.25 86 -9999 -9999 -9999 -9999 -9999 -9999 -9999 -9999 -9999 -9999 -9999 -9999 -9999 -9999 -9999 -9999 -9999 -9999 -9999 -9999 -9999 -9999 -9999
106 104.25 104.25 102.5 101.5 102.25 101 100.5 100.25 100.5 99.25 98.75 100 101.25 102 100.75 101.25 103.75 104.25 103.25 105 104.75 103.5 104.25 103.5 103.75 103.25 103 103.25 102.5 102.75 102.5 103.75 104.5 105 105 104.5 103 103.75 104.75 103.75 102.25 100.5 99 97.5 96.25 94.5 93 92.75 91.25 89.75 90.75 90 88 86.25 87 -9999 -9999 -9999 -9999 -9999 -9999 -9999 -9999 -9999 -9999 -9999 -9999 -9999 -9999 -9999 -9999 -9999 -9999 -9999 -9999 -9999 -9999 -9999 -9999
104 102.5 100.75 100.25 100 99.5 98 97.5 98 96.75 96.75 98 98.75 98.5 99.75 101.25 101.75 103.75 103.25 103.75 104.25 104 103 103 103.25 103 103 102.75 102 101.25 101 101.5 103.25 104 104.25 105 106 105.75 105.5 105.5 104.5 102 99.5 98.25 97.5 95.25 94.5 92.5 92 90.75 88.75 89.5 88.33334 87 86 -9999 -9999 -9999 -9999 -9999 -9999 -9999 -9999 -9999 -9999 -9999 -9999 -9999 -9999 -9999 -9999 -9999 -9999 -9999 -9999 -9999 -9999 -9999 -9999 -9999
100.75 98.75 98 98.25 97.5 96.5 96.25 95.5 95.25 95 96.5 97.75 98.25 98.5 99.25 99 102.5 104.5 101.25 104 104 103.25 103.25 103 103.5 103 102.25 101.5 101.5 101 101 101 101 103.25 104 105 106 107 106 104.5 103.75 101.75 99.75 97.5 96.5 94 92 -9999 90 89.5 88.5 -9999 -9999 -9999 -9999 -9999 -9999 -9999 -9999 -9999 -9999 -9999 -9999 -9999 -9999 -9999 -9999 -9999 -9999 -9999 -9999 -9999 -9999 -9999 -9999 -9999 -9999 -9999 -9999 -9999
98 97 97.25 96 95.5 95 93.75 93.5 93.5 95.25 97.25 97 97.25 97 96.75 98.5 101.75 101.75 103.75 104 103.75 103.5 102.5 102 101.75 102 101.5 101 100.5 100.25 100.25 100 100 101 103.25 104.25 105.75 107 106 103.5 102.75 101.75 99.25 96.75 95.25 93 -9999 -9999 -9999 -9999 -9999 -9999 -9999 -9999 -9999 -9999 -9999 -9999 -9999 -9999 -9999 -9999 -9999 -9999 -9999 -9999 -9999 -9999 -9999 -9999 -9999 -9999 -9999 -9999 -9999 -9999 -9999 -9999 -9999 -9999
97.25 97 96.5 95.5 94.25 93 92 92 92.25 92.75 93 93.75 93.75 94.5 95.75 98.5 102.25 104 104.25 103.75 102.25 102.5 101.25 100.25 100 101 101 99.75 99.75 99 99.25 99.75 99.5 99.5 101 102.75 104 104.25 103.25 102 101.25 100.25 98.25 95.5 94.5 92.25 89 -9999 86 -9999 -9999 -9999 -9999 -9999 -9999 -9999 -9999 -9999 -9999 -9999 -9999 -9999 -9999 -9999 -9999 -9999 -9999 -9999 -9999 -9999 -9999 -9999 -9999 -9999 -9999 -9999 -9999 -9999 -9999 -9999
96.25 96 95.25 94.5 92.75 91.75 91.25 91.5 93.75 96 96.25 97.75 94.5 94.25 96 100.75 104.5 103 102.25 101.5 100.25 99.75 99.75 99 99.75 99.75 99.75 98.25 98.25 97.5 97.5 97.75 98 98 98.5 100.5 100.5 101 101.5 100.5 99 97.75 95.25 94 92 91 88.75 86.75 85.5 -9999 -9999 -9999 -9999 -9999 -9999 -9999 -9999 -9999 -9999 -9999 -9999 -9999 -9999 -9999 -9999 -9999 -9999 -9999 -9999 -9999 -9999 -9999 -9999 -9999 -9999 -9999 -9999 -9999 -9999 -9999
96 95.5 94.75 93.75 94.5 98.25 93.5 92.25 98.25 103.25 104.25 100.5 97 98 95.25 98.25 101.5 100 99 98.25 97.5 97.75 98 98 98.5 98.25 98.25 98.75 97 95.5 95.5 95.75 96.5 96 96.5 97.5 99.5 99.5 99 97.75 96 95 93 92 90.75 89.75 87.75 85.75 84.5 -9999 -9999 -9999 -9999 -9999 -9999 -9999 -9999 -9999 -9999 -9999 -9999 -9999 -9999 -9999 -9999 -9999 -9999 -9999 -9999 -9999 -9999 -9999 -9999 -9999 -9999 -9999 -9999 -9999 -9999 -9999
95.5 94.5 93.75 93.75 95 99.5 100 100.5 98.5 100 102.25 100.75 101 100.25 99 96.75 97.75 98.25 96.75 95.75 96.25 97.75 99.5 98.5 98.5 99 97.5 95.75 95.75 95 94.5 93.25 93.5 94.5 94.75 94.25 95.75 96.5 96.25 94.75 93 93 91.25 90 88.25 87.75 86 84 -9999 -9999 -9999 -9999 -9999 -9999 -9999 -9999 -9999 -9999 -9999 -9999 -9999 -9999 -9999 -9999 -9999 -9999 -9999 -9999 -9999 -9999 -9999 -9999 -9999 -9999 -9999 -9999 -9999 -9999 -9999 -9999
96.25 93.75 93.5 97.25 96.5 100.75 103.75 103.25 101 102.75 101.75 101.25 100.5 100.5 98 94.75 95.5 95.25 95.75 94 95.25 96.25 97 97.5 96.75 96.25 96 95.5 94.5 93.5 91.75 90.5 92.5 93.25 92.25 91.25 91.5 92.25 93.5 91.75 91 90.75 89.5 87.5 85.5 83.75 84 -9999 -9999 -9999 -9999 -9999 -9999 -9999 -9999 -9999 -9999 -9999 -9999 -9999 -9999 -9999 -9999 -9999 -9999 -9999 -9999 -9999 -9999 -9999 -9999 -9999 -9999 -9999 -9999 -9999 -9999 -9999 -9999 -9999
99.25 95 94.75 96 99.25 101.75 102.75 102.5 101.25 101.75 101.5 102 101 101.5 98.75 98.25 96.75 98 95.75 93.25 95.5 97 97 96 94.5 93.25 92.5 91.5 91 89.75 89.5 89 90 90.25 88.25 86.75 87 87 90 87.5 87.5 87 85.33334 85.5 83 -9999 -9999 -9999 -9999 -9999 -9999 -9999 -9999 -9999 -9999 -9999 -9999 -9999 -9999 -9999 -9999 -9999 -9999 -9999 -9999 -9999 -9999 -9999 -9999 -9999 -9999 -9999 -9999 -9999 -9999 -9999 -9999 -9999 -9999 -9999
97.25 97 98.25 99 100.5 99.5 100.5 101 101.75 101 101.25 102 101 99.75 98.75 99.25 99.5 100.5 98.5 94.75 94.5 94.75 94.25 92.25 90.25 86.75 86 85.25 83.75 85 84.25 85.25 84.5 84.25 83.75 83.66666 82 -9999 -9999 -9999 -9999 -9999 -9999 -9999 -9999 -9999 -9999 -9999 -9999 -9999 -9999 -9999 -9999 -9999 -9999 -9999 -9999 -9999 -9999 -9999 -9999 -9999 -9999 -9999 -9999 -9999 -9999 -9999 -9999 -9999 -9999 -9999 -9999 -9999 -9999 -9999 -9999 -9999 -9999 -9999
96.5 96 98.25 98.75 100.75 100.5 99.75 100.25 100.75 102.5 103.25 102.5 100.75 98.25 98.5 100.25 101 102.25 100.25 97.5 96 93.5 91.5 88.75 86 83.5 81.75 81 80 81.5 80.25 80.25 80 79.66666 80 -9999 -9999 -9999 -9999 -9999 -9999 -9999 -9999 -9999 -9999 -9999 -9999 -9999 -9999 -9999 -9999 -9999 -9999 -9999 -9999 -9999 -9999 -9999 -9999 -9999 -9999 -9999 -9999 -9999 -9999 -9999 -9999 -9999 -9999 -9999 -9999 -9999 -9999 -9999 -9999 -9999 -9999 -9999 -9999 -9999
91.75 93 96 94.75 95.5 96 96 99 101.25 102.75 102 101.5 101 99.25 98.75 98.75 98.75 99.25 101.25 100.5 100.25 99.25 98.25 96.25 91.5 87.5 85.75 81.5 77.5 75.75 76.75 76.25 76 -9999 -9999 -9999 -9999 -9999 -9999 -9999 -9999 -9999 -9999 -9999 -9999 -9999 -9999 -9999 -9999 -9999 -9999 -9999 -9999 -9999 -9999 -9999 -9999 -9999 -9999 -9999 -9999 -9999 -9999 -9999 -9999 -9999 -9999 -9999 -9999 -9999 -9999 -9999 -9999 -9999 -9999 -9999 -9999 -9999 -9999 -9999
93 91.75 92.25 91.75 93.75 95 96.5 98.5 100.75 101.5 101.25 102 103.25 102 99.75 99.25 98.5 96.75 93.5 92.75 94.25 93.75 91.25 88 86.75 82.5 81 79.5 75.25 73.25 72.25 72.5 -9999 -9999 -9999 -9999 -9999 -9999 -9999 -9999 -9999 -9999 -9999 -9999 -9999 -9999 -9999 -9999 -9999 -9999 -9999 -9999 -9999 -9999 -9999 -9999 -9999 -9999 -9999 -9999 -9999 -9999 -9999 -9999 -9999 -9999 -9999 -9999 -9999 -9999 -9999 -9999 -9999 -9999 -9999 -9999 -9999 -9999 -9999 -9999
94 98 100.25 96.75 97 99 98.75 99.5 100.5 101.25 103 104 104 103.75 102.75 101.75 101.25 100.25 98.25 93.5 85.25 83.5 81.5 78.5 79.5 79 77.25 75.5 77.75 75 68.5 -9999 -9999 -9999 -9999 -9999 -9999 -9999 -9999 -9999 -9999 -9999 -9999 -9999 -9999 -9999 -9999 -9999 -9999 -9999 -9999 -9999 -9999 -9999 -9999 -9999 -9999 -9999 -9999 -9999 -9999 -9999 -9999 -9999 -9999 -9999 -9999 -9999 -9999 -9999 -9999 -9999 -9999 -9999 -9999 -9999 -9999 -9999 -9999 -9999
95.5 98 98 97.5 98 97.5 99.75 100 99 100 103.75 103.5 102.75 101.5 97.75 93 93.5 94 91.25 85.25 77.25 74.25 71.5 82.75 85.75 79.5 73 71 70 68 67 -9999 -9999 -9999 -9999 -9999 -9999 -9999 -9999 -9999 -9999 -9999 -9999 -9999 -9999 -9999 -9999 -9999 -9999 -9999 -9999 -9999 -9999 -9999 -9999 -9999 -9999 -9999 -9999 -9999 -9999 -9999 -9999 -9999 -9999 -9999 -9999 -9999 -9999 -9999 -9999 -9999 -9999 -9999 -9999 -9999 -9999 -9999 -9999 -9999
85.25 83.25 89 99 99 97.75 98.75 99.75 97.5 94.25 93.5 94.75 96.25 96 92.5 84 87.75 98.25 97.25 93.25 88.5 76.75 66 68.25 69.5 66.25 66.25 67.5 65.75 65 64 -9999 -9999 -9999 -9999 -9999 -9999 -9999 -9999 -9999 -9999 -9999 -9999 -9999 -9999 -9999 -9999 -9999 -9999 -9999 -9999 -9999 -9999 -9999 -9999 -9999 -9999 -9999 -9999 -9999 -9999 -9999 -9999 -9999 -9999 -9999 -9999 -9999 -9999 -9999 -9999 -9999 -9999 -9999 -9999 -9999 -9999 -9999 -9999 -9999
84.25 76 74.5 84.5 88.75 93.75 98 91.75 92 85.25 93.5 95.25 94.5 90.25 91 81 75.75 83.5 83.75 76.25 69.75 68.75 59.5 59.25 60.5 61.75 64.5 64.5 62 61.66667 -9999 -9999 -9999 -9999 -9999 -9999 -9999 -9999 -9999 -9999 -9999 -9999 -9999 -9999 -9999 -9999 -9999 -9999 -9999 -9999 -9999 -9999 -9999 -9999 -9999 -9999 -9999 -9999 -9999 -9999 -9999 -9999 -9999 -9999 -9999 -9999 -9999 -9999 -9999 -9999 -9999 -9999 -9999 -9999 -9999 -9999 -9999 -9999 -9999 -9999
75 73.5 70.25 71 74.25 73 77.25 74.75 74 72 77.75 77.5 75.25 71.25 70 68 66.25 65.5 62.75 61 59 57 55.75 56.25 56.75 60.5 61.75 60.25 60 -9999 -9999 -9999 -9999 -9999 -9999 -9999 -9999 -9999 -9999 -9999 -9999 -9999 -9999 -9999 -9999 -9999 -9999 -9999 -9999 -9999 -9999 -9999 -9999 -9999 -9999 -9999 -9999 -9999 -9999 -9999 -9999 -9999 -9999 -9999 -9999 -9999 -9999 -9999 -9999 -9999 -9999 -9999 -9999 -9999 -9999 -9999 -9999 -9999 -9999 -9999
64.25 64.75 64.66666 65 66 66.66666 66 64 64 64 70 66.5 63.5 -9999 -9999 -9999 59.33333 60 60 59 57.25 55.25 55 -9999 -9999 56.5 57.5 57 -9999 -9999 -9999 -9999 -9999 -9999 -9999 -9999 -9999 -9999 -9999 -9999 -9999 -9999 -9999 -9999 -9999 -9999 -9999 -9999 -9999 -9999 -9999 -9999 -9999 -9999 -9999 -9999 -9999 -9999 -9999 -9999 -9999 -9999 -9999 -9999 -9999 -9999 -9999 -9999 -9999 -9999 -9999 -9999 -9999 -9999 -9999 -9999 -9999 66 67 69
63.25 63 -9999 -9999 -9999 -9999 -9999 -9999 -9999 -9999 -9999 -9999 -9999 -9999 -9999 -9999 -9999 58 57 56.5 56 -9999 -9999 -9999 -9999 -9999 55.66667 -9999 -9999 -9999 -9999 -9999 -9999 -9999 -9999 -9999 -9999 -9999 -9999 -9999 -9999 -9999 -9999 -9999 -9999 -9999 -9999 -9999 -9999 -9999 -9999 -9999 -9999 -9999 -9999 -9999 -9999 -9999 -9999 -9999 -9999 -9999 -9999 -9999 -9999 -9999 -9999 -9999 60 60 61 61.5 63 64.5 65.5 66.33334 66.75 67.75 68.75 70.25
-9999 -9999 -9999 -9999 -9999 -9999 -9999 -9999 -9999 -9999 -9999 -9999 -9999 -9999 -9999 -9999 -9999 -9999 56 -9999 -9999 -9999 -9999 -9999 -9999 -9999 -9999 -9999 -9999 -9999 -9999 -9999 -9999 -9999 -9999 -9999 -9999 -9999 -9999 -9999 -9999 -9999 -9999 -9999 -9999 -9999 -9999 -9999 -9999 -9999 -9999 -9999 -9999 -9999 -9999 -9999 -9999 -9999 -9999 -9999 -9999 -9999 -9999 58 59.5 59.5 60 60.25 62 62.5 63.25 63.5 66.5 69 69.5 68.75 68.25 70.5 70.5 70.75
-9999 -9999 -9999 -9999 -9999 -9999 -9999 -9999 -9999 -9999 -9999 -9999 -9999 -9999 -9999 -9999 -9999 -9999 -9999 -9999 -9999 -9999 -9999 -9999 -9999 -9999 -9999 -9999 -9999 -9999 -9999 -9999 -9999 -9999 -9999 -9999 -9999 -9999 -9999 -9999 -9999 -9999 -9999 -9999 -9999 -9999 -9999 -9999 -9999 -9999 -9999 -9999 -9999 -9999 -9999 -9999 -9999 -9999 -9999 -9999 -9999 -9999 58.5 60.25 61.5 60.5 59.5 60.25 63.5 67.25 65.25 64.5 68 71.5 73 74.25 74.25 76.75 78.25 77.25
-9999 -9999 -9999 -9999 -9999 -9999 -9999 -9999 -9999 -9999 -9999 -9999 -9999 -9999 -9999 -9999 -9999 -9999 -9999 -9999 -9999 -9999 -9999 -9999 -9999 -9999 -9999 -9999 -9999 -9999 -9999 -9999 -9999 -9999 -9999 -9999 -9999 -9999 -9999 -9999 -9999 -9999 -9999 -9999 -9999 -9999 -9999 -9999 -9999 -9999 -9999 -9999 -9999 -9999 -9999 -9999 -9999 -9999 -9999 57 57.5 59.5 60.5 63.5 62.25 62 61.25 62.25 64 66 65 67.5 66.75 69 70.25 70.5 71.25 74.5 79.75 78
-9999 -9999 -9999 -9999 -9999 -9999 -9999 -9999 -9999 -9999 -9999 -9999 -9999 -9999 -9999 -9999 -9999 -9999 -9999 -9999 -9999 -9999 -9999 -9999 -9999 -9999 -9999 -9999 -9999 -9999 -9999 -9999 -9999 -9999 -9999 -9999 -9999 -9999 -9999 -9999 -9999 -9999 -9999 -9999 -9999 -9999 -9999 -9999 -9999 -9999 -9999 -9999 -9999 -9999 -9999 -9999 54.5 55 57.25 58 59.75 61.75 61.75 62.25 60 60.75 60.75 62.5 62.75 63.5 64.25 64 65.25 66.5 68 71 70 70.75 72.25 74
-9999 -9999 -9999 -9999 -9999 -9999 -9999 -9999 -9999 -9999 -9999 -9999 -9999 -9999 -9999 -9999 -9999 -9999 -9999 -9999 -9999 -9999 -9999 -9999 -9999 -9999 -9999 -9999 -9999 -9999 -9999 -9999 -9999 -9999 -9999 -9999 -9999 -9999 -9999 -9999 -9999 -9999 -9999 -9999 -9999 -9999 -9999 -9999 -9999 -9999 -9999 -9999 -9999 -9999 53.33333 54.75 56 57.25 58.75 60 60.5 60.5 61.25 62.75 61.75 59.25 59 60.75 61.75 63.5 63.75 65.25 66.5 69 69.5 72.5 72.5 73 73.5 74.75
