layers/wordclim/past/Iberia_miroc_10_ascii/bio_14.asc
ncols         205
nrows         142
xllcorner     -11.010633712694
yllcorner     33.273793250999
cellsize      0.083333333333334
NODATA_value  -9999
[rows 82 to 122 of 142, columns 92 to 183 of 205]
7.5 8.25 8.75 8 8.25 11.75 15 13 21.75 23.25 16.75 23.5 17 20.75 21.5 21.5 16.5 11.5 7.5 6.5 6.75 6.25 6 6.5 8.75 12.75 9.75 8 9 8.75 7 5.25 5 5 5 4 4.25 4 4 5 4.5 4 4 4 -9999 -9999 -9999 -9999 -9999 -9999 -9999 -9999 -9999 -9999 -9999 -9999 -9999 -9999 -9999 -9999 -9999 -9999 -9999 -9999 -9999 -9999 -9999 -9999 -9999 -9999 -9999 -9999 -9999 -9999 -9999 -9999 -9999 -9999 -9999 -9999 -9999 -9999 -9999 -9999 -9999 -9999 -9999 -9999 -9999 -9999 -9999 -9999
7 7 7.5 8.5 9.5 14.75 12.25 16.75 23.5 24.75 22.25 23.75 20.75 22.25 24.25 21.5 20.25 12.5 9 7 7 7.5 9.75 6.75 5.5 6.25 5.5 5 5 4.5 4.5 5.75 5 5 5 4 4.25 4.25 4 4 4 4 4 -9999 -9999 -9999 -9999 -9999 -9999 -9999 -9999 -9999 -9999 -9999 -9999 -9999 -9999 -9999 -9999 -9999 -9999 -9999 -9999 -9999 -9999 -9999 -9999 -9999 -9999 -9999 -9999 -9999 -9999 -9999 -9999 -9999 -9999 -9999 -9999 -9999 -9999 -9999 -9999 -9999 -9999 -9999 -9999 -9999 -9999 -9999 -9999 -9999
7.25 7.75 7.75 7.75 12 19.75 13.5 26.75 27.5 26.5 30 32.25 30.5 27 22.75 17 16 12 10 9 9.5 8.5 8.25 5.75 4 4 5 4.5 4.5 4 5 6 5.25 4 3.333333 -9999 4 4 4 -9999 -9999 -9999 -9999 -9999 -9999 -9999 -9999 -9999 -9999 -9999 -9999 -9999 -9999 -9999 -9999 -9999 -9999 -9999 -9999 -9999 -9999 -9999 -9999 -9999 -9999 -9999 -9999 -9999 -9999 -9999 -9999 -9999 -9999 -9999 -9999 -9999 -9999 -9999 -9999 -9999 -9999 -9999 -9999 -9999 -9999 -9999 -9999 -9999 -9999 -9999 -9999 -9999
7.25 6.5 6 8.25 13.5 14.25 23.75 31.5 28.75 30.75 25.5 23 21 20.25 18 17.25 14.5 14 15.75 13.5 10 6.75 6.25 5.5 4 3.75 3.75 4.5 5.5 6 6 6 6 4 -9999 -9999 -9999 -9999 -9999 -9999 -9999 -9999 -9999 -9999 -9999 -9999 -9999 -9999 -9999 -9999 -9999 -9999 -9999 -9999 -9999 -9999 -9999 -9999 -9999 -9999 -9999 -9999 -9999 -9999 -9999 -9999 -9999 -9999 -9999 -9999 -9999 -9999 -9999 -9999 -9999 -9999 -9999 -9999 -9999 -9999 -9999 -9999 -9999 -9999 -9999 -9999 -9999 -9999 -9999 -9999 -9999 -9999
5.5 6 6.5 9.5 16.25 23.25 29.75 29 20 24 21.25 17 17.75 20.75 18.5 16.5 15 13 14.5 19.5 11.25 13.75 7.5 5.5 4 5.25 6 6.25 6.5 6.25 6 6 6 4 3 -9999 2 -9999 -9999 -9999 -9999 -9999 -9999 -9999 -9999 -9999 -9999 -9999 -9999 -9999 -9999 -9999 -9999 -9999 -9999 -9999 -9999 -9999 -9999 -9999 -9999 -9999 -9999 -9999 -9999 -9999 -9999 -9999 -9999 -9999 -9999 -9999 -9999 -9999 -9999 -9999 -9999 -9999 -9999 -9999 -9999 -9999 -9999 -9999 -9999 -9999 -9999 -9999 -9999 -9999 -9999 -9999
7.5 6.5 7.5 13 25.25 21.25 20.5 18.75 15 15.75 16.75 16.25 17.5 19 17.75 13 12 10.25 11.25 11.5 14.5 14.5 6.25 4 9.25 7.25 6 5.5 6 6 6 6 6 4 3.75 3.5 3 -9999 -9999 -9999 -9999 -9999 -9999 -9999 -9999 -9999 -9999 -9999 -9999 -9999 -9999 -9999 -9999 -9999 -9999 -9999 -9999 -9999 -9999 -9999 -9999 -9999 -9999 -9999 -9999 -9999 -9999 -9999 -9999 -9999 -9999 -9999 -9999 -9999 -9999 -9999 -9999 -9999 -9999 -9999 -9999 -9999 -9999 -9999 -9999 -9999 -9999 -9999 -9999 -9999 -9999 -9999
9.25 8.5 7.5 10.75 16.5 13.5 12.75 12.75 12 13 14 14.5 17.25 17.75 17 18.5 13.5 8.5 8.5 8 10.25 6 4 4 5 5 4 4 4 5.5 6 6 6 4 4 3.75 2.5 -9999 -9999 -9999 -9999 -9999 -9999 -9999 -9999 -9999 -9999 -9999 -9999 -9999 -9999 -9999 -9999 -9999 -9999 -9999 -9999 -9999 -9999 -9999 -9999 -9999 -9999 -9999 -9999 -9999 -9999 -9999 -9999 -9999 -9999 -9999 -9999 -9999 -9999 -9999 -9999 -9999 -9999 -9999 -9999 -9999 -9999 -9999 -9999 -9999 -9999 -9999 -9999 -9999 -9999 -9999
13.5 11.5 10 8.5 10 11.5 10.5 10 11.5 14 20.25 19.5 21.5 25.75 19.5 13 12.5 11.5 9.25 6 6 6.5 6 4 5.25 5 4.5 4 4 5 6 6 5.5 4 3.75 3 -9999 -9999 -9999 -9999 -9999 -9999 -9999 -9999 -9999 -9999 -9999 -9999 -9999 -9999 -9999 -9999 -9999 -9999 -9999 -9999 -9999 -9999 -9999 -9999 -9999 -9999 -9999 -9999 -9999 -9999 -9999 -9999 -9999 -9999 -9999 -9999 -9999 -9999 -9999 -9999 -9999 -9999 -9999 -9999 -9999 -9999 -9999 -9999 -9999 -9999 -9999 -9999 -9999 -9999 -9999 -9999
13 12 9.25 8 8.5 8.5 10 9 11.5 13.5 16.5 19.5 18.75 17.25 17.5 16 13.25 10 7 6 7.25 9.75 6 4 3.5 4.25 5.25 4 4.5 5.5 5.5 4.5 4 3.5 3 -9999 -9999 -9999 -9999 -9999 -9999 -9999 -9999 -9999 -9999 -9999 -9999 -9999 -9999 -9999 -9999 -9999 -9999 -9999 -9999 -9999 -9999 -9999 -9999 -9999 -9999 -9999 -9999 -9999 -9999 -9999 -9999 -9999 -9999 -9999 -9999 -9999 -9999 -9999 -9999 -9999 -9999 -9999 -9999 -9999 -9999 -9999 -9999 -9999 -9999 -9999 -9999 -9999 -9999 -9999 -9999 -9999
13.5 13 10 10.5 10.5 12.5 12.25 10 12.75 18.25 19.5 18.5 16.75 15 14 12 11 9.5 7 5.5 7.25 6.75 4 3 3 2.333333 4 3.5 3.5 4 3.666667 4 3 -9999 -9999 -9999 -9999 -9999 -9999 -9999 -9999 -9999 -9999 -9999 -9999 -9999 -9999 -9999 -9999 -9999 -9999 -9999 -9999 -9999 -9999 -9999 -9999 -9999 -9999 -9999 -9999 -9999 -9999 -9999 -9999 -9999 -9999 -9999 -9999 -9999 -9999 -9999 -9999 -9999 -9999 -9999 -9999 -9999 -9999 -9999 -9999 -9999 -9999 -9999 -9999 -9999 -9999 -9999 -9999 -9999 -9999 -9999
12.75 10 11 14.25 16.25 23 19.25 12.75 13.5 14.75 15.5 13.5 11.25 7.75 7.25 6.25 5 6 4 3.75 3.25 3 3 2.333333 1 -9999 -9999 -9999 -9999 -9999 -9999 -9999 -9999 -9999 -9999 -9999 -9999 -9999 -9999 -9999 -9999 -9999 -9999 -9999 -9999 -9999 -9999 -9999 -9999 -9999 -9999 -9999 -9999 -9999 -9999 -9999 -9999 -9999 -9999 -9999 -9999 -9999 -9999 -9999 -9999 -9999 -9999 -9999 -9999 -9999 -9999 -9999 -9999 -9999 -9999 -9999 -9999 -9999 -9999 -9999 -9999 -9999 -9999 -9999 -9999 -9999 -9999 -9999 -9999 -9999 -9999 -9999
13.25 11 12 16.25 23.25 33 27.5 19.5 17 14.75 13.25 11 8 7.25 5 4.5 4 5 3.25 3.25 3 2.333333 1 -9999 -9999 -9999 -9999 -9999 -9999 -9999 -9999 -9999 -9999 -9999 -9999 -9999 -9999 -9999 -9999 -9999 -9999 -9999 -9999 -9999 -9999 -9999 -9999 -9999 -9999 -9999 -9999 -9999 -9999 -9999 -9999 -9999 -9999 -9999 -9999 -9999 -9999 -9999 -9999 -9999 -9999 -9999 -9999 -9999 -9999 -9999 -9999 -9999 -9999 -9999 -9999 -9999 -9999 -9999 -9999 -9999 -9999 -9999 -9999 -9999 -9999 -9999 -9999 -9999 -9999 -9999 -9999 -9999
17.25 14.5 13.5 14 17 21.25 31 33.5 33 34 29.75 26.25 15.75 11.5 9.75 7 3.5 3 3 1.5 1 -9999 -9999 -9999 -9999 -9999 -9999 -9999 -9999 -9999 -9999 -9999 -9999 -9999 -9999 -9999 -9999 -9999 -9999 -9999 -9999 -9999 -9999 -9999 -9999 -9999 -9999 -9999 -9999 -9999 -9999 -9999 -9999 -9999 -9999 -9999 -9999 -9999 -9999 -9999 -9999 -9999 -9999 -9999 -9999 -9999 -9999 -9999 -9999 -9999 -9999 -9999 -9999 -9999 -9999 -9999 -9999 -9999 -9999 -9999 -9999 -9999 -9999 -9999 -9999 -9999 -9999 -9999 -9999 -9999 -9999 -9999
35.25 27 19 19.5 19 15.5 12.5 14 18.75 18.5 15.25 12.25 11.5 7.75 7 6.5 3.75 3 2 1 -9999 -9999 -9999 -9999 -9999 -9999 -9999 -9999 -9999 -9999 -9999 -9999 -9999 -9999 -9999 -9999 -9999 -9999 -9999 -9999 -9999 -9999 -9999 -9999 -9999 -9999 -9999 -9999 -9999 -9999 -9999 -9999 -9999 -9999 -9999 -9999 -9999 -9999 -9999 -9999 -9999 -9999 -9999 -9999 -9999 -9999 -9999 -9999 -9999 -9999 -9999 -9999 -9999 -9999 -9999 -9999 -9999 -9999 -9999 -9999 -9999 -9999 -9999 -9999 -9999 -9999 -9999 -9999 -9999 -9999 -9999 -9999
57.75 50.75 42.25 37.5 34.75 33.25 25.5 15.5 9 8 8 5.75 6.5 6.5 5.75 4.75 6 4 1 -9999 -9999 -9999 -9999 -9999 -9999 -9999 -9999 -9999 -9999 -9999 -9999 -9999 -9999 -9999 -9999 -9999 -9999 -9999 -9999 -9999 -9999 -9999 -9999 -9999 -9999 -9999 -9999 -9999 -9999 -9999 -9999 -9999 -9999 -9999 -9999 -9999 -9999 -9999 -9999 -9999 -9999 -9999 -9999 -9999 -9999 -9999 -9999 -9999 -9999 -9999 -9999 -9999 -9999 -9999 -9999 -9999 -9999 -9999 -9999 -9999 -9999 -9999 -9999 -9999 -9999 -9999 -9999 -9999 -9999 -9999 -9999 -9999
37.75 29.5 18.5 12.5 13.25 15 13 9 6 4.75 4.5 10 12.5 8.75 4.75 4 3 2 1 -9999 -9999 -9999 -9999 -9999 -9999 -9999 -9999 -9999 -9999 -9999 -9999 -9999 -9999 -9999 -9999 -9999 -9999 -9999 -9999 -9999 -9999 -9999 -9999 -9999 -9999 -9999 -9999 -9999 -9999 -9999 -9999 -9999 -9999 -9999 -9999 -9999 -9999 -9999 -9999 -9999 -9999 -9999 -9999 -9999 -9999 -9999 -9999 -9999 -9999 -9999 -9999 -9999 -9999 -9999 -9999 -9999 -9999 -9999 -9999 -9999 -9999 -9999 -9999 -9999 -9999 -9999 -9999 -9999 -9999 -9999 -9999 -9999
12 12 10.5 6.25 8.75 27.75 27.75 18.5 13 6.75 3.5 3.75 4.25 3.5 3 3 2.5 1.5 1 -9999 -9999 -9999 -9999 -9999 -9999 -9999 -9999 -9999 -9999 -9999 -9999 -9999 -9999 -9999 -9999 -9999 -9999 -9999 -9999 -9999 -9999 -9999 -9999 -9999 -9999 -9999 -9999 -9999 -9999 -9999 -9999 -9999 -9999 -9999 -9999 -9999 -9999 -9999 -9999 -9999 -9999 -9999 -9999 -9999 -9999 -9999 -9999 -9999 -9999 -9999 -9999 -9999 -9999 -9999 -9999 -9999 -9999 -9999 -9999 -9999 -9999 -9999 -9999 -9999 3 3 3 3 3 3 3 3
11.25 8.5 10.5 5.5 4.5 9.75 12.5 6.25 4.5 4.75 1.5 1 1 1.5 3 3 1 1 -9999 -9999 -9999 -9999 -9999 -9999 -9999 -9999 -9999 -9999 -9999 -9999 -9999 -9999 -9999 -9999 -9999 -9999 -9999 -9999 -9999 -9999 -9999 -9999 -9999 -9999 -9999 -9999 -9999 -9999 -9999 -9999 -9999 -9999 -9999 -9999 -9999 -9999 -9999 -9999 -9999 -9999 -9999 -9999 -9999 -9999 -9999 -9999 -9999 -9999 -9999 -9999 -9999 -9999 -9999 -9999 3 3.5 3.5 3 3 3 3 3 3 3 3 3 3.5 3.5 4.5 4 5 5
3.5 2.5 3 2.5 2 2 1.5 1 1 1 1 1 1 2 2 1.5 1 -9999 -9999 -9999 -9999 -9999 -9999 -9999 -9999 -9999 -9999 -9999 -9999 -9999 -9999 -9999 -9999 -9999 -9999 -9999 -9999 -9999 -9999 -9999 -9999 -9999 -9999 -9999 -9999 -9999 -9999 -9999 -9999 -9999 -9999 -9999 -9999 -9999 -9999 -9999 -9999 -9999 -9999 -9999 -9999 -9999 -9999 -9999 -9999 -9999 -9999 -9999 -9999 -9999 1 1 1 2.5 3 4 4.5 3 3 3 3 3 3 3 3 3 4 4 3 3.5 5 5
1 -9999 -9999 -9999 1 1 1 1 1 1 1 -9999 -9999 1 1 1 -9999 -9999 -9999 -9999 -9999 -9999 -9999 -9999 -9999 -9999 -9999 -9999 -9999 -9999 -9999 -9999 -9999 -9999 -9999 -9999 -9999 -9999 -9999 -9999 -9999 -9999 -9999 -9999 -9999 -9999 -9999 -9999 -9999 -9999 -9999 -9999 -9999 -9999 -9999 -9999 -9999 -9999 -9999 -9999 -9999 -9999 -9999 -9999 -9999 1 1 2 2.333333 1 1 1.5 2.5 3 3 4 3 3 3 3 3 3 3 3 3 4.5 5 4.5 4 4.5 5 5
-9999 -9999 -9999 -9999 -9999 1 1 1 1 -9999 -9999 -9999 -9999 -9999 1 -9999 -9999 -9999 -9999 -9999 -9999 -9999 -9999 -9999 -9999 -9999 -9999 -9999 -9999 -9999 -9999 -9999 -9999 -9999 -9999 -9999 -9999 -9999 -9999 -9999 -9999 -9999 -9999 -9999 -9999 -9999 -9999 -9999 -9999 -9999 -9999 -9999 -9999 -9999 -9999 -9999 2 1 1 1 1 3 2 2.333333 2 2 3 3 3.5 3 3 3 3 3 3 3 3 3 3.5 3.5 4 5 3.5 4 5 5 5 5 5 5 6 6.5
-9999 -9999 -9999 -9999 -9999 -9999 1 -9999 -9999 -9999 -9999 -9999 -9999 -9999 -9999 -9999 -9999 -9999 -9999 -9999 -9999 -9999 -9999 -9999 -9999 -9999 -9999 -9999 -9999 -9999 -9999 -9999 -9999 -9999 -9999 -9999 -9999 -9999 -9999 -9999 -9999 -9999 -9999 -9999 -9999 -9999 -9999 -9999 -9999 -9999 -9999 1 2 2 2 1.5 3.5 2.5 2.5 3 3.75 4.25 4.5 4.5 3.5 4 3 3 3 3 3 3 3 3 4 4 4 4.5 5 5 5 5 5 4.5 4.5 5 6 6.25 10 10.5 9 9.5
-9999 -9999 -9999 -9999 -9999 -9999 -9999 -9999 -9999 -9999 -9999 -9999 -9999 -9999 -9999 -9999 -9999 -9999 -9999 -9999 -9999 -9999 -9999 -9999 -9999 -9999 -9999 -9999 -9999 -9999 -9999 -9999 -9999 -9999 -9999 -9999 -9999 -9999 -9999 -9999 -9999 -9999 -9999 -9999 -9999 -9999 -9999 -9999 -9999 -9999 1 3 4.25 3.5 3 2 4 5.5 3.5 3 4 5.25 6 5.5 5.5 6.5 6 5 4.5 3 3 3 4 4.5 5.75 5 5 5 5 5 5 5 6 6 6.5 6.5 6.5 7.25 7.5 10 11 9.5
-9999 -9999 -9999 -9999 -9999 -9999 -9999 -9999 -9999 -9999 -9999 -9999 -9999 -9999 -9999 -9999 -9999 -9999 -9999 -9999 -9999 -9999 -9999 -9999 -9999 -9999 -9999 -9999 -9999 -9999 -9999 -9999 -9999 -9999 -9999 -9999 -9999 -9999 -9999 -9999 -9999 -9999 -9999 -9999 -9999 -9999 -9999 1 1 2.5 3 5.25 4.5 3.5 3 3 3.5 4 3.5 4.75 3.5 4 4 4 4 5 6.75 5.25 3.5 3.5 4 3.5 4 3 4.5 5 5 5.5 5 5 5 5.5 7 7 7 7 7 7 7 7 8 8
-9999 -9999 -9999 -9999 -9999 -9999 -9999 -9999 -9999 -9999 -9999 -9999 -9999 -9999 -9999 -9999 -9999 -9999 -9999 -9999 -9999 -9999 -9999 -9999 -9999 -9999 -9999 -9999 -9999 -9999 -9999 -9999 -9999 -9999 -9999 -9999 -9999 -9999 -9999 -9999 -9999 -9999 -9999 -9999 2 1 1 1.5 3 4.5 4.5 4 2.5 3 2 2.5 2 2 2 1 1 1 3 3.5 3 3 3 3.5 4 3.5 4 4 4.5 3 4 5 5 5 5 5 5 6 7 7.5 8 9 9 9 9 10 10 10
-9999 -9999 -9999 -9999 -9999 -9999 -9999 -9999 -9999 -9999 -9999 -9999 -9999 -9999 -9999 -9999 -9999 -9999 -9999 -9999 -9999 -9999 -9999 -9999 -9999 -9999 -9999 -9999 -9999 -9999 -9999 -9999 -9999 -9999 -9999 -9999 -9999 -9999 -9999 -9999 -9999 -9999 2.333333 1.5 1 1.5 2 3 3.5 3 3 4.5 3.5 1 1 1 1 1 1 1.5 2 3 3 3.5 3 3 3 3 3 3 3.5 4.5 5 5 5.5 5 5 5 5.5 6 7 8.5 9.5 10.5 10 11 10.5 10 11 11.5 13 11
-9999 -9999 -9999 -9999 -9999 -9999 -9999 -9999 -9999 -9999 -9999 -9999 -9999 -9999 -9999 -9999 -9999 -9999 -9999 -9999 -9999 -9999 -9999 -9999 -9999 -9999 -9999 -9999 -9999 -9999 -9999 -9999 -9999 -9999 -9999 -9999 -9999 -9999 -9999 -9999 2 2 1 1 2 2.5 2.5 3.5 2.5 3.5 3 2 1 1 1 1.5 1.5 2 2 2.5 4 3 3 3 3.5 4 3.5 3 4.5 5 4.5 4 5 5 5 5 5 5.5 6 7.5 8.5 9.5 11 12.5 11.5 11.5 12 11 12.5 13.5 13 11.5
-9999 -9999 -9999 -9999 1 1 1 -9999 -9999 -9999 -9999 -9999 -9999 -9999 -9999 -9999 -9999 -9999 -9999 -9999 -9999 -9999 -9999 -9999 -9999 -9999 -9999 -9999 -9999 -9999 -9999 -9999 -9999 -9999 -9999 -9999 -9999 1 1 1 1 1 1 1 1 1 1 1 1 1 1 1 2 2 2 1 2 4 3.5 3.5 5 4.5 5.5 4 5 5.5 5 5.5 8 7 6 5.5 5 5 5 5 6 6.5 7.5 9 9 9.5 10.5 11 11 12 13 13 13 14.5 15.5 13.5
-9999 -9999 -9999 1 1 1 -9999 -9999 -9999 -9999 -9999 -9999 -9999 -9999 -9999 -9999 -9999 -9999 -9999 -9999 -9999 -9999 -9999 -9999 -9999 -9999 -9999 -9999 -9999 -9999 -9999 -9999 -9999 -9999 1 2 1 1 1 1 1 1 1 1 1.5 1 1 1 1 1 1 1.5 1 2.5 2.5 3 3.5 3.5 5.5 7.5 4 7.5 6.5 8.5 10.75 10 8 13.5 11.25 8.5 10.5 7.5 6 5.5 6.5 7 7.5 8 9.5 9.5 9.5 9.5 10.5 11 11.5 13 13 13 13 12 13 13
-9999 -9999 -9999 1 -9999 -9999 -9999 -9999 -9999 -9999 -9999 -9999 -9999 -9999 -9999 -9999 -9999 -9999 -9999 -9999 -9999 -9999 -9999 -9999 -9999 -9999 -9999 -9999 -9999 -9999 -9999 -9999 1 1 3.5 1.5 1 1 1 1 1 1 1 1 2 1.5 1 1 1 1 1 1 1.5 1 2.5 3.5 3 4 5.5 7 5.5 5 7 16 11.5 10 9.5 10.5 9 7.5 7 5 5 5 6 7 7 7 9 9 9 9.5 11 11 11.5 12.5 12 11.5 11 11 11.5 12
-9999 -9999 -9999 -9999 -9999 -9999 -9999 -9999 -9999 -9999 -9999 -9999 -9999 -9999 -9999 -9999 -9999 -9999 -9999 -9999 -9999 -9999 1 -9999 -9999 -9999 1 1 1 1 1 1 1 1 1.5 1 1 1 1 1 1 1 1 1 1 1 1 1 1 1 2.5 1.5 2.5 1 3.5 5 7.5 5.5 3 4.5 7 5 6 8 6.5 7 6.5 7.5 7 7 6.5 5 5.5 5 6 7 7 7 8 9 9 9 10.5 11 11 11 11 11 11 11 10.5 9.5
-9999 -9999 -9999 -9999 -9999 -9999 -9999 -9999 1 -9999 -9999 -9999 -9999 -9999 -9999 -9999 -9999 -9999 -9999 -9999 -9999 -9999 -9999 -9999 -9999 1 1 1.5 2.5 2.5 3 2 1 1 1 1 1 1 1 1 1 1 1 1 1 1 1 1 1.5 3 3 2 3.5 2 2.5 3.5 4 5.5 5 5.5 6.5 7 7 6.5 6 5 5 6 6 6 6.5 5 5 5.5 7 7 7 7 8.5 9 9 9 11 11 11 11 11 11 11 11 10 9.5
-9999 -9999 -9999 -9999 -9999 -9999 -9999 -9999 -9999 -9999 1 1 -9999 -9999 -9999 -9999 -9999 -9999 -9999 -9999 -9999 -9999 -9999 -9999 1 1 1 1 1.5 2 1 1 1 1 1 1 1 1 1 1 1 1 1 2 2.5 1 1 1 1 2.5 3 3 4.5 3 1 2 4 3.5 4.5 4.5 6 6 6 5 5.5 6 6 6.5 6 5 5 5 6.5 7 7 7 7 7 9 9 9 10.5 11 11 11 11.5 13.5 13.25 12 12 11 10
-9999 -9999 -9999 -9999 1 1 1 1 -9999 -9999 1 -9999 -9999 -9999 -9999 -9999 -9999 -9999 -9999 -9999 -9999 -9999 1 1 1 1 1 1 1 1 1 1 1 1 2 1.5 1 1 1 1 1 1 2 4.5 4.5 1 1 1 1 1.5 2.5 4.5 4 3 3 3 4 4 4.5 5.5 7 7 6.5 5 5 6 7 7 6 5.5 5.5 6.5 7 7 7 7 7 8.5 9 9 10.25 11.5 11.75 13 14 14 14 14 14 12 11 10
-9999 -9999 1 1 1.5 1 1 1 -9999 -9999 -9999 -9999 -9999 -9999 -9999 -9999 -9999 -9999 -9999 -9999 -9999 1 1 1 1 1 1 1 1 1 1 1 2.5 4 3.5 3.5 2.5 2 1.5 1 1 2.5 2 1.5 1 1 1 1 1 1 1 1.5 3 4 4 5.5 5.5 5.5 6.5 7 7 7 7 6 6 7 7 7 6 5.5 7 7 7 7 7 7.75 9 9.5 10 10 12 12.5 13.5 14 14 14 14 14 14.5 13 11 10
1 1 1 2.5 2.5 1 1 1 1 1 1 -9999 -9999 -9999 -9999 -9999 -9999 -9999 -9999 1 1 1 1 1 1 1 1 1 1 2 2.5 3 5.5 3.5 3 1.5 2 3 2.5 1 1 1 1 1.5 3 3.5 4.5 3 3 3.5 3.5 4.5 3 3.5 4 6.5 5 6.5 7 7 7 7 7 7 6.5 7 7 7 7 7.25 7.5 7.5 7.75 8 9 10 10 10 10 11.5 12.5 14.5 13.5 13 14 14 15 14.5 15 13.5 11 10
1 1 1.5 3 2.5 1 1 1 1 1.5 2 1.5 1 1 1 1 1 1 1 1 1 1.5 1 1 2 3 3 3.5 3 4 6 3.5 3 3 3 4.5 5 3.5 1.5 1 1 1 2 6 10.5 7.5 4 2 4 7 3.5 9 7.5 4.5 6 5.5 6.5 7 7.5 7 7 7.5 8.5 7.5 7.5 7.5 8 8 8.5 9 8 8 8 9.5 10 10 10 10.5 11.5 12 13 12 12 12 13 14 15 15 14 13 11.5 10
1 1.5 1 1 1 1 1 1 1 1.5 2.5 1 1 1 1 1 1 1 1 2 2 2 1 2.5 3 4.5 5 4.5 5.5 6 4.5 3 3 3 3.5 5 3.5 2 1 1 1.5 1.5 3 6.5 9.5 10.5 3.5 3 3 6 3.5 7 8.5 7.5 8.5 7.5 8.75 10.5 9 9.5 13 14 12.5 9 8 8 9.5 10.5 8.5 8 8 8 8 10 10 10 11 12 12 12 12 12 12 12.5 14 15 14 14.5 14 14 12.5 12
1 1 1 1 1 1 1 1 1 1 1 1 1 1 1 1 1.5 2.5 3 3 3 3 1 2.5 2.5 3 3 3 5.5 5.5 5 4 5 6 5.5 3.5 3 3.5 2.5 2.5 2 4 3.5 4.5 5 7 7 4 4 5.5 4.5 4.5 9 12 12 10.5 12 13 13.5 16 16.5 17.5 15 9.5 8.5 8 9 8.5 8 8 8 8.5 9.5 10.5 10 10 10 11 12 10.5 11.5 12.5 15 16 15.5 16 15.5 15 15.5 16.75 16 14
1 1 1 1 1 1 1 1 1 1 1 1 1 1 1 3 2.5 3 3.5 5 3 3 3 3 3 3.5 5.5 4.5 5.5 5.5 5 5.5 7 5.5 7 5 5 5.5 3 4 4.5 5 6 7.5 8.5 11.5 11.5 8 6 6 10 10.25 10.75 15 14 12 12 13.5 14.5 16 15.5 15 14 13.5 11.5 10 9 8 8 8 9 10 10 10 10 10 10 10.5 11.5 11.5 12.5 16 16 16 17 16 16 16.5 16 17 19 18.75
2.5 2.5 1 1 1 1 1 1 1 1 1 1 1 1.5 2 3 3 3.5 4 3 3 3 3 4 4.5 7.5 6 6 7 7.5 8 8 10 6 8 8 6 5.5 5 7 11.5 6.5 7.5 13.5 13.5 14 14.5 12 9 7.75 7.75 10 10.5 13 12 10.5 11 11 12 12 12 13 12.5 12.5 10.5 9.5 8 8 8 9.5 10 9.5 10 10 10 10 10 10.5 12.5 14 17 16 16 16 16 16 16 17.5 17.5 16.25 16.5 14
