layers/wordclim/past/Iberia_miroc_10_ascii/bio_05.asc
ncols         205
nrows         142
xllcorner     -11.010633712694
yllcorner     33.273793250999
cellsize      0.083333333333334
NODATA_value  -9999
[rows 102 to 135 of 142, columns 77 to 153 of 205]
263.25 263.75 265.25 268.5 270 -9999 -9999 -9999 -9999 -9999 -9999 -9999 -9999 -9999 -9999 -9999 -9999 -9999 -9999 -9999 265 264 262 262 -9999 -9999 -9999 -9999 -9999 261.3333 -9999 -9999 -9999 -9999 -9999 -9999 -9999 -9999 -9999 -9999 -9999 -9999 -9999 -9999 -9999 -9999 -9999 -9999 -9999 -9999 -9999 -9999 -9999 -9999 -9999 -9999 -9999 -9999 -9999 -9999 -9999 -9999 -9999 -9999 -9999 -9999 -9999 -9999 -9999 -9999 -9999 276.5 299.5 293.5 297 302 303
262 263.75 267.5 -9999 -9999 -9999 -9999 -9999 -9999 -9999 -9999 -9999 -9999 -9999 -9999 -9999 -9999 -9999 -9999 -9999 -9999 263 -9999 -9999 -9999 -9999 -9999 -9999 -9999 -9999 -9999 -9999 -9999 -9999 -9999 -9999 -9999 -9999 -9999 -9999 -9999 -9999 -9999 -9999 -9999 -9999 -9999 -9999 -9999 -9999 -9999 -9999 -9999 -9999 -9999 -9999 -9999 -9999 -9999 -9999 -9999 -9999 -9999 -9999 -9999 -9999 275 272.5 276.5 274.75 277.5 273.5 280.75 285 290.25 292 290
262 264 -9999 -9999 -9999 -9999 -9999 -9999 -9999 -9999 -9999 -9999 -9999 -9999 -9999 -9999 -9999 -9999 -9999 -9999 -9999 -9999 -9999 -9999 -9999 -9999 -9999 -9999 -9999 -9999 -9999 -9999 -9999 -9999 -9999 -9999 -9999 -9999 -9999 -9999 -9999 -9999 -9999 -9999 -9999 -9999 -9999 -9999 -9999 -9999 -9999 -9999 -9999 -9999 -9999 -9999 -9999 -9999 -9999 -9999 -9999 -9999 -9999 -9999 -9999 275 270 268.75 272 276.25 281 278.5 278.5 286 293 293.5 289
-9999 -9999 -9999 -9999 -9999 -9999 -9999 -9999 -9999 -9999 -9999 -9999 -9999 -9999 -9999 -9999 -9999 -9999 -9999 -9999 -9999 -9999 -9999 -9999 -9999 -9999 -9999 -9999 -9999 -9999 -9999 -9999 -9999 -9999 -9999 -9999 -9999 -9999 -9999 -9999 -9999 -9999 -9999 -9999 -9999 -9999 -9999 -9999 -9999 -9999 -9999 -9999 -9999 -9999 -9999 -9999 -9999 -9999 -9999 -9999 -9999 -9999 259.5 266.25 266 269 268.5 273 274.75 279.25 283.5 283.5 284.75 290.5 290.5 299.5 301
-9999 -9999 -9999 -9999 -9999 -9999 -9999 -9999 -9999 -9999 -9999 -9999 -9999 -9999 -9999 -9999 -9999 -9999 -9999 -9999 -9999 -9999 -9999 -9999 -9999 -9999 -9999 -9999 -9999 -9999 -9999 -9999 -9999 -9999 -9999 -9999 -9999 -9999 -9999 -9999 -9999 -9999 -9999 -9999 -9999 -9999 -9999 -9999 -9999 -9999 -9999 -9999 -9999 -9999 -9999 -9999 -9999 -9999 -9999 255.5 254.6667 255.5 260.25 264 266.5 269.5 273.25 281.75 283.25 290.5 293 297.25 299.5 300.5 305 308.25 314
-9999 -9999 -9999 -9999 -9999 -9999 -9999 -9999 -9999 -9999 -9999 -9999 -9999 -9999 -9999 -9999 -9999 -9999 -9999 -9999 -9999 -9999 -9999 -9999 -9999 -9999 -9999 -9999 -9999 -9999 -9999 -9999 -9999 -9999 -9999 -9999 -9999 -9999 -9999 -9999 -9999 -9999 -9999 -9999 -9999 -9999 -9999 -9999 -9999 -9999 -9999 -9999 -9999 -9999 -9999 -9999 -9999 258 256.25 252 255.25 260.25 265 268.25 271.5 274.75 276.25 282.75 295.25 303.5 308.75 308.75 305.25 308.75 307.25 310.25 314.5
-9999 -9999 -9999 -9999 -9999 -9999 -9999 -9999 -9999 -9999 -9999 -9999 -9999 -9999 -9999 -9999 -9999 -9999 -9999 -9999 -9999 -9999 -9999 -9999 -9999 -9999 -9999 -9999 -9999 -9999 -9999 -9999 -9999 -9999 -9999 -9999 -9999 -9999 -9999 -9999 -9999 -9999 -9999 -9999 -9999 -9999 -9999 -9999 -9999 -9999 -9999 -9999 -9999 -9999 -9999 259.5 258 257.5 258.25 259.5 262.25 266.25 269 272.75 274.75 280 286.25 294 300 302.5 302.75 303 302.25 306.5 306.75 302.5 309.75
-9999 -9999 -9999 -9999 -9999 -9999 -9999 -9999 -9999 -9999 -9999 -9999 -9999 -9999 -9999 -9999 -9999 -9999 -9999 257 255.5 256 -9999 -9999 -9999 -9999 -9999 -9999 -9999 -9999 -9999 -9999 -9999 -9999 -9999 -9999 -9999 -9999 -9999 -9999 -9999 -9999 -9999 -9999 -9999 -9999 -9999 -9999 -9999 -9999 -9999 -9999 257.5 259.75 258.25 256.5 256.5 260 262 264.5 267 271.5 276.25 280.75 285.25 290 294 292.25 293 296.5 304.25 301.75 298.5 298.75 302.75 297.25 302.5
-9999 -9999 -9999 -9999 -9999 -9999 -9999 -9999 -9999 -9999 -9999 -9999 -9999 -9999 -9999 -9999 -9999 -9999 257 256.3333 257 -9999 -9999 -9999 -9999 -9999 -9999 -9999 -9999 -9999 -9999 -9999 -9999 -9999 -9999 -9999 -9999 -9999 -9999 -9999 -9999 -9999 -9999 -9999 -9999 -9999 -9999 -9999 -9999 252 253 258.5 258.25 259.5 258.5 256.25 259.25 264 267.75 270.5 274 279.75 284.25 287.25 289.25 291.5 292.25 295.75 294.75 296.25 296.25 297 296.5 294.5 291.25 300.25 293.5
-9999 -9999 -9999 -9999 -9999 -9999 -9999 -9999 -9999 -9999 -9999 -9999 -9999 -9999 -9999 -9999 -9999 -9999 258 -9999 -9999 -9999 -9999 -9999 -9999 -9999 -9999 -9999 -9999 -9999 -9999 -9999 -9999 -9999 -9999 -9999 -9999 -9999 -9999 -9999 -9999 -9999 -9999 -9999 -9999 -9999 -9999 254 251 250.5 252.75 258.5 260.5 261.25 260 260.75 263.25 267.5 272.75 276 280.75 287.25 290.25 291.5 291 292 295.5 295.75 299.5 297.75 295 298.5 297.5 293.5 291.5 295.75 300.75
-9999 -9999 -9999 -9999 -9999 -9999 -9999 -9999 -9999 -9999 -9999 -9999 -9999 -9999 -9999 -9999 -9999 -9999 -9999 -9999 -9999 -9999 -9999 -9999 -9999 -9999 -9999 -9999 -9999 -9999 -9999 -9999 -9999 -9999 -9999 -9999 -9999 255 -9999 -9999 -9999 257 255.5 253.5 251.5 248.25 248.5 247.75 246.5 249.5 253.25 257.25 259.75 263 263.25 264.75 267.25 272 276.75 282.5 288 293.75 295.5 294.25 293 292 296 295 300.25 293.75 290.75 288.75 292.25 299.25 297 289 298.5
-9999 -9999 -9999 -9999 -9999 -9999 -9999 -9999 -9999 -9999 -9999 -9999 -9999 -9999 -9999 -9999 -9999 -9999 -9999 -9999 -9999 -9999 -9999 253.5 -9999 -9999 -9999 -9999 -9999 -9999 -9999 -9999 -9999 -9999 -9999 -9999 -9999 -9999 -9999 -9999 258 257 255.75 255 254.25 254.25 251 245.75 247 250.25 254 257.75 262.25 265.75 267.25 269.25 272 276.75 281.75 286 290.5 296 297 293.25 290.25 291.5 293.75 293 297.5 297.5 295.25 294.75 291.75 293 293 290.75 290.25
-9999 -9999 -9999 -9999 -9999 -9999 -9999 -9999 -9999 -9999 -9999 -9999 -9999 -9999 -9999 -9999 -9999 -9999 -9999 -9999 -9999 -9999 -9999 -9999 -9999 253 253 -9999 -9999 -9999 -9999 -9999 -9999 -9999 -9999 -9999 -9999 -9999 -9999 258 259 259.5 258.75 257 256 253.75 251.75 249.5 250.75 253.75 256.75 260.25 264.25 268 270.25 273 276.75 281.75 286.25 287.25 291 295.25 297.25 295.75 293.25 291.5 291.75 290.25 293.75 300.75 298.25 296.25 297.5 294 296 291 291.75
-9999 -9999 -9999 -9999 -9999 -9999 -9999 -9999 -9999 262 -9999 -9999 -9999 -9999 -9999 -9999 -9999 -9999 -9999 258 257.5 257 257 -9999 -9999 254 -9999 -9999 -9999 -9999 -9999 -9999 -9999 -9999 -9999 -9999 -9999 258 258.5 259 261 262 261.25 260 259 258.5 257.25 256.5 257.25 259.5 261.25 264 266.25 270.25 274 276.75 282.25 286.5 286.5 287.25 291.75 294.5 298.5 298.25 296.25 292.75 291.25 290.75 294.25 294.75 295.75 295.5 294.75 294 292 291 291.75
-9999 -9999 267 264 264 265 -9999 -9999 -9999 -9999 -9999 263 -9999 -9999 -9999 -9999 -9999 260.5 258 257.75 257.5 257.5 257.25 -9999 -9999 -9999 -9999 -9999 -9999 -9999 -9999 -9999 -9999 -9999 -9999 -9999 258 258.25 258.75 260.25 262.5 264 264 263.75 263.5 263.5 263.75 264 265.5 266.75 267.25 268 270.25 275 276 282 287.25 288.25 290.25 291.5 293 295.25 297.25 298.75 299.5 298.5 297.25 293.5 291.75 292.5 291 291.75 291.5 291 290.5 291.25 293.75
-9999 -9999 -9999 264.5 265 265 -9999 -9999 266.5 265.5 264.5 263 263.5 263.25 263 261.75 260.25 259.25 259.25 259 259.5 259.25 258.5 257.6667 257 257 -9999 -9999 -9999 -9999 -9999 -9999 -9999 -9999 256.5 257.25 258.25 260.25 261.75 264.75 267.75 269.25 268.25 268.25 268.25 268.25 267.75 268.75 268.5 269.5 269.5 271 274.25 277.75 278.5 282.5 284.5 288 290.5 291.25 291.25 291.75 294 293.75 294.25 292.75 292.25 294.5 293.75 292.25 291.25 292.25 292 290.5 290.5 292.25 294.75
271 272 272 271.5 270.5 267 265.3333 264.5 263.75 264 265.25 264.75 264 263 263 261.5 260.5 259.75 261.5 262.25 262.5 262.75 261.5 259.25 257.5 255.75 256.75 256.5 256.5 256 255.75 256 256 256 256.5 260 267.25 265.75 269 273 275.75 275.5 273.75 272.25 271.25 271.25 270.25 269.75 271.5 273 275.5 277 277 278.25 280.75 283.5 285.25 287.5 289 287.25 288.75 292.25 296.25 293.5 289.75 294 288.25 289.25 291.5 291.5 292 291.75 291.25 289.5 289.5 291 292.25
271.75 271.5 272 271 268.25 268 267.5 267.5 265 266.25 268.25 268 267.75 266 265.25 262.25 262.25 261.75 263.75 265.25 266.5 268 266.75 263.5 260.25 258.25 260.25 260.75 259.75 258.75 257.5 256.75 255.5 256.75 266.75 271.5 272.75 269.75 277.75 280.25 280.75 279 277.25 274.5 274.25 273.5 272.75 272.75 275 277.75 280 279 278.25 281.25 282.5 284 285.75 288.75 290 289.25 289 294 295.75 295.5 291.75 294 291 289 290 289.75 290.5 289.75 289.25 288.25 288 286 285.5
269.5 274.5 274.5 273.25 272.75 271.25 271.25 271.25 271 270.25 268.75 271 268.75 270.75 268.5 263.5 263.75 264.25 266.25 268.75 272.25 276 277.5 276.5 274.5 271.5 267.75 268.25 267.5 267.25 264.25 264.75 263.5 266.75 279.75 279.25 276.5 275 281 283.75 285.75 282.75 280.25 277.25 276.5 276 276.5 278.5 281.75 284.75 282.5 281.25 282.75 284.25 284.75 286 288.25 290.5 292 293.25 291.75 292.75 296 295.25 293.5 293.75 294 289.75 287.5 287 287.5 286.25 286.25 285.25 283 283 282.5
268.25 265.25 263 264.5 266.75 270 268.75 267.25 270 271.5 261.5 264 275 272.75 268 265.75 265.25 266.75 269.25 274 280.5 287.5 287.25 286.5 284.25 277 276.5 277 275.25 276 278 278.5 278.75 281.5 287 283.25 280 282.5 286.5 287.5 287 284.25 282.25 278.75 278 278 279.5 283 286.5 291.25 289 288.75 288 287.5 288.25 289.5 290.5 292.25 293.25 292.75 291.25 290.75 294.25 295.25 293.5 290.5 290 290 286.25 286.25 286.5 285.5 284.25 283.5 282.5 283.75 284.5
251 247 253.75 262.75 268.25 258.75 248.25 259.25 274 272.75 268.75 276.25 276.75 274.5 273 269.75 269 269.25 271.25 274.75 282.5 291.75 293.5 288.5 284 283.25 284.25 284.75 283.5 283.75 286.25 288.75 291 290.5 288.5 285 289 289.75 291.25 290.5 286.5 285 282.75 279 277.5 276.75 280 282.75 289.75 297.75 297.5 292.5 289.75 290 291 291.25 293.5 294.75 292.5 291.75 290.75 289.75 292 293.25 294.5 293.25 291.5 290.25 287.75 287.75 287 285.25 285.25 284.25 284.5 286 287
241.25 244.25 254.25 250.5 257.25 258.25 253.75 267 262 267.5 274 275 278.5 277.75 275.25 273 271 269.25 268.25 273 278.25 286 290 288.5 284.75 281.5 280 279.75 274.75 282.25 289.75 291.75 292.75 292 292 292.5 294.5 292 284.75 278.75 280.75 279.75 277.5 274.25 272.25 273.75 277.75 283.25 289.5 292.75 293.75 294.25 291.5 292 293.25 293.5 295.75 294 291.25 291.75 289.25 288.75 291.75 293.75 294.75 294 291.5 291 289.5 288.5 288.25 287.25 285.5 285.5 286.25 288 289.75
275 265.75 266.5 267.75 263.5 272.25 264 262 257.5 258.75 264 278.5 281 279.5 275.5 273.5 272 269.75 268.5 271.5 273.5 278.5 277.5 276.5 273 273 277 278.5 282 287.5 291 296 297.75 298.25 297.75 297 293.5 286 280.25 275.75 276 275 272.25 271.25 272.5 273.5 275 276.5 278.5 278 285.5 290.5 284.25 285.25 291.25 290.25 291.5 289.5 290.25 289.5 288.5 289.5 292.25 293 293 292.25 291.75 291.75 290.75 290.75 289.25 288.5 288.25 288.5 289 290.25 291.5
298.75 279.75 282.25 292.5 284.5 278.5 265.5 260.25 267.75 267.75 273 277 278.5 276.5 278.25 276 271.5 270 267.75 268.75 267 269.75 270.25 270.5 273.5 276.25 278.25 282.75 285.25 287.5 291.5 297 300.25 300 296.25 290.25 291.75 290 286 285 279.75 274.25 272 271.5 269.75 270.5 269.5 267.75 271.25 278 283.5 280.25 279.75 281 284.75 286.5 288.5 289 289.75 289.75 292 292.75 294 294.75 293.75 293.5 293.5 292.75 293 292.5 291.25 290.5 290 290.5 291.5 292.5 294
307.75 300.5 297.25 280 279.25 270 267.25 267 278.75 273.5 276.25 272.75 259.5 266.25 280.75 278.75 275 270.5 267.25 264.5 262.25 261.5 265.75 269 272.25 275.25 277 280.5 282.25 284.5 288.75 290.5 292 285.5 280.25 281 278.75 281.75 285.25 283.5 279.5 277.25 273.5 270.25 269.5 268.75 268 269.75 273.25 276.25 275.25 274.5 275.75 280.25 284 287.25 287.75 289.5 293 293 295 294.5 295.5 296 295.25 296.25 295.75 295 295.5 294 293.25 292.25 292.25 292.5 293 293.5 294.25
312.25 296.25 297.75 293.75 290 288.5 285 281.75 285.75 288.75 289.25 278.5 277.75 275.25 286.75 283.5 278.75 272 264 256.25 251.75 255.25 262 267 270 273 275 277.75 276.75 276.75 282 282 284 282.25 277.25 274.75 275.25 279.75 283.25 282.75 281.25 278 274.75 271.5 270 269 269.25 271.5 272 273.75 274.5 276 277.75 280.75 285.5 287.75 289.25 292.75 296 296 297 297.5 297.5 298 298.25 297.75 297.25 297 296.75 295.75 294.5 294.75 293.25 293.5 294 294.25 294
319.25 318 313.25 308 303.75 294.5 287.25 294.75 287.5 294.25 292.25 283.75 292.75 296.5 296 289.75 283 274.25 263 253 248 256.5 264.25 268.25 269.75 271.75 273.25 274.75 275.75 275.75 279.5 281.75 282.5 283.5 282 280.5 281.75 281.25 283.5 282.5 281.25 278.75 275.75 272.5 271.5 271 271.25 272 273 275.25 276.5 278.5 279.5 283 287.5 290.75 293.75 295.5 297.5 298.5 298.75 299 299.5 300.5 300 299.25 298.75 299 297.75 296.75 296 295.5 294.5 294.5 294.5 295 295.25
324.75 321 313.5 303.75 302.5 311.25 303.75 302.75 301.25 305.25 301.25 303.25 306.5 306.25 303.25 297.5 287.75 277.25 267.75 262.75 258.25 264.75 267 267.75 267.25 270 273 273.75 273.5 275.5 277.75 277.75 281.75 283.25 284 285.25 285.5 285 284 281.75 281 278.25 276.75 274.25 273.75 273.5 273.5 274.75 276.5 279 280.25 281.75 283.5 286.25 290 294 296.5 298.5 300 300.25 301.5 301.75 302 302.25 302 301 300.5 299.25 299 297.75 297 297.25 296.25 295.25 295.75 296 295.25
320 320.75 317.25 319.5 317 314.5 315.5 313.75 311.5 308.5 310 310.75 310.75 310.25 310.5 303.5 291.25 281.5 273.5 268 266.5 268.5 268.5 270.5 271.25 272.25 274.5 277 278.75 279.5 280.5 281.75 284 285.5 286.25 287.25 287.25 285 284 282 280 279.25 278.25 277 276.75 277.75 278 278 280.25 282.5 284.25 286 287.5 290.5 294 297 300 301 302.5 303.25 303.5 303.5 303.25 303.75 302 301.5 300.75 300.5 300.25 299 298.25 297.75 297.25 296.25 296.25 295.25 295.75
326 326.5 324 321.25 312.75 305 292 302.75 306.5 308.25 310.25 311.25 311.25 311.25 310.75 303 292 284 278 273.25 271 270.75 270.5 272.25 273.25 273.75 275.5 278 280.5 282.25 283.25 283.75 286 287 287 285.75 285 284.5 284.75 284 282.75 282 281.25 281 281 281.5 282.25 282.5 284.25 286.75 288.25 289.5 292.25 294.5 298 300.25 302.75 304 305.25 305.5 306 304.75 305.25 305 303.75 303.5 303 301.5 301 300.25 299.5 298 297.75 296.25 295.5 296.25 297.25
329 324.25 318 307.5 280.5 274.75 269.75 283.5 293.5 307 309 308.25 308.5 310 307 298.25 290.5 285.25 279.5 276.5 274.25 273.25 272.25 273 273.75 274.25 276 279 280.75 283.5 285.25 285.75 287.25 287.75 286.5 286.25 288 288 287.25 286.5 286.5 286 285.5 285.5 285.25 286 287 287.75 289 291.5 293.5 295.25 296.75 298.5 300.5 302.25 304.5 305.75 306.5 307 307 307 307 306.5 305.5 305 303.25 302 301.5 301 300.25 299.75 298.25 297.5 296.5 296.5 297.75
323 316.5 308.75 302.25 283.5 277.5 279.5 292.5 304 308 303.5 303 307 308.75 300.75 293.25 288.25 276 275 269.75 270 272.25 271.25 274 276 276.5 278 280.25 282.5 285 286.5 287.25 288.75 289 289.75 290.25 290.5 291 290.25 290.25 290.25 290 290 289.5 290 291 292 292.25 293.75 296.25 298.25 299 299.75 301.75 303.5 304.75 305.75 306.5 308 307.5 308.25 308 307 307.25 307 305.75 304.5 302.75 301.75 302 300.75 301 300.25 299 297 297.5 297
312.5 304 295.5 278.25 279 281.25 285.75 293 294.25 290 283.25 289.75 299.25 304.75 295 289.75 283 271.5 267.75 268.25 269.25 271.25 271.5 275.5 277.75 279.25 280.25 282 284.25 287 287.75 289.5 290.5 291.5 291.75 292.5 294 294 293.75 293.75 294 294.25 294.75 294.25 295 295.75 296.75 297.25 298.5 300.75 302.25 302.5 303 305 306.5 307.5 308 308 308.25 309.25 310 309.25 308.75 308.25 308 307 304.75 303.75 302.5 302 302.25 302.5 302 300.25 299 298 299.25
301.25 295.5 294.75 294 286 266.75 268.5 277 268.75 287.25 279.75 281.5 296.75 298.5 288 276.5 272.5 270.5 271 272.5 274.5 275.5 276.5 279 280.75 281.75 282.5 284 286.25 288.75 289.75 290.5 292.25 294 295.25 295.75 297.25 297.25 297 297.5 298.25 298.5 299 299 299.25 300.5 301 301.75 302.75 304.25 305.5 306 307.5 309 310 310.25 310.25 310 308.75 309.5 310.5 310.5 310.25 310 308.75 308 305.75 304.25 302.5 302.75 304.25 303.25 302.5 301.25 300.5 302 303.5
