layers/wordclim/past/Iberia_miroc_10_ascii/bio_12.asc
ncols         205
nrows         142
xllcorner     -11.010633712694
yllcorner     33.273793250999
cellsize      0.083333333333334
NODATA_value  -9999
[rows 0 to 33 of 142, columns 77 to 153 of 205]
-9999 -9999 -9999 -9999 -9999 -9999 -9999 -9999 -9999 -9999 -9999 -9999 -9999 -9999 -9999 -9999 -9999 -9999 -9999 -9999 -9999 -9999 -9999 -9999 -9999 -9999 1502 1560 1567.5 1537 1489 1455 1439.5 1422.5 1405.5 1391 1378.5 1364 1348 1336.5 1325.5 1312 1289 1271 1254 1231 1205.5 1199.5 1190 1170.5 1172.5 1162.5 1152 1131.5 1134.5 1140.5 1132 1129 1121.5 1116 1129.5 1139 1134 1155.5 1156.5 1154 1160.5 1141 1110.5 1109.5 1103.5 1119 1108 1103.5 1076 1056.5 1072
-9999 -9999 -9999 -9999 -9999 -9999 -9999 -9999 -9999 -9999 -9999 -9999 -9999 -9999 -9999 -9999 -9999 -9999 -9999 -9999 -9999 -9999 -9999 -9999 -9999 -9999 -9999 1525 1554.75 1569.5 1533.75 1490.75 1464.5 1449 1428 1412.75 1399.75 1383.25 1370.25 1355.25 1348 1331.5 1309 1290.5 1271 1248.75 1224 1200.75 1182.75 1180 1172.75 1162.75 1143.75 1139.5 1131.5 1126.25 1121.75 1117 1117.5 1123.25 1130.5 1135 1138.5 1131.5 1143.25 1142.75 1129 1106 1098 1114 1113.75 1109.5 1101 1083 1033.5 1011 1023.25
-9999 -9999 -9999 -9999 -9999 -9999 -9999 -9999 -9999 -9999 -9999 -9999 -9999 -9999 -9999 -9999 -9999 -9999 -9999 -9999 -9999 -9999 -9999 -9999 -9999 -9999 -9999 -9999 1498 1556.667 1570.75 1548.5 1518 1493.25 1463.75 1441 1427.5 1412 1396.25 1373.75 1382 1360 1337 1317.75 1294.5 1270.5 1241.5 1215.75 1199.5 1190.5 1173.25 1161.5 1152.75 1156.25 1151.75 1129.25 1125.75 1121.5 1116.75 1108.25 1109 1110.75 1107.25 1114.5 1113.5 1097.5 1088.5 1089 1092.5 1097.5 1070.5 1063.75 1046.75 1050.5 1021 1019.25 989
-9999 -9999 -9999 -9999 -9999 -9999 -9999 -9999 -9999 -9999 -9999 -9999 -9999 -9999 -9999 -9999 -9999 -9999 -9999 -9999 -9999 -9999 -9999 -9999 -9999 -9999 -9999 -9999 -9999 -9999 1571.5 1593.25 1571.25 1539.5 1501.25 1474 1458.75 1446 1427.5 1401.25 1414.25 1389 1368.25 1344.25 1318 1288 1263.25 1237 1217.75 1222.5 1208 1184.5 1164 1142.5 1134.5 1130.75 1119.5 1112.25 1095.75 1085.5 1081.25 1076 1084.75 1077.5 1078.25 1085.25 1072.75 1065.5 1067.25 1052.5 1037 1028.5 1035 1020.75 1031.5 1049.25 1041.75
-9999 -9999 -9999 -9999 -9999 -9999 -9999 -9999 -9999 -9999 -9999 -9999 -9999 -9999 -9999 -9999 -9999 -9999 -9999 -9999 -9999 -9999 -9999 -9999 -9999 -9999 -9999 -9999 -9999 -9999 1567 1600.5 1602 1574 1537 1507.25 1494.5 1479.5 1467.25 1448.25 1442.75 1411 1389.25 1366.5 1346 1317 1288 1260.25 1230.5 1225.5 1223.5 1207.25 1186.25 1174.5 1158.75 1149.75 1136 1127.25 1120 1109 1103.75 1093.5 1083.75 1084.75 1084.25 1088.5 1087.75 1078.75 1079.75 1053 1041.25 1031 1055 1045.75 1042.25 1041.25 1030.25
-9999 -9999 -9999 -9999 -9999 -9999 -9999 -9999 -9999 -9999 -9999 -9999 -9999 -9999 -9999 -9999 -9999 -9999 -9999 -9999 -9999 -9999 -9999 -9999 -9999 -9999 -9999 -9999 -9999 -9999 -9999 1589.5 1612 1598.5 1567.75 1544.25 1529 1515.25 1502.5 1495.25 1473.5 1439 1410.25 1387.5 1366.25 1343.25 1318 1290.25 1262.25 1233.5 1211.25 1209.75 1195.25 1175.75 1156.5 1140.75 1122.5 1108.25 1101 1087.75 1080 1069 1062 1054 1063.25 1079 1091 1085.5 1088.25 1068.5 1051 1046.5 1054.5 1066 1057.5 1047.75 1020.25
-9999 -9999 -9999 -9999 -9999 -9999 -9999 -9999 -9999 -9999 -9999 -9999 -9999 -9999 -9999 -9999 -9999 -9999 -9999 -9999 -9999 -9999 -9999 -9999 -9999 -9999 -9999 -9999 -9999 -9999 -9999 1607.25 1623.5 1615.25 1592.75 1575.75 1561.75 1546.75 1531 1521.5 1519.25 1479.25 1446.5 1412 1386.75 1372.75 1343.25 1312.25 1289.75 1263.25 1225.75 1204 1192.75 1168 1149 1136.25 1125.5 1111.5 1093.75 1080.75 1073.5 1065.25 1061.25 1052 1047 1058.75 1060.75 1062.5 1065.25 1052.5 1058.5 1057.75 1062.25 1054.75 1046.75 1027.75 997.5
-9999 -9999 -9999 -9999 -9999 -9999 -9999 -9999 -9999 -9999 -9999 -9999 -9999 -9999 -9999 -9999 -9999 -9999 -9999 -9999 -9999 -9999 -9999 -9999 -9999 -9999 -9999 -9999 -9999 -9999 -9999 1622 1629.25 1629.5 1616.75 1601 1589.75 1577 1560.5 1552.5 1549.25 1510 1481 1448 1413 1382.75 1362 1336.25 1306.5 1272.5 1242.5 1233.25 1210.75 1185 1163.25 1131.5 1103.5 1093.75 1082 1070.25 1058 1055 1051 1035.75 1026.25 1031.25 1016.25 1024.5 1023.75 1021 1031 1025.75 1031.25 1023.5 1013.25 999.25 994.5
-9999 -9999 -9999 -9999 -9999 -9999 -9999 -9999 -9999 -9999 -9999 -9999 -9999 -9999 -9999 -9999 -9999 -9999 -9999 -9999 -9999 -9999 -9999 -9999 -9999 -9999 -9999 -9999 -9999 -9999 -9999 -9999 1651.25 1652.5 1642.25 1632.25 1623.5 1611.25 1596.75 1590.25 1582.5 1544.5 1515.75 1481.5 1444.75 1408 1378.25 1349.75 1323.25 1289 1257.75 1249.25 1226.75 1206 1185.5 1158.25 1116.25 1087.5 1060.75 1061 1049.5 1024 1010.5 1009.5 1009.5 1005.5 1016.5 1038.25 1039.5 1040.75 1047.75 1039.75 1019.25 1009.75 1016 997.75 1002
-9999 -9999 -9999 -9999 -9999 -9999 -9999 -9999 -9999 -9999 -9999 -9999 -9999 -9999 -9999 -9999 -9999 -9999 -9999 -9999 -9999 -9999 -9999 -9999 -9999 -9999 -9999 -9999 -9999 -9999 -9999 -9999 1689.5 1693.5 1683.75 1668.5 1659 1644.5 1631 1624.5 1608 1573.75 1543 1510.25 1474 1434.5 1398.75 1368.5 1339.5 1311.5 1285.25 1250.5 1225 1209.5 1193.5 1155.75 1130 1098.75 1053 1040.25 1032.75 1031 1038.75 1036 1016 1019 1023.75 1036.5 1028.25 1017 1022.25 1026 1021.25 1012 1011.75 1010.75 1016.75
-9999 -9999 -9999 -9999 -9999 -9999 -9999 -9999 -9999 -9999 -9999 -9999 -9999 -9999 -9999 -9999 -9999 -9999 -9999 -9999 -9999 -9999 -9999 -9999 -9999 -9999 -9999 -9999 -9999 -9999 -9999 1713.5 1728.5 1732 1721 1704.5 1691 1676.75 1660.5 1660.5 1636.5 1602.75 1572 1537.5 1499.75 1456.75 1423.75 1393.5 1357.5 1326.25 1299.75 1270.25 1239.25 1211.25 1187.25 1154 1129.75 1113.5 1065.25 1040.75 1025.5 1006.5 1012.25 1007.5 1004.5 1002.5 1008.5 1003.25 987.75 990.5 996.75 987 990.5 986.5 981.25 1003 996.75
-9999 -9999 -9999 -9999 -9999 -9999 -9999 -9999 -9999 -9999 -9999 -9999 -9999 -9999 -9999 -9999 -9999 -9999 -9999 -9999 -9999 -9999 -9999 -9999 -9999 -9999 -9999 -9999 -9999 -9999 -9999 1745.5 1763 1771.25 1759.75 1739.75 1722.75 1706 1683 1704 1669.25 1635.75 1599.75 1564.5 1524.75 1477.25 1441.25 1409 1375 1341.25 1308 1275.25 1248.5 1222.25 1189.5 1167.75 1131 1105 1064.5 1051.25 1023.5 999.5 969.5 965.75 970.25 975.75 970.5 972 971 963.5 960.25 963.75 957.75 948.25 961.25 989 979
-9999 -9999 -9999 -9999 -9999 -9999 -9999 -9999 -9999 -9999 -9999 -9999 -9999 -9999 -9999 -9999 -9999 -9999 -9999 -9999 -9999 -9999 -9999 -9999 -9999 -9999 -9999 -9999 -9999 -9999 -9999 1782 1803.25 1812.5 1796.25 1772.5 1755.75 1743.25 1731.25 1729.25 1691.75 1660.25 1625 1584.5 1540.25 1496.75 1457.5 1416.75 1371 1337 1302.75 1263.75 1238.25 1217.75 1193.5 1163.25 1127 1095.75 1063.25 1037.75 1019.75 1015.25 981.25 973.75 969 949.5 943.5 944.25 933.75 933.25 934 935.25 926.5 927.5 939.5 975.5 1000.75
-9999 -9999 -9999 -9999 -9999 -9999 -9999 -9999 -9999 -9999 -9999 -9999 -9999 -9999 -9999 -9999 -9999 -9999 -9999 -9999 -9999 -9999 -9999 -9999 -9999 -9999 -9999 -9999 -9999 -9999 -9999 1812.25 1842.5 1839.75 1823.5 1802.25 1788.75 1779.5 1776.5 1764 1723 1691.75 1652.5 1602.25 1550 1504 1460.75 1413 1369.25 1332.75 1296.25 1267 1237 1216.25 1187.75 1155 1124.5 1087.75 1064.25 1044 1030.25 1013.5 985.25 979 967.75 968.75 960.5 945 928.5 922.25 919.25 921.75 934 940.5 947 967.5 965
-9999 -9999 -9999 -9999 -9999 -9999 -9999 -9999 -9999 -9999 -9999 -9999 -9999 -9999 -9999 -9999 -9999 -9999 -9999 -9999 -9999 -9999 -9999 -9999 -9999 -9999 -9999 -9999 -9999 -9999 -9999 1819.667 1843 1840.5 1829.25 1822.25 1816 1804.75 1813 1781.75 1747.5 1710.75 1669 1613 1558 1499 1449.75 1405 1362.5 1323.25 1291.25 1256 1224.75 1200.75 1172 1151.5 1125.25 1091.25 1062.25 1036 1034.25 1014.75 983 988.5 970.5 986.25 963 949 942.25 910.75 914 910.5 913.5 927.25 935.5 944.25 952
-9999 -9999 -9999 -9999 -9999 -9999 -9999 -9999 -9999 -9999 -9999 -9999 -9999 -9999 -9999 -9999 -9999 -9999 -9999 -9999 -9999 -9999 -9999 -9999 -9999 -9999 -9999 -9999 -9999 -9999 -9999 -9999 1812.5 1803 1808.5 1826 1839 1833.75 1836 1800.25 1767.75 1728.5 1673.75 1609.75 1543.75 1496 1456.5 1410.25 1367.75 1325.5 1287.75 1255.25 1219.75 1187.5 1164.5 1143.5 1122 1092 1064.75 1039.75 1024.75 1011.5 982 973.5 967.25 960 943.25 961.75 941.25 910.5 903.75 914.25 900 904.25 926.5 916.5 917
-9999 -9999 -9999 -9999 -9999 -9999 -9999 -9999 -9999 -9999 -9999 -9999 -9999 -9999 -9999 -9999 -9999 -9999 -9999 -9999 -9999 -9999 -9999 -9999 -9999 -9999 -9999 -9999 -9999 -9999 -9999 -9999 -9999 -9999 1782 1789.75 1831.25 1859.5 1851 1810.5 1773 1719.5 1656.25 1593.25 1547 1493.5 1443 1396 1355.75 1319.25 1282.25 1241 1217.5 1187 1152 1134 1119.5 1095.25 1059.25 1044 1027.5 1019 984.25 986.25 970.5 951.75 944 958.5 942.25 911.75 891.75 888.25 902 910.75 909.25 913.75 919.5
1324 -9999 -9999 -9999 -9999 -9999 -9999 -9999 -9999 -9999 1579 -9999 -9999 -9999 -9999 -9999 -9999 -9999 -9999 -9999 -9999 -9999 -9999 -9999 -9999 -9999 -9999 -9999 -9999 -9999 -9999 -9999 -9999 -9999 -9999 -9999 1787 1862.25 1857.5 1816.25 1763.75 1713 1658.75 1597.5 1542 1489 1445.5 1404.75 1358.75 1315.75 1285.5 1255.5 1201.5 1170.75 1145.5 1122.5 1108 1092.75 1065 1037 1034.5 1024.5 991 986.25 964 953.5 943.5 936.75 921.5 911.5 898.5 875.5 887.5 907.25 916.5 936.25 938.75
-9999 -9999 -9999 -9999 -9999 -9999 -9999 -9999 1532 1582 1619.5 1635 1630.5 1625 -9999 1663 1731.5 1780 1792.5 1803 1810.5 1816 1819.5 1801.5 -9999 -9999 -9999 -9999 -9999 -9999 -9999 -9999 -9999 -9999 -9999 1768 1833.5 1898.25 1853.75 1809.75 1752 1717 1657.5 1599.75 1543 1481 1427 1386.75 1342 1319.25 1273.5 1252 1201.5 1178.25 1149 1113 1099.25 1097.25 1065 1038.5 1032.75 1012 997.75 992.75 968.5 954.5 945.75 923.25 936 918.75 894 875.75 881.75 900.5 920.75 935.5 942.5
1260 1299 1325.5 1356.5 1390.5 1447.5 1477.5 1521.5 1579.25 1621.75 1646 1686.75 1704 1700.75 1689.25 1699.5 1738.5 1770.25 1805.25 1832.25 1838.5 1858 1878.5 1871.25 1821.5 1773.25 1783.5 1824.25 1834.25 1832.75 1845.5 1816.5 1766 1735 1761.333 1807.25 1911.5 1886.25 1837 1775.75 1736 1677 1615.25 1567.5 1519 1465.25 1421.25 1372.75 1332 1296.25 1270.75 1246.5 1206.75 1183.75 1150.25 1108.75 1085.25 1077.25 1063.75 1040.5 1026 1014 1002 990 977.25 957.75 933.25 943.75 948 911 889.25 879.25 908.75 900.75 918.25 936.25 953
1299 1314.25 1332.5 1366.5 1405.25 1456.75 1490.75 1536.75 1569.75 1602.5 1626.75 1665 1673.25 1682 1704.25 1727.25 1735.25 1744 1785.75 1856 1897.25 1906.5 1884.5 1876.5 1852.5 1830 1827.25 1863 1888.25 1894.5 1887.25 1875 1873.25 1894 1880 1904 1916.5 1867.75 1834.25 1766.75 1719.75 1659.25 1592.25 1541.5 1504.5 1449.75 1391.5 1340.5 1318.75 1278.75 1259.25 1234.5 1218.5 1183 1156 1104.75 1083 1073.25 1065.75 1040.75 1022.5 1017.25 1012.75 998.25 973.25 955.5 948.75 961.75 942.25 913.5 900.75 898 901.5 918.5 917.5 924.5 951.5
1299.25 1318 1342.25 1373.5 1402.25 1436.75 1457.75 1492 1527.75 1572.5 1592.75 1623.25 1641.25 1651.25 1688.75 1710.5 1732.5 1755.75 1785 1820.25 1833.5 1840.25 1837.25 1856.25 1874.75 1856.75 1844.25 1842.25 1889.25 1906.25 1927 1923 1983.75 1965 1954.5 1934.25 1868.75 1862 1809.5 1783.75 1713 1640.75 1556 1509 1459.5 1412.25 1387.25 1329 1277.25 1244.75 1222 1211 1206.5 1191.75 1162.25 1111.25 1083.5 1058.75 1074.5 1047.25 1030.75 1027.5 1023 995.5 980 982 974.5 967.75 937.25 912 914.5 926 906.75 921.5 932.5 938.75 944.25
1357.5 1334 1351.25 1364.75 1392.25 1410.75 1423.75 1457.25 1489 1517.75 1554.5 1589.5 1602 1599.5 1624 1648.25 1670.5 1691.75 1718 1744.25 1760.25 1760.5 1765.5 1785.75 1807.5 1827 1851.25 1869.75 1908.5 1932.25 1942.25 1941 1976.25 1977.5 1916.75 1910 1880.5 1857.25 1806.25 1739.25 1673 1608.25 1543.5 1502.25 1437.75 1398 1340 1312.5 1280.75 1241.5 1205.25 1170.75 1168.75 1177.5 1159.25 1102.75 1098.5 1058 1091 1064.5 1065.75 1059.5 1029.25 1010.5 1009.5 998.5 977 952.25 927.25 924 938.75 921.75 938 922.5 923.75 942.75 963
1368 1443.5 1351.5 1348.5 1376.25 1391.75 1368.5 1421 1430.25 1454.75 1524.5 1588 1544.75 1552 1562.5 1571.75 1587.25 1609.25 1626 1644.25 1658.5 1662.75 1679.5 1680.75 1704.25 1731.25 1765.5 1794 1831.5 1857.75 1869.5 1894.75 1894 1882 1866.75 1840.5 1815.25 1792.75 1754.25 1685.25 1609.75 1602 1577.75 1490.25 1428.25 1386.75 1337.5 1278.5 1257.75 1235.25 1209.5 1162.25 1141 1161 1151 1118.25 1113.75 1090.5 1107 1119 1122.25 1095.25 1071.5 1045.75 1025.5 1012.25 983.25 984.75 964 962.75 936.5 936.25 939 948.5 932.25 936.25 959.25
1286 1391.25 1468.5 1468.5 1402.5 1382 1363.75 1406.5 1396.5 1443.5 1481 1484.5 1478.5 1484.25 1487 1492.5 1516.75 1520.25 1534.25 1545.75 1564.5 1586.5 1583.5 1604 1602.75 1615.25 1654.75 1678.25 1709.75 1730 1769 1782 1780.25 1787.75 1780.75 1775.75 1755.5 1732 1706.5 1677.5 1626.25 1595.75 1614 1519.5 1398.5 1380.5 1351.75 1333.75 1437 1318.5 1323.25 1263.5 1292.25 1251.5 1162.25 1179 1173.75 1145.75 1112 1158.75 1126 1094 1060.5 1041.75 1011.75 1000.5 977.5 996.5 1013.75 1009.25 1001.25 961.75 969.25 976 949.25 951 957.25
1408.25 1387.25 1581 1443 1312.5 1306 1320.25 1324.5 1340 1350.5 1361 1362.5 1378.5 1391 1408.75 1427.25 1438.5 1476.5 1453 1451.5 1468.75 1523 1490.25 1497 1512 1528.75 1569.5 1555.5 1577 1624.75 1678.5 1678.5 1688.25 1699.75 1703.75 1695.5 1684 1670.75 1648.5 1642.25 1611 1602.75 1621.25 1540.75 1497.25 1549.25 1548.25 1368.25 1485.75 1489.5 1474.75 1447.75 1461.75 1280.25 1300.75 1480.75 1430 1375.25 1341.75 1270 1306.5 1233.5 1135.75 1164.25 1137.25 1174.25 1157.75 1086.5 1010 1026.5 1039.25 1029 1052.75 1013.75 982.75 1014.5 985.5
1284 1273.5 1359 1326.75 1273 1267.25 1273.75 1284.5 1284.75 1294.25 1293.75 1297.5 1292 1309 1341.25 1358.5 1372.5 1376.25 1396 1390.25 1383.25 1382.75 1370.5 1374.25 1392 1419.25 1462 1500.25 1489.25 1506.75 1534.25 1579.25 1587.25 1603 1612.5 1612.75 1599 1585 1577.5 1559 1555.25 1520 1528.75 1514.25 1533.25 1657.75 1717 1468.5 1565 1574.5 1690.5 1767.5 1561.5 1537.5 1420.25 1648.5 1757 1662.75 1520 1328 1525.5 1375 1281 1316.5 1408.75 1372 1263.25 1173.5 1229 1099.25 1175.75 1220.5 1276.75 1190.5 1059.75 1095.25 1078.75
1228.25 1184.75 1173 1174.75 1184 1200.75 1186.75 1205 1206.25 1215.5 1228.75 1266.5 1247.25 1249.75 1239 1263 1293.25 1295.75 1275.25 1307.25 1297.25 1268.75 1270.25 1267 1280 1307.75 1344 1418.75 1430.5 1468.5 1506.25 1532 1504 1495.5 1510.25 1521.75 1514.25 1498.75 1472.75 1471 1476.5 1433.5 1434.75 1424.25 1496 1598 1600.25 1663 1567 1720 1716.25 1881.25 1867.75 1739.75 1713.5 1616.25 1908.75 1761.25 1496 1365 1539.5 1463 1381.25 1401.25 1462.5 1651.5 1457.75 1501.25 1422 1191 1212.75 1328.75 1427.75 1217 1072 1313 1386.75
1134.25 1109.75 1129 1113.5 1127 1158 1152 1154.5 1179 1157.25 1188.75 1214 1192.25 1173.75 1193.5 1180.75 1208.25 1228.75 1173.75 1183.75 1168.75 1176.75 1190.25 1226.25 1291 1252.75 1306 1325.5 1321 1324.75 1355 1337.75 1374.5 1393 1420.75 1430.75 1423.75 1407.25 1371.75 1350.75 1345 1316.25 1327.75 1305.25 1338 1331.25 1413.75 1585 1594.75 1768.75 1581 1598.75 1823.5 1832.75 1679.5 1648.75 1816 1665.25 1673.5 1693.5 1673.5 1584.5 1436.5 1445.5 1524 1656.25 1690.25 1686 1556.25 1483 1485 1539 1339.75 1299 1327.25 1236.75 1195
1056.5 1045.75 1038.25 1052 1099.5 1108 1107.25 1103.5 1103 1115.5 1128.25 1151.5 1134 1084.75 1108.75 1123.25 1139.75 1146.5 1105 1092 1075.25 1121.25 1130.25 1138.5 1142.5 1130 1132.25 1144.75 1119 1137.75 1170.75 1198.75 1236.5 1257.5 1313.5 1336.5 1355.5 1343 1302.25 1248 1271.25 1305.25 1258.75 1211.5 1183.5 1228 1222.25 1271.75 1300.75 1521.25 1561.25 1429.75 1630.25 1533.5 1786.5 1819.25 1636.25 1503.25 1759 1726.25 1888 1727.25 1819 1691.5 1571 1561.5 1632.75 1605.5 1497.25 1631.5 1600.75 1742 1637.75 1661.5 1615 1543.75 1443.25
986.5 988.75 980.5 986.25 999.25 1007.5 1023.75 1036.5 1062 1058.75 1070.5 1048.5 1031 1035.75 1044.25 1052 1063.5 1070.75 1039.25 1010.25 993.5 996.75 1050 1054.25 1019.5 1032.25 1025.5 980.25 968.75 1017.25 1058.75 1073.25 1102.25 1138 1200 1221.5 1255.5 1224.75 1188 1150.25 1138.5 1151.25 1120.25 1123.25 1070.5 1070 1085.5 1094.75 1125 1176.5 1193.5 1193.25 1378.5 1260.5 1383 1429.75 1330.75 1324.25 1469.25 1577.75 1514 1547.25 1744.75 1682.5 1668.5 1721.75 1772.5 1665.25 1349.75 1380.75 1435.5 1582 1663 1519.75 1633.5 1685.75 1539.25
922 927.5 929.25 933.75 936.75 946 952.75 974.5 999.75 990.75 991.75 986.25 997 1029.5 1011.5 1015.25 1010 991.75 967.25 948.5 938.5 917.25 875.5 854 827.75 795 775.75 794.75 837.75 893 929.75 970 1005.5 1030.5 1074.75 1093.75 1134.75 1123.25 1099.5 1116.75 1093.25 1084.75 1085 1122.5 1104 1050 1097.25 1077.75 1132.25 1067 1008.25 1148.5 1245.5 1184 1137 1155.75 1031.75 1259.25 1568 1423.5 1329 1426.75 1451 1397.5 1455 1632 1694.25 1660.75 1406.75 1255.5 1414.25 1578.5 1428.5 1407.75 1698 1730.25 1645.25
869.5 869.75 871.75 878.5 885.5 892.5 904.5 927.5 930.75 931.25 920.5 934.75 956.75 964 994.5 992 974 983.5 989.25 933.25 914.25 863 834.75 869.25 796.25 743.75 722.25 722.5 751.75 797.5 842.75 882.25 927.25 945.75 976 984.25 1005.5 1009.5 994.75 1011.75 1051.75 1067.5 1079.5 1106.75 1088.75 990.75 947 926.25 941.5 927.75 944 1041 1069 1190.25 1136.5 999.75 905.25 974.75 1057.25 1139.25 1255.75 1403 1326 1272.25 1320 1431.25 1406 1443.25 1184.25 1454.25 1375.25 1303.75 1201.25 1433.75 1476.25 1420.25 1311
818.75 825 827.75 831.5 841.5 851.75 881.5 884.5 877.25 871.5 878.75 889.25 915.75 948.25 1007.25 1023.75 993.25 1048.5 1016.5 1040.25 960.25 854.5 912.5 1066.5 885.25 899.75 859 813.25 802.75 786 778 805.5 847.25 860.25 879.5 895.75 912.5 922.25 909 919.5 940.5 947 953.75 946.5 945.75 889.5 892 977 1041.75 1071 1075.5 1075.25 1127.25 1096.25 1078 996.25 896.25 891 993.25 1078.75 1181.25 1146 1269.25 1200.75 1254.5 1263.25 1187.75 1129.75 1264 1355 1226.75 1024.75 1030.75 1165.75 1225.25 1231.25 1239.75
