layers/wordclim/past/Iberia_miroc_10_ascii/bio_17.asc
ncols         205
nrows         142
xllcorner     -11.010633712694
yllcorner     33.273793250999
cellsize      0.083333333333334
NODATA_value  -9999
[rows 36 to 71 of 142, columns 0 to 82 of 205]
-9999 -9999 -9999 -9999 -9999 -9999 -9999 -9999 -9999 -9999 -9999 -9999 -9999 -9999 -9999 -9999 -9999 -9999 -9999 -9999 117 123.5 122.5 125.5 127.5 156.75 160.25 168 146.75 147 148.75 154 160.75 187 198.75 190.75 179.5 166 153.75 145.5 145.25 149.75 142.75 162.75 156.75 149 151.25 166.75 182.5 199 195 142.75 132.5 135.25 131.25 124.75 119 114.25 112 108.75 108 110.5 107.75 108.75 107.75 110.5 111.5 112 112 111.25 111.5 111.5 109 108.25 105.5 102.25 102.25 101.5 107.75 111.75 111.75 113.5 117.25
-9999 -9999 -9999 -9999 -9999 -9999 -9999 -9999 -9999 -9999 -9999 -9999 -9999 -9999 -9999 -9999 -9999 -9999 -9999 -9999 114.5 124.75 120 120.25 118.5 153 153.25 138.25 145.25 163.75 166.75 164.5 197.75 197.25 197.25 179.75 165.5 167.25 165.75 153.25 147.25 146.5 126 140.75 144.75 133 143.75 143.5 151 158 166.75 132 127.25 124.5 120.5 117.25 111.75 108.75 106.5 104.5 104.25 102.5 103.5 103 103.5 105 106 106.25 104.25 106.25 107.25 105.75 104.75 102.25 100.5 98.5 99.25 94 99 99 104.5 112 116.5
-9999 -9999 -9999 -9999 -9999 -9999 -9999 -9999 -9999 -9999 -9999 -9999 -9999 -9999 -9999 -9999 -9999 -9999 -9999 -9999 111.5 124 119.5 116.25 115.75 133.75 130.25 149.75 151.25 170.5 155.25 167 192.75 170.75 156.25 159.5 178.75 177 178 175.25 147.5 133.5 114.75 126.25 135 126.5 123 135.75 128 129.25 134.5 114.25 111.75 111.75 117.25 114.75 114.75 114.5 108.5 104.5 101 99.25 97.5 97.25 98.5 99.25 99.5 99.75 100 101 102 100 101 100.5 99.75 100.75 100 93.25 93.75 100.75 103.5 108 113
-9999 -9999 -9999 -9999 -9999 -9999 -9999 -9999 -9999 -9999 -9999 -9999 -9999 -9999 -9999 -9999 -9999 -9999 -9999 -9999 116 122.5 116.75 113.75 113 121.25 136.25 164.5 142.5 161.75 141.25 138.75 146.75 173 175.25 198 187.75 186 176.25 168 150.75 139 112.75 119 134.75 118 116.75 117 116 118.5 112.25 100.25 108.75 103 103 107.25 105.25 106 107 106.25 97 94.5 94 94.5 93 94.5 93.5 95 95 96 97 98.75 100.25 101.25 99.5 98 93.5 90.75 93.5 95.5 101.25 105.25 110.25
-9999 -9999 -9999 -9999 -9999 -9999 -9999 -9999 -9999 -9999 -9999 -9999 -9999 -9999 -9999 -9999 -9999 -9999 -9999 -9999 -9999 115.5 112 113.5 112 120 136.75 126.5 123 134.75 148 152.75 153.75 165.25 181 173.25 163.75 168.5 165 156.25 140.25 121.5 109.25 124.75 124.5 111 106.25 109 120 129.75 108.25 100.25 102 97 102 106.25 102.25 98 98.5 98.5 96.25 90.5 89 88.5 88 89 91 92.25 92.25 94 97.75 98 98 98.5 97 93.5 92 95 95.75 96.25 99 102.5 104.5
-9999 -9999 -9999 -9999 -9999 -9999 -9999 -9999 -9999 -9999 -9999 -9999 -9999 -9999 -9999 -9999 -9999 -9999 -9999 -9999 -9999 108 114.75 116.25 113.75 113 113.75 122.75 131.5 132.5 131.75 127.25 139 142.75 144.5 157.5 159.75 166.75 157 143.5 119.25 115 130.25 124.5 110 98.75 94.25 100.25 113 126.25 110 105.5 95.75 93.5 99.25 99.75 99.75 97.75 93.25 91 90 86 84.25 83.75 84 85 87 90.75 92 93.25 94 93.5 95.25 97 93.5 90.5 93.25 93.5 94.75 95.5 97.5 99.25 101
-9999 -9999 -9999 -9999 -9999 -9999 -9999 -9999 -9999 -9999 -9999 -9999 -9999 -9999 -9999 -9999 -9999 -9999 -9999 -9999 -9999 -9999 111.3333 114.25 113.5 111 115.5 126 124 121.75 118.5 127.25 130.5 133.75 138.5 152 159 151.75 125.25 127.25 127 127.5 136.5 110.25 98 92.25 93.5 102 108.25 102.5 102.25 92.5 92 90.25 93.75 95.75 93.5 91.25 91.5 90.5 85 84 81.5 79 80 84.5 85 87 87 89 88 92 92.75 91.5 89 89.5 89.5 91.25 91.5 95.75 97.25 97 97.75
-9999 -9999 -9999 -9999 -9999 -9999 -9999 -9999 -9999 -9999 -9999 -9999 -9999 -9999 -9999 -9999 -9999 -9999 -9999 -9999 -9999 -9999 106 110.5 112.5 110 111.5 115.25 119.5 122.5 125.5 129.25 123.75 132 142.75 137.25 119.5 119.25 135.25 151.25 142.25 138 123.75 109.5 102.75 89 90.5 97.75 105.5 95.25 94.5 87.25 85.25 86.75 90.25 94 89.25 90.5 87.75 85.5 85.75 80 76.5 75.75 76 79.5 80.5 81 82.5 83 84.25 85.75 85.5 87.25 89 88.75 89.25 93 95.5 97.75 98.5 100.5 101.75
-9999 -9999 -9999 -9999 -9999 -9999 -9999 -9999 -9999 -9999 -9999 -9999 -9999 -9999 -9999 -9999 -9999 -9999 -9999 -9999 -9999 -9999 101 106.5 109.5 109.25 112 117.5 118 120.25 121.25 118.75 124.25 124.5 137.75 132.75 112.5 134 162 145.25 140 132.5 112 105.25 100.25 90 93.5 103.75 108.5 92.75 85 88 93.5 89.25 90.5 87.5 85.5 89.25 90.75 85.5 82.75 80 78 78 79.25 79.75 81.25 82 81.25 83 83.5 84.5 87 89 88 87.5 90 91.75 92.5 94.75 96.5 97.75 99.25
-9999 -9999 -9999 -9999 -9999 -9999 -9999 -9999 -9999 -9999 -9999 -9999 -9999 -9999 -9999 -9999 -9999 -9999 -9999 -9999 -9999 -9999 -9999 102.5 106.5 108 111.75 117 118 117.25 121.25 126.25 126.75 120.75 124.25 117 121.25 142.5 145.5 123 129.75 116 119 96.5 96.75 99 95.5 83.75 91 85.25 90.25 97.75 98.5 93 85.25 86 89.75 88.5 87 86.5 84.5 83.5 83 84 82.5 81.75 82 81.75 85 84 85 86 85.5 86 85.5 86.5 88 89.25 89.25 91.5 92.5 96 97.75
-9999 -9999 -9999 -9999 -9999 -9999 -9999 -9999 -9999 -9999 -9999 -9999 -9999 -9999 -9999 -9999 -9999 -9999 -9999 -9999 -9999 97 99 105.25 107.5 108 110 117.25 117.75 118.75 121.25 124.5 116.5 117 113.75 116.5 137.25 148 113.5 112.5 119.25 105.5 107.75 104.75 116.25 108.5 84.75 87.5 85.75 82.25 88.5 95 89.75 85 88 87.5 85.5 85.5 86 86 87.5 90 88.5 87.25 88.25 86.5 83.25 82 84.75 85 85 85.5 86 85 85 85.5 88 89.5 91 92 93 96 97.5
-9999 -9999 -9999 -9999 -9999 -9999 -9999 -9999 -9999 -9999 -9999 -9999 -9999 -9999 -9999 -9999 -9999 -9999 -9999 -9999 -9999 95 97.66666 100.75 104.5 108.25 108.75 113.75 115.5 115.25 114.75 116.75 119.25 116.25 114 135 130.75 114.25 100 105.5 101.5 95.25 101 97 98 98.75 82 92 97.5 89.5 93.25 88 91 88.5 89 92 87.75 86.5 83 84 85.5 86.5 85.5 86 86 89 89 85.5 84.25 84.5 85 86.5 86 85 85 86 91.25 91 91 92.75 94 95.5 98.25
-9999 -9999 -9999 -9999 -9999 -9999 -9999 -9999 -9999 -9999 -9999 -9999 -9999 -9999 -9999 -9999 -9999 -9999 -9999 -9999 -9999 95 100 100.5 102.25 103.5 104.5 103.75 112.25 111.5 110.25 113.75 111.5 114.5 119 114.25 125.75 137.25 117.25 122 119 117.25 111.25 105 100.5 96.75 85 88 90.5 86.5 82.5 89.25 93 90 89.25 89 87.5 87.5 84.5 81.75 81.5 81.5 81.5 84 85.5 86 87 86.25 85 85.25 86.5 86.5 86 86 88 87.5 91.75 91.75 92 94.75 95 97 99.5
-9999 -9999 -9999 -9999 -9999 -9999 -9999 -9999 -9999 -9999 -9999 -9999 -9999 -9999 -9999 -9999 -9999 -9999 -9999 -9999 91.5 95.5 96.75 98 100.5 101.75 102 99 106.5 114.5 112.5 113 116.75 118.5 144.25 150.25 161.5 148.5 134.75 134.5 121.75 118.5 123.75 121.75 107.5 95 85 86 82 80.75 84.25 86.5 89 89.25 90.25 89 88 87.25 86.5 86.5 82.5 82 82 82 85.5 86.5 88.5 88.5 87.5 87.5 88 87.5 87 88.5 89 89 91.5 92.75 94.5 95.25 95.25 97.25 105
-9999 -9999 -9999 -9999 -9999 -9999 -9999 -9999 -9999 -9999 -9999 -9999 -9999 -9999 -9999 -9999 -9999 -9999 -9999 -9999 91 93 95.5 99 100.75 101 101 100.25 104.25 112.25 117 124 126.75 126.25 123.25 127.25 129.75 133.75 137.75 136 129.25 116.25 119.75 120.5 109.75 95.25 88.75 95 94.75 90.25 90.75 93.75 91 88.5 87 88.5 85.75 85.5 86.5 86 82.25 82.5 84.75 84.5 85.5 87 88 88 87.75 88.5 89.5 90.5 89 91 91 90 91 95.75 97.5 97 97.25 98 103.75
-9999 -9999 -9999 -9999 -9999 -9999 -9999 -9999 -9999 -9999 -9999 -9999 -9999 -9999 -9999 -9999 -9999 -9999 -9999 -9999 -9999 90.75 97.25 99 99 100.5 99 98.5 100.75 105.5 111.25 124.75 138 145 140.25 117 119.5 123.25 129 128 124.5 121.25 116.25 118.5 107 96.25 94.25 93.5 97.25 95 88.75 90 92 91.5 89 87 85 84 84 83.75 83.5 87 87.25 90 90 89 87 87.75 89.25 89.5 92 93.25 92 91 91.5 90.75 93.75 97.75 100.25 100 99.5 107 127.5
-9999 -9999 -9999 -9999 -9999 -9999 -9999 -9999 -9999 -9999 -9999 -9999 -9999 -9999 -9999 -9999 -9999 -9999 -9999 -9999 -9999 93.5 93.25 95.5 95.5 95 95.5 96.5 97.5 101 106.25 117.75 113.75 116 111.25 109 114.75 117.75 118 115.25 114.25 113.25 113.75 113.75 105 99.5 99.5 96 94.5 96.75 93 89.75 89.25 90 88.25 85 85 85.5 85.5 87 90.5 92 92.5 91.5 88 85.75 87.25 88.5 89.25 93 97.75 99 97.75 96.75 101 98.25 98.25 101.5 109.25 110 110.75 114.25 131.5
-9999 -9999 -9999 -9999 -9999 -9999 -9999 -9999 -9999 -9999 -9999 -9999 -9999 -9999 -9999 -9999 -9999 -9999 -9999 -9999 -9999 83.66666 85.75 88.25 90.5 91.5 93 94.25 95.25 97.5 100 106 117.75 120.75 134.5 115.5 112 112.25 106.25 106.5 108.75 109.75 101.75 96.25 98.75 103.75 102.25 98.75 97.25 96.25 93.25 90 87.25 88.75 88.5 86.5 87 88.5 89.5 87 90 92.25 92 88.25 85.75 89 90.5 93 97 98.25 107 109.25 114.25 112.75 106.25 101.25 103.25 109.5 116.25 121.75 129.5 132.25 110.25
-9999 -9999 -9999 -9999 -9999 -9999 -9999 -9999 -9999 -9999 -9999 -9999 -9999 -9999 -9999 -9999 -9999 -9999 -9999 -9999 79 81.5 82 85.25 86.25 89 90.5 92.75 94.5 94.25 96 101 115.25 133.75 117.5 107.75 104.75 103.75 107.25 107.25 102.75 98 103 111.5 105.25 110.75 105.5 101 98.25 97.25 93 89 86 85 84.75 90.5 93 96.25 93.25 99.5 93 87 88.5 89.75 87.75 90.75 96.25 99.75 106 112.5 115.75 107.25 102.25 99.75 101 105.25 111 107.75 112.5 109.5 108 118.25 98.5
-9999 -9999 -9999 -9999 -9999 -9999 -9999 -9999 -9999 -9999 -9999 -9999 -9999 -9999 -9999 -9999 -9999 -9999 -9999 76.66666 77.75 77.75 78.75 81 82.25 85 89.25 91 93 93.5 93.25 100.25 112.75 113.5 102.75 101.5 99.5 101 99.75 102.5 106.5 122 127 118.75 113 109 103.75 100 97 98.5 92.75 88.25 89.25 87 86.25 88.5 96 108 98.25 82 76 81.5 85 88.5 89 91 93.5 93 96.25 112 138.5 129.75 124.25 126.5 120.75 112.5 101.5 96.75 95.75 89.5 91.5 93.75 88.25
-9999 -9999 -9999 -9999 -9999 -9999 -9999 -9999 -9999 -9999 -9999 -9999 -9999 -9999 -9999 -9999 -9999 72 72.33334 75 76 74.75 74.25 77.25 79.25 82 86.75 90 91.5 93.25 93 100.25 102.25 97.5 98.75 96 97 99 102 109 138 134 114.5 104 97.5 105 102.25 97.5 98.25 96.5 93 92 91 89.25 91 98.75 88.75 78.5 75.25 67.75 76.5 81 83.5 100 97.25 91.75 94.5 113.75 136 137.75 126.5 117.5 117.75 102.25 88 87.5 91.75 90.25 79.5 79.25 83.25 82 76
-9999 -9999 -9999 -9999 -9999 -9999 -9999 -9999 -9999 -9999 -9999 -9999 -9999 -9999 -9999 -9999 -9999 69 69.75 70.75 70.75 71.75 70.5 73 75.25 79.5 83.5 85.75 89.5 92.5 93.75 99.25 99.5 93.75 95.5 96.5 98.75 102.25 104 121.25 162.75 145.5 105.25 93.5 91.75 96.5 101.25 101 102.25 102.75 97 93.5 93 92 92.25 81 77.75 70.75 66.5 72.75 78.5 81.5 109 147.75 115.75 96.75 101.25 114.5 121.75 121.75 130 116 119.5 118.75 107.25 99.75 101.75 97.5 81.75 80.5 75.75 69.75 71
-9999 -9999 -9999 -9999 -9999 -9999 -9999 -9999 -9999 -9999 -9999 -9999 -9999 -9999 -9999 -9999 -9999 64.5 67 67.5 68.5 67.25 66.5 68.5 73.25 77.5 81.75 83.5 86.25 87.5 87.75 100.5 97 94.75 94.5 93.75 100.75 112.75 115.5 111.25 112.5 107.75 92.5 91.75 90.5 89 92.25 100.25 94.75 94.75 100 89.75 88.75 77.5 75.5 71.25 69.75 65.25 61.25 62.5 67.25 88.75 106.75 104.75 131.5 121.75 140 126 147.5 131 98.75 79.5 90.25 76 65 67.75 72.5 78.75 77.5 71.5 65.5 68.5 73.75
-9999 -9999 -9999 -9999 -9999 -9999 -9999 -9999 -9999 -9999 -9999 -9999 -9999 -9999 -9999 -9999 -9999 61 62.5 63.5 64.25 63.5 63.5 65.5 68.25 76.25 78.25 78.5 79.5 82.25 89.5 93.75 91.5 93.5 97 104.25 108 117.75 116.75 98.25 95.5 91.75 90.5 90 85.75 84.75 83.5 82.25 76 74.5 81.25 75 69 65.75 66.5 69.75 63.75 61.25 61 62.25 85 85.25 87 99.25 103 108 91 67 70 69 63.5 59.75 59.75 62.5 72.75 78.5 72.5 70.5 65 63.5 66.75 71.5 73.75
-9999 -9999 -9999 -9999 -9999 -9999 -9999 -9999 -9999 -9999 -9999 -9999 -9999 -9999 -9999 -9999 -9999 60.5 60.25 60.5 61.25 60.25 60.5 62.5 65.25 69.5 73 76.5 77.25 82.5 90 91 97.5 113.75 112.75 109 108 105.75 96 97.75 100.5 104.25 93 84.75 80.5 80 81.5 80.25 73.75 71.25 68.5 63.5 60.5 63.5 64 62 57.25 57.25 56 63.25 66.75 77.25 76.25 61.25 58.25 53.5 53.25 51 53 54 57 59.5 61.25 63.25 67.25 63.25 59.5 60 61.5 63.75 67.25 70 70
-9999 -9999 -9999 -9999 -9999 -9999 -9999 -9999 -9999 -9999 -9999 -9999 -9999 -9999 -9999 -9999 -9999 55.5 56 57.5 56.5 57.5 58 60.75 63 68 71 72.5 74 85.25 90.25 90.75 103.75 103.25 97 95.75 97.5 96.25 95.25 98.75 86.5 87.25 84.75 78.75 78 74.5 74.75 75 73.5 67 66 61.25 60.5 59 57 56 55.25 55.25 59.25 60.5 56.5 55.5 54 51.25 50 49.75 49.5 49.75 51 52.5 53.5 55 58.5 60.5 56.75 56.5 58.75 61 62.25 65.75 66 66 66
-9999 -9999 -9999 -9999 -9999 -9999 -9999 -9999 -9999 -9999 -9999 -9999 -9999 -9999 -9999 -9999 -9999 52.5 51.25 52 51.75 52 53.5 56.25 62 64 68.25 70.25 73 83.75 81.5 87.25 92 90 90.5 96.75 99.75 98.75 96 87 78.75 80 79.75 76.75 72.5 71 70.25 70.25 68.5 64 65 60.75 60 59 58.5 55.25 55.25 57.5 56.25 54.5 51.75 49 49.25 49.75 50 49.75 49 49.25 51.5 53 54 54.5 54 54.75 58.5 57.5 56 57.25 62.5 63.75 64.25 61.5 64.25
-9999 -9999 -9999 -9999 -9999 -9999 -9999 -9999 -9999 -9999 -9999 -9999 -9999 -9999 -9999 -9999 -9999 50 48.25 48.75 48.5 49 49.5 53 58.25 58.75 64.75 69 72.5 76.5 76.5 83.5 81.5 82.75 86 87.25 95.75 100.5 87.5 78.75 76.75 77 75.5 69.75 67 66.75 67.5 67.5 64 63.25 62 60.25 59 58.75 59.25 60.25 59.25 58.75 55.5 52 51 49.5 49.75 49 49.75 52 49.75 49.5 53 54 51.5 53 53 56.25 59.5 59.75 58.25 60 58.75 59.25 60 63 67
-9999 -9999 -9999 -9999 -9999 -9999 -9999 -9999 -9999 -9999 -9999 -9999 -9999 -9999 -9999 -9999 -9999 45.5 46.25 44.5 45 45.5 46 52 56 58 59.25 64.5 72 70.5 69.5 74.75 77.25 74.75 78.25 82 85.25 83.25 77 75.25 76 72.75 67.25 67 68.5 64.75 67.75 65.25 63.75 61.25 61 59.5 57.5 56.25 53.5 54.25 53.5 53.25 52.75 51.75 52.5 52.75 53 52.25 52.5 54.75 53 54.75 53 53 54 56 59 59.25 63 63.25 63.75 63.75 64.75 63.5 67 70.5 70
-9999 -9999 -9999 -9999 -9999 -9999 -9999 -9999 -9999 -9999 -9999 -9999 -9999 -9999 -9999 -9999 -9999 44 42.5 41.5 41.75 39.5 40.66667 51.5 53.75 56.75 59.5 70 65.25 65.25 66 66.75 73.5 71 78 78.25 77.75 73.75 72.25 71.25 64.75 66.5 68 67 64.25 64.75 63.75 61.75 61.25 61 61.25 61.5 60.25 57.25 53.5 55 54.25 54.5 53.75 52.5 53 54.5 55.5 59 60.5 57.75 60 62 62.5 57.5 58 58 67.5 66.75 66.75 67.5 69.75 68.75 67.75 66.5 69.25 71 71
-9999 -9999 -9999 -9999 -9999 -9999 -9999 -9999 -9999 -9999 -9999 -9999 -9999 -9999 -9999 -9999 -9999 -9999 40 -9999 -9999 37 40.66667 46.25 48.25 58 63.5 70.75 67.5 61 59.75 60.25 65 67.5 69.75 73.25 72.75 71.75 64.75 66.25 65 68.75 67 68 65.75 69.5 66.75 62.5 61.25 60.5 60.5 60.75 59.75 58 55.75 52.75 52 51.5 51.5 51 51.5 52 53.5 54 55 60.25 66.25 73.75 68 67.25 62.75 58.5 67.25 73.75 75.5 75.25 79 75.5 82.5 72.25 71.5 77.75 81.5
-9999 -9999 -9999 -9999 -9999 -9999 -9999 -9999 -9999 -9999 -9999 -9999 -9999 -9999 -9999 -9999 -9999 -9999 36 35 35 37.5 40.5 44.75 49 62.75 66.5 60 58.25 54 55.5 57 59 60.75 61 61.75 63.5 63.5 67 68 67.25 69 67.25 66 65.75 67.25 67.5 63.5 60.5 59.75 59.5 56.5 57 55.5 55 53.25 52.5 52.25 50.5 50.5 50 53.25 54 59 57.25 56.5 69.75 76 69.5 61.25 59.25 59 57.5 59.25 62.25 64.75 74.25 67.25 72.75 76.25 76.5 71 75
-9999 -9999 -9999 -9999 -9999 -9999 -9999 -9999 -9999 -9999 -9999 -9999 -9999 -9999 -9999 -9999 -9999 35 35.25 32.5 34.75 37 39.5 43 50 49.25 49.25 50.25 50 49.25 49.5 56.25 57.25 57 58.75 60.5 63 63.25 63.5 64 65 68.25 73.75 72 69.75 67.5 67.25 67.25 64.25 60.75 58.25 58 55.5 53.5 53.5 53.75 53.5 52.5 51 51 51.5 52.25 54.75 63.25 63 65 65.25 64.5 56.25 52.5 54.5 52.5 51.75 52.75 54.25 57.5 62.75 65.25 72.25 70 63.25 63 72.5
-9999 -9999 -9999 -9999 -9999 -9999 -9999 -9999 -9999 -9999 -9999 -9999 -9999 -9999 43 40.25 38 34.66667 34 33 36.25 36.25 39.5 40.75 43 42.75 44.75 46.5 45 46 49.75 54.25 57 58.25 57.5 60 60.25 60.5 61.5 62.5 63.75 65.25 71 80.5 77 69.75 64.75 61.75 60.5 60 57.5 58.25 57.25 55.25 53.25 53 53 52.5 52.25 52 52.25 52.5 49.5 54.75 54.25 51 49.75 51.75 52.25 48.5 49.5 49.5 52.25 51 52.75 54.5 58.75 62.5 62.5 62.75 61.75 67.5 73
-9999 -9999 -9999 -9999 -9999 -9999 -9999 -9999 -9999 -9999 -9999 -9999 -9999 46 43.75 40 37.75 34.25 34 33.25 36.25 37.5 37.25 40.5 40.25 41 41.75 42 43 45.25 48.25 50.5 52.25 53.5 55.75 53.5 56.5 58.75 56 58 60.5 62.25 62.5 68 70.25 63.5 59.5 60.25 60 55.25 54 54.5 52 53.5 55.5 52.75 51.5 53 55.5 53.75 50 48.5 47 47 46 47.5 46.5 48.5 47.25 47 46.5 47 53 54 51.5 55.25 54 58.25 59.25 56.5 54.5 58 65
-9999 -9999 -9999 -9999 -9999 -9999 -9999 -9999 -9999 -9999 -9999 -9999 49 47.5 43.75 41 39 34.75 34.25 35.5 36.5 36.5 40 44 39.25 40.5 40.25 40 42.25 44.5 46.25 48 50.25 50.75 51 51.5 53 55.5 55 56.5 59.5 61 61.5 61.25 61 61 59.25 56 56.75 52.5 53 52.75 53 52.75 51 50.5 53.25 51.25 49.5 46.75 43.5 43.5 42 43.5 42 43.5 41.5 45 47.25 46.25 47 49 50.75 55.75 57.25 53 52.75 55 62.5 59.5 55 55 59.25
