layers/wordclim/past/Iberia_miroc_10_ascii/bio_11.asc
ncols         205
nrows         142
xllcorner     -11.010633712694
yllcorner     33.273793250999
cellsize      0.083333333333334
NODATA_value  -9999
[rows 0 to 35 of 142, columns 81 to 161 of 205]
-9999 -9999 -9999 -9999 -9999 -9999 -9999 -9999 -9999 -9999 -9999 -9999 -9999 -9999 -9999 -9999 -9999 -9999 -9999 -9999 -9999 -9999 66.5 58 54.5 54.5 58 58 57.5 56 54.5 52.5 50.5 49 46.5 44.5 42 40.5 40 38.5 37 37.5 37.5 35.5 34.5 34.5 33 32.5 33 34 33 31 31 30.5 31.5 31.5 29 28 28 25.5 25.5 25.5 25 28 31 30 29.5 27 26 25 26.5 26.5 22.5 24.5 22 18 16.5 13 12.5 7.5 0.5
-9999 -9999 -9999 -9999 -9999 -9999 -9999 -9999 -9999 -9999 -9999 -9999 -9999 -9999 -9999 -9999 -9999 -9999 -9999 -9999 -9999 -9999 -9999 63.5 59.5 55.75 56.5 58 57.75 56.25 55.5 53.5 52 49.5 47.25 45.75 42.25 40.5 39.5 38.5 37.75 37 36.5 37 36.75 35.25 34.5 34.5 35 34 33.5 32.5 32.5 32.25 31.75 30.25 28.75 27.75 27 27.5 26.5 27.25 28.25 30 30.75 28 26.75 26.25 25.25 26.5 30.75 32 28 23.5 16.5 14 13.25 11.25 12.5 8.25 2.5
-9999 -9999 -9999 -9999 -9999 -9999 -9999 -9999 -9999 -9999 -9999 -9999 -9999 -9999 -9999 -9999 -9999 -9999 -9999 -9999 -9999 -9999 -9999 -9999 68 61 57.5 57.25 57.25 56 56.25 55 53 51 49.25 47.25 43 41.75 40 38.75 37.5 37 37 37.5 37.25 36.25 35.75 35.5 34.5 32.5 31.25 32.75 32.75 31.75 31.25 31.25 30.25 30.25 30.25 29.25 29 30.75 31.5 30.75 29.5 28 30.5 30 31 29 31.25 30.25 32.25 30.5 20 12.5 10 13.25 13.25 12 9
-9999 -9999 -9999 -9999 -9999 -9999 -9999 -9999 -9999 -9999 -9999 -9999 -9999 -9999 -9999 -9999 -9999 -9999 -9999 -9999 -9999 -9999 -9999 -9999 -9999 -9999 62.25 57.5 56.5 56.5 57.5 56.5 54.75 52.5 50.5 49.25 43.5 42.25 40.5 39 38 37.5 36.5 37 37 34 33.75 34 34 35 34.5 33.5 33.25 32.5 33.5 33.5 33 33 32 32 31.75 30.75 31.5 31.75 31.25 32.25 33 33 31 31.75 28.75 24.25 23.75 24 22 13 9.75 13 11 9.5 7.25
-9999 -9999 -9999 -9999 -9999 -9999 -9999 -9999 -9999 -9999 -9999 -9999 -9999 -9999 -9999 -9999 -9999 -9999 -9999 -9999 -9999 -9999 -9999 -9999 -9999 -9999 67 61.75 58.5 58 58.5 58 55.5 53 50.5 47.25 44 43 41 39.5 38.25 37.25 37 37 37.5 35.75 33.5 33.25 33.5 32.5 32.5 31.5 31.25 30.5 30.25 30 30 30.5 30.5 30.25 29.75 28.75 28.25 28.75 28.25 31 31.75 31.5 27 27.5 26.5 25.25 25 22.25 18.25 15.25 16.5 21 17.25 10.75 11.25
-9999 -9999 -9999 -9999 -9999 -9999 -9999 -9999 -9999 -9999 -9999 -9999 -9999 -9999 -9999 -9999 -9999 -9999 -9999 -9999 -9999 -9999 -9999 -9999 -9999 -9999 -9999 67 61.75 60 59.5 58.5 56.5 53.75 51.25 47.5 45 44.5 43.5 41.5 39 37.75 36.5 36 36.5 36.75 36.5 34 33.5 33.25 33 33 33 32.75 31.75 32.25 31.75 32 32 31.75 30.5 28.25 26.25 26.75 26 27.5 29.25 29 26.75 24.5 24 24.25 25.75 25 24.75 23.75 25.75 26.75 22.25 20.5 17.75
-9999 -9999 -9999 -9999 -9999 -9999 -9999 -9999 -9999 -9999 -9999 -9999 -9999 -9999 -9999 -9999 -9999 -9999 -9999 -9999 -9999 -9999 -9999 -9999 -9999 -9999 -9999 69.25 65.5 63.25 61.75 60 58 55 52.5 48.5 44.25 44 42.75 41.5 40 38 36.25 36 35.75 35.25 36.25 35.75 34.75 34.75 33.75 33.25 32.75 32.25 32.5 32.25 31.75 30.75 30.5 30.5 30.75 29 28.5 28.5 27.5 28.75 28 27.25 25.25 25.5 25 26 28.75 27.25 28.5 29.75 28 27.75 26 23.5 17.75
-9999 -9999 -9999 -9999 -9999 -9999 -9999 -9999 -9999 -9999 -9999 -9999 -9999 -9999 -9999 -9999 -9999 -9999 -9999 -9999 -9999 -9999 -9999 -9999 -9999 -9999 -9999 71 69.5 66.25 64 62 59.75 56.75 54 50 45 44.25 42.25 41.25 40.25 39 37.75 36.5 35.5 36 36 33.75 33.25 33.5 33 34.5 35.25 34 33.25 32.25 32 31 30.25 31 31.5 31.5 33 32 32 32.5 31.25 32.25 30.5 30 29.25 29.75 29 29.25 28.75 26.75 25.75 23.75 24.5 26.5 27.5
-9999 -9999 -9999 -9999 -9999 -9999 -9999 -9999 -9999 -9999 -9999 -9999 -9999 -9999 -9999 -9999 -9999 -9999 -9999 -9999 -9999 -9999 -9999 -9999 -9999 -9999 -9999 -9999 71.25 68.25 65.75 63.5 60.75 57.75 54.25 50 46 45 43.25 42 40.75 40.5 39.25 37.25 36.25 36.25 35.5 33.25 32.25 31.75 31.75 31.5 33.75 34.25 35 32.25 31.5 33.25 33.25 32.75 32.5 32.75 31.75 28.75 28.75 28.75 27.25 28.5 30.75 30.75 28.25 29.5 28 27 25.5 25.25 21 21.25 20.75 19.5 21.75
-9999 -9999 -9999 -9999 -9999 -9999 -9999 -9999 -9999 -9999 -9999 -9999 -9999 -9999 -9999 -9999 -9999 -9999 -9999 -9999 -9999 -9999 -9999 -9999 -9999 -9999 -9999 -9999 72.75 69.25 67.25 64 61.5 58.75 55.75 51.5 47 46 44 41.75 40.5 39.5 39.25 36.75 35.75 34.75 34 33.75 33.75 31.75 30.25 31.5 31.5 32.5 35.25 34.25 32.25 30.75 28.75 28.75 30.25 29.5 29 27.5 28.5 30 29.5 28.75 28.75 29 28.25 27.25 25 25 26 25.25 20.25 17 16 16.5 16.25
-9999 -9999 -9999 -9999 -9999 -9999 -9999 -9999 -9999 -9999 -9999 -9999 -9999 -9999 -9999 -9999 -9999 -9999 -9999 -9999 -9999 -9999 -9999 -9999 -9999 -9999 -9999 75.5 72.75 69.75 67.5 65.5 62.75 60 56.75 51.75 49 47 44.5 42.5 41 39.5 38 36.25 35.5 34.25 33.25 32.5 33 32.25 31.25 32 31.25 30 33 33.25 31.75 31.75 30.25 30 30 30.25 29.25 30 31.75 31.25 30.5 31.5 31 31 31 27.25 27.5 26 25.75 25 21.5 19 21 18.5 16.5
-9999 -9999 -9999 -9999 -9999 -9999 -9999 -9999 -9999 -9999 -9999 -9999 -9999 -9999 -9999 -9999 -9999 -9999 -9999 -9999 -9999 -9999 -9999 -9999 -9999 -9999 -9999 77.5 74 70.5 67.75 66 63.75 60.75 58.25 51 48.75 46.75 44.5 42.5 40.75 40 39 37 35.75 34.75 34 33.5 32.25 31.75 31.75 30.25 31 31 32.75 31.25 32 32 33.25 33.25 32.75 32 32.5 32.25 32.25 33.25 33.5 32.75 33.5 34.25 32 28.25 29 32.5 29.75 29 25.75 27.25 25.5 24.25 22.25
-9999 -9999 -9999 -9999 -9999 -9999 -9999 -9999 -9999 -9999 -9999 -9999 -9999 -9999 -9999 -9999 -9999 -9999 -9999 -9999 -9999 -9999 -9999 -9999 -9999 -9999 -9999 77.5 74 70.75 68.5 66.75 64.5 61.5 57.25 52.5 50.25 47 45 43.25 41.75 40.25 38.75 37 37 35.75 34.75 35 33.75 32.75 31.25 31.5 32.25 32 33.5 33 32 30.25 31.75 32 32 34 34 34 35.25 35.25 34.75 34.5 35.25 35 33.5 29.5 27 29.5 32 29 30.25 28.75 25 25.25 24.75
-9999 -9999 -9999 -9999 -9999 -9999 -9999 -9999 -9999 -9999 -9999 -9999 -9999 -9999 -9999 -9999 -9999 -9999 -9999 -9999 -9999 -9999 -9999 -9999 -9999 -9999 -9999 78.25 73.5 71.75 69.5 67.75 65 61 56.75 52.75 50.75 48 45.5 43.5 42.75 41.25 39.75 38.5 37.5 36.5 36 34.75 34 32.5 32 32.25 32.5 33.5 33.25 32.75 31.25 30.75 32 31.25 32 31 31.5 32.75 34.25 35 35 34.25 33 32.25 31.75 30 31 32.25 32 31.25 32 32.5 28.25 27.25 26.75
-9999 -9999 -9999 -9999 -9999 -9999 -9999 -9999 -9999 -9999 -9999 -9999 -9999 -9999 -9999 -9999 -9999 -9999 -9999 -9999 -9999 -9999 -9999 -9999 -9999 -9999 -9999 79.66666 76.25 74.5 71.75 68.75 65.75 62.25 57 54.25 51.5 48 46 44.75 43.75 43.25 42.25 40.5 38.75 37.5 36.75 36.5 35.75 34.5 33.75 32.5 32.75 33 33.25 33.5 31.25 31.5 33 30.25 31.25 28.25 30.25 31 31.25 34.75 34.25 34.5 34.25 32.5 33 32.5 32.25 34.5 36.5 35.5 35.75 35 31.25 29 27.5
-9999 -9999 -9999 -9999 -9999 -9999 -9999 -9999 -9999 -9999 -9999 -9999 -9999 -9999 -9999 -9999 -9999 -9999 -9999 -9999 -9999 -9999 -9999 -9999 -9999 -9999 -9999 -9999 80.25 78.25 75.5 71 66.5 62.5 57.25 54.75 51.25 49 47 46.25 46.25 44.5 42.25 40.25 38.75 38 37.5 36.25 36 36.25 34.5 33.75 32.25 32.75 33.5 33.25 32.25 31.5 33 32.25 32.25 31.25 32 29 30.25 33.25 33.25 32.5 34.5 34.75 33.5 35.5 36.5 34.25 33 34.5 34 32.75 29.5 25.5 21.75
-9999 -9999 -9999 -9999 -9999 -9999 -9999 -9999 -9999 -9999 -9999 -9999 -9999 -9999 -9999 -9999 -9999 -9999 -9999 -9999 -9999 -9999 -9999 -9999 -9999 -9999 -9999 -9999 -9999 -9999 77 74.25 68.5 62.5 58.25 55.75 53 51 50.5 49 46.5 45 43.75 42.5 40.25 39 38.5 38 36.25 36.25 35.75 34.25 32.75 32.25 33.5 32.75 32.25 31 33.25 30.75 31.25 32.5 31.25 28.75 29.5 32 33.25 33.75 32.5 33.25 35.25 35.25 36.5 35 34.25 34 34 33.75 28.25 23.75 22
-9999 -9999 -9999 -9999 -9999 -9999 91 -9999 -9999 -9999 -9999 -9999 -9999 -9999 -9999 -9999 -9999 -9999 -9999 -9999 -9999 -9999 -9999 -9999 -9999 -9999 -9999 -9999 -9999 -9999 -9999 -9999 72 62.75 58 55.5 54.5 52.75 51 49.25 47.25 45.25 43.25 41 40.25 38.75 37.25 36.25 38.5 37.75 36.5 35.25 33.5 32.5 33 33.5 31 30.25 32 31.25 31.5 32.25 31.5 30.25 30.75 30.75 31.5 33.25 33.5 33 33.75 33.25 34 34.75 35.5 34.75 36.25 35 32.75 25 22.5
-9999 -9999 -9999 -9999 89 87.25 86 85.5 87.5 89 -9999 89 85 82.5 83.5 84 85 85 85.5 87 -9999 -9999 -9999 -9999 -9999 -9999 -9999 -9999 -9999 -9999 -9999 76 69.5 61.25 58.5 56.5 54.75 51.75 50 48.5 46 45.25 44.25 41.75 40.5 38 38.25 36.5 37.25 35.75 35.75 36.25 34.25 31.25 32.5 32.5 31.5 31.5 31.5 30.25 31.25 31.25 30.75 32.25 29.25 30.25 31.5 32.75 33.75 33.5 33.25 32.75 33.75 32.75 33 33.5 37.5 37.5 36 28.25 20.75
86.5 83.75 84.25 83.5 81.5 81 80.25 76.5 75.75 78 81.75 83 81.75 80.75 80.5 79.75 81 80.75 79.75 81.25 85.25 88 88 86.25 85.75 85 83.75 83.5 84 82 78.33334 74 64.5 61.25 58.5 57.5 54.25 53 51.5 49 46.5 45 43.5 41.5 40.75 39.5 37.25 35.5 35.25 34.25 34.5 35.75 35.25 33.25 32 32.5 31.5 30.75 31 30 30.25 30.75 31.75 30.5 28.25 31.25 32.5 33.5 31.5 34.25 34 33.5 33 33.5 35.25 36 34 28.5 27.25 31.25 25.75
78.25 75.5 76.75 75.75 77 76.5 75.75 70.75 72.25 73.75 73.25 72.25 76.75 79.5 77.75 72.75 68.75 66.25 73.5 75.75 79.75 82.5 83.75 82.75 81.75 81 80.5 79.5 77.75 73.75 71.25 66.75 61.75 59.25 55.5 55 52.5 50.25 50.5 48 44.75 43.5 43.5 43 40.25 39.75 36.75 34.75 32.5 32.75 32.25 34.75 34.5 33 31 31.5 31.5 30.25 29.25 29 30.5 31 30.75 28.25 29.75 31.5 32.25 32.5 32.75 32.5 34 34.5 34 34.25 34 26.25 19.25 14.75 13.75 16.25 12.25
67.75 67.5 70.25 71.5 71.25 64.25 63.25 60.25 61.5 65.25 60.25 60.75 62.5 67.5 70.75 71.75 71.25 68.75 69.75 67.75 67.25 74.25 78 80.25 79 78.75 77.25 75.5 69.5 65.75 61.75 56.5 60.25 52.75 51.75 45.75 47 47.5 49.5 46.5 45.75 43.75 40.25 40.75 41.25 40.75 38.75 35 31.5 29.5 29.75 32.5 33 33.25 29.5 30 30 29 28 29.25 30 28.5 28 27.5 30.75 32 31.5 30.25 33.25 32.25 32.25 33.75 35.25 36.75 39 37 33.75 31 30.5 33.5 33.5
52 54.5 60 59.25 56.25 52.5 39 35.5 39.5 57.25 54.5 54 53.5 60.5 55.5 64.75 67.75 68 66.25 56.25 58 61.75 64.25 66.5 69.25 72 72.25 70.75 62.5 45.75 57.25 50.25 44.75 34.75 37.25 42 43.5 43.75 44.25 41.5 42.25 40 40.5 38.25 36.5 36.75 37 36.75 33 28.75 28 31.25 30 32 26.75 27.5 25.75 25.25 27 27.75 26.25 26.75 28.25 29.75 31.75 31.5 29.5 31.25 30.25 32.75 33.75 33.25 32.75 32.5 35.25 39.75 40.25 41 41.5 43 44
34.25 37 55.75 41.25 47.25 46 22.75 9 31.25 35.25 38 46.5 55 58.5 57.75 56.75 60.25 64.25 53.75 63.75 59.25 57.75 53 58.75 55.25 51.75 64.25 45.5 47.25 35.5 46.5 45.5 39.75 32.75 30.75 38.25 42.75 33.75 26.5 34.25 35.75 34.5 34.75 36.75 34.25 32.25 31.5 33.75 32.5 27.75 26.25 28.25 26.5 27 23.75 21.25 19.25 21.25 23 24 25.75 26 27.75 26.5 28.25 27.5 30 30 30.25 29.75 32.75 33.5 32 31.25 32.5 35.5 38.25 36 41.75 40.5 41.75
14.75 22.5 31 22.25 30.5 21.25 14.25 18.25 23.5 26.25 35.25 43.75 38.5 51.5 55.5 52.5 45.25 39 44.5 38.75 51.25 57 46 51 52.5 60.5 54.5 37.5 25.75 27.5 33.5 30.25 24 23.25 20.75 17.75 21 18.25 3.5 16.75 31.75 26.75 24.75 21.5 2.5 15 11.25 16.25 9.75 12.75 21.5 18 17.25 19.25 21.5 16.25 19 20.75 23.5 24 26 26.75 28 25.75 23.5 23.5 23.75 27.25 27.25 26.75 30.25 31.5 31.5 32 31.25 31.75 37.5 40.5 40 35 33.75
20 23.5 23.5 25.75 25.5 26.75 28 33 34.25 35 32 31 31.5 22 41.25 45.5 38.75 22.75 35.5 38.5 40 39 32.75 45.25 51.75 37.5 14.5 31.25 28.75 28.75 29 23 12.5 8.75 9 2.75 4.25 -0.5 -9 1.5 3.75 -9.5 -12.25 8.75 -10 -12.75 -12.5 -10.75 -14 5 2.5 -18.5 -13 -7 -4 4.25 0 7 16.5 13.25 15.25 10.75 12.25 18 24 22 20 20.75 18 22.5 26 23.75 27.75 28.75 30.25 26.5 30.75 35 32.75 26.5 28.5
15 18.75 19.25 19.25 22.25 21.75 26.5 29.25 37.25 36 28.25 27.75 25 27.75 26.25 28.5 34 35.25 41.25 42.25 38.75 34.5 28.25 23.75 31.75 34.75 34.25 23 28 31.75 28 26.5 23.25 17.5 9.5 7.75 1.75 3.75 -3 -4.75 -11.25 -29.5 -38.5 -11 -24 -26.5 -40.5 -48.75 -28.5 -27.5 -14.5 -39.5 -51 -41.25 -25.5 -3 -26.75 -8.5 2 -1.25 -13.25 -9.25 2.25 9.75 3.25 14.75 6.5 0.5 -5.5 3.5 17.5 14 16.25 22.75 21.5 22.25 27.75 35.75 34 28 26.25
20.5 19.25 24.5 22.75 23.75 24.5 24.25 18.25 25 29 37 32 25 27.75 35 27.25 31 38.75 38.5 39.25 36.5 33.75 29.75 20.25 20.5 15.75 11.25 7.5 19.5 33.25 35.5 31.75 25 21.75 21 12 4.5 8 2.5 0 -13.25 -27.75 -30.75 -38.25 -29 -46 -46.25 -63 -62.25 -51 -48 -39.25 -69.25 -54.25 -25.5 -9.75 -30.5 -21.25 -10.5 -12.75 -21.25 -44.75 -21.25 -28 -19 5 2 -11.25 -23.25 -0.5 15 -11 -19 -4 4 12.25 13.5 26.75 22 28.5 35.75
20.5 16.25 18.75 18.75 15.75 21.25 17 13.75 20.5 28 25.75 32.5 28.75 24.25 40 36.25 39.25 36.5 33 27.5 19.25 24.75 19.25 18.75 21.75 24 22 30.25 28.5 31.25 27.5 31.25 26 23.5 26.5 23.75 17.75 17 9.75 8.75 0.25 -1.75 -14 -34.5 -36.25 -53.75 -36.25 -38.25 -60.25 -62.25 -47.75 -45.25 -62 -46.75 -47.5 -50 -47.75 -37.75 -19.25 -19.5 -30.5 -47.25 -50.75 -50.75 -36.5 -28.75 -29.5 -35.75 -14 -10 -12.75 -3.25 2.25 -9.25 -19.25 -9.75 5.75 8 5.75 17.25 32.5
15.75 14.75 16 17 18.25 16 15.5 12.75 17.5 32.75 28.5 27 25 25.5 36 38.75 40.5 30.25 27.75 26.5 25.75 27 27.75 27.75 32.5 34.25 34.5 35.5 35.25 37 28.75 21.25 13.5 15 21.25 27.75 16.25 6.25 9.5 13.25 13.5 4.25 2 -5.5 -10.25 -33.5 -37.5 -25 -45 -35.75 -60.75 -64 -46.25 -32.25 -58.75 -55.75 -72.5 -55.75 -65.25 -51.75 -38 -37.25 -46.25 -42.75 -30.75 -46.5 -43.75 -59 -48 -50.25 -45 -37.25 -26.5 -21.5 -33.5 -32.75 -14.25 -29.75 -2.75 17.25 30.75
24 23.25 21 18.75 14.75 15.5 13.25 18.5 24.25 26.25 27 27.25 26.25 26.25 32.25 37.75 39.5 37.25 27.75 26 28.5 27 27.75 32.5 36 34.75 35.25 38.75 40 38.25 30.5 27.25 17.5 22.5 28 30.5 27.75 20.25 21.5 16.75 20.25 17.25 12 8 3 -3.25 -6 -6 -24 -12.75 -24.25 -28.5 -17.75 -15.75 -31 -42 -34.25 -38.5 -59.75 -53 -51.5 -57.25 -62.75 -51.25 -14.75 -19.5 -26 -42.75 -51.25 -35.75 -48.25 -53.75 -37.5 -49.75 -54 -34.25 -19.25 -10 6.75 28.5 22.75
26.75 25.5 24.5 20 16 17 15.75 17.5 17.75 14.25 19.25 21 23.5 27.75 32.75 35.75 35.25 37 40.5 39.75 39.25 39.25 39.5 38.75 38.5 37.75 39.5 39.75 39.5 40 35.75 33 25.5 26 28 21.5 22 19.5 16 6.75 7.25 11.25 3.25 3.75 -3.25 2.5 8 -5.25 -15 -8.75 -3.75 -4.5 9.5 -12.25 -43.75 -27.25 -14.75 -26.5 -28.5 -21 -28.75 -49.25 -55.5 -52 -23.5 -5.75 -25 -43.25 -26.75 -24.75 -55.75 -58.5 -49.25 -31.75 -20.5 -18.75 -22 -15.25 -11.75 -4.25 -37.5
28.25 27 24.25 19.25 18.5 16.75 17.75 16 14.75 15 13.5 15.5 20.25 19.75 19.75 27.5 29.25 35 36 30 34.5 37.5 37.5 38.5 41 40.75 40.75 40.5 37.75 39.75 37.25 37.5 34 32.5 33 26.75 16.5 11 7 2 1.75 12 14.5 14.5 11.25 11.5 9 -0.25 -2 -12.5 -7 7.5 18.25 12.75 7.25 1.75 -10.25 -26.75 -15.75 -6 -12.75 -27.25 -24.25 -29.75 1.25 -31 -22 -14 -2.25 -28 -32.5 -25.75 -13 1.75 -0.25 -20.75 -50.5 -53 -37 -19.25 5.25
29 26.5 21.25 19.25 19.75 19.5 16.75 15.25 13.5 12 6.5 5.75 10.5 5.25 9.75 8 17.25 28.75 21 6.75 22.25 20.25 23 27.25 29.5 34 40.75 42 39 41 40.75 38.5 36.25 34.75 35.25 30.75 24.75 20 16.75 15.25 12.5 17.75 15 3.75 -3.5 -6.75 -7 -7 -11 -7.75 -4.75 4 15.25 17.75 10.25 4.5 -4.25 2 -11.5 0.25 -7 -8.25 1.75 5.75 -10 -21.25 -7 13 13 0.5 -5.5 -5.75 -5.75 -17.25 -24 -24 -13.25 -11.5 -7 8.25 19
28 23.5 21.25 22.5 21.5 18.75 16.75 14.25 12 7.5 -1.75 -5 -15.5 -14.5 -2.5 -15.25 -1.25 13.5 4 13 6 12.25 3.75 12 10.5 26.75 35.25 38.25 42.25 42 42.5 37.5 36.75 37.75 34.75 33 30.25 28.75 25.5 21.75 19.25 23.75 25.75 22.25 20 12.25 6.25 1 -2.75 0 0.75 6.5 12 21 9.25 19 11.5 9.25 1.75 12 3 0.25 17.5 4.25 -20.75 -8 -1.5 10.5 -1 -15.25 -27.25 -21.25 1.25 10.5 6.25 4.5 12.25 10.25 14.75 24.5 35.75
25.25 25.5 25.75 24.25 21.75 19.25 16.5 13 10.25 7.25 2.75 -6 -4.25 -4.5 -8.75 1 4 -4.5 -2.5 6 2.25 0.75 -2.25 12.25 12.75 15.75 22 23.25 37 41.75 41.25 41.75 40.5 39 36.75 37.25 35.5 36.25 33.5 30.25 27.75 29.5 30.75 29.5 27.75 26.5 25 21.75 21 22.75 18.25 17.75 16.75 24 20.25 21.5 12.75 10 12 17.5 10.5 24.25 23.25 13.5 -2 -0.75 18 7.75 -16 -23 -3.75 -5.25 -14.25 15.5 11.75 16.5 18.5 27 14.25 19 42.5
