layers/wordclim/past/Iberia_miroc_10_ascii/bio_8.asc
ncols         205
nrows         142
xllcorner     -11.010633712694
yllcorner     33.273793250999
cellsize      0.083333333333334
NODATA_value  -9999
[rows 0 to 34 of 142, columns 80 to 159 of 205]
-9999 -9999 -9999 -9999 -9999 -9999 -9999 -9999 -9999 -9999 -9999 -9999 -9999 -9999 -9999 -9999 -9999 -9999 -9999 -9999 -9999 -9999 -9999 74.5 66.5 63 63.5 66.5 67 66 64.5 63 61.5 59.5 58 55.5 53.5 51 49.5 48.5 47 45.5 45.5 46 44.5 43 43.5 41 40.5 41 42.5 41.5 39.5 40 39.5 40 40.5 38 36.5 37 34.5 34.5 34.5 34 36.5 39.5 38.5 38.5 36 35 34 35.5 36 118.5 121 119 114 111.5 107.5 107
-9999 -9999 -9999 -9999 -9999 -9999 -9999 -9999 -9999 -9999 -9999 -9999 -9999 -9999 -9999 -9999 -9999 -9999 -9999 -9999 -9999 -9999 -9999 -9999 72 73.5 64 65 66.75 66.5 65 63.75 62.5 60.25 58.25 56.25 54.5 51.25 49.5 48.5 47 46 45.5 45 45 44.75 43.25 42.5 42.5 43.25 42.25 42.25 41.5 41 40.75 40.25 38.75 37.25 36.75 35.5 36.5 35.25 35.5 37 39 39.75 37 35.75 35.25 34.75 35.5 40 41.5 103.75 120.25 111.25 108.75 107.75 105.25 107.25
-9999 -9999 -9999 -9999 -9999 -9999 -9999 -9999 -9999 -9999 -9999 -9999 -9999 -9999 -9999 -9999 -9999 -9999 -9999 -9999 -9999 -9999 -9999 -9999 -9999 99 69 66 66 66 64.75 64.75 64 61.75 60 58 56.25 52 50.25 49 47.5 45.75 45.25 45 45.5 45.25 44.25 44.5 43.5 43.5 41.5 40.25 41.25 40.75 40 39.5 39.75 39.25 38.5 39 38 38 39.25 40 39.5 38.25 37 39.5 39 40.25 38 40.75 39.5 108.25 128.25 115.75 106.25 103.75 107.75 107.75
-9999 -9999 -9999 -9999 -9999 -9999 -9999 -9999 -9999 -9999 -9999 -9999 -9999 -9999 -9999 -9999 -9999 -9999 -9999 -9999 -9999 -9999 -9999 -9999 -9999 -9999 -9999 76.5 65.5 65.25 65.25 65.75 65.25 63.5 61 59 58 52.25 51.25 49 47.5 46.5 45.75 44.75 45 45 42.25 42 42.25 42.75 43.25 42.5 42 41.75 41.25 42 42.5 42 42 40.5 40.5 40 39.75 40.5 40.75 40.25 41.25 42.25 42 40 41 38 77.75 120.75 120.5 119.25 107.25 103.25 107.5 104.75
-9999 -9999 -9999 -9999 -9999 -9999 -9999 -9999 -9999 -9999 -9999 -9999 -9999 -9999 -9999 -9999 -9999 -9999 -9999 -9999 -9999 -9999 -9999 -9999 -9999 -9999 -9999 86.5 70 67 66.5 66.75 66.25 63.75 61.75 58.75 56.25 52.75 52 50.25 48.25 46.5 45.75 45 45 45.75 43.75 41.75 41.5 41.75 41.5 41.25 40.25 40 39.5 38.75 38.75 38.75 39 39.25 38.75 38.5 37.5 37 37.75 37 40 41.25 40.75 36.25 36.5 36.25 100.25 121.75 119 113.5 109.75 111.5 117.5 113.25
-9999 -9999 -9999 -9999 -9999 -9999 -9999 -9999 -9999 -9999 -9999 -9999 -9999 -9999 -9999 -9999 -9999 -9999 -9999 -9999 -9999 -9999 -9999 -9999 -9999 -9999 -9999 -9999 92.25 70.25 68.75 68.25 67 64.75 62.5 60 56.5 54 53.5 52 50.25 48 46.25 45 44.5 44.75 45.25 45 42.5 41.75 41.75 41.75 41.25 41.75 41.25 40.5 41 40 41 40.5 40.75 39.5 37 35.25 35.75 35 36.75 38.5 38.5 36 55 55.5 120.5 123 122.5 122.25 121 124.5 125.75 119.25
-9999 -9999 -9999 -9999 -9999 -9999 -9999 -9999 -9999 -9999 -9999 -9999 -9999 -9999 -9999 -9999 -9999 -9999 -9999 -9999 -9999 -9999 -9999 -9999 -9999 -9999 -9999 -9999 94.5 91.25 77.5 70.25 74 66.75 64 61 57.5 53.5 53 52 50.25 48.75 46.25 45 44.75 44 43.75 45 44.75 43 43.25 42.75 41.75 41 40.75 41.25 41.25 40.75 39.75 39.5 39.25 39.25 38 37.5 37.5 36.75 38 37 36.5 34.5 78.25 121.75 123 126 125 127 128.75 126.5 126.25 124.25
-9999 -9999 -9999 -9999 -9999 -9999 -9999 -9999 -9999 -9999 -9999 -9999 -9999 -9999 -9999 -9999 -9999 -9999 -9999 -9999 -9999 -9999 -9999 -9999 -9999 -9999 -9999 -9999 102 100.75 92.25 96.25 82.5 67.75 65 62.5 59 54 53.25 51 50.25 49.25 48 46 44.75 44.25 44.75 44.25 42.5 42 41.75 41.75 43 44 42.5 41.5 40.5 41 40 39 40 40.5 40.5 42 41 41.25 41.75 40.5 41.25 39.5 61 127.75 128 127 127.25 126.75 124 123 120.75 122.25
-9999 -9999 -9999 -9999 -9999 -9999 -9999 -9999 -9999 -9999 -9999 -9999 -9999 -9999 -9999 -9999 -9999 -9999 -9999 -9999 -9999 -9999 -9999 -9999 -9999 -9999 -9999 -9999 -9999 102.5 99.5 91.5 83.5 80.75 65.75 63 59 55 54 52.25 50.75 49.75 49 47.5 45.75 44.25 44.5 44 41.75 41.25 40.25 40.25 40.5 42.25 43 43.75 41.25 40.5 42.25 42.25 41.75 41.5 41.75 40.75 37.75 37.75 37.75 80.25 81.25 106 128.5 125 127 125.5 124.5 123 123 116.75 117.25 116.75
-9999 -9999 -9999 -9999 -9999 -9999 -9999 -9999 -9999 -9999 -9999 -9999 -9999 -9999 -9999 -9999 -9999 -9999 -9999 -9999 -9999 -9999 -9999 -9999 -9999 -9999 -9999 -9999 -9999 103 100.5 98.5 84 81.75 66.75 64.25 60 56 55.25 52.75 50.75 49.5 48.5 47.25 45.5 44 43.5 42.75 42.75 42.25 40.5 39.25 40.25 40.5 41.5 43.75 43 41.25 39.75 37.5 37.75 39.25 38.5 38 36.5 81.5 127 126.25 125.75 125.75 126.75 124.75 123.75 122 121.75 123 122 116 111.25 111
-9999 -9999 -9999 -9999 -9999 -9999 -9999 -9999 -9999 -9999 -9999 -9999 -9999 -9999 -9999 -9999 -9999 -9999 -9999 -9999 -9999 -9999 -9999 -9999 -9999 -9999 -9999 -9999 106.5 103.75 100.75 98.75 97.5 94.75 68.25 65.25 60.75 58 56 53.5 51.5 49.75 48.5 46.5 45 44.25 43 42 41.5 41.5 41 40.25 40.75 40.25 39.25 42 42 40.75 40.75 39.25 39 39 61 82.5 105.25 129.5 129.25 128.25 129.5 129 129.25 128.75 124.25 125.25 123.75 123 122.5 118 115 117
-9999 -9999 -9999 -9999 -9999 -9999 -9999 -9999 -9999 -9999 -9999 -9999 -9999 -9999 -9999 -9999 -9999 -9999 -9999 -9999 -9999 -9999 -9999 -9999 -9999 -9999 -9999 -9999 107.5 104.5 101.5 99.25 97.5 95.75 87.25 66.5 60 57.75 55.75 53.5 51.5 49.75 48.75 47 45.5 44.5 43.25 43 41.75 40.75 40.25 40.25 39 40 39.5 41.25 40 41 41 42.25 42.5 107.75 129 130 129.5 129.5 130.5 131 130.5 131.5 133 130.75 125.75 127.25 131 127.75 126.5 123.25 124.25 122.75
-9999 -9999 -9999 -9999 -9999 -9999 -9999 -9999 -9999 -9999 -9999 -9999 -9999 -9999 -9999 -9999 -9999 -9999 -9999 -9999 -9999 -9999 -9999 -9999 -9999 -9999 -9999 -9999 107.5 104.5 101.5 100 98.5 96.25 93.75 66 61.25 59.25 56 54 52.25 50.5 49.25 47 45.5 45.5 44.25 43.5 43.75 42.5 41.25 40.25 40.25 41 40.75 42.25 42 41 39.25 41.25 106.75 128.75 131.25 131.25 131.25 132.25 133 132.75 132.75 134.25 134 132.25 126.75 123 127.5 130 126.75 128.25 111.75 107.5
-9999 -9999 -9999 -9999 -9999 -9999 -9999 -9999 -9999 -9999 -9999 -9999 -9999 -9999 -9999 -9999 -9999 -9999 -9999 -9999 -9999 -9999 -9999 -9999 -9999 -9999 -9999 -9999 108.5 103.75 102 100.75 99 97 93.75 65.25 61.5 59.75 56.75 54.5 52.5 51.75 50.25 48.5 47 46 45.25 44.75 43.5 43 41.5 40.75 41 41.25 42.5 42.25 41.5 40.25 40 84.5 127.5 128 128 128.25 130.25 132.25 132.75 133.25 132.75 131.25 130.75 130 127.75 128.75 130 130 129.5 130.25 85.75 67
-9999 -9999 -9999 -9999 -9999 -9999 -9999 -9999 -9999 -9999 -9999 -9999 -9999 -9999 -9999 -9999 -9999 -9999 -9999 -9999 -9999 -9999 -9999 -9999 -9999 -9999 -9999 -9999 109.6667 106.5 104.5 102.75 100.25 97.75 94.25 77.25 63.25 60.5 57 55 53.75 52.75 52.25 51.25 49.25 47.5 46.25 45.5 45.25 44.5 43.5 42.5 41.5 41.75 42.25 42.25 42.5 40 62 128.25 126.5 127.5 124 126.75 127.5 128.75 132.25 132.25 132.75 132.25 131.25 130.75 130.25 130 132.75 134.75 134.25 89.75 74 70.25
-9999 -9999 -9999 -9999 -9999 -9999 -9999 -9999 -9999 -9999 -9999 -9999 -9999 -9999 -9999 -9999 -9999 -9999 -9999 -9999 -9999 -9999 -9999 -9999 -9999 -9999 -9999 -9999 -9999 110 108.75 106.5 102.75 98.75 95.25 84.25 63.5 60.25 58 56 55.25 55.25 53.5 51 49.25 47.75 47 46.25 45.25 44.75 45 43.5 42.25 41.5 41.75 42.5 42 41.25 104.75 128.25 128 127.75 127.25 128.5 125.25 127.5 131 131.5 130.25 132 133 131 133.25 134.5 132.5 131.25 133 87.75 71.75 68.5
-9999 -9999 -9999 -9999 -9999 -9999 -9999 -9999 -9999 -9999 -9999 -9999 -9999 -9999 -9999 -9999 -9999 -9999 -9999 -9999 -9999 -9999 -9999 -9999 -9999 -9999 -9999 -9999 -9999 -9999 -9999 109 106.5 100.25 95 90.75 76.75 61.75 60.25 59.5 58 56 54 52.75 51.25 49.25 48 47 46.75 45.25 45 44.5 43.5 42 41 42.5 41.75 83.75 125 128 126.25 127 128.25 127.75 125 125.75 129 131.25 131.5 130.25 131 132.5 133.25 134 132.5 131.75 131.5 87.75 72.75 67
-9999 -9999 -9999 -9999 -9999 -9999 -9999 120 -9999 -9999 -9999 -9999 -9999 -9999 -9999 -9999 -9999 -9999 -9999 -9999 -9999 -9999 -9999 -9999 -9999 -9999 -9999 -9999 -9999 -9999 -9999 -9999 -9999 104 95.75 91.25 83.25 63.25 62 60 58.25 56.25 54.25 52 49.75 49.25 47.75 45.75 45 47.25 53.25 65.5 51.25 56 48.25 62 69.5 110.5 124.25 126.5 126 127.5 128 127.25 126.75 127.5 127.75 128.75 131 131.25 130.25 130.75 130.25 131.25 132.25 132.75 109.5 75 73.75 71.25
-9999 -9999 -9999 -9999 -9999 119 117 115.25 115.5 117.5 119 -9999 119 114.5 112 112.5 102 91.5 91.5 91.5 93 -9999 -9999 -9999 -9999 -9999 -9999 -9999 -9999 -9999 -9999 -9999 108 101.75 94 91.75 89.5 69.75 61 59 57.5 55.25 54.25 53.25 50.75 49.5 46.75 47 45.5 52.75 57.75 64.25 71.75 69.75 67.25 68.75 83.5 124.75 125.75 125.5 125 127 127.25 127 128.5 125.75 126.75 129 130.25 131.25 130.75 130.25 130 131 130 129.5 82 66.75 66.75 75.25
116 117 114.25 114.75 113.5 111.75 110.75 110 106.5 106 108 111.75 113.25 111.25 110.75 93.25 87.25 88 86.75 85.25 86.25 90.75 93.75 99 91.75 102.75 102.25 106.75 112.5 114 113 110.3333 106 97.25 94.75 92.5 91.5 75.75 62 60.25 58 55.5 54 52.5 50.5 49.75 48.5 46.25 50.75 63.75 69.25 69.5 71.25 71.25 69 68 125.5 125.25 124.75 124.75 125 125.5 126.75 128.5 125.75 124 127.5 129.25 130.75 128.25 131.25 130.5 130.25 129.75 129.75 132.25 72 63.25 94.5 78.5
110.75 109.75 106.75 107.5 106.25 107.5 107 106.25 101 102.75 104.5 103.5 102.5 107.25 109.5 91.5 80.25 75.5 72.5 79.25 80.75 84.75 87.5 88.75 87.75 86.5 86.25 86.5 97.25 107.25 104.5 102.5 98.75 94.5 93.25 89.5 89 86.5 59.25 59.5 57 54 52.5 52.25 58.25 55.5 54.75 64.5 69 67 67.5 67.75 70.5 70.25 69 81.25 124.5 124.75 124.25 123.5 123.75 125.75 126.75 126.5 124 125.25 128 129.25 129.75 130 129.25 131 131.5 130 130.25 129.75 120.5 110.25 104.5 102.25
100.5 99.75 99.25 101.75 103 102.5 95.75 94.5 91.75 93 96.75 91.25 92 82 75.75 79 71.75 72.75 73.25 75.25 73 72.25 79 83 85.25 84 84 82.5 81.5 75.5 78.25 81.25 76.5 93.25 80 85.75 60.75 62.25 56.5 65 56 54.75 52.75 48.75 56 75.75 75.25 73 69 66.25 64 65.25 68.25 69 69.25 107 122.5 123 121.75 121.25 124 124.75 123.75 123.5 123.25 126.5 128.5 128 126.25 129.25 129 129.25 129.5 130.75 132.25 110.75 94.5 92 83.5 70
87 85.25 87.25 93 91.75 88.75 85.25 71.5 61.75 65.75 88.5 86 79 61.5 68.75 63.5 68.5 71 74.25 72 62.5 63.75 67.25 69.25 71.75 74 76.75 76.75 76 68.5 52.75 70.5 57.75 59.5 42.75 52 51 59 52.75 60 50.75 58 55 75.5 73 71 71.5 71.5 71 68 63.75 63 67.25 65.75 82 117.5 119.25 117.75 117.75 120.5 122 121 121.75 123.5 125.75 128 127.25 125.25 127.75 126 129 130 129 128 127.75 122.75 91.5 80.25 80.5 80.75
72.5 68.75 71.5 89.25 75.25 80.5 79 49.5 18 57.5 55.25 58.25 66.75 75.5 67 65.5 64.5 67.5 70.25 59.75 69.25 64.75 63 58.5 64 60.75 57.25 69.25 51.75 53.75 42.25 54 53.25 47.75 40.75 39.5 47 51.75 42.5 35.25 49.75 51.5 50 63.25 72 69 67.25 66.25 68.5 67.5 62.5 60.75 63.25 75 103.5 114.5 111.75 110 113.25 115.25 117.25 119.25 120.5 122.75 122 123.75 123.25 126.5 126.25 126 125.5 128.25 129.25 127.25 126 126.75 106.25 83 75 80.75
39 49.5 57.25 65.25 57 64.5 54.75 47.5 45.25 50.25 46.75 68.25 70.25 46.5 65.25 63.5 60.25 52 45.75 50.75 45.25 57.25 62.5 52.25 56.5 58 66.5 60.25 44.5 33 35.25 41 38.5 32.25 31.75 29.25 26.75 30 27.25 12.75 25.75 47.25 42 47 49.75 25 43.25 40 51.25 56.75 47.75 57 78.75 104.25 108 111.75 106 109.75 112.5 116.25 118 121.25 121.75 123.5 121 118.25 117.75 117.75 122 122.25 121.25 125.25 126.25 126.5 126.5 125 117.25 99.75 79.5 79
33.75 55 59 58.5 61 59.75 60.5 62 66.75 67.75 68.25 65.5 51 39.25 29.75 48.75 53 45.5 29.75 42.5 45 46.5 45.5 39.25 51.5 57.5 44 22.25 38.25 36 36.25 37 31.75 20.5 17.5 17.5 11.5 13 8.5 0 10.25 12.75 0.25 -2.5 31 0 26.75 21.5 40.5 66.5 64.5 60.5 62.25 69 76.75 80.75 91.5 86.5 95.75 108 104.75 107.5 102 103.25 111 118.75 115.5 112.75 114.25 110 115.25 119.75 115.75 120.75 121.75 123.5 118.25 115 110.75 97.25
41.5 50.75 54.5 55 54.5 57 56.75 60.75 63.75 71.75 70.25 61.25 54.25 33 35 33.5 35.75 41.25 42.25 48 48.75 45.25 41 35.25 30.5 38.25 41.75 41.25 30.25 35.75 39.5 35.75 34.5 31.5 26 17.75 16.5 10.5 12.5 6.25 4.75 -1.5 -19.5 2.75 5.5 24.5 39.5 33.75 23.25 48.75 51 66.25 36.25 21.5 33.5 54 82.25 53 76.25 90.25 86.5 71 76.25 91 100.75 91.75 106.75 95.25 88.25 78.5 90 107.75 103 105.5 114 111.25 112 118.5 120 108.75
57.75 57.75 56 60.75 58.5 59.25 59.25 59.25 52.5 58.5 62.75 71 59.75 39.5 35.5 49.25 34.75 38.75 46.25 45.75 46.25 43.25 40.75 36.75 27.75 27.5 23.25 19 15.5 27 41.25 43.75 40.25 33.5 30.5 29.75 20.5 13.5 17 11.75 9.25 -3.5 -1.25 12.25 37 36.75 27.5 26.75 5.75 6.25 21.5 25 36.5 -1.75 17 54.75 74.5 48.5 60.5 74 71.5 60 29.5 59.25 50.75 62 94.25 89.5 71.25 55.25 84.75 104.25 69.5 58.25 77.75 86.75 97 98.5 116.25 109.25
60 57.75 53.25 55.5 55.25 51.5 57.25 51.5 48 54.75 62.25 59.75 67 49.5 38.5 74.25 57.25 66.75 56.75 46.75 34.5 26.25 32.25 26.75 26.25 28.75 31.75 30 38.25 36.25 39.75 35.75 40 34.75 32 35.25 32.75 26.25 26 18.75 24.5 16.25 21 43.5 42.25 39.75 17.5 39.75 37.25 8.5 6.5 25.25 28.75 7.25 27 25.5 23.25 25.5 39 62.75 62.25 47.75 26 21 20.75 39 49 47.75 39 67 71.75 66.5 79 85.25 69.75 55.75 67.5 87.25 90 86.25
61.5 54 52.5 53 53.75 54.25 52 50.5 47.25 52 68 63.25 61.5 52.5 53 70.25 73 75 51 35 40.5 33 34 35.25 35.25 40 42 42 43.5 43.25 45.5 37.25 29.5 22.5 24 30.25 36.5 25.25 15.25 32.25 49.25 49.75 40.25 49.5 76.75 71.5 43.75 38.25 53.75 28.75 40.75 9 4.25 27.25 45 11.25 15.75 -5 15.25 3.5 20.25 37.75 38.75 27.25 30.75 46.75 25 29 8.75 22.25 18.25 24 33.75 47.25 53.5 37.25 37.5 60.25 23 74.25
65.5 63 62 58.5 56 50.5 51.25 48.75 53.75 59.75 61.5 62 61.75 60.75 61 67.25 73 74.5 72.25 49 47.25 49.75 61.25 75 87.5 91.5 56.75 57.25 46.75 48 46.75 38.5 35.75 25.75 31.5 36.5 53.5 64.75 57.25 58.25 53.5 56.75 53.75 60 81.25 87.5 80.25 77.75 76.75 55.75 70.25 55.75 50.5 64 67 47.25 33.5 43.5 38 10 18.75 20.5 13.25 5.75 19.75 67.25 60.75 51 29.25 17.5 36.75 20.5 13 32.75 9.5 -20.25 18 53 64.25 85.5
67 66.75 65 63.5 58 52.75 53 52.25 53 52.5 49 54.25 55.75 58.5 62.75 68.25 71.25 71 72.75 76.5 75.5 115.25 130 131 130.75 130.5 116 76.5 76.5 77 56 43.75 41.5 34 34.5 44 44.5 59.25 56.5 52.5 56 68 72.25 87.75 88.5 80.5 87.5 93.25 77.5 66.75 74.75 80.75 81 98 71.75 31.25 52.5 68.75 54 50.75 60.5 49.75 22.5 14.5 18.5 55 78 52.5 28 49 51 10.75 6.5 10 30.5 52.25 53.5 40 39.5 42
70 69.25 67.5 63.75 58 56.25 54.25 54.5 51.5 49.75 50.75 48 50.25 54.75 54.5 41.25 63 64.75 71 85.25 118.5 125.5 130 131.25 132.75 134.75 134.75 120.25 78.25 75.75 77.75 75.75 76.25 64.75 63 71.5 64.5 53.75 48 95.25 88.25 88.5 99.25 102.5 101.75 97.5 97.75 95 84.75 82.5 70.25 77.75 95.5 109.75 104.5 97.5 90.75 74.75 53 67.75 81 71 51.25 55 47.75 88 44.25 56 65.75 79.75 46 39.75 47.25 62.25 80.5 77.5 42.5 -17.75 -20 -4.25
72.25 70.75 67.75 60.75 58.5 58.25 57.5 53.75 51.25 49.5 47 41.5 33.75 57.25 12.75 62.25 79 89.25 104 109 91.5 111.5 110 114.5 120 123.25 128.5 136.25 94.5 77.25 79.75 79 77 75 73 73.5 69 62 98.25 107 104.75 101.25 107 103 90 81.5 77.5 77.25 77 72.75 76.5 80.25 91.75 106.75 111.25 102 94.5 83 92.25 74.25 88.75 78.75 76.25 89.75 94.5 73 57.25 76 100.75 100 82.25 73.75 72.25 71.25 47.25 29.5 28.5 40.75 51.5 45.75
72.75 70 64.5 61.75 62.5 60.5 57.25 53.75 50.5 72.5 79.5 80.25 77 63.75 64.5 80.5 65 81.75 100.5 89.5 100 92.5 100.75 90.5 101.25 100.25 120.75 131.25 134.5 109.75 79.75 80.75 76 75.5 76 72.75 71.5 68 94.25 118 113 109.75 115 115.75 111.75 108.25 99 92.25 86.5 82 86.25 87.75 95 103 116 100.75 115.5 105.25 102.25 91.75 106.25 93.25 88.5 112.75 92.25 58.75 74.5 82.25 97.25 80.25 61 44.75 51.5 79.75 91 83.75 81.25 89.5 86.75 92.75
