layers/wordclim/past/Iberia_miroc_10_ascii/bio_2.asc
ncols         205
nrows         142
xllcorner     -11.010633712694
yllcorner     33.273793250999
cellsize      0.083333333333334
NODATA_value  -9999
[rows 36 to 71 of 142, columns 80 to 159 of 205]
99.5 98.5 97 96.25 94.75 94 93.25 93.5 93.25 93.5 93.5 93.75 94.25 95.25 96.75 97.5 98.25 98.25 98.75 100.25 100.5 100 101.5 103.75 103 103.25 103.25 102.5 101.75 101.25 101.25 101 100.5 100 100.25 100 100.75 100.25 100 99.75 99 99 99.25 99 99 98.75 99 99.25 98 99.5 100.75 101 102.25 103.5 104.5 99.25 100.25 99.5 101.25 97.5 96.5 93.25 99.25 96.25 94.25 89.5 89 90 87.5 85.5 83.5 81.75 80.5 80.25 81.5 80 79.25 78.25 78.5 77.75
99.75 98.25 97.75 97 95.75 95.25 94.25 93.5 93.75 94.25 94.75 95 95 96.25 97.25 98.75 98.75 98 99.5 99 99.75 101.25 102.25 103.25 103.75 104.25 104 103.25 102.75 102.5 102.25 101.25 100.75 100.25 100 100 101 100.75 100 99.5 98.25 98.5 99.5 99.75 99 98.75 99 99.25 99 100.75 102.25 102.5 103.75 104.75 105.75 103.75 103 99.75 101 101.25 97 96.75 98 90.5 93.5 93.5 92.75 91.25 88.5 85.75 84.75 83.25 82.75 82 81 79.75 78.75 77.75 77 76.5
100 98.75 97.75 96.75 96.25 95.75 95 95 95 95 95.5 96 96.25 96.75 97.75 99.5 100.5 100.75 102 102 103.75 104 105.25 105.5 104.25 104 104 103 102.5 102 101.5 100.75 100.25 100 99.75 99.75 100.5 100.75 100 99.25 98.5 98.75 100 100 98.5 98.5 99.25 100 100.25 101.5 102.5 102.5 104.5 106.25 106.75 107.5 106.25 104.5 104.25 102.5 99.75 99.75 99.75 97.75 97.75 95.5 93.25 90.25 87.25 84.75 84 83.75 82.75 81 80.25 79 77.75 76.75 75.75 75.25
100.25 99 98 97 96 95.25 95.5 95 95 95 95.5 95.75 96.25 97 97.25 98.75 100.25 101.25 102.25 103.75 104.75 106.25 106.5 107.5 106 104.75 104.25 103.5 102.5 101.5 102 101.25 100.5 100 99 99.5 100 100 99.5 99.25 98.75 99.25 101 100 99.5 97.75 98.75 99.5 101.25 102.25 102.5 102.75 104.75 107 107.5 109 109.75 110 109.5 107.75 105.5 105 103.5 100.25 97.25 94.5 91.75 90 87.5 85.5 84.25 82.75 81.5 80.5 79.25 78.25 76.75 75.75 75 74.75
100.25 99 97.75 97 95.5 95 94.75 95 94.5 94.5 94.5 95 95.75 96.5 97.75 98.5 100.5 102 103 104.25 105.25 107 107.75 107.5 107 105.75 104.75 103.75 102 100.5 98.75 100.5 100.5 100 99.25 99.75 100 99.5 99.5 99.25 99 99.5 100 99.5 98.75 97.5 97.5 99 101 102.5 103.25 104.25 105.5 106.5 108.25 110 111.25 111.5 110.25 111.75 110.25 107.75 104 100.25 97 93.75 90.5 87.75 85.75 84.75 83.25 81.5 80.75 79.25 78 77 76.25 75.25 74.5 74
99.75 98.75 97.25 96.5 95.5 94.25 93.75 93.75 94 94 94.5 95 95.75 96.5 97.5 98.5 100.75 101.75 103.25 104.25 105.5 106.5 107 107 106.75 106 105 104 102.75 102 101 100.75 100 99.25 99 100 99.25 99.25 99.25 99 99.25 100.25 100 99.25 98.75 98.75 98.5 97.75 99.25 101 102.25 102.75 105 106.75 108.25 109.5 110.75 111.25 112 113.25 111.75 108 103.5 99.5 96.25 92.5 89.25 86.75 84.75 83 81.5 80.25 79.75 78 77.25 76 75.25 74.25 73.25 73
99.25 98 96.5 95.25 94.25 94 93.5 93.5 94 94.75 95 95 95.5 96.25 97.25 98.5 100.5 101.5 102.5 103.5 104.75 105.5 105.5 106.5 106 104.75 104 103 101.5 101.5 101 99.75 99 98 98.5 99 98.5 98.25 97.5 98 98.75 99.5 99.75 100 99.25 99 99 99.75 99.75 100.75 102.25 102.5 103.5 106 107.5 109 110 111 112 113 110.75 106.5 102.5 98.5 94.5 90.5 87.5 85.75 83.5 82 80 78.75 77.25 76.25 76 75.25 74 73.5 73 72.75
98 96.5 95.5 95 94 94 93.75 94 95 94.75 95 95.75 96 96.75 97.25 97.75 99.75 100.5 101.25 102.25 103.25 104 104.25 105.5 105 104.25 103.5 102.5 102.25 101.5 100.5 99.25 98.75 98 97.75 98 97.75 97 96.5 97 96.25 97.75 98.25 98.75 99 99 99.25 100 100 100.5 101.5 103.25 103.75 105.5 106 107.5 108.75 109.5 109.75 109.5 106.25 103 99.75 95.75 91.75 88.25 86.25 84.5 82.75 80.75 79.25 77.5 75.75 74.75 74 73.25 72.75 73 72.5 72
96.75 95.75 94.75 94 93.5 93.5 94 94 94.25 94.25 95 95.5 95.75 96.5 97 97.5 99.5 100.5 101 102.25 103 103.5 104.5 104.75 104.25 103.25 103 102 101.5 101 100.25 99.25 98 97 97.5 97 96.5 96.25 95.5 95 95.25 95.25 96.25 97.5 98.25 98.75 99.5 99.75 99.5 100 100.25 101.25 103.25 105.5 106 106.25 106.75 107.25 107 105 101.5 98 94.75 92 90 88 85.25 83.5 81.25 80 78 76 74.75 73.75 73 72.25 71.5 71 71.5 72.25
96 95 93.75 93.25 93 93 93 92.75 93.25 94 94.5 94.75 95.75 96.75 97.5 98.25 100 100.25 101 102 103 103 103.5 104.5 104 102.75 101.75 101.5 101.5 100.75 99.75 98.5 98 96.75 96.25 95.25 95 95 94 94 94.25 94.75 95.75 96.25 96.5 97.25 99 99.5 99.5 99.75 100.25 100.75 103 103.5 103.75 104.5 105 104 104 102 98 94.25 91 87.75 86 85.75 83 80.25 78.75 77.75 75.75 74.25 73.25 72.75 72.5 71.75 71.5 71 71 71.5
95.25 93.75 93.25 92.25 92 92 91.5 91.5 91.75 93.5 95.25 96.5 96.5 97 97.75 98 99.5 100.25 101 101.5 102 102.75 103 103.5 102.5 101.75 101 100.25 100.5 99.5 98.5 97.25 96.25 95.5 94.5 93.25 93 93 92.75 93 93.5 93.5 94.25 94.75 95.5 96.25 97 97.75 98.75 99.5 100 100.75 101.5 102 102.25 102.75 102.5 103 103 101 97.75 93 90.25 87.75 86 83.5 78 76 75.5 74.25 73.25 72.5 72.25 72 71.25 71.75 71.25 71 71.25 72
94.25 93 92 91 91.25 91 91 91.5 92.75 95.25 96.75 96.25 96.75 97.25 98 98 99 99.25 99.75 100 101.25 101.75 102.75 102.75 102.25 102 101.25 100.75 100.5 99.5 98.25 96.75 95.5 95.25 94.25 92.75 91.75 90.5 90 91.5 91.75 92.5 92.5 92.75 94 95.25 95.75 96.25 96.5 97.5 98.25 99.25 100.5 100.25 100.5 100.5 99.75 98.5 100.25 98.75 96.25 93.5 89.75 87.25 83 78.75 74 72 71.5 71.5 72 72.25 72 72 72.25 72 72.25 73 73 -9999
93.25 92 90.25 89.75 90.5 91 91.25 93.25 93 94.5 95.25 95 95.5 95.75 96.25 95.5 97.5 97.75 98.75 99.75 100.75 101.25 103 103 102.5 102 101.25 101 100.75 99.5 98.5 96.5 95.75 94.75 93.5 91.75 91 90 89.75 89.75 90 90.25 90.75 90.75 91.5 93.75 93.5 94.5 95 95.5 96 98.25 98 98.5 98.5 98 97.25 97.75 97.75 96.25 94.5 91.25 88.25 85.5 81 77 73.25 71.5 71.5 71.75 71.75 72.5 73 73 73 -9999 -9999 -9999 -9999 -9999
91.75 90.25 89 89.5 91.5 95.25 94.5 92.25 91 93 95 95 92.75 93.5 94.75 94.5 96 97.25 98.25 99.5 100.5 101 102.5 102.75 102.5 102 101.75 101.25 100.25 99 98 96 95.5 94 93 91.5 90 89.5 90 89.25 89 88.5 89.5 90 91.5 92.25 91.5 92.5 93.25 94.25 94.5 94.5 95 96.5 95.75 96 96.75 97 96.25 94 91.25 89 87 84 80.5 77.25 74.25 72.5 72.25 72.5 73 -9999 -9999 -9999 -9999 -9999 -9999 -9999 -9999 -9999
91 89.75 89.25 90 94 92 92 92.25 91.25 91.25 91.5 91.5 92 92.5 92.5 93 95.5 97.25 98.75 99.75 101 100.75 102.5 102.5 101.5 101.25 101 101 99.75 98.5 97.5 96 95.25 93.5 91.5 90 88.25 88.5 89.5 89.25 88.5 88 88 88.5 89.25 89.5 89.75 91 91.75 92.5 92.5 92.75 92.75 93.75 93.25 93.75 92.5 96 94.25 91.5 90.25 87.25 85.25 83.25 80.25 77.5 75 73.25 73 -9999 -9999 -9999 -9999 -9999 -9999 -9999 -9999 -9999 -9999 -9999
90.5 90.75 92.25 93.5 95.75 94.25 93 90.5 89.75 90.5 90.25 91.5 91.75 91.5 91.25 93.25 96 97.5 98.5 98.5 99.5 101.25 102 102 102 101.75 101 101.25 100.25 99.25 97.5 96.5 95.75 93.75 91.75 89.5 88 88.75 88.75 88.25 87.75 88 87.5 87.25 88.5 88 88.5 88.75 90 91 91.5 90.25 90.75 91 90 88.25 91.75 95.25 93.5 90.75 89 86.75 84.5 81.75 79.75 77.5 75.5 74 73.33334 -9999 -9999 -9999 -9999 -9999 -9999 -9999 -9999 -9999 -9999 -9999
91.75 92 93.75 93 92.75 90.75 89 89.5 90 91 91 92 91.75 90.5 90.5 94 96 97 98.5 99 99.25 100.75 102 102.25 102.5 102.5 102 102 100.75 99.5 98.5 96.75 96.5 94.5 92 90 89.25 90 89.5 88.25 87.5 87.25 87 87.25 87 87 87 88 88.25 88.75 89.75 89.25 89 87.5 86.5 87.5 91.75 93.5 92 90.25 88 86 84 81.5 78.5 76.75 75.75 74.75 73.75 -9999 -9999 -9999 -9999 -9999 -9999 -9999 -9999 -9999 -9999 -9999
93.5 94.75 91.75 89.5 90 89.5 89.25 89.5 90.25 91.5 92 92.25 91.5 89.5 91 95 96 97.5 99 99 99.25 101 102.75 103.25 103.25 103 102.5 102.75 101.25 100 98.25 97.25 96.25 95.5 93.25 90.75 89.5 89.75 89 88 87.25 87 86.5 86.75 87 87 86.75 86.75 86.75 87.5 87.75 87.25 86.75 87.25 88 89.25 90.5 90.75 90 88.75 86.75 85.25 83.5 80.75 78.5 76.75 75.75 75 74.5 75 -9999 -9999 -9999 -9999 -9999 -9999 -9999 -9999 -9999 -9999
92.5 93 91 90 89.75 89 89 89.25 90.75 92.5 93.25 93 92 91.25 93.75 94.5 96.5 98.5 99.75 99.25 101.25 103.25 103.75 103.5 103.5 103 103 102.25 101 99.5 98.5 97.5 96.75 95.25 93.5 91 89 90 89.25 87.75 87.25 87.25 86.5 86.5 86.25 86.75 86 86 86 86.25 87 86.5 87 87.25 88.25 89.5 89 88.5 87.5 87 85.5 84.5 82.5 80.5 78.5 77.5 75.5 74.75 75.25 -9999 -9999 -9999 -9999 -9999 -9999 -9999 -9999 -9999 -9999 -9999
91.75 91.75 91.25 90.75 90.25 89.75 89.25 89.5 90 92.5 95.75 95.25 94.25 94.75 94.75 96 98 99 99 99.75 101.25 102 103.25 103.5 104 104.5 104 103.25 101.5 100.5 99 98 97.25 95.75 93.75 92 89.5 89 89 88 88 87.75 86.75 87.25 87 86 86.25 86 85.5 86.25 86 85.25 86.25 87 87 87.75 87.5 86.75 85.75 85 84.25 83.75 81.75 80.5 79 77.5 75.75 75 75.33334 -9999 -9999 -9999 -9999 -9999 -9999 -9999 -9999 -9999 -9999 -9999
93 92.75 92.25 91.5 91.25 90.5 89.75 89 90.5 92.5 95.75 96.25 95.5 96 96 97.75 98.5 98.5 98.75 99.75 101 103 103.5 104.5 105.5 105.5 105.75 104.5 102.75 100.75 99.5 98.5 98 96.5 94.5 92.75 90.5 89.25 88 87.25 88.5 88.25 87.25 88 87 86.5 85.5 85.25 85.5 86 85.75 85 85 85 85.5 86.5 85.75 85.5 84.5 83.5 83 83 81.5 80.25 78.75 77.5 76.5 75.25 76 -9999 -9999 -9999 -9999 -9999 -9999 -9999 -9999 -9999 -9999 -9999
94.25 93.75 93.25 92.75 92 90.5 90.5 90.5 92 93.5 95.5 96.25 97 96.75 97 98.25 98 99 100.75 101 103 105.25 105.5 106.25 106.75 107 107.5 105 103.25 102.25 100.75 99.25 98.5 97.5 95.5 93.75 91.75 90 88 88 88.25 87.25 86.75 88 87.5 87 86 85 84.75 85.75 85.25 85 84.75 83.5 84.25 85 84.5 84 83.5 82.5 81.75 81.75 81 79.75 78.5 77.5 76.5 75.5 -9999 -9999 -9999 -9999 -9999 -9999 -9999 -9999 -9999 -9999 -9999 -9999
95.25 95 94.25 93 92.5 92.5 92 92.5 94 95 96.25 97 97.25 97.25 98.25 99 99.25 101 102.5 102.5 104.75 105.75 107 108 108.25 107.75 108.75 106.5 104.5 102.75 101.25 100 98.75 97.5 96.5 94.5 92.5 91 89.25 89 88.5 86.5 86 87.25 87.25 86.75 85.75 85.25 84.75 84.5 83.75 83.5 83 82.25 82.25 83 83.25 82.75 82.25 81.75 81.25 81 80.5 79.5 78.75 77.5 76.75 76 -9999 -9999 -9999 -9999 -9999 -9999 -9999 -9999 -9999 -9999 -9999 -9999
96.75 95.75 94.75 94 93.75 93.5 93.5 94.75 95.5 96 96.5 97.5 98.25 98.5 99.75 100 101 103 103.5 103.75 106 106.75 107.75 108.25 109 109 110 107 105.25 103.5 101.25 100.5 99.75 98.25 96.25 94.5 92.25 91.75 91.25 91 89.75 87.25 86.5 86.5 86.75 86 85.25 84.75 84.25 83.5 81.75 81.75 81.5 81 81 81.5 81.75 81.75 81.5 81 80.75 80.25 79.75 79.5 78.5 77.75 77 -9999 -9999 -9999 -9999 -9999 -9999 -9999 -9999 -9999 -9999 -9999 -9999 -9999
97.25 96.5 96 95.5 95.5 95.5 95.25 96.25 96.25 96.75 97.75 98.25 99 99.25 100.75 101.5 102.5 103.5 104.25 104.75 106.75 107.75 108.75 109 110 111 111.5 108.5 106.5 105 103.25 102.5 101 99 97.25 95 92.5 92.25 92.5 92.25 90.75 88.5 87.5 87 85.75 85.25 84.5 83.25 83.25 81.25 80.5 81.5 80.25 79.5 80 80.75 80.75 81.25 81 80.25 80.25 80 79.25 79 78.5 78 -9999 -9999 -9999 -9999 -9999 -9999 -9999 -9999 -9999 -9999 -9999 -9999 -9999 -9999
97.75 97.5 97.25 96.5 96.5 96.5 96.5 97 97.5 98.25 99 99.5 100 101.25 102.5 102.75 103 103.75 104.75 105.25 107.25 108.5 109 110 111 111.5 112.25 110.75 108 106.75 104.5 103.5 101.5 99.75 98 96 93.75 93.5 92 91.5 91.25 90 88.5 88 86.75 85.25 85 83.25 81 79.25 78 77.5 78.25 78.75 80 80 80 80.5 80.25 80 80 79.75 79 78.75 79 -9999 -9999 -9999 -9999 -9999 -9999 -9999 -9999 -9999 -9999 -9999 -9999 -9999 -9999 -9999
99.25 98.75 98.5 98.5 97.75 97.75 98 98.75 99.5 100 100.5 101.25 101.5 102.25 102.75 103.25 104 104.75 105.25 106.5 108 108.75 109.5 110 110.75 111.5 111.5 110 108.5 107.5 105.5 104.5 102.5 100.5 98.5 96.5 95 93.75 92.25 91.5 90.25 90.75 90 88 86 84 83.5 84 81.25 78.75 77 76.5 77.5 78.5 79.75 80 80 79.25 80 80 80.25 80 79 78 -9999 -9999 -9999 -9999 -9999 -9999 -9999 -9999 -9999 -9999 -9999 -9999 -9999 -9999 -9999 -9999
100.5 100.25 99.5 99.75 98.75 99.5 100 100.5 100.75 101 101.75 102 101.75 103 103.5 104 104.75 105.5 106.25 107.5 108 109 110 110 110 110.75 110.5 110 108.5 107 105 104 102.75 101.25 99.5 97.5 95.75 94.75 92.75 91.5 90.25 89.75 89.75 89 87 84.75 81.75 81.25 82 79 77.5 77.25 77.25 78.75 80 80 80 79.75 79.5 80 80 80 79 -9999 -9999 -9999 -9999 -9999 -9999 -9999 -9999 -9999 -9999 -9999 -9999 -9999 -9999 -9999 -9999 -9999
102.25 102.25 101 101.25 101 101.5 102.25 102.25 102.5 102.25 102.25 102.25 103 104.25 104.5 105 105.5 106.5 107 108 108.75 108.5 109 109 109 109.5 109.75 109 108 106.5 104.75 104.25 102.5 100.75 99.25 98.5 96.5 95.5 93.5 91.5 90 89.25 88 87.5 86.25 85.5 84 79.75 79.5 78.75 78.5 78 78 78.5 80 80 80 80 79.5 80 80.75 80 -9999 -9999 -9999 -9999 -9999 -9999 -9999 -9999 -9999 -9999 -9999 -9999 -9999 -9999 -9999 -9999 -9999 -9999
103.5 102.75 102.5 102.5 102.5 103.5 103.75 104.25 103.75 103.5 103.5 103.5 104.5 105 105 105.75 106.5 106.75 106.5 107.5 108 108.25 109 109 109 109 109.25 108.75 107.75 106.5 104.75 104.5 102.5 100.75 99.5 98 96.75 96.75 95.25 93.25 91 88.25 87 85.75 84.5 82.75 82.5 81 78.75 79.75 79 79 78.5 78.5 81 80.5 80.25 80 80 80 81 -9999 -9999 -9999 -9999 -9999 -9999 -9999 -9999 -9999 -9999 -9999 -9999 -9999 -9999 -9999 -9999 -9999 79 80
104 104.25 104.25 104.5 104.5 105.5 105.5 104.75 104.5 104.5 104.75 104.5 105.75 106 106 106 106.25 106.25 106.75 108 108.5 108.5 109 109 109 109.5 109 108.25 107.5 106.5 105.5 104.5 103.25 101 99.75 98.5 96.5 96 96 94.5 92.5 90.25 87.75 85.5 84 82.5 81 79.5 79 79.5 80 79.5 79.75 79.5 81 81 -9999 -9999 -9999 -9999 -9999 -9999 -9999 -9999 -9999 -9999 -9999 -9999 -9999 -9999 -9999 -9999 -9999 -9999 -9999 -9999 -9999 -9999 79.75 80.5
105.5 105.5 105.5 105.75 106.25 106.5 106 106 106 106 105.75 106 106.5 106.75 106.25 106 106 106.5 107.25 108 108 108.25 109 108 108.75 109.25 109 108 107 106 105 104.5 103.5 101.5 100.5 98.75 97.5 96.5 95.75 94.5 93.5 92.25 90.25 87 84.75 83.25 81.5 79.75 80 80.5 81 81.25 81 81 -9999 -9999 -9999 -9999 -9999 -9999 -9999 -9999 -9999 -9999 -9999 -9999 -9999 -9999 -9999 -9999 -9999 -9999 -9999 -9999 -9999 -9999 -9999 -9999 80 80
106.5 107 107 107.5 108 107.5 107.5 107.5 107.5 107.25 107 107.25 107 106.25 106.75 106.75 107 107 107.5 108 108 108 108.25 108 108 109 108.25 108 107 106 105 105 103.5 101.5 100 99 97.5 97 96 94.75 94.25 93 90.5 88.25 86 84.25 83 81.5 81.5 81.5 81.75 82.5 82.25 82 -9999 -9999 -9999 -9999 -9999 -9999 -9999 -9999 -9999 -9999 -9999 -9999 -9999 -9999 -9999 -9999 -9999 -9999 -9999 -9999 -9999 -9999 -9999 -9999 79.75 80.5
107.5 108.25 108.25 108.25 108.5 108.5 108.75 108.5 108.5 108 107.75 107.5 107 107 107 107 107 107 108 108 108 108 107.75 107.5 107.5 107.75 107 106.5 106 105 104.5 104.25 104 102.75 101 99.25 98 97.5 96.5 95.25 94.25 93 91.5 89.5 87.5 86 84.75 83.5 83.5 83.5 83.5 84.5 83.75 -9999 -9999 -9999 -9999 -9999 -9999 -9999 -9999 -9999 -9999 -9999 -9999 -9999 -9999 -9999 -9999 -9999 -9999 -9999 -9999 -9999 -9999 -9999 -9999 -9999 79.75 80
108.5 109.25 108.75 109.75 110.25 110.5 110 109.75 109.25 108.25 107.75 108 107.75 107.5 107 107 107 107.25 108 107.75 107.75 107.25 107 107 107.5 107.75 107 106.75 106 105 104 104 103.25 102.25 101.5 100.75 99.25 99 97.25 95.75 94.5 93.75 92.75 92.25 89.75 87 85.75 85.5 85.5 85.5 85.5 86 85.5 85 -9999 -9999 -9999 -9999 -9999 -9999 -9999 -9999 -9999 -9999 -9999 -9999 -9999 -9999 -9999 -9999 -9999 -9999 -9999 -9999 -9999 -9999 -9999 -9999 -9999 -9999
109.75 109.5 110.5 111.5 111.5 111.5 111.25 110.5 109.25 108.25 109 108.5 108 108 108 107.75 107.5 107.75 107.5 108 107.75 108 108 107.25 107.5 107.5 107 106.25 106 105 104.25 104.25 103.25 102.5 101.25 101 100.25 100 98.75 96.75 96.25 95 93.25 92.5 90.75 88.75 87.5 87.25 87.75 87.5 87.5 87.25 87.5 86.66666 -9999 -9999 -9999 -9999 -9999 -9999 -9999 -9999 -9999 -9999 -9999 -9999 -9999 -9999 78 77.33334 77 77 77 78 -9999 -9999 -9999 -9999 -9999 -9999
