layers/wordclim/past/Iberia_miroc_10_ascii/bio_16.asc
ncols         205
nrows         142
xllcorner     -11.010633712694
yllcorner     33.273793250999
cellsize      0.083333333333334
NODATA_value  -9999
[rows 34 to 67 of 142, columns 77 to 153 of 205]
248 248 249.5 250 252.5 258 258 254.5 252.25 251.5 251 254.25 261.75 276 305.25 315.25 350.75 351 315.25 357.25 316.75 274.75 303.75 279.25 300 281.75 308.25 284 289.75 245.75 229.5 230 227 233.75 239.5 248 250.25 247.25 249.5 247 245 241.5 245 248 248.5 233.25 225.25 226.25 229 246 265 283.75 299 290.75 292.5 280 268.5 249.5 291.5 268 296.75 312.5 338.25 316 343 350.75 304.25 341.5 391 366.5 352 325 352.5 377.5 398.75 387.25 347.5
233.75 235.75 241 240.25 244 242.75 242.25 243 242.25 243.25 244 251.75 259.75 270 285.75 314 310 312.5 328.5 300.75 292.75 319.5 314.5 292.25 304.25 308.25 318.25 274.75 274 266.75 252.25 252 224 218.5 222 223.75 225.75 227.25 227.25 223.25 222.5 217.5 220 222 222.5 214.25 206.5 204.5 202.25 200.75 200.25 207.5 214.25 214 230.75 238.25 246.75 234 249.25 251.75 287.5 301.75 303.25 289.5 318 274.75 281.25 311.5 349.5 348.75 303.5 329.75 376 388 352.75 354.5 369
222 228.25 232 229.75 231 232.75 235.75 234.25 234.5 234.25 238.25 245.25 253.25 253.75 252.75 263.25 282 316.5 327.25 313.25 324.25 338.25 317.5 314.25 337.5 326.5 292.5 310 293.75 262.5 243 235 221.75 217 214.25 212 214 219.5 229 218.5 205.5 205.75 208 206 203.25 197 196.25 193.5 192.5 186 184 189 193.5 197.75 206.25 209.25 212.25 213 261 267.25 277.25 269.5 297 301.5 319.5 267.5 288.25 291.25 320 312.75 286.25 300 303.75 317.25 318.75 321.25 316.5
212 217.5 216.75 220.75 227.75 230.5 232.75 230.5 229.5 231.25 230.5 234.5 243.75 254 260.5 247.25 259.25 278 297.25 326.5 365 334 359 352.75 334.5 316.25 316.25 305.5 294.25 288.75 253 231.25 227.25 225.75 209.25 205.25 200.5 199.75 205 202.75 195.75 200 210 217.75 205.5 187.25 186.5 185 183 177.25 177.5 181.25 184.75 187.25 193.75 194.25 197.5 200.25 226.75 244 267 261 258.75 286.25 286 273.25 322.5 289.5 271.25 262.75 257.75 271.75 292 286 284 286.25 278.75
212.5 211 218.5 219.25 223 227.25 228.5 228.5 228.75 231.25 236.25 237.75 249 254.75 260 253.75 256.5 267 277.75 280.25 288.75 287.75 292.5 276.75 282.75 271.75 281 297 287.75 260.25 257 253.5 238.25 226.5 211.5 212.25 205.5 192.75 188.75 187 188.5 197.5 208.5 210 195.25 178.5 179 184.75 184.25 174 170.25 173.25 177.25 179.25 189.75 188.75 185.25 191.75 204.5 219.25 232 238.5 245.75 259 254 248 253.5 234.5 237 242.25 254.25 271.5 287 283.25 268 258 263.5
208.5 210.25 211 216.5 219.75 224.5 224 224.5 224.75 227 227.75 229 232.25 235.5 238.75 247.25 252.5 253 256 265.25 262 260 261.75 256.25 254.75 251.5 257.25 271.25 282 277.75 257.75 262 277.5 248 225.75 220.25 204.75 193.5 188 180.75 176.25 185 185.25 188.5 178 170.25 174.75 177.5 187.25 178.25 171.5 168.75 169.75 175 182.5 179.75 178.25 186.25 188.5 192 196.5 203.5 213 219 215.5 210.5 221.25 223.5 230 236.75 237.5 247.5 258.75 274 265.75 250.5 244.25
211 211.25 210.5 212.75 216.25 216.5 220.5 215 216 217 218.75 219.5 221.5 225 226.25 231 237.25 244.25 245.5 250.5 253.5 256.25 259.25 265 254.75 251.5 252 257 258.5 256.5 269.75 281.25 313.75 326.5 259.5 228 212.5 196.5 187.75 181.5 173.25 168 167 170.25 166.5 164 172 178.5 190.25 189 175.25 170.75 166.5 169.5 170 171 170.75 180.75 179 178.5 186 198.25 191 192 193 199 204.25 211.25 216.75 225 237.75 251.75 254.25 260 256.25 244.25 234.25
207 209 209.5 210.25 212.5 213 216.75 210.75 211.5 213 213 213.25 214.75 220 223 224.25 226 231.75 231.75 237.75 235.75 242.5 248 244 244.75 244.5 239.5 240.75 245.75 249.75 256.25 265.75 278.75 275.5 256.75 233.25 225.25 201 186 177.5 175 170.5 163.25 159.5 158.5 158.75 166.5 169.75 170.75 174.75 188.75 184.75 176.5 174.5 179 170.75 169.25 170.75 171.75 175.5 183.75 187.5 180.75 181.5 185.75 192.75 198 203 212.25 225 236.25 247.75 253.25 249 253.5 249.25 237.75
204.25 203.75 208.5 212 209.75 208 212.75 214 220.5 216.75 216.5 218 223.75 222.75 217.5 215.25 217.5 222 222.75 227.5 230 226.25 229.75 236.5 244.25 238.5 235.5 240.5 244.25 245.25 252 252.75 252.5 238.5 228.25 211 205.25 204 180.75 174.75 179.25 191 177.75 167.25 164.75 157.75 153.75 158.5 160 163.5 169.75 177.75 177.75 174.25 178.75 179.5 173.25 173.5 166.5 173.25 173 170.25 174.25 180.5 186.25 192.5 199 204.75 216.5 233.75 247 249.5 247.75 236.75 236.5 246.75 252.75
203.25 206 208.5 211.5 213.75 214 213 217.25 223 227.25 232.75 238 223.25 227.5 226 222 223.5 217 215 219 217.5 221.75 224.5 225.25 226.5 232.5 246 247 234.75 237.25 242.5 238 234.5 228.75 248 220 192.25 185 175.25 174.5 181.75 185 174.75 185 177.5 168.5 161.25 155.25 153.25 157.25 162 166 171.25 170 170.25 171 171.25 175.5 175 163.5 164.5 169 177.5 187 194.75 198.75 206.75 221.25 234.25 242.5 247.25 249.25 253.5 250.5 246.5 242.75 244.25
200 202 205.25 207.75 209.5 211 214.5 215.75 230.5 244.5 239.75 231.25 222.25 220.75 225.5 229.75 236.5 234.25 234.5 237.75 228.75 228 235.5 232 228.5 228.25 235.5 234.25 220.75 221.75 228.75 228.5 223.25 208 208 209.5 208.5 200.25 196.75 183.25 184 186 188 195 187 174 166.25 158 154 153 161.25 167.5 169.5 171.25 173.5 171 167.75 169.75 175.25 168.5 171.75 180 189.75 200.5 208.5 216.5 224.75 227.5 224.75 229 245 247.75 261.25 258.75 248.25 247.25 249.75
194.5 195.25 199.25 202.75 206 211 212.75 215.75 221.75 230.75 223.75 224.25 228.5 233.75 233.75 243.25 251.5 250.5 252 253 240.5 232.25 235.75 238 237.75 236.75 232.5 219.25 213 209 210.25 209 210.25 200.25 198.25 193.75 208 230.75 225 207.5 193.25 200.25 195 201.25 187.5 170.75 164.5 159.75 157.75 154.75 153.75 161 163.5 166.25 167.75 168.25 170.25 178 177 176.75 185.75 189 197 211.75 225.5 237.75 252.75 256 248.5 233 234.25 239.75 252.25 250.25 247.25 251.25 257
191.25 195.25 198.5 202.5 207.5 212.5 215.25 219.25 222.5 225.5 225.5 226.5 237.75 269.25 293.75 273.75 266.5 269.25 259.75 239.25 238 235.25 231.5 240.75 241 240.5 231 216 208.75 211.25 213.5 212.25 211.75 207.5 210.75 206.25 212.75 224.75 230.75 227.75 217.25 210.25 211.5 200 188.75 179.5 173 166.5 160.25 157.75 157 158.75 162.5 165.25 168.25 172.5 177.75 180.5 182 185.5 187.75 187.25 199.75 214.25 230.25 237.75 248 254.75 242.25 232.25 236.5 241.25 245.25 244 250.5 255 257.5
191.5 195.5 199.75 204.25 208 214.5 219.25 223.5 228 234 235.5 251 287.75 318.75 283.25 289.25 264 275.75 262.5 233.5 233.25 223.25 221.75 239 242 240.75 238.75 235.5 234.25 235 238.75 230 224.25 221.5 229.25 228.25 219 218.75 227.5 225 235.25 234 216.75 208.5 195.75 196 191.25 174.75 166.75 163.75 164.5 164.75 168.25 173.25 176.5 179.75 186.5 188.75 195.75 201.25 212.5 205.75 211.5 220 228.25 238.5 240 239.75 240.25 238 240.5 240.25 243.75 245.25 248 252.5 258.5
195.25 197 205.5 206.5 211.5 217.25 226.75 235.25 241.25 247.25 274.75 263.5 261.25 265.75 247 247 241.5 241 221.5 222.75 216.75 215 223.25 230 237.5 244.25 248 253.75 263.5 262.5 248.25 255 248.25 240.5 239.25 245 247.5 230.25 222 234.25 241 248 231.75 216.5 207 205 212 197.5 178.25 179.75 175.75 172.75 175.25 180.25 184.5 191.5 197.25 200 207 215.5 219.75 221 221.5 232.5 242.25 248.25 247.25 247.5 246.25 244.25 243 242.5 242.75 243.75 245.5 246.6667 253
198.5 203.25 206 207.25 213 227.25 236 256.5 323 295.75 253.75 235 237.25 257.75 249.25 225.5 223.75 228 210.5 205.25 209.25 208.5 220.25 231.5 237.75 239 242 251 258.5 257 254.25 257.25 253 248.5 246 238.75 235 244 229.75 231.75 245.25 265.75 258.5 233.75 219 208.75 192 187.75 191 198 189.75 183 179.75 186.5 195.75 202 206 212.5 217 222.75 228.5 232.25 238 248.5 252.25 254.25 252.75 247.75 247.25 247.25 246.25 244.5 242.25 241 -9999 -9999 -9999
202 208.75 208 210.75 215 228.25 240 300.25 260.75 253 254 239.75 231.25 230.5 224.5 222 217.5 209.5 204.5 202.75 211.5 217 224.75 230.25 232.75 236.75 241.5 236.5 245 257 264.25 255.25 252.5 246.75 244.5 248 238 236 236.75 224.75 237.25 247 255.75 241.75 239 223.75 204.5 204.25 209 206.25 196.5 190.75 188.75 197.5 205.25 211 214.75 221.75 228 237.75 237.5 245 251.25 256.75 260 258.5 252 251.75 251.75 251.25 249.75 245.3333 -9999 -9999 -9999 -9999 -9999
205.5 212 213.25 213 229.25 264.25 276.75 324 294.25 275.75 245.25 235.75 229.25 224 226.5 223.5 214.75 204.5 205.75 211.5 219 220.75 212 220 233 238 235.25 230.25 241.25 241.25 247.75 244.75 246 254.75 259 255.75 247.5 239.25 228 229.75 247.25 254.5 255.25 241.75 233.25 224.75 230.75 225.75 228.25 218.5 220 197.75 195.25 205.75 217.5 220 225.25 233.75 249.25 245.75 247.5 253 258.5 261.5 261.75 259 257.25 256.75 256.25 254.25 252.5 248.6667 -9999 -9999 -9999 -9999 -9999
211.75 228.75 231.5 235.25 241.75 272.75 266.5 275.5 250.25 238.25 240 236.25 230.5 229.5 229.25 224.25 211.5 205 214.5 215.75 214.25 221.25 213.75 206.5 214.5 220.75 225 245.5 252 255.5 257.25 257.25 263.25 255.5 263.25 263.75 258.25 236.5 227.25 241 266.75 262.5 260.5 262.5 267.5 267 257.25 264 251 238.5 209 200.25 212 214 223.75 228.25 244.5 252.25 252.25 246.25 253.5 256.25 258.5 261.25 263.75 264 262.25 261.25 258.5 256.25 254.5 253 -9999 -9999 -9999 -9999 -9999
225.75 242.75 253.25 267.5 274.25 237.75 224.5 234.25 236.25 236.5 237 234.75 232.5 233.25 230.25 226.5 211.75 212 218 212.75 217.5 224.5 206 200.5 211 226.75 238.5 254 264.75 274 264.25 268 270.5 277 283.5 274.25 273.75 252.75 233.5 234 260.5 252 247.75 251.75 260.75 255.75 256 254.75 239.25 241.75 229.25 224.5 214.75 229 241 246.75 247.25 242.25 245.5 249.5 255 259.75 258.5 262.25 264.5 265 263.75 262.25 260 258.5 256.75 255.5 250 -9999 -9999 -9999 -9999
226.25 236 232 231 250.5 222.75 221 228 231.5 232.5 238 239.25 239 240.5 233.75 225 217.25 224.25 213.5 214 219.5 224.75 201.5 221.75 235 234.75 234 237.75 245.5 261.5 273.75 284 286.75 294.25 304 282 282.25 271 241.25 224.5 244.5 248.25 236.5 248.25 277.75 262.25 265.75 271.75 280.25 287.25 245 229.25 225.25 228.75 237.75 240.5 241 240.5 245.25 250.25 256 260 258.75 262 263.25 262 262.5 261.75 259.25 259.25 258.25 254.5 -9999 -9999 -9999 -9999 -9999
207.5 208.75 198 204 211.5 212.75 218.25 219.5 230.75 234.25 241.25 243.75 243.5 246 236 230.5 231.5 223.75 215.75 218.5 217 205 204.75 219.5 207 216.75 213.25 229.25 241.25 258 272.5 295.5 297.25 298.75 314 308.25 290.25 265 250.25 224.5 235.25 246.5 232 256.5 280.75 273 281.25 298.5 288 288 274.25 248.5 239.5 238 243.75 237.5 240 241.75 246.75 250 253.5 255 256.25 260.25 261.5 261.25 260.75 261.25 259.5 258.75 257.25 253.6667 -9999 -9999 -9999 -9999 -9999
203.25 187.5 189 198.5 202.25 204 210.75 218.5 231.25 237 240.25 244.75 243.5 243 240.75 236.5 232.25 223 222 218.75 209.25 202 198 208.75 208.25 207.25 219 227.75 241.25 252 267.25 280.25 300.75 307 308.5 295.75 271 263.5 245.75 231.25 225.5 228.5 232.25 268.5 274 283.5 297.5 323.25 320.75 294.5 277 254.75 236.5 238 239.5 237.25 239.25 247 250 248.75 252 253.5 255.75 258.5 260.5 260.5 260.25 261 259.25 257.75 256.25 253.5 -9999 -9999 -9999 -9999 -9999
220.5 195 194.75 194.5 194.75 200.75 211 217 228 235.5 236 237.25 237.75 237.75 242 236.75 230.5 223.5 220.5 209.75 201.25 208.5 201.25 215.5 233.75 221.25 231.25 235.5 237 247.75 277.5 287 294 295.5 311 296 281.5 275.75 270.75 242.75 224.75 209 226 261.25 249.5 252.75 280.5 302 294.25 286.5 257.75 236.5 229.75 236 236.25 242.75 239.75 246.25 251 251.25 248.5 253.25 256.25 258 259 259.5 259.75 259.5 259.5 258.25 254.75 -9999 -9999 -9999 -9999 -9999 -9999
196 195 188.25 187.25 193.75 202.5 210 214.25 225 230.25 231.5 234.25 233 236 236.5 232 227 223.75 215.5 208.5 215.5 220.75 212.5 224.75 225 229.5 237.25 247.5 260.5 252 271 278.75 279.75 284.25 302.75 297.5 284.5 291.5 260.5 251.25 222.75 211.5 244.5 246.5 225.5 225 241 266 264.75 248.25 258.25 243 228.5 228.75 238.75 240 241.25 242 246.75 245.75 248.75 253.25 256 257.25 258.5 258 258 257.75 258.25 255.5 249.5 -9999 -9999 -9999 -9999 -9999 -9999
190 184.75 184.75 189.25 196.75 204.25 207 211 220.25 222.25 228.5 225.5 226.25 229.25 233.25 231.75 225.5 215.5 209 211.5 222.5 227 220 232.25 234.75 242.25 247.75 254.5 262.25 253.75 276.25 278.75 282.5 288.75 284.25 279.5 273.5 281.5 245.25 225.5 217.5 242.25 272.25 266.5 230 211.25 212.25 216.75 221.75 226.75 227.75 232.75 231 229 233.75 239.5 241 240 244.25 248.75 251 253.75 255 256.5 257.75 258 258 256.75 256 253 -9999 -9999 -9999 -9999 -9999 -9999 -9999
182.5 183.5 188.25 191.75 197.75 198.75 201.5 209.5 211.5 216 221.75 217.5 221.25 224.5 227.5 221.25 216 214.75 214 214.5 223.5 228.5 234.25 246.5 249.75 251.5 263.25 261.75 252.25 261.75 271 276 270.75 264.5 267.5 256 259 268.5 248 206.5 220 260.75 319.5 294.25 242.25 222 212.75 212 214 218.75 224 229.75 227.75 233.5 240.5 243 240.5 239.75 243.25 249 252 254 255 256.25 256.75 257.75 256.25 254.25 253.5 -9999 -9999 -9999 -9999 -9999 -9999 -9999 -9999
187 189.25 191.25 191.75 194 195.5 196.75 201 204 210 210.5 215.25 222.75 224.5 223.5 220.5 222 221.25 218.5 218.25 225.5 230.75 230.5 232.25 250.25 247 260 254.75 255.5 257.75 259.25 267.5 251.75 247 253 247.25 251.75 258.75 243.75 219.25 228.25 240.25 260.75 272.5 271.75 244.5 220.25 224.75 222.25 227.5 227.75 227.25 228.5 231 232 233.75 238 242 247 251 253.25 254 255.75 257 256.25 256 256.25 250 -9999 -9999 -9999 -9999 -9999 -9999 -9999 -9999 -9999
188 191.75 193.5 193.25 190 192.5 197.5 198.75 200 205.5 212 220.5 224 224.5 224 223.5 223 220.75 218.25 218.75 226.75 229.75 228.75 234.5 238.75 251 249 247.75 257.25 265 265 261 245.25 243.25 234.25 253 256.5 242.75 229.75 228.75 212.25 220.25 233.25 241 264 259.75 217.75 217.25 221.25 229.25 235.75 236.25 233.25 232.25 235 238 240.75 244.75 248 251.5 254.5 254.5 255.75 258.5 257 252.75 246 -9999 -9999 -9999 -9999 -9999 -9999 -9999 -9999 -9999 -9999
195.75 192.25 189.5 191.75 196.75 199.75 202 203.5 205.5 207 209.75 211 216.75 218.75 218.5 220 219.5 216.75 215.75 219.25 222.75 230 232.75 231.25 236.25 243 242.75 240.5 254.5 256.75 259.5 255.5 243.25 244 233.25 236 243 232.75 225 231 220.5 197.75 205.25 214 225.75 225.75 226 225.25 227.75 231.5 238 242.75 241 238.25 239.75 243.5 245.5 248.25 250.5 253 254.5 256.75 258.25 258.75 256.5 250 -9999 -9999 -9999 -9999 -9999 -9999 -9999 -9999 -9999 -9999 -9999
208.75 209.5 204 211 217.25 212.75 217.75 217.75 214 213.5 212.5 213.5 215.5 216.75 216.5 216.5 215 213.75 216 218.75 228.75 232 235.5 229.75 232 240.75 243.25 234 237.25 247.25 253.75 252.75 242.75 235.25 223.75 219.75 218 218.25 237.75 224 207.75 194.25 196.25 202.75 209.75 212.75 220.25 226.5 234.75 239.75 241.5 244 242.75 244 245 247.75 250 251.25 252.75 255.25 257 256.25 258 255.75 253.5 -9999 -9999 -9999 -9999 -9999 -9999 -9999 -9999 -9999 -9999 -9999 -9999
227.25 224.5 219.5 221.75 226 223.5 224.5 223.25 221.5 218.75 221.25 215 215 213.5 216.5 212.75 212.75 214.5 216 221 226.75 226 230 230.5 234 244.25 237.5 231.5 229.75 238.5 243.25 241 240.25 234.75 230.75 216.75 211.25 220 225.25 211.75 218.5 222.75 208.25 206 208.75 215.5 221.5 229 237 244 249.25 249.75 250 249 251.75 253.5 253.75 253.75 254.75 256 256.5 254.5 254 251 -9999 -9999 -9999 -9999 -9999 -9999 -9999 -9999 -9999 -9999 -9999 -9999 -9999
249.25 261 238.5 233.75 245 250.25 244.25 241 231.25 225 220.75 218 217 217.5 215.5 213 213 214.5 215.5 222.25 228.75 222.75 224.25 233.75 230 230.75 234 229 231.25 227 226 228 225.25 226.75 223 215.5 201.75 210.25 216 206.75 202.5 215.5 216.25 213.5 216.25 219.75 226 234 242.5 250.25 253.5 254.5 255.75 257.5 258.25 258.5 254.75 254 252 -9999 -9999 -9999 -9999 -9999 -9999 -9999 -9999 -9999 -9999 -9999 -9999 -9999 -9999 -9999 -9999 -9999 -9999
238.25 248.75 253.75 253.75 240 246 254 244 231.25 226.25 224.5 223.75 221.5 219.5 215.5 213 215.5 217 215.5 216 221 219.25 220.75 224.25 225.25 227 221.5 226.25 234.25 227.75 219.25 219.25 216.75 214.5 213.25 208.5 196.5 209.5 204.5 200.25 200.75 204.75 212.25 222.5 226.25 227.25 231.5 239.75 248.5 256.25 257.75 259.5 261.25 263.75 263.5 261.5 256 -9999 -9999 -9999 -9999 -9999 -9999 -9999 -9999 -9999 -9999 -9999 -9999 -9999 -9999 -9999 -9999 -9999 -9999 -9999 -9999
