layers/wordclim/past/Iberia_miroc_10_ascii/bio_09.asc
ncols         205
nrows         142
xllcorner     -11.010633712694
yllcorner     33.273793250999
cellsize      0.083333333333334
NODATA_value  -9999
[rows 34 to 67 of 142, columns 0 to 76 of 205]
-9999 -9999 -9999 -9999 -9999 -9999 -9999 -9999 -9999 -9999 -9999 -9999 -9999 -9999 -9999 -9999 -9999 -9999 -9999 -9999 176.25 176 176 175.5 174.75 173.75 175 174.5 171.25 170.25 173.5 169.5 155 170.5 180.75 179.5 176.25 179.5 179.25 172.5 174 154 145 144.5 128 153.75 163.25 156.5 149.5 134.75 119.5 129.75 139.25 143 145.5 147.5 149.75 159 168.25 172 174 177 177.5 177.25 177.25 178.5 175.5 173.75 173.75 174 174.25 173 171.75 171.75 170.75 170 171.75
-9999 -9999 -9999 -9999 -9999 -9999 -9999 -9999 -9999 -9999 -9999 -9999 -9999 -9999 -9999 -9999 -9999 -9999 -9999 -9999 175.6667 175.75 175.75 174.75 174.75 174.75 171.75 166 174.5 176.5 178.25 162.75 174.5 181 180.25 170.5 174.5 170.75 169.5 170.25 170.75 158.75 142.25 134 136.25 149.75 167 149 138 128 123 130.75 142.75 141.25 140 150.5 159.75 167.75 170 172.75 174.5 176.5 179 178.75 179 179.25 177.5 176 176.25 175.75 176 174 175 174 174.75 174.25 173
-9999 -9999 -9999 -9999 -9999 -9999 -9999 -9999 -9999 -9999 -9999 -9999 -9999 -9999 -9999 -9999 -9999 -9999 -9999 -9999 174 172.5 174.5 174.25 175.75 165.5 166.25 165.5 178 180 181.75 181 177.25 156.25 146.5 149.5 156 163 169.75 172 170.75 165.5 169.25 154 157 159.25 157 146.5 137.5 127.75 129.5 157.25 161.5 160 162 165.5 169 173.25 174.5 176.75 178 177.25 179.75 179.5 180.75 179.75 179 177.5 178 178.25 176.5 176.5 177 177.25 178 178.5 178
-9999 -9999 -9999 -9999 -9999 -9999 -9999 -9999 -9999 -9999 -9999 -9999 -9999 -9999 -9999 -9999 -9999 -9999 -9999 -9999 174.5 170 173.25 175 177.5 163.75 166 175.5 175 168.5 169.25 171.5 147 145.5 144.75 156 165 160.75 159.5 166.75 168 167.25 180 168 163 168.5 159.5 159 153.5 149 143.25 161.75 163.5 165 166.75 168.75 171.75 174.5 176.75 178.25 179.5 181 181.5 182.25 183 181.5 179 178.75 180 178.75 178 179 179 179.5 179.75 179.25 175.75
-9999 -9999 -9999 -9999 -9999 -9999 -9999 -9999 -9999 -9999 -9999 -9999 -9999 -9999 -9999 -9999 -9999 -9999 -9999 -9999 174.5 168 170.75 174.75 176.25 169 172.75 168 169.5 161.5 172 165.75 148.75 163 172.25 167.75 153.25 152.25 149.5 150.25 167 176 187.5 177 168 172.5 173 162.5 166 164.25 160.25 171 172.25 171.25 167.75 168.75 168.5 170 173.25 176.75 179 180.75 182.25 183.5 183.25 182.25 181.25 182.25 181.25 180 178.75 180 179.25 179 177.75 175.5 175.25
-9999 -9999 -9999 -9999 -9999 -9999 -9999 -9999 -9999 -9999 -9999 -9999 -9999 -9999 -9999 -9999 -9999 -9999 -9999 -9999 171 166.75 170.5 173.25 174.25 171.75 167.25 158.25 170.25 163.25 176.5 179.25 176.5 159 156.75 139.5 145.5 145 149.75 153.5 163.25 170.5 188.25 181 168.5 179 177 174.75 173.25 169.75 172.75 179.75 172.5 176.25 175.5 173.5 174.25 173.25 172.25 173.25 179.75 182 182.5 182.75 183.75 183.25 183 181.75 182 181.5 181.25 178.75 176.5 176 176 177.25 180
-9999 -9999 -9999 -9999 -9999 -9999 -9999 -9999 -9999 -9999 -9999 -9999 -9999 -9999 -9999 -9999 -9999 -9999 -9999 -9999 -9999 168.25 171 170.5 171.25 169.75 164.25 171 175.25 173.75 170.5 169.75 169.5 161.75 150.75 155.5 160.5 155.25 155.75 161 170 182.75 191 177 174.5 182.5 184.75 180.5 170.25 162.75 174.5 179.75 177.25 180.25 175.75 172.75 175.25 178.5 177.25 177.25 179.25 182.75 183.75 183.5 183.75 183.75 182 182 182.75 181 177.5 177 177.25 177 178.5 182.5 183
-9999 -9999 -9999 -9999 -9999 -9999 -9999 -9999 -9999 -9999 -9999 -9999 -9999 -9999 -9999 -9999 -9999 -9999 -9999 -9999 -9999 170.6667 167.25 167.5 168.75 170 170.25 170 170 173.25 176.5 181 175.75 175 173.75 165 161.75 156 161 169.25 185.25 188 174.5 176.25 186 192.75 195 187.25 174.75 164.5 172.75 176.25 181.25 182.5 177.75 176.75 175.75 177.25 179.5 180.75 181.75 183.25 184.5 184.5 184.75 183.25 183 181 180.25 179 178.75 180 178.75 178.25 181 185.75 181.5
-9999 -9999 -9999 -9999 -9999 -9999 -9999 -9999 -9999 -9999 -9999 -9999 -9999 -9999 -9999 -9999 -9999 -9999 -9999 -9999 -9999 -9999 167.6667 166.5 167.75 169.75 169.75 168 171.75 176.25 180.5 178.75 179 177.75 175.75 166.5 161 165.75 183 180.75 179.75 177.5 169.5 186.75 195.75 199 195 185 178.5 180.75 180 185.5 185 185 181.25 179.25 180 181.25 181.75 181 183.75 184 183.25 185.5 185.25 182.25 183.25 182.5 183.5 183.25 183.75 180 180 182.5 186.75 185.75 185
-9999 -9999 -9999 -9999 -9999 -9999 -9999 -9999 -9999 -9999 -9999 -9999 -9999 -9999 -9999 -9999 -9999 -9999 -9999 -9999 -9999 -9999 170 167.5 167.75 169.5 171.5 172.5 173 175.5 175.25 176 181.25 177.75 172 175.5 187.5 187.75 176.25 162.25 167.75 169.25 179 187.75 191.5 201.25 198 189.5 181.25 187.5 186.25 191.5 192.5 189 183.75 181.25 183.5 182.75 183 184 182.75 186 185.5 187.5 187.5 185.5 185.25 186 186 186 186.25 186.25 186.75 187 186.75 186.75 186.25
-9999 -9999 -9999 -9999 -9999 -9999 -9999 -9999 -9999 -9999 -9999 -9999 -9999 -9999 -9999 -9999 -9999 -9999 -9999 -9999 -9999 -9999 172 169.25 168.5 170 171.5 171.25 173 175.25 176.75 180.25 179.25 181.25 174 177.5 191.5 176.75 155.75 166.75 168.75 174 188 190.75 193.75 200.5 195.25 184.5 179.25 190.25 195.25 190.75 184.25 186 184.75 185.5 186 182.75 181.25 183 184.5 184 184.75 184 183.25 183.5 183 183.75 185.75 186 186 185.75 184.75 184.25 186.25 187 184.25
-9999 -9999 -9999 -9999 -9999 -9999 -9999 -9999 -9999 -9999 -9999 -9999 -9999 -9999 -9999 -9999 -9999 -9999 -9999 -9999 -9999 -9999 -9999 171.75 169.75 171.25 171.75 171.5 173 175.5 175.5 175.5 176.5 181.75 181 186.75 184.25 170.75 166.75 183.5 177 185.75 182 198 196.75 192.5 194.25 202.25 194.75 196.5 191 182.25 181 183.25 189.75 187.5 183.5 183 182.5 182 182.75 182.75 182.25 180.25 181 181.5 182.5 183.75 181.75 183.5 184.25 184.5 184.75 185.75 186.5 186.75 185.75
-9999 -9999 -9999 -9999 -9999 -9999 -9999 -9999 -9999 -9999 -9999 -9999 -9999 -9999 -9999 -9999 -9999 -9999 -9999 -9999 -9999 172 169.6667 168.25 168.75 170.5 171.75 171.25 172 174.25 174.5 174.75 181 183 186.5 186.25 173.5 166 190 190.75 185 193.25 191.25 191.75 180.75 184.75 204.5 200 199.5 201.25 192 185.25 188.5 190.5 188.25 186.75 186.5 185.5 184.25 183 181.75 178.5 178 179.5 177.75 179.25 181.5 183.5 182 182.75 184.25 185 186.25 186.75 185.75 185.5 185.25
-9999 -9999 -9999 -9999 -9999 -9999 -9999 -9999 -9999 -9999 -9999 -9999 -9999 -9999 -9999 -9999 -9999 -9999 -9999 -9999 -9999 171 170 168.5 168.5 169.5 171.5 172 173 174.25 177.75 178 178.5 182.5 185.5 174 178.25 188.75 198 195.75 197.5 201.25 196 197.5 195.5 193 206 195.75 189.25 193.5 189.5 192 186.75 188 186 184.5 184.75 185.75 186.75 185.75 183.75 183 182.75 182.75 181 178 177.75 180.25 182.75 182.75 184 184.25 184.75 185.5 184.5 185 183.25
-9999 -9999 -9999 -9999 -9999 -9999 -9999 -9999 -9999 -9999 -9999 -9999 -9999 -9999 -9999 -9999 -9999 -9999 -9999 -9999 -9999 168.25 166.5 166.75 168 169.5 171.75 175 172.5 174.75 179 179 182.25 182.5 182 185.75 179.25 172.75 187 182.75 184.25 184 188 192 194 195.75 205 200.5 195.5 198.25 200.5 191.25 186.75 186.75 187.25 186.25 184.75 185 186.25 187.25 186.75 186.75 186.5 185.75 184.25 180.75 179.75 180.25 182 182.5 182.5 182 183.75 184.25 182.25 184 181.75
-9999 -9999 -9999 -9999 -9999 -9999 -9999 -9999 -9999 -9999 -9999 -9999 -9999 -9999 -9999 -9999 -9999 -9999 -9999 -9999 168.5 166.25 166.25 167.25 167.5 168.5 171.5 175 172.75 172.75 176 178 178.5 180 165 161 151.5 163 172.75 172.5 180.75 184 176.5 176.25 188.5 197.5 204.75 202.5 204.75 204 197.75 193.5 189.75 189.5 187 186 185.25 185.5 185.5 185 186.25 186.75 186.75 188.25 185.25 181.75 179.25 179.75 180.25 180.75 180.75 181 181.75 181.5 182.25 183 181.75
-9999 -9999 -9999 -9999 -9999 -9999 -9999 -9999 -9999 -9999 -9999 -9999 -9999 -9999 -9999 -9999 -9999 -9999 -9999 -9999 167.5 166 165 164 164.75 166.75 169.5 172.25 172.25 172.25 172 170.75 172 174.75 177.75 177 175.5 173.75 169.25 168.25 173.25 185 179.5 176 185 196.75 201.75 195 192.75 196.25 192.25 189.25 189.25 189.75 189.75 188 188.75 188.25 186.25 185.5 187.5 187 187 186.5 186.5 182.5 181.25 181 180 178.5 178 179 180 180.25 181.75 182.5 181.75
-9999 -9999 -9999 -9999 -9999 -9999 -9999 -9999 -9999 -9999 -9999 -9999 -9999 -9999 -9999 -9999 -9999 -9999 -9999 -9999 -9999 165.75 161.75 162 163.5 165.25 167.75 169.5 173 173.75 174.25 169.25 163.5 161.75 166.25 183.5 183 180.5 177 176.25 177.25 178.5 182.25 177 187.25 197.25 197.5 196.25 190 190.75 195.25 192.25 188.25 188.25 188 189.75 189.5 190.25 189 188 187.5 185.25 183.5 182.25 179.5 181.25 181.25 180.75 179.5 179.25 177.25 176.25 177.25 180.25 180.5 181.25 179
-9999 -9999 -9999 -9999 -9999 -9999 -9999 -9999 -9999 -9999 -9999 -9999 -9999 -9999 -9999 -9999 -9999 -9999 -9999 -9999 -9999 162.5 162.75 162.5 163.75 165.25 166.5 168 173 175.75 176 173.5 179 180.25 185.75 189 186.5 184.25 185 185.75 187.5 186.5 183.25 182.5 188.75 193.75 191.25 193 193 187.25 190.5 192 190.25 188.5 188.75 191.25 190.75 189.25 188.5 185.5 183.5 181.75 180 180.25 181.75 184.25 181.25 180.25 180 177 172.75 171.5 172.5 173.5 172 174.5 172.5
-9999 -9999 -9999 -9999 -9999 -9999 -9999 -9999 -9999 -9999 -9999 -9999 -9999 -9999 -9999 -9999 -9999 -9999 -9999 -9999 -9999 167 166 165.75 166.25 166.5 166.25 167.5 172.5 176.75 180.25 181 176 176.5 169.5 184.5 187.5 188 193.25 194 191.25 189.25 195 199.75 195.25 188 186.75 188.75 188.75 187.5 189.25 192.75 194.75 190.75 189 190.5 188.25 186.25 184 186.75 184.25 181 180.5 184 185.25 181.5 180 176.75 173.75 172.25 165.25 163 158.5 160.25 165.5 171.75 169
-9999 -9999 -9999 -9999 -9999 -9999 -9999 -9999 -9999 -9999 -9999 -9999 -9999 -9999 -9999 -9999 -9999 -9999 -9999 -9999 168 166.75 167 167.25 168 167.75 167.5 169.75 173.5 179 182.75 184.75 179.25 167 182 190.25 193.75 194.5 193 193 196 199.75 193 182.25 187.25 177.75 182.5 186 187.5 186.75 189 194 196.75 198 195.5 186 182.5 179.25 180.75 174.5 180 185.5 183.75 182.75 183.25 181 175 171 166.25 160.25 158.5 165.5 170.25 172 170.25 167.75 164.25
-9999 -9999 -9999 -9999 -9999 -9999 -9999 -9999 -9999 -9999 -9999 -9999 -9999 -9999 -9999 -9999 -9999 -9999 -9999 166.6667 167.5 168.25 168.5 168.5 169.5 169.5 170 172.75 176.25 180.75 185.75 186.25 180.75 182.5 193.5 196 196.75 197 198.75 197.25 193.25 173.5 165.25 171.5 177 180.25 183.75 187 188.5 185 190.5 195.5 192.25 193 192.75 188.5 179.5 168.75 177 193 199.25 193.25 188.25 183.75 182.5 180.75 178.5 177.5 175.25 161.75 142.75 149.75 152.25 151.25 155.75 162 173
-9999 -9999 -9999 -9999 -9999 -9999 -9999 -9999 -9999 -9999 -9999 -9999 -9999 -9999 -9999 -9999 -9999 167 167 166 166.5 169 170.5 171 171.5 172 172.5 175.5 178.5 182.5 188 187.75 189.5 194.25 196.25 199.25 199.5 198.75 196.25 189.5 157.75 158.5 178.5 188.5 195 182.75 185.5 189.25 187 186.75 191 189.5 189.5 190.75 186.75 178.75 186.75 200 202 209.5 199.25 194.25 190.5 173.5 174.75 180.5 177.5 161 145.25 143.25 150.5 157.5 157.25 170.5 185.5 186.5 184.75
-9999 -9999 -9999 -9999 -9999 -9999 -9999 -9999 -9999 -9999 -9999 -9999 -9999 -9999 -9999 -9999 -9999 167 166.5 166.5 167.5 169.5 172.5 173.5 173.5 174 174.25 177.75 181.5 185.5 190.75 189.75 192.25 198.5 199.5 199.5 197.5 195.75 194.5 176 135.5 149 188 202.5 203.5 194.75 186.5 186 182.25 181 185.5 187.75 187.75 187.25 186.5 198.5 200.5 208.25 213.25 204 197.25 192.5 167.75 138 160.25 176.25 171.75 160.5 154.75 154.5 149.25 159.5 156.75 157.25 167.75 178 175.25
-9999 -9999 -9999 -9999 -9999 -9999 -9999 -9999 -9999 -9999 -9999 -9999 -9999 -9999 -9999 -9999 -9999 168.5 167 167.5 167.5 170 173.5 174.5 175 174.5 176.75 180.5 184 189.75 194.5 190.75 194.75 198.25 200.5 202 197 185.25 180 185 183 187.25 204 203.5 203.5 203.75 196.75 187.25 191 190 182.25 193 193.5 204.5 205.25 210.5 211.25 215.75 219.5 217.25 211 186.5 170.5 169.5 149 156.25 142.5 153 138 148.5 176.5 196.5 184.25 201 215 211.25 207.25
-9999 -9999 -9999 -9999 -9999 -9999 -9999 -9999 -9999 -9999 -9999 -9999 -9999 -9999 -9999 -9999 -9999 169.5 168 167.75 168.75 171.5 174.5 175.75 176.5 175 178.75 184.25 188.25 192.5 194.75 196.25 199.5 199.25 196 191.5 187.5 177.75 177.5 199 202.5 206.25 207.25 207 209.5 209 208.25 208.5 213.25 214 204.25 211.25 217.75 218.75 217.75 212.75 218.5 221 220.5 218.75 190 191.75 186.75 174.75 171.25 168.75 184.5 208.75 205.5 207 214.25 218.5 219 217 205 199.5 206.75
-9999 -9999 -9999 -9999 -9999 -9999 -9999 -9999 -9999 -9999 -9999 -9999 -9999 -9999 -9999 -9999 -9999 168 167.5 169 169.5 172.25 174.75 176.25 177.75 178.75 181.5 184.75 189.5 191.5 192 195.5 191.5 177.5 179.25 183.75 186 189.5 200.25 197 195 190.5 204 212 215.5 214.5 212 211.25 216.5 218.25 219.25 224 225 221.5 220.5 221 225 224.75 224.25 217.25 212.5 200 200.25 217 219 224.5 225.25 226.5 226.5 224.5 222.25 218.5 217.25 215.75 212 215.75 220.75
-9999 -9999 -9999 -9999 -9999 -9999 -9999 -9999 -9999 -9999 -9999 -9999 -9999 -9999 -9999 -9999 -9999 169.5 168.25 169.25 171.25 172.25 174.5 176.5 178 178.75 180.75 185.75 189.75 187 189.25 191.75 182.75 185.25 193.25 195.75 197.25 198 199.25 195 210.5 210.5 214.25 218.5 217.5 219.5 217.75 216.75 216.25 222.5 222.75 225.75 225.75 226.5 227.25 227.5 228.75 227 222 220.75 223.25 224.5 226.5 228.75 229.75 228.75 228.25 228 227.5 226.75 225.75 224.5 220.75 219 223.5 223.75 222.75
-9999 -9999 -9999 -9999 -9999 -9999 -9999 -9999 -9999 -9999 -9999 -9999 -9999 -9999 -9999 -9999 -9999 168 169.25 170 171.5 173.25 175.5 177 178 180 181.5 185 189 185 192 191.75 190.25 195.5 196.5 191.5 191 193 197.5 208 216.5 216.5 217.75 219.25 222.5 223.25 223.25 223.25 223.25 224.5 223.5 226.25 226 225.75 226.75 229.25 227.75 223.75 223.75 225 229.25 231.75 231.5 231 230.5 229.5 230 229 227.75 226 225.75 224.75 225 225.75 221.25 223 224.75
-9999 -9999 -9999 -9999 -9999 -9999 -9999 -9999 -9999 -9999 -9999 -9999 -9999 -9999 -9999 -9999 -9999 167.3333 169.75 170.5 171.75 173.75 176.75 177.75 177.75 181.5 182.75 184 186.5 188.5 193.5 191 196.5 198 198.25 198.75 192.25 189.5 206 214.25 217.75 219 220.25 225 227 226.25 225 224.5 226 225.25 226.5 225.75 227.75 227 224.75 222.25 222.5 222.5 225.75 229.25 230.5 231.5 230 232 229.25 225.5 229.5 229 226.25 225.25 227.75 225.5 226.5 223.75 220 220.75 222.25
-9999 -9999 -9999 -9999 -9999 -9999 -9999 -9999 -9999 -9999 -9999 -9999 -9999 -9999 -9999 -9999 -9999 170 168.25 171.25 172.5 175.75 178.75 175.75 176.75 180.5 184.5 185 184.75 191 196.25 196.25 197 202.5 202.25 201.5 201.5 205 212.5 216.5 217 221 225.5 225.5 225.25 227.75 224.5 225.5 226.75 228.25 227.5 227.5 229 229.5 230.75 230.25 230.5 230.25 228.75 230.25 229 227 226.25 227.25 225.75 223.5 224.75 223.75 226 224.75 225 223 219.5 218.75 216.5 216.75 216.25
-9999 -9999 -9999 -9999 -9999 -9999 -9999 -9999 -9999 -9999 -9999 -9999 -9999 -9999 -9999 -9999 -9999 171 167.5 170.5 173.25 180 182.3333 174 177 179.25 182.5 179.5 186.75 192.5 197.25 199.25 198 202.75 200.75 202.25 205.25 211.5 215.75 217.25 223.75 224 223.5 224.5 226 226.5 228 228.25 228.75 227 225.25 224.75 224.75 228.25 231.25 229.75 228.75 227.5 227.25 228.75 227 226 223.25 218.25 216.5 220 217.75 215 214.25 219.5 219.5 218.75 209 210.75 211.25 210.75 208.5
-9999 -9999 -9999 -9999 -9999 -9999 -9999 -9999 -9999 -9999 -9999 -9999 -9999 -9999 -9999 -9999 -9999 -9999 169 -9999 -9999 180 180.3333 176.25 179.25 176.5 177.25 176.5 183.75 194.25 199.5 203.25 202 202.75 203.75 204 208.25 211.5 218 219 220.75 221.25 222.25 222 223.75 221 224 227 228 227.25 226 225.25 225.25 226.5 228.5 232.5 231.75 232.25 231.75 230.25 228.75 228 225.5 223.75 222 216 209.5 202.25 208.5 209 213.5 218 209.5 202.75 200.75 202.25 198.75
-9999 -9999 -9999 -9999 -9999 -9999 -9999 -9999 -9999 -9999 -9999 -9999 -9999 -9999 -9999 -9999 -9999 -9999 172 175.3333 175.5 173.75 174.5 175.75 177.75 172 174.25 183.75 189.75 198 201.75 203.75 205.25 207.75 210 212.25 213 215.25 215 216 218 218.5 219.5 221.5 222 221 221 224.75 228.5 228 227.75 229.25 228 228.5 228.25 229.75 230.5 230 232.5 231.75 230.5 226 224 218.25 218.5 220 206.25 200.25 205.75 215 217.75 216.5 219.25 217.75 215.5 212.5 203
