layers/wordclim/past/Iberia_miroc_10_ascii/bio_4.asc
ncols         205
nrows         142
xllcorner     -11.010633712694
yllcorner     33.273793250999
cellsize      0.083333333333334
NODATA_value  -9999
[rows 0 to 32 of 142, columns 73 to 145 of 205]
-9999 -9999 -9999 -9999 -9999 -9999 -9999 -9999 -9999 -9999 -9999 -9999 -9999 -9999 -9999 -9999 -9999 -9999 -9999 -9999 -9999 -9999 -9999 -9999 -9999 -9999 -9999 -9999 -9999 -9999 4009.5 4116 4153.5 4218 4253.5 4315.5 4363 4425.5 4495.5 4564 4614.5 4666.5 4749 4822 4865.5 4912.5 4969.5 5017.5 5053.5 5099 5140 5181 5218 5254 5276.5 5321 5341.5 5363.5 5368.5 5384.5 5422 5409 5426.5 5438 5459.5 5454 5442 5447 5440.5 5452 5451 5455.5 5482
-9999 -9999 -9999 -9999 -9999 -9999 -9999 -9999 -9999 -9999 -9999 -9999 -9999 -9999 -9999 -9999 -9999 -9999 -9999 -9999 -9999 -9999 -9999 -9999 -9999 -9999 -9999 -9999 -9999 -9999 -9999 4074 4132.75 4179.25 4252.5 4301.25 4350 4423.5 4471.25 4546.25 4601.5 4680.5 4749.5 4787.5 4873.5 4923.75 4966.25 5017.5 5052.75 5093.25 5138 5176.25 5209 5254.75 5282.75 5303.75 5333.25 5357 5376.5 5401.25 5411.25 5427.5 5433.25 5439.75 5450.5 5467.5 5462.25 5465 5468.5 5462.75 5477.5 5487.5 5482
-9999 -9999 -9999 -9999 -9999 -9999 -9999 -9999 -9999 -9999 -9999 -9999 -9999 -9999 -9999 -9999 -9999 -9999 -9999 -9999 -9999 -9999 -9999 -9999 -9999 -9999 -9999 -9999 -9999 -9999 -9999 -9999 4120 4181.333 4233.25 4280.5 4343.25 4410.25 4468.5 4528.5 4606.25 4669.75 4732.5 4804.5 4849.25 4917.25 4967 5015.25 5053.5 5088.75 5139.5 5164.5 5216.25 5253.5 5283.5 5323.25 5353.75 5361 5386.75 5399.25 5423.25 5452.75 5450.75 5466 5458.75 5479.5 5481.75 5481 5490.25 5501.25 5506.5 5491.25 5499.25
-9999 -9999 -9999 -9999 -9999 -9999 -9999 -9999 -9999 -9999 -9999 -9999 -9999 -9999 -9999 -9999 -9999 -9999 -9999 -9999 -9999 -9999 -9999 -9999 -9999 -9999 -9999 -9999 -9999 -9999 -9999 -9999 -9999 -9999 4187.25 4269.75 4324.75 4395.5 4444 4521.75 4581 4654.5 4718.25 4777 4853.25 4908.75 4977.25 5031 5050 5098.25 5144.25 5188.75 5223.5 5254.5 5280.25 5321.5 5346 5374 5388.75 5420.75 5442 5453.25 5469.5 5481.5 5493.5 5494.25 5491 5506 5511 5510 5518.5 5517.75 5511
-9999 -9999 -9999 -9999 -9999 -9999 -9999 -9999 -9999 -9999 -9999 -9999 -9999 -9999 -9999 -9999 -9999 -9999 -9999 -9999 -9999 -9999 -9999 -9999 -9999 -9999 -9999 -9999 -9999 -9999 -9999 -9999 -9999 -9999 4191.5 4244 4301.25 4368.5 4443.25 4496.5 4581 4658.25 4718.25 4804 4865.5 4923.5 4982.5 5018.75 5065 5107.25 5152.5 5178.25 5237 5258 5294.5 5316.75 5361 5384 5400 5421.5 5432 5451.25 5477 5482.75 5490.75 5497 5505.5 5519.25 5520.75 5504.75 5522 5525.75 5525.5
-9999 -9999 -9999 -9999 -9999 -9999 -9999 -9999 -9999 -9999 -9999 -9999 -9999 -9999 -9999 -9999 -9999 -9999 -9999 -9999 -9999 -9999 -9999 -9999 -9999 -9999 -9999 -9999 -9999 -9999 -9999 -9999 -9999 -9999 -9999 4209.25 4284.75 4353.75 4416 4498.75 4563.25 4635.25 4709.5 4789.25 4869.75 4927 4990.5 5031 5074.5 5131 5171.5 5204.25 5229.75 5274 5304 5347.5 5353.75 5378.25 5410.75 5421.75 5438.25 5458.5 5478 5493.5 5499.75 5504 5531.25 5526.25 5531 5521.25 5507.5 5530.75 5523
-9999 -9999 -9999 -9999 -9999 -9999 -9999 -9999 -9999 -9999 -9999 -9999 -9999 -9999 -9999 -9999 -9999 -9999 -9999 -9999 -9999 -9999 -9999 -9999 -9999 -9999 -9999 -9999 -9999 -9999 -9999 -9999 -9999 -9999 -9999 4199.5 4257.25 4326.5 4393.25 4465.5 4533.75 4640.5 4704.75 4788.75 4872.5 4945 4988.75 5037 5080.25 5120.5 5171.75 5215.25 5251.25 5281.5 5328 5347.75 5363.25 5391.25 5437 5445 5444.25 5470 5479.25 5499.75 5501.5 5511 5534.5 5540.25 5543.25 5547.5 5549 5544.75 5554.5
-9999 -9999 -9999 -9999 -9999 -9999 -9999 -9999 -9999 -9999 -9999 -9999 -9999 -9999 -9999 -9999 -9999 -9999 -9999 -9999 -9999 -9999 -9999 -9999 -9999 -9999 -9999 -9999 -9999 -9999 -9999 -9999 -9999 -9999 -9999 4180 4238.5 4307.5 4386.25 4450.25 4531 4622.75 4688.25 4781 4869.5 4933 5007.25 5049.5 5096.25 5133.5 5182.75 5229.5 5266.75 5295.5 5328 5360.75 5376.25 5407 5430.25 5445 5463.5 5490.25 5510 5520.75 5525.75 5535.5 5548.5 5568.25 5572 5570 5577.25 5576.75 5581.25
-9999 -9999 -9999 -9999 -9999 -9999 -9999 -9999 -9999 -9999 -9999 -9999 -9999 -9999 -9999 -9999 -9999 -9999 -9999 -9999 -9999 -9999 -9999 -9999 -9999 -9999 -9999 -9999 -9999 -9999 -9999 -9999 -9999 -9999 -9999 -9999 4212.25 4285.75 4354 4440.75 4510.25 4585.5 4674 4765.25 4850.75 4914.25 4977.5 5044.5 5079.5 5114 5174.25 5230.75 5279.75 5302.5 5350.5 5369.75 5393 5418.25 5424 5446 5473.25 5499.25 5519.75 5535.25 5544.5 5562.5 5570.25 5598.5 5586.75 5598.25 5587.25 5583 5583.25
-9999 -9999 -9999 -9999 -9999 -9999 -9999 -9999 -9999 -9999 -9999 -9999 -9999 -9999 -9999 -9999 -9999 -9999 -9999 -9999 -9999 -9999 -9999 -9999 -9999 -9999 -9999 -9999 -9999 -9999 -9999 -9999 -9999 -9999 -9999 -9999 4166.75 4265.25 4328.25 4418.75 4492.5 4569.25 4657 4743.5 4830.75 4902.25 4977.25 5032.5 5087.75 5122 5174.5 5254.75 5298.5 5319.75 5341.75 5375.75 5397.25 5427 5437.25 5467.5 5478 5499.5 5526.75 5532.5 5563 5564.75 5573.25 5594.75 5600.5 5590 5592.25 5605.75 5610.5
-9999 -9999 -9999 -9999 -9999 -9999 -9999 -9999 -9999 -9999 -9999 -9999 -9999 -9999 -9999 -9999 -9999 -9999 -9999 -9999 -9999 -9999 -9999 -9999 -9999 -9999 -9999 -9999 -9999 -9999 -9999 -9999 -9999 -9999 -9999 4130 4172.25 4250.75 4321.5 4399.75 4473.5 4554.25 4637.25 4727.25 4809 4876 4956.75 5021.75 5086.25 5137.25 5205.5 5247.75 5296.25 5324.75 5368 5388.75 5388.25 5421.25 5435.75 5449.75 5489.5 5503.5 5537.5 5535.75 5571.25 5602.75 5594 5599.25 5597.5 5612.25 5617.5 5625.75 5640.5
-9999 -9999 -9999 -9999 -9999 -9999 -9999 -9999 -9999 -9999 -9999 -9999 -9999 -9999 -9999 -9999 -9999 -9999 -9999 -9999 -9999 -9999 -9999 -9999 -9999 -9999 -9999 -9999 -9999 -9999 -9999 -9999 -9999 -9999 -9999 4098.5 4153.75 4215.5 4304 4384.5 4456.25 4537.75 4615.75 4712.5 4788.75 4866 4941 5014 5074.5 5142 5209.75 5250.25 5309 5339.75 5376.25 5383.5 5407 5414.75 5428.5 5457.75 5468.75 5501 5522 5541.25 5573.25 5598.5 5615.75 5630.5 5622.75 5612 5625 5636.75 5637.25
-9999 -9999 -9999 -9999 -9999 -9999 -9999 -9999 -9999 -9999 -9999 -9999 -9999 -9999 -9999 -9999 -9999 -9999 -9999 -9999 -9999 -9999 -9999 -9999 -9999 -9999 -9999 -9999 -9999 -9999 -9999 -9999 -9999 -9999 -9999 4080 4142.5 4207 4299.5 4351.5 4437.5 4512.75 4606.25 4682.5 4765.75 4858.5 4923.75 4983.5 5077.5 5139.75 5217.5 5274.75 5318.5 5362.25 5398.5 5394.75 5409.75 5417.25 5438 5451.5 5462.25 5496.5 5513.5 5530.5 5575.25 5587.25 5616.25 5617.5 5625.75 5636.5 5638.5 5643.5 5656
-9999 -9999 -9999 -9999 -9999 -9999 -9999 -9999 -9999 -9999 -9999 -9999 -9999 -9999 -9999 -9999 -9999 -9999 -9999 -9999 -9999 -9999 -9999 -9999 -9999 -9999 -9999 -9999 -9999 -9999 -9999 -9999 -9999 -9999 -9999 4058.5 4138.75 4184.25 4259 4348.5 4415.75 4497.75 4601.25 4670 4755.5 4843 4921.25 4995.75 5083 5135 5204.75 5289 5331.5 5368.5 5377.25 5393 5409.75 5412.75 5422.25 5442.75 5458.5 5490 5512.25 5529.25 5553.75 5573 5601.25 5601.25 5630.5 5636.25 5654.5 5655 5683
-9999 -9999 -9999 -9999 -9999 -9999 -9999 -9999 -9999 -9999 -9999 -9999 -9999 -9999 -9999 -9999 -9999 -9999 -9999 -9999 -9999 -9999 -9999 -9999 -9999 -9999 -9999 -9999 -9999 -9999 -9999 -9999 -9999 -9999 -9999 4054 4112.5 4168.75 4237.5 4332 4411 4488.5 4568.75 4661 4737.5 4841 4909.75 4978.75 5064.25 5129 5197.75 5281.5 5337 5386 5385.5 5378 5386 5389.5 5421 5435.75 5445.5 5473.75 5500.75 5524.5 5549 5566 5592.75 5612.25 5622.75 5625.75 5648.25 5657.5 5673
-9999 -9999 -9999 -9999 -9999 -9999 -9999 -9999 -9999 -9999 -9999 -9999 -9999 -9999 -9999 -9999 -9999 -9999 -9999 -9999 -9999 -9999 -9999 -9999 -9999 -9999 -9999 -9999 -9999 -9999 -9999 -9999 -9999 -9999 -9999 -9999 4109.5 4189 4243.75 4322.75 4394.25 4483.75 4567 4645.75 4742.5 4816.5 4895 4973 5049.75 5117 5180.5 5249 5314.75 5343.75 5359.75 5363.25 5367.75 5377.75 5403 5410 5440.75 5459 5475 5519.25 5533.5 5564.25 5586.75 5605.25 5616.5 5652.75 5661.75 5669.5 5684
-9999 -9999 -9999 3540 -9999 -9999 -9999 -9999 -9999 -9999 -9999 -9999 -9999 -9999 -9999 -9999 -9999 -9999 -9999 -9999 -9999 -9999 -9999 -9999 -9999 -9999 -9999 -9999 -9999 -9999 -9999 -9999 -9999 -9999 -9999 -9999 -9999 -9999 4265 4320.25 4390 4479.75 4560.5 4647.5 4748.5 4822.25 4888 4969 5035.5 5098.5 5170 5216.5 5257.5 5285.25 5298.5 5325.5 5343.75 5356.5 5381.75 5392.5 5413 5450.75 5478.25 5496 5534 5546.5 5574 5606 5614.25 5638.25 5654.5 5680 5677
3624.5 3631 3628 3639 3579 -9999 -9999 -9999 -9999 -9999 -9999 -9999 -9999 -9999 3522.5 -9999 -9999 -9999 -9999 -9999 -9999 -9999 -9999 -9999 -9999 -9999 -9999 -9999 -9999 -9999 -9999 -9999 -9999 -9999 -9999 -9999 -9999 -9999 -9999 -9999 4408.25 4483.75 4574.25 4670.75 4725.25 4800.25 4891.25 4976.25 5020 5083.5 5124.75 5181 5202.75 5248 5263.25 5285.25 5314.25 5325.25 5349 5369.5 5407.5 5411.75 5451 5487.75 5517.5 5547 5572.75 5584 5625.5 5641 5655.5 5689.75 5700.25
3691.5 3682 3686.75 3651 -9999 -9999 -9999 -9999 -9999 -9999 -9999 -9999 3542 3533.75 3553.25 3580 3592 3601 -9999 3660 3675.5 3691 3723.5 3732.5 3760.5 3774 3789.5 3826.5 -9999 -9999 -9999 -9999 -9999 -9999 -9999 -9999 -9999 -9999 -9999 4380 4409.25 4484.25 4582 4662.25 4757.5 4821.25 4908 4949.5 5019.5 5083.75 5106.5 5142.25 5169.75 5188.25 5211 5217.5 5261.25 5304.5 5319 5352.25 5377.75 5408.5 5433.75 5487.75 5508 5542 5564.75 5594 5627 5641.25 5668.75 5687.75 5701
3762.25 3770.75 3745 -9999 3732.5 3716.5 3708.5 3690.5 3651.5 3646.25 3626.75 3605.25 3587.75 3574.25 3600.75 3640.75 3673.5 3683.25 3691.25 3707.75 3730.75 3748.25 3764.25 3779.75 3799 3819.75 3841.25 3855.25 3870.25 3888.5 3918.25 3916.75 3958.5 3991.5 4025 4091 4159 4254 4320.333 4366 4426.25 4516.75 4604.75 4690.5 4784.5 4853 4936.5 4977.5 5012.75 5053.75 5099.75 5114.25 5133 5139.75 5149 5177.25 5216 5239.75 5283.75 5325.5 5367.25 5393 5425.5 5461.75 5502 5542 5561.75 5600 5623.5 5644.75 5682.25 5678.75 5697.75
3954.25 3937.75 3921.333 3862.25 3866.75 3815.75 3791 3801.5 3772 3753.75 3717.5 3712 3663 3660.75 3697.5 3753.75 3757.5 3777.75 3795 3837 3807.5 3811.75 3831 3863.5 3906.75 3948 3925 3934 3923.25 3930.5 3941.25 3945.5 3957.5 3988 4028 4097.25 4163.5 4234 4314.5 4391.25 4473.75 4575.5 4662 4744 4819.5 4893 4947.5 5000 5034.75 5072.25 5089.5 5104.25 5102.75 5098.75 5124.75 5156.5 5185.75 5221.75 5246 5295.25 5340.75 5378 5421.75 5461.5 5506.5 5534.75 5568 5601.5 5633.75 5656.5 5677.25 5689.75 5691.75
4250.25 4317.25 4243.75 4118 4030.25 3998.75 3974.75 3960 3961.75 3920.75 3880.25 3833.75 3809.25 3886.25 3926.5 3951 3956.5 3947 3997 3995.5 3995 3952 3935.75 3927.25 3958.5 4011.5 4024.75 4047.5 4051 4010.75 4006.5 4007.5 3995 4019 4034.5 4101.25 4160 4277.5 4380 4509.75 4556.75 4672 4748.5 4837.75 4890 4927 4979 5026.5 5038.25 5078 5093.75 5110.5 5113.25 5106.75 5116.5 5148 5159.5 5179.75 5219.75 5267.75 5317.5 5371.5 5402 5457.5 5501.75 5525.5 5553 5601.25 5633 5646.75 5684.5 5693.75 5704.25
4729.75 4660.5 4712.25 4449.5 4437 4293.5 4254.5 4188.75 4198 4146.75 4083 4062.5 4102.25 4144 4323.5 4354 4308.5 4106.5 4149.5 4168.25 4198.25 4130 4183 4096.25 4077 4100.75 4131.75 4237.5 4219.75 4167.25 4150.5 4147.5 4092.25 4070.5 4113 4161.5 4283 4535.25 4510.75 4642 4753 4878 4901.75 4928 4969.75 5007.5 5037.75 5065.5 5091.5 5090.25 5121.5 5115.5 5135.25 5121.5 5135 5156.5 5178.25 5177.25 5192 5259.75 5308.5 5363.75 5398.75 5445.75 5484.25 5525.25 5557.25 5592.5 5639.75 5660 5687.75 5716.75 5721.75
4946.75 4958.5 4777.5 4461.25 4654.5 4736.5 4534.25 4475.75 4493.75 4453.75 4217.25 4394 4316.25 4307.75 4569.25 4715.25 4488.5 4466.5 4430.5 4347 4256.75 4229.75 4255.75 4273 4254.5 4247.25 4352.25 4271.75 4315.5 4325.5 4372 4307.5 4359.5 4435.75 4302 4566.75 4586 4770.5 4733 4802.5 4900.25 4983.25 5033 5026.5 5040.5 5082.25 5110.25 5118.75 5134.75 5132.75 5148.75 5149.25 5148.25 5138.75 5155.25 5183 5195.75 5180.25 5210 5238 5294.5 5352 5393.25 5430.5 5468.5 5520.75 5543.25 5612.25 5627.75 5654.5 5690 5710 5719
5060.75 5027.75 4876.25 4774 4715 4857.5 4896.25 4866.5 4779.75 4695.5 4617.5 4698.75 4605.25 4695 4756.25 4719.5 4677 4652.5 4557 4462.5 4543.5 4417.5 4383.25 4432 4504.5 4593 4566.25 4627.25 4517.75 4459.75 4580 4532.75 4515 4463.5 4548.5 4782.5 4925.25 4953 4965.5 5019 5080.75 5122.5 5137.25 5163.25 5160.75 5174 5171.75 5176.75 5181 5183 5174.75 5177 5175.5 5183.75 5177 5194.5 5216.75 5226.75 5246 5273 5318 5354.25 5400.75 5431 5476.25 5537 5584.75 5625.5 5661 5683.5 5711.5 5710.75 5717.25
5091.75 5160 5169.75 5112.25 5018.5 4984.25 5081 4980.75 4825.5 4792.25 4772.75 4761.5 4750.5 4736.75 4733.75 4684.75 4668.5 4661 4702 4722 4717.5 4821 4638.75 4621.25 4700.25 4855 4765.25 4737.5 4754.5 4774 4824.75 4736 4688.25 4842.25 5037 4941.25 5034.25 5095.25 5134.25 5181 5189 5217 5225 5222.5 5232.75 5228.5 5205.75 5230 5217 5216.75 5205.25 5219.75 5217.75 5207.75 5207.75 5215 5231.25 5248.75 5257.25 5265 5299.5 5321.75 5364 5425.5 5425.75 5506.25 5564.25 5589.5 5621.75 5613 5636.5 5681 5733
5165.75 5164 5140.75 5119 5041.25 5010.75 5058.25 5017.25 4946.5 4917 4906 4910.5 4883.5 4882.75 4843.5 4810 4740.75 4761 4842.75 4850.25 4885.75 4877 4886 4883.25 4852 4866.25 4841.5 4846.75 4895.5 4951.75 5002 5039.75 5023.25 5029 5059 5165 5175 5231.25 5283.25 5325.75 5345.75 5325.25 5302.25 5303.25 5292.25 5291 5276 5268 5248 5214.25 5216.5 5244 5228 5220.5 5188.75 5181.5 5220.75 5251 5278.25 5236.5 5194.5 5250 5311.5 5424 5341.5 5448 5521 5524.75 5476.5 5511.25 5584.75 5651.25 5612.75
5223.5 5225 5185.75 5161.25 5114.75 5054.5 5021.75 5011.25 4996.25 5004 4960.75 4966.75 4960.25 4965.75 4964 5014.25 4966 4932.25 4864.25 4921.25 4985 4971.25 4932.5 5006.25 4998.25 4951.5 4982.75 5014.25 5046.5 5079.25 5122.75 5181 5207.75 5227.5 5255.5 5273.25 5314 5379.25 5436.75 5504.75 5485.5 5457.25 5454.75 5392.5 5361 5363.25 5339.75 5314.5 5292.25 5254.75 5254.25 5233.25 5258.5 5206.25 5194.25 5151.5 5121 5194 5197.25 5249 5136.5 5209.25 5341.25 5416.25 5350.75 5405.75 5478 5486.5 5442.25 5319 5448 5420.5 5468.5
5261.25 5247 5194 5170 5170 5121.5 5127 5078.25 5085 5114 5092.75 5093 5121 5099.5 5114.25 5143 5096.25 5050 5070.75 5021.5 5060 5108.75 5006.75 5062.5 5065.25 5098 5145.5 5189.75 5251 5257.25 5282.5 5303 5316.75 5336.75 5367.5 5400 5450.25 5505.25 5547.25 5637 5596.75 5553.5 5556.25 5511.5 5483.25 5450.25 5413 5388.75 5345.75 5334.75 5310.75 5275.75 5269 5196.5 5249.25 5237.5 5167.25 5163.5 5227.25 5248.75 5180 5261.25 5264.25 5284.5 5284.25 5345 5441.25 5455 5399.5 5324.75 5306 5313.75 5379.25
5333.5 5295.25 5277 5226 5222.5 5193.25 5159 5165.75 5207.5 5212.5 5201 5197 5194.75 5229.75 5235.25 5248.25 5222 5115.25 5163.75 5182.25 5205.75 5205 5155.5 5160.5 5174.5 5258.5 5296.25 5322.25 5351.75 5379.5 5396.75 5432.75 5445.5 5461.75 5500.25 5523.25 5558.25 5608.25 5668 5630.25 5580.5 5591.75 5613.25 5604 5554.75 5471.25 5470 5445.75 5416.5 5387.75 5370 5341.5 5338 5290.75 5270 5312.25 5252.25 5285.25 5197.75 5193.75 5267.75 5333.5 5229.25 5265 5212.25 5291.75 5254.75 5313 5376.75 5387 5356.5 5357.75 5443
5388.5 5357.25 5339.75 5296.5 5281 5282.5 5234.75 5234.5 5253 5241.75 5266.25 5294.25 5302 5321.25 5348.75 5318 5297.75 5276.25 5272 5284 5288.75 5325 5296 5278.5 5301.75 5343.75 5409 5440.75 5464.75 5497 5532.5 5540 5578.75 5601.5 5624.5 5618.5 5643.75 5691.5 5742.75 5746.75 5674.75 5711 5697 5677.5 5642 5580.75 5547.5 5511 5508.5 5453.75 5419.75 5406.75 5375.25 5379.5 5376.75 5358.5 5361.5 5387.5 5360 5350.75 5412.5 5435.5 5380.75 5341.5 5391 5374.5 5281.75 5316.75 5334.25 5312 5286 5334 5538
5469.25 5425 5369.5 5363.75 5351 5341.75 5320.5 5317.25 5312.5 5319.75 5341 5383.75 5412.25 5425.5 5445.75 5413.25 5430.25 5453.25 5432.5 5414.75 5415.75 5412.25 5401.25 5403 5440.75 5465.5 5490.25 5531.5 5588 5661.5 5679.25 5700.75 5696.25 5706.25 5694 5731.25 5735.25 5757.25 5793.75 5814.75 5790 5779.25 5766.25 5708 5694.75 5649 5596.75 5531.5 5500 5487.25 5445.5 5424.25 5403.75 5409 5398.75 5390.5 5398.25 5421 5440.25 5463.25 5529 5471.5 5346.25 5434 5509.75 5453 5463.5 5507 5459.25 5353.5 5345.5 5340.25 5492.75
5524.75 5471.5 5450.25 5426 5393.25 5388.5 5378.75 5396.5 5395 5397.75 5440.25 5483.25 5498.5 5528.75 5525 5545.25 5545 5542.5 5534.75 5528.5 5521.25 5527.25 5534.5 5541.5 5555.25 5583.5 5612.75 5654.25 5710 5752 5791 5803.5 5794.5 5797.25 5798.25 5801.5 5825.75 5818 5846.25 5856.5 5849.25 5836.5 5823.75 5792.5 5719.5 5661.25 5617.25 5557.75 5543.25 5525.25 5516.75 5484 5451.25 5432.75 5433.75 5431.75 5444 5435.5 5475 5528.5 5613.25 5640.5 5632.25 5630 5563.75 5467.5 5565.5 5644.25 5588.75 5491.5 5518.25 5471.25 5689.25
