layers/wordclim/past/Iberia_miroc_10_ascii/bio_15.asc
ncols         205
nrows         142
xllcorner     -11.010633712694
yllcorner     33.273793250999
cellsize      0.083333333333334
NODATA_value  -9999
[rows 74 to 110 of 142, columns 0 to 81 of 205]
-9999 -9999 -9999 -9999 -9999 -9999 -9999 -9999 -9999 -9999 -9999 55 56.5 57.5 59 60.75 61.5 63.25 64 65 64.75 63.75 63.75 63 63.5 63.25 62.75 62.25 61.5 60.75 60.25 60.25 59.5 58.75 58.5 58.25 57.75 57.25 56.5 56 55.5 55 54.75 54.5 54 53.5 53 52.75 52 52.25 52.75 52.5 52 52.5 52.25 52 52.25 52 52.5 52.25 52.5 52.25 52.25 52 52 52.5 52 51.25 51.5 51.5 50.25 49.25 49.5 49.5 48.5 48.75 48.25 47.5 47.5 47 46.25 46.25
-9999 -9999 -9999 -9999 -9999 -9999 -9999 -9999 -9999 -9999 -9999 -9999 -9999 57.66667 59 60.5 61.75 62.75 64.25 65.25 65.5 65 64.75 64 64 63.5 63 62.25 61.5 61 60.25 60 59.75 59.25 58.25 57.75 57.25 57 57 56.25 55.5 55 54.75 54.5 53.75 53.5 53.75 53 52 52.75 52.75 52.75 52.5 52.75 52.5 52.5 53 52.5 52.5 52.5 52.25 52.5 52.5 52.75 52.75 53 52.25 51.75 50.75 51 51.5 52 51.25 50.5 50.25 49.75 48.5 48.25 48 48 47.25 46.75
-9999 -9999 -9999 -9999 -9999 -9999 -9999 -9999 -9999 -9999 -9999 -9999 -9999 -9999 59.33333 60.25 61.5 62.5 64 65 66.25 65 64 64.25 63.75 63.25 63 62.5 62 61.5 60.75 60.25 59.5 59 58.5 58 57.75 56.75 56.75 56 55.5 55 55 54.25 55 54.25 53.75 53.5 52.75 53 53 53 53 53.25 52.75 53 53 52.75 52.5 52.75 52.5 53 52.5 53.25 53 52.75 53 52 52 51.5 52.25 52.5 52 52 51.25 51 50.25 50.25 49 48.25 48 48.25
-9999 -9999 -9999 -9999 -9999 -9999 -9999 -9999 -9999 -9999 -9999 -9999 -9999 -9999 -9999 -9999 61.5 62.5 64.25 64.5 65 64.75 64.5 64.25 63.75 63.5 63.5 63 62.25 61.5 60.75 60.75 59.75 59 58.5 58 57 57 56.75 56.25 56 56 55.25 55.25 55 54.25 54 54 53.25 53.75 53.75 53.25 53.25 53.5 53.25 53 53.25 53.5 53.5 53 53 53.25 53.5 53.25 53.25 53 53 52.75 53.25 53.25 54 53.25 52.75 53 52.25 51.75 51.5 50.75 49.75 49 48.5 48
-9999 -9999 -9999 -9999 -9999 -9999 -9999 -9999 -9999 -9999 -9999 -9999 -9999 -9999 -9999 -9999 -9999 62.5 63 64.25 64.25 64.5 64.5 64 63.75 63.5 63 63 62 62 61.75 60.25 59.5 58.75 58.25 58.25 57.5 57 57 56.25 56.25 55.75 55.5 55.5 55 55 54.25 54 54 53.75 53.5 53.75 53.5 54 53.75 53.25 54 54 54 53 53.5 53.25 53.75 53 53.25 53 53.25 54.25 54 53.75 53.5 54.25 53 53.75 53.25 52.25 51.5 51 50.25 50 49.5 49.25
-9999 -9999 -9999 -9999 -9999 -9999 -9999 -9999 -9999 -9999 -9999 -9999 -9999 -9999 -9999 -9999 -9999 63 63 63.5 64.66666 64.33334 64.5 63.5 63.5 63.75 63.75 63.25 62.5 62.5 62.25 61.25 60 59.75 59 58.25 57.75 57.25 57.25 56.75 56 56 56 55.5 55.75 55.5 55 54.5 54.5 54.25 54 54 53.5 54 54 54 54.25 54.25 54.25 54.25 54 54.25 54.5 53.75 54 54.25 54.25 54.25 54.5 54 54 54 53.75 54 53.75 53.25 53.25 52.25 50.75 50.25 49.75 50
-9999 -9999 -9999 -9999 -9999 -9999 -9999 -9999 -9999 -9999 -9999 -9999 -9999 -9999 -9999 -9999 -9999 -9999 -9999 -9999 -9999 64 64.25 64.25 64.5 64.25 63.75 63.75 63.5 62.75 62.25 61.75 61.25 60.25 59.75 59.25 58 58 57.75 57 57 56.75 56.25 56.25 56 55.5 55.5 54.75 55 54.5 54.25 54.5 54.5 54 55 54.5 54.75 54.5 54.75 54.75 55 54.5 54.75 54.5 54.5 55 54.75 54.5 54.75 54.5 54.5 54.75 54.75 54 54 53.75 53.75 53 52.75 51 51.25 49.75
-9999 -9999 -9999 -9999 -9999 -9999 -9999 -9999 -9999 -9999 -9999 -9999 -9999 -9999 -9999 -9999 -9999 -9999 -9999 -9999 -9999 -9999 64.5 65 65 64.25 64.25 63.25 63.25 63.5 62.25 62.25 61.25 61 60.5 59.5 58.25 58.25 57.75 57.75 57.25 57.25 56.5 56.5 57 56.25 56.25 55.5 55.5 55.5 55.25 55.25 55.25 55.5 54.5 55 55 55 55 55 55 55.25 55.75 55 55.5 55.25 55.25 55.5 55.5 55.25 55 55 55.5 55 54.25 54.5 53.75 53.5 53.25 52.75 53.5 53.25
-9999 -9999 -9999 -9999 -9999 -9999 -9999 -9999 -9999 -9999 -9999 -9999 -9999 -9999 -9999 -9999 -9999 -9999 -9999 -9999 -9999 -9999 -9999 -9999 65.5 65.5 64 64 64 63.25 63 63.25 61.75 61.75 60.75 60.25 59.5 58.75 58 58 57.5 57.75 57.25 57.25 56.75 56.75 56.25 56.25 56 56 55.75 55.75 55.25 55.5 55.25 55 55.75 55.75 56 56 55.5 55.75 56.25 56 56.5 56.25 55.75 56 56.25 57 56.5 55.5 55.75 56.25 56 55.25 54.25 55 53.5 53.75 53 54.25
-9999 -9999 -9999 -9999 -9999 -9999 -9999 -9999 -9999 -9999 -9999 -9999 -9999 -9999 -9999 -9999 -9999 -9999 -9999 -9999 -9999 -9999 -9999 65.5 65.25 64.75 64.5 63.75 63 63.5 63.75 63 62.5 62.25 61.75 60.75 60.25 60 59.25 58.5 58.5 57.75 57.5 57.5 57.5 57 56.75 57 56.75 56.25 56 55.75 56 55.75 56 56 56 56.25 56.25 56.75 56 56 56.5 57 57.5 57.25 57 56.75 56.5 56.25 56.75 57.25 57 56.5 57 56.75 56 56.5 56 56 55 55.25
-9999 -9999 -9999 -9999 -9999 -9999 -9999 -9999 -9999 -9999 -9999 -9999 -9999 -9999 -9999 -9999 -9999 -9999 -9999 -9999 -9999 -9999 -9999 -9999 65.5 65.5 65 64.25 63 63.5 63.5 63 63 62.75 62 61 61 60.5 60 59.75 60 58.75 58 58 57.75 57.5 57.5 57.5 56.75 57 56.75 56.5 56.25 56.5 56.25 56.25 56 56.75 57 57.5 57.25 56.75 56.75 57 57.5 58.25 58 58.25 58.25 58.25 57.25 56.75 57.75 58.25 58 58.75 58.25 57.5 58.25 58.25 57.5 57.5
-9999 -9999 -9999 -9999 -9999 -9999 -9999 -9999 -9999 -9999 -9999 -9999 -9999 -9999 -9999 -9999 -9999 -9999 -9999 -9999 -9999 -9999 -9999 -9999 65.75 65.25 65.25 64.5 64 64.25 64.25 64 63.5 63 62.75 62 61.5 61 61 60.5 60.5 59.75 59.25 58.25 58.25 57.75 57.75 57.5 57.5 57 57 57 57.25 57.25 57.5 57 57.5 57.5 57.25 58 58.25 58 58 57.5 57.75 58 58.25 59 59.5 59.25 58.75 59.5 59 59 58.75 59.75 60 59.5 59.5 58.75 58.5 57.75
-9999 -9999 -9999 -9999 -9999 -9999 -9999 -9999 -9999 -9999 -9999 -9999 -9999 -9999 -9999 -9999 -9999 -9999 -9999 -9999 -9999 -9999 -9999 66 66.25 65.5 65.5 65 65 64.75 64.25 64.5 64.25 63.5 62.75 62.75 62 61.75 61.5 61 60.5 60.5 60 59.5 59.75 59.25 58 58.25 58 58 57.5 57.25 57.5 57.5 58.25 58.25 58 58.25 58.5 58 59 58.25 58.25 58.5 58.25 58.75 59.25 59.5 59.75 60.25 60.25 60.5 60 60.25 61.25 61.5 61.25 60.75 59.75 59.5 59 58
-9999 -9999 -9999 -9999 -9999 -9999 -9999 -9999 -9999 -9999 -9999 -9999 -9999 -9999 -9999 -9999 -9999 -9999 -9999 -9999 -9999 -9999 -9999 -9999 66.75 66 66.25 65.25 65.25 65.5 65.25 65 64.25 63.75 63.5 62.75 62.75 62.5 62.25 61.75 61.5 60.75 61 60.75 60.5 59 58.75 58.5 58.75 58.5 58.75 58.5 58.5 58 58.5 58.75 59.5 59 59.25 59.25 60.25 60 59.5 60 59.5 60.25 60.25 60.75 60.75 61.25 61.75 62.5 62.75 63 62.75 61.5 60.5 60 59.75 59.75 59 58
-9999 -9999 -9999 -9999 -9999 -9999 -9999 -9999 -9999 -9999 -9999 -9999 -9999 -9999 -9999 -9999 -9999 -9999 -9999 -9999 -9999 -9999 -9999 -9999 67.25 67.5 66.5 65.5 65.5 65.25 65 65.25 65.25 64.5 64 63.75 63 62.75 62.5 62.25 61.5 61.5 61.75 61 60.75 60.75 60.5 60 60.25 59.5 60 59 59.5 59 59 59.25 60 60 60 60 60.5 61.75 60.5 60.75 60.75 61 61.75 62 62.5 62.5 62.25 62.5 63 62.25 62 62 61.75 61 60.25 59.25 59 58.75
-9999 -9999 -9999 -9999 -9999 -9999 -9999 -9999 -9999 -9999 -9999 -9999 -9999 -9999 -9999 -9999 -9999 -9999 -9999 -9999 -9999 -9999 -9999 -9999 67.75 67.5 67.25 67.25 66.75 66 65.75 65.5 65.75 64.75 64.25 64 64 64 63.5 62.75 62.5 62 62 61.5 61.5 61.25 61.25 61 61 60 60.75 60.25 59.5 60.75 60 60 60 61.25 61.25 61.5 61.5 61.75 62.25 62.25 62.5 62.75 63 63 63 62.75 62.75 63 63 62.5 62 61.75 62.25 61 60.5 60 59.5 59
-9999 -9999 -9999 -9999 -9999 -9999 -9999 -9999 -9999 -9999 -9999 -9999 -9999 -9999 -9999 -9999 -9999 -9999 -9999 -9999 -9999 -9999 -9999 -9999 68.25 67.5 67.5 67.25 67.5 67 66.75 65.75 66.25 65 65 64.5 64.5 64 64.25 63.5 63.5 63.25 62.5 62.25 62 62 61.75 61.75 61.75 61.25 61 60.75 61 61.25 61 61.25 61.75 61.5 62.25 62.5 63 62.75 63.25 63 63.25 63.25 63.5 63.75 63.75 63.5 64 63 63.25 63.5 63 62.25 61.5 60.25 59.75 59.25 58.25 58.75
-9999 -9999 -9999 -9999 -9999 -9999 -9999 -9999 -9999 -9999 -9999 -9999 -9999 -9999 -9999 -9999 -9999 -9999 -9999 -9999 -9999 -9999 -9999 69 68.5 68.5 68.25 68 67.5 68 68 67 66.5 66 65.5 65 64.5 64.75 64.25 63.75 63.75 64 63.5 62.75 62.5 62 62.25 62.75 62 62 61.75 61.25 61.5 61.75 61.75 62.25 62 62.25 63.75 63.75 63.75 63.75 64 64 64 64 64 64 64 64.25 64 64.25 64 63.75 63.5 62.25 62 61.5 60.5 57.25 56.5 57.5
-9999 -9999 -9999 -9999 -9999 -9999 -9999 -9999 -9999 -9999 -9999 -9999 -9999 -9999 -9999 -9999 -9999 -9999 -9999 -9999 -9999 -9999 -9999 68.5 69.25 69.5 68 68.25 67.5 67.5 68.25 67 66.75 66.25 65.25 65.25 65.5 65.25 64.75 64.5 64.5 64.25 64.5 64 63.25 63.25 62.75 63.25 63 63 62.75 63 63 63.25 62 62.25 63 62.75 63 63.75 64 64.25 64.5 64.25 64.5 65 65.5 64.75 65 64.75 64.75 64.5 64.25 64.25 64 63.25 62.5 61.5 59.75 58.25 57.25 57
-9999 -9999 -9999 -9999 -9999 -9999 -9999 -9999 -9999 -9999 -9999 -9999 -9999 -9999 -9999 -9999 -9999 -9999 -9999 -9999 -9999 -9999 -9999 69 69 69.5 69 68 66.75 66.5 68.25 68.75 68 67.75 66.5 65.75 64.75 65.25 65 65.75 65.75 65 65.25 64.5 64 64 63.75 63.25 63.5 63.5 64 63.25 63.75 63.25 63.25 63.25 63.5 63.75 64 64.25 64.25 64.75 64.75 65 65.25 65.5 66 65.25 65.5 65.25 65.75 65.25 64.5 64 64.25 63.5 62.75 62.5 61.5 59.5 58 57.5
-9999 -9999 -9999 -9999 -9999 -9999 -9999 -9999 -9999 -9999 -9999 -9999 -9999 -9999 -9999 -9999 -9999 -9999 -9999 -9999 -9999 -9999 -9999 70 70.5 68.5 69.25 69 69 69.25 69.5 69.25 69.25 68.5 67.75 67.5 66 65 66.5 65.5 65.75 65.75 66 66 65.5 65.25 64.5 64.5 64.5 64.25 64.25 63.75 64 64 64 64 64.5 64 64.25 64.25 65 65.25 65 65.75 66.25 66.25 66.5 66 66.25 66.25 66 65.25 64.5 63.75 64 63.5 64 63.25 62 60 59.5 58.5
-9999 -9999 -9999 -9999 -9999 -9999 -9999 -9999 -9999 -9999 -9999 -9999 -9999 -9999 -9999 -9999 -9999 -9999 -9999 -9999 -9999 -9999 -9999 70.66666 69.5 70.25 70.5 70.5 69.75 70.5 70.25 70.25 70.25 69.5 69 68.25 67.75 67.75 67.5 67.75 67.5 67.25 66.75 67.25 66.75 66 65.25 65.5 65.5 65.25 64.5 64.75 64 64.75 64.25 64.75 65 64.75 64.5 65.25 65 66 65.75 66 67 67 67 66.5 66.5 66.25 65.25 65 65 64.5 64.5 64 63.5 63 61 59.75 59.75 59
-9999 -9999 -9999 -9999 -9999 -9999 -9999 -9999 -9999 -9999 -9999 -9999 -9999 -9999 -9999 -9999 -9999 -9999 -9999 -9999 -9999 -9999 -9999 69.5 69.5 70 69.5 70 69.75 70.5 70.25 71.25 70.75 71.25 71.25 70.75 70.25 69.25 69 68.75 68.25 68.5 67.75 67.5 66.75 66.25 66.25 66.5 65.5 66 65.75 65 64.5 65 65 65 65.25 65.25 64.75 65 65.5 66.25 66.75 67 67.25 67 66.75 66.5 66 66.25 65.75 65.75 65 65 65.25 65 64.5 63.75 62.25 60 59 56.25
-9999 -9999 -9999 -9999 -9999 -9999 -9999 -9999 -9999 -9999 -9999 -9999 -9999 -9999 -9999 -9999 -9999 -9999 -9999 -9999 -9999 -9999 -9999 70 70 71 70.75 70.25 70.5 70 70.25 71.5 71.75 72.25 72 72 71.5 71 70.25 70.25 69.25 68.5 69 68.25 67.75 67.75 67 66.25 66.5 66.25 66.25 65.75 65.5 65.75 65.5 65.25 65.25 65.5 65.25 65.25 66 66 66.25 67.5 67.5 67.25 67.75 67.5 67.25 66.5 66.75 65.75 66 66 66.5 65.5 63.75 62.75 61.5 60.5 58.25 56.75
-9999 -9999 -9999 -9999 -9999 -9999 -9999 -9999 -9999 -9999 -9999 -9999 -9999 -9999 -9999 -9999 -9999 -9999 -9999 -9999 -9999 -9999 -9999 69 70.25 71 70.5 70.75 70.5 70.75 70.5 71 72 71.75 73 72 71.75 72 71.66666 72 -9999 -9999 69 67.5 67 67.5 67.5 67.5 67.25 67.25 67 66.5 66.25 66 66 65.75 65.75 66 65.5 65.5 66.25 66.75 67 68 68 68.25 68 67.5 67.75 66.75 66 65.75 66.5 67.5 66.5 66 64.75 63.75 63.75 61.25 62.75 63
-9999 -9999 -9999 -9999 -9999 -9999 -9999 -9999 -9999 -9999 -9999 -9999 -9999 -9999 -9999 -9999 -9999 -9999 -9999 -9999 -9999 -9999 -9999 -9999 70.5 71 71.5 71 70.5 71 73 71.5 71.5 72.75 72 71 71 -9999 -9999 -9999 -9999 -9999 -9999 -9999 -9999 -9999 67 66.33334 67 67 66.75 66.25 65.75 66 65.5 66.5 65.75 66.5 65.25 66 67 67 67.75 68 68.75 68.75 67.75 68 67.5 67 66.75 65.5 65.5 66.75 67.25 68.75 67 67.25 65.5 62.75 62.75 65.25
-9999 -9999 -9999 -9999 -9999 -9999 -9999 -9999 -9999 -9999 -9999 -9999 -9999 -9999 -9999 -9999 -9999 -9999 -9999 -9999 -9999 -9999 -9999 -9999 -9999 -9999 -9999 -9999 -9999 -9999 -9999 -9999 -9999 -9999 -9999 -9999 -9999 -9999 -9999 -9999 -9999 -9999 -9999 -9999 -9999 -9999 -9999 -9999 66.66666 66.75 66.75 66 65.5 65.5 66 65.25 66.5 66.25 66.5 66.75 67.25 67.25 68.25 69 69.25 69.5 67.75 66.25 67.25 68.25 67.5 64.75 65.75 67.25 70 70.75 70 70.25 69 67.25 65.75 65.5
-9999 -9999 -9999 -9999 -9999 -9999 -9999 -9999 -9999 -9999 -9999 -9999 -9999 -9999 -9999 -9999 -9999 -9999 -9999 -9999 -9999 -9999 -9999 -9999 -9999 -9999 -9999 -9999 -9999 -9999 -9999 -9999 -9999 -9999 -9999 -9999 -9999 -9999 -9999 -9999 -9999 -9999 -9999 -9999 -9999 -9999 -9999 -9999 -9999 67.5 67.25 67.25 66 65.75 66 66 65.75 67.25 66.5 67.5 67.75 68.75 68.75 69.25 70.25 70.25 69.5 67.5 68.25 67.25 66.75 64.5 66.75 69.5 70.75 70.75 69.75 70.5 71 70.25 69.5 68.25
-9999 -9999 -9999 -9999 -9999 -9999 -9999 -9999 -9999 -9999 -9999 -9999 -9999 -9999 -9999 -9999 -9999 -9999 -9999 -9999 -9999 -9999 -9999 -9999 -9999 -9999 -9999 -9999 -9999 -9999 -9999 -9999 -9999 -9999 -9999 -9999 -9999 -9999 -9999 -9999 -9999 -9999 -9999 -9999 -9999 -9999 -9999 -9999 -9999 -9999 68 67.25 66.75 67 66 66 66.5 67.25 68.25 68.25 68.5 69.25 69.75 70.25 70.75 70.5 70.25 69.75 70 70 68.75 68.5 69.5 68.75 69.5 70.75 70 71.25 71.5 71.25 69.25 69
-9999 -9999 -9999 -9999 -9999 -9999 -9999 -9999 -9999 -9999 -9999 -9999 -9999 -9999 -9999 -9999 -9999 -9999 -9999 -9999 -9999 -9999 -9999 -9999 -9999 -9999 -9999 -9999 -9999 -9999 -9999 -9999 -9999 -9999 -9999 -9999 -9999 -9999 -9999 -9999 -9999 -9999 -9999 -9999 -9999 -9999 -9999 -9999 -9999 -9999 -9999 67.66666 67.75 67.75 67.25 67.25 67.25 68.75 68.75 69 69.75 70 70.75 71.5 70.75 71.75 71.5 72.25 72 70 72 73.25 73.5 73.5 72.75 72.5 73 72.25 71.75 70.5 -9999 -9999
-9999 -9999 -9999 -9999 -9999 -9999 -9999 -9999 -9999 -9999 -9999 -9999 -9999 -9999 -9999 -9999 -9999 -9999 -9999 -9999 -9999 -9999 -9999 -9999 -9999 -9999 -9999 -9999 -9999 -9999 -9999 -9999 -9999 -9999 -9999 -9999 -9999 -9999 -9999 -9999 -9999 -9999 -9999 -9999 -9999 -9999 -9999 -9999 -9999 -9999 -9999 69 69 68 68 68 68.25 69.75 69.75 70 70.75 70.75 72 72.5 72.75 72.75 73.75 74.5 74.25 74.5 75.25 74.75 74.75 74.25 74 73.5 72.75 72 72 -9999 -9999 -9999
-9999 -9999 -9999 -9999 -9999 -9999 -9999 -9999 -9999 -9999 -9999 -9999 -9999 -9999 -9999 -9999 -9999 -9999 -9999 -9999 -9999 -9999 -9999 -9999 -9999 -9999 -9999 -9999 -9999 -9999 -9999 -9999 -9999 -9999 -9999 -9999 -9999 -9999 -9999 -9999 -9999 -9999 -9999 -9999 -9999 -9999 -9999 -9999 -9999 -9999 -9999 -9999 69 69 68.75 68.75 68.75 69.5 71 71 71.5 72 72.5 73.5 73.75 73.75 75.25 75.5 75.75 76.25 75.75 76 75 -9999 -9999 -9999 -9999 -9999 -9999 -9999 -9999 -9999
-9999 -9999 -9999 -9999 -9999 -9999 -9999 -9999 -9999 -9999 -9999 -9999 -9999 -9999 -9999 -9999 -9999 -9999 -9999 -9999 -9999 -9999 -9999 -9999 -9999 -9999 -9999 -9999 -9999 -9999 -9999 -9999 -9999 -9999 -9999 -9999 -9999 -9999 -9999 -9999 -9999 -9999 -9999 -9999 -9999 -9999 -9999 -9999 -9999 -9999 -9999 -9999 -9999 69.5 69.75 69.5 70 70 71.25 72 72.25 72 72.5 74.25 75 75.25 76.25 76.75 77.25 77 76 -9999 -9999 -9999 -9999 -9999 -9999 -9999 -9999 -9999 -9999 -9999
-9999 -9999 -9999 -9999 -9999 -9999 -9999 -9999 -9999 -9999 -9999 -9999 -9999 -9999 -9999 -9999 -9999 -9999 -9999 -9999 -9999 -9999 -9999 -9999 -9999 -9999 -9999 -9999 -9999 -9999 -9999 -9999 -9999 -9999 -9999 -9999 -9999 -9999 -9999 -9999 -9999 -9999 -9999 -9999 -9999 -9999 -9999 -9999 -9999 -9999 -9999 -9999 -9999 70 70.5 70.25 71 71 71 72 72.25 73.25 73.75 74.5 75.5 76.5 77 78 77.75 77 -9999 -9999 -9999 -9999 -9999 -9999 -9999 -9999 -9999 -9999 -9999 -9999
-9999 -9999 -9999 -9999 -9999 -9999 -9999 -9999 -9999 -9999 -9999 -9999 -9999 -9999 -9999 -9999 -9999 -9999 -9999 -9999 -9999 -9999 -9999 -9999 -9999 -9999 -9999 -9999 -9999 -9999 -9999 -9999 -9999 -9999 -9999 -9999 -9999 -9999 -9999 -9999 -9999 -9999 -9999 -9999 -9999 -9999 -9999 -9999 -9999 -9999 -9999 -9999 -9999 -9999 71.33334 71.5 72 71.75 71.5 72 73 73.25 74.25 75.25 76.5 77 77.75 77.5 76 -9999 -9999 -9999 -9999 -9999 -9999 -9999 -9999 -9999 -9999 -9999 -9999 -9999
-9999 -9999 -9999 -9999 -9999 -9999 -9999 -9999 -9999 -9999 -9999 -9999 -9999 -9999 -9999 -9999 -9999 -9999 -9999 -9999 -9999 -9999 -9999 -9999 -9999 -9999 -9999 -9999 -9999 -9999 -9999 -9999 -9999 -9999 -9999 -9999 -9999 -9999 -9999 -9999 -9999 -9999 -9999 -9999 -9999 -9999 -9999 -9999 -9999 -9999 -9999 -9999 -9999 -9999 72 72 72.25 72.25 72.5 72.5 73 73.66666 73.66666 74.25 77 76.5 -9999 -9999 -9999 -9999 -9999 -9999 -9999 -9999 -9999 -9999 -9999 -9999 -9999 -9999 -9999 -9999
-9999 -9999 -9999 -9999 -9999 -9999 -9999 -9999 -9999 -9999 -9999 -9999 -9999 -9999 -9999 -9999 -9999 -9999 -9999 -9999 -9999 -9999 -9999 -9999 -9999 -9999 -9999 -9999 -9999 -9999 -9999 -9999 -9999 -9999 -9999 -9999 -9999 -9999 -9999 -9999 -9999 -9999 -9999 -9999 -9999 -9999 -9999 -9999 -9999 -9999 -9999 -9999 -9999 -9999 -9999 -9999 72 72.66666 72.5 73 74 74 -9999 -9999 -9999 79 78.66666 78 77.5 76 -9999 -9999 -9999 -9999 -9999 -9999 -9999 -9999 -9999 -9999 -9999 -9999
