layers/wordclim/past/Iberia_miroc_10_ascii/bio_17.asc
ncols         205
nrows         142
xllcorner     -11.010633712694
yllcorner     33.273793250999
cellsize      0.083333333333334
NODATA_value  -9999
[rows 0 to 35 of 142, columns 83 to 165 of 205]
-9999 -9999 -9999 -9999 -9999 -9999 -9999 -9999 -9999 -9999 -9999 -9999 -9999 -9999 -9999 -9999 -9999 -9999 -9999 -9999 254 267.5 272 268 260 255 253.5 252.5 252 252 252 251.5 249.5 249 249.5 248 244.5 242 241.5 237.5 234 235 234.5 232.5 234.5 234 234 231 234 238 237.5 238.5 239 239 243.5 248 247 255.5 256.5 257.5 261 257.5 252.5 253.5 252.5 255 251.5 248.5 242 236.5 238.5 230.5 226 226.5 222 219.5 211 211 213 229 231 237 257
-9999 -9999 -9999 -9999 -9999 -9999 -9999 -9999 -9999 -9999 -9999 -9999 -9999 -9999 -9999 -9999 -9999 -9999 -9999 -9999 -9999 259 268 273.75 268 261.25 257.5 256.5 255 254.5 255 253.75 253.25 252.25 252.75 251.5 248.25 246 243.75 241.5 238 234.5 232.75 234 235 234.5 232.5 233.75 234 234.75 236.25 236.75 238.5 241.75 245.5 248 251.25 250.75 255 256.5 255.25 251 251 254 253.25 251 248.5 243.75 232.25 226.75 228.5 229.5 235.5 233 227.5 222.75 211.75 211.25 212 212 214.75 231.25 227.25
-9999 -9999 -9999 -9999 -9999 -9999 -9999 -9999 -9999 -9999 -9999 -9999 -9999 -9999 -9999 -9999 -9999 -9999 -9999 -9999 -9999 -9999 255 269.3333 274.75 272 267.75 265 261.25 259.5 259 258.75 258.5 254.25 259.5 256 253.75 251.25 248.75 245.5 240.5 238 235.75 237 234.75 234.25 235 237.75 239.5 236.25 237.5 239 239.25 239.75 241.5 245 245.25 248 250.25 247.5 246.25 247.5 249.5 249 242 240 235.75 235.25 229.5 227.75 221 219.5 230.25 236 233.25 221 214.25 207 205 203.25 201.75 205.5 197.25
-9999 -9999 -9999 -9999 -9999 -9999 -9999 -9999 -9999 -9999 -9999 -9999 -9999 -9999 -9999 -9999 -9999 -9999 -9999 -9999 -9999 -9999 -9999 -9999 272.5 279.5 277.75 273.75 267.75 264.5 264 265 264 260 265.25 262 259.75 256.75 253 249 245.5 241.5 239.75 243.5 243 240.25 237.75 236 236 238.25 237.25 238.25 237 235.75 237.5 236.75 241.75 241 242.75 246 243.5 243 243.5 239.5 235 231 230.25 228.75 230.75 234.75 232.75 229.75 227 235.75 235.75 223.75 218.5 214.75 211.25 202.5 192.5 193 192.5
-9999 -9999 -9999 -9999 -9999 -9999 -9999 -9999 -9999 -9999 -9999 -9999 -9999 -9999 -9999 -9999 -9999 -9999 -9999 -9999 -9999 -9999 -9999 -9999 269.5 279.75 282.5 280 273.5 270 270.25 271.25 271 269.75 270.5 265.5 263.25 260.75 258.75 254.25 250.75 247 243.25 243.75 246.5 245.75 244 243.5 242.5 243.5 242.75 243 243.5 243.25 243.75 244 243.75 244.75 246 246.5 247.25 246.25 246.5 238.5 235 231.5 235.25 234.5 234.25 234 231 231.25 234.25 233.5 227 214.5 213 215 207.5 195.75 192 192.5 200.5
-9999 -9999 -9999 -9999 -9999 -9999 -9999 -9999 -9999 -9999 -9999 -9999 -9999 -9999 -9999 -9999 -9999 -9999 -9999 -9999 -9999 -9999 -9999 -9999 -9999 275.5 283.25 283.25 278.25 277 277 277 277.25 278.5 277.25 271.25 267.25 264.25 262 259.75 257 253.5 249.75 246 244.5 245.75 246 244.75 243 242.25 241 239 240.5 239 239.75 240 239.5 238.25 240.25 245.25 248.25 248.5 249 244 238.75 237.25 238.25 241 239.25 237.25 230.5 228 225 222.25 213.5 207.75 208.5 204.75 202.75 194 193 197.5 201.25
-9999 -9999 -9999 -9999 -9999 -9999 -9999 -9999 -9999 -9999 -9999 -9999 -9999 -9999 -9999 -9999 -9999 -9999 -9999 -9999 -9999 -9999 -9999 -9999 -9999 277.25 283 284 282.75 282.25 282 282.75 282.25 283.5 285.5 279.5 274.75 269 266.5 267 262.5 258.75 256.75 253 247.75 246.5 246.5 243.25 242.75 241.75 242.5 242.75 239.75 238.75 240 240 239.5 238 237.25 240.75 241.25 242.25 243.5 240.75 242.5 242 242.5 241 239.75 234.75 228 226.75 221 215.5 214.25 210.25 206.5 204.25 207.25 201.5 193.25 191.25 194.75
-9999 -9999 -9999 -9999 -9999 -9999 -9999 -9999 -9999 -9999 -9999 -9999 -9999 -9999 -9999 -9999 -9999 -9999 -9999 -9999 -9999 -9999 -9999 -9999 -9999 280 282.5 286.5 286.25 286 286.25 287.25 287.25 289 291.25 285.5 281.75 276.75 272 267.5 266.5 263.75 260.25 255.5 251.75 252.5 251.75 248.25 246 242 238.25 238.5 238.75 238.75 237.75 238.5 237.75 234.25 232.5 233.75 230.75 233 233 232 234.5 232.5 235.25 235 233 230.5 229 226 223.75 223.25 220.5 218.5 212.75 205.25 199.5 200 195.25 190 186.25
-9999 -9999 -9999 -9999 -9999 -9999 -9999 -9999 -9999 -9999 -9999 -9999 -9999 -9999 -9999 -9999 -9999 -9999 -9999 -9999 -9999 -9999 -9999 -9999 -9999 -9999 286.25 289.75 290 291.25 292.5 293.25 293.25 296.75 297.5 291.5 288.75 283 278.75 273.5 269.75 266.5 264.25 259.5 255.25 257 256 253.5 252.5 249.5 242.5 238.75 234.25 237.75 236.75 231.75 228.25 228.5 229 228 230.5 235.5 235.5 236.25 238.25 236 231.5 229.75 232.75 228 230.75 230.25 230.75 227.5 228.75 224.75 221.75 218.25 210 207.75 203.5 200 194.75
-9999 -9999 -9999 -9999 -9999 -9999 -9999 -9999 -9999 -9999 -9999 -9999 -9999 -9999 -9999 -9999 -9999 -9999 -9999 -9999 -9999 -9999 -9999 -9999 -9999 -9999 293.25 296.5 298.25 297.75 299 299.25 299.5 301.5 302 298 294 289.75 284.25 279.25 274.75 271 267.75 265 262.25 257.25 255.5 255 255.5 249.75 246.75 242.5 234 234.25 233.75 233.75 235.75 235.25 231 231.5 232.25 234.75 233.5 230 231.25 231.75 231 229.5 230.25 230.75 233.75 232 229.25 228.5 233 234.25 230.5 225.25 221 214.5 209.5 212.25 210.75
-9999 -9999 -9999 -9999 -9999 -9999 -9999 -9999 -9999 -9999 -9999 -9999 -9999 -9999 -9999 -9999 -9999 -9999 -9999 -9999 -9999 -9999 -9999 -9999 -9999 294.5 300 304.25 305 304.75 304.5 304.25 305.25 308.75 308 303.5 299.5 295.5 290 283.5 279 276.5 271.5 268.75 266.5 262.5 260 256.5 254.5 250 247.5 247.5 239.25 234.75 232.25 228.5 230.5 228.75 228 227.5 228.75 227.25 223.25 223 224.75 222 222.75 221.75 220.75 227.5 226.25 227.5 227.5 229 233.25 234.25 227.5 227.75 226 219.75 219 217.75 218.25
-9999 -9999 -9999 -9999 -9999 -9999 -9999 -9999 -9999 -9999 -9999 -9999 -9999 -9999 -9999 -9999 -9999 -9999 -9999 -9999 -9999 -9999 -9999 -9999 -9999 301 307 312 312.5 311.25 310 310.25 308.5 317.5 312.75 310 305 300.25 294.75 288 282.75 279.5 276 271.75 269 264 262.5 260 255.75 254 248.5 245.75 239.25 238 232.25 226.75 221 219.25 220.75 221.75 220 219.5 218 216.75 215 215.25 213.5 211.75 214.75 221.75 219.5 213.25 217.25 219.25 224 219.75 220.75 220.75 222.5 222.25 224.25 226.25 226
-9999 -9999 -9999 -9999 -9999 -9999 -9999 -9999 -9999 -9999 -9999 -9999 -9999 -9999 -9999 -9999 -9999 -9999 -9999 -9999 -9999 -9999 -9999 -9999 -9999 309 314.5 320.5 319.5 317.75 317.5 317 318.25 321.5 317.25 313.75 309.25 304 297.25 291.75 287 281.5 274 271 266.75 261.75 260 259 257 253.75 248 244.75 239 234.25 231.5 230.25 224.25 221.75 220.25 215.25 213.5 213.5 210.75 210 208.75 208.5 205 205.25 207.75 217.75 223.25 216.25 212.5 216.25 211.75 213 220 218.5 217.25 221.25 226.25 223 211.25
-9999 -9999 -9999 -9999 -9999 -9999 -9999 -9999 -9999 -9999 -9999 -9999 -9999 -9999 -9999 -9999 -9999 -9999 -9999 -9999 -9999 -9999 -9999 -9999 -9999 314.25 323.75 326 325.5 324 324 325 327 328.75 322.75 320 315 307.5 299.75 293 286.5 279.75 274 270 265.25 262.5 260.25 259.5 256.5 252.5 249 243 239.5 236 233 230.75 224.75 222.5 220.25 220 217.5 213.5 209 206.5 204.75 205 207 208.25 209.25 214.25 212.75 209.25 210.25 210 206 202.25 210 211.25 210.25 210.5 209.5 196 196.25
-9999 -9999 -9999 -9999 -9999 -9999 -9999 -9999 -9999 -9999 -9999 -9999 -9999 -9999 -9999 -9999 -9999 -9999 -9999 -9999 -9999 -9999 -9999 -9999 -9999 316 323.75 326.25 326.25 328.25 330 330 335.5 330.75 326.25 323 318 308.75 300.5 291 283.25 277.25 272.5 267.5 264.25 260.25 257 255.5 252.75 252.25 249.5 244.25 239.5 234.75 234 230.75 224.25 225.5 220.25 224.25 218 214.5 212.75 203.75 203.75 202.5 202 203.75 205.25 206.5 207.25 202 197.5 196.75 194.75 194.25 200 206.25 207.5 205.75 207 201 192
-9999 -9999 -9999 -9999 -9999 -9999 -9999 -9999 -9999 -9999 -9999 -9999 -9999 -9999 -9999 -9999 -9999 -9999 -9999 -9999 -9999 -9999 -9999 -9999 -9999 -9999 318.25 318.75 323 330.25 336.25 337.25 340.75 334 329.75 325 317.5 306.75 296 289.75 285.25 279 274 268.5 264.25 261.5 257.25 252.75 251.25 250.75 248.5 245 240.75 235 232.75 230.5 223.5 221.75 220.25 218.75 213.5 218.5 213.25 203.75 202 203.75 198 198.25 202.5 199 197 200.75 202.75 196.75 197.75 197.75 205 214 220.75 231.25 212 199.5 199.25
-9999 -9999 -9999 -9999 -9999 -9999 -9999 -9999 -9999 -9999 -9999 -9999 -9999 -9999 -9999 -9999 -9999 -9999 -9999 -9999 -9999 -9999 -9999 -9999 -9999 -9999 -9999 -9999 319 324 335 344.5 343.75 337.5 330.5 321 309.75 301.75 296.5 288.5 282 276 271 267.75 263.75 257.75 256.75 253.5 249.5 248.5 248.5 246.25 239.5 236.5 233.25 232.5 224.5 225.25 221.5 217.5 214.75 218 213.75 204.25 198.75 197 198.75 199.5 197.5 196.5 195.5 198.25 199.75 198.5 195 194 206.75 217 220.25 224.25 228.5 229.5 233.5
-9999 -9999 -9999 -9999 243.5 -9999 -9999 -9999 -9999 -9999 -9999 -9999 -9999 -9999 -9999 -9999 -9999 -9999 -9999 -9999 -9999 -9999 -9999 -9999 -9999 -9999 -9999 -9999 -9999 -9999 326.75 347.25 348 338.75 328 317 310 302.5 294.75 288 283 278 272.25 267.5 265.25 261.75 252.75 250.25 248.5 247 246.5 246 241.25 235 235 233.5 226 225.25 220.5 218.25 215.25 213.5 209 205.25 201.5 194.5 196 199.25 199.25 201.25 200.25 197.5 196.25 194.25 188.5 189.5 192.5 213.75 218.75 229.5 251.75 253 240.5
-9999 -9999 238 246.75 252 255 255 254 -9999 256 268.5 275 277 279.5 281 285.5 288.5 289 -9999 -9999 -9999 -9999 -9999 -9999 -9999 -9999 -9999 -9999 -9999 324 341.75 358.75 349.75 340.75 326.75 320.5 311.25 304 296.25 286.75 279.75 275 269.25 269 262.25 262.25 254.5 253.25 250.25 244.25 245.25 246.5 241.25 235.75 235 231 228 227.25 222 218.5 215.75 210.75 214 207.75 201 195.25 195 197.25 200.25 201 199.25 201.75 201.75 198.5 183.25 180.25 180.75 200.75 222.25 230.75 234.5 236 241.25
236.25 240.75 250.25 255.5 260.5 269.5 271.75 268.25 263.5 262.75 268.75 274.25 278.5 283.25 286 291.75 298.75 301 295.5 289.5 296 306.75 312.5 315.75 323.25 321.25 314 315 323 336 364.75 361 350.25 336.25 328 315.75 305.25 297.5 291.5 284.75 279.25 272.5 268 264.25 263.5 262.5 257.25 255.25 251.75 244.5 242.25 243 240.25 236.75 234 230.75 228.5 225.25 222.5 218.25 213.75 216 217.25 207 201.5 196.25 202.5 198.25 199.75 201 201.25 201 195 190.25 193.25 205.25 207.5 193.5 205.75 211 222 213 187
244 251.25 254 258 261.5 269.25 268.25 266.75 270 273 269.25 268.25 274.75 288 300.25 307.75 303.5 305 302.75 302 305 315 323.5 328.25 331.25 333.25 337.75 347.75 351 362 371 361.75 353.75 338 328 315.25 302.75 294.25 290.75 282.25 273.75 266.75 266 260.75 261.5 260 261.25 256.5 254 244.75 242.25 242.75 242.25 237 233.25 232 229.75 226.5 220.25 216 215.25 218.25 214.75 208.25 205 203 201.25 202.75 199.75 198 200.75 200.25 201 218.5 236 245.25 246.25 238.75 246.75 228 216.25 199 187.25
242.5 245.25 250.5 260.25 263.75 268.75 269.25 267.5 276.5 277.25 278.75 276 277 280.5 285.75 294.25 299 306.5 314.5 311 311 313.5 325 331.5 338.5 342.75 359.5 361 365 365.5 358.5 357.25 347.5 341.75 327.5 313.5 297.25 289.75 281.5 275 274 264.5 258 253.75 253.25 256.5 260.75 260.5 257 247 243.75 239.75 245 238.25 233.75 232.5 231.25 224 220 221 218.5 216.75 211 206.25 208 210 203.75 205 204.5 202.5 200 195.75 186.75 187.5 193.5 196.25 194.25 184 183.5 171.5 159.25 152.25 147.25
240.5 245.25 251 257 269.75 277.25 276.5 264.5 269 272.5 276.25 272.5 282 277 279.25 282.75 289.5 304.5 310.5 315.25 319.75 325.5 332.5 338.25 343.25 346.75 357 363.75 355 356.25 353.75 352 344 331.5 319.75 308 296.25 290.5 278.25 274.5 265.5 263.25 261.25 256 251.25 247.25 251.75 258.25 257.5 246.5 247.25 240.25 248.75 241.75 241 239 230 225.25 224.75 222.75 217.25 212 206.5 206.5 209.75 207.25 211.75 207.5 204.25 205.5 207.5 205.5 197.25 177 169 161 156.5 151.75 151 141.75 139 135.75 133
232.75 248.5 246.5 249.25 274.25 292 272 270.25 270.75 266.25 262 262.25 266.5 271.25 273 272.75 288.25 284 294.5 303 313.5 318 327.75 334.5 332.5 345.5 345.5 347.75 343.5 340.5 338.75 337.75 333.5 320.5 305.5 308.5 309 291 280 274.5 267.5 258 257.75 256.75 254.75 246.75 246 255.5 255.25 250.75 251 247.5 251.75 253.75 253 245.5 238.5 232 227 223 216 216.5 211.5 211 206.75 208 209 213 208.75 206.75 209.25 210 205.75 194 178.75 181.5 158.5 162 160 153.5 150 136 131.25
244 255 248.5 260.75 271.25 269 264.75 264.5 259.75 255.75 264 254.75 256 261.5 272 282.5 281 290.5 284.75 286 301 303.25 309.25 309.25 319.25 328.25 330.75 331 327.75 328.5 327.75 324.75 323.75 322 314 311.25 321 302.25 275.25 277.5 275 274.75 303 278.5 282.5 272.25 280.5 275.25 258.25 263.25 264.25 259.5 251.5 260.75 251.5 243.75 234.5 229 222.25 218.25 213 216 219.25 217.5 216 209 211.25 214.25 211.25 213.25 213 210.5 211.25 208 186.5 171 171.25 185.75 190.25 164.5 150.5 142.25 140.5
240 239.5 241.25 241.75 243 239.75 243 244.75 249.75 253.25 256.75 269.75 254.5 253.5 263.25 285 273.25 275.25 278 283.75 293 286.75 288 301.25 316.75 309.5 310.25 309.25 309 310.25 315.5 316 314 317.5 313.25 316 325.75 309 302 318 321.5 284.75 313.25 316.25 315 312 317.75 281.25 288.25 328.25 319.75 310 303.5 287.5 295 275.25 250.25 256 248 256 250 232.25 215 217.75 220.25 217.5 223.25 215.75 212 219 217 219.75 217.25 224.5 213.25 199.25 204 224 214.75 188 177 161.5 143.5
233.75 234.75 233.5 234.75 231.75 232 226 230.5 240.5 244.5 249.5 250.25 255.25 255 252.75 254.5 251.5 254 261.25 268.25 278.5 284.25 280.25 280.5 283 292.5 287.75 286.5 287.75 288.75 288.5 291.25 298.25 296.75 302.75 296.75 304.25 304.25 312.5 344 360.25 308 330.5 335 362.25 380.5 339.25 336.25 313 363.25 386.25 369.25 342.5 300.25 346.75 308.25 284 291 311.75 300.25 273 249.25 260.75 229.5 245 255.75 269.5 248.75 221.5 229 227.75 221.25 227.5 229.5 222.75 199.75 205.75 222.25 225.5 209.25 188.5 169.75 157.25
215.25 219 218.25 218.5 222 231.5 224.75 224 218.75 225.75 236.25 236.75 231.25 242.75 241 235 238 238.5 244.25 250.5 257.5 270.25 270.75 276.75 284.75 289 275.25 262.5 258.75 259.25 267 269.25 268 275.75 284.75 277.5 282.25 284.5 305.25 332 334.75 350 330.75 366.75 367.5 403.5 401.5 378.25 373.5 356 415.25 388.5 336.5 308.25 349 329 307.5 310.25 325 372.75 321.75 333.25 309 247 251 281.25 309.25 252.5 217.5 278.25 300.75 265.25 249.25 236.75 238.5 225 233.5 225 203 189.25 166.25 146 146
209 210.5 215.75 209.75 217.75 224 217 211.75 217 211.75 220.5 227.75 212.5 218.5 216.5 221.75 228.25 236.75 249 241.5 250.75 253.5 250.25 249 252.5 243.5 246 243.5 245.75 240 246.25 249.5 245.25 246 251.75 250.25 258.25 257 269.25 271.5 293.5 334.5 338.25 376.5 339 344.5 392.25 395 367.25 362.5 397 369.5 372 377 375 356.5 320.25 321.75 341 375 384 382 347.25 326.25 326.5 340.75 282.75 273 280.25 258 245 274 302 280.5 248.5 248.5 257.25 241 218.5 190 166.25 144.25 127.75
198.75 199 199.75 203 205.75 212 207.75 193.5 200.75 204.75 210.75 213.75 203.5 202.5 201.75 215.5 219 220.75 222 220.25 220 221.25 214.5 214.25 216.5 217.5 220 217.75 226.25 235 246.5 243.5 234.25 225 236.75 252 244.25 237 234.75 249.75 251.5 266.25 274.75 324.75 335.25 309.75 353.25 336 388 395.5 362.25 336.75 388 382.75 413.5 384.5 402.25 380.25 350.75 349.75 369 360.25 328.25 365.25 358.5 391 368.25 375.25 362 345 316 304.25 337.25 336 292.25 331 271.5 238.25 223 197.25 167.5 143.5 126.25
181.25 184.25 190.25 190.5 194 192 187.25 187.75 190.5 193.5 197.75 200.75 195.25 189 188.75 192.75 204.5 206.5 201 203 200.75 192.25 188.75 193.25 197 195.25 196.5 198.25 208 212 225.5 217 211 206.5 208.75 216.75 213.75 219.25 211 215.25 222.25 227.25 237.25 251.25 257.75 260 301.75 278.25 306.75 318 297.75 296 329.25 353.5 337.75 347.75 388 375.5 373.25 384.25 394.75 373.5 285.75 294.5 310.25 353 370 335.5 365.75 377.25 344.5 369.75 375.25 339.75 305.25 285 252.75 218.5 235.25 234.5 218.75 179.25 141.5
164.5 170.75 176.5 176.5 178.25 180 182.5 190 187.25 188.75 189.25 186.75 182.25 180 181.25 179.5 173 170.75 167.5 162.5 159.5 162 165.75 172 174.5 177.75 180.5 181.5 186.5 189.5 199.75 198 194.75 203.25 202 204.25 208.25 221.25 221 211.5 226 224.5 239.75 228 218.25 250.5 273.5 262.25 253.25 257.75 225.5 280 349 317 292.5 315.75 320.5 305.5 321.25 365.5 376.5 370 303.25 255.75 304 352 308.75 302 376.75 382.75 364.75 325.5 302.25 300.5 310.75 298.25 293 278.25 342.25 275 224.25 191 159.25
153.75 160 162.25 164 164.25 168.75 174.25 176 183.5 184.25 182.5 185 187.5 178.75 177 168.5 164.75 172.25 160.5 152.75 148.75 147.5 150.5 155.75 159.25 164.25 167.75 168.75 172.5 172 176.25 178 177.25 183 197.25 204.5 211.25 220.5 219.75 200.75 193.75 192.75 198.75 199 204.75 228 236.5 264 252 216.75 192 206.5 225.25 243 271.75 310.75 286.25 268.25 281 313 303.75 315 234 317.25 292.75 270 238.25 310 322.75 305.25 274 236 245.25 303.25 364.25 367 342.5 312 262.25 233.5 231.25 237.75 215.25
148 150.5 150.75 151.75 155.75 158.75 164.5 172 184.25 189 184.25 195.75 191.5 197 183.75 166 177.25 205 174.25 176.75 169.5 161.25 158 152.75 147.75 149.5 155.25 155.25 156.75 158.75 161.75 164.5 162.5 166 173.75 179.25 183.5 185.75 189.25 179.25 183.5 205.25 222.25 230.5 233.75 236 248.75 241.75 235 213.25 187.25 184 207 226.75 250.25 239.5 269.5 249 261.75 262 237.5 220.25 259.75 288 246.75 186.25 187 227.5 246.5 249.5 252.75 288.25 310.5 313.25 287 286.25 283.75 250.25 237 237.25 233.25 218.5 188.25
138.5 139.25 142 143.75 146.75 151.25 158.75 170.5 191.5 199.25 224.25 226.25 203.25 232 207.5 181.5 200 183.75 199.75 185 202.75 186.25 189 156.75 144 144 142.75 144.5 144.5 149.25 150 149.25 151 152.75 154.25 155.75 160 165.25 167.25 160 156.75 159.5 163.75 177.75 191.75 205.5 216.25 208.25 208 195.5 183.5 165.5 199.25 177.75 201 211.5 232.75 208.75 231.75 235 186.5 218.25 282.25 247.5 227.75 191 228 271.75 309.25 294.25 230.75 206 224.75 234 219.75 230.75 226.25 215 211.25 209 209.25 216 189
128 129.75 133 136.75 141.25 148.25 155.5 163.5 175.25 195.75 194.5 198.75 208.75 192.25 188.5 206 205.25 190.5 199 202.75 208.75 178 176.75 170.75 159.25 157.75 138.25 135 135.75 135.75 137 138 139.5 138.25 138.75 137.25 140.25 144.25 147 144.5 140.25 141.75 140.75 138.5 135.5 137.25 140.75 139.75 151 156.25 162.25 150.25 161 160.5 188.75 198.75 198.5 182.5 204.75 165.5 165.5 188.75 228 225 171 199.25 271.25 292 238.25 245.25 276.25 185.75 205 196.5 197.5 185 227 227.25 205.5 217.5 210.75 196.75 183.5
