layers/wordclim/past/Iberia_miroc_10_ascii/bio_12.asc
ncols         205
nrows         142
xllcorner     -11.010633712694
yllcorner     33.273793250999
cellsize      0.083333333333334
NODATA_value  -9999
[rows 68 to 101 of 142, columns 0 to 76 of 205]
-9999 -9999 -9999 -9999 -9999 -9999 -9999 -9999 -9999 -9999 -9999 -9999 -9999 -9999 -9999 -9999 -9999 796.5 808.25 798.25 830 869.5 904.5 947.75 1038.75 1023 1015.25 1001.5 998.75 985.25 979.25 1042.75 1044.75 1035 1047.25 1065.25 1102.5 1114 1106 1110.5 1124.5 1139 1215 1199.5 1135.75 1093.25 1075 1054.75 993.5 940.25 894.5 884.5 838.25 818 807.75 809.75 794.75 776.25 755.5 752.25 758.25 754 771.75 834.75 818.25 823.75 821.25 800.25 730.5 696.5 704.5 685.75 668.75 669.25 675.25 687.25 705.75
-9999 -9999 -9999 -9999 -9999 -9999 -9999 -9999 -9999 -9999 -9999 -9999 -9999 -9999 804 813 797 787.6667 797 801.75 857.75 869.5 915 938 957.75 947.5 961.75 974.5 949 944.75 988.25 1026.5 1043 1051.75 1037.75 1059 1054 1051.5 1056 1072.75 1082.25 1103.5 1179.5 1308.25 1252.25 1125.5 1037 992.5 953 926.5 876.25 881.75 867.5 831.5 802.75 790 791.25 790.5 779 770.75 776.5 773 734.25 774 764.5 732 720.25 733.25 733.25 688.25 687.5 680.5 694.25 677.25 687.75 694.5 707
-9999 -9999 -9999 -9999 -9999 -9999 -9999 -9999 -9999 -9999 -9999 -9999 -9999 818.5 823 824 813 801.5 801 816.75 861.75 892.25 891.5 938.75 930.25 922.25 928.5 925 916 945.25 981.75 994 1005.25 1013.5 1018.75 995 1013.75 1023.75 990.5 1003 1022.5 1034.75 1051.5 1129.5 1142.5 1033 951.5 941.25 933.5 869 840.75 843 817 826.75 847.25 800 788.25 807 830.75 806 763.5 734.25 725.25 719 711.75 716.25 703.5 720.75 709.25 705.25 690 689.5 723.25 722.75 700.25 720.25 709
-9999 -9999 -9999 -9999 -9999 -9999 -9999 -9999 -9999 -9999 -9999 -9999 832 831 826.5 826.25 827 814.75 815.75 848.75 871.5 888.5 944.75 986.25 914 920.25 911 894.25 912.75 936.25 947.75 958 973.75 980.75 962 966.5 984 972.25 964.25 974 1009.5 1024 1012.25 1004.75 990 985 930 877.75 881.25 833 839.75 834.25 828 820.75 794.25 795.25 809.5 790.5 780.75 745 726.25 722.25 709.5 716.75 703.25 707.25 700.5 708.25 732.5 716.5 720.75 727.5 731.75 761.5 764.75 730.75 717.75
-9999 -9999 -9999 -9999 -9999 -9999 -9999 -9999 -9999 -9999 848 -9999 829 837.25 831.75 831.25 832 825.75 831.25 877.25 890.5 924.5 949.25 937.75 886.25 888.75 875.25 883.75 897 909 927 938 937.25 942.75 924.5 940.5 942 932.25 934.25 944.5 942.25 954.25 956.25 952.25 921.25 903.75 878.5 837.25 815 793.25 788.25 780.25 784.25 777.75 768.75 759 765.75 766.75 768.75 726.5 720 716.75 711.5 714 712.25 727 739.25 719 722 736 743.75 750.25 749.25 758.25 779.5 760.75 735.75
-9999 -9999 -9999 -9999 -9999 -9999 -9999 -9999 -9999 -9999 -9999 838.5 827.5 839 842.25 838 832.75 829.25 837.75 927 939 973 1006.5 940.75 869.5 860.5 862.5 874.5 891 893.5 885.75 884 887.25 889.25 900 901 908.25 930.75 923.75 925 927.25 922.5 917.5 924.75 910 875 843.5 823.75 780.5 770.25 760 753.5 754 752.75 746.75 745.25 759.75 764.25 734.75 722.75 722 720 723.25 723.25 729.25 741.75 743.75 743.75 762 748.5 747 760 760.5 776.75 777.25 775.75 759.5
-9999 -9999 -9999 -9999 -9999 -9999 -9999 -9999 -9999 -9999 -9999 836 836.75 845 844.5 837.25 833.25 834.25 877.5 965 1015.75 1015.5 981.5 922.5 854.25 853 857 862.5 865.25 860.5 865 873.25 876.75 882 881 876.5 881.25 898.5 905.25 925.25 945.25 930 921.75 911.25 939.75 906.25 818.5 776.75 758.25 747.75 740 738.25 739 735.25 736 737.75 746.5 744.25 731 731.75 737.5 746.25 754.5 755.75 760.75 749.5 753.25 765.5 760.5 753.75 779.5 832.25 794.25 791.5 788 783.75 781
-9999 -9999 -9999 -9999 -9999 -9999 -9999 -9999 -9999 -9999 -9999 -9999 -9999 846.6667 851.5 859 846.75 849.25 943.5 1004.5 1025.5 988.5 896 858 845.5 847 850 849.25 858.25 862.75 865 880.25 867 865.25 879.25 878 878 890 885 886.75 920 965.5 936.25 881.75 883.75 845.25 781.25 758.25 756.5 757.25 749.25 744.25 742.25 750.25 759.25 768 749.5 754 759 768.75 771 789.75 793 785.75 792.75 774.5 792.75 800 810.5 803.5 786 773.25 784.25 797.25 802 794.75 827.5
-9999 -9999 -9999 -9999 -9999 -9999 -9999 -9999 -9999 -9999 -9999 -9999 -9999 -9999 847 848.75 856.75 855.25 989.5 999.5 986.5 947.75 892.75 847 839.5 836 839.5 846.75 846 846.75 846.25 854.25 865 879.25 896 898 882.25 887 890 899.25 915 915.75 906.25 864.75 801 778.75 775 767.25 772.25 769.25 761.25 759.75 764.75 757.5 776.5 781.25 768.25 774.25 797.75 814 827 799.75 834.5 814.75 809 815 813.75 833.5 844.25 843.5 828 796 815.25 803.25 799 802.5 806.5
-9999 -9999 -9999 -9999 -9999 -9999 -9999 -9999 -9999 -9999 -9999 -9999 -9999 -9999 -9999 -9999 833.5 845 879.25 878.5 890.25 894.25 856 842.5 837 828.75 825.25 828 835.75 840.25 843.25 845.5 858.75 871.25 883.5 891.5 885.25 865 858 843.25 850 846 826 819.75 783.75 770.5 784.25 787.75 800.25 787 774 775.5 776.5 777.5 790.5 802.75 796.5 784.25 807.25 833.75 847.5 850.75 828.5 847.5 846.5 865 870.75 882 861.75 841.75 824 833 843.5 815.75 825.25 830 828.5
-9999 -9999 -9999 -9999 -9999 -9999 -9999 -9999 -9999 -9999 -9999 -9999 -9999 -9999 -9999 -9999 -9999 811.25 823 827.5 834.25 856.25 863 843.5 848.25 828.25 810.75 803.75 810 809.75 814.75 844.5 865.75 876 893.75 878.5 854.25 832.75 824.75 815.75 816.25 824 817.25 782 765.5 767.5 782.75 815.25 812.75 832.5 830.5 816.25 830 802.5 806.75 826.25 825.75 813.75 824 869.25 871.75 878 858.75 902.75 903.75 906 899.5 862.5 860.25 867.25 870 858.75 871 848 850.75 868 880.25
-9999 -9999 -9999 -9999 -9999 -9999 -9999 -9999 -9999 -9999 -9999 -9999 -9999 -9999 -9999 -9999 -9999 800 790.25 797.25 788.6667 821 859.5 865.25 859.5 800.25 788 786.75 797.25 787.5 792.25 807.25 815.5 818.25 820 818 811.5 807.25 799.25 791 795 806.5 798.5 768.75 750.5 764.75 777.5 798 829.75 846.25 917.25 917.75 904.5 849.25 832 864.5 859.25 849 833.25 856 889.75 893.75 888.25 917.75 933.75 914.25 901.5 900.5 897 907.5 909 900 901.25 898.5 890.5 879.5 871
-9999 -9999 -9999 -9999 -9999 -9999 -9999 -9999 -9999 -9999 -9999 -9999 -9999 -9999 -9999 -9999 -9999 -9999 -9999 -9999 -9999 835 831.25 807 763.25 765.25 773.25 769.25 763.25 763.5 763 767 777 795.75 791 789.75 792.25 805.75 785.5 771 772.5 773.5 757.25 741.5 746.25 761.25 772.25 794.75 817 874.5 900.25 865 902.75 887.25 867.75 894 898.5 889.5 865 878 896.75 905 916.25 923 926.25 927.75 939.75 944.5 939.75 946.5 944.5 932.5 938.25 939 935.25 925.75 915.5
-9999 -9999 -9999 -9999 -9999 -9999 -9999 -9999 -9999 -9999 -9999 -9999 -9999 -9999 -9999 -9999 -9999 -9999 -9999 -9999 -9999 -9999 740.5 721.5 714.75 726 748.25 767.75 769 757 753.5 758 744 770 771.25 778.25 791.75 789.75 788.5 799.25 775.75 755 744 730.25 734.75 741.5 756 778.5 803 836 853.75 800.75 808.75 833.5 870 889.75 902.75 923 918 914.5 929 923.25 935 944.5 943.5 951.75 965.25 953.25 961 977.75 981.75 982.75 965.5 969.5 975.75 958.5 959.75
-9999 -9999 -9999 -9999 -9999 -9999 -9999 -9999 -9999 -9999 -9999 -9999 -9999 -9999 -9999 -9999 -9999 -9999 -9999 -9999 -9999 -9999 -9999 -9999 679.5 690.5 741.75 763.5 764.25 753.5 745.25 734 729.25 734.25 739.75 753.25 759.5 774 790 800.75 777.25 744.75 727.5 729 737.75 747.25 760.75 766.75 772.5 790.5 801 843 869.75 848.5 868.75 892.75 924.5 924.5 942.5 958.5 953.75 956 951.75 953.5 934.75 967.5 983.75 974.75 985.25 962.5 982.25 1017.75 1005.75 973.75 975.75 978.75 981.5
-9999 -9999 -9999 -9999 -9999 -9999 -9999 -9999 -9999 -9999 -9999 -9999 -9999 -9999 -9999 -9999 -9999 -9999 -9999 -9999 -9999 -9999 -9999 673 693.25 713 732.25 763 794 744.75 732.5 724.25 718 714.75 719.5 728.5 738 741.25 734 728 716.5 719.5 719.75 722.5 720.75 727.75 736.5 746.5 759.75 824.5 870 928.25 912.75 914.5 901 913 939.5 923.5 910.75 927.25 971.25 981.5 954.25 944.25 941.25 943 968.25 1011 1012 1029.5 1024.25 995 998.5 997.75 982.25 973.75 978.25
-9999 -9999 -9999 -9999 -9999 -9999 -9999 -9999 -9999 -9999 -9999 -9999 -9999 -9999 -9999 -9999 -9999 -9999 -9999 -9999 -9999 -9999 -9999 -9999 673.25 694.25 722.75 761.5 794.25 764.5 731.5 711.25 708.75 708 717 731.25 734.75 731 724.25 717.25 700.75 717 733 735.5 725 733.5 756.75 779.5 812.25 797.25 821.25 879 911.25 963 969.5 1002.5 1013.75 980 926.75 912.25 925.5 961.25 1008 1010.25 975 947.5 952.25 954.75 991.25 998.5 1032.5 1049.5 1015.25 1005.75 992 953.25 953.5
-9999 -9999 -9999 -9999 -9999 -9999 -9999 -9999 -9999 -9999 -9999 -9999 -9999 -9999 -9999 -9999 -9999 -9999 -9999 -9999 -9999 -9999 -9999 -9999 644.75 703.75 719 757 748.25 733.25 712.25 699 700.25 702.25 719.25 727.5 729.25 738.5 719.25 708.25 696.25 711.75 723 746.25 754.5 746 773 798 828 873.25 844.75 865.25 922.5 896.5 904.5 960.5 955.25 936 976 947.75 904.75 957.75 985.25 1010.25 1023.75 1025 998.25 967.25 958 990.25 1025 1020.5 1015.25 1017.5 1011.25 964.25 935.5
-9999 -9999 -9999 -9999 -9999 -9999 -9999 -9999 -9999 -9999 -9999 -9999 -9999 -9999 -9999 -9999 -9999 -9999 -9999 -9999 -9999 -9999 -9999 622 641.5 689 702 735.25 724.75 710 698.5 690.5 694.5 697.5 707.25 708 714 717.5 710.75 699.5 701.75 714.75 723.75 730.5 716.75 722 765 782 814.5 873.25 899.5 943.5 944.5 906 855.75 879.75 929 915.25 928.75 956.5 914 958.75 988.5 988.75 1048 1033 991.25 989.75 998 978.5 1009.75 1007.75 1012.25 1013.25 982.25 946 921.25
-9999 -9999 -9999 -9999 -9999 -9999 -9999 -9999 -9999 -9999 -9999 -9999 -9999 -9999 -9999 -9999 -9999 -9999 -9999 -9999 -9999 -9999 -9999 -9999 623.75 648.75 675.25 724.75 709.75 693.5 687.25 687.5 704.5 725.5 718.5 711.75 702.5 696.5 694.25 692.5 684.25 703.75 721.75 715.5 711.5 751 802.25 809 813.25 832.5 831.25 848.5 857.75 884.5 920 869.75 849.5 909.5 912.25 914 864.5 927.75 947.25 951.75 982.5 988.5 981 957.5 965.75 956.75 966.75 970.25 978.25 986.25 978.25 970.75 964.25
-9999 -9999 -9999 -9999 -9999 -9999 -9999 -9999 -9999 -9999 -9999 -9999 -9999 -9999 -9999 -9999 -9999 -9999 -9999 -9999 -9999 -9999 -9999 -9999 607.5 633 675 707.25 700.5 706 696.5 694.75 694 712 720.5 710 700.75 704.75 699.25 698.5 684.75 708 694.25 700 701.75 717.25 727.5 736.25 741.75 760.75 745.5 787.5 819 876.5 879.5 881.75 857 870 892.5 919.75 903.5 857.25 912 927.5 954.75 950.5 925.5 943 932 933 956.5 975.5 991.25 1009.75 1001.5 976.75 958
-9999 -9999 -9999 -9999 -9999 -9999 -9999 -9999 -9999 -9999 -9999 -9999 -9999 -9999 -9999 -9999 -9999 -9999 -9999 -9999 -9999 -9999 -9999 -9999 591 614.5 652.75 668.75 676.5 698.75 721 710.25 696.75 712.5 720 710 711.5 700 690.25 681 681.75 689.75 677.5 681.75 688 700 714.25 699 702.75 739.25 731.25 786.25 824 808.25 850.75 861.5 865.75 853 864.25 877 908.75 881 861.75 877.75 909.75 894.75 897.5 913 934.25 949.75 975.75 993.5 1001.25 1014 1009.5 992.25 956.25
-9999 -9999 -9999 -9999 -9999 -9999 -9999 -9999 -9999 -9999 -9999 -9999 -9999 -9999 -9999 -9999 -9999 -9999 -9999 -9999 -9999 -9999 -9999 -9999 581 600.25 652 656 650.25 678.75 689.75 718 698 710.75 724 724.25 715.75 701.5 688.75 685.25 671.5 668.5 679 689.75 696.25 710.75 714.75 697.5 692.5 706.25 742.75 773.5 794.25 791.75 849.25 840 826.25 836.25 847.5 839.25 844.75 839.75 849.75 866 881.25 904.5 924 944 951.25 973 975.75 992.75 1002.5 996.5 988 992.5 984.75
-9999 -9999 -9999 -9999 -9999 -9999 -9999 -9999 -9999 -9999 -9999 -9999 -9999 -9999 -9999 -9999 -9999 -9999 -9999 -9999 -9999 -9999 -9999 561 573.5 584.25 617.5 668.75 658.75 651 661.25 685 706 724.25 735.5 734.5 729 724.5 713.5 698.5 691.25 677.5 664.75 685.5 708.5 702.75 682 673.75 674 705 729.75 751.5 761 769.5 796 798.5 794.75 801.75 813.25 822.5 833.75 850 869 895 910.25 917.5 942.75 959.75 966 986.75 990.75 979 988 985.75 993 993.75 986
-9999 -9999 -9999 -9999 -9999 -9999 -9999 -9999 -9999 -9999 -9999 -9999 -9999 -9999 -9999 -9999 -9999 -9999 -9999 -9999 -9999 -9999 -9999 550.5 560.25 570.25 631.5 655 695.75 690.25 665.25 687.5 703 735 769 755.5 736.5 727.25 720.5 708.5 700 687.5 662.25 680.25 674.75 677.25 678.5 665 660 676.5 691 704 712.75 735 776.5 777.75 783.25 811 844.5 841 846.5 862 889.25 914.75 903.75 914.25 926.25 950.25 967.25 986.75 992.75 992.25 1000.5 991 990.25 995.5 983.75
-9999 -9999 -9999 -9999 -9999 -9999 -9999 -9999 -9999 -9999 -9999 -9999 -9999 -9999 -9999 -9999 -9999 -9999 -9999 -9999 -9999 -9999 -9999 543.5 553.5 585.75 621.25 685.5 751.25 762.75 675.5 667.5 680.5 706.75 752.5 773 780.5 768.5 750.5 711.75 692.25 674.5 649.75 664.75 662.25 657 658.25 651.25 640.5 652.25 667.25 691.75 728.25 750 773.25 783 791.5 816 835.5 843.5 855 875 892.25 894 903.75 919.75 937.25 956.25 969.25 985.75 992 1010.25 1017 1031.75 1006.75 989.25 982.25
-9999 -9999 -9999 -9999 -9999 -9999 -9999 -9999 -9999 -9999 -9999 -9999 -9999 -9999 -9999 -9999 -9999 -9999 -9999 -9999 -9999 -9999 -9999 541.6667 549.75 594.5 632.5 643.75 647.25 633.25 641.5 646.75 653.5 679.75 715.75 720.25 773.75 788 749.5 742 713 672.75 641.75 643.75 645 639.75 641.5 643 638.5 652.5 682.5 707.25 724.5 734.75 752.25 769 779.5 803.5 822.5 837.75 862.75 881.25 893.75 903 910.75 926.5 957.25 980.5 990.25 1005 1015.75 1034.25 1044.5 1090.25 1039 1018.5 989.75
-9999 -9999 -9999 -9999 -9999 -9999 -9999 -9999 -9999 -9999 -9999 -9999 -9999 -9999 -9999 -9999 -9999 -9999 -9999 -9999 -9999 -9999 -9999 543.3333 554.25 594.5 611 598.5 597 598.5 608.75 620.25 629.25 648.75 671.25 687.75 720.5 727.25 702.25 674 652.75 646.25 634.5 633.25 634.5 631.75 636.5 638.75 643.25 657.25 685.25 700.75 711.75 725.5 740.5 759.5 777.5 799.25 821.5 842.25 861 879 898.75 915 927.25 946.25 980.25 1025.75 1026.75 1052.25 1080.75 1079 1062.25 1078.75 1048.75 1033.25 1017.5
-9999 -9999 -9999 -9999 -9999 -9999 -9999 -9999 -9999 -9999 -9999 -9999 -9999 -9999 -9999 -9999 -9999 -9999 -9999 -9999 -9999 -9999 -9999 540 575.25 585.25 580.25 584.25 584 591.5 601.25 606.5 624 620 631 647 662.25 672.5 660.5 642.75 636 632.5 628 626.5 625 625.5 630 636.5 645 656 677 702.75 720.75 730.5 740.75 760.75 781 805.25 827.75 848.25 868.5 886.5 909.5 934 953 983.75 1024 1063.5 1089 1097.5 1108.75 1103.25 1099.75 1081.25 1048 1026.25 1002
-9999 -9999 -9999 -9999 -9999 -9999 -9999 -9999 -9999 -9999 -9999 -9999 -9999 -9999 -9999 -9999 -9999 -9999 -9999 -9999 -9999 -9999 -9999 522.5 550.25 555.5 557.5 561.25 569 580.75 587.5 595.75 606.75 610.5 617.75 630.75 638.25 638.5 638 627 620.5 627 624.5 616.75 613.25 619.5 629 638.25 647 660.25 677 692 712.75 732.75 745.75 764.25 786.5 810 835.25 860.75 884 908 942.75 953.75 977.75 1039.75 1053.75 1083 1105 1151 1124 1141.25 1103.75 1076.25 1047.25 1035 1052.25
-9999 -9999 -9999 -9999 -9999 -9999 -9999 -9999 -9999 -9999 -9999 -9999 -9999 -9999 -9999 -9999 -9999 -9999 -9999 -9999 -9999 -9999 -9999 519.5 534 536.75 541.75 546.75 555.75 567.5 570.25 590 603 612.5 612 619.75 626.25 617.5 602.3333 587 -9999 -9999 574 586 599 602.25 618 635.5 648.5 662.5 678 696.5 712.5 731.5 751.25 770.5 793 818.5 846.5 878.75 906.5 944.5 982.25 996.25 1016.5 1054 1105.5 1143.5 1132 1164.5 1196 1186 1118 1077.75 1054.75 1040.25 1040.75
-9999 -9999 -9999 -9999 -9999 -9999 -9999 -9999 -9999 -9999 -9999 -9999 -9999 -9999 -9999 -9999 -9999 -9999 -9999 -9999 -9999 -9999 -9999 -9999 526 521.5 514 525 526 536 549 576 572.25 588.75 581.75 590.5 574 -9999 -9999 -9999 -9999 -9999 -9999 -9999 -9999 -9999 610 629.3333 646.75 666.25 680.75 699 715.75 736.25 754 776.75 799.5 829.25 862.5 902.25 963.5 976.25 1005.75 1018.25 1041.75 1110.75 1173 1168.75 1193.75 1216.75 1210.25 1231.5 1181.25 1126.75 1060 985.75 997.75
-9999 -9999 -9999 -9999 -9999 -9999 -9999 -9999 -9999 -9999 -9999 -9999 -9999 -9999 -9999 -9999 -9999 -9999 -9999 -9999 -9999 -9999 -9999 -9999 -9999 -9999 -9999 -9999 -9999 -9999 -9999 -9999 -9999 -9999 -9999 -9999 -9999 -9999 -9999 -9999 -9999 -9999 -9999 -9999 -9999 -9999 -9999 -9999 635.3333 664.75 685.25 703.25 724.25 742.5 763.75 793.5 811.75 848.5 884.25 917.75 958.5 987.5 1022.25 1074.75 1092 1129.5 1239.25 1332 1263 1202.5 1221.5 1318 1211 1134.5 1008.25 962 950.25
-9999 -9999 -9999 -9999 -9999 -9999 -9999 -9999 -9999 -9999 -9999 -9999 -9999 -9999 -9999 -9999 -9999 -9999 -9999 -9999 -9999 -9999 -9999 -9999 -9999 -9999 -9999 -9999 -9999 -9999 -9999 -9999 -9999 -9999 -9999 -9999 -9999 -9999 -9999 -9999 -9999 -9999 -9999 -9999 -9999 -9999 -9999 -9999 -9999 647.5 682 708.25 731.5 751.75 768.5 798.25 828 862.25 894.5 936.5 978 1007.5 1053.75 1085.5 1131 1163.25 1207.75 1320.5 1276.5 1298.75 1293.75 1372.75 1223.25 1072.5 1007 972.25 961.5
