layers/wordclim/past/Iberia_miroc_10_ascii/bio_8.asc
ncols         205
nrows         142
xllcorner     -11.010633712694
yllcorner     33.273793250999
cellsize      0.083333333333334
NODATA_value  -9999
[rows 105 to 139 of 142, columns 80 to 159 of 205]
-9999 -9999 -9999 -9999 -9999 -9999 -9999 -9999 -9999 -9999 -9999 -9999 -9999 -9999 -9999 -9999 -9999 -9999 -9999 -9999 -9999 -9999 -9999 -9999 -9999 -9999 -9999 -9999 -9999 -9999 -9999 -9999 -9999 -9999 -9999 -9999 -9999 -9999 -9999 -9999 -9999 -9999 -9999 -9999 -9999 -9999 -9999 -9999 -9999 -9999 -9999 -9999 -9999 -9999 -9999 -9999 -9999 -9999 -9999 108 109 97 92.75 82.5 86.75 86.75 89.25 90.25 85.25 81 84 79.25 84.75 82.5 82.5 84 86 80.75 60.25 70.5
-9999 -9999 -9999 -9999 -9999 -9999 -9999 -9999 -9999 -9999 -9999 -9999 -9999 -9999 -9999 -9999 -9999 -9999 -9999 -9999 -9999 -9999 -9999 -9999 -9999 -9999 -9999 -9999 -9999 -9999 -9999 -9999 -9999 -9999 -9999 -9999 -9999 -9999 -9999 -9999 -9999 -9999 -9999 -9999 -9999 -9999 -9999 -9999 -9999 -9999 -9999 -9999 -9999 -9999 -9999 -9999 118 114 106.25 101 93.25 83.5 83.75 84 91.75 89 91 90 90 89.25 88 91.5 92 92 90.5 83.5 91 93.5 92.75 90.25
-9999 -9999 -9999 -9999 -9999 -9999 -9999 -9999 -9999 -9999 -9999 -9999 -9999 -9999 -9999 -9999 -9999 -9999 -9999 -9999 -9999 -9999 -9999 -9999 -9999 -9999 -9999 -9999 -9999 -9999 -9999 -9999 -9999 -9999 -9999 -9999 -9999 -9999 -9999 -9999 -9999 -9999 -9999 -9999 -9999 -9999 -9999 -9999 -9999 -9999 -9999 -9999 -9999 -9999 122.6667 116.75 107.5 100.75 97 90.75 88.5 87.25 86.25 81.5 86.25 92.75 94.5 95 93 89.25 90.5 86.25 86.25 85.75 87.5 81.75 85.25 89.25 91.5 91.5
-9999 -9999 -9999 -9999 -9999 -9999 -9999 -9999 -9999 -9999 -9999 -9999 -9999 -9999 -9999 -9999 -9999 -9999 -9999 -9999 -9999 -9999 -9999 -9999 -9999 -9999 -9999 -9999 -9999 -9999 -9999 -9999 -9999 -9999 -9999 -9999 -9999 -9999 -9999 -9999 -9999 -9999 -9999 -9999 -9999 -9999 -9999 -9999 -9999 -9999 -9999 -9999 128 123 107.75 103.25 99.5 94.5 91.5 87.75 90.25 82.5 86.75 90 94 94.25 90.5 87 85 82.25 83.75 81.25 75.25 79.25 80.5 81.75 79.25 79.75 83 84
-9999 -9999 -9999 -9999 -9999 -9999 -9999 -9999 -9999 -9999 -9999 -9999 -9999 -9999 -9999 -9999 122 120.5 126 -9999 -9999 -9999 -9999 -9999 -9999 -9999 -9999 -9999 -9999 -9999 -9999 -9999 -9999 -9999 -9999 -9999 -9999 -9999 -9999 -9999 -9999 -9999 -9999 -9999 -9999 -9999 -9999 -9999 -9999 122 126.5 124.5 122 110.25 107 105.75 106 102.5 101.25 100.25 100.25 99 99 95.5 86 82.75 82.75 85.5 80.75 74.75 73.25 75 67 70.5 67.75 74.5 68.75 63.5 69.75 69.75
-9999 -9999 -9999 -9999 -9999 -9999 -9999 -9999 -9999 -9999 -9999 -9999 -9999 -9999 -9999 121.3333 121 128 -9999 -9999 -9999 -9999 -9999 -9999 -9999 -9999 -9999 -9999 -9999 -9999 -9999 -9999 -9999 -9999 -9999 -9999 -9999 -9999 -9999 -9999 -9999 -9999 -9999 -9999 -9999 -9999 118 109.5 119 117.75 119.5 119.75 116.75 106.5 103.25 98.75 94.75 94.75 103.75 102.25 99.5 97 92 86.25 87.75 81.25 79.25 75.5 73.5 70.5 66.5 61 67.5 60.25 59.25 56.25 48.25 49.75 56.25 34.75
-9999 -9999 -9999 -9999 -9999 -9999 -9999 -9999 -9999 -9999 -9999 -9999 -9999 -9999 -9999 126 -9999 -9999 -9999 -9999 -9999 -9999 -9999 -9999 -9999 -9999 -9999 -9999 -9999 -9999 -9999 -9999 -9999 -9999 -9999 -9999 -9999 -9999 -9999 -9999 -9999 -9999 -9999 -9999 129 124 98 105.5 114 116.25 117 115 108.5 106.75 106 97 91.25 95.75 102 100.75 96.75 89 87 87 82 84.25 78 71.75 72.75 69.5 63.5 60 62.25 65.75 58.5 38.25 46.5 48.75 49.5 45.5
-9999 -9999 -9999 -9999 -9999 -9999 -9999 -9999 -9999 -9999 -9999 -9999 -9999 -9999 -9999 -9999 -9999 -9999 -9999 -9999 -9999 -9999 -9999 -9999 -9999 -9999 -9999 -9999 -9999 -9999 -9999 -9999 -9999 -9999 130 -9999 -9999 -9999 125.5 128 121 122.5 120 123.25 123 107.5 104.75 107.25 108 107 113.5 112 113.5 112.25 107.75 100.5 100.75 101.75 100 97.75 92 86 80.75 83.25 78 82.75 71.25 65.25 60 63 68.25 64.5 56.25 63 58.75 50.75 58 59 59.75 58
-9999 -9999 -9999 -9999 -9999 -9999 -9999 -9999 -9999 -9999 -9999 -9999 -9999 -9999 -9999 -9999 -9999 -9999 -9999 -9999 128.5 -9999 -9999 -9999 -9999 -9999 -9999 -9999 -9999 -9999 -9999 -9999 -9999 -9999 -9999 -9999 -9999 130 123 113.75 102.75 101.75 94.75 101 112.5 108.5 102 104 102.75 109.75 112.5 112 111.5 109.5 103.25 96 92.5 95.25 96.75 93 83.75 76.75 76.25 76.5 72.75 77 74.25 69.25 66 61.5 61.5 60.25 57.5 55.75 55.5 55.5 60 63.5 65 64.75
-9999 -9999 -9999 -9999 -9999 -9999 -9999 -9999 -9999 -9999 -9999 -9999 -9999 -9999 -9999 -9999 -9999 -9999 -9999 -9999 -9999 -9999 129 128 -9999 -9999 -9999 -9999 -9999 -9999 -9999 -9999 -9999 -9999 -9999 -9999 131.5 122 109.25 105.5 104.75 106 110 111.5 108 103.5 101.75 96.25 101.75 108.75 111 109.5 106.75 98.25 92.5 81.25 79 87.25 91.75 90.75 84 77.25 73 71 67.25 70 77.25 72 66.25 67 62.25 63.25 57.5 57.25 58.5 59.75 61.25 61.75 63.5 65.25
-9999 -9999 -9999 -9999 -9999 -9999 117 -9999 -9999 -9999 -9999 -9999 -9999 -9999 -9999 -9999 129 126 128 129 -9999 -9999 116.5 -9999 -9999 -9999 -9999 -9999 -9999 -9999 -9999 -9999 -9999 -9999 132 131.25 127 113 107.5 108.5 112.25 111.5 110.5 108.5 105.5 100.25 94 93.25 91.75 99 97 92 96.75 88 80 73.25 74 82.75 86.25 90 86.25 79.5 73 68.25 66.25 69.5 68.25 68.25 65.5 63.25 61.5 58 56.25 56.25 58 59.75 61.5 63.25 65 67
116 117 120 -9999 -9999 -9999 -9999 -9999 114.5 -9999 -9999 -9999 -9999 -9999 127 121.3333 114.75 120 125.25 122.5 -9999 -9999 -9999 -9999 -9999 -9999 -9999 -9999 -9999 -9999 -9999 -9999 -9999 131 128.5 123.75 116.25 113.25 113.5 111 108.75 108.25 107 102.25 88.75 78.75 78.75 81.5 85.5 86.75 83.25 93.5 85 78.5 78.5 80.75 81 82.75 83.25 83.5 84.5 83.75 80.25 75.75 69.25 64.5 64 59 58 57.75 56.75 56.5 56 56.75 58.25 60.25 61.75 63.75 65.5 67.75
116 115 118 -9999 -9999 117.5 116 112 108.5 111.75 113.5 113.75 113.25 111 114.25 107 110.25 119.5 117.25 114.5 117 117 117 -9999 -9999 -9999 -9999 -9999 -9999 -9999 -9999 131.5 130 126.5 118.75 107 103.5 107.25 106.75 104.25 103.25 96.25 91 81.5 73.5 79.75 81.5 85.25 86 78.5 81.5 91.75 83.5 84 83.75 81 77.25 75.75 72.25 75.75 73.75 73 69.75 67.25 69.25 66.75 62.25 58.25 58.25 57.25 56.25 55.5 56.25 56.75 58.25 59.5 62.75 64.5 66.5 69
120.5 117.5 110 107 103.25 106.5 103 92.5 99.75 103.5 104.75 107.75 105.5 104.75 101 94.75 100.5 113.25 110 112 113.5 113.25 112 111.25 112.75 115.5 116.25 125.25 128.25 128.5 128 126.5 120.5 109 109.75 100.25 95 98.5 95 93 91.5 82.75 74.25 78.25 80 80 78.75 73.75 72.75 75.75 86.5 85.75 83.5 82.25 80.5 71 64 66.25 72.25 79 71.5 63 70.25 57.75 58.25 61.75 59 58.75 56.75 55.5 53.75 54 54.5 53.75 54.75 59.25 62.5 65.5 66.5 67.75
102.25 92.5 89.5 93.25 92.25 99.25 97.5 81 90.75 89 83 87.5 92 95.75 98.5 94.5 103.5 109 109.75 110 110.5 109.25 106 104.75 106.75 109.25 111.5 114.5 122.5 122.25 119.5 106.5 102.75 96.5 101.75 91 86.25 78.75 81.25 81.25 75.25 73.5 76.75 77.25 76.75 75.5 74.25 71.75 77 83.25 87.75 86.75 82.75 82.75 78.25 70.25 65.25 63.25 75.25 75.75 73.5 65.5 69 61.5 56.75 57 54.75 55.75 53.5 51 51.5 51.25 46.5 44.25 46.5 56.5 61.25 62.75 60 58.5
91.25 87.5 80.5 81.5 88.5 88.25 84.5 69.25 79.5 70.25 76.75 85.25 91.75 96.75 98 94.25 104.75 108.75 109.25 108.25 106.25 102.75 100.5 103.75 102.75 102 100 103 109.5 110.75 108 91.75 88.25 93.5 99.25 94.5 94.5 88.25 83.5 81 69.75 65.25 70.75 74.5 70.5 68.25 68.25 74.75 79.75 78.75 82.25 82.5 83.5 78 78 75.25 74 68 68 74 70.75 66.25 66.75 66 56.75 52.25 50.25 52.25 48.5 47.5 46.5 41.75 41 39.25 43.75 54 59.5 62 62 65.5
65.75 67 66.75 69.75 64.75 66.25 72.25 49.25 54 79 105.25 102.25 105.5 99.25 101.25 100 103.75 105 101.25 96.5 93.25 97.5 103.5 101.75 99.75 98.5 94.25 89.25 89.75 99.25 94 77.5 87.75 92.75 91.75 89.25 87.25 80.5 72 75.5 65.5 63.5 63 62.25 63.5 66.75 64 70.75 71.5 72.75 80 77.5 76.25 75.5 74.25 70 66.75 61.5 60.5 65.75 67.25 65 57.25 56.25 55.75 48.75 48.75 50.5 49.25 46.5 44.75 41.5 41.75 42.25 44 45 52 58 62 66.5
62.25 67.75 55.25 35 48 67 65 56.75 72.5 82.25 90.5 97.75 99 105.75 111.25 113 113 118.75 108.25 109 108 106.5 103 98.75 93.25 88.25 95.75 97.5 103 95.25 88 91.25 87.75 84 84.25 78 76.25 65.25 66.25 68 60 56 52 57.75 56.5 64.5 59 60.5 68.5 73.25 76.25 70.5 63.5 73 71.5 61 59.5 57.25 55.25 58.25 61.25 63 61.5 57.25 55.25 51 50.5 51.25 49.75 50.5 48.5 47 47.75 46.75 47.75 49 53.75 58.5 62.75 65.5
35.5 47.5 48.5 41.5 49.5 42 50.5 61.25 64.75 75 95.75 101.75 106 108.5 99 96.5 112.75 116.25 117.75 112.75 111.75 107.5 85.25 77.75 73 56.25 69 100.75 105.5 105.5 94.75 91.75 92.5 81.5 67 56.25 48.75 52.75 54.75 55 50.5 50.5 52.5 56 59 59.75 57.75 58.25 64.5 63.25 67 70.25 66.25 68.75 62.25 56.25 57.25 52.75 50.75 55.75 59.25 60.5 60.25 57.25 53.75 52.5 52.5 52.5 52 59.25 67.75 67.25 58.75 59.25 52.25 54.25 57 59.75 62.5 65
56.75 52 61.75 54 44.25 34.75 33.5 41.75 65.25 73.25 81.25 90.5 94.5 107 101.75 109.25 116.75 116 119.5 117.75 116.25 114.25 89.25 93.75 89.75 91.75 105 90 103.5 104.75 87.75 86.25 86 69.5 53.75 47.75 42.75 45.25 47 46 47 52.5 54.25 53.5 51.5 62 71.75 54.75 60.75 53.5 54.5 63.5 59.5 58.75 61.75 69 67.75 77.5 62.75 53.5 55.5 55.5 54.5 54 54.25 54 54.5 53.75 61.5 86 86.25 85.75 85.75 86 88 89.25 83.5 94 79 88.25
71.75 62.5 57.5 47.25 44.5 42.75 42.75 51 58.25 63.25 63.25 91 99.75 90.5 108.75 117 121.25 122.5 119 126.5 121.5 121.5 121.25 120.75 122 121.25 109.5 81.25 83.25 82.75 81 75.5 65.75 63.75 64 57.25 58.5 51.25 45.5 45 49.25 46.5 49.75 66.5 85.75 90.5 62.25 55 50.5 49.75 72 68.25 84 85.75 84.25 83 86.5 77.75 54 54.5 55.25 54.75 55 55.75 54.25 55.25 55.75 54.75 79 87.25 87.25 87.5 87.5 87.75 88 90 89 92.75 94.75 95.25
61 55.5 52.25 49.75 40.75 52.75 47 51.75 48 30 41.75 96.5 103 105.25 115.75 121.5 123.75 123.25 129 135.5 131 126.75 123.5 120.5 119.5 116.75 76.25 77 73.75 71.75 59.25 48.5 48.5 43.75 49 57 56 52 50.5 47.5 44.75 46.5 68.75 87.75 90.5 95 73 62 71.25 76 79.5 82.5 84.75 83 84.25 85.75 85.75 87.75 71.5 55.25 56 56 57.5 57.25 56 57.25 64.75 80.25 88.5 88 88.25 88 88 87 88 89.25 90 90.25 92.75 89.5
62.25 59.75 56 53.75 51.25 56.25 60.75 63.25 52.75 52.75 58 103 110 116 119.75 134.5 139.25 138 134.5 129 123.5 117.5 119 116.75 114.25 74 58.75 66.75 61.5 60.5 53.5 42.75 37.5 36.75 45.75 52 54.25 54.5 51.75 49 48 59.25 92.5 91.5 93 93 92 106.5 77.5 79.75 82 85 84.5 83.75 86.75 88.5 89 89 89.5 80.75 73.75 58 59 58.25 58 65.75 89.5 89 88.5 87.5 87.75 87 86.5 85.5 85.5 86.75 85.75 84.75 90.75 89.75
69.75 66.5 58.75 52.75 60.75 54.25 62.5 62 55.25 88.25 105.5 112.25 115 136 135.75 137.75 136.75 135.75 130 121.25 115 111.25 112 108.25 106.5 81.75 53.75 61.75 61.75 58.5 56.25 50 46.75 47.75 47.75 52.5 53.5 53 51.25 49 46 81 92.5 91.75 92 93 109 125.5 127.75 94.25 83.75 86.25 86.75 88.5 88.75 89.5 89.75 90.25 95.75 96.25 92.25 67.25 58.5 83.5 91.75 91 94.75 88 87.25 86.5 86.25 84.5 85.25 84.75 85.25 84 84.5 88 86.75 86.75
62.25 62 72.25 65.25 65 64.25 69.5 75.25 94.75 108.5 112.5 115.75 137.5 142.25 137.75 135.75 131.25 131 118.5 98.25 91.5 77.75 100 105.25 101.25 60.25 51.5 54.75 50.25 53.75 53.75 53.5 55.25 53.75 53.5 52.75 51.25 49.75 47.75 47.5 50.25 92.5 93 94 95.5 97 120.5 129.25 130 132 121.75 111.25 100.5 88.5 89.25 89.5 96 102 114.25 115.25 104.5 109.25 115 114.5 101.75 100.5 93.75 88 93.25 86.75 85.5 85 84 83 82.75 85 85.25 83.75 76.5 81
77.5 75.25 72.25 73.25 72 70.5 70 103.5 107.25 110.5 111.75 129.75 143.25 139.5 135.75 133 130.25 127 116.75 118.75 109.75 107.25 109 110 111.5 98.75 74.25 60 58.25 58.75 57.75 58.5 57.25 56 52.25 51.5 49 45.25 46 51.25 68.25 95 97 97.25 98.5 100.5 131 132 133.5 135 135.75 137 131.5 127 108.75 109 98.25 116.5 104.5 110.25 115.5 113.5 113.25 107.75 101 112.25 104.5 104.5 92.25 85.5 84 82.5 81.25 81 83.25 82.75 80.5 75 72.25 74.75
78.5 69.75 61.25 55.25 60 63.5 82.25 102 106.25 108.75 110.75 135.25 139.5 134.75 132.5 130.5 128.25 124.25 117 115.25 119 111.5 107.75 109.5 112 112.5 102.25 65.75 61.75 60.25 61 58.25 53.5 49 48.5 50 49 52.5 58 68.5 83.25 98.25 100 101.5 101.5 104.5 119.75 134.75 135.75 137.25 139.25 140.75 141 134.25 123 111 111.5 117.25 117.25 117.25 117 115.25 115 114.25 112.5 111.25 110.25 109.5 96 83.25 99 85.25 79.25 81.25 81.25 77.25 73.25 72.75 70.75 75
62 51.5 51 41.5 58 73.75 88.5 99.5 101.25 104.25 109.25 124.5 133.25 130.25 128.5 122.25 121.25 118.25 112.5 107 103.75 102.5 103.5 105.5 108.75 110.25 114.25 91.25 64.5 62.5 60 54.5 52 52.75 53 52.25 52 61.75 72 72.25 94.5 102.25 104 104.75 106 107.75 109.5 138 140.25 140.5 140.5 142.5 143 124.5 118.25 123.5 117 117.5 118 118 116.75 115.25 115 112.5 111.5 109.75 109.75 109.25 108.25 105.25 91.75 90.25 77 78.25 76.25 71.5 70 71.75 78.5 81
64 68.75 62.75 65.75 79.25 91.5 96.5 93.5 95 102.75 108.5 123 126.25 124.5 96.25 104 77 79 98.75 88.75 100.5 103.5 105.75 107.25 109.25 111.5 115 115.75 112 74 64.25 58.25 62.25 67 66 59.75 70 75 76 76 98.25 106.5 107.5 108.75 109.75 110.25 118.5 141.25 141.25 140 140.75 143.25 141.75 141.25 123.25 117 116.25 116.5 116.75 115 114.75 114.5 114.25 112.75 110.5 108.5 108.5 105.75 108 106.75 103.75 100.5 81.25 79.75 73 72.25 73 75 77.25 110.5
81.5 89.5 79.25 77.75 80 81 77.25 85.25 80.5 93.5 111 123.5 119.75 113.25 77.5 54.75 56 66 69 70 100.5 106.25 108.5 110 111.25 112.75 116 115.25 102.5 112.5 83.5 79.75 79.5 79 74 79 79 79 79.25 79.5 94.5 110.5 111 112 112.5 113.5 133.5 136.25 140.75 140.5 142 142.25 142.25 142 134.75 115.25 115.5 116 115.25 115.25 115 114.75 113 111 109.75 107.25 104.25 106.75 107.5 106.25 103.5 99.5 98.25 80.25 73.75 72.25 74.75 82.25 81 94.5
91.5 89.25 74.5 78.5 89.5 80 103 95.25 98.75 112.75 124.5 113 97.5 84.25 65.5 66.25 69.5 97.25 99.75 102.75 106 109.5 111 112.25 112.5 113.5 117 115.75 114 113.75 92 79.25 83.75 83 82 82.75 82 82 82.5 82.75 98 98.75 114.5 114.25 115 115.25 141 142.25 141.5 143 143.5 143.25 142.75 141.25 139.5 113 112.25 114.25 114.5 114.5 113.75 112 112 110 107.75 102 102.5 105.25 104.5 103.75 100.75 100 82.25 77.75 82 79.25 78 79.25 104.5 140.75
96.5 64 31.75 40.75 49.75 91.75 95.75 83.25 111.5 127.75 124.25 114 105.5 98.75 86.75 96 98 102.5 105.5 108 110 112 113.25 114.25 114.25 115.25 118 115.75 107.25 92.5 101.5 86.75 88.5 90 88 87 85.25 86.25 87 86.75 93.25 108.75 109.25 116.5 116.75 123.25 142.25 143 142.75 144.25 144 143.75 143 142 128.5 114.25 111.5 110.75 111.5 111 110.5 108.75 109 109.25 103.5 97.25 95.5 104.25 100.5 98.5 103.75 107.25 83.25 85 86.25 81.5 74.25 124.25 144.25 146.75
67.75 71.75 19.25 26.25 72 76 40.25 99.5 125 125.75 121.75 115.25 108 101.5 98.75 100.25 100.75 105 107.75 110 112.25 113.5 115 115.25 117.25 118.5 117.5 117.5 109.25 101.75 87.25 88.25 87.75 87.5 88.75 89.5 86.75 89.25 89.75 90.75 90.5 96.5 103.75 119.5 125.5 131.25 142.75 143.25 139.5 145 145 144 142.75 142 140 116 114.5 111.75 109.75 110.25 107.5 108.75 108.75 105.5 102.75 96.5 102.75 104.25 103 98.5 98.5 107.75 85.75 88 113.75 112 141.5 146.75 147.5 148.25
65.5 63 27 41 50.25 9.75 60.25 108.75 124.25 121.75 115.5 111 106.75 103.5 101 101.75 96.75 107.75 110 103.5 114 115.25 108 117.25 118.75 110.25 101.75 102 102.75 103.25 95.5 87 87.5 87.75 87.5 87 88.25 88.5 88.75 88.5 99.25 105.25 105.5 121.5 132.75 138.5 144 142 136.5 145.5 145.25 143 141.75 140.25 140 139.5 127.5 114.25 113.25 112.75 111.25 108.75 106 104 101.5 103 108.25 109.5 105.25 100.25 107.5 111.75 89.75 87.5 144.25 148.5 148.75 150 150.5 152
74.75 44.75 11.75 26 23.5 50 95.25 116 123.25 119.25 114.5 110.75 107 102.5 101 79.25 82 74.75 86 88 98.25 83.5 101.25 110 103.25 102.25 85.75 86.75 95.5 87 87 87 87.5 88 88.25 88.5 89 89 89.5 90 98.25 98.75 107 127 120.5 144.5 145.5 141.25 144.25 146 144.75 142.5 140.75 140.5 139.75 138.25 131.75 121 114.25 113.25 110 106 108.75 109 105 107.75 111 114.5 111.5 114.5 115 110.5 105.5 130 148.5 151.5 153 154 152.5 154
