layers/wordclim/past/Iberia_miroc_10_ascii/bio_4.asc
ncols         205
nrows         142
xllcorner     -11.010633712694
yllcorner     33.273793250999
cellsize      0.083333333333334
NODATA_value  -9999
[rows 33 to 65 of 142, columns 73 to 145 of 205]
5586.5 5553.25 5507.5 5484.25 5465.75 5471.5 5472.75 5460.5 5464.25 5493.5 5531 5570 5594.5 5615 5653 5644 5637.5 5628.75 5629.25 5618.25 5631 5633.75 5627.75 5636 5648.75 5681.75 5699.75 5684.25 5757.75 5765 5814 5853.25 5869.75 5882 5874 5869.25 5879.75 5879.75 5883 5905.75 5901.5 5895 5880 5852.75 5795.75 5762.25 5700.75 5656.5 5613 5601 5553.75 5498 5476.5 5471 5458.25 5462.25 5463.5 5483.5 5488 5550 5644.25 5711 5697.5 5681 5628.25 5717.75 5613.5 5702.5 5656.25 5630.25 5709 5746.5 5599.75
5631.5 5594.75 5589.75 5557.75 5539 5526.5 5535.25 5543.75 5561.5 5582.75 5619.75 5621.75 5651.5 5697.5 5716.25 5727.25 5713.25 5695.75 5681.25 5688.5 5646.25 5653 5690.5 5666.75 5697.5 5747.25 5726 5763.5 5760.5 5806.75 5775.75 5830.75 5834.75 5926.75 5953.5 5936.5 5925.5 5929.75 5936.5 5969.25 5959 5944.25 5934.5 5908.75 5885.75 5841 5794.75 5722 5682.75 5664.75 5622.25 5576.5 5520 5486.75 5476.75 5490.25 5494.25 5519.75 5547.25 5591.25 5670.5 5790 5725.25 5870 5811.25 5808.75 5747.25 5871 5775.25 5738.5 5921.25 5747.5 5538.75
5691.75 5649.75 5628 5634 5596.75 5598.25 5610.5 5623.25 5651.5 5646.75 5656.25 5693 5722.25 5763.5 5770.5 5770.75 5765.25 5761.25 5760 5731.5 5744.25 5737 5728.75 5759.75 5774 5770.5 5776.5 5810.5 5810.25 5815 5803 5890.5 5901.75 5924 5968.25 5976.5 6010.75 5989.25 5998.5 5996 5998.25 5982.5 5975.75 5951.75 5942.5 5911.5 5874.75 5814.75 5758 5733.75 5704 5654 5607.25 5538.5 5493.75 5483.75 5525.75 5603.25 5629.25 5700 5749.25 5856.5 5898.75 5941.75 5856.75 5851.25 5885.5 5969.75 5855 6026.75 5985 5852 5680.75
5743.25 5714 5689 5676.75 5661 5680 5689.5 5675.75 5685.75 5713.25 5734.5 5754.25 5783.25 5803.5 5824.25 5830 5830.25 5841.25 5840.5 5833.5 5824 5789.75 5781.25 5788.5 5791.5 5775.25 5829.25 5856.75 5799 5837 5885 5863.5 5900 5978.5 6018.75 6040.75 6044.75 6056.25 6040.75 6027 6027.75 6009.75 6011.25 5984.5 5994.25 5965 5945.75 5908 5870.75 5835 5765.25 5723 5642.5 5631.75 5599.25 5539.5 5599.5 5680 5734.25 5825.25 5915.5 5983.25 5868 5904 5917 6004.25 5903.5 5915 5820.75 6054 5960.75 5924.25 5775.5
5809.75 5785.5 5758.5 5738.25 5711.5 5726.5 5737.75 5738.5 5770 5777.75 5807.25 5829.25 5844 5856.5 5868.25 5882.25 5891.25 5898 5889 5902.5 5902 5890.75 5861 5833.25 5800.25 5824.5 5807.75 5801.25 5853.25 5880.25 5885.5 5906.75 5930.25 5955 6026.5 6066.5 6085.5 6076.75 6080 6066.25 6050.5 6075.25 6068.5 6047.75 6038.25 6026.25 5975 5891.5 5891.5 5908.75 5852 5784.75 5757.75 5725.5 5701.25 5668 5702.5 5761.75 5818.25 5906.5 5996 6072.25 6038.25 6034.25 5970.75 6050.25 6110 5970.75 5986.25 6024.75 5795.25 5916 5935.25
5888.5 5866.5 5854.25 5832.5 5797.75 5806 5815.75 5826.25 5824 5847.25 5864.5 5893.5 5900.75 5919.5 5922.5 5936 5933.5 5935.75 5932.75 5950 5945 5947.25 5936 5941.75 5944.75 5954.5 5945.75 5970.25 5961 5984 5983.75 5950.5 5959.75 6031.25 6039.75 6045.5 6075.75 6095 6103.5 6111.75 6099 6102.75 6105.75 6104.75 6098.75 6063 5997 5957.5 5981.5 5981.5 5922 5835.5 5782.5 5795.25 5799 5798.75 5796 5860 5865 5982 6073.25 6146.5 6175.5 6178.5 6181.25 6205.5 6178 6101 6129 6136.25 6073.5 6087.75 6020.75
5934.5 5935.25 5920.25 5888.5 5888.25 5873.5 5855.5 5881.75 5902 5915.25 5921 5951 5941.75 5969.25 5980.75 5991.75 5994.5 6004.75 6003 6008.5 5991.25 6013.75 5999 5997 6014.5 6012.75 6021.5 6037 6048 6050.5 6053.75 6027 6010.75 6010.75 6057 6044.25 6013.25 6067.5 6098 6106.75 6135.25 6129.75 6137.75 6139.75 6145.5 6116.75 6108.75 6073 6090.25 6059.75 5989.5 5922.25 5793.75 5836.5 5836.25 5876.25 5906 5927 5953.25 6047 6149.25 6193 6288.75 6355.75 6423.25 6438.25 6406.5 6364 6342.5 6308.25 6181 6093.5 6008.5
6002.5 6005.25 5985.25 5945.75 5954.5 5937.75 5948 5948.75 5948.75 5951 5978.25 6004.5 6010.75 6027 6025.25 6050.5 6047 6073.25 6062 6046.75 6066.25 6063.25 6057.75 6061.5 6063 6056.5 6067.5 6061 6080.5 6079 6073 6081.25 6081 6077.25 6052.5 6037 5958.75 5929.25 6060.75 6111 6138.75 6153.75 6158.5 6166.5 6182 6195.75 6203.5 6197.75 6171.75 6138.75 6039.75 5951 5860.75 5851 5874.5 5908 5958 5991.5 6038.5 6115.75 6181 6240.75 6336.25 6433.25 6497 6491.25 6593.75 6545.5 6447.5 6328 6199 6100.75 5998
6069.25 6070 6066.5 6016.5 6019 6008.5 6004.25 5997.75 6020.5 6020.75 6035.75 6047.75 6060.25 6068.5 6066 6072.25 6096.5 6101.25 6102.25 6115.75 6125.25 6120 6115.5 6115.25 6116 6119.5 6107 6120.75 6120.75 6129.25 6133.75 6139 6119.5 6111 6099.5 6072.75 6049 6046.5 6062 6102.75 6107.75 6157.25 6179 6183.25 6189.75 6197.5 6267.25 6291.25 6243 6178.75 6120 6042.75 5989.75 5934.25 5874.75 5893.25 5952.25 5998.5 6033.25 6122.25 6200.5 6255 6358.5 6446.25 6523.5 6598.75 6694 6619.5 6451.75 6301.75 6172 6059.25 5946.25
6087 6116.75 6091.5 6092.25 6051.5 6050.25 6070.75 6062.75 6055.75 6061.5 6092 6101.25 6108.5 6109.75 6126.5 6133 6132.5 6136.75 6156 6157.75 6156.75 6172 6168.75 6161.25 6168.5 6173.75 6168 6167.25 6153.75 6171.75 6171.75 6170 6149 6143.5 6130.25 6123.25 6106.75 6126.75 6135.5 6147.25 6143.5 6145.5 6196.25 6208.25 6189.5 6154 6220 6261.75 6225.75 6205.5 6143.5 6106.75 6056 6016.5 5979 5971 5978 6023.5 6050.25 6101.25 6171.75 6246 6329 6426 6510.75 6589.5 6644.25 6565 6426.25 6252.5 6113.75 6004.5 5893.75
6127.5 6121.5 6130.75 6116 6094.5 6103.5 6106.5 6106.5 6116.25 6124.75 6134.5 6143 6139.75 6151 6145.25 6134.25 6170.75 6161.75 6195.75 6198.75 6205.5 6202.25 6210.75 6214.5 6209.5 6221.5 6210.25 6205.25 6200.5 6195.5 6186 6180.25 6189 6176.25 6158.75 6159 6158.25 6158.5 6099.75 6152.75 6188.25 6189 6213.5 6206.25 6201.75 6187.5 6207.5 6141 6143.75 6167.5 6133.75 6116.5 6072 6051.25 6033.5 6012 6022.5 6045 6068 6116.25 6169 6215.75 6273.25 6329.5 6406 6473.5 6488.5 6397.75 6263.75 6136.25 6018.5 5906.5 5808.75
6128.5 6146 6146 6143 6161 6138 6157.75 6165.5 6179.5 6184 6182.5 6197.5 6171.75 6150.75 6165 6200.75 6208.75 6214.75 6230.5 6225 6200.25 6211.25 6208.25 6212 6248 6225.75 6225 6226.5 6228 6226 6219.25 6215.5 6237.5 6220.25 6203 6196.25 6189 6197.75 6173.25 6167.75 6154 6158 6159.5 6195.75 6180.75 6174.75 6144.25 6096.75 6098 6134 6125.5 6113.5 6074 6067.25 6040.75 6012.75 6031 6024.5 6052.5 6085.75 6128.75 6174.25 6212.25 6259.5 6325.75 6328.75 6284.75 6188.25 6084 5991.5 5899.25 5829.5 5739
6151.25 6176.25 6171.5 6176 6172.5 6186 6192.25 6211.25 6215.5 6231.75 6244.5 6253.75 6250 6237.75 6241.75 6246.25 6237.5 6229.25 6232.25 6219.75 6204 6216.75 6213 6233.75 6247.5 6254 6256.25 6240 6250.75 6252.75 6249.25 6253 6258.25 6248.75 6241 6234.25 6224.5 6200 6206 6199.75 6171.5 6100 6091.25 6111.75 6143.75 6107.25 6114.25 6078.5 6103.75 6132 6119 6088 6066.75 6052.25 6021.75 6020.25 6017 6022.75 6027.5 6046.25 6066.75 6102.25 6139.75 6165.25 6158.25 6167.25 6127 6038.25 5939.5 5845 5780 5731.5 5681.75
6162.75 6173.75 6176.5 6182.75 6201.25 6227.5 6238 6243.25 6266.5 6273.75 6281 6279.75 6283.25 6272 6281 6264.5 6241.25 6161.5 6110.25 6163 6193.75 6188.5 6218.25 6265.5 6278 6270.25 6294 6269.75 6270.75 6267.25 6263 6275.25 6299 6267 6246.5 6245.5 6227 6215.5 6189.25 6182 6154.25 6105 6082.5 6058 6059.25 6075.5 6059.75 6076.5 6091.75 6094 6074.25 6091.75 6042.5 6022.5 6009.75 5997.25 5982.5 5981.5 5974.5 5992.75 6021.75 6029.75 6042 6053 6061.5 5996.5 6009.75 5953.25 5850.5 5789 5732.5 5684.5 5553.5
6165 6173.25 6184 6197.5 6214 6238.25 6266 6290.25 6311.5 6313.25 6321.75 6318.5 6312.75 6292.75 6277 6226.75 6119.5 6057 6162.25 6155.75 6225.5 6208.25 6239.25 6304.5 6300.25 6321 6325 6296.25 6296 6276.25 6271 6279 6278.5 6244.25 6246.25 6227.25 6214.25 6199 6164 6147.25 6141.5 6125.75 6078.75 6056.5 6039.75 6032.75 6046.25 6055 6054.5 6052.75 6041.75 6049.5 6029.25 6004 5983.5 5974.5 5969.75 5944.5 5947 5937.5 5954 5951.75 5957.5 5954 5940.5 5893.5 5844.75 5795.25 5745 5723 5606.75 5439.25 5294
6158.75 6158.25 6203.75 6187.25 6236 6254.75 6260.75 6319.75 6332 6359 6351.5 6320.75 6278 6241.25 6137.25 6212.25 6223.5 6211 6273.25 6275.5 6312 6303.75 6370.75 6354.25 6366 6360 6345 6332.25 6319.25 6303.75 6293.25 6287.75 6262.5 6236.5 6251.25 6217.25 6204.5 6183 6172 6141.5 6113.75 6100.75 6073 6056.25 6027.75 6016 6025.75 6031.5 6032.75 6026.75 6010 6010.5 5993.5 5982.25 5959.75 5944.5 5936.25 5912.75 5904.5 5905.5 5896.25 5881.75 5881.75 5859.25 5843.25 5790 5694.25 5655.75 5668.25 5620 5385 5245.75 5133.75
6163.5 6179.75 6198.5 6206.5 6234.25 6247.75 6279.75 6336.75 6377.5 6394.75 6348.25 6214.25 5955.5 6057.25 6255.25 6371 6347.25 6262.5 6287.25 6387.5 6369.75 6369 6410 6422.75 6390.75 6403.25 6379 6354 6351 6324.75 6325.75 6308 6273.25 6262.25 6261.75 6228 6221 6209.75 6189.25 6153 6116.5 6097 6068 6045 6052 6031.75 6027.5 6014.25 6026 6020.25 6019.25 6000.5 5982.75 5959.25 5935.25 5918.75 5892.75 5881.25 5861 5859.5 5833.5 5832.5 5804.75 5774.25 5713.75 5652.25 5587 5614.25 5596.25 5444.25 5249 5146.5 5079.25
6160.5 6172.5 6205 6216.5 6219.25 6229.5 6291.5 6340.75 6388.5 6397 6311.75 6013.5 6223 6270.75 6274.5 6378.5 6434.5 6442.5 6434.5 6453 6440.75 6471.25 6460.25 6452.75 6421.75 6403.25 6387.5 6375.25 6363 6357.5 6341 6340.5 6312.5 6293.75 6264 6256.5 6241 6230 6200.5 6185.5 6144 6102.25 6078.25 6042 6043.25 6042.5 6047 6035.75 6025.5 6010.25 6018 5999.25 5973 5941.25 5920.5 5896.75 5865.75 5846.5 5840 5819.75 5789.5 5771.75 5757.75 5739.5 5591.75 5576 5588.5 5465.5 5369 5260 5169 5097.25 5040
6162 6183.25 6189.5 6204.75 6189 6214.75 6263.5 6318.5 6302.75 6153.25 6105.25 5913.75 6060.5 6184 6361.25 6439.75 6484.75 6482.5 6473.25 6476.25 6488 6503.5 6499.5 6463.75 6447.25 6433.25 6431.25 6428.75 6386.5 6373.75 6363.75 6362.75 6334.75 6325.25 6302.5 6292.75 6272.25 6255 6222.75 6197.75 6165.75 6125.75 6091.75 6071 6083.75 6079.5 6067 6058 6034.75 6017 6002 6002.25 5966.75 5935 5914.25 5879.5 5844.75 5819 5822 5782 5749 5738.75 5737.25 5657.5 5488 5458.5 5475.75 5346.25 5258 5186.25 5134 5078.5 5023
6140.5 6145.25 6167.25 6157 6149.25 6149 6177 6207.75 6224.5 6121.75 6165 6160.75 6314 6447.75 6463 6503.5 6546.5 6532.5 6539.25 6515.25 6547.5 6557 6506.25 6475 6462.5 6449.75 6473.5 6459.25 6446 6409.5 6394.75 6377.75 6345.5 6338.5 6320 6319 6259.75 6246.25 6239.75 6219.25 6197 6157.25 6136 6118.75 6118.5 6098 6089 6076.5 6047.5 6017.75 6006 5986 5966 5929.25 5900.75 5859.5 5844 5813.25 5791 5764.25 5772.75 5740.75 5720.25 5563 5404 5341.75 5313 5259 5207 5159.25 5103.75 5050 5014.5
6121.75 6130.5 6157.5 6130 6126.5 6131.25 6128.75 6100.25 6095.25 6299.25 6433.25 6421.5 6457 6501.75 6531 6580 6586 6554.5 6557.25 6561 6581.25 6560.25 6518 6515.25 6479.5 6479.75 6479.25 6484 6465 6438.5 6410.75 6383.5 6354 6324 6321.25 6312 6299.5 6276.25 6237 6249.25 6215.5 6202.5 6170.25 6170 6136 6150.75 6126.5 6087.5 6074.5 6054.5 6023.5 5997 5959 5927 5904 5862.5 5825.5 5797.75 5786.5 5784.75 5742 5663.25 5583 5454.75 5385.25 5330 5240.25 5208.5 5163.25 5122.5 5081.75 5035.75 4986.5
6188.25 6172.25 6163.5 6142.25 6158.75 6161.75 6209.5 6251.25 6219.25 6407 6494.75 6514.5 6536 6579.75 6586.75 6603.25 6650 6594 6599 6588 6599.5 6549.25 6555.25 6540.75 6514.25 6505 6502.25 6490 6453.5 6440.5 6432 6420.25 6392 6360.75 6342 6321.25 6301.75 6277.25 6271.25 6239.75 6250.75 6226.5 6217.75 6209.75 6185.75 6178.75 6157.25 6120.75 6095.25 6059 6038.75 5996.75 5984.75 5972.5 5913 5881.5 5823.5 5805.25 5769.25 5729.5 5670 5556 5444 5375.75 5321.5 5289.25 5198.5 5186.75 5127 5095 5054.5 5015.5 4980.25
6143.5 6152.5 6167.5 6228.25 6285.5 6308 6398.75 6405.75 6428 6497.25 6539.25 6583.5 6588.75 6612.5 6598.25 6648.5 6696.5 6628.75 6616.5 6609.75 6565 6579.75 6592.25 6550.5 6549 6548.25 6535.25 6497.5 6497 6481.75 6473.5 6434 6431 6390.75 6368.75 6336.5 6327.25 6310.25 6270 6273.5 6266.5 6255.75 6239.5 6253 6229.5 6202.5 6199.75 6140.5 6104.5 6072.75 6041 6017 5984.75 5960.75 5928.25 5876.75 5825 5797.75 5754.5 5662.5 5575.25 5478.25 5396.5 5303.75 5241.75 5200.75 5162 5130.5 5103.25 5055.75 5029.5 5002.25 4980
6247.75 6314.5 6334.25 6337.5 6373 6476.5 6512.25 6526 6564.25 6604.5 6619.5 6629.5 6599.5 6622.25 6638.25 6662.75 6753.25 6690.5 6635.5 6609.75 6597 6600.5 6582.5 6586.25 6574.5 6566.5 6556.75 6532.75 6522 6495.25 6478.5 6465.75 6435.75 6418 6392.5 6372 6341.25 6324 6308.75 6289.5 6288.75 6271 6269.5 6294.5 6268.5 6253.75 6218.75 6153 6114.5 6085 6060 6034.5 6001 5978.75 5941 5874 5803.25 5751.75 5687.25 5572.75 5468.25 5429.5 5351.5 5245.5 5200.25 5155.5 5124.75 5100.75 5075 5042 5021.25 4998 4972
6217.75 6275.5 6331.75 6325.25 6362.75 6495.5 6529 6596.25 6634.25 6653.25 6657 6670.5 6654.75 6649.25 6687.75 6725.5 6747.5 6721 6655.5 6638 6639.5 6616.75 6613 6620 6590.5 6586.75 6556.5 6544.75 6513 6516.25 6488 6483.25 6468.75 6439.25 6407.25 6382.25 6366 6350 6316 6325.75 6307 6302.75 6284.5 6272.5 6285.75 6310.5 6233.75 6166.25 6147 6101.75 6056 6037.75 5996.25 5978.5 5906.75 5841.25 5744 5704.5 5588.75 5554.25 5377 5359 5311.75 5222 5144 5126.5 5097.5 5073 5053.25 5024.25 5006.5 4985.5 4970.25
6444.5 6517.25 6533.25 6524.25 6523.75 6560 6617.5 6668 6677.75 6679.25 6698 6710.25 6705.25 6691.25 6718.25 6737.5 6747.25 6716.25 6678.75 6681.75 6643.25 6632.75 6634.75 6626.75 6599.75 6578.25 6574 6553.75 6533.5 6515.25 6504 6499.25 6471.5 6464.75 6426.25 6400.25 6387.75 6369.5 6346.5 6320.5 6335.5 6295.25 6300 6287.5 6298.75 6290 6220.25 6190 6141.75 6091.5 6061 6025.25 5988 5935.25 5916.75 5831.5 5654.5 5496.25 5514.75 5418 5323.25 5244.75 5218.75 5143 5111.75 5110 5083.25 5063.75 5022.75 5014.25 4999.5 4992.75 4968.75
6537.5 6517 6511.75 6565.25 6598.25 6659 6682 6702.75 6705.5 6733.5 6756 6758 6747.25 6747.25 6747.75 6763.25 6757.5 6739.25 6700 6693.75 6688.5 6668 6657.75 6641.75 6611.25 6590.5 6585.25 6570.5 6545 6543 6512 6509.75 6493 6474.25 6434.75 6413.25 6405.75 6380.5 6373 6353 6346.5 6316.5 6314.75 6307 6284.25 6255 6210 6185.5 6132.75 6061 6009 5960.75 5916.5 5885.25 5793.5 5704.25 5569.5 5382 5351 5340 5260.75 5175.75 5140 5117 5104.25 5080.25 5065.25 5037.25 5041 4998.25 5000.25 4984.75 4962.25
6560 6586.5 6602.75 6623 6662.75 6681.25 6720.75 6732.5 6768.25 6792.5 6802.5 6784.25 6804.25 6777.5 6775 6788.75 6757.5 6765 6723.75 6725 6715.5 6687.75 6670 6645 6620.5 6613.5 6591.25 6569.5 6561.5 6539.75 6522.75 6514.25 6489.75 6483.25 6466.5 6453.5 6416.5 6410 6384.25 6371 6356 6334.5 6321.5 6275.75 6278 6239 6201.5 6181 6127 6065.25 5985.5 5913.25 5798.5 5712.25 5631.5 5560.25 5390 5338 5351 5277.5 5193 5135 5123.75 5107 5082.75 5061 5037.25 5029 5020.25 4986.5 4985.5 4975.75 4956.5
6616 6634.75 6645.25 6687.25 6715.25 6728.5 6758 6773.75 6795.75 6821.25 6858 6847.5 6849.5 6831.5 6814 6794 6774 6765.75 6726 6722 6713.5 6682.75 6660.5 6657.75 6622.75 6620.75 6603 6589.75 6576.75 6551.25 6540.5 6521.5 6504.75 6469 6460.5 6453.75 6429.25 6408 6398.5 6368.75 6352.5 6340.5 6312.25 6269 6245.75 6214.5 6204 6183 6144 6081.25 5988.5 5937.25 5813.5 5752.75 5558.25 5347.5 5224.25 5168.25 5162.75 5148.5 5110 5077.75 5073.5 5067.5 5065 5038.75 5031.75 5023.25 5014 4998.25 4994.75 4958.5 -9999
6645.25 6656.75 6681.25 6707.25 6725.25 6758 6780.75 6819.75 6854.5 6885.25 6906 6886.5 6864.25 6854 6815.5 6799.5 6798.5 6752.25 6746.75 6736.5 6709.75 6695.5 6677.25 6672 6649.5 6621.25 6614 6595.5 6573.75 6565.25 6545.5 6526.25 6506 6503.75 6477.5 6469 6435.5 6413.75 6380.5 6380.5 6348.75 6331 6289.25 6260.75 6207 6196.25 6175.5 6136.75 6135.75 6081.5 5947.25 5786.25 5618.5 5612.75 5609.5 5384.75 5166.75 5071.25 5075 5097.75 5079.5 5057.75 5056 5049.5 5027.75 5034.25 5025.25 5034 4995.25 4974.75 4950 -9999 -9999
6678.5 6684.25 6721.25 6727.75 6752.75 6787.5 6809 6836.25 6855.75 6874.75 6901.5 6889.75 6878.75 6880.5 6832.5 6812.5 6806 6780.25 6769.75 6744 6725.75 6713.75 6700.25 6667 6655.5 6639.5 6621.75 6609.5 6582.5 6574.25 6543.5 6527.25 6511 6492.75 6471.5 6446 6432 6405.75 6372.25 6361.5 6338 6302.5 6272.75 6254.5 6208.75 6109 6090 6068.75 6064 5991.25 5922.25 5810.5 5602.25 5420.25 5407 5364.25 5150.75 5034.25 5035 5037.75 5039 5029.5 5032 5027.25 5020.5 5018 5026.5 5035 4977 4967 -9999 -9999 -9999
6703.25 6721.5 6739.5 6758.5 6785.5 6808 6830 6839.75 6849.5 6873 6862.5 6864 6871.25 6849 6849.5 6824 6805.5 6790.5 6778 6754.25 6731.75 6710.25 6695.5 6689 6666.75 6655.5 6616 6616.25 6583 6574 6557.25 6523 6508 6495.5 6476 6449 6419.75 6388.25 6369.75 6326 6300 6271.25 6277 6222 6157.25 6030 5963.5 5903.5 5896.25 5765.25 5690 5596.5 5599.5 5507.5 5222.25 5151.25 5040 5030.75 4996.5 4998.25 5014 5010.5 5011.5 5004.75 5004.25 5015.25 5013.5 5011.75 4978.5 -9999 -9999 -9999 -9999
6705.75 6745.25 6756.5 6761.75 6779.25 6814.75 6837 6840 6840.5 6869 6866.25 6864.75 6864 6847.5 6826.75 6839.5 6821.5 6791 6772 6783.25 6739.75 6729.75 6705.5 6681 6661 6651.25 6637.25 6598 6583.75 6560.25 6545 6517.5 6505 6482 6464.75 6445 6416.25 6386.75 6363.5 6306.25 6280.25 6267.75 6239.75 6181.5 6162.75 6122.75 6026.5 5873 5685 5609 5460.5 5352 5309 5320 5272.5 5073.5 5020.25 5003.75 5001.5 4998 4984 4991.75 4995.75 4998.25 5002.5 5024.5 4979 4972 -9999 -9999 -9999 -9999 -9999
