layers/wordclim/past/Iberia_miroc_10_ascii/bio_18.asc
ncols         205
nrows         142
xllcorner     -11.010633712694
yllcorner     33.273793250999
cellsize      0.083333333333334
NODATA_value  -9999
[rows 72 to 107 of 142, columns 82 to 163 of 205]
58 56.5 55.25 54.5 55.25 56.25 57 58 59 62 63 64 67.5 70 73.75 78.75 82.75 85.75 87.25 89 94.25 93.5 91.5 89 89 90.25 89 90.5 92.5 93.25 96.5 101 106 114 123.75 119.5 112.5 106.5 124.5 118 108.25 105 101.75 101.25 104.75 114.5 114.5 112.5 113.25 115.25 115.75 112.5 108.3333 105 -9999 -9999 -9999 -9999 -9999 -9999 -9999 -9999 -9999 -9999 -9999 92.33334 96.5 98.5 98.75 92.75 89.75 86 -9999 -9999 -9999 -9999 -9999 -9999 -9999 -9999 -9999 -9999
55.75 52.5 53 53 53 55.25 57 57 58.5 60.25 63 67.5 69.75 74.25 77.75 82.25 87 90.25 95 95.75 101 100.5 94.5 88.5 86.25 85.75 89 88.75 88.25 96.5 105.5 105.75 116 119 118.75 115.25 115.25 113.5 127.25 120.5 112.75 105.5 102.75 102.25 106.5 116.75 123.25 112.5 113 115.5 117 116.5 114.25 108.75 106 -9999 -9999 -9999 -9999 -9999 -9999 -9999 -9999 89 92 96.25 97.25 95.25 92 90 87.25 83.5 -9999 -9999 -9999 -9999 -9999 -9999 -9999 -9999 -9999 -9999
51.75 51.5 52 53 53 53.5 56.75 57.75 58.75 60 62.5 67.5 72.25 76 81 82 85 88.25 93.5 98 101.5 101.25 95.75 90.5 88 86.75 86.5 89.5 90.75 98 105 104 109.25 110.25 111 112.75 108.25 115 126 119.5 112.5 106 105 104.5 105 112.25 117.5 112.5 114.25 116 118.5 118.75 116.75 113 108.25 102 -9999 -9999 -9999 -9999 -9999 -9999 88 88.75 93.75 97.5 94.5 89.5 87.25 84 80.66666 -9999 -9999 -9999 -9999 -9999 -9999 -9999 -9999 -9999 -9999 -9999
53 53.25 54.5 53.75 54.75 57.5 58 62.25 60.25 59.25 64.25 69 70.25 72.75 78.75 82 85.25 87.5 91.25 95 98 98.25 94.5 92.75 90.5 90.5 87 93.25 91.5 92 97.5 101.25 103.75 106 105.75 108.25 111 109.75 112 107.75 107.5 113.75 108 109.25 114 116.75 123.75 124.5 119.75 117.5 119 121.5 118.25 113 108 102.3333 -9999 -9999 -9999 -9999 -9999 -9999 -9999 86 91 88 86.75 85 84.25 81 77.5 -9999 -9999 -9999 -9999 -9999 -9999 -9999 -9999 -9999 -9999 -9999
51 52.5 57.25 55.5 51 53.5 56.25 57.5 58.25 60 64 66.5 69 72 77.5 81 86 87.75 91.25 94.75 97.75 99 103 105.75 106.75 103.5 97.75 93.25 92 93.75 98 99.75 102 103.5 102 106.75 111 112.75 104.25 107.75 116.5 116.25 122 130.5 122.5 118.5 132 133.75 127.75 120.5 121.25 119 117.25 111 105.5 -9999 -9999 -9999 -9999 -9999 -9999 -9999 -9999 83.25 84.5 83.5 83.75 84 83 77.5 -9999 -9999 75 -9999 -9999 -9999 -9999 -9999 -9999 -9999 -9999 -9999
52.5 53.75 58 57.5 55.5 53.5 58 57.75 57.75 59.5 64 68 68.75 71 74 81.25 85 83.25 79 83.75 99.75 112.5 116.25 119 113.5 102.5 95 89.75 89.25 89 91 91.75 93.75 100.25 100.5 97.75 98.75 102 96.75 101.5 105.75 123 127.5 131.5 128.25 129 142 131.5 118 119.75 113.75 110.75 104.3333 -9999 103 99 94 -9999 -9999 -9999 -9999 -9999 -9999 82 83.5 83 84 83.25 85.75 77.75 -9999 -9999 -9999 -9999 -9999 -9999 -9999 -9999 -9999 -9999 -9999 -9999
51.5 53.75 53.5 48.5 51.5 52 56.5 58 60.75 61.25 63.75 68 68.5 68 71.5 76.5 72.25 77 77 98.5 116.25 119.75 106.5 99.75 96.5 91.75 87.25 85.5 81.75 80.75 79.5 82 86.75 92 100 101 95 94.75 98.5 96.5 108 119.75 110.5 125.5 122.75 124.25 111.5 114.75 106.5 103.25 99.33334 100 98.5 100.25 98.25 95.5 91 -9999 -9999 -9999 -9999 -9999 -9999 79.33334 83 82.5 81 79.5 77 74 -9999 -9999 -9999 -9999 -9999 -9999 -9999 -9999 -9999 -9999 -9999 -9999
51.75 48.5 46 52.5 55 60.25 61 58.5 59.5 60.5 63.25 62.5 63 66.5 71.75 66.75 66.5 70.25 86.75 104.75 104.75 106.5 99.5 92.25 89 81.75 77 75.5 72.75 72.75 73.25 78.5 84.5 86 87.75 90.25 93.75 101.5 103.75 95.25 95.5 113.25 110.75 101.25 95.5 102 94 92.25 93.25 96.75 91.25 95 97 95.5 94 91.5 86 -9999 -9999 -9999 -9999 -9999 -9999 -9999 76 79 74.5 74.5 -9999 -9999 -9999 -9999 -9999 -9999 -9999 -9999 -9999 -9999 -9999 -9999 -9999 -9999
55.75 51.75 44.25 53.5 57.25 60.75 66.5 59.75 60.75 56.5 54.5 56 61.75 62.75 60.75 59.25 65.75 75.75 71.25 83.75 108.25 105 80 74.5 73.5 72 73 69.5 71.25 70.5 68 74 78.5 79.25 85.25 88.75 101.5 94.25 96 93 86 89.25 86.75 82.75 82.5 83 81.5 83 84.25 87 88.25 90.25 90.75 91 89.25 84.66666 -9999 -9999 -9999 -9999 -9999 -9999 -9999 -9999 -9999 -9999 -9999 -9999 -9999 -9999 -9999 -9999 -9999 -9999 -9999 -9999 -9999 -9999 -9999 -9999 -9999 -9999
47.5 47.5 44 46.75 45.75 49.5 51 50.5 47.25 49 47.75 53.75 55 57 55 56 66.75 66 87.25 105 100.75 87.25 78.25 76.75 83.25 86.25 75.5 70.5 66.75 66.25 64 70.5 68.5 76 75 81.5 90 89.75 94.5 86.5 81 78 78.25 74.75 75.5 76.25 74.75 77 81 84 85.5 86.25 86.25 85.25 82.66666 -9999 -9999 -9999 -9999 -9999 -9999 -9999 -9999 -9999 -9999 -9999 -9999 -9999 -9999 -9999 -9999 -9999 -9999 -9999 -9999 -9999 -9999 -9999 -9999 -9999 -9999 -9999
46.25 44 39 44.5 41.25 40 40.5 41.25 40.25 41.25 46.75 51.25 56 51.75 52.25 67.25 79 76 104 109 89 109.5 89.5 101.5 104.25 103.5 90.25 76 64.5 62.5 65 63.25 64 66.75 76.25 88 80.5 76.5 79.75 78 72.25 69 69.5 70.75 70.5 70 73 72.75 75.5 80.25 81 80.25 78.75 79 -9999 -9999 -9999 -9999 -9999 -9999 -9999 -9999 -9999 -9999 -9999 -9999 -9999 -9999 -9999 -9999 -9999 -9999 -9999 -9999 -9999 -9999 -9999 -9999 -9999 -9999 -9999 -9999
37.25 36.25 39 38.25 35 34.5 38 36.5 36.5 41.75 45.5 44.5 49.25 52.5 57.75 78.25 69 85 108.5 113.5 106 110.25 101.25 105.25 112.5 104 101.25 78.25 67.5 65 65.25 67.5 75.25 66.75 64.5 68.25 58.75 65 64.75 63.5 63.25 65.75 65.75 68 69.25 67.5 70.5 72.25 71.5 74.5 74.66666 75 76 -9999 -9999 -9999 -9999 -9999 -9999 -9999 -9999 -9999 -9999 -9999 -9999 -9999 -9999 -9999 -9999 -9999 -9999 -9999 -9999 -9999 -9999 -9999 -9999 -9999 -9999 -9999 -9999 -9999
34.25 34.75 33 31.5 32 31.75 36 33.5 39 44 45.75 48.75 46.5 52.5 68 95 76 119 122 117.25 127.5 134.75 130.25 120.25 107.5 90 88.75 76.5 70.5 70 71.25 70.5 69.75 64.75 59.5 48.75 63.5 62.5 62.75 60.5 62.75 62.5 63.5 61.5 61.66667 -9999 66 68 68.5 -9999 -9999 -9999 -9999 -9999 -9999 -9999 -9999 -9999 -9999 -9999 -9999 -9999 -9999 -9999 -9999 -9999 -9999 -9999 -9999 -9999 -9999 -9999 -9999 -9999 -9999 -9999 -9999 -9999 -9999 -9999 -9999 -9999
31 31 31 31 31 31.5 31.25 38.25 45.25 44.25 43.25 41 42.5 50.5 73.5 73.25 108.25 133.75 126.25 130.25 114.75 107.25 100.5 100 92.75 90 82 83.75 88 82.75 72 65 65 61.5 53.75 45.25 45.75 60.25 63.25 65.25 63 61 62 59.75 -9999 -9999 -9999 -9999 -9999 -9999 -9999 -9999 -9999 -9999 -9999 -9999 -9999 -9999 -9999 -9999 -9999 -9999 -9999 -9999 -9999 -9999 -9999 -9999 -9999 -9999 -9999 -9999 -9999 -9999 -9999 -9999 -9999 -9999 -9999 -9999 -9999 -9999
32 31.5 31 31.75 31 32 33.5 33.5 33.5 36 35.5 36.5 41.25 52.5 82.25 107.25 127.75 125.25 97.75 109.5 100.25 87.75 91.25 100.75 94.75 88.5 83.75 78.75 83.5 99.5 75.25 85 67.5 62 59 61.25 66.5 67 66.75 65.25 63.25 60.5 61.25 59.5 55 -9999 57 -9999 -9999 -9999 -9999 -9999 -9999 -9999 -9999 -9999 -9999 -9999 -9999 -9999 -9999 -9999 -9999 -9999 -9999 -9999 -9999 -9999 -9999 -9999 -9999 -9999 -9999 -9999 -9999 -9999 -9999 -9999 -9999 -9999 -9999 -9999
31 32.5 33 35 32.75 34.5 39.5 43.5 44 46 39.75 37.25 42.25 64.5 115 101 98.75 92.75 81.75 84.5 87.75 85.25 90 94.5 91.25 78 76 70.5 74 75.5 86.25 85.5 61.25 57 73.75 68.5 62.75 61.5 61.5 60.5 60 60 60.75 58.75 57.25 57 57.5 -9999 -9999 -9999 -9999 -9999 -9999 -9999 -9999 -9999 -9999 -9999 -9999 -9999 -9999 -9999 -9999 -9999 -9999 -9999 -9999 -9999 -9999 -9999 -9999 -9999 -9999 -9999 -9999 -9999 -9999 -9999 -9999 -9999 -9999 -9999
32.5 34.5 41.25 50 39.75 37 48.25 71.75 89.5 60.25 48.25 47 44.25 60.25 82.5 76.5 73 74.25 71.25 75 77.75 80.75 88.75 91 88.75 93 79.25 63.5 62.75 63.25 70.75 59 55.5 56 58 59 58.25 56.75 56.5 58.5 59.25 59.75 60 57.5 57.25 57.75 54.5 -9999 -9999 -9999 -9999 -9999 -9999 -9999 -9999 -9999 -9999 -9999 -9999 -9999 -9999 -9999 -9999 -9999 -9999 -9999 -9999 -9999 -9999 -9999 -9999 -9999 -9999 -9999 -9999 -9999 -9999 -9999 -9999 -9999 -9999 -9999
34.25 36.5 40.75 51.5 56.5 54.25 47.5 53.75 66.75 58.5 62.25 54.75 52 53 63.75 68.75 64.75 64.25 68.5 78 97.75 94 102.25 113 95.25 74.5 74.25 72 65.25 56.75 56.5 59.5 59.75 53.75 58.5 58 57.75 55.75 54.5 56.5 58.5 58.5 58.25 56.25 54.75 52.5 -9999 -9999 -9999 -9999 -9999 -9999 -9999 -9999 -9999 -9999 -9999 -9999 -9999 -9999 -9999 -9999 -9999 -9999 -9999 -9999 -9999 -9999 -9999 -9999 -9999 -9999 -9999 -9999 -9999 -9999 -9999 -9999 -9999 -9999 -9999 -9999
35 44.5 42.5 53.75 69.5 64.75 56.5 67 62.25 59.75 58 55.75 51.75 52 59.25 58.5 63.5 60.25 68 76.5 86 94.75 91 87.75 89 85.25 76.25 68.5 58.5 55.25 60.25 69.5 56.5 51.5 50.25 53.25 59.25 54 55.5 57.25 57 55.5 53.75 51.5 51 -9999 -9999 -9999 -9999 -9999 -9999 -9999 -9999 -9999 -9999 -9999 -9999 -9999 -9999 -9999 -9999 -9999 -9999 -9999 -9999 -9999 -9999 -9999 -9999 -9999 -9999 -9999 -9999 -9999 -9999 -9999 -9999 -9999 -9999 -9999 -9999 -9999
38 40 46.5 55.25 63.75 62.75 55.75 56.75 55.5 62.25 60.25 59 49.5 65 65.25 72.25 69.75 63.25 72.5 88.75 94.25 91.25 85 79.5 77 71.25 68.5 64.25 56.5 53.5 59.25 59 49 46 45 43.66667 52 47 49.5 50 49.66667 51 47 -9999 -9999 -9999 -9999 -9999 -9999 -9999 -9999 -9999 -9999 -9999 -9999 -9999 -9999 -9999 -9999 -9999 -9999 -9999 -9999 -9999 -9999 -9999 -9999 -9999 -9999 -9999 -9999 -9999 -9999 -9999 -9999 -9999 -9999 -9999 -9999 -9999 -9999 -9999
45 47.5 50 47.5 49.75 49 54.25 46.75 49.5 60.75 57.25 52.25 62.25 76.75 80.25 104 93 72.25 75 79.25 81 75.25 67.25 56.5 55.25 53 48.75 51 47.5 47.5 44.75 44.5 43.25 41 38 -9999 -9999 -9999 -9999 -9999 -9999 -9999 -9999 -9999 -9999 -9999 -9999 -9999 -9999 -9999 -9999 -9999 -9999 -9999 -9999 -9999 -9999 -9999 -9999 -9999 -9999 -9999 -9999 -9999 -9999 -9999 -9999 -9999 -9999 -9999 -9999 -9999 -9999 -9999 -9999 -9999 -9999 -9999 -9999 -9999 -9999 -9999
44.5 46.25 54.25 49.75 44 42.75 40.25 60.25 81 73.75 58.75 50.75 68 84 105.75 134 117.25 93.5 85.5 77 73.25 65.75 56 52.5 47.5 45.75 45.25 47.25 42.75 42.75 39.5 39.33333 37 -9999 -9999 -9999 -9999 -9999 -9999 -9999 -9999 -9999 -9999 -9999 -9999 -9999 -9999 -9999 -9999 -9999 -9999 -9999 -9999 -9999 -9999 -9999 -9999 -9999 -9999 -9999 -9999 -9999 -9999 -9999 -9999 -9999 -9999 -9999 -9999 -9999 -9999 -9999 -9999 -9999 -9999 -9999 -9999 -9999 -9999 -9999 -9999 -9999
41.5 40 39.75 38.5 36 35.75 38 60.25 72.75 77.75 78.75 76.75 68.75 76 83.5 97.75 127.5 134 132.75 135 124 112.75 81 67.5 62.75 52 43 38.5 38.75 36.25 34.5 -9999 -9999 -9999 -9999 -9999 -9999 -9999 -9999 -9999 -9999 -9999 -9999 -9999 -9999 -9999 -9999 -9999 -9999 -9999 -9999 -9999 -9999 -9999 -9999 -9999 -9999 -9999 -9999 -9999 -9999 -9999 -9999 -9999 -9999 -9999 -9999 -9999 -9999 -9999 -9999 -9999 -9999 -9999 -9999 -9999 -9999 -9999 -9999 -9999 -9999 -9999
38.25 35.75 37.25 37.25 36.75 35.75 35.5 44.75 63.75 100 141.5 117 92 93 91.75 79.25 70 73.75 89 87.5 78 67.75 65.5 55.25 52.5 50 41.5 36.5 34.5 33 -9999 -9999 -9999 -9999 -9999 -9999 -9999 -9999 -9999 -9999 -9999 -9999 -9999 -9999 -9999 -9999 -9999 -9999 -9999 -9999 -9999 -9999 -9999 -9999 -9999 -9999 -9999 -9999 -9999 -9999 -9999 -9999 -9999 -9999 -9999 -9999 -9999 -9999 -9999 -9999 -9999 -9999 -9999 -9999 -9999 -9999 -9999 -9999 -9999 -9999 -9999 -9999
60.5 43.25 41.5 43.25 41 39.75 41 66.5 125.5 178 208 188.25 162.75 146.75 140.25 134.75 110.5 78.5 55 52.75 51.5 46.75 50 50.5 48.75 44.75 50 43 31.5 -9999 -9999 -9999 -9999 -9999 -9999 -9999 -9999 -9999 -9999 -9999 -9999 -9999 -9999 -9999 -9999 -9999 -9999 -9999 -9999 -9999 -9999 -9999 -9999 -9999 -9999 -9999 -9999 -9999 -9999 -9999 -9999 -9999 -9999 -9999 -9999 -9999 -9999 -9999 -9999 -9999 -9999 -9999 -9999 -9999 -9999 -9999 -9999 -9999 -9999 -9999 -9999 -9999
50.75 47.75 47.75 46.25 54.5 52 41.25 66.5 155 160.75 150.5 125.25 89 67.5 71.5 76.75 70 55.75 43.25 40.25 38.25 60.25 68.5 55 42.5 40 38.5 34 31 -9999 -9999 -9999 -9999 -9999 -9999 -9999 -9999 -9999 -9999 -9999 -9999 -9999 -9999 -9999 -9999 -9999 -9999 -9999 -9999 -9999 -9999 -9999 -9999 -9999 -9999 -9999 -9999 -9999 -9999 -9999 -9999 -9999 -9999 -9999 -9999 -9999 -9999 -9999 -9999 -9999 -9999 -9999 -9999 -9999 -9999 -9999 -9999 -9999 -9999 -9999 -9999 -9999
36.5 59.5 60 50 50.75 59.25 44.5 34.75 45 57.75 66.5 66.5 60.25 45.25 55.25 116.25 115.75 87 69.75 46 34.25 37 39 35.5 36 37 34 31 29.5 -9999 -9999 -9999 -9999 -9999 -9999 -9999 -9999 -9999 -9999 -9999 -9999 -9999 -9999 -9999 -9999 -9999 -9999 -9999 -9999 -9999 -9999 -9999 -9999 -9999 -9999 -9999 -9999 -9999 -9999 -9999 -9999 -9999 -9999 -9999 -9999 -9999 -9999 -9999 -9999 -9999 -9999 -9999 -9999 -9999 -9999 -9999 -9999 -9999 -9999 -9999 -9999 -9999
31.25 32.5 37 45.25 53.5 36.75 32.75 32.5 45.75 61 64.75 55.25 60.25 41.25 35.75 55 64.5 44.5 37.25 37 27.5 27.25 28.5 30 34 33.25 29.5 29.33333 -9999 -9999 -9999 -9999 -9999 -9999 -9999 -9999 -9999 -9999 -9999 -9999 -9999 -9999 -9999 -9999 -9999 -9999 -9999 -9999 -9999 -9999 -9999 -9999 -9999 -9999 -9999 -9999 -9999 -9999 -9999 -9999 -9999 -9999 -9999 -9999 -9999 -9999 -9999 -9999 -9999 -9999 -9999 -9999 -9999 -9999 -9999 -9999 -9999 -9999 -9999 -9999 -9999 -9999
29.75 28 29.75 27.25 27 28.5 26.5 28 34.25 33.5 32 27.75 29 27.75 26.75 26.75 24.5 24 24 24 22.5 23 23.5 29.25 31.5 28.5 25 -9999 -9999 -9999 -9999 -9999 -9999 -9999 -9999 -9999 -9999 -9999 -9999 -9999 -9999 -9999 -9999 -9999 -9999 -9999 -9999 -9999 -9999 -9999 -9999 -9999 -9999 -9999 -9999 -9999 -9999 -9999 -9999 -9999 -9999 -9999 -9999 -9999 -9999 -9999 -9999 -9999 -9999 -9999 -9999 -9999 -9999 -9999 -9999 -9999 -9999 -9999 -9999 -9999 54 56
24 24 22.66667 22.66667 22 22 22 22 27 22 20.5 -9999 -9999 -9999 20 21.5 23 23 22.5 20.5 20 -9999 -9999 24 25 24 -9999 -9999 -9999 -9999 -9999 -9999 -9999 -9999 -9999 -9999 -9999 -9999 -9999 -9999 -9999 -9999 -9999 -9999 -9999 -9999 -9999 -9999 -9999 -9999 -9999 -9999 -9999 -9999 -9999 -9999 -9999 -9999 -9999 -9999 -9999 -9999 -9999 -9999 -9999 -9999 -9999 -9999 -9999 -9999 -9999 -9999 -9999 -9999 -9999 49 51 55.5 57.33333 54.5 56.25 57.75
-9999 -9999 -9999 -9999 -9999 -9999 -9999 -9999 -9999 -9999 -9999 -9999 -9999 -9999 -9999 20 20 20 20 -9999 -9999 -9999 -9999 -9999 24 -9999 -9999 -9999 -9999 -9999 -9999 -9999 -9999 -9999 -9999 -9999 -9999 -9999 -9999 -9999 -9999 -9999 -9999 -9999 -9999 -9999 -9999 -9999 -9999 -9999 -9999 -9999 -9999 -9999 -9999 -9999 -9999 -9999 -9999 -9999 -9999 -9999 -9999 -9999 -9999 -9999 49.5 42 45 45.5 45.5 50.5 51 50.33333 50.5 52.75 57 57.75 61.75 59.5 61 64
-9999 -9999 -9999 -9999 -9999 -9999 -9999 -9999 -9999 -9999 -9999 -9999 -9999 -9999 -9999 -9999 19 -9999 -9999 -9999 -9999 -9999 -9999 -9999 -9999 -9999 -9999 -9999 -9999 -9999 -9999 -9999 -9999 -9999 -9999 -9999 -9999 -9999 -9999 -9999 -9999 -9999 -9999 -9999 -9999 -9999 -9999 -9999 -9999 -9999 -9999 -9999 -9999 -9999 -9999 -9999 -9999 -9999 -9999 -9999 -9999 42 45.5 45.5 48.25 47.5 53.25 52.5 52.5 52 55.25 60.5 61.25 59.25 57 60 59 58.25 58 58.5 59 60.75
-9999 -9999 -9999 -9999 -9999 -9999 -9999 -9999 -9999 -9999 -9999 -9999 -9999 -9999 -9999 -9999 -9999 -9999 -9999 -9999 -9999 -9999 -9999 -9999 -9999 -9999 -9999 -9999 -9999 -9999 -9999 -9999 -9999 -9999 -9999 -9999 -9999 -9999 -9999 -9999 -9999 -9999 -9999 -9999 -9999 -9999 -9999 -9999 -9999 -9999 -9999 -9999 -9999 -9999 -9999 -9999 -9999 -9999 -9999 -9999 39 48.5 53.25 51 48.75 46.75 54.25 62 52.75 49.5 54.75 64 68 68.25 67.5 72 73 68 64.25 61 62.5 62.75
-9999 -9999 -9999 -9999 -9999 -9999 -9999 -9999 -9999 -9999 -9999 -9999 -9999 -9999 -9999 -9999 -9999 -9999 -9999 -9999 -9999 -9999 -9999 -9999 -9999 -9999 -9999 -9999 -9999 -9999 -9999 -9999 -9999 -9999 -9999 -9999 -9999 -9999 -9999 -9999 -9999 -9999 -9999 -9999 -9999 -9999 -9999 -9999 -9999 -9999 -9999 -9999 -9999 -9999 -9999 -9999 -9999 38 38.5 44.75 47 55 51.75 50.75 48.75 48.25 50.75 54.25 51 56.5 50.5 54.5 56 56 56.5 62 74.5 67 60 60.75 63.25 64
-9999 -9999 -9999 -9999 -9999 -9999 -9999 -9999 -9999 -9999 -9999 -9999 -9999 -9999 -9999 -9999 -9999 -9999 -9999 -9999 -9999 -9999 -9999 -9999 -9999 -9999 -9999 -9999 -9999 -9999 -9999 -9999 -9999 -9999 -9999 -9999 -9999 -9999 -9999 -9999 -9999 -9999 -9999 -9999 -9999 -9999 -9999 -9999 -9999 -9999 -9999 -9999 -9999 -9999 35.5 36 37.5 40.5 45.25 51.75 51.5 50.5 44 45 41.75 43 42 42.75 42.75 37.5 38 41.5 46.5 53.5 51 52 53.5 56.75 59.75 59.75 61.75 62
-9999 -9999 -9999 -9999 -9999 -9999 -9999 -9999 -9999 -9999 -9999 -9999 -9999 -9999 -9999 -9999 -9999 -9999 -9999 -9999 -9999 -9999 -9999 -9999 -9999 -9999 -9999 -9999 -9999 -9999 -9999 -9999 -9999 -9999 -9999 -9999 -9999 -9999 -9999 -9999 -9999 -9999 -9999 -9999 -9999 -9999 -9999 -9999 -9999 -9999 -9999 -9999 34 32.5 34 38.25 40.25 44.25 46.25 45.25 46 50 45.25 37.5 35 35 36.5 38 36 40 41.5 44.5 46.75 52.5 51 51.5 52 52.5 55.5 56.5 58.25 61.75
