layers/wordclim/past/Iberia_miroc_10_ascii/bio_10.asc
ncols         205
nrows         142
xllcorner     -11.010633712694
yllcorner     33.273793250999
cellsize      0.083333333333334
NODATA_value  -9999
[rows 102 to 135 of 142, columns 77 to 153 of 205]
217 222 224.25 228.25 230 -9999 -9999 -9999 -9999 -9999 -9999 -9999 -9999 -9999 -9999 -9999 -9999 -9999 -9999 -9999 228 227 225.5 226 -9999 -9999 -9999 -9999 -9999 227.3333 -9999 -9999 -9999 -9999 -9999 -9999 -9999 -9999 -9999 -9999 -9999 -9999 -9999 -9999 -9999 -9999 -9999 -9999 -9999 -9999 -9999 -9999 -9999 -9999 -9999 -9999 -9999 -9999 -9999 -9999 -9999 -9999 -9999 -9999 -9999 -9999 -9999 -9999 -9999 -9999 -9999 231 255.5 247.5 250 253 253
219.5 223.5 227.5 -9999 -9999 -9999 -9999 -9999 -9999 -9999 -9999 -9999 -9999 -9999 -9999 -9999 -9999 -9999 -9999 -9999 -9999 227 -9999 -9999 -9999 -9999 -9999 -9999 -9999 -9999 -9999 -9999 -9999 -9999 -9999 -9999 -9999 -9999 -9999 -9999 -9999 -9999 -9999 -9999 -9999 -9999 -9999 -9999 -9999 -9999 -9999 -9999 -9999 -9999 -9999 -9999 -9999 -9999 -9999 -9999 -9999 -9999 -9999 -9999 -9999 -9999 233 228.5 231.75 228.75 231.75 225.25 232.25 235.75 240.25 239.25 235
221 225 -9999 -9999 -9999 -9999 -9999 -9999 -9999 -9999 -9999 -9999 -9999 -9999 -9999 -9999 -9999 -9999 -9999 -9999 -9999 -9999 -9999 -9999 -9999 -9999 -9999 -9999 -9999 -9999 -9999 -9999 -9999 -9999 -9999 -9999 -9999 -9999 -9999 -9999 -9999 -9999 -9999 -9999 -9999 -9999 -9999 -9999 -9999 -9999 -9999 -9999 -9999 -9999 -9999 -9999 -9999 -9999 -9999 -9999 -9999 -9999 -9999 -9999 -9999 233.5 224.5 220.75 224.5 229.75 233.5 227.75 223.75 234 242 238.75 231
-9999 -9999 -9999 -9999 -9999 -9999 -9999 -9999 -9999 -9999 -9999 -9999 -9999 -9999 -9999 -9999 -9999 -9999 -9999 -9999 -9999 -9999 -9999 -9999 -9999 -9999 -9999 -9999 -9999 -9999 -9999 -9999 -9999 -9999 -9999 -9999 -9999 -9999 -9999 -9999 -9999 -9999 -9999 -9999 -9999 -9999 -9999 -9999 -9999 -9999 -9999 -9999 -9999 -9999 -9999 -9999 -9999 -9999 -9999 -9999 -9999 -9999 221 226 222.25 223 218.25 224 225.25 230.75 234 232.25 231.5 237.75 234.75 244.75 244.25
-9999 -9999 -9999 -9999 -9999 -9999 -9999 -9999 -9999 -9999 -9999 -9999 -9999 -9999 -9999 -9999 -9999 -9999 -9999 -9999 -9999 -9999 -9999 -9999 -9999 -9999 -9999 -9999 -9999 -9999 -9999 -9999 -9999 -9999 -9999 -9999 -9999 -9999 -9999 -9999 -9999 -9999 -9999 -9999 -9999 -9999 -9999 -9999 -9999 -9999 -9999 -9999 -9999 -9999 -9999 -9999 -9999 -9999 -9999 220.5 219 217 219.5 220.75 218.75 221 224.25 234.5 234.5 241.75 242.75 245.75 247.5 248 254 256.25 259.75
-9999 -9999 -9999 -9999 -9999 -9999 -9999 -9999 -9999 -9999 -9999 -9999 -9999 -9999 -9999 -9999 -9999 -9999 -9999 -9999 -9999 -9999 -9999 -9999 -9999 -9999 -9999 -9999 -9999 -9999 -9999 -9999 -9999 -9999 -9999 -9999 -9999 -9999 -9999 -9999 -9999 -9999 -9999 -9999 -9999 -9999 -9999 -9999 -9999 -9999 -9999 -9999 -9999 -9999 -9999 -9999 -9999 225 221 214.75 215.25 218 220.25 222 224.5 226.75 226.5 233.75 247 255 258.25 256.75 252.75 256 253 255 257.5
-9999 -9999 -9999 -9999 -9999 -9999 -9999 -9999 -9999 -9999 -9999 -9999 -9999 -9999 -9999 -9999 -9999 -9999 -9999 -9999 -9999 -9999 -9999 -9999 -9999 -9999 -9999 -9999 -9999 -9999 -9999 -9999 -9999 -9999 -9999 -9999 -9999 -9999 -9999 -9999 -9999 -9999 -9999 -9999 -9999 -9999 -9999 -9999 -9999 -9999 -9999 -9999 -9999 -9999 -9999 229.5 225.75 219.25 218.25 218.75 219.5 221.75 223.25 227 226 231.75 238.5 247.25 252.5 253.25 251 249.5 247.75 252 250.5 243.5 250.25
-9999 -9999 -9999 -9999 -9999 -9999 -9999 -9999 -9999 -9999 -9999 -9999 -9999 -9999 -9999 -9999 -9999 -9999 -9999 221.5 220 223 -9999 -9999 -9999 -9999 -9999 -9999 -9999 -9999 -9999 -9999 -9999 -9999 -9999 -9999 -9999 -9999 -9999 -9999 -9999 -9999 -9999 -9999 -9999 -9999 -9999 -9999 -9999 -9999 -9999 -9999 229 230.5 227.75 225 220.5 222 223.25 225.75 227 230.5 233.75 238 241.5 245.25 247.75 242 241.75 245 251.5 247 240.5 240 243.75 233.5 239.25
-9999 -9999 -9999 -9999 -9999 -9999 -9999 -9999 -9999 -9999 -9999 -9999 -9999 -9999 -9999 -9999 -9999 -9999 221 220.6667 224 -9999 -9999 -9999 -9999 -9999 -9999 -9999 -9999 -9999 -9999 -9999 -9999 -9999 -9999 -9999 -9999 -9999 -9999 -9999 -9999 -9999 -9999 -9999 -9999 -9999 -9999 -9999 -9999 226 222.5 230 229.25 229 227 223.5 221.75 223.75 226 227.5 230 238 241 243 244.5 244.25 243 246.75 242.75 243.75 240.75 239.5 237.5 232.75 227 236.25 226.25
-9999 -9999 -9999 -9999 -9999 -9999 -9999 -9999 -9999 -9999 -9999 -9999 -9999 -9999 -9999 -9999 -9999 -9999 223 -9999 -9999 -9999 -9999 -9999 -9999 -9999 -9999 -9999 -9999 -9999 -9999 -9999 -9999 -9999 -9999 -9999 -9999 -9999 -9999 -9999 -9999 -9999 -9999 -9999 -9999 -9999 -9999 230 227.3333 216 221.75 230 231 230.25 228 225.25 226.25 229 230.25 231 236.75 244 246 246 243 243.75 246 244.25 248.25 243.5 238 240.5 237 230 226.25 230 235.5
-9999 -9999 -9999 -9999 -9999 -9999 -9999 -9999 -9999 -9999 -9999 -9999 -9999 -9999 -9999 -9999 -9999 -9999 -9999 -9999 -9999 -9999 -9999 -9999 -9999 -9999 -9999 -9999 -9999 -9999 -9999 -9999 -9999 -9999 -9999 -9999 -9999 225 -9999 -9999 -9999 227 228 226 225 222.25 224.5 224 218.5 219.5 224 226.5 227 230.75 229.5 230.5 231.75 233.75 235.25 239.75 245.25 249.25 250 247 243.75 240.75 244.75 241.75 248.25 237.25 231 225.75 229.75 237.5 233.5 222.5 233.25
-9999 -9999 -9999 -9999 -9999 -9999 -9999 -9999 -9999 -9999 -9999 -9999 -9999 -9999 -9999 -9999 -9999 -9999 -9999 -9999 -9999 -9999 -9999 221.5 -9999 -9999 -9999 -9999 -9999 -9999 -9999 -9999 -9999 -9999 -9999 -9999 -9999 -9999 -9999 -9999 228 226 223.25 219 218 215 216.75 219.75 220 219.5 223 224.5 229.75 232.25 232.75 234 235 236 237.75 239.75 244.75 250 249.25 242.75 237.25 238.25 240 237 243 241.25 236.5 234 228.5 229.5 228.25 224.75 223
-9999 -9999 -9999 -9999 -9999 -9999 -9999 -9999 -9999 -9999 -9999 -9999 -9999 -9999 -9999 -9999 -9999 -9999 -9999 -9999 -9999 -9999 -9999 -9999 -9999 221 220 -9999 -9999 -9999 -9999 -9999 -9999 -9999 -9999 -9999 -9999 -9999 -9999 227.5 225 221.75 220.5 220.25 220.75 222.5 222.75 221.25 220.5 222 221 225.75 231.25 233.75 234.75 235.25 235 236.5 235.75 235.5 242.25 247 248.75 245 239.75 236.75 235.25 232 236.5 245.25 240 234.5 236.25 230 232 224.75 225
-9999 -9999 -9999 -9999 -9999 -9999 -9999 -9999 -9999 221 -9999 -9999 -9999 -9999 -9999 -9999 -9999 -9999 -9999 224 223 223.5 223 -9999 -9999 221 -9999 -9999 -9999 -9999 -9999 -9999 -9999 -9999 -9999 -9999 -9999 226 226 225.25 222 221.75 223 224.5 225.25 225.25 224.5 223.75 222 220.75 221.5 222.75 227.75 229.5 230.25 234.5 235 235.25 231.5 233.5 241.25 244.5 249 247.25 243 237.25 232.75 231.75 236 235.25 235.75 233 231 229.25 225.5 223.5 224
-9999 -9999 220 216 216.5 220 -9999 -9999 -9999 -9999 -9999 223 -9999 -9999 -9999 -9999 -9999 225.5 222 218.5 220.75 222 223.5 -9999 -9999 -9999 -9999 -9999 -9999 -9999 -9999 -9999 -9999 -9999 -9999 -9999 223.3333 222.75 222.75 223 222.75 224.25 224.75 225 225 226 224.75 217.75 214.5 215.75 218.5 221.75 224.25 226.25 232 232.75 234 235.25 237.75 239 241.5 243 244.75 246.5 246.75 244.75 240.75 235 231.25 231.25 227 226 225.5 224 223 223.25 224.75
-9999 -9999 -9999 216 216 219 -9999 -9999 222 222 221.25 220.25 222.75 224 224.25 224 223 221.75 218.5 219 221.75 222.25 223 223.3333 222 222 -9999 -9999 -9999 -9999 -9999 -9999 -9999 -9999 221 221.25 220.75 219.75 219.75 221.5 223.25 224.25 224.25 224.25 221 219.25 214.25 213 215.75 218 220.75 223 222.5 226.25 232.25 232.25 234.5 236.75 237.5 236.5 237 234.75 238.5 237.5 237.5 235 233 235.75 233.5 229.25 226.25 226.5 225 223 222.5 224 226
218.3333 219.5 221 222 220.5 216.5 215.3333 213.5 215.75 215.5 214.5 218 219.75 220.5 221.75 221 220.5 218.75 216 218.25 223 224.5 223.25 222.5 221 218.5 218 218.75 219.75 219.75 219.25 219 218.5 218.75 218.25 218.25 218.75 220.5 221.75 223.5 223.25 222 220.75 220 215.5 212.75 213.5 214.25 216.5 218.5 220 222 223.5 229 230.75 232.25 233.5 235 231.5 227.25 229.75 235 241 235.75 228.75 235.5 224.75 225.5 228.5 227 226.75 225 223 220.75 220.5 221.75 222
210.25 213.25 216 213.75 209 208.5 211 211.25 214 216.25 211.75 217.5 216.25 212.5 214.75 215.5 216.75 217.75 216.75 222.25 226.5 227 226.25 223.75 220.25 217.25 217.25 218.5 218.75 218.5 217.5 216.5 214.75 214.5 216 218.5 220.75 222 223.75 224 220.75 219.25 218.75 215.25 212.75 213.75 213.75 214 216.5 219.75 222.25 223.75 226.5 230.75 232 231.75 233.5 234.5 231.5 229 228.5 237.5 239 237.5 231.25 234.25 228.25 223.75 224.25 222 223.25 221 219 218.5 217.75 213.5 211.75
194.5 207.5 209.75 211.75 210.5 208 209.5 213.5 214 213.25 205.25 213.5 207 212 216 216.25 217.75 218.25 217.25 224.5 229.25 231.75 232.25 230.25 226.5 223.5 221.75 221.25 219.75 218.5 217.5 216 214.75 216 219 220.5 222.25 224.25 227.5 229.75 228.25 224.75 222 216.25 213.75 214.5 215 217 220.25 223.25 224.25 225.75 227.5 229.5 231 233 232 233.75 234.5 234.75 232 232 237.25 236 232 232.5 232.5 224.25 219.75 218.5 219.75 216 214.25 212.75 209 208.5 207
188.75 186.75 185.75 189.75 193.25 200 200 197.25 202.75 208.25 189 193.75 216.25 219 216.75 216 217.5 218.25 221.5 226.5 232.25 234.25 231 229.5 229.75 228.5 226.75 225.5 223.25 221 219 218.75 219.25 218.75 218.5 222 224.25 226.25 228 228.25 224.75 219 220.5 215 214.25 215 216.25 219 223 227 228 228.5 229 230.75 230.75 231.75 231.75 232.75 232.25 231 228 227.5 232 233 230.75 224.75 223.75 223.5 216.75 216.75 217 215.5 212.5 211 208.25 208.75 209.25
164.5 161 170.25 185 193.5 179.5 164.75 181.75 206 204.75 198 212.75 216 217 216.5 215 215.25 217 218.75 221.25 230.25 240.25 242.25 237.25 234 231.5 229.75 226.25 222 220.25 219.75 220.75 220.25 220.5 222.5 224 225.5 226.75 224.5 223.25 216.5 216.75 217 212.5 211.25 210.75 215 216.75 225 230.75 231.5 230.5 229.75 230.75 229.5 228 232 232.75 227.75 226.75 225.5 224 226.25 228.5 230 229 225.5 223 218.75 218 217.5 215.5 215 212.5 212 213 213
151 155.5 169.75 165 175.25 177 171.25 190.5 184.75 193.5 203.75 207 215.75 218 216.75 216.5 215.5 209 206.75 218.25 223.5 232.25 237 232.75 225 218.25 212.5 209 199 209 219.75 222.5 223.5 223.75 224.5 225.75 224.5 219 210.25 204 207.5 208.25 207.25 204.75 203.5 206.75 212.25 217.5 223.5 226 228 230.5 228 229.25 231 230 232.25 228.75 224.5 225.5 222 220.5 224.5 227.5 228.75 228.25 224.5 222.25 220.5 219.5 218.5 217 215 214.25 214 215 216
191.25 181.25 183.75 186.5 182 194 183.75 182.25 176.75 179 187.25 210 216.5 216.25 212.5 213 214.5 210 211.5 217 217.75 223.5 218.25 213.75 205 202.75 206.75 206.25 208.75 215.75 218 223.5 225.25 226 226 225.5 218.5 209.5 204.5 199.5 201 201.25 199.5 200.25 203.75 205.75 208.25 209.75 211.5 211.25 220 226.25 219.25 219.5 227.25 225.5 226.25 222.25 222 221.25 219.25 220.75 223.25 224.75 225 223.25 223.25 222.25 221.5 221 219.25 218 217.5 217.5 216.75 217.25 218.5
218.25 196.5 201.25 215 205.25 199.5 183.75 178.5 189.5 190.25 198.25 204.75 208.75 207.75 213.75 213 204.75 211.5 212.75 215.75 211.5 214 210 205.25 207.25 208.25 209.5 212 213.75 214.25 217.75 222.25 224.75 224.25 220.5 213.25 215.75 214.5 210.75 210.5 204.5 199.75 198.75 200.5 198.25 201.75 199.5 198.25 202.75 211.5 217.75 213.25 213.25 213.25 218.25 219.5 221.5 221.5 220.5 220 224 224.25 225 225.5 224.5 224 224.75 222.75 222.75 222.5 220.5 219.5 218.75 219 219.25 219.75 220.25
227.75 219.75 217.5 197.25 197.25 187.25 185 185.75 202.25 196 200.75 196.75 179.25 189.75 214 215.75 212.5 213.5 213 211.5 208.5 206.25 207.5 207.25 207.5 207.75 207.5 209.25 209.25 210.75 213.75 214 214.75 206.5 200.75 202.25 199.25 203.5 209 208.25 204.25 202.25 200 197.5 198.25 198.25 197 200 204.75 208.25 207.5 205.75 207.5 212.25 216.5 220 219.5 221 223.5 223.75 225.75 225.75 226 226.5 226.25 227.25 226.25 225 225.5 223.5 222.25 221.75 220.75 220.5 220.5 220.5 220.5
231 213 215.75 212 208.25 208.25 205.75 203.25 209.25 214 216.25 203 202.25 200 220.5 221 219.25 215 207.75 201 197 197.75 200 201.25 200.5 203.5 204.25 204.5 200.25 198.75 205.25 203.75 205 203 197 193.75 194 200.75 205.5 207 206 203.5 201 198.5 198.5 197.5 198.75 201.5 202.75 204.25 204.5 206.75 209.25 213.25 217.5 219.5 220.5 223.75 226.25 226.5 227 227.75 227.5 228.25 228.5 228.5 228.25 227.5 226.5 224.5 223.25 222.5 221.5 221 220.5 220.25 219.25
237.75 237.5 233.25 226.5 223 214 207.25 217.5 210 219 217.75 208.25 221 228.75 230.75 227 222.5 214.75 204.75 196 191.75 195.75 197.75 197.75 197.25 199 198.75 199 198.25 196.75 202.25 203.75 203.75 204.5 202.5 200.75 202.25 202.5 206 206.25 205 203.5 201 199 198.25 198.5 199.25 200.75 202.25 205 206.75 209.75 211.5 215 219.25 222 224.75 226.25 227.25 228 228.75 229.25 229.5 230.5 230.25 229.75 229 228.25 227.25 225.5 223.75 222.75 221.75 221.25 219.5 220.25 219.5
243.75 239.25 231.25 219.75 220.5 233 225.75 225.5 224.5 230 227 231 236.25 237.25 237 232.5 224.5 214 205.5 199.75 196.5 196.5 192.75 191 187.75 193.25 196.75 196.5 193.5 196 198.75 198.5 201.75 203.5 204.75 206.75 206.5 206.75 206.25 205 203.75 201.75 201.25 199.75 199.75 200.75 201.5 203.75 205.75 208.5 210.75 212.75 214.5 217.5 221 224 226.25 228.25 229.5 229.75 230.75 231 231.75 231.75 231.25 231 230.25 228.75 227 225.75 224.5 224.5 223 221.5 220.5 219.75 218.75
235 237 234.25 238.75 236.75 235.25 238.5 237 235 233.25 235.5 237.75 239.25 240 241.5 236 225 215.5 207.75 202.75 200 197.25 198.25 196.5 195.75 197.75 199.5 201.25 202 202 202.25 203 204.75 206.25 207.75 208.75 208.25 206.25 205.25 204 201.25 202 202 202 202.75 204.25 205.25 206.75 209.5 212 214 216.5 218.5 220.75 223.25 226.5 229 230.75 231.5 232.25 233 233 232.5 232.5 230.75 230.25 229.75 228.5 227.5 226 225.25 224.25 223 221.75 220 218 218.25
242.25 245.25 242.75 240.5 231.75 223.5 209.75 223 227.75 231.25 234 237.25 238 238.5 239.5 232.5 222.25 214.5 209.5 205 201.75 198.75 197.75 200 198.5 197.5 199.5 202 204 206 206 205.25 206.5 208.5 207.5 205.75 204 204 205.25 204.75 204 204.25 204.75 205 205.5 207.5 209 210.5 212.75 215.5 217.5 219.5 221.75 224.25 227.75 230 231.75 233 234.5 234.5 235 234.25 234.25 233.75 232.25 232 230.75 229 228 226.5 225.5 223.5 222.5 220.25 218.5 218 218.75
246.5 240.5 233.75 223.5 193.75 188.25 183.25 199.25 211.25 228 231 231.5 232.75 236.25 235 225.5 218.25 213.25 206.75 203.75 201.25 198.25 196 195 195 196.25 198 201.25 203.25 206.75 208.25 208 208.25 208.25 206 205 207.25 207.5 207.5 207.25 208 208 208 208.75 209.5 211.25 212.5 214.25 216.75 219.25 221.5 224.25 226 227.75 229.5 231.5 234 234.5 234.5 234.75 234.75 235.25 235.25 234.5 233.25 232.25 230 228.5 227 226.25 225.25 224 221.75 220 218.25 217.25 218
237.25 231.25 223.75 218.5 197.5 191.5 194.5 209.5 223 228.25 223.25 224 230.75 234.25 225.25 218.5 213.75 196.75 196 187.75 189.25 192.25 191.25 194.25 196.75 198 200 202.25 204.5 208 209.5 209 209 209 209 209.75 210.5 210.25 210.5 210.5 211 211.75 212 212.5 213.5 215.5 216.75 218.25 220 222.5 226 227.25 227.5 229.5 231.75 232.25 233.75 234.5 235.25 235 235 235 233.75 233.25 232.75 232 230.5 228.5 226.25 225.75 223.75 225 223.25 220.25 217.5 217.25 215.25
225.25 216.75 209 190.25 192 195 200.25 209.5 211 206.25 199 207.25 220 228.25 217.5 211.75 205.25 189.75 183.75 184.75 186.5 189 190 195.25 199 200.75 202.25 204 206.25 209.75 210 211 210.75 210.75 211.5 211.5 213 213.25 214 214 214.5 215 216 216.75 218.25 219.25 220.75 222.25 223.75 226 228.75 228.75 229.5 232 233.5 234 235 234.5 234.5 235 236 235 234.75 234 233.25 232 229.5 228.25 226.25 224 224.5 225 223.5 221.25 217.75 216.25 217.25
213 207.5 207.75 207.5 199.25 177 180.75 191.25 181.75 202.75 194.75 197.75 216.25 219.5 207.25 193.75 189.25 186.5 187 189 192.5 195 196.25 199 201.75 203.25 204.5 206 207.5 210.75 211 211 212.25 214 215.25 215.75 216.5 216.5 217 217.75 218.5 219.25 220 221 222.25 223.25 224.5 225.75 227 229 231 231.25 233.5 235 235.5 236.25 235.75 234.75 233 233.5 235.25 235.25 234.75 234 232.25 232.25 229.5 227.25 223.5 223.25 225 223.75 222.5 219.75 218.5 220.75 222.25
