layers/wordclim/past/Iberia_miroc_10_ascii/bio_07.asc
ncols         205
nrows         142
xllcorner     -11.010633712694
yllcorner     33.273793250999
cellsize      0.083333333333334
NODATA_value  -9999
[rows 68 to 101 of 142, columns 0 to 76 of 205]
-9999 -9999 -9999 -9999 -9999 -9999 -9999 -9999 -9999 -9999 -9999 -9999 -9999 -9999 -9999 -9999 -9999 119 118.75 123.75 131.75 140.75 150 160 171 178 184 191.5 197.75 203 208 214.25 218.75 223 227.5 231 233.5 236.75 240 242.75 243.75 244.5 243.25 245.75 251.75 255.75 258.75 263 267 270.5 273.75 275.5 278 280 281.5 282.75 284.5 287.5 289 291 292.5 293.25 295.25 297 299.25 299.5 301 301.5 304 304.75 306.25 307.5 307 307.75 308.5 309 309.75
-9999 -9999 -9999 -9999 -9999 -9999 -9999 -9999 -9999 -9999 -9999 -9999 -9999 -9999 116 116.5 119 119.6667 120.5 124 134.5 144 153.25 162.75 171.75 178.5 184.75 191.75 197.5 203.25 208.5 214 218.25 222.25 226.25 231.5 232.75 235.75 239 241.75 243.25 244.25 241.75 239.5 245.25 253.75 260.5 266.25 269.25 272.25 275.5 277.5 278.75 281.25 283 284.5 286.25 288.5 290.5 292.25 293 295 295.5 298.5 300 301.25 302 304.25 304.5 305 307.75 307.5 308.25 308.75 309.5 311.25 311.25
-9999 -9999 -9999 -9999 -9999 -9999 -9999 -9999 -9999 -9999 -9999 -9999 -9999 115.5 116.75 117.75 121 123.5 126.25 130.25 139 149.25 156.75 166 173.25 180.25 186 193 198.75 203.75 209 214.25 217.75 221.75 225.5 229.75 232.5 235 239.75 243 243.5 245.5 247.75 246 249 259 265 268.75 270.5 275 277.25 278.5 281.75 283.25 282.75 285.5 287.5 289.25 291.25 292.25 294 296 298 299.75 300.5 301.5 303.25 304.25 305.5 306.75 307.25 308.75 309.75 310.75 311.5 312 312.75
-9999 -9999 -9999 -9999 -9999 -9999 -9999 -9999 -9999 -9999 -9999 -9999 117 117.5 119.75 122.25 125 128 131.75 137.25 145.5 154.25 163.25 171.75 176.5 184.25 189 194.5 200 205 209.5 213.75 218.25 222.25 226 229.5 232 235.5 239.5 242.25 242.25 244.75 249.5 253.25 258.25 261.75 267.75 272 274.25 277.25 278.5 281.25 282.75 284 285.5 287.5 288.5 290.5 292.5 293.5 295.25 297.25 298.5 301.25 301.75 302.75 303.75 305.25 306.75 308 308.5 309.5 311 311.75 312.25 312.75 313.25
-9999 -9999 -9999 -9999 -9999 -9999 -9999 -9999 -9999 -9999 114 -9999 118.5 120.75 123 125.75 129.25 133.25 138.5 144.5 152 161.25 169.75 175.5 180.25 186.25 190.5 196.5 201.5 206 210.5 215.5 218.5 222.5 225.25 228.5 232.5 235.25 238.75 242 244 247.25 251.25 255.75 261.75 267.25 272 275 277 279.75 281 282.5 284.25 284.25 286.25 288 290.5 292.5 293.75 294.25 296 297.5 300 301.5 302.5 303.25 305 306.25 307.5 308.75 310.25 311 312.25 313.25 312.75 313.75 314.5
-9999 -9999 -9999 -9999 -9999 -9999 -9999 -9999 -9999 -9999 -9999 118 121 123.5 126.5 129.75 133.75 138.5 143.75 153.25 160 168.5 176.5 180.75 184 189.25 193.25 199.25 203.5 206.75 211.5 215.25 218.75 222 225 229.25 231 234.25 238.75 241 244.25 248.5 252.75 256.75 262.25 268 272 277.25 279.25 280.75 282.25 283.25 284.5 286.25 287.75 289.5 291.5 292.75 293.75 295 297 298.75 301.25 302 303 305.25 306.5 307.5 309 309.5 310.5 312.25 313.25 314.25 314 315.25 315.5
-9999 -9999 -9999 -9999 -9999 -9999 -9999 -9999 -9999 -9999 -9999 121 123.25 127 130.5 133 138 143 150.25 159.25 168.25 175.5 181.75 185.5 188.75 193.25 197.25 200.75 205.25 208.75 212.25 216.5 220 222.75 225.25 229.75 232 235.5 238 240.5 243 247.75 252 257.25 260.75 266.75 272.75 277.5 281.25 282.25 282 284 284.75 286 288 289.75 291.75 293 294.5 296.5 297.75 300.75 302 303.25 304.75 305.5 307.5 308 309 309.75 312 313.75 313.75 313.75 314.75 316.25 316.25
-9999 -9999 -9999 -9999 -9999 -9999 -9999 -9999 -9999 -9999 -9999 -9999 -9999 130 134.25 138.25 142.5 148.25 157.5 165.25 173 180.75 186.25 188.25 192.75 196.5 200.5 203.25 206.75 211 214.5 218.25 221 223.5 226.75 229.5 231.75 234.5 237.5 241.75 243.5 247.25 252.25 257.75 262.5 267.75 272 277 281 281.75 282.75 283.5 285 287.25 289 291.25 292.75 293.5 295.75 297.5 299 302.25 303.5 304.25 306.75 307.25 308.5 308.75 310.5 312.75 313 313 313.25 314.25 315.75 316.25 317
-9999 -9999 -9999 -9999 -9999 -9999 -9999 -9999 -9999 -9999 -9999 -9999 -9999 -9999 137 140.5 146 151.25 162.75 169.5 175.75 185.75 192 192.75 195.25 199.5 202 206 208.75 212.5 215.75 218.75 222.25 224.25 226.5 229.25 232 234.5 237 240.75 245 248.5 252.5 258.25 263.75 268 271 276.25 278.75 280.75 281.75 282.75 285.5 287.5 289.25 291.5 293 293.75 296 298.5 301 302 303.5 305.75 307.25 308 308.5 310.5 312.25 312.75 313.75 313 314 315.25 315 316 317
-9999 -9999 -9999 -9999 -9999 -9999 -9999 -9999 -9999 -9999 -9999 -9999 -9999 -9999 -9999 -9999 148 154.25 162.25 168.5 177 186.5 192 194.75 198.75 201 204 207.25 211.5 214.5 216.75 220.25 223.5 226 227.75 230.25 231.5 234 237.5 242.25 245.5 249.25 254 258.75 263.75 267 270.5 273.75 277.25 279.75 281.25 282.5 285.25 287 288.75 291.5 292.5 294 296.5 298.75 301.5 303.25 304.25 306.25 307.5 308.75 309.75 312.25 313 313.25 313.25 314 314.5 314.75 316 316.25 316
-9999 -9999 -9999 -9999 -9999 -9999 -9999 -9999 -9999 -9999 -9999 -9999 -9999 -9999 -9999 -9999 -9999 156 162.75 168.5 176 185.75 193 197 200.25 202.25 205 208 211.25 215 217.5 222.5 225 227.25 229.5 231 232.25 234.75 238.75 243.25 246.75 251 254.5 258.25 262.5 266 269.25 272.5 275.25 278.25 280.5 282.5 284.5 286.75 289.5 290.75 292.5 294.5 297.5 300 301.75 303 304.75 306.5 307.75 309 311.25 312 313.25 314 313.75 314 314.75 315.5 316.25 315.75 317
-9999 -9999 -9999 -9999 -9999 -9999 -9999 -9999 -9999 -9999 -9999 -9999 -9999 -9999 -9999 -9999 -9999 158 162.75 169.5 173.6667 184 193.25 197.25 200.75 202.5 205.25 208 213.75 216.75 219.25 222.75 226.5 229 230.75 233.75 235 237.5 240.5 245 247.75 251.25 255.25 258.75 261.25 264.5 268.25 271 274 276.5 278.25 280.5 283.25 286.5 288.5 290.25 292.5 296 297.5 300 301.5 303.75 305.25 307.25 308.25 309.5 311.25 313 313.25 313.75 314 314.5 316 317 315.5 315.5 316
-9999 -9999 -9999 -9999 -9999 -9999 -9999 -9999 -9999 -9999 -9999 -9999 -9999 -9999 -9999 -9999 -9999 -9999 -9999 -9999 -9999 185.3333 190 193.5 195.25 200.5 205.5 208.5 212.75 216.5 219 223 227.5 229.75 233 235.25 238.5 239.75 243.5 247 250 252 255 257.25 260.25 263.75 266.5 270 272.75 274.75 276.75 279.75 282.5 285.5 288.25 289.5 292 295.75 298.5 299.5 302 303.75 306 308 308 310 311.25 312.5 314.25 313.5 314 315.25 315.75 316.25 316 316 315.75
-9999 -9999 -9999 -9999 -9999 -9999 -9999 -9999 -9999 -9999 -9999 -9999 -9999 -9999 -9999 -9999 -9999 -9999 -9999 -9999 -9999 -9999 185 188.5 192.75 198 204 209.25 213.75 216.75 220.75 224.25 227.25 231.75 235.5 238.25 241.75 243.5 246.25 249 252 253.5 255 256.75 259.25 262 265.25 267.5 271.25 272.75 275.5 278.5 281.25 284.25 286.5 288.5 291.75 295.5 297.75 299.25 301 304.25 306.25 306.75 308.25 310.25 311.5 312.5 312.75 313.5 314.25 314.75 315.75 315 316 315.25 315.5
-9999 -9999 -9999 -9999 -9999 -9999 -9999 -9999 -9999 -9999 -9999 -9999 -9999 -9999 -9999 -9999 -9999 -9999 -9999 -9999 -9999 -9999 -9999 -9999 190.5 196.25 205 210 214.25 218 221.75 225 229.25 233.25 236.5 240.5 244.25 248 249.5 251.75 253.25 253.5 254.25 256.25 258.25 260.5 263.5 265 267.75 270 272.5 276.5 280 282.5 285.25 288.25 292.5 295 296 298.5 301.25 303.75 305.5 305.75 308.25 310 311.25 311.5 312.5 313 314.5 315 314.25 314.25 314.25 314.75 315.25
-9999 -9999 -9999 -9999 -9999 -9999 -9999 -9999 -9999 -9999 -9999 -9999 -9999 -9999 -9999 -9999 -9999 -9999 -9999 -9999 -9999 -9999 -9999 186.5 191.5 198 204.5 210.5 216.5 217.75 222.25 225 228.25 233.75 237 241.75 246 250.25 251.5 252.25 252.75 253.5 252.75 254.25 256.25 258.5 260.75 263.5 264.5 268.5 272.5 276.25 278.25 281.5 284.75 287.5 291.5 293.75 295.5 299 301 302.25 303.75 306 307.75 309.75 310.25 311 312 312.75 314.5 313 313.5 313.5 313 313 312.75
-9999 -9999 -9999 -9999 -9999 -9999 -9999 -9999 -9999 -9999 -9999 -9999 -9999 -9999 -9999 -9999 -9999 -9999 -9999 -9999 -9999 -9999 -9999 -9999 190 197 203.75 211 216 219 222.75 224.5 229.25 233 238.75 243.25 249.5 252.5 253 252.75 251.75 252.5 253 253.5 254.75 255.75 259.25 261.5 264.25 266 270 274.5 277.75 280.25 283.25 286.25 289 291.75 294.75 298 299.75 301.75 303.5 305.25 307.75 308.25 308.5 308.5 310.5 312.25 312 311.75 311.75 311.5 311.5 309 308.75
-9999 -9999 -9999 -9999 -9999 -9999 -9999 -9999 -9999 -9999 -9999 -9999 -9999 -9999 -9999 -9999 -9999 -9999 -9999 -9999 -9999 -9999 -9999 -9999 188.25 197.25 203.75 210.25 214.25 217.75 221.5 225.25 229 233.5 240 244.75 250 255.25 254.5 251.5 250.75 251 251.75 252 253 253.25 256 259.25 261.25 265.75 268.25 271.5 275 277.75 281.5 284.75 288 290.25 293.75 296.5 299.25 300.75 303 304.5 305.5 306.5 307.25 307.5 308.75 309.75 310 310.25 309.25 309.75 309.5 307.5 303.75
-9999 -9999 -9999 -9999 -9999 -9999 -9999 -9999 -9999 -9999 -9999 -9999 -9999 -9999 -9999 -9999 -9999 -9999 -9999 -9999 -9999 -9999 -9999 182 188 195.75 202.5 208.75 213.25 216.5 220.5 224.5 229 233 238.75 242.25 247.25 250.5 251.25 249 248.25 249.5 249.25 249.25 248 249.75 252.75 254.75 257.5 262.75 266.5 270.5 272.75 275.75 278.25 282.25 285.75 289 292 295 299 300.25 302 303.25 304.25 304 305.5 306.5 307.75 306.25 307.25 306.5 306.75 306.75 304.25 301.5 299
-9999 -9999 -9999 -9999 -9999 -9999 -9999 -9999 -9999 -9999 -9999 -9999 -9999 -9999 -9999 -9999 -9999 -9999 -9999 -9999 -9999 -9999 -9999 -9999 186 193 199.5 208 212.25 215 219.75 223.25 228.75 232.75 237.75 241.25 243.25 245.25 246.25 246.5 244.5 245.25 246 245.75 246 247.75 250.75 251.5 254.25 257.5 260.25 264.5 267.75 272.75 277 280.25 283 287.75 292.25 295.75 296.5 299 301 302.25 301.5 303.25 304 303.25 302.5 300.5 300.25 301 301.5 301.5 299.75 298.75 297.75
-9999 -9999 -9999 -9999 -9999 -9999 -9999 -9999 -9999 -9999 -9999 -9999 -9999 -9999 -9999 -9999 -9999 -9999 -9999 -9999 -9999 -9999 -9999 -9999 183.75 191.75 199.25 206.5 210.75 215.75 218 222.5 226.75 231.25 235.25 238.5 240 242.25 243.25 243 241.5 242 241.5 241.5 242.25 242.75 243 244.5 246.5 250.25 251.75 256.5 262.5 269 273.25 277 281.5 286.25 290.5 292.25 296 296.75 298.75 299.5 300 300.25 298.75 298.25 296 294.25 295.75 296.5 297.75 297.75 297 294.75 292.25
-9999 -9999 -9999 -9999 -9999 -9999 -9999 -9999 -9999 -9999 -9999 -9999 -9999 -9999 -9999 -9999 -9999 -9999 -9999 -9999 -9999 -9999 -9999 -9999 181.5 189.25 196.25 203.25 208.75 214.75 218 222 224.5 229.25 232.75 234.75 237.5 238 237.75 236.75 237.25 238 236.25 235.75 237 236.25 238.75 237.5 239.75 244.25 245.5 252.75 259.5 263.5 268.5 274 279.25 283.75 288.5 291.25 294 295.75 295.5 295.25 296.25 293.5 292.75 291.25 291.5 291.25 292.5 292.75 292.75 293 292.25 291 286.25
-9999 -9999 -9999 -9999 -9999 -9999 -9999 -9999 -9999 -9999 -9999 -9999 -9999 -9999 -9999 -9999 -9999 -9999 -9999 -9999 -9999 -9999 -9999 -9999 179.75 186.5 196.5 201.25 205.75 211 216.75 220.25 222.5 227.25 230.5 232.25 233.75 234.75 233.75 233.25 233 232 232.5 233 232 232.5 233.75 232.75 233.75 236.5 242 247.75 253 258.25 264.75 270.25 275.25 281.75 285.75 290.75 292.75 293 293.25 292.5 290.5 290.5 289 288.5 287.75 288.5 287 287 287 285.75 284.5 284.75 284
-9999 -9999 -9999 -9999 -9999 -9999 -9999 -9999 -9999 -9999 -9999 -9999 -9999 -9999 -9999 -9999 -9999 -9999 -9999 -9999 -9999 -9999 -9999 172 177.75 184.25 193.75 200.75 204.5 208.25 212.75 217.5 222.25 225 228 229.5 231.75 231.5 231.25 230.75 229.5 228.5 227 228.5 229.25 228.5 225.25 225.5 226.75 230.25 236.25 241.25 246.25 251.75 258 264.5 270.25 277.25 283.75 288.5 292.25 292.25 291 289.75 288 285.75 285.25 283.5 283.75 283.5 281.5 279.25 278.5 278.25 278.75 278.75 278.5
-9999 -9999 -9999 -9999 -9999 -9999 -9999 -9999 -9999 -9999 -9999 -9999 -9999 -9999 -9999 -9999 -9999 -9999 -9999 -9999 -9999 -9999 -9999 170 174.75 181.25 193.25 199.25 204.5 209 212.25 216 219.75 222.75 226 227.75 227.75 227.75 227.5 228 227.25 225.25 222.75 222.75 222.25 221.5 221.25 219.75 219 222 226.75 232 236.5 243.75 252.25 258.75 265.75 273.5 281.25 288 291.5 288.5 287 285.75 283.5 280.25 279 278.75 277 276.5 275.25 273.75 273 271.75 271.25 273 273.5
-9999 -9999 -9999 -9999 -9999 -9999 -9999 -9999 -9999 -9999 -9999 -9999 -9999 -9999 -9999 -9999 -9999 -9999 -9999 -9999 -9999 -9999 -9999 167 172.25 181.5 190 198.5 205 208.75 210.75 213.25 216.75 218.25 222 224.75 225.5 226.25 225.5 223.75 222.5 220.75 217.5 216.75 216.5 214.25 214 212.25 210 212.75 218.75 226 234.5 240.5 247.5 254.25 259.75 267.5 275.75 282.25 285 282.25 280.5 278.5 277.25 276.5 275.5 273.5 271.5 269.75 268.25 268.25 268.25 268.75 267.25 266.25 267.25
-9999 -9999 -9999 -9999 -9999 -9999 -9999 -9999 -9999 -9999 -9999 -9999 -9999 -9999 -9999 -9999 -9999 -9999 -9999 -9999 -9999 -9999 -9999 164.3333 169.25 179.25 188 195.75 200.75 204.75 207.25 210 212 215.25 218 218.5 221.75 223.5 222.25 222.25 219.75 216 213 212 210.5 208.75 208 206.75 205.5 209 216 222.5 227.75 233.75 239.75 246 251.25 258.25 265.5 270.25 272.75 273.5 273.25 273 272.25 271.5 270.5 268.25 265.75 265.25 264.75 264 263.75 270.5 265.25 265 262.75
-9999 -9999 -9999 -9999 -9999 -9999 -9999 -9999 -9999 -9999 -9999 -9999 -9999 -9999 -9999 -9999 -9999 -9999 -9999 -9999 -9999 -9999 -9999 161 165 176 185 193.75 198.75 202 203.75 205.75 207.75 210 212.5 213 216 217 215.25 213.25 211.5 209.75 207.5 207 206.25 205 205.25 203.5 203.5 206.75 212.75 217.25 221.75 226.25 232.25 237.75 243.75 249.5 254.5 258.5 260.75 263 264 264.75 266.25 265 264 263.25 261.5 261.75 263.25 261.25 259.75 262.5 260.25 260 261.5
-9999 -9999 -9999 -9999 -9999 -9999 -9999 -9999 -9999 -9999 -9999 -9999 -9999 -9999 -9999 -9999 -9999 -9999 -9999 -9999 -9999 -9999 -9999 156.5 162.5 171.5 180 190.5 195.75 198.25 200.5 202.25 203.5 204.25 205.25 206.5 207.75 209 207.75 206.75 206.25 205.75 204 202 201.75 201.5 200.75 201 201.75 204.75 209 213.5 218.5 222.75 227 230.5 236.25 240.5 243.75 246.5 249 251.5 253 255.75 258 258.25 257.5 258 258.75 259 258.5 258 258.75 256.5 254 252 251.5
-9999 -9999 -9999 -9999 -9999 -9999 -9999 -9999 -9999 -9999 -9999 -9999 -9999 -9999 -9999 -9999 -9999 -9999 -9999 -9999 -9999 -9999 -9999 153 155.75 163.75 173.75 182.75 187.75 192.75 195 197.5 199 199.5 199.75 200.5 201.75 203 202.5 201.75 200.5 200 200.5 199 198.5 197.75 197.75 198 199.5 202.5 205 208 212.75 217.5 220.5 223.75 227.5 230.75 232.5 234.25 237.25 240.75 244 245 247.75 251 251 251.75 253.25 256.75 253.75 256.75 252 249.75 246 248 257
-9999 -9999 -9999 -9999 -9999 -9999 -9999 -9999 -9999 -9999 -9999 -9999 -9999 -9999 -9999 -9999 -9999 -9999 -9999 -9999 -9999 -9999 -9999 151.5 154 160.75 168.25 175.75 181.5 186 188 192.75 194.75 195.5 196 196.75 197.25 198 196 195 -9999 -9999 192 193 193.5 193.25 194 196.5 198 199.25 201.25 205.25 209 212.5 215.25 217.5 219.75 221.25 222.5 223.75 227.5 231.5 235.75 238.25 239.5 242 246 250 247.5 251.5 256.75 255.5 248.5 242.5 241.5 241.5 248.25
-9999 -9999 -9999 -9999 -9999 -9999 -9999 -9999 -9999 -9999 -9999 -9999 -9999 -9999 -9999 -9999 -9999 -9999 -9999 -9999 -9999 -9999 -9999 -9999 153 158.5 162.5 170 173.5 177.5 183 187.5 186.25 189.25 189.25 190.5 189.5 -9999 -9999 -9999 -9999 -9999 -9999 -9999 -9999 -9999 190 192.3333 194 196.25 198.75 201.25 204.25 207.5 210.25 212.75 213.25 212.5 212.5 215 220.75 222.25 226.25 228 229 237 244.25 244.25 247 251 252 256.5 251.5 246.5 236.5 223.5 232.25
-9999 -9999 -9999 -9999 -9999 -9999 -9999 -9999 -9999 -9999 -9999 -9999 -9999 -9999 -9999 -9999 -9999 -9999 -9999 -9999 -9999 -9999 -9999 -9999 -9999 -9999 -9999 -9999 -9999 -9999 -9999 -9999 -9999 -9999 -9999 -9999 -9999 -9999 -9999 -9999 -9999 -9999 -9999 -9999 -9999 -9999 -9999 -9999 189.6667 191.5 194 197.25 199.5 203 205 209 207.5 205.5 203.25 203.75 206.75 211.25 216 221.5 223.75 228.5 244 256 250.5 243 248.25 261.75 251 242 219 212 212.25
-9999 -9999 -9999 -9999 -9999 -9999 -9999 -9999 -9999 -9999 -9999 -9999 -9999 -9999 -9999 -9999 -9999 -9999 -9999 -9999 -9999 -9999 -9999 -9999 -9999 -9999 -9999 -9999 -9999 -9999 -9999 -9999 -9999 -9999 -9999 -9999 -9999 -9999 -9999 -9999 -9999 -9999 -9999 -9999 -9999 -9999 -9999 -9999 -9999 188.5 190.75 194 195.25 197.5 199.75 204.25 200.75 199 197.25 197.25 200.25 203.25 207.75 210.75 217.5 223 231.5 251 246.5 251.5 253 263.25 247.5 225 214.25 209.5 213
