layers/wordclim/past/Iberia_miroc_10_ascii/bio_11.asc
ncols         205
nrows         142
xllcorner     -11.010633712694
yllcorner     33.273793250999
cellsize      0.083333333333334
NODATA_value  -9999
[rows 36 to 71 of 142, columns 0 to 80 of 205]
-9999 -9999 -9999 -9999 -9999 -9999 -9999 -9999 -9999 -9999 -9999 -9999 -9999 -9999 -9999 -9999 -9999 -9999 -9999 -9999 100 96 96.5 93.5 92.25 76.5 74.5 70.25 81.5 79 76 70.25 62.5 41 30.25 31.5 34.5 38 40.75 41 38.75 33.75 34.5 20.75 21.25 21.75 19 8.5 -0.75 -10.5 -9.75 12.25 15.25 12.5 13 15.75 18.5 21.25 22.25 24 25 23.75 26 26.5 27.75 26.5 27.75 27.25 28 29.25 28 29 30.25 31.25 32.5 34.25 34.25 34.25 29.5 27.25 28.75
-9999 -9999 -9999 -9999 -9999 -9999 -9999 -9999 -9999 -9999 -9999 -9999 -9999 -9999 -9999 -9999 -9999 -9999 -9999 -9999 101 92.75 94 94.75 94.5 74.5 74.5 82.5 77.25 65.25 61.5 59.75 34.25 31.25 28.5 36 40.5 35.75 32.75 36.5 36.25 33.5 43 31 26.25 29.25 20.25 18.5 12.75 7.75 1 16.25 16.75 17 17.25 18.25 20.25 22 23.25 25 25.5 26.5 26.75 28.25 28.5 28 27.75 27.75 30 28.75 28.25 29.75 30.25 31.5 32.5 33.25 30.25 34.5 31.5 33 30.25
-9999 -9999 -9999 -9999 -9999 -9999 -9999 -9999 -9999 -9999 -9999 -9999 -9999 -9999 -9999 -9999 -9999 -9999 -9999 -9999 99.5 91 92 94 93.25 81.5 83 72.5 70.5 56.5 64.75 54.5 35.25 46 51 45 31 28.5 24.75 23.25 34.5 39.75 48.5 38 29.5 32 31.25 21.25 22.75 20 15.25 24.5 24.5 22.5 18 18.25 16.75 17.25 20 23 25.25 26.25 27.25 29 29 28.5 29.5 30.5 29.75 29.25 28.25 29.75 29.75 29 28.5 27 27.25 32.25 32.75 27.75 27
-9999 -9999 -9999 -9999 -9999 -9999 -9999 -9999 -9999 -9999 -9999 -9999 -9999 -9999 -9999 -9999 -9999 -9999 -9999 -9999 96 90 92.75 93.25 92 85.5 75.5 60.25 71.5 59 70 69 62 41.75 37 21.25 24 21.75 24.75 25.5 31.5 35 48.5 41 29.25 37.25 34 31.25 29.25 24.25 26.5 32.5 24.25 27 25 22 21.5 20.25 18.5 18.75 24.75 26.75 27.75 27.75 29.75 29.75 30.25 29.5 29.75 29.5 29.75 26.75 25.25 25.25 25 26.5 30.5 33 30 29.75 26.25
-9999 -9999 -9999 -9999 -9999 -9999 -9999 -9999 -9999 -9999 -9999 -9999 -9999 -9999 -9999 -9999 -9999 -9999 -9999 -9999 -9999 92 93.75 90.75 89 83.25 72.25 77.5 78.25 72 62.75 58.75 55 44.25 31.75 33.75 36.25 30.25 28.75 30.75 36 45.25 50.75 36.75 33.5 39.75 40.75 35.75 25.5 18 28 32.25 29.25 30.5 25 21 22.75 25.25 22.75 22 23.75 27 28.5 28.75 30 30.25 29 29 29.75 28.25 25 24.5 24.25 24.5 25.5 30 31.5 28 27.25 27 26
-9999 -9999 -9999 -9999 -9999 -9999 -9999 -9999 -9999 -9999 -9999 -9999 -9999 -9999 -9999 -9999 -9999 -9999 -9999 -9999 -9999 96 89.75 86.5 85.75 84.25 81.75 77 72.25 71.25 70.5 71.25 62 57.25 52 42 36.75 29.75 31.75 36.25 48 49 36 36 43 49 50 42.5 29.5 19.5 26.25 27.75 32.25 32.5 26.25 24.75 22.5 23.25 24.75 25.5 25.75 27.75 29 29.5 30.25 29.5 29 27.75 26.5 26.25 25.25 26.5 25 24.25 26.5 31 28.25 28.5 27 27 26.75
-9999 -9999 -9999 -9999 -9999 -9999 -9999 -9999 -9999 -9999 -9999 -9999 -9999 -9999 -9999 -9999 -9999 -9999 -9999 -9999 -9999 -9999 89.66666 86 85.5 84.75 80.75 74 75 76.5 76.75 69 65.25 60.5 54.25 42.75 36 37.25 50 45.5 42.5 39.75 31.75 44.5 52.25 54.25 50 39.5 32 33 31.5 36.25 34.5 33.5 29.25 26 26 26.75 26.75 24.75 27.75 28.25 28.5 31.25 31 28.25 29 28.5 29.25 29.5 29.5 25.75 25.75 27.75 30.75 30.75 30 29 29.25 25.5 23.75
-9999 -9999 -9999 -9999 -9999 -9999 -9999 -9999 -9999 -9999 -9999 -9999 -9999 -9999 -9999 -9999 -9999 -9999 -9999 -9999 -9999 -9999 93.5 88.5 85.75 85 84 81 76.75 74.75 70.75 67 67.75 59.75 50.25 50.5 59.75 57 44 30.25 32.5 32.75 38.5 45.5 48 56.5 52.25 42.5 33.75 39 37 41.5 41.5 37.25 31.75 27.5 29.75 28 27.75 27.75 27 29.75 30.5 32.25 32.75 30.5 31.25 32 31 31.25 31.25 31.25 31.75 31.25 31 31.25 30.5 26.25 24.5 24 22.25
-9999 -9999 -9999 -9999 -9999 -9999 -9999 -9999 -9999 -9999 -9999 -9999 -9999 -9999 -9999 -9999 -9999 -9999 -9999 -9999 -9999 -9999 96 91 87.75 86 84 80 77.5 75.5 72.25 71.75 66 63.75 52.5 52.75 63.75 46.25 26.5 33.5 34 36.25 46.25 48.25 49.25 55.75 49.25 38 32 41.5 45.25 40.25 33.25 33.5 31.25 31.5 31.5 27.5 26.25 26.75 28 28 29.5 29.25 28.75 29.25 28.5 29.75 31.75 31.75 31 31 30 29 30.25 30.75 28.25 26.5 26 24.25 23.75
-9999 -9999 -9999 -9999 -9999 -9999 -9999 -9999 -9999 -9999 -9999 -9999 -9999 -9999 -9999 -9999 -9999 -9999 -9999 -9999 -9999 -9999 -9999 94.5 89.75 88 85 81 77.75 76.25 71 66 63 65 60 62.75 56.75 40.75 35.25 47 39.25 45.25 40.75 54.5 52 46.5 47.75 55.25 46 47.5 41 31.75 29.25 31 35.75 33.25 28.5 27.5 26.5 26 25.25 26.25 26.75 26 26.75 27.25 28.5 29.75 28.75 29.75 30 29.75 29.75 30 29.75 30.25 29 28.75 29 28 26.5
-9999 -9999 -9999 -9999 -9999 -9999 -9999 -9999 -9999 -9999 -9999 -9999 -9999 -9999 -9999 -9999 -9999 -9999 -9999 -9999 -9999 99 95.33334 91 89.25 88 86.25 81.5 77.75 74.75 70 66 69 66.75 67 62.5 45.75 36.25 56 53 46 52.5 49.25 48.5 36.5 39 57.75 52.25 50.5 51.5 41.5 33.75 35.75 37.25 34 31.75 30.75 29.25 27.25 26 24.75 22.5 22.75 24 23.5 25.5 27.5 29.75 29 29.5 30.75 31 31 30.5 29.5 28.75 28.5 28.5 27.5 26.5 25.75
-9999 -9999 -9999 -9999 -9999 -9999 -9999 -9999 -9999 -9999 -9999 -9999 -9999 -9999 -9999 -9999 -9999 -9999 -9999 -9999 -9999 99 96.33334 92.75 89.5 87.75 86.25 83 78.25 75.5 73.75 70.5 66.5 66.75 65.5 48.75 50.25 58 66.25 59.5 59.5 62.25 54.5 54 50.5 46.75 59 47.75 39.5 43.25 38 39.75 33.75 34.25 31 29.25 29 29.5 30 28.5 26.75 25.5 25.25 25.5 26 25 26 28.25 30.5 30 30.5 30.25 29.75 30 28.25 28.5 26.25 27.75 27.25 25.75 24
-9999 -9999 -9999 -9999 -9999 -9999 -9999 -9999 -9999 -9999 -9999 -9999 -9999 -9999 -9999 -9999 -9999 -9999 -9999 -9999 -9999 97.25 92.75 91.25 89.75 88.5 87.75 87.5 78.75 76.5 76.75 72 71.5 67 61.5 61.75 52 42.25 52.75 46.25 45.75 44.25 45.75 48.25 48.75 49.5 57.75 51.25 45.75 48 48.5 38.25 33.75 33 32 30.5 28.75 28.25 29.25 29.75 28.75 28.5 28.75 28 28 28.25 28.25 29 29.75 29.75 29.5 28.5 29 29 26.5 27.25 25.5 25.5 25.75 23.5 23.25
-9999 -9999 -9999 -9999 -9999 -9999 -9999 -9999 -9999 -9999 -9999 -9999 -9999 -9999 -9999 -9999 -9999 -9999 -9999 -9999 99.5 95.75 93.75 92.5 90.25 89 88 88.5 80.5 74.25 73.75 71 66.5 64 43.75 36.75 25.75 33.5 40 37.25 43 44 35.75 34.25 43 50.75 56.75 53.5 55 52.75 45.5 40.25 36 35 32 30.5 29 28.75 28 27.5 28 28.25 28.75 29 28.75 29.75 29.5 28.75 28.75 28.5 27.5 27.25 27.5 26.25 26 26.5 24.5 24 23.25 23 22.75
-9999 -9999 -9999 -9999 -9999 -9999 -9999 -9999 -9999 -9999 -9999 -9999 -9999 -9999 -9999 -9999 -9999 -9999 -9999 -9999 99 96 93.25 89.75 87.75 87.5 87 86.5 81.75 75.25 69.5 62.25 58.75 58.25 57.25 52.75 47.75 44 37 33.75 36.5 44.75 38.5 34 40.5 50 53.75 45.25 42.25 44.75 39.75 35.75 35 34.5 34.75 31.75 32.25 30.75 28.25 27.25 28.75 28.5 28.5 28 29.5 30.5 31.75 30.25 27.75 26.25 25 25 25.75 24.75 25.75 26 24.5 22.25 20.25 21.5 21
-9999 -9999 -9999 -9999 -9999 -9999 -9999 -9999 -9999 -9999 -9999 -9999 -9999 -9999 -9999 -9999 -9999 -9999 -9999 -9999 -9999 96.5 90.25 87.75 87 87 87 85.75 84 78.75 73.25 60.5 49.5 43.75 45.5 59.75 55.5 50 44.25 40.75 40 39 41 35.25 42.75 50 49 46.75 40 39 42.25 38.75 34.5 33 32.75 33.25 32.5 32.5 30.5 29.5 28.5 26.75 25.75 25 25 28.5 29.5 29 27.5 26.5 23.25 22 22.5 25.25 24.5 24.75 22.5 20 18 18.5 19.75
-9999 -9999 -9999 -9999 -9999 -9999 -9999 -9999 -9999 -9999 -9999 -9999 -9999 -9999 -9999 -9999 -9999 -9999 -9999 -9999 -9999 92 90.75 89 88.5 88 87.25 85.25 85.5 81.75 75.5 65.25 67 64.25 65.75 65.75 59.25 54.25 51.5 50.25 49.25 46.75 42.25 39.5 44.25 46.75 43.5 44 42 36.5 38.25 38.75 36.75 33.75 33 34.75 33 31.25 30.25 27.5 25.25 24.25 23 23.5 26.75 30.5 28 27 26.5 23.25 19 17.5 18.25 19 17 19 17.25 16.75 10.5 10.75 11
-9999 -9999 -9999 -9999 -9999 -9999 -9999 -9999 -9999 -9999 -9999 -9999 -9999 -9999 -9999 -9999 -9999 -9999 -9999 -9999 -9999 98 95.5 92.5 91.5 89.75 87.5 86 85.75 83.5 81.5 75 63.5 59.75 47.75 60.5 60 58 60 58.5 53.25 49.25 52.75 55.5 49.5 41.25 39.25 40 38.5 36.5 36.75 38.25 39.75 35.25 33.25 33.5 32 29 27 28 25.75 23.75 23 26.75 28.75 26 25.25 22.75 19.5 18 11.5 9.5 5.25 6.5 11 16.25 14.75 10.5 6.25 3.25 -0.25
-9999 -9999 -9999 -9999 -9999 -9999 -9999 -9999 -9999 -9999 -9999 -9999 -9999 -9999 -9999 -9999 -9999 -9999 -9999 -9999 100 98 96.25 93.75 92.5 90.5 87.5 86.5 85 85 83.5 78.75 66.25 48 61.25 66.25 66.75 64.25 60 57.5 57.5 59 50.5 40 42.25 32.75 35.5 37.75 37.5 36 36.75 39.75 41.5 42 38.5 29.75 26.5 23.5 24 18.75 22.5 27.75 26.75 25.75 26.75 24.75 19.5 16.25 11.5 6 4.5 11.25 14.75 16 14.5 12.5 9.5 11.75 8.75 11.25 12.25
-9999 -9999 -9999 -9999 -9999 -9999 -9999 -9999 -9999 -9999 -9999 -9999 -9999 -9999 -9999 -9999 -9999 -9999 -9999 101 99.75 98.75 97 95 93.5 91 88.5 87.25 86 85 85.25 79.5 66.75 64.75 73.25 72.5 70 66.5 65.25 61 54.5 36 26.75 30.5 33.25 34.75 36.25 38.25 38.25 34.25 38.25 41.5 37.25 37.25 36.75 32.25 23.75 13.75 20.75 33.5 38.25 32.5 29.5 25.5 25 23.75 22.25 21.75 19.25 6.75 -11.25 -5 -1.75 -3 1 6.75 15.75 21 20.5 27 24.75
-9999 -9999 -9999 -9999 -9999 -9999 -9999 -9999 -9999 -9999 -9999 -9999 -9999 -9999 -9999 -9999 -9999 105 104 100 98.75 98.75 99 97 94.75 92.25 88.5 87.5 86 84.75 85.75 79.25 76.25 77.75 75.75 75 72 67.5 62.75 53.75 24.25 23.5 38 44.75 49.5 37.5 37.5 39.75 36.25 35 38 36 34.75 35.25 31 24 30.25 40.25 41.75 48.25 38.5 33.75 30.25 16 17.75 22.75 20.25 5.25 -9.5 -11 -4.5 1.75 1.75 13.5 25.25 26.5 24.5 24.75 35.25 35.5 32.25
-9999 -9999 -9999 -9999 -9999 -9999 -9999 -9999 -9999 -9999 -9999 -9999 -9999 -9999 -9999 -9999 -9999 105 103 100.75 99.25 99.5 100.75 98.25 95.75 92.25 89 88.25 86.75 85.5 85.5 79.25 78 81.25 78.5 74.5 69.25 64.5 60 40.25 4.75 15.5 45.75 57 56 47.5 38.5 37 32.25 30 33 34 33 31.75 30.5 40 41.5 47.75 52.25 42.5 36.25 32.25 10.75 -16.25 3.75 18.25 14 3.5 -1.5 -2.25 -6.5 3 1 1.5 10 17.5 15.5 19.25 32 34.25 38.25
-9999 -9999 -9999 -9999 -9999 -9999 -9999 -9999 -9999 -9999 -9999 -9999 -9999 -9999 -9999 -9999 -9999 106 103 101 99.5 99.5 101 99 96 91.5 89.25 89.25 87.25 88.25 89.25 79 79 79.5 78.25 76.75 67.5 52.75 45.75 47.5 44.5 46.25 59.5 57.25 55.5 54.75 47.5 37.5 39.75 38 30.25 38.5 38 47.5 47.25 50.5 50.5 54.75 58.25 55.5 48.75 27.25 12.25 12 -7.25 -0.75 -13.25 -3.75 -17.25 -7.75 16.5 33.25 23.25 36.25 47.25 43.5 39.75 33.75 36 43 47.25
-9999 -9999 -9999 -9999 -9999 -9999 -9999 -9999 -9999 -9999 -9999 -9999 -9999 -9999 -9999 -9999 -9999 107.5 103.5 102 100.25 100.5 101.25 99.25 96.75 89.75 90 91.75 91.25 90 86.75 83.5 83.5 80.25 72.75 63 56.5 45.25 43.5 60.5 61.25 62.75 61 59.25 61.25 58.75 56.75 56.5 60 59.5 49.25 54 60.25 60.5 58.5 52.5 57.5 59.25 58.5 56.5 29.75 30.75 26.75 16 12.75 9.75 23.5 45 41.25 42.5 48 52 51.75 49 38.25 33.25 38.5 41.5 47.25 48.75 45.75
-9999 -9999 -9999 -9999 -9999 -9999 -9999 -9999 -9999 -9999 -9999 -9999 -9999 -9999 -9999 -9999 -9999 105.5 103.75 102.5 100.5 101 101.25 99.25 97.25 93.25 91.5 91 91.25 88 82.5 82.25 74 55.5 54 55.5 55.5 55.75 64 58.5 53.5 48.25 58.25 64 66.5 63.5 60 58.25 62.5 63 63.25 67.25 67.75 62.5 60.5 60.5 64 63.5 61.75 54.75 48.75 37 36.75 52.25 54 58.75 59.25 60.5 59.75 57.5 54.75 51 49.25 47.5 43.25 46 50.5 51 50.25 47.75 44.25
-9999 -9999 -9999 -9999 -9999 -9999 -9999 -9999 -9999 -9999 -9999 -9999 -9999 -9999 -9999 -9999 -9999 106.5 104.75 103.5 102 100.75 100.5 98.75 96 92 89.75 91 90.75 81.5 79.5 78.25 62.75 62.5 67.75 68.5 65.25 64.5 62.25 55.75 68.25 65.5 67.5 70 67.75 68.25 66 63.75 62.25 67.5 66.5 68.75 68.25 67.75 67.25 67 67.75 64.75 59.5 56.5 59 60.25 61.5 63.5 63.75 63.25 62.25 61.25 60.5 58.75 57.5 55.5 51.25 49.25 53.25 53.25 51 49 47.25 45.5 44.75
-9999 -9999 -9999 -9999 -9999 -9999 -9999 -9999 -9999 -9999 -9999 -9999 -9999 -9999 -9999 -9999 -9999 106.25 106 103.5 103 101.5 100.25 98.5 95 92.75 90 89 89 79.25 82.25 78.75 72.25 74.5 73.25 62.25 59.25 58.75 60.5 68.5 74.5 71.25 70 70.5 72.5 72.25 71.5 69.75 68.5 69.5 67.5 69.25 67.5 66 66.25 68.75 66 60.75 60.25 60.75 65.25 67 66.25 66 64 62.5 62.25 61.5 59.5 57.5 57.25 55.5 55 55.25 50.25 51.25 52.5 51 46.75 46.25 46
-9999 -9999 -9999 -9999 -9999 -9999 -9999 -9999 -9999 -9999 -9999 -9999 -9999 -9999 -9999 -9999 -9999 105 106.5 104.5 103.25 102.25 101.5 98.25 94.25 94 90.5 87.25 85.25 83.5 84 78.25 80.25 77.5 74.25 71.75 60.75 55.5 69.25 75.5 76 73.75 72.5 77 78.25 76 73.75 71.5 72.5 70.25 70 68.5 68.75 67 63.75 60.5 59.75 58.75 62 65 65.25 65.75 65 65.75 62 58.5 61.25 60.75 57.75 55.75 58 55.5 55.5 52.5 48.75 47.75 49.5 48.5 50 50.25 48.75
-9999 -9999 -9999 -9999 -9999 -9999 -9999 -9999 -9999 -9999 -9999 -9999 -9999 -9999 -9999 -9999 -9999 107.5 104.25 105 104 103.75 104.25 95.5 92.5 92.25 92.5 87.75 83.25 85.25 87.75 83.75 80.75 83.75 79.5 75 70.25 72.75 78 78.75 76 77 80.75 78.25 76.25 77.5 73.25 73 73 73.75 71.25 70.5 70.5 69.5 70.75 68.5 67.5 66.5 64.25 65 62.75 60.75 59.25 59.75 58.25 55.25 56 54.25 56.25 54.5 55 51.75 48.75 46.75 44.25 44 43.25 43.75 42.25 44.5 40.75
-9999 -9999 -9999 -9999 -9999 -9999 -9999 -9999 -9999 -9999 -9999 -9999 -9999 -9999 -9999 -9999 -9999 109 104.25 104.75 104.5 109.5 107 92.5 91.75 90.5 89.25 80.5 85 87.75 88.75 87.25 82 83.25 77.5 76.75 77 80.5 82.25 80.5 85.25 82.75 79.5 78.25 78.5 77 76.75 76.5 75.25 72.5 68.75 67.25 65.75 68.25 70.25 67.5 65.25 63.5 62.5 63.25 61.25 59 55.75 50.25 48 51.25 48 45 43.75 49 48.75 47.5 38 39.5 38.75 38 35.75 37.75 37.5 38.75 37.75
-9999 -9999 -9999 -9999 -9999 -9999 -9999 -9999 -9999 -9999 -9999 -9999 -9999 -9999 -9999 -9999 -9999 -9999 105.5 -9999 -9999 108.5 103.6667 95.25 93.5 85.5 81.25 75.75 80.5 89.25 92 92 86.75 84 82 79.25 80.5 81.25 85.75 83.5 83 80 79.75 77 77.25 72.75 74 75.75 75 73.25 70 67.75 66.75 66 67 69.75 68.25 67.75 66.5 65 62.75 60.25 57.75 55.5 52.75 46.75 40.25 33.5 38.25 38 42.25 45.75 37.75 31.5 29.5 30.5 27 29.75 24.25 33.25 34
-9999 -9999 -9999 -9999 -9999 -9999 -9999 -9999 -9999 -9999 -9999 -9999 -9999 -9999 -9999 -9999 -9999 -9999 110 109.3333 106.5 101 97.5 93.75 90.5 78 76.5 84.25 87.5 94 93.5 92.5 90.5 91 89.75 89 86.75 86.25 83.25 81.75 81 79.75 78.25 78.25 76.75 74.25 72.25 74 75.25 73.75 71.75 72 69.5 68.25 66.75 67.5 67 65.25 67 64.75 63.25 58.25 56 49.5 50 49.75 36.75 30.75 35.5 43.25 45.75 44.25 46.25 44.5 42 38.75 30 37.25 32 28.5 28
-9999 -9999 -9999 -9999 -9999 -9999 -9999 -9999 -9999 -9999 -9999 -9999 -9999 -9999 -9999 -9999 -9999 107 102.25 103.5 100.25 97.25 96.5 93.75 86.75 89.5 91.5 93.5 94.5 97 97 91.25 91.25 91.75 91 88.5 85.5 84 83.75 82.75 81 79.25 73 72 73.5 73 71.5 69.5 70.5 71 72 69.5 71 70.25 68.5 65.25 64.5 64 64.75 63 60.75 59 54.5 44.5 44.75 42.25 39.5 40.5 49 53 49.5 51 52.25 51 48.5 44.75 41 37 30.5 32.5 38.75
-9999 -9999 -9999 -9999 -9999 -9999 -9999 -9999 -9999 -9999 -9999 -9999 -9999 -9999 112 108.5 109 106.6667 102.5 100.25 95.5 96.25 93.75 94 92.75 94.75 95 94.5 97.25 98 94 90.75 89.5 88.5 89.25 87 87.5 87 86 84 82.25 80 75 64.25 65 70.5 73 72.75 72.25 71 72.5 69 67.75 68.5 68.75 67.75 64.75 63.25 62.5 62 58.75 57.75 61.5 54 53.75 56 55.75 52.25 51 57.25 55 55.25 51.25 53 49.5 46.75 43 38 38 38 39.5
-9999 -9999 -9999 -9999 -9999 -9999 -9999 -9999 -9999 -9999 -9999 -9999 -9999 111.5 108.75 106 105 103.75 102.25 99.75 95.5 93.75 95.75 92.5 94.5 96.25 97.25 98 99 96.5 92.75 91.75 90.5 90.25 89.75 90.25 88.5 87.5 89 87.25 85 83.25 80.5 74.5 70.75 75 77.5 75.25 72.25 74.25 74.25 71.75 71.25 68 64 66.75 65.5 62 57.5 58.5 62.25 64.5 64 63.5 63.25 60.75 61 57.25 57.75 56.75 57.5 56.25 49 47.75 50.5 45.25 45 41.75 41 43.25 44.75
-9999 -9999 -9999 -9999 -9999 -9999 -9999 -9999 -9999 -9999 -9999 -9999 111 109.75 107.75 105.5 103.25 103.5 101.5 97.75 95.75 94.75 90.75 88.5 95.5 96 97.75 99.75 98 95.25 94.25 93.25 91.5 90.75 92 91 88.75 89.5 89.5 87.75 84 81.75 81.5 79.75 78.5 76.75 77.75 78.25 74.5 75.75 72.75 71 70 68.25 69 67.25 64 64.25 64.5 67.25 67.75 67.25 67.75 65.5 65.75 64.25 64.5 62.25 56.5 58.25 55.5 53.25 51 44.75 42.75 46.75 47 43.5 37 39.25 43.5
