layers/wordclim/past/Iberia_miroc_10_ascii/bio_06.asc
ncols         205
nrows         142
xllcorner     -11.010633712694
yllcorner     33.273793250999
cellsize      0.083333333333334
NODATA_value  -9999
[rows 72 to 107 of 142, columns 82 to 163 of 205]
-5.75 -6 -3.75 -2.5 -1.25 -1.25 -1 -1.5 -2 -2 -2 -2.5 -3 -4.25 -7 -10.25 -11.5 -12.75 -13 -13.25 -14.25 -12.5 -10.5 -8.5 -6.25 -5.5 -4.75 -4.5 -3.75 -3.75 -4.75 -6.25 -9.25 -12.75 -17.5 -13 -3.25 5.25 -6.75 3.25 17.5 25 34.75 42 43.25 35.75 38.75 45.75 47.75 49 50.5 53 55.66667 59 -9999 -9999 -9999 -9999 -9999 -9999 -9999 -9999 -9999 -9999 -9999 51.33333 43.25 41.25 39.5 45.25 49 54 -9999 -9999 -9999 -9999 -9999 -9999 -9999 -9999 -9999 -9999
-4 -1 -3 -3 -1.75 -1 -1 -2 -2 -2 -3.5 -4.75 -6 -9 -9.75 -12.5 -14.5 -16.25 -17.5 -17 -18.75 -17 -13 -8.5 -5.75 -4.75 -3.75 -3 -3.75 -8.5 -14 -14.25 -17.25 -17.25 -14.75 -10 -6.25 -1.25 -9.5 -1.5 10.5 22.75 30.25 37 37 28.25 23 41.75 45.75 46.75 47.75 49 51 54 57 -9999 -9999 -9999 -9999 -9999 -9999 -9999 -9999 56.33333 52 45.25 39.25 40.25 43.5 46.25 49 53.5 -9999 -9999 -9999 -9999 -9999 -9999 -9999 -9999 -9999 -9999
-1 -1 -1.5 -2 -1.25 -1 -1.25 -2.75 -2.75 -2 -2.5 -5.25 -8.25 -10.5 -13.5 -13.5 -13.5 -14.75 -17.25 -19 -20.25 -18 -15.25 -10.5 -6.75 -4.5 -3.5 -4.25 -5.75 -10.75 -13.25 -13.75 -15.25 -12.25 -9.5 -8 -3.25 -4.5 -9.5 -1.75 9 19 24.5 30 34.75 32 29 39 42.5 45.25 45.5 46.25 47.25 49.75 52.5 56.66667 -9999 -9999 -9999 -9999 -9999 -9999 60 54 46 39.75 40.25 44.5 47 51.25 56.66667 -9999 -9999 -9999 -9999 -9999 -9999 -9999 -9999 -9999 -9999 -9999
-2 -2.75 -3.5 -1.75 -2 -2.25 -3 -5.75 -4.5 -2 -4.75 -6.25 -6.25 -7.75 -12.25 -14 -14 -15.25 -16.25 -17.5 -18.25 -16.5 -15.25 -12.5 -9.75 -8 -5.5 -7.5 -7.5 -9.5 -12 -12 -11.5 -10.25 -6.5 -5.5 -6 -1.75 0 8 10.75 7.25 18 21.5 19.75 21.75 16.75 19 31.5 40.25 43 41.25 44.25 47.75 50.75 55 -9999 -9999 -9999 -9999 -9999 -9999 -9999 57 47.75 47.75 46.75 47 48.5 53.5 59.5 -9999 -9999 -9999 -9999 -9999 -9999 -9999 -9999 -9999 -9999 -9999
0 -1 -5 -3 0.75 -0.25 -1.25 -1.25 -1 -1.75 -4 -4.75 -5.25 -7.5 -11.75 -13.75 -14.5 -15.5 -16.75 -17.5 -17.5 -18.25 -20.5 -20.25 -19.75 -17 -12.5 -11 -11 -10.25 -11.5 -11.25 -9.75 -8.75 -4 -5 -6.75 -5.25 4.5 5.25 1 3.5 1.75 -1.75 9.75 16 4.75 5.5 14 28.75 33.5 39 42 46.5 51 -9999 -9999 -9999 -9999 -9999 -9999 -9999 -9999 58.75 54.5 52.25 49.75 46.75 49.25 56.5 -9999 -9999 62 -9999 -9999 -9999 -9999 -9999 -9999 -9999 -9999 -9999
-1.5 -2.5 -5.5 -4.5 -2.25 0 -2.5 -1 0 -0.5 -3.5 -6 -6.25 -7 -10 -13.5 -14.5 -12.75 -9 -11 -19.75 -27.25 -28.5 -29.25 -25.5 -18.5 -13 -8.75 -7.75 -7.25 -6.25 -5 -4.25 -7 -4.25 0.25 1 1.75 10 9 8.75 -3.25 -4.75 -4.25 1 3 -5.75 5.75 24 24.5 38.5 44.25 52.33333 -9999 50 52.5 58 -9999 -9999 -9999 -9999 -9999 -9999 58.5 53 52.5 49 47.75 44 55.25 -9999 -9999 -9999 -9999 -9999 -9999 -9999 -9999 -9999 -9999 -9999 -9999
0.75 -1.75 -0.75 5.75 1.75 1.75 -0.25 -0.75 -3 -2.75 -3.5 -6.5 -5.75 -5 -7.75 -10 -6 -7.75 -7.25 -21.5 -30.75 -32.5 -24.5 -19.5 -15.5 -11.75 -7.5 -5.5 -2.5 0 1.75 2 0.75 -1 -4.5 -2.75 3.75 6.75 6 11.75 5.5 -1.75 8 -1.5 4.25 5.25 21.25 20.5 35.5 43 49.66667 52 52.5 51.5 51.75 54.25 59 -9999 -9999 -9999 -9999 -9999 -9999 60 53.5 51 52.25 53.5 55.66667 60 -9999 -9999 -9999 -9999 -9999 -9999 -9999 -9999 -9999 -9999 -9999 -9999
0.75 5 8 2 -1.5 -5 -4 -1.25 -1.75 -2.5 -3 -1.75 -1.75 -4.25 -8.25 -3.25 -0.25 -3 -14.5 -25.75 -24 -25 -20.25 -15 -12 -5.25 -1 1.75 5.25 6.25 7.5 4.25 0.25 3.25 4 4.25 3.25 -0.25 1 10.5 13.75 1.5 6.75 17.5 27 24 38.5 45.5 46.5 45.75 55.25 51.5 51.25 51.75 53 56 62 -9999 -9999 -9999 -9999 -9999 -9999 -9999 60 56 61.5 62 -9999 -9999 -9999 -9999 -9999 -9999 -9999 -9999 -9999 -9999 -9999 -9999 -9999 -9999
-3.25 2 11.25 0.75 -2.75 -4.75 -9.5 -2.5 -3.5 1.75 4.5 3.5 -0.75 -1 1.5 4 1.75 -7.5 -3.75 -11 -27.75 -22 -7.5 -2 0.25 3.25 2.75 9 7.5 9.5 10.5 8.75 7.5 8.25 4.5 5.25 -2.25 4.25 6 11.5 21 21 27.25 33.25 39 44 49.25 52.5 53 53 53 52.5 53 54 55.5 61 -9999 -9999 -9999 -9999 -9999 -9999 -9999 -9999 -9999 -9999 -9999 -9999 -9999 -9999 -9999 -9999 -9999 -9999 -9999 -9999 -9999 -9999 -9999 -9999 -9999 -9999
7.5 8.25 12.75 10 10.5 8.25 6.5 7.25 12.25 11.75 12.5 7 5 3.5 8.75 6.5 -2 0 -15 -26 -22.5 -12.75 -5.25 -3.5 -7.25 -8.25 1.25 7 10.5 15 11.25 12.75 16 10.5 13.5 9.75 5 6.75 5.25 15.75 24 29 33.75 39.75 43.75 47.25 54 54.25 53.25 52.5 53.25 54.25 54.75 58 60.33333 -9999 -9999 -9999 -9999 -9999 -9999 -9999 -9999 -9999 -9999 -9999 -9999 -9999 -9999 -9999 -9999 -9999 -9999 -9999 -9999 -9999 -9999 -9999 -9999 -9999 -9999 -9999
8.75 12 19.5 13.75 17.75 21 20 19 20.75 20.25 14.25 8.75 6.25 12 9.5 -3.75 -12 -6.25 -26 -28.5 -13.75 -27.25 -13 -20.75 -22 -20.5 -10.25 1.75 13.5 18.75 16.75 19.75 21.25 18.75 12 4.5 11.75 17 16.25 21.25 31.5 36.75 39.75 41.75 46.25 53 52.5 56.25 56.75 53.25 55 57 60.5 61 -9999 -9999 -9999 -9999 -9999 -9999 -9999 -9999 -9999 -9999 -9999 -9999 -9999 -9999 -9999 -9999 -9999 -9999 -9999 -9999 -9999 -9999 -9999 -9999 -9999 -9999 -9999 -9999
21.5 22.75 20.75 21.75 27.75 28.75 24.75 27 27 19.5 16.25 17.5 15 7.75 3.5 -9.5 -4.5 -14.75 -28.75 -31.25 -25.5 -27.75 -21.25 -23 -27.25 -20.75 -16.5 0.75 10.75 14.75 16 14.25 8.25 18.25 22.5 20.75 24.75 27.5 31 35.5 39 40.25 41.75 43.75 45.5 53 53 54 58.75 57 58.33333 61 63 -9999 -9999 -9999 -9999 -9999 -9999 -9999 -9999 -9999 -9999 -9999 -9999 -9999 -9999 -9999 -9999 -9999 -9999 -9999 -9999 -9999 -9999 -9999 -9999 -9999 -9999 -9999 -9999 -9999
28.5 28.25 29.75 32.5 31.75 32 29.25 30.5 24.5 18.25 15.5 15.5 14.25 14.25 -4.5 -23.5 -5.75 -36 -37.25 -33.25 -39 -41.5 -38.75 -31.25 -23.25 -10.75 -8.5 1.75 8 9.75 9.75 10.5 13.5 19.25 26.5 25.75 25.5 30 32 35.75 37 40 43.5 50.5 55 -9999 60 58.5 60 -9999 -9999 -9999 -9999 -9999 -9999 -9999 -9999 -9999 -9999 -9999 -9999 -9999 -9999 -9999 -9999 -9999 -9999 -9999 -9999 -9999 -9999 -9999 -9999 -9999 -9999 -9999 -9999 -9999 -9999 -9999 -9999 -9999
33.25 35.5 36 35.25 36.25 34.5 34 25.75 16.5 17.5 17.75 21 22.75 13.25 -8.75 -7.75 -30.5 -45.25 -40.5 -41.25 -30.5 -25 -19.25 -18.75 -13 -10.25 -3.5 -3.25 -5.75 -0.75 9.25 16.75 18.25 22.25 25.5 28 30.5 31 30.75 31.25 36.25 41.25 43.5 50.25 -9999 -9999 -9999 -9999 -9999 -9999 -9999 -9999 -9999 -9999 -9999 -9999 -9999 -9999 -9999 -9999 -9999 -9999 -9999 -9999 -9999 -9999 -9999 -9999 -9999 -9999 -9999 -9999 -9999 -9999 -9999 -9999 -9999 -9999 -9999 -9999 -9999 -9999
30 33 36.25 34.25 36 34 33.25 31.75 32 30.5 28.5 26.75 19.5 8 -12.75 -30.25 -43 -40.25 -21 -27.25 -20.75 -10.75 -13.25 -18.25 -13.5 -8.25 -5.25 0.25 -2 -11.75 6.25 1 14.75 21.75 27 25.5 22 24.25 26 30.5 36.5 42 45 49.5 60 -9999 62 -9999 -9999 -9999 -9999 -9999 -9999 -9999 -9999 -9999 -9999 -9999 -9999 -9999 -9999 -9999 -9999 -9999 -9999 -9999 -9999 -9999 -9999 -9999 -9999 -9999 -9999 -9999 -9999 -9999 -9999 -9999 -9999 -9999 -9999 -9999
32.25 31.75 32 31.5 34.5 32 24 17.5 16.25 12.25 21 24 17 -4.25 -36.25 -25.5 -22 -18.5 -9.5 -10 -11.25 -8.75 -12.75 -14 -11.25 -1 1.25 8.25 5.75 5.5 -0.25 1 22.75 28 12.75 18 25.75 30.25 33.25 37.75 42.25 43.75 45.75 49.25 57 59.25 60.5 -9999 -9999 -9999 -9999 -9999 -9999 -9999 -9999 -9999 -9999 -9999 -9999 -9999 -9999 -9999 -9999 -9999 -9999 -9999 -9999 -9999 -9999 -9999 -9999 -9999 -9999 -9999 -9999 -9999 -9999 -9999 -9999 -9999 -9999 -9999
31 28 20.5 7.25 22.75 27.5 8.25 -14.75 -27.25 -3.5 10.25 9.75 18.5 5 -13.75 -4.75 -1.5 -1.75 1.75 -0.75 -4 -6 -10.75 -11.5 -9.25 -10.5 0.5 15.25 16.75 17.25 12.25 25 29.75 29.5 27.75 29.5 32 35.75 38.75 41.75 44.75 46 47.25 51 56 59 62.5 -9999 -9999 -9999 -9999 -9999 -9999 -9999 -9999 -9999 -9999 -9999 -9999 -9999 -9999 -9999 -9999 -9999 -9999 -9999 -9999 -9999 -9999 -9999 -9999 -9999 -9999 -9999 -9999 -9999 -9999 -9999 -9999 -9999 -9999 -9999
27.25 24.75 18.75 3.5 -1.5 0.5 7.5 1 -11.5 -3.75 -6.5 0 3.25 10.5 5.25 1 5.75 6.75 3.75 -4.25 -18.25 -14.5 -18.75 -25 -12.25 3 4.75 7.5 14 25 28.25 24 24.5 34 29 30.25 32.5 39 41.75 43.25 45 47 48.5 53 58 62.25 -9999 -9999 -9999 -9999 -9999 -9999 -9999 -9999 -9999 -9999 -9999 -9999 -9999 -9999 -9999 -9999 -9999 -9999 -9999 -9999 -9999 -9999 -9999 -9999 -9999 -9999 -9999 -9999 -9999 -9999 -9999 -9999 -9999 -9999 -9999 -9999
26.5 11.75 14.25 -0.25 -16.25 -12.75 -4 -13 -9 -5 -3.25 -1.5 6.75 16.25 10.75 11.25 7.5 11.75 3.5 -3 -9.5 -14.75 -11.5 -8.25 -8 -4.25 2.5 10.75 22.75 29.5 22.75 15 29.5 38.75 40.75 39 32 41.75 41.5 41.25 44.75 49.5 54 58.75 62 -9999 -9999 -9999 -9999 -9999 -9999 -9999 -9999 -9999 -9999 -9999 -9999 -9999 -9999 -9999 -9999 -9999 -9999 -9999 -9999 -9999 -9999 -9999 -9999 -9999 -9999 -9999 -9999 -9999 -9999 -9999 -9999 -9999 -9999 -9999 -9999 -9999
20.5 15.75 6.25 -4.25 -12.75 -12 -4.75 -6 -5 -10.25 -6.75 -5.5 4.25 2.5 3.5 -3.5 -0.25 6.75 -1.25 -12.5 -15.5 -12.25 -7.25 -1 1.75 7.5 11 17.5 25.25 29.25 24.25 26 40.75 48.75 50 53.33333 41.5 52.5 50 50.5 56 53.5 63 -9999 -9999 -9999 -9999 -9999 -9999 -9999 -9999 -9999 -9999 -9999 -9999 -9999 -9999 -9999 -9999 -9999 -9999 -9999 -9999 -9999 -9999 -9999 -9999 -9999 -9999 -9999 -9999 -9999 -9999 -9999 -9999 -9999 -9999 -9999 -9999 -9999 -9999 -9999
7 5 -0.5 2.75 -0.25 0 -5.25 2 -0.75 -9.5 -6 2 0.25 -8.5 -14 -27.5 -17.75 -1.5 -1.5 -5.5 -5.5 0.25 8.25 20 23 26.5 33 32.25 38.25 38.25 44.75 47.25 51.25 54.66667 60 -9999 -9999 -9999 -9999 -9999 -9999 -9999 -9999 -9999 -9999 -9999 -9999 -9999 -9999 -9999 -9999 -9999 -9999 -9999 -9999 -9999 -9999 -9999 -9999 -9999 -9999 -9999 -9999 -9999 -9999 -9999 -9999 -9999 -9999 -9999 -9999 -9999 -9999 -9999 -9999 -9999 -9999 -9999 -9999 -9999 -9999 -9999
5.75 4 -6 -2.25 5 5.25 6 -10.25 -22 -20.25 -8 0.25 -2 -15.5 -29.5 -47.25 -35.75 -17.75 -11.25 -3.5 1.75 9.75 19 26.25 32.75 36.25 40.5 37.25 46.25 48.25 54.25 56.33333 59 -9999 -9999 -9999 -9999 -9999 -9999 -9999 -9999 -9999 -9999 -9999 -9999 -9999 -9999 -9999 -9999 -9999 -9999 -9999 -9999 -9999 -9999 -9999 -9999 -9999 -9999 -9999 -9999 -9999 -9999 -9999 -9999 -9999 -9999 -9999 -9999 -9999 -9999 -9999 -9999 -9999 -9999 -9999 -9999 -9999 -9999 -9999 -9999 -9999
10.75 14.5 13.25 14.25 15.5 12.75 6.75 -12.25 -20.75 -20.75 -18.75 -10.25 -6.25 -9 -14 -23.5 -41.5 -43.75 -41.25 -41.25 -34 -25.5 -3.75 10.5 14.75 28.5 44.25 51.75 53.75 57.75 63.5 -9999 -9999 -9999 -9999 -9999 -9999 -9999 -9999 -9999 -9999 -9999 -9999 -9999 -9999 -9999 -9999 -9999 -9999 -9999 -9999 -9999 -9999 -9999 -9999 -9999 -9999 -9999 -9999 -9999 -9999 -9999 -9999 -9999 -9999 -9999 -9999 -9999 -9999 -9999 -9999 -9999 -9999 -9999 -9999 -9999 -9999 -9999 -9999 -9999 -9999 -9999
17.75 21.25 17.25 16.25 14.25 13 11 0.25 -13.5 -33.75 -57 -40 -22 -21.5 -19.75 -10 -1 -3.25 -12.75 -10.75 -2.25 7.25 10.5 21.5 25.75 31.5 46 54.75 60.5 65 -9999 -9999 -9999 -9999 -9999 -9999 -9999 -9999 -9999 -9999 -9999 -9999 -9999 -9999 -9999 -9999 -9999 -9999 -9999 -9999 -9999 -9999 -9999 -9999 -9999 -9999 -9999 -9999 -9999 -9999 -9999 -9999 -9999 -9999 -9999 -9999 -9999 -9999 -9999 -9999 -9999 -9999 -9999 -9999 -9999 -9999 -9999 -9999 -9999 -9999 -9999 -9999
-14.5 4.25 6.75 3.75 4.75 5.75 3.25 -14.75 -49 -76.5 -90 -79.75 -65.25 -55.5 -51.5 -46.5 -30.5 -6.75 16.25 20.5 23.5 31 28 29 33.25 40 33.5 42.75 68 -9999 -9999 -9999 -9999 -9999 -9999 -9999 -9999 -9999 -9999 -9999 -9999 -9999 -9999 -9999 -9999 -9999 -9999 -9999 -9999 -9999 -9999 -9999 -9999 -9999 -9999 -9999 -9999 -9999 -9999 -9999 -9999 -9999 -9999 -9999 -9999 -9999 -9999 -9999 -9999 -9999 -9999 -9999 -9999 -9999 -9999 -9999 -9999 -9999 -9999 -9999 -9999 -9999
-4 -0.75 -1 -0.25 -9.75 -7.25 3.25 -12.25 -67.25 -68 -60.5 -44.75 -19 0.75 -3.25 -7.5 -0.25 15.25 33.25 39 44 16.25 7.25 23 41.5 48 52.75 61.25 67.5 -9999 -9999 -9999 -9999 -9999 -9999 -9999 -9999 -9999 -9999 -9999 -9999 -9999 -9999 -9999 -9999 -9999 -9999 -9999 -9999 -9999 -9999 -9999 -9999 -9999 -9999 -9999 -9999 -9999 -9999 -9999 -9999 -9999 -9999 -9999 -9999 -9999 -9999 -9999 -9999 -9999 -9999 -9999 -9999 -9999 -9999 -9999 -9999 -9999 -9999 -9999 -9999 -9999
20 -15 -14 -4 -7 -14.25 1.25 13.25 6.75 4 -3.5 -3.5 4.25 23.75 11.5 -35 -34.25 -13 2.25 30.25 53.25 48.25 45.5 54.75 56 53.25 60.5 65.75 72 -9999 -9999 -9999 -9999 -9999 -9999 -9999 -9999 -9999 -9999 -9999 -9999 -9999 -9999 -9999 -9999 -9999 -9999 -9999 -9999 -9999 -9999 -9999 -9999 -9999 -9999 -9999 -9999 -9999 -9999 -9999 -9999 -9999 -9999 -9999 -9999 -9999 -9999 -9999 -9999 -9999 -9999 -9999 -9999 -9999 -9999 -9999 -9999 -9999 -9999 -9999 -9999 -9999
49.5 28.75 18.5 4.5 -9.5 13 16.25 31.25 6 -0.5 -2.5 9.25 4.5 28.5 38.5 15.5 10 30.25 42.5 44.5 63.25 67 65.5 63.75 58.25 59.25 68.25 73.33334 -9999 -9999 -9999 -9999 -9999 -9999 -9999 -9999 -9999 -9999 -9999 -9999 -9999 -9999 -9999 -9999 -9999 -9999 -9999 -9999 -9999 -9999 -9999 -9999 -9999 -9999 -9999 -9999 -9999 -9999 -9999 -9999 -9999 -9999 -9999 -9999 -9999 -9999 -9999 -9999 -9999 -9999 -9999 -9999 -9999 -9999 -9999 -9999 -9999 -9999 -9999 -9999 -9999 -9999
60 60.5 52 55.25 46.5 51 52.5 55.5 41.75 41.75 45.75 53.5 54.75 56.75 58 57 61.25 61.75 64.75 68.75 72.25 75.5 76.75 65 62.75 70.5 75 -9999 -9999 -9999 -9999 -9999 -9999 -9999 -9999 -9999 -9999 -9999 -9999 -9999 -9999 -9999 -9999 -9999 -9999 -9999 -9999 -9999 -9999 -9999 -9999 -9999 -9999 -9999 -9999 -9999 -9999 -9999 -9999 -9999 -9999 -9999 -9999 -9999 -9999 -9999 -9999 -9999 -9999 -9999 -9999 -9999 -9999 -9999 -9999 -9999 -9999 -9999 -9999 -9999 78 78
76 76 75.33334 71.66666 73 75.5 75 75 57 65 73.5 -9999 -9999 -9999 76 70.75 67.25 67 69.25 74.25 78.5 -9999 -9999 77.5 75 79 -9999 -9999 -9999 -9999 -9999 -9999 -9999 -9999 -9999 -9999 -9999 -9999 -9999 -9999 -9999 -9999 -9999 -9999 -9999 -9999 -9999 -9999 -9999 -9999 -9999 -9999 -9999 -9999 -9999 -9999 -9999 -9999 -9999 -9999 -9999 -9999 -9999 -9999 -9999 -9999 -9999 -9999 -9999 -9999 -9999 -9999 -9999 -9999 -9999 78 74 65.5 67.33334 72.25 72 72
-9999 -9999 -9999 -9999 -9999 -9999 -9999 -9999 -9999 -9999 -9999 -9999 -9999 -9999 -9999 77 76 74.5 77 -9999 -9999 -9999 -9999 -9999 80.33334 -9999 -9999 -9999 -9999 -9999 -9999 -9999 -9999 -9999 -9999 -9999 -9999 -9999 -9999 -9999 -9999 -9999 -9999 -9999 -9999 -9999 -9999 -9999 -9999 -9999 -9999 -9999 -9999 -9999 -9999 -9999 -9999 -9999 -9999 -9999 -9999 -9999 -9999 -9999 -9999 -9999 65 79 69 66.5 66.5 61 61.5 68 67.5 62.75 59.75 59 54.5 64 63.75 62.25
-9999 -9999 -9999 -9999 -9999 -9999 -9999 -9999 -9999 -9999 -9999 -9999 -9999 -9999 -9999 -9999 79 -9999 -9999 -9999 -9999 -9999 -9999 -9999 -9999 -9999 -9999 -9999 -9999 -9999 -9999 -9999 -9999 -9999 -9999 -9999 -9999 -9999 -9999 -9999 -9999 -9999 -9999 -9999 -9999 -9999 -9999 -9999 -9999 -9999 -9999 -9999 -9999 -9999 -9999 -9999 -9999 -9999 -9999 -9999 -9999 67 60 63.25 60.5 63 52.75 53 51 51.5 46 38.5 39.25 43.75 48.75 44 47.25 54.75 59 61.5 62.75 63
-9999 -9999 -9999 -9999 -9999 -9999 -9999 -9999 -9999 -9999 -9999 -9999 -9999 -9999 -9999 -9999 -9999 -9999 -9999 -9999 -9999 -9999 -9999 -9999 -9999 -9999 -9999 -9999 -9999 -9999 -9999 -9999 -9999 -9999 -9999 -9999 -9999 -9999 -9999 -9999 -9999 -9999 -9999 -9999 -9999 -9999 -9999 -9999 -9999 -9999 -9999 -9999 -9999 -9999 -9999 -9999 -9999 -9999 -9999 -9999 66.5 53.5 47 49.25 54.75 56.75 45 33.75 42.75 46.25 38.75 30.75 26.5 25 27 20.25 17.25 27 37.25 46.75 47.25 50
-9999 -9999 -9999 -9999 -9999 -9999 -9999 -9999 -9999 -9999 -9999 -9999 -9999 -9999 -9999 -9999 -9999 -9999 -9999 -9999 -9999 -9999 -9999 -9999 -9999 -9999 -9999 -9999 -9999 -9999 -9999 -9999 -9999 -9999 -9999 -9999 -9999 -9999 -9999 -9999 -9999 -9999 -9999 -9999 -9999 -9999 -9999 -9999 -9999 -9999 -9999 -9999 -9999 -9999 -9999 -9999 -9999 65 65.5 54 49.75 39.5 43.25 43.5 46.25 46.5 42 37.25 40.25 34.5 39.75 36.5 36 37 38.5 32.75 12.25 25.25 41.75 44 39.5 33.5
-9999 -9999 -9999 -9999 -9999 -9999 -9999 -9999 -9999 -9999 -9999 -9999 -9999 -9999 -9999 -9999 -9999 -9999 -9999 -9999 -9999 -9999 -9999 -9999 -9999 -9999 -9999 -9999 -9999 -9999 -9999 -9999 -9999 -9999 -9999 -9999 -9999 -9999 -9999 -9999 -9999 -9999 -9999 -9999 -9999 -9999 -9999 -9999 -9999 -9999 -9999 -9999 -9999 -9999 75.5 71.66666 63.25 58.25 51 41 41.25 41 48.5 46 47.5 45.75 45.5 44.75 43.5 46 45.75 44.75 42.75 36 42.75 44.75 44 41.5 39.25 38.25 32.25 32
-9999 -9999 -9999 -9999 -9999 -9999 -9999 -9999 -9999 -9999 -9999 -9999 -9999 -9999 -9999 -9999 -9999 -9999 -9999 -9999 -9999 -9999 -9999 -9999 -9999 -9999 -9999 -9999 -9999 -9999 -9999 -9999 -9999 -9999 -9999 -9999 -9999 -9999 -9999 -9999 -9999 -9999 -9999 -9999 -9999 -9999 -9999 -9999 -9999 -9999 -9999 -9999 79 73.5 65.25 58.25 54 47.75 45.5 44.75 43.25 38.5 42.75 49.75 50.5 50.75 48.75 44.75 45.5 40.75 39.75 38.25 39.25 33.5 36.5 40 42.25 42.25 40.25 36.25 36.25 26.75
