layers/wordclim/past/Iberia_miroc_10_ascii/bio_11.asc
ncols         205
nrows         142
xllcorner     -11.010633712694
yllcorner     33.273793250999
cellsize      0.083333333333334
NODATA_value  -9999
[rows 36 to 71 of 142, columns 81 to 161 of 205]
28.25 27.25 24.25 24.25 21.5 19.75 16.75 14 11.25 12 12.75 9.5 3.75 -7.75 -11.25 -5.5 -8.75 -12.75 -5.5 -4.25 -11.75 -7.5 3.75 -2.25 3.5 14.5 22.25 26.5 33.75 37.25 39 41.75 40 36.25 30.75 34.5 39.75 37.75 34.25 33.5 32.25 34.75 33 31.5 29.25 32 32 27 27 27.75 25.75 27.25 28.5 30.75 14.75 14 13.25 18.25 11.5 11 6.75 24.5 18.75 19 9.5 12.75 24 18.75 19.75 14.5 13.75 12.75 15.5 33.75 26.75 30 28.75 34.75 32.75 24.75 32
25.5 23 20.75 21.5 21.25 19.75 19 17.25 13.75 10 8.25 14 9.5 3.5 -2.75 -11.75 -23.75 -13.25 -21.75 -18.75 -12.75 -6.25 -6.75 -2.75 1.75 3 16.5 25.5 27.25 28.5 37.75 40.5 43 43.5 39 38 41 36.25 29.25 24.25 28.25 37 34.5 34 33.25 34.75 34.75 30.75 30.5 32.25 30.5 33 33.5 34 24.5 20.25 14.75 18.25 21 14.25 16.25 21 4.5 18.25 25.75 30.25 34 30.5 24 29.75 32.25 30.75 34.75 40.5 38 37.5 34.25 37.75 45 38.25 34.25
25.25 22.25 20.75 19.5 19 17.5 15.25 14.75 10.75 8.5 7 9.75 9 5.5 2.25 1.5 -0.75 0.25 -1 4.5 2.75 7 3.25 -2.25 1.25 10.5 11.75 13.25 19.25 24.75 32 31.75 35.5 42.75 44 43.5 41.25 34.75 27.25 25 30.75 39.25 37 31.5 30.75 36 38.25 36.5 34.75 35.5 31.5 35.5 38.5 36.75 32 27.25 24.25 24 23.5 21.25 24 27.25 27.5 36.25 36.75 37.25 34.5 30 25.5 29.5 37.5 41.75 39.5 48 44 44 35.25 41.5 44 39.25 32
24 21.5 21.25 20.5 20.5 18.75 18 17.75 16.25 14.75 14 10.5 9 8.75 8 5 6.75 8.25 8 10 11.25 12.25 10.25 5.25 0.75 2.5 9.25 8 2.25 12.75 22 25 32.25 38.25 40.5 43.75 45 38.25 36 33 38 42 38 34.5 28.25 32.75 36.5 39.5 40.25 37.5 34.25 38.5 41.5 37.75 37.5 37 35.75 34 32.5 32.5 35.25 39.5 37.75 39.25 38.75 38 40.25 38.75 36 30.75 35.75 43.5 49 52.25 52.25 42 31.25 37.5 36.75 24.5 35
25 24 22.25 24.25 24.25 22.75 21.5 20.75 19.75 18 17.5 15.75 13.5 11.25 10.5 9 8.25 8 7.5 6 9.75 11.25 11.25 8.5 7.5 8.5 3.75 -1.25 -12.75 -17.25 6.75 19 25.5 33.5 37.5 40.25 43.75 45.75 45.25 41.5 42.75 44.25 38 33.25 26 26.25 34 37.75 41.75 42.25 42.5 43.25 44.25 39.5 42 42.75 38.75 35.25 39 40.5 42.5 43 43.5 42.75 43 42.5 39 35.25 36 35.25 38.75 47.25 57.25 59 52 43.5 37.75 39.5 38.25 37.25 37.75
25 25.5 22.75 26.25 25.75 24.5 23.75 23 21.75 19 18 17 17 14.5 15.75 12.5 14 11.5 10 11.5 11.75 12 14 13 11 9.25 7 2.5 -2.25 -1.25 5.5 14.75 17.75 28.25 35.75 40 40.5 42 45.25 47.75 48 47.5 41 37.5 37.5 35.25 27.25 30 36 38.75 37.25 43.5 46 45.25 45.25 43.25 39.5 38.5 42 43.75 45.5 46 46.25 45.75 45.25 41.25 39 35 35 39.25 39 46.25 56.25 61.25 44.5 46.25 51.25 60.75 62.25 62.25 63
26.25 27.25 24.25 22.75 20 21.25 21.25 19.75 17 17 19.5 20 19.75 17.75 17.75 15.5 15 16.5 15.5 13.5 10.5 12.75 13.5 11.5 9.75 9.5 6.25 6 5.25 10.5 14.75 21.75 25.5 25 36.25 40 36 29.25 35 41.75 43.25 47.75 50 46.25 45.25 43 39 34.5 35.75 39.5 38.5 39.5 43.25 44.25 48.5 45 45.25 47 45.75 45.25 45.25 46.25 46 45.5 42.5 37.5 32.5 33.25 38.5 49.25 54.5 49.75 48 63.5 57.75 61.75 68.75 73 71.5 66.75 65.5
22 22.25 23.25 21 18.5 16 13.75 10.25 16.25 14.25 14.25 16.25 16.75 18.25 19.25 17.5 17.75 16.25 16.5 16.25 15.25 13.5 8 7.5 12 10.75 8.75 10.25 11 12.75 5.75 17 29.75 33.25 38 38.25 33.25 31 36 29.75 34 39.25 44.5 49.5 52 49.25 45.25 43.5 41 43.25 44.75 45.5 45.75 44.5 45.75 52.5 52 49.25 45.75 43.75 43.5 44.5 43.5 39.75 35.75 34.25 34.25 36.75 37.25 43.5 51 60.75 65 72 72.5 72.75 76.25 76.25 72.25 75.75 79.25
23 22.75 21.5 21.5 15 8.75 10.25 13.5 17.5 16.75 14.5 12.75 10.25 10.75 10.5 10 12.25 13.5 10.5 12 14.25 13.75 10.75 11.25 16.5 15.75 13.25 12.75 14.5 21.75 21.5 21 21.25 24 25.5 32 31.25 29.5 28.25 24 28 35.5 41 47.75 51.25 52.75 47.25 43.5 43.75 44 44.25 46.75 51 50.5 48.25 53 49.75 47.25 43.75 40.75 40 38.25 38.75 40.25 46.75 48.75 41.75 42.25 37 43.75 57.75 66.25 68.75 63 73 76.25 74 81.25 83 83 83.75
25 23 22.5 21.75 18.75 14 17 16.75 13 10.75 10.5 6.75 3.75 4 3.75 3.25 7.5 11 9.25 9.25 9.25 9.5 11.25 16.25 19 20.75 20.5 20.75 19.5 24.25 25.25 27.75 19.25 9 11.5 19 25.75 22.5 24.5 21.25 28.25 37.75 42.5 46.75 49.5 52.25 54.75 51 50.75 50.75 53 55 56 48 52 54 48 48.75 46.5 40.5 36 32 26.25 28 36 53.75 57.75 57.5 50.25 58.5 68 69.25 68.75 62 69.75 82 83.25 84.25 86.5 87.25 87.5
24 22.75 22 20.5 19.5 17 17 15.5 9 -1.75 -10 -4 -1.5 -2.75 0.5 7.5 7.75 9 10.5 7.5 7.5 7.25 10.75 17 19.75 18.75 17.75 17.75 17.25 19.25 17.5 20 16.25 10.5 7.5 8.75 13.5 16.5 16 22.25 28 32.75 38 43.5 48 50.5 53.75 55.5 57.75 59.75 60.25 58.25 55 55.75 58 57.5 59.5 64 57.5 49.75 41.5 39.25 35 34.5 49.25 67.75 66.5 66.25 67 75 74 75.25 78.75 75 81.5 84.75 86.25 89.25 92.5 95 -9999
24 22.25 20.5 18.5 16.25 13.5 11.75 5.75 -8.25 -18 -7 -9 -1 -5 -0.75 9 8.75 12.75 13.75 7 5.5 6.5 7 8.75 8.25 8.5 6.25 9.5 11.75 13.25 8.75 9.5 12.75 12.25 9 9.25 5.25 5.75 13.25 17.25 24 24.75 28.5 38.5 45 48 50 50.25 52.25 53.75 56.75 58.75 55 59 55.75 54 47.25 62.5 65 61.5 59 49 54.25 65.5 70.25 75.75 74.75 77.5 79.25 82.25 84.25 86.75 86.25 86.25 87.25 90 91.5 94 -9999 -9999 -9999
22.25 20.5 16.5 13 10.25 8.5 -2 1.5 0.75 -1 5.5 5.25 6.25 6.5 13 12.25 14.75 15.25 13 9.5 7.25 4.5 3.5 0.5 -3.25 -2.75 2 -0.75 2.25 4.75 4.25 2 0 7.25 10.75 5.25 2.5 0 6 13.5 18.75 20.75 18 26.25 39 38.75 43.75 47.25 50 50.75 53.75 50.25 52.75 56.75 53.25 51.75 54.25 62.75 74.25 69.75 57.25 51.75 72.25 77.5 79.25 81.5 83 85.5 88.5 90.75 92.25 94.66666 93.5 93 -9999 -9999 -9999 -9999 -9999 -9999 -9999
21 16.25 13 4.5 -17 -9.25 7 15.75 13.25 2.5 5.25 15.5 14.75 11.75 17.75 19.5 17.5 17 13.5 9.25 6.75 6.25 4.75 1.25 -1 -1.25 -0.5 -2 -0.75 0.75 1.5 3.5 4.75 1 7 6 0.5 -7.5 -4.5 6 13 19.25 28.75 32.5 31.75 29.25 36 42 49.5 50 44.75 45.5 50.75 50.5 52.75 57.75 62.75 71.25 73.75 61.75 55.5 68.25 81.5 87 87.5 86.75 87.75 90.5 94.25 95.5 -9999 -9999 -9999 -9999 -9999 -9999 -9999 -9999 -9999 -9999 -9999
20 16 11.25 -9 3.5 6.25 6.75 14.25 19.25 18.75 21 20 20.5 22.75 23 21.5 17.25 14.5 11.75 9.5 8.75 6.75 5.25 7 3.75 -1.25 -4.25 -1.25 -0.75 1.5 2.25 -0.5 3.5 3.75 3.5 8.5 3.75 -1 -3.5 3 4 12 22.25 23.5 22.25 25.75 33.25 37.75 44.75 41.75 39 42 47.75 47.25 49.25 42.75 74 70.5 59.75 73.75 79.25 84.75 89.75 89.75 89 88.75 90.5 94.33334 -9999 -9999 -9999 -9999 -9999 -9999 -9999 -9999 -9999 -9999 -9999 -9999 -9999
13.75 2.25 -1.75 -15 -6.5 -1.25 13 21.25 26 28.25 23.25 22 24.25 28 24.25 18.5 14.75 13.75 17 13.5 8.5 6.25 7.25 9.75 5.5 5.5 1.75 2.75 1.75 -1.75 -3.25 -3.25 -0.25 3 6.75 6.5 -0.75 -3.75 -3.75 2.5 7.5 11.5 10 13.25 13.5 19.75 20.25 35.5 42.75 37.75 29.75 37.75 39.25 38.25 25.75 46.75 80.75 79.25 70 82.25 87.25 89.75 90 90 90.25 90.75 91.75 95.66666 -9999 -9999 -9999 -9999 -9999 -9999 -9999 -9999 -9999 -9999 -9999 -9999 -9999
9 -1.5 1.75 0.5 10.5 20.75 20.25 25 31 29 25.25 25 28.25 28.5 20.25 16.25 16.75 14 16.75 20.25 16 13.75 12 3.75 1.25 0.5 -1.25 -1.5 -4.25 -1.25 -5 -6 -3.75 4 8.25 1.75 -8.25 -6.5 -5.25 -6.25 -6.5 -5.5 -0.75 -2.5 3.75 11 27.25 34.75 30.25 33 28.75 32.75 21.75 20.75 27.25 63.25 82 86.5 86.75 88.5 88.25 88.75 89.5 90.25 91 92.5 93 94.75 -9999 -9999 -9999 -9999 -9999 -9999 -9999 -9999 -9999 -9999 -9999 -9999 -9999
-2.75 11.75 21.75 17.75 20.25 26.25 27.75 33.75 35.25 31 29.75 27.25 31.25 26.25 19 20 17 13.5 21.5 23.5 19.25 12.75 7.5 1.25 -3 -6.25 -3 -5.5 -6.5 -9.5 -12.25 -9.5 -9.25 -1.5 6 5.25 -5.25 -2.25 -0.25 -0.75 -4 -1.5 0 1.5 9.75 10.25 17.25 21.5 29.75 22.75 17.75 17.5 23 41.5 54.25 72.5 79.25 80.5 89.25 89.5 89.25 89.5 90 91 92.25 93.25 93.75 94 98.5 -9999 -9999 -9999 -9999 -9999 -9999 -9999 -9999 -9999 -9999 -9999 -9999
5.25 19.75 26 26 29.5 35 33.75 35.5 36.5 32 32.25 32.5 31.25 21.5 24.5 21.5 16.75 15.5 25.25 16.75 11 11 11 8.75 4.75 -1.25 -6.75 -11 -12 -15.5 -19.25 -11.75 -12.5 -8.5 2.75 9.25 1.25 -0.5 5 1.5 -9.75 -2 -4.25 -5 -7.75 -9.5 10.25 19.75 25.25 25 23 29.5 39.25 58.5 71 77.75 80.25 80.75 90.25 90 91 91.75 92.5 93.25 93.25 93.5 93.75 95.5 -9999 -9999 -9999 -9999 -9999 -9999 -9999 -9999 -9999 -9999 -9999 -9999 -9999
22.5 28.5 31.25 36.75 34.5 37 35.25 35.5 36.75 36.75 37.25 32.75 24.5 24.75 26.25 20.5 19 24 25 19.25 23.75 19.75 21.5 14.5 8.5 0.75 -5 -14.25 -15.5 -16.5 -21.75 -21 -14.75 -6 0 9.5 5.25 1 7.75 -1.5 -10.5 -6 -9.25 -15 -10.5 -9.25 -2.25 11 16 20.5 22 41 53.5 66.75 72.75 82.75 87.5 90.25 93 92 92 93.75 93.75 94 94 94.25 94.75 97.33334 -9999 -9999 -9999 -9999 -9999 -9999 -9999 -9999 -9999 -9999 -9999 -9999 -9999
33.75 39.25 39.5 38.5 35.75 36.25 37.75 36 38 38.5 35.25 28.25 25.75 27.75 24.5 22 25.5 27.75 29 25 25 26 21.25 16.75 11 5.25 -2.5 -7.75 -16 -18.75 -19.5 -14.75 -6.5 -4 2.5 7.75 9.5 8.5 7.5 -6 -6.75 -9.5 -15.25 -23.5 -22.5 -11.5 -3.75 8.5 21.5 26.75 33.75 50.75 63 63.75 73.75 85.75 90 92.75 93 93 94 94.5 94.75 94.75 95 95 95.5 98 -9999 -9999 -9999 -9999 -9999 -9999 -9999 -9999 -9999 -9999 -9999 -9999 -9999
43.75 42.75 39.5 39.75 37.25 36.5 40 39.75 39.75 39.25 31.25 28.5 29.25 29.25 27 30.5 33.25 26.25 30.25 23.5 17.25 22.25 18.5 17.25 15.75 10 -4.5 -9.5 -12 -13.5 -19.25 -14.25 -10 -8 -6 4.25 10.75 17 11 -2.25 3.25 3 -7.5 -15.5 -11.25 -7.75 6 18.25 33.25 35.25 48.25 49.25 70.5 71 74.75 84 93.5 93.5 93.25 93.5 94.5 95 95.25 95.25 95 95.25 97.5 -9999 -9999 -9999 -9999 -9999 -9999 -9999 -9999 -9999 -9999 -9999 -9999 -9999 -9999
44.5 41.25 39 41.25 37.75 38.25 39.75 39.5 41.25 37 34 33.25 32.25 30.25 31.25 34.25 25.5 23 26.75 22.5 22.5 21.5 18.5 15 8 11.25 0.5 -4.75 -6.75 -8.5 -15.5 -14.25 -10 -12.5 -1.5 2 12.75 17.75 4.75 4.5 14.25 15.75 9.25 0.5 1.25 10 6 17.75 43.75 58.25 53.5 63 73 82 84 92.5 94 93.25 94 94.25 94.75 95.5 96 96 96 96.75 101 -9999 -9999 -9999 -9999 -9999 -9999 -9999 -9999 -9999 -9999 -9999 -9999 -9999 -9999
42 39.75 41.25 42 38.75 40.75 38.75 41.5 41.75 38.75 33.5 31.75 32.5 36.5 37.25 32.25 23.5 22.25 25.25 20.75 20.5 17.5 16.5 14.75 10.5 14 0.25 -2.75 -5.75 -9 -8 -6.75 -5 -8.5 5.75 14 17 7.25 -4.5 -2 14.25 23.25 24 24.5 24.5 24 31.25 37 50 66.75 69.25 69.25 77.75 87.5 90.25 91.25 92.5 93.75 94.5 95 95 95.5 96 96 97 98 -9999 -9999 -9999 -9999 -9999 -9999 -9999 -9999 -9999 -9999 -9999 -9999 -9999 -9999 -9999
41.75 42.25 43.5 41 43.25 42.25 40.75 43.75 42 39 36 37.75 39 37 34.25 30.5 25 23 21.25 16.5 15.75 16 11.25 13.5 18.5 13.25 4.75 0.5 0.5 2.25 0 4.25 2.5 -2.75 6 23.75 17 1.25 -20.5 -11.75 10 19.5 25 29.25 39.5 42.75 47.5 51 65.75 68.5 65.75 72.25 82.25 91 92.25 91.75 93.25 94.25 95 95.75 95.5 95.5 96.25 97.5 99.5 -9999 -9999 -9999 -9999 -9999 -9999 -9999 -9999 -9999 -9999 -9999 -9999 -9999 -9999 -9999 -9999
45 46 46.25 45.5 45.75 43.75 44.75 42.75 38.5 36.75 37 37 34 31.25 29.25 29 25.75 23.5 25 23.75 17.5 19.5 15 18 18.5 17.75 14.25 6.75 11.75 11 7.25 9.5 6.5 3 9.25 20 15.25 10 2.25 -2 -1.5 10.75 22 24.75 35 38.25 53.75 68.75 76.5 79.25 82.5 87 91 92.5 92 92 93.5 94.75 95.25 95.5 95.25 96 96.25 101 -9999 -9999 -9999 -9999 -9999 -9999 -9999 -9999 -9999 -9999 -9999 -9999 -9999 -9999 -9999 -9999 -9999
47.75 47 44.25 46 48 45.5 42.25 37 35 34.75 34 33.25 31.75 30.5 31 29.5 26.25 25.75 26.5 24 23.75 19.5 20.5 22 18.25 13.25 11.5 11 15.5 14.75 16.75 8 5.75 11.25 16.75 17.25 24 20.25 15 12.25 3.25 5.75 29.25 42.5 52.5 49 47.5 64.25 79 85 86.25 88.5 91.75 93.25 93.5 94.5 95 95.5 95.25 94.25 95.25 98.25 103 -9999 -9999 -9999 -9999 -9999 -9999 -9999 -9999 -9999 -9999 -9999 -9999 -9999 -9999 -9999 -9999 -9999 -9999
46.5 43.75 42.5 42.5 42.25 42.5 42.25 42.25 39.5 36.75 36 34.25 32.75 33.25 33 31.25 29.25 26.25 26.25 26.5 25.75 23.5 23.75 24.75 18.5 17.25 14.25 14.5 17.5 15.25 17.75 16.5 13.5 17.25 20.25 17.75 21.25 33.25 29.75 25.25 20.25 24 27.25 37.5 52.25 65.25 63.5 63.25 80 88.25 90 90.5 93 94 95 95.25 95.5 96 95.5 94.25 96.25 101 -9999 -9999 -9999 -9999 -9999 -9999 -9999 -9999 -9999 -9999 -9999 -9999 -9999 -9999 -9999 -9999 -9999 -9999 -9999
37.25 38.75 36 35.75 37.25 37.5 39.5 39.25 38.5 37.5 36.5 35.75 35.25 35 33.75 33 28.5 27.25 26.75 28 27.5 24.5 23.25 27.25 25.75 20.75 16.75 16 18.5 20 22.75 24.25 25 24.75 16.5 22.5 29.5 39 43.25 44.75 42 49.25 52.25 55.25 52 56 74.75 79.5 87.75 90 93.5 93.5 94.75 96 96.5 96.75 96.5 97 97.25 97.5 99 -9999 -9999 -9999 -9999 -9999 -9999 -9999 -9999 -9999 -9999 -9999 -9999 -9999 -9999 -9999 -9999 -9999 -9999 97 93.5
35 35.5 35 34.75 35 36 34.5 37.25 37.25 38.25 36.25 37.5 37.25 36.25 35.5 33.5 31 31 28.75 29 28 24 26.75 28.75 28.25 24.25 21.5 21.5 20.5 20.75 21 27.25 29 25.5 22.5 29.75 25.5 24.25 34 47.5 59.75 62 69.25 74.25 74 70 72.25 85.25 89.5 92.75 93.25 94.5 96.5 98.25 99.25 99 99.75 100 102 102 -9999 -9999 -9999 -9999 -9999 -9999 -9999 -9999 -9999 -9999 -9999 -9999 -9999 -9999 -9999 -9999 -9999 100 95.33334 92 77
28.5 25.5 28.5 29.25 33 35.5 36.75 37.5 37.5 37.25 38.25 39 38.25 37.75 37 34.5 31.5 34 32.5 29.25 30.25 29.5 28.5 30.25 28 28.5 28.75 27.25 27.25 25 25.25 28.5 35.5 31.25 28.25 32.75 34.75 28.75 30.75 41.75 49.75 65 75 79.5 82 83.75 87.25 89.75 91.25 93 93.75 96.75 101 102.5 104 -9999 -9999 -9999 -9999 -9999 -9999 -9999 -9999 -9999 -9999 -9999 -9999 -9999 -9999 -9999 -9999 -9999 -9999 -9999 -9999 -9999 -9999 95.75 89.75 78.75 75.25
33.25 30 26.5 29.75 34.25 35.75 35.75 36.75 37.75 38 39.5 39.75 38.75 38 38 37.75 36 36.25 34.75 33.5 33 31.75 33.5 31.75 27.5 28.75 32 31.25 31.75 31.5 31.25 33.25 39.25 32.5 35.25 38.25 40 41.25 39.75 34.25 37.75 53.75 71.25 78.25 83.5 86.75 90.5 91.75 92.5 93.25 96 99.75 104 -9999 -9999 -9999 -9999 -9999 -9999 -9999 -9999 -9999 -9999 -9999 -9999 -9999 -9999 -9999 -9999 -9999 -9999 -9999 -9999 -9999 -9999 -9999 -9999 95.75 93 89.25 87
38.5 32 28.25 25.75 29.25 33.25 34 35.25 37.75 40 40.75 40.5 39.5 37.5 39 39.75 38.75 38.5 38.25 37.5 37.25 36.5 36 33.25 32 35.5 34 34 33.75 35.25 35.25 37.25 43.5 47.5 44.75 45.5 47.75 44.25 42 43.5 44.25 60.75 70.25 77.25 83 89.25 92 92.25 92.75 94.25 96.75 100 105 -9999 -9999 -9999 -9999 -9999 -9999 -9999 -9999 -9999 -9999 -9999 -9999 -9999 -9999 -9999 -9999 -9999 -9999 -9999 -9999 -9999 -9999 -9999 -9999 97.5 93.5 92.25 91.75
33.75 28.75 31.25 30.75 32 31.25 30.25 26.25 34.25 39.5 40.25 42 41.5 41.25 41.25 41 40.25 40 39 39 38.25 37.75 37.5 36.75 36 36.25 36 36.5 36.5 37.5 37.75 39.25 39.5 44.75 49.25 52.75 54 49.25 45.25 44.5 57.75 60.75 70 78.75 80.25 88.25 92.5 92.5 93 94.5 97.5 101.5 -9999 -9999 -9999 -9999 -9999 -9999 -9999 -9999 -9999 -9999 -9999 -9999 -9999 -9999 -9999 -9999 -9999 -9999 -9999 -9999 -9999 -9999 -9999 -9999 -9999 97.75 97 97 96.5
42.5 35 31.25 37 36.75 34.5 31.5 33 41.5 42 42 41.75 42 42 41.5 41.5 40.75 40 39 37.5 37.5 37.75 38 38 37.5 37.5 38.75 38.5 39.75 40.5 40.75 41 42.5 42.25 43.25 44.5 43.25 49.75 56.75 52.75 52.25 60.5 61.25 74.75 85.75 89.75 92.5 93 93.25 94.5 97.25 100.5 105 -9999 -9999 -9999 -9999 -9999 -9999 -9999 -9999 -9999 -9999 -9999 -9999 -9999 -9999 -9999 -9999 -9999 -9999 -9999 -9999 -9999 -9999 -9999 -9999 -9999 -9999 -9999 -9999
43.75 38.75 39 40.25 41.75 42.5 43.25 43.25 43 42 42 42.5 42 42 41.5 41.25 39.5 38 37 36 35.5 35.25 37 38 39 39.5 39.75 41.25 42 43.5 42.75 44.25 44.25 44 41 39.5 39.75 44.75 55.25 41.5 44.5 62.5 73 77.5 88.5 90.5 89.5 92.25 93 94.5 96 98.75 103.3333 -9999 -9999 -9999 -9999 -9999 -9999 -9999 -9999 -9999 -9999 -9999 -9999 -9999 -9999 101 98 96.75 96.5 98 103 -9999 -9999 -9999 -9999 -9999 -9999 -9999 -9999
