layers/wordclim/past/Iberia_miroc_10_ascii/bio_05.asc
ncols         205
nrows         142
xllcorner     -11.010633712694
yllcorner     33.273793250999
cellsize      0.083333333333334
NODATA_value  -9999
[rows 34 to 67 of 142, columns 77 to 153 of 205]
254.5 253.5 252.5 250.5 248.75 244.5 242.75 243.5 242.5 241 238.75 235.5 232.5 228.5 219.25 217 205.75 206.75 219.75 206.75 221.25 236.75 228.5 238 231.75 238.75 230.25 239.75 237.5 254 261.75 263.5 266.75 266.5 267 263.5 262.75 263 260 257.5 254.25 251.75 246.5 240.5 237 241 241.25 236.75 232.25 222.5 215 208.75 204 208.5 210.25 218.25 227 241.25 225 241 231 227.25 215.75 231.25 216.75 211.25 237 215.5 179.75 196 203.75 218.5 200.75 182 165.75 172.5 200.25
259 257.25 252.75 252.25 249.75 249 248.25 246.75 245 243.5 240.25 237.25 233.75 230.25 226.5 217.75 219.75 220 215.75 226.75 230.25 222.5 225 234.5 231 229.25 226.25 243 243.25 246 252 253 265 268.5 268.5 268.75 267.5 265.5 263.25 263.5 261.75 261 256.75 252 247.5 249 250 247 243.75 240.25 237 233.5 233.5 238 234.25 235.5 235.5 246.5 244 246.75 233.5 229.75 232 241 228 248.75 245.75 229 205.25 205.5 229 213.75 181.25 172 195 192 180
262.75 257.25 255 254.75 253.5 252.25 249.5 249.25 247.75 246 243.25 240.25 237.5 238.25 238.75 235.75 230.25 219 216 222.25 219.5 214.75 224.25 226.25 217 222.75 236.25 229.75 235.5 247 254.75 258 264.25 267.25 268.5 269.75 268.25 264.25 258.75 262 268 264.5 260 258.75 256.5 257.75 254 251.25 247 249 247.75 240.75 243 246.25 246 250.25 254.5 258.75 236.5 237 235.75 244.25 232.5 231 222.5 250 239.5 237.25 220.75 223.25 235.75 228.75 227 218.25 215.75 213.25 215.5
264.75 261 261.5 258 253.5 250.75 249.25 249.5 249 247.25 246.75 245.25 241.5 238.25 236.75 241.75 238.75 233.25 227.5 218 204 216.25 207 210.25 218 226.75 226.25 230.75 235.5 236.5 250.25 258.5 259.75 260.5 268.25 270 271.75 272.5 268 267.25 270.25 265.25 256 248 252.75 262.5 258.5 256 254.25 254.75 254.5 249 250.25 253.75 253.75 259.25 262.25 265.75 254.25 248.75 239.5 245.75 250.25 236.75 238.5 245.5 217 235.75 243.75 247 248.5 241.75 231.25 235.75 237 234 236.5
265 264.5 259 257.5 255.25 252.5 250.25 249.75 249 247.5 245 244.25 240.5 238.75 237.25 240.75 240 237.5 235 235.25 232.75 234.75 233.75 240.5 239.75 244.75 240.75 233 236 246.25 246.25 246.5 252.5 257 263.25 262.75 266 272.5 274.25 274.25 272.5 264.75 254.5 251.25 258 267.25 263.75 254.25 252 258.5 260.25 258.75 257.5 260.5 256.25 264.25 270.5 270.75 267.75 261.75 258 257.5 255.5 249.25 252.5 255.25 251.5 260.5 258 254.5 247.75 239 231.5 233.75 240.75 243.75 240
268.25 263.75 262 258.75 256.25 253 252.25 251.5 251 249.5 249.5 248.5 247.5 246.5 245.5 243.25 241.5 241.75 242 240.25 242.75 245 246 249.5 252.25 253.5 251.25 244 237.5 238.5 244.5 242 233.75 244.75 253.75 255.75 263 269 271 274.75 276.25 269.25 267 262.75 268.5 272.75 267 260.25 249.5 255 259.5 264.5 266.25 264 262 269.5 276.25 274 277.25 278.75 280 277.75 274.25 271 272.5 274.25 266.75 263.25 258.25 254 252.25 247.75 242.25 234.25 237.75 244 247.75
265 263 262 260.25 257.75 256.25 254 256.25 255.75 254.25 253.25 252.5 251.25 250 249.5 248 247 245.25 246 245.75 246.25 246.25 247 246.25 252.25 254.25 252.75 248.75 247 246.25 239.25 232.25 217.25 210 237.25 250 256.5 264.25 269 271.5 276 278.5 278.75 275.5 276.75 277.5 267.5 260 248.5 248.25 257.75 262.75 269 270.25 272.25 275.75 279 277 283.25 287.25 285.75 281 288.25 287.5 284.25 278.75 273 267 261.5 255.5 249 242.25 240.5 237.5 238.75 246 253.5
267.25 264.5 263.25 261.25 259.5 259 255.75 259.25 257.75 256.5 255.5 255 254 252.25 251.25 251 251.5 250.25 252 250 252.75 251.25 250.5 253.5 254.5 255.25 256.25 254.25 250.5 247.75 243.25 237 230.5 229.75 235.5 244.5 246.75 258.5 267 271.25 272.5 274.75 280.25 284.25 284.75 282.25 272.75 266.75 264.25 259.5 250 253.75 262 266.25 266.25 276 280.75 282.75 286 287.75 286.5 288.5 295.75 293.25 286.75 280.25 273.75 267.75 261 253 246.75 239.5 236.75 238.75 237.25 241.75 250.25
267.75 266.75 262.5 259.5 261 260.75 257.75 255.75 253 254.25 253.75 252.75 250.5 250.75 253.75 254.75 254.25 253.75 254.75 254 254.25 256.75 256.5 255.25 253.25 255.25 255.5 252.75 249 247.75 242.75 240.75 238.5 242.75 245.5 252.25 254.5 254.25 267.25 271.25 266.75 258 267.25 276.5 278 282 282 276.5 273.5 269.75 265 259.75 262 267.25 266.75 270 277.25 280.5 288 288.25 291.25 296 296.5 292.5 285.25 277.5 270.5 263.75 255.25 245.75 238.25 235.75 238 245 247.5 243 240.25
265.75 262.75 261 258.5 257 256.5 256.75 254.75 251.5 249 247.25 244.25 250.5 249 250.25 252.5 253 255.25 256.5 256.75 256.75 256.75 257.25 257 257 255 249.5 248.25 251.5 249 245 245.25 245 245 235 246.25 259 262.25 268.25 268.25 262.75 259.75 266.25 258 263.5 270.25 274.75 279.25 280 276.25 272 269 267 270.5 273.75 275.75 278.25 279 281.75 291.25 293.25 293 289.5 282.5 275.25 270.5 263.5 253.25 244.25 240 237.5 236.75 234.75 238.5 243 248.75 251.75
266 263.75 261.75 259.75 259 258 255.75 255.5 248.5 242.25 244 248.25 252 252 250.75 249.25 247 248 248.25 249.5 252.75 253.75 252 253.75 255.5 255.25 252.25 251.25 256 253.75 249.5 248 248 253.75 251.5 249.25 248.25 250.5 251.75 260 258.5 255.75 254.25 248 252.5 262.75 269 275.75 278.25 279.5 273.25 268.5 269 269.5 270.5 275 281.5 282.25 281 287.5 286.25 283.25 278.25 269.5 263.75 256.75 252.5 250.25 251.75 249.75 240.25 238.75 233 235.75 245 250.5 252.25
267 266.75 265 262.75 260.5 257.75 257.25 256.5 253.25 248.75 251.75 251.5 248.25 246.5 246 243.5 241 242.25 242.5 243.25 248.5 251.75 251 251.25 251.25 251.75 252.75 256.25 258 257.75 256.25 255 252.75 255.75 254.75 256.25 245.5 232.25 233.5 241.25 249.5 244.5 247 242 252 263.75 268.5 272 274.5 277.25 279 274.75 275 275.25 277.25 280.75 282.25 275.75 280.5 283.5 277.25 278 273.25 262.25 252.75 243.5 233.5 232.75 238.5 249.5 249.5 246.5 240.25 244 249.75 250.5 249.5
266.5 265.25 264 261.75 259.5 257.5 256.25 255 253.5 251.25 251.25 250.25 244.5 233.25 225 232 236.25 234.75 239.25 247.25 249 250.5 252.5 249 248.75 248.75 251.75 256.5 257.75 255.25 253 251.75 249.25 249.5 245.5 246 240.5 232 227.25 227 231.75 235 234.25 242 249.25 254.75 260.75 267 271 272.75 275.75 277.25 279.25 281.25 281.75 280.75 278 279 281.25 281.25 282.75 285 278 267.25 253.5 247.75 240.5 236.75 245.75 252.75 250 248.25 248.25 252 251.75 252.5 254.75
265.5 264.25 262.75 260.5 259.75 257 255 252.5 250.25 247.5 246.25 240.25 226.25 216 229 227.5 236.5 233.5 238.75 249.25 249.75 254 254.5 248 247.25 247.5 247.5 248.5 247.25 245.5 242.25 243.5 243.5 242.5 235.75 233.75 235.5 232.5 226.5 225.75 220.25 219.75 229 234.5 241.75 242.75 247 259 265.5 268.25 269.75 270 271.25 272.75 275.5 277.25 274.5 278.25 274.75 272.5 265 278.25 277.75 271.5 265.5 253.25 253.5 257 254.75 253.25 250 251 253.25 256.25 258.25 259.75 259
263.25 263 259 259.25 257.25 254.5 250.25 245.75 243.25 241.75 230.75 236 237 235.5 242.5 243.25 244.75 245.25 252.5 252.5 255.25 255.75 254.25 251.25 249 246.25 244.5 241 236 234.5 238.5 233.75 234 233.75 230.5 226 222 226 226.75 219.5 215.75 213.5 219.75 227.25 233.5 235.75 232.75 242.75 256.5 256.25 260.75 264 266.5 266.5 270.25 267 268.75 272 267.5 265.5 266.75 272.5 278.75 273 260 252 262.25 261.25 257.5 254.5 254.5 257 259.75 261.75 263.75 266.3333 264.5
261.75 259.5 258.25 258.25 255.75 249.5 246 236.75 213 223 241 252.25 250 239 242.25 253.25 252.5 250.75 257 258.75 257.75 258 255.5 251.25 249.25 248.5 246.75 242.25 238 237 236.25 232.5 231.5 230.25 228.5 227 224.75 219.25 221.25 218.25 213.5 207.25 209 218.75 225.5 232.5 243.25 247.5 247 243.75 250 256.25 263 263 257.75 258.25 262.75 262 263 267 269.5 274.5 273.25 261.75 254.25 260.5 266.25 267 264 259.5 258.5 260.5 265 266 -9999 -9999 -9999
258.75 255.25 256.5 256.25 255 250 244.5 221.5 237 240.75 242.25 251 257.5 257 259.25 258.75 259 261.5 262 261.5 258.5 256.25 254 252.75 250.75 249.25 247.5 248 243.25 237 232.75 233.5 231.75 231 228.5 224 223.5 220.5 217.25 217.75 215 212 210.25 215.25 216.25 223.75 234.75 236.25 235.25 237.5 245.25 250 255.75 251.75 248.75 251.25 256.75 254.75 256.5 248.75 274.25 269.5 258.5 266.75 267.5 268.5 270.25 267.5 263.75 261 260.75 264.3333 -9999 -9999 -9999 -9999 -9999
255.75 253 253 254.5 247.75 234.5 230.25 213.75 225 233 249.25 258.75 265.5 267.5 262.5 261.25 262.5 265.75 264 259.75 256.5 256 258.75 256.5 251 249.5 249.75 251.25 245.5 244.25 239.5 238.5 235 229.25 224.75 222.75 221.5 220.5 219.75 216.5 212.25 210.25 209.75 215.25 219.25 222.75 221.5 225.25 224.25 230.5 230.5 245.25 251.75 245.75 238 244.5 245 243.25 230.75 249 277 273.25 263.75 270 270.75 270.75 268.25 266 264 262 262 265 -9999 -9999 -9999 -9999 -9999
252.25 245.25 244.75 244.75 243 231.75 235.5 233.5 246.5 258 259 264.75 273.25 270.25 265.75 265 267 267.25 261.25 257.75 258.75 257 260 263.5 259.5 257.25 255.25 246.75 243 240.5 237.75 235.25 230.5 230.25 224.75 222 220.75 222.5 222.75 216.75 209.25 209.5 210 208 207.25 207.25 211.25 209.5 214.75 220.75 236.25 241.75 237.5 240 235 238.5 226.75 224.75 230.25 260.5 274.5 276 274.25 272.75 270 268 266.5 264.75 263.75 263.75 262.75 263.75 -9999 -9999 -9999 -9999 -9999
246.5 241 238.25 233.5 231.25 248 259.5 255.75 259 265.75 269.25 277.5 280 274.5 272.5 268.5 270 266.5 261.25 262.5 259.75 258.25 265.25 267.25 263.75 258.5 252.5 245 240.25 235.25 237.25 232.75 229.75 224.75 219.5 220.25 218 221.25 223.75 221.5 212.5 214.25 214.75 213.5 210.25 211.5 212 213.25 220 219.25 225.25 228.5 235.25 228.25 223.25 222.25 226.5 241.75 251.75 265 269.5 268.75 273.5 271.75 269.5 267.5 266 265 264 263.25 263.25 263 267.5 -9999 -9999 -9999 -9999
249 245.25 248 248.5 241.75 259 266.25 266.75 271 278 277.5 281.25 284.25 278.5 277.25 275.75 273 264.75 267.5 265.5 261.75 261 269.5 263 258.25 257.25 257 254 248.5 241.25 234.5 228 225.5 220 214.5 219 216.5 217.25 223.25 226.5 219.5 217.25 220.75 216.5 206.25 211.25 209.25 207.25 204.5 202.25 218.5 226.5 230 230 226.5 231.75 239 253.75 262.5 266.25 267 266.25 272.25 270.75 269.5 268.75 267.25 266 265.25 263.75 263.5 264.5 -9999 -9999 -9999 -9999 -9999
261.25 261 268.5 265.75 263.75 270.25 274 281 279 282.5 280.25 283.5 287.5 287 285.5 278.75 269 269.75 271.5 266.75 266 270.25 270.75 265.75 270 266.5 267.25 260.75 254.5 245 237.5 226.25 223.5 220.5 213 212.75 216 221 223.25 229.5 224.75 220 224.75 215.5 206.5 208.75 205 199 202 202.5 207.25 218 221.5 224.5 224.75 240.25 249 258.75 262 268 270.5 271.25 272.25 271 270 269 268 266.75 265.5 264.25 264.5 266 -9999 -9999 -9999 -9999 -9999
268 280 280.75 277.5 279.75 285.25 285.75 285.25 281.25 282.25 284.5 284.75 291.5 291.5 285.25 276.5 273 274.75 271.5 270 272.25 274.5 275.75 272.25 273.25 273.5 269.25 264.75 258.5 251.75 241.75 234.25 224 219.75 217 219.25 224.5 224 227.5 230.5 230.75 228.75 226.25 212.75 210.5 206.75 201.25 192.5 191.75 200.5 206.25 215.75 226 229.25 233.75 246.25 254.25 254 261.25 268.5 270.75 271.5 270.75 270.25 270 269.5 268.25 266.75 266 265.25 264.75 267.5 -9999 -9999 -9999 -9999 -9999
263 278 280.75 286.25 293 291.5 288 288 284.75 284 289.5 291.75 293 292.75 282.5 278.75 278.75 277.75 275.75 279.25 281 275.5 278.25 273.5 267.5 272.75 268.75 267 265.25 258.5 241.5 234.25 229.75 226.5 218.25 221.25 223.5 222.75 222.5 228.75 234.25 239.75 231.25 216.75 220.5 218.5 208 200.5 201.75 204 214.75 223.5 235.5 236 244.25 244 257.75 258 260 266.25 272 271.25 270 269.25 269.25 269.25 268.25 267.25 266.5 265.25 266.75 -9999 -9999 -9999 -9999 -9999 -9999
282.75 285 292.75 297.5 295.75 291.75 289.5 291.5 288.25 288.5 291.25 293 295.5 290.75 287 285.5 283.25 280.5 282 284.25 276 274 277.5 274 274.25 273 270.5 267.5 259.5 262 249 240.5 236.5 232.5 223.25 222.25 224.5 220.25 228 228.5 237.5 240.25 226 224.25 230.75 230.5 223.5 214.25 214 220 215.5 223.25 242.25 251.25 246.75 252 258.75 264.25 265.5 271.5 271.75 270.5 270 269.75 269 269.25 269 268 267.5 267.5 270.5 -9999 -9999 -9999 -9999 -9999 -9999
292.75 299.25 301.5 298.5 295 292.5 294.25 294.75 291.75 294.25 292.5 296.25 296.75 293.5 287.75 285.75 284.75 288.5 289.25 284 276.5 275 277.75 274.5 274 271.75 270 268.75 264 267.25 249.25 243.75 238 232.75 231.75 231 230 225 235 240 242 230.75 218.75 219.25 231.25 237 235.5 235 233 231 234.75 237.25 245 255.5 256.25 255.5 260.75 267.5 268.75 269.5 270 270.25 270 269.75 269.25 268.25 269 268 268.5 269.5 -9999 -9999 -9999 -9999 -9999 -9999 -9999
304.75 304 302.25 298.75 297 298 299.25 296 299 297.5 296.5 299.75 297.25 295 291.5 292.75 293.5 291.25 288.25 284.75 279 277.25 275.25 271.75 271.25 271.5 266.5 268.75 273 268 255.5 249.5 246.25 245.75 241 242.5 238.5 231.25 236.75 249 242 226 205.5 211.25 227.75 234.25 236.5 237.75 243.75 244 245 246.25 254.5 254.75 253 256.25 262.5 268.75 270 268.75 270 270 270 269.75 269 268.75 268.5 269.5 271 -9999 -9999 -9999 -9999 -9999 -9999 -9999 -9999
305 303.5 301.5 301.25 302 303.25 304.25 303.25 303.75 301.25 302 299.75 296 294 293 293 290.5 287 284.75 284 280.5 278.5 279.5 279 273.75 275.75 271.75 274.5 274.25 272.5 266.5 256.5 258.75 255.5 248.75 248.75 243.5 237.5 240.5 246.25 240.5 234 225.5 220.5 219 227.5 235 235.5 240.25 241.25 248.75 255.75 259.25 260 262 265.5 268.25 269.25 268.75 268.5 269.5 270.25 270.25 269.75 269.5 269.25 269 273 -9999 -9999 -9999 -9999 -9999 -9999 -9999 -9999 -9999
308.25 304.25 304.25 304.75 307.5 307.5 304.75 305.75 306.75 304.75 300.75 296 293.75 292.5 292.25 291 288.5 287.25 287 285.75 282.75 281.75 282.25 280.25 279.5 276 277.25 277.75 274.25 268.5 264.25 262.25 263.75 259.25 258 248.5 243.25 245.75 247 245 248.25 243.25 237 232.5 223.75 224 240 247 250.25 246.75 244.75 252.75 259.5 262.5 263.5 265.5 268.5 269 269.75 270.25 270 270.75 270 269 269 271 275 -9999 -9999 -9999 -9999 -9999 -9999 -9999 -9999 -9999 -9999
307.25 309.25 310.25 309.5 307.25 304.75 304.25 303.5 303 303.75 302.5 302.25 299 296.75 295.25 293 291.25 291 290.25 288.25 286.25 283.75 283.25 283.75 282 280.25 279.75 279.75 273.75 271.5 266.75 264.5 265.25 260.25 259.5 256.25 250.5 250.75 250.5 246.25 246.5 253.25 248.75 242.75 237.25 238.5 238.75 244 250.25 255.5 253.25 251.75 260 264 265 266 268.75 269.75 270.25 270.5 270.5 270.5 270.5 269.5 270 273.5 -9999 -9999 -9999 -9999 -9999 -9999 -9999 -9999 -9999 -9999 -9999
304.25 303.5 306.75 303.5 299.75 301.5 298.25 297.75 299.75 299.75 301.25 300.5 299.75 297.5 296.75 295.5 294.75 294 292 290.75 287 285.75 284.5 285.5 284 281 279.25 281.25 279.25 274 268.75 265.75 265.75 264.25 264 262.25 260 257 248.25 250.75 253.5 256.5 257.5 255.75 252.25 254.5 254.5 254 250.5 250.5 257.25 259.25 264 266 267.75 267.5 269.5 271 271.5 271.5 271.5 271.75 272 272.25 273 -9999 -9999 -9999 -9999 -9999 -9999 -9999 -9999 -9999 -9999 -9999 -9999
300 301 303 301.75 298.5 299.75 299.25 299 299 299.75 298.25 300.5 299.5 299.25 297 298.5 297 295.75 294.5 292 289.25 289 286.75 285.75 284.5 280.25 281.5 282.75 281.25 276.5 272.5 270.75 267.5 265 262.5 264.5 263.25 257.75 253.75 256.5 251 247.25 251.75 258.25 262.5 261.5 262.75 263.25 260.75 257 257 262 265 267.75 267.75 269 271 273.5 274.25 274 274.75 275 276 276 -9999 -9999 -9999 -9999 -9999 -9999 -9999 -9999 -9999 -9999 -9999 -9999 -9999
293.75 287.75 298.25 298.75 293.5 290 293 294 298.25 300.5 300.75 301 300.5 300.25 300 300.5 299.5 298.25 296.75 293 289.75 291 290.25 286.5 286.75 285 283.25 283.75 281 280.25 278.5 274.75 272.5 268.75 266.5 266 268.5 262.75 257.75 258.5 257.75 251.5 250 254.75 257.5 263.5 266.25 265.5 264.5 262.5 263 264 265.5 268 268.75 271.75 274.75 277 278.5 -9999 -9999 -9999 -9999 -9999 -9999 -9999 -9999 -9999 -9999 -9999 -9999 -9999 -9999 -9999 -9999 -9999 -9999
303.25 297.75 294 294.25 299.25 296.5 292.5 296.25 300.25 301.75 301.75 302 302.5 301.75 302.25 301.75 300.5 298.75 297.75 296.5 294.25 294 292.25 290 289.25 287.5 287 285 280.5 279.75 280 277.5 275.75 273.5 271.25 269.75 271.5 264 263.25 262.75 261.75 259.5 256.5 251 251 258 264.75 264.75 265.5 264.5 263.75 265 266.5 268.75 271.25 274.5 278.5 -9999 -9999 -9999 -9999 -9999 -9999 -9999 -9999 -9999 -9999 -9999 -9999 -9999 -9999 -9999 -9999 -9999 -9999 -9999 -9999
