layers/wordclim/past/Iberia_miroc_10_ascii/bio_03.asc
ncols         205
nrows         142
xllcorner     -11.010633712694
yllcorner     33.273793250999
cellsize      0.083333333333334
NODATA_value  -9999
[rows 39 to 77 of 142, columns 87 to 173 of 205]
35 35 35 35 35 35.25 35.25 35 35.75 36 36 36 36.75 36.25 37 37 37 37 37 37 36.25 36.25 36.25 36.25 36 36 36 36 36 36 36 36 36 35.75 36 36 36 36.25 36 36.5 36.25 37 37 37 37 37 37 37 37 37 37 37 36.75 36.5 36.5 36.25 36 36 35.25 35 35 34.75 34 34 34 33.75 33.25 33 33 32.5 32.25 32 32 32.25 32 31 31 30.25 31 31 32.25 33.25 34.5 35 35.75 -9999 -9999
34.75 34.5 34.5 34.5 35 35 35 35 35.25 36 36 36 36 36.5 37 37 37 37 36.75 36.5 36.5 36 36 36 36 36 36 36 36 36 36 35.75 35.75 35.5 35.5 35.5 36 36 36 36 36.25 36.75 36.75 37 37 37 37 37.25 37.25 37 37 37 37 37 37 36.25 36 35.75 35.25 35 34.75 34.25 34 34 33.75 33.5 33 33 32.75 32.75 32 32 32 32.25 31.75 31 31 31 31 31.5 32.5 33.5 34 34.5 35 35.5 35
34 34.25 34 34.5 34.5 34.75 35 35 35 35.75 36 36 36 36 36.5 37 37 36.75 36.75 36 36 36 36 36 36 36 36 36 36 35.75 36 36 35 35 35 35 35.25 36 36 36 36 36 36.25 36.75 36.5 37 37 37 37 37 37 37 37 37 37 36 36 36 35 35 34.5 34.25 34 34 33.5 33.25 33 33 32.5 32 32 32 32 31.25 31 31 31 31.5 32 32.25 32.75 33.5 34 35 35 35.25 35
34 34 34.25 34.25 34 34.5 35 35 35 35.5 35.75 36 36 36 36 36 36.5 36.5 36 36 36 36 36 36 35.75 36 35.5 35.75 35.5 35.25 35.25 35.25 35 35 35 35 35.25 35.75 36 36 36 36 36 36.75 36.75 37 37 37 37 37 37 37 37 37 36.5 36.25 36 35.5 35 34.5 34.25 34 33.75 33.25 33.5 33 32.75 33 32.75 32 32 32.25 32 32 31.25 31.25 31.5 32 32.25 32.66667 33 33.25 34.25 35 35 35 -9999
34 34.25 34 34 34.5 34.5 34.75 35 35 35.25 35.5 35.25 35.75 36 36 36 36 36 36 36 36 36 36 36 36 35.75 35 35 35 35.25 35 35 35 35 35 35 35.5 35.25 36 36 36 36 36 36 37 36.75 37 37 37 37 37 37 37 36.5 36.5 36 35.75 35 35 34.25 34 34 34 33.25 33 33 33 33 32.75 32 32.75 32.5 32.25 32.5 32 32 32 32.25 33 -9999 -9999 -9999 -9999 -9999 -9999 -9999 -9999
34 34 34 34 34.25 34.25 34.5 35 34.75 35 35 35 35.25 36 36 36 36 36 36 36 36 35.5 36 35.75 36 35 35 35.25 35.25 35 35 35 35 35 35 35 35 35.25 35.75 36 36 36 36 36 36 36.5 37 37 37 37 37 37 36.75 36.25 36 35.75 35.25 35 35 34.5 34.25 34 33.75 33.25 33 33 32.75 32.25 32.5 32.25 32 33 33 33 33 33 33 33.33333 33 -9999 -9999 -9999 -9999 -9999 -9999 -9999 -9999
33.75 33.75 34 34 34 34 34.75 34.75 35 35 35 35 35 36 36 36 36 36 36 35.5 35.75 35.75 36 35.75 35.5 35 35 35 35 35 35 35 35 35 35 35 35 35 35.25 36 36 36 36 36 36 36.75 37 37 37 36.75 37 36.5 36.25 36 35 35 35 34.25 35 34.25 34 34 33.5 33 33 33 33 32.25 32.25 33 33 33 33 33 33 33 -9999 -9999 -9999 -9999 -9999 -9999 -9999 -9999 -9999 -9999 -9999
33.25 33.25 34 34.5 35 34.75 35 35 35 35 35 35 35 35 35.75 35.75 36 35.5 35.75 35 35 35.25 35.25 35.25 35 35 35 35 35 35 35 34.75 35 35 34.75 35 35 35 35 35.25 35.5 36 36 36 36 36.25 36.5 36.75 37 36.75 36.75 37 36.75 36 35.5 35 35 34.5 34.75 34 33.5 33.5 33 33 33 33 33 32.75 32.75 33 33 33 33 33 -9999 -9999 -9999 -9999 -9999 -9999 -9999 -9999 -9999 -9999 -9999 -9999 -9999
33 33.5 34.5 35 34.5 34.75 35 35 35 35 35 35 35 35 35 35.75 35.75 35.25 35 35.25 35 35.5 35 35 35 35 35 35 34.75 34.75 34.25 34 35 35 35 35 35 35 35 35 35.25 35.25 35.75 36 36.25 36.75 36.25 36 36 36 36 36.5 36.75 36.25 36 35 35 34.75 34 33.25 33 33 33 33 33.25 33.25 33.25 33.5 33.5 33.5 34 34 -9999 -9999 -9999 -9999 -9999 -9999 -9999 -9999 -9999 -9999 -9999 -9999 -9999 -9999 -9999
34 33.75 34 34.25 34 34.25 34 34 34 34.25 34.25 34.75 35 35 35 36 36 35.5 35.25 35.25 35 35 35 35.25 35 35 35 35 34.5 35 34 34 34.25 34.5 34.25 34.5 34.75 34.75 35 35 35 35.5 35.5 35.75 36 36 36 36 36 36 36 36.5 37 36.5 35.75 35 35.5 35 34.25 33.75 33.25 33.25 33.25 33.5 33.75 34 34 34 -9999 -9999 -9999 -9999 -9999 -9999 -9999 -9999 -9999 -9999 -9999 -9999 -9999 -9999 -9999 -9999 -9999 -9999 -9999
33.5 33 33.25 34.5 34 33 33.5 33.75 33.5 34 34.25 34.5 34.75 35 35 35.5 35.25 35.5 35.25 35.5 35.25 35 35 35 35 35 35 34.75 35 34.25 34 34 34 34 34 34.25 34 34.75 35 35 35 35.25 35.5 35.25 36 36 36 36 36 36 36.75 36.5 36.25 35.75 35.25 35.5 35.5 35 34.5 34 33.5 33.75 33.75 34 -9999 -9999 -9999 -9999 -9999 -9999 -9999 -9999 -9999 -9999 -9999 -9999 -9999 -9999 -9999 -9999 -9999 -9999 -9999 -9999 -9999 -9999 -9999
33.5 32.75 33 33 33 33 33 33 33.25 34 34 34.25 34.75 35 35 35.5 35 35 35 35 35 35 35 35 35 35 35 34 34 34 34 34.25 34.25 34 34 34 34 34 34.5 34.5 35 35 35 35.5 35.5 35.5 35.75 35.75 36 35.75 36.5 36.5 36.25 36 36 36 35.75 35 35 34.25 34 34 -9999 -9999 -9999 -9999 -9999 -9999 -9999 -9999 -9999 -9999 -9999 -9999 -9999 -9999 -9999 -9999 -9999 -9999 -9999 -9999 -9999 -9999 -9999 -9999 -9999
33 32 32.5 32 33 33 33 33 33 34 34 34 34 34.25 35 35 35 35 35 35 35 35 35 35 35 35 34.5 34.25 34 34 34 34 34 34 34 34 34 34.25 34 34.25 34.5 35 35 35 35 35.25 35.5 35 34.75 35.5 37 37 36 36 36 36 35.25 35 35 34.5 34 34 -9999 -9999 -9999 -9999 -9999 -9999 -9999 -9999 -9999 -9999 -9999 -9999 -9999 -9999 -9999 -9999 -9999 -9999 -9999 -9999 -9999 -9999 -9999 -9999 -9999
32 32 32 32 33 32.75 32.5 32.5 33 34 34 34 34 34.25 34.5 35 35 35 35.25 35 35 35 35 35 35 35 34.5 34.25 34 34 34 34 34 33.75 34 34 34 34 34 34 34 34.25 34.75 35 35 35 34.75 34.25 34.75 36 37 37 36.75 36 36 35.75 35.5 34.75 34.75 34.75 34.5 34 -9999 -9999 -9999 -9999 -9999 -9999 -9999 -9999 -9999 -9999 -9999 -9999 -9999 -9999 -9999 -9999 -9999 -9999 -9999 -9999 -9999 -9999 -9999 -9999 -9999
32 32 32 32.25 33 32.5 32 32.5 33.5 34 34 34 34 34.25 34.75 35 35 35 35 35 35.25 35 35 35 35 34.75 35 34.5 34 34 34 34 34 33.75 34 33.5 33.75 34 34 34 34 34 34.5 35 34.75 34.75 35 35 35.75 36 36.25 36.5 36.75 36.25 36 36 35.25 35 34.75 34.75 34.5 34.5 35 -9999 -9999 -9999 -9999 -9999 -9999 -9999 -9999 -9999 -9999 -9999 -9999 -9999 -9999 -9999 -9999 -9999 -9999 -9999 -9999 -9999 -9999 -9999 -9999
31.5 32 32 32.75 32.5 32.5 32.25 33 33 33.75 34 34 34.25 34.75 35 35 35 35 35 35 35 35 35 35 35 35 34.5 34 34 34 34 34 33.75 33.75 33.75 33.5 33.5 33.75 34 34 34 34 34.5 34.5 34.75 35 35 35.5 36 36.25 36 36.25 36 36 36 35.75 35.5 35 35 34.5 34.25 34.75 -9999 -9999 -9999 -9999 -9999 -9999 -9999 -9999 -9999 -9999 -9999 -9999 -9999 -9999 -9999 -9999 -9999 -9999 -9999 -9999 -9999 -9999 -9999 -9999 -9999
31.5 31 31.5 32.75 33 33 33 33 33.25 34 34 34 34.25 34.5 35 35 35 35 35 35 35.25 35 35 35 35 35 34.5 34.25 34 34 34 34 34 33.75 33.75 33.75 34 34 33.75 34 34 34 34.25 34 34 34.75 35 35.25 36 36 36 36 36 36 36 36 35.5 35 35 34.5 34.5 35 -9999 -9999 -9999 -9999 -9999 -9999 -9999 -9999 -9999 -9999 -9999 -9999 -9999 -9999 -9999 -9999 -9999 -9999 -9999 -9999 -9999 -9999 -9999 -9999 -9999
31 31 31.25 32.5 33 33 33 33 34 34 34 34 34 34.25 35 35 35 35.25 35.5 35.5 35.25 35.25 35 35 35 35 35 34.25 34 34 34 33.25 33.25 34 34 33.5 34 33.5 33.75 33.75 34 34 34 34.75 34 34.75 35 35 35.75 36 36 36 36 35.75 36 36 35.75 35 35 35 34.75 35 -9999 -9999 -9999 -9999 -9999 -9999 -9999 -9999 -9999 -9999 -9999 -9999 -9999 -9999 -9999 -9999 -9999 -9999 -9999 -9999 -9999 -9999 -9999 -9999 -9999
31 31 31.75 32.25 33 33 33 33 33.75 33.25 34 34 34.25 35 35 35 35.25 35.75 35.75 36 35.25 35 35 35 35 35 35 34.75 34 34 33.75 33.25 33.75 34 33.75 33.75 34 34 34 34 34 34 34.5 34.25 34.75 35 35 35.25 36 36 36 36 35.75 36 35.75 36 35.5 35 35 35 35 -9999 -9999 -9999 -9999 -9999 -9999 -9999 -9999 -9999 -9999 -9999 -9999 -9999 -9999 -9999 -9999 -9999 -9999 -9999 -9999 -9999 -9999 -9999 -9999 -9999 -9999
31.5 32 32 32 33 33 33 33.5 33.75 34 34 34.5 34.5 35 35 35.5 36 36 36 36 35.75 35.25 35 35 35 35 35 34.75 34.25 34 34 34 33.75 34 33.25 33.25 34 34 34 34 34 34 34.5 35 34.75 35 35 35 35.5 36 36 35.5 36 35.75 36 35.75 35.5 35 35 35 35 -9999 -9999 -9999 -9999 -9999 -9999 -9999 -9999 -9999 -9999 -9999 -9999 -9999 -9999 -9999 -9999 -9999 -9999 -9999 -9999 -9999 -9999 -9999 -9999 -9999 -9999
32 32 32 32.25 33 33 33.25 33.75 34 34 34.75 34.75 34.75 35 35 35.5 36 36 36 36 36 35.5 35 35 35 35 35 34.5 34.25 34 34 34 34 34 33.75 34 34 34 34 34 34 34.25 34.75 34.5 35 35 35 35 35 35.25 35.75 35.5 35.5 35.75 35.25 35.75 35.5 35 35 35 -9999 -9999 -9999 -9999 -9999 -9999 -9999 -9999 -9999 -9999 -9999 -9999 -9999 -9999 -9999 -9999 -9999 -9999 -9999 -9999 -9999 -9999 -9999 -9999 -9999 -9999 -9999
32 32 32 32.75 33 33 33 34 34 34 34.75 34.75 35 35 35 35.75 35.75 36 36 36.25 36 35.75 35.5 35 35 35 35 35 34.5 34 34 34.25 34 34 34 34 34 34 34.25 34.25 34.25 34.75 34.75 35 35 34.5 34.75 35.25 35.25 35.25 35.5 36 35.25 35.75 35.5 35 35.25 35 35 -9999 -9999 -9999 -9999 -9999 -9999 -9999 -9999 -9999 -9999 -9999 -9999 -9999 -9999 -9999 -9999 -9999 -9999 -9999 -9999 -9999 -9999 -9999 -9999 -9999 36 -9999 -9999
32 32 32.25 33 33 33 33.5 34 34 34 34.75 34.75 35 35.25 35.25 35.5 36 36 36 36.25 36.25 36 36 35.5 36 35 35 35 35 34.5 34.75 34 34 34 34 34 34 34 34 34 34.75 35 34.75 34.5 34 34.75 35 35 35 35 35.5 35.25 35.25 35.5 35.75 35 35 35.5 -9999 -9999 -9999 -9999 -9999 -9999 -9999 -9999 -9999 -9999 -9999 -9999 -9999 -9999 -9999 -9999 -9999 -9999 -9999 -9999 -9999 -9999 -9999 -9999 36 36 36 35.5 35.5
32.5 33 33 33 33.25 33.5 33.75 34 34 34 34.75 35 35 35 35.75 35.5 36 36 36 36 36 36 36 36 36 35.75 35 35 35 35 35 34.25 34.75 34 34 34.25 34.75 34.5 35 34.75 35 35 35 34.75 34.5 35 35 35.75 35.25 35.25 35 35.5 35.75 35.5 36 35.25 35 -9999 -9999 -9999 -9999 -9999 -9999 -9999 -9999 -9999 -9999 -9999 -9999 -9999 -9999 -9999 -9999 -9999 -9999 -9999 -9999 -9999 36.5 35.66667 35.5 35.5 35.5 35.5 35 36 35.25
33 33 33 33 33.75 33.75 34 34 34 34.25 35 35 35 35 35.75 36 36 36 36 36 36 36 36 35.75 36 35.75 35.75 35.5 35 35 35 35 35 34.5 34.5 35 35 34.75 35 35 35 35.25 35 35 35 35 35 36 36 36 35.75 35.5 36 35.5 36 35 -9999 -9999 -9999 -9999 -9999 -9999 -9999 -9999 -9999 -9999 -9999 -9999 -9999 -9999 -9999 -9999 -9999 -9999 -9999 -9999 36 35.75 35 34.75 35.25 36 35.5 35.75 35.5 35.5 35.5
33 33 33 33.25 33 33.75 34 34 34 34.5 34.75 35 35 35 35.5 35.25 35.75 36 36 36 36 36 36 35.75 36 36 36 35.75 35.25 35 35 35.75 35 35.25 35 35.25 35.25 35.5 35.25 35 35.25 35.75 35.75 35.5 35 35 35 36 36 36 36 35.25 36 36 36 -9999 -9999 -9999 -9999 -9999 -9999 -9999 -9999 -9999 -9999 -9999 -9999 -9999 -9999 -9999 -9999 -9999 -9999 36 36 36 35 35.5 35 35.5 36 36 36 36 35.25 35 35.25
33.5 33.5 33.5 33.75 33.5 34 34 34 34.25 34.75 35 34.75 35 35 35 35.25 36 36 36 36 36 36 36 35.75 36 36 35.75 36 35.25 35.25 36 35.25 35.25 35.25 35.5 35.5 36 36 36 35.75 35.5 35.75 36 36 36 35.5 35.5 36 36 36 36 36 36 36 -9999 -9999 -9999 -9999 -9999 -9999 -9999 -9999 -9999 -9999 -9999 -9999 -9999 -9999 -9999 -9999 -9999 36 36 36 35.5 35 35.5 36 36 36 36 36 36 36 35 35.25 35
33.75 33.5 34 34 34 34 34 34 34 34.25 34.75 35 35 35 35 36 36 36 36 36 36 36 36 36 36 36 35.75 35.75 35.75 35.25 35.75 36 35.5 35.75 35.75 36 36 36.25 36 36 36.25 36 36.25 36 36 36 36 36 36 -9999 -9999 -9999 -9999 -9999 -9999 -9999 -9999 -9999 -9999 -9999 -9999 -9999 -9999 -9999 -9999 -9999 -9999 -9999 -9999 -9999 -9999 36 36 35.5 35.5 35.5 36 36.25 36.75 36.25 36 36 36 35.75 35.75 36 35.25
34 34 34 34 34 34 34.25 34.25 34 34 34.75 35 35 35 35 35.75 35.75 36 36 36 36 36 36 36 36 36 36 36 36 36 36 36 36 35.75 35.5 36 36.25 36.75 37 36.75 36.75 36.75 36.75 36.5 36.25 36 36 -9999 -9999 -9999 -9999 -9999 -9999 -9999 -9999 -9999 -9999 -9999 -9999 -9999 -9999 -9999 -9999 -9999 -9999 -9999 -9999 -9999 -9999 -9999 -9999 36 36 36 36 36 36 36.5 36.5 36.25 36 36 36 36 36 36 35.5
34 34 34 34 34.5 34 34 34.25 34.75 35 35 35 35 35 35 35.5 36 36 36 36 36 36 36 36 36 36 36 36 36 36 36 36 36 36 36 36.25 36.75 36.5 37 37 37 37 36.75 36.75 37 36.75 37 -9999 -9999 -9999 -9999 -9999 -9999 -9999 -9999 -9999 -9999 -9999 -9999 -9999 -9999 -9999 -9999 -9999 -9999 -9999 -9999 -9999 -9999 -9999 -9999 36 36 36 36 36 36.5 36.5 36.25 37 36.25 36 36 36 36 36 36
34 34.5 34 34 34.25 34 34 34.25 35 35 35 35 35 35 35 35.5 35.5 36 36 36 36 36 36 36 36 36.5 36 36 36.25 36 36.75 36.5 36 36 36.5 36.5 37 37 37 37 37 37.5 37 37 37 37 -9999 -9999 -9999 -9999 -9999 -9999 -9999 -9999 -9999 -9999 -9999 -9999 -9999 -9999 -9999 -9999 -9999 -9999 -9999 -9999 -9999 -9999 -9999 -9999 -9999 36 36 36 36 36.25 36.25 36.75 36.5 36.5 36.75 36.25 36 36 36 36 -9999
34.5 34.25 34.25 34 34 34.5 34.5 34 34 34.75 35 35 35 35 35 35 35 36 36 36 36 36 36 36 36 36 36 36 36.25 36.25 36.5 36.5 36.75 36.25 36.25 37 36.75 37 37 37.5 37.5 37.75 37 37.5 37.25 37 37 -9999 -9999 -9999 -9999 -9999 -9999 -9999 -9999 -9999 -9999 -9999 -9999 -9999 -9999 -9999 -9999 -9999 -9999 -9999 -9999 -9999 -9999 -9999 -9999 -9999 -9999 -9999 -9999 37 36 36.25 36 37 36.5 36 36 36.66667 36 -9999 -9999
35 35 34.25 35 34.5 34.5 35 35 35 35 35 35 35 35 35 35.25 35.25 35.75 36 36 36 36 36 36 36 36.25 36.5 36 36.25 36.25 36.75 36.75 37 36.25 36.25 36.75 37.75 37.25 38 37.5 37.5 37.75 37.5 37.5 37.5 37.25 37.33333 -9999 -9999 -9999 -9999 -9999 -9999 -9999 -9999 -9999 -9999 -9999 -9999 -9999 -9999 35 35 35 35 35 36 -9999 -9999 -9999 -9999 -9999 -9999 -9999 -9999 -9999 -9999 36 36 36.25 36 36.25 36.5 -9999 -9999 -9999 -9999
35 34.5 35 35 35 35 35 35 34.5 34.75 35 35 35 35 35 35.25 35.75 35.5 36 36 36 36 36 36 36 36.25 36.5 36 36 36 36.25 37 37 36.5 36.75 37 37.25 38 38 38 37.25 37.75 38 38 37.5 38 37.5 38 37 -9999 -9999 -9999 -9999 -9999 -9999 -9999 -9999 -9999 -9999 -9999 34.66667 34.75 34.5 34 35 35 35 -9999 -9999 -9999 -9999 -9999 -9999 -9999 -9999 -9999 -9999 -9999 36.75 37 36.5 36.66667 -9999 -9999 -9999 -9999 -9999
35 34.75 35 35 35 35 35 34.5 34.25 34.5 35 35 35 35 35 35 35.75 35.75 36 36 36 36 36 36 36.25 36 36 36 36 36 36.75 37 37 36.25 37 37 38 38 38 38 37.25 37.25 38 38 38 38 38 37.5 38 38 -9999 -9999 -9999 -9999 -9999 -9999 -9999 -9999 35 35 34.5 34.25 34.25 34.25 35 34.75 35 -9999 -9999 -9999 -9999 -9999 -9999 -9999 -9999 -9999 -9999 -9999 36 36.5 36.5 -9999 -9999 -9999 -9999 -9999 -9999
35 35 35 35 35 34.5 34.75 35 34.75 35 35 35 35 35 35 35 35.5 36 36 36 36 36 36 36 36.5 36 36 36 36.25 36 37 36.75 36.75 36.75 37 37 37.25 38 38 38 38 37.5 38 38.25 38 38 38 38 37.5 37.5 37 -9999 -9999 -9999 -9999 -9999 -9999 36 35 34.75 34.25 34.5 34.25 34.5 34.75 35 -9999 -9999 -9999 -9999 -9999 -9999 -9999 -9999 -9999 -9999 -9999 -9999 -9999 -9999 -9999 -9999 -9999 -9999 -9999 -9999 -9999
34.75 35 35 34.5 34.25 34.25 34.75 34.5 34.25 34.5 35 35 35 35 35 35 35 35.75 35.5 36 36 36 36 36 36.25 36 36.25 36.5 36.25 36.5 37 36.75 37 37 37.25 37 37.25 37.5 38 37.5 37.5 37 37.75 38 38 38 38 38 38 37.5 37.33333 -9999 -9999 -9999 -9999 -9999 -9999 -9999 35 34.75 34.5 34.5 34.5 34 35 35 -9999 -9999 -9999 -9999 -9999 -9999 -9999 -9999 -9999 -9999 -9999 -9999 -9999 -9999 -9999 -9999 -9999 -9999 -9999 -9999 -9999
34.75 34.75 35 34 34 34.25 34 34 34.5 35 35 35 35 35 35 35 35 35 35.25 35.5 36 36 36 36 36 36 36.25 37 36.25 37 37 37 37 37.25 37.5 37 37 37 37 37.25 37.25 36.75 37 37.25 38 38 38 38 38 37.5 -9999 -9999 -9999 -9999 -9999 -9999 -9999 -9999 35 35 35 34.25 35 34 35 -9999 -9999 35 -9999 -9999 -9999 -9999 -9999 -9999 -9999 -9999 -9999 -9999 -9999 -9999 -9999 -9999 -9999 -9999 -9999 -9999 -9999
34.75 34.25 34 34 34 34 34 34 34.75 34.75 35 35 35 35 35 35 35 35 35 35.25 36 36 36 36 36 36.25 37 37 37 37 37 37.25 37.25 37.5 37.75 37 37 37 36.5 37.25 36.75 36.75 36.75 37.75 37.5 38 38 38 -9999 37.5 37 37 -9999 -9999 -9999 -9999 -9999 -9999 35 35 35 34 34.75 35 35 -9999 -9999 -9999 -9999 -9999 -9999 -9999 -9999 -9999 -9999 -9999 -9999 -9999 -9999 -9999 -9999 -9999 -9999 -9999 -9999 -9999 -9999
