layers/wordclim/past/Iberia_miroc_10_ascii/bio_03.asc
ncols         205
nrows         142
xllcorner     -11.010633712694
yllcorner     33.273793250999
cellsize      0.083333333333334
NODATA_value  -9999
[rows 78 to 116 of 142, columns 0 to 86 of 205]
-9999 -9999 -9999 -9999 -9999 -9999 -9999 -9999 -9999 -9999 -9999 -9999 -9999 -9999 -9999 -9999 -9999 42.25 42 41.75 41 40.25 40.25 40 40 39.75 39.75 39.5 39.75 39.5 39.25 39 39 38.5 38 38 38.25 38 38 38 38 37.75 37.25 38 37 37 36.75 36 36 36 35.75 35.5 35 35 35 35 35 35 34.5 35 34.25 34.25 34.5 34 34 34 34 34 34 34 34 34 34 34 34 34 34 34 34 34 34 34 34 34 34 34 34
-9999 -9999 -9999 -9999 -9999 -9999 -9999 -9999 -9999 -9999 -9999 -9999 -9999 -9999 -9999 -9999 -9999 43 42 42 41.66667 41 40.5 39.75 40 40 40 40 39.5 39.5 39.25 39.25 39 39 39 38.75 38.5 38 38 38 38 38 37.75 37.75 37 37 36.5 36.25 36 36 35 35 35 35 35 35 35 35 35 35 34.75 34 34.5 34 34 34 34.5 34 34 34 34 34 34 34 34 34 34 34 34 34 34 34 34 34 34 33.75 34
-9999 -9999 -9999 -9999 -9999 -9999 -9999 -9999 -9999 -9999 -9999 -9999 -9999 -9999 -9999 -9999 -9999 -9999 -9999 -9999 -9999 41.33333 40.75 40.75 40.5 40 40 40 40 40 39.75 39.75 39.5 39.75 39 39 39 38.5 38.5 38.5 38.25 38 38 37.5 37 37 36.75 36 36 35.5 35.25 35.25 35 35 35 35 34.75 34.5 35 35 34.5 35 34.5 35 34.25 34.75 34.75 34.25 34.5 34 34 34 34 34 34 34 34 34 33.75 34 33.5 34 33.75 34 33.25 33.5 33.75
-9999 -9999 -9999 -9999 -9999 -9999 -9999 -9999 -9999 -9999 -9999 -9999 -9999 -9999 -9999 -9999 -9999 -9999 -9999 -9999 -9999 -9999 41 41 41 41 40.75 40 40 40 40 40 40 40 39.5 39.25 39 39 39 38.75 38.5 38.25 38 37 37 37 36.75 36.25 36 35.75 35.5 35.25 35.25 35 35 35 35 35 35 35 35 35 34.75 34.25 34.5 35 34.5 34.75 34 34 34 34.5 34 34 34 34 34 34 33.75 33.75 33.25 33 33 33 33 33 33
-9999 -9999 -9999 -9999 -9999 -9999 -9999 -9999 -9999 -9999 -9999 -9999 -9999 -9999 -9999 -9999 -9999 -9999 -9999 -9999 -9999 -9999 -9999 -9999 41 41 40.75 40.25 40 40 40 40 40 40 40 40 39.75 39.25 39 39 38.75 38.25 38 37.5 37 37 36.75 36.25 36 36 35.75 35.5 35 35 35 35 35 35 35 35 35 35 34.75 34.75 35 35 34.75 34.75 34 34 34.25 34.25 34 34 34 33.75 34 34 33.5 33 33 33 33 33 33 33 33
-9999 -9999 -9999 -9999 -9999 -9999 -9999 -9999 -9999 -9999 -9999 -9999 -9999 -9999 -9999 -9999 -9999 -9999 -9999 -9999 -9999 -9999 -9999 42 41.75 41 41 40.25 40 40.75 40.75 40 40.25 40 40 40 40 40 39.75 39 39 38.75 38 37.5 37.25 37 37 36.5 36 35.75 35.25 35 35 35 35 35 35 35 35 35 35 35 35 35 35 35 35 34.75 34.25 34.75 34 34.25 34 34 34 34 33.5 33.25 33.5 33 33 33 33 33 32.5 32.5 32.25
-9999 -9999 -9999 -9999 -9999 -9999 -9999 -9999 -9999 -9999 -9999 -9999 -9999 -9999 -9999 -9999 -9999 -9999 -9999 -9999 -9999 -9999 -9999 -9999 42 41.5 41.25 41 40.25 40.25 40.5 41 41 40.75 40.25 40 40 40 39.75 39.5 39 38.25 38 37.25 37 37 36.5 36.25 36 36 35.5 35 35 35 35 35 35 35 35 35 35 35 35 35 35 35 35 35 35 35 34.25 34 34 34 34 34 34 33.5 33.25 33 33 32.75 32.25 32.5 32.25 32 32
-9999 -9999 -9999 -9999 -9999 -9999 -9999 -9999 -9999 -9999 -9999 -9999 -9999 -9999 -9999 -9999 -9999 -9999 -9999 -9999 -9999 -9999 -9999 -9999 42.25 42 41.25 41 40.75 40.75 41 41 40.5 40 40 40 40.25 40.25 40 39.75 39 38.5 38 37.5 37 37 36.25 36 35.75 35.5 35 35 35 35 35 35 35 35 35 35 35.5 35 35 35 35 35 35 35 35 35 34.25 34 34 34 34 34 34 33.25 33.5 33 33 33 32.5 32 32 32 32
-9999 -9999 -9999 -9999 -9999 -9999 -9999 -9999 -9999 -9999 -9999 -9999 -9999 -9999 -9999 -9999 -9999 -9999 -9999 -9999 -9999 -9999 -9999 43 42.75 42 41.75 41.25 40.75 41 41 41 40 40.5 40 40.25 40.25 40 40 39.5 39 38.25 38 37.5 37 36.5 36.5 36 35.75 35.25 35.25 35 35 35 35 35 35 35 35 35.25 35.25 35.5 35 35 35 35 35 35 35 35 35 34.75 34 34 34 34 34 33.5 33.25 33 32.25 32.75 32.25 32 32 31.75 31.75
-9999 -9999 -9999 -9999 -9999 -9999 -9999 -9999 -9999 -9999 -9999 -9999 -9999 -9999 -9999 -9999 -9999 -9999 -9999 -9999 -9999 -9999 -9999 -9999 43 42.75 42 41.75 41 41 40.75 41 40.25 40.75 40.5 40.25 40 40 40 39.75 38.75 38.5 38 37.5 37 36.5 36 36 35.25 35 35 35 35 35 35 35 35 35 35 35.5 36 36 35.75 35.5 35.75 35.25 35.75 35.5 35.25 35 35 35 34.5 34.25 34 34 34 33.5 33 33 32.5 32.25 32 32 31.25 31 31.25
-9999 -9999 -9999 -9999 -9999 -9999 -9999 -9999 -9999 -9999 -9999 -9999 -9999 -9999 -9999 -9999 -9999 -9999 -9999 -9999 -9999 -9999 -9999 -9999 43.5 42.75 42 41.5 41.25 41.25 41 40.75 40.5 40 40 40 40 40 39.75 39.25 38.75 38 37.75 37 36.75 36.25 35.75 35 35.25 35 35 35 35 35 35 35 35.25 35.25 35.25 35.5 35.75 36 36 36 36 36 36 36 35.75 35.5 35 35 35 34.5 34 34 34 33.25 33 33 33 32.75 32 32 31.25 32.25 31.25
-9999 -9999 -9999 -9999 -9999 -9999 -9999 -9999 -9999 -9999 -9999 -9999 -9999 -9999 -9999 -9999 -9999 -9999 -9999 -9999 -9999 -9999 -9999 -9999 43.75 43 42.25 42 41.5 41 41 40.5 41 40.5 40 40 40 40 39.75 39 38.25 38 37.25 37 36.25 36 35.25 35 35 34.75 34.5 34.75 35 35 35 35 35 35.5 35.75 36 36 36 36.25 36.75 36 36 36.25 36 36 35.5 35 35 35 34.25 34 34 33.75 33 33 33 33 32.5 32 32 32 32.75 32.5
-9999 -9999 -9999 -9999 -9999 -9999 -9999 -9999 -9999 -9999 -9999 -9999 -9999 -9999 -9999 -9999 -9999 -9999 -9999 -9999 -9999 -9999 -9999 -9999 43.5 43 42.25 42 41 41 40.75 40.25 40.5 40.25 40 40 40 40 39.25 38.75 38 38 37.5 36.75 36 35.25 35 34.75 34.25 34.25 34.25 34.25 35 34.75 34.75 35 35 35.25 36 36 36 36.5 36 36.5 37 37 36.25 36 36 35.75 36 35 35 34.75 34 34 34 33 33.25 33 33 32.5 32 32.25 32 32.75 33.25
-9999 -9999 -9999 -9999 -9999 -9999 -9999 -9999 -9999 -9999 -9999 -9999 -9999 -9999 -9999 -9999 -9999 -9999 -9999 -9999 -9999 -9999 -9999 45 44.25 44 42.5 42.25 41 41 41 40.5 40 40 40.25 40 39.75 39.25 39 38.75 38.25 37.5 37.25 36.5 36 35.25 34.5 34 33.75 33.75 33.75 34 34 34 34.75 35 35 35.5 35.75 36 36.25 37 36.5 37 37 37 36.5 36 36 36 36 35.25 35 35 34.5 34 33.75 33.75 33.75 33.25 33.25 33 32.5 32.5 33 33.25 33.25
-9999 -9999 -9999 -9999 -9999 -9999 -9999 -9999 -9999 -9999 -9999 -9999 -9999 -9999 -9999 -9999 -9999 -9999 -9999 -9999 -9999 -9999 -9999 45 44.5 43.75 43 42 41 41 41 41 40.5 40.25 40 40 39.75 39 39 38.5 38 37.75 37.25 36.5 35.5 35 34.5 33.75 33 33 33 33.25 34 34 34.25 34.75 35 35.25 35.75 36.25 36.5 36.75 37 37 37 37 37 37 36.5 36 36 35.25 35 34.75 34 34 34 33.75 33.5 33 33.25 33.25 33 33 33.25 33 33
-9999 -9999 -9999 -9999 -9999 -9999 -9999 -9999 -9999 -9999 -9999 -9999 -9999 -9999 -9999 -9999 -9999 -9999 -9999 -9999 -9999 -9999 -9999 46 45.25 44 43 42 41.5 41.25 41 40.75 40.75 40.75 40 40 40 39 39 39 38 38 37.25 36.25 35.5 35 34 33.25 32.5 32.5 32.75 33.5 34 34 34.25 34.75 35 35 35.5 36 36 37 37 37 37 37 37 37 36.5 36 36 35.25 35 35 34.25 34 34 34 33.25 33.75 33.5 33 33.5 33.25 33.75 33.25 33
-9999 -9999 -9999 -9999 -9999 -9999 -9999 -9999 -9999 -9999 -9999 -9999 -9999 -9999 -9999 -9999 -9999 -9999 -9999 -9999 -9999 -9999 -9999 46.66667 46.25 43.75 43 42.25 41.75 41 41 41 41 41 40.25 40 40 39 39 38.75 38 38 37 36.25 35.75 35 34 32.75 32 32 32.75 33 33.25 34 34.25 34 34.5 34.75 35 35.25 36 36.25 37 37 37 37 37 36.75 36 36 35.5 35.25 35 35 35 34 34 34 33.75 33.5 33.25 33 33.25 33.25 33.25 33.5 33.25
-9999 -9999 -9999 -9999 -9999 -9999 -9999 -9999 -9999 -9999 -9999 -9999 -9999 -9999 -9999 -9999 -9999 -9999 -9999 -9999 -9999 -9999 -9999 47.66667 47.25 45 43.25 41.5 41 41 41 41 41 41 41 40.25 40 39.25 39.25 39 38.5 38 37 36 36 35 34.25 33.25 32.75 32.5 33 33 33 34 34 34 34 34 34.75 34.75 35.5 35.75 36.5 37 37 37 36.75 36 36 36 36 35.25 35 35 35 34.25 34 34 34 34 33.5 33.25 33 33.25 33.5 33.75 34
-9999 -9999 -9999 -9999 -9999 -9999 -9999 -9999 -9999 -9999 -9999 -9999 -9999 -9999 -9999 -9999 -9999 -9999 -9999 -9999 -9999 -9999 -9999 48.5 47.75 46 44.25 41.75 41.25 41.25 41 41.5 41 41 41 40.75 40.5 40 40 39.25 38.75 38.25 37.25 36.75 35.75 35.25 34.75 34 34 33.25 33 33.25 33.75 34 34 34 33.75 33.75 34 34 34.25 35.25 35.5 36.25 36.5 36.5 36 36 36 36 35.75 35.5 35 35 34.25 34.25 34 34 34 34 34 34 34 34 34 34 34
-9999 -9999 -9999 -9999 -9999 -9999 -9999 -9999 -9999 -9999 -9999 -9999 -9999 -9999 -9999 -9999 -9999 -9999 -9999 -9999 -9999 -9999 -9999 49 49.5 47.5 45 43 42.25 41.75 41.75 41.75 41.75 41 41 41 41.25 41 40 39 38.75 38 37.75 37 36.75 36.25 35 34.5 34 34 33.5 34 34 34 34 33.5 33.25 33 32.5 33 33.25 33.75 34.25 35.25 36 36 36 36 36 35.25 35 35 35 35 34.25 34.25 34.25 34.25 34 34 34 34 34 34.25 34 34 34
-9999 -9999 -9999 -9999 -9999 -9999 -9999 -9999 -9999 -9999 -9999 -9999 -9999 -9999 -9999 -9999 -9999 -9999 -9999 -9999 -9999 -9999 -9999 49 49.25 47.5 46 44.5 43.25 42.5 42.5 42 41.75 41.75 41.5 41 41 41 41 41 -9999 -9999 38 37.5 37 36.5 35.75 35 35 34.75 34.5 34.25 34.25 34.25 34 33.5 33 32.5 31.5 31.5 32.25 33 33.75 34.75 35 35 35.75 35.25 35.5 35 35 35 35 35 34.75 34.5 34.5 34 34 34 34 33.5 33.75 34 34 34 34
-9999 -9999 -9999 -9999 -9999 -9999 -9999 -9999 -9999 -9999 -9999 -9999 -9999 -9999 -9999 -9999 -9999 -9999 -9999 -9999 -9999 -9999 -9999 -9999 48.5 47.5 46.5 45 44.5 44 43 43 42.25 42.25 41.75 42 41.5 -9999 -9999 -9999 -9999 -9999 -9999 -9999 -9999 -9999 36 36 35.75 35.25 35 35 35 34.75 34.25 33.75 33 31.5 30.5 30.25 31.25 32 32.75 33.75 34 34.75 35 35 35 35 35 35.25 35 35 34.5 34 34 33.5 33.5 34 34 33 32.5 33.75 34 34 34
-9999 -9999 -9999 -9999 -9999 -9999 -9999 -9999 -9999 -9999 -9999 -9999 -9999 -9999 -9999 -9999 -9999 -9999 -9999 -9999 -9999 -9999 -9999 -9999 -9999 -9999 -9999 -9999 -9999 -9999 -9999 -9999 -9999 -9999 -9999 -9999 -9999 -9999 -9999 -9999 -9999 -9999 -9999 -9999 -9999 -9999 -9999 -9999 36.33333 35.5 35.75 35.25 35.25 35 35 34.25 32.75 31 29.5 28.5 29.5 30.75 32.25 33.25 33.75 34.75 35 35 35 35 35 35 35.25 35 34.5 33.75 33.5 33 33 33.5 33.25 33 33 32.75 33 33 33.25
-9999 -9999 -9999 -9999 -9999 -9999 -9999 -9999 -9999 -9999 -9999 -9999 -9999 -9999 -9999 -9999 -9999 -9999 -9999 -9999 -9999 -9999 -9999 -9999 -9999 -9999 -9999 -9999 -9999 -9999 -9999 -9999 -9999 -9999 -9999 -9999 -9999 -9999 -9999 -9999 -9999 -9999 -9999 -9999 -9999 -9999 -9999 -9999 -9999 36 36.25 36 35.75 35.5 35.75 35.25 33.75 31.5 29.75 29 29.75 31 32 32.75 33.75 34.25 34.75 35.25 35.25 35.5 35.5 35.75 35.25 35 34.5 34.25 33.75 33.25 32.5 32 32.25 32 32.33333 32 33 32.33333 32.5
-9999 -9999 -9999 -9999 -9999 -9999 -9999 -9999 -9999 -9999 -9999 -9999 -9999 -9999 -9999 -9999 -9999 -9999 -9999 -9999 -9999 -9999 -9999 -9999 -9999 -9999 -9999 -9999 -9999 -9999 -9999 -9999 -9999 -9999 -9999 -9999 -9999 -9999 -9999 -9999 -9999 -9999 -9999 -9999 -9999 -9999 -9999 -9999 -9999 -9999 37 36.5 36 36 35.5 35 33.25 31.5 30.25 29.5 30 31.25 32.25 33 33.75 35 35 35 35.25 35.5 35.25 35.25 35.5 35.5 35 34.5 34.5 33.5 33 32.5 32.75 33 -9999 -9999 -9999 -9999 -9999
-9999 -9999 -9999 -9999 -9999 -9999 -9999 -9999 -9999 -9999 -9999 -9999 -9999 -9999 -9999 -9999 -9999 -9999 -9999 -9999 -9999 -9999 -9999 -9999 -9999 -9999 -9999 -9999 -9999 -9999 -9999 -9999 -9999 -9999 -9999 -9999 -9999 -9999 -9999 -9999 -9999 -9999 -9999 -9999 -9999 -9999 -9999 -9999 -9999 -9999 -9999 36.66667 36.5 36 35.5 34 32.5 31.5 30.5 30.5 31 31 32 33 34.5 34 35 35.25 35.25 36 35.25 36 35.25 35 35 34.5 34.25 33.25 33.5 33 -9999 -9999 -9999 -9999 -9999 -9999 -9999
-9999 -9999 -9999 -9999 -9999 -9999 -9999 -9999 -9999 -9999 -9999 -9999 -9999 -9999 -9999 -9999 -9999 -9999 -9999 -9999 -9999 -9999 -9999 -9999 -9999 -9999 -9999 -9999 -9999 -9999 -9999 -9999 -9999 -9999 -9999 -9999 -9999 -9999 -9999 -9999 -9999 -9999 -9999 -9999 -9999 -9999 -9999 -9999 -9999 -9999 -9999 37 37 36.5 35.5 34.5 33 32 31.25 31.25 31.75 31.25 32.25 33 33.75 34.5 35 35.25 35.5 35.75 36 36 35.75 35.75 35 35 34.25 34 34 -9999 -9999 -9999 -9999 -9999 -9999 -9999 -9999
-9999 -9999 -9999 -9999 -9999 -9999 -9999 -9999 -9999 -9999 -9999 -9999 -9999 -9999 -9999 -9999 -9999 -9999 -9999 -9999 -9999 -9999 -9999 -9999 -9999 -9999 -9999 -9999 -9999 -9999 -9999 -9999 -9999 -9999 -9999 -9999 -9999 -9999 -9999 -9999 -9999 -9999 -9999 -9999 -9999 -9999 -9999 -9999 -9999 -9999 -9999 -9999 38 37.25 36.25 35.25 34.25 33 32.5 32.25 32.5 33 33.25 33.75 33.75 34.75 35 35.75 36 36 36.25 36 36 -9999 -9999 -9999 -9999 -9999 -9999 -9999 -9999 -9999 -9999 -9999 -9999 -9999 -9999
-9999 -9999 -9999 -9999 -9999 -9999 -9999 -9999 -9999 -9999 -9999 -9999 -9999 -9999 -9999 -9999 -9999 -9999 -9999 -9999 -9999 -9999 -9999 -9999 -9999 -9999 -9999 -9999 -9999 -9999 -9999 -9999 -9999 -9999 -9999 -9999 -9999 -9999 -9999 -9999 -9999 -9999 -9999 -9999 -9999 -9999 -9999 -9999 -9999 -9999 -9999 -9999 -9999 37 36.75 36.25 35 34.25 33.75 33.75 33.25 33.5 34 34 35 35 35.75 36 37 37 37 -9999 -9999 -9999 -9999 -9999 -9999 -9999 -9999 -9999 -9999 -9999 -9999 -9999 -9999 -9999 -9999
-9999 -9999 -9999 -9999 -9999 -9999 -9999 -9999 -9999 -9999 -9999 -9999 -9999 -9999 -9999 -9999 -9999 -9999 -9999 -9999 -9999 -9999 -9999 -9999 -9999 -9999 -9999 -9999 -9999 -9999 -9999 -9999 -9999 -9999 -9999 -9999 -9999 -9999 -9999 -9999 -9999 -9999 -9999 -9999 -9999 -9999 -9999 -9999 -9999 -9999 -9999 -9999 -9999 38.5 37.75 37.25 36.25 35.5 35.5 34.75 34.5 34.5 34 34.25 35.25 35.25 36.25 37 37.5 37 -9999 -9999 -9999 -9999 -9999 -9999 -9999 -9999 -9999 -9999 -9999 -9999 -9999 -9999 -9999 -9999 -9999
-9999 -9999 -9999 -9999 -9999 -9999 -9999 -9999 -9999 -9999 -9999 -9999 -9999 -9999 -9999 -9999 -9999 -9999 -9999 -9999 -9999 -9999 -9999 -9999 -9999 -9999 -9999 -9999 -9999 -9999 -9999 -9999 -9999 -9999 -9999 -9999 -9999 -9999 -9999 -9999 -9999 -9999 -9999 -9999 -9999 -9999 -9999 -9999 -9999 -9999 -9999 -9999 -9999 -9999 39 38.25 37.5 37.25 36.25 36.5 35.5 35.5 35 35 35.5 35.75 36.5 37.5 38 -9999 -9999 -9999 -9999 -9999 -9999 -9999 -9999 -9999 -9999 -9999 -9999 -9999 -9999 -9999 -9999 -9999 -9999
-9999 -9999 -9999 -9999 -9999 -9999 -9999 -9999 -9999 -9999 -9999 -9999 -9999 -9999 -9999 -9999 -9999 -9999 -9999 -9999 -9999 -9999 -9999 -9999 -9999 -9999 -9999 -9999 -9999 -9999 -9999 -9999 -9999 -9999 -9999 -9999 -9999 -9999 -9999 -9999 -9999 -9999 -9999 -9999 -9999 -9999 -9999 -9999 -9999 -9999 -9999 -9999 -9999 -9999 40 39.33333 39.25 38.5 37.5 37.75 37.5 37.33333 36.66667 37.5 36 36 -9999 -9999 -9999 -9999 -9999 -9999 -9999 -9999 -9999 -9999 -9999 -9999 -9999 -9999 -9999 -9999 -9999 -9999 -9999 -9999 -9999
-9999 -9999 -9999 -9999 -9999 -9999 -9999 -9999 -9999 -9999 -9999 -9999 -9999 -9999 -9999 -9999 -9999 -9999 -9999 -9999 -9999 -9999 -9999 -9999 -9999 -9999 -9999 -9999 -9999 -9999 -9999 -9999 -9999 -9999 -9999 -9999 -9999 -9999 -9999 -9999 -9999 -9999 -9999 -9999 -9999 -9999 -9999 -9999 -9999 -9999 -9999 -9999 -9999 -9999 -9999 -9999 40 39.66667 39 39 39 38 -9999 -9999 -9999 36 36.33333 37.25 39 39 -9999 -9999 -9999 -9999 -9999 -9999 -9999 -9999 -9999 -9999 -9999 -9999 -9999 -9999 -9999 -9999 -9999
-9999 -9999 -9999 -9999 -9999 -9999 -9999 -9999 -9999 -9999 -9999 -9999 -9999 -9999 -9999 -9999 -9999 -9999 -9999 -9999 -9999 -9999 -9999 -9999 -9999 -9999 -9999 -9999 -9999 -9999 -9999 -9999 -9999 -9999 -9999 -9999 -9999 -9999 -9999 -9999 -9999 -9999 -9999 -9999 -9999 -9999 -9999 -9999 -9999 -9999 -9999 -9999 -9999 -9999 -9999 -9999 -9999 -9999 -9999 -9999 39 38 38 36.5 35.75 35.75 36 37 38.75 39 -9999 -9999 -9999 -9999 -9999 -9999 -9999 -9999 -9999 -9999 -9999 -9999 -9999 -9999 -9999 -9999 -9999
-9999 -9999 -9999 -9999 -9999 -9999 -9999 -9999 -9999 -9999 -9999 -9999 -9999 -9999 -9999 -9999 -9999 -9999 -9999 -9999 -9999 -9999 -9999 -9999 -9999 -9999 -9999 -9999 -9999 -9999 -9999 -9999 -9999 -9999 -9999 -9999 -9999 -9999 -9999 -9999 -9999 -9999 -9999 -9999 -9999 -9999 -9999 -9999 -9999 -9999 -9999 -9999 -9999 -9999 -9999 -9999 -9999 -9999 42.5 41.33333 39.75 38.25 37.5 36.25 35.75 35.25 36 36.75 38.25 39 39 -9999 -9999 -9999 -9999 -9999 -9999 -9999 -9999 -9999 -9999 -9999 -9999 -9999 -9999 -9999 -9999
-9999 -9999 -9999 -9999 -9999 -9999 -9999 -9999 -9999 -9999 -9999 -9999 -9999 -9999 -9999 -9999 -9999 -9999 -9999 -9999 -9999 -9999 -9999 -9999 -9999 -9999 -9999 -9999 -9999 -9999 -9999 -9999 -9999 -9999 -9999 -9999 -9999 -9999 -9999 -9999 -9999 -9999 -9999 -9999 -9999 -9999 -9999 -9999 -9999 -9999 -9999 -9999 -9999 -9999 -9999 -9999 44 43.5 42.75 42 40.75 39.75 38.5 37.5 36.25 35.5 35.75 36.5 37.5 38.75 39.25 39 -9999 -9999 -9999 -9999 -9999 -9999 -9999 -9999 -9999 -9999 -9999 -9999 -9999 -9999 -9999
-9999 -9999 -9999 -9999 -9999 -9999 -9999 -9999 -9999 -9999 -9999 -9999 -9999 -9999 -9999 -9999 -9999 -9999 -9999 -9999 -9999 -9999 -9999 -9999 -9999 -9999 -9999 -9999 -9999 -9999 -9999 -9999 -9999 -9999 -9999 -9999 -9999 -9999 -9999 -9999 -9999 -9999 -9999 -9999 -9999 -9999 -9999 -9999 -9999 -9999 -9999 -9999 -9999 -9999 46 45 44.75 44.5 43.75 42.5 41.75 40.25 38.5 38.25 37.25 36 36.5 37 37.5 38.75 39.25 39.33333 -9999 -9999 -9999 -9999 -9999 -9999 -9999 -9999 -9999 -9999 -9999 -9999 -9999 -9999 -9999
-9999 -9999 -9999 -9999 -9999 -9999 -9999 -9999 -9999 -9999 -9999 -9999 -9999 -9999 -9999 -9999 -9999 -9999 -9999 -9999 -9999 -9999 -9999 -9999 -9999 -9999 -9999 -9999 -9999 -9999 -9999 -9999 -9999 -9999 -9999 -9999 -9999 -9999 -9999 -9999 -9999 -9999 -9999 -9999 -9999 -9999 -9999 -9999 -9999 -9999 -9999 -9999 -9999 -9999 -9999 46 45.75 45.25 44.75 43.75 42.5 41.25 39.5 38.25 36.25 36 37 37 37.75 38.75 39 39.25 39.33333 -9999 -9999 -9999 -9999 -9999 -9999 -9999 -9999 -9999 -9999 -9999 -9999 -9999 34
-9999 -9999 -9999 -9999 -9999 -9999 -9999 -9999 -9999 -9999 -9999 -9999 -9999 -9999 -9999 -9999 -9999 -9999 -9999 -9999 -9999 -9999 -9999 -9999 -9999 -9999 -9999 -9999 -9999 -9999 -9999 -9999 -9999 -9999 -9999 -9999 -9999 -9999 -9999 -9999 -9999 -9999 -9999 -9999 -9999 -9999 -9999 -9999 -9999 -9999 -9999 -9999 -9999 -9999 -9999 47 46.75 46.25 45.5 43.5 42.25 41.25 39.75 37.25 37 36.5 36.5 37 37.5 38.25 38.25 39.25 39.75 39 -9999 -9999 -9999 -9999 -9999 38 37.5 37 36 -9999 -9999 -9999 -9999
