layers/wordclim/past/Iberia_miroc_10_ascii/bio_19.asc
ncols         205
nrows         142
xllcorner     -11.010633712694
yllcorner     33.273793250999
cellsize      0.083333333333334
NODATA_value  -9999
[rows 105 to 139 of 142, columns 77 to 153 of 205]
-9999 -9999 -9999 -9999 -9999 -9999 -9999 -9999 -9999 -9999 -9999 -9999 -9999 -9999 -9999 -9999 -9999 -9999 -9999 -9999 -9999 -9999 -9999 -9999 -9999 -9999 -9999 -9999 -9999 -9999 -9999 -9999 -9999 -9999 -9999 -9999 -9999 -9999 -9999 -9999 -9999 -9999 -9999 -9999 -9999 -9999 -9999 -9999 -9999 -9999 -9999 -9999 -9999 -9999 -9999 -9999 -9999 -9999 -9999 -9999 -9999 -9999 280 276 305.5 318.25 351.75 341.25 346 340.25 344.5 372 395.75 392.25 422.75 413 436.75
-9999 -9999 -9999 -9999 -9999 -9999 -9999 -9999 -9999 -9999 -9999 -9999 -9999 -9999 -9999 -9999 -9999 -9999 -9999 -9999 -9999 -9999 -9999 -9999 -9999 -9999 -9999 -9999 -9999 -9999 -9999 -9999 -9999 -9999 -9999 -9999 -9999 -9999 -9999 -9999 -9999 -9999 -9999 -9999 -9999 -9999 -9999 -9999 -9999 -9999 -9999 -9999 -9999 -9999 -9999 -9999 -9999 -9999 -9999 253.5 265.6667 283.5 294 309.75 337 338.5 338 308.5 318.25 306 318 325.25 338 353 347 357 370.25
-9999 -9999 -9999 -9999 -9999 -9999 -9999 -9999 -9999 -9999 -9999 -9999 -9999 -9999 -9999 -9999 -9999 -9999 -9999 -9999 -9999 -9999 -9999 -9999 -9999 -9999 -9999 -9999 -9999 -9999 -9999 -9999 -9999 -9999 -9999 -9999 -9999 -9999 -9999 -9999 -9999 -9999 -9999 -9999 -9999 -9999 -9999 -9999 -9999 -9999 -9999 -9999 -9999 -9999 -9999 -9999 -9999 239 253.75 278 292 299 313.75 318.5 320.75 324.5 342.75 320.5 278.5 263.75 268.5 288.5 316.25 320.25 345.25 354 368.5
-9999 -9999 -9999 -9999 -9999 -9999 -9999 -9999 -9999 -9999 -9999 -9999 -9999 -9999 -9999 -9999 -9999 -9999 -9999 -9999 -9999 -9999 -9999 -9999 -9999 -9999 -9999 -9999 -9999 -9999 -9999 -9999 -9999 -9999 -9999 -9999 -9999 -9999 -9999 -9999 -9999 -9999 -9999 -9999 -9999 -9999 -9999 -9999 -9999 -9999 -9999 -9999 -9999 -9999 -9999 223 235.75 269.75 282 291 301.75 309.25 317.75 308.25 332 316.25 297.75 274 265.75 274 295.5 314.5 335 332.75 351.5 389.5 382.75
-9999 -9999 -9999 -9999 -9999 -9999 -9999 -9999 -9999 -9999 -9999 -9999 -9999 -9999 -9999 -9999 -9999 -9999 -9999 182.5 182 175 -9999 -9999 -9999 -9999 -9999 -9999 -9999 -9999 -9999 -9999 -9999 -9999 -9999 -9999 -9999 -9999 -9999 -9999 -9999 -9999 -9999 -9999 -9999 -9999 -9999 -9999 -9999 -9999 -9999 -9999 228 224.5 229.75 236.5 261.25 270.25 272.75 271.5 275.75 274.5 275.25 272 272 270.25 274.75 308.75 317.75 315 296.75 325.25 358.25 368.25 364.25 403.75 397.75
-9999 -9999 -9999 -9999 -9999 -9999 -9999 -9999 -9999 -9999 -9999 -9999 -9999 -9999 -9999 -9999 -9999 -9999 186.6667 185.6667 175 -9999 -9999 -9999 -9999 -9999 -9999 -9999 -9999 -9999 -9999 -9999 -9999 -9999 -9999 -9999 -9999 -9999 -9999 -9999 -9999 -9999 -9999 -9999 -9999 -9999 -9999 -9999 -9999 247 262.5 238 240.25 240 240.75 248.75 267.5 276.5 287 294.25 290.75 260 261.75 266 272.5 288 306 299 324 326.75 345.5 356.5 366.75 381.75 397.5 378 410
-9999 -9999 -9999 -9999 -9999 -9999 -9999 -9999 -9999 -9999 -9999 -9999 -9999 -9999 -9999 -9999 -9999 -9999 183 -9999 -9999 -9999 -9999 -9999 -9999 -9999 -9999 -9999 -9999 -9999 -9999 -9999 -9999 -9999 -9999 -9999 -9999 -9999 -9999 -9999 -9999 -9999 -9999 -9999 -9999 -9999 -9999 240 247.3333 291.5 274.5 252.25 246.5 246 252.5 267.5 269.5 269.25 291.75 306.75 281.25 256.5 257 269 295 300.75 302.75 319 306.25 329.5 356.25 348.75 360 377 385.75 375.25 366
-9999 -9999 -9999 -9999 -9999 -9999 -9999 -9999 -9999 -9999 -9999 -9999 -9999 -9999 -9999 -9999 -9999 -9999 -9999 -9999 -9999 -9999 -9999 -9999 -9999 -9999 -9999 -9999 -9999 -9999 -9999 -9999 -9999 -9999 -9999 -9999 -9999 218 -9999 -9999 -9999 242 246 265 266 272.25 266.5 264.25 282.75 286.25 277.5 274 274.5 260.25 263.75 259 259.75 266.5 281.25 272 255.75 251.5 259 281.25 306.5 329.5 316.25 336.25 311.25 359.75 381.5 394.75 374.75 344.5 349.5 371 348
-9999 -9999 -9999 -9999 -9999 -9999 -9999 -9999 -9999 -9999 -9999 -9999 -9999 -9999 -9999 -9999 -9999 -9999 -9999 -9999 -9999 -9999 -9999 191 -9999 -9999 -9999 -9999 -9999 -9999 -9999 -9999 -9999 -9999 -9999 -9999 -9999 -9999 -9999 -9999 244 256.25 278 304 310.75 318 311.5 288.75 289.5 299.75 293.5 294 274.75 267.75 268 267.25 270 282.25 298.25 303 280.25 263 276.75 317.5 347.25 346.5 345.25 360.5 335.75 342.5 359.75 365 370 352.75 344 343 341
-9999 -9999 -9999 -9999 -9999 -9999 -9999 -9999 -9999 -9999 -9999 -9999 -9999 -9999 -9999 -9999 -9999 -9999 -9999 -9999 -9999 -9999 -9999 -9999 -9999 203 207 -9999 -9999 -9999 -9999 -9999 -9999 -9999 -9999 -9999 -9999 -9999 -9999 247 267.25 295.25 312 321 325.5 323.5 311.5 301 305.5 310 322.5 307.75 285.75 281 282.25 284.75 308.75 325.5 353.5 351.25 317.25 288.5 289.5 314.5 340.5 357.75 369.75 385.25 366 323.25 342.5 357.25 335.75 337.25 317 316.75 311
-9999 -9999 -9999 -9999 -9999 -9999 -9999 -9999 -9999 206 -9999 -9999 -9999 -9999 -9999 -9999 -9999 -9999 -9999 200 201 201 199 -9999 -9999 208.5 -9999 -9999 -9999 -9999 -9999 -9999 -9999 -9999 -9999 -9999 -9999 248 251.25 266.75 303.5 319.5 325.25 328 333 334.5 330.5 324.5 328.25 335.5 337.25 341.5 322.25 328.25 346.5 325.5 358.5 374.75 368.75 361.75 336.75 317 293.75 307 329.5 356.25 379 388 366.5 364.5 354.5 353.5 339.25 318.5 306 299 292.5
-9999 -9999 233 233.5 223 216 -9999 -9999 -9999 -9999 -9999 208 -9999 -9999 -9999 -9999 -9999 208 219.3333 221.75 213.5 211.5 208.5 -9999 -9999 -9999 -9999 -9999 -9999 -9999 -9999 -9999 -9999 -9999 -9999 -9999 213.3333 261 275 295.75 317 327.5 337 346.25 349.5 351.25 355 354.5 348.5 352 357.25 358.75 360.25 368.75 343.75 372.25 387.5 375.25 362.75 350.5 335 326.25 319.25 310.75 309.75 321.75 339.75 370.5 385.75 383.25 404 389 349.5 311.5 285.75 279 271.25
-9999 -9999 -9999 231.5 226 215 -9999 -9999 202 205 213.5 221 213.5 210 210.5 213.5 222.5 233.5 253.25 254.5 236 225 218.5 214 217 218 -9999 -9999 -9999 -9999 -9999 -9999 -9999 -9999 215.5 220 230.5 283.75 311.75 336.5 348.75 358.75 363.5 368 371.5 366.5 358.25 340.5 352.75 357.25 361 361.75 366.25 368.25 349.75 372.75 368.25 360.25 353.25 346.25 342.75 343 337.5 339 341.5 353.5 363.25 356.75 364.5 378.5 394.75 371 333.25 298.25 273.75 261.25 255
261 247.5 236.5 228 224 227 226.6667 230.25 215.75 236.5 272 252.75 235 230 224 231.75 238.5 253.25 258.75 265.5 254.25 240 232 227 228 232 237.25 235.75 210 210.5 214.5 216.25 220.5 224.5 230.5 253.25 307.5 308.5 339.25 360.25 372.75 377 379.25 380.75 368.75 350 355.25 355.5 353.25 351.75 345 347.25 361 362.75 358.75 359 353.75 347 333.25 320 326.25 329.25 320 333 343.5 337.5 358 362.5 361.75 363 354.25 337.5 312 290.5 268.5 252.5 246.5
338.5 294.25 264.5 276.5 299.5 295.75 277 275.5 234 252 302.25 293.5 278 273.5 256.25 243.5 241.75 246.75 249.25 256.75 251.5 247 240.75 235.75 239.25 247.25 250.5 248.75 230.25 223 226.75 233.25 239.75 250 280.5 302.75 326 326.5 356.75 372.5 374 375 379.25 368.25 351.75 358.25 353 345.25 341.5 339.25 331.75 351 359.5 350.25 347.75 343.25 335 325.75 308.5 302.75 306 313 311.75 315.75 325 324.5 333.5 337.25 338 331 323 303.75 284.5 273 260 260 260
458.75 377.5 347.5 320.25 319.5 321.75 313.25 289.25 285.75 289.75 316 298.75 299.5 277.5 249 229 227.5 231.75 234.25 246 242.5 241 240.75 243.25 245.5 251.25 251.25 254 255.75 255 239.75 256.5 261.25 272.5 299.75 315 332.5 339 362.75 376.25 384 384.5 386 367.25 350 352.5 342.25 323.5 311.5 310 329.25 341 337.75 338.5 330 323.5 304.75 302.5 296 295 292 294 297.5 300.25 305 306.5 308.5 311 304.5 299 292 278 267 257.5 258 254 256.5
521.25 488.25 446.75 406 352.75 345.75 341.75 350 335 320.25 358.25 341.75 281 249.75 226.25 213 213 215.75 220 227.25 229 230 234 237 238.5 243.75 248 252.75 254 255.25 254.75 258.25 263.25 280.75 304 309.75 332.25 350.25 362.75 370.75 369 361 371.75 347.75 340.25 332.25 314 290 295.75 277.75 300.5 300.75 299.25 315 297.75 286.25 278.5 271.5 267.25 266.75 267.5 271 277.75 282.25 286.5 287.5 286.75 287.25 281 273.5 265.5 254.75 246 242.75 243 237 234
729.75 743.25 591.75 398.25 350.25 428.25 523.25 412.25 340.5 336.25 345 304.25 281.5 256.75 238.75 224 215.5 205 208.5 210 211.75 216.25 219 224 227.75 235 241.25 243.5 242.75 244 243 243 256.75 269.5 271.5 296.5 315.25 333.75 343.5 348.5 348.5 342 343.5 322.5 305 281.5 275 242.25 272.25 241.75 241 272 283.25 284.5 253 229.25 244.25 244.5 236.5 240.5 245.75 251 257 262.5 265.25 267.25 267 263.5 259 253 243.5 233.5 221.5 214 211.5 209 209.5
806.25 736 610.5 602.5 492.75 457 482.25 374.75 396.25 364.25 338 321 285 255.5 238.5 215 203.25 220.75 223.5 197.5 198.75 202 205.5 211.25 218 229.75 231.5 243.75 288.5 259.5 235 228.5 228.25 234 253.75 277.5 303.5 346.75 408.25 414.75 370.5 338.5 310.75 288.75 261 251.75 248.75 238 231.5 214.75 209.75 232 221.5 229.5 230.25 219 219.5 216.5 218 225 227 232 238.75 243.75 246 246.5 246 243.5 240.75 233.5 224.5 214 202 191 190 191.5 190
554 549 496.25 451 460.25 391.75 416.5 415 427 405 369.5 323.5 289 262.5 251.5 226.5 199 206 189.5 182 185.5 187.75 195.75 206.5 225 235.5 229.75 242.25 239.5 228 231.25 223 223.5 230.5 247.75 271 327.5 415 445 430 386 342.25 307.5 274 251 237 218.5 197.75 184.5 172 182.5 203 183 185.25 201.25 195.75 198.25 199 202.5 207.5 211.25 217.25 222 225.5 229 229.25 229.25 227.5 223 215.5 208.5 198 188.5 181.5 178 178 178
514.5 511.5 498.25 446.75 420.5 405 432.25 435.5 386.5 374 351 331 307 286 243.75 220 234 183.5 170.5 166 170.5 173.25 184.5 199.5 203.25 205 207 208.75 212 219.5 221.5 224.75 230.75 243 274.75 334.5 337.25 356 376 352.75 354.25 331.5 295 257 231.75 210 196.25 183 171 169.5 176.75 176 178 178.75 179.5 181.5 183 185.5 189.75 194.75 200 204.5 207.5 210 212 214.25 213.5 211 207.5 201.5 195 187 180 173.5 170.5 169.75 169
518.75 502 479.75 460 439 431.75 425 412.25 381 369.5 351 338.75 360.5 321.75 240.5 205 191.5 162 154 153.5 154 159 166.5 176.25 183 191.25 197.5 201 208.5 212.5 214.25 226.5 245 305.25 361.5 384.5 407 398.5 356.25 344.5 331.5 303.75 274.5 246.25 216.5 195 185 172.75 166.25 165.5 167.5 173 174 169 167 168 171 176 179.5 183.5 187 190.5 194.5 197.25 200 199.5 198 197.5 192 188 183.5 177.5 172.25 168.75 166 164.5 165.25
516.25 509.5 491.25 479.5 455.5 439 418.5 399.5 391 375.25 349.25 328 307.25 292.75 213 177.5 157 147.5 144.5 142.5 142.5 149.5 162.5 175.75 189.25 187.5 194 200.75 229 248.75 218 255.5 274.25 314.75 359.5 375.5 381.5 376 349 324.5 303 281.25 256 228.25 200.75 178.25 173 166.5 162 162 161 160.5 156.5 156.5 156.75 160 162.5 163.5 167.5 171 175.5 178 184.25 186 186 186 184.5 184 182 179 174.75 172.75 169.25 165.5 165.25 165.75 166
512 505.25 514.5 514.25 501.5 462 422.5 435.5 394.75 380.25 348 318 275 218.75 177.75 158 141.5 137 136 133.5 135 148 169.5 186.5 198 197 207.25 213 229.75 254.25 231 242.75 271.5 291.5 320.5 337.5 341.5 340.5 320 303 285.5 265.75 243 222 195 177.5 169.5 162.5 159 155.25 154 150.75 147.5 147 148 148 150 153 156.5 160 165.25 169.25 172 172.5 175 176 175 173 172.5 173 170.5 167.5 164.5 164.5 166 161 163.5
486.5 502 518.25 497.5 494.75 534.5 494.5 467 429 391.25 344 291.5 234.75 190.25 159.5 140.5 132.25 132.5 131.25 138 137.25 169.75 209 231.5 255.5 228 212.5 228 258.5 256 254 273.5 274.25 281.75 290 291 301.5 299.5 295.5 286.5 274 257 235 215.5 196 179 168.75 161.5 155.5 152 148 144.5 141 138 138 138.5 139 142.25 147.75 151.75 157 159 161.5 164 165.5 166 165 167.5 168 166.5 164.5 161.5 160.75 160.5 161 161.5 166
504.25 508.5 518.75 518.25 542 548 551.75 521 454.5 390.25 329.5 269.75 221.25 181 144.25 127.75 127 130 132 137 143.5 168.75 164 191.25 202.5 197.75 194.5 193 200.75 212 227.5 238.75 246.5 256 263.5 266.25 275 282 278.25 272 265 246 228 209.5 191.5 175.5 166.5 158 153 148 143.5 139.5 136.5 132 129.5 129 130.25 134.75 139.75 144.5 147.5 150 153 156 158 158.5 161 161 161.5 162 159.75 159.75 159.5 159.5 162 166 165
470.5 462.5 481.75 492.75 492 471.75 402.25 433.25 415.25 372 318.5 262 215.25 176.25 140.75 130 132.5 133.5 134.75 137.75 145.75 165.25 169.75 163.5 184.25 197.25 193.5 189.75 190.5 192.75 205 223 233 236.75 249.75 263 276.25 272 265 257 246.5 233 216 201.75 186.5 173 164.5 157 150.25 146.25 142 136.75 132.5 129 125 121.25 124.25 129 132.5 137 140 143.5 146 147.5 152 153.5 154.5 155.5 156 156.75 157.75 159 160 161.5 165 166 162.5
435 459.25 473 448.75 344 334.5 323 325.25 332.5 341.25 298.25 255.25 213.5 173.5 146 143.25 141 140 152.75 151.5 158.5 175 191.75 206.5 209.5 209 204.5 199 199 191 194 208.5 218.5 230.5 246.25 254 253.5 250.5 246.5 238.25 228.25 216.5 205 193 181.5 171.5 163.5 156 150.5 147 141 137 133 127.5 124 119 120.5 124.5 128 132.5 134.5 136.5 140 144 147 148 151 152 152.5 154 154 156 159.5 160.5 164.5 169 166.25
433.5 434 418.25 392.5 315.25 298.5 297 315.5 333.5 310.75 272 238 200.75 165 159.25 154 150 204 200 240 231.75 217.25 228.5 215.75 207 201.75 199 197.75 195.25 188.5 190 203.5 213.5 221.5 227.75 230 231 230.25 227.5 222 214.5 204.75 195.75 184.25 175.25 167 160 154 149.5 143.5 139.5 136 132 127 124.5 119.5 121 124 125.5 128 131.5 134 138 141.5 142.5 144 147.5 149.5 151.25 152 154.5 152 154 159.5 167.25 169 174.25
394.25 364.5 328.5 273 272.25 273.75 277.5 286.25 279.25 254.5 245.5 223.75 194 163.5 161.75 160.5 171.5 233.75 262.25 257.25 250 242.5 240.25 215.25 199.5 194 192 192 191 185.25 191 194 204 211 215.5 217 218.5 216.25 212.75 207.25 200 194 186 178.5 170.75 163.75 157.5 151.5 147.75 142 138 135 131.25 126 125 123 122.5 124.5 126.25 127 129 132.5 134.5 136.5 139.5 142.5 144 147 150 155.25 152 151.5 153.5 158.75 166 169.75 169
328.5 296.5 289.25 283.25 260.5 273.5 259.5 243.5 260.75 227.25 226.5 218 179.25 160 172.75 212.25 231.75 247.25 245.75 237 221.25 213.5 207.25 200 188.25 186.5 187 190.25 189 183.75 189 195 198.5 198.25 200 202.25 201 201.5 199 195 189.75 182.75 177.25 171 165.5 160.5 155.5 151.25 148.5 142 139.25 136 131.25 127 126 124 123.5 123.75 126.75 127.5 129 130.5 133 135 137.5 140 143 147 156.5 155.5 152 154.25 155.5 161 162.5 157.25 155
312 292.5 271 248 261.5 350.5 341.25 304.5 218.75 214 242.75 182 152 146 158.5 182.5 205.25 224 220.25 216.5 205 196.5 192 186.5 184 184.75 185 184.75 187 181.5 188.5 191.5 193 191.5 190.5 186 185 184.5 184 184 179.5 173.75 169.5 164.75 159.25 155.5 152 149.5 145 142 139.5 137.5 133.75 128.75 126.25 124.5 122.5 125 126 128.5 130.5 131.5 132.5 134.5 139.5 141.5 143 152.25 159.75 162 152 156 160 152 145 138.25 134.5
284.75 261 205.75 259 242 374.5 375.25 255.75 246.75 336.75 192.5 144 134.75 135 146.75 171.25 192.5 207.5 208 209.25 199.5 192.75 187.5 184.25 183.5 183 182.5 181 178.75 182.75 183 184.5 185 184.25 182.5 183 182.5 178.5 174 173.75 169 165.5 161 157 154.5 151.5 147.5 144.5 142.5 140.5 141 141.5 134.5 130.5 127.5 124.75 123.5 123.5 123 125 127 131 132.5 136.75 137.25 140.75 145.5 151.5 157.5 150.5 149.5 150.5 156.5 157 142.5 127.5 124.5
257.5 235.25 192.5 256 274.5 363.75 324 316.25 405.25 281.5 152.25 121.25 121.5 133.5 153.5 169.25 187.25 202.5 204.5 201.5 193.25 191.5 185.75 183 183 183 179.75 177 180.5 183 182 182 180.5 178 178.5 177.25 175 174.25 171.75 167 164 160.5 157 152.25 150 148.25 145 142 141.25 139 141.5 144.75 135.5 131.25 129.5 125 124 123.5 121.5 123 124 125.5 126 131.25 135.75 140.75 144.75 149 147 139.75 139.5 144.5 150.5 139.25 134 130.75 136.25
234.25 186 177 207.75 297.5 403 364.25 373 285 176.75 119.5 103.5 111 130.5 152 170 194.5 205.5 204 199.25 200.5 193 189.75 188 185.5 181.75 181.75 178.5 182 179.5 177.5 176.5 177 175.25 173 171 169.25 166.75 164.5 162 158.75 155 151.75 147.5 145 143 142.5 138.5 137.5 137 139 137.5 133 130.5 127.5 125.5 123 121.75 121.25 123.25 121 123.25 125.75 129.5 136.5 134 135 140.5 137 132.25 127 132.25 127 125 132.25 127.75 112
