layers/wordclim/past/Iberia_miroc_10_ascii/bio_14.asc
ncols         205
nrows         142
xllcorner     -11.010633712694
yllcorner     33.273793250999
cellsize      0.083333333333334
NODATA_value  -9999
[rows 41 to 81 of 142, columns 0 to 91 of 205]
-9999 -9999 -9999 -9999 -9999 -9999 -9999 -9999 -9999 -9999 -9999 -9999 -9999 -9999 -9999 -9999 -9999 -9999 -9999 -9999 -9999 20 21.5 22 20.5 20.5 20 22.25 24.75 25.5 25 23.75 27 27.25 27.75 31.5 32.25 34.5 31.5 28.5 22.75 21.75 26 25 22 19.5 19 19.75 22 25.5 21 20.25 18.5 18 20.5 21 21.5 21 20 19.5 18.5 17.5 17.5 17.5 17.5 18 20 21.5 22 22.25 22 22 22 23 21.5 20.75 22 22 23 23.25 23.5 24 24.25 25.5 24.5 26 26 26.5 27.5 28 29.5 30.75
-9999 -9999 -9999 -9999 -9999 -9999 -9999 -9999 -9999 -9999 -9999 -9999 -9999 -9999 -9999 -9999 -9999 -9999 -9999 -9999 -9999 -9999 20.66667 20.5 20.5 19.5 20.25 23 22.5 22.25 21 23.5 24 24.5 26 29.25 31.25 29.5 22.75 23.5 23.75 24.25 26.75 20.75 18.25 17.5 18 19.5 20.5 19 19 17.5 17.25 17.25 18 19 19 19 19.5 18.5 17.25 17 16.5 16 17 18 19 20 20 20 20 20.75 20.75 20.5 20 20 20.5 20.75 21 22.5 23 23 23 24 24.5 26 26.25 26.5 27 28.5 29 28.5
-9999 -9999 -9999 -9999 -9999 -9999 -9999 -9999 -9999 -9999 -9999 -9999 -9999 -9999 -9999 -9999 -9999 -9999 -9999 -9999 -9999 -9999 19 19.75 20.25 19 19 20.5 21.5 22 23.25 23.75 22 24.25 27 25 20.75 20.5 24.75 29.25 27.5 26.5 23.25 20 19 16 17 18 19.25 17.5 17.25 16 16 16.5 17.25 18.75 18 19 18 17.5 17 15.5 14.75 14.75 15 17.25 17.75 18 18 18 18.5 19 19 19.5 20 20 20 21 21.5 23 23 23 23.25 23.25 24.25 26 27 28.75 30.5 27.75 29.5 30
-9999 -9999 -9999 -9999 -9999 -9999 -9999 -9999 -9999 -9999 -9999 -9999 -9999 -9999 -9999 -9999 -9999 -9999 -9999 -9999 -9999 -9999 17 19 19 19 19.5 21 21 21.75 22 21 22 22.5 25 23.75 19 23.5 31.75 26.75 25.5 24.25 19.75 19 18.25 15.5 17 18.5 20 16.75 15 16 17.5 16 17 16.5 16.5 17.5 19 17 16.5 15.5 15 15.5 16.5 17.25 17.75 18 17.75 18 18 18 18.5 20 19 18.5 20 20.25 20.5 20.75 21.5 22 22.5 23 23.25 26 30 29 28.25 27 27.25 29
-9999 -9999 -9999 -9999 -9999 -9999 -9999 -9999 -9999 -9999 -9999 -9999 -9999 -9999 -9999 -9999 -9999 -9999 -9999 -9999 -9999 -9999 -9999 18.5 18.75 19 19.5 21 21.25 21.5 21.5 22.25 22.5 21.5 21.75 20 20.75 25.75 26.75 20.5 22.25 19.75 20.75 16 16.25 17.5 17 14.75 16 15 16 17 18 16.5 15.5 16 17 17 17 17 17 17 17.5 18 17 17.5 17.5 17.25 18 18 18 18 18 18 18 18 19 20 20 20 20 21 21.5 21.5 23 24 26.5 25.25 26 27.25 29.25 30
-9999 -9999 -9999 -9999 -9999 -9999 -9999 -9999 -9999 -9999 -9999 -9999 -9999 -9999 -9999 -9999 -9999 -9999 -9999 -9999 -9999 17 17 18.5 19 19 19 21 21.25 21.5 21.5 22.5 20.25 20.25 18.75 19.25 23.5 26.75 18.25 17.75 19.25 16.5 17.75 17.5 20 19 14 15 14.75 14.5 15 16.5 15.5 14.5 16 16 15 16 17 17 17.5 19 19 18.5 19 18.5 17.25 17 17.75 18 18 18 18 18 18 18 18.5 19 20 20 20 20.5 21 21 22.5 23 24 24 25 29 36.5 42
-9999 -9999 -9999 -9999 -9999 -9999 -9999 -9999 -9999 -9999 -9999 -9999 -9999 -9999 -9999 -9999 -9999 -9999 -9999 -9999 -9999 17 16.66667 17.5 18.5 19 19 20.5 21 21.5 20.75 21 20.75 20 19 23.5 22.25 18 15.25 16.25 15.75 14.5 15.75 15 16 16.25 12.75 15.25 16.5 14.75 15.25 14.5 15 15 15 17 16 16 15 16.5 17 17.5 17.5 17.5 17.5 19 18 17.5 17.25 17.5 18 18 18 18 18 18 20 20 20 20 20 20 20.75 21 22.25 23.5 25 26.25 30 39.75 47 39.5
-9999 -9999 -9999 -9999 -9999 -9999 -9999 -9999 -9999 -9999 -9999 -9999 -9999 -9999 -9999 -9999 -9999 -9999 -9999 -9999 -9999 16.5 17 17 18 18 18 18 20.5 20.75 20 19.75 19.25 19.75 19.75 18.25 20.75 23.25 18.5 19.25 19 18.75 17.75 17 16 16 14 14.5 14.75 14.5 13.75 14.5 15 15 15 15 15.5 16 15 15 15 16 16.5 17 17 17 17 17.25 17 17.25 18 18 18 18 19 18.5 20 20 20 20.25 20 20 20.75 22 24.25 26 27.25 34.25 32.25 33 34 30.75
-9999 -9999 -9999 -9999 -9999 -9999 -9999 -9999 -9999 -9999 -9999 -9999 -9999 -9999 -9999 -9999 -9999 -9999 -9999 -9999 16 17 17 17 18 18 18 17.5 18.75 21 20.25 19.75 20.25 20 25.5 26.75 30.25 26.25 22 22.25 19.5 18.75 20.25 20.25 17.5 15 13 13.75 13 12.5 13.5 14 15 15 15 15 15 15.5 16 17 15.5 16 17 17 17 17 17.25 17.5 17.5 18 18 18 18 19 20 20 20 20.25 20.5 20.25 20 20.25 22 23.5 28.75 44.25 38.75 29 24 25.25 32 30.5
-9999 -9999 -9999 -9999 -9999 -9999 -9999 -9999 -9999 -9999 -9999 -9999 -9999 -9999 -9999 -9999 -9999 -9999 -9999 -9999 16 16 16.5 17 17.75 18 18 17.75 18.25 20.25 20.75 21.75 21.75 21.25 20.25 21 21 22 23 23 21.25 18.25 19.5 19.5 17.5 14.5 14 15 14.75 14.5 14.5 15 15 14.75 15 15 15 15 15.5 16 15 16 17 17 17 17 17 17 17.75 18 18.5 19 19.5 20 20 20 20 21.5 21.5 21 20.5 20.5 21.5 25.25 39 30 28.25 28.75 24.25 21.5 21.75 21.5
-9999 -9999 -9999 -9999 -9999 -9999 -9999 -9999 -9999 -9999 -9999 -9999 -9999 -9999 -9999 -9999 -9999 -9999 -9999 -9999 -9999 15.75 17 17 17.5 18 17 16.5 17.5 18.5 19.5 21.5 23.75 24.75 23.75 18.75 18.75 19.25 21 20.5 20 19.5 18.5 18.5 16.75 14.75 14.5 14.5 15 15 14.25 14.25 15 15 15 15 15 15 15 15 15 17 17 18 18 18 17 17.25 18 18 20 20.5 20.25 20 20.25 20.25 21 22 23.25 22.5 21.5 24 31 33 43.75 37.5 33.25 24.75 21 19 18.25 20.5
-9999 -9999 -9999 -9999 -9999 -9999 -9999 -9999 -9999 -9999 -9999 -9999 -9999 -9999 -9999 -9999 -9999 -9999 -9999 -9999 -9999 16.5 16.5 16.5 16.25 16 16 16 16.75 17.25 18 20 18.75 19.25 17.5 16.75 18 18.25 18 17.5 17 17 17.75 17.75 16 15 15 14.5 14.5 15 14.5 14 14.25 15 15 14 15 15 15 16 17 18 18.5 18 17.5 17 17 17.75 18 19.5 21.75 22.25 22.5 21.75 23.5 22.5 22.5 23.25 26 26 26.25 27.25 32.5 31.5 33 26.5 21 21.25 18.75 16.75 17.25 18.75
-9999 -9999 -9999 -9999 -9999 -9999 -9999 -9999 -9999 -9999 -9999 -9999 -9999 -9999 -9999 -9999 -9999 -9999 -9999 -9999 -9999 13.66667 14 15.25 15.5 15.5 15.5 15.75 16.25 16.5 17 17.5 19.25 20.25 21.75 18.5 17 17 15.75 15.75 15.75 16 14.75 13.5 14.25 16 15 15 14.75 14.75 14.5 14 14 14.5 14.75 14.5 15 15 16 15.5 17 18 18 17 17 18 19 19 21 21.75 24.75 25.5 27.25 26.5 24.75 23 23.25 24.75 27.75 29.75 32.5 33.5 25.75 21 22.25 21.75 19.25 18.5 16.25 15.25 16.5 16.5
-9999 -9999 -9999 -9999 -9999 -9999 -9999 -9999 -9999 -9999 -9999 -9999 -9999 -9999 -9999 -9999 -9999 -9999 -9999 -9999 13 13.5 13.5 14.75 15 15 15 15 15.25 15 15 16.5 19 22.25 18.75 16.5 16 15.75 16 15.5 15 13.5 14.75 17 15.25 17 16 15 14.75 15 14.5 14 14 14 14 15.5 16 18 17 19 17.5 16.5 17 17.5 17 18.75 20.25 21.5 24 25.75 26.75 24.75 23.5 22.5 22.5 23.75 25.25 24.25 26 25.25 25.5 29 22.75 20 19.75 19.25 16.5 16 15.5 15 15.75 15.5
-9999 -9999 -9999 -9999 -9999 -9999 -9999 -9999 -9999 -9999 -9999 -9999 -9999 -9999 -9999 -9999 -9999 -9999 -9999 13 13 13 13 13 13 14 15 15 15 15 15 16 18.5 18.25 16 15.5 14.5 15 14.75 15 15.75 18.25 19.25 18.25 17.25 17 15 15 15 15 14.25 14 14.25 14 14 14.5 17 20.5 18.5 14.25 13.75 14.75 16 17.5 17.5 19 19.5 19 20.75 25.75 34 31.75 29.75 30.5 28.5 26 22 21 20.75 19.25 20 21.25 19.75 18.75 16.75 18 16 16 15.5 15.25 14.5 14.5
-9999 -9999 -9999 -9999 -9999 -9999 -9999 -9999 -9999 -9999 -9999 -9999 -9999 -9999 -9999 -9999 -9999 13 12.33333 13 13 12.25 12 12.5 12.75 13 14 15 15 15 15 16 16 14.75 15 14 14 14 14.5 16 21.75 20.25 17 15 14 15.5 15 15 15 15 14.5 14.75 14.5 14.25 15.25 17.5 15.75 13.5 13 11.25 13.75 15 16 21 20 19.25 19.75 25.5 32.75 33.75 30.25 27.5 27.75 22.5 18.25 18 19.5 18.75 16.5 16.5 17.75 17.5 16.25 16.5 17 17.75 17 15.75 16 14.5 14 15.25
-9999 -9999 -9999 -9999 -9999 -9999 -9999 -9999 -9999 -9999 -9999 -9999 -9999 -9999 -9999 -9999 -9999 11 11 11 11 12 11 12 12 12.5 13 13 14.25 15 15 15.5 15.25 14 14 14 14 14.5 15 19.25 28.25 23.25 15.25 13 12.75 14 15 15 15.5 16 15 15 15 15 15.75 13 12.75 11.25 11 12.25 14.25 14.75 22.75 34.75 25.25 20.25 21.75 25.5 28.25 28.25 31 26.75 27.75 27.5 23.75 21.75 22.25 20.75 16.75 16.5 15 13.75 14 16 15.5 17 16.5 15.25 15 14.5 14 17
-9999 -9999 -9999 -9999 -9999 -9999 -9999 -9999 -9999 -9999 -9999 -9999 -9999 -9999 -9999 -9999 -9999 10.5 11 11 11 10.25 10 10 11.5 12.25 13 12.75 13.25 14 13.5 15.5 14.5 14 14 13.75 14.75 17.75 17.75 16.75 16.75 15.75 13 12.5 12.5 12.5 13 15.25 14 14.5 16 14 13.75 11.5 11.5 11 10.5 10 9 9.5 11.25 17 22.5 22.25 29.75 27.5 32.75 29.5 36 31 21.75 15.75 18.75 15 12 13 14.25 16 15.5 14 12.5 14 15 15 15 16 15.5 15 14.5 13.5 15.25 15.5
-9999 -9999 -9999 -9999 -9999 -9999 -9999 -9999 -9999 -9999 -9999 -9999 -9999 -9999 -9999 -9999 -9999 10 10 10 10 10 9.5 10 10 12 12.25 12 12 12 14.25 14.5 13.75 14 14.25 15.75 16.5 19 17.75 13.75 13 12.75 12.5 12.25 11.5 11 11 11 9.75 10 11.5 10.25 9.5 9 9 10 9 9 9 9.5 15.75 15.75 16.75 20.25 21.5 23.5 18.75 12.25 12.75 12.5 11.5 11 11 11.5 14.25 15.75 13.75 13.25 12 12 13 14 14.75 14.5 14 15 14 15 13 13.5 14 15.5
-9999 -9999 -9999 -9999 -9999 -9999 -9999 -9999 -9999 -9999 -9999 -9999 -9999 -9999 -9999 -9999 -9999 10 10 9.5 9.5 9 9 9 9.75 10 10.5 11.75 11.5 12.5 14 14 15 18.75 18 17.25 17 16.25 13.5 13.75 14.75 15.5 13.25 11 10 10 10 10.5 9.5 9.25 8.75 8 7 8.5 8.5 8 7.5 7.5 7 9.5 11 13.25 13.75 10 9 8 8 7.5 8.5 9 9.5 10 10.75 11.25 12.25 11.5 10 10 10.5 11.5 12.5 14 14 14 14.25 13 13 13.5 12.25 12.5 14 14.5
-9999 -9999 -9999 -9999 -9999 -9999 -9999 -9999 -9999 -9999 -9999 -9999 -9999 -9999 -9999 -9999 -9999 9 9 9 9 9 9 9 9 10 10 10.5 11 12.5 14.25 14 16.5 16.25 14.75 14.25 14.5 14 13.5 14.25 11.5 12 12 10 10 9.75 9.75 9.5 9.5 8.5 8.5 7 7 7 7 7 7 7 8 8.5 8 8 8 7 7 7 7 7 7 7.5 8.5 9 10 10 9.5 9 10 10 10.5 12 12 12 12 12 13 12 12.5 12 12.25 13.5 14 14
-9999 -9999 -9999 -9999 -9999 -9999 -9999 -9999 -9999 -9999 -9999 -9999 -9999 -9999 -9999 -9999 -9999 8.25 7.5 8 7 7 7 8 9 9 9.75 10 11 12.5 12 13 13.75 13 13 14.5 15.25 15 14.25 12 10.25 10.25 10 10 9.25 9.25 9 9 9 7.5 8 7 7 7 7 6.75 6.75 7 7 7 6.75 6 6.25 6.75 7 7 7 7 7 7.5 9 9 9 9 10 9.5 9 9.5 10.5 10.5 11.5 10.5 11.5 12.5 11.5 11.5 12 12.5 14 13.75 14.5 15
-9999 -9999 -9999 -9999 -9999 -9999 -9999 -9999 -9999 -9999 -9999 -9999 -9999 -9999 -9999 -9999 -9999 7.333333 7 7 6.75 6.5 6.5 7 8.75 8.75 9.25 9.75 10.5 11.25 11.25 12.5 11.75 12 12.25 12 14.25 15.5 12.75 10.25 10 10 10 9 9 8.5 8.5 8.5 7.5 7 7 7 7 7 7 7.5 7 8 6.75 6.5 6.25 6 6.25 6 6.75 7 7 7 7.5 8 7 8 8 9 10.5 10 9.5 10 9.5 9.25 9.75 10.5 12 12 12 12 12 12 12 13 13.25 13.25
-9999 -9999 -9999 -9999 -9999 -9999 -9999 -9999 -9999 -9999 -9999 -9999 -9999 -9999 -9999 -9999 -9999 6.5 6.75 6 6 6 6 6.75 7.5 8 8.5 9.25 10 10 9.5 11 11.25 10.5 11 11.5 12 11.5 10.5 10 10 9 8 8 9 7.5 9 7.5 7.5 7 7 7 6.5 6.5 6 6.25 6 6.25 6.25 6 6.75 7 6.75 6.75 7 7 7.5 8 7 7 7.5 9 9.5 9.5 11 11 11 11 11 11 11.75 12 12 13 14 12 12 12 12 12 13 14
-9999 -9999 -9999 -9999 -9999 -9999 -9999 -9999 -9999 -9999 -9999 -9999 -9999 -9999 -9999 -9999 -9999 6 6 5.75 5.75 5 5 7 7 8 8.5 10 9 9 9 9 10 9.5 11.25 11 10.75 10 10 9 8 8 8 8 7.75 7.5 7.5 7 7 7 7 7 7 6.5 6 6 6.25 6.5 6.5 6.5 6.5 7 7.5 8.5 9 8.5 9 9.5 10 9 9 9 11.5 11.5 11.25 11.25 12.25 11.75 11.75 11.25 11.75 12 12 12 12 12 12 13 12 12 12 12.5
-9999 -9999 -9999 -9999 -9999 -9999 -9999 -9999 -9999 -9999 -9999 -9999 -9999 -9999 -9999 -9999 -9999 -9999 6 -9999 -9999 5 5.333333 6 6 8 9 10 9.75 8.25 8 8 8.5 9 9 10 10 10 8 8 8 8 8 8 8 8.25 8.5 7 7 7 7 7 7 7 6.25 6 6 6 6 6 6 6.5 7 7 7.5 9 10.5 12.75 11.25 11 9.75 9 11.25 12.5 12.5 13 13.75 13 14.5 12.25 12 13.75 14.5 13.5 14 12 11.75 11.75 11.25 12 12 12
-9999 -9999 -9999 -9999 -9999 -9999 -9999 -9999 -9999 -9999 -9999 -9999 -9999 -9999 -9999 -9999 -9999 -9999 5 5 5 5 5 6 6.25 9.25 9.5 8.5 7.5 7 7 7.5 7 8 8 8 8 8 8 8 8 8 8 8 8 8 8.25 7.5 7 7 7 6.25 6.5 6 6 6 6 6 6 6 6 7 7 8 8 8 10.75 13 11 9.5 9 9 8 9 10 10.25 12.75 11.25 12.25 12.75 13 11.75 12.5 13.5 12.75 11.5 11 11 11 11 10.5 10
-9999 -9999 -9999 -9999 -9999 -9999 -9999 -9999 -9999 -9999 -9999 -9999 -9999 -9999 -9999 -9999 -9999 5 5 3.5 4.5 5 5 5.75 6.5 6.25 6.25 6 6 6 6 7.5 8 7.5 7.5 8 8 8 8 8 8 8 10.25 9 9 8 8 8.25 7.75 7 6.75 6.5 6 6 6 6 6 6 6 6 6 6.25 7 9.25 9.25 9.5 9.75 10 8 6.75 7.5 7 7 7 7.5 8 9.5 10 11.75 11.25 9.5 9.5 12 12.75 13 11.75 11.25 11.25 11 11 11 11
-9999 -9999 -9999 -9999 -9999 -9999 -9999 -9999 -9999 -9999 -9999 -9999 -9999 -9999 7 6 6 4.666667 5 4 5 5 5 5.25 5.25 5.25 5.5 5.75 5.5 5.5 6 7 7.5 8 7.5 8 8 8 8 8 8 8 9.5 11.5 10.5 9.5 7.5 7.25 7 7 6.75 7 6.5 6.25 6 6 6 6 6 6 6.25 6.5 6 7.25 7 6.5 6.5 7 7 6.25 6.25 6.25 7 7 7 7 8.5 9.5 9 9 8.5 10.25 11.5 10.75 10.75 11 11.25 11.5 13.5 11.5 10.5 10.5
-9999 -9999 -9999 -9999 -9999 -9999 -9999 -9999 -9999 -9999 -9999 -9999 -9999 7 7 6 5.5 4 5 4.5 5 5 5 5.25 5 5 5 5 5 5.5 6 6 6.5 6.5 7 6 7 7.25 7 7 8 8 8 9 9 7.75 7 7 7 6.5 6 6.25 6 6 6.5 6 6 6 6.5 6.5 6.25 6 6 6 6 6 6 6.25 6 6 6 6 7 7.5 6.75 8 7 8 8 7 7 7.5 9 10 8.5 8 9.5 10.75 10.75 8.5 9 9
-9999 -9999 -9999 -9999 -9999 -9999 -9999 -9999 -9999 -9999 -9999 -9999 8 7.5 7 6 6 4 4.25 5 5 5 5.25 5.75 5 5 5 5 5 5.25 5.5 6 6 6 6 6 6 7 7 7 7.75 8 8 7.75 7.5 7.5 7 7 7 5 5.5 5.75 6 6 6 6 6 6 6 5 4.5 5 4 5 4 5 4.5 5.5 6 6 6 6.25 6.5 8 8.5 7 6.75 7 9 7.5 7 7 7 7 6.5 6.5 7 7 7 7 8.5 9
-9999 -9999 -9999 -9999 -9999 -9999 -9999 -9999 -9999 -9999 10 -9999 8 8 7 6.25 6 4 4 4.75 5 5 5 5 4.5 4.5 4 5 5 5 5 5.75 6 6 5.75 6 6 6.25 7 7 7 7.25 7 7 7 7 7 5.5 5 5 5 5 5.75 6 6 5 5 6 6 4 4 4 4 4 4 4.5 5 4.5 5.5 6 6 6 6 6.5 7 7 6.5 6.75 7.5 7 7 6.25 7 6.5 6.25 6 6 6.25 7 7 7 9
-9999 -9999 -9999 -9999 -9999 -9999 -9999 -9999 -9999 -9999 -9999 9.5 8.5 8 7 6.5 6 4 4 4 5 5.25 6 5 3.5 3 3 5 5 5 5 5 5 5 5 5 5.25 6 6.25 7 7 7 7 7 7 7 6.5 5.5 5 5 5 5 5 5.25 4.5 4 5 4.5 4 4 4 4 4 4 4 4.5 4.5 5.5 6 5.5 6 6 6 6.25 6.75 7 6.5 6.75 6 6.5 6.5 6 6.5 6 6 6 6 6 7 7 7 8
-9999 -9999 -9999 -9999 -9999 -9999 -9999 -9999 -9999 -9999 -9999 9 8.5 8 7 6.5 6 4 4.5 4.5 5.5 5.75 5.25 4.5 3 3 3 4 5 5 5 5 5 5 5 5 5 5.25 5.75 6.5 7 7 7 7 7.25 7 5.5 5 5 5 5 5 4.75 4 4 4 4 4 4 4 4 4 4 4 4 4 4 5 5 4 6 6.75 6.25 6.25 6.25 6.25 6.25 6.75 6.25 6 6.75 6.25 6 6 6 6 6 6 6.75 7 7.5 8
-9999 -9999 -9999 -9999 -9999 -9999 -9999 -9999 -9999 -9999 -9999 -9999 -9999 8 7.5 6.75 6 4.5 5.5 5.5 5.5 5.25 3.5 3 3 3 3 3 4.5 5 5 5 5 5 5 5 5 5 5 5.25 6.75 7 7 7 7 6.5 5 5 5 5 5 5 4.75 4.5 4.5 5 4 4 4 4 4.5 4.5 5 4 5.5 4 4.5 6 6 6 5 4.5 5 6 6 6 6.75 6.75 6.75 6 6.25 6 6.25 6.25 7 6.5 6.5 8 8 8.75 8.25 8.25
-9999 -9999 -9999 -9999 -9999 -9999 -9999 -9999 -9999 -9999 -9999 -9999 -9999 -9999 7.333333 6.75 6 5 6.5 5.75 4 4 4 3 3 3 3 3 3.5 4.5 5 5 5 5 5 5 5 5 5.25 5.75 6 6.75 6.5 6 5 5 5 5 5 5 5 5 5 4.25 5 4.75 4 4.5 5.5 5.5 6 4 5.5 5 5 5 5 6 6 6 5 4.5 5.5 5 5 6 6 6 6.5 6.75 6.25 6 6 6 8 7 6 6.5 8 8 8.25 8.5
-9999 -9999 -9999 -9999 -9999 -9999 -9999 -9999 -9999 -9999 -9999 -9999 -9999 -9999 -9999 -9999 6 4.5 4.5 4 4 4 3.25 3 3 3 3 3 3.5 4 5 5 5 5 5 5 5 5 5 5 5 5 5 5 5 5 5 5 5 5 5 5 5 5 5 5 4.25 4 4.5 6 6 6 4.5 5.5 5.5 6 6 6.25 6 5 4 5 5.5 4 5 6 6 6 6.25 7 7.25 8 7 7 8 7.75 7.25 7 8 8.25 8 9
-9999 -9999 -9999 -9999 -9999 -9999 -9999 -9999 -9999 -9999 -9999 -9999 -9999 -9999 -9999 -9999 -9999 4.5 4 4 3.75 3.75 3.75 3 3.5 3 3 3 3 3 3.5 5 5 5 5 5 5 5 5 5 5 5 5 5 5 5 5 5 5 5.5 5.5 5 5 5 5 5 5 4.5 4.5 6 6 6 5.5 6 6 6 6 4.5 4.5 5 5.5 5 6 4.5 5 5.75 6 6.5 7.5 7 7 7 7 7 7.5 6 6.5 7.5 8 8.5 9 9
-9999 -9999 -9999 -9999 -9999 -9999 -9999 -9999 -9999 -9999 -9999 -9999 -9999 -9999 -9999 -9999 -9999 4 4 4 3 3.666667 4 4 4 3 3 3 3 3 3 3.5 4 4 4 4.5 4.5 4.5 4.5 4.25 4.75 5 5 4.75 4.25 4.75 5 5 5 5 7 6.5 7 5 5 5 5 5 4 5 6 6 6 6 6 6 6 5.5 6 6 6 6 6 6 6 6 6 6.25 7.75 8 8.25 8.25 7.25 6.5 6 7.25 8 9 9.5 9 9 9
-9999 -9999 -9999 -9999 -9999 -9999 -9999 -9999 -9999 -9999 -9999 -9999 -9999 -9999 -9999 -9999 -9999 -9999 -9999 -9999 -9999 3.666667 3.5 3.25 2.75 2.75 3 3 3 3 3 3 3 3 3 3.25 4 4 4 4 4 4 4 4 4 4.5 4.75 5 5 5.5 6.5 5.5 6 5.5 5 5 5 5 4.75 5.5 6 6 6 6 6 6 6 6 6 6 6 6 6 6 6 6 6 6 6 8 8.25 9.5 8.5 7.75 6 8.5 8.75 10.25 11.25 9.5 9.75 8.75
-9999 -9999 -9999 -9999 -9999 -9999 -9999 -9999 -9999 -9999 -9999 -9999 -9999 -9999 -9999 -9999 -9999 -9999 -9999 -9999 -9999 -9999 3 2 2 2 2.5 3 3 3 3 3 3 3 3 3 3.75 4 4 4 4 4 4 4 4 4 4 4.5 5 5 5 4.5 4.5 4.75 5 5 5 5 5 5.5 6 6 6 6 6 6 6 6 6 6 6 6.25 6 6 6 6 6.75 6.75 6.75 7 7 6 7 7 6 7 6.5 7.5 8.25 8 7 7
