layers/wordclim/past/Iberia_miroc_10_ascii/bio_17.asc
ncols         205
nrows         142
xllcorner     -11.010633712694
yllcorner     33.273793250999
cellsize      0.083333333333334
NODATA_value  -9999
[rows 72 to 107 of 142, columns 0 to 82 of 205]
-9999 -9999 -9999 -9999 -9999 -9999 -9999 -9999 -9999 -9999 58 -9999 49 48 44.25 41 39 35.5 34 36.5 37 38 39.75 40 37.5 37.5 36.75 39 40.5 41.75 44.25 46.75 47.75 49 49 50 51.5 52 53.75 55 55.5 56.75 57.25 57.75 57 56.5 56 53.75 52 50.5 49.75 49.25 49.75 49.5 48.5 46.5 47 48 47.5 43 42 41 41 41.75 41 42.75 44.75 42 44 46 47.25 49.5 50 51 55 53.5 51.5 53.75 56.5 58 56 53.75 58
-9999 -9999 -9999 -9999 -9999 -9999 -9999 -9999 -9999 -9999 -9999 54 50.5 48.5 45 41.75 39.5 35.5 34.25 37.5 38.25 40.25 44 39.5 34.25 34.5 35.25 38 40.25 40.75 41.5 42.75 43 44.75 46.25 48 49 51.5 52.25 54 54.75 55 55.25 56.75 56.5 55.75 54 53 50.5 50 47.5 45.5 46 46.5 45 44 45.75 45 42.5 41.25 41 41 40.75 40 41 41.5 42 43.5 46.25 44 45 46.5 48.5 50.5 51.5 52.5 51.5 52.75 49.75 53 54.25 52 55.75
-9999 -9999 -9999 -9999 -9999 -9999 -9999 -9999 -9999 -9999 -9999 54 51 49 45.5 42 39.5 35.75 36.25 39.25 42.25 43.25 40.75 38 33 34 35 37 38.5 40 40.5 41.75 42.75 44.5 45.5 46 47.5 49.25 50.25 53.5 56.25 55.75 55.75 55.5 58.25 56.75 52 50.5 50 47.5 45.25 44.75 44 42.5 42.75 43 43.5 42 40.25 40.25 40.5 41 41.5 41 41.25 40.5 40 42.5 41.5 40 45.75 52.75 48.5 49 49.75 49.5 50.75 53.5 50.75 51.25 54 51.25 51.75
-9999 -9999 -9999 -9999 -9999 -9999 -9999 -9999 -9999 -9999 -9999 -9999 -9999 49 47 44 40.25 37.25 40.25 41.5 42.25 40.25 34.75 33.5 32.75 33 35 35.25 38 39.5 40.5 42 42.75 43 46.25 46.75 47.5 49 49 50.25 54.25 57.75 56.5 54.5 54.75 53.25 47.75 47 49.25 47.5 45.5 44.75 43.75 43.5 43.5 44.75 42.25 41.75 41.75 42.25 42.75 43.5 43.25 41 42.5 40 42.5 45 46 46 42.25 41 43.5 45.5 47.5 47.75 52.75 52.25 52.5 50.25 52.25 53 53
-9999 -9999 -9999 -9999 -9999 -9999 -9999 -9999 -9999 -9999 -9999 -9999 -9999 -9999 46 44 41.25 38.5 44.75 42.5 38.75 37.75 35.75 33.25 32.75 33 34.25 35.25 36.5 38 40 40.75 42.5 44.75 47 47.25 47 49 49.75 51.25 53.25 54.25 54.75 52.25 46.5 46.5 47 47 48 46.25 45.5 45 44.5 42.75 44.5 44.75 42 42.25 45 45.5 45.75 42.5 45.5 43 42 42.75 42.5 46 46.25 46.25 43.75 40.25 43.25 42.75 43.25 45 46.25 47.5 50.75 52.75 50.75 50.75 51
-9999 -9999 -9999 -9999 -9999 -9999 -9999 -9999 -9999 -9999 -9999 -9999 -9999 -9999 -9999 -9999 41 38 37.5 35.75 35.25 35.5 33 32.75 33 33 33 34.5 36 37 40 40.5 42.5 44.5 46 47 48.5 47 47.75 47 48.5 48.5 47.5 47.75 45.5 45 46.5 47 48 46.75 45.25 45 43.5 43.75 44.5 45.5 43.5 41.75 43 46 46 45.75 43 44 44 46 46.75 47.5 45.5 42.25 39.5 41.75 43.75 40.5 43 44.75 45.5 47.75 49 53.5 53.75 54 52.5
-9999 -9999 -9999 -9999 -9999 -9999 -9999 -9999 -9999 -9999 -9999 -9999 -9999 -9999 -9999 -9999 -9999 37.5 36 34.5 33.75 34.25 34 33.75 34.25 33 33 33 35 35 36 40.5 43 44.5 45.75 46 45.75 46 45.75 45.5 45.75 46.75 46.5 45 44 44.25 44.75 47.5 47 49.25 48.5 47 46.5 44 44.75 46 44.5 42.75 43 47.25 46 46.5 44.5 48.5 47.75 47.25 47.25 41 41 42 42.75 41.25 44.25 40.25 42.5 45.5 48 51 53.75 51.25 51 51 51.5
-9999 -9999 -9999 -9999 -9999 -9999 -9999 -9999 -9999 -9999 -9999 -9999 -9999 -9999 -9999 -9999 -9999 37 35.25 34.25 32 33 35.25 36 36.25 32 32 32.75 33.25 32.5 33.5 35.5 39.25 39.75 41 42.25 42.25 42.75 42.75 42.75 43.75 44.5 44.5 42.5 41.25 42.5 44 44.75 47 48.25 53.25 52.5 52.5 46 45 46.5 46 44 42 44 46 46 44.75 47.25 48 46 44 43.5 43 44 44 43.5 44 44 43.5 44 43.5 47 53.5 55.25 55.25 54 51.75
-9999 -9999 -9999 -9999 -9999 -9999 -9999 -9999 -9999 -9999 -9999 -9999 -9999 -9999 -9999 -9999 -9999 -9999 -9999 -9999 -9999 34.66667 34.5 32.25 29.5 30.25 31.75 30.5 30.5 30.75 32 33 34.25 37.5 38 39 40.5 41.25 41 41 40.75 41.75 40.5 39.25 40 41.25 42.5 44 44.25 49 51 46.75 49.75 47.5 45.5 47 46.5 45.5 43.5 44.5 45 45 45.25 46 45.5 45 45.5 45.5 45.5 45.5 45 44 44 44.5 45 45 45 46 45 52.75 52.5 59.25 55.75
-9999 -9999 -9999 -9999 -9999 -9999 -9999 -9999 -9999 -9999 -9999 -9999 -9999 -9999 -9999 -9999 -9999 -9999 -9999 -9999 -9999 -9999 30 27 26.75 27.5 29.5 31.75 31 31 31.5 32.5 32.5 34.25 35.25 36.75 39.5 40 40.5 41.5 40.5 39 38.5 37.75 38 38 38.75 40.75 42.5 44 45.75 40.75 40.75 42.5 44.5 45 45.75 46 45.5 44.5 46 44 44 45.25 44 44.5 46 43.75 44 45.5 45.75 45.5 44 44.5 46.5 45 47.5 48 47.25 47 46 42.5 47.5
-9999 -9999 -9999 -9999 -9999 -9999 -9999 -9999 -9999 -9999 -9999 -9999 -9999 -9999 -9999 -9999 -9999 -9999 -9999 -9999 -9999 -9999 -9999 -9999 24.5 25 29 30.75 31 30.5 30.75 30.25 31 32.25 33.25 34.75 35.25 37.75 40.25 41 40 37.75 36.5 36.5 37.5 37.5 38 38.25 39 39.75 40 42.5 44 42.5 43.25 44.5 45.25 45 45.25 46.25 46.5 45 43.75 43.25 41 43.75 45 43.5 43.5 39 42 46.25 45.75 42 42.5 44.5 46.75 44.25 50 48 49 41.75 46.25
-9999 -9999 -9999 -9999 -9999 -9999 -9999 -9999 -9999 -9999 -9999 -9999 -9999 -9999 -9999 -9999 -9999 -9999 -9999 -9999 -9999 -9999 -9999 25 26.5 27.5 28.5 31.75 34 29.5 29.25 29.5 29.5 29.5 30.5 32 33.5 34.25 35.5 35.5 34 34.5 35.5 35.5 35 36 35.75 36.25 36.5 40.5 44 47 45.75 45.5 44 44.25 45 43.5 42 41.75 46 45.5 42.25 40.5 39 39 41 43.75 43.5 45.5 44.25 40 40.75 41.5 39.5 39.5 42.5 40.5 38.5 39 43 39.5 37.25
-9999 -9999 -9999 -9999 -9999 -9999 -9999 -9999 -9999 -9999 -9999 -9999 -9999 -9999 -9999 -9999 -9999 -9999 -9999 -9999 -9999 -9999 -9999 -9999 25.25 26 27.75 31.5 33.75 31.75 29.25 29 28.5 28 30 31.5 32 32 33 32 30 33.5 35.5 35.25 34.75 35 35.5 36.5 38.75 37.25 38.5 42 44 46.5 47 48.25 49.25 45.5 42 39.25 39.75 42.5 45.75 44.75 40.25 36.75 37 35.75 37.5 38.25 42 44.25 39 38.25 36.75 33.25 34.25 35 31.5 31.5 31.5 31.5 34.25
-9999 -9999 -9999 -9999 -9999 -9999 -9999 -9999 -9999 -9999 -9999 -9999 -9999 -9999 -9999 -9999 -9999 -9999 -9999 -9999 -9999 -9999 -9999 -9999 23.5 27 28 30.5 29.25 28.5 27.5 27.25 27.5 28 28.75 30.5 30.5 31.5 30.25 29.5 29.25 30.25 32 35.25 35.25 34.75 35.5 37 38.5 40.75 39 39.5 42.75 41 40.75 44.75 43 41 44 40.25 36 40 41.25 42.5 43 42 38.5 34.75 33 34.25 38 36.5 35 36.25 36.5 31.5 30 29.75 27.5 29.75 29.25 30.75 31
-9999 -9999 -9999 -9999 -9999 -9999 -9999 -9999 -9999 -9999 -9999 -9999 -9999 -9999 -9999 -9999 -9999 -9999 -9999 -9999 -9999 -9999 -9999 24 23.5 25.75 26.75 28.5 27.5 27 27 26 26.75 27.25 28 28 29 29.75 29.5 28.75 28.75 29 29.5 31 28.75 30 34.25 34.5 36 39.25 41 43.75 43.5 41 36.25 37.75 40 37.5 38 40.25 35.5 38.5 40 38.5 43.25 40.75 36.25 35 34.5 32 34 32.25 33 32.75 28.75 26.75 26 26 27.75 30 30.75 31 32
-9999 -9999 -9999 -9999 -9999 -9999 -9999 -9999 -9999 -9999 -9999 -9999 -9999 -9999 -9999 -9999 -9999 -9999 -9999 -9999 -9999 -9999 -9999 -9999 22.5 23.5 24.5 27.75 27 26.5 25.5 25.5 27 28.75 28 28 27.75 27.5 27 27.5 27.5 28 28.25 28 27.75 32 34.5 34.75 34.75 36 35.25 35.5 36.25 37.5 39.5 35.5 33.25 36 36.5 35.5 31 33.75 35.5 34.75 36 35.25 33.75 31.5 31 28.5 27.75 26 26 25 26 27.25 29.75 30 30 30.25 31 31 31
-9999 -9999 -9999 -9999 -9999 -9999 -9999 -9999 -9999 -9999 -9999 -9999 -9999 -9999 -9999 -9999 -9999 -9999 -9999 -9999 -9999 -9999 -9999 -9999 21.5 22.25 24.75 27 26.75 27 26.5 26 25.75 27 28 27.5 27 27 27 26.75 26.25 27.5 25.75 26.5 26 26 27.25 27.75 28 29.5 28 31 32.25 35.5 35.5 35.5 31.75 31.75 32.75 34 31.75 28.5 32.25 32.25 33 31 27.75 28.5 26.25 25.5 27 26.5 25.5 28.5 28.25 27 27.5 28 30 31 31 31.5 32.5
-9999 -9999 -9999 -9999 -9999 -9999 -9999 -9999 -9999 -9999 -9999 -9999 -9999 -9999 -9999 -9999 -9999 -9999 -9999 -9999 -9999 -9999 -9999 -9999 20.5 21.75 22.75 23.75 24.25 26.5 27 26.25 25.5 26.25 27.25 27 27 26.25 26 25.5 25.25 25.5 24.75 24.5 24.5 24.5 25 24.25 23.75 27 26.25 28.5 31.5 29 31.5 32.25 31.5 29.75 30.25 30.75 31.5 28.75 27 27 27.5 26.25 24 25 25 25.5 27 27 27 29 29.25 28.75 26.5 30 30.5 31 32.5 32 34.25
-9999 -9999 -9999 -9999 -9999 -9999 -9999 -9999 -9999 -9999 -9999 -9999 -9999 -9999 -9999 -9999 -9999 -9999 -9999 -9999 -9999 -9999 -9999 -9999 20 21 23 23 22.5 24.25 24.75 26.75 25 25.75 26.75 27 26.25 26 25 25 23.25 23.25 24.5 24.5 24 24.5 24.25 23.25 22.75 23 25.5 27.5 27.5 27.75 29.5 29.5 28 28 28.25 27.5 26.75 25.5 25.5 26 26 26 26 26 25 26 26 27 27 26.25 26.5 28.75 30 33 35 35.5 36.5 34 35
-9999 -9999 -9999 -9999 -9999 -9999 -9999 -9999 -9999 -9999 -9999 -9999 -9999 -9999 -9999 -9999 -9999 -9999 -9999 -9999 -9999 -9999 -9999 19 19.5 20 21 23 22.75 21.25 22.25 23.25 25.25 26.25 26.75 27.25 27 26.25 25.5 24.5 24.5 22.5 22.25 22.75 23.75 23 22.25 20.5 20.5 22.25 22.5 25 25 25.5 26.5 26.25 26 26 25.25 25 25 25 25.5 26 26.25 26 26 26 25 26.25 26.5 25.5 26 25.75 28 29.25 30 31.5 34.5 46 46.75 38.25 38
-9999 -9999 -9999 -9999 -9999 -9999 -9999 -9999 -9999 -9999 -9999 -9999 -9999 -9999 -9999 -9999 -9999 -9999 -9999 -9999 -9999 -9999 -9999 19 19 19 22 22.5 24.5 24.5 22 24 24.5 26.5 28 28 26 25.75 25.5 23.75 23.5 22.5 20.75 21 20.75 20.25 20.25 19 18.75 19 20 20 20 21 25.25 25 25 25.5 27 26 25 25 25.75 26.75 26 25 24 25 25 25.75 25.5 27 27 26.75 27.5 29.25 29.75 31.5 37 40.5 44.25 42.5 45
-9999 -9999 -9999 -9999 -9999 -9999 -9999 -9999 -9999 -9999 -9999 -9999 -9999 -9999 -9999 -9999 -9999 -9999 -9999 -9999 -9999 -9999 -9999 19 19 19.25 21.25 23.75 28.25 28.75 22.25 21.25 22.25 24 27 28 28.5 27.25 26 23.25 22 20.75 18.75 20 19.75 18.5 17.75 18 17 17.5 18 18.5 19.5 21 23 24 24.5 25 25 25.5 25 25 25.5 25.75 24.5 23.25 24 25 25 25 25 26.5 28 30 29 29 30.25 30.75 33.5 37.25 42.25 41 44.5
-9999 -9999 -9999 -9999 -9999 -9999 -9999 -9999 -9999 -9999 -9999 -9999 -9999 -9999 -9999 -9999 -9999 -9999 -9999 -9999 -9999 -9999 -9999 18.66667 19.25 20.75 21.5 21.75 21.75 20.25 20.25 20.5 20.5 21.5 24 23.5 27.25 28 25 24.25 22.25 20.25 17.5 17.75 17.5 16.5 16 16.75 15 16.25 18 18.75 19 20 20.5 21 21 23.5 24.5 25 25 25 25.5 25 23 23 23.75 25 25 25 25.5 29 30 33.5 31.25 31.5 30.5 31 32.25 37.75 35.75 37.5 41.5
-9999 -9999 -9999 -9999 -9999 -9999 -9999 -9999 -9999 -9999 -9999 -9999 -9999 -9999 -9999 -9999 -9999 -9999 -9999 -9999 -9999 -9999 -9999 18 21.75 19.25 20.5 18.25 20.25 19 19 19 19.25 20 20.5 21.5 22.75 23 21.75 19.75 18.25 17.5 16.5 16 16 15.75 15.25 15 15 15.5 18 18 18.25 19.5 20 20.25 20.75 21.5 24 24.25 24.5 24.5 24.5 23.5 23 23 24.75 26 25.5 27.5 30.75 31 31 32.5 32 33 34 33.75 37 40.5 39 38 38.25
-9999 -9999 -9999 -9999 -9999 -9999 -9999 -9999 -9999 -9999 -9999 -9999 -9999 -9999 -9999 -9999 -9999 -9999 -9999 -9999 -9999 -9999 -9999 22 22.5 21 22.5 22.25 22 19.5 19.25 18 19 18 18.5 18.75 19 19.5 18.5 17.25 17 16.25 16 15.75 15.25 15 15 15 15 15 16.5 17.5 18 18 20 20 20.25 21 24 24 24 24 23.5 23.25 23.5 24.25 26 27 29.5 30.5 31 32 32.75 32.75 30.5 31.25 32 32.75 36 40 42.5 55 60.5
-9999 -9999 -9999 -9999 -9999 -9999 -9999 -9999 -9999 -9999 -9999 -9999 -9999 -9999 -9999 -9999 -9999 -9999 -9999 -9999 -9999 -9999 -9999 21 22.5 21.75 21.5 21 21.5 21.5 21.75 18.25 18 17.25 17 17.5 17.5 17 17 16.25 15.75 15.75 15.5 15 15 15 15 15 15 15 15.75 16.5 18 18 18.5 20 20 20.5 23 24 24 24 24.5 23.75 23.75 26 26 27 29 31.75 31.5 33 32 31.75 30 32 35.25 37.25 39.5 40.25 46.75 54 50.75
-9999 -9999 -9999 -9999 -9999 -9999 -9999 -9999 -9999 -9999 -9999 -9999 -9999 -9999 -9999 -9999 -9999 -9999 -9999 -9999 -9999 -9999 -9999 21.5 22 21 21 21 21 21 21 20 17.5 17.5 16.5 17 16.5 16 17 14 -9999 -9999 18 18.5 19 16.5 15.25 14 14.25 14.75 15.25 16.5 17.25 18 18 19 20 20 24 24 24 24 24.5 24 24 25 27.5 29.75 29.5 31.75 34.5 35.75 33.25 30.75 31 33 35 36 35 38.5 33.5 31.75 36.5
-9999 -9999 -9999 -9999 -9999 -9999 -9999 -9999 -9999 -9999 -9999 -9999 -9999 -9999 -9999 -9999 -9999 -9999 -9999 -9999 -9999 -9999 -9999 -9999 22 20.5 20 20 20 20 19 21 18.5 17.25 17 19.5 19 -9999 -9999 -9999 -9999 -9999 -9999 -9999 -9999 -9999 19 19 16.5 16.5 17.25 19 20 20.25 21 18 19.5 20 23 24 24.25 24 24 24 24 26 30.25 30 31.25 34.25 34.5 38 36.75 33 31.25 28 31.5 29.25 30.75 36.25 32.75 27.75 26.75
-9999 -9999 -9999 -9999 -9999 -9999 -9999 -9999 -9999 -9999 -9999 -9999 -9999 -9999 -9999 -9999 -9999 -9999 -9999 -9999 -9999 -9999 -9999 -9999 -9999 -9999 -9999 -9999 -9999 -9999 -9999 -9999 -9999 -9999 -9999 -9999 -9999 -9999 -9999 -9999 -9999 -9999 -9999 -9999 -9999 -9999 -9999 -9999 18 19 19 20.5 23 23 23.75 24 19.75 20.5 22.5 23.5 24 24 24 24 24 26 32 40.5 34.5 32 34.25 44.25 38 34 28 25.5 27.5 28 28 28.5 29 26.75 24.25
-9999 -9999 -9999 -9999 -9999 -9999 -9999 -9999 -9999 -9999 -9999 -9999 -9999 -9999 -9999 -9999 -9999 -9999 -9999 -9999 -9999 -9999 -9999 -9999 -9999 -9999 -9999 -9999 -9999 -9999 -9999 -9999 -9999 -9999 -9999 -9999 -9999 -9999 -9999 -9999 -9999 -9999 -9999 -9999 -9999 -9999 -9999 -9999 -9999 18.5 19 20 22.5 23 23 23.75 24.5 19 21.5 22 23 23 23.75 24 24.75 26 28 36.25 34.25 37.5 39.25 49 37.75 29.5 26.5 26 28.5 27.75 26.75 22.25 21.75 21 18.33333
-9999 -9999 -9999 -9999 -9999 -9999 -9999 -9999 -9999 -9999 -9999 -9999 -9999 -9999 -9999 -9999 -9999 -9999 -9999 -9999 -9999 -9999 -9999 -9999 -9999 -9999 -9999 -9999 -9999 -9999 -9999 -9999 -9999 -9999 -9999 -9999 -9999 -9999 -9999 -9999 -9999 -9999 -9999 -9999 -9999 -9999 -9999 -9999 -9999 -9999 18.33333 20 21 21.5 23 23 23 20 20 21.25 22.5 23 24 24.5 25 26.5 28.75 28.5 28.75 29.5 32.75 33 29.25 31.5 29 26.75 28 26 23.25 21.75 20.75 19 -9999
-9999 -9999 -9999 -9999 -9999 -9999 -9999 -9999 -9999 -9999 -9999 -9999 -9999 -9999 -9999 -9999 -9999 -9999 -9999 -9999 -9999 -9999 -9999 -9999 -9999 -9999 -9999 -9999 -9999 -9999 -9999 -9999 -9999 -9999 -9999 -9999 -9999 -9999 -9999 -9999 -9999 -9999 -9999 -9999 -9999 -9999 -9999 -9999 -9999 -9999 -9999 19.33333 20.75 21 21 22 22.5 17.5 18.75 20.5 22 23 23 23 28.25 24.5 25.5 24.5 24 30.75 25 22.5 22 22 23 23.5 22.5 22.25 21.75 20 -9999 -9999 -9999
-9999 -9999 -9999 -9999 -9999 -9999 -9999 -9999 -9999 -9999 -9999 -9999 -9999 -9999 -9999 -9999 -9999 -9999 -9999 -9999 -9999 -9999 -9999 -9999 -9999 -9999 -9999 -9999 -9999 -9999 -9999 -9999 -9999 -9999 -9999 -9999 -9999 -9999 -9999 -9999 -9999 -9999 -9999 -9999 -9999 -9999 -9999 -9999 -9999 -9999 -9999 19 19.5 21 21.5 22 22 16.5 18.5 20 21 22.5 23 23 23.5 24.5 22.5 21.5 21.5 21.5 20 20 19 19 19 20 20 21 21 -9999 -9999 -9999 -9999
-9999 -9999 -9999 -9999 -9999 -9999 -9999 -9999 -9999 -9999 -9999 -9999 -9999 -9999 -9999 -9999 -9999 -9999 -9999 -9999 -9999 -9999 -9999 -9999 -9999 -9999 -9999 -9999 -9999 -9999 -9999 -9999 -9999 -9999 -9999 -9999 -9999 -9999 -9999 -9999 -9999 -9999 -9999 -9999 -9999 -9999 -9999 -9999 -9999 -9999 -9999 -9999 19 20 21.75 22 22 21 18.75 20.25 21 22.5 26 23 22.25 22.5 21.5 20 20.25 19 19 19 19 -9999 -9999 -9999 -9999 -9999 -9999 -9999 -9999 -9999 -9999
-9999 -9999 -9999 -9999 -9999 -9999 -9999 -9999 -9999 -9999 -9999 -9999 -9999 -9999 -9999 -9999 -9999 -9999 -9999 -9999 -9999 -9999 -9999 -9999 -9999 -9999 -9999 -9999 -9999 -9999 -9999 -9999 -9999 -9999 -9999 -9999 -9999 -9999 -9999 -9999 -9999 -9999 -9999 -9999 -9999 -9999 -9999 -9999 -9999 -9999 -9999 -9999 -9999 20 20.5 22 22 22.25 22.5 20.5 22.5 28.5 29 24 22.5 21.5 20 19.25 19 18.5 18.5 -9999 -9999 -9999 -9999 -9999 -9999 -9999 -9999 -9999 -9999 -9999 -9999
-9999 -9999 -9999 -9999 -9999 -9999 -9999 -9999 -9999 -9999 -9999 -9999 -9999 -9999 -9999 -9999 -9999 -9999 -9999 -9999 -9999 -9999 -9999 -9999 -9999 -9999 -9999 -9999 -9999 -9999 -9999 -9999 -9999 -9999 -9999 -9999 -9999 -9999 -9999 -9999 -9999 -9999 -9999 -9999 -9999 -9999 -9999 -9999 -9999 -9999 -9999 -9999 -9999 20 21 22 22 22.75 25 24.25 25 27.25 29 29 21 19.5 19.5 18.5 18 17 -9999 -9999 -9999 -9999 -9999 -9999 -9999 -9999 -9999 -9999 -9999 -9999 -9999
