layers/wordclim/past/Iberia_miroc_10_ascii/bio_05.asc
ncols         205
nrows         142
xllcorner     -11.010633712694
yllcorner     33.273793250999
cellsize      0.083333333333334
NODATA_value  -9999
[rows 0 to 33 of 142, columns 77 to 153 of 205]
-9999 -9999 -9999 -9999 -9999 -9999 -9999 -9999 -9999 -9999 -9999 -9999 -9999 -9999 -9999 -9999 -9999 -9999 -9999 -9999 -9999 -9999 -9999 -9999 -9999 -9999 211.5 207 205.5 208 213 215.5 217.5 218.5 220 221 221 222 223.5 223.5 223.5 224.5 226.5 227.5 228.5 231 233.5 234 234.5 235.5 235 235.5 238 239.5 239 238 239 238.5 240.5 241.5 240 239 239.5 237 237.5 238 238 240.5 244.5 243.5 244 241 240 239.5 242 242.5 238.5
-9999 -9999 -9999 -9999 -9999 -9999 -9999 -9999 -9999 -9999 -9999 -9999 -9999 -9999 -9999 -9999 -9999 -9999 -9999 -9999 -9999 -9999 -9999 -9999 -9999 -9999 -9999 211.5 209.75 207.75 211.5 215 217.5 218.5 220 221.25 222.25 223.25 224 224.5 225 225.25 227 228.5 230.25 231.25 233.5 235 236.25 236.25 237 237.75 239.5 239.75 240.25 239.75 240 241.5 241.25 240 239.5 238.75 238.25 239 238.75 239 241 243.5 244.25 241.25 240.5 239.75 239.75 241.5 247 249.25 245.75
-9999 -9999 -9999 -9999 -9999 -9999 -9999 -9999 -9999 -9999 -9999 -9999 -9999 -9999 -9999 -9999 -9999 -9999 -9999 -9999 -9999 -9999 -9999 -9999 -9999 -9999 -9999 -9999 217 212.6667 211.75 213.5 216.25 218.25 220.25 222 223.5 224.25 225.75 227.25 226 227.25 228.5 229.75 230.5 232 233.75 235.5 237.25 237.75 239.5 240 240.25 239 238.75 240.75 241.5 241.25 241 242 241.5 241.5 241.75 241.5 241.75 243.75 245 244.25 243.25 242 244.75 244.75 246.75 245.25 248.75 247.25 250.25
-9999 -9999 -9999 -9999 -9999 -9999 -9999 -9999 -9999 -9999 -9999 -9999 -9999 -9999 -9999 -9999 -9999 -9999 -9999 -9999 -9999 -9999 -9999 -9999 -9999 -9999 -9999 -9999 -9999 -9999 215.25 213.5 215.5 217.75 220.75 224.25 225 225.5 227.5 228.75 226.75 228.25 229.25 230.5 231.5 233.5 234.75 237.25 238 237 237 238.75 240 241.75 242.25 242.75 243 242.5 243.75 244.5 245 245.25 244.75 244.5 244.75 244.25 245.5 246.25 245.5 246.75 248.25 248.75 247 249 245.5 241.75 241.5
-9999 -9999 -9999 -9999 -9999 -9999 -9999 -9999 -9999 -9999 -9999 -9999 -9999 -9999 -9999 -9999 -9999 -9999 -9999 -9999 -9999 -9999 -9999 -9999 -9999 -9999 -9999 -9999 -9999 -9999 219.5 216.75 216.5 218.75 222.25 224 225.5 226.5 227.25 228.5 227.75 229.75 231 231.75 233.25 234.5 235.25 236.75 239.25 238.5 237.5 238.5 240 240 241 240.75 240.75 240.75 240.75 241.5 242 242.5 243 243.25 243.25 242 241.75 242.75 242.5 245.75 247.25 247.5 242.5 243.5 243 242.5 242
-9999 -9999 -9999 -9999 -9999 -9999 -9999 -9999 -9999 -9999 -9999 -9999 -9999 -9999 -9999 -9999 -9999 -9999 -9999 -9999 -9999 -9999 -9999 -9999 -9999 -9999 -9999 -9999 -9999 -9999 -9999 221 219 220.25 222.75 225 225.75 227 227.5 228.25 228.75 231.75 233.25 234 234 234.5 235.5 236.5 238.5 240.5 241.5 240.5 240 240.5 241.75 242 242.5 243 243 244.25 244 244.5 245.25 245.25 244 241.75 239.25 240 240.75 242.75 245 244.75 242.25 239.75 240.25 240.5 243.25
-9999 -9999 -9999 -9999 -9999 -9999 -9999 -9999 -9999 -9999 -9999 -9999 -9999 -9999 -9999 -9999 -9999 -9999 -9999 -9999 -9999 -9999 -9999 -9999 -9999 -9999 -9999 -9999 -9999 -9999 -9999 222.25 221.75 222.5 224.5 226 227.25 228.5 229.5 229.5 229.25 231.75 233.25 234.25 235.5 234.75 235.75 237.75 238.5 240 242.5 242.75 242 243.25 243.75 243 242.75 243.25 244 244.5 244 244 244.25 244.5 244.5 243 243 243 242.75 244.75 243.25 243 241.5 241.5 241.75 243.5 247
-9999 -9999 -9999 -9999 -9999 -9999 -9999 -9999 -9999 -9999 -9999 -9999 -9999 -9999 -9999 -9999 -9999 -9999 -9999 -9999 -9999 -9999 -9999 -9999 -9999 -9999 -9999 -9999 -9999 -9999 -9999 224 225 225 226 227 228 229.25 229.5 230.25 229.75 231.5 233.25 234.5 235.75 237 237.75 238.75 239.5 240.5 242.25 240.75 241 242.25 242.5 244.75 246.25 245.75 245 244.5 244.75 244 243.75 245 245.75 245.5 248.25 247.25 247.75 248.5 247 248.5 247 246.5 247 247.5 247.25
-9999 -9999 -9999 -9999 -9999 -9999 -9999 -9999 -9999 -9999 -9999 -9999 -9999 -9999 -9999 -9999 -9999 -9999 -9999 -9999 -9999 -9999 -9999 -9999 -9999 -9999 -9999 -9999 -9999 -9999 -9999 -9999 226.25 226 226.75 227.5 228.5 228.5 229.5 229.75 229.5 232 233.25 235 236.5 237.5 238.75 239 240 241.25 242 240.75 240.25 240.75 241.25 241.75 244.5 245.75 247 244.75 244.5 246.75 247 247 247 247.75 246.75 243.75 243.5 243.75 242.75 243.75 247.5 248.25 245.25 247.75 246
-9999 -9999 -9999 -9999 -9999 -9999 -9999 -9999 -9999 -9999 -9999 -9999 -9999 -9999 -9999 -9999 -9999 -9999 -9999 -9999 -9999 -9999 -9999 -9999 -9999 -9999 -9999 -9999 -9999 -9999 -9999 -9999 225.5 225.25 226.25 227.5 228.25 229 230.25 230.5 230 232.25 233.75 234 236 237.75 238.5 239.75 240.75 240 241 242 242.75 241.5 240.5 242.25 242.75 244 247.25 246.5 245.75 244 242.75 243 245.25 244.5 244 242.75 244 245.5 245.25 244.5 245 246 244.75 245 243.25
-9999 -9999 -9999 -9999 -9999 -9999 -9999 -9999 -9999 -9999 -9999 -9999 -9999 -9999 -9999 -9999 -9999 -9999 -9999 -9999 -9999 -9999 -9999 -9999 -9999 -9999 -9999 -9999 -9999 -9999 -9999 226 225.5 226 226.75 228 228.5 229.75 230.25 229.5 230.5 231.75 232.75 233.75 235.5 237.5 238.75 238.75 240.5 240.75 242 241.75 241.5 241.5 241.25 242.25 242.75 241.75 245.25 245.75 245 246.5 245 244.5 245 245.25 245 245.75 247.75 247.5 247.25 248.5 248 248.5 249 245 245.25
-9999 -9999 -9999 -9999 -9999 -9999 -9999 -9999 -9999 -9999 -9999 -9999 -9999 -9999 -9999 -9999 -9999 -9999 -9999 -9999 -9999 -9999 -9999 -9999 -9999 -9999 -9999 -9999 -9999 -9999 -9999 227 225.5 225.5 226.5 227.5 229 229.75 230.25 228 229 231 232.5 233.5 235 237.75 239.25 240.25 241 241.5 242 241.5 241.25 241 240.75 240.75 242 242 244 242.75 245.5 246.25 248 248.5 247.75 246.75 248 248.25 248 249.5 250.25 249.75 251.5 252.75 251 246.75 248
-9999 -9999 -9999 -9999 -9999 -9999 -9999 -9999 -9999 -9999 -9999 -9999 -9999 -9999 -9999 -9999 -9999 -9999 -9999 -9999 -9999 -9999 -9999 -9999 -9999 -9999 -9999 -9999 -9999 -9999 -9999 226.5 225.5 225.25 226.25 227.25 228.25 229 228.75 227.5 229.75 230.75 232.5 234.25 236.25 238.5 239.5 241 243 243.5 243.5 243.75 242.75 241.75 240.5 240.5 241.5 242 244.5 245 245 243.5 246.25 246.5 246.75 249 249.75 249.75 251.25 251.75 251.75 251.75 253.25 253.25 252.25 248.25 244.75
-9999 -9999 -9999 -9999 -9999 -9999 -9999 -9999 -9999 -9999 -9999 -9999 -9999 -9999 -9999 -9999 -9999 -9999 -9999 -9999 -9999 -9999 -9999 -9999 -9999 -9999 -9999 -9999 -9999 -9999 -9999 226 224.5 224.75 225.75 226.75 227.75 227.25 227.5 227 229 230.5 231.75 234 236.5 238.5 240.25 243 244.5 245 244.5 243.25 242.5 240.5 240 240.75 241.5 244 244 244 243 243.5 246 245 246.5 245.75 246.75 248.5 251 251.5 252.25 252 250.5 250.25 249.75 248.5 250
-9999 -9999 -9999 -9999 -9999 -9999 -9999 -9999 -9999 -9999 -9999 -9999 -9999 -9999 -9999 -9999 -9999 -9999 -9999 -9999 -9999 -9999 -9999 -9999 -9999 -9999 -9999 -9999 -9999 -9999 -9999 227 226.25 226.25 227 227.75 228 228.25 226.5 228 229.25 230.5 231.5 234 236.75 239.5 241.75 244 245.75 246.25 244.75 243.75 242.75 241.5 241.75 240.25 241.5 242.5 243 244 242.25 242.75 245.5 243.5 245.25 242.5 244.75 246.5 247.25 251 250.5 252 251.75 250.75 251.5 251.5 251.25
-9999 -9999 -9999 -9999 -9999 -9999 -9999 -9999 -9999 -9999 -9999 -9999 -9999 -9999 -9999 -9999 -9999 -9999 -9999 -9999 -9999 -9999 -9999 -9999 -9999 -9999 -9999 -9999 -9999 -9999 -9999 -9999 229.25 230.25 230.5 229.25 227.75 227.25 225.75 227 228.5 229.75 231.75 234.75 238.25 240.25 240.75 242.25 243.25 244.5 243.25 243 242.25 242 241.75 241 240.75 241.25 242.75 243.25 242.75 242.75 245.5 245.25 245 245.5 247 243.75 246 249.5 250.5 249.25 251.5 252.75 251.5 254.25 256
-9999 -9999 -9999 -9999 -9999 -9999 -9999 -9999 -9999 -9999 -9999 -9999 -9999 -9999 -9999 -9999 -9999 -9999 -9999 -9999 -9999 -9999 -9999 -9999 -9999 -9999 -9999 -9999 -9999 -9999 -9999 -9999 -9999 -9999 233 232 228.75 226.5 225.75 227.5 229.25 230.75 234 237 237.75 239 241 242.25 242 242 241.25 242.5 241.25 241.5 241.75 240.5 239.25 239.5 241.75 241.5 241.75 241.5 244.5 243.25 244 245.75 245.5 243 244.25 247.75 250.25 250.5 249.5 251.25 253 254 254.75
215 -9999 -9999 -9999 -9999 -9999 -9999 -9999 -9999 -9999 212 -9999 -9999 -9999 -9999 -9999 -9999 -9999 -9999 -9999 -9999 -9999 -9999 -9999 -9999 -9999 -9999 -9999 -9999 -9999 -9999 -9999 -9999 -9999 -9999 -9999 232.5 226.25 226 227.5 229.5 232 234 235.5 237.25 238 238.75 238.75 239 239.75 238.25 238 240.75 240.75 240.5 240.25 239.5 238 240 241.75 240.25 240.5 243.5 242.5 244.5 245 245 245.25 246 247.25 247.75 250 250.25 250.75 251.25 251.25 252.25
-9999 -9999 -9999 -9999 -9999 -9999 -9999 -9999 212 209.5 208.25 208.5 210.5 214 -9999 215 211 209.5 211.5 213 215.5 217 218.5 222.5 -9999 -9999 -9999 -9999 -9999 -9999 -9999 -9999 -9999 -9999 -9999 235 229.25 224.25 226 227.5 230.25 231.25 233.25 234.5 235.25 237 238 237.25 237.5 235 237.25 235.25 238 237 237.75 239.5 238.5 236.5 238.75 240.5 239.25 241 241.5 241.5 243.5 244.25 244.25 246.5 244.25 245.5 247.5 249.5 250.75 251 250.5 250.75 251.75
220 218 217 216 215 211.75 211.25 209.5 206.5 205.25 205 203.5 203.5 205.5 209 210.75 209.75 210 209.75 210.5 212.5 213.75 214.75 217.5 223 227.5 228.5 228.5 230.25 230.75 231.25 233.25 236 238 236 232.25 223.75 224.75 226.5 229.75 230.5 233 235.25 235.25 235.5 236 236 235.25 235 234.75 233 232.5 233.5 232.75 234.5 237.25 238 237 236.75 239.25 239.5 240.25 240.5 241 242.25 243.5 245.75 243.75 242.5 246.75 248.5 249.75 247.75 251 251.25 250.5 250.5
215.5 215 215.25 214.25 212.25 209 208 206.25 205.25 204.75 204.75 202.75 203.75 205.5 205.5 205.5 207.75 210.5 210 206.75 206.25 206.75 213.25 215.75 220.25 223.75 226.25 227 227.5 228.25 229.75 231 230.5 229.5 229.25 226.25 224 225.25 226 229 230.75 232 235 235 233.75 234.25 235.5 236 233 233 230.5 229.75 228.5 230 230.25 235 235.75 236.25 235.25 237.5 239 239 239 239.75 242.5 243.75 244 241.75 243.25 246.5 247.75 248.75 248.75 249.5 251 252.5 250.75
213.75 213.5 213 211.25 210.5 208.25 208.25 207.75 206 203.25 203 201.5 201.75 204 202 202.25 203.25 205.5 207 207.5 209.75 210.75 213.5 214 215.25 220.5 224.75 228 227.5 228.5 228.25 228.75 226 225.75 225 224 227 225 226.75 225.5 228.5 231 235.5 235.25 235.25 235 232.25 233.25 234.25 233.75 232.25 229.5 226.5 225 226.5 231 233.5 235.5 232.75 235.75 237 236.75 236.75 239.75 241.5 240.25 241.25 241 244.5 247.5 247 245.5 248.75 249 249 249.75 251.25
205.5 209 208 208.5 207 207 208.25 206.75 205 203.5 198.5 196.5 197.75 204.25 203.25 203.25 203.5 206.5 204.75 208.75 211.5 214 215 212.25 214.75 216.75 220 223 224.5 227 228.25 228.25 225.75 219.25 227 225 223.5 219 222.25 226.25 229 231 232.75 232 233.5 232 233.75 231 229.75 229.75 230.75 231.5 228.25 223.25 223.25 229.25 229 233.75 229.25 232.5 232 233.25 236 237.75 237.75 238.75 241 243.25 246 245.75 244.25 246.5 245.25 248.25 249.5 249.25 248.25
203 196 205 206.75 203.75 204.25 210.5 204 205.75 204.5 194.5 188.5 198.25 199.75 201 204.5 207.75 209.25 209.75 210 213.25 216.75 214 219.75 219 219.5 218 222.75 222.25 222.25 228.75 221.5 223.5 218.5 226.5 227.5 225.75 221.75 222 227.5 231.5 225.5 219.25 227.5 230 229 229.25 231.25 228.25 226.25 226 229.25 228.25 223 222 224.5 225 227.75 226 224.75 225 228 230.75 234.25 236.25 237.75 240.75 240 242.25 242 245.25 245.25 245.5 244.75 247.75 248.5 247
209.75 199.25 192 192.5 198.5 201.25 204.25 200.25 202.75 198 194.75 196.5 199 200.25 204.25 207.75 206.25 211.5 213.5 213.25 211.25 209.75 213.75 212.5 219.75 223.75 219.75 223.75 225.75 231.25 229.25 222.25 215.75 218.25 223.75 222.5 218.5 219.25 217 215 217.25 215 200.75 213.5 227.5 223 221 218 198.25 210.75 206.25 211.75 206.25 209.5 219.25 216 217 220 224.25 219.5 224.75 228 232.25 235 238.25 239.25 241.5 239.5 236.5 236.5 237.5 242 241.75 241 245 245.5 245.75
196.75 198.25 181.5 193.25 205.5 206.75 205.75 206 205 204.5 205.5 207.5 207.75 208.25 206.75 207 207.5 203.5 212.75 215.5 213.25 206.5 214.75 216.75 219 219.5 216.5 225.75 230.5 223.5 209 222.5 223 225.25 226.75 222.75 211.75 209.25 209.25 202.5 203.75 198.5 188.25 199.5 201.5 187.25 183.5 206.25 186 182.25 182.25 184 181 203 199.75 177.25 184 191.5 195.75 207 202.75 212.75 224.75 222.5 225 220.25 222.25 229.75 237.75 234.75 232.75 233.5 230 235 239.5 236 240.25
207 208 199.5 202.5 207.25 209 208 206.75 208 206.75 208.5 209.75 213.5 212.75 209 209.25 209 210.5 210 212.25 215.75 217.75 221.75 223.75 223.25 222 219 216.5 224 227.5 228.5 221.75 227.75 233.25 231.5 231 228.5 222 212.75 211 203.75 205.75 197.25 194.75 187 164.75 154.25 186.25 170.5 167 149.5 138.5 164.25 166.75 181.5 151.25 135.75 149 169.5 199 169.25 194 208 204.75 189 195 209.75 220 211.25 226.25 215.5 208 199 210.25 228 223.25 225.75
211 215.25 216.25 216.5 215 213.25 215.5 213.25 213.25 213 212 208.5 211.75 214 217.5 215.75 212.5 214.75 219.25 216 219 224.25 225.5 227.5 227.25 227 224.75 219.25 220.5 217.25 214 211 224.25 240 244.75 243.75 236.25 231.75 230.25 218.75 209.75 212.75 206 202.25 186.25 168.25 165 155 166 144.25 143.25 121 120.25 136.5 139.25 152 110.75 131.5 171 191.5 165.25 178.25 192.25 190 178.5 146.25 177.5 169.25 180.75 213.75 209.5 191.25 174.75 205.25 224.75 189.75 177.75
219.5 221.5 219.75 221.5 219.25 216 216.25 216 213.25 216.25 212.75 210.25 213.75 218 216.75 220 218.75 217.5 226.25 225.5 228.5 228 227.5 224.75 219.75 225.75 222.25 222.75 225.5 229 229 238 238.25 243.25 241.25 248.25 240.75 236.25 239.25 235.25 228 225.75 216.5 214.5 203.75 201 186 161 158.25 135 157 153.75 124 121.5 140.5 144.5 121.25 142.25 141.5 138.75 141.75 156.25 181.25 180.5 165.75 143 137.75 138 157 168 167 158 187.25 191.5 186.75 199.25 205.75
226.5 227.25 227.75 226.25 221 219.25 219.25 219.5 219.5 218 216.75 214.25 217.25 225 222.75 222.5 221.25 222.5 228.25 231.25 233.5 229 228.75 228.75 229.5 232.5 233.5 235.25 240.25 242.5 244.25 247.25 248 252 246.5 238 227.75 229.75 236 241.75 228.5 215 218.25 221.25 220.75 209 206.25 197 191 162 156.25 171.25 146 158.25 124.5 119.75 143.5 162.25 125.75 131 109 131.75 119 136.75 156 157.25 144.75 149 165.75 144.25 147.25 127.5 142 138.25 144.75 154 168
232.75 232.25 233 232 230.5 228.75 226.75 224.75 221.25 221.5 220 222.5 225.75 226.5 226.5 227 226.5 227.25 231.5 235.5 237.5 238 232.75 233 236.5 236.5 238.5 243.75 247.75 247.75 249.25 252.75 255.25 255.75 251 247.75 235.5 241.25 245.5 247.5 243 233.75 233.25 227.25 230.25 225.5 219.25 214.5 207.75 200.25 197 196.25 174.25 188.75 174.5 168.25 182.75 185.5 165.5 150.25 161.5 156 126.25 135.75 138 130.75 123.25 138 187.75 180.75 171.25 148.75 137.5 157 140.75 133.25 152.75
239.25 238 237.75 236.5 236 234.5 233.5 230.25 227 227.25 226.5 226.5 226 223.5 226.75 227.5 229.75 233 236.25 239 240 243 246.25 248 250 252.25 254 254.5 254.5 254.5 255.75 257.25 258 259.25 257 255 247 247 248 239.75 239.5 235 229.25 218 217 220.75 210.25 210 201.75 208 214 198 186.75 194.75 201.25 200.75 218.5 191.25 149 171.75 188.5 173.5 170 180.5 169 140.75 133 137.25 176.25 199 173 147.5 169 172 131.25 127.75 138.5
244.5 244.25 243.25 242 241 239.25 238 234 233 232.25 232 229.5 228 228.25 226.5 228 231.5 231.5 232.25 238.75 240.75 245.75 247.75 245.25 251.25 255.75 257.5 258.75 260.25 260 260.75 260.5 259.5 261.25 260.25 260.75 257 254.5 254.75 247.75 235 227.5 221.75 213.5 212.5 222.5 225.5 224.25 219.75 219.25 216 205.5 203.75 191 198.5 217.25 231.5 226.25 219.5 212.75 196.5 173 188.75 202.5 192 171.75 175.5 167.5 210 165 176.75 187 200.75 166.75 160.5 168.25 183
250 248.75 247.75 246.75 245.75 243.25 239.25 237.75 238.5 238.5 236.5 233.25 231.25 229 224.5 223.25 228 223.5 227.5 226.5 234.75 245.25 240.5 228.5 244 243 247.25 251.75 253.75 257.75 262.5 263.75 262 264.25 264 262.75 261 259 259 253.75 246 239.5 234.5 231.5 227 232 227.5 213 203.5 200 199 198.5 194 198.25 201.75 214 230 234.75 225 217.5 206 215.5 195.5 211.75 201 198 212 217.25 194.25 177.75 196.5 222.25 220.5 203.75 194.5 193.25 192
