layers/wordclim/past/Iberia_miroc_10_ascii/bio_1.asc
ncols         205
nrows         142
xllcorner     -11.010633712694
yllcorner     33.273793250999
cellsize      0.083333333333334
NODATA_value  -9999
[rows 102 to 135 of 142, columns 77 to 153 of 205]
155.25 161.75 164.5 168.75 171 -9999 -9999 -9999 -9999 -9999 -9999 -9999 -9999 -9999 -9999 -9999 -9999 -9999 -9999 -9999 167 166 163.5 166 -9999 -9999 -9999 -9999 -9999 167.3333 -9999 -9999 -9999 -9999 -9999 -9999 -9999 -9999 -9999 -9999 -9999 -9999 -9999 -9999 -9999 -9999 -9999 -9999 -9999 -9999 -9999 -9999 -9999 -9999 -9999 -9999 -9999 -9999 -9999 -9999 -9999 -9999 -9999 -9999 -9999 -9999 -9999 -9999 -9999 -9999 -9999 160 180 169.5 169.5 171 168.5
160.5 165.5 170 -9999 -9999 -9999 -9999 -9999 -9999 -9999 -9999 -9999 -9999 -9999 -9999 -9999 -9999 -9999 -9999 -9999 -9999 167 -9999 -9999 -9999 -9999 -9999 -9999 -9999 -9999 -9999 -9999 -9999 -9999 -9999 -9999 -9999 -9999 -9999 -9999 -9999 -9999 -9999 -9999 -9999 -9999 -9999 -9999 -9999 -9999 -9999 -9999 -9999 -9999 -9999 -9999 -9999 -9999 -9999 -9999 -9999 -9999 -9999 -9999 -9999 -9999 163 157 160.25 156.5 159.5 150.5 154 154.5 156.5 153.5 147.75
164.5 168 -9999 -9999 -9999 -9999 -9999 -9999 -9999 -9999 -9999 -9999 -9999 -9999 -9999 -9999 -9999 -9999 -9999 -9999 -9999 -9999 -9999 -9999 -9999 -9999 -9999 -9999 -9999 -9999 -9999 -9999 -9999 -9999 -9999 -9999 -9999 -9999 -9999 -9999 -9999 -9999 -9999 -9999 -9999 -9999 -9999 -9999 -9999 -9999 -9999 -9999 -9999 -9999 -9999 -9999 -9999 -9999 -9999 -9999 -9999 -9999 -9999 -9999 -9999 164 151.25 145.75 148.25 154 157.25 147.75 139.25 149 155.25 150 142
-9999 -9999 -9999 -9999 -9999 -9999 -9999 -9999 -9999 -9999 -9999 -9999 -9999 -9999 -9999 -9999 -9999 -9999 -9999 -9999 -9999 -9999 -9999 -9999 -9999 -9999 -9999 -9999 -9999 -9999 -9999 -9999 -9999 -9999 -9999 -9999 -9999 -9999 -9999 -9999 -9999 -9999 -9999 -9999 -9999 -9999 -9999 -9999 -9999 -9999 -9999 -9999 -9999 -9999 -9999 -9999 -9999 -9999 -9999 -9999 -9999 -9999 156.5 159 150.75 148.5 140.25 145.5 146 149.75 152 148 145.25 150 145.5 153.25 151.75
-9999 -9999 -9999 -9999 -9999 -9999 -9999 -9999 -9999 -9999 -9999 -9999 -9999 -9999 -9999 -9999 -9999 -9999 -9999 -9999 -9999 -9999 -9999 -9999 -9999 -9999 -9999 -9999 -9999 -9999 -9999 -9999 -9999 -9999 -9999 -9999 -9999 -9999 -9999 -9999 -9999 -9999 -9999 -9999 -9999 -9999 -9999 -9999 -9999 -9999 -9999 -9999 -9999 -9999 -9999 -9999 -9999 -9999 -9999 162 159 153.25 151.25 147.75 141 142.5 144 153.25 152 156.25 156.25 157.5 157.5 157 161.5 163 164.75
-9999 -9999 -9999 -9999 -9999 -9999 -9999 -9999 -9999 -9999 -9999 -9999 -9999 -9999 -9999 -9999 -9999 -9999 -9999 -9999 -9999 -9999 -9999 -9999 -9999 -9999 -9999 -9999 -9999 -9999 -9999 -9999 -9999 -9999 -9999 -9999 -9999 -9999 -9999 -9999 -9999 -9999 -9999 -9999 -9999 -9999 -9999 -9999 -9999 -9999 -9999 -9999 -9999 -9999 -9999 -9999 -9999 166 161.25 153.25 149.5 149 146 145.75 146.25 146.75 143.5 149.75 160.5 164.75 166.75 164.75 160.5 162.5 158.5 159.5 160.25
-9999 -9999 -9999 -9999 -9999 -9999 -9999 -9999 -9999 -9999 -9999 -9999 -9999 -9999 -9999 -9999 -9999 -9999 -9999 -9999 -9999 -9999 -9999 -9999 -9999 -9999 -9999 -9999 -9999 -9999 -9999 -9999 -9999 -9999 -9999 -9999 -9999 -9999 -9999 -9999 -9999 -9999 -9999 -9999 -9999 -9999 -9999 -9999 -9999 -9999 -9999 -9999 -9999 -9999 -9999 171 166.5 155.5 152 150.75 148 147.25 146.25 149.25 144.25 149.25 154.5 161.25 163.5 161.75 159 157 154 157 154.5 147.25 153
-9999 -9999 -9999 -9999 -9999 -9999 -9999 -9999 -9999 -9999 -9999 -9999 -9999 -9999 -9999 -9999 -9999 -9999 -9999 163 161.5 165 -9999 -9999 -9999 -9999 -9999 -9999 -9999 -9999 -9999 -9999 -9999 -9999 -9999 -9999 -9999 -9999 -9999 -9999 -9999 -9999 -9999 -9999 -9999 -9999 -9999 -9999 -9999 -9999 -9999 -9999 167.5 170.5 168.25 165.75 157 156 156 157 156 157.25 157.75 160.25 161 162.75 161.75 154 151.75 153.5 158.5 153.25 145.75 144.75 147.25 137.5 142.75
-9999 -9999 -9999 -9999 -9999 -9999 -9999 -9999 -9999 -9999 -9999 -9999 -9999 -9999 -9999 -9999 -9999 -9999 162.6667 162.3333 168 -9999 -9999 -9999 -9999 -9999 -9999 -9999 -9999 -9999 -9999 -9999 -9999 -9999 -9999 -9999 -9999 -9999 -9999 -9999 -9999 -9999 -9999 -9999 -9999 -9999 -9999 -9999 -9999 163 157.5 165.75 165 166 165.5 162.5 156 155 153.25 151.75 153.25 161.75 162 162.25 161.25 158.25 154.75 157.25 151.75 151 147 144.75 142.25 137 132 139.5 131
-9999 -9999 -9999 -9999 -9999 -9999 -9999 -9999 -9999 -9999 -9999 -9999 -9999 -9999 -9999 -9999 -9999 -9999 166 -9999 -9999 -9999 -9999 -9999 -9999 -9999 -9999 -9999 -9999 -9999 -9999 -9999 -9999 -9999 -9999 -9999 -9999 -9999 -9999 -9999 -9999 -9999 -9999 -9999 -9999 -9999 -9999 172 167 147.75 154.75 163 164.75 165.25 163.25 158.5 158 159.25 154.75 151.75 156.75 163.5 163.75 161.75 156 155.5 156.5 153 156.25 150.25 143.25 145.5 141.5 134.75 130.75 133.5 138.25
-9999 -9999 -9999 -9999 -9999 -9999 -9999 -9999 -9999 -9999 -9999 -9999 -9999 -9999 -9999 -9999 -9999 -9999 -9999 -9999 -9999 -9999 -9999 -9999 -9999 -9999 -9999 -9999 -9999 -9999 -9999 -9999 -9999 -9999 -9999 -9999 -9999 167 -9999 -9999 -9999 166.5 168.5 164 164.25 162 165 165.25 154.5 153.5 157.5 158.5 158.75 164 162.5 163.75 163.5 162.25 158.75 161 163.75 164.75 163.75 159.75 154.75 150.25 153.75 149 155.25 142.75 136.5 130.75 134 141 136.75 127 136
-9999 -9999 -9999 -9999 -9999 -9999 -9999 -9999 -9999 -9999 -9999 -9999 -9999 -9999 -9999 -9999 -9999 -9999 -9999 -9999 -9999 -9999 -9999 166.5 -9999 -9999 -9999 -9999 -9999 -9999 -9999 -9999 -9999 -9999 -9999 -9999 -9999 -9999 -9999 -9999 170 165 158.75 151 150 145.25 149.5 157.75 155.75 152.5 155.5 155.75 161.5 164 164 164.25 163.75 160.75 157.75 156.5 160.25 163.5 161.25 152.75 146.25 146.5 147.25 144 149.25 147 141.25 138.25 132.75 133.5 132.25 128.75 127.5
-9999 -9999 -9999 -9999 -9999 -9999 -9999 -9999 -9999 -9999 -9999 -9999 -9999 -9999 -9999 -9999 -9999 -9999 -9999 -9999 -9999 -9999 -9999 -9999 -9999 166 165 -9999 -9999 -9999 -9999 -9999 -9999 -9999 -9999 -9999 -9999 -9999 -9999 170 164 155.5 153.25 152.75 154 157 158.25 156.5 154 153.75 150.25 155.5 162 164 163.75 162.75 157.75 155.5 148.75 146.75 154.75 159.25 159.25 154.25 148 144 142 138.5 141.75 150.25 144.75 138.75 140 134 135 129.5 129.25
-9999 -9999 -9999 -9999 -9999 -9999 -9999 -9999 -9999 167 -9999 -9999 -9999 -9999 -9999 -9999 -9999 -9999 -9999 168 166 167.5 168 -9999 -9999 166 -9999 -9999 -9999 -9999 -9999 -9999 -9999 -9999 -9999 -9999 -9999 169 169 166.5 158.25 154.75 156.25 159 159 158.75 158 156.25 153 149 149 148.75 155.25 154.75 152 156.75 152 147.5 142 143.5 152 155.5 159.75 156.75 150.75 144.25 139.25 137.5 141 140.25 140.75 137.25 135.25 133.5 130 128.25 128.25
-9999 -9999 168 163 164 167 -9999 -9999 -9999 -9999 -9999 166.5 -9999 -9999 -9999 -9999 -9999 168 163 157.25 161.5 165 167.5 -9999 -9999 -9999 -9999 -9999 -9999 -9999 -9999 -9999 -9999 -9999 -9999 -9999 167.6667 165.5 165 162.75 160 159.25 158.25 157.5 157.25 157.5 154 144.25 137.5 138.5 141 144.5 146.75 145.5 154.25 149.5 146 146.5 149.5 150 152 153 153.75 155.25 155.25 152 147.75 141.25 136.5 135.75 131 130 129.25 128.75 127.75 128 129.5
-9999 -9999 -9999 163 163 166 -9999 -9999 166.5 166 164 162 165 166.5 166.75 166.5 164.5 162.25 156.25 156.75 161.75 164.25 166.75 168 167.5 167 -9999 -9999 -9999 -9999 -9999 -9999 -9999 -9999 166.5 165.25 163.5 160.5 159 158.25 157 156 154.5 154.25 149.5 146 138.75 133.75 139 141 144 145.5 141 144.75 153 148.5 150 150.25 149.25 146.5 146 143 146.25 144.75 144.5 141.25 138.75 141.25 139 134 129.5 130.25 129.25 128 127.5 128.75 130
165.3333 167.5 168 168.5 166 160 157.3333 154.75 157.75 155.5 150.25 156 159.25 160 162.25 160.5 159.5 156.25 151.25 153.5 162 164 165.25 165.5 164.5 163 162 162.75 164.75 164.25 164 163.75 163.5 163.5 162.25 158.75 153.25 157.25 156.25 154.5 150.5 148.25 146.75 146 139.5 134 137 138.75 139.75 139.5 137.5 137.75 140.25 148.75 149.25 148.25 148.5 148 140.75 134.5 137 142.75 149.75 143 134.25 142 129.5 130 133.25 130.75 131 128.75 127.25 125.5 125.75 126.75 126.75
150.25 155.25 159.25 154 146.5 144.75 147.5 147 153.25 153.5 142.25 150.75 149.25 144 147.25 150.25 152.75 154 151.25 158.75 164 165 165 164.75 162.25 159.25 158.25 159.5 160.75 161.5 160.25 159 158 155.75 150.25 149.75 152.5 157.5 152.25 149.75 144 142.25 141.75 137.25 132.75 136 136.75 137 137.5 138 137.75 141 146 150.25 150.25 148 148.75 146.25 139.75 135.75 134.25 146 147 145 137 140.75 133.5 128.5 128.75 126.5 128 125.25 123 123 123 118.25 116.5
124 142.25 145 147.75 145 140.25 141.75 146.75 147.25 145.25 132.75 142.75 134 140.25 146.75 150.5 154.25 154.5 152 161 165.25 167 166.25 164.75 161.5 158.75 159.5 158.25 157 154.75 155.25 153.25 151.75 151 146 148 153 157.5 156 156.75 152.5 148.75 146.25 137.25 133.75 135.25 135.75 134.25 135 136.25 140.25 143.75 143.75 146.25 146.75 149 145.25 145.75 144.25 143.75 139 139.25 145 142.75 138 138.75 138.25 129 123.75 122.25 124 120.25 118.75 117.5 113.75 113 111.25
115.25 114.5 114 119 123 129.5 129.5 125 130.5 136 114.25 119 143.75 148 148.75 149.75 153 154 157 161 164 162.75 158 156.5 159 162.75 160.75 158.5 156.5 152.5 148.75 149.25 148.75 145.75 139.5 148.5 154.25 155 153.75 152.5 147.25 139.75 142.75 134.75 133.5 133.5 132.75 131.75 135.25 135.5 139.75 140.25 140.25 145.75 144.25 143.75 143.5 142.5 140.25 137.75 133 132.25 137.75 139.25 137 129.5 128.25 127.75 120.75 120.75 121.75 120.5 118 116.5 113.5 114 114.5
90 87.25 96.75 112.75 121.5 106.25 89 107 132.25 130.25 122.75 138.5 142.25 144.5 145.5 145.75 146.75 151.25 153.25 154.5 161.75 169.75 171.25 169 166.75 164 160 155.5 149.75 147.5 145.25 145.75 142 142 147 151.5 150 150.75 145.75 144.25 134.25 135.5 136.75 130.75 127.75 125.75 128.5 126.25 134.75 134.5 135.5 139.5 141.25 143 139.75 134.5 141.5 141.25 132.75 131.5 129.75 128 131.25 133.75 135.75 134 130.5 128 123.25 123 123.25 121.5 121.5 119.5 118.5 119 118.5
74.25 79.75 94.75 90.25 100.5 102 95.5 115.25 108.75 117.5 127.75 131.25 141.25 144.75 144.75 147.25 148.25 140.25 138 153 157 164.5 169 163.5 154.5 146.25 139.25 133 119 130.5 143.75 147.5 147.75 148 148.5 149.5 145 137 124.75 116.75 121.5 123.25 122 119.5 117 120.75 125.25 127.75 131 131.25 132.25 136.75 135 137 139.5 137.25 139.25 133.5 128.75 129.5 125.75 124 128.75 132.5 133.75 133.25 129.75 126.75 125.5 125 124.75 123.75 122.5 122 122 122.5 123
114.25 104.75 107.75 110.5 106.25 118.5 108 105.75 99.5 101.5 110 133 140.5 142 138.75 141.75 147 142.25 147.5 154.25 154.5 159 152.5 145.75 133 128.75 132.75 130.25 131.75 139.25 140.5 146 147.5 147.25 146.25 146 135.5 123 116 110.25 112.5 113.75 112.25 113.5 118.5 120.25 120.75 120 119.75 118.5 126.25 133 125.25 125.5 134.5 131.25 130.75 126.25 125.75 124.75 122 123.75 127.25 128.75 129.5 127.75 127.25 127.25 127 127 126.25 125.25 125 124.75 125 124.75 125.25
140.25 118.5 123.5 137.75 128 122.25 106 100.5 111.5 112.25 120 127 131.75 131 139.75 141.25 132.5 147 152.25 156.75 153 154.75 147.25 138.5 138.75 139 138.5 139.75 139.5 137.5 139.75 143 144 143 137.5 128.75 131.75 129.75 124.5 125.5 117.75 112 111.5 115 112.5 115.75 111 108 112.25 120 125.5 120.75 120 119.5 123.75 124.75 125.75 125.25 124 123.5 127 128 128.5 129.5 128.75 129 129.5 128 128.5 128.75 127.25 126.5 126.25 126.75 127 127 127.5
148.25 140.25 138 118.5 118.75 109 106.5 107.5 122.75 116.75 121.5 117.75 100 111.25 139 144 144.25 151.5 155.25 156.5 155 152.25 149.75 145.75 142.75 139.75 137.5 136.75 134.75 134 136.25 134.5 133.25 122 114.25 115.25 110.75 115.5 123.5 122.5 118 116.5 114 111 112.75 112.5 109 111.5 115.75 118 116 113.5 114.75 119 122.5 125.25 124 125.5 127.25 127.25 129.25 129.5 130 130.5 130.75 132.25 131.5 130.25 130.75 129.5 129 128.5 127.5 128 127.75 127.75 127.5
150 132 134.25 131 128 127 125 122.25 128 132.5 135 123.5 123.25 121.5 145.25 149.75 153.25 154.5 151.75 150 148.25 146.25 142 138 133.25 134.75 133.25 131.5 123 119.5 126.25 122.75 122.5 118.25 109.5 104.75 104.75 112.75 119 120.5 120.5 118 115.25 113.75 114 112.75 112.25 113.75 114 113.5 113.25 115.5 118 121.25 124.5 125.25 124.75 128.25 130.25 130.5 130.75 131.5 131.25 132 133 133.5 133 132.75 131.75 130.5 129.5 129 128 127.75 127 127 125.5
155.25 155.5 150.5 143.5 140.25 131.5 125 134 127.25 136 135.25 127.25 139.75 149.25 154.25 154.75 155.75 153.75 149 147 145 141.25 135 130.25 126.5 128.25 125 123.5 121 116.25 122.5 123.25 121 120.5 116.5 113.75 114.75 115 119.5 120.25 119.5 118 115.25 112.5 113 112.75 112.5 113 113.75 115 116.5 118.75 120.75 123 126.25 127.75 130 130.5 131.5 132 132.75 133 133.5 134.25 134.25 134 133.5 133 132.25 130.25 129 128.25 127.5 127 125.25 126 125.75
160.5 156 147.25 136 136.25 147.25 140.25 140 139.25 144.75 143 147.25 153.75 156.5 158.25 158.5 155.5 150.25 147 142.5 142 132.25 120.5 114.75 109.5 117 121.75 118.75 112.5 115 117 115.5 118.25 119.25 120 121.75 120.5 120.5 120.25 118.5 116.75 114.75 114.5 113.25 113 113.75 114.25 115.75 117 119 120.75 122 123.75 125.75 128 129.5 131 131.75 132.5 133 133.75 135 135.5 135.5 135 134 134 133 131 129.75 129.75 129.25 128 126.5 126 125.25 124.25
150.75 152.5 149.25 153.5 151.25 148.5 150.75 149 147.5 146.5 149.75 153 155.5 156.75 159.75 158.5 153.25 148.25 144.75 141.5 138.5 130.5 131.75 124.5 122.25 124.25 125.5 127.25 126 123.75 122.25 121.75 122.5 122.75 123.75 124.25 123 120 118.75 116.75 113.25 114 114.25 114.25 115.5 117 117.25 118.5 120.5 122.75 124 125.5 126.5 128 129.5 131 131.75 133.25 134.5 135.25 136 136 136 135.5 133.25 133.25 132.75 131.75 131.25 129.25 128.75 128.5 127.5 126 124 122.5 123
158 160.75 157.75 155 145.75 137.75 124.75 136.25 140.75 144.25 148.25 151.75 154 155.5 157.75 154.25 148.75 145.25 142.75 140 136.25 130.25 128.5 132.25 125.75 123 125 127 128.25 129.5 127.5 124.75 125 125.5 123.5 120.75 117 116.5 117.75 117.25 116 116.5 117 117.75 118.25 119.5 120.75 121.5 123.5 125.25 126.75 128 129.5 131.75 133.5 134 133.75 135.5 136.5 137 136.75 136.25 136.5 136 134.25 134 133.25 131.5 130.5 129.25 128.25 126.5 125.75 123.25 121.5 121.5 122.75
162.5 155.5 147.75 138.25 110.5 105 99.75 115.5 126.75 142.25 145.5 146.5 149 153.75 154 147.75 143.5 141 135.25 134 131 126.25 121.75 118.5 117.75 119 120.75 124 125.5 129.75 130.5 128 126.75 125.25 121.25 119.75 120.75 121 120.5 120.25 120.25 120 120.5 121 121.5 122.75 124.25 125.25 126.75 128.75 130.75 132.5 133.25 133.5 135.25 135.75 136.5 136.5 135.75 136 136.5 136.5 136.75 135.75 134.25 133.75 131.5 130.25 128.5 127.75 127.25 126 123.5 122.25 120.5 119.25 121.25
152.5 145.5 138.75 133 113.5 107.25 110.5 124.5 137.5 142.5 138.75 140 147 152.25 145.25 140.5 138 118.5 118.75 107.5 109.5 113.75 111.75 115.5 118.75 120.75 122.25 124.25 126.5 130 130.75 128.25 127 125.5 125 124.75 124.5 124.25 123.5 123.5 123.25 124 124 124.25 125.25 126.5 127.25 128.25 129.25 131 134.25 134.25 133 134 136.5 135.25 135.5 135.5 136 135.75 135.5 135.5 134 133.5 133.25 132.75 131.25 129 127 126.5 124.5 126 124.25 121.5 118 118.5 116.75
140.5 131.75 124.5 106 107.75 110.75 116 125.25 126.25 122.25 116 124.75 137.75 146.75 137.75 133.5 127.25 108.25 100.5 102.25 104.5 107 108.25 115.5 120.75 122.75 124 125.5 127.25 131 130 130.5 129 127.75 126.5 126.5 126.75 127 127 127 127 127.5 127.75 128 128.5 129.25 130.25 131 131.75 133.25 135.5 134 134 135.75 136.25 136 136 134.5 133.75 134.25 135 134.25 134 133.75 133.25 131.75 129.5 128 126 123.25 124.75 125.5 123.5 121 117.25 115.75 117.5
128.25 123 123 123 114.25 92.25 96 107.25 97.25 119.75 111.5 115 134.75 138.75 127 112.5 107 103.75 104 107.25 111.5 114.25 116.5 119.5 123.25 124.75 126 126.75 128 131 130.5 129.25 129.25 131 131 130.75 130.75 130 130.25 130 130.25 130.5 131 131 131.75 132.5 132.75 133.25 133.25 135 136.25 135.5 137 137.75 137.25 137 135.75 133.75 131.5 131.25 133.25 133.5 133.25 132.25 131 130.75 128 126 121 120.75 123.75 122.5 121.5 118.75 117.25 120.25 122.25
