layers/wordclim/past/Iberia_miroc_10_ascii/bio_19.asc
ncols         205
nrows         142
xllcorner     -11.010633712694
yllcorner     33.273793250999
cellsize      0.083333333333334
NODATA_value  -9999
[rows 35 to 69 of 142, columns 0 to 76 of 205]
-9999 -9999 -9999 -9999 -9999 -9999 -9999 -9999 -9999 -9999 -9999 -9999 -9999 -9999 -9999 -9999 -9999 -9999 -9999 -9999 521 543.75 567.5 601 630 662.5 742.25 882.5 814.25 798.75 766.75 833 728.75 655.5 645.75 695.5 654.25 660.75 655.25 632.5 615 660.5 720.75 735.5 708.25 629 533 589.5 616.5 636 636.5 583 509 494 478.5 415.25 361.5 316 290.25 268.25 248 231.25 215.75 209 201 196.5 195.25 192 190.25 190.25 190 192 191 191.25 189 187 188.25
-9999 -9999 -9999 -9999 -9999 -9999 -9999 -9999 -9999 -9999 -9999 -9999 -9999 -9999 -9999 -9999 -9999 -9999 -9999 -9999 546 577.5 585.25 611.5 628 779.5 805.5 869.5 736.75 731.75 714.75 704.75 708.25 821 849 821 774.75 719.25 666 637.25 629.5 640.25 604.5 661.75 632.5 600.25 588.25 613 629.25 646.75 616.75 482 444.5 426.75 396.75 362.5 330 299.25 277 255.75 238.25 227 213 203.25 194.5 190.75 187.5 186.5 184 184 187.5 186.75 185 185 182.75 179.75 178.25
-9999 -9999 -9999 -9999 -9999 -9999 -9999 -9999 -9999 -9999 -9999 -9999 -9999 -9999 -9999 -9999 -9999 -9999 -9999 -9999 550 609.5 604.25 611.75 618.5 791.75 810.5 730.5 770.75 825.25 816.75 779.75 885.5 878.5 867.75 803.5 741.75 744.5 734.5 682.25 661 650.75 564 611 613.75 569.25 588.75 571.75 572.75 568.25 569 472.25 443 413.75 383.5 353.75 324 296 271.25 250 232.5 217.25 207 195.5 188.25 184.75 182.75 181.75 178.5 180.5 182 181 181.75 180.5 179.5 177.75 178
-9999 -9999 -9999 -9999 -9999 -9999 -9999 -9999 -9999 -9999 -9999 -9999 -9999 -9999 -9999 -9999 -9999 -9999 -9999 -9999 561 626 626 620.25 629.75 736.5 727 817 815.75 868.75 786 813 883.5 804 731.75 748.25 814.25 802.75 801.5 779.75 682.25 621.25 538.75 580.75 605 564.75 542.5 566.75 532.25 515.25 510.25 445.75 419 396 384 356 336 310.75 280 253 231.25 214.25 201 189.25 182.75 179.25 176 173.25 173.5 175.75 178.5 178.5 178.75 182 182.75 183.25 181.5
-9999 -9999 -9999 -9999 -9999 -9999 -9999 -9999 -9999 -9999 -9999 -9999 -9999 -9999 -9999 -9999 -9999 -9999 -9999 -9999 588 638.75 627.5 629.5 645 703 781.25 869.25 790.75 842.25 742.75 716.75 730 829 835.5 899.25 864.25 852 813.75 780.25 716 666.25 551.5 576.25 620 548.5 537.5 523.75 509.25 504.5 470.5 421.75 423.5 385 361.5 344.5 319.75 300 284 260.75 225.75 208.25 193.75 185.75 174.75 171.25 169.5 170 169.5 171.75 173.25 179 183.5 185.75 186.5 183.5 179
-9999 -9999 -9999 -9999 -9999 -9999 -9999 -9999 -9999 -9999 -9999 -9999 -9999 -9999 -9999 -9999 -9999 -9999 -9999 -9999 -9999 624.25 622.5 651.25 668 716 792.75 751 726.5 752.5 785.75 791.5 784 826.25 874.25 838.25 809 821.75 800.5 762 700.75 617.25 554.5 614.25 605.5 545.5 512.75 511.75 535.75 541.25 473.25 429.25 412 375 363.75 348.75 316.5 284.25 267 247.5 225 201.5 187.5 178.25 170 165.25 166.75 166.5 165.75 169 176.5 179.75 183 184.5 186.5 184 179.75
-9999 -9999 -9999 -9999 -9999 -9999 -9999 -9999 -9999 -9999 -9999 -9999 -9999 -9999 -9999 -9999 -9999 -9999 -9999 -9999 -9999 600.6667 650.25 676.5 691 706.25 723.25 748.75 766.5 754.5 730.25 699.5 738 745.25 757.25 801.25 815.5 832 794.25 740.5 641 607.75 662 633.5 564 505.75 475.5 489 524.25 542.25 484 448.5 401.5 368.5 359.25 337.75 316.75 287 259.5 235.25 214.25 194.5 179.25 170.5 163 161.25 161.5 164 166 168.75 172.5 173.25 179 184.5 186.75 183.25 182
-9999 -9999 -9999 -9999 -9999 -9999 -9999 -9999 -9999 -9999 -9999 -9999 -9999 -9999 -9999 -9999 -9999 -9999 -9999 -9999 -9999 -9999 648.6667 678 690 696.5 722.75 759.25 739.25 712.5 684.25 713.5 716 728.5 753.5 808 831.5 799.75 694.75 699.5 693 681.5 705 594.5 523.75 489 487 510.5 519.5 484.5 463.25 414 391.25 366 352.5 332.5 305.25 277.75 253 235.5 208.75 190.75 175 161.5 156.75 160 158.25 159 159.25 161.5 163.5 171 175 177.25 177 180.25 177.5
-9999 -9999 -9999 -9999 -9999 -9999 -9999 -9999 -9999 -9999 -9999 -9999 -9999 -9999 -9999 -9999 -9999 -9999 -9999 -9999 -9999 -9999 619 659.5 683.25 688 692.75 706.25 717.5 715 720.25 728.5 699.25 738.25 785.5 764 680 682.75 751.5 809 769 741.75 676.25 608.25 561.5 486.25 483.5 504.25 516.75 463.25 443.75 398.25 368.5 357 346 330.25 296 275 252 226 207.5 183.5 165.75 154.75 150.5 153 152.5 152 152.75 156 158 161.75 164.5 168.5 171.75 171 171.75
-9999 -9999 -9999 -9999 -9999 -9999 -9999 -9999 -9999 -9999 -9999 -9999 -9999 -9999 -9999 -9999 -9999 -9999 -9999 -9999 -9999 -9999 600 634.5 663.25 672.25 684.5 707.75 706.75 703.75 703 687.25 712.5 710 779.5 758 659.75 773.5 866.25 805 779.75 739 646.75 603.75 566 501.5 507.5 535 536.75 461 414.5 406 402.5 370.75 348.25 319.5 290.75 277.25 257 229.75 205.5 187.5 170.25 161.75 157.5 154.5 153.75 153.25 150.75 152.5 155.25 158.75 161.5 165.5 166.5 166.25 169
-9999 -9999 -9999 -9999 -9999 -9999 -9999 -9999 -9999 -9999 -9999 -9999 -9999 -9999 -9999 -9999 -9999 -9999 -9999 -9999 -9999 -9999 -9999 606.5 638.25 651.5 671 693 694.75 682.25 701.25 724.25 732.75 703.5 725 690.25 727.25 816.25 828.75 743 761.75 696.75 691.25 573.5 559 560.25 526 459.25 474.75 439 437.25 444.75 422.25 383.75 336.5 316.5 302.75 279.75 256.25 236 214 194.75 178.5 170.75 162.5 158.5 154.75 151.75 155 155 155.25 155 157.5 159.75 160.25 161.5 162.75
-9999 -9999 -9999 -9999 -9999 -9999 -9999 -9999 -9999 -9999 -9999 -9999 -9999 -9999 -9999 -9999 -9999 -9999 -9999 -9999 -9999 562 590.3333 618.5 635.25 643 654.5 685 683 677.75 698.75 718.5 684.5 688 675 700.75 808.5 852.25 706.25 713 734.5 660.5 651 620 661.5 613.25 481.5 481 459 426.75 440.5 439 398.25 364 346.25 324.25 299.5 277.5 256.75 237.75 220.75 209.5 192 177 171 164 157.25 152.5 154 154 152 151.75 152.25 152.75 155 157.5 159
-9999 -9999 -9999 -9999 -9999 -9999 -9999 -9999 -9999 -9999 -9999 -9999 -9999 -9999 -9999 -9999 -9999 -9999 -9999 -9999 -9999 557 575.6667 600.25 620.75 635.25 641.5 656.75 655.75 652 657.75 678.25 700.25 688 687.5 805 782.75 711.5 634 668.5 643.75 599.25 623.5 595 586 575 480.25 509.25 517.5 467 459 420.5 414 381 360.25 339.25 309.75 283.25 255.5 236.5 220.25 205 188 175.5 167.75 168.25 163.5 157.5 153.75 153 151 151 151 151.25 152 153 155.75
-9999 -9999 -9999 -9999 -9999 -9999 -9999 -9999 -9999 -9999 -9999 -9999 -9999 -9999 -9999 -9999 -9999 -9999 -9999 -9999 -9999 556.75 587.75 600 607.75 616.25 616.5 609.25 636 635.25 630.75 661.25 657 685 717.5 705.25 766 824 740.25 765 743 724 684 640 604.75 569 492.25 495.75 493.5 454.25 420.25 430.25 420.5 391.75 364 340 317.5 292 264 237.75 218.25 199 183.75 173 168 166 162.25 158.5 154 153 151.5 151 148.75 148 149 148.25 151.5
-9999 -9999 -9999 -9999 -9999 -9999 -9999 -9999 -9999 -9999 -9999 -9999 -9999 -9999 -9999 -9999 -9999 -9999 -9999 -9999 533 556.25 570.25 579.25 591 601.25 600 587.25 618.75 649.75 647.5 662.25 692.25 710.5 850.5 889.5 953.75 891.25 829.25 826 765.75 730.5 756.25 733.5 643.25 566 500.5 493 455.25 436.75 437 427.75 413.5 388.5 370.5 345.5 323 296.25 272 251.5 226.25 206.5 188.5 176.25 175.5 171.25 166.5 163.5 158.5 154.5 152.25 150.5 148.5 148.25 146.5 145.75 146.75
-9999 -9999 -9999 -9999 -9999 -9999 -9999 -9999 -9999 -9999 -9999 -9999 -9999 -9999 -9999 -9999 -9999 -9999 -9999 -9999 528 545.25 562.25 584.75 593.25 595.5 591.75 588.75 605.75 640.75 679.75 727.5 750 753 750.75 778 804.25 824.25 855.75 853.25 812.75 728.5 743.75 741.75 665 576 525.5 538.75 522.25 478.25 467.25 452 423.75 395 367.75 347.75 318.75 295.75 278 257.5 233.5 215.25 200.5 192.5 186.75 177.75 168.75 166.5 161.75 159 157 152 148.75 145.5 143 142.5 142.25
-9999 -9999 -9999 -9999 -9999 -9999 -9999 -9999 -9999 -9999 -9999 -9999 -9999 -9999 -9999 -9999 -9999 -9999 -9999 -9999 -9999 534.5 570 580.75 586.25 587.25 583.75 584.25 588 614.25 651 737 818 857.25 839.75 723.75 747.5 774.75 801.25 808.25 793.5 772.25 729.75 738.25 656.5 579 555.5 536.75 539.5 509.5 461.25 445.75 433.25 407.75 379.5 349.25 323.5 299.5 278.5 260.25 242.75 231.5 219.25 210.25 201.25 186 177 169.5 166.25 162.75 160 156.5 150.5 144.5 140.25 138.5 139
-9999 -9999 -9999 -9999 -9999 -9999 -9999 -9999 -9999 -9999 -9999 -9999 -9999 -9999 -9999 -9999 -9999 -9999 -9999 -9999 -9999 547 553.5 565.5 568.75 568.5 569.5 578.25 575.75 592.25 629.25 700.5 685.5 701.5 682.25 677.25 716.75 743.75 743.25 738 724.25 719.5 724.75 711.25 651 603 590.25 556.75 532 525 485.5 451.75 429.75 413.5 383.75 350.5 330.25 309.75 288.75 275.5 262.5 249.5 237 222.5 204.75 189.5 184 176.75 171 170.5 171 166 158 151.5 147.5 139.5 137
-9999 -9999 -9999 -9999 -9999 -9999 -9999 -9999 -9999 -9999 -9999 -9999 -9999 -9999 -9999 -9999 -9999 -9999 -9999 -9999 -9999 505.3333 519.5 533.5 542.5 550 558.75 565.75 569.25 580 587.75 629.75 710.5 733.25 818.25 715.25 709.25 711.5 677.5 677 696.5 702.75 650 607 617 638.5 619 581.75 554.5 530.5 499.25 458 422 413.75 389.75 362.25 342.5 326 310 283.5 270.25 260 246 223.5 207.5 203 193.25 190.75 189 184 193.25 190 192.75 179.5 158.5 141 138
-9999 -9999 -9999 -9999 -9999 -9999 -9999 -9999 -9999 -9999 -9999 -9999 -9999 -9999 -9999 -9999 -9999 -9999 -9999 -9999 483 496.75 507 518.5 526.75 538 551.25 558 568.25 564.25 574.5 601.5 687.75 818.25 716.25 669.5 656.75 657.5 680.25 683.5 661.75 630 667.75 720.5 666.75 697.25 648.25 600.75 566 542.75 504.25 457.5 419.75 390.5 376.25 384.75 369.75 357 330.5 331 291 256.5 244.75 233.75 219.25 211.5 214.75 213 216.75 222.75 219 190.75 170.5 158.5 156.25 153.25 156.75
-9999 -9999 -9999 -9999 -9999 -9999 -9999 -9999 -9999 -9999 -9999 -9999 -9999 -9999 -9999 -9999 -9999 -9999 -9999 467 475.75 483.5 492 506 514.5 527 541.75 550.5 559 562.25 560.25 598.25 680.5 691.5 625.75 623.5 631.5 640.5 638.25 653.75 683.25 824.75 867.25 793 732.25 688.25 643.75 600.5 566.75 557 503.75 455.75 444.5 416.75 390.5 382.25 390.5 410 354.25 284.75 252.75 251.25 245.25 240.5 229.5 220.5 213.5 205.75 201.75 228 286.75 249.75 228.75 225.5 201.5 177.25 151.75
-9999 -9999 -9999 -9999 -9999 -9999 -9999 -9999 -9999 -9999 -9999 -9999 -9999 -9999 -9999 -9999 -9999 432 443.3333 461.75 471.5 471.75 472.75 487.25 500.75 514.5 533.25 544.75 553.25 562.5 555.5 597.5 613 598 606.25 603.5 612.75 631.5 656.5 714.5 960.75 954 774.5 685.5 625 674.75 638.5 592 580.75 555.5 509.25 487.5 460.5 432.5 421 426 370.75 309.5 284.5 250.75 260.5 256.5 250.75 279.25 258.25 229.75 226.25 265 310.75 305.75 263.25 230.5 220.5 177 151.25 147.5 149.25
-9999 -9999 -9999 -9999 -9999 -9999 -9999 -9999 -9999 -9999 -9999 -9999 -9999 -9999 -9999 -9999 -9999 426.5 438.25 449.25 457 459.25 456.5 471.75 487 507 526 535.25 544.75 553 554.75 595.75 597.25 572.5 584.75 603 627.25 652.25 673.25 825 1070.5 1020.25 706.5 599.25 578.25 611 634 614.75 611.25 591 539 501.25 475.75 451.5 431 361.25 334 292 262.25 271.25 271.75 268.25 330 429.5 321.25 251.5 252.5 275.25 282.75 270.25 280.25 233.75 232 224.5 190.5 182 178.25
-9999 -9999 -9999 -9999 -9999 -9999 -9999 -9999 -9999 -9999 -9999 -9999 -9999 -9999 -9999 -9999 -9999 413 426.75 438 448 449.5 446 459.75 476 502.75 517.75 522.5 534.5 531 529 593.5 585.5 578.5 582.25 584.5 636.5 740.5 785.5 751.5 766 729.75 601.25 595.75 581.5 560.75 580 614.25 569 548.75 560.5 483.5 458.25 389.5 362.75 325.25 307.25 277 252.75 244 246.5 296 333.25 314.5 376.75 332 370 317.75 360.5 307.25 217 172 181.75 161.5 147.5 148.5 150.25
-9999 -9999 -9999 -9999 -9999 -9999 -9999 -9999 -9999 -9999 -9999 -9999 -9999 -9999 -9999 -9999 -9999 399.5 414 423.75 433.5 434.5 434.75 448.5 464.25 499.5 504.75 500 506 514.25 540.75 556.75 556 572.25 613.25 670.75 711.25 793 799.5 648.25 623.75 598.25 587 578 543.75 534.5 518.75 497.5 453.5 431.75 458.25 408 360.25 335.75 323 323.5 289.5 266.5 254.75 245.75 308.75 293.25 287.25 308.5 305.75 305.25 247.75 187.5 185.75 178.25 165.25 156 152.25 152 157.75 162 155.75
-9999 -9999 -9999 -9999 -9999 -9999 -9999 -9999 -9999 -9999 -9999 -9999 -9999 -9999 -9999 -9999 -9999 399 404.25 412.75 421.5 423 426 439 452.75 473.5 486 497 497.5 520 554.25 558.75 605.25 729.75 735 718.75 714.5 705.5 632.25 658.75 676.5 706.25 610.75 545.5 511.75 501.75 502 486.75 439.75 414.25 391.5 353.5 332 327.75 318.25 300.25 273.5 261 249.5 255 253.75 275.5 261 212.5 199.25 183.75 177 169.5 164.75 163.25 162.5 162.5 160 157.75 159 155.75 152
-9999 -9999 -9999 -9999 -9999 -9999 -9999 -9999 -9999 -9999 -9999 -9999 -9999 -9999 -9999 -9999 -9999 382.5 391.5 399.75 404.5 412.25 420.5 431.5 448.5 470.5 488.25 486.5 492 547.25 563.75 570.75 668 673.5 631.25 619.75 636.75 634.5 637.25 674 567.75 572.25 543 504 496.75 471.75 467.5 456.25 441 393 377 347.25 329 312.25 296 280.25 265 259 259.5 251.75 233 220.75 210 198.25 188.25 183 177 172.75 169.5 166 164 163 163 161.5 155.25 154 155.25
-9999 -9999 -9999 -9999 -9999 -9999 -9999 -9999 -9999 -9999 -9999 -9999 -9999 -9999 -9999 -9999 -9999 375 377 387.25 391.75 399.5 408.75 421 443.5 457 479.25 487.25 493.25 549.5 536.5 560 596.5 583 586.25 651.25 670.5 670.5 647.75 577.5 523.5 529.25 520.25 499 465.5 447.25 435.75 422.75 407 382.25 371 343.75 329.25 316.75 299 276.75 270.25 270.75 258.5 245 224.75 210.5 204.5 197.75 192.5 189 182 177.5 175.5 173.5 169.25 167.5 164 161.5 164 161.25 159
-9999 -9999 -9999 -9999 -9999 -9999 -9999 -9999 -9999 -9999 -9999 -9999 -9999 -9999 -9999 -9999 -9999 368.6667 364.5 373.75 380.5 387 395.5 412 437.25 440.25 467.75 489 502.75 519.5 517.25 552.25 538.5 551.75 570.25 581 651 683.25 579.5 524.25 510 510.5 503.5 456.25 430.25 424.75 421.75 412.75 388.75 377.25 357.75 345.75 323 311.75 307.5 303.25 289.75 278.75 256.5 237.75 226.25 215.25 211.5 201.75 199.5 199.5 188.75 184.25 183.75 181 173.25 172.75 168.5 170 171.75 169.5 166.5
-9999 -9999 -9999 -9999 -9999 -9999 -9999 -9999 -9999 -9999 -9999 -9999 -9999 -9999 -9999 -9999 -9999 349.5 360.5 361.25 367 370 376.5 414.5 435.25 440.25 447.75 476.25 506 496.5 485.75 510.25 525.25 509.25 527.5 552.25 579.75 560.75 516.5 500 505 484.5 450 444.25 439.25 413.75 421.75 403.25 383 361.25 351.25 335.25 316.75 304 285.75 276.25 266.75 257.25 251 238.25 235.75 229.75 225.25 216.75 210.5 209.75 202.25 199.75 192 189.25 183.75 183.5 183.5 182 182.75 180 177.5
-9999 -9999 -9999 -9999 -9999 -9999 -9999 -9999 -9999 -9999 -9999 -9999 -9999 -9999 -9999 -9999 -9999 342 351.5 351.25 354.5 345.5 356.6667 419 429.5 442 455.5 505 485.5 476 471.25 480 510.25 498 532.75 532.75 529.25 500.5 483.75 483.5 443.25 449.75 454 443.25 425.25 415 398.25 382.25 369.5 362.75 357.5 346 332.75 306.5 284.75 279 272.5 267 258.25 245.5 242.5 239.25 238.75 241.25 238 225 223.75 222.75 219 203.75 199.5 197.25 207.25 200.75 197 195.5 196
-9999 -9999 -9999 -9999 -9999 -9999 -9999 -9999 -9999 -9999 -9999 -9999 -9999 -9999 -9999 -9999 -9999 -9999 340 -9999 -9999 336.5 362 398.5 411.25 457.25 485 519.75 500.75 458 448.25 446.75 472.5 487.75 496.5 507.75 499.75 488.5 455.75 458 455.75 460.5 450.75 449.5 430 439.5 412.5 383.25 366 356 350 340.75 329 312.5 294 271.5 263.5 255 248 245.75 243.5 240 237.5 236.75 233.75 240.5 248 257.5 238.75 230.5 218.5 205.5 215.5 223.25 221.75 216.5 220.25
-9999 -9999 -9999 -9999 -9999 -9999 -9999 -9999 -9999 -9999 -9999 -9999 -9999 -9999 -9999 -9999 -9999 -9999 319 322 330 352.25 374 398.5 419.25 485 503.5 467.5 455.25 428.5 429.5 435.25 443.25 443.75 443.5 444 455 452 464.75 465.5 463 464.75 455.5 440 431.5 430 421.25 388.5 358.75 346.5 338.25 319 313.25 302.5 293.25 278 267 262.25 249.5 247.5 243.75 249 247.5 256.5 247 239 264.75 274.25 252.5 229.25 218.75 216.25 207.25 206.5 207.25 208.75 222.25
-9999 -9999 -9999 -9999 -9999 -9999 -9999 -9999 -9999 -9999 -9999 -9999 -9999 -9999 -9999 -9999 -9999 319.5 326.5 324.25 339.75 358.25 373.5 392.75 431 425 422.5 416.25 415.5 409.5 406.5 432 432 428.25 431.5 437.75 452.75 457.25 452.75 453 457.5 462.5 492.25 484.5 453.75 432.75 421.75 409 380 354.5 332.75 325.75 303.75 293.25 286 284.25 276 266.75 257.5 255.25 255.75 252.75 256.75 276.25 267.5 267.25 264 254.25 231.25 219.25 220 211.5 206 204 204 206.5 209
-9999 -9999 -9999 -9999 -9999 -9999 -9999 -9999 -9999 -9999 -9999 -9999 -9999 -9999 317 322.5 317 317 322.75 326.5 352 358.75 379.5 390.25 399.75 396 402.25 408 396.5 394 412 426.75 432.25 435.25 428.75 436.25 432.25 431 431.25 437.25 439.75 447.75 479 529.5 503.75 446.25 405 383.25 363 348 325.25 324.5 316 298.5 284.75 277 275.5 272.75 267.5 262.75 262.75 260.25 244.75 256.5 252.25 239.25 233.75 236.75 235.25 219.5 217.75 213 216 209.25 211 212 214
