layers/wordclim/past/Iberia_miroc_10_ascii/bio_18.asc
ncols         205
nrows         142
xllcorner     -11.010633712694
yllcorner     33.273793250999
cellsize      0.083333333333334
NODATA_value  -9999
[rows 72 to 107 of 142, columns 0 to 81 of 205]
-9999 -9999 -9999 -9999 -9999 -9999 -9999 -9999 -9999 -9999 66 -9999 57.5 56.25 52.5 48.75 46.25 42 40.5 42.25 42.5 43.5 45 44.75 42.5 42.5 41.75 44 44.5 45.5 47.5 49.25 50.25 50.5 50.5 51.75 52.5 53.25 55.5 56.25 57 58.25 58.5 59.25 58.25 58 57.25 54.25 53.25 52.5 52.25 52 51.25 51 49.25 48 47 48 47.5 43 42 41 41 41.75 41 42.75 44.75 42 44 46 47.25 49.5 50 51 55 53.5 51.5 53.75 56.5 58 56 53.75
-9999 -9999 -9999 -9999 -9999 -9999 -9999 -9999 -9999 -9999 -9999 63 58 56 52 48 45.5 41.5 40.25 42 42.5 44 47.75 43.25 39.5 39.25 40 42.5 44 44.5 45 45 46 46.75 47.5 49 50.75 52 52.75 55.5 56 56 56 57.5 57 56.25 55.25 53.5 51.5 51 49.75 48 46.75 48 45 44 45.75 45 42.5 41.25 41 41 40.75 40 41 41.5 42 43.5 46.25 44 45 46.5 48.5 50.5 51.5 52.5 51.5 52.75 49.75 53 54.25 52
-9999 -9999 -9999 -9999 -9999 -9999 -9999 -9999 -9999 -9999 -9999 62 58 55 51.75 48 45.25 41 41.75 42.25 45.25 46 44 42 38 38.25 39.25 41 42 42.75 43.5 44 44.5 45.75 46.5 47 48.5 49.75 51.25 53.75 56.75 56 56 56 58.75 57.5 53 51 50.75 49 48 48 47.25 43.75 44.5 44 43.5 42 40.25 40.25 40.5 41 41.5 41 41.25 40.5 40 42.5 41.5 40 45.75 52.75 48.5 49 49.75 49.5 50.75 53.5 50.75 51.25 54 51.25
-9999 -9999 -9999 -9999 -9999 -9999 -9999 -9999 -9999 -9999 -9999 -9999 -9999 55 52.5 49.25 45.25 42.25 43.5 43.75 44.5 43.25 38 37.5 37.25 38 38.25 39 41 42 42.75 44 44 44.75 47 47 47.5 49 49 50.25 54.5 57.75 56.5 54.5 55.25 53.75 49 48.5 51 49.25 48 47.75 46 45.75 45.5 44.75 43.25 41.75 41.75 42.25 42.75 43.5 43.25 41 42.5 40 42.5 45 46 46 42.25 41 43.5 45.5 47.5 47.75 52.75 52.25 52.5 50.25 52.25 53
-9999 -9999 -9999 -9999 -9999 -9999 -9999 -9999 -9999 -9999 -9999 -9999 -9999 -9999 51.33333 49 45.75 43 47.5 44.75 40.75 40 39.25 37.25 37 37 37.5 38.75 39.5 40.75 41.75 43 43.5 44.75 47 47.25 47 49 49.75 51.25 53.25 54.25 54.75 52.75 48 47.25 47.5 47.5 50 48.25 48 48 48 45.5 46 47.5 43 42.25 45 45.5 45.75 42.5 45.5 43 42 42.75 42.5 46 46.25 46.25 43.75 40.25 43.25 42.75 43.25 45 46.25 47.5 50.75 52.75 50.75 50.75
-9999 -9999 -9999 -9999 -9999 -9999 -9999 -9999 -9999 -9999 -9999 -9999 -9999 -9999 -9999 -9999 46 42.5 41.25 39 38.75 39 37.25 36.75 37 37 37 37 38.5 40 41 41.5 43 44.5 46 47 48.5 47 47.75 47 48.5 48.5 47.75 47.75 46.5 46.75 47.5 48 49.75 49 47.25 48 48 46.75 46.25 49.25 47 41.75 43 46 46 45.75 43 44 44 46 46.75 47.5 45.5 42.25 39.5 41.75 43.75 40.5 43 44.75 45.5 47.75 49 53.5 53.75 54
-9999 -9999 -9999 -9999 -9999 -9999 -9999 -9999 -9999 -9999 -9999 -9999 -9999 -9999 -9999 -9999 -9999 40.75 39.25 37.5 37.5 37.75 38 37 37.25 36.5 36.25 36.5 37 37 38 41.25 43.25 44.5 45.75 46 45.75 46 45.75 45.5 45.75 47 46.75 46 45.5 45.75 46.75 48.75 48.5 51.5 50.75 49.75 49.5 47.5 48.25 48.75 49.25 46.75 45.5 48.25 46 46.5 44.5 48.5 47.75 47.25 47.25 41 41 42 42.75 41.25 44.25 40.25 42.5 45.5 48 51 53.75 51.25 51 51
-9999 -9999 -9999 -9999 -9999 -9999 -9999 -9999 -9999 -9999 -9999 -9999 -9999 -9999 -9999 -9999 -9999 40 38.5 37.25 35.33333 37.33333 38.5 38.5 38.5 35 35 36 35.75 34 34.5 37 39.5 40 41 42.25 42.25 42.75 42.75 42.75 43.75 44.75 45.5 44 43.25 45 45.75 47.25 49.5 50.5 55.25 55.5 55 50.5 49.5 51 50 46.75 43.5 46.5 46 46 44.75 47.25 48 46 44 43.5 43 44 44 43.5 44 44 43.5 44 43.5 47 53.5 55.25 55.25 54
-9999 -9999 -9999 -9999 -9999 -9999 -9999 -9999 -9999 -9999 -9999 -9999 -9999 -9999 -9999 -9999 -9999 -9999 -9999 -9999 -9999 37.66667 36.5 35.5 32 33.5 34 32.5 32 33.25 33.5 34 34.5 37.5 38 39 40.5 41.25 41 41 41.5 42.25 41.75 41.5 41.75 44.25 44.75 46.25 47.25 52 53.25 50.5 53.25 51.5 50.25 51 51.5 49 46.25 44.5 46.5 45 45.25 46 45.5 45 45.5 45.5 45.5 45.5 45 44 44 44.5 45 45 45 46 45 52.75 52.5 59.25
-9999 -9999 -9999 -9999 -9999 -9999 -9999 -9999 -9999 -9999 -9999 -9999 -9999 -9999 -9999 -9999 -9999 -9999 -9999 -9999 -9999 -9999 32 30 29.5 30.75 32.5 33.5 32 32 33.25 33.5 33.25 34.25 35.25 36.75 39.5 40 40.5 41.5 41 40 40.5 40 41 41 42.75 44.5 46.25 47.5 49 45.75 45.75 47 50 50.25 50 51.5 50 50.5 49 44 44 46.75 44 44.5 46 43.75 44 45.5 45.75 45.5 44 44.5 46.5 45 47.5 48 47.25 47 46 42.5
-9999 -9999 -9999 -9999 -9999 -9999 -9999 -9999 -9999 -9999 -9999 -9999 -9999 -9999 -9999 -9999 -9999 -9999 -9999 -9999 -9999 -9999 -9999 -9999 28.5 27.75 32 33.5 32 31.5 32 30.75 32.25 33 33.25 34.75 35.25 37.75 40.25 41 40.5 39 39 39 40.5 41 42 43 43 45 44.75 47.5 49 46.5 48.75 50 51 50.5 50.75 51.25 52.5 48.5 43.75 43.25 41 43.75 45 43.5 43.5 39 42 46.25 45.75 42 42.5 44.5 46.75 44.25 50 48 49 41.75
-9999 -9999 -9999 -9999 -9999 -9999 -9999 -9999 -9999 -9999 -9999 -9999 -9999 -9999 -9999 -9999 -9999 -9999 -9999 -9999 -9999 -9999 -9999 29 29 29.25 30.5 33.25 34.5 30.5 30 30 30 30.25 30.75 32.25 33.5 34.25 35.5 36 35.25 36.5 38.25 39 39 39.5 40.75 41 41 45.75 48.5 52 50.25 50.5 49.5 50.25 50.75 49.5 48 48.25 52 48.75 44 40.5 39 39 41 43.75 43.5 45.5 44.25 40 40.75 41.5 39.5 39.5 42.5 40.5 38.5 39 43 39.5
-9999 -9999 -9999 -9999 -9999 -9999 -9999 -9999 -9999 -9999 -9999 -9999 -9999 -9999 -9999 -9999 -9999 -9999 -9999 -9999 -9999 -9999 -9999 -9999 28.5 28 29.25 32.5 34.5 32 30 29.5 29 29 30 31.5 32 32 33 33.75 32 35.5 38.5 39 39 39 41.25 42.25 44.5 43.5 44.75 48 49.25 52.5 53 54.25 54.75 51.25 48.5 46 46.5 47.5 51 46.75 40.25 36.75 37 35.75 37.5 38.25 42 44.25 39 38.25 36.75 33.25 34.25 35 31.5 31.5 31.5 31.5
-9999 -9999 -9999 -9999 -9999 -9999 -9999 -9999 -9999 -9999 -9999 -9999 -9999 -9999 -9999 -9999 -9999 -9999 -9999 -9999 -9999 -9999 -9999 -9999 26.5 28.5 29 31.75 31 29.25 29 28.75 28 28 29.25 30.5 30.5 31.5 31 31.75 31.5 33.25 35 39 39.5 39.5 41.25 43.5 44.25 46.75 45.5 45.75 49 47.5 47.5 50.5 49.75 48 49.75 46.75 43.25 47.25 44.5 48 47 42 38.5 34.75 33 34.25 38 36.5 35 36.25 36.5 31.5 30 29.75 27.5 29.75 29.25 30.75
-9999 -9999 -9999 -9999 -9999 -9999 -9999 -9999 -9999 -9999 -9999 -9999 -9999 -9999 -9999 -9999 -9999 -9999 -9999 -9999 -9999 -9999 -9999 26 25.5 28 28 29.25 28.5 28 28 27.5 28 28 28.5 29.5 30 30 30.5 30.5 31.5 32.5 33.5 36.25 34.75 36 40.5 41 42.75 46.25 47.75 49.75 49.5 47 43.5 44.5 47 44.5 45 46.5 42.75 46 47.5 46.75 49 40.75 36.25 35 34.5 32 34 32.25 33 32.75 28.75 26.75 26 26 27.75 30 30.75 31
-9999 -9999 -9999 -9999 -9999 -9999 -9999 -9999 -9999 -9999 -9999 -9999 -9999 -9999 -9999 -9999 -9999 -9999 -9999 -9999 -9999 -9999 -9999 -9999 24.25 25 26.25 28.5 28 27 26.5 26 28.25 29.25 28.5 28.75 29 29 30 30 30 32 33 33 33.5 38.25 41.5 42.25 42.5 43.5 43.25 43.5 44 44.75 47 43 40.5 44 42.5 43.25 37.5 41.5 43 42.5 37.75 35.25 33.75 31.5 31 28.5 27.75 26 26 25 26 27.25 29.75 30 30 30.25 31 31
-9999 -9999 -9999 -9999 -9999 -9999 -9999 -9999 -9999 -9999 -9999 -9999 -9999 -9999 -9999 -9999 -9999 -9999 -9999 -9999 -9999 -9999 -9999 -9999 23.25 24 26.5 28 27.25 27.5 27.25 26.5 26.5 28 28 28 28 30 30 30 30.25 32 32 32.25 32.75 34.5 35.25 36 36.75 38.75 36.75 39.75 40.75 43.75 43.25 42.75 39.75 39.5 40 41.25 38.5 35.5 39 39 40.5 39.5 29.75 28.5 26.25 27.75 27 26.5 25.5 28.5 28.25 27 27.5 28 30 31 31 31.5
-9999 -9999 -9999 -9999 -9999 -9999 -9999 -9999 -9999 -9999 -9999 -9999 -9999 -9999 -9999 -9999 -9999 -9999 -9999 -9999 -9999 -9999 -9999 -9999 23 23 24 24.75 25.75 27 27.75 27.25 26.25 28 28 28 28 28 28.5 29.5 29.5 30.75 30.5 31.5 32 33.5 34.25 34 34 37 36 38.25 40.5 38 40.5 39.75 39.5 37.75 37 37.25 38.25 36 33.5 34 35 33.75 34 31.75 27.25 27.75 29.25 27 27 29 29.25 28.75 26.5 30 30.5 31 32.5 32
-9999 -9999 -9999 -9999 -9999 -9999 -9999 -9999 -9999 -9999 -9999 -9999 -9999 -9999 -9999 -9999 -9999 -9999 -9999 -9999 -9999 -9999 -9999 -9999 22.25 22.75 24 24 24.25 25.75 25.75 27.25 25.75 27.5 28 28 28 28 28 28.75 29 29 30.5 31.5 32.25 33.25 34.25 34 33.75 34.5 36 37.75 38 37.25 38.5 37.5 36.25 35.75 35.5 34 33 31.5 31.5 32 32 33.25 34 32 31.75 32.75 28.25 29.25 27 26.25 26.5 28.75 30 33 35 35.5 36.5 34
-9999 -9999 -9999 -9999 -9999 -9999 -9999 -9999 -9999 -9999 -9999 -9999 -9999 -9999 -9999 -9999 -9999 -9999 -9999 -9999 -9999 -9999 -9999 22 22 22 22.5 24 24.5 23.25 23.5 24.5 26.25 28 28.5 28.5 28.5 28.5 29.5 29 29.75 29 29 31.25 32.5 32.75 32.25 32.5 32.75 34 35 36.25 36.25 35.5 36.5 35.5 34.5 33 32 31.5 31 31 31.5 32.75 32.75 33 34 34 34 35.5 33.75 32.25 29 28.5 28 29.25 30 31.5 34.5 46 46.75 38.25
-9999 -9999 -9999 -9999 -9999 -9999 -9999 -9999 -9999 -9999 -9999 -9999 -9999 -9999 -9999 -9999 -9999 -9999 -9999 -9999 -9999 -9999 -9999 21 21 21.25 23 23.5 26 25.75 23.75 25 26 28.25 30.25 29.75 28.5 28.25 29 29 28.75 29 28 29.75 30.25 31.25 31.25 31 31.75 32.5 32.5 32.25 32 32 35.25 33.5 33 32.75 33.5 31.5 31 31 31.75 32.75 32 32 32 33 34 35 32.25 29.25 34 29.25 30 29.25 29.75 31.5 37 40.5 44.25 42.5
-9999 -9999 -9999 -9999 -9999 -9999 -9999 -9999 -9999 -9999 -9999 -9999 -9999 -9999 -9999 -9999 -9999 -9999 -9999 -9999 -9999 -9999 -9999 20 20 21 22.5 25.25 29 29.25 24 23.5 24.25 25.25 28.75 30.25 30.75 30.5 30.25 28.5 27.75 28 27.25 28.75 29 29.75 30.5 30.75 30.75 32 32 32 32 32 33.25 33 32.5 32.5 32 31.25 31 31 31.5 31.75 31 31.25 32 32 32 34 34 35.5 38.25 37.25 29 31.5 30.25 30.75 33.5 37.25 42.25 41
-9999 -9999 -9999 -9999 -9999 -9999 -9999 -9999 -9999 -9999 -9999 -9999 -9999 -9999 -9999 -9999 -9999 -9999 -9999 -9999 -9999 -9999 -9999 20 21.25 22.75 22.5 22.75 22.75 21.75 21.5 22.25 23 24 26 26.75 29.75 31.5 28.75 29.5 28 27.25 25.5 26.5 27.25 28 29 29.5 29.75 31.75 32 32 32 31 31 30.75 30 32 31.5 31 31 31 31.5 31 31 31 31.75 33.5 33 34 34.5 37.5 39.5 41.75 33.5 34 30.5 31 32.25 37.75 35.75 37.5
-9999 -9999 -9999 -9999 -9999 -9999 -9999 -9999 -9999 -9999 -9999 -9999 -9999 -9999 -9999 -9999 -9999 -9999 -9999 -9999 -9999 -9999 -9999 20 23.5 21 21.75 20.75 22.75 20 20.5 21 21 23 23.5 24 26.5 27 26.75 25.5 24.75 24.75 25 25.5 26.5 27 27.5 28.5 29 30 31.5 31.5 31 31 30.5 30 30 30.5 31.75 31 31 31 31.25 31 31 31 32.5 34.5 34 37 40.25 40.5 40 42.5 36.75 37.5 34 33.75 37 40.5 39 38
-9999 -9999 -9999 -9999 -9999 -9999 -9999 -9999 -9999 -9999 -9999 -9999 -9999 -9999 -9999 -9999 -9999 -9999 -9999 -9999 -9999 -9999 -9999 23 23.5 22.5 25.25 24 25 22.5 21.5 20.5 21 20.25 21 22.25 23 23.5 23.5 23.5 23.5 24 24 24.75 26 26 26.75 27 28.25 28.5 30 30.5 31 31 30 30 30 30 32 32 31 31 31.5 31.25 31.5 32.75 34 36 39.75 40.5 41.25 41.5 42.75 41.75 40.5 40.75 41 35 36 40 42.5 55
-9999 -9999 -9999 -9999 -9999 -9999 -9999 -9999 -9999 -9999 -9999 -9999 -9999 -9999 -9999 -9999 -9999 -9999 -9999 -9999 -9999 -9999 -9999 23 24 23.25 23 23 23 24.5 24.75 21.25 20 19.25 20.25 21 21.25 21.75 22 22 22.25 23.5 23.5 23.5 24 25 26 26.25 27.5 28 28.75 29 29.5 29.5 30 30 30 30 31 32.75 32.5 32 32.5 32.25 32.25 34.5 34.5 36.5 39.25 42.75 41.25 44 42 41.75 40 41.75 42.25 37.25 39.5 40.25 46.75 54
-9999 -9999 -9999 -9999 -9999 -9999 -9999 -9999 -9999 -9999 -9999 -9999 -9999 -9999 -9999 -9999 -9999 -9999 -9999 -9999 -9999 -9999 -9999 23.5 24 22.75 22.5 23 23 24 24 23.25 20 19.5 19 20 21 20.75 22.33333 21 -9999 -9999 26 27 28 26 25.75 25.75 26 26.5 27.75 28.75 29 29.5 30 30 30 30 32 33 33 33 33.5 33 33.5 34.25 36.5 40.5 40 43.25 47 47.25 42.75 41.25 40.5 42 44.25 43.25 44.5 38.5 33.5 31.75
-9999 -9999 -9999 -9999 -9999 -9999 -9999 -9999 -9999 -9999 -9999 -9999 -9999 -9999 -9999 -9999 -9999 -9999 -9999 -9999 -9999 -9999 -9999 -9999 23.5 22 22 22 22 22 21 24 22 21.25 21 24 23 -9999 -9999 -9999 -9999 -9999 -9999 -9999 -9999 -9999 28 29.33333 27.75 28.25 29.5 30.5 31 31 32 30 30 30 32 33.75 34 34.5 34 33 33.75 36.5 41 41.25 43.5 46.5 46.75 50.5 49 45 41.25 36 39.5 37.25 39 43 35.25 33.5
-9999 -9999 -9999 -9999 -9999 -9999 -9999 -9999 -9999 -9999 -9999 -9999 -9999 -9999 -9999 -9999 -9999 -9999 -9999 -9999 -9999 -9999 -9999 -9999 -9999 -9999 -9999 -9999 -9999 -9999 -9999 -9999 -9999 -9999 -9999 -9999 -9999 -9999 -9999 -9999 -9999 -9999 -9999 -9999 -9999 -9999 -9999 -9999 29 29.75 30.5 32 34 34 34 35.5 31.5 31 33.5 34 34 34.75 34 34.5 34.75 36.5 44.75 53.25 47.5 43.5 46.75 58.25 50.75 45.5 36.5 33.75 33.75 33.5 34 35 35.25 31.5
-9999 -9999 -9999 -9999 -9999 -9999 -9999 -9999 -9999 -9999 -9999 -9999 -9999 -9999 -9999 -9999 -9999 -9999 -9999 -9999 -9999 -9999 -9999 -9999 -9999 -9999 -9999 -9999 -9999 -9999 -9999 -9999 -9999 -9999 -9999 -9999 -9999 -9999 -9999 -9999 -9999 -9999 -9999 -9999 -9999 -9999 -9999 -9999 -9999 29 29.75 31 33 33.75 34 34.5 35.75 30 33.25 34 34 34.5 34.5 34.25 35.5 36.5 40 50.5 48.25 51.5 53.25 63 50.75 39.25 35.75 34.5 36.25 34 31.75 27.25 26.75 26
-9999 -9999 -9999 -9999 -9999 -9999 -9999 -9999 -9999 -9999 -9999 -9999 -9999 -9999 -9999 -9999 -9999 -9999 -9999 -9999 -9999 -9999 -9999 -9999 -9999 -9999 -9999 -9999 -9999 -9999 -9999 -9999 -9999 -9999 -9999 -9999 -9999 -9999 -9999 -9999 -9999 -9999 -9999 -9999 -9999 -9999 -9999 -9999 -9999 -9999 29 30.75 33 33 33.5 34.75 35.25 33 33 34 34.5 35 36 37 37 39 42.5 42.25 42.75 42.75 46.25 46.25 41.5 44 40.5 35 36.5 32 28.25 27 25.75 24
-9999 -9999 -9999 -9999 -9999 -9999 -9999 -9999 -9999 -9999 -9999 -9999 -9999 -9999 -9999 -9999 -9999 -9999 -9999 -9999 -9999 -9999 -9999 -9999 -9999 -9999 -9999 -9999 -9999 -9999 -9999 -9999 -9999 -9999 -9999 -9999 -9999 -9999 -9999 -9999 -9999 -9999 -9999 -9999 -9999 -9999 -9999 -9999 -9999 -9999 -9999 30 32.25 33 33 34.5 35 32 33.75 34 35 35 35 35 42.5 38 38.75 37.5 36.5 45.25 37.5 32.5 31 31 31.5 31.5 29.75 28.75 26.75 25 -9999 -9999
-9999 -9999 -9999 -9999 -9999 -9999 -9999 -9999 -9999 -9999 -9999 -9999 -9999 -9999 -9999 -9999 -9999 -9999 -9999 -9999 -9999 -9999 -9999 -9999 -9999 -9999 -9999 -9999 -9999 -9999 -9999 -9999 -9999 -9999 -9999 -9999 -9999 -9999 -9999 -9999 -9999 -9999 -9999 -9999 -9999 -9999 -9999 -9999 -9999 -9999 -9999 29 30 32.5 33 34 35 31.25 33.75 34.25 35 35 34 34 35.5 38.5 34.5 33 34.25 32.25 30.25 29.25 28.5 27.25 27 27 27.25 27 26 -9999 -9999 -9999
-9999 -9999 -9999 -9999 -9999 -9999 -9999 -9999 -9999 -9999 -9999 -9999 -9999 -9999 -9999 -9999 -9999 -9999 -9999 -9999 -9999 -9999 -9999 -9999 -9999 -9999 -9999 -9999 -9999 -9999 -9999 -9999 -9999 -9999 -9999 -9999 -9999 -9999 -9999 -9999 -9999 -9999 -9999 -9999 -9999 -9999 -9999 -9999 -9999 -9999 -9999 -9999 29 31 32.75 33.5 35 34.5 33 33.75 34 34 37 34.75 35 36.25 33.25 32.5 32 30 29.25 27 27 -9999 -9999 -9999 -9999 -9999 -9999 -9999 -9999 -9999
-9999 -9999 -9999 -9999 -9999 -9999 -9999 -9999 -9999 -9999 -9999 -9999 -9999 -9999 -9999 -9999 -9999 -9999 -9999 -9999 -9999 -9999 -9999 -9999 -9999 -9999 -9999 -9999 -9999 -9999 -9999 -9999 -9999 -9999 -9999 -9999 -9999 -9999 -9999 -9999 -9999 -9999 -9999 -9999 -9999 -9999 -9999 -9999 -9999 -9999 -9999 -9999 -9999 31 32 32.75 34.5 35 35 33 34.5 40 40 37 35.5 33.75 33 32.5 31 28.75 28 -9999 -9999 -9999 -9999 -9999 -9999 -9999 -9999 -9999 -9999 -9999
-9999 -9999 -9999 -9999 -9999 -9999 -9999 -9999 -9999 -9999 -9999 -9999 -9999 -9999 -9999 -9999 -9999 -9999 -9999 -9999 -9999 -9999 -9999 -9999 -9999 -9999 -9999 -9999 -9999 -9999 -9999 -9999 -9999 -9999 -9999 -9999 -9999 -9999 -9999 -9999 -9999 -9999 -9999 -9999 -9999 -9999 -9999 -9999 -9999 -9999 -9999 -9999 -9999 30 32 33.25 34 34.5 37 36 36.75 37.75 40 40 35.75 34.5 32 31.5 29.5 29 -9999 -9999 -9999 -9999 -9999 -9999 -9999 -9999 -9999 -9999 -9999 -9999
