layers/wordclim/past/Iberia_miroc_10_ascii/bio_06.asc
ncols         205
nrows         142
xllcorner     -11.010633712694
yllcorner     33.273793250999
cellsize      0.083333333333334
NODATA_value  -9999
[rows 36 to 71 of 142, columns 82 to 163 of 205]
-17.75 -18.5 -17 -17.75 -18.5 -20.25 -23 -25.5 -24.5 -23.25 -27.25 -33.75 -46.25 -50 -45 -48.5 -52.75 -46.25 -45.75 -52.5 -49.5 -39.5 -45.25 -39.75 -29 -20.5 -16.5 -9.5 -5.75 -3.5 -1.25 -2.25 -7.25 -12.25 -8.5 -3.5 -5.5 -9 -9.75 -10.75 -8.5 -11.5 -13.25 -15.75 -13.5 -14 -18 -18.5 -18.25 -19.75 -18.5 -18 -16.25 -29.75 -30.5 -31 -26.5 -32 -31.75 -34.75 -19 -23.5 -22.75 -30.25 -27.25 -16.75 -20.25 -19 -23 -23.25 -23.25 -21.25 -5 -10.5 -7.5 -9 -3.25 -5.25 -12 -5.75 2 6.25
-21.5 -22 -20 -18.75 -19 -18.5 -20.25 -23.5 -27.25 -28.5 -23.5 -28 -35 -41.75 -51.25 -63 -54 -62 -59.5 -54.25 -49 -49.75 -46.5 -42.5 -41 -27.5 -17.75 -16.25 -15.5 -5.5 -2.5 -0.25 0.25 -3.75 -5.25 -2 -7 -13.75 -18.75 -14.75 -6.75 -9.25 -10.75 -11.5 -10 -10.75 -14.75 -16 -15.25 -16.75 -14.75 -14.25 -13.25 -21.75 -25.75 -29.25 -26.5 -23.25 -29 -26.25 -22 -36 -23.75 -16.5 -11.75 -7.25 -9.75 -15.5 -9.75 -6 -7.5 -4 1.5 0 -0.5 -3.25 -0.25 6.5 0.75 -3 3 14.25
-22 -22 -22.25 -21.75 -21.75 -23.25 -23.5 -27 -29.5 -30.75 -28.25 -29 -33.5 -37.5 -38.5 -41.75 -41 -43 -38.5 -40.75 -37 -41.25 -46.5 -43.5 -34 -32.75 -31.25 -24.75 -19 -11.5 -11.5 -7.25 -0.75 1 0.75 -1.75 -8.5 -16.25 -18.5 -12.25 -4.75 -7 -13.25 -14 -8.75 -7.5 -9.5 -11.75 -12 -15.75 -12.5 -10.5 -11.5 -16 -20 -22 -21.75 -21.75 -23.25 -20.25 -17 -16.25 -7.5 -6.25 -4.5 -6.5 -10.25 -14 -9.75 -2 2 0.5 8.75 5.75 5.5 -1.75 3.75 6 2 -4.5 0.5 12.25
-22.5 -21.25 -20.75 -19.75 -20.75 -20.5 -20.75 -21.5 -22.75 -24 -27 -29.25 -29.75 -31.75 -35.25 -34.75 -33.75 -35 -33.75 -33.5 -32.75 -35.25 -40 -44 -42.25 -35.75 -36.25 -42 -32 -21.75 -18.75 -11.25 -4.75 -2.5 0.75 2 -4.25 -6.75 -10 -5.25 -2.25 -6 -10 -16.25 -12.25 -9.5 -6.75 -6.75 -9.5 -12.5 -9.5 -6.75 -11.25 -12 -12.25 -13 -14 -14.75 -14 -11.25 -6.5 -7 -4.75 -4.5 -3.75 -1 -1.75 -3.75 -8.25 -3.25 4.25 9.75 13.25 13.25 4 -5 0.25 0.5 -10.5 -1 10.5 16.75
-19 -20 -16.25 -15.75 -16.25 -17.5 -18 -18 -20 -20.25 -22 -25 -28.25 -29 -32 -33.5 -34.5 -35.75 -38 -35.25 -34.25 -35.25 -37.5 -38.25 -37 -41.25 -45.5 -56.5 -60.5 -37.75 -25.25 -17.75 -10.5 -6 -2 1 3 3 -1 0 0 -6.5 -11.25 -18.25 -18.25 -11.5 -9 -5.75 -5.75 -5.5 -5.25 -4.5 -10 -8 -7.25 -10.5 -13.5 -9.75 -7.5 -4.75 -3 -1.5 -1.25 0 0 -1 -4.5 -3.5 -3.75 -0.5 8 18 20 13.75 5.75 0.75 2.5 1.75 0.75 1.5 22.75 26
-16.75 -19 -13.75 -13.75 -14 -14.75 -14.75 -16 -18.5 -20.25 -21.25 -21.5 -24.5 -24 -28.75 -27.5 -31.25 -33.5 -32.75 -33.25 -33 -32.5 -33 -35.25 -36.5 -38.75 -42.25 -47.75 -46.25 -39.5 -30.5 -26.75 -15.25 -8.25 -3.75 -2 -0.75 2.75 4.5 4 2.75 -3.5 -6.5 -7.5 -10.25 -18 -16.25 -11.5 -9.25 -10.75 -5.5 -4 -5 -4.75 -7 -10.5 -11 -7 -5 -2.25 -0.75 0.25 1.5 1.5 -0.25 -1.25 -4.5 -4 0.25 1 6.75 17.25 22.25 7 8.75 13.75 22.5 24.25 23.75 24.25 22 23
-14 -15.75 -16.5 -19 -16.75 -17.5 -18.75 -21 -21.25 -18.75 -18 -19 -21.25 -22 -25.5 -27 -25.5 -28 -30.75 -33.75 -32.25 -32.5 -34.25 -36.25 -36.25 -39.25 -39 -40.25 -34.75 -29.75 -21.75 -18 -18.75 -7.75 -3.25 -7.25 -14.25 -7.75 -1.25 -0.5 2.75 4.25 1 -0.25 -2.5 -7.75 -12.25 -11.75 -8.25 -10 -9.25 -6 -5.75 -2 -5 -5 -3.25 -4.25 -4 -2.25 -0.25 0.5 1.25 -0.5 -3.75 -7.75 -6 -1 9.5 15.5 11.25 10 24.75 19.75 23.75 30.75 34.5 33.25 28.75 27 32 36.5
-18 -16.25 -17.75 -20.25 -22.25 -24 -27.75 -21.75 -23.75 -24 -22 -22.25 -21 -20 -22.75 -23.25 -25 -26.25 -27 -28.75 -31.25 -37.5 -38.25 -33.5 -35 -36.5 -35.25 -34.75 -32.5 -40 -28 -14.25 -11 -5.5 -4.75 -10.25 -13 -7.5 -13.5 -10.25 -5 -0.25 3.5 5.75 1.75 -2 -4.5 -6.75 -5 -4.25 -4 -4.5 -5.5 -5 0.25 0.5 -1 -3.75 -4.75 -3.5 -1.5 -1 -3.25 -6 -6.75 -5.5 -2.5 -1.5 4.75 12.75 21.75 26.75 33.5 34.25 34.5 38 38.25 34.25 37.5 40 41 41.75
-16.5 -16.75 -16.5 -23.25 -29.5 -27.5 -24.5 -20.5 -20.75 -23.5 -25.5 -28.5 -28.25 -29.25 -30.5 -28.75 -28.75 -32 -31.5 -30.25 -30.75 -34.25 -34 -28.5 -29.25 -32 -32.75 -31 -23.25 -23.5 -24.25 -23.75 -21.25 -19 -12 -12.25 -14.25 -14.5 -20 -16 -8.25 -3.25 1.25 4.5 5.25 -0.75 -4 -4.25 -4 -4.5 -3.5 0 -1 -3.5 0.75 -1.25 -3.5 -5.5 -7 -6.25 -6.25 -5.25 -3 3.5 6.75 0.75 2.25 -1.5 5 18.75 27.75 30.25 25.5 35.25 38.5 36.5 42.5 44 44 44.25 45.25 47.5
-15.75 -15.5 -16 -18.75 -23 -20 -20.75 -23.75 -26.5 -27.5 -31.25 -34.75 -35.25 -35.75 -37.75 -33.5 -30.75 -33 -33.5 -34.25 -34.5 -34.25 -28.75 -26 -24.75 -24.5 -25.5 -26.25 -20.75 -19.75 -17.5 -26 -37 -34 -26 -18.75 -22 -19.25 -23 -16 -6.75 -2.25 1 2.75 4 5.5 2 1.5 1.25 2.5 3.25 4 -3 -0.5 1.25 -2.75 -2.75 -3 -7.25 -9.75 -11.75 -16 -13.75 -5.75 11.25 17.25 17.5 11 19.25 29.5 31.25 31 24.75 32.5 43.75 44.5 45.75 47.5 48.25 47.75 51 -9999
-15 -15.5 -16.5 -17.75 -19.75 -19.75 -20.75 -28.25 -39.25 -48.25 -42.75 -40.5 -42 -39.25 -33 -33.5 -33 -31.75 -35.75 -36.25 -36.5 -34 -28 -25.25 -26.5 -27.25 -27.75 -28.25 -26 -27.5 -25.25 -29 -35.5 -37.75 -36.25 -31.5 -28.5 -28.75 -22 -16.5 -11.75 -6.5 -1.75 1 2.75 5 6.25 7.5 8.75 8.5 6 2.25 3 4.75 4.5 5.75 9.75 5.25 0.75 -5 -5.75 -8 -8.25 7.25 26.5 26.5 26.75 28 35.75 36 36.75 40.5 37 42.75 46.5 47.5 50.25 53 54 -9999 -9999 -9999
-15 -16.5 -18.25 -19.75 -22.75 -24.5 -30.5 -45.75 -56 -45.25 -47.25 -40 -44.25 -40.75 -31.25 -32 -28.5 -28 -35.5 -37.5 -37.5 -37.25 -36 -37 -36.75 -39 -36 -34.25 -32.5 -37.25 -36.25 -33.25 -33.75 -37 -36 -39.5 -39.25 -31.25 -26.5 -20.25 -19.5 -16 -6.5 -1.5 1 1.75 1.75 2.5 3 5 6 2.25 5.5 2.25 1.25 -3.5 8.25 11.5 10 9.5 2.5 8.75 20.75 27.5 34.75 35.5 38.25 39.75 43 44.75 47 47.25 47.25 47.75 50.25 51.5 55 -9999 -9999 -9999 -9999 -9999
-15.75 -19.25 -23.5 -25.75 -28 -39.25 -35.25 -36.5 -38.5 -32.25 -32.5 -32 -32 -25.25 -27.75 -25.5 -25.5 -28.5 -32.75 -35.75 -39.5 -41 -44.25 -47.75 -48 -43.5 -47 -43.5 -41 -41.75 -43.75 -45.75 -39 -35.25 -40.5 -42.5 -44.25 -38 -30.75 -25.25 -23.25 -26 -18 -6.75 -7.25 -3.25 -0.25 1.25 1 2.5 -0.5 0.75 3.5 0.5 0.25 1.25 8.5 19.75 17.5 7.75 5.5 24.75 32 36.25 40 42.5 45.5 48.25 50.5 51.75 54.33333 53 52 -9999 -9999 -9999 -9999 -9999 -9999 -9999 -9999 -9999
-19.5 -22.75 -32.25 -54 -46.25 -30 -20 -23.5 -35 -33 -21 -22.5 -26 -20 -19.5 -22.25 -23.5 -28 -33 -36.25 -37.75 -40 -43.5 -46 -46.25 -46 -47.75 -46.5 -44.75 -44 -42.5 -41.5 -45.25 -39.25 -40 -44.75 -51.5 -48.5 -38 -31 -24.25 -15.5 -12.5 -13.5 -15.75 -10.25 -5 0.75 0.25 -3.75 -4 -0.25 -1 0.25 3.75 8 15.5 18.5 10.5 6.25 18.75 33.25 40 43 43.5 45.75 48.75 53.25 54.5 -9999 -9999 -9999 -9999 -9999 -9999 -9999 -9999 -9999 -9999 -9999 -9999 -9999
-19.75 -25 -47 -33 -29.75 -29.75 -21.5 -15.5 -17 -14.75 -16 -16 -13.75 -14 -16.25 -22.25 -26.5 -30.25 -32.75 -34.25 -36.75 -39.25 -37.75 -41 -46 -49.5 -46.75 -46.25 -43.75 -43.5 -46 -42.5 -42.25 -42.25 -37.75 -41.75 -45.25 -47 -40.5 -39.25 -31 -20.25 -20 -20.75 -18.75 -12.5 -8.25 -2.5 -5.75 -9 -6.25 -2 -2.75 -1.75 -6.25 16.75 14.75 8 20 27.25 33.5 40.25 42.25 43.5 45 47.5 51.33333 -9999 -9999 -9999 -9999 -9999 -9999 -9999 -9999 -9999 -9999 -9999 -9999 -9999 -9999 -9999
-35.5 -39.5 -52.25 -44 -37.75 -22 -14.5 -9.5 -7 -12 -13.5 -11.5 -9 -12.75 -20.25 -25.5 -27 -24 -28 -34.5 -37.5 -37 -35.25 -39.5 -39.5 -43.5 -42.5 -44 -47.25 -48.25 -48.75 -45.5 -42.75 -38.5 -39 -44.25 -46.5 -46.25 -39.5 -34.5 -30.5 -32 -29 -29 -22.75 -22.75 -9.5 -3.75 -9.5 -16.25 -10 -8.75 -9.5 -19 -3.5 23 22.75 16.25 28 34.25 38.25 40.5 41.75 44 46.25 48.75 52 -9999 -9999 -9999 -9999 -9999 -9999 -9999 -9999 -9999 -9999 -9999 -9999 -9999 -9999 -9999
-39.5 -35.75 -36 -25.5 -14.25 -14.5 -10 -4.5 -6.75 -10.75 -10.75 -7.5 -7.25 -17.25 -22.5 -23 -26.5 -24.25 -21.25 -26.5 -30 -32.25 -41 -43.5 -45.25 -46.75 -47.25 -49.75 -46.5 -49.75 -50.75 -48.75 -41.25 -36.5 -42.25 -51 -48.75 -47.5 -47.5 -47.25 -46.25 -41.75 -44 -38 -31 -16.5 -10.25 -14.5 -12.75 -16.5 -13 -22.5 -23 -17.75 9.25 25.25 29.75 31.25 34.25 35.5 36.75 40 42.25 44.5 47 48.75 51.25 -9999 -9999 -9999 -9999 -9999 -9999 -9999 -9999 -9999 -9999 -9999 -9999 -9999 -9999 -9999
-25.5 -14.5 -18 -14.75 -9 -6.75 -1.5 -0.25 -4.75 -6 -8.5 -4 -9.25 -18.5 -18.25 -23 -27.5 -19.25 -17.75 -23.5 -31.25 -36.75 -43.75 -48 -51.75 -49 -50.75 -51.25 -53.75 -56.5 -54 -53 -45.5 -38 -37.75 -47.25 -44 -41.25 -42 -44.25 -42 -41 -39.75 -31.75 -31.25 -25 -20.75 -14.75 -20.75 -25 -25.5 -20.75 -5.5 4.25 18 24 25.75 35 36.25 36.75 37.75 40 43 45.75 47.75 49 50 54.5 -9999 -9999 -9999 -9999 -9999 -9999 -9999 -9999 -9999 -9999 -9999 -9999 -9999 -9999
-17.25 -10.25 -9 -5.25 0 -1 0 -0.25 -3.25 -3.5 -3 -4.25 -14.5 -13.25 -17 -23.25 -25.25 -15.75 -25 -32.5 -33.5 -34 -36.25 -40.25 -46.5 -51.75 -56 -56.5 -59 -62.5 -55.75 -56 -51.25 -40 -32.5 -41 -41.75 -35.5 -39 -49.5 -42.25 -43.75 -45 -48 -49.5 -31 -22.25 -17.75 -18.5 -20 -15.5 -7.5 8.25 18.25 23.75 26.75 27.75 36.5 37.5 38.5 41 43 44.5 46.25 48 49 50.75 -9999 -9999 -9999 -9999 -9999 -9999 -9999 -9999 -9999 -9999 -9999 -9999 -9999 -9999 -9999
-8.75 -5.25 0.75 -0.25 2 0.25 0 0 -0.5 0 -3.5 -12.25 -12.25 -12 -18.5 -20.5 -16.5 -16.25 -23 -19.25 -24 -23.25 -30.5 -37.25 -45 -50.75 -58.5 -59.5 -60 -65.25 -63.25 -57.5 -48.5 -41.75 -31.25 -35.5 -39.25 -32.25 -41.5 -50.25 -46 -49.25 -54.5 -50.25 -49 -42.5 -30 -25.5 -22 -20.75 -4.5 5.25 16 20.25 29.5 33.75 37.25 40 40.25 40.25 42.75 44.25 45.25 47 48.25 50 52 -9999 -9999 -9999 -9999 -9999 -9999 -9999 -9999 -9999 -9999 -9999 -9999 -9999 -9999 -9999
0.75 2 2 0 1.5 2.75 0 0.5 0.5 -1.75 -9 -11.75 -10.25 -14.5 -17.25 -14.25 -13.25 -12.75 -17.25 -18.5 -18 -24 -28.5 -34.75 -41.25 -48.75 -52.75 -60 -62.5 -62.75 -58.25 -50.25 -46.5 -39 -32.5 -29.5 -30 -31 -45.75 -46 -49.5 -55 -62.75 -61.5 -50.5 -43 -32 -20.5 -15.5 -10.25 4.5 14.75 15 22.25 33.5 37.5 39.75 40.5 41.75 42 44.25 45.25 46.25 47.75 48.75 50.75 53 -9999 -9999 -9999 -9999 -9999 -9999 -9999 -9999 -9999 -9999 -9999 -9999 -9999 -9999 -9999
3.75 0.75 2.75 1.25 1.25 4.25 2.5 2 1 -6 -9.75 -9 -9.75 -12.75 -9.5 -7.75 -14.75 -12.25 -19 -27.5 -22.75 -27.25 -29.25 -31 -37 -50.5 -54.5 -56.5 -57.25 -62.75 -58 -52.75 -49.75 -47.75 -36.25 -28 -19.75 -27 -41 -35.5 -36 -46.75 -55.25 -50.25 -47 -33.25 -22 -9.75 -7.75 2.5 3.75 22.75 22 24.25 33 42 41.5 42 43 43.5 45.25 46.5 47.25 47.75 49 52.25 -9999 -9999 -9999 -9999 -9999 -9999 -9999 -9999 -9999 -9999 -9999 -9999 -9999 -9999 -9999 -9999
2 1 3.5 1 1.75 3 1.75 2.5 -1.25 -4.25 -5.25 -6 -9.5 -8.75 -6.5 -15.75 -19 -15.25 -21.25 -22.25 -24 -28 -32 -38.75 -36.5 -46 -50.5 -51 -52.75 -59 -57.25 -52.75 -54.75 -43 -38.25 -26.5 -20.25 -34 -34 -23.75 -22 -29.75 -39 -37.75 -29.75 -33.25 -22.75 0.25 13.25 8.75 17.25 25.75 33.5 34.5 42.25 43.75 42.25 43.75 44.25 45 46.25 47 48.25 48.75 50.25 55 -9999 -9999 -9999 -9999 -9999 -9999 -9999 -9999 -9999 -9999 -9999 -9999 -9999 -9999 -9999 -9999
0.25 1.75 3.25 1 2.75 1 2.25 3 0.25 -5.5 -7 -6.75 -3.75 -3.25 -9.25 -17.75 -20 -17.25 -23.25 -24.5 -28 -30 -32.25 -36.75 -34.25 -46 -48.5 -51 -53.25 -52 -50 -47.75 -50 -35.5 -25.5 -22.5 -32.25 -44.25 -41.5 -24.25 -15.25 -15.5 -15.25 -15.5 -16.5 -9.75 -4.75 6.5 22.25 24.5 23.75 31.5 40.25 41.75 42.25 43.25 44 45 45.5 46 46.75 47 48.25 50.25 52 -9999 -9999 -9999 -9999 -9999 -9999 -9999 -9999 -9999 -9999 -9999 -9999 -9999 -9999 -9999 -9999 -9999
2.25 4 1.75 4.25 3.25 1.25 4.25 2.75 -0.25 -3.25 -1.75 -1.25 -4 -7.25 -11.5 -17 -19.5 -22 -28.5 -29.5 -30 -35.5 -34.25 -30.25 -35.25 -42.75 -45.75 -45.25 -42.5 -45 -40 -40.75 -44.75 -35 -16.5 -22.75 -38.75 -60.5 -51.5 -29.5 -19.5 -14.5 -10.25 -1 1.75 6.5 9 22.75 25.5 21.25 27 36.5 44.25 44.5 43.5 44.25 45.25 46 47 46.5 47.25 48.25 49.75 52.5 -9999 -9999 -9999 -9999 -9999 -9999 -9999 -9999 -9999 -9999 -9999 -9999 -9999 -9999 -9999 -9999 -9999 -9999
4.75 5.75 4.75 5.5 3.75 4.5 2.75 -1 -3 -3.5 -3 -7 -10.75 -12.75 -13 -16.25 -19.5 -19 -21.25 -28.5 -26.75 -32 -29.75 -30 -31.25 -34.25 -40.25 -34.75 -34.5 -38 -35 -37 -39.5 -32 -21 -25 -30 -37.5 -42.25 -41.25 -29 -17.75 -15 -5 -2.5 12 26.5 34 37.25 39.25 42.75 46 46 45.25 45.25 45.5 46.5 47.25 46.75 47.5 48.25 48.75 53.5 -9999 -9999 -9999 -9999 -9999 -9999 -9999 -9999 -9999 -9999 -9999 -9999 -9999 -9999 -9999 -9999 -9999 -9999 -9999
5.5 2.25 4.75 6.75 4.75 1.25 -3 -5 -5.75 -7 -8.25 -10.25 -11.5 -12 -13.25 -16.5 -17.25 -17.75 -21.5 -22.25 -27 -26.75 -25.5 -29.75 -34.75 -36.5 -36 -31.25 -31.25 -29 -36.25 -37.5 -31.5 -25.25 -24 -17 -20 -24.25 -27 -37 -34.25 -10.75 1.75 11.5 7.75 6 22 36.75 43.25 44.5 45.25 47 47.5 47 47.5 48 48.25 47.75 45.75 47.25 50.75 56 -9999 -9999 -9999 -9999 -9999 -9999 -9999 -9999 -9999 -9999 -9999 -9999 -9999 -9999 -9999 -9999 -9999 -9999 -9999 -9999
1.75 0.75 1 1.25 1 0.75 0.5 -2.25 -4.25 -5 -6.75 -9.25 -9.5 -10 -12.25 -14 -17 -18.5 -18.5 -20.25 -23.5 -23.25 -22.5 -29 -31 -33 -32.5 -28.75 -30.25 -27.25 -28.25 -30.5 -25.75 -22.25 -24.25 -19.75 -8 -11 -15 -19.5 -16.25 -13.25 -3.5 11 24.5 22.25 21.25 38 45.75 47.25 47.25 48.25 48.5 48.5 48.75 49 49.25 48.5 46.75 49 53.5 -9999 -9999 -9999 -9999 -9999 -9999 -9999 -9999 -9999 -9999 -9999 -9999 -9999 -9999 -9999 -9999 -9999 -9999 -9999 -9999 51.5
-2.75 -5.75 -5.75 -4 -4 -2.5 -2.25 -3 -4 -5.5 -6.5 -7.75 -8 -10.25 -11 -15.25 -16.25 -18.75 -17 -17.75 -21.75 -23 -19.25 -21.5 -27 -30.25 -30.75 -28 -25.5 -22.5 -20 -19 -18 -26.75 -19.75 -13 -3.25 1.25 3.25 0.75 7.75 10.75 13.5 10.25 14.75 34 38.5 46 47.75 50.5 50.25 50.5 50.5 50.5 50.5 50.5 50.75 50.25 50.25 52 -9999 -9999 -9999 -9999 -9999 -9999 -9999 -9999 -9999 -9999 -9999 -9999 -9999 -9999 -9999 -9999 -9999 -9999 54 51 51.25 32
-6.5 -7.25 -7.25 -7.75 -6.5 -8 -4.75 -4.75 -4 -6.25 -5 -6 -7.5 -8.5 -11.25 -13.25 -13.25 -16.25 -16 -17.5 -22.5 -19.75 -17.75 -18.25 -23 -25.75 -24.75 -26 -24.5 -24.5 -17.75 -15.25 -17.5 -19.75 -13 -17 -17.75 -8.25 5.5 17.5 20 27.25 32.5 32.75 28.75 31 43.75 47.5 50 50 51 52.5 52.75 53 53.25 53.75 54 54.5 56 -9999 -9999 -9999 -9999 -9999 -9999 -9999 -9999 -9999 -9999 -9999 -9999 -9999 -9999 -9999 -9999 -9999 57 52.66667 50 35.75 25.75 32.5
-16 -14 -13 -10.5 -7.5 -6 -5.5 -5 -5.5 -4.75 -4.75 -5.25 -6 -7 -10.25 -12.75 -10.75 -13 -16.25 -15.75 -16.5 -17.75 -16 -18.25 -18.5 -18 -19.25 -18.75 -20.5 -20.25 -16.75 -9.75 -13.25 -15.5 -10.5 -8.25 -14.25 -11.5 -0.75 7.5 22.5 33 37.5 40 42 46 48.75 49.25 50 50.5 53 56.25 57 58 -9999 -9999 -9999 -9999 -9999 -9999 -9999 -9999 -9999 -9999 -9999 -9999 -9999 -9999 -9999 -9999 -9999 -9999 -9999 -9999 -9999 -9999 53 47.5 37.25 34.25 32.25 40.25
-12.75 -16.25 -14 -9.75 -7.75 -7.75 -6.5 -5.5 -5 -4 -4 -5 -6 -6 -6.75 -8.75 -9.25 -11.25 -12.25 -13.25 -14.25 -13.5 -14.5 -19.75 -18 -15.25 -15.25 -15.25 -14.5 -14.75 -12.75 -6.5 -11.75 -9.25 -5.75 -3.25 -2 -3.75 -8.5 -4.5 10.5 28.5 35.5 41.5 45.75 49 49.75 49.75 50.25 52 54.75 59 -9999 -9999 -9999 -9999 -9999 -9999 -9999 -9999 -9999 -9999 -9999 -9999 -9999 -9999 -9999 -9999 -9999 -9999 -9999 -9999 -9999 -9999 -9999 -9999 53.25 50.5 47.25 45.5 43.5 44.75
-11.5 -15 -17.75 -13.75 -10.5 -10.5 -8.5 -6.25 -4 -3.25 -3.5 -4.5 -7 -5.25 -4.5 -5.5 -7 -7.75 -8.5 -9.25 -10.25 -11 -13.5 -15.5 -12 -13.75 -13.5 -13.5 -11.25 -11.75 -9 -2.25 1.75 -0.5 0.75 2.75 0.25 -1.75 -0.25 1.25 16.5 27.25 34 40.75 46.5 49.5 49.5 49.5 50.5 52.25 55 60 -9999 -9999 -9999 -9999 -9999 -9999 -9999 -9999 -9999 -9999 -9999 -9999 -9999 -9999 -9999 -9999 -9999 -9999 -9999 -9999 -9999 -9999 -9999 -9999 55.25 51.25 50.25 49.75 48.5 48
-14.25 -12.25 -12.75 -12.25 -13 -13.75 -17.75 -9.75 -4.75 -3.75 -2.5 -3 -3.5 -3 -3.5 -4.5 -6 -6.75 -7.25 -8 -8.75 -9 -9.5 -10.5 -11.25 -10.5 -10.25 -10 -9.25 -9 -7.5 -6.5 -1 3.75 7 8 4.5 0.5 0.75 13.5 16.5 25.5 34.75 36.75 45.25 49 48.75 48.5 49.75 52.25 55.5 -9999 -9999 -9999 -9999 -9999 -9999 -9999 -9999 -9999 -9999 -9999 -9999 -9999 -9999 -9999 -9999 -9999 -9999 -9999 -9999 -9999 -9999 -9999 -9999 -9999 55.75 55 54.75 54.25 53 50.25
-10 -12.5 -8.25 -8.25 -10 -13 -11.5 -3 -2 -2.75 -3 -3 -3 -3.5 -3.5 -4 -6 -7 -8.5 -8.5 -8.25 -8.25 -8 -9 -9 -8 -8.75 -6.75 -5.75 -5.75 -5.5 -3.75 -3.75 -2.25 -0.75 -2.25 4.25 10.75 7.5 7.75 15.5 16.5 30.5 41 45.75 48 48.25 48 49.5 51.5 54 58 -9999 -9999 -9999 -9999 -9999 -9999 -9999 -9999 -9999 -9999 -9999 -9999 -9999 -9999 -9999 -9999 -9999 -9999 -9999 -9999 -9999 -9999 -9999 -9999 -9999 -9999 -9999 -9999 58 55.75
-6.25 -6 -5.25 -3.5 -2.75 -2 -1 -1.25 -3 -2.5 -2.5 -2.75 -3 -3.25 -3.75 -5.5 -7 -8.25 -10 -10.5 -11.25 -9.25 -8.75 -7.75 -7.75 -7.25 -5.75 -5.25 -3.5 -4 -1.75 -1.75 -2 -4.75 -6.5 -5.75 -0.5 9 -3 0 17.25 27 31.5 43.5 45.5 44 46.75 46.75 47.5 49.5 51.25 55.66667 -9999 -9999 -9999 -9999 -9999 -9999 -9999 -9999 -9999 -9999 -9999 -9999 -9999 -9999 57 54.33333 52.75 52.75 55 59 -9999 -9999 -9999 -9999 -9999 -9999 -9999 -9999 -9999 -9999
