layers/wordclim/past/Iberia_miroc_10_ascii/bio_07.asc
ncols         205
nrows         142
xllcorner     -11.010633712694
yllcorner     33.273793250999
cellsize      0.083333333333334
NODATA_value  -9999
[rows 34 to 67 of 142, columns 77 to 153 of 205]
274.75 272.25 270.5 268.25 266.25 265 263.25 261.25 259.5 259 257.25 256 254.75 256 256.75 257.75 258.5 258.75 259.5 260 261 261.75 264 265 266.25 267.5 268 269.75 269 269.25 268 266.75 266.5 266.75 267.25 268.25 268 267.75 267.75 267.5 267.5 265.75 264.25 261.75 260.5 260.5 260 258.5 256.75 253.75 251.75 250 248.5 251.5 252.25 255.75 259.25 265.75 260 267.25 263.75 261.25 255.5 262.25 254.75 250.75 261 251.25 236.25 241 242.75 246.25 238.5 232.25 227.5 228.5 234.75
278.75 277.75 275.5 272.5 271 268 265 263 261.5 261.5 260 260 259.25 258.5 260.25 260.75 261.5 262.25 263 264 265.25 266.5 267.25 269.5 270.25 270 270.5 273.5 272.75 273.25 272.5 272.25 271 269.75 269.75 269.5 269.25 268.75 269 269.25 269.25 268 267 265.5 263.25 263.75 264.25 262.75 261 258.5 256.5 255.75 257 260.25 260.75 262.25 263.25 268.25 268.5 271.25 265 263 263.75 267 259.5 267.75 265.5 256.5 246 244.5 251.25 244.25 232.5 229.75 234 232.25 228.5
282.75 280.75 278.5 274.75 272 270 268 266.25 265.5 264.5 263.5 263.25 263 262.75 262 263 264 265.25 266 267.25 268 267.5 270.5 272 269.5 272.25 275.75 275 275.25 276 275.25 274.5 273.75 273 272 271 270.5 271.5 271 270.5 271.5 270 269 268.5 267.25 266.25 265.5 264.5 262.75 262.5 261.75 258.75 261.5 264.5 265.75 268.75 272.5 275 266.25 267.5 266.75 270.75 264.5 262.75 257.25 269 263 260 251 250.5 252.5 249 246 241.25 239 236.5 236.75
284.75 282.25 279.25 276.25 274.5 272.25 271.25 269.5 267.75 266.25 265.25 265.5 265 265.5 265.25 265.25 266.75 268.25 269.25 269.25 267 270.25 269 269.75 272.25 275.75 276 277.25 278 277.5 277.75 276.25 276 276 273.75 272.5 272 272.25 271.75 272.5 272.25 272.25 269.75 266.75 267.5 269.25 267.75 266.75 265.75 264.75 265.25 263.75 266.25 269 270.5 274 276.5 279 276 274.5 268.75 272.25 273.5 265.75 264.75 267.5 253 259.5 260.25 258.75 255.75 251.5 246.75 245.5 243 241.5 240.5
284.5 283 280.5 278.5 275.75 274.5 272.25 272 270.75 269.25 268.25 267.75 267.5 268.25 268 269 269 271 272.5 273.75 274.5 275.75 276.75 279 280.5 281.75 282 279.5 279.5 280.25 279 277.75 277.25 276 274.75 274.25 273.25 273.25 273.25 273.5 274.25 273.25 270.75 269.75 270.25 272 270.75 267.5 266 267.25 267.75 268.25 269.25 272.5 272 276.75 281 282.25 283.75 281.75 280 279.25 277.25 272.5 272.75 272.25 267.75 268 264.25 259 254.25 249.25 245.5 243.5 242.75 241.75 239.5
283.5 282.25 280.25 279 277.25 275.5 273.5 272.25 270.75 270.25 270 269.25 269 269.25 269.5 270.25 270.75 271.5 273.75 275.5 277.5 278.75 281 283.25 285.75 286.25 286.5 284 281.5 280.75 280.25 278.25 275.75 276.75 275.5 274.5 274.25 273.75 273.5 274 274.25 273.5 273.75 272.75 273.75 275 273 270.25 265.75 267.25 269 271.25 273 273.5 274.5 279 283 285.25 289.25 291 293 291.75 289 285 283.75 280.75 273.75 268 262.75 257.75 253.25 249.5 246 242.5 241 239.75 238
283.25 281.75 280.5 279 277 275.25 274 272.5 271.5 270.5 270.75 270.5 269.25 270 269.75 270 272 273.5 275 277.75 279.75 280.75 282.75 284.25 287.5 288.5 288 286.25 285.25 283.25 280.5 277.75 273.75 270.5 275 275.25 274.25 274.75 275 273.5 275 275.5 275.75 276.5 276.75 277.5 274 271.25 266.75 266.5 269.25 271.75 274.75 276 277.75 281 283.5 287 291.25 294.5 296.25 294.5 298 295 289 281.75 274.5 268.25 261.5 255.5 250 246.75 244 241.25 239.25 238 235.5
282.5 281.75 280 278.5 277.5 275.75 274.75 273 271.5 270.5 270.25 269.75 270 270.75 271.5 272.25 273 274.75 276 278.75 280.25 282.5 284 286.25 287.75 288.25 288.75 287.25 285.75 284.25 282 279.25 278.25 276 275 275 273.5 273.75 275.25 275 274.5 275.5 277.5 279.75 280.75 279.5 276.25 273.25 271.75 269.75 268 270 273.5 275.5 277 281.5 284.75 287.75 290.75 294.75 297 299.5 302.75 298.25 289 281 273.5 266.25 259.5 253.25 248 244 240.75 238.5 236.25 235 233
280.75 280 279.5 278.25 277 274.75 273.5 272.25 272 271 271.25 271.5 271.5 272 272.5 272.75 273.25 275 276.75 279.5 281.25 282.25 284.5 286 287 287.5 288 287 285.25 284 282 279.75 278.75 277.5 275.25 274 272.5 273 275 274.5 274 272.25 275 277.75 278.5 279.25 277.75 275.5 273.75 272.25 272.75 272 273.75 275.5 276.75 279.25 283.25 286.25 290 293.25 296.25 299.25 300.75 296.5 287.5 277.75 270 262.5 255.75 249.5 246 241.75 239 235.5 232 231.75 230.25
280.5 279.5 278.75 277 275.5 274.5 273 272.5 271.75 271.25 271.25 272 272.25 272.75 274.25 274.5 275.25 276.25 276.5 279.5 280 281.75 283.5 284 285.75 286.25 287 286.5 285 284 281.5 280.5 279.75 277.5 275 274.25 273.25 273.25 273.75 273 273 272.75 273.75 271.5 273.75 275.25 275 275.75 274.25 274.5 274 273.5 273.75 275.5 278 279.75 282.75 284.5 286.75 291 292.75 294 293.25 287.25 278.75 272 264.5 256.5 250.25 246.75 243 239.25 236.25 233.75 230.25 227 225
279.5 277.75 277.5 276.25 275.5 274.5 272.5 272 271.75 271.75 271.5 272.75 272.5 272.75 274.25 274.75 275.5 276.25 277.5 280 281.5 282.5 284 285.25 285.75 286 286.5 285.25 284.5 283 281.5 280.75 279 277 275 273.5 272 271.75 270.75 272 270.75 270 268.75 268 268.5 271 272.25 274.5 273.75 274.25 274 272.5 273.25 273.5 275 278.5 281.5 283.25 284.5 286.75 287.5 286.75 283.75 276.5 270 263 257.75 253.25 248.25 243 239.5 236.5 234.5 230.75 226.25 222.75 222
277.5 277.75 276.5 275.25 274.25 273.5 272.75 272.5 272 271.75 271.75 272.25 272 273 273.5 274.75 275.75 277.5 278.25 281 282 282.5 284 284.75 285.5 286.25 287 285 284 282.5 280.75 280.5 279 276.5 274.5 273.75 271.5 269.25 267.5 267.25 268.25 266.5 266.25 265 268 270.5 270.75 271 271.75 273.25 273.5 272.75 273.5 274 274.75 277.5 278.25 278.75 281 282.25 280 280.75 276.25 269.5 262.5 255.25 249.5 246.5 244.25 238.25 232.25 229 229.25 224.75 220.25 219.25 218.5
276.5 276.25 276.25 274.5 273.75 272.5 271.75 271.5 271.25 271 271 271 272.75 272.5 273.25 274.75 276.75 276.75 278.5 280.25 282.5 283.5 284.25 284.75 285 285.25 285.75 284.5 283 281.75 280.25 279.5 277.5 275.5 273 271.25 269.5 267.5 265 263.25 263.25 263.5 263 264 265.75 266.5 267.25 268.75 270 270 270.75 271 271.75 272.5 273.25 274.75 275.75 276 276.5 276.75 277 275.25 272.75 266.5 258.5 253.5 248.5 245 238.5 226.25 223.5 221.5 220.25 216.25 215.75 215.75 214.25
276 275.25 275.25 274 273.5 272 271.5 270.75 270 270.25 270.75 270.75 272 272 274.25 274.75 276.5 277.75 279.5 280.5 281.75 282.5 282.5 283.5 284.75 285 284.75 284.5 284.25 282.25 281.25 279.5 277.75 275 273 270 268.75 266.25 263.5 261.75 259.75 259 260.25 261 262 262.25 263 265.5 267 267.25 268 268.25 268.75 269.75 270.5 271.25 272.25 272.75 272.5 271.25 268.5 270 266.25 261.5 256 250.75 244.75 236.25 227.25 218.5 214.5 212.75 213.5 213.25 213.5 212.75 211.75
276.5 275.25 273.5 274 272.75 270.25 269.5 269.25 269 269.75 270 271.25 273.5 274 274.75 275.75 276.75 277.25 277.75 280.25 280.75 281.25 282.75 284 284.75 285.75 285.5 285.25 283.75 282.5 282 280.75 277.5 274.75 272.25 269.75 267.75 265 262 260 258.25 257.75 257.75 258 258.75 259 258.75 260.75 263.25 263.5 264 264.25 265.25 265.5 267.75 267.5 268 268.5 267 265.25 265.5 264 259 255.5 252.25 246.5 237.5 229.25 221.25 214.5 212 211.5 211.5 211.25 212 212 211.5
276.75 274.75 273.5 272.25 271 269 268.75 269 267 269.25 271 272.25 273.5 274 275.25 274.25 275 276.75 277 278.25 280 281.5 283.5 284.25 285.5 286.25 286.75 285.75 284 283.25 282.25 280.25 278 275 272.5 269.5 266.25 264.5 260.5 258.25 258.25 258.75 257.5 256.75 256.5 256.75 258.75 260 260.5 259.5 260.25 261.25 262.25 262.75 261.5 262.25 263 263 262.75 263.25 261.5 259 254.75 251.25 248 241.75 233 227 221 216 212.75 211.75 211.75 211.5 -9999 -9999 -9999
276.5 274 273.25 272.5 271.5 269.75 269.5 268.5 270 270.5 272 272.5 273 274 274 274.75 275 275.25 276 277.75 280.75 282.75 284.25 285.5 285 286 286.75 285.75 284.25 283 282.25 280.25 278 274.75 272 270 266 262.75 259.5 255.5 256.75 257.25 257.25 255.75 255.5 254.75 255 256.25 256 256.25 257.75 258.25 258.25 257.5 257.75 257.5 258.75 257.5 258.25 255 257.5 254.75 250.5 246.75 240.25 235 230 225.25 220.25 216 213.25 213 -9999 -9999 -9999 -9999 -9999
276 274.75 272.75 272.25 271.5 270 269.75 266 269 270.75 271.25 273.25 275 274.5 274.5 274.75 274 274.75 276.75 280 282 283 282.75 284.5 285.5 287 286.75 286.5 285 283.75 283 281 279 276.5 273 271.5 267 263.25 258.25 255.5 256.5 256.75 256 254.75 253.75 253.25 253.5 254.25 253.25 253.25 253.25 254.75 255.5 255.25 254.25 254.5 253.75 252.75 249.75 252.5 254 250.5 247.5 242 236.5 232.5 227.75 224.25 220 215.75 213.25 213 -9999 -9999 -9999 -9999 -9999
277 275 273.75 272.75 273.25 271.25 271.25 269.5 272 272.25 273.5 274.75 277.75 277 276.5 275.75 274.5 274.5 278.5 280.25 281.75 283.5 284.25 284.75 286 287.25 287.5 287.75 286.5 285.75 284.5 282.5 280.25 276.75 274.5 272.75 269.5 263.75 259.25 259 260.25 258.25 257.5 255.5 254.5 253.5 253 253.5 252.75 251.75 252.75 252 252 252.75 251.5 251.5 249.25 247.75 248 251.25 249.25 246.25 243 238.5 234.5 231.25 226.5 222.5 219.25 216.75 214 212.5 -9999 -9999 -9999 -9999 -9999
277 275.5 274.5 272.75 272.75 273.5 274 273.75 273.75 274.75 276 279 280.25 279.25 278.5 277 274 275.75 279.75 280.75 282.75 285.75 284.5 285 287.25 289.75 289.25 288.75 288.25 287 286.25 283.5 281 278.5 276 274.25 271 266.75 261.75 259.25 259.75 258.25 256 255.5 254.5 253.5 253 253 251.75 250.5 250.25 249.25 250 249 248.25 247.75 247.25 247.25 247.5 247 245.5 243 238.5 235.5 232.75 229.75 226 222 218.25 215.5 214.25 213 213 -9999 -9999 -9999 -9999
278.25 277.5 277 275.5 275 276.25 276.5 275.75 276.25 278 278.5 281.25 284.5 281.75 280.75 278.75 277.25 279.25 280.75 282.5 285 286.25 285.25 288 290.75 290.75 291 290.25 288.75 287.75 286.25 284 282 279 277 274.75 272.5 268.5 263.25 259 260.5 259 256.25 255.5 255.75 253.5 253 252.25 252.5 251.75 249.5 248.75 247.75 248.5 246.5 247.25 246.5 245.5 244.25 242.5 240.25 238.5 235.75 233.25 231 227.75 224.25 221.5 219 215.75 214.5 213.75 -9999 -9999 -9999 -9999 -9999
281.25 281.25 280.5 279.25 278.75 279 279.25 280.25 279.25 280.5 280 283.5 287.5 287.5 285.5 282.25 281.25 282 283.5 285.25 286.5 286.75 287 288.75 289.25 290.5 290.5 291.25 291.75 290 288.25 284.75 283 280.5 278.25 276 273.5 269.5 265 260.75 260.25 259.25 257 257 256.75 254.75 254.25 253.5 252.25 251.5 249.75 248 247 246.5 245.5 244.75 243.75 242.75 241.75 238.5 236.75 234 232.25 230.75 229.75 226.25 223.75 221.5 218.5 216 214.5 214 -9999 -9999 -9999 -9999 -9999
283.75 284.25 283.75 283.75 284 284.5 283.75 283.25 281.25 280.75 281.75 284.75 291 291 287 285.5 284.75 285 286 287.25 286.5 287.75 288.5 289.5 291.75 291.5 293.25 293.25 293.25 293 290.5 287 284 282.25 279.75 277.5 274.75 270.5 266.5 263 260.25 258.75 257.25 258.5 256.5 256.25 256.25 255.25 253.25 251 249.25 247.75 246.5 244.75 244 241.75 239.5 239 239 235 233.25 231.75 230.25 228.5 228 225.25 223 220.5 218.25 216.5 214 214.5 -9999 -9999 -9999 -9999 -9999
283.5 285.75 286 287 288.5 287.75 287.25 285.25 283.5 282.75 285.25 289.25 291 291.75 288.5 288.5 287.75 287.5 288.5 288.75 288.75 290.25 290.5 292.5 295 295.5 296 296.25 296.25 295.5 292 288.75 286.25 283.75 281 279.25 276.25 272.5 270.25 265 262.25 259.5 258.25 257.75 256 254.5 254.75 255.75 252 251 248 245.5 245.25 243.75 241.75 240.25 235 236 235.75 233.25 230 229.75 228 226.25 225.75 224 221.75 220 218.75 216.25 214.5 -9999 -9999 -9999 -9999 -9999 -9999
289.75 289.25 289.75 290.75 291 289.75 288.5 288 287.25 286.75 288.25 291.25 293 292 291.25 290.75 289.25 290 290.75 290.75 291.75 293 292.75 295.25 296.5 297 298.5 299.5 298.25 298.5 295 291 287.5 285.25 282.25 279.5 277.25 275 271 266.75 264 260.5 260 258.25 254.5 252.5 253.25 253.25 251.75 249.75 248.75 246 242 238 238 234.75 233 230.75 231 229.25 228 228.25 226.25 225.5 224 223 222 219.75 218.75 217.25 215.5 -9999 -9999 -9999 -9999 -9999 -9999
292 293.25 293.5 293.75 293.25 292.25 292.5 291.5 290.75 291.5 291.5 294 293.75 293.25 293.25 292.75 291.5 292.25 292.5 293.25 294.25 295 295 297.75 298.5 299.75 300 301 300.75 301.5 295.25 292.25 289 286 283.75 281 277.75 275 270.5 265.5 264.5 263 263 260.75 255.5 252.25 251 250.25 248.5 247.5 244.5 242 238.5 233.25 231.75 231.75 229.25 227.25 227 227.25 226.75 226.25 225 224.25 223.25 221.5 222 219.75 218.25 217.5 -9999 -9999 -9999 -9999 -9999 -9999 -9999
295.25 295 295.5 295.75 295.75 295.75 295.25 294.25 294.75 294.25 295.25 295.5 294.5 295.25 294.75 294.5 294.75 295.25 295.5 296.25 296 296.75 297.25 300.25 300.75 301.5 302 303 303.25 303.25 298.25 295.25 291.5 288.25 286 282.5 279.25 276 271.75 265.5 264.75 264.75 266 262.75 257.25 253.75 251 248 244.75 242.25 238.5 237.25 231.75 229.25 231.75 229.25 226 224.5 225.5 225.25 225.75 224.75 224 222.75 222.5 221.5 220.25 219.75 218.5 -9999 -9999 -9999 -9999 -9999 -9999 -9999 -9999
297.75 298 297.75 298.25 298.5 298.5 298.5 298.5 298.25 297.5 297.5 297 297 297 296.5 296 297.5 297.75 297.5 297 296.75 298 298.5 300.25 302.25 302.5 303.75 304.25 304.25 303.75 300.75 296.75 293.5 290 286.75 283.75 280.5 277 272.5 267.25 265.5 264 263 262.75 260.25 256.5 252.75 250.5 245.25 243.75 236.75 229.25 225.25 222.75 222.75 222.75 222.25 223.25 223.5 223.25 224 223.75 223 223 222 221 220.25 219.5 -9999 -9999 -9999 -9999 -9999 -9999 -9999 -9999 -9999
299.25 299 300.25 301 301.75 302 302.5 301 300 300 299.5 299 298.75 298.25 299.25 299.25 298.75 298.75 299 299 299.25 299 300 301.75 301.75 303 304 303.25 304 303.25 300.75 298.25 295 290.5 287 284.75 280.75 277.25 272.25 269 265.25 263.25 261.25 259.5 260.75 258.25 250.75 245.25 238.75 239 238.75 230.75 222.75 219.25 219 220.25 221.5 221.5 222.75 222.75 222 222.5 222.25 223.25 221.75 220.25 219 -9999 -9999 -9999 -9999 -9999 -9999 -9999 -9999 -9999 -9999
301 301.75 302.25 302.75 303.25 303 303.5 302.5 301.75 302.75 301.75 301.75 301.25 301 300.25 299.75 300.5 300.5 300.25 300.5 300.25 300.75 301.75 302.25 302.25 303.75 303 302.25 302.75 302.5 299.75 297 294 290.5 286.75 284.5 281 276.5 272.75 270.5 266.25 261.25 259.75 257.75 256.75 254.75 252 247.5 239.25 231 231 230.5 222 218.25 217.75 218.75 220.5 221.25 221.75 221.75 221.5 221.25 222 222.75 221 220 -9999 -9999 -9999 -9999 -9999 -9999 -9999 -9999 -9999 -9999 -9999
303 303.5 305 305 304.75 304.25 304 303.5 303.75 303.75 303.75 302.75 302.75 301.5 302.25 302 302.5 302 302.25 301.75 302.25 302 303.25 302.5 301.75 302.75 302.25 300.5 300.75 301 299 296.5 293.75 289.75 286.5 282.25 279 275 275 270.5 266.5 259.75 256.25 252.5 251.5 246.75 243.75 240.5 240.25 235.75 223.25 220.75 218 218.25 217.25 217.25 219 220.5 221 221 221 221 221.75 222 221 -9999 -9999 -9999 -9999 -9999 -9999 -9999 -9999 -9999 -9999 -9999 -9999
304.25 306 306.5 306.5 306 306.25 306.5 306.25 306.75 306.25 306.25 305.25 304.25 303.25 303.25 303.5 303 303.25 303 303.25 302.5 302.25 303 301.75 302 302.75 301.25 300.5 299.5 299.5 298.25 295.5 293.5 289.5 287 282.25 278.5 275.25 273.5 269.5 268 265 260 252.75 245 241.5 235.5 230.75 228 228.25 226 218.25 217.5 217.75 217.75 218 218.5 220.75 221.25 220.75 221 221 221.5 220 -9999 -9999 -9999 -9999 -9999 -9999 -9999 -9999 -9999 -9999 -9999 -9999 -9999
305.5 305.5 308 307.75 307 306 307 307 308.75 308 306.75 306.5 305.5 305.75 304.75 305.25 304.75 304.25 303.75 303.25 302.5 301.75 303.25 302.75 302.5 301.5 301 299.75 299.25 298.75 296.5 294 291.25 289.25 286.75 282.75 278.25 276 273.25 269 266 265.75 261.5 255.5 250 241 233.25 228 224.5 220.5 217 215.25 216.25 218 218.25 218.75 218.5 220 220.5 -9999 -9999 -9999 -9999 -9999 -9999 -9999 -9999 -9999 -9999 -9999 -9999 -9999 -9999 -9999 -9999 -9999 -9999
309 308.5 307.75 308.5 309.25 309.25 308.75 310.25 310 309.5 309.5 308.5 308 306.75 306.25 305.75 305.5 304.75 303.75 303.25 303 303.25 303.5 302.25 302.5 301.75 300.5 299.5 300.25 297.75 295.25 292.75 291 288 286 282.5 278 275.75 272.5 268.5 265 261.5 260.25 259.5 255.5 247.5 236.25 229.25 224 218.75 214.75 215.25 216.75 218.5 219.25 219.75 219.5 -9999 -9999 -9999 -9999 -9999 -9999 -9999 -9999 -9999 -9999 -9999 -9999 -9999 -9999 -9999 -9999 -9999 -9999 -9999 -9999
