layers/wordclim/past/Iberia_miroc_10_ascii/bio_15.asc
ncols         205
nrows         142
xllcorner     -11.010633712694
yllcorner     33.273793250999
cellsize      0.083333333333334
NODATA_value  -9999
[rows 0 to 36 of 142, columns 82 to 163 of 205]
-9999 -9999 -9999 -9999 -9999 -9999 -9999 -9999 -9999 -9999 -9999 -9999 -9999 -9999 -9999 -9999 -9999 -9999 -9999 -9999 -9999 28 27 27 26 26.5 26.5 26 26 26 25 25 24.5 24 24 23 23 22.5 22 21.5 21.5 20.5 20 20 19.5 19 19 18 17.5 17 16 16 15.5 15 15 14 14 14 13 13 13 13 13 12.5 12 12 12 12 12 12 12 12 12.5 13 13.5 14 14.5 15.5 16 16 16 16
-9999 -9999 -9999 -9999 -9999 -9999 -9999 -9999 -9999 -9999 -9999 -9999 -9999 -9999 -9999 -9999 -9999 -9999 -9999 -9999 -9999 -9999 27.5 27 26 26.25 26.75 26 26 26 25.25 25 24.75 24 24 23 23 22 22 21.25 21 20.5 20 20 19 19 18 18 17 17 16 16 15.25 15 14.5 14.25 14 13.5 13 13 13 12.75 12.5 12.25 12 12 12 12 12 12 12 12 13 13 13.25 13.75 14.5 15.25 16 16.5 16.75 17
-9999 -9999 -9999 -9999 -9999 -9999 -9999 -9999 -9999 -9999 -9999 -9999 -9999 -9999 -9999 -9999 -9999 -9999 -9999 -9999 -9999 -9999 -9999 28 27 26.25 26 26 26 25.75 25.25 25 24.75 24 24 23 22.75 22 22 21.25 20.75 20.5 20 19.75 19 18.75 18 17.25 17 16.5 16.25 15.75 15 14.75 14.25 14 14 13 13 13 13 13 12.25 12 12 12 12 12 12 12 12.5 12.5 12.75 13 13 13.75 14.25 15 15.5 16.5 16.75 17
-9999 -9999 -9999 -9999 -9999 -9999 -9999 -9999 -9999 -9999 -9999 -9999 -9999 -9999 -9999 -9999 -9999 -9999 -9999 -9999 -9999 -9999 -9999 -9999 -9999 26.75 26 26 25.75 25.75 25.5 25 24.5 24 24 23 23 22 21.75 21 20.5 20 20 19.5 19 18.25 18 17.25 17 16.75 16 15.75 15 15 14.25 13.75 14 13 13 13 12.75 12.75 12.5 12.25 12 12 12.5 12.25 12 12.25 12.25 12.75 12.75 12.75 13.5 13.75 14 15 15.25 15.5 16.5 17.25
-9999 -9999 -9999 -9999 -9999 -9999 -9999 -9999 -9999 -9999 -9999 -9999 -9999 -9999 -9999 -9999 -9999 -9999 -9999 -9999 -9999 -9999 -9999 -9999 -9999 27 26.25 26 25.5 25.5 25 25 24.5 24 23.5 23 22.75 22 21.25 21 20.5 20 19.75 19 18.75 18 17.75 17 16.75 16 15.25 15.25 15 14.25 14 14 13.5 13 13 12.5 12.25 12 12 12 12 12 12.25 12 12 12 12 12.5 12.75 13 13 13.75 14 14 15 15.75 16 16.75
-9999 -9999 -9999 -9999 -9999 -9999 -9999 -9999 -9999 -9999 -9999 -9999 -9999 -9999 -9999 -9999 -9999 -9999 -9999 -9999 -9999 -9999 -9999 -9999 -9999 -9999 26.5 26 25.75 26 25 25 24.5 24 23.5 22.75 22.5 22 21.5 21 20.5 20 19 19 18.75 18 17.5 17 16.25 16 15.5 15 15 14.5 14 13.75 13 13 13 12.75 12.25 12 12 12 12 12 12 12 12 12 12.25 12 13 13 13 13.25 13.75 14 14.5 15 15.5 16
-9999 -9999 -9999 -9999 -9999 -9999 -9999 -9999 -9999 -9999 -9999 -9999 -9999 -9999 -9999 -9999 -9999 -9999 -9999 -9999 -9999 -9999 -9999 -9999 -9999 -9999 27 26 26 25.75 25 25 24.25 24 23.25 23 22 22 21.5 21 20 20 19 18.75 18 18 17.25 17 16.25 16 15.25 15 14.25 14 14 13.5 13 13 12.5 12.75 12 12 12 12 11.75 11.75 12 12 12 12 12 12 12.5 12.25 13 13 13.25 14 14.25 14.5 15 16
-9999 -9999 -9999 -9999 -9999 -9999 -9999 -9999 -9999 -9999 -9999 -9999 -9999 -9999 -9999 -9999 -9999 -9999 -9999 -9999 -9999 -9999 -9999 -9999 -9999 -9999 27 26.5 26 25.75 25 25 24.5 24 23.25 22.75 22 22 21.25 21 20.5 20 19 19 18 18 17.25 16.25 16 15.75 15 15 14.5 14 14 13.5 13 12.75 13 12.25 12 12 12 11.75 12 12 12 12 11.75 12 12 12 12 12.5 13 13 13 13.25 14 14 15 15.25
-9999 -9999 -9999 -9999 -9999 -9999 -9999 -9999 -9999 -9999 -9999 -9999 -9999 -9999 -9999 -9999 -9999 -9999 -9999 -9999 -9999 -9999 -9999 -9999 -9999 -9999 -9999 26.5 26 25.75 25 25 24 24 23.25 23 22.25 21.75 21.25 21 20.5 20 19 18.5 18 17.75 17.25 16 16 15 15 14.5 14 14.25 13.75 13 13 13 12.75 12 12 12 11.75 11.75 11.25 11.5 11.75 11.75 12 12 12 12 12.25 12.5 12.75 13 13.5 13.5 14 14.25 14.75 15
-9999 -9999 -9999 -9999 -9999 -9999 -9999 -9999 -9999 -9999 -9999 -9999 -9999 -9999 -9999 -9999 -9999 -9999 -9999 -9999 -9999 -9999 -9999 -9999 -9999 -9999 -9999 26.25 26 25.75 25 24.75 24.25 24 23.5 23 22.5 22 21.25 21 20 19.75 19 18.25 18 17.25 17 16 16 15 14.75 14.25 14 14 13.5 13 13 12.75 12.75 12 12 12 11.75 11.75 11.5 12 11.75 12 12 12 12 12 12.5 12.75 13 13 13.25 13.5 14 14 14.25 15
-9999 -9999 -9999 -9999 -9999 -9999 -9999 -9999 -9999 -9999 -9999 -9999 -9999 -9999 -9999 -9999 -9999 -9999 -9999 -9999 -9999 -9999 -9999 -9999 -9999 -9999 26.5 26 26 25.25 25 25 24.25 24 23.5 23 22.25 22 21.25 21 20.25 19.75 19 18.5 18 17 17 16 15.5 15 14.5 14.25 14 13.75 13 13 13.25 13 12.25 12.25 12 12 12 11.25 11.75 11.25 11.5 11.25 11.75 12 12 12.25 12 12.5 13 13 13 13.75 14 14 14.5 14.75
-9999 -9999 -9999 -9999 -9999 -9999 -9999 -9999 -9999 -9999 -9999 -9999 -9999 -9999 -9999 -9999 -9999 -9999 -9999 -9999 -9999 -9999 -9999 -9999 -9999 -9999 26.5 26 25.75 25 25 25 24.25 24 23 23 22.25 22 21.25 21 20 20 19 18.25 17.5 17 16.5 16 15.25 15 14.5 14 14 13 13.25 13 13 13 12.75 12.25 12 11.5 11.75 11.5 11.25 11.5 12 12 12 12 12 12.25 12.75 13 13 13 13 13.75 14 14 14 14.75
-9999 -9999 -9999 -9999 -9999 -9999 -9999 -9999 -9999 -9999 -9999 -9999 -9999 -9999 -9999 -9999 -9999 -9999 -9999 -9999 -9999 -9999 -9999 -9999 -9999 -9999 26 26 25 25 25 24.75 24 23.75 23 23 22.5 22 21.5 21 20 19.5 19 18.5 18 17 16.25 16 15 14.75 14.25 13.75 13.25 13 13 13 13 12.5 12 12 11.75 12 11.5 11.25 11 11.75 11.5 12 12 12.25 12 12.75 13 13 13 13 13.75 14 14 14 14.25 14
-9999 -9999 -9999 -9999 -9999 -9999 -9999 -9999 -9999 -9999 -9999 -9999 -9999 -9999 -9999 -9999 -9999 -9999 -9999 -9999 -9999 -9999 -9999 -9999 -9999 -9999 26 25.5 25 25 25 24.5 24 23.75 23 23 22 22 21.25 21 20.25 20 19.25 18.75 18 17.5 16.5 15.75 15 14.5 14 13.25 13 13 13 12.75 12.5 12.25 12 12 11.75 12 11.5 11 11.25 12 11.75 12 12 12 12.25 12.75 13 13 13 13.75 14 14 14 14 14.75 15
-9999 -9999 -9999 -9999 -9999 -9999 -9999 -9999 -9999 -9999 -9999 -9999 -9999 -9999 -9999 -9999 -9999 -9999 -9999 -9999 -9999 -9999 -9999 -9999 -9999 -9999 26 25.75 25 25 25 24.25 24 23.5 23 23 22.25 22 21.75 21 20.75 20 19.5 18.75 18 17 16.5 16 15 14.25 13.75 13 13 13 12.5 12 12 12 12 12 11.75 12 12 11.25 12 11.75 12 12 12.25 12.25 13 13 13 14 14 14.5 14.75 14.5 14.75 14.75 15 15
-9999 -9999 -9999 -9999 -9999 -9999 -9999 -9999 -9999 -9999 -9999 -9999 -9999 -9999 -9999 -9999 -9999 -9999 -9999 -9999 -9999 -9999 -9999 -9999 -9999 -9999 -9999 26 25.75 25 25 24 24 23.5 23 23 23 22 22 21.5 20.75 20 19 18.25 17.75 17 16 15.25 15 14 14 13.25 13 12.25 12.5 12 12 12 12 12 11.75 12 12 11.75 12 12 12 12.25 12.5 12.75 13 13.25 14 14 14.25 14.75 15 15 14.5 14.5 14 15
-9999 -9999 -9999 -9999 -9999 -9999 -9999 -9999 -9999 -9999 -9999 -9999 -9999 -9999 -9999 -9999 -9999 -9999 -9999 -9999 -9999 -9999 -9999 -9999 -9999 -9999 -9999 -9999 -9999 25 25 24.5 24 23.75 23 23 23 23 22 21.5 21 20 19 18.5 17.75 16.5 16 15.25 14.75 14 13.5 13.25 12.75 12 12 12 12 11.75 11.75 11.75 12 11.25 12 12 12 12 12.75 13 13 12.75 13.25 13.75 14.25 14 14.75 15 15.75 15 14.75 14.5 14.5 14.5
-9999 -9999 -9999 -9999 -9999 32 -9999 -9999 -9999 -9999 -9999 -9999 -9999 -9999 -9999 -9999 -9999 -9999 -9999 -9999 -9999 -9999 -9999 -9999 -9999 -9999 -9999 -9999 -9999 -9999 -9999 24.5 24 23.5 23.5 23.5 23 23 22 21.5 21 19.75 19 18.25 17.5 16.5 16 15.5 14.5 14 13 13 12 12 12 12 11.75 11.75 12 11.5 12 11.75 11.75 12 12 12 13 13 13 13 13.5 14 14.25 15 15.5 16 16 16.5 14.75 14.75 14.25 14
-9999 -9999 -9999 32 31 31 31 31 31 -9999 32 31 31 31 31 31 30 30 29 -9999 -9999 -9999 -9999 -9999 -9999 -9999 -9999 -9999 -9999 -9999 25 24.25 24 24 23 23 23 22.75 22 21.25 20.25 19.5 19 18 17 16.25 15.5 15 14 14 13 13 12 12 12 12 12 11.75 11.75 11.75 11.75 12 12 12 12.5 12.5 13 13 13 13 13.5 14 15 15 15.75 16.75 17.25 17.5 16 14.75 14.25 14.5
30.5 30.75 31 30.75 31 30.5 30.25 30 30.25 30.5 31 31 31 31 31 31 30 29.25 28.5 28 28 27 26.5 25.5 25.25 24.75 25 25 25 24.66667 24.25 23.5 23.5 23.25 23 23 23 22.75 21.75 21 20.25 19 18.5 17.5 17 16 15 14.5 14 13 13 12.75 12 12 12 12 12 12 12 12 12 12 12 12.5 12.5 13 13 13.25 13 13.25 14 14.5 15 15.5 16.5 16.75 15.75 16 16.75 16 16 15
29.5 30 30 30 30.5 30.25 29.25 29.5 30 29.5 29.75 30.75 31 31 30.75 29.25 28 28.25 27.5 27.25 26.75 25.75 25.25 24.75 24 24 24 23.75 23.5 23.5 23.5 23 23 23 23 22.75 22.25 22 21.5 20.5 20 19 18.5 17.5 16.5 16 15 14 13.5 13 13 12.75 12.25 12 12 12 12 12 12 12 12 12.25 12.5 13 13 13 13 13.25 13.5 13.75 14 14.25 15 15.5 15 14 13.75 13.75 14 13.75 14.75 15.5
28.5 28.75 29.25 29.5 28.25 28.25 27.5 27.75 28.25 27.5 27.75 28.5 29.75 30.75 31 30.75 28.5 27.5 26 25.25 25.5 25 24.5 24.25 23.75 23.5 23 22.5 22.5 22.25 22.5 23 22.5 22.25 22 22 21.75 21.75 21 20 19.5 18.75 18 17 16.5 16 14.25 13.75 13.5 13 13 12.5 12 12 12 12 12 12 12 12 12.5 12.75 13 13 13 13 13.25 13.5 13.25 14 14 14.25 15.25 16 16.75 17 17.25 17.25 18.25 18.25 19.5 20.75
26.75 27.5 27.25 26.75 26.25 24.25 24 24.25 26.75 26.25 26.5 26.25 28 27 29 29.25 28.25 26.5 24.25 23.5 23.5 23 23 22.5 22.5 22.25 22.25 22 21.75 22 22 22 21 21.25 21.75 21.75 21.25 20.75 20.25 19.75 19 18.25 17.5 16.5 15.75 15.25 15 13.75 13.25 13 12.75 12.25 12 12 12 12 12 12.5 12 12.75 12.75 13 13 13.25 13.25 14 13.5 14 13.5 14 14 14.25 15 15.25 17.25 18.75 20.75 21.25 22.25 21.75 22.75 23.5
24.75 26.5 24.75 25.25 25 22 20.75 23 23.75 23.25 24.75 26.25 27.25 26.75 26.5 26.5 26.75 24 24.5 23 22.5 21.75 21.75 21.5 21.25 22 21 21.75 21.25 22.25 22.25 22 21.25 21 21.75 21.75 20.25 19.25 19.25 18.75 18 17.25 17 16 15.5 14.75 14 13.75 13 13 12.75 12 12.25 12 12 12.25 12.5 12.5 12.75 13 13 13.25 13.75 13.5 14 14 13.75 14 14 14 14 14 14.5 14.5 16 17.75 17.75 21 20.5 20.5 21.5 22.5
22.75 23 22.5 22.75 22 21 21.25 21.75 22.25 23 24 23 25 25.75 24.75 23.25 22 22 20.75 21.5 21.75 20.75 21 21 21.5 21.25 20.75 20.5 20.75 21.25 21 20.75 20.75 20.25 19.25 19.75 18.5 16.75 17.5 18.5 17.25 16.5 15.5 14 14.25 13.5 13.5 13 12.75 13 12.5 12.25 12.25 12.75 12.5 12.75 13 13 13 13.25 13.5 13.75 14 14 14.5 14.25 14.5 14.5 14.5 14 14 14 14 14 14.75 16.75 18.75 19.25 17.5 17.5 20.25 22.25
22.5 22.25 22 22.25 22.25 22.25 22.75 22.5 23 22 21.75 21.5 20.25 22.5 23 21.5 19 20.25 20 20 19.75 19.5 20 20.5 20 18.75 20.25 20.75 21.25 22.25 21.5 19.5 19 18.75 17.5 17.25 16.5 15.5 16 16 14.75 13.75 14.5 13.5 13.25 13 13 12.25 13 12.75 12.25 12.5 12.25 13 13 13 13.25 13.25 13.75 14 14 14 15 15 15.25 15.5 15.5 15.5 15.25 15 14.75 14 14.5 14 14.25 14.5 15.75 15.5 14.75 15.5 18 19.25
22 22 21.75 21.75 21.5 21.75 22 22.75 22.5 21.25 21 20.75 20.75 20.25 20 20.25 20 20 19.75 19 19 18.5 18.5 19 20 20 19.5 21 22.5 22.25 22.5 22 20.75 18.5 18.75 17 17.25 16 15.5 14.5 13.5 13 13.5 13.25 12.75 12.75 12.25 12.75 12.75 13 12.25 12 12.25 12.5 13 12.75 13 13.5 13.75 13.25 13.75 14.25 15 15 16 16 15.5 15.25 15.75 16 15.75 15.75 14.75 14.75 14.5 14.75 15.75 15.75 15 15.25 16.25 18.25
21.75 22.25 21.75 22.25 21.75 21.5 21 21.25 21.5 22 21.25 20.25 20.25 20.75 20 19.75 19.75 19.5 19.5 18.5 18.25 18.25 17.75 18.25 18 18.25 18 19.75 23 24.75 25.25 22.75 21.75 21.25 19 17.25 17.5 16.5 15.75 14.5 13.5 13.5 13 13.25 13 12.75 12 12 12 12.5 12.5 12 12 12.75 13 13 13.5 13.5 13.75 13.25 12.25 14 13.75 14.25 16.25 16.25 15.25 13.75 16.25 17 15 13.75 15 15.5 15.5 15 15 15 15.5 16.75 18 21
22.25 22 22 21.25 21.5 21 20.25 20.75 21 20.75 21.25 20.25 19.75 21 20.5 20 19.25 18.5 18 17.75 18 17.5 17.75 18 18.75 18.75 20 21 22.75 23 25.25 23.75 22.25 22.25 21 19.25 18.5 17.25 16.5 15.25 15 14.25 13.25 13 13 13 12.75 12.5 12.25 12.75 12.5 12 12.5 12.5 12.5 12.5 12.75 13.5 13.5 13.5 12.5 12.25 12 13.25 13.75 13.75 13.25 15 15.75 15.25 15.75 16.75 14.75 14 14.25 15.5 15.25 14.5 15.25 16.5 18.5 21.25
22 22 21.5 21.75 21.25 21 20.5 20.75 21.75 20.75 20.5 19.75 19.5 20.5 20.25 19.75 18.75 18 18 17.75 17.75 17.75 17.75 18 18.75 19.5 20.25 21.5 23 23.25 22 20.25 20.5 21.25 21.75 19.25 17.5 17.25 17 16.5 15.25 15.25 14.5 14.25 13.5 13.25 13.25 13.25 13.25 12.25 12.5 13 13.5 12.25 12.25 12 12.5 12 12.5 13.25 13.5 12.5 12.75 13.75 12.5 12.75 11.75 12.25 12 12.25 12.5 13.5 13.75 12.75 12.75 13.75 13 14.5 15.75 16.75 18.5 21.25
23 22.25 22 21.5 21 21 21 21 21 20.75 20.5 20 19.75 19.5 20 19.5 19 18 17.75 17.75 18 18 18 18.25 19 19.25 20.5 21.5 22.75 23 22.5 20.75 21.75 21.75 21.75 20.5 19 18.25 17.5 17.25 16.75 15.75 15.25 15 14.5 14.5 14.5 14 14 13.75 13.5 14.25 14 13.5 13 13.5 13.5 12.25 12.75 12.5 12.25 12 12.5 15.75 15.25 14.25 12.75 12.5 13.25 12.25 12 12.5 12 12 12.75 13.75 14.75 16 17.5 16.5 16.75 18
23 23 22.25 22 21.75 21.25 21 21 20.25 20.5 20 20 20 19.75 20 19.5 19 19.5 19.25 19 19.25 20.25 19.75 19.25 19.25 19.75 20.25 21 22 22.75 22.75 22 21.75 21.75 20.25 19.75 19.25 18 17 16.5 16.5 15.75 15.75 15.25 15.75 15.75 15 14.5 15 15 15 15.75 15 13.5 14.25 14.75 14.5 14.25 14.75 14 12.75 12.5 12.5 15 17.25 14.5 12.75 14.25 14.75 12.25 12 12.25 13.5 14.5 14.25 13.75 14.25 14.5 15.25 13.5 15.25 18.25
23.5 23.25 22.75 21.75 22 21 21.5 21 21 20.25 20 20 20 19 19.25 19.25 19.25 19.25 18.25 19.5 20.5 21 21 20.5 20.25 20 20.25 21 21.75 22 22.75 22.75 21.75 21.75 21 19.25 18.5 17.5 16.75 16.75 16.75 17.25 17 16.75 16.75 16.75 16 15.5 15.25 15.5 16.5 17.25 16.5 16.25 16.25 15.5 14.75 15.25 16.5 15.75 14.75 15.25 14.75 19 14 15.25 16.5 18.5 14.25 14 14.75 16 18.5 17.5 14.25 12.5 13 13.5 14.25 16.25 18 18.5
24 23.25 23 22.75 22.25 21.5 22 21.75 21 20.25 19.75 20 19 19 19 18.75 19.25 18.5 18 18.5 18.75 19.5 20 20.25 20.75 21.25 21.5 21.5 22 22.25 22.25 22 22 22 21.75 20.25 19.5 18.5 18.5 17.75 18 18 17.25 16.75 16.5 16.5 16.25 16 16 16.5 17 18 18 17.5 17 16.5 16.75 16 17 16.5 17 18.25 19.5 17 15.5 18.25 23.25 23.25 19.5 18 17.75 17.5 15.25 14 14.25 15.25 15.25 15.25 17 18.25 18 18.5
24.75 24 23.25 23 22.75 22.25 22 21.75 21 20 19.75 19 18.75 19 18 18 18.5 18.25 18.75 17.75 18.5 18 18.75 18.75 20.5 21.25 21.25 22 22.5 22.25 22.5 22.5 22.25 22 21.5 21.5 20.5 20.25 19.5 19.25 19.25 19.25 19.5 19.5 19.25 18.75 18 17.75 18 17.75 18.25 18.5 19.25 18.25 18.75 18.25 18 17.25 18.5 17.75 18.25 20.75 19.5 15.75 18 19.5 22.75 19.5 16.5 14 15 18.75 21.5 19.25 18.25 20 19 19 20 20.25 20.5 21
24.75 24.75 24.25 23.75 23.5 22.5 22.25 21.5 21.25 20.75 20 19.5 19.25 18.75 19.25 19 18.25 18 18.5 18.25 17.75 17.75 19 19.25 19.75 20.75 21 22.25 22.75 23 23.25 23.25 23 22.75 22.5 22.25 22 21.5 20.75 20.5 20.25 21 21 21.5 22 22.25 22.25 22 21.75 21.25 20.5 19.75 20.5 19.75 20.25 19.25 19 19 20 19.25 21 22.25 21.25 19 19.5 24.25 22.25 16.25 15.25 18.75 18 16 23.75 21.5 22 22.25 23.75 19 19 21.5 21 21.25
26 25.25 25 24.5 23.75 23.25 23 22.25 22.25 21.5 21 20.25 19.75 19 19.25 18.5 18 18.5 18.25 18 18 18.25 18.25 18.75 20 21.75 22.25 22.75 23 23.75 23.75 24.25 23.75 23.25 23.5 23.5 22.75 22.25 22.25 21.75 22.25 22.25 22.5 22.5 23.5 24 24.5 24.25 23.25 22.75 22.75 22.75 22.5 20.5 20 20 20.5 19.75 20 19.5 22.25 22 22.75 21.25 22.25 24.75 25 25.25 23.5 23 22.5 23.5 28.75 27.5 27.75 25.5 26 23.5 20.25 20.75 21.75 21.25
