layers/wordclim/past/Iberia_miroc_10_ascii/bio_14.asc
ncols         205
nrows         142
xllcorner     -11.010633712694
yllcorner     33.273793250999
cellsize      0.083333333333334
NODATA_value  -9999
[rows 0 to 40 of 142, columns 92 to 183 of 205]
-9999 -9999 -9999 -9999 -9999 -9999 -9999 -9999 -9999 -9999 -9999 70.5 74.5 75 74.5 72 71 71 70.5 70 70 70 70 70 70 70 69 68.5 68 68 67 66 66.5 66 65.5 66 66 66 65 66 67 67 67 67 67 68.5 69 69 71 71 71 72 70.5 68.5 68 68.5 70.5 70 70 68.5 67.5 69.5 67.5 67 69 69.5 70 67.5 67 67 71 71 72 78 66.5 57 52 50.5 54.5 51 49 43 40 47 45.5 40 38 40.5 48 63 63 62
-9999 -9999 -9999 -9999 -9999 -9999 -9999 -9999 -9999 -9999 -9999 -9999 71.5 74.75 76.25 74.25 72.5 71.5 71.25 71 70.5 70.25 70 70 70 70.5 70.5 69.75 69.5 68.75 68.25 67 66.25 65.75 66 66 66 65.5 65.5 65.75 66.25 66.5 66.25 67 67.75 68.75 69.25 69.75 69.75 70.5 70.75 70.25 68.25 68 70 70 70.5 69.75 68.5 64.75 63.5 65 66.75 71 71.5 71 71 67.5 66.5 66.25 65.5 66.25 70.75 68.75 64.25 58 54.5 49.75 48.75 57.5 58.5 48.75 46 43.5 49.25 46.5 41.75 43 49.5 63.25 66.25 64.75
-9999 -9999 -9999 -9999 -9999 -9999 -9999 -9999 -9999 -9999 -9999 -9999 -9999 71 74.66666 76.25 75.5 74.25 73.25 72.25 71.5 71.75 71.5 71.5 70 72 71.25 71 70.75 70.25 69.75 68 67.5 67 67 66 66 66 66.75 67 66.25 67 67 67.25 67.25 67.5 68 68.25 68.75 69.25 68 67.25 67.75 67.75 69 67.25 67.25 65.75 66.5 63.5 63.75 61.75 62 67.75 72.25 72.5 69.75 67.75 65 63.75 63 62 62.5 60 59 55 52.25 50.75 51.25 50.5 59.25 58.25 51.25 48.25 48.25 56.75 49.25 51.25 58 70 71.5 61.75
-9999 -9999 -9999 -9999 -9999 -9999 -9999 -9999 -9999 -9999 -9999 -9999 -9999 -9999 -9999 75 77.25 76.75 75.5 73.75 73 72.75 73 73 71.75 73.5 73 72.75 72 71 70.25 70 68.5 67.75 69 68.5 67.75 67 66 66.5 66.25 66.5 66.75 66.5 66 66.25 65 67.5 66.25 66.75 67.5 66.5 66.25 66.75 65.75 64.5 64 65.25 64 65 67 66.5 65.75 65.75 71.25 73.25 69.5 68.5 67.25 65.75 62.5 59.25 58.75 58.5 57.75 57.5 56.75 56.5 56.25 53.25 53 63 59.75 55.5 49.25 53.25 57.5 56 59 67.75 72.5 67.5
-9999 -9999 -9999 -9999 -9999 -9999 -9999 -9999 -9999 -9999 -9999 -9999 -9999 -9999 -9999 74 77.25 78 77.25 75.5 74.25 74 74.5 74.5 74.5 75 73.5 73 73 73 72 71 69.75 68.75 68.5 69.5 69 68.25 68.5 68.5 68.5 68 68 68 67.75 68 67.75 68 68 68.5 68.5 68.5 68.25 68.5 66.25 65.5 65 67.5 66.25 66.25 66 65.25 66.25 68.5 69.75 67.75 63.5 65.25 67.25 64.5 60.5 59 58.5 60.5 64.5 64.5 61.75 62.75 60.25 54.5 53.75 60.75 67.25 61.75 57.25 53 57.5 64.75 67.5 66.5 66.25 66.75
-9999 -9999 -9999 -9999 -9999 -9999 -9999 -9999 -9999 -9999 -9999 -9999 -9999 -9999 -9999 -9999 75.75 78 78 76.25 76 76 76 76.25 76.5 76.5 74.75 74.25 73.5 73 73 72.5 71.75 70.25 69 68.75 69 69 68.5 68 67.5 68 66.5 67.25 66.75 67 67 66.5 66 66.75 68.75 69.75 69.5 69.5 67.5 66.5 66.5 67.25 68.5 67.5 66.5 64.5 63.75 63 63.25 60.5 58.5 61.5 62 61.5 59.25 59.25 60 60.5 63.75 69.75 64.75 64 61.5 57 56.25 59 69.5 66.5 62.25 62 59.25 65.5 69.5 63.25 59.75 55.25
-9999 -9999 -9999 -9999 -9999 -9999 -9999 -9999 -9999 -9999 -9999 -9999 -9999 -9999 -9999 -9999 75.5 77.25 78 77.75 77.25 77.5 77.75 77.25 77.75 78.5 77.25 76 74.75 74 74.5 73 72.5 72 70.75 69.5 69.25 69 68 67.5 67.75 68.25 68 67.25 66.75 67 67 67 67 66.5 67.75 67.25 67.25 67.5 66.75 67 67 67.25 66.75 66 64.25 61.75 61.25 60 58 59 58.25 58.25 59.25 62.25 61.75 59 58 58.5 59.25 63.75 69 69 61.5 53.5 56 60 63 65.25 64.75 68.5 63.75 61 65.5 62.75 59 53.75
-9999 -9999 -9999 -9999 -9999 -9999 -9999 -9999 -9999 -9999 -9999 -9999 -9999 -9999 -9999 -9999 76 77 78.5 78.5 78 78 78.25 78.5 79 80 78.5 77.5 76.5 74.75 74 74 73.25 72.5 71 70 70.5 70.25 69 68.5 67.5 66.5 66.5 66 66.5 66.25 67 67.25 65.75 65 65.5 64.25 64.75 64.75 63.75 64 62.75 63.75 63.75 62.75 61.5 60.75 60.25 59.5 60.25 59.75 60.75 58.75 57 56 58.25 57.75 56.75 56 55 55 57.5 58.5 54.25 52.75 53.75 54.25 55.75 62 65.75 65.75 60.75 58 60 54.25 49 46.25
-9999 -9999 -9999 -9999 -9999 -9999 -9999 -9999 -9999 -9999 -9999 -9999 -9999 -9999 -9999 -9999 -9999 78 79 79 79.5 80 80 80 80.75 81.25 79.75 79 77.5 76.75 75.25 74.25 74 73.25 72 70.5 71.5 71 70.75 70.75 70 67.75 66.75 65.25 66.5 66.25 65.5 64 64.5 64.5 64 64.5 66.25 66 66 66.25 64.75 62.75 62 62.75 61 61.25 60.75 61 60.25 62.5 61.25 61.5 62.25 59.25 60.25 60 60 58.25 56.5 56.25 55.5 54.75 54.75 56.5 57 59.25 59.25 67.5 74 76.25 70.5 56 55.75 46.5 44.25 43.75
-9999 -9999 -9999 -9999 -9999 -9999 -9999 -9999 -9999 -9999 -9999 -9999 -9999 -9999 -9999 -9999 -9999 79.75 81 81.5 81 81.5 81.5 81 81.5 81.75 81.25 80 79 77.5 76.5 75.5 74.25 74 73.5 72.5 71 70.5 70.75 71 69.25 68.5 67.75 65 65.25 65.75 66.25 67.5 67.5 65.75 66 65.75 66.5 65.5 64 64 63.75 63 62.5 62.5 62.25 62.5 61 60 60.25 62.75 64.75 65 64 63 60.75 60 63.5 62 61 58.5 56.5 57.75 57.75 57 57.75 59 59 58 64 68.5 65 51.25 49.25 45 42.75 43.5
-9999 -9999 -9999 -9999 -9999 -9999 -9999 -9999 -9999 -9999 -9999 -9999 -9999 -9999 -9999 -9999 80 81.5 83 83 83 82.75 82.75 83 83.75 83.25 82 81 80.5 78.5 76.75 76.25 75.75 74.25 74 73.75 72 72 71 70.25 69.5 68.5 68.75 66.75 65.75 66 65.25 66.5 65.75 65.5 64.75 64.75 64.25 62.5 62 62.25 61 61.5 60.25 59.25 61.25 60 60.25 59.75 59.5 61.25 62.5 60.5 61.75 62.75 61.5 62.5 63.75 64.5 63.5 62.25 59.5 57.25 57.75 61 62.25 64 64 60.75 60.25 56.25 51.75 49 47.25 44.5 41.25 41
-9999 -9999 -9999 -9999 -9999 -9999 -9999 -9999 -9999 -9999 -9999 -9999 -9999 -9999 -9999 -9999 81 83.25 84.75 85 84.75 84.25 84.25 83 86 84.5 83.5 82 81 79.5 77.75 76.5 76 75.25 74 74 72.5 72 72 70.5 70 69 68 66.75 67 65.75 65 63.5 62.75 63.25 63.25 62.5 61.75 61.5 60.5 59.5 58.75 57.75 57.25 57.5 59.25 58 55 56.25 56.75 58 56.25 56.25 56.75 57.5 59.5 62 65 66.5 66.25 59.25 55 53.75 56.75 60.25 62.75 63.5 69 61.75 51.5 48.75 48 46.25 42.5 40.75 40 43
-9999 -9999 -9999 -9999 -9999 -9999 -9999 -9999 -9999 -9999 -9999 -9999 -9999 -9999 -9999 -9999 83 84.75 87 86.75 86.25 86 86 86.25 86.5 85.25 83.75 83 81.5 79.75 78.5 77.75 76 74 73.5 72.25 71.25 71 71 70.5 70 68.5 67.5 66 65.25 65 66 64.25 64 63 60.75 60.5 60 58.75 58 57.5 57.25 55.25 54.75 55.25 58.25 59.5 56.5 54.5 55.25 53.75 54 56 55.5 55.25 56.75 60 60.25 55.75 55.25 50 51.25 55.25 56.25 55.5 58.5 66.75 71.75 56.25 51.5 50 44 41.5 40.25 38.5 38.75 40
-9999 -9999 -9999 -9999 -9999 -9999 -9999 -9999 -9999 -9999 -9999 -9999 -9999 -9999 -9999 -9999 84.25 87.5 88 88 87.5 87.5 87.75 88.25 88.25 86.5 85.5 83.75 82 80 78 76.5 75 73.5 72.75 71 71 70.5 71 70 69.5 69 66.5 66 66 65.5 65.5 64 64 63 63 62 60.5 58.75 57.5 57 56.5 57 57 56.5 57.25 56.25 54.5 53.75 53.5 52 50.5 53 53.25 53.25 53.25 52.75 49 49 52.25 50.5 54.25 56 57.25 53 55 59.5 54.75 45 43.75 48 41.75 39 37 36 35.75 36
-9999 -9999 -9999 -9999 -9999 -9999 -9999 -9999 -9999 -9999 -9999 -9999 -9999 -9999 -9999 -9999 84.33334 87 87.75 88 89 89 89 90.25 88.5 87 85.5 84 81.25 79.5 76.75 74.75 74 72.25 72 70.75 70.25 69 69 68.75 69 68 66.75 66 65 65.5 65.5 63.5 64.5 63 64.25 62.5 61.25 60.25 57 56.75 56.25 54.75 55 55 54.5 54.25 51.5 49.75 49.25 48.5 48 50 51.75 52 51.5 52 50 47.25 48.25 51 51.5 55.5 53.75 55 53.75 51.25 49.75 45 39.75 39.5 38.5 37.75 35.25 36 35 34.5
-9999 -9999 -9999 -9999 -9999 -9999 -9999 -9999 -9999 -9999 -9999 -9999 -9999 -9999 -9999 -9999 -9999 85.25 85.25 87 88.75 91 91 91.75 89.25 87.5 86 83.5 80.25 77.25 76 75 73.5 72.5 71.25 70.5 70 69 67.75 68.25 68.25 67 66.75 66.25 64.5 65.25 65 62.5 62.5 62.5 62.25 61 62.25 60.5 57.5 56.5 57 54.25 53.5 54.5 52.5 50.5 51 51.25 49.25 49.25 49 51 54 55.75 59.25 53.5 49.75 49.5 48 49.75 50.25 50.5 53 51.75 52.75 49.25 46.75 42 38 38.25 37.5 35 33.75 34 34 33.5
-9999 -9999 -9999 -9999 -9999 -9999 -9999 -9999 -9999 -9999 -9999 -9999 -9999 -9999 -9999 -9999 -9999 -9999 -9999 86 86.5 90 92.5 92.25 89.75 87.5 84 80.75 78.25 77 75 73.5 72.25 71.5 71 69.5 68.5 68.5 67.75 67.25 67 67.25 66.75 66 65.25 65 65 63 63.5 62.75 61.5 61 62.5 60.75 57.5 56.25 54.75 54.75 54.5 52.75 51.25 50.25 50.25 50 49.25 48 47.5 51.25 54.75 55.75 57 58.25 59 60 59.5 53.5 54 46 47.25 42.5 41.75 44.75 42 38.25 38.25 36.75 33.75 34 32.75 32.25 31 30.5
-9999 -9999 -9999 -9999 -9999 -9999 -9999 -9999 -9999 -9999 -9999 -9999 -9999 -9999 -9999 -9999 -9999 -9999 -9999 -9999 -9999 87.25 93.25 93 89.5 85.75 82.25 80 77.5 75.75 74.5 73.5 73 71.25 70.5 69.75 69.5 67 66.75 66 66 66.25 66.5 66 64.25 65 65.5 63.25 63 62.5 61.5 61 60.75 59.25 58.25 57.5 54.5 54.25 54.25 53.5 53.25 51.75 49.75 48.75 48 45.75 46.25 47.25 53.5 55.25 58.5 65 65.75 62 64 58 47.5 41.75 42 38.25 35.5 33 33 34.75 34.5 33.75 32.5 31.75 30.5 29.5 29 29
64 67.5 69 70 70.5 71 72 74 74 -9999 -9999 -9999 -9999 -9999 -9999 -9999 -9999 -9999 -9999 -9999 86 91.75 96.5 93.25 90 84.75 82.5 79.5 77.75 75.75 74 72.25 71.5 70.75 70.5 69 69.5 67 67.25 67 65 65.5 66.5 65.5 64.25 64.75 64.25 64 64 62.75 62 60.75 59.5 60.75 59.25 56.5 54.5 54 53.5 53.75 53 51 50.75 50 49 44.5 43.5 43.75 49.5 55.75 58.5 59.75 60.25 62 53.25 47.75 42.5 38.75 38.75 37.25 34.75 31.75 32.5 35 32.25 31 29.75 29.5 29 28.5 28 27.75
66 67.5 69.25 70 71 72.5 74.5 76.5 77.5 76.25 74 76.25 79.5 81.25 82.25 84.75 84 82 82 84.66666 89 98.75 97 92.75 88 84.75 81 77.75 75.5 75 73 72.25 70.25 69.5 69 69 69 67.5 67.5 67 65 64.25 65.25 64.5 64.25 64 64 64 63.25 63 62 60.25 61 61.5 58.5 56 54.5 56 53.75 53.25 53 51.5 50.5 48 46 47 50.75 51.25 46.75 50.75 52.75 55.75 53.5 45.5 45 39 37 34.75 33 31.5 30.75 29.75 31 31 30.25 29 28.5 28 27.5 27 27.25 26.5
69.25 67.5 67 69.25 73 77 79.75 77.75 78.75 78.5 78.25 79.25 82.5 85.25 86.25 87 87.75 89.5 92.5 93.25 96.5 99.5 96.25 93 88 85 81 77.25 75.25 74.5 72.75 70.25 68.75 68.75 67.75 68.25 68.25 69 67.75 67.25 64.5 63.75 64.5 65.5 64.25 64 64.25 65 63.5 63 61.5 61.25 62.75 61 58.5 57.25 55.75 54.75 54.75 52.75 51 51 50 49.5 54.75 61 63.5 63.75 60.75 63.75 57.5 54 49 45.5 39.25 34.25 32 30 30.25 29.5 29.25 28.75 28.5 28 28 27.5 26.75 25.5 25 24.5 24.5 24
71.25 71.25 69.75 69.75 71 72.5 75.25 76.75 79.25 82.25 80.75 81.5 82 85.25 87.75 89.75 91 96.25 96.75 98 98.5 95.75 95.25 92 90 85.5 81.25 76 74.5 71.75 70.5 70.25 68.25 66.5 65.5 65.75 67 68.5 68 67.75 64.75 64 63.5 66 64.5 64.5 65.25 65.5 63.5 63.25 63.75 63.5 63 60 58 58 58.25 55 55 54.25 52.25 50.5 48.25 45.75 45.25 46.25 47.5 47.25 44.25 44 40.5 37.5 35.25 34 32.25 30 29.25 29 28.75 28.25 27.5 27 27 27 25.5 25 24.75 24.5 24 23.5 23.5 23.25
70.5 72 69.5 72.75 70.5 71 72 74.5 80 81.5 83.5 84.5 87 88.75 90.25 91.75 92.75 96 98.75 95.25 95.5 95.25 95 92 87.75 83.75 80 76.75 75 71.5 70.5 68.5 68 67.25 66.25 64.75 64.25 66 67.5 67.75 64.75 65.5 64 67.25 66 67.5 67.25 65.75 65 65 65 63.5 61.5 59 59 59.75 57.75 57.75 55.5 54 53 53.25 51.5 48.75 42.5 40.25 37.5 36.25 35 35 32.25 31.25 30.75 30 29.25 28 28 28 27 26 25.5 25.5 25.25 24.5 24.5 24.25 23.75 23.25 23 22.5 22.5 22
69.5 67.75 67 68.25 69.75 70 69.75 75.5 73.25 77 80 83.5 84.75 88 89.75 89 93.75 93.25 94.5 91.75 90.75 90.5 90.5 89.5 84.5 79.75 80.5 81.75 75.5 72.5 71 69 66.25 66.5 66.25 66.25 63.75 64 66.75 67.25 66 66.75 66 68.25 70.25 70.75 70 69 67.75 67 65.75 64.25 64.25 62.75 62.5 60 59.25 58.75 57.75 54.75 53.75 53.5 53.25 51.25 47.5 42.75 43.75 37 38 37.5 35.75 34.75 30.75 29.75 29.5 28.25 27 28.25 25.5 24.75 24.5 24.5 24 23.75 23.25 23 22 22.25 22 21.5 21 20
67.25 69.75 66 65.5 67.5 71.25 75.25 74.25 77.25 75.25 74.75 80.5 80.75 82.25 82.25 85.5 89 90.75 90.25 89.5 89.75 89.5 88.5 88.25 87.25 84.25 83.75 88.5 80.5 71.25 72.5 71.5 71.75 82.75 74 76.5 72.5 75.75 74 68.5 70.75 71.5 70.25 68 73 71.5 69.75 68.25 67.5 65 65.75 63.75 65.75 67.5 67.25 66.5 62 62.5 61.75 57.5 56.25 55 53.5 53.25 51.5 44.5 40.75 41 45 45.75 38.5 34.75 32.75 32.25 30.25 26.25 25.5 25.25 24.25 24 23.75 23.5 23.25 23 22 21 20.75 21 20.5 20 19.75 19.25
67.5 68.5 72.75 66.75 66.25 69.75 77.25 72.5 72.5 74 75.75 79.25 76.5 76.75 81.25 88.25 84.25 85.25 85.25 85 85.5 88.5 88.5 87.25 89.5 87.25 88.25 92.25 85.75 83 89.25 91 76.25 88.25 89 88.75 87.25 90 76.75 79.5 94 91 87.75 86.25 80.75 84.5 80.5 73.25 76.5 75.75 78.5 78 72.25 66.75 68.25 68.5 67.5 68.5 66.25 62.25 64.25 59.75 57.5 55.5 57.75 53.25 48.5 50.25 56.25 53.25 45.5 42.5 38 32.75 32 27 25.25 23.75 23 23.25 23 22.5 21.5 21 20.75 20.5 20 20 19.75 19.25 19 18.5
65.5 67.25 67 68.75 68 67 67.5 66 66.75 69.25 71 75.25 77.75 75.75 76.25 77.25 81 79.5 79 79.5 80 79.5 80.75 83.25 83 84.75 82.5 85.5 85.25 88.75 100.25 106.5 86.5 95 97 106.75 113.5 98.5 97.25 88.5 107.25 115.75 109.5 99.5 85.25 100.75 90.5 84.5 87.25 95.5 93 84.25 76.75 81 71 75.75 80 84 77.75 68.5 71.25 69.75 65 65.25 64.25 57.75 48.75 50.5 55.75 56.75 51 45.5 40.5 36.75 36.25 27.75 24.75 23 21.5 22 21.5 21 20.75 20.25 20 19.75 19.5 18.75 17.5 18.5 18 17
60 63.75 63.25 61.25 64.5 63.75 61.5 62 62 64.5 67 69.25 74.75 75 77.75 80.5 82 77.25 72.25 70.75 71.25 74.25 74.5 73.5 76.5 79.5 76.25 78 79 86.5 96.5 97.5 103.25 95.5 109.25 109.5 122.5 122 113.25 111.25 104.25 126.25 116.25 97.5 88 101.5 96.75 91.25 93.5 98.75 111.75 98.5 102.25 95.5 76 77.25 88 97.25 78.5 66.75 87.25 93.5 83 77 72.25 72.5 59.75 63.75 57.25 49.5 46 39.5 33.75 34 27.75 24.75 24 21.75 21.5 21 21 20.25 20 20 19.5 19 18.5 17.33333 -9999 15.75 16 15.5
55.75 58.75 61.5 55.25 57 56.25 58.25 60.5 63 68 65.75 69 70.75 69.75 69.5 70.75 67.75 68.5 67.75 69 66.25 68.25 68.75 67 66.75 68.75 68.25 70.5 70 74 75.25 83 97.75 99 113 99.25 101.25 118.75 119.75 109 107 119.75 109.25 110.25 112 111.5 105.25 95.25 96.5 102.75 112 114.5 113.75 105.75 99.5 99 103.5 88 84.75 87 80.25 75 85.25 92.25 86.25 75.75 75.25 76.75 68.25 55 45.75 39.5 33.25 29.5 25.25 24 24 22 21.5 21 20.75 20 20 19.5 18.75 17 17 16 -9999 15 -9999 -9999
54.5 56.5 57.5 53.25 52.25 52.25 56.75 58.25 59 60.25 60 60 60.75 59 58.5 59.75 60.25 60.5 60 63.25 66.25 69.75 68.5 64.75 60.75 64.75 69.75 67 64 62.5 67.75 68.25 73.25 76 94.5 98 88.5 104.5 97.5 117 119.75 106.75 97.5 116.25 114.25 125.75 114.75 121.25 113.5 105.5 105 109.5 108.75 100.75 109.75 108 116.5 110 110.75 107.75 103.5 96.5 92.25 99.25 98.5 89 95.5 81.5 69.5 59 47.5 39.75 33.25 28.25 26 24.75 24 22.5 21.25 20.75 20 20 19.25 19 17.25 -9999 -9999 -9999 -9999 14 -9999 -9999
51.25 53 53.5 50.75 49 49 50 54.5 55.5 54 55.5 55 52.75 52 53.25 54.25 53.75 53.5 54 58 59.25 63.25 60 57.25 55.25 55.5 58.25 56.75 58.5 55.25 56.25 58.75 60 63.25 68 70.25 70.5 85.5 76.75 86.75 90.75 84 84 94.75 103.5 99.25 102 115.75 111.75 111 114.5 117.75 111.5 87.5 90.25 96.25 105.5 110.75 101 107.75 110.5 101.25 107 109.25 98.25 90.5 84.5 74 61.75 65.5 65 55.25 42.5 32.5 27.75 25.75 24.75 23 21.5 20.5 20 19 18 17.25 16 -9999 -9999 -9999 -9999 -9999 -9999 -9999
50.75 50.5 49.25 47.5 46.5 46.5 46 44.25 44.5 44 43 42.5 43.75 45.5 47.25 47.5 48.5 49.25 49 51.25 52.25 55.75 54.5 53 55.5 54.75 54.75 56 60 59.5 56 60.5 59.25 64.75 60.5 56.5 67.5 75.5 71.75 68.5 70.25 61.25 79.25 102.25 91.75 85.5 93.25 95.5 92 96.5 108.75 112.75 110.25 92.75 77.25 93.5 105.25 93.5 91.75 110.75 112.25 106.25 97.25 89.5 89.5 90.75 86.75 84.5 80.75 95 77 59 46 37 39.75 43.75 36.75 25.75 22 20 19.5 18 16.33333 -9999 -9999 -9999 -9999 -9999 -9999 -9999 -9999 -9999
50.5 49.25 49.5 51 47.25 46.75 43.5 42.75 46.25 42.25 40.75 40.25 40 41 42.75 43.25 44.75 46 45.5 47.5 46.5 47.25 48 47.5 49.75 54 56 58 60.75 60 53 49.75 49.25 50.75 50.5 52.25 60.5 63 72.25 68.5 58.75 52.25 57.75 64.5 70.5 80 91 86.25 80.75 85 93 91.75 95.75 69.75 96.5 90.25 82.5 71.75 94 96 91.5 83.5 71 74.25 89.5 104 104.5 96.5 86.5 75.5 65 63.5 63.5 52.75 39.75 38.25 35 31.75 23 21.25 19.5 17.33333 -9999 -9999 -9999 -9999 -9999 -9999 -9999 -9999 -9999 -9999
53.5 51.25 55.25 53.5 55.5 50.5 44 48.25 58 48 49 47 44.5 43.75 42.25 40 40 42 41.75 41.75 43 43.75 44.25 43 44 46.5 47.75 49 49.25 50.25 46.5 47 53.75 59.5 61.75 62.5 63 67.25 65.25 64.5 58.5 51.75 52 59.75 66 74.25 71.75 81.5 74.75 79 79 71 65.5 78.75 88.5 74.75 55.25 55.5 68.5 75.25 75.5 76.75 85.75 90.75 90.5 83.25 83.75 82 72.75 66.75 66 63.25 56.75 44.5 36.5 30.75 28.25 29 27.25 22.75 19.25 -9999 -9999 -9999 -9999 -9999 -9999 -9999 -9999 -9999 -9999 -9999
58 65.75 66.5 58.5 68.5 59.75 50.5 57 51.75 56.75 52 58.25 52.75 53.5 44 39.5 39.25 38 38.25 38.25 39.75 39.5 39.75 40 40.25 40.5 41 41.75 43 43 40.25 38.5 38.75 40 44.5 49 53.75 58 56.25 56.75 53.75 51.5 47.25 57.5 52.5 60.5 63.5 70 62.25 69.75 70.25 55.5 65 86.25 74.75 68.75 56.5 68.75 82 92 87 69.75 61 66.75 70.25 64.5 67.5 65.25 58.75 55.5 53.75 54.25 56.25 45 37.25 31.5 27.5 25.5 27.75 22.5 19.5 16.33333 15 -9999 -9999 -9999 -9999 -9999 -9999 -9999 -9999 -9999
56.75 56.5 57.75 60.5 54.75 53.75 59 59.5 54.25 57 58 60.25 50.5 49.75 48.5 44.75 44 37.25 36 35.75 35.25 36.25 36.25 36.25 36 36 35.25 35.5 36.25 36.75 35.5 33.5 33.75 33.25 33.5 33.75 35.25 36.75 36.75 41.25 43 45.75 43.25 47.5 47.75 56.75 60.25 59.5 54.5 61.25 49.75 49.25 56 68.5 67.75 50.25 59.25 82.5 87 71.5 73.75 81.5 54 60.5 57.5 56.5 51 65.5 64.25 51.75 53.75 54 48.25 43.25 38 33.5 28.25 25.5 22.75 21 18.75 16.5 15.5 -9999 -9999 -9999 -9999 -9999 -9999 -9999 -9999 -9999
45.25 49 57.5 60.25 57.5 60.25 63.75 59.5 58.75 64 61.75 53.75 58 54 46.75 41.75 40.25 37 36 34.5 33.5 33.75 34.75 36.5 34.75 32 32.25 33 33 32.5 31.25 31.25 30.75 31.5 30 29.25 30.25 32 33 35 35.75 36.75 37.25 48.75 51.5 53.5 50.75 57.25 58 62 47.25 51.25 50.5 58 55 46.5 48.5 48.75 53.25 54.75 56 54.25 40.5 45.25 44 47.5 45.75 50.5 59.75 57.5 54.75 54.75 55.5 43.75 38 33.5 29.5 26.5 23.75 19.5 17.5 16.25 15 -9999 -9999 -9999 -9999 -9999 -9999 -9999 -9999 -9999
40.75 43.25 48 52.5 59.75 68.75 62.25 68.25 67 63.5 59 59 56.5 53.25 53 44 38.25 38 37.25 33.5 31.75 30.5 30 31.25 31.25 29.5 30.25 33.5 35.25 32.5 28.5 29 28.5 28.25 27 27 28.75 29.5 30 31.5 31.75 32.75 33.75 40.25 44.5 50 48.25 46.25 53.5 52.25 48.25 62.25 50.75 45.5 42.5 40.5 42 45.5 42.25 40.75 42.25 40 38.5 39 40 43.75 45 45.5 51 56.5 54.5 54.25 49 42.25 41.5 36.5 29.25 25.5 22.75 19.25 16.75 15.75 14 -9999 -9999 -9999 -9999 -9999 -9999 -9999 -9999 -9999
40.5 41.25 44.75 47 48.75 51.5 51 53 50 51.5 48.75 50.75 54.75 52.25 45.25 45.25 44 40 37 33.75 33 31.75 28.5 27.5 27 27.5 30 32.5 33 30.25 27 27.25 28.25 28.25 26 25.75 26.25 27.25 27.75 30.5 30 29.25 31.75 34.25 38 40.5 40.75 42.75 45.75 44 42 43.25 38.5 39 39 40.5 43.25 45.5 43.75 40 38.5 39.25 37 39 39.75 44.25 44.75 47 51 58.25 58 54 46.25 41.25 40.25 38.75 32.25 27.25 23.5 18.66667 16 15 -9999 -9999 -9999 -9999 -9999 -9999 -9999 -9999 -9999 -9999
38 39.75 40.5 41.75 45 44.75 44.5 45.5 45 44.25 44.25 44.75 48.25 50.5 50.25 45 45.5 49.25 42 36.25 34.75 31.75 28.25 27.5 25.5 24.75 27 27.25 28.25 26.5 25 25.5 27.25 28.75 26.5 25.5 25 25.25 26.5 28 28 27.75 29.25 30.75 31.25 31.5 31.75 33.75 34.5 34.25 33 35.5 36.5 38 39.25 39 40 40.75 43.75 41.75 39.25 38 37.5 39 41.5 49.25 48.75 51 60.75 58.25 56.5 52.5 41.5 38.75 37.25 34.5 29.25 23 21.25 17.25 -9999 -9999 -9999 -9999 -9999 -9999 -9999 -9999 -9999 -9999 -9999 -9999
33.75 35.75 37.75 39 41.25 42.25 43.5 44.75 45.5 44.5 43.5 43.5 45.5 45.25 44.75 47.25 49.75 57.75 61.25 44.25 37.25 33 29 27 25.5 23.5 22.75 22.75 24.5 23.75 23.75 25 27 29 28.75 26.25 25.25 25 25 25 25.75 25.5 28 27.5 28 28 30.25 27.5 28.25 28.75 30.75 32.75 34.25 35.75 37.5 40 41.75 42.5 42.75 42 39.75 37.25 37.5 40.5 43.5 47.75 49.25 54.25 56.5 58.75 47.75 41.25 38 37.75 37.25 33 24.75 22 19 17.75 16 15 -9999 -9999 -9999 -9999 -9999 -9999 -9999 -9999 -9999 -9999
