layers/wordclim/past/Iberia_miroc_10_ascii/bio_8.asc
ncols         205
nrows         142
xllcorner     -11.010633712694
yllcorner     33.273793250999
cellsize      0.083333333333334
NODATA_value  -9999
[rows 35 to 69 of 142, columns 0 to 79 of 205]
-9999 -9999 -9999 -9999 -9999 -9999 -9999 -9999 -9999 -9999 -9999 -9999 -9999 -9999 -9999 -9999 -9999 -9999 -9999 -9999 110 107.75 105.5 101.75 99.25 96.5 90.25 74.25 84.75 80.75 79.25 59.25 66.75 68.75 64.25 54.25 54.5 50 47 46.25 44.5 34.25 19.25 10.5 10.75 20.75 33.5 16.75 6.25 -3 -8.75 -3.5 6 3.75 1.5 9.25 16.75 51.75 54.5 56.25 58.5 60 63 63.5 64.5 65.75 64.25 66 67.25 68.25 69.5 68.5 70.75 72 74.5 75.5 75.25 78.5 76.75 72
-9999 -9999 -9999 -9999 -9999 -9999 -9999 -9999 -9999 -9999 -9999 -9999 -9999 -9999 -9999 -9999 -9999 -9999 -9999 -9999 108 104.25 104.25 101.75 100.25 84.25 82.25 75.75 88.5 86.75 84 77.25 69.75 47.25 36.25 37.75 40.75 44 46.75 46.75 44 39 40.25 26.5 27 27.75 24.5 14.25 5 -4.25 -3.5 18 21 18.75 19 22.5 24.5 56.5 57.5 60.25 61.25 60 63 63.75 65.5 65 66.75 66.5 67.75 69 68.25 69.75 72 73.75 76 79 80 80.5 74.75 71.25
-9999 -9999 -9999 -9999 -9999 -9999 -9999 -9999 -9999 -9999 -9999 -9999 -9999 -9999 -9999 -9999 -9999 -9999 -9999 -9999 109.5 100.75 102 102.5 102 82.25 82 90.25 84.75 72.25 68.75 66.75 40.75 37.5 35 42 46.75 41.75 39.25 42.5 42 39.5 48.75 36.5 32 35 26.25 24.5 18.25 13.75 7.25 22 22.5 23 23.25 24.75 26.75 49.75 59 61.25 62 63.75 64.5 65.75 66.75 66 66 66.5 69.25 68.5 68 70.5 71.75 73.5 75.75 77.25 75.25 100.75 87.25 78.5
-9999 -9999 -9999 -9999 -9999 -9999 -9999 -9999 -9999 -9999 -9999 -9999 -9999 -9999 -9999 -9999 -9999 -9999 -9999 -9999 108 99 100 101.5 101 89 90 76 74 60 71.75 61.25 42 53 58.25 51.5 34.5 31.75 24.75 25 34.5 45.75 54.75 44.25 32.25 38 37.5 27.25 28.75 26.25 21.25 30.75 30.75 28.75 24 24.25 23 31 55.25 58.75 61.25 63.25 64.75 66.5 66.25 66.5 67.25 68.5 68.75 68.5 67.75 69.75 70.25 70.25 70.25 70.25 70.75 77.25 99.75 94
-9999 -9999 -9999 -9999 -9999 -9999 -9999 -9999 -9999 -9999 -9999 -9999 -9999 -9999 -9999 -9999 -9999 -9999 -9999 -9999 104 98 100.25 100.5 99 92.75 77.25 60.25 75 62.5 77.25 76 69 45.25 40.5 21.25 24 21.75 24.75 25.5 31.5 35 53.5 41 29.25 38.75 38.5 37.75 35.25 30.75 32.75 37.5 31 33.5 31.25 28 28.25 33.75 53.5 54.5 61 63.5 64.75 65.25 66.75 67.5 68.5 67.75 68 68.5 68.75 66.5 64.75 65 66 68.5 73.25 76.75 85 108.25
-9999 -9999 -9999 -9999 -9999 -9999 -9999 -9999 -9999 -9999 -9999 -9999 -9999 -9999 -9999 -9999 -9999 -9999 -9999 -9999 -9999 100 101 97.75 96 86.75 72.25 77.5 81.75 79 70.25 65.25 61.75 47.75 31.75 35.5 36.25 30.25 28.75 30.75 36 45.25 50.75 36.75 33.5 39.75 42.25 37.25 30.25 24.25 31 35.25 34.5 37.25 31.75 27.25 29.25 31.25 58 57.75 60 63.75 65.25 65.75 67 67.75 66.5 66.5 68 66.25 63 63 63.25 63.5 65.5 71 73.75 69.75 69.75 106
-9999 -9999 -9999 -9999 -9999 -9999 -9999 -9999 -9999 -9999 -9999 -9999 -9999 -9999 -9999 -9999 -9999 -9999 -9999 -9999 -9999 103.6667 97 93.75 87.5 84.25 81.75 77 72.25 74.75 78 78.25 68.5 62.25 57.5 45.5 36.75 29.75 31.75 36.25 48 49 36 36 43 49 55 47 31 24.25 29.25 34.25 38.5 38.75 32.75 31 29.25 30.25 60.5 61.75 62.5 64.25 65.75 66.25 67.25 67 66.25 65 64.5 63.75 63.25 64.5 63.5 63 51 48.5 68.75 69.75 68.5 68.5
-9999 -9999 -9999 -9999 -9999 -9999 -9999 -9999 -9999 -9999 -9999 -9999 -9999 -9999 -9999 -9999 -9999 -9999 -9999 -9999 -9999 -9999 97 89.75 85.5 84.75 80.75 74 75 81.75 83.75 76.25 72.5 67.75 59.5 42.75 36 37.25 50 45.5 42.5 39.75 31.75 44.5 52.25 57.75 51.75 39.5 32 34.75 38.25 43.25 41.25 40.5 35.75 32.75 32.75 33.75 55.25 60.75 64 64.25 65.25 68 67.75 64.75 65.75 65.5 66.5 66.75 67 63.25 63.5 66 48 48 69.75 69.5 69.5 93
-9999 -9999 -9999 -9999 -9999 -9999 -9999 -9999 -9999 -9999 -9999 -9999 -9999 -9999 -9999 -9999 -9999 -9999 -9999 -9999 -9999 -9999 100.5 92 85.75 85 84 81 76.75 81.25 77.5 74 74.75 66.75 52 50.5 61.5 57 44 30.25 32.5 32.75 38.5 45.5 48 58.25 52.25 42.5 33.75 42.25 44 48.25 48.5 44.25 38 34.5 36.25 34.75 48.75 64 63.5 65.75 67 69 69.25 67.25 67.5 68.75 68.25 68.25 68.5 69.25 69.75 69 69 70.25 69.75 65 64 104.75
-9999 -9999 -9999 -9999 -9999 -9999 -9999 -9999 -9999 -9999 -9999 -9999 -9999 -9999 -9999 -9999 -9999 -9999 -9999 -9999 -9999 -9999 104 96.75 87.75 86 84 80 81 82 79.25 79 73 70.75 54.25 52.75 67.25 46.25 26.5 33.5 34 36.25 46.25 48.25 49.25 55.75 49.25 38 32 46.75 52.25 47.25 40 40.25 38 38.25 38.5 34.25 47 62.5 64 64.25 65.75 65 65 65.25 64.5 65.75 68.25 68.25 68 67.5 66.5 66.25 68.5 68.75 66.25 65 93.25 106
-9999 -9999 -9999 -9999 -9999 -9999 -9999 -9999 -9999 -9999 -9999 -9999 -9999 -9999 -9999 -9999 -9999 -9999 -9999 -9999 -9999 -9999 -9999 102.25 89.75 88 85 81 83 83.25 78.5 73.5 70.25 72 67.75 66.25 58.5 40.75 38.25 49.75 39.25 48.25 40.75 54.5 52 46.5 47.75 60.5 47.75 54.5 48 38.75 36.5 37.75 42.75 40.25 35.25 34.5 48 61.25 61.5 61.75 62.25 61 62 62.5 63.75 65.25 64 65.5 66 66.5 66.75 66.75 67.5 68.25 67 67 67.25 66.75
-9999 -9999 -9999 -9999 -9999 -9999 -9999 -9999 -9999 -9999 -9999 -9999 -9999 -9999 -9999 -9999 -9999 -9999 -9999 -9999 -9999 107 103 98.75 91 88 86.25 81.5 84.75 82 77.5 73.5 76.25 74.25 74.5 68 45.75 36.25 58.75 64.5 48.75 61.75 49.25 48.5 36.5 39 61.25 54 55.75 58.5 48.5 40.75 43 44.25 41 38.75 37.25 36 48.75 61.5 60 58 57.75 59 58.5 60 62.5 64.75 63.75 64.5 66 66.25 67.25 67.25 66.5 81.5 81 67 95.5 80.25
-9999 -9999 -9999 -9999 -9999 -9999 -9999 -9999 -9999 -9999 -9999 -9999 -9999 -9999 -9999 -9999 -9999 -9999 -9999 -9999 -9999 106 103.6667 99.75 97 93 90 88.5 85.75 83.5 81.75 78 73.75 74.25 73.5 48.75 50.25 58 66.25 65.25 62.25 62.25 54.5 54 50.5 46.75 60.75 47.75 41.25 50.5 45.5 47 41 41.5 38 36.25 36 36.5 51 63.75 62.25 60.5 60.25 60.5 60.25 58.5 59.25 61.75 64.25 64.75 65.5 65.25 65.75 81.25 95.75 111 123.25 124.75 110.25 123.5
-9999 -9999 -9999 -9999 -9999 -9999 -9999 -9999 -9999 -9999 -9999 -9999 -9999 -9999 -9999 -9999 -9999 -9999 -9999 -9999 -9999 105 100.25 98.5 97.75 96 95.5 95 86.75 84.5 84.75 79.5 79.25 74.5 67.25 67.75 54 42.25 52.75 46.25 45.75 44.25 45.75 48.25 48.75 49.5 59.5 53 53.25 55 55.75 46 40.75 40 39 37.5 35.75 35.25 36 66 64.25 64 64.25 62.75 62.25 62.25 61.5 62.25 63.5 63.5 63.5 63.25 64.25 110.5 123.25 124.25 121.25 123 123.75 120.25
-9999 -9999 -9999 -9999 -9999 -9999 -9999 -9999 -9999 -9999 -9999 -9999 -9999 -9999 -9999 -9999 -9999 -9999 -9999 -9999 107.5 103.75 101.75 100.5 98.25 96.75 96 96.25 88.5 82.5 81.75 79 74 71.75 45.75 36.75 25.75 33.5 40 37.25 43 44 35.75 34.25 43 50.75 58.5 55.25 62.25 60.25 53 48 43.5 42.5 39 37 36 35.75 34.5 55.75 63.25 63.75 63.75 64.5 63.25 62.5 62 62 62 62.25 92.25 123.25 123.25 122.5 122 123.5 120.75 120.5 119.5 119.75
-9999 -9999 -9999 -9999 -9999 -9999 -9999 -9999 -9999 -9999 -9999 -9999 -9999 -9999 -9999 -9999 -9999 -9999 -9999 -9999 107 104 101.25 98 96.25 95.25 95 95 90 83.25 77.5 70 67 64.25 61 52.75 47.75 44 37 33.75 36.5 44.75 38.5 34 40.5 50 53.75 47 49.5 52.25 47.25 43.75 43 42 41.75 38.75 39 37.75 35.25 48.75 64.5 64 63.25 63.25 63.75 63.5 63.75 62.25 61.25 59.75 73.75 119.5 120.25 120.25 121.75 121.75 120.5 117.75 115.5 118
-9999 -9999 -9999 -9999 -9999 -9999 -9999 -9999 -9999 -9999 -9999 -9999 -9999 -9999 -9999 -9999 -9999 -9999 -9999 -9999 -9999 104.5 98.25 96.25 95.5 95.25 95 94 92.5 87.25 81.25 68.5 55.25 45.75 45.5 63.75 55.5 50 44.25 40.75 40 39 41 35.25 42.75 50 49 48.75 47.5 46.75 50 46 41.75 40.75 39.75 40.25 39.5 39.5 37.5 43.75 56.75 61.75 60.5 59 58.5 61.25 62.25 61.75 60.5 59.5 102 116 116.75 120 119.5 120 117.5 114 112 113.5
-9999 -9999 -9999 -9999 -9999 -9999 -9999 -9999 -9999 -9999 -9999 -9999 -9999 -9999 -9999 -9999 -9999 -9999 -9999 -9999 -9999 100 98.75 97 96.75 96.5 95.75 94 93.75 89.75 83.5 73 75.25 72 73.75 73.25 61.25 54.25 51.5 50.25 49.25 46.75 42.25 39.5 44.25 46.75 43.5 50 49.75 44.5 46 46 43.75 41 40.75 42 40 38.25 37.25 34.25 39.25 58.75 57.25 57.5 60.5 63.25 61.25 60 59.5 56.5 81.5 109.75 110.25 111.5 109.25 112.5 109.5 108.5 100.5 101
-9999 -9999 -9999 -9999 -9999 -9999 -9999 -9999 -9999 -9999 -9999 -9999 -9999 -9999 -9999 -9999 -9999 -9999 -9999 -9999 -9999 106.3333 103.5 101 99.75 98.25 96.5 94.75 94.25 91.5 89.5 83.25 71.5 65.75 47.75 60.5 60 58 60 58.5 53.25 49.25 52.75 55.5 49.5 41.25 39.25 48 46.5 44.5 44.5 46 47.25 43 41 40.5 39.5 36 34 34.75 32.5 30.25 57.75 61 62.75 59.5 58.75 56 52.75 51 50.25 82 76.5 95.5 101.5 108 105.25 100.25 93.75 89.5
-9999 -9999 -9999 -9999 -9999 -9999 -9999 -9999 -9999 -9999 -9999 -9999 -9999 -9999 -9999 -9999 -9999 -9999 -9999 -9999 109 106.25 104.5 102.75 100.75 98.75 96.5 95 93 93.5 91.5 86.75 74 48 65.25 66.25 66.75 64.25 60 57.5 57.5 59 50.5 40 42.25 32.75 35.5 45.75 45.25 43.75 44.25 47.5 49.25 49.25 46 37.75 33.75 30.5 30.75 25 29.25 34.5 39.75 52.75 60.75 58.5 52.75 49.25 44.5 38.75 37 61.5 80 108 106 102.75 98.25 101.5 97.25 101.25
-9999 -9999 -9999 -9999 -9999 -9999 -9999 -9999 -9999 -9999 -9999 -9999 -9999 -9999 -9999 -9999 -9999 -9999 -9999 109.6667 108.75 107.25 105.75 103.5 102.25 99.75 97.25 95.5 94 93 93.25 87.25 72.75 64.75 78.75 76.25 70 66.5 65.25 61 54.5 36 26.75 30.5 33.25 34.75 38.25 45.75 46.25 42 46.25 49 44.75 44.75 44.5 39.25 30.75 20.75 27.25 40.25 45.25 39.5 36 39 45.25 57.75 55.75 55.25 52.5 39.5 14.25 41.75 50.25 48.5 53.75 69.25 90.5 106.5 106.25 93.75
-9999 -9999 -9999 -9999 -9999 -9999 -9999 -9999 -9999 -9999 -9999 -9999 -9999 -9999 -9999 -9999 -9999 114 112.3333 108.5 107.25 107.5 107.5 105.5 103.25 100.75 96.75 95.5 94 92.5 93.5 85 81.5 79.5 75.75 75 72 67.5 62.75 53.75 24.25 23.5 38 44.75 49.5 37.5 41.5 47.5 44.5 43 46 43.25 42.5 43 38.5 31 37.25 47.75 49.25 55.5 45.5 40.25 36.75 22.25 23.75 50 54.25 31.5 3 -5 31 55.25 55 70 85.5 87.75 85 86 73.25 73.75
-9999 -9999 -9999 -9999 -9999 -9999 -9999 -9999 -9999 -9999 -9999 -9999 -9999 -9999 -9999 -9999 -9999 114 111.5 109.25 108.25 108.5 109 106.5 104 100.5 97.5 96 94.75 93.5 89.25 79.25 78 81.25 78.5 74.5 69.25 64.5 60 40.25 4.75 15.5 45.75 57 57.75 47.5 44.25 44.5 40.25 38 40.75 41.75 40.5 39.5 37.5 47.5 49 55.25 59.25 49.75 43.25 39 16.75 -9.75 10 24.25 26.75 9.5 17.75 24 22.25 56.75 53.5 54.25 65.5 75.75 73.25 78.5 89 78.75
-9999 -9999 -9999 -9999 -9999 -9999 -9999 -9999 -9999 -9999 -9999 -9999 -9999 -9999 -9999 -9999 -9999 114.5 111.5 110 108 108.5 109.5 107 104 99.5 97 96.75 95.25 96.25 91 79 79 79.5 78.25 76.75 67.5 52.75 45.75 47.5 44.5 46.25 59.5 57.25 57.25 62.25 55 45.5 47.75 45.75 38 46.25 45.75 54.75 54.75 58.5 58 62 65.25 62.5 56 34 18.75 18.25 -0.75 5.25 -7 2.25 -11.5 5 62.5 89 83 85 92.25 88.25 98.25 98.5 86.75 81.5
-9999 -9999 -9999 -9999 -9999 -9999 -9999 -9999 -9999 -9999 -9999 -9999 -9999 -9999 -9999 -9999 -9999 116 112.25 110.25 109 109.5 109.5 107.5 105 97.75 97.75 99.75 99 95.5 86.75 83.5 83.5 80.25 72.75 63 56.5 45.25 43.5 60.5 61.25 62.75 61 59.25 68.5 66.5 64.5 64.5 67.25 67.25 57 62 67.75 68.5 66 60.25 65.25 67 65.75 63.75 37 37.5 33.25 22.75 19.25 16 37.25 81.25 77.5 79.25 84.75 89.5 89.25 94 102.75 97 96.25 93 86 88
-9999 -9999 -9999 -9999 -9999 -9999 -9999 -9999 -9999 -9999 -9999 -9999 -9999 -9999 -9999 -9999 -9999 114 112.5 111.25 109.5 109.5 109.5 107.25 105 101 99.75 98.5 99 90 82.5 82.25 74 55.5 54 55.5 55.5 55.75 64 58.5 53.5 48.25 58.25 67.75 73.5 71 67.75 66 70.5 70.5 71 74.75 75.25 70.5 68.25 67.75 71.25 70.5 69.25 62 56.5 44 44.25 59.25 68.75 96.5 97.25 98.75 97.25 95.5 92.75 89.25 87 106.5 109 98.5 89.5 89.5 89.5 86.75
-9999 -9999 -9999 -9999 -9999 -9999 -9999 -9999 -9999 -9999 -9999 -9999 -9999 -9999 -9999 -9999 -9999 115.5 113 111.5 111 109.75 108.5 107 104.25 100 97.75 98.5 98.75 81.5 79.5 78.25 62.75 62.5 67.75 68.5 65.25 64.5 62.25 55.75 68.25 65.5 67.5 77 75.25 75.75 73.75 71.75 70.25 75.5 74.25 76.25 76.25 75.5 75 74.75 74.75 71.75 66.5 64 67 67.5 68.5 71 102.25 101.75 100.25 99.25 98.25 97 95.5 93.75 89.5 94.5 91.5 92 97.25 88.25 101.25 99
-9999 -9999 -9999 -9999 -9999 -9999 -9999 -9999 -9999 -9999 -9999 -9999 -9999 -9999 -9999 -9999 -9999 115 114.5 112.25 111.25 110.5 108.75 106.5 103 100.75 98 96.75 96.25 81.25 82.25 78.75 72.25 74.5 73.25 62.25 59.25 58.75 60.5 68.5 74.5 71.25 71.75 77.75 80.25 80 78.75 77.5 76.5 77.5 75 77.25 75.5 74 74 76.25 73.75 68.25 67.75 68.25 73 74.5 73.75 74 95 101 100.75 99.25 97.75 95 95 93.5 93.5 93.75 96 104.25 98.5 97.25 107.5 114
-9999 -9999 -9999 -9999 -9999 -9999 -9999 -9999 -9999 -9999 -9999 -9999 -9999 -9999 -9999 -9999 -9999 113.6667 114.75 112.75 111.75 110.75 109.75 106.25 102 102 98.5 94.75 92.75 87.25 87.75 78.25 80.25 77.5 74.25 71.75 60.75 55.5 69.25 75.5 76 73.75 74.25 84.5 85.5 83.75 81.25 79.5 80 78.25 78 76.5 76.75 75 71.5 68.25 67.75 66.75 69.5 72.75 73 74 72.5 73.75 70 73.75 100 99.5 96 94.25 96.5 94 94.25 91.25 108 101 110 116 103.5 119
-9999 -9999 -9999 -9999 -9999 -9999 -9999 -9999 -9999 -9999 -9999 -9999 -9999 -9999 -9999 -9999 -9999 116.5 112.75 113.5 112.5 112.75 112.25 104 100.25 100.25 100.5 95.5 90.25 93 95.5 83.75 80.75 83.75 79.5 75 70.25 72.75 78 78.75 76 81 87.75 86 83.75 85 81.25 80.5 80.75 81.5 79 78.5 78.5 77.5 78.75 76.75 75.5 74.5 72.5 72.75 70.25 68.5 67.25 67.5 66 70.75 86.75 92.75 94.75 93 93 97.25 114.75 113.5 110.5 110.25 109.5 110.5 109.25 112.25
-9999 -9999 -9999 -9999 -9999 -9999 -9999 -9999 -9999 -9999 -9999 -9999 -9999 -9999 -9999 -9999 -9999 118 112.5 113 112.75 117.5 115.6667 100.5 99.75 98.25 97.25 88.25 92.5 95.25 96.25 89.25 82 83.25 77.5 76.75 77 80.5 82.25 80.5 91 90 87 86 85.5 84.75 84.75 84.25 82.75 80.25 76.75 75.25 73.75 76.25 78.5 75.5 73.25 71.75 70.5 71.5 69.25 67 63.75 58.25 56 59.25 56 60.5 59 87.25 86.75 106 101.5 104 103.5 103.25 100.25 102.75 103.25 105.75
-9999 -9999 -9999 -9999 -9999 -9999 -9999 -9999 -9999 -9999 -9999 -9999 -9999 -9999 -9999 -9999 -9999 -9999 114.5 -9999 -9999 116.5 112 103 101.75 93.25 89.25 83.75 88 97.25 99.25 99.75 88.75 84 82 79.25 80.5 81.25 85.75 83.5 85 87.75 87.25 84.75 85.25 80.75 82 83.25 83 80.75 77.75 75.75 74.75 74 75 78.25 76.25 76.25 74.75 73.25 70.75 68.5 65.5 63 61 54.5 48 40.75 53.25 81 99.5 111.5 101.25 94.25 91.5 93 89 93.5 86.5 98.25
-9999 -9999 -9999 -9999 -9999 -9999 -9999 -9999 -9999 -9999 -9999 -9999 -9999 -9999 -9999 -9999 -9999 -9999 118 117.6667 114.75 109.5 105.75 101.5 98.5 85.75 84.25 92.25 95.25 101.25 101.5 100.25 96.5 94.5 93.5 89 86.75 86.25 83.25 81.75 81 79.75 86 85.75 84.5 82.25 80 81.75 83.25 81.75 79.75 80 77.5 76.5 75.25 75.75 75 73.25 75.25 73 71.75 66.5 63.75 57 58 57.75 44.25 38 43 66.5 111 109 112.5 110 107.25 104.25 93.25 103 96.25 92.25
-9999 -9999 -9999 -9999 -9999 -9999 -9999 -9999 -9999 -9999 -9999 -9999 -9999 -9999 -9999 -9999 -9999 115 110.75 111.75 108.25 105.75 104.5 101.5 94.5 97.25 99.25 101 102.25 104 104.5 99 98.75 95.75 92.75 90.5 85.5 84 83.75 82.75 81 79.25 75 78 81.25 81 79.5 77.25 78.5 79 80 77.5 79.25 78.5 76.75 73.25 72.5 72 73.25 71.5 68.75 67 62.5 51.75 52.25 49.75 47.5 48.5 64.5 84.25 102 110.75 111.75 117.75 115.25 111 107 102.75 94.75 97.5
-9999 -9999 -9999 -9999 -9999 -9999 -9999 -9999 -9999 -9999 -9999 -9999 -9999 -9999 121 117.5 118 115 111 108.25 104 104.75 101.75 101.5 100.75 102.5 102.75 101.75 105 106 102 98.75 97.5 92.5 89.25 87 87.5 87 86 84 82.25 82 75 64.25 73.5 78.5 80.75 80.75 80.5 79 80.5 77 75.75 76.75 77 75.75 73 71.25 71 70 67 65.75 69.5 62 61.75 64 63.75 60.25 66.5 96.75 94.75 95 117.75 120 116.5 113.5 109.25 103.75 103.75 104
