layers/wordclim/past/Iberia_miroc_10_ascii/bio_17.asc
ncols         205
nrows         142
xllcorner     -11.010633712694
yllcorner     33.273793250999
cellsize      0.083333333333334
NODATA_value  -9999
[rows 72 to 107 of 142, columns 83 to 165 of 205]
56.5 55.25 54.5 55.25 56.25 57 58 59 62 63 64 67.5 70 73.75 78 81.5 83.5 84 84.5 88.5 87 84 82 81.5 82 82.5 84.25 84.75 87 91.25 97.5 104.75 114 123.75 116.75 105 93.75 114.75 101.5 84.5 76.25 68.5 63.25 64 73.75 70.5 64.5 62.75 63 62.5 58.5 54.33333 52 -9999 -9999 -9999 -9999 -9999 -9999 -9999 -9999 -9999 -9999 -9999 47.66667 53 54.75 56 49.25 45.75 43 -9999 -9999 -9999 -9999 -9999 -9999 -9999 -9999 -9999 -9999 -9999 38
52.5 53 53 53 55.25 57 57 58.5 60.25 63 67.5 69.75 74.25 77.75 81 85.5 86.75 90.5 90.75 93.75 93.25 87 81.75 79.25 79.25 80 81.5 84 90.75 101.75 105.75 116 119 118.25 111.5 108 102.5 117.75 106 90.75 77.5 70.25 66 67.5 78.75 85.25 65.5 62.5 63 63 61.5 58.75 54.25 52 -9999 -9999 -9999 -9999 -9999 -9999 -9999 -9999 43 47 52.75 54.75 53 49.25 46.75 44.25 41.5 -9999 -9999 -9999 -9999 -9999 -9999 -9999 -9999 -9999 -9999 -9999 37
51.5 52 53 53 53.5 56.75 57.75 58.75 60 62.5 67.5 72.25 76 81 81 83.25 86.25 89 92.75 95.25 94 89 83 80.5 79.75 78.5 80 86 93.75 100 104 109.25 110.25 108.75 107.75 99.25 105.5 115.5 104.25 91.25 79 75.25 70 67.25 72.75 77.5 66.5 64.25 63.5 63.5 63 60.5 58.5 54.25 49.33333 -9999 -9999 -9999 -9999 -9999 -9999 41 44.5 49.75 54.5 52 47.75 44.75 42 38.33333 -9999 -9999 -9999 -9999 -9999 -9999 -9999 -9999 -9999 -9999 -9999 -9999 -9999
53.25 54.5 53.75 54.75 57.5 58 62.25 60.25 59.25 64.25 69 70.25 72.75 78.75 81 84.75 86 88 90.75 92.5 91.25 89.5 85.75 83.25 82.75 81.25 85.5 87.5 92 97.5 101.25 103.75 105.75 102.75 102.25 102.75 98.5 98.25 89 86 91.25 80 78 81.75 81.75 89.5 87 74.25 66.5 64.75 66.75 62.75 58 54.25 50 -9999 -9999 -9999 -9999 -9999 -9999 -9999 41.25 47.25 45.25 44.5 43 42.5 39.75 36 -9999 -9999 -9999 -9999 -9999 -9999 -9999 -9999 -9999 -9999 -9999 -9999 -9999
52.5 57.25 55.5 51 53.5 56.25 57.5 58.25 60 64 66.5 69 72 77.5 81 86 86.5 88.75 91.5 92.75 94.25 97 98.25 98.5 96 90.25 89.75 92 93.75 97 99.75 101 101.25 96 99.5 102.75 102.5 88 89 99 96.25 100.5 108 93.75 86.5 103.25 102.25 91 75.5 72 66.5 63.5 57.75 52.5 -9999 -9999 -9999 -9999 -9999 -9999 -9999 -9999 38.75 40.75 41.25 41.75 42 41.25 36.5 -9999 -9999 32 -9999 -9999 -9999 -9999 -9999 -9999 -9999 -9999 -9999 -9999 -9999
53.75 58 57.5 55.5 53.5 58 57.75 57.75 59.5 64 68 68.75 71 74 81.25 85 82.75 78.25 82.75 95.5 107.25 109.5 111.5 107.75 98.75 91 87 88.5 89 90.25 90.25 91.5 97.25 94.5 87.75 87.25 87.5 77.5 82 84.75 104.5 108.5 111.25 104.5 103 118.25 101.25 78 78.75 64.75 59.5 51.66667 -9999 51.5 49.5 44 -9999 -9999 -9999 -9999 -9999 -9999 38 40.5 41 42.25 41.5 44 37 -9999 -9999 -9999 -9999 -9999 -9999 -9999 -9999 -9999 -9999 -9999 -9999 -9999 -9999
53.75 53.5 48.5 51.5 52 56.5 58 60.75 61.25 63.75 68 68.5 68 71.5 76.5 72.25 77 76.75 95.75 111.5 116.5 103.75 96.25 92 88.75 85.5 84.5 81.75 80.25 77 77 80.75 85.75 92.75 92 81 78.5 80.75 75.5 88.25 101.75 86.5 104 97.5 97.5 77.5 79.25 63.75 57 50.66667 49 48 49.75 48.75 46 42.5 -9999 -9999 -9999 -9999 -9999 -9999 35.33333 39.5 40.25 39.25 37.75 36 32 -9999 -9999 -9999 -9999 -9999 -9999 -9999 -9999 -9999 -9999 -9999 -9999 -9999 -9999
48.5 46 52.5 55 60.25 61 58.5 59.5 60.5 63.25 62.5 63 66.5 71.75 66.75 66.5 70.25 86.25 102.75 101.75 104 97 90.75 87.75 81.5 77 74.5 69.5 68 66.25 70.5 78.75 76.25 76.25 77.75 79.5 87.25 88.25 74.75 74 93.5 87.75 73.75 64.25 70.5 56.75 51.5 50.25 51.75 45 46.5 48.5 47.25 45.5 43.25 40 -9999 -9999 -9999 -9999 -9999 -9999 -9999 34 37.5 33 32.5 -9999 -9999 -9999 -9999 -9999 -9999 -9999 -9999 -9999 -9999 -9999 -9999 -9999 -9999 -9999 -9999
51.75 44.25 53.5 57.25 60.75 66.5 59.75 60.75 56.5 54.5 56 61.75 62.75 60.75 59.25 63.25 74.75 71.25 83.75 107.5 102.75 80 73.5 72.75 69.25 70.5 63.5 65.5 63 61 63.5 67 66.5 73 74.25 89.25 78.25 78 72 61.25 63.25 59.25 53.25 50.75 48.25 44 43 43 43.75 44.25 44.75 44.75 44.75 42.5 37.66667 -9999 -9999 -9999 -9999 -9999 -9999 -9999 -9999 -9999 -9999 -9999 -9999 -9999 -9999 -9999 -9999 -9999 -9999 -9999 -9999 -9999 -9999 -9999 -9999 -9999 -9999 -9999 -9999
47.5 44 46.75 45.75 49.5 51 50.5 47.25 49 47.75 53.75 55 57 53 56 66.75 64.75 86.5 104.5 100.75 87.25 76.25 74.5 81.5 85.5 72 65 58.5 55.25 59 57.25 53 61.25 58 64.5 73.75 72.25 76 64 55.5 51.25 50 45 43.25 42 38 39 41.5 43 42.25 42.5 42.25 40.5 37.66667 -9999 -9999 -9999 -9999 -9999 -9999 -9999 -9999 -9999 -9999 -9999 -9999 -9999 -9999 -9999 -9999 -9999 -9999 -9999 -9999 -9999 -9999 -9999 -9999 -9999 -9999 -9999 -9999 -9999
44 39 44.5 41.25 40 40.5 41.25 40.25 41.25 46.75 51.25 53.75 49.75 52.25 67.25 79 72.75 103.5 108.75 87.25 109.25 88.25 101.5 104.25 103.5 89 71.25 54.25 50.5 50.75 47.5 46.5 49 59.5 73.75 61.25 55 57.25 54 45.5 41.25 41 41.5 39 35.75 38.25 35.75 36.75 40.5 40 38.25 36 36 -9999 -9999 -9999 -9999 -9999 -9999 -9999 -9999 -9999 -9999 -9999 -9999 -9999 -9999 -9999 -9999 -9999 -9999 -9999 -9999 -9999 -9999 -9999 -9999 -9999 -9999 -9999 -9999 -9999 -9999
36.25 39 38.25 35 34.5 38 36.5 36.5 41.75 45.5 44.5 46.5 52.5 57.75 75.5 69 85 107.5 113.25 105.5 110 101 105.25 112.5 103.5 100 72.5 58 53 51.25 53 61.25 48.25 42.5 45.5 41 39.5 38.75 36.5 36 38.25 37.5 39 38.25 34.75 36.5 36.5 34.5 37 35 35 34 -9999 -9999 -9999 -9999 -9999 -9999 -9999 -9999 -9999 -9999 -9999 -9999 -9999 -9999 -9999 -9999 -9999 -9999 -9999 -9999 -9999 -9999 -9999 -9999 -9999 -9999 -9999 -9999 -9999 -9999 -9999
34.75 33 31.5 32 31.75 36 33.5 39 44 45.75 45.75 46.5 47.5 66.25 93.25 70.75 118.25 121.25 116.75 127.5 134.75 130.25 120.25 107 86.75 85 69.5 61.25 58.75 59.25 57.25 53.5 45 36.5 36.5 38.75 36.75 36.5 34 36 35 35.5 32 31 -9999 31 32 32.5 -9999 -9999 -9999 -9999 -9999 -9999 -9999 -9999 -9999 -9999 -9999 -9999 -9999 -9999 -9999 -9999 -9999 -9999 -9999 -9999 -9999 -9999 -9999 -9999 -9999 -9999 -9999 -9999 -9999 -9999 -9999 -9999 -9999 -9999 -9999
31 31 31 31 31.5 31.25 38.25 45.25 44.25 43.25 41 39.75 48 71 71.5 105.75 133.75 125.5 129 113.5 105.25 98 97.5 89.75 86.25 76.5 77.75 82.25 75 59.75 49 47 40.5 37 32.75 32.25 34.75 37.5 39.75 37 34.25 35 31 -9999 -9999 -9999 -9999 -9999 -9999 -9999 -9999 -9999 -9999 -9999 -9999 -9999 -9999 -9999 -9999 -9999 -9999 -9999 -9999 -9999 -9999 -9999 -9999 -9999 -9999 -9999 -9999 -9999 -9999 -9999 -9999 -9999 -9999 -9999 -9999 -9999 -9999 -9999 -9999
31.5 31 31.75 31 32 33.5 33.5 33.5 36 35.5 36.5 41.25 52.5 75.75 102.25 125.75 123.75 93.25 106.5 96.75 83.25 87.75 97.75 90.25 83.25 78.75 71.5 75.5 94.25 64.5 74 51 42.25 36 37.75 43.25 43.75 43.75 41.5 38 35 35 32 26 -9999 26 -9999 -9999 -9999 -9999 -9999 -9999 -9999 -9999 -9999 -9999 -9999 -9999 -9999 -9999 -9999 -9999 -9999 -9999 -9999 -9999 -9999 -9999 -9999 -9999 -9999 -9999 -9999 -9999 -9999 -9999 -9999 -9999 -9999 -9999 -9999 -9999 -9999
32.5 33 35 32.75 34.5 39.5 43.5 44 46 39.75 37.25 42.25 64.5 109.25 94.25 92 87 74.75 78.5 81.5 78.75 85.5 90.25 85.75 70.75 68 60.75 63.75 65 76.75 75.75 43.25 36.25 57 48 40.75 38 37.5 37 36.25 35 35 32.25 29.25 27.75 27 -9999 -9999 -9999 -9999 -9999 -9999 -9999 -9999 -9999 -9999 -9999 -9999 -9999 -9999 -9999 -9999 -9999 -9999 -9999 -9999 -9999 -9999 -9999 -9999 -9999 -9999 -9999 -9999 -9999 -9999 -9999 -9999 -9999 -9999 -9999 -9999 -9999
34.5 41.25 50 39.75 37 48.25 71.75 89.5 60.25 48.25 47 41.25 53.75 76.25 66 63 64.75 61.25 66.5 70.5 74.5 82.75 85.5 82.75 87.5 71.25 51.75 50.5 50 57.5 42.25 36.5 36 38 37.5 35.25 34.25 34 35.5 36 35.75 35 31 29.5 28.75 25.5 -9999 -9999 -9999 -9999 -9999 -9999 -9999 -9999 -9999 -9999 -9999 -9999 -9999 -9999 -9999 -9999 -9999 -9999 -9999 -9999 -9999 -9999 -9999 -9999 -9999 -9999 -9999 -9999 -9999 -9999 -9999 -9999 -9999 -9999 -9999 -9999 -9999
36.5 40.75 51.5 56.5 54.25 47.5 53.75 66.75 58.5 62.25 54.75 52 47 52.5 57.75 54 54 59 70 91 88.75 97 110 90 66 65.5 62.25 53.5 42.5 40.5 43.25 42.75 33.75 39.75 37.5 36.25 33 32 34.5 35.5 35.5 34 30.5 27.75 25.25 -9999 -9999 -9999 -9999 -9999 -9999 -9999 -9999 -9999 -9999 -9999 -9999 -9999 -9999 -9999 -9999 -9999 -9999 -9999 -9999 -9999 -9999 -9999 -9999 -9999 -9999 -9999 -9999 -9999 -9999 -9999 -9999 -9999 -9999 -9999 -9999 -9999 -9999
44.5 42.5 53.75 69.5 64.75 56.5 67 62.25 59.75 58 55.75 48.25 42.25 46.25 46.5 52.75 50 58.25 67 77.75 88.25 84.5 81.25 82.5 77.75 67 57.5 45.5 40.5 46 55.5 39 32.25 30.25 32.75 39 31.75 33.5 35.5 34.75 32 29.5 25.75 25 -9999 -9999 -9999 -9999 -9999 -9999 -9999 -9999 -9999 -9999 -9999 -9999 -9999 -9999 -9999 -9999 -9999 -9999 -9999 -9999 -9999 -9999 -9999 -9999 -9999 -9999 -9999 -9999 -9999 -9999 -9999 -9999 -9999 -9999 -9999 -9999 -9999 -9999 -9999
40 46.5 55.25 63.75 62.75 55.75 56.75 55.5 62.25 60.25 59 49.5 51.75 52.5 60.5 58.5 52.25 62.5 81 86.25 83.5 77.5 71.5 68.75 61.75 58.75 52.75 43.25 39 44.75 43.75 31.5 26 25.5 23.66667 32 25.5 27.5 28 27 28 24 -9999 -9999 -9999 -9999 -9999 -9999 -9999 -9999 -9999 -9999 -9999 -9999 -9999 -9999 -9999 -9999 -9999 -9999 -9999 -9999 -9999 -9999 -9999 -9999 -9999 -9999 -9999 -9999 -9999 -9999 -9999 -9999 -9999 -9999 -9999 -9999 -9999 -9999 -9999 -9999 -9999
47.5 50 47.5 49.75 49 54.25 46.75 49.5 60.75 57.25 48.5 51.5 63.5 71.75 95.25 82.75 61.5 65 69.75 72 66.25 57.75 46.25 44.5 41.5 36.5 37.5 33 32.75 28 26.5 25.25 22.33333 19 -9999 -9999 -9999 -9999 -9999 -9999 -9999 -9999 -9999 -9999 -9999 -9999 -9999 -9999 -9999 -9999 -9999 -9999 -9999 -9999 -9999 -9999 -9999 -9999 -9999 -9999 -9999 -9999 -9999 -9999 -9999 -9999 -9999 -9999 -9999 -9999 -9999 -9999 -9999 -9999 -9999 -9999 -9999 -9999 -9999 -9999 -9999 -9999 -9999
46.25 54.25 49.75 44 42.75 40.25 60.25 74.75 73.75 58.75 50.75 53.5 71.5 95.75 127.75 110.25 83.5 75.5 67.25 63.25 56 45.75 41.75 37 34.5 33 35 28.75 27.75 23.5 23 19 -9999 -9999 -9999 -9999 -9999 -9999 -9999 -9999 -9999 -9999 -9999 -9999 -9999 -9999 -9999 -9999 -9999 -9999 -9999 -9999 -9999 -9999 -9999 -9999 -9999 -9999 -9999 -9999 -9999 -9999 -9999 -9999 -9999 -9999 -9999 -9999 -9999 -9999 -9999 -9999 -9999 -9999 -9999 -9999 -9999 -9999 -9999 -9999 -9999 -9999 -9999
40 39.75 38.5 36 35.75 38 60.25 72.75 74.75 73 62.5 59 62.75 71.5 87 120.5 128.5 127.75 130 118.5 105.75 71.75 57.5 52.25 41 30.25 25 24 21 18 -9999 -9999 -9999 -9999 -9999 -9999 -9999 -9999 -9999 -9999 -9999 -9999 -9999 -9999 -9999 -9999 -9999 -9999 -9999 -9999 -9999 -9999 -9999 -9999 -9999 -9999 -9999 -9999 -9999 -9999 -9999 -9999 -9999 -9999 -9999 -9999 -9999 -9999 -9999 -9999 -9999 -9999 -9999 -9999 -9999 -9999 -9999 -9999 -9999 -9999 -9999 -9999 -9999
35.75 37.25 37.25 36.75 35.75 35.5 44.75 63.75 91.25 134.75 107 79.25 80.5 79.75 67.25 57.75 63 79.75 78 67.75 57.25 55 45 41.5 39.5 29.25 23 20.5 18 -9999 -9999 -9999 -9999 -9999 -9999 -9999 -9999 -9999 -9999 -9999 -9999 -9999 -9999 -9999 -9999 -9999 -9999 -9999 -9999 -9999 -9999 -9999 -9999 -9999 -9999 -9999 -9999 -9999 -9999 -9999 -9999 -9999 -9999 -9999 -9999 -9999 -9999 -9999 -9999 -9999 -9999 -9999 -9999 -9999 -9999 -9999 -9999 -9999 -9999 -9999 -9999 -9999 -9999
43.25 41.5 43.25 41 39.75 41 63 116 174 206.75 186.25 158 140 133.75 127.75 101.5 67 43.5 42 41 36.75 39.5 39.5 37.25 32.75 38.25 30.5 17.25 -9999 -9999 -9999 -9999 -9999 -9999 -9999 -9999 -9999 -9999 -9999 -9999 -9999 -9999 -9999 -9999 -9999 -9999 -9999 -9999 -9999 -9999 -9999 -9999 -9999 -9999 -9999 -9999 -9999 -9999 -9999 -9999 -9999 -9999 -9999 -9999 -9999 -9999 -9999 -9999 -9999 -9999 -9999 -9999 -9999 -9999 -9999 -9999 -9999 -9999 -9999 -9999 -9999 -9999 -9999
47.75 47.75 46.25 54.5 52 41.25 59.25 148.5 154.75 142.75 115.25 76 55.25 58.75 64.5 58 43.75 32.75 30.5 28.25 50.25 58.75 44.75 31.5 28.5 25.25 20.75 17.25 -9999 -9999 -9999 -9999 -9999 -9999 -9999 -9999 -9999 -9999 -9999 -9999 -9999 -9999 -9999 -9999 -9999 -9999 -9999 -9999 -9999 -9999 -9999 -9999 -9999 -9999 -9999 -9999 -9999 -9999 -9999 -9999 -9999 -9999 -9999 -9999 -9999 -9999 -9999 -9999 -9999 -9999 -9999 -9999 -9999 -9999 -9999 -9999 -9999 -9999 -9999 -9999 -9999 -9999 -9999
59.5 60 50 50.75 59.25 44.5 34.75 45 46.75 52 52.5 46.75 32.25 43 106.75 106.75 76 58.5 36.25 24.75 26.75 28.5 25 24.5 25.5 22 18.5 16 -9999 -9999 -9999 -9999 -9999 -9999 -9999 -9999 -9999 -9999 -9999 -9999 -9999 -9999 -9999 -9999 -9999 -9999 -9999 -9999 -9999 -9999 -9999 -9999 -9999 -9999 -9999 -9999 -9999 -9999 -9999 -9999 -9999 -9999 -9999 -9999 -9999 -9999 -9999 -9999 -9999 -9999 -9999 -9999 -9999 -9999 -9999 -9999 -9999 -9999 -9999 -9999 -9999 -9999 -9999
32.5 37 45.25 53.5 36.75 32.75 28 42.5 46.5 49.75 41.75 45.75 30 25.5 44 54 34 27.5 28.25 19.25 18 19 19.75 22.75 21.75 18 15.66667 -9999 -9999 -9999 -9999 -9999 -9999 -9999 -9999 -9999 -9999 -9999 -9999 -9999 -9999 -9999 -9999 -9999 -9999 -9999 -9999 -9999 -9999 -9999 -9999 -9999 -9999 -9999 -9999 -9999 -9999 -9999 -9999 -9999 -9999 -9999 -9999 -9999 -9999 -9999 -9999 -9999 -9999 -9999 -9999 -9999 -9999 -9999 -9999 -9999 -9999 -9999 -9999 -9999 -9999 -9999 -9999
22.25 25 22.5 23.5 22.75 20.25 19 24 23.25 21.5 19 19.5 18.75 17 17.5 15.5 15.5 15 15 13.5 13 13.5 18.5 20.25 16.5 13 -9999 -9999 -9999 -9999 -9999 -9999 -9999 -9999 -9999 -9999 -9999 -9999 -9999 -9999 -9999 -9999 -9999 -9999 -9999 -9999 -9999 -9999 -9999 -9999 -9999 -9999 -9999 -9999 -9999 -9999 -9999 -9999 -9999 -9999 -9999 -9999 -9999 -9999 -9999 -9999 -9999 -9999 -9999 -9999 -9999 -9999 -9999 -9999 -9999 -9999 -9999 -9999 -9999 21 21 22 26.75
17 16.33333 16.33333 15 15 15 14 18 15 13 -9999 -9999 -9999 12.66667 13.25 14.5 14.5 14.75 12.75 12 -9999 -9999 12.5 13.5 13 -9999 -9999 -9999 -9999 -9999 -9999 -9999 -9999 -9999 -9999 -9999 -9999 -9999 -9999 -9999 -9999 -9999 -9999 -9999 -9999 -9999 -9999 -9999 -9999 -9999 -9999 -9999 -9999 -9999 -9999 -9999 -9999 -9999 -9999 -9999 -9999 -9999 -9999 -9999 -9999 -9999 -9999 -9999 -9999 -9999 -9999 -9999 -9999 -9999 19 21 26.5 27.66667 23.5 24.5 25.5 30 33.25
-9999 -9999 -9999 -9999 -9999 -9999 -9999 -9999 -9999 -9999 -9999 -9999 -9999 -9999 12 12 12 12 -9999 -9999 -9999 -9999 -9999 12 -9999 -9999 -9999 -9999 -9999 -9999 -9999 -9999 -9999 -9999 -9999 -9999 -9999 -9999 -9999 -9999 -9999 -9999 -9999 -9999 -9999 -9999 -9999 -9999 -9999 -9999 -9999 -9999 -9999 -9999 -9999 -9999 -9999 -9999 -9999 -9999 -9999 -9999 -9999 -9999 -9999 18 12.5 15 17.5 18 23.5 24 23 22.75 25.5 29.5 30.75 34.75 31.25 32.75 35 35.75 34.5
-9999 -9999 -9999 -9999 -9999 -9999 -9999 -9999 -9999 -9999 -9999 -9999 -9999 -9999 -9999 10 -9999 -9999 -9999 -9999 -9999 -9999 -9999 -9999 -9999 -9999 -9999 -9999 -9999 -9999 -9999 -9999 -9999 -9999 -9999 -9999 -9999 -9999 -9999 -9999 -9999 -9999 -9999 -9999 -9999 -9999 -9999 -9999 -9999 -9999 -9999 -9999 -9999 -9999 -9999 -9999 -9999 -9999 -9999 -9999 15 19 18.25 19.75 18 26.5 25.25 26.25 25.5 30.5 36 35.25 33.5 31 35.5 33.5 32.75 32.25 32.5 33.5 35.75 38 43.25
-9999 -9999 -9999 -9999 -9999 -9999 -9999 -9999 -9999 -9999 -9999 -9999 -9999 -9999 -9999 -9999 -9999 -9999 -9999 -9999 -9999 -9999 -9999 -9999 -9999 -9999 -9999 -9999 -9999 -9999 -9999 -9999 -9999 -9999 -9999 -9999 -9999 -9999 -9999 -9999 -9999 -9999 -9999 -9999 -9999 -9999 -9999 -9999 -9999 -9999 -9999 -9999 -9999 -9999 -9999 -9999 -9999 -9999 -9999 15.5 24.5 29.5 27 23.75 21.5 29.75 39.5 29.25 26.5 32 39.5 44.5 45.25 44.25 50.5 52.5 47 43.75 41.75 44.5 46 51.25 55.75
-9999 -9999 -9999 -9999 -9999 -9999 -9999 -9999 -9999 -9999 -9999 -9999 -9999 -9999 -9999 -9999 -9999 -9999 -9999 -9999 -9999 -9999 -9999 -9999 -9999 -9999 -9999 -9999 -9999 -9999 -9999 -9999 -9999 -9999 -9999 -9999 -9999 -9999 -9999 -9999 -9999 -9999 -9999 -9999 -9999 -9999 -9999 -9999 -9999 -9999 -9999 -9999 -9999 -9999 -9999 -9999 16 16.25 23.5 25.25 34.5 30 29.5 27 26.25 29 32.5 29.5 35.75 29 32 33 32.5 33.75 39.75 55 48.25 41.5 43.25 48 50.75 55 53.5
-9999 -9999 -9999 -9999 -9999 -9999 -9999 -9999 -9999 -9999 -9999 -9999 -9999 -9999 -9999 -9999 -9999 -9999 -9999 -9999 -9999 -9999 -9999 -9999 -9999 -9999 -9999 -9999 -9999 -9999 -9999 -9999 -9999 -9999 -9999 -9999 -9999 -9999 -9999 -9999 -9999 -9999 -9999 -9999 -9999 -9999 -9999 -9999 -9999 -9999 -9999 -9999 -9999 17.5 16.33333 18.25 20.5 25.25 33.25 32 31.5 24.5 25.5 22 24 23.25 23.25 22.75 19 19.5 21.5 25.5 32.25 29.25 31 33.5 38 42.75 44.5 49 51.25 53 52
-9999 -9999 -9999 -9999 -9999 -9999 -9999 -9999 -9999 -9999 -9999 -9999 -9999 -9999 -9999 -9999 -9999 -9999 -9999 -9999 -9999 -9999 -9999 -9999 -9999 -9999 -9999 -9999 -9999 -9999 -9999 -9999 -9999 -9999 -9999 -9999 -9999 -9999 -9999 -9999 -9999 -9999 -9999 -9999 -9999 -9999 -9999 -9999 -9999 -9999 -9999 16 15.25 17 20 21.75 26.25 28 28.25 28.5 33 27.5 19 17.5 18.5 19.5 20.5 18.5 22.5 23.5 26 26.5 33.25 32.25 32.25 33.5 36.5 40 44.25 46.5 51.5 53.25 53.5
