layers/wordclim/past/Iberia_miroc_10_ascii/bio_2.asc
ncols         205
nrows         142
xllcorner     -11.010633712694
yllcorner     33.273793250999
cellsize      0.083333333333334
NODATA_value  -9999
[rows 36 to 71 of 142, columns 0 to 79 of 205]
-9999 -9999 -9999 -9999 -9999 -9999 -9999 -9999 -9999 -9999 -9999 -9999 -9999 -9999 -9999 -9999 -9999 -9999 -9999 -9999 57 57.5 58.25 59.5 61 64 66 69.25 69.25 72.75 78 83.5 86.25 82.25 80.25 81 82.25 85 88.25 89.75 89.75 88.75 90.5 87.25 89.25 91.25 92 91 90.25 89.5 90.75 97.5 99 99.5 100.25 101.75 103.25 104 105 106 106.25 107 107.25 107.75 107.75 108 107.5 107.5 107.5 107 106.75 106.5 106 105.75 105.5 105 105 104.5 103 101.75
-9999 -9999 -9999 -9999 -9999 -9999 -9999 -9999 -9999 -9999 -9999 -9999 -9999 -9999 -9999 -9999 -9999 -9999 -9999 -9999 57.5 58.25 59.5 61 62.25 66 68 68.25 72.25 76.75 80.5 84 79.25 79 78.75 82.75 86.25 83.75 84.5 87.75 88.25 88.5 93.5 90.75 91.25 93.75 93 93.25 93 93 92.5 98 99.75 100.25 101 102.25 103.5 104 105 105.75 105.5 106.5 106.5 106.75 107 107 107.25 107 107 107 107 107 106.5 106.25 106 105.5 105.25 104.5 103.5 101.5
-9999 -9999 -9999 -9999 -9999 -9999 -9999 -9999 -9999 -9999 -9999 -9999 -9999 -9999 -9999 -9999 -9999 -9999 -9999 -9999 58 59.5 60.75 62 64 66.75 68 71.75 75 78.5 81.75 83.75 79.5 85 89.25 87.75 82 80.5 78.75 80 88 92 96 94.25 92.75 94.75 95.25 93.75 96 96.75 96.75 100.5 101.5 101.25 101 101.75 102.5 102.75 104 105 105.25 106 106 106.5 107 107 107 107 107.5 108 107.5 107.25 106.75 106.25 106 106 105 104.5 103.5 101.75
-9999 -9999 -9999 -9999 -9999 -9999 -9999 -9999 -9999 -9999 -9999 -9999 -9999 -9999 -9999 -9999 -9999 -9999 -9999 -9999 59 60.5 61.75 63.25 65 67.25 70.5 74.25 76.75 79.5 82.5 85.25 87.75 83.75 83.25 77.5 78.5 77.75 78 80.5 86.25 90.5 96.75 95 91.5 96 96.5 97 98 98 99.75 101.5 100.5 100.75 101.5 101.75 102.25 103 103.75 104.5 105.25 106 106 107 107 107 107.25 107.25 107.5 107.5 107.25 107 106.75 106.25 106 105.5 105 104 103.25 101.75
-9999 -9999 -9999 -9999 -9999 -9999 -9999 -9999 -9999 -9999 -9999 -9999 -9999 -9999 -9999 -9999 -9999 -9999 -9999 -9999 -9999 61.25 63 65 66.75 68.75 71.75 74.5 77.25 80.5 83 85.25 86.75 85.5 81.25 83.25 84.5 81.5 81 84.5 90 95.25 97.5 94 94.25 97 98.5 98.5 96.5 94.75 99.5 101 101.5 101.25 101 101.5 102.5 103.25 104 104.5 105 106 106 106.5 107 107 107.25 108 107.75 107.25 107 107 107 106.5 106 105.25 104.75 104 102.75 101.5
-9999 -9999 -9999 -9999 -9999 -9999 -9999 -9999 -9999 -9999 -9999 -9999 -9999 -9999 -9999 -9999 -9999 -9999 -9999 -9999 -9999 62 64 66.25 67.5 70.25 72.75 76 79 81.5 83.75 86.75 88.5 90.25 91.25 87 86 83.25 84.75 89.5 96.25 97 92.5 94.5 97.5 99.5 99.75 98.75 96.75 95 98.25 99.75 101.75 101.25 101.25 101.75 102 103 104 104.75 104.75 105.25 105.5 106 106.5 106.5 107.25 107.5 107 107 107 107 106.5 106 106 105 104.25 103.25 102.25 101
-9999 -9999 -9999 -9999 -9999 -9999 -9999 -9999 -9999 -9999 -9999 -9999 -9999 -9999 -9999 -9999 -9999 -9999 -9999 -9999 -9999 -9999 64.66666 66.5 68.25 71 73.75 77.25 80 81.75 84.25 87.25 90 91.5 91.75 88.75 86.25 88.75 97 95 95.5 93.75 90.75 98 100 99.75 99.5 98.25 97.25 98.5 99.25 101 101 100.5 100.5 101 101.5 102.25 103 103.5 104 104.75 105 105 106 106 106 106 106 106 106 106 105.75 105.75 105.25 104.75 103.5 102.5 101.5 100.25
-9999 -9999 -9999 -9999 -9999 -9999 -9999 -9999 -9999 -9999 -9999 -9999 -9999 -9999 -9999 -9999 -9999 -9999 -9999 -9999 -9999 -9999 66 66.5 69.5 72 74.75 77.5 80 83 85.75 88.25 90.75 91.75 91 93.5 97.75 98.5 94 86 89.5 90.75 95 97.5 98.5 100 100 98.75 97.25 99 99.25 100.25 100.25 100.5 100 100.5 101.5 102 102.75 103.5 104 104.5 105 105 105.5 105.25 106 106 106 106 105.5 105 104.75 104.5 104.25 104 103 102 100.75 99.5
-9999 -9999 -9999 -9999 -9999 -9999 -9999 -9999 -9999 -9999 -9999 -9999 -9999 -9999 -9999 -9999 -9999 -9999 -9999 -9999 -9999 -9999 65 67 69.5 72.5 75.75 78.5 81.25 84.25 86.75 89 90.5 92.5 92.25 94.75 97.75 95.5 83.25 89.25 90.25 92.25 98.25 98.75 98.75 100 99.25 96.75 95 98.5 99.75 99.5 98.25 99.25 99.75 100.5 101 101.75 102.5 103 104 104.5 105 105.25 105 105.25 106 106 106 105.5 105 105 104.25 104 103.25 102.25 101.75 100.75 98.75 98
-9999 -9999 -9999 -9999 -9999 -9999 -9999 -9999 -9999 -9999 -9999 -9999 -9999 -9999 -9999 -9999 -9999 -9999 -9999 -9999 -9999 -9999 -9999 67 70 72.75 75.75 78.75 82 84.75 87 88.5 90.5 93.5 94.5 97 97 91.25 89.25 99.25 93.75 98 95.75 100 99.25 98 97.5 99 98.25 98.75 98 96.5 96.5 98.25 99.75 100.5 100.5 101.5 102.25 103.25 104 104.5 104.75 105 105.5 106 106 106 106 106 105 105 104 103.75 102.75 101.25 99.5 98.75 98.25 96.75
-9999 -9999 -9999 -9999 -9999 -9999 -9999 -9999 -9999 -9999 -9999 -9999 -9999 -9999 -9999 -9999 -9999 -9999 -9999 -9999 -9999 63 65 67.5 70.5 73 75.75 79 83 85.75 87.5 89 91.5 93.5 95.25 96 92.5 89 101.25 101.25 98.5 100.5 98.5 98 92.5 93.75 99 98 98.25 99 97.75 96 97.5 98.5 98.5 99 100 100.75 101.5 102.5 103.5 104.25 104.25 105 105.75 106 106 106 105.75 105.25 105 104.25 103.5 102.5 100.75 100 98.75 97.75 96.5 96.25
-9999 -9999 -9999 -9999 -9999 -9999 -9999 -9999 -9999 -9999 -9999 -9999 -9999 -9999 -9999 -9999 -9999 -9999 -9999 -9999 -9999 63 64.66666 67.5 70.25 72.75 75.25 79 83.5 86.5 87.5 89.25 91.25 93.25 94.75 91.75 94.5 98.5 99.75 100.5 100.25 100.5 99 97.75 96.25 95.25 98.5 96.5 94.5 96.25 95.5 95.5 94.75 95.75 96.5 97.5 98.75 100 101 102 103 103 103.75 105.25 105.75 106 106 106 105.75 105 104.75 103.75 102.75 101.25 100 99.25 98.25 97 95.75 95.25
-9999 -9999 -9999 -9999 -9999 -9999 -9999 -9999 -9999 -9999 -9999 -9999 -9999 -9999 -9999 -9999 -9999 -9999 -9999 -9999 -9999 62.5 64.5 67.25 69.75 72.25 74.5 77.75 82.75 85.5 87 89.25 91.25 92.5 93.25 95.5 93.25 90.25 97.25 94.5 94.75 93.75 94 94.75 95 95 97.5 96 94.75 95.25 95.75 94 94 94.75 95.75 97.25 98 99 100.5 101.75 102.25 103.5 104.5 105 106 105.75 105.75 106 105.75 105 104 103 101.75 101 99.75 98.75 97.5 96.25 95 93.25
-9999 -9999 -9999 -9999 -9999 -9999 -9999 -9999 -9999 -9999 -9999 -9999 -9999 -9999 -9999 -9999 -9999 -9999 -9999 -9999 62 62.5 64.5 66.5 69 70.75 73.75 76.5 81.25 83.75 86.5 88.5 90.75 91.25 85.5 83.75 77.75 82.75 87.5 86.5 91.25 91 86 85.75 91 94.5 95.75 94.5 95.25 95.5 93.75 93.5 93.75 94.75 95 96.25 97.25 98.5 100 101 101.5 103.25 104.5 105.5 106 106 105.5 105 105.25 104 103 102 101.25 100.25 99.5 98.25 97 95.25 94.5 92.5
-9999 -9999 -9999 -9999 -9999 -9999 -9999 -9999 -9999 -9999 -9999 -9999 -9999 -9999 -9999 -9999 -9999 -9999 -9999 -9999 60.5 62 64 66.25 68.25 69.75 72.5 75.25 79 82.5 85.5 87 87.5 89.25 90.75 90.75 89 87.5 83.5 82.25 84 89.25 85.5 83.5 88 92 93.25 91 90.5 91.75 90.75 91.25 92.25 93.25 94.75 95.75 97.25 98.5 99.25 99.5 101.5 103 104.25 105.25 106.25 106 105.5 104.5 103.25 103.25 102.5 101.75 101 100 99 97.5 96.5 95 93 91.5
-9999 -9999 -9999 -9999 -9999 -9999 -9999 -9999 -9999 -9999 -9999 -9999 -9999 -9999 -9999 -9999 -9999 -9999 -9999 -9999 -9999 61.5 63.5 65.5 67 68.5 71 73.75 76.75 81 85 85.75 83.5 82.5 84.75 92.25 91.25 89.5 86.5 84.5 83.5 83.5 84.75 81.75 86 90.25 89.75 90 88 88.75 90.5 90.75 90.75 92 93.5 94.75 96.5 98 98.5 99.5 100.75 101.75 103 103.5 104.5 104.75 104.75 103.5 102.75 102 102 101.25 100.25 99.75 98.5 97.5 95.5 93.5 92.5 91.5
-9999 -9999 -9999 -9999 -9999 -9999 -9999 -9999 -9999 -9999 -9999 -9999 -9999 -9999 -9999 -9999 -9999 -9999 -9999 -9999 -9999 62 63.25 65 65.5 67.5 69.25 72.25 75.25 79.75 84.25 85.75 88.5 90 92.25 92.75 91.75 90 89 87.75 87.5 86.25 83.5 82.25 84.5 86.5 85.75 87 87.5 85.75 88 89.75 89.75 90.5 92 94 95.25 97 97.5 98.5 99.5 100.5 101.5 102.5 103.75 104.25 103 102.75 102.25 101.25 100.25 100.25 100 99.25 98 96 95 93.75 93.25 92.25
-9999 -9999 -9999 -9999 -9999 -9999 -9999 -9999 -9999 -9999 -9999 -9999 -9999 -9999 -9999 -9999 -9999 -9999 -9999 -9999 -9999 61.66667 63 64.5 65.5 66.5 68.25 70.25 74.5 79.75 84 87.25 87.5 88.25 84.25 90.25 90.75 90.5 91 89.5 87.25 85.75 87.75 88.25 85.5 82 81.75 83.75 84.25 84.25 85.25 87.25 89 89.5 90.75 92.5 93.75 93.75 95.25 97.5 98.75 99.5 100.5 102.25 103 102.25 102 101.5 100.75 100.25 99.25 99 98.5 97.5 96.5 96 95 94 94 93.5
-9999 -9999 -9999 -9999 -9999 -9999 -9999 -9999 -9999 -9999 -9999 -9999 -9999 -9999 -9999 -9999 -9999 -9999 -9999 -9999 60 61.5 62.75 64.75 65.5 67.25 69 71.75 76.25 80.75 85.25 87.75 88.25 82 89 91.75 92.75 91.75 89.25 88 88 89.5 84 77 79.75 75 78 80.75 81.25 81.5 83.75 86.75 89.25 90.5 91 90.75 91.5 91.5 93.75 93.75 97 99.5 100.5 101.25 101.25 101 100.5 100 99.5 98.75 98.25 99 98.5 98 97 96 95.25 95 94.5 93.75
-9999 -9999 -9999 -9999 -9999 -9999 -9999 -9999 -9999 -9999 -9999 -9999 -9999 -9999 -9999 -9999 -9999 -9999 -9999 58 59.5 61.5 63.5 64.75 66.25 68.75 71.25 74 78.5 82.5 86.25 89.25 89 89.75 93.25 93.25 93 91.75 90 88.5 85.5 73.5 67 69.5 72.25 74.5 77 79.5 79.75 79.75 83.25 86 86.75 88.25 90 90.25 89.75 89 92.25 96.25 98.5 99.25 100.25 99.75 100.5 100.75 100.5 100.75 100 98.75 96.5 96 97.25 97 97 96.5 95.75 95 94.25 92.75
-9999 -9999 -9999 -9999 -9999 -9999 -9999 -9999 -9999 -9999 -9999 -9999 -9999 -9999 -9999 -9999 -9999 56 56.66667 58 59.5 61.5 63.5 65.25 67.25 70 73.5 76.5 80.75 85.5 89 91.5 93 94.25 93.5 94 93 90.5 88 83.25 66 64.5 72.5 77.75 81.5 75 76.75 78.5 78 79.5 82.25 83.75 85.25 87.25 87.5 87.25 90.5 94 95.5 97.5 97.5 98.25 99 97.25 98.25 99.75 99.75 98 96.25 96.25 96.25 96.75 97.25 98 98 97.25 96.75 95.5 94 93.5
-9999 -9999 -9999 -9999 -9999 -9999 -9999 -9999 -9999 -9999 -9999 -9999 -9999 -9999 -9999 -9999 -9999 55 56.5 58 59.5 61.5 64 65.75 68.25 71.5 75.25 78.5 83.25 88.25 91.5 93.25 94.5 95.75 95 93.75 91 88.5 85.75 74.25 61 60.75 76.75 84 84.25 80 76.75 75.5 75.5 76.75 80 82.5 84.25 85.75 87 90.5 92 94.75 96.25 96.5 97 96.75 94 92 95.75 98.75 98.5 97.5 97 96.25 96 97 97.5 97.75 97.75 97.5 96.5 95.5 95 94.25
-9999 -9999 -9999 -9999 -9999 -9999 -9999 -9999 -9999 -9999 -9999 -9999 -9999 -9999 -9999 -9999 -9999 55 56.5 57.5 59.5 61.5 64.5 66 69.25 72.5 76.5 80.25 85 89.75 93 94.75 95.75 95.75 94.5 93.75 89.5 80.75 76.75 78 76 76.5 84.25 83.5 83 83.5 80 75.75 78.5 79.5 78.75 83 85 89.25 90 92.25 93.5 95 96.75 97.25 97.5 95 94 95.25 94 95.75 95 96.25 94.5 96.25 98.25 99.75 99 99.75 99.25 98.25 97.25 96.5 96 95.25
-9999 -9999 -9999 -9999 -9999 -9999 -9999 -9999 -9999 -9999 -9999 -9999 -9999 -9999 -9999 -9999 -9999 55 56.5 57.25 59.5 61.5 64.5 66.25 69.75 74 77.5 80.75 85.25 90.25 94.75 96.75 97 95.75 92 87 83.25 76 74.75 84.5 85 84.75 84.5 84 85.5 84.75 83.75 83.75 86.25 87.75 85 88.25 91 91.75 92 92 94.5 95.5 96.25 97.25 94.5 95 95.75 96 96.5 97 99 100.25 100.25 100.25 100 100 100.5 100.25 99.25 98.25 98 97.5 96.75 96.25
-9999 -9999 -9999 -9999 -9999 -9999 -9999 -9999 -9999 -9999 -9999 -9999 -9999 -9999 -9999 -9999 -9999 54.5 55.75 57.25 59.5 61.5 64.5 66.5 70 74 77.5 81.25 85.5 89.75 92.5 94.5 92 81.5 81 81.75 81.75 81 85 82.5 80.25 76.25 82 85.75 87.25 86.25 84.75 84.5 87 88.25 89.5 91.75 92.75 91.75 92.25 93.25 94.75 95.75 96.75 96.5 96.25 95.75 97 99 101 101 100.25 101 101 101 101 100.75 100.75 100 99.5 99 98.75 98.25 98 97.25
-9999 -9999 -9999 -9999 -9999 -9999 -9999 -9999 -9999 -9999 -9999 -9999 -9999 -9999 -9999 -9999 -9999 54 55.5 56.5 58.75 61.5 63.75 66.5 70 74 77.25 81 85 87.5 89.25 91.25 84.75 84.25 86.75 87.5 85.5 84.5 83.75 80.25 86.25 84.75 85.75 87.25 87.25 87.75 86 86.25 87 89.75 90.5 92 92 92.5 93.5 94 95 95.75 96.25 96 96.75 98 98.75 99.25 101 100.25 100.75 101 101 101 101 100.75 101 100.75 100 100 99.75 99.25 98.75 98
-9999 -9999 -9999 -9999 -9999 -9999 -9999 -9999 -9999 -9999 -9999 -9999 -9999 -9999 -9999 -9999 -9999 53.25 55 55.75 58.5 61.25 63.5 66.25 70 73.75 76.5 80.25 83.75 85.25 88.25 89.5 88 88.5 88 83.75 81.5 80.75 81.75 85.75 88.25 86.75 87 87.5 88.25 88.75 88 88.25 89 90.25 90.75 91.75 91.75 92.25 93.5 94.25 95 95 95.5 96.25 97.5 98 99 99.5 100.75 100.25 101 101 101 101.25 101.25 100.5 101.25 101.25 101.25 100.75 100.5 99.75 99 99.5
-9999 -9999 -9999 -9999 -9999 -9999 -9999 -9999 -9999 -9999 -9999 -9999 -9999 -9999 -9999 -9999 -9999 53 54 55.25 57.75 60.25 63 66 69.25 73 75.75 79.25 82.5 84.5 86.75 87.5 89.5 87.75 87.25 86.75 81.75 78.75 85.5 88 88 86.75 87.25 89.25 90 90 89 88.75 90.25 90.5 91.5 91.25 92 92.75 92.75 92.75 94 94.75 95.25 96.75 97.5 98.5 99 99.75 100 100.75 101 101.25 101.75 102 101.25 101.25 102 102 102 101.5 101.25 100.25 100.25 100.5
-9999 -9999 -9999 -9999 -9999 -9999 -9999 -9999 -9999 -9999 -9999 -9999 -9999 -9999 -9999 -9999 -9999 52.5 53 54.5 57 59.75 62.5 65.5 69 72.25 75 78.25 81 83.75 86 87.5 88 88 87.75 87.25 84.75 85.25 87.75 88.5 87.25 88 89.5 89.25 89 90.25 89 90 90.75 91.75 92 91.5 92.75 93.25 94.25 94.5 95.25 95.25 95.75 97 97.5 98.25 99 99.25 100.5 101 101.5 102 102 101.5 101.25 102.25 102.5 103 102.75 102.5 101.5 101.5 101.75 102
-9999 -9999 -9999 -9999 -9999 -9999 -9999 -9999 -9999 -9999 -9999 -9999 -9999 -9999 -9999 -9999 -9999 52 52.25 53.5 56.25 60 62 65 68.25 72 74.25 77 80.25 82.5 84.75 86.5 86 86.75 85.75 86.5 86.5 87.5 88.5 88.75 90.25 89.25 89 88.5 89.75 90 90.25 91.5 92 92 91.25 91.75 92.25 93.25 94.5 94 94.75 94.75 95.75 96.75 97.5 98.5 98.5 99.25 100.25 101 101.75 102 102 102 102 102.75 103.25 103.25 103.25 102.5 102.5 102.5 103.25 103.5
-9999 -9999 -9999 -9999 -9999 -9999 -9999 -9999 -9999 -9999 -9999 -9999 -9999 -9999 -9999 -9999 -9999 -9999 51.5 -9999 -9999 59 61.66667 64.25 68 71.5 73.5 76 79 82 83.75 85.5 85.25 85.75 86 86.5 86.5 87 89 89.25 88.5 88.25 88 87.75 89.5 88 89.75 91.75 92.5 93 92.5 92.5 92.75 93 94 95.25 94.75 95.75 96.75 97.25 98 98.75 98.5 99.5 101 101 101.5 101.5 101.75 102 102.5 104 104 103.75 103 103.5 103.25 103.5 104.25 104.75
-9999 -9999 -9999 -9999 -9999 -9999 -9999 -9999 -9999 -9999 -9999 -9999 -9999 -9999 -9999 -9999 -9999 -9999 52 53.33333 55.25 58 61 64.25 68 71.5 73.5 76.25 79 81.25 83.25 84.25 85 86 87.25 88.25 87.5 88 87.5 88 87.25 87 86.75 88.25 89.25 88.75 89.25 91.75 93.75 93.75 93.5 94.5 94.5 94.5 94.5 94.75 94.75 95.5 97 98 99 98.25 99 100 101.25 102 101.5 101.25 102 103 103.75 104.5 104.75 104.25 104.25 104.5 104.5 105.5 105.25 105.5
-9999 -9999 -9999 -9999 -9999 -9999 -9999 -9999 -9999 -9999 -9999 -9999 -9999 -9999 -9999 -9999 -9999 50.5 49.5 51 54 58 61 64 68 71.25 73.5 76.5 79.25 81 82.25 83.5 84.75 85.75 86.5 87.25 86.25 87 87.75 87.75 87 86.25 83.75 84.5 87.25 89.25 89.75 91.25 92.75 93.75 95 94.75 95.75 95.5 95.75 94.5 95 96 97.5 98 98.75 98.75 99.25 100.75 101.5 102 102 102.5 103.25 103.75 104.5 105.25 104.5 105 105 105.5 105.75 106.5 105.75 106.25
-9999 -9999 -9999 -9999 -9999 -9999 -9999 -9999 -9999 -9999 -9999 -9999 -9999 -9999 50 50 51 51 50 50.5 54.5 58.25 62 65 68.5 71.75 73.5 76.5 79 81 81.5 83 84 84.5 86 87 86.75 87.25 88 88 87.5 86.5 83.75 81.25 83.75 88.25 91.5 94 95 95 96.5 96 96 96.75 96.5 96.25 96.5 97.25 97.75 98.75 98.75 99.5 100.5 101.75 102.75 102.75 103 103.5 104 104 105.5 105.25 105.5 105.5 105.75 106.25 106.75 107 107 107
-9999 -9999 -9999 -9999 -9999 -9999 -9999 -9999 -9999 -9999 -9999 -9999 -9999 51 50.75 50.5 51.25 51.5 52.25 53 56.25 60 62.75 66.25 69.25 72.25 73.75 76.5 79.25 80.5 81.25 82.75 83.75 84.5 85.75 87.5 87 87.5 89 89.5 88.25 88.25 88.5 86.5 87.5 92 95.75 96.5 96 97.75 98.5 98.25 98.25 97.75 96.25 97.25 97.5 98.25 98.5 99 99.5 100.75 101.75 103 103 103 103.5 104 104.5 105.25 105.25 105.75 106 106.25 107 107 107 107.5 108.25 108.5
-9999 -9999 -9999 -9999 -9999 -9999 -9999 -9999 -9999 -9999 -9999 -9999 52 51.75 52 52 52.5 53.5 55 55.5 58.5 61.75 65 67.75 70.25 73.25 74.75 77.25 79.25 80 81.5 83.25 84 84.75 86 87 87 88 89 90.25 88.5 88.75 90.25 91.75 93.75 95 97.75 99.75 99.25 100 99.5 99.5 99.5 99 98.5 98.5 98.5 99.25 100 100 101 101.25 102.75 103.75 103.5 104 104.25 104.75 105 106 106 106.25 106.5 107 107.25 107.25 108 108.75 109 109.25
