layers/wordclim/past/Iberia_miroc_10_ascii/bio_19.asc
ncols         205
nrows         142
xllcorner     -11.010633712694
yllcorner     33.273793250999
cellsize      0.083333333333334
NODATA_value  -9999
[rows 70 to 104 of 142, columns 0 to 76 of 205]
-9999 -9999 -9999 -9999 -9999 -9999 -9999 -9999 -9999 -9999 -9999 -9999 -9999 319.5 324.25 328.25 325.75 324 326 335.5 355 370.5 372 393.25 389.75 387.25 389.75 388.75 384 396 410.75 415 418.5 420.5 421.5 410.25 416.75 419 404.25 408 413.25 417.25 423 455 457 406.75 368.5 360.25 354.25 324.25 310.5 308.5 296.25 297.25 302.75 281.75 275.5 280.25 287.75 276 259.75 248.5 243.5 240.5 236.75 236.25 231.25 235.5 230 227.75 221 219.75 228 226.5 218.25 223 217.75
-9999 -9999 -9999 -9999 -9999 -9999 -9999 -9999 -9999 -9999 -9999 -9999 323 324.25 326 329.75 332.25 330.75 333.75 350.25 361.5 371.25 396.25 413 385 388 384 376.75 384.5 393.25 396.75 400.5 405.5 407 398.75 399.5 405.25 397.5 392.5 395 408.25 412.75 405.25 400 391 386 358.75 333.25 332.25 310.5 309.75 305.25 300 294.5 282.75 281.25 284 275.25 270.5 256 248.75 246 241 241.5 236.25 235.5 233.75 233.75 240 234.5 234 233.5 233.75 241 241.75 228.5 223.5
-9999 -9999 -9999 -9999 -9999 -9999 -9999 -9999 -9999 -9999 321 -9999 322 328.25 328.75 332.5 336.25 337.25 342.5 363.5 371.75 388 399.75 396.25 374.5 376.5 370.75 374.25 378.5 383.25 390 392.75 391.25 392.5 382.75 388.25 387 381.25 379.75 381.75 379.5 382.75 381.75 376.75 360.5 350.5 336.25 316 304 293.25 289 284.25 282.75 279.25 273 269 268.75 267.75 267.5 251.25 248 246 243.5 243 241.5 245 248 240.5 239.25 243.25 244.25 244 242.5 243.75 248.5 241.75 232.75
-9999 -9999 -9999 -9999 -9999 -9999 -9999 -9999 -9999 -9999 -9999 320.5 322 328.75 334.25 336.25 337.75 339.5 346.75 387.25 393.75 410.5 424.5 399.75 371 366 367.5 371 377.5 377.75 373 371.5 371.5 370.25 374.25 371.5 372.25 381 376 373.75 372.5 368.75 364.25 364 355.5 337.5 321.5 310.25 289.75 282.75 277.25 273.5 272.5 269 265.75 265 268.5 269 257 251.75 250.5 248.5 248.75 248.5 249.75 252.25 252 250.5 254.75 250.75 247.25 251.5 249.5 253.25 252 249.75 243
-9999 -9999 -9999 -9999 -9999 -9999 -9999 -9999 -9999 -9999 -9999 321 325 332.25 335.75 337 338.5 343.5 364 404 427.5 429.25 417.75 393.75 366 365.5 366 367.25 367.25 363.5 365 367.75 368 367.75 365.5 362.25 361.75 367.75 368.75 374.25 380.25 371.25 366.75 359.75 367.75 350.75 310.5 291 279.5 274 269.25 267 266.75 264.25 263 262.5 264.5 263 257.25 255.75 258 260.5 262.5 262.25 262.5 258 258.5 260.25 258.25 255.25 261.75 277 263.75 260.5 258 256 253
-9999 -9999 -9999 -9999 -9999 -9999 -9999 -9999 -9999 -9999 -9999 -9999 -9999 333.6667 339.5 346.5 345 350.75 392.75 421 433.25 421.25 385.25 369.5 363.75 363.75 364.75 363 365.25 366.75 366 371 363.25 362 364.75 362.5 360 363.5 360.25 358 369 386.5 371.5 346.25 344 325.25 296 283.5 279 278 273.5 270 268.25 270.75 273.25 275.25 267 267.5 268.75 271.5 271.25 277.25 277.5 274.75 276.25 268.25 274.25 274.75 277 273.5 268 262.25 264 267.25 266.5 264 271.25
-9999 -9999 -9999 -9999 -9999 -9999 -9999 -9999 -9999 -9999 -9999 -9999 -9999 -9999 338.3333 342.5 350 353.5 411.75 420 419.5 407 385.75 365.5 361.75 360 361 362.25 361 360.5 358.5 360.25 363.5 367.75 372.5 371 362.25 362.5 361 362.75 367.25 366 359 338.75 311.25 298.75 294 288.25 286.5 284.25 279 277 277.75 275 280.25 281.5 275 277 284.25 289.75 292.75 283 294.75 287 284.25 284.75 283.75 289.25 291.5 290.5 285.25 273.25 278.5 273.5 271 269.75 269.75
-9999 -9999 -9999 -9999 -9999 -9999 -9999 -9999 -9999 -9999 -9999 -9999 -9999 -9999 -9999 -9999 340 348.75 368 371.25 380 384.75 369.5 364.25 361.5 357.5 355.5 355.75 357.75 358.25 357.5 358 361.25 364.25 367.25 368.25 362.75 353 347.5 340 340.5 337.25 326.25 321 304 295.5 299 297.5 300.25 292.75 285.75 284.25 284 283.75 286.75 290.75 288.25 282.5 289.75 299.5 302.75 303.25 295 301.5 299.25 305 306.25 309.25 301 293.75 287.5 289.25 292 280.75 282 283 280.5
-9999 -9999 -9999 -9999 -9999 -9999 -9999 -9999 -9999 -9999 -9999 -9999 -9999 -9999 -9999 -9999 -9999 335.5 344.25 349.5 355 367.25 372 364 366.5 357.25 349.5 346 347 346.5 347.25 358 363.75 366 371.75 362.75 350.75 339.75 334.5 329 327.5 328 322.5 306 296.75 295.25 298.75 310.25 306.25 312.5 310 302.25 306.5 294.5 294.75 301.25 299.75 295 298 314 315.25 316.5 308 323 322.25 322 319.25 306 305 306 305 301.75 303.75 296 295.5 299.25 301.25
-9999 -9999 -9999 -9999 -9999 -9999 -9999 -9999 -9999 -9999 -9999 -9999 -9999 -9999 -9999 -9999 -9999 332 330.5 336.75 335.6667 352.3333 369.5 372.75 370.5 346.25 340 338.5 342.5 338 339.25 343.25 344 343.75 341.75 338 334 329.5 324.75 319.25 318.5 321.25 315.75 301.5 291.25 295.25 297.25 303.25 313.5 319 345.25 344.25 337 313.75 306.25 317.75 314.25 310 303.5 311.25 322.5 323.75 321.75 330.75 336 327.5 323 322.25 320.75 322.75 322 318 317 315.5 312.25 307 302.75
-9999 -9999 -9999 -9999 -9999 -9999 -9999 -9999 -9999 -9999 -9999 -9999 -9999 -9999 -9999 -9999 -9999 -9999 -9999 -9999 -9999 358 357 347.75 331 331.25 333.75 333 329.75 328.75 326.5 327 329.5 335.25 331.25 328.5 327 330.25 320.25 311.75 310.75 308.75 299.75 290.75 290.5 294.25 296.25 303 310.5 331.25 340.25 324.5 338 331.25 321.75 332 332.25 327.25 317.75 321.5 328 330.25 333.5 336.25 336.25 336 340 341 338.25 339 338.25 333.25 334.25 334.5 330.25 326.25 321.25
-9999 -9999 -9999 -9999 -9999 -9999 -9999 -9999 -9999 -9999 -9999 -9999 -9999 -9999 -9999 -9999 -9999 -9999 -9999 -9999 -9999 -9999 318.5 312.5 310 314.5 323.75 332.25 332.25 325.75 322.5 323.75 316.25 326.25 324.5 325.25 327.5 325 321.75 324.75 312.75 302.25 295 287.25 286.5 287.75 290.75 297.5 305.75 317.25 323 300.5 302 310.5 324 331 336 342.75 340.5 338.5 342 340.5 344.25 347.25 346.25 348.25 352 347.5 349.5 354.25 354.75 354.5 347.25 347.25 348.5 341.5 340.25
-9999 -9999 -9999 -9999 -9999 -9999 -9999 -9999 -9999 -9999 -9999 -9999 -9999 -9999 -9999 -9999 -9999 -9999 -9999 -9999 -9999 -9999 -9999 -9999 294.5 300.75 321.25 330 330.75 325.5 320.5 315.25 311.25 312 312.5 316 316.75 319.5 324 326.5 314.5 298.75 289 287 288 290.75 293.5 294 294.75 300 302.75 318 327 318 324.75 333.5 345.75 345.25 351.75 357.25 354.25 354.5 352.75 353 346 357.75 362.25 358.75 362.25 353.5 359 370.5 365.25 353.75 353.75 352.5 351.25
-9999 -9999 -9999 -9999 -9999 -9999 -9999 -9999 -9999 -9999 -9999 -9999 -9999 -9999 -9999 -9999 -9999 -9999 -9999 -9999 -9999 -9999 -9999 292 300.75 309.25 318.5 330.5 343 322 316.75 312.25 308.75 305.25 305.25 307.25 308.75 308.25 302.75 297.5 291.25 289.25 287 285.75 283.25 283 284.5 286.5 291.25 315.25 331 353.75 346 345.5 339.75 343.5 353.25 346.75 341.5 347.75 363.5 367.25 356.75 353 351.25 351.5 361 375 374.75 379.75 377.5 367.25 367.75 365.5 360 355.5 356
-9999 -9999 -9999 -9999 -9999 -9999 -9999 -9999 -9999 -9999 -9999 -9999 -9999 -9999 -9999 -9999 -9999 -9999 -9999 -9999 -9999 -9999 -9999 -9999 292.5 302.5 315 330.5 342.75 331.25 317 307.75 305 303.75 305 309 308.5 305.75 300.25 294.75 286 289.75 293 291.5 285 286.25 293.75 301.25 312.75 305 312.25 334.75 347.25 367.5 367.75 382 384 371.25 348.75 344.25 348.75 362.75 379 380.5 366.75 357.5 359 359.25 372.5 374.5 384.75 389.75 377.5 374 368.25 353.5 352.5
-9999 -9999 -9999 -9999 -9999 -9999 -9999 -9999 -9999 -9999 -9999 -9999 -9999 -9999 -9999 -9999 -9999 -9999 -9999 -9999 -9999 -9999 -9999 -9999 280.5 307 314 329.75 325.5 319 309.75 302.75 302.25 302.25 308 309.5 308.75 309.25 300.25 293 285.5 288.75 291 296.75 298.25 291.75 301.75 309 319.75 336.5 323.75 331 353.5 342.25 344 366 363 355.5 371 359.75 344.25 363 374 383.5 387.25 388.75 379 367.5 364.5 375.5 386.25 385.5 382.75 383 379.75 363.5 351.75
-9999 -9999 -9999 -9999 -9999 -9999 -9999 -9999 -9999 -9999 -9999 -9999 -9999 -9999 -9999 -9999 -9999 -9999 -9999 -9999 -9999 -9999 -9999 271 280 300.75 307 321.75 316.5 310 305.5 300.75 301 301.5 304 302.5 302.75 302.5 297.75 290.25 289 292 292.75 291.5 284.5 283.75 298 303.75 315.5 338.25 347 364 363.5 346.5 326.5 336 354.25 349.25 355.5 365.75 350.5 366.75 377.5 378.75 400.5 394.75 380.5 379.75 382.5 375.5 387.25 385.75 386 385.5 374.25 361.25 352
-9999 -9999 -9999 -9999 -9999 -9999 -9999 -9999 -9999 -9999 -9999 -9999 -9999 -9999 -9999 -9999 -9999 -9999 -9999 -9999 -9999 -9999 -9999 -9999 273.25 285 297 318.25 311.5 304.5 301.5 301.25 306.75 314.25 310.25 306 300.5 294.5 292.25 288.5 282.75 288 292.75 288 283.5 296 315 315.5 315.25 322 319.75 325.75 328.75 339.5 353.75 333.5 325.75 349.5 350.75 352 334.25 359.25 365.75 368 380 382.75 379.5 370.75 375 371.25 375.25 377.5 379.5 382.5 378.5 374.25 369.5
-9999 -9999 -9999 -9999 -9999 -9999 -9999 -9999 -9999 -9999 -9999 -9999 -9999 -9999 -9999 -9999 -9999 -9999 -9999 -9999 -9999 -9999 -9999 -9999 267 278.75 297.25 311.25 308.25 310.75 306 305 304 309.25 312 305.75 300.5 300 295.25 292.5 283.75 290.5 282.75 281.5 280.25 284 285.25 287 287.25 293 286 301.5 314.5 337.25 338.75 339.5 331 336.5 346 356.75 351.75 335.75 355.75 362.75 373 372.25 364 370.25 367 367.75 375.25 382.75 388 394.25 389.5 380.25 372
-9999 -9999 -9999 -9999 -9999 -9999 -9999 -9999 -9999 -9999 -9999 -9999 -9999 -9999 -9999 -9999 -9999 -9999 -9999 -9999 -9999 -9999 -9999 -9999 260.25 271.5 289.25 296 299.75 308.25 317.75 312.5 306.75 311.5 313.5 308 306.5 299.75 293 286.25 284.25 284.75 276.75 275.25 275.5 277.25 280 272 271.75 284.25 279.75 302.25 316.5 311.5 328 333.25 335 331.25 337 342.75 356.25 346.75 340.5 347.25 360.25 354.5 356.5 362 371 376.75 386 393.5 395.5 399.5 396.25 389.75 375.5
-9999 -9999 -9999 -9999 -9999 -9999 -9999 -9999 -9999 -9999 -9999 -9999 -9999 -9999 -9999 -9999 -9999 -9999 -9999 -9999 -9999 -9999 -9999 -9999 256.75 266.25 289.5 291.5 289 301 306 316.75 308.5 312 316.5 315 310 301.5 294.25 289.75 282.25 277 278.5 279.25 280.25 282.5 280.5 272 267.5 271.5 286 297.5 306.5 305.25 329.75 325.75 321.5 326.5 332 330.75 335.25 334.25 338.75 345.5 351.75 361.5 369.25 378.5 380.75 390 390 396.75 399.5 397.5 393.5 393.75 388.5
-9999 -9999 -9999 -9999 -9999 -9999 -9999 -9999 -9999 -9999 -9999 -9999 -9999 -9999 -9999 -9999 -9999 -9999 -9999 -9999 -9999 -9999 -9999 248.5 254.75 260.5 275.75 298.25 294 291.5 295.5 305.25 313 319.5 323 320.5 316.75 313 306.25 297.25 291 282.75 274.25 279.25 285.5 280.25 267.5 261.75 258.75 270.75 280.25 288.5 292.5 297 308.75 310.25 310.75 315 322.75 328.25 333.75 341 349.5 359.25 366 369.25 380 387.5 390.25 398.75 399 395.5 398.25 396.75 399 396.5 392.75
-9999 -9999 -9999 -9999 -9999 -9999 -9999 -9999 -9999 -9999 -9999 -9999 -9999 -9999 -9999 -9999 -9999 -9999 -9999 -9999 -9999 -9999 -9999 244 249.25 255.75 282.25 293 310.25 308.25 298.25 307.25 313.25 325 337.75 331.25 322.25 315.75 310.25 303.25 296 288 275 279 273 270.25 267.75 259.25 253.75 259 263.25 270.25 274 284.25 300.75 302.75 306 319.5 334.75 337 341.25 348.25 359.5 370.25 365.5 371.5 376.75 387.5 394.25 402.25 404.75 404.75 407.5 403 401.25 402 395.25
-9999 -9999 -9999 -9999 -9999 -9999 -9999 -9999 -9999 -9999 -9999 -9999 -9999 -9999 -9999 -9999 -9999 -9999 -9999 -9999 -9999 -9999 -9999 242 247.75 263.5 278.75 306.5 332.75 337.5 304.25 300.75 306 315.5 332.25 339.5 340.75 333.75 324.25 307 295.25 284.75 270.75 273.25 269.25 262.5 259.75 252.75 245 248 254.5 265.5 281.75 291 301.5 306.75 310.75 322.5 334 338.75 344.5 354.5 361.5 363.75 368.25 376.75 385.5 392.75 398.5 405.5 408.5 415.5 417 421.25 411.5 402.25 397.75
-9999 -9999 -9999 -9999 -9999 -9999 -9999 -9999 -9999 -9999 -9999 -9999 -9999 -9999 -9999 -9999 -9999 -9999 -9999 -9999 -9999 -9999 -9999 242.3333 247 267 284.75 290.25 292 286.75 291.25 292.75 296.25 307 320 321 340 343.5 326.75 320.75 306.5 285.5 269.75 266.75 263 257.75 254.75 251.75 245.75 249.25 261.75 273.25 281.5 287 294.5 302.75 308.25 319 327.5 335.75 347.75 357 363.75 369 373 381.5 396.5 406 411 417 421.75 428.25 431.75 446 426.5 417.25 404.75
-9999 -9999 -9999 -9999 -9999 -9999 -9999 -9999 -9999 -9999 -9999 -9999 -9999 -9999 -9999 -9999 -9999 -9999 -9999 -9999 -9999 -9999 -9999 244.3333 248.75 268.75 276.75 272.5 271.25 273 277.75 284 288 294.75 304.5 310.25 322 322.25 309.25 295.75 283.25 277.75 269.25 265.25 262.25 256.25 255.25 252 251.5 255.25 265.75 272.5 277.25 283.75 290.5 298.75 307.5 317.5 327 337.25 347 355.75 366.75 375.5 383 393.75 408 427.75 429.25 440.25 449.75 448.75 441.75 446.5 434 425.5 417.25
-9999 -9999 -9999 -9999 -9999 -9999 -9999 -9999 -9999 -9999 -9999 -9999 -9999 -9999 -9999 -9999 -9999 -9999 -9999 -9999 -9999 -9999 -9999 242 258 265.25 262.25 265.5 265.25 270.25 275.5 278.75 286.5 285.75 289.25 296.5 301.25 302.5 295 284.75 278.25 273.75 268.5 264.25 260 256.5 255.25 255 255.75 258.5 266.25 276.5 284.25 287.75 292.5 300.75 309.75 320 328.5 338.75 350 359.5 372 384.75 396.25 410.25 429 446 456 461 465.25 462.25 459.5 452.5 438.5 428.5 416.5
-9999 -9999 -9999 -9999 -9999 -9999 -9999 -9999 -9999 -9999 -9999 -9999 -9999 -9999 -9999 -9999 -9999 -9999 -9999 -9999 -9999 -9999 -9999 235 247.75 251.25 253 255.25 259.75 264.5 268.75 274.25 279.5 282.25 285.5 291.75 293.25 290.5 287.25 279.25 272.75 273 269 261.75 257.25 256 258.25 258.75 260 263.75 270 275.75 283.5 291.5 298.25 304 312.75 322.5 331.75 342.75 354.25 368 386 394.25 408 436.5 444.5 458.5 467.75 485.5 475 480.5 466.75 454.25 443 435 435.5
-9999 -9999 -9999 -9999 -9999 -9999 -9999 -9999 -9999 -9999 -9999 -9999 -9999 -9999 -9999 -9999 -9999 -9999 -9999 -9999 -9999 -9999 -9999 233 240.75 243.25 246.5 249 253.5 260 261.5 271.75 279.25 283.5 284.5 286.5 288.75 282.25 272 265 -9999 -9999 247 248.5 251.5 251.75 256.25 261.25 265 268.5 273.75 280 286.25 294 301.5 309 316.5 326.25 336 348.5 363 383.5 403.75 415.25 426.75 446 469.75 486.5 483.25 495.5 505.25 500.5 475.25 460.25 449 440.75 435.75
-9999 -9999 -9999 -9999 -9999 -9999 -9999 -9999 -9999 -9999 -9999 -9999 -9999 -9999 -9999 -9999 -9999 -9999 -9999 -9999 -9999 -9999 -9999 -9999 236.5 236.5 233.5 240 240.5 246 254 265.5 264.25 273.5 269.5 272.5 262 -9999 -9999 -9999 -9999 -9999 -9999 -9999 -9999 -9999 253 259.6667 266.5 273.25 277.5 282.5 289.75 298.5 304.75 314.5 321.5 331.25 341.75 357.5 389.25 398.25 416.25 426.25 440.5 473.75 501 501.5 511.75 519.5 515.5 520.5 501 480.75 455.5 428 427
-9999 -9999 -9999 -9999 -9999 -9999 -9999 -9999 -9999 -9999 -9999 -9999 -9999 -9999 -9999 -9999 -9999 -9999 -9999 -9999 -9999 -9999 -9999 -9999 -9999 -9999 -9999 -9999 -9999 -9999 -9999 -9999 -9999 -9999 -9999 -9999 -9999 -9999 -9999 -9999 -9999 -9999 -9999 -9999 -9999 -9999 -9999 -9999 263.6667 274.75 281.75 287.75 294.5 302.5 311 322.5 328.75 340.5 350 362.75 386 403.5 424.5 454 466 485.75 532.5 566.25 543 520 525.25 553.5 516 487.5 443.25 424.75 418.25
-9999 -9999 -9999 -9999 -9999 -9999 -9999 -9999 -9999 -9999 -9999 -9999 -9999 -9999 -9999 -9999 -9999 -9999 -9999 -9999 -9999 -9999 -9999 -9999 -9999 -9999 -9999 -9999 -9999 -9999 -9999 -9999 -9999 -9999 -9999 -9999 -9999 -9999 -9999 -9999 -9999 -9999 -9999 -9999 -9999 -9999 -9999 -9999 -9999 269.5 283.5 293.75 300.75 308.25 315.75 329 336.5 348.25 357 375.5 397.5 415 442 461.25 487.75 506.5 527.75 569 553 558.25 554.25 574.75 524.5 472.75 447.75 431.75 423.75
-9999 -9999 -9999 -9999 -9999 -9999 -9999 -9999 -9999 -9999 -9999 -9999 -9999 -9999 -9999 -9999 -9999 -9999 -9999 -9999 -9999 -9999 -9999 -9999 -9999 -9999 -9999 -9999 -9999 -9999 -9999 -9999 -9999 -9999 -9999 -9999 -9999 -9999 -9999 -9999 -9999 -9999 -9999 -9999 -9999 -9999 -9999 -9999 -9999 -9999 284.6667 299 307.75 315.5 322 330.5 341.75 352.5 367.75 393 413 440 481.25 506 514.75 536.25 552.75 548.25 541.25 536 540.5 526.25 495.75 495.25 468.5 436.25 430
-9999 -9999 -9999 -9999 -9999 -9999 -9999 -9999 -9999 -9999 -9999 -9999 -9999 -9999 -9999 -9999 -9999 -9999 -9999 -9999 -9999 -9999 -9999 -9999 -9999 -9999 -9999 -9999 -9999 -9999 -9999 -9999 -9999 -9999 -9999 -9999 -9999 -9999 -9999 -9999 -9999 -9999 -9999 -9999 -9999 -9999 -9999 -9999 -9999 -9999 -9999 297.6667 312 322.25 330.75 338.75 351.25 359.5 379.75 410.75 440.25 460 486.75 512.75 563.5 549 555.25 538.25 536.5 554.25 511.75 481 458.5 444.5 436 423.75 401.75
-9999 -9999 -9999 -9999 -9999 -9999 -9999 -9999 -9999 -9999 -9999 -9999 -9999 -9999 -9999 -9999 -9999 -9999 -9999 -9999 -9999 -9999 -9999 -9999 -9999 -9999 -9999 -9999 -9999 -9999 -9999 -9999 -9999 -9999 -9999 -9999 -9999 -9999 -9999 -9999 -9999 -9999 -9999 -9999 -9999 -9999 -9999 -9999 -9999 -9999 -9999 298 312.25 329.75 339.5 349.5 359 373.75 395.75 424.75 460 482 503 523 552.5 568.75 548.25 535.75 532.5 510.75 483 456.75 438.5 416 397.75 392.5 378.75
