layers/wordclim/past/Iberia_miroc_10_ascii/bio_10.asc
ncols         205
nrows         142
xllcorner     -11.010633712694
yllcorner     33.273793250999
cellsize      0.083333333333334
NODATA_value  -9999
[rows 0 to 33 of 142, columns 77 to 153 of 205]
-9999 -9999 -9999 -9999 -9999 -9999 -9999 -9999 -9999 -9999 -9999 -9999 -9999 -9999 -9999 -9999 -9999 -9999 -9999 -9999 -9999 -9999 -9999 -9999 -9999 -9999 169.5 163 161 162.5 167 168.5 169 169.5 169.5 169.5 168.5 168.5 168 168 166.5 166 167 166.5 166 167.5 169.5 169 168.5 169.5 168.5 168.5 170 172 171.5 170 171 170 171 171.5 169.5 168.5 168 165.5 165.5 166 165.5 168.5 171.5 171 171 168 167 167 168.5 169.5 164.5
-9999 -9999 -9999 -9999 -9999 -9999 -9999 -9999 -9999 -9999 -9999 -9999 -9999 -9999 -9999 -9999 -9999 -9999 -9999 -9999 -9999 -9999 -9999 -9999 -9999 -9999 -9999 168.5 165.5 162.75 165.5 168.25 169.5 169.75 170 170 169.25 169.5 168.75 167.75 167 166.5 166.5 166.75 167 167.25 168.5 169.75 170.25 170 170 170.5 172 172 172 171.75 171.75 172 171 170 168.75 168.5 167.25 168.25 167.25 167.75 169 171.5 172 168.75 168.25 167.25 166.75 168.25 173.75 175.25 171.75
-9999 -9999 -9999 -9999 -9999 -9999 -9999 -9999 -9999 -9999 -9999 -9999 -9999 -9999 -9999 -9999 -9999 -9999 -9999 -9999 -9999 -9999 -9999 -9999 -9999 -9999 -9999 -9999 174 168 166 167 168.5 169.5 170.5 170.75 170.75 170.5 170.25 170 167.25 167.25 167.25 167 166.75 167.5 168.75 169.5 171.25 170.75 171.5 172 172.25 170.75 170.25 171.5 172 172 171 171.5 171 171.5 171.25 170.25 170.25 171.75 173 172 171 169.5 171.75 171.75 173.5 171.75 174.75 173.25 176.25
-9999 -9999 -9999 -9999 -9999 -9999 -9999 -9999 -9999 -9999 -9999 -9999 -9999 -9999 -9999 -9999 -9999 -9999 -9999 -9999 -9999 -9999 -9999 -9999 -9999 -9999 -9999 -9999 -9999 -9999 169.5 166.75 167.5 169 171 172.25 172 171 171 171.25 167.25 167.75 167.25 167.5 167.25 168 168.5 170.5 171 169 169 170.75 171.75 173 172.75 172.75 173.25 173.25 174.25 174.75 174.75 174.75 173 173.5 173.25 172.5 173.5 173.75 173 174.5 175.5 175.75 173.75 175 172 168.25 167.75
-9999 -9999 -9999 -9999 -9999 -9999 -9999 -9999 -9999 -9999 -9999 -9999 -9999 -9999 -9999 -9999 -9999 -9999 -9999 -9999 -9999 -9999 -9999 -9999 -9999 -9999 -9999 -9999 -9999 -9999 174 170.5 168.75 170 172 173 172.5 172.25 171 170.5 168.5 168.5 168.5 168 168 168 168.75 169.5 171.75 170.5 169.5 169.75 171.25 171 171.5 171.25 171.25 171.25 171 171 171 172 172 172 171.5 170.5 170 170.75 170 173 174.25 174.5 169.5 170.25 170 168.75 168.5
-9999 -9999 -9999 -9999 -9999 -9999 -9999 -9999 -9999 -9999 -9999 -9999 -9999 -9999 -9999 -9999 -9999 -9999 -9999 -9999 -9999 -9999 -9999 -9999 -9999 -9999 -9999 -9999 -9999 -9999 -9999 174.75 171.75 171.5 172.75 174 173.25 172.5 171.75 170.5 169.5 170.75 170.75 170 169 169 169 169.5 170.75 172.25 172.75 171.5 171 171.25 172.25 172.25 173.25 173.25 172.75 173.75 173 173.5 174.25 174.25 173 170 167.75 168.75 168.25 170 172 171.75 169.25 166.75 167.25 167.25 170
-9999 -9999 -9999 -9999 -9999 -9999 -9999 -9999 -9999 -9999 -9999 -9999 -9999 -9999 -9999 -9999 -9999 -9999 -9999 -9999 -9999 -9999 -9999 -9999 -9999 -9999 -9999 -9999 -9999 -9999 -9999 176.75 174.75 174 174.5 174.5 174.25 173.75 173 171.25 169 170 170.25 170.25 170.25 169 169 169.75 170.25 171 173.5 173.5 172.5 173.25 173.75 173.5 172.5 172.5 173.25 173.75 173 172.75 173.25 173.25 173.25 171.5 171.25 171 170.25 172 170.75 170.25 168.25 168.75 168.75 170 173
-9999 -9999 -9999 -9999 -9999 -9999 -9999 -9999 -9999 -9999 -9999 -9999 -9999 -9999 -9999 -9999 -9999 -9999 -9999 -9999 -9999 -9999 -9999 -9999 -9999 -9999 -9999 -9999 -9999 -9999 -9999 178 178 176.75 176.5 176.25 175.5 175 174 172.5 170 170.5 170.25 170 171 170.75 170.5 170.5 170.5 172.25 172.5 171.5 171.5 172.5 172.75 174.5 175.75 175 174.5 174 174 173.25 173 174 175 174.5 176.5 175.5 176 176.5 175 176.25 175 174.25 174.5 174.75 174.5
-9999 -9999 -9999 -9999 -9999 -9999 -9999 -9999 -9999 -9999 -9999 -9999 -9999 -9999 -9999 -9999 -9999 -9999 -9999 -9999 -9999 -9999 -9999 -9999 -9999 -9999 -9999 -9999 -9999 -9999 -9999 -9999 179.25 178 177.25 177 176 175 174 172.25 170.25 171 170.5 170.75 171 171.5 171.5 171.5 171.5 172.5 172.75 171 171 171 171 171.75 174.25 175.75 176.75 174.75 174.5 176.25 176.5 176.25 176 176.25 174.75 172 172 172.25 170.75 172 175.25 175.5 173 174.75 173
-9999 -9999 -9999 -9999 -9999 -9999 -9999 -9999 -9999 -9999 -9999 -9999 -9999 -9999 -9999 -9999 -9999 -9999 -9999 -9999 -9999 -9999 -9999 -9999 -9999 -9999 -9999 -9999 -9999 -9999 -9999 -9999 179 178.25 178 177 176.5 175.5 175 172.75 171.25 171.5 171 170.5 171 171 171.25 172 171.75 171.5 171.25 172 172.25 171.25 170.25 172.25 172.5 174 177.25 176.25 175.25 173.5 171.75 172 174 173.5 172.75 171.75 173 174.25 173.75 173 173 174 172.75 172 170.25
-9999 -9999 -9999 -9999 -9999 -9999 -9999 -9999 -9999 -9999 -9999 -9999 -9999 -9999 -9999 -9999 -9999 -9999 -9999 -9999 -9999 -9999 -9999 -9999 -9999 -9999 -9999 -9999 -9999 -9999 -9999 181.5 179.5 178.5 178 178 177.5 176.5 175.5 173 172.25 171.75 171.25 170.75 171 171.5 171.75 171 171.25 171 171 171 171.25 171.5 171 172 172.5 172 175.25 175.5 175 175.5 173.75 173.75 174 174.25 174 174.75 177 176.25 175.75 177.25 176.75 176.75 177 173 173.25
-9999 -9999 -9999 -9999 -9999 -9999 -9999 -9999 -9999 -9999 -9999 -9999 -9999 -9999 -9999 -9999 -9999 -9999 -9999 -9999 -9999 -9999 -9999 -9999 -9999 -9999 -9999 -9999 -9999 -9999 -9999 182 180 178.5 178.25 178 177.75 177 176.25 172 171.5 171.5 171.25 170 170.5 171.5 172.25 171.5 171.75 171.75 172 171.25 171 170.75 171 170.5 171.75 172.25 174.25 173.5 174.75 175.5 177.5 178 177.25 176.25 177.25 177.25 177.5 178.5 179.25 178.75 179.5 181 179 174.5 176
-9999 -9999 -9999 -9999 -9999 -9999 -9999 -9999 -9999 -9999 -9999 -9999 -9999 -9999 -9999 -9999 -9999 -9999 -9999 -9999 -9999 -9999 -9999 -9999 -9999 -9999 -9999 -9999 -9999 -9999 -9999 181.5 179.75 178.5 179 178.25 178.25 177.25 175.25 172.25 172.5 171.5 171.25 170.75 171.75 172 172 172.5 173.5 173.25 173.25 173.25 172.5 171.75 171 171.5 172.5 173 175.25 175 175 173.5 176 176.25 176.75 179 179.25 179.25 180.75 181 180.75 181.25 182.25 182.25 180.75 176.25 172.25
-9999 -9999 -9999 -9999 -9999 -9999 -9999 -9999 -9999 -9999 -9999 -9999 -9999 -9999 -9999 -9999 -9999 -9999 -9999 -9999 -9999 -9999 -9999 -9999 -9999 -9999 -9999 -9999 -9999 -9999 -9999 181.75 179.5 178.75 178.5 178.75 178 176.5 174.5 172.5 172.5 172 171.5 171.5 172.75 172.75 173 174.25 174.5 174.75 174.25 173 173 171.5 171 172 172.75 175 175 174.75 173.75 174 175.75 175 176.5 176 176.75 178.25 181 181.5 182.25 181.5 180 179.5 179 177 178
-9999 -9999 -9999 -9999 -9999 -9999 -9999 -9999 -9999 -9999 -9999 -9999 -9999 -9999 -9999 -9999 -9999 -9999 -9999 -9999 -9999 -9999 -9999 -9999 -9999 -9999 -9999 -9999 -9999 -9999 -9999 183.3333 181.5 180.75 180.25 180 178.5 177.5 173.75 173.75 172.75 172.25 172 172 173.25 174.75 175.5 176 176 176 175 174.5 173.75 172.75 172.75 172.25 172.5 173.75 174.75 175.5 173.5 174.25 176.25 174.5 175.75 173.25 175.25 176.75 177.25 181 180.5 181.75 181.5 180.25 180.25 179.75 179.5
-9999 -9999 -9999 -9999 -9999 -9999 -9999 -9999 -9999 -9999 -9999 -9999 -9999 -9999 -9999 -9999 -9999 -9999 -9999 -9999 -9999 -9999 -9999 -9999 -9999 -9999 -9999 -9999 -9999 -9999 -9999 -9999 185 185 184.25 181.5 179.5 177.5 174.25 174 172.75 172.25 172.5 173.75 175.75 175.75 175 175 175.25 175.25 175 174.25 173.75 174 173.25 172.5 171.75 173 174 174.75 174 174.25 176.5 176.25 176.25 176.25 177.5 174.75 176.75 180.25 180.75 179.5 181.75 182.75 181.25 183.25 184.5
-9999 -9999 -9999 -9999 -9999 -9999 -9999 -9999 -9999 -9999 -9999 -9999 -9999 -9999 -9999 -9999 -9999 -9999 -9999 -9999 -9999 -9999 -9999 -9999 -9999 -9999 -9999 -9999 -9999 -9999 -9999 -9999 -9999 -9999 186 185.25 181 177.25 175.25 174.5 174.75 174.75 175.75 176.25 175.5 175.5 176 176.25 175.5 174.75 174.5 175 173.5 173.5 174 172.75 171.75 172 174.25 174 174 173.25 176 174.75 175.75 177.25 176.75 174.75 175.75 178.75 181.25 181.5 180.5 181.5 183 183.75 184.25
182 -9999 -9999 -9999 -9999 -9999 -9999 -9999 -9999 -9999 182 -9999 -9999 -9999 -9999 -9999 -9999 -9999 -9999 -9999 -9999 -9999 -9999 -9999 -9999 -9999 -9999 -9999 -9999 -9999 -9999 -9999 -9999 -9999 -9999 -9999 184.75 177.75 176 175.25 176 176.25 176.5 176.75 176 175.25 174.5 173.75 173.75 173.25 172 171.75 174.5 174.25 173.75 173.25 172.25 171.75 173 174.5 172.5 172.75 175.5 174.5 176.5 177 176.75 176.75 177.75 178 179 181 181.25 181.25 181.5 180.75 182
-9999 -9999 -9999 -9999 -9999 -9999 -9999 -9999 181 178.75 177.25 177.5 180 182 -9999 183 179.5 177 178.5 179.5 180.5 180.5 181.5 184 -9999 -9999 -9999 -9999 -9999 -9999 -9999 -9999 -9999 -9999 -9999 188 182.5 176.5 176.5 175.75 176.75 175.75 175.75 175 174.5 175.25 175.25 173.5 173 171 172 170.25 172.5 171.75 172.25 173.75 172.25 170.25 172.25 173.25 172.5 173.75 174.5 174 176 176.25 176.25 178.5 175.75 177 179.5 181 182 181.75 180.75 180.75 181.75
183.5 181.5 181.5 181 181 178 177.75 176.25 174.25 173 173 170.25 170.25 172.75 177 178.25 177.25 177 176.75 176.25 177.5 177.5 176.5 178 182.75 186.25 187 185.25 185.75 186.25 186 187.25 190 191 189.3333 185.75 178 177.5 177.25 178.25 176.75 177.5 177.75 176.75 174.75 174.5 173.75 173 172 171.5 169.25 168 169.25 168.5 170.25 172.5 173.25 171.75 171.25 172.5 172.75 173.25 173.5 174 174.5 176 178 176.5 174.5 178 180.25 181.75 179.5 182.25 181.5 181.25 181
176 176.5 177.75 177.25 175.5 172.25 172.25 171.5 171.25 170.75 171.25 167.25 169 170.75 170.5 170.5 174.25 177 176 171.5 168 166.25 172.25 174.25 178 181.25 182.5 182 180.75 181.25 182.25 183.5 183.5 181.75 181.75 179 177 177.25 175.5 176.5 176 175.75 177.25 176 173.5 173.5 173.5 174.25 171 170.25 167.75 166.75 165.25 166.25 166.75 170.75 171.75 171.25 170.25 171.5 172.75 172.25 172.25 172.75 175.25 176.25 176.75 174.5 176 178.75 180 180.75 181 180.5 182 183.5 181.75
170 169.75 170.75 169.5 169.5 168.5 170.25 170.5 169.25 164.25 164 162 162.75 166.5 162.75 163.5 164.75 168.5 171.5 171.75 171.5 170 171 169.25 168.75 174.5 178.5 180.75 179.5 179.5 178.75 179.25 174.75 174.5 173.5 171.75 177 172.75 173.25 169.5 172.25 173.75 177.25 175.5 174.75 173.5 170.5 171.75 172.5 171.75 169.5 166.5 163.5 162.25 163.5 168 169.75 171.5 168.25 169.75 171 170.75 170.25 173 174.5 173.75 174.25 174.25 177.5 179.75 179 178.25 181 181 180.75 181.5 182.75
150 158.5 159 161 159.5 161.25 165.25 164 161.75 159 149.75 147 149.5 162.75 160.5 160.75 160.75 166.25 162.25 169.25 171.5 171.75 170.75 163.25 164.5 166.75 168.5 170.5 171.75 174 175.25 175 170.75 161 172 168.5 166.5 159 162.5 168.25 171 172.25 173.5 171.5 172.5 170.25 171.75 169.25 167.75 168 168.75 169 165.25 161.25 161.25 166.25 166 170 165 167.5 166.5 167 169.5 171.75 171.5 172.25 174 176.5 178.5 178.5 177 179 178 181 182 181.25 180.25
141.25 133.75 148.25 152.5 149.5 151 164.25 154 157.75 156.75 139.5 129.5 145.75 149.25 151.25 157.75 164 167 166.25 165.75 168.75 171.75 163.75 171.25 167.75 166.75 163 166.75 164.75 163.25 172.25 160.75 163.25 156.5 166.75 168 164.75 159.75 159.75 166.75 172.25 163.75 157 165.25 167.25 166 166.5 168.75 166 163.75 163.25 166.5 165.5 160.5 159.5 162.25 161.75 164.25 162 160.5 159.75 162.75 165.5 168 170 170.75 173.75 173.25 175.25 175 178 178 178.25 177.5 180.5 181.5 179.5
146.75 133.5 125.5 128 136.5 142.25 148.75 142.5 148.25 141 135.5 138.75 143 145 151.75 158 154.75 164.75 167.5 165.75 159.5 155.75 160 156 165.5 169.5 162 165 166 173 169 159 150.25 153.75 159.75 158.25 153 154.25 151.75 149.75 152.75 150.25 135.5 149 164.25 159 157 153.75 134.75 147.75 143.75 148.75 143 146.75 155.25 153 153.25 156.25 160.25 155.75 159.5 162.75 166.5 168.25 171.25 172.25 174.5 172.5 170.25 170 170.5 174.75 174.75 174.25 178.25 178.75 179
126.5 129 110.5 125.25 142.75 145.75 145.75 148 146.75 147.75 149 153 153.75 154.25 152 151.25 151.75 144.75 159.5 163.25 158.25 145.75 156.5 158.75 160.25 159.75 154.75 165 170 159.75 142.5 156.75 156.5 158 160 155 144.5 141.5 141.75 135.5 137.5 132.75 123.25 134.75 136.75 123.5 120.25 142 123 120 120.25 121.5 119.25 139.25 136.5 115.5 122 128.5 133 143 138.5 147.75 159 156.5 159.25 154.75 156 163.5 171.25 168.25 166 167.5 164 169.25 173.25 170.25 174.25
136 138.25 129.5 133.5 141.25 144.5 144.5 144.25 146.5 147 150.25 152.25 159.25 158 151.5 151.25 149.75 152 150.75 153 157.25 159 164.5 165 163 159.75 155 151.25 158.75 162 162.5 154 159.25 165 162.5 162 159.75 153.25 144.5 142.75 136.5 138.5 131.5 129.25 122.75 103 93.75 122.75 108.5 106 91.25 82 104.25 106.25 119.5 93.25 80.5 92 109.5 135 109.25 130.25 143.25 139.75 126.25 131.25 144.75 154.5 146.75 160.5 150.25 143.75 135.75 146.25 162.5 158.5 160.5
138.75 144.5 147.25 148.25 148 147.25 151.5 149.75 150.5 151 151 146 151.75 155 161.5 158 152 154.5 160.5 154.5 158.25 165.25 165.25 166.5 164.75 162.75 159.75 151.75 152.5 148.5 144.75 141.25 154.75 170.5 174.25 172.25 164.75 160.75 160.25 149.25 140.75 144.5 138.5 135.5 121.75 105.75 102.75 94.75 104.5 85.75 85.5 66.75 67.25 80.75 83.25 94.25 60.25 77.25 110.75 128.25 105.5 116.25 129 127 117 89.5 116.5 109 119.75 149 145.25 128.5 114.5 141.75 160 128 117.25
145.5 149.75 148 151.5 150.25 147 148.5 148.75 146.25 151.5 147.5 145 150.5 157 155.25 161 158.25 154.5 168.25 165.75 168.75 166.5 164 159.25 152.25 158.25 153.5 153.5 156.5 159.5 158.5 168 167.25 171.75 169 175.25 168.75 165 168.5 164.25 157.25 156 147.75 146.5 136.75 134 121 99.75 97.25 77.75 97 94.75 69.75 67.75 84.5 87.75 68.75 86.25 85.75 83.5 85.75 97.75 119.25 119 106.5 87 82.25 82.5 99.25 108.25 107.5 99.5 125.25 129.75 126 137 142.5
151.25 153.25 155.5 154.5 148.5 147.75 148.75 149.75 150.75 149.5 149 146.25 151 164 160.5 159.5 157.75 158.5 167.5 170.25 172.5 164 162.75 161.75 161.5 164 165 165.75 171.25 173.25 174.25 176 176.75 180.25 173.5 165 155.75 157.75 164.25 171 158 145.5 148.75 151.75 151.5 141.25 139 130.5 125.5 100.5 96 109.5 88 98.25 70.25 66.75 87 103 73 77.25 58.25 77.5 66.5 81.75 98 98.75 88.25 92 106.75 87.5 90.5 72.75 85.75 82 88 96.25 109.25
156.25 157 159.5 159.25 158.25 157 155.5 153.5 150 151.25 150 154.25 159.5 161 161.75 162.25 161.25 162.25 167.5 172.5 174.75 173.5 165 164 167.5 166.5 168.25 173.75 178.25 177.25 178.25 181.75 183.75 183.75 177 173.75 161.75 168.25 173.25 175.5 171.75 162.75 162.75 157 160.75 156.25 150.25 146 140 133.5 131.25 130.75 112 124.25 112 107.25 119.75 122.5 105.75 93 102 97.5 72.75 80.75 82.75 76 69.5 82.5 126 119.75 111.25 91.75 81.75 98.75 84.75 77.75 95.75
161.75 161.25 162.25 161.75 162.25 161.5 161 157.5 153.75 155.25 155 155.75 156 153.25 157.75 159 162 166 170.75 173.75 174.25 176.75 180.5 180.75 181.5 183.25 184 184.5 183.5 183.25 184.5 185.5 185.75 187 183.25 181.5 173 173.5 175.25 167.25 167.25 163.5 158.5 147.75 147 151.25 141.75 141.5 134 140.25 145.75 131.75 122.25 129 134.75 134.75 150.75 127 91.5 110.25 125 111.75 109.75 119 109.5 85.25 78.5 81.75 115.25 136 112.75 91 110 112.75 76 72.5 82.75
165.5 166 166 166 165.75 165 163.5 159.5 158.75 158.5 159.25 157.5 156 156.25 154.5 156.5 160.75 160.75 161 168.75 171.25 177.25 179 174.25 180.25 183.75 185 186.5 188.5 188 188.5 188.25 186.5 188.5 186.75 187 183.25 181.25 181.75 174.5 162.25 155.75 150.25 143.5 143 152.75 155 154.25 150 150 147.25 138 136.75 125.5 132.25 148.5 162.25 157.25 151.25 145.5 131.25 112 125.5 137.5 129 111.75 115.25 108.5 145.25 106.25 116.75 126 138.75 108.5 102.75 109.75 123.75
169.5 169 169 169 168.25 166.5 162.25 161.75 162.75 163 161.25 159 157.5 155.25 150 148.5 154 148.25 153 151.25 160.75 173.75 166.25 151.5 168.75 167.25 171.25 176.5 179 183.75 190.25 191.75 189 191 191.25 189.5 187 185 185.5 180 172.25 166.5 161.75 159.5 155.25 160.75 156.5 143.75 135.75 132.5 132 132.25 128 132 134.5 145.75 159.75 164.25 156 149.25 139.25 148.25 131 145.5 136.5 134.75 146.75 151.75 131.75 117.75 134.5 158.25 157.25 142 134 133.25 132.75
