layers/wordclim/past/Iberia_miroc_10_ascii/bio_11.asc
ncols         205
nrows         142
xllcorner     -11.010633712694
yllcorner     33.273793250999
cellsize      0.083333333333334
NODATA_value  -9999
[rows 72 to 107 of 142, columns 0 to 80 of 205]
-9999 -9999 -9999 -9999 -9999 -9999 -9999 -9999 -9999 -9999 114 -9999 111.5 108.5 107 105.25 103.75 102.5 100.75 95.75 94.75 92.25 90.75 93.25 99.25 98.5 100.75 100.25 98.25 96 94.5 93.25 93 92.5 93 91.25 90.5 90.75 89.5 87.75 86.75 84.75 82.75 81.25 80.75 80 79.75 79.25 78.25 77.25 75.75 74.75 73 72 71.5 71.25 69.5 68 66.25 70.25 70.25 69.75 69.25 67.5 66.25 63.25 60.75 62.75 61.5 57.25 54.5 52.25 51.25 48.75 43.25 44.75 47 44.75 41 39.5 41
-9999 -9999 -9999 -9999 -9999 -9999 -9999 -9999 -9999 -9999 -9999 113 112 108.5 106 105.5 104.25 103.25 101.5 91.75 90.75 88 85.5 92.75 100 101 101.25 99.75 97.5 96.75 97 96.75 96 95.5 93.5 92.25 91.75 88.75 88 86.75 85.75 85 83.25 81 80 80.5 79.75 78.5 79 77.5 77 76.25 75 74.25 73.5 72.75 70.25 69 71.5 72 71.25 70.5 69.5 68 66.25 63.75 62.5 61.75 57.5 58.5 58.25 54.5 52.75 48.75 47.25 45.25 46.75 44.75 48.25 43.25 42.5
-9999 -9999 -9999 -9999 -9999 -9999 -9999 -9999 -9999 -9999 -9999 112 110.5 107 106.25 105.75 105 103.75 98 89 84.25 85.25 89 95.25 101.75 101.75 101.25 99.25 98.5 98.75 97.75 96 95.25 93.5 93.25 92.25 91.25 89 87.25 84 82.25 82 81.25 79.75 75.25 75.75 79.75 80.5 79 78 77.5 77 76 76.25 75.5 74.5 72.75 72.25 72.75 72 70.75 68.5 66.5 65.25 64 65.25 63.75 61.25 60.75 60.25 55.5 46.25 50.75 50 49.25 47.75 46.5 42.5 45.5 45.75 42
-9999 -9999 -9999 -9999 -9999 -9999 -9999 -9999 -9999 -9999 -9999 -9999 -9999 107.3333 105 103.5 103.75 102.75 91.25 86.25 84.75 89.25 98.75 102 102.5 102.25 100.5 99.5 98.5 96.75 96 93.75 94 93.25 90.75 89.75 89.25 87.75 86 85 81.75 76.75 77.75 80 78.25 78.75 81.75 81 78.5 76.5 76.25 76 75.25 74.25 72.5 71.25 72.5 71.5 70.25 68.5 67.75 64.75 62.75 63.25 61.75 63.75 60.75 59 56.25 56.5 58.5 59.5 55.75 52.5 50.25 50.25 43 43.5 43.5 46.25 43.5
-9999 -9999 -9999 -9999 -9999 -9999 -9999 -9999 -9999 -9999 -9999 -9999 -9999 -9999 105.6667 105.5 102.75 102.75 87.5 87 89.75 94.5 99.75 104 103.25 102 100.5 98.75 98 97.25 96.25 94.25 91.75 90 87.25 85.5 86.25 85 83 81.5 79.5 78 77.75 79.75 83.25 83.25 81.5 79.25 76.5 75.25 75 74.75 73 73.5 71.25 69.75 71.25 70.25 66.75 64 62.25 64.25 59.25 61.5 61.75 60.5 60.25 56.5 54.5 53.75 55.5 59.25 55 55.25 55.25 53 50.25 49 44.5 42.5 44
-9999 -9999 -9999 -9999 -9999 -9999 -9999 -9999 -9999 -9999 -9999 -9999 -9999 -9999 -9999 -9999 106 104 99.75 100.5 99.75 99.25 102.5 103.5 103 102 101.25 99.75 97.25 96 95.25 93.25 91 88.5 86 84.25 83.5 84.25 83.75 84.5 83.25 82.5 83.25 82 83.25 82.75 79.5 77 74.25 73.75 73.75 73.5 73 71.75 70.5 68.25 68.5 69.75 66.75 63.25 61 59.5 62 59.5 59.5 56.5 54.75 52.5 54.75 57 59.5 57 53.75 57.25 54.75 52.5 51 48.25 45.75 41 41
-9999 -9999 -9999 -9999 -9999 -9999 -9999 -9999 -9999 -9999 -9999 -9999 -9999 -9999 -9999 -9999 -9999 108 106.25 105.5 105 101.75 100.75 101.75 99.75 100.25 101.75 101 99.25 97.5 96 91.5 87.75 85.25 82.5 83 84.25 84.75 85.5 85.25 84.25 83 82.25 84.5 84.25 82.25 79.25 74.25 73 69.75 68.75 69 67.25 70 68.75 66.75 66 67.25 66 60 59.25 57.75 60.5 55 54 53.5 53 58 58 57 56.25 56.75 53.75 56.5 55.5 50 46.5 41.75 40.25 43.25 43.75
-9999 -9999 -9999 -9999 -9999 -9999 -9999 -9999 -9999 -9999 -9999 -9999 -9999 -9999 -9999 -9999 -9999 109 109.5 108 109.3333 104.6667 99.25 96.75 96.75 102.5 102.75 102.25 98.5 98.25 97.25 94 91.75 90.25 89 87.75 86.25 86 86.25 86.25 84.75 83 82.75 84.5 84.5 81.75 79 75.25 71 68.5 61 60 60.75 65.75 67.25 62.5 63 64 66 63 58.75 58.25 58.75 54.5 52.25 54.5 56 55.25 56 54 53.25 55 53.25 52.5 52.75 53 52.5 47.5 40.5 37.5 38.25
-9999 -9999 -9999 -9999 -9999 -9999 -9999 -9999 -9999 -9999 -9999 -9999 -9999 -9999 -9999 -9999 -9999 -9999 -9999 -9999 -9999 101.6667 100.25 102.5 106.75 105.25 102.75 102 101 100.25 99 97 94.5 91 90.5 89 87 84.5 86 86.75 85.25 85.75 86 86 84 81.25 79.25 76 72.25 65.75 62.5 65 61.25 62 63.25 60 59.75 60.5 63.25 61.75 59.5 58.5 57 56.5 55.25 55 53.25 52.75 53.5 51.75 51.75 53 51.25 49.75 49.5 49.5 49.5 49.5 49.5 41.25 41.5
-9999 -9999 -9999 -9999 -9999 -9999 -9999 -9999 -9999 -9999 -9999 -9999 -9999 -9999 -9999 -9999 -9999 -9999 -9999 -9999 -9999 -9999 110.5 111.5 111.5 109.25 104 100.75 98.75 99.5 98.5 96.25 97 92 91 88.5 85.5 85.25 84 82.25 83.75 86 86.5 86.5 84.5 83.25 80.5 77.5 74 69.25 67.5 72.5 71 68.25 64 61.25 60.25 57.75 58 58.5 57.5 57.5 56.75 55.25 55.25 54 52.75 54.75 52.75 50.5 49 48.75 50.5 48.5 46.75 48 46.5 46.5 47.25 47 49.5
-9999 -9999 -9999 -9999 -9999 -9999 -9999 -9999 -9999 -9999 -9999 -9999 -9999 -9999 -9999 -9999 -9999 -9999 -9999 -9999 -9999 -9999 -9999 -9999 115 112 103.5 99.5 98 97.75 97.5 98.25 97.5 95.25 93 90 88 84.75 82.5 80 82.75 86.25 87.25 86.25 84.25 82.25 80 78.5 77.25 74.75 73 68.5 65.75 66.75 64.75 62 58.25 58.75 56.25 54.75 56.25 56 56.5 56.25 59.25 54.75 53 54 52.75 56.25 52.75 46.75 47.5 52.5 51 49 47.5 48.5 45.75 46.75 46.25
-9999 -9999 -9999 -9999 -9999 -9999 -9999 -9999 -9999 -9999 -9999 -9999 -9999 -9999 -9999 -9999 -9999 -9999 -9999 -9999 -9999 -9999 -9999 115 111 107.25 103 97.75 92.25 97.5 97.5 97.75 97.5 96.5 94.25 92 89.25 87.25 88.5 88.25 89 88 87.25 86.25 85.5 84.25 82.75 80.75 78.75 71 66 59.75 61.5 61 61.5 61 58 60 61.5 60.25 55.5 54.75 58.25 59.75 60.75 60.75 58.25 51.75 52 49.5 50 54.25 53.25 52.75 54.75 55 51.75 54 58.75 57.75 52.75
-9999 -9999 -9999 -9999 -9999 -9999 -9999 -9999 -9999 -9999 -9999 -9999 -9999 -9999 -9999 -9999 -9999 -9999 -9999 -9999 -9999 -9999 -9999 -9999 112.25 108.5 102.25 96.25 90.75 93.5 96 98.5 97.25 95.75 92.75 90 88.5 87.5 88.25 88.75 90 87.5 84.75 84.25 85.25 83.5 80.25 77 72.75 74 71.5 65.25 61.25 55.5 55.25 52.25 51.25 54.25 61.5 64 63.25 59.25 52.5 53 58.25 63.25 62.75 64 58.25 57.75 52.25 49 54.75 56.25 58 64.25 61.25 61 69 68.75 69
-9999 -9999 -9999 -9999 -9999 -9999 -9999 -9999 -9999 -9999 -9999 -9999 -9999 -9999 -9999 -9999 -9999 -9999 -9999 -9999 -9999 -9999 -9999 -9999 115 104.75 101.25 94.5 94.75 95.75 97.5 98 97.25 94.75 91.5 89.5 88 85.25 87.75 89 90 87 85 82.75 81.25 81.75 78.5 75 71.25 66.25 69 66.75 60.5 63.75 63.25 57.25 58.5 60.75 56.75 61.25 67.75 60.75 57.75 55.5 54.25 54.5 59 65.25 67 62.75 56.5 57.75 59.75 58.5 58 66.25 69.75 71.75 75.5 74.5 75.5
-9999 -9999 -9999 -9999 -9999 -9999 -9999 -9999 -9999 -9999 -9999 -9999 -9999 -9999 -9999 -9999 -9999 -9999 -9999 -9999 -9999 -9999 -9999 118 113.75 105.25 101.75 95.75 96.25 98 98.25 98.25 96 94.75 92.5 91.25 89.25 88.25 88.25 89.75 89 86.5 84.75 83.75 85.5 84.5 79.25 76.5 72.75 66.25 63.5 59 59 63.75 70 68.25 62.25 64.75 63.75 61.75 67.75 62.5 59.75 60.5 53 55.75 62.75 63.75 64.25 68.5 63.5 65.25 65 64.5 70.25 74.5 75.75 75.75 75.5 71.25 71.5
-9999 -9999 -9999 -9999 -9999 -9999 -9999 -9999 -9999 -9999 -9999 -9999 -9999 -9999 -9999 -9999 -9999 -9999 -9999 -9999 -9999 -9999 -9999 -9999 114.75 109.25 103.75 95.5 96.75 99 98 97 93.75 90.75 89.75 90 90.75 91.5 91 90.25 91 88 85 85.5 85.75 80.5 74.75 73.5 73 71.25 71.75 70 69 67.25 63.75 70.5 73.5 66.75 67.25 68.25 77 68.75 67.75 68.25 64.5 65 66.75 72.25 72 75.25 75.25 76.25 76.25 76.5 76.25 73.5 72 72.5 72.5 70.5 71.5
-9999 -9999 -9999 -9999 -9999 -9999 -9999 -9999 -9999 -9999 -9999 -9999 -9999 -9999 -9999 -9999 -9999 -9999 -9999 -9999 -9999 -9999 -9999 -9999 116 110 102.25 96 96.5 94.75 95.5 95 94 91.25 89 89.75 90.75 90 90.25 89.25 90.5 87.75 88.5 88 87.25 85 83 82.75 81.75 79.75 82.25 77.75 74.5 68.5 69.25 70.25 73.5 73.25 71.75 69.25 73 81.25 74.75 73.5 70.5 72.5 78 76.5 79.5 81 79.5 78.25 75.75 72.5 72.5 74 75.75 74.75 73 68.75 72.25
-9999 -9999 -9999 -9999 -9999 -9999 -9999 -9999 -9999 -9999 -9999 -9999 -9999 -9999 -9999 -9999 -9999 -9999 -9999 -9999 -9999 -9999 -9999 -9999 117 110.75 104 100.5 98.75 94.5 90.25 91.5 92.75 90.5 88.75 90 89 90.25 91.5 91.75 91 89.75 91 90.5 90 86.75 84.75 87.75 87.5 82.75 84.5 78 74.5 77.5 73.75 73.25 73.75 77.75 77.25 77.25 74.5 80 84.25 82.75 79.25 83.25 84.25 83.75 81.5 81 78.5 76 75.25 73 71.75 73 76.75 72.25 71.25 72 69.75
-9999 -9999 -9999 -9999 -9999 -9999 -9999 -9999 -9999 -9999 -9999 -9999 -9999 -9999 -9999 -9999 -9999 -9999 -9999 -9999 -9999 -9999 -9999 -9999 117 112 102.5 101 101.5 96 93.5 89.5 91.75 90 88 87.75 88.75 90.25 91 91.75 93.25 93 91.5 89.75 88.5 86 85.75 88.25 89 87.25 83.25 80 78.75 81 74.25 77 80.75 81.5 82 85 86.25 88.25 87.5 86.5 86.25 84.25 82.5 80.5 80.75 78.75 79.5 78.25 76.25 77 77 73.5 71.75 66.25 63 63 63
-9999 -9999 -9999 -9999 -9999 -9999 -9999 -9999 -9999 -9999 -9999 -9999 -9999 -9999 -9999 -9999 -9999 -9999 -9999 -9999 -9999 -9999 -9999 120.5 116.5 113.75 106.25 97.5 98 99 97 93.75 90.75 87.75 86 86.5 86.5 87 88 89.75 91 92.75 94.25 91 86.5 87.25 90.5 91.5 92.25 88 85.5 84 84 84.25 82.25 84 87.5 88.25 89 90 90.25 88.5 86.5 84.25 83.25 84 81.25 80.25 80.5 78.75 78.75 81.5 80.5 80.25 77 74.25 72.25 69.5 65.75 45.25 45.5
-9999 -9999 -9999 -9999 -9999 -9999 -9999 -9999 -9999 -9999 -9999 -9999 -9999 -9999 -9999 -9999 -9999 -9999 -9999 -9999 -9999 -9999 -9999 121 118 114.75 102.5 97.5 92.25 92.25 95.75 92.5 90.5 86.5 81.5 83.25 86 87 87.25 88.75 89.75 91.5 95.25 92 92 91.5 91 92.75 93.75 92.25 91.25 91 91 90 86.5 88.5 89.5 88 85.75 89.25 90.5 88.5 85.5 82.75 85.5 86 85 83 82.5 80.5 80.25 81 80 80.5 78.75 75 73 69.5 62.75 54.5 51
-9999 -9999 -9999 -9999 -9999 -9999 -9999 -9999 -9999 -9999 -9999 -9999 -9999 -9999 -9999 -9999 -9999 -9999 -9999 -9999 -9999 -9999 -9999 120.5 117 109.75 102.5 92.25 83.25 81.75 93.5 94.5 92.75 90.25 84.25 81 80 81.5 84 89.5 91.75 93.75 97.25 94.5 94.75 95.5 95 95.75 97 95.75 95.5 93.5 89.75 88.25 87.75 88.25 89.75 88.75 88.25 90.5 90.5 88.25 86.5 87.5 87 85.75 84.5 84.25 83.5 83 82.25 80 78.5 74.25 77 77.5 74.75 72 67.75 61.75 51.75
-9999 -9999 -9999 -9999 -9999 -9999 -9999 -9999 -9999 -9999 -9999 -9999 -9999 -9999 -9999 -9999 -9999 -9999 -9999 -9999 -9999 -9999 -9999 119 115.75 106.25 99.25 97 96 98.5 98 97.75 98.5 93.5 89 88.75 81 79 84.25 85.5 89.5 95.25 98.75 98.5 98.75 98.75 98.5 98 98 96.75 94 92.5 91.5 91.75 91.75 92 92.25 91.5 91.5 91.5 90 88.25 87.75 87.5 87 86 84.25 83.25 83 81.5 80.5 78 75 64 71.5 72 74.25 72 70.25 63 64.25
-9999 -9999 -9999 -9999 -9999 -9999 -9999 -9999 -9999 -9999 -9999 -9999 -9999 -9999 -9999 -9999 -9999 -9999 -9999 -9999 -9999 -9999 -9999 117 113.25 104.75 101.5 102.75 103.75 103.5 103.25 101.75 101.5 99 96 94 89 88.5 92 96.5 99.5 100.25 102 101.5 101 101.25 100.5 99.25 99.5 97.75 95.5 95 95 95 94.5 94 93.25 92.75 92.5 91.25 90.5 90 88.75 87 87 85.75 83.5 78.75 79.25 77 72.25 72.25 73.75 68 71.75 71 69 69.5 63 54.25 58
-9999 -9999 -9999 -9999 -9999 -9999 -9999 -9999 -9999 -9999 -9999 -9999 -9999 -9999 -9999 -9999 -9999 -9999 -9999 -9999 -9999 -9999 -9999 117 107.5 105 106.25 105.75 105.75 105 104.5 104.5 103 104.5 103.75 101.5 99.5 98.25 99.75 102.5 103.75 102.75 103.25 104 104 104 103 102.25 101.5 100.25 98.5 95.5 95.25 96 95.75 94.75 94 93 92.5 91 91 90.5 89 87.5 86 84 80.25 76.25 73 72 69.5 69.25 68 70 73.25 73.75 74 72.75 65.5 57 50
-9999 -9999 -9999 -9999 -9999 -9999 -9999 -9999 -9999 -9999 -9999 -9999 -9999 -9999 -9999 -9999 -9999 -9999 -9999 -9999 -9999 -9999 -9999 120 112.5 111 111 110.25 109.5 108 108 107 106.5 106.5 106.75 105.75 104.75 104.5 104.75 106 107.25 105 105 107.25 107.5 107 105.25 104.75 103.5 102.25 100.5 100 98.5 97.25 96.5 96 94.5 93.5 91.75 91.75 90.75 89.75 87.25 88 86.25 79.75 79.25 76.75 73.75 64.75 69.25 64.25 70.25 73 75.25 73.25 63 60.25 55.5 53 43.75
-9999 -9999 -9999 -9999 -9999 -9999 -9999 -9999 -9999 -9999 -9999 -9999 -9999 -9999 -9999 -9999 -9999 -9999 -9999 -9999 -9999 -9999 -9999 123 117.75 116 114.75 113.75 113 112.25 112.75 109.25 107 107 107.5 107.75 107.75 108.75 112 113 -9999 -9999 116 114.5 112.5 112 109.25 107.25 105.5 104 102.5 101.5 100.5 99.5 97.5 96.75 95.25 93.25 91.75 89.75 89 86.5 84.25 85.5 85.25 81.75 76.25 70.75 72.5 65.5 58.25 58.75 69.5 74.25 75.75 75.25 67.75 66.25 65.25 58.75 69.25
-9999 -9999 -9999 -9999 -9999 -9999 -9999 -9999 -9999 -9999 -9999 -9999 -9999 -9999 -9999 -9999 -9999 -9999 -9999 -9999 -9999 -9999 -9999 -9999 120.5 121 122.5 120 120.5 119 118 113 114.25 111.75 114.25 113.5 117.5 -9999 -9999 -9999 -9999 -9999 -9999 -9999 -9999 -9999 114 110.6667 109.25 106.25 105 104.25 103.25 101.25 99.75 97.75 96.5 93 91 87.75 83.75 85.25 85 86.75 86.25 78 69.25 70.5 65.5 59.5 58.75 52.25 58.5 65.25 76.25 90.25 79.5 82.25 79 61.5 70
-9999 -9999 -9999 -9999 -9999 -9999 -9999 -9999 -9999 -9999 -9999 -9999 -9999 -9999 -9999 -9999 -9999 -9999 -9999 -9999 -9999 -9999 -9999 -9999 -9999 -9999 -9999 -9999 -9999 -9999 -9999 -9999 -9999 -9999 -9999 -9999 -9999 -9999 -9999 -9999 -9999 -9999 -9999 -9999 -9999 -9999 -9999 -9999 113.6667 109.75 107.75 106.25 105 103 101.75 98.75 96.5 93.5 90.25 88.5 87.75 88.25 87.75 83.75 83.75 80.25 62.5 46 56 66 59.25 40.25 55 66.25 90.75 97 95.25 99 95.75 89.75 86.5
-9999 -9999 -9999 -9999 -9999 -9999 -9999 -9999 -9999 -9999 -9999 -9999 -9999 -9999 -9999 -9999 -9999 -9999 -9999 -9999 -9999 -9999 -9999 -9999 -9999 -9999 -9999 -9999 -9999 -9999 -9999 -9999 -9999 -9999 -9999 -9999 -9999 -9999 -9999 -9999 -9999 -9999 -9999 -9999 -9999 -9999 -9999 -9999 -9999 114 110.5 108.25 106.25 105.25 104 101 98.5 95 93.5 90.5 89.5 90.5 88.5 87.5 83.75 80.75 72.25 50.25 56.75 50.5 48.25 34.5 55.25 81.25 91.25 95 91.75 98.25 106 108.25 111.25
-9999 -9999 -9999 -9999 -9999 -9999 -9999 -9999 -9999 -9999 -9999 -9999 -9999 -9999 -9999 -9999 -9999 -9999 -9999 -9999 -9999 -9999 -9999 -9999 -9999 -9999 -9999 -9999 -9999 -9999 -9999 -9999 -9999 -9999 -9999 -9999 -9999 -9999 -9999 -9999 -9999 -9999 -9999 -9999 -9999 -9999 -9999 -9999 -9999 -9999 114.3333 110 108 107 105.75 104.75 101.75 99.25 95.5 91.75 91.25 90.25 83.75 81 82.5 75.75 67.25 68.75 70.5 69.5 61.5 64.5 76.5 69 78 93.25 87.75 100.5 108 111.25 115.25
-9999 -9999 -9999 -9999 -9999 -9999 -9999 -9999 -9999 -9999 -9999 -9999 -9999 -9999 -9999 -9999 -9999 -9999 -9999 -9999 -9999 -9999 -9999 -9999 -9999 -9999 -9999 -9999 -9999 -9999 -9999 -9999 -9999 -9999 -9999 -9999 -9999 -9999 -9999 -9999 -9999 -9999 -9999 -9999 -9999 -9999 -9999 -9999 -9999 -9999 -9999 114 110.25 108.5 107.5 107 104.5 101.5 97.75 93.5 91.5 92 90.5 88.25 70.25 80.5 77.5 85 82.75 65 86 96.75 102 102.75 102 102.25 106.5 108.25 113.5 117.5 -9999
-9999 -9999 -9999 -9999 -9999 -9999 -9999 -9999 -9999 -9999 -9999 -9999 -9999 -9999 -9999 -9999 -9999 -9999 -9999 -9999 -9999 -9999 -9999 -9999 -9999 -9999 -9999 -9999 -9999 -9999 -9999 -9999 -9999 -9999 -9999 -9999 -9999 -9999 -9999 -9999 -9999 -9999 -9999 -9999 -9999 -9999 -9999 -9999 -9999 -9999 -9999 117 114.75 110 108.5 107.75 106.5 102.5 99 96.5 93 93.5 94.25 94.75 88.25 81.25 93.75 98.75 95 100.25 105.75 109 110.25 113.25 115.5 113.25 113.5 114 118 -9999 -9999
-9999 -9999 -9999 -9999 -9999 -9999 -9999 -9999 -9999 -9999 -9999 -9999 -9999 -9999 -9999 -9999 -9999 -9999 -9999 -9999 -9999 -9999 -9999 -9999 -9999 -9999 -9999 -9999 -9999 -9999 -9999 -9999 -9999 -9999 -9999 -9999 -9999 -9999 -9999 -9999 -9999 -9999 -9999 -9999 -9999 -9999 -9999 -9999 -9999 -9999 -9999 -9999 117 114.25 110 108.25 106.5 103.5 99.75 97 95.5 95.25 97 92 89.75 84.75 97 100.5 102.5 107.5 111.25 116.6667 119 -9999 -9999 -9999 -9999 -9999 -9999 -9999 -9999
-9999 -9999 -9999 -9999 -9999 -9999 -9999 -9999 -9999 -9999 -9999 -9999 -9999 -9999 -9999 -9999 -9999 -9999 -9999 -9999 -9999 -9999 -9999 -9999 -9999 -9999 -9999 -9999 -9999 -9999 -9999 -9999 -9999 -9999 -9999 -9999 -9999 -9999 -9999 -9999 -9999 -9999 -9999 -9999 -9999 -9999 -9999 -9999 -9999 -9999 -9999 -9999 -9999 115.5 113 110 107.25 105.25 103 99.5 97 98.5 97.75 90 86.75 92.5 97.75 100.75 107 112 116 -9999 -9999 -9999 -9999 -9999 -9999 -9999 -9999 -9999 -9999
-9999 -9999 -9999 -9999 -9999 -9999 -9999 -9999 -9999 -9999 -9999 -9999 -9999 -9999 -9999 -9999 -9999 -9999 -9999 -9999 -9999 -9999 -9999 -9999 -9999 -9999 -9999 -9999 -9999 -9999 -9999 -9999 -9999 -9999 -9999 -9999 -9999 -9999 -9999 -9999 -9999 -9999 -9999 -9999 -9999 -9999 -9999 -9999 -9999 -9999 -9999 -9999 -9999 116 112.25 109.5 107.5 107 106 103.5 100 97.75 96.25 95.5 86.75 92.25 103.5 106 111.25 115 -9999 -9999 -9999 -9999 -9999 -9999 -9999 -9999 -9999 -9999 -9999
