layers/wordclim/past/Iberia_miroc_10_ascii/bio_05.asc
ncols         205
nrows         142
xllcorner     -11.010633712694
yllcorner     33.273793250999
cellsize      0.083333333333334
NODATA_value  -9999
[rows 68 to 101 of 142, columns 77 to 153 of 205]
304.25 297.5 299.75 306.5 306.75 299.75 295.75 293.25 296.5 300.25 299.75 301.5 302.5 303.25 304.25 303.25 301.25 298.5 299 298.5 297.25 296.5 295.25 293.75 292.5 290.75 288.75 285.25 284.25 284.75 282 279.5 277 276.25 274.25 273.25 274.5 274.25 270 267.5 266.75 262.25 258 257.5 255.5 262.5 265 266 266.5 267 266.75 267 268.5 270.75 273.25 276.5 280 -9999 -9999 -9999 -9999 -9999 -9999 -9999 -9999 -9999 -9999 -9999 -9999 -9999 -9999 -9999 -9999 -9999 -9999 -9999 -9999
306.5 306.75 306.75 308.5 302.75 298 300.25 300 300.75 299.75 298 293.5 300.75 304.5 304.25 304.25 303.75 302.25 301.25 300 298.5 297.5 296.25 295 293.5 291.5 290 287.75 286 284.5 282.5 281 279 277.5 275.75 274.25 272.5 273.5 273.5 272.75 271.25 266 260.75 258.75 264.75 263.75 266.25 268 266.25 269.5 270 270 270.75 272.5 275.75 279.25 -9999 -9999 -9999 -9999 -9999 -9999 -9999 -9999 -9999 -9999 -9999 -9999 -9999 -9999 -9999 -9999 -9999 -9999 -9999 -9999 -9999
311.25 310.5 313 314.5 312.5 304.25 302 307 306.75 304 300.5 301.25 307.25 307 306.25 305.25 304.25 303 302.5 301.25 299.5 297.75 296 293.75 292.5 291 290.25 288.5 287 285.5 284.25 282.5 281 279.25 277.5 275.5 274.25 272.5 270.25 268.5 265.75 266.5 268.5 264 261.5 264.25 263.25 268.25 271.75 271.75 273.25 273 274 275.25 278.25 280.75 284 -9999 -9999 -9999 -9999 -9999 -9999 -9999 -9999 -9999 -9999 -9999 -9999 -9999 -9999 -9999 -9999 -9999 -9999 -9999 -9999
313.75 307.75 310.5 314.5 314.5 310.25 310 311.25 312 311.5 311.25 310.25 309 307.75 307.25 306 304.5 303.75 302.5 301.5 299.25 296.25 294.5 292.25 291 289.5 289.5 289 288 286.75 285.25 284 282.75 281.5 279.75 278 276 273.25 269 265.75 264 265 268.25 257.75 258 266.5 270.25 271 275.5 275 273.75 276 276 278 279.5 281.75 284.6667 -9999 -9999 -9999 -9999 -9999 -9999 -9999 -9999 -9999 -9999 -9999 -9999 -9999 -9999 275 272 270.75 270 271.6667 275
315.5 312.75 311.25 312.25 313.75 311.5 312 313.5 314 313.25 311.75 311.25 309.75 308.75 307.75 307 305.25 303.75 302 298 295 293.5 291.25 289.75 288.75 286.5 287 287.25 288 287.5 286.25 284.75 283.25 281.75 280 277.25 273.5 269 263.75 257.25 261 264.25 267.75 257 261.5 268.25 271.75 275.5 277.75 277 271.75 274.25 279 281 282 283.75 285.5 287.3333 289 -9999 -9999 -9999 -9999 -9999 -9999 -9999 -9999 -9999 -9999 -9999 270.6667 265 262.5 261 265 267.75 271
316.75 320.25 315 314.25 316.5 313.75 316.25 315.5 314.75 313.5 312.25 311.5 310.5 309.5 308 306.25 303.75 301 298 296.25 293.5 290.25 288.25 286 285 282.5 282.25 285 287.5 287.5 286.5 285.75 283.75 281.5 277 271 268.25 263 260.5 260.25 261.75 263.25 264.5 255.75 259 265.75 271.5 275 277.25 276 270 266.75 279.5 282.75 283.5 285.25 286.5 286.75 287 288 -9999 -9999 -9999 -9999 -9999 -9999 -9999 -9999 274.6667 271.25 266.25 261.75 261.75 264 265.75 267.25 270.5
315.5 318.25 317.75 314.25 317.75 317 317 316 314.5 313.75 312.75 312 310 309 308.25 306.25 302.75 299.75 297.5 294.25 293 291.75 289.25 286.75 284 281.25 281.5 283.75 286.5 287 286.75 286 283.5 280.5 275.75 271.75 269.5 266 265.75 265.5 264.25 266 262.75 257 261 265.75 271.5 273 275.5 277.25 274.25 272.25 280.5 282.75 285.75 287 288 287.75 287 286 287.6667 -9999 -9999 -9999 -9999 -9999 -9999 278 273.5 267.25 262 261.75 264.75 266.25 268.75 273 -9999
316.5 316.75 318.75 316.25 315 315.75 315.75 313 314.5 313 312.25 311 307.75 308 308 304.5 301.75 300.75 298.5 294.75 292 291 288.75 287 284.5 283 282.5 283 283.5 283.75 283 283.75 280.5 279.5 276.75 273.5 271 269.25 268 268.5 267 264.5 265.75 265.25 268.75 269.5 265 270.25 271.75 269.25 269.25 265 267 276.25 284.75 287 286.75 287.25 287.25 286.25 286.3333 -9999 -9999 -9999 -9999 -9999 -9999 -9999 275.25 268.5 267.75 266 267 267.5 270.5 274.5 -9999
321.5 317.5 316 318 318 317.5 315 311.75 312.5 315.5 314 312.5 310.5 309.25 307.25 304.75 303.5 301.5 298.5 295 292.25 289.75 288.25 285.75 283.25 282 280 278 276.75 275.25 275.75 278.5 278 276 275.5 273.25 272.25 270.75 269.5 271 268 264.75 263.5 270 268.25 263 263.25 260.5 256 264 266.5 256.5 256.75 262.75 275 279 283.75 285.25 286.75 286.25 -9999 -9999 -9999 -9999 -9999 -9999 -9999 -9999 276.5 273 271.5 268 266.75 267.75 271.75 -9999 -9999
320.75 318.75 315.25 314.75 315 314.75 314.25 310.75 311.5 312.5 314 310.25 310 309.5 308.25 305 301.75 300.75 298.75 296.25 292.5 289 289.25 290.75 288 279.75 271.75 270.75 269.25 270.25 274 278.25 279.5 278.75 277.75 277.25 275.75 275 271.5 271.5 272.75 272 270.75 274.5 272.5 269.75 259 255.75 254.5 257.5 257.75 248.25 257 272 271.75 282.75 286.5 290.3333 -9999 285.5 285 287 -9999 -9999 -9999 -9999 -9999 -9999 275.75 271.25 271 267.5 266.5 263.5 270.5 -9999 -9999
315.75 314.25 317 317.75 317.75 316.5 314 314.75 319 315.75 314.5 310.5 309.75 307.25 306 304.25 301 300.75 300 296.25 293.75 294.75 292.5 292.5 279.75 270.25 267.5 273.5 276.75 278 280 281.25 281.25 282.25 283.5 283.25 282.25 279.25 276 271.75 271 275.5 275.5 272.5 274.75 268.5 260.25 266.75 257.5 261.25 259.75 271.25 269.5 281.75 286.5 290 290 289 287.75 286.25 285 287.5 -9999 -9999 -9999 -9999 -9999 -9999 277 271 269.75 269.5 270 271.6667 274 -9999 -9999
320.75 314.5 312 311.75 314 316 319.25 320.5 315.5 311.75 308 307.5 309 307.5 305.75 304.75 304 302.5 299.75 295.5 297.75 298 295.25 286 275.75 275.5 273.75 277 279.5 280.75 283.75 285.25 286.5 288 287.5 287.5 284.75 279.5 280.25 279.25 277.5 275.75 270.5 268.75 274.75 275.75 264 266.25 273 278.5 274.5 283.25 286.75 288 287 291.5 288.25 287.75 287 285.75 285.25 288 -9999 -9999 -9999 -9999 -9999 -9999 -9999 275 272 275.5 275 -9999 -9999 -9999 -9999
322.5 322 314.25 314.5 308.75 311.75 315.5 322 313.5 309.5 307.5 303 307.5 305.75 308.25 308.75 306.25 302.25 301 301.25 301.75 299 291.75 293 286.5 271.75 274.75 285.5 288 288.25 289.25 287.75 290.5 289 289 289.5 287.25 285 284.5 279.5 279 270.5 275.25 274 276.25 281.25 279.75 281.5 283.75 286 287.75 289.5 290.5 290.5 290 289 287.75 287.25 286.5 286 287.3333 -9999 -9999 -9999 -9999 -9999 -9999 -9999 -9999 -9999 -9999 -9999 -9999 -9999 -9999 -9999 -9999
319.75 319 319 320.5 322.5 319.5 319 321.25 318.75 318.75 316 313.75 313.25 315.25 313.75 312 307.75 305.5 304 305.25 302.5 295.5 295.75 284.25 274 275.5 281.75 286.75 286 282 279.75 286 288.75 290.5 292 289.75 290.25 291.75 286.5 287.25 282 277.5 277.25 274 280.5 283.75 285.5 286 287.5 287.75 289.5 291.75 290.75 289.25 288.75 288 287.25 286.75 287 287.3333 -9999 -9999 -9999 -9999 -9999 -9999 -9999 -9999 -9999 -9999 -9999 -9999 -9999 -9999 -9999 -9999 -9999
319.75 317 317.75 317.5 323.75 319.5 320.5 324.25 320 321.5 321.75 320.5 318.75 317.25 315.75 312 308.25 305.5 307.25 304 295.5 288.5 290.75 275 271.25 280.75 269.25 279.5 271.75 269.5 269.25 276.25 283.75 291.5 293.75 293.25 295 294.5 293 286.75 277.25 283.25 286.75 284 284.75 289.5 289.75 289.75 288.5 289.5 291.5 290.5 291 289.75 287.75 287.75 287.75 287.5 289 -9999 -9999 -9999 -9999 -9999 -9999 -9999 -9999 -9999 -9999 -9999 -9999 -9999 -9999 -9999 -9999 -9999 -9999
323.75 325.75 325.25 321.5 324.25 324.75 324.75 323.75 323.25 324.75 324.25 321.75 320 319.25 314.75 311.75 310.75 309.25 304.25 300.25 290.25 292 282.75 271 267.75 270.75 267.75 271.75 268.75 264.5 268.5 269.75 281.25 287.5 290 291.25 289.25 285 292.75 296.5 293.25 295 295.25 295 294.75 293.5 291.5 290.5 289 288.25 290.5 289.75 288.5 289.5 288.5 288.3333 289 288 -9999 -9999 -9999 -9999 -9999 -9999 -9999 -9999 -9999 -9999 -9999 -9999 -9999 -9999 -9999 -9999 -9999 -9999 -9999
327 331 330 329.5 328.75 326 325.75 326 326 325.25 323.75 321.25 320.5 317.25 313.25 310.75 309.25 307.25 306 294.25 279.5 289.75 265.75 264 265.75 259.75 256.5 257.75 261.75 266.25 274.5 274.5 280.75 284 285 284 286 288 292.25 298.5 298.5 296.25 296.75 295.5 294.5 292 291 290.75 291.75 292 -9999 292 289.5 289.5 -9999 -9999 -9999 -9999 -9999 -9999 -9999 -9999 -9999 -9999 -9999 -9999 -9999 -9999 -9999 -9999 -9999 -9999 -9999 -9999 -9999 -9999 -9999
331.25 331.75 330.25 329.25 327.5 327.25 327 326.5 325.5 324.25 322.5 321.5 318.25 313.25 312 310.5 310.75 309.5 303.75 290 289 270.75 257.75 260.75 258.5 265.25 268.25 270.25 270 272.75 273.75 276.75 275.5 272.75 275.25 282.5 288 289.75 294 297.25 300.25 300.5 296.75 294 291.25 290.75 290.25 289.25 290.25 -9999 -9999 -9999 -9999 -9999 -9999 -9999 -9999 -9999 -9999 -9999 -9999 -9999 -9999 -9999 -9999 -9999 -9999 -9999 -9999 -9999 -9999 -9999 -9999 -9999 -9999 -9999 -9999
331.25 329.5 326.75 326 326 323.75 324.75 324.5 323.25 322.75 321.25 320.25 318.75 317 315.25 313.25 310.75 306.5 299.75 286.25 272 260.25 261.25 274.75 268.25 271.25 276 273.75 269 271.25 272.75 273.75 276.25 274.25 266.25 278.25 273.25 284.25 290.75 295.25 294.25 289.25 289 288.5 288.75 289 289 288.5 288.75 291 -9999 288 -9999 -9999 -9999 -9999 -9999 -9999 -9999 -9999 -9999 -9999 -9999 -9999 -9999 -9999 -9999 -9999 -9999 -9999 -9999 -9999 -9999 -9999 -9999 -9999 -9999
327 325.75 323.5 323.5 323 322.5 322 321 320.75 321.25 320 316.75 313 310.25 308.75 309.25 308 304.25 292.5 268 275.5 275.25 276.5 281.25 279 276.5 276.5 272.75 270.5 271.25 276.25 276.5 279.25 277.25 276.5 271.25 271 286.5 291.5 279.75 284 289 290.5 290.5 290 289.75 288.25 286.5 286.25 287.75 287.25 286 -9999 -9999 -9999 -9999 -9999 -9999 -9999 -9999 -9999 -9999 -9999 -9999 -9999 -9999 -9999 -9999 -9999 -9999 -9999 -9999 -9999 -9999 -9999 -9999 -9999
324 322.5 320.25 320.75 320.25 319.75 318 315.25 308.5 315.5 317.5 309 292 279.5 297.5 304 302.5 303.5 296 283.25 287.75 287.25 285.25 285.25 282.25 279 276.25 272.25 270.25 271 268.5 273.5 280.5 280.75 280.5 277.25 284.75 288.5 288.75 288.25 289.75 289.75 290 289.75 289.5 288.25 286.25 284.75 285.25 285.5 285.25 285 -9999 -9999 -9999 -9999 -9999 -9999 -9999 -9999 -9999 -9999 -9999 -9999 -9999 -9999 -9999 -9999 -9999 -9999 -9999 -9999 -9999 -9999 -9999 -9999 -9999
319.25 317.75 317.75 316.75 316.25 314.75 314.25 312.5 305.25 301 303 308 302.5 292.5 296.75 293.75 296.75 296.75 297.5 293.5 289.25 289.25 287.5 284.25 279 269.25 269.5 266 260.5 266.5 274.25 274 274.25 277 281.5 283.25 281.5 281.75 287 284.75 285.75 286.25 287.75 287.5 287 285.5 284.5 282.5 284 284.5 284.25 -9999 -9999 -9999 -9999 -9999 -9999 -9999 -9999 -9999 -9999 -9999 -9999 -9999 -9999 -9999 -9999 -9999 -9999 -9999 -9999 -9999 -9999 -9999 -9999 -9999 -9999
312.75 310.25 310.75 310.75 311.5 311.5 306.25 308.75 301 289.5 292.75 298.5 290.75 294.25 295.75 295.5 295.25 296.5 297.5 293.5 291.5 287.75 287.5 282.5 277.25 273 268 268.5 269 268 268.25 270.75 273.5 278 280.75 278 273 281.25 285.75 287 285.5 281.75 285 284 282 282.5 282.5 282.5 283.5 284 -9999 -9999 -9999 -9999 -9999 -9999 -9999 -9999 -9999 -9999 -9999 -9999 -9999 -9999 -9999 -9999 -9999 -9999 -9999 -9999 -9999 -9999 -9999 -9999 -9999 -9999 -9999
309.75 307.75 298.5 298.5 305.25 306.5 306 303 297.5 290.5 291.5 297.5 296.5 296 291.25 292.25 291.5 295 291.75 288.75 283.75 282.5 282.75 278 270.5 267 267 268 269 269.5 270.5 271.5 273.25 276.5 277.75 275 275.75 283 285.5 287 288 283.5 286.5 284.5 284 283.6667 282 284 -9999 -9999 -9999 -9999 -9999 -9999 -9999 -9999 -9999 -9999 -9999 -9999 -9999 -9999 -9999 -9999 -9999 -9999 -9999 -9999 -9999 -9999 -9999 -9999 -9999 -9999 -9999 -9999 -9999
305 302.5 299 298.25 299.25 298.5 298.75 297.5 299.75 298.75 300 296.25 301.5 299 290.25 291.5 294.5 291.25 283.25 278.25 266.25 271.25 277.75 275.5 272.25 269.5 271 271.75 273.75 273.5 273.5 275.5 276.25 278 278 281 281.75 283 284.6667 287 -9999 -9999 -9999 -9999 -9999 -9999 -9999 -9999 -9999 -9999 -9999 -9999 -9999 -9999 -9999 -9999 -9999 -9999 -9999 -9999 -9999 -9999 -9999 -9999 -9999 -9999 -9999 -9999 -9999 -9999 -9999 -9999 -9999 -9999 -9999 -9999 -9999
300.75 298.5 297.75 295.25 297 295.5 295.75 290.75 294.75 300 301.5 303.5 290.5 279.25 279.5 288.25 291.25 288 277 265.75 251.75 259 268.5 269.75 270.5 270.25 271.25 272.25 272.25 273 273.5 274.5 274.25 277.5 278.25 280 282.3333 284 -9999 -9999 -9999 -9999 -9999 -9999 -9999 -9999 -9999 -9999 -9999 -9999 -9999 -9999 -9999 -9999 -9999 -9999 -9999 -9999 -9999 -9999 -9999 -9999 -9999 -9999 -9999 -9999 -9999 -9999 -9999 -9999 -9999 -9999 -9999 -9999 -9999 -9999 -9999
295 294.75 293.5 294.5 294.75 293.25 294.25 295.25 297.5 298.5 301.5 303 287.25 278.5 276.75 277.5 282.25 283.75 280 274.25 266.75 253.5 250.75 251.75 249.75 253.25 256.25 264.5 266.5 266.5 269.25 272.75 275.25 276.75 278 280.5 -9999 -9999 -9999 -9999 -9999 -9999 -9999 -9999 -9999 -9999 -9999 -9999 -9999 -9999 -9999 -9999 -9999 -9999 -9999 -9999 -9999 -9999 -9999 -9999 -9999 -9999 -9999 -9999 -9999 -9999 -9999 -9999 -9999 -9999 -9999 -9999 -9999 -9999 -9999 -9999 -9999
290 288.75 287.5 289 289.25 290 291.75 292.5 293.75 295.25 298.5 302.75 295.75 282 265 245.5 258.25 270.5 269.75 269.25 272.25 274 270.25 264.25 264 265.25 266.5 265.5 266.5 266.5 267 270 273 275.5 277 -9999 -9999 -9999 -9999 -9999 -9999 -9999 -9999 -9999 -9999 -9999 -9999 -9999 -9999 -9999 -9999 -9999 -9999 -9999 -9999 -9999 -9999 -9999 -9999 -9999 -9999 -9999 -9999 -9999 -9999 -9999 -9999 -9999 -9999 -9999 -9999 -9999 -9999 -9999 -9999 -9999 -9999
285 284.75 283.75 282.25 276.75 275 286 288.75 289.5 291.75 294.75 294.75 279.5 251.5 228.5 217.25 225.5 237 243.5 246.25 248.5 257.75 268.25 271.25 269.5 267.75 267.5 266 266 265.5 266.25 265 266.75 274 -9999 -9999 -9999 -9999 -9999 -9999 -9999 -9999 -9999 -9999 -9999 -9999 -9999 -9999 -9999 -9999 -9999 -9999 -9999 -9999 -9999 -9999 -9999 -9999 -9999 -9999 -9999 -9999 -9999 -9999 -9999 -9999 -9999 -9999 -9999 -9999 -9999 -9999 -9999 -9999 -9999 -9999 -9999
279 278.25 278.5 277 274.5 277.5 280.5 282.25 283.25 279.25 282 290.25 278.25 236 234.75 240 252.25 267.75 274.25 271.75 269 269.75 270.5 269.25 267.5 266.5 263.25 261.25 262.75 265 265.25 266 269 271 -9999 -9999 -9999 -9999 -9999 -9999 -9999 -9999 -9999 -9999 -9999 -9999 -9999 -9999 -9999 -9999 -9999 -9999 -9999 -9999 -9999 -9999 -9999 -9999 -9999 -9999 -9999 -9999 -9999 -9999 -9999 -9999 -9999 -9999 -9999 -9999 -9999 -9999 -9999 -9999 -9999 -9999 -9999
275 275.25 275.75 277 278 279 270 271.5 278.25 277.75 273.75 283.75 287 279.5 279.25 277.75 277.25 277 276.75 273.25 253 252.5 261.25 264.5 265 263.75 263.25 263 263 263.75 263.25 265.25 266.75 269 -9999 -9999 -9999 -9999 -9999 -9999 -9999 -9999 -9999 -9999 -9999 -9999 -9999 -9999 -9999 -9999 -9999 -9999 -9999 -9999 -9999 -9999 -9999 -9999 -9999 -9999 -9999 -9999 -9999 -9999 -9999 -9999 -9999 -9999 -9999 -9999 -9999 -9999 -9999 -9999 -9999 -9999 -9999
272 272.25 272 273.25 274 274 275.75 277.25 275 273 279.5 283 281.5 278.75 277 274.25 275.5 273.25 272.75 270 267 262.75 265 263.25 262 260.5 261 261.5 261.75 261.75 262.25 264.5 266.6667 -9999 -9999 -9999 -9999 -9999 -9999 -9999 -9999 -9999 -9999 -9999 -9999 -9999 -9999 -9999 -9999 -9999 -9999 -9999 -9999 -9999 -9999 -9999 -9999 -9999 -9999 -9999 -9999 -9999 -9999 -9999 -9999 -9999 -9999 -9999 -9999 -9999 -9999 -9999 -9999 -9999 -9999 -9999 -9999
269.25 267.75 268.75 269.5 269.75 271.75 273.25 273.5 274.5 276 275.75 276 275.5 275.5 275 274.75 273.25 271.75 270.5 268.25 266.25 264.5 262.5 260.75 259.5 260 262 262.5 260.75 260.5 262.5 264 -9999 -9999 -9999 -9999 -9999 -9999 -9999 -9999 -9999 -9999 -9999 -9999 -9999 -9999 -9999 -9999 -9999 -9999 -9999 -9999 -9999 -9999 -9999 -9999 -9999 -9999 -9999 -9999 -9999 -9999 -9999 -9999 -9999 -9999 -9999 -9999 -9999 -9999 -9999 -9999 -9999 -9999 -9999 -9999 -9999
266 265.25 266.75 269.25 269.75 272.3333 274 274 274 275 275.5 275 275 272.5 272.5 273.5 -9999 -9999 -9999 268 265.75 263.5 261.75 260 260.25 262 -9999 -9999 262 261.5 264 -9999 -9999 -9999 -9999 -9999 -9999 -9999 -9999 -9999 -9999 -9999 -9999 -9999 -9999 -9999 -9999 -9999 -9999 -9999 -9999 -9999 -9999 -9999 -9999 -9999 -9999 -9999 -9999 -9999 -9999 -9999 -9999 -9999 -9999 -9999 -9999 -9999 -9999 -9999 -9999 -9999 -9999 -9999 -9999 -9999 -9999
