layers/wordclim/past/Iberia_miroc_10_ascii/bio_10.asc
ncols         205
nrows         142
xllcorner     -11.010633712694
yllcorner     33.273793250999
cellsize      0.083333333333334
NODATA_value  -9999
[rows 34 to 67 of 142, columns 0 to 76 of 205]
-9999 -9999 -9999 -9999 -9999 -9999 -9999 -9999 -9999 -9999 -9999 -9999 -9999 -9999 -9999 -9999 -9999 -9999 -9999 -9999 179 178 177.75 177.25 176.25 175.25 175.75 175.5 172.25 171 174 170.5 156 171 181.5 179.5 176.75 179.5 179.25 172.5 174 154 145 144.5 128 153.75 163.25 156.5 149.5 134.75 119.75 129.75 139.25 143 145.5 147.5 149.75 159 168.25 172 174 177 177.5 177.25 177.25 178.5 175.5 174.25 175 175.5 176 174.25 173 172.75 171.5 170.75 172.25
-9999 -9999 -9999 -9999 -9999 -9999 -9999 -9999 -9999 -9999 -9999 -9999 -9999 -9999 -9999 -9999 -9999 -9999 -9999 -9999 178.3333 177.75 177.5 176.5 176.25 176 173.25 167.75 175 177.25 178.75 163.75 175.25 181.25 180.25 170.75 174.5 170.75 169.5 170.25 170.75 158.75 142.25 134 136.25 149.75 167 149 138 128.25 123 130.75 142.75 141.5 140.25 150.5 159.75 167.75 170 172.75 174.5 176.5 179 178.75 179 179.25 177.5 177.75 178.25 177.75 177.5 175.5 176.25 176 176 175.5 174.25
-9999 -9999 -9999 -9999 -9999 -9999 -9999 -9999 -9999 -9999 -9999 -9999 -9999 -9999 -9999 -9999 -9999 -9999 -9999 -9999 176.5 174.5 176.25 176.25 177 166.75 167.25 166.75 179 181 182.5 181.75 178 157 147.5 150.5 156.5 163 169.75 172 170.75 165.5 169.25 154 157 159.25 157 146.5 137.5 127.75 129.75 157.25 161.5 160 162 165.5 169 173.25 174.5 176.75 178 177.25 179.75 179.5 180.75 179.75 180 179.5 179.5 179.75 178 178 179 179 179.25 179.75 179.5
-9999 -9999 -9999 -9999 -9999 -9999 -9999 -9999 -9999 -9999 -9999 -9999 -9999 -9999 -9999 -9999 -9999 -9999 -9999 -9999 177 171.75 174.75 176.5 178.5 165 167 176.75 176 169.5 170.25 172.25 148.25 146.5 145.75 156.5 165.5 161 159.5 167 168 167.25 180 168 163 168.5 159.5 159 153.5 149.25 143.25 161.75 163.5 165 166.75 168.75 171.75 174.5 176.75 178.25 179.5 181 181.5 182.25 183 182 181 180.75 182 180.5 179.75 180.5 180.5 181 181 180.5 177.25
-9999 -9999 -9999 -9999 -9999 -9999 -9999 -9999 -9999 -9999 -9999 -9999 -9999 -9999 -9999 -9999 -9999 -9999 -9999 -9999 176 169.75 172.5 175.75 177.25 170.5 174 169 170.5 162.5 172.75 166.75 149.75 164 173.25 168.25 153.75 152.75 149.5 150.25 167 176 187.5 177 168 172.5 173 162.5 166 164.25 160.25 171 172.25 171.25 167.75 168.75 168.5 170 173.25 176.75 179 180.75 182.25 183.5 183.25 183.25 183.25 184.25 183.25 182 180.75 181.5 181.25 180.5 179 177.25 176.5
-9999 -9999 -9999 -9999 -9999 -9999 -9999 -9999 -9999 -9999 -9999 -9999 -9999 -9999 -9999 -9999 -9999 -9999 -9999 -9999 173 168.25 172.5 174.75 175.75 173 168.25 159.5 171.25 164.5 177.25 179.75 177.5 160 157.75 140.75 146 145.75 150.5 154 163.75 170.5 188.25 181 168.5 179 177 174.75 173.25 169.75 172.75 179.75 172.5 176.25 175.5 173.5 174.25 173.25 172.25 173.25 179.75 182 182.5 182.75 184.75 184.75 185 184 184 183.5 183 180.5 178.25 178 177.75 178.75 181.75
-9999 -9999 -9999 -9999 -9999 -9999 -9999 -9999 -9999 -9999 -9999 -9999 -9999 -9999 -9999 -9999 -9999 -9999 -9999 -9999 -9999 170.25 173 172.25 173.25 171 165.75 172 176.5 175 171.5 170.5 170.75 162.75 151.25 156.25 161.25 155.5 156.25 161 170 182.75 191 177 174.5 182.5 184.75 180.5 170.25 162.75 174.5 179.75 177.25 180.25 175.75 172.75 175.25 178.5 177.25 177.25 179.25 182.75 184.25 184.5 185.25 185.75 184.5 184.25 184.75 183 179.75 179 179.25 178.5 180.25 184 184.5
-9999 -9999 -9999 -9999 -9999 -9999 -9999 -9999 -9999 -9999 -9999 -9999 -9999 -9999 -9999 -9999 -9999 -9999 -9999 -9999 -9999 172.6667 169 169.25 170.5 171.5 172 171.5 171.25 174.25 177.5 181.75 176.5 176 174.25 165.75 162.5 156.75 161 169.75 185.25 188 174.5 176.25 186 192.75 195 187.25 174.75 164.5 172.75 176.25 181.25 182.5 177.75 176.75 175.75 177.25 179.5 180.75 181.75 183.75 185 186 186.75 185.5 185.25 183.75 182.25 181.5 181 182.25 180.75 180 183 187.25 183
-9999 -9999 -9999 -9999 -9999 -9999 -9999 -9999 -9999 -9999 -9999 -9999 -9999 -9999 -9999 -9999 -9999 -9999 -9999 -9999 -9999 -9999 169.3333 168.25 169.75 171.5 171 169 172.75 177.75 182 179.75 180 178.75 176.5 167.25 161.75 166.25 183.25 180.75 179.75 177.5 169.5 186.75 195.75 199 195 185 178.5 180.75 180 185.5 185 185 181.25 179.25 180 181.25 181.75 181 183.75 184.25 185.25 188 187.5 184.25 185.25 185.25 185.75 185.75 186 182.25 182.25 184.5 188.75 187.5 186.5
-9999 -9999 -9999 -9999 -9999 -9999 -9999 -9999 -9999 -9999 -9999 -9999 -9999 -9999 -9999 -9999 -9999 -9999 -9999 -9999 -9999 -9999 172 169.5 169.5 171.5 173.5 173.75 174.75 176.5 176.75 177.25 181.75 178.75 173 176.5 188 188 176.5 162.5 167.75 169.25 179 187.75 191.5 201.25 198 189.5 181.25 187.5 186.25 191.5 192.5 189 183.75 181.25 183.5 182.75 183 184 183.25 186.25 187.25 189.5 189.5 187.75 187.25 188.75 188 188 188.5 188.75 189.25 189.25 188.5 188.75 187.75
-9999 -9999 -9999 -9999 -9999 -9999 -9999 -9999 -9999 -9999 -9999 -9999 -9999 -9999 -9999 -9999 -9999 -9999 -9999 -9999 -9999 -9999 174 171.25 170.5 172 173 172.5 174.5 176.5 178.5 181.5 180.25 182 175 178.25 191.5 177.75 156.5 167.5 169 174 188 190.75 193.75 200.5 195.25 184.5 179.25 190.25 195.25 190.75 184.25 186 184.75 185.5 186 182.75 181.25 183 184.75 185.25 186.25 186.25 186 185.75 185.25 186.25 188.75 188.25 188.25 188 187.25 187 188.25 189 186.25
-9999 -9999 -9999 -9999 -9999 -9999 -9999 -9999 -9999 -9999 -9999 -9999 -9999 -9999 -9999 -9999 -9999 -9999 -9999 -9999 -9999 -9999 -9999 173.25 171.75 173 173.75 173.75 174.75 177 177 176.5 178 182.75 182 187.5 185 171.5 167 183.75 177 185.75 182.25 198 196.75 192.5 194.25 202.25 194.75 196.5 191 182.25 181 183.25 189.75 187.5 183.5 183 182.5 182 182.75 183 183.75 182.25 184 184 184.75 186.25 184.75 186.5 187.25 187.5 187.75 187.75 188.5 189 187.5
-9999 -9999 -9999 -9999 -9999 -9999 -9999 -9999 -9999 -9999 -9999 -9999 -9999 -9999 -9999 -9999 -9999 -9999 -9999 -9999 -9999 173 171.3333 170.25 170.75 172.5 173.5 173.25 174 176.5 176 176.75 182.5 184 187.75 187.25 174 166.75 190.75 191 185 193.5 191.25 191.75 180.75 184.75 204.5 200 199.5 201.25 192 185.25 188.5 190.5 188.25 186.75 186.5 185.5 184.25 183 181.75 179.25 179.25 180.75 180.5 181.5 183.75 186.25 184.5 185.75 187 188 188.75 189 188.25 187.25 187.5
-9999 -9999 -9999 -9999 -9999 -9999 -9999 -9999 -9999 -9999 -9999 -9999 -9999 -9999 -9999 -9999 -9999 -9999 -9999 -9999 -9999 173 171.6667 170.5 170.5 171.5 173.25 173.75 175 176.5 178.75 180 180.25 183.75 186.5 175 179.25 189.25 198.75 195.75 198 201.5 196 197.5 195.5 193 206 195.75 189.25 193.5 189.5 192 186.75 188 186 184.5 184.75 185.75 186.75 185.75 183.75 183 182.75 182.75 182.5 180.25 181 183.25 185.75 185.75 187 187 187.25 188 186.75 187.25 185.5
-9999 -9999 -9999 -9999 -9999 -9999 -9999 -9999 -9999 -9999 -9999 -9999 -9999 -9999 -9999 -9999 -9999 -9999 -9999 -9999 -9999 170.25 168 168.75 170 171.75 174 176.75 174.25 176.75 180.5 180.25 184.25 184 183 186.75 180.25 173.5 187 182.75 184.25 184.25 188 192 194 195.75 205 200.5 195.5 198.25 200.5 191.25 186.75 186.75 187.25 186.25 184.75 185 186.25 187.25 186.75 186.75 186.5 185.75 185 184 183.25 183.5 185 185.5 185.5 185.25 186.5 186.75 184.5 186 183.75
-9999 -9999 -9999 -9999 -9999 -9999 -9999 -9999 -9999 -9999 -9999 -9999 -9999 -9999 -9999 -9999 -9999 -9999 -9999 -9999 170.5 168.25 168.25 169 169.5 170.25 173.25 176.75 174.5 174.5 177.75 180 179.75 181.25 166 161.75 151.5 163.25 173.25 172.5 181 184 176.5 176.75 188.5 197.5 204.75 202.5 204.75 204 197.75 193.5 189.75 189.5 187 186 185.25 185.5 185.5 185 186.25 186.75 186.75 188.25 185.75 185 183.25 183.5 183.75 184 184.25 184 184.5 184.25 184.25 185.5 183.5
-9999 -9999 -9999 -9999 -9999 -9999 -9999 -9999 -9999 -9999 -9999 -9999 -9999 -9999 -9999 -9999 -9999 -9999 -9999 -9999 169.5 167.75 167 166 166.5 168.5 171.25 173.75 174.25 174 173.5 172.75 173.5 176 179 178 176.5 174.5 169.25 168.25 173.25 185 179.75 176 185.25 196.75 201.75 195 192.75 196.25 192.25 189.25 189.25 189.75 189.75 188 188.75 188.25 186.25 185.5 187.5 187 187 186.5 187 185.5 185.25 184.25 183.25 182.5 181.25 181.5 182.75 182.75 183.75 184.5 184
-9999 -9999 -9999 -9999 -9999 -9999 -9999 -9999 -9999 -9999 -9999 -9999 -9999 -9999 -9999 -9999 -9999 -9999 -9999 -9999 -9999 167.75 163.75 164 165.5 167.25 169.75 171.25 174.5 175.5 176.25 171.25 165.5 163.25 167.75 185 184.25 181.25 177.75 176.25 177.25 178.5 182.75 177 187.5 197.25 197.5 196.25 190 190.75 195.25 192.25 189 188.5 189 189.75 189.5 190.25 189 188 187.5 185.25 184 183 182.25 184.25 184.75 184.5 183.5 182.5 179.75 178.75 179.75 182.25 182.75 183 180.75
-9999 -9999 -9999 -9999 -9999 -9999 -9999 -9999 -9999 -9999 -9999 -9999 -9999 -9999 -9999 -9999 -9999 -9999 -9999 -9999 -9999 164.5 164.75 164.5 165.5 167 168.25 169.75 174.5 177 178 175.25 180.75 182 187 190 187.5 185.25 185.5 186 187.5 186.5 183.25 182.5 189.5 193.75 191.5 193.25 193.5 188.5 190.75 192.5 191.5 189.25 189.5 191.25 190.75 189.25 188.5 186 183.5 182.25 181.5 181.5 184.25 187.25 184.75 183.5 183.25 180 175.25 174 174.5 175.5 173.5 176.25 174
-9999 -9999 -9999 -9999 -9999 -9999 -9999 -9999 -9999 -9999 -9999 -9999 -9999 -9999 -9999 -9999 -9999 -9999 -9999 -9999 -9999 169 168 167.25 168.25 168.25 167.75 169.5 174.25 178.25 182.25 182.75 178.25 178 170.25 185.75 188.75 189 194 194.75 191.25 189.5 195 199.75 195.25 188.5 187.25 189.5 189.5 188.5 190 193.25 194.75 191.25 190.25 191.25 189.5 187 184.75 186.75 184.5 182.25 181.5 185 187.25 183.5 182.5 179.75 176.25 175 167 164.75 160 161.75 167 173 170
-9999 -9999 -9999 -9999 -9999 -9999 -9999 -9999 -9999 -9999 -9999 -9999 -9999 -9999 -9999 -9999 -9999 -9999 -9999 -9999 170 168.75 169 168.75 169.75 169 169.25 171 174.75 180.5 184.5 186.75 181 168.25 183.5 191.5 195 195.5 194 193.75 196 199.75 193 182.25 187.75 178.75 183.25 187 188.25 188 190 194.75 197 198 195.75 187 184 180.75 182 175.75 181.25 187 185.75 185 185.75 183.25 177.25 173 168.25 162.25 160 167.25 171.75 173.25 171.5 168.75 165.25
-9999 -9999 -9999 -9999 -9999 -9999 -9999 -9999 -9999 -9999 -9999 -9999 -9999 -9999 -9999 -9999 -9999 -9999 -9999 168.6667 169.5 170.25 170.25 169.75 171 171.5 171.5 174.25 177.75 182.5 187.75 188.25 182.75 184 195.25 197.25 198 198.5 199.75 198 193.5 173.5 165.25 171.75 177.5 180.5 184.25 187.5 189 186 191.25 196.5 193.25 194 194 189.75 181 169.75 178 193.5 199.25 193.25 189 185.25 184.5 182.75 180.5 179.75 177.75 163.5 143.25 150.5 153.5 152 156.25 163 174
-9999 -9999 -9999 -9999 -9999 -9999 -9999 -9999 -9999 -9999 -9999 -9999 -9999 -9999 -9999 -9999 -9999 170 169.3333 168 168.5 170.75 172.5 172.25 173 174 174.25 177.25 180.5 184.5 190 189.75 191.5 196.25 198.25 200.75 200.75 200 197.25 190 157.75 158.5 178.5 188.5 195.5 183.75 186 190.25 187.75 187.25 191.5 190.5 190.5 191.5 187.75 179.75 188.25 200.25 202.25 209.5 199.75 194.25 191 174.75 176.5 182.5 179.5 162.5 146.25 144 151.5 158.25 158.5 172.25 186.5 188.5 186
-9999 -9999 -9999 -9999 -9999 -9999 -9999 -9999 -9999 -9999 -9999 -9999 -9999 -9999 -9999 -9999 -9999 169.5 168.75 168.5 169.5 171.5 174.25 175.5 175.25 175.75 176.25 179.75 183.5 187.5 192.5 191.75 194.5 200.25 201.5 201 199 197.25 195.25 176 135.5 149 188 202.75 203.5 194.75 186.75 186.25 182.5 181.5 186 189 188.75 188.25 187.25 199.25 201.25 208.25 213.25 204 197.75 193.25 168.75 138.75 161.5 178.25 173 161.5 155.75 155.25 150 160.5 158 158.25 168.75 178.5 176
-9999 -9999 -9999 -9999 -9999 -9999 -9999 -9999 -9999 -9999 -9999 -9999 -9999 -9999 -9999 -9999 -9999 170.5 169 169.5 169.5 172 175.5 176.5 177 176.5 178.75 182.75 186 192 197 193 197 200.25 202.5 203.5 198 185.5 180 185 183 187.25 204.25 203.75 203.5 203.75 196.75 187.5 191.25 190.25 183 193.5 194 205 205.75 210.5 211.25 215.75 219.5 217.25 211 187 171.5 171.5 149.75 157.25 143.25 154.25 138.5 149.5 177.75 197.25 185.5 201.25 215 211.25 207.25
-9999 -9999 -9999 -9999 -9999 -9999 -9999 -9999 -9999 -9999 -9999 -9999 -9999 -9999 -9999 -9999 -9999 172 170.25 170.25 170.75 173.5 176.5 177.75 178.5 177 181 186.25 190.25 194.5 197 198.75 201.75 201.25 198 192 187.5 177.75 177.5 199.5 202.75 206.5 207.25 207 210 209 208.25 208.5 213.5 214 204.5 211.25 217.75 218.75 217.75 212.75 218.5 221 220.5 218.75 191 192.25 188 176.5 172.75 169.75 185.25 209.25 206 207.5 214.25 218.5 219 217 205 200 206.75
-9999 -9999 -9999 -9999 -9999 -9999 -9999 -9999 -9999 -9999 -9999 -9999 -9999 -9999 -9999 -9999 -9999 170 170 171 171.5 174.25 176.75 178.5 179.75 180.75 183.5 186.75 191.75 193.75 194 198 193.5 178 179.25 183.75 186 189.5 201 197.5 195 190.5 204 212.5 215.75 214.5 212 211.25 216.5 218.25 219.25 224 225 221.5 220.5 221 225 224.75 224.25 217.25 212.5 200.25 200.5 217 219 224.5 225.25 226.5 226.5 224.5 222.25 218.5 217.25 215.75 212 215.75 220.75
-9999 -9999 -9999 -9999 -9999 -9999 -9999 -9999 -9999 -9999 -9999 -9999 -9999 -9999 -9999 -9999 -9999 171.5 170.5 171.25 173.25 174.5 176.75 178.25 180 180.75 183.25 188 192.25 190 191.5 194.25 182.75 185.25 193.75 197.5 197.25 199 199.75 195 211.5 211.25 215 219 218.25 219.5 218.25 217 216.25 222.5 222.75 225.75 225.75 226.5 227.25 227.5 228.75 227 222 220.75 223.25 224.5 226.5 228.75 229.75 228.75 228.25 228 227.5 226.75 225.75 224.5 220.75 219 223.5 223.75 222.75
-9999 -9999 -9999 -9999 -9999 -9999 -9999 -9999 -9999 -9999 -9999 -9999 -9999 -9999 -9999 -9999 -9999 170.5 171.25 172 173.5 175.25 177.25 179.5 180.25 182 184 187.75 191.25 188.25 194.5 194.25 192 197.5 199 191.5 191 193 197.5 208.75 217.5 217.75 218.75 220 222.75 223.25 223.5 223.25 223.5 224.5 223.5 226.25 226 225.75 226.75 229.25 227.75 223.75 223.75 225 229.25 231.75 231.5 231 230.5 229.5 230 229 227.75 226 225.75 224.75 225 225.75 221.25 223 224.75
-9999 -9999 -9999 -9999 -9999 -9999 -9999 -9999 -9999 -9999 -9999 -9999 -9999 -9999 -9999 -9999 -9999 169 171.75 172.5 174.25 175.75 178.5 179.75 180 183.75 185.25 186.75 189.25 191.5 196.25 194.25 199.75 200.25 200.25 200.75 192.25 189.5 207 216.25 219 220 221.25 226 227.5 226.5 225.75 224.75 226.25 225.25 226.5 225.75 227.75 227 224.75 222.25 222.5 222.5 225.75 229.25 230.5 231.5 230 232 229.25 225.5 229.5 229 226.25 225.25 227.75 225.5 226.5 223.75 220 220.75 222.25
-9999 -9999 -9999 -9999 -9999 -9999 -9999 -9999 -9999 -9999 -9999 -9999 -9999 -9999 -9999 -9999 -9999 172 170.5 173.25 174.5 177.75 181.25 178.25 178.75 183 187 187.5 187.5 193.75 199 199.25 200 205.25 205 204.5 202 206.75 214.75 218.5 219 223 227.25 226.5 226 228.25 225.25 226 226.75 228.25 227.75 227.5 229 229.5 230.75 230.25 230.5 230.25 228.75 230.25 229 227 226.25 227.25 225.75 223.5 224.75 223.75 226 224.75 225 223 219.5 218.75 216.5 216.75 216.25
-9999 -9999 -9999 -9999 -9999 -9999 -9999 -9999 -9999 -9999 -9999 -9999 -9999 -9999 -9999 -9999 -9999 173 169.5 172.5 175.25 182 185 176.25 179.25 182.25 185.5 182.25 189.75 195.75 200 202 201 205.75 203 205.5 208.25 214.25 218 219.5 225.5 225.75 225.25 225.75 227.25 227.75 228.5 229 229.5 227.75 225.5 224.75 224.75 228.25 231.25 229.75 228.75 227.5 227.25 228.75 227 226 223.25 218.25 216.5 220 217.75 215 214.25 219.5 219.5 218.75 209 210.75 211.25 210.75 208.5
-9999 -9999 -9999 -9999 -9999 -9999 -9999 -9999 -9999 -9999 -9999 -9999 -9999 -9999 -9999 -9999 -9999 -9999 171 -9999 -9999 182 182.3333 179 181.5 179.5 180.25 179.75 186.75 197.5 202.75 206.25 205 205.75 207 207.25 211.25 214.5 220.75 221.75 223 223.25 224.5 224 225.5 223 225.5 228 229 227.5 226 225.25 225.25 226.5 228.5 232.5 231.75 232.25 231.75 230.25 228.75 228 225.5 223.75 222 216 209.5 202.25 208.5 209 213.5 218 209.5 202.75 200.75 202.25 198.75
-9999 -9999 -9999 -9999 -9999 -9999 -9999 -9999 -9999 -9999 -9999 -9999 -9999 -9999 -9999 -9999 -9999 -9999 174 177.3333 177.5 176.5 177.25 178.25 179.75 175.25 177.25 187 193 201.25 204.75 206.5 208.5 210.75 213.5 215.5 216 218 218 219 220.75 221.25 221.75 223.5 224 222.5 222.5 226 229.5 229 227.75 229.5 228 228.5 228.25 229.75 230.5 230 232.5 231.75 230.5 226 224 218.25 218.5 220 206.25 200.25 205.75 215 217.75 216.5 219.25 217.75 215.5 212.5 203
