layers/wordclim/past/Iberia_miroc_10_ascii/bio_12.asc
ncols         205
nrows         142
xllcorner     -11.010633712694
yllcorner     33.273793250999
cellsize      0.083333333333334
NODATA_value  -9999
[rows 68 to 101 of 142, columns 77 to 153 of 205]
716.5 753.25 733 686.25 681.25 721.5 750 759 728 702 700 688.5 672 662.75 651.75 649 654 665.75 654 646.5 649.75 648.75 648.25 652.25 652.5 652.75 655 668.25 665.5 643.5 648.75 648 648 636.25 637 623 593.5 577.25 599 602.5 598.75 626 651.5 659.5 670 622.5 609.25 609.5 613 609.5 609 615.5 625 629.25 624.75 616 593 -9999 -9999 -9999 -9999 -9999 -9999 -9999 -9999 -9999 -9999 -9999 -9999 -9999 -9999 -9999 -9999 -9999 -9999 -9999 -9999
724.75 717.75 713.25 695.25 726.5 756.25 729.25 726.25 713.25 720 726 757 700 666.75 656.25 646.25 646 648.25 643.75 643.25 646 646 648 647 642.5 645.5 643.25 640.75 642.25 636.5 633 629.75 626 623.25 617.75 619.75 619.5 599.5 582 574.25 579.5 612.25 643.5 660 622.75 628.75 614.75 609.5 624.75 615.75 615.5 627.5 636 640.5 639.5 625.5 -9999 -9999 -9999 -9999 -9999 -9999 -9999 -9999 -9999 -9999 -9999 -9999 -9999 -9999 -9999 -9999 -9999 -9999 -9999 -9999 -9999
719.25 716.75 693 676 682.5 724.5 736 688 686.25 701.5 726.25 717.5 658.75 652.25 650 649.75 650.5 649.75 649 648.25 646.75 649 650.5 653.25 648.75 643.25 639.5 635.5 632 628.5 617 616 609.25 604.25 605 607.25 606.25 612.5 616.5 620.75 634.75 618 600.5 632.75 653.75 637.25 649.5 623.5 606 612 622.25 634.5 645.25 654.25 654 647 626 -9999 -9999 -9999 -9999 -9999 -9999 -9999 -9999 -9999 -9999 -9999 -9999 -9999 -9999 -9999 -9999 -9999 -9999 -9999 -9999
726 759.75 735 699.25 686 703.25 690.5 679.25 662 658.75 655 652.5 654 656.5 657 654.5 655.25 657 654.5 653.25 655.75 662.75 665 667.75 664.75 666 648.75 631.5 620.75 614.25 610.75 599.25 594.75 590 592.5 591.75 600.5 607.25 634 656.25 660 647.75 612.5 691 692.5 631.75 611.75 616.5 596 609.75 636.25 640.25 658.75 670 675.25 673.5 656.6667 -9999 -9999 -9999 -9999 -9999 -9999 -9999 -9999 -9999 -9999 -9999 -9999 -9999 -9999 516 526.3333 532 531.5 523.3333 510
741.5 751 750.25 727.5 705 714.25 699.75 674.25 661 657.75 659.25 660 660.75 661 661.75 660.75 661.25 664.25 666.5 678.5 691.5 695.25 698 692 689.25 695.25 675 651.5 626.25 610.25 602.75 595.25 592 587.75 591.5 603.75 623 652 688.75 734.5 703.75 661 629.75 713.5 676.25 630.5 615.5 602.5 595.5 614.75 669 675.75 667.25 678.25 693.25 696.75 684.25 660 640 -9999 -9999 -9999 -9999 -9999 -9999 -9999 -9999 -9999 -9999 -9999 549.6667 577.75 586.75 598.25 563.5 549.75 532
759.75 729.5 745.5 737.5 712.25 717.75 685.75 677.5 669 665.75 670 672.75 671.5 671.75 671.25 681.25 690.25 692.5 704.5 705.5 716.75 727.75 732 735.5 728.25 735.5 719.5 672.75 630.5 608.25 598.5 590.75 585 589.75 621.25 664.75 679.75 719 729.25 717.75 694 682.5 668 735.75 703.5 656.75 623 612 611 634.5 690.75 728.25 685 691.5 713 723.25 724.25 710.75 676.5 659 -9999 -9999 -9999 -9999 -9999 -9999 -9999 -9999 544.6667 554.5 576.25 595 584.5 568.75 560.25 553.75 534.5
795.5 762.75 754 763.25 729.25 717.75 705.25 692.75 686 685 684.75 687.5 694.75 689.75 684.25 688 702.75 716 723 738.5 727.5 725 732.5 738.25 747.5 753.25 731.25 687 648 619.25 601.5 590 589 606.5 641.5 665.25 675 697 688.75 683.5 681.75 661.75 690.75 736.75 703.5 665.25 630 630.25 629.25 635 672.75 706.75 693.75 709.25 726.5 749.5 759.75 745.25 718.25 688.25 647.3333 -9999 -9999 -9999 -9999 -9999 -9999 543 557.5 582 608 590.5 558 554 543 523.6667 -9999
814 799.5 771.75 774.5 770 755 741.25 736.75 718.25 718 718.5 716 729.75 716.75 697.25 713.75 719.25 716.75 718.25 734.75 742.25 739 740.75 741.25 742.75 742.25 723.75 702 667.5 643 629.25 607.75 619.25 622.75 639.25 658.75 669.75 677.25 680 666.5 670.75 682.75 670.25 678 648.5 649 684.75 651 659.25 690 704 744.75 756.5 741.5 749 769.5 788.25 771.5 733.75 699.5 663.6667 -9999 -9999 -9999 -9999 -9999 -9999 -9999 551.5 585.25 563.5 553.75 551.25 552.5 540 524.5 -9999
803 820 823 795.5 778.75 766.75 768 780.25 757.75 721.75 723.5 727 722 717 715.25 725.25 723 722 727.5 743.75 748.25 755.5 752.5 751.5 751.75 749.75 747.5 746.75 742.75 735.5 707.5 665.75 650.75 655.5 651.25 660.5 669 667.5 673 652.75 670.75 691.75 696.75 644 658.5 706 705.75 731.75 774.75 733.5 722.5 795.5 805.5 789.25 765.25 776.5 782.5 774 736.25 695.75 -9999 -9999 -9999 -9999 -9999 -9999 -9999 -9999 549.75 558.75 552.5 559.75 567 562.75 539.25 -9999 -9999
834.75 837.25 853.5 843.25 826.75 808.25 802 815 796.75 774 747.5 759 744.5 731.25 730 738.75 746 739.5 738 738.25 757.75 763 737 698.5 707 773 829.75 824.75 822 791 730 676 640.75 638 633.5 631.25 630.75 637 663 655 633 634.25 643.25 611.75 633 653 747 770.5 790.5 776.5 785.25 855 806.5 746 764.25 747.5 740 698.3333 -9999 696.5 675 638 -9999 -9999 -9999 -9999 -9999 -9999 561 572.5 571.5 583.5 581.25 606.25 559.75 -9999 -9999
898 898.25 868 853.5 832 825 830.25 812.5 760.75 774.75 761 774 767.25 771.5 760.5 758.25 766.75 752.5 730.5 736 743.25 706 711 695.25 796 873.75 884 803.25 747.25 713 681 647.5 631.5 609.5 593.75 581.75 582.5 601 623.5 659.75 659.75 614 609.75 629.75 613.25 671.5 740.75 686.25 768 754.25 769.75 702.25 727.75 689.75 685.25 673.6667 676 676 685.5 680 660.25 627.5 -9999 -9999 -9999 -9999 -9999 -9999 558 586 590 583.25 575.75 564 543 -9999 -9999
891.75 925.75 928.75 910.25 889.5 856.75 818.25 791.25 820.25 824 837.5 822 795.5 786 778.25 769.75 750.25 733.5 738.75 752.75 704 680.25 685.5 761.5 843.75 823.25 825 769 718.75 693.25 642 607.25 587.25 563.25 556 548 572.25 605 595 598.25 607.75 617.75 657.25 664.5 613.25 613.5 712 695.25 641.75 608 654.75 608.25 604.5 622.25 651.25 622.75 658.25 673.75 672 661.5 644.5 609 -9999 -9999 -9999 -9999 -9999 -9999 -9999 564.5 582.5 554 555.5 -9999 -9999 -9999 -9999
910.25 894.75 933.5 920.25 948.75 914.5 873.5 804.75 855.25 863.25 866 883.75 826 817 767.75 739.25 727.25 743.25 729.25 697.25 669 674.75 726.25 689 736.75 864.5 815.25 678.75 633 613.5 587.25 588.25 551.75 557.25 543.25 535.25 551 562.75 563.75 594.75 602.5 669.75 622 626 604 558.25 575.5 555.25 533.75 529 538 543.5 556.5 574 598.25 619.5 637.75 647.5 651.75 639.5 610.6667 -9999 -9999 -9999 -9999 -9999 -9999 -9999 -9999 -9999 -9999 -9999 -9999 -9999 -9999 -9999 -9999
951.5 935.25 925.25 903.5 868.25 880.5 870.25 830.5 831.25 810.25 813.25 807.25 787 742.5 728.75 705.25 724.25 714.5 708.5 663.75 663.5 708.25 680.5 782.25 865.75 829.75 741.5 668 647.25 675.25 683 605.5 568 541 523 536.25 529.5 512.5 551.25 539.75 568.5 610.5 605.75 629 569.5 530.75 513.75 506.5 487.75 496.25 509 510.75 535.25 563.25 587.25 604.25 617.75 623 618.75 607 -9999 -9999 -9999 -9999 -9999 -9999 -9999 -9999 -9999 -9999 -9999 -9999 -9999 -9999 -9999 -9999 -9999
960.5 974 953.75 947.25 883.5 903 876.25 817 841.5 804 767.75 756.25 741.25 712.5 695.25 711.5 726.75 723.25 668.25 673.75 742 790.5 737.25 888.75 901.25 768.25 873.75 740.5 801.25 805.25 788.25 703 608 529.5 507.25 510 493.5 489.5 501.75 549.75 614 563.75 533.25 546.75 526.5 480 462 463.25 472.75 476.5 479.25 506 514.5 538.5 572 586.5 588.5 586 592 -9999 -9999 -9999 -9999 -9999 -9999 -9999 -9999 -9999 -9999 -9999 -9999 -9999 -9999 -9999 -9999 -9999 -9999
955.75 923.25 917.5 932.25 891.5 860.75 840.25 839.75 821.5 768 744.25 748.5 714.75 692.5 716.75 717.75 688.25 677.75 702.25 715.75 798.5 748.25 816.75 921.25 933 874.25 885.25 819.25 832.25 864.5 797.5 766 626 551 530.75 518.5 528.75 569.25 508.75 483.25 499.75 481.25 468.25 456.75 440 432.75 438 444 461.75 472.5 471 495 517.75 519 549.5 556.3333 556 569 -9999 -9999 -9999 -9999 -9999 -9999 -9999 -9999 -9999 -9999 -9999 -9999 -9999 -9999 -9999 -9999 -9999 -9999 -9999
943.25 889.25 874.75 863 838 841.25 830.75 808.5 775.5 765.75 741.75 746.75 710.75 728 741.75 733 710.25 696.25 674.5 783.75 913 762.75 1005.25 1003.5 959.25 1005 1022.25 989.75 916 840.75 722 705.75 621.75 577 566 567.25 555 537.75 505.5 464.75 468.5 476 460.25 451.5 434.75 434 427.5 433.75 431.25 441 -9999 473 495 509 -9999 -9999 -9999 -9999 -9999 -9999 -9999 -9999 -9999 -9999 -9999 -9999 -9999 -9999 -9999 -9999 -9999 -9999 -9999 -9999 -9999 -9999 -9999
911 872 866.25 840 834.5 826.75 800.75 788 778.5 756.75 750.75 729.25 766.75 791.5 760.5 729.25 683.5 652.5 690 817.25 801 975.25 1096.75 1036.75 1040.75 939 881.5 829.25 811.25 756.25 729 673 671.75 688.5 651.25 576.25 526.5 518.5 491.75 472.75 459.5 453.75 458.5 462.75 465.75 440 419 431 432.25 -9999 -9999 -9999 -9999 -9999 -9999 -9999 -9999 -9999 -9999 -9999 -9999 -9999 -9999 -9999 -9999 -9999 -9999 -9999 -9999 -9999 -9999 -9999 -9999 -9999 -9999 -9999 -9999
905.25 891.75 895.75 879.5 856.75 867.5 841.25 806 812.25 779 772.25 754.75 733 704 690.25 673.25 656.5 676 731.5 857.5 985 1087.75 1055.5 878.75 928.75 862 772 784.25 818.25 773.25 725.25 694.5 649.75 670 752.75 605 654 545 502.25 474.5 484.5 510.25 505 500.75 485.25 459.5 435.75 436.5 440.5 428 -9999 453 -9999 -9999 -9999 -9999 -9999 -9999 -9999 -9999 -9999 -9999 -9999 -9999 -9999 -9999 -9999 -9999 -9999 -9999 -9999 -9999 -9999 -9999 -9999 -9999 -9999
942 920 910.75 893.5 871.5 863 865.25 858.75 866.75 814.25 815.5 836.5 833.75 805.5 796.25 722 676.5 691.5 816.25 1054.25 950.75 916.5 869.75 787 784.5 787.5 759.25 780.5 791.5 757.25 671 650 600.25 616 618.25 672.75 666.25 510.5 477.5 577 540.25 500.25 482.75 475 466.5 456.5 449 451.25 452 446.25 453.25 462 -9999 -9999 -9999 -9999 -9999 -9999 -9999 -9999 -9999 -9999 -9999 -9999 -9999 -9999 -9999 -9999 -9999 -9999 -9999 -9999 -9999 -9999 -9999 -9999 -9999
938.5 926.75 932.5 895.5 884 879.25 894.25 934.5 975.25 892.25 848.75 902.5 1009.25 1089 895.25 787.5 761.5 685.25 756.5 877.25 792.25 756.25 744 708 719.75 733.75 745 776.75 777.75 748.5 761.75 670.5 562.5 551.25 546.75 585.75 506.25 479.5 480.5 490.25 485.75 478.25 467.25 464.25 463.75 464.5 463.25 463.75 460 456.75 461.5 458.5 -9999 -9999 -9999 -9999 -9999 -9999 -9999 -9999 -9999 -9999 -9999 -9999 -9999 -9999 -9999 -9999 -9999 -9999 -9999 -9999 -9999 -9999 -9999 -9999 -9999
960.25 943.5 917.25 912 891 899.75 904 925.25 980.5 998 955.5 893.25 908.5 965.5 894.25 892 821.75 779.5 718.75 732.75 752.25 702.25 685 699 752 860.5 827.5 858 912 795 658.75 645.25 624.75 576.5 513 495.5 520 519 472.75 502.75 493.25 486.75 465.5 463.5 470.25 471.25 472.25 473.25 463.75 458 454.25 -9999 -9999 -9999 -9999 -9999 -9999 -9999 -9999 -9999 -9999 -9999 -9999 -9999 -9999 -9999 -9999 -9999 -9999 -9999 -9999 -9999 -9999 -9999 -9999 -9999 -9999
992.5 988.5 966.5 945.5 902.25 888.75 953.75 924.75 986.75 1070.5 1024.5 946.75 995.25 940 899.75 865.75 828.75 758.25 678 696.5 681.25 697.75 657 701.25 746 791.75 837.25 801 770.5 764.25 733 668.75 609.5 535.5 498 536.75 589.75 502.5 462.5 454.5 470.25 504.5 466.5 474.75 488 482 471 463 447.75 445 -9999 -9999 -9999 -9999 -9999 -9999 -9999 -9999 -9999 -9999 -9999 -9999 -9999 -9999 -9999 -9999 -9999 -9999 -9999 -9999 -9999 -9999 -9999 -9999 -9999 -9999 -9999
977.25 973 1058 1034.75 933.25 906.25 908.75 943.75 994.25 1038 1010 939.75 928.75 906.5 927 890.25 858 767.5 765.75 749.75 785.75 748.75 689.5 741 829.75 850.75 820.25 771.75 718.25 695.25 649.5 625.25 581 526.75 506.5 537.25 530 457.5 425.5 425.25 417.3333 472 431 448.5 453 444.6667 460 433 -9999 -9999 -9999 -9999 -9999 -9999 -9999 -9999 -9999 -9999 -9999 -9999 -9999 -9999 -9999 -9999 -9999 -9999 -9999 -9999 -9999 -9999 -9999 -9999 -9999 -9999 -9999 -9999 -9999
981 989.5 1001.75 1003 966.75 968.5 958.75 970.75 925.5 923.75 905.5 932.5 856.5 862 922.5 876.75 797 792.25 853.5 888.25 1002.25 906.75 756 757 776.75 774.5 721.5 656.75 573.5 552 531.25 495.5 496.5 471 468.5 439.75 432 421 406.6667 390 -9999 -9999 -9999 -9999 -9999 -9999 -9999 -9999 -9999 -9999 -9999 -9999 -9999 -9999 -9999 -9999 -9999 -9999 -9999 -9999 -9999 -9999 -9999 -9999 -9999 -9999 -9999 -9999 -9999 -9999 -9999 -9999 -9999 -9999 -9999 -9999 -9999
972.75 962 962.25 989.5 946.75 961 945.5 1002 943.25 859.25 834.5 812.5 949.25 1038.5 1011.5 889 806.25 807.5 908.25 1033 1189.75 1071.25 901 836 765.5 724 661.75 588.75 545.75 505 484.75 464.5 483.5 442.5 433.75 410.25 405.6667 389 -9999 -9999 -9999 -9999 -9999 -9999 -9999 -9999 -9999 -9999 -9999 -9999 -9999 -9999 -9999 -9999 -9999 -9999 -9999 -9999 -9999 -9999 -9999 -9999 -9999 -9999 -9999 -9999 -9999 -9999 -9999 -9999 -9999 -9999 -9999 -9999 -9999 -9999 -9999
972.5 951.75 958.25 915.75 898.5 913.25 857.5 823.5 769.25 718.5 727.75 780.75 956.5 1026.5 1015.25 985.25 894.75 842 852.75 891 971 1135 1153.25 1125.5 1122.5 1046.5 964.5 762.5 655 621.25 531 451.5 418.25 412.75 398.25 383 -9999 -9999 -9999 -9999 -9999 -9999 -9999 -9999 -9999 -9999 -9999 -9999 -9999 -9999 -9999 -9999 -9999 -9999 -9999 -9999 -9999 -9999 -9999 -9999 -9999 -9999 -9999 -9999 -9999 -9999 -9999 -9999 -9999 -9999 -9999 -9999 -9999 -9999 -9999 -9999 -9999
986.25 991 1002 948.25 903 862.5 801.25 775 736 708.75 704 733.25 830.75 962.75 1135.5 1357.25 1179.25 991 978.25 947 853.25 769 782 864 845 767.5 686.5 663.75 581.25 554.5 525.75 450.5 412.75 392.25 378.5 -9999 -9999 -9999 -9999 -9999 -9999 -9999 -9999 -9999 -9999 -9999 -9999 -9999 -9999 -9999 -9999 -9999 -9999 -9999 -9999 -9999 -9999 -9999 -9999 -9999 -9999 -9999 -9999 -9999 -9999 -9999 -9999 -9999 -9999 -9999 -9999 -9999 -9999 -9999 -9999 -9999 -9999
979.25 980 989.75 1000 1094 1126.25 916.75 859.5 861 816.25 790 808.25 983.5 1311.25 1596 1734 1605.75 1438.75 1325.5 1267.75 1217.25 1046.25 819.5 635.25 602 580.25 532.25 551.5 543.5 519.25 485 522.75 474 371.75 -9999 -9999 -9999 -9999 -9999 -9999 -9999 -9999 -9999 -9999 -9999 -9999 -9999 -9999 -9999 -9999 -9999 -9999 -9999 -9999 -9999 -9999 -9999 -9999 -9999 -9999 -9999 -9999 -9999 -9999 -9999 -9999 -9999 -9999 -9999 -9999 -9999 -9999 -9999 -9999 -9999 -9999 -9999
1040 1031.75 1016.75 1048.75 1095.5 1030 976.75 939.5 906.25 985 938.5 808 957.25 1503.25 1505 1416.75 1236.75 973.5 801.75 821 847 780.75 655 541.25 502.25 472.5 645.75 700.25 592.5 480.75 449.25 431.25 400.25 378.75 -9999 -9999 -9999 -9999 -9999 -9999 -9999 -9999 -9999 -9999 -9999 -9999 -9999 -9999 -9999 -9999 -9999 -9999 -9999 -9999 -9999 -9999 -9999 -9999 -9999 -9999 -9999 -9999 -9999 -9999 -9999 -9999 -9999 -9999 -9999 -9999 -9999 -9999 -9999 -9999 -9999 -9999 -9999
1019.25 986.5 986 898.75 842.75 868.5 1109 1075.5 945.5 958.25 1011.25 837.5 730.5 802.75 808.75 848 833.25 763.25 621 703 1113.5 1096 896.5 758 559.25 430 453.75 466.25 423.25 419 436 407.75 387 370 -9999 -9999 -9999 -9999 -9999 -9999 -9999 -9999 -9999 -9999 -9999 -9999 -9999 -9999 -9999 -9999 -9999 -9999 -9999 -9999 -9999 -9999 -9999 -9999 -9999 -9999 -9999 -9999 -9999 -9999 -9999 -9999 -9999 -9999 -9999 -9999 -9999 -9999 -9999 -9999 -9999 -9999 -9999
959.5 939.5 974.5 900.25 801.75 755.5 790.75 814.5 897.5 987 782.75 724.75 640 793.75 828.25 840 739 766.75 600 538 686 738.75 575 497.75 486.75 385 365.75 376 385.25 415.25 412.5 382.25 370.3333 -9999 -9999 -9999 -9999 -9999 -9999 -9999 -9999 -9999 -9999 -9999 -9999 -9999 -9999 -9999 -9999 -9999 -9999 -9999 -9999 -9999 -9999 -9999 -9999 -9999 -9999 -9999 -9999 -9999 -9999 -9999 -9999 -9999 -9999 -9999 -9999 -9999 -9999 -9999 -9999 -9999 -9999 -9999 -9999
917.25 895 873.25 843.25 791 724 681.25 677.25 635.25 637.25 602 573.25 545.75 582.5 568.5 544 501.75 490.75 470.75 452 447.75 421.75 411.25 393.25 375.25 358.75 347.75 347.25 390.75 404.25 377 358 -9999 -9999 -9999 -9999 -9999 -9999 -9999 -9999 -9999 -9999 -9999 -9999 -9999 -9999 -9999 -9999 -9999 -9999 -9999 -9999 -9999 -9999 -9999 -9999 -9999 -9999 -9999 -9999 -9999 -9999 -9999 -9999 -9999 -9999 -9999 -9999 -9999 -9999 -9999 -9999 -9999 -9999 -9999 -9999 -9999
920.5 873.25 803.25 742.25 708.25 658.6667 631 594 581 550 519.5 506 476 527 481 442.5 -9999 -9999 -9999 391 399.75 404.75 399.75 384.75 363.25 346 -9999 -9999 351.5 362.75 354 -9999 -9999 -9999 -9999 -9999 -9999 -9999 -9999 -9999 -9999 -9999 -9999 -9999 -9999 -9999 -9999 -9999 -9999 -9999 -9999 -9999 -9999 -9999 -9999 -9999 -9999 -9999 -9999 -9999 -9999 -9999 -9999 -9999 -9999 -9999 -9999 -9999 -9999 -9999 -9999 -9999 -9999 -9999 -9999 -9999 -9999
