layers/wordclim/past/Iberia_miroc_10_ascii/bio_16.asc
ncols         205
nrows         142
xllcorner     -11.010633712694
yllcorner     33.273793250999
cellsize      0.083333333333334
NODATA_value  -9999
[rows 0 to 33 of 142, columns 77 to 153 of 205]
-9999 -9999 -9999 -9999 -9999 -9999 -9999 -9999 -9999 -9999 -9999 -9999 -9999 -9999 -9999 -9999 -9999 -9999 -9999 -9999 -9999 -9999 -9999 -9999 -9999 -9999 516.5 534.5 535 523 507.5 495 488.5 481.5 475 467.5 461.5 455.5 449 444 437.5 431.5 422 414 406.5 398.5 387.5 384 379.5 372 370 366 358.5 351.5 351 350 344.5 342.5 338 334.5 337 337 334.5 338 337 334 334 326 316 313 310 311 306.5 302.5 291.5 284 287
-9999 -9999 -9999 -9999 -9999 -9999 -9999 -9999 -9999 -9999 -9999 -9999 -9999 -9999 -9999 -9999 -9999 -9999 -9999 -9999 -9999 -9999 -9999 -9999 -9999 -9999 -9999 524 531.25 533.75 521.5 507.5 496.5 490.25 481.75 474.75 468.75 462.25 455.5 449 444.5 437 428 419.75 411.75 402.25 392.25 383.75 376.5 373 369.5 364.25 356.5 353.25 349.25 344.75 340.5 338 336.5 336 336 335 333.5 329.5 331.25 329.5 324.25 315.25 311.5 314.25 311.5 307.75 303.5 296.25 280.75 271.25 273.25
-9999 -9999 -9999 -9999 -9999 -9999 -9999 -9999 -9999 -9999 -9999 -9999 -9999 -9999 -9999 -9999 -9999 -9999 -9999 -9999 -9999 -9999 -9999 -9999 -9999 -9999 -9999 -9999 513 530.3333 533.75 524.75 514.25 503.5 493 483.75 478.25 470.75 463.75 455 454.75 446 435.75 428 418 408 397 386.5 380 375.25 368.5 363.25 357.75 357.75 353.5 345.25 340.75 337.75 334 329.75 328.25 326 323 323.75 321.25 315 310.75 309 307.75 308 298 293.75 287.25 286.25 276 273.75 265
-9999 -9999 -9999 -9999 -9999 -9999 -9999 -9999 -9999 -9999 -9999 -9999 -9999 -9999 -9999 -9999 -9999 -9999 -9999 -9999 -9999 -9999 -9999 -9999 -9999 -9999 -9999 -9999 -9999 -9999 534.5 539.75 531 518.25 505 494.75 488.25 481.5 473.5 463.5 464.75 455 445.5 436 424.5 412.5 402.25 392.5 385.25 384.5 378.5 368.75 360.5 351.25 347 343.75 338 334.25 327 322.25 318 315.75 314.75 311.75 310 309.75 305.25 302 300.25 294 288.75 284.25 284 278.25 279 282 280.25
-9999 -9999 -9999 -9999 -9999 -9999 -9999 -9999 -9999 -9999 -9999 -9999 -9999 -9999 -9999 -9999 -9999 -9999 -9999 -9999 -9999 -9999 -9999 -9999 -9999 -9999 -9999 -9999 -9999 -9999 533 541.75 541 530 516.5 505.25 499.5 492.75 486.5 478.25 473.5 462 452.25 442 432.5 421 409 399 387.75 384.5 381.5 374.25 366 360.5 353 347.25 341.5 337 332.75 327.5 323 318.5 313.25 312 310 310 308 304 301.5 293 288.5 283.5 287 283.75 281.25 280 278.25
-9999 -9999 -9999 -9999 -9999 -9999 -9999 -9999 -9999 -9999 -9999 -9999 -9999 -9999 -9999 -9999 -9999 -9999 -9999 -9999 -9999 -9999 -9999 -9999 -9999 -9999 -9999 -9999 -9999 -9999 -9999 538.75 543.75 538 526.75 517.25 510 504.25 497.25 493.25 483 470.5 458.75 449.25 439.5 429.25 418.75 407 397 386.25 377.25 374.25 367 359.25 351 344.25 336.75 329.75 325.25 319 314.75 309.75 306 301.25 302.75 305 306.25 303.25 302.5 295.5 289.5 286.25 287 288 285 282.75 275.75
-9999 -9999 -9999 -9999 -9999 -9999 -9999 -9999 -9999 -9999 -9999 -9999 -9999 -9999 -9999 -9999 -9999 -9999 -9999 -9999 -9999 -9999 -9999 -9999 -9999 -9999 -9999 -9999 -9999 -9999 -9999 545.25 547.5 543.5 534.5 526.75 521 512.75 507 501 497.5 482.5 469.75 455.75 446 438 426.25 414 404.5 394.75 380.5 371.25 365.5 356 347.75 341 335.75 328.75 322 316.25 311.5 306.25 303.25 298.75 296.25 297.75 296.75 295.5 294.5 290.25 290.25 289 289 284.5 282.5 277.75 270
-9999 -9999 -9999 -9999 -9999 -9999 -9999 -9999 -9999 -9999 -9999 -9999 -9999 -9999 -9999 -9999 -9999 -9999 -9999 -9999 -9999 -9999 -9999 -9999 -9999 -9999 -9999 -9999 -9999 -9999 -9999 550 550.5 547.5 542 535 529.75 523.75 516 510.5 507 492.5 481.25 467.75 453.75 441.25 432.25 421.75 409.75 397 385.75 379.25 369.75 359 350.75 338.5 328 322.75 316.75 311.25 305.25 301.75 298.25 293.25 288 288 282.5 283.75 281.75 280.25 282.5 281 279.75 276.5 273.5 270.5 269.75
-9999 -9999 -9999 -9999 -9999 -9999 -9999 -9999 -9999 -9999 -9999 -9999 -9999 -9999 -9999 -9999 -9999 -9999 -9999 -9999 -9999 -9999 -9999 -9999 -9999 -9999 -9999 -9999 -9999 -9999 -9999 -9999 557.5 555.75 550.5 545.25 540.5 533.5 527.75 522.75 518 503.75 491.75 478.5 463.75 450 437.5 425.75 414.5 401 389.25 383.75 373.5 365.75 355.5 345.25 330 319 309.5 307 300.25 291.75 285.75 283.25 281 278.75 280.5 285.5 284.5 283 284.25 282.75 275.75 273.25 276.5 272.5 273.25
-9999 -9999 -9999 -9999 -9999 -9999 -9999 -9999 -9999 -9999 -9999 -9999 -9999 -9999 -9999 -9999 -9999 -9999 -9999 -9999 -9999 -9999 -9999 -9999 -9999 -9999 -9999 -9999 -9999 -9999 -9999 -9999 569.25 569 563.75 556.5 551 545 538.25 533.75 525.75 512.5 500 487 472.75 457.25 443.5 431 418.75 407 396.75 383 372.25 364.5 357 342.25 333 321 305.25 299 294.25 291.25 290.5 288.25 281.25 280.5 281 282.75 279.5 276.25 278 280.25 278.75 276 276 276.5 278.75
-9999 -9999 -9999 -9999 -9999 -9999 -9999 -9999 -9999 -9999 -9999 -9999 -9999 -9999 -9999 -9999 -9999 -9999 -9999 -9999 -9999 -9999 -9999 -9999 -9999 -9999 -9999 -9999 -9999 -9999 -9999 579 582 580.75 575 567.75 561.5 555.75 547.25 546 534.75 521.75 509 496 480.25 464 451 438.25 424.25 411 399.75 388.5 375 364 353.75 341.25 331.5 323.25 307 296.75 289.75 282.25 281.75 278.5 275.5 274.25 275.25 274 269.5 271 272.75 270 271.25 270 269.25 275.5 274.25
-9999 -9999 -9999 -9999 -9999 -9999 -9999 -9999 -9999 -9999 -9999 -9999 -9999 -9999 -9999 -9999 -9999 -9999 -9999 -9999 -9999 -9999 -9999 -9999 -9999 -9999 -9999 -9999 -9999 -9999 -9999 589.5 592.75 593.25 587.5 578.5 571.75 564.25 554.75 558.75 546 533.25 518.5 504.25 488.75 470 456.5 442.5 429.25 414.75 401.5 388.5 377.25 366 353 343.5 329.25 319.5 305 298.25 287.5 278 268 265 264.75 266.75 265.75 267.25 267.75 265.5 265.25 266 264.25 261.75 265 273 269.75
-9999 -9999 -9999 -9999 -9999 -9999 -9999 -9999 -9999 -9999 -9999 -9999 -9999 -9999 -9999 -9999 -9999 -9999 -9999 -9999 -9999 -9999 -9999 -9999 -9999 -9999 -9999 -9999 -9999 -9999 -9999 600.5 605.25 605.5 599 590 581.75 575.5 570.25 566.75 553.25 540.25 526.75 511 493.75 477 460.25 444.5 427.5 412.75 399.5 384 372.75 363 352.75 341 327.75 314.5 302.75 292.5 284.5 281 268.5 265.75 265.25 261 261 261 258 259 259.5 260.25 257.5 257.75 260.5 270 278.5
-9999 -9999 -9999 -9999 -9999 -9999 -9999 -9999 -9999 -9999 -9999 -9999 -9999 -9999 -9999 -9999 -9999 -9999 -9999 -9999 -9999 -9999 -9999 -9999 -9999 -9999 -9999 -9999 -9999 -9999 -9999 609.75 616.75 614.5 608.25 599.5 593.25 587 585 577.5 562.5 550.25 535.5 516.5 496.25 478.5 462.25 443.5 426 411.25 396.75 383.5 371.5 361.5 349.5 336.75 324.5 311.25 302.25 292.25 286 278.25 269.75 268.75 267 268.75 267.75 264.25 259.25 258.5 258.5 259.5 262.5 264.25 265.25 269.5 268.5
-9999 -9999 -9999 -9999 -9999 -9999 -9999 -9999 -9999 -9999 -9999 -9999 -9999 -9999 -9999 -9999 -9999 -9999 -9999 -9999 -9999 -9999 -9999 -9999 -9999 -9999 -9999 -9999 -9999 -9999 -9999 612 617.5 615.75 611.25 607 602.5 596.75 595.25 583.5 571.5 557 540.25 519.75 499.25 477.75 459 441.5 424 407.75 393.75 379.5 366.5 356.25 343.75 332.75 322 309.25 298.75 287.75 284.75 277.5 269 273.25 270 276 271 268.25 267 258.25 259.25 257.75 258.75 263 263.25 265.25 266
-9999 -9999 -9999 -9999 -9999 -9999 -9999 -9999 -9999 -9999 -9999 -9999 -9999 -9999 -9999 -9999 -9999 -9999 -9999 -9999 -9999 -9999 -9999 -9999 -9999 -9999 -9999 -9999 -9999 -9999 -9999 -9999 609 605.75 605.75 609.5 611 606.25 603 590 577.75 563 542.5 520.75 495.25 476.75 460.25 441.75 424.25 407.25 392 377.75 362.75 350.25 340.5 330 320.5 308.75 297 287.5 280.5 276 269.75 270.5 270.25 269.75 267.25 273.5 269.25 261 259.25 262 257.5 257.75 262.75 257.5 255.25
-9999 -9999 -9999 -9999 -9999 -9999 -9999 -9999 -9999 -9999 -9999 -9999 -9999 -9999 -9999 -9999 -9999 -9999 -9999 -9999 -9999 -9999 -9999 -9999 -9999 -9999 -9999 -9999 -9999 -9999 -9999 -9999 -9999 -9999 599 599.25 609.75 615.5 608.75 592.5 579.25 561.5 539.25 515 496 475.5 454.75 436.5 420 404 387.75 373 361.25 348.5 334.5 325 317.75 308.25 294.25 287 280 279.25 271.75 274.5 272.75 269 268.25 275.25 271.75 263.75 258 258 261.5 262.5 259.5 258.75 257.5
473 -9999 -9999 -9999 -9999 -9999 -9999 -9999 -9999 -9999 568.5 -9999 -9999 -9999 -9999 -9999 -9999 -9999 -9999 -9999 -9999 -9999 -9999 -9999 -9999 -9999 -9999 -9999 -9999 -9999 -9999 -9999 -9999 -9999 -9999 -9999 598 618 611.5 595.25 577.25 560.75 539.75 516.5 494.75 473 455 438 419.25 402 387.5 374.5 355 341.25 330.25 319.75 312.5 304.5 293.5 283.25 282 282 275.75 276.5 272.25 271.25 270.25 269.5 267.75 266 262.75 257.5 259.25 263 263.25 267.5 264.75
-9999 -9999 -9999 -9999 -9999 -9999 -9999 -9999 552 568.25 580 584.5 581 577 -9999 586 605 617.5 619 621 621.5 621.5 621 612 -9999 -9999 -9999 -9999 -9999 -9999 -9999 -9999 -9999 -9999 -9999 594 613.75 631 612.75 592.75 572.5 561.25 538.25 515.25 493.5 469 447.25 430.75 411.75 400 382.5 371.25 352.25 342 329.5 316.25 308.5 303.75 292.5 282.25 282.5 279.5 278 279.75 274.75 273 273.25 267.5 272.5 270.25 263.75 259.5 259.5 262.25 266.5 268.75 266.75
451 464.5 474.5 486 499.75 519.25 530.25 546.5 566.25 580.25 586.75 596.5 599.25 597 592.25 595.25 604.75 611.75 621.75 630.5 630.25 634.5 638 632.5 614.25 597.25 597.75 609 610.5 608.25 610.5 604 590 581 590 605.25 639.25 628.5 608.5 583.25 566 546.25 523.5 504 483.75 461.75 443.75 424.5 407 392 379.25 367.25 351 341 327.25 313.25 304.25 297.75 291.25 282.5 282.25 281.75 281 280.25 279 275.25 270 275 278 268.25 263 260.75 268.25 263.5 266.75 269 271.25
458.75 465.75 475 486.75 500.25 517 529.75 546.75 559.25 569.75 576.75 584 584.75 586.75 591.25 594.75 599.5 601.25 613 634 642.75 641.25 635.25 629.5 620.25 611.75 608.25 617.75 624.25 624.25 621 616.75 617.25 624.75 623.25 633.75 639.5 621 605.5 579.75 559.75 537.25 513.5 493.75 477 455 433 412.5 401 384.5 373.75 361.25 352 338.5 327.75 310.75 302.25 296 290.5 284.75 282.5 283.5 286 283.5 278.75 276 275.5 282 277.5 270.75 265.75 265.5 266.75 269.75 267.5 266.25 271.5
454.25 460.5 471.25 481.5 492.25 504.25 513 526.5 539.25 547.25 552 558.25 563.25 567 573 578.25 585.5 597.5 608.25 625.75 626.5 619 613.75 616.5 619 613.5 608 606.75 619.5 624.75 629.75 628.5 647 641.75 640.25 635.5 619.25 611.25 592.75 579 553.75 528 499.25 480.25 460.5 441.25 428.25 407 386 373.5 362.25 352.5 346.5 338.75 328.25 311.75 300.25 290.25 292.75 288.5 285.75 287.75 290 283.75 281.75 284.75 284.75 284.5 276.5 270.75 271.5 274.75 268 270.75 273.25 271.75 270.25
458 455.5 462.5 468.75 476.5 485.75 493.25 503.5 512.25 517 515.5 523.75 528.75 541 544.25 550 556 567.75 571.25 589 592.75 588 586 583.5 588.5 594.75 602 606.75 617.75 626.5 630 630.5 642.25 642.5 625.75 623.75 613.5 602.25 584.5 563.5 539.5 516 492.25 474.5 451 433.25 411.5 398.25 383 368.75 354.75 340.75 335.75 332.75 324.5 307.25 302.25 288.5 300 294.75 298 299 293.25 289.5 292 290.25 286 280.5 275 274.25 279.75 274.25 278.5 272.25 270.5 273.75 276.5
452.5 471.25 451 452.5 458.25 465.25 470 476.75 483.25 489.75 491.25 500.75 501.25 505.5 509 517.25 526.75 535 539 543.5 547.5 549.75 545 548.5 551.75 558 566.25 576.5 586.5 595.5 604.25 611.25 612.75 609 610.25 601.25 592.5 581 565.25 544 518.75 510 494 465.75 444 425.5 406.25 386 374.5 363.25 352.25 335.5 326 327 320.75 308.5 304.5 298.75 306.75 312 315.75 310.75 306.5 300.75 297.25 295.5 289.5 291.25 286.25 287.25 279.5 279.25 279.5 281.75 274.75 273 278.5
427 451.5 470.25 469.25 452.75 450 448.75 455.25 457.25 463.5 468.5 471.75 471.75 474.5 479.25 485.25 489 497.75 503.5 503.25 503 505 505.25 506.75 511 515.75 523.75 533.5 544 554.5 567.75 571 567.25 574 576 574.25 564 556 542.75 529.5 511.5 496.75 488 464.25 430 417.5 403.5 392.5 411 378 374.75 356.5 359.5 347 320.25 323.5 321.75 317 309.5 325.25 318.5 311.5 304.25 301.25 294.5 293 287.75 295.75 302 301.5 299.75 288.25 290.5 291.25 281.75 279.75 279.5
452.25 446 493.75 457.25 425.5 424.75 427.5 429 433.75 434.75 438.75 440.75 444.25 447.5 448.75 452.75 456.25 462.75 464.75 464.75 464.5 471.75 466.5 467.75 472.5 477.25 488 488 498.5 510.5 520.75 532 538.5 546.5 552 545.25 528.75 520 511.5 501 490.75 481 476.25 457.25 442 446.25 440.75 394 417.75 413.75 407.75 397.75 401.25 351.25 359 411 398.5 384.25 376.5 357.75 369.5 351.5 326.5 336.5 330.5 342.75 340 322.25 302 308.5 312.5 310.25 317.25 305 295 303.25 291.5
415.25 411.5 432.25 422.25 408.75 407.25 408.25 410.5 410.75 412 413 415.25 417.25 420 421.75 426 429 430 434.5 432.25 430.25 428.5 425 426.25 429 436.25 448 460.5 460.5 470.5 482.75 494.25 505.25 518.25 522.75 523.5 515.25 502.75 488.25 478.25 468.25 456.5 450.5 441.5 440 463.75 475.5 411.25 434.75 434.25 469 491 434 427.75 395.75 461.75 492 467 428.5 376.25 432.75 392.25 367 378.75 405.25 397 368.75 346.75 364 330.5 352.75 363.5 378.25 356.25 319.5 330 323.75
397.5 383.75 379.75 380.5 381.5 385 382.25 385.5 386.5 387 389.5 395.25 392 394.25 393.25 396 400 400.5 396.5 401.25 398.25 389.75 388.5 385.75 388 395.5 407.5 429 434.75 447.25 458 465.5 469 485 500.5 506 491.25 478.75 467.25 453.25 443.5 430 423 414.25 424.25 444.75 443.25 462.25 435.25 480.5 480 525 522.75 487.75 480.25 454.5 533.5 495.25 423.75 388.5 437.5 418 395.25 403 420 467.75 420.5 431.5 413 356 363.25 391.5 412.75 363.5 325.5 383.75 398.25
368 360 363.5 359.5 361.5 368.5 365.5 365.25 369.75 365.5 369.75 374.25 369.75 366.5 369.25 368.5 373.25 374.25 364.75 362.5 357.5 356.25 357 366.75 384.25 372.75 388.25 395.75 397 401 411.75 416.25 432 448 459.25 474.75 461.75 449.75 436.75 423.25 412 398.5 392.25 381 381.5 376 394.75 443.5 446.75 497.25 445 449.25 513 516.25 473.75 466 511.25 471.5 474.25 479.25 474.25 451 412 415.25 436.75 469.75 476.75 475.25 445 426.75 427 438.75 393.5 383.25 388 365.75 356.5
342.75 339 335.75 337.75 349 349.25 348 345.75 345.25 347.25 348 353 347.5 340.25 343 343.75 346.5 346 337.5 333.5 326.5 333 334 335 335.25 330.5 331 335.75 329.75 339.25 354.5 369.5 387.5 402.5 420.75 421.75 416.5 414 405.5 389.75 385 382.75 367 352.5 342.5 347 343.75 354.5 365.25 430 442.5 405 462 436 505.25 513.75 465.25 429.5 498 489 530.75 488.75 511.75 479.25 448.75 446.75 463.25 456.25 430.75 460.75 453.5 484.25 458.25 462.5 450.75 431.75 408.75
320.5 319 316.25 317 319 319.75 321.75 324 328 326.25 328.5 321.25 317.75 319 319.25 320 320.5 320.75 312.25 305.25 299.25 296 307.25 307.25 294.25 297 294.25 282.5 279.25 297.25 314 325.5 340 358 378.25 384.5 384.5 379.75 369.25 355.5 346.5 342.25 331 326.5 311.25 306.25 305.75 306.25 316.5 334 339.75 340.25 394.75 362 397.5 410 383.25 381 423 451.5 434.5 443.25 494.25 478.5 474.25 485.75 497 470.5 397.25 403.5 415.25 447 464.25 430 453.5 462.25 427.75
299.25 299.5 298 298.25 297.5 299 299 303.25 307.75 304 303 299.5 301.25 306.75 303.75 302.75 300.5 296.75 288.75 283.75 277.25 269.5 257.5 248 238.75 233.25 231.5 237.75 248 259.75 272 288.5 304 316.25 333.25 340.5 348.25 344.75 336.25 333.75 325 318.75 314 317.25 312.75 297.5 311.5 306.75 324 305.75 288.75 330.75 360.25 342.75 328.5 335.5 300 366.5 450 411.5 385.25 412.5 419.5 406.25 421 463.25 478 469.5 409.5 376 410 444.5 410.5 405.5 466.75 473 451.25
281 280.25 278.75 279.5 281 281.5 282.75 286.25 284.5 284.25 279 280.75 285 286.5 292.75 291.25 286.5 287.75 288.25 272.75 266 251 241 251.25 234.25 223.5 220.75 222.75 228 236.25 246 259.5 275.75 285.5 296.5 301.5 306.25 306.5 301.25 301.5 304.5 304.5 307.25 317 313 282.75 271.25 265.5 271.5 268.25 274.25 303.5 312.5 347.5 332.5 293.5 266.5 287.25 310.75 334 367.75 408.25 387.75 373.75 387.25 415.75 409 418 359 418.75 400.75 384 362.5 409.25 416.75 403 378.5
263.75 263.5 263.75 263.75 264.75 266.5 272.25 270.75 267.5 263.75 262 264.25 270.75 278.75 291.75 296 287.25 302 291.25 298 275.25 246 263.25 306.75 260.25 266.25 257 246 243 237.5 231 236.5 249.25 257.5 264.75 270 275.5 276.5 273 273.5 273.75 271.5 274 272.75 274.25 257 259.5 286.75 306 315.75 317.75 317 332.75 324 318.75 295.25 267.25 266.25 295 319 348.75 339 373.75 356 371 374.5 357.5 344 375.75 395.5 368 320.5 322 352.25 363.5 362 362.5
