layers/wordclim/past/Iberia_miroc_10_ascii/bio_14.asc
ncols         205
nrows         142
xllcorner     -11.010633712694
yllcorner     33.273793250999
cellsize      0.083333333333334
NODATA_value  -9999
[rows 41 to 81 of 142, columns 92 to 183 of 205]
31.5 32.75 34.5 35.75 37.5 37.5 39.25 41.5 41.5 41.75 41.5 40.5 41 42 42.5 44.5 46.25 49.25 47.75 43.75 38.25 36 30.5 26.25 24.75 24 23 22 22 22.5 22.5 24 24.5 24.75 25.75 28.5 27.25 25.75 25.25 26 24.75 24 25 25.25 26 26.75 27.25 25.5 26.25 27.5 29 30.5 32 34 36.25 40 43 44.25 42.75 43.5 42 40.25 39 44.5 46 46.25 45.75 46.25 46.75 45.5 45.75 44.5 34.75 30.75 28.25 25.25 22.75 20.5 18.25 16.75 14.75 13 -9999 -9999 -9999 -9999 -9999 -9999 -9999 -9999 -9999 -9999
29 30.5 31.75 32.75 34.5 35.5 35.75 37 39 40.75 39.75 39 40.25 41.5 41 42.75 42.75 43.25 39.25 37.25 32.75 31.25 31.25 26 23 25.25 28 24.75 23 23.25 22 21 22.5 22 23 24.25 26 25.75 25 25.75 25.5 24.25 24.25 23.5 25 25 23.5 24 25 27.5 28.5 29.25 30.25 33.25 37.5 41.25 42.25 41.25 37 36.25 39.75 41.25 37.75 41.75 41.75 39.5 38 38.75 41 42 36.75 31.75 29 27.25 22 22 20.75 18.25 16 15.5 15 -9999 -9999 -9999 -9999 -9999 -9999 -9999 -9999 -9999 -9999 -9999
30 30.5 30.5 30.75 32 32 34 35 36 36.75 37.5 41.25 41.5 38.25 39.5 40.25 39.5 38.25 37.25 42 34.75 28.75 26.5 24 23.5 25.5 26.25 24.75 27 25.75 24 23 21.25 20.75 21.5 22 22.75 23.75 23.25 23.25 23.5 23.5 24 24 22.25 22.25 23 25.25 26.5 27.75 28 29.5 32.25 35.5 38 38.75 39 40.5 37.75 36.25 34 34 33.25 34.25 35.5 35 34.75 36.75 34 30.25 28.75 28 25.25 23 -9999 -9999 -9999 -9999 -9999 -9999 -9999 -9999 -9999 -9999 -9999 -9999 -9999 -9999 -9999 -9999 -9999 -9999
30.25 32.25 33 34 35.25 34 34.5 37.25 36.25 36.5 36.5 38.25 38.25 35 35.5 36.5 37 35.75 32 31.75 32.5 32.25 30.25 29.25 26 26.5 26.75 27.25 29.25 27.75 25 23.75 21.25 21 20.5 21.5 22.75 23 23 23 22.5 21.75 22.25 22.75 21.75 22.25 23.5 25.75 27.25 28.5 29.75 30.5 31.25 28.25 28.25 33.75 34.75 38.75 37.25 32.75 31.5 31.75 34.25 32.25 32.25 33.5 30.5 29 28.5 27 25.5 23.75 22.33333 19.5 -9999 -9999 -9999 -9999 -9999 -9999 -9999 -9999 -9999 -9999 -9999 -9999 -9999 -9999 -9999 -9999 -9999 -9999
31.75 35.25 35.5 36.5 37.5 35.25 34.5 36.5 37.25 38 37.75 37 34.5 33 32.75 32 32.5 32.5 30.5 29.25 28.75 32.75 36 34 30.5 28 29.5 28.75 30 27.75 24 23.25 21.5 21.25 20.5 20 21.5 21 21 21 20.25 20 22.5 21.75 21 22.5 23.25 24.5 27.25 29.5 33.5 37.5 37.25 33.5 26.25 25.75 27.5 32 30 29.25 30.25 30.75 32.75 31.5 29.25 29.5 27.75 25.75 25 24.25 21.5 -9999 -9999 -9999 -9999 -9999 -9999 -9999 -9999 -9999 -9999 -9999 -9999 -9999 -9999 -9999 -9999 -9999 -9999 -9999 -9999 -9999
38.25 37.25 39.25 38 34.25 34.25 35 35 37.25 38 38.25 36 33.5 32 32.5 32.25 32.5 33.25 31.25 32.5 31 32.25 33 33.5 32 30.25 29.75 30 28 27.5 26.5 24.25 22.5 21.25 21 20.5 20 19 19 19 19.25 20.25 20.25 19.75 19.75 19.25 18.5 20.75 23 27.5 29.25 31.75 33.25 26.75 23 23.75 25 26 26.25 27.25 27.75 26.75 28.75 27.25 26.25 25.75 24 22 20 -9999 -9999 -9999 -9999 -9999 -9999 -9999 -9999 -9999 -9999 -9999 -9999 -9999 -9999 -9999 -9999 -9999 -9999 -9999 -9999 -9999 -9999 -9999
41 36.5 39.5 38 32 33.25 31.75 31.75 36.25 38 37.5 37.75 37 36.5 37.25 38.25 36.5 35.25 34.25 36.75 35.5 32 31 30.5 30 31.5 31.5 29.5 28.5 27.5 28.25 27.25 25 22.5 21.5 21.5 21.5 21 21 20 19.5 20.5 19.75 20.5 21 23.25 19 18.75 20.25 21.25 24.5 23.5 22 21.25 20.5 21.25 22 23 23.25 23.5 23.25 24 24.5 24 22.5 21.5 20 -9999 -9999 -9999 -9999 -9999 -9999 -9999 -9999 -9999 -9999 -9999 -9999 -9999 -9999 -9999 -9999 -9999 -9999 -9999 -9999 -9999 -9999 -9999 -9999 -9999
31.75 31.75 32 28.75 29.75 29.5 29.25 31.5 34 36.5 37.75 38.5 40.5 42.5 42.75 39.75 41.75 39.5 38.75 38.75 38.25 37.25 32.25 28.75 30 32.25 34.5 31 29 28.5 28.5 30.5 29 24.5 25.25 23.25 22.5 22 22.25 21.25 22.25 21.5 20.25 21.5 22 21.25 19.5 17.25 18.25 21.25 24.25 19.5 19.5 19.5 19.5 19.5 19.5 19.5 19.5 19.5 19.33333 20.5 21 -9999 -9999 -9999 -9999 -9999 -9999 -9999 -9999 -9999 -9999 -9999 -9999 -9999 -9999 -9999 -9999 -9999 -9999 -9999 -9999 -9999 -9999 -9999 -9999 -9999 -9999 -9999 -9999 -9999
25.25 25.75 28.25 25.5 25.75 27 27.75 30.25 33.75 36 35.75 37 39.25 41 40.5 41 41.5 40.5 40.5 39.75 36.25 33.25 34.25 28.5 28.5 32.5 39 37.25 32 29.75 28.5 27.25 26.75 28 29.25 26.5 24.75 22.5 22.5 24 24.25 23 23 21.75 20.75 19.75 17.75 17.5 19.5 22 19.5 18.5 17.75 18 18.5 18.5 18.5 17 17.5 -9999 -9999 -9999 -9999 -9999 -9999 -9999 -9999 -9999 -9999 -9999 -9999 -9999 -9999 -9999 -9999 -9999 -9999 -9999 -9999 -9999 -9999 -9999 -9999 -9999 -9999 -9999 -9999 -9999 -9999 -9999 -9999 -9999
22 22.25 22.25 22.25 24.25 26.5 28.75 31.25 33.5 34.5 35.5 35.5 35.25 37.5 40.5 42.5 40.25 40.5 39.5 39.5 38.5 34 31.25 29.75 25.5 29.5 33.25 36.25 33.5 33.5 30.75 28.25 28.75 30.75 31 28 26.75 24.75 25.75 27 25.25 24 24.25 23.5 26.25 18 18.75 20.75 18 18 17.75 17 17 17 17.5 17.5 16 -9999 -9999 -9999 -9999 -9999 -9999 -9999 -9999 -9999 -9999 -9999 -9999 -9999 -9999 -9999 -9999 -9999 -9999 -9999 -9999 -9999 -9999 -9999 -9999 -9999 -9999 -9999 -9999 -9999 -9999 -9999 -9999 -9999 -9999 -9999
20.5 20 19.5 21.5 25.25 27.75 28.75 28 30.25 33.5 34.75 34.25 33.5 36.25 36.25 38.25 38 38.5 40.75 42.25 40.5 36.25 32 27.5 26.5 32.75 35 35.75 33 31.5 31 33 33.25 34.25 33.75 33.75 28 25.5 27.75 30.75 27.5 27.5 27.75 33.25 25.75 17.25 17.5 19 17.5 17.25 17 17 17 16 16 16 15.66667 -9999 -9999 -9999 -9999 -9999 -9999 -9999 -9999 -9999 -9999 -9999 -9999 -9999 -9999 -9999 -9999 -9999 -9999 -9999 -9999 -9999 -9999 -9999 -9999 -9999 -9999 -9999 -9999 -9999 -9999 -9999 -9999 -9999 -9999 -9999
19.5 18.25 18.5 23.25 25.5 26.5 28.25 27.5 26.5 29.25 30.25 31.75 36 37.5 38.25 39.75 39.5 41.75 40 42.75 42 40 32.25 28.5 31.25 39.25 38.25 37.25 39.25 40.25 41.25 39.5 42.25 39.5 38.5 31 28.75 30.25 29.5 31.5 30 34.5 35.5 33 20.5 17 16.5 16.5 16.75 17 17 17 16 15.5 15.5 15 15 -9999 -9999 -9999 -9999 -9999 -9999 -9999 -9999 -9999 -9999 -9999 -9999 -9999 -9999 -9999 -9999 -9999 -9999 -9999 -9999 -9999 -9999 -9999 -9999 -9999 -9999 -9999 -9999 -9999 -9999 -9999 -9999 -9999 -9999 -9999
18.25 16.5 19.5 23.5 23 26 28.5 25.5 25 27 30.25 33.25 37 40 42 40 41.25 42.75 44.5 46.5 45 45.25 37 30.75 30.75 37.75 34.5 33.75 35.5 39.25 38.5 39.25 40 37.5 39.25 35.75 34.5 30.25 33.75 36.75 37 34.25 27.25 23.25 18.75 17.25 17.5 16 16 16 15.5 15 15 15 15 15 15 14 -9999 -9999 -9999 -9999 -9999 -9999 -9999 -9999 -9999 -9999 -9999 -9999 -9999 -9999 -9999 -9999 -9999 -9999 -9999 -9999 -9999 -9999 -9999 -9999 -9999 -9999 -9999 -9999 -9999 -9999 -9999 -9999 -9999 -9999
15.5 16.25 21 20.5 22.75 26 27.5 23.25 27.25 30.5 30.75 31.5 32.5 34.75 38.5 41.75 44.5 45.75 48 50.5 46 47.25 43 33.75 28.75 33.5 34.25 31.5 34.75 44.5 40.5 42.5 45 48.25 49.5 39.75 35.5 33.25 33 34.25 31.75 28.75 22.25 19.75 18.25 17.25 17.5 16 16 15.5 14.5 14.5 14.25 14 14 14 13.75 -9999 -9999 -9999 -9999 -9999 -9999 -9999 -9999 -9999 -9999 -9999 -9999 -9999 -9999 -9999 -9999 -9999 -9999 -9999 -9999 -9999 -9999 -9999 -9999 -9999 -9999 -9999 -9999 -9999 -9999 -9999 -9999 -9999 -9999 -9999
16 20 20 19.5 23 24.75 23.25 23.25 26 23.75 26.25 26 29.75 32.75 37 40.75 46.5 47 48 52.5 51.75 48 42.25 36.75 29.5 31 34 31 37.75 46.25 44 47.25 51.75 50 49.5 46.5 39.5 37.25 35.5 34.5 27.75 24.25 20.25 19.5 16.75 16 15.25 14.25 14 14 14 14 14 14 13.75 13.5 13 -9999 -9999 -9999 -9999 -9999 -9999 -9999 -9999 -9999 -9999 -9999 -9999 -9999 -9999 -9999 -9999 -9999 -9999 -9999 -9999 -9999 -9999 -9999 -9999 -9999 -9999 -9999 -9999 -9999 -9999 -9999 -9999 -9999 -9999 -9999
17.75 19 18.75 20.75 22.75 21.5 21.25 21 22.75 23 22.5 25.5 27.75 31 34.25 39 42 47.5 49.5 50.5 48.25 43.5 41.75 36.5 32 29.5 30.25 31.5 42 43.75 47.5 52 57.5 57.25 50.75 46.5 41 35 33 30.75 24.5 21.5 21.5 19.25 16.25 15.25 15 14.5 14 13.75 13.5 13.25 13 13 13 13 12.5 -9999 -9999 -9999 -9999 -9999 -9999 -9999 -9999 -9999 -9999 -9999 -9999 -9999 -9999 -9999 -9999 -9999 -9999 -9999 -9999 -9999 -9999 -9999 -9999 -9999 -9999 -9999 -9999 -9999 -9999 -9999 -9999 -9999 -9999 -9999
18.25 18.25 18.75 19.5 18.5 18.25 21.25 20 23 26.25 23.5 26 27.5 28.5 32 39.25 43 45.25 46.5 50 47.75 45.25 44.25 44 35.75 30.75 26.5 30.75 41 38.25 39.25 48 52.25 50.5 48.75 41.75 36.75 30.5 29.75 25.5 25 19.5 19.5 18.5 16.5 14.5 14.5 14.25 13 13 13 13 13 13 12.75 11.75 -9999 -9999 -9999 -9999 -9999 -9999 -9999 -9999 -9999 -9999 -9999 -9999 -9999 -9999 -9999 -9999 -9999 -9999 -9999 -9999 -9999 -9999 -9999 -9999 -9999 -9999 -9999 -9999 -9999 -9999 -9999 -9999 -9999 -9999 -9999 -9999
16.25 17 18 17.5 17 20.25 22.5 21 23.25 23.25 24.75 26.25 28 32 30.25 36.5 40.25 41 42.75 47.5 47.5 45 47 41.5 39.25 32 28.5 36.5 37.75 32.75 34.5 39 43.75 44.25 40 42 36.25 26.75 23 24.25 21.5 19.25 17 15.75 14.5 13 13 13 13 13 12.5 12.25 12 12 12 10 -9999 -9999 -9999 -9999 -9999 -9999 -9999 -9999 -9999 -9999 -9999 -9999 -9999 -9999 -9999 -9999 -9999 -9999 -9999 -9999 -9999 -9999 -9999 -9999 -9999 -9999 -9999 -9999 -9999 -9999 -9999 -9999 -9999 -9999 -9999 -9999
16 16.5 15.5 15.25 17.75 21 22.5 21.25 23.75 23.5 25 26.75 27.5 30 28.75 37 38.5 40.5 43 42.75 42.75 42 44.75 38.5 34.25 31.75 37 44.25 43.75 35 32.5 33.25 33.5 33.25 34 31.5 29.75 25 20.75 20 20 18.25 15 14.75 14.25 13.25 13 13 12.25 12 12 12 12 11.5 10 -9999 -9999 -9999 -9999 -9999 -9999 -9999 -9999 -9999 -9999 -9999 -9999 -9999 -9999 -9999 -9999 -9999 -9999 -9999 -9999 -9999 -9999 -9999 -9999 -9999 -9999 -9999 -9999 -9999 -9999 5 6 6 6 5.5 5 -9999
14 14 14.75 15.75 17.5 19.75 21.25 22.5 24.5 25.75 26 29 28.5 26.5 29.25 33.75 36.75 36.75 37 38.25 36.5 38 41.25 37.25 29.75 33.75 41.25 54.5 49.75 39.25 35 33 31.75 28.25 27.5 26 25 21.25 20.75 21.75 19.5 16.75 14.5 14 14 13.5 12.75 12 12 12 12 11.5 11 10 -9999 -9999 -9999 -9999 -9999 -9999 -9999 -9999 -9999 -9999 -9999 -9999 -9999 -9999 -9999 -9999 -9999 -9999 -9999 -9999 -9999 -9999 -9999 -9999 -9999 6 -9999 -9999 -9999 -9999 5.666667 6.25 6.5 6.5 6.25 6 6 5.25
14 15.25 15.75 18 17.5 19.5 21 21 21.25 24 24.25 26.75 26.5 26.25 27 29 33.25 31.5 31.75 34.25 33.75 36.25 38.5 35.5 32 34 36.75 41.25 44.25 44.25 39 34 33.75 29.25 29.25 24 20.5 18.5 17.75 17.25 15.5 14.5 14 14 14 12.5 12 12 11.75 11.25 11 11 9.5 -9999 -9999 -9999 -9999 -9999 -9999 -9999 -9999 -9999 -9999 -9999 -9999 -9999 -9999 -9999 -9999 -9999 -9999 -9999 -9999 -9999 -9999 -9999 -9999 6 6.333333 7 6.5 6 6 6 6 6.5 7 7 7 6.5 6 5.75
15 16 16.25 16 17 18.5 19.25 19.5 21.25 21.5 24 24 24.5 26 28.5 30 31 29.25 30.5 29.5 34.75 36.25 34 32.5 32.75 30.5 32.5 35.25 36.75 41.75 41.5 31.5 27 23.75 25 26.5 21.75 18 16.5 15.5 15 14 13.75 12.5 12 12 11.75 11.5 11.25 11 10 9 -9999 -9999 -9999 -9999 -9999 -9999 -9999 -9999 -9999 -9999 -9999 -9999 -9999 -9999 -9999 -9999 -9999 -9999 -9999 -9999 -9999 6.5 8.333333 9.25 9 7.5 7.25 7 6.25 6 6 6 6 6 6 6.5 6.5 6.5 6 5.75
14.5 15 15 15.25 16 17.5 18.5 19 19.5 20.5 22 22.25 22.5 25.25 26.5 28.25 28.5 28.25 29.75 29.5 30.5 32.5 31.25 30.5 32.25 31 27 28.75 31 33.75 33 32 28.75 24 20.5 21.75 21.75 17.75 16 14.5 14.25 13.75 13 12.25 11.5 11.25 11 11 11 10.5 8.5 -9999 -9999 -9999 -9999 -9999 -9999 -9999 -9999 -9999 -9999 -9999 -9999 -9999 -9999 -9999 -9999 -9999 -9999 -9999 -9999 6.5 8.5 13.25 15.25 11.5 7.75 7.25 7.25 7 7 6 6 6 6 5.5 5 5 5 4.666667 5.75 5.75
13.75 13.25 13.5 15 15.5 17.75 18.5 18.75 18.25 19 21.25 21.75 21 22 24.5 27.25 27.75 27.5 27 26.25 26.25 26.5 27.5 32.25 30.25 27.5 25 24 23.5 25.5 23.5 23.25 22.25 24.25 23.25 18.5 17.25 14.5 13.75 13.5 13.25 13 12 11 11 11 10.75 10.5 9.75 9 -9999 -9999 -9999 -9999 -9999 -9999 -9999 -9999 -9999 -9999 -9999 -9999 -9999 -9999 -9999 -9999 -9999 -9999 6 6.5 6.75 11 13 14.25 10.5 7.75 7 7 7 7.25 7.75 6.25 6 6 5.5 5 -9999 -9999 -9999 -9999 -9999 3
12.5 13 13.75 13.75 15 16.5 16.5 18 18 18.75 21.25 20.5 20 20.5 22.5 24.5 25.25 25.75 26.25 27.5 25 25 26.75 28.75 27 29 30.5 27.25 22.5 19 19.25 18.25 17 18.5 19 18.5 15 14 13.25 13 12.5 11.5 10.5 10.5 10.5 9.75 10 8 8 -9999 -9999 -9999 -9999 -9999 -9999 -9999 -9999 -9999 -9999 -9999 -9999 -9999 -9999 -9999 -9999 -9999 6 6 6.5 9.5 12 9.75 9 8.5 8 7.75 7.25 7 7.25 8 7 6.25 6 5.75 5 5 -9999 -9999 -9999 -9999 -9999 -9999
12 12 12.5 13.5 14.5 16 15 16.25 17.5 17 18.5 18.75 19 20.5 21 21.5 22.25 23.5 24.25 24.25 23.5 21.75 24.25 26.25 25.25 24.75 28 27.75 24.5 22 18.5 16 15.75 15.75 15.75 14.5 13 13 13 12.75 11.5 10.25 10 9 -9999 -9999 -9999 -9999 -9999 -9999 -9999 -9999 -9999 -9999 -9999 -9999 -9999 -9999 -9999 -9999 -9999 -9999 -9999 -9999 -9999 -9999 6 6.5 8 8.75 9.25 7.25 7 7.5 8 8 7.5 7 7 6.75 6.25 6 5.75 5 5 -9999 -9999 -9999 -9999 -9999 -9999 -9999
10.5 12 12 12 13.5 14.25 14.25 15 16 16.25 17 17 18.25 20 20 19.5 21 21.25 21.5 21.75 21.75 20.25 23.75 23.5 22.75 22.25 22.75 24.25 26.75 26 21.5 17 15.75 15.25 14.5 13 12.5 12.25 12 12 10.5 9 -9999 -9999 -9999 -9999 -9999 -9999 -9999 -9999 -9999 -9999 -9999 -9999 -9999 -9999 -9999 -9999 -9999 -9999 -9999 -9999 -9999 -9999 -9999 -9999 5.5 6 6.5 6.75 6.75 6.5 6.75 7 7.5 7.5 7 7 7 6.25 6 5.75 4.5 5 -9999 -9999 -9999 -9999 -9999 -9999 -9999 -9999
10.75 10.75 12 12 12 13 14 13.75 14 15 15.25 15.75 17.5 17.75 18 18.25 19 20 20 20.5 20 18.5 18 19.5 19.5 19.75 21.25 23.25 23.5 23.25 19 17 15.25 14.5 12.75 12 12 12 12 10.5 9.75 9 -9999 -9999 -9999 -9999 -9999 -9999 -9999 -9999 -9999 -9999 -9999 -9999 -9999 -9999 -9999 -9999 -9999 -9999 -9999 -9999 -9999 -9999 -9999 -9999 4.5 5.5 6 6 6 6 6.5 7 6.75 6.25 6 6.5 6.25 6 5.5 5 5 -9999 -9999 -9999 -9999 -9999 -9999 -9999 -9999 -9999
10.5 11 10.75 10.25 11.5 12 12 14 14 13.75 15 15 15.75 16 16 17.5 18 18.5 18.5 19 19 19.5 18.5 17.5 16.75 17.25 19.5 21 21.75 18.5 18.75 16.25 14.75 14.75 12.75 12 12 12 10.5 10 9.25 -9999 -9999 -9999 -9999 -9999 -9999 -9999 -9999 -9999 -9999 -9999 -9999 -9999 -9999 -9999 -9999 -9999 -9999 -9999 -9999 -9999 -9999 -9999 -9999 -9999 4 3.75 3.5 3.75 5 5.25 5.5 6 6 5.75 6 6 5.75 5 4.333333 -9999 -9999 -9999 -9999 -9999 -9999 -9999 -9999 -9999 -9999 -9999
9 11 11 11 11.25 12 12 13 14 14 14.5 15 15 15.25 15.75 16 16 16.5 17 17.5 18 18.25 19 19 19.5 20.5 19 17 19 20 18 18 14.5 12.5 11.75 11.25 11 10.5 10 9.5 9 8 -9999 -9999 -9999 -9999 -9999 -9999 -9999 -9999 -9999 -9999 -9999 -9999 -9999 -9999 -9999 -9999 -9999 -9999 -9999 -9999 -9999 -9999 -9999 -9999 -9999 -9999 -9999 -9999 3 4 5 5 5 5 5.5 5.25 4.333333 3 -9999 -9999 -9999 -9999 -9999 -9999 -9999 -9999 -9999 -9999 -9999 -9999
9 9.5 11 11 11 12 12.5 14 14 14.75 15 15 15 15 15 15 15 15.75 15.75 16 16 18 18 19.5 20.75 21 20 17.5 22.25 22.25 16.75 14.25 13.75 11.25 11 11.25 11 11 10 9.25 9 8 -9999 -9999 -9999 -9999 -9999 -9999 -9999 -9999 -9999 -9999 -9999 -9999 -9999 -9999 3 3.666667 3.5 3.5 3.333333 3 -9999 -9999 -9999 -9999 -9999 -9999 -9999 -9999 -9999 -9999 3 3.5 5 5 5 4 -9999 -9999 -9999 -9999 -9999 -9999 -9999 -9999 -9999 -9999 -9999 -9999 -9999 -9999
9 9 11 11 11.75 13 14 14.5 15 15 16.5 16 15.5 15 14.5 15 15 15 15.25 16 16.5 18.25 20.25 23 25.25 23.75 20.5 18 23.5 20 15.5 14 11.75 11 11 13 12.25 10.5 9 9 9 8 6.666667 6 -9999 -9999 -9999 -9999 -9999 -9999 -9999 -9999 -9999 -9999 -9999 4 5 5.5 6.25 4 4 3 -9999 -9999 -9999 -9999 -9999 -9999 -9999 -9999 -9999 -9999 -9999 3 3 4 3.666667 -9999 -9999 -9999 -9999 -9999 -9999 -9999 -9999 -9999 -9999 -9999 -9999 -9999 -9999 -9999
9 10.5 11 11.75 12.5 13.75 14.75 15.5 17 17.25 17.75 17.75 16 14.75 13.25 13 14 15 15 16.75 19.75 21 23.75 24.5 23.75 22 21.5 20 24 21 17.5 14 12.25 11 11.25 14 15.5 10 9 9 9 8.5 8 6.5 6 -9999 -9999 -9999 -9999 -9999 -9999 -9999 -9999 3 4 5.25 5.5 5 4.25 4 3.5 3 -9999 -9999 -9999 -9999 -9999 -9999 -9999 -9999 -9999 -9999 -9999 3 3 3 -9999 -9999 -9999 -9999 -9999 -9999 -9999 -9999 -9999 -9999 -9999 -9999 -9999 -9999 -9999 -9999
9 10.5 11.25 12.25 14 14 14.25 15 17 17.5 18 18 16.75 15 14.25 13.75 13 14 15.5 17.75 18.75 20.5 21.5 21.5 21 21.25 18.75 20.5 23.75 20.75 17.5 14 13.25 11.75 11 12 13.75 10.5 9.5 9 9 8.5 8 8 6 5.333333 -9999 -9999 -9999 -9999 -9999 -9999 3 3 4.5 5.75 4.75 4 3.5 3 2.666667 -9999 -9999 -9999 -9999 -9999 -9999 -9999 -9999 -9999 -9999 -9999 -9999 -9999 -9999 -9999 -9999 -9999 -9999 -9999 -9999 -9999 -9999 -9999 -9999 -9999 -9999 -9999 -9999 -9999 -9999 -9999
9.5 11 11.25 11.5 13 14 14.75 15 16 17 17.5 17.5 17 15.5 15 15 14.25 16 16.25 17 18.25 19 19.5 20 19.5 19.5 20 18.75 19 16.5 15.75 17.25 14.25 13.5 14.5 14.75 16.75 15.75 12 9.5 9 9 8.25 7.5 6 5.333333 -9999 -9999 -9999 -9999 -9999 -9999 -9999 3 4 3.5 3 3 3 2.75 2 -9999 -9999 -9999 -9999 -9999 -9999 -9999 -9999 -9999 -9999 -9999 -9999 -9999 -9999 -9999 -9999 -9999 -9999 -9999 -9999 -9999 -9999 -9999 -9999 -9999 -9999 -9999 -9999 -9999 -9999 -9999
9 10.5 11 11.5 13 14 15 15 16.5 17 17.5 17.75 19 19.5 19.75 18.75 17.25 17 17.5 17.5 18 18.5 18.5 18.75 17.75 19 19.75 19.75 16 16.75 19.25 18.25 19.75 22 17.75 15.5 20 19.75 16.5 12 10.75 9 8.5 7.5 5.75 -9999 -9999 -9999 -9999 -9999 -9999 -9999 -9999 2.75 3 3 3 3 3 2 -9999 -9999 2 -9999 -9999 -9999 -9999 -9999 -9999 -9999 -9999 -9999 -9999 -9999 -9999 -9999 -9999 -9999 -9999 -9999 -9999 -9999 -9999 -9999 -9999 -9999 -9999 -9999 -9999 -9999 -9999 -9999
9.5 11 11 11.5 12 14.5 15 14.5 13 14.5 18.75 22.5 23.25 24.25 22.75 19.75 17.25 16 16 16 15.75 15.75 16.25 17.75 17.5 15.75 15.75 16 13.5 14.25 15.5 20.75 22 22.75 20.75 20.25 24.5 19.75 13 12.75 9.25 7.75 6.333333 -9999 6 5 5 -9999 -9999 -9999 -9999 -9999 -9999 2.5 3 3 3 3 4 2.25 -9999 -9999 -9999 -9999 -9999 -9999 -9999 -9999 -9999 -9999 -9999 -9999 -9999 -9999 -9999 -9999 -9999 -9999 -9999 -9999 -9999 -9999 -9999 -9999 -9999 -9999 -9999 -9999 -9999 -9999 -9999 -9999
10 11 11 11 11.5 13 12 13 12.75 18.5 23.75 25.75 21.25 19.25 17 16 15 14.75 14 13.5 12.5 12.5 13.25 14.75 17 17 14.5 14 14.25 13 16.25 20 16 20.75 19 18.5 13.5 13.75 9.5 7.5 5.666667 6 5.5 5.75 5.25 5 4.5 -9999 -9999 -9999 -9999 -9999 -9999 2.333333 3 3 3 2.5 2 2 -9999 -9999 -9999 -9999 -9999 -9999 -9999 -9999 -9999 -9999 -9999 -9999 -9999 -9999 -9999 -9999 -9999 -9999 -9999 -9999 -9999 -9999 -9999 -9999 -9999 -9999 -9999 -9999 -9999 -9999 -9999 -9999
10.5 10 10 11 12 10.75 11 11.5 16 21 20.5 21.5 19.5 17.5 15.75 13.75 12.75 11.75 10.5 10 9.75 11 13 12.75 13.25 13.25 14 16 16.25 13 12.75 18 16.5 12.25 10 11.75 8 7.25 6.25 6.75 5 5.25 5.5 5 5 4.75 4 -9999 -9999 -9999 -9999 -9999 -9999 -9999 2 2.5 2 2 -9999 -9999 -9999 -9999 -9999 -9999 -9999 -9999 -9999 -9999 -9999 -9999 -9999 -9999 -9999 -9999 -9999 -9999 -9999 -9999 -9999 -9999 -9999 -9999 -9999 -9999 -9999 -9999 -9999 -9999 -9999 -9999 -9999 -9999
8.25 8.75 10 10 9.5 9.5 10 13.25 12.5 15.75 22.75 21.75 13.75 12.5 11.5 11 11 10 10 9.5 9 9.5 10.5 10.25 12.5 12.5 17 14 14.25 12.5 9.75 10 9.5 7.5 7 6.5 5.5 5 5 5 5 5 5 5 4.75 4 -9999 -9999 -9999 -9999 -9999 -9999 -9999 -9999 -9999 -9999 -9999 -9999 -9999 -9999 -9999 -9999 -9999 -9999 -9999 -9999 -9999 -9999 -9999 -9999 -9999 -9999 -9999 -9999 -9999 -9999 -9999 -9999 -9999 -9999 -9999 -9999 -9999 -9999 -9999 -9999 -9999 -9999 -9999 -9999 -9999 -9999
7.5 8.75 8.75 9.25 8.5 8.75 11.5 10.25 16.5 22 20.5 16 13.25 12.75 14.5 15.25 11.75 10 8.5 7.5 8.5 8.5 7.5 9.25 8.5 10.5 13 12.5 13.25 11 8.5 7.25 7.25 5.5 5 5 4.25 4.5 5 5 5 5 4.75 4.25 4 -9999 -9999 -9999 -9999 -9999 -9999 -9999 -9999 -9999 -9999 -9999 -9999 -9999 -9999 -9999 -9999 -9999 -9999 -9999 -9999 -9999 -9999 -9999 -9999 -9999 -9999 -9999 -9999 -9999 -9999 -9999 -9999 -9999 -9999 -9999 -9999 -9999 -9999 -9999 -9999 -9999 -9999 -9999 -9999 -9999 -9999 -9999
