layers/wordclim/past/Iberia_miroc_10_ascii/bio_18.asc
ncols         205
nrows         142
xllcorner     -11.010633712694
yllcorner     33.273793250999
cellsize      0.083333333333334
NODATA_value  -9999
[rows 36 to 71 of 142, columns 0 to 81 of 205]
-9999 -9999 -9999 -9999 -9999 -9999 -9999 -9999 -9999 -9999 -9999 -9999 -9999 -9999 -9999 -9999 -9999 -9999 -9999 -9999 152 157.75 157 159.75 161 185.25 187 192.75 174 173.25 173.25 175 178.5 199.75 209 201.25 190.25 174.75 153.75 145.5 145.25 152.5 142.75 162.75 156.75 149 151.25 166.75 183 200.75 196 142.75 132.5 135.25 131.25 124.75 119 114.25 112 108.75 108 110.5 107.75 108.75 107.75 110.5 112.5 114.25 115 116.25 118.75 121 121.5 122.75 123 122.75 126 127.75 134 136.25 135 134.25
-9999 -9999 -9999 -9999 -9999 -9999 -9999 -9999 -9999 -9999 -9999 -9999 -9999 -9999 -9999 -9999 -9999 -9999 -9999 -9999 149 158.75 154 155 152.75 181.75 181.5 168 172.75 186.5 186.5 183 209 207.5 206.25 191 174.75 175.25 167.75 155.5 147.25 146.5 126 140.75 144.75 133 143.75 143.5 151 158.25 166.75 132 127.25 124.5 120.5 117.25 111.75 108.75 106.5 104.5 104.25 102.5 103.5 103 103.5 105.25 107 108.75 108.75 112 115.5 115.5 116 117.25 117.5 119 124.25 121.25 126.5 124 127.5 133.75
-9999 -9999 -9999 -9999 -9999 -9999 -9999 -9999 -9999 -9999 -9999 -9999 -9999 -9999 -9999 -9999 -9999 -9999 -9999 -9999 146 157.25 153.5 150.75 150.25 166.25 163.25 177 176.75 190.5 176.25 184.75 204.25 185 171.25 172.75 184.5 183 182.25 177 150.5 133.5 114.75 126.25 135 126.5 123 135.75 128 129.25 134.5 114.25 111.75 111.75 117.25 114.75 114.75 114.5 108.5 104.5 101 99.25 97.5 97.25 98.5 100.25 101.5 102.5 104.25 106.5 108.75 109 112.25 114.5 116.75 121 122.5 117.5 119 125.5 125.75 129.5
-9999 -9999 -9999 -9999 -9999 -9999 -9999 -9999 -9999 -9999 -9999 -9999 -9999 -9999 -9999 -9999 -9999 -9999 -9999 -9999 150 155.5 150.5 148.75 148 155 167.5 187.75 170 183 165.5 162 165.75 185.25 186 203 193.75 190.25 180.75 173 154 141 112.75 119 134.75 118 116.75 117 116 118.5 112.25 100.25 108.75 103 103 107.25 105.25 106 107 106.25 97 94.5 94 94.5 93.75 95.5 95.75 99 100.25 101.75 104.5 108 112 113.75 115.25 115 113 111.5 116.25 118 123.75 126
-9999 -9999 -9999 -9999 -9999 -9999 -9999 -9999 -9999 -9999 -9999 -9999 -9999 -9999 -9999 -9999 -9999 -9999 -9999 -9999 -9999 148.5 145.5 148.25 147 154 167.25 158.25 154.5 162 169.75 172.5 171 177.75 189 182 173 175.75 168 157.75 140.25 121.5 109.25 124.75 124.5 111 106.25 109 120 129.75 108.25 100.25 102 97 102 106.25 102.25 98 98.5 98.5 96.25 90.5 89.5 89.5 89.5 91.5 94 96.5 97.25 100 106.25 107.75 108.5 110 109.75 106.25 106.75 113.75 115.25 116.75 119.25 122.5
-9999 -9999 -9999 -9999 -9999 -9999 -9999 -9999 -9999 -9999 -9999 -9999 -9999 -9999 -9999 -9999 -9999 -9999 -9999 -9999 -9999 141 147.5 149.5 148.75 148.5 148.75 154.75 160 159.5 157.5 152.25 159.5 159.75 159.75 168.25 168.75 172.75 161.25 147.5 119.25 115 130.25 124.5 110 98.75 94.25 100.25 113 126.25 110 105.5 95.75 93.5 99.25 99.75 99.75 97.75 93.25 91 90 86.5 84.5 84.5 85 87.5 90.25 94.5 97.75 99.75 101 101 104 107.5 103.75 100.75 106.5 108.5 112 113.5 115.75 117.5
-9999 -9999 -9999 -9999 -9999 -9999 -9999 -9999 -9999 -9999 -9999 -9999 -9999 -9999 -9999 -9999 -9999 -9999 -9999 -9999 -9999 -9999 143.6667 146.75 147.25 144.5 148.5 156.25 153.5 149.75 145.75 152 152.5 152.25 154.5 162.75 166.75 158.75 137.25 127.25 127 127.5 136.5 110.25 98 92.25 93.5 102 108.25 102.5 102.25 92.5 92 90.25 93.75 95.75 93.5 91.25 91.5 90.5 85 84.25 83.5 80.75 82.5 87.5 88.5 90.75 91.75 93.5 94 99 101 99.5 96.75 98.5 101.25 104.75 105.75 113 114.5 113.75
-9999 -9999 -9999 -9999 -9999 -9999 -9999 -9999 -9999 -9999 -9999 -9999 -9999 -9999 -9999 -9999 -9999 -9999 -9999 -9999 -9999 -9999 136.5 141.75 143.5 142 142.25 145.75 148 150 151.75 152.5 146.75 150.75 157.5 150.5 136 130 138.25 154.75 142.25 138 123.75 109.5 102.75 89 90.5 97.75 105.5 95.25 94.5 87.25 85.25 86.75 90.25 94 89.25 90.5 87.75 85.5 86 80.5 78.75 76.75 78.5 82.25 83.25 84.5 87 88 89.75 90.5 92 94.75 96.5 97 99.75 106 109.5 112.75 114.5 117
-9999 -9999 -9999 -9999 -9999 -9999 -9999 -9999 -9999 -9999 -9999 -9999 -9999 -9999 -9999 -9999 -9999 -9999 -9999 -9999 -9999 -9999 131 136.5 139 138.75 141 146 146 148 147.5 144 147.25 144.5 152 146.5 129.25 143.5 164.25 147 141.25 132.5 112 105.25 100.25 90 93.5 103.75 108.5 92.75 85 88 93.5 89.25 90.5 87.5 85.5 89.25 90.75 85.5 83 81.5 79.5 80 81.75 83.25 84.75 85.5 84.75 88 89 90 92.5 96.25 95.5 95.5 100 103 105.75 108.25 110.75 112.25
-9999 -9999 -9999 -9999 -9999 -9999 -9999 -9999 -9999 -9999 -9999 -9999 -9999 -9999 -9999 -9999 -9999 -9999 -9999 -9999 -9999 -9999 -9999 131.25 134.5 135.5 138.75 143.5 145.25 144.75 146.75 148.5 147.75 141.25 141.5 134 135.25 148.25 149.25 130.75 131 116 119.75 96.5 96.75 99 95.5 83.75 91 85.25 90.25 97.75 98.5 93 85.25 86 89.75 88.5 87 86.5 84.5 83.75 84.25 86 84.5 84.75 85 85.25 89 88.25 89.5 90 91 93 92.75 94.5 97.5 99.75 100.25 102 105.5 109
-9999 -9999 -9999 -9999 -9999 -9999 -9999 -9999 -9999 -9999 -9999 -9999 -9999 -9999 -9999 -9999 -9999 -9999 -9999 -9999 -9999 124 127 132.5 134 134.5 135 141.75 144.25 146.25 146.75 147.5 139.5 137.75 132.75 132.5 145 151.75 123.75 121.75 119.25 107.25 107.75 104.75 116.25 108.5 84.75 87.5 85.75 82.25 88.5 95 89.75 85 88 87.5 85.5 85.5 86 86 87.5 91 90 88 90.25 89 86.25 85.5 89.25 89.25 89 89.5 90 90.5 92 93.5 97 97.5 100.25 102 105 108.5
-9999 -9999 -9999 -9999 -9999 -9999 -9999 -9999 -9999 -9999 -9999 -9999 -9999 -9999 -9999 -9999 -9999 -9999 -9999 -9999 -9999 123 123.6667 126.75 129.5 133 133.5 138 143.75 144.75 142 141 140.5 136.25 132.25 144.25 139 125.5 113.5 108.25 105.75 102.75 103.5 97 98 98.75 82 92 97.5 89.5 93.25 88 91 88.5 89 92 87.75 86.5 83 84 85.5 86.5 85.5 86 86.75 91 92 89.5 87.75 89 89 90.5 90 91 92.25 93 99.25 98.5 100 102.75 104.75 107
-9999 -9999 -9999 -9999 -9999 -9999 -9999 -9999 -9999 -9999 -9999 -9999 -9999 -9999 -9999 -9999 -9999 -9999 -9999 -9999 -9999 120.5 124.5 125.5 127.25 128.25 129.25 128.75 140.5 140.75 137.5 136.75 133.25 133.75 133.25 128.25 134.5 140.5 124.75 125.75 121.25 118 111.25 105 100.5 96.75 85 88 90.5 86.5 82.5 89.25 93 90 89.25 89 87.5 87.5 84.5 81.75 81.5 81.5 81.5 84 85.75 87 89 89.75 89.5 90.25 90.5 90.5 90 91.5 94 93.5 99.5 100 100.25 104.75 105 109.25
-9999 -9999 -9999 -9999 -9999 -9999 -9999 -9999 -9999 -9999 -9999 -9999 -9999 -9999 -9999 -9999 -9999 -9999 -9999 -9999 115.5 119.25 121.5 121.75 123.5 125.25 126 124 133 139 136.75 134.5 135.5 134 149.5 153 161.5 148.5 136.25 135.75 122.5 118.5 125.75 123.75 107.5 95 85 86 82 80.75 84.25 86.5 89 89.25 90.25 89 88 87.25 86.5 86.5 82.5 82 82 82 85.75 88 91 91.75 91.5 92 92 92.5 92 93.75 95 95 99 100.75 103.5 104.25 104.5 108.25
-9999 -9999 -9999 -9999 -9999 -9999 -9999 -9999 -9999 -9999 -9999 -9999 -9999 -9999 -9999 -9999 -9999 -9999 -9999 -9999 113.5 115.75 118 121 122.5 123.75 123.5 123.5 127.75 134.75 137.25 140 139.25 136.75 133.5 134.25 133.75 135.75 137.75 138 131 116.25 121.75 123.75 110.75 95.25 88.75 95 94.75 90.25 90.75 93.75 91 88.5 87 88.5 85.75 85.5 86.5 86 82.25 82.5 84.75 84.5 85.75 88.5 90 91 92 93 94.5 95 93.75 95 94.75 95 97 102.5 105.5 105 106 108.25
-9999 -9999 -9999 -9999 -9999 -9999 -9999 -9999 -9999 -9999 -9999 -9999 -9999 -9999 -9999 -9999 -9999 -9999 -9999 -9999 -9999 112.25 118 120.25 120.75 121.75 120.25 120 122.25 126.5 130.25 137.25 144.75 147.5 143 125.75 125.5 125.75 129 128 125.25 123.25 117.5 122 108.5 96.25 94.25 93.5 97.75 95 88.75 90 93 92 90 87 85 84 84 83.75 83.5 87 87.75 90.5 91.75 91.25 90 90.75 92.75 93 97 98 96.25 94.25 94.75 95.25 98.75 103.5 107.25 107.5 107 116.75
-9999 -9999 -9999 -9999 -9999 -9999 -9999 -9999 -9999 -9999 -9999 -9999 -9999 -9999 -9999 -9999 -9999 -9999 -9999 -9999 -9999 114 113.75 114.75 114.75 115.25 115.75 116.25 117.75 119.75 123.5 130.75 126.25 126.5 121.25 119.25 120.5 121.25 120.5 116.75 114.5 113.5 116.25 115.75 106.5 99.5 100 96.5 95.25 98.5 93.25 90.75 90.75 91 89.5 85 85 85.5 85.5 87.25 90.5 92.5 93.5 92.5 89.5 87.25 89.5 91.25 92.25 96.25 102 103.25 102 101.25 105.25 102 103.25 106.25 116 117.25 119.75 124.25
-9999 -9999 -9999 -9999 -9999 -9999 -9999 -9999 -9999 -9999 -9999 -9999 -9999 -9999 -9999 -9999 -9999 -9999 -9999 -9999 -9999 103.3333 105 107.5 109.5 110.5 110.75 112.25 113.25 114 115.75 119.25 126.75 127.75 135.5 121.75 117 116.25 111 109.75 110 110 102 96.25 99.25 105.75 104.5 100.5 99.25 98.75 95.5 90.5 87.25 89.75 90.25 87 88 89.25 90.5 87 90.25 93.75 93 89.25 87 90.5 93 96 100.25 102.5 112.25 114.75 121.25 118.5 111.75 104.75 107.25 113.75 123.25 130.5 139 137
-9999 -9999 -9999 -9999 -9999 -9999 -9999 -9999 -9999 -9999 -9999 -9999 -9999 -9999 -9999 -9999 -9999 -9999 -9999 -9999 98 100.25 100.5 103.5 104.75 105.75 107.25 108.5 110 109 109.25 113.5 123 135 121.75 113.25 110.25 108.75 109.5 108.25 105 99.75 103.5 116.25 108 117 110 104.25 101.25 100.5 96 90.25 86.5 85 85 92.75 95.5 99 96 103 94.75 88 90.25 91.25 89 93.25 99.5 104 111.25 118.5 122 111.75 106 104.25 105 109.25 115 112 118 115 114.25 126.5
-9999 -9999 -9999 -9999 -9999 -9999 -9999 -9999 -9999 -9999 -9999 -9999 -9999 -9999 -9999 -9999 -9999 -9999 -9999 94.66666 96 95.5 96.5 98 98.5 101 104 105.75 106.75 106 105.5 110 119.25 118.25 109 107.25 105.5 104.75 103.5 103.75 106.75 122.75 133 126.25 120.5 115.5 109 103.75 100 103.25 94.75 89.25 91.25 88.75 87.75 90.75 99.5 113.25 102.25 82.75 76 81.5 86.25 90 90.25 93.25 96 96 99.25 118 149 138.25 131.25 133.75 127.25 117.5 104.25 98.25 98.25 91 94 97.25
-9999 -9999 -9999 -9999 -9999 -9999 -9999 -9999 -9999 -9999 -9999 -9999 -9999 -9999 -9999 -9999 -9999 89 90.33334 92.5 92.5 91.25 90.75 93.25 94.5 96.5 99.75 102.5 103 103.5 103 108.25 108.75 104.25 104.75 102.25 101.5 102 103.5 109 138 134 122.5 108.5 100 111.25 107.75 102.5 102.75 101 95.75 95.75 93.75 91.75 94.75 102.75 92 78.75 75.75 67.75 77 81 84 103.5 100.75 94 97 119.75 145.5 147.25 134.5 124.25 123.5 105.5 88.75 88.75 92.75 91.25 80 79.25 83.5 82
-9999 -9999 -9999 -9999 -9999 -9999 -9999 -9999 -9999 -9999 -9999 -9999 -9999 -9999 -9999 -9999 -9999 86.5 86.5 86.75 86.75 87.75 85.5 88.25 89.75 92.25 95.25 97 99.25 101.25 101.25 104.75 104.75 99.5 100.5 101 101 102.75 104.5 121.25 162.75 145.5 107.25 94 92 99.5 106.5 106.25 109 109 102.5 97.75 97 95.25 96.5 82 79 70.75 66.5 72.75 79.5 82.25 114.25 160.25 122.25 99.5 105 120.5 128.75 129.5 138.25 121.75 126 125.25 110.75 103.25 105 99 82.25 80.5 75.75 69.75
-9999 -9999 -9999 -9999 -9999 -9999 -9999 -9999 -9999 -9999 -9999 -9999 -9999 -9999 -9999 -9999 -9999 81 83.5 83.5 84.25 82.75 81.5 82.5 86.5 90 92.25 93 94.75 95.25 94.75 103.25 101.25 99.25 98.25 97.25 101.75 112.75 115.5 111.25 112.5 107.75 93 92.5 91 90.75 93.25 106.25 99.75 99 106.5 94 92.25 79.25 76.5 71.25 69.75 65.25 61.25 62.5 67.25 90.75 112.25 110.25 140.25 129.5 149.75 133.75 155 140.25 102 80 92.25 76.75 65 67.75 72.5 78.75 77.5 71.5 65.5 68.5
-9999 -9999 -9999 -9999 -9999 -9999 -9999 -9999 -9999 -9999 -9999 -9999 -9999 -9999 -9999 -9999 -9999 78 78.5 78.75 79 78 77 79.25 80.5 87 88 87 87.5 88.75 94.5 97.25 94.75 96 98.5 104.75 108 117.75 116.75 98.25 95.5 91.75 90.5 90 86.25 85 84.25 82.75 76.5 74.5 83.25 75.25 69 65.75 66.5 69.75 63.75 61.25 61 62.25 87.75 87.25 89.5 103.5 107.75 112.75 93.75 67.25 70.25 69.5 63.5 59.75 59.75 62.5 72.75 78.75 72.5 70.5 65 63.5 66.75 71.5
-9999 -9999 -9999 -9999 -9999 -9999 -9999 -9999 -9999 -9999 -9999 -9999 -9999 -9999 -9999 -9999 -9999 75 74.75 74.75 74.5 74 73.75 74.75 77 79.5 82 84.75 84.25 88.25 93 93.5 98.5 113.75 112.75 109 108 105.75 96 97.75 100.5 104.25 93 85 81.5 80 81.5 80.5 73.75 71.25 68.5 63.5 60.5 63.5 64 62 57.25 57.25 56 63.25 66.75 78.25 77.25 61.25 58.25 53.5 53.25 51 53 54 57 59.5 61.25 63.25 67.25 63.25 59.5 60 61.5 63.75 67.25 70
-9999 -9999 -9999 -9999 -9999 -9999 -9999 -9999 -9999 -9999 -9999 -9999 -9999 -9999 -9999 -9999 -9999 70 70 70.5 69.5 70.5 70.25 72.25 73.5 77.25 79.25 79.75 80.5 88.75 92.75 92.5 103.75 103.25 97 95.75 97.5 96.25 95.25 98.75 86.5 87.25 84.75 79.75 79 76 75 75 73.75 67 66 61.25 60.5 59 57 56 55.25 55.25 59.25 60.5 56.5 55.5 54 51.25 50 49.75 49.5 49.75 51 52.5 53.5 55 58.5 60.5 56.75 56.5 58.75 61 62.25 65.75 66 66
-9999 -9999 -9999 -9999 -9999 -9999 -9999 -9999 -9999 -9999 -9999 -9999 -9999 -9999 -9999 -9999 -9999 67 65 66 64.75 64.75 65.5 67.25 71.75 72.5 76 76.75 78.5 86.5 84.75 88.5 92.5 90.25 90.5 96.75 99.75 98.75 96 87 80 81.25 80.75 78 74.25 73 72.25 70.5 68.5 64 65 60.75 60 59 58.5 55.25 55.25 57.5 56.25 54.5 51.75 49 49.25 49.75 50 49.75 49 49.25 51.5 53 54 54.5 54 54.75 58.5 57.5 56 57.25 62.5 63.75 64.25 61.5
-9999 -9999 -9999 -9999 -9999 -9999 -9999 -9999 -9999 -9999 -9999 -9999 -9999 -9999 -9999 -9999 -9999 63.33333 61.75 61.5 61.25 61.25 61 63.25 67.25 67.25 72 75.25 77.25 80 80.25 84.75 82.75 83 86 87.25 95.75 100.5 87.5 79.5 77.5 78.25 77.75 72.5 70 69.25 68.5 69.5 64.25 63.25 62 60.25 59 58.75 59.25 60.25 59.25 58.75 55.5 52 51 49.5 49.75 49 49.75 52 49.75 49.5 53 54 51.5 53 53 56.25 59.5 59.75 58.25 60 58.75 59.25 60 63
-9999 -9999 -9999 -9999 -9999 -9999 -9999 -9999 -9999 -9999 -9999 -9999 -9999 -9999 -9999 -9999 -9999 57.5 59 57 56.5 57 57.5 61.25 64.25 66 66.5 70.75 75.5 74.5 73 77.25 79.25 76.5 78.75 82 85.25 83.75 78 76.25 76.5 74.25 69.75 69.5 70.75 67.5 69 67 64.25 62.25 61.25 59.5 57.5 56.25 53.5 54.25 53.5 53.25 52.75 51.75 52.5 52.75 53 52.25 52.5 54.75 53 54.75 53 53 54 56 59 59.25 63 63.25 63.75 63.75 64.75 63.5 67 70.5
-9999 -9999 -9999 -9999 -9999 -9999 -9999 -9999 -9999 -9999 -9999 -9999 -9999 -9999 -9999 -9999 -9999 56 54 52.5 53.25 51 51.33333 59.75 61.5 63.5 65.5 73.5 69.25 69 70 70 75 72.75 78.5 78.75 78.25 75 73.5 73 67.75 68.25 70.25 69 66.75 67 66 64.5 63 63 61.75 61.5 60.25 57.25 53.5 55 54.25 54.5 53.75 52.5 53 54.5 55.5 59 60.5 57.75 60 62 62.5 57.5 58 58 67.5 66.75 66.75 67.5 69.75 68.75 67.75 66.5 69.25 71
-9999 -9999 -9999 -9999 -9999 -9999 -9999 -9999 -9999 -9999 -9999 -9999 -9999 -9999 -9999 -9999 -9999 -9999 52 -9999 -9999 47 50.33333 54.75 56 64.25 68 73.75 71 64.5 63.75 63.75 67.25 69.5 71 73.5 73.25 73.25 67.5 68 68 70.25 69 69.75 67.5 70.75 68.5 64.5 63 62 61.25 60.75 59.75 58 55.75 52.75 52 51.5 51.5 51 51.5 52 53.5 54 55 60.25 66.25 73.75 68 67.25 62.75 58.5 67.25 73.75 75.5 75.25 79 75.5 82.5 72.25 71.5 77.75
-9999 -9999 -9999 -9999 -9999 -9999 -9999 -9999 -9999 -9999 -9999 -9999 -9999 -9999 -9999 -9999 -9999 -9999 47 45 45 47.5 49.25 52.5 55.25 66.75 69.75 64 61.75 58.75 59.5 61.25 62 63.25 63.75 64.25 65.5 65.25 68.25 69.75 69.5 70 69.25 67.5 67.25 69 69.25 65 62 61.75 61 57.25 57 55.5 55 53.25 52.5 52.25 50.5 50.5 50 53.25 54 59 57.25 56.5 69.75 76 69.5 61.25 59.25 59 57.5 59.25 62.25 64.75 74.25 67.25 72.75 76.25 76.5 71
-9999 -9999 -9999 -9999 -9999 -9999 -9999 -9999 -9999 -9999 -9999 -9999 -9999 -9999 -9999 -9999 -9999 46 46 42.75 44.5 46 48 49.75 55.5 54.5 54.5 55 54.5 54.25 53.5 59.5 60.75 59.75 61.5 62.25 64.5 64.75 65 66 67 70 75.75 74.25 71.75 68.75 68.5 68 65.25 62.25 60.5 59.25 55.5 53.5 53.5 53.75 53.5 52.5 51 51 51.5 52.25 54.75 63.25 63 65 65.25 64.5 56.25 52.5 54.5 52.5 51.75 52.75 54.25 57.5 62.75 65.25 72.25 70 63.25 63
-9999 -9999 -9999 -9999 -9999 -9999 -9999 -9999 -9999 -9999 -9999 -9999 -9999 -9999 53 50 48 44 43.75 42 44.75 44.75 47 47.75 49.5 48.5 50 51.25 50.25 50.75 53.25 57 59.5 60.5 59.5 61.75 62.5 62.75 63.25 63.75 65.25 66.75 73 81.25 78.25 71.5 65.75 63.25 61.75 61.5 58.75 59.5 58.25 55.25 53.25 53 53 52.5 52.25 52 52.25 52.5 49.5 54.75 54.25 51 49.75 51.75 52.25 48.5 49.5 49.5 52.25 51 52.75 54.5 58.75 62.5 62.5 62.75 61.75 67.5
-9999 -9999 -9999 -9999 -9999 -9999 -9999 -9999 -9999 -9999 -9999 -9999 -9999 55 53.25 49.5 47 43.25 42.75 41.75 43.5 44.5 44.25 46.5 46.5 46.25 47 47.5 47.5 49.75 52.25 53 54.5 55.5 57 55.75 58.25 60.5 58.5 59.5 63 63.5 64.25 70.25 72 65.25 61 60.75 60.5 57.25 55.75 56.5 52.25 53.5 55.75 52.75 51.5 53 55.5 53.75 50 48.5 47 47 46 47.5 46.5 48.5 47.25 47 46.5 47 53 54 51.5 55.25 54 58.25 59.25 56.5 54.5 58
-9999 -9999 -9999 -9999 -9999 -9999 -9999 -9999 -9999 -9999 -9999 -9999 58 56.5 52.5 49.75 47 43 42.25 42.5 42.5 42.5 45.75 48.5 44.75 45.5 45.25 44.75 46.75 48.5 50 51 52 53.25 52.75 53.5 55 56.75 56.75 58 61.25 62.5 62.75 62.5 62.5 62.5 60.5 57.5 58.25 54 55 54.5 55 53.75 51.25 50.75 53.25 51.25 49.5 46.75 43.5 43.5 42 43.5 42 43.5 41.5 45 47.25 46.25 47 49 50.75 55.75 57.25 53 52.75 55 62.5 59.5 55 55
