layers/wordclim/past/Iberia_miroc_10_ascii/bio_13.asc
ncols         205
nrows         142
xllcorner     -11.010633712694
yllcorner     33.273793250999
cellsize      0.083333333333334
NODATA_value  -9999
[rows 35 to 69 of 142, columns 79 to 157 of 205]
86.5 85.75 87.75 87 87 86.75 87 89.25 91 95.5 98 102.25 107.75 118 116.75 117.5 123.5 113.75 110.75 120.5 118.75 111 115.75 117 120.5 105.5 105.5 103 98.25 97.75 87.75 85.75 86.25 87.25 87.5 88.5 89.25 88.5 88.5 86.75 87.75 88.5 89.25 86.25 83.25 83 82.25 82.25 82.5 85 87 86 91.5 93.25 95.5 89.75 94.5 94.75 106.75 111.25 111.25 105.75 115.75 100 102.25 113.75 129.5 129.75 111.75 122.75 142.75 148 134 135.25 142 122.5 125.75 124 123.75
84.25 83 83.75 83.5 85 85 86.25 87.5 90.25 92.75 96 96.5 95.75 99.75 106.75 119.75 123.25 118.75 122.75 127.75 120.25 119.25 127.75 124.25 111.75 118.25 112.75 102.25 95.25 92.5 87.75 86 85 84.5 85.25 88.25 91.75 87.75 83.25 83 83.75 83.25 82.25 79.75 79.5 78.75 79 77 76 78.5 79.25 80.5 82.5 82.75 83 82.25 99.5 101 103.75 100 109.75 111.5 117.5 97.75 105.5 106.75 118.25 116 106 111.5 113.5 119.5 120.5 122.5 121.25 108.75 115.5 114.25 117.25
79.5 81.25 84.5 86 86.75 86 85.5 86.75 87 89.25 92.75 97 99.5 94.5 99 105.75 113 124 137.25 126.25 135.75 133.75 126.75 120.75 120.75 117.25 113.25 111.5 99 91.5 90.75 90.25 84.25 83 81.5 81.5 83.75 83.5 80.25 82 86 89 83.75 76 76.25 76 75.25 73.25 73 75 76.25 76 78 77.25 77.5 77.5 86.75 92.75 100.5 97.5 96.25 106 106 100.75 120 107 100.25 97.25 95.75 101.25 109.25 107.5 107.25 108.75 106.75 102.5 106.25 108.25 112.75
81.75 82.5 83.25 85.25 86 86.5 86.75 87.5 89.75 91 95 97.25 99 97.25 98.5 102.25 106.25 107 110 110.25 112 106.75 108.5 105.25 108 114.5 111.5 101.75 101.5 99.5 95.25 91.5 86 86.25 84 79.75 78.5 78 78.25 82.25 86 86 80.25 73 73.25 76.25 76.25 71.5 70.5 71.5 72.75 73.25 76.75 75.25 73.25 74.75 78.75 84 87.75 89.75 91.75 96.5 94 91.75 93.75 86.75 88 90.5 95.25 102 108.25 107.25 102 98.75 101.25 94.75 100 102.75 111.25
79.25 81.5 82.5 84.5 85 85 85.5 86 87 87.25 89 90 91.5 95.25 96.75 97.25 99 102 101 100.5 101 99.5 98.5 98.25 100 105.25 109.25 108.75 102 103.5 109.25 99.25 91.5 90 84.75 81 79 76.5 75 78.25 78 78.25 73 69 71.25 73 77.5 73.75 71 69.75 69.5 71.5 73.75 72 70.75 73.25 73.25 73.75 74.5 76.5 80 81.5 80 78 82.25 83.25 85.75 88.25 89.25 93.25 98.25 104.75 101.75 95.75 91.75 90 91.75 103 112.25
79 80 81.25 82 83.5 81.5 81.25 82.5 83.5 83.75 84.75 86.25 87.5 89.25 91.25 94.25 95 97.25 98.5 99.5 100 102.5 98.75 98.5 98.75 100.75 101.75 101.25 106.5 110.25 122.25 127.5 103.5 93 88.25 82.5 79.5 77.5 75.25 72.75 71.25 70.5 67.5 66.5 70.5 73.5 78.75 78.25 72.75 70.25 68.5 69 69 69.25 68.25 71.25 70 69 71.25 75 71.5 71.5 72.25 74.5 76.5 78.75 81.5 84.75 90.25 96 97 99.75 98.5 92 86.5 87.25 91.75 100.5 106.75
78.75 79 79.25 80.25 82.5 79 78.75 80.5 81 81 81.75 84.25 85.75 86.75 87.75 89.75 89.75 92.5 92 95 96.5 96 95.5 96.25 94.25 95.25 98 99.25 101.75 105.5 110.5 109.5 102.75 95.25 93 84.25 79.75 76.75 76 75 71 65.75 63.75 63.75 67.5 69.75 70.5 72 78.25 76.25 72.75 71.75 73.25 69.25 68.25 68 68 68.25 71 71.5 68 67.75 69.5 72.25 74.5 76.5 80.25 85.5 89.75 94.75 96.75 95 96.25 93.5 88.5 87.75 97 98.25 96.5
78.75 80.25 78.75 78 80.5 80.5 83 82 82 83.5 85.75 86 84.25 83.25 84 86.5 86.75 89 90.25 89 90 93.5 96 94.25 93.5 95.75 97.5 97.75 100.25 101 101.25 97 93.25 87.5 85.75 85.5 77.5 75.5 77.75 81.25 75.5 70 67.5 63.5 62.5 65 66.5 67.75 70.5 73.5 73.5 72.25 73 73 70.25 69.5 66.5 68 67.5 65.5 66 67.5 70 72.5 75.25 77.5 82.5 89.25 95 96.25 93.25 88 87.75 91 93.25 88.5 92 92.25 93
79.75 80.25 81 81 80.5 81.5 84.25 86.75 89 91.25 85.75 87.75 87.5 86 86.5 85 84.25 86 85.75 87.5 88.5 89.5 89.5 92.5 97.5 98 94.25 95.25 97.5 96.25 95.5 93.25 100.5 90.75 81 78.75 75.5 75 78.25 78.75 74.75 78 74 69.75 66.25 64 63.25 65.25 67 69 71.25 70 70 70.25 70.5 71.25 70.5 65.5 65 66 68 71.25 74.25 75.5 78.75 84.25 89.25 92.25 93.25 92.75 94 91 89.75 89.5 90.75 92.25 94 95 97.5
78.5 79 79.5 80 81 81.25 87.25 93.25 91.75 88.25 85 84.75 87 88.75 91.75 91.25 92 93 90 90.25 93 92 91 91 94 93.75 89.5 90.25 92.5 93.25 91 86.25 86.25 87 86.75 84.25 83.25 78.25 78.5 79 79.25 81.75 78.5 72.5 69.25 65.25 64 63.5 67.5 70 70.5 71 71.5 70.75 68.25 69.25 71 67.5 68.75 70.75 74 77 80.5 82.5 84.5 84.75 82.25 84 89 90 94.25 93.25 91.75 93.25 95.5 97.5 99.25 102 104.25
75 77 77.75 80 80.25 80.5 83 87.5 84.75 84.75 87 90.25 90.5 94.5 97.75 97.75 98 98.75 94.5 92 93 94.5 94.25 94.75 93.5 89 86.5 85.5 86.5 85.75 86.75 83.5 82.75 81.5 86.5 95.25 93 86.75 81.5 83.75 82 84 78.75 71.75 68.5 66.5 66 65 64 67.25 67.5 68.75 68.5 68 68 72.75 71 70 73.75 73.25 75.5 81.5 85.75 90.75 96 96 90.5 86.25 87.25 89 92.75 93.5 95 97 99.25 102.25 104.25 111 114.75
75.5 77.5 79 80 80.75 81.5 83 84.5 84.5 85.25 91 103.5 113.5 106 103.5 105 101.5 94.25 93.75 92.75 91.75 95.75 96 96 93 87.75 85 86.5 87.25 87.5 87.5 85.75 87.25 85.75 88.5 92.75 95 93.75 90 87.5 87.75 83.25 79 75.5 72.5 69.75 67.5 66 66 65.5 65.75 65.75 66.5 68.5 70.5 71 70.25 70.75 71.25 71.25 74.75 78.5 86.25 87.75 90.25 94 89.5 87.5 89 91 93.5 96 98.75 101.25 103.5 106.5 111 115.75 118
77.25 78.75 78 80.5 82 83.5 85 88.5 89.75 96.25 111.25 123.25 109.5 112.25 102.5 107.25 102.75 92.25 92.5 88.25 88.75 95 96.5 96.75 96 94.75 95 95.75 96.75 93.75 92 91 94 93.75 90.5 90.75 94.25 92.75 96.5 95.75 89.75 87 82 82 79.75 73.25 70 68.75 69 69.5 70.25 71 70 70 72.75 71.5 74.25 75.75 80 76.5 79.5 82.75 86 87.75 90 92 92.25 90.25 90.5 92 95.75 98 100.5 103.25 106.25 109.5 113.25 115 117
80.25 79.5 80.5 82 85.75 89.25 92 94.25 106 101.5 100.5 103 95.75 95.5 94 94.5 87.5 88.25 86.25 85.75 89 92 95.25 98.25 99.25 101.75 105.5 106 100.75 102.75 101 97.75 97.75 99.75 101.25 94.5 91.75 96 98.5 100.75 94.75 89.5 85.75 85.25 87.5 82 74.5 75.25 73.5 72.25 72.25 73.75 73.25 76 76.25 75.75 77.75 79.75 80.75 82.5 85 89 91.25 92.25 97.75 99.25 97.25 94.5 93.75 95.75 97 99 100.75 103 105.5 109 -9999 -9999 -9999
81 80.25 82 86 90 98.75 126 115.25 95.75 85.5 87.75 99.25 96 84 84.75 88 82.25 80.5 83.5 83.75 88.5 92.75 95.5 96 97.5 101.25 104 104 103 104 102.5 101 100.5 97.75 96.25 99.5 94.25 95 100.25 107 104.5 95.25 90.25 86.5 80 78.25 79.5 82.5 79 76.5 73.75 75.25 78.75 80.5 79 80.5 80.25 82.5 85.5 88.75 91.75 94 94.75 99.25 102.5 100.25 99.5 97.75 97.5 98 98.75 99.5 -9999 -9999 -9999 -9999 -9999 -9999 -9999
82.75 82.5 82.75 86.75 92.5 117.75 100.75 97 95.75 88.25 84.5 84.25 82.25 81.5 79 77.25 77 78.5 83.5 87 90.5 92.25 93.75 95.5 97.75 96.25 99.25 103.75 106.5 103 102.25 100.5 99.5 101 97.25 96.25 96.75 92.25 96.75 100.25 103.5 98.25 97.5 91.75 84.5 84.5 86.25 85.25 81.5 79.5 77.5 80.5 83.25 82.75 81.75 83.75 84 88.25 91.25 94 94.5 100.5 104.5 105 102.75 102.5 101.75 101 100.25 99.33334 -9999 -9999 -9999 -9999 -9999 -9999 -9999 -9999 -9999
86.25 84.75 90.25 104.75 108.75 127 115 106.75 91.25 86 84.5 83.25 83.25 82.25 78.75 74.75 76 82 86.25 87.25 85 88.75 94.25 96.25 95.5 93.75 98.25 98 100.5 100 100.25 103.25 105 103.5 100.5 97.5 93.25 93.75 100.25 103 103 98.25 95.25 92 94.25 92.5 93 89.5 90 81.75 79.25 83.25 88.75 86 86.75 87.75 95 92 96.75 99 99.75 104.5 106.75 105.75 105.25 104.5 104.25 102.75 102.5 102.3333 -9999 -9999 -9999 -9999 -9999 -9999 -9999 -9999 -9999
96 95.75 97 109.25 105.25 106.75 94.5 86.75 87.5 87 86 85.75 85.25 82.75 78.5 75.5 79.75 83.25 83.75 87 85 82.75 86.5 90.25 91.5 99.75 102 103.25 104 104 106.25 103.25 106.25 106.75 104.25 96.5 92.5 97.75 107.25 105.5 104.75 105.5 107.25 107 103.5 106 101.25 96.5 86 82.75 86.75 86.25 90.25 88.75 96.25 97.75 95.25 93.25 100 101.75 103.5 105.5 107 107.5 107 106.25 105.25 104.5 104 103.75 -9999 -9999 -9999 -9999 -9999 -9999 -9999 -9999 -9999
105 109.25 111 94.25 82.5 85.75 85.75 86.25 87 87.5 87.5 87.75 86.25 84 79.5 78.25 80.5 80 84.25 87.75 81.25 79.5 84.5 91.75 96.75 102.75 107 110.75 106.75 108 109 111 113.75 110 110.25 102.25 95.5 95 104.5 101.5 100 101.25 104.75 102.75 102.75 102.25 96.5 97.5 93 91.25 87 92.5 96.75 98.25 95.75 89 91.5 96.5 99.75 102.25 103.25 105.5 107 107.5 107.25 106.5 106 106 105.5 105 104 -9999 -9999 -9999 -9999 -9999 -9999 -9999 -9999
97 95.5 102 85 79.5 81.5 83.5 85 88 89.75 89.75 90.5 88.5 84.75 81.25 81.75 77 79 84.5 86.75 79.25 87 92.5 93.25 94 96.25 99.5 105.75 110.25 114 114.75 117.5 120.5 112.75 112.5 108.25 98 91.25 99.25 100 96 99.75 110.25 104.75 105.5 108.25 110.75 113.25 98.5 93 90.75 91.25 93.75 91 88.25 90 94.25 97.25 100.5 102 103.5 105.5 106.5 106.5 107 107 106 106 106 105 -9999 -9999 -9999 -9999 -9999 -9999 -9999 -9999 -9999
80.25 82.25 83.25 78 77.5 78.75 82.75 85 88 91 92.5 93.5 89.5 86.75 85 81.25 78.25 81 82.75 78.75 79.25 85.5 81.5 85.75 85 92 97.75 104.5 110 117.5 118 118.75 123.5 122 115.25 106 100.5 91.25 95 99.25 93.5 102.5 110.75 108.25 111 117 113.5 113.25 108.25 99.25 95.75 94.5 94.25 87 89 92.25 95 97.5 100 101.5 102.75 104.75 106 106 106.5 107 106.25 106 106 105.3333 -9999 -9999 -9999 -9999 -9999 -9999 -9999 -9999 -9999
73.25 75.25 73.5 72 74 77.5 82.25 85 87.25 90.5 92 92 90.25 87.5 84.25 81 79.25 79.25 77.25 75.75 76 80.5 80.75 81.25 86.25 90 96.25 101.25 108 112.25 119.25 121 122.25 117.25 108.5 105.5 98.75 93.25 91 91.75 93.25 106.25 108.5 111.5 116.5 125.75 124.5 115.25 108.75 101.25 93 90 88.5 88 90.25 93 96 98 100 101.25 102.5 104.5 105.5 105.5 106 106.75 106.75 106 106 105.5 -9999 -9999 -9999 -9999 -9999 -9999 -9999 -9999 -9999
75.25 70.5 67.75 70 74 76.5 80.75 84 85 87 88.25 88.75 89 86.75 83.75 80.5 78.5 74.25 71.5 77.75 76.25 82.25 89.5 85.25 89.75 92.25 93.5 98.5 110.75 114.25 116.75 117 122.25 117.25 112 109 107.75 97 90.25 84.75 90.5 103.25 99.5 100.25 110.25 117.25 114.5 112 101.75 93.75 85.25 86.25 87.5 89.75 91 94.5 96.75 98.75 99 100.5 102.5 104 105 105.75 105.75 106 106.75 106.25 105.75 -9999 -9999 -9999 -9999 -9999 -9999 -9999 -9999 -9999 -9999
69 65.5 66.75 70.25 73 75.25 79 81.75 83 84.75 85.25 86 86 84.5 82 80.5 76.5 73.25 78.75 82.5 79.5 84.75 84.75 87 91.25 95 101.25 98.25 107.25 111 111.75 113 119 116.75 112.25 114.5 103.5 99.75 89.5 85 97 97.75 90 89.25 95.25 104.5 104 97.75 101.25 94.25 84.25 86.25 89 90.5 92.5 94.5 96.5 97.75 99.25 101 103 103.5 104.5 105 105 105.75 106 105.25 104 -9999 -9999 -9999 -9999 -9999 -9999 -9999 -9999 -9999 -9999
64.75 66.75 68.75 70.25 71.25 73 77 78 81.5 80 81.25 82.5 83.75 83.25 80.75 76.5 74 74.5 81.5 83.75 81.25 86.5 88 90.75 93.5 96 100 97.5 107.75 109.75 112 114 112.5 110.25 108.25 110.25 97.25 90 86.5 95.75 106.5 104 91 84.25 84.25 85 86.5 87.5 85 85.75 86 87.25 89.25 91.25 92.75 94.25 96.25 98.5 99.75 101.5 102.5 103 104 105 105 105 105.25 104 -9999 -9999 -9999 -9999 -9999 -9999 -9999 -9999 -9999 -9999 -9999
66.75 68 69.5 68.5 68.5 71.5 72.5 75 77.75 76.75 78.5 79.75 80.5 78.75 76.5 75.5 75 75.75 81.75 83.25 86 91 92.5 93.25 98.25 98 94.75 98.75 104.5 107.75 106.75 104.75 105.5 101.5 102.25 105.5 97.75 82.25 87.25 101.5 122.75 113.5 95.25 87.5 84.25 81.75 78.75 81.25 83.5 86.5 87.25 89.75 91.75 92.75 93.25 94.5 96.25 98.5 100 101.5 102.5 103 103.75 104.75 104.5 104.5 104.5 -9999 -9999 -9999 -9999 -9999 -9999 -9999 -9999 -9999 -9999 -9999 -9999
69 68.5 68 67.5 67.75 69 70 72 72.75 75 78 79.25 78.5 77.5 77.5 77 76.5 77.5 82 84.25 83.75 84.75 92 91 96.25 94.25 95 96.5 98.25 102.75 98.25 97.75 100.25 97.5 99 101.5 95.5 85.75 89.5 94 101.25 105.25 105 95 86.25 85.5 81.75 84 86.5 88.75 89.25 89.75 90.25 91.5 93.5 95.5 97.5 99 101 101.5 102.5 103.5 103.25 104 104.25 103 -9999 -9999 -9999 -9999 -9999 -9999 -9999 -9999 -9999 -9999 -9999 -9999 -9999
69.75 68.75 66.5 66.75 68.5 68.5 69 70 72.25 75.75 77.5 78 78 77.5 77.25 76.5 77 78.5 81.5 83 82.75 85 87 91.5 91 91.25 94.75 98.5 99.75 99 94.75 95 92.25 98.75 99.75 94.75 89.25 89 82.75 85.75 90.75 93 101.75 99.75 82.5 81.75 85 87.5 89 92 92.5 91.5 92 93 95 97 98.5 100 101.5 101.5 102.5 103.75 103.5 102.75 101 -9999 -9999 -9999 -9999 -9999 -9999 -9999 -9999 -9999 -9999 -9999 -9999 -9999 -9999
66.5 67.75 69.25 70.25 70.5 70.5 70.75 70.75 71.5 71.5 74 74.75 75 75.5 75.5 74.75 76 77.75 79.75 82.5 83 83.75 85.5 88 88.75 88.25 93.5 95 97 96.5 93 94 91 91.25 94.25 90 87 89 85.25 76 78.25 82 86.75 85.5 84.5 84 88.25 92.75 94 95.25 97 95.5 95.5 96.75 98 98.5 99.75 100.5 101.75 102.75 103.5 103.75 103.25 102 -9999 -9999 -9999 -9999 -9999 -9999 -9999 -9999 -9999 -9999 -9999 -9999 -9999 -9999 -9999
71.5 74.75 77.5 74.75 76.75 76.5 75.5 74 72.5 73 73 73.5 73.5 73.75 74 74.5 75.75 77.25 80.75 82.25 84.25 82 83.25 87.25 88.25 85.5 86.5 90.75 94 94.5 91.75 90 86 84.25 83.5 83.75 91.25 85.5 79.25 74 75.25 78 80.25 83 86.5 90 92 94.5 99.75 101 100.5 100 99.25 99.5 100.25 100.25 101.25 102 102.25 103 103.75 102.75 102.5 -9999 -9999 -9999 -9999 -9999 -9999 -9999 -9999 -9999 -9999 -9999 -9999 -9999 -9999 -9999 -9999
77 77.75 80 78.75 79.25 78 77.5 76 77.5 74.5 74 74 74.75 73 73.75 74.5 75.5 77.5 80 79.75 81.5 81.75 83.25 87 85.75 83.5 83.25 87.25 90 89.25 89.75 88.75 88.5 82 80 83.25 85.5 80 82.75 84 79 80.5 84.75 88 92.75 96.75 99.75 100.5 103 105.75 105.25 103.75 103.25 102.5 102.5 102.25 102.5 102.5 103.25 102 102.5 102 -9999 -9999 -9999 -9999 -9999 -9999 -9999 -9999 -9999 -9999 -9999 -9999 -9999 -9999 -9999 -9999 -9999
83.5 81.75 85.75 88.5 86 84.25 80.25 78 76.5 75.5 75 75 74.5 73 73 74 74.5 77.25 80 77.75 79 82.5 81.5 82 83.5 82.25 83.25 82.5 82.5 84.25 84 84.75 83.75 81 75.75 78.75 81 77.25 76.25 81.25 81.5 82.5 86 91 96.25 101.25 105.75 109.5 111.5 110.5 109 108.25 106.75 105.5 104 103.5 103 -9999 -9999 -9999 -9999 -9999 -9999 -9999 -9999 -9999 -9999 -9999 -9999 -9999 -9999 -9999 -9999 -9999 -9999 -9999 -9999 -9999 -9999
88 88 83 85.5 88.25 85 80.25 78.25 77.5 77.25 77 76 74 73 74 75 74.5 74.5 76.5 76.25 77.25 78 79 80.25 78.5 80.75 84.25 82 79.75 80.5 80.25 79.5 79.25 77 72.5 77.5 76.25 76 77.5 79.5 81.75 84.75 86.75 91 98.25 103.75 109.25 114 116 114 112.25 111.25 109.25 107.5 104.5 -9999 -9999 -9999 -9999 -9999 -9999 -9999 -9999 -9999 -9999 -9999 -9999 -9999 -9999 -9999 -9999 -9999 -9999 -9999 -9999 -9999 -9999 -9999 -9999
85 80 79.5 84.75 87.75 89.5 85 82.25 81.75 80 78 77 75 74.5 75 75.5 74.5 74 74.25 74 74.5 75.75 76.25 76 77.25 79 78.75 76.25 77.5 77.75 77.5 75.5 75.5 73.75 71.5 72.5 74.75 76.75 78.5 81.25 84 86 89 93.5 99.5 105.25 110.25 114.75 116.25 115.5 114.25 112.75 111.25 109.25 106 -9999 -9999 -9999 -9999 -9999 -9999 -9999 -9999 -9999 -9999 -9999 -9999 -9999 -9999 -9999 -9999 -9999 -9999 -9999 -9999 -9999 -9999 -9999 -9999
82.75 80.75 84.5 88.75 85.25 85 83.5 84.5 84.75 88 81.5 77.75 76.25 75 75 75 74.5 74.5 75 74.75 74.25 74 75 75.5 75 75 75.5 75.25 74.75 75 74 73.5 73 72.5 73 74.25 75.25 77 79.5 82.25 85.5 88 91.5 95.25 100 105.5 109.75 113.75 115.25 115.5 114.75 114 112.75 110.25 -9999 -9999 -9999 -9999 -9999 -9999 -9999 -9999 -9999 -9999 -9999 -9999 -9999 -9999 -9999 -9999 -9999 -9999 -9999 -9999 -9999 -9999 -9999 -9999 -9999
