layers/wordclim/past/Iberia_miroc_10_ascii/bio_2.asc
ncols         205
nrows         142
xllcorner     -11.010633712694
yllcorner     33.273793250999
cellsize      0.083333333333334
NODATA_value  -9999
[rows 0 to 35 of 142, columns 80 to 159 of 205]
-9999 -9999 -9999 -9999 -9999 -9999 -9999 -9999 -9999 -9999 -9999 -9999 -9999 -9999 -9999 -9999 -9999 -9999 -9999 -9999 -9999 -9999 -9999 68 69 70.5 71.5 72.5 73.5 75.5 76.5 77.5 79.5 80.5 82.5 83.5 85.5 86.5 88.5 90 91.5 93 95.5 96.5 97.5 98.5 99.5 100 101 102 102.5 102.5 103 103 103.5 105 105.5 105 105.5 106 106 106 107 107.5 107 108 108 108 108 107.5 107.5 108 108 108.5 108.5 108 108 107.5 107 106.5
-9999 -9999 -9999 -9999 -9999 -9999 -9999 -9999 -9999 -9999 -9999 -9999 -9999 -9999 -9999 -9999 -9999 -9999 -9999 -9999 -9999 -9999 -9999 -9999 69 69.5 70.75 72.5 73.75 75 76.5 78.25 79.5 81.5 82.75 84.25 86.25 87.75 89.25 91 92.75 94.75 96 97.25 98.25 99.25 99.5 100.75 101.75 102 102.5 103 103.5 104 104.75 105 105 105.75 106 106 105.75 106.25 106.5 107 107.5 107.75 107.5 107.5 107.75 107.75 108 108.5 109.25 109 108.5 107.25 107 106.75 106.5 106.5
-9999 -9999 -9999 -9999 -9999 -9999 -9999 -9999 -9999 -9999 -9999 -9999 -9999 -9999 -9999 -9999 -9999 -9999 -9999 -9999 -9999 -9999 -9999 -9999 -9999 69 70.66666 71.5 73.25 74.5 76.5 78 79.5 81.25 83 85.25 87 88.75 90.5 92.5 93.75 95.5 96.5 97.25 98.75 99.75 101 101.75 102.25 103 103 103.25 104.25 105 105 105.5 105.5 105.5 105.25 105.5 106 106.75 107 107 107.25 107 107.25 108 107.75 108.25 108.75 109.25 109.5 109.5 109.5 107.75 106 105.75 106.25 106.5
-9999 -9999 -9999 -9999 -9999 -9999 -9999 -9999 -9999 -9999 -9999 -9999 -9999 -9999 -9999 -9999 -9999 -9999 -9999 -9999 -9999 -9999 -9999 -9999 -9999 -9999 -9999 72 73.75 75 77 78 80.5 82.5 84.25 86 87.5 89.5 91 92.75 94.5 95.75 97.5 99.25 100.75 101.25 102 102.25 102.75 103.25 104.25 104.75 104.75 105.5 105.25 105 105 105.5 106.25 106.5 107 107 106.75 107 107.25 107.25 108 108 108.5 109 109 108.75 108.25 108 108.25 108.25 106.25 105.25 106.25 106
-9999 -9999 -9999 -9999 -9999 -9999 -9999 -9999 -9999 -9999 -9999 -9999 -9999 -9999 -9999 -9999 -9999 -9999 -9999 -9999 -9999 -9999 -9999 -9999 -9999 -9999 -9999 72 73.5 75 77 79 80.25 82 84.25 86.5 88.5 90.25 92 94 95.75 97.5 99 99.75 100.75 101.75 102.25 102.5 102.75 103.75 104 104.5 104.75 105 105 105 105.25 105.75 106.25 106 106.5 106.5 106.75 106.75 107 106.75 107.5 108.25 108.75 108 108.25 108.25 108 108 107.75 106.75 106.25 106.75 108 107.5
-9999 -9999 -9999 -9999 -9999 -9999 -9999 -9999 -9999 -9999 -9999 -9999 -9999 -9999 -9999 -9999 -9999 -9999 -9999 -9999 -9999 -9999 -9999 -9999 -9999 -9999 -9999 -9999 73.5 75 76.5 78.5 80.5 82 83.75 86.5 88.5 90.75 93 94.5 96.25 97.25 98.5 100 101 101.75 102.5 103.75 104.25 104.75 105 105 105.25 105.25 105.25 105.75 106.5 106.5 106.5 106.75 106.75 106.5 106.5 106 106 106.75 107.75 108 108 108 107.5 107.5 107.5 108 108 108.25 107.75 108.5 109 108
-9999 -9999 -9999 -9999 -9999 -9999 -9999 -9999 -9999 -9999 -9999 -9999 -9999 -9999 -9999 -9999 -9999 -9999 -9999 -9999 -9999 -9999 -9999 -9999 -9999 -9999 -9999 -9999 73 75 76.5 79 81 83.5 85.5 87.5 89.5 91.5 93.75 95.25 96.75 98.25 99.5 100.75 102.25 103.25 104 104.75 105 105 105.5 105.75 105.75 106 106.5 106.5 106.75 106.75 106.25 106.25 106.5 106.25 106.25 106.25 107 107 107.5 108 107.25 107 107 107 107.5 108 107.75 108.5 108.25 108 108 108
-9999 -9999 -9999 -9999 -9999 -9999 -9999 -9999 -9999 -9999 -9999 -9999 -9999 -9999 -9999 -9999 -9999 -9999 -9999 -9999 -9999 -9999 -9999 -9999 -9999 -9999 -9999 -9999 74 75 76.5 78.5 80.5 82.5 84.5 86.5 88.5 91.5 94 95 96.75 98.25 99.75 101.5 102.5 103.25 104.25 104.75 104.75 105.5 105.5 105.75 106.25 106.5 106.5 106.5 106.5 106.5 105.5 105.5 105.5 105.75 105.5 106.5 106.25 106.25 106.75 106.5 106.75 106.25 106.5 106.5 106.5 106.5 106.5 107 107 106.75 106.25 107
-9999 -9999 -9999 -9999 -9999 -9999 -9999 -9999 -9999 -9999 -9999 -9999 -9999 -9999 -9999 -9999 -9999 -9999 -9999 -9999 -9999 -9999 -9999 -9999 -9999 -9999 -9999 -9999 -9999 74.75 76.5 78.5 80.5 82.5 84.5 86.5 88.75 91.75 94 95.75 97.5 99 100.5 101.5 102.75 103.75 104.25 105 105 105 105.75 106.25 106 106 106 106 106 105.75 106 105.5 105.25 105.75 106.25 106 106 106 105.75 105.5 105.75 106 106 106 106 106 105.75 105.75 106 105.25 105.5 106
-9999 -9999 -9999 -9999 -9999 -9999 -9999 -9999 -9999 -9999 -9999 -9999 -9999 -9999 -9999 -9999 -9999 -9999 -9999 -9999 -9999 -9999 -9999 -9999 -9999 -9999 -9999 -9999 -9999 73.75 75.5 77.5 80 82.25 84.5 86.75 89.5 91.5 94 95.75 97.5 99.5 100.75 101.75 103.25 104.5 105 106 106.25 107 107 107 106.75 106.5 106.25 106.25 106 105.5 105 105.5 105.75 106 106 105.5 105 105 105.5 105 105.25 105.25 105.5 105.25 105 105 105 105.5 105 105 105.25 105
-9999 -9999 -9999 -9999 -9999 -9999 -9999 -9999 -9999 -9999 -9999 -9999 -9999 -9999 -9999 -9999 -9999 -9999 -9999 -9999 -9999 -9999 -9999 -9999 -9999 -9999 -9999 -9999 73.5 74 76 78.5 80.5 82.25 84.25 86.5 88.5 90.5 92.5 94.5 96.5 98.75 100.75 102 103.25 105 106.5 107 107.25 107.5 107.25 107 107 106.5 106.25 106 106 105.5 105.75 106 105.75 105 105.25 105 105 105.25 105 105 105 105 105 105 105 105 105 105 105.75 105.5 105 105.5
-9999 -9999 -9999 -9999 -9999 -9999 -9999 -9999 -9999 -9999 -9999 -9999 -9999 -9999 -9999 -9999 -9999 -9999 -9999 -9999 -9999 -9999 -9999 -9999 -9999 -9999 -9999 -9999 72.5 74 76 78.25 79.75 82 84.25 86.25 88.5 90.5 92.5 94.5 96.5 98.5 100.75 102.5 104.5 105.75 106.5 107 107 107.5 107.25 107 107 107 106.25 106 106 106.25 106 106 106 105.5 105 105.25 105 105 105 105 105 105 105 105 104 104.5 105.75 105.75 105.75 105.5 106 106
-9999 -9999 -9999 -9999 -9999 -9999 -9999 -9999 -9999 -9999 -9999 -9999 -9999 -9999 -9999 -9999 -9999 -9999 -9999 -9999 -9999 -9999 -9999 -9999 -9999 -9999 -9999 -9999 72 73.5 75.5 76.75 78.5 80.5 82.5 85.25 87.25 90 92.5 95 97.75 99.5 101.5 103.5 105.25 106.25 107.25 107.5 107.5 107.25 107 106.75 106 106 106.25 106.25 107 106 106 105.75 105.5 105.25 105.25 105 105 105 105 105 104.5 105 104.75 104.25 104 104 104.75 105 105 105 105.5 105.25
-9999 -9999 -9999 -9999 -9999 -9999 -9999 -9999 -9999 -9999 -9999 -9999 -9999 -9999 -9999 -9999 -9999 -9999 -9999 -9999 -9999 -9999 -9999 -9999 -9999 -9999 -9999 -9999 71.75 73.5 74.75 76.5 78.5 80.5 82.5 85 87 90 92.5 94.5 96.75 99 101.5 103.75 105.5 107.5 108.25 108.25 108 107.75 107 107 106.5 106.25 107 106 105.75 105.25 105.75 105.5 105.25 105 105 104.5 104.5 104.75 104.25 104 104.25 104 103.25 103.5 104 104.25 104.5 104.25 105 105 105 105
-9999 -9999 -9999 -9999 -9999 -9999 -9999 -9999 -9999 -9999 -9999 -9999 -9999 -9999 -9999 -9999 -9999 -9999 -9999 -9999 -9999 -9999 -9999 -9999 -9999 -9999 -9999 -9999 70.66666 72.75 74 76 78.5 80.5 82.5 85.25 87.5 89.5 92 94.5 96.5 98.5 100.75 103.5 105.75 107.75 109 108.75 108 108 107.5 107 107.25 107 106.5 106 106 105 105 105 104.75 104.75 104 104 104 103.5 104 103.5 103.75 103.25 103 103.75 104 104 104 104.25 104.25 104.75 104.5 104.5
-9999 -9999 -9999 -9999 -9999 -9999 -9999 -9999 -9999 -9999 -9999 -9999 -9999 -9999 -9999 -9999 -9999 -9999 -9999 -9999 -9999 -9999 -9999 -9999 -9999 -9999 -9999 -9999 -9999 72.5 74.25 76.5 77.5 79.5 81.5 84.25 86.25 89.5 91.5 94.25 96.5 98.5 100.75 102.5 104.75 106.25 107.25 107.5 107.75 108 108 108 107.5 107 106.5 106.25 106 105.25 105 104.25 104 104 104 104.25 103 103 103 103 102.5 102.5 103 103 103.5 103.5 103.5 103.25 103.5 103.5 103.5 103.25
-9999 -9999 -9999 -9999 -9999 -9999 -9999 -9999 -9999 -9999 -9999 -9999 -9999 -9999 -9999 -9999 -9999 -9999 -9999 -9999 -9999 -9999 -9999 -9999 -9999 -9999 -9999 -9999 -9999 -9999 -9999 77 78 79.5 80.75 83.5 85.5 88.25 90.75 93 96.25 98.5 100.5 102.5 104 105.75 106.25 106.75 107 107.25 107.75 108 107.5 107 106.25 106 106 105 105 104.25 103.75 103 103.25 103.5 103 102.5 102.5 102.5 102 102 102.75 102.5 102.5 103 102.75 102.5 102.5 102.5 102.5 101.75
-9999 -9999 -9999 -9999 -9999 -9999 -9999 52 -9999 -9999 -9999 -9999 -9999 -9999 -9999 -9999 -9999 -9999 -9999 -9999 -9999 -9999 -9999 -9999 -9999 -9999 -9999 -9999 -9999 -9999 -9999 -9999 -9999 79 80.5 82.5 85.5 87.5 90.5 92.75 94.5 98 100.5 102.25 103.25 104.75 105.75 106 106.75 107.25 107 107.25 107 107 106.25 106 105.5 105 104.25 104.25 103.5 103.25 103 102.25 103 102.25 102 101.5 101.5 101.75 102 102 101.5 101.5 101.5 101.75 102 101.75 101.5 101.5
-9999 -9999 -9999 -9999 -9999 53 52.25 52 52 52 52 -9999 52 52 52.5 53 54 54.5 56.5 58.5 60 -9999 -9999 -9999 -9999 -9999 -9999 -9999 -9999 -9999 -9999 -9999 77 78.5 80 82.5 85.5 87.5 90.5 92.5 94.5 97 98.5 101 103.25 104 105.25 106.5 106.5 107 106.5 106.25 106 106.5 106 106 105.25 104.75 104.25 103.75 103 103 102.25 102 102 101.25 101 101 101 101 101.25 101.25 100.75 101 100.75 100.25 100.5 100.75 100.5 100.5
59 57.5 56.5 55.5 54.5 54 53 52.75 53.25 53.25 53.25 52.75 52.75 53 53 53 53.75 55 56.25 58 60 61.25 63.5 65 67 69 70.25 71.75 72.75 74 76 76 77 76.75 79 82 85 88.25 90.5 92.5 94.5 97.25 98.5 100.25 101.75 103.25 105 106 106 106 105.75 106 106 105.25 105.75 105.25 105 104.75 104 103.75 103 102.75 102 102 100.75 100.75 101 101 100.25 100.5 100.75 100.5 100.25 99.75 99.5 100 99.5 99.25 98.75 98.25
60 59 58.75 57 55.75 54 53.75 53.5 55 54.5 54.5 55 55 53.75 53.5 54 54.75 57 59.5 59.5 61.25 62.25 64 66 68.5 70.25 72 73 74 75 75.75 76.75 77.5 78 80 83 85.25 88 91 93 94.75 96.5 98.5 99.75 101.5 102.5 104.5 105 105 105 105.25 105 105.5 105 104.5 104.75 105 104.5 104 103 103 102.25 102 101.5 100.25 100.25 100.75 100.5 100 99.5 100 99.75 99.75 99 99 98.75 97.25 95.75 94.75 94.25
64 63.25 62 59.75 58.5 57.5 58.75 58.5 58.75 58.5 57.25 58.25 58.25 58 56.75 55.5 55.25 57 59.75 61.5 63.75 66.25 66.5 68 70 71.75 72.75 74.5 75.75 77.5 78.75 79.25 81 80.25 83.25 84.75 87.75 89 91 93.25 95.5 97 98.5 99.75 100.5 101.75 103.75 104.75 105 104.25 104.25 104.25 104.75 104.75 104.5 103.5 104.75 104 103.25 103 102.75 102 101.5 100.75 100.25 100 100.5 100 99 99 98.75 99 98.5 98.25 98 98 97.5 96.75 96.5 96
69.75 69.5 67.5 64.5 63.75 63.75 64.25 68 68.75 67 60.75 62 62 62 59.5 62 59 59.5 61.5 64 68.75 70 70.75 72.5 74.25 75.25 76 77 78 80.25 84.25 82.5 84.5 85.75 88.25 89 89.25 90.25 92 93.5 95.5 97.25 98.5 99.5 100.25 101 102.25 103.25 104.5 104.25 103.75 103.5 104.25 103.75 104 102.75 103.25 103 102.5 102.25 102.25 101.5 100.75 100 100 99.75 99.5 99 98.75 98 97.5 97.75 97.75 97.5 96.5 96.5 97 96.75 96.5 96.25
76.25 76.25 74.5 67.75 71 68.75 68 74.75 77.5 71.25 70 68.75 66 63 61.75 63 64.25 63.5 64 69.5 68.5 71.5 73.75 76.5 77.75 79.75 81.5 80.25 84.5 84.5 86.75 85.75 87 88.75 90 90.75 90.75 91.75 93.25 93.75 95.5 97 98.25 99.5 100 101 101.25 101.5 103 104 103.25 103 103.25 102.75 102.75 102.25 101.5 101.75 101.5 101.5 101.25 101 100.25 100.25 99.5 98.75 98.75 98.75 97.75 97.75 96.5 96.5 96 95.75 95.75 95.25 95.5 95.5 94.5 95
84 81.75 79.25 76 78 74.75 77 78.25 77 75 74.25 71.75 68.75 70.5 66.5 65.75 67.75 71 74 74 76.5 75.25 76.25 80 80 82 81.75 83.75 87.25 88.75 89.25 89.25 90 91.25 92.5 92.75 93 93.5 93.75 93 94.75 97.25 97.75 98.25 98.25 94.75 97.5 96.75 98.5 98 99.5 102 101 100.75 101.25 101.5 100 101 101.5 101.5 101.25 101 100.5 100 98.75 97.75 97.5 97.25 97.25 96.25 95.5 95.5 94.75 94.5 94 93.75 93.75 94 94.25 93.75
86.25 82.75 80.75 80 78 77.75 76.75 76 74 73.5 73.5 74.75 75.25 75 78 72.75 72.25 75.25 80.5 78.25 79 79.25 80.75 83.25 83 83.25 86.5 89.25 89.25 90.75 91.25 91.75 92.5 92.25 93 93.5 93 93.5 92.75 91.25 93 93.5 91.75 91 96.25 91.75 91 90.5 91 90.25 97.25 96.5 89.75 91.5 93.5 93.75 96.75 95.25 97.5 99.75 98.25 98.5 96.5 96 96.75 97.25 96.25 96.25 95 94 94.5 94 92.75 92.75 92.5 92.25 91 92 92.5 91.75
87.5 85.25 83.75 82.5 81.75 80.5 79.5 78.25 76.75 74 74.25 76.75 76.75 78.5 78.5 79.25 79.25 79 79.25 79 80 82.25 84.25 85.75 87 88 88.75 89.75 91.25 92.5 93.5 94 94.5 94.5 94.25 94.75 94.75 93.75 94.25 93 92.75 90.75 86.5 84.5 92 87.75 86.75 82 78.75 85.5 86.5 90.5 81.75 77.25 80.75 86.5 94.25 85.75 92.5 95.25 94.25 89.5 90.25 93 94.75 91.75 94.75 92.5 90.25 87.75 89.25 91.5 90.5 90 90.5 89.5 89.25 89.75 90.5 90
87.25 86 85 83.5 83 82 81 80.25 81.5 79.5 78.25 76 77.75 79.5 79.75 79 81.75 81.5 80.75 81.75 83 84.5 86.25 87.75 89.25 90.25 91.75 92.25 92.5 93.75 94 95.5 96.5 96.75 96.5 97 96.25 94.75 95.75 94.5 94 91 87 87 84.25 86.75 81 80.5 74 73.5 77.75 78.5 81.75 69.5 75 86.25 91.5 84.25 87.75 91 89.75 86.25 77.75 85.25 82.25 84.25 91.75 91 86 82 87.5 90.25 83.5 81 84.5 85.25 86.25 86 88 86.75
89 88 88 86.25 85.5 85.25 83 83.75 83.75 82.25 80.25 80.5 79.5 80.5 82.5 78.75 80.75 81.5 83.25 85.5 87.5 89.25 89.75 90.75 91.5 92 92.5 94 94.75 95.5 96.25 97 97.75 97.25 97 97.25 98.25 97.75 97.75 96.25 96.25 94.5 93.75 91.25 85.75 85 78.75 83.5 82.75 74.25 73.75 78.75 79 72.25 77.5 77 76.25 77.5 81.5 87.75 87.25 82.75 76.5 75.25 74.75 78.75 81.75 81 78.75 84 84.25 83 84.5 85 82.25 79.25 80.75 83.5 83.5 82.5
90.25 90.25 89.5 88.5 87.75 86.75 86 85.75 85.75 84.75 81 82 82.5 83.5 84 82 82.25 82.75 86.75 88.25 89.5 91 91.5 92 93 93.5 94 94.5 96 97 97 98.5 98 97 97.25 97.5 98.25 97.75 96 96.5 97.25 97 95.25 95 93.75 92.25 85.25 83.5 87 80 83 74.25 72.75 78 83.5 72.5 73.75 68.25 74.5 71.5 75.5 80.25 79.75 76.5 76.75 80.25 76.25 76.75 72.5 75 74 74.75 76 78.25 78.5 75.75 75.25 78.5 75 80
91.25 90.5 89.25 88.75 88 88.25 87.25 87.25 86.5 84.25 84.5 84.25 84.5 85 85.5 85 84.5 84.75 86.5 90.25 91.25 92.25 93.5 94.25 94.75 95 95.75 96 96.75 97.5 98.25 99.25 99.25 98.5 98.75 98.75 98.75 99 98.5 97.75 97.25 97.25 97.25 97 96.75 95.5 94 93.25 92.5 87 91 87.5 85.5 88.5 89.25 83.25 78.5 81.75 80.25 72.5 74.5 75.25 73.25 71.25 74.5 85.25 83.75 81 76.25 73.5 76.75 73.75 72.25 75.25 72.25 71.25 74.5 76.75 77.75 80.5
93 92 90.75 90 89.5 89.5 88.5 87.75 87.75 88 88.25 87.75 87.75 87.5 87 86.75 86.75 87.75 88.75 89.25 91.25 92.75 94 95.25 96 96.25 96.75 97 97.25 98.5 98.75 100 100 99.75 100 99.25 99.25 99.5 98.25 98 95.75 95.75 95.75 94.75 95.25 93.75 95 96.5 92.5 90 92.25 93.75 94 97.75 90.25 78.5 84.25 89 84.75 82.75 85 81.75 74.75 73 73.75 82.5 87.5 81 75.75 79 79.25 72 71.25 72.5 75.5 76.75 76.75 75.5 76.5 76.25
95 93.5 92.25 91.5 91.25 90.25 89.5 88.75 88.75 89 89.25 90 90.5 89.75 90.5 91.5 90.75 91 90.75 91.25 93.75 94.75 95.5 97 97.25 97.25 97.75 97.75 98.25 99.75 99.5 100 100 100 100 100 100 99.25 98 96.75 95.75 95.25 96.25 96.75 97 96.5 96 95 93.75 93.5 91 93 97.25 100.5 99 96.75 95 90.75 84 87.25 90.5 87.25 81.75 81.75 79.5 89.25 79 81.25 82.5 84.75 77.75 76.5 77 78.75 80.75 79.75 76 70.75 69.75 71.5
96.25 95 94.25 93.5 92.5 91.75 90.5 90.5 90.5 90.5 90.5 91.5 92.75 91.75 93 93 94 94 92.75 95 96.75 97.25 98.25 98.75 99 99 98.75 97.75 98 98.75 99.75 99.75 99.75 100 100.5 100 100.5 100.25 99.25 98.75 97.75 97.25 97.25 97 95 93.5 92.5 91.75 92 90.25 92.25 93.25 96.25 99.75 100.75 98 95.75 93.25 95 89.25 92.5 89 87.5 90 90.75 85 81 84 88.25 87.25 83.75 81.5 80.75 79.75 76.75 75.25 74.75 75.75 75.5 75.75
98 96.75 95.75 95 93.75 92.75 91.75 91 91 91 91.5 92.5 93.5 94.5 95 95.5 95.5 96.5 96.75 98 98.5 99 100.5 101 101.25 100.75 100.75 99.5 99.5 98.75 100 99.5 100 100 99.75 99.5 99.75 100.5 99.75 99.5 99 98 98.25 98.75 98.5 97.25 96 94.25 93.5 91.75 94 94.25 96 98 101.75 98 101.75 99.25 97.5 93.75 97.25 92.5 90.25 95.75 90.25 81.75 84.25 85 86.75 82.75 78.5 76 76.75 80 80.75 79.25 78.25 79 78.75 78.75
100 98.25 96.75 94.75 93.5 92.75 92.5 92.25 92.5 92.5 93 93.5 94 95 96 96.5 96.75 98 98.25 99 100.25 100.75 101 101.5 102.5 102.5 102 101.5 101.5 100.5 100 100 100 100 100 100 100 100 100 99.5 98.75 98.75 98.5 100 99.25 98.75 98.25 97.5 97 98 99.5 99 99.75 99.5 101.75 101.5 103 99.5 98.25 98 99.25 95.25 98.75 97.75 92.75 87 85.75 89 85.5 78.75 76.75 79.5 78.5 76 80.25 79.75 80 79.5 79.25 78
