layers/wordclim/past/Iberia_miroc_10_ascii/bio_1.asc
ncols         205
nrows         142
xllcorner     -11.010633712694
yllcorner     33.273793250999
cellsize      0.083333333333334
NODATA_value  -9999
[rows 0 to 33 of 142, columns 77 to 153 of 205]
-9999 -9999 -9999 -9999 -9999 -9999 -9999 -9999 -9999 -9999 -9999 -9999 -9999 -9999 -9999 -9999 -9999 -9999 -9999 -9999 -9999 -9999 -9999 -9999 -9999 -9999 117.5 110 107.5 108.5 112 113.5 113 113 112 111 110 109.5 108 106.5 105 104 104 103 102.5 103.5 104 103 102.5 102.5 101 101.5 102 103.5 102.5 101 101 100.5 101.5 102 100 98.5 99 96 96 96.5 96 98.5 102 101.5 101 98 97.5 96 98.5 98.5 94
-9999 -9999 -9999 -9999 -9999 -9999 -9999 -9999 -9999 -9999 -9999 -9999 -9999 -9999 -9999 -9999 -9999 -9999 -9999 -9999 -9999 -9999 -9999 -9999 -9999 -9999 -9999 115.5 112.25 109 110.5 113 113.5 113 112.75 112.25 111 110 108.75 107.75 105 104 103.75 103.25 103 103 103.25 104 104 103.5 102.75 103.25 104.25 103.25 103.25 102.5 102.25 102.5 101.75 100.75 99.25 98.75 97.5 98.5 97.25 98 99 101.5 102 99 98 97.5 96.75 97.75 103 104.5 100.75
-9999 -9999 -9999 -9999 -9999 -9999 -9999 -9999 -9999 -9999 -9999 -9999 -9999 -9999 -9999 -9999 -9999 -9999 -9999 -9999 -9999 -9999 -9999 -9999 -9999 -9999 -9999 -9999 121 114 111.5 112 112.75 112.75 113.5 113.25 112 111 110 109.25 106 105.25 104.5 103.75 102.75 103 103.5 104.5 104.5 104.25 104.5 104.5 104 102 101.25 102.75 102.75 102.25 102 102.25 101.25 100.75 101.25 100.25 100.25 101.75 102.75 102 100.75 99.5 102.25 102 103.25 101.25 104 102.5 105.25
-9999 -9999 -9999 -9999 -9999 -9999 -9999 -9999 -9999 -9999 -9999 -9999 -9999 -9999 -9999 -9999 -9999 -9999 -9999 -9999 -9999 -9999 -9999 -9999 -9999 -9999 -9999 -9999 -9999 -9999 115.5 111.75 111.75 112.75 114.25 114.5 113.5 112.5 111 111 105.75 105.75 104.75 104.25 103 103.25 103 104.5 104.5 102 102 103 103.5 104.75 104.25 103.75 103.5 103.5 104.75 104.75 104.25 104.25 103.25 103 103 101.75 103 103.75 103 104.25 105.25 105.25 103 104.5 101 97.25 96.75
-9999 -9999 -9999 -9999 -9999 -9999 -9999 -9999 -9999 -9999 -9999 -9999 -9999 -9999 -9999 -9999 -9999 -9999 -9999 -9999 -9999 -9999 -9999 -9999 -9999 -9999 -9999 -9999 -9999 -9999 120.5 115.75 113.5 113.75 115.25 115.5 114 112.75 111 109.25 106.75 106.5 105.5 104.5 103.75 103 103.5 103.75 105.25 103.5 101.75 102 102.75 102.5 102.5 101.75 101.75 101.5 101 101 101 101.5 101.75 101.5 101.25 100.25 100 100.75 100 103 104 103.75 99 99.25 99.25 97.75 97.5
-9999 -9999 -9999 -9999 -9999 -9999 -9999 -9999 -9999 -9999 -9999 -9999 -9999 -9999 -9999 -9999 -9999 -9999 -9999 -9999 -9999 -9999 -9999 -9999 -9999 -9999 -9999 -9999 -9999 -9999 -9999 120.75 116.5 115.5 116.5 116.25 115 113.5 111.75 109.5 107.75 108.25 107.75 106.5 105 104 103 103.25 104.25 105 105 103.5 102.75 103.25 103.25 103 103.5 103.25 102.75 103.25 103 103.5 103.5 103.75 102 99.75 97.75 98.25 97.75 99.75 101.75 101 99 96 96.25 96.25 98.25
-9999 -9999 -9999 -9999 -9999 -9999 -9999 -9999 -9999 -9999 -9999 -9999 -9999 -9999 -9999 -9999 -9999 -9999 -9999 -9999 -9999 -9999 -9999 -9999 -9999 -9999 -9999 -9999 -9999 -9999 -9999 123 119.75 119 118 117.5 116.5 114.75 113 110.5 107.25 107.5 107.5 107 105.75 103.75 103 103.75 103.75 103.75 105.5 105.25 104 104.5 104.25 103.75 102.75 102.75 103.5 103.5 103 102.5 102.25 102.25 102.25 100.75 100.25 100.25 99.75 101.25 100 99.5 97.5 97.75 97.5 98.5 101.5
-9999 -9999 -9999 -9999 -9999 -9999 -9999 -9999 -9999 -9999 -9999 -9999 -9999 -9999 -9999 -9999 -9999 -9999 -9999 -9999 -9999 -9999 -9999 -9999 -9999 -9999 -9999 -9999 -9999 -9999 -9999 125 123.75 121.75 120.5 119.25 117.5 116 114.5 111.5 107.75 108 107.25 106.5 106.25 105.75 104.25 104 103.75 104.5 104.5 103.25 103.25 103.25 103.5 105.25 106 105.25 104.25 103.25 103.25 102.5 102 103 104 103.75 106 104.5 105 105.5 103.75 104.75 103 102.5 102.75 103 102.25
-9999 -9999 -9999 -9999 -9999 -9999 -9999 -9999 -9999 -9999 -9999 -9999 -9999 -9999 -9999 -9999 -9999 -9999 -9999 -9999 -9999 -9999 -9999 -9999 -9999 -9999 -9999 -9999 -9999 -9999 -9999 -9999 125.25 123.25 121.5 120.25 118.5 116.5 114.5 111.5 108.25 108.25 107.5 107 106.5 106.25 105.5 104.75 104 104.5 104.5 102.5 102.25 102 101.75 101.75 104.25 105.75 106.25 103.75 103.5 105.25 105.5 105 104.75 105.5 104 100.75 100.75 100.75 100 100.75 103.75 103.75 101 102.75 101
-9999 -9999 -9999 -9999 -9999 -9999 -9999 -9999 -9999 -9999 -9999 -9999 -9999 -9999 -9999 -9999 -9999 -9999 -9999 -9999 -9999 -9999 -9999 -9999 -9999 -9999 -9999 -9999 -9999 -9999 -9999 -9999 125.5 123.5 122.25 120.75 119 117 115.25 112 109.25 109.25 108 106.75 106 106 105.5 105 104 103.75 103 103.5 103.25 101.5 100.5 102.25 102.5 103.5 106.5 105.25 104.5 102.5 100.75 100.75 102.5 101.75 101.25 100 101.25 102.5 102.25 101.5 101.5 102.25 101 100 98
-9999 -9999 -9999 -9999 -9999 -9999 -9999 -9999 -9999 -9999 -9999 -9999 -9999 -9999 -9999 -9999 -9999 -9999 -9999 -9999 -9999 -9999 -9999 -9999 -9999 -9999 -9999 -9999 -9999 -9999 -9999 128.5 126 124 122.5 121.5 119.75 118.5 116.5 112.5 110.5 109.75 108.25 107 106.5 106.5 105.25 104 104 103 102.75 102.25 102.5 102.25 101.75 102.75 102.25 101.25 104.25 104.5 104 104.25 102.5 102.25 102.5 102.25 102 103 105.25 104.5 104 105.25 104.75 104.5 104.75 100.25 100.75
-9999 -9999 -9999 -9999 -9999 -9999 -9999 -9999 -9999 -9999 -9999 -9999 -9999 -9999 -9999 -9999 -9999 -9999 -9999 -9999 -9999 -9999 -9999 -9999 -9999 -9999 -9999 -9999 -9999 -9999 -9999 129.5 126.75 124 122.5 122 120.5 118.5 117.5 111.5 110.25 109.5 108.25 107 106 106.25 105.75 104.75 104.25 103.25 103.5 102.75 102 101.25 101.5 101 102 102 104 102.5 103.75 104 106 106.25 105.25 104.75 105.75 105.5 105.5 106.5 107 106.5 107.5 108.25 106.25 102 103.25
-9999 -9999 -9999 -9999 -9999 -9999 -9999 -9999 -9999 -9999 -9999 -9999 -9999 -9999 -9999 -9999 -9999 -9999 -9999 -9999 -9999 -9999 -9999 -9999 -9999 -9999 -9999 -9999 -9999 -9999 -9999 129.5 126.5 124.5 123 122.5 121.25 119.5 116.5 112.5 111.5 109.75 108.75 107.25 107 107 105.75 105.25 105.75 104.75 104.5 104.75 103.75 102.75 101.25 101.5 102.5 102.75 104.5 104 104 102.5 104.5 104.5 104.75 107 107.25 107.25 108.5 109 108.5 108.5 109.75 109.75 108 103.25 100
-9999 -9999 -9999 -9999 -9999 -9999 -9999 -9999 -9999 -9999 -9999 -9999 -9999 -9999 -9999 -9999 -9999 -9999 -9999 -9999 -9999 -9999 -9999 -9999 -9999 -9999 -9999 -9999 -9999 -9999 -9999 129.5 125.75 124.75 123.75 123 121.5 118.75 115.5 113 112 110.5 109 108 108 107.75 106.75 106.75 106.5 105.75 105.25 104.5 104 102.5 102 102.75 103 104.5 104.5 104 102.75 103 104.5 103.5 104.5 104 104.5 106.25 108.25 108.75 109.25 108.75 107.25 106.25 105.75 104 104.75
-9999 -9999 -9999 -9999 -9999 -9999 -9999 -9999 -9999 -9999 -9999 -9999 -9999 -9999 -9999 -9999 -9999 -9999 -9999 -9999 -9999 -9999 -9999 -9999 -9999 -9999 -9999 -9999 -9999 -9999 -9999 131.3333 128.5 126.75 125.75 124.25 121.75 119.5 115.25 113.75 112 110.25 109.25 109 109.25 109.5 109.5 108.75 108 106.75 106 105.5 105.25 104.25 103.75 103 103.5 104 104.5 104.75 102.5 103.25 105 102.75 103.75 101 103.25 104.5 105.25 108.75 108.25 109 108.5 107.25 107 106.5 106.25
-9999 -9999 -9999 -9999 -9999 -9999 -9999 -9999 -9999 -9999 -9999 -9999 -9999 -9999 -9999 -9999 -9999 -9999 -9999 -9999 -9999 -9999 -9999 -9999 -9999 -9999 -9999 -9999 -9999 -9999 -9999 -9999 132 131 129.5 126.25 123 120 115.75 114.25 112.25 111 110.25 110.75 111.75 110.75 108.75 108.25 107.5 107.25 106.5 105.5 105.25 105.5 104.5 103.5 102.75 103.25 104.25 104 103.75 103.5 105.5 105 104.5 104.25 105 102 104 107.25 108 106.5 108.5 109.25 107.5 109.5 110.5
-9999 -9999 -9999 -9999 -9999 -9999 -9999 -9999 -9999 -9999 -9999 -9999 -9999 -9999 -9999 -9999 -9999 -9999 -9999 -9999 -9999 -9999 -9999 -9999 -9999 -9999 -9999 -9999 -9999 -9999 -9999 -9999 -9999 -9999 132 130 124.75 119.75 116.75 115.25 114.25 113.5 113.25 113.25 111.75 110.75 110.5 109.75 108.25 107.75 107 107 105.5 105.5 105.25 104.25 102.75 102.5 104.25 103.75 103.25 103 105 103.25 104 105.25 104.5 102 103 106 108 108.5 106.5 107.5 109.25 109.75 110.5
134 -9999 -9999 -9999 -9999 -9999 -9999 -9999 -9999 -9999 135 -9999 -9999 -9999 -9999 -9999 -9999 -9999 -9999 -9999 -9999 -9999 -9999 -9999 -9999 -9999 -9999 -9999 -9999 -9999 -9999 -9999 -9999 -9999 -9999 -9999 128.5 120.5 117 115.5 115.5 115 114 113.5 112.25 111 109.5 107.75 107.25 106.75 105.5 104.25 107.25 106.75 106 104.75 103.25 102.25 103.25 104.5 102.25 101.75 104.25 103.25 104.5 104.75 104.5 103.75 104.75 104.75 105.5 107.75 108 107.5 107.75 107.25 108.25
-9999 -9999 -9999 -9999 -9999 -9999 -9999 -9999 134 131.5 130.25 130 132.5 134 -9999 135 131 128.5 129.5 130.5 131.5 131 131.5 134 -9999 -9999 -9999 -9999 -9999 -9999 -9999 -9999 -9999 -9999 -9999 132 125.75 118.5 117 116 115.75 114 113.25 112.5 111 110.75 110.5 108 107.5 105 105.5 103.75 105.5 104.25 104.75 105.5 103.75 101 102.75 103.25 102.5 103.5 103 102.25 104 104.25 104 105.5 102.75 104 106 107.25 108.25 108 107.25 107 108
134 132 132 132 132.25 129.25 129.75 128.5 126.25 125.25 125 121.75 121.75 123.75 128 129.25 128.25 127.5 127 126.75 127.75 127.25 126 127.25 132 135.75 136 134.25 134.25 134.25 133.75 134.5 136 136 133.6667 129.75 121 119 117.75 118 115.5 115.5 115.25 113.5 111.5 110.5 109.25 108 106.75 106 104 102.25 102.75 102 102.5 104.5 105 103 102 103 102.75 102.5 102.5 102 102.5 103.75 105.75 103.75 101.5 104.75 107 108 105.5 108.5 108 107.5 107.25
124.25 125.5 127.25 126.75 125.5 122.5 123.25 121.75 122.75 122.25 121.75 117.25 119 120.75 120.25 119.75 124.25 126.75 125.75 120.75 116.5 114.25 120.5 122.75 126.75 130 131.5 130.25 129.5 129.5 130.25 130.25 129.5 126.75 125.5 122.5 119 118.25 115.5 115.5 114.25 113.25 114.25 112.5 109.25 109 109.25 109.25 106.5 105.75 102.75 101 99 100 100.25 103.25 103.5 102.5 101 102 102.5 101.75 101 101.5 103.25 104.25 104.25 101.75 102.75 105.5 106.5 106.75 107.25 106.5 108.25 109.5 107.75
116.25 117 117.75 116.75 116.75 116 118.25 119 118.5 112.25 111.75 109 110 114.25 109.5 110.25 111.75 116.75 119.75 120.5 119.5 117 117.75 116 115.75 122 126 128.25 127 127.25 126 126 120.25 118.75 116.5 113 118 112.25 112 107.25 109.5 110.5 113.5 111.5 110.75 109.5 105.75 106.75 107.75 106.5 104.75 101 98 96 97.25 101.25 102.25 103 99.5 100.5 101 100 99.25 101.5 102.75 101.25 101.25 101.25 104 106 105.75 104.25 107.25 106.5 106.75 107.25 108.5
90.75 101.75 102.75 105.25 103.5 105.75 110.75 109.75 107.5 104 91.75 88.5 91.75 108 105.5 105 105.25 111.75 106.75 115.25 117.5 118 116.25 107.5 108.75 112 114.25 116.25 118 120.75 121.25 121 114.5 101.5 113.25 108 104.5 95.75 98.75 104.25 106.75 108 109 106.75 107.75 105.5 106.75 104 102.5 103 103 103 99.5 94.75 95 99.5 98.5 101.5 96 97.75 96.75 96.5 98.5 99.75 99.25 99.75 101.25 103.5 105.5 105.5 103.25 105.25 104 107 108 107 106
79 69.5 87.5 92.5 89.5 91.5 108.25 95.5 100.25 99.25 77.75 65.5 85.75 89.25 92 99.75 108 111.25 110.25 109.5 112.5 115.5 106.5 115.25 111.25 110 105.75 110.25 107.75 105 116 101 103 93.5 105 105.25 100.75 95 93.75 101.75 107.25 98.25 91 99.5 101.75 100.25 100.75 103.25 100.5 98.25 97.75 100.5 99.25 94.25 93 95.5 94.25 95.75 93 90.75 89.5 91.75 94.25 96.25 97.75 98.5 101 100 101.5 101.25 104 104 104.25 103.5 106.25 107 105.25
83.75 68.25 59.5 62 72.25 79.25 87 79.5 86.5 77.75 71.5 75.5 80 82.75 90.75 98.75 94 106 109.75 107 100 94.75 99.75 95 106 110.75 101.5 105.5 107 115 109.5 96.25 85.5 88.25 94.75 92.25 86.75 86.75 84.5 82.5 85.25 83 67.75 81.75 97.75 92.5 90.75 87.25 67.25 80.75 76.75 82 76.25 79.25 88.5 85.25 84.75 87.75 91.25 85.75 89 91.5 94.75 96.25 99 99.25 101.5 99 96.5 96 96.5 101 100.75 99.75 104 104.5 104.75
58.75 62 41.5 57.75 78.25 82 81.5 84 83.25 84.25 85.75 90.5 91.5 92.25 89.5 88.25 89.25 80.25 98 102.5 96 80.75 93.5 96 97.75 97.25 91 102.75 108.75 96.25 75.5 91.75 90.25 91.25 92.5 87.25 76 73 73 66.75 68.75 63.75 55 66.25 68.75 55 51.75 74.5 54.5 52 52 53.75 51 71.25 68.5 46.75 53 59.5 63.25 72.75 68.25 76.75 87.25 84 86.75 82 83.25 90 97.25 94.25 92.25 93.25 90 95 98.75 95.75 100.25
68.25 71 61.25 66 75 78.5 78.75 78.75 81.5 81.25 85.5 88.25 95.75 94.75 86.75 86.25 84.75 87 85.5 88 93.25 94.75 100.25 101.25 98.25 94.75 89 84.75 92.75 96.25 96.25 85.75 91.5 96.5 93.5 92.5 89.5 83.5 74.75 73.25 67.25 69.25 62.25 60 53.5 33.5 24 54 39.75 37 22 12.75 35.5 36.75 50.5 23.5 10.5 21.75 39.5 64.75 38.5 59.25 71.5 68.25 54.5 59.5 72.25 81.25 73.25 86.75 77 70.25 62.5 73 88.75 84.5 86.75
70.25 77 80 81.75 81.75 80.25 85 83 84.25 85 85.25 79 85.25 89.25 97.5 92.5 86 88.5 95.75 88 91.75 99.75 100 100.75 98.75 96 92.25 83 83.75 79.5 75 71.25 84.5 100 103.75 100.75 93.25 89.75 89 78.75 70.5 74.5 68.5 66 51.75 35.75 33.5 24.75 34.5 16.25 15.5 -2.75 -2.25 11 14 24.25 -9.5 7 40 57.75 34.5 45.25 57.25 55 45.25 18 44.75 37 47.25 75.75 71.5 55.75 41.5 68.25 85.75 55 45
76.5 81.75 79.5 83.75 82.5 78.25 80.5 81.25 77.75 83.5 78.75 75.5 82.5 90 88 94.5 90.5 86.25 102.25 98.5 102 99.25 96.25 91 83 89.25 83.75 83.25 86.5 89.5 87.75 97.25 96 100 96.75 102 96 92.75 96.25 93 86.25 85.5 77 76 66.75 64.5 51.25 29.25 27.25 7.5 27.25 24.75 -0.25 -2.25 14.25 17.5 -1.5 15.5 15 12.5 14.75 26.25 47.25 47 34.25 15.25 11 10.5 27.25 36 35 27.25 52.25 56.75 52.75 63.75 69
81.75 84.5 87 85.75 79.25 78 79.5 80.5 81.5 79.75 79.25 76.25 81 96.25 92.25 90.75 88.5 89.5 99.5 102.5 104.75 95 92.5 91.5 91 93 94.25 95 99.75 101.75 103.25 104.25 104.5 107.25 99.75 91.25 82.75 84.75 91.5 98.25 86 73.75 77.75 81.25 81.5 71.25 68.75 60.5 55.5 30.5 26 39.75 18 27.75 0 -3.5 16.25 32.25 2.25 6 -12.75 5.75 -5.25 10 25.75 26.5 16.25 19.75 34 15 18 0.75 13 10 15.5 24 36.25
86.5 87.25 90.25 90 88.5 87.5 85.25 83.5 79 80 78.5 83.25 89.75 91 91.75 91.75 91 91.75 97.75 103.5 105.75 103.5 94.25 92.75 95.75 94.75 96 101.25 105.75 104.5 104.75 108.5 111 109.75 102.25 98.75 87.5 93.75 99.5 102 98.75 90.5 91 85.75 89.25 85.5 79.75 75.75 70 63.5 60.75 60.75 41 54 41.25 36.75 48.5 51 34 21.5 30.25 25.5 1.25 8.75 10.75 4 -2.5 10.25 52.25 46.5 38.25 19.25 9 26.5 12 5.25 23.5
91 91 91.5 91.5 92 91.25 90.5 86 81.75 83.25 82.75 83.75 83.75 80.25 85.75 87.5 90.25 94.5 99.75 103 103 105.25 109 108.75 109.25 109.75 110.75 110.5 110.25 109.25 110.75 111.5 111.5 112.5 108.25 106 97.5 98.25 100.5 92.75 93 90.5 85.75 75.5 75.5 80 70.75 70.75 63.75 69.75 75.5 61.25 51.25 58.25 63.75 63.5 78.75 55.25 19.75 38.5 52.5 39.5 37 46 36.5 12.5 5.75 9.25 41.75 62.25 39.75 18.25 37 39.25 3.5 -0.5 9.75
94.25 94.75 95.25 94.75 94.25 94 91.5 87 86 85 86.25 83.75 82 82.75 80.5 82.75 87.5 87.25 87.5 95.75 97.75 104.5 106 100 106.25 109.5 110.25 111.75 113.75 113.5 113.5 113.75 111 113 110.75 111.25 107.25 105.5 106.5 99.25 87.75 81.5 77.25 70.75 71 80.75 83.25 82.75 79.25 79.5 76.75 67.25 65.75 54.25 60.5 76.5 89 84.25 78.25 72 58.25 39 52.25 63.25 55.25 38.25 41.5 35.25 71.25 32.5 42.75 52 64.75 35 29.5 36.5 50.5
97 96.75 96.75 97 96.5 94.5 89.5 88.5 88.75 89.25 86.5 84.25 82.25 80.25 74.25 73.25 78.75 72.75 78 76 86 98.75 91.25 75.75 93.25 91.5 95.25 100 102.75 107.75 114.25 116.25 113.25 115.25 115 113.25 111 108.75 109.5 104.5 97 92 87.75 85.75 82.75 88 84.25 71.75 64 60.75 60.25 60.25 56.25 60 63 73.25 86.5 90.25 82 75.25 65.25 73.25 57.5 70.75 62.25 60.75 72 76.5 57.5 44.25 60.75 83.5 83 67.75 60 59 58.75
