layers/wordclim/past/Iberia_miroc_10_ascii/bio_07.asc
ncols         205
nrows         142
xllcorner     -11.010633712694
yllcorner     33.273793250999
cellsize      0.083333333333334
NODATA_value  -9999
[rows 68 to 101 of 142, columns 77 to 153 of 205]
310.25 309.25 310 311.5 312.25 311.25 310.75 311 310.25 310.75 310.25 310 308.75 307.25 307.5 306.75 305.75 305.5 304.25 303 302.75 303.5 303 302.25 301.75 301 299.75 298.75 299.75 296.75 295.75 293 290.5 287.5 286 282.25 276.75 272.5 270.5 266.75 264 262 259.75 257.75 254.25 246 237.75 232 225.75 220.5 217.25 217.5 219 220.25 221 221.5 220 -9999 -9999 -9999 -9999 -9999 -9999 -9999 -9999 -9999 -9999 -9999 -9999 -9999 -9999 -9999 -9999 -9999 -9999 -9999 -9999
311.5 312 311.75 313 312.5 312.25 312.5 312.75 313 312.75 311.75 311.25 310.5 309.25 308 306.75 306.75 305.75 304.25 303.5 303 303.5 303 302.25 301.5 300.25 299 297.25 296.5 295.75 293 291.25 289 286.75 284.75 281.75 279 274.5 269.75 265.75 263.25 261.5 260.25 258 251.25 247.25 240.75 233.25 229.5 224.25 221 221.25 222.25 222.75 223.5 223.75 -9999 -9999 -9999 -9999 -9999 -9999 -9999 -9999 -9999 -9999 -9999 -9999 -9999 -9999 -9999 -9999 -9999 -9999 -9999 -9999 -9999
312.75 313.25 314 314.5 314.5 314.25 314.5 315.25 315 314 313.5 312.75 310.25 309 309 308.25 307.25 306 306 304.75 303.5 303.75 303 302.25 301 299.25 298.5 296.5 296 294.5 292.25 291.25 287.75 285 283.25 281 278 276.25 272.5 269.25 268 262.25 257.75 256.5 253.75 248.75 246.75 237.75 230.75 226 225.25 224.75 226 225.75 226.75 226.75 226 -9999 -9999 -9999 -9999 -9999 -9999 -9999 -9999 -9999 -9999 -9999 -9999 -9999 -9999 -9999 -9999 -9999 -9999 -9999 -9999
314.25 314.75 315.25 316 315.25 316.5 316 316.5 315.5 314.25 313.25 311.25 310.25 310.75 309.75 308.5 307.25 306.75 305.75 305.25 304.75 303.25 302.75 302.25 301.5 300.75 298.75 297.75 295.75 294.5 292.5 289.75 288 285 283.75 279.75 277.75 275.25 273.75 272.25 269.75 265.5 259.25 260.75 258 249.25 243.25 239.5 232 229.5 229.75 229.25 229.25 230.5 230 230.5 229 -9999 -9999 -9999 -9999 -9999 -9999 -9999 -9999 -9999 -9999 -9999 -9999 -9999 -9999 218 217.6667 218 217.25 216.6667 216
315 315.75 315.75 315.25 314.5 317.25 318 317.25 316.5 314.5 313 312.25 311.25 310.75 309.75 309 307.75 306.75 306.25 305 305.25 305 304 302.75 302 300.75 299.5 297.75 296.5 293.75 291.75 289.5 287.75 285.5 283.75 282 279.75 278.25 276.5 274.75 274 267.5 262.5 263.75 258.25 250.75 246.75 240.75 235.75 233.75 236 235.5 233.25 233.25 233 233.25 232.5 231.6667 230 -9999 -9999 -9999 -9999 -9999 -9999 -9999 -9999 -9999 -9999 -9999 219.3333 221.75 221.25 221.5 219.75 218.75 217
316.25 317 316 316.5 317 317.75 317.25 318.5 317.75 315.25 313.25 312.5 312.5 311.5 310 309.75 308.5 307 307 306 306 304.75 304.5 303.5 302 301.25 299.25 298 296 293.25 291.25 289.5 286.75 285.25 285.5 285 282.5 280.25 277.75 275 271.75 269.5 265.75 265.25 260.5 255.25 248.75 244.75 240.25 239 241.75 243.75 237.75 237 236.75 237.5 237.5 235.75 233 231 -9999 -9999 -9999 -9999 -9999 -9999 -9999 -9999 218.3333 219.25 221 222.5 221.5 220.5 219.5 218.25 217
317.25 317 316.75 316.25 318.25 318 318 317.5 316.5 315 313.75 313.25 312.75 311.75 310.25 308.75 308 308 308 307.75 306.5 305.25 304 304 303 301.5 299.5 299 297 293.75 291.25 289.5 287.75 286.25 286.5 285 283.25 281.25 278 275 272.25 269.25 267.25 266.5 262.75 256.75 252.5 248.5 245.5 242.5 242.25 243.25 241.5 240.25 240.5 241.5 241.75 240.5 237.25 233.5 231 -9999 -9999 -9999 -9999 -9999 -9999 218 219.5 221.25 222.25 221.5 220.25 219.25 217.5 216.3333 -9999
317 317.25 317.25 317.25 317 317.75 318.5 316.5 316.25 315 314.5 314 313.5 312.5 310 309.25 308 307 306.25 307 306 305 304 303.25 302 301.25 299 298.25 296 293.5 291 289.25 288 287 286.25 285.5 283 280.75 278.25 275 272.5 270.5 267.5 265.25 260.75 258.75 257.75 252.25 250.25 249.5 247.5 248.25 248 244.75 244.5 244 245.5 243 239.5 235.5 231.3333 -9999 -9999 -9999 -9999 -9999 -9999 -9999 218.25 220.75 220 219.25 220 219 217 215 -9999
316.5 316.75 317.25 318.5 318 317.5 316 316.75 315.5 314.75 314.25 313.75 311.75 310.25 309 308.75 308.25 306.75 306 306.75 306 304.25 303.75 302.5 300.75 299.5 298.25 298.5 297 295 292.75 291 289 287 285.75 284.75 283.5 280.5 278.25 275 273 271.5 268.75 265.5 263 262 259.75 258.75 257.75 254.25 250.5 251.75 251.25 248.75 246.25 245.5 244.75 243.25 240.25 235.25 -9999 -9999 -9999 -9999 -9999 -9999 -9999 -9999 217.75 218.5 219.25 218.25 220 218.5 215.25 -9999 -9999
316.25 316.5 317.5 317.25 317.25 316.25 316.75 316.25 316 314.75 314 312.75 311 309.5 308.75 308.5 307.75 307 305.75 306.25 306 303.5 302 299.75 299 299.5 299 299.25 298.5 295.75 292.5 291.25 288.25 286.5 285 283.5 280.75 279.25 278.5 275.75 272.5 271 269 264.5 263.5 261 262.25 260.5 258.75 256.5 254.75 254 251.25 248 247.25 244.25 242.25 238 -9999 235.5 232.5 229 -9999 -9999 -9999 -9999 -9999 -9999 217.25 218.25 218.5 218.5 218.75 219.5 215.25 -9999 -9999
316.75 317 317.25 317.25 316.25 315.75 315.75 315.5 313.25 314 312.75 310.75 310.5 310.25 308.75 307.75 307.5 306.5 305 304 303.75 300.75 300.25 299.75 301.25 301 300 298 296.25 293.5 291.75 288.75 286.75 284.75 283.5 281.5 280.25 278.5 277 276.25 273.75 271.75 268.75 266.5 263 263 262 258.75 259 257 254.5 250 249 246.25 243.5 240.3333 238 236.5 236.25 234.5 230.75 228.5 -9999 -9999 -9999 -9999 -9999 -9999 217 217.5 218.75 217.25 216.5 216 214 -9999 -9999
316 317.25 317.25 316 316.25 315.25 314.25 312.5 313.5 313.25 313 311.5 310.25 309.25 308.25 307.75 305.75 304.25 304 303.75 301 298.25 298.25 300.5 301.5 299.5 298.75 297.25 294.5 292.75 289 286.25 284.75 282.75 281.25 280 280.5 279.25 277 275.25 273.25 272.5 270.75 267.75 264.25 262 262.5 259.5 255.5 251.5 250.5 244.75 241.25 241.5 241.25 236.25 236.75 236.5 235.25 232.75 229.25 226 -9999 -9999 -9999 -9999 -9999 -9999 -9999 215 216 214 213 -9999 -9999 -9999 -9999
316 316.25 315.5 315.25 315.25 315 313.5 310.75 312.75 312.25 312.25 312.5 310 309.25 306.5 304.25 302.75 303 302 299.75 297.75 297.25 299.25 296.75 297.5 299.5 296.75 293 290 288 286 285 281.5 281.5 279.5 279 278.5 277.5 276.25 275 273.75 272.75 271 268 264.75 260.25 258.75 254.25 250.5 247 243.75 240.25 238 237.5 237 236 235.25 234.25 232.5 230.5 226.3333 -9999 -9999 -9999 -9999 -9999 -9999 -9999 -9999 -9999 -9999 -9999 -9999 -9999 -9999 -9999 -9999
316.25 314.25 314.25 313.25 311.5 312 310.75 308.5 308.75 308.25 307.75 307.25 306 303 302 299.5 300.75 300.5 300.5 296.5 296 297.5 295.75 299.25 300 298 294.5 292 289.5 289.25 288 284.75 281.75 280 277 278.5 277.5 275.75 276 273.75 272.25 272.5 270.5 268.75 264.75 259.75 256.5 252.25 247.75 244 242.25 237.75 236.5 236 236.25 234.75 233 232 229 227 -9999 -9999 -9999 -9999 -9999 -9999 -9999 -9999 -9999 -9999 -9999 -9999 -9999 -9999 -9999 -9999 -9999
313.5 314 312.75 312.75 309.5 310.75 308.5 304.75 306.25 303.75 300.75 300.5 299.75 296.5 295.5 297.75 299.5 299.25 295.25 294.5 299.25 300.5 297 301 299.75 294.5 296.5 292.5 292.5 291.5 289.75 286.5 282 278 275 276.5 275.25 273.25 274.25 274.75 272.75 271.5 269.75 267.75 263.5 258 253 250 246.75 243.25 238.5 238 234.75 233 234.5 232.75 230.75 227 228 -9999 -9999 -9999 -9999 -9999 -9999 -9999 -9999 -9999 -9999 -9999 -9999 -9999 -9999 -9999 -9999 -9999 -9999
311.75 308.5 308.75 309.5 306.5 303.25 302 303 301.5 297 295.5 297 293 292.25 295.25 295.5 293.25 294.25 296.5 296.75 299.75 296.5 297.5 299.75 299 296.25 295.5 293 291.75 291.75 289.25 286.25 280.5 276.75 275.25 275.25 275 276.75 274.5 274 272.5 270.25 267.75 264 259.25 254.5 251.25 248.75 245.25 242.75 237.5 236.75 234.5 230.75 231.5 230 228 225 -9999 -9999 -9999 -9999 -9999 -9999 -9999 -9999 -9999 -9999 -9999 -9999 -9999 -9999 -9999 -9999 -9999 -9999 -9999
307.25 303.5 302.25 301.5 298 297.5 297.5 296.25 293.5 293.5 291.75 292 290 292.75 295 295.25 293.75 293 291.75 298.75 303 295.5 301.75 301.25 299 298.75 298 296.5 293 289.5 285.25 283 279 276 275.25 274.25 275.5 274.5 273 272 272.75 270.75 266.75 263.5 258.75 255 251 247.25 241.25 237 -9999 232 231 229.5 -9999 -9999 -9999 -9999 -9999 -9999 -9999 -9999 -9999 -9999 -9999 -9999 -9999 -9999 -9999 -9999 -9999 -9999 -9999 -9999 -9999 -9999 -9999
301.5 297.75 297.5 294 292.75 294 291.5 290.5 290.25 288 288 287.5 292.5 296.75 294.5 292.75 289.75 286.75 290.5 298.75 296.75 301.25 303 301.25 299.75 295.75 293.25 289.5 288.75 285.75 284 280.25 278.75 278.5 276 273.25 271.25 271.5 271.75 271.75 272.25 270 265.75 263.25 260 254.5 249 245.75 240 -9999 -9999 -9999 -9999 -9999 -9999 -9999 -9999 -9999 -9999 -9999 -9999 -9999 -9999 -9999 -9999 -9999 -9999 -9999 -9999 -9999 -9999 -9999 -9999 -9999 -9999 -9999 -9999
297.5 295 295.75 294.25 292.5 293.75 291.75 288.25 289 286.75 287.25 287 287 285 284.75 284.75 284 287 291.75 299 302.25 303.25 301.5 295.75 295.5 292 286.75 287 287.25 284.75 281 279 276 276.25 278 272 272.25 269.5 269 268.25 268.75 267.25 264.75 262.5 258.25 252.5 247 243.5 239.25 231 -9999 226 -9999 -9999 -9999 -9999 -9999 -9999 -9999 -9999 -9999 -9999 -9999 -9999 -9999 -9999 -9999 -9999 -9999 -9999 -9999 -9999 -9999 -9999 -9999 -9999 -9999
296 293.5 292.75 291.5 290.5 290.25 290.25 289 289.25 286.75 288 292.75 295.5 294 296.5 288.25 284 287.25 296.75 304.25 301 297.25 295 290.75 289 287.75 285.25 285.5 284.5 282.5 277.25 275.25 271 271.5 271 271.5 270 263.75 263.5 267 266 263.25 260.25 257.25 252.25 247.5 244.5 240.75 237 230.75 228 225.5 -9999 -9999 -9999 -9999 -9999 -9999 -9999 -9999 -9999 -9999 -9999 -9999 -9999 -9999 -9999 -9999 -9999 -9999 -9999 -9999 -9999 -9999 -9999 -9999 -9999
290.5 289.5 291.25 288.5 288 288.75 290 294.75 301.25 292.75 290 300.75 306.75 306.75 301 293.75 292.75 285 291 297 292.5 288.75 287 283.5 283 283 282.25 283 281.75 280.25 279 273 265.25 264 263.25 265 259.75 258.75 259.25 260.5 260.25 257.75 254.25 251 247.75 243.5 240.25 237.5 234.25 229.5 226.25 222.5 -9999 -9999 -9999 -9999 -9999 -9999 -9999 -9999 -9999 -9999 -9999 -9999 -9999 -9999 -9999 -9999 -9999 -9999 -9999 -9999 -9999 -9999 -9999 -9999 -9999
288 286.75 286 287 286 287.5 289.5 293.75 301.75 302.5 302.5 300.5 301.5 304 300.5 300.25 296.75 293.5 287 288.25 288.25 283.5 280.75 280.5 283.25 287.5 284 284.75 285.5 278.75 271.25 269.25 266.75 263 256.5 255 257.5 257.25 253 255.75 255.5 253.75 248.75 245.75 243.75 240.5 237.5 234 231 226.5 222 -9999 -9999 -9999 -9999 -9999 -9999 -9999 -9999 -9999 -9999 -9999 -9999 -9999 -9999 -9999 -9999 -9999 -9999 -9999 -9999 -9999 -9999 -9999 -9999 -9999 -9999
286.75 287.75 288.5 287.5 283.75 285 294.5 294.5 301.25 305.75 305.5 302.5 303.75 303.25 300.75 298.75 296.75 289.75 281.25 282.75 280.25 280.25 275.75 279 280.25 282.5 282.75 280 277.25 276 272.5 268.25 262.75 255.25 251.25 255.25 258 251.75 247 246.25 246.5 249.75 243.25 242.5 240.75 237.75 233 228.5 224.75 222 -9999 -9999 -9999 -9999 -9999 -9999 -9999 -9999 -9999 -9999 -9999 -9999 -9999 -9999 -9999 -9999 -9999 -9999 -9999 -9999 -9999 -9999 -9999 -9999 -9999 -9999 -9999
281 282.75 294.25 293.5 285.5 286 290.25 296.75 301.75 303.25 303.5 302.25 302.5 301 301.5 299 297 290.75 289.25 285.25 287.25 282.75 276 279.25 283 282.5 279.25 275.25 270 267.75 263 260.5 255.75 251.25 248.5 250.75 249.75 242.25 236.75 237 234.6667 242 234 234.5 233.5 227.6667 228.5 221 -9999 -9999 -9999 -9999 -9999 -9999 -9999 -9999 -9999 -9999 -9999 -9999 -9999 -9999 -9999 -9999 -9999 -9999 -9999 -9999 -9999 -9999 -9999 -9999 -9999 -9999 -9999 -9999 -9999
276.5 280.5 285.25 288.25 287.75 291.5 293.75 298 297 299 300 301.5 299.5 299.75 299.75 297.5 292.5 291 291.75 292.25 293.75 289 279.25 277 277.75 275 270.75 263.5 253.75 250.5 247 242.5 244 239.75 239.75 236.25 234.5 231.75 230 227 -9999 -9999 -9999 -9999 -9999 -9999 -9999 -9999 -9999 -9999 -9999 -9999 -9999 -9999 -9999 -9999 -9999 -9999 -9999 -9999 -9999 -9999 -9999 -9999 -9999 -9999 -9999 -9999 -9999 -9999 -9999 -9999 -9999 -9999 -9999 -9999 -9999
269.25 271 276 284.25 284.25 289.75 291.75 296.75 297 295 296.25 297.5 300.75 301.25 299.75 296.25 291 290 292.5 295.25 299 294.75 286.25 281 274 268.5 261.5 253.25 246 240.25 237.25 234 237 231.25 230 225.75 226 225 -9999 -9999 -9999 -9999 -9999 -9999 -9999 -9999 -9999 -9999 -9999 -9999 -9999 -9999 -9999 -9999 -9999 -9999 -9999 -9999 -9999 -9999 -9999 -9999 -9999 -9999 -9999 -9999 -9999 -9999 -9999 -9999 -9999 -9999 -9999 -9999 -9999 -9999 -9999
263 264.75 271.5 270.75 274.75 282.5 279.75 282 283.25 283 288.75 296.25 299.5 299.25 297.5 296.25 292.5 290 289 288.25 290.25 295 294.5 293 291 287.25 281.75 268.25 256 251.75 240.75 228.5 223.5 223 220.25 217 -9999 -9999 -9999 -9999 -9999 -9999 -9999 -9999 -9999 -9999 -9999 -9999 -9999 -9999 -9999 -9999 -9999 -9999 -9999 -9999 -9999 -9999 -9999 -9999 -9999 -9999 -9999 -9999 -9999 -9999 -9999 -9999 -9999 -9999 -9999 -9999 -9999 -9999 -9999 -9999 -9999
261.25 266.75 274.75 272.5 270.5 272.25 270.5 275.25 277.5 281 285.5 291.75 295.5 295.5 298.75 302.5 298.25 292.5 291.25 289 282.25 275 273.5 277 274.75 267.5 259.25 255 245 240.75 235.5 224 218.25 215 212 -9999 -9999 -9999 -9999 -9999 -9999 -9999 -9999 -9999 -9999 -9999 -9999 -9999 -9999 -9999 -9999 -9999 -9999 -9999 -9999 -9999 -9999 -9999 -9999 -9999 -9999 -9999 -9999 -9999 -9999 -9999 -9999 -9999 -9999 -9999 -9999 -9999 -9999 -9999 -9999 -9999 -9999
252.25 260 268 274 284 289.5 281.75 282 285.75 287 289 291.5 294.25 300.5 305 307.25 305.25 302.25 299 297.75 295 288.25 275 255 249 244.25 236.5 238 237 232.25 226.25 231.5 224 206 -9999 -9999 -9999 -9999 -9999 -9999 -9999 -9999 -9999 -9999 -9999 -9999 -9999 -9999 -9999 -9999 -9999 -9999 -9999 -9999 -9999 -9999 -9999 -9999 -9999 -9999 -9999 -9999 -9999 -9999 -9999 -9999 -9999 -9999 -9999 -9999 -9999 -9999 -9999 -9999 -9999 -9999 -9999
259.25 263.75 266.5 275.5 282 281.5 281.25 283.25 283.5 289 289.25 287 290.5 303.25 302.75 300.5 297 286.75 273.5 275 276.5 270 255.25 236 228.5 222.5 247 254 239.75 223.5 217.25 213.25 207.75 203.5 -9999 -9999 -9999 -9999 -9999 -9999 -9999 -9999 -9999 -9999 -9999 -9999 -9999 -9999 -9999 -9999 -9999 -9999 -9999 -9999 -9999 -9999 -9999 -9999 -9999 -9999 -9999 -9999 -9999 -9999 -9999 -9999 -9999 -9999 -9999 -9999 -9999 -9999 -9999 -9999 -9999 -9999 -9999
248.75 250.25 258 248.25 244.5 259 285 285.5 282.25 284.75 288 282.5 273.75 272.75 275.25 281.25 280.75 272.75 253 261.75 288 286.75 274.25 262.25 234.75 210.5 215 217.5 208.25 207.75 210 204.75 201 197 -9999 -9999 -9999 -9999 -9999 -9999 -9999 -9999 -9999 -9999 -9999 -9999 -9999 -9999 -9999 -9999 -9999 -9999 -9999 -9999 -9999 -9999 -9999 -9999 -9999 -9999 -9999 -9999 -9999 -9999 -9999 -9999 -9999 -9999 -9999 -9999 -9999 -9999 -9999 -9999 -9999 -9999 -9999
228.25 232.5 251.5 244 226.75 224.5 247 258.75 270.5 282.5 266.5 266.75 250.25 272.75 277.5 276.75 266.25 268.75 244.25 231.5 251.5 252.75 234.75 220.75 217.5 197.25 194 196 198 203.5 203 196.25 193.3333 -9999 -9999 -9999 -9999 -9999 -9999 -9999 -9999 -9999 -9999 -9999 -9999 -9999 -9999 -9999 -9999 -9999 -9999 -9999 -9999 -9999 -9999 -9999 -9999 -9999 -9999 -9999 -9999 -9999 -9999 -9999 -9999 -9999 -9999 -9999 -9999 -9999 -9999 -9999 -9999 -9999 -9999 -9999 -9999
208 210.5 218.5 222.5 218.75 211.75 212.75 221.5 219.25 229.5 224.75 223.5 220 233.75 233.25 229 219.75 217 213.75 210.25 209.25 203.25 200.75 196 190.75 187.75 186.5 185.75 195.75 197.75 192 189 -9999 -9999 -9999 -9999 -9999 -9999 -9999 -9999 -9999 -9999 -9999 -9999 -9999 -9999 -9999 -9999 -9999 -9999 -9999 -9999 -9999 -9999 -9999 -9999 -9999 -9999 -9999 -9999 -9999 -9999 -9999 -9999 -9999 -9999 -9999 -9999 -9999 -9999 -9999 -9999 -9999 -9999 -9999 -9999 -9999
206.25 197.25 196 195.25 197 196.3333 198 198.6667 202.3333 202 200 200 200 215.5 207.5 200 -9999 -9999 -9999 192 195 196.25 194.75 190.75 186 183.5 -9999 -9999 184.5 186.5 185 -9999 -9999 -9999 -9999 -9999 -9999 -9999 -9999 -9999 -9999 -9999 -9999 -9999 -9999 -9999 -9999 -9999 -9999 -9999 -9999 -9999 -9999 -9999 -9999 -9999 -9999 -9999 -9999 -9999 -9999 -9999 -9999 -9999 -9999 -9999 -9999 -9999 -9999 -9999 -9999 -9999 -9999 -9999 -9999 -9999 -9999
