layers/wordclim/past/Iberia_miroc_10_ascii/bio_12.asc
ncols         205
nrows         142
xllcorner     -11.010633712694
yllcorner     33.273793250999
cellsize      0.083333333333334
NODATA_value  -9999
[rows 34 to 67 of 142, columns 77 to 153 of 205]
777.5 778.25 785.5 797 808.75 832.5 841.25 831.75 833 838.5 845 862.5 893.75 947 1051.75 1089.25 1216.75 1219 1090.75 1239 1097 948.25 1047.5 954 1031.75 956 1052 959.75 978 809.25 756.75 769.5 773.75 793.25 804.75 833.75 841 833.25 843.25 841 841.75 834.75 841.25 847.25 845 795.5 765.5 767 772.75 827 886.75 949 1002.75 972.75 978 933.75 893.25 823.5 971 884.5 988.75 1041.25 1135.75 1048.5 1147.75 1168.5 988.75 1121.5 1334.5 1224.25 1162 1043.5 1168.25 1300 1415.5 1367.25 1171.75
734.5 747.5 770 772.5 790 789 789 794.25 801 811.5 824.75 853.25 881.25 921 974 1075.5 1062 1072.75 1128 1029 1004.25 1093.5 1079.5 995.5 1035 1049.5 1082.5 917.25 912.25 884.5 828.5 830 746.75 739 750.5 758 763.5 769.75 773.25 762.5 757.25 743 744.5 747.5 745.5 720 692.75 683 673.5 666.5 665.25 683 703.25 701.5 757 780.5 810.5 763.75 815 820.25 946.75 996.5 1000.75 944.75 1046 884.75 897.25 1007.5 1157.5 1150.25 963.5 1070 1296 1361.5 1194.5 1213.75 1303.75
704.5 731.5 747.25 742.5 746.5 754.5 771 769.75 776 786.25 804.25 826.75 854.75 855.75 856.5 890.25 956.25 1077.25 1116.75 1066.5 1106.5 1155.75 1080.75 1069.25 1149.5 1107.25 983.75 1041.25 978 860.75 784.5 761 722.5 714.25 711.5 710 715 731 753.75 725.5 688 686.75 690.25 681.5 672 650.25 644 636.25 632.25 610 601.75 614.75 627.75 640.5 669.5 674.75 682.5 682.75 848.25 870.5 902.5 869.25 970 984.5 1050.5 856.25 924.25 930 1037.25 1008 906.5 951.25 961.25 1017.75 1032 1048.25 1030.25
677.75 698.25 694.25 712.75 742.75 758.25 768 763 762.75 771.25 775.5 787.5 817.5 853.25 875 831.75 871.5 939 1003.75 1105 1240.5 1133 1220.25 1194 1131.5 1065.5 1061.75 1019.75 971 953.25 813.5 737 726.25 725.75 678.25 669.5 660.25 655.5 667.75 663.25 640.75 648.25 674.75 697 659 606.5 603.5 597.5 589.25 573 571.25 582.75 592.75 599 620.75 621 628 635.75 722 779.75 859.5 837.75 824 924.25 919.5 871.75 1059 928 860.75 828.75 811 855 923.5 896.25 888.75 899.5 873.5
675.75 676.75 706.25 712.75 726.75 745.25 754.75 756 760.5 769.5 785 793 826.25 852 869.5 846.75 858.75 895.25 929 940.25 972 965.25 982.5 930.25 948.25 906.25 933 984 945.75 839.5 825.5 809.75 752.5 712.25 670.25 671.75 652.75 619 606.5 600 599.25 621.75 653.75 656.5 613.25 568.75 568.25 585 583 552.5 545 551.75 564.5 568.5 601.25 592.75 584 602.25 639.25 688.5 731.5 749.25 776.5 821.5 803.75 783 803 737.75 750.75 767 806.25 861.75 914.75 898 850.25 820.5 839.5
660.25 677.25 683.25 703 716.75 735 738.25 742.25 742.75 750.75 757 761.75 773 784 794.25 823.5 842 844.25 854 885 875 865.25 872.75 855.75 850 837 844 889.25 921 901 821.5 830.75 881.75 776.5 699.75 680 637.25 603 587.5 565.25 553.75 572.5 572.5 580.75 553.75 534 545.25 555.75 582.25 555.25 540.75 532 534.75 550 572.25 563.5 557.25 581.5 584.5 594.25 606.5 624.25 658.25 680.5 669.75 657.25 695.75 705.75 731.5 756.25 761.75 795 829.5 884.5 858 807.25 777.5
679 682 682.5 691.25 703.75 708.5 722 708.25 711.75 719.25 727.5 730.25 739 749.5 754.75 768.5 789.5 811.75 817 833.75 842.75 852.25 863 878.5 846.75 834.25 825.5 838.75 834 816.25 856.25 888.75 999 1039 799.5 694.75 645 598 571 552.75 529 514.25 508.75 517.75 512.75 509.5 528.75 546.25 584.25 581.75 543.5 531.75 523.5 529.75 532.25 533.75 534 559.25 551 549.5 567.5 605 579.25 586 597 622.25 645.75 673.5 696.25 726.5 769.75 818.5 830 851.75 840.75 789 732.5
665.25 673.25 677.75 682.5 689.5 693.5 709.5 689.75 694 701.25 704.25 708 715.75 732 743.75 748.25 751.25 769.25 768.75 790.5 779.25 801 821.5 805.5 806.75 800.5 776 774 782 789 804.5 829.5 866.25 848 780.75 699.25 672.25 599.5 554.25 531.75 521 507.5 486.5 482 486 488 506.75 518.75 521.5 534.75 578.75 568 545 541.5 557 531.25 524.75 528.25 529 538.75 560 567.75 542.75 556 577 604.25 630 655.25 689.5 735.75 775.25 820 840.25 824 837.5 810 751
654.25 653.75 675.25 687.25 679.5 676 695.5 700.75 723 715.25 717.25 724.25 741.75 740.5 724.5 718.75 724 736.5 737.5 754.5 758.75 743.75 756.5 774.75 799.5 774.25 755 766.25 772.5 766 783.5 778.75 770.75 717.5 679.75 623.5 601.5 596.75 532.5 512 523.25 553.25 516.5 490.5 490 477 471.75 485.25 490 501.25 518.25 545.25 546.75 538.5 553.5 555.75 537.75 536.5 517.5 532.75 529.25 518 527.25 551.75 582 610.75 639.75 669 713 773.25 826 839.5 822.75 767 752.25 794 814.75
658 669.5 678 686 693 697.5 694.75 710.5 730.5 748 765.25 785 743.5 756.25 753.5 740 741.75 724.25 716.25 724.75 718.5 728 731.75 732 734.5 749.75 787.5 786 734.25 734.75 746 723.25 704 681.75 735.75 641 559.25 536.5 508 504.75 521 527.75 506.5 532.25 517.5 496.75 483.5 471 469.25 483 495.5 512 525.75 524.5 528.25 531.25 534.75 546 545 512.25 512.5 525.25 551.25 587 623.5 645 675.5 729 780.75 807 822.25 825.25 838 811.5 784.5 747.25 739.5
644.5 651.75 665 673.5 681 687.5 699.5 704.25 752 800 787.5 766.25 736.25 734.25 749.5 763.5 783.75 774.25 775.75 783.75 752.5 747.75 771 754.25 736.25 733 747.75 739.75 682.25 680.25 692 686 663 606.5 602.25 602 595.5 569.5 558.5 520 519 525.25 532 553 536.75 505.5 490.5 474.5 470.25 471.5 491.25 513 520.5 529.75 536.25 533.75 523.5 531.5 549.75 527.75 544.25 569.25 605 648.75 679.5 713.25 734.75 741.75 710.25 716.75 786.25 797.75 849 825.75 762.75 736.75 738.25
626 629 641.25 654.5 667.75 684.75 690.5 701.25 723.25 757.75 736.75 740 758.5 776.25 778.75 804.25 832.5 825.75 829.5 830.25 788.25 761.5 771.5 769.5 765.5 755 735.75 684.5 655.5 636.5 630.5 619.75 617 581.25 568 553 588.25 651.25 628.5 576.5 537.75 555.25 544.75 564 533 495 484.25 476.75 476.75 474.75 474.75 496.25 503.75 512.5 515.75 515.75 518.75 560 552.75 548.5 590.5 598.25 628.5 690.25 739.75 788.5 846.25 849.75 803 710 704.5 726 783.5 758 726.25 737.25 755.25
617.5 630.5 639.5 654 672 686 697.5 712.25 723.75 736.5 738 745.25 789 885 963.5 900.5 878 887.5 855.25 789.75 780.5 770.5 755.5 777.5 771.75 766.25 727.5 672.75 640 640.25 638.5 625 618.75 596 600 580 591.25 621.5 637.25 627.5 596.75 578.25 584 554 530.25 515 502.25 490.75 481.25 482.5 484.5 487 491.75 496.25 504 519.5 540.75 547 547.75 556.5 558.5 546 602.25 667.25 735.5 762.75 802 818.75 744 671.5 687.25 704.25 714.75 695 710.75 719.25 717.5
617.25 627.5 641.25 658 669.75 692 708.25 726.75 741.5 765 776 824.25 944.75 1045.5 929.75 950.25 872.5 906.5 864.25 771.5 767.5 732.25 721.5 770.75 777.25 764.75 749 732.5 721.5 712.5 715 678.75 651.5 633.25 650.75 638.75 604.5 598.75 615.5 610.5 641 640.75 592.5 574.5 546.5 552.25 545.75 511.5 497.5 496 502.75 510.75 519.25 529.5 530 535.75 562.75 560.5 589 610.5 661.75 599.5 607 645.75 678 734.75 720.75 686 676.5 665.5 676.5 671.75 674.75 671.25 672 675 689.75
618.5 627.25 651.75 660.75 681.25 702.5 736.25 765.25 787.75 806 894.25 862.75 861 875.5 819.25 817.75 804 801 739 740.25 715.75 706.5 725.75 744.75 760.5 774.75 776.75 791.25 814.5 802.5 744.5 759.75 723 691.25 679.25 689 691 628 595 630.75 656.75 682 631.75 594.25 574 573.5 603.25 570.5 525.75 538.25 534.25 533.75 539 554 558.5 587 596.5 597.25 629.75 655 664 645.25 606 652 719.5 750.25 676.5 663.5 662.5 660.25 655.75 647.5 640 636.75 637.25 634 652.5
618 635 649.25 659.5 685.25 733 761 825.75 1046.5 959.75 826 753.25 767.5 850.25 824.25 733 736.5 754 699.75 683 696.5 689.5 717.75 749 760.75 758.5 759.5 781.75 795.5 782.25 764.25 763 742 716.5 696.75 665.5 644.5 666.25 612.75 616.5 665.75 742.25 721.5 644 607.75 584.75 547.75 546 561.5 589.75 574.5 565.25 552.75 570.25 606.25 626 623.25 646.5 656 660 664.25 650.25 656.75 727.25 754.75 712.75 660.5 636.5 637.5 647.5 645.75 635.75 618 613.5 -9999 -9999 -9999
622.5 640 648.25 664 687 731.5 772.75 968.5 844.75 824.25 826.5 768.75 721.25 719.75 702.5 702.75 692.5 668.75 659.5 665.75 698.5 713.25 732.75 746.5 746.75 752.5 756.5 732.75 752 781.25 795.25 757.5 738 709.25 693.5 693.5 652.75 635.5 631 588.25 633.5 674.75 710.25 668.75 668.5 629 581.5 589.75 611.25 614.5 597.5 591.25 585.25 616.25 645.75 654.25 653.5 678.5 690.25 735.75 658.75 687.5 737 706 686.25 661.25 636.25 638.75 645 649 642 621 -9999 -9999 -9999 -9999 -9999
622 638.75 654 666.75 720.25 839.25 881.75 1043.25 950 893 779.75 727 688.75 669.25 691.25 690.75 667.75 635.5 652.75 693.75 719.5 722.5 691.75 713.5 748 756 741 715.25 742.25 732 745 721.25 716.75 736 741.25 720 684.25 647.25 604 603 670.5 697.5 708 668.75 649.75 634.25 660.75 654 672.25 653.75 668.25 613 603.25 646.5 700.25 686.5 701.25 725.25 803.25 744.25 667.25 684 723.75 687.25 666.75 649.25 648 650.75 649.5 649 639.75 622.6667 -9999 -9999 -9999 -9999 -9999
627.5 684.25 697.5 718.75 750.25 861.5 851 885.5 796 734.25 738.25 707.75 667.5 671 684.75 678 638.75 629.25 686 710 704.5 721.75 694 667.75 691.75 704.25 711.25 765.5 779.5 778.5 774.5 764.5 777 739.25 758.25 747.75 721.25 643.25 603.75 649.5 747 733.25 727.75 746 766 775.25 748.5 780.75 748 716.75 641.75 628 669 676.5 716.5 719.75 793 820.5 805.75 702 677.75 670.5 672.25 668 670.5 668 663 654.25 649.25 644.25 639.75 634.25 -9999 -9999 -9999 -9999 -9999
667.75 730.5 776 833.25 864 752 704 736.5 731.75 710.5 703.75 670.25 656 670 664.75 667.25 625 650.5 699.25 685.5 711.25 730 668.25 649.25 677.5 718.75 754 797.75 822 841.75 799.5 805.25 802.25 813.75 831.5 789.75 783 700 630.5 633.5 726 696 687.25 708.5 747 739.5 749.75 755 714.25 732.25 706.25 701 677 735.25 785.75 808 798.75 737 714.75 687.5 686.25 694.75 663.5 667.5 669.5 668.5 663.75 654.75 648.5 644.25 641.5 640 612 -9999 -9999 -9999 -9999
677.75 712 704.5 710 782 697.5 681.25 695.25 691.75 674 683.25 672.5 662.75 674.75 659.5 642.5 633.5 694.5 666 684 716 725.25 654 707 744.75 743 735.75 745.75 765 804.5 835.25 859.5 860.25 880.25 905 822.5 817 769.75 664 608 676.25 690.75 653.25 699.5 813 763 787.5 815 855.75 889.25 760.75 724 714.5 730.5 766.5 755.5 736 688.75 673.75 675.25 682.5 690.5 660.25 665 662.75 655.5 653.25 648.75 642.5 643 640.75 629 -9999 -9999 -9999 -9999 -9999
630.75 634.75 617.5 641.25 665.5 658 661.5 648.5 675 671 687.5 683 670.75 667.5 647 656 695.5 682.5 664.25 702 706 667 659.75 700.25 658 684.75 671.75 715 750.25 798.25 833.5 900.25 899 896.25 944.5 918.25 847.25 756 699 614.25 647.75 687.75 645.25 735.25 830.5 806.75 844.5 915.25 888 897 862 787 772.75 770.75 781.25 713.5 690.75 668 670.25 656.5 652.25 647.25 643 652.25 652 648.75 646.25 645.25 640.25 639 634 616 -9999 -9999 -9999 -9999 -9999
623.5 584.75 591 615.5 621.5 612.25 625 644 678 683 678.25 687.5 669.5 660.5 668 687.75 694.25 672.25 686.5 696.75 668.75 649.75 639 666.25 659.75 652.75 685.25 708.5 747.25 777 823.75 855.25 915.75 928.25 927.25 877.5 786.75 756.5 693 643.25 621.25 635.5 653.75 784 807 851 910 1009.25 1010.5 924.5 878 816.5 755 748 735.25 684.5 664.5 683.75 670.25 640.25 636.75 635.75 639.5 643.25 643.75 641.5 640.25 641 635.75 632.25 627.75 609 -9999 -9999 -9999 -9999 -9999
676.5 606.25 606.75 596.25 585 598.25 629.25 639.25 667.25 681.25 666 663.75 660 657.75 691 695.5 681.75 671.75 677.25 647.5 629.25 670.25 644.75 684.25 732.5 692.25 718 725.75 729 761.25 852.75 881.25 895.25 893 939.25 881 828.75 802.75 785.25 689 627.75 580.75 640 765 732.5 752.5 855 938.75 919.75 904.5 820 763.75 704.25 716.5 684.25 699.25 643.75 659.75 664.25 644.5 617 628.5 636.75 638 636.75 635 635.5 634.5 633.75 630.75 615 -9999 -9999 -9999 -9999 -9999 -9999
605.75 602.75 579.25 565.75 583.25 611.75 630.5 631.75 659.75 667.25 662.75 661.5 650.75 669.25 677.5 673 668.25 673.25 656 636.5 688.75 705.5 676.25 704.75 704 713 731.75 757.5 796 768.5 829.75 857.5 853.75 859.5 915.75 893.25 842 865.25 756.25 724.75 634.75 600.5 709.25 720.75 663.25 672.25 733.75 822.75 829.75 788.75 832.25 777.5 669.5 635.75 673.5 654 636.25 618.25 627.25 608.25 609.75 625.25 629.5 628.5 630.5 628 626 624.25 625 619.25 592.5 -9999 -9999 -9999 -9999 -9999 -9999
585 562.75 559.25 576.25 600.75 620.75 622 626.5 651.75 649 664.5 644.25 642.5 655.25 678.5 683.25 671.25 639.75 626.75 656.75 710 719 695 724.75 726.5 746.75 759.25 771.5 797.75 769.75 843 852.25 865 878 856.25 836.75 811.5 834.75 713.5 649.25 626 704.25 810 796.75 684.75 642.75 658.25 675.75 694 718.5 702.5 696.75 656.75 612 620 638.75 620 596.25 601 610.5 615.25 621.5 620.75 623.25 623.25 625 623.75 620.25 615.75 602.5 -9999 -9999 -9999 -9999 -9999 -9999 -9999
552.5 557.25 571.75 587.25 603.75 607 608.25 633.25 624.25 636 649.75 627.5 637.5 650.75 665.5 648.75 637 642 653.25 673.75 709.5 718.25 732 760.75 768.25 769.25 804.5 795.75 763.75 791 824.5 840 826.75 805.25 807 765.5 768 800.5 728.5 605.75 644.75 775.75 981.5 903.25 735.75 683.5 668.25 664.25 638.75 645.5 645.25 649.75 608.25 614.75 642.5 633.5 605.25 586.25 593 608.5 615.25 615.75 617 618.25 620 620.75 618 610.25 599 -9999 -9999 -9999 -9999 -9999 -9999 -9999 -9999
568.5 577.25 586 589.25 592.5 595 596.5 606.25 608.25 623.5 616.75 630.25 656 665.25 662.75 656.25 669.75 683 688 688.75 709.25 722.5 716.25 719 765.5 754 787.75 772.5 769.75 776.5 781.5 809 764.75 754 767.75 742 753.75 772 723 650.5 678.75 719.5 786.75 832.25 838.5 761.25 698.25 705.75 669.5 679.5 635.25 597.5 582 580.25 578.25 575.5 577 585 599.25 608.75 611.75 611 615.25 617.75 615.75 613 612.25 588.5 -9999 -9999 -9999 -9999 -9999 -9999 -9999 -9999 -9999
568 585.5 590.25 591.75 581.25 589.5 607.75 604.5 600.25 612.75 632.25 663.75 673.5 678.5 681.25 682 687.25 687.5 684.75 689.5 708.75 715 707.5 723.75 729.75 761.25 753.75 747.25 774.25 795.25 798.75 789.5 745 744 714.25 766 773.5 726.75 686 685.25 644 667 709.5 740.25 823 816 682.25 638.5 620 649.25 672.25 629.25 585.25 570.5 572.25 578.25 581 588.5 594.75 601.25 608.25 610.25 614.25 621.5 618.25 597.75 576 -9999 -9999 -9999 -9999 -9999 -9999 -9999 -9999 -9999 -9999
591.75 582.5 576.25 583.75 598 612.5 620 625.25 627.5 626.75 632 633.25 653.5 662.25 665.25 674.5 678.75 675 676.5 685 695.75 709.75 714.5 710 719.5 735 733.75 727.25 763 771.75 782.5 772.5 738.25 744.75 715.5 717.25 735 703.5 680.75 700.5 673.25 617.25 640.75 673.5 716 714.75 709.75 676 638.25 609.25 630.75 645.75 596.25 575.75 575.75 584.5 588.25 592.25 596.5 602.5 606 611.5 616.75 619.25 610.5 584 -9999 -9999 -9999 -9999 -9999 -9999 -9999 -9999 -9999 -9999 -9999
625.75 629.5 616.75 634 654.5 645 663 667.25 659.25 656.5 648.5 652.5 654.75 662 663.5 667.75 665.75 665.25 675 679.25 706.25 711.5 718 700.75 704.75 727.25 733.75 706 713.75 744 766 763.5 738.25 717.75 687 672.5 665.5 666 723.25 685.5 644.75 608.25 598 606.25 628.25 611.5 620.5 626.5 653.75 656.25 610.75 604.5 581.75 579.75 578.75 587.75 589.5 593.25 597.75 603.5 607.75 608.25 611.25 604.5 593 -9999 -9999 -9999 -9999 -9999 -9999 -9999 -9999 -9999 -9999 -9999 -9999
674.5 667.5 654 661.75 673.5 669 675.25 676.25 674.25 671.25 681 663 662.25 657.25 668 658.5 660.25 665.25 668 680 693.25 690.75 699.75 699 706.5 736.75 715 696.25 692.5 717.75 733.5 728.5 727.75 717 709.5 664.75 649.5 673.5 691.75 657.25 681 698.25 656.5 606.25 575.5 583.75 579.75 581 601.25 628.75 632.5 598.5 590.75 587.25 596 597 593.75 592 595.5 598.75 598.5 596 588.5 583 -9999 -9999 -9999 -9999 -9999 -9999 -9999 -9999 -9999 -9999 -9999 -9999 -9999
737 771.25 704.25 693.75 727.25 745 728.75 720.5 692 678 669 664.75 667 667 662 653.25 654 658 658.5 676.5 693.5 675.25 680.5 702.25 688.75 694.75 701.5 688.25 693.5 686 683.5 689 686.75 692 685.25 662.75 622.5 649.5 669.5 648.75 640.75 684.25 685.25 645.5 624.75 589 575.5 581.5 594.25 605 600.75 596.75 600.75 603.75 608 603.25 589 583.5 579.5 -9999 -9999 -9999 -9999 -9999 -9999 -9999 -9999 -9999 -9999 -9999 -9999 -9999 -9999 -9999 -9999 -9999 -9999
702.5 731.5 748 746.25 705.75 726 751.25 722.25 688.75 677.25 674.5 672.25 667.25 665 656.25 651.5 654.25 657.75 655.5 657 667.25 662.75 667.5 674.5 675.5 679.25 667.5 678.75 700 685 662.5 665.25 660.25 656 653.25 641.5 610 650 641 631.5 627.25 630 653.25 690.25 687.75 639.75 597.25 599 605.25 611.25 601 605.5 609.5 615.75 616.75 605 586.5 -9999 -9999 -9999 -9999 -9999 -9999 -9999 -9999 -9999 -9999 -9999 -9999 -9999 -9999 -9999 -9999 -9999 -9999 -9999 -9999
