layers/wordclim/past/Iberia_miroc_10_ascii/bio_1.asc
ncols         205
nrows         142
xllcorner     -11.010633712694
yllcorner     33.273793250999
cellsize      0.083333333333334
NODATA_value  -9999
[rows 68 to 101 of 142, columns 0 to 76 of 205]
-9999 -9999 -9999 -9999 -9999 -9999 -9999 -9999 -9999 -9999 -9999 -9999 -9999 -9999 -9999 -9999 -9999 141 136.5 138.75 137 136.5 137.25 136.75 132 136.25 139.75 143.25 146 149 151 146.75 148.25 149.75 149.5 149 147 146.25 147.25 147.25 146.5 144.75 139 138.5 141 142.25 141.75 140.75 143 145 146.75 145 147 146.75 145.75 142.5 142 142.25 143.75 142.5 140.25 138.25 134.25 123.5 124.5 122.25 120 121 130.5 134.5 131.25 133.5 134.75 133.5 131.25 127.25 123.25
-9999 -9999 -9999 -9999 -9999 -9999 -9999 -9999 -9999 -9999 -9999 -9999 -9999 -9999 145 142 143 141 137.25 135.75 133.5 136 135.75 137.5 138.5 142 143.5 144.5 148.75 151 148.5 146.25 146 146.5 148 147.25 148.5 149 149 148 147.25 145 139.75 129 131.25 139 143 144.25 144.75 144.75 147 144 143.25 145 145.75 145 143 141.5 141.75 141.25 138.25 137.5 141.75 134.25 134.25 137.75 137.75 133.75 132.75 139.75 137.25 138 133.5 135.75 132.5 129.5 125.5
-9999 -9999 -9999 -9999 -9999 -9999 -9999 -9999 -9999 -9999 -9999 -9999 -9999 144.5 142.5 140 139.75 139.25 138.5 136.75 134.75 135 138.75 137.5 140.75 144 146 148 150.75 149.25 147.25 147.25 146.75 147.25 147.5 150 149.5 149.25 151.75 150.75 149.75 148.25 146.5 140.5 137.75 144 148.25 146.75 145 148 148.75 146.75 147.25 145 140.75 144 143.75 140.5 136.25 137.75 141.75 144.5 144.75 144 144.25 142.5 143 139 140 139.5 139.75 139.25 131.5 130.5 133.5 128 128
-9999 -9999 -9999 -9999 -9999 -9999 -9999 -9999 -9999 -9999 -9999 -9999 144 143.25 142.5 140.5 139 139.5 139 136.25 135.75 137 134.75 134.25 142.75 144.5 147.25 150.5 150 148.5 148.5 148.5 148 148.5 150.5 150.25 149.5 151.25 151.75 151 148.25 147 147 147 146.5 145.5 148.5 150.25 147.5 150 147.5 146.25 145.5 144.5 146 144.5 141.75 142.75 143.25 146.75 147.75 147.75 148.5 147 147.25 146 146.5 144.5 139.25 141 138.5 136.25 134 127.5 125.5 129.75 130
-9999 -9999 -9999 -9999 -9999 -9999 -9999 -9999 -9999 -9999 146 -9999 144.5 142.5 142 141 140.25 140.25 139.5 136.25 137.25 136.25 136.25 139.5 146.5 147.5 150.5 151 150.25 150 149.25 148.5 149.5 150 151.5 150.5 151 152 152 151.25 151.25 149.75 148.75 148.5 149.75 150 150.5 151.5 151.75 151.5 150.5 150.25 149 148.5 148.5 149 147.5 146.5 145.75 149.75 150.5 150.5 150.25 149 148.25 145.25 142.75 145.5 144.25 140 137.5 135.25 134.25 131.75 126 127.75 130.5
-9999 -9999 -9999 -9999 -9999 -9999 -9999 -9999 -9999 -9999 -9999 145.5 146 143 141.75 141.5 142.25 141.75 141.75 133.75 135.25 134 132.75 141 148.5 150.5 151.75 151.5 149.75 150.25 151.5 152 152.5 152.75 152 152 151.75 149.5 150.25 149.75 149.75 150 149.75 148.25 148.25 150.25 151.25 151.25 153 152 152 151.75 151 150.5 151 150.75 148.5 147.75 150.5 151.5 151.5 151.25 150.5 149.5 148 145.75 145.25 144.5 140.5 141.5 141.25 137.75 136.25 131.75 130.5 128.25 130
-9999 -9999 -9999 -9999 -9999 -9999 -9999 -9999 -9999 -9999 -9999 146 145 142.5 142 142.75 143.25 143.25 139.5 133 130.25 132.25 137 144.25 151.25 151.75 152.25 151.25 151.75 152.25 152.25 151.5 151.25 151 151.25 151.75 151.25 150 148.75 147 145.75 146.75 147 147.25 144 145.25 151.75 153.5 153 152.25 152 152 151.75 152 152 151.75 150.5 151 151.75 151.75 150.75 149.25 147.5 146.75 145.75 147.25 146 143.75 143.25 143.5 138.75 129.25 134 133 132.5 131.5 130.25
-9999 -9999 -9999 -9999 -9999 -9999 -9999 -9999 -9999 -9999 -9999 -9999 -9999 143 142 141.5 143 143.25 134.75 131.25 131.5 137.5 147.5 151.75 153 152.75 152 152.25 151.25 151 151 149.5 150.25 150.75 149.5 149.25 149 148 147.75 147.75 145 141 143.25 147.5 146.5 148.75 153.5 153.75 152 150.25 150.25 150.5 150.75 150.25 149.25 148.5 151 150.25 149.75 148 148 144.75 143.75 144.5 143.5 146.25 143 141.5 139.25 139.5 141.5 142.75 139.75 136 134 133.75 126.5
-9999 -9999 -9999 -9999 -9999 -9999 -9999 -9999 -9999 -9999 -9999 -9999 -9999 -9999 142.6667 143.5 142.75 144.25 131.25 132.75 137 143 149.5 153.5 153.5 153 152.25 151.5 151.5 151.25 151.25 150 148.5 147 145.5 144.5 145.5 145.5 144.5 143.75 143 142.75 143.5 147 152 153.5 152.5 151.75 150 149 149.25 149.25 148.5 149.75 148 147.5 149.25 148.5 145.75 143.75 141.75 144.75 140.25 143.25 143.5 142.75 142.5 139.5 137 136.75 138.75 142.5 138.75 139.5 138.75 136.75 134.5
-9999 -9999 -9999 -9999 -9999 -9999 -9999 -9999 -9999 -9999 -9999 -9999 -9999 -9999 -9999 -9999 146.5 145.75 142.75 144.75 145.75 147.5 151.5 153.5 153.25 153 153 152.75 151 150.75 150.25 149 147.25 146 144.25 142.5 143 144.5 145.25 147 146.75 147.25 148.75 149.5 152.5 152.25 150.5 149 146.75 147.25 147.75 147.5 147.5 147.5 147 145.75 146.25 148.25 145.75 142.75 140.5 139.75 143 141 141.25 138.5 137 134.75 137.75 140.75 142.75 140.25 137.75 141 138.5 136.5 134.75
-9999 -9999 -9999 -9999 -9999 -9999 -9999 -9999 -9999 -9999 -9999 -9999 -9999 -9999 -9999 -9999 -9999 149.25 149 149.5 150.25 149.25 149.5 152 150.5 152 153.75 153.75 152.75 152 151.5 147.5 144.75 143 140.25 141.5 143.25 145.25 146.75 147.75 148 147.75 148.25 151.5 153 151.5 149.5 145.5 145.5 143 142.5 143.5 142.25 145.25 145.25 143.5 143.5 145.75 145 139.25 139 138 141.5 135.75 135.5 135.25 135 141 141.25 140.25 139.25 140.75 137.25 140.25 139.5 133.75 130
-9999 -9999 -9999 -9999 -9999 -9999 -9999 -9999 -9999 -9999 -9999 -9999 -9999 -9999 -9999 -9999 -9999 150 151.75 151.75 154 151.6667 148 146.5 147.5 153.5 154.25 154.5 152.5 153 152 150 148 147.75 146.75 146.5 146 146.5 148 148.75 148.5 147.75 148.25 151.75 152.75 150.75 149.75 146.75 143.5 141.25 134 133.75 135.25 141.5 143.25 139.5 140.75 142.25 144.75 142.25 138 138.5 139.5 135.5 133.5 136.25 138.25 138.25 139 137.25 136.5 138 136.75 136 136.5 137 136.5
-9999 -9999 -9999 -9999 -9999 -9999 -9999 -9999 -9999 -9999 -9999 -9999 -9999 -9999 -9999 -9999 -9999 -9999 -9999 -9999 -9999 148.6667 148.5 151.5 156 155.75 154 154.25 154.25 154 154 152.75 150.75 148.5 148.25 147.75 146.75 145 147.5 149.5 149.25 150 151.75 153 152 150.25 149 146.75 144.25 138.25 135.25 139 135.5 137.5 139.5 137 137 138.5 141.5 140.75 139 138.5 137.5 137.5 137 137 135.25 134.75 136.5 134.75 135 136.25 134.5 133.5 133 133.5 133.25
-9999 -9999 -9999 -9999 -9999 -9999 -9999 -9999 -9999 -9999 -9999 -9999 -9999 -9999 -9999 -9999 -9999 -9999 -9999 -9999 -9999 -9999 157.5 159.5 160.25 158.5 155 153 152 152.75 153.25 152.25 153.5 149.5 149 147.25 145.5 146 145.75 144.75 148 150.75 152 153.25 152.5 152.25 150.25 148.25 145.25 141.25 140.25 146.25 145.25 143.75 140 138 137.75 135.5 136.5 137.5 136.75 137.5 137.25 136.25 136.5 135.75 134.75 137 135.75 133 132.25 131.5 134 131.75 130.5 131.5 130.5
-9999 -9999 -9999 -9999 -9999 -9999 -9999 -9999 -9999 -9999 -9999 -9999 -9999 -9999 -9999 -9999 -9999 -9999 -9999 -9999 -9999 -9999 -9999 -9999 162.5 160.75 154 151.5 150.75 151.25 152 153.5 153.5 152.5 151.25 149 148.25 146 144.75 143.25 146.25 150.5 152.75 152.5 151.75 150.5 149 148.75 148.5 146.5 146 141.75 139.75 142.25 141 138.75 135.25 136.25 134.5 133 135.25 135.75 136.75 137.25 140.25 136.25 134.5 136.5 135 139 135.75 129.5 130.5 136.25 134.5 132.5 130.75
-9999 -9999 -9999 -9999 -9999 -9999 -9999 -9999 -9999 -9999 -9999 -9999 -9999 -9999 -9999 -9999 -9999 -9999 -9999 -9999 -9999 -9999 -9999 161.5 158.5 156.25 153.25 149.25 145 150.5 151.5 153 153.5 153.25 152 150.75 149 148.75 150.25 151 152.75 152.25 152.75 152.5 152.75 152.25 151.5 150.75 149.25 142.5 138.5 132.75 135.25 135.5 137.5 137 134.75 137.25 139.75 138.75 134.25 133.75 138.25 140 141.75 142.25 139.75 133.25 134 131.25 132.25 137 136.25 136 138.5 138.25 135.25
-9999 -9999 -9999 -9999 -9999 -9999 -9999 -9999 -9999 -9999 -9999 -9999 -9999 -9999 -9999 -9999 -9999 -9999 -9999 -9999 -9999 -9999 -9999 -9999 159.5 156.75 152.25 147 143.25 146.25 150 153 153 152.5 151.25 149.25 148.5 148.75 150.25 151.5 153.5 151.75 150 150.25 152 151 149 146.25 143 145.25 143.5 138 134.75 129.25 130 127.25 127 131.5 139.5 142.25 141.75 138.5 132.25 133 139 144.5 144.5 146 140.25 140 134.25 131 137.5 139 141.25 147.25 144.25
-9999 -9999 -9999 -9999 -9999 -9999 -9999 -9999 -9999 -9999 -9999 -9999 -9999 -9999 -9999 -9999 -9999 -9999 -9999 -9999 -9999 -9999 -9999 -9999 161.5 152.75 150.5 145.5 146.75 148.75 151 152.75 152.5 151.5 149.25 148.25 148 146.5 149.5 151.25 153.25 150.75 149.75 148.25 147.5 149 146.25 144 141 136.75 140.75 139.5 133.5 137.75 138.25 132.75 134.5 137.75 134.5 139.25 146.5 139.5 137.5 135 134.25 134.75 140 146.5 148.75 144.75 138.5 140.5 142.25 141 140.5 149.25 152
-9999 -9999 -9999 -9999 -9999 -9999 -9999 -9999 -9999 -9999 -9999 -9999 -9999 -9999 -9999 -9999 -9999 -9999 -9999 -9999 -9999 -9999 -9999 162 159.75 153 150.75 146.25 147.5 150 151.5 152 151.5 151 149.25 149.75 148.75 149 149.5 151.75 151.5 149.75 148.75 148.75 151.25 151 147 145.25 142.25 136.5 134.75 130.75 131.5 137 144.75 143.5 138.25 141.5 141.25 139.25 146 141.5 138.75 139.5 132.75 135.5 143.5 144.75 145.5 149.5 145 147.25 147 146.5 152.25 156.5 157.5
-9999 -9999 -9999 -9999 -9999 -9999 -9999 -9999 -9999 -9999 -9999 -9999 -9999 -9999 -9999 -9999 -9999 -9999 -9999 -9999 -9999 -9999 -9999 -9999 159.5 155.75 152.5 145.5 147.75 150.25 151.25 150.5 148.5 146.25 146.75 147.75 149.5 151 151.5 151.25 153 150.5 148.75 149.75 151 147 142 141.75 142 141.25 142.5 141.25 141.75 140.5 137.75 145.5 149.5 143.5 144.5 146.25 155 147.25 146.5 147.5 143.5 144.75 146.75 152.5 152.25 155.5 155.75 157.25 157.5 157.75 157.25 154.75 152.75
-9999 -9999 -9999 -9999 -9999 -9999 -9999 -9999 -9999 -9999 -9999 -9999 -9999 -9999 -9999 -9999 -9999 -9999 -9999 -9999 -9999 -9999 -9999 -9999 160.25 156.25 150 145.75 147 146.5 148 148.25 148 146.5 145.75 147.25 149 149 149.75 149.5 152 149.75 151.5 151.5 151.75 150 149.5 150.25 150.5 149.5 152.5 148.75 146.5 141.25 142.75 144.25 149.25 149 148.25 146.75 150.5 159.25 153.25 152.25 149.5 151.75 156.5 155.5 158.5 160.25 158.75 158 156 152.75 152.75 154 155.25
-9999 -9999 -9999 -9999 -9999 -9999 -9999 -9999 -9999 -9999 -9999 -9999 -9999 -9999 -9999 -9999 -9999 -9999 -9999 -9999 -9999 -9999 -9999 -9999 160.75 156.25 150.75 149 148.5 145.5 142.75 145 146.5 145.5 144.75 146.5 146.5 148.5 150.5 151.5 151.75 151.25 153.5 153 153.5 151.75 150.75 154 154.25 151.25 153.75 148.5 145.75 149.25 146.25 147.25 148.5 153 154 154.25 151.5 157.5 162 160.5 157.25 161 161.75 160.75 159.25 158.75 156.75 154.75 154.25 151.75 151 151.75 154.75
-9999 -9999 -9999 -9999 -9999 -9999 -9999 -9999 -9999 -9999 -9999 -9999 -9999 -9999 -9999 -9999 -9999 -9999 -9999 -9999 -9999 -9999 -9999 -9999 160.25 156.75 149 149 150.75 146.5 145.5 142.5 145.5 144.25 143 144 145.25 147.5 149 150.5 152.75 153.75 152.75 151.75 151.75 150 150.75 153.5 155.25 155 151.75 149.75 149.25 152 146.5 150.5 155 156.5 157.5 161.75 163 165 164 163.25 162.75 160.5 159 157.5 157.5 155.75 156.5 155.25 153.75 154.5 154.25 151 149.5
-9999 -9999 -9999 -9999 -9999 -9999 -9999 -9999 -9999 -9999 -9999 -9999 -9999 -9999 -9999 -9999 -9999 -9999 -9999 -9999 -9999 -9999 -9999 161.5 159 157.25 152.5 145 146.75 149 148 145.75 143.75 141.75 140.75 141.75 142.5 143.75 145.5 148.25 150 152.25 154.5 152.25 148.75 150.5 154.25 156 157.25 154.25 153.25 152.75 153.75 154.75 153.5 157 160.5 162.5 164 166 166.25 164.5 162.5 159.75 159.25 159.5 156.25 155.75 155.75 154 154 157 156 155.5 152.75 150.5 148.75
-9999 -9999 -9999 -9999 -9999 -9999 -9999 -9999 -9999 -9999 -9999 -9999 -9999 -9999 -9999 -9999 -9999 -9999 -9999 -9999 -9999 -9999 -9999 161 159 157.5 148 144.75 140.5 142.25 146.25 144.25 142.75 139.5 135.5 138.25 141 142.75 144 145.75 148 150.5 154.25 152 153.25 153.5 153.75 156.25 158.25 157.5 157.75 158.25 159.5 159 157 160 162.5 161.25 160.5 164.75 166.5 164 160.5 157.75 160.5 160 159.25 157.25 156 154.25 154 155 154 154.5 153 149.5 147.75
-9999 -9999 -9999 -9999 -9999 -9999 -9999 -9999 -9999 -9999 -9999 -9999 -9999 -9999 -9999 -9999 -9999 -9999 -9999 -9999 -9999 -9999 -9999 159.5 157.5 152.25 147.25 139 131.5 131.25 143.75 145.5 144.75 142.5 137.25 135 134.75 136.75 139.75 145.25 148.75 151.5 155.5 154.25 154.5 156.25 156.25 158.25 160 159.75 160.5 159.25 157.25 156.75 157 158.75 160.75 160.75 161.75 164.5 165 162.75 160.75 161 159.75 158.5 157.5 156.75 155.75 154.75 154.75 152.5 151.25 147.25 149.75 150 147.75
-9999 -9999 -9999 -9999 -9999 -9999 -9999 -9999 -9999 -9999 -9999 -9999 -9999 -9999 -9999 -9999 -9999 -9999 -9999 -9999 -9999 -9999 -9999 156.6667 155 148.25 143 143.25 144.25 147.5 147.75 147.75 148.5 145 141.5 141.5 135 133.75 139.5 141.5 145.75 152 156.5 156.5 157.25 158 159 159 160.25 160 158.25 157.5 157.5 159 159.75 160.75 161.75 162 163.25 164.25 162.75 161 159.75 159.25 158.25 157 155 153.75 153.75 152.5 151.25 149 146 136 143 144.25 145.5
-9999 -9999 -9999 -9999 -9999 -9999 -9999 -9999 -9999 -9999 -9999 -9999 -9999 -9999 -9999 -9999 -9999 -9999 -9999 -9999 -9999 -9999 -9999 153.6667 151 145 145 149 152 152.25 152 151.75 151.5 149.5 147 145.75 141.75 142 146 150.5 154 155.75 157.75 158.5 158.5 159.5 159.5 159.5 160.25 159.5 158.25 158.25 159.25 160.5 161 161.25 161.5 162.5 162.5 161.75 161.5 161 159.5 157 156.5 155.25 152.75 148.75 149 146.75 142.25 141.5 143.5 138.25 141.75 141.25 139.25
-9999 -9999 -9999 -9999 -9999 -9999 -9999 -9999 -9999 -9999 -9999 -9999 -9999 -9999 -9999 -9999 -9999 -9999 -9999 -9999 -9999 -9999 -9999 152.5 144 143.75 148.25 151.25 153.5 153 152.5 153 152 153.5 153 151 149.75 149.25 151.25 154.75 156.5 157 158.25 159.5 160.75 161 160.75 160.75 161 161 159.75 158 157.75 159.5 160.25 160.5 160.5 160.5 160.5 160 160.25 159.75 158.25 156 154.25 152.25 148.75 144.5 141.75 140.75 138.25 137.75 137.25 138.5 141.5 141.75 142.25
-9999 -9999 -9999 -9999 -9999 -9999 -9999 -9999 -9999 -9999 -9999 -9999 -9999 -9999 -9999 -9999 -9999 -9999 -9999 -9999 -9999 -9999 -9999 155.5 146.5 148.25 150.75 153.25 154.5 154.5 154.5 154.25 154 154.25 155 153.75 154 154 155 157.5 159.25 158.5 159.5 161.75 162.5 162.5 162 162 161.75 161.25 160.25 160 159.75 159.25 159.25 159.75 159.5 159.5 158.75 158.5 157.75 157.25 154.5 155 153.25 146.75 146 143.25 140.75 133 137 132.5 137 139.75 141.5 139.75 131.75
-9999 -9999 -9999 -9999 -9999 -9999 -9999 -9999 -9999 -9999 -9999 -9999 -9999 -9999 -9999 -9999 -9999 -9999 -9999 -9999 -9999 -9999 -9999 157 151.5 152.25 153.75 155 155.75 156.25 157.25 155 153.75 153.25 155 155.5 155.5 157.25 161 163 -9999 -9999 168 168 166.5 166.25 164.5 162.75 162.25 161.5 161 160.5 160 159.75 158.75 158.5 158.5 157.75 156.5 155.75 155.25 152.25 150.5 150.75 150 146.75 141.75 136.75 138.5 132.25 125.5 126 135.25 139.5 140.25 140 134
-9999 -9999 -9999 -9999 -9999 -9999 -9999 -9999 -9999 -9999 -9999 -9999 -9999 -9999 -9999 -9999 -9999 -9999 -9999 -9999 -9999 -9999 -9999 -9999 155 157 160 159.5 161.5 161 161 157.5 159 157.5 160 160 164.5 -9999 -9999 -9999 -9999 -9999 -9999 -9999 -9999 -9999 168 165.6667 164 162.25 161.75 161.5 160.75 159.5 159 158 157.75 155.5 154.75 152.5 149 150 149.75 150.25 149.5 142 134.5 135.25 130.5 126 124.75 119.5 124.5 130.5 139.5 150.75 142.5
-9999 -9999 -9999 -9999 -9999 -9999 -9999 -9999 -9999 -9999 -9999 -9999 -9999 -9999 -9999 -9999 -9999 -9999 -9999 -9999 -9999 -9999 -9999 -9999 -9999 -9999 -9999 -9999 -9999 -9999 -9999 -9999 -9999 -9999 -9999 -9999 -9999 -9999 -9999 -9999 -9999 -9999 -9999 -9999 -9999 -9999 -9999 -9999 167.3333 164 162.75 162 161.25 160 159 157.25 156 154.5 152.75 151.5 151 151.25 150.25 146.25 145.75 142.75 127.25 112.75 121.5 129.75 124 108 120.5 129.5 149.75 155.25 153.5
-9999 -9999 -9999 -9999 -9999 -9999 -9999 -9999 -9999 -9999 -9999 -9999 -9999 -9999 -9999 -9999 -9999 -9999 -9999 -9999 -9999 -9999 -9999 -9999 -9999 -9999 -9999 -9999 -9999 -9999 -9999 -9999 -9999 -9999 -9999 -9999 -9999 -9999 -9999 -9999 -9999 -9999 -9999 -9999 -9999 -9999 -9999 -9999 -9999 167.5 164.25 162.5 161.25 160.75 159.5 157.25 156.25 154.25 153.75 151.5 151 151.25 149.25 148 144.25 141.25 134 115.75 121 116 114.25 101.75 119.75 140.75 148.75 152 149.25
