layers/wordclim/past/Iberia_miroc_10_ascii/bio_4.asc
ncols         205
nrows         142
xllcorner     -11.010633712694
yllcorner     33.273793250999
cellsize      0.083333333333334
NODATA_value  -9999
[rows 99 to 131 of 142, columns 73 to 145 of 205]
5464.25 5302 5075.25 5264.25 5213.5 5286.25 5600 5481.75 5222.25 5189.25 5540.75 5720.5 5926.25 6121.5 5863.25 5837.5 5597.5 5978.75 6073.25 6070.75 5913.75 5971.25 5574.75 5382.75 5737.75 5746.75 5445.5 5202.25 5129.25 4778.25 4708.25 4726 4746.25 4839.75 4808 4655.25 4584 -9999 -9999 -9999 -9999 -9999 -9999 -9999 -9999 -9999 -9999 -9999 -9999 -9999 -9999 -9999 -9999 -9999 -9999 -9999 -9999 -9999 -9999 -9999 -9999 -9999 -9999 -9999 -9999 -9999 -9999 -9999 -9999 -9999 -9999 -9999 -9999
5338.75 4933.5 4841.25 4877 4811.75 4880.5 5005.75 5084.75 5034.75 4907 4923 5083.5 5039.25 5213 5153.5 5141.5 5099 5336.75 5344.5 5259.75 5122.5 5085.5 5030 4982 4972.25 4865 4835.75 4754 4661.25 4599.5 4536.75 4510.25 4694.5 4720.75 4595.75 4517 -9999 -9999 -9999 -9999 -9999 -9999 -9999 -9999 -9999 -9999 -9999 -9999 -9999 -9999 -9999 -9999 -9999 -9999 -9999 -9999 -9999 -9999 -9999 -9999 -9999 -9999 -9999 -9999 -9999 -9999 -9999 -9999 -9999 -9999 -9999 -9999 -9999
4994 4808.75 4751.75 4828 4736.25 4606.5 4608.75 4575.25 4605.5 4603 4633 4630 4675.333 4726.5 4712 4683 4731 5017 4881 4737 -9999 -9999 -9999 4630 4692.5 4725 4708.5 4637.75 4547 4479 -9999 -9999 4462.5 4482 4443 -9999 -9999 -9999 -9999 -9999 -9999 -9999 -9999 -9999 -9999 -9999 -9999 -9999 -9999 -9999 -9999 -9999 -9999 -9999 -9999 -9999 -9999 -9999 -9999 -9999 -9999 -9999 -9999 -9999 -9999 -9999 -9999 -9999 -9999 -9999 -9999 -9999 -9999
5098.5 4940.25 4683.5 4796 4590.5 4485.75 4455.75 4438 4412 -9999 -9999 -9999 -9999 -9999 -9999 -9999 -9999 -9999 -9999 -9999 -9999 -9999 -9999 -9999 4511 4534 4561.5 4479 -9999 -9999 -9999 -9999 -9999 4372.667 -9999 -9999 -9999 -9999 -9999 -9999 -9999 -9999 -9999 -9999 -9999 -9999 -9999 -9999 -9999 -9999 -9999 -9999 -9999 -9999 -9999 -9999 -9999 -9999 -9999 -9999 -9999 -9999 -9999 -9999 -9999 -9999 -9999 -9999 -9999 -9999 -9999 -9999 -9999
4391.25 4415.25 4418.5 4375.25 4370.25 4313.75 4312.5 -9999 -9999 -9999 -9999 -9999 -9999 -9999 -9999 -9999 -9999 -9999 -9999 -9999 -9999 -9999 -9999 -9999 -9999 4449 -9999 -9999 -9999 -9999 -9999 -9999 -9999 -9999 -9999 -9999 -9999 -9999 -9999 -9999 -9999 -9999 -9999 -9999 -9999 -9999 -9999 -9999 -9999 -9999 -9999 -9999 -9999 -9999 -9999 -9999 -9999 -9999 -9999 -9999 -9999 -9999 -9999 -9999 -9999 -9999 -9999 -9999 -9999 -9999 5199 5312.5 5325
4132.75 4124.5 4161.5 4185.5 4199 4173 -9999 -9999 -9999 -9999 -9999 -9999 -9999 -9999 -9999 -9999 -9999 -9999 -9999 -9999 -9999 -9999 -9999 -9999 -9999 -9999 -9999 -9999 -9999 -9999 -9999 -9999 -9999 -9999 -9999 -9999 -9999 -9999 -9999 -9999 -9999 -9999 -9999 -9999 -9999 -9999 -9999 -9999 -9999 -9999 -9999 -9999 -9999 -9999 -9999 -9999 -9999 -9999 -9999 -9999 -9999 -9999 -9999 -9999 -9999 -9999 -9999 -9999 -9999 5218.5 5427.25 5556.5 5625.5
-9999 -9999 -9999 -9999 -9999 -9999 -9999 -9999 -9999 -9999 -9999 -9999 -9999 -9999 -9999 -9999 -9999 -9999 -9999 -9999 -9999 -9999 -9999 -9999 -9999 -9999 -9999 -9999 -9999 -9999 -9999 -9999 -9999 -9999 -9999 -9999 -9999 -9999 -9999 -9999 -9999 -9999 -9999 -9999 -9999 -9999 -9999 -9999 -9999 -9999 -9999 -9999 -9999 -9999 -9999 -9999 -9999 -9999 -9999 -9999 -9999 -9999 -9999 -9999 -9999 -9999 4825 4984 5306 5508 5746.5 5799.75 5874.75
-9999 -9999 -9999 -9999 -9999 -9999 -9999 -9999 -9999 -9999 -9999 -9999 -9999 -9999 -9999 -9999 -9999 -9999 -9999 -9999 -9999 -9999 -9999 -9999 -9999 -9999 -9999 -9999 -9999 -9999 -9999 -9999 -9999 -9999 -9999 -9999 -9999 -9999 -9999 -9999 -9999 -9999 -9999 -9999 -9999 -9999 -9999 -9999 -9999 -9999 -9999 -9999 -9999 -9999 -9999 -9999 -9999 -9999 -9999 -9999 -9999 -9999 -9999 4407.5 4490 4730.5 5029.25 5360.5 5698 5789 5898.75 6008.75 6120.25
-9999 -9999 -9999 -9999 -9999 -9999 -9999 -9999 -9999 -9999 -9999 -9999 -9999 -9999 -9999 -9999 -9999 -9999 -9999 -9999 -9999 -9999 -9999 -9999 -9999 -9999 -9999 -9999 -9999 -9999 -9999 -9999 -9999 -9999 -9999 -9999 -9999 -9999 -9999 -9999 -9999 -9999 -9999 -9999 -9999 -9999 -9999 -9999 -9999 -9999 -9999 -9999 -9999 -9999 -9999 -9999 -9999 -9999 -9999 -9999 -9999 4405.333 4464 4583.25 4862 5123.25 5454.75 5617.5 5759.75 5921.5 6096 6214.75 6467.25
-9999 -9999 -9999 -9999 -9999 -9999 -9999 -9999 -9999 -9999 -9999 -9999 -9999 -9999 -9999 -9999 -9999 -9999 -9999 -9999 -9999 -9999 -9999 -9999 -9999 -9999 -9999 -9999 -9999 -9999 -9999 -9999 -9999 -9999 -9999 -9999 -9999 -9999 -9999 -9999 -9999 -9999 -9999 -9999 -9999 -9999 -9999 -9999 -9999 -9999 -9999 -9999 -9999 -9999 -9999 -9999 -9999 -9999 -9999 4375 4430.5 4754.25 4907.5 5049.25 5268.5 5481.5 5682 5755.25 6019.5 6083.75 6218.75 6404.75 6636
-9999 -9999 -9999 -9999 -9999 -9999 -9999 -9999 -9999 -9999 -9999 -9999 -9999 -9999 -9999 -9999 -9999 -9999 -9999 -9999 -9999 -9999 -9999 4312.5 4325.5 4220 -9999 -9999 -9999 -9999 -9999 -9999 -9999 -9999 -9999 -9999 -9999 -9999 -9999 -9999 -9999 -9999 -9999 -9999 -9999 -9999 -9999 -9999 -9999 -9999 -9999 -9999 -9999 -9999 -9999 -9999 4566 4462 4443 4432.25 4697.5 4881 4974 5058.5 5250 5429 5610.5 5764.25 5959.25 6129.25 6354.75 6529.75 6661
-9999 -9999 -9999 -9999 -9999 -9999 -9999 -9999 -9999 -9999 -9999 -9999 -9999 -9999 -9999 -9999 -9999 -9999 -9999 -9999 -9999 -9999 4312.333 4324 4181 -9999 -9999 -9999 -9999 -9999 -9999 -9999 -9999 -9999 -9999 -9999 -9999 -9999 -9999 -9999 -9999 -9999 -9999 -9999 -9999 -9999 -9999 -9999 -9999 -9999 -9999 -9999 -9999 4590.5 4818 4718.5 4728 4653.5 4576.5 4568.75 4886.75 5089.75 5338 5559.5 5668.75 5634 5812.75 5987 6156 6361.75 6532.25 6633 6743
-9999 -9999 -9999 -9999 -9999 -9999 -9999 -9999 -9999 -9999 -9999 -9999 -9999 -9999 -9999 -9999 -9999 -9999 -9999 -9999 -9999 -9999 4204 -9999 -9999 -9999 -9999 -9999 -9999 -9999 -9999 -9999 -9999 -9999 -9999 -9999 -9999 -9999 -9999 -9999 -9999 -9999 -9999 -9999 -9999 -9999 -9999 -9999 -9999 -9999 -9999 4343 4429 4985 4904 4900.25 4861.5 4804.25 4774.75 4925.75 5032.75 5164.75 5553.75 5828.75 5865.5 5932.25 6065 6226 6404.75 6518.5 6626.75 6747.5 6835.75
-9999 -9999 -9999 -9999 -9999 -9999 -9999 -9999 -9999 -9999 -9999 -9999 -9999 -9999 -9999 -9999 -9999 -9999 -9999 -9999 -9999 -9999 -9999 -9999 -9999 -9999 -9999 -9999 -9999 -9999 -9999 -9999 -9999 -9999 -9999 -9999 -9999 -9999 -9999 -9999 -9999 4138 -9999 -9999 -9999 4396 4335 4493.5 4410.75 4395 4350 4347.75 4717 4858.5 4907.5 4996 5042 4938.25 4966 4950.25 5043.75 5279 5624.5 5799.75 5982.25 6203.5 6319.5 6437.25 6562 6668 6726.25 6818.5 6893
-9999 -9999 -9999 -9999 -9999 -9999 -9999 -9999 -9999 -9999 -9999 -9999 -9999 -9999 -9999 -9999 -9999 -9999 -9999 -9999 -9999 -9999 -9999 -9999 -9999 -9999 -9999 4099.5 -9999 -9999 -9999 -9999 -9999 -9999 -9999 -9999 -9999 -9999 -9999 -9999 -9999 -9999 -9999 -9999 4263 4453.25 4668.5 4907.75 4919.75 5067.75 4899.25 4577.25 4740.5 4955.5 5005.5 5106.75 5056.25 5061 5080 5141.75 5262.25 5548.25 5887.5 6110.75 6212 6349.75 6489.25 6596 6682 6741.25 6805.25 6862.75 6934
-9999 -9999 -9999 -9999 -9999 -9999 -9999 -9999 -9999 -9999 -9999 -9999 -9999 -9999 -9999 -9999 -9999 -9999 -9999 -9999 -9999 -9999 -9999 -9999 -9999 -9999 -9999 -9999 -9999 4045 4062 -9999 -9999 -9999 -9999 -9999 -9999 -9999 -9999 -9999 -9999 -9999 -9999 4187 4459 4803 4899.75 4895.75 4868 4773.25 4719 4794.75 4946.5 5056.25 5217.5 5190.5 5138 5166.5 5247.25 5367.5 5685.75 5975 6355.25 6471 6412.75 6443.75 6544.5 6667.75 6751 6806.5 6849.5 6883 6941
-9999 -9999 -9999 -9999 -9999 -9999 -9999 -9999 -9999 -9999 -9999 -9999 -9999 4050 -9999 -9999 -9999 -9999 -9999 -9999 -9999 -9999 -9999 4174 4249.5 4183.5 4111 -9999 -9999 4055 -9999 -9999 -9999 -9999 -9999 -9999 -9999 -9999 -9999 -9999 -9999 4117 4142.75 4259.5 4676.5 4863.5 4867.5 4788.75 4810.75 4849.25 4896 4977.75 5106.75 5282 5339.75 5456 5375.5 5507.25 5727.5 5702.75 6067.25 6398.5 6551.5 6580.25 6546.75 6567.25 6587.25 6691.75 6782.75 6835.75 6880.5 6914 6953.75
3841.667 -9999 -9999 -9999 -9999 -9999 3889 3934.5 3966.5 3960 -9999 -9999 -9999 -9999 -9999 4212 -9999 -9999 -9999 -9999 -9999 4264 4362.667 4512.5 4384.75 4242.75 4155.25 -9999 -9999 -9999 -9999 -9999 -9999 -9999 -9999 -9999 -9999 -9999 -9999 -9999 4071.333 4147.25 4211.25 4373.5 4594.5 4745.25 4834 4922 4942.5 5000.25 5126 5371.5 5623.75 5678.5 5665.5 5645.5 5698.25 5908.25 5729 6094.75 6406.5 6472 6469.75 6533.5 6566 6614.75 6684 6723.75 6780.25 6839.75 6882.75 6932.5 6970.5
4011 3899 -9999 -9999 -9999 -9999 -9999 3963.5 4021.5 4013 -9999 -9999 4140 4195.5 4277.25 4348.75 4295.5 4284.25 4297 4311.25 4357.75 4410.5 4580.5 4588.25 4452.5 4330.5 4222.75 4135 4089 4067 -9999 -9999 -9999 -9999 -9999 -9999 -9999 -9999 4023.5 4067 4156.25 4286 4415.25 4624.5 4859 5011.75 5074.5 5095.75 5241.5 5335.75 5511.25 5774.5 5631.5 5651.5 5624.5 5672.75 5960.5 5992 5820.25 6135.75 6205.25 6336 6471.75 6605 6677.75 6741 6760.5 6809.5 6850.25 6886.25 6929.75 6952 6969.25
4821.5 4163.5 3966.25 3952.75 3981 3976 4011.5 4058 4108.5 4227 4290.667 4371 4320.75 4463.5 4738.25 4596.5 4503.75 4478 4427 4477 4501 4586 4744.5 4721.5 4517 4460 4340.75 4226.25 4173.5 4138.25 4161.25 4130 4084.75 4068 4063.75 4045.25 4027.75 4055.25 4084.25 4303.5 4741.5 4566.75 4767 5027.25 5287 5359.75 5374.75 5385.25 5534 5736 5596.25 5546.25 5620.25 5771 6039.75 6161 6104.5 5905 5995.25 6151.5 6251.5 6382 6656.75 6781 6798.25 6763.25 6750.25 6837.75 6923 6894.75 6978.25 7004.25 6987.5
5143.25 5125 4674.25 4646.75 4482.5 4328.5 4255.5 4438.5 4655 4722.75 4687 4747.25 4537 4648.5 5085.5 4908 4923.75 5026.25 4927.25 4788 4715.75 4652.5 4761.25 4647.25 4574.75 4592.75 4519.5 4384.75 4300.5 4311.25 4366.75 4345.5 4284.5 4208.75 4184.25 4182.75 4149.75 4241 4753.75 4969.75 4976.5 4715 5190.25 5394.5 5563.5 5606.25 5576.75 5670.25 5810.25 5684.5 5642.5 5656.25 5816.75 5993 6215.75 6058 5918.5 5919 6019 6186.25 6252 6472.75 6707.75 6819.5 6872.5 6741 6773.5 6836.25 6928.75 6908.5 6971 7001.25 7020.5
5606.5 5493 5316.75 5028 5203.75 4882 4821.75 4771.75 4860 4979 4985 4914 4928 5006.25 5296.75 5215.75 5327 5263.5 5066.5 4813.5 4691.75 4676.25 4788.25 4685 4730 4782.5 4832.5 4819.75 4803.75 4771.5 4588.5 4624.25 4613.5 4633 4509 4549.5 4558.25 4687.25 5298.5 5266.75 5056.75 4897 5199.5 5295.5 5475.5 5526.5 5540 5734.75 5839.25 5802.25 5835.75 6067.5 6270 6394.5 6183.75 6054.25 6145 6110.75 6171 6206.25 6428.25 6501.75 6634 6697.75 6824.5 6856 6804.5 6874.25 6932.25 6938.75 6954 7020.5 7048.25
5718.25 5655.25 5628 5351.75 5405.5 5319.5 5282 5241 5228.25 5227.75 5218.5 5306 5326 5285.5 5466.5 5472.75 5330.5 5203 5019 4865.5 4765 4728.25 4722.25 4789.5 4970 5200.5 5290.5 5298.75 5163.25 4856 4859 4897.5 4859.25 4944.5 5062.25 5047.5 5105.75 5294.75 5705.25 5356.25 5135 5262.5 5426.5 5516.75 5649.25 5770.75 5683 5864 5915 5965.25 6132.75 6427.75 6459.75 6732 6499.25 6487.75 6480 6258.25 6393.25 6488.25 6525.75 6618 6747.5 6839.25 6942 6957.75 6922.5 6914.25 6941.25 7009 7026.75 7031 7058.5
5667.75 5794.75 5717.5 5518.75 5527.25 5467.75 5431.5 5321.25 5309.25 5411.5 5574.25 5495.75 5424.5 5447.5 5511.5 5452.25 5399.25 5310.75 5216.5 5072.25 4979.25 4821.75 4811.25 4888.75 5012 5153 5180.5 5029.5 4949 5005.25 5105.25 5174.5 5208.25 5257.25 5366.25 5413.5 5624.75 5686.25 5530.75 5340.5 5528 5567.75 5741.75 5774.5 5941.5 5900 5861 5982.5 6096.25 6254.75 6364.5 6660.25 6630.75 7078.25 7062.5 6705.25 6496 6428.75 6629 6851.75 6647.25 6730.75 6941 6964.75 7009.75 7028.25 7017.75 6978 6985.5 6996.5 7029.25 7021.5 7034
5702.25 5775.5 5780 5640.25 5685.25 5637.25 5525.25 5549.5 5498.75 5532 5577 5524.25 5581 5581.75 5566 5555.25 5479 5382.25 5291 5099.25 4949.5 5049.25 5068.25 4799.25 4879 4989.25 5010.5 5085.75 5159.5 5260.75 5343 5497.75 5797 5684 5481.75 5404.5 5484.75 5565.5 5589.75 5609 5806 5959 6181 6283.75 6210 6161.75 6160.75 6203.75 6289.75 6304.75 6401.5 6598 6790.75 6967.5 7009.75 6868.75 6840.75 6744 6697 6804.75 6820.25 6936.25 7013.75 7017.5 7056.75 7088.5 7053.5 7028.5 7028.25 7008.5 7020.75 7044.25 7036.5
5933 5881.75 5805.5 5742.5 5681.75 5622.5 5563 5547 5561.75 5576.5 5602 5625.25 5673.75 5688.75 5673.5 5631.25 5557.75 5476.5 5394.25 5228 4978 4987.25 4747.25 4621 4658.5 4732.75 4854 4997.5 5247.75 5397.5 5385.75 5523.5 5573.5 5556.75 5622.5 5574.75 5637.25 5757 5832.5 5850.25 6035 6239 6347.5 6416.75 6373.25 6322.5 6309.25 6303 6218.75 6265.25 6409 6571 6689.75 6771.25 6852.5 6852.75 6862.5 6852 6815 6903.75 6956.25 7024.25 7056.5 7088 7123.25 7112.25 7094.75 7085 7090.25 7076 7080.75 7040 7033
5905.5 5898.5 5887.75 5836.75 5795 5731.5 5735.75 5729 5716 5686.5 5714 5729 5728.25 5738.5 5743 5716.25 5679.25 5622.25 5442.5 5278.75 5303.5 4816 4501.75 4397.75 4382.5 4428.75 4643.25 4936.5 5030.25 5123.25 5221 5315.5 5430.25 5573 5678.75 5772.25 5883.75 5960.75 6026.75 6131.5 6118.5 6139.5 6209 6170.5 6277.25 6345.25 6309.5 6216 6266.75 6274 6437.25 6554.25 6597.5 6686.5 6738.25 6750 6773.25 6830 6875.5 6932.75 6987.5 7050.5 7094.75 7116 7124.25 7131.75 7112.75 7112.5 7104.5 7080.75 7082.5 7065.25 7038
6002.25 5952.25 5965 5941.5 5905.5 5898.5 5863.25 5797.75 5779.75 5770.25 5764.5 5792.5 5838 5816.25 5818 5798.25 5838.25 5768 5525.25 5314 5075.5 4646.75 4362.5 4172 4083.25 4119.25 4332 4593.25 4828.5 5017.25 5177.75 5335.25 5478.5 5603.5 5697.5 5839.25 5955.5 6129.75 6276.25 6317 6400 6346.75 6231.75 6229.5 6246.75 6257 6251.75 6278.25 6231.75 6272.25 6426.75 6463.25 6526.25 6595.25 6641.75 6706.75 6745.25 6800.75 6866.75 6927.75 7012.75 7044.75 7087.5 7109 7134 7127.5 7139.5 7131 7120.75 7104.5 7091.25 7083.25 7053
5972.5 5939.75 5979.25 6007.5 6014.25 5980.25 5974.25 5964 5937.25 5946.75 5936.25 5927.25 5968.25 5982.75 5970.5 5870.25 5829.75 5791.25 5584 5309.5 4947 4579 4258.25 3942.5 3751.5 3967.75 4371 4710.25 5030.5 5095.75 5253.5 5404.75 5700.5 5847.25 5780 5954.5 6046 6177.75 6351 6444.25 6492 6390.25 6307.5 6265.5 6238.25 6233.75 6252.5 6213.5 6182.75 6192.25 6331.5 6414.25 6499.75 6598.25 6648.5 6638 6673.75 6757.75 6842 6940.75 7030.75 7066.5 7109.75 7116 7152.5 7160 7168.25 7153.75 7139.25 7107 7103.5 7097.75 7079.75
6063.25 6120 6136 6149.25 6138.25 6134.25 6121.75 6124.25 6116.25 6068 6028 6114.75 6058.75 6104.5 6069 5966.5 5970.75 5891.5 5698 5414 5030 4657.5 4277.25 3846.75 3670.25 4170.25 4725.25 5057.25 5251.75 5287.75 5480.75 5595.75 5745 5938.75 5860 5934.25 6086.25 6169 6270.5 6344.75 6364.25 6371.5 6316.25 6291 6273.5 6272.25 6271 6296.5 6247.5 6277.25 6359.25 6439.75 6509.5 6583 6597.25 6642 6654 6741.75 6852.5 6955.25 7037.25 7093 7131 7153.75 7157.5 7173 7177.5 7161 7151.75 7151.25 7136.25 7126.25 7107
6113.25 6162.75 6220.25 6231 6212.25 6209.25 6220.75 6170.5 6191.25 6279.5 6266 6270 6262 6281.75 6211.5 6184.5 6146 6041.75 5887 5590 5213.75 4866.25 4534.5 4420.5 4243 4891.75 5400 5655.25 5845.25 5675.25 5604.75 5774 5980.25 6008.75 6030.75 6124 6152.25 6191.5 6245 6251.25 6302.25 6318.5 6331 6343.5 6368 6372.5 6351 6363.75 6370 6381.5 6411 6472.25 6519 6575 6630.25 6661.75 6703.25 6800.75 6908 7021 7096.5 7157 7204.5 7199.5 7213.75 7183.25 7189.75 7194 7191.25 7180 7166.75 7170.75 7172.75
6075.25 6156.25 6228.75 6285 6269.5 6281 6276.75 6309.5 6312.5 6367.75 6460 6471.75 6425 6374 6329.75 6300 6244.5 6222.25 6149 5851.5 5451.25 5116.75 4838.5 4705.25 4721.25 5094.25 5020.5 5388 5507.5 5503.25 5537 5551.5 5687 5823.25 5946 6046.75 6117.25 6184 6200.25 6247.75 6299.75 6362 6380.25 6422 6481.75 6459 6447.5 6438.75 6427 6423.75 6472.5 6494.5 6569.75 6601.25 6658.75 6721.75 6792 6882.5 6981.25 7097.75 7190.25 7219.5 7219.25 7216.5 7228.25 7242.5 7224.25 7234 7256.25 7233.25 7221 7208.75 7213.5
6091.75 6161.75 6224.5 6276.5 6295.75 6289.25 6308.25 6329.75 6332.75 6329.25 6261.25 6364.5 6409.5 6419.5 6389.5 6351.25 6307.25 6263.5 6178.5 5917.75 5597.25 5304.25 5114 4995 5008 5224.75 5268.25 5167.75 5468.75 5616.25 5617 5623.5 5689.25 5753.5 5888 6020.25 6109.25 6168.75 6243 6332.75 6429.25 6457.75 6448 6466.75 6492 6479.25 6476.25 6473.25 6475.25 6504.75 6536.75 6582.5 6608.5 6657.25 6717.25 6781.25 6857 6922 6999.25 7138.5 7256.5 7246.75 7255.25 7271.25 7280 7279 7276.5 7275.75 7288.25 7268.75 7266.25 7267.5 7267.25
