layers/wordclim/past/Iberia_miroc_10_ascii/bio_09.asc
ncols         205
nrows         142
xllcorner     -11.010633712694
yllcorner     33.273793250999
cellsize      0.083333333333334
NODATA_value  -9999
[rows 34 to 67 of 142, columns 77 to 153 of 205]
171.5 172 171.75 170.75 169.75 165.75 164.75 166 165.75 164.25 162.75 160 157.5 152.75 143 140 127.75 128.5 142.5 128.25 143 160 149.5 159.5 152.5 159.75 150.75 160.5 158.75 177.5 187 189.5 193.5 193 193.75 189.75 188.75 189.5 186.25 183.75 180 177.75 173 167.25 164 168.25 168.5 164 160.5 152 76 36 66.5 35 0.75 6.5 12 21 9.25 19 11.5 9.25 1.75 12 3 0.25 17.5 4.25 -19.25 -8 0 10.5 -1 -9.5 -23 -17 5.75
175 173.75 170 171.25 169 169.25 169.75 169.5 168 166.5 163.75 159.75 157.25 153.75 149.25 139.75 142 141 136.75 147.25 150.5 142 144.5 153.5 149.75 149 145.5 162 163 166.25 174 175.25 190.25 194.25 194.5 194.75 193.5 191.5 189 188.75 187.25 187 183 178.25 174.25 175.25 176 174 171.25 97.5 25 21.75 21 22.75 18.25 17.75 16.75 24 20.25 21.5 12.75 10 12 17.5 10.5 24.25 23.25 13.5 -2 -0.75 18 7.75 -13.75 14.5 -1.25 -0.75 -9.75
177.5 173.25 171 173.25 173 172.75 170.25 171.25 169.5 168 165.5 162.5 159.75 160.5 161.75 158.25 151.5 139 135.5 141.25 138 133.75 142.5 144.25 136 140.5 153.25 147.25 153.75 166.5 175.75 180.25 187.25 191.75 193.25 195.25 193.75 189.25 183.75 187 193 190 185.75 183.75 182 183.25 179.5 177.75 101.25 32 32 27 27 27.75 25.75 27.25 28.5 30.75 14.75 14 13.25 18.25 11.5 11 6.75 24.5 18.75 19 9.5 12.75 24 18.75 19.75 14.5 13.75 12.75 15.5
178.5 176.25 178.5 176.25 172 170 168.75 170 170 168.75 168.75 167.25 163.5 159.75 158 164 159.75 153.25 146.5 136.25 123 134 125.5 128.5 136 143.25 143.25 147.25 152.25 154.5 169.75 180 182.25 183.25 192.75 195.25 197.25 198.5 193.75 192.25 195.25 190 181 173.75 178.25 187.5 183.25 144.75 106.5 34.75 34.75 30.75 30.5 32.25 30.5 33 33.5 34 24.5 20.25 14.75 18.25 21 14.25 16.25 21 4.5 18.25 25.75 30.25 34 30.5 24 29.75 32.25 30.75 34.75
179 179.75 175.25 174.75 173.5 171 170 169.75 169.25 168.25 166.5 165.75 161.75 159.5 157.75 161.25 160.5 157.25 153.25 152.75 150 151 149.75 155.75 154.25 159 155.5 149 152.75 164.25 165.25 166.75 173.75 179.5 187.5 187.25 190.75 198.25 199.75 199.5 197 189 179.5 176.75 183 191.25 149.5 31.5 30.75 36 38.25 36.5 34.75 35.5 31.5 35.5 38.5 36.75 32 27.25 24.25 24 23.5 21.25 24 27.25 27.5 36.25 36.75 37.25 34.5 30 25.5 29.5 37.5 41.75 39.5
182.5 179 178.5 175.75 174 172 172 171.75 172 170.5 170.5 170 168.5 167.5 166.25 163.25 161.25 161.5 160.5 157.5 159.25 160.75 161 163.5 165.25 166.25 164.25 158 153.25 155 163.5 161.5 154.75 166.75 177 180 188.25 194 196.5 200 201.25 194 191.25 187.5 192.25 196 152.5 34.5 28.25 32.75 36.5 39.5 40.25 37.5 34.25 38.5 41.5 37.75 37.5 37 35.75 34 32.5 32.5 35.25 39.5 37.75 39.25 38.75 38 40.25 38.75 36 30.75 35.75 43.5 49
179.25 178.25 178.25 177.25 176 175 174.5 177.25 177 176.25 175 174.75 173.5 172 171.5 169.25 167.25 164.75 164.75 162.75 162 161.5 161 160 164.25 165.75 165.5 163 162.25 162.75 157.25 152.5 138.25 133.25 160.5 174 181.5 189.75 194.25 197.25 201.25 203.5 202.75 198.75 199.75 200.5 76.25 33.25 26 26.25 34 37.75 41.75 42.25 42.5 43.25 44.25 39.5 42 42.75 38.75 35.25 39 40.5 42.5 43 43.5 42.75 43 42.5 39 35.25 36 35.25 38.75 47.25 57.25
182 180 180 179.5 178.5 178.75 176.25 180.5 180 179 177.75 177.25 176.75 174.25 172.75 172.25 172.75 169.75 170.75 167.75 169.25 166.5 164.75 167 167.5 168 169.75 168.75 166.5 164.75 161.75 157.25 151 152.25 159.5 169.5 172.75 184.5 193.25 197.25 198 199.75 204.75 207.5 206.5 165.25 41 37.5 37.5 35.25 27.25 30 36 38.75 37.25 43.5 46 45.25 45.25 43.25 39.5 38.5 42 43.75 45.5 46 46.25 45.75 45.25 41.25 39 35 35 39.25 39 46.25 56.25
183.5 183.5 180 178 180.25 181.5 179.25 178.25 175 176.75 176.75 175.25 173 173 176 176.75 176 174.25 174.25 172 171.5 173 171.75 169.75 167 169.75 170.25 168.25 165.5 165.75 162.25 161.5 160.25 166.25 170.25 178.25 181.5 181 193.75 198 193.5 113 192.75 200.75 161.75 87.25 50 46.25 45.25 43 39 34.5 35.75 39.5 38.5 39.5 43.25 44.25 62 52.5 52.75 62.75 49.75 49 48.75 49.5 46 45.5 42.5 37.5 32.5 33.25 38.5 49.25 54.5 49.75 48
181 179.75 179.25 177.75 177.5 177.75 179 177 174 172 169.25 166 172.75 170.5 171.25 173.5 173.5 175.75 176.5 175.25 175.75 174.5 174.25 173.5 172.75 170.75 164.75 164.25 169 167.5 165.25 166.5 167.5 169.25 124.25 173.25 187.25 190.5 196 196.25 118 42.5 84.5 38.5 34 39.25 44.5 49.5 52 49.25 45.25 43.5 41 43.25 44.75 48.25 51.25 53.5 55 65.25 65.5 63.25 60.25 57.5 56.25 54 43.5 39.75 35.75 34.25 34.25 36.75 37.25 43.5 51 60.75 65
182.75 182.25 180.75 180.5 180.5 180.25 178.75 178.75 171.25 164.5 166.5 170.5 174.5 174.5 172.25 170.25 167.25 168.25 167.75 167.25 170.75 171 168.25 170 172 171.5 168.5 169 175 173.75 171 170.25 171.75 179.25 142 31.75 68.5 34.75 36.75 80.25 43.25 41 39.75 34.5 30.5 35.5 41 47.75 51.25 52.75 47.25 43.5 43.75 44 44.25 52 61.75 61.25 58.75 64.5 62 58.75 56 52.25 51.25 48.5 43.5 42.5 51 51 41.75 42.25 37 43.75 91.25 99.5 135.5
185.75 186 185 184.5 183.25 181.25 181.25 180.5 177.5 172.25 175.5 175 171 168.25 168 164.25 161 161.5 161 161 166 169 168 167.75 167.5 168.25 169.5 175 177.75 179.25 179.25 179 177.25 108.75 72.75 38.75 30.25 19 21.5 29.25 36.25 33 35.25 31.25 33.5 37.75 42.5 46.75 49.5 52.25 57.25 53.5 55.5 57.75 59.75 64.25 65.25 57.5 61 63.5 57.75 58.5 56.75 49.75 44.75 40 26.25 28 41.75 61.25 65.5 126.5 117.75 192.5 200.25 201 200.75
186 185.75 185 184.5 182.75 182.25 181.75 180 178.75 176 175.75 174.25 167 153.5 143.75 151.5 155 153.75 157.5 166 166.75 167.75 170 166 166.25 166.25 169.75 175.75 179.5 177 176 176.25 101.5 30.25 28.25 30.75 26.75 20.5 17.5 19 24 26.5 25.75 32.25 30.5 32.75 38 43.5 48 53 61 65.25 66.75 68.75 69 66.5 62.75 64 65.75 65.5 67 71.5 65.25 128.25 118.75 115.75 110.25 107 122.75 74.5 104.25 197.75 198 203.5 203.5 204.75 207.5
185.5 185.25 185 183.5 184.25 182.75 180.75 178.75 176.25 172.75 170.5 163 145.75 134 148.25 146.25 156.25 152 156.75 168.25 168.25 172.75 174 166.5 165.25 165.5 166 167.25 167.5 166.5 164.75 167.5 132.75 23.5 19.25 19.5 23 22.5 18.75 19.75 14.75 14.75 23 27 33.75 24.75 28.5 38.5 45 48 56.75 59.25 61 61.5 64.25 65.75 62 65.5 62 60.5 160.5 139 141.5 206.5 202.5 192.25 194.75 104 75.75 81.25 171.25 203 205.75 208.75 210.75 213 212.25
183.25 184.25 182 183.5 182.75 181.75 177.75 172.75 168.75 166 152.25 157.75 157.75 155.5 163.5 163.5 165.5 165.5 174 172.75 175.5 176 173 169.75 167.25 164 162.75 159.75 155.25 155.25 160.25 156.5 159.25 14.75 14.25 11.75 9.5 17.25 20.75 14.75 11.75 8.75 15.5 22.5 25.5 23 18 26.25 41.25 38.75 45.75 55.5 58 58 60.5 57.25 59 97.75 129.25 198 199.75 206.25 215 210 198.5 192.25 142.25 82.25 84 176 206.75 209.75 212.75 215 216.5 219 217.5
182.25 181.5 182.25 183.5 182.75 178.25 173.25 161 131.5 142.75 164.25 176.75 173.5 160 163.25 176.75 175.5 172.75 180 181.75 179 179 174.75 169.75 167.5 166.25 164.75 161 157.5 157.75 158 155.75 156.5 10.5 11.5 13.25 14.25 10.75 17 16 9.25 -1.25 -0.5 10.5 15.25 19.25 28.75 32.5 31.75 29.25 36 45.75 56.75 56.75 51.25 51 56 160.5 197.25 201 204 210.25 211 200.5 194.25 203 148 121.5 152 180.5 210.75 213.5 218 219 -9999 -9999 -9999
179.25 177.75 181 181.5 181.75 177.75 170.25 140.75 160 164.5 165 175.25 182.25 181.5 183.5 182.75 183.25 186.5 186.75 184.5 179.25 176.25 173.25 171 169.5 167.75 165.5 167.5 163.25 158 154.25 157 157.25 11.25 11.5 8.75 13 13.5 12.5 18 12.75 5.75 -1.5 5 4 12 22.25 23.5 22.25 25.75 33.25 39.5 51.75 47.5 44.5 47 87.5 156.25 192.25 185.25 210.5 207.25 197.25 207.5 211.25 213.75 216.75 215.5 213.25 212.5 212.5 216.3333 -9999 -9999 -9999 -9999 -9999
176.25 175 177 179.5 173 157.25 151 131.75 145 154 173.5 183.5 190.25 192.5 186.75 185.75 189 192.25 188.75 181.75 177.5 176 179.5 176.25 170 167.75 168.5 170.5 165.25 165.25 161.25 162.5 160.5 117.25 -1 1.25 6.75 12.25 16.5 15.75 5.75 -3.75 -3.75 2.5 7.5 11.5 10 13.25 13.5 19.75 20.25 38.75 48.75 43 35 42.25 112.75 181 168.75 186.75 215 212.5 204.25 212.5 215.5 216.5 216 214.75 213.75 213 213.75 217 -9999 -9999 -9999 -9999 -9999
171.75 165.75 166.5 167.25 165.5 152.25 156.5 155 169.5 183.5 183.5 189.5 197.75 195.25 191 190.25 194.5 195.25 184.75 179.5 179.75 177 180 183.5 179.25 176 174 165 161.75 160.5 158.75 158.25 154.25 77.75 -5 -6 -1.5 11.25 17.25 8.75 -8.25 -6.5 -5.25 -6.25 -6.5 -5.5 -0.75 -2.5 3.75 11 27.25 39.25 31.5 37 33.75 37.75 23.75 128.75 169.5 199.5 214.25 217 216.5 216.75 215.5 214.5 214.5 214 214 214.75 214.75 215.75 -9999 -9999 -9999 -9999 -9999
165.25 160.25 157.5 153.25 150 170.75 184 180 183.25 190 193.5 202.25 203.75 198 196.5 193.5 198 192.5 183.25 184.5 180.25 177.25 185.25 187.75 182.75 175.25 169.75 162.5 157.25 153.75 157 154.25 152.5 149.5 106 -9.5 -9.25 -1.5 8.25 5.25 -5.25 -2.25 -0.25 -0.75 -4 -1.5 0 1.5 9.75 10.25 17.25 21.5 32.25 22.75 18.75 19.75 96.5 182 192.25 205.75 210.75 211 217.75 217 215.25 214.25 214.25 214.5 214.5 215 215.25 215 219.5 -9999 -9999 -9999 -9999
167.25 163.75 167.5 169.5 161.75 181.75 190 190.75 194.75 204 202.75 205 206.5 200 200 200 198.75 187.5 190.75 187 181 179.75 189.5 180.75 174.25 173.5 173.5 171.25 166.5 159.25 153.75 149 147.25 143 139.25 27.75 -12.5 -8.5 2.75 9.25 1.25 -0.5 5 1.5 -9.75 -2 -4.25 -5 -7.75 -9.5 10.25 19.75 26.5 27.5 26 137.5 180 195.5 204.25 209 210.5 210.25 217 217 216 216.5 216 215.5 215 215 215 216.25 -9999 -9999 -9999 -9999 -9999
180.25 180.25 189.25 186.75 185 192.5 197.25 205 202.75 207 204.5 206 208 205.25 205.25 200.75 190.75 191.5 193.25 186 184.5 189.75 190 183.5 188.25 183.75 185.25 177.5 171 162 155.75 146 144.25 143 136.25 97.75 -14.75 -6 0 9.5 5.25 1 7.75 -1.5 -10.5 -6 -9.25 -15 -10.5 -9.25 -2.25 11 16 20.5 93.5 181.75 191.75 201.75 205.25 212.5 215.75 217.25 218.75 217.75 217.25 217.25 216.75 216.25 215.75 215.5 215.75 217.6667 -9999 -9999 -9999 -9999 -9999
186.25 200.5 202.75 199.25 202 207.75 209.25 208.75 205 206.25 208.5 207.25 210.75 209.25 203.75 196.25 193.25 195.5 191.5 188.75 192 193.75 195 190.5 189.75 190.25 185 180.75 174 167.5 158.75 152.75 144 141 140 64.5 -6.5 -4 2.5 7.75 9.5 8.5 7.5 -6 -6.75 -9.5 -15.25 -23.5 -22.5 -11.5 -3.75 8.5 22.5 63.5 140.5 189.5 198.25 198 205.25 214 217 218.25 218 218 218 217.75 217.25 216.75 216 216 216.25 218.5 -9999 -9999 -9999 -9999 -9999
180.75 197.75 201.25 207.5 214.25 213.5 210.25 211 208.25 207.5 211.75 212.5 212.5 210.75 201 197.25 197.75 197.25 195 198.75 200.75 192.5 196.25 189.5 181.75 187 182.5 181.5 179.5 173 157.5 151.5 148.25 147 139.75 144.75 30 -8 -6 4.25 10.75 17 11 -2.25 3.25 3 -7.5 -15.5 -11.25 -7.75 6 18.25 70.25 177.5 187.75 187.5 203.75 203.25 205.75 212.5 219.25 218.75 218 217.5 218 218 217.75 217 216.5 216.25 217.75 -9999 -9999 -9999 -9999 -9999 -9999
200.75 204 213 218.25 216.25 212.5 211 213.25 209.75 210 212 212.5 214.25 208.5 204.25 203 201.5 198.75 200.5 203 192.25 189 193 188.25 188 186.25 182.75 179.25 171.75 174.75 163 156.75 154.75 152.5 144.75 145 69.75 -12.5 -1.5 2 12.75 17.75 4.75 4.5 14.25 15.75 9.25 0.5 1.25 10 6 17.75 185.5 195.25 190.75 197.75 205.25 212 213 219.25 220 218 218 218 217.75 218 218 218 217.5 218 221.5 -9999 -9999 -9999 -9999 -9999 -9999
210.75 218.5 220.5 218 214.25 212.5 214.25 215.5 212 214.25 211.75 215 215 211.25 204.25 202.75 202.5 206.5 207.25 201.25 191 189 192 187.25 186.25 183.25 181.25 179.25 175 177.75 163 159 155.5 152 152.75 153.25 75.25 31.5 5.75 14 17 7.25 -4.5 -2 14.25 23.25 24 24.5 24.5 24 31.25 143.25 189 201.25 202.75 202 208.75 216 217.25 217.75 218 219 219 218.5 218 218 218 218 218.5 220 -9999 -9999 -9999 -9999 -9999 -9999 -9999
222.5 222.25 220.25 217 215.75 217 218.25 215 218 216.5 214.5 218 215 212 207.75 209.75 210.5 207.25 204.5 199.75 192.5 190.25 187.5 182.75 181.75 181.25 176.25 178 182.5 177.5 168 163.5 162.5 164.25 160.75 164.75 123 37.25 6 23.75 17 1.25 18.5 -11.75 10 19.5 25 29.25 75.5 150 188.75 190.25 200.75 201.75 199.25 203.25 211.75 218.25 219 218 218.25 219 219 218.75 218.75 218 218.25 219.25 221 -9999 -9999 -9999 -9999 -9999 -9999 -9999 -9999
221.5 220.25 218.75 218.5 219.5 221.25 222.25 221.25 222 219 220 216.75 212 209.5 208.5 208.5 205.25 201.5 199 198 193.5 190.5 191.25 190.25 183.5 185 180.25 183 182.75 181 178 169.75 174.5 173 168.25 169.75 126.75 83 9.25 20 15.25 10 2.25 -2 -1.5 10.75 22 24.75 71.25 182.25 193 202.5 207 208.5 211.5 215.75 218.25 218.5 217.75 217.5 218.75 219 219 218.75 218.75 218.75 218.75 223 -9999 -9999 -9999 -9999 -9999 -9999 -9999 -9999 -9999
223.75 220.25 220.25 221.25 224.25 224 221.5 222.75 224 221.75 217 211 208.75 207.5 206 204.75 202.75 201.25 200.5 198.5 194.5 193 194 190.75 189.75 185.25 186 187 182.75 177.75 175.25 174.5 178.75 176.75 177.75 169 166.5 131 16.75 17.25 24 20.25 15 12.25 3.25 5.75 65.75 188 193.5 189.75 187.75 198.5 207.5 211.5 213.25 215.5 218.5 219 219.5 219.5 219.5 220 219 218 218 220.5 225 -9999 -9999 -9999 -9999 -9999 -9999 -9999 -9999 -9999 -9999
221.75 224.25 225.25 224.5 222.75 220 220 219 219 218.75 217 217 213.5 210.25 209 206.75 204.5 204.25 203.75 201 197.5 194.5 193.75 193.75 192 189.5 189.25 189.75 183.75 181.5 178 177.25 180.25 177.25 179 177 173.75 176.25 138.75 57.25 21.25 33.25 29.75 25.25 20.25 24 101 183.25 193 200.75 198.5 197 208 213.75 215 216 218.5 219.5 220.25 220.5 220.25 220 219.5 218.5 219 223 -9999 -9999 -9999 -9999 -9999 -9999 -9999 -9999 -9999 -9999 -9999
217.5 216.75 219.75 216 212.25 214.75 211.5 211.25 213 213.25 215 213.75 212.5 211 209.5 208 207.25 206.25 204.5 203 197.25 195.75 194 195.5 194 190.75 189.25 192.5 190.5 185 180.25 178.75 180.75 181.75 184 184.5 184.25 183.5 174.5 101.25 68.5 153.25 193.75 156 190.5 194.75 195.5 196 192.5 193.75 205.25 207.75 213.25 215.25 217.75 218 219.5 220.75 221.25 221 221 221.25 221.25 221.25 222.5 -9999 -9999 -9999 -9999 -9999 -9999 -9999 -9999 -9999 -9999 -9999 -9999
211 212 214 213 210 211.5 211 210.5 210.5 211.25 209.25 212.25 211.75 211.75 208.75 210.5 209.25 208 206.5 203.5 200 199.5 196.75 195.75 194.5 189.5 192.5 193.75 193 188.25 185 184.25 182.75 182.75 182 187 188 183.75 180.5 186 181.25 178.75 186 195.75 203.25 203.25 206.5 208.25 207.25 202.75 203.75 211.75 214.5 217.5 217.5 218.75 220.75 222.75 223.5 223 224 224.5 225 225 -9999 -9999 -9999 -9999 -9999 -9999 -9999 -9999 -9999 -9999 -9999 -9999 -9999
202.75 196.75 207.75 209.25 203 199.5 202.5 203.75 208.25 210.5 211.75 212 211.5 211.25 211.5 211.75 210.5 209.5 208.25 205 200.25 202 200 196.5 197 195.5 194.25 195.25 192.75 192.75 191.75 189.75 189 187 186 188.25 193.5 189 185.25 188.25 189.5 183.25 183.25 190.5 196 204.75 209.75 211.75 212 211.25 212.5 214.25 215.5 217 218 220.75 224.25 225.5 227 -9999 -9999 -9999 -9999 -9999 -9999 -9999 -9999 -9999 -9999 -9999 -9999 -9999 -9999 -9999 -9999 -9999 -9999
212 205.75 202.5 202.5 208.5 204.5 200.75 204.5 209.25 211.25 211.25 211.75 212.5 212 213 212.75 211.5 209.5 209 208.25 205.5 204.75 202.75 200.75 200 198.25 198.75 196.75 192.25 192.75 195 193.5 192.75 192.5 191 192 196.5 189.5 191 192.75 193.25 192.75 190.25 184.75 186.5 196.75 207.25 210.5 212.75 213.5 214.25 215.25 216.25 217.5 219.75 223 227 -9999 -9999 -9999 -9999 -9999 -9999 -9999 -9999 -9999 -9999 -9999 -9999 -9999 -9999 -9999 -9999 -9999 -9999 -9999 -9999
