layers/wordclim/past/Iberia_miroc_10_ascii/bio_15.asc
ncols         205
nrows         142
xllcorner     -11.010633712694
yllcorner     33.273793250999
cellsize      0.083333333333334
NODATA_value  -9999
[rows 37 to 73 of 142, columns 82 to 163 of 205]
26.25 25.75 25.5 25 24.75 24 23.75 22.75 22.5 22 22 21.5 20.75 20.25 19.25 18.5 18.75 18 18.25 18 18.25 18.25 18.5 19 19.25 21.5 23 23.5 23.5 24.5 25 25 25.25 25 24.5 24.75 24.25 23.25 22.75 23 23 23.25 23.75 24.25 25 25 25.25 25.5 25 24.25 24 24 23.75 22.5 21.75 21 21 22 20.75 21.5 22.75 20 22.5 24 25.25 26.25 26 25.5 26.75 27.5 27.5 28.5 28.75 29.5 29.5 27.25 26.25 24.5 22.5 20.75 21.5 22.5
26.75 26.25 25.5 25.25 24.75 24.25 24.25 23.25 23 22.25 22 22 21 20.75 20 19.5 19.75 19.5 19 18.75 19.25 19.25 18.75 19.25 21 21.25 21.75 23.25 24.5 25 25.25 25.75 26.25 26.25 27 26.25 26 24.5 24.5 24.5 24.5 24.5 24.75 25 26 26 26 26.25 25.75 25.25 25.5 25.75 25.25 24.5 23.5 23.25 23.25 22.5 22.5 23.25 24 23.75 25.25 25.25 25.75 26 25.25 25 26 27 27.75 27.75 28 28.25 27.75 26.25 25.75 23.75 22 20.25 20.25 22
27.25 26.5 26 26 25.75 25 24.75 24 23.5 23 22.5 22 22 21.25 21 20.75 20.75 20.25 20 20 20 20.25 19.75 19.75 20.25 21.5 21.75 21.5 23.5 25 26 26.75 27.75 27.5 28.5 28.5 28 27 26 25.25 25.5 25.75 25.5 26 27 27 27.25 27.5 27 26.75 26.5 26.75 26 26.25 25.5 25.5 25.25 25 25 25.5 25.75 25.5 26 25.5 25.75 25.5 26 25.75 25.25 25.75 26.75 27 26.75 27 26.5 23.5 23.25 22.5 20 20.25 20.75 22.5
27.75 27.5 27 26.75 26.25 26 25 24.75 24 24 23.5 23 22.25 22.25 21.25 21.25 20.75 20.25 20.25 20 20.25 20.5 20.25 20.75 21.5 21.5 21 20 19.75 24 26.25 27.75 28.75 29.5 30 30.75 30.5 29.25 27.5 26.75 26.25 26.75 27 26.75 27.25 27.5 28 27.75 28 28 28.25 27.75 27.5 27.5 27 27.25 26.5 27.25 27.25 27.5 27 26.75 26.25 26.25 26 25.5 24.75 25 25 25 25.75 26.5 26.5 25.75 24.75 23.5 22.75 21.25 20.75 20.25 23.75 27
28.5 28 27.5 27 27 27 26 25.5 25.25 24.5 24.25 24 23 22.5 22.25 22.25 21.75 21.25 21 20.75 21 21.5 21.5 22 22.75 22.25 22.75 22.25 23.25 24.5 26.75 27.75 29 30.75 31.25 32.25 32 31.5 28 27.25 27 27.75 27.75 28.25 28 28 28 28.75 28.5 28.5 29 29.25 29 29.25 28.5 28.25 27.75 28.75 28 28.25 28 27.75 27 26.5 26.25 25 24.75 24.25 24.5 24.25 25 25.25 26 24 23.75 23.5 23.75 23.5 23 23.25 24 25.25
29 28 28 27.75 27 26.5 26.25 25.75 25.75 25.5 25.25 24.25 23.75 23.75 23 22.75 22.5 22 21.75 21.25 21.5 22.25 22.25 22.5 23 23 23.75 24.5 26 27 29 29.75 30 31.75 32.5 32.5 31 31.25 30 29 28.25 28.75 28.75 29.75 29.5 29.5 29.25 29 29.5 29 29.25 29.25 29.25 30 29.5 29.5 30.25 29.75 29.5 28.5 28.25 28 27.75 26.25 25.25 24.25 24 24.5 25.25 25.5 24.75 24.25 25.75 25 25.25 26 27 26.75 25.5 25.5 29.5 33.75
28.5 28.75 28 28 27 26.5 26 26 25.5 25.25 25 25 24 24 23.75 23.25 23 22.75 22.5 22.5 22.75 22 22 23.5 23.75 24.25 25.25 26.25 27.25 26.75 29.25 31.25 32.25 33 33.25 33.5 32.75 32 31.75 30.25 29.75 29.75 30.5 30.75 30.5 30.5 30.25 30.5 31 30.5 30.75 30.5 30.25 30.25 31.25 31.5 30.5 29.25 28.75 28.25 28 27.5 26.5 25.25 24.5 24.5 24.5 24 24.5 25 26.25 26.5 28.25 28 28 29 29.25 28 30.25 33.5 35.5 37
29 29 28.5 28 26.75 26.75 26.5 27 26.5 25.75 25 24.25 24.25 23.75 23.5 23.25 23 22.5 22.75 23 23 22.75 23 25 25.25 25.75 26 27.5 29.5 30 30.75 31.75 32.25 33 33.75 34 33.5 33 32.25 31.75 31.25 31.5 31.25 31.25 31.75 31.75 31.25 31.25 31 31.25 31.5 31.75 32 31 31.75 31.25 30.5 29.25 27.75 27.75 26.75 26.5 26.5 27.5 27.5 26 25.25 24 24.5 26.25 27.5 28 26.5 29 30.25 28.75 32.75 34.25 34.75 36.25 37.5 39.25
29.75 29.75 28.5 28.75 27.5 28 27.5 26.75 26 25.75 25.5 24.25 24.5 23.5 23.5 23.75 23.5 23 23 22.75 23.25 23.75 24.75 25.25 26.25 27.75 28.5 29 30.5 32 32.5 32 32 32.75 33.5 34.5 34.25 34 33 32.75 32.25 31.75 32 32 32.5 32.75 32.75 32.5 33 33 33 33 31.25 31.75 32.25 31.25 30.75 29.75 28 26.75 25.75 24.25 24 25.5 29.25 29.25 28.5 26.25 27.25 28.25 28.25 28.25 27 28.5 33 34.25 35.25 37 37.75 38.75 40.5 -9999
30 30 29.25 28.75 28.5 28.25 28 26.75 25 24 24.5 24.25 24 23.5 24 24 23.5 23.5 23.25 23.25 23 24.25 25 26.25 26.75 27.5 28.25 29.5 30.75 31.25 32.75 33.5 33.5 33.25 34.25 34.5 35 34.25 34.5 34 33 33.25 33 33.75 32.75 33.5 33.75 34 34.5 34 34 33.5 33.75 33.75 34 34.25 35.25 33 30.75 28.5 27.25 26 25.75 29 32.5 31.75 30.25 29.75 30.5 30.25 31 31.5 30.5 33.5 35.25 36.5 37.75 39.5 41 -9999 -9999 -9999
30.25 30 29.5 29 28.5 28 27.25 25.25 23.75 24.5 24 24.5 23.75 24 25 24 24.25 24.5 23.5 23.5 23.75 24.25 24.5 25 25.75 26.5 28 29.25 30.75 30.5 32.25 33.75 35.25 35.75 35.75 35 34.5 35 35.5 34.5 34.25 33.5 33.5 33.5 33.75 34 33.5 33.5 33.75 34.5 35 33.25 34.25 33 32.75 31 34.5 35.5 34 32.75 30 31.5 33.75 34.5 36 35.25 34.5 34 34 34.5 35.5 35.5 35.5 36.5 38 39 41 -9999 -9999 -9999 -9999 -9999
30.5 30 29.25 28.75 28.25 26.5 27 26.75 26 26.5 26 26 25.5 26.25 25.75 25.5 25.5 25 24.25 24 24 24 24 24 24.25 26 26.25 28.25 29.25 30.25 31 32.25 34.75 37 36.5 35 33.75 35.5 35.5 35 34.75 33 32.75 33.75 33 33.75 33.25 33 33.25 33.5 32.5 33 34 32.25 32 32.5 34 38.75 36.75 32.75 31 37.5 38.5 37.75 38 38.25 38 38 38.5 38.5 39.66667 38.5 39 -9999 -9999 -9999 -9999 -9999 -9999 -9999 -9999 -9999
30.5 30 28.5 25.75 26.5 27.75 29 28.75 26.75 27 28 27.5 26.75 27.25 27 26.5 26 25.75 24.75 24.5 24.75 24.5 24.5 25 25.25 25.75 26.5 27 29 30.75 32.75 34.25 34.25 37.75 38 35.25 32.25 32.5 34.25 34.75 35 34.5 34 33 32 32.5 32.5 33.5 33 31.75 31.5 32.75 32 32.25 33.25 35 37 38 34.75 32.25 36.5 40.75 42 41.25 40 40 40 41.25 40.5 -9999 -9999 -9999 -9999 -9999 -9999 -9999 -9999 -9999 -9999 -9999 -9999 -9999
31 29.75 27 28.5 28.5 28.5 29.5 30.5 30.5 30 30 29.25 29.5 29 28 27 26.5 25.75 25 25 25 25.25 25.75 25.25 25.25 25.5 26.75 28 29.25 30.5 31.5 34.25 36 37.5 40.25 37.5 35 33.25 34.25 33.5 33.75 34.75 33.25 32.5 32 32.25 32.5 32.75 31.75 30.5 31 32 31.25 31.5 30 37.75 36.75 33.75 38 40.5 42.25 43.5 43 42.25 40.75 41.25 42 -9999 -9999 -9999 -9999 -9999 -9999 -9999 -9999 -9999 -9999 -9999 -9999 -9999 -9999 -9999
29.5 29 26.75 27.5 28 30 31.5 32.75 32.75 31.25 31 30.75 30.75 29.75 28.25 27 26.5 26.75 26.25 25.25 25.25 25.5 26 25.5 26 26.5 27.75 28.5 28.5 29.5 31 32.75 35.5 38.5 39.75 35.25 34.25 33.25 34 34.25 34 32.25 31.75 31 30.75 29.75 31.75 32.5 31 29 30.25 30.25 29.5 26.5 30.75 39 39.25 36.5 40.5 42.75 44 43.5 42.5 42.5 42 42.25 43.33333 -9999 -9999 -9999 -9999 -9999 -9999 -9999 -9999 -9999 -9999 -9999 -9999 -9999 -9999 -9999
29.5 29.75 28.5 30.25 32 31.75 33.25 35.25 34 32.75 32 32.75 31.75 29.25 28.25 27.5 27 27.25 27.5 26.75 26.25 26.25 25.5 25.5 25.75 26 26.75 27 28.5 28.75 30 31.5 35.5 38 36.25 31.75 32.5 32.25 31 30 29.25 29.75 28.5 28.75 29.25 31.25 31.25 30 30 28.75 28.75 27 26.25 27 34.75 39.5 41.25 41.75 43 43.25 43.25 43.5 43.75 43 43.25 43.25 43.25 -9999 -9999 -9999 -9999 -9999 -9999 -9999 -9999 -9999 -9999 -9999 -9999 -9999 -9999 -9999
31.25 31.75 31.5 31.75 33.25 34 36.25 37 35.5 35.25 33.75 33.75 32 29.5 29.5 28.25 27 28 28 27.5 26.5 25.75 25.25 25 25 26 26 26.75 27 26.75 28 28.75 33 36.25 36.25 32.25 33.75 34 32.25 30.75 30.25 29.75 28.75 29.5 28.75 29 29 30 28 26.25 26 26.75 29.75 33 37 38.75 39.25 42.75 43.25 44 43.75 43.5 44 44 44 43.5 43 45 -9999 -9999 -9999 -9999 -9999 -9999 -9999 -9999 -9999 -9999 -9999 -9999 -9999 -9999
32 32.75 33 33.75 36.25 36.75 38 38.5 37.75 37 35.75 34.75 31.5 31.25 30 28.5 28 29.25 27.5 26.75 26.25 26.25 26 26 25.75 25.25 25.25 25 25.5 25.25 27 27.5 29.5 34 36.75 33.75 33.25 34.75 33 28 29.25 28 27 25.5 24.5 27.25 28.25 28.25 28.75 27.25 27.75 29.25 33.75 36.5 38 39.25 39.5 42.75 43.25 43.5 44.5 44.25 44.5 44.5 44.25 44 44 -9999 -9999 -9999 -9999 -9999 -9999 -9999 -9999 -9999 -9999 -9999 -9999 -9999 -9999 -9999
33 33.75 35.25 35.25 37.25 37.5 38.25 39.75 40 39 36.75 32.75 32.5 32.25 30.25 29.25 29.25 29.25 28 28.5 27.75 27.75 27 26.75 25.75 25.75 24.25 24.75 25 24 25 26.75 29.5 32 35.25 34.75 33.25 35 31 27 27.75 26.5 24.25 24.75 24.25 24.75 26.75 26.5 27 27 30 32.75 35.75 37.25 39.5 41.5 43 44.25 44 44 44.75 44.75 44.75 44.5 44 44.75 45.66667 -9999 -9999 -9999 -9999 -9999 -9999 -9999 -9999 -9999 -9999 -9999 -9999 -9999 -9999 -9999
34.75 35 35.25 35.75 37.25 38.25 39 40 40.5 38.75 35.75 33.75 33.25 32 30.5 30.75 30 30.5 29 29.25 29 28 27.25 27.25 26.25 25.5 25.25 24.25 24 24.25 25.5 28 29.25 31.5 33.25 35.5 34.75 33.5 28.5 28.25 26 24.25 22.25 21.75 23.5 24.25 25.25 27.5 28 28.75 32.75 35 34.75 37.5 40.75 42.25 43.25 43.5 44 44.75 45 45 45 45.5 45.25 45 46.5 -9999 -9999 -9999 -9999 -9999 -9999 -9999 -9999 -9999 -9999 -9999 -9999 -9999 -9999 -9999
35.5 35.5 35.75 36.5 37.25 39 39 40 39.5 37 35.25 34.75 33.75 33 32.75 32 30.75 30.5 28.75 28.25 28.5 28 28 27.75 27 25.5 24.75 24.75 24.75 24.25 25.5 26.75 27.25 28.25 31.25 34.25 36 33.25 28.75 29.5 28.25 25.5 23.5 23.5 23.75 25.5 27 29.25 29.5 32.25 32 37 37.25 38.5 40.75 43.75 43.75 44 44 45.25 45.5 45.25 45.5 46 45.5 46.5 -9999 -9999 -9999 -9999 -9999 -9999 -9999 -9999 -9999 -9999 -9999 -9999 -9999 -9999 -9999 -9999
35 35.5 36.25 36.5 37 38 38.75 39 38.25 37.25 36.5 35.25 34 34 33.5 31.5 30 30.5 29.25 29 28.5 28.25 28.25 27.25 27.5 26.25 25.5 25.5 25.25 24.75 25 26.25 25.75 28 29.5 32.5 34.5 30.25 29.5 31.25 30.25 28 25.75 25 26 24.75 26.75 31.5 34.5 33 35.75 38 40.5 40.75 43.75 44.5 44.25 44.75 45 45.5 45.75 46 46 46.25 46.25 48 -9999 -9999 -9999 -9999 -9999 -9999 -9999 -9999 -9999 -9999 -9999 -9999 -9999 -9999 -9999 -9999
35.5 35.75 36.25 36.25 37.5 37 38.5 38.75 38 36.75 35.75 35.25 35.5 35 33 31.25 30.25 30 29.25 29.25 29 28.25 28.25 27.75 27.75 26 26 25.5 25 25.25 26 26.5 26 29 31.25 32 30 27 27 30 30.75 30 29.25 28.75 28 28.75 29.75 32.75 36.75 37.5 36.75 39.5 42.75 43.5 44.25 44 44.75 45.25 45.75 46.25 45.75 46.5 46.25 46.75 48 -9999 -9999 -9999 -9999 -9999 -9999 -9999 -9999 -9999 -9999 -9999 -9999 -9999 -9999 -9999 -9999 -9999
36 36.5 36 37.5 37.75 37.5 38.5 38.5 37.5 37 36.75 36.5 35.75 34.25 33 31.75 31 30.5 29.5 28.75 28.75 27.75 28.25 28.75 28.25 26.25 26 26 26.25 26.25 27 27 26.25 28 31.25 30.75 27.25 23 24 28 28.75 29 29.25 30.75 30.75 31.75 32.75 36.5 37.25 36 38.25 41.5 44.25 44.75 44.5 44.5 45.25 46 46.25 46.25 46.25 46.25 47 48.5 -9999 -9999 -9999 -9999 -9999 -9999 -9999 -9999 -9999 -9999 -9999 -9999 -9999 -9999 -9999 -9999 -9999 -9999
37 37.5 37 37.75 37.75 38 38.25 37.25 37 36.75 36.5 35.75 34.5 33.25 33 32 31 31 30.5 29.5 29.25 28.75 28.5 29 29 27.75 26.5 27 26.75 26.75 27 26.75 27 27.75 29.25 29 28.25 26.25 25.25 25.25 26.5 28 28 29.5 29.5 33.25 37.25 40 41.25 42 43.5 44.25 44.75 44.5 44.5 45.25 46.25 46 46.5 46.75 47 47 49 -9999 -9999 -9999 -9999 -9999 -9999 -9999 -9999 -9999 -9999 -9999 -9999 -9999 -9999 -9999 -9999 -9999 -9999 -9999
37.5 36.75 37.25 37.75 37.75 37.5 36.75 37.25 36.25 36 36 34.75 34.25 34 33 32.25 31.75 31.75 31 30.5 29.75 29.75 29.25 28.75 28.25 27.75 27 27.25 27.25 27.75 27 26.25 27.75 28.25 28.25 29.25 29 28 27 25.25 25 28.5 31 33.25 32 31.5 36 41.25 42.75 44 44 45 45.25 46.25 46.25 46.5 46.5 46 46.75 46.25 48 49 -9999 -9999 -9999 -9999 -9999 -9999 -9999 -9999 -9999 -9999 -9999 -9999 -9999 -9999 -9999 -9999 -9999 -9999 -9999 -9999
37.25 37.25 37.5 37 37.25 37.5 38 37.25 37 36.5 36 35.5 35 34.5 34 33 32.5 32 31 31 30.25 30.25 29.75 29 28.5 28 27.75 27.75 27.25 27.25 27.5 27 27.25 28 27.75 28.5 30.25 29.25 28 27.25 27.5 27.5 29.25 32.75 36.75 36.5 36.25 42.25 44.5 45.75 45.5 45.75 46.25 47.25 47 47.5 47 47 47 48 50 -9999 -9999 -9999 -9999 -9999 -9999 -9999 -9999 -9999 -9999 -9999 -9999 -9999 -9999 -9999 -9999 -9999 -9999 -9999 -9999 51
38 37.5 37 37.75 37.5 37.75 37.75 37.25 37 36 36 36 35.75 34.25 33.75 32.75 32.25 32 32 31.25 31 30 30.25 29.75 29 28 28 27.5 27.75 28.25 28.25 28.25 28.25 27.25 27.5 29 30 30.75 31.5 30.25 32 33.25 34 32.75 34 40.75 42.75 45.75 46.5 47 47.25 47.5 47.75 48 48 48.25 48.25 48.25 49 49.5 -9999 -9999 -9999 -9999 -9999 -9999 -9999 -9999 -9999 -9999 -9999 -9999 -9999 -9999 -9999 -9999 -9999 -9999 52 51 50.75 45
38 38 38 37.75 38 37.5 37.75 37.75 37 37 37 36.5 35.75 35.75 34.5 33.75 33 32.5 32.25 31.75 30.5 30.75 30.75 30.25 29.75 28.75 28.5 28 27.75 27.75 28.5 28.75 28.5 27.75 28.25 27.75 28 29 31.75 35.5 36 38.75 40.75 40.75 39 40.75 46.25 47.5 48 47.25 48.5 49 49.5 49.25 49.5 50.25 50 51 51 -9999 -9999 -9999 -9999 -9999 -9999 -9999 -9999 -9999 -9999 -9999 -9999 -9999 -9999 -9999 -9999 -9999 53 51.33333 50.75 46 42.75 45.5
37.5 38.25 37.5 38 38.5 38.25 38 38 38 37.25 37 37 36.75 36.25 35.25 33.75 34 33.25 33 32.5 31.75 31.5 31.25 30.75 30 30 29.75 28.75 28.75 28.5 29 30 29.25 28.25 29 29.25 28.25 28.25 30.5 32.75 37 41 43.5 44.75 46.25 48.25 49.25 48.75 49.25 48.75 50 51.25 52 52 -9999 -9999 -9999 -9999 -9999 -9999 -9999 -9999 -9999 -9999 -9999 -9999 -9999 -9999 -9999 -9999 -9999 -9999 -9999 -9999 -9999 -9999 51.5 49.75 46.5 45.75 45.25 48.25
39 38.25 38.5 39 38.75 39 39 38.25 38 38 37.75 37.5 36.75 37 36 34.75 34.5 34 33.5 33 32.5 32 31.75 31 30.5 30.75 30 29.75 29.75 30.25 30 30.75 29.25 29.5 30.25 30.25 30.5 29.75 29 29.5 33.5 40.25 43.25 45.75 47.75 51 50.5 50 50.5 50.25 51.75 53.5 -9999 -9999 -9999 -9999 -9999 -9999 -9999 -9999 -9999 -9999 -9999 -9999 -9999 -9999 -9999 -9999 -9999 -9999 -9999 -9999 -9999 -9999 -9999 -9999 52.25 51 50 49.5 49.25 50
39.5 39 39 39 39 39 39.25 38.75 38.5 39 38.25 37.75 37.25 37.25 36.5 35.75 35.25 34.5 34.5 33.75 33.25 33 32.25 31.75 31.75 31.5 31 30.5 30.5 30.25 30.75 31.5 32.5 31.5 32 32.25 31.25 30.5 31 31.25 36 40 43 46 49.25 51.25 51 51 50.75 51 52.5 54 -9999 -9999 -9999 -9999 -9999 -9999 -9999 -9999 -9999 -9999 -9999 -9999 -9999 -9999 -9999 -9999 -9999 -9999 -9999 -9999 -9999 -9999 -9999 -9999 52.75 51.5 51.5 51.75 51.25 51
40.5 40.5 40.25 40 39.75 39 37.75 38.75 39.25 39.25 39.25 38.75 37.5 38 37.25 37 36.75 35 34.75 34.5 34 33.75 32.75 32.75 32.75 32.25 32 32 31.5 31.75 31.25 31.5 32 33.25 34 34 33 32 31.75 35.25 36.5 40.5 43.75 45 49 51 51 50.75 51.25 52.25 52.75 -9999 -9999 -9999 -9999 -9999 -9999 -9999 -9999 -9999 -9999 -9999 -9999 -9999 -9999 -9999 -9999 -9999 -9999 -9999 -9999 -9999 -9999 -9999 -9999 -9999 53.75 54 53.75 53.5 52.5 52.25
42 41.25 41.75 41.5 40.5 40 39.25 40.75 40 40 40 38.75 38 37.75 37.5 36.75 36.75 35.75 35 35 34.25 34 33.5 33 33.5 33 33 32.75 32.75 32.75 32.75 32.5 32 32.25 32.25 32 33.5 35.5 34.25 34 36.75 37.25 42.5 47.25 49.75 50.5 51 51.25 51.5 52.75 53.75 55 -9999 -9999 -9999 -9999 -9999 -9999 -9999 -9999 -9999 -9999 -9999 -9999 -9999 -9999 -9999 -9999 -9999 -9999 -9999 -9999 -9999 -9999 -9999 -9999 -9999 -9999 -9999 -9999 55 54.25
43.5 43 42.75 42.75 42.25 42 41.75 42 41.25 40.25 40 39.75 38.5 38.25 38 37 36.75 35.5 35 34.75 34.5 34.5 34.5 34.5 33.75 33.75 34 34.5 34.25 34 34 33 33.25 31.75 31.25 31.5 32.25 35 31.5 32 37.75 42 44.25 49 49.25 49.25 50.75 51 52.25 53.25 54 55.33333 -9999 -9999 -9999 -9999 -9999 -9999 -9999 -9999 -9999 -9999 -9999 -9999 -9999 -9999 54 53.33333 53 53 53.66667 55 -9999 -9999 -9999 -9999 -9999 -9999 -9999 -9999 -9999 -9999
43.75 43.75 43.75 43.5 43.25 43 42.5 42.25 42 41 40.75 40 39.25 38.5 38 37.5 36.25 35.5 35.5 35.25 33.75 34.25 34.75 34.75 35 35 34.75 34.75 34.75 34.5 34 33 31.75 30.75 29.5 30.5 32.5 34.5 30.75 33.5 38.5 41.75 45.75 48.75 49.5 46.25 48.25 51.5 52.5 53.5 54 55.5 56.66667 58 -9999 -9999 -9999 -9999 -9999 -9999 -9999 -9999 -9999 -9999 -9999 53 50.75 49.5 49.25 51 52.25 54 -9999 -9999 -9999 -9999 -9999 -9999 -9999 -9999 -9999 -9999
44.25 45 44.75 44.5 44.25 43.25 43 43 42.25 41.75 41 40.25 39.75 38.75 38 37 36 36 35 34.75 34 34 34.5 35 35.25 36 35.5 35.5 35.5 34.75 32.25 32 30.25 29.75 30.5 31.5 31.75 33.25 30.25 33 37 41 44.5 47.25 47.5 44 42.25 50.75 53 54 54.75 55.25 56 56.75 58 -9999 -9999 -9999 -9999 -9999 -9999 -9999 -9999 56 53 51 49.5 49.5 51 51.5 52.5 53.5 -9999 -9999 -9999 -9999 -9999 -9999 -9999 -9999 -9999 -9999
