layers/wordclim/past/Iberia_miroc_10_ascii/bio_15.asc
ncols         205
nrows         142
xllcorner     -11.010633712694
yllcorner     33.273793250999
cellsize      0.083333333333334
NODATA_value  -9999
[rows 37 to 73 of 142, columns 0 to 81 of 205]
-9999 -9999 -9999 -9999 -9999 -9999 -9999 -9999 -9999 -9999 -9999 -9999 -9999 -9999 -9999 -9999 -9999 -9999 -9999 -9999 49 49 49.75 49.5 50 50.75 51 50.75 51 50.25 50 49.75 48.25 48 47.75 48 48 48 47.5 47.5 47.75 47.25 47 46.75 46.5 46.5 46 45.25 44.25 43.25 41.75 43 42.25 41.25 40.5 39.25 38.75 37.75 36.25 35.5 35 34.5 33.5 33 32.5 31.75 31.5 30.75 30.5 29.75 29 29 29 29 28.75 28.5 29 29.75 28.75 28.75 27.75 27
-9999 -9999 -9999 -9999 -9999 -9999 -9999 -9999 -9999 -9999 -9999 -9999 -9999 -9999 -9999 -9999 -9999 -9999 -9999 -9999 49.5 49.25 50 50.25 50.5 51 51.25 51.25 51.25 50.75 50.25 49.75 48.75 49 49 49 48.75 48.25 48 48 48 48.25 47.5 48 47.75 47.5 47 46.25 46.25 45.5 44.25 44.5 44 42.75 40.75 40 38.75 37.5 36.75 35.5 35.25 34.5 33.75 33.5 32.5 31.75 31.5 30.75 30.5 30 29.5 29 28.5 28.5 29 29 28.75 29.75 29.5 28.75 28 27.25
-9999 -9999 -9999 -9999 -9999 -9999 -9999 -9999 -9999 -9999 -9999 -9999 -9999 -9999 -9999 -9999 -9999 -9999 -9999 -9999 49 50 50.25 51 51 51.5 51.75 51.25 51.25 50.75 50.5 50 50 49.5 49 48.75 48.75 48.5 48.75 48.75 49 49.25 48.75 49 48.25 48 48 47.5 47 46.75 46.25 46 44.5 43.25 42 40.25 39.25 38.25 37.25 36 35 34.75 34 33.25 32.75 31.75 32 31.5 31 30.5 30 29.5 29.25 29 29 29 29.5 30 30 29.5 28.5 27.75
-9999 -9999 -9999 -9999 -9999 -9999 -9999 -9999 -9999 -9999 -9999 -9999 -9999 -9999 -9999 -9999 -9999 -9999 -9999 -9999 -9999 50.25 51 51 52 52 51.75 52 52 51.25 51 50 50 50 49.75 49.75 50 49.75 50 50 50.25 50 49.5 49.5 49.5 49.25 48.5 48.5 47.75 46.5 47 46.5 45.25 44.25 42.75 40.75 39.5 38.25 37.25 36.5 35 35 34 33.5 32.75 32.5 32 31 30.75 30.25 29.5 29.5 29.5 29.5 29.5 29.5 30 29.25 29 29 28.75 28.25
-9999 -9999 -9999 -9999 -9999 -9999 -9999 -9999 -9999 -9999 -9999 -9999 -9999 -9999 -9999 -9999 -9999 -9999 -9999 -9999 -9999 51 51 51.5 52 52.75 53 52.25 52 51 51 51 50.5 50.75 50.75 50.25 51 50.75 50.5 51.25 51.25 51 50.75 50.5 50 49.75 49.25 49.25 48.5 46.75 47 46.5 45.5 44.25 42.5 41.5 40.25 38.75 37.75 36.75 36.25 35.5 34.5 34.25 33.25 33 32.5 31.25 31 30.25 30.5 30.25 29.75 29.5 30.25 30.25 29.75 29.5 29.5 29 29 28.75
-9999 -9999 -9999 -9999 -9999 -9999 -9999 -9999 -9999 -9999 -9999 -9999 -9999 -9999 -9999 -9999 -9999 -9999 -9999 -9999 -9999 -9999 51.33333 51.75 52 52.5 52.75 52.25 52 51.75 51 51 51 51 51 51.25 51.5 51.75 52.25 52 52.25 51.75 51 51.25 51 50.25 50 49.25 49 48.5 47.5 46.75 45.75 45 43.5 41.75 40.75 39.5 37.75 37.25 36.75 35.75 35 34.5 33.75 33.25 32.5 32 31.25 31 30.5 30 30 30 30.25 30.25 30.25 30 30 29.25 29 29
-9999 -9999 -9999 -9999 -9999 -9999 -9999 -9999 -9999 -9999 -9999 -9999 -9999 -9999 -9999 -9999 -9999 -9999 -9999 -9999 -9999 -9999 51 52 52 52.5 52.25 52 52 51.5 51.25 51 51 51.75 51.75 52 52 52.25 52.75 52.25 52.5 52.5 52.5 52.25 51.75 51 50.5 50 49.5 49 48 47 46 45.25 43.5 41.75 40.75 39.5 38.5 37.5 36.75 36.25 35.75 35 34.75 33.25 33.25 33 32 31 31.25 30.75 31 30.5 30 30 30 30 29.5 29 29 29
-9999 -9999 -9999 -9999 -9999 -9999 -9999 -9999 -9999 -9999 -9999 -9999 -9999 -9999 -9999 -9999 -9999 -9999 -9999 -9999 -9999 -9999 52 52 52 52 52 52 52 51.25 51.5 51.25 51.75 51.75 52 52.25 52.5 53.5 52.75 53.25 53.25 53.5 53.5 53 52.5 51.5 51 50.75 49.75 49.25 48.75 47.25 46.25 45 43.75 42.75 41.25 39.75 38.5 38.25 37.25 36.75 36.25 35.25 34.75 33.75 33.25 32.5 32.5 31.25 31.25 31 31 30 30.25 30.75 30 30.25 30 30 29.75 29.25
-9999 -9999 -9999 -9999 -9999 -9999 -9999 -9999 -9999 -9999 -9999 -9999 -9999 -9999 -9999 -9999 -9999 -9999 -9999 -9999 -9999 -9999 -9999 51.25 52 52 51.75 51.5 51.5 51.5 51.75 52 52 52 52 52.5 53.5 54 54 55 54.25 54.75 54 53.5 52.75 52.5 51.75 51 50.25 49.5 48.5 47.75 46.5 45 44 43 41.5 40.25 39.25 38.75 38 37 36.25 35.5 35 34.25 33.25 33 31.75 31.25 31 31 31.25 31 31.25 31 30.5 30.25 30 30 30.25 29.75
-9999 -9999 -9999 -9999 -9999 -9999 -9999 -9999 -9999 -9999 -9999 -9999 -9999 -9999 -9999 -9999 -9999 -9999 -9999 -9999 -9999 51 52 51.5 51.75 51.75 52 51.25 51.5 51.5 51.75 51.75 52 52 52 53.25 54 54.25 54.75 56 55.75 55.5 54.75 54.25 53.25 53 52 51.25 50.5 50 49 47.75 46.5 45.75 44.25 43.25 42.25 40.75 39.75 39 37.75 36.75 36.25 35.75 34.75 34 33.25 32.75 32 31.5 31 31 31 31 31.25 31.25 31 30.5 30.75 30.5 30.25 30
-9999 -9999 -9999 -9999 -9999 -9999 -9999 -9999 -9999 -9999 -9999 -9999 -9999 -9999 -9999 -9999 -9999 -9999 -9999 -9999 -9999 52 52 52 51.75 51.75 51.5 51.25 51.75 52 52 52 52 52.25 52.75 54 54 54.75 54.25 55.5 55 55 55 54.5 54 53 52.5 51.75 51 50.5 49.5 48.25 47.5 46 45 43.25 42.25 41.25 40.25 39.25 38.5 38 37.75 36.75 35.5 33.75 32.5 32.5 32 31.75 31.25 31 32 31.75 31.75 31.75 31 31 31 30.75 30.75 30.25
-9999 -9999 -9999 -9999 -9999 -9999 -9999 -9999 -9999 -9999 -9999 -9999 -9999 -9999 -9999 -9999 -9999 -9999 -9999 -9999 -9999 51.5 51.75 52 52 52 52 52 52 52 52 52 52 52.5 53.25 53.5 54.5 55 55.5 56 56 55.75 55.25 54.75 54 53.75 52.25 52 51.25 50 49.5 48.25 47.25 46.5 44.75 43.75 42.75 41.5 40.75 40 39.25 38.75 38.75 37.75 35.5 33.75 32.75 32 31.5 31.5 31.25 31.5 32 32 32 32.25 31.5 31.25 31.25 31.5 31.25 30.75
-9999 -9999 -9999 -9999 -9999 -9999 -9999 -9999 -9999 -9999 -9999 -9999 -9999 -9999 -9999 -9999 -9999 -9999 -9999 -9999 52 52 51.75 52 52 52 52 52 52 52 52 52 52.5 52.75 53.75 54.75 54.75 55 55.5 56 56 55.75 55.25 54.75 54.75 53.75 52.75 52 51.25 50.5 49.75 49 47.75 46.25 45 44 43.25 42 40.75 39.75 39.25 39.5 39 38.25 35.5 33.25 32.25 31.5 32 31.5 31.25 32 32 32 32.5 32.25 32.25 32 31.75 31.5 31.5 30.75
-9999 -9999 -9999 -9999 -9999 -9999 -9999 -9999 -9999 -9999 -9999 -9999 -9999 -9999 -9999 -9999 -9999 -9999 -9999 -9999 52 52 52 52 52 52 52 52 52.25 52 52 52.5 53.25 53.5 53.75 54.25 55 55.5 56 56 56 56 55.5 55.25 54.75 54 53 53 52 50.75 50 48.75 48 47 45.5 44.25 43 42 40.75 40 40 39 38.25 37.25 34.75 33 31 32 31.5 32.25 32 32.25 32.25 32.75 33 33.25 33.5 32.75 32.75 32 31.5 31.5
-9999 -9999 -9999 -9999 -9999 -9999 -9999 -9999 -9999 -9999 -9999 -9999 -9999 -9999 -9999 -9999 -9999 -9999 -9999 -9999 -9999 52 52 52 52 52 52 52 52.25 52.25 52.25 53 53.75 54 54.5 54.25 55 55.5 55.75 56 56 56 56 55 54.75 54 53.5 52.75 52 51.25 50.5 49 48 46.75 45.5 44.5 43.75 42.75 41.5 40.5 40 38.5 37.75 36.5 35.5 33.5 32.75 32.25 32 32.25 32 32.25 33.25 32.75 33.5 33.75 34 33.75 33.5 33 32 31.25
-9999 -9999 -9999 -9999 -9999 -9999 -9999 -9999 -9999 -9999 -9999 -9999 -9999 -9999 -9999 -9999 -9999 -9999 -9999 -9999 -9999 52 52 52 52 52 52.25 52.75 52 52.25 52.25 53 53 53.5 54 53.75 54.75 55 56 56 56 56 55.75 55.5 55 54.25 53.75 53 52.25 51 50.25 49.5 48 47.25 46.25 45.25 44.25 42.75 41.5 40.5 39 38 37.25 36.5 35.25 34.25 33.5 32.5 32.5 32.5 32.25 32.75 33 33.5 33.5 34 35 35.5 34 33.5 32.25 31.25
-9999 -9999 -9999 -9999 -9999 -9999 -9999 -9999 -9999 -9999 -9999 -9999 -9999 -9999 -9999 -9999 -9999 -9999 -9999 -9999 -9999 52.66667 52.75 52.5 52.5 52.5 52.75 53 53 52.25 52 52.75 53.75 54 54.75 54.5 55 55 55 55.25 56 56 55.25 55 55 54.75 54 53.25 52.5 51.5 50.75 49.5 48.75 47.75 46.25 45.5 44 42.75 41.75 41 39.5 38 37.75 36.75 35.75 34.5 33.75 33.25 33 32.5 32.25 32.75 32.5 33 34 34.5 35.5 35.25 33.75 32.25 30.5 30
-9999 -9999 -9999 -9999 -9999 -9999 -9999 -9999 -9999 -9999 -9999 -9999 -9999 -9999 -9999 -9999 -9999 -9999 -9999 -9999 53 52.75 53 53 53 53 53 53 53 52.75 53 53 53.5 55 54.25 54 54.5 54.75 55.25 55.25 55.5 55 55.75 55.75 55 55 54.25 53 52.5 51.75 51 49.5 49 47.5 46.75 45.5 44.5 42.75 42 40.75 39.75 39 38 36.5 36.25 35 34.5 33.75 33.25 33 32.5 33 33.5 34 34.5 34.5 34.5 34.75 33.75 33.75 33 31.25
-9999 -9999 -9999 -9999 -9999 -9999 -9999 -9999 -9999 -9999 -9999 -9999 -9999 -9999 -9999 -9999 -9999 -9999 -9999 53 53 53.5 53 53.75 53 53.25 53 53 53 53 52.75 52.75 53.5 54 53.75 54 54.25 55 55 55 55.75 56.5 57 56.25 55.5 55 54 53.5 53 52 51 49.5 48.75 48.25 47 45.75 44.5 43 42 41.75 41.25 40 38.75 37.25 36.75 35.5 35 34.75 33.75 33 32 31.75 32 32 32.5 33.5 35 35.25 34.75 34.25 33.5 32.75
-9999 -9999 -9999 -9999 -9999 -9999 -9999 -9999 -9999 -9999 -9999 -9999 -9999 -9999 -9999 -9999 -9999 53 53.33333 53.5 53.75 54 54 53.5 54 53.25 53.5 53 53 53 53 53 53 53.25 53.75 54 54.5 55 55 56 57.5 57.5 56.5 55.5 55 55 54.25 53.5 53 52 51.25 50 49 48.25 47.5 45.5 45 44 43.5 43 41.5 40.25 39.5 37.5 36.5 36.25 35.5 34.75 33.25 33 32.75 33 32.75 34 35.25 35 34.5 35 34.75 34.5 33.75 34
-9999 -9999 -9999 -9999 -9999 -9999 -9999 -9999 -9999 -9999 -9999 -9999 -9999 -9999 -9999 -9999 -9999 53.5 54 54 54.25 54.25 54.5 54 54 54 54 53.5 53 53 53 53 53 53.25 54 54.25 54.75 55 55.5 56.75 56 57.75 55.75 55 54.75 54.5 54 53.5 53 52 51 50.5 49.25 48 47.25 46.25 45.5 44.75 43.75 43.25 42 40.75 38.5 36.75 36.75 36.5 35.5 34.75 34.25 33.75 33.25 33 32.75 33 33.75 33.75 34 34 34.75 34.75 35 36.25
-9999 -9999 -9999 -9999 -9999 -9999 -9999 -9999 -9999 -9999 -9999 -9999 -9999 -9999 -9999 -9999 -9999 54.5 54.25 54.5 55 55 55 55 54.25 54.5 54 53.75 53.75 53 53.25 53.5 53.25 53.75 54 54 54.75 56 56.75 56.5 56.5 56.25 55.25 55 55 54 54 53.75 53 52 51.25 50.5 49.5 48.75 47.75 47 46 45.5 45 44 43 40.75 39 38.5 37 36 35.5 35 33.75 33.75 34.75 36 35.25 36 37.25 36.75 36 35.25 35.75 35.25 36.5 36
-9999 -9999 -9999 -9999 -9999 -9999 -9999 -9999 -9999 -9999 -9999 -9999 -9999 -9999 -9999 -9999 -9999 55 55 55 55.25 55.5 55.25 55.25 55 55 54.75 54 54.25 54 53.25 53 53.5 54 55 55.25 55.75 56.25 57 55.75 55.75 55.25 55 55 54.25 54.25 54 53 52.75 52 51 50.75 49.75 49 48 47.25 46.75 46 45 43.75 42.25 41.5 40.75 39.25 38.75 37.5 37.5 38.75 38.5 38.25 38.5 38 38.25 37.25 36.75 35.5 36.25 36.25 36.5 37 36.5 35.75
-9999 -9999 -9999 -9999 -9999 -9999 -9999 -9999 -9999 -9999 -9999 -9999 -9999 -9999 -9999 -9999 -9999 55 56 55.5 55.75 56 56 56 55.75 55.25 55 54.5 54.5 54 54 54 54.25 55.5 55.75 56 55.75 56 55.75 55.75 56 56 55.25 55 54.25 54 53.5 53 52.5 52 51.25 50.75 50 49 48.25 47.75 47.25 46.75 46.25 44.5 43.5 42 41.75 42.25 42.25 42 41.75 41.5 40.75 40 39.75 39 38 37.5 37.5 38 38.5 38.25 37.5 37.5 36.75 36
-9999 -9999 -9999 -9999 -9999 -9999 -9999 -9999 -9999 -9999 -9999 -9999 -9999 -9999 -9999 -9999 -9999 56.5 56.5 56.25 56.75 56.75 56.5 56.5 56.25 56 56 55.25 55.25 55 54.25 54.5 55 55.75 55.5 55.5 56 56 55.75 56 55.5 55.25 55 54.25 54 54 54 53 52.75 51.75 51.25 51 50.25 49.75 49 48 48 47 46.25 45 45.25 44.25 43.75 43.75 43.75 43.5 43.25 43 42.25 41.5 40.25 40 39.5 39 39.25 39.25 38.75 38.5 38 37 37 37
-9999 -9999 -9999 -9999 -9999 -9999 -9999 -9999 -9999 -9999 -9999 -9999 -9999 -9999 -9999 -9999 -9999 56.75 57.5 57.25 57.75 57.75 57.5 57.5 56.75 56.75 56.25 56 55.75 55.25 55.25 55 55.5 55 55.25 56 56 56 56 55.5 55.25 55 55 54.5 54 53.25 53 53 52 51.75 51 51 50 50 48.75 48.25 47.75 47.5 47.25 46.5 45.75 45.75 45.25 44.75 44.25 44 43.75 43 42 41.75 40.75 40.75 40.75 40 40 40 40 39.5 38.25 38 37.5 38
-9999 -9999 -9999 -9999 -9999 -9999 -9999 -9999 -9999 -9999 -9999 -9999 -9999 -9999 -9999 -9999 -9999 57.66667 58 58 58.25 58.25 58.25 58 57.25 57.25 56.75 56 56 56 56 55.5 55.5 55.5 56 56 56.25 56 55.5 55.25 55 55 55 54.5 54 54 53.5 53 52.25 52 51.25 51.25 50.25 49.5 49.25 48.75 48 47.5 47.25 47 46 46 45.75 45.25 44.75 44.25 43.75 43.5 42.75 42 42.75 41.5 41.75 40.25 40.25 39.75 39.75 39.5 39 39 38.5 38.25
-9999 -9999 -9999 -9999 -9999 -9999 -9999 -9999 -9999 -9999 -9999 -9999 -9999 -9999 -9999 -9999 -9999 58.5 58.75 59 59.25 59 59 58.5 58.5 58 57.5 57.25 57 56.5 56.25 56 56 56 56 56 56 56 55.5 55 55.25 55.25 54.75 54.25 54 53.5 53.25 52.75 52 52 51 50.5 50 49.75 49.75 49 48.75 48.25 47.25 47 47 46.75 46 45.25 44.5 44.25 44 43.5 43.25 43 42.25 41.75 41.25 41 39.75 39.75 39.5 39.25 39 39 38.25 37.75
-9999 -9999 -9999 -9999 -9999 -9999 -9999 -9999 -9999 -9999 -9999 -9999 -9999 -9999 -9999 -9999 -9999 59 60 60.5 60.25 60.5 60 59 58.5 58.5 58 57.25 57.25 57.25 56.75 57 56 56.5 56 56 56 55.75 55.5 55.5 55 55 55 54.5 54.5 54 53 53 52 52 51.5 51 50.25 50 49.5 49 48.75 48.75 48.25 47.5 47.25 46.5 46.25 45.25 44.5 44.25 43.75 43 42.5 43 42.25 42 40.5 40 40.5 40 39.5 39 39.75 39.25 38.5 38.25
-9999 -9999 -9999 -9999 -9999 -9999 -9999 -9999 -9999 -9999 -9999 -9999 -9999 -9999 -9999 -9999 -9999 -9999 60.5 -9999 -9999 61 60.66667 60 59.5 58.75 58.25 57.75 57.5 58 57.5 57.25 57 57 56.75 56.25 56 55.75 56 56 56 55 55 54.75 54 53.5 53 52.75 52 51.75 51 51 51 50 50 49 49 48.75 48 48 47.5 47.5 47 46.5 45.75 45 43.5 42.5 42.5 42.5 42.75 43 41.75 40.75 40.25 39.75 39 39.5 38 39 39 38
-9999 -9999 -9999 -9999 -9999 -9999 -9999 -9999 -9999 -9999 -9999 -9999 -9999 -9999 -9999 -9999 -9999 -9999 61 61.66667 62.25 62 61.5 60.75 60 58.5 58 58.25 58.5 58.25 58 57.75 57.5 57 57 57 56.5 56.5 56 56 55.5 55 55 55 54 54 53.25 52.75 52.25 51.25 51 51 50.5 50.25 50 49.75 49 48.75 49 48.5 48 47.5 47 46.5 46 45.75 44 43 43.5 43.75 44 43.5 43.25 42.5 41.75 41.5 40.25 40.5 39.75 39.5 39 39.25
-9999 -9999 -9999 -9999 -9999 -9999 -9999 -9999 -9999 -9999 -9999 -9999 -9999 -9999 -9999 -9999 -9999 62 62 63.25 62.75 62.25 61.75 61.25 60.25 60 60 59.75 59.25 59.25 58.5 58 57.75 57.5 57 56.75 56.5 56.75 56.25 56 55.75 55.5 55 55 54 54 53.25 52.75 52 51.75 51 50.75 50.25 50.5 50 50 49.75 49 49 48.75 48.75 48 48 46.75 45.75 45.5 45 44.5 45.25 45.5 45 45 45 44.5 43.75 43 42 41.5 40.75 40.5 41.5 40.75
-9999 -9999 -9999 -9999 -9999 -9999 -9999 -9999 -9999 -9999 -9999 -9999 -9999 -9999 58 60 60 62 63 63.5 62.75 63 62 61.75 61.5 61 60.25 60 60 59.25 59 58.25 58 57.75 57.5 57 57 56.25 56.25 55.75 55.5 55.25 55.25 54.75 54.75 54 53 53 52 51.75 51.25 51 51 50.5 50 50 50 49.75 49.5 49.25 49 48.25 48.25 48 47.5 47.75 47.5 47 46.75 46.75 46.5 45.75 45.25 45 45 44.25 43.25 42.75 42.5 42 42.25 41
-9999 -9999 -9999 -9999 -9999 -9999 -9999 -9999 -9999 -9999 -9999 -9999 -9999 57 58.75 60.25 61 62.5 62.75 63.25 63 62.5 62.5 62.25 62 61 61 61 60.5 60 59.25 59 58.75 58.25 57.5 57.5 57.25 56.25 56.5 56 55.5 55 55 55 54.25 54 53 52.75 52 51.75 51.25 50.75 51 50.5 50.5 50 50.25 50 49.75 49.5 49.75 49.25 49.25 48.75 49 48.5 48 47.75 48.25 48 47.5 47.5 45.75 45.5 45.5 44.5 44.75 43.75 43.25 43.25 43.75 42.75
-9999 -9999 -9999 -9999 -9999 -9999 -9999 -9999 -9999 -9999 -9999 -9999 56 57.25 58.75 60.25 60.75 62.5 63 63 63.5 63 62.5 61.25 62 61.75 61.5 61.25 60.75 60 59.75 59.25 58.5 58.25 58 57.75 57.5 56.5 56.5 56 55.5 55.25 54.75 54.5 54.25 53.75 52.75 52 52 52 51.75 51.5 51 51 50.75 51 50.25 50 50.5 50.5 50.75 50.5 50.75 50.25 50 49.75 50 49 48.5 48.25 48 47.75 47 45.5 45.5 46.25 45.75 45.25 43.75 44 44 44
-9999 -9999 -9999 -9999 -9999 -9999 -9999 -9999 -9999 -9999 54 -9999 57 57.75 58.5 59.75 61 62.75 63.25 63.25 63.5 63 62.5 62.25 62.25 62.25 61.75 61.5 60.75 60.75 60 59.25 59 58.25 58.25 58 57.25 56.75 56.25 55.75 55.25 55.25 55 54.5 54 54 52.75 52.5 52.25 52 52 51.5 51 51 50.5 51.75 51.25 50.5 51 51.25 51.5 51.75 51.5 51 51 50.5 50 50.5 49.5 49.25 48.75 48 47.75 47.5 46.75 46.75 46.25 46 45 44.75 44.75 44.75
-9999 -9999 -9999 -9999 -9999 -9999 -9999 -9999 -9999 -9999 -9999 54.5 56.5 57.5 58.75 60.5 61.25 62.75 63.75 64.25 64 63.5 62.75 63 63.5 62.75 62.75 62 61 60.75 60.25 60 60 59 58.75 57.75 57 57 56.5 55.5 55.5 55 55 54.25 54 53.5 52.75 52.75 52.25 52 51.75 52.25 51.75 51.5 51.75 52 51.5 51.75 52 52 51.25 51.75 52 51.75 52 51.5 50.75 50.5 49.75 50.25 49.5 49.5 48.75 48 47.5 47 47 46.75 47 46 45.75 45.5
