layers/wordclim/past/Iberia_miroc_10_ascii/bio_10.asc
ncols         205
nrows         142
xllcorner     -11.010633712694
yllcorner     33.273793250999
cellsize      0.083333333333334
NODATA_value  -9999
[rows 68 to 101 of 142, columns 77 to 153 of 205]
212.25 204.75 207.25 215 215 207.25 202.25 199.75 203.5 208 208 209.75 211.75 213.25 214.25 213.25 211.75 209 210 210.25 209 208.25 207.25 205.5 204.5 203.25 201.75 198.75 197.5 199.25 197.25 196.5 195.5 195.75 195.25 196 200.25 202.25 199.5 198.75 199.75 196 192.5 192.75 192 203.25 209.25 213 215.5 218.5 219.75 220 220.75 222.5 225 227.75 232 -9999 -9999 -9999 -9999 -9999 -9999 -9999 -9999 -9999 -9999 -9999 -9999 -9999 -9999 -9999 -9999 -9999 -9999 -9999 -9999
213.5 213.75 213.75 215.75 209.5 203.5 206.5 205.75 207 205.75 204.25 200 208.5 213.5 213.5 214.25 213.75 212.5 212.25 211.75 210.25 209 207.75 207 205.75 204.75 203.5 202.25 200.5 200.25 199.5 198.5 198.25 197.75 197 196.75 197 200.25 203 204.5 204.75 199.25 195.25 194 203.25 203.75 209.5 214.5 214 219 221.5 221.25 221.75 223 226.25 229.5 -9999 -9999 -9999 -9999 -9999 -9999 -9999 -9999 -9999 -9999 -9999 -9999 -9999 -9999 -9999 -9999 -9999 -9999 -9999 -9999 -9999
217.75 217 219.75 221.5 219 209.5 206.5 212.5 212 209.75 205.75 207.25 215.75 216 215.25 214.5 214 213.25 213 212 210.75 209.25 207.75 206 205.5 204.75 204.25 203 202.25 201.25 201.5 200.25 200.5 200.5 199.5 198.5 199.25 198.5 198 198 195.75 199.75 204.25 200 198.5 203.75 203.25 212.25 219.25 220.75 222.75 222.5 222.75 224.5 226.75 229.5 234 -9999 -9999 -9999 -9999 -9999 -9999 -9999 -9999 -9999 -9999 -9999 -9999 -9999 -9999 -9999 -9999 -9999 -9999 -9999 -9999
219.5 213.25 215.75 220 220.5 215 215.25 215.5 217.5 217.5 218.25 218 217 216 215.5 215 214 213.5 213 212.5 210 207.75 206 204 203.25 201.75 203 203.5 203.25 203.25 202.75 202.5 202.25 202.5 201 201.25 200.5 199.75 196 194 192.75 196 203.25 191.5 193 205.75 211.75 214.25 222 222.5 221.25 223.25 223.75 224.75 226.25 228.75 232.3333 -9999 -9999 -9999 -9999 -9999 -9999 -9999 -9999 -9999 -9999 -9999 -9999 -9999 -9999 229 226 224.5 223.75 225.3333 229
221 217.75 216 217.25 219 215.25 215 217.5 219 218.75 218.25 218 217.5 216.75 216 215.5 214.25 213.25 211.75 208.25 205.25 204 202 201 200.25 198.5 199.5 201.75 203 204 203.75 203.25 203 202.5 201.25 200 197 193.75 188.5 183 188 194.5 201 189 196.25 206.5 212 217.75 222.75 222.5 216 219 224.5 226.25 227.5 228.75 231.5 233.6667 236 -9999 -9999 -9999 -9999 -9999 -9999 -9999 -9999 -9999 -9999 -9999 224 218 215 213 218 220.25 224
221.5 225.25 220 219 221.25 217.5 220 218.25 218.25 218.5 218.25 218.25 217.25 217 216 214.25 212.25 210.5 207.25 206 202.5 199.75 198 196.25 196 193.5 194.25 198.75 202.75 204.25 204 204 203.75 202.25 198 192 190.25 185.25 184 186 189.5 192.25 195.5 186.5 192.75 201.75 210.25 215.5 219.75 219 211.75 207.5 222.75 226.25 227.25 229 230 231 232.75 235 -9999 -9999 -9999 -9999 -9999 -9999 -9999 -9999 228.6667 225 219.25 214.25 214.75 217.25 218.75 220.25 223.5
219.5 222.75 222.5 218.25 222 220.75 220.25 219.5 218.5 218.5 218.75 218.25 216.5 216.25 216.25 214.75 211.25 208 206 202.5 201.75 201 199 196.75 194.25 192.25 193.25 197 200.75 203.25 204.25 204 203.25 200.5 195.5 192.5 191.5 188.75 190 191.5 191.75 195.75 192.75 187.5 193.5 201.5 208.75 212 215.5 218.75 215.5 213.25 221.75 224.75 228 228.75 229.25 230 230.5 231.25 234 -9999 -9999 -9999 -9999 -9999 -9999 232 226.75 220.25 214.25 215.25 218.75 219.75 222.5 227 -9999
220.5 220.75 223.5 219.75 218.75 218.75 218.5 217 218.5 217.75 217.25 217 214 214.75 215.75 212.5 210.5 209.75 208.5 204 201.25 200.5 198.5 197.25 195.5 194.25 194.75 196 198.25 199.75 200.25 202 200 199 196.75 194.25 192.75 191.75 192.25 194.25 194.5 193 196 196.5 202.25 203.75 199.75 207.75 209.75 207.25 208.5 203.25 205.5 216 224.5 227.25 226 227.5 229.5 230.75 233 -9999 -9999 -9999 -9999 -9999 -9999 -9999 228.75 221.25 221.5 221 220.25 221 224.25 228.5 -9999
226.25 221.25 219.75 221.25 221.75 220.75 218.75 215.25 216.25 221.25 219.5 218.25 217.5 216.5 215.25 213.25 211.75 210.75 208.25 203.75 201.75 199.75 198 196.25 194.5 193.75 192.75 190.25 189.75 189.75 191.75 195.75 196.75 195.75 195.5 194.5 193.5 194 193.75 197 195 192.75 192.5 201.5 201 195.5 197.25 194.5 189.75 199.5 203.75 193.25 193.25 200.5 214.25 218.5 223.75 225.75 228.75 231 -9999 -9999 -9999 -9999 -9999 -9999 -9999 -9999 230 226.5 224.75 222 220 221.25 225.5 -9999 -9999
225.25 223.25 218.75 218.25 219 218.75 218.25 214.75 215.75 218 220 216.75 217 217.5 216 213.25 210.25 210.25 208.25 206 202 198.75 200 204 200.75 191.5 183.5 182 181 184 190 195.5 198.75 199 199 198.5 199 198.75 195.5 197.5 200.25 200.75 200.5 206.25 204.75 202.75 190.75 188.75 187.75 192.25 193 183.25 193.75 210.25 210.25 222.5 227 232.6667 -9999 229.5 231 234 -9999 -9999 -9999 -9999 -9999 -9999 228.75 224.25 224 220.5 220 216.25 224.25 -9999 -9999
219.5 217.75 221 221.5 222.25 221.25 218.25 219.5 225.75 221.25 221.25 217.5 216.75 215.25 214.25 213 209.5 210 210 207 204.25 207 204.5 205.25 191 180.75 178.25 185.5 191 193.5 196.25 199.75 200.75 203 205.25 206.25 206.5 204.25 201.5 197.25 198 204.25 205.75 203.5 207.5 200.75 192.25 200.5 191 195.5 195 208.75 207.5 221 227 231.6667 233 232.5 231 230.25 230.75 234.5 -9999 -9999 -9999 -9999 -9999 -9999 229.6667 223.75 222.5 222.75 223.5 225 228 -9999 -9999
225.5 217.75 215 215.5 218.25 221.25 225.5 228 221.25 218 213.75 214.25 216 215.25 214.25 213.75 213.75 213 210.25 205.5 210 211.25 208.75 197.5 186.5 187 185.5 190 194.75 196.75 201.75 205.5 207.75 210.5 211.5 211.75 209 204.25 205.75 205.75 205 204 199 198.75 206.75 208.75 196.25 199.5 208.5 215.5 211.5 223 228.25 228.75 228.5 234.5 231.25 230.75 230.25 230.75 231.5 236 -9999 -9999 -9999 -9999 -9999 -9999 -9999 229 225 229.5 229 -9999 -9999 -9999 -9999
227 226.75 218.75 218.75 213.25 216.5 221.75 230 219.5 215.75 213.75 208.25 215 213.75 217.75 219.5 218 213.5 212.5 214.25 216 213.25 204.5 206.75 199.75 183 187.75 201.25 205.75 207.25 209.75 209 213.5 212.5 213.75 214.25 212.5 210.5 211 206.5 206.25 197.5 204 204 208 215.25 214 217.5 221.25 225.25 228.25 231.25 233.25 233.5 233.25 232 231.25 231 231.25 231.5 234.6667 -9999 -9999 -9999 -9999 -9999 -9999 -9999 -9999 -9999 -9999 -9999 -9999 -9999 -9999 -9999 -9999
223.75 224 224.75 226.75 230 226.5 226.5 230.25 227.5 228.25 225.5 223.25 223.5 227 225.75 225.5 220.25 218.75 217 219.75 217.25 209.25 210.75 196.5 184.75 188.5 196.25 203 204.25 200.25 197.75 207 211.5 215 218 214.75 216 218.75 213 215 210 205.5 206.25 203.75 211.75 218 221 223.25 226.25 228 230.75 234.5 233.5 232.25 232 231.25 231.5 231.5 232.75 234.6667 -9999 -9999 -9999 -9999 -9999 -9999 -9999 -9999 -9999 -9999 -9999 -9999 -9999 -9999 -9999 -9999 -9999
225.25 222.25 224.25 223.75 232.5 227 229.5 235.25 230.75 233.25 235 234.25 233 232.75 232 226.5 221.75 218.5 223.25 219.5 208.25 200.25 204.5 185.5 181.75 195.25 182 195 187.25 185.25 186.25 195.75 206 216.75 220.5 219.75 222 223.25 220.75 214.25 204.75 211.5 216.5 214.25 217.5 224.25 226.75 227.5 228 230.25 234.25 233.25 234.75 234.25 231.5 231.75 233 234.25 236 -9999 -9999 -9999 -9999 -9999 -9999 -9999 -9999 -9999 -9999 -9999 -9999 -9999 -9999 -9999 -9999 -9999 -9999
230.25 234.5 234 229.75 234.5 236.75 237.25 235.5 236.25 240.25 240.25 237.25 237.5 236.75 230.5 227.25 227.5 225.5 219 214.75 202 205.25 195 181.75 179 183.5 181.25 186.75 184 180 186 189 204.5 213.25 216 217.75 215.5 210.75 220 224.5 222 224.5 226 227.25 228.75 229 228.75 228.75 228.5 228.75 233.25 232.5 232 234.5 233 233.3333 235 235.5 -9999 -9999 -9999 -9999 -9999 -9999 -9999 -9999 -9999 -9999 -9999 -9999 -9999 -9999 -9999 -9999 -9999 -9999 -9999
236 242 242.25 242.5 243.5 241 240.75 241.75 243.25 242.5 242 239 239.25 234.25 229.25 226.5 226 223.75 223.25 206.75 188.75 204 175 173.75 177 171 168.25 170.25 176 183 194.5 195.25 204.5 209.75 211.5 211 212.5 215.25 220.5 227.5 226.75 225.75 227.5 228 228.25 227.75 228.5 229.25 233 235 -9999 237 234.5 235 -9999 -9999 -9999 -9999 -9999 -9999 -9999 -9999 -9999 -9999 -9999 -9999 -9999 -9999 -9999 -9999 -9999 -9999 -9999 -9999 -9999 -9999 -9999
243.75 246 244.75 245.5 244.5 244 244.75 245 244.5 244 242.25 241.5 235.5 228.25 228.25 227.75 229.25 229 221.5 202.5 202 180.5 166 170.5 169.25 178.5 183 186.75 187 192 194.5 199.25 199 196.5 200.25 210 216.75 218 222.5 226 228.25 229.75 227.75 226 224.5 226.75 228.5 228.75 231.75 -9999 -9999 -9999 -9999 -9999 -9999 -9999 -9999 -9999 -9999 -9999 -9999 -9999 -9999 -9999 -9999 -9999 -9999 -9999 -9999 -9999 -9999 -9999 -9999 -9999 -9999 -9999 -9999
245.5 245 242 242 243.25 240.5 242.25 244.5 242.25 243 241.75 240.75 239 237.75 236 234 231.75 225.75 216 198 181 168.75 171 187.5 180.75 186.5 194.25 192 186.75 190.5 194.75 197 201.25 199 189.75 206 200.5 214 220.25 225.75 224.25 220 220.25 221 222.75 225.5 227.75 228.75 230.25 237 -9999 235 -9999 -9999 -9999 -9999 -9999 -9999 -9999 -9999 -9999 -9999 -9999 -9999 -9999 -9999 -9999 -9999 -9999 -9999 -9999 -9999 -9999 -9999 -9999 -9999 -9999
241.75 241.5 240 240.75 241 241 240 240.5 240 241.75 239.75 234 228.5 226.5 223.5 228.25 228.5 223.5 205.25 175.75 185.5 187 190.25 197.5 196 194.25 195.5 191.75 189.5 192 200.25 202 206.75 205.25 204.75 198.5 199.25 218.5 223.75 210.25 215 221.5 223.75 225 226.5 228 227.75 228 229.25 232.5 233.25 233 -9999 -9999 -9999 -9999 -9999 -9999 -9999 -9999 -9999 -9999 -9999 -9999 -9999 -9999 -9999 -9999 -9999 -9999 -9999 -9999 -9999 -9999 -9999 -9999 -9999
241.25 240.5 237.5 239.5 239 238.75 236.5 231 220 232.5 236 221.5 199 185.5 208.25 219.5 218.5 223.5 212.25 195.75 203 204.5 203.75 205.75 202.75 199.25 196.75 192.25 191.25 193.5 191.25 199.5 211 212.5 212.5 208.25 218.25 223 223 221.75 223.25 224.25 226 226.75 228 228.5 227.5 226.75 228.75 231 231.75 234 -9999 -9999 -9999 -9999 -9999 -9999 -9999 -9999 -9999 -9999 -9999 -9999 -9999 -9999 -9999 -9999 -9999 -9999 -9999 -9999 -9999 -9999 -9999 -9999 -9999
237.5 236.75 237.25 236 236.25 234 232.5 228.75 216.5 211.25 213.5 220.25 213.5 201 208.25 204.75 210 212 215.75 211.5 206.75 209.75 209.5 206.25 199 186.75 189 184.75 179 188.75 201.5 202.5 203.75 208.75 216.5 219.25 216.25 216 223.75 220.25 221.25 222.25 226 226.75 227 227 226.5 227 228.75 231 232.75 -9999 -9999 -9999 -9999 -9999 -9999 -9999 -9999 -9999 -9999 -9999 -9999 -9999 -9999 -9999 -9999 -9999 -9999 -9999 -9999 -9999 -9999 -9999 -9999 -9999 -9999
230.75 227.75 228.5 229.25 231.75 231.5 221.25 224 212 196.25 200.5 208.75 199 203.75 206.5 207.5 208 213.5 219 214.5 213.25 209.25 211.5 205 198.75 193 187.5 190.25 191.75 192 194 199.5 205 213.5 218.25 213.5 206.75 218.25 224.75 226.5 224.75 219.25 225.25 224.5 223.25 224.75 226.5 228.75 231.5 233 -9999 -9999 -9999 -9999 -9999 -9999 -9999 -9999 -9999 -9999 -9999 -9999 -9999 -9999 -9999 -9999 -9999 -9999 -9999 -9999 -9999 -9999 -9999 -9999 -9999 -9999 -9999
230.5 228 212 212.75 224.75 225.5 223 216.5 207.5 198.75 200.25 207.75 206.25 206.75 201.25 203.25 203.5 210.75 208.5 207.5 201.75 203 207 200 190 187 188.5 191.75 196.25 197.75 201.5 203.75 208.25 213.75 216 212.25 213.75 223.75 229 230.5 232 224 230.5 228.5 228 230.3333 228 233 -9999 -9999 -9999 -9999 -9999 -9999 -9999 -9999 -9999 -9999 -9999 -9999 -9999 -9999 -9999 -9999 -9999 -9999 -9999 -9999 -9999 -9999 -9999 -9999 -9999 -9999 -9999 -9999 -9999
227.25 223 217.5 215 216.75 214 213.25 209.5 212.5 210.75 211 206.25 213 210 200.5 203.5 208.75 206.75 198 192.5 179.25 187 199.5 198 194.5 193.5 197.25 202 209.75 211 212.5 216.25 216.5 220 220 224.75 226.25 228.5 231.3333 234 -9999 -9999 -9999 -9999 -9999 -9999 -9999 -9999 -9999 -9999 -9999 -9999 -9999 -9999 -9999 -9999 -9999 -9999 -9999 -9999 -9999 -9999 -9999 -9999 -9999 -9999 -9999 -9999 -9999 -9999 -9999 -9999 -9999 -9999 -9999 -9999 -9999
226.25 223.75 220.5 213.25 215.75 211.5 210.75 202.5 207 213.75 214.75 216.75 200 188 188.5 200 206.25 204 190.75 177.5 161.75 171.25 185.75 190.25 195.25 197.25 202.5 207.75 211.25 214.75 216.25 219 217.25 222.75 224.25 228.25 230.3333 232 -9999 -9999 -9999 -9999 -9999 -9999 -9999 -9999 -9999 -9999 -9999 -9999 -9999 -9999 -9999 -9999 -9999 -9999 -9999 -9999 -9999 -9999 -9999 -9999 -9999 -9999 -9999 -9999 -9999 -9999 -9999 -9999 -9999 -9999 -9999 -9999 -9999 -9999 -9999
223.25 222.5 218 220 218.5 212.75 215.5 215.5 217 218.75 218.75 216.25 197.25 187.5 186.5 188.75 195.75 198.75 196 190 181.25 165.5 163 165 164 169.5 175.75 192 200.5 202.75 211 219.25 224 225.75 228.25 232 -9999 -9999 -9999 -9999 -9999 -9999 -9999 -9999 -9999 -9999 -9999 -9999 -9999 -9999 -9999 -9999 -9999 -9999 -9999 -9999 -9999 -9999 -9999 -9999 -9999 -9999 -9999 -9999 -9999 -9999 -9999 -9999 -9999 -9999 -9999 -9999 -9999 -9999 -9999 -9999 -9999
218.75 214.75 209.25 212.5 214.25 214.25 217.5 216.25 216.25 216 217.75 217.75 208.5 193 174 152.5 167.25 183.75 183.75 184.75 191.5 197 194.75 186.5 186.75 192.5 199 199.75 205.75 207.75 210.5 218.5 223.75 228 231 -9999 -9999 -9999 -9999 -9999 -9999 -9999 -9999 -9999 -9999 -9999 -9999 -9999 -9999 -9999 -9999 -9999 -9999 -9999 -9999 -9999 -9999 -9999 -9999 -9999 -9999 -9999 -9999 -9999 -9999 -9999 -9999 -9999 -9999 -9999 -9999 -9999 -9999 -9999 -9999 -9999 -9999
217.5 213.75 208.5 204.25 192.5 187.25 205 207.75 206.5 208.5 210.5 209 190.75 159 133.75 121.25 130.75 143.75 152.25 156.25 160 173.25 191 205 206.5 207.25 210.25 208.25 208.75 210.25 213.75 210 215 230.25 -9999 -9999 -9999 -9999 -9999 -9999 -9999 -9999 -9999 -9999 -9999 -9999 -9999 -9999 -9999 -9999 -9999 -9999 -9999 -9999 -9999 -9999 -9999 -9999 -9999 -9999 -9999 -9999 -9999 -9999 -9999 -9999 -9999 -9999 -9999 -9999 -9999 -9999 -9999 -9999 -9999 -9999 -9999
207 204.25 203 197 191 194.75 198.25 199.25 200.25 193 195.75 206.5 191.75 141.75 141 147.5 161.75 183.25 197 194 190.75 195.25 204 211.75 214 215.5 200.75 196.25 204 213 216 218.75 224.25 228.5 -9999 -9999 -9999 -9999 -9999 -9999 -9999 -9999 -9999 -9999 -9999 -9999 -9999 -9999 -9999 -9999 -9999 -9999 -9999 -9999 -9999 -9999 -9999 -9999 -9999 -9999 -9999 -9999 -9999 -9999 -9999 -9999 -9999 -9999 -9999 -9999 -9999 -9999 -9999 -9999 -9999 -9999 -9999
208 208 204.5 211 214.5 208 184.5 185.75 195.25 193.25 187.5 201.5 209.25 201.5 200 195.75 196.25 200.5 210.75 202.5 167.75 168.25 183.75 194 208 217.75 215 213.5 217.75 218.5 217.25 221.25 225 228.5 -9999 -9999 -9999 -9999 -9999 -9999 -9999 -9999 -9999 -9999 -9999 -9999 -9999 -9999 -9999 -9999 -9999 -9999 -9999 -9999 -9999 -9999 -9999 -9999 -9999 -9999 -9999 -9999 -9999 -9999 -9999 -9999 -9999 -9999 -9999 -9999 -9999 -9999 -9999 -9999 -9999 -9999 -9999
214.5 212.75 203.5 209 219.25 220.25 210.75 206 197.75 189 204.75 208.5 215 200.75 197.25 194.25 201.75 198.5 210.5 214 201.5 195.5 207.5 212.5 212.75 220.5 221.75 221.25 220.75 218 219 224.75 227.3333 -9999 -9999 -9999 -9999 -9999 -9999 -9999 -9999 -9999 -9999 -9999 -9999 -9999 -9999 -9999 -9999 -9999 -9999 -9999 -9999 -9999 -9999 -9999 -9999 -9999 -9999 -9999 -9999 -9999 -9999 -9999 -9999 -9999 -9999 -9999 -9999 -9999 -9999 -9999 -9999 -9999 -9999 -9999 -9999
221.5 219.75 216.5 215.5 218 223 224.25 220 222 219 221 222 223.5 217 217.25 218.75 222 222 222.25 222 220.25 221 220.75 221 221.75 224 225.5 226.25 220.5 219.25 224 227 -9999 -9999 -9999 -9999 -9999 -9999 -9999 -9999 -9999 -9999 -9999 -9999 -9999 -9999 -9999 -9999 -9999 -9999 -9999 -9999 -9999 -9999 -9999 -9999 -9999 -9999 -9999 -9999 -9999 -9999 -9999 -9999 -9999 -9999 -9999 -9999 -9999 -9999 -9999 -9999 -9999 -9999 -9999 -9999 -9999
218.5 223 225.5 227.5 227.75 230 231 230.6667 229.3333 231 231.5 232 232 223 226.5 231 -9999 -9999 -9999 229.3333 226 223 222.5 222.25 224.25 227.5 -9999 -9999 227 225 228 -9999 -9999 -9999 -9999 -9999 -9999 -9999 -9999 -9999 -9999 -9999 -9999 -9999 -9999 -9999 -9999 -9999 -9999 -9999 -9999 -9999 -9999 -9999 -9999 -9999 -9999 -9999 -9999 -9999 -9999 -9999 -9999 -9999 -9999 -9999 -9999 -9999 -9999 -9999 -9999 -9999 -9999 -9999 -9999 -9999 -9999
